title,avg_monthly_searches,competition_index,api_status,gate_passed,checked_at
Access Advisory,110.0,3.0,success,False,2026-08-21T00:59:10.591896+09:00
Access Allowance,70.0,23.0,success,False,2026-08-21T02:38:43.386978+09:00
Access Almanac,,,failed,False,2026-08-18T22:11:07.698009+09:00
Access Analyzer,480.0,9.0,success,False,2026-08-27T23:55:11.655418+09:00
Access Anchor,20.0,10.0,success,False,2026-08-18T07:52:55.085793+09:00
Access Asset,110.0,1.0,success,False,2026-08-23T13:46:35.892255+09:00
Access Assistant,390.0,9.0,success,False,2026-08-17T23:27:50.871251+09:00
Access Atlas,30.0,0.0,success,False,2026-08-17T20:48:06.680156+09:00
Access Badge,880.0,23.0,success,False,2026-08-21T00:24:59.301324+09:00
Access Balance,90.0,1.0,success,False,2026-08-23T13:46:30.859150+09:00
Access Base,210.0,1.0,success,False,2026-08-17T20:44:21.106446+09:00
Access Beacon,10.0,0.0,success,False,2026-08-17T20:34:16.019094+09:00
Access Bill,1000.0,1.0,success,False,2026-08-19T22:06:26.107612+09:00
Access Blueprint,,,failed,False,2026-08-18T22:10:59.912583+09:00
Access Board,880.0,2.0,success,False,2026-08-17T20:41:48.704350+09:00
Access Book,1000.0,11.0,success,False,2026-08-19T22:07:18.055706+09:00
Access Bridge,720.0,1.0,success,False,2026-08-18T07:52:44.350821+09:00
Access Brief,,,failed,False,2026-08-21T00:59:01.913298+09:00
Access Bulletin,,,failed,False,2026-08-21T00:58:57.845239+09:00
Access Cabinet,390.0,53.0,success,False,2026-08-27T23:12:56.649660+09:00
Access Calendar,390.0,4.0,success,False,2026-08-18T23:59:02.629298+09:00
Access Card,49500.0,7.0,success,False,2026-08-19T13:35:44.896452+09:00
Access Cascade,,,failed,False,2026-08-17T20:32:03.329355+09:00
Access Cash,1300.0,3.0,success,False,2026-08-21T02:23:00.928674+09:00
Access Center,3600.0,1.0,success,False,2026-08-17T20:36:35.862750+09:00
Access Chain,90.0,7.0,success,False,2026-08-17T21:34:46.886716+09:00
Access Charge,210.0,1.0,success,False,2026-08-21T02:38:35.767249+09:00
Access Check,880.0,18.0,success,False,2026-08-19T13:36:19.763333+09:00
Access Checker,880.0,18.0,success,False,2026-08-27T23:54:58.395846+09:00
Access Circular,,,failed,False,2026-08-21T01:00:08.450743+09:00
Access Cockpit,10.0,0.0,success,False,2026-08-17T23:13:09.056664+09:00
Access Code,12100.0,1.0,success,False,2026-08-19T22:06:44.272499+09:00
Access Codex,10.0,18.0,success,False,2026-08-18T22:11:24.179554+09:00
Access Companion,70.0,0.0,success,False,2026-08-17T23:29:16.727834+09:00
Access Comparison,10.0,1.0,success,False,2026-08-28T01:05:11.238913+09:00
Access Compass,110.0,1.0,success,False,2026-08-17T20:35:06.364440+09:00
Access Compendium,,,failed,False,2026-08-18T22:11:13.751205+09:00
Access Confirmation,170.0,0.0,success,False,2026-08-21T00:59:28.178022+09:00
Access Console,320.0,0.0,success,False,2026-08-17T20:33:46.243100+09:00
Access Core,170.0,2.0,success,False,2026-08-17T20:43:30.530213+09:00
Access Cost,170.0,3.0,success,False,2026-08-21T02:07:46.443072+09:00
Access Count,210.0,0.0,success,False,2026-08-27T22:47:50.980247+09:00
Access Counter,210.0,0.0,success,False,2026-08-18T23:59:57.747609+09:00
Access Dashboard,320.0,5.0,success,False,2026-08-17T23:28:58.984040+09:00
Access Deal,,,failed,False,2026-08-21T01:51:52.747806+09:00
Access Debt,140.0,30.0,success,False,2026-08-21T02:22:51.042353+09:00
Access Deck,50.0,6.0,success,False,2026-08-17T20:41:00.568700+09:00
Access Depot,70.0,5.0,success,False,2026-08-18T23:59:40.785220+09:00
Access Desk,140.0,7.0,success,False,2026-08-17T20:38:51.261946+09:00
Access Detail,170.0,0.0,success,False,2026-08-23T03:17:34.613762+09:00
Access Detector,,,failed,False,2026-08-27T23:55:06.367292+09:00
Access Diagram,170.0,2.0,success,False,2026-08-27T22:10:01.202227+09:00
Access Dial,50.0,1.0,success,False,2026-08-17T20:31:29.603433+09:00
Access Digest,,,failed,False,2026-08-19T20:48:20.425473+09:00
Access Directory,210.0,4.0,success,False,2026-08-18T23:59:11.751475+09:00
Access Discount,110.0,1.0,success,False,2026-08-23T16:13:10.832744+09:00
Access Dock,,,failed,False,2026-08-17T21:38:03.717082+09:00
Access Dossier,,,failed,False,2026-08-21T00:59:32.095317+09:00
Access Duty,40.0,0.0,success,False,2026-08-21T02:38:37.938007+09:00
Access Engine,210.0,1.0,success,False,2026-08-17T23:09:54.812310+09:00
Access Entry,480.0,2.0,success,False,2026-08-21T00:59:46.357323+09:00
Access Estimate,,,failed,False,2026-08-19T21:32:58.231654+09:00
Access Estimator,,,failed,False,2026-08-27T23:54:55.608336+09:00
Access Excerpt,,,failed,False,2026-08-21T01:01:52.955831+09:00
Access Extension,1000.0,1.0,success,False,2026-08-23T16:38:22.069097+09:00
Access Fare,210.0,3.0,success,False,2026-08-21T02:07:53.857202+09:00
Access Fee,880.0,0.0,success,False,2026-08-21T01:51:35.759053+09:00
Access Feed,20.0,0.0,success,False,2026-08-19T20:48:26.152213+09:00
Access File,720.0,1.0,success,False,2026-08-19T20:47:51.523685+09:00
Access Finder,20.0,0.0,success,False,2026-08-18T23:59:30.074918+09:00
Access Fine,20.0,1.0,success,False,2026-08-23T02:53:56.783780+09:00
Access Flag,50.0,6.0,success,False,2026-08-21T00:25:50.747055+09:00
Access Flow,390.0,12.0,success,False,2026-08-17T20:41:20.787117+09:00
Access Forge,20.0,0.0,success,False,2026-08-17T20:33:16.020559+09:00
Access Form,1300.0,1.0,success,False,2026-08-19T13:35:27.432298+09:00
Access Format,480.0,0.0,success,False,2026-08-23T13:06:17.940469+09:00
Access Frame,70.0,45.0,success,False,2026-08-17T20:45:22.370262+09:00
Access Fund,5400.0,3.0,success,False,2026-08-21T02:22:54.942838+09:00
Access Gate,2400.0,60.0,success,False,2026-08-17T21:31:33.014186+09:00
Access Generator,210.0,0.0,success,False,2026-08-27T23:34:22.055868+09:00
Access Grade,,,failed,False,2026-08-21T00:25:26.988508+09:00
Access Graph,480.0,0.0,success,False,2026-08-27T22:09:51.279815+09:00
Access Grid,390.0,1.0,success,False,2026-08-17T21:35:18.423759+09:00
Access Guarantee,30.0,0.0,success,False,2026-08-28T01:05:20.139067+09:00
Access Guard,260.0,29.0,success,False,2026-08-17T20:43:57.612589+09:00
Access Guardian,30.0,1.0,success,False,2026-08-28T00:24:39.235749+09:00
Access Guidebook,,,failed,False,2026-08-18T22:10:43.266214+09:00
Access Helpdesk,70.0,14.0,success,False,2026-08-27T22:47:53.351609+09:00
Access Helper,590.0,9.0,success,False,2026-08-28T00:24:44.523713+09:00
Access History,210.0,0.0,success,False,2026-08-19T20:47:43.737608+09:00
Access Hub,3600.0,3.0,success,False,2026-08-17T20:40:36.395454+09:00
Access Identifier,1000.0,3.0,success,False,2026-08-23T13:06:17.940469+09:00
Access Index,390.0,1.0,success,False,2026-08-19T21:32:55.348476+09:00
Access Insight,1600.0,15.0,success,False,2026-08-17T23:06:04.469497+09:00
Access Installment,,,failed,False,2026-08-23T16:13:14.533515+09:00
Access Item,170.0,19.0,success,False,2026-08-21T01:51:27.074379+09:00
Access Journal,390.0,9.0,success,False,2026-08-18T22:10:25.741480+09:00
Access Keeper,20.0,15.0,success,False,2026-08-17T20:45:46.874737+09:00
Access Lab,5400.0,9.0,success,False,2026-08-17T20:39:20.129592+09:00
Access Label,480.0,1.0,success,False,2026-08-27T22:09:58.164830+09:00
Access Ledger,140.0,1.0,success,False,2026-08-17T20:42:34.302604+09:00
Access Lens,140.0,6.0,success,False,2026-08-17T20:46:12.433556+09:00
Access Level,1000.0,5.0,success,False,2026-08-19T20:47:58.897100+09:00
Access Link,18100.0,0.0,success,True,2026-08-23T03:17:25.053866+09:00
Access List,1300.0,0.0,success,True,2026-08-19T22:06:56.710970+09:00
Access Loan,1900.0,37.0,success,False,2026-08-21T02:08:07.470140+09:00
Access Locator,,,failed,False,2026-08-18T23:59:20.806892+09:00
Access Lock,720.0,41.0,success,False,2026-08-17T20:48:40.258747+09:00
Access Log,2400.0,4.0,success,False,2026-08-19T13:35:17.832639+09:00
Access Loop,140.0,7.0,success,False,2026-08-17T21:36:24.237197+09:00
Access Manager,12100.0,2.0,success,False,2026-08-17T20:44:45.631544+09:00
Access Manual,140.0,13.0,success,False,2026-08-27T22:09:58.164830+09:00
Access Map,1300.0,0.0,success,True,2026-08-17T20:47:23.581270+09:00
Access Margin,,,failed,False,2026-08-23T02:53:54.584586+09:00
Access Memo,90.0,0.0,success,False,2026-08-21T00:25:35.006393+09:00
Access Message,170.0,2.0,success,False,2026-08-27T23:12:50.672441+09:00
Access Meter,260.0,18.0,success,False,2026-08-18T07:43:47.974817+09:00
Access Metrics,70.0,2.0,success,False,2026-08-17T23:28:41.981102+09:00
Access Monitor,720.0,6.0,success,False,2026-08-17T23:28:19.331420+09:00
Access Navigator,210.0,1.0,success,False,2026-08-17T23:07:52.950180+09:00
Access Nexus,110.0,0.0,success,False,2026-08-17T21:30:24.502544+09:00
Access Node,170.0,0.0,success,False,2026-08-17T21:32:45.123730+09:00
Access Note,210.0,1.0,success,False,2026-08-19T13:37:00.513744+09:00
Access Notification,90.0,0.0,success,False,2026-08-27T22:47:46.388657+09:00
Access Number,8100.0,0.0,success,True,2026-08-23T03:17:17.631472+09:00
Access Office,4400.0,16.0,success,False,2026-08-18T23:59:51.056306+09:00
Access Ops,40.0,0.0,success,False,2026-08-17T23:29:34.686853+09:00
Access Order,390.0,2.0,success,False,2026-08-19T22:06:12.556669+09:00
Access Organizer,50.0,30.0,success,False,2026-08-17T23:11:28.950122+09:00
Access Overdue,,,failed,False,2026-08-27T21:46:44.901733+09:00
Access Panel,27100.0,100.0,success,False,2026-08-17T20:32:41.344957+09:00
Access Pass,5400.0,1.0,success,False,2026-08-21T00:24:46.055669+09:00
Access Passport,210.0,1.0,success,False,2026-08-19T12:26:26.109725+09:00
Access Path,590.0,2.0,success,False,2026-08-17T21:32:05.797514+09:00
Access Penalty,10.0,0.0,success,False,2026-08-23T16:38:19.079152+09:00
Access Petition,,,failed,False,2026-08-21T00:59:15.258286+09:00
Access Pilot,20.0,0.0,success,False,2026-08-17T20:39:49.091027+09:00
Access Plan,1000.0,6.0,success,False,2026-08-21T01:51:47.599222+09:00
Access Planner,1000.0,6.0,success,False,2026-08-17T23:04:15.040980+09:00
Access Playbook,,,failed,False,2026-08-18T22:10:18.505365+09:00
Access Point,201000.0,100.0,success,False,2026-08-17T21:30:57.458125+09:00
Access Portal,2900.0,0.0,success,True,2026-08-17T20:34:38.143389+09:00
Access Preview,30.0,0.0,success,False,2026-08-28T01:05:14.146226+09:00
Access Profile,720.0,1.0,success,False,2026-08-19T13:37:39.358157+09:00
Access Profit,10.0,0.0,success,False,2026-08-23T02:53:47.851129+09:00
Access Proposal,20.0,0.0,success,False,2026-08-28T01:05:17.423675+09:00
Access Pulse,,,failed,False,2026-08-17T21:34:17.965302+09:00
Access Quota,,,failed,False,2026-08-21T00:25:43.310750+09:00
Access Radar,,,failed,False,2026-08-17T20:38:02.236902+09:00
Access Rail,2400.0,10.0,success,False,2026-08-17T21:36:52.396982+09:00
Access Rate,590.0,2.0,success,False,2026-08-19T20:48:06.706582+09:00
Access Recap,,,failed,False,2026-08-21T00:59:36.315785+09:00
Access Receipt,30.0,0.0,success,False,2026-08-19T22:06:35.304978+09:00
Access Recorder,10.0,0.0,success,False,2026-08-27T23:34:22.055868+09:00
Access Register,210.0,0.0,success,False,2026-08-17T23:14:46.249386+09:00
Access Registry,170.0,0.0,success,False,2026-08-18T22:10:51.704890+09:00
Access Relay,70.0,4.0,success,False,2026-08-17T20:37:03.531282+09:00
Access Reminder,10.0,0.0,success,False,2026-08-19T21:32:55.348476+09:00
Access Report,1300.0,11.0,success,False,2026-08-19T13:35:12.097075+09:00
Access Repository,10.0,0.0,success,False,2026-08-27T23:13:00.467969+09:00
Access Result,90.0,0.0,success,False,2026-08-28T00:47:27.580109+09:00
Access Roadmap,70.0,13.0,success,False,2026-08-18T22:11:34.911588+09:00
Access Roster,70.0,1.0,success,False,2026-08-19T00:37:44.150276+09:00
Access Route,390.0,0.0,success,False,2026-08-17T21:39:25.145394+09:00
Access Rule,720.0,3.0,success,False,2026-08-23T03:17:28.989211+09:00
Access Sale,110.0,27.0,success,False,2026-08-21T02:23:05.228659+09:00
Access Sample,70.0,0.0,success,False,2026-08-19T22:07:41.945033+09:00
Access Scale,50.0,55.0,success,False,2026-08-17T21:41:31.698252+09:00
Access Scanner,720.0,33.0,success,False,2026-08-27T23:55:03.182011+09:00
Access Scheduler,20.0,5.0,success,False,2026-08-17T23:28:06.508675+09:00
Access Scope,70.0,1.0,success,False,2026-08-17T21:37:26.190503+09:00
Access Score,590.0,19.0,success,False,2026-08-19T13:36:52.870932+09:00
Access Sentry,20.0,1.0,success,False,2026-08-17T20:46:49.856300+09:00
Access Sheet,260.0,0.0,success,False,2026-08-19T13:36:00.987511+09:00
Access Signal,,,failed,False,2026-08-17T21:40:49.556938+09:00
Access Slip,,,failed,False,2026-08-19T22:07:28.246340+09:00
Access Slot,40.0,3.0,success,False,2026-08-19T21:45:53.420711+09:00
Access Snapshot,30.0,1.0,success,False,2026-08-18T22:10:34.249457+09:00
Access Stage,1600.0,14.0,success,False,2026-08-28T00:47:24.969957+09:00
Access Stake,,,failed,False,2026-08-23T02:53:52.134740+09:00
Access Statement,1900.0,11.0,success,False,2026-08-21T00:25:13.031282+09:00
Access Station,140.0,2.0,success,False,2026-08-17T20:38:24.877008+09:00
Access Status,90.0,0.0,success,False,2026-08-19T20:47:33.785997+09:00
Access Stub,,,failed,False,2026-08-21T00:25:07.096192+09:00
Access Studio,390.0,1.0,success,False,2026-08-17T20:40:15.034726+09:00
Access Suite,1000.0,6.0,success,False,2026-08-17T23:27:38.183762+09:00
Access Sum,110.0,0.0,success,False,2026-08-21T02:22:45.760304+09:00
Access Summary,20.0,0.0,success,False,2026-08-19T21:32:49.180215+09:00
Access Surtax,,,failed,False,2026-08-23T15:51:24.556081+09:00
Access Sync,170.0,6.0,success,False,2026-08-17T20:42:10.144192+09:00
Access Tab,390.0,3.0,success,False,2026-08-21T00:25:54.977191+09:00
Access Table,880.0,6.0,success,False,2026-08-19T22:07:06.557200+09:00
Access Tag,320.0,91.0,success,False,2026-08-19T13:37:25.441438+09:00
Access Tally,,,failed,False,2026-08-21T00:25:21.406032+09:00
Access Tariff,10.0,0.0,success,False,2026-08-21T02:38:45.456500+09:00
Access Tax,480.0,8.0,success,False,2026-08-21T02:07:58.916446+09:00
Access Ticket,4400.0,8.0,success,False,2026-08-19T21:32:58.231654+09:00
Access Tier,90.0,0.0,success,False,2026-08-28T00:47:30.269850+09:00
Access Timeline,70.0,48.0,success,False,2026-08-19T21:32:52.200900+09:00
Access Timer,30.0,0.0,success,False,2026-08-28T00:24:32.431629+09:00
Access Toll,110.0,1.0,success,False,2026-08-21T02:38:41.018051+09:00
Access Toolbox,30.0,17.0,success,False,2026-08-28T00:24:41.812871+09:00
Access Toolkit,390.0,5.0,success,False,2026-08-18T22:10:10.353821+09:00
Access Total,170.0,1.0,success,False,2026-08-27T23:12:54.177935+09:00
Access Tracker,590.0,11.0,success,False,2026-08-17T20:43:01.991108+09:00
Access Trail,590.0,2.0,success,False,2026-08-17T21:35:52.306880+09:00
Access Trend,,,failed,False,2026-08-28T01:05:11.238913+09:00
Access Trial,210.0,1.0,success,False,2026-08-27T21:15:37.893274+09:00
Access Unit,210.0,7.0,success,False,2026-08-21T01:51:40.699894+09:00
Access Update,390.0,1.0,success,False,2026-08-19T20:48:09.734804+09:00
Access Value,140.0,0.0,success,False,2026-08-23T02:53:49.996059+09:00
Access Vault,260.0,4.0,success,False,2026-08-17T20:36:06.570384+09:00
Access Version,140.0,4.0,success,False,2026-08-23T03:17:21.558443+09:00
Access View,210.0,4.0,success,False,2026-08-19T20:47:36.057637+09:00
Access Voucher,30.0,2.0,success,False,2026-08-21T00:24:54.126348+09:00
Access Watch,720.0,11.0,success,False,2026-08-17T21:38:35.218560+09:00
Access Wave,880.0,7.0,success,False,2026-08-17T21:33:17.550972+09:00
Access Widget,22200.0,3.0,success,False,2026-08-27T23:12:54.177935+09:00
Access Workbench,10.0,0.0,success,False,2026-08-18T22:10:04.357387+09:00
Access Workshop,140.0,15.0,success,False,2026-08-28T00:24:36.830973+09:00
Access Zone,170.0,0.0,success,False,2026-08-17T20:35:36.002153+09:00
Accreditation Advance,,,failed,False,2026-08-23T16:17:15.012584+09:00
Accreditation Advisory,,,failed,False,2026-08-21T01:08:00.929637+09:00
Accreditation Alert,,,failed,False,2026-08-19T21:18:03.656517+09:00
Accreditation Allowance,,,failed,False,2026-08-21T02:38:04.709344+09:00
Accreditation Analyzer,,,failed,False,2026-08-27T23:56:32.424799+09:00
Accreditation Announcement,50.0,0.0,success,False,2026-08-27T23:34:39.372847+09:00
Accreditation Arrears,,,failed,False,2026-08-23T16:17:12.971292+09:00
Accreditation Assistant,110.0,3.0,success,False,2026-08-19T21:12:43.604286+09:00
Accreditation Atlas,,,failed,False,2026-08-19T21:11:59.918866+09:00
Accreditation Attribute,,,failed,False,2026-08-23T13:07:26.060181+09:00
Accreditation Badge,210.0,14.0,success,False,2026-08-21T00:32:57.061306+09:00
Accreditation Base,,,failed,False,2026-08-19T21:07:49.558493+09:00
Accreditation Bay,,,failed,False,2026-08-19T21:16:27.560091+09:00
Accreditation Beacon,,,failed,False,2026-08-19T21:05:15.949286+09:00
Accreditation Bill,,,failed,False,2026-08-19T21:47:55.928943+09:00
Accreditation Bin,,,failed,False,2026-08-19T21:18:24.331096+09:00
Accreditation Board,1000.0,1.0,success,False,2026-08-19T21:08:19.397533+09:00
Accreditation Book,,,failed,False,2026-08-19T21:49:05.079544+09:00
Accreditation Booth,,,failed,False,2026-08-19T21:15:54.238919+09:00
Accreditation Bridge,,,failed,False,2026-08-19T21:05:54.912887+09:00
Accreditation Brief,,,failed,False,2026-08-21T01:07:54.087465+09:00
Accreditation Bulletin,,,failed,False,2026-08-21T01:07:49.697646+09:00
Accreditation Cabinet,,,failed,False,2026-08-27T23:13:00.467969+09:00
Accreditation Calendar,,,failed,False,2026-08-19T21:14:34.800336+09:00
Accreditation Card,880.0,1.0,success,False,2026-08-19T21:29:07.329786+09:00
Accreditation Cascade,,,failed,False,2026-08-19T21:05:41.663242+09:00
Accreditation Cash,,,failed,False,2026-08-21T02:30:57.020640+09:00
Accreditation Cashback,,,failed,False,2026-08-27T21:14:04.974327+09:00
Accreditation Category,,,failed,False,2026-08-23T13:07:26.060181+09:00
Accreditation Center,260.0,2.0,success,False,2026-08-19T21:09:29.663933+09:00
Accreditation Charge,,,failed,False,2026-08-21T02:37:53.787359+09:00
Accreditation Chart,,,failed,False,2026-08-19T21:18:11.999906+09:00
Accreditation Check,590.0,1.0,success,False,2026-08-19T21:29:21.643935+09:00
Accreditation Checker,590.0,1.0,success,False,2026-08-27T23:56:30.078148+09:00
Accreditation Circular,10.0,0.0,success,False,2026-08-21T01:07:56.327187+09:00
Accreditation Code,50.0,0.0,success,False,2026-08-19T21:48:22.940977+09:00
Accreditation Companion,,,failed,False,2026-08-19T21:13:29.995507+09:00
Accreditation Comparison,,,failed,False,2026-08-28T01:07:41.597003+09:00
Accreditation Compass,,,failed,False,2026-08-19T21:05:03.787854+09:00
Accreditation Confirmation,10.0,0.0,success,False,2026-08-21T01:08:07.982267+09:00
Accreditation Console,,,failed,False,2026-08-19T21:10:07.849360+09:00
Accreditation Contribution,,,failed,False,2026-08-23T16:17:10.658953+09:00
Accreditation Copayment,,,failed,False,2026-08-23T16:37:08.695688+09:00
Accreditation Core,,,failed,False,2026-08-19T21:07:58.848698+09:00
Accreditation Cost,50.0,3.0,success,False,2026-08-21T02:13:43.743607+09:00
Accreditation Count,,,failed,False,2026-08-27T22:47:28.680273+09:00
Accreditation Counter,,,failed,False,2026-08-19T21:15:33.096576+09:00
Accreditation Coupon,,,failed,False,2026-08-27T21:13:56.719259+09:00
Accreditation Deal,,,failed,False,2026-08-21T01:57:10.227780+09:00
Accreditation Debt,,,failed,False,2026-08-21T02:30:47.137745+09:00
Accreditation Deck,,,failed,False,2026-08-19T21:08:29.245582+09:00
Accreditation Desk,480.0,2.0,success,False,2026-08-19T21:04:11.577084+09:00
Accreditation Detail,,,failed,False,2026-08-23T03:18:48.364198+09:00
Accreditation Detector,,,failed,False,2026-08-27T23:56:32.424799+09:00
Accreditation Directory,,,failed,False,2026-08-19T21:14:44.485943+09:00
Accreditation Discount,,,failed,False,2026-08-23T16:17:06.545040+09:00
Accreditation Dossier,,,failed,False,2026-08-21T01:08:12.622841+09:00
Accreditation Draft,,,failed,False,2026-08-19T21:30:56.024739+09:00
Accreditation Due,,,failed,False,2026-08-23T15:52:52.908788+09:00
Accreditation Duty,,,failed,False,2026-08-21T02:37:55.962761+09:00
Accreditation Endowment,,,failed,False,2026-08-23T15:52:54.963093+09:00
Accreditation Engine,,,failed,False,2026-08-19T21:12:33.528106+09:00
Accreditation Entry,,,failed,False,2026-08-21T01:08:27.933703+09:00
Accreditation Estimate,,,failed,False,2026-08-19T21:31:45.728679+09:00
Accreditation Estimator,,,failed,False,2026-08-27T23:56:27.794878+09:00
Accreditation Excerpt,,,failed,False,2026-08-21T01:08:23.538465+09:00
Accreditation Extension,,,failed,False,2026-08-23T16:37:14.050450+09:00
Accreditation Fare,,,failed,False,2026-08-21T02:13:47.898953+09:00
Accreditation Fee,260.0,0.0,success,False,2026-08-21T01:56:55.992066+09:00
Accreditation Feed,,,failed,False,2026-08-19T21:30:47.462824+09:00
Accreditation File,,,failed,False,2026-08-19T21:30:18.297847+09:00
Accreditation Fine,,,failed,False,2026-08-23T02:54:11.154631+09:00
Accreditation Flag,,,failed,False,2026-08-21T00:33:34.783519+09:00
Accreditation Flow,,,failed,False,2026-08-19T21:03:47.017770+09:00
Accreditation Form,320.0,1.0,success,False,2026-08-19T21:20:12.462826+09:00
Accreditation Format,320.0,1.0,success,False,2026-08-23T13:07:32.830763+09:00
Accreditation Frame,,,failed,False,2026-08-19T21:07:40.402937+09:00
Accreditation Fund,,,failed,False,2026-08-21T02:30:51.336298+09:00
Accreditation Gate,,,failed,False,2026-08-19T21:11:37.631930+09:00
Accreditation Generator,,,failed,False,2026-08-27T23:34:44.753648+09:00
Accreditation Giveaway,,,failed,False,2026-08-27T21:14:11.708321+09:00
Accreditation Grade,,,failed,False,2026-08-21T00:33:14.863078+09:00
Accreditation Grid,,,failed,False,2026-08-19T21:06:46.189471+09:00
Accreditation Guarantee,,,failed,False,2026-08-28T01:07:52.961175+09:00
Accreditation Guardian,,,failed,False,2026-08-28T00:25:53.963495+09:00
Accreditation Harbor,,,failed,False,2026-08-19T21:17:17.082757+09:00
Accreditation Helpdesk,,,failed,False,2026-08-27T22:47:28.680273+09:00
Accreditation Helper,50.0,74.0,success,False,2026-08-28T00:25:56.872854+09:00
Accreditation History,10.0,0.0,success,False,2026-08-19T21:30:12.319072+09:00
Accreditation Hub,30.0,0.0,success,False,2026-08-19T21:03:59.838072+09:00
Accreditation Identifier,,,failed,False,2026-08-23T13:07:23.083484+09:00
Accreditation Inbox,,,failed,False,2026-08-19T21:17:55.830991+09:00
Accreditation Incentive,,,failed,False,2026-08-27T21:14:09.355453+09:00
Accreditation Index,,,failed,False,2026-08-19T21:31:27.001536+09:00
Accreditation Installment,,,failed,False,2026-08-23T16:17:10.658953+09:00
Accreditation Item,,,failed,False,2026-08-21T01:56:59.891240+09:00
Accreditation Journal,,,failed,False,2026-08-19T21:14:12.923572+09:00
Accreditation Keeper,,,failed,False,2026-08-19T21:12:09.668415+09:00
Accreditation Kiosk,,,failed,False,2026-08-19T21:16:06.341907+09:00
Accreditation Kit,,,failed,False,2026-08-27T22:47:20.471641+09:00
Accreditation Lab,1900.0,17.0,success,False,2026-08-19T21:08:52.385641+09:00
Accreditation Label,,,failed,False,2026-08-27T22:08:06.352004+09:00
Accreditation Ledger,,,failed,False,2026-08-19T21:08:09.987838+09:00
Accreditation Level,170.0,0.0,success,False,2026-08-19T21:30:26.736781+09:00
Accreditation Line,,,failed,False,2026-08-19T21:19:14.051362+09:00
Accreditation Link,,,failed,False,2026-08-23T03:18:44.540602+09:00
Accreditation List,260.0,1.0,success,False,2026-08-19T21:48:37.941943+09:00
Accreditation Loan,,,failed,False,2026-08-21T02:13:55.363048+09:00
Accreditation Lobby,,,failed,False,2026-08-19T21:18:48.274039+09:00
Accreditation Locator,,,failed,False,2026-08-19T21:14:58.322778+09:00
Accreditation Locker,,,failed,False,2026-08-19T21:15:44.600624+09:00
Accreditation Log,,,failed,False,2026-08-19T21:20:00.703413+09:00
Accreditation Loop,,,failed,False,2026-08-19T21:06:37.485931+09:00
Accreditation Manager,590.0,2.0,success,False,2026-08-19T21:12:22.393942+09:00
Accreditation Manual,40.0,0.0,success,False,2026-08-27T22:08:10.673360+09:00
Accreditation Map,10.0,0.0,success,False,2026-08-19T21:07:29.278050+09:00
Accreditation Margin,,,failed,False,2026-08-23T02:54:08.933520+09:00
Accreditation Markup,,,failed,False,2026-08-23T16:37:06.410620+09:00
Accreditation Memo,,,failed,False,2026-08-21T00:33:20.736767+09:00
Accreditation Message,,,failed,False,2026-08-27T23:12:50.672441+09:00
Accreditation Monitor,,,failed,False,2026-08-19T21:13:19.288024+09:00
Accreditation Nexus,,,failed,False,2026-08-19T21:11:48.091080+09:00
Accreditation Note,,,failed,False,2026-08-19T21:29:36.124531+09:00
Accreditation Notification,,,failed,False,2026-08-27T22:47:20.471641+09:00
Accreditation Number,390.0,0.0,success,False,2026-08-23T03:18:36.305827+09:00
Accreditation Office,90.0,0.0,success,False,2026-08-19T21:15:22.705045+09:00
Accreditation Ops,,,failed,False,2026-08-19T21:13:52.940752+09:00
Accreditation Order,10.0,0.0,success,False,2026-08-19T21:47:43.048701+09:00
Accreditation Outpost,,,failed,False,2026-08-19T21:16:53.658254+09:00
Accreditation Overdue,,,failed,False,2026-08-27T21:46:13.321425+09:00
Accreditation Panel,20.0,0.0,success,False,2026-08-19T21:10:20.581807+09:00
Accreditation Passport,,,failed,False,2026-08-19T21:18:36.412771+09:00
Accreditation Path,,,failed,False,2026-08-19T21:07:08.840903+09:00
Accreditation Penalty,,,failed,False,2026-08-23T16:37:06.410620+09:00
Accreditation Petition,,,failed,False,2026-08-21T01:08:06.645069+09:00
Accreditation Plan,20.0,0.0,success,False,2026-08-21T01:57:06.498210+09:00
Accreditation Planner,,,failed,False,2026-08-19T21:12:53.220290+09:00
Accreditation Playbook,,,failed,False,2026-08-19T21:14:03.656959+09:00
Accreditation Point,,,failed,False,2026-08-19T21:07:19.840236+09:00
Accreditation Portal,720.0,1.0,success,False,2026-08-19T21:09:55.427058+09:00
Accreditation Post,,,failed,False,2026-08-19T21:16:39.026055+09:00
Accreditation Preview,,,failed,False,2026-08-28T01:07:44.108969+09:00
Accreditation Profile,,,failed,False,2026-08-19T21:29:51.150185+09:00
Accreditation Profit,,,failed,False,2026-08-23T02:53:56.783780+09:00
Accreditation Proposal,,,failed,False,2026-08-28T01:07:47.366767+09:00
Accreditation Quota,,,failed,False,2026-08-21T00:33:28.430853+09:00
Accreditation Radar,,,failed,False,2026-08-19T21:04:24.508436+09:00
Accreditation Rate,,,failed,False,2026-08-19T21:30:33.343002+09:00
Accreditation Recap,,,failed,False,2026-08-21T01:08:18.401082+09:00
Accreditation Receipt,,,failed,False,2026-08-19T21:48:11.031110+09:00
Accreditation Recorder,,,failed,False,2026-08-27T23:34:44.753648+09:00
Accreditation Redemption,,,failed,False,2026-08-23T16:37:11.760359+09:00
Accreditation Register,,,failed,False,2026-08-19T21:13:40.486879+09:00
Accreditation Registry,,,failed,False,2026-08-19T21:14:23.234492+09:00
Accreditation Relay,,,failed,False,2026-08-19T21:04:38.364310+09:00
Accreditation Reminder,,,failed,False,2026-08-19T21:31:19.157381+09:00
Accreditation Report,90.0,0.0,success,False,2026-08-19T21:19:49.170898+09:00
Accreditation Repository,,,failed,False,2026-08-27T23:13:00.467969+09:00
Accreditation Result,,,failed,False,2026-08-28T00:48:08.257780+09:00
Accreditation Roll,,,failed,False,2026-08-19T21:19:37.758100+09:00
Accreditation Roster,,,failed,False,2026-08-19T21:17:47.761016+09:00
Accreditation Route,,,failed,False,2026-08-19T21:10:39.923410+09:00
Accreditation Rule,,,failed,False,2026-08-23T03:18:44.540602+09:00
Accreditation Sale,,,failed,False,2026-08-21T02:30:59.342931+09:00
Accreditation Sample,30.0,0.0,success,False,2026-08-19T21:49:26.172736+09:00
Accreditation Scale,,,failed,False,2026-08-19T21:10:31.479524+09:00
Accreditation Scanner,,,failed,False,2026-08-27T23:56:30.078148+09:00
Accreditation Scope,720.0,0.0,success,False,2026-08-19T21:06:30.155036+09:00
Accreditation Score,,,failed,False,2026-08-19T21:29:28.610068+09:00
Accreditation Sheet,,,failed,False,2026-08-19T21:29:12.327035+09:00
Accreditation Signal,,,failed,False,2026-08-19T21:06:06.633142+09:00
Accreditation Signature,,,failed,False,2026-08-23T13:27:54.146441+09:00
Accreditation Slip,,,failed,False,2026-08-19T21:49:16.162945+09:00
Accreditation Slot,,,failed,False,2026-08-19T21:49:37.354385+09:00
Accreditation Stage,,,failed,False,2026-08-28T00:48:08.257780+09:00
Accreditation Stake,,,failed,False,2026-08-23T02:54:03.941195+09:00
Accreditation Stamp,40.0,22.0,success,False,2026-08-23T13:27:54.146441+09:00
Accreditation Statement,20.0,0.0,success,False,2026-08-21T00:33:05.849456+09:00
Accreditation Station,,,failed,False,2026-08-19T21:09:04.357233+09:00
Accreditation Status,320.0,0.0,success,False,2026-08-19T21:29:57.691182+09:00
Accreditation Stipend,,,failed,False,2026-08-23T13:48:04.421871+09:00
Accreditation Stub,,,failed,False,2026-08-21T00:33:01.322590+09:00
Accreditation Studio,,,failed,False,2026-08-19T21:08:42.108199+09:00
Accreditation Subsidy,,,failed,False,2026-08-23T15:52:54.963093+09:00
Accreditation Sum,,,failed,False,2026-08-21T02:30:41.751111+09:00
Accreditation Summary,,,failed,False,2026-08-19T21:31:05.316836+09:00
Accreditation Surtax,,,failed,False,2026-08-23T15:52:57.176155+09:00
Accreditation Tab,,,failed,False,2026-08-21T00:33:39.786796+09:00
Accreditation Table,,,failed,False,2026-08-19T21:48:50.657736+09:00
Accreditation Tag,70.0,1.0,success,False,2026-08-19T21:29:42.361641+09:00
Accreditation Tally,,,failed,False,2026-08-21T00:33:10.095062+09:00
Accreditation Tariff,,,failed,False,2026-08-21T02:38:06.910707+09:00
Accreditation Tax,,,failed,False,2026-08-21T02:13:51.922112+09:00
Accreditation Terminal,,,failed,False,2026-08-19T21:09:18.934477+09:00
Accreditation Ticker,,,failed,False,2026-08-19T21:19:01.988330+09:00
Accreditation Ticket,,,failed,False,2026-08-19T21:31:35.907614+09:00
Accreditation Tier,,,failed,False,2026-08-28T00:48:08.257780+09:00
Accreditation Timeline,20.0,0.0,success,False,2026-08-19T21:31:11.020553+09:00
Accreditation Token,,,failed,False,2026-08-23T13:27:51.587934+09:00
Accreditation Toll,,,failed,False,2026-08-21T02:38:00.530165+09:00
Accreditation Toolbox,,,failed,False,2026-08-28T00:25:56.872854+09:00
Accreditation Total,,,failed,False,2026-08-27T23:12:54.177935+09:00
Accreditation Tower,,,failed,False,2026-08-19T21:17:27.324738+09:00
Accreditation Tracker,,,failed,False,2026-08-19T21:03:32.051785+09:00
Accreditation Trail,,,failed,False,2026-08-19T21:11:04.489546+09:00
Accreditation Trend,,,failed,False,2026-08-28T01:07:41.597003+09:00
Accreditation Trial,,,failed,False,2026-08-27T21:14:04.974327+09:00
Accreditation Unit,50.0,0.0,success,False,2026-08-21T01:57:03.804845+09:00
Accreditation Update,,,failed,False,2026-08-19T21:30:40.784781+09:00
Accreditation Value,,,failed,False,2026-08-23T02:53:58.718739+09:00
Accreditation Vault,,,failed,False,2026-08-19T21:04:51.175636+09:00
Accreditation Version,,,failed,False,2026-08-23T03:18:41.681571+09:00
Accreditation View,,,failed,False,2026-08-19T21:30:05.370784+09:00
Accreditation Wallet,,,failed,False,2026-08-27T22:47:24.172994+09:00
Accreditation Watch,10.0,25.0,success,False,2026-08-19T21:06:16.769807+09:00
Accreditation Wave,,,failed,False,2026-08-19T21:06:57.837919+09:00
Accreditation Widget,,,failed,False,2026-08-27T23:12:56.649660+09:00
Accreditation Window,,,failed,False,2026-08-19T21:19:25.343582+09:00
Accreditation Worksheet,,,failed,False,2026-08-27T22:08:16.098998+09:00
Accreditation Workshop,10.0,0.0,success,False,2026-08-28T00:25:53.963495+09:00
Accreditation Yard,,,failed,False,2026-08-19T21:16:16.247165+09:00
Accreditation Zone,,,failed,False,2026-08-19T21:09:42.547953+09:00
Accrual Advisory,,,failed,False,2026-08-21T00:58:49.473587+09:00
Accrual Allowance,,,failed,False,2026-08-21T02:40:30.595557+09:00
Accrual Almanac,,,failed,False,2026-08-18T22:12:10.821921+09:00
Accrual Analyzer,,,failed,False,2026-08-27T23:52:22.402919+09:00
Accrual Anchor,,,failed,False,2026-08-17T21:36:07.544663+09:00
Accrual Asset,110.0,0.0,success,False,2026-08-23T13:48:00.316866+09:00
Accrual Assistant,,,failed,False,2026-08-17T23:11:57.762151+09:00
Accrual Atlas,,,failed,False,2026-08-17T20:43:42.299051+09:00
Accrual Attribute,,,failed,False,2026-08-23T13:07:55.793530+09:00
Accrual Badge,,,failed,False,2026-08-21T00:35:57.334663+09:00
Accrual Balance,320.0,0.0,success,False,2026-08-23T13:48:00.316866+09:00
Accrual Base,140.0,1.0,success,False,2026-08-17T20:40:48.754907+09:00
Accrual Beacon,,,failed,False,2026-08-17T21:41:44.845375+09:00
Accrual Bill,,,failed,False,2026-08-19T21:59:50.117537+09:00
Accrual Blueprint,,,failed,False,2026-08-18T22:12:04.159201+09:00
Accrual Board,,,failed,False,2026-08-17T20:38:11.520193+09:00
Accrual Book,10.0,0.0,success,False,2026-08-19T22:00:41.038270+09:00
Accrual Bridge,,,failed,False,2026-08-17T21:37:05.127331+09:00
Accrual Brief,,,failed,False,2026-08-21T00:58:40.847726+09:00
Accrual Bulletin,,,failed,False,2026-08-21T00:58:36.711570+09:00
Accrual Calculator,210.0,1.0,success,False,2026-08-27T23:32:36.959010+09:00
Accrual Calendar,10.0,13.0,success,False,2026-08-19T00:00:28.920086+09:00
Accrual Card,,,failed,False,2026-08-19T13:40:58.883457+09:00
Accrual Cascade,,,failed,False,2026-08-17T21:38:15.647846+09:00
Accrual Cash,320.0,5.0,success,False,2026-08-21T02:24:30.364633+09:00
Accrual Catalog,,,failed,False,2026-08-19T21:15:04.533430+09:00
Accrual Category,,,failed,False,2026-08-23T13:07:53.746009+09:00
Accrual Center,,,failed,False,2026-08-17T20:32:21.226449+09:00
Accrual Chain,,,failed,False,2026-08-17T21:30:05.905035+09:00
Accrual Charge,10.0,0.0,success,False,2026-08-21T02:40:18.502872+09:00
Accrual Check,,,failed,False,2026-08-19T13:41:39.168311+09:00
Accrual Checker,,,failed,False,2026-08-27T23:52:08.286767+09:00
Accrual Checklist,,,failed,False,2026-08-19T21:14:07.516927+09:00
Accrual Circular,,,failed,False,2026-08-21T01:00:03.837469+09:00
Accrual Cockpit,,,failed,False,2026-08-17T23:27:29.516151+09:00
Accrual Code,10.0,0.0,success,False,2026-08-19T22:00:08.446877+09:00
Accrual Codex,,,failed,False,2026-08-18T23:50:10.067508+09:00
Accrual Companion,,,failed,False,2026-08-17T23:10:04.608173+09:00
Accrual Comparison,,,failed,False,2026-08-28T01:03:30.600111+09:00
Accrual Compass,,,failed,False,2026-08-18T07:52:30.485728+09:00
Accrual Compendium,,,failed,False,2026-08-18T22:12:19.566532+09:00
Accrual Confirmation,,,failed,False,2026-08-21T00:58:59.914106+09:00
Accrual Console,,,failed,False,2026-08-17T21:41:12.952922+09:00
Accrual Contribution,,,failed,False,2026-08-23T16:16:38.945846+09:00
Accrual Converter,,,failed,False,2026-08-27T23:32:36.959010+09:00
Accrual Core,,,failed,False,2026-08-17T20:39:59.910293+09:00
Accrual Cost,880.0,0.0,success,False,2026-08-21T02:08:27.719210+09:00
Accrual Count,,,failed,False,2026-08-27T22:44:35.371350+09:00
Accrual Counter,,,failed,False,2026-08-19T00:01:18.833283+09:00
Accrual Dashboard,,,failed,False,2026-08-17T23:15:12.775041+09:00
Accrual Deal,,,failed,False,2026-08-21T01:51:57.784692+09:00
Accrual Debt,,,failed,False,2026-08-21T02:24:19.138497+09:00
Accrual Deck,,,failed,False,2026-08-17T20:37:16.947301+09:00
Accrual Depot,,,failed,False,2026-08-19T00:01:01.996823+09:00
Accrual Desk,,,failed,False,2026-08-17T20:34:48.922886+09:00
Accrual Detail,,,failed,False,2026-08-23T03:20:15.434284+09:00
Accrual Detector,,,failed,False,2026-08-27T23:52:16.469073+09:00
Accrual Diagram,,,failed,False,2026-08-27T22:15:33.141509+09:00
Accrual Dial,,,failed,False,2026-08-17T21:37:44.992622+09:00
Accrual Digest,,,failed,False,2026-08-19T20:41:22.304179+09:00
Accrual Directory,,,failed,False,2026-08-19T00:00:38.616891+09:00
Accrual Discount,,,failed,False,2026-08-23T16:16:35.923082+09:00
Accrual Dock,,,failed,False,2026-08-17T21:33:26.536272+09:00
Accrual Dossier,,,failed,False,2026-08-21T00:59:03.951352+09:00
Accrual Downpayment,,,failed,False,2026-08-27T21:50:42.355855+09:00
Accrual Draft,,,failed,False,2026-08-19T20:41:37.796650+09:00
Accrual Duty,,,failed,False,2026-08-21T02:40:21.955150+09:00
Accrual Engine,210.0,11.0,success,False,2026-08-17T23:26:30.057004+09:00
Accrual Entry,2900.0,1.0,success,False,2026-08-21T00:59:17.321844+09:00
Accrual Estimate,20.0,0.0,success,False,2026-08-19T21:14:49.838669+09:00
Accrual Estimator,,,failed,False,2026-08-27T23:52:05.723363+09:00
Accrual Excerpt,,,failed,False,2026-08-21T00:59:12.932532+09:00
Accrual Fare,,,failed,False,2026-08-21T02:08:37.852191+09:00
Accrual Fee,260.0,0.0,success,False,2026-08-21T01:51:30.454681+09:00
Accrual Feed,,,failed,False,2026-08-19T20:41:33.167361+09:00
Accrual File,20.0,0.0,success,False,2026-08-19T20:40:42.900088+09:00
Accrual Finder,,,failed,False,2026-08-19T00:00:54.845309+09:00
Accrual Fine,,,failed,False,2026-08-23T02:55:24.224280+09:00
Accrual Flag,,,failed,False,2026-08-21T00:36:28.428699+09:00
Accrual Flow,,,failed,False,2026-08-17T20:37:45.876313+09:00
Accrual Forge,,,failed,False,2026-08-17T21:39:44.948189+09:00
Accrual Form,30.0,1.0,success,False,2026-08-19T13:40:38.246974+09:00
Accrual Format,,,failed,False,2026-08-23T13:08:02.630104+09:00
Accrual Frame,,,failed,False,2026-08-17T20:41:33.336783+09:00
Accrual Fund,20.0,3.0,success,False,2026-08-21T02:24:23.153426+09:00
Accrual Gate,,,failed,False,2026-08-17T20:45:33.619281+09:00
Accrual Generator,,,failed,False,2026-08-27T23:32:40.029337+09:00
Accrual Grade,,,failed,False,2026-08-21T00:36:16.111706+09:00
Accrual Graph,,,failed,False,2026-08-27T22:15:25.153546+09:00
Accrual Grid,,,failed,False,2026-08-17T21:30:38.829852+09:00
Accrual Guard,,,failed,False,2026-08-17T20:40:24.654920+09:00
Accrual Guardian,,,failed,False,2026-08-28T00:22:34.191902+09:00
Accrual Guidebook,,,failed,False,2026-08-18T22:11:45.045166+09:00
Accrual Helpdesk,,,failed,False,2026-08-27T22:44:39.489901+09:00
Accrual Helper,,,failed,False,2026-08-28T00:22:36.820060+09:00
Accrual History,,,failed,False,2026-08-19T20:40:35.383963+09:00
Accrual Hotline,,,failed,False,2026-08-19T21:15:17.337039+09:00
Accrual Hub,10.0,1.0,success,False,2026-08-17T20:36:48.387810+09:00
Accrual Identifier,,,failed,False,2026-08-23T13:07:53.746009+09:00
Accrual Index,,,failed,False,2026-08-19T21:14:17.350894+09:00
Accrual Insight,,,failed,False,2026-08-17T23:27:17.370245+09:00
Accrual Installment,,,failed,False,2026-08-23T16:16:38.945846+09:00
Accrual Interest,22200.0,0.0,success,True,2026-08-23T13:48:00.316866+09:00
Accrual Item,,,failed,False,2026-08-21T01:51:43.156382+09:00
Accrual Journal,110.0,2.0,success,False,2026-08-18T22:11:30.674698+09:00
Accrual Keeper,,,failed,False,2026-08-17T20:41:58.937145+09:00
Accrual Lab,,,failed,False,2026-08-17T20:35:18.626237+09:00
Accrual Label,,,failed,False,2026-08-27T22:15:25.153546+09:00
Accrual Ledger,20.0,4.0,success,False,2026-08-17T20:39:06.787331+09:00
Accrual Lens,,,failed,False,2026-08-17T20:42:18.152107+09:00
Accrual Level,,,failed,False,2026-08-19T20:40:53.028403+09:00
Accrual Link,,,failed,False,2026-08-23T03:20:07.416918+09:00
Accrual List,90.0,0.0,success,False,2026-08-19T22:00:20.280558+09:00
Accrual Loan,90.0,3.0,success,False,2026-08-21T02:08:48.919404+09:00
Accrual Locator,,,failed,False,2026-08-19T00:00:48.226412+09:00
Accrual Lock,,,failed,False,2026-08-17T20:44:09.032273+09:00
Accrual Log,,,failed,False,2026-08-19T13:40:23.135378+09:00
Accrual Loop,,,failed,False,2026-08-17T21:31:46.266854+09:00
Accrual Manager,,,failed,False,2026-08-17T20:41:08.316613+09:00
Accrual Manual,,,failed,False,2026-08-27T22:15:29.214068+09:00
Accrual Map,,,failed,False,2026-08-17T20:43:15.863986+09:00
Accrual Margin,,,failed,False,2026-08-23T02:55:21.397263+09:00
Accrual Memo,,,failed,False,2026-08-21T00:36:21.244854+09:00
Accrual Meter,,,failed,False,2026-08-17T21:36:34.713232+09:00
Accrual Metrics,,,failed,False,2026-08-17T23:08:23.954708+09:00
Accrual Monitor,,,failed,False,2026-08-17T23:13:36.575210+09:00
Accrual Navigator,,,failed,False,2026-08-17T23:27:45.087946+09:00
Accrual Nexus,,,failed,False,2026-08-17T20:44:29.668652+09:00
Accrual Node,,,failed,False,2026-08-17T20:46:23.888336+09:00
Accrual Note,20.0,1.0,success,False,2026-08-19T13:41:59.783078+09:00
Accrual Notification,,,failed,False,2026-08-27T22:44:27.817073+09:00
Accrual Number,20.0,0.0,success,False,2026-08-23T03:20:00.686198+09:00
Accrual Office,,,failed,False,2026-08-19T00:01:12.720919+09:00
Accrual Ops,,,failed,False,2026-08-17T23:04:23.573644+09:00
Accrual Organizer,,,failed,False,2026-08-17T23:27:00.420532+09:00
Accrual Overage,,,failed,False,2026-08-27T21:50:42.355855+09:00
Accrual Overdue,,,failed,False,2026-08-27T21:50:37.116413+09:00
Accrual Panel,,,failed,False,2026-08-17T21:39:05.774100+09:00
Accrual Pass,,,failed,False,2026-08-21T00:35:46.572141+09:00
Accrual Path,,,failed,False,2026-08-17T20:45:55.190861+09:00
Accrual Payoff,,,failed,False,2026-08-27T21:50:39.210391+09:00
Accrual Petition,,,failed,False,2026-08-21T00:58:54.317507+09:00
Accrual Pilot,,,failed,False,2026-08-17T20:35:50.076535+09:00
Accrual Plan,90.0,1.0,success,False,2026-08-21T01:51:52.747806+09:00
Accrual Planner,,,failed,False,2026-08-17T23:26:43.020316+09:00
Accrual Playbook,,,failed,False,2026-08-18T22:11:19.240583+09:00
Accrual Point,,,failed,False,2026-08-17T20:45:09.617976+09:00
Accrual Portal,,,failed,False,2026-08-18T07:53:03.495247+09:00
Accrual Preview,,,failed,False,2026-08-28T01:03:33.167279+09:00
Accrual Price,,,failed,False,2026-08-21T02:08:33.058112+09:00
Accrual Profile,,,failed,False,2026-08-19T13:42:25.449993+09:00
Accrual Profit,170.0,0.0,success,False,2026-08-23T02:55:10.666436+09:00
Accrual Proposal,,,failed,False,2026-08-28T01:03:37.882161+09:00
Accrual Pulse,,,failed,False,2026-08-17T20:48:21.583177+09:00
Accrual Queue,,,failed,False,2026-08-19T21:14:39.007898+09:00
Accrual Quota,,,failed,False,2026-08-21T00:36:23.638187+09:00
Accrual Radar,,,failed,False,2026-08-17T20:33:59.012811+09:00
Accrual Rail,,,failed,False,2026-08-17T21:32:23.259221+09:00
Accrual Rate,880.0,0.0,success,False,2026-08-19T20:41:03.972806+09:00
Accrual Recap,,,failed,False,2026-08-21T01:00:11.022856+09:00
Accrual Receipt,10.0,0.0,success,False,2026-08-19T21:59:58.757000+09:00
Accrual Recorder,,,failed,False,2026-08-27T23:32:42.762901+09:00
Accrual Register,,,failed,False,2026-08-17T23:27:58.060156+09:00
Accrual Registry,,,failed,False,2026-08-18T22:11:53.253087+09:00
Accrual Relay,,,failed,False,2026-08-17T20:32:55.422953+09:00
Accrual Reminder,,,failed,False,2026-08-19T21:13:57.456241+09:00
Accrual Report,260.0,3.0,success,False,2026-08-19T13:40:05.769727+09:00
Accrual Roadmap,,,failed,False,2026-08-18T23:50:10.067508+09:00
Accrual Roster,,,failed,False,2026-08-19T00:37:00.689265+09:00
Accrual Route,,,failed,False,2026-08-17T21:34:29.947705+09:00
Accrual Rule,70.0,0.0,success,False,2026-08-23T03:20:11.001534+09:00
Accrual Sale,,,failed,False,2026-08-21T02:24:33.883948+09:00
Accrual Sample,,,failed,False,2026-08-19T22:00:58.577087+09:00
Accrual Scale,,,failed,False,2026-08-17T21:35:33.419897+09:00
Accrual Scanner,,,failed,False,2026-08-27T23:52:10.807826+09:00
Accrual Scheduler,,,failed,False,2026-08-17T23:06:35.609380+09:00
Accrual Scope,,,failed,False,2026-08-17T21:33:00.443260+09:00
Accrual Score,,,failed,False,2026-08-19T13:41:50.563536+09:00
Accrual Sentry,,,failed,False,2026-08-17T20:42:47.401639+09:00
Accrual Sheet,30.0,0.0,success,False,2026-08-19T13:41:17.239436+09:00
Accrual Shortfall,,,failed,False,2026-08-27T21:50:44.551751+09:00
Accrual Signal,,,failed,False,2026-08-17T21:35:02.943607+09:00
Accrual Slip,,,failed,False,2026-08-19T22:00:50.592987+09:00
Accrual Slot,,,failed,False,2026-08-19T22:01:08.341225+09:00
Accrual Snapshot,,,failed,False,2026-08-18T22:11:39.333366+09:00
Accrual Stage,,,failed,False,2026-08-28T00:46:30.511685+09:00
Accrual Stake,,,failed,False,2026-08-23T02:55:17.140000+09:00
Accrual Statement,30.0,4.0,success,False,2026-08-21T00:36:08.674469+09:00
Accrual Station,,,failed,False,2026-08-17T20:34:23.568448+09:00
Accrual Status,20.0,0.0,success,False,2026-08-19T20:40:20.062336+09:00
Accrual Stub,,,failed,False,2026-08-21T00:36:02.867452+09:00
Accrual Studio,,,failed,False,2026-08-17T20:36:17.521162+09:00
Accrual Suite,,,failed,False,2026-08-17T23:04:42.962346+09:00
Accrual Sum,,,failed,False,2026-08-21T02:24:14.838617+09:00
Accrual Summary,,,failed,False,2026-08-19T21:13:34.097161+09:00
Accrual Surtax,,,failed,False,2026-08-23T15:52:44.896002+09:00
Accrual Sync,,,failed,False,2026-08-17T20:38:36.286112+09:00
Accrual Tab,,,failed,False,2026-08-21T00:36:33.618056+09:00
Accrual Table,20.0,0.0,success,False,2026-08-19T22:00:29.201659+09:00
Accrual Tag,,,failed,False,2026-08-19T13:42:11.114118+09:00
Accrual Tally,,,failed,False,2026-08-21T00:36:11.342304+09:00
Accrual Tariff,,,failed,False,2026-08-21T02:40:33.895660+09:00
Accrual Tax,590.0,1.0,success,False,2026-08-21T02:08:44.609671+09:00
Accrual Ticket,,,failed,False,2026-08-19T21:14:27.953850+09:00
Accrual Timeline,,,failed,False,2026-08-19T21:13:46.122895+09:00
Accrual Timer,,,failed,False,2026-08-28T00:22:28.798439+09:00
Accrual Toll,,,failed,False,2026-08-21T02:40:27.519765+09:00
Accrual Toolbox,,,failed,False,2026-08-28T00:22:34.191902+09:00
Accrual Toolkit,,,failed,False,2026-08-18T22:11:11.945944+09:00
Accrual Total,,,failed,False,2026-08-27T23:10:24.868971+09:00
Accrual Tracker,30.0,16.0,success,False,2026-08-17T20:39:31.272188+09:00
Accrual Trail,,,failed,False,2026-08-17T21:31:11.680234+09:00
Accrual Trend,,,failed,False,2026-08-28T01:03:27.794966+09:00
Accrual Trial,,,failed,False,2026-08-27T21:19:43.592379+09:00
Accrual Unit,,,failed,False,2026-08-21T01:51:47.599222+09:00
Accrual Update,,,failed,False,2026-08-19T20:41:13.496418+09:00
Accrual Value,90.0,0.0,success,False,2026-08-23T02:55:13.896073+09:00
Accrual Vault,,,failed,False,2026-08-17T20:31:46.547401+09:00
Accrual Version,,,failed,False,2026-08-23T03:20:04.246790+09:00
Accrual View,,,failed,False,2026-08-19T20:40:28.949050+09:00
Accrual Voucher,20.0,0.0,success,False,2026-08-21T00:35:52.521460+09:00
Accrual Watch,,,failed,False,2026-08-17T21:33:59.802696+09:00
Accrual Wave,,,failed,False,2026-08-17T20:47:04.642239+09:00
Accrual Widget,,,failed,False,2026-08-27T23:10:24.868971+09:00
Accrual Workbench,,,failed,False,2026-08-18T22:11:03.707718+09:00
Accrual Worksheet,10.0,10.0,success,False,2026-08-27T22:15:29.214068+09:00
Accrual Zone,,,failed,False,2026-08-18T07:52:55.085793+09:00
Activation Advance,,,failed,False,2026-08-23T16:12:29.296473+09:00
Activation Advisory,,,failed,False,2026-08-21T01:02:14.395969+09:00
Activation Allowance,,,failed,False,2026-08-21T02:42:51.701755+09:00
Activation Almanac,,,failed,False,2026-08-18T22:09:13.055997+09:00
Activation Analyzer,,,failed,False,2026-08-27T23:56:59.391700+09:00
Activation Anchor,,,failed,False,2026-08-17T20:38:41.975413+09:00
Activation Announcement,,,failed,False,2026-08-27T23:35:04.726489+09:00
Activation Arrears,,,failed,False,2026-08-23T16:12:26.242265+09:00
Activation Assistant,170.0,1.0,success,False,2026-08-17T23:12:38.430162+09:00
Activation Atlas,210.0,0.0,success,False,2026-08-17T21:39:15.761980+09:00
Activation Attribute,,,failed,False,2026-08-23T13:09:44.174186+09:00
Activation Badge,,,failed,False,2026-08-21T00:24:43.469777+09:00
Activation Balance,,,failed,False,2026-08-23T13:45:33.532917+09:00
Activation Base,,,failed,False,2026-08-17T21:35:08.893531+09:00
Activation Beacon,50.0,0.0,success,False,2026-08-17T20:42:02.791525+09:00
Activation Bill,,,failed,False,2026-08-19T22:00:20.280558+09:00
Activation Blueprint,10.0,0.0,success,False,2026-08-18T22:09:05.854990+09:00
Activation Board,70.0,30.0,success,False,2026-08-17T21:31:54.606698+09:00
Activation Book,590.0,21.0,success,False,2026-08-19T22:01:11.142813+09:00
Activation Bridge,,,failed,False,2026-08-17T20:39:36.069990+09:00
Activation Brief,10.0,4.0,success,False,2026-08-21T01:00:16.070819+09:00
Activation Bulletin,,,failed,False,2026-08-21T01:00:09.157430+09:00
Activation Calendar,70.0,5.0,success,False,2026-08-19T00:03:21.455005+09:00
Activation Card,5400.0,2.0,success,False,2026-08-19T13:36:10.470400+09:00
Activation Cascade,30.0,0.0,success,False,2026-08-17T20:40:29.235539+09:00
Activation Cash,,,failed,False,2026-08-21T02:26:39.495067+09:00
Activation Cashback,20.0,12.0,success,False,2026-08-27T21:15:25.200797+09:00
Activation Catalog,,,failed,False,2026-08-19T21:14:40.806707+09:00
Activation Category,,,failed,False,2026-08-23T13:09:42.107006+09:00
Activation Center,210.0,1.0,success,False,2026-08-17T20:44:14.789024+09:00
Activation Chain,,,failed,False,2026-08-17T20:33:36.115262+09:00
Activation Charge,880.0,1.0,success,False,2026-08-21T02:42:41.863985+09:00
Activation Check,720.0,0.0,success,False,2026-08-19T13:36:57.023796+09:00
Activation Checker,720.0,0.0,success,False,2026-08-27T23:56:50.543102+09:00
Activation Checklist,20.0,0.0,success,False,2026-08-19T21:13:48.359259+09:00
Activation Circular,,,failed,False,2026-08-21T01:02:12.129826+09:00
Activation Cockpit,,,failed,False,2026-08-17T23:33:38.106132+09:00
Activation Code,8100.0,0.0,success,True,2026-08-19T22:00:41.038270+09:00
Activation Codex,,,failed,False,2026-08-18T22:09:30.106481+09:00
Activation Companion,,,failed,False,2026-08-17T23:10:45.795183+09:00
Activation Comparison,,,failed,False,2026-08-28T01:07:47.366767+09:00
Activation Compass,,,failed,False,2026-08-17T20:42:51.727520+09:00
Activation Compendium,,,failed,False,2026-08-18T22:09:21.781956+09:00
Activation Confirmation,20.0,0.0,success,False,2026-08-21T01:00:33.906602+09:00
Activation Console,,,failed,False,2026-08-17T20:41:41.231730+09:00
Activation Core,1000.0,1.0,success,False,2026-08-17T21:34:05.861065+09:00
Activation Cost,480.0,4.0,success,False,2026-08-21T02:10:17.497387+09:00
Activation Count,20.0,1.0,success,False,2026-08-27T22:48:20.741854+09:00
Activation Counter,20.0,1.0,success,False,2026-08-19T00:04:03.544716+09:00
Activation Coupon,,,failed,False,2026-08-27T21:15:22.797193+09:00
Activation Dashboard,110.0,7.0,success,False,2026-08-17T22:50:36.545244+09:00
Activation Deal,,,failed,False,2026-08-21T01:53:51.077986+09:00
Activation Debt,,,failed,False,2026-08-21T02:26:32.701256+09:00
Activation Deck,20.0,0.0,success,False,2026-08-17T21:30:45.538595+09:00
Activation Depot,,,failed,False,2026-08-19T00:03:50.601023+09:00
Activation Desk,,,failed,False,2026-08-17T20:46:29.220439+09:00
Activation Detail,,,failed,False,2026-08-23T03:23:15.682212+09:00
Activation Detector,,,failed,False,2026-08-27T23:56:56.552521+09:00
Activation Dial,,,failed,False,2026-08-17T20:40:05.754832+09:00
Activation Digest,,,failed,False,2026-08-19T20:39:55.789733+09:00
Activation Directory,10.0,10.0,success,False,2026-08-19T00:03:25.935082+09:00
Activation Discount,,,failed,False,2026-08-23T16:12:20.898327+09:00
Activation Dock,,,failed,False,2026-08-17T20:36:21.712002+09:00
Activation Dossier,,,failed,False,2026-08-21T01:00:38.610881+09:00
Activation Draft,,,failed,False,2026-08-19T20:40:13.253783+09:00
Activation Due,,,failed,False,2026-08-23T15:50:46.818166+09:00
Activation Duty,,,failed,False,2026-08-21T02:42:44.475010+09:00
Activation Engine,10.0,0.0,success,False,2026-08-17T23:32:45.524936+09:00
Activation Entry,10.0,0.0,success,False,2026-08-21T01:00:48.316316+09:00
Activation Estimate,,,failed,False,2026-08-19T21:14:29.704334+09:00
Activation Estimator,,,failed,False,2026-08-27T23:56:50.543102+09:00
Activation Excerpt,,,failed,False,2026-08-21T01:02:25.178710+09:00
Activation Extension,20.0,0.0,success,False,2026-08-23T16:38:03.608262+09:00
Activation Fare,,,failed,False,2026-08-21T02:10:26.523271+09:00
Activation Fee,880.0,1.0,success,False,2026-08-21T01:53:28.626980+09:00
Activation Feed,,,failed,False,2026-08-19T20:40:02.454787+09:00
Activation Field,70.0,0.0,success,False,2026-08-23T13:09:46.403136+09:00
Activation File,30.0,0.0,success,False,2026-08-19T20:39:24.748166+09:00
Activation Finder,,,failed,False,2026-08-19T00:03:41.244683+09:00
Activation Fine,,,failed,False,2026-08-23T02:57:24.970560+09:00
Activation Flag,,,failed,False,2026-08-21T00:25:32.620138+09:00
Activation Flow,50.0,2.0,success,False,2026-08-17T21:31:19.415531+09:00
Activation Forge,,,failed,False,2026-08-17T20:41:13.511022+09:00
Activation Form,320.0,1.0,success,False,2026-08-19T13:35:50.277889+09:00
Activation Format,,,failed,False,2026-08-23T13:09:53.012547+09:00
Activation Frame,70.0,0.0,success,False,2026-08-17T21:36:17.240271+09:00
Activation Fund,140.0,0.0,success,False,2026-08-21T02:26:36.939016+09:00
Activation Gate,90.0,1.0,success,False,2026-08-18T07:52:51.639177+09:00
Activation Generator,10.0,0.0,success,False,2026-08-27T23:35:07.655977+09:00
Activation Giveaway,,,failed,False,2026-08-27T21:15:31.900187+09:00
Activation Grade,,,failed,False,2026-08-21T00:25:13.031282+09:00
Activation Graph,50.0,0.0,success,False,2026-08-27T22:09:41.685906+09:00
Activation Grid,,,failed,False,2026-08-17T20:34:07.278551+09:00
Activation Guarantee,,,failed,False,2026-08-28T01:07:55.638643+09:00
Activation Guard,,,failed,False,2026-08-17T21:34:37.066296+09:00
Activation Guidebook,,,failed,False,2026-08-18T22:08:50.050771+09:00
Activation Helpdesk,40.0,1.0,success,False,2026-08-27T22:48:25.660209+09:00
Activation Helper,10.0,0.0,success,False,2026-08-28T00:26:14.926541+09:00
Activation History,320.0,6.0,success,False,2026-08-19T20:39:14.214038+09:00
Activation Hotline,,,failed,False,2026-08-19T21:14:51.947092+09:00
Activation Hub,480.0,4.0,success,False,2026-08-17T21:30:13.279777+09:00
Activation Identifier,,,failed,False,2026-08-23T13:09:39.563884+09:00
Activation Incentive,,,failed,False,2026-08-27T21:15:29.439407+09:00
Activation Index,70.0,0.0,success,False,2026-08-19T21:13:59.350184+09:00
Activation Insight,,,failed,False,2026-08-17T23:33:22.514665+09:00
Activation Installment,,,failed,False,2026-08-23T16:12:24.179825+09:00
Activation Item,,,failed,False,2026-08-21T01:53:31.985132+09:00
Activation Journal,,,failed,False,2026-08-18T22:08:32.701996+09:00
Activation Keeper,,,failed,False,2026-08-17T21:36:40.900045+09:00
Activation Kit,1000.0,2.0,success,False,2026-08-27T22:48:17.330576+09:00
Activation Lab,170.0,2.0,success,False,2026-08-17T20:47:13.736905+09:00
Activation Ledger,,,failed,False,2026-08-17T21:33:05.832312+09:00
Activation Lens,,,failed,False,2026-08-17T21:37:17.917122+09:00
Activation Level,70.0,0.0,success,False,2026-08-19T20:39:30.002249+09:00
Activation Levy,,,failed,False,2026-08-23T13:45:39.021067+09:00
Activation Link,720.0,0.0,success,False,2026-08-23T03:23:07.645674+09:00
Activation List,20.0,0.0,success,False,2026-08-19T22:00:50.592987+09:00
Activation Loan,,,failed,False,2026-08-21T02:10:36.488938+09:00
Activation Locator,,,failed,False,2026-08-19T00:03:34.698010+09:00
Activation Lock,14800.0,1.0,success,False,2026-08-17T21:40:37.066671+09:00
Activation Log,170.0,2.0,success,False,2026-08-19T13:35:34.985408+09:00
Activation Loop,90.0,1.0,success,False,2026-08-17T20:34:55.202462+09:00
Activation Manager,480.0,1.0,success,False,2026-08-17T21:35:41.309233+09:00
Activation Manual,140.0,0.0,success,False,2026-08-27T22:09:48.398152+09:00
Activation Map,320.0,0.0,success,False,2026-08-17T21:38:24.477715+09:00
Activation Margin,,,failed,False,2026-08-23T02:57:21.827227+09:00
Activation Markup,,,failed,False,2026-08-23T16:38:01.127600+09:00
Activation Memo,,,failed,False,2026-08-21T00:25:18.497443+09:00
Activation Message,4400.0,1.0,success,False,2026-08-27T23:13:50.940196+09:00
Activation Meter,,,failed,False,2026-08-17T20:39:12.627798+09:00
Activation Metrics,90.0,5.0,success,False,2026-08-17T23:09:05.527725+09:00
Activation Monitor,,,failed,False,2026-08-17T23:14:19.543456+09:00
Activation Navigator,,,failed,False,2026-08-17T23:23:39.258674+09:00
Activation Nexus,,,failed,False,2026-08-17T21:41:19.053416+09:00
Activation Node,,,failed,False,2026-08-18T07:52:40.105947+09:00
Activation Note,,,failed,False,2026-08-19T13:37:36.286521+09:00
Activation Notification,170.0,0.0,success,False,2026-08-27T22:48:17.330576+09:00
Activation Number,880.0,4.0,success,False,2026-08-23T03:23:00.689817+09:00
Activation Office,14800.0,10.0,success,False,2026-08-19T00:03:57.643433+09:00
Activation Ops,,,failed,False,2026-08-17T23:05:11.266926+09:00
Activation Order,40.0,0.0,success,False,2026-08-19T22:00:08.446877+09:00
Activation Organizer,,,failed,False,2026-08-17T23:33:09.699963+09:00
Activation Overdue,,,failed,False,2026-08-27T21:46:42.401025+09:00
Activation Panel,2400.0,2.0,success,False,2026-08-17T20:40:51.053535+09:00
Activation Pass,140.0,4.0,success,False,2026-08-21T00:36:48.316365+09:00
Activation Path,,,failed,False,2026-08-18T07:52:13.300527+09:00
Activation Penalty,,,failed,False,2026-08-23T16:38:01.127600+09:00
Activation Petition,,,failed,False,2026-08-21T01:00:29.585982+09:00
Activation Pilot,,,failed,False,2026-08-17T20:47:53.457764+09:00
Activation Plan,320.0,3.0,success,False,2026-08-21T01:53:46.295961+09:00
Activation Planner,,,failed,False,2026-08-17T23:32:58.780092+09:00
Activation Playbook,10.0,19.0,success,False,2026-08-18T22:08:23.655372+09:00
Activation Point,140.0,3.0,success,False,2026-08-17T21:41:49.444267+09:00
Activation Portal,320.0,1.0,success,False,2026-08-17T20:42:22.378966+09:00
Activation Preview,,,failed,False,2026-08-28T01:07:52.961175+09:00
Activation Profile,110.0,1.0,success,False,2026-08-19T13:37:53.958127+09:00
Activation Profit,,,failed,False,2026-08-23T02:57:15.173266+09:00
Activation Proposal,10.0,13.0,success,False,2026-08-28T01:07:55.638643+09:00
Activation Pulse,,,failed,False,2026-08-17T20:33:05.160713+09:00
Activation Queue,,,failed,False,2026-08-19T21:14:19.651241+09:00
Activation Quota,,,failed,False,2026-08-21T00:25:24.031302+09:00
Activation Radar,,,failed,False,2026-08-17T20:45:35.834234+09:00
Activation Rail,6600.0,0.0,success,True,2026-08-17T20:35:25.429619+09:00
Activation Rate,390.0,0.0,success,False,2026-08-19T20:39:37.927726+09:00
Activation Recap,,,failed,False,2026-08-21T01:02:20.703041+09:00
Activation Receipt,20.0,0.0,success,False,2026-08-19T22:00:29.201659+09:00
Activation Recorder,,,failed,False,2026-08-27T23:35:07.655977+09:00
Activation Redemption,,,failed,False,2026-08-23T16:38:03.608262+09:00
Activation Register,320.0,1.0,success,False,2026-08-17T23:23:55.589084+09:00
Activation Registry,20.0,0.0,success,False,2026-08-18T22:08:59.053528+09:00
Activation Relay,,,failed,False,2026-08-17T20:44:36.649130+09:00
Activation Reminder,,,failed,False,2026-08-19T21:13:36.060170+09:00
Activation Report,50.0,0.0,success,False,2026-08-19T13:35:23.963790+09:00
Activation Repository,,,failed,False,2026-08-27T23:13:56.060397+09:00
Activation Result,,,failed,False,2026-08-28T00:48:11.249121+09:00
Activation Roadmap,20.0,5.0,success,False,2026-08-18T22:09:37.820706+09:00
Activation Roster,,,failed,False,2026-08-19T00:38:10.697868+09:00
Activation Route,,,failed,False,2026-08-17T20:37:21.758511+09:00
Activation Rule,10.0,0.0,success,False,2026-08-23T03:23:11.854221+09:00
Activation Sale,,,failed,False,2026-08-21T02:26:41.708739+09:00
Activation Sample,,,failed,False,2026-08-19T22:01:31.900197+09:00
Activation Scale,,,failed,False,2026-08-17T20:38:14.865229+09:00
Activation Scanner,50.0,13.0,success,False,2026-08-27T23:56:53.046222+09:00
Activation Scheduler,,,failed,False,2026-08-17T23:07:26.971457+09:00
Activation Scope,,,failed,False,2026-08-17T20:35:55.625501+09:00
Activation Score,,,failed,False,2026-08-19T13:37:14.131003+09:00
Activation Sentry,,,failed,False,2026-08-17T21:37:49.733247+09:00
Activation Sheet,10.0,0.0,success,False,2026-08-19T13:36:50.709528+09:00
Activation Signal,70.0,1.0,success,False,2026-08-17T20:37:55.339961+09:00
Activation Signature,,,failed,False,2026-08-23T13:28:22.129962+09:00
Activation Slip,,,failed,False,2026-08-19T22:01:20.262131+09:00
Activation Slot,,,failed,False,2026-08-19T22:01:42.804571+09:00
Activation Snapshot,,,failed,False,2026-08-18T22:08:40.228889+09:00
Activation Stage,30.0,0.0,success,False,2026-08-28T00:48:11.249121+09:00
Activation Stake,,,failed,False,2026-08-23T02:57:19.456946+09:00
Activation Statement,,,failed,False,2026-08-21T00:24:59.301324+09:00
Activation Station,140.0,0.0,success,False,2026-08-17T20:46:01.536512+09:00
Activation Status,320.0,0.0,success,False,2026-08-19T20:38:53.768635+09:00
Activation Stub,,,failed,False,2026-08-21T00:24:51.764822+09:00
Activation Studio,210.0,1.0,success,False,2026-08-17T20:48:29.594833+09:00
Activation Subsidy,,,failed,False,2026-08-23T15:50:46.818166+09:00
Activation Suite,,,failed,False,2026-08-17T23:05:32.537259+09:00
Activation Sum,,,failed,False,2026-08-21T02:26:29.042609+09:00
Activation Summary,,,failed,False,2026-08-19T21:13:13.092758+09:00
Activation Sync,,,failed,False,2026-08-17T21:32:31.405261+09:00
Activation Tab,,,failed,False,2026-08-21T00:25:40.973918+09:00
Activation Table,70.0,4.0,success,False,2026-08-19T22:01:01.799694+09:00
Activation Tag,,,failed,False,2026-08-19T13:37:44.092675+09:00
Activation Tally,,,failed,False,2026-08-21T00:25:04.867976+09:00
Activation Tariff,,,failed,False,2026-08-21T02:42:54.824749+09:00
Activation Tax,,,failed,False,2026-08-21T02:10:31.589901+09:00
Activation Ticket,20.0,0.0,success,False,2026-08-19T21:14:09.280828+09:00
Activation Tier,,,failed,False,2026-08-28T00:48:15.950901+09:00
Activation Timeline,480.0,1.0,success,False,2026-08-19T21:13:23.011051+09:00
Activation Timer,480.0,1.0,success,False,2026-08-28T00:26:06.768927+09:00
Activation Token,140.0,13.0,success,False,2026-08-23T13:28:22.129962+09:00
Activation Toll,,,failed,False,2026-08-21T02:42:49.671896+09:00
Activation Toolbox,,,failed,False,2026-08-28T00:26:12.300765+09:00
Activation Toolkit,110.0,1.0,success,False,2026-08-18T22:08:17.707470+09:00
Activation Total,,,failed,False,2026-08-27T23:13:50.940196+09:00
Activation Tracker,210.0,1.0,success,False,2026-08-17T21:33:32.175377+09:00
Activation Trail,,,failed,False,2026-08-17T20:34:31.529799+09:00
Activation Trend,,,failed,False,2026-08-28T01:07:44.108969+09:00
Activation Trial,90.0,0.0,success,False,2026-08-27T21:15:29.439407+09:00
Activation Unit,20.0,0.0,success,False,2026-08-21T01:53:38.487807+09:00
Activation Update,10.0,0.0,success,False,2026-08-19T20:39:47.752844+09:00
Activation Vault,,,failed,False,2026-08-17T20:43:48.259554+09:00
Activation Version,,,failed,False,2026-08-23T03:23:04.042146+09:00
Activation View,,,failed,False,2026-08-19T20:39:03.354865+09:00
Activation Voucher,140.0,2.0,success,False,2026-08-21T00:36:53.427787+09:00
Activation Watch,,,failed,False,2026-08-17T20:36:55.192509+09:00
Activation Wave,,,failed,False,2026-08-17T20:31:55.017364+09:00
Activation Widget,,,failed,False,2026-08-27T23:13:53.622178+09:00
Activation Workbench,,,failed,False,2026-08-18T22:08:09.141836+09:00
Activation Zone,70.0,0.0,success,False,2026-08-17T20:43:22.316757+09:00
Actuary Advisory,,,failed,False,2026-08-21T01:06:16.364943+09:00
Actuary Allowance,,,failed,False,2026-08-21T02:37:07.617432+09:00
Actuary Almanac,,,failed,False,2026-08-18T22:05:27.658262+09:00
Actuary Analyzer,,,failed,False,2026-08-27T23:59:12.622196+09:00
Actuary Anchor,,,failed,False,2026-08-17T21:37:46.877382+09:00
Actuary Assistant,720.0,5.0,success,False,2026-08-17T23:11:21.548397+09:00
Actuary Atlas,,,failed,False,2026-08-17T20:45:10.862003+09:00
Actuary Badge,,,failed,False,2026-08-21T00:31:49.661501+09:00
Actuary Base,,,failed,False,2026-08-17T20:42:00.146835+09:00
Actuary Beacon,,,failed,False,2026-08-18T07:52:56.677266+09:00
Actuary Bill,,,failed,False,2026-08-19T21:50:09.573666+09:00
Actuary Blueprint,,,failed,False,2026-08-18T22:05:17.781482+09:00
Actuary Board,40.0,4.0,success,False,2026-08-17T20:39:33.830984+09:00
Actuary Book,260.0,52.0,success,False,2026-08-19T21:51:05.479286+09:00
Actuary Bridge,,,failed,False,2026-08-17T21:39:09.779186+09:00
Actuary Brief,,,failed,False,2026-08-21T01:06:09.386639+09:00
Actuary Bulletin,,,failed,False,2026-08-21T01:06:05.335895+09:00
Actuary Calendar,,,failed,False,2026-08-19T00:02:36.291033+09:00
Actuary Card,,,failed,False,2026-08-19T13:29:46.780078+09:00
Actuary Cascade,,,failed,False,2026-08-17T21:41:16.664514+09:00
Actuary Cash,,,failed,False,2026-08-21T02:30:41.751111+09:00
Actuary Catalog,,,failed,False,2026-08-19T21:04:58.271286+09:00
Actuary Center,,,failed,False,2026-08-17T20:34:02.071546+09:00
Actuary Chain,,,failed,False,2026-08-17T21:31:52.108049+09:00
Actuary Charge,,,failed,False,2026-08-21T02:36:53.900229+09:00
Actuary Check,,,failed,False,2026-08-19T13:30:05.934954+09:00
Actuary Checker,,,failed,False,2026-08-27T23:59:07.749698+09:00
Actuary Checklist,,,failed,False,2026-08-19T21:03:53.179213+09:00
Actuary Circular,,,failed,False,2026-08-21T01:06:12.457382+09:00
Actuary Cockpit,,,failed,False,2026-08-17T23:31:23.198788+09:00
Actuary Code,,,failed,False,2026-08-19T21:50:33.278837+09:00
Actuary Codex,,,failed,False,2026-08-18T22:05:44.090365+09:00
Actuary Companion,,,failed,False,2026-08-17T23:09:27.800960+09:00
Actuary Comparison,,,failed,False,2026-08-28T01:01:42.257433+09:00
Actuary Compass,,,failed,False,2026-08-17T20:32:23.142780+09:00
Actuary Compendium,,,failed,False,2026-08-18T22:05:35.647018+09:00
Actuary Confirmation,,,failed,False,2026-08-21T01:06:25.514755+09:00
Actuary Console,,,failed,False,2026-08-18T07:52:08.139884+09:00
Actuary Copayment,,,failed,False,2026-08-23T16:39:16.961219+09:00
Actuary Core,,,failed,False,2026-08-17T20:41:11.362619+09:00
Actuary Cost,90.0,1.0,success,False,2026-08-21T02:14:07.166822+09:00
Actuary Count,,,failed,False,2026-08-27T22:50:09.773795+09:00
Actuary Counter,,,failed,False,2026-08-19T00:03:21.455005+09:00
Actuary Dashboard,,,failed,False,2026-08-17T23:14:36.904616+09:00
Actuary Deal,,,failed,False,2026-08-21T01:58:16.207160+09:00
Actuary Debt,,,failed,False,2026-08-21T02:30:33.788820+09:00
Actuary Deck,,,failed,False,2026-08-17T20:38:37.912313+09:00
Actuary Depot,,,failed,False,2026-08-19T00:03:04.417889+09:00
Actuary Desk,,,failed,False,2026-08-17T20:36:18.497930+09:00
Actuary Detail,,,failed,False,2026-08-23T03:16:59.377666+09:00
Actuary Dial,,,failed,False,2026-08-17T21:39:57.727763+09:00
Actuary Digest,,,failed,False,2026-08-19T20:47:17.630061+09:00
Actuary Directory,880.0,1.0,success,False,2026-08-19T00:02:41.985677+09:00
Actuary Dock,,,failed,False,2026-08-17T21:35:06.399475+09:00
Actuary Dossier,,,failed,False,2026-08-21T01:06:31.516088+09:00
Actuary Downpayment,,,failed,False,2026-08-27T21:48:46.666341+09:00
Actuary Draft,,,failed,False,2026-08-19T20:47:30.914414+09:00
Actuary Duty,,,failed,False,2026-08-21T02:37:01.944995+09:00
Actuary Endowment,,,failed,False,2026-08-23T15:51:55.644106+09:00
Actuary Engine,,,failed,False,2026-08-17T23:30:14.406427+09:00
Actuary Entry,30.0,5.0,success,False,2026-08-21T01:06:46.678178+09:00
Actuary Estimate,,,failed,False,2026-08-19T21:04:44.071622+09:00
Actuary Estimator,,,failed,False,2026-08-27T23:59:02.052548+09:00
Actuary Excerpt,,,failed,False,2026-08-21T01:06:44.007854+09:00
Actuary Fare,,,failed,False,2026-08-21T02:14:13.791830+09:00
Actuary Fee,110.0,1.0,success,False,2026-08-21T01:57:57.210014+09:00
Actuary Feed,,,failed,False,2026-08-19T20:47:25.892128+09:00
Actuary Field,170.0,2.0,success,False,2026-08-23T13:06:20.755041+09:00
Actuary File,,,failed,False,2026-08-19T20:46:58.036522+09:00
Actuary Finder,,,failed,False,2026-08-19T00:02:58.410814+09:00
Actuary Flag,,,failed,False,2026-08-21T00:32:34.737926+09:00
Actuary Flow,,,failed,False,2026-08-17T20:39:09.333217+09:00
Actuary Forge,,,failed,False,2026-08-18T07:53:06.257546+09:00
Actuary Form,,,failed,False,2026-08-19T13:29:29.454455+09:00
Actuary Format,,,failed,False,2026-08-23T13:06:24.369926+09:00
Actuary Frame,,,failed,False,2026-08-17T20:42:49.578916+09:00
Actuary Fund,,,failed,False,2026-08-21T02:30:37.873895+09:00
Actuary Gate,,,failed,False,2026-08-17T20:47:07.356899+09:00
Actuary Grade,,,failed,False,2026-08-21T00:32:15.885792+09:00
Actuary Grid,,,failed,False,2026-08-17T21:32:28.090728+09:00
Actuary Guard,,,failed,False,2026-08-17T20:41:38.152103+09:00
Actuary Guidebook,,,failed,False,2026-08-18T22:04:58.367673+09:00
Actuary Helpdesk,,,failed,False,2026-08-27T22:50:16.948494+09:00
Actuary Helper,,,failed,False,2026-08-28T00:27:40.381664+09:00
Actuary History,10.0,0.0,success,False,2026-08-19T20:46:49.166137+09:00
Actuary Hotline,,,failed,False,2026-08-19T21:05:10.807996+09:00
Actuary Hub,,,failed,False,2026-08-17T20:38:12.491374+09:00
Actuary Index,,,failed,False,2026-08-19T21:04:06.353252+09:00
Actuary Insight,,,failed,False,2026-08-17T23:31:05.763784+09:00
Actuary Item,,,failed,False,2026-08-21T01:58:02.709797+09:00
Actuary Journal,50.0,1.0,success,False,2026-08-18T22:04:38.583463+09:00
Actuary Keeper,,,failed,False,2026-08-17T20:43:16.751377+09:00
Actuary Kit,,,failed,False,2026-08-27T22:50:07.511114+09:00
Actuary Lab,,,failed,False,2026-08-17T20:36:51.044622+09:00
Actuary Ledger,,,failed,False,2026-08-17T20:40:27.760312+09:00
Actuary Lens,,,failed,False,2026-08-17T20:43:46.830313+09:00
Actuary Level,,,failed,False,2026-08-19T20:47:03.354167+09:00
Actuary Link,,,failed,False,2026-08-23T03:16:47.860821+09:00
Actuary List,90.0,1.0,success,False,2026-08-19T21:50:44.390054+09:00
Actuary Loan,,,failed,False,2026-08-21T02:14:19.948102+09:00
Actuary Locator,,,failed,False,2026-08-19T00:02:51.849711+09:00
Actuary Lock,,,failed,False,2026-08-17T20:45:34.633599+09:00
Actuary Log,,,failed,False,2026-08-19T13:29:15.231319+09:00
Actuary Loop,,,failed,False,2026-08-17T21:33:28.260657+09:00
Actuary Manager,390.0,1.0,success,False,2026-08-17T20:42:19.428112+09:00
Actuary Manual,,,failed,False,2026-08-27T22:13:04.123105+09:00
Actuary Map,10.0,7.0,success,False,2026-08-17T20:44:32.138425+09:00
Actuary Margin,,,failed,False,2026-08-23T02:53:11.692862+09:00
Actuary Memo,,,failed,False,2026-08-21T00:32:20.380964+09:00
Actuary Message,,,failed,False,2026-08-27T23:15:46.670229+09:00
Actuary Meter,,,failed,False,2026-08-17T21:38:18.723173+09:00
Actuary Metrics,,,failed,False,2026-08-17T23:07:43.866571+09:00
Actuary Monitor,,,failed,False,2026-08-17T23:12:59.903146+09:00
Actuary Navigator,,,failed,False,2026-08-17T23:31:38.790135+09:00
Actuary Nexus,,,failed,False,2026-08-17T20:45:56.929111+09:00
Actuary Node,,,failed,False,2026-08-17T20:48:26.612997+09:00
Actuary Note,,,failed,False,2026-08-19T13:30:39.417389+09:00
Actuary Number,,,failed,False,2026-08-23T03:16:39.334057+09:00
Actuary Office,170.0,1.0,success,False,2026-08-19T00:03:12.143780+09:00
Actuary Ops,,,failed,False,2026-08-17T23:03:48.755656+09:00
Actuary Order,,,failed,False,2026-08-19T21:49:58.938963+09:00
Actuary Organizer,,,failed,False,2026-08-17T23:30:43.619577+09:00
Actuary Overage,,,failed,False,2026-08-27T21:48:42.861590+09:00
Actuary Overdue,,,failed,False,2026-08-27T21:48:38.041939+09:00
Actuary Panel,,,failed,False,2026-08-17T21:41:47.180143+09:00
Actuary Pass,,,failed,False,2026-08-21T00:31:36.211701+09:00
Actuary Path,210.0,8.0,success,False,2026-08-17T20:47:47.373505+09:00
Actuary Payoff,,,failed,False,2026-08-27T21:48:40.249889+09:00
Actuary Petition,,,failed,False,2026-08-21T01:06:19.538829+09:00
Actuary Pilot,,,failed,False,2026-08-17T20:37:18.091212+09:00
Actuary Plan,,,failed,False,2026-08-21T01:58:09.087030+09:00
Actuary Planner,,,failed,False,2026-08-17T23:30:28.172183+09:00
Actuary Playbook,,,failed,False,2026-08-18T22:04:27.693577+09:00
Actuary Point,,,failed,False,2026-08-17T20:46:27.690682+09:00
Actuary Portal,,,failed,False,2026-08-17T20:31:49.556843+09:00
Actuary Preview,,,failed,False,2026-08-28T01:01:45.010115+09:00
Actuary Profile,10.0,3.0,success,False,2026-08-19T13:30:54.229704+09:00
Actuary Profit,,,failed,False,2026-08-23T02:53:02.917433+09:00
Actuary Pulse,,,failed,False,2026-08-17T21:31:17.550614+09:00
Actuary Queue,,,failed,False,2026-08-19T21:04:31.572257+09:00
Actuary Quota,,,failed,False,2026-08-21T00:32:26.715092+09:00
Actuary Radar,,,failed,False,2026-08-17T20:35:20.751202+09:00
Actuary Rail,,,failed,False,2026-08-17T21:34:01.777052+09:00
Actuary Rank,,,failed,False,2026-08-28T00:45:35.673593+09:00
Actuary Rate,,,failed,False,2026-08-19T20:47:08.500238+09:00
Actuary Recap,,,failed,False,2026-08-21T01:06:36.051415+09:00
Actuary Receipt,,,failed,False,2026-08-19T21:50:21.596797+09:00
Actuary Register,40.0,3.0,success,False,2026-08-17T23:31:54.862824+09:00
Actuary Registry,,,failed,False,2026-08-18T22:05:10.153828+09:00
Actuary Relay,,,failed,False,2026-08-17T20:34:25.476328+09:00
Actuary Reminder,,,failed,False,2026-08-19T21:03:38.962662+09:00
Actuary Report,880.0,2.0,success,False,2026-08-19T13:29:00.478751+09:00
Actuary Roadmap,50.0,5.0,success,False,2026-08-18T22:05:53.928204+09:00
Actuary Roster,,,failed,False,2026-08-19T00:37:42.157517+09:00
Actuary Route,,,failed,False,2026-08-17T21:36:10.133574+09:00
Actuary Rule,,,failed,False,2026-08-23T03:16:51.782987+09:00
Actuary Sale,,,failed,False,2026-08-21T02:30:47.137745+09:00
Actuary Sample,,,failed,False,2026-08-19T21:51:25.452105+09:00
Actuary Scale,,,failed,False,2026-08-17T21:37:08.932405+09:00
Actuary Scheduler,,,failed,False,2026-08-17T23:05:57.160852+09:00
Actuary Scope,10.0,0.0,success,False,2026-08-17T21:34:31.783933+09:00
Actuary Score,,,failed,False,2026-08-19T13:30:30.638587+09:00
Actuary Sentry,,,failed,False,2026-08-17T20:44:10.950266+09:00
Actuary Sheet,,,failed,False,2026-08-19T13:29:56.430090+09:00
Actuary Shortfall,,,failed,False,2026-08-27T21:48:49.180539+09:00
Actuary Signal,,,failed,False,2026-08-17T21:36:38.708092+09:00
Actuary Signature,,,failed,False,2026-08-23T13:27:28.386352+09:00
Actuary Slip,,,failed,False,2026-08-19T21:51:16.066048+09:00
Actuary Slot,,,failed,False,2026-08-19T21:51:34.255432+09:00
Actuary Snapshot,,,failed,False,2026-08-18T22:04:47.341629+09:00
Actuary Stake,,,failed,False,2026-08-23T02:53:06.849591+09:00
Actuary Statement,,,failed,False,2026-08-21T00:32:03.646563+09:00
Actuary Station,,,failed,False,2026-08-17T20:35:51.368204+09:00
Actuary Status,,,failed,False,2026-08-19T20:46:39.045000+09:00
Actuary Stub,,,failed,False,2026-08-21T00:31:54.895534+09:00
Actuary Studio,,,failed,False,2026-08-17T20:37:49.257868+09:00
Actuary Subsidy,,,failed,False,2026-08-23T15:51:53.307481+09:00
Actuary Suite,,,failed,False,2026-08-17T23:04:07.422993+09:00
Actuary Sum,,,failed,False,2026-08-21T02:30:30.378357+09:00
Actuary Summary,,,failed,False,2026-08-19T21:32:44.531306+09:00
Actuary Sync,,,failed,False,2026-08-17T20:40:03.112671+09:00
Actuary Tab,,,failed,False,2026-08-21T00:32:40.998784+09:00
Actuary Table,4400.0,0.0,success,True,2026-08-19T21:50:54.613076+09:00
Actuary Tag,,,failed,False,2026-08-19T13:30:48.441659+09:00
Actuary Tally,,,failed,False,2026-08-21T00:32:08.971513+09:00
Actuary Tariff,,,failed,False,2026-08-21T02:37:11.292116+09:00
Actuary Tax,,,failed,False,2026-08-21T02:14:16.325639+09:00
Actuary Ticket,,,failed,False,2026-08-19T21:04:17.654082+09:00
Actuary Timeline,20.0,5.0,success,False,2026-08-19T21:03:21.176777+09:00
Actuary Toll,,,failed,False,2026-08-21T02:37:05.084488+09:00
Actuary Toolbox,,,failed,False,2026-08-28T00:27:37.736040+09:00
Actuary Toolkit,,,failed,False,2026-08-18T22:04:18.397619+09:00
Actuary Total,,,failed,False,2026-08-27T23:15:49.054288+09:00
Actuary Tracker,,,failed,False,2026-08-17T20:40:49.686418+09:00
Actuary Trail,,,failed,False,2026-08-17T21:33:02.340741+09:00
Actuary Trial,,,failed,False,2026-08-27T21:17:37.644775+09:00
Actuary Unit,,,failed,False,2026-08-21T01:58:05.254245+09:00
Actuary Update,,,failed,False,2026-08-19T20:47:10.772818+09:00
Actuary Value,10.0,0.0,success,False,2026-08-23T02:53:02.917433+09:00
Actuary Vault,,,failed,False,2026-08-17T20:33:31.328442+09:00
Actuary Version,,,failed,False,2026-08-23T03:16:44.260724+09:00
Actuary View,,,failed,False,2026-08-19T20:46:44.181940+09:00
Actuary Voucher,,,failed,False,2026-08-21T00:31:41.208752+09:00
Actuary Watch,,,failed,False,2026-08-17T21:35:36.118436+09:00
Actuary Wave,,,failed,False,2026-08-17T21:30:08.257838+09:00
Actuary Widget,,,failed,False,2026-08-27T23:15:53.344715+09:00
Actuary Workbench,,,failed,False,2026-08-18T22:04:05.188286+09:00
Actuary Worksheet,,,failed,False,2026-08-27T22:13:04.123105+09:00
Actuary Workshop,,,failed,False,2026-08-28T00:27:35.071119+09:00
Actuary Zone,,,failed,False,2026-08-17T20:32:58.642411+09:00
Addendum Alert,,,failed,False,2026-08-21T01:37:41.835664+09:00
Addendum Allowance,,,failed,False,2026-08-21T02:39:41.486000+09:00
Addendum Analyzer,,,failed,False,2026-08-27T23:57:33.676197+09:00
Addendum Atlas,,,failed,False,2026-08-21T01:35:57.190155+09:00
Addendum Attribute,,,failed,False,2026-08-23T13:08:27.240954+09:00
Addendum Badge,,,failed,False,2026-08-21T01:40:48.434359+09:00
Addendum Base,,,failed,False,2026-08-21T01:43:00.390217+09:00
Addendum Beacon,,,failed,False,2026-08-21T01:42:05.228292+09:00
Addendum Bill,,,failed,False,2026-08-21T01:40:12.068388+09:00
Addendum Bin,,,failed,False,2026-08-21T01:37:48.907066+09:00
Addendum Board,,,failed,False,2026-08-21T01:43:14.953756+09:00
Addendum Bridge,,,failed,False,2026-08-21T01:42:20.086183+09:00
Addendum Brief,,,failed,False,2026-08-21T01:41:14.289680+09:00
Addendum Bulletin,,,failed,False,2026-08-21T01:41:08.747647+09:00
Addendum Cabinet,,,failed,False,2026-08-27T23:14:03.822687+09:00
Addendum Card,,,failed,False,2026-08-21T01:38:38.622768+09:00
Addendum Cascade,,,failed,False,2026-08-21T01:42:13.880844+09:00
Addendum Cash,,,failed,False,2026-08-21T02:22:45.760304+09:00
Addendum Cashback,,,failed,False,2026-08-27T21:15:09.099124+09:00
Addendum Category,,,failed,False,2026-08-23T13:08:24.927067+09:00
Addendum Center,,,failed,False,2026-08-21T01:43:45.085248+09:00
Addendum Chain,,,failed,False,2026-08-21T01:44:25.853714+09:00
Addendum Charge,30.0,0.0,success,False,2026-08-21T02:39:27.182357+09:00
Addendum Chart,,,failed,False,2026-08-21T01:37:46.611348+09:00
Addendum Check,,,failed,False,2026-08-21T01:38:42.867462+09:00
Addendum Checker,,,failed,False,2026-08-27T23:57:28.605750+09:00
Addendum Circular,,,failed,False,2026-08-21T01:41:16.296353+09:00
Addendum Code,,,failed,False,2026-08-21T01:40:19.724237+09:00
Addendum Comparison,,,failed,False,2026-08-28T01:08:26.427990+09:00
Addendum Confirmation,,,failed,False,2026-08-21T01:41:25.621539+09:00
Addendum Console,,,failed,False,2026-08-21T01:43:59.593158+09:00
Addendum Core,,,failed,False,2026-08-21T01:43:03.421356+09:00
Addendum Cost,10.0,0.0,success,False,2026-08-21T02:15:26.957875+09:00
Addendum Count,,,failed,False,2026-08-27T22:48:31.695595+09:00
Addendum Counter,,,failed,False,2026-08-21T01:36:47.067872+09:00
Addendum Coupon,,,failed,False,2026-08-27T21:15:09.099124+09:00
Addendum Deal,,,failed,False,2026-08-21T01:59:08.747160+09:00
Addendum Debt,,,failed,False,2026-08-21T02:22:32.305318+09:00
Addendum Deck,,,failed,False,2026-08-21T01:43:18.678031+09:00
Addendum Desk,,,failed,False,2026-08-21T01:41:48.955996+09:00
Addendum Detail,,,failed,False,2026-08-23T03:20:27.097448+09:00
Addendum Detector,,,failed,False,2026-08-27T23:57:31.093402+09:00
Addendum Directory,,,failed,False,2026-08-21T01:35:57.190155+09:00
Addendum Draft,140.0,0.0,success,False,2026-08-21T01:39:38.707543+09:00
Addendum Due,,,failed,False,2026-08-23T15:50:16.987712+09:00
Addendum Duty,,,failed,False,2026-08-21T02:39:34.519072+09:00
Addendum Engine,,,failed,False,2026-08-21T01:35:57.190155+09:00
Addendum Entry,,,failed,False,2026-08-21T01:41:35.548332+09:00
Addendum Estimate,,,failed,False,2026-08-21T01:40:03.980146+09:00
Addendum Extension,,,failed,False,2026-08-23T16:37:47.617319+09:00
Addendum Fare,,,failed,False,2026-08-21T02:15:35.751133+09:00
Addendum Fee,30.0,0.0,success,False,2026-08-21T01:58:52.066039+09:00
Addendum Feed,,,failed,False,2026-08-21T01:39:35.935414+09:00
Addendum Field,,,failed,False,2026-08-23T13:08:30.246419+09:00
Addendum File,10.0,0.0,success,False,2026-08-21T01:39:18.143916+09:00
Addendum Finder,,,failed,False,2026-08-21T01:36:39.432784+09:00
Addendum Fine,,,failed,False,2026-08-23T02:55:08.559599+09:00
Addendum Flow,,,failed,False,2026-08-21T01:41:42.095051+09:00
Addendum Forge,,,failed,False,2026-08-21T01:42:11.023754+09:00
Addendum Form,720.0,3.0,success,False,2026-08-21T01:38:34.046103+09:00
Addendum Format,720.0,3.0,success,False,2026-08-23T13:08:34.053815+09:00
Addendum Frame,,,failed,False,2026-08-21T01:42:58.216620+09:00
Addendum Fund,,,failed,False,2026-08-21T02:22:40.576459+09:00
Addendum Gate,,,failed,False,2026-08-21T01:44:33.537295+09:00
Addendum Generator,,,failed,False,2026-08-27T23:35:20.435817+09:00
Addendum Giveaway,,,failed,False,2026-08-27T21:15:16.328313+09:00
Addendum Grid,,,failed,False,2026-08-21T01:42:40.721389+09:00
Addendum Guardian,,,failed,False,2026-08-28T00:26:39.760657+09:00
Addendum Helpdesk,,,failed,False,2026-08-27T22:48:31.695595+09:00
Addendum Helper,,,failed,False,2026-08-28T00:26:42.212784+09:00
Addendum History,,,failed,False,2026-08-21T01:39:12.504942+09:00
Addendum Hub,,,failed,False,2026-08-21T01:41:46.462785+09:00
Addendum Identifier,,,failed,False,2026-08-23T13:08:21.567126+09:00
Addendum Incentive,,,failed,False,2026-08-27T21:15:13.256077+09:00
Addendum Index,,,failed,False,2026-08-21T01:39:55.005229+09:00
Addendum Item,,,failed,False,2026-08-21T01:58:55.002196+09:00
Addendum Journal,10.0,0.0,success,False,2026-08-21T01:35:57.190155+09:00
Addendum Keeper,,,failed,False,2026-08-21T01:35:57.190155+09:00
Addendum Lab,,,failed,False,2026-08-21T01:43:27.778790+09:00
Addendum Ledger,,,failed,False,2026-08-21T01:43:12.278953+09:00
Addendum Level,,,failed,False,2026-08-21T01:39:21.617747+09:00
Addendum Link,,,failed,False,2026-08-23T03:20:18.367542+09:00
Addendum List,90.0,0.0,success,False,2026-08-21T01:40:26.570038+09:00
Addendum Loan,,,failed,False,2026-08-21T02:06:07.596179+09:00
Addendum Locator,,,failed,False,2026-08-21T01:35:57.190155+09:00
Addendum Locker,,,failed,False,2026-08-21T01:36:52.456000+09:00
Addendum Log,,,failed,False,2026-08-21T01:38:31.485069+09:00
Addendum Loop,,,failed,False,2026-08-21T01:42:34.994206+09:00
Addendum Map,,,failed,False,2026-08-21T01:42:53.677401+09:00
Addendum Margin,,,failed,False,2026-08-23T02:55:04.865137+09:00
Addendum Markup,,,failed,False,2026-08-23T16:37:45.266937+09:00
Addendum Memo,260.0,0.0,success,False,2026-08-21T01:40:58.554709+09:00
Addendum Message,,,failed,False,2026-08-27T23:13:58.602342+09:00
Addendum Monitor,,,failed,False,2026-08-21T01:35:57.190155+09:00
Addendum Nexus,,,failed,False,2026-08-21T01:44:38.139446+09:00
Addendum Note,260.0,0.0,success,False,2026-08-21T01:38:50.640665+09:00
Addendum Notification,30.0,0.0,success,False,2026-08-27T22:48:20.741854+09:00
Addendum Number,90.0,0.0,success,False,2026-08-23T03:20:11.001534+09:00
Addendum Office,,,failed,False,2026-08-21T01:36:42.310879+09:00
Addendum Ops,,,failed,False,2026-08-21T01:35:57.190155+09:00
Addendum Order,40.0,0.0,success,False,2026-08-21T01:40:07.956384+09:00
Addendum Panel,,,failed,False,2026-08-21T01:44:01.894856+09:00
Addendum Pass,,,failed,False,2026-08-21T01:40:42.553901+09:00
Addendum Path,,,failed,False,2026-08-21T01:42:48.869153+09:00
Addendum Penalty,,,failed,False,2026-08-23T16:37:45.266937+09:00
Addendum Petition,,,failed,False,2026-08-21T01:41:22.153477+09:00
Addendum Plan,,,failed,False,2026-08-21T01:59:02.481770+09:00
Addendum Planner,,,failed,False,2026-08-21T01:35:57.190155+09:00
Addendum Playbook,,,failed,False,2026-08-21T01:35:57.190155+09:00
Addendum Point,,,failed,False,2026-08-21T01:42:51.256978+09:00
Addendum Portal,,,failed,False,2026-08-21T01:43:52.896076+09:00
Addendum Preview,,,failed,False,2026-08-28T01:08:29.646959+09:00
Addendum Profile,,,failed,False,2026-08-21T01:38:57.072218+09:00
Addendum Profit,,,failed,False,2026-08-23T02:54:55.052160+09:00
Addendum Quota,,,failed,False,2026-08-21T01:41:02.771886+09:00
Addendum Radar,,,failed,False,2026-08-21T01:41:52.008026+09:00
Addendum Rate,,,failed,False,2026-08-21T01:39:27.131441+09:00
Addendum Receipt,,,failed,False,2026-08-21T01:40:17.321567+09:00
Addendum Recorder,,,failed,False,2026-08-27T23:35:24.571352+09:00
Addendum Register,,,failed,False,2026-08-21T01:35:57.190155+09:00
Addendum Relay,,,failed,False,2026-08-21T01:41:56.935291+09:00
Addendum Reminder,,,failed,False,2026-08-21T01:39:49.686792+09:00
Addendum Report,590.0,0.0,success,False,2026-08-21T01:38:24.012895+09:00
Addendum Repository,,,failed,False,2026-08-27T23:14:08.485077+09:00
Addendum Ring,,,failed,False,2026-08-21T01:44:31.242398+09:00
Addendum Roster,,,failed,False,2026-08-21T01:37:34.913486+09:00
Addendum Route,,,failed,False,2026-08-21T01:44:11.369887+09:00
Addendum Rule,,,failed,False,2026-08-23T03:20:22.973389+09:00
Addendum Sale,,,failed,False,2026-08-21T02:22:48.105050+09:00
Addendum Sample,590.0,3.0,success,False,2026-08-21T01:40:35.434951+09:00
Addendum Scale,,,failed,False,2026-08-21T01:44:07.789434+09:00
Addendum Scanner,,,failed,False,2026-08-27T23:57:28.605750+09:00
Addendum Score,,,failed,False,2026-08-21T01:38:48.053655+09:00
Addendum Sheet,50.0,0.0,success,False,2026-08-21T01:38:40.726969+09:00
Addendum Signal,,,failed,False,2026-08-21T01:42:22.878879+09:00
Addendum Signature,,,failed,False,2026-08-23T13:28:07.800496+09:00
Addendum Slip,,,failed,False,2026-08-21T01:40:31.088878+09:00
Addendum Slot,,,failed,False,2026-08-21T01:40:37.729948+09:00
Addendum Stage,,,failed,False,2026-08-28T00:48:27.212910+09:00
Addendum Stake,,,failed,False,2026-08-23T02:55:02.071314+09:00
Addendum Stamp,,,failed,False,2026-08-23T13:28:07.800496+09:00
Addendum Statement,70.0,1.0,success,False,2026-08-21T01:40:55.486600+09:00
Addendum Station,,,failed,False,2026-08-21T01:43:34.239530+09:00
Addendum Status,,,failed,False,2026-08-21T01:39:01.261860+09:00
Addendum Stub,,,failed,False,2026-08-21T01:40:53.074721+09:00
Addendum Studio,,,failed,False,2026-08-21T01:43:25.178324+09:00
Addendum Sum,,,failed,False,2026-08-21T02:22:28.218601+09:00
Addendum Summary,,,failed,False,2026-08-21T01:39:45.118535+09:00
Addendum Tab,,,failed,False,2026-08-21T01:41:06.507181+09:00
Addendum Table,,,failed,False,2026-08-21T01:40:28.771256+09:00
Addendum Tag,,,failed,False,2026-08-21T01:38:54.698036+09:00
Addendum Tariff,,,failed,False,2026-08-21T02:39:46.933675+09:00
Addendum Tax,210.0,3.0,success,False,2026-08-21T02:15:35.751133+09:00
Addendum Terminal,,,failed,False,2026-08-21T01:43:42.058918+09:00
Addendum Ticket,,,failed,False,2026-08-21T01:39:59.295312+09:00
Addendum Timeline,,,failed,False,2026-08-21T01:39:47.385700+09:00
Addendum Timer,,,failed,False,2026-08-28T00:26:37.162050+09:00
Addendum Toll,,,failed,False,2026-08-21T02:39:36.901337+09:00
Addendum Toolbox,,,failed,False,2026-08-28T00:26:39.760657+09:00
Addendum Total,,,failed,False,2026-08-27T23:14:01.250377+09:00
Addendum Tracker,,,failed,False,2026-08-21T01:41:39.026443+09:00
Addendum Trial,,,failed,False,2026-08-27T21:15:13.256077+09:00
Addendum Unit,,,failed,False,2026-08-21T01:58:58.757504+09:00
Addendum Update,,,failed,False,2026-08-21T01:39:30.579891+09:00
Addendum Value,,,failed,False,2026-08-23T02:54:57.045583+09:00
Addendum Vault,,,failed,False,2026-08-21T01:42:00.180241+09:00
Addendum Version,,,failed,False,2026-08-23T03:20:15.434284+09:00
Addendum View,,,failed,False,2026-08-21T01:39:07.193029+09:00
Addendum Voucher,,,failed,False,2026-08-21T01:40:45.060160+09:00
Addendum Watch,,,failed,False,2026-08-21T01:42:29.387533+09:00
Addendum Wave,,,failed,False,2026-08-21T01:42:43.370438+09:00
Addendum Widget,,,failed,False,2026-08-27T23:14:03.822687+09:00
Addendum Worksheet,,,failed,False,2026-08-27T22:09:32.047106+09:00
Addendum Workshop,,,failed,False,2026-08-28T00:26:37.162050+09:00
Addendum Zone,,,failed,False,2026-08-21T01:43:50.237250+09:00
Adherence Advisory,,,failed,False,2026-08-21T01:02:23.111892+09:00
Adherence Allowance,,,failed,False,2026-08-21T02:41:05.925111+09:00
Adherence Almanac,,,failed,False,2026-08-18T22:08:12.988621+09:00
Adherence Analyzer,,,failed,False,2026-08-27T23:59:02.052548+09:00
Adherence Anchor,,,failed,False,2026-08-17T23:27:53.024871+09:00
Adherence Assistant,,,failed,False,2026-08-17T23:23:45.943375+09:00
Adherence Atlas,,,failed,False,2026-08-17T23:33:15.463532+09:00
Adherence Attribute,,,failed,False,2026-08-23T13:07:48.964667+09:00
Adherence Badge,,,failed,False,2026-08-21T00:26:28.007677+09:00
Adherence Base,,,failed,False,2026-08-17T23:29:55.087176+09:00
Adherence Beacon,,,failed,False,2026-08-17T23:27:26.699527+09:00
Adherence Bill,,,failed,False,2026-08-19T22:06:56.710970+09:00
Adherence Blueprint,,,failed,False,2026-08-18T22:08:04.928972+09:00
Adherence Board,,,failed,False,2026-08-17T23:11:16.019102+09:00
Adherence Book,,,failed,False,2026-08-19T21:45:53.420711+09:00
Adherence Bridge,,,failed,False,2026-08-17T23:10:00.779750+09:00
Adherence Brief,,,failed,False,2026-08-21T01:00:36.022676+09:00
Adherence Bulletin,,,failed,False,2026-08-21T01:00:31.922622+09:00
Adherence Calculator,40.0,0.0,success,False,2026-08-27T23:36:40.825682+09:00
Adherence Calendar,,,failed,False,2026-08-19T00:02:09.626106+09:00
Adherence Card,,,failed,False,2026-08-19T13:32:19.751583+09:00
Adherence Cascade,,,failed,False,2026-08-17T23:27:42.956477+09:00
Adherence Cash,,,failed,False,2026-08-21T02:25:28.596275+09:00
Adherence Cashback,,,failed,False,2026-08-27T21:18:26.738212+09:00
Adherence Category,,,failed,False,2026-08-23T13:07:46.002648+09:00
Adherence Center,,,failed,False,2026-08-17T23:07:36.976637+09:00
Adherence Chain,,,failed,False,2026-08-17T23:12:30.403803+09:00
Adherence Charge,,,failed,False,2026-08-21T02:40:47.085181+09:00
Adherence Check,,,failed,False,2026-08-19T13:32:40.491815+09:00
Adherence Checker,,,failed,False,2026-08-27T23:58:55.210944+09:00
Adherence Circular,,,failed,False,2026-08-21T01:02:20.703041+09:00
Adherence Cockpit,,,failed,False,2026-08-17T23:13:49.973223+09:00
Adherence Code,,,failed,False,2026-08-19T22:07:21.096531+09:00
Adherence Codex,,,failed,False,2026-08-18T22:08:28.742242+09:00
Adherence Companion,,,failed,False,2026-08-17T23:25:43.129443+09:00
Adherence Comparison,,,failed,False,2026-08-28T01:08:56.786303+09:00
Adherence Compass,,,failed,False,2026-08-17T23:08:17.909902+09:00
Adherence Compendium,,,failed,False,2026-08-18T22:08:21.500006+09:00
Adherence Confirmation,,,failed,False,2026-08-21T01:00:50.612821+09:00
Adherence Console,,,failed,False,2026-08-17T23:31:33.228756+09:00
Adherence Copayment,,,failed,False,2026-08-23T16:39:45.505448+09:00
Adherence Core,,,failed,False,2026-08-17T23:04:01.438390+09:00
Adherence Cost,,,failed,False,2026-08-21T02:09:44.145059+09:00
Adherence Count,,,failed,False,2026-08-27T22:50:39.556744+09:00
Adherence Counter,,,failed,False,2026-08-19T00:02:58.410814+09:00
Adherence Coupon,,,failed,False,2026-08-27T21:18:16.007823+09:00
Adherence Dashboard,,,failed,False,2026-08-17T23:25:18.715654+09:00
Adherence Deal,,,failed,False,2026-08-21T01:53:42.905283+09:00
Adherence Debt,,,failed,False,2026-08-21T02:25:19.750628+09:00
Adherence Deck,,,failed,False,2026-08-17T23:30:24.350682+09:00
Adherence Depot,,,failed,False,2026-08-19T00:02:39.195734+09:00
Adherence Desk,,,failed,False,2026-08-17T23:06:32.975995+09:00
Adherence Detail,,,failed,False,2026-08-23T03:20:15.434284+09:00
Adherence Detector,,,failed,False,2026-08-27T23:58:58.371988+09:00
Adherence Dial,,,failed,False,2026-08-17T23:31:48.177682+09:00
Adherence Digest,,,failed,False,2026-08-19T20:47:17.630061+09:00
Adherence Directory,,,failed,False,2026-08-19T00:02:18.071698+09:00
Adherence Discount,,,failed,False,2026-08-23T16:15:50.711564+09:00
Adherence Dock,,,failed,False,2026-08-17T23:32:27.078253+09:00
Adherence Dossier,,,failed,False,2026-08-21T01:00:54.642749+09:00
Adherence Downpayment,,,failed,False,2026-08-27T21:49:33.781529+09:00
Adherence Due,,,failed,False,2026-08-23T15:52:26.691302+09:00
Adherence Duty,,,failed,False,2026-08-21T02:40:59.157491+09:00
Adherence Engine,,,failed,False,2026-08-17T23:10:35.067749+09:00
Adherence Entry,,,failed,False,2026-08-21T01:01:05.241118+09:00
Adherence Estimate,,,failed,False,2026-08-19T21:32:44.531306+09:00
Adherence Estimator,10.0,18.0,success,False,2026-08-27T23:58:55.210944+09:00
Adherence Fare,,,failed,False,2026-08-21T02:09:52.288046+09:00
Adherence Fee,,,failed,False,2026-08-21T01:53:20.957099+09:00
Adherence Feed,,,failed,False,2026-08-19T20:47:22.248072+09:00
Adherence File,,,failed,False,2026-08-19T20:46:54.929939+09:00
Adherence Finder,,,failed,False,2026-08-19T00:02:34.221000+09:00
Adherence Fine,,,failed,False,2026-08-23T02:55:35.353388+09:00
Adherence Flag,,,failed,False,2026-08-21T00:27:09.364121+09:00
Adherence Flow,,,failed,False,2026-08-17T23:26:27.360355+09:00
Adherence Forge,,,failed,False,2026-08-17T23:15:07.247244+09:00
Adherence Form,10.0,0.0,success,False,2026-08-19T13:32:09.131651+09:00
Adherence Format,,,failed,False,2026-08-23T13:07:51.086484+09:00
Adherence Frame,,,failed,False,2026-08-17T23:09:40.999221+09:00
Adherence Fund,,,failed,False,2026-08-21T02:25:24.803683+09:00
Adherence Gate,,,failed,False,2026-08-17T23:33:04.806706+09:00
Adherence Giveaway,,,failed,False,2026-08-27T21:18:35.629474+09:00
Adherence Grade,,,failed,False,2026-08-21T00:26:46.014545+09:00
Adherence Graph,,,failed,False,2026-08-27T22:13:53.849783+09:00
Adherence Grid,,,failed,False,2026-08-17T23:06:09.735984+09:00
Adherence Guard,,,failed,False,2026-08-17T23:10:18.497736+09:00
Adherence Guardian,,,failed,False,2026-08-28T00:27:27.697084+09:00
Adherence Guidebook,,,failed,False,2026-08-18T22:07:49.432223+09:00
Adherence Helpdesk,,,failed,False,2026-08-27T22:50:39.556744+09:00
Adherence Helper,,,failed,False,2026-08-28T00:27:31.291174+09:00
Adherence History,,,failed,False,2026-08-19T20:46:49.166137+09:00
Adherence Hub,,,failed,False,2026-08-17T23:11:53.398319+09:00
Adherence Identifier,,,failed,False,2026-08-23T13:07:43.906174+09:00
Adherence Incentive,,,failed,False,2026-08-27T21:18:29.046782+09:00
Adherence Index,,,failed,False,2026-08-19T21:32:39.944567+09:00
Adherence Insight,,,failed,False,2026-08-17T23:06:52.573020+09:00
Adherence Installment,,,failed,False,2026-08-23T16:15:54.401659+09:00
Adherence Item,,,failed,False,2026-08-21T01:53:25.014716+09:00
Adherence Journal,,,failed,False,2026-08-18T22:07:33.444344+09:00
Adherence Keeper,,,failed,False,2026-08-17T23:33:31.331574+09:00
Adherence Kit,,,failed,False,2026-08-27T22:50:33.048353+09:00
Adherence Lab,,,failed,False,2026-08-17T23:30:39.559752+09:00
Adherence Label,,,failed,False,2026-08-27T22:13:56.258937+09:00
Adherence Ledger,,,failed,False,2026-08-17T23:30:11.118322+09:00
Adherence Lens,,,failed,False,2026-08-17T23:29:38.825411+09:00
Adherence Level,20.0,0.0,success,False,2026-08-19T20:47:00.737978+09:00
Adherence Levy,,,failed,False,2026-08-23T13:47:46.605419+09:00
Adherence Link,,,failed,False,2026-08-23T03:20:07.416918+09:00
Adherence List,,,failed,False,2026-08-19T22:07:28.246340+09:00
Adherence Loan,,,failed,False,2026-08-21T02:10:00.502849+09:00
Adherence Locator,,,failed,False,2026-08-19T00:02:27.896414+09:00
Adherence Lock,,,failed,False,2026-08-17T23:29:20.352796+09:00
Adherence Log,,,failed,False,2026-08-19T13:32:02.705004+09:00
Adherence Loop,,,failed,False,2026-08-17T23:28:25.880563+09:00
Adherence Manager,10.0,9.0,success,False,2026-08-17T22:48:03.176041+09:00
Adherence Manual,,,failed,False,2026-08-27T22:14:02.180893+09:00
Adherence Map,,,failed,False,2026-08-17T23:14:51.389027+09:00
Adherence Memo,,,failed,False,2026-08-21T00:26:53.623558+09:00
Adherence Message,,,failed,False,2026-08-27T23:15:58.535794+09:00
Adherence Meter,,,failed,False,2026-08-17T23:03:41.404316+09:00
Adherence Metrics,10.0,0.0,success,False,2026-08-17T23:24:49.201687+09:00
Adherence Monitor,,,failed,False,2026-08-17T23:24:26.895595+09:00
Adherence Navigator,,,failed,False,2026-08-17T23:08:38.142070+09:00
Adherence Nexus,,,failed,False,2026-08-17T23:14:10.961193+09:00
Adherence Node,,,failed,False,2026-08-17T23:07:13.674847+09:00
Adherence Note,,,failed,False,2026-08-19T13:32:52.541757+09:00
Adherence Notification,,,failed,False,2026-08-27T22:50:33.048353+09:00
Adherence Number,,,failed,False,2026-08-23T03:20:00.686198+09:00
Adherence Office,,,failed,False,2026-08-19T00:02:48.631996+09:00
Adherence Ops,,,failed,False,2026-08-17T23:25:59.230175+09:00
Adherence Order,,,failed,False,2026-08-19T22:06:47.930339+09:00
Adherence Organizer,,,failed,False,2026-08-17T23:12:11.666158+09:00
Adherence Overage,,,failed,False,2026-08-27T21:49:31.660766+09:00
Adherence Overdue,,,failed,False,2026-08-27T21:49:27.090308+09:00
Adherence Panel,,,failed,False,2026-08-17T23:09:22.045461+09:00
Adherence Path,,,failed,False,2026-08-17T23:29:03.554808+09:00
Adherence Payoff,,,failed,False,2026-08-27T21:49:29.301041+09:00
Adherence Penalty,,,failed,False,2026-08-23T16:39:43.377708+09:00
Adherence Petition,,,failed,False,2026-08-21T01:00:44.838906+09:00
Adherence Pilot,,,failed,False,2026-08-17T23:26:41.280182+09:00
Adherence Plan,20.0,0.0,success,False,2026-08-21T01:53:35.907769+09:00
Adherence Planner,,,failed,False,2026-08-17T23:04:59.397693+09:00
Adherence Playbook,,,failed,False,2026-08-18T22:07:26.351718+09:00
Adherence Point,320.0,0.0,success,False,2026-08-17T23:07:56.377169+09:00
Adherence Portal,,,failed,False,2026-08-17T23:14:31.375028+09:00
Adherence Profile,,,failed,False,2026-08-19T13:33:08.765794+09:00
Adherence Profit,,,failed,False,2026-08-23T02:55:24.224280+09:00
Adherence Pulse,,,failed,False,2026-08-17T23:28:46.712952+09:00
Adherence Quota,,,failed,False,2026-08-21T00:27:00.975108+09:00
Adherence Radar,,,failed,False,2026-08-17T23:26:55.594772+09:00
Adherence Rail,,,failed,False,2026-08-17T23:05:24.872109+09:00
Adherence Rank,,,failed,False,2026-08-28T00:49:05.838031+09:00
Adherence Rate,210.0,1.0,success,False,2026-08-19T20:47:06.290958+09:00
Adherence Recap,,,failed,False,2026-08-21T01:00:56.888807+09:00
Adherence Receipt,,,failed,False,2026-08-19T22:07:06.557200+09:00
Adherence Recorder,,,failed,False,2026-08-27T23:36:40.825682+09:00
Adherence Register,,,failed,False,2026-08-17T23:15:25.442488+09:00
Adherence Registry,,,failed,False,2026-08-18T22:07:58.079048+09:00
Adherence Relay,,,failed,False,2026-08-17T23:13:32.470918+09:00
Adherence Reminder,,,failed,False,2026-08-19T21:32:38.095873+09:00
Adherence Report,50.0,0.0,success,False,2026-08-19T13:31:52.943506+09:00
Adherence Repository,,,failed,False,2026-08-27T23:16:04.692896+09:00
Adherence Result,,,failed,False,2026-08-28T00:49:02.800291+09:00
Adherence Roadmap,,,failed,False,2026-08-18T22:08:36.440640+09:00
Adherence Roster,,,failed,False,2026-08-19T00:36:46.213084+09:00
Adherence Route,10.0,0.0,success,False,2026-08-17T23:10:55.434729+09:00
Adherence Rule,,,failed,False,2026-08-23T03:20:11.001534+09:00
Adherence Sale,,,failed,False,2026-08-21T02:25:35.476201+09:00
Adherence Sample,,,failed,False,2026-08-19T21:46:20.188818+09:00
Adherence Scale,50.0,0.0,success,False,2026-08-17T23:32:11.092346+09:00
Adherence Scanner,,,failed,False,2026-08-27T23:58:58.371988+09:00
Adherence Scheduler,,,failed,False,2026-08-17T23:24:07.376365+09:00
Adherence Scope,,,failed,False,2026-08-17T23:11:35.407010+09:00
Adherence Score,40.0,1.0,success,False,2026-08-19T13:32:45.255500+09:00
Adherence Sentry,,,failed,False,2026-08-17T23:08:58.203851+09:00
Adherence Sheet,,,failed,False,2026-08-19T13:32:25.938189+09:00
Adherence Shortfall,,,failed,False,2026-08-27T21:49:33.781529+09:00
Adherence Signal,,,failed,False,2026-08-17T23:04:19.754704+09:00
Adherence Slip,,,failed,False,2026-08-19T21:46:07.673702+09:00
Adherence Slot,,,failed,False,2026-08-19T21:46:29.828345+09:00
Adherence Snapshot,,,failed,False,2026-08-18T22:07:42.473360+09:00
Adherence Stake,,,failed,False,2026-08-23T02:55:31.768897+09:00
Adherence Statement,,,failed,False,2026-08-21T00:26:36.041366+09:00
Adherence Station,,,failed,False,2026-08-17T23:12:55.157000+09:00
Adherence Status,,,failed,False,2026-08-19T20:46:39.045000+09:00
Adherence Stipend,,,failed,False,2026-08-23T13:47:49.087746+09:00
Adherence Streak,,,failed,False,2026-08-28T00:49:02.800291+09:00
Adherence Studio,20.0,0.0,success,False,2026-08-17T23:05:47.972316+09:00
Adherence Subsidy,,,failed,False,2026-08-23T15:52:28.857053+09:00
Adherence Suite,,,failed,False,2026-08-17T23:23:29.892589+09:00
Adherence Sum,,,failed,False,2026-08-21T02:25:13.538662+09:00
Adherence Summary,,,failed,False,2026-08-19T21:32:32.734528+09:00
Adherence Sync,,,failed,False,2026-08-17T23:04:39.264131+09:00
Adherence Tab,,,failed,False,2026-08-21T00:27:19.385133+09:00
Adherence Table,,,failed,False,2026-08-19T22:07:41.945033+09:00
Adherence Tag,,,failed,False,2026-08-19T13:33:02.578163+09:00
Adherence Tally,,,failed,False,2026-08-21T00:26:41.627536+09:00
Adherence Tariff,,,failed,False,2026-08-21T02:41:10.290966+09:00
Adherence Tax,,,failed,False,2026-08-21T02:09:56.008511+09:00
Adherence Ticket,,,failed,False,2026-08-19T21:32:42.554846+09:00
Adherence Tier,,,failed,False,2026-08-28T00:49:02.800291+09:00
Adherence Timeline,,,failed,False,2026-08-19T21:32:36.347329+09:00
Adherence Timer,,,failed,False,2026-08-28T00:27:23.571229+09:00
Adherence Toll,,,failed,False,2026-08-21T02:41:02.522533+09:00
Adherence Toolbox,,,failed,False,2026-08-28T00:27:27.697084+09:00
Adherence Toolkit,,,failed,False,2026-08-18T22:07:16.682645+09:00
Adherence Total,,,failed,False,2026-08-27T23:15:58.535794+09:00
Adherence Tracker,40.0,3.0,success,False,2026-08-17T23:26:13.004123+09:00
Adherence Trail,,,failed,False,2026-08-17T23:32:40.699548+09:00
Adherence Trend,,,failed,False,2026-08-28T01:08:56.786303+09:00
Adherence Trial,,,failed,False,2026-08-27T21:18:29.046782+09:00
Adherence Unit,,,failed,False,2026-08-21T01:53:31.985132+09:00
Adherence Update,,,failed,False,2026-08-19T20:47:10.772818+09:00
Adherence Value,,,failed,False,2026-08-23T02:55:28.144750+09:00
Adherence Vault,,,failed,False,2026-08-17T23:27:13.113305+09:00
Adherence Version,,,failed,False,2026-08-23T03:20:04.246790+09:00
Adherence View,,,failed,False,2026-08-19T20:46:44.181940+09:00
Adherence Watch,,,failed,False,2026-08-17T23:28:07.981645+09:00
Adherence Wave,,,failed,False,2026-08-17T23:13:13.553145+09:00
Adherence Widget,,,failed,False,2026-08-27T23:16:01.473407+09:00
Adherence Workbench,,,failed,False,2026-08-18T22:07:09.458547+09:00
Adherence Worksheet,,,failed,False,2026-08-27T22:14:02.180893+09:00
Adherence Zone,,,failed,False,2026-08-17T23:31:17.212800+09:00
Adjuster Advisory,,,failed,False,2026-08-21T01:03:43.052088+09:00
Adjuster Allowance,,,failed,False,2026-08-21T02:43:04.921789+09:00
Adjuster Almanac,,,failed,False,2026-08-18T23:50:10.067508+09:00
Adjuster Analyzer,,,failed,False,2026-08-27T23:51:18.068433+09:00
Adjuster Anchor,,,failed,False,2026-08-17T20:39:21.363517+09:00
Adjuster Announcement,,,failed,False,2026-08-27T23:31:29.961537+09:00
Adjuster Asset,,,failed,False,2026-08-23T13:48:15.214978+09:00
Adjuster Assistant,90.0,2.0,success,False,2026-08-17T23:06:06.115551+09:00
Adjuster Atlas,,,failed,False,2026-08-17T21:40:59.899740+09:00
Adjuster Attribute,,,failed,False,2026-08-23T13:09:07.907049+09:00
Adjuster Badge,,,failed,False,2026-08-21T00:30:19.986675+09:00
Adjuster Balance,,,failed,False,2026-08-23T13:48:10.648745+09:00
Adjuster Base,210.0,7.0,success,False,2026-08-17T21:35:54.911296+09:00
Adjuster Beacon,,,failed,False,2026-08-17T20:42:40.071307+09:00
Adjuster Bill,,,failed,False,2026-08-19T21:51:30.988224+09:00
Adjuster Blueprint,,,failed,False,2026-08-18T23:50:10.067508+09:00
Adjuster Board,,,failed,False,2026-08-17T21:32:47.122898+09:00
Adjuster Book,,,failed,False,2026-08-19T21:52:35.745180+09:00
Adjuster Bridge,,,failed,False,2026-08-17T20:40:17.203996+09:00
Adjuster Brief,,,failed,False,2026-08-21T01:03:33.238339+09:00
Adjuster Bulletin,,,failed,False,2026-08-21T01:03:27.651766+09:00
Adjuster Calendar,,,failed,False,2026-08-18T23:57:31.846586+09:00
Adjuster Card,,,failed,False,2026-08-19T13:39:51.910868+09:00
Adjuster Cascade,,,failed,False,2026-08-17T20:41:01.819842+09:00
Adjuster Cash,,,failed,False,2026-08-21T02:27:33.001702+09:00
Adjuster Catalog,,,failed,False,2026-08-19T21:08:11.674763+09:00
Adjuster Category,,,failed,False,2026-08-23T13:09:05.713550+09:00
Adjuster Center,,,failed,False,2026-08-17T20:44:46.784780+09:00
Adjuster Chain,2400.0,79.0,success,False,2026-08-17T20:34:17.127214+09:00
Adjuster Charge,,,failed,False,2026-08-21T02:42:54.824749+09:00
Adjuster Check,,,failed,False,2026-08-19T13:40:19.370480+09:00
Adjuster Checker,,,failed,False,2026-08-27T23:51:12.915875+09:00
Adjuster Checklist,,,failed,False,2026-08-19T21:07:23.410704+09:00
Adjuster Circular,,,failed,False,2026-08-21T01:03:38.520377+09:00
Adjuster Cockpit,,,failed,False,2026-08-17T23:29:37.041815+09:00
Adjuster Code,,,failed,False,2026-08-19T21:51:58.682281+09:00
Adjuster Codex,,,failed,False,2026-08-18T23:50:10.067508+09:00
Adjuster Companion,,,failed,False,2026-08-17T23:04:01.438390+09:00
Adjuster Comparison,,,failed,False,2026-08-28T01:02:13.095205+09:00
Adjuster Compass,,,failed,False,2026-08-17T20:43:32.566232+09:00
Adjuster Compendium,,,failed,False,2026-08-18T23:50:10.067508+09:00
Adjuster Confirmation,,,failed,False,2026-08-21T01:03:53.377990+09:00
Adjuster Console,,,failed,False,2026-08-17T20:42:12.704128+09:00
Adjuster Core,,,failed,False,2026-08-17T21:34:53.019649+09:00
Adjuster Cost,,,failed,False,2026-08-21T02:11:38.732794+09:00
Adjuster Count,,,failed,False,2026-08-27T22:44:05.542192+09:00
Adjuster Counter,,,failed,False,2026-08-18T23:58:32.218218+09:00
Adjuster Dashboard,,,failed,False,2026-08-17T23:09:40.999221+09:00
Adjuster Deal,,,failed,False,2026-08-21T01:56:03.758206+09:00
Adjuster Debt,,,failed,False,2026-08-21T02:27:23.796384+09:00
Adjuster Deck,,,failed,False,2026-08-17T21:31:35.848823+09:00
Adjuster Depot,10.0,,success,False,2026-08-18T23:58:11.366687+09:00
Adjuster Desk,,,failed,False,2026-08-17T20:47:28.313560+09:00
Adjuster Detail,,,failed,False,2026-08-23T03:22:26.114633+09:00
Adjuster Dial,,,failed,False,2026-08-17T20:40:41.186342+09:00
Adjuster Digest,,,failed,False,2026-08-19T20:38:22.141016+09:00
Adjuster Directory,10.0,,success,False,2026-08-18T23:57:39.317157+09:00
Adjuster Discount,,,failed,False,2026-08-23T16:16:43.466007+09:00
Adjuster Dock,,,failed,False,2026-08-17T20:37:05.313557+09:00
Adjuster Dossier,,,failed,False,2026-08-21T01:03:59.232813+09:00
Adjuster Downpayment,,,failed,False,2026-08-27T21:50:39.210391+09:00
Adjuster Draft,,,failed,False,2026-08-19T20:38:39.383467+09:00
Adjuster Duty,,,failed,False,2026-08-21T02:42:57.314001+09:00
Adjuster Engine,,,failed,False,2026-08-17T23:28:22.691550+09:00
Adjuster Entry,,,failed,False,2026-08-21T01:04:15.866621+09:00
Adjuster Estimate,,,failed,False,2026-08-19T21:08:00.939328+09:00
Adjuster Excerpt,,,failed,False,2026-08-21T01:04:08.971472+09:00
Adjuster Fare,,,failed,False,2026-08-21T02:11:46.716437+09:00
Adjuster Fee,10.0,1.0,success,False,2026-08-21T01:55:57.374575+09:00
Adjuster Feed,,,failed,False,2026-08-19T20:38:30.453873+09:00
Adjuster Field,,,failed,False,2026-08-23T13:09:10.087594+09:00
Adjuster File,,,failed,False,2026-08-19T20:37:52.054454+09:00
Adjuster Finder,10.0,,success,False,2026-08-18T23:58:01.279851+09:00
Adjuster Fine,,,failed,False,2026-08-23T02:57:15.173266+09:00
Adjuster Flag,,,failed,False,2026-08-21T00:31:03.590955+09:00
Adjuster Flow,,,failed,False,2026-08-17T21:32:11.115049+09:00
Adjuster Forge,,,failed,False,2026-08-17T20:41:53.253624+09:00
Adjuster Form,,,failed,False,2026-08-19T13:39:37.773489+09:00
Adjuster Format,,,failed,False,2026-08-23T13:09:12.775055+09:00
Adjuster Frame,,,failed,False,2026-08-17T21:36:54.710856+09:00
Adjuster Fund,,,failed,False,2026-08-21T02:27:29.296336+09:00
Adjuster Gate,,,failed,False,2026-08-18T07:52:06.675931+09:00
Adjuster Grade,,,failed,False,2026-08-21T00:30:44.450501+09:00
Adjuster Grid,,,failed,False,2026-08-17T20:34:42.726088+09:00
Adjuster Guard,,,failed,False,2026-08-17T21:35:20.515813+09:00
Adjuster Guardian,,,failed,False,2026-08-28T00:21:27.462723+09:00
Adjuster Guidebook,,,failed,False,2026-08-18T22:12:15.534077+09:00
Adjuster Helpdesk,,,failed,False,2026-08-27T22:44:08.062899+09:00
Adjuster Helper,,,failed,False,2026-08-28T00:21:32.683664+09:00
Adjuster History,,,failed,False,2026-08-19T20:37:45.715949+09:00
Adjuster Hotline,,,failed,False,2026-08-19T21:08:23.714003+09:00
Adjuster Hub,10.0,0.0,success,False,2026-08-17T21:31:00.206645+09:00
Adjuster Identifier,,,failed,False,2026-08-23T13:09:03.594529+09:00
Adjuster Index,,,failed,False,2026-08-19T21:07:33.171957+09:00
Adjuster Insight,,,failed,False,2026-08-17T23:29:20.352796+09:00
Adjuster Interest,,,failed,False,2026-08-23T13:48:13.167118+09:00
Adjuster Item,,,failed,False,2026-08-21T01:55:59.445411+09:00
Adjuster Journal,,,failed,False,2026-08-18T22:12:02.089704+09:00
Adjuster Keeper,,,failed,False,2026-08-17T21:37:32.627735+09:00
Adjuster Kit,50.0,4.0,success,False,2026-08-27T22:51:48.588261+09:00
Adjuster Lab,,,failed,False,2026-08-17T20:48:09.439521+09:00
Adjuster Ledger,,,failed,False,2026-08-17T21:33:45.075228+09:00
Adjuster Lens,,,failed,False,2026-08-17T21:38:05.775829+09:00
Adjuster Level,,,failed,False,2026-08-19T20:37:59.201045+09:00
Adjuster Levy,,,failed,False,2026-08-23T13:48:15.214978+09:00
Adjuster Link,20.0,22.0,success,False,2026-08-23T03:22:18.461537+09:00
Adjuster List,,,failed,False,2026-08-19T21:52:10.666614+09:00
Adjuster Loan,,,failed,False,2026-08-21T02:11:55.079933+09:00
Adjuster Locator,,,failed,False,2026-08-18T23:57:53.791592+09:00
Adjuster Lock,20.0,13.0,success,False,2026-08-17T21:41:34.183941+09:00
Adjuster Log,,,failed,False,2026-08-19T13:39:22.411617+09:00
Adjuster Loop,,,failed,False,2026-08-17T20:35:40.356029+09:00
Adjuster Manager,,,failed,False,2026-08-17T21:36:28.444275+09:00
Adjuster Manual,,,failed,False,2026-08-27T22:15:25.153546+09:00
Adjuster Map,,,failed,False,2026-08-17T21:39:34.435552+09:00
Adjuster Memo,,,failed,False,2026-08-21T00:30:51.297861+09:00
Adjuster Message,,,failed,False,2026-08-27T23:09:53.622041+09:00
Adjuster Meter,,,failed,False,2026-08-17T20:39:51.023967+09:00
Adjuster Metrics,,,failed,False,2026-08-17T23:14:48.085579+09:00
Adjuster Monitor,,,failed,False,2026-08-17T23:07:56.377169+09:00
Adjuster Navigator,,,failed,False,2026-08-17T23:29:51.250400+09:00
Adjuster Nexus,,,failed,False,2026-08-18T07:52:17.361320+09:00
Adjuster Node,,,failed,False,2026-08-17T20:32:08.584337+09:00
Adjuster Note,,,failed,False,2026-08-19T13:40:53.899440+09:00
Adjuster Notification,,,failed,False,2026-08-27T22:51:48.588261+09:00
Adjuster Number,,,failed,False,2026-08-23T03:22:11.470893+09:00
Adjuster Office,10.0,16.0,success,False,2026-08-18T23:58:23.364762+09:00
Adjuster Ops,,,failed,False,2026-08-17T23:11:16.019102+09:00
Adjuster Order,,,failed,False,2026-08-19T21:51:23.149370+09:00
Adjuster Organizer,,,failed,False,2026-08-17T23:29:01.871676+09:00
Adjuster Overage,,,failed,False,2026-08-27T21:50:39.210391+09:00
Adjuster Overdue,,,failed,False,2026-08-27T21:50:37.116413+09:00
Adjuster Panel,,,failed,False,2026-08-17T20:41:22.469867+09:00
Adjuster Pass,,,failed,False,2026-08-21T00:30:03.627747+09:00
Adjuster Path,,,failed,False,2026-08-17T20:31:35.680631+09:00
Adjuster Payoff,,,failed,False,2026-08-27T21:50:37.116413+09:00
Adjuster Petition,,,failed,False,2026-08-21T01:03:48.837789+09:00
Adjuster Pilot,,,failed,False,2026-08-17T20:48:45.753465+09:00
Adjuster Plan,,,failed,False,2026-08-21T01:55:53.001580+09:00
Adjuster Planner,,,failed,False,2026-08-17T23:28:43.740452+09:00
Adjuster Playbook,,,failed,False,2026-08-18T22:11:49.715981+09:00
Adjuster Point,,,failed,False,2026-08-18T07:53:01.701423+09:00
Adjuster Portal,90.0,0.0,success,False,2026-08-17T20:43:05.974432+09:00
Adjuster Preview,,,failed,False,2026-08-28T01:02:16.682385+09:00
Adjuster Profile,,,failed,False,2026-08-19T13:41:39.168311+09:00
Adjuster Profit,,,failed,False,2026-08-23T02:57:06.282457+09:00
Adjuster Pulse,,,failed,False,2026-08-17T20:33:48.971139+09:00
Adjuster Queue,,,failed,False,2026-08-19T21:07:53.338438+09:00
Adjuster Quota,,,failed,False,2026-08-21T00:30:55.600635+09:00
Adjuster Radar,,,failed,False,2026-08-17T20:46:14.149623+09:00
Adjuster Rail,,,failed,False,2026-08-17T20:36:08.746361+09:00
Adjuster Rank,,,failed,False,2026-08-28T00:45:55.588446+09:00
Adjuster Rate,,,failed,False,2026-08-19T20:38:05.655570+09:00
Adjuster Recap,,,failed,False,2026-08-21T01:04:02.292645+09:00
Adjuster Receipt,,,failed,False,2026-08-19T21:51:45.660208+09:00
Adjuster Recorder,,,failed,False,2026-08-27T23:31:41.970749+09:00
Adjuster Register,,,failed,False,2026-08-17T23:30:11.118322+09:00
Adjuster Registry,,,failed,False,2026-08-18T22:12:23.623332+09:00
Adjuster Relay,10.0,39.0,success,False,2026-08-17T20:45:24.269018+09:00
Adjuster Reminder,,,failed,False,2026-08-19T21:07:11.433627+09:00
Adjuster Report,140.0,3.0,success,False,2026-08-19T13:39:01.193066+09:00
Adjuster Repository,,,failed,False,2026-08-27T23:09:59.459850+09:00
Adjuster Roadmap,,,failed,False,2026-08-18T23:50:10.067508+09:00
Adjuster Roster,10.0,3.0,success,False,2026-08-19T00:37:44.150276+09:00
Adjuster Route,10.0,,success,False,2026-08-17T20:38:04.703276+09:00
Adjuster Rule,,,failed,False,2026-08-23T03:22:22.094995+09:00
Adjuster Sale,,,failed,False,2026-08-21T02:27:35.877276+09:00
Adjuster Sample,,,failed,False,2026-08-19T21:53:00.908408+09:00
Adjuster Scale,,,failed,False,2026-08-17T20:38:58.199942+09:00
Adjuster Scheduler,,,failed,False,2026-08-17T23:13:11.418966+09:00
Adjuster Scope,,,failed,False,2026-08-17T20:36:38.149505+09:00
Adjuster Score,10.0,0.0,success,False,2026-08-19T13:40:38.246974+09:00
Adjuster Sentry,,,failed,False,2026-08-17T21:38:37.304138+09:00
Adjuster Sheet,10.0,2.0,success,False,2026-08-19T13:40:01.237122+09:00
Adjuster Shortfall,,,failed,False,2026-08-27T21:50:42.355855+09:00
Adjuster Signal,,,failed,False,2026-08-17T20:38:26.412397+09:00
Adjuster Signature,,,failed,False,2026-08-23T13:28:05.717329+09:00
Adjuster Slip,,,failed,False,2026-08-19T21:52:45.174751+09:00
Adjuster Slot,,,failed,False,2026-08-19T21:53:13.442826+09:00
Adjuster Snapshot,,,failed,False,2026-08-18T22:12:08.779533+09:00
Adjuster Stake,,,failed,False,2026-08-23T02:57:13.068042+09:00
Adjuster Stamp,,,failed,False,2026-08-23T13:28:07.800496+09:00
Adjuster Statement,,,failed,False,2026-08-21T00:30:32.235715+09:00
Adjuster Station,,,failed,False,2026-08-17T20:46:53.844827+09:00
Adjuster Status,,,failed,False,2026-08-19T20:37:25.311012+09:00
Adjuster Stipend,,,failed,False,2026-08-23T13:48:17.793072+09:00
Adjuster Stub,,,failed,False,2026-08-21T00:30:25.028648+09:00
Adjuster Studio,,,failed,False,2026-08-17T21:30:27.922058+09:00
Adjuster Suite,,,failed,False,2026-08-17T23:11:32.053287+09:00
Adjuster Sum,,,failed,False,2026-08-21T02:27:19.706336+09:00
Adjuster Summary,,,failed,False,2026-08-19T21:06:49.674751+09:00
Adjuster Surtax,,,failed,False,2026-08-23T15:52:54.963093+09:00
Adjuster Sync,,,failed,False,2026-08-17T21:33:19.243075+09:00
Adjuster Tab,,,failed,False,2026-08-21T00:31:09.970083+09:00
Adjuster Table,70.0,100.0,success,False,2026-08-19T21:52:20.652566+09:00
Adjuster Tag,,,failed,False,2026-08-19T13:41:12.937543+09:00
Adjuster Tally,,,failed,False,2026-08-21T00:30:37.167399+09:00
Adjuster Tariff,,,failed,False,2026-08-21T02:43:07.410836+09:00
Adjuster Tax,,,failed,False,2026-08-21T02:11:50.760630+09:00
Adjuster Ticket,,,failed,False,2026-08-19T21:07:42.156894+09:00
Adjuster Timeline,,,failed,False,2026-08-19T21:07:00.753456+09:00
Adjuster Toll,,,failed,False,2026-08-21T02:42:59.558136+09:00
Adjuster Toolbox,,,failed,False,2026-08-28T00:21:30.022858+09:00
Adjuster Toolkit,,,failed,False,2026-08-18T22:11:41.345427+09:00
Adjuster Tracker,,,failed,False,2026-08-17T21:34:20.474166+09:00
Adjuster Trail,,,failed,False,2026-08-17T20:35:09.040915+09:00
Adjuster Trial,,,failed,False,2026-08-27T21:19:43.592379+09:00
Adjuster Unit,10.0,0.0,success,False,2026-08-21T01:56:01.200736+09:00
Adjuster Update,,,failed,False,2026-08-19T20:38:12.818207+09:00
Adjuster Vault,,,failed,False,2026-08-17T20:44:22.162347+09:00
Adjuster Version,,,failed,False,2026-08-23T03:22:14.563475+09:00
Adjuster View,,,failed,False,2026-08-19T20:37:37.988161+09:00
Adjuster Voucher,,,failed,False,2026-08-21T00:30:11.509086+09:00
Adjuster Watch,1300.0,100.0,success,False,2026-08-17T20:37:34.472176+09:00
Adjuster Wave,,,failed,False,2026-08-17T20:32:46.505342+09:00
Adjuster Widget,,,failed,False,2026-08-27T23:09:56.910517+09:00
Adjuster Workbench,,,failed,False,2026-08-18T22:11:34.911588+09:00
Adjuster Worksheet,50.0,0.0,success,False,2026-08-27T22:15:25.153546+09:00
Adjuster Workshop,,,failed,False,2026-08-28T00:21:24.701670+09:00
Adjuster Zone,,,failed,False,2026-08-17T20:44:01.266186+09:00
Adjustment Advisory,,,failed,False,2026-08-21T01:05:38.366293+09:00
Adjustment Alert,,,failed,False,2026-08-19T21:58:27.685601+09:00
Adjustment Allowance,20.0,0.0,success,False,2026-08-21T02:43:57.292345+09:00
Adjustment Analyzer,,,failed,False,2026-08-27T23:54:10.053801+09:00
Adjustment Assistant,,,failed,False,2026-08-19T21:53:24.173556+09:00
Adjustment Atlas,,,failed,False,2026-08-19T21:52:31.796696+09:00
Adjustment Attribute,,,failed,False,2026-08-23T13:05:48.567186+09:00
Adjustment Badge,,,failed,False,2026-08-21T00:29:47.975164+09:00
Adjustment Balance,260.0,0.0,success,False,2026-08-23T13:47:02.952399+09:00
Adjustment Base,10.0,100.0,success,False,2026-08-19T21:48:14.659198+09:00
Adjustment Bay,,,failed,False,2026-08-19T21:56:56.242658+09:00
Adjustment Beacon,,,failed,False,2026-08-19T22:07:18.055706+09:00
Adjustment Bill,70.0,0.0,success,False,2026-08-19T22:04:17.404214+09:00
Adjustment Bin,,,failed,False,2026-08-19T21:58:45.118789+09:00
Adjustment Board,30.0,0.0,success,False,2026-08-19T21:48:55.925505+09:00
Adjustment Book,,,failed,False,2026-08-19T22:05:13.355108+09:00
Adjustment Booth,,,failed,False,2026-08-19T21:56:20.786748+09:00
Adjustment Bridge,,,failed,False,2026-08-19T22:07:58.722610+09:00
Adjustment Brief,,,failed,False,2026-08-21T01:05:30.928954+09:00
Adjustment Bulletin,,,failed,False,2026-08-21T01:05:26.897512+09:00
Adjustment Calculator,50.0,0.0,success,False,2026-08-27T23:33:29.170312+09:00
Adjustment Calendar,,,failed,False,2026-08-19T21:55:09.455728+09:00
Adjustment Card,30.0,0.0,success,False,2026-08-19T22:00:26.290780+09:00
Adjustment Cascade,,,failed,False,2026-08-19T22:07:41.945033+09:00
Adjustment Cash,,,failed,False,2026-08-21T02:27:23.796384+09:00
Adjustment Category,10.0,0.0,success,False,2026-08-23T13:05:45.716846+09:00
Adjustment Center,30.0,0.0,success,False,2026-08-19T21:50:02.656663+09:00
Adjustment Chain,110.0,27.0,success,False,2026-08-19T21:51:42.287097+09:00
Adjustment Charge,20.0,0.0,success,False,2026-08-21T02:43:50.740440+09:00
Adjustment Chart,20.0,0.0,success,False,2026-08-19T21:58:36.842594+09:00
Adjustment Check,30.0,0.0,success,False,2026-08-19T22:00:47.598420+09:00
Adjustment Checker,,,failed,False,2026-08-27T23:54:02.041371+09:00
Adjustment Circular,,,failed,False,2026-08-21T01:05:39.127217+09:00
Adjustment Code,390.0,0.0,success,False,2026-08-19T22:04:38.551336+09:00
Adjustment Companion,,,failed,False,2026-08-19T21:54:06.004532+09:00
Adjustment Comparison,,,failed,False,2026-08-28T01:05:31.519640+09:00
Adjustment Compass,,,failed,False,2026-08-19T22:07:06.557200+09:00
Adjustment Confirmation,,,failed,False,2026-08-21T01:05:51.926035+09:00
Adjustment Console,,,failed,False,2026-08-19T21:50:37.216187+09:00
Adjustment Copayment,,,failed,False,2026-08-23T16:39:47.689837+09:00
Adjustment Core,,,failed,False,2026-08-19T21:48:27.069382+09:00
Adjustment Cost,320.0,1.0,success,False,2026-08-21T02:10:21.556989+09:00
Adjustment Count,,,failed,False,2026-08-27T22:44:57.466905+09:00
Adjustment Counter,,,failed,False,2026-08-19T21:55:57.867275+09:00
Adjustment Deal,,,failed,False,2026-08-21T01:53:14.865292+09:00
Adjustment Debt,,,failed,False,2026-08-21T02:27:17.411779+09:00
Adjustment Deck,,,failed,False,2026-08-19T21:49:05.079544+09:00
Adjustment Desk,40500.0,100.0,success,False,2026-08-19T22:06:22.029176+09:00
Adjustment Detail,,,failed,False,2026-08-23T03:15:06.713636+09:00
Adjustment Detector,,,failed,False,2026-08-27T23:54:07.466946+09:00
Adjustment Diagram,,,failed,False,2026-08-27T22:14:55.683786+09:00
Adjustment Directory,,,failed,False,2026-08-19T21:55:18.484182+09:00
Adjustment Dossier,,,failed,False,2026-08-21T01:06:03.967646+09:00
Adjustment Downpayment,,,failed,False,2026-08-27T21:50:15.580858+09:00
Adjustment Draft,,,failed,False,2026-08-19T22:02:54.876263+09:00
Adjustment Due,,,failed,False,2026-08-23T15:52:07.033808+09:00
Adjustment Duty,,,failed,False,2026-08-21T02:43:53.941468+09:00
Adjustment Engine,,,failed,False,2026-08-19T21:53:06.381329+09:00
Adjustment Entry,12100.0,0.0,success,True,2026-08-21T01:06:13.819084+09:00
Adjustment Estimate,,,failed,False,2026-08-19T22:03:56.439657+09:00
Adjustment Estimator,,,failed,False,2026-08-27T23:53:59.228828+09:00
Adjustment Excerpt,,,failed,False,2026-08-21T01:06:10.948985+09:00
Adjustment Extension,,,failed,False,2026-08-23T16:39:50.503833+09:00
Adjustment Fare,,,failed,False,2026-08-21T02:10:31.589901+09:00
Adjustment Fee,90.0,0.0,success,False,2026-08-21T01:52:54.387860+09:00
Adjustment Feed,,,failed,False,2026-08-19T22:02:47.197172+09:00
Adjustment Field,,,failed,False,2026-08-23T13:05:51.104957+09:00
Adjustment File,50.0,6.0,success,False,2026-08-19T22:02:05.634117+09:00
Adjustment Finder,,,failed,False,2026-08-19T21:55:36.980585+09:00
Adjustment Fine,,,failed,False,2026-08-23T02:58:24.249422+09:00
Adjustment Flag,,,failed,False,2026-08-21T00:30:37.167399+09:00
Adjustment Flow,,,failed,False,2026-08-19T22:06:01.682265+09:00
Adjustment Forge,,,failed,False,2026-08-19T22:07:25.606827+09:00
Adjustment Form,260.0,0.0,success,False,2026-08-19T22:00:16.178777+09:00
Adjustment Format,260.0,0.0,success,False,2026-08-23T13:05:53.628688+09:00
Adjustment Frame,390.0,20.0,success,False,2026-08-19T21:48:00.610703+09:00
Adjustment Fund,,,failed,False,2026-08-21T02:27:19.706336+09:00
Adjustment Gate,,,failed,False,2026-08-19T21:52:07.578129+09:00
Adjustment Grade,,,failed,False,2026-08-21T00:30:17.662990+09:00
Adjustment Graph,,,failed,False,2026-08-27T22:14:41.092865+09:00
Adjustment Grid,10.0,0.0,success,False,2026-08-19T21:46:50.004607+09:00
Adjustment Guarantee,,,failed,False,2026-08-28T01:05:36.598647+09:00
Adjustment Guardian,,,failed,False,2026-08-28T00:24:10.123784+09:00
Adjustment Helpdesk,,,failed,False,2026-08-27T22:45:00.824166+09:00
Adjustment Helper,,,failed,False,2026-08-28T00:24:14.921300+09:00
Adjustment History,,,failed,False,2026-08-19T22:01:57.019761+09:00
Adjustment Hub,10.0,11.0,success,False,2026-08-19T22:06:12.556669+09:00
Adjustment Identifier,,,failed,False,2026-08-23T13:05:43.515456+09:00
Adjustment Inbox,,,failed,False,2026-08-19T21:58:19.577733+09:00
Adjustment Index,40.0,0.0,success,False,2026-08-19T22:03:36.532480+09:00
Adjustment Interest,,,failed,False,2026-08-23T13:47:05.237339+09:00
Adjustment Item,10.0,0.0,success,False,2026-08-21T01:52:58.378871+09:00
Adjustment Journal,590.0,0.0,success,False,2026-08-19T21:54:48.895899+09:00
Adjustment Keeper,,,failed,False,2026-08-19T21:52:40.688622+09:00
Adjustment Kiosk,,,failed,False,2026-08-19T21:56:32.690388+09:00
Adjustment Lab,,,failed,False,2026-08-19T21:49:30.160580+09:00
Adjustment Ledger,70.0,0.0,success,False,2026-08-19T21:48:40.966338+09:00
Adjustment Level,90.0,11.0,success,False,2026-08-19T22:02:16.192857+09:00
Adjustment Levy,,,failed,False,2026-08-23T13:47:07.330354+09:00
Adjustment Line,480.0,0.0,success,False,2026-08-19T21:59:23.737982+09:00
Adjustment Link,,,failed,False,2026-08-23T03:14:59.429482+09:00
Adjustment List,30.0,0.0,success,False,2026-08-19T22:04:49.676934+09:00
Adjustment Loan,30.0,16.0,success,False,2026-08-21T02:10:41.178409+09:00
Adjustment Lobby,,,failed,False,2026-08-19T21:59:01.960523+09:00
Adjustment Locator,,,failed,False,2026-08-19T21:55:28.451912+09:00
Adjustment Locker,,,failed,False,2026-08-19T21:56:08.103899+09:00
Adjustment Log,,,failed,False,2026-08-19T22:00:04.199605+09:00
Adjustment Loop,,,failed,False,2026-08-19T21:46:37.963751+09:00
Adjustment Manager,,,failed,False,2026-08-19T21:52:57.085670+09:00
Adjustment Manual,,,failed,False,2026-08-27T22:14:48.502479+09:00
Adjustment Map,,,failed,False,2026-08-19T21:47:46.224144+09:00
Adjustment Marker,,,failed,False,2026-08-23T13:27:13.232233+09:00
Adjustment Memo,10.0,0.0,success,False,2026-08-21T00:30:25.028648+09:00
Adjustment Message,20.0,0.0,success,False,2026-08-27T23:10:50.264630+09:00
Adjustment Monitor,,,failed,False,2026-08-19T21:53:57.995655+09:00
Adjustment Nexus,,,failed,False,2026-08-19T21:52:16.498900+09:00
Adjustment Note,140.0,0.0,success,False,2026-08-19T22:01:05.588899+09:00
Adjustment Notification,,,failed,False,2026-08-27T22:44:50.273695+09:00
Adjustment Number,50.0,0.0,success,False,2026-08-23T03:14:51.168783+09:00
Adjustment Office,,,failed,False,2026-08-19T21:55:47.244669+09:00
Adjustment Ops,,,failed,False,2026-08-19T21:54:30.567883+09:00
Adjustment Order,170.0,1.0,success,False,2026-08-19T22:04:07.178529+09:00
Adjustment Overage,,,failed,False,2026-08-27T21:50:13.120936+09:00
Adjustment Overdraft,,,failed,False,2026-08-23T15:52:10.396341+09:00
Adjustment Overdue,,,failed,False,2026-08-27T21:50:06.831063+09:00
Adjustment Panel,170.0,3.0,success,False,2026-08-19T21:50:49.199189+09:00
Adjustment Pass,,,failed,False,2026-08-21T00:29:32.816021+09:00
Adjustment Path,,,failed,False,2026-08-19T21:47:16.114306+09:00
Adjustment Payoff,,,failed,False,2026-08-27T21:50:10.340173+09:00
Adjustment Penalty,,,failed,False,2026-08-23T16:39:45.505448+09:00
Adjustment Petition,20.0,0.0,success,False,2026-08-21T01:05:46.512536+09:00
Adjustment Plan,140.0,5.0,success,False,2026-08-21T01:53:12.594886+09:00
Adjustment Planner,10.0,0.0,success,False,2026-08-19T21:53:34.201182+09:00
Adjustment Playbook,,,failed,False,2026-08-19T21:54:39.483113+09:00
Adjustment Point,170.0,1.0,success,False,2026-08-19T21:47:30.295909+09:00
Adjustment Portal,,,failed,False,2026-08-19T21:50:26.967968+09:00
Adjustment Post,,,failed,False,2026-08-19T21:57:05.603826+09:00
Adjustment Preview,,,failed,False,2026-08-28T01:05:31.519640+09:00
Adjustment Profile,,,failed,False,2026-08-19T22:01:23.897474+09:00
Adjustment Profit,,,failed,False,2026-08-23T02:58:11.410981+09:00
Adjustment Proposal,,,failed,False,2026-08-28T01:05:34.038010+09:00
Adjustment Quota,,,failed,False,2026-08-21T00:30:29.735189+09:00
Adjustment Radar,,,failed,False,2026-08-19T22:06:35.304978+09:00
Adjustment Rate,210.0,0.0,success,False,2026-08-19T22:02:29.042116+09:00
Adjustment Recap,,,failed,False,2026-08-21T01:06:07.369655+09:00
Adjustment Receipt,,,failed,False,2026-08-19T22:04:26.155627+09:00
Adjustment Recorder,,,failed,False,2026-08-27T23:33:29.170312+09:00
Adjustment Register,50.0,0.0,success,False,2026-08-19T21:54:19.584048+09:00
Adjustment Registry,,,failed,False,2026-08-19T21:55:00.630940+09:00
Adjustment Relay,,,failed,False,2026-08-19T22:06:44.272499+09:00
Adjustment Reminder,,,failed,False,2026-08-19T22:03:26.204468+09:00
Adjustment Report,70.0,7.0,success,False,2026-08-19T21:59:55.438905+09:00
Adjustment Repository,,,failed,False,2026-08-27T23:11:04.616430+09:00
Adjustment Result,,,failed,False,2026-08-28T00:47:24.969957+09:00
Adjustment Roll,,,failed,False,2026-08-19T21:59:42.241525+09:00
Adjustment Roster,,,failed,False,2026-08-19T21:58:08.143234+09:00
Adjustment Route,,,failed,False,2026-08-19T21:51:10.797801+09:00
Adjustment Rule,,,failed,False,2026-08-23T03:15:03.447052+09:00
Adjustment Sale,,,failed,False,2026-08-21T02:27:26.146379+09:00
Adjustment Sample,,,failed,False,2026-08-19T22:05:35.780904+09:00
Adjustment Scale,110.0,0.0,success,False,2026-08-19T21:51:01.436792+09:00
Adjustment Scanner,,,failed,False,2026-08-27T23:54:04.696724+09:00
Adjustment Scheduler,,,failed,False,2026-08-19T21:53:43.821939+09:00
Adjustment Scope,,,failed,False,2026-08-19T21:46:26.862344+09:00
Adjustment Score,,,failed,False,2026-08-19T22:00:55.317910+09:00
Adjustment Sheet,70.0,0.0,success,False,2026-08-19T22:00:37.818778+09:00
Adjustment Shortfall,,,failed,False,2026-08-27T21:50:17.905826+09:00
Adjustment Signal,,,failed,False,2026-08-19T21:46:03.788347+09:00
Adjustment Signature,,,failed,False,2026-08-23T13:27:11.117738+09:00
Adjustment Slip,20.0,8.0,success,False,2026-08-19T22:05:22.514727+09:00
Adjustment Slot,,,failed,False,2026-08-19T22:05:43.764657+09:00
Adjustment Stage,110.0,0.0,success,False,2026-08-28T00:47:24.969957+09:00
Adjustment Stake,,,failed,False,2026-08-23T02:58:18.393651+09:00
Adjustment Stamp,,,failed,False,2026-08-23T13:27:16.161149+09:00
Adjustment Statement,880.0,0.0,success,False,2026-08-21T00:30:01.129618+09:00
Adjustment Station,,,failed,False,2026-08-19T21:49:39.376770+09:00
Adjustment Status,590.0,2.0,success,False,2026-08-19T22:01:35.806950+09:00
Adjustment Stub,,,failed,False,2026-08-21T00:29:55.538883+09:00
Adjustment Studio,,,failed,False,2026-08-19T21:49:18.898188+09:00
Adjustment Sum,,,failed,False,2026-08-21T02:27:08.024014+09:00
Adjustment Summary,,,failed,False,2026-08-19T22:03:08.515859+09:00
Adjustment Tab,,,failed,False,2026-08-21T00:30:41.620130+09:00
Adjustment Table,1600.0,100.0,success,False,2026-08-19T22:05:01.387918+09:00
Adjustment Tag,,,failed,False,2026-08-19T22:01:14.357219+09:00
Adjustment Tally,,,failed,False,2026-08-21T00:30:08.282339+09:00
Adjustment Tariff,,,failed,False,2026-08-21T02:43:59.643244+09:00
Adjustment Tax,70.0,2.0,success,False,2026-08-21T02:10:36.488938+09:00
Adjustment Terminal,,,failed,False,2026-08-19T21:49:51.324073+09:00
Adjustment Ticker,,,failed,False,2026-08-19T21:59:09.702480+09:00
Adjustment Ticket,,,failed,False,2026-08-19T22:03:44.565114+09:00
Adjustment Timeline,,,failed,False,2026-08-19T22:03:17.563220+09:00
Adjustment Timer,,,failed,False,2026-08-28T00:24:07.652921+09:00
Adjustment Toll,,,failed,False,2026-08-21T02:43:53.941468+09:00
Adjustment Toolbox,,,failed,False,2026-08-28T00:24:12.580711+09:00
Adjustment Total,,,failed,False,2026-08-27T23:10:55.756193+09:00
Adjustment Tracker,,,failed,False,2026-08-19T22:05:51.290848+09:00
Adjustment Trail,,,failed,False,2026-08-19T21:51:30.988224+09:00
Adjustment Trend,,,failed,False,2026-08-28T01:05:28.825650+09:00
Adjustment Trial,,,failed,False,2026-08-27T21:19:13.437251+09:00
Adjustment Unit,30.0,2.0,success,False,2026-08-21T01:53:07.082720+09:00
Adjustment Update,,,failed,False,2026-08-19T22:02:37.152847+09:00
Adjustment Value,110.0,1.0,success,False,2026-08-23T02:58:14.811642+09:00
Adjustment Vault,,,failed,False,2026-08-19T22:06:53.339068+09:00
Adjustment View,,,failed,False,2026-08-19T22:01:45.686906+09:00
Adjustment Voucher,50.0,0.0,success,False,2026-08-21T00:29:43.441391+09:00
Adjustment Watch,1900.0,95.0,success,False,2026-08-19T21:46:17.017433+09:00
Adjustment Wave,,,failed,False,2026-08-19T21:47:01.107836+09:00
Adjustment Widget,,,failed,False,2026-08-27T23:10:55.756193+09:00
Adjustment Window,,,failed,False,2026-08-19T21:59:32.934011+09:00
Adjustment Worksheet,30.0,0.0,success,False,2026-08-27T22:14:55.683786+09:00
Adjustment Workshop,,,failed,False,2026-08-28T00:24:10.123784+09:00
Adjustment Yard,,,failed,False,2026-08-19T21:56:44.387128+09:00
Adjustment Zone,,,failed,False,2026-08-19T21:50:15.861548+09:00
Admission Advance,,,failed,False,2026-08-23T16:17:06.545040+09:00
Admission Advisory,10.0,12.0,success,False,2026-08-21T01:02:14.395969+09:00
Admission Allowance,,,failed,False,2026-08-21T02:41:56.534428+09:00
Admission Almanac,,,failed,False,2026-08-18T23:50:10.067508+09:00
Admission Analyzer,,,failed,False,2026-08-27T23:53:23.914629+09:00
Admission Anchor,,,failed,False,2026-08-17T23:03:45.434649+09:00
Admission Announcement,320.0,1.0,success,False,2026-08-27T23:33:18.763574+09:00
Admission Arrears,,,failed,False,2026-08-23T16:17:04.207592+09:00
Admission Asset,,,failed,False,2026-08-23T13:48:17.793072+09:00
Admission Assistant,720.0,1.0,success,False,2026-08-17T23:04:23.573644+09:00
Admission Atlas,,,failed,False,2026-08-17T23:08:20.793662+09:00
Admission Attribute,,,failed,False,2026-08-23T13:08:46.542285+09:00
Admission Badge,10.0,6.0,success,False,2026-08-21T00:25:24.031302+09:00
Admission Balance,,,failed,False,2026-08-23T13:48:15.214978+09:00
Admission Base,,,failed,False,2026-08-17T22:49:21.662634+09:00
Admission Beacon,,,failed,False,2026-08-17T23:14:36.904616+09:00
Admission Bill,90.0,0.0,success,False,2026-08-19T22:03:11.253996+09:00
Admission Blueprint,10.0,,success,False,2026-08-18T23:50:10.067508+09:00
Admission Board,390.0,2.0,success,False,2026-08-17T23:23:52.832374+09:00
Admission Book,590.0,4.0,success,False,2026-08-19T22:03:59.574342+09:00
Admission Bridge,50.0,4.0,success,False,2026-08-17T23:31:53.116535+09:00
Admission Brief,,,failed,False,2026-08-21T01:00:16.070819+09:00
Admission Bulletin,30.0,8.0,success,False,2026-08-21T01:00:09.157430+09:00
Admission Cabinet,,,failed,False,2026-08-27T23:11:14.046678+09:00
Admission Calendar,14800.0,0.0,success,True,2026-08-19T00:02:27.896414+09:00
Admission Card,201000.0,0.0,success,True,2026-08-19T13:24:14.979285+09:00
Admission Cascade,,,failed,False,2026-08-17T23:09:26.162855+09:00
Admission Cash,,,failed,False,2026-08-21T02:25:59.297290+09:00
Admission Catalog,,,failed,False,2026-08-19T21:18:40.810817+09:00
Admission Category,390.0,1.0,success,False,2026-08-23T13:08:44.526296+09:00
Admission Center,5400.0,5.0,success,False,2026-08-17T23:24:54.415182+09:00
Admission Chain,,,failed,False,2026-08-17T23:26:43.020316+09:00
Admission Charge,590.0,1.0,success,False,2026-08-21T02:41:45.973513+09:00
Admission Check,2400.0,13.0,success,False,2026-08-19T13:24:49.306222+09:00
Admission Checker,2400.0,13.0,success,False,2026-08-27T23:53:16.393422+09:00
Admission Checklist,320.0,3.0,success,False,2026-08-19T21:17:51.663250+09:00
Admission Circular,320.0,0.0,success,False,2026-08-21T01:00:20.571072+09:00
Admission Cockpit,,,failed,False,2026-08-17T23:29:05.712614+09:00
Admission Code,590.0,0.0,success,False,2026-08-19T22:03:30.282761+09:00
Admission Codex,,,failed,False,2026-08-18T23:50:10.067508+09:00
Admission Companion,20.0,4.0,success,False,2026-08-17T23:14:53.160605+09:00
Admission Comparison,,,failed,False,2026-08-28T01:04:11.555424+09:00
Admission Compass,30.0,3.0,success,False,2026-08-17T23:31:21.435106+09:00
Admission Compendium,,,failed,False,2026-08-18T23:50:10.067508+09:00
Admission Confirmation,390.0,2.0,success,False,2026-08-21T01:00:31.922622+09:00
Admission Console,,,failed,False,2026-08-17T23:08:40.393362+09:00
Admission Contribution,,,failed,False,2026-08-23T16:17:00.383036+09:00
Admission Copayment,,,failed,False,2026-08-23T16:40:23.481453+09:00
Admission Core,,,failed,False,2026-08-17T23:23:32.991705+09:00
Admission Cost,320.0,0.0,success,False,2026-08-21T02:09:52.288046+09:00
Admission Count,,,failed,False,2026-08-27T22:45:37.997038+09:00
Admission Counter,110.0,0.0,success,False,2026-08-19T00:03:12.143780+09:00
Admission Dashboard,170.0,8.0,success,False,2026-08-17T23:08:02.086738+09:00
Admission Deal,,,failed,False,2026-08-21T01:53:31.985132+09:00
Admission Debt,,,failed,False,2026-08-21T02:25:50.623607+09:00
Admission Deck,,,failed,False,2026-08-17T23:05:06.987834+09:00
Admission Depot,,,failed,False,2026-08-19T00:02:58.410814+09:00
Admission Desk,320.0,5.0,success,False,2026-08-17T23:30:41.257118+09:00
Admission Detail,390.0,5.0,success,False,2026-08-23T03:21:36.606838+09:00
Admission Detector,,,failed,False,2026-08-27T23:53:23.914629+09:00
Admission Diagram,,,failed,False,2026-08-27T22:07:17.176446+09:00
Admission Dial,,,failed,False,2026-08-17T23:15:28.966007+09:00
Admission Digest,,,failed,False,2026-08-19T20:43:39.981777+09:00
Admission Directory,,,failed,False,2026-08-19T00:02:34.221000+09:00
Admission Discount,110.0,0.0,success,False,2026-08-23T16:16:57.987177+09:00
Admission Dock,,,failed,False,2026-08-17T23:04:42.962346+09:00
Admission Dossier,,,failed,False,2026-08-21T01:00:36.022676+09:00
Admission Draft,,,failed,False,2026-08-19T20:43:53.666341+09:00
Admission Due,,,failed,False,2026-08-23T15:52:57.176155+09:00
Admission Duty,50.0,0.0,success,False,2026-08-21T02:41:45.973513+09:00
Admission Endowment,,,failed,False,2026-08-23T15:52:59.645505+09:00
Admission Engine,,,failed,False,2026-08-17T23:27:58.060156+09:00
Admission Entry,90.0,4.0,success,False,2026-08-21T01:00:48.316316+09:00
Admission Estimate,,,failed,False,2026-08-19T21:18:30.637363+09:00
Admission Estimator,,,failed,False,2026-08-27T23:53:12.173263+09:00
Admission Excerpt,,,failed,False,2026-08-21T01:02:23.111892+09:00
Admission Extension,10.0,0.0,success,False,2026-08-23T16:37:01.033816+09:00
Admission Fare,10.0,0.0,success,False,2026-08-21T02:10:00.502849+09:00
Admission Fee,8100.0,1.0,success,False,2026-08-21T01:53:13.904514+09:00
Admission Feed,,,failed,False,2026-08-19T20:43:44.541784+09:00
Admission Field,,,failed,False,2026-08-23T13:08:48.797339+09:00
Admission File,390.0,0.0,success,False,2026-08-19T20:43:13.193243+09:00
Admission Finder,20.0,0.0,success,False,2026-08-19T00:02:51.849711+09:00
Admission Fine,10.0,5.0,success,False,2026-08-23T02:56:26.483203+09:00
Admission Flag,,,failed,False,2026-08-21T00:26:10.737162+09:00
Admission Flow,10.0,0.0,success,False,2026-08-17T23:11:19.275980+09:00
Admission Forge,50.0,21.0,success,False,2026-08-17T23:31:38.790135+09:00
Admission Form,33100.0,5.0,success,False,2026-08-19T13:23:50.629735+09:00
Admission Format,33100.0,5.0,success,False,2026-08-23T13:08:51.704947+09:00
Admission Frame,10.0,0.0,success,False,2026-08-17T23:33:34.870792+09:00
Admission Fund,,,failed,False,2026-08-21T02:25:53.601509+09:00
Admission Gate,590.0,0.0,success,False,2026-08-17T23:13:36.575210+09:00
Admission Grade,,,failed,False,2026-08-21T00:25:50.747055+09:00
Admission Graph,,,failed,False,2026-08-27T22:07:05.837486+09:00
Admission Grid,,,failed,False,2026-08-17T23:32:45.524936+09:00
Admission Guard,20.0,0.0,success,False,2026-08-17T23:29:58.873666+09:00
Admission Guardian,,,failed,False,2026-08-28T00:23:21.269207+09:00
Admission Guidebook,880.0,3.0,success,False,2026-08-18T23:50:10.067508+09:00
Admission Helpdesk,210.0,7.0,success,False,2026-08-27T22:45:40.412271+09:00
Admission Helper,140.0,14.0,success,False,2026-08-28T00:23:24.069179+09:00
Admission History,50.0,0.0,success,False,2026-08-19T20:43:04.288794+09:00
Admission Hotline,,,failed,False,2026-08-19T21:18:53.314989+09:00
Admission Hub,390.0,3.0,success,False,2026-08-17T23:30:26.611269+09:00
Admission Identifier,,,failed,False,2026-08-23T13:08:42.186526+09:00
Admission Index,20.0,8.0,success,False,2026-08-19T21:17:57.500423+09:00
Admission Insight,20.0,32.0,success,False,2026-08-17T23:28:48.980231+09:00
Admission Installment,,,failed,False,2026-08-23T16:17:00.383036+09:00
Admission Interest,,,failed,False,2026-08-23T13:48:15.214978+09:00
Admission Item,,,failed,False,2026-08-21T01:53:18.147315+09:00
Admission Journal,10.0,0.0,success,False,2026-08-18T23:50:10.067508+09:00
Admission Keeper,,,failed,False,2026-08-17T23:15:12.775041+09:00
Admission Kit,390.0,4.0,success,False,2026-08-27T22:45:32.227130+09:00
Admission Lab,210.0,5.0,success,False,2026-08-17T23:12:17.050075+09:00
Admission Label,,,failed,False,2026-08-27T22:07:09.283408+09:00
Admission Ledger,,,failed,False,2026-08-17T23:10:40.836813+09:00
Admission Lens,,,failed,False,2026-08-17T23:09:00.584407+09:00
Admission Level,10.0,6.0,success,False,2026-08-19T20:43:19.095275+09:00
Admission Levy,,,failed,False,2026-08-23T13:48:17.793072+09:00
Admission Link,260.0,28.0,success,False,2026-08-23T03:21:28.061139+09:00
Admission List,2400.0,6.0,success,False,2026-08-19T22:03:39.900427+09:00
Admission Loan,10.0,42.0,success,False,2026-08-21T02:10:09.458176+09:00
Admission Locator,,,failed,False,2026-08-19T00:02:41.985677+09:00
Admission Lock,,,failed,False,2026-08-17T23:14:16.588426+09:00
Admission Log,,,failed,False,2026-08-19T13:23:40.624873+09:00
Admission Loop,,,failed,False,2026-08-17T23:05:30.117127+09:00
Admission Manager,590.0,9.0,success,False,2026-08-17T23:27:45.087946+09:00
Admission Manual,10.0,0.0,success,False,2026-08-27T22:07:14.755817+09:00
Admission Map,10.0,0.0,success,False,2026-08-17T23:33:20.357749+09:00
Admission Margin,,,failed,False,2026-08-23T02:56:24.253545+09:00
Admission Markup,,,failed,False,2026-08-23T16:40:23.481453+09:00
Admission Memo,210.0,0.0,success,False,2026-08-21T00:25:57.789837+09:00
Admission Message,260.0,0.0,success,False,2026-08-27T23:11:04.616430+09:00
Admission Meter,,,failed,False,2026-08-17T23:26:02.617332+09:00
Admission Metrics,,,failed,False,2026-08-17T23:13:17.884356+09:00
Admission Monitor,,,failed,False,2026-08-17T23:06:14.261884+09:00
Admission Navigator,70.0,8.0,success,False,2026-08-17T23:29:25.330773+09:00
Admission Nexus,,,failed,False,2026-08-17T23:27:14.779355+09:00
Admission Node,,,failed,False,2026-08-17T23:27:00.420532+09:00
Admission Note,1600.0,0.0,success,True,2026-08-19T13:25:04.340704+09:00
Admission Notification,390.0,3.0,success,False,2026-08-27T22:45:28.853044+09:00
Admission Number,3600.0,1.0,success,False,2026-08-23T03:21:18.514525+09:00
Admission Office,110000.0,6.0,success,False,2026-08-19T00:03:04.417889+09:00
Admission Ops,,,failed,False,2026-08-17T23:09:46.743330+09:00
Admission Order,720.0,0.0,success,False,2026-08-19T22:03:03.584652+09:00
Admission Organizer,,,failed,False,2026-08-17T23:28:30.057187+09:00
Admission Overdue,,,failed,False,2026-08-27T21:45:59.200970+09:00
Admission Panel,170.0,3.0,success,False,2026-08-17T23:25:47.175267+09:00
Admission Pass,140.0,2.0,success,False,2026-08-21T00:25:10.675439+09:00
Admission Path,10.0,1.0,success,False,2026-08-17T23:07:22.346415+09:00
Admission Penalty,,,failed,False,2026-08-23T16:40:21.439904+09:00
Admission Petition,30.0,0.0,success,False,2026-08-21T01:00:27.646290+09:00
Admission Pilot,,,failed,False,2026-08-17T23:05:55.492568+09:00
Admission Plan,390.0,3.0,success,False,2026-08-21T01:53:25.014716+09:00
Admission Planner,390.0,3.0,success,False,2026-08-17T23:28:11.546877+09:00
Admission Playbook,,,failed,False,2026-08-18T23:50:10.067508+09:00
Admission Point,260.0,1.0,success,False,2026-08-17T23:33:09.699963+09:00
Admission Portal,110000.0,5.0,success,False,2026-08-17T23:25:24.044948+09:00
Admission Preview,10.0,3.0,success,False,2026-08-28T01:04:14.556573+09:00
Admission Profile,140.0,2.0,success,False,2026-08-19T13:25:47.267780+09:00
Admission Profit,,,failed,False,2026-08-23T02:56:12.259379+09:00
Admission Proposal,10.0,0.0,success,False,2026-08-28T01:04:14.556573+09:00
Admission Pulse,,,failed,False,2026-08-17T23:12:34.850967+09:00
Admission Queue,30.0,0.0,success,False,2026-08-19T21:18:17.728493+09:00
Admission Quota,210.0,1.0,success,False,2026-08-21T00:26:05.533599+09:00
Admission Radar,,,failed,False,2026-08-17T23:12:59.903146+09:00
Admission Rail,,,failed,False,2026-08-17T23:26:30.057004+09:00
Admission Rate,1000.0,0.0,success,True,2026-08-19T20:43:26.923996+09:00
Admission Recap,,,failed,False,2026-08-21T01:02:20.703041+09:00
Admission Receipt,880.0,0.0,success,False,2026-08-19T22:03:20.182030+09:00
Admission Recorder,,,failed,False,2026-08-27T23:33:24.139257+09:00
Admission Register,1600.0,12.0,success,False,2026-08-17T23:29:41.239949+09:00
Admission Registry,,,failed,False,2026-08-18T23:50:10.067508+09:00
Admission Relay,,,failed,False,2026-08-17T23:30:56.654699+09:00
Admission Reminder,10.0,3.0,success,False,2026-08-19T21:17:42.432873+09:00
Admission Report,880.0,1.0,success,False,2026-08-19T13:23:22.980764+09:00
Admission Repository,,,failed,False,2026-08-27T23:11:14.046678+09:00
Admission Result,4400.0,1.0,success,False,2026-08-28T00:47:00.263771+09:00
Admission Roadmap,10.0,0.0,success,False,2026-08-18T23:50:10.067508+09:00
Admission Roster,,,failed,False,2026-08-19T00:37:28.610789+09:00
Admission Route,50.0,4.0,success,False,2026-08-17T23:26:16.391059+09:00
Admission Rule,210.0,0.0,success,False,2026-08-23T03:21:32.618577+09:00
Admission Sale,70.0,0.0,success,False,2026-08-21T02:26:02.985234+09:00
Admission Scale,,,failed,False,2026-08-17T23:10:22.607509+09:00
Admission Scanner,10.0,0.0,success,False,2026-08-27T23:53:21.557901+09:00
Admission Scheduler,,,failed,False,2026-08-17T23:11:38.355115+09:00
Admission Scope,,,failed,False,2026-08-17T23:32:28.634296+09:00
Admission Score,590.0,3.0,success,False,2026-08-19T13:24:56.019665+09:00
Admission Sentry,,,failed,False,2026-08-17T23:27:29.516151+09:00
Admission Sheet,140.0,0.0,success,False,2026-08-19T13:24:25.669672+09:00
Admission Signal,,,failed,False,2026-08-17T23:32:15.494443+09:00
Admission Signature,,,failed,False,2026-08-23T13:28:05.717329+09:00
Admission Slip,2900.0,0.0,success,True,2026-08-19T22:04:10.383393+09:00
Admission Slot,20.0,0.0,success,False,2026-08-19T22:04:30.317454+09:00
Admission Snapshot,,,failed,False,2026-08-18T23:50:10.067508+09:00
Admission Stage,10.0,0.0,success,False,2026-08-28T00:47:00.263771+09:00
Admission Stake,,,failed,False,2026-08-23T02:56:17.565255+09:00
Admission Stamp,140.0,4.0,success,False,2026-08-23T13:28:05.717329+09:00
Admission Statement,170.0,2.0,success,False,2026-08-21T00:25:38.806657+09:00
Admission Station,10.0,4.0,success,False,2026-08-17T23:24:30.748337+09:00
Admission Status,14800.0,2.0,success,False,2026-08-19T20:42:43.732696+09:00
Admission Stipend,,,failed,False,2026-08-23T13:48:19.972957+09:00
Admission Stub,10.0,3.0,success,False,2026-08-21T00:25:29.281502+09:00
Admission Studio,,,failed,False,2026-08-17T23:24:10.330342+09:00
Admission Subsidy,,,failed,False,2026-08-23T15:52:59.645505+09:00
Admission Suite,,,failed,False,2026-08-17T23:10:02.526148+09:00
Admission Sum,20.0,0.0,success,False,2026-08-21T02:25:47.031494+09:00
Admission Summary,140.0,1.0,success,False,2026-08-19T21:17:21.944279+09:00
Admission Sync,,,failed,False,2026-08-17T23:30:12.792820+09:00
Admission Table,110.0,1.0,success,False,2026-08-19T22:03:49.697196+09:00
Admission Tag,30.0,0.0,success,False,2026-08-19T13:25:11.972380+09:00
Admission Tally,,,failed,False,2026-08-21T00:25:45.592013+09:00
Admission Tariff,,,failed,False,2026-08-21T02:41:59.910977+09:00
Admission Tax,90.0,0.0,success,False,2026-08-21T02:10:04.981055+09:00
Admission Ticket,3600.0,26.0,success,False,2026-08-19T21:18:07.179482+09:00
Admission Tier,,,failed,False,2026-08-28T00:47:00.263771+09:00
Admission Timeline,170.0,0.0,success,False,2026-08-19T21:17:31.409694+09:00
Admission Timer,10.0,,success,False,2026-08-28T00:23:14.492376+09:00
Admission Toll,,,failed,False,2026-08-21T02:41:49.318667+09:00
Admission Toolbox,,,failed,False,2026-08-28T00:23:21.269207+09:00
Admission Toolkit,20.0,0.0,success,False,2026-08-18T23:50:10.067508+09:00
Admission Total,90.0,4.0,success,False,2026-08-27T23:11:04.616430+09:00
Admission Tracker,320.0,1.0,success,False,2026-08-17T23:04:05.706993+09:00
Admission Trail,,,failed,False,2026-08-17T23:11:57.762151+09:00
Admission Trend,,,failed,False,2026-08-28T01:04:11.555424+09:00
Admission Trial,,,failed,False,2026-08-27T21:13:01.722363+09:00
Admission Unit,50.0,0.0,success,False,2026-08-21T01:53:20.957099+09:00
Admission Update,170.0,4.0,success,False,2026-08-19T20:43:33.378176+09:00
Admission Value,,,failed,False,2026-08-23T02:56:14.910502+09:00
Admission Vault,,,failed,False,2026-08-17T23:07:41.199314+09:00
Admission Version,,,failed,False,2026-08-23T03:21:22.362914+09:00
Admission View,30.0,0.0,success,False,2026-08-19T20:42:55.526386+09:00
Admission Voucher,210.0,0.0,success,False,2026-08-21T00:25:15.691482+09:00
Admission Wallet,,,failed,False,2026-08-27T22:45:32.227130+09:00
Admission Watch,10.0,0.0,success,False,2026-08-17T23:11:00.543955+09:00
Admission Wave,,,failed,False,2026-08-17T23:32:55.929904+09:00
Admission Widget,,,failed,False,2026-08-27T23:11:08.284499+09:00
Admission Workbench,,,failed,False,2026-08-18T23:50:10.067508+09:00
Admission Worksheet,10.0,0.0,success,False,2026-08-27T22:07:14.755817+09:00
Admission Zone,260.0,2.0,success,False,2026-08-17T23:13:55.425659+09:00
Advisor Advance,140.0,4.0,success,False,2026-08-23T16:16:31.573856+09:00
Advisor Advisory,10.0,0.0,success,False,2026-08-21T01:09:32.208799+09:00
Advisor Allowance,,,failed,False,2026-08-21T02:39:54.831624+09:00
Advisor Almanac,,,failed,False,2026-08-18T22:10:56.062577+09:00
Advisor Analyzer,,,failed,False,2026-08-27T23:51:54.683905+09:00
Advisor Anchor,,,failed,False,2026-08-17T20:34:51.045190+09:00
Advisor Announcement,,,failed,False,2026-08-27T23:31:58.292490+09:00
Advisor Arrears,,,failed,False,2026-08-23T16:16:29.053349+09:00
Advisor Assistant,590.0,3.0,success,False,2026-08-17T23:25:24.044948+09:00
Advisor Atlas,10.0,4.0,success,False,2026-08-17T21:34:29.947705+09:00
Advisor Attribute,,,failed,False,2026-08-23T13:07:41.329341+09:00
Advisor Badge,10.0,0.0,success,False,2026-08-21T00:35:19.738516+09:00
Advisor Balance,,,failed,False,2026-08-23T13:47:51.726767+09:00
Advisor Base,,,failed,False,2026-08-17T21:30:41.512165+09:00
Advisor Beacon,,,failed,False,2026-08-17T20:38:36.286112+09:00
Advisor Bill,10.0,7.0,success,False,2026-08-19T21:58:22.475915+09:00
Advisor Blueprint,,,failed,False,2026-08-18T22:10:48.955418+09:00
Advisor Board,12100.0,4.0,success,False,2026-08-17T20:45:55.190861+09:00
Advisor Book,170.0,2.0,success,False,2026-08-19T21:59:07.775168+09:00
Advisor Bridge,10.0,7.0,success,False,2026-08-17T20:35:50.076535+09:00
Advisor Brief,20.0,1.0,success,False,2026-08-21T01:09:26.967706+09:00
Advisor Bulletin,,,failed,False,2026-08-21T01:09:22.527514+09:00
Advisor Calendar,20.0,1.0,success,False,2026-08-18T23:59:06.121375+09:00
Advisor Card,110.0,3.0,success,False,2026-08-19T13:38:33.395376+09:00
Advisor Cascade,,,failed,False,2026-08-17T20:36:48.387810+09:00
Advisor Cash,20.0,66.0,success,False,2026-08-21T02:23:48.995246+09:00
Advisor Catalog,,,failed,False,2026-08-19T21:13:23.011051+09:00
Advisor Category,,,failed,False,2026-08-23T13:07:39.256451+09:00
Advisor Center,880.0,1.0,success,False,2026-08-17T20:40:48.754907+09:00
Advisor Chain,,,failed,False,2026-08-17T21:41:14.862117+09:00
Advisor Charge,,,failed,False,2026-08-21T02:39:44.265069+09:00
Advisor Check,390.0,1.0,success,False,2026-08-19T13:39:03.234764+09:00
Advisor Checker,,,failed,False,2026-08-27T23:51:48.203996+09:00
Advisor Checklist,,,failed,False,2026-08-19T21:12:28.088394+09:00
Advisor Circular,20.0,0.0,success,False,2026-08-21T01:09:29.468190+09:00
Advisor Cockpit,,,failed,False,2026-08-17T23:04:42.962346+09:00
Advisor Code,70.0,0.0,success,False,2026-08-19T21:58:39.226398+09:00
Advisor Codex,10.0,0.0,success,False,2026-08-18T22:11:11.945944+09:00
Advisor Companion,,,failed,False,2026-08-17T23:26:43.020316+09:00
Advisor Comparison,,,failed,False,2026-08-28T01:03:06.788782+09:00
Advisor Compass,590.0,6.0,success,False,2026-08-17T20:39:32.550443+09:00
Advisor Compendium,,,failed,False,2026-08-18T22:11:03.707718+09:00
Advisor Confirmation,,,failed,False,2026-08-21T01:09:42.916632+09:00
Advisor Console,10.0,14.0,success,False,2026-08-17T20:38:12.491374+09:00
Advisor Contribution,,,failed,False,2026-08-23T16:16:29.053349+09:00
Advisor Core,,,failed,False,2026-08-17T20:48:23.905428+09:00
Advisor Cost,50.0,3.0,success,False,2026-08-21T02:07:46.443072+09:00
Advisor Count,,,failed,False,2026-08-27T22:44:08.062899+09:00
Advisor Counter,,,failed,False,2026-08-19T00:00:01.654497+09:00
Advisor Dashboard,170.0,4.0,success,False,2026-08-17T23:26:31.743192+09:00
Advisor Deal,,,failed,False,2026-08-21T01:51:08.406585+09:00
Advisor Debt,2400.0,34.0,success,False,2026-08-21T02:23:37.293511+09:00
Advisor Deck,20.0,2.0,success,False,2026-08-17T20:45:10.862003+09:00
Advisor Depot,,,failed,False,2026-08-18T23:59:44.805528+09:00
Advisor Desk,30.0,81.0,success,False,2026-08-17T20:42:47.401639+09:00
Advisor Detail,,,failed,False,2026-08-23T03:19:44.954715+09:00
Advisor Dial,0.0,,success,False,2026-08-17T20:36:17.521162+09:00
Advisor Digest,110.0,13.0,success,False,2026-08-19T20:40:02.454787+09:00
Advisor Directory,40.0,20.0,success,False,2026-08-18T23:59:14.499030+09:00
Advisor Discount,,,failed,False,2026-08-23T16:16:24.189782+09:00
Advisor Dock,10.0,,success,False,2026-08-17T20:32:21.226449+09:00
Advisor Dossier,,,failed,False,2026-08-21T00:58:25.474774+09:00
Advisor Downpayment,,,failed,False,2026-08-27T21:50:22.560575+09:00
Advisor Draft,,,failed,False,2026-08-19T20:40:20.062336+09:00
Advisor Due,,,failed,False,2026-08-23T15:52:37.821939+09:00
Advisor Duty,,,failed,False,2026-08-21T02:39:49.190275+09:00
Advisor Engine,480.0,35.0,success,False,2026-08-17T23:13:55.425659+09:00
Advisor Entry,,,failed,False,2026-08-21T00:58:38.777262+09:00
Advisor Estimate,,,failed,False,2026-08-19T21:13:13.092758+09:00
Advisor Excerpt,,,failed,False,2026-08-21T00:58:34.367334+09:00
Advisor Fare,,,failed,False,2026-08-21T02:07:58.916446+09:00
Advisor Fee,170.0,10.0,success,False,2026-08-21T01:50:57.666770+09:00
Advisor Feed,,,failed,False,2026-08-19T20:40:13.253783+09:00
Advisor File,,,failed,False,2026-08-19T20:39:30.002249+09:00
Advisor Finder,140.0,55.0,success,False,2026-08-18T23:59:34.906916+09:00
Advisor Fine,,,failed,False,2026-08-23T02:54:55.052160+09:00
Advisor Flag,,,failed,False,2026-08-21T00:35:46.572141+09:00
Advisor Flow,110.0,0.0,success,False,2026-08-17T20:45:33.619281+09:00
Advisor Forge,,,failed,False,2026-08-17T20:37:47.401646+09:00
Advisor Form,170.0,0.0,success,False,2026-08-19T13:38:21.044998+09:00
Advisor Format,,,failed,False,2026-08-23T13:07:46.002648+09:00
Advisor Frame,,,failed,False,2026-08-17T21:31:49.761986+09:00
Advisor Fund,260.0,21.0,success,False,2026-08-21T02:23:45.182895+09:00
Advisor Gate,,,failed,False,2026-08-17T21:36:36.847955+09:00
Advisor Grid,,,failed,False,2026-08-17T21:41:44.845375+09:00
Advisor Guard,,,failed,False,2026-08-17T21:30:05.905035+09:00
Advisor Guardian,,,failed,False,2026-08-28T00:22:11.514597+09:00
Advisor Guidebook,,,failed,False,2026-08-18T22:10:30.545293+09:00
Advisor Helpdesk,,,failed,False,2026-08-27T22:44:11.984469+09:00
Advisor Helper,,,failed,False,2026-08-28T00:22:18.393624+09:00
Advisor History,,,failed,False,2026-08-19T20:39:21.250222+09:00
Advisor Hotline,,,failed,False,2026-08-19T21:13:34.097161+09:00
Advisor Hub,12100.0,2.0,success,False,2026-08-17T20:44:29.668652+09:00
Advisor Identifier,,,failed,False,2026-08-23T13:07:39.256451+09:00
Advisor Index,,,failed,False,2026-08-19T21:12:37.502456+09:00
Advisor Insight,50.0,7.0,success,False,2026-08-17T23:10:22.607509+09:00
Advisor Installment,,,failed,False,2026-08-23T16:16:26.754683+09:00
Advisor Item,,,failed,False,2026-08-21T01:51:00.424955+09:00
Advisor Journal,10.0,0.0,success,False,2026-08-18T22:10:14.241136+09:00
Advisor Keeper,,,failed,False,2026-08-17T21:32:25.465592+09:00
Advisor Kit,,,failed,False,2026-08-27T22:44:05.542192+09:00
Advisor Lab,20.0,5.0,success,False,2026-08-17T20:43:15.863986+09:00
Advisor Ledger,140.0,1.0,success,False,2026-08-17T20:47:04.642239+09:00
Advisor Lens,,,failed,False,2026-08-17T21:33:02.340741+09:00
Advisor Level,10.0,0.0,success,False,2026-08-19T20:39:37.927726+09:00
Advisor Levy,,,failed,False,2026-08-23T13:47:58.149011+09:00
Advisor Link,390.0,1.0,success,False,2026-08-23T03:19:37.789366+09:00
Advisor List,70.0,16.0,success,False,2026-08-19T21:58:48.612097+09:00
Advisor Loan,1000.0,25.0,success,False,2026-08-21T02:08:07.470140+09:00
Advisor Locator,50.0,7.0,success,False,2026-08-18T23:59:24.120788+09:00
Advisor Lock,,,failed,False,2026-08-17T21:35:02.943607+09:00
Advisor Log,,,failed,False,2026-08-19T13:38:06.946096+09:00
Advisor Loop,,,failed,False,2026-08-18T07:52:30.485728+09:00
Advisor Manager,50.0,0.0,success,False,2026-08-17T21:31:15.457583+09:00
Advisor Manual,20.0,0.0,success,False,2026-08-27T22:14:59.305692+09:00
Advisor Map,,,failed,False,2026-08-17T21:33:59.802696+09:00
Advisor Markup,,,failed,False,2026-08-23T16:40:02.738352+09:00
Advisor Memo,,,failed,False,2026-08-21T00:35:36.889482+09:00
Advisor Message,,,failed,False,2026-08-27T23:10:02.620929+09:00
Advisor Meter,,,failed,False,2026-08-17T20:35:19.683482+09:00
Advisor Metrics,,,failed,False,2026-08-17T23:26:18.163850+09:00
Advisor Monitor,110.0,4.0,success,False,2026-08-17T23:26:02.617332+09:00
Advisor Navigator,,,failed,False,2026-08-17T23:11:59.928630+09:00
Advisor Nexus,,,failed,False,2026-08-17T21:35:36.118436+09:00
Advisor Node,,,failed,False,2026-08-17T21:37:44.992622+09:00
Advisor Note,,,failed,False,2026-08-19T13:39:43.638809+09:00
Advisor Notification,,,failed,False,2026-08-27T22:51:51.167010+09:00
Advisor Number,70.0,1.0,success,False,2026-08-23T03:19:30.157366+09:00
Advisor Office,390.0,1.0,success,False,2026-08-18T23:59:53.624295+09:00
Advisor Ops,,,failed,False,2026-08-17T23:27:00.420532+09:00
Advisor Order,,,failed,False,2026-08-19T21:58:14.220154+09:00
Advisor Organizer,,,failed,False,2026-08-17T23:15:28.966007+09:00
Advisor Overage,,,failed,False,2026-08-27T21:50:20.259806+09:00
Advisor Overdraft,,,failed,False,2026-08-23T15:52:37.821939+09:00
Advisor Overdue,,,failed,False,2026-08-27T21:50:15.580858+09:00
Advisor Panel,320.0,0.0,success,False,2026-08-17T20:37:16.947301+09:00
Advisor Path,,,failed,False,2026-08-17T21:37:05.127331+09:00
Advisor Payoff,,,failed,False,2026-08-27T21:50:17.905826+09:00
Advisor Petition,,,failed,False,2026-08-21T01:09:36.550865+09:00
Advisor Pilot,,,failed,False,2026-08-17T20:43:44.073906+09:00
Advisor Plan,,,failed,False,2026-08-21T01:51:12.065747+09:00
Advisor Planner,210.0,24.0,success,False,2026-08-17T23:08:44.294677+09:00
Advisor Playbook,90.0,51.0,success,False,2026-08-18T22:10:08.621452+09:00
Advisor Point,,,failed,False,2026-08-17T21:36:07.544663+09:00
Advisor Portal,590.0,1.0,success,False,2026-08-17T20:39:09.333217+09:00
Advisor Profile,50.0,1.0,success,False,2026-08-19T13:40:05.769727+09:00
Advisor Profit,,,failed,False,2026-08-23T02:54:48.016404+09:00
Advisor Proposal,,,failed,False,2026-08-28T01:03:11.397241+09:00
Advisor Pulse,,,failed,False,2026-08-17T21:39:57.727763+09:00
Advisor Queue,,,failed,False,2026-08-19T21:12:57.141262+09:00
Advisor Quota,,,failed,False,2026-08-21T00:35:39.216644+09:00
Advisor Radar,,,failed,False,2026-08-17T20:42:00.146835+09:00
Advisor Rail,,,failed,False,2026-08-18T07:52:56.677266+09:00
Advisor Rank,40.0,2.0,success,False,2026-08-28T00:46:19.889028+09:00
Advisor Rate,,,failed,False,2026-08-19T20:39:47.752844+09:00
Advisor Recap,,,failed,False,2026-08-21T00:59:23.990159+09:00
Advisor Receipt,,,failed,False,2026-08-19T21:58:32.626205+09:00
Advisor Recorder,,,failed,False,2026-08-27T23:32:16.065535+09:00
Advisor Register,70.0,3.0,success,False,2026-08-17T23:06:37.704524+09:00
Advisor Registry,70.0,3.0,success,False,2026-08-18T22:10:38.085042+09:00
Advisor Relay,,,failed,False,2026-08-17T20:41:09.985510+09:00
Advisor Reminder,,,failed,False,2026-08-19T21:12:15.731161+09:00
Advisor Report,260.0,0.0,success,False,2026-08-19T13:37:50.110679+09:00
Advisor Repository,,,failed,False,2026-08-27T23:10:12.340839+09:00
Advisor Roadmap,20.0,5.0,success,False,2026-08-18T22:11:21.547380+09:00
Advisor Roster,,,failed,False,2026-08-19T00:36:38.202359+09:00
Advisor Route,,,failed,False,2026-08-17T20:33:30.325030+09:00
Advisor Rule,,,failed,False,2026-08-23T03:19:40.807348+09:00
Advisor Sale,,,failed,False,2026-08-21T02:23:51.443965+09:00
Advisor Sample,,,failed,False,2026-08-19T21:59:26.927876+09:00
Advisor Scale,10.0,9.0,success,False,2026-08-17T20:34:23.568448+09:00
Advisor Scheduler,,,failed,False,2026-08-17T23:25:47.175267+09:00
Advisor Scope,,,failed,False,2026-08-17T20:31:46.547401+09:00
Advisor Score,,,failed,False,2026-08-19T13:39:26.336599+09:00
Advisor Sentry,,,failed,False,2026-08-17T21:33:26.536272+09:00
Advisor Sheet,,,failed,False,2026-08-19T13:38:58.073256+09:00
Advisor Shortfall,,,failed,False,2026-08-27T21:50:26.760837+09:00
Advisor Signal,,,failed,False,2026-08-17T20:34:01.116253+09:00
Advisor Slip,,,failed,False,2026-08-19T21:59:15.845213+09:00
Advisor Slot,,,failed,False,2026-08-19T21:59:39.418384+09:00
Advisor Snapshot,,,failed,False,2026-08-18T22:10:22.903886+09:00
Advisor Stake,,,failed,False,2026-08-23T02:54:50.074152+09:00
Advisor Statement,,,failed,False,2026-08-21T00:35:29.281212+09:00
Advisor Station,,,failed,False,2026-08-17T20:42:19.428112+09:00
Advisor Status,10.0,0.0,success,False,2026-08-19T20:39:03.354865+09:00
Advisor Stipend,,,failed,False,2026-08-23T13:47:58.149011+09:00
Advisor Studio,20.0,7.0,success,False,2026-08-17T20:44:09.032273+09:00
Advisor Subsidy,,,failed,False,2026-08-23T15:52:40.502270+09:00
Advisor Suite,20.0,17.0,success,False,2026-08-17T23:24:54.415182+09:00
Advisor Sum,,,failed,False,2026-08-21T02:23:33.552099+09:00
Advisor Summary,,,failed,False,2026-08-19T21:11:53.117390+09:00
Advisor Sync,,,failed,False,2026-08-17T20:46:26.563596+09:00
Advisor Tab,50.0,19.0,success,False,2026-08-21T00:35:52.521460+09:00
Advisor Table,,,failed,False,2026-08-19T21:58:59.534733+09:00
Advisor Tag,,,failed,False,2026-08-19T13:39:57.462867+09:00
Advisor Tariff,,,failed,False,2026-08-21T02:39:59.313025+09:00
Advisor Tax,18100.0,32.0,success,False,2026-08-21T02:08:03.839367+09:00
Advisor Ticket,,,failed,False,2026-08-19T21:12:47.142527+09:00
Advisor Tier,,,failed,False,2026-08-28T00:46:16.444390+09:00
Advisor Timeline,,,failed,False,2026-08-19T21:12:04.004296+09:00
Advisor Toll,,,failed,False,2026-08-21T02:39:52.714819+09:00
Advisor Toolbox,10.0,4.0,success,False,2026-08-28T00:22:15.974518+09:00
Advisor Toolkit,170.0,0.0,success,False,2026-08-18T22:10:00.373367+09:00
Advisor Total,,,failed,False,2026-08-27T23:10:05.739440+09:00
Advisor Tracker,,,failed,False,2026-08-17T20:47:45.474295+09:00
Advisor Trail,,,failed,False,2026-08-18T07:53:03.495247+09:00
Advisor Trial,,,failed,False,2026-08-27T21:19:28.438229+09:00
Advisor Unit,,,failed,False,2026-08-21T01:51:06.981175+09:00
Advisor Update,110.0,1.0,success,False,2026-08-19T20:39:52.613613+09:00
Advisor Value,40.0,7.0,success,False,2026-08-23T02:54:50.074152+09:00
Advisor Vault,20.0,9.0,success,False,2026-08-17T20:40:26.535789+09:00
Advisor Version,,,failed,False,2026-08-23T03:19:32.678416+09:00
Advisor View,110.0,2.0,success,False,2026-08-19T20:39:09.333161+09:00
Advisor Watch,70.0,53.0,success,False,2026-08-17T20:32:57.689274+09:00
Advisor Wave,,,failed,False,2026-08-17T21:38:15.647846+09:00
Advisor Widget,,,failed,False,2026-08-27T23:10:09.258839+09:00
Advisor Workbench,70.0,1.0,success,False,2026-08-18T22:09:52.210960+09:00
Advisor Worksheet,,,failed,False,2026-08-27T22:15:03.740456+09:00
Advisor Workshop,,,failed,False,2026-08-28T00:22:09.034750+09:00
Advisor Zone,590.0,1.0,success,False,2026-08-17T20:40:01.743309+09:00
Agenda Advisory,,,failed,False,2026-08-21T01:09:25.502385+09:00
Agenda Allowance,,,failed,False,2026-08-21T02:38:45.456500+09:00
Agenda Almanac,,,failed,False,2026-08-18T22:03:18.976552+09:00
Agenda Analyzer,,,failed,False,2026-08-27T23:57:47.525165+09:00
Agenda Anchor,,,failed,False,2026-08-17T21:36:59.022364+09:00
Agenda Announcement,20.0,0.0,success,False,2026-08-27T23:35:43.099138+09:00
Agenda Assistant,,,failed,False,2026-08-17T23:30:24.350682+09:00
Agenda Atlas,40.0,1.0,success,False,2026-08-17T20:44:24.451216+09:00
Agenda Attribute,,,failed,False,2026-08-23T13:06:49.264367+09:00
Agenda Base,260.0,91.0,success,False,2026-08-17T20:41:27.066117+09:00
Agenda Beacon,,,failed,False,2026-08-18T07:53:03.495247+09:00
Agenda Bill,20.0,0.0,success,False,2026-08-19T22:00:50.592987+09:00
Agenda Blueprint,,,failed,False,2026-08-18T22:03:09.558659+09:00
Agenda Board,260.0,21.0,success,False,2026-08-17T20:39:04.557611+09:00
Agenda Book,2400.0,100.0,success,False,2026-08-19T22:01:39.954435+09:00
Agenda Bridge,260.0,93.0,success,False,2026-08-17T21:38:10.743063+09:00
Agenda Brief,210.0,11.0,success,False,2026-08-21T01:09:17.934023+09:00
Agenda Bulletin,,,failed,False,2026-08-21T01:09:12.434019+09:00
Agenda Cabinet,10.0,64.0,success,False,2026-08-27T23:14:57.999766+09:00
Agenda Calendar,1600.0,35.0,success,False,2026-08-18T23:57:42.935137+09:00
Agenda Card,170.0,2.0,success,False,2026-08-19T13:25:53.621438+09:00
Agenda Cascade,10.0,0.0,success,False,2026-08-17T21:39:37.908878+09:00
Agenda Cash,,,failed,False,2026-08-21T02:22:40.576459+09:00
Agenda Catalog,,,failed,False,2026-08-19T21:17:11.439811+09:00
Agenda Category,,,failed,False,2026-08-23T13:06:47.092391+09:00
Agenda Center,320.0,1.0,success,False,2026-08-17T20:33:23.313632+09:00
Agenda Chain,,,failed,False,2026-08-17T21:31:05.600589+09:00
Agenda Charge,,,failed,False,2026-08-21T02:38:37.938007+09:00
Agenda Check,50.0,8.0,success,False,2026-08-19T13:26:13.744102+09:00
Agenda Checker,,,failed,False,2026-08-27T23:57:42.673163+09:00
Agenda Checklist,140.0,100.0,success,False,2026-08-19T21:16:08.184183+09:00
Agenda Circular,110.0,5.0,success,False,2026-08-21T01:09:22.527514+09:00
Agenda Cockpit,,,failed,False,2026-08-17T23:14:31.375028+09:00
Agenda Code,30.0,0.0,success,False,2026-08-19T22:01:08.341225+09:00
Agenda Codex,,,failed,False,2026-08-18T22:03:53.517132+09:00
Agenda Companion,,,failed,False,2026-08-17T23:31:50.854430+09:00
Agenda Comparison,,,failed,False,2026-08-28T01:08:07.317285+09:00
Agenda Compass,,,failed,False,2026-08-17T20:31:38.107939+09:00
Agenda Compendium,,,failed,False,2026-08-18T22:03:32.090956+09:00
Agenda Confirmation,,,failed,False,2026-08-21T01:09:32.208799+09:00
Agenda Console,,,failed,False,2026-08-18T07:52:19.092235+09:00
Agenda Core,,,failed,False,2026-08-17T20:40:44.017242+09:00
Agenda Cost,,,failed,False,2026-08-21T02:07:02.181648+09:00
Agenda Count,,,failed,False,2026-08-27T22:49:26.070118+09:00
Agenda Counter,,,failed,False,2026-08-18T23:58:41.085151+09:00
Agenda Dashboard,50.0,84.0,success,False,2026-08-17T23:31:33.228756+09:00
Agenda Deal,,,failed,False,2026-08-21T01:50:51.985309+09:00
Agenda Debt,,,failed,False,2026-08-21T02:22:32.305318+09:00
Agenda Deck,40.0,11.0,success,False,2026-08-17T20:38:07.696860+09:00
Agenda Depot,,,failed,False,2026-08-18T23:58:23.364762+09:00
Agenda Desk,260.0,81.0,success,False,2026-08-17T20:35:45.912195+09:00
Agenda Detail,70.0,2.0,success,False,2026-08-23T03:18:09.441113+09:00
Agenda Detector,,,failed,False,2026-08-27T23:57:45.055012+09:00
Agenda Diagram,20.0,0.0,success,False,2026-08-27T22:12:17.686005+09:00
Agenda Dial,,,failed,False,2026-08-17T21:38:46.123803+09:00
Agenda Digest,,,failed,False,2026-08-19T20:43:33.378176+09:00
Agenda Directory,,,failed,False,2026-08-18T23:57:53.791592+09:00
Agenda Dock,,,failed,False,2026-08-17T21:34:26.372304+09:00
Agenda Dossier,20.0,70.0,success,False,2026-08-21T01:09:36.550865+09:00
Agenda Downpayment,,,failed,False,2026-08-27T21:48:09.369962+09:00
Agenda Draft,2400.0,0.0,success,True,2026-08-19T20:43:44.541784+09:00
Agenda Due,,,failed,False,2026-08-23T15:51:49.176648+09:00
Agenda Duty,,,failed,False,2026-08-21T02:38:41.018051+09:00
Agenda Engine,,,failed,False,2026-08-17T23:11:16.019102+09:00
Agenda Entry,70.0,0.0,success,False,2026-08-21T00:58:27.692575+09:00
Agenda Estimate,,,failed,False,2026-08-19T21:16:57.743794+09:00
Agenda Excerpt,,,failed,False,2026-08-21T00:58:22.319025+09:00
Agenda Extension,20.0,20.0,success,False,2026-08-23T16:39:07.006923+09:00
Agenda Fare,,,failed,False,2026-08-21T02:07:11.746620+09:00
Agenda Fee,20.0,100.0,success,False,2026-08-21T01:50:23.005803+09:00
Agenda Feed,10.0,0.0,success,False,2026-08-19T20:43:39.981777+09:00
Agenda Field,,,failed,False,2026-08-23T13:06:51.579478+09:00
Agenda File,90.0,17.0,success,False,2026-08-19T20:43:01.232728+09:00
Agenda Finder,,,failed,False,2026-08-18T23:58:15.272323+09:00
Agenda Fine,,,failed,False,2026-08-23T02:54:13.248458+09:00
Agenda Flag,50.0,11.0,success,False,2026-08-21T00:36:05.920603+09:00
Agenda Flow,720.0,45.0,success,False,2026-08-17T20:38:32.473394+09:00
Agenda Forge,,,failed,False,2026-08-17T21:41:39.306179+09:00
Agenda Form,4400.0,17.0,success,False,2026-08-19T13:25:31.059454+09:00
Agenda Format,4400.0,17.0,success,False,2026-08-23T13:06:54.038616+09:00
Agenda Frame,20.0,33.0,success,False,2026-08-17T20:42:15.711128+09:00
Agenda Fund,,,failed,False,2026-08-21T02:22:35.993251+09:00
Agenda Gate,,,failed,False,2026-08-17T20:46:20.020027+09:00
Agenda Generator,70.0,48.0,success,False,2026-08-27T23:35:50.995626+09:00
Agenda Grade,,,failed,False,2026-08-21T00:35:52.521460+09:00
Agenda Graph,,,failed,False,2026-08-27T22:11:56.077657+09:00
Agenda Grid,10.0,11.0,success,False,2026-08-17T21:31:41.054400+09:00
Agenda Guard,,,failed,False,2026-08-17T20:41:06.345123+09:00
Agenda Guidebook,,,failed,False,2026-08-18T22:02:48.638128+09:00
Agenda Helper,,,failed,False,2026-08-28T00:26:42.212784+09:00
Agenda History,10.0,0.0,success,False,2026-08-19T20:42:55.526386+09:00
Agenda Hotline,140.0,20.0,success,False,2026-08-19T21:17:21.944279+09:00
Agenda Hub,40.0,16.0,success,False,2026-08-17T20:37:39.748297+09:00
Agenda Identifier,,,failed,False,2026-08-23T13:06:44.617990+09:00
Agenda Index,110.0,10.0,success,False,2026-08-19T21:16:21.953049+09:00
Agenda Insight,40.0,0.0,success,False,2026-08-17T23:07:36.976637+09:00
Agenda Item,1300.0,1.0,success,False,2026-08-21T01:50:28.240015+09:00
Agenda Journal,880.0,87.0,success,False,2026-08-18T21:11:26.018001+09:00
Agenda Keeper,20.0,13.0,success,False,2026-08-17T20:42:43.172174+09:00
Agenda Kit,90.0,100.0,success,False,2026-08-27T22:49:17.563475+09:00
Agenda Lab,140.0,11.0,success,False,2026-08-17T20:36:12.301778+09:00
Agenda Label,30.0,48.0,success,False,2026-08-27T22:12:02.778487+09:00
Agenda Ledger,,,failed,False,2026-08-17T20:39:54.147287+09:00
Agenda Lens,110.0,1.0,success,False,2026-08-17T20:43:09.097865+09:00
Agenda Link,170.0,18.0,success,False,2026-08-23T03:18:03.824260+09:00
Agenda List,320.0,3.0,success,False,2026-08-19T22:01:17.483163+09:00
Agenda Loan,,,failed,False,2026-08-21T02:07:24.034599+09:00
Agenda Locator,,,failed,False,2026-08-18T23:58:01.279851+09:00
Agenda Lock,20.0,29.0,success,False,2026-08-17T20:44:54.516764+09:00
Agenda Log,110.0,0.0,success,False,2026-08-19T13:25:11.972380+09:00
Agenda Loop,10.0,0.0,success,False,2026-08-17T21:32:53.372558+09:00
Agenda Manager,480.0,52.0,success,False,2026-08-17T20:41:55.751231+09:00
Agenda Manual,110.0,40.0,success,False,2026-08-27T22:12:11.460290+09:00
Agenda Map,320.0,56.0,success,False,2026-08-17T20:44:06.631034+09:00
Agenda Margin,,,failed,False,2026-08-23T02:54:11.154631+09:00
Agenda Marker,10.0,0.0,success,False,2026-08-23T13:27:36.728702+09:00
Agenda Memo,110.0,41.0,success,False,2026-08-21T00:35:57.334663+09:00
Agenda Message,20.0,56.0,success,False,2026-08-27T23:14:52.026245+09:00
Agenda Meter,,,failed,False,2026-08-17T21:37:36.095439+09:00
Agenda Metrics,,,failed,False,2026-08-17T23:31:19.808791+09:00
Agenda Monitor,,,failed,False,2026-08-17T23:30:54.077179+09:00
Agenda Navigator,,,failed,False,2026-08-17T23:09:22.045461+09:00
Agenda Nexus,70.0,0.0,success,False,2026-08-17T20:45:28.437462+09:00
Agenda Node,90.0,0.0,success,False,2026-08-17T20:47:35.936558+09:00
Agenda Note,1600.0,77.0,success,False,2026-08-19T13:26:59.554690+09:00
Agenda Notification,20.0,1.0,success,False,2026-08-27T22:49:17.563475+09:00
Agenda Number,70.0,3.0,success,False,2026-08-23T03:17:54.192615+09:00
Agenda Office,390.0,58.0,success,False,2026-08-18T23:58:32.218218+09:00
Agenda Ops,,,failed,False,2026-08-17T23:32:14.007104+09:00
Agenda Order,50.0,22.0,success,False,2026-08-19T22:00:41.038270+09:00
Agenda Organizer,720.0,100.0,success,False,2026-08-17T23:12:55.157000+09:00
Agenda Outline,720.0,18.0,success,False,2026-08-27T22:29:00.404173+09:00
Agenda Overage,,,failed,False,2026-08-27T21:48:07.167837+09:00
Agenda Overdue,,,failed,False,2026-08-27T21:48:04.359972+09:00
Agenda Panel,,,failed,False,2026-08-17T21:41:04.521769+09:00
Agenda Path,10.0,0.0,success,False,2026-08-17T20:46:59.199715+09:00
Agenda Payoff,,,failed,False,2026-08-27T21:48:07.167837+09:00
Agenda Petition,,,failed,False,2026-08-21T01:09:29.468190+09:00
Agenda Pilot,,,failed,False,2026-08-17T20:36:40.845127+09:00
Agenda Plan,4400.0,100.0,success,False,2026-08-21T01:50:37.837516+09:00
Agenda Planner,5400.0,100.0,success,False,2026-08-17T23:05:47.972316+09:00
Agenda Playbook,10.0,0.0,success,False,2026-08-18T23:50:10.067508+09:00
Agenda Point,480.0,7.0,success,False,2026-08-17T20:45:52.903104+09:00
Agenda Portal,1300.0,15.0,success,False,2026-08-18T07:52:08.139884+09:00
Agenda Preview,,,failed,False,2026-08-28T01:08:09.929341+09:00
Agenda Profile,10.0,0.0,success,False,2026-08-19T13:27:18.608287+09:00
Agenda Profit,,,failed,False,2026-08-23T02:54:03.941195+09:00
Agenda Proposal,140.0,2.0,success,False,2026-08-28T01:08:15.051453+09:00
Agenda Pulse,,,failed,False,2026-08-17T21:30:33.048254+09:00
Agenda Queue,20.0,1.0,success,False,2026-08-19T21:16:45.147013+09:00
Agenda Quota,,,failed,False,2026-08-21T00:36:02.867452+09:00
Agenda Radar,20.0,0.0,success,False,2026-08-17T20:34:44.892914+09:00
Agenda Rail,90.0,1.0,success,False,2026-08-17T21:33:22.663564+09:00
Agenda Rank,,,failed,False,2026-08-28T00:48:27.212910+09:00
Agenda Recap,,,failed,False,2026-08-21T01:09:42.916632+09:00
Agenda Receipt,,,failed,False,2026-08-19T22:00:58.577087+09:00
Agenda Register,70.0,1.0,success,False,2026-08-17T23:03:41.404316+09:00
Agenda Registry,,,failed,False,2026-08-18T22:02:59.013018+09:00
Agenda Relay,,,failed,False,2026-08-17T20:33:54.236742+09:00
Agenda Reminder,30.0,7.0,success,False,2026-08-19T21:15:58.285929+09:00
Agenda Report,140.0,0.0,success,False,2026-08-19T13:25:01.891377+09:00
Agenda Repository,,,failed,False,2026-08-27T23:14:57.999766+09:00
Agenda Roadmap,20.0,3.0,success,False,2026-08-18T22:04:03.001846+09:00
Agenda Roster,,,failed,False,2026-08-19T00:38:02.838044+09:00
Agenda Route,,,failed,False,2026-08-17T21:35:24.685319+09:00
Agenda Rule,,,failed,False,2026-08-23T03:18:07.042470+09:00
Agenda Sale,40.0,88.0,success,False,2026-08-21T02:22:48.105050+09:00
Agenda Sample,12100.0,25.0,success,False,2026-08-19T22:01:59.739197+09:00
Agenda Scale,,,failed,False,2026-08-17T21:36:30.682605+09:00
Agenda Scanner,,,failed,False,2026-08-27T23:57:42.673163+09:00
Agenda Scheduler,480.0,11.0,success,False,2026-08-17T23:30:39.559752+09:00
Agenda Scope,40.0,2.0,success,False,2026-08-17T21:33:53.413747+09:00
Agenda Score,,,failed,False,2026-08-19T13:26:27.174031+09:00
Agenda Sentry,,,failed,False,2026-08-17T20:43:36.337910+09:00
Agenda Sheet,210.0,10.0,success,False,2026-08-19T13:26:03.914310+09:00
Agenda Shortfall,,,failed,False,2026-08-27T21:48:11.561191+09:00
Agenda Signal,,,failed,False,2026-08-17T21:36:00.741055+09:00
Agenda Signature,,,failed,False,2026-08-23T13:27:34.278860+09:00
Agenda Slip,,,failed,False,2026-08-19T22:01:48.957551+09:00
Agenda Slot,50.0,0.0,success,False,2026-08-19T22:02:09.365210+09:00
Agenda Snapshot,,,failed,False,2026-08-18T22:02:38.118746+09:00
Agenda Stage,70.0,1.0,success,False,2026-08-28T00:48:23.790188+09:00
Agenda Stake,,,failed,False,2026-08-23T02:54:08.933520+09:00
Agenda Stamp,10.0,96.0,success,False,2026-08-23T13:27:36.728702+09:00
Agenda Statement,20.0,0.0,success,False,2026-08-21T00:35:39.216644+09:00
Agenda Station,,,failed,False,2026-08-17T20:35:15.216607+09:00
Agenda Status,30.0,0.0,success,False,2026-08-19T20:42:37.692999+09:00
Agenda Stub,,,failed,False,2026-08-21T00:35:34.561312+09:00
Agenda Studio,260.0,12.0,success,False,2026-08-17T20:37:11.919122+09:00
Agenda Suite,10.0,8.0,success,False,2026-08-17T23:30:11.118322+09:00
Agenda Sum,,,failed,False,2026-08-21T02:22:28.218601+09:00
Agenda Summary,170.0,0.0,success,False,2026-08-19T21:15:37.050210+09:00
Agenda Sync,20.0,11.0,success,False,2026-08-17T20:39:25.387216+09:00
Agenda Tab,,,failed,False,2026-08-21T00:36:11.342304+09:00
Agenda Table,210.0,13.0,success,False,2026-08-19T22:01:27.807092+09:00
Agenda Tag,50.0,17.0,success,False,2026-08-19T13:27:07.663216+09:00
Agenda Tally,,,failed,False,2026-08-21T00:35:46.572141+09:00
Agenda Tariff,,,failed,False,2026-08-21T02:38:47.806400+09:00
Agenda Tax,,,failed,False,2026-08-21T02:07:20.173569+09:00
Agenda Ticket,30.0,3.0,success,False,2026-08-19T21:16:32.174515+09:00
Agenda Timeline,170.0,28.0,success,False,2026-08-19T21:15:48.074960+09:00
Agenda Timer,480.0,20.0,success,False,2026-08-28T00:26:39.760657+09:00
Agenda Toll,,,failed,False,2026-08-21T02:38:43.386978+09:00
Agenda Toolbox,,,failed,False,2026-08-28T00:26:42.212784+09:00
Agenda Toolkit,,,failed,False,2026-08-18T23:50:12.553511+09:00
Agenda Tracker,720.0,8.0,success,False,2026-08-17T20:40:20.065990+09:00
Agenda Trail,590.0,2.0,success,False,2026-08-17T21:32:17.170130+09:00
Agenda Trial,10.0,0.0,success,False,2026-08-27T21:17:07.956821+09:00
Agenda Unit,90.0,0.0,success,False,2026-08-21T01:50:49.145007+09:00
Agenda Update,70.0,2.0,success,False,2026-08-19T20:43:26.923996+09:00
Agenda Value,,,failed,False,2026-08-23T02:54:06.073801+09:00
Agenda Vault,,,failed,False,2026-08-17T20:32:49.512310+09:00
Agenda Version,,,failed,False,2026-08-23T03:18:00.174345+09:00
Agenda View,210.0,1.0,success,False,2026-08-19T20:42:43.732696+09:00
Agenda Watch,90.0,4.0,success,False,2026-08-17T21:34:55.256705+09:00
Agenda Wave,,,failed,False,2026-08-17T20:48:15.314618+09:00
Agenda Widget,1000.0,1.0,success,False,2026-08-27T23:14:55.579423+09:00
Agenda Workbench,,,failed,False,2026-08-18T23:50:12.553511+09:00
Agenda Worksheet,30.0,0.0,success,False,2026-08-27T22:12:15.272381+09:00
Agenda Zone,,,failed,False,2026-08-17T20:32:12.868338+09:00
Agent Advance,30.0,3.0,success,False,2026-08-23T16:14:40.533655+09:00
Agent Advisory,170.0,7.0,success,False,2026-08-21T01:17:54.187315+09:00
Agent Alert,40.0,3.0,success,False,2026-08-21T01:24:45.500076+09:00
Agent Allowance,,,failed,False,2026-08-21T02:44:02.769477+09:00
Agent Analyzer,20.0,2.0,success,False,2026-08-27T23:51:10.379112+09:00
Agent Assistant,2400.0,23.0,success,False,2026-08-21T01:22:27.198742+09:00
Agent Atlas,8100.0,0.0,success,True,2026-08-21T01:22:03.238360+09:00
Agent Attribute,,,failed,False,2026-08-23T13:05:25.615596+09:00
Agent Badge,480.0,62.0,success,False,2026-08-21T01:17:10.053741+09:00
Agent Base,720.0,6.0,success,False,2026-08-21T01:20:11.987698+09:00
Agent Bay,590.0,13.0,success,False,2026-08-21T01:24:08.790137+09:00
Agent Beacon,90.0,2.0,success,False,2026-08-21T01:19:03.432303+09:00
Agent Bill,70.0,1.0,success,False,2026-08-21T01:16:17.029557+09:00
Agent Bin,30.0,0.0,success,False,2026-08-21T01:25:01.384940+09:00
Agent Board,170.0,5.0,success,False,2026-08-21T01:20:30.866856+09:00
Agent Booth,14800.0,0.0,success,True,2026-08-21T01:23:52.904904+09:00
Agent Bridge,140.0,5.0,success,False,2026-08-21T01:19:18.289018+09:00
Agent Brief,480.0,5.0,success,False,2026-08-21T01:17:46.814722+09:00
Agent Bulletin,,,failed,False,2026-08-21T01:17:41.245351+09:00
Agent Card,1900.0,1.0,success,False,2026-08-21T01:25:53.521014+09:00
Agent Cascade,,,failed,False,2026-08-21T01:19:12.546892+09:00
Agent Cash,590.0,0.0,success,False,2026-08-21T02:27:47.388523+09:00
Agent Category,40.0,0.0,success,False,2026-08-23T13:05:23.446570+09:00
Agent Center,480.0,1.0,success,False,2026-08-21T01:21:00.134067+09:00
Agent Chain,90.0,12.0,success,False,2026-08-21T01:21:46.110216+09:00
Agent Charge,90.0,0.0,success,False,2026-08-21T02:43:53.941468+09:00
Agent Chart,20.0,0.0,success,False,2026-08-21T01:24:51.973946+09:00
Agent Check,880.0,1.0,success,False,2026-08-21T01:26:01.379135+09:00
Agent Checker,880.0,1.0,success,False,2026-08-27T23:51:04.044510+09:00
Agent Circular,,,failed,False,2026-08-21T01:17:49.809423+09:00
Agent Code,2400.0,15.0,success,False,2026-08-21T01:16:28.829039+09:00
Agent Companion,40.0,9.0,success,False,2026-08-21T01:22:46.544366+09:00
Agent Comparison,210.0,27.0,success,False,2026-08-28T01:02:51.015649+09:00
Agent Compass,170.0,8.0,success,False,2026-08-21T01:18:56.365360+09:00
Agent Confirmation,,,failed,False,2026-08-21T01:18:04.111706+09:00
Agent Console,720.0,8.0,success,False,2026-08-21T01:21:17.954324+09:00
Agent Core,14800.0,12.0,success,False,2026-08-21T01:20:18.165253+09:00
Agent Cost,90.0,2.0,success,False,2026-08-21T02:11:04.805408+09:00
Agent Count,20.0,0.0,success,False,2026-08-27T22:50:43.878395+09:00
Agent Counter,,,failed,False,2026-08-21T01:23:43.267024+09:00
Agent Deal,40.0,3.0,success,False,2026-08-21T01:54:32.681048+09:00
Agent Debt,10.0,2.0,success,False,2026-08-21T02:27:38.390107+09:00
Agent Deck,1900.0,2.0,success,False,2026-08-21T01:20:34.277114+09:00
Agent Desk,480.0,11.0,success,False,2026-08-21T01:18:37.282523+09:00
Agent Detail,390.0,0.0,success,False,2026-08-23T03:14:39.191196+09:00
Agent Directory,590.0,10.0,success,False,2026-08-21T01:23:24.077688+09:00
Agent Discount,30.0,3.0,success,False,2026-08-23T16:14:37.846068+09:00
Agent Downpayment,,,failed,False,2026-08-27T21:48:49.180539+09:00
Agent Draft,10.0,0.0,success,False,2026-08-21T01:15:35.859983+09:00
Agent Duty,720.0,1.0,success,False,2026-08-21T02:43:57.292345+09:00
Agent Engine,1300.0,13.0,success,False,2026-08-21T01:22:23.798217+09:00
Agent Entry,20.0,0.0,success,False,2026-08-21T01:18:13.948377+09:00
Agent Estimate,,,failed,False,2026-08-21T01:16:06.736603+09:00
Agent Extension,140.0,0.0,success,False,2026-08-23T16:39:14.026032+09:00
Agent Fare,10.0,0.0,success,False,2026-08-21T02:11:11.149564+09:00
Agent Fee,1300.0,5.0,success,False,2026-08-21T01:54:15.077260+09:00
Agent Feed,1300.0,5.0,success,False,2026-08-21T01:15:30.378271+09:00
Agent File,480.0,1.0,success,False,2026-08-21T01:35:15.414244+09:00
Agent Fine,10.0,0.0,success,False,2026-08-23T02:58:18.393651+09:00
Agent Flow,1600.0,17.0,success,False,2026-08-21T01:18:24.600947+09:00
Agent Forge,390.0,16.0,success,False,2026-08-21T01:19:09.689487+09:00
Agent Form,480.0,1.0,success,False,2026-08-21T01:25:38.275036+09:00
Agent Format,480.0,1.0,success,False,2026-08-23T13:05:30.348326+09:00
Agent Frame,30.0,3.0,success,False,2026-08-21T01:20:05.793508+09:00
Agent Fund,170.0,8.0,success,False,2026-08-21T02:27:43.385895+09:00
Agent Gate,1900.0,2.0,success,False,2026-08-21T01:21:53.775872+09:00
Agent Graph,320.0,9.0,success,False,2026-08-27T22:13:01.149795+09:00
Agent Grid,170.0,2.0,success,False,2026-08-21T01:19:41.393995+09:00
Agent Guarantee,,,failed,False,2026-08-28T01:02:58.141304+09:00
Agent Guardian,30.0,5.0,success,False,2026-08-28T00:21:32.683664+09:00
Agent Helpdesk,390.0,14.0,success,False,2026-08-27T22:50:43.878395+09:00
Agent Helper,40.0,8.0,success,False,2026-08-28T00:21:38.214311+09:00
Agent History,90.0,0.0,success,False,2026-08-21T01:26:31.620928+09:00
Agent Hub,14800.0,4.0,success,False,2026-08-21T01:18:31.327971+09:00
Agent Identifier,,,failed,False,2026-08-23T13:05:20.503897+09:00
Agent Inbox,320.0,25.0,success,False,2026-08-21T01:24:49.055361+09:00
Agent Index,70.0,2.0,success,False,2026-08-21T01:15:54.545452+09:00
Agent Item,,,failed,False,2026-08-21T01:54:19.939449+09:00
Agent Journal,20.0,0.0,success,False,2026-08-21T01:23:05.026470+09:00
Agent Keeper,10.0,3.0,success,False,2026-08-21T01:22:07.036293+09:00
Agent Kit,5400.0,17.0,success,False,2026-08-27T22:50:35.805109+09:00
Agent Lab,880.0,6.0,success,False,2026-08-21T01:20:42.577799+09:00
Agent Label,30.0,0.0,success,False,2026-08-27T22:13:04.123105+09:00
Agent Ledger,30.0,1.0,success,False,2026-08-21T01:20:23.926123+09:00
Agent Level,140.0,4.0,success,False,2026-08-21T01:26:44.593664+09:00
Agent Line,260.0,6.0,success,False,2026-08-21T01:25:14.873207+09:00
Agent Link,3600.0,1.0,success,False,2026-08-23T03:24:42.957554+09:00
Agent List,1000.0,3.0,success,False,2026-08-21T01:16:32.710448+09:00
Agent Loan,18100.0,21.0,success,False,2026-08-21T02:11:18.638927+09:00
Agent Lobby,,,failed,False,2026-08-21T01:25:07.930638+09:00
Agent Locator,6600.0,3.0,success,False,2026-08-21T01:23:30.836605+09:00
Agent Locker,30.0,5.0,success,False,2026-08-21T01:23:47.982205+09:00
Agent Log,40500.0,0.0,success,True,2026-08-21T01:25:49.214024+09:00
Agent Loop,4400.0,9.0,success,False,2026-08-21T01:19:38.159463+09:00
Agent Manager,2400.0,4.0,success,False,2026-08-21T01:23:14.366280+09:00
Agent Manual,20.0,6.0,success,False,2026-08-27T22:13:09.872881+09:00
Agent Map,170.0,1.0,success,False,2026-08-21T01:20:01.120246+09:00
Agent Memo,20.0,1.0,success,False,2026-08-21T01:17:27.975074+09:00
Agent Message,40.0,3.0,success,False,2026-08-27T23:16:13.930951+09:00
Agent Monitor,1000.0,20.0,success,False,2026-08-21T01:22:38.712146+09:00
Agent Nexus,140.0,4.0,success,False,2026-08-21T01:21:58.894123+09:00
Agent Note,170.0,2.0,success,False,2026-08-21T01:26:12.180385+09:00
Agent Notification,20.0,0.0,success,False,2026-08-27T22:50:33.048353+09:00
Agent Number,2400.0,1.0,success,False,2026-08-23T03:24:40.640287+09:00
Agent Office,880.0,2.0,success,False,2026-08-21T01:23:32.476935+09:00
Agent Ops,1000.0,20.0,success,False,2026-08-21T01:22:57.277421+09:00
Agent Order,90.0,1.0,success,False,2026-08-21T01:16:11.158685+09:00
Agent Outpost,,,failed,False,2026-08-21T01:24:17.387114+09:00
Agent Overage,,,failed,False,2026-08-27T21:48:46.666341+09:00
Agent Overdue,,,failed,False,2026-08-27T21:48:40.249889+09:00
Agent Panel,22200.0,0.0,success,True,2026-08-21T01:21:24.061904+09:00
Agent Pass,170.0,1.0,success,False,2026-08-21T01:16:58.879155+09:00
Agent Passport,22200.0,26.0,success,False,2026-08-21T01:25:03.878404+09:00
Agent Path,50.0,2.0,success,False,2026-08-21T01:19:52.973842+09:00
Agent Payoff,,,failed,False,2026-08-27T21:48:42.861590+09:00
Agent Penalty,,,failed,False,2026-08-23T16:39:07.006923+09:00
Agent Petition,,,failed,False,2026-08-21T01:17:59.788687+09:00
Agent Plan,590.0,15.0,success,False,2026-08-21T01:54:29.413822+09:00
Agent Planner,110.0,7.0,success,False,2026-08-21T01:22:31.268942+09:00
Agent Playbook,90.0,14.0,success,False,2026-08-21T01:22:59.410874+09:00
Agent Plaza,,,failed,False,2026-08-21T01:24:22.725454+09:00
Agent Point,170.0,1.0,success,False,2026-08-21T01:19:57.563871+09:00
Agent Portal,40500.0,0.0,success,True,2026-08-21T01:21:10.960024+09:00
Agent Post,9900.0,0.0,success,True,2026-08-21T01:24:13.003010+09:00
Agent Preview,40.0,4.0,success,False,2026-08-28T01:02:54.819638+09:00
Agent Profile,880.0,3.0,success,False,2026-08-21T01:26:19.673494+09:00
Agent Profit,10.0,1.0,success,False,2026-08-23T02:58:06.031542+09:00
Agent Proposal,140.0,16.0,success,False,2026-08-28T01:02:58.141304+09:00
Agent Quota,10.0,4.0,success,False,2026-08-21T01:17:33.437690+09:00
Agent Radar,40.0,6.0,success,False,2026-08-21T01:18:41.534623+09:00
Agent Rail,40.0,7.0,success,False,2026-08-21T01:21:39.012967+09:00
Agent Rank,480.0,1.0,success,False,2026-08-28T00:46:06.331363+09:00
Agent Rate,720.0,1.0,success,False,2026-08-21T01:15:16.012738+09:00
Agent Recap,10.0,0.0,success,False,2026-08-21T01:18:10.686176+09:00
Agent Receipt,30.0,56.0,success,False,2026-08-21T01:16:22.039842+09:00
Agent Recorder,10.0,9.0,success,False,2026-08-27T23:37:16.371136+09:00
Agent Register,1900.0,5.0,success,False,2026-08-21T01:22:51.659146+09:00
Agent Relay,140.0,4.0,success,False,2026-08-21T01:18:44.582130+09:00
Agent Reminder,,,failed,False,2026-08-21T01:15:49.368632+09:00
Agent Report,390.0,7.0,success,False,2026-08-21T01:25:29.935757+09:00
Agent Repository,70.0,13.0,success,False,2026-08-27T23:16:26.018143+09:00
Agent Ring,50.0,32.0,success,False,2026-08-21T01:21:51.595086+09:00
Agent Roll,,,failed,False,2026-08-21T01:25:40.979194+09:00
Agent Roster,110.0,0.0,success,False,2026-08-21T01:35:15.414244+09:00
Agent Route,110.0,3.0,success,False,2026-08-21T01:23:14.366280+09:00
Agent Rule,720.0,2.0,success,False,2026-08-23T03:24:46.219726+09:00
Agent Sale,9900.0,10.0,success,False,2026-08-21T02:27:51.067603+09:00
Agent Sample,20.0,12.0,success,False,2026-08-21T01:16:49.260472+09:00
Agent Scale,140.0,7.0,success,False,2026-08-21T01:21:27.496774+09:00
Agent Scheduler,320.0,4.0,success,False,2026-08-21T01:35:15.414244+09:00
Agent Scope,1600.0,8.0,success,False,2026-08-21T01:19:32.138069+09:00
Agent Score,260.0,4.0,success,False,2026-08-21T01:26:04.709927+09:00
Agent Sheet,210.0,1.0,success,False,2026-08-21T01:25:58.145790+09:00
Agent Shelf,,,failed,False,2026-08-21T01:24:33.847860+09:00
Agent Shortfall,,,failed,False,2026-08-27T21:48:52.496958+09:00
Agent Signal,10.0,3.0,success,False,2026-08-21T01:19:25.139986+09:00
Agent Signature,90.0,2.0,success,False,2026-08-23T13:27:09.032773+09:00
Agent Slip,10.0,0.0,success,False,2026-08-21T01:16:44.690020+09:00
Agent Slot,170.0,1.0,success,False,2026-08-21T01:16:53.151150+09:00
Agent Stake,,,failed,False,2026-08-23T02:58:11.410981+09:00
Agent Statement,70.0,0.0,success,False,2026-08-21T01:17:22.537676+09:00
Agent Station,22200.0,0.0,success,True,2026-08-21T01:20:48.632862+09:00
Agent Status,320.0,0.0,success,False,2026-08-21T01:26:22.503532+09:00
Agent Streak,,,failed,False,2026-08-28T00:46:02.758073+09:00
Agent Stub,,,failed,False,2026-08-21T01:17:17.039045+09:00
Agent Studio,2400.0,32.0,success,False,2026-08-21T01:20:39.645097+09:00
Agent Sum,10.0,0.0,success,False,2026-08-21T02:27:35.877276+09:00
Agent Summary,90.0,0.0,success,False,2026-08-21T01:15:40.132892+09:00
Agent Tab,30.0,0.0,success,False,2026-08-21T01:17:38.451621+09:00
Agent Table,50.0,13.0,success,False,2026-08-21T01:16:40.172400+09:00
Agent Tag,390.0,4.0,success,False,2026-08-21T01:26:13.869304+09:00
Agent Tariff,,,failed,False,2026-08-21T02:44:04.894763+09:00
Agent Tax,320.0,17.0,success,False,2026-08-21T02:11:15.261095+09:00
Agent Terminal,170.0,10.0,success,False,2026-08-21T01:20:54.963946+09:00
Agent Ticker,,,failed,False,2026-08-21T01:25:09.973684+09:00
Agent Ticket,210.0,10.0,success,False,2026-08-21T01:15:58.855612+09:00
Agent Tier,40.0,0.0,success,False,2026-08-28T00:46:06.331363+09:00
Agent Timeline,10.0,2.0,success,False,2026-08-21T01:15:45.998953+09:00
Agent Timer,,,failed,False,2026-08-28T00:21:27.462723+09:00
Agent Token,110.0,0.0,success,False,2026-08-23T13:27:05.347974+09:00
Agent Toll,,,failed,False,2026-08-21T02:43:59.643244+09:00
Agent Toolbox,90.0,8.0,success,False,2026-08-28T00:21:35.352628+09:00
Agent Total,50.0,1.0,success,False,2026-08-27T23:16:13.930951+09:00
Agent Tower,50.0,3.0,success,False,2026-08-21T01:35:15.414244+09:00
Agent Tracker,480.0,1.0,success,False,2026-08-21T01:18:21.129763+09:00
Agent Trail,10.0,7.0,success,False,2026-08-21T01:21:39.994879+09:00
Agent Trend,40.0,9.0,success,False,2026-08-28T01:02:51.015649+09:00
Agent Trial,20.0,2.0,success,False,2026-08-27T21:17:37.644775+09:00
Agent Unit,40.0,0.0,success,False,2026-08-21T01:54:25.472983+09:00
Agent Update,140.0,0.0,success,False,2026-08-21T01:15:26.988997+09:00
Agent Value,170.0,0.0,success,False,2026-08-23T02:58:08.701487+09:00
Agent Vault,720.0,4.0,success,False,2026-08-21T01:18:54.031046+09:00
Agent Version,70.0,1.0,success,False,2026-08-23T03:24:40.640287+09:00
Agent View,1600.0,5.0,success,False,2026-08-21T01:26:28.233094+09:00
Agent Voucher,10.0,1.0,success,False,2026-08-21T01:17:02.274965+09:00
Agent Wallet,260.0,3.0,success,False,2026-08-27T22:50:39.556744+09:00
Agent Watch,320.0,8.0,success,False,2026-08-21T01:19:27.364478+09:00
Agent Wave,2900.0,1.0,success,False,2026-08-21T01:19:47.370775+09:00
Agent Widget,,,failed,False,2026-08-27T23:16:21.897779+09:00
Agent Window,70.0,2.0,success,False,2026-08-21T01:25:37.604117+09:00
Agent Worksheet,,,failed,False,2026-08-27T22:13:09.872881+09:00
Agent Workshop,320.0,4.0,success,False,2026-08-28T00:21:30.022858+09:00
Agent Yard,10.0,0.0,success,False,2026-08-21T01:23:53.804797+09:00
Agent Zone,1300.0,1.0,success,False,2026-08-21T01:21:04.299416+09:00
Aggregate Advisory,,,failed,False,2026-08-21T01:02:20.703041+09:00
Aggregate Alert,,,failed,False,2026-08-21T00:46:42.116087+09:00
Aggregate Allowance,,,failed,False,2026-08-21T02:40:27.519765+09:00
Aggregate Analyzer,,,failed,False,2026-08-27T23:51:21.141566+09:00
Aggregate Asset,30.0,0.0,success,False,2026-08-23T13:45:43.063828+09:00
Aggregate Assistant,,,failed,False,2026-08-21T00:45:13.293562+09:00
Aggregate Atlas,,,failed,False,2026-08-21T00:45:01.205149+09:00
Aggregate Badge,,,failed,False,2026-08-21T00:49:47.730802+09:00
Aggregate Balance,210.0,0.0,success,False,2026-08-23T13:45:39.021067+09:00
Aggregate Base,720.0,30.0,success,False,2026-08-21T00:51:35.796791+09:00
Aggregate Bay,,,failed,False,2026-08-21T00:46:12.825751+09:00
Aggregate Beacon,,,failed,False,2026-08-21T00:50:38.979933+09:00
Aggregate Bill,,,failed,False,2026-08-21T00:49:04.500727+09:00
Aggregate Board,10.0,0.0,success,False,2026-08-21T00:43:39.738116+09:00
Aggregate Bridge,20.0,0.0,success,False,2026-08-21T00:50:50.084554+09:00
Aggregate Brief,,,failed,False,2026-08-21T01:00:29.585982+09:00
Aggregate Bulletin,,,failed,False,2026-08-21T01:00:25.578415+09:00
Aggregate Calculator,22200.0,3.0,success,False,2026-08-27T23:37:11.995923+09:00
Aggregate Calendar,,,failed,False,2026-08-21T00:45:45.302081+09:00
Aggregate Card,10.0,0.0,success,False,2026-08-21T00:47:29.450326+09:00
Aggregate Cascade,,,failed,False,2026-08-21T00:50:48.093288+09:00
Aggregate Cash,10.0,0.0,success,False,2026-08-21T02:23:20.274615+09:00
Aggregate Center,,,failed,False,2026-08-21T00:44:07.435932+09:00
Aggregate Chain,,,failed,False,2026-08-21T00:44:42.710868+09:00
Aggregate Charge,480.0,0.0,success,False,2026-08-21T02:40:18.502872+09:00
Aggregate Chart,480.0,0.0,success,False,2026-08-21T00:46:44.759034+09:00
Aggregate Check,50.0,2.0,success,False,2026-08-21T00:47:36.977895+09:00
Aggregate Checker,50.0,2.0,success,False,2026-08-27T23:51:15.530091+09:00
Aggregate Circular,,,failed,False,2026-08-21T01:02:18.693445+09:00
Aggregate Code,320.0,0.0,success,False,2026-08-21T00:49:12.731444+09:00
Aggregate Companion,,,failed,False,2026-08-21T00:45:30.035458+09:00
Aggregate Comparison,,,failed,False,2026-08-28T01:03:27.794966+09:00
Aggregate Compass,,,failed,False,2026-08-21T00:50:35.331865+09:00
Aggregate Confirmation,,,failed,False,2026-08-21T01:00:44.838906+09:00
Aggregate Console,,,failed,False,2026-08-21T00:44:18.522946+09:00
Aggregate Copayment,,,failed,False,2026-08-23T16:38:44.785975+09:00
Aggregate Core,,,failed,False,2026-08-21T00:51:42.581125+09:00
Aggregate Cost,390.0,15.0,success,False,2026-08-21T02:15:35.751133+09:00
Aggregate Counter,170.0,0.0,success,False,2026-08-21T00:45:57.527663+09:00
Aggregate Deal,,,failed,False,2026-08-21T01:59:00.317369+09:00
Aggregate Debt,30.0,0.0,success,False,2026-08-21T02:23:08.764436+09:00
Aggregate Deck,30.0,25.0,success,False,2026-08-21T00:43:44.047110+09:00
Aggregate Desk,,,failed,False,2026-08-21T00:50:17.936305+09:00
Aggregate Detail,,,failed,False,2026-08-23T03:21:54.482997+09:00
Aggregate Detector,,,failed,False,2026-08-27T23:51:18.068433+09:00
Aggregate Directory,10.0,0.0,success,False,2026-08-21T00:45:47.976857+09:00
Aggregate Discount,10.0,10.0,success,False,2026-08-23T16:13:24.161828+09:00
Aggregate Dossier,,,failed,False,2026-08-21T01:00:50.612821+09:00
Aggregate Downpayment,,,failed,False,2026-08-27T21:48:07.167837+09:00
Aggregate Draft,,,failed,False,2026-08-21T00:48:26.954363+09:00
Aggregate Due,,,failed,False,2026-08-23T15:51:11.788135+09:00
Aggregate Duty,,,failed,False,2026-08-21T02:40:21.955150+09:00
Aggregate Engine,,,failed,False,2026-08-21T00:45:10.747399+09:00
Aggregate Entry,,,failed,False,2026-08-21T01:01:01.220689+09:00
Aggregate Estimate,10.0,15.0,success,False,2026-08-21T00:48:57.806090+09:00
Aggregate Estimator,22200.0,3.0,success,False,2026-08-27T23:51:12.915875+09:00
Aggregate Excerpt,,,failed,False,2026-08-21T01:02:52.646086+09:00
Aggregate Fare,,,failed,False,2026-08-21T02:06:07.596179+09:00
Aggregate Fee,50.0,0.0,success,False,2026-08-21T01:58:44.645317+09:00
Aggregate Feed,,,failed,False,2026-08-21T00:48:24.716353+09:00
Aggregate Field,40.0,0.0,success,False,2026-08-23T13:09:22.371145+09:00
Aggregate File,20.0,0.0,success,False,2026-08-21T00:48:07.260312+09:00
Aggregate Fine,6600.0,8.0,success,False,2026-08-23T02:55:57.484668+09:00
Aggregate Flow,10.0,0.0,success,False,2026-08-21T00:50:13.056816+09:00
Aggregate Forge,,,failed,False,2026-08-21T00:50:45.127530+09:00
Aggregate Form,590.0,0.0,success,False,2026-08-21T00:47:26.672100+09:00
Aggregate Format,70.0,0.0,success,False,2026-08-23T13:09:25.406302+09:00
Aggregate Frame,,,failed,False,2026-08-21T00:51:33.449317+09:00
Aggregate Fund,50.0,3.0,success,False,2026-08-21T02:23:11.717671+09:00
Aggregate Gate,30.0,1.0,success,False,2026-08-21T00:44:52.376787+09:00
Aggregate Grid,20.0,100.0,success,False,2026-08-21T00:51:13.532405+09:00
Aggregate Guarantee,,,failed,False,2026-08-28T01:03:33.167279+09:00
Aggregate Guardian,,,failed,False,2026-08-28T00:21:51.591333+09:00
Aggregate Helpdesk,,,failed,False,2026-08-27T22:50:26.115784+09:00
Aggregate Helper,,,failed,False,2026-08-28T00:21:58.401743+09:00
Aggregate History,,,failed,False,2026-08-21T00:48:04.911148+09:00
Aggregate Hub,,,failed,False,2026-08-21T00:50:15.253919+09:00
Aggregate Identifier,10.0,0.0,success,False,2026-08-23T13:09:17.043261+09:00
Aggregate Inbox,,,failed,False,2026-08-21T00:46:39.668460+09:00
Aggregate Index,1000.0,12.0,success,False,2026-08-21T00:48:48.333943+09:00
Aggregate Installment,,,failed,False,2026-08-23T16:13:26.521734+09:00
Aggregate Interest,320.0,0.0,success,False,2026-08-23T13:45:43.063828+09:00
Aggregate Item,10.0,0.0,success,False,2026-08-21T01:58:46.875681+09:00
Aggregate Journal,260.0,1.0,success,False,2026-08-21T00:45:41.384268+09:00
Aggregate Keeper,,,failed,False,2026-08-21T00:45:03.734783+09:00
Aggregate Lab,30.0,0.0,success,False,2026-08-21T00:43:54.085720+09:00
Aggregate Label,10.0,4.0,success,False,2026-08-27T22:11:56.077657+09:00
Aggregate Ledger,,,failed,False,2026-08-21T00:43:34.117910+09:00
Aggregate Level,480.0,0.0,success,False,2026-08-21T00:48:12.190063+09:00
Aggregate Levy,210.0,0.0,success,False,2026-08-23T13:45:46.037867+09:00
Aggregate Line,320.0,31.0,success,False,2026-08-21T00:47:05.432306+09:00
Aggregate Link,260.0,1.0,success,False,2026-08-23T03:21:42.958973+09:00
Aggregate List,70.0,0.0,success,False,2026-08-21T00:49:18.470865+09:00
Aggregate Loan,170.0,30.0,success,False,2026-08-21T02:06:17.677670+09:00
Aggregate Lobby,,,failed,False,2026-08-21T00:46:56.943275+09:00
Aggregate Locator,,,failed,False,2026-08-21T00:45:50.178398+09:00
Aggregate Locker,,,failed,False,2026-08-21T00:45:59.951643+09:00
Aggregate Log,40.0,15.0,success,False,2026-08-21T00:47:19.116810+09:00
Aggregate Loop,,,failed,False,2026-08-21T00:51:10.614458+09:00
Aggregate Manager,30.0,0.0,success,False,2026-08-21T00:45:08.644829+09:00
Aggregate Manual,,,failed,False,2026-08-27T22:12:02.778487+09:00
Aggregate Map,110.0,0.0,success,False,2026-08-21T00:51:31.068549+09:00
Aggregate Margin,30.0,1.0,success,False,2026-08-23T02:55:55.232894+09:00
Aggregate Markup,,,failed,False,2026-08-23T16:38:42.507764+09:00
Aggregate Memo,,,failed,False,2026-08-21T00:49:56.955669+09:00
Aggregate Monitor,10.0,,success,False,2026-08-21T00:45:26.531767+09:00
Aggregate Nexus,,,failed,False,2026-08-21T00:44:54.956989+09:00
Aggregate Note,,,failed,False,2026-08-21T00:47:44.020698+09:00
Aggregate Notification,,,failed,False,2026-08-27T22:50:07.511114+09:00
Aggregate Number,390.0,0.0,success,False,2026-08-23T03:21:32.618577+09:00
Aggregate Office,,,failed,False,2026-08-21T00:45:54.993375+09:00
Aggregate Ops,,,failed,False,2026-08-21T00:45:35.455027+09:00
Aggregate Order,30.0,18.0,success,False,2026-08-21T00:49:01.997073+09:00
Aggregate Outline,,,failed,False,2026-08-27T22:29:10.054268+09:00
Aggregate Outpost,,,failed,False,2026-08-21T00:46:21.529361+09:00
Aggregate Overage,,,failed,False,2026-08-27T21:48:04.359972+09:00
Aggregate Overdraft,,,failed,False,2026-08-23T15:51:15.880461+09:00
Aggregate Overdue,,,failed,False,2026-08-27T21:48:00.691172+09:00
Aggregate Panel,70.0,1.0,success,False,2026-08-21T00:44:21.197874+09:00
Aggregate Pass,20.0,0.0,success,False,2026-08-21T00:49:37.584742+09:00
Aggregate Passport,,,failed,False,2026-08-21T00:46:54.280562+09:00
Aggregate Path,110.0,84.0,success,False,2026-08-21T00:51:22.640360+09:00
Aggregate Payoff,10.0,,success,False,2026-08-27T21:48:00.691172+09:00
Aggregate Penalty,,,failed,False,2026-08-23T16:38:42.507764+09:00
Aggregate Petition,,,failed,False,2026-08-21T01:00:40.730981+09:00
Aggregate Plan,2400.0,1.0,success,False,2026-08-21T01:58:56.625492+09:00
Aggregate Planner,,,failed,False,2026-08-21T00:45:19.199440+09:00
Aggregate Playbook,,,failed,False,2026-08-21T00:45:39.218297+09:00
Aggregate Plaza,,,failed,False,2026-08-21T00:46:23.702871+09:00
Aggregate Point,210.0,0.0,success,False,2026-08-21T00:51:25.324564+09:00
Aggregate Portal,50.0,0.0,success,False,2026-08-21T00:44:15.465135+09:00
Aggregate Post,,,failed,False,2026-08-21T00:46:15.039620+09:00
Aggregate Preview,,,failed,False,2026-08-28T01:03:30.600111+09:00
Aggregate Profile,,,failed,False,2026-08-21T00:47:51.655449+09:00
Aggregate Profit,70.0,0.0,success,False,2026-08-23T02:55:47.607915+09:00
Aggregate Proposal,,,failed,False,2026-08-28T01:03:30.600111+09:00
Aggregate Quota,,,failed,False,2026-08-21T00:50:02.185546+09:00
Aggregate Radar,,,failed,False,2026-08-21T00:50:24.003386+09:00
Aggregate Rail,,,failed,False,2026-08-21T00:44:36.517071+09:00
Aggregate Rate,170.0,0.0,success,False,2026-08-21T00:48:15.897610+09:00
Aggregate Recap,,,failed,False,2026-08-21T01:02:29.218317+09:00
Aggregate Receipt,,,failed,False,2026-08-21T00:49:09.924663+09:00
Aggregate Recorder,,,failed,False,2026-08-27T23:37:16.371136+09:00
Aggregate Register,,,failed,False,2026-08-21T00:45:33.278488+09:00
Aggregate Relay,,,failed,False,2026-08-21T00:50:26.220127+09:00
Aggregate Reminder,,,failed,False,2026-08-21T00:48:44.199856+09:00
Aggregate Report,480.0,1.0,success,False,2026-08-21T00:47:16.635421+09:00
Aggregate Ring,,,failed,False,2026-08-21T00:44:48.876991+09:00
Aggregate Roll,,,failed,False,2026-08-21T00:47:13.306684+09:00
Aggregate Roster,,,failed,False,2026-08-21T00:46:37.254114+09:00
Aggregate Route,260.0,0.0,success,False,2026-08-21T00:44:30.138587+09:00
Aggregate Rule,40.0,0.0,success,False,2026-08-23T03:21:52.337489+09:00
Aggregate Sale,480.0,87.0,success,False,2026-08-21T02:23:24.043193+09:00
Aggregate Sample,210.0,9.0,success,False,2026-08-21T00:49:29.914475+09:00
Aggregate Scale,70.0,56.0,success,False,2026-08-21T00:44:27.350497+09:00
Aggregate Scope,,,failed,False,2026-08-21T00:51:04.799989+09:00
Aggregate Score,1300.0,0.0,success,True,2026-08-21T00:47:41.484784+09:00
Aggregate Sheet,50.0,1.0,success,False,2026-08-21T00:47:32.281403+09:00
Aggregate Shelf,,,failed,False,2026-08-21T00:46:31.440534+09:00
Aggregate Shortfall,,,failed,False,2026-08-27T21:48:09.369962+09:00
Aggregate Signal,,,failed,False,2026-08-21T00:50:58.385493+09:00
Aggregate Slip,,,failed,False,2026-08-21T00:49:24.098446+09:00
Aggregate Slot,,,failed,False,2026-08-21T00:49:35.190382+09:00
Aggregate Stake,,,failed,False,2026-08-23T02:55:53.099561+09:00
Aggregate Statement,20.0,0.0,success,False,2026-08-21T00:49:54.532841+09:00
Aggregate Station,,,failed,False,2026-08-21T00:43:57.229807+09:00
Aggregate Status,10.0,0.0,success,False,2026-08-21T00:47:54.639607+09:00
Aggregate Stub,,,failed,False,2026-08-21T00:49:52.271441+09:00
Aggregate Studio,50.0,2.0,success,False,2026-08-21T00:43:46.604021+09:00
Aggregate Sum,170.0,0.0,success,False,2026-08-21T02:23:05.228659+09:00
Aggregate Summary,40.0,1.0,success,False,2026-08-21T00:48:33.175763+09:00
Aggregate Tab,,,failed,False,2026-08-21T00:50:04.499348+09:00
Aggregate Table,390.0,0.0,success,False,2026-08-21T00:49:20.798290+09:00
Aggregate Tag,,,failed,False,2026-08-21T00:47:49.290523+09:00
Aggregate Tariff,,,failed,False,2026-08-21T02:40:33.895660+09:00
Aggregate Tax,110.0,0.0,success,False,2026-08-21T02:06:11.713342+09:00
Aggregate Terminal,,,failed,False,2026-08-21T00:44:03.384423+09:00
Aggregate Ticker,,,failed,False,2026-08-21T00:47:01.645682+09:00
Aggregate Ticket,,,failed,False,2026-08-21T00:48:51.829218+09:00
Aggregate Tier,,,failed,False,2026-08-28T00:46:16.444390+09:00
Aggregate Timeline,,,failed,False,2026-08-21T00:48:36.635325+09:00
Aggregate Toll,,,failed,False,2026-08-21T02:40:25.117501+09:00
Aggregate Toolbox,,,failed,False,2026-08-28T00:21:55.786008+09:00
Aggregate Tower,,,failed,False,2026-08-21T00:46:29.176332+09:00
Aggregate Tracker,,,failed,False,2026-08-21T00:50:07.130228+09:00
Aggregate Trail,20.0,0.0,success,False,2026-08-21T00:44:38.874906+09:00
Aggregate Trend,,,failed,False,2026-08-28T01:03:25.191639+09:00
Aggregate Trial,,,failed,False,2026-08-27T21:17:00.727259+09:00
Aggregate Unit,70.0,0.0,success,False,2026-08-21T01:58:50.893233+09:00
Aggregate Update,10.0,0.0,success,False,2026-08-21T00:48:22.062191+09:00
Aggregate Value,880.0,0.0,success,False,2026-08-23T02:55:50.022047+09:00
Aggregate Vault,,,failed,False,2026-08-21T00:50:29.679005+09:00
Aggregate Version,,,failed,False,2026-08-23T03:21:40.496452+09:00
Aggregate View,170.0,0.0,success,False,2026-08-21T00:48:00.969173+09:00
Aggregate Voucher,,,failed,False,2026-08-21T00:49:44.632195+09:00
Aggregate Watch,90.0,5.0,success,False,2026-08-21T00:51:01.092563+09:00
Aggregate Wave,,,failed,False,2026-08-21T00:51:18.988117+09:00
Aggregate Widget,,,failed,False,2026-08-27T23:16:07.710810+09:00
Aggregate Window,90.0,11.0,success,False,2026-08-21T00:47:10.612469+09:00
Aggregate Worksheet,,,failed,False,2026-08-27T22:12:11.460290+09:00
Aggregate Yard,170.0,22.0,success,False,2026-08-21T00:46:10.718962+09:00
Aggregate Zone,10.0,0.0,success,False,2026-08-21T00:44:10.518978+09:00
Airflow Advisory,,,failed,False,2026-08-21T01:01:52.955831+09:00
Airflow Allowance,,,failed,False,2026-08-21T02:41:10.290966+09:00
Airflow Almanac,,,failed,False,2026-08-18T23:50:12.553511+09:00
Airflow Analyzer,,,failed,False,2026-08-27T23:52:45.278124+09:00
Airflow Anchor,,,failed,False,2026-08-18T22:02:50.623197+09:00
Airflow Announcement,,,failed,False,2026-08-27T23:32:54.562632+09:00
Airflow Assistant,,,failed,False,2026-08-18T22:09:52.210960+09:00
Airflow Atlas,10.0,0.0,success,False,2026-08-18T22:09:03.479922+09:00
Airflow Attribute,,,failed,False,2026-08-23T13:08:17.193422+09:00
Airflow Badge,,,failed,False,2026-08-21T00:36:35.821010+09:00
Airflow Base,90.0,20.0,success,False,2026-08-18T22:05:25.774321+09:00
Airflow Beacon,,,failed,False,2026-08-18T23:50:12.553511+09:00
Airflow Bill,,,failed,False,2026-08-19T22:01:17.483163+09:00
Airflow Blueprint,,,failed,False,2026-08-18T23:50:12.553511+09:00
Airflow Board,10.0,0.0,success,False,2026-08-18T22:05:52.087342+09:00
Airflow Book,140.0,35.0,success,False,2026-08-19T22:02:09.365210+09:00
Airflow Bridge,,,failed,False,2026-08-18T22:02:40.368007+09:00
Airflow Brief,,,failed,False,2026-08-21T00:59:30.115655+09:00
Airflow Bulletin,,,failed,False,2026-08-21T00:59:17.321844+09:00
Airflow Calculator,590.0,3.0,success,False,2026-08-27T23:32:54.562632+09:00
Airflow Calendar,20.0,4.0,success,False,2026-08-19T00:01:01.996823+09:00
Airflow Card,,,failed,False,2026-08-19T13:42:33.755752+09:00
Airflow Cascade,,,failed,False,2026-08-18T22:02:28.338577+09:00
Airflow Cash,,,failed,False,2026-08-21T02:25:09.393326+09:00
Airflow Cashback,,,failed,False,2026-08-27T21:19:58.870068+09:00
Airflow Catalog,,,failed,False,2026-08-19T21:16:45.147013+09:00
Airflow Category,,,failed,False,2026-08-23T13:08:15.174863+09:00
Airflow Center,,,failed,False,2026-08-18T22:06:45.698700+09:00
Airflow Chain,140.0,2.0,success,False,2026-08-18T22:08:23.655372+09:00
Airflow Charge,,,failed,False,2026-08-21T02:40:59.157491+09:00
Airflow Check,50.0,54.0,success,False,2026-08-19T13:21:11.802983+09:00
Airflow Checker,50.0,54.0,success,False,2026-08-27T23:52:37.462117+09:00
Airflow Checklist,,,failed,False,2026-08-19T21:15:48.074960+09:00
Airflow Circular,,,failed,False,2026-08-21T01:01:51.697457+09:00
Airflow Cockpit,,,failed,False,2026-08-18T22:10:45.324652+09:00
Airflow Code,140.0,3.0,success,False,2026-08-19T22:01:39.954435+09:00
Airflow Codex,,,failed,False,2026-08-18T23:50:12.553511+09:00
Airflow Companion,,,failed,False,2026-08-18T22:11:09.923371+09:00
Airflow Comparison,10.0,2.0,success,False,2026-08-28T01:03:48.385418+09:00
Airflow Compass,,,failed,False,2026-08-18T23:50:12.553511+09:00
Airflow Compendium,,,failed,False,2026-08-18T23:50:12.553511+09:00
Airflow Confirmation,,,failed,False,2026-08-21T00:59:46.357323+09:00
Airflow Console,30.0,9.0,success,False,2026-08-18T22:07:09.458547+09:00
Airflow Converter,210.0,1.0,success,False,2026-08-27T23:33:00.078931+09:00
Airflow Core,20.0,1.0,success,False,2026-08-18T22:05:35.647018+09:00
Airflow Cost,90.0,12.0,success,False,2026-08-21T02:09:05.168889+09:00
Airflow Counter,,,failed,False,2026-08-19T00:01:49.817235+09:00
Airflow Coupon,20.0,0.0,success,False,2026-08-27T21:19:56.366947+09:00
Airflow Dashboard,170.0,6.0,success,False,2026-08-18T22:10:56.062577+09:00
Airflow Deal,,,failed,False,2026-08-21T01:52:37.407034+09:00
Airflow Debt,,,failed,False,2026-08-21T02:25:03.924004+09:00
Airflow Deck,10.0,0.0,success,False,2026-08-18T22:05:59.558657+09:00
Airflow Depot,,,failed,False,2026-08-19T00:01:35.413805+09:00
Airflow Desk,,,failed,False,2026-08-18T23:50:12.553511+09:00
Airflow Detail,,,failed,False,2026-08-23T03:20:50.654201+09:00
Airflow Detector,40.0,84.0,success,False,2026-08-27T23:52:45.278124+09:00
Airflow Dial,,,failed,False,2026-08-18T22:07:28.261653+09:00
Airflow Digest,,,failed,False,2026-08-19T20:42:19.980728+09:00
Airflow Directory,,,failed,False,2026-08-19T00:01:12.720919+09:00
Airflow Dock,,,failed,False,2026-08-18T22:08:00.506560+09:00
Airflow Dossier,,,failed,False,2026-08-21T00:59:50.492128+09:00
Airflow Draft,,,failed,False,2026-08-19T20:42:32.517249+09:00
Airflow Due,,,failed,False,2026-08-23T15:52:48.928193+09:00
Airflow Duty,,,failed,False,2026-08-21T02:41:02.522533+09:00
Airflow Engine,90.0,12.0,success,False,2026-08-18T22:09:44.783040+09:00
Airflow Entry,,,failed,False,2026-08-21T01:00:01.570868+09:00
Airflow Estimate,,,failed,False,2026-08-19T21:16:32.174515+09:00
Airflow Estimator,,,failed,False,2026-08-27T23:52:35.044281+09:00
Airflow Excerpt,,,failed,False,2026-08-21T01:02:03.687665+09:00
Airflow Fare,,,failed,False,2026-08-21T02:09:12.482274+09:00
Airflow Fee,,,failed,False,2026-08-21T01:52:17.382086+09:00
Airflow Feed,,,failed,False,2026-08-19T20:42:25.910879+09:00
Airflow Field,,,failed,False,2026-08-23T13:08:19.388505+09:00
Airflow File,,,failed,False,2026-08-19T20:41:51.151726+09:00
Airflow Finder,,,failed,False,2026-08-19T00:01:28.091265+09:00
Airflow Fine,,,failed,False,2026-08-23T02:55:53.099561+09:00
Airflow Flag,,,failed,False,2026-08-21T00:24:57.111152+09:00
Airflow Flow,70.0,7.0,success,False,2026-08-18T23:50:12.553511+09:00
Airflow Forge,10.0,29.0,success,False,2026-08-18T23:50:12.553511+09:00
Airflow Form,,,failed,False,2026-08-19T13:42:19.343176+09:00
Airflow Format,,,failed,False,2026-08-23T13:08:21.567126+09:00
Airflow Frame,,,failed,False,2026-08-18T22:05:17.781482+09:00
Airflow Fund,,,failed,False,2026-08-21T02:25:06.190150+09:00
Airflow Gate,,,failed,False,2026-08-18T22:08:48.035720+09:00
Airflow Giveaway,,,failed,False,2026-08-27T21:20:04.514316+09:00
Airflow Grade,,,failed,False,2026-08-21T00:36:53.427787+09:00
Airflow Graph,110.0,2.0,success,False,2026-08-27T22:15:49.874448+09:00
Airflow Grid,30.0,43.0,success,False,2026-08-18T22:03:55.697842+09:00
Airflow Guarantee,,,failed,False,2026-08-28T01:03:55.063070+09:00
Airflow Guard,,,failed,False,2026-08-18T23:50:12.553511+09:00
Airflow Guardian,,,failed,False,2026-08-28T00:22:57.445324+09:00
Airflow Guidebook,,,failed,False,2026-08-18T22:12:17.661018+09:00
Airflow Helpdesk,,,failed,False,2026-08-27T22:45:05.269508+09:00
Airflow Helper,,,failed,False,2026-08-28T00:23:02.722044+09:00
Airflow History,20.0,3.0,success,False,2026-08-19T20:41:43.197527+09:00
Airflow Hotline,,,failed,False,2026-08-19T21:16:59.496910+09:00
Airflow Hub,110.0,4.0,success,False,2026-08-18T23:50:12.553511+09:00
Airflow Identifier,,,failed,False,2026-08-23T13:08:12.908274+09:00
Airflow Incentive,,,failed,False,2026-08-27T21:20:01.117686+09:00
Airflow Index,,,failed,False,2026-08-19T21:15:58.285929+09:00
Airflow Insight,,,failed,False,2026-08-18T22:10:30.545293+09:00
Airflow Item,,,failed,False,2026-08-21T01:52:20.481419+09:00
Airflow Journal,,,failed,False,2026-08-18T22:12:04.159201+09:00
Airflow Keeper,,,failed,False,2026-08-18T22:09:19.506375+09:00
Airflow Kit,20.0,25.0,success,False,2026-08-27T22:44:57.466905+09:00
Airflow Lab,10.0,3.0,success,False,2026-08-18T22:06:18.385841+09:00
Airflow Label,20.0,0.0,success,False,2026-08-27T22:15:52.757907+09:00
Airflow Ledger,,,failed,False,2026-08-18T22:05:44.090365+09:00
Airflow Lens,,,failed,False,2026-08-18T22:05:08.323728+09:00
Airflow Level,,,failed,False,2026-08-19T20:41:57.553937+09:00
Airflow Link,,,failed,False,2026-08-23T03:20:42.703424+09:00
Airflow List,,,failed,False,2026-08-19T22:01:51.400634+09:00
Airflow Loan,,,failed,False,2026-08-21T02:09:21.519694+09:00
Airflow Locator,,,failed,False,2026-08-19T00:01:18.833283+09:00
Airflow Lock,,,failed,False,2026-08-18T22:04:47.341629+09:00
Airflow Log,1600.0,1.0,success,False,2026-08-19T13:42:11.114118+09:00
Airflow Loop,20.0,1.0,success,False,2026-08-18T22:03:44.456415+09:00
Airflow Manager,,,failed,False,2026-08-18T22:09:27.931619+09:00
Airflow Manual,30.0,0.0,success,False,2026-08-27T22:15:52.757907+09:00
Airflow Map,110.0,0.0,success,False,2026-08-18T22:04:58.367673+09:00
Airflow Margin,,,failed,False,2026-08-23T02:55:50.022047+09:00
Airflow Memo,,,failed,False,2026-08-21T00:24:43.469777+09:00
Airflow Message,,,failed,False,2026-08-27T23:10:37.523000+09:00
Airflow Meter,14800.0,100.0,success,False,2026-08-18T22:07:36.107745+09:00
Airflow Metrics,320.0,6.0,success,False,2026-08-18T22:10:38.085042+09:00
Airflow Monitor,320.0,54.0,success,False,2026-08-18T22:10:22.903886+09:00
Airflow Navigator,,,failed,False,2026-08-18T22:11:03.707718+09:00
Airflow Nexus,,,failed,False,2026-08-18T22:08:54.791738+09:00
Airflow Node,10.0,1.0,success,False,2026-08-18T22:08:38.388583+09:00
Airflow Note,,,failed,False,2026-08-19T13:22:01.413587+09:00
Airflow Notification,50.0,1.0,success,False,2026-08-27T22:44:52.843533+09:00
Airflow Number,,,failed,False,2026-08-23T03:20:35.213515+09:00
Airflow Office,,,failed,False,2026-08-19T00:01:40.731758+09:00
Airflow Ops,,,failed,False,2026-08-18T22:11:30.674698+09:00
Airflow Order,,,failed,False,2026-08-19T22:01:08.341225+09:00
Airflow Organizer,,,failed,False,2026-08-18T22:10:14.241136+09:00
Airflow Overage,,,failed,False,2026-08-27T21:50:58.340520+09:00
Airflow Overdue,,,failed,False,2026-08-27T21:50:54.080102+09:00
Airflow Panel,40.0,6.0,success,False,2026-08-18T22:07:18.676319+09:00
Airflow Pass,,,failed,False,2026-08-21T00:36:28.428699+09:00
Airflow Path,170.0,0.0,success,False,2026-08-18T22:04:27.693577+09:00
Airflow Payoff,,,failed,False,2026-08-27T21:50:56.215822+09:00
Airflow Petition,,,failed,False,2026-08-21T00:59:40.549783+09:00
Airflow Pilot,,,failed,False,2026-08-18T23:50:12.553511+09:00
Airflow Plan,20.0,0.0,success,False,2026-08-21T02:05:44.847740+09:00
Airflow Planner,,,failed,False,2026-08-18T22:10:00.373367+09:00
Airflow Playbook,,,failed,False,2026-08-18T22:11:53.253087+09:00
Airflow Point,,,failed,False,2026-08-18T22:04:36.606049+09:00
Airflow Portal,,,failed,False,2026-08-18T22:07:03.148226+09:00
Airflow Profile,,,failed,False,2026-08-19T13:23:03.025983+09:00
Airflow Profit,,,failed,False,2026-08-23T02:55:38.114180+09:00
Airflow Proposal,,,failed,False,2026-08-28T01:03:51.516264+09:00
Airflow Pulse,,,failed,False,2026-08-18T22:04:05.188286+09:00
Airflow Queue,110.0,4.0,success,False,2026-08-19T21:16:21.953049+09:00
Airflow Quota,,,failed,False,2026-08-21T00:24:51.764822+09:00
Airflow Radar,,,failed,False,2026-08-18T23:50:12.553511+09:00
Airflow Rail,30.0,0.0,success,False,2026-08-18T22:08:07.311207+09:00
Airflow Rate,140.0,0.0,success,False,2026-08-19T20:42:06.894940+09:00
Airflow Recap,,,failed,False,2026-08-21T01:02:50.394287+09:00
Airflow Receipt,,,failed,False,2026-08-19T22:01:27.807092+09:00
Airflow Recorder,,,failed,False,2026-08-27T23:33:05.663722+09:00
Airflow Register,20.0,84.0,success,False,2026-08-18T22:11:19.240583+09:00
Airflow Registry,70.0,9.0,success,False,2026-08-18T23:50:12.553511+09:00
Airflow Relay,,,failed,False,2026-08-18T23:50:12.553511+09:00
Airflow Reminder,,,failed,False,2026-08-19T21:15:38.736251+09:00
Airflow Report,,,failed,False,2026-08-19T13:41:59.783078+09:00
Airflow Result,,,failed,False,2026-08-28T00:46:39.262631+09:00
Airflow Ring,90.0,1.0,success,False,2026-08-18T22:08:30.649181+09:00
Airflow Roadmap,40.0,6.0,success,False,2026-08-18T23:50:12.553511+09:00
Airflow Roster,,,failed,False,2026-08-19T00:37:10.693574+09:00
Airflow Route,,,failed,False,2026-08-18T22:07:51.533580+09:00
Airflow Rule,,,failed,False,2026-08-23T03:20:46.771409+09:00
Airflow Sale,,,failed,False,2026-08-21T02:25:13.538662+09:00
Airflow Sample,10.0,10.0,success,False,2026-08-19T22:02:31.549197+09:00
Airflow Scale,390.0,56.0,success,False,2026-08-18T22:07:45.209206+09:00
Airflow Scanner,,,failed,False,2026-08-27T23:52:42.913738+09:00
Airflow Scheduler,880.0,9.0,success,False,2026-08-18T22:10:08.621452+09:00
Airflow Schematic,,,failed,False,2026-08-27T22:28:37.219396+09:00
Airflow Scope,,,failed,False,2026-08-18T22:03:21.744324+09:00
Airflow Score,,,failed,False,2026-08-19T13:21:49.505722+09:00
Airflow Sentry,40.0,14.0,success,False,2026-08-18T22:09:11.269372+09:00
Airflow Sheet,,,failed,False,2026-08-19T13:20:54.330811+09:00
Airflow Signal,10.0,0.0,success,False,2026-08-18T22:03:00.985111+09:00
Airflow Slip,,,failed,False,2026-08-19T22:02:22.489790+09:00
Airflow Slot,,,failed,False,2026-08-19T22:02:41.688719+09:00
Airflow Snapshot,,,failed,False,2026-08-18T22:12:10.821921+09:00
Airflow Stake,,,failed,False,2026-08-23T02:55:43.726129+09:00
Airflow Statement,,,failed,False,2026-08-21T00:36:44.968976+09:00
Airflow Station,140.0,62.0,success,False,2026-08-18T22:06:27.903433+09:00
Airflow Status,70.0,1.0,success,False,2026-08-19T20:41:30.953351+09:00
Airflow Stub,,,failed,False,2026-08-21T00:36:40.261906+09:00
Airflow Studio,90.0,1.0,success,False,2026-08-18T22:06:09.670880+09:00
Airflow Suite,,,failed,False,2026-08-18T22:09:35.906732+09:00
Airflow Sum,,,failed,False,2026-08-21T02:25:01.097647+09:00
Airflow Summary,,,failed,False,2026-08-19T21:15:17.337039+09:00
Airflow Sync,,,failed,False,2026-08-18T23:50:12.553511+09:00
Airflow Tab,30.0,0.0,success,False,2026-08-21T00:25:04.867976+09:00
Airflow Table,50.0,2.0,success,False,2026-08-19T22:01:59.739197+09:00
Airflow Tag,70.0,0.0,success,False,2026-08-19T13:22:13.329978+09:00
Airflow Tally,,,failed,False,2026-08-21T00:36:48.316365+09:00
Airflow Tariff,,,failed,False,2026-08-21T02:41:14.911892+09:00
Airflow Tax,,,failed,False,2026-08-21T02:09:16.825512+09:00
Airflow Terminal,,,failed,False,2026-08-18T22:06:37.464016+09:00
Airflow Ticket,,,failed,False,2026-08-19T21:16:09.798326+09:00
Airflow Tier,,,failed,False,2026-08-28T00:46:44.536375+09:00
Airflow Timeline,20.0,0.0,success,False,2026-08-19T21:15:27.386619+09:00
Airflow Timer,,,failed,False,2026-08-28T00:22:54.713063+09:00
Airflow Toll,,,failed,False,2026-08-21T02:41:05.925111+09:00
Airflow Toolbox,,,failed,False,2026-08-28T00:23:00.112605+09:00
Airflow Toolkit,,,failed,False,2026-08-18T22:11:45.045166+09:00
Airflow Tracker,,,failed,False,2026-08-18T23:50:12.553511+09:00
Airflow Trail,,,failed,False,2026-08-18T22:08:15.553962+09:00
Airflow Trend,,,failed,False,2026-08-28T01:03:45.781044+09:00
Airflow Trial,10.0,37.0,success,False,2026-08-27T21:19:58.870068+09:00
Airflow Unit,210.0,47.0,success,False,2026-08-21T01:52:27.177299+09:00
Airflow Update,30.0,3.0,success,False,2026-08-19T20:42:12.538195+09:00
Airflow Value,,,failed,False,2026-08-23T02:55:41.389421+09:00
Airflow Vault,40.0,6.0,success,False,2026-08-18T23:50:15.098836+09:00
Airflow Version,1300.0,1.0,success,False,2026-08-23T03:20:39.175053+09:00
Airflow View,,,failed,False,2026-08-19T20:41:37.796650+09:00
Airflow Voucher,,,failed,False,2026-08-21T00:36:33.618056+09:00
Airflow Watch,,,failed,False,2026-08-18T22:03:11.971226+09:00
Airflow Wave,,,failed,False,2026-08-18T22:04:18.397619+09:00
Airflow Widget,,,failed,False,2026-08-27T23:10:42.851763+09:00
Airflow Workbench,,,failed,False,2026-08-18T22:11:37.206712+09:00
Airflow Worksheet,,,failed,False,2026-08-27T22:06:37.910338+09:00
Airflow Workshop,,,failed,False,2026-08-28T00:22:54.713063+09:00
Airflow Zone,,,failed,False,2026-08-18T22:06:54.214613+09:00
Aisle Advisory,,,failed,False,2026-08-21T01:08:47.143646+09:00
Aisle Allowance,,,failed,False,2026-08-21T02:39:01.824838+09:00
Aisle Assistant,,,failed,False,2026-08-19T13:24:58.997710+09:00
Aisle Atlas,,,failed,False,2026-08-19T13:24:07.507599+09:00
Aisle Attribute,,,failed,False,2026-08-23T13:08:05.055975+09:00
Aisle Bay,70.0,0.0,success,False,2026-08-19T13:29:02.484553+09:00
Aisle Bill,,,failed,False,2026-08-19T21:50:13.072831+09:00
Aisle Board,110.0,57.0,success,False,2026-08-19T13:40:29.386715+09:00
Aisle Book,,,failed,False,2026-08-19T21:51:10.797801+09:00
Aisle Booth,,,failed,False,2026-08-19T13:28:36.830433+09:00
Aisle Brief,,,failed,False,2026-08-21T01:08:38.226777+09:00
Aisle Bulletin,,,failed,False,2026-08-21T01:08:34.212023+09:00
Aisle Calendar,,,failed,False,2026-08-19T13:27:22.269137+09:00
Aisle Cash,,,failed,False,2026-08-21T02:21:55.234205+09:00
Aisle Catalog,,,failed,False,2026-08-19T21:04:51.175636+09:00
Aisle Category,90.0,0.0,success,False,2026-08-23T13:08:02.630104+09:00
Aisle Center,,,failed,False,2026-08-19T13:42:06.803998+09:00
Aisle Charge,,,failed,False,2026-08-21T02:38:54.796216+09:00
Aisle Checklist,,,failed,False,2026-08-19T21:03:47.017770+09:00
Aisle Circular,,,failed,False,2026-08-21T01:08:42.694211+09:00
Aisle Code,,,failed,False,2026-08-19T21:50:35.139639+09:00
Aisle Companion,,,failed,False,2026-08-19T13:25:58.679936+09:00
Aisle Confirmation,,,failed,False,2026-08-21T01:08:57.015500+09:00
Aisle Console,,,failed,False,2026-08-19T13:42:37.156031+09:00
Aisle Cost,,,failed,False,2026-08-21T02:14:45.406179+09:00
Aisle Counter,,,failed,False,2026-08-19T13:28:12.912105+09:00
Aisle Deal,,,failed,False,2026-08-21T01:58:34.274743+09:00
Aisle Debt,,,failed,False,2026-08-21T02:21:44.938268+09:00
Aisle Desk,10.0,50.0,success,False,2026-08-19T13:34:25.531210+09:00
Aisle Detail,,,failed,False,2026-08-23T03:19:53.710314+09:00
Aisle Diagram,,,failed,False,2026-08-27T22:09:16.229025+09:00
Aisle Digest,,,failed,False,2026-08-19T20:37:34.944185+09:00
Aisle Directory,20.0,0.0,success,False,2026-08-19T13:27:40.228305+09:00
Aisle Discount,10.0,20.0,success,False,2026-08-23T16:11:31.628533+09:00
Aisle Dossier,,,failed,False,2026-08-21T01:09:01.082637+09:00
Aisle Draft,,,failed,False,2026-08-19T20:37:49.991412+09:00
Aisle Due,,,failed,False,2026-08-23T15:53:08.210333+09:00
Aisle Duty,,,failed,False,2026-08-21T02:38:57.143403+09:00
Aisle Engine,,,failed,False,2026-08-19T13:24:52.365790+09:00
Aisle Entry,40.0,0.0,success,False,2026-08-21T01:09:17.934023+09:00
Aisle Estimate,,,failed,False,2026-08-19T21:04:38.364310+09:00
Aisle Excerpt,,,failed,False,2026-08-21T01:09:12.434019+09:00
Aisle Fare,,,failed,False,2026-08-21T02:14:55.250493+09:00
Aisle Fee,,,failed,False,2026-08-21T01:58:12.628800+09:00
Aisle Feed,,,failed,False,2026-08-19T20:37:42.979136+09:00
Aisle Field,,,failed,False,2026-08-23T13:08:07.144549+09:00
Aisle File,10.0,0.0,success,False,2026-08-19T20:49:28.954845+09:00
Aisle Finder,30.0,5.0,success,False,2026-08-19T13:27:59.144364+09:00
Aisle Fine,,,failed,False,2026-08-23T02:54:43.780312+09:00
Aisle Flag,50.0,43.0,success,False,2026-08-21T00:34:32.979761+09:00
Aisle Flow,,,failed,False,2026-08-19T13:34:06.788909+09:00
Aisle Format,,,failed,False,2026-08-23T13:08:09.181921+09:00
Aisle Fund,,,failed,False,2026-08-21T02:21:52.863298+09:00
Aisle Gate,40.0,55.0,success,False,2026-08-19T13:23:25.617100+09:00
Aisle Grid,,,failed,False,2026-08-19T13:38:13.390546+09:00
Aisle Harbor,,,failed,False,2026-08-19T13:29:58.473439+09:00
Aisle Helper,,,failed,False,2026-08-28T00:26:29.201404+09:00
Aisle History,,,failed,False,2026-08-19T20:49:23.220357+09:00
Aisle Hotline,,,failed,False,2026-08-19T21:05:03.787854+09:00
Aisle Hub,,,failed,False,2026-08-19T13:34:15.397109+09:00
Aisle Identifier,,,failed,False,2026-08-23T13:07:59.189669+09:00
Aisle Index,10.0,0.0,success,False,2026-08-19T21:03:59.838072+09:00
Aisle Installment,,,failed,False,2026-08-23T16:11:34.314985+09:00
Aisle Item,,,failed,False,2026-08-21T01:58:16.207160+09:00
Aisle Journal,,,failed,False,2026-08-19T13:27:04.208602+09:00
Aisle Kiosk,,,failed,False,2026-08-19T13:28:46.213071+09:00
Aisle Kit,,,failed,False,2026-08-27T22:47:59.631121+09:00
Aisle Layout,40.0,1.0,success,False,2026-08-27T22:28:51.186281+09:00
Aisle Ledger,,,failed,False,2026-08-19T13:40:14.970348+09:00
Aisle Link,,,failed,False,2026-08-23T03:19:44.954715+09:00
Aisle List,10.0,0.0,success,False,2026-08-19T21:50:46.269760+09:00
Aisle Loan,,,failed,False,2026-08-21T02:15:06.129671+09:00
Aisle Lobby,,,failed,False,2026-08-19T13:31:44.608385+09:00
Aisle Locator,320.0,0.0,success,False,2026-08-19T13:27:50.683202+09:00
Aisle Manager,,,failed,False,2026-08-19T13:24:29.465553+09:00
Aisle Map,70.0,0.0,success,False,2026-08-19T13:39:22.411617+09:00
Aisle Monitor,,,failed,False,2026-08-19T13:25:50.130591+09:00
Aisle Nexus,,,failed,False,2026-08-19T13:23:44.398972+09:00
Aisle Number,590.0,0.0,success,False,2026-08-23T03:19:37.789366+09:00
Aisle Office,40.0,1.0,success,False,2026-08-19T13:28:06.398636+09:00
Aisle Ops,,,failed,False,2026-08-19T13:26:15.412219+09:00
Aisle Order,10.0,0.0,success,False,2026-08-19T21:50:00.809390+09:00
Aisle Outpost,,,failed,False,2026-08-19T13:29:35.607135+09:00
Aisle Overdraft,,,failed,False,2026-08-23T15:53:08.210333+09:00
Aisle Panel,,,failed,False,2026-08-19T13:20:58.742668+09:00
Aisle Pass,,,failed,False,2026-08-21T00:33:46.093002+09:00
Aisle Path,,,failed,False,2026-08-19T13:38:51.605801+09:00
Aisle Petition,,,failed,False,2026-08-21T01:08:51.801540+09:00
Aisle Plan,22200.0,14.0,success,False,2026-08-21T01:58:27.155216+09:00
Aisle Planner,22200.0,14.0,success,False,2026-08-19T13:25:08.614186+09:00
Aisle Plaza,,,failed,False,2026-08-19T13:29:49.322759+09:00
Aisle Point,,,failed,False,2026-08-19T13:39:01.193066+09:00
Aisle Portal,,,failed,False,2026-08-19T13:42:30.376897+09:00
Aisle Post,,,failed,False,2026-08-19T13:29:19.231161+09:00
Aisle Profile,20.0,5.0,success,False,2026-08-19T13:33:51.668880+09:00
Aisle Queue,,,failed,False,2026-08-19T21:04:24.508436+09:00
Aisle Recap,,,failed,False,2026-08-21T01:09:06.679370+09:00
Aisle Receipt,10.0,0.0,success,False,2026-08-19T21:50:23.410812+09:00
Aisle Register,,,failed,False,2026-08-19T13:26:07.690748+09:00
Aisle Registry,,,failed,False,2026-08-19T13:27:09.579518+09:00
Aisle Reminder,,,failed,False,2026-08-19T21:03:32.051785+09:00
Aisle Report,,,failed,False,2026-08-19T13:32:23.096151+09:00
Aisle Repository,,,failed,False,2026-08-27T23:13:50.940196+09:00
Aisle Ring,,,failed,False,2026-08-19T13:23:16.958274+09:00
Aisle Route,,,failed,False,2026-08-19T13:21:52.267675+09:00
Aisle Rule,,,failed,False,2026-08-23T03:19:49.312069+09:00
Aisle Sale,10.0,16.0,success,False,2026-08-21T02:21:59.749711+09:00
Aisle Sample,,,failed,False,2026-08-19T21:51:28.846204+09:00
Aisle Scheduler,,,failed,False,2026-08-19T13:25:22.323430+09:00
Aisle Scope,,,failed,False,2026-08-19T13:37:44.092675+09:00
Aisle Slip,,,failed,False,2026-08-19T21:51:20.233471+09:00
Aisle Slot,,,failed,False,2026-08-19T21:51:42.287097+09:00
Aisle Station,,,failed,False,2026-08-19T13:41:43.922175+09:00
Aisle Status,,,failed,False,2026-08-19T20:49:12.755513+09:00
Aisle Stub,,,failed,False,2026-08-21T00:34:04.071728+09:00
Aisle Subsidy,,,failed,False,2026-08-23T15:53:10.362751+09:00
Aisle Sum,,,failed,False,2026-08-21T02:21:41.084768+09:00
Aisle Summary,,,failed,False,2026-08-19T21:32:08.265719+09:00
Aisle Surtax,,,failed,False,2026-08-23T15:53:12.516993+09:00
Aisle Table,90.0,94.0,success,False,2026-08-19T21:50:57.841127+09:00
Aisle Tariff,,,failed,False,2026-08-21T02:39:04.967500+09:00
Aisle Tax,,,failed,False,2026-08-21T02:15:06.129671+09:00
Aisle Terminal,,,failed,False,2026-08-19T13:41:55.083304+09:00
Aisle Ticket,50.0,7.0,success,False,2026-08-19T21:04:11.577084+09:00
Aisle Timeline,,,failed,False,2026-08-19T21:32:15.548375+09:00
Aisle Toll,,,failed,False,2026-08-21T02:38:59.400124+09:00
Aisle Toolbox,,,failed,False,2026-08-28T00:26:26.682078+09:00
Aisle Total,,,failed,False,2026-08-27T23:13:41.688189+09:00
Aisle Tower,20.0,1.0,success,False,2026-08-19T13:30:10.449633+09:00
Aisle Tracker,,,failed,False,2026-08-19T13:34:00.979457+09:00
Aisle Trial,10.0,0.0,success,False,2026-08-27T21:14:49.306471+09:00
Aisle Unit,,,failed,False,2026-08-21T01:58:22.092915+09:00
Aisle Update,,,failed,False,2026-08-19T20:37:25.311012+09:00
Aisle Version,,,failed,False,2026-08-23T03:19:40.807348+09:00
Aisle View,20.0,0.0,success,False,2026-08-19T20:49:16.530394+09:00
Aisle Watch,,,failed,False,2026-08-19T13:37:36.286521+09:00
Aisle Widget,,,failed,False,2026-08-27T23:13:41.688189+09:00
Aisle Yard,,,failed,False,2026-08-19T13:28:55.054153+09:00
Aisle Zone,,,failed,False,2026-08-19T13:42:14.783829+09:00
Alarm Advance,,,failed,False,2026-08-23T16:13:37.104049+09:00
Alarm Advisory,,,failed,False,2026-08-21T01:02:23.111892+09:00
Alarm Alert,880.0,14.0,success,False,2026-08-21T00:46:44.759034+09:00
Alarm Allowance,,,failed,False,2026-08-21T02:40:33.895660+09:00
Alarm Analyzer,,,failed,False,2026-08-27T23:51:24.335890+09:00
Alarm Announcement,30.0,0.0,success,False,2026-08-27T23:37:11.995923+09:00
Alarm Arrears,,,failed,False,2026-08-23T16:13:34.147754+09:00
Alarm Asset,,,failed,False,2026-08-23T13:45:46.037867+09:00
Alarm Assistant,40.0,19.0,success,False,2026-08-21T00:45:16.204972+09:00
Alarm Atlas,140.0,14.0,success,False,2026-08-21T00:45:03.734783+09:00
Alarm Attribute,,,failed,False,2026-08-23T13:09:19.095608+09:00
Alarm Badge,20.0,38.0,success,False,2026-08-21T00:49:49.714688+09:00
Alarm Base,110.0,45.0,success,False,2026-08-21T00:51:42.581125+09:00
Alarm Bay,10.0,0.0,success,False,2026-08-21T00:46:15.039620+09:00
Alarm Beacon,320.0,91.0,success,False,2026-08-21T00:50:45.127530+09:00
Alarm Bill,70.0,11.0,success,False,2026-08-21T00:49:09.924663+09:00
Alarm Board,140.0,21.0,success,False,2026-08-21T00:43:44.047110+09:00
Alarm Bridge,10.0,5.0,success,False,2026-08-21T00:50:58.385493+09:00
Alarm Brief,,,failed,False,2026-08-21T01:00:33.906602+09:00
Alarm Bulletin,,,failed,False,2026-08-21T01:00:29.585982+09:00
Alarm Cabinet,40.0,72.0,success,False,2026-08-27T23:16:13.930951+09:00
Alarm Calendar,390.0,20.0,success,False,2026-08-21T00:45:47.976857+09:00
Alarm Card,210.0,0.0,success,False,2026-08-21T00:47:32.281403+09:00
Alarm Cascade,,,failed,False,2026-08-21T00:50:50.084554+09:00
Alarm Cash,1000.0,5.0,success,False,2026-08-21T02:23:24.043193+09:00
Alarm Cashback,,,failed,False,2026-08-27T21:17:00.727259+09:00
Alarm Center,1900.0,13.0,success,False,2026-08-21T00:44:10.518978+09:00
Alarm Chain,170.0,79.0,success,False,2026-08-21T00:44:48.876991+09:00
Alarm Charge,880.0,27.0,success,False,2026-08-21T02:40:21.955150+09:00
Alarm Chart,170.0,0.0,success,False,2026-08-21T00:46:47.041557+09:00
Alarm Check,170.0,9.0,success,False,2026-08-21T00:47:41.484784+09:00
Alarm Checker,,,failed,False,2026-08-27T23:51:18.068433+09:00
Alarm Circular,,,failed,False,2026-08-21T01:02:20.703041+09:00
Alarm Code,880.0,2.0,success,False,2026-08-21T00:49:18.470865+09:00
Alarm Companion,,,failed,False,2026-08-21T00:45:33.278488+09:00
Alarm Comparison,10.0,21.0,success,False,2026-08-28T01:03:30.600111+09:00
Alarm Confirmation,,,failed,False,2026-08-21T01:00:50.612821+09:00
Alarm Console,110.0,34.0,success,False,2026-08-21T00:44:21.197874+09:00
Alarm Contribution,,,failed,False,2026-08-23T16:13:30.945408+09:00
Alarm Core,10.0,12.0,success,False,2026-08-21T00:43:34.117910+09:00
Alarm Cost,110.0,44.0,success,False,2026-08-21T02:15:38.407419+09:00
Alarm Count,70.0,21.0,success,False,2026-08-27T22:50:21.429751+09:00
Alarm Counter,70.0,21.0,success,False,2026-08-21T00:45:59.951643+09:00
Alarm Coupon,,,failed,False,2026-08-27T21:16:57.719069+09:00
Alarm Deal,20.0,76.0,success,False,2026-08-21T01:59:06.761411+09:00
Alarm Debt,,,failed,False,2026-08-21T02:23:11.717671+09:00
Alarm Deck,,,failed,False,2026-08-21T00:43:46.604021+09:00
Alarm Desk,,,failed,False,2026-08-21T00:50:24.003386+09:00
Alarm Detail,110.0,1.0,success,False,2026-08-23T03:21:56.707046+09:00
Alarm Diagram,140.0,0.0,success,False,2026-08-27T22:12:15.272381+09:00
Alarm Directory,,,failed,False,2026-08-21T00:45:50.178398+09:00
Alarm Discount,720.0,4.0,success,False,2026-08-23T16:13:26.521734+09:00
Alarm Dossier,,,failed,False,2026-08-21T01:00:52.686966+09:00
Alarm Downpayment,,,failed,False,2026-08-27T21:48:09.369962+09:00
Alarm Draft,,,failed,False,2026-08-21T00:48:33.175763+09:00
Alarm Due,,,failed,False,2026-08-23T15:51:15.880461+09:00
Alarm Duty,,,failed,False,2026-08-21T02:40:25.117501+09:00
Alarm Engine,140.0,12.0,success,False,2026-08-21T00:45:13.293562+09:00
Alarm Entry,170.0,100.0,success,False,2026-08-21T01:01:05.241118+09:00
Alarm Estimate,,,failed,False,2026-08-21T00:49:01.997073+09:00
Alarm Estimator,,,failed,False,2026-08-27T23:51:15.530091+09:00
Alarm Excerpt,,,failed,False,2026-08-21T01:01:01.220689+09:00
Alarm Fare,,,failed,False,2026-08-21T02:06:11.713342+09:00
Alarm Fee,10.0,4.0,success,False,2026-08-21T01:58:46.875681+09:00
Alarm Feed,,,failed,False,2026-08-21T00:48:26.954363+09:00
Alarm Field,,,failed,False,2026-08-23T13:09:25.406302+09:00
Alarm File,70.0,15.0,success,False,2026-08-21T00:48:12.190063+09:00
Alarm Fine,,,failed,False,2026-08-23T02:56:00.191983+09:00
Alarm Flow,880.0,3.0,success,False,2026-08-21T00:50:15.253919+09:00
Alarm Forge,,,failed,False,2026-08-21T00:50:48.093288+09:00
Alarm Form,20.0,0.0,success,False,2026-08-21T00:47:29.450326+09:00
Alarm Format,20.0,0.0,success,False,2026-08-23T13:09:27.676904+09:00
Alarm Frame,,,failed,False,2026-08-21T00:51:35.796791+09:00
Alarm Fund,,,failed,False,2026-08-21T02:23:20.274615+09:00
Alarm Gate,1600.0,100.0,success,False,2026-08-21T00:44:54.956989+09:00
Alarm Generator,210.0,10.0,success,False,2026-08-27T23:37:16.371136+09:00
Alarm Giveaway,10.0,0.0,success,False,2026-08-27T21:17:07.956821+09:00
Alarm Graph,,,failed,False,2026-08-27T22:11:56.077657+09:00
Alarm Grid,1900.0,41.0,success,False,2026-08-21T00:51:16.185060+09:00
Alarm Guarantee,,,failed,False,2026-08-28T01:03:37.882161+09:00
Alarm Guardian,40.0,93.0,success,False,2026-08-28T00:21:55.786008+09:00
Alarm Helpdesk,,,failed,False,2026-08-27T22:50:26.115784+09:00
Alarm Helper,40.0,29.0,success,False,2026-08-28T00:21:58.401743+09:00
Alarm History,480.0,0.0,success,False,2026-08-21T00:48:07.260312+09:00
Alarm Hub,260.0,61.0,success,False,2026-08-21T00:50:17.936305+09:00
Alarm Identifier,10.0,1.0,success,False,2026-08-23T13:09:17.043261+09:00
Alarm Inbox,,,failed,False,2026-08-21T00:46:42.116087+09:00
Alarm Incentive,,,failed,False,2026-08-27T21:17:03.008156+09:00
Alarm Index,10.0,0.0,success,False,2026-08-21T00:48:51.829218+09:00
Alarm Installment,,,failed,False,2026-08-23T16:13:26.521734+09:00
Alarm Item,,,failed,False,2026-08-21T01:58:52.066039+09:00
Alarm Journal,10.0,0.0,success,False,2026-08-21T00:45:45.302081+09:00
Alarm Keeper,,,failed,False,2026-08-21T00:45:08.644829+09:00
Alarm Kiosk,,,failed,False,2026-08-21T00:46:10.718962+09:00
Alarm Kit,1300.0,72.0,success,False,2026-08-27T22:50:16.948494+09:00
Alarm Lab,110.0,12.0,success,False,2026-08-21T00:43:57.229807+09:00
Alarm Label,9900.0,0.0,success,True,2026-08-27T22:12:02.778487+09:00
Alarm Ledger,,,failed,False,2026-08-21T00:43:39.738116+09:00
Alarm Level,170.0,2.0,success,False,2026-08-21T00:48:15.897610+09:00
Alarm Line,110.0,10.0,success,False,2026-08-21T00:47:07.675748+09:00
Alarm Link,210.0,14.0,success,False,2026-08-23T03:21:47.880193+09:00
Alarm List,320.0,0.0,success,False,2026-08-21T00:49:20.798290+09:00
Alarm Loan,,,failed,False,2026-08-21T02:06:27.364500+09:00
Alarm Lobby,,,failed,False,2026-08-21T00:47:01.645682+09:00
Alarm Locator,480.0,3.0,success,False,2026-08-21T00:45:52.774285+09:00
Alarm Locker,90.0,94.0,success,False,2026-08-21T00:46:03.316699+09:00
Alarm Log,210.0,3.0,success,False,2026-08-21T00:47:26.672100+09:00
Alarm Loop,170.0,9.0,success,False,2026-08-21T00:51:13.532405+09:00
Alarm Manager,320.0,0.0,success,False,2026-08-21T00:45:10.747399+09:00
Alarm Manual,170.0,11.0,success,False,2026-08-27T22:12:11.460290+09:00
Alarm Map,6600.0,0.0,success,True,2026-08-21T00:51:33.449317+09:00
Alarm Margin,,,failed,False,2026-08-23T02:55:57.484668+09:00
Alarm Markup,,,failed,False,2026-08-23T16:38:44.785975+09:00
Alarm Memo,20.0,0.0,success,False,2026-08-21T00:50:02.185546+09:00
Alarm Message,1300.0,0.0,success,True,2026-08-27T23:16:07.710810+09:00
Alarm Monitor,4400.0,12.0,success,False,2026-08-21T00:45:30.035458+09:00
Alarm Nexus,50.0,30.0,success,False,2026-08-21T00:45:01.205149+09:00
Alarm Note,210.0,14.0,success,False,2026-08-21T00:47:49.290523+09:00
Alarm Notification,2400.0,1.0,success,False,2026-08-27T22:50:09.773795+09:00
Alarm Number,170.0,1.0,success,False,2026-08-23T03:21:40.496452+09:00
Alarm Office,70.0,19.0,success,False,2026-08-21T00:45:57.527663+09:00
Alarm Ops,,,failed,False,2026-08-21T00:45:39.218297+09:00
Alarm Order,210.0,18.0,success,False,2026-08-21T00:49:04.500727+09:00
Alarm Outpost,,,failed,False,2026-08-21T00:46:23.702871+09:00
Alarm Overage,,,failed,False,2026-08-27T21:48:07.167837+09:00
Alarm Overdue,,,failed,False,2026-08-27T21:48:00.691172+09:00
Alarm Panel,4400.0,91.0,success,False,2026-08-21T00:44:27.350497+09:00
Alarm Pass,,,failed,False,2026-08-21T00:49:44.632195+09:00
Alarm Passport,10.0,,success,False,2026-08-21T00:46:56.943275+09:00
Alarm Path,10.0,0.0,success,False,2026-08-21T00:51:25.324564+09:00
Alarm Payoff,,,failed,False,2026-08-27T21:48:04.359972+09:00
Alarm Penalty,,,failed,False,2026-08-23T16:38:42.507764+09:00
Alarm Petition,,,failed,False,2026-08-21T01:00:44.838906+09:00
Alarm Plan,720.0,86.0,success,False,2026-08-21T01:58:58.757504+09:00
Alarm Planner,720.0,86.0,success,False,2026-08-21T00:45:22.913101+09:00
Alarm Playbook,,,failed,False,2026-08-21T00:45:41.384268+09:00
Alarm Plaza,10.0,0.0,success,False,2026-08-21T00:46:26.587388+09:00
Alarm Point,260.0,12.0,success,False,2026-08-21T00:51:31.068549+09:00
Alarm Portal,1300.0,0.0,success,True,2026-08-21T00:44:18.522946+09:00
Alarm Post,90.0,0.0,success,False,2026-08-21T00:46:19.116405+09:00
Alarm Preview,10.0,,success,False,2026-08-28T01:03:30.600111+09:00
Alarm Price,390.0,68.0,success,False,2026-08-21T02:06:07.596179+09:00
Alarm Profile,50.0,25.0,success,False,2026-08-21T00:47:54.639607+09:00
Alarm Profit,,,failed,False,2026-08-23T02:55:50.022047+09:00
Alarm Proposal,,,failed,False,2026-08-28T01:03:33.167279+09:00
Alarm Quota,,,failed,False,2026-08-21T00:50:04.499348+09:00
Alarm Radar,590.0,15.0,success,False,2026-08-21T00:50:26.220127+09:00
Alarm Rail,,,failed,False,2026-08-21T00:44:38.874906+09:00
Alarm Rate,390.0,0.0,success,False,2026-08-21T00:48:22.062191+09:00
Alarm Recap,,,failed,False,2026-08-21T01:02:52.646086+09:00
Alarm Receipt,,,failed,False,2026-08-21T00:49:12.731444+09:00
Alarm Recorder,10.0,15.0,success,False,2026-08-27T23:37:16.371136+09:00
Alarm Register,90.0,10.0,success,False,2026-08-21T00:45:35.455027+09:00
Alarm Relay,1000.0,26.0,success,False,2026-08-21T00:50:29.679005+09:00
Alarm Reminder,5400.0,12.0,success,False,2026-08-21T00:48:48.333943+09:00
Alarm Report,90.0,1.0,success,False,2026-08-21T00:47:19.116810+09:00
Alarm Ring,1900.0,48.0,success,False,2026-08-21T00:44:52.376787+09:00
Alarm Roll,70.0,44.0,success,False,2026-08-21T00:47:16.635421+09:00
Alarm Roster,10.0,0.0,success,False,2026-08-21T00:46:39.668460+09:00
Alarm Route,10.0,5.0,success,False,2026-08-21T00:44:36.517071+09:00
Alarm Rule,,,failed,False,2026-08-23T03:21:54.482997+09:00
Alarm Sale,70.0,49.0,success,False,2026-08-21T02:23:31.419607+09:00
Alarm Sample,90.0,10.0,success,False,2026-08-21T00:49:35.190382+09:00
Alarm Scale,10.0,0.0,success,False,2026-08-21T00:44:30.138587+09:00
Alarm Schematic,20.0,0.0,success,False,2026-08-27T22:29:10.054268+09:00
Alarm Scope,,,failed,False,2026-08-21T00:51:10.614458+09:00
Alarm Score,50.0,0.0,success,False,2026-08-21T00:47:44.020698+09:00
Alarm Sheet,30.0,22.0,success,False,2026-08-21T00:47:36.977895+09:00
Alarm Shelf,,,failed,False,2026-08-21T00:46:37.254114+09:00
Alarm Shortfall,,,failed,False,2026-08-27T21:48:11.561191+09:00
Alarm Signal,720.0,10.0,success,False,2026-08-21T00:51:01.092563+09:00
Alarm Signature,,,failed,False,2026-08-23T13:28:22.129962+09:00
Alarm Slip,,,failed,False,2026-08-21T00:49:29.914475+09:00
Alarm Slot,50.0,97.0,success,False,2026-08-21T00:49:37.584742+09:00
Alarm Stake,,,failed,False,2026-08-23T02:55:55.232894+09:00
Alarm Statement,,,failed,False,2026-08-21T00:49:56.955669+09:00
Alarm Station,170.0,13.0,success,False,2026-08-21T00:43:59.576313+09:00
Alarm Status,140.0,0.0,success,False,2026-08-21T00:48:00.969173+09:00
Alarm Streak,,,failed,False,2026-08-28T00:46:16.444390+09:00
Alarm Stub,,,failed,False,2026-08-21T00:49:54.532841+09:00
Alarm Studio,210.0,1.0,success,False,2026-08-21T00:43:54.085720+09:00
Alarm Subsidy,,,failed,False,2026-08-23T15:51:15.880461+09:00
Alarm Sum,,,failed,False,2026-08-21T02:23:08.764436+09:00
Alarm Summary,90.0,0.0,success,False,2026-08-21T00:48:36.635325+09:00
Alarm Tab,320.0,3.0,success,False,2026-08-21T00:50:07.130228+09:00
Alarm Table,170.0,18.0,success,False,2026-08-21T00:49:24.098446+09:00
Alarm Tag,1900.0,80.0,success,False,2026-08-21T00:47:51.655449+09:00
Alarm Tariff,,,failed,False,2026-08-21T02:40:38.159052+09:00
Alarm Tax,,,failed,False,2026-08-21T02:06:17.677670+09:00
Alarm Terminal,30.0,6.0,success,False,2026-08-21T00:44:07.435932+09:00
Alarm Ticker,10.0,10.0,success,False,2026-08-21T00:47:05.432306+09:00
Alarm Ticket,30.0,3.0,success,False,2026-08-21T00:48:57.806090+09:00
Alarm Tier,,,failed,False,2026-08-28T00:46:19.889028+09:00
Alarm Timeline,,,failed,False,2026-08-21T00:48:40.223162+09:00
Alarm Timer,12100.0,36.0,success,False,2026-08-28T00:21:49.130858+09:00
Alarm Toll,,,failed,False,2026-08-21T02:40:27.519765+09:00
Alarm Toolbox,,,failed,False,2026-08-28T00:21:58.401743+09:00
Alarm Total,10.0,5.0,success,False,2026-08-27T23:16:07.710810+09:00
Alarm Tower,140.0,32.0,success,False,2026-08-21T00:46:31.440534+09:00
Alarm Tracker,260.0,100.0,success,False,2026-08-21T00:50:13.056816+09:00
Alarm Trail,,,failed,False,2026-08-21T00:44:42.710868+09:00
Alarm Trend,90.0,19.0,success,False,2026-08-28T01:03:27.794966+09:00
Alarm Trial,10.0,13.0,success,False,2026-08-27T21:17:00.727259+09:00
Alarm Unit,110.0,68.0,success,False,2026-08-21T01:58:56.625492+09:00
Alarm Update,110.0,13.0,success,False,2026-08-21T00:48:24.716353+09:00
Alarm Value,20.0,1.0,success,False,2026-08-23T02:55:53.099561+09:00
Alarm Vault,90.0,12.0,success,False,2026-08-21T00:50:35.331865+09:00
Alarm Version,,,failed,False,2026-08-23T03:21:42.958973+09:00
Alarm View,40.0,2.0,success,False,2026-08-21T00:48:04.911148+09:00
Alarm Voucher,,,failed,False,2026-08-21T00:49:47.730802+09:00
Alarm Watch,8100.0,96.0,success,False,2026-08-21T00:51:04.799989+09:00
Alarm Wave,20.0,28.0,success,False,2026-08-21T00:51:22.640360+09:00
Alarm Widget,1300.0,0.0,success,True,2026-08-27T23:16:11.688627+09:00
Alarm Window,8100.0,100.0,success,False,2026-08-21T00:47:13.306684+09:00
Alarm Worksheet,,,failed,False,2026-08-27T22:12:15.272381+09:00
Alarm Workshop,,,failed,False,2026-08-28T00:21:51.591333+09:00
Alarm Yard,,,failed,False,2026-08-21T00:46:12.825751+09:00
Alarm Zone,260.0,41.0,success,False,2026-08-21T00:44:15.465135+09:00
Album Advance,10.0,0.0,success,False,2026-08-23T16:14:21.823505+09:00
Album Advisory,390.0,0.0,success,False,2026-08-21T01:02:52.646086+09:00
Album Allowance,,,failed,False,2026-08-21T02:40:07.402959+09:00
Album Analyzer,10.0,0.0,success,False,2026-08-27T23:56:22.652242+09:00
Album Arrears,,,failed,False,2026-08-23T16:14:18.981651+09:00
Album Asset,,,failed,False,2026-08-23T13:47:05.237339+09:00
Album Assistant,,,failed,False,2026-08-19T12:25:57.716794+09:00
Album Atlas,320.0,11.0,success,False,2026-08-19T12:25:46.286307+09:00
Album Attribute,,,failed,False,2026-08-23T13:07:00.691919+09:00
Album Badge,90.0,22.0,success,False,2026-08-21T00:27:32.429911+09:00
Album Balance,20.0,0.0,success,False,2026-08-23T13:47:02.952399+09:00
Album Base,30.0,21.0,success,False,2026-08-19T12:24:05.330216+09:00
Album Beacon,,,failed,False,2026-08-19T12:22:47.160144+09:00
Album Bill,10.0,0.0,success,False,2026-08-19T21:49:18.898188+09:00
Album Board,90.0,14.0,success,False,2026-08-19T12:24:32.971008+09:00
Album Book,4400.0,100.0,success,False,2026-08-19T21:50:19.457736+09:00
Album Bridge,20.0,0.0,success,False,2026-08-19T12:23:01.868954+09:00
Album Brief,,,failed,False,2026-08-21T01:00:50.612821+09:00
Album Bulletin,,,failed,False,2026-08-21T01:00:44.838906+09:00
Album Cabinet,170.0,100.0,success,False,2026-08-27T23:13:56.060397+09:00
Album Calendar,260.0,10.0,success,False,2026-08-19T12:26:26.109725+09:00
Album Card,2400.0,99.0,success,False,2026-08-19T13:41:47.769675+09:00
Album Cascade,70.0,1.0,success,False,2026-08-19T12:22:54.076804+09:00
Album Cash,260.0,58.0,success,False,2026-08-21T02:24:52.539486+09:00
Album Cashback,,,failed,False,2026-08-27T21:16:23.936714+09:00
Album Catalog,320.0,3.0,success,False,2026-08-19T21:07:00.753456+09:00
Album Category,20.0,0.0,success,False,2026-08-23T13:07:00.691919+09:00
Album Center,,,failed,False,2026-08-19T12:24:52.766988+09:00
Album Chain,50.0,10.0,success,False,2026-08-19T12:25:34.182508+09:00
Album Charge,20.0,39.0,success,False,2026-08-21T02:39:59.313025+09:00
Album Check,50.0,0.0,success,False,2026-08-19T13:42:06.803998+09:00
Album Checker,50.0,0.0,success,False,2026-08-27T23:56:16.956086+09:00
Album Checklist,70.0,1.0,success,False,2026-08-19T21:06:06.633142+09:00
Album Circular,170.0,2.0,success,False,2026-08-21T01:02:29.218317+09:00
Album Code,170.0,0.0,success,False,2026-08-19T21:49:39.376770+09:00
Album Companion,,,failed,False,2026-08-19T12:26:06.734544+09:00
Album Comparison,20.0,1.0,success,False,2026-08-28T01:06:00.663079+09:00
Album Compass,30.0,0.0,success,False,2026-08-19T12:22:47.160144+09:00
Album Confirmation,,,failed,False,2026-08-21T01:01:05.241118+09:00
Album Console,10.0,82.0,success,False,2026-08-19T12:25:02.021725+09:00
Album Converter,40.0,3.0,success,False,2026-08-27T23:34:54.940798+09:00
Album Core,12100.0,7.0,success,False,2026-08-19T12:24:05.330216+09:00
Album Cost,390.0,28.0,success,False,2026-08-21T02:09:31.680775+09:00
Album Count,,,failed,False,2026-08-27T22:48:41.593169+09:00
Album Counter,,,failed,False,2026-08-19T12:26:37.096559+09:00
Album Coupon,10.0,4.0,success,False,2026-08-27T21:16:21.669078+09:00
Album Deal,30.0,11.0,success,False,2026-08-21T01:53:49.077325+09:00
Album Debt,,,failed,False,2026-08-21T02:24:39.206528+09:00
Album Deck,,,failed,False,2026-08-19T12:24:32.971008+09:00
Album Desk,10.0,67.0,success,False,2026-08-19T12:27:46.282540+09:00
Album Detail,140.0,1.0,success,False,2026-08-23T03:19:05.834960+09:00
Album Detector,,,failed,False,2026-08-27T23:56:20.084184+09:00
Album Diagram,10.0,0.0,success,False,2026-08-27T22:11:07.504968+09:00
Album Digest,,,failed,False,2026-08-19T20:38:22.141016+09:00
Album Directory,10.0,0.0,success,False,2026-08-19T12:26:26.109725+09:00
Album Discount,20.0,90.0,success,False,2026-08-23T16:14:11.722628+09:00
Album Dossier,,,failed,False,2026-08-21T01:01:09.555377+09:00
Album Downpayment,,,failed,False,2026-08-27T21:47:32.265892+09:00
Album Draft,90.0,0.0,success,False,2026-08-19T20:38:39.383467+09:00
Album Due,,,failed,False,2026-08-23T15:51:44.971205+09:00
Album Duty,,,failed,False,2026-08-21T02:40:01.670619+09:00
Album Engine,10.0,0.0,success,False,2026-08-19T12:25:55.231488+09:00
Album Entry,30.0,0.0,success,False,2026-08-21T01:01:17.697392+09:00
Album Estimate,,,failed,False,2026-08-19T21:06:47.923280+09:00
Album Estimator,,,failed,False,2026-08-27T23:56:11.954519+09:00
Album Fare,10.0,0.0,success,False,2026-08-21T02:09:39.165114+09:00
Album Fee,,,failed,False,2026-08-21T01:53:25.014716+09:00
Album Feed,10.0,0.0,success,False,2026-08-19T20:38:30.453873+09:00
Album File,590.0,50.0,success,False,2026-08-19T20:37:49.991412+09:00
Album Finder,210.0,0.0,success,False,2026-08-19T12:26:33.810025+09:00
Album Fine,70.0,21.0,success,False,2026-08-23T02:54:45.895962+09:00
Album Flag,320.0,34.0,success,False,2026-08-21T00:28:26.135871+09:00
Album Flow,90.0,0.0,success,False,2026-08-19T12:27:39.796113+09:00
Album Forge,30.0,3.0,success,False,2026-08-19T12:22:54.076804+09:00
Album Form,10.0,0.0,success,False,2026-08-19T13:41:26.637679+09:00
Album Format,170.0,3.0,success,False,2026-08-23T13:07:04.865387+09:00
Album Frame,2900.0,100.0,success,False,2026-08-19T12:23:56.615526+09:00
Album Fund,,,failed,False,2026-08-21T02:24:48.796566+09:00
Album Gate,10.0,0.0,success,False,2026-08-19T12:25:43.100247+09:00
Album Generator,1300.0,2.0,success,False,2026-08-27T23:34:54.940798+09:00
Album Giveaway,10.0,0.0,success,False,2026-08-27T21:16:28.518091+09:00
Album Grade,,,failed,False,2026-08-21T00:28:03.957628+09:00
Album Graph,20.0,0.0,success,False,2026-08-27T22:10:56.558080+09:00
Album Grid,260.0,0.0,success,False,2026-08-19T12:23:36.492658+09:00
Album Guarantee,,,failed,False,2026-08-28T01:06:10.302074+09:00
Album Guardian,140.0,7.0,success,False,2026-08-28T00:25:26.159240+09:00
Album Helpdesk,,,failed,False,2026-08-27T22:48:41.593169+09:00
Album Helper,30.0,0.0,success,False,2026-08-28T00:25:31.999960+09:00
Album History,4400.0,19.0,success,False,2026-08-19T20:37:42.979136+09:00
Album Hotline,,,failed,False,2026-08-19T21:07:11.433627+09:00
Album Hub,20.0,0.0,success,False,2026-08-19T12:27:46.282540+09:00
Album Identifier,320.0,13.0,success,False,2026-08-23T13:06:58.194774+09:00
Album Incentive,,,failed,False,2026-08-27T21:16:28.518091+09:00
Album Index,70.0,0.0,success,False,2026-08-19T21:06:16.769807+09:00
Album Installment,,,failed,False,2026-08-23T16:14:15.763731+09:00
Album Item,20.0,0.0,success,False,2026-08-21T01:53:28.626980+09:00
Album Journal,720.0,37.0,success,False,2026-08-19T12:26:17.646351+09:00
Album Keeper,10.0,6.0,success,False,2026-08-19T12:25:50.876922+09:00
Album Kit,110.0,72.0,success,False,2026-08-27T22:48:37.138670+09:00
Album Lab,170.0,2.0,success,False,2026-08-19T12:24:44.570895+09:00
Album Label,480.0,1.0,success,False,2026-08-27T22:10:59.501612+09:00
Album Layout,390.0,23.0,success,False,2026-08-27T22:28:53.992967+09:00
Album Ledger,,,failed,False,2026-08-19T12:24:09.089995+09:00
Album Level,90.0,10.0,success,False,2026-08-19T20:37:57.270685+09:00
Album Levy,10.0,,success,False,2026-08-23T13:47:05.237339+09:00
Album Link,590.0,2.0,success,False,2026-08-23T03:18:56.291245+09:00
Album List,880.0,0.0,success,False,2026-08-19T21:49:51.324073+09:00
Album Loan,,,failed,False,2026-08-21T02:09:47.667221+09:00
Album Locator,10.0,0.0,success,False,2026-08-19T12:26:30.202611+09:00
Album Log,260.0,3.0,success,False,2026-08-19T13:41:02.359276+09:00
Album Loop,10.0,12.0,success,False,2026-08-19T12:23:26.790500+09:00
Album Manager,10.0,0.0,success,False,2026-08-19T12:25:50.876922+09:00
Album Manual,40.0,52.0,success,False,2026-08-27T22:11:01.897181+09:00
Album Map,880.0,12.0,success,False,2026-08-19T12:23:48.028309+09:00
Album Margin,,,failed,False,2026-08-23T02:54:43.780312+09:00
Album Marker,10.0,36.0,success,False,2026-08-23T13:27:43.093757+09:00
Album Markup,,,failed,False,2026-08-23T16:38:50.541482+09:00
Album Memo,140.0,100.0,success,False,2026-08-21T00:28:11.670318+09:00
Album Message,170.0,7.0,success,False,2026-08-27T23:13:50.940196+09:00
Album Monitor,260.0,99.0,success,False,2026-08-19T12:26:02.355075+09:00
Album Nexus,10.0,0.0,success,False,2026-08-19T12:25:43.100247+09:00
Album Note,720.0,91.0,success,False,2026-08-19T13:42:30.376897+09:00
Album Notification,,,failed,False,2026-08-27T22:48:34.491281+09:00
Album Number,210.0,0.0,success,False,2026-08-23T03:18:48.364198+09:00
Album Office,10.0,0.0,success,False,2026-08-19T12:26:37.096559+09:00
Album Ops,,,failed,False,2026-08-19T12:26:15.531413+09:00
Album Order,140.0,41.0,success,False,2026-08-19T21:49:09.518107+09:00
Album Overage,,,failed,False,2026-08-27T21:47:29.918815+09:00
Album Overdue,,,failed,False,2026-08-27T21:47:24.586892+09:00
Album Panel,,,failed,False,2026-08-19T12:25:02.021725+09:00
Album Pass,30.0,9.0,success,False,2026-08-21T00:27:15.534212+09:00
Album Path,10.0,0.0,success,False,2026-08-19T12:23:40.274403+09:00
Album Payoff,,,failed,False,2026-08-27T21:47:27.442070+09:00
Album Penalty,,,failed,False,2026-08-23T16:38:50.541482+09:00
Album Petition,,,failed,False,2026-08-21T01:01:01.220689+09:00
Album Plan,70.0,13.0,success,False,2026-08-21T01:53:38.487807+09:00
Album Planner,70.0,13.0,success,False,2026-08-19T12:25:57.716794+09:00
Album Playbook,,,failed,False,2026-08-19T12:26:15.531413+09:00
Album Point,170.0,0.0,success,False,2026-08-19T12:23:48.028309+09:00
Album Portal,1600.0,3.0,success,False,2026-08-19T12:24:58.043642+09:00
Album Preview,170.0,0.0,success,False,2026-08-28T01:06:05.018602+09:00
Album Profile,90.0,61.0,success,False,2026-08-19T13:21:04.898366+09:00
Album Profit,,,failed,False,2026-08-23T02:54:38.259905+09:00
Album Proposal,,,failed,False,2026-08-28T01:06:07.510525+09:00
Album Queue,,,failed,False,2026-08-19T21:06:39.226294+09:00
Album Quota,,,failed,False,2026-08-21T00:28:17.964653+09:00
Album Radar,20.0,0.0,success,False,2026-08-19T12:27:49.196174+09:00
Album Rail,110.0,4.0,success,False,2026-08-19T12:25:27.149314+09:00
Album Rate,1300.0,0.0,success,True,2026-08-19T20:38:05.655570+09:00
Album Recap,10.0,0.0,success,False,2026-08-21T01:01:11.672775+09:00
Album Receipt,170.0,0.0,success,False,2026-08-19T21:49:30.160580+09:00
Album Redemption,90.0,0.0,success,False,2026-08-23T16:38:53.252652+09:00
Album Register,10.0,4.0,success,False,2026-08-19T12:26:11.426688+09:00
Album Registry,10.0,,success,False,2026-08-19T12:26:22.946559+09:00
Album Relay,,,failed,False,2026-08-19T12:27:54.241154+09:00
Album Reminder,10.0,0.0,success,False,2026-08-19T21:05:57.473217+09:00
Album Report,10.0,0.0,success,False,2026-08-19T13:40:53.899440+09:00
Album Repository,,,failed,False,2026-08-27T23:13:58.602342+09:00
Album Roster,,,failed,False,2026-08-19T12:27:05.323167+09:00
Album Route,10.0,0.0,success,False,2026-08-19T12:25:21.965141+09:00
Album Rule,110.0,0.0,success,False,2026-08-23T03:19:01.069685+09:00
Album Sale,90.0,22.0,success,False,2026-08-21T02:24:56.488655+09:00
Album Sample,320.0,19.0,success,False,2026-08-19T21:50:41.490993+09:00
Album Scale,,,failed,False,2026-08-19T12:25:21.965141+09:00
Album Scanner,390.0,23.0,success,False,2026-08-27T23:56:16.956086+09:00
Album Scheduler,,,failed,False,2026-08-19T12:26:02.355075+09:00
Album Scope,10.0,0.0,success,False,2026-08-19T12:23:26.790500+09:00
Album Score,320.0,0.0,success,False,2026-08-19T13:42:14.783829+09:00
Album Serial,10.0,0.0,success,False,2026-08-23T13:27:36.728702+09:00
Album Sheet,720.0,19.0,success,False,2026-08-19T13:41:55.083304+09:00
Album Shortfall,,,failed,False,2026-08-27T21:47:35.080437+09:00
Album Signal,40.0,12.0,success,False,2026-08-19T12:23:14.200437+09:00
Album Slip,210.0,99.0,success,False,2026-08-19T21:50:30.697464+09:00
Album Slot,10.0,0.0,success,False,2026-08-19T21:50:52.634082+09:00
Album Stage,,,failed,False,2026-08-28T00:47:48.349607+09:00
Album Statement,10.0,0.0,success,False,2026-08-21T00:27:48.036654+09:00
Album Station,320.0,1.0,success,False,2026-08-19T12:24:44.570895+09:00
Album Status,110.0,0.0,success,False,2026-08-19T20:37:25.311012+09:00
Album Stub,,,failed,False,2026-08-21T00:27:39.908231+09:00
Album Studio,880.0,32.0,success,False,2026-08-19T12:24:37.833597+09:00
Album Sum,,,failed,False,2026-08-21T02:24:36.091430+09:00
Album Summary,,,failed,False,2026-08-19T21:05:30.373866+09:00
Album Tab,390.0,2.0,success,False,2026-08-21T00:28:32.365756+09:00
Album Table,90.0,86.0,success,False,2026-08-19T21:50:06.175762+09:00
Album Tag,480.0,10.0,success,False,2026-08-19T13:20:50.883072+09:00
Album Tally,10.0,,success,False,2026-08-21T00:27:55.902205+09:00
Album Tariff,,,failed,False,2026-08-21T02:40:14.671503+09:00
Album Tax,,,failed,False,2026-08-21T02:09:44.145059+09:00
Album Ticket,590.0,77.0,success,False,2026-08-19T21:06:30.155036+09:00
Album Tier,40.0,0.0,success,False,2026-08-28T00:47:53.734178+09:00
Album Timeline,70.0,6.0,success,False,2026-08-19T21:05:41.663242+09:00
Album Token,170.0,5.0,success,False,2026-08-23T13:27:40.734961+09:00
Album Toll,,,failed,False,2026-08-21T02:40:04.485559+09:00
Album Toolbox,,,failed,False,2026-08-28T00:25:29.232687+09:00
Album Total,590.0,0.0,success,False,2026-08-27T23:13:53.622178+09:00
Album Tracker,590.0,0.0,success,False,2026-08-19T12:27:39.796113+09:00
Album Trail,10.0,0.0,success,False,2026-08-19T12:25:34.182508+09:00
Album Trend,260.0,0.0,success,False,2026-08-28T01:06:00.663079+09:00
Album Trial,,,failed,False,2026-08-27T21:16:26.164499+09:00
Album Unit,40.0,28.0,success,False,2026-08-21T01:53:35.907769+09:00
Album Update,170.0,1.0,success,False,2026-08-19T20:38:12.818207+09:00
Album Value,320.0,11.0,success,False,2026-08-23T02:54:41.831535+09:00
Album Vault,30.0,91.0,success,False,2026-08-19T12:27:54.241154+09:00
Album Version,590.0,1.0,success,False,2026-08-23T03:18:52.097037+09:00
Album View,2900.0,4.0,success,False,2026-08-19T20:37:34.944185+09:00
Album Voucher,10.0,,success,False,2026-08-21T00:27:24.500136+09:00
Album Watch,720.0,29.0,success,False,2026-08-19T12:23:14.200437+09:00
Album Wave,260.0,8.0,success,False,2026-08-19T12:23:40.274403+09:00
Album Widget,40.0,2.0,success,False,2026-08-27T23:13:53.622178+09:00
Album Worksheet,,,failed,False,2026-08-27T22:11:05.293773+09:00
Album Workshop,,,failed,False,2026-08-28T00:25:26.159240+09:00
Album Zone,110.0,3.0,success,False,2026-08-19T12:24:52.766988+09:00
Algae Advance,,,failed,False,2026-08-23T16:15:37.311219+09:00
Algae Advisory,20.0,1.0,success,False,2026-08-21T01:02:03.687665+09:00
Algae Alert,10.0,0.0,success,False,2026-08-19T21:14:49.838669+09:00
Algae Allowance,,,failed,False,2026-08-21T02:40:18.502872+09:00
Algae Analyzer,,,failed,False,2026-08-27T23:58:43.283075+09:00
Algae Announcement,,,failed,False,2026-08-27T23:36:25.651250+09:00
Algae Arrears,,,failed,False,2026-08-23T16:15:33.574414+09:00
Algae Assistant,,,failed,False,2026-08-19T21:09:22.382807+09:00
Algae Atlas,10.0,48.0,success,False,2026-08-19T21:08:33.836263+09:00
Algae Attribute,,,failed,False,2026-08-23T13:07:26.060181+09:00
Algae Badge,,,failed,False,2026-08-21T00:25:21.406032+09:00
Algae Balance,,,failed,False,2026-08-23T13:47:31.255092+09:00
Algae Base,70.0,0.0,success,False,2026-08-19T21:04:29.917389+09:00
Algae Bay,,,failed,False,2026-08-19T21:13:11.253613+09:00
Algae Beacon,,,failed,False,2026-08-19T21:32:39.944567+09:00
Algae Bill,,,failed,False,2026-08-19T22:05:04.840486+09:00
Algae Bin,,,failed,False,2026-08-19T21:15:13.442141+09:00
Algae Board,,,failed,False,2026-08-19T21:05:07.680797+09:00
Algae Book,260.0,36.0,success,False,2026-08-19T22:05:54.572880+09:00
Algae Brief,,,failed,False,2026-08-21T00:59:50.492128+09:00
Algae Bulletin,,,failed,False,2026-08-21T00:59:46.357323+09:00
Algae Calculator,,,failed,False,2026-08-27T23:36:25.651250+09:00
Algae Calendar,,,failed,False,2026-08-19T21:11:17.911454+09:00
Algae Card,,,failed,False,2026-08-19T21:17:11.439811+09:00
Algae Cascade,,,failed,False,2026-08-19T21:32:44.531306+09:00
Algae Cash,,,failed,False,2026-08-21T02:24:36.091430+09:00
Algae Cashback,,,failed,False,2026-08-27T21:17:56.289470+09:00
Algae Category,20.0,0.0,success,False,2026-08-23T13:07:23.083484+09:00
Algae Center,70.0,1.0,success,False,2026-08-19T21:06:20.590100+09:00
Algae Chain,,,failed,False,2026-08-19T21:07:53.338438+09:00
Algae Charge,,,failed,False,2026-08-21T02:40:04.485559+09:00
Algae Chart,110.0,0.0,success,False,2026-08-19T21:15:02.782218+09:00
Algae Check,,,failed,False,2026-08-19T21:17:31.409694+09:00
Algae Checker,,,failed,False,2026-08-27T23:58:28.934840+09:00
Algae Circular,10.0,0.0,success,False,2026-08-21T01:02:50.394287+09:00
Algae Code,10.0,0.0,success,False,2026-08-19T22:05:25.560581+09:00
Algae Companion,,,failed,False,2026-08-19T21:10:13.375829+09:00
Algae Confirmation,,,failed,False,2026-08-21T01:00:04.597458+09:00
Algae Console,,,failed,False,2026-08-19T21:06:49.674751+09:00
Algae Core,,,failed,False,2026-08-19T21:04:42.466598+09:00
Algae Cost,170.0,31.0,success,False,2026-08-21T02:08:56.102085+09:00
Algae Count,20.0,0.0,success,False,2026-08-27T22:50:07.511114+09:00
Algae Counter,20.0,0.0,success,False,2026-08-19T21:12:15.731161+09:00
Algae Coupon,,,failed,False,2026-08-27T21:17:53.742550+09:00
Algae Deal,,,failed,False,2026-08-21T01:52:45.246437+09:00
Algae Debt,,,failed,False,2026-08-21T02:24:30.364633+09:00
Algae Deck,140.0,90.0,success,False,2026-08-19T21:05:18.754911+09:00
Algae Desk,,,failed,False,2026-08-19T21:32:28.691012+09:00
Algae Detail,,,failed,False,2026-08-23T03:19:37.789366+09:00
Algae Detector,,,failed,False,2026-08-27T23:58:38.877794+09:00
Algae Digest,,,failed,False,2026-08-19T21:19:39.587475+09:00
Algae Directory,,,failed,False,2026-08-19T21:11:27.369189+09:00
Algae Discount,,,failed,False,2026-08-23T16:15:27.627511+09:00
Algae Dossier,,,failed,False,2026-08-21T01:00:09.157430+09:00
Algae Downpayment,,,failed,False,2026-08-27T21:49:08.437850+09:00
Algae Draft,,,failed,False,2026-08-19T21:20:05.379169+09:00
Algae Duty,,,failed,False,2026-08-21T02:40:11.455485+09:00
Algae Engine,10.0,0.0,success,False,2026-08-19T21:09:08.250321+09:00
Algae Entry,,,failed,False,2026-08-21T01:00:22.728561+09:00
Algae Estimate,,,failed,False,2026-08-19T21:32:01.105099+09:00
Algae Estimator,,,failed,False,2026-08-27T23:58:28.934840+09:00
Algae Excerpt,,,failed,False,2026-08-21T01:02:12.129826+09:00
Algae Fare,,,failed,False,2026-08-21T02:09:05.168889+09:00
Algae Fee,,,failed,False,2026-08-21T01:52:27.177299+09:00
Algae Feed,90.0,24.0,success,False,2026-08-19T21:19:50.890463+09:00
Algae File,,,failed,False,2026-08-19T21:18:51.088595+09:00
Algae Finder,,,failed,False,2026-08-19T21:11:50.782037+09:00
Algae Fine,,,failed,False,2026-08-23T02:54:59.727215+09:00
Algae Flag,10.0,0.0,success,False,2026-08-21T00:26:07.923229+09:00
Algae Flow,,,failed,False,2026-08-19T21:32:17.835679+09:00
Algae Form,140.0,0.0,success,False,2026-08-19T21:16:57.743794+09:00
Algae Format,,,failed,False,2026-08-23T13:07:29.372228+09:00
Algae Frame,,,failed,False,2026-08-19T21:04:15.563221+09:00
Algae Fund,,,failed,False,2026-08-21T02:24:33.883948+09:00
Algae Gate,40.0,3.0,success,False,2026-08-19T21:08:11.674763+09:00
Algae Giveaway,,,failed,False,2026-08-27T21:18:01.606713+09:00
Algae Grade,,,failed,False,2026-08-21T00:25:50.747055+09:00
Algae Graph,,,failed,False,2026-08-27T22:13:24.343596+09:00
Algae Grid,,,failed,False,2026-08-19T21:32:58.231654+09:00
Algae Guarantee,,,failed,False,2026-08-28T01:08:42.554310+09:00
Algae Guardian,,,failed,False,2026-08-28T00:27:09.738576+09:00
Algae Helpdesk,,,failed,False,2026-08-27T22:50:09.773795+09:00
Algae Helper,,,failed,False,2026-08-28T00:27:12.240224+09:00
Algae History,70.0,0.0,success,False,2026-08-19T21:18:38.634661+09:00
Algae Hub,,,failed,False,2026-08-19T21:32:26.609245+09:00
Algae Identifier,20.0,1.0,success,False,2026-08-23T13:07:23.083484+09:00
Algae Inbox,,,failed,False,2026-08-19T21:14:39.007898+09:00
Algae Incentive,,,failed,False,2026-08-27T21:17:59.409089+09:00
Algae Index,,,failed,False,2026-08-19T21:31:47.611554+09:00
Algae Installment,,,failed,False,2026-08-23T16:15:27.627511+09:00
Algae Item,,,failed,False,2026-08-21T01:52:30.422416+09:00
Algae Journal,210.0,1.0,success,False,2026-08-19T21:10:58.611553+09:00
Algae Keeper,,,failed,False,2026-08-19T21:08:43.971729+09:00
Algae Kiosk,,,failed,False,2026-08-19T21:12:45.437785+09:00
Algae Kit,20.0,17.0,success,False,2026-08-27T22:50:03.051342+09:00
Algae Lab,210.0,5.0,success,False,2026-08-19T21:05:44.553245+09:00
Algae Ledger,,,failed,False,2026-08-19T21:04:56.454622+09:00
Algae Level,,,failed,False,2026-08-19T21:19:06.268561+09:00
Algae Line,,,failed,False,2026-08-19T21:15:58.285929+09:00
Algae Link,10.0,0.0,success,False,2026-08-23T03:19:30.157366+09:00
Algae List,70.0,0.0,success,False,2026-08-19T22:05:38.259870+09:00
Algae Loan,,,failed,False,2026-08-21T02:09:12.482274+09:00
Algae Locator,,,failed,False,2026-08-19T21:11:39.725993+09:00
Algae Locker,,,failed,False,2026-08-19T21:12:26.316955+09:00
Algae Log,,,failed,False,2026-08-19T21:16:45.147013+09:00
Algae Manager,,,failed,False,2026-08-19T21:08:56.210906+09:00
Algae Manual,,,failed,False,2026-08-27T22:13:27.898794+09:00
Algae Map,70.0,1.0,success,False,2026-08-19T21:04:04.689181+09:00
Algae Margin,,,failed,False,2026-08-23T02:54:57.045583+09:00
Algae Markup,,,failed,False,2026-08-23T16:39:33.315090+09:00
Algae Memo,,,failed,False,2026-08-21T00:25:57.789837+09:00
Algae Monitor,,,failed,False,2026-08-19T21:10:02.424096+09:00
Algae Nexus,10.0,0.0,success,False,2026-08-19T21:08:23.714003+09:00
Algae Note,210.0,0.0,success,False,2026-08-19T21:17:49.852730+09:00
Algae Notification,,,failed,False,2026-08-27T22:50:03.051342+09:00
Algae Number,,,failed,False,2026-08-23T03:19:24.648506+09:00
Algae Order,260.0,0.0,success,False,2026-08-19T22:04:49.676934+09:00
Algae Overage,,,failed,False,2026-08-27T21:49:06.270483+09:00
Algae Overdue,,,failed,False,2026-08-27T21:49:01.717649+09:00
Algae Panel,320.0,0.0,success,False,2026-08-19T21:07:00.753456+09:00
Algae Pass,,,failed,False,2026-08-21T00:25:07.096192+09:00
Algae Passport,,,failed,False,2026-08-19T21:15:25.328836+09:00
Algae Path,,,failed,False,2026-08-19T21:03:36.529171+09:00
Algae Payoff,,,failed,False,2026-08-27T21:49:04.119579+09:00
Algae Penalty,,,failed,False,2026-08-23T16:39:33.315090+09:00
Algae Petition,,,failed,False,2026-08-21T01:00:01.570868+09:00
Algae Plan,,,failed,False,2026-08-21T01:52:41.314698+09:00
Algae Planner,,,failed,False,2026-08-19T21:09:34.510109+09:00
Algae Playbook,,,failed,False,2026-08-19T21:10:44.368255+09:00
Algae Point,,,failed,False,2026-08-19T21:03:51.507952+09:00
Algae Portal,,,failed,False,2026-08-19T21:06:41.039569+09:00
Algae Profile,,,failed,False,2026-08-19T21:18:07.179482+09:00
Algae Profit,,,failed,False,2026-08-23T02:54:50.074152+09:00
Algae Quota,,,failed,False,2026-08-21T00:26:02.753353+09:00
Algae Radar,,,failed,False,2026-08-19T21:32:30.611292+09:00
Algae Rail,,,failed,False,2026-08-19T21:07:33.171957+09:00
Algae Rate,10.0,0.0,success,False,2026-08-19T21:19:17.312411+09:00
Algae Recap,,,failed,False,2026-08-21T01:00:13.557875+09:00
Algae Receipt,,,failed,False,2026-08-19T22:05:17.062474+09:00
Algae Recorder,,,failed,False,2026-08-27T23:36:29.882311+09:00
Algae Register,,,failed,False,2026-08-19T21:10:23.160245+09:00
Algae Registry,,,failed,False,2026-08-19T21:11:09.453565+09:00
Algae Relay,,,failed,False,2026-08-19T21:32:34.534523+09:00
Algae Reminder,,,failed,False,2026-08-19T21:31:35.907614+09:00
Algae Report,20.0,0.0,success,False,2026-08-19T21:16:32.174515+09:00
Algae Result,,,failed,False,2026-08-28T00:48:49.804197+09:00
Algae Ring,10.0,12.0,success,False,2026-08-19T21:08:03.467133+09:00
Algae Roll,,,failed,False,2026-08-19T21:16:19.911294+09:00
Algae Roster,,,failed,False,2026-08-19T21:14:27.953850+09:00
Algae Rule,,,failed,False,2026-08-23T03:19:32.678416+09:00
Algae Sale,170.0,58.0,success,False,2026-08-21T02:24:43.440499+09:00
Algae Sample,90.0,1.0,success,False,2026-08-19T22:06:15.067471+09:00
Algae Scale,,,failed,False,2026-08-19T21:07:13.159437+09:00
Algae Scanner,,,failed,False,2026-08-27T23:58:34.382467+09:00
Algae Scheduler,,,failed,False,2026-08-19T21:09:46.410901+09:00
Algae Score,10.0,0.0,success,False,2026-08-19T21:17:38.869284+09:00
Algae Sheet,260.0,22.0,success,False,2026-08-19T21:17:21.944279+09:00
Algae Shortfall,,,failed,False,2026-08-27T21:49:11.230615+09:00
Algae Signal,,,failed,False,2026-08-19T21:32:49.180215+09:00
Algae Slip,,,failed,False,2026-08-19T22:06:04.414832+09:00
Algae Slot,,,failed,False,2026-08-19T22:06:26.107612+09:00
Algae Stake,,,failed,False,2026-08-23T02:54:55.052160+09:00
Algae Statement,,,failed,False,2026-08-21T00:25:35.006393+09:00
Algae Station,,,failed,False,2026-08-19T21:06:00.178861+09:00
Algae Status,,,failed,False,2026-08-19T21:18:17.728493+09:00
Algae Stub,,,failed,False,2026-08-21T00:25:29.281502+09:00
Algae Studio,,,failed,False,2026-08-19T21:05:32.048024+09:00
Algae Sum,,,failed,False,2026-08-21T02:24:23.153426+09:00
Algae Summary,20.0,0.0,success,False,2026-08-19T21:31:21.634231+09:00
Algae Table,90.0,0.0,success,False,2026-08-19T22:05:46.180547+09:00
Algae Tag,,,failed,False,2026-08-19T21:17:57.500423+09:00
Algae Tally,,,failed,False,2026-08-21T00:25:43.310750+09:00
Algae Tariff,,,failed,False,2026-08-21T02:40:21.955150+09:00
Algae Tax,,,failed,False,2026-08-21T02:09:08.901398+09:00
Algae Terminal,,,failed,False,2026-08-19T21:06:08.303688+09:00
Algae Ticker,,,failed,False,2026-08-19T21:15:48.074960+09:00
Algae Ticket,,,failed,False,2026-08-19T21:31:54.531543+09:00
Algae Tier,,,failed,False,2026-08-28T00:48:49.804197+09:00
Algae Timeline,,,failed,False,2026-08-19T21:31:27.001536+09:00
Algae Timer,,,failed,False,2026-08-28T00:27:09.738576+09:00
Algae Toll,,,failed,False,2026-08-21T02:40:14.671503+09:00
Algae Toolbox,,,failed,False,2026-08-28T00:27:12.240224+09:00
Algae Total,,,failed,False,2026-08-27T23:15:41.145408+09:00
Algae Tracker,30.0,2.0,success,False,2026-08-19T21:32:10.645735+09:00
Algae Trail,,,failed,False,2026-08-19T21:07:42.156894+09:00
Algae Trend,,,failed,False,2026-08-28T01:08:35.196750+09:00
Algae Trial,,,failed,False,2026-08-27T21:17:56.289470+09:00
Algae Unit,,,failed,False,2026-08-21T01:52:36.759473+09:00
Algae Update,20.0,0.0,success,False,2026-08-19T21:19:27.756536+09:00
Algae Value,10.0,0.0,success,False,2026-08-23T02:54:52.135987+09:00
Algae Vault,,,failed,False,2026-08-19T21:32:36.347329+09:00
Algae Version,,,failed,False,2026-08-23T03:19:26.945614+09:00
Algae View,,,failed,False,2026-08-19T21:18:28.771702+09:00
Algae Voucher,,,failed,False,2026-08-21T00:25:15.691482+09:00
Algae Watch,40.0,0.0,success,False,2026-08-19T21:32:52.200900+09:00
Algae Wave,30.0,0.0,success,False,2026-08-19T21:03:21.176777+09:00
Algae Widget,,,failed,False,2026-08-27T23:15:43.697016+09:00
Algae Window,70.0,0.0,success,False,2026-08-19T21:16:08.184183+09:00
Algae Worksheet,50.0,0.0,success,False,2026-08-27T22:13:31.267961+09:00
Algae Zone,,,failed,False,2026-08-19T21:06:31.890613+09:00
Allergen Advisory,,,failed,False,2026-08-21T01:02:50.394287+09:00
Allergen Alert,1300.0,5.0,success,False,2026-08-19T12:23:48.028309+09:00
Allergen Allowance,,,failed,False,2026-08-21T02:42:30.088898+09:00
Allergen Almanac,,,failed,False,2026-08-18T22:08:17.707470+09:00
Allergen Analyzer,,,failed,False,2026-08-27T23:56:43.300961+09:00
Allergen Anchor,,,failed,False,2026-08-17T20:44:36.649130+09:00
Allergen Announcement,,,failed,False,2026-08-27T23:34:54.940798+09:00
Allergen Assistant,,,failed,False,2026-08-17T23:31:54.862824+09:00
Allergen Atlas,,,failed,False,2026-08-17T20:35:25.429619+09:00
Allergen Attribute,,,failed,False,2026-08-23T13:09:30.268446+09:00
Allergen Badge,,,failed,False,2026-08-21T00:36:28.428699+09:00
Allergen Base,,,failed,False,2026-08-17T20:31:55.017364+09:00
Allergen Beacon,,,failed,False,2026-08-17T21:30:13.279777+09:00
Allergen Bill,,,failed,False,2026-08-19T21:59:07.775168+09:00
Allergen Blueprint,,,failed,False,2026-08-18T22:08:09.141836+09:00
Allergen Board,30.0,45.0,success,False,2026-08-17T21:40:37.066671+09:00
Allergen Book,50.0,97.0,success,False,2026-08-19T21:59:58.757000+09:00
Allergen Bridge,,,failed,False,2026-08-17T20:45:40.214755+09:00
Allergen Brief,,,failed,False,2026-08-21T00:59:46.357323+09:00
Allergen Bulletin,,,failed,False,2026-08-21T00:59:40.549783+09:00
Allergen Cabinet,,,failed,False,2026-08-27T23:13:34.759239+09:00
Allergen Calculator,40.0,7.0,success,False,2026-08-27T23:34:57.472203+09:00
Allergen Calendar,20.0,11.0,success,False,2026-08-19T00:02:27.896414+09:00
Allergen Card,210.0,87.0,success,False,2026-08-19T13:34:15.397109+09:00
Allergen Cascade,,,failed,False,2026-08-17T20:46:31.116711+09:00
Allergen Cash,,,failed,False,2026-08-21T02:26:18.130699+09:00
Allergen Catalog,,,failed,False,2026-08-19T21:13:23.011051+09:00
Allergen Category,,,failed,False,2026-08-23T13:09:27.676904+09:00
Allergen Center,,,failed,False,2026-08-17T21:33:05.832312+09:00
Allergen Chain,,,failed,False,2026-08-17T20:40:06.808560+09:00
Allergen Charge,,,failed,False,2026-08-21T02:42:20.398693+09:00
Allergen Check,170.0,16.0,success,False,2026-08-19T13:35:09.228952+09:00
Allergen Checker,170.0,16.0,success,False,2026-08-27T23:56:38.183826+09:00
Allergen Checklist,140.0,93.0,success,False,2026-08-19T21:12:28.088394+09:00
Allergen Circular,,,failed,False,2026-08-21T01:01:57.606553+09:00
Allergen Cockpit,,,failed,False,2026-08-17T23:12:38.430162+09:00
Allergen Code,90.0,26.0,success,False,2026-08-19T21:59:30.293970+09:00
Allergen Codex,20.0,1.0,success,False,2026-08-18T22:08:32.701996+09:00
Allergen Companion,,,failed,False,2026-08-17T23:33:11.202195+09:00
Allergen Comparison,,,failed,False,2026-08-28T01:07:32.974301+09:00
Allergen Compass,,,failed,False,2026-08-17T21:31:19.415531+09:00
Allergen Compendium,,,failed,False,2026-08-18T22:08:25.868252+09:00
Allergen Confirmation,,,failed,False,2026-08-21T01:00:01.570868+09:00
Allergen Console,,,failed,False,2026-08-17T20:48:29.594833+09:00
Allergen Core,,,failed,False,2026-08-18T07:52:13.300527+09:00
Allergen Cost,,,failed,False,2026-08-21T02:09:52.288046+09:00
Allergen Count,1900.0,3.0,success,False,2026-08-27T22:48:06.633980+09:00
Allergen Counter,,,failed,False,2026-08-19T00:03:12.143780+09:00
Allergen Dashboard,,,failed,False,2026-08-17T23:32:58.780092+09:00
Allergen Deal,,,failed,False,2026-08-21T01:53:14.865292+09:00
Allergen Debt,,,failed,False,2026-08-21T02:26:10.275506+09:00
Allergen Deck,,,failed,False,2026-08-17T21:38:26.629916+09:00
Allergen Depot,,,failed,False,2026-08-19T00:02:58.410814+09:00
Allergen Desk,,,failed,False,2026-08-17T21:35:41.309233+09:00
Allergen Detail,,,failed,False,2026-08-23T03:22:48.132111+09:00
Allergen Detector,140.0,15.0,success,False,2026-08-27T23:56:38.183826+09:00
Allergen Dial,,,failed,False,2026-08-17T20:46:01.536512+09:00
Allergen Digest,,,failed,False,2026-08-19T20:38:57.092601+09:00
Allergen Directory,10.0,,success,False,2026-08-19T00:02:36.291033+09:00
Allergen Dock,10.0,11.0,success,False,2026-08-17T20:42:22.378966+09:00
Allergen Dossier,,,failed,False,2026-08-21T01:00:07.021185+09:00
Allergen Draft,,,failed,False,2026-08-19T20:39:14.214038+09:00
Allergen Due,,,failed,False,2026-08-23T15:50:35.558538+09:00
Allergen Duty,,,failed,False,2026-08-21T02:42:25.352468+09:00
Allergen Endowment,,,failed,False,2026-08-23T15:50:42.648286+09:00
Allergen Engine,,,failed,False,2026-08-17T23:09:27.800960+09:00
Allergen Entry,,,failed,False,2026-08-21T01:00:20.571072+09:00
Allergen Estimate,,,failed,False,2026-08-19T21:13:13.092758+09:00
Allergen Excerpt,,,failed,False,2026-08-21T01:02:12.129826+09:00
Allergen Fare,,,failed,False,2026-08-21T02:10:00.502849+09:00
Allergen Fee,,,failed,False,2026-08-21T01:52:53.581920+09:00
Allergen Feed,,,failed,False,2026-08-19T20:39:07.135209+09:00
Allergen Field,,,failed,False,2026-08-23T13:09:32.906091+09:00
Allergen File,,,failed,False,2026-08-19T20:38:18.738836+09:00
Allergen Finder,20.0,13.0,success,False,2026-08-19T00:02:51.849711+09:00
Allergen Fine,,,failed,False,2026-08-23T02:57:10.108047+09:00
Allergen Flag,,,failed,False,2026-08-21T00:24:46.055669+09:00
Allergen Flow,,,failed,False,2026-08-17T21:39:15.761980+09:00
Allergen Forge,,,failed,False,2026-08-17T20:47:53.457764+09:00
Allergen Form,70.0,79.0,success,False,2026-08-19T13:34:03.969558+09:00
Allergen Format,,,failed,False,2026-08-23T13:09:35.316031+09:00
Allergen Frame,,,failed,False,2026-08-17T20:33:05.160713+09:00
Allergen Fund,,,failed,False,2026-08-21T02:26:14.215239+09:00
Allergen Gate,,,failed,False,2026-08-17T20:37:21.758511+09:00
Allergen Generator,,,failed,False,2026-08-27T23:34:57.472203+09:00
Allergen Grade,,,failed,False,2026-08-21T00:36:44.968976+09:00
Allergen Graph,,,failed,False,2026-08-27T22:09:25.119437+09:00
Allergen Grid,,,failed,False,2026-08-17T20:40:31.600880+09:00
Allergen Guarantee,,,failed,False,2026-08-28T01:07:38.587205+09:00
Allergen Guard,,,failed,False,2026-08-18T07:52:58.974940+09:00
Allergen Guardian,,,failed,False,2026-08-28T00:26:01.082990+09:00
Allergen Guidebook,,,failed,False,2026-08-18T22:07:53.653114+09:00
Allergen Helpdesk,,,failed,False,2026-08-27T22:48:06.633980+09:00
Allergen Helper,,,failed,False,2026-08-28T00:26:03.782064+09:00
Allergen History,,,failed,False,2026-08-19T20:38:07.942341+09:00
Allergen Hotline,,,failed,False,2026-08-19T21:13:36.060170+09:00
Allergen Hub,,,failed,False,2026-08-17T21:37:49.733247+09:00
Allergen Identifier,,,failed,False,2026-08-23T13:09:25.406302+09:00
Allergen Index,4400.0,4.0,success,False,2026-08-19T21:12:37.502456+09:00
Allergen Insight,,,failed,False,2026-08-17T23:05:34.845009+09:00
Allergen Item,90.0,8.0,success,False,2026-08-21T01:52:58.378871+09:00
Allergen Journal,,,failed,False,2026-08-18T22:07:38.070107+09:00
Allergen Keeper,,,failed,False,2026-08-17T20:33:40.236931+09:00
Allergen Kit,260.0,84.0,success,False,2026-08-27T22:48:03.762773+09:00
Allergen Lab,880.0,8.0,success,False,2026-08-17T21:36:17.240271+09:00
Allergen Label,260.0,97.0,success,False,2026-08-27T22:09:28.492809+09:00
Allergen Ledger,,,failed,False,2026-08-17T21:41:49.444267+09:00
Allergen Lens,,,failed,False,2026-08-17T20:34:07.278551+09:00
Allergen Level,880.0,3.0,success,False,2026-08-19T20:38:26.547735+09:00
Allergen Link,,,failed,False,2026-08-23T03:22:39.014022+09:00
Allergen List,1600.0,79.0,success,False,2026-08-19T21:59:39.418384+09:00
Allergen Loan,,,failed,False,2026-08-21T02:10:09.458176+09:00
Allergen Locator,,,failed,False,2026-08-19T00:02:41.985677+09:00
Allergen Lock,10.0,0.0,success,False,2026-08-17T20:35:55.625501+09:00
Allergen Log,,,failed,False,2026-08-19T13:33:57.418081+09:00
Allergen Loop,,,failed,False,2026-08-17T20:41:15.125085+09:00
Allergen Manager,,,failed,False,2026-08-17T20:32:30.733040+09:00
Allergen Manual,,,failed,False,2026-08-27T22:09:28.492809+09:00
Allergen Map,210.0,2.0,success,False,2026-08-17T20:34:58.202084+09:00
Allergen Margin,,,failed,False,2026-08-23T02:57:06.282457+09:00
Allergen Marker,,,failed,False,2026-08-23T13:28:19.840300+09:00
Allergen Markup,,,failed,False,2026-08-23T16:37:54.537855+09:00
Allergen Memo,,,failed,False,2026-08-21T00:36:50.529911+09:00
Allergen Message,,,failed,False,2026-08-27T23:13:28.057978+09:00
Allergen Meter,20.0,7.0,success,False,2026-08-17T20:45:14.001779+09:00
Allergen Metrics,,,failed,False,2026-08-17T23:32:47.059992+09:00
Allergen Monitor,20.0,60.0,success,False,2026-08-17T23:32:31.687734+09:00
Allergen Navigator,,,failed,False,2026-08-17T23:07:26.971457+09:00
Allergen Nexus,,,failed,False,2026-08-17T20:36:21.712002+09:00
Allergen Node,,,failed,False,2026-08-17T20:38:16.946588+09:00
Allergen Note,30.0,13.0,success,False,2026-08-19T13:35:23.963790+09:00
Allergen Notification,,,failed,False,2026-08-27T22:47:59.631121+09:00
Allergen Number,10.0,7.0,success,False,2026-08-23T03:22:30.618913+09:00
Allergen Office,,,failed,False,2026-08-19T00:03:06.405993+09:00
Allergen Ops,,,failed,False,2026-08-17T23:33:22.514665+09:00
Allergen Order,,,failed,False,2026-08-19T21:58:59.534733+09:00
Allergen Organizer,,,failed,False,2026-08-17T23:11:05.439479+09:00
Allergen Overdraft,,,failed,False,2026-08-23T15:50:38.471158+09:00
Allergen Panel,140.0,12.0,success,False,2026-08-17T20:47:13.736905+09:00
Allergen Pass,,,failed,False,2026-08-21T00:36:21.244854+09:00
Allergen Path,,,failed,False,2026-08-17T20:37:55.339961+09:00
Allergen Penalty,,,failed,False,2026-08-23T16:37:52.353259+09:00
Allergen Petition,,,failed,False,2026-08-21T00:59:56.543467+09:00
Allergen Pilot,,,failed,False,2026-08-17T21:36:40.900045+09:00
Allergen Plan,10.0,2.0,success,False,2026-08-21T01:53:10.453555+09:00
Allergen Planner,,,failed,False,2026-08-17T23:03:51.188489+09:00
Allergen Playbook,,,failed,False,2026-08-18T22:07:28.261653+09:00
Allergen Point,,,failed,False,2026-08-17T20:36:55.192509+09:00
Allergen Portal,,,failed,False,2026-08-17T21:30:45.538595+09:00
Allergen Preview,,,failed,False,2026-08-28T01:07:35.564975+09:00
Allergen Profile,50.0,3.0,success,False,2026-08-19T13:35:50.277889+09:00
Allergen Profit,,,failed,False,2026-08-23T02:56:59.964563+09:00
Allergen Proposal,,,failed,False,2026-08-28T01:07:35.564975+09:00
Allergen Pulse,,,failed,False,2026-08-17T20:39:37.454360+09:00
Allergen Queue,,,failed,False,2026-08-19T21:12:59.685218+09:00
Allergen Quota,,,failed,False,2026-08-21T00:36:53.427787+09:00
Allergen Radar,,,failed,False,2026-08-17T21:34:37.066296+09:00
Allergen Rail,,,failed,False,2026-08-17T20:41:42.376478+09:00
Allergen Rate,,,failed,False,2026-08-19T20:38:36.542684+09:00
Allergen Recap,,,failed,False,2026-08-21T01:00:11.561504+09:00
Allergen Receipt,,,failed,False,2026-08-19T21:59:15.845213+09:00
Allergen Recorder,,,failed,False,2026-08-27T23:34:59.997959+09:00
Allergen Redemption,,,failed,False,2026-08-23T16:37:56.709879+09:00
Allergen Register,,,failed,False,2026-08-17T23:14:19.543456+09:00
Allergen Registry,,,failed,False,2026-08-18T22:08:02.449968+09:00
Allergen Relay,,,failed,False,2026-08-17T21:33:32.175377+09:00
Allergen Reminder,,,failed,False,2026-08-19T21:12:17.710681+09:00
Allergen Report,480.0,1.0,success,False,2026-08-19T13:33:49.819535+09:00
Allergen Repository,,,failed,False,2026-08-27T23:13:41.688189+09:00
Allergen Result,,,failed,False,2026-08-28T00:48:08.257780+09:00
Allergen Roadmap,,,failed,False,2026-08-18T22:08:40.228889+09:00
Allergen Roster,,,failed,False,2026-08-19T00:37:55.750406+09:00
Allergen Route,,,failed,False,2026-08-17T20:43:22.316757+09:00
Allergen Rule,,,failed,False,2026-08-23T03:22:42.501986+09:00
Allergen Sale,,,failed,False,2026-08-21T02:26:21.259847+09:00
Allergen Sample,,,failed,False,2026-08-19T22:00:23.357458+09:00
Allergen Scale,20.0,2.0,success,False,2026-08-17T20:44:14.789024+09:00
Allergen Scanner,40.0,15.0,success,False,2026-08-27T23:56:38.183826+09:00
Allergen Scheduler,,,failed,False,2026-08-17T23:32:18.106895+09:00
Allergen Scope,,,failed,False,2026-08-17T20:42:02.791525+09:00
Allergen Score,,,failed,False,2026-08-19T13:35:15.943675+09:00
Allergen Sentry,,,failed,False,2026-08-17T20:34:31.529799+09:00
Allergen Sheet,880.0,100.0,success,False,2026-08-19T13:34:22.181534+09:00
Allergen Signal,,,failed,False,2026-08-17T20:43:51.758171+09:00
Allergen Slip,,,failed,False,2026-08-19T22:00:12.371601+09:00
Allergen Slot,,,failed,False,2026-08-19T22:00:33.480377+09:00
Allergen Snapshot,,,failed,False,2026-08-18T22:07:47.344279+09:00
Allergen Stake,,,failed,False,2026-08-23T02:57:04.274468+09:00
Allergen Statement,390.0,20.0,success,False,2026-08-21T00:36:37.815514+09:00
Allergen Station,,,failed,False,2026-08-17T21:35:11.471835+09:00
Allergen Status,10.0,0.0,success,False,2026-08-19T20:37:54.785730+09:00
Allergen Stub,,,failed,False,2026-08-21T00:36:33.618056+09:00
Allergen Studio,,,failed,False,2026-08-17T21:37:17.917122+09:00
Allergen Subsidy,,,failed,False,2026-08-23T15:50:40.596656+09:00
Allergen Suite,,,failed,False,2026-08-17T23:31:42.326204+09:00
Allergen Sum,,,failed,False,2026-08-21T02:26:06.975454+09:00
Allergen Summary,,,failed,False,2026-08-19T21:11:53.117390+09:00
Allergen Surtax,,,failed,False,2026-08-23T15:50:44.796371+09:00
Allergen Sync,,,failed,False,2026-08-17T21:41:19.053416+09:00
Allergen Tab,1000.0,8.0,success,False,2026-08-21T00:24:51.764822+09:00
Allergen Table,110.0,73.0,success,False,2026-08-19T21:59:50.117537+09:00
Allergen Tag,,,failed,False,2026-08-19T13:35:34.985408+09:00
Allergen Tally,,,failed,False,2026-08-21T00:36:40.261906+09:00
Allergen Tariff,,,failed,False,2026-08-21T02:42:34.441538+09:00
Allergen Tax,,,failed,False,2026-08-21T02:10:04.981055+09:00
Allergen Ticket,,,failed,False,2026-08-19T21:12:48.974552+09:00
Allergen Timeline,,,failed,False,2026-08-19T21:12:05.902513+09:00
Allergen Toll,,,failed,False,2026-08-21T02:42:27.655082+09:00
Allergen Toolbox,,,failed,False,2026-08-28T00:26:01.082990+09:00
Allergen Toolkit,10.0,52.0,success,False,2026-08-18T22:07:21.490302+09:00
Allergen Total,,,failed,False,2026-08-27T23:13:31.938909+09:00
Allergen Tracker,140.0,42.0,success,False,2026-08-18T07:53:06.257546+09:00
Allergen Trail,,,failed,False,2026-08-17T20:40:52.069695+09:00
Allergen Trend,,,failed,False,2026-08-28T01:07:30.106939+09:00
Allergen Trial,,,failed,False,2026-08-27T21:15:16.328313+09:00
Allergen Unit,,,failed,False,2026-08-21T01:53:02.269948+09:00
Allergen Update,20.0,0.0,success,False,2026-08-19T20:38:46.605593+09:00
Allergen Value,,,failed,False,2026-08-23T02:57:01.992920+09:00
Allergen Vault,,,failed,False,2026-08-17T21:32:31.405261+09:00
Allergen Version,,,failed,False,2026-08-23T03:22:34.004366+09:00
Allergen View,,,failed,False,2026-08-19T20:38:01.262466+09:00
Allergen Voucher,,,failed,False,2026-08-21T00:36:23.638187+09:00
Allergen Watch,,,failed,False,2026-08-17T20:42:51.727520+09:00
Allergen Wave,,,failed,False,2026-08-17T20:38:41.975413+09:00
Allergen Widget,,,failed,False,2026-08-27T23:13:31.938909+09:00
Allergen Workbench,,,failed,False,2026-08-18T22:07:12.146632+09:00
Allergen Worksheet,,,failed,False,2026-08-27T22:09:32.047106+09:00
Allergen Workshop,,,failed,False,2026-08-28T00:25:56.872854+09:00
Allergen Zone,20.0,1.0,success,False,2026-08-17T21:31:54.606698+09:00
Alteration Advisory,,,failed,False,2026-08-21T01:06:58.606298+09:00
Alteration Allowance,,,failed,False,2026-08-21T02:38:45.456500+09:00
Alteration Almanac,,,failed,False,2026-08-18T23:50:15.098836+09:00
Alteration Analyzer,,,failed,False,2026-08-27T23:54:12.617602+09:00
Alteration Anchor,,,failed,False,2026-08-17T23:06:22.536636+09:00
Alteration Assistant,,,failed,False,2026-08-17T23:07:02.817989+09:00
Alteration Atlas,,,failed,False,2026-08-17T23:10:45.795183+09:00
Alteration Attribute,,,failed,False,2026-08-23T13:07:26.060181+09:00
Alteration Badge,,,failed,False,2026-08-21T00:32:03.646563+09:00
Alteration Balance,,,failed,False,2026-08-23T13:47:58.149011+09:00
Alteration Base,,,failed,False,2026-08-17T23:05:59.212452+09:00
Alteration Beacon,,,failed,False,2026-08-17T23:04:27.580981+09:00
Alteration Bill,,,failed,False,2026-08-19T21:48:19.671606+09:00
Alteration Blueprint,,,failed,False,2026-08-18T23:50:15.098836+09:00
Alteration Board,20.0,0.0,success,False,2026-08-17T23:31:10.385394+09:00
Alteration Book,590.0,13.0,success,False,2026-08-19T21:49:23.695269+09:00
Alteration Bridge,,,failed,False,2026-08-17T23:28:37.439215+09:00
Alteration Brief,,,failed,False,2026-08-21T01:06:46.678178+09:00
Alteration Bulletin,,,failed,False,2026-08-21T01:06:44.007854+09:00
Alteration Cabinet,,,failed,False,2026-08-27T23:11:25.184143+09:00
Alteration Calculator,,,failed,False,2026-08-27T23:33:37.262266+09:00
Alteration Calendar,,,failed,False,2026-08-19T00:04:14.172620+09:00
Alteration Card,,,failed,False,2026-08-19T13:24:07.507599+09:00
Alteration Cascade,,,failed,False,2026-08-17T23:11:46.496961+09:00
Alteration Cash,,,failed,False,2026-08-21T02:21:48.463008+09:00
Alteration Cashback,,,failed,False,2026-08-27T21:20:04.514316+09:00
Alteration Category,,,failed,False,2026-08-23T13:07:23.083484+09:00
Alteration Center,1600.0,2.0,success,False,2026-08-17T23:32:02.596672+09:00
Alteration Chain,10.0,0.0,success,False,2026-08-17T23:33:25.716051+09:00
Alteration Charge,880.0,3.0,success,False,2026-08-21T02:38:35.767249+09:00
Alteration Check,,,failed,False,2026-08-19T13:24:25.669672+09:00
Alteration Checker,,,failed,False,2026-08-27T23:54:07.466946+09:00
Alteration Circular,,,failed,False,2026-08-21T01:06:53.303863+09:00
Alteration Cockpit,,,failed,False,2026-08-17T23:26:06.305227+09:00
Alteration Code,,,failed,False,2026-08-19T21:48:48.534569+09:00
Alteration Codex,,,failed,False,2026-08-18T23:50:15.098836+09:00
Alteration Companion,,,failed,False,2026-08-17T23:04:50.362686+09:00
Alteration Comparison,,,failed,False,2026-08-28T01:05:11.238913+09:00
Alteration Compass,,,failed,False,2026-08-17T23:28:04.378663+09:00
Alteration Compendium,,,failed,False,2026-08-18T23:50:15.098836+09:00
Alteration Confirmation,,,failed,False,2026-08-21T01:07:07.368570+09:00
Alteration Console,,,failed,False,2026-08-17T23:11:08.683373+09:00
Alteration Core,10.0,0.0,success,False,2026-08-17T23:30:45.182553+09:00
Alteration Cost,260.0,1.0,success,False,2026-08-21T02:15:06.129671+09:00
Alteration Count,,,failed,False,2026-08-27T22:45:43.680386+09:00
Alteration Counter,,,failed,False,2026-08-19T00:04:54.234777+09:00
Alteration Coupon,,,failed,False,2026-08-27T21:20:01.117686+09:00
Alteration Dashboard,,,failed,False,2026-08-17T23:10:28.342550+09:00
Alteration Deal,,,failed,False,2026-08-21T01:58:57.371926+09:00
Alteration Debt,,,failed,False,2026-08-21T02:21:41.084768+09:00
Alteration Deck,,,failed,False,2026-08-17T23:07:47.336176+09:00
Alteration Depot,110.0,2.0,success,False,2026-08-19T00:04:42.603293+09:00
Alteration Desk,,,failed,False,2026-08-17T23:27:34.340862+09:00
Alteration Detail,,,failed,False,2026-08-23T03:19:08.908804+09:00
Alteration Detector,,,failed,False,2026-08-27T23:54:10.053801+09:00
Alteration Dial,,,failed,False,2026-08-17T23:05:34.845009+09:00
Alteration Digest,,,failed,False,2026-08-19T20:45:35.048925+09:00
Alteration Directory,,,failed,False,2026-08-19T00:04:23.577898+09:00
Alteration Discount,,,failed,False,2026-08-23T16:16:41.227574+09:00
Alteration Dock,,,failed,False,2026-08-17T23:07:30.676472+09:00
Alteration Dossier,,,failed,False,2026-08-21T01:07:11.720033+09:00
Alteration Draft,,,failed,False,2026-08-19T20:45:48.837053+09:00
Alteration Due,,,failed,False,2026-08-23T15:52:42.470276+09:00
Alteration Duty,,,failed,False,2026-08-21T02:38:41.018051+09:00
Alteration Engine,,,failed,False,2026-08-17T23:24:40.372556+09:00
Alteration Entry,,,failed,False,2026-08-21T01:07:26.518810+09:00
Alteration Estimate,,,failed,False,2026-08-19T21:31:38.211604+09:00
Alteration Estimator,,,failed,False,2026-08-27T23:54:04.696724+09:00
Alteration Excerpt,,,failed,False,2026-08-21T01:07:21.862187+09:00
Alteration Extension,,,failed,False,2026-08-23T16:40:16.940020+09:00
Alteration Fare,,,failed,False,2026-08-21T02:15:15.095648+09:00
Alteration Fee,70.0,1.0,success,False,2026-08-21T01:58:41.656184+09:00
Alteration Feed,,,failed,False,2026-08-19T20:45:40.802029+09:00
Alteration File,,,failed,False,2026-08-19T20:45:06.240403+09:00
Alteration Finder,30.0,3.0,success,False,2026-08-19T00:04:35.680723+09:00
Alteration Fine,,,failed,False,2026-08-23T02:54:28.936816+09:00
Alteration Flag,,,failed,False,2026-08-21T00:32:45.504063+09:00
Alteration Flow,,,failed,False,2026-08-17T23:13:43.600383+09:00
Alteration Forge,,,failed,False,2026-08-17T23:28:17.323230+09:00
Alteration Form,140.0,3.0,success,False,2026-08-19T13:23:44.398972+09:00
Alteration Format,,,failed,False,2026-08-23T13:07:32.830763+09:00
Alteration Frame,,,failed,False,2026-08-17T23:30:30.158673+09:00
Alteration Fund,,,failed,False,2026-08-21T02:21:44.938268+09:00
Alteration Gate,,,failed,False,2026-08-17T22:51:27.768654+09:00
Alteration Giveaway,,,failed,False,2026-08-27T21:12:46.088803+09:00
Alteration Grade,,,failed,False,2026-08-21T00:32:28.890378+09:00
Alteration Graph,,,failed,False,2026-08-27T22:06:42.047958+09:00
Alteration Grid,,,failed,False,2026-08-17T23:29:31.685360+09:00
Alteration Guarantee,,,failed,False,2026-08-28T01:05:17.423675+09:00
Alteration Guard,,,failed,False,2026-08-17T23:26:50.492047+09:00
Alteration Guardian,,,failed,False,2026-08-28T00:24:07.652921+09:00
Alteration Guidebook,,,failed,False,2026-08-18T23:50:15.098836+09:00
Alteration Helpdesk,,,failed,False,2026-08-27T22:45:51.425899+09:00
Alteration Helper,,,failed,False,2026-08-28T00:24:12.580711+09:00
Alteration History,,,failed,False,2026-08-19T20:44:53.798353+09:00
Alteration Hub,480.0,1.0,success,False,2026-08-17T23:27:19.198277+09:00
Alteration Identifier,,,failed,False,2026-08-23T13:07:23.083484+09:00
Alteration Incentive,,,failed,False,2026-08-26T22:29:25.643786+09:00
Alteration Index,20.0,0.0,success,False,2026-08-19T21:31:21.634231+09:00
Alteration Insight,,,failed,False,2026-08-17T23:25:51.814430+09:00
Alteration Installment,,,failed,False,2026-08-23T16:16:41.227574+09:00
Alteration Item,,,failed,False,2026-08-21T01:58:44.645317+09:00
Alteration Journal,,,failed,False,2026-08-18T22:12:19.566532+09:00
Alteration Keeper,,,failed,False,2026-08-17T23:05:11.266926+09:00
Alteration Kit,30.0,78.0,success,False,2026-08-27T22:45:40.412271+09:00
Alteration Lab,,,failed,False,2026-08-17T23:14:41.375835+09:00
Alteration Label,,,failed,False,2026-08-27T22:06:42.047958+09:00
Alteration Ledger,,,failed,False,2026-08-17T23:13:04.753315+09:00
Alteration Lens,,,failed,False,2026-08-17T23:11:27.104300+09:00
Alteration Level,10.0,0.0,success,False,2026-08-19T20:45:12.440392+09:00
Alteration Link,,,failed,False,2026-08-23T03:19:01.069685+09:00
Alteration List,20.0,2.0,success,False,2026-08-19T21:49:01.029648+09:00
Alteration Loan,,,failed,False,2026-08-21T02:15:23.867854+09:00
Alteration Locator,,,failed,False,2026-08-19T00:04:30.591993+09:00
Alteration Lock,,,failed,False,2026-08-17T23:04:12.037031+09:00
Alteration Log,,,failed,False,2026-08-19T13:23:25.617100+09:00
Alteration Loop,,,failed,False,2026-08-17T23:08:06.421601+09:00
Alteration Manager,,,failed,False,2026-08-17T23:24:15.710246+09:00
Alteration Manual,,,failed,False,2026-08-27T22:06:46.717056+09:00
Alteration Map,40.0,2.0,success,False,2026-08-17T23:30:16.319777+09:00
Alteration Markup,,,failed,False,2026-08-23T16:40:13.658560+09:00
Alteration Memo,10.0,0.0,success,False,2026-08-21T00:32:34.737926+09:00
Alteration Message,,,failed,False,2026-08-27T23:11:19.629691+09:00
Alteration Meter,,,failed,False,2026-08-17T23:32:47.059992+09:00
Alteration Metrics,,,failed,False,2026-08-17T23:15:32.901211+09:00
Alteration Monitor,,,failed,False,2026-08-17T23:08:49.702335+09:00
Alteration Navigator,,,failed,False,2026-08-17T23:26:20.273293+09:00
Alteration Nexus,,,failed,False,2026-08-17T23:23:41.484558+09:00
Alteration Node,,,failed,False,2026-08-17T23:33:40.972373+09:00
Alteration Note,,,failed,False,2026-08-19T13:24:58.997710+09:00
Alteration Notification,,,failed,False,2026-08-27T22:45:37.997038+09:00
Alteration Number,20.0,3.0,success,False,2026-08-23T03:18:52.097037+09:00
Alteration Office,,,failed,False,2026-08-19T00:04:47.180412+09:00
Alteration Ops,,,failed,False,2026-08-17T23:12:02.312580+09:00
Alteration Order,,,failed,False,2026-08-19T21:48:07.459723+09:00
Alteration Organizer,,,failed,False,2026-08-17T23:25:33.384672+09:00
Alteration Overdue,,,failed,False,2026-08-27T21:45:54.192033+09:00
Alteration Panel,,,failed,False,2026-08-17T23:32:34.743858+09:00
Alteration Pass,,,failed,False,2026-08-21T00:31:49.661501+09:00
Alteration Path,,,failed,False,2026-08-17T23:09:52.206266+09:00
Alteration Petition,,,failed,False,2026-08-21T01:07:02.843245+09:00
Alteration Pilot,,,failed,False,2026-08-17T23:08:28.176792+09:00
Alteration Plan,20.0,0.0,success,False,2026-08-21T01:58:55.002196+09:00
Alteration Planner,,,failed,False,2026-08-17T23:24:58.944526+09:00
Alteration Playbook,,,failed,False,2026-08-18T22:12:13.672404+09:00
Alteration Point,1000.0,3.0,success,False,2026-08-17T23:30:03.516281+09:00
Alteration Portal,,,failed,False,2026-08-17T23:32:21.137516+09:00
Alteration Preview,,,failed,False,2026-08-28T01:05:14.146226+09:00
Alteration Profile,,,failed,False,2026-08-19T13:25:14.797860+09:00
Alteration Profit,,,failed,False,2026-08-23T02:54:19.843201+09:00
Alteration Proposal,,,failed,False,2026-08-28T01:05:14.146226+09:00
Alteration Pulse,,,failed,False,2026-08-17T23:14:59.429645+09:00
Alteration Quota,,,failed,False,2026-08-21T00:32:40.998784+09:00
Alteration Radar,,,failed,False,2026-08-17T23:15:18.258563+09:00
Alteration Rail,,,failed,False,2026-08-17T23:33:11.202195+09:00
Alteration Rate,50.0,0.0,success,False,2026-08-19T20:45:18.016255+09:00
Alteration Recap,,,failed,False,2026-08-21T01:07:17.420617+09:00
Alteration Receipt,140.0,4.0,success,False,2026-08-19T21:48:34.329578+09:00
Alteration Recorder,,,failed,False,2026-08-27T23:33:37.262266+09:00
Alteration Register,,,failed,False,2026-08-17T23:26:34.514876+09:00
Alteration Registry,,,failed,False,2026-08-18T23:50:15.098836+09:00
Alteration Relay,,,failed,False,2026-08-17T23:27:48.723968+09:00
Alteration Reminder,,,failed,False,2026-08-19T21:31:14.747264+09:00
Alteration Report,50.0,0.0,success,False,2026-08-19T13:23:16.958274+09:00
Alteration Repository,,,failed,False,2026-08-27T23:11:28.090319+09:00
Alteration Result,,,failed,False,2026-08-28T00:47:20.872913+09:00
Alteration Roadmap,,,failed,False,2026-08-18T23:50:15.098836+09:00
Alteration Roster,,,failed,False,2026-08-19T00:38:48.376369+09:00
Alteration Route,,,failed,False,2026-08-17T23:33:00.502135+09:00
Alteration Rule,,,failed,False,2026-08-23T03:19:05.834960+09:00
Alteration Sale,,,failed,False,2026-08-21T02:21:55.234205+09:00
Alteration Sample,10.0,0.0,success,False,2026-08-19T21:49:45.321625+09:00
Alteration Scale,,,failed,False,2026-08-17T23:12:41.358995+09:00
Alteration Scanner,,,failed,False,2026-08-27T23:54:10.053801+09:00
Alteration Scheduler,,,failed,False,2026-08-17T23:14:01.287138+09:00
Alteration Scope,,,failed,False,2026-08-17T23:29:09.953642+09:00
Alteration Score,,,failed,False,2026-08-19T13:24:49.306222+09:00
Alteration Sentry,,,failed,False,2026-08-17T23:23:57.574570+09:00
Alteration Sheet,,,failed,False,2026-08-19T13:24:17.578330+09:00
Alteration Signal,,,failed,False,2026-08-17T23:28:54.506937+09:00
Alteration Slip,40.0,16.0,success,False,2026-08-19T21:49:35.357194+09:00
Alteration Slot,,,failed,False,2026-08-19T21:49:58.938963+09:00
Alteration Snapshot,,,failed,False,2026-08-18T23:50:15.098836+09:00
Alteration Stage,,,failed,False,2026-08-28T00:47:16.982525+09:00
Alteration Stake,,,failed,False,2026-08-23T02:54:26.725947+09:00
Alteration Statement,,,failed,False,2026-08-21T00:32:15.885792+09:00
Alteration Station,3600.0,3.0,success,False,2026-08-17T23:31:42.326204+09:00
Alteration Status,,,failed,False,2026-08-19T20:44:39.695908+09:00
Alteration Stub,,,failed,False,2026-08-21T00:32:08.971513+09:00
Alteration Studio,2400.0,3.0,success,False,2026-08-17T23:31:27.985495+09:00
Alteration Suite,,,failed,False,2026-08-17T23:12:20.668668+09:00
Alteration Sum,,,failed,False,2026-08-21T02:21:33.857873+09:00
Alteration Summary,,,failed,False,2026-08-19T21:31:01.684338+09:00
Alteration Sync,,,failed,False,2026-08-17T23:27:03.515384+09:00
Alteration Tab,,,failed,False,2026-08-21T00:32:52.523477+09:00
Alteration Table,50.0,1.0,success,False,2026-08-19T21:49:14.059786+09:00
Alteration Tag,90.0,100.0,success,False,2026-08-19T13:25:04.340704+09:00
Alteration Tally,,,failed,False,2026-08-21T00:32:20.380964+09:00
Alteration Tariff,,,failed,False,2026-08-21T02:38:47.806400+09:00
Alteration Tax,,,failed,False,2026-08-21T02:15:19.980644+09:00
Alteration Ticket,90.0,39.0,success,False,2026-08-19T21:31:29.606643+09:00
Alteration Tier,,,failed,False,2026-08-28T00:47:20.872913+09:00
Alteration Timeline,,,failed,False,2026-08-19T21:31:07.393138+09:00
Alteration Timer,,,failed,False,2026-08-28T00:24:03.733784+09:00
Alteration Toll,,,failed,False,2026-08-21T02:38:43.386978+09:00
Alteration Toolbox,,,failed,False,2026-08-28T00:24:10.123784+09:00
Alteration Toolkit,,,failed,False,2026-08-18T22:12:04.159201+09:00
Alteration Total,,,failed,False,2026-08-27T23:11:21.967752+09:00
Alteration Tracker,,,failed,False,2026-08-17T23:06:43.544679+09:00
Alteration Trail,,,failed,False,2026-08-17T23:14:22.352504+09:00
Alteration Trend,,,failed,False,2026-08-28T01:05:08.626878+09:00
Alteration Trial,,,failed,False,2026-08-26T22:29:12.332951+09:00
Alteration Unit,,,failed,False,2026-08-21T01:58:50.893233+09:00
Alteration Update,,,failed,False,2026-08-19T20:45:29.456295+09:00
Alteration Vault,,,failed,False,2026-08-17T23:10:08.054607+09:00
Alteration Version,,,failed,False,2026-08-23T03:18:56.291245+09:00
Alteration View,,,failed,False,2026-08-19T20:44:48.132741+09:00
Alteration Voucher,,,failed,False,2026-08-21T00:31:57.081328+09:00
Alteration Watch,,,failed,False,2026-08-17T23:13:24.499414+09:00
Alteration Wave,,,failed,False,2026-08-17T23:29:46.030396+09:00
Alteration Widget,,,failed,False,2026-08-27T23:11:21.967752+09:00
Alteration Workbench,,,failed,False,2026-08-18T22:11:56.316205+09:00
Alteration Worksheet,,,failed,False,2026-08-27T22:06:51.467328+09:00
Alteration Workshop,,,failed,False,2026-08-28T00:24:07.652921+09:00
Alteration Zone,210.0,1.0,success,False,2026-08-17T23:03:51.188489+09:00
Alumni Advisory,,,failed,False,2026-08-21T01:08:42.694211+09:00
Alumni Allowance,,,failed,False,2026-08-21T02:40:14.671503+09:00
Alumni Almanac,,,failed,False,2026-08-18T22:04:29.881802+09:00
Alumni Analyzer,,,failed,False,2026-08-27T23:55:17.807220+09:00
Alumni Anchor,,,failed,False,2026-08-17T21:37:55.576177+09:00
Alumni Announcement,,,failed,False,2026-08-27T23:34:06.441052+09:00
Alumni Arrears,,,failed,False,2026-08-23T16:11:08.956491+09:00
Alumni Asset,,,failed,False,2026-08-23T13:48:15.214978+09:00
Alumni Assistant,10.0,0.0,success,False,2026-08-17T23:28:13.719643+09:00
Alumni Atlas,,,failed,False,2026-08-17T20:45:15.345040+09:00
Alumni Attribute,,,failed,False,2026-08-23T13:08:17.193422+09:00
Alumni Badge,90.0,7.0,success,False,2026-08-21T00:34:21.181247+09:00
Alumni Balance,,,failed,False,2026-08-23T13:48:13.167118+09:00
Alumni Base,50.0,6.0,success,False,2026-08-17T20:42:04.175878+09:00
Alumni Beacon,,,failed,False,2026-08-18T07:52:41.803734+09:00
Alumni Bill,,,failed,False,2026-08-19T21:53:16.228732+09:00
Alumni Blueprint,,,failed,False,2026-08-18T22:04:21.198301+09:00
Alumni Board,390.0,2.0,success,False,2026-08-17T20:39:37.454360+09:00
Alumni Book,170.0,5.0,success,False,2026-08-19T21:54:13.234763+09:00
Alumni Bridge,20.0,2.0,success,False,2026-08-17T21:39:15.761980+09:00
Alumni Brief,,,failed,False,2026-08-21T01:08:34.212023+09:00
Alumni Bulletin,10.0,0.0,success,False,2026-08-21T01:08:29.808950+09:00
Alumni Cabinet,,,failed,False,2026-08-27T23:12:15.769681+09:00
Alumni Calendar,30.0,0.0,success,False,2026-08-18T23:58:52.034754+09:00
Alumni Card,1000.0,0.0,success,True,2026-08-19T13:29:19.231161+09:00
Alumni Cascade,,,failed,False,2026-08-17T21:41:22.072079+09:00
Alumni Cash,,,failed,False,2026-08-21T02:23:48.995246+09:00
Alumni Cashback,,,failed,False,2026-08-27T21:13:54.337464+09:00
Alumni Catalog,,,failed,False,2026-08-19T21:07:04.594270+09:00
Alumni Category,20.0,0.0,success,False,2026-08-23T13:08:15.174863+09:00
Alumni Center,5400.0,2.0,success,False,2026-08-17T20:34:08.377719+09:00
Alumni Chain,50.0,1.0,success,False,2026-08-17T21:31:56.784481+09:00
Alumni Charge,,,failed,False,2026-08-21T02:40:04.485559+09:00
Alumni Check,10.0,0.0,success,False,2026-08-19T13:29:46.780078+09:00
Alumni Checker,,,failed,False,2026-08-27T23:55:06.367292+09:00
Alumni Checklist,,,failed,False,2026-08-19T21:06:11.173737+09:00
Alumni Circular,,,failed,False,2026-08-21T01:08:38.226777+09:00
Alumni Cockpit,,,failed,False,2026-08-17T23:08:06.421601+09:00
Alumni Code,20.0,0.0,success,False,2026-08-19T21:53:40.177257+09:00
Alumni Codex,,,failed,False,2026-08-18T22:04:49.273954+09:00
Alumni Companion,,,failed,False,2026-08-17T23:29:46.030396+09:00
Alumni Comparison,,,failed,False,2026-08-28T01:06:05.018602+09:00
Alumni Compass,,,failed,False,2026-08-17T20:32:32.905502+09:00
Alumni Compendium,,,failed,False,2026-08-18T22:04:40.579410+09:00
Alumni Confirmation,,,failed,False,2026-08-21T01:08:51.801540+09:00
Alumni Console,,,failed,False,2026-08-18T07:43:42.936129+09:00
Alumni Contribution,50.0,0.0,success,False,2026-08-23T16:11:06.629164+09:00
Alumni Copayment,,,failed,False,2026-08-23T16:37:14.050450+09:00
Alumni Core,,,failed,False,2026-08-17T20:41:15.125085+09:00
Alumni Cost,,,failed,False,2026-08-21T02:07:24.034599+09:00
Alumni Count,,,failed,False,2026-08-27T22:46:50.983424+09:00
Alumni Counter,,,failed,False,2026-08-18T23:59:44.805528+09:00
Alumni Coupon,,,failed,False,2026-08-27T21:13:54.337464+09:00
Alumni Dashboard,40.0,6.0,success,False,2026-08-17T23:29:29.429883+09:00
Alumni Deal,,,failed,False,2026-08-21T01:50:23.005803+09:00
Alumni Debt,,,failed,False,2026-08-21T02:23:42.049826+09:00
Alumni Deck,,,failed,False,2026-08-17T20:38:43.149907+09:00
Alumni Depot,,,failed,False,2026-08-18T23:59:27.223478+09:00
Alumni Desk,,,failed,False,2026-08-17T20:36:22.753454+09:00
Alumni Detail,,,failed,False,2026-08-23T03:20:32.320134+09:00
Alumni Detector,,,failed,False,2026-08-27T23:55:14.253857+09:00
Alumni Dial,,,failed,False,2026-08-17T21:40:41.309160+09:00
Alumni Digest,,,failed,False,2026-08-19T20:47:55.040652+09:00
Alumni Directory,720.0,4.0,success,False,2026-08-18T23:58:59.776089+09:00
Alumni Discount,390.0,2.0,success,False,2026-08-23T16:17:15.012584+09:00
Alumni Dock,,,failed,False,2026-08-17T21:35:11.471835+09:00
Alumni Dossier,,,failed,False,2026-08-21T01:08:57.015500+09:00
Alumni Due,,,failed,False,2026-08-23T15:53:03.221395+09:00
Alumni Duty,20.0,2.0,success,False,2026-08-21T02:40:07.402959+09:00
Alumni Endowment,10.0,0.0,success,False,2026-08-23T15:53:05.427640+09:00
Alumni Engine,,,failed,False,2026-08-17T23:04:27.580981+09:00
Alumni Entry,10.0,,success,False,2026-08-21T01:09:12.434019+09:00
Alumni Estimate,,,failed,False,2026-08-19T21:06:52.977513+09:00
Alumni Estimator,,,failed,False,2026-08-27T23:55:03.182011+09:00
Alumni Excerpt,,,failed,False,2026-08-21T01:09:06.679370+09:00
Alumni Fare,,,failed,False,2026-08-21T02:07:34.217644+09:00
Alumni Fee,390.0,0.0,success,False,2026-08-21T02:00:06.443014+09:00
Alumni Feed,,,failed,False,2026-08-19T20:48:02.759483+09:00
Alumni Field,3600.0,3.0,success,False,2026-08-23T13:08:19.388505+09:00
Alumni File,20.0,1.0,success,False,2026-08-19T20:47:30.914414+09:00
Alumni Finder,720.0,3.0,success,False,2026-08-18T23:59:17.064429+09:00
Alumni Fine,,,failed,False,2026-08-23T02:55:24.224280+09:00
Alumni Flag,,,failed,False,2026-08-21T00:34:53.693924+09:00
Alumni Flow,,,failed,False,2026-08-17T20:39:13.606540+09:00
Alumni Forge,,,failed,False,2026-08-18T07:52:51.639177+09:00
Alumni Form,320.0,0.0,success,False,2026-08-19T13:29:00.478751+09:00
Alumni Format,320.0,0.0,success,False,2026-08-23T13:08:21.567126+09:00
Alumni Frame,20.0,36.0,success,False,2026-08-17T20:42:51.727520+09:00
Alumni Fund,320.0,1.0,success,False,2026-08-21T02:23:45.182895+09:00
Alumni Gate,40.0,1.0,success,False,2026-08-17T20:47:13.736905+09:00
Alumni Giveaway,,,failed,False,2026-08-27T21:14:04.974327+09:00
Alumni Grade,,,failed,False,2026-08-21T00:34:40.769437+09:00
Alumni Graph,,,failed,False,2026-08-27T22:07:57.599246+09:00
Alumni Grid,40.0,2.0,success,False,2026-08-17T21:32:33.876836+09:00
Alumni Guarantee,,,failed,False,2026-08-28T01:06:10.302074+09:00
Alumni Guard,10.0,57.0,success,False,2026-08-17T20:41:42.376478+09:00
Alumni Guardian,,,failed,False,2026-08-28T00:24:56.382213+09:00
Alumni Guidebook,,,failed,False,2026-08-18T22:03:58.790181+09:00
Alumni Helpdesk,10.0,0.0,success,False,2026-08-27T22:46:56.250105+09:00
Alumni Helper,,,failed,False,2026-08-28T00:24:58.982196+09:00
Alumni History,10.0,0.0,success,False,2026-08-19T20:47:25.892128+09:00
Alumni Hotline,10.0,,success,False,2026-08-19T21:07:16.203533+09:00
Alumni Hub,210.0,2.0,success,False,2026-08-17T20:38:16.946588+09:00
Alumni Identifier,,,failed,False,2026-08-23T13:08:12.908274+09:00
Alumni Incentive,,,failed,False,2026-08-27T21:13:56.719259+09:00
Alumni Index,10.0,6.0,success,False,2026-08-19T21:06:23.756396+09:00
Alumni Insight,10.0,0.0,success,False,2026-08-17T23:13:22.671425+09:00
Alumni Installment,,,failed,False,2026-08-23T16:11:06.629164+09:00
Alumni Interest,,,failed,False,2026-08-23T13:48:15.214978+09:00
Alumni Item,,,failed,False,2026-08-21T01:49:57.762710+09:00
Alumni Journal,10.0,0.0,success,False,2026-08-18T22:03:23.896977+09:00
Alumni Keeper,,,failed,False,2026-08-17T20:43:22.316757+09:00
Alumni Kit,30.0,0.0,success,False,2026-08-27T22:46:48.643972+09:00
Alumni Lab,40.0,0.0,success,False,2026-08-17T20:36:56.303275+09:00
Alumni Label,,,failed,False,2026-08-27T22:07:57.599246+09:00
Alumni Ledger,,,failed,False,2026-08-17T20:40:31.600880+09:00
Alumni Lens,,,failed,False,2026-08-17T20:43:51.758171+09:00
Alumni Levy,,,failed,False,2026-08-23T13:48:17.793072+09:00
Alumni Link,50.0,2.0,success,False,2026-08-23T03:20:22.973389+09:00
Alumni List,320.0,0.0,success,False,2026-08-19T21:53:52.421179+09:00
Alumni Loan,,,failed,False,2026-08-21T02:07:41.553019+09:00
Alumni Locator,10.0,24.0,success,False,2026-08-18T23:59:08.925896+09:00
Alumni Lock,,,failed,False,2026-08-17T20:45:40.214755+09:00
Alumni Log,,,failed,False,2026-08-19T13:28:52.256085+09:00
Alumni Loop,,,failed,False,2026-08-17T21:33:36.085901+09:00
Alumni Manager,40.0,1.0,success,False,2026-08-17T20:42:24.319818+09:00
Alumni Manual,,,failed,False,2026-08-27T22:08:00.127291+09:00
Alumni Map,40.0,0.0,success,False,2026-08-17T20:44:36.649130+09:00
Alumni Margin,,,failed,False,2026-08-23T02:55:21.397263+09:00
Alumni Markup,,,failed,False,2026-08-23T16:37:11.760359+09:00
Alumni Memo,,,failed,False,2026-08-21T00:34:44.893530+09:00
Alumni Message,140.0,0.0,success,False,2026-08-27T23:12:13.072454+09:00
Alumni Meter,,,failed,False,2026-08-17T21:38:26.629916+09:00
Alumni Metrics,,,failed,False,2026-08-17T23:29:09.953642+09:00
Alumni Monitor,,,failed,False,2026-08-17T23:28:54.506937+09:00
Alumni Navigator,,,failed,False,2026-08-17T23:14:59.429645+09:00
Alumni Nexus,10.0,2.0,success,False,2026-08-17T20:46:03.469899+09:00
Alumni Node,,,failed,False,2026-08-17T20:48:31.729678+09:00
Alumni Note,,,failed,False,2026-08-19T13:30:05.934954+09:00
Alumni Notification,,,failed,False,2026-08-27T22:46:42.853394+09:00
Alumni Number,50.0,0.0,success,False,2026-08-23T03:20:15.434284+09:00
Alumni Office,590.0,0.0,success,False,2026-08-18T23:59:36.900086+09:00
Alumni Ops,,,failed,False,2026-08-17T23:30:03.516281+09:00
Alumni Organizer,,,failed,False,2026-08-17T23:06:22.536636+09:00
Alumni Overdue,,,failed,False,2026-08-27T21:46:10.871215+09:00
Alumni Panel,390.0,1.0,success,False,2026-08-17T21:41:53.145173+09:00
Alumni Pass,30.0,0.0,success,False,2026-08-21T00:34:11.970110+09:00
Alumni Path,,,failed,False,2026-08-17T20:47:58.336807+09:00
Alumni Penalty,,,failed,False,2026-08-23T16:37:08.695688+09:00
Alumni Petition,,,failed,False,2026-08-21T01:08:47.143646+09:00
Alumni Pilot,,,failed,False,2026-08-17T20:37:24.505740+09:00
Alumni Plan,20.0,1.0,success,False,2026-08-21T01:50:16.047866+09:00
Alumni Planner,,,failed,False,2026-08-17T23:11:44.690517+09:00
Alumni Playbook,,,failed,False,2026-08-18T22:03:14.728477+09:00
Alumni Point,,,failed,False,2026-08-17T20:46:31.116711+09:00
Alumni Portal,8100.0,0.0,success,True,2026-08-17T20:31:58.373055+09:00
Alumni Preview,,,failed,False,2026-08-28T01:06:07.510525+09:00
Alumni Profile,210.0,0.0,success,False,2026-08-19T13:30:42.478470+09:00
Alumni Profit,,,failed,False,2026-08-23T02:55:10.666436+09:00
Alumni Proposal,,,failed,False,2026-08-28T01:06:07.510525+09:00
Alumni Pulse,,,failed,False,2026-08-17T21:31:23.168898+09:00
Alumni Queue,,,failed,False,2026-08-19T21:06:42.695560+09:00
Alumni Quota,10.0,0.0,success,False,2026-08-21T00:34:49.507039+09:00
Alumni Radar,,,failed,False,2026-08-17T20:35:25.429619+09:00
Alumni Rail,,,failed,False,2026-08-17T21:34:05.861065+09:00
Alumni Rate,30.0,0.0,success,False,2026-08-19T20:47:39.914949+09:00
Alumni Recap,,,failed,False,2026-08-21T01:09:01.082637+09:00
Alumni Receipt,10.0,0.0,success,False,2026-08-19T21:53:27.023606+09:00
Alumni Redemption,,,failed,False,2026-08-23T16:37:14.050450+09:00
Alumni Register,720.0,0.0,success,False,2026-08-17T23:09:52.206266+09:00
Alumni Registry,10.0,5.0,success,False,2026-08-18T22:04:07.158721+09:00
Alumni Relay,10.0,11.0,success,False,2026-08-17T20:34:33.124318+09:00
Alumni Reminder,,,failed,False,2026-08-19T21:06:02.010882+09:00
Alumni Report,30.0,0.0,success,False,2026-08-19T13:28:43.746659+09:00
Alumni Repository,,,failed,False,2026-08-27T23:12:19.702811+09:00
Alumni Roadmap,,,failed,False,2026-08-18T22:05:00.347281+09:00
Alumni Roster,30.0,0.0,success,False,2026-08-19T00:37:17.107740+09:00
Alumni Route,,,failed,False,2026-08-17T21:36:17.240271+09:00
Alumni Rule,,,failed,False,2026-08-23T03:20:27.097448+09:00
Alumni Sale,,,failed,False,2026-08-21T02:23:51.443965+09:00
Alumni Scale,,,failed,False,2026-08-17T21:37:17.917122+09:00
Alumni Scanner,,,failed,False,2026-08-27T23:55:11.655418+09:00
Alumni Scheduler,,,failed,False,2026-08-17T23:28:34.893276+09:00
Alumni Scope,,,failed,False,2026-08-17T21:34:37.066296+09:00
Alumni Score,10.0,0.0,success,False,2026-08-19T13:29:56.430090+09:00
Alumni Sentry,,,failed,False,2026-08-17T20:44:15.738532+09:00
Alumni Sheet,30.0,9.0,success,False,2026-08-19T13:29:31.691093+09:00
Alumni Signal,,,failed,False,2026-08-17T21:36:43.981322+09:00
Alumni Signature,,,failed,False,2026-08-23T13:27:59.739210+09:00
Alumni Slip,,,failed,False,2026-08-19T21:54:25.677858+09:00
Alumni Slot,,,failed,False,2026-08-19T21:54:45.586270+09:00
Alumni Snapshot,,,failed,False,2026-08-18T22:03:46.428497+09:00
Alumni Stage,20.0,2.0,success,False,2026-08-28T00:47:41.403976+09:00
Alumni Stake,,,failed,False,2026-08-23T02:55:17.140000+09:00
Alumni Statement,,,failed,False,2026-08-21T00:34:30.806569+09:00
Alumni Station,,,failed,False,2026-08-17T20:35:59.491401+09:00
Alumni Status,210.0,0.0,success,False,2026-08-19T20:47:10.772818+09:00
Alumni Stipend,,,failed,False,2026-08-23T13:48:17.793072+09:00
Alumni Stub,,,failed,False,2026-08-21T00:34:25.670499+09:00
Alumni Studio,,,failed,False,2026-08-17T20:37:55.339961+09:00
Alumni Suite,,,failed,False,2026-08-17T23:28:01.386512+09:00
Alumni Sum,,,failed,False,2026-08-21T02:23:33.552099+09:00
Alumni Summary,,,failed,False,2026-08-19T21:05:35.157530+09:00
Alumni Sync,10.0,4.0,success,False,2026-08-17T20:40:06.808560+09:00
Alumni Table,,,failed,False,2026-08-19T21:54:03.410939+09:00
Alumni Tag,40.0,0.0,success,False,2026-08-19T13:30:30.638587+09:00
Alumni Tally,,,failed,False,2026-08-21T00:34:35.312701+09:00
Alumni Tariff,,,failed,False,2026-08-21T02:40:18.502872+09:00
Alumni Tax,,,failed,False,2026-08-21T02:07:37.270032+09:00
Alumni Ticket,20.0,2.0,success,False,2026-08-19T21:06:33.819352+09:00
Alumni Tier,,,failed,False,2026-08-28T00:47:45.290833+09:00
Alumni Timeline,,,failed,False,2026-08-19T21:05:47.568804+09:00
Alumni Toll,,,failed,False,2026-08-21T02:40:11.455485+09:00
Alumni Toolbox,,,failed,False,2026-08-28T00:24:58.982196+09:00
Alumni Toolkit,10.0,14.0,success,False,2026-08-18T22:03:03.090691+09:00
Alumni Total,,,failed,False,2026-08-27T23:12:13.072454+09:00
Alumni Tracker,90.0,9.0,success,False,2026-08-17T20:40:52.069695+09:00
Alumni Trail,,,failed,False,2026-08-17T21:33:08.992358+09:00
Alumni Trend,,,failed,False,2026-08-28T01:06:00.663079+09:00
Alumni Trial,,,failed,False,2026-08-27T21:13:54.337464+09:00
Alumni Unit,30.0,0.0,success,False,2026-08-21T01:50:44.435250+09:00
Alumni Update,50.0,0.0,success,False,2026-08-19T20:47:48.078194+09:00
Alumni Value,,,failed,False,2026-08-23T02:55:13.896073+09:00
Alumni Vault,,,failed,False,2026-08-17T20:33:40.236931+09:00
Alumni Version,,,failed,False,2026-08-23T03:20:18.367542+09:00
Alumni View,,,failed,False,2026-08-19T20:47:17.630061+09:00
Alumni Voucher,,,failed,False,2026-08-21T00:34:16.638003+09:00
Alumni Watch,10.0,46.0,success,False,2026-08-17T21:35:44.584576+09:00
Alumni Wave,,,failed,False,2026-08-17T21:30:15.996537+09:00
Alumni Widget,,,failed,False,2026-08-27T23:12:15.769681+09:00
Alumni Workbench,,,failed,False,2026-08-18T22:02:52.692456+09:00
Alumni Worksheet,,,failed,False,2026-08-27T22:08:02.909734+09:00
Alumni Workshop,30.0,0.0,success,False,2026-08-28T00:24:53.833495+09:00
Alumni Zone,40.0,0.0,success,False,2026-08-17T20:33:08.305690+09:00
Amendment Alert,,,failed,False,2026-08-21T01:38:38.622768+09:00
Amendment Allowance,,,failed,False,2026-08-21T02:40:27.519765+09:00
Amendment Analyzer,,,failed,False,2026-08-27T23:57:57.910775+09:00
Amendment Atlas,,,failed,False,2026-08-21T01:35:54.957910+09:00
Amendment Attribute,,,failed,False,2026-08-23T13:09:00.936814+09:00
Amendment Badge,,,failed,False,2026-08-21T01:41:33.473055+09:00
Amendment Balance,,,failed,False,2026-08-23T13:48:38.413472+09:00
Amendment Base,,,failed,False,2026-08-21T01:43:59.593158+09:00
Amendment Beacon,,,failed,False,2026-08-21T01:42:53.677401+09:00
Amendment Bill,1300.0,0.0,success,True,2026-08-21T01:40:55.486600+09:00
Amendment Board,,,failed,False,2026-08-21T01:44:11.369887+09:00
Amendment Bridge,,,failed,False,2026-08-21T01:43:03.421356+09:00
Amendment Brief,,,failed,False,2026-08-21T01:41:56.935291+09:00
Amendment Bulletin,,,failed,False,2026-08-21T01:41:52.008026+09:00
Amendment Cabinet,,,failed,False,2026-08-27T23:14:33.058842+09:00
Amendment Card,,,failed,False,2026-08-21T01:39:27.131441+09:00
Amendment Cascade,,,failed,False,2026-08-21T01:43:00.390217+09:00
Amendment Cash,,,failed,False,2026-08-21T02:23:42.049826+09:00
Amendment Cashback,,,failed,False,2026-08-27T21:15:31.900187+09:00
Amendment Category,,,failed,False,2026-08-23T13:08:58.766460+09:00
Amendment Center,10.0,1.0,success,False,2026-08-21T01:44:38.139446+09:00
Amendment Chain,,,failed,False,2026-08-21T01:35:54.957910+09:00
Amendment Charge,480.0,0.0,success,False,2026-08-21T02:40:14.671503+09:00
Amendment Chart,210.0,23.0,success,False,2026-08-21T01:38:40.726969+09:00
Amendment Check,30.0,1.0,success,False,2026-08-21T01:39:35.935414+09:00
Amendment Checker,,,failed,False,2026-08-27T23:57:50.336082+09:00
Amendment Code,,,failed,False,2026-08-21T01:41:02.771886+09:00
Amendment Companion,,,failed,False,2026-08-21T01:36:52.456000+09:00
Amendment Comparison,,,failed,False,2026-08-28T01:08:39.859150+09:00
Amendment Confirmation,,,failed,False,2026-08-21T01:42:11.023754+09:00
Amendment Console,,,failed,False,2026-08-21T01:35:52.587732+09:00
Amendment Core,,,failed,False,2026-08-21T01:44:01.894856+09:00
Amendment Cost,30.0,0.0,success,False,2026-08-21T02:06:47.400251+09:00
Amendment Count,,,failed,False,2026-08-27T22:48:53.744553+09:00
Amendment Counter,,,failed,False,2026-08-21T01:37:34.913486+09:00
Amendment Coupon,,,failed,False,2026-08-27T21:15:29.439407+09:00
Amendment Deal,,,failed,False,2026-08-21T01:59:47.241476+09:00
Amendment Debt,10.0,,success,False,2026-08-21T02:23:31.419607+09:00
Amendment Deck,,,failed,False,2026-08-21T01:44:16.668560+09:00
Amendment Desk,,,failed,False,2026-08-21T01:42:34.994206+09:00
Amendment Detail,,,failed,False,2026-08-23T03:21:14.808090+09:00
Amendment Detector,,,failed,False,2026-08-27T23:57:55.384671+09:00
Amendment Directory,,,failed,False,2026-08-21T01:37:21.821672+09:00
Amendment Discount,,,failed,False,2026-08-23T16:12:15.158683+09:00
Amendment Draft,210.0,0.0,success,False,2026-08-21T01:40:28.771256+09:00
Amendment Due,,,failed,False,2026-08-23T15:50:28.386707+09:00
Amendment Duty,,,failed,False,2026-08-21T02:40:21.955150+09:00
Amendment Endowment,,,failed,False,2026-08-23T15:50:35.558538+09:00
Amendment Engine,,,failed,False,2026-08-21T01:35:54.957910+09:00
Amendment Entry,,,failed,False,2026-08-21T01:42:20.086183+09:00
Amendment Estimate,,,failed,False,2026-08-21T01:40:48.434359+09:00
Amendment Estimator,,,failed,False,2026-08-27T23:57:47.525165+09:00
Amendment Extension,,,failed,False,2026-08-23T16:38:03.608262+09:00
Amendment Fare,,,failed,False,2026-08-21T02:06:57.377866+09:00
Amendment Fee,720.0,0.0,success,False,2026-08-21T01:59:29.977509+09:00
Amendment Feed,,,failed,False,2026-08-21T01:40:26.570038+09:00
Amendment Field,,,failed,False,2026-08-23T13:09:05.713550+09:00
Amendment File,390.0,5.0,success,False,2026-08-21T01:40:07.956384+09:00
Amendment Fine,,,failed,False,2026-08-23T02:55:47.607915+09:00
Amendment Flow,,,failed,False,2026-08-21T01:42:29.387533+09:00
Amendment Forge,,,failed,False,2026-08-21T01:42:55.803836+09:00
Amendment Form,1000.0,1.0,success,False,2026-08-21T01:39:21.617747+09:00
Amendment Format,1000.0,1.0,success,False,2026-08-23T13:09:07.907049+09:00
Amendment Frame,,,failed,False,2026-08-21T01:43:52.896076+09:00
Amendment Fund,,,failed,False,2026-08-21T02:23:37.293511+09:00
Amendment Gate,,,failed,False,2026-08-21T01:35:54.957910+09:00
Amendment Giveaway,,,failed,False,2026-08-27T21:15:34.818716+09:00
Amendment Grid,,,failed,False,2026-08-21T01:43:27.778790+09:00
Amendment Helpdesk,,,failed,False,2026-08-27T22:48:53.744553+09:00
Amendment History,210.0,0.0,success,False,2026-08-21T01:40:03.980146+09:00
Amendment Hub,,,failed,False,2026-08-21T01:42:32.456630+09:00
Amendment Identifier,,,failed,False,2026-08-23T13:08:56.247878+09:00
Amendment Incentive,,,failed,False,2026-08-27T21:15:34.818716+09:00
Amendment Index,,,failed,False,2026-08-21T01:40:39.778843+09:00
Amendment Item,,,failed,False,2026-08-21T01:59:34.330044+09:00
Amendment Journal,,,failed,False,2026-08-21T01:37:07.808277+09:00
Amendment Keeper,,,failed,False,2026-08-21T01:35:54.957910+09:00
Amendment Kiosk,,,failed,False,2026-08-21T01:37:46.611348+09:00
Amendment Lab,,,failed,False,2026-08-21T01:44:25.853714+09:00
Amendment Ledger,,,failed,False,2026-08-21T01:44:07.789434+09:00
Amendment Level,,,failed,False,2026-08-21T01:40:12.068388+09:00
Amendment Line,,,failed,False,2026-08-21T01:38:57.072218+09:00
Amendment Link,,,failed,False,2026-08-23T03:21:07.842946+09:00
Amendment List,18100.0,10.0,success,False,2026-08-21T01:41:06.507181+09:00
Amendment Loan,,,failed,False,2026-08-21T02:07:11.746620+09:00
Amendment Locator,,,failed,False,2026-08-21T01:37:24.140763+09:00
Amendment Locker,,,failed,False,2026-08-21T01:37:37.070410+09:00
Amendment Log,30.0,0.0,success,False,2026-08-21T01:39:18.143916+09:00
Amendment Loop,,,failed,False,2026-08-21T01:43:25.178324+09:00
Amendment Manual,,,failed,False,2026-08-27T22:09:58.164830+09:00
Amendment Map,,,failed,False,2026-08-21T01:43:50.237250+09:00
Amendment Margin,,,failed,False,2026-08-23T02:55:43.726129+09:00
Amendment Markup,,,failed,False,2026-08-23T16:37:59.116023+09:00
Amendment Memo,70.0,0.0,success,False,2026-08-21T01:41:42.095051+09:00
Amendment Message,,,failed,False,2026-08-27T23:14:21.600576+09:00
Amendment Monitor,,,failed,False,2026-08-21T01:36:47.067872+09:00
Amendment Nexus,,,failed,False,2026-08-21T01:35:54.957910+09:00
Amendment Note,260.0,0.0,success,False,2026-08-21T01:39:45.118535+09:00
Amendment Notification,20.0,0.0,success,False,2026-08-27T22:48:44.890397+09:00
Amendment Number,590.0,1.0,success,False,2026-08-23T03:21:00.660532+09:00
Amendment Office,,,failed,False,2026-08-21T01:37:30.941685+09:00
Amendment Ops,,,failed,False,2026-08-21T01:36:59.790111+09:00
Amendment Order,720.0,0.0,success,False,2026-08-21T01:40:53.074721+09:00
Amendment Overdraft,,,failed,False,2026-08-23T15:50:30.977463+09:00
Amendment Panel,,,failed,False,2026-08-21T01:35:52.587732+09:00
Amendment Pass,,,failed,False,2026-08-21T01:41:22.153477+09:00
Amendment Path,,,failed,False,2026-08-21T01:43:39.038620+09:00
Amendment Penalty,,,failed,False,2026-08-23T16:37:59.116023+09:00
Amendment Petition,480.0,0.0,success,False,2026-08-21T01:42:05.228292+09:00
Amendment Plan,90.0,0.0,success,False,2026-08-21T01:59:42.509744+09:00
Amendment Planner,,,failed,False,2026-08-21T01:36:39.432784+09:00
Amendment Playbook,,,failed,False,2026-08-21T01:37:05.417257+09:00
Amendment Point,,,failed,False,2026-08-21T01:43:45.085248+09:00
Amendment Portal,,,failed,False,2026-08-21T01:35:52.587732+09:00
Amendment Preview,,,failed,False,2026-08-28T01:08:42.554310+09:00
Amendment Profile,,,failed,False,2026-08-21T01:39:49.686792+09:00
Amendment Profit,,,failed,False,2026-08-23T02:55:35.353388+09:00
Amendment Proposal,1300.0,1.0,success,False,2026-08-28T01:08:42.554310+09:00
Amendment Quota,,,failed,False,2026-08-21T01:41:46.462785+09:00
Amendment Radar,,,failed,False,2026-08-21T01:42:40.721389+09:00
Amendment Rail,,,failed,False,2026-08-21T01:35:54.957910+09:00
Amendment Rate,,,failed,False,2026-08-21T01:40:15.311910+09:00
Amendment Recap,,,failed,False,2026-08-21T01:42:13.880844+09:00
Amendment Receipt,,,failed,False,2026-08-21T01:40:58.554709+09:00
Amendment Register,90.0,1.0,success,False,2026-08-21T01:36:55.107278+09:00
Amendment Relay,,,failed,False,2026-08-21T01:42:43.370438+09:00
Amendment Reminder,,,failed,False,2026-08-21T01:40:37.729948+09:00
Amendment Report,480.0,0.0,success,False,2026-08-21T01:39:12.504942+09:00
Amendment Repository,,,failed,False,2026-08-27T23:14:37.141829+09:00
Amendment Result,50.0,0.0,success,False,2026-08-28T00:48:41.501339+09:00
Amendment Ring,,,failed,False,2026-08-21T01:35:54.957910+09:00
Amendment Roster,,,failed,False,2026-08-21T01:38:26.164281+09:00
Amendment Route,,,failed,False,2026-08-21T01:35:52.587732+09:00
Amendment Rule,110.0,0.0,success,False,2026-08-23T03:21:12.022197+09:00
Amendment Sale,,,failed,False,2026-08-21T02:23:45.182895+09:00
Amendment Sample,90.0,0.0,success,False,2026-08-21T01:41:16.296353+09:00
Amendment Scale,,,failed,False,2026-08-21T01:35:52.587732+09:00
Amendment Scanner,10.0,,success,False,2026-08-27T23:57:50.336082+09:00
Amendment Score,,,failed,False,2026-08-21T01:39:38.707543+09:00
Amendment Sheet,90.0,0.0,success,False,2026-08-21T01:39:30.579891+09:00
Amendment Signal,,,failed,False,2026-08-21T01:43:07.474360+09:00
Amendment Signature,,,failed,False,2026-08-23T13:28:15.741943+09:00
Amendment Slip,70.0,0.0,success,False,2026-08-21T01:41:14.289680+09:00
Amendment Slot,,,failed,False,2026-08-21T01:41:20.184116+09:00
Amendment Stage,,,failed,False,2026-08-28T00:48:41.501339+09:00
Amendment Stake,,,failed,False,2026-08-23T02:55:41.389421+09:00
Amendment Stamp,110.0,19.0,success,False,2026-08-23T13:28:15.741943+09:00
Amendment Statement,70.0,0.0,success,False,2026-08-21T01:41:39.026443+09:00
Amendment Station,,,failed,False,2026-08-21T01:44:31.242398+09:00
Amendment Status,590.0,0.0,success,False,2026-08-21T01:39:55.005229+09:00
Amendment Stub,,,failed,False,2026-08-21T01:41:35.548332+09:00
Amendment Studio,,,failed,False,2026-08-21T01:44:20.732547+09:00
Amendment Subsidy,,,failed,False,2026-08-23T15:50:33.287746+09:00
Amendment Sum,,,failed,False,2026-08-21T02:23:27.282211+09:00
Amendment Summary,1300.0,4.0,success,False,2026-08-21T01:40:31.088878+09:00
Amendment Surtax,,,failed,False,2026-08-23T15:50:38.471158+09:00
Amendment Tab,,,failed,False,2026-08-21T01:41:48.955996+09:00
Amendment Table,90.0,6.0,success,False,2026-08-21T01:41:08.747647+09:00
Amendment Tag,,,failed,False,2026-08-21T01:39:47.385700+09:00
Amendment Tariff,,,failed,False,2026-08-21T02:40:30.595557+09:00
Amendment Tax,6600.0,5.0,success,False,2026-08-21T02:07:07.042559+09:00
Amendment Terminal,,,failed,False,2026-08-21T01:44:33.537295+09:00
Amendment Ticket,,,failed,False,2026-08-21T01:40:45.060160+09:00
Amendment Timeline,320.0,0.0,success,False,2026-08-21T01:40:35.434951+09:00
Amendment Token,,,failed,False,2026-08-23T13:28:13.588297+09:00
Amendment Toll,,,failed,False,2026-08-21T02:40:25.117501+09:00
Amendment Total,40.0,0.0,success,False,2026-08-27T23:14:27.057874+09:00
Amendment Tracker,210.0,0.0,success,False,2026-08-21T01:42:22.878879+09:00
Amendment Trail,,,failed,False,2026-08-21T01:35:54.957910+09:00
Amendment Trend,,,failed,False,2026-08-28T01:08:39.859150+09:00
Amendment Trial,,,failed,False,2026-08-27T21:15:31.900187+09:00
Amendment Unit,,,failed,False,2026-08-21T01:59:37.170622+09:00
Amendment Update,10.0,0.0,success,False,2026-08-21T01:40:19.724237+09:00
Amendment Value,,,failed,False,2026-08-23T02:55:38.114180+09:00
Amendment Vault,,,failed,False,2026-08-21T01:42:46.013630+09:00
Amendment Version,,,failed,False,2026-08-23T03:21:04.390216+09:00
Amendment View,,,failed,False,2026-08-21T01:39:59.295312+09:00
Amendment Voucher,,,failed,False,2026-08-21T01:41:25.621539+09:00
Amendment Wave,,,failed,False,2026-08-21T01:43:34.239530+09:00
Amendment Widget,,,failed,False,2026-08-27T23:14:33.058842+09:00
Amendment Worksheet,210.0,2.0,success,False,2026-08-27T22:09:58.164830+09:00
Amendment Zone,,,failed,False,2026-08-21T01:35:52.587732+09:00
Amenity Advance,,,failed,False,2026-08-23T16:14:18.981651+09:00
Amenity Advisory,,,failed,False,2026-08-21T01:02:27.136036+09:00
Amenity Allowance,20.0,0.0,success,False,2026-08-21T02:40:01.670619+09:00
Amenity Almanac,,,failed,False,2026-08-18T22:12:08.779533+09:00
Amenity Analyzer,,,failed,False,2026-08-27T23:51:10.379112+09:00
Amenity Anchor,,,failed,False,2026-08-17T20:42:40.071307+09:00
Amenity Announcement,,,failed,False,2026-08-27T23:31:16.874593+09:00
Amenity Arrears,,,failed,False,2026-08-23T16:14:15.763731+09:00
Amenity Asset,,,failed,False,2026-08-23T13:47:02.952399+09:00
Amenity Assistant,210.0,0.0,success,False,2026-08-17T23:04:17.256447+09:00
Amenity Atlas,,,failed,False,2026-08-17T20:33:21.754611+09:00
Amenity Badge,,,failed,False,2026-08-21T00:27:19.385133+09:00
Amenity Balance,,,failed,False,2026-08-23T13:46:59.316345+09:00
Amenity Base,,,failed,False,2026-08-17T21:41:34.183941+09:00
Amenity Beacon,,,failed,False,2026-08-17T20:46:14.149623+09:00
Amenity Bill,,,failed,False,2026-08-19T21:48:58.615287+09:00
Amenity Blueprint,,,failed,False,2026-08-18T22:12:02.089704+09:00
Amenity Board,,,failed,False,2026-08-17T21:36:54.710856+09:00
Amenity Book,,,failed,False,2026-08-19T21:49:51.324073+09:00
Amenity Bridge,,,failed,False,2026-08-17T20:43:32.566232+09:00
Amenity Brief,,,failed,False,2026-08-21T01:00:42.748785+09:00
Amenity Bulletin,,,failed,False,2026-08-21T01:00:38.610881+09:00
Amenity Calculator,,,failed,False,2026-08-27T23:31:21.274329+09:00
Amenity Calendar,,,failed,False,2026-08-19T00:05:29.382308+09:00
Amenity Card,390.0,0.0,success,False,2026-08-19T13:38:55.423036+09:00
Amenity Cascade,,,failed,False,2026-08-17T20:44:23.108645+09:00
Amenity Cash,,,failed,False,2026-08-21T02:24:43.440499+09:00
Amenity Cashback,,,failed,False,2026-08-27T21:16:21.669078+09:00
Amenity Catalog,,,failed,False,2026-08-19T21:06:39.226294+09:00
Amenity Center,1000.0,1.0,success,False,2026-08-17T21:30:27.922058+09:00
Amenity Chain,,,failed,False,2026-08-17T20:38:04.703276+09:00
Amenity Charge,40.0,0.0,success,False,2026-08-21T02:39:49.190275+09:00
Amenity Check,,,failed,False,2026-08-19T13:39:22.411617+09:00
Amenity Checker,,,failed,False,2026-08-27T23:51:04.044510+09:00
Amenity Checklist,,,failed,False,2026-08-19T21:05:41.663242+09:00
Amenity Circular,,,failed,False,2026-08-21T01:02:25.178710+09:00
Amenity Cockpit,,,failed,False,2026-08-17T23:29:03.554808+09:00
Amenity Code,,,failed,False,2026-08-19T21:49:18.898188+09:00
Amenity Codex,,,failed,False,2026-08-18T22:12:23.623332+09:00
Amenity Companion,,,failed,False,2026-08-17T23:14:48.085579+09:00
Amenity Comparison,,,failed,False,2026-08-28T01:02:07.599938+09:00
Amenity Compass,,,failed,False,2026-08-17T20:47:28.313560+09:00
Amenity Compendium,,,failed,False,2026-08-18T22:12:17.661018+09:00
Amenity Confirmation,,,failed,False,2026-08-21T01:00:56.888807+09:00
Amenity Console,,,failed,False,2026-08-17T20:45:50.172264+09:00
Amenity Contribution,,,failed,False,2026-08-23T16:14:11.722628+09:00
Amenity Core,,,failed,False,2026-08-17T21:39:34.435552+09:00
Amenity Cost,,,failed,False,2026-08-21T02:09:21.519694+09:00
Amenity Count,,,failed,False,2026-08-27T22:48:37.138670+09:00
Amenity Counter,,,failed,False,2026-08-18T23:57:53.791592+09:00
Amenity Coupon,,,failed,False,2026-08-27T21:16:19.259868+09:00
Amenity Dashboard,,,failed,False,2026-08-17T23:07:56.377169+09:00
Amenity Deal,,,failed,False,2026-08-21T01:53:35.907769+09:00
Amenity Debt,,,failed,False,2026-08-21T02:24:33.883948+09:00
Amenity Deck,110.0,1.0,success,False,2026-08-17T21:35:54.911296+09:00
Amenity Depot,,,failed,False,2026-08-18T23:57:31.846586+09:00
Amenity Desk,,,failed,False,2026-08-17T21:33:19.243075+09:00
Amenity Detail,,,failed,False,2026-08-23T03:18:56.291245+09:00
Amenity Diagram,,,failed,False,2026-08-27T22:11:01.897181+09:00
Amenity Dial,,,failed,False,2026-08-17T20:44:01.266186+09:00
Amenity Digest,,,failed,False,2026-08-19T20:37:52.054454+09:00
Amenity Directory,,,failed,False,2026-08-18T23:52:29.838132+09:00
Amenity Discount,,,failed,False,2026-08-23T16:14:05.017306+09:00
Amenity Dock,,,failed,False,2026-08-17T20:40:41.186342+09:00
Amenity Dossier,,,failed,False,2026-08-21T01:01:01.220689+09:00
Amenity Downpayment,,,failed,False,2026-08-27T21:47:27.442070+09:00
Amenity Draft,,,failed,False,2026-08-19T20:38:05.655570+09:00
Amenity Due,,,failed,False,2026-08-23T15:51:44.971205+09:00
Amenity Duty,,,failed,False,2026-08-21T02:39:54.831624+09:00
Amenity Engine,,,failed,False,2026-08-17T23:27:53.024871+09:00
Amenity Entry,,,failed,False,2026-08-21T01:01:11.672775+09:00
Amenity Estimate,,,failed,False,2026-08-19T21:06:30.155036+09:00
Amenity Estimator,,,failed,False,2026-08-27T23:51:00.030552+09:00
Amenity Fare,,,failed,False,2026-08-21T02:09:31.680775+09:00
Amenity Fee,1600.0,0.0,success,True,2026-08-21T01:53:17.199833+09:00
Amenity Feed,,,failed,False,2026-08-19T20:37:59.201045+09:00
Amenity Field,30.0,0.0,success,False,2026-08-23T13:07:00.691919+09:00
Amenity File,,,failed,False,2026-08-19T20:37:14.893241+09:00
Amenity Finder,,,failed,False,2026-08-18T23:57:22.753165+09:00
Amenity Fine,,,failed,False,2026-08-23T02:54:41.831535+09:00
Amenity Flag,,,failed,False,2026-08-21T00:28:11.670318+09:00
Amenity Flow,,,failed,False,2026-08-17T21:36:28.444275+09:00
Amenity Forge,40.0,0.0,success,False,2026-08-17T20:45:26.162726+09:00
Amenity Form,40.0,1.0,success,False,2026-08-19T13:38:30.096101+09:00
Amenity Format,,,failed,False,2026-08-23T13:07:02.783000+09:00
Amenity Frame,,,failed,False,2026-08-18T07:53:01.701423+09:00
Amenity Fund,70.0,0.0,success,False,2026-08-21T02:24:36.091430+09:00
Amenity Gate,,,failed,False,2026-08-17T20:35:09.040915+09:00
Amenity Generator,,,failed,False,2026-08-27T23:31:24.795366+09:00
Amenity Giveaway,,,failed,False,2026-08-27T21:16:26.164499+09:00
Amenity Grade,,,failed,False,2026-08-21T00:27:48.036654+09:00
Amenity Graph,,,failed,False,2026-08-27T22:10:53.228398+09:00
Amenity Grid,,,failed,False,2026-08-17T20:38:31.317013+09:00
Amenity Guarantee,,,failed,False,2026-08-28T01:02:13.095205+09:00
Amenity Guard,,,failed,False,2026-08-17T21:40:59.899740+09:00
Amenity Guidebook,,,failed,False,2026-08-18T22:11:43.174107+09:00
Amenity Helpdesk,,,failed,False,2026-08-27T22:48:37.138670+09:00
Amenity Helper,,,failed,False,2026-08-28T00:21:22.221803+09:00
Amenity History,,,failed,False,2026-08-19T20:37:25.311012+09:00
Amenity Hotline,,,failed,False,2026-08-19T21:06:47.923280+09:00
Amenity Hub,,,failed,False,2026-08-17T21:35:22.295985+09:00
Amenity Identifier,,,failed,False,2026-08-23T13:06:58.194774+09:00
Amenity Incentive,,,failed,False,2026-08-27T21:16:23.936714+09:00
Amenity Index,10.0,0.0,success,False,2026-08-19T21:05:57.473217+09:00
Amenity Insight,,,failed,False,2026-08-17T23:28:43.740452+09:00
Amenity Installment,,,failed,False,2026-08-23T16:14:08.408734+09:00
Amenity Item,,,failed,False,2026-08-21T01:53:20.957099+09:00
Amenity Journal,,,failed,False,2026-08-18T22:11:24.179554+09:00
Amenity Keeper,,,failed,False,2026-08-18T07:52:06.675931+09:00
Amenity Kit,4400.0,48.0,success,False,2026-08-27T22:48:34.491281+09:00
Amenity Lab,10.0,0.0,success,False,2026-08-17T21:33:45.075228+09:00
Amenity Label,,,failed,False,2026-08-27T22:10:56.558080+09:00
Amenity Ledger,,,failed,False,2026-08-17T21:38:05.775829+09:00
Amenity Lens,,,failed,False,2026-08-17T20:31:35.680631+09:00
Amenity Level,20.0,0.0,success,False,2026-08-19T20:37:28.019595+09:00
Amenity Levy,,,failed,False,2026-08-23T13:47:02.952399+09:00
Amenity Link,20.0,0.0,success,False,2026-08-23T03:18:52.097037+09:00
Amenity List,390.0,0.0,success,False,2026-08-19T21:49:30.160580+09:00
Amenity Loan,,,failed,False,2026-08-21T02:09:39.165114+09:00
Amenity Locator,,,failed,False,2026-08-18T23:57:13.406878+09:00
Amenity Lock,,,failed,False,2026-08-17T20:33:48.971139+09:00
Amenity Log,,,failed,False,2026-08-19T13:38:17.915581+09:00
Amenity Loop,,,failed,False,2026-08-17T20:39:21.363517+09:00
Amenity Manager,20.0,2.0,success,False,2026-08-18T07:52:17.361320+09:00
Amenity Manual,,,failed,False,2026-08-27T22:10:56.558080+09:00
Amenity Map,170.0,0.0,success,False,2026-08-17T20:32:46.505342+09:00
Amenity Margin,,,failed,False,2026-08-23T02:54:41.831535+09:00
Amenity Marker,,,failed,False,2026-08-23T13:27:40.734961+09:00
Amenity Markup,,,failed,False,2026-08-23T16:38:47.783567+09:00
Amenity Memo,,,failed,False,2026-08-21T00:27:55.902205+09:00
Amenity Message,,,failed,False,2026-08-27T23:13:44.050852+09:00
Amenity Meter,,,failed,False,2026-08-17T20:43:08.098438+09:00
Amenity Metrics,,,failed,False,2026-08-17T23:13:11.418966+09:00
Amenity Monitor,,,failed,False,2026-08-17T23:06:06.115551+09:00
Amenity Navigator,,,failed,False,2026-08-17T23:29:20.352796+09:00
Amenity Nexus,,,failed,False,2026-08-17T20:34:17.127214+09:00
Amenity Node,,,failed,False,2026-08-17T20:36:08.746361+09:00
Amenity Note,,,failed,False,2026-08-19T13:39:51.910868+09:00
Amenity Notification,,,failed,False,2026-08-27T22:48:31.695595+09:00
Amenity Number,,,failed,False,2026-08-23T03:18:44.540602+09:00
Amenity Office,170.0,1.0,success,False,2026-08-18T23:57:42.935137+09:00
Amenity Ops,,,failed,False,2026-08-17T23:09:40.999221+09:00
Amenity Order,,,failed,False,2026-08-19T21:48:40.966338+09:00
Amenity Organizer,,,failed,False,2026-08-17T23:28:22.691550+09:00
Amenity Overage,,,failed,False,2026-08-27T21:47:24.586892+09:00
Amenity Overdue,,,failed,False,2026-08-27T21:47:17.528863+09:00
Amenity Panel,,,failed,False,2026-08-17T20:44:46.784780+09:00
Amenity Pass,2900.0,1.0,success,False,2026-08-21T00:27:00.975108+09:00
Amenity Path,,,failed,False,2026-08-17T20:35:40.356029+09:00
Amenity Payoff,,,failed,False,2026-08-27T21:47:19.918276+09:00
Amenity Penalty,,,failed,False,2026-08-23T16:38:47.783567+09:00
Amenity Petition,,,failed,False,2026-08-21T01:00:52.686966+09:00
Amenity Pilot,,,failed,False,2026-08-17T21:34:20.474166+09:00
Amenity Plan,50.0,0.0,success,False,2026-08-21T01:53:28.626980+09:00
Amenity Planner,,,failed,False,2026-08-17T23:28:07.981645+09:00
Amenity Playbook,,,failed,False,2026-08-18T22:11:16.114719+09:00
Amenity Point,,,failed,False,2026-08-17T20:34:42.726088+09:00
Amenity Portal,,,failed,False,2026-08-17T20:46:53.844827+09:00
Amenity Preview,,,failed,False,2026-08-28T01:02:07.599938+09:00
Amenity Profile,,,failed,False,2026-08-19T13:40:19.370480+09:00
Amenity Proposal,,,failed,False,2026-08-28T01:02:10.416954+09:00
Amenity Pulse,,,failed,False,2026-08-17T20:37:34.472176+09:00
Amenity Queue,,,failed,False,2026-08-19T21:06:16.769807+09:00
Amenity Quota,,,failed,False,2026-08-21T00:28:03.957628+09:00
Amenity Radar,,,failed,False,2026-08-17T21:32:11.115049+09:00
Amenity Rail,,,failed,False,2026-08-17T20:39:51.023967+09:00
Amenity Rate,,,failed,False,2026-08-19T20:37:37.988161+09:00
Amenity Recap,,,failed,False,2026-08-21T01:01:05.241118+09:00
Amenity Receipt,,,failed,False,2026-08-19T21:49:09.518107+09:00
Amenity Recorder,,,failed,False,2026-08-27T23:31:29.961537+09:00
Amenity Redemption,,,failed,False,2026-08-23T16:38:50.541482+09:00
Amenity Register,,,failed,False,2026-08-17T23:29:37.041815+09:00
Amenity Registry,,,failed,False,2026-08-18T22:11:49.715981+09:00
Amenity Relay,,,failed,False,2026-08-17T21:31:00.206645+09:00
Amenity Reminder,,,failed,False,2026-08-19T21:05:30.373866+09:00
Amenity Report,,,failed,False,2026-08-19T13:37:57.164882+09:00
Amenity Repository,,,failed,False,2026-08-27T23:09:53.622041+09:00
Amenity Roadmap,,,failed,False,2026-08-18T23:50:15.098836+09:00
Amenity Roster,,,failed,False,2026-08-19T00:37:39.570439+09:00
Amenity Route,,,failed,False,2026-08-17T20:41:22.469867+09:00
Amenity Rule,,,failed,False,2026-08-23T03:18:52.097037+09:00
Amenity Sale,10.0,0.0,success,False,2026-08-21T02:24:48.796566+09:00
Amenity Sample,,,failed,False,2026-08-19T21:50:19.457736+09:00
Amenity Scale,,,failed,False,2026-08-17T20:42:12.704128+09:00
Amenity Scheduler,10.0,57.0,success,False,2026-08-17T23:11:32.053287+09:00
Amenity Scope,,,failed,False,2026-08-17T20:40:17.203996+09:00
Amenity Score,,,failed,False,2026-08-19T13:39:37.773489+09:00
Amenity Sentry,,,failed,False,2026-08-17T20:32:08.584337+09:00
Amenity Sheet,,,failed,False,2026-08-19T13:39:01.193066+09:00
Amenity Shortfall,,,failed,False,2026-08-27T21:47:29.918815+09:00
Amenity Signal,,,failed,False,2026-08-17T20:41:53.253624+09:00
Amenity Slip,,,failed,False,2026-08-19T21:50:06.175762+09:00
Amenity Slot,,,failed,False,2026-08-19T21:50:30.697464+09:00
Amenity Snapshot,,,failed,False,2026-08-18T22:11:34.911588+09:00
Amenity Statement,,,failed,False,2026-08-21T00:27:32.429911+09:00
Amenity Station,20.0,16.0,success,False,2026-08-17T21:32:50.995270+09:00
Amenity Status,,,failed,False,2026-08-19T20:49:25.973595+09:00
Amenity Stub,,,failed,False,2026-08-21T00:27:24.500136+09:00
Amenity Studio,10.0,0.0,success,False,2026-08-17T21:34:53.019649+09:00
Amenity Suite,,,failed,False,2026-08-17T23:09:57.644305+09:00
Amenity Sum,,,failed,False,2026-08-21T02:24:27.084847+09:00
Amenity Summary,,,failed,False,2026-08-19T21:05:05.946905+09:00
Amenity Sync,,,failed,False,2026-08-17T21:37:32.627735+09:00
Amenity Tab,,,failed,False,2026-08-21T00:28:17.964653+09:00
Amenity Table,20.0,41.0,success,False,2026-08-19T21:49:39.376770+09:00
Amenity Tag,,,failed,False,2026-08-19T13:40:05.769727+09:00
Amenity Tally,,,failed,False,2026-08-21T00:27:39.908231+09:00
Amenity Tariff,,,failed,False,2026-08-21T02:40:04.485559+09:00
Amenity Tax,10.0,1.0,success,False,2026-08-21T02:09:35.775353+09:00
Amenity Ticket,,,failed,False,2026-08-19T21:06:08.303688+09:00
Amenity Tier,,,failed,False,2026-08-28T00:45:49.582364+09:00
Amenity Timeline,,,failed,False,2026-08-19T21:05:18.754911+09:00
Amenity Token,,,failed,False,2026-08-23T13:27:36.728702+09:00
Amenity Toll,,,failed,False,2026-08-21T02:39:59.313025+09:00
Amenity Toolbox,,,failed,False,2026-08-28T00:21:22.221803+09:00
Amenity Toolkit,,,failed,False,2026-08-18T22:11:07.698009+09:00
Amenity Total,,,failed,False,2026-08-27T23:13:44.050852+09:00
Amenity Tracker,,,failed,False,2026-08-17T21:38:37.304138+09:00
Amenity Trail,,,failed,False,2026-08-17T20:38:58.199942+09:00
Amenity Trend,,,failed,False,2026-08-28T01:02:04.540661+09:00
Amenity Trial,,,failed,False,2026-08-27T21:16:21.669078+09:00
Amenity Unit,,,failed,False,2026-08-21T01:53:25.014716+09:00
Amenity Update,,,failed,False,2026-08-19T20:37:45.715949+09:00
Amenity Value,210.0,0.0,success,False,2026-08-23T02:54:38.259905+09:00
Amenity Vault,,,failed,False,2026-08-17T20:49:39.030080+09:00
Amenity Version,,,failed,False,2026-08-23T03:18:48.364198+09:00
Amenity View,70.0,0.0,success,False,2026-08-19T20:37:14.893241+09:00
Amenity Voucher,70.0,1.0,success,False,2026-08-21T00:27:09.364121+09:00
Amenity Watch,,,failed,False,2026-08-17T20:41:03.029394+09:00
Amenity Wave,,,failed,False,2026-08-17T20:36:38.149505+09:00
Amenity Widget,,,failed,False,2026-08-27T23:13:50.940196+09:00
Amenity Workbench,,,failed,False,2026-08-18T22:10:59.912583+09:00
Amenity Worksheet,,,failed,False,2026-08-27T22:10:59.501612+09:00
Amenity Workshop,,,failed,False,2026-08-28T00:21:17.081309+09:00
Amenity Zone,30.0,0.0,success,False,2026-08-17T20:48:09.439521+09:00
Annuity Advance,70.0,5.0,success,False,2026-08-23T16:16:17.008573+09:00
Annuity Advisory,,,failed,False,2026-08-21T01:05:09.510273+09:00
Annuity Allowance,,,failed,False,2026-08-21T02:37:35.054521+09:00
Annuity Analyzer,10.0,69.0,success,False,2026-08-27T23:53:16.393422+09:00
Annuity Arrears,,,failed,False,2026-08-23T16:16:17.008573+09:00
Annuity Asset,,,failed,False,2026-08-23T13:47:35.441000+09:00
Annuity Assistant,,,failed,False,2026-08-19T00:01:30.427864+09:00
Annuity Atlas,,,failed,False,2026-08-19T00:00:56.933054+09:00
Annuity Badge,,,failed,False,2026-08-21T00:29:53.018137+09:00
Annuity Balance,20.0,10.0,success,False,2026-08-23T13:47:31.255092+09:00
Annuity Base,,,failed,False,2026-08-18T23:57:37.423450+09:00
Annuity Beacon,,,failed,False,2026-08-19T00:04:38.069566+09:00
Annuity Bill,,,failed,False,2026-08-19T22:06:15.067471+09:00
Annuity Board,10.0,0.0,success,False,2026-08-18T23:58:07.902911+09:00
Annuity Book,50.0,60.0,success,False,2026-08-19T22:07:10.998735+09:00
Annuity Bridge,,,failed,False,2026-08-19T00:04:56.559247+09:00
Annuity Brief,,,failed,False,2026-08-21T01:05:02.312819+09:00
Annuity Bulletin,,,failed,False,2026-08-21T01:04:53.420072+09:00
Annuity Calculator,60500.0,47.0,success,False,2026-08-27T23:33:05.663722+09:00
Annuity Calendar,20.0,51.0,success,False,2026-08-19T00:02:45.246378+09:00
Annuity Card,,,failed,False,2026-08-19T13:41:43.922175+09:00
Annuity Cascade,,,failed,False,2026-08-19T00:04:47.180412+09:00
Annuity Cash,20.0,5.0,success,False,2026-08-21T02:30:47.137745+09:00
Annuity Center,10.0,0.0,success,False,2026-08-18T23:58:59.776089+09:00
Annuity Chain,,,failed,False,2026-08-19T00:00:25.348270+09:00
Annuity Charge,30.0,36.0,success,False,2026-08-21T02:37:19.204094+09:00
Annuity Check,260.0,19.0,success,False,2026-08-19T13:42:03.157163+09:00
Annuity Checker,260.0,19.0,success,False,2026-08-27T23:53:07.557701+09:00
Annuity Checklist,10.0,51.0,success,False,2026-08-19T21:19:19.264899+09:00
Annuity Circular,,,failed,False,2026-08-21T01:05:05.236354+09:00
Annuity Code,,,failed,False,2026-08-19T22:06:38.426353+09:00
Annuity Companion,,,failed,False,2026-08-19T00:02:00.292816+09:00
Annuity Comparison,880.0,46.0,success,False,2026-08-28T01:04:28.102899+09:00
Annuity Compass,,,failed,False,2026-08-19T00:04:30.591993+09:00
Annuity Confirmation,,,failed,False,2026-08-21T01:05:26.897512+09:00
Annuity Console,,,failed,False,2026-08-18T23:59:27.223478+09:00
Annuity Contribution,40.0,15.0,success,False,2026-08-23T16:16:13.507688+09:00
Annuity Core,,,failed,False,2026-08-18T23:57:49.004373+09:00
Annuity Cost,1300.0,37.0,success,False,2026-08-21T02:13:51.922112+09:00
Annuity Count,,,failed,False,2026-08-27T22:44:46.439478+09:00
Annuity Counter,,,failed,False,2026-08-19T00:03:29.017691+09:00
Annuity Deal,30.0,64.0,success,False,2026-08-21T01:57:40.883576+09:00
Annuity Debt,,,failed,False,2026-08-21T02:30:33.788820+09:00
Annuity Deck,,,failed,False,2026-08-18T23:58:17.460804+09:00
Annuity Depot,20.0,10.0,success,False,2026-08-19T00:03:12.143780+09:00
Annuity Desk,10.0,4.0,success,False,2026-08-19T00:03:57.643433+09:00
Annuity Detail,,,failed,False,2026-08-23T03:17:54.192615+09:00
Annuity Detector,,,failed,False,2026-08-27T23:53:12.173263+09:00
Annuity Diagram,50.0,0.0,success,False,2026-08-27T22:15:17.446247+09:00
Annuity Digest,10.0,18.0,success,False,2026-08-19T20:43:33.378176+09:00
Annuity Directory,,,failed,False,2026-08-19T00:02:51.849711+09:00
Annuity Discount,30.0,6.0,success,False,2026-08-23T16:16:09.972976+09:00
Annuity Dossier,,,failed,False,2026-08-21T01:05:30.928954+09:00
Annuity Downpayment,,,failed,False,2026-08-27T21:50:29.028381+09:00
Annuity Draft,,,failed,False,2026-08-19T20:43:48.362624+09:00
Annuity Due,3600.0,0.0,success,True,2026-08-23T15:52:24.692181+09:00
Annuity Duty,,,failed,False,2026-08-21T02:37:22.596537+09:00
Annuity Endowment,20.0,33.0,success,False,2026-08-23T15:52:28.857053+09:00
Annuity Engine,,,failed,False,2026-08-19T00:01:21.334255+09:00
Annuity Entry,,,failed,False,2026-08-21T01:05:46.512536+09:00
Annuity Estimate,140.0,36.0,success,False,2026-08-19T21:20:07.240027+09:00
Annuity Estimator,210.0,54.0,success,False,2026-08-27T23:53:00.851680+09:00
Annuity Excerpt,,,failed,False,2026-08-21T01:05:38.366293+09:00
Annuity Extension,,,failed,False,2026-08-23T16:40:02.738352+09:00
Annuity Fare,,,failed,False,2026-08-21T02:13:59.319117+09:00
Annuity Fee,320.0,34.0,success,False,2026-08-21T01:57:25.896991+09:00
Annuity Feed,,,failed,False,2026-08-19T20:43:41.671766+09:00
Annuity File,,,failed,False,2026-08-19T20:43:04.288794+09:00
Annuity Finder,70.0,52.0,success,False,2026-08-19T00:03:06.405993+09:00
Annuity Fine,,,failed,False,2026-08-23T02:53:39.940635+09:00
Annuity Flag,,,failed,False,2026-08-21T00:30:41.620130+09:00
Annuity Flow,,,failed,False,2026-08-19T00:03:43.919454+09:00
Annuity Forge,,,failed,False,2026-08-19T00:04:42.603293+09:00
Annuity Form,110.0,6.0,success,False,2026-08-19T13:41:17.239436+09:00
Annuity Frame,,,failed,False,2026-08-18T23:57:28.259874+09:00
Annuity Fund,1600.0,42.0,success,False,2026-08-21T02:30:41.751111+09:00
Annuity Gate,,,failed,False,2026-08-19T00:00:40.903706+09:00
Annuity Grade,,,failed,False,2026-08-21T00:30:22.823388+09:00
Annuity Graph,70.0,11.0,success,False,2026-08-27T22:15:03.740456+09:00
Annuity Grid,,,failed,False,2026-08-19T00:05:23.888896+09:00
Annuity Guarantee,590.0,41.0,success,False,2026-08-28T01:04:37.386068+09:00
Annuity Guardian,,,failed,False,2026-08-28T00:23:21.269207+09:00
Annuity Helpdesk,,,failed,False,2026-08-27T22:44:50.273695+09:00
Annuity Helper,,,failed,False,2026-08-28T00:23:24.069179+09:00
Annuity History,50.0,11.0,success,False,2026-08-19T20:42:59.296448+09:00
Annuity Hub,10.0,31.0,success,False,2026-08-19T00:03:50.601023+09:00
Annuity Identifier,,,failed,False,2026-08-23T13:06:56.024749+09:00
Annuity Index,4400.0,41.0,success,False,2026-08-19T21:19:32.635751+09:00
Annuity Installment,20.0,18.0,success,False,2026-08-23T16:16:09.972976+09:00
Annuity Interest,210.0,23.0,success,False,2026-08-23T13:47:35.441000+09:00
Annuity Item,,,failed,False,2026-08-21T01:57:22.977623+09:00
Annuity Journal,,,failed,False,2026-08-19T00:02:30.122335+09:00
Annuity Keeper,,,failed,False,2026-08-19T00:01:04.506360+09:00
Annuity Kit,,,failed,False,2026-08-27T22:44:39.489901+09:00
Annuity Lab,,,failed,False,2026-08-18T23:58:35.248777+09:00
Annuity Label,,,failed,False,2026-08-27T22:15:06.045574+09:00
Annuity Ledger,,,failed,False,2026-08-18T23:57:58.396596+09:00
Annuity Link,,,failed,False,2026-08-23T03:17:44.508741+09:00
Annuity List,20.0,19.0,success,False,2026-08-19T22:06:50.618817+09:00
Annuity Loan,880.0,17.0,success,False,2026-08-21T02:14:07.166822+09:00
Annuity Locator,,,failed,False,2026-08-19T00:03:01.180289+09:00
Annuity Log,,,failed,False,2026-08-19T13:40:58.883457+09:00
Annuity Loop,,,failed,False,2026-08-19T00:05:18.968119+09:00
Annuity Manager,10.0,0.0,success,False,2026-08-19T00:01:14.805570+09:00
Annuity Manual,,,failed,False,2026-08-27T22:15:06.045574+09:00
Annuity Map,,,failed,False,2026-08-18T23:57:18.728861+09:00
Annuity Markup,,,failed,False,2026-08-23T16:40:00.457844+09:00
Annuity Memo,,,failed,False,2026-08-21T00:30:29.735189+09:00
Annuity Message,,,failed,False,2026-08-27T23:10:34.837044+09:00
Annuity Monitor,,,failed,False,2026-08-19T00:01:49.817235+09:00
Annuity Nexus,10.0,5.0,success,False,2026-08-19T00:00:51.306672+09:00
Annuity Note,30.0,2.0,success,False,2026-08-19T13:42:25.449993+09:00
Annuity Notification,,,failed,False,2026-08-27T22:44:35.371350+09:00
Annuity Number,70.0,4.0,success,False,2026-08-23T03:17:34.613762+09:00
Annuity Office,,,failed,False,2026-08-19T00:03:23.645450+09:00
Annuity Ops,,,failed,False,2026-08-19T00:02:15.189621+09:00
Annuity Order,,,failed,False,2026-08-19T22:06:07.056181+09:00
Annuity Overage,,,failed,False,2026-08-27T21:50:26.760837+09:00
Annuity Overdraft,,,failed,False,2026-08-23T15:52:26.691302+09:00
Annuity Overdue,,,failed,False,2026-08-27T21:50:20.259806+09:00
Annuity Panel,,,failed,False,2026-08-18T23:59:36.900086+09:00
Annuity Pass,,,failed,False,2026-08-21T00:29:39.530878+09:00
Annuity Path,10.0,59.0,success,False,2026-08-19T00:05:33.402476+09:00
Annuity Payoff,,,failed,False,2026-08-27T21:50:22.560575+09:00
Annuity Penalty,50.0,4.0,success,False,2026-08-23T16:39:58.056757+09:00
Annuity Petition,,,failed,False,2026-08-21T01:05:23.608566+09:00
Annuity Plan,3600.0,44.0,success,False,2026-08-21T01:57:38.284860+09:00
Annuity Planner,3600.0,44.0,success,False,2026-08-19T00:01:35.413805+09:00
Annuity Playbook,,,failed,False,2026-08-19T00:02:21.603583+09:00
Annuity Point,,,failed,False,2026-08-18T23:57:07.963291+09:00
Annuity Portal,10.0,10.0,success,False,2026-08-18T23:59:17.064429+09:00
Annuity Preview,,,failed,False,2026-08-28T01:04:31.429165+09:00
Annuity Profile,,,failed,False,2026-08-19T13:20:58.742668+09:00
Annuity Profit,,,failed,False,2026-08-23T02:53:27.977389+09:00
Annuity Proposal,,,failed,False,2026-08-28T01:04:34.359127+09:00
Annuity Queue,,,failed,False,2026-08-19T21:19:54.949155+09:00
Annuity Quota,,,failed,False,2026-08-21T00:30:34.487987+09:00
Annuity Radar,,,failed,False,2026-08-19T00:04:07.444762+09:00
Annuity Rail,,,failed,False,2026-08-19T00:00:05.096380+09:00
Annuity Rate,12100.0,65.0,success,False,2026-08-19T20:43:19.095275+09:00
Annuity Recap,,,failed,False,2026-08-21T01:05:39.127217+09:00
Annuity Receipt,,,failed,False,2026-08-19T22:06:28.711407+09:00
Annuity Recorder,,,failed,False,2026-08-27T23:33:13.459329+09:00
Annuity Redemption,10.0,29.0,success,False,2026-08-23T16:40:02.738352+09:00
Annuity Register,,,failed,False,2026-08-19T00:02:06.599822+09:00
Annuity Registry,,,failed,False,2026-08-19T00:02:36.291033+09:00
Annuity Relay,,,failed,False,2026-08-19T00:04:14.172620+09:00
Annuity Reminder,,,failed,False,2026-08-19T21:19:08.211207+09:00
Annuity Report,20.0,45.0,success,False,2026-08-19T13:40:47.127510+09:00
Annuity Ring,,,failed,False,2026-08-19T00:00:31.381271+09:00
Annuity Roster,,,failed,False,2026-08-19T00:38:22.287042+09:00
Annuity Route,,,failed,False,2026-08-18T23:59:53.624295+09:00
Annuity Rule,90.0,45.0,success,False,2026-08-23T03:17:50.653872+09:00
Annuity Sale,40.0,26.0,success,False,2026-08-21T02:30:51.336298+09:00
Annuity Sample,10.0,86.0,success,False,2026-08-19T22:07:32.899948+09:00
Annuity Scale,,,failed,False,2026-08-18T23:59:47.446594+09:00
Annuity Scanner,,,failed,False,2026-08-27T23:53:12.173263+09:00
Annuity Scheduler,,,failed,False,2026-08-19T00:01:43.287513+09:00
Annuity Scope,,,failed,False,2026-08-19T00:05:13.902876+09:00
Annuity Score,,,failed,False,2026-08-19T13:42:14.783829+09:00
Annuity Sheet,20.0,0.0,success,False,2026-08-19T13:41:50.563536+09:00
Annuity Shortfall,,,failed,False,2026-08-27T21:50:32.673191+09:00
Annuity Signal,,,failed,False,2026-08-19T00:05:01.988375+09:00
Annuity Signature,,,failed,False,2026-08-23T13:27:46.545552+09:00
Annuity Slip,,,failed,False,2026-08-19T22:07:23.452103+09:00
Annuity Slot,,,failed,False,2026-08-19T22:07:52.466558+09:00
Annuity Stage,,,failed,False,2026-08-28T00:47:00.263771+09:00
Annuity Stake,,,failed,False,2026-08-23T02:53:34.328450+09:00
Annuity Statement,390.0,2.0,success,False,2026-08-21T00:30:08.282339+09:00
Annuity Station,,,failed,False,2026-08-18T23:58:42.867449+09:00
Annuity Status,10.0,43.0,success,False,2026-08-19T20:42:37.692999+09:00
Annuity Stub,,,failed,False,2026-08-21T00:30:01.129618+09:00
Annuity Studio,,,failed,False,2026-08-18T23:58:25.855676+09:00
Annuity Subsidy,,,failed,False,2026-08-23T15:52:28.857053+09:00
Annuity Sum,70.0,0.0,success,False,2026-08-21T02:30:30.378357+09:00
Annuity Summary,,,failed,False,2026-08-19T21:18:40.810817+09:00
Annuity Surtax,,,failed,False,2026-08-23T15:52:31.168291+09:00
Annuity Tab,,,failed,False,2026-08-21T00:30:46.553076+09:00
Annuity Table,6600.0,2.0,success,False,2026-08-19T22:06:59.596356+09:00
Annuity Tag,,,failed,False,2026-08-19T13:42:37.156031+09:00
Annuity Tally,,,failed,False,2026-08-21T00:30:14.861916+09:00
Annuity Tariff,,,failed,False,2026-08-21T02:37:37.997164+09:00
Annuity Tax,1600.0,13.0,success,False,2026-08-21T02:14:02.511057+09:00
Annuity Terminal,,,failed,False,2026-08-18T23:58:52.034754+09:00
Annuity Ticket,,,failed,False,2026-08-19T21:19:44.972350+09:00
Annuity Tier,,,failed,False,2026-08-28T00:47:03.149821+09:00
Annuity Timeline,70.0,0.0,success,False,2026-08-19T21:18:56.938365+09:00
Annuity Timer,,,failed,False,2026-08-28T00:23:17.850587+09:00
Annuity Toll,,,failed,False,2026-08-21T02:37:27.000959+09:00
Annuity Toolbox,,,failed,False,2026-08-28T00:23:24.069179+09:00
Annuity Total,,,failed,False,2026-08-27T23:10:37.523000+09:00
Annuity Tracker,,,failed,False,2026-08-19T00:03:34.698010+09:00
Annuity Trail,,,failed,False,2026-08-19T00:00:16.279363+09:00
Annuity Trend,,,failed,False,2026-08-28T01:04:25.098394+09:00
Annuity Trial,,,failed,False,2026-08-27T21:19:31.239406+09:00
Annuity Unit,110.0,2.0,success,False,2026-08-21T01:57:30.255883+09:00
Annuity Update,,,failed,False,2026-08-19T20:43:26.923996+09:00
Annuity Value,590.0,13.0,success,False,2026-08-23T02:53:30.954147+09:00
Annuity Vault,10.0,64.0,success,False,2026-08-19T00:04:23.577898+09:00
Annuity Version,,,failed,False,2026-08-23T03:17:39.480043+09:00
Annuity View,,,failed,False,2026-08-19T20:42:46.732728+09:00
Annuity Voucher,,,failed,False,2026-08-21T00:29:47.975164+09:00
Annuity Watch,30.0,19.0,success,False,2026-08-19T00:05:07.956398+09:00
Annuity Wave,,,failed,False,2026-08-19T00:05:29.382308+09:00
Annuity Widget,,,failed,False,2026-08-27T23:10:40.131699+09:00
Annuity Worksheet,70.0,3.0,success,False,2026-08-27T22:15:12.426690+09:00
Annuity Zone,,,failed,False,2026-08-18T23:59:08.925896+09:00
Apostille Advance,,,failed,False,2026-08-23T16:14:05.017306+09:00
Apostille Advisory,,,failed,False,2026-08-21T01:02:29.218317+09:00
Apostille Alert,,,failed,False,2026-08-19T21:05:52.966416+09:00
Apostille Allowance,,,failed,False,2026-08-21T02:43:14.426169+09:00
Apostille Analyzer,,,failed,False,2026-08-27T23:59:26.259431+09:00
Apostille Announcement,,,failed,False,2026-08-27T23:36:40.825682+09:00
Apostille Arrears,,,failed,False,2026-08-23T16:14:01.846183+09:00
Apostille Assistant,,,failed,False,2026-08-19T21:30:10.428031+09:00
Apostille Atlas,,,failed,False,2026-08-19T21:29:40.498335+09:00
Apostille Badge,,,failed,False,2026-08-21T00:24:51.764822+09:00
Apostille Balance,,,failed,False,2026-08-23T13:46:16.255562+09:00
Apostille Base,,,failed,False,2026-08-19T21:17:15.430061+09:00
Apostille Bay,,,failed,False,2026-08-19T21:03:58.078741+09:00
Apostille Beacon,,,failed,False,2026-08-19T21:14:31.473745+09:00
Apostille Bill,10.0,43.0,success,False,2026-08-19T21:58:41.732793+09:00
Apostille Bin,,,failed,False,2026-08-19T21:06:13.197757+09:00
Apostille Board,,,failed,False,2026-08-19T21:17:45.288805+09:00
Apostille Book,10.0,6.0,success,False,2026-08-19T21:59:30.293970+09:00
Apostille Bridge,,,failed,False,2026-08-19T21:15:09.209545+09:00
Apostille Brief,,,failed,False,2026-08-21T01:00:44.838906+09:00
Apostille Bulletin,,,failed,False,2026-08-21T01:00:40.730981+09:00
Apostille Calculator,,,failed,False,2026-08-27T23:36:40.825682+09:00
Apostille Calendar,10.0,,success,False,2026-08-19T21:31:23.417988+09:00
Apostille Card,10.0,0.0,success,False,2026-08-19T21:07:57.029357+09:00
Apostille Cascade,,,failed,False,2026-08-19T21:14:53.889746+09:00
Apostille Cash,,,failed,False,2026-08-21T02:26:43.792522+09:00
Apostille Cashback,,,failed,False,2026-08-27T21:17:03.008156+09:00
Apostille Catalog,,,failed,False,2026-08-19T21:12:41.804289+09:00
Apostille Center,,,failed,False,2026-08-19T21:18:46.381283+09:00
Apostille Chain,,,failed,False,2026-08-19T21:29:10.316262+09:00
Apostille Charge,,,failed,False,2026-08-21T02:43:04.921789+09:00
Apostille Chart,,,failed,False,2026-08-19T21:06:04.880535+09:00
Apostille Check,140.0,4.0,success,False,2026-08-19T21:08:17.191236+09:00
Apostille Checker,,,failed,False,2026-08-27T23:59:23.650703+09:00
Apostille Checklist,10.0,6.0,success,False,2026-08-19T21:11:46.371328+09:00
Apostille Circular,,,failed,False,2026-08-21T01:02:27.136036+09:00
Apostille Code,,,failed,False,2026-08-19T21:58:59.534733+09:00
Apostille Companion,,,failed,False,2026-08-19T21:30:39.077841+09:00
Apostille Compass,,,failed,False,2026-08-19T21:14:21.531663+09:00
Apostille Confirmation,30.0,18.0,success,False,2026-08-21T01:00:58.878918+09:00
Apostille Console,,,failed,False,2026-08-19T21:19:23.397844+09:00
Apostille Contribution,,,failed,False,2026-08-23T16:14:01.846183+09:00
Apostille Core,,,failed,False,2026-08-19T21:17:25.572760+09:00
Apostille Cost,320.0,18.0,success,False,2026-08-21T02:10:09.458176+09:00
Apostille Count,,,failed,False,2026-08-27T22:50:00.330096+09:00
Apostille Counter,,,failed,False,2026-08-19T21:32:06.209951+09:00
Apostille Coupon,,,failed,False,2026-08-27T21:17:03.008156+09:00
Apostille Deal,,,failed,False,2026-08-21T01:53:14.865292+09:00
Apostille Debt,,,failed,False,2026-08-21T02:26:39.495067+09:00
Apostille Desk,,,failed,False,2026-08-19T21:13:38.700903+09:00
Apostille Detail,,,failed,False,2026-08-23T03:23:58.190781+09:00
Apostille Detector,,,failed,False,2026-08-27T23:59:23.650703+09:00
Apostille Diagram,,,failed,False,2026-08-27T22:12:21.251456+09:00
Apostille Digest,,,failed,False,2026-08-19T21:10:38.305423+09:00
Apostille Directory,50.0,2.0,success,False,2026-08-19T21:31:31.502788+09:00
Apostille Discount,,,failed,False,2026-08-23T16:13:55.875301+09:00
Apostille Dossier,,,failed,False,2026-08-21T01:01:03.307399+09:00
Apostille Downpayment,,,failed,False,2026-08-27T21:48:11.561191+09:00
Apostille Draft,,,failed,False,2026-08-19T21:11:02.607888+09:00
Apostille Due,,,failed,False,2026-08-23T15:51:22.397294+09:00
Apostille Duty,,,failed,False,2026-08-21T02:43:07.410836+09:00
Apostille Engine,,,failed,False,2026-08-19T21:30:03.373519+09:00
Apostille Entry,,,failed,False,2026-08-21T01:01:13.751057+09:00
Apostille Estimate,,,failed,False,2026-08-19T21:12:31.857265+09:00
Apostille Estimator,,,failed,False,2026-08-27T23:59:20.883273+09:00
Apostille Fare,,,failed,False,2026-08-21T02:10:17.497387+09:00
Apostille Fee,480.0,8.0,success,False,2026-08-21T01:52:54.387860+09:00
Apostille Feed,,,failed,False,2026-08-19T21:10:50.221080+09:00
Apostille File,140.0,23.0,success,False,2026-08-19T21:09:52.138956+09:00
Apostille Finder,,,failed,False,2026-08-19T21:31:50.558670+09:00
Apostille Fine,,,failed,False,2026-08-23T02:57:45.364347+09:00
Apostille Flag,,,failed,False,2026-08-21T00:25:40.973918+09:00
Apostille Flow,,,failed,False,2026-08-19T21:13:17.515413+09:00
Apostille Forge,,,failed,False,2026-08-19T21:14:42.578262+09:00
Apostille Form,590.0,12.0,success,False,2026-08-19T21:07:47.829296+09:00
Apostille Frame,,,failed,False,2026-08-19T21:17:02.639874+09:00
Apostille Fund,,,failed,False,2026-08-21T02:26:41.708739+09:00
Apostille Gate,,,failed,False,2026-08-19T21:29:26.779055+09:00
Apostille Generator,,,failed,False,2026-08-27T23:36:44.866320+09:00
Apostille Giveaway,,,failed,False,2026-08-27T21:17:10.879829+09:00
Apostille Grade,,,failed,False,2026-08-21T00:25:18.497443+09:00
Apostille Grid,,,failed,False,2026-08-19T21:16:02.434865+09:00
Apostille Guarantee,20.0,21.0,success,False,2026-08-28T01:02:23.926913+09:00
Apostille Guardian,,,failed,False,2026-08-28T00:20:59.096636+09:00
Apostille Harbor,,,failed,False,2026-08-19T21:04:49.568415+09:00
Apostille Helpdesk,,,failed,False,2026-08-27T22:50:03.051342+09:00
Apostille Helper,,,failed,False,2026-08-28T00:21:02.971988+09:00
Apostille History,,,failed,False,2026-08-19T21:09:40.471721+09:00
Apostille Hotline,20.0,20.0,success,False,2026-08-19T21:12:51.464479+09:00
Apostille Hub,10.0,33.0,success,False,2026-08-19T21:13:28.219579+09:00
Apostille Identifier,,,failed,False,2026-08-23T13:04:45.223955+09:00
Apostille Inbox,,,failed,False,2026-08-19T21:05:37.228592+09:00
Apostille Incentive,,,failed,False,2026-08-27T21:17:10.879829+09:00
Apostille Index,,,failed,False,2026-08-19T21:11:58.211530+09:00
Apostille Installment,,,failed,False,2026-08-23T16:13:58.601282+09:00
Apostille Item,,,failed,False,2026-08-21T01:52:58.378871+09:00
Apostille Journal,,,failed,False,2026-08-19T21:31:09.123245+09:00
Apostille Keeper,,,failed,False,2026-08-19T21:29:47.496953+09:00
Apostille Kiosk,,,failed,False,2026-08-19T21:03:30.036000+09:00
Apostille Kit,,,failed,False,2026-08-27T22:49:57.314209+09:00
Apostille Label,,,failed,False,2026-08-27T22:12:11.460290+09:00
Apostille Layout,,,failed,False,2026-08-27T22:29:10.054268+09:00
Apostille Ledger,,,failed,False,2026-08-19T21:17:35.138769+09:00
Apostille Levy,,,failed,False,2026-08-23T13:46:21.678760+09:00
Apostille Line,,,failed,False,2026-08-19T21:06:52.977513+09:00
Apostille Link,10.0,11.0,success,False,2026-08-23T03:23:49.316132+09:00
Apostille List,40.0,6.0,success,False,2026-08-19T21:59:09.702480+09:00
Apostille Loan,,,failed,False,2026-08-21T02:10:21.556989+09:00
Apostille Locator,,,failed,False,2026-08-19T21:31:40.381854+09:00
Apostille Log,,,failed,False,2026-08-19T21:07:36.739108+09:00
Apostille Loop,,,failed,False,2026-08-19T21:15:52.181697+09:00
Apostille Manager,,,failed,False,2026-08-19T21:29:55.661249+09:00
Apostille Manual,,,failed,False,2026-08-27T22:12:15.272381+09:00
Apostille Map,,,failed,False,2026-08-19T21:16:48.614230+09:00
Apostille Margin,,,failed,False,2026-08-23T02:57:43.117346+09:00
Apostille Marker,,,failed,False,2026-08-23T13:26:49.261296+09:00
Apostille Markup,,,failed,False,2026-08-23T16:38:53.252652+09:00
Apostille Memo,,,failed,False,2026-08-21T00:25:26.988508+09:00
Apostille Message,,,failed,False,2026-08-27T23:15:46.670229+09:00
Apostille Monitor,,,failed,False,2026-08-19T21:30:31.013934+09:00
Apostille Nexus,,,failed,False,2026-08-19T21:29:34.148902+09:00
Apostille Note,,,failed,False,2026-08-19T21:08:37.744349+09:00
Apostille Notification,,,failed,False,2026-08-27T22:49:57.314209+09:00
Apostille Number,70.0,23.0,success,False,2026-08-23T03:23:43.125766+09:00
Apostille Ops,,,failed,False,2026-08-19T21:30:54.257177+09:00
Apostille Order,30.0,32.0,success,False,2026-08-19T21:58:32.626205+09:00
Apostille Outpost,,,failed,False,2026-08-19T21:04:22.708628+09:00
Apostille Overage,,,failed,False,2026-08-27T21:48:11.561191+09:00
Apostille Overdue,,,failed,False,2026-08-27T21:48:07.167837+09:00
Apostille Panel,,,failed,False,2026-08-19T21:19:35.712806+09:00
Apostille Pass,,,failed,False,2026-08-21T00:36:53.427787+09:00
Apostille Passport,720.0,17.0,success,False,2026-08-19T21:06:25.471396+09:00
Apostille Path,,,failed,False,2026-08-19T21:16:25.825046+09:00
Apostille Payoff,,,failed,False,2026-08-27T21:48:09.369962+09:00
Apostille Penalty,,,failed,False,2026-08-23T16:38:53.252652+09:00
Apostille Petition,,,failed,False,2026-08-21T01:00:54.642749+09:00
Apostille Plan,,,failed,False,2026-08-21T01:53:12.594886+09:00
Apostille Planner,,,failed,False,2026-08-19T21:30:16.349132+09:00
Apostille Playbook,,,failed,False,2026-08-19T21:31:03.580111+09:00
Apostille Plaza,,,failed,False,2026-08-19T21:04:36.711918+09:00
Apostille Point,,,failed,False,2026-08-19T21:16:36.317434+09:00
Apostille Portal,70.0,8.0,success,False,2026-08-19T21:19:09.949699+09:00
Apostille Post,,,failed,False,2026-08-19T21:04:09.833583+09:00
Apostille Preview,,,failed,False,2026-08-28T01:02:19.302633+09:00
Apostille Profile,,,failed,False,2026-08-19T21:09:00.850536+09:00
Apostille Profit,,,failed,False,2026-08-23T02:57:38.722026+09:00
Apostille Queue,,,failed,False,2026-08-19T21:12:20.631006+09:00
Apostille Quota,,,failed,False,2026-08-21T00:25:35.006393+09:00
Apostille Radar,,,failed,False,2026-08-19T21:13:50.204351+09:00
Apostille Rail,,,failed,False,2026-08-19T21:20:10.804990+09:00
Apostille Rate,,,failed,False,2026-08-19T21:10:18.944671+09:00
Apostille Recap,,,failed,False,2026-08-21T01:01:07.549578+09:00
Apostille Receipt,,,failed,False,2026-08-19T21:58:51.076600+09:00
Apostille Recorder,,,failed,False,2026-08-27T23:36:44.866320+09:00
Apostille Register,110.0,7.0,success,False,2026-08-19T21:30:45.595196+09:00
Apostille Registry,,,failed,False,2026-08-19T21:31:17.357360+09:00
Apostille Relay,,,failed,False,2026-08-19T21:14:01.404689+09:00
Apostille Reminder,,,failed,False,2026-08-19T21:11:34.990271+09:00
Apostille Report,,,failed,False,2026-08-19T21:07:27.526395+09:00
Apostille Repository,,,failed,False,2026-08-27T23:15:55.855078+09:00
Apostille Result,,,failed,False,2026-08-28T00:45:49.582364+09:00
Apostille Ring,,,failed,False,2026-08-19T21:29:19.590151+09:00
Apostille Roster,,,failed,False,2026-08-19T21:05:26.715187+09:00
Apostille Route,,,failed,False,2026-08-19T21:19:58.668783+09:00
Apostille Rule,,,failed,False,2026-08-23T03:23:54.422715+09:00
Apostille Sale,,,failed,False,2026-08-21T02:26:47.668193+09:00
Apostille Sample,320.0,1.0,success,False,2026-08-19T21:59:52.671651+09:00
Apostille Scale,,,failed,False,2026-08-19T21:19:47.057352+09:00
Apostille Scanner,10.0,24.0,success,False,2026-08-27T23:59:23.650703+09:00
Apostille Scheduler,,,failed,False,2026-08-19T21:30:24.987558+09:00
Apostille Scope,,,failed,False,2026-08-19T21:15:42.753829+09:00
Apostille Score,,,failed,False,2026-08-19T21:08:27.297609+09:00
Apostille Sheet,,,failed,False,2026-08-19T21:08:07.894185+09:00
Apostille Shelf,,,failed,False,2026-08-19T21:05:12.493876+09:00
Apostille Shortfall,,,failed,False,2026-08-27T21:48:13.959890+09:00
Apostille Signal,,,failed,False,2026-08-19T21:15:20.790094+09:00
Apostille Signature,170.0,13.0,success,False,2026-08-23T13:26:49.261296+09:00
Apostille Slip,,,failed,False,2026-08-19T21:59:39.418384+09:00
Apostille Slot,10.0,0.0,success,False,2026-08-19T22:00:01.898557+09:00
Apostille Stage,,,failed,False,2026-08-28T00:45:49.582364+09:00
Apostille Stake,,,failed,False,2026-08-23T02:57:43.117346+09:00
Apostille Stamp,5400.0,16.0,success,False,2026-08-23T13:26:52.809343+09:00
Apostille Statement,,,failed,False,2026-08-21T00:25:04.867976+09:00
Apostille Station,,,failed,False,2026-08-19T21:18:22.582804+09:00
Apostille Status,70.0,3.0,success,False,2026-08-19T21:09:15.467375+09:00
Apostille Stub,,,failed,False,2026-08-21T00:24:59.301324+09:00
Apostille Subsidy,,,failed,False,2026-08-23T15:51:26.748439+09:00
Apostille Sum,,,failed,False,2026-08-21T02:26:36.939016+09:00
Apostille Summary,,,failed,False,2026-08-19T21:11:12.970448+09:00
Apostille Surtax,,,failed,False,2026-08-23T15:51:28.689965+09:00
Apostille Tab,,,failed,False,2026-08-21T00:25:47.755507+09:00
Apostille Table,,,failed,False,2026-08-19T21:59:19.992699+09:00
Apostille Tag,,,failed,False,2026-08-19T21:08:50.261483+09:00
Apostille Tally,,,failed,False,2026-08-21T00:25:13.031282+09:00
Apostille Tariff,,,failed,False,2026-08-21T02:43:16.744782+09:00
Apostille Tax,,,failed,False,2026-08-21T02:10:21.556989+09:00
Apostille Terminal,,,failed,False,2026-08-19T21:18:32.816387+09:00
Apostille Ticker,,,failed,False,2026-08-19T21:06:44.412093+09:00
Apostille Ticket,,,failed,False,2026-08-19T21:12:07.891173+09:00
Apostille Timeline,30.0,19.0,success,False,2026-08-19T21:11:23.723554+09:00
Apostille Timer,,,failed,False,2026-08-28T00:20:56.154840+09:00
Apostille Token,,,failed,False,2026-08-23T13:26:46.141852+09:00
Apostille Toll,,,failed,False,2026-08-21T02:43:10.515094+09:00
Apostille Toolbox,,,failed,False,2026-08-28T00:21:02.971988+09:00
Apostille Total,,,failed,False,2026-08-27T23:15:49.054288+09:00
Apostille Tower,,,failed,False,2026-08-19T21:05:02.074506+09:00
Apostille Tracker,320.0,1.0,success,False,2026-08-19T21:13:02.504471+09:00
Apostille Trail,,,failed,False,2026-08-19T21:29:05.227189+09:00
Apostille Trial,,,failed,False,2026-08-27T21:17:07.956821+09:00
Apostille Unit,,,failed,False,2026-08-21T01:53:07.082720+09:00
Apostille Update,10.0,4.0,success,False,2026-08-19T21:10:29.402308+09:00
Apostille Value,,,failed,False,2026-08-23T02:57:40.926366+09:00
Apostille Vault,,,failed,False,2026-08-19T21:14:11.257032+09:00
Apostille Version,,,failed,False,2026-08-23T03:23:46.825883+09:00
Apostille View,,,failed,False,2026-08-19T21:09:27.813218+09:00
Apostille Voucher,,,failed,False,2026-08-21T00:24:46.055669+09:00
Apostille Wallet,,,failed,False,2026-08-27T22:50:00.330096+09:00
Apostille Watch,,,failed,False,2026-08-19T21:15:31.407245+09:00
Apostille Wave,,,failed,False,2026-08-19T21:16:14.581068+09:00
Apostille Widget,,,failed,False,2026-08-27T23:15:49.054288+09:00
Apostille Window,,,failed,False,2026-08-19T21:07:06.926428+09:00
Apostille Worksheet,,,failed,False,2026-08-27T22:12:17.686005+09:00
Apostille Workshop,,,failed,False,2026-08-28T00:20:59.096636+09:00
Apostille Yard,,,failed,False,2026-08-19T21:03:45.298500+09:00
Apostille Zone,,,failed,False,2026-08-19T21:19:00.035786+09:00
Application Advisory,480.0,0.0,success,False,2026-08-21T01:03:04.478545+09:00
Application Alert,70.0,2.0,success,False,2026-08-21T00:07:07.636475+09:00
Application Allowance,,,failed,False,2026-08-21T02:42:14.230561+09:00
Application Analyzer,720.0,4.0,success,False,2026-08-27T23:52:30.197940+09:00
Application Announcement,390.0,0.0,success,False,2026-08-27T23:32:01.853038+09:00
Application Assistant,14800.0,1.0,success,False,2026-08-21T00:05:42.702163+09:00
Application Atlas,590.0,3.0,success,False,2026-08-21T00:05:26.838977+09:00
Application Attribute,,,failed,False,2026-08-23T13:10:10.835682+09:00
Application Base,1300.0,2.0,success,False,2026-08-21T00:11:01.156571+09:00
Application Bay,10.0,0.0,success,False,2026-08-21T00:06:41.845552+09:00
Application Beacon,10.0,0.0,success,False,2026-08-21T00:10:14.810334+09:00
Application Bill,1600.0,7.0,success,False,2026-08-21T00:09:15.337380+09:00
Application Board,140.0,4.0,success,False,2026-08-21T00:11:12.755377+09:00
Application Book,390.0,0.0,success,False,2026-08-21T00:09:33.821521+09:00
Application Booth,40.0,1.0,success,False,2026-08-21T00:06:35.659041+09:00
Application Bridge,720.0,3.0,success,False,2026-08-21T00:10:23.316441+09:00
Application Brief,170.0,0.0,success,False,2026-08-21T01:02:13.283707+09:00
Application Bulletin,20.0,1.0,success,False,2026-08-21T01:02:09.128989+09:00
Application Cabinet,10.0,7.0,success,False,2026-08-27T23:09:56.910517+09:00
Application Calendar,1600.0,22.0,success,False,2026-08-21T00:06:15.045348+09:00
Application Card,5400.0,19.0,success,False,2026-08-21T00:07:47.780593+09:00
Application Cascade,20.0,0.0,success,False,2026-08-21T00:10:20.448306+09:00
Application Cash,1830000.0,12.0,success,False,2026-08-21T02:25:19.750628+09:00
Application Cashback,1900.0,32.0,success,False,2026-08-27T21:17:47.451913+09:00
Application Category,1300.0,0.0,success,True,2026-08-23T13:10:08.705068+09:00
Application Center,1600.0,1.0,success,False,2026-08-21T00:11:31.112963+09:00
Application Chain,880.0,2.0,success,False,2026-08-19T22:41:50.846543+09:00
Application Charge,3600.0,22.0,success,False,2026-08-21T02:42:06.283895+09:00
Application Chart,390.0,1.0,success,False,2026-08-21T00:07:10.102459+09:00
Application Check,6600.0,17.0,success,False,2026-08-21T00:07:59.311862+09:00
Application Checker,1300.0,2.0,success,False,2026-08-27T23:52:16.469073+09:00
Application Circular,10.0,0.0,success,False,2026-08-21T01:03:02.120644+09:00
Application Code,8100.0,17.0,success,False,2026-08-21T00:09:23.484193+09:00
Application Comparison,880.0,3.0,success,False,2026-08-28T01:04:22.068071+09:00
Application Confirmation,260.0,0.0,success,False,2026-08-21T01:03:15.171952+09:00
Application Console,1300.0,1.0,success,False,2026-08-21T00:11:44.764762+09:00
Application Core,9900.0,1.0,success,False,2026-08-21T00:11:04.008018+09:00
Application Cost,2900.0,4.0,success,False,2026-08-21T02:08:07.470140+09:00
Application Count,9900.0,4.0,success,False,2026-08-27T22:51:25.477545+09:00
Application Counter,9900.0,4.0,success,False,2026-08-21T00:06:31.070365+09:00
Application Coupon,8100.0,20.0,success,False,2026-08-27T21:17:47.451913+09:00
Application Deal,2900.0,12.0,success,False,2026-08-21T01:50:32.476329+09:00
Application Debt,,,failed,False,2026-08-21T02:25:09.393326+09:00
Application Deck,110.0,4.0,success,False,2026-08-21T00:11:15.329507+09:00
Application Desk,1000.0,5.0,success,False,2026-08-21T00:10:01.982446+09:00
Application Detail,1000.0,0.0,success,True,2026-08-23T03:23:25.330676+09:00
Application Detector,2900.0,6.0,success,False,2026-08-27T23:52:26.282518+09:00
Application Diagram,22200.0,7.0,success,False,2026-08-27T22:13:31.267961+09:00
Application Directory,1300.0,4.0,success,False,2026-08-21T00:06:15.045348+09:00
Application Discount,480.0,10.0,success,False,2026-08-23T16:14:33.783950+09:00
Application Dossier,210.0,2.0,success,False,2026-08-21T01:03:18.814008+09:00
Application Downpayment,,,failed,False,2026-08-27T21:49:08.437850+09:00
Application Draft,140.0,1.0,success,False,2026-08-21T00:08:47.899784+09:00
Application Due,90.0,1.0,success,False,2026-08-23T15:51:39.388284+09:00
Application Duty,,,failed,False,2026-08-21T02:42:09.091272+09:00
Application Engine,4400.0,12.0,success,False,2026-08-21T00:05:39.660885+09:00
Application Entry,90.0,0.0,success,False,2026-08-21T01:03:33.238339+09:00
Application Estimate,,,failed,False,2026-08-21T00:09:06.463923+09:00
Application Estimator,,,failed,False,2026-08-27T23:52:13.665480+09:00
Application Excerpt,,,failed,False,2026-08-21T01:03:27.651766+09:00
Application Extension,2400.0,3.0,success,False,2026-08-23T16:39:14.026032+09:00
Application Fare,,,failed,False,2026-08-21T02:08:15.230542+09:00
Application Fee,5400.0,3.0,success,False,2026-08-21T01:50:02.348824+09:00
Application Feed,1600.0,1.0,success,False,2026-08-21T00:08:43.301972+09:00
Application File,12100.0,2.0,success,False,2026-08-21T00:08:29.674648+09:00
Application Fine,320.0,0.0,success,False,2026-08-23T02:57:15.173266+09:00
Application Flag,1000.0,1.0,success,False,2026-08-21T00:27:15.534212+09:00
Application Flow,880.0,36.0,success,False,2026-08-21T00:09:56.547234+09:00
Application Forge,170.0,7.0,success,False,2026-08-21T00:10:17.224400+09:00
Application Form,110000.0,3.0,success,False,2026-08-21T00:07:44.849905+09:00
Application Format,110000.0,3.0,success,False,2026-08-23T13:10:14.601516+09:00
Application Frame,9900.0,9.0,success,False,2026-08-21T00:10:58.171885+09:00
Application Fund,140.0,2.0,success,False,2026-08-21T02:25:13.538662+09:00
Application Gate,590.0,10.0,success,False,2026-08-21T00:05:21.567045+09:00
Application Generator,3600.0,68.0,success,False,2026-08-27T23:32:16.065535+09:00
Application Giveaway,170.0,15.0,success,False,2026-08-27T21:17:56.289470+09:00
Application Grade,,,failed,False,2026-08-21T00:26:49.726902+09:00
Application Graph,390.0,4.0,success,False,2026-08-27T22:13:20.966698+09:00
Application Grid,1600.0,1.0,success,False,2026-08-21T00:10:41.968767+09:00
Application Guarantee,,,failed,False,2026-08-28T01:04:28.102899+09:00
Application Guardian,6600.0,6.0,success,False,2026-08-28T00:22:57.445324+09:00
Application Helpdesk,1000.0,36.0,success,False,2026-08-27T22:51:29.683445+09:00
Application Helper,1300.0,2.0,success,False,2026-08-28T00:23:00.112605+09:00
Application History,2400.0,0.0,success,True,2026-08-21T00:08:26.557259+09:00
Application Hub,1300.0,2.0,success,False,2026-08-21T00:09:59.655575+09:00
Application Identifier,260.0,2.0,success,False,2026-08-23T13:10:08.705068+09:00
Application Inbox,3600.0,7.0,success,False,2026-08-21T00:07:05.249232+09:00
Application Incentive,,,failed,False,2026-08-27T21:17:53.742550+09:00
Application Index,110.0,0.0,success,False,2026-08-21T00:09:00.299581+09:00
Application Installment,,,failed,False,2026-08-23T16:14:37.846068+09:00
Application Item,390.0,1.0,success,False,2026-08-21T01:50:11.823899+09:00
Application Journal,27100.0,8.0,success,False,2026-08-21T00:06:08.424463+09:00
Application Keeper,5400.0,13.0,success,False,2026-08-21T00:05:29.824761+09:00
Application Kit,140.0,3.0,success,False,2026-08-27T22:51:22.989955+09:00
Application Lab,33100.0,5.0,success,False,2026-08-21T00:11:21.339663+09:00
Application Label,880.0,0.0,success,False,2026-08-27T22:13:24.343596+09:00
Application Layout,1900.0,7.0,success,False,2026-08-27T22:29:26.032496+09:00
Application Ledger,6600.0,15.0,success,False,2026-08-21T00:11:09.626115+09:00
Application Level,22200.0,23.0,success,False,2026-08-21T00:08:32.112101+09:00
Application Levy,,,failed,False,2026-08-23T13:46:21.678760+09:00
Application Line,60500.0,1.0,success,False,2026-08-21T00:07:23.788027+09:00
Application Link,2400.0,0.0,success,True,2026-08-23T03:23:22.521378+09:00
Application List,1000.0,1.0,success,False,2026-08-21T00:09:26.936437+09:00
Application Loan,673000.0,69.0,success,False,2026-08-21T02:08:27.719210+09:00
Application Lobby,590.0,2.0,success,False,2026-08-21T00:07:16.411531+09:00
Application Locator,260.0,3.0,success,False,2026-08-21T00:06:19.535864+09:00
Application Locker,6600.0,16.0,success,False,2026-08-21T00:06:33.457247+09:00
Application Log,2900.0,5.0,success,False,2026-08-21T00:07:41.757493+09:00
Application Loop,140.0,6.0,success,False,2026-08-21T00:10:37.172281+09:00
Application Manager,33100.0,4.0,success,False,2026-08-21T00:05:36.511484+09:00
Application Manual,1000.0,2.0,success,False,2026-08-27T22:13:27.898794+09:00
Application Map,49500.0,9.0,success,False,2026-08-21T00:10:55.494824+09:00
Application Marker,1300.0,1.0,success,False,2026-08-23T13:26:49.261296+09:00
Application Memo,9900.0,4.0,success,False,2026-08-21T00:26:55.838634+09:00
Application Message,6600.0,9.0,success,False,2026-08-27T23:17:00.312671+09:00
Application Monitor,1900.0,22.0,success,False,2026-08-21T00:05:53.181576+09:00
Application Nexus,880.0,1.0,success,False,2026-08-21T00:05:23.895920+09:00
Application Note,135000.0,29.0,success,False,2026-08-21T00:08:06.282154+09:00
Application Notification,8100.0,2.0,success,False,2026-08-27T22:51:13.312396+09:00
Application Number,8100.0,0.0,success,True,2026-08-23T03:23:15.682212+09:00
Application Office,880.0,12.0,success,False,2026-08-21T00:06:26.162440+09:00
Application Ops,390.0,3.0,success,False,2026-08-21T00:06:02.924923+09:00
Application Order,110.0,0.0,success,False,2026-08-21T00:09:11.987938+09:00
Application Outpost,,,failed,False,2026-08-21T00:06:48.646021+09:00
Application Overage,,,failed,False,2026-08-27T21:49:06.270483+09:00
Application Overdue,,,failed,False,2026-08-27T21:48:59.482652+09:00
Application Panel,70.0,2.0,success,False,2026-08-21T00:11:47.014910+09:00
Application Pass,1000.0,1.0,success,False,2026-08-21T00:26:21.311990+09:00
Application Passport,8100.0,27.0,success,False,2026-08-21T00:07:13.344965+09:00
Application Path,590.0,0.0,success,False,2026-08-21T00:10:48.719546+09:00
Application Payoff,,,failed,False,2026-08-27T21:49:01.717649+09:00
Application Penalty,110.0,3.0,success,False,2026-08-23T16:39:10.446274+09:00
Application Petition,110.0,5.0,success,False,2026-08-21T01:03:10.607434+09:00
Application Plan,2400.0,19.0,success,False,2026-08-21T01:50:23.005803+09:00
Application Planner,880.0,53.0,success,False,2026-08-21T00:05:45.974525+09:00
Application Playbook,40.0,5.0,success,False,2026-08-21T00:06:05.500178+09:00
Application Plaza,10.0,0.0,success,False,2026-08-21T00:06:52.239933+09:00
Application Point,720.0,2.0,success,False,2026-08-21T00:10:51.522547+09:00
Application Portal,27100.0,2.0,success,False,2026-08-21T00:11:41.126262+09:00
Application Post,210.0,3.0,success,False,2026-08-21T00:06:45.845117+09:00
Application Preview,1300.0,7.0,success,False,2026-08-28T01:04:22.068071+09:00
Application Profile,3600.0,1.0,success,False,2026-08-21T00:08:12.228304+09:00
Application Profit,210.0,9.0,success,False,2026-08-23T02:57:10.108047+09:00
Application Quota,30.0,0.0,success,False,2026-08-21T00:27:06.966469+09:00
Application Radar,4400.0,22.0,success,False,2026-08-21T00:10:04.105660+09:00
Application Rail,,,failed,False,2026-08-21T00:11:58.658369+09:00
Application Rate,390.0,0.0,success,False,2026-08-21T00:08:35.535549+09:00
Application Recap,,,failed,False,2026-08-21T01:03:23.160959+09:00
Application Receipt,390.0,0.0,success,False,2026-08-21T00:09:19.692750+09:00
Application Recorder,40.0,30.0,success,False,2026-08-27T23:32:20.228429+09:00
Application Register,5400.0,7.0,success,False,2026-08-21T00:05:58.957091+09:00
Application Relay,1000.0,4.0,success,False,2026-08-21T00:10:08.386733+09:00
Application Reminder,1600.0,5.0,success,False,2026-08-21T00:08:56.538180+09:00
Application Report,590.0,3.0,success,False,2026-08-21T00:07:38.957051+09:00
Application Repository,390.0,2.0,success,False,2026-08-27T23:09:56.910517+09:00
Application Result,320.0,1.0,success,False,2026-08-28T00:46:54.511345+09:00
Application Roll,480.0,2.0,success,False,2026-08-21T00:07:33.633888+09:00
Application Roster,,,failed,False,2026-08-21T00:07:02.641295+09:00
Application Route,1600.0,2.0,success,False,2026-08-21T00:11:53.848385+09:00
Application Rule,320.0,0.0,success,False,2026-08-23T03:23:22.521378+09:00
Application Sale,2400.0,3.0,success,False,2026-08-21T02:25:24.803683+09:00
Application Sample,880.0,2.0,success,False,2026-08-21T00:09:42.716549+09:00
Application Scale,6600.0,10.0,success,False,2026-08-21T00:11:51.224044+09:00
Application Scanner,14800.0,36.0,success,False,2026-08-27T23:52:22.402919+09:00
Application Scope,720.0,1.0,success,False,2026-08-21T00:10:34.597077+09:00
Application Score,720.0,7.0,success,False,2026-08-21T00:08:03.129328+09:00
Application Sheet,368000.0,5.0,success,False,2026-08-21T00:07:51.744677+09:00
Application Shortfall,,,failed,False,2026-08-27T21:49:11.230615+09:00
Application Signal,14800.0,8.0,success,False,2026-08-21T00:10:27.698876+09:00
Application Signature,9900.0,31.0,success,False,2026-08-23T13:26:46.141852+09:00
Application Slip,140.0,0.0,success,False,2026-08-21T00:09:38.850867+09:00
Application Slot,27100.0,9.0,success,False,2026-08-21T00:09:46.713564+09:00
Application Stage,390.0,1.0,success,False,2026-08-28T00:46:47.850580+09:00
Application Stake,90.0,8.0,success,False,2026-08-23T02:57:13.068042+09:00
Application Stamp,40.0,0.0,success,False,2026-08-23T13:26:52.809343+09:00
Application Statement,2400.0,0.0,success,True,2026-08-21T00:26:39.162393+09:00
Application Station,12100.0,3.0,success,False,2026-08-21T00:11:23.626216+09:00
Application Status,165000.0,0.0,success,True,2026-08-21T00:08:16.662845+09:00
Application Studio,8100.0,18.0,success,False,2026-08-21T00:11:18.069642+09:00
Application Subsidy,10.0,0.0,success,False,2026-08-23T15:51:39.388284+09:00
Application Sum,70.0,0.0,success,False,2026-08-21T02:25:03.924004+09:00
Application Summary,480.0,2.0,success,False,2026-08-21T00:08:50.298724+09:00
Application Tab,1600.0,14.0,success,False,2026-08-21T00:27:24.500136+09:00
Application Table,5400.0,4.0,success,False,2026-08-21T00:09:30.468859+09:00
Application Tag,70.0,0.0,success,False,2026-08-21T00:08:09.199254+09:00
Application Tally,,,failed,False,2026-08-21T00:26:43.816315+09:00
Application Tariff,,,failed,False,2026-08-21T02:42:16.992307+09:00
Application Tax,6600.0,32.0,success,False,2026-08-21T02:08:23.223151+09:00
Application Terminal,480.0,2.0,success,False,2026-08-21T00:11:27.452285+09:00
Application Ticker,10.0,5.0,success,False,2026-08-21T00:07:19.615144+09:00
Application Ticket,14800.0,28.0,success,False,2026-08-21T00:09:02.871951+09:00
Application Timeline,390.0,0.0,success,False,2026-08-21T00:08:53.382830+09:00
Application Timer,33100.0,9.0,success,False,2026-08-28T00:22:52.095414+09:00
Application Token,1600.0,1.0,success,False,2026-08-23T13:26:46.141852+09:00
Application Toll,,,failed,False,2026-08-21T02:42:11.511377+09:00
Application Toolbox,1900.0,2.0,success,False,2026-08-28T00:23:00.112605+09:00
Application Total,590.0,8.0,success,False,2026-08-27T23:17:02.463785+09:00
Application Tower,480.0,8.0,success,False,2026-08-21T00:06:57.541230+09:00
Application Tracker,40500.0,3.0,success,False,2026-08-21T00:09:53.180945+09:00
Application Trail,165000.0,3.0,success,False,2026-08-21T00:12:04.000178+09:00
Application Trend,880.0,5.0,success,False,2026-08-28T01:04:19.597729+09:00
Application Trial,2900.0,4.0,success,False,2026-08-27T21:17:51.217476+09:00
Application Unit,30.0,0.0,success,False,2026-08-21T01:50:44.435250+09:00
Application Update,90500.0,4.0,success,False,2026-08-21T00:08:39.923175+09:00
Application Vault,33100.0,3.0,success,False,2026-08-21T00:10:10.668873+09:00
Application Version,2900.0,1.0,success,False,2026-08-23T03:23:19.130954+09:00
Application View,4400.0,2.0,success,False,2026-08-21T00:08:19.938205+09:00
Application Wallet,5400.0,23.0,success,False,2026-08-27T22:51:22.989955+09:00
Application Watch,18100.0,65.0,success,False,2026-08-21T00:10:31.102119+09:00
Application Wave,49500.0,13.0,success,False,2026-08-21T00:10:46.000113+09:00
Application Widget,22200.0,4.0,success,False,2026-08-27T23:09:53.622041+09:00
Application Window,720.0,0.0,success,False,2026-08-21T00:07:30.087170+09:00
Application Worksheet,90.0,1.0,success,False,2026-08-27T22:13:31.267961+09:00
Application Yard,,,failed,False,2026-08-21T00:06:41.845552+09:00
Application Zone,1600.0,2.0,success,False,2026-08-21T00:11:37.455869+09:00
Appointment Advance,,,failed,False,2026-08-23T16:14:40.533655+09:00
Appointment Advisory,,,failed,False,2026-08-21T01:02:50.394287+09:00
Appointment Allowance,10.0,0.0,success,False,2026-08-21T02:38:37.938007+09:00
Appointment Almanac,,,failed,False,2026-08-18T22:02:48.638128+09:00
Appointment Analyzer,,,failed,False,2026-08-27T23:56:56.552521+09:00
Appointment Anchor,,,failed,False,2026-08-17T20:32:10.469810+09:00
Appointment Announcement,70.0,0.0,success,False,2026-08-27T23:35:13.146180+09:00
Appointment Assistant,70.0,12.0,success,False,2026-08-17T23:04:01.438390+09:00
Appointment Atlas,,,failed,False,2026-08-17T21:31:39.058447+09:00
Appointment Attribute,,,failed,False,2026-08-23T13:06:41.923671+09:00
Appointment Badge,,,failed,False,2026-08-21T00:25:15.691482+09:00
Appointment Balance,,,failed,False,2026-08-23T13:46:59.316345+09:00
Appointment Base,10.0,1.0,success,False,2026-08-17T20:46:16.531586+09:00
Appointment Beacon,,,failed,False,2026-08-17T20:36:11.237181+09:00
Appointment Bill,210.0,0.0,success,False,2026-08-19T21:52:45.174751+09:00
Appointment Blueprint,,,failed,False,2026-08-18T22:02:38.118746+09:00
Appointment Board,590.0,17.0,success,False,2026-08-17T20:43:34.295212+09:00
Appointment Book,9900.0,93.0,success,False,2026-08-19T21:53:47.413598+09:00
Appointment Bridge,,,failed,False,2026-08-17T20:33:21.754611+09:00
Appointment Brief,,,failed,False,2026-08-21T00:59:46.357323+09:00
Appointment Bulletin,,,failed,False,2026-08-21T00:59:40.549783+09:00
Appointment Calendar,2400.0,92.0,success,False,2026-08-18T23:57:13.406878+09:00
Appointment Card,2900.0,100.0,success,False,2026-08-19T13:24:52.365790+09:00
Appointment Cascade,,,failed,False,2026-08-17T20:34:18.335664+09:00
Appointment Cash,,,failed,False,2026-08-21T02:22:28.218601+09:00
Appointment Cashback,,,failed,False,2026-08-27T21:17:00.727259+09:00
Appointment Catalog,,,failed,False,2026-08-19T21:10:23.160245+09:00
Appointment Category,210.0,0.0,success,False,2026-08-23T13:06:38.895978+09:00
Appointment Center,390.0,4.0,success,False,2026-08-17T20:38:31.317013+09:00
Appointment Chain,,,failed,False,2026-08-17T21:36:57.018160+09:00
Appointment Charge,,,failed,False,2026-08-21T02:38:28.246618+09:00
Appointment Check,590.0,2.0,success,False,2026-08-19T13:25:08.614186+09:00
Appointment Checker,590.0,2.0,success,False,2026-08-27T23:56:47.564941+09:00
Appointment Checklist,30.0,0.0,success,False,2026-08-19T21:09:22.382807+09:00
Appointment Circular,,,failed,False,2026-08-21T01:01:57.606553+09:00
Appointment Cockpit,,,failed,False,2026-08-17T23:08:52.279570+09:00
Appointment Code,590.0,0.0,success,False,2026-08-19T21:53:13.442826+09:00
Appointment Codex,,,failed,False,2026-08-18T22:03:09.558659+09:00
Appointment Companion,110.0,17.0,success,False,2026-08-17T23:11:27.104300+09:00
Appointment Comparison,,,failed,False,2026-08-28T01:06:54.096928+09:00
Appointment Compass,,,failed,False,2026-08-17T20:37:08.027448+09:00
Appointment Compendium,,,failed,False,2026-08-18T22:02:59.013018+09:00
Appointment Confirmation,5400.0,2.0,success,False,2026-08-21T01:00:01.570868+09:00
Appointment Console,,,failed,False,2026-08-17T20:35:44.075031+09:00
Appointment Copayment,,,failed,False,2026-08-23T16:39:00.201041+09:00
Appointment Core,320.0,15.0,success,False,2026-08-17T20:45:28.437462+09:00
Appointment Cost,30.0,1.0,success,False,2026-08-21T02:06:44.237427+09:00
Appointment Count,,,failed,False,2026-08-27T22:49:08.559687+09:00
Appointment Counter,,,failed,False,2026-08-18T23:58:15.272323+09:00
Appointment Coupon,,,failed,False,2026-08-27T21:16:57.719069+09:00
Appointment Dashboard,260.0,7.0,success,False,2026-08-17T23:04:12.037031+09:00
Appointment Deal,,,failed,False,2026-08-21T01:50:28.240015+09:00
Appointment Debt,,,failed,False,2026-08-21T02:22:16.250751+09:00
Appointment Deck,,,failed,False,2026-08-17T20:42:41.908187+09:00
Appointment Depot,10.0,0.0,success,False,2026-08-18T23:57:53.791592+09:00
Appointment Desk,110.0,49.0,success,False,2026-08-17T20:40:42.163784+09:00
Appointment Detail,30.0,0.0,success,False,2026-08-23T03:18:00.174345+09:00
Appointment Detector,,,failed,False,2026-08-27T23:56:53.046222+09:00
Appointment Diagram,,,failed,False,2026-08-27T22:12:02.778487+09:00
Appointment Dial,,,failed,False,2026-08-17T20:33:51.962760+09:00
Appointment Digest,,,failed,False,2026-08-19T20:41:00.818648+09:00
Appointment Directory,,,failed,False,2026-08-18T23:57:22.753165+09:00
Appointment Discount,,,failed,False,2026-08-23T16:14:33.783950+09:00
Appointment Dock,,,failed,False,2026-08-17T21:41:36.452024+09:00
Appointment Dossier,10.0,0.0,success,False,2026-08-21T01:00:04.597458+09:00
Appointment Downpayment,,,failed,False,2026-08-27T21:48:04.359972+09:00
Appointment Draft,,,failed,False,2026-08-19T20:41:20.028487+09:00
Appointment Due,10.0,3.0,success,False,2026-08-23T15:51:47.066948+09:00
Appointment Duty,10.0,0.0,success,False,2026-08-21T02:38:33.089549+09:00
Appointment Engine,,,failed,False,2026-08-17T23:05:17.262710+09:00
Appointment Entry,,,failed,False,2026-08-21T01:00:20.571072+09:00
Appointment Estimate,,,failed,False,2026-08-19T21:10:11.430001+09:00
Appointment Estimator,,,failed,False,2026-08-27T23:56:47.564941+09:00
Appointment Excerpt,,,failed,False,2026-08-21T01:00:16.070819+09:00
Appointment Extension,10.0,6.0,success,False,2026-08-23T16:39:03.767500+09:00
Appointment Fare,,,failed,False,2026-08-21T02:06:57.377866+09:00
Appointment Fee,170.0,0.0,success,False,2026-08-21T01:49:57.762710+09:00
Appointment Feed,,,failed,False,2026-08-19T20:41:10.828189+09:00
Appointment Field,,,failed,False,2026-08-23T13:06:44.617990+09:00
Appointment File,20.0,0.0,success,False,2026-08-19T20:40:22.983274+09:00
Appointment Finder,210.0,12.0,success,False,2026-08-18T23:57:42.935137+09:00
Appointment Fine,,,failed,False,2026-08-23T02:54:06.073801+09:00
Appointment Flag,,,failed,False,2026-08-21T00:26:02.753353+09:00
Appointment Flow,20.0,31.0,success,False,2026-08-17T20:43:08.098438+09:00
Appointment Forge,,,failed,False,2026-08-17T20:35:12.658616+09:00
Appointment Form,880.0,11.0,success,False,2026-08-19T13:24:29.465553+09:00
Appointment Format,880.0,11.0,success,False,2026-08-23T13:06:47.092391+09:00
Appointment Frame,,,failed,False,2026-08-17T20:47:33.914967+09:00
Appointment Fund,,,failed,False,2026-08-21T02:22:21.674947+09:00
Appointment Gate,,,failed,False,2026-08-17T21:33:48.082783+09:00
Appointment Generator,210.0,27.0,success,False,2026-08-27T23:35:16.240815+09:00
Appointment Giveaway,,,failed,False,2026-08-27T21:17:07.956821+09:00
Appointment Grade,,,failed,False,2026-08-21T00:25:43.310750+09:00
Appointment Graph,,,failed,False,2026-08-27T22:11:47.365503+09:00
Appointment Grid,10.0,6.0,success,False,2026-08-17T21:37:36.095439+09:00
Appointment Guarantee,,,failed,False,2026-08-28T01:07:05.829192+09:00
Appointment Guard,,,failed,False,2026-08-17T20:45:51.407426+09:00
Appointment Guardian,,,failed,False,2026-08-28T00:26:01.082990+09:00
Appointment Guidebook,,,failed,False,2026-08-18T22:03:28.331445+09:00
Appointment Helpdesk,,,failed,False,2026-08-27T22:49:12.101032+09:00
Appointment Helper,,,failed,False,2026-08-28T00:26:03.782064+09:00
Appointment History,90.0,0.0,success,False,2026-08-19T20:40:17.061535+09:00
Appointment Hotline,110.0,4.0,success,False,2026-08-19T21:10:33.360879+09:00
Appointment Hub,70.0,4.0,success,False,2026-08-17T20:42:13.997557+09:00
Appointment Identifier,,,failed,False,2026-08-23T13:06:36.915804+09:00
Appointment Incentive,,,failed,False,2026-08-27T21:17:03.008156+09:00
Appointment Index,10.0,,success,False,2026-08-19T21:09:32.906956+09:00
Appointment Insight,,,failed,False,2026-08-17T23:04:59.397693+09:00
Appointment Installment,,,failed,False,2026-08-23T16:14:37.846068+09:00
Appointment Item,,,failed,False,2026-08-21T01:50:02.348824+09:00
Appointment Journal,140.0,100.0,success,False,2026-08-18T22:03:05.761687+09:00
Appointment Keeper,20.0,57.0,success,False,2026-08-17T20:48:13.207047+09:00
Appointment Lab,5400.0,4.0,success,False,2026-08-17T20:41:03.029394+09:00
Appointment Label,,,failed,False,2026-08-27T22:11:50.573955+09:00
Appointment Ledger,20.0,13.0,success,False,2026-08-17T20:44:23.108645+09:00
Appointment Lens,,,failed,False,2026-08-17T20:49:39.030080+09:00
Appointment Level,10.0,0.0,success,False,2026-08-19T20:40:32.306082+09:00
Appointment Levy,,,failed,False,2026-08-23T13:47:02.952399+09:00
Appointment Link,210.0,18.0,success,False,2026-08-23T03:17:50.653872+09:00
Appointment List,260.0,4.0,success,False,2026-08-19T21:53:24.173556+09:00
Appointment Loan,,,failed,False,2026-08-21T02:07:07.042559+09:00
Appointment Locator,90.0,5.0,success,False,2026-08-18T23:57:35.193051+09:00
Appointment Lock,,,failed,False,2026-08-17T21:32:15.070878+09:00
Appointment Log,140.0,57.0,success,False,2026-08-19T13:24:17.578330+09:00
Appointment Loop,,,failed,False,2026-08-17T21:38:40.825363+09:00
Appointment Manager,390.0,26.0,success,False,2026-08-17T20:46:56.962156+09:00
Appointment Manual,,,failed,False,2026-08-27T22:11:56.077657+09:00
Appointment Map,,,failed,False,2026-08-17T21:31:02.177338+09:00
Appointment Margin,,,failed,False,2026-08-23T02:54:03.941195+09:00
Appointment Markup,,,failed,False,2026-08-23T16:39:00.201041+09:00
Appointment Memo,50.0,0.0,success,False,2026-08-21T00:25:50.747055+09:00
Appointment Message,170.0,5.0,success,False,2026-08-27T23:14:27.057874+09:00
Appointment Meter,,,failed,False,2026-08-17T20:32:47.475978+09:00
Appointment Metrics,,,failed,False,2026-08-17T23:09:52.206266+09:00
Appointment Monitor,,,failed,False,2026-08-17T23:05:47.972316+09:00
Appointment Navigator,,,failed,False,2026-08-17T22:46:53.613180+09:00
Appointment Nexus,,,failed,False,2026-08-17T21:32:50.995270+09:00
Appointment Node,,,failed,False,2026-08-17T21:34:55.256705+09:00
Appointment Note,260.0,10.0,success,False,2026-08-19T13:25:50.130591+09:00
Appointment Notification,4400.0,0.0,success,True,2026-08-27T22:49:02.475082+09:00
Appointment Number,480.0,9.0,success,False,2026-08-23T03:17:44.508741+09:00
Appointment Office,2400.0,3.0,success,False,2026-08-18T23:58:01.279851+09:00
Appointment Ops,,,failed,False,2026-08-17T23:06:02.733299+09:00
Appointment Order,1000.0,0.0,success,True,2026-08-19T21:52:31.796696+09:00
Appointment Organizer,70.0,100.0,success,False,2026-08-17T23:07:07.612411+09:00
Appointment Overage,,,failed,False,2026-08-27T21:48:00.691172+09:00
Appointment Overdue,,,failed,False,2026-08-27T21:47:56.115586+09:00
Appointment Panel,10.0,0.0,success,False,2026-08-17T20:34:43.926118+09:00
Appointment Pass,50.0,0.0,success,False,2026-08-21T00:25:02.156940+09:00
Appointment Path,,,failed,False,2026-08-17T21:34:24.214520+09:00
Appointment Payoff,,,failed,False,2026-08-27T21:47:58.388035+09:00
Appointment Penalty,,,failed,False,2026-08-23T16:38:57.916604+09:00
Appointment Petition,,,failed,False,2026-08-21T00:59:56.543467+09:00
Appointment Pilot,,,failed,False,2026-08-17T20:41:24.809383+09:00
Appointment Plan,1900.0,100.0,success,False,2026-08-21T01:50:23.005803+09:00
Appointment Planner,1900.0,100.0,success,False,2026-08-17T22:48:05.376281+09:00
Appointment Playbook,,,failed,False,2026-08-18T22:02:54.576094+09:00
Appointment Point,10.0,1.0,success,False,2026-08-17T21:33:20.961288+09:00
Appointment Portal,720.0,7.0,success,False,2026-08-17T20:36:39.507807+09:00
Appointment Preview,,,failed,False,2026-08-28T01:06:58.788190+09:00
Appointment Profile,,,failed,False,2026-08-19T13:26:10.178451+09:00
Appointment Profit,,,failed,False,2026-08-23T02:53:52.134740+09:00
Appointment Proposal,30.0,0.0,success,False,2026-08-28T01:07:01.226912+09:00
Appointment Pulse,,,failed,False,2026-08-17T21:36:30.682605+09:00
Appointment Queue,40.0,3.0,success,False,2026-08-19T21:09:59.006110+09:00
Appointment Quota,10.0,0.0,success,False,2026-08-21T00:25:57.789837+09:00
Appointment Radar,10.0,0.0,success,False,2026-08-17T20:39:52.233588+09:00
Appointment Rail,,,failed,False,2026-08-17T21:39:34.435552+09:00
Appointment Rate,20.0,0.0,success,False,2026-08-19T20:40:40.887904+09:00
Appointment Recap,,,failed,False,2026-08-21T01:02:10.080773+09:00
Appointment Receipt,110.0,1.0,success,False,2026-08-19T21:52:57.085670+09:00
Appointment Recorder,,,failed,False,2026-08-27T23:35:20.435817+09:00
Appointment Register,1000.0,3.0,success,False,2026-08-17T23:10:31.513884+09:00
Appointment Registry,1000.0,3.0,success,False,2026-08-18T21:11:26.018001+09:00
Appointment Relay,,,failed,False,2026-08-17T20:38:59.956902+09:00
Appointment Reminder,2900.0,28.0,success,False,2026-08-19T21:09:08.250321+09:00
Appointment Report,40.0,4.0,success,False,2026-08-19T13:24:07.507599+09:00
Appointment Repository,,,failed,False,2026-08-27T23:14:37.141829+09:00
Appointment Result,,,failed,False,2026-08-28T00:48:02.582128+09:00
Appointment Roadmap,,,failed,False,2026-08-18T22:03:21.744324+09:00
Appointment Roster,10.0,0.0,success,False,2026-08-19T00:36:36.073889+09:00
Appointment Route,,,failed,False,2026-08-18T07:43:33.708043+09:00
Appointment Rule,0.0,,success,False,2026-08-23T03:17:54.192615+09:00
Appointment Sale,,,failed,False,2026-08-21T02:22:32.305318+09:00
Appointment Sample,70.0,0.0,success,False,2026-08-19T21:54:10.446339+09:00
Appointment Scale,,,failed,False,2026-08-17T20:31:36.969919+09:00
Appointment Scanner,320.0,4.0,success,False,2026-08-27T23:56:50.543102+09:00
Appointment Scheduler,6600.0,32.0,success,False,2026-08-17T23:08:08.981233+09:00
Appointment Scope,,,failed,False,2026-08-17T21:41:04.521769+09:00
Appointment Score,,,failed,False,2026-08-19T13:25:22.323430+09:00
Appointment Sentry,,,failed,False,2026-08-17T21:30:30.781560+09:00
Appointment Sheet,390.0,47.0,success,False,2026-08-19T13:24:58.997710+09:00
Appointment Shortfall,,,failed,False,2026-08-27T21:48:07.167837+09:00
Appointment Signal,,,failed,False,2026-08-18T07:43:23.332018+09:00
Appointment Slip,590.0,17.0,success,False,2026-08-19T21:53:57.995655+09:00
Appointment Slot,390.0,4.0,success,False,2026-08-19T21:54:19.584048+09:00
Appointment Snapshot,,,failed,False,2026-08-18T22:03:16.704658+09:00
Appointment Stage,,,failed,False,2026-08-28T00:48:02.582128+09:00
Appointment Stake,,,failed,False,2026-08-23T02:53:58.718739+09:00
Appointment Stamp,90.0,64.0,success,False,2026-08-23T13:27:34.278860+09:00
Appointment Statement,10.0,0.0,success,False,2026-08-21T00:25:29.281502+09:00
Appointment Station,,,failed,False,2026-08-17T20:40:19.019495+09:00
Appointment Status,260.0,0.0,success,False,2026-08-19T20:39:55.789733+09:00
Appointment Stub,10.0,0.0,success,False,2026-08-21T00:25:21.406032+09:00
Appointment Studio,,,failed,False,2026-08-17T20:41:54.470071+09:00
Appointment Suite,,,failed,False,2026-08-17T23:06:24.757707+09:00
Appointment Sum,,,failed,False,2026-08-21T02:22:13.751196+09:00
Appointment Summary,70.0,2.0,success,False,2026-08-19T21:08:43.971729+09:00
Appointment Sync,,,failed,False,2026-08-17T20:44:04.848400+09:00
Appointment Tab,140.0,51.0,success,False,2026-08-21T00:26:07.923229+09:00
Appointment Table,70.0,72.0,success,False,2026-08-19T21:53:34.201182+09:00
Appointment Tag,,,failed,False,2026-08-19T13:25:58.679936+09:00
Appointment Tally,,,failed,False,2026-08-21T00:25:38.806657+09:00
Appointment Tariff,,,failed,False,2026-08-21T02:38:41.018051+09:00
Appointment Tax,,,failed,False,2026-08-21T02:07:02.181648+09:00
Appointment Ticket,90.0,1.0,success,False,2026-08-19T21:09:44.414904+09:00
Appointment Timeline,,,failed,False,2026-08-19T21:08:54.298412+09:00
Appointment Timer,1600.0,2.0,success,False,2026-08-28T00:25:56.872854+09:00
Appointment Toll,,,failed,False,2026-08-21T02:38:35.767249+09:00
Appointment Toolbox,,,failed,False,2026-08-28T00:26:01.082990+09:00
Appointment Toolkit,0.0,,success,False,2026-08-18T22:02:44.404885+09:00
Appointment Total,,,failed,False,2026-08-27T23:14:27.057874+09:00
Appointment Tracker,390.0,78.0,success,False,2026-08-17T20:44:51.445524+09:00
Appointment Trail,,,failed,False,2026-08-17T21:38:08.965654+09:00
Appointment Trend,,,failed,False,2026-08-28T01:06:51.354656+09:00
Appointment Trial,,,failed,False,2026-08-27T21:17:03.008156+09:00
Appointment Unit,40.0,2.0,success,False,2026-08-21T01:50:44.435250+09:00
Appointment Update,30.0,0.0,success,False,2026-08-19T20:40:46.834660+09:00
Appointment Value,,,failed,False,2026-08-23T02:53:54.584586+09:00
Appointment Vault,,,failed,False,2026-08-17T20:38:06.157627+09:00
Appointment Version,,,failed,False,2026-08-23T03:17:46.671515+09:00
Appointment View,320.0,0.0,success,False,2026-08-19T20:40:06.734480+09:00
Appointment Voucher,,,failed,False,2026-08-21T00:25:07.096192+09:00
Appointment Watch,10.0,86.0,success,False,2026-08-18T07:43:25.661274+09:00
Appointment Wave,,,failed,False,2026-08-17T21:35:22.295985+09:00
Appointment Widget,30.0,23.0,success,False,2026-08-27T23:14:33.058842+09:00
Appointment Workbench,,,failed,False,2026-08-18T22:02:33.707465+09:00
Appointment Worksheet,10.0,0.0,success,False,2026-08-27T22:11:56.077657+09:00
Appointment Zone,,,failed,False,2026-08-17T20:37:38.706086+09:00
Appraisal Advance,,,failed,False,2026-08-23T16:11:21.537507+09:00
Appraisal Advisory,10.0,14.0,success,False,2026-08-21T01:04:00.035751+09:00
Appraisal Allowance,,,failed,False,2026-08-21T02:39:12.661070+09:00
Appraisal Almanac,,,failed,False,2026-08-18T22:05:27.658262+09:00
Appraisal Analyzer,,,failed,False,2026-08-27T23:53:07.557701+09:00
Appraisal Anchor,,,failed,False,2026-08-17T20:41:46.079279+09:00
Appraisal Announcement,10.0,0.0,success,False,2026-08-27T23:32:42.762901+09:00
Appraisal Arrears,20.0,0.0,success,False,2026-08-23T16:11:16.199786+09:00
Appraisal Asset,170.0,15.0,success,False,2026-08-23T13:46:40.614274+09:00
Appraisal Assistant,70.0,4.0,success,False,2026-08-17T23:04:48.646277+09:00
Appraisal Atlas,,,failed,False,2026-08-17T20:31:59.985806+09:00
Appraisal Attribute,,,failed,False,2026-08-23T13:04:57.008398+09:00
Appraisal Badge,,,failed,False,2026-08-21T00:27:53.671746+09:00
Appraisal Base,,,failed,False,2026-08-17T20:36:56.303275+09:00
Appraisal Beacon,,,failed,False,2026-08-17T20:45:15.345040+09:00
Appraisal Bill,,,failed,False,2026-08-19T21:50:21.596797+09:00
Appraisal Blueprint,,,failed,False,2026-08-18T22:05:19.741515+09:00
Appraisal Board,140.0,7.0,success,False,2026-08-17T20:34:07.278551+09:00
Appraisal Book,590.0,46.0,success,False,2026-08-19T21:51:16.066048+09:00
Appraisal Bridge,10.0,0.0,success,False,2026-08-17T20:42:24.319818+09:00
Appraisal Brief,,,failed,False,2026-08-21T01:03:51.285961+09:00
Appraisal Bulletin,,,failed,False,2026-08-21T01:03:45.407835+09:00
Appraisal Cabinet,,,failed,False,2026-08-27T23:10:17.409830+09:00
Appraisal Calculator,1000.0,14.0,success,False,2026-08-27T23:32:42.762901+09:00
Appraisal Calendar,10.0,0.0,success,False,2026-08-18T23:59:44.805528+09:00
Appraisal Card,70.0,2.0,success,False,2026-08-19T13:26:15.412219+09:00
Appraisal Cascade,,,failed,False,2026-08-17T20:43:25.230587+09:00
Appraisal Cash,,,failed,False,2026-08-21T02:22:40.576459+09:00
Appraisal Cashback,,,failed,False,2026-08-27T21:13:04.814179+09:00
Appraisal Catalog,,,failed,False,2026-08-19T21:04:08.048540+09:00
Appraisal Category,,,failed,False,2026-08-23T13:04:54.297618+09:00
Appraisal Center,50.0,0.0,success,False,2026-08-17T20:47:58.336807+09:00
Appraisal Chain,,,failed,False,2026-08-17T20:36:56.303275+09:00
Appraisal Charge,70.0,1.0,success,False,2026-08-21T02:39:04.967500+09:00
Appraisal Check,20.0,26.0,success,False,2026-08-19T13:27:02.036577+09:00
Appraisal Checker,20.0,26.0,success,False,2026-08-27T23:52:54.402675+09:00
Appraisal Checklist,210.0,6.0,success,False,2026-08-19T21:07:16.203533+09:00
Appraisal Circular,,,failed,False,2026-08-21T01:03:56.741736+09:00
Appraisal Cockpit,,,failed,False,2026-08-17T23:04:09.987003+09:00
Appraisal Code,20.0,0.0,success,False,2026-08-19T21:50:44.390054+09:00
Appraisal Codex,,,failed,False,2026-08-18T22:05:45.987777+09:00
Appraisal Companion,,,failed,False,2026-08-17T23:15:16.385703+09:00
Appraisal Comparison,,,failed,False,2026-08-28T01:04:49.164769+09:00
Appraisal Compass,,,failed,False,2026-08-17T20:46:03.469899+09:00
Appraisal Compendium,,,failed,False,2026-08-18T22:05:38.221943+09:00
Appraisal Confirmation,20.0,6.0,success,False,2026-08-21T01:04:13.537026+09:00
Appraisal Console,,,failed,False,2026-08-17T20:44:37.629482+09:00
Appraisal Core,,,failed,False,2026-08-17T20:35:55.625501+09:00
Appraisal Cost,3600.0,23.0,success,False,2026-08-21T02:06:01.492109+09:00
Appraisal Count,,,failed,False,2026-08-27T22:46:12.811571+09:00
Appraisal Counter,,,failed,False,2026-08-18T23:57:28.259874+09:00
Appraisal Coupon,,,failed,False,2026-08-27T21:13:01.722363+09:00
Appraisal Dashboard,20.0,30.0,success,False,2026-08-17T23:08:25.865498+09:00
Appraisal Deal,,,failed,False,2026-08-21T01:50:54.648591+09:00
Appraisal Debt,,,failed,False,2026-08-21T02:22:28.218601+09:00
Appraisal Deck,10.0,2.0,success,False,2026-08-17T20:33:05.160713+09:00
Appraisal Depot,10.0,0.0,success,False,2026-08-18T23:57:02.622913+09:00
Appraisal Desk,110.0,27.0,success,False,2026-08-18T07:52:23.466246+09:00
Appraisal Detail,,,failed,False,2026-08-23T03:19:37.789366+09:00
Appraisal Detector,,,failed,False,2026-08-27T23:53:00.851680+09:00
Appraisal Dial,,,failed,False,2026-08-17T20:42:52.966707+09:00
Appraisal Digest,,,failed,False,2026-08-19T20:46:30.162701+09:00
Appraisal Directory,10.0,50.0,success,False,2026-08-18T23:59:53.624295+09:00
Appraisal Discount,,,failed,False,2026-08-23T16:11:11.053977+09:00
Appraisal Dock,,,failed,False,2026-08-17T20:39:41.640400+09:00
Appraisal Dossier,,,failed,False,2026-08-21T01:04:18.102523+09:00
Appraisal Draft,10.0,10.0,success,False,2026-08-19T20:46:42.465530+09:00
Appraisal Due,10.0,0.0,success,False,2026-08-23T15:51:44.971205+09:00
Appraisal Duty,,,failed,False,2026-08-21T02:39:07.071635+09:00
Appraisal Engine,140.0,17.0,success,False,2026-08-17T23:13:22.671425+09:00
Appraisal Entry,,,failed,False,2026-08-21T01:05:11.632109+09:00
Appraisal Estimate,480.0,37.0,success,False,2026-08-19T21:03:55.204280+09:00
Appraisal Estimator,1000.0,14.0,success,False,2026-08-27T23:52:54.402675+09:00
Appraisal Excerpt,,,failed,False,2026-08-21T01:04:35.050629+09:00
Appraisal Extension,10.0,0.0,success,False,2026-08-23T16:37:26.596455+09:00
Appraisal Fare,,,failed,False,2026-08-21T02:06:17.677670+09:00
Appraisal Fee,1600.0,7.0,success,False,2026-08-21T01:50:32.476329+09:00
Appraisal Feed,,,failed,False,2026-08-19T20:46:36.801455+09:00
Appraisal Field,,,failed,False,2026-08-23T13:05:04.506045+09:00
Appraisal File,20.0,0.0,success,False,2026-08-19T20:46:08.912085+09:00
Appraisal Finder,,,failed,False,2026-08-19T00:00:16.279363+09:00
Appraisal Fine,,,failed,False,2026-08-23T02:54:43.780312+09:00
Appraisal Flag,,,failed,False,2026-08-21T00:28:46.684495+09:00
Appraisal Flow,10.0,0.0,success,False,2026-08-17T20:33:40.236931+09:00
Appraisal Forge,,,failed,False,2026-08-17T20:44:15.738532+09:00
Appraisal Form,6600.0,6.0,success,False,2026-08-19T13:26:07.690748+09:00
Appraisal Format,6600.0,6.0,success,False,2026-08-23T13:05:07.059909+09:00
Appraisal Frame,,,failed,False,2026-08-17T20:37:55.339961+09:00
Appraisal Fund,,,failed,False,2026-08-21T02:22:32.305318+09:00
Appraisal Gate,,,failed,False,2026-08-17T20:34:08.377719+09:00
Appraisal Generator,10.0,43.0,success,False,2026-08-27T23:32:49.894310+09:00
Appraisal Giveaway,,,failed,False,2026-08-27T21:13:15.493972+09:00
Appraisal Grade,,,failed,False,2026-08-21T00:28:23.086581+09:00
Appraisal Graph,,,failed,False,2026-08-27T22:07:14.755817+09:00
Appraisal Grid,50.0,0.0,success,False,2026-08-17T20:37:24.505740+09:00
Appraisal Guarantee,260.0,1.0,success,False,2026-08-28T01:04:51.979139+09:00
Appraisal Guard,10.0,0.0,success,False,2026-08-17T20:36:21.712002+09:00
Appraisal Guardian,,,failed,False,2026-08-28T00:23:21.269207+09:00
Appraisal Guidebook,,,failed,False,2026-08-18T22:05:00.347281+09:00
Appraisal Helpdesk,,,failed,False,2026-08-27T22:46:20.664142+09:00
Appraisal Helper,,,failed,False,2026-08-28T00:23:26.429201+09:00
Appraisal History,90.0,15.0,success,False,2026-08-19T20:46:04.507912+09:00
Appraisal Hotline,,,failed,False,2026-08-19T21:04:19.743151+09:00
Appraisal Hub,260.0,7.0,success,False,2026-08-17T20:32:32.905502+09:00
Appraisal Identifier,10.0,3.0,success,False,2026-08-23T13:04:50.850524+09:00
Appraisal Incentive,,,failed,False,2026-08-27T21:13:10.326383+09:00
Appraisal Index,50.0,2.0,success,False,2026-08-19T21:07:25.102552+09:00
Appraisal Insight,,,failed,False,2026-08-17T23:09:50.041087+09:00
Appraisal Installment,,,failed,False,2026-08-23T16:11:13.672713+09:00
Appraisal Item,140.0,16.0,success,False,2026-08-21T01:50:37.837516+09:00
Appraisal Journal,590.0,0.0,success,False,2026-08-18T22:04:38.583463+09:00
Appraisal Keeper,,,failed,False,2026-08-17T20:38:16.946588+09:00
Appraisal Kit,50.0,22.0,success,False,2026-08-27T22:46:08.024081+09:00
Appraisal Lab,10.0,0.0,success,False,2026-08-18T07:43:42.936129+09:00
Appraisal Label,,,failed,False,2026-08-27T22:07:17.176446+09:00
Appraisal Ledger,,,failed,False,2026-08-17T20:34:58.202084+09:00
Appraisal Lens,,,failed,False,2026-08-18T07:43:30.092641+09:00
Appraisal Level,70.0,1.0,success,False,2026-08-19T20:46:13.766068+09:00
Appraisal Levy,,,failed,False,2026-08-23T13:46:43.137504+09:00
Appraisal Link,40.0,5.0,success,False,2026-08-23T03:19:30.157366+09:00
Appraisal List,50.0,4.0,success,False,2026-08-19T21:50:54.613076+09:00
Appraisal Loan,480.0,4.0,success,False,2026-08-21T02:06:27.364500+09:00
Appraisal Locator,,,failed,False,2026-08-19T00:00:05.096380+09:00
Appraisal Lock,,,failed,False,2026-08-17T20:32:36.001496+09:00
Appraisal Log,10.0,7.0,success,False,2026-08-19T13:25:55.543115+09:00
Appraisal Loop,,,failed,False,2026-08-17T20:38:19.209708+09:00
Appraisal Manager,70.0,2.0,success,False,2026-08-17T20:37:21.758511+09:00
Appraisal Manual,90.0,0.0,success,False,2026-08-27T22:07:19.639710+09:00
Appraisal Map,70.0,13.0,success,False,2026-08-18T07:43:28.535953+09:00
Appraisal Margin,,,failed,False,2026-08-23T02:54:41.831535+09:00
Appraisal Markup,,,failed,False,2026-08-23T16:37:24.399501+09:00
Appraisal Memo,10.0,3.0,success,False,2026-08-21T00:28:32.365756+09:00
Appraisal Message,20.0,2.0,success,False,2026-08-27T23:10:12.340839+09:00
Appraisal Meter,,,failed,False,2026-08-17T20:42:06.946542+09:00
Appraisal Metrics,10.0,0.0,success,False,2026-08-17T23:13:41.173741+09:00
Appraisal Monitor,,,failed,False,2026-08-17T23:06:41.076830+09:00
Appraisal Navigator,,,failed,False,2026-08-17T23:11:23.614440+09:00
Appraisal Nexus,,,failed,False,2026-08-17T20:33:08.305690+09:00
Appraisal Node,,,failed,False,2026-08-17T20:35:00.475766+09:00
Appraisal Note,140.0,3.0,success,False,2026-08-19T13:27:22.269137+09:00
Appraisal Notification,,,failed,False,2026-08-27T22:46:05.352618+09:00
Appraisal Number,20.0,9.0,success,False,2026-08-23T03:19:24.648506+09:00
Appraisal Office,1300.0,7.0,success,False,2026-08-18T23:57:18.728861+09:00
Appraisal Ops,,,failed,False,2026-08-17T23:10:08.054607+09:00
Appraisal Order,210.0,27.0,success,False,2026-08-19T21:50:09.573666+09:00
Appraisal Organizer,,,failed,False,2026-08-17T23:14:59.429645+09:00
Appraisal Overdue,,,failed,False,2026-08-27T21:46:01.626926+09:00
Appraisal Panel,20.0,3.0,success,False,2026-08-17T20:43:55.064759+09:00
Appraisal Pass,,,failed,False,2026-08-21T00:27:37.591897+09:00
Appraisal Path,,,failed,False,2026-08-17T20:34:34.179062+09:00
Appraisal Penalty,,,failed,False,2026-08-23T16:37:21.516331+09:00
Appraisal Petition,,,failed,False,2026-08-21T01:04:04.572867+09:00
Appraisal Pilot,70.0,4.0,success,False,2026-08-18T07:52:20.987077+09:00
Appraisal Plan,170.0,16.0,success,False,2026-08-21T01:50:57.666770+09:00
Appraisal Planner,,,failed,False,2026-08-17T23:08:06.421601+09:00
Appraisal Playbook,,,failed,False,2026-08-18T22:04:29.881802+09:00
Appraisal Point,90.0,2.0,success,False,2026-08-17T20:33:41.175079+09:00
Appraisal Portal,110.0,2.0,success,False,2026-08-17T20:45:42.370254+09:00
Appraisal Preview,,,failed,False,2026-08-28T01:04:49.164769+09:00
Appraisal Profile,,,failed,False,2026-08-19T13:27:50.683202+09:00
Appraisal Proposal,20.0,2.0,success,False,2026-08-28T01:04:51.979139+09:00
Appraisal Pulse,,,failed,False,2026-08-17T20:36:22.753454+09:00
Appraisal Queue,,,failed,False,2026-08-19T21:03:38.962662+09:00
Appraisal Quota,,,failed,False,2026-08-21T00:28:39.996166+09:00
Appraisal Radar,,,failed,False,2026-08-17T21:30:47.592348+09:00
Appraisal Rail,,,failed,False,2026-08-17T20:38:43.149907+09:00
Appraisal Rate,90.0,4.0,success,False,2026-08-19T20:46:20.200545+09:00
Appraisal Recap,,,failed,False,2026-08-21T01:04:22.356565+09:00
Appraisal Receipt,20.0,4.0,success,False,2026-08-19T21:50:33.278837+09:00
Appraisal Recorder,,,failed,False,2026-08-27T23:32:54.562632+09:00
Appraisal Register,,,failed,False,2026-08-17T23:05:59.212452+09:00
Appraisal Registry,50.0,1.0,success,False,2026-08-18T22:05:10.153828+09:00
Appraisal Relay,,,failed,False,2026-08-17T20:48:31.729678+09:00
Appraisal Reminder,,,failed,False,2026-08-19T21:07:04.594270+09:00
Appraisal Report,1900.0,7.0,success,False,2026-08-19T13:25:47.267780+09:00
Appraisal Repository,,,failed,False,2026-08-27T23:10:17.409830+09:00
Appraisal Result,50.0,10.0,success,False,2026-08-28T00:47:05.716612+09:00
Appraisal Roadmap,,,failed,False,2026-08-18T22:05:53.928204+09:00
Appraisal Roster,10.0,4.0,success,False,2026-08-19T00:36:42.974778+09:00
Appraisal Route,,,failed,False,2026-08-17T20:40:32.567080+09:00
Appraisal Rule,40.0,1.0,success,False,2026-08-23T03:19:32.678416+09:00
Appraisal Sale,,,failed,False,2026-08-21T02:22:45.760304+09:00
Appraisal Sample,390.0,4.0,success,False,2026-08-19T21:51:38.533092+09:00
Appraisal Scale,20.0,0.0,success,False,2026-08-17T20:41:16.510977+09:00
Appraisal Scanner,,,failed,False,2026-08-27T23:52:57.703687+09:00
Appraisal Scheduler,,,failed,False,2026-08-17T23:12:02.312580+09:00
Appraisal Scope,480.0,1.0,success,False,2026-08-17T20:39:15.324728+09:00
Appraisal Score,110.0,3.0,success,False,2026-08-19T13:27:09.579518+09:00
Appraisal Sentry,,,failed,False,2026-08-18T07:43:44.841764+09:00
Appraisal Sheet,260.0,3.0,success,False,2026-08-19T13:26:40.628357+09:00
Appraisal Signal,,,failed,False,2026-08-17T20:40:52.985789+09:00
Appraisal Signature,,,failed,False,2026-08-23T13:27:02.624073+09:00
Appraisal Slip,,,failed,False,2026-08-19T21:51:25.452105+09:00
Appraisal Slot,,,failed,False,2026-08-19T21:51:50.352396+09:00
Appraisal Snapshot,,,failed,False,2026-08-18T22:04:49.273954+09:00
Appraisal Stage,40.0,2.0,success,False,2026-08-28T00:47:03.149821+09:00
Appraisal Stamp,720.0,32.0,success,False,2026-08-23T13:27:05.347974+09:00
Appraisal Statement,30.0,1.0,success,False,2026-08-21T00:28:11.670318+09:00
Appraisal Station,,,failed,False,2026-08-17T21:31:23.168898+09:00
Appraisal Status,50.0,1.0,success,False,2026-08-19T20:45:53.854460+09:00
Appraisal Stub,,,failed,False,2026-08-21T00:28:00.116915+09:00
Appraisal Studio,10.0,0.0,success,False,2026-08-17T20:31:58.373055+09:00
Appraisal Subsidy,,,failed,False,2026-08-23T15:51:47.066948+09:00
Appraisal Suite,10.0,33.0,success,False,2026-08-17T23:10:28.342550+09:00
Appraisal Sum,,,failed,False,2026-08-21T02:22:24.634972+09:00
Appraisal Summary,90.0,3.0,success,False,2026-08-19T21:06:42.695560+09:00
Appraisal Sync,,,failed,False,2026-08-17T20:34:33.124318+09:00
Appraisal Tab,,,failed,False,2026-08-21T00:28:53.322616+09:00
Appraisal Table,20.0,0.0,success,False,2026-08-19T21:51:07.578329+09:00
Appraisal Tag,,,failed,False,2026-08-19T13:27:40.228305+09:00
Appraisal Tally,,,failed,False,2026-08-21T00:28:15.750952+09:00
Appraisal Tariff,,,failed,False,2026-08-21T02:39:20.009212+09:00
Appraisal Tax,1300.0,6.0,success,False,2026-08-21T02:06:22.333595+09:00
Appraisal Ticket,,,failed,False,2026-08-19T21:03:23.930623+09:00
Appraisal Tier,,,failed,False,2026-08-28T00:47:05.716612+09:00
Appraisal Timeline,70.0,2.0,success,False,2026-08-19T21:06:51.339410+09:00
Appraisal Timer,,,failed,False,2026-08-28T00:23:17.850587+09:00
Appraisal Toll,,,failed,False,2026-08-21T02:39:09.375307+09:00
Appraisal Toolbox,,,failed,False,2026-08-28T00:23:24.069179+09:00
Appraisal Toolkit,140.0,2.0,success,False,2026-08-18T22:04:18.397619+09:00
Appraisal Total,,,failed,False,2026-08-27T23:10:12.340839+09:00
Appraisal Tracker,20.0,20.0,success,False,2026-08-17T20:35:25.429619+09:00
Appraisal Trail,,,failed,False,2026-08-17T20:37:57.626492+09:00
Appraisal Trend,10.0,,success,False,2026-08-28T01:04:46.455885+09:00
Appraisal Trial,,,failed,False,2026-08-27T21:13:10.326383+09:00
Appraisal Unit,,,failed,False,2026-08-21T02:05:44.847740+09:00
Appraisal Update,70.0,1.0,success,False,2026-08-19T20:46:24.803660+09:00
Appraisal Value,2400.0,6.0,success,False,2026-08-23T02:54:38.259905+09:00
Appraisal Vault,10.0,0.0,success,False,2026-08-17T20:47:16.621554+09:00
Appraisal Version,,,failed,False,2026-08-23T03:19:26.945614+09:00
Appraisal View,,,failed,False,2026-08-19T20:46:00.045081+09:00
Appraisal Voucher,,,failed,False,2026-08-21T00:27:45.495734+09:00
Appraisal Watch,1300.0,49.0,success,False,2026-08-17T20:40:08.225876+09:00
Appraisal Wave,,,failed,False,2026-08-17T20:35:28.436030+09:00
Appraisal Widget,,,failed,False,2026-08-27T23:10:14.890839+09:00
Appraisal Workbench,,,failed,False,2026-08-18T22:04:07.158721+09:00
Appraisal Worksheet,20.0,2.0,success,False,2026-08-27T22:07:19.639710+09:00
Appraisal Zone,10.0,4.0,success,False,2026-08-17T20:46:31.116711+09:00
Arbitration Advance,,,failed,False,2026-08-23T16:11:34.314985+09:00
Arbitration Advisory,,,failed,False,2026-08-21T01:08:38.226777+09:00
Arbitration Alert,,,failed,False,2026-08-19T22:04:57.454275+09:00
Arbitration Allowance,,,failed,False,2026-08-21T02:38:54.796216+09:00
Arbitration Analyzer,,,failed,False,2026-08-27T23:57:10.397260+09:00
Arbitration Announcement,,,failed,False,2026-08-27T23:34:59.997959+09:00
Arbitration Arrears,,,failed,False,2026-08-23T16:11:34.314985+09:00
Arbitration Asset,,,failed,False,2026-08-23T13:48:17.793072+09:00
Arbitration Assistant,20.0,0.0,success,False,2026-08-19T22:00:01.898557+09:00
Arbitration Atlas,10.0,0.0,success,False,2026-08-19T21:59:19.992699+09:00
Arbitration Attribute,,,failed,False,2026-08-23T13:07:59.189669+09:00
Arbitration Badge,,,failed,False,2026-08-21T00:33:46.093002+09:00
Arbitration Balance,,,failed,False,2026-08-23T13:48:15.214978+09:00
Arbitration Base,,,failed,False,2026-08-19T21:55:34.064895+09:00
Arbitration Bill,90.0,0.0,success,False,2026-08-19T21:49:47.542279+09:00
Arbitration Board,210.0,1.0,success,False,2026-08-19T21:56:08.103899+09:00
Arbitration Book,140.0,99.0,success,False,2026-08-19T21:50:46.269760+09:00
Arbitration Booth,,,failed,False,2026-08-19T22:02:54.876263+09:00
Arbitration Brief,110.0,7.0,success,False,2026-08-21T01:08:29.808950+09:00
Arbitration Bulletin,,,failed,False,2026-08-21T01:08:25.718288+09:00
Arbitration Cabinet,,,failed,False,2026-08-27T23:13:34.759239+09:00
Arbitration Calculator,50.0,1.0,success,False,2026-08-27T23:35:04.726489+09:00
Arbitration Calendar,40.0,0.0,success,False,2026-08-19T22:01:45.686906+09:00
Arbitration Card,,,failed,False,2026-08-19T22:06:59.596356+09:00
Arbitration Cash,,,failed,False,2026-08-21T02:21:41.084768+09:00
Arbitration Category,,,failed,False,2026-08-23T13:07:55.793530+09:00
Arbitration Center,260.0,3.0,success,False,2026-08-19T21:57:14.341308+09:00
Arbitration Charge,50.0,0.0,success,False,2026-08-21T02:38:45.456500+09:00
Arbitration Chart,,,failed,False,2026-08-19T22:05:08.787907+09:00
Arbitration Check,,,failed,False,2026-08-19T22:07:23.452103+09:00
Arbitration Checker,,,failed,False,2026-08-27T23:56:59.391700+09:00
Arbitration Circular,,,failed,False,2026-08-21T01:08:34.212023+09:00
Arbitration Code,70.0,0.0,success,False,2026-08-19T21:50:13.072831+09:00
Arbitration Companion,,,failed,False,2026-08-19T22:00:43.745625+09:00
Arbitration Comparison,,,failed,False,2026-08-28T01:08:09.929341+09:00
Arbitration Confirmation,,,failed,False,2026-08-21T01:08:47.143646+09:00
Arbitration Console,,,failed,False,2026-08-19T21:57:47.268344+09:00
Arbitration Contribution,,,failed,False,2026-08-23T16:11:31.628533+09:00
Arbitration Core,,,failed,False,2026-08-19T21:55:47.244669+09:00
Arbitration Cost,590.0,1.0,success,False,2026-08-21T02:14:32.398981+09:00
Arbitration Count,,,failed,False,2026-08-27T22:47:59.631121+09:00
Arbitration Counter,,,failed,False,2026-08-19T22:02:34.302682+09:00
Arbitration Deal,10.0,0.0,success,False,2026-08-21T01:58:16.207160+09:00
Arbitration Debt,40.0,30.0,success,False,2026-08-21T02:21:33.857873+09:00
Arbitration Deck,,,failed,False,2026-08-19T21:56:18.827565+09:00
Arbitration Desk,,,failed,False,2026-08-19T21:52:04.287712+09:00
Arbitration Detail,,,failed,False,2026-08-23T03:19:40.807348+09:00
Arbitration Diagram,10.0,0.0,success,False,2026-08-27T22:09:07.960139+09:00
Arbitration Directory,10.0,14.0,success,False,2026-08-19T22:01:53.877884+09:00
Arbitration Discount,,,failed,False,2026-08-23T16:11:24.096021+09:00
Arbitration Dossier,,,failed,False,2026-08-21T01:08:51.801540+09:00
Arbitration Draft,10.0,0.0,success,False,2026-08-19T21:48:11.031110+09:00
Arbitration Due,,,failed,False,2026-08-23T15:53:05.427640+09:00
Arbitration Duty,,,failed,False,2026-08-21T02:38:47.806400+09:00
Arbitration Engine,20.0,13.0,success,False,2026-08-19T21:59:52.671651+09:00
Arbitration Entry,,,failed,False,2026-08-21T01:09:06.679370+09:00
Arbitration Estimate,,,failed,False,2026-08-19T21:49:26.172736+09:00
Arbitration Estimator,,,failed,False,2026-08-27T23:56:56.552521+09:00
Arbitration Excerpt,,,failed,False,2026-08-21T01:09:01.082637+09:00
Arbitration Extension,,,failed,False,2026-08-23T16:37:34.255373+09:00
Arbitration Fare,,,failed,False,2026-08-21T02:14:40.877635+09:00
Arbitration Fee,720.0,1.0,success,False,2026-08-21T01:57:57.210014+09:00
Arbitration Feed,,,failed,False,2026-08-19T21:47:55.928943+09:00
Arbitration Field,30.0,1.0,success,False,2026-08-23T13:07:59.189669+09:00
Arbitration File,260.0,8.0,success,False,2026-08-19T21:46:58.234898+09:00
Arbitration Finder,,,failed,False,2026-08-19T22:02:16.192857+09:00
Arbitration Fine,,,failed,False,2026-08-23T02:54:38.259905+09:00
Arbitration Flag,,,failed,False,2026-08-21T00:34:23.360801+09:00
Arbitration Flow,,,failed,False,2026-08-19T21:51:42.287097+09:00
Arbitration Form,320.0,5.0,success,False,2026-08-19T22:06:50.618817+09:00
Arbitration Format,320.0,5.0,success,False,2026-08-23T13:08:02.630104+09:00
Arbitration Frame,,,failed,False,2026-08-19T21:55:24.856436+09:00
Arbitration Fund,70.0,8.0,success,False,2026-08-21T02:21:38.988991+09:00
Arbitration Gate,,,failed,False,2026-08-19T21:59:01.960523+09:00
Arbitration Grade,,,failed,False,2026-08-21T00:34:09.449100+09:00
Arbitration Harbor,,,failed,False,2026-08-19T22:04:03.389101+09:00
Arbitration Helpdesk,,,failed,False,2026-08-27T22:48:03.762773+09:00
Arbitration Helper,,,failed,False,2026-08-28T00:26:22.903465+09:00
Arbitration History,110.0,0.0,success,False,2026-08-19T21:46:47.844671+09:00
Arbitration Hub,20.0,0.0,success,False,2026-08-19T21:51:54.755817+09:00
Arbitration Identifier,,,failed,False,2026-08-23T13:07:53.746009+09:00
Arbitration Inbox,,,failed,False,2026-08-19T22:04:45.902658+09:00
Arbitration Index,,,failed,False,2026-08-19T21:49:03.135784+09:00
Arbitration Installment,,,failed,False,2026-08-23T16:11:27.999005+09:00
Arbitration Interest,,,failed,False,2026-08-23T13:48:15.214978+09:00
Arbitration Item,,,failed,False,2026-08-21T01:58:02.709797+09:00
Arbitration Journal,90.0,1.0,success,False,2026-08-19T22:01:23.897474+09:00
Arbitration Keeper,,,failed,False,2026-08-19T21:59:30.293970+09:00
Arbitration Kiosk,,,failed,False,2026-08-19T22:03:05.892678+09:00
Arbitration Lab,70.0,3.0,success,False,2026-08-19T21:56:44.387128+09:00
Arbitration Ledger,,,failed,False,2026-08-19T21:55:54.779139+09:00
Arbitration Level,,,failed,False,2026-08-19T21:47:13.005766+09:00
Arbitration Levy,,,failed,False,2026-08-23T13:48:19.972957+09:00
Arbitration Line,,,failed,False,2026-08-19T22:05:58.265751+09:00
Arbitration Link,,,failed,False,2026-08-23T03:19:32.678416+09:00
Arbitration List,140.0,3.0,success,False,2026-08-19T21:50:23.410812+09:00
Arbitration Loan,40.0,3.0,success,False,2026-08-21T02:14:50.093035+09:00
Arbitration Lobby,,,failed,False,2026-08-19T22:05:40.444282+09:00
Arbitration Locator,,,failed,False,2026-08-19T22:02:02.684993+09:00
Arbitration Locker,,,failed,False,2026-08-19T22:02:44.580219+09:00
Arbitration Log,,,failed,False,2026-08-19T22:06:41.403506+09:00
Arbitration Loop,,,failed,False,2026-08-19T21:54:25.677858+09:00
Arbitration Manager,20.0,0.0,success,False,2026-08-19T21:59:42.241525+09:00
Arbitration Manual,10.0,17.0,success,False,2026-08-27T22:09:05.119901+09:00
Arbitration Map,,,failed,False,2026-08-19T21:55:18.484182+09:00
Arbitration Memo,,,failed,False,2026-08-21T00:34:14.211470+09:00
Arbitration Message,,,failed,False,2026-08-27T23:13:28.057978+09:00
Arbitration Monitor,,,failed,False,2026-08-19T22:00:33.480377+09:00
Arbitration Nexus,,,failed,False,2026-08-19T21:59:09.702480+09:00
Arbitration Note,,,failed,False,2026-08-19T22:07:56.620143+09:00
Arbitration Notification,10.0,0.0,success,False,2026-08-27T22:47:53.351609+09:00
Arbitration Number,90.0,0.0,success,False,2026-08-23T03:19:26.945614+09:00
Arbitration Office,170.0,11.0,success,False,2026-08-19T22:02:25.837553+09:00
Arbitration Ops,,,failed,False,2026-08-19T22:01:05.588899+09:00
Arbitration Order,110.0,0.0,success,False,2026-08-19T21:49:37.354385+09:00
Arbitration Overdue,,,failed,False,2026-08-27T21:46:30.971214+09:00
Arbitration Panel,320.0,1.0,success,False,2026-08-19T21:57:56.725251+09:00
Arbitration Path,,,failed,False,2026-08-19T21:54:56.953854+09:00
Arbitration Petition,90.0,0.0,success,False,2026-08-21T01:08:42.694211+09:00
Arbitration Plan,10.0,0.0,success,False,2026-08-21T01:58:12.628800+09:00
Arbitration Planner,10.0,0.0,success,False,2026-08-19T22:00:12.371601+09:00
Arbitration Playbook,,,failed,False,2026-08-19T22:01:11.142813+09:00
Arbitration Point,,,failed,False,2026-08-19T21:55:06.588963+09:00
Arbitration Portal,20.0,6.0,success,False,2026-08-19T21:57:34.491231+09:00
Arbitration Post,,,failed,False,2026-08-19T22:03:32.806508+09:00
Arbitration Profile,,,failed,False,2026-08-19T21:46:13.716197+09:00
Arbitration Proposal,10.0,0.0,success,False,2026-08-28T01:08:15.051453+09:00
Arbitration Quota,,,failed,False,2026-08-21T00:34:18.922168+09:00
Arbitration Radar,,,failed,False,2026-08-19T21:52:16.498900+09:00
Arbitration Rate,50.0,0.0,success,False,2026-08-19T21:47:26.468483+09:00
Arbitration Recap,,,failed,False,2026-08-21T01:08:59.079967+09:00
Arbitration Receipt,,,failed,False,2026-08-19T21:50:00.809390+09:00
Arbitration Recorder,,,failed,False,2026-08-27T23:35:07.655977+09:00
Arbitration Register,,,failed,False,2026-08-19T22:00:52.695969+09:00
Arbitration Registry,,,failed,False,2026-08-19T22:01:35.806950+09:00
Arbitration Reminder,,,failed,False,2026-08-19T21:48:50.657736+09:00
Arbitration Report,40.0,0.0,success,False,2026-08-19T22:06:32.723316+09:00
Arbitration Repository,,,failed,False,2026-08-27T23:13:41.688189+09:00
Arbitration Result,,,failed,False,2026-08-28T00:48:18.570201+09:00
Arbitration Roll,,,failed,False,2026-08-19T22:06:18.009667+09:00
Arbitration Roster,,,failed,False,2026-08-19T22:04:34.418517+09:00
Arbitration Route,,,failed,False,2026-08-19T21:58:17.004802+09:00
Arbitration Rule,720.0,1.0,success,False,2026-08-23T03:19:37.789366+09:00
Arbitration Sale,,,failed,False,2026-08-21T02:21:44.938268+09:00
Arbitration Scale,,,failed,False,2026-08-19T21:58:08.143234+09:00
Arbitration Scheduler,,,failed,False,2026-08-19T22:00:23.357458+09:00
Arbitration Scope,10.0,0.0,success,False,2026-08-19T21:54:16.215789+09:00
Arbitration Score,,,failed,False,2026-08-19T22:07:37.028999+09:00
Arbitration Sheet,,,failed,False,2026-08-19T22:07:15.173390+09:00
Arbitration Signal,,,failed,False,2026-08-19T21:53:54.593034+09:00
Arbitration Slip,,,failed,False,2026-08-19T21:50:57.841127+09:00
Arbitration Slot,,,failed,False,2026-08-19T21:51:20.233471+09:00
Arbitration Stage,110.0,2.0,success,False,2026-08-28T00:48:18.570201+09:00
Arbitration Statement,20.0,2.0,success,False,2026-08-21T00:33:58.463562+09:00
Arbitration Station,10.0,0.0,success,False,2026-08-19T21:56:53.361235+09:00
Arbitration Status,30.0,0.0,success,False,2026-08-19T21:46:23.560668+09:00
Arbitration Stipend,,,failed,False,2026-08-23T13:48:19.972957+09:00
Arbitration Stub,,,failed,False,2026-08-21T00:33:50.963808+09:00
Arbitration Studio,,,failed,False,2026-08-19T21:56:30.340313+09:00
Arbitration Sum,,,failed,False,2026-08-21T02:21:27.143708+09:00
Arbitration Summary,20.0,3.0,success,False,2026-08-19T21:48:22.940977+09:00
Arbitration Surtax,,,failed,False,2026-08-23T15:53:08.210333+09:00
Arbitration Tab,,,failed,False,2026-08-21T00:34:27.900194+09:00
Arbitration Table,20.0,0.0,success,False,2026-08-19T21:50:35.139639+09:00
Arbitration Tally,,,failed,False,2026-08-21T00:34:04.071728+09:00
Arbitration Tariff,,,failed,False,2026-08-21T02:38:57.143403+09:00
Arbitration Tax,,,failed,False,2026-08-21T02:14:45.406179+09:00
Arbitration Terminal,,,failed,False,2026-08-19T21:57:01.942587+09:00
Arbitration Ticker,,,failed,False,2026-08-19T22:05:48.495667+09:00
Arbitration Ticket,,,failed,False,2026-08-19T21:49:14.059786+09:00
Arbitration Timeline,50.0,0.0,success,False,2026-08-19T21:48:37.941943+09:00
Arbitration Toll,,,failed,False,2026-08-21T02:38:51.441238+09:00
Arbitration Toolbox,,,failed,False,2026-08-28T00:26:22.903465+09:00
Arbitration Total,,,failed,False,2026-08-27T23:13:31.938909+09:00
Arbitration Tower,,,failed,False,2026-08-19T22:04:13.367774+09:00
Arbitration Tracker,90.0,0.0,success,False,2026-08-19T21:51:28.846204+09:00
Arbitration Trail,,,failed,False,2026-08-19T21:58:34.362639+09:00
Arbitration Trial,40.0,0.0,success,False,2026-08-27T21:14:38.915931+09:00
Arbitration Unit,10.0,0.0,success,False,2026-08-21T01:58:06.326002+09:00
Arbitration Update,,,failed,False,2026-08-19T21:47:40.553023+09:00
Arbitration Value,10.0,0.0,success,False,2026-08-23T02:54:35.289098+09:00
Arbitration Vault,,,failed,False,2026-08-19T21:52:40.688622+09:00
Arbitration Version,,,failed,False,2026-08-23T03:19:30.157366+09:00
Arbitration View,,,failed,False,2026-08-19T21:46:35.740872+09:00
Arbitration Watch,,,failed,False,2026-08-19T21:54:06.004532+09:00
Arbitration Widget,,,failed,False,2026-08-27T23:13:34.759239+09:00
Arbitration Window,10.0,0.0,success,False,2026-08-19T22:06:09.459067+09:00
Arbitration Worksheet,,,failed,False,2026-08-27T22:09:07.960139+09:00
Arbitration Workshop,20.0,12.0,success,False,2026-08-28T00:26:20.204001+09:00
Archive Advisory,,,failed,False,2026-08-21T00:58:32.149871+09:00
Archive Allowance,,,failed,False,2026-08-21T02:39:07.071635+09:00
Archive Almanac,,,failed,False,2026-08-18T22:04:44.992531+09:00
Archive Analyzer,20.0,15.0,success,False,2026-08-27T23:58:00.506831+09:00
Archive Anchor,,,failed,False,2026-08-17T20:48:15.314618+09:00
Archive Asset,,,failed,False,2026-08-23T13:47:11.410642+09:00
Archive Assistant,880.0,1.0,success,False,2026-08-17T23:14:31.375028+09:00
Archive Atlas,,,failed,False,2026-08-17T20:38:32.473394+09:00
Archive Badge,,,failed,False,2026-08-21T00:36:05.920603+09:00
Archive Base,20.0,0.0,success,False,2026-08-17T20:35:15.216607+09:00
Archive Beacon,,,failed,False,2026-08-17T21:33:53.413747+09:00
Archive Bill,,,failed,False,2026-08-19T22:01:59.739197+09:00
Archive Blueprint,,,failed,False,2026-08-18T22:04:34.092675+09:00
Archive Board,170.0,68.0,success,False,2026-08-17T20:32:12.868338+09:00
Archive Book,12100.0,2.0,success,False,2026-08-19T22:02:50.225246+09:00
Archive Bridge,10.0,0.0,success,False,2026-08-17T21:30:33.048254+09:00
Archive Brief,,,failed,False,2026-08-21T00:58:22.319025+09:00
Archive Bulletin,,,failed,False,2026-08-21T01:09:42.916632+09:00
Archive Calendar,50.0,0.0,success,False,2026-08-18T23:58:49.693970+09:00
Archive Card,720.0,2.0,success,False,2026-08-19T13:27:35.770715+09:00
Archive Cascade,,,failed,False,2026-08-17T21:31:41.054400+09:00
Archive Cash,,,failed,False,2026-08-21T02:23:15.671365+09:00
Archive Cashback,,,failed,False,2026-08-27T21:17:18.938086+09:00
Archive Catalog,390.0,1.0,success,False,2026-08-19T21:18:17.728493+09:00
Archive Center,260.0,1.0,success,False,2026-08-17T21:36:30.682605+09:00
Archive Chain,20.0,62.0,success,False,2026-08-17T20:42:41.908187+09:00
Archive Charge,,,failed,False,2026-08-21T02:38:57.143403+09:00
Archive Check,90.0,0.0,success,False,2026-08-19T13:27:56.460670+09:00
Archive Checker,90.0,0.0,success,False,2026-08-27T23:57:55.384671+09:00
Archive Checklist,,,failed,False,2026-08-19T21:17:31.409694+09:00
Archive Circular,,,failed,False,2026-08-21T00:59:23.990159+09:00
Archive Cockpit,,,failed,False,2026-08-17T23:32:27.078253+09:00
Archive Code,5400.0,0.0,success,True,2026-08-19T22:02:19.043714+09:00
Archive Codex,10.0,0.0,success,False,2026-08-18T22:05:06.428384+09:00
Archive Companion,50.0,26.0,success,False,2026-08-17T23:12:30.403803+09:00
Archive Compass,,,failed,False,2026-08-17T21:34:55.256705+09:00
Archive Compendium,,,failed,False,2026-08-18T22:04:56.544925+09:00
Archive Confirmation,,,failed,False,2026-08-21T00:58:40.847726+09:00
Archive Console,10.0,1.0,success,False,2026-08-17T21:33:22.663564+09:00
Archive Contribution,,,failed,False,2026-08-23T16:14:49.657074+09:00
Archive Converter,260.0,2.0,success,False,2026-08-27T23:35:57.257837+09:00
Archive Core,480.0,0.0,success,False,2026-08-17T20:34:19.305897+09:00
Archive Cost,,,failed,False,2026-08-21T02:07:37.270032+09:00
Archive Count,,,failed,False,2026-08-27T22:49:35.364614+09:00
Archive Counter,,,failed,False,2026-08-18T23:59:40.785220+09:00
Archive Coupon,,,failed,False,2026-08-27T21:17:18.938086+09:00
Archive Dashboard,,,failed,False,2026-08-17T23:05:24.872109+09:00
Archive Deal,,,failed,False,2026-08-21T01:51:26.021065+09:00
Archive Debt,,,failed,False,2026-08-21T02:23:05.228659+09:00
Archive Deck,40.0,0.0,success,False,2026-08-18T07:52:06.675931+09:00
Archive Depot,,,failed,False,2026-08-18T23:59:24.120788+09:00
Archive Desk,20.0,44.0,success,False,2026-08-17T21:39:37.908878+09:00
Archive Detail,,,failed,False,2026-08-23T03:18:36.305827+09:00
Archive Detector,,,failed,False,2026-08-27T23:57:57.910775+09:00
Archive Dial,,,failed,False,2026-08-17T21:31:05.600589+09:00
Archive Digest,,,failed,False,2026-08-19T20:44:19.706681+09:00
Archive Directory,140.0,0.0,success,False,2026-08-18T23:58:57.268328+09:00
Archive Discount,,,failed,False,2026-08-23T16:14:44.482791+09:00
Archive Dock,,,failed,False,2026-08-17T20:45:28.437462+09:00
Archive Dossier,50.0,51.0,success,False,2026-08-21T00:58:44.836971+09:00
Archive Downpayment,,,failed,False,2026-08-27T21:48:25.630641+09:00
Archive Draft,10.0,0.0,success,False,2026-08-19T20:44:35.831978+09:00
Archive Due,30.0,0.0,success,False,2026-08-23T15:51:57.634783+09:00
Archive Duty,,,failed,False,2026-08-21T02:38:59.400124+09:00
Archive Endowment,,,failed,False,2026-08-23T15:52:02.827883+09:00
Archive Engine,50.0,4.0,success,False,2026-08-17T23:31:17.212800+09:00
Archive Entry,20.0,0.0,success,False,2026-08-21T00:58:59.914106+09:00
Archive Estimate,,,failed,False,2026-08-19T21:18:07.179482+09:00
Archive Estimator,,,failed,False,2026-08-27T23:57:55.384671+09:00
Archive Excerpt,,,failed,False,2026-08-21T00:58:54.317507+09:00
Archive Fare,,,failed,False,2026-08-21T02:07:46.443072+09:00
Archive Fee,40.0,0.0,success,False,2026-08-21T01:50:59.585302+09:00
Archive Feed,,,failed,False,2026-08-19T20:44:29.865338+09:00
Archive File,8100.0,12.0,success,False,2026-08-19T20:43:52.054689+09:00
Archive Finder,140.0,2.0,success,False,2026-08-18T23:59:14.499030+09:00
Archive Fine,,,failed,False,2026-08-23T02:54:28.936816+09:00
Archive Flag,20.0,0.0,success,False,2026-08-21T00:36:35.821010+09:00
Archive Flow,10.0,0.0,success,False,2026-08-17T20:31:38.107939+09:00
Archive Forge,,,failed,False,2026-08-17T21:32:53.372558+09:00
Archive Form,390.0,0.0,success,False,2026-08-19T13:27:15.417105+09:00
Archive Format,390.0,0.0,success,False,2026-08-23T13:07:00.691919+09:00
Archive Frame,390.0,94.0,success,False,2026-08-17T20:36:12.301778+09:00
Archive Fund,70.0,0.0,success,False,2026-08-21T02:23:11.717671+09:00
Archive Gate,,,failed,False,2026-08-17T20:40:20.065990+09:00
Archive Giveaway,,,failed,False,2026-08-27T21:17:26.157906+09:00
Archive Grade,,,failed,False,2026-08-21T00:36:23.638187+09:00
Archive Graph,,,failed,False,2026-08-27T22:12:29.300608+09:00
Archive Grid,2900.0,3.0,success,False,2026-08-17T20:43:09.097865+09:00
Archive Guard,,,failed,False,2026-08-17T20:34:43.926118+09:00
Archive Guardian,480.0,31.0,success,False,2026-08-28T00:26:50.285916+09:00
Archive Guidebook,,,failed,False,2026-08-18T22:04:12.568895+09:00
Archive Helper,,,failed,False,2026-08-28T00:26:52.853264+09:00
Archive History,3600.0,2.0,success,False,2026-08-19T20:43:44.541784+09:00
Archive Hotline,,,failed,False,2026-08-19T21:18:28.771702+09:00
Archive Hub,720.0,0.0,success,False,2026-08-18T07:53:03.495247+09:00
Archive Identifier,10.0,0.0,success,False,2026-08-23T13:06:56.024749+09:00
Archive Incentive,,,failed,False,2026-08-27T21:17:23.968001+09:00
Archive Index,110.0,2.0,success,False,2026-08-19T21:17:38.869284+09:00
Archive Insight,,,failed,False,2026-08-17T23:32:11.092346+09:00
Archive Item,320.0,2.0,success,False,2026-08-21T01:51:12.065747+09:00
Archive Journal,880.0,11.0,success,False,2026-08-18T22:03:51.381490+09:00
Archive Keeper,40.0,0.0,success,False,2026-08-17T20:36:40.845127+09:00
Archive Kit,720.0,6.0,success,False,2026-08-27T22:49:32.762391+09:00
Archive Lab,70.0,0.0,success,False,2026-08-17T21:41:04.521769+09:00
Archive Label,1600.0,13.0,success,False,2026-08-27T22:12:34.170808+09:00
Archive Layout,30.0,0.0,success,False,2026-08-27T22:29:07.164636+09:00
Archive Ledger,,,failed,False,2026-08-17T20:33:23.313632+09:00
Archive Lens,10.0,0.0,success,False,2026-08-17T20:37:11.919122+09:00
Archive Level,,,failed,False,2026-08-19T20:43:57.147560+09:00
Archive Link,2400.0,4.0,success,False,2026-08-23T03:18:29.464352+09:00
Archive List,320.0,0.0,success,False,2026-08-19T22:02:31.549197+09:00
Archive Loan,170.0,67.0,success,False,2026-08-21T02:07:53.857202+09:00
Archive Locator,,,failed,False,2026-08-18T23:59:06.121375+09:00
Archive Lock,140.0,3.0,success,False,2026-08-17T20:39:04.557611+09:00
Archive Log,720.0,2.0,success,False,2026-08-19T13:27:04.208602+09:00
Archive Loop,,,failed,False,2026-08-17T20:44:04.848400+09:00
Archive Manager,590.0,2.0,success,False,2026-08-17T20:35:45.912195+09:00
Archive Manual,140.0,1.0,success,False,2026-08-27T22:12:40.822062+09:00
Archive Map,1900.0,0.0,success,True,2026-08-17T20:38:07.696860+09:00
Archive Memo,,,failed,False,2026-08-21T00:36:28.428699+09:00
Archive Message,14800.0,2.0,success,False,2026-08-27T23:15:04.402308+09:00
Archive Meter,,,failed,False,2026-08-17T21:30:00.229933+09:00
Archive Metrics,,,failed,False,2026-08-17T23:10:58.652260+09:00
Archive Monitor,,,failed,False,2026-08-17T23:03:41.404316+09:00
Archive Navigator,,,failed,False,2026-08-17T23:32:42.825846+09:00
Archive Nexus,170.0,0.0,success,False,2026-08-17T20:39:25.387216+09:00
Archive Node,140.0,5.0,success,False,2026-08-17T20:41:06.345123+09:00
Archive Note,210.0,0.0,success,False,2026-08-19T13:28:10.656877+09:00
Archive Notification,,,failed,False,2026-08-27T22:49:32.762391+09:00
Archive Number,110.0,0.0,success,False,2026-08-23T03:18:21.895981+09:00
Archive Office,390.0,1.0,success,False,2026-08-18T23:59:34.906916+09:00
Archive Ops,,,failed,False,2026-08-17T23:07:18.335398+09:00
Archive Order,1000.0,1.0,success,False,2026-08-19T22:01:48.957551+09:00
Archive Organizer,20.0,100.0,success,False,2026-08-17T23:31:50.854430+09:00
Archive Overage,,,failed,False,2026-08-27T21:48:23.216174+09:00
Archive Overdraft,,,failed,False,2026-08-23T15:51:59.728812+09:00
Archive Overdue,,,failed,False,2026-08-27T21:48:18.349819+09:00
Archive Panel,,,failed,False,2026-08-17T21:32:17.170130+09:00
Archive Pass,210.0,2.0,success,False,2026-08-21T00:35:57.334663+09:00
Archive Path,20.0,0.0,success,False,2026-08-17T20:40:44.017242+09:00
Archive Payoff,,,failed,False,2026-08-27T21:48:20.717175+09:00
Archive Petition,,,failed,False,2026-08-21T00:58:36.711570+09:00
Archive Pilot,,,failed,False,2026-08-17T21:41:36.452024+09:00
Archive Plan,140.0,22.0,success,False,2026-08-21T01:51:22.429358+09:00
Archive Planner,140.0,22.0,success,False,2026-08-17T23:31:33.228756+09:00
Archive Playbook,,,failed,False,2026-08-18T22:03:32.090956+09:00
Archive Point,20.0,0.0,success,False,2026-08-17T20:39:54.147287+09:00
Archive Portal,110.0,0.0,success,False,2026-08-17T21:34:24.214520+09:00
Archive Preview,40.0,1.0,success,False,2026-08-28T01:08:20.327245+09:00
Archive Profile,20.0,0.0,success,False,2026-08-19T13:28:31.111585+09:00
Archive Profit,,,failed,False,2026-08-23T02:54:19.843201+09:00
Archive Pulse,40.0,0.0,success,False,2026-08-17T20:42:15.711128+09:00
Archive Queue,,,failed,False,2026-08-19T21:17:57.500423+09:00
Archive Quota,,,failed,False,2026-08-21T00:36:30.694005+09:00
Archive Radar,480.0,0.0,success,False,2026-08-17T21:38:10.743063+09:00
Archive Rail,,,failed,False,2026-08-17T20:44:24.451216+09:00
Archive Recap,10.0,0.0,success,False,2026-08-21T01:00:06.148655+09:00
Archive Receipt,,,failed,False,2026-08-19T22:02:09.365210+09:00
Archive Register,30.0,0.0,success,False,2026-08-17T23:32:54.129749+09:00
Archive Registry,30.0,0.0,success,False,2026-08-18T22:04:25.779407+09:00
Archive Relay,,,failed,False,2026-08-17T21:36:59.022364+09:00
Archive Reminder,,,failed,False,2026-08-19T21:17:21.944279+09:00
Archive Report,140.0,0.0,success,False,2026-08-19T13:26:44.223162+09:00
Archive Roadmap,,,failed,False,2026-08-18T22:05:15.577232+09:00
Archive Roster,,,failed,False,2026-08-19T00:38:22.287042+09:00
Archive Route,,,failed,False,2026-08-17T20:46:20.020027+09:00
Archive Rule,,,failed,False,2026-08-23T03:18:33.193002+09:00
Archive Sale,3600.0,100.0,success,False,2026-08-21T02:23:20.274615+09:00
Archive Sample,210.0,4.0,success,False,2026-08-19T22:03:11.253996+09:00
Archive Scale,,,failed,False,2026-08-17T20:47:35.936558+09:00
Archive Scanner,480.0,99.0,success,False,2026-08-27T23:57:57.910775+09:00
Archive Scheduler,,,failed,False,2026-08-17T23:09:22.045461+09:00
Archive Scope,,,failed,False,2026-08-17T20:44:54.516764+09:00
Archive Score,,,failed,False,2026-08-19T13:28:03.494645+09:00
Archive Sentry,,,failed,False,2026-08-17T20:37:39.748297+09:00
Archive Serial,10.0,0.0,success,False,2026-08-23T13:27:43.093757+09:00
Archive Sheet,70.0,83.0,success,False,2026-08-19T13:27:45.503275+09:00
Archive Shortfall,,,failed,False,2026-08-27T21:48:28.268054+09:00
Archive Signal,10.0,0.0,success,False,2026-08-17T20:46:56.962156+09:00
Archive Slip,,,failed,False,2026-08-19T22:03:03.584652+09:00
Archive Slot,,,failed,False,2026-08-19T22:03:20.182030+09:00
Archive Snapshot,110.0,5.0,success,False,2026-08-18T22:04:03.001846+09:00
Archive Stake,,,failed,False,2026-08-23T02:54:26.725947+09:00
Archive Statement,,,failed,False,2026-08-21T00:36:16.111706+09:00
Archive Station,18100.0,8.0,success,False,2026-08-17T21:38:46.123803+09:00
Archive Status,210.0,0.0,success,False,2026-08-19T20:43:28.887944+09:00
Archive Stub,,,failed,False,2026-08-21T00:36:11.342304+09:00
Archive Studio,2900.0,3.0,success,False,2026-08-18T07:52:19.092235+09:00
Archive Subsidy,,,failed,False,2026-08-23T15:51:59.728812+09:00
Archive Suite,,,failed,False,2026-08-17T23:07:36.976637+09:00
Archive Sum,,,failed,False,2026-08-21T02:23:00.928674+09:00
Archive Summary,10.0,0.0,success,False,2026-08-19T21:16:57.743794+09:00
Archive Sync,10.0,4.0,success,False,2026-08-17T20:32:49.512310+09:00
Archive Tab,210.0,0.0,success,False,2026-08-21T00:36:40.261906+09:00
Archive Table,140.0,9.0,success,False,2026-08-19T22:02:41.688719+09:00
Archive Tag,1000.0,1.0,success,False,2026-08-19T13:28:19.124767+09:00
Archive Tally,,,failed,False,2026-08-21T00:36:18.143483+09:00
Archive Tariff,,,failed,False,2026-08-21T02:39:09.375307+09:00
Archive Tax,,,failed,False,2026-08-21T02:07:48.773154+09:00
Archive Ticket,140.0,33.0,success,False,2026-08-19T21:17:49.852730+09:00
Archive Tier,50.0,1.0,success,False,2026-08-28T00:48:30.764034+09:00
Archive Timeline,40.0,0.0,success,False,2026-08-19T21:17:11.439811+09:00
Archive Timer,,,failed,False,2026-08-28T00:26:47.602211+09:00
Archive Token,10.0,0.0,success,False,2026-08-23T13:27:43.093757+09:00
Archive Toll,,,failed,False,2026-08-21T02:39:04.967500+09:00
Archive Toolbox,,,failed,False,2026-08-28T00:26:52.853264+09:00
Archive Toolkit,90.0,5.0,success,False,2026-08-18T22:03:18.976552+09:00
Archive Total,,,failed,False,2026-08-27T23:15:07.984003+09:00
Archive Tracker,50.0,0.0,success,False,2026-08-17T20:33:54.236742+09:00
Archive Trail,10.0,0.0,success,False,2026-08-17T20:43:36.337910+09:00
Archive Trial,,,failed,False,2026-08-27T21:17:21.350185+09:00
Archive Unit,170.0,2.0,success,False,2026-08-21T01:51:15.763734+09:00
Archive Update,40.0,0.0,success,False,2026-08-19T20:44:12.620754+09:00
Archive Vault,260.0,2.0,success,False,2026-08-17T21:36:00.741055+09:00
Archive Version,590.0,0.0,success,False,2026-08-23T03:18:25.372913+09:00
Archive View,480.0,0.0,success,False,2026-08-19T20:43:39.981777+09:00
Archive Voucher,,,failed,False,2026-08-21T00:36:00.602558+09:00
Archive Watch,260.0,47.0,success,False,2026-08-17T20:45:52.903104+09:00
Archive Wave,,,failed,False,2026-08-17T20:41:27.066117+09:00
Archive Widget,10.0,0.0,success,False,2026-08-27T23:15:10.643747+09:00
Archive Workbench,,,failed,False,2026-08-18T22:03:07.731550+09:00
Archive Worksheet,,,failed,False,2026-08-27T22:12:40.822062+09:00
Archive Zone,5400.0,0.0,success,True,2026-08-17T21:35:24.685319+09:00
Arrangement Advance,,,failed,False,2026-08-23T16:16:29.053349+09:00
Arrangement Advisory,,,failed,False,2026-08-21T01:06:42.544203+09:00
Arrangement Allowance,,,failed,False,2026-08-21T02:43:47.739499+09:00
Arrangement Almanac,,,failed,False,2026-08-18T22:09:30.106481+09:00
Arrangement Analyzer,,,failed,False,2026-08-27T23:58:23.732862+09:00
Arrangement Anchor,,,failed,False,2026-08-17T23:30:49.193189+09:00
Arrangement Announcement,,,failed,False,2026-08-27T23:36:23.122509+09:00
Arrangement Arrears,,,failed,False,2026-08-23T16:16:26.754683+09:00
Arrangement Assistant,,,failed,False,2026-08-17T23:27:06.990402+09:00
Arrangement Atlas,10.0,,success,False,2026-08-17T23:26:20.273293+09:00
Arrangement Attribute,,,failed,False,2026-08-23T13:09:10.087594+09:00
Arrangement Badge,10.0,,success,False,2026-08-21T00:33:58.463562+09:00
Arrangement Balance,,,failed,False,2026-08-23T13:48:04.421871+09:00
Arrangement Base,,,failed,False,2026-08-17T23:32:49.252049+09:00
Arrangement Beacon,,,failed,False,2026-08-17T23:30:19.900529+09:00
Arrangement Bill,,,failed,False,2026-08-19T22:00:04.199605+09:00
Arrangement Blueprint,,,failed,False,2026-08-18T22:09:23.803071+09:00
Arrangement Board,,,failed,False,2026-08-17T23:14:05.238044+09:00
Arrangement Book,90.0,40.0,success,False,2026-08-19T22:00:55.317910+09:00
Arrangement Bridge,,,failed,False,2026-08-17T23:12:45.983083+09:00
Arrangement Brief,,,failed,False,2026-08-21T01:06:30.195338+09:00
Arrangement Bulletin,,,failed,False,2026-08-21T01:06:23.582625+09:00
Arrangement Calculator,40.0,0.0,success,False,2026-08-27T23:36:23.122509+09:00
Arrangement Calendar,,,failed,False,2026-08-19T00:00:25.348270+09:00
Arrangement Card,,,failed,False,2026-08-19T13:32:37.235735+09:00
Arrangement Cascade,,,failed,False,2026-08-17T23:30:33.375533+09:00
Arrangement Cash,,,failed,False,2026-08-21T02:28:40.448172+09:00
Arrangement Cashback,,,failed,False,2026-08-27T21:18:45.597821+09:00
Arrangement Catalog,10.0,,success,False,2026-08-19T21:18:03.656517+09:00
Arrangement Category,,,failed,False,2026-08-23T13:09:07.907049+09:00
Arrangement Center,,,failed,False,2026-08-17T23:10:31.513884+09:00
Arrangement Chain,,,failed,False,2026-08-17T23:15:18.258563+09:00
Arrangement Charge,,,failed,False,2026-08-21T02:43:37.252901+09:00
Arrangement Check,10.0,0.0,success,False,2026-08-19T13:32:49.484496+09:00
Arrangement Checker,,,failed,False,2026-08-27T23:58:14.186756+09:00
Arrangement Checklist,,,failed,False,2026-08-19T21:17:18.865865+09:00
Arrangement Circular,,,failed,False,2026-08-21T01:06:33.871335+09:00
Arrangement Cockpit,,,failed,False,2026-08-17T23:04:12.037031+09:00
Arrangement Code,10.0,0.0,success,False,2026-08-19T22:00:26.290780+09:00
Arrangement Codex,,,failed,False,2026-08-18T22:09:47.268840+09:00
Arrangement Companion,,,failed,False,2026-08-17T23:28:17.323230+09:00
Arrangement Comparison,,,failed,False,2026-08-28T01:08:17.879931+09:00
Arrangement Compass,,,failed,False,2026-08-17T23:11:08.683373+09:00
Arrangement Compendium,,,failed,False,2026-08-18T22:09:37.820706+09:00
Arrangement Confirmation,,,failed,False,2026-08-21T01:06:48.856434+09:00
Arrangement Console,,,failed,False,2026-08-17T23:23:57.574570+09:00
Arrangement Contribution,,,failed,False,2026-08-23T16:16:24.189782+09:00
Arrangement Core,,,failed,False,2026-08-17T23:07:07.612411+09:00
Arrangement Cost,,,failed,False,2026-08-21T02:13:04.369688+09:00
Arrangement Count,,,failed,False,2026-08-27T22:50:26.115784+09:00
Arrangement Counter,,,failed,False,2026-08-19T00:01:14.805570+09:00
Arrangement Coupon,,,failed,False,2026-08-27T21:18:45.597821+09:00
Arrangement Dashboard,,,failed,False,2026-08-17T23:28:04.378663+09:00
Arrangement Deal,10.0,21.0,success,False,2026-08-21T01:57:54.921820+09:00
Arrangement Debt,,,failed,False,2026-08-21T02:28:36.980709+09:00
Arrangement Deck,,,failed,False,2026-08-17T23:33:13.848442+09:00
Arrangement Depot,,,failed,False,2026-08-19T00:00:59.808882+09:00
Arrangement Desk,,,failed,False,2026-08-17T23:09:34.502992+09:00
Arrangement Detail,,,failed,False,2026-08-23T03:22:48.132111+09:00
Arrangement Detector,,,failed,False,2026-08-27T23:58:18.988715+09:00
Arrangement Dial,,,failed,False,2026-08-17T23:24:19.906640+09:00
Arrangement Digest,,,failed,False,2026-08-19T20:46:02.034696+09:00
Arrangement Directory,,,failed,False,2026-08-19T00:00:34.964613+09:00
Arrangement Discount,,,failed,False,2026-08-23T16:16:21.487176+09:00
Arrangement Dock,,,failed,False,2026-08-17T23:24:58.944526+09:00
Arrangement Dossier,,,failed,False,2026-08-21T01:06:56.173532+09:00
Arrangement Downpayment,,,failed,False,2026-08-27T21:49:42.725472+09:00
Arrangement Draft,,,failed,False,2026-08-19T20:46:10.724712+09:00
Arrangement Due,,,failed,False,2026-08-23T15:52:42.470276+09:00
Arrangement Duty,20.0,0.0,success,False,2026-08-21T02:43:40.530663+09:00
Arrangement Endowment,,,failed,False,2026-08-23T15:52:44.896002+09:00
Arrangement Engine,,,failed,False,2026-08-17T23:13:24.499414+09:00
Arrangement Entry,,,failed,False,2026-08-21T01:07:09.616987+09:00
Arrangement Estimate,,,failed,False,2026-08-19T21:17:55.830991+09:00
Arrangement Estimator,,,failed,False,2026-08-27T23:58:08.716476+09:00
Arrangement Excerpt,,,failed,False,2026-08-21T01:07:05.419425+09:00
Arrangement Extension,,,failed,False,2026-08-23T16:39:58.056757+09:00
Arrangement Fare,,,failed,False,2026-08-21T02:13:15.591815+09:00
Arrangement Fee,1000.0,4.0,success,False,2026-08-21T01:57:40.883576+09:00
Arrangement Feed,,,failed,False,2026-08-19T20:46:06.697629+09:00
Arrangement Field,,,failed,False,2026-08-23T13:09:12.775055+09:00
Arrangement File,,,failed,False,2026-08-19T20:45:35.048925+09:00
Arrangement Finder,390.0,11.0,success,False,2026-08-19T00:00:51.306672+09:00
Arrangement Fine,,,failed,False,2026-08-23T02:57:36.512424+09:00
Arrangement Flag,,,failed,False,2026-08-21T00:34:32.979761+09:00
Arrangement Flow,,,failed,False,2026-08-17T23:29:14.907859+09:00
Arrangement Forge,,,failed,False,2026-08-17T23:05:39.217461+09:00
Arrangement Form,30.0,7.0,success,False,2026-08-19T13:32:23.096151+09:00
Arrangement Format,,,failed,False,2026-08-23T13:09:12.775055+09:00
Arrangement Frame,,,failed,False,2026-08-17T23:12:24.724350+09:00
Arrangement Fund,,,failed,False,2026-08-21T02:28:36.980709+09:00
Arrangement Gate,,,failed,False,2026-08-17T23:26:06.305227+09:00
Arrangement Generator,10.0,2.0,success,False,2026-08-27T23:36:25.651250+09:00
Arrangement Giveaway,,,failed,False,2026-08-27T21:18:48.752837+09:00
Arrangement Grade,,,failed,False,2026-08-21T00:34:18.922168+09:00
Arrangement Grid,10.0,0.0,success,False,2026-08-17T23:09:15.899406+09:00
Arrangement Guarantee,,,failed,False,2026-08-28T01:08:20.327245+09:00
Arrangement Guard,,,failed,False,2026-08-17T23:13:04.753315+09:00
Arrangement Guardian,,,failed,False,2026-08-28T00:26:57.692425+09:00
Arrangement Guidebook,,,failed,False,2026-08-18T22:09:07.653451+09:00
Arrangement Helpdesk,,,failed,False,2026-08-27T22:50:28.774616+09:00
Arrangement Helper,,,failed,False,2026-08-28T00:27:00.787784+09:00
Arrangement History,,,failed,False,2026-08-19T20:45:29.456295+09:00
Arrangement Hotline,,,failed,False,2026-08-19T21:18:14.475118+09:00
Arrangement Hub,,,failed,False,2026-08-17T23:14:44.117441+09:00
Arrangement Identifier,,,failed,False,2026-08-23T13:09:05.713550+09:00
Arrangement Incentive,,,failed,False,2026-08-27T21:18:48.752837+09:00
Arrangement Index,10.0,0.0,success,False,2026-08-19T21:17:29.124164+09:00
Arrangement Insight,,,failed,False,2026-08-17T23:09:52.206266+09:00
Arrangement Installment,,,failed,False,2026-08-23T16:16:21.487176+09:00
Arrangement Item,,,failed,False,2026-08-21T01:57:45.438381+09:00
Arrangement Journal,,,failed,False,2026-08-18T22:08:50.050771+09:00
Arrangement Keeper,,,failed,False,2026-08-17T23:26:34.514876+09:00
Arrangement Kit,,,failed,False,2026-08-27T22:50:21.429751+09:00
Arrangement Lab,,,failed,False,2026-08-17T23:33:25.716051+09:00
Arrangement Ledger,,,failed,False,2026-08-17T23:33:00.502135+09:00
Arrangement Lens,,,failed,False,2026-08-17T23:32:34.743858+09:00
Arrangement Level,,,failed,False,2026-08-19T20:45:45.249853+09:00
Arrangement Link,,,failed,False,2026-08-23T03:22:42.501986+09:00
Arrangement List,90.0,0.0,success,False,2026-08-19T22:00:37.818778+09:00
Arrangement Loan,,,failed,False,2026-08-21T02:13:25.435180+09:00
Arrangement Locator,,,failed,False,2026-08-19T00:00:40.903706+09:00
Arrangement Lock,,,failed,False,2026-08-17T23:32:21.137516+09:00
Arrangement Log,,,failed,False,2026-08-19T13:32:18.631834+09:00
Arrangement Loop,,,failed,False,2026-08-17T23:31:27.985495+09:00
Arrangement Manager,,,failed,False,2026-08-17T23:06:24.757707+09:00
Arrangement Manual,,,failed,False,2026-08-27T22:14:14.143197+09:00
Arrangement Map,,,failed,False,2026-08-17T23:05:14.518937+09:00
Arrangement Margin,,,failed,False,2026-08-23T02:57:34.451765+09:00
Arrangement Markup,,,failed,False,2026-08-23T16:39:55.880493+09:00
Arrangement Memo,,,failed,False,2026-08-21T00:34:23.360801+09:00
Arrangement Message,,,failed,False,2026-08-27T23:15:41.145408+09:00
Arrangement Meter,,,failed,False,2026-08-17T23:06:43.544679+09:00
Arrangement Metrics,,,failed,False,2026-08-17T23:27:48.723968+09:00
Arrangement Monitor,,,failed,False,2026-08-17T23:27:34.340862+09:00
Arrangement Navigator,,,failed,False,2026-08-17T23:11:27.104300+09:00
Arrangement Nexus,,,failed,False,2026-08-17T23:04:29.933530+09:00
Arrangement Node,,,failed,False,2026-08-17T23:10:08.054607+09:00
Arrangement Note,,,failed,False,2026-08-19T13:33:05.427843+09:00
Arrangement Notification,,,failed,False,2026-08-27T22:50:16.948494+09:00
Arrangement Number,210.0,0.0,success,False,2026-08-23T03:22:34.004366+09:00
Arrangement Office,,,failed,False,2026-08-19T00:01:04.506360+09:00
Arrangement Ops,,,failed,False,2026-08-17T23:28:37.439215+09:00
Arrangement Order,170.0,13.0,success,False,2026-08-19T21:59:55.438905+09:00
Arrangement Organizer,,,failed,False,2026-08-17T23:15:02.433018+09:00
Arrangement Overage,,,failed,False,2026-08-27T21:49:38.109800+09:00
Arrangement Overdue,,,failed,False,2026-08-27T21:49:35.975851+09:00
Arrangement Panel,,,failed,False,2026-08-17T23:12:05.919804+09:00
Arrangement Pass,10.0,,success,False,2026-08-21T00:33:48.597432+09:00
Arrangement Path,,,failed,False,2026-08-17T23:32:02.596672+09:00
Arrangement Payoff,,,failed,False,2026-08-27T21:49:35.975851+09:00
Arrangement Penalty,,,failed,False,2026-08-23T16:39:53.377709+09:00
Arrangement Petition,,,failed,False,2026-08-21T01:06:45.397337+09:00
Arrangement Pilot,,,failed,False,2026-08-17T23:29:31.685360+09:00
Arrangement Plan,320.0,3.0,success,False,2026-08-21T01:57:52.664433+09:00
Arrangement Planner,,,failed,False,2026-08-17T23:08:08.981233+09:00
Arrangement Playbook,,,failed,False,2026-08-18T22:08:40.228889+09:00
Arrangement Point,10.0,0.0,success,False,2026-08-17T23:10:49.091693+09:00
Arrangement Portal,,,failed,False,2026-08-17T23:04:50.362686+09:00
Arrangement Preview,10.0,0.0,success,False,2026-08-28T01:08:20.327245+09:00
Arrangement Profile,,,failed,False,2026-08-19T13:33:40.733972+09:00
Arrangement Profit,,,failed,False,2026-08-23T02:57:27.142882+09:00
Arrangement Proposal,,,failed,False,2026-08-28T01:08:20.327245+09:00
Arrangement Pulse,,,failed,False,2026-08-17T23:31:45.267981+09:00
Arrangement Queue,,,failed,False,2026-08-19T21:17:47.761016+09:00
Arrangement Quota,,,failed,False,2026-08-21T00:34:27.900194+09:00
Arrangement Radar,,,failed,False,2026-08-17T23:29:49.351305+09:00
Arrangement Rail,,,failed,False,2026-08-17T23:08:28.176792+09:00
Arrangement Rate,,,failed,False,2026-08-19T20:45:50.851524+09:00
Arrangement Recap,10.0,,success,False,2026-08-21T01:07:00.683520+09:00
Arrangement Receipt,,,failed,False,2026-08-19T22:00:16.178777+09:00
Arrangement Recorder,,,failed,False,2026-08-27T23:36:25.651250+09:00
Arrangement Register,70.0,1.0,success,False,2026-08-17T23:06:02.733299+09:00
Arrangement Registry,,,failed,False,2026-08-18T22:09:15.023895+09:00
Arrangement Relay,,,failed,False,2026-08-17T23:03:55.937111+09:00
Arrangement Reminder,,,failed,False,2026-08-19T21:17:08.649893+09:00
Arrangement Report,,,failed,False,2026-08-19T13:32:07.571238+09:00
Arrangement Repository,,,failed,False,2026-08-27T23:15:49.054288+09:00
Arrangement Roadmap,,,failed,False,2026-08-18T22:09:56.131275+09:00
Arrangement Roster,,,failed,False,2026-08-19T00:37:44.150276+09:00
Arrangement Route,,,failed,False,2026-08-17T23:13:43.600383+09:00
Arrangement Rule,,,failed,False,2026-08-23T03:22:45.099275+09:00
Arrangement Sale,,,failed,False,2026-08-21T02:28:46.160203+09:00
Arrangement Sample,,,failed,False,2026-08-19T22:01:14.357219+09:00
Arrangement Scale,,,failed,False,2026-08-17T23:24:40.372556+09:00
Arrangement Scanner,,,failed,False,2026-08-27T23:58:14.186756+09:00
Arrangement Scheduler,,,failed,False,2026-08-17T23:27:19.198277+09:00
Arrangement Scope,,,failed,False,2026-08-17T23:14:25.326532+09:00
Arrangement Score,,,failed,False,2026-08-19T13:32:58.947587+09:00
Arrangement Sentry,,,failed,False,2026-08-17T23:11:46.496961+09:00
Arrangement Sheet,20.0,2.0,success,False,2026-08-19T13:32:45.255500+09:00
Arrangement Shortfall,,,failed,False,2026-08-27T21:49:42.725472+09:00
Arrangement Signal,,,failed,False,2026-08-17T23:07:32.474026+09:00
Arrangement Signature,,,failed,False,2026-08-23T13:28:03.127667+09:00
Arrangement Slip,,,failed,False,2026-08-19T22:01:05.588899+09:00
Arrangement Slot,,,failed,False,2026-08-19T22:01:27.807092+09:00
Arrangement Snapshot,,,failed,False,2026-08-18T22:08:59.053528+09:00
Arrangement Stage,,,failed,False,2026-08-28T00:48:30.764034+09:00
Arrangement Stake,,,failed,False,2026-08-23T02:57:32.152196+09:00
Arrangement Stamp,,,failed,False,2026-08-23T13:28:05.717329+09:00
Arrangement Statement,,,failed,False,2026-08-21T00:34:09.449100+09:00
Arrangement Station,,,failed,False,2026-08-17T22:46:53.613180+09:00
Arrangement Status,10.0,0.0,success,False,2026-08-19T20:45:12.440392+09:00
Arrangement Stub,,,failed,False,2026-08-21T00:34:04.071728+09:00
Arrangement Studio,70.0,2.0,success,False,2026-08-17T23:08:49.702335+09:00
Arrangement Suite,,,failed,False,2026-08-17T23:26:50.492047+09:00
Arrangement Sum,,,failed,False,2026-08-21T02:28:33.010940+09:00
Arrangement Summary,,,failed,False,2026-08-19T21:16:41.047984+09:00
Arrangement Sync,,,failed,False,2026-08-17T23:07:51.294970+09:00
Arrangement Tab,70.0,0.0,success,False,2026-08-21T00:34:38.752919+09:00
Arrangement Table,70.0,1.0,success,False,2026-08-19T22:00:47.598420+09:00
Arrangement Tag,,,failed,False,2026-08-19T13:33:22.206561+09:00
Arrangement Tally,,,failed,False,2026-08-21T00:34:14.211470+09:00
Arrangement Tariff,,,failed,False,2026-08-21T02:43:50.740440+09:00
Arrangement Tax,,,failed,False,2026-08-21T02:13:20.223987+09:00
Arrangement Ticket,10.0,0.0,success,False,2026-08-19T21:17:38.869284+09:00
Arrangement Tier,,,failed,False,2026-08-28T00:48:34.201373+09:00
Arrangement Timeline,,,failed,False,2026-08-19T21:16:53.658254+09:00
Arrangement Timer,,,failed,False,2026-08-28T00:26:55.262283+09:00
Arrangement Toll,,,failed,False,2026-08-21T02:43:44.053859+09:00
Arrangement Toolbox,,,failed,False,2026-08-28T00:26:57.692425+09:00
Arrangement Toolkit,,,failed,False,2026-08-18T22:08:32.701996+09:00
Arrangement Total,,,failed,False,2026-08-27T23:15:43.697016+09:00
Arrangement Tracker,,,failed,False,2026-08-17T23:28:58.984040+09:00
Arrangement Trail,,,failed,False,2026-08-17T23:25:33.384672+09:00
Arrangement Trial,,,failed,False,2026-08-27T21:18:48.752837+09:00
Arrangement Unit,,,failed,False,2026-08-21T01:57:50.113408+09:00
Arrangement Update,,,failed,False,2026-08-19T20:45:56.516624+09:00
Arrangement Value,,,failed,False,2026-08-23T02:57:30.156609+09:00
Arrangement Vault,,,failed,False,2026-08-17T23:30:05.459796+09:00
Arrangement Version,,,failed,False,2026-08-23T03:22:39.014022+09:00
Arrangement View,210.0,1.0,success,False,2026-08-19T20:45:21.816276+09:00
Arrangement Voucher,,,failed,False,2026-08-21T00:33:53.387508+09:00
Arrangement Watch,320.0,5.0,success,False,2026-08-17T23:31:12.330432+09:00
Arrangement Wave,,,failed,False,2026-08-17T23:03:34.150622+09:00
Arrangement Widget,,,failed,False,2026-08-27T23:15:46.670229+09:00
Arrangement Workbench,,,failed,False,2026-08-18T22:08:25.868252+09:00
Arrangement Worksheet,,,failed,False,2026-08-27T22:14:14.143197+09:00
Arrangement Workshop,10.0,24.0,success,False,2026-08-28T00:26:57.692425+09:00
Arrangement Zone,,,failed,False,2026-08-17T23:23:41.484558+09:00
Assembly Advance,,,failed,False,2026-08-23T16:15:33.574414+09:00
Assembly Advisory,20.0,2.0,success,False,2026-08-21T01:04:13.537026+09:00
Assembly Allowance,,,failed,False,2026-08-21T02:42:30.088898+09:00
Assembly Almanac,,,failed,False,2026-08-18T22:06:49.548592+09:00
Assembly Analyzer,10.0,0.0,success,False,2026-08-27T23:57:31.093402+09:00
Assembly Anchor,880.0,0.0,success,False,2026-08-17T21:33:37.652467+09:00
Assembly Arrears,,,failed,False,2026-08-23T16:15:33.574414+09:00
Assembly Asset,,,failed,False,2026-08-23T13:47:44.552149+09:00
Assembly Assistant,90.0,0.0,success,False,2026-08-17T23:06:43.544679+09:00
Assembly Atlas,,,failed,False,2026-08-17T20:41:47.517366+09:00
Assembly Attribute,10.0,0.0,success,False,2026-08-23T13:08:05.055975+09:00
Assembly Badge,,,failed,False,2026-08-21T00:31:34.132172+09:00
Assembly Balance,,,failed,False,2026-08-23T13:47:40.781383+09:00
Assembly Base,90.0,17.0,success,False,2026-08-17T20:38:48.292759+09:00
Assembly Bay,40.0,0.0,success,False,2026-08-19T00:37:02.474717+09:00
Assembly Beacon,,,failed,False,2026-08-17T21:37:57.485180+09:00
Assembly Bill,480.0,0.0,success,False,2026-08-19T21:55:49.933305+09:00
Assembly Blueprint,70.0,5.0,success,False,2026-08-18T22:06:41.570881+09:00
Assembly Board,880.0,3.0,success,False,2026-08-17T20:36:02.767132+09:00
Assembly Book,1300.0,26.0,success,False,2026-08-19T21:56:48.069412+09:00
Assembly Bridge,,,failed,False,2026-08-17T21:34:42.632014+09:00
Assembly Brief,,,failed,False,2026-08-21T01:04:02.292645+09:00
Assembly Bulletin,,,failed,False,2026-08-21T01:03:59.232813+09:00
Assembly Calculator,210.0,0.0,success,False,2026-08-27T23:35:43.099138+09:00
Assembly Calendar,170.0,0.0,success,False,2026-08-18T23:57:18.728861+09:00
Assembly Card,70.0,0.0,success,False,2026-08-19T13:28:22.445633+09:00
Assembly Cascade,,,failed,False,2026-08-17T21:35:46.466784+09:00
Assembly Cash,,,failed,False,2026-08-21T02:27:05.386441+09:00
Assembly Catalog,10.0,0.0,success,False,2026-08-19T21:13:31.913325+09:00
Assembly Category,,,failed,False,2026-08-23T13:08:02.630104+09:00
Assembly Center,320.0,0.0,success,False,2026-08-18T07:52:53.130004+09:00
Assembly Chain,320.0,9.0,success,False,2026-08-17T20:46:04.855118+09:00
Assembly Charge,110.0,1.0,success,False,2026-08-21T02:42:16.992307+09:00
Assembly Check,50.0,0.0,success,False,2026-08-19T13:28:46.213071+09:00
Assembly Checker,50.0,0.0,success,False,2026-08-27T23:57:28.605750+09:00
Assembly Checklist,20.0,0.0,success,False,2026-08-19T21:12:35.619378+09:00
Assembly Circular,,,failed,False,2026-08-21T01:04:08.971472+09:00
Assembly Cockpit,,,failed,False,2026-08-17T23:25:53.472363+09:00
Assembly Code,18100.0,0.0,success,True,2026-08-19T21:56:11.493537+09:00
Assembly Codex,,,failed,False,2026-08-18T22:07:07.445674+09:00
Assembly Companion,,,failed,False,2026-08-17T23:04:33.261831+09:00
Assembly Comparison,10.0,0.0,success,False,2026-08-28T01:07:32.974301+09:00
Assembly Compass,,,failed,False,2026-08-17T21:39:22.624237+09:00
Assembly Compendium,,,failed,False,2026-08-18T22:06:59.160335+09:00
Assembly Confirmation,,,failed,False,2026-08-21T01:04:24.715250+09:00
Assembly Console,10.0,0.0,success,False,2026-08-17T21:37:24.355362+09:00
Assembly Core,20.0,0.0,success,False,2026-08-17T20:37:59.877456+09:00
Assembly Cost,210.0,1.0,success,False,2026-08-21T02:11:34.732367+09:00
Assembly Count,320.0,0.0,success,False,2026-08-27T22:49:35.364614+09:00
Assembly Counter,320.0,0.0,success,False,2026-08-18T23:58:19.517114+09:00
Assembly Dashboard,70.0,18.0,success,False,2026-08-17T23:10:09.982693+09:00
Assembly Deal,,,failed,False,2026-08-21T01:56:16.843249+09:00
Assembly Debt,,,failed,False,2026-08-21T02:26:59.463760+09:00
Assembly Deck,,,failed,False,2026-08-17T20:35:04.556306+09:00
Assembly Depot,,,failed,False,2026-08-18T23:57:58.396596+09:00
Assembly Desk,720.0,100.0,success,False,2026-08-17T20:32:38.453320+09:00
Assembly Detail,90.0,0.0,success,False,2026-08-23T03:21:12.022197+09:00
Assembly Detector,,,failed,False,2026-08-27T23:57:31.093402+09:00
Assembly Diagram,3600.0,0.0,success,True,2026-08-27T22:13:09.872881+09:00
Assembly Dial,,,failed,False,2026-08-17T21:35:16.200596+09:00
Assembly Digest,,,failed,False,2026-08-19T20:43:08.672141+09:00
Assembly Directory,30.0,0.0,success,False,2026-08-18T23:57:31.846586+09:00
Assembly Discount,,,failed,False,2026-08-23T16:15:27.627511+09:00
Assembly Dock,,,failed,False,2026-08-17T21:30:50.388708+09:00
Assembly Dossier,,,failed,False,2026-08-21T01:04:35.050629+09:00
Assembly Downpayment,,,failed,False,2026-08-27T21:48:46.666341+09:00
Assembly Draft,,,failed,False,2026-08-19T20:43:22.271749+09:00
Assembly Duty,260.0,1.0,success,False,2026-08-21T02:42:20.398693+09:00
Assembly Engine,320.0,8.0,success,False,2026-08-17T23:24:19.906640+09:00
Assembly Entry,10.0,7.0,success,False,2026-08-21T01:04:56.218179+09:00
Assembly Estimate,30.0,11.0,success,False,2026-08-19T21:13:21.149067+09:00
Assembly Estimator,,,failed,False,2026-08-27T23:57:22.809432+09:00
Assembly Excerpt,,,failed,False,2026-08-21T01:04:41.877436+09:00
Assembly Fare,,,failed,False,2026-08-21T02:11:43.167775+09:00
Assembly Fee,140.0,2.0,success,False,2026-08-21T01:55:53.001580+09:00
Assembly Feed,,,failed,False,2026-08-19T20:43:16.240040+09:00
Assembly Field,30.0,0.0,success,False,2026-08-23T13:08:07.144549+09:00
Assembly File,1000.0,0.0,success,True,2026-08-19T20:42:34.910732+09:00
Assembly Finder,,,failed,False,2026-08-18T23:57:49.004373+09:00
Assembly Fine,,,failed,False,2026-08-23T02:56:29.364559+09:00
Assembly Flag,2400.0,2.0,success,False,2026-08-21T00:32:18.028421+09:00
Assembly Flow,30.0,0.0,success,False,2026-08-17T20:35:35.063549+09:00
Assembly Forge,,,failed,False,2026-08-17T21:36:47.272145+09:00
Assembly Form,2900.0,25.0,success,False,2026-08-19T13:28:12.912105+09:00
Assembly Format,2900.0,25.0,success,False,2026-08-23T13:08:09.181921+09:00
Assembly Frame,140.0,21.0,success,False,2026-08-17T20:39:43.687132+09:00
Assembly Fund,,,failed,False,2026-08-21T02:27:02.067893+09:00
Assembly Gate,110.0,42.0,success,False,2026-08-17T20:43:26.313536+09:00
Assembly Generator,260.0,4.0,success,False,2026-08-27T23:35:43.099138+09:00
Assembly Grade,,,failed,False,2026-08-21T00:32:00.759395+09:00
Assembly Graph,140.0,1.0,success,False,2026-08-27T22:12:55.481525+09:00
Assembly Grid,,,failed,False,2026-08-17T20:46:46.837602+09:00
Assembly Guarantee,,,failed,False,2026-08-28T01:07:38.587205+09:00
Assembly Guard,10.0,0.0,success,False,2026-08-17T20:38:21.061174+09:00
Assembly Guidebook,,,failed,False,2026-08-18T22:06:23.871734+09:00
Assembly Helper,50.0,16.0,success,False,2026-08-28T00:26:29.201404+09:00
Assembly History,210.0,0.0,success,False,2026-08-19T20:42:27.783446+09:00
Assembly Hotline,,,failed,False,2026-08-19T21:13:44.257474+09:00
Assembly Hub,170.0,19.0,success,False,2026-08-17T20:34:35.742752+09:00
Assembly Identifier,,,failed,False,2026-08-23T13:07:59.189669+09:00
Assembly Index,50.0,0.0,success,False,2026-08-19T21:12:45.437785+09:00
Assembly Insight,,,failed,False,2026-08-17T23:25:36.258312+09:00
Assembly Installment,,,failed,False,2026-08-23T16:15:27.627511+09:00
Assembly Item,170.0,5.0,success,False,2026-08-21T01:56:03.758206+09:00
Assembly Journal,70.0,0.0,success,False,2026-08-18T22:06:03.591349+09:00
Assembly Keeper,,,failed,False,2026-08-17T20:40:10.157299+09:00
Assembly Kit,720.0,15.0,success,False,2026-08-27T22:49:32.762391+09:00
Assembly Lab,390.0,48.0,success,False,2026-08-17T20:33:10.817795+09:00
Assembly Label,110000.0,100.0,success,False,2026-08-27T22:13:01.149795+09:00
Assembly Ledger,,,failed,False,2026-08-17T20:37:00.325562+09:00
Assembly Lens,,,failed,False,2026-08-17T20:40:33.502804+09:00
Assembly Level,1000.0,0.0,success,True,2026-08-19T20:42:39.884460+09:00
Assembly Line,49500.0,2.0,success,False,2026-08-19T12:24:52.766988+09:00
Assembly Link,30.0,0.0,success,False,2026-08-23T03:21:00.660532+09:00
Assembly List,170.0,0.0,success,False,2026-08-19T21:56:20.786748+09:00
Assembly Loan,,,failed,False,2026-08-21T02:11:50.760630+09:00
Assembly Locator,,,failed,False,2026-08-18T23:57:39.317157+09:00
Assembly Lock,90.0,2.0,success,False,2026-08-17T20:42:08.223187+09:00
Assembly Log,10.0,0.0,success,False,2026-08-19T13:28:06.398636+09:00
Assembly Loop,1600.0,0.0,success,True,2026-08-17T20:48:00.384731+09:00
Assembly Manager,140.0,1.0,success,False,2026-08-17T20:39:17.196343+09:00
Assembly Manual,880.0,0.0,success,False,2026-08-27T22:13:01.149795+09:00
Assembly Map,170.0,0.0,success,False,2026-08-17T20:41:17.748242+09:00
Assembly Margin,,,failed,False,2026-08-23T02:56:26.483203+09:00
Assembly Marker,,,failed,False,2026-08-23T13:27:54.146441+09:00
Assembly Markup,,,failed,False,2026-08-23T16:39:30.994856+09:00
Assembly Memo,,,failed,False,2026-08-21T00:32:06.767489+09:00
Assembly Message,720.0,0.0,success,False,2026-08-27T23:14:55.579423+09:00
Assembly Meter,,,failed,False,2026-08-17T21:34:12.134068+09:00
Assembly Metrics,,,failed,False,2026-08-17T23:15:18.258563+09:00
Assembly Monitor,50.0,13.0,success,False,2026-08-17T23:08:28.176792+09:00
Assembly Navigator,,,failed,False,2026-08-17T23:26:08.164356+09:00
Assembly Nexus,,,failed,False,2026-08-17T20:42:32.290659+09:00
Assembly Node,,,failed,False,2026-08-17T20:44:17.126543+09:00
Assembly Note,140.0,0.0,success,False,2026-08-19T13:29:02.484553+09:00
Assembly Notification,10.0,0.0,success,False,2026-08-27T22:49:32.762391+09:00
Assembly Number,390.0,0.0,success,False,2026-08-23T03:20:52.959248+09:00
Assembly Office,140.0,5.0,success,False,2026-08-18T23:58:11.366687+09:00
Assembly Ops,,,failed,False,2026-08-17T23:11:50.330995+09:00
Assembly Order,170.0,0.0,success,False,2026-08-19T21:55:36.980585+09:00
Assembly Organizer,10.0,79.0,success,False,2026-08-17T23:25:00.626086+09:00
Assembly Overage,,,failed,False,2026-08-27T21:48:42.861590+09:00
Assembly Overdue,,,failed,False,2026-08-27T21:48:38.041939+09:00
Assembly Panel,90.0,9.0,success,False,2026-08-17T21:36:22.095100+09:00
Assembly Pass,90.0,0.0,success,False,2026-08-21T00:31:17.519824+09:00
Assembly Path,10.0,1.0,success,False,2026-08-17T20:43:56.267353+09:00
Assembly Payoff,,,failed,False,2026-08-27T21:48:40.249889+09:00
Assembly Penalty,,,failed,False,2026-08-23T16:39:28.081272+09:00
Assembly Petition,30.0,0.0,success,False,2026-08-21T01:04:18.102523+09:00
Assembly Pilot,1600.0,100.0,success,False,2026-08-17T20:33:43.675774+09:00
Assembly Plan,320.0,4.0,success,False,2026-08-21T01:56:12.510800+09:00
Assembly Planner,320.0,4.0,success,False,2026-08-17T23:24:40.372556+09:00
Assembly Playbook,,,failed,False,2026-08-18T22:05:55.715721+09:00
Assembly Point,22200.0,49.0,success,False,2026-08-17T20:42:54.961047+09:00
Assembly Portal,210.0,35.0,success,False,2026-08-17T21:38:32.905021+09:00
Assembly Preview,,,failed,False,2026-08-28T01:07:35.564975+09:00
Assembly Profile,10.0,0.0,success,False,2026-08-19T13:29:35.607135+09:00
Assembly Profit,,,failed,False,2026-08-23T02:56:17.565255+09:00
Assembly Proposal,,,failed,False,2026-08-28T01:07:38.587205+09:00
Assembly Pulse,,,failed,False,2026-08-17T20:45:45.792269+09:00
Assembly Queue,,,failed,False,2026-08-19T21:13:07.301000+09:00
Assembly Quota,,,failed,False,2026-08-21T00:32:11.459467+09:00
Assembly Radar,,,failed,False,2026-08-18T07:52:03.741881+09:00
Assembly Rail,10.0,0.0,success,False,2026-08-17T20:48:37.567206+09:00
Assembly Rate,10.0,0.0,success,False,2026-08-19T20:42:48.667396+09:00
Assembly Recap,,,failed,False,2026-08-21T01:04:44.330584+09:00
Assembly Receipt,,,failed,False,2026-08-19T21:55:57.867275+09:00
Assembly Recorder,,,failed,False,2026-08-27T23:35:43.099138+09:00
Assembly Register,1300.0,0.0,success,True,2026-08-17T23:26:22.390418+09:00
Assembly Registry,,,failed,False,2026-08-18T22:06:31.917725+09:00
Assembly Relay,,,failed,False,2026-08-18T07:52:15.038723+09:00
Assembly Reminder,,,failed,False,2026-08-19T21:12:24.209579+09:00
Assembly Report,70.0,0.0,success,False,2026-08-19T13:27:59.144364+09:00
Assembly Repository,,,failed,False,2026-08-27T23:15:00.482378+09:00
Assembly Result,8100.0,0.0,success,True,2026-08-28T00:48:15.950901+09:00
Assembly Roadmap,30.0,2.0,success,False,2026-08-18T22:07:14.456265+09:00
Assembly Roster,70.0,0.0,success,False,2026-08-19T00:37:15.495159+09:00
Assembly Route,,,failed,False,2026-08-17T21:31:59.895065+09:00
Assembly Rule,210.0,0.0,success,False,2026-08-23T03:21:07.842946+09:00
Assembly Sale,90.0,99.0,success,False,2026-08-21T02:27:13.658425+09:00
Assembly Sample,8100.0,0.0,success,True,2026-08-19T21:57:05.603826+09:00
Assembly Scale,,,failed,False,2026-08-17T21:33:10.630129+09:00
Assembly Scanner,10.0,0.0,success,False,2026-08-27T23:57:28.605750+09:00
Assembly Scheduler,,,failed,False,2026-08-17T23:13:43.600383+09:00
Assembly Schematic,30.0,0.0,success,False,2026-08-27T22:29:07.164636+09:00
Assembly Scope,,,failed,False,2026-08-17T21:30:18.085086+09:00
Assembly Score,,,failed,False,2026-08-19T13:28:55.054153+09:00
Assembly Sentry,,,failed,False,2026-08-17T20:40:53.994191+09:00
Assembly Sheet,70.0,3.0,success,False,2026-08-19T13:28:36.830433+09:00
Assembly Shortfall,,,failed,False,2026-08-27T21:48:49.180539+09:00
Assembly Signal,10.0,,success,False,2026-08-17T21:32:36.544768+09:00
Assembly Signature,,,failed,False,2026-08-23T13:27:54.146441+09:00
Assembly Slip,,,failed,False,2026-08-19T21:56:56.242658+09:00
Assembly Slot,,,failed,False,2026-08-19T21:57:19.204093+09:00
Assembly Snapshot,,,failed,False,2026-08-18T22:06:12.435541+09:00
Assembly Stage,210.0,43.0,success,False,2026-08-28T00:48:11.249121+09:00
Assembly Stake,10.0,,success,False,2026-08-23T02:56:24.253545+09:00
Assembly Stamp,,,failed,False,2026-08-23T13:27:54.146441+09:00
Assembly Statement,10.0,0.0,success,False,2026-08-21T00:31:47.591094+09:00
Assembly Station,1000.0,5.0,success,False,2026-08-17T20:32:00.957216+09:00
Assembly Status,50.0,0.0,success,False,2026-08-19T20:42:17.170868+09:00
Assembly Stipend,,,failed,False,2026-08-23T13:47:46.605419+09:00
Assembly Stub,,,failed,False,2026-08-21T00:31:38.357083+09:00
Assembly Studio,9900.0,3.0,success,False,2026-08-17T20:34:11.615000+09:00
Assembly Suite,,,failed,False,2026-08-17T23:12:05.919804+09:00
Assembly Sum,170.0,0.0,success,False,2026-08-21T02:26:56.391999+09:00
Assembly Summary,10.0,0.0,success,False,2026-08-19T21:12:02.105513+09:00
Assembly Sync,,,failed,False,2026-08-17T20:36:28.708934+09:00
Assembly Tab,,,failed,False,2026-08-21T00:32:24.105621+09:00
Assembly Table,1600.0,100.0,success,False,2026-08-19T21:56:32.690388+09:00
Assembly Tag,40.0,9.0,success,False,2026-08-19T13:29:22.570342+09:00
Assembly Tally,,,failed,False,2026-08-21T00:31:52.807063+09:00
Assembly Tariff,,,failed,False,2026-08-21T02:42:34.441538+09:00
Assembly Tax,,,failed,False,2026-08-21T02:11:46.716437+09:00
Assembly Ticket,40.0,1.0,success,False,2026-08-19T21:12:55.345811+09:00
Assembly Timeline,,,failed,False,2026-08-19T21:12:12.315865+09:00
Assembly Timer,1000.0,0.0,success,True,2026-08-28T00:26:22.903465+09:00
Assembly Toll,,,failed,False,2026-08-21T02:42:25.352468+09:00
Assembly Toolbox,1600.0,1.0,success,False,2026-08-28T00:26:26.682078+09:00
Assembly Toolkit,10.0,8.0,success,False,2026-08-18T22:05:45.987777+09:00
Assembly Total,,,failed,False,2026-08-27T23:14:57.999766+09:00
Assembly Tracker,,,failed,False,2026-08-17T20:37:28.424048+09:00
Assembly Trail,50.0,1.0,success,False,2026-08-17T20:47:19.659128+09:00
Assembly Trend,,,failed,False,2026-08-28T01:07:30.106939+09:00
Assembly Trial,,,failed,False,2026-08-27T21:17:40.328757+09:00
Assembly Unit,590.0,13.0,success,False,2026-08-21T01:56:06.760187+09:00
Assembly Update,20.0,0.0,success,False,2026-08-19T20:43:01.232728+09:00
Assembly Value,50.0,0.0,success,False,2026-08-23T02:56:21.131414+09:00
Assembly Vault,,,failed,False,2026-08-17T21:41:25.564008+09:00
Assembly Version,170.0,1.0,success,False,2026-08-23T03:20:56.810289+09:00
Assembly View,390.0,0.0,success,False,2026-08-19T20:42:21.972075+09:00
Assembly Voucher,90.0,3.0,success,False,2026-08-21T00:31:22.902026+09:00
Assembly Watch,90.0,46.0,success,False,2026-08-17T21:31:30.369012+09:00
Assembly Wave,,,failed,False,2026-08-17T20:44:38.858684+09:00
Assembly Widget,,,failed,False,2026-08-27T23:14:57.999766+09:00
Assembly Workbench,210.0,96.0,success,False,2026-08-18T22:05:38.221943+09:00
Assembly Worksheet,,,failed,False,2026-08-27T22:13:04.123105+09:00
Assembly Workshop,210.0,0.0,success,False,2026-08-28T00:26:22.903465+09:00
Assembly Zone,90.0,0.0,success,False,2026-08-17T21:40:47.686331+09:00
Assessment Advisory,,,failed,False,2026-08-21T00:59:03.951352+09:00
Assessment Allowance,30.0,29.0,success,False,2026-08-21T02:40:41.069615+09:00
Assessment Almanac,,,failed,False,2026-08-18T23:50:15.098836+09:00
Assessment Analyzer,,,failed,False,2026-08-27T23:52:30.197940+09:00
Assessment Anchor,,,failed,False,2026-08-17T20:44:11.907751+09:00
Assessment Announcement,,,failed,False,2026-08-27T23:32:40.029337+09:00
Assessment Assistant,90.0,0.0,success,False,2026-08-17T23:10:04.608173+09:00
Assessment Atlas,,,failed,False,2026-08-17T20:34:53.035348+09:00
Assessment Attribute,,,failed,False,2026-08-23T13:05:43.515456+09:00
Assessment Badge,,,failed,False,2026-08-21T00:29:53.018137+09:00
Assessment Base,70.0,0.0,success,False,2026-08-18T07:52:58.974940+09:00
Assessment Beacon,,,failed,False,2026-08-17T20:48:26.612997+09:00
Assessment Bill,880.0,0.0,success,False,2026-08-19T21:46:20.188818+09:00
Assessment Blueprint,170.0,0.0,success,False,2026-08-18T23:50:15.098836+09:00
Assessment Board,140.0,0.0,success,False,2026-08-17T21:39:13.221117+09:00
Assessment Book,1600.0,21.0,success,False,2026-08-19T21:47:24.408619+09:00
Assessment Bridge,10.0,1.0,success,False,2026-08-17T20:45:12.889782+09:00
Assessment Brief,170.0,2.0,success,False,2026-08-21T00:58:54.317507+09:00
Assessment Bulletin,,,failed,False,2026-08-21T00:58:49.473587+09:00
Assessment Calculator,390.0,0.0,success,False,2026-08-27T23:32:40.029337+09:00
Assessment Calendar,1000.0,2.0,success,False,2026-08-19T00:00:12.518097+09:00
Assessment Card,170.0,1.0,success,False,2026-08-19T13:26:03.914310+09:00
Assessment Cascade,,,failed,False,2026-08-17T20:45:58.318950+09:00
Assessment Cash,,,failed,False,2026-08-21T02:24:43.440499+09:00
Assessment Cashback,,,failed,False,2026-08-27T21:17:00.727259+09:00
Assessment Catalog,10.0,0.0,success,False,2026-08-19T21:15:38.736251+09:00
Assessment Category,70.0,1.0,success,False,2026-08-23T13:05:41.403029+09:00
Assessment Center,27100.0,11.0,success,False,2026-08-17T21:32:28.090728+09:00
Assessment Chain,,,failed,False,2026-08-17T20:39:33.830984+09:00
Assessment Charge,110.0,0.0,success,False,2026-08-21T02:40:30.595557+09:00
Assessment Check,110.0,14.0,success,False,2026-08-19T13:26:27.174031+09:00
Assessment Checker,110.0,14.0,success,False,2026-08-27T23:52:16.469073+09:00
Assessment Checklist,720.0,1.0,success,False,2026-08-19T21:14:39.007898+09:00
Assessment Circular,10.0,0.0,success,False,2026-08-21T01:00:08.450743+09:00
Assessment Cockpit,,,failed,False,2026-08-17T23:28:52.290735+09:00
Assessment Code,140.0,3.0,success,False,2026-08-19T21:46:45.064278+09:00
Assessment Codex,,,failed,False,2026-08-18T22:02:30.753417+09:00
Assessment Companion,10.0,,success,False,2026-08-17T23:08:04.686791+09:00
Assessment Comparison,10.0,0.0,success,False,2026-08-28T01:03:37.882161+09:00
Assessment Compass,,,failed,False,2026-08-17T21:30:43.453478+09:00
Assessment Compendium,,,failed,False,2026-08-18T23:50:15.098836+09:00
Assessment Confirmation,,,failed,False,2026-08-21T00:59:12.932532+09:00
Assessment Console,,,failed,False,2026-08-17T20:47:50.375793+09:00
Assessment Core,,,failed,False,2026-08-18T07:53:06.257546+09:00
Assessment Cost,210.0,1.0,success,False,2026-08-21T02:08:44.609671+09:00
Assessment Count,,,failed,False,2026-08-27T22:44:46.439478+09:00
Assessment Counter,,,failed,False,2026-08-19T00:01:01.996823+09:00
Assessment Coupon,,,failed,False,2026-08-27T21:17:00.727259+09:00
Assessment Dashboard,90.0,14.0,success,False,2026-08-17T23:13:20.544847+09:00
Assessment Deal,,,failed,False,2026-08-21T01:52:08.240457+09:00
Assessment Debt,,,failed,False,2026-08-21T02:24:33.883948+09:00
Assessment Deck,,,failed,False,2026-08-17T21:37:46.877382+09:00
Assessment Depot,,,failed,False,2026-08-19T00:00:48.226412+09:00
Assessment Desk,,,failed,False,2026-08-17T21:35:06.399475+09:00
Assessment Detail,260.0,0.0,success,False,2026-08-23T03:15:41.007114+09:00
Assessment Detector,,,failed,False,2026-08-27T23:52:26.282518+09:00
Assessment Diagram,90.0,0.0,success,False,2026-08-27T22:12:11.460290+09:00
Assessment Dial,,,failed,False,2026-08-17T20:45:35.834234+09:00
Assessment Digest,,,failed,False,2026-08-19T20:41:37.796650+09:00
Assessment Directory,,,failed,False,2026-08-19T00:00:22.759146+09:00
Assessment Discount,,,failed,False,2026-08-23T16:14:08.408734+09:00
Assessment Dock,,,failed,False,2026-08-17T20:42:01.579820+09:00
Assessment Dossier,10.0,0.0,success,False,2026-08-21T00:59:17.321844+09:00
Assessment Downpayment,,,failed,False,2026-08-27T21:48:07.167837+09:00
Assessment Draft,,,failed,False,2026-08-19T20:41:51.151726+09:00
Assessment Due,50.0,0.0,success,False,2026-08-23T15:51:39.388284+09:00
Assessment Duty,110.0,0.0,success,False,2026-08-21T02:40:33.895660+09:00
Assessment Engine,170.0,22.0,success,False,2026-08-17T23:27:47.140187+09:00
Assessment Entry,50.0,0.0,success,False,2026-08-21T00:59:38.385269+09:00
Assessment Estimate,,,failed,False,2026-08-19T21:15:27.386619+09:00
Assessment Estimator,,,failed,False,2026-08-27T23:52:13.665480+09:00
Assessment Excerpt,,,failed,False,2026-08-21T01:01:51.697457+09:00
Assessment Fare,,,failed,False,2026-08-21T02:08:52.269018+09:00
Assessment Fee,1600.0,0.0,success,True,2026-08-21T01:51:52.747806+09:00
Assessment Feed,,,failed,False,2026-08-19T20:41:43.197527+09:00
Assessment Field,,,failed,False,2026-08-23T13:05:45.716846+09:00
Assessment File,390.0,1.0,success,False,2026-08-19T20:41:03.972806+09:00
Assessment Finder,,,failed,False,2026-08-19T00:00:38.616891+09:00
Assessment Flag,,,failed,False,2026-08-21T00:30:39.454023+09:00
Assessment Flow,20.0,0.0,success,False,2026-08-17T21:38:24.477715+09:00
Assessment Forge,10.0,0.0,success,False,2026-08-17T20:47:09.255931+09:00
Assessment Form,2900.0,1.0,success,False,2026-08-19T13:25:53.621438+09:00
Assessment Format,2900.0,1.0,success,False,2026-08-23T13:05:51.104957+09:00
Assessment Frame,10.0,0.0,success,False,2026-08-17T20:32:26.534581+09:00
Assessment Fund,20.0,0.0,success,False,2026-08-21T02:24:39.206528+09:00
Assessment Gate,70.0,4.0,success,False,2026-08-17T20:36:52.122948+09:00
Assessment Generator,170.0,46.0,success,False,2026-08-27T23:32:47.063702+09:00
Assessment Giveaway,,,failed,False,2026-08-27T21:17:07.956821+09:00
Assessment Grade,,,failed,False,2026-08-21T00:30:22.823388+09:00
Assessment Graph,40.0,0.0,success,False,2026-08-27T22:11:50.573955+09:00
Assessment Grid,260.0,1.0,success,False,2026-08-17T20:40:03.112671+09:00
Assessment Guard,,,failed,False,2026-08-18T07:52:33.463903+09:00
Assessment Guardian,,,failed,False,2026-08-28T00:22:39.734824+09:00
Assessment Guidebook,,,failed,False,2026-08-18T23:50:15.098836+09:00
Assessment Helpdesk,,,failed,False,2026-08-27T22:44:46.439478+09:00
Assessment Helper,720.0,18.0,success,False,2026-08-28T00:22:49.083106+09:00
Assessment History,320.0,0.0,success,False,2026-08-19T20:40:53.028403+09:00
Assessment Hotline,,,failed,False,2026-08-19T21:15:48.074960+09:00
Assessment Hub,1000.0,5.0,success,False,2026-08-17T21:37:10.762781+09:00
Assessment Identifier,10.0,0.0,success,False,2026-08-23T13:05:39.073326+09:00
Assessment Incentive,,,failed,False,2026-08-27T21:17:03.008156+09:00
Assessment Index,40.0,0.0,success,False,2026-08-19T21:14:49.838669+09:00
Assessment Insight,1900.0,12.0,success,False,2026-08-17T23:28:34.893276+09:00
Assessment Installment,,,failed,False,2026-08-23T16:14:11.722628+09:00
Assessment Item,140.0,0.0,success,False,2026-08-21T01:51:57.784692+09:00
Assessment Journal,1300.0,1.0,success,False,2026-08-18T23:50:15.098836+09:00
Assessment Keeper,,,failed,False,2026-08-17T20:33:01.756540+09:00
Assessment Lab,390.0,0.0,success,False,2026-08-17T21:35:38.144027+09:00
Assessment Label,20.0,20.0,success,False,2026-08-27T22:11:56.077657+09:00
Assessment Ledger,,,failed,False,2026-08-17T21:41:16.664514+09:00
Assessment Lens,,,failed,False,2026-08-17T20:33:33.696511+09:00
Assessment Level,210.0,1.0,success,False,2026-08-19T20:41:13.496418+09:00
Assessment Link,390.0,10.0,success,False,2026-08-23T03:15:32.798139+09:00
Assessment List,210.0,0.0,success,False,2026-08-19T21:46:54.129984+09:00
Assessment Loan,170.0,22.0,success,False,2026-08-21T02:09:00.837465+09:00
Assessment Locator,,,failed,False,2026-08-19T00:00:31.381271+09:00
Assessment Lock,30.0,6.0,success,False,2026-08-17T20:35:22.813816+09:00
Assessment Log,50.0,0.0,success,False,2026-08-19T13:25:47.267780+09:00
Assessment Loop,50.0,1.0,success,False,2026-08-17T20:40:51.053535+09:00
Assessment Manager,590.0,4.0,success,False,2026-08-17T20:31:52.293572+09:00
Assessment Manual,170.0,0.0,success,False,2026-08-27T22:12:02.778487+09:00
Assessment Map,2400.0,16.0,success,False,2026-08-17T20:34:29.454165+09:00
Assessment Markup,,,failed,False,2026-08-23T16:38:55.641714+09:00
Assessment Memo,30.0,0.0,success,False,2026-08-21T00:30:27.321926+09:00
Assessment Message,,,failed,False,2026-08-27T23:10:28.498213+09:00
Assessment Meter,,,failed,False,2026-08-17T20:44:33.462366+09:00
Assessment Metrics,90.0,1.0,success,False,2026-08-17T23:06:20.939022+09:00
Assessment Monitor,10.0,4.0,success,False,2026-08-17T23:11:40.322748+09:00
Assessment Navigator,170.0,0.0,success,False,2026-08-17T23:29:07.663083+09:00
Assessment Nexus,,,failed,False,2026-08-17T20:35:52.510868+09:00
Assessment Node,,,failed,False,2026-08-17T20:37:51.221015+09:00
Assessment Note,170.0,0.0,success,False,2026-08-19T13:27:09.579518+09:00
Assessment Notification,320.0,0.0,success,False,2026-08-27T22:44:35.371350+09:00
Assessment Number,2400.0,0.0,success,True,2026-08-23T03:15:24.852114+09:00
Assessment Office,720.0,1.0,success,False,2026-08-19T00:00:56.933054+09:00
Assessment Ops,,,failed,False,2026-08-17T23:14:57.452489+09:00
Assessment Order,880.0,0.0,success,False,2026-08-19T21:46:11.490049+09:00
Assessment Organizer,,,failed,False,2026-08-17T23:28:11.546877+09:00
Assessment Overage,,,failed,False,2026-08-27T21:48:04.359972+09:00
Assessment Overdue,,,failed,False,2026-08-27T21:47:58.388035+09:00
Assessment Panel,70.0,9.0,success,False,2026-08-17T20:46:27.690682+09:00
Assessment Pass,1000.0,0.0,success,True,2026-08-21T00:29:39.530878+09:00
Assessment Path,,,failed,False,2026-08-17T20:37:19.032635+09:00
Assessment Payoff,10.0,0.0,success,False,2026-08-27T21:48:00.691172+09:00
Assessment Penalty,140.0,2.0,success,False,2026-08-23T16:38:55.641714+09:00
Assessment Petition,,,failed,False,2026-08-21T00:59:08.363801+09:00
Assessment Pilot,50.0,9.0,success,False,2026-08-17T21:36:12.498401+09:00
Assessment Plan,1600.0,5.0,success,False,2026-08-21T01:52:03.394231+09:00
Assessment Planner,1600.0,5.0,success,False,2026-08-17T23:27:58.060156+09:00
Assessment Playbook,10.0,0.0,success,False,2026-08-18T23:50:15.098836+09:00
Assessment Point,140.0,7.0,success,False,2026-08-17T20:36:20.228244+09:00
Assessment Portal,1300.0,2.0,success,False,2026-08-17T21:30:10.122952+09:00
Assessment Preview,,,failed,False,2026-08-28T01:03:40.758183+09:00
Assessment Profile,260.0,22.0,success,False,2026-08-19T13:27:40.228305+09:00
Assessment Profit,,,failed,False,2026-08-23T02:55:21.397263+09:00
Assessment Proposal,50.0,0.0,success,False,2026-08-28T01:03:43.206787+09:00
Assessment Pulse,,,failed,False,2026-08-17T20:39:11.470645+09:00
Assessment Queue,,,failed,False,2026-08-19T21:15:17.337039+09:00
Assessment Quota,,,failed,False,2026-08-21T00:30:34.487987+09:00
Assessment Radar,,,failed,False,2026-08-17T21:34:03.414909+09:00
Assessment Rail,,,failed,False,2026-08-17T20:41:11.362619+09:00
Assessment Rate,260.0,0.0,success,False,2026-08-19T20:41:22.304179+09:00
Assessment Recap,,,failed,False,2026-08-21T00:59:30.115655+09:00
Assessment Receipt,140.0,1.0,success,False,2026-08-19T21:46:33.632095+09:00
Assessment Recorder,,,failed,False,2026-08-27T23:32:47.063702+09:00
Assessment Redemption,,,failed,False,2026-08-23T16:38:57.916604+09:00
Assessment Register,170.0,0.0,success,False,2026-08-17T23:29:25.330773+09:00
Assessment Registry,,,failed,False,2026-08-18T23:50:15.098836+09:00
Assessment Relay,,,failed,False,2026-08-17T21:33:04.357190+09:00
Assessment Reminder,30.0,1.0,success,False,2026-08-19T21:14:27.953850+09:00
Assessment Report,1900.0,0.0,success,True,2026-08-19T13:25:14.797860+09:00
Assessment Repository,10.0,0.0,success,False,2026-08-27T23:10:34.837044+09:00
Assessment Result,720.0,0.0,success,False,2026-08-28T00:46:33.624903+09:00
Assessment Roadmap,10.0,0.0,success,False,2026-08-18T22:02:42.227147+09:00
Assessment Roster,,,failed,False,2026-08-19T00:37:17.107740+09:00
Assessment Route,,,failed,False,2026-08-17T20:42:50.595044+09:00
Assessment Rule,,,failed,False,2026-08-23T03:15:35.333103+09:00
Assessment Sale,320.0,27.0,success,False,2026-08-21T02:24:48.796566+09:00
Assessment Sample,1000.0,0.0,success,True,2026-08-19T21:47:52.868004+09:00
Assessment Scale,390.0,0.0,success,False,2026-08-17T20:43:46.830313+09:00
Assessment Scanner,10.0,33.0,success,False,2026-08-27T23:52:22.402919+09:00
Assessment Scheduler,590.0,0.0,success,False,2026-08-17T23:04:25.350258+09:00
Assessment Scope,50.0,0.0,success,False,2026-08-17T20:41:38.152103+09:00
Assessment Score,390.0,0.0,success,False,2026-08-19T13:27:02.036577+09:00
Assessment Sentry,,,failed,False,2026-08-17T20:34:03.344800+09:00
Assessment Sheet,1000.0,1.0,success,False,2026-08-19T13:26:13.744102+09:00
Assessment Shortfall,,,failed,False,2026-08-27T21:48:09.369962+09:00
Assessment Signal,,,failed,False,2026-08-17T20:43:18.551816+09:00
Assessment Signature,,,failed,False,2026-08-23T13:27:11.117738+09:00
Assessment Slip,170.0,0.0,success,False,2026-08-19T21:47:40.553023+09:00
Assessment Slot,,,failed,False,2026-08-19T21:48:07.459723+09:00
Assessment Snapshot,,,failed,False,2026-08-18T23:50:15.098836+09:00
Assessment Stage,170.0,0.0,success,False,2026-08-28T00:46:33.624903+09:00
Assessment Stake,,,failed,False,2026-08-23T02:52:26.045301+09:00
Assessment Statement,110.0,0.0,success,False,2026-08-21T00:30:05.948049+09:00
Assessment Station,10.0,2.0,success,False,2026-08-17T21:34:34.023181+09:00
Assessment Status,170.0,0.0,success,False,2026-08-19T20:40:35.383963+09:00
Assessment Stub,,,failed,False,2026-08-21T00:29:58.685573+09:00
Assessment Studio,,,failed,False,2026-08-17T21:36:38.708092+09:00
Assessment Subsidy,,,failed,False,2026-08-23T15:51:42.166674+09:00
Assessment Suite,320.0,3.0,success,False,2026-08-17T23:15:12.775041+09:00
Assessment Sum,,,failed,False,2026-08-21T02:24:30.364633+09:00
Assessment Summary,210.0,0.0,success,False,2026-08-19T21:14:07.516927+09:00
Assessment Surtax,,,failed,False,2026-08-23T15:51:42.166674+09:00
Assessment Sync,,,failed,False,2026-08-17T21:40:01.418165+09:00
Assessment Tab,170.0,0.0,success,False,2026-08-21T00:30:46.553076+09:00
Assessment Table,170.0,0.0,success,False,2026-08-19T21:47:08.663103+09:00
Assessment Tag,210.0,1.0,success,False,2026-08-19T13:27:18.608287+09:00
Assessment Tally,,,failed,False,2026-08-21T00:30:14.861916+09:00
Assessment Tariff,,,failed,False,2026-08-21T02:40:47.085181+09:00
Assessment Tax,14800.0,3.0,success,False,2026-08-21T02:08:56.102085+09:00
Assessment Ticket,,,failed,False,2026-08-19T21:15:04.533430+09:00
Assessment Tier,,,failed,False,2026-08-28T00:46:36.452526+09:00
Assessment Timeline,70.0,0.0,success,False,2026-08-19T21:14:17.350894+09:00
Assessment Timer,320.0,0.0,success,False,2026-08-28T00:22:34.191902+09:00
Assessment Toll,,,failed,False,2026-08-21T02:40:38.159052+09:00
Assessment Toolbox,90.0,2.0,success,False,2026-08-28T00:22:42.376773+09:00
Assessment Toolkit,110.0,1.0,success,False,2026-08-18T23:50:15.098836+09:00
Assessment Total,,,failed,False,2026-08-27T23:10:28.498213+09:00
Assessment Tracker,590.0,7.0,success,False,2026-08-17T21:41:47.180143+09:00
Assessment Trail,,,failed,False,2026-08-17T20:40:27.760312+09:00
Assessment Trend,,,failed,False,2026-08-28T01:03:33.167279+09:00
Assessment Trial,10.0,5.0,success,False,2026-08-27T21:17:03.008156+09:00
Assessment Unit,210.0,0.0,success,False,2026-08-21T01:51:56.272630+09:00
Assessment Update,70.0,0.0,success,False,2026-08-19T20:41:33.167361+09:00
Assessment Value,2900.0,5.0,success,False,2026-08-23T02:52:23.717366+09:00
Assessment Vault,,,failed,False,2026-08-17T21:31:52.108049+09:00
Assessment Version,,,failed,False,2026-08-23T03:15:28.674871+09:00
Assessment View,20.0,1.0,success,False,2026-08-19T20:40:42.900088+09:00
Assessment Voucher,,,failed,False,2026-08-21T00:29:45.511428+09:00
Assessment Wallet,,,failed,False,2026-08-27T22:44:43.447057+09:00
Assessment Watch,,,failed,False,2026-08-17T20:42:21.345142+09:00
Assessment Wave,,,failed,False,2026-08-17T20:38:13.537846+09:00
Assessment Widget,,,failed,False,2026-08-27T23:10:31.050648+09:00
Assessment Workbench,,,failed,False,2026-08-18T23:50:15.098836+09:00
Assessment Worksheet,140.0,2.0,success,False,2026-08-27T22:12:02.778487+09:00
Assessment Zone,70.0,2.0,success,False,2026-08-17T21:31:17.550614+09:00
Assignment Advance,,,failed,False,2026-08-23T16:12:08.472275+09:00
Assignment Advisory,,,failed,False,2026-08-21T01:02:14.395969+09:00
Assignment Allowance,30.0,0.0,success,False,2026-08-21T02:40:11.455485+09:00
Assignment Almanac,,,failed,False,2026-08-18T22:06:54.214613+09:00
Assignment Analyzer,,,failed,False,2026-08-27T23:51:12.915875+09:00
Assignment Anchor,,,failed,False,2026-08-18T22:09:27.931619+09:00
Assignment Announcement,70.0,0.0,success,False,2026-08-27T23:34:06.441052+09:00
Assignment Arrears,,,failed,False,2026-08-23T16:12:05.670450+09:00
Assignment Assistant,70.0,35.0,success,False,2026-08-18T22:03:21.744324+09:00
Assignment Atlas,,,failed,False,2026-08-18T23:50:17.614317+09:00
Assignment Badge,,,failed,False,2026-08-21T00:29:30.583044+09:00
Assignment Balance,,,failed,False,2026-08-23T13:45:27.370408+09:00
Assignment Base,40.0,0.0,success,False,2026-08-18T22:11:19.240583+09:00
Assignment Beacon,10.0,,success,False,2026-08-18T22:08:54.791738+09:00
Assignment Bill,,,failed,False,2026-08-19T21:48:04.651670+09:00
Assignment Blueprint,,,failed,False,2026-08-18T22:06:45.698700+09:00
Assignment Board,390.0,7.0,success,False,2026-08-18T22:11:45.045166+09:00
Assignment Book,1900.0,59.0,success,False,2026-08-19T21:49:11.434209+09:00
Assignment Bridge,10.0,6.0,success,False,2026-08-18T22:09:19.506375+09:00
Assignment Brief,,,failed,False,2026-08-21T01:00:11.561504+09:00
Assignment Bulletin,,,failed,False,2026-08-21T01:00:07.021185+09:00
Assignment Cabinet,,,failed,False,2026-08-27T23:12:29.033332+09:00
Assignment Calculator,1000.0,1.0,success,False,2026-08-27T23:34:06.441052+09:00
Assignment Calendar,480.0,62.0,success,False,2026-08-18T23:57:42.935137+09:00
Assignment Card,110.0,7.0,success,False,2026-08-19T13:31:17.650623+09:00
Assignment Cascade,,,failed,False,2026-08-18T22:09:11.269372+09:00
Assignment Cash,,,failed,False,2026-08-21T02:22:58.653942+09:00
Assignment Cashback,,,failed,False,2026-08-27T21:14:38.915931+09:00
Assignment Catalog,,,failed,False,2026-08-19T21:03:51.507952+09:00
Assignment Center,390.0,0.0,success,False,2026-08-18T23:50:17.614317+09:00
Assignment Chain,10.0,0.0,success,False,2026-08-18T23:50:17.614317+09:00
Assignment Charge,70.0,4.0,success,False,2026-08-21T02:40:01.670619+09:00
Assignment Check,720.0,27.0,success,False,2026-08-19T13:31:47.223941+09:00
Assignment Checker,720.0,27.0,success,False,2026-08-27T23:51:07.494975+09:00
Assignment Circular,,,failed,False,2026-08-21T01:00:18.302882+09:00
Assignment Cockpit,,,failed,False,2026-08-18T22:04:44.992531+09:00
Assignment Code,880.0,0.0,success,False,2026-08-19T21:48:31.545228+09:00
Assignment Codex,,,failed,False,2026-08-18T22:07:09.458547+09:00
Assignment Companion,,,failed,False,2026-08-18T22:05:15.577232+09:00
Assignment Comparison,,,failed,False,2026-08-28T01:03:14.001062+09:00
Assignment Compass,,,failed,False,2026-08-18T22:08:48.035720+09:00
Assignment Compendium,,,failed,False,2026-08-18T22:07:03.148226+09:00
Assignment Confirmation,170.0,3.0,success,False,2026-08-21T01:00:29.585982+09:00
Assignment Console,,,failed,False,2026-08-18T23:50:17.614317+09:00
Assignment Contribution,,,failed,False,2026-08-23T16:12:01.471109+09:00
Assignment Core,40.0,10.0,success,False,2026-08-18T22:11:30.674698+09:00
Assignment Cost,260.0,1.0,success,False,2026-08-21T02:11:57.284997+09:00
Assignment Count,,,failed,False,2026-08-27T22:47:08.510624+09:00
Assignment Counter,,,failed,False,2026-08-18T23:58:41.085151+09:00
Assignment Coupon,,,failed,False,2026-08-27T21:14:36.415267+09:00
Assignment Dashboard,90.0,6.0,success,False,2026-08-18T22:04:56.544925+09:00
Assignment Deal,20.0,0.0,success,False,2026-08-21T01:56:12.510800+09:00
Assignment Debt,390.0,1.0,success,False,2026-08-21T02:22:51.042353+09:00
Assignment Deck,,,failed,False,2026-08-18T22:11:53.253087+09:00
Assignment Depot,,,failed,False,2026-08-18T23:58:23.364762+09:00
Assignment Desk,590.0,1.0,success,False,2026-08-18T22:08:15.553962+09:00
Assignment Detail,260.0,0.0,success,False,2026-08-23T03:21:36.606838+09:00
Assignment Detector,10.0,48.0,success,False,2026-08-27T23:51:10.379112+09:00
Assignment Diagram,90.0,0.0,success,False,2026-08-27T22:09:05.119901+09:00
Assignment Dial,,,failed,False,2026-08-18T23:50:17.614317+09:00
Assignment Digest,,,failed,False,2026-08-19T20:47:30.914414+09:00
Assignment Directory,,,failed,False,2026-08-18T23:57:53.791592+09:00
Assignment Discount,,,failed,False,2026-08-23T16:11:56.492802+09:00
Assignment Dock,,,failed,False,2026-08-18T23:50:17.614317+09:00
Assignment Dossier,,,failed,False,2026-08-21T01:00:33.906602+09:00
Assignment Draft,140.0,3.0,success,False,2026-08-19T20:47:39.914949+09:00
Assignment Due,480.0,1.0,success,False,2026-08-23T15:50:33.287746+09:00
Assignment Duty,480.0,0.0,success,False,2026-08-21T02:40:04.485559+09:00
Assignment Endowment,,,failed,False,2026-08-23T15:50:40.596656+09:00
Assignment Engine,,,failed,False,2026-08-18T22:03:09.558659+09:00
Assignment Entry,50.0,0.0,success,False,2026-08-21T01:00:44.838906+09:00
Assignment Estimate,,,failed,False,2026-08-19T21:03:36.529171+09:00
Assignment Excerpt,,,failed,False,2026-08-21T01:02:23.111892+09:00
Assignment Extension,880.0,0.0,success,False,2026-08-23T16:37:45.266937+09:00
Assignment Fare,,,failed,False,2026-08-21T02:12:06.796728+09:00
Assignment Fee,320.0,0.0,success,False,2026-08-21T01:56:01.200736+09:00
Assignment Feed,,,failed,False,2026-08-19T20:47:33.785997+09:00
Assignment File,5400.0,78.0,success,False,2026-08-19T20:47:06.290958+09:00
Assignment Finder,30.0,21.0,success,False,2026-08-18T23:58:15.272323+09:00
Assignment Fine,,,failed,False,2026-08-23T02:55:47.607915+09:00
Assignment Flag,,,failed,False,2026-08-21T00:30:19.986675+09:00
Assignment Flow,10.0,1.0,success,False,2026-08-18T22:07:51.533580+09:00
Assignment Forge,,,failed,False,2026-08-18T22:09:03.479922+09:00
Assignment Form,2900.0,0.0,success,True,2026-08-19T13:31:08.046594+09:00
Assignment Frame,70.0,0.0,success,False,2026-08-18T22:11:09.923371+09:00
Assignment Fund,,,failed,False,2026-08-21T02:22:54.942838+09:00
Assignment Gate,,,failed,False,2026-08-18T23:50:17.614317+09:00
Assignment Generator,320.0,34.0,success,False,2026-08-27T23:34:10.423222+09:00
Assignment Giveaway,,,failed,False,2026-08-27T21:14:49.306471+09:00
Assignment Grade,,,failed,False,2026-08-21T00:29:58.685573+09:00
Assignment Graph,10.0,0.0,success,False,2026-08-27T22:08:49.995304+09:00
Assignment Grid,10.0,0.0,success,False,2026-08-18T22:10:06.625362+09:00
Assignment Guarantee,,,failed,False,2026-08-28T01:03:25.191639+09:00
Assignment Guard,,,failed,False,2026-08-18T22:07:28.261653+09:00
Assignment Guardian,,,failed,False,2026-08-28T00:21:43.222424+09:00
Assignment Guidebook,,,failed,False,2026-08-18T22:06:27.903433+09:00
Assignment Helpdesk,,,failed,False,2026-08-27T22:47:10.971037+09:00
Assignment Helper,33100.0,1.0,success,False,2026-08-28T00:21:45.963780+09:00
Assignment History,1600.0,0.0,success,True,2026-08-19T20:47:00.737978+09:00
Assignment Hotline,,,failed,False,2026-08-19T21:04:06.353252+09:00
Assignment Hub,140.0,1.0,success,False,2026-08-18T22:08:00.506560+09:00
Assignment Identifier,,,failed,False,2026-08-23T13:09:14.949045+09:00
Assignment Inbox,10.0,0.0,success,False,2026-08-19T12:23:36.492658+09:00
Assignment Incentive,,,failed,False,2026-08-27T21:14:45.418872+09:00
Assignment Index,1600.0,0.0,success,True,2026-08-19T21:32:52.200900+09:00
Assignment Insight,,,failed,False,2026-08-18T22:04:25.779407+09:00
Assignment Installment,,,failed,False,2026-08-23T16:11:58.973572+09:00
Assignment Interest,,,failed,False,2026-08-23T13:45:29.589427+09:00
Assignment Item,,,failed,False,2026-08-21T01:55:53.001580+09:00
Assignment Journal,210.0,0.0,success,False,2026-08-18T22:06:07.690995+09:00
Assignment Keeper,,,failed,False,2026-08-18T22:02:40.368007+09:00
Assignment Kit,20.0,4.0,success,False,2026-08-27T22:47:06.029080+09:00
Assignment Lab,20.0,7.0,success,False,2026-08-18T22:12:10.821921+09:00
Assignment Label,30.0,0.0,success,False,2026-08-27T22:08:54.322972+09:00
Assignment Ledger,,,failed,False,2026-08-18T22:11:37.206712+09:00
Assignment Lens,,,failed,False,2026-08-18T22:11:03.707718+09:00
Assignment Level,10.0,0.0,success,False,2026-08-19T20:47:10.772818+09:00
Assignment Link,140.0,0.0,success,False,2026-08-23T03:21:22.362914+09:00
Assignment List,320.0,3.0,success,False,2026-08-19T21:48:44.866696+09:00
Assignment Loan,260.0,2.0,success,False,2026-08-21T02:12:15.174959+09:00
Assignment Locator,,,failed,False,2026-08-18T23:58:04.745440+09:00
Assignment Lock,,,failed,False,2026-08-18T22:10:45.324652+09:00
Assignment Log,110.0,4.0,success,False,2026-08-19T13:31:00.342217+09:00
Assignment Loop,,,failed,False,2026-08-18T22:10:00.373367+09:00
Assignment Manager,390.0,1.0,success,False,2026-08-18T22:02:50.623197+09:00
Assignment Manual,,,failed,False,2026-08-27T22:09:01.274163+09:00
Assignment Map,30.0,0.0,success,False,2026-08-18T22:10:56.062577+09:00
Assignment Margin,110.0,0.0,success,False,2026-08-23T02:55:43.726129+09:00
Assignment Markup,,,failed,False,2026-08-23T16:37:42.888726+09:00
Assignment Memo,70.0,1.0,success,False,2026-08-21T00:30:05.948049+09:00
Assignment Message,30.0,0.0,success,False,2026-08-27T23:12:19.702811+09:00
Assignment Meter,,,failed,False,2026-08-18T23:50:17.614317+09:00
Assignment Metrics,,,failed,False,2026-08-18T22:04:36.606049+09:00
Assignment Monitor,,,failed,False,2026-08-18T22:04:15.026557+09:00
Assignment Navigator,,,failed,False,2026-08-18T22:05:08.323728+09:00
Assignment Nexus,,,failed,False,2026-08-18T23:50:17.614317+09:00
Assignment Node,,,failed,False,2026-08-18T23:50:17.614317+09:00
Assignment Note,590.0,0.0,success,False,2026-08-19T13:32:04.589089+09:00
Assignment Notification,110.0,0.0,success,False,2026-08-27T22:47:06.029080+09:00
Assignment Number,590.0,0.0,success,False,2026-08-23T03:21:14.808090+09:00
Assignment Office,40.0,0.0,success,False,2026-08-18T23:58:32.218218+09:00
Assignment Ops,,,failed,False,2026-08-18T22:05:33.744970+09:00
Assignment Order,210.0,0.0,success,False,2026-08-19T21:47:49.967174+09:00
Assignment Organizer,880.0,60.0,success,False,2026-08-18T22:04:03.001846+09:00
Assignment Overage,,,failed,False,2026-08-27T21:46:30.971214+09:00
Assignment Overdraft,,,failed,False,2026-08-23T15:50:35.558538+09:00
Assignment Overdue,880.0,0.0,success,False,2026-08-27T21:46:30.971214+09:00
Assignment Panel,30.0,0.0,success,False,2026-08-18T23:50:17.614317+09:00
Assignment Pass,50.0,1.0,success,False,2026-08-21T00:29:15.711468+09:00
Assignment Path,,,failed,False,2026-08-18T22:10:30.545293+09:00
Assignment Penalty,,,failed,False,2026-08-23T16:37:42.888726+09:00
Assignment Petition,,,failed,False,2026-08-21T01:00:27.646290+09:00
Assignment Pilot,,,failed,False,2026-08-18T22:08:07.311207+09:00
Assignment Plan,1000.0,72.0,success,False,2026-08-21T01:56:10.239205+09:00
Assignment Planner,1000.0,72.0,success,False,2026-08-18T22:03:32.090956+09:00
Assignment Playbook,,,failed,False,2026-08-18T22:05:59.558657+09:00
Assignment Point,140.0,0.0,success,False,2026-08-18T22:10:38.085042+09:00
Assignment Portal,210.0,0.0,success,False,2026-08-18T23:50:17.614317+09:00
Assignment Preview,,,failed,False,2026-08-28T01:03:16.681055+09:00
Assignment Profile,70.0,0.0,success,False,2026-08-19T13:32:19.751583+09:00
Assignment Profit,,,failed,False,2026-08-23T02:55:35.353388+09:00
Assignment Proposal,110.0,0.0,success,False,2026-08-28T01:03:21.195109+09:00
Assignment Pulse,,,failed,False,2026-08-18T22:10:14.241136+09:00
Assignment Queue,,,failed,False,2026-08-19T21:03:21.176777+09:00
Assignment Quota,,,failed,False,2026-08-21T00:30:14.861916+09:00
Assignment Radar,,,failed,False,2026-08-18T22:08:21.500006+09:00
Assignment Rail,,,failed,False,2026-08-18T23:50:17.614317+09:00
Assignment Rate,30.0,0.0,success,False,2026-08-19T20:47:17.630061+09:00
Assignment Recap,,,failed,False,2026-08-21T01:02:20.703041+09:00
Assignment Receipt,20.0,0.0,success,False,2026-08-19T21:48:17.560358+09:00
Assignment Recorder,,,failed,False,2026-08-27T23:34:10.423222+09:00
Assignment Register,260.0,1.0,success,False,2026-08-18T22:05:25.774321+09:00
Assignment Registry,,,failed,False,2026-08-18T22:06:37.464016+09:00
Assignment Relay,,,failed,False,2026-08-18T22:08:30.649181+09:00
Assignment Reminder,50.0,14.0,success,False,2026-08-19T21:32:49.180215+09:00
Assignment Report,320.0,1.0,success,False,2026-08-19T13:30:54.229704+09:00
Assignment Repository,,,failed,False,2026-08-27T23:12:32.092351+09:00
Assignment Ring,,,failed,False,2026-08-18T23:50:17.614317+09:00
Assignment Roadmap,,,failed,False,2026-08-18T22:07:18.676319+09:00
Assignment Roster,,,failed,False,2026-08-19T00:38:27.005898+09:00
Assignment Route,,,failed,False,2026-08-18T23:50:17.614317+09:00
Assignment Rule,320.0,1.0,success,False,2026-08-23T03:21:28.061139+09:00
Assignment Sale,,,failed,False,2026-08-21T02:23:05.228659+09:00
Assignment Sample,1900.0,1.0,success,False,2026-08-19T21:49:32.440919+09:00
Assignment Scale,,,failed,False,2026-08-18T23:50:17.614317+09:00
Assignment Scheduler,320.0,4.0,success,False,2026-08-18T22:03:53.517132+09:00
Assignment Scope,10.0,0.0,success,False,2026-08-18T22:09:52.210960+09:00
Assignment Score,1900.0,0.0,success,True,2026-08-19T13:31:52.943506+09:00
Assignment Sentry,,,failed,False,2026-08-18T22:02:28.338577+09:00
Assignment Sheet,12100.0,81.0,success,False,2026-08-19T13:31:41.202916+09:00
Assignment Signal,,,failed,False,2026-08-18T22:09:35.906732+09:00
Assignment Signature,,,failed,False,2026-08-23T13:28:19.840300+09:00
Assignment Slip,50.0,0.0,success,False,2026-08-19T21:49:21.504748+09:00
Assignment Slot,,,failed,False,2026-08-19T21:49:41.666387+09:00
Assignment Snapshot,,,failed,False,2026-08-18T22:06:18.385841+09:00
Assignment Stage,,,failed,False,2026-08-28T00:46:09.802311+09:00
Assignment Stake,,,failed,False,2026-08-23T02:55:41.389421+09:00
Assignment Statement,880.0,0.0,success,False,2026-08-21T00:29:45.511428+09:00
Assignment Station,10.0,0.0,success,False,2026-08-18T22:12:17.661018+09:00
Assignment Status,60500.0,0.0,success,True,2026-08-19T20:46:49.166137+09:00
Assignment Stipend,,,failed,False,2026-08-23T13:45:36.815787+09:00
Assignment Stub,,,failed,False,2026-08-21T00:29:35.718141+09:00
Assignment Studio,40.0,0.0,success,False,2026-08-18T22:12:04.159201+09:00
Assignment Subsidy,,,failed,False,2026-08-23T15:50:38.471158+09:00
Assignment Suite,,,failed,False,2026-08-18T22:02:59.013018+09:00
Assignment Sum,,,failed,False,2026-08-21T02:22:45.760304+09:00
Assignment Summary,170.0,1.0,success,False,2026-08-19T21:32:44.531306+09:00
Assignment Surtax,,,failed,False,2026-08-23T15:50:40.596656+09:00
Assignment Sync,,,failed,False,2026-08-18T22:07:45.209206+09:00
Assignment Tab,70.0,0.0,success,False,2026-08-21T00:30:27.321926+09:00
Assignment Table,170.0,0.0,success,False,2026-08-19T21:49:01.029648+09:00
Assignment Tag,40.0,0.0,success,False,2026-08-19T13:32:13.743565+09:00
Assignment Tally,,,failed,False,2026-08-21T00:29:50.648703+09:00
Assignment Tariff,,,failed,False,2026-08-21T02:40:18.502872+09:00
Assignment Tax,110.0,1.0,success,False,2026-08-21T02:12:10.627447+09:00
Assignment Terminal,,,failed,False,2026-08-18T23:50:17.614317+09:00
Assignment Ticket,,,failed,False,2026-08-19T21:32:55.348476+09:00
Assignment Timeline,140.0,4.0,success,False,2026-08-19T21:32:47.158972+09:00
Assignment Timer,110.0,0.0,success,False,2026-08-28T00:21:38.214311+09:00
Assignment Toll,,,failed,False,2026-08-21T02:40:07.402959+09:00
Assignment Toolbox,,,failed,False,2026-08-28T00:21:45.963780+09:00
Assignment Toolkit,,,failed,False,2026-08-18T22:05:52.087342+09:00
Assignment Total,10.0,0.0,success,False,2026-08-27T23:12:25.065400+09:00
Assignment Tracker,9900.0,54.0,success,False,2026-08-18T22:07:36.107745+09:00
Assignment Trail,,,failed,False,2026-08-18T23:50:17.614317+09:00
Assignment Trend,,,failed,False,2026-08-28T01:03:14.001062+09:00
Assignment Trial,,,failed,False,2026-08-27T21:14:45.418872+09:00
Assignment Unit,260.0,0.0,success,False,2026-08-21T01:56:06.760187+09:00
Assignment Update,90.0,0.0,success,False,2026-08-19T20:47:25.892128+09:00
Assignment Value,110.0,0.0,success,False,2026-08-23T02:55:38.114180+09:00
Assignment Vault,,,failed,False,2026-08-18T22:08:38.388583+09:00
Assignment Version,,,failed,False,2026-08-23T03:21:18.514525+09:00
Assignment View,210.0,0.0,success,False,2026-08-19T20:46:54.929939+09:00
Assignment Voucher,,,failed,False,2026-08-21T00:29:24.926650+09:00
Assignment Watch,110.0,0.0,success,False,2026-08-18T22:09:42.242317+09:00
Assignment Wave,,,failed,False,2026-08-18T22:10:22.903886+09:00
Assignment Widget,,,failed,False,2026-08-27T23:12:29.033332+09:00
Assignment Workbench,,,failed,False,2026-08-18T22:05:42.226060+09:00
Assignment Worksheet,170.0,0.0,success,False,2026-08-27T22:09:01.274163+09:00
Assignment Workshop,390.0,0.0,success,False,2026-08-28T00:21:40.685047+09:00
Assignment Zone,10.0,0.0,success,False,2026-08-18T23:50:17.614317+09:00
Attendance Advance,,,failed,False,2026-08-23T16:11:16.199786+09:00
Attendance Advisory,,,failed,False,2026-08-21T01:02:05.845061+09:00
Attendance Allowance,165000.0,30.0,success,False,2026-08-21T02:39:12.661070+09:00
Attendance Almanac,,,failed,False,2026-08-18T22:03:07.731550+09:00
Attendance Analyzer,40.0,36.0,success,False,2026-08-27T23:52:22.402919+09:00
Attendance Anchor,,,failed,False,2026-08-17T20:48:40.258747+09:00
Attendance Announcement,40.0,0.0,success,False,2026-08-27T23:32:42.762901+09:00
Attendance Assistant,40.0,1.0,success,False,2026-08-17T23:07:35.240679+09:00
Attendance Atlas,,,failed,False,2026-08-17T20:38:51.261946+09:00
Attendance Attribute,,,failed,False,2026-08-23T13:06:38.895978+09:00
Attendance Badge,110.0,100.0,success,False,2026-08-21T00:26:07.923229+09:00
Attendance Balance,,,failed,False,2026-08-23T13:46:45.487661+09:00
Attendance Base,,,failed,False,2026-08-17T20:35:36.002153+09:00
Attendance Beacon,,,failed,False,2026-08-17T21:34:15.444697+09:00
Attendance Blueprint,,,failed,False,2026-08-18T22:02:56.704517+09:00
Attendance Board,590.0,62.0,success,False,2026-08-17T20:32:41.344957+09:00
Attendance Book,2900.0,95.0,success,False,2026-08-19T21:47:20.280191+09:00
Attendance Bridge,,,failed,False,2026-08-17T21:30:53.341117+09:00
Attendance Brief,,,failed,False,2026-08-21T00:59:52.495839+09:00
Attendance Bulletin,,,failed,False,2026-08-21T00:59:48.261603+09:00
Attendance Calculator,60500.0,0.0,success,True,2026-08-27T23:32:47.063702+09:00
Attendance Calendar,1600.0,50.0,success,False,2026-08-19T00:00:34.964613+09:00
Attendance Card,2400.0,91.0,success,False,2026-08-19T13:24:17.578330+09:00
Attendance Cascade,,,failed,False,2026-08-17T21:32:03.436124+09:00
Attendance Cash,,,failed,False,2026-08-21T02:23:45.182895+09:00
Attendance Cashback,,,failed,False,2026-08-27T21:13:15.493972+09:00
Attendance Catalog,,,failed,False,2026-08-19T21:04:15.563221+09:00
Attendance Category,,,failed,False,2026-08-23T13:06:36.915804+09:00
Attendance Center,210.0,0.0,success,False,2026-08-17T21:36:50.527973+09:00
Attendance Chain,,,failed,False,2026-08-17T20:42:59.992193+09:00
Attendance Charge,10.0,0.0,success,False,2026-08-21T02:39:01.824838+09:00
Attendance Chart,3600.0,36.0,success,False,2026-08-19T12:22:47.160144+09:00
Attendance Check,2900.0,16.0,success,False,2026-08-19T13:24:52.365790+09:00
Attendance Checker,2900.0,16.0,success,False,2026-08-27T23:52:10.807826+09:00
Attendance Checklist,170.0,27.0,success,False,2026-08-19T21:08:54.298412+09:00
Attendance Circular,40.0,0.0,success,False,2026-08-21T01:02:03.687665+09:00
Attendance Cockpit,,,failed,False,2026-08-17T23:11:11.238352+09:00
Attendance Code,1300.0,0.0,success,True,2026-08-19T21:46:42.037661+09:00
Attendance Codex,,,failed,False,2026-08-18T22:03:30.222566+09:00
Attendance Companion,,,failed,False,2026-08-17T23:05:21.665981+09:00
Attendance Comparison,,,failed,False,2026-08-28T01:03:04.018813+09:00
Attendance Compass,,,failed,False,2026-08-17T21:35:18.423759+09:00
Attendance Compendium,,,failed,False,2026-08-18T22:03:18.976552+09:00
Attendance Confirmation,1300.0,0.0,success,True,2026-08-21T01:00:09.157430+09:00
Attendance Console,10.0,5.0,success,False,2026-08-17T21:33:40.096792+09:00
Attendance Copayment,,,failed,False,2026-08-23T16:37:08.695688+09:00
Attendance Core,70.0,,success,False,2026-08-17T20:34:38.143389+09:00
Attendance Cost,4400.0,1.0,success,False,2026-08-21T02:08:33.058112+09:00
Attendance Count,880.0,22.0,success,False,2026-08-27T22:45:23.426349+09:00
Attendance Counter,880.0,22.0,success,False,2026-08-19T00:01:24.646371+09:00
Attendance Coupon,,,failed,False,2026-08-27T21:13:10.326383+09:00
Attendance Dashboard,3600.0,9.0,success,False,2026-08-17T23:10:55.434729+09:00
Attendance Deal,,,failed,False,2026-08-21T01:52:36.759473+09:00
Attendance Debt,,,failed,False,2026-08-21T02:23:37.293511+09:00
Attendance Deck,,,failed,False,2026-08-17T20:31:29.603433+09:00
Attendance Depot,,,failed,False,2026-08-19T00:01:10.174789+09:00
Attendance Desk,20.0,0.0,success,False,2026-08-17T21:40:49.556938+09:00
Attendance Detail,260.0,5.0,success,False,2026-08-23T03:18:14.803596+09:00
Attendance Detector,,,failed,False,2026-08-27T23:52:16.469073+09:00
Attendance Dial,,,failed,False,2026-08-17T21:31:33.014186+09:00
Attendance Digest,,,failed,False,2026-08-19T20:40:40.887904+09:00
Attendance Directory,,,failed,False,2026-08-19T00:00:44.927785+09:00
Attendance Discount,,,failed,False,2026-08-23T16:11:08.956491+09:00
Attendance Dock,,,failed,False,2026-08-17T20:45:46.874737+09:00
Attendance Dossier,,,failed,False,2026-08-21T01:00:13.557875+09:00
Attendance Draft,,,failed,False,2026-08-19T20:41:00.818648+09:00
Attendance Duty,30.0,10.0,success,False,2026-08-21T02:39:04.967500+09:00
Attendance Engine,,,failed,False,2026-08-17T23:07:51.294970+09:00
Attendance Entry,110.0,5.0,success,False,2026-08-21T01:00:27.646290+09:00
Attendance Estimate,,,failed,False,2026-08-19T21:04:01.717737+09:00
Attendance Estimator,,,failed,False,2026-08-27T23:52:08.286767+09:00
Attendance Excerpt,,,failed,False,2026-08-21T01:02:14.395969+09:00
Attendance Fare,,,failed,False,2026-08-21T02:08:41.527197+09:00
Attendance Fee,320.0,0.0,success,False,2026-08-21T01:52:17.382086+09:00
Attendance Feed,,,failed,False,2026-08-19T20:40:49.478840+09:00
Attendance Field,,,failed,False,2026-08-23T13:06:41.923671+09:00
Attendance File,260.0,12.0,success,False,2026-08-19T20:40:06.734480+09:00
Attendance Finder,10.0,0.0,success,False,2026-08-19T00:00:59.808882+09:00
Attendance Fine,170.0,0.0,success,False,2026-08-23T02:54:26.725947+09:00
Attendance Flag,,,failed,False,2026-08-21T00:26:41.627536+09:00
Attendance Flow,,,failed,False,2026-08-17T20:32:03.329355+09:00
Attendance Forge,,,failed,False,2026-08-17T21:33:13.463030+09:00
Attendance Form,3600.0,18.0,success,False,2026-08-19T13:24:10.018965+09:00
Attendance Format,3600.0,18.0,success,False,2026-08-23T13:06:44.617990+09:00
Attendance Frame,10.0,42.0,success,False,2026-08-17T20:36:31.502472+09:00
Attendance Fund,,,failed,False,2026-08-21T02:23:42.049826+09:00
Attendance Gate,10.0,5.0,success,False,2026-08-17T20:40:34.523017+09:00
Attendance Generator,40.0,35.0,success,False,2026-08-27T23:32:54.562632+09:00
Attendance Giveaway,,,failed,False,2026-08-27T21:13:25.046826+09:00
Attendance Grade,,,failed,False,2026-08-21T00:26:25.580219+09:00
Attendance Graph,320.0,1.0,success,False,2026-08-27T22:07:17.176446+09:00
Attendance Grid,30.0,10.0,success,False,2026-08-17T20:43:29.254301+09:00
Attendance Guarantee,,,failed,False,2026-08-28T01:03:11.397241+09:00
Attendance Guard,,,failed,False,2026-08-17T20:35:06.364440+09:00
Attendance Guardian,,,failed,False,2026-08-28T00:22:28.798439+09:00
Attendance Guidebook,,,failed,False,2026-08-18T22:02:35.560643+09:00
Attendance Helpdesk,10.0,0.0,success,False,2026-08-27T22:45:23.426349+09:00
Attendance Helper,30.0,20.0,success,False,2026-08-28T00:22:31.262546+09:00
Attendance History,90.0,0.0,success,False,2026-08-19T20:39:55.789733+09:00
Attendance Hotline,90.0,3.0,success,False,2026-08-19T21:04:29.917389+09:00
Attendance Hub,140.0,2.0,success,False,2026-08-18T07:43:30.092641+09:00
Attendance Identifier,,,failed,False,2026-08-23T13:06:33.832553+09:00
Attendance Incentive,590.0,7.0,success,False,2026-08-27T21:13:25.046826+09:00
Attendance Index,,,failed,False,2026-08-19T21:03:18.431019+09:00
Attendance Insight,,,failed,False,2026-08-17T23:03:55.937111+09:00
Attendance Item,,,failed,False,2026-08-21T01:52:20.481419+09:00
Attendance Journal,210.0,1.0,success,False,2026-08-18T22:02:44.404885+09:00
Attendance Keeper,140.0,22.0,success,False,2026-08-17T20:37:01.636634+09:00
Attendance Lab,,,failed,False,2026-08-17T21:41:28.759770+09:00
Attendance Label,20.0,17.0,success,False,2026-08-27T22:07:19.639710+09:00
Attendance Ledger,40.0,64.0,success,False,2026-08-17T20:33:46.243100+09:00
Attendance Lens,,,failed,False,2026-08-17T20:37:29.909330+09:00
Attendance Level,50.0,0.0,success,False,2026-08-19T20:40:17.061535+09:00
Attendance Levy,,,failed,False,2026-08-23T13:46:50.376234+09:00
Attendance Link,260.0,14.0,success,False,2026-08-23T03:18:07.042470+09:00
Attendance List,5400.0,5.0,success,False,2026-08-19T21:46:50.004607+09:00
Attendance Loan,,,failed,False,2026-08-21T02:08:48.919404+09:00
Attendance Locator,10.0,0.0,success,False,2026-08-19T00:00:51.306672+09:00
Attendance Lock,40.0,8.0,success,False,2026-08-17T20:39:18.247368+09:00
Attendance Log,880.0,40.0,success,False,2026-08-19T13:23:46.954730+09:00
Attendance Loop,,,failed,False,2026-08-17T20:44:21.106446+09:00
Attendance Manager,1300.0,25.0,success,False,2026-08-17T20:36:04.789698+09:00
Attendance Manual,40.0,4.0,success,False,2026-08-27T22:07:22.262130+09:00
Attendance Map,30.0,0.0,success,False,2026-08-17T20:38:23.394205+09:00
Attendance Margin,,,failed,False,2026-08-23T02:54:23.224881+09:00
Attendance Marker,70.0,27.0,success,False,2026-08-23T13:27:25.869179+09:00
Attendance Markup,,,failed,False,2026-08-23T16:37:08.695688+09:00
Attendance Memo,50.0,0.0,success,False,2026-08-21T00:26:30.376720+09:00
Attendance Message,1600.0,0.0,success,True,2026-08-27T23:10:42.851763+09:00
Attendance Meter,260.0,40.0,success,False,2026-08-17T21:30:22.425092+09:00
Attendance Metrics,30.0,0.0,success,False,2026-08-17T23:03:39.400104+09:00
Attendance Monitor,590.0,24.0,success,False,2026-08-17T23:09:18.796206+09:00
Attendance Navigator,,,failed,False,2026-08-17T23:05:44.417197+09:00
Attendance Nexus,,,failed,False,2026-08-17T20:39:46.897200+09:00
Attendance Node,,,failed,False,2026-08-17T20:41:19.373388+09:00
Attendance Note,880.0,39.0,success,False,2026-08-19T13:25:08.614186+09:00
Attendance Notification,90.0,9.0,success,False,2026-08-27T22:45:05.269508+09:00
Attendance Number,480.0,0.0,success,False,2026-08-23T03:17:56.844473+09:00
Attendance Office,1000.0,2.0,success,False,2026-08-19T00:01:14.805570+09:00
Attendance Ops,,,failed,False,2026-08-17T23:12:30.403803+09:00
Attendance Organizer,,,failed,False,2026-08-17T23:09:34.502992+09:00
Attendance Overage,,,failed,False,2026-08-27T21:46:06.267558+09:00
Attendance Overdraft,,,failed,False,2026-08-23T15:50:12.078414+09:00
Attendance Overdue,,,failed,False,2026-08-27T21:46:03.878331+09:00
Attendance Panel,30.0,4.0,success,False,2026-08-17T21:32:40.946824+09:00
Attendance Pass,50.0,0.0,success,False,2026-08-21T00:25:54.977191+09:00
Attendance Path,,,failed,False,2026-08-17T20:40:55.263419+09:00
Attendance Penalty,10.0,0.0,success,False,2026-08-23T16:37:06.410620+09:00
Attendance Petition,,,failed,False,2026-08-21T01:00:04.597458+09:00
Attendance Pilot,,,failed,False,2026-08-18T07:43:31.933030+09:00
Attendance Plan,1000.0,17.0,success,False,2026-08-21T01:52:30.422416+09:00
Attendance Planner,1000.0,17.0,success,False,2026-08-17T23:05:17.262710+09:00
Attendance Playbook,50.0,9.0,success,False,2026-08-18T22:02:33.707465+09:00
Attendance Point,880.0,3.0,success,False,2026-08-17T20:40:13.744558+09:00
Attendance Portal,1300.0,13.0,success,False,2026-08-17T21:34:46.886716+09:00
Attendance Preview,,,failed,False,2026-08-28T01:03:06.788782+09:00
Attendance Profile,30.0,0.0,success,False,2026-08-19T13:25:50.130591+09:00
Attendance Profit,,,failed,False,2026-08-23T02:54:15.524012+09:00
Attendance Proposal,,,failed,False,2026-08-28T01:03:11.397241+09:00
Attendance Pulse,,,failed,False,2026-08-17T20:42:34.302604+09:00
Attendance Queue,,,failed,False,2026-08-19T21:03:49.756847+09:00
Attendance Quota,,,failed,False,2026-08-21T00:26:36.041366+09:00
Attendance Radar,590.0,1.0,success,False,2026-08-17T21:38:35.218560+09:00
Attendance Rail,,,failed,False,2026-08-17T20:44:43.054193+09:00
Attendance Rank,,,failed,False,2026-08-28T00:46:24.719309+09:00
Attendance Rate,720.0,0.0,success,False,2026-08-19T20:40:26.363458+09:00
Attendance Recap,,,failed,False,2026-08-21T01:00:18.302882+09:00
Attendance Recorder,70.0,84.0,success,False,2026-08-27T23:32:54.562632+09:00
Attendance Redemption,,,failed,False,2026-08-23T16:37:11.760359+09:00
Attendance Register,49500.0,54.0,success,False,2026-08-17T22:46:53.613180+09:00
Attendance Registry,49500.0,54.0,success,False,2026-08-18T22:02:46.582498+09:00
Attendance Relay,,,failed,False,2026-08-17T21:37:26.190503+09:00
Attendance Reminder,210.0,1.0,success,False,2026-08-19T21:08:43.971729+09:00
Attendance Report,2400.0,5.0,success,False,2026-08-19T13:23:25.617100+09:00
Attendance Repository,,,failed,False,2026-08-27T23:10:50.264630+09:00
Attendance Roadmap,,,failed,False,2026-08-18T22:03:51.381490+09:00
Attendance Roll,320.0,4.0,success,False,2026-08-19T12:22:47.160144+09:00
Attendance Roster,720.0,5.0,success,False,2026-08-19T00:38:02.838044+09:00
Attendance Route,,,failed,False,2026-08-17T20:46:49.856300+09:00
Attendance Rule,320.0,0.0,success,False,2026-08-23T03:18:09.441113+09:00
Attendance Sale,,,failed,False,2026-08-21T02:23:51.443965+09:00
Attendance Sample,110.0,29.0,success,False,2026-08-19T21:47:46.224144+09:00
Attendance Scale,30.0,0.0,success,False,2026-08-17T20:48:02.919436+09:00
Attendance Scanner,390.0,62.0,success,False,2026-08-27T23:52:13.665480+09:00
Attendance Scheduler,,,failed,False,2026-08-17T23:14:27.748058+09:00
Attendance Scope,,,failed,False,2026-08-17T20:45:22.370262+09:00
Attendance Score,50.0,0.0,success,False,2026-08-19T13:24:58.997710+09:00
Attendance Sentry,,,failed,False,2026-08-17T20:38:02.236902+09:00
Attendance Sheet,60500.0,14.0,success,False,2026-08-19T13:24:29.465553+09:00
Attendance Shortfall,,,failed,False,2026-08-27T21:46:06.267558+09:00
Attendance Signal,,,failed,False,2026-08-17T20:47:23.581270+09:00
Attendance Signature,70.0,3.0,success,False,2026-08-23T13:27:25.869179+09:00
Attendance Slip,320.0,17.0,success,False,2026-08-19T21:47:34.110436+09:00
Attendance Slot,,,failed,False,2026-08-19T21:48:00.610703+09:00
Attendance Snapshot,,,failed,False,2026-08-18T21:06:03.853095+09:00
Attendance Stake,,,failed,False,2026-08-23T02:54:19.843201+09:00
Attendance Stamp,50.0,61.0,success,False,2026-08-23T13:27:28.386352+09:00
Attendance Statement,110.0,0.0,success,False,2026-08-21T00:26:15.934316+09:00
Attendance Station,,,failed,False,2026-08-17T21:39:25.145394+09:00
Attendance Status,320.0,1.0,success,False,2026-08-19T20:39:41.503731+09:00
Attendance Stipend,,,failed,False,2026-08-23T13:46:50.376234+09:00
Attendance Streak,30.0,0.0,success,False,2026-08-28T00:46:19.889028+09:00
Attendance Studio,,,failed,False,2026-08-18T07:43:47.974817+09:00
Attendance Subsidy,,,failed,False,2026-08-23T15:50:12.078414+09:00
Attendance Suite,,,failed,False,2026-08-17T23:12:51.339052+09:00
Attendance Sum,,,failed,False,2026-08-21T02:23:33.552099+09:00
Attendance Summary,390.0,2.0,success,False,2026-08-19T21:08:21.181421+09:00
Attendance Sync,,,failed,False,2026-08-17T20:33:15.121215+09:00
Attendance Table,260.0,15.0,success,False,2026-08-19T21:47:05.219311+09:00
Attendance Tag,30.0,70.0,success,False,2026-08-19T13:25:22.323430+09:00
Attendance Tally,10.0,9.0,success,False,2026-08-21T00:26:23.518919+09:00
Attendance Tariff,,,failed,False,2026-08-21T02:39:16.897271+09:00
Attendance Tax,10.0,0.0,success,False,2026-08-21T02:08:44.609671+09:00
Attendance Ticket,50.0,0.0,success,False,2026-08-19T21:03:33.928340+09:00
Attendance Tier,,,failed,False,2026-08-28T00:46:24.719309+09:00
Attendance Timeline,,,failed,False,2026-08-19T21:08:31.191170+09:00
Attendance Timer,,,failed,False,2026-08-28T00:22:23.551401+09:00
Attendance Token,,,failed,False,2026-08-23T13:27:22.703282+09:00
Attendance Toll,,,failed,False,2026-08-21T02:39:09.375307+09:00
Attendance Toolbox,,,failed,False,2026-08-28T00:22:31.262546+09:00
Attendance Toolkit,70.0,5.0,success,False,2026-08-18T21:06:03.853095+09:00
Attendance Total,720.0,0.0,success,False,2026-08-27T23:10:42.851763+09:00
Attendance Tracker,14800.0,16.0,success,False,2026-08-17T20:34:15.100698+09:00
Attendance Trail,,,failed,False,2026-08-17T20:43:57.612589+09:00
Attendance Trend,40.0,0.0,success,False,2026-08-28T01:03:04.018813+09:00
Attendance Trial,,,failed,False,2026-08-27T21:13:18.101351+09:00
Attendance Unit,,,failed,False,2026-08-21T01:52:23.674188+09:00
Attendance Update,320.0,1.0,success,False,2026-08-19T20:40:32.306082+09:00
Attendance Value,,,failed,False,2026-08-23T02:54:17.672874+09:00
Attendance Vault,,,failed,False,2026-08-17T21:36:24.237197+09:00
Attendance Version,,,failed,False,2026-08-23T03:18:00.174345+09:00
Attendance View,18100.0,0.0,success,True,2026-08-19T20:39:50.711958+09:00
Attendance Watch,10.0,5.0,success,False,2026-08-17T20:46:07.350212+09:00
Attendance Wave,,,failed,False,2026-08-17T20:41:48.704350+09:00
Attendance Widget,50.0,4.0,success,False,2026-08-27T23:10:47.155079+09:00
Attendance Workbench,,,failed,False,2026-08-18T22:11:24.179554+09:00
Attendance Worksheet,110.0,32.0,success,False,2026-08-27T22:07:27.719925+09:00
Attendance Zone,210.0,0.0,success,False,2026-08-17T21:35:49.618076+09:00
Attendee Advance,,,failed,False,2026-08-23T16:15:06.058154+09:00
Attendee Advisory,,,failed,False,2026-08-21T01:03:10.607434+09:00
Attendee Allowance,,,failed,False,2026-08-21T02:41:38.667611+09:00
Attendee Almanac,,,failed,False,2026-08-18T22:04:51.222507+09:00
Attendee Analyzer,,,failed,False,2026-08-27T23:57:04.136942+09:00
Attendee Anchor,,,failed,False,2026-08-17T20:36:31.502472+09:00
Attendee Arrears,,,failed,False,2026-08-23T16:15:01.314751+09:00
Attendee Assistant,,,failed,False,2026-08-17T23:33:00.502135+09:00
Attendee Atlas,,,failed,False,2026-08-17T21:36:22.095100+09:00
Attendee Attribute,,,failed,False,2026-08-23T13:07:41.329341+09:00
Attendee Badge,70.0,85.0,success,False,2026-08-21T00:30:11.509086+09:00
Attendee Balance,,,failed,False,2026-08-23T13:47:27.498118+09:00
Attendee Base,,,failed,False,2026-08-17T21:32:40.946824+09:00
Attendee Beacon,,,failed,False,2026-08-17T20:40:13.744558+09:00
Attendee Bill,,,failed,False,2026-08-19T21:53:34.201182+09:00
Attendee Blueprint,,,failed,False,2026-08-18T22:04:40.579410+09:00
Attendee Board,,,failed,False,2026-08-17T20:48:02.919436+09:00
Attendee Book,,,failed,False,2026-08-19T21:54:34.064665+09:00
Attendee Bridge,,,failed,False,2026-08-17T20:37:28.424048+09:00
Attendee Brief,,,failed,False,2026-08-21T01:02:15.382494+09:00
Attendee Bulletin,,,failed,False,2026-08-21T01:02:13.283707+09:00
Attendee Calendar,,,failed,False,2026-08-19T00:04:33.745752+09:00
Attendee Card,,,failed,False,2026-08-19T13:25:50.130591+09:00
Attendee Cascade,,,failed,False,2026-08-17T20:38:23.394205+09:00
Attendee Cash,,,failed,False,2026-08-21T02:26:21.259847+09:00
Attendee Cashback,,,failed,False,2026-08-27T21:17:14.401522+09:00
Attendee Catalog,,,failed,False,2026-08-19T21:11:07.162763+09:00
Attendee Category,,,failed,False,2026-08-23T13:07:39.256451+09:00
Attendee Center,,,failed,False,2026-08-17T20:42:08.223187+09:00
Attendee Chain,,,failed,False,2026-08-18T07:52:44.350821+09:00
Attendee Charge,,,failed,False,2026-08-21T02:41:32.223715+09:00
Attendee Check,,,failed,False,2026-08-19T13:26:10.178451+09:00
Attendee Checker,,,failed,False,2026-08-27T23:56:56.552521+09:00
Attendee Checklist,,,failed,False,2026-08-19T21:10:11.430001+09:00
Attendee Circular,,,failed,False,2026-08-21T01:03:04.478545+09:00
Attendee Cockpit,,,failed,False,2026-08-17T23:10:31.513884+09:00
Attendee Code,,,failed,False,2026-08-19T21:53:57.995655+09:00
Attendee Codex,,,failed,False,2026-08-18T22:05:11.798475+09:00
Attendee Companion,,,failed,False,2026-08-17T23:24:01.156266+09:00
Attendee Comparison,,,failed,False,2026-08-28T01:07:08.336538+09:00
Attendee Compass,,,failed,False,2026-08-17T20:40:55.263419+09:00
Attendee Compendium,,,failed,False,2026-08-18T22:05:00.347281+09:00
Attendee Confirmation,,,failed,False,2026-08-21T01:03:20.927802+09:00
Attendee Console,,,failed,False,2026-08-17T20:39:46.897200+09:00
Attendee Converter,,,failed,False,2026-08-27T23:35:20.435817+09:00
Attendee Core,,,failed,False,2026-08-17T21:31:30.369012+09:00
Attendee Cost,,,failed,False,2026-08-21T02:10:51.896971+09:00
Attendee Count,40.0,13.0,success,False,2026-08-27T22:49:15.165017+09:00
Attendee Counter,40.0,13.0,success,False,2026-08-19T00:05:11.440472+09:00
Attendee Coupon,,,failed,False,2026-08-27T21:17:10.879829+09:00
Attendee Dashboard,,,failed,False,2026-08-17T23:23:43.975283+09:00
Attendee Deal,,,failed,False,2026-08-21T01:55:42.683026+09:00
Attendee Debt,,,failed,False,2026-08-21T02:26:14.215239+09:00
Attendee Deck,,,failed,False,2026-08-17T20:46:46.837602+09:00
Attendee Depot,,,failed,False,2026-08-19T00:04:56.559247+09:00
Attendee Desk,,,failed,False,2026-08-17T20:44:20.013961+09:00
Attendee Detail,,,failed,False,2026-08-23T03:20:18.367542+09:00
Attendee Diagram,,,failed,False,2026-08-27T22:12:29.300608+09:00
Attendee Dial,,,failed,False,2026-08-17T20:37:59.877456+09:00
Attendee Digest,,,failed,False,2026-08-19T20:41:36.001931+09:00
Attendee Directory,10.0,0.0,success,False,2026-08-19T00:04:38.069566+09:00
Attendee Discount,,,failed,False,2026-08-23T16:14:56.824333+09:00
Attendee Dock,,,failed,False,2026-08-17T20:34:15.100698+09:00
Attendee Dossier,,,failed,False,2026-08-21T01:03:23.160959+09:00
Attendee Downpayment,,,failed,False,2026-08-27T21:48:16.120561+09:00
Attendee Draft,,,failed,False,2026-08-19T20:41:48.388385+09:00
Attendee Due,,,failed,False,2026-08-23T15:52:10.396341+09:00
Attendee Duty,,,failed,False,2026-08-21T02:41:35.267281+09:00
Attendee Endowment,,,failed,False,2026-08-23T15:52:15.458518+09:00
Attendee Engine,,,failed,False,2026-08-17T23:07:07.612411+09:00
Attendee Entry,,,failed,False,2026-08-21T01:03:38.520377+09:00
Attendee Estimate,,,failed,False,2026-08-19T21:10:55.875332+09:00
Attendee Estimator,,,failed,False,2026-08-27T23:56:56.552521+09:00
Attendee Excerpt,,,failed,False,2026-08-21T01:03:33.238339+09:00
Attendee Extension,,,failed,False,2026-08-23T16:39:16.961219+09:00
Attendee Fare,,,failed,False,2026-08-21T02:10:58.400903+09:00
Attendee Fee,,,failed,False,2026-08-21T01:55:12.213842+09:00
Attendee Feed,,,failed,False,2026-08-19T20:41:40.323358+09:00
Attendee File,,,failed,False,2026-08-19T20:41:00.818648+09:00
Attendee Finder,,,failed,False,2026-08-19T00:04:50.750995+09:00
Attendee Fine,,,failed,False,2026-08-23T02:55:50.022047+09:00
Attendee Flag,,,failed,False,2026-08-21T00:30:55.600635+09:00
Attendee Flow,,,failed,False,2026-08-17T20:47:19.659128+09:00
Attendee Forge,,,failed,False,2026-08-17T20:39:18.247368+09:00
Attendee Form,90.0,1.0,success,False,2026-08-19T13:25:22.323430+09:00
Attendee Format,,,failed,False,2026-08-23T13:07:43.906174+09:00
Attendee Frame,,,failed,False,2026-08-17T21:33:40.096792+09:00
Attendee Fund,,,failed,False,2026-08-21T02:26:18.130699+09:00
Attendee Gate,,,failed,False,2026-08-17T21:38:32.905021+09:00
Attendee Giveaway,,,failed,False,2026-08-27T21:17:18.938086+09:00
Attendee Grade,,,failed,False,2026-08-21T00:30:37.167399+09:00
Attendee Graph,,,failed,False,2026-08-27T22:12:15.272381+09:00
Attendee Grid,,,failed,False,2026-08-18T07:52:03.741881+09:00
Attendee Guarantee,,,failed,False,2026-08-28T01:07:13.467074+09:00
Attendee Guard,,,failed,False,2026-08-17T21:32:03.436124+09:00
Attendee Guidebook,,,failed,False,2026-08-18T22:04:21.198301+09:00
Attendee Helpdesk,10.0,,success,False,2026-08-27T22:49:15.165017+09:00
Attendee Helper,,,failed,False,2026-08-28T00:26:09.270269+09:00
Attendee History,,,failed,False,2026-08-19T20:40:46.834660+09:00
Attendee Hotline,,,failed,False,2026-08-19T21:11:17.911454+09:00
Attendee Hub,1900.0,2.0,success,False,2026-08-17T20:46:07.350212+09:00
Attendee Identifier,,,failed,False,2026-08-23T13:07:37.097248+09:00
Attendee Incentive,,,failed,False,2026-08-27T21:17:18.938086+09:00
Attendee Index,,,failed,False,2026-08-19T21:10:23.160245+09:00
Attendee Insight,,,failed,False,2026-08-17T22:46:53.613180+09:00
Attendee Installment,,,failed,False,2026-08-23T16:14:56.824333+09:00
Attendee Interest,,,failed,False,2026-08-23T13:47:31.255092+09:00
Attendee Item,,,failed,False,2026-08-21T01:55:16.985544+09:00
Attendee Journal,,,failed,False,2026-08-18T22:03:58.790181+09:00
Attendee Keeper,,,failed,False,2026-08-17T21:34:12.134068+09:00
Attendee Kit,,,failed,False,2026-08-27T22:49:12.101032+09:00
Attendee Lab,,,failed,False,2026-08-17T20:44:43.054193+09:00
Attendee Label,,,failed,False,2026-08-27T22:12:15.272381+09:00
Attendee Layout,,,failed,False,2026-08-27T22:28:56.801982+09:00
Attendee Ledger,,,failed,False,2026-08-17T21:30:22.425092+09:00
Attendee Lens,,,failed,False,2026-08-17T21:34:42.632014+09:00
Attendee Level,,,failed,False,2026-08-19T20:41:10.828189+09:00
Attendee Levy,,,failed,False,2026-08-23T13:47:31.255092+09:00
Attendee Link,10.0,11.0,success,False,2026-08-23T03:20:11.001534+09:00
Attendee List,2900.0,1.0,success,False,2026-08-19T21:54:10.446339+09:00
Attendee Loan,,,failed,False,2026-08-21T02:11:04.805408+09:00
Attendee Lobby,,,failed,False,2026-08-19T12:23:40.274403+09:00
Attendee Locator,,,failed,False,2026-08-19T00:04:44.561310+09:00
Attendee Lock,,,failed,False,2026-08-17T21:36:50.527973+09:00
Attendee Log,,,failed,False,2026-08-19T13:25:08.614186+09:00
Attendee Loop,,,failed,False,2026-08-17T20:32:39.820797+09:00
Attendee Manager,,,failed,False,2026-08-17T21:33:13.463030+09:00
Attendee Manual,,,failed,False,2026-08-27T22:12:17.686005+09:00
Attendee Map,,,failed,False,2026-08-17T21:35:49.618076+09:00
Attendee Margin,,,failed,False,2026-08-23T02:55:47.607915+09:00
Attendee Markup,,,failed,False,2026-08-23T16:39:14.026032+09:00
Attendee Memo,,,failed,False,2026-08-21T00:30:44.450501+09:00
Attendee Message,,,failed,False,2026-08-27T23:14:37.141829+09:00
Attendee Meter,,,failed,False,2026-08-17T20:37:01.636634+09:00
Attendee Metrics,,,failed,False,2026-08-17T23:23:24.651550+09:00
Attendee Monitor,,,failed,False,2026-08-17T23:33:25.716051+09:00
Attendee Navigator,,,failed,False,2026-08-17T23:04:52.831664+09:00
Attendee Nexus,,,failed,False,2026-08-17T21:37:24.355362+09:00
Attendee Node,,,failed,False,2026-08-17T21:40:47.686331+09:00
Attendee Note,,,failed,False,2026-08-19T13:26:44.223162+09:00
Attendee Notification,,,failed,False,2026-08-27T22:49:12.101032+09:00
Attendee Number,480.0,0.0,success,False,2026-08-23T03:20:04.246790+09:00
Attendee Office,,,failed,False,2026-08-19T00:05:06.053297+09:00
Attendee Ops,,,failed,False,2026-08-17T23:24:19.906640+09:00
Attendee Order,,,failed,False,2026-08-19T21:53:24.173556+09:00
Attendee Organizer,,,failed,False,2026-08-17T23:08:52.279570+09:00
Attendee Outpost,,,failed,False,2026-08-19T00:23:43.046041+09:00
Attendee Overage,,,failed,False,2026-08-27T21:48:13.959890+09:00
Attendee Overdraft,,,failed,False,2026-08-23T15:52:13.445418+09:00
Attendee Overdue,,,failed,False,2026-08-27T21:48:09.369962+09:00
Attendee Panel,,,failed,False,2026-08-17T20:38:48.292759+09:00
Attendee Pass,20.0,0.0,success,False,2026-08-21T00:29:55.538883+09:00
Attendee Path,,,failed,False,2026-08-17T21:39:22.624237+09:00
Attendee Payoff,,,failed,False,2026-08-27T21:48:11.561191+09:00
Attendee Penalty,,,failed,False,2026-08-23T16:39:10.446274+09:00
Attendee Petition,,,failed,False,2026-08-21T01:03:15.171952+09:00
Attendee Pilot,,,failed,False,2026-08-17T20:45:18.923986+09:00
Attendee Plan,,,failed,False,2026-08-21T01:55:33.628108+09:00
Attendee Planner,,,failed,False,2026-08-17T23:14:05.238044+09:00
Attendee Playbook,,,failed,False,2026-08-18T22:03:49.519359+09:00
Attendee Point,,,failed,False,2026-08-17T21:38:00.601683+09:00
Attendee Portal,70.0,8.0,success,False,2026-08-17T20:40:34.523017+09:00
Attendee Preview,,,failed,False,2026-08-28T01:07:08.336538+09:00
Attendee Profile,30.0,0.0,success,False,2026-08-19T13:27:15.417105+09:00
Attendee Profit,,,failed,False,2026-08-23T02:55:38.114180+09:00
Attendee Proposal,,,failed,False,2026-08-28T01:07:11.009484+09:00
Attendee Pulse,,,failed,False,2026-08-18T07:52:17.361320+09:00
Attendee Queue,,,failed,False,2026-08-19T21:10:42.484655+09:00
Attendee Quota,,,failed,False,2026-08-21T00:30:49.324092+09:00
Attendee Radar,,,failed,False,2026-08-17T20:43:29.254301+09:00
Attendee Rail,,,failed,False,2026-08-17T20:33:15.121215+09:00
Attendee Rate,,,failed,False,2026-08-19T20:41:16.586784+09:00
Attendee Recap,,,failed,False,2026-08-21T01:03:27.651766+09:00
Attendee Receipt,,,failed,False,2026-08-19T21:53:47.413598+09:00
Attendee Recorder,,,failed,False,2026-08-27T23:35:24.571352+09:00
Attendee Redemption,,,failed,False,2026-08-23T16:39:16.961219+09:00
Attendee Register,260.0,23.0,success,False,2026-08-17T23:12:05.919804+09:00
Attendee Registry,,,failed,False,2026-08-18T22:04:32.030179+09:00
Attendee Relay,,,failed,False,2026-08-17T20:42:32.290659+09:00
Attendee Reminder,,,failed,False,2026-08-19T21:09:59.006110+09:00
Attendee Report,40.0,3.0,success,False,2026-08-19T13:24:58.997710+09:00
Attendee Repository,,,failed,False,2026-08-27T23:14:44.010079+09:00
Attendee Roadmap,,,failed,False,2026-08-18T22:05:21.769406+09:00
Attendee Roster,20.0,0.0,success,False,2026-08-19T00:36:46.213084+09:00
Attendee Route,,,failed,False,2026-08-17T20:35:04.556306+09:00
Attendee Rule,,,failed,False,2026-08-23T03:20:15.434284+09:00
Attendee Sale,,,failed,False,2026-08-21T02:26:26.896086+09:00
Attendee Sample,,,failed,False,2026-08-19T21:54:53.460475+09:00
Attendee Scale,,,failed,False,2026-08-17T20:36:02.767132+09:00
Attendee Scanner,,,failed,False,2026-08-27T23:56:59.391700+09:00
Attendee Scheduler,,,failed,False,2026-08-17T23:33:13.848442+09:00
Attendee Scope,,,failed,False,2026-08-17T20:33:43.675774+09:00
Attendee Score,,,failed,False,2026-08-19T13:26:18.300818+09:00
Attendee Sentry,,,failed,False,2026-08-17T21:35:16.200596+09:00
Attendee Sheet,60500.0,14.0,success,False,2026-08-19T13:25:58.679936+09:00
Attendee Shortfall,,,failed,False,2026-08-27T21:48:18.349819+09:00
Attendee Signal,,,failed,False,2026-08-17T20:35:35.063549+09:00
Attendee Signature,,,failed,False,2026-08-23T13:27:51.587934+09:00
Attendee Slip,,,failed,False,2026-08-19T21:54:42.461641+09:00
Attendee Slot,,,failed,False,2026-08-19T21:55:00.630940+09:00
Attendee Snapshot,,,failed,False,2026-08-18T22:04:08.939820+09:00
Attendee Stake,,,failed,False,2026-08-23T02:55:43.726129+09:00
Attendee Statement,,,failed,False,2026-08-21T00:30:25.028648+09:00
Attendee Station,,,failed,False,2026-08-17T20:43:56.267353+09:00
Attendee Status,,,failed,False,2026-08-19T20:40:32.306082+09:00
Attendee Stipend,,,failed,False,2026-08-23T13:47:35.441000+09:00
Attendee Stub,,,failed,False,2026-08-21T00:30:17.662990+09:00
Attendee Studio,,,failed,False,2026-08-17T20:45:45.792269+09:00
Attendee Subsidy,,,failed,False,2026-08-23T15:52:13.445418+09:00
Attendee Suite,,,failed,False,2026-08-17T23:32:49.252049+09:00
Attendee Sum,,,failed,False,2026-08-21T02:26:10.275506+09:00
Attendee Summary,,,failed,False,2026-08-19T21:09:32.906956+09:00
Attendee Surtax,,,failed,False,2026-08-23T15:52:15.458518+09:00
Attendee Sync,,,failed,False,2026-08-17T20:48:37.567206+09:00
Attendee Tab,,,failed,False,2026-08-21T00:31:03.590955+09:00
Attendee Table,,,failed,False,2026-08-19T21:54:19.584048+09:00
Attendee Tag,,,failed,False,2026-08-19T13:27:04.208602+09:00
Attendee Tally,,,failed,False,2026-08-21T00:30:32.235715+09:00
Attendee Tariff,,,failed,False,2026-08-21T02:41:45.973513+09:00
Attendee Tax,,,failed,False,2026-08-21T02:11:01.471090+09:00
Attendee Ticket,20.0,3.0,success,False,2026-08-19T21:10:31.479524+09:00
Attendee Tier,,,failed,False,2026-08-28T00:48:08.257780+09:00
Attendee Timeline,10.0,0.0,success,False,2026-08-19T21:09:44.414904+09:00
Attendee Toll,,,failed,False,2026-08-21T02:41:38.667611+09:00
Attendee Toolbox,,,failed,False,2026-08-28T00:26:06.768927+09:00
Attendee Toolkit,,,failed,False,2026-08-18T22:03:28.331445+09:00
Attendee Total,,,failed,False,2026-08-27T23:14:37.141829+09:00
Attendee Tracker,50.0,19.0,success,False,2026-08-17T21:30:53.341117+09:00
Attendee Trail,,,failed,False,2026-08-17T20:32:02.325008+09:00
Attendee Trend,,,failed,False,2026-08-28T01:07:05.829192+09:00
Attendee Trial,,,failed,False,2026-08-27T21:17:14.401522+09:00
Attendee Unit,,,failed,False,2026-08-21T01:55:28.445824+09:00
Attendee Update,,,failed,False,2026-08-19T20:41:25.975881+09:00
Attendee Value,,,failed,False,2026-08-23T02:55:41.389421+09:00
Attendee Vault,,,failed,False,2026-08-17T20:41:47.517366+09:00
Attendee Version,,,failed,False,2026-08-23T03:20:07.416918+09:00
Attendee View,,,failed,False,2026-08-19T20:40:37.869711+09:00
Attendee Voucher,,,failed,False,2026-08-21T00:30:03.627747+09:00
Attendee Wallet,,,failed,False,2026-08-27T22:49:12.101032+09:00
Attendee Watch,,,failed,False,2026-08-17T20:34:36.732015+09:00
Attendee Wave,,,failed,False,2026-08-17T21:41:28.759770+09:00
Attendee Widget,,,failed,False,2026-08-27T23:14:41.720422+09:00
Attendee Workbench,,,failed,False,2026-08-18T22:03:14.728477+09:00
Attendee Worksheet,,,failed,False,2026-08-27T22:12:21.251456+09:00
Attendee Zone,,,failed,False,2026-08-17T20:41:19.373388+09:00
Attic Advisory,,,failed,False,2026-08-21T01:02:54.788235+09:00
Attic Alert,20.0,4.0,success,False,2026-08-21T00:06:55.425363+09:00
Attic Allowance,,,failed,False,2026-08-21T02:41:56.534428+09:00
Attic Analyzer,,,failed,False,2026-08-27T23:52:10.807826+09:00
Attic Announcement,,,failed,False,2026-08-27T23:31:50.398588+09:00
Attic Assistant,,,failed,False,2026-08-21T00:05:23.895920+09:00
Attic Atlas,,,failed,False,2026-08-21T00:12:04.000178+09:00
Attic Base,90.0,0.0,success,False,2026-08-21T00:10:46.000113+09:00
Attic Bay,50.0,1.0,success,False,2026-08-21T00:06:31.070365+09:00
Attic Beacon,,,failed,False,2026-08-21T00:10:04.105660+09:00
Attic Bill,,,failed,False,2026-08-21T00:08:56.538180+09:00
Attic Board,1600.0,100.0,success,False,2026-08-21T00:10:55.494824+09:00
Attic Book,2900.0,9.0,success,False,2026-08-21T00:09:15.337380+09:00
Attic Booth,,,failed,False,2026-08-21T00:06:22.845965+09:00
Attic Bridge,,,failed,False,2026-08-21T00:10:10.668873+09:00
Attic Brief,,,failed,False,2026-08-21T01:01:47.037702+09:00
Attic Bulletin,,,failed,False,2026-08-21T01:01:41.528292+09:00
Attic Cabinet,90.0,89.0,success,False,2026-08-27T23:16:56.229281+09:00
Attic Calendar,480.0,0.0,success,False,2026-08-21T00:05:58.957091+09:00
Attic Card,70.0,10.0,success,False,2026-08-21T00:07:30.087170+09:00
Attic Cascade,,,failed,False,2026-08-21T00:10:08.386733+09:00
Attic Cash,,,failed,False,2026-08-21T02:24:56.488655+09:00
Attic Category,,,failed,False,2026-08-23T13:10:03.956535+09:00
Attic Center,,,failed,False,2026-08-21T00:11:15.329507+09:00
Attic Chain,20.0,71.0,success,False,2026-08-21T00:11:47.014910+09:00
Attic Charge,,,failed,False,2026-08-21T02:41:45.973513+09:00
Attic Chart,,,failed,False,2026-08-21T00:06:57.541230+09:00
Attic Check,20.0,80.0,success,False,2026-08-21T00:07:38.957051+09:00
Attic Checker,,,failed,False,2026-08-27T23:52:02.296949+09:00
Attic Circular,,,failed,False,2026-08-21T01:01:54.342698+09:00
Attic Code,10.0,0.0,success,False,2026-08-21T00:09:06.463923+09:00
Attic Confirmation,,,failed,False,2026-08-21T01:02:09.128989+09:00
Attic Console,,,failed,False,2026-08-21T00:11:23.626216+09:00
Attic Core,,,failed,False,2026-08-21T00:10:48.719546+09:00
Attic Cost,20.0,28.0,success,False,2026-08-21T02:07:46.443072+09:00
Attic Counter,,,failed,False,2026-08-21T00:06:15.045348+09:00
Attic Deal,,,failed,False,2026-08-21T02:00:08.168331+09:00
Attic Debt,,,failed,False,2026-08-21T02:24:48.796566+09:00
Attic Deck,590.0,92.0,success,False,2026-08-21T00:10:58.171885+09:00
Attic Desk,30.0,100.0,success,False,2026-08-21T00:09:42.716549+09:00
Attic Detail,40.0,0.0,success,False,2026-08-23T03:23:11.854221+09:00
Attic Detector,,,failed,False,2026-08-27T23:52:08.286767+09:00
Attic Diagram,170.0,0.0,success,False,2026-08-27T22:13:20.966698+09:00
Attic Directory,,,failed,False,2026-08-21T00:06:02.924923+09:00
Attic Dossier,,,failed,False,2026-08-21T01:02:13.283707+09:00
Attic Downpayment,,,failed,False,2026-08-27T21:48:57.191063+09:00
Attic Draft,,,failed,False,2026-08-21T00:08:29.674648+09:00
Attic Due,,,failed,False,2026-08-23T15:51:28.689965+09:00
Attic Duty,,,failed,False,2026-08-21T02:41:49.318667+09:00
Attic Engine,,,failed,False,2026-08-21T00:05:21.567045+09:00
Attic Entry,480.0,91.0,success,False,2026-08-21T01:03:10.607434+09:00
Attic Estimate,10.0,10.0,success,False,2026-08-21T00:08:50.298724+09:00
Attic Estimator,,,failed,False,2026-08-27T23:52:02.296949+09:00
Attic Excerpt,,,failed,False,2026-08-21T01:03:04.478545+09:00
Attic Fare,,,failed,False,2026-08-21T02:07:53.857202+09:00
Attic Fee,,,failed,False,2026-08-21T01:59:55.077631+09:00
Attic Feed,,,failed,False,2026-08-21T00:08:26.557259+09:00
Attic File,,,failed,False,2026-08-21T00:08:09.199254+09:00
Attic Fine,,,failed,False,2026-08-23T02:57:06.282457+09:00
Attic Flag,,,failed,False,2026-08-21T00:26:41.627536+09:00
Attic Flow,,,failed,False,2026-08-21T00:09:36.388404+09:00
Attic Forge,,,failed,False,2026-08-21T00:10:06.230079+09:00
Attic Form,,,failed,False,2026-08-21T00:07:26.703840+09:00
Attic Frame,320.0,7.0,success,False,2026-08-21T00:10:41.968767+09:00
Attic Fund,,,failed,False,2026-08-21T02:24:52.539486+09:00
Attic Gate,70.0,55.0,success,False,2026-08-21T00:11:58.658369+09:00
Attic Grade,,,failed,False,2026-08-21T00:26:25.580219+09:00
Attic Grid,10.0,0.0,success,False,2026-08-21T00:10:23.316441+09:00
Attic Guardian,,,failed,False,2026-08-28T00:22:39.734824+09:00
Attic Helpdesk,,,failed,False,2026-08-27T22:51:07.925641+09:00
Attic Helper,,,failed,False,2026-08-28T00:22:49.083106+09:00
Attic History,,,failed,False,2026-08-21T00:08:06.282154+09:00
Attic Hub,10.0,14.0,success,False,2026-08-21T00:09:38.850867+09:00
Attic Identifier,,,failed,False,2026-08-23T13:10:01.579263+09:00
Attic Inbox,,,failed,False,2026-08-21T00:06:55.425363+09:00
Attic Index,,,failed,False,2026-08-21T00:08:45.670716+09:00
Attic Item,30.0,0.0,success,False,2026-08-21T02:00:00.574550+09:00
Attic Journal,140.0,5.0,success,False,2026-08-21T00:05:53.181576+09:00
Attic Keeper,,,failed,False,2026-08-19T22:41:50.846543+09:00
Attic Lab,590.0,0.0,success,False,2026-08-21T00:11:07.276592+09:00
Attic Label,,,failed,False,2026-08-27T22:13:09.872881+09:00
Attic Layout,70.0,3.0,success,False,2026-08-27T22:29:26.032496+09:00
Attic Ledger,,,failed,False,2026-08-21T00:10:51.522547+09:00
Attic Level,70.0,0.0,success,False,2026-08-21T00:08:12.228304+09:00
Attic Line,,,failed,False,2026-08-21T00:07:10.102459+09:00
Attic Link,,,failed,False,2026-08-23T03:23:04.042146+09:00
Attic List,,,failed,False,2026-08-21T00:09:09.007645+09:00
Attic Loan,,,failed,False,2026-08-21T02:08:03.839367+09:00
Attic Lobby,,,failed,False,2026-08-21T00:07:05.249232+09:00
Attic Locator,,,failed,False,2026-08-21T00:06:05.500178+09:00
Attic Locker,,,failed,False,2026-08-21T00:06:19.535864+09:00
Attic Log,,,failed,False,2026-08-21T00:07:23.788027+09:00
Attic Loop,,,failed,False,2026-08-21T00:10:20.448306+09:00
Attic Manager,10.0,21.0,success,False,2026-08-19T23:13:53.160538+09:00
Attic Manual,,,failed,False,2026-08-27T22:13:13.048056+09:00
Attic Map,20.0,1.0,success,False,2026-08-21T00:10:39.439345+09:00
Attic Margin,,,failed,False,2026-08-23T02:57:04.274468+09:00
Attic Markup,,,failed,False,2026-08-23T16:39:03.767500+09:00
Attic Memo,,,failed,False,2026-08-21T00:26:30.376720+09:00
Attic Monitor,,,failed,False,2026-08-21T00:05:36.511484+09:00
Attic Nexus,,,failed,False,2026-08-21T00:12:01.439565+09:00
Attic Note,,,failed,False,2026-08-21T00:07:44.849905+09:00
Attic Notification,,,failed,False,2026-08-27T22:51:00.093213+09:00
Attic Number,40.0,0.0,success,False,2026-08-23T03:22:56.392022+09:00
Attic Office,480.0,10.0,success,False,2026-08-21T00:06:10.990572+09:00
Attic Ops,,,failed,False,2026-08-21T00:05:45.974525+09:00
Attic Order,70.0,0.0,success,False,2026-08-21T00:08:53.382830+09:00
Attic Outpost,,,failed,False,2026-08-21T00:06:35.659041+09:00
Attic Overage,,,failed,False,2026-08-27T21:48:52.496958+09:00
Attic Overdue,,,failed,False,2026-08-27T21:48:46.666341+09:00
Attic Panel,110.0,90.0,success,False,2026-08-21T00:11:31.112963+09:00
Attic Pass,,,failed,False,2026-08-21T00:25:54.977191+09:00
Attic Passport,,,failed,False,2026-08-21T00:07:02.641295+09:00
Attic Path,,,failed,False,2026-08-21T00:10:34.597077+09:00
Attic Payoff,,,failed,False,2026-08-27T21:48:49.180539+09:00
Attic Petition,,,failed,False,2026-08-21T01:02:06.881859+09:00
Attic Plan,170.0,8.0,success,False,2026-08-21T02:00:06.443014+09:00
Attic Planner,170.0,8.0,success,False,2026-08-21T00:05:29.824761+09:00
Attic Playbook,,,failed,False,2026-08-21T00:05:49.318712+09:00
Attic Plaza,,,failed,False,2026-08-21T00:06:39.076451+09:00
Attic Point,,,failed,False,2026-08-21T00:10:37.172281+09:00
Attic Portal,,,failed,False,2026-08-21T00:11:21.339663+09:00
Attic Post,10.0,10.0,success,False,2026-08-21T00:06:33.457247+09:00
Attic Preview,,,failed,False,2026-08-28T01:04:14.556573+09:00
Attic Profile,,,failed,False,2026-08-21T00:07:55.712848+09:00
Attic Profit,,,failed,False,2026-08-23T02:56:50.179026+09:00
Attic Radar,2900.0,0.0,success,True,2026-08-21T00:09:46.713564+09:00
Attic Rail,70.0,100.0,success,False,2026-08-21T00:11:41.126262+09:00
Attic Rate,,,failed,False,2026-08-21T00:08:19.938205+09:00
Attic Recap,,,failed,False,2026-08-21T01:03:04.478545+09:00
Attic Receipt,,,failed,False,2026-08-21T00:09:00.299581+09:00
Attic Recorder,,,failed,False,2026-08-27T23:31:58.292490+09:00
Attic Register,,,failed,False,2026-08-21T00:05:42.702163+09:00
Attic Relay,,,failed,False,2026-08-21T00:09:53.180945+09:00
Attic Reminder,,,failed,False,2026-08-21T00:08:39.923175+09:00
Attic Report,,,failed,False,2026-08-21T00:07:16.411531+09:00
Attic Ring,10.0,24.0,success,False,2026-08-21T00:11:51.224044+09:00
Attic Roll,20.0,49.0,success,False,2026-08-21T00:07:16.411531+09:00
Attic Roster,,,failed,False,2026-08-21T00:06:52.239933+09:00
Attic Route,,,failed,False,2026-08-21T00:11:37.455869+09:00
Attic Rule,,,failed,False,2026-08-23T03:23:07.645674+09:00
Attic Sale,140.0,3.0,success,False,2026-08-21T02:25:01.097647+09:00
Attic Sample,,,failed,False,2026-08-21T00:09:23.484193+09:00
Attic Scale,,,failed,False,2026-08-21T00:11:33.849438+09:00
Attic Scope,,,failed,False,2026-08-21T00:10:17.224400+09:00
Attic Score,,,failed,False,2026-08-21T00:07:41.757493+09:00
Attic Sheet,,,failed,False,2026-08-21T00:07:33.633888+09:00
Attic Shelf,720.0,100.0,success,False,2026-08-21T00:06:48.646021+09:00
Attic Shortfall,,,failed,False,2026-08-27T21:48:59.482652+09:00
Attic Signal,,,failed,False,2026-08-21T00:10:12.835483+09:00
Attic Slip,,,failed,False,2026-08-21T00:09:19.692750+09:00
Attic Slot,,,failed,False,2026-08-21T00:09:26.936437+09:00
Attic Stake,,,failed,False,2026-08-23T02:57:01.992920+09:00
Attic Statement,,,failed,False,2026-08-21T00:26:15.934316+09:00
Attic Station,70.0,0.0,success,False,2026-08-21T00:11:09.626115+09:00
Attic Status,,,failed,False,2026-08-21T00:07:59.311862+09:00
Attic Studio,4400.0,4.0,success,False,2026-08-21T00:11:04.008018+09:00
Attic Subsidy,,,failed,False,2026-08-23T15:51:33.860172+09:00
Attic Sum,,,failed,False,2026-08-21T02:24:39.206528+09:00
Attic Summary,10.0,0.0,success,False,2026-08-21T00:08:32.112101+09:00
Attic Table,40.0,100.0,success,False,2026-08-21T00:09:11.987938+09:00
Attic Tag,,,failed,False,2026-08-21T00:07:51.744677+09:00
Attic Tally,,,failed,False,2026-08-21T00:26:21.311990+09:00
Attic Tariff,,,failed,False,2026-08-21T02:42:02.551252+09:00
Attic Tax,,,failed,False,2026-08-21T02:07:58.916446+09:00
Attic Terminal,,,failed,False,2026-08-21T00:11:12.755377+09:00
Attic Ticker,,,failed,False,2026-08-21T00:07:07.636475+09:00
Attic Ticket,,,failed,False,2026-08-21T00:08:47.899784+09:00
Attic Timeline,,,failed,False,2026-08-21T00:08:35.535549+09:00
Attic Toll,,,failed,False,2026-08-21T02:41:51.779430+09:00
Attic Toolbox,,,failed,False,2026-08-28T00:22:42.376773+09:00
Attic Total,,,failed,False,2026-08-27T23:16:53.480733+09:00
Attic Tower,,,failed,False,2026-08-21T00:06:45.845117+09:00
Attic Tracker,,,failed,False,2026-08-21T00:09:33.821521+09:00
Attic Trail,,,failed,False,2026-08-21T00:11:44.764762+09:00
Attic Trial,10.0,0.0,success,False,2026-08-27T21:17:40.328757+09:00
Attic Unit,40.0,14.0,success,False,2026-08-21T02:05:44.847740+09:00
Attic Update,10.0,33.0,success,False,2026-08-21T00:08:22.856324+09:00
Attic Value,,,failed,False,2026-08-23T02:56:59.964563+09:00
Attic Vault,20.0,0.0,success,False,2026-08-21T00:09:56.547234+09:00
Attic Version,,,failed,False,2026-08-23T03:23:00.689817+09:00
Attic View,40.0,1.0,success,False,2026-08-21T00:08:03.129328+09:00
Attic Watch,20.0,3.0,success,False,2026-08-21T00:10:14.810334+09:00
Attic Wave,,,failed,False,2026-08-21T00:10:27.698876+09:00
Attic Widget,,,failed,False,2026-08-27T23:16:53.480733+09:00
Attic Window,4400.0,82.0,success,False,2026-08-21T00:07:13.344965+09:00
Attic Worksheet,,,failed,False,2026-08-27T22:13:16.015424+09:00
Attic Yard,,,failed,False,2026-08-21T00:06:28.229778+09:00
Attic Zone,50.0,34.0,success,False,2026-08-21T00:11:18.069642+09:00
Attribution Advisory,,,failed,False,2026-08-21T01:07:19.627545+09:00
Attribution Allowance,,,failed,False,2026-08-21T02:45:04.527835+09:00
Attribution Almanac,,,failed,False,2026-08-18T22:05:32.001911+09:00
Attribution Analyzer,,,failed,False,2026-08-27T23:53:00.851680+09:00
Attribution Anchor,,,failed,False,2026-08-17T21:33:42.291802+09:00
Attribution Assistant,,,failed,False,2026-08-17T23:32:52.026751+09:00
Attribution Atlas,,,failed,False,2026-08-17T20:41:50.983322+09:00
Attribution Attribute,,,failed,False,2026-08-23T13:10:14.601516+09:00
Attribution Badge,,,failed,False,2026-08-21T00:34:09.449100+09:00
Attribution Base,,,failed,False,2026-08-17T20:38:53.767345+09:00
Attribution Beacon,,,failed,False,2026-08-17T21:38:05.775829+09:00
Attribution Bill,,,failed,False,2026-08-19T21:58:36.842594+09:00
Attribution Blueprint,,,failed,False,2026-08-18T22:05:21.769406+09:00
Attribution Board,,,failed,False,2026-08-17T20:36:08.746361+09:00
Attribution Book,20.0,6.0,success,False,2026-08-19T21:59:26.927876+09:00
Attribution Bridge,,,failed,False,2026-08-17T21:34:50.586670+09:00
Attribution Brief,,,failed,False,2026-08-21T01:07:09.616987+09:00
Attribution Bulletin,,,failed,False,2026-08-21T01:07:05.419425+09:00
Attribution Calculator,,,failed,False,2026-08-27T23:33:18.763574+09:00
Attribution Calendar,,,failed,False,2026-08-19T00:02:24.547164+09:00
Attribution Card,,,failed,False,2026-08-19T13:27:42.741110+09:00
Attribution Cascade,,,failed,False,2026-08-17T21:35:52.306880+09:00
Attribution Cash,,,failed,False,2026-08-21T02:29:56.209810+09:00
Attribution Catalog,,,failed,False,2026-08-19T21:15:37.050210+09:00
Attribution Category,,,failed,False,2026-08-23T13:10:14.601516+09:00
Attribution Center,,,failed,False,2026-08-18T07:52:35.571361+09:00
Attribution Chain,,,failed,False,2026-08-17T20:46:14.149623+09:00
Attribution Charge,,,failed,False,2026-08-21T02:44:54.822530+09:00
Attribution Check,,,failed,False,2026-08-19T13:28:00.720814+09:00
Attribution Checker,,,failed,False,2026-08-27T23:52:54.402675+09:00
Attribution Checklist,,,failed,False,2026-08-19T21:14:36.641890+09:00
Attribution Circular,,,failed,False,2026-08-21T01:07:15.275377+09:00
Attribution Cockpit,,,failed,False,2026-08-17T22:48:03.176041+09:00
Attribution Code,70.0,0.0,success,False,2026-08-19T21:58:56.766000+09:00
Attribution Codex,,,failed,False,2026-08-18T22:05:50.321080+09:00
Attribution Companion,,,failed,False,2026-08-17T23:23:45.943375+09:00
Attribution Comparison,,,failed,False,2026-08-28T01:03:37.882161+09:00
Attribution Compass,,,failed,False,2026-08-17T21:39:28.354494+09:00
Attribution Compendium,,,failed,False,2026-08-18T22:05:40.235062+09:00
Attribution Confirmation,,,failed,False,2026-08-21T01:07:29.159320+09:00
Attribution Console,,,failed,False,2026-08-17T21:37:30.311680+09:00
Attribution Core,,,failed,False,2026-08-17T20:38:03.705761+09:00
Attribution Cost,,,failed,False,2026-08-21T02:14:02.511057+09:00
Attribution Count,,,failed,False,2026-08-27T22:45:58.509654+09:00
Attribution Counter,,,failed,False,2026-08-19T00:03:09.712807+09:00
Attribution Dashboard,50.0,32.0,success,False,2026-08-17T23:23:26.681151+09:00
Attribution Deal,,,failed,False,2026-08-21T01:58:41.656184+09:00
Attribution Debt,,,failed,False,2026-08-21T02:29:49.445628+09:00
Attribution Deck,,,failed,False,2026-08-17T20:35:08.080059+09:00
Attribution Depot,,,failed,False,2026-08-19T00:02:56.248931+09:00
Attribution Desk,,,failed,False,2026-08-17T20:32:44.310093+09:00
Attribution Detail,,,failed,False,2026-08-23T03:24:36.035969+09:00
Attribution Detector,,,failed,False,2026-08-27T23:53:00.851680+09:00
Attribution Diagram,10.0,1.0,success,False,2026-08-27T22:08:02.909734+09:00
Attribution Dial,,,failed,False,2026-08-17T21:35:20.515813+09:00
Attribution Digest,,,failed,False,2026-08-19T20:43:28.887944+09:00
Attribution Directory,,,failed,False,2026-08-19T00:02:34.221000+09:00
Attribution Dock,,,failed,False,2026-08-17T21:31:00.206645+09:00
Attribution Dossier,,,failed,False,2026-08-21T01:07:33.646226+09:00
Attribution Draft,,,failed,False,2026-08-19T20:43:44.541784+09:00
Attribution Due,,,failed,False,2026-08-23T15:50:26.316180+09:00
Attribution Duty,,,failed,False,2026-08-21T02:45:01.493449+09:00
Attribution Engine,20.0,30.0,success,False,2026-08-17T23:12:27.386442+09:00
Attribution Entry,,,failed,False,2026-08-21T01:07:45.419245+09:00
Attribution Estimate,,,failed,False,2026-08-19T21:15:25.328836+09:00
Attribution Estimator,,,failed,False,2026-08-27T23:52:49.352062+09:00
Attribution Excerpt,,,failed,False,2026-08-21T01:07:41.387893+09:00
Attribution Extension,,,failed,False,2026-08-23T16:37:31.309501+09:00
Attribution Fare,,,failed,False,2026-08-21T02:14:10.459291+09:00
Attribution Fee,,,failed,False,2026-08-21T01:58:27.155216+09:00
Attribution Feed,,,failed,False,2026-08-19T20:43:39.981777+09:00
Attribution File,10.0,0.0,success,False,2026-08-19T20:43:01.232728+09:00
Attribution Finder,,,failed,False,2026-08-19T00:02:48.631996+09:00
Attribution Fine,,,failed,False,2026-08-23T02:58:35.873995+09:00
Attribution Flag,,,failed,False,2026-08-21T00:34:42.810397+09:00
Attribution Flow,,,failed,False,2026-08-17T20:35:38.392873+09:00
Attribution Forge,,,failed,False,2026-08-17T21:36:54.710856+09:00
Attribution Form,30.0,0.0,success,False,2026-08-19T13:27:27.071698+09:00
Attribution Frame,,,failed,False,2026-08-17T20:39:51.023967+09:00
Attribution Fund,,,failed,False,2026-08-21T02:29:53.730886+09:00
Attribution Gate,,,failed,False,2026-08-17T20:43:32.566232+09:00
Attribution Grade,,,failed,False,2026-08-21T00:34:27.900194+09:00
Attribution Graph,50.0,1.0,success,False,2026-08-27T22:07:57.599246+09:00
Attribution Grid,,,failed,False,2026-08-17T20:46:51.703605+09:00
Attribution Guard,,,failed,False,2026-08-17T20:38:26.412397+09:00
Attribution Guardian,,,failed,False,2026-08-28T00:23:00.112605+09:00
Attribution Guidebook,,,failed,False,2026-08-18T22:05:02.516248+09:00
Attribution Helpdesk,,,failed,False,2026-08-27T22:46:02.765409+09:00
Attribution Helper,10.0,0.0,success,False,2026-08-28T00:23:05.201958+09:00
Attribution History,,,failed,False,2026-08-19T20:42:48.667396+09:00
Attribution Hotline,,,failed,False,2026-08-19T21:15:46.366866+09:00
Attribution Hub,,,failed,False,2026-08-17T20:34:40.569545+09:00
Attribution Identifier,,,failed,False,2026-08-23T13:10:10.835682+09:00
Attribution Index,,,failed,False,2026-08-19T21:14:46.806152+09:00
Attribution Insight,,,failed,False,2026-08-17T23:08:54.682716+09:00
Attribution Item,,,failed,False,2026-08-21T01:58:34.274743+09:00
Attribution Journal,,,failed,False,2026-08-18T22:04:42.771017+09:00
Attribution Keeper,,,failed,False,2026-08-17T20:40:17.203996+09:00
Attribution Kit,10.0,29.0,success,False,2026-08-27T22:45:55.749339+09:00
Attribution Lab,10.0,4.0,success,False,2026-08-17T20:33:18.087238+09:00
Attribution Label,,,failed,False,2026-08-27T22:07:57.599246+09:00
Attribution Ledger,,,failed,False,2026-08-17T20:37:05.313557+09:00
Attribution Lens,,,failed,False,2026-08-17T20:40:41.186342+09:00
Attribution Level,,,failed,False,2026-08-19T20:43:08.672141+09:00
Attribution Link,170.0,22.0,success,False,2026-08-23T03:24:30.095281+09:00
Attribution List,30.0,0.0,success,False,2026-08-19T21:59:04.972402+09:00
Attribution Loan,10.0,,success,False,2026-08-21T02:14:16.325639+09:00
Attribution Locator,,,failed,False,2026-08-19T00:02:39.195734+09:00
Attribution Lock,,,failed,False,2026-08-17T20:42:11.427186+09:00
Attribution Log,,,failed,False,2026-08-19T13:27:15.417105+09:00
Attribution Loop,10.0,3.0,success,False,2026-08-17T20:48:09.439521+09:00
Attribution Manager,10.0,7.0,success,False,2026-08-17T20:39:20.129592+09:00
Attribution Manual,,,failed,False,2026-08-27T22:08:00.127291+09:00
Attribution Map,90.0,0.0,success,False,2026-08-17T20:41:22.469867+09:00
Attribution Memo,,,failed,False,2026-08-21T00:34:32.979761+09:00
Attribution Meter,,,failed,False,2026-08-17T21:34:17.965302+09:00
Attribution Metrics,30.0,19.0,success,False,2026-08-17T23:33:28.426699+09:00
Attribution Monitor,,,failed,False,2026-08-17T23:33:15.463532+09:00
Attribution Navigator,,,failed,False,2026-08-17T23:10:35.067749+09:00
Attribution Nexus,,,failed,False,2026-08-17T20:42:36.789908+09:00
Attribution Node,,,failed,False,2026-08-17T20:44:22.162347+09:00
Attribution Note,,,failed,False,2026-08-19T13:28:15.783876+09:00
Attribution Notification,,,failed,False,2026-08-27T22:45:51.425899+09:00
Attribution Number,10.0,4.0,success,False,2026-08-23T03:24:25.190204+09:00
Attribution Office,,,failed,False,2026-08-19T00:03:04.417889+09:00
Attribution Ops,,,failed,False,2026-08-17T23:24:03.266981+09:00
Attribution Order,,,failed,False,2026-08-19T21:58:30.244900+09:00
Attribution Organizer,,,failed,False,2026-08-17T23:14:07.437972+09:00
Attribution Overdue,,,failed,False,2026-08-27T21:46:10.871215+09:00
Attribution Panel,,,failed,False,2026-08-17T21:36:26.445152+09:00
Attribution Pass,,,failed,False,2026-08-21T00:33:58.463562+09:00
Attribution Path,10.0,8.0,success,False,2026-08-17T20:43:58.581518+09:00
Attribution Petition,,,failed,False,2026-08-21T01:07:24.154176+09:00
Attribution Pilot,,,failed,False,2026-08-17T20:33:47.539654+09:00
Attribution Plan,,,failed,False,2026-08-21T01:58:38.358988+09:00
Attribution Planner,,,failed,False,2026-08-17T23:07:11.054257+09:00
Attribution Playbook,,,failed,False,2026-08-18T22:04:32.030179+09:00
Attribution Point,,,failed,False,2026-08-17T20:43:05.974432+09:00
Attribution Portal,,,failed,False,2026-08-17T21:38:37.304138+09:00
Attribution Preview,,,failed,False,2026-08-28T01:03:40.758183+09:00
Attribution Profile,,,failed,False,2026-08-19T13:28:41.334086+09:00
Attribution Profit,,,failed,False,2026-08-23T02:58:27.713523+09:00
Attribution Proposal,,,failed,False,2026-08-28T01:03:40.758183+09:00
Attribution Pulse,,,failed,False,2026-08-17T20:45:48.787557+09:00
Attribution Queue,,,failed,False,2026-08-19T21:15:13.442141+09:00
Attribution Quota,,,failed,False,2026-08-21T00:34:38.752919+09:00
Attribution Radar,,,failed,False,2026-08-17T20:31:33.560642+09:00
Attribution Rail,,,failed,False,2026-08-17T20:48:44.119140+09:00
Attribution Rank,,,failed,False,2026-08-28T00:46:44.536375+09:00
Attribution Rate,110.0,1.0,success,False,2026-08-19T20:43:16.240040+09:00
Attribution Recap,,,failed,False,2026-08-21T01:07:35.741700+09:00
Attribution Receipt,,,failed,False,2026-08-19T21:58:48.612097+09:00
Attribution Register,,,failed,False,2026-08-17T23:04:56.078956+09:00
Attribution Registry,,,failed,False,2026-08-18T22:05:13.758359+09:00
Attribution Relay,,,failed,False,2026-08-18T07:43:49.584727+09:00
Attribution Reminder,,,failed,False,2026-08-19T21:14:25.391974+09:00
Attribution Report,320.0,16.0,success,False,2026-08-19T13:27:04.208602+09:00
Attribution Repository,,,failed,False,2026-08-27T23:11:19.629691+09:00
Attribution Result,,,failed,False,2026-08-28T00:46:39.262631+09:00
Attribution Roadmap,,,failed,False,2026-08-18T22:05:57.658157+09:00
Attribution Roster,,,failed,False,2026-08-19T00:38:54.065235+09:00
Attribution Route,,,failed,False,2026-08-17T21:32:11.115049+09:00
Attribution Rule,590.0,0.0,success,False,2026-08-23T03:24:33.433692+09:00
Attribution Sale,,,failed,False,2026-08-21T02:30:00.318623+09:00
Attribution Sample,,,failed,False,2026-08-19T21:59:46.400279+09:00
Attribution Scale,30.0,0.0,success,False,2026-08-17T21:33:19.243075+09:00
Attribution Scanner,,,failed,False,2026-08-27T23:52:57.703687+09:00
Attribution Scheduler,,,failed,False,2026-08-17T23:33:03.029797+09:00
Attribution Scope,,,failed,False,2026-08-17T21:30:27.922058+09:00
Attribution Score,20.0,1.0,success,False,2026-08-19T13:28:08.778125+09:00
Attribution Sentry,,,failed,False,2026-08-17T20:41:01.819842+09:00
Attribution Sheet,,,failed,False,2026-08-19T13:27:53.720083+09:00
Attribution Signal,,,failed,False,2026-08-17T21:32:47.122898+09:00
Attribution Slip,,,failed,False,2026-08-19T21:59:35.883958+09:00
Attribution Slot,,,failed,False,2026-08-19T21:59:58.757000+09:00
Attribution Snapshot,,,failed,False,2026-08-18T22:04:53.198463+09:00
Attribution Stage,,,failed,False,2026-08-28T00:46:36.452526+09:00
Attribution Stake,,,failed,False,2026-08-23T02:58:33.536123+09:00
Attribution Statement,210.0,0.0,success,False,2026-08-21T00:34:18.922168+09:00
Attribution Station,,,failed,False,2026-08-17T20:32:07.300250+09:00
Attribution Status,,,failed,False,2026-08-19T20:42:34.910732+09:00
Attribution Stub,,,failed,False,2026-08-21T00:34:14.211470+09:00
Attribution Studio,,,failed,False,2026-08-17T20:34:17.127214+09:00
Attribution Suite,,,failed,False,2026-08-17T23:32:37.778770+09:00
Attribution Sum,,,failed,False,2026-08-21T02:29:47.040271+09:00
Attribution Summary,,,failed,False,2026-08-19T21:14:05.700076+09:00
Attribution Sync,,,failed,False,2026-08-17T20:36:38.149505+09:00
Attribution Tab,,,failed,False,2026-08-21T00:34:47.254019+09:00
Attribution Table,70.0,1.0,success,False,2026-08-19T21:59:12.539055+09:00
Attribution Tag,260.0,2.0,success,False,2026-08-19T13:28:26.877196+09:00
Attribution Tally,,,failed,False,2026-08-21T00:34:23.360801+09:00
Attribution Tariff,,,failed,False,2026-08-21T02:45:09.656384+09:00
Attribution Tax,90.0,1.0,success,False,2026-08-21T02:14:13.791830+09:00
Attribution Ticket,,,failed,False,2026-08-19T21:15:02.782218+09:00
Attribution Timeline,,,failed,False,2026-08-19T21:14:14.890297+09:00
Attribution Timer,,,failed,False,2026-08-28T00:22:57.445324+09:00
Attribution Token,10.0,0.0,success,False,2026-08-23T13:26:15.190614+09:00
Attribution Toll,,,failed,False,2026-08-21T02:45:01.493449+09:00
Attribution Toolbox,,,failed,False,2026-08-28T00:23:02.722044+09:00
Attribution Toolkit,,,failed,False,2026-08-18T22:04:23.726026+09:00
Attribution Total,,,failed,False,2026-08-27T23:11:17.164347+09:00
Attribution Tracker,,,failed,False,2026-08-17T20:37:32.011303+09:00
Attribution Trail,,,failed,False,2026-08-17T20:47:25.656493+09:00
Attribution Trend,,,failed,False,2026-08-28T01:03:33.167279+09:00
Attribution Trial,,,failed,False,2026-08-27T21:13:56.719259+09:00
Attribution Unit,,,failed,False,2026-08-21T01:58:35.066746+09:00
Attribution Update,,,failed,False,2026-08-19T20:43:22.271749+09:00
Attribution Value,10.0,0.0,success,False,2026-08-23T02:58:29.711332+09:00
Attribution Vault,,,failed,False,2026-08-17T21:41:31.698252+09:00
Attribution Version,,,failed,False,2026-08-23T03:24:30.095281+09:00
Attribution View,,,failed,False,2026-08-19T20:42:43.732696+09:00
Attribution Voucher,,,failed,False,2026-08-21T00:34:04.071728+09:00
Attribution Watch,,,failed,False,2026-08-17T21:31:35.848823+09:00
Attribution Wave,10.0,,success,False,2026-08-17T20:44:46.784780+09:00
Attribution Widget,,,failed,False,2026-08-27T23:11:17.164347+09:00
Attribution Workbench,,,failed,False,2026-08-18T22:04:08.939820+09:00
Attribution Worksheet,,,failed,False,2026-08-27T22:08:00.127291+09:00
Attribution Workshop,,,failed,False,2026-08-28T00:23:00.112605+09:00
Attribution Zone,,,failed,False,2026-08-17T21:40:51.783967+09:00
Attrition Advisory,,,failed,False,2026-08-21T01:22:33.143231+09:00
Attrition Alert,,,failed,False,2026-08-21T01:17:57.482592+09:00
Attrition Allowance,30.0,0.0,success,False,2026-08-21T02:38:19.881796+09:00
Attrition Analyzer,,,failed,False,2026-08-27T23:56:43.300961+09:00
Attrition Assistant,,,failed,False,2026-08-21T01:15:26.988997+09:00
Attrition Atlas,,,failed,False,2026-08-21T01:26:35.509450+09:00
Attrition Attribute,,,failed,False,2026-08-23T13:07:39.256451+09:00
Attrition Badge,,,failed,False,2026-08-21T01:21:49.678224+09:00
Attrition Base,,,failed,False,2026-08-21T01:24:49.055361+09:00
Attrition Bay,,,failed,False,2026-08-21T01:35:15.414244+09:00
Attrition Beacon,,,failed,False,2026-08-21T01:23:43.267024+09:00
Attrition Bill,,,failed,False,2026-08-21T01:20:57.396338+09:00
Attrition Bin,,,failed,False,2026-08-21T01:18:06.634708+09:00
Attrition Board,,,failed,False,2026-08-21T01:25:01.384940+09:00
Attrition Booth,,,failed,False,2026-08-21T01:16:56.595304+09:00
Attrition Bridge,,,failed,False,2026-08-21T01:23:54.627834+09:00
Attrition Brief,,,failed,False,2026-08-21T01:22:23.798217+09:00
Attrition Bulletin,,,failed,False,2026-08-21T01:22:20.767459+09:00
Attrition Calculator,880.0,4.0,success,False,2026-08-27T23:34:49.517197+09:00
Attrition Card,,,failed,False,2026-08-21T01:19:00.586921+09:00
Attrition Cascade,,,failed,False,2026-08-21T01:35:15.414244+09:00
Attrition Cash,,,failed,False,2026-08-21T02:20:57.219379+09:00
Attrition Category,,,failed,False,2026-08-23T13:07:37.097248+09:00
Attrition Center,,,failed,False,2026-08-21T01:25:40.979194+09:00
Attrition Chain,,,failed,False,2026-08-21T01:26:17.676069+09:00
Attrition Charge,40.0,1.0,success,False,2026-08-21T02:38:09.773029+09:00
Attrition Chart,40.0,0.0,success,False,2026-08-21T01:17:59.788687+09:00
Attrition Check,,,failed,False,2026-08-21T01:19:09.689487+09:00
Attrition Checker,,,failed,False,2026-08-27T23:56:35.462889+09:00
Attrition Circular,,,failed,False,2026-08-21T01:22:29.239348+09:00
Attrition Code,,,failed,False,2026-08-21T01:21:06.488842+09:00
Attrition Companion,,,failed,False,2026-08-21T01:15:46.981049+09:00
Attrition Comparison,,,failed,False,2026-08-28T01:07:55.638643+09:00
Attrition Compass,,,failed,False,2026-08-21T01:23:38.443967+09:00
Attrition Confirmation,,,failed,False,2026-08-21T01:22:43.322610+09:00
Attrition Console,,,failed,False,2026-08-21T01:25:53.521014+09:00
Attrition Copayment,,,failed,False,2026-08-23T16:37:18.649152+09:00
Attrition Core,,,failed,False,2026-08-21T01:24:52.705656+09:00
Attrition Cost,170.0,5.0,success,False,2026-08-21T02:13:59.319117+09:00
Attrition Count,40.0,1.0,success,False,2026-08-27T22:47:34.273654+09:00
Attrition Counter,,,failed,False,2026-08-21T01:23:07.832051+09:00
Attrition Deal,,,failed,False,2026-08-21T01:57:34.337774+09:00
Attrition Debt,,,failed,False,2026-08-21T02:31:01.801994+09:00
Attrition Deck,10.0,0.0,success,False,2026-08-21T01:25:06.636344+09:00
Attrition Desk,,,failed,False,2026-08-21T01:23:12.871826+09:00
Attrition Detail,,,failed,False,2026-08-23T03:19:08.908804+09:00
Attrition Detector,,,failed,False,2026-08-27T23:56:38.183826+09:00
Attrition Diagram,390.0,0.0,success,False,2026-08-27T22:08:33.849782+09:00
Attrition Directory,,,failed,False,2026-08-21T01:16:26.293455+09:00
Attrition Draft,,,failed,False,2026-08-21T01:20:11.987698+09:00
Attrition Duty,,,failed,False,2026-08-21T02:38:13.377279+09:00
Attrition Engine,,,failed,False,2026-08-21T01:15:25.336646+09:00
Attrition Entry,,,failed,False,2026-08-21T01:22:55.105207+09:00
Attrition Estimate,,,failed,False,2026-08-21T01:20:45.332631+09:00
Attrition Estimator,,,failed,False,2026-08-27T23:56:35.462889+09:00
Attrition Fare,,,failed,False,2026-08-21T02:14:07.166822+09:00
Attrition Fee,140.0,0.0,success,False,2026-08-21T01:57:15.651579+09:00
Attrition Feed,,,failed,False,2026-08-21T01:20:09.112300+09:00
Attrition File,,,failed,False,2026-08-21T01:19:49.395013+09:00
Attrition Fine,,,failed,False,2026-08-23T02:54:23.224881+09:00
Attrition Flow,,,failed,False,2026-08-21T01:23:01.482269+09:00
Attrition Forge,,,failed,False,2026-08-21T01:23:45.473669+09:00
Attrition Form,20.0,6.0,success,False,2026-08-21T01:18:54.031046+09:00
Attrition Format,,,failed,False,2026-08-23T13:07:41.329341+09:00
Attrition Frame,,,failed,False,2026-08-21T01:24:47.056451+09:00
Attrition Fund,,,failed,False,2026-08-21T02:31:03.884559+09:00
Attrition Gate,,,failed,False,2026-08-21T01:26:25.836028+09:00
Attrition Graph,30.0,2.0,success,False,2026-08-27T22:08:21.698192+09:00
Attrition Grid,,,failed,False,2026-08-21T01:24:20.816528+09:00
Attrition Guardian,,,failed,False,2026-08-28T00:26:03.782064+09:00
Attrition Harbor,,,failed,False,2026-08-21T01:35:15.414244+09:00
Attrition Helper,,,failed,False,2026-08-28T00:26:06.768927+09:00
Attrition History,40.0,0.0,success,False,2026-08-21T01:19:45.031880+09:00
Attrition Hub,,,failed,False,2026-08-21T01:23:09.410692+09:00
Attrition Identifier,,,failed,False,2026-08-23T13:07:32.830763+09:00
Attrition Inbox,,,failed,False,2026-08-21T01:17:52.131047+09:00
Attrition Index,30.0,0.0,success,False,2026-08-21T01:20:36.811619+09:00
Attrition Item,,,failed,False,2026-08-21T01:57:21.062358+09:00
Attrition Journal,,,failed,False,2026-08-21T01:16:08.180396+09:00
Attrition Keeper,,,failed,False,2026-08-21T01:26:44.593664+09:00
Attrition Lab,,,failed,False,2026-08-21T01:25:06.636344+09:00
Attrition Label,,,failed,False,2026-08-27T22:08:24.051026+09:00
Attrition Ledger,,,failed,False,2026-08-21T01:24:59.173649+09:00
Attrition Level,27100.0,1.0,success,False,2026-08-21T01:19:54.083744+09:00
Attrition Line,,,failed,False,2026-08-21T01:18:26.670234+09:00
Attrition Link,,,failed,False,2026-08-23T03:19:01.069685+09:00
Attrition List,40.0,0.0,success,False,2026-08-21T01:21:13.489274+09:00
Attrition Loan,,,failed,False,2026-08-21T02:14:13.791830+09:00
Attrition Lobby,,,failed,False,2026-08-21T01:18:16.729979+09:00
Attrition Locator,,,failed,False,2026-08-21T01:16:28.829039+09:00
Attrition Locker,,,failed,False,2026-08-21T01:16:50.383045+09:00
Attrition Log,,,failed,False,2026-08-21T01:18:50.592866+09:00
Attrition Loop,,,failed,False,2026-08-21T01:24:04.926797+09:00
Attrition Manual,,,failed,False,2026-08-27T22:08:26.678137+09:00
Attrition Map,,,failed,False,2026-08-21T01:24:35.885777+09:00
Attrition Margin,,,failed,False,2026-08-23T02:54:19.843201+09:00
Attrition Markup,,,failed,False,2026-08-23T16:37:16.360877+09:00
Attrition Memo,,,failed,False,2026-08-21T01:22:01.103254+09:00
Attrition Message,,,failed,False,2026-08-27T23:13:03.121922+09:00
Attrition Monitor,,,failed,False,2026-08-21T01:15:43.149064+09:00
Attrition Nexus,,,failed,False,2026-08-21T01:26:29.214274+09:00
Attrition Note,,,failed,False,2026-08-21T01:19:23.070915+09:00
Attrition Notification,,,failed,False,2026-08-27T22:47:31.900265+09:00
Attrition Number,40.0,0.0,success,False,2026-08-23T03:18:52.097037+09:00
Attrition Office,,,failed,False,2026-08-21T01:16:42.417120+09:00
Attrition Ops,,,failed,False,2026-08-21T01:15:55.134469+09:00
Attrition Order,,,failed,False,2026-08-21T01:20:51.576504+09:00
Attrition Outpost,,,failed,False,2026-08-21T01:35:15.414244+09:00
Attrition Overage,,,failed,False,2026-08-27T21:46:21.323370+09:00
Attrition Overdue,,,failed,False,2026-08-27T21:46:18.010185+09:00
Attrition Panel,,,failed,False,2026-08-21T01:25:43.368101+09:00
Attrition Pass,,,failed,False,2026-08-21T01:21:39.012967+09:00
Attrition Passport,,,failed,False,2026-08-21T01:18:13.374383+09:00
Attrition Path,,,failed,False,2026-08-21T01:24:27.996006+09:00
Attrition Penalty,20.0,0.0,success,False,2026-08-23T16:37:14.050450+09:00
Attrition Petition,,,failed,False,2026-08-21T01:22:36.440068+09:00
Attrition Plan,70.0,6.0,success,False,2026-08-21T01:57:22.977623+09:00
Attrition Planner,,,failed,False,2026-08-21T01:15:31.943617+09:00
Attrition Playbook,,,failed,False,2026-08-21T01:16:03.338785+09:00
Attrition Plaza,,,failed,False,2026-08-21T01:17:30.839165+09:00
Attrition Point,,,failed,False,2026-08-21T01:24:30.152765+09:00
Attrition Portal,,,failed,False,2026-08-21T01:25:49.214024+09:00
Attrition Post,10.0,0.0,success,False,2026-08-21T01:17:17.039045+09:00
Attrition Profile,,,failed,False,2026-08-21T01:19:29.603335+09:00
Attrition Profit,,,failed,False,2026-08-23T02:54:13.248458+09:00
Attrition Quota,390.0,0.0,success,False,2026-08-21T01:22:03.238360+09:00
Attrition Radar,,,failed,False,2026-08-21T01:35:15.414244+09:00
Attrition Rail,,,failed,False,2026-08-21T01:26:07.605523+09:00
Attrition Rate,27100.0,1.0,success,False,2026-08-21T01:19:57.563871+09:00
Attrition Recap,,,failed,False,2026-08-21T01:22:48.599352+09:00
Attrition Receipt,,,failed,False,2026-08-21T01:21:03.266778+09:00
Attrition Redemption,,,failed,False,2026-08-23T16:37:21.516331+09:00
Attrition Register,,,failed,False,2026-08-21T01:15:52.922484+09:00
Attrition Relay,,,failed,False,2026-08-21T01:23:27.807599+09:00
Attrition Reminder,,,failed,False,2026-08-21T01:20:30.866856+09:00
Attrition Report,320.0,4.0,success,False,2026-08-21T01:18:42.442648+09:00
Attrition Repository,,,failed,False,2026-08-27T23:13:13.331600+09:00
Attrition Ring,10.0,54.0,success,False,2026-08-21T01:26:19.673494+09:00
Attrition Roll,,,failed,False,2026-08-21T01:18:39.603435+09:00
Attrition Roster,,,failed,False,2026-08-21T01:17:46.814722+09:00
Attrition Route,,,failed,False,2026-08-21T01:26:04.709927+09:00
Attrition Rule,,,failed,False,2026-08-23T03:19:05.834960+09:00
Attrition Sale,,,failed,False,2026-08-21T02:21:00.139536+09:00
Attrition Sample,,,failed,False,2026-08-21T01:21:31.170741+09:00
Attrition Scale,,,failed,False,2026-08-21T01:25:58.145790+09:00
Attrition Scope,,,failed,False,2026-08-21T01:24:08.790137+09:00
Attrition Score,20.0,6.0,success,False,2026-08-21T01:19:16.110446+09:00
Attrition Sheet,,,failed,False,2026-08-21T01:19:07.466825+09:00
Attrition Shelf,,,failed,False,2026-08-21T01:17:43.825232+09:00
Attrition Signal,,,failed,False,2026-08-21T01:23:50.887102+09:00
Attrition Slip,,,failed,False,2026-08-21T01:21:25.005948+09:00
Attrition Slot,,,failed,False,2026-08-21T01:21:34.003833+09:00
Attrition Stake,,,failed,False,2026-08-23T02:54:17.672874+09:00
Attrition Statement,,,failed,False,2026-08-21T01:21:56.845957+09:00
Attrition Station,,,failed,False,2026-08-21T01:25:11.979955+09:00
Attrition Status,10.0,0.0,success,False,2026-08-21T01:19:35.649490+09:00
Attrition Stub,,,failed,False,2026-08-21T01:21:51.595086+09:00
Attrition Studio,,,failed,False,2026-08-21T01:25:09.973684+09:00
Attrition Subsidy,,,failed,False,2026-08-23T15:52:59.645505+09:00
Attrition Sum,,,failed,False,2026-08-21T02:30:59.342931+09:00
Attrition Summary,,,failed,False,2026-08-21T01:20:20.986675+09:00
Attrition Tab,,,failed,False,2026-08-21T01:22:09.935224+09:00
Attrition Table,70.0,0.0,success,False,2026-08-21T01:21:21.287654+09:00
Attrition Tag,,,failed,False,2026-08-21T01:19:25.139986+09:00
Attrition Tariff,,,failed,False,2026-08-21T02:38:25.978724+09:00
Attrition Tax,,,failed,False,2026-08-21T02:14:10.459291+09:00
Attrition Terminal,,,failed,False,2026-08-21T01:25:39.259226+09:00
Attrition Ticker,,,failed,False,2026-08-21T01:18:21.687046+09:00
Attrition Ticket,,,failed,False,2026-08-21T01:20:39.645097+09:00
Attrition Timeline,,,failed,False,2026-08-21T01:20:28.588615+09:00
Attrition Toll,,,failed,False,2026-08-21T02:38:16.396053+09:00
Attrition Toolbox,,,failed,False,2026-08-28T00:26:06.768927+09:00
Attrition Total,,,failed,False,2026-08-27T23:13:06.155067+09:00
Attrition Tower,,,failed,False,2026-08-21T01:17:38.451621+09:00
Attrition Tracker,50.0,5.0,success,False,2026-08-21T01:22:58.534719+09:00
Attrition Trail,,,failed,False,2026-08-21T01:26:11.047777+09:00
Attrition Trend,50.0,12.0,success,False,2026-08-28T01:07:55.638643+09:00
Attrition Trial,10.0,0.0,success,False,2026-08-27T21:14:16.452058+09:00
Attrition Unit,,,failed,False,2026-08-21T01:57:25.896991+09:00
Attrition Update,,,failed,False,2026-08-21T01:20:03.244208+09:00
Attrition Value,10.0,0.0,success,False,2026-08-23T02:54:15.524012+09:00
Attrition Vault,,,failed,False,2026-08-21T01:23:30.836605+09:00
Attrition Version,,,failed,False,2026-08-23T03:18:56.291245+09:00
Attrition View,,,failed,False,2026-08-21T01:19:38.759789+09:00
Attrition Voucher,,,failed,False,2026-08-21T01:21:42.147576+09:00
Attrition Watch,,,failed,False,2026-08-21T01:24:06.274325+09:00
Attrition Wave,,,failed,False,2026-08-21T01:24:22.725454+09:00
Attrition Widget,,,failed,False,2026-08-27T23:13:09.078623+09:00
Attrition Window,,,failed,False,2026-08-21T01:18:34.503460+09:00
Attrition Worksheet,,,failed,False,2026-08-27T22:08:28.855798+09:00
Attrition Workshop,,,failed,False,2026-08-28T00:26:01.082990+09:00
Attrition Yard,,,failed,False,2026-08-21T01:17:06.015996+09:00
Attrition Zone,,,failed,False,2026-08-21T01:25:45.514354+09:00
Audience Advisory,70.0,1.0,success,False,2026-08-21T01:03:48.837789+09:00
Audience Allowance,,,failed,False,2026-08-21T02:42:11.511377+09:00
Audience Almanac,,,failed,False,2026-08-18T22:06:03.591349+09:00
Audience Analyzer,30.0,12.0,success,False,2026-08-27T23:57:19.436881+09:00
Audience Anchor,,,failed,False,2026-08-17T21:39:22.624237+09:00
Audience Asset,,,failed,False,2026-08-23T13:47:38.660404+09:00
Audience Assistant,10.0,0.0,success,False,2026-08-17T23:23:41.484558+09:00
Audience Atlas,30.0,11.0,success,False,2026-08-17T20:46:07.350212+09:00
Audience Attribute,,,failed,False,2026-08-23T13:07:53.746009+09:00
Audience Badge,,,failed,False,2026-08-21T00:31:01.051294+09:00
Audience Base,90.0,2.0,success,False,2026-08-17T20:42:59.992193+09:00
Audience Beacon,,,failed,False,2026-08-17T20:32:39.820797+09:00
Audience Blueprint,,,failed,False,2026-08-18T22:05:55.715721+09:00
Audience Board,10.0,0.0,success,False,2026-08-17T20:40:33.502804+09:00
Audience Book,90.0,9.0,success,False,2026-08-19T21:55:49.933305+09:00
Audience Bridge,50.0,16.0,success,False,2026-08-17T21:41:25.564008+09:00
Audience Brief,,,failed,False,2026-08-21T01:03:38.520377+09:00
Audience Bulletin,,,failed,False,2026-08-21T01:03:33.238339+09:00
Audience Calendar,10.0,0.0,success,False,2026-08-19T00:05:18.968119+09:00
Audience Card,40.0,0.0,success,False,2026-08-19T13:27:42.741110+09:00
Audience Cascade,,,failed,False,2026-08-18T07:52:15.038723+09:00
Audience Cash,,,failed,False,2026-08-21T02:26:43.792522+09:00
Audience Cashback,,,failed,False,2026-08-27T21:17:29.346524+09:00
Audience Catalog,,,failed,False,2026-08-19T21:12:35.619378+09:00
Audience Category,50.0,1.0,success,False,2026-08-23T13:07:53.746009+09:00
Audience Center,20.0,2.0,success,False,2026-08-17T20:35:04.556306+09:00
Audience Chain,,,failed,False,2026-08-17T21:33:10.630129+09:00
Audience Charge,,,failed,False,2026-08-21T02:42:02.551252+09:00
Audience Check,50.0,16.0,success,False,2026-08-19T13:28:00.720814+09:00
Audience Checker,50.0,16.0,success,False,2026-08-27T23:57:16.212473+09:00
Audience Checklist,,,failed,False,2026-08-19T21:11:39.725993+09:00
Audience Circular,,,failed,False,2026-08-21T01:03:43.052088+09:00
Audience Cockpit,,,failed,False,2026-08-17T23:13:46.002975+09:00
Audience Code,,,failed,False,2026-08-19T21:55:20.954175+09:00
Audience Codex,,,failed,False,2026-08-18T22:06:23.871734+09:00
Audience Companion,,,failed,False,2026-08-17T23:25:36.258312+09:00
Audience Comparison,10.0,11.0,success,False,2026-08-28T01:07:24.727084+09:00
Audience Compass,,,failed,False,2026-08-17T20:33:43.675774+09:00
Audience Compendium,,,failed,False,2026-08-18T22:06:14.738388+09:00
Audience Confirmation,,,failed,False,2026-08-21T01:03:59.232813+09:00
Audience Console,20.0,14.0,success,False,2026-08-17T20:32:02.325008+09:00
Audience Contribution,,,failed,False,2026-08-23T16:15:22.615283+09:00
Audience Converter,,,failed,False,2026-08-27T23:35:38.281742+09:00
Audience Core,,,failed,False,2026-08-17T20:42:08.223187+09:00
Audience Cost,210.0,0.0,success,False,2026-08-21T02:11:18.638927+09:00
Audience Count,20.0,20.0,success,False,2026-08-27T22:49:29.573658+09:00
Audience Counter,20.0,20.0,success,False,2026-08-18T23:57:31.846586+09:00
Audience Coupon,,,failed,False,2026-08-27T21:17:26.157906+09:00
Audience Dashboard,70.0,9.0,success,False,2026-08-17T23:25:00.626086+09:00
Audience Deal,10.0,21.0,success,False,2026-08-21T01:56:01.200736+09:00
Audience Debt,10.0,0.0,success,False,2026-08-21T02:26:39.495067+09:00
Audience Deck,,,failed,False,2026-08-17T20:39:43.687132+09:00
Audience Depot,10.0,0.0,success,False,2026-08-18T23:57:07.963291+09:00
Audience Desk,,,failed,False,2026-08-17T20:37:28.424048+09:00
Audience Detail,,,failed,False,2026-08-23T03:20:50.654201+09:00
Audience Diagram,10.0,0.0,success,False,2026-08-27T22:12:52.289733+09:00
Audience Dial,,,failed,False,2026-08-18T07:52:53.130004+09:00
Audience Digest,,,failed,False,2026-08-19T20:42:29.664942+09:00
Audience Directory,,,failed,False,2026-08-19T00:05:23.888896+09:00
Audience Discount,,,failed,False,2026-08-23T16:15:17.461758+09:00
Audience Dock,,,failed,False,2026-08-17T21:36:22.095100+09:00
Audience Dossier,,,failed,False,2026-08-21T01:04:02.292645+09:00
Audience Downpayment,,,failed,False,2026-08-27T21:48:33.250783+09:00
Audience Draft,,,failed,False,2026-08-19T20:42:43.732696+09:00
Audience Duty,,,failed,False,2026-08-21T02:42:06.283895+09:00
Audience Engine,40.0,24.0,success,False,2026-08-17T23:10:31.513884+09:00
Audience Entry,,,failed,False,2026-08-21T01:04:20.278964+09:00
Audience Estimate,,,failed,False,2026-08-19T21:12:26.316955+09:00
Audience Estimator,,,failed,False,2026-08-27T23:57:12.985174+09:00
Audience Excerpt,,,failed,False,2026-08-21T01:04:13.537026+09:00
Audience Extension,90.0,11.0,success,False,2026-08-23T16:39:28.081272+09:00
Audience Fare,,,failed,False,2026-08-21T02:11:27.429616+09:00
Audience Fee,,,failed,False,2026-08-21T01:55:51.234317+09:00
Audience Feed,10.0,0.0,success,False,2026-08-19T20:42:34.910732+09:00
Audience File,,,failed,False,2026-08-19T20:42:03.452660+09:00
Audience Finder,140.0,37.0,success,False,2026-08-18T23:52:29.838132+09:00
Audience Fine,,,failed,False,2026-08-23T02:56:14.910502+09:00
Audience Flag,,,failed,False,2026-08-21T00:31:47.591094+09:00
Audience Flow,70.0,5.0,success,False,2026-08-17T20:40:10.157299+09:00
Audience Forge,,,failed,False,2026-08-18T07:52:03.741881+09:00
Audience Form,10.0,14.0,success,False,2026-08-19T13:27:27.071698+09:00
Audience Format,,,failed,False,2026-08-23T13:07:59.189669+09:00
Audience Frame,,,failed,False,2026-08-17T20:43:56.267353+09:00
Audience Fund,,,failed,False,2026-08-21T02:26:41.708739+09:00
Audience Gate,,,failed,False,2026-08-17T20:48:37.567206+09:00
Audience Generator,20.0,39.0,success,False,2026-08-27T23:35:38.281742+09:00
Audience Giveaway,10.0,29.0,success,False,2026-08-27T21:17:34.468079+09:00
Audience Grade,,,failed,False,2026-08-21T00:31:26.827984+09:00
Audience Graph,40.0,11.0,success,False,2026-08-27T22:12:43.537947+09:00
Audience Grid,,,failed,False,2026-08-17T21:33:37.652467+09:00
Audience Guarantee,10.0,9.0,success,False,2026-08-28T01:07:30.106939+09:00
Audience Guard,,,failed,False,2026-08-17T20:42:32.290659+09:00
Audience Guardian,,,failed,False,2026-08-28T00:26:17.382290+09:00
Audience Guidebook,,,failed,False,2026-08-18T22:05:38.221943+09:00
Audience Helper,,,failed,False,2026-08-28T00:26:20.204001+09:00
Audience History,,,failed,False,2026-08-19T20:41:54.948325+09:00
Audience Hotline,,,failed,False,2026-08-19T21:12:45.437785+09:00
Audience Hub,30.0,22.0,success,False,2026-08-17T20:39:17.196343+09:00
Audience Identifier,10.0,27.0,success,False,2026-08-23T13:07:51.086484+09:00
Audience Incentive,,,failed,False,2026-08-27T21:17:34.468079+09:00
Audience Index,10.0,0.0,success,False,2026-08-19T21:11:50.782037+09:00
Audience Insight,1900.0,30.0,success,False,2026-08-17T23:06:45.787789+09:00
Audience Installment,,,failed,False,2026-08-23T16:15:20.225326+09:00
Audience Interest,260.0,2.0,success,False,2026-08-23T13:47:38.660404+09:00
Audience Item,,,failed,False,2026-08-21T01:55:54.849778+09:00
Audience Journal,20.0,0.0,success,False,2026-08-18T22:05:19.741515+09:00
Audience Keeper,,,failed,False,2026-08-17T20:44:20.013961+09:00
Audience Kit,,,failed,False,2026-08-27T22:49:26.070118+09:00
Audience Lab,1000.0,47.0,success,False,2026-08-17T20:37:59.877456+09:00
Audience Label,,,failed,False,2026-08-27T22:12:46.306034+09:00
Audience Ledger,,,failed,False,2026-08-17T20:41:17.748242+09:00
Audience Lens,10.0,4.0,success,False,2026-08-17T20:44:38.858684+09:00
Audience Level,10.0,0.0,success,False,2026-08-19T20:42:09.827682+09:00
Audience Link,40.0,5.0,success,False,2026-08-23T03:20:42.703424+09:00
Audience List,50.0,6.0,success,False,2026-08-19T21:55:28.451912+09:00
Audience Loan,,,failed,False,2026-08-21T02:11:34.732367+09:00
Audience Locator,,,failed,False,2026-08-19T00:05:29.382308+09:00
Audience Lock,,,failed,False,2026-08-17T20:46:46.837602+09:00
Audience Log,,,failed,False,2026-08-19T13:27:09.579518+09:00
Audience Loop,40.0,0.0,success,False,2026-08-17T21:34:42.632014+09:00
Audience Manager,390.0,15.0,success,False,2026-08-17T20:43:26.313536+09:00
Audience Map,390.0,10.0,success,False,2026-08-17T20:45:45.792269+09:00
Audience Margin,,,failed,False,2026-08-23T02:56:12.259379+09:00
Audience Markup,,,failed,False,2026-08-23T16:39:23.209795+09:00
Audience Memo,,,failed,False,2026-08-21T00:31:34.132172+09:00
Audience Message,,,failed,False,2026-08-27T23:14:49.427940+09:00
Audience Meter,110.0,0.0,success,False,2026-08-17T21:40:47.686331+09:00
Audience Metrics,70.0,5.0,success,False,2026-08-17T23:24:44.637673+09:00
Audience Monitor,,,failed,False,2026-08-17T23:24:19.906640+09:00
Audience Navigator,,,failed,False,2026-08-17T23:08:30.361207+09:00
Audience Nexus,,,failed,False,2026-08-17T20:47:19.659128+09:00
Audience Node,,,failed,False,2026-08-17T21:30:53.341117+09:00
Audience Note,,,failed,False,2026-08-19T13:28:15.783876+09:00
Audience Notification,,,failed,False,2026-08-27T22:49:17.563475+09:00
Audience Number,70.0,1.0,success,False,2026-08-23T03:20:32.320134+09:00
Audience Office,10.0,0.0,success,False,2026-08-18T23:57:18.728861+09:00
Audience Ops,30.0,2.0,success,False,2026-08-17T23:25:53.472363+09:00
Audience Order,,,failed,False,2026-08-19T21:54:48.895899+09:00
Audience Organizer,,,failed,False,2026-08-17T23:12:05.919804+09:00
Audience Outline,30.0,0.0,success,False,2026-08-27T22:29:07.164636+09:00
Audience Overage,,,failed,False,2026-08-27T21:48:30.689545+09:00
Audience Overdue,,,failed,False,2026-08-27T21:48:25.630641+09:00
Audience Panel,70.0,6.0,success,False,2026-08-18T07:52:44.350821+09:00
Audience Pass,10.0,0.0,success,False,2026-08-21T00:30:49.324092+09:00
Audience Path,70.0,15.0,success,False,2026-08-17T21:30:22.425092+09:00
Audience Payoff,,,failed,False,2026-08-27T21:48:28.268054+09:00
Audience Penalty,,,failed,False,2026-08-23T16:39:23.209795+09:00
Audience Petition,,,failed,False,2026-08-21T01:03:53.377990+09:00
Audience Pilot,40.0,0.0,success,False,2026-08-17T20:38:21.061174+09:00
Audience Plan,110.0,7.0,success,False,2026-08-21T01:55:59.445411+09:00
Audience Planner,110.0,7.0,success,False,2026-08-17T23:04:50.362686+09:00
Audience Playbook,20.0,27.0,success,False,2026-08-18T22:05:11.798475+09:00
Audience Point,70.0,4.0,success,False,2026-08-17T20:48:02.919436+09:00
Audience Portal,20.0,7.0,success,False,2026-08-17T20:33:10.817795+09:00
Audience Preview,,,failed,False,2026-08-28T01:07:24.727084+09:00
Audience Profile,1300.0,7.0,success,False,2026-08-19T13:28:36.830433+09:00
Audience Profit,,,failed,False,2026-08-23T02:56:00.191983+09:00
Audience Proposal,,,failed,False,2026-08-28T01:07:27.619930+09:00
Audience Pulse,50.0,2.0,success,False,2026-08-17T21:32:40.946824+09:00
Audience Queue,,,failed,False,2026-08-19T21:12:12.315865+09:00
Audience Quota,,,failed,False,2026-08-21T00:31:38.357083+09:00
Audience Radar,,,failed,False,2026-08-17T20:36:28.708934+09:00
Audience Rail,,,failed,False,2026-08-17T21:35:16.200596+09:00
Audience Rate,260.0,0.0,success,False,2026-08-19T20:42:17.170868+09:00
Audience Recap,,,failed,False,2026-08-21T01:04:08.971472+09:00
Audience Receipt,,,failed,False,2026-08-19T21:55:12.102159+09:00
Audience Register,,,failed,False,2026-08-17T23:15:22.052615+09:00
Audience Registry,,,failed,False,2026-08-18T22:05:47.884963+09:00
Audience Relay,,,failed,False,2026-08-17T20:35:35.063549+09:00
Audience Reminder,,,failed,False,2026-08-19T21:11:27.369189+09:00
Audience Report,320.0,5.0,success,False,2026-08-19T13:27:04.208602+09:00
Audience Repository,,,failed,False,2026-08-27T23:14:55.579423+09:00
Audience Roadmap,,,failed,False,2026-08-18T22:06:31.917725+09:00
Audience Roster,,,failed,False,2026-08-19T00:37:06.709542+09:00
Audience Route,,,failed,False,2026-08-17T21:37:24.355362+09:00
Audience Rule,,,failed,False,2026-08-23T03:20:46.771409+09:00
Audience Sale,,,failed,False,2026-08-21T02:26:53.610271+09:00
Audience Sample,20.0,0.0,success,False,2026-08-19T21:56:11.493537+09:00
Audience Scale,10.0,13.0,success,False,2026-08-17T21:38:32.905021+09:00
Audience Scheduler,,,failed,False,2026-08-17T23:24:01.156266+09:00
Audience Scope,20.0,1.0,success,False,2026-08-17T21:35:46.466784+09:00
Audience Score,390.0,0.0,success,False,2026-08-19T13:28:08.778125+09:00
Audience Sentry,,,failed,False,2026-08-17T20:45:18.923986+09:00
Audience Sheet,,,failed,False,2026-08-19T13:27:53.720083+09:00
Audience Shortfall,,,failed,False,2026-08-27T21:48:35.689301+09:00
Audience Signal,70.0,10.0,success,False,2026-08-17T21:38:00.601683+09:00
Audience Slip,,,failed,False,2026-08-19T21:55:57.867275+09:00
Audience Slot,,,failed,False,2026-08-19T21:56:23.940159+09:00
Audience Snapshot,20.0,2.0,success,False,2026-08-18T22:05:30.177500+09:00
Audience Stake,,,failed,False,2026-08-23T02:56:08.739557+09:00
Audience Statement,30.0,0.0,success,False,2026-08-21T00:31:12.375379+09:00
Audience Station,,,failed,False,2026-08-17T20:37:00.325562+09:00
Audience Status,10.0,0.0,success,False,2026-08-19T20:41:40.323358+09:00
Audience Stipend,,,failed,False,2026-08-23T13:47:40.781383+09:00
Audience Stub,,,failed,False,2026-08-21T00:31:07.825329+09:00
Audience Studio,140.0,3.0,success,False,2026-08-17T20:38:48.292759+09:00
Audience Suite,,,failed,False,2026-08-17T23:23:24.651550+09:00
Audience Sum,,,failed,False,2026-08-21T02:26:36.939016+09:00
Audience Summary,,,failed,False,2026-08-19T21:11:07.162763+09:00
Audience Sync,50.0,23.0,success,False,2026-08-17T20:40:53.994191+09:00
Audience Tab,30.0,9.0,success,False,2026-08-21T00:31:52.807063+09:00
Audience Table,20.0,0.0,success,False,2026-08-19T21:55:41.048712+09:00
Audience Tag,10.0,5.0,success,False,2026-08-19T13:28:26.877196+09:00
Audience Tally,,,failed,False,2026-08-21T00:31:17.519824+09:00
Audience Tariff,,,failed,False,2026-08-21T02:42:16.992307+09:00
Audience Tax,,,failed,False,2026-08-21T02:11:30.479876+09:00
Audience Ticket,880.0,0.0,success,False,2026-08-19T21:12:02.105513+09:00
Audience Tier,,,failed,False,2026-08-28T00:48:11.249121+09:00
Audience Timeline,,,failed,False,2026-08-19T21:11:17.911454+09:00
Audience Toll,,,failed,False,2026-08-21T02:42:09.091272+09:00
Audience Toolbox,,,failed,False,2026-08-28T00:26:20.204001+09:00
Audience Toolkit,10.0,10.0,success,False,2026-08-18T22:05:00.347281+09:00
Audience Total,110.0,0.0,success,False,2026-08-27T23:14:49.427940+09:00
Audience Tracker,140.0,24.0,success,False,2026-08-17T20:41:47.517366+09:00
Audience Trail,,,failed,False,2026-08-17T21:34:12.134068+09:00
Audience Trend,,,failed,False,2026-08-28T01:07:22.099845+09:00
Audience Trial,20.0,0.0,success,False,2026-08-27T21:17:31.626510+09:00
Audience Unit,,,failed,False,2026-08-21T01:55:57.374575+09:00
Audience Update,,,failed,False,2026-08-19T20:42:21.972075+09:00
Audience Value,50.0,0.0,success,False,2026-08-23T02:56:06.421775+09:00
Audience Vault,,,failed,False,2026-08-17T20:34:36.732015+09:00
Audience Version,,,failed,False,2026-08-23T03:20:39.175053+09:00
Audience View,2900.0,15.0,success,False,2026-08-19T20:41:45.467674+09:00
Audience Voucher,,,failed,False,2026-08-21T00:30:55.600635+09:00
Audience Watch,110.0,0.0,success,False,2026-08-17T21:36:50.527973+09:00
Audience Wave,40.0,0.0,success,False,2026-08-17T21:31:30.369012+09:00
Audience Widget,,,failed,False,2026-08-27T23:14:52.026245+09:00
Audience Workbench,,,failed,False,2026-08-18T22:04:51.222507+09:00
Audience Worksheet,20.0,0.0,success,False,2026-08-27T22:12:52.289733+09:00
Audience Workshop,,,failed,False,2026-08-28T00:26:17.382290+09:00
Audience Zone,10.0,0.0,success,False,2026-08-17T20:34:11.615000+09:00
Audit Advance,20.0,21.0,success,False,2026-08-23T16:11:49.502531+09:00
Audit Advisory,260.0,10.0,success,False,2026-08-21T01:00:11.561504+09:00
Audit Allowance,10.0,0.0,success,False,2026-08-21T02:38:57.143403+09:00
Audit Almanac,,,failed,False,2026-08-18T22:04:12.568895+09:00
Audit Analyzer,10.0,0.0,success,False,2026-08-27T23:51:10.379112+09:00
Audit Anchor,,,failed,False,2026-08-17T21:32:53.372558+09:00
Audit Announcement,30.0,0.0,success,False,2026-08-27T23:33:53.153275+09:00
Audit Arrears,,,failed,False,2026-08-23T16:11:49.502531+09:00
Audit Asset,390.0,4.0,success,False,2026-08-23T13:45:24.772737+09:00
Audit Assistant,2400.0,4.0,success,False,2026-08-17T23:11:00.543955+09:00
Audit Atlas,140.0,2.0,success,False,2026-08-17T20:41:06.345123+09:00
Audit Badge,,,failed,False,2026-08-21T00:28:42.115555+09:00
Audit Balance,70.0,1.0,success,False,2026-08-23T13:45:20.654502+09:00
Audit Base,50.0,17.0,success,False,2026-08-17T20:38:07.696860+09:00
Audit Beacon,30.0,4.0,success,False,2026-08-17T20:32:14.147491+09:00
Audit Bill,70.0,1.0,success,False,2026-08-19T21:46:33.632095+09:00
Audit Blueprint,10.0,5.0,success,False,2026-08-18T22:04:03.001846+09:00
Audit Board,14800.0,55.0,success,False,2026-08-17T20:35:15.216607+09:00
Audit Book,1600.0,49.0,success,False,2026-08-19T21:47:38.670449+09:00
Audit Bridge,,,failed,False,2026-08-17T21:33:53.413747+09:00
Audit Brief,20.0,2.0,success,False,2026-08-21T01:00:04.597458+09:00
Audit Bulletin,10.0,0.0,success,False,2026-08-21T00:59:58.992040+09:00
Audit Cabinet,40.0,15.0,success,False,2026-08-27T23:12:13.072454+09:00
Audit Calculator,90.0,2.0,success,False,2026-08-27T23:33:58.782801+09:00
Audit Calendar,170.0,1.0,success,False,2026-08-18T23:57:26.188855+09:00
Audit Card,140.0,0.0,success,False,2026-08-19T13:26:59.554690+09:00
Audit Cascade,,,failed,False,2026-08-18T07:43:30.092641+09:00
Audit Cash,480.0,1.0,success,False,2026-08-21T02:22:51.042353+09:00
Audit Catalog,,,failed,False,2026-08-19T21:17:49.852730+09:00
Audit Center,90.0,4.0,success,False,2026-08-17T20:34:46.285590+09:00
Audit Chain,20.0,2.0,success,False,2026-08-17T20:45:28.437462+09:00
Audit Charge,110.0,2.0,success,False,2026-08-21T02:38:47.806400+09:00
Audit Check,720.0,4.0,success,False,2026-08-19T13:27:18.608287+09:00
Audit Checker,720.0,4.0,success,False,2026-08-27T23:51:00.030552+09:00
Audit Checklist,1900.0,4.0,success,False,2026-08-19T21:16:57.743794+09:00
Audit Circular,480.0,0.0,success,False,2026-08-21T01:02:10.080773+09:00
Audit Cockpit,,,failed,False,2026-08-17T23:03:41.404316+09:00
Audit Code,880.0,21.0,success,False,2026-08-19T21:46:54.129984+09:00
Audit Codex,10.0,2.0,success,False,2026-08-18T22:04:34.092675+09:00
Audit Companion,,,failed,False,2026-08-17T23:09:00.584407+09:00
Audit Comparison,,,failed,False,2026-08-28T01:03:11.397241+09:00
Audit Compass,20.0,21.0,success,False,2026-08-17T20:33:27.108642+09:00
Audit Compendium,,,failed,False,2026-08-18T22:04:25.779407+09:00
Audit Confirmation,720.0,3.0,success,False,2026-08-21T00:58:27.692575+09:00
Audit Console,10.0,17.0,success,False,2026-08-17T20:31:44.848533+09:00
Audit Core,210.0,8.0,success,False,2026-08-17T20:37:11.919122+09:00
Audit Cost,210.0,11.0,success,False,2026-08-21T02:07:24.034599+09:00
Audit Count,30.0,0.0,success,False,2026-08-27T22:46:56.250105+09:00
Audit Counter,,,failed,False,2026-08-18T23:58:23.364762+09:00
Audit Dashboard,880.0,15.0,success,False,2026-08-17T23:14:16.588426+09:00
Audit Deal,10.0,11.0,success,False,2026-08-21T01:51:12.065747+09:00
Audit Debt,,,failed,False,2026-08-21T02:22:40.576459+09:00
Audit Deck,,,failed,False,2026-08-17T20:34:19.305897+09:00
Audit Depot,,,failed,False,2026-08-18T23:58:04.745440+09:00
Audit Desk,2400.0,0.0,success,True,2026-08-17T20:31:38.107939+09:00
Audit Detail,,,failed,False,2026-08-23T03:18:25.372913+09:00
Audit Detector,,,failed,False,2026-08-27T23:51:07.494975+09:00
Audit Diagram,110.0,2.0,success,False,2026-08-27T22:08:41.770881+09:00
Audit Dial,,,failed,False,2026-08-17T21:34:26.372304+09:00
Audit Digest,,,failed,False,2026-08-19T20:43:57.147560+09:00
Audit Directory,10.0,19.0,success,False,2026-08-18T23:57:35.193051+09:00
Audit Discount,,,failed,False,2026-08-23T16:11:44.096297+09:00
Audit Dock,,,failed,False,2026-08-17T21:30:00.229933+09:00
Audit Dossier,30.0,1.0,success,False,2026-08-21T00:58:32.149871+09:00
Audit Draft,20.0,3.0,success,False,2026-08-19T20:44:12.620754+09:00
Audit Due,10.0,0.0,success,False,2026-08-23T15:50:23.768923+09:00
Audit Duty,1300.0,0.0,success,True,2026-08-21T02:38:51.441238+09:00
Audit Engine,20.0,13.0,success,False,2026-08-17T23:12:55.157000+09:00
Audit Entry,40.0,0.0,success,False,2026-08-21T00:58:44.836971+09:00
Audit Estimate,,,failed,False,2026-08-19T21:17:42.432873+09:00
Audit Estimator,,,failed,False,2026-08-27T23:51:00.030552+09:00
Audit Excerpt,,,failed,False,2026-08-21T00:58:40.847726+09:00
Audit Extension,390.0,0.0,success,False,2026-08-23T16:37:37.262949+09:00
Audit Fare,,,failed,False,2026-08-21T02:07:34.217644+09:00
Audit Fee,1900.0,4.0,success,False,2026-08-21T01:50:51.985309+09:00
Audit Feed,,,failed,False,2026-08-19T20:44:03.742658+09:00
Audit File,1900.0,15.0,success,False,2026-08-19T20:43:33.378176+09:00
Audit Finder,10.0,18.0,success,False,2026-08-18T23:57:53.791592+09:00
Audit Fine,40.0,0.0,success,False,2026-08-23T02:54:23.224881+09:00
Audit Flag,40.0,0.0,success,False,2026-08-21T00:29:30.583044+09:00
Audit Flow,90.0,14.0,success,False,2026-08-17T20:34:44.892914+09:00
Audit Forge,20.0,1.0,success,False,2026-08-18T07:43:28.535953+09:00
Audit Form,1600.0,3.0,success,False,2026-08-19T13:26:18.300818+09:00
Audit Frame,40.0,0.0,success,False,2026-08-17T20:39:04.557611+09:00
Audit Fund,390.0,6.0,success,False,2026-08-21T02:22:45.760304+09:00
Audit Gate,,,failed,False,2026-08-17T20:42:43.172174+09:00
Audit Generator,10.0,55.0,success,False,2026-08-27T23:34:03.746516+09:00
Audit Grade,,,failed,False,2026-08-21T00:29:10.279905+09:00
Audit Graph,20.0,4.0,success,False,2026-08-27T22:08:28.855798+09:00
Audit Grid,30.0,5.0,success,False,2026-08-17T20:45:52.903104+09:00
Audit Guarantee,,,failed,False,2026-08-28T01:03:16.681055+09:00
Audit Guard,30.0,8.0,success,False,2026-08-17T20:37:39.748297+09:00
Audit Guardian,,,failed,False,2026-08-28T00:21:38.214311+09:00
Audit Guidebook,,,failed,False,2026-08-18T22:03:32.090956+09:00
Audit Helpdesk,,,failed,False,2026-08-27T22:46:59.897454+09:00
Audit Helper,40.0,8.0,success,False,2026-08-28T00:21:43.222424+09:00
Audit History,390.0,0.0,success,False,2026-08-19T20:43:22.271749+09:00
Audit Hotline,,,failed,False,2026-08-19T21:17:57.500423+09:00
Audit Hub,140.0,3.0,success,False,2026-08-17T20:33:54.236742+09:00
Audit Identifier,,,failed,False,2026-08-23T13:06:54.038616+09:00
Audit Index,70.0,0.0,success,False,2026-08-19T21:17:11.439811+09:00
Audit Insight,320.0,9.0,success,False,2026-08-17T23:09:22.045461+09:00
Audit Installment,,,failed,False,2026-08-23T16:11:46.377478+09:00
Audit Item,90.0,0.0,success,False,2026-08-21T01:50:46.788824+09:00
Audit Journal,210.0,0.0,success,False,2026-08-18T22:03:07.731550+09:00
Audit Keeper,,,failed,False,2026-08-17T20:39:25.387216+09:00
Audit Kit,40.0,4.0,success,False,2026-08-27T22:46:50.983424+09:00
Audit Lab,170.0,3.0,success,False,2026-08-17T20:32:12.868338+09:00
Audit Label,20.0,22.0,success,False,2026-08-27T22:08:28.855798+09:00
Audit Ledger,50.0,0.0,success,False,2026-08-17T20:36:12.301778+09:00
Audit Lens,30.0,6.0,success,False,2026-08-17T20:39:54.147287+09:00
Audit Level,210.0,1.0,success,False,2026-08-19T20:43:39.981777+09:00
Audit Link,90.0,6.0,success,False,2026-08-23T03:18:18.334398+09:00
Audit List,480.0,2.0,success,False,2026-08-19T21:47:08.663103+09:00
Audit Loan,90.0,3.0,success,False,2026-08-21T02:07:41.553019+09:00
Audit Locator,,,failed,False,2026-08-18T23:57:42.935137+09:00
Audit Lock,40.0,16.0,success,False,2026-08-17T20:41:27.066117+09:00
Audit Log,9900.0,4.0,success,False,2026-08-19T13:26:10.178451+09:00
Audit Loop,50.0,5.0,success,False,2026-08-17T20:46:56.962156+09:00
Audit Manager,4400.0,4.0,success,False,2026-08-17T20:38:32.473394+09:00
Audit Manual,720.0,2.0,success,False,2026-08-27T22:08:33.849782+09:00
Audit Map,210.0,1.0,success,False,2026-08-17T20:40:44.017242+09:00
Audit Margin,,,failed,False,2026-08-23T02:54:19.843201+09:00
Audit Marker,,,failed,False,2026-08-23T13:27:43.093757+09:00
Audit Memo,390.0,1.0,success,False,2026-08-21T00:29:15.711468+09:00
Audit Message,50.0,6.0,success,False,2026-08-27T23:12:08.197632+09:00
Audit Meter,10.0,0.0,success,False,2026-08-17T21:33:22.663564+09:00
Audit Metrics,30.0,1.0,success,False,2026-08-17T23:07:22.346415+09:00
Audit Monitor,260.0,5.0,success,False,2026-08-17T23:12:33.022666+09:00
Audit Navigator,10.0,7.0,success,False,2026-08-17T23:10:58.652260+09:00
Audit Nexus,20.0,3.0,success,False,2026-08-17T20:41:55.751231+09:00
Audit Node,10.0,0.0,success,False,2026-08-17T20:43:36.337910+09:00
Audit Note,720.0,8.0,success,False,2026-08-19T13:27:45.503275+09:00
Audit Notification,70.0,1.0,success,False,2026-08-27T22:46:48.643972+09:00
Audit Number,590.0,1.0,success,False,2026-08-23T03:18:09.441113+09:00
Audit Office,5400.0,1.0,success,False,2026-08-18T23:58:15.272323+09:00
Audit Ops,1900.0,3.0,success,False,2026-08-17T22:49:21.662634+09:00
Audit Order,50.0,0.0,success,False,2026-08-19T21:46:20.188818+09:00
Audit Organizer,,,failed,False,2026-08-17T23:14:31.375028+09:00
Audit Overdue,,,failed,False,2026-08-27T21:46:21.323370+09:00
Audit Panel,70.0,1.0,success,False,2026-08-18T07:52:20.987077+09:00
Audit Pass,170.0,1.0,success,False,2026-08-21T00:28:26.135871+09:00
Audit Path,40.0,3.0,success,False,2026-08-17T20:43:09.097865+09:00
Audit Penalty,170.0,0.0,success,False,2026-08-23T16:37:34.255373+09:00
Audit Petition,10.0,0.0,success,False,2026-08-21T00:58:22.319025+09:00
Audit Pilot,90.0,14.0,success,False,2026-08-17T20:32:49.512310+09:00
Audit Plan,4400.0,3.0,success,False,2026-08-21T01:51:06.981175+09:00
Audit Planner,4400.0,3.0,success,False,2026-08-17T23:07:36.976637+09:00
Audit Playbook,20.0,19.0,success,False,2026-08-18T22:02:59.013018+09:00
Audit Point,390.0,5.0,success,False,2026-08-17T20:42:15.711128+09:00
Audit Portal,320.0,2.0,success,False,2026-08-17T20:32:53.240136+09:00
Audit Preview,,,failed,False,2026-08-28T01:03:14.001062+09:00
Audit Profile,90.0,0.0,success,False,2026-08-19T13:28:03.494645+09:00
Audit Profit,10.0,0.0,success,False,2026-08-23T02:54:13.248458+09:00
Audit Proposal,260.0,4.0,success,False,2026-08-28T01:03:14.001062+09:00
Audit Pulse,50.0,1.0,success,False,2026-08-17T20:44:54.516764+09:00
Audit Queue,10.0,5.0,success,False,2026-08-19T21:17:31.409694+09:00
Audit Quota,,,failed,False,2026-08-21T00:29:24.926650+09:00
Audit Radar,,,failed,False,2026-08-18T07:43:31.933030+09:00
Audit Rail,50.0,0.0,success,False,2026-08-17T20:47:35.936558+09:00
Audit Rate,70.0,0.0,success,False,2026-08-19T20:43:44.541784+09:00
Audit Recap,,,failed,False,2026-08-21T00:59:26.114490+09:00
Audit Receipt,30.0,0.0,success,False,2026-08-19T21:46:42.037661+09:00
Audit Recorder,,,failed,False,2026-08-27T23:34:03.746516+09:00
Audit Register,590.0,2.0,success,False,2026-08-17T23:05:24.872109+09:00
Audit Registry,590.0,2.0,success,False,2026-08-18T22:03:51.381490+09:00
Audit Relay,,,failed,False,2026-08-17T20:35:16.626138+09:00
Audit Reminder,,,failed,False,2026-08-19T21:16:45.147013+09:00
Audit Report,18100.0,4.0,success,False,2026-08-19T13:26:03.914310+09:00
Audit Repository,20.0,5.0,success,False,2026-08-27T23:12:15.769681+09:00
Audit Result,390.0,1.0,success,False,2026-08-28T00:46:09.802311+09:00
Audit Roadmap,30.0,6.0,success,False,2026-08-18T22:04:44.992531+09:00
Audit Roster,,,failed,False,2026-08-19T00:38:13.320545+09:00
Audit Route,,,failed,False,2026-08-17T21:31:05.600589+09:00
Audit Rule,390.0,1.0,success,False,2026-08-23T03:18:21.895981+09:00
Audit Sale,590.0,4.0,success,False,2026-08-21T02:22:54.942838+09:00
Audit Sample,1600.0,1.0,success,False,2026-08-19T21:48:04.651670+09:00
Audit Scale,720.0,1.0,success,False,2026-08-17T21:32:17.170130+09:00
Audit Scheduler,720.0,2.0,success,False,2026-08-17T23:05:27.218902+09:00
Audit Scope,1900.0,1.0,success,False,2026-08-17T20:48:15.314618+09:00
Audit Score,2400.0,2.0,success,False,2026-08-19T13:27:35.770715+09:00
Audit Sentry,10.0,0.0,success,False,2026-08-17T20:40:20.065990+09:00
Audit Serial,,,failed,False,2026-08-23T13:27:36.728702+09:00
Audit Sheet,480.0,4.0,success,False,2026-08-19T13:27:07.663216+09:00
Audit Signal,,,failed,False,2026-08-17T21:31:41.054400+09:00
Audit Signature,90.0,0.0,success,False,2026-08-23T13:27:40.734961+09:00
Audit Slip,10.0,0.0,success,False,2026-08-19T21:47:49.967174+09:00
Audit Slot,,,failed,False,2026-08-19T21:48:17.560358+09:00
Audit Snapshot,,,failed,False,2026-08-18T22:03:18.976552+09:00
Audit Stage,1300.0,7.0,success,False,2026-08-28T00:46:09.802311+09:00
Audit Stake,,,failed,False,2026-08-23T02:54:17.672874+09:00
Audit Stamp,170.0,11.0,success,False,2026-08-23T13:27:43.093757+09:00
Audit Statement,320.0,2.0,success,False,2026-08-21T00:28:56.685784+09:00
Audit Station,210.0,3.0,success,False,2026-08-18T07:52:08.139884+09:00
Audit Status,140.0,0.0,success,False,2026-08-19T20:43:08.672141+09:00
Audit Stub,,,failed,False,2026-08-21T00:28:49.114338+09:00
Audit Studio,30.0,0.0,success,False,2026-08-17T20:33:23.313632+09:00
Audit Suite,20.0,39.0,success,False,2026-08-17T23:03:43.392480+09:00
Audit Sum,90.0,1.0,success,False,2026-08-21T02:22:35.993251+09:00
Audit Summary,210.0,1.0,success,False,2026-08-19T21:16:19.911294+09:00
Audit Sync,,,failed,False,2026-08-17T20:35:45.912195+09:00
Audit Tab,70.0,1.0,success,False,2026-08-21T00:29:39.530878+09:00
Audit Table,480.0,0.0,success,False,2026-08-19T21:47:24.408619+09:00
Audit Tag,50.0,47.0,success,False,2026-08-19T13:27:56.460670+09:00
Audit Tariff,,,failed,False,2026-08-21T02:39:01.824838+09:00
Audit Tax,12100.0,4.0,success,False,2026-08-21T02:07:37.270032+09:00
Audit Ticket,,,failed,False,2026-08-19T21:17:21.944279+09:00
Audit Timeline,170.0,1.0,success,False,2026-08-19T21:16:32.174515+09:00
Audit Timer,,,failed,False,2026-08-28T00:21:32.683664+09:00
Audit Token,30.0,1.0,success,False,2026-08-23T13:27:40.734961+09:00
Audit Toll,,,failed,False,2026-08-21T02:38:54.796216+09:00
Audit Toolbox,,,failed,False,2026-08-28T00:21:40.685047+09:00
Audit Toolkit,30.0,26.0,success,False,2026-08-18T22:02:48.638128+09:00
Audit Total,30.0,0.0,success,False,2026-08-27T23:12:08.197632+09:00
Audit Tracker,480.0,14.0,success,False,2026-08-17T20:36:40.845127+09:00
Audit Trail,22200.0,2.0,success,False,2026-08-17T20:46:20.020027+09:00
Audit Trend,10.0,0.0,success,False,2026-08-28T01:03:11.397241+09:00
Audit Trial,22200.0,2.0,success,False,2026-08-27T21:14:25.842421+09:00
Audit Unit,70.0,2.0,success,False,2026-08-21T01:51:00.424955+09:00
Audit Update,50.0,1.0,success,False,2026-08-19T20:43:52.054689+09:00
Audit Value,90.0,2.0,success,False,2026-08-23T02:54:15.524012+09:00
Audit Vault,140.0,10.0,success,False,2026-08-17T20:34:22.385109+09:00
Audit Version,,,failed,False,2026-08-23T03:18:14.803596+09:00
Audit View,20.0,0.0,success,False,2026-08-19T20:43:16.240040+09:00
Audit Voucher,1600.0,0.0,success,True,2026-08-21T00:28:35.603528+09:00
Audit Watch,90.0,14.0,success,False,2026-08-17T21:30:33.048254+09:00
Audit Wave,,,failed,False,2026-08-17T20:44:06.631034+09:00
Audit Widget,,,failed,False,2026-08-27T23:12:13.072454+09:00
Audit Workbench,90.0,19.0,success,False,2026-08-18T22:02:38.118746+09:00
Audit Worksheet,90.0,1.0,success,False,2026-08-27T22:08:36.718327+09:00
Audit Workshop,90.0,17.0,success,False,2026-08-28T00:21:35.352628+09:00
Audit Zone,50.0,0.0,success,False,2026-08-17T20:33:56.397010+09:00
Backdrop Advance,,,failed,False,2026-08-23T16:12:01.471109+09:00
Backdrop Advisory,,,failed,False,2026-08-21T01:03:30.050919+09:00
Backdrop Allowance,,,failed,False,2026-08-21T02:43:47.739499+09:00
Backdrop Analyzer,,,failed,False,2026-08-27T23:54:55.608336+09:00
Backdrop Arrears,,,failed,False,2026-08-23T16:11:58.973572+09:00
Backdrop Asset,,,failed,False,2026-08-23T13:45:27.370408+09:00
Backdrop Assistant,,,failed,False,2026-08-19T12:26:57.441352+09:00
Backdrop Atlas,,,failed,False,2026-08-19T12:26:47.247206+09:00
Backdrop Attribute,,,failed,False,2026-08-23T13:09:58.883939+09:00
Backdrop Badge,,,failed,False,2026-08-21T00:29:15.711468+09:00
Backdrop Base,90.0,100.0,success,False,2026-08-19T12:25:50.876922+09:00
Backdrop Beacon,,,failed,False,2026-08-19T12:24:52.766988+09:00
Backdrop Bill,,,failed,False,2026-08-19T21:47:38.670449+09:00
Backdrop Board,1600.0,100.0,success,False,2026-08-19T12:25:57.716794+09:00
Backdrop Book,1000.0,100.0,success,False,2026-08-19T21:48:44.866696+09:00
Backdrop Bridge,,,failed,False,2026-08-19T12:25:02.021725+09:00
Backdrop Brief,,,failed,False,2026-08-21T01:03:20.927802+09:00
Backdrop Bulletin,,,failed,False,2026-08-21T01:03:16.580684+09:00
Backdrop Cabinet,40.0,55.0,success,False,2026-08-27T23:12:25.065400+09:00
Backdrop Calendar,,,failed,False,2026-08-19T12:27:27.714904+09:00
Backdrop Card,90.0,100.0,success,False,2026-08-19T13:31:00.342217+09:00
Backdrop Cascade,,,failed,False,2026-08-19T12:24:58.043642+09:00
Backdrop Cash,,,failed,False,2026-08-21T02:28:08.522679+09:00
Backdrop Cashback,,,failed,False,2026-08-27T21:14:36.415267+09:00
Backdrop Catalog,590.0,6.0,success,False,2026-08-19T21:03:21.176777+09:00
Backdrop Category,,,failed,False,2026-08-23T13:09:55.014275+09:00
Backdrop Center,,,failed,False,2026-08-19T12:26:15.531413+09:00
Backdrop Chain,30.0,70.0,success,False,2026-08-19T12:26:37.096559+09:00
Backdrop Charge,,,failed,False,2026-08-21T02:43:37.252901+09:00
Backdrop Check,,,failed,False,2026-08-19T13:31:17.650623+09:00
Backdrop Checker,,,failed,False,2026-08-27T23:54:48.967937+09:00
Backdrop Circular,110.0,95.0,success,False,2026-08-21T01:03:25.375031+09:00
Backdrop Code,,,failed,False,2026-08-19T21:48:04.651670+09:00
Backdrop Companion,,,failed,False,2026-08-19T12:27:08.334680+09:00
Backdrop Comparison,,,failed,False,2026-08-28T01:05:26.346049+09:00
Backdrop Compass,,,failed,False,2026-08-19T12:24:48.425289+09:00
Backdrop Confirmation,,,failed,False,2026-08-21T01:03:40.572054+09:00
Backdrop Console,,,failed,False,2026-08-19T12:26:22.946559+09:00
Backdrop Contribution,,,failed,False,2026-08-23T16:11:58.973572+09:00
Backdrop Converter,,,failed,False,2026-08-27T23:34:06.441052+09:00
Backdrop Core,,,failed,False,2026-08-19T12:25:50.876922+09:00
Backdrop Cost,70.0,100.0,success,False,2026-08-21T02:11:55.079933+09:00
Backdrop Count,,,failed,False,2026-08-27T22:47:06.029080+09:00
Backdrop Counter,70.0,65.0,success,False,2026-08-19T12:27:39.796113+09:00
Backdrop Coupon,,,failed,False,2026-08-27T21:14:33.237385+09:00
Backdrop Deal,,,failed,False,2026-08-21T01:56:06.760187+09:00
Backdrop Debt,,,failed,False,2026-08-21T02:27:57.187073+09:00
Backdrop Deck,,,failed,False,2026-08-19T12:25:57.716794+09:00
Backdrop Desk,10.0,49.0,success,False,2026-08-19T12:24:32.971008+09:00
Backdrop Detail,30.0,0.0,success,False,2026-08-23T03:23:40.065475+09:00
Backdrop Detector,,,failed,False,2026-08-27T23:54:52.993731+09:00
Backdrop Diagram,,,failed,False,2026-08-27T22:09:01.274163+09:00
Backdrop Digest,,,failed,False,2026-08-19T20:47:17.630061+09:00
Backdrop Directory,,,failed,False,2026-08-19T12:27:27.714904+09:00
Backdrop Discount,10.0,86.0,success,False,2026-08-23T16:11:52.886405+09:00
Backdrop Dossier,,,failed,False,2026-08-21T01:03:45.407835+09:00
Backdrop Draft,,,failed,False,2026-08-19T20:47:30.914414+09:00
Backdrop Due,,,failed,False,2026-08-23T15:50:28.386707+09:00
Backdrop Duty,,,failed,False,2026-08-21T02:43:40.530663+09:00
Backdrop Endowment,,,failed,False,2026-08-23T15:50:35.558538+09:00
Backdrop Engine,,,failed,False,2026-08-19T12:26:55.574795+09:00
Backdrop Entry,,,failed,False,2026-08-21T01:04:00.035751+09:00
Backdrop Estimate,,,failed,False,2026-08-19T21:32:52.200900+09:00
Backdrop Estimator,,,failed,False,2026-08-27T23:54:45.435156+09:00
Backdrop Excerpt,,,failed,False,2026-08-21T01:03:53.377990+09:00
Backdrop Fare,,,failed,False,2026-08-21T02:11:57.284997+09:00
Backdrop Fee,,,failed,False,2026-08-21T01:55:57.374575+09:00
Backdrop Feed,,,failed,False,2026-08-19T20:47:25.892128+09:00
Backdrop File,10.0,5.0,success,False,2026-08-19T20:46:54.929939+09:00
Backdrop Finder,,,failed,False,2026-08-19T12:27:36.694411+09:00
Backdrop Fine,,,failed,False,2026-08-23T02:57:50.579977+09:00
Backdrop Flag,140.0,100.0,success,False,2026-08-21T00:30:05.948049+09:00
Backdrop Flow,,,failed,False,2026-08-19T12:24:09.089995+09:00
Backdrop Forge,,,failed,False,2026-08-19T12:24:58.043642+09:00
Backdrop Form,,,failed,False,2026-08-19T13:30:54.229704+09:00
Backdrop Frame,3600.0,100.0,success,False,2026-08-19T12:25:46.286307+09:00
Backdrop Fund,,,failed,False,2026-08-21T02:28:03.624635+09:00
Backdrop Gate,40.0,46.0,success,False,2026-08-19T12:26:44.704983+09:00
Backdrop Generator,210.0,12.0,success,False,2026-08-27T23:34:06.441052+09:00
Backdrop Giveaway,,,failed,False,2026-08-27T21:14:45.418872+09:00
Backdrop Grade,,,failed,False,2026-08-21T00:29:45.511428+09:00
Backdrop Grid,210.0,100.0,success,False,2026-08-19T12:25:34.182508+09:00
Backdrop Guarantee,,,failed,False,2026-08-28T01:05:31.519640+09:00
Backdrop Guardian,,,failed,False,2026-08-28T00:24:32.431629+09:00
Backdrop Helpdesk,,,failed,False,2026-08-27T22:47:08.510624+09:00
Backdrop Helper,,,failed,False,2026-08-28T00:24:39.235749+09:00
Backdrop History,,,failed,False,2026-08-19T20:46:49.166137+09:00
Backdrop Hotline,,,failed,False,2026-08-19T21:03:36.529171+09:00
Backdrop Hub,,,failed,False,2026-08-19T12:24:32.971008+09:00
Backdrop Identifier,,,failed,False,2026-08-23T13:09:53.012547+09:00
Backdrop Incentive,,,failed,False,2026-08-27T21:14:38.915931+09:00
Backdrop Index,,,failed,False,2026-08-19T21:32:47.158972+09:00
Backdrop Installment,,,failed,False,2026-08-23T16:11:56.492802+09:00
Backdrop Item,40.0,93.0,success,False,2026-08-21T01:55:59.445411+09:00
Backdrop Journal,20.0,0.0,success,False,2026-08-19T12:27:18.963883+09:00
Backdrop Keeper,,,failed,False,2026-08-19T12:26:50.558135+09:00
Backdrop Kit,390.0,100.0,success,False,2026-08-27T22:47:02.636160+09:00
Backdrop Lab,,,failed,False,2026-08-19T12:26:06.734544+09:00
Backdrop Label,,,failed,False,2026-08-27T22:08:46.567667+09:00
Backdrop Ledger,,,failed,False,2026-08-19T12:25:55.231488+09:00
Backdrop Level,,,failed,False,2026-08-19T20:47:00.737978+09:00
Backdrop Link,,,failed,False,2026-08-23T03:23:34.197835+09:00
Backdrop List,,,failed,False,2026-08-19T21:48:17.560358+09:00
Backdrop Loan,,,failed,False,2026-08-21T02:12:10.627447+09:00
Backdrop Locator,,,failed,False,2026-08-19T12:27:31.967553+09:00
Backdrop Log,,,failed,False,2026-08-19T13:30:45.657035+09:00
Backdrop Loop,20.0,10.0,success,False,2026-08-19T12:25:27.149314+09:00
Backdrop Manager,,,failed,False,2026-08-19T12:26:50.558135+09:00
Backdrop Manual,,,failed,False,2026-08-27T22:08:49.995304+09:00
Backdrop Map,90.0,100.0,success,False,2026-08-19T12:25:46.286307+09:00
Backdrop Margin,,,failed,False,2026-08-23T02:57:47.800883+09:00
Backdrop Markup,,,failed,False,2026-08-23T16:37:40.797403+09:00
Backdrop Memo,,,failed,False,2026-08-21T00:29:53.018137+09:00
Backdrop Monitor,10.0,0.0,success,False,2026-08-19T12:27:05.323167+09:00
Backdrop Nexus,,,failed,False,2026-08-19T12:26:44.704983+09:00
Backdrop Note,,,failed,False,2026-08-19T13:31:47.223941+09:00
Backdrop Notification,,,failed,False,2026-08-27T22:47:02.636160+09:00
Backdrop Number,,,failed,False,2026-08-23T03:23:31.641874+09:00
Backdrop Office,1000.0,85.0,success,False,2026-08-19T12:27:36.694411+09:00
Backdrop Ops,,,failed,False,2026-08-19T12:27:13.663496+09:00
Backdrop Order,110.0,100.0,success,False,2026-08-19T21:47:24.408619+09:00
Backdrop Overdraft,,,failed,False,2026-08-23T15:50:30.977463+09:00
Backdrop Panel,1000.0,100.0,success,False,2026-08-19T12:26:26.109725+09:00
Backdrop Pass,,,failed,False,2026-08-21T00:29:02.215162+09:00
Backdrop Path,10.0,0.0,success,False,2026-08-19T12:25:38.632283+09:00
Backdrop Petition,,,failed,False,2026-08-21T01:03:36.375895+09:00
Backdrop Plan,,,failed,False,2026-08-21T01:55:53.001580+09:00
Backdrop Planner,,,failed,False,2026-08-19T12:26:57.441352+09:00
Backdrop Playbook,,,failed,False,2026-08-19T12:27:18.963883+09:00
Backdrop Point,,,failed,False,2026-08-19T12:25:43.100247+09:00
Backdrop Portal,,,failed,False,2026-08-19T12:26:17.646351+09:00
Backdrop Preview,,,failed,False,2026-08-28T01:05:28.825650+09:00
Backdrop Profile,,,failed,False,2026-08-19T13:32:04.589089+09:00
Backdrop Profit,,,failed,False,2026-08-23T02:57:43.117346+09:00
Backdrop Proposal,20.0,49.0,success,False,2026-08-28T01:05:28.825650+09:00
Backdrop Quota,,,failed,False,2026-08-21T00:29:58.685573+09:00
Backdrop Radar,,,failed,False,2026-08-19T12:24:37.833597+09:00
Backdrop Rail,70.0,100.0,success,False,2026-08-19T12:26:33.810025+09:00
Backdrop Rate,,,failed,False,2026-08-19T20:47:06.290958+09:00
Backdrop Recap,,,failed,False,2026-08-21T01:03:51.285961+09:00
Backdrop Receipt,,,failed,False,2026-08-19T21:47:49.967174+09:00
Backdrop Register,,,failed,False,2026-08-19T12:27:08.334680+09:00
Backdrop Registry,,,failed,False,2026-08-19T12:27:23.710394+09:00
Backdrop Relay,,,failed,False,2026-08-19T12:24:44.570895+09:00
Backdrop Reminder,,,failed,False,2026-08-19T21:32:44.531306+09:00
Backdrop Rendering,,,failed,False,2026-08-27T22:28:46.749186+09:00
Backdrop Report,,,failed,False,2026-08-19T13:30:39.417389+09:00
Backdrop Repository,,,failed,False,2026-08-27T23:12:29.033332+09:00
Backdrop Roster,,,failed,False,2026-08-19T12:23:14.200437+09:00
Backdrop Route,,,failed,False,2026-08-19T12:26:30.202611+09:00
Backdrop Rule,,,failed,False,2026-08-23T03:23:37.132752+09:00
Backdrop Sale,880.0,100.0,success,False,2026-08-21T02:28:12.321639+09:00
Backdrop Sample,390.0,84.0,success,False,2026-08-19T21:49:11.434209+09:00
Backdrop Scale,,,failed,False,2026-08-19T12:26:30.202611+09:00
Backdrop Scanner,,,failed,False,2026-08-27T23:54:48.967937+09:00
Backdrop Scheduler,,,failed,False,2026-08-19T12:27:02.281369+09:00
Backdrop Scope,,,failed,False,2026-08-19T12:25:27.149314+09:00
Backdrop Score,,,failed,False,2026-08-19T13:31:41.202916+09:00
Backdrop Sheet,880.0,100.0,success,False,2026-08-19T13:31:08.046594+09:00
Backdrop Signal,,,failed,False,2026-08-19T12:25:02.021725+09:00
Backdrop Signature,,,failed,False,2026-08-23T13:28:22.129962+09:00
Backdrop Slip,,,failed,False,2026-08-19T21:49:01.029648+09:00
Backdrop Slot,,,failed,False,2026-08-19T21:49:21.504748+09:00
Backdrop Stake,,,failed,False,2026-08-23T02:57:47.800883+09:00
Backdrop Statement,,,failed,False,2026-08-21T00:29:30.583044+09:00
Backdrop Station,10.0,71.0,success,False,2026-08-19T12:26:06.734544+09:00
Backdrop Status,,,failed,False,2026-08-19T20:46:39.045000+09:00
Backdrop Stub,,,failed,False,2026-08-21T00:29:24.926650+09:00
Backdrop Studio,8100.0,100.0,success,False,2026-08-19T12:26:02.355075+09:00
Backdrop Subsidy,,,failed,False,2026-08-23T15:50:33.287746+09:00
Backdrop Sum,,,failed,False,2026-08-21T02:27:53.442278+09:00
Backdrop Summary,,,failed,False,2026-08-19T21:32:39.944567+09:00
Backdrop Surtax,,,failed,False,2026-08-23T15:50:38.471158+09:00
Backdrop Tab,,,failed,False,2026-08-21T00:30:14.861916+09:00
Backdrop Table,320.0,99.0,success,False,2026-08-19T21:48:31.545228+09:00
Backdrop Tag,,,failed,False,2026-08-19T13:31:52.943506+09:00
Backdrop Tally,,,failed,False,2026-08-21T00:29:39.530878+09:00
Backdrop Tariff,,,failed,False,2026-08-21T02:43:50.740440+09:00
Backdrop Tax,,,failed,False,2026-08-21T02:12:01.712721+09:00
Backdrop Ticket,,,failed,False,2026-08-19T21:32:49.180215+09:00
Backdrop Tier,,,failed,False,2026-08-28T00:47:30.269850+09:00
Backdrop Timeline,,,failed,False,2026-08-19T21:32:42.554846+09:00
Backdrop Toll,,,failed,False,2026-08-21T02:43:44.053859+09:00
Backdrop Toolbox,,,failed,False,2026-08-28T00:24:36.830973+09:00
Backdrop Total,,,failed,False,2026-08-27T23:12:15.769681+09:00
Backdrop Tracker,,,failed,False,2026-08-19T12:24:09.089995+09:00
Backdrop Trail,,,failed,False,2026-08-19T12:26:37.096559+09:00
Backdrop Trend,10.0,100.0,success,False,2026-08-28T01:05:22.748209+09:00
Backdrop Trial,,,failed,False,2026-08-27T21:14:36.415267+09:00
Backdrop Unit,,,failed,False,2026-08-21T01:56:01.200736+09:00
Backdrop Update,10.0,0.0,success,False,2026-08-19T20:47:10.772818+09:00
Backdrop Value,,,failed,False,2026-08-23T02:57:45.364347+09:00
Backdrop Vault,,,failed,False,2026-08-19T12:24:48.425289+09:00
Backdrop Version,,,failed,False,2026-08-23T03:23:31.641874+09:00
Backdrop View,20.0,17.0,success,False,2026-08-19T20:46:44.181940+09:00
Backdrop Voucher,,,failed,False,2026-08-21T00:29:10.279905+09:00
Backdrop Watch,,,failed,False,2026-08-19T12:25:21.965141+09:00
Backdrop Wave,0.0,,success,False,2026-08-19T12:25:38.632283+09:00
Backdrop Widget,,,failed,False,2026-08-27T23:12:19.702811+09:00
Backdrop Worksheet,,,failed,False,2026-08-27T22:08:54.322972+09:00
Backdrop Workshop,170.0,23.0,success,False,2026-08-28T00:24:32.431629+09:00
Backdrop Zone,,,failed,False,2026-08-19T12:26:17.646351+09:00
Backlog Advisory,,,failed,False,2026-08-21T01:21:13.489274+09:00
Backlog Alert,,,failed,False,2026-08-21T01:16:36.813672+09:00
Backlog Allowance,,,failed,False,2026-08-21T02:36:53.900229+09:00
Backlog Analyzer,,,failed,False,2026-08-27T23:56:00.047193+09:00
Backlog Assistant,,,failed,False,2026-08-21T01:25:32.459822+09:00
Backlog Atlas,,,failed,False,2026-08-21T01:35:15.414244+09:00
Backlog Attribute,,,failed,False,2026-08-23T13:07:00.691919+09:00
Backlog Badge,,,failed,False,2026-08-21T01:20:28.588615+09:00
Backlog Balance,,,failed,False,2026-08-23T13:47:46.605419+09:00
Backlog Base,,,failed,False,2026-08-21T01:23:56.409607+09:00
Backlog Bay,,,failed,False,2026-08-21T01:15:46.981049+09:00
Backlog Beacon,,,failed,False,2026-08-21T01:22:20.767459+09:00
Backlog Bill,,,failed,False,2026-08-21T01:19:35.649490+09:00
Backlog Board,50.0,16.0,success,False,2026-08-21T01:23:56.409607+09:00
Backlog Booth,,,failed,False,2026-08-21T01:15:31.943617+09:00
Backlog Bridge,,,failed,False,2026-08-21T01:22:33.143231+09:00
Backlog Brief,,,failed,False,2026-08-21T01:21:04.299416+09:00
Backlog Bulletin,,,failed,False,2026-08-21T01:20:57.396338+09:00
Backlog Cabinet,,,failed,False,2026-08-27T23:12:25.065400+09:00
Backlog Calculator,20.0,0.0,success,False,2026-08-27T23:34:17.021271+09:00
Backlog Card,,,failed,False,2026-08-21T01:17:41.245351+09:00
Backlog Cascade,,,failed,False,2026-08-21T01:22:29.239348+09:00
Backlog Cash,,,failed,False,2026-08-21T02:29:49.445628+09:00
Backlog Category,,,failed,False,2026-08-23T13:06:58.194774+09:00
Backlog Center,,,failed,False,2026-08-21T01:25:12.801163+09:00
Backlog Chain,,,failed,False,2026-08-21T01:24:59.173649+09:00
Backlog Charge,,,failed,False,2026-08-21T02:36:41.492996+09:00
Backlog Chart,30.0,4.0,success,False,2026-08-21T01:16:42.417120+09:00
Backlog Check,30.0,1.0,success,False,2026-08-21T01:17:49.809423+09:00
Backlog Checker,,,failed,False,2026-08-27T23:55:42.824458+09:00
Backlog Circular,,,failed,False,2026-08-21T01:21:10.960024+09:00
Backlog Code,20.0,5.0,success,False,2026-08-21T01:19:45.031880+09:00
Backlog Comparison,,,failed,False,2026-08-28T01:07:11.009484+09:00
Backlog Compass,,,failed,False,2026-08-21T01:22:09.935224+09:00
Backlog Confirmation,,,failed,False,2026-08-21T01:21:25.005948+09:00
Backlog Console,,,failed,False,2026-08-21T01:25:12.801163+09:00
Backlog Core,,,failed,False,2026-08-21T01:23:56.409607+09:00
Backlog Cost,30.0,4.0,success,False,2026-08-21T02:12:35.738319+09:00
Backlog Count,10.0,0.0,success,False,2026-08-27T22:46:48.643972+09:00
Backlog Counter,,,failed,False,2026-08-21T01:15:25.336646+09:00
Backlog Deal,,,failed,False,2026-08-21T01:56:06.760187+09:00
Backlog Debt,,,failed,False,2026-08-21T02:29:43.973308+09:00
Backlog Deck,,,failed,False,2026-08-21T01:23:56.409607+09:00
Backlog Desk,,,failed,False,2026-08-21T01:21:53.775872+09:00
Backlog Detail,,,failed,False,2026-08-23T03:17:50.653872+09:00
Backlog Detector,,,failed,False,2026-08-27T23:55:53.687521+09:00
Backlog Directory,,,failed,False,2026-08-21T01:26:29.214274+09:00
Backlog Draft,,,failed,False,2026-08-21T01:18:56.365360+09:00
Backlog Duty,,,failed,False,2026-08-21T02:36:44.892736+09:00
Backlog Engine,,,failed,False,2026-08-21T01:25:40.979194+09:00
Backlog Entry,90.0,0.0,success,False,2026-08-21T01:21:34.003833+09:00
Backlog Estimate,,,failed,False,2026-08-21T01:21:05.247176+09:00
Backlog Estimator,,,failed,False,2026-08-27T23:55:40.198338+09:00
Backlog Fare,,,failed,False,2026-08-21T02:12:43.354957+09:00
Backlog Fee,30.0,0.0,success,False,2026-08-21T01:55:57.374575+09:00
Backlog Feed,,,failed,False,2026-08-21T01:18:50.592866+09:00
Backlog File,40.0,12.0,success,False,2026-08-21T01:18:29.664706+09:00
Backlog Fine,,,failed,False,2026-08-23T02:53:25.456581+09:00
Backlog Flow,,,failed,False,2026-08-21T01:21:42.147576+09:00
Backlog Forge,,,failed,False,2026-08-21T01:22:27.198742+09:00
Backlog Form,170.0,2.0,success,False,2026-08-21T01:17:36.062470+09:00
Backlog Format,170.0,2.0,success,False,2026-08-23T13:07:04.865387+09:00
Backlog Frame,,,failed,False,2026-08-21T01:23:56.409607+09:00
Backlog Fund,,,failed,False,2026-08-21T02:29:47.040271+09:00
Backlog Gate,,,failed,False,2026-08-21T01:25:05.827415+09:00
Backlog Graph,10.0,0.0,success,False,2026-08-27T22:07:22.262130+09:00
Backlog Grid,,,failed,False,2026-08-21T01:22:58.534719+09:00
Backlog Guarantee,,,failed,False,2026-08-28T01:07:16.006245+09:00
Backlog Guardian,,,failed,False,2026-08-28T00:25:26.159240+09:00
Backlog Helpdesk,,,failed,False,2026-08-27T22:46:50.983424+09:00
Backlog Helper,,,failed,False,2026-08-28T00:25:29.232687+09:00
Backlog History,30.0,0.0,success,False,2026-08-21T01:18:23.588658+09:00
Backlog Hub,,,failed,False,2026-08-21T01:21:49.678224+09:00
Backlog Identifier,,,failed,False,2026-08-23T13:06:58.194774+09:00
Backlog Inbox,,,failed,False,2026-08-21T01:16:32.710448+09:00
Backlog Index,10.0,0.0,success,False,2026-08-21T01:19:16.110446+09:00
Backlog Item,260.0,2.0,success,False,2026-08-21T01:55:59.445411+09:00
Backlog Journal,,,failed,False,2026-08-21T01:26:17.676069+09:00
Backlog Keeper,,,failed,False,2026-08-21T01:25:11.979955+09:00
Backlog Lab,,,failed,False,2026-08-21T01:23:56.409607+09:00
Backlog Label,,,failed,False,2026-08-27T22:07:22.262130+09:00
Backlog Ledger,,,failed,False,2026-08-21T01:23:56.409607+09:00
Backlog Level,,,failed,False,2026-08-21T01:18:34.503460+09:00
Backlog Levy,,,failed,False,2026-08-23T13:47:51.726767+09:00
Backlog Line,,,failed,False,2026-08-21T01:17:06.015996+09:00
Backlog Link,10.0,5.0,success,False,2026-08-23T03:17:39.480043+09:00
Backlog List,140.0,2.0,success,False,2026-08-21T01:19:49.395013+09:00
Backlog Loan,,,failed,False,2026-08-21T02:12:54.787375+09:00
Backlog Lobby,,,failed,False,2026-08-21T01:16:56.595304+09:00
Backlog Locator,,,failed,False,2026-08-21T01:26:35.509450+09:00
Backlog Locker,,,failed,False,2026-08-21T01:15:30.378271+09:00
Backlog Log,,,failed,False,2026-08-21T01:17:30.839165+09:00
Backlog Loop,,,failed,False,2026-08-21T01:22:55.105207+09:00
Backlog Manager,720.0,18.0,success,False,2026-08-21T01:25:39.259226+09:00
Backlog Manual,,,failed,False,2026-08-27T22:07:27.719925+09:00
Backlog Map,,,failed,False,2026-08-21T01:23:56.409607+09:00
Backlog Memo,,,failed,False,2026-08-21T01:20:42.577799+09:00
Backlog Message,,,failed,False,2026-08-27T23:12:15.769681+09:00
Backlog Monitor,,,failed,False,2026-08-21T01:25:46.762620+09:00
Backlog Nexus,,,failed,False,2026-08-21T01:25:09.973684+09:00
Backlog Note,,,failed,False,2026-08-21T01:17:57.482592+09:00
Backlog Notification,20.0,5.0,success,False,2026-08-27T22:46:40.495541+09:00
Backlog Number,,,failed,False,2026-08-23T03:17:31.358374+09:00
Backlog Office,,,failed,False,2026-08-21T01:26:47.452980+09:00
Backlog Ops,,,failed,False,2026-08-21T01:26:08.809687+09:00
Backlog Order,1000.0,0.0,success,True,2026-08-21T01:19:29.603335+09:00
Backlog Outpost,,,failed,False,2026-08-21T01:15:57.558147+09:00
Backlog Overdue,,,failed,False,2026-08-27T21:46:03.878331+09:00
Backlog Panel,,,failed,False,2026-08-21T01:25:12.801163+09:00
Backlog Pass,,,failed,False,2026-08-21T01:20:18.165253+09:00
Backlog Passport,10.0,0.0,success,False,2026-08-21T01:16:50.383045+09:00
Backlog Path,,,failed,False,2026-08-21T01:23:56.409607+09:00
Backlog Penalty,,,failed,False,2026-08-23T16:40:19.270826+09:00
Backlog Petition,,,failed,False,2026-08-21T01:21:21.287654+09:00
Backlog Plan,210.0,21.0,success,False,2026-08-21T01:56:03.758206+09:00
Backlog Planner,210.0,21.0,success,False,2026-08-21T01:25:49.214024+09:00
Backlog Playbook,,,failed,False,2026-08-21T01:26:13.869304+09:00
Backlog Plaza,,,failed,False,2026-08-21T01:16:00.251742+09:00
Backlog Point,,,failed,False,2026-08-21T01:23:56.409607+09:00
Backlog Portal,,,failed,False,2026-08-21T01:25:12.801163+09:00
Backlog Post,390.0,0.0,success,False,2026-08-21T01:15:52.243294+09:00
Backlog Preview,,,failed,False,2026-08-28T01:07:13.467074+09:00
Backlog Profile,,,failed,False,2026-08-21T01:18:06.634708+09:00
Backlog Profit,,,failed,False,2026-08-23T02:53:14.872547+09:00
Backlog Proposal,,,failed,False,2026-08-28T01:07:13.467074+09:00
Backlog Quota,,,failed,False,2026-08-21T01:20:45.332631+09:00
Backlog Radar,,,failed,False,2026-08-21T01:21:56.845957+09:00
Backlog Rail,,,failed,False,2026-08-21T01:24:42.650897+09:00
Backlog Rate,,,failed,False,2026-08-21T01:18:39.603435+09:00
Backlog Recap,,,failed,False,2026-08-21T01:21:31.170741+09:00
Backlog Receipt,,,failed,False,2026-08-21T01:19:38.759789+09:00
Backlog Register,,,failed,False,2026-08-21T01:26:04.709927+09:00
Backlog Relay,,,failed,False,2026-08-21T01:22:01.103254+09:00
Backlog Reminder,,,failed,False,2026-08-21T01:19:09.689487+09:00
Backlog Report,210.0,2.0,success,False,2026-08-21T01:17:24.597618+09:00
Backlog Repository,,,failed,False,2026-08-27T23:12:25.065400+09:00
Backlog Ring,,,failed,False,2026-08-21T01:25:03.878404+09:00
Backlog Roll,,,failed,False,2026-08-21T01:17:22.537676+09:00
Backlog Roster,,,failed,False,2026-08-21T01:16:26.293455+09:00
Backlog Route,,,failed,False,2026-08-21T01:24:47.056451+09:00
Backlog Rule,,,failed,False,2026-08-23T03:17:46.671515+09:00
Backlog Sale,,,failed,False,2026-08-21T02:29:53.730886+09:00
Backlog Sample,20.0,4.0,success,False,2026-08-21T01:20:03.244208+09:00
Backlog Scale,,,failed,False,2026-08-21T01:25:12.801163+09:00
Backlog Scanner,,,failed,False,2026-08-27T23:55:48.344302+09:00
Backlog Scope,,,failed,False,2026-08-21T01:22:48.599352+09:00
Backlog Score,,,failed,False,2026-08-21T01:17:52.131047+09:00
Backlog Sheet,30.0,8.0,success,False,2026-08-21T01:17:43.825232+09:00
Backlog Shelf,,,failed,False,2026-08-21T01:16:18.467523+09:00
Backlog Signal,,,failed,False,2026-08-21T01:22:35.639513+09:00
Backlog Slip,,,failed,False,2026-08-21T01:20:01.120246+09:00
Backlog Slot,,,failed,False,2026-08-21T01:20:09.112300+09:00
Backlog Stage,,,failed,False,2026-08-28T00:47:59.038217+09:00
Backlog Stake,,,failed,False,2026-08-23T02:53:19.802959+09:00
Backlog Statement,,,failed,False,2026-08-21T01:20:36.811619+09:00
Backlog Station,,,failed,False,2026-08-21T01:25:12.801163+09:00
Backlog Status,260.0,0.0,success,False,2026-08-21T01:18:13.948377+09:00
Backlog Stub,,,failed,False,2026-08-21T01:20:34.277114+09:00
Backlog Studio,,,failed,False,2026-08-21T01:23:56.409607+09:00
Backlog Sum,,,failed,False,2026-08-21T02:29:40.223505+09:00
Backlog Summary,40.0,2.0,success,False,2026-08-21T01:19:00.586921+09:00
Backlog Tab,20.0,0.0,success,False,2026-08-21T01:20:51.576504+09:00
Backlog Table,50.0,7.0,success,False,2026-08-21T01:19:54.964370+09:00
Backlog Tag,,,failed,False,2026-08-21T01:17:59.788687+09:00
Backlog Tariff,,,failed,False,2026-08-21T02:36:58.611410+09:00
Backlog Tax,,,failed,False,2026-08-21T02:12:49.636286+09:00
Backlog Terminal,,,failed,False,2026-08-21T01:25:12.801163+09:00
Backlog Ticker,,,failed,False,2026-08-21T01:23:07.832051+09:00
Backlog Ticket,70.0,11.0,success,False,2026-08-21T01:19:23.070915+09:00
Backlog Timeline,,,failed,False,2026-08-21T01:19:07.466825+09:00
Backlog Timer,,,failed,False,2026-08-28T00:25:23.676090+09:00
Backlog Toll,,,failed,False,2026-08-21T02:36:47.930212+09:00
Backlog Toolbox,,,failed,False,2026-08-28T00:25:29.232687+09:00
Backlog Total,,,failed,False,2026-08-27T23:12:15.769681+09:00
Backlog Tower,,,failed,False,2026-08-21T01:16:15.267590+09:00
Backlog Tracker,260.0,9.0,success,False,2026-08-21T01:21:39.994879+09:00
Backlog Trail,,,failed,False,2026-08-21T01:24:52.705656+09:00
Backlog Trend,,,failed,False,2026-08-28T01:07:08.336538+09:00
Backlog Trial,,,failed,False,2026-08-27T21:13:15.493972+09:00
Backlog Unit,,,failed,False,2026-08-21T02:05:44.847740+09:00
Backlog Update,20.0,8.0,success,False,2026-08-21T01:18:42.442648+09:00
Backlog Value,20.0,0.0,success,False,2026-08-23T02:53:17.402090+09:00
Backlog Vault,,,failed,False,2026-08-21T01:22:07.036293+09:00
Backlog Version,,,failed,False,2026-08-23T03:17:34.613762+09:00
Backlog View,20.0,0.0,success,False,2026-08-21T01:18:16.729979+09:00
Backlog Voucher,,,failed,False,2026-08-21T01:20:20.986675+09:00
Backlog Watch,10.0,7.0,success,False,2026-08-21T01:22:43.322610+09:00
Backlog Wave,,,failed,False,2026-08-21T01:23:03.958708+09:00
Backlog Widget,,,failed,False,2026-08-27T23:12:19.702811+09:00
Backlog Window,,,failed,False,2026-08-21T01:17:14.231029+09:00
Backlog Worksheet,,,failed,False,2026-08-27T22:07:30.403670+09:00
Backlog Workshop,,,failed,False,2026-08-28T00:25:26.159240+09:00
Backlog Yard,,,failed,False,2026-08-21T01:15:44.374236+09:00
Backlog Zone,,,failed,False,2026-08-21T01:25:12.801163+09:00
Backorder Advance,,,failed,False,2026-08-23T16:11:24.096021+09:00
Backorder Advisory,,,failed,False,2026-08-21T01:09:15.818493+09:00
Backorder Alert,,,failed,False,2026-08-19T12:27:31.967553+09:00
Backorder Allowance,,,failed,False,2026-08-21T02:40:43.977421+09:00
Backorder Almanac,,,failed,False,2026-08-18T22:05:38.221943+09:00
Backorder Analyzer,,,failed,False,2026-08-27T23:55:33.587403+09:00
Backorder Anchor,,,failed,False,2026-08-17T21:30:13.279777+09:00
Backorder Announcement,,,failed,False,2026-08-27T23:34:17.021271+09:00
Backorder Arrears,,,failed,False,2026-08-23T16:11:21.537507+09:00
Backorder Assistant,,,failed,False,2026-08-17T23:08:06.421601+09:00
Backorder Atlas,,,failed,False,2026-08-17T20:39:13.606540+09:00
Backorder Attribute,,,failed,False,2026-08-23T13:08:36.933873+09:00
Backorder Badge,,,failed,False,2026-08-21T00:34:53.693924+09:00
Backorder Balance,,,failed,False,2026-08-23T13:48:19.972957+09:00
Backorder Base,,,failed,False,2026-08-17T20:35:55.625501+09:00
Backorder Beacon,,,failed,False,2026-08-17T21:34:37.066296+09:00
Backorder Bill,,,failed,False,2026-08-19T21:54:37.434657+09:00
Backorder Blueprint,,,failed,False,2026-08-18T22:05:27.658262+09:00
Backorder Board,,,failed,False,2026-08-17T20:33:05.160713+09:00
Backorder Book,,,failed,False,2026-08-19T21:55:20.954175+09:00
Backorder Bridge,,,failed,False,2026-08-17T21:31:23.168898+09:00
Backorder Brief,,,failed,False,2026-08-21T01:09:06.679370+09:00
Backorder Bulletin,,,failed,False,2026-08-21T01:09:01.082637+09:00
Backorder Calculator,,,failed,False,2026-08-27T23:34:17.021271+09:00
Backorder Calendar,,,failed,False,2026-08-18T23:59:53.624295+09:00
Backorder Card,,,failed,False,2026-08-19T13:30:48.441659+09:00
Backorder Cascade,,,failed,False,2026-08-17T21:32:33.876836+09:00
Backorder Cash,,,failed,False,2026-08-21T02:24:19.138497+09:00
Backorder Catalog,,,failed,False,2026-08-19T21:08:15.358718+09:00
Backorder Category,,,failed,False,2026-08-23T13:08:34.053815+09:00
Backorder Center,,,failed,False,2026-08-17T21:37:17.917122+09:00
Backorder Chain,,,failed,False,2026-08-17T20:43:22.316757+09:00
Backorder Charge,,,failed,False,2026-08-21T02:40:30.595557+09:00
Backorder Check,,,failed,False,2026-08-19T13:31:03.415990+09:00
Backorder Checker,,,failed,False,2026-08-27T23:55:28.059641+09:00
Backorder Checklist,,,failed,False,2026-08-19T21:07:25.102552+09:00
Backorder Circular,,,failed,False,2026-08-21T01:09:08.778546+09:00
Backorder Cockpit,,,failed,False,2026-08-17T23:30:16.319777+09:00
Backorder Code,,,failed,False,2026-08-19T21:54:53.460475+09:00
Backorder Codex,,,failed,False,2026-08-18T22:05:53.928204+09:00
Backorder Companion,,,failed,False,2026-08-17T23:05:59.212452+09:00
Backorder Comparison,,,failed,False,2026-08-28T01:06:23.726095+09:00
Backorder Compass,,,failed,False,2026-08-17T21:35:41.309233+09:00
Backorder Compendium,,,failed,False,2026-08-18T22:05:45.987777+09:00
Backorder Confirmation,,,failed,False,2026-08-21T01:09:22.527514+09:00
Backorder Console,,,failed,False,2026-08-17T21:34:05.861065+09:00
Backorder Contribution,,,failed,False,2026-08-23T16:11:16.199786+09:00
Backorder Core,,,failed,False,2026-08-17T20:34:58.202084+09:00
Backorder Cost,90.0,2.0,success,False,2026-08-21T02:07:58.916446+09:00
Backorder Count,,,failed,False,2026-08-27T22:47:08.510624+09:00
Backorder Counter,,,failed,False,2026-08-19T00:00:48.226412+09:00
Backorder Dashboard,,,failed,False,2026-08-17T23:11:23.614440+09:00
Backorder Deal,10.0,,success,False,2026-08-21T01:51:06.981175+09:00
Backorder Debt,,,failed,False,2026-08-21T02:24:12.217966+09:00
Backorder Deck,,,failed,False,2026-08-17T20:31:58.373055+09:00
Backorder Depot,,,failed,False,2026-08-19T00:00:31.381271+09:00
Backorder Desk,,,failed,False,2026-08-17T21:41:19.053416+09:00
Backorder Detail,,,failed,False,2026-08-23T03:21:00.660532+09:00
Backorder Detector,,,failed,False,2026-08-27T23:55:33.587403+09:00
Backorder Diagram,,,failed,False,2026-08-27T22:08:26.678137+09:00
Backorder Dial,,,failed,False,2026-08-17T21:31:56.784481+09:00
Backorder Digest,,,failed,False,2026-08-19T20:48:40.120494+09:00
Backorder Directory,,,failed,False,2026-08-19T00:00:05.096380+09:00
Backorder Discount,,,failed,False,2026-08-23T16:11:13.672713+09:00
Backorder Dock,,,failed,False,2026-08-17T20:46:01.536512+09:00
Backorder Dossier,,,failed,False,2026-08-21T01:09:26.967706+09:00
Backorder Draft,,,failed,False,2026-08-19T20:48:51.281701+09:00
Backorder Due,,,failed,False,2026-08-23T15:53:05.427640+09:00
Backorder Duty,,,failed,False,2026-08-21T02:40:33.895660+09:00
Backorder Engine,,,failed,False,2026-08-17T23:29:09.953642+09:00
Backorder Entry,,,failed,False,2026-08-21T01:09:36.550865+09:00
Backorder Estimate,,,failed,False,2026-08-19T21:08:05.171033+09:00
Backorder Estimator,,,failed,False,2026-08-27T23:55:24.915525+09:00
Backorder Excerpt,,,failed,False,2026-08-21T01:09:34.280846+09:00
Backorder Extension,,,failed,False,2026-08-23T16:37:26.596455+09:00
Backorder Fare,,,failed,False,2026-08-21T02:08:07.470140+09:00
Backorder Fee,,,failed,False,2026-08-21T01:50:37.837516+09:00
Backorder Feed,,,failed,False,2026-08-19T20:48:46.011592+09:00
Backorder Field,,,failed,False,2026-08-23T13:08:40.061584+09:00
Backorder File,,,failed,False,2026-08-19T20:48:17.948513+09:00
Backorder Finder,,,failed,False,2026-08-19T00:00:22.759146+09:00
Backorder Fine,,,failed,False,2026-08-23T02:55:47.607915+09:00
Backorder Flag,,,failed,False,2026-08-21T00:35:11.745138+09:00
Backorder Flow,,,failed,False,2026-08-17T20:32:30.733040+09:00
Backorder Forge,,,failed,False,2026-08-17T21:33:32.175377+09:00
Backorder Form,10.0,0.0,success,False,2026-08-19T13:30:42.478470+09:00
Backorder Format,,,failed,False,2026-08-23T13:08:42.186526+09:00
Backorder Frame,,,failed,False,2026-08-17T20:36:55.192509+09:00
Backorder Fund,,,failed,False,2026-08-21T02:24:14.838617+09:00
Backorder Gate,,,failed,False,2026-08-17T20:40:52.069695+09:00
Backorder Graph,,,failed,False,2026-08-27T22:08:16.098998+09:00
Backorder Grid,,,failed,False,2026-08-17T20:43:51.758171+09:00
Backorder Guarantee,,,failed,False,2026-08-28T01:06:29.246910+09:00
Backorder Guard,,,failed,False,2026-08-17T20:35:25.429619+09:00
Backorder Guardian,,,failed,False,2026-08-28T00:25:10.586444+09:00
Backorder Guidebook,,,failed,False,2026-08-18T22:05:10.153828+09:00
Backorder Helpdesk,,,failed,False,2026-08-27T22:47:08.510624+09:00
Backorder Helper,,,failed,False,2026-08-28T00:25:13.091211+09:00
Backorder History,,,failed,False,2026-08-19T20:48:09.734804+09:00
Backorder Hotline,,,failed,False,2026-08-19T21:08:25.447867+09:00
Backorder Hub,,,failed,False,2026-08-18T07:52:40.105947+09:00
Backorder Identifier,,,failed,False,2026-08-23T13:08:30.246419+09:00
Backorder Index,,,failed,False,2026-08-19T21:07:34.937888+09:00
Backorder Insight,,,failed,False,2026-08-17T23:30:03.516281+09:00
Backorder Installment,,,failed,False,2026-08-23T16:11:13.672713+09:00
Backorder Item,210.0,1.0,success,False,2026-08-21T01:50:46.788824+09:00
Backorder Journal,,,failed,False,2026-08-18T22:04:49.273954+09:00
Backorder Keeper,,,failed,False,2026-08-17T20:37:21.758511+09:00
Backorder Lab,,,failed,False,2026-08-17T21:41:53.145173+09:00
Backorder Label,,,failed,False,2026-08-27T22:08:16.098998+09:00
Backorder Ledger,,,failed,False,2026-08-17T20:34:07.278551+09:00
Backorder Lens,,,failed,False,2026-08-17T20:37:55.339961+09:00
Backorder Level,10.0,,success,False,2026-08-19T20:48:23.205403+09:00
Backorder Link,,,failed,False,2026-08-23T03:20:50.654201+09:00
Backorder List,30.0,3.0,success,False,2026-08-19T21:55:03.832007+09:00
Backorder Loan,,,failed,False,2026-08-21T02:08:15.230542+09:00
Backorder Locator,,,failed,False,2026-08-19T00:00:12.518097+09:00
Backorder Lock,,,failed,False,2026-08-17T20:39:37.454360+09:00
Backorder Log,,,failed,False,2026-08-19T13:30:30.638587+09:00
Backorder Loop,,,failed,False,2026-08-17T20:44:36.649130+09:00
Backorder Manager,,,failed,False,2026-08-17T20:36:21.712002+09:00
Backorder Manual,,,failed,False,2026-08-27T22:08:21.698192+09:00
Backorder Map,,,failed,False,2026-08-17T20:38:41.975413+09:00
Backorder Margin,,,failed,False,2026-08-23T02:55:43.726129+09:00
Backorder Marker,,,failed,False,2026-08-23T13:28:05.717329+09:00
Backorder Markup,,,failed,False,2026-08-23T16:37:24.399501+09:00
Backorder Memo,,,failed,False,2026-08-21T00:35:07.163921+09:00
Backorder Message,,,failed,False,2026-08-27T23:12:29.033332+09:00
Backorder Meter,,,failed,False,2026-08-17T21:30:47.592348+09:00
Backorder Metrics,,,failed,False,2026-08-17T23:04:09.987003+09:00
Backorder Monitor,,,failed,False,2026-08-17T23:09:50.041087+09:00
Backorder Navigator,,,failed,False,2026-08-17T23:30:30.158673+09:00
Backorder Nexus,,,failed,False,2026-08-17T20:40:06.808560+09:00
Backorder Node,,,failed,False,2026-08-17T20:41:42.376478+09:00
Backorder Note,,,failed,False,2026-08-19T13:31:24.471816+09:00
Backorder Notification,10.0,0.0,success,False,2026-08-27T22:47:02.636160+09:00
Backorder Number,,,failed,False,2026-08-23T03:20:42.703424+09:00
Backorder Office,,,failed,False,2026-08-19T00:00:40.903706+09:00
Backorder Ops,,,failed,False,2026-08-17T23:13:01.440927+09:00
Backorder Organizer,,,failed,False,2026-08-17T23:29:46.030396+09:00
Backorder Overdue,,,failed,False,2026-08-27T21:46:15.571619+09:00
Backorder Panel,,,failed,False,2026-08-17T21:33:05.832312+09:00
Backorder Pass,,,failed,False,2026-08-21T00:34:44.893530+09:00
Backorder Path,,,failed,False,2026-08-17T20:41:15.125085+09:00
Backorder Penalty,,,failed,False,2026-08-23T16:37:24.399501+09:00
Backorder Petition,,,failed,False,2026-08-21T01:09:20.076507+09:00
Backorder Pilot,,,failed,False,2026-08-18T07:52:51.639177+09:00
Backorder Plan,,,failed,False,2026-08-21T01:50:54.648591+09:00
Backorder Planner,,,failed,False,2026-08-17T23:29:29.429883+09:00
Backorder Playbook,,,failed,False,2026-08-18T22:04:38.583463+09:00
Backorder Point,,,failed,False,2026-08-17T20:40:31.600880+09:00
Backorder Portal,,,failed,False,2026-08-17T21:35:11.471835+09:00
Backorder Preview,,,failed,False,2026-08-28T01:06:26.504545+09:00
Backorder Profile,,,failed,False,2026-08-19T13:31:50.431005+09:00
Backorder Profit,,,failed,False,2026-08-23T02:55:35.353388+09:00
Backorder Proposal,,,failed,False,2026-08-28T01:06:26.504545+09:00
Backorder Pulse,,,failed,False,2026-08-17T20:42:51.727520+09:00
Backorder Queue,,,failed,False,2026-08-19T21:07:55.214041+09:00
Backorder Radar,,,failed,False,2026-08-17T21:39:15.761980+09:00
Backorder Rail,,,failed,False,2026-08-17T20:45:15.345040+09:00
Backorder Rate,70.0,0.0,success,False,2026-08-19T20:48:28.899410+09:00
Backorder Recap,,,failed,False,2026-08-21T01:09:32.208799+09:00
Backorder Receipt,,,failed,False,2026-08-19T21:54:45.586270+09:00
Backorder Recorder,,,failed,False,2026-08-27T23:34:22.055868+09:00
Backorder Register,,,failed,False,2026-08-17T23:30:45.182553+09:00
Backorder Registry,,,failed,False,2026-08-18T22:05:19.741515+09:00
Backorder Relay,,,failed,False,2026-08-17T21:37:55.576177+09:00
Backorder Reminder,,,failed,False,2026-08-19T21:07:16.203533+09:00
Backorder Report,70.0,0.0,success,False,2026-08-19T13:30:05.934954+09:00
Backorder Repository,,,failed,False,2026-08-27T23:12:34.540185+09:00
Backorder Result,,,failed,False,2026-08-28T00:47:48.349607+09:00
Backorder Roadmap,,,failed,False,2026-08-18T22:06:03.591349+09:00
Backorder Roster,,,failed,False,2026-08-19T00:37:26.885782+09:00
Backorder Route,,,failed,False,2026-08-17T20:47:13.736905+09:00
Backorder Rule,,,failed,False,2026-08-23T03:20:56.810289+09:00
Backorder Sale,,,failed,False,2026-08-21T02:24:27.084847+09:00
Backorder Sample,,,failed,False,2026-08-19T21:55:44.120814+09:00
Backorder Scale,,,failed,False,2026-08-17T20:48:31.729678+09:00
Backorder Scanner,,,failed,False,2026-08-27T23:55:30.843972+09:00
Backorder Scheduler,,,failed,False,2026-08-17T23:14:59.429645+09:00
Backorder Scope,,,failed,False,2026-08-17T20:45:40.214755+09:00
Backorder Score,,,failed,False,2026-08-19T13:31:09.832283+09:00
Backorder Sentry,,,failed,False,2026-08-17T20:38:16.946588+09:00
Backorder Sheet,,,failed,False,2026-08-19T13:30:57.828554+09:00
Backorder Shortfall,,,failed,False,2026-08-27T21:46:21.323370+09:00
Backorder Signal,,,failed,False,2026-08-17T20:47:53.457764+09:00
Backorder Signature,,,failed,False,2026-08-23T13:28:05.717329+09:00
Backorder Slip,,,failed,False,2026-08-19T21:55:31.155886+09:00
Backorder Slot,,,failed,False,2026-08-19T21:55:51.993679+09:00
Backorder Snapshot,,,failed,False,2026-08-18T22:05:00.347281+09:00
Backorder Stage,,,failed,False,2026-08-28T00:47:48.349607+09:00
Backorder Stake,,,failed,False,2026-08-23T02:55:41.389421+09:00
Backorder Stamp,20.0,73.0,success,False,2026-08-23T13:28:07.800496+09:00
Backorder Statement,,,failed,False,2026-08-21T00:34:59.250399+09:00
Backorder Station,,,failed,False,2026-08-17T21:40:37.066671+09:00
Backorder Status,90.0,0.0,success,False,2026-08-19T20:47:55.040652+09:00
Backorder Studio,,,failed,False,2026-08-18T07:43:42.936129+09:00
Backorder Subsidy,,,failed,False,2026-08-23T15:53:08.210333+09:00
Backorder Suite,,,failed,False,2026-08-17T23:13:22.671425+09:00
Backorder Sum,,,failed,False,2026-08-21T02:24:04.256033+09:00
Backorder Summary,,,failed,False,2026-08-19T21:06:51.339410+09:00
Backorder Surtax,,,failed,False,2026-08-23T15:53:10.362751+09:00
Backorder Sync,,,failed,False,2026-08-17T20:33:40.236931+09:00
Backorder Table,,,failed,False,2026-08-19T21:55:14.913375+09:00
Backorder Tag,,,failed,False,2026-08-19T13:31:44.608385+09:00
Backorder Tally,,,failed,False,2026-08-21T00:35:01.453915+09:00
Backorder Tariff,,,failed,False,2026-08-21T02:40:47.085181+09:00
Backorder Tax,,,failed,False,2026-08-21T02:08:11.666475+09:00
Backorder Terminal,,,failed,False,2026-08-17T23:10:28.342550+09:00
Backorder Ticker,,,failed,False,2026-08-19T12:27:46.282540+09:00
Backorder Ticket,,,failed,False,2026-08-19T21:07:45.336017+09:00
Backorder Timeline,,,failed,False,2026-08-19T21:07:04.594270+09:00
Backorder Timer,,,failed,False,2026-08-28T00:25:05.172390+09:00
Backorder Toll,,,failed,False,2026-08-21T02:40:38.159052+09:00
Backorder Toolbox,,,failed,False,2026-08-28T00:25:13.091211+09:00
Backorder Toolkit,,,failed,False,2026-08-18T22:04:29.881802+09:00
Backorder Total,,,failed,False,2026-08-27T23:12:29.033332+09:00
Backorder Tracker,,,failed,False,2026-08-17T20:34:33.124318+09:00
Backorder Trail,,,failed,False,2026-08-17T20:44:14.789024+09:00
Backorder Trend,,,failed,False,2026-08-28T01:06:21.038746+09:00
Backorder Trial,,,failed,False,2026-08-27T21:14:11.708321+09:00
Backorder Unit,,,failed,False,2026-08-21T01:50:57.666770+09:00
Backorder Update,,,failed,False,2026-08-19T20:48:35.358478+09:00
Backorder Value,,,failed,False,2026-08-23T02:55:38.114180+09:00
Backorder Vault,,,failed,False,2026-08-17T21:36:43.981322+09:00
Backorder Version,,,failed,False,2026-08-23T03:20:46.771409+09:00
Backorder View,,,failed,False,2026-08-19T20:48:02.759483+09:00
Backorder Voucher,,,failed,False,2026-08-21T00:34:49.507039+09:00
Backorder Watch,,,failed,False,2026-08-17T20:46:31.116711+09:00
Backorder Wave,,,failed,False,2026-08-17T20:42:04.175878+09:00
Backorder Widget,,,failed,False,2026-08-27T23:12:32.092351+09:00
Backorder Workbench,,,failed,False,2026-08-18T22:04:18.397619+09:00
Backorder Worksheet,,,failed,False,2026-08-27T22:08:24.051026+09:00
Backorder Workshop,,,failed,False,2026-08-28T00:25:07.962787+09:00
Backorder Zone,10.0,,success,False,2026-08-17T21:36:17.240271+09:00
Backup Advisory,,,failed,False,2026-08-21T01:06:56.173532+09:00
Backup Allowance,,,failed,False,2026-08-21T02:44:46.644995+09:00
Backup Almanac,,,failed,False,2026-08-18T22:04:42.771017+09:00
Backup Analyzer,10.0,2.0,success,False,2026-08-27T23:52:45.278124+09:00
Backup Anchor,,,failed,False,2026-08-17T21:39:28.354494+09:00
Backup Arrears,,,failed,False,2026-08-23T16:11:37.487376+09:00
Backup Asset,10.0,0.0,success,False,2026-08-23T13:45:24.772737+09:00
Backup Assistant,590.0,20.0,success,False,2026-08-17T23:10:52.063537+09:00
Backup Atlas,,,failed,False,2026-08-17T20:46:14.149623+09:00
Backup Badge,,,failed,False,2026-08-21T00:33:43.074758+09:00
Backup Base,30.0,8.0,success,False,2026-08-17T20:43:05.974432+09:00
Backup Beacon,,,failed,False,2026-08-17T20:32:44.310093+09:00
Backup Bill,140.0,1.0,success,False,2026-08-19T21:57:51.707228+09:00
Backup Blueprint,,,failed,False,2026-08-18T22:04:34.092675+09:00
Backup Board,50.0,2.0,success,False,2026-08-17T20:40:41.186342+09:00
Backup Book,40.0,0.0,success,False,2026-08-19T21:58:36.842594+09:00
Backup Bridge,,,failed,False,2026-08-17T21:41:34.183941+09:00
Backup Brief,,,failed,False,2026-08-21T01:06:45.397337+09:00
Backup Bulletin,,,failed,False,2026-08-21T01:06:42.544203+09:00
Backup Cabinet,,,failed,False,2026-08-27T23:11:08.284499+09:00
Backup Calculator,320.0,0.0,success,False,2026-08-27T23:33:05.663722+09:00
Backup Calendar,110.0,0.0,success,False,2026-08-19T00:01:46.968095+09:00
Backup Card,90.0,5.0,success,False,2026-08-19T13:26:18.300818+09:00
Backup Cascade,,,failed,False,2026-08-18T07:43:49.584727+09:00
Backup Cash,20.0,4.0,success,False,2026-08-21T02:29:40.223505+09:00
Backup Catalog,50.0,6.0,success,False,2026-08-19T21:14:39.007898+09:00
Backup Category,10.0,2.0,success,False,2026-08-23T13:10:06.026404+09:00
Backup Center,170.0,2.0,success,False,2026-08-17T20:35:08.080059+09:00
Backup Chain,390.0,10.0,success,False,2026-08-17T21:33:19.243075+09:00
Backup Charge,1000.0,97.0,success,False,2026-08-21T02:44:37.347457+09:00
Backup Check,90.0,2.0,success,False,2026-08-19T13:27:04.208602+09:00
Backup Checker,90.0,2.0,success,False,2026-08-27T23:52:37.462117+09:00
Backup Checklist,40.0,1.0,success,False,2026-08-19T21:13:44.257474+09:00
Backup Circular,,,failed,False,2026-08-21T01:06:51.131996+09:00
Backup Cockpit,,,failed,False,2026-08-17T23:33:03.029797+09:00
Backup Code,12100.0,4.0,success,False,2026-08-19T21:58:11.207870+09:00
Backup Codex,10.0,1.0,success,False,2026-08-18T22:05:02.516248+09:00
Backup Companion,,,failed,False,2026-08-17T23:08:54.682716+09:00
Backup Comparison,10.0,12.0,success,False,2026-08-28T01:03:25.191639+09:00
Backup Compass,,,failed,False,2026-08-17T20:33:47.539654+09:00
Backup Compendium,,,failed,False,2026-08-18T22:04:53.198463+09:00
Backup Confirmation,,,failed,False,2026-08-21T01:07:05.419425+09:00
Backup Console,20.0,1.0,success,False,2026-08-17T20:32:08.584337+09:00
Backup Contribution,,,failed,False,2026-08-23T16:11:34.314985+09:00
Backup Converter,10.0,4.0,success,False,2026-08-27T23:33:05.663722+09:00
Backup Core,,,failed,False,2026-08-17T20:42:12.704128+09:00
Backup Cost,40.0,8.0,success,False,2026-08-21T02:13:47.898953+09:00
Backup Count,,,failed,False,2026-08-27T22:45:43.680386+09:00
Backup Counter,10.0,0.0,success,False,2026-08-19T00:02:34.221000+09:00
Backup Dashboard,70.0,8.0,success,False,2026-08-17T23:14:07.437972+09:00
Backup Deal,,,failed,False,2026-08-21T01:58:22.092915+09:00
Backup Debt,,,failed,False,2026-08-21T02:29:31.555266+09:00
Backup Deck,,,failed,False,2026-08-17T20:39:51.023967+09:00
Backup Depot,,,failed,False,2026-08-19T00:02:18.071698+09:00
Backup Desk,10.0,96.0,success,False,2026-08-17T20:37:34.472176+09:00
Backup Detail,,,failed,False,2026-08-23T03:24:21.370472+09:00
Backup Detector,10.0,0.0,success,False,2026-08-27T23:52:42.913738+09:00
Backup Diagram,90.0,0.0,success,False,2026-08-27T22:07:54.366638+09:00
Backup Dial,,,failed,False,2026-08-18T07:52:35.571361+09:00
Backup Digest,,,failed,False,2026-08-19T20:42:48.667396+09:00
Backup Directory,40.0,1.0,success,False,2026-08-19T00:01:53.326080+09:00
Backup Discount,,,failed,False,2026-08-23T16:11:27.999005+09:00
Backup Dock,,,failed,False,2026-08-17T21:36:26.445152+09:00
Backup Dossier,10.0,0.0,success,False,2026-08-21T01:07:09.616987+09:00
Backup Due,,,failed,False,2026-08-23T15:50:21.646134+09:00
Backup Duty,20.0,0.0,success,False,2026-08-21T02:44:40.179717+09:00
Backup Engine,30.0,6.0,success,False,2026-08-17T23:32:05.926406+09:00
Backup Entry,,,failed,False,2026-08-21T01:07:24.154176+09:00
Backup Estimate,,,failed,False,2026-08-19T21:14:25.391974+09:00
Backup Estimator,,,failed,False,2026-08-27T23:52:35.044281+09:00
Backup Excerpt,,,failed,False,2026-08-21T01:07:19.627545+09:00
Backup Fare,,,failed,False,2026-08-21T02:13:51.922112+09:00
Backup Fee,,,failed,False,2026-08-21T01:58:02.709797+09:00
Backup Feed,,,failed,False,2026-08-19T20:43:01.232728+09:00
Backup File,2900.0,16.0,success,False,2026-08-19T20:42:25.910879+09:00
Backup Finder,20.0,6.0,success,False,2026-08-19T00:02:09.626106+09:00
Backup Fine,,,failed,False,2026-08-23T02:58:24.249422+09:00
Backup Flag,10.0,0.0,success,False,2026-08-21T00:34:21.181247+09:00
Backup Flow,40.0,4.0,success,False,2026-08-17T20:40:17.203996+09:00
Backup Forge,,,failed,False,2026-08-17T20:31:35.680631+09:00
Backup Form,170.0,2.0,success,False,2026-08-19T13:26:10.178451+09:00
Backup Format,170.0,2.0,success,False,2026-08-23T13:10:08.705068+09:00
Backup Frame,,,failed,False,2026-08-17T20:43:58.581518+09:00
Backup Fund,50.0,1.0,success,False,2026-08-21T02:29:36.697010+09:00
Backup Gate,,,failed,False,2026-08-17T20:48:44.119140+09:00
Backup Grade,,,failed,False,2026-08-21T00:34:07.252682+09:00
Backup Graph,,,failed,False,2026-08-27T22:07:41.421571+09:00
Backup Grid,40.0,29.0,success,False,2026-08-17T21:33:45.075228+09:00
Backup Guarantee,,,failed,False,2026-08-28T01:03:33.167279+09:00
Backup Guard,90.0,2.0,success,False,2026-08-17T20:42:36.789908+09:00
Backup Guardian,30.0,2.0,success,False,2026-08-28T00:22:49.083106+09:00
Backup Guidebook,,,failed,False,2026-08-18T22:04:12.568895+09:00
Backup Helpdesk,,,failed,False,2026-08-27T22:45:51.425899+09:00
Backup Helper,50.0,8.0,success,False,2026-08-28T00:22:54.713063+09:00
Backup History,260.0,4.0,success,False,2026-08-19T20:42:17.170868+09:00
Backup Hotline,,,failed,False,2026-08-19T21:14:49.838669+09:00
Backup Hub,50.0,77.0,success,False,2026-08-17T20:39:21.363517+09:00
Backup Identifier,,,failed,False,2026-08-23T13:10:03.956535+09:00
Backup Index,10.0,19.0,success,False,2026-08-19T21:13:54.945157+09:00
Backup Insight,,,failed,False,2026-08-17T23:32:52.026751+09:00
Backup Installment,,,failed,False,2026-08-23T16:11:31.628533+09:00
Backup Item,30.0,1.0,success,False,2026-08-21T01:58:06.326002+09:00
Backup Journal,10.0,0.0,success,False,2026-08-18T22:03:49.519359+09:00
Backup Keeper,50.0,10.0,success,False,2026-08-17T20:44:22.162347+09:00
Backup Kit,40.0,57.0,success,False,2026-08-27T22:45:40.412271+09:00
Backup Lab,50.0,6.0,success,False,2026-08-17T20:38:03.705761+09:00
Backup Label,10.0,0.0,success,False,2026-08-27T22:07:45.490805+09:00
Backup Ledger,140.0,33.0,success,False,2026-08-17T20:41:22.469867+09:00
Backup Lens,10.0,0.0,success,False,2026-08-17T20:44:46.784780+09:00
Backup Level,20.0,5.0,success,False,2026-08-19T20:42:29.664942+09:00
Backup Link,260.0,6.0,success,False,2026-08-23T03:24:13.637906+09:00
Backup List,170.0,3.0,success,False,2026-08-19T21:58:22.475915+09:00
Backup Loan,10.0,37.0,success,False,2026-08-21T02:13:59.319117+09:00
Backup Locator,,,failed,False,2026-08-19T00:02:04.506577+09:00
Backup Lock,20.0,1.0,success,False,2026-08-17T20:46:51.703605+09:00
Backup Log,170.0,3.0,success,False,2026-08-19T13:25:58.679936+09:00
Backup Loop,10.0,0.0,success,False,2026-08-17T21:34:50.586670+09:00
Backup Manager,720.0,11.0,success,False,2026-08-17T20:43:32.566232+09:00
Backup Manual,260.0,1.0,success,False,2026-08-27T22:07:48.909558+09:00
Backup Map,50.0,0.0,success,False,2026-08-17T20:45:50.172264+09:00
Backup Memo,30.0,1.0,success,False,2026-08-21T00:34:11.970110+09:00
Backup Message,1900.0,24.0,success,False,2026-08-27T23:11:01.656662+09:00
Backup Meter,,,failed,False,2026-08-17T21:40:51.783967+09:00
Backup Metrics,10.0,4.0,success,False,2026-08-17T23:07:13.674847+09:00
Backup Monitor,320.0,55.0,success,False,2026-08-17T23:12:27.386442+09:00
Backup Navigator,10.0,25.0,success,False,2026-08-17T23:33:15.463532+09:00
Backup Nexus,70.0,11.0,success,False,2026-08-17T20:47:28.313560+09:00
Backup Node,10.0,6.0,success,False,2026-08-17T21:31:00.206645+09:00
Backup Note,210.0,5.0,success,False,2026-08-19T13:27:27.071698+09:00
Backup Notification,30.0,0.0,success,False,2026-08-27T22:45:37.997038+09:00
Backup Number,480.0,17.0,success,False,2026-08-23T03:24:05.243173+09:00
Backup Office,320.0,8.0,success,False,2026-08-19T00:02:24.547164+09:00
Backup Ops,,,failed,False,2026-08-17T22:48:03.176041+09:00
Backup Order,30.0,0.0,success,False,2026-08-19T21:57:37.806809+09:00
Backup Organizer,10.0,17.0,success,False,2026-08-17T23:32:37.778770+09:00
Backup Overdue,,,failed,False,2026-08-27T21:46:08.601206+09:00
Backup Panel,12100.0,27.0,success,False,2026-08-18T07:52:25.028656+09:00
Backup Path,20.0,0.0,success,False,2026-08-17T21:30:27.922058+09:00
Backup Penalty,,,failed,False,2026-08-23T16:37:21.516331+09:00
Backup Petition,,,failed,False,2026-08-21T01:07:00.683520+09:00
Backup Pilot,10.0,1.0,success,False,2026-08-17T20:38:26.412397+09:00
Backup Plan,9900.0,0.0,success,True,2026-08-21T01:58:16.207160+09:00
Backup Planner,9900.0,0.0,success,True,2026-08-17T23:32:25.255075+09:00
Backup Playbook,10.0,7.0,success,False,2026-08-18T22:03:30.222566+09:00
Backup Point,50.0,3.0,success,False,2026-08-17T20:48:09.439521+09:00
Backup Portal,30.0,14.0,success,False,2026-08-17T20:33:18.087238+09:00
Backup Preview,,,failed,False,2026-08-28T01:03:27.794966+09:00
Backup Profile,70.0,2.0,success,False,2026-08-19T13:27:53.720083+09:00
Backup Profit,,,failed,False,2026-08-23T02:58:14.811642+09:00
Backup Proposal,10.0,0.0,success,False,2026-08-28T01:03:30.600111+09:00
Backup Pulse,,,failed,False,2026-08-17T21:32:47.122898+09:00
Backup Queue,,,failed,False,2026-08-19T21:14:14.890297+09:00
Backup Quota,,,failed,False,2026-08-21T00:34:16.638003+09:00
Backup Radar,1000.0,25.0,success,False,2026-08-17T20:36:38.149505+09:00
Backup Rail,,,failed,False,2026-08-17T21:35:20.515813+09:00
Backup Rate,30.0,0.0,success,False,2026-08-19T20:42:34.910732+09:00
Backup Recap,,,failed,False,2026-08-21T01:07:15.275377+09:00
Backup Receipt,,,failed,False,2026-08-19T21:57:59.626776+09:00
Backup Register,720.0,1.0,success,False,2026-08-17T23:33:28.426699+09:00
Backup Registry,720.0,1.0,success,False,2026-08-18T22:04:23.726026+09:00
Backup Relay,50.0,4.0,success,False,2026-08-17T20:35:40.356029+09:00
Backup Reminder,40.0,0.0,success,False,2026-08-19T21:13:31.913325+09:00
Backup Report,90.0,11.0,success,False,2026-08-19T13:25:50.130591+09:00
Backup Repository,210.0,4.0,success,False,2026-08-27T23:11:14.046678+09:00
Backup Result,10.0,0.0,success,False,2026-08-28T00:46:33.624903+09:00
Backup Roadmap,,,failed,False,2026-08-18T22:05:13.758359+09:00
Backup Roster,,,failed,False,2026-08-19T00:38:45.524694+09:00
Backup Route,880.0,88.0,success,False,2026-08-17T21:37:30.311680+09:00
Backup Rule,140.0,7.0,success,False,2026-08-23T03:24:18.387553+09:00
Backup Sale,10.0,0.0,success,False,2026-08-21T02:29:43.973308+09:00
Backup Sample,10.0,1.0,success,False,2026-08-19T21:58:56.766000+09:00
Backup Scale,,,failed,False,2026-08-17T21:38:37.304138+09:00
Backup Scanner,20.0,6.0,success,False,2026-08-27T23:52:37.462117+09:00
Backup Scheduler,480.0,4.0,success,False,2026-08-17T23:05:21.665981+09:00
Backup Schematic,,,failed,False,2026-08-27T22:28:39.838514+09:00
Backup Scope,10.0,9.0,success,False,2026-08-17T21:35:54.911296+09:00
Backup Score,10.0,0.0,success,False,2026-08-19T13:27:15.417105+09:00
Backup Sentry,,,failed,False,2026-08-17T20:45:24.269018+09:00
Backup Sheet,110.0,0.0,success,False,2026-08-19T13:26:44.223162+09:00
Backup Signal,12100.0,0.0,success,True,2026-08-17T21:38:05.775829+09:00
Backup Signature,,,failed,False,2026-08-23T13:28:24.221193+09:00
Backup Slip,,,failed,False,2026-08-19T21:58:48.612097+09:00
Backup Slot,40.0,0.0,success,False,2026-08-19T21:59:04.972402+09:00
Backup Snapshot,720.0,4.0,success,False,2026-08-18T22:04:00.845205+09:00
Backup Stage,10.0,1.0,success,False,2026-08-28T00:46:30.511685+09:00
Backup Stake,,,failed,False,2026-08-23T02:58:18.393651+09:00
Backup Statement,10.0,0.0,success,False,2026-08-21T00:33:53.387508+09:00
Backup Station,70.0,90.0,success,False,2026-08-17T20:37:05.313557+09:00
Backup Status,140.0,1.0,success,False,2026-08-19T20:42:03.452660+09:00
Backup Streak,10.0,,success,False,2026-08-28T00:46:33.624903+09:00
Backup Stub,,,failed,False,2026-08-21T00:33:48.597432+09:00
Backup Studio,880.0,9.0,success,False,2026-08-17T20:38:53.767345+09:00
Backup Suite,30.0,32.0,success,False,2026-08-17T23:03:39.400104+09:00
Backup Sum,,,failed,False,2026-08-21T02:29:27.497336+09:00
Backup Summary,,,failed,False,2026-08-19T21:13:11.253613+09:00
Backup Sync,210.0,20.0,success,False,2026-08-17T20:41:01.819842+09:00
Backup Tab,170.0,1.0,success,False,2026-08-21T00:34:25.670499+09:00
Backup Table,90.0,0.0,success,False,2026-08-19T21:58:30.244900+09:00
Backup Tag,20.0,0.0,success,False,2026-08-19T13:27:42.741110+09:00
Backup Tally,480.0,0.0,success,False,2026-08-21T00:34:01.894402+09:00
Backup Tariff,,,failed,False,2026-08-21T02:44:49.670355+09:00
Backup Tax,10.0,0.0,success,False,2026-08-21T02:13:55.363048+09:00
Backup Ticket,10.0,0.0,success,False,2026-08-19T21:14:05.700076+09:00
Backup Tier,30.0,5.0,success,False,2026-08-28T00:46:36.452526+09:00
Backup Timeline,40.0,0.0,success,False,2026-08-19T21:13:21.149067+09:00
Backup Timer,320.0,0.0,success,False,2026-08-28T00:22:42.376773+09:00
Backup Token,10.0,5.0,success,False,2026-08-23T13:28:22.129962+09:00
Backup Toll,,,failed,False,2026-08-21T02:44:44.036553+09:00
Backup Toolbox,,,failed,False,2026-08-28T00:22:52.095414+09:00
Backup Toolkit,10.0,17.0,success,False,2026-08-18T22:03:16.704658+09:00
Backup Total,70.0,8.0,success,False,2026-08-27T23:11:04.616430+09:00
Backup Tracker,40.0,7.0,success,False,2026-08-17T20:41:53.253624+09:00
Backup Trail,,,failed,False,2026-08-17T21:34:20.474166+09:00
Backup Trend,10.0,,success,False,2026-08-28T01:03:21.195109+09:00
Backup Trial,20.0,46.0,success,False,2026-08-27T21:13:49.979348+09:00
Backup Unit,70.0,33.0,success,False,2026-08-21T01:58:09.087030+09:00
Backup Update,170.0,8.0,success,False,2026-08-19T20:42:43.732696+09:00
Backup Value,10.0,7.0,success,False,2026-08-23T02:58:18.393651+09:00
Backup Vault,480.0,13.0,success,False,2026-08-17T20:34:40.569545+09:00
Backup Version,90.0,5.0,success,False,2026-08-23T03:24:09.830834+09:00
Backup View,320.0,5.0,success,False,2026-08-19T20:42:09.827682+09:00
Backup Watch,110.0,1.0,success,False,2026-08-17T21:36:54.710856+09:00
Backup Wave,10.0,0.0,success,False,2026-08-17T21:31:35.848823+09:00
Backup Widget,10.0,0.0,success,False,2026-08-27T23:11:04.616430+09:00
Backup Workbench,10.0,0.0,success,False,2026-08-18T22:03:05.761687+09:00
Backup Worksheet,,,failed,False,2026-08-27T22:07:54.366638+09:00
Backup Zone,30.0,1.0,success,False,2026-08-17T20:34:17.127214+09:00
Backwash Advisory,,,failed,False,2026-08-21T00:58:59.914106+09:00
Backwash Alert,,,failed,False,2026-08-19T21:08:23.714003+09:00
Backwash Allowance,,,failed,False,2026-08-21T02:40:38.159052+09:00
Backwash Analyzer,,,failed,False,2026-08-27T23:52:30.197940+09:00
Backwash Announcement,,,failed,False,2026-08-27T23:32:36.959010+09:00
Backwash Assistant,,,failed,False,2026-08-19T21:32:42.554846+09:00
Backwash Atlas,,,failed,False,2026-08-19T21:32:34.534523+09:00
Backwash Attribute,,,failed,False,2026-08-23T13:08:02.630104+09:00
Backwash Badge,,,failed,False,2026-08-21T00:36:08.674469+09:00
Backwash Base,,,failed,False,2026-08-19T21:19:52.858825+09:00
Backwash Beacon,,,failed,False,2026-08-19T21:17:23.744501+09:00
Backwash Bill,,,failed,False,2026-08-19T22:00:08.446877+09:00
Backwash Bin,,,failed,False,2026-08-19T21:08:46.825044+09:00
Backwash Board,,,failed,False,2026-08-19T21:30:20.208348+09:00
Backwash Book,,,failed,False,2026-08-19T22:00:58.577087+09:00
Backwash Brief,,,failed,False,2026-08-21T00:58:49.473587+09:00
Backwash Bulletin,,,failed,False,2026-08-21T00:58:44.836971+09:00
Backwash Calculator,,,failed,False,2026-08-27T23:32:40.029337+09:00
Backwash Calendar,,,failed,False,2026-08-19T21:04:58.271286+09:00
Backwash Card,,,failed,False,2026-08-19T21:10:44.368255+09:00
Backwash Cascade,,,failed,False,2026-08-19T21:17:42.432873+09:00
Backwash Cash,,,failed,False,2026-08-21T02:24:39.206528+09:00
Backwash Catalog,,,failed,False,2026-08-19T21:15:27.386619+09:00
Backwash Category,,,failed,False,2026-08-23T13:07:59.189669+09:00
Backwash Center,,,failed,False,2026-08-19T21:31:07.393138+09:00
Backwash Chain,,,failed,False,2026-08-19T21:32:17.835679+09:00
Backwash Charge,,,failed,False,2026-08-21T02:40:27.519765+09:00
Backwash Chart,,,failed,False,2026-08-19T21:08:35.799168+09:00
Backwash Check,,,failed,False,2026-08-19T21:11:09.453565+09:00
Backwash Checker,,,failed,False,2026-08-27T23:52:13.665480+09:00
Backwash Checklist,,,failed,False,2026-08-19T21:14:27.953850+09:00
Backwash Circular,,,failed,False,2026-08-21T01:00:06.148655+09:00
Backwash Code,,,failed,False,2026-08-19T22:00:29.201659+09:00
Backwash Companion,,,failed,False,2026-08-19T21:03:36.529171+09:00
Backwash Comparison,,,failed,False,2026-08-28T01:03:37.882161+09:00
Backwash Compass,,,failed,False,2026-08-19T21:17:13.210771+09:00
Backwash Confirmation,,,failed,False,2026-08-21T00:59:08.363801+09:00
Backwash Core,,,failed,False,2026-08-19T21:20:05.379169+09:00
Backwash Cost,,,failed,False,2026-08-21T02:08:37.852191+09:00
Backwash Count,,,failed,False,2026-08-27T22:44:43.447057+09:00
Backwash Counter,,,failed,False,2026-08-19T21:06:00.178861+09:00
Backwash Deal,,,failed,False,2026-08-21T01:52:06.168283+09:00
Backwash Debt,,,failed,False,2026-08-21T02:24:30.364633+09:00
Backwash Deck,,,failed,False,2026-08-19T21:30:28.519556+09:00
Backwash Desk,,,failed,False,2026-08-19T21:16:21.953049+09:00
Backwash Detail,,,failed,False,2026-08-23T03:20:22.973389+09:00
Backwash Detector,,,failed,False,2026-08-27T23:52:26.282518+09:00
Backwash Diagram,40.0,0.0,success,False,2026-08-27T22:15:41.431097+09:00
Backwash Digest,,,failed,False,2026-08-19T21:13:23.011051+09:00
Backwash Directory,,,failed,False,2026-08-19T21:05:07.680797+09:00
Backwash Dossier,,,failed,False,2026-08-21T00:59:12.932532+09:00
Backwash Downpayment,,,failed,False,2026-08-27T21:50:46.767806+09:00
Backwash Draft,,,failed,False,2026-08-19T21:13:46.122895+09:00
Backwash Duty,,,failed,False,2026-08-21T02:40:30.595557+09:00
Backwash Entry,,,failed,False,2026-08-21T00:59:34.151010+09:00
Backwash Estimate,,,failed,False,2026-08-19T21:15:17.337039+09:00
Backwash Estimator,,,failed,False,2026-08-27T23:52:10.807826+09:00
Backwash Excerpt,,,failed,False,2026-08-21T00:59:21.503880+09:00
Backwash Fare,,,failed,False,2026-08-21T02:08:44.609671+09:00
Backwash Fee,,,failed,False,2026-08-21T01:51:47.599222+09:00
Backwash Feed,,,failed,False,2026-08-19T21:13:34.097161+09:00
Backwash Field,,,failed,False,2026-08-23T13:08:05.055975+09:00
Backwash File,,,failed,False,2026-08-19T21:12:37.502456+09:00
Backwash Finder,,,failed,False,2026-08-19T21:05:32.048024+09:00
Backwash Fine,,,failed,False,2026-08-23T02:55:31.768897+09:00
Backwash Flag,,,failed,False,2026-08-21T00:36:37.815514+09:00
Backwash Flow,10.0,4.0,success,False,2026-08-19T21:16:00.282567+09:00
Backwash Form,,,failed,False,2026-08-19T21:10:34.981799+09:00
Backwash Format,,,failed,False,2026-08-23T13:08:07.144549+09:00
Backwash Frame,,,failed,False,2026-08-19T21:19:43.238592+09:00
Backwash Fund,,,failed,False,2026-08-21T02:24:33.883948+09:00
Backwash Gate,,,failed,False,2026-08-19T21:32:28.691012+09:00
Backwash Generator,,,failed,False,2026-08-27T23:32:42.762901+09:00
Backwash Grade,,,failed,False,2026-08-21T00:36:23.638187+09:00
Backwash Graph,,,failed,False,2026-08-27T22:15:25.153546+09:00
Backwash Grid,,,failed,False,2026-08-19T21:18:40.810817+09:00
Backwash Guardian,,,failed,False,2026-08-28T00:22:36.820060+09:00
Backwash Helpdesk,,,failed,False,2026-08-27T22:44:46.439478+09:00
Backwash Helper,,,failed,False,2026-08-28T00:22:42.376773+09:00
Backwash History,,,failed,False,2026-08-19T21:12:28.088394+09:00
Backwash Hotline,,,failed,False,2026-08-19T21:15:38.736251+09:00
Backwash Hub,,,failed,False,2026-08-19T21:16:09.798326+09:00
Backwash Identifier,,,failed,False,2026-08-23T13:07:55.793530+09:00
Backwash Inbox,,,failed,False,2026-08-19T21:08:13.592372+09:00
Backwash Index,,,failed,False,2026-08-19T21:14:39.007898+09:00
Backwash Item,,,failed,False,2026-08-21T01:51:52.747806+09:00
Backwash Journal,,,failed,False,2026-08-19T21:04:31.572257+09:00
Backwash Keeper,,,failed,False,2026-08-19T21:32:36.347329+09:00
Backwash Kit,,,failed,False,2026-08-27T22:44:35.371350+09:00
Backwash Lab,,,failed,False,2026-08-19T21:30:42.715680+09:00
Backwash Ledger,,,failed,False,2026-08-19T21:30:14.177717+09:00
Backwash Level,,,failed,False,2026-08-19T21:12:47.142527+09:00
Backwash Line,50.0,25.0,success,False,2026-08-19T21:09:34.510109+09:00
Backwash Link,,,failed,False,2026-08-23T03:20:15.434284+09:00
Backwash List,,,failed,False,2026-08-19T22:00:41.038270+09:00
Backwash Loan,,,failed,False,2026-08-21T02:08:56.102085+09:00
Backwash Locker,,,failed,False,2026-08-19T21:06:11.173737+09:00
Backwash Log,,,failed,False,2026-08-19T21:10:24.800768+09:00
Backwash Loop,,,failed,False,2026-08-19T21:18:30.637363+09:00
Backwash Manager,,,failed,False,2026-08-19T21:32:38.095873+09:00
Backwash Manual,,,failed,False,2026-08-27T22:15:29.214068+09:00
Backwash Map,10.0,0.0,success,False,2026-08-19T21:19:30.531478+09:00
Backwash Margin,,,failed,False,2026-08-23T02:55:28.144750+09:00
Backwash Memo,,,failed,False,2026-08-21T00:36:28.428699+09:00
Backwash Message,,,failed,False,2026-08-27T23:10:24.868971+09:00
Backwash Monitor,,,failed,False,2026-08-19T21:03:21.176777+09:00
Backwash Nexus,,,failed,False,2026-08-19T21:32:30.611292+09:00
Backwash Note,,,failed,False,2026-08-19T21:11:29.135916+09:00
Backwash Notification,,,failed,False,2026-08-27T22:44:33.124302+09:00
Backwash Number,,,failed,False,2026-08-23T03:20:07.416918+09:00
Backwash Office,,,failed,False,2026-08-19T21:05:47.568804+09:00
Backwash Ops,,,failed,False,2026-08-19T21:04:06.353252+09:00
Backwash Order,,,failed,False,2026-08-19T21:59:58.757000+09:00
Backwash Overage,,,failed,False,2026-08-27T21:50:44.551751+09:00
Backwash Overdue,,,failed,False,2026-08-27T21:50:42.355855+09:00
Backwash Panel,,,failed,False,2026-08-19T21:31:38.211604+09:00
Backwash Pass,,,failed,False,2026-08-21T00:35:57.334663+09:00
Backwash Path,,,failed,False,2026-08-19T21:19:06.268561+09:00
Backwash Payoff,,,failed,False,2026-08-27T21:50:42.355855+09:00
Backwash Petition,,,failed,False,2026-08-21T00:59:03.951352+09:00
Backwash Plan,,,failed,False,2026-08-21T01:51:56.272630+09:00
Backwash Planner,,,failed,False,2026-08-19T21:32:44.531306+09:00
Backwash Playbook,,,failed,False,2026-08-19T21:04:17.654082+09:00
Backwash Point,,,failed,False,2026-08-19T21:19:19.264899+09:00
Backwash Portal,,,failed,False,2026-08-19T21:31:21.634231+09:00
Backwash Profile,,,failed,False,2026-08-19T21:11:53.117390+09:00
Backwash Profit,,,failed,False,2026-08-23T02:55:17.140000+09:00
Backwash Proposal,,,failed,False,2026-08-28T01:03:40.758183+09:00
Backwash Queue,,,failed,False,2026-08-19T21:15:04.533430+09:00
Backwash Quota,,,failed,False,2026-08-21T00:36:33.618056+09:00
Backwash Radar,,,failed,False,2026-08-19T21:16:32.174515+09:00
Backwash Rail,,,failed,False,2026-08-19T21:32:03.032645+09:00
Backwash Rate,10.0,4.0,success,False,2026-08-19T21:12:57.141262+09:00
Backwash Recap,,,failed,False,2026-08-21T00:59:28.178022+09:00
Backwash Receipt,,,failed,False,2026-08-19T22:00:20.280558+09:00
Backwash Recorder,,,failed,False,2026-08-27T23:32:47.063702+09:00
Backwash Register,,,failed,False,2026-08-19T21:03:53.179213+09:00
Backwash Registry,,,failed,False,2026-08-19T21:04:44.071622+09:00
Backwash Relay,,,failed,False,2026-08-19T21:16:46.731573+09:00
Backwash Reminder,,,failed,False,2026-08-19T21:14:17.350894+09:00
Backwash Report,,,failed,False,2026-08-19T21:10:13.375829+09:00
Backwash Result,,,failed,False,2026-08-28T00:46:33.624903+09:00
Backwash Ring,,,failed,False,2026-08-19T21:32:26.609245+09:00
Backwash Roster,,,failed,False,2026-08-19T21:08:03.467133+09:00
Backwash Route,,,failed,False,2026-08-19T21:31:54.531543+09:00
Backwash Rule,,,failed,False,2026-08-23T03:20:18.367542+09:00
Backwash Sale,,,failed,False,2026-08-21T02:24:43.440499+09:00
Backwash Sample,,,failed,False,2026-08-19T22:01:17.483163+09:00
Backwash Scale,,,failed,False,2026-08-19T21:31:47.611554+09:00
Backwash Scanner,,,failed,False,2026-08-27T23:52:16.469073+09:00
Backwash Scheduler,,,failed,False,2026-08-19T21:32:47.158972+09:00
Backwash Schematic,,,failed,False,2026-08-27T22:28:37.219396+09:00
Backwash Scope,,,failed,False,2026-08-19T21:18:17.728493+09:00
Backwash Score,,,failed,False,2026-08-19T21:11:19.546080+09:00
Backwash Sheet,,,failed,False,2026-08-19T21:10:58.611553+09:00
Backwash Shelf,,,failed,False,2026-08-19T21:07:53.338438+09:00
Backwash Shortfall,,,failed,False,2026-08-27T21:50:46.767806+09:00
Backwash Signal,,,failed,False,2026-08-19T21:17:59.528469+09:00
Backwash Slip,,,failed,False,2026-08-19T22:01:08.341225+09:00
Backwash Slot,,,failed,False,2026-08-19T22:01:27.807092+09:00
Backwash Stage,,,failed,False,2026-08-28T00:46:30.511685+09:00
Backwash Statement,,,failed,False,2026-08-21T00:36:16.111706+09:00
Backwash Station,70.0,100.0,success,False,2026-08-19T21:30:49.393699+09:00
Backwash Status,,,failed,False,2026-08-19T21:12:04.004296+09:00
Backwash Stub,,,failed,False,2026-08-21T00:36:11.342304+09:00
Backwash Studio,,,failed,False,2026-08-19T21:30:35.144264+09:00
Backwash Sum,,,failed,False,2026-08-21T02:24:23.153426+09:00
Backwash Summary,,,failed,False,2026-08-19T21:13:57.456241+09:00
Backwash Tab,,,failed,False,2026-08-21T00:36:40.261906+09:00
Backwash Table,,,failed,False,2026-08-19T22:00:50.592987+09:00
Backwash Tag,,,failed,False,2026-08-19T21:11:41.705907+09:00
Backwash Tally,,,failed,False,2026-08-21T00:36:18.143483+09:00
Backwash Tariff,,,failed,False,2026-08-21T02:40:41.069615+09:00
Backwash Tax,,,failed,False,2026-08-21T02:08:52.269018+09:00
Backwash Terminal,,,failed,False,2026-08-19T21:30:59.491804+09:00
Backwash Ticker,,,failed,False,2026-08-19T21:09:24.314607+09:00
Backwash Ticket,,,failed,False,2026-08-19T21:14:49.838669+09:00
Backwash Timeline,,,failed,False,2026-08-19T21:14:07.516927+09:00
Backwash Timer,,,failed,False,2026-08-28T00:22:34.191902+09:00
Backwash Toll,,,failed,False,2026-08-21T02:40:33.895660+09:00
Backwash Toolbox,,,failed,False,2026-08-28T00:22:39.734824+09:00
Backwash Tracker,,,failed,False,2026-08-19T21:15:48.074960+09:00
Backwash Trail,,,failed,False,2026-08-19T21:32:10.645735+09:00
Backwash Trial,,,failed,False,2026-08-27T21:19:46.309866+09:00
Backwash Unit,590.0,93.0,success,False,2026-08-21T01:51:57.784692+09:00
Backwash Update,,,failed,False,2026-08-19T21:13:13.092758+09:00
Backwash Value,,,failed,False,2026-08-23T02:55:21.397263+09:00
Backwash Vault,,,failed,False,2026-08-19T21:16:59.496910+09:00
Backwash Version,,,failed,False,2026-08-23T03:20:11.001534+09:00
Backwash View,,,failed,False,2026-08-19T21:12:15.731161+09:00
Backwash Voucher,,,failed,False,2026-08-21T00:36:02.867452+09:00
Backwash Watch,,,failed,False,2026-08-19T21:18:07.179482+09:00
Backwash Wave,210.0,0.0,success,False,2026-08-19T21:18:53.314989+09:00
Backwash Widget,,,failed,False,2026-08-27T23:10:28.498213+09:00
Backwash Window,,,failed,False,2026-08-19T21:09:48.311531+09:00
Backwash Worksheet,,,failed,False,2026-08-27T22:15:33.141509+09:00
Backwash Workshop,,,failed,False,2026-08-28T00:22:34.191902+09:00
Backwash Zone,,,failed,False,2026-08-19T21:31:14.747264+09:00
Badge Advance,,,failed,False,2026-08-23T16:16:29.053349+09:00
Badge Allowance,,,failed,False,2026-08-21T02:42:02.551252+09:00
Badge Almanac,,,failed,False,2026-08-18T22:10:06.625362+09:00
Badge Analyzer,,,failed,False,2026-08-27T23:59:26.259431+09:00
Badge Anchor,,,failed,False,2026-08-17T21:41:04.521769+09:00
Badge Arrears,,,failed,False,2026-08-23T16:16:26.754683+09:00
Badge Assistant,10.0,49.0,success,False,2026-08-17T23:26:13.004123+09:00
Badge Atlas,,,failed,False,2026-08-17T20:46:53.844827+09:00
Badge Attribute,,,failed,False,2026-08-23T13:08:17.193422+09:00
Badge Balance,,,failed,False,2026-08-23T13:47:58.149011+09:00
Badge Base,140.0,12.0,success,False,2026-08-17T20:43:34.295212+09:00
Badge Beacon,10.0,0.0,success,False,2026-08-17T20:33:21.754611+09:00
Badge Bill,,,failed,False,2026-08-19T21:47:46.224144+09:00
Badge Blueprint,,,failed,False,2026-08-18T22:09:58.381010+09:00
Badge Board,480.0,54.0,success,False,2026-08-17T20:41:03.029394+09:00
Badge Book,590.0,64.0,success,False,2026-08-19T21:48:58.615287+09:00
Badge Bridge,70.0,0.0,success,False,2026-08-18T07:52:37.222006+09:00
Badge Brief,,,failed,False,2026-08-21T01:01:25.263035+09:00
Badge Bulletin,,,failed,False,2026-08-21T01:01:22.274781+09:00
Badge Cabinet,40.0,26.0,success,False,2026-08-27T23:16:34.240680+09:00
Badge Calendar,30.0,1.0,success,False,2026-08-19T00:03:53.943426+09:00
Badge Card,1300.0,95.0,success,False,2026-08-19T13:34:28.843739+09:00
Badge Cascade,1000.0,0.0,success,True,2026-08-18T07:52:27.935751+09:00
Badge Cash,,,failed,False,2026-08-21T02:26:24.473700+09:00
Badge Catalog,10.0,43.0,success,False,2026-08-19T21:04:42.466598+09:00
Badge Category,10.0,0.0,success,False,2026-08-23T13:08:15.174863+09:00
Badge Center,1000.0,0.0,success,True,2026-08-17T20:35:44.075031+09:00
Badge Chain,260.0,100.0,success,False,2026-08-17T21:33:48.082783+09:00
Badge Charge,10.0,24.0,success,False,2026-08-21T02:41:49.318667+09:00
Badge Check,210.0,0.0,success,False,2026-08-19T13:35:21.181056+09:00
Badge Checker,210.0,0.0,success,False,2026-08-27T23:59:23.650703+09:00
Badge Checklist,,,failed,False,2026-08-19T21:03:33.928340+09:00
Badge Cockpit,,,failed,False,2026-08-17T23:13:32.470918+09:00
Badge Code,170.0,1.0,success,False,2026-08-19T21:48:17.560358+09:00
Badge Codex,,,failed,False,2026-08-18T22:10:20.360888+09:00
Badge Companion,,,failed,False,2026-08-17T23:27:23.938977+09:00
Badge Comparison,10.0,0.0,success,False,2026-08-28T01:01:39.377915+09:00
Badge Compass,90.0,13.0,success,False,2026-08-17T20:34:18.335664+09:00
Badge Compendium,,,failed,False,2026-08-18T22:10:12.310168+09:00
Badge Confirmation,,,failed,False,2026-08-21T01:01:41.528292+09:00
Badge Console,,,failed,False,2026-08-17T20:32:47.475978+09:00
Badge Contribution,,,failed,False,2026-08-23T16:16:24.189782+09:00
Badge Core,,,failed,False,2026-08-17T20:42:41.908187+09:00
Badge Cost,110.0,61.0,success,False,2026-08-21T02:10:36.488938+09:00
Badge Count,3600.0,1.0,success,False,2026-08-27T22:51:07.925641+09:00
Badge Counter,3600.0,1.0,success,False,2026-08-19T00:04:39.958803+09:00
Badge Dashboard,,,failed,False,2026-08-17T23:27:13.113305+09:00
Badge Deal,10.0,0.0,success,False,2026-08-21T01:54:48.965214+09:00
Badge Debt,,,failed,False,2026-08-21T02:26:14.215239+09:00
Badge Deck,,,failed,False,2026-08-17T20:40:19.019495+09:00
Badge Depot,,,failed,False,2026-08-19T00:04:28.645558+09:00
Badge Desk,,,failed,False,2026-08-17T20:38:06.157627+09:00
Badge Detail,70.0,2.0,success,False,2026-08-23T03:21:12.022197+09:00
Badge Detector,,,failed,False,2026-08-27T23:59:26.259431+09:00
Badge Diagram,,,failed,False,2026-08-27T22:14:35.571737+09:00
Badge Dial,,,failed,False,2026-08-18T07:53:01.701423+09:00
Badge Digest,,,failed,False,2026-08-19T20:48:43.191337+09:00
Badge Directory,260.0,0.0,success,False,2026-08-19T00:04:01.106556+09:00
Badge Discount,90.0,3.0,success,False,2026-08-23T16:16:21.487176+09:00
Badge Dock,,,failed,False,2026-08-17T21:36:57.018160+09:00
Badge Dossier,,,failed,False,2026-08-21T01:01:44.513558+09:00
Badge Downpayment,,,failed,False,2026-08-27T21:49:57.609346+09:00
Badge Draft,,,failed,False,2026-08-19T20:48:55.006137+09:00
Badge Due,,,failed,False,2026-08-23T15:52:40.502270+09:00
Badge Duty,20.0,0.0,success,False,2026-08-21T02:41:51.779430+09:00
Badge Engine,40.0,0.0,success,False,2026-08-17T23:10:18.497736+09:00
Badge Entry,140.0,13.0,success,False,2026-08-21T01:02:54.788235+09:00
Badge Estimate,,,failed,False,2026-08-19T21:04:29.917389+09:00
Badge Estimator,,,failed,False,2026-08-27T23:59:20.883273+09:00
Badge Excerpt,,,failed,False,2026-08-21T01:02:52.646086+09:00
Badge Extension,40.0,44.0,success,False,2026-08-23T16:40:02.738352+09:00
Badge Fare,,,failed,False,2026-08-21T02:10:45.957047+09:00
Badge Fee,10.0,0.0,success,False,2026-08-21T01:54:32.681048+09:00
Badge Feed,,,failed,False,2026-08-19T20:48:48.411735+09:00
Badge Field,,,failed,False,2026-08-23T13:08:19.388505+09:00
Badge File,20.0,12.0,success,False,2026-08-19T20:48:20.425473+09:00
Badge Finder,70.0,1.0,success,False,2026-08-19T00:04:20.197700+09:00
Badge Fine,,,failed,False,2026-08-23T02:56:17.565255+09:00
Badge Flag,1000.0,87.0,success,False,2026-08-21T00:28:56.685784+09:00
Badge Flow,10.0,25.0,success,False,2026-08-17T20:40:42.163784+09:00
Badge Forge,,,failed,False,2026-08-17T20:32:10.469810+09:00
Badge Form,480.0,50.0,success,False,2026-08-19T13:34:20.014616+09:00
Badge Format,480.0,50.0,success,False,2026-08-23T13:08:21.567126+09:00
Badge Frame,480.0,40.0,success,False,2026-08-17T20:44:23.108645+09:00
Badge Fund,,,failed,False,2026-08-21T02:26:21.259847+09:00
Badge Gate,20.0,0.0,success,False,2026-08-17T21:30:30.781560+09:00
Badge Generator,390.0,31.0,success,False,2026-08-27T23:37:06.230002+09:00
Badge Grade,,,failed,False,2026-08-21T00:28:32.365756+09:00
Badge Grid,,,failed,False,2026-08-17T21:34:24.214520+09:00
Badge Guarantee,,,failed,False,2026-08-28T01:01:45.010115+09:00
Badge Guard,30.0,0.0,success,False,2026-08-17T20:43:08.098438+09:00
Badge Guardian,,,failed,False,2026-08-28T00:27:43.001225+09:00
Badge Guidebook,,,failed,False,2026-08-18T22:09:42.242317+09:00
Badge Helpdesk,,,failed,False,2026-08-27T22:51:13.312396+09:00
Badge Helper,20.0,1.0,success,False,2026-08-28T00:27:43.001225+09:00
Badge History,210.0,15.0,success,False,2026-08-19T20:48:12.973996+09:00
Badge Hotline,,,failed,False,2026-08-19T21:04:56.454622+09:00
Badge Hub,70.0,0.0,success,False,2026-08-17T20:39:52.233588+09:00
Badge Identifier,1300.0,100.0,success,False,2026-08-23T13:08:12.908274+09:00
Badge Index,,,failed,False,2026-08-19T21:03:51.507952+09:00
Badge Insight,,,failed,False,2026-08-17T23:06:29.811396+09:00
Badge Installment,,,failed,False,2026-08-23T16:16:24.189782+09:00
Badge Item,,,failed,False,2026-08-21T01:54:36.208936+09:00
Badge Journal,,,failed,False,2026-08-18T22:09:25.652147+09:00
Badge Keeper,70.0,94.0,success,False,2026-08-17T20:44:51.445524+09:00
Badge Kiosk,10.0,75.0,success,False,2026-08-19T00:37:00.689265+09:00
Badge Kit,260.0,99.0,success,False,2026-08-27T22:51:05.430430+09:00
Badge Lab,70.0,6.0,success,False,2026-08-17T20:38:31.317013+09:00
Badge Layout,90.0,20.0,success,False,2026-08-27T22:29:30.000621+09:00
Badge Ledger,,,failed,False,2026-08-17T20:41:54.470071+09:00
Badge Lens,,,failed,False,2026-08-17T20:45:26.162726+09:00
Badge Level,140.0,1.0,success,False,2026-08-19T20:48:26.152213+09:00
Badge Link,70.0,4.0,success,False,2026-08-23T03:21:00.660532+09:00
Badge List,320.0,1.0,success,False,2026-08-19T21:48:31.545228+09:00
Badge Loan,,,failed,False,2026-08-21T02:10:51.896971+09:00
Badge Locator,,,failed,False,2026-08-19T00:04:11.501446+09:00
Badge Lock,170.0,22.0,success,False,2026-08-17T20:47:33.914967+09:00
Badge Log,170.0,1.0,success,False,2026-08-19T13:34:11.345054+09:00
Badge Loop,40.0,53.0,success,False,2026-08-17T21:35:22.295985+09:00
Badge Manager,90.0,9.0,success,False,2026-08-17T20:44:04.848400+09:00
Badge Manual,,,failed,False,2026-08-27T22:14:28.911513+09:00
Badge Map,30.0,10.0,success,False,2026-08-17T20:46:16.531586+09:00
Badge Margin,,,failed,False,2026-08-23T02:56:14.910502+09:00
Badge Markup,,,failed,False,2026-08-23T16:39:58.056757+09:00
Badge Memo,,,failed,False,2026-08-21T00:28:42.115555+09:00
Badge Message,50.0,11.0,success,False,2026-08-27T23:16:26.018143+09:00
Badge Meter,14800.0,36.0,success,False,2026-08-17T21:41:36.452024+09:00
Badge Metrics,,,failed,False,2026-08-17T23:26:55.594772+09:00
Badge Monitor,20.0,0.0,success,False,2026-08-17T23:26:38.652949+09:00
Badge Navigator,,,failed,False,2026-08-17T23:08:13.716761+09:00
Badge Nexus,,,failed,False,2026-08-17T20:48:13.207047+09:00
Badge Node,,,failed,False,2026-08-17T21:31:39.058447+09:00
Badge Note,260.0,86.0,success,False,2026-08-19T13:35:47.282228+09:00
Badge Notification,9900.0,0.0,success,True,2026-08-27T22:51:05.430430+09:00
Badge Number,2900.0,1.0,success,False,2026-08-23T03:20:52.959248+09:00
Badge Office,3600.0,2.0,success,False,2026-08-19T00:04:33.745752+09:00
Badge Ops,10.0,1.0,success,False,2026-08-17T23:27:41.420797+09:00
Badge Order,390.0,100.0,success,False,2026-08-19T21:47:34.110436+09:00
Badge Organizer,210.0,100.0,success,False,2026-08-17T23:11:53.398319+09:00
Badge Overage,,,failed,False,2026-08-27T21:49:55.360701+09:00
Badge Overdue,,,failed,False,2026-08-27T21:49:50.641192+09:00
Badge Panel,,,failed,False,2026-08-17T20:31:36.969919+09:00
Badge Path,,,failed,False,2026-08-17T21:31:02.177338+09:00
Badge Payoff,,,failed,False,2026-08-27T21:49:53.079168+09:00
Badge Penalty,,,failed,False,2026-08-23T16:39:58.056757+09:00
Badge Petition,,,failed,False,2026-08-21T01:01:35.076961+09:00
Badge Pilot,1900.0,51.0,success,False,2026-08-17T20:38:59.956902+09:00
Badge Plan,,,failed,False,2026-08-21T01:54:45.555150+09:00
Badge Planner,,,failed,False,2026-08-17T23:04:36.399044+09:00
Badge Playbook,,,failed,False,2026-08-18T22:09:17.362565+09:00
Badge Point,90.0,37.0,success,False,2026-08-17T20:49:39.030080+09:00
Badge Portal,70.0,2.0,success,False,2026-08-17T20:33:51.962760+09:00
Badge Preview,20.0,11.0,success,False,2026-08-28T01:01:42.257433+09:00
Badge Profile,320.0,0.0,success,False,2026-08-19T13:36:47.380431+09:00
Badge Profit,,,failed,False,2026-08-23T02:56:06.421775+09:00
Badge Proposal,,,failed,False,2026-08-28T01:01:45.010115+09:00
Badge Pulse,,,failed,False,2026-08-17T21:33:20.961288+09:00
Badge Queue,,,failed,False,2026-08-19T21:04:15.563221+09:00
Badge Quota,,,failed,False,2026-08-21T00:28:46.684495+09:00
Badge Radar,10.0,4.0,success,False,2026-08-17T20:37:08.027448+09:00
Badge Rail,590.0,27.0,success,False,2026-08-17T21:35:58.459168+09:00
Badge Rate,20.0,13.0,success,False,2026-08-19T20:48:32.959283+09:00
Badge Recap,,,failed,False,2026-08-21T01:01:49.387114+09:00
Badge Receipt,,,failed,False,2026-08-19T21:48:04.651670+09:00
Badge Recorder,,,failed,False,2026-08-27T23:37:06.230002+09:00
Badge Redemption,,,failed,False,2026-08-23T16:40:00.457844+09:00
Badge Register,,,failed,False,2026-08-17T23:15:07.247244+09:00
Badge Registry,,,failed,False,2026-08-18T22:09:49.300650+09:00
Badge Relay,,,failed,False,2026-08-17T20:36:11.237181+09:00
Badge Reminder,,,failed,False,2026-08-19T21:03:18.431019+09:00
Badge Report,390.0,0.0,success,False,2026-08-19T13:34:00.979457+09:00
Badge Roadmap,,,failed,False,2026-08-18T22:10:27.962314+09:00
Badge Roster,,,failed,False,2026-08-19T00:37:17.107740+09:00
Badge Route,10.0,31.0,success,False,2026-08-17T21:38:08.965654+09:00
Badge Rule,,,failed,False,2026-08-23T03:21:07.842946+09:00
Badge Sale,90.0,51.0,success,False,2026-08-21T02:26:26.896086+09:00
Badge Sample,390.0,60.0,success,False,2026-08-19T21:49:21.504748+09:00
Badge Scale,,,failed,False,2026-08-17T21:39:34.435552+09:00
Badge Scheduler,30.0,0.0,success,False,2026-08-17T23:26:27.360355+09:00
Badge Scope,,,failed,False,2026-08-17T21:36:28.444275+09:00
Badge Score,20.0,0.0,success,False,2026-08-19T13:35:27.432298+09:00
Badge Sentry,,,failed,False,2026-08-17T20:45:51.407426+09:00
Badge Serial,,,failed,False,2026-08-23T13:27:56.242264+09:00
Badge Sheet,40.0,26.0,success,False,2026-08-19T13:35:12.097075+09:00
Badge Shortfall,,,failed,False,2026-08-27T21:50:00.180912+09:00
Badge Signal,10.0,0.0,success,False,2026-08-17T21:38:40.825363+09:00
Badge Slip,,,failed,False,2026-08-19T21:49:09.518107+09:00
Badge Slot,30.0,64.0,success,False,2026-08-19T21:49:32.440919+09:00
Badge Snapshot,,,failed,False,2026-08-18T22:09:34.112352+09:00
Badge Stake,,,failed,False,2026-08-23T02:56:12.259379+09:00
Badge Statement,,,failed,False,2026-08-21T00:28:17.964653+09:00
Badge Station,210.0,0.0,success,False,2026-08-17T20:37:38.706086+09:00
Badge Status,590.0,0.0,success,False,2026-08-19T20:47:58.897100+09:00
Badge Stub,,,failed,False,2026-08-21T00:28:13.699286+09:00
Badge Studio,590.0,7.0,success,False,2026-08-17T20:39:23.919432+09:00
Badge Suite,,,failed,False,2026-08-17T23:25:55.806145+09:00
Badge Sum,,,failed,False,2026-08-21T02:26:10.275506+09:00
Badge Summary,,,failed,False,2026-08-19T21:33:04.196015+09:00
Badge Sync,,,failed,False,2026-08-17T20:41:24.809383+09:00
Badge Tab,390.0,4.0,success,False,2026-08-21T00:29:02.215162+09:00
Badge Table,20.0,10.0,success,False,2026-08-19T21:48:44.866696+09:00
Badge Tag,480.0,100.0,success,False,2026-08-19T13:36:00.987511+09:00
Badge Tally,,,failed,False,2026-08-21T00:28:26.135871+09:00
Badge Tariff,,,failed,False,2026-08-21T02:42:06.283895+09:00
Badge Tax,,,failed,False,2026-08-21T02:10:49.609792+09:00
Badge Ticket,20.0,15.0,success,False,2026-08-19T21:04:04.689181+09:00
Badge Tier,50.0,0.0,success,False,2026-08-28T00:45:35.673593+09:00
Badge Timeline,,,failed,False,2026-08-19T21:33:04.196015+09:00
Badge Toll,,,failed,False,2026-08-21T02:41:59.910977+09:00
Badge Toolbox,,,failed,False,2026-08-28T00:27:43.001225+09:00
Badge Toolkit,,,failed,False,2026-08-18T22:09:09.487365+09:00
Badge Total,140.0,15.0,success,False,2026-08-27T23:16:30.238245+09:00
Badge Tracker,210.0,22.0,success,False,2026-08-17T20:42:13.997557+09:00
Badge Trail,,,failed,False,2026-08-17T21:34:55.256705+09:00
Badge Trend,,,failed,False,2026-08-28T01:01:39.377915+09:00
Badge Trial,,,failed,False,2026-08-27T21:19:05.213789+09:00
Badge Unit,,,failed,False,2026-08-21T01:54:42.335376+09:00
Badge Update,20.0,0.0,success,False,2026-08-19T20:48:37.662202+09:00
Badge Value,140.0,0.0,success,False,2026-08-23T02:56:08.739557+09:00
Badge Vault,,,failed,False,2026-08-17T20:35:12.658616+09:00
Badge Version,,,failed,False,2026-08-23T03:20:56.810289+09:00
Badge View,20.0,0.0,success,False,2026-08-19T20:48:06.706582+09:00
Badge Voucher,,,failed,False,2026-08-21T00:27:55.902205+09:00
Badge Watch,110.0,82.0,success,False,2026-08-17T21:37:32.627735+09:00
Badge Wave,,,failed,False,2026-08-17T21:32:15.070878+09:00
Badge Widget,20.0,0.0,success,False,2026-08-27T23:16:30.238245+09:00
Badge Workbench,,,failed,False,2026-08-18T22:09:01.069434+09:00
Badge Worksheet,,,failed,False,2026-08-27T22:14:32.870267+09:00
Badge Workshop,70.0,2.0,success,False,2026-08-28T00:27:40.381664+09:00
Badge Zone,10.0,0.0,success,False,2026-08-17T20:34:43.926118+09:00
Balcony Advisory,,,failed,False,2026-08-21T01:07:17.420617+09:00
Balcony Alert,,,failed,False,2026-08-19T22:01:35.806950+09:00
Balcony Allowance,,,failed,False,2026-08-21T02:36:41.492996+09:00
Balcony Analyzer,,,failed,False,2026-08-27T23:55:42.824458+09:00
Balcony Asset,,,failed,False,2026-08-23T13:47:46.605419+09:00
Balcony Assistant,,,failed,False,2026-08-19T21:56:44.387128+09:00
Balcony Atlas,,,failed,False,2026-08-19T21:55:54.779139+09:00
Balcony Badge,,,failed,False,2026-08-21T00:31:49.661501+09:00
Balcony Beacon,,,failed,False,2026-08-19T21:49:16.162945+09:00
Balcony Bill,20.0,40.0,success,False,2026-08-19T22:07:37.028999+09:00
Balcony Bin,20.0,100.0,success,False,2026-08-19T22:01:53.877884+09:00
Balcony Board,70.0,100.0,success,False,2026-08-19T21:52:28.912563+09:00
Balcony Book,70.0,24.0,success,False,2026-08-19T21:46:37.963751+09:00
Balcony Booth,10.0,60.0,success,False,2026-08-19T21:59:32.934011+09:00
Balcony Bridge,1000.0,2.0,success,False,2026-08-19T21:49:47.542279+09:00
Balcony Brief,,,failed,False,2026-08-21T01:07:07.368570+09:00
Balcony Bulletin,,,failed,False,2026-08-21T01:07:02.843245+09:00
Balcony Calendar,,,failed,False,2026-08-19T21:58:27.685601+09:00
Balcony Card,10.0,0.0,success,False,2026-08-19T22:03:32.806508+09:00
Balcony Cash,,,failed,False,2026-08-21T02:29:40.223505+09:00
Balcony Center,40.0,0.0,success,False,2026-08-19T21:53:43.821939+09:00
Balcony Charge,,,failed,False,2026-08-21T02:45:41.299406+09:00
Balcony Chart,,,failed,False,2026-08-19T22:01:45.686906+09:00
Balcony Check,,,failed,False,2026-08-19T22:03:52.975095+09:00
Balcony Checker,,,failed,False,2026-08-27T23:55:33.587403+09:00
Balcony Circular,,,failed,False,2026-08-21T01:07:11.720033+09:00
Balcony Code,,,failed,False,2026-08-19T21:46:01.527373+09:00
Balcony Companion,,,failed,False,2026-08-19T21:57:24.591826+09:00
Balcony Comparison,,,failed,False,2026-08-28T01:07:01.226912+09:00
Balcony Confirmation,,,failed,False,2026-08-21T01:07:26.518810+09:00
Balcony Console,20.0,100.0,success,False,2026-08-19T21:54:16.215789+09:00
Balcony Cost,110.0,55.0,success,False,2026-08-21T02:12:27.062318+09:00
Balcony Count,,,failed,False,2026-08-27T22:46:40.495541+09:00
Balcony Counter,30.0,100.0,success,False,2026-08-19T21:59:09.702480+09:00
Balcony Deal,,,failed,False,2026-08-21T01:56:01.200736+09:00
Balcony Debt,,,failed,False,2026-08-21T02:29:27.497336+09:00
Balcony Desk,320.0,100.0,success,False,2026-08-19T21:48:11.031110+09:00
Balcony Detail,480.0,3.0,success,False,2026-08-23T03:17:34.613762+09:00
Balcony Detector,,,failed,False,2026-08-27T23:55:40.198338+09:00
Balcony Diagram,70.0,0.0,success,False,2026-08-27T22:07:22.262130+09:00
Balcony Directory,,,failed,False,2026-08-19T21:58:34.362639+09:00
Balcony Dossier,,,failed,False,2026-08-21T01:07:31.229292+09:00
Balcony Draft,,,failed,False,2026-08-19T22:06:09.459067+09:00
Balcony Duty,,,failed,False,2026-08-21T02:45:44.220380+09:00
Balcony Engine,,,failed,False,2026-08-19T21:56:30.340313+09:00
Balcony Entry,10.0,0.0,success,False,2026-08-21T01:07:43.373010+09:00
Balcony Estimate,,,failed,False,2026-08-19T22:07:15.173390+09:00
Balcony Estimator,,,failed,False,2026-08-27T23:55:30.843972+09:00
Balcony Excerpt,,,failed,False,2026-08-21T01:07:41.387893+09:00
Balcony Extension,480.0,25.0,success,False,2026-08-23T16:40:19.270826+09:00
Balcony Fare,,,failed,False,2026-08-21T02:12:31.205964+09:00
Balcony Fee,,,failed,False,2026-08-21T01:55:39.411266+09:00
Balcony Feed,,,failed,False,2026-08-19T22:06:01.682265+09:00
Balcony File,,,failed,False,2026-08-19T22:05:22.514727+09:00
Balcony Fine,,,failed,False,2026-08-23T02:53:17.402090+09:00
Balcony Flag,320.0,50.0,success,False,2026-08-21T00:32:38.054061+09:00
Balcony Flow,,,failed,False,2026-08-19T21:47:43.048701+09:00
Balcony Forge,,,failed,False,2026-08-19T21:49:26.172736+09:00
Balcony Form,,,failed,False,2026-08-19T22:03:23.353107+09:00
Balcony Format,,,failed,False,2026-08-23T13:06:58.194774+09:00
Balcony Frame,320.0,46.0,success,False,2026-08-19T21:51:42.287097+09:00
Balcony Fund,,,failed,False,2026-08-21T02:29:36.697010+09:00
Balcony Gate,1000.0,58.0,success,False,2026-08-19T21:55:34.064895+09:00
Balcony Grade,,,failed,False,2026-08-21T00:32:15.885792+09:00
Balcony Grid,30.0,84.0,success,False,2026-08-19T21:50:49.199189+09:00
Balcony Guarantee,30.0,5.0,success,False,2026-08-28T01:07:11.009484+09:00
Balcony Guardian,,,failed,False,2026-08-28T00:25:23.676090+09:00
Balcony Helpdesk,,,failed,False,2026-08-27T22:46:42.853394+09:00
Balcony Helper,,,failed,False,2026-08-28T00:25:26.159240+09:00
Balcony History,40.0,0.0,success,False,2026-08-19T22:05:08.787907+09:00
Balcony Hub,,,failed,False,2026-08-19T21:47:55.928943+09:00
Balcony Identifier,,,failed,False,2026-08-23T13:06:56.024749+09:00
Balcony Index,,,failed,False,2026-08-19T22:06:50.618817+09:00
Balcony Item,,,failed,False,2026-08-21T01:55:54.849778+09:00
Balcony Journal,,,failed,False,2026-08-19T21:58:08.143234+09:00
Balcony Keeper,,,failed,False,2026-08-19T21:56:08.103899+09:00
Balcony Kiosk,,,failed,False,2026-08-19T21:59:42.241525+09:00
Balcony Kit,170.0,99.0,success,False,2026-08-27T22:46:36.036918+09:00
Balcony Label,,,failed,False,2026-08-27T22:07:17.176446+09:00
Balcony Layout,110.0,9.0,success,False,2026-08-27T22:28:39.838514+09:00
Balcony Ledger,20.0,0.0,success,False,2026-08-19T21:52:16.498900+09:00
Balcony Level,40.0,0.0,success,False,2026-08-19T22:05:32.455871+09:00
Balcony Levy,,,failed,False,2026-08-23T13:47:46.605419+09:00
Balcony Line,30.0,94.0,success,False,2026-08-19T22:02:34.302682+09:00
Balcony Link,,,failed,False,2026-08-23T03:17:28.989211+09:00
Balcony List,,,failed,False,2026-08-19T21:46:13.716197+09:00
Balcony Loan,,,failed,False,2026-08-21T02:12:39.261551+09:00
Balcony Locator,,,failed,False,2026-08-19T21:58:45.118789+09:00
Balcony Locker,20.0,88.0,success,False,2026-08-19T21:59:19.992699+09:00
Balcony Log,,,failed,False,2026-08-19T22:03:14.947098+09:00
Balcony Loop,,,failed,False,2026-08-19T21:50:37.216187+09:00
Balcony Manager,,,failed,False,2026-08-19T21:56:18.827565+09:00
Balcony Manual,,,failed,False,2026-08-27T22:07:19.639710+09:00
Balcony Map,30.0,0.0,success,False,2026-08-19T21:51:28.846204+09:00
Balcony Memo,,,failed,False,2026-08-21T00:32:24.105621+09:00
Balcony Monitor,,,failed,False,2026-08-19T21:57:14.341308+09:00
Balcony Nexus,,,failed,False,2026-08-19T21:55:47.244669+09:00
Balcony Note,,,failed,False,2026-08-19T22:04:13.367774+09:00
Balcony Notification,,,failed,False,2026-08-27T22:46:32.374827+09:00
Balcony Number,10.0,40.0,success,False,2026-08-23T03:17:21.558443+09:00
Balcony Order,,,failed,False,2026-08-19T22:07:25.606827+09:00
Balcony Overdue,,,failed,False,2026-08-27T21:46:03.878331+09:00
Balcony Panel,590.0,100.0,success,False,2026-08-19T21:54:30.567883+09:00
Balcony Pass,,,failed,False,2026-08-21T00:31:36.211701+09:00
Balcony Passport,,,failed,False,2026-08-19T22:02:02.684993+09:00
Balcony Path,10.0,3.0,success,False,2026-08-19T21:51:10.797801+09:00
Balcony Penalty,,,failed,False,2026-08-23T16:40:16.940020+09:00
Balcony Petition,,,failed,False,2026-08-21T01:07:21.862187+09:00
Balcony Plan,320.0,7.0,success,False,2026-08-21T01:55:59.445411+09:00
Balcony Planner,320.0,7.0,success,False,2026-08-19T21:56:53.361235+09:00
Balcony Portal,,,failed,False,2026-08-19T21:54:06.004532+09:00
Balcony Post,170.0,100.0,success,False,2026-08-19T22:00:16.178777+09:00
Balcony Preview,,,failed,False,2026-08-28T01:07:05.829192+09:00
Balcony Profile,40.0,60.0,success,False,2026-08-19T22:04:34.418517+09:00
Balcony Profit,,,failed,False,2026-08-23T02:53:02.917433+09:00
Balcony Proposal,40.0,6.0,success,False,2026-08-28T01:07:08.336538+09:00
Balcony Quota,,,failed,False,2026-08-21T00:32:28.890378+09:00
Balcony Radar,,,failed,False,2026-08-19T21:48:22.940977+09:00
Balcony Rate,,,failed,False,2026-08-19T22:05:40.444282+09:00
Balcony Recap,,,failed,False,2026-08-21T01:07:35.741700+09:00
Balcony Receipt,,,failed,False,2026-08-19T22:07:56.620143+09:00
Balcony Register,,,failed,False,2026-08-19T21:57:37.806809+09:00
Balcony Registry,,,failed,False,2026-08-19T21:58:17.004802+09:00
Balcony Relay,,,failed,False,2026-08-19T21:48:37.941943+09:00
Balcony Reminder,,,failed,False,2026-08-19T22:06:41.403506+09:00
Balcony Report,,,failed,False,2026-08-19T22:03:05.892678+09:00
Balcony Roll,10.0,97.0,success,False,2026-08-19T22:02:54.876263+09:00
Balcony Rule,,,failed,False,2026-08-23T03:17:31.358374+09:00
Balcony Sale,20.0,48.0,success,False,2026-08-21T02:29:43.973308+09:00
Balcony Sample,20.0,5.0,success,False,2026-08-19T21:47:01.107836+09:00
Balcony Scanner,,,failed,False,2026-08-27T23:55:33.587403+09:00
Balcony Scheduler,,,failed,False,2026-08-19T21:57:05.603826+09:00
Balcony Scope,,,failed,False,2026-08-19T21:50:26.967968+09:00
Balcony Score,,,failed,False,2026-08-19T22:04:03.389101+09:00
Balcony Sheet,320.0,96.0,success,False,2026-08-19T22:03:42.018748+09:00
Balcony Signal,,,failed,False,2026-08-19T21:50:02.656663+09:00
Balcony Slip,,,failed,False,2026-08-19T21:46:47.844671+09:00
Balcony Slot,,,failed,False,2026-08-19T21:47:16.114306+09:00
Balcony Stake,,,failed,False,2026-08-23T02:53:11.692862+09:00
Balcony Stamp,,,failed,False,2026-08-23T13:27:48.876436+09:00
Balcony Statement,,,failed,False,2026-08-21T00:32:03.646563+09:00
Balcony Status,30.0,0.0,success,False,2026-08-19T22:04:45.902658+09:00
Balcony Stub,,,failed,False,2026-08-21T00:31:57.081328+09:00
Balcony Sum,,,failed,False,2026-08-21T02:29:22.487025+09:00
Balcony Summary,10.0,0.0,success,False,2026-08-19T22:06:18.009667+09:00
Balcony Tab,,,failed,False,2026-08-21T00:32:43.028189+09:00
Balcony Table,6600.0,100.0,success,False,2026-08-19T21:46:26.862344+09:00
Balcony Tag,,,failed,False,2026-08-19T22:04:23.242123+09:00
Balcony Tally,,,failed,False,2026-08-21T00:32:11.459467+09:00
Balcony Tariff,,,failed,False,2026-08-21T02:36:44.892736+09:00
Balcony Tax,10.0,0.0,success,False,2026-08-21T02:12:35.738319+09:00
Balcony Terminal,,,failed,False,2026-08-19T21:53:29.207509+09:00
Balcony Ticker,,,failed,False,2026-08-19T22:02:25.837553+09:00
Balcony Ticket,170.0,1.0,success,False,2026-08-19T22:07:01.913828+09:00
Balcony Timeline,,,failed,False,2026-08-19T22:06:32.723316+09:00
Balcony Toll,10.0,0.0,success,False,2026-08-21T02:36:37.228119+09:00
Balcony Toolbox,,,failed,False,2026-08-28T00:25:23.676090+09:00
Balcony Tracker,,,failed,False,2026-08-19T21:47:30.295909+09:00
Balcony Trial,,,failed,False,2026-08-27T21:13:04.814179+09:00
Balcony Unit,20.0,0.0,success,False,2026-08-21T01:55:57.374575+09:00
Balcony Update,10.0,11.0,success,False,2026-08-19T22:05:48.495667+09:00
Balcony Value,,,failed,False,2026-08-23T02:53:08.936462+09:00
Balcony Vault,,,failed,False,2026-08-19T21:48:55.925505+09:00
Balcony Version,,,failed,False,2026-08-23T03:17:25.053866+09:00
Balcony View,3600.0,0.0,success,True,2026-08-19T22:04:57.454275+09:00
Balcony Voucher,,,failed,False,2026-08-21T00:31:43.518986+09:00
Balcony Watch,40.0,55.0,success,False,2026-08-19T21:50:15.861548+09:00
Balcony Worksheet,,,failed,False,2026-08-27T22:07:22.262130+09:00
Balcony Workshop,20.0,1.0,success,False,2026-08-28T00:25:19.923690+09:00
Balcony Zone,,,failed,False,2026-08-19T21:53:54.593034+09:00
Ballot Advisory,,,failed,False,2026-08-21T01:08:20.285219+09:00
Ballot Allowance,,,failed,False,2026-08-21T02:39:54.831624+09:00
Ballot Almanac,,,failed,False,2026-08-18T22:03:28.331445+09:00
Ballot Analyzer,,,failed,False,2026-08-27T23:55:03.182011+09:00
Ballot Anchor,,,failed,False,2026-08-17T20:32:32.905502+09:00
Ballot Announcement,,,failed,False,2026-08-27T23:33:58.782801+09:00
Ballot Assistant,,,failed,False,2026-08-17T23:15:16.385703+09:00
Ballot Atlas,,,failed,False,2026-08-17T21:31:56.784481+09:00
Ballot Attribute,,,failed,False,2026-08-23T13:08:07.144549+09:00
Ballot Badge,,,failed,False,2026-08-21T00:33:55.661658+09:00
Ballot Base,,,failed,False,2026-08-17T20:46:31.116711+09:00
Ballot Beacon,,,failed,False,2026-08-17T20:36:22.753454+09:00
Ballot Bill,,,failed,False,2026-08-19T21:52:13.387437+09:00
Ballot Blueprint,,,failed,False,2026-08-18T22:03:14.728477+09:00
Ballot Board,,,failed,False,2026-08-17T20:43:51.758171+09:00
Ballot Book,,,failed,False,2026-08-19T21:53:16.228732+09:00
Ballot Booth,,,failed,False,2026-08-19T00:36:42.974778+09:00
Ballot Bridge,,,failed,False,2026-08-17T20:33:40.236931+09:00
Ballot Brief,,,failed,False,2026-08-21T01:08:10.104042+09:00
Ballot Bulletin,,,failed,False,2026-08-21T01:08:07.982267+09:00
Ballot Cabinet,,,failed,False,2026-08-27T23:12:08.197632+09:00
Ballot Calendar,,,failed,False,2026-08-18T23:58:04.745440+09:00
Ballot Card,,,failed,False,2026-08-19T13:28:22.445633+09:00
Ballot Cascade,,,failed,False,2026-08-17T20:34:33.124318+09:00
Ballot Cash,,,failed,False,2026-08-21T02:23:27.282211+09:00
Ballot Catalog,,,failed,False,2026-08-19T21:06:13.197757+09:00
Ballot Category,,,failed,False,2026-08-23T13:08:05.055975+09:00
Ballot Center,,,failed,False,2026-08-17T20:38:43.149907+09:00
Ballot Chain,,,failed,False,2026-08-17T21:37:17.917122+09:00
Ballot Charge,,,failed,False,2026-08-21T02:39:44.265069+09:00
Ballot Check,,,failed,False,2026-08-19T13:28:43.746659+09:00
Ballot Checker,,,failed,False,2026-08-27T23:54:52.993731+09:00
Ballot Checklist,,,failed,False,2026-08-19T21:05:10.807996+09:00
Ballot Circular,,,failed,False,2026-08-21T01:08:15.676788+09:00
Ballot Cockpit,,,failed,False,2026-08-17T23:28:37.439215+09:00
Ballot Code,,,failed,False,2026-08-19T21:52:37.480660+09:00
Ballot Codex,,,failed,False,2026-08-18T22:03:58.790181+09:00
Ballot Companion,,,failed,False,2026-08-17T23:13:22.671425+09:00
Ballot Comparison,,,failed,False,2026-08-28T01:05:52.718366+09:00
Ballot Compass,,,failed,False,2026-08-17T20:37:24.505740+09:00
Ballot Compendium,,,failed,False,2026-08-18T22:03:46.428497+09:00
Ballot Confirmation,,,failed,False,2026-08-21T01:08:29.808950+09:00
Ballot Console,,,failed,False,2026-08-17T20:35:59.491401+09:00
Ballot Contribution,,,failed,False,2026-08-23T16:17:10.658953+09:00
Ballot Core,,,failed,False,2026-08-17T20:45:40.214755+09:00
Ballot Cost,,,failed,False,2026-08-21T02:06:57.377866+09:00
Ballot Count,,,failed,False,2026-08-27T22:46:40.495541+09:00
Ballot Counter,,,failed,False,2026-08-18T23:58:59.776089+09:00
Ballot Dashboard,,,failed,False,2026-08-17T23:06:22.536636+09:00
Ballot Deal,,,failed,False,2026-08-21T02:00:02.001462+09:00
Ballot Debt,,,failed,False,2026-08-21T02:23:15.671365+09:00
Ballot Deck,,,failed,False,2026-08-17T20:42:52.966707+09:00
Ballot Depot,,,failed,False,2026-08-18T23:58:42.867449+09:00
Ballot Desk,,,failed,False,2026-08-17T20:40:52.069695+09:00
Ballot Detail,,,failed,False,2026-08-23T03:20:11.001534+09:00
Ballot Detector,,,failed,False,2026-08-27T23:54:58.395846+09:00
Ballot Dial,,,failed,False,2026-08-17T20:34:08.377719+09:00
Ballot Digest,,,failed,False,2026-08-19T20:47:25.892128+09:00
Ballot Directory,,,failed,False,2026-08-18T23:58:17.460804+09:00
Ballot Dock,,,failed,False,2026-08-17T21:41:53.145173+09:00
Ballot Dossier,,,failed,False,2026-08-21T01:08:34.212023+09:00
Ballot Draft,,,failed,False,2026-08-19T20:47:36.057637+09:00
Ballot Due,,,failed,False,2026-08-23T15:52:57.176155+09:00
Ballot Duty,,,failed,False,2026-08-21T02:39:49.190275+09:00
Ballot Engine,,,failed,False,2026-08-17T23:27:32.625137+09:00
Ballot Entry,,,failed,False,2026-08-21T01:08:47.143646+09:00
Ballot Estimator,,,failed,False,2026-08-27T23:54:48.967937+09:00
Ballot Excerpt,,,failed,False,2026-08-21T01:08:42.694211+09:00
Ballot Extension,,,failed,False,2026-08-23T16:37:06.410620+09:00
Ballot Fare,,,failed,False,2026-08-21T02:07:11.746620+09:00
Ballot Fee,,,failed,False,2026-08-21T01:59:53.471915+09:00
Ballot Feed,,,failed,False,2026-08-19T20:47:30.914414+09:00
Ballot Field,,,failed,False,2026-08-23T13:08:09.181921+09:00
Ballot File,,,failed,False,2026-08-19T20:47:03.354167+09:00
Ballot Finder,,,failed,False,2026-08-18T23:58:35.248777+09:00
Ballot Fine,,,failed,False,2026-08-23T02:55:08.559599+09:00
Ballot Flag,,,failed,False,2026-08-21T00:34:30.806569+09:00
Ballot Flow,,,failed,False,2026-08-17T20:43:22.316757+09:00
Ballot Forge,,,failed,False,2026-08-17T20:35:28.436030+09:00
Ballot Form,,,failed,False,2026-08-19T13:28:12.912105+09:00
Ballot Format,,,failed,False,2026-08-23T13:08:09.181921+09:00
Ballot Frame,,,failed,False,2026-08-17T20:47:58.336807+09:00
Ballot Fund,,,failed,False,2026-08-21T02:23:24.043193+09:00
Ballot Gate,,,failed,False,2026-08-17T21:34:09.721109+09:00
Ballot Generator,,,failed,False,2026-08-27T23:34:03.746516+09:00
Ballot Grade,,,failed,False,2026-08-21T00:34:16.638003+09:00
Ballot Graph,,,failed,False,2026-08-27T22:07:45.490805+09:00
Ballot Grid,,,failed,False,2026-08-17T21:37:55.576177+09:00
Ballot Guarantee,,,failed,False,2026-08-28T01:05:58.030505+09:00
Ballot Guard,,,failed,False,2026-08-17T20:46:03.469899+09:00
Ballot Guardian,,,failed,False,2026-08-28T00:24:47.033463+09:00
Ballot Guidebook,,,failed,False,2026-08-18T22:02:52.692456+09:00
Ballot Helpdesk,,,failed,False,2026-08-27T22:46:42.853394+09:00
Ballot Helper,,,failed,False,2026-08-28T00:24:51.336275+09:00
Ballot History,,,failed,False,2026-08-19T20:46:58.036522+09:00
Ballot Hotline,,,failed,False,2026-08-19T21:06:25.471396+09:00
Ballot Hub,,,failed,False,2026-08-17T20:42:24.319818+09:00
Ballot Identifier,,,failed,False,2026-08-23T13:08:02.630104+09:00
Ballot Index,,,failed,False,2026-08-19T21:05:24.897505+09:00
Ballot Insight,,,failed,False,2026-08-17T23:28:13.719643+09:00
Ballot Item,,,failed,False,2026-08-21T01:59:51.080762+09:00
Ballot Journal,,,failed,False,2026-08-18T22:02:33.707465+09:00
Ballot Keeper,,,failed,False,2026-08-17T20:48:31.729678+09:00
Ballot Kit,,,failed,False,2026-08-27T22:46:36.036918+09:00
Ballot Lab,,,failed,False,2026-08-17T20:41:15.125085+09:00
Ballot Label,,,failed,False,2026-08-27T22:07:45.490805+09:00
Ballot Layout,,,failed,False,2026-08-27T22:28:42.749169+09:00
Ballot Ledger,,,failed,False,2026-08-17T20:44:36.649130+09:00
Ballot Lens,,,failed,False,2026-08-17T21:30:15.996537+09:00
Ballot Level,,,failed,False,2026-08-19T20:47:08.500238+09:00
Ballot Link,,,failed,False,2026-08-23T03:20:04.246790+09:00
Ballot List,,,failed,False,2026-08-19T21:52:48.982891+09:00
Ballot Loan,,,failed,False,2026-08-21T02:07:20.173569+09:00
Ballot Locator,,,failed,False,2026-08-18T23:58:25.855676+09:00
Ballot Lock,,,failed,False,2026-08-17T21:32:33.876836+09:00
Ballot Log,,,failed,False,2026-08-19T13:28:06.398636+09:00
Ballot Loop,,,failed,False,2026-08-17T21:39:15.761980+09:00
Ballot Manager,,,failed,False,2026-08-17T20:47:13.736905+09:00
Ballot Manual,,,failed,False,2026-08-27T22:07:48.909558+09:00
Ballot Map,,,failed,False,2026-08-17T21:31:23.168898+09:00
Ballot Margin,,,failed,False,2026-08-23T02:55:04.865137+09:00
Ballot Memo,,,failed,False,2026-08-21T00:34:21.181247+09:00
Ballot Message,,,failed,False,2026-08-27T23:12:02.088858+09:00
Ballot Meter,,,failed,False,2026-08-17T20:33:08.305690+09:00
Ballot Metrics,,,failed,False,2026-08-17T23:11:44.690517+09:00
Ballot Monitor,,,failed,False,2026-08-17T23:04:27.580981+09:00
Ballot Navigator,,,failed,False,2026-08-17T23:28:54.506937+09:00
Ballot Nexus,,,failed,False,2026-08-17T21:33:08.992358+09:00
Ballot Node,,,failed,False,2026-08-17T21:35:11.471835+09:00
Ballot Note,,,failed,False,2026-08-19T13:29:02.484553+09:00
Ballot Notification,,,failed,False,2026-08-27T22:46:32.374827+09:00
Ballot Number,,,failed,False,2026-08-23T03:19:56.707699+09:00
Ballot Office,,,failed,False,2026-08-18T23:58:52.034754+09:00
Ballot Ops,,,failed,False,2026-08-17T23:08:06.421601+09:00
Ballot Order,,,failed,False,2026-08-19T21:52:01.647797+09:00
Ballot Organizer,,,failed,False,2026-08-17T23:28:01.386512+09:00
Ballot Overdue,,,failed,False,2026-08-27T21:46:08.601206+09:00
Ballot Panel,,,failed,False,2026-08-17T20:34:58.202084+09:00
Ballot Pass,,,failed,False,2026-08-21T00:33:46.093002+09:00
Ballot Path,,,failed,False,2026-08-17T21:34:37.066296+09:00
Ballot Petition,,,failed,False,2026-08-21T01:08:25.718288+09:00
Ballot Pilot,,,failed,False,2026-08-17T20:41:42.376478+09:00
Ballot Plan,,,failed,False,2026-08-21T02:00:00.574550+09:00
Ballot Planner,,,failed,False,2026-08-17T23:27:47.140187+09:00
Ballot Playbook,,,failed,False,2026-08-18T23:50:17.614317+09:00
Ballot Point,,,failed,False,2026-08-17T21:33:36.085901+09:00
Ballot Portal,,,failed,False,2026-08-17T20:36:56.303275+09:00
Ballot Preview,,,failed,False,2026-08-28T01:05:55.431564+09:00
Ballot Profile,,,failed,False,2026-08-19T13:29:31.691093+09:00
Ballot Profit,,,failed,False,2026-08-23T02:54:55.052160+09:00
Ballot Proposal,,,failed,False,2026-08-28T01:05:58.030505+09:00
Ballot Pulse,,,failed,False,2026-08-17T21:36:43.981322+09:00
Ballot Queue,,,failed,False,2026-08-19T21:05:49.435162+09:00
Ballot Quota,,,failed,False,2026-08-21T00:34:25.670499+09:00
Ballot Radar,,,failed,False,2026-08-17T20:40:06.808560+09:00
Ballot Rail,,,failed,False,2026-08-17T21:40:41.309160+09:00
Ballot Rate,,,failed,False,2026-08-19T20:47:15.115131+09:00
Ballot Recap,,,failed,False,2026-08-21T01:08:38.226777+09:00
Ballot Receipt,,,failed,False,2026-08-19T21:52:24.100892+09:00
Ballot Recorder,,,failed,False,2026-08-27T23:34:06.441052+09:00
Ballot Register,,,failed,False,2026-08-17T23:29:09.953642+09:00
Ballot Registry,,,failed,False,2026-08-18T22:03:03.090691+09:00
Ballot Relay,,,failed,False,2026-08-17T20:39:13.606540+09:00
Ballot Reminder,,,failed,False,2026-08-19T21:04:58.271286+09:00
Ballot Report,,,failed,False,2026-08-19T13:27:59.144364+09:00
Ballot Repository,,,failed,False,2026-08-27T23:12:08.197632+09:00
Ballot Result,,,failed,False,2026-08-28T00:47:36.206546+09:00
Ballot Roadmap,,,failed,False,2026-08-18T22:04:07.158721+09:00
Ballot Roster,,,failed,False,2026-08-19T00:37:06.709542+09:00
Ballot Route,,,failed,False,2026-08-18T07:43:42.936129+09:00
Ballot Rule,,,failed,False,2026-08-23T03:20:07.416918+09:00
Ballot Sale,,,failed,False,2026-08-21T02:23:31.419607+09:00
Ballot Sample,,,failed,False,2026-08-19T21:53:40.177257+09:00
Ballot Scale,,,failed,False,2026-08-17T20:31:58.373055+09:00
Ballot Scanner,,,failed,False,2026-08-27T23:54:55.608336+09:00
Ballot Scheduler,,,failed,False,2026-08-17T23:10:06.483021+09:00
Ballot Scope,,,failed,False,2026-08-17T21:41:22.072079+09:00
Ballot Score,,,failed,False,2026-08-19T13:28:52.256085+09:00
Ballot Sentry,,,failed,False,2026-08-17T21:30:47.592348+09:00
Ballot Sheet,,,failed,False,2026-08-19T13:28:33.821561+09:00
Ballot Signal,,,failed,False,2026-08-18T07:52:41.803734+09:00
Ballot Slip,,,failed,False,2026-08-19T21:53:29.207509+09:00
Ballot Slot,,,failed,False,2026-08-19T21:53:54.593034+09:00
Ballot Snapshot,,,failed,False,2026-08-18T22:02:42.227147+09:00
Ballot Stage,,,failed,False,2026-08-28T00:47:36.206546+09:00
Ballot Stake,,,failed,False,2026-08-23T02:54:59.727215+09:00
Ballot Stamp,,,failed,False,2026-08-23T13:27:59.739210+09:00
Ballot Statement,,,failed,False,2026-08-21T00:34:07.252682+09:00
Ballot Station,,,failed,False,2026-08-17T20:40:31.600880+09:00
Ballot Status,,,failed,False,2026-08-19T20:46:47.302188+09:00
Ballot Stub,,,failed,False,2026-08-21T00:34:01.894402+09:00
Ballot Studio,,,failed,False,2026-08-17T20:42:04.175878+09:00
Ballot Subsidy,,,failed,False,2026-08-23T15:52:59.645505+09:00
Ballot Suite,,,failed,False,2026-08-17T23:08:25.865498+09:00
Ballot Sum,,,failed,False,2026-08-21T02:23:11.717671+09:00
Ballot Summary,,,failed,False,2026-08-19T21:04:33.210036+09:00
Ballot Sync,,,failed,False,2026-08-17T20:44:15.738532+09:00
Ballot Tab,,,failed,False,2026-08-21T00:34:35.312701+09:00
Ballot Table,,,failed,False,2026-08-19T21:53:02.852702+09:00
Ballot Tag,,,failed,False,2026-08-19T13:29:19.231161+09:00
Ballot Tally,,,failed,False,2026-08-21T00:34:14.211470+09:00
Ballot Tariff,,,failed,False,2026-08-21T02:40:01.670619+09:00
Ballot Tax,,,failed,False,2026-08-21T02:07:16.373051+09:00
Ballot Ticket,,,failed,False,2026-08-19T21:05:35.157530+09:00
Ballot Timeline,,,failed,False,2026-08-19T21:04:47.167430+09:00
Ballot Timer,,,failed,False,2026-08-28T00:24:41.812871+09:00
Ballot Toll,,,failed,False,2026-08-21T02:39:52.714819+09:00
Ballot Toolbox,,,failed,False,2026-08-28T00:24:47.033463+09:00
Ballot Toolkit,,,failed,False,2026-08-18T23:50:20.239443+09:00
Ballot Total,,,failed,False,2026-08-27T23:12:05.738890+09:00
Ballot Tracker,,,failed,False,2026-08-17T20:45:15.345040+09:00
Ballot Trail,,,failed,False,2026-08-17T21:38:26.629916+09:00
Ballot Trend,,,failed,False,2026-08-28T01:05:52.718366+09:00
Ballot Trial,,,failed,False,2026-08-27T21:13:46.392108+09:00
Ballot Unit,,,failed,False,2026-08-21T02:00:00.574550+09:00
Ballot Update,,,failed,False,2026-08-19T20:47:17.630061+09:00
Ballot Value,,,failed,False,2026-08-23T02:54:57.045583+09:00
Ballot Vault,,,failed,False,2026-08-17T20:38:16.946588+09:00
Ballot Version,,,failed,False,2026-08-23T03:20:00.686198+09:00
Ballot View,,,failed,False,2026-08-19T20:46:51.690221+09:00
Ballot Voucher,,,failed,False,2026-08-21T00:33:50.963808+09:00
Ballot Watch,,,failed,False,2026-08-18T07:52:51.639177+09:00
Ballot Wave,,,failed,False,2026-08-17T21:35:44.584576+09:00
Ballot Widget,,,failed,False,2026-08-27T23:12:05.738890+09:00
Ballot Workbench,,,failed,False,2026-08-18T23:50:20.239443+09:00
Ballot Worksheet,,,failed,False,2026-08-27T22:07:54.366638+09:00
Ballot Workshop,,,failed,False,2026-08-28T00:24:44.523713+09:00
Ballot Zone,,,failed,False,2026-08-17T20:37:57.626492+09:00
Bandwidth Advance,,,failed,False,2026-08-23T16:11:40.333627+09:00
Bandwidth Advisory,,,failed,False,2026-08-21T01:07:05.419425+09:00
Bandwidth Allowance,10.0,2.0,success,False,2026-08-21T02:44:59.003058+09:00
Bandwidth Almanac,,,failed,False,2026-08-18T22:05:02.516248+09:00
Bandwidth Analyzer,70.0,16.0,success,False,2026-08-27T23:52:54.402675+09:00
Bandwidth Anchor,,,failed,False,2026-08-17T21:36:54.710856+09:00
Bandwidth Arrears,,,failed,False,2026-08-23T16:11:40.333627+09:00
Bandwidth Asset,,,failed,False,2026-08-23T13:45:27.370408+09:00
Bandwidth Assistant,,,failed,False,2026-08-17T23:05:21.665981+09:00
Bandwidth Atlas,,,failed,False,2026-08-17T20:44:22.162347+09:00
Bandwidth Attribute,,,failed,False,2026-08-23T13:10:08.705068+09:00
Bandwidth Badge,,,failed,False,2026-08-21T00:33:53.387508+09:00
Bandwidth Balance,10.0,0.0,success,False,2026-08-23T13:45:24.772737+09:00
Bandwidth Base,,,failed,False,2026-08-17T20:41:22.469867+09:00
Bandwidth Beacon,,,failed,False,2026-08-18T07:43:49.584727+09:00
Bandwidth Bill,,,failed,False,2026-08-19T21:58:11.207870+09:00
Bandwidth Blueprint,,,failed,False,2026-08-18T22:04:53.198463+09:00
Bandwidth Board,,,failed,False,2026-08-17T20:38:53.767345+09:00
Bandwidth Book,50.0,3.0,success,False,2026-08-19T21:58:56.766000+09:00
Bandwidth Bridge,,,failed,False,2026-08-17T21:38:05.775829+09:00
Bandwidth Brief,,,failed,False,2026-08-21T01:06:56.173532+09:00
Bandwidth Bulletin,,,failed,False,2026-08-21T01:06:51.131996+09:00
Bandwidth Calculator,3600.0,1.0,success,False,2026-08-27T23:33:13.459329+09:00
Bandwidth Calendar,,,failed,False,2026-08-19T00:02:04.506577+09:00
Bandwidth Card,,,failed,False,2026-08-19T13:27:04.208602+09:00
Bandwidth Cascade,,,failed,False,2026-08-17T21:39:28.354494+09:00
Bandwidth Cash,,,failed,False,2026-08-21T02:29:47.040271+09:00
Bandwidth Catalog,,,failed,False,2026-08-19T21:15:02.782218+09:00
Bandwidth Category,,,failed,False,2026-08-23T13:10:08.705068+09:00
Bandwidth Center,,,failed,False,2026-08-17T20:33:18.087238+09:00
Bandwidth Chain,,,failed,False,2026-08-17T21:31:00.206645+09:00
Bandwidth Charge,40.0,2.0,success,False,2026-08-21T02:44:44.036553+09:00
Bandwidth Check,1000.0,6.0,success,False,2026-08-19T13:27:27.071698+09:00
Bandwidth Checker,1000.0,6.0,success,False,2026-08-27T23:52:42.913738+09:00
Bandwidth Checklist,,,failed,False,2026-08-19T21:14:05.700076+09:00
Bandwidth Circular,,,failed,False,2026-08-21T01:07:00.683520+09:00
Bandwidth Cockpit,,,failed,False,2026-08-17T23:33:15.463532+09:00
Bandwidth Code,10.0,0.0,success,False,2026-08-19T21:58:30.244900+09:00
Bandwidth Codex,,,failed,False,2026-08-18T22:05:21.769406+09:00
Bandwidth Companion,,,failed,False,2026-08-17T22:48:03.176041+09:00
Bandwidth Comparison,30.0,0.0,success,False,2026-08-28T01:03:30.600111+09:00
Bandwidth Compass,,,failed,False,2026-08-17T20:31:33.560642+09:00
Bandwidth Compendium,,,failed,False,2026-08-18T22:05:13.758359+09:00
Bandwidth Confirmation,,,failed,False,2026-08-21T01:07:15.275377+09:00
Bandwidth Console,,,failed,False,2026-08-18T07:52:35.571361+09:00
Bandwidth Converter,170.0,0.0,success,False,2026-08-27T23:33:13.459329+09:00
Bandwidth Core,,,failed,False,2026-08-17T20:40:41.186342+09:00
Bandwidth Cost,140.0,7.0,success,False,2026-08-21T02:13:51.922112+09:00
Bandwidth Counter,10.0,29.0,success,False,2026-08-19T00:02:48.631996+09:00
Bandwidth Dashboard,40.0,4.0,success,False,2026-08-17T23:08:54.682716+09:00
Bandwidth Deal,,,failed,False,2026-08-21T01:58:34.274743+09:00
Bandwidth Debt,,,failed,False,2026-08-21T02:29:40.223505+09:00
Bandwidth Deck,,,failed,False,2026-08-17T20:38:03.705761+09:00
Bandwidth Depot,,,failed,False,2026-08-19T00:02:34.221000+09:00
Bandwidth Desk,,,failed,False,2026-08-17T20:35:38.392873+09:00
Bandwidth Detail,,,failed,False,2026-08-23T03:24:30.095281+09:00
Bandwidth Detector,40.0,6.0,success,False,2026-08-27T23:52:49.352062+09:00
Bandwidth Dial,,,failed,False,2026-08-17T21:38:37.304138+09:00
Bandwidth Digest,,,failed,False,2026-08-19T20:43:08.672141+09:00
Bandwidth Directory,,,failed,False,2026-08-19T00:02:09.626106+09:00
Bandwidth Discount,,,failed,False,2026-08-23T16:11:34.314985+09:00
Bandwidth Dock,,,failed,False,2026-08-17T21:34:17.965302+09:00
Bandwidth Dossier,,,failed,False,2026-08-21T01:07:19.627545+09:00
Bandwidth Due,,,failed,False,2026-08-23T15:50:23.768923+09:00
Bandwidth Duty,,,failed,False,2026-08-21T02:44:46.644995+09:00
Bandwidth Engine,10.0,0.0,success,False,2026-08-17T23:32:25.255075+09:00
Bandwidth Entry,,,failed,False,2026-08-21T01:07:33.646226+09:00
Bandwidth Estimate,70.0,3.0,success,False,2026-08-19T21:14:46.806152+09:00
Bandwidth Estimator,70.0,3.0,success,False,2026-08-27T23:52:37.462117+09:00
Bandwidth Excerpt,,,failed,False,2026-08-21T01:07:29.159320+09:00
Bandwidth Extension,90.0,0.0,success,False,2026-08-23T16:37:28.808486+09:00
Bandwidth Fare,,,failed,False,2026-08-21T02:13:59.319117+09:00
Bandwidth Fee,10.0,6.0,success,False,2026-08-21T01:58:12.628800+09:00
Bandwidth Feed,,,failed,False,2026-08-19T20:43:16.240040+09:00
Bandwidth File,,,failed,False,2026-08-19T20:42:34.910732+09:00
Bandwidth Finder,10.0,29.0,success,False,2026-08-19T00:02:24.547164+09:00
Bandwidth Fine,,,failed,False,2026-08-23T02:58:29.711332+09:00
Bandwidth Flag,,,failed,False,2026-08-21T00:34:27.900194+09:00
Bandwidth Flow,,,failed,False,2026-08-17T20:38:26.412397+09:00
Bandwidth Forge,,,failed,False,2026-08-17T21:41:31.698252+09:00
Bandwidth Form,,,failed,False,2026-08-19T13:26:44.223162+09:00
Bandwidth Format,,,failed,False,2026-08-23T13:10:14.601516+09:00
Bandwidth Frame,,,failed,False,2026-08-17T20:42:12.704128+09:00
Bandwidth Fund,,,failed,False,2026-08-21T02:29:43.973308+09:00
Bandwidth Gate,,,failed,False,2026-08-17T20:46:14.149623+09:00
Bandwidth Grade,,,failed,False,2026-08-21T00:34:16.638003+09:00
Bandwidth Graph,260.0,2.0,success,False,2026-08-27T22:07:48.909558+09:00
Bandwidth Grid,,,failed,False,2026-08-17T21:31:35.848823+09:00
Bandwidth Guarantee,50.0,1.0,success,False,2026-08-28T01:03:37.882161+09:00
Bandwidth Guard,10.0,2.0,success,False,2026-08-17T20:41:01.819842+09:00
Bandwidth Guardian,,,failed,False,2026-08-28T00:22:54.713063+09:00
Bandwidth Guidebook,,,failed,False,2026-08-18T22:04:32.030179+09:00
Bandwidth Helpdesk,,,failed,False,2026-08-27T22:45:55.749339+09:00
Bandwidth Helper,,,failed,False,2026-08-28T00:23:00.112605+09:00
Bandwidth History,10.0,0.0,success,False,2026-08-19T20:42:29.664942+09:00
Bandwidth Hotline,,,failed,False,2026-08-19T21:15:13.442141+09:00
Bandwidth Hub,,,failed,False,2026-08-17T20:37:32.011303+09:00
Bandwidth Identifier,,,failed,False,2026-08-23T13:10:06.026404+09:00
Bandwidth Index,,,failed,False,2026-08-19T21:14:14.890297+09:00
Bandwidth Insight,,,failed,False,2026-08-17T23:33:03.029797+09:00
Bandwidth Installment,,,failed,False,2026-08-23T16:11:37.487376+09:00
Bandwidth Item,,,failed,False,2026-08-21T01:58:16.207160+09:00
Bandwidth Journal,,,failed,False,2026-08-18T22:04:08.939820+09:00
Bandwidth Keeper,,,failed,False,2026-08-17T20:42:36.789908+09:00
Bandwidth Lab,,,failed,False,2026-08-17T20:36:08.746361+09:00
Bandwidth Label,20.0,0.0,success,False,2026-08-27T22:07:48.909558+09:00
Bandwidth Ledger,,,failed,False,2026-08-17T20:39:51.023967+09:00
Bandwidth Lens,,,failed,False,2026-08-17T20:43:05.974432+09:00
Bandwidth Level,,,failed,False,2026-08-19T20:42:43.732696+09:00
Bandwidth Levy,,,failed,False,2026-08-23T13:45:27.370408+09:00
Bandwidth Link,70.0,1.0,success,False,2026-08-23T03:24:21.370472+09:00
Bandwidth List,10.0,0.0,success,False,2026-08-19T21:58:36.842594+09:00
Bandwidth Loan,,,failed,False,2026-08-21T02:14:07.166822+09:00
Bandwidth Locator,20.0,0.0,success,False,2026-08-19T00:02:18.071698+09:00
Bandwidth Lock,,,failed,False,2026-08-17T20:44:46.784780+09:00
Bandwidth Log,10.0,64.0,success,False,2026-08-19T13:26:18.300818+09:00
Bandwidth Loop,,,failed,False,2026-08-17T21:32:47.122898+09:00
Bandwidth Manager,320.0,20.0,success,False,2026-08-17T20:41:53.253624+09:00
Bandwidth Map,40.0,8.0,success,False,2026-08-17T20:43:58.581518+09:00
Bandwidth Margin,,,failed,False,2026-08-23T02:58:27.713523+09:00
Bandwidth Markup,,,failed,False,2026-08-23T16:37:26.596455+09:00
Bandwidth Memo,,,failed,False,2026-08-21T00:34:21.181247+09:00
Bandwidth Meter,880.0,2.0,success,False,2026-08-17T21:37:30.311680+09:00
Bandwidth Metrics,10.0,4.0,success,False,2026-08-17T23:14:07.437972+09:00
Bandwidth Monitor,720.0,27.0,success,False,2026-08-17T23:07:11.054257+09:00
Bandwidth Navigator,,,failed,False,2026-08-17T23:33:28.426699+09:00
Bandwidth Nexus,,,failed,False,2026-08-17T20:45:24.269018+09:00
Bandwidth Node,,,failed,False,2026-08-17T20:47:25.656493+09:00
Bandwidth Note,,,failed,False,2026-08-19T13:27:53.720083+09:00
Bandwidth Notification,,,failed,False,2026-08-27T22:45:40.412271+09:00
Bandwidth Number,90.0,18.0,success,False,2026-08-23T03:24:13.637906+09:00
Bandwidth Office,30.0,0.0,success,False,2026-08-19T00:02:39.195734+09:00
Bandwidth Ops,,,failed,False,2026-08-17T23:10:35.067749+09:00
Bandwidth Order,,,failed,False,2026-08-19T21:57:59.626776+09:00
Bandwidth Organizer,,,failed,False,2026-08-17T23:32:52.026751+09:00
Bandwidth Overage,10.0,0.0,success,False,2026-08-27T21:46:10.871215+09:00
Bandwidth Overdraft,,,failed,False,2026-08-23T15:50:23.768923+09:00
Bandwidth Overdue,,,failed,False,2026-08-27T21:46:08.601206+09:00
Bandwidth Panel,,,failed,False,2026-08-17T21:40:51.783967+09:00
Bandwidth Pass,,,failed,False,2026-08-21T00:33:43.074758+09:00
Bandwidth Path,,,failed,False,2026-08-17T20:46:51.703605+09:00
Bandwidth Penalty,,,failed,False,2026-08-23T16:37:24.399501+09:00
Bandwidth Petition,,,failed,False,2026-08-21T01:07:09.616987+09:00
Bandwidth Pilot,,,failed,False,2026-08-17T20:36:38.149505+09:00
Bandwidth Plan,20.0,9.0,success,False,2026-08-21T01:58:27.155216+09:00
Bandwidth Planner,,,failed,False,2026-08-17T23:32:37.778770+09:00
Bandwidth Playbook,,,failed,False,2026-08-18T22:04:00.845205+09:00
Bandwidth Point,,,failed,False,2026-08-17T20:45:48.787557+09:00
Bandwidth Portal,50.0,1.0,success,False,2026-08-18T07:52:25.028656+09:00
Bandwidth Profile,20.0,1.0,success,False,2026-08-19T13:28:08.778125+09:00
Bandwidth Profit,,,failed,False,2026-08-23T02:58:18.393651+09:00
Bandwidth Proposal,,,failed,False,2026-08-28T01:03:33.167279+09:00
Bandwidth Pulse,,,failed,False,2026-08-17T21:30:27.922058+09:00
Bandwidth Queue,,,failed,False,2026-08-19T21:14:36.641890+09:00
Bandwidth Quota,30.0,3.0,success,False,2026-08-21T00:34:23.360801+09:00
Bandwidth Radar,20.0,9.0,success,False,2026-08-17T20:34:40.569545+09:00
Bandwidth Rail,,,failed,False,2026-08-17T21:33:19.243075+09:00
Bandwidth Rate,30.0,1.0,success,False,2026-08-19T20:42:48.667396+09:00
Bandwidth Recap,,,failed,False,2026-08-21T01:07:24.154176+09:00
Bandwidth Receipt,,,failed,False,2026-08-19T21:58:19.577733+09:00
Bandwidth Recorder,10.0,0.0,success,False,2026-08-27T23:33:18.763574+09:00
Bandwidth Register,,,failed,False,2026-08-17T23:23:26.681151+09:00
Bandwidth Registry,,,failed,False,2026-08-18T22:04:42.771017+09:00
Bandwidth Relay,,,failed,False,2026-08-17T20:33:47.539654+09:00
Bandwidth Reminder,,,failed,False,2026-08-19T21:13:54.945157+09:00
Bandwidth Report,30.0,32.0,success,False,2026-08-19T13:26:10.178451+09:00
Bandwidth Repository,,,failed,False,2026-08-27T23:11:17.164347+09:00
Bandwidth Result,,,failed,False,2026-08-28T00:46:36.452526+09:00
Bandwidth Roadmap,,,failed,False,2026-08-18T22:05:32.001911+09:00
Bandwidth Route,,,failed,False,2026-08-17T21:35:20.515813+09:00
Bandwidth Rule,10.0,0.0,success,False,2026-08-23T03:24:25.190204+09:00
Bandwidth Sale,10.0,0.0,success,False,2026-08-21T02:29:49.445628+09:00
Bandwidth Sample,10.0,0.0,success,False,2026-08-19T21:59:15.845213+09:00
Bandwidth Scale,10.0,0.0,success,False,2026-08-17T21:36:26.445152+09:00
Bandwidth Scanner,10.0,54.0,success,False,2026-08-27T23:52:45.278124+09:00
Bandwidth Scheduler,10.0,0.0,success,False,2026-08-17T23:12:27.386442+09:00
Bandwidth Scope,,,failed,False,2026-08-17T21:33:45.075228+09:00
Bandwidth Score,,,failed,False,2026-08-19T13:27:42.741110+09:00
Bandwidth Sentry,,,failed,False,2026-08-17T20:43:32.566232+09:00
Bandwidth Sheet,,,failed,False,2026-08-19T13:27:15.417105+09:00
Bandwidth Shortfall,,,failed,False,2026-08-27T21:46:10.871215+09:00
Bandwidth Signal,480.0,0.0,success,False,2026-08-17T21:35:54.911296+09:00
Bandwidth Slip,,,failed,False,2026-08-19T21:59:04.972402+09:00
Bandwidth Slot,,,failed,False,2026-08-19T21:59:26.927876+09:00
Bandwidth Snapshot,,,failed,False,2026-08-18T22:04:23.726026+09:00
Bandwidth Stake,,,failed,False,2026-08-23T02:58:24.249422+09:00
Bandwidth Statement,10.0,,success,False,2026-08-21T00:34:04.071728+09:00
Bandwidth Station,,,failed,False,2026-08-17T20:35:08.080059+09:00
Bandwidth Status,210.0,0.0,success,False,2026-08-19T20:42:17.170868+09:00
Bandwidth Stub,,,failed,False,2026-08-21T00:33:58.463562+09:00
Bandwidth Studio,,,failed,False,2026-08-17T20:37:05.313557+09:00
Bandwidth Subsidy,,,failed,False,2026-08-23T15:50:23.768923+09:00
Bandwidth Suite,,,failed,False,2026-08-17T23:10:52.063537+09:00
Bandwidth Sum,,,failed,False,2026-08-21T02:29:36.697010+09:00
Bandwidth Summary,,,failed,False,2026-08-19T21:13:31.913325+09:00
Bandwidth Surtax,,,failed,False,2026-08-23T15:50:26.316180+09:00
Bandwidth Sync,,,failed,False,2026-08-17T20:39:21.363517+09:00
Bandwidth Tab,,,failed,False,2026-08-21T00:34:32.979761+09:00
Bandwidth Table,30.0,0.0,success,False,2026-08-19T21:58:48.612097+09:00
Bandwidth Tag,,,failed,False,2026-08-19T13:28:00.720814+09:00
Bandwidth Tally,,,failed,False,2026-08-21T00:34:11.970110+09:00
Bandwidth Tariff,,,failed,False,2026-08-21T02:45:01.493449+09:00
Bandwidth Tax,140.0,0.0,success,False,2026-08-21T02:14:02.511057+09:00
Bandwidth Ticker,20.0,1.0,success,False,2026-08-19T12:23:26.790500+09:00
Bandwidth Ticket,10.0,8.0,success,False,2026-08-19T21:14:25.391974+09:00
Bandwidth Tier,,,failed,False,2026-08-28T00:46:36.452526+09:00
Bandwidth Timeline,,,failed,False,2026-08-19T21:13:44.257474+09:00
Bandwidth Timer,30.0,0.0,success,False,2026-08-28T00:22:49.083106+09:00
Bandwidth Token,,,failed,False,2026-08-23T13:26:15.190614+09:00
Bandwidth Toll,,,failed,False,2026-08-21T02:44:49.670355+09:00
Bandwidth Toolbox,,,failed,False,2026-08-28T00:22:57.445324+09:00
Bandwidth Toolkit,,,failed,False,2026-08-18T22:03:49.519359+09:00
Bandwidth Total,90.0,0.0,success,False,2026-08-27T23:11:08.284499+09:00
Bandwidth Tracker,50.0,40.0,success,False,2026-08-17T20:40:17.203996+09:00
Bandwidth Trail,,,failed,False,2026-08-17T21:32:11.115049+09:00
Bandwidth Trend,,,failed,False,2026-08-28T01:03:27.794966+09:00
Bandwidth Trial,,,failed,False,2026-08-27T21:13:54.337464+09:00
Bandwidth Unit,1300.0,0.0,success,True,2026-08-21T01:58:22.092915+09:00
Bandwidth Update,,,failed,False,2026-08-19T20:43:01.232728+09:00
Bandwidth Value,30.0,0.0,success,False,2026-08-23T02:58:22.138968+09:00
Bandwidth Vault,,,failed,False,2026-08-17T20:32:44.310093+09:00
Bandwidth Version,,,failed,False,2026-08-23T03:24:18.387553+09:00
Bandwidth View,10.0,7.0,success,False,2026-08-19T20:42:21.972075+09:00
Bandwidth Voucher,,,failed,False,2026-08-21T00:33:48.597432+09:00
Bandwidth Watch,720.0,51.0,success,False,2026-08-17T21:34:50.586670+09:00
Bandwidth Wave,50.0,0.0,success,False,2026-08-17T20:48:09.439521+09:00
Bandwidth Widget,10.0,11.0,success,False,2026-08-27T23:11:14.046678+09:00
Bandwidth Workbench,,,failed,False,2026-08-18T22:03:30.222566+09:00
Bandwidth Zone,,,failed,False,2026-08-17T20:32:07.300250+09:00
Banquet Advance,,,failed,False,2026-08-23T16:16:31.573856+09:00
Banquet Advisory,,,failed,False,2026-08-21T01:09:36.550865+09:00
Banquet Allowance,,,failed,False,2026-08-21T02:39:59.313025+09:00
Banquet Almanac,,,failed,False,2026-08-18T22:11:03.707718+09:00
Banquet Analyzer,,,failed,False,2026-08-27T23:51:57.345982+09:00
Banquet Anchor,,,failed,False,2026-08-17T20:34:01.116253+09:00
Banquet Announcement,10.0,0.0,success,False,2026-08-27T23:32:01.853038+09:00
Banquet Arrears,,,failed,False,2026-08-23T16:16:31.573856+09:00
Banquet Assistant,70.0,1.0,success,False,2026-08-17T23:08:40.393362+09:00
Banquet Atlas,,,failed,False,2026-08-17T21:33:26.536272+09:00
Banquet Attribute,,,failed,False,2026-08-23T13:07:43.906174+09:00
Banquet Badge,,,failed,False,2026-08-21T00:35:23.760596+09:00
Banquet Balance,,,failed,False,2026-08-23T13:47:56.055627+09:00
Banquet Base,,,failed,False,2026-08-17T20:48:23.905428+09:00
Banquet Beacon,,,failed,False,2026-08-17T20:37:47.401646+09:00
Banquet Bill,70.0,0.0,success,False,2026-08-19T21:58:32.626205+09:00
Banquet Blueprint,,,failed,False,2026-08-18T22:10:56.062577+09:00
Banquet Board,20.0,0.0,success,False,2026-08-17T20:45:10.862003+09:00
Banquet Book,90.0,12.0,success,False,2026-08-19T21:59:15.845213+09:00
Banquet Bridge,,,failed,False,2026-08-17T20:34:51.045190+09:00
Banquet Brief,,,failed,False,2026-08-21T01:09:29.468190+09:00
Banquet Bulletin,,,failed,False,2026-08-21T01:09:26.967706+09:00
Banquet Calculator,20.0,0.0,success,False,2026-08-27T23:32:01.853038+09:00
Banquet Calendar,20.0,0.0,success,False,2026-08-18T23:59:14.499030+09:00
Banquet Card,70.0,6.0,success,False,2026-08-19T13:38:58.073256+09:00
Banquet Cascade,,,failed,False,2026-08-17T20:35:50.076535+09:00
Banquet Cash,,,failed,False,2026-08-21T02:23:51.443965+09:00
Banquet Cashback,,,failed,False,2026-08-27T21:19:28.438229+09:00
Banquet Catalog,,,failed,False,2026-08-19T21:13:34.097161+09:00
Banquet Category,,,failed,False,2026-08-23T13:07:41.329341+09:00
Banquet Center,480.0,19.0,success,False,2026-08-17T20:40:01.743309+09:00
Banquet Chain,,,failed,False,2026-08-17T21:39:05.774100+09:00
Banquet Charge,70.0,7.0,success,False,2026-08-21T02:39:46.933675+09:00
Banquet Check,40.0,2.0,success,False,2026-08-19T13:39:26.336599+09:00
Banquet Checker,,,failed,False,2026-08-27T23:51:51.958622+09:00
Banquet Checklist,50.0,16.0,success,False,2026-08-19T21:12:37.502456+09:00
Banquet Circular,,,failed,False,2026-08-21T01:09:32.208799+09:00
Banquet Cockpit,,,failed,False,2026-08-17T23:26:31.743192+09:00
Banquet Code,,,failed,False,2026-08-19T21:58:48.612097+09:00
Banquet Codex,,,failed,False,2026-08-18T22:11:19.240583+09:00
Banquet Companion,,,failed,False,2026-08-17T23:06:37.704524+09:00
Banquet Comparison,,,failed,False,2026-08-28T01:03:11.397241+09:00
Banquet Compass,,,failed,False,2026-08-17T20:38:36.286112+09:00
Banquet Compendium,,,failed,False,2026-08-18T22:11:11.945944+09:00
Banquet Confirmation,,,failed,False,2026-08-21T00:58:25.474774+09:00
Banquet Console,,,failed,False,2026-08-17T20:37:16.947301+09:00
Banquet Contribution,,,failed,False,2026-08-23T16:16:29.053349+09:00
Banquet Core,,,failed,False,2026-08-17T20:47:04.642239+09:00
Banquet Cost,40.0,7.0,success,False,2026-08-21T02:07:48.773154+09:00
Banquet Count,,,failed,False,2026-08-27T22:44:11.984469+09:00
Banquet Counter,30.0,14.0,success,False,2026-08-19T00:00:12.518097+09:00
Banquet Coupon,30.0,10.0,success,False,2026-08-27T21:19:28.438229+09:00
Banquet Dashboard,,,failed,False,2026-08-17T23:11:59.928630+09:00
Banquet Deal,10.0,2.0,success,False,2026-08-21T01:51:22.429358+09:00
Banquet Debt,,,failed,False,2026-08-21T02:23:42.049826+09:00
Banquet Deck,,,failed,False,2026-08-17T20:44:09.032273+09:00
Banquet Depot,10.0,4.0,success,False,2026-08-18T23:59:53.624295+09:00
Banquet Desk,10.0,84.0,success,False,2026-08-17T20:41:58.937145+09:00
Banquet Detail,30.0,0.0,success,False,2026-08-23T03:19:49.312069+09:00
Banquet Diagram,10.0,0.0,success,False,2026-08-27T22:15:12.426690+09:00
Banquet Dial,,,failed,False,2026-08-17T20:35:19.683482+09:00
Banquet Digest,,,failed,False,2026-08-19T20:40:13.253783+09:00
Banquet Directory,,,failed,False,2026-08-18T23:59:24.120788+09:00
Banquet Discount,,,failed,False,2026-08-23T16:16:26.754683+09:00
Banquet Dock,,,failed,False,2026-08-18T07:52:56.677266+09:00
Banquet Dossier,,,failed,False,2026-08-21T00:58:30.042414+09:00
Banquet Downpayment,,,failed,False,2026-08-27T21:50:26.760837+09:00
Banquet Draft,,,failed,False,2026-08-19T20:40:28.949050+09:00
Banquet Due,,,failed,False,2026-08-23T15:52:37.821939+09:00
Banquet Duty,,,failed,False,2026-08-21T02:39:52.714819+09:00
Banquet Engine,,,failed,False,2026-08-17T23:25:24.044948+09:00
Banquet Entry,30.0,0.0,success,False,2026-08-21T00:58:42.850183+09:00
Banquet Estimate,,,failed,False,2026-08-19T21:13:23.011051+09:00
Banquet Estimator,,,failed,False,2026-08-27T23:51:48.203996+09:00
Banquet Excerpt,,,failed,False,2026-08-21T00:58:38.777262+09:00
Banquet Extension,,,failed,False,2026-08-23T16:40:09.543730+09:00
Banquet Fare,,,failed,False,2026-08-21T02:08:03.839367+09:00
Banquet Fee,30.0,0.0,success,False,2026-08-21T01:51:00.424955+09:00
Banquet Feed,,,failed,False,2026-08-19T20:40:20.062336+09:00
Banquet Field,,,failed,False,2026-08-23T13:07:43.906174+09:00
Banquet File,,,failed,False,2026-08-19T20:39:37.927726+09:00
Banquet Finder,,,failed,False,2026-08-18T23:59:44.805528+09:00
Banquet Fine,,,failed,False,2026-08-23T02:54:57.045583+09:00
Banquet Flag,,,failed,False,2026-08-21T00:35:52.521460+09:00
Banquet Flow,,,failed,False,2026-08-17T20:44:29.668652+09:00
Banquet Forge,,,failed,False,2026-08-17T20:36:48.387810+09:00
Banquet Form,50.0,4.0,success,False,2026-08-19T13:38:33.395376+09:00
Banquet Format,50.0,4.0,success,False,2026-08-23T13:07:46.002648+09:00
Banquet Frame,,,failed,False,2026-08-17T21:30:41.512165+09:00
Banquet Fund,,,failed,False,2026-08-21T02:23:48.995246+09:00
Banquet Gate,20.0,3.0,success,False,2026-08-17T21:35:33.419897+09:00
Banquet Generator,,,failed,False,2026-08-27T23:32:06.818889+09:00
Banquet Giveaway,,,failed,False,2026-08-27T21:19:33.782503+09:00
Banquet Grade,,,failed,False,2026-08-21T00:35:36.889482+09:00
Banquet Grid,,,failed,False,2026-08-17T21:39:57.727763+09:00
Banquet Guard,,,failed,False,2026-08-17T20:47:45.474295+09:00
Banquet Guidebook,,,failed,False,2026-08-18T22:10:38.085042+09:00
Banquet Helpdesk,,,failed,False,2026-08-27T22:44:16.144123+09:00
Banquet Helper,20.0,4.0,success,False,2026-08-28T00:22:21.008845+09:00
Banquet History,50.0,0.0,success,False,2026-08-19T20:39:30.002249+09:00
Banquet Hotline,,,failed,False,2026-08-19T21:13:46.122895+09:00
Banquet Hub,,,failed,False,2026-08-17T20:43:44.073906+09:00
Banquet Identifier,,,failed,False,2026-08-23T13:07:39.256451+09:00
Banquet Incentive,,,failed,False,2026-08-27T21:19:31.239406+09:00
Banquet Index,,,failed,False,2026-08-19T21:12:47.142527+09:00
Banquet Insight,,,failed,False,2026-08-17T23:26:18.163850+09:00
Banquet Installment,,,failed,False,2026-08-23T16:16:29.053349+09:00
Banquet Item,,,failed,False,2026-08-21T01:51:06.981175+09:00
Banquet Journal,,,failed,False,2026-08-18T22:10:22.903886+09:00
Banquet Keeper,,,failed,False,2026-08-17T21:31:15.457583+09:00
Banquet Kit,70.0,20.0,success,False,2026-08-27T22:44:08.062899+09:00
Banquet Lab,,,failed,False,2026-08-17T20:42:18.152107+09:00
Banquet Layout,390.0,4.0,success,False,2026-08-27T22:29:33.709708+09:00
Banquet Ledger,,,failed,False,2026-08-17T20:45:55.190861+09:00
Banquet Lens,,,failed,False,2026-08-17T21:31:49.761986+09:00
Banquet Level,,,failed,False,2026-08-19T20:39:47.752844+09:00
Banquet Levy,,,failed,False,2026-08-23T13:47:58.149011+09:00
Banquet Link,,,failed,False,2026-08-23T03:19:40.807348+09:00
Banquet List,40.0,3.0,success,False,2026-08-19T21:58:59.534733+09:00
Banquet Loan,40.0,6.0,success,False,2026-08-21T02:08:11.666475+09:00
Banquet Locator,,,failed,False,2026-08-18T23:59:34.906916+09:00
Banquet Lock,,,failed,False,2026-08-17T21:33:59.802696+09:00
Banquet Log,,,failed,False,2026-08-19T13:38:21.044998+09:00
Banquet Loop,,,failed,False,2026-08-17T21:41:44.845375+09:00
Banquet Manager,1900.0,3.0,success,False,2026-08-17T21:30:05.905035+09:00
Banquet Manual,10.0,3.0,success,False,2026-08-27T22:15:03.740456+09:00
Banquet Map,40.0,1.0,success,False,2026-08-17T21:33:02.340741+09:00
Banquet Markup,,,failed,False,2026-08-23T16:40:05.179166+09:00
Banquet Memo,,,failed,False,2026-08-21T00:35:39.216644+09:00
Banquet Message,,,failed,False,2026-08-27T23:10:05.739440+09:00
Banquet Meter,,,failed,False,2026-08-17T20:34:23.568448+09:00
Banquet Metrics,,,failed,False,2026-08-17T23:04:42.962346+09:00
Banquet Monitor,50.0,92.0,success,False,2026-08-17T23:10:22.607509+09:00
Banquet Navigator,,,failed,False,2026-08-17T23:26:43.020316+09:00
Banquet Nexus,,,failed,False,2026-08-17T21:34:29.947705+09:00
Banquet Node,,,failed,False,2026-08-17T21:36:36.847955+09:00
Banquet Note,,,failed,False,2026-08-19T13:39:57.462867+09:00
Banquet Notification,,,failed,False,2026-08-27T22:44:05.542192+09:00
Banquet Number,20.0,7.0,success,False,2026-08-23T03:19:32.678416+09:00
Banquet Office,70.0,7.0,success,False,2026-08-19T00:00:01.654497+09:00
Banquet Ops,,,failed,False,2026-08-17T23:13:36.575210+09:00
Banquet Order,110.0,3.0,success,False,2026-08-19T21:58:22.475915+09:00
Banquet Organizer,10.0,0.0,success,False,2026-08-17T23:26:02.617332+09:00
Banquet Overage,,,failed,False,2026-08-27T21:50:22.560575+09:00
Banquet Overdraft,,,failed,False,2026-08-23T15:52:40.502270+09:00
Banquet Overdue,,,failed,False,2026-08-27T21:50:17.905826+09:00
Banquet Panel,,,failed,False,2026-08-17T20:36:17.521162+09:00
Banquet Pass,,,failed,False,2026-08-21T00:35:16.287713+09:00
Banquet Path,,,failed,False,2026-08-17T21:36:07.544663+09:00
Banquet Payoff,,,failed,False,2026-08-27T21:50:20.259806+09:00
Banquet Penalty,,,failed,False,2026-08-23T16:40:02.738352+09:00
Banquet Petition,,,failed,False,2026-08-21T01:09:42.916632+09:00
Banquet Pilot,,,failed,False,2026-08-17T20:42:47.401639+09:00
Banquet Plan,170.0,9.0,success,False,2026-08-21T01:51:08.406585+09:00
Banquet Planner,170.0,9.0,success,False,2026-08-17T23:25:47.175267+09:00
Banquet Playbook,,,failed,False,2026-08-18T22:10:14.241136+09:00
Banquet Point,,,failed,False,2026-08-17T21:35:02.943607+09:00
Banquet Portal,,,failed,False,2026-08-17T20:38:12.491374+09:00
Banquet Preview,,,failed,False,2026-08-28T01:03:11.397241+09:00
Banquet Profile,,,failed,False,2026-08-19T13:40:23.135378+09:00
Banquet Profit,,,failed,False,2026-08-23T02:54:50.074152+09:00
Banquet Proposal,20.0,5.0,success,False,2026-08-28T01:03:14.001062+09:00
Banquet Pulse,,,failed,False,2026-08-17T21:38:15.647846+09:00
Banquet Queue,,,failed,False,2026-08-19T21:13:13.092758+09:00
Banquet Quota,,,failed,False,2026-08-21T00:35:46.572141+09:00
Banquet Radar,,,failed,False,2026-08-17T20:41:09.985510+09:00
Banquet Rail,,,failed,False,2026-08-18T07:53:03.495247+09:00
Banquet Rate,30.0,11.0,success,False,2026-08-19T20:39:52.613613+09:00
Banquet Recap,20.0,0.0,success,False,2026-08-21T00:59:26.114490+09:00
Banquet Receipt,,,failed,False,2026-08-19T21:58:39.226398+09:00
Banquet Recorder,,,failed,False,2026-08-27T23:32:16.065535+09:00
Banquet Redemption,,,failed,False,2026-08-23T16:40:05.179166+09:00
Banquet Register,,,failed,False,2026-08-17T23:27:00.420532+09:00
Banquet Registry,,,failed,False,2026-08-18T22:10:48.955418+09:00
Banquet Relay,,,failed,False,2026-08-17T20:40:26.535789+09:00
Banquet Reminder,,,failed,False,2026-08-19T21:12:28.088394+09:00
Banquet Report,10.0,0.0,success,False,2026-08-19T13:38:06.946096+09:00
Banquet Repository,,,failed,False,2026-08-27T23:10:14.890839+09:00
Banquet Roadmap,,,failed,False,2026-08-18T22:11:30.674698+09:00
Banquet Roster,,,failed,False,2026-08-19T00:36:40.628841+09:00
Banquet Route,,,failed,False,2026-08-17T20:32:21.226449+09:00
Banquet Rule,,,failed,False,2026-08-23T03:19:44.954715+09:00
Banquet Sale,260.0,1.0,success,False,2026-08-21T02:23:55.522760+09:00
Banquet Sample,,,failed,False,2026-08-19T21:59:39.418384+09:00
Banquet Scale,,,failed,False,2026-08-17T20:33:30.325030+09:00
Banquet Scheduler,,,failed,False,2026-08-17T23:15:28.966007+09:00
Banquet Scope,,,failed,False,2026-08-18T07:52:30.485728+09:00
Banquet Score,,,failed,False,2026-08-19T13:39:43.638809+09:00
Banquet Sentry,,,failed,False,2026-08-17T21:32:25.465592+09:00
Banquet Sheet,50.0,1.0,success,False,2026-08-19T13:39:03.234764+09:00
Banquet Shortfall,,,failed,False,2026-08-27T21:50:29.028381+09:00
Banquet Signal,,,failed,False,2026-08-17T20:32:57.689274+09:00
Banquet Slip,,,failed,False,2026-08-19T21:59:26.927876+09:00
Banquet Slot,,,failed,False,2026-08-19T21:59:50.117537+09:00
Banquet Snapshot,,,failed,False,2026-08-18T22:10:30.545293+09:00
Banquet Stage,170.0,33.0,success,False,2026-08-28T00:46:12.619703+09:00
Banquet Stake,,,failed,False,2026-08-23T02:54:52.135987+09:00
Banquet Statement,,,failed,False,2026-08-21T00:35:29.281212+09:00
Banquet Station,20.0,5.0,success,False,2026-08-17T20:41:35.724700+09:00
Banquet Status,,,failed,False,2026-08-19T20:39:09.333161+09:00
Banquet Studio,40.0,0.0,success,False,2026-08-17T20:43:15.863986+09:00
Banquet Suite,140.0,31.0,success,False,2026-08-17T23:13:55.425659+09:00
Banquet Sum,,,failed,False,2026-08-21T02:23:37.293511+09:00
Banquet Summary,,,failed,False,2026-08-19T21:12:04.004296+09:00
Banquet Sync,,,failed,False,2026-08-17T20:45:33.619281+09:00
Banquet Tab,170.0,4.0,success,False,2026-08-21T00:35:57.334663+09:00
Banquet Table,18100.0,100.0,success,False,2026-08-19T21:59:07.775168+09:00
Banquet Tag,,,failed,False,2026-08-19T13:40:05.769727+09:00
Banquet Tally,,,failed,False,2026-08-21T00:35:31.431507+09:00
Banquet Tariff,,,failed,False,2026-08-21T02:40:01.670619+09:00
Banquet Tax,10.0,0.0,success,False,2026-08-21T02:08:07.470140+09:00
Banquet Ticket,210.0,68.0,success,False,2026-08-19T21:12:57.141262+09:00
Banquet Tier,,,failed,False,2026-08-28T00:46:19.889028+09:00
Banquet Timeline,40.0,0.0,success,False,2026-08-19T21:12:15.731161+09:00
Banquet Timer,,,failed,False,2026-08-28T00:22:09.034750+09:00
Banquet Toll,,,failed,False,2026-08-21T02:39:54.831624+09:00
Banquet Toolbox,,,failed,False,2026-08-28T00:22:18.393624+09:00
Banquet Toolkit,,,failed,False,2026-08-18T22:10:08.621452+09:00
Banquet Total,,,failed,False,2026-08-27T23:10:09.258839+09:00
Banquet Tracker,,,failed,False,2026-08-17T20:46:26.563596+09:00
Banquet Trail,,,failed,False,2026-08-17T21:41:14.862117+09:00
Banquet Trend,,,failed,False,2026-08-28T01:03:06.788782+09:00
Banquet Trial,,,failed,False,2026-08-27T21:19:31.239406+09:00
Banquet Unit,,,failed,False,2026-08-21T01:51:12.065747+09:00
Banquet Update,,,failed,False,2026-08-19T20:40:02.454787+09:00
Banquet Value,,,failed,False,2026-08-23T02:54:50.074152+09:00
Banquet Vault,,,failed,False,2026-08-17T20:39:32.550443+09:00
Banquet Version,,,failed,False,2026-08-23T03:19:37.789366+09:00
Banquet View,10.0,0.0,success,False,2026-08-19T20:39:21.250222+09:00
Banquet Voucher,,,failed,False,2026-08-21T00:35:19.738516+09:00
Banquet Watch,30.0,21.0,success,False,2026-08-17T20:31:46.547401+09:00
Banquet Wave,,,failed,False,2026-08-17T21:37:05.127331+09:00
Banquet Widget,,,failed,False,2026-08-27T23:10:12.340839+09:00
Banquet Workbench,,,failed,False,2026-08-18T22:10:00.373367+09:00
Banquet Worksheet,,,failed,False,2026-08-27T22:15:06.045574+09:00
Banquet Workshop,210.0,2.0,success,False,2026-08-28T00:22:11.514597+09:00
Banquet Zone,,,failed,False,2026-08-17T20:39:09.333217+09:00
Barcode Advisory,,,failed,False,2026-08-21T01:04:53.420072+09:00
Barcode Allowance,,,failed,False,2026-08-21T02:37:19.204094+09:00
Barcode Analyzer,550000.0,40.0,success,False,2026-08-27T23:53:07.557701+09:00
Barcode Asset,1000.0,4.0,success,False,2026-08-23T13:47:31.255092+09:00
Barcode Assistant,10.0,0.0,success,False,2026-08-19T00:01:04.506360+09:00
Barcode Atlas,,,failed,False,2026-08-19T00:00:31.381271+09:00
Barcode Attribute,,,failed,False,2026-08-23T13:06:56.024749+09:00
Barcode Badge,210.0,13.0,success,False,2026-08-21T00:29:32.816021+09:00
Barcode Base,10.0,10.0,success,False,2026-08-18T23:57:07.963291+09:00
Barcode Beacon,,,failed,False,2026-08-19T00:04:18.277485+09:00
Barcode Bill,170.0,2.0,success,False,2026-08-19T22:05:46.180547+09:00
Barcode Board,2400.0,0.0,success,True,2026-08-18T23:57:39.317157+09:00
Barcode Book,8100.0,1.0,success,False,2026-08-19T22:06:38.426353+09:00
Barcode Bridge,20.0,0.0,success,False,2026-08-19T00:04:38.069566+09:00
Barcode Brief,70.0,0.0,success,False,2026-08-21T01:04:32.859141+09:00
Barcode Bulletin,10.0,,success,False,2026-08-21T01:04:28.874460+09:00
Barcode Calculator,320.0,2.0,success,False,2026-08-27T23:32:54.562632+09:00
Barcode Calendar,10.0,0.0,success,False,2026-08-19T00:02:24.547164+09:00
Barcode Card,4400.0,2.0,success,False,2026-08-19T13:40:47.127510+09:00
Barcode Cascade,,,failed,False,2026-08-19T00:04:33.745752+09:00
Barcode Cash,,,failed,False,2026-08-21T02:30:30.378357+09:00
Barcode Catalog,110.0,2.0,success,False,2026-08-19T21:19:44.972350+09:00
Barcode Category,20.0,0.0,success,False,2026-08-23T13:06:54.038616+09:00
Barcode Center,50.0,16.0,success,False,2026-08-18T23:58:38.723569+09:00
Barcode Chain,,,failed,False,2026-08-18T23:59:57.747609+09:00
Barcode Charge,,,failed,False,2026-08-21T02:37:05.084488+09:00
Barcode Check,18100.0,11.0,success,False,2026-08-19T13:41:17.239436+09:00
Barcode Checker,18100.0,11.0,success,False,2026-08-27T23:52:54.402675+09:00
Barcode Checklist,,,failed,False,2026-08-19T21:18:42.622010+09:00
Barcode Circular,,,failed,False,2026-08-21T01:04:45.668721+09:00
Barcode Companion,,,failed,False,2026-08-19T00:01:37.572111+09:00
Barcode Compass,,,failed,False,2026-08-19T00:04:07.444762+09:00
Barcode Confirmation,10.0,16.0,success,False,2026-08-21T01:05:06.601547+09:00
Barcode Console,,,failed,False,2026-08-18T23:58:59.776089+09:00
Barcode Converter,880.0,8.0,success,False,2026-08-27T23:33:00.078931+09:00
Barcode Core,,,failed,False,2026-08-18T23:57:18.728861+09:00
Barcode Cost,70.0,42.0,success,False,2026-08-21T02:13:39.971656+09:00
Barcode Count,40.0,41.0,success,False,2026-08-27T22:44:35.371350+09:00
Barcode Counter,40.0,41.0,success,False,2026-08-19T00:03:06.405993+09:00
Barcode Deal,,,failed,False,2026-08-21T01:57:22.977623+09:00
Barcode Debt,,,failed,False,2026-08-21T02:30:24.474717+09:00
Barcode Deck,10.0,0.0,success,False,2026-08-18T23:57:49.004373+09:00
Barcode Depot,30.0,29.0,success,False,2026-08-19T00:02:56.248931+09:00
Barcode Desk,10.0,5.0,success,False,2026-08-19T00:03:34.698010+09:00
Barcode Detail,210.0,2.0,success,False,2026-08-23T03:17:39.480043+09:00
Barcode Detector,74000.0,33.0,success,False,2026-08-27T23:53:00.851680+09:00
Barcode Diagram,70.0,0.0,success,False,2026-08-27T22:15:06.045574+09:00
Barcode Digest,,,failed,False,2026-08-19T20:43:13.193243+09:00
Barcode Directory,10.0,0.0,success,False,2026-08-19T00:02:30.122335+09:00
Barcode Discount,170.0,9.0,success,False,2026-08-23T16:16:03.366904+09:00
Barcode Dossier,,,failed,False,2026-08-21T01:05:09.510273+09:00
Barcode Downpayment,,,failed,False,2026-08-27T21:50:20.259806+09:00
Barcode Draft,,,failed,False,2026-08-19T20:43:26.923996+09:00
Barcode Duty,,,failed,False,2026-08-21T02:37:07.617432+09:00
Barcode Engine,20.0,19.0,success,False,2026-08-19T00:00:56.933054+09:00
Barcode Entry,20.0,6.0,success,False,2026-08-21T01:05:30.928954+09:00
Barcode Estimate,,,failed,False,2026-08-19T21:19:32.635751+09:00
Barcode Excerpt,,,failed,False,2026-08-21T01:05:26.897512+09:00
Barcode Fare,,,failed,False,2026-08-21T02:13:47.898953+09:00
Barcode Fee,20.0,31.0,success,False,2026-08-21T01:57:08.672731+09:00
Barcode Feed,,,failed,False,2026-08-19T20:43:19.095275+09:00
Barcode File,170.0,13.0,success,False,2026-08-19T20:42:39.884460+09:00
Barcode Finder,49500.0,2.0,success,False,2026-08-19T00:02:45.246378+09:00
Barcode Fine,,,failed,False,2026-08-23T02:53:30.954147+09:00
Barcode Flag,110.0,0.0,success,False,2026-08-21T00:30:22.823388+09:00
Barcode Flow,,,failed,False,2026-08-19T00:03:23.645450+09:00
Barcode Forge,90.0,15.0,success,False,2026-08-19T00:04:23.577898+09:00
Barcode Form,320.0,14.0,success,False,2026-08-19T13:40:23.135378+09:00
Barcode Frame,50.0,15.0,success,False,2026-08-19T00:05:33.402476+09:00
Barcode Fund,,,failed,False,2026-08-21T02:30:27.978125+09:00
Barcode Gate,70.0,3.0,success,False,2026-08-19T00:00:16.279363+09:00
Barcode Generator,2740000.0,2.0,success,False,2026-08-27T23:33:00.078931+09:00
Barcode Grade,,,failed,False,2026-08-21T00:30:01.129618+09:00
Barcode Grid,,,failed,False,2026-08-19T00:05:07.956398+09:00
Barcode Guarantee,,,failed,False,2026-08-28T01:04:28.102899+09:00
Barcode Guardian,,,failed,False,2026-08-28T00:23:14.492376+09:00
Barcode Helpdesk,,,failed,False,2026-08-27T22:44:39.489901+09:00
Barcode Helper,20.0,1.0,success,False,2026-08-28T00:23:17.850587+09:00
Barcode History,390.0,0.0,success,False,2026-08-19T20:42:32.517249+09:00
Barcode Hotline,,,failed,False,2026-08-19T21:19:54.949155+09:00
Barcode Hub,20.0,14.0,success,False,2026-08-19T00:03:29.017691+09:00
Barcode Identifier,1300.0,10.0,success,False,2026-08-23T13:06:49.264367+09:00
Barcode Index,50.0,6.0,success,False,2026-08-19T21:18:56.938365+09:00
Barcode Installment,,,failed,False,2026-08-23T16:16:06.207689+09:00
Barcode Item,301000.0,0.0,success,True,2026-08-21T01:57:15.651579+09:00
Barcode Journal,20.0,0.0,success,False,2026-08-19T00:02:06.599822+09:00
Barcode Keeper,10.0,0.0,success,False,2026-08-19T00:00:40.903706+09:00
Barcode Kiosk,50.0,4.0,success,False,2026-08-19T00:37:53.742610+09:00
Barcode Kit,50.0,18.0,success,False,2026-08-27T22:44:33.124302+09:00
Barcode Lab,140.0,7.0,success,False,2026-08-18T23:58:07.902911+09:00
Barcode Layout,40.0,4.0,success,False,2026-08-27T22:29:33.709708+09:00
Barcode Ledger,,,failed,False,2026-08-18T23:57:28.259874+09:00
Barcode Level,90.0,46.0,success,False,2026-08-19T20:42:46.732728+09:00
Barcode Link,1300.0,50.0,success,False,2026-08-23T03:17:31.358374+09:00
Barcode List,590.0,2.0,success,False,2026-08-19T22:06:15.067471+09:00
Barcode Loan,,,failed,False,2026-08-21T02:13:55.363048+09:00
Barcode Locator,5400.0,8.0,success,False,2026-08-19T00:02:36.291033+09:00
Barcode Log,20.0,3.0,success,False,2026-08-19T13:40:14.970348+09:00
Barcode Loop,,,failed,False,2026-08-19T00:05:01.988375+09:00
Barcode Manager,110.0,15.0,success,False,2026-08-19T00:00:51.306672+09:00
Barcode Manual,170.0,5.0,success,False,2026-08-27T22:14:59.305692+09:00
Barcode Map,1600.0,31.0,success,False,2026-08-19T00:05:29.382308+09:00
Barcode Margin,,,failed,False,2026-08-23T02:53:27.977389+09:00
Barcode Markup,,,failed,False,2026-08-23T16:39:58.056757+09:00
Barcode Memo,10.0,0.0,success,False,2026-08-21T00:30:08.282339+09:00
Barcode Monitor,20.0,47.0,success,False,2026-08-19T00:01:30.427864+09:00
Barcode Nexus,,,failed,False,2026-08-19T00:00:25.348270+09:00
Barcode Note,20.0,4.0,success,False,2026-08-19T13:41:50.563536+09:00
Barcode Notification,,,failed,False,2026-08-27T22:44:27.817073+09:00
Barcode Number,3600.0,5.0,success,False,2026-08-23T03:17:25.053866+09:00
Barcode Office,110.0,2.0,success,False,2026-08-19T00:03:01.180289+09:00
Barcode Ops,70.0,4.0,success,False,2026-08-19T00:01:53.326080+09:00
Barcode Order,390.0,20.0,success,False,2026-08-19T22:05:38.259870+09:00
Barcode Overage,,,failed,False,2026-08-27T21:50:17.905826+09:00
Barcode Overdue,,,failed,False,2026-08-27T21:50:15.580858+09:00
Barcode Panel,30.0,20.0,success,False,2026-08-18T23:59:08.925896+09:00
Barcode Pass,880.0,0.0,success,False,2026-08-21T00:29:18.901587+09:00
Barcode Path,,,failed,False,2026-08-19T00:05:18.968119+09:00
Barcode Payoff,,,failed,False,2026-08-27T21:50:15.580858+09:00
Barcode Penalty,,,failed,False,2026-08-23T16:39:55.880493+09:00
Barcode Petition,,,failed,False,2026-08-21T01:05:02.312819+09:00
Barcode Plan,,,failed,False,2026-08-21T01:57:25.896991+09:00
Barcode Planner,,,failed,False,2026-08-19T00:01:14.805570+09:00
Barcode Playbook,,,failed,False,2026-08-19T00:02:00.292816+09:00
Barcode Point,40.0,0.0,success,False,2026-08-19T00:05:23.888896+09:00
Barcode Portal,30.0,7.0,success,False,2026-08-18T23:58:54.171473+09:00
Barcode Preview,,,failed,False,2026-08-28T01:04:25.098394+09:00
Barcode Profile,10.0,4.0,success,False,2026-08-19T13:42:14.783829+09:00
Barcode Profit,,,failed,False,2026-08-23T02:53:19.802959+09:00
Barcode Proposal,,,failed,False,2026-08-28T01:04:25.098394+09:00
Barcode Queue,,,failed,False,2026-08-19T21:19:21.338240+09:00
Barcode Quota,,,failed,False,2026-08-21T00:30:14.861916+09:00
Barcode Radar,10.0,5.0,success,False,2026-08-19T00:03:43.919454+09:00
Barcode Rail,,,failed,False,2026-08-18T23:59:36.900086+09:00
Barcode Rate,20.0,14.0,success,False,2026-08-19T20:42:59.296448+09:00
Barcode Recap,,,failed,False,2026-08-21T01:05:23.608566+09:00
Barcode Receipt,320.0,5.0,success,False,2026-08-19T22:05:58.265751+09:00
Barcode Recorder,40.0,42.0,success,False,2026-08-27T23:33:05.663722+09:00
Barcode Redemption,,,failed,False,2026-08-23T16:40:00.457844+09:00
Barcode Register,880.0,28.0,success,False,2026-08-19T00:01:43.287513+09:00
Barcode Registry,880.0,28.0,success,False,2026-08-19T00:02:15.189621+09:00
Barcode Relay,,,failed,False,2026-08-19T00:03:50.601023+09:00
Barcode Reminder,,,failed,False,2026-08-19T21:18:30.637363+09:00
Barcode Report,40.0,3.0,success,False,2026-08-19T13:39:57.462867+09:00
Barcode Repository,10.0,4.0,success,False,2026-08-27T23:10:37.523000+09:00
Barcode Result,20.0,2.0,success,False,2026-08-28T00:47:00.263771+09:00
Barcode Ring,140.0,17.0,success,False,2026-08-19T00:00:05.096380+09:00
Barcode Roster,,,failed,False,2026-08-19T00:38:13.320545+09:00
Barcode Route,,,failed,False,2026-08-18T23:59:27.223478+09:00
Barcode Rule,170.0,1.0,success,False,2026-08-23T03:17:34.613762+09:00
Barcode Sale,170.0,65.0,success,False,2026-08-21T02:30:37.873895+09:00
Barcode Sample,3600.0,22.0,success,False,2026-08-19T22:06:59.596356+09:00
Barcode Scale,110.0,76.0,success,False,2026-08-18T23:59:17.064429+09:00
Barcode Scheduler,,,failed,False,2026-08-19T00:01:21.334255+09:00
Barcode Scope,,,failed,False,2026-08-19T00:04:56.559247+09:00
Barcode Score,,,failed,False,2026-08-19T13:41:43.922175+09:00
Barcode Sheet,1300.0,5.0,success,False,2026-08-19T13:41:02.359276+09:00
Barcode Shortfall,,,failed,False,2026-08-27T21:50:22.560575+09:00
Barcode Signal,10.0,5.0,success,False,2026-08-19T00:04:42.603293+09:00
Barcode Slip,210.0,13.0,success,False,2026-08-19T22:06:50.618817+09:00
Barcode Slot,2900.0,0.0,success,True,2026-08-19T22:07:10.998735+09:00
Barcode Stake,,,failed,False,2026-08-23T02:53:25.456581+09:00
Barcode Statement,,,failed,False,2026-08-21T00:29:47.975164+09:00
Barcode Station,260.0,1.0,success,False,2026-08-18T23:58:17.460804+09:00
Barcode Status,30.0,5.0,success,False,2026-08-19T20:42:19.980728+09:00
Barcode Stub,,,failed,False,2026-08-21T00:29:39.530878+09:00
Barcode Studio,1300.0,6.0,success,False,2026-08-18T23:57:58.396596+09:00
Barcode Sum,,,failed,False,2026-08-21T02:30:21.260254+09:00
Barcode Summary,,,failed,False,2026-08-19T21:18:08.963564+09:00
Barcode Tab,480.0,3.0,success,False,2026-08-21T00:30:29.735189+09:00
Barcode Table,70.0,6.0,success,False,2026-08-19T22:06:28.711407+09:00
Barcode Tag,5400.0,11.0,success,False,2026-08-19T13:42:03.157163+09:00
Barcode Tally,10.0,0.0,success,False,2026-08-21T00:29:53.018137+09:00
Barcode Tariff,,,failed,False,2026-08-21T02:37:22.596537+09:00
Barcode Tax,,,failed,False,2026-08-21T02:13:51.922112+09:00
Barcode Terminal,110.0,94.0,success,False,2026-08-18T23:58:25.855676+09:00
Barcode Ticket,12100.0,0.0,success,True,2026-08-19T21:19:08.211207+09:00
Barcode Timeline,10.0,0.0,success,False,2026-08-19T21:18:19.882315+09:00
Barcode Timer,50.0,0.0,success,False,2026-08-28T00:23:11.653599+09:00
Barcode Toll,,,failed,False,2026-08-21T02:37:15.297674+09:00
Barcode Toolbox,70.0,11.0,success,False,2026-08-28T00:23:17.850587+09:00
Barcode Total,,,failed,False,2026-08-27T23:10:31.050648+09:00
Barcode Tracker,1300.0,10.0,success,False,2026-08-19T00:03:12.143780+09:00
Barcode Trail,,,failed,False,2026-08-18T23:59:47.446594+09:00
Barcode Trial,10.0,9.0,success,False,2026-08-27T21:19:26.078520+09:00
Barcode Unit,10.0,6.0,success,False,2026-08-21T01:57:18.648468+09:00
Barcode Update,40.0,3.0,success,False,2026-08-19T20:43:04.288794+09:00
Barcode Value,90.0,6.0,success,False,2026-08-23T02:53:22.590239+09:00
Barcode Vault,20.0,4.0,success,False,2026-08-19T00:04:01.106556+09:00
Barcode Version,20.0,9.0,success,False,2026-08-23T03:17:28.989211+09:00
Barcode View,140.0,6.0,success,False,2026-08-19T20:42:27.783446+09:00
Barcode Voucher,480.0,1.0,success,False,2026-08-21T00:29:24.926650+09:00
Barcode Watch,90.0,4.0,success,False,2026-08-19T00:04:50.750995+09:00
Barcode Wave,,,failed,False,2026-08-19T00:05:13.902876+09:00
Barcode Widget,20.0,1.0,success,False,2026-08-27T23:10:34.837044+09:00
Barcode Worksheet,,,failed,False,2026-08-27T22:15:03.740456+09:00
Barcode Zone,260.0,5.0,success,False,2026-08-18T23:58:46.816942+09:00
Basement Advisory,,,failed,False,2026-08-21T01:02:59.724963+09:00
Basement Alert,,,failed,False,2026-08-21T00:06:59.654665+09:00
Basement Allowance,,,failed,False,2026-08-21T02:42:06.283895+09:00
Basement Analyzer,,,failed,False,2026-08-27T23:52:16.469073+09:00
Basement Announcement,,,failed,False,2026-08-27T23:31:53.599891+09:00
Basement Assistant,,,failed,False,2026-08-21T00:05:32.052210+09:00
Basement Atlas,,,failed,False,2026-08-19T23:13:53.160538+09:00
Basement Base,1000.0,3.0,success,False,2026-08-21T00:10:51.522547+09:00
Basement Bay,30.0,4.0,success,False,2026-08-21T00:06:35.659041+09:00
Basement Beacon,30.0,0.0,success,False,2026-08-21T00:10:08.386733+09:00
Basement Bill,,,failed,False,2026-08-21T00:09:02.871951+09:00
Basement Board,90.0,20.0,success,False,2026-08-21T00:11:01.156571+09:00
Basement Book,40.0,9.0,success,False,2026-08-21T00:09:23.484193+09:00
Basement Booth,20.0,10.0,success,False,2026-08-21T00:06:28.229778+09:00
Basement Bridge,10.0,0.0,success,False,2026-08-21T00:10:14.810334+09:00
Basement Brief,,,failed,False,2026-08-21T01:02:00.042656+09:00
Basement Bulletin,,,failed,False,2026-08-21T01:01:54.342698+09:00
Basement Cabinet,590.0,100.0,success,False,2026-08-27T23:17:00.312671+09:00
Basement Calendar,40.0,0.0,success,False,2026-08-21T00:06:05.500178+09:00
Basement Card,10.0,0.0,success,False,2026-08-21T00:07:38.957051+09:00
Basement Cascade,,,failed,False,2026-08-21T00:10:12.835483+09:00
Basement Cash,10.0,0.0,success,False,2026-08-21T02:25:06.190150+09:00
Basement Category,,,failed,False,2026-08-23T13:10:06.026404+09:00
Basement Center,10.0,4.0,success,False,2026-08-21T00:11:21.339663+09:00
Basement Chain,,,failed,False,2026-08-21T00:11:53.848385+09:00
Basement Charge,,,failed,False,2026-08-21T02:41:51.779430+09:00
Basement Chart,,,failed,False,2026-08-21T00:07:02.641295+09:00
Basement Check,10.0,26.0,success,False,2026-08-21T00:07:44.849905+09:00
Basement Checker,,,failed,False,2026-08-27T23:52:08.286767+09:00
Basement Circular,,,failed,False,2026-08-21T01:02:57.004719+09:00
Basement Code,110.0,0.0,success,False,2026-08-21T00:09:11.987938+09:00
Basement Confirmation,,,failed,False,2026-08-21T01:02:15.382494+09:00
Basement Console,,,failed,False,2026-08-21T00:11:33.849438+09:00
Basement Core,30.0,0.0,success,False,2026-08-21T00:10:55.494824+09:00
Basement Cost,480.0,14.0,success,False,2026-08-21T02:07:53.857202+09:00
Basement Counter,10.0,66.0,success,False,2026-08-21T00:06:19.535864+09:00
Basement Deal,,,failed,False,2026-08-21T01:50:11.823899+09:00
Basement Debt,,,failed,False,2026-08-21T02:24:56.488655+09:00
Basement Deck,10.0,14.0,success,False,2026-08-21T00:11:07.276592+09:00
Basement Desk,30.0,100.0,success,False,2026-08-21T00:09:53.180945+09:00
Basement Detail,140.0,0.0,success,False,2026-08-23T03:23:19.130954+09:00
Basement Detector,10.0,65.0,success,False,2026-08-27T23:52:13.665480+09:00
Basement Diagram,110.0,1.0,success,False,2026-08-27T22:13:24.343596+09:00
Basement Directory,,,failed,False,2026-08-21T00:06:08.424463+09:00
Basement Dossier,,,failed,False,2026-08-21T01:02:18.161248+09:00
Basement Downpayment,,,failed,False,2026-08-27T21:49:01.717649+09:00
Basement Draft,10.0,0.0,success,False,2026-08-21T00:08:35.535549+09:00
Basement Due,,,failed,False,2026-08-23T15:51:33.860172+09:00
Basement Duty,,,failed,False,2026-08-21T02:41:56.534428+09:00
Basement Engine,,,failed,False,2026-08-21T00:05:26.838977+09:00
Basement Entry,140.0,27.0,success,False,2026-08-21T01:03:18.814008+09:00
Basement Estimate,50.0,52.0,success,False,2026-08-21T00:08:56.538180+09:00
Basement Estimator,10.0,57.0,success,False,2026-08-27T23:52:05.723363+09:00
Basement Excerpt,,,failed,False,2026-08-21T01:03:15.171952+09:00
Basement Fare,,,failed,False,2026-08-21T02:08:03.839367+09:00
Basement Fee,,,failed,False,2026-08-21T01:59:59.476692+09:00
Basement Feed,,,failed,False,2026-08-21T00:08:32.112101+09:00
Basement File,,,failed,False,2026-08-21T00:08:16.662845+09:00
Basement Fine,,,failed,False,2026-08-23T02:57:13.068042+09:00
Basement Flag,140.0,1.0,success,False,2026-08-21T00:26:49.726902+09:00
Basement Flow,10.0,0.0,success,False,2026-08-21T00:09:42.716549+09:00
Basement Forge,,,failed,False,2026-08-21T00:10:10.668873+09:00
Basement Form,10.0,4.0,success,False,2026-08-21T00:07:33.633888+09:00
Basement Format,,,failed,False,2026-08-23T13:10:08.705068+09:00
Basement Frame,1900.0,15.0,success,False,2026-08-21T00:10:48.719546+09:00
Basement Fund,10.0,0.0,success,False,2026-08-21T02:25:01.097647+09:00
Basement Gate,210.0,49.0,success,False,2026-08-21T00:12:04.000178+09:00
Basement Grade,,,failed,False,2026-08-21T00:26:36.041366+09:00
Basement Grid,10.0,0.0,success,False,2026-08-21T00:10:31.102119+09:00
Basement Guardian,30.0,99.0,success,False,2026-08-28T00:22:49.083106+09:00
Basement Helpdesk,,,failed,False,2026-08-27T22:51:22.989955+09:00
Basement Helper,,,failed,False,2026-08-28T00:22:54.713063+09:00
Basement History,30.0,1.0,success,False,2026-08-21T00:08:12.228304+09:00
Basement Hub,320.0,0.0,success,False,2026-08-21T00:09:46.713564+09:00
Basement Identifier,,,failed,False,2026-08-23T13:10:03.956535+09:00
Basement Inbox,,,failed,False,2026-08-21T00:06:57.541230+09:00
Basement Index,,,failed,False,2026-08-21T00:08:50.298724+09:00
Basement Item,,,failed,False,2026-08-21T02:00:06.443014+09:00
Basement Journal,,,failed,False,2026-08-21T00:05:58.957091+09:00
Basement Keeper,10.0,0.0,success,False,2026-08-21T00:05:21.567045+09:00
Basement Lab,880.0,2.0,success,False,2026-08-21T00:11:12.755377+09:00
Basement Label,10.0,2.0,success,False,2026-08-27T22:13:16.015424+09:00
Basement Layout,880.0,7.0,success,False,2026-08-27T22:29:26.032496+09:00
Basement Ledger,,,failed,False,2026-08-21T00:10:58.171885+09:00
Basement Level,1000.0,6.0,success,False,2026-08-21T00:08:22.856324+09:00
Basement Line,20.0,4.0,success,False,2026-08-21T00:07:13.344965+09:00
Basement Link,,,failed,False,2026-08-23T03:23:11.854221+09:00
Basement List,,,failed,False,2026-08-21T00:09:15.337380+09:00
Basement Loan,50.0,52.0,success,False,2026-08-21T02:08:11.666475+09:00
Basement Lobby,50.0,0.0,success,False,2026-08-21T00:07:10.102459+09:00
Basement Locator,,,failed,False,2026-08-21T00:06:10.990572+09:00
Basement Locker,90.0,61.0,success,False,2026-08-21T00:06:26.162440+09:00
Basement Log,,,failed,False,2026-08-21T00:07:30.087170+09:00
Basement Loop,,,failed,False,2026-08-21T00:10:27.698876+09:00
Basement Manager,,,failed,False,2026-08-21T00:05:23.895920+09:00
Basement Manual,,,failed,False,2026-08-27T22:13:20.966698+09:00
Basement Map,140.0,0.0,success,False,2026-08-21T00:10:46.000113+09:00
Basement Margin,,,failed,False,2026-08-23T02:57:10.108047+09:00
Basement Marker,10.0,0.0,success,False,2026-08-23T13:26:43.446955+09:00
Basement Markup,,,failed,False,2026-08-23T16:39:07.006923+09:00
Basement Memo,,,failed,False,2026-08-21T00:26:41.627536+09:00
Basement Monitor,,,failed,False,2026-08-21T00:05:42.702163+09:00
Basement Nexus,,,failed,False,2026-08-19T22:41:50.846543+09:00
Basement Note,,,failed,False,2026-08-21T00:07:55.712848+09:00
Basement Notification,,,failed,False,2026-08-27T22:51:05.430430+09:00
Basement Number,20.0,0.0,success,False,2026-08-23T03:23:04.042146+09:00
Basement Office,1000.0,31.0,success,False,2026-08-21T00:06:19.535864+09:00
Basement Ops,,,failed,False,2026-08-21T00:05:53.181576+09:00
Basement Order,30.0,3.0,success,False,2026-08-21T00:09:00.299581+09:00
Basement Outpost,,,failed,False,2026-08-21T00:06:41.845552+09:00
Basement Overage,,,failed,False,2026-08-27T21:48:57.191063+09:00
Basement Overdue,,,failed,False,2026-08-27T21:48:52.496958+09:00
Basement Panel,590.0,100.0,success,False,2026-08-21T00:11:37.455869+09:00
Basement Pass,,,failed,False,2026-08-21T00:26:05.533599+09:00
Basement Passport,,,failed,False,2026-08-21T00:07:07.636475+09:00
Basement Path,,,failed,False,2026-08-21T00:10:39.439345+09:00
Basement Payoff,,,failed,False,2026-08-27T21:48:54.950777+09:00
Basement Petition,,,failed,False,2026-08-21T01:02:13.283707+09:00
Basement Plan,1000.0,14.0,success,False,2026-08-21T01:50:02.348824+09:00
Basement Planner,1000.0,14.0,success,False,2026-08-21T00:05:36.511484+09:00
Basement Playbook,,,failed,False,2026-08-21T00:05:56.272120+09:00
Basement Plaza,,,failed,False,2026-08-21T00:06:45.845117+09:00
Basement Point,,,failed,False,2026-08-21T00:10:41.968767+09:00
Basement Portal,,,failed,False,2026-08-21T00:11:31.112963+09:00
Basement Post,390.0,100.0,success,False,2026-08-21T00:06:39.076451+09:00
Basement Preview,,,failed,False,2026-08-28T01:04:19.597729+09:00
Basement Profile,,,failed,False,2026-08-21T00:08:03.129328+09:00
Basement Profit,,,failed,False,2026-08-23T02:57:01.992920+09:00
Basement Radar,,,failed,False,2026-08-21T00:09:56.547234+09:00
Basement Rail,40.0,100.0,success,False,2026-08-21T00:11:47.014910+09:00
Basement Rate,,,failed,False,2026-08-21T00:08:26.557259+09:00
Basement Recap,,,failed,False,2026-08-21T01:03:10.607434+09:00
Basement Receipt,,,failed,False,2026-08-21T00:09:09.007645+09:00
Basement Recorder,,,failed,False,2026-08-27T23:32:01.853038+09:00
Basement Register,10.0,85.0,success,False,2026-08-21T00:05:49.318712+09:00
Basement Relay,,,failed,False,2026-08-21T00:09:59.655575+09:00
Basement Reminder,,,failed,False,2026-08-21T00:08:47.899784+09:00
Basement Report,10.0,0.0,success,False,2026-08-21T00:07:26.703840+09:00
Basement Ring,,,failed,False,2026-08-21T00:12:01.439565+09:00
Basement Roll,,,failed,False,2026-08-21T00:07:19.615144+09:00
Basement Roster,,,failed,False,2026-08-21T00:06:55.425363+09:00
Basement Route,,,failed,False,2026-08-21T00:11:44.764762+09:00
Basement Rule,,,failed,False,2026-08-23T03:23:15.682212+09:00
Basement Sale,70.0,3.0,success,False,2026-08-21T02:25:09.393326+09:00
Basement Sample,,,failed,False,2026-08-21T00:09:30.468859+09:00
Basement Scale,,,failed,False,2026-08-21T00:11:41.126262+09:00
Basement Scanner,,,failed,False,2026-08-27T23:52:10.807826+09:00
Basement Scope,,,failed,False,2026-08-21T00:10:23.316441+09:00
Basement Score,,,failed,False,2026-08-21T00:07:47.780593+09:00
Basement Sheet,,,failed,False,2026-08-21T00:07:41.757493+09:00
Basement Shelf,2400.0,100.0,success,False,2026-08-21T00:06:52.239933+09:00
Basement Shortfall,,,failed,False,2026-08-27T21:49:04.119579+09:00
Basement Signal,10.0,0.0,success,False,2026-08-21T00:10:17.224400+09:00
Basement Slip,,,failed,False,2026-08-21T00:09:26.936437+09:00
Basement Slot,,,failed,False,2026-08-21T00:09:36.388404+09:00
Basement Stake,,,failed,False,2026-08-23T02:57:06.282457+09:00
Basement Stamp,,,failed,False,2026-08-23T13:26:46.141852+09:00
Basement Statement,,,failed,False,2026-08-21T00:26:25.580219+09:00
Basement Station,10.0,0.0,success,False,2026-08-21T00:11:15.329507+09:00
Basement Status,,,failed,False,2026-08-21T00:08:06.282154+09:00
Basement Studio,5400.0,2.0,success,False,2026-08-21T00:11:09.626115+09:00
Basement Subsidy,,,failed,False,2026-08-23T15:51:36.784233+09:00
Basement Sum,,,failed,False,2026-08-21T02:24:52.539486+09:00
Basement Summary,,,failed,False,2026-08-21T00:08:39.923175+09:00
Basement Tab,170.0,0.0,success,False,2026-08-21T00:26:55.838634+09:00
Basement Table,210.0,100.0,success,False,2026-08-21T00:09:19.692750+09:00
Basement Tag,,,failed,False,2026-08-21T00:07:59.311862+09:00
Basement Tally,,,failed,False,2026-08-21T00:26:30.376720+09:00
Basement Tariff,,,failed,False,2026-08-21T02:42:09.091272+09:00
Basement Tax,10.0,0.0,success,False,2026-08-21T02:08:07.470140+09:00
Basement Terminal,,,failed,False,2026-08-21T00:11:18.069642+09:00
Basement Ticker,,,failed,False,2026-08-21T00:07:13.344965+09:00
Basement Ticket,590.0,19.0,success,False,2026-08-21T00:08:53.382830+09:00
Basement Timeline,,,failed,False,2026-08-21T00:08:45.670716+09:00
Basement Toll,,,failed,False,2026-08-21T02:41:59.910977+09:00
Basement Toolbox,,,failed,False,2026-08-28T00:22:52.095414+09:00
Basement Total,,,failed,False,2026-08-27T23:16:56.229281+09:00
Basement Tower,,,failed,False,2026-08-21T00:06:52.239933+09:00
Basement Tracker,,,failed,False,2026-08-21T00:09:38.850867+09:00
Basement Trail,,,failed,False,2026-08-21T00:11:51.224044+09:00
Basement Trial,,,failed,False,2026-08-27T21:17:47.451913+09:00
Basement Unit,320.0,2.0,success,False,2026-08-21T02:00:08.168331+09:00
Basement Update,70.0,29.0,success,False,2026-08-21T00:08:29.674648+09:00
Basement Value,10.0,0.0,success,False,2026-08-23T02:57:04.274468+09:00
Basement Vault,90.0,12.0,success,False,2026-08-21T00:10:01.982446+09:00
Basement Version,10.0,0.0,success,False,2026-08-23T03:23:07.645674+09:00
Basement View,20.0,0.0,success,False,2026-08-21T00:08:09.199254+09:00
Basement Watch,20.0,43.0,success,False,2026-08-21T00:10:20.448306+09:00
Basement Wave,10.0,4.0,success,False,2026-08-21T00:10:37.172281+09:00
Basement Widget,,,failed,False,2026-08-27T23:17:00.312671+09:00
Basement Window,22200.0,100.0,success,False,2026-08-21T00:07:16.411531+09:00
Basement Worksheet,,,failed,False,2026-08-27T22:13:20.966698+09:00
Basement Yard,27100.0,10.0,success,False,2026-08-21T00:06:33.457247+09:00
Basement Zone,10.0,0.0,success,False,2026-08-21T00:11:23.626216+09:00
Batch Advance,,,failed,False,2026-08-23T16:11:34.314985+09:00
Batch Allowance,,,failed,False,2026-08-21T02:42:59.558136+09:00
Batch Almanac,,,failed,False,2026-08-18T22:05:08.323728+09:00
Batch Analyzer,90.0,6.0,success,False,2026-08-27T23:54:23.137775+09:00
Batch Anchor,,,failed,False,2026-08-17T20:38:11.520193+09:00
Batch Arrears,,,failed,False,2026-08-23T16:11:31.628533+09:00
Batch Assistant,,,failed,False,2026-08-17T23:12:58.115072+09:00
Batch Atlas,,,failed,False,2026-08-17T21:38:13.718334+09:00
Batch Attribute,,,failed,False,2026-08-23T13:09:22.371145+09:00
Batch Badge,90.0,10.0,success,False,2026-08-21T00:27:27.558535+09:00
Batch Balance,320.0,2.0,success,False,2026-08-23T13:48:35.211056+09:00
Batch Base,10.0,2.0,success,False,2026-08-17T21:34:28.165323+09:00
Batch Beacon,,,failed,False,2026-08-17T20:41:33.336783+09:00
Batch Bill,40.0,2.0,success,False,2026-08-19T22:06:38.426353+09:00
Batch Blueprint,,,failed,False,2026-08-18T22:04:56.544925+09:00
Batch Board,70.0,19.0,success,False,2026-08-17T21:31:11.680234+09:00
Batch Book,480.0,9.0,success,False,2026-08-19T22:07:28.246340+09:00
Batch Bridge,10.0,0.0,success,False,2026-08-17T20:39:06.787331+09:00
Batch Brief,,,failed,False,2026-08-21T01:01:30.993537+09:00
Batch Bulletin,,,failed,False,2026-08-21T01:01:25.263035+09:00
Batch Cabinet,10.0,33.0,success,False,2026-08-27T23:11:50.094156+09:00
Batch Calculator,1000.0,1.0,success,False,2026-08-27T23:33:44.180907+09:00
Batch Calendar,40.0,1.0,success,False,2026-08-19T00:04:54.234777+09:00
Batch Card,720.0,17.0,success,False,2026-08-19T13:28:31.111585+09:00
Batch Cascade,,,failed,False,2026-08-17T20:39:59.910293+09:00
Batch Cash,70.0,2.0,success,False,2026-08-21T02:27:08.024014+09:00
Batch Category,,,failed,False,2026-08-23T13:09:19.095608+09:00
Batch Center,30.0,10.0,success,False,2026-08-17T20:43:42.299051+09:00
Batch Chain,20.0,0.0,success,False,2026-08-17T20:32:55.422953+09:00
Batch Charge,90.0,1.0,success,False,2026-08-21T02:42:51.701755+09:00
Batch Check,2400.0,0.0,success,True,2026-08-19T13:28:52.256085+09:00
Batch Checker,2400.0,0.0,success,True,2026-08-27T23:54:12.617602+09:00
Batch Cockpit,10.0,1.0,success,False,2026-08-17T23:31:53.116535+09:00
Batch Code,74000.0,0.0,success,True,2026-08-19T22:06:56.710970+09:00
Batch Codex,,,failed,False,2026-08-18T22:05:25.774321+09:00
Batch Companion,,,failed,False,2026-08-17T23:11:00.543955+09:00
Batch Comparison,10.0,0.0,success,False,2026-08-28T01:04:54.734993+09:00
Batch Compass,,,failed,False,2026-08-17T20:42:18.152107+09:00
Batch Compendium,,,failed,False,2026-08-18T22:05:17.781482+09:00
Batch Confirmation,10.0,0.0,success,False,2026-08-21T01:01:44.513558+09:00
Batch Console,20.0,0.0,success,False,2026-08-17T20:41:08.316613+09:00
Batch Contribution,,,failed,False,2026-08-23T16:11:27.999005+09:00
Batch Core,40.0,0.0,success,False,2026-08-17T21:33:26.536272+09:00
Batch Cost,70.0,1.0,success,False,2026-08-21T02:11:01.471090+09:00
Batch Count,590.0,17.0,success,False,2026-08-27T22:46:32.374827+09:00
Batch Counter,590.0,17.0,success,False,2026-08-19T00:05:27.512092+09:00
Batch Dashboard,40.0,1.0,success,False,2026-08-17T23:03:45.434649+09:00
Batch Deal,,,failed,False,2026-08-21T01:55:09.652280+09:00
Batch Debt,,,failed,False,2026-08-21T02:26:59.463760+09:00
Batch Deck,10.0,0.0,success,False,2026-08-17T21:30:05.905035+09:00
Batch Depot,,,failed,False,2026-08-19T00:05:16.956026+09:00
Batch Desk,,,failed,False,2026-08-17T20:45:54.147634+09:00
Batch Detail,30.0,0.0,success,False,2026-08-23T03:22:56.392022+09:00
Batch Detector,,,failed,False,2026-08-27T23:54:15.015364+09:00
Batch Diagram,30.0,0.0,success,False,2026-08-27T22:08:10.673360+09:00
Batch Dial,,,failed,False,2026-08-17T20:39:31.272188+09:00
Batch Digest,,,failed,False,2026-08-19T20:46:04.507912+09:00
Batch Directory,40.0,0.0,success,False,2026-08-19T00:04:59.396392+09:00
Batch Discount,30.0,1.0,success,False,2026-08-23T16:11:24.096021+09:00
Batch Dock,,,failed,False,2026-08-17T20:35:48.969093+09:00
Batch Dossier,,,failed,False,2026-08-21T01:01:54.342698+09:00
Batch Draft,,,failed,False,2026-08-19T20:46:13.766068+09:00
Batch Due,,,failed,False,2026-08-23T15:50:12.078414+09:00
Batch Duty,,,failed,False,2026-08-21T02:42:54.824749+09:00
Batch Engine,10.0,5.0,success,False,2026-08-17T23:30:41.257118+09:00
Batch Entry,70.0,0.0,success,False,2026-08-21T01:02:09.128989+09:00
Batch Estimate,,,failed,False,2026-08-19T21:31:54.531543+09:00
Batch Estimator,,,failed,False,2026-08-27T23:54:10.053801+09:00
Batch Excerpt,,,failed,False,2026-08-21T01:02:57.004719+09:00
Batch Fare,,,failed,False,2026-08-21T02:11:07.536158+09:00
Batch Fee,50.0,3.0,success,False,2026-08-21T01:54:48.965214+09:00
Batch Feed,110.0,29.0,success,False,2026-08-19T20:46:08.912085+09:00
Batch Field,,,failed,False,2026-08-23T13:09:25.406302+09:00
Batch File,8100.0,0.0,success,True,2026-08-19T20:45:37.673361+09:00
Batch Finder,390.0,0.0,success,False,2026-08-19T00:05:11.440472+09:00
Batch Fine,,,failed,False,2026-08-23T02:57:21.827227+09:00
Batch Flag,110.0,1.0,success,False,2026-08-21T00:28:20.735517+09:00
Batch Flow,390.0,2.0,success,False,2026-08-17T21:30:38.829852+09:00
Batch Forge,,,failed,False,2026-08-17T20:40:46.604989+09:00
Batch Form,30.0,3.0,success,False,2026-08-19T13:28:19.124767+09:00
Batch Format,40.0,0.0,success,False,2026-08-23T13:09:27.676904+09:00
Batch Frame,30.0,0.0,success,False,2026-08-17T21:35:33.419897+09:00
Batch Fund,,,failed,False,2026-08-21T02:27:02.067893+09:00
Batch Gate,,,failed,False,2026-08-17T21:41:42.015478+09:00
Batch Generator,720.0,0.0,success,False,2026-08-27T23:33:44.180907+09:00
Batch Grade,,,failed,False,2026-08-21T00:27:57.987466+09:00
Batch Graph,,,failed,False,2026-08-27T22:08:00.127291+09:00
Batch Grid,,,failed,False,2026-08-17T20:33:27.108642+09:00
Batch Guarantee,,,failed,False,2026-08-28T01:05:00.784184+09:00
Batch Guard,,,failed,False,2026-08-17T21:33:56.834131+09:00
Batch Guardian,,,failed,False,2026-08-28T00:24:07.652921+09:00
Batch Guidebook,,,failed,False,2026-08-18T22:04:36.606049+09:00
Batch Helpdesk,,,failed,False,2026-08-27T22:46:32.374827+09:00
Batch Helper,10.0,0.0,success,False,2026-08-28T00:24:12.580711+09:00
Batch History,30.0,0.0,success,False,2026-08-19T20:45:32.308725+09:00
Batch Hub,10.0,6.0,success,False,2026-08-17T20:48:21.583177+09:00
Batch Identifier,1300.0,0.0,success,True,2026-08-23T13:09:17.043261+09:00
Batch Index,20.0,0.0,success,False,2026-08-19T21:31:38.211604+09:00
Batch Insight,,,failed,False,2026-08-17T23:31:35.615532+09:00
Batch Installment,,,failed,False,2026-08-23T16:11:24.096021+09:00
Batch Item,30.0,2.0,success,False,2026-08-21T01:54:58.367500+09:00
Batch Journal,20.0,0.0,success,False,2026-08-18T22:04:15.026557+09:00
Batch Keeper,,,failed,False,2026-08-17T21:36:05.315924+09:00
Batch Kit,1000.0,0.0,success,True,2026-08-27T22:46:27.298392+09:00
Batch Lab,20.0,1.0,success,False,2026-08-17T20:46:23.888336+09:00
Batch Label,390.0,19.0,success,False,2026-08-27T22:08:00.127291+09:00
Batch Ledger,,,failed,False,2026-08-17T21:32:23.259221+09:00
Batch Lens,30.0,1.0,success,False,2026-08-17T21:36:34.713232+09:00
Batch Level,70.0,1.0,success,False,2026-08-19T20:45:48.837053+09:00
Batch Link,70.0,0.0,success,False,2026-08-23T03:22:45.099275+09:00
Batch List,320.0,3.0,success,False,2026-08-19T22:07:10.998735+09:00
Batch Loan,,,failed,False,2026-08-21T02:11:15.261095+09:00
Batch Locator,,,failed,False,2026-08-19T00:05:06.053297+09:00
Batch Lock,40.0,1.0,success,False,2026-08-17T21:39:05.774100+09:00
Batch Log,480.0,24.0,success,False,2026-08-19T13:28:10.656877+09:00
Batch Loop,880.0,0.0,success,False,2026-08-17T20:34:22.385109+09:00
Batch Manager,210.0,11.0,success,False,2026-08-17T21:35:00.218033+09:00
Batch Manual,10.0,0.0,success,False,2026-08-27T22:08:02.909734+09:00
Batch Map,70.0,24.0,success,False,2026-08-17T21:37:42.380657+09:00
Batch Margin,,,failed,False,2026-08-23T02:57:19.456946+09:00
Batch Markup,,,failed,False,2026-08-23T16:37:26.596455+09:00
Batch Memo,,,failed,False,2026-08-21T00:28:03.957628+09:00
Batch Message,140.0,1.0,success,False,2026-08-27T23:11:47.149537+09:00
Batch Meter,70.0,74.0,success,False,2026-08-17T20:38:35.163236+09:00
Batch Metrics,40.0,9.0,success,False,2026-08-17T23:09:26.162855+09:00
Batch Monitor,170.0,2.0,success,False,2026-08-17T23:14:35.084674+09:00
Batch Navigator,,,failed,False,2026-08-17T23:32:15.494443+09:00
Batch Nexus,,,failed,False,2026-08-17T21:39:44.948189+09:00
Batch Node,20.0,2.0,success,False,2026-08-18T07:52:30.485728+09:00
Batch Note,,,failed,False,2026-08-19T13:29:15.231319+09:00
Batch Notification,140.0,1.0,success,False,2026-08-27T22:46:27.298392+09:00
Batch Number,22200.0,0.0,success,True,2026-08-23T03:22:39.014022+09:00
Batch Office,40.0,2.0,success,False,2026-08-19T00:05:21.948366+09:00
Batch Ops,9900.0,1.0,success,False,2026-08-17T23:05:30.117127+09:00
Batch Order,390.0,1.0,success,False,2026-08-19T22:06:26.107612+09:00
Batch Organizer,,,failed,False,2026-08-17T23:31:21.435106+09:00
Batch Overage,,,failed,False,2026-08-27T21:46:13.321425+09:00
Batch Overdraft,,,failed,False,2026-08-23T15:50:14.677980+09:00
Batch Overdue,,,failed,False,2026-08-27T21:46:10.871215+09:00
Batch Panel,90500.0,100.0,success,False,2026-08-17T20:40:24.654920+09:00
Batch Pass,30.0,0.0,success,False,2026-08-21T00:27:09.364121+09:00
Batch Path,30.0,0.0,success,False,2026-08-18T07:43:51.559731+09:00
Batch Penalty,,,failed,False,2026-08-23T16:37:24.399501+09:00
Batch Petition,,,failed,False,2026-08-21T01:01:41.528292+09:00
Batch Pilot,40.0,13.0,success,False,2026-08-17T20:47:00.954455+09:00
Batch Plan,210.0,4.0,success,False,2026-08-21T01:55:06.085634+09:00
Batch Planner,210.0,4.0,success,False,2026-08-17T23:30:56.654699+09:00
Batch Playbook,,,failed,False,2026-08-18T22:04:05.188286+09:00
Batch Point,40.0,0.0,success,False,2026-08-17T21:41:12.952922+09:00
Batch Portal,20.0,0.0,success,False,2026-08-17T20:41:58.937145+09:00
Batch Preview,,,failed,False,2026-08-28T01:04:54.734993+09:00
Batch Profile,70.0,0.0,success,False,2026-08-19T13:29:46.780078+09:00
Batch Profit,,,failed,False,2026-08-23T02:57:13.068042+09:00
Batch Proposal,,,failed,False,2026-08-28T01:04:57.702842+09:00
Batch Pulse,,,failed,False,2026-08-17T20:32:17.131006+09:00
Batch Quota,,,failed,False,2026-08-21T00:28:13.699286+09:00
Batch Radar,320.0,0.0,success,False,2026-08-17T20:45:09.617976+09:00
Batch Rail,,,failed,False,2026-08-17T20:34:48.922886+09:00
Batch Rate,30.0,0.0,success,False,2026-08-19T20:45:53.854460+09:00
Batch Recap,,,failed,False,2026-08-21T01:01:56.777468+09:00
Batch Receipt,10.0,0.0,success,False,2026-08-19T22:06:47.930339+09:00
Batch Recorder,10.0,40.0,success,False,2026-08-27T23:33:49.410538+09:00
Batch Register,110.0,0.0,success,False,2026-08-17T23:32:28.634296+09:00
Batch Registry,,,failed,False,2026-08-18T22:04:47.341629+09:00
Batch Relay,,,failed,False,2026-08-17T20:44:07.827451+09:00
Batch Reminder,,,failed,False,2026-08-19T21:31:29.606643+09:00
Batch Report,480.0,1.0,success,False,2026-08-19T13:28:03.494645+09:00
Batch Repository,,,failed,False,2026-08-27T23:11:52.510647+09:00
Batch Result,50.0,0.0,success,False,2026-08-28T00:47:13.320687+09:00
Batch Roadmap,,,failed,False,2026-08-18T22:05:33.744970+09:00
Batch Roster,,,failed,False,2026-08-19T00:37:59.032888+09:00
Batch Route,,,failed,False,2026-08-17T20:36:47.157974+09:00
Batch Rule,,,failed,False,2026-08-23T03:22:53.557175+09:00
Batch Sale,40.0,0.0,success,False,2026-08-21T02:27:13.658425+09:00
Batch Sample,140.0,0.0,success,False,2026-08-19T21:45:58.620929+09:00
Batch Scale,110.0,52.0,success,False,2026-08-17T20:37:45.876313+09:00
Batch Scanner,590.0,51.0,success,False,2026-08-27T23:54:15.015364+09:00
Batch Scheduler,590.0,6.0,success,False,2026-08-17T23:07:39.486562+09:00
Batch Scope,10.0,10.0,success,False,2026-08-17T20:35:18.626237+09:00
Batch Score,50.0,0.0,success,False,2026-08-19T13:29:00.478751+09:00
Batch Sentry,,,failed,False,2026-08-17T21:37:02.739524+09:00
Batch Sheet,210.0,1.0,success,False,2026-08-19T13:28:41.334086+09:00
Batch Shortfall,,,failed,False,2026-08-27T21:46:15.571619+09:00
Batch Signal,,,failed,False,2026-08-17T20:37:15.920679+09:00
Batch Signature,70.0,0.0,success,False,2026-08-23T13:28:17.743262+09:00
Batch Slip,20.0,0.0,success,False,2026-08-19T22:07:52.466558+09:00
Batch Slot,,,failed,False,2026-08-19T21:46:11.490049+09:00
Batch Snapshot,,,failed,False,2026-08-18T22:04:27.693577+09:00
Batch Stage,,,failed,False,2026-08-28T00:47:13.320687+09:00
Batch Stake,,,failed,False,2026-08-23T02:57:17.363671+09:00
Batch Stamp,90.0,94.0,success,False,2026-08-23T13:28:17.743262+09:00
Batch Statement,10.0,0.0,success,False,2026-08-21T00:27:42.259289+09:00
Batch Station,50.0,5.0,success,False,2026-08-17T20:45:32.525368+09:00
Batch Status,70.0,0.0,success,False,2026-08-19T20:45:18.016255+09:00
Batch Streak,,,failed,False,2026-08-28T00:47:16.982525+09:00
Batch Stub,,,failed,False,2026-08-21T00:27:34.970005+09:00
Batch Studio,140.0,1.0,success,False,2026-08-17T20:47:45.474295+09:00
Batch Subsidy,,,failed,False,2026-08-23T15:50:14.677980+09:00
Batch Suite,10.0,10.0,success,False,2026-08-17T23:05:51.247207+09:00
Batch Sum,,,failed,False,2026-08-21T02:26:56.391999+09:00
Batch Summary,40.0,1.0,success,False,2026-08-19T21:31:12.885816+09:00
Batch Surtax,,,failed,False,2026-08-23T15:50:16.987712+09:00
Batch Sync,20.0,1.0,success,False,2026-08-17T21:31:46.266854+09:00
Batch Tab,20.0,0.0,success,False,2026-08-21T00:28:26.135871+09:00
Batch Table,70.0,1.0,success,False,2026-08-19T22:07:21.096531+09:00
Batch Tag,140.0,11.0,success,False,2026-08-19T13:29:29.454455+09:00
Batch Tally,,,failed,False,2026-08-21T00:27:51.416222+09:00
Batch Tariff,,,failed,False,2026-08-21T02:43:04.921789+09:00
Batch Tax,10.0,0.0,success,False,2026-08-21T02:11:11.149564+09:00
Batch Ticket,90.0,0.0,success,False,2026-08-19T21:31:47.611554+09:00
Batch Timeline,,,failed,False,2026-08-19T21:31:21.634231+09:00
Batch Timer,50.0,0.0,success,False,2026-08-28T00:24:03.733784+09:00
Batch Toll,,,failed,False,2026-08-21T02:42:57.314001+09:00
Batch Toolbox,,,failed,False,2026-08-28T00:24:10.123784+09:00
Batch Toolkit,,,failed,False,2026-08-18T22:03:53.517132+09:00
Batch Total,140.0,0.0,success,False,2026-08-27T23:11:47.149537+09:00
Batch Tracker,390.0,14.0,success,False,2026-08-17T21:33:00.443260+09:00
Batch Trail,,,failed,False,2026-08-17T20:33:59.012811+09:00
Batch Trend,,,failed,False,2026-08-28T01:04:51.979139+09:00
Batch Trial,20.0,0.0,success,False,2026-08-27T21:14:04.974327+09:00
Batch Unit,20.0,3.0,success,False,2026-08-21T02:05:44.847740+09:00
Batch Update,480.0,0.0,success,False,2026-08-19T20:46:00.045081+09:00
Batch Vault,,,failed,False,2026-08-17T20:43:14.638625+09:00
Batch Version,20.0,0.0,success,False,2026-08-23T03:22:42.501986+09:00
Batch View,30.0,0.0,success,False,2026-08-19T20:45:25.764339+09:00
Batch Voucher,,,failed,False,2026-08-21T00:27:19.385133+09:00
Batch Watch,90.0,13.0,success,False,2026-08-17T20:36:14.881787+09:00
Batch Wave,,,failed,False,2026-08-18T07:43:41.366664+09:00
Batch Widget,,,failed,False,2026-08-27T23:11:50.094156+09:00
Batch Workbench,,,failed,False,2026-08-18T22:03:32.090956+09:00
Batch Worksheet,,,failed,False,2026-08-27T22:08:06.352004+09:00
Batch Workshop,,,failed,False,2026-08-28T00:24:03.733784+09:00
Batch Zone,10.0,4.0,success,False,2026-08-17T20:42:46.441273+09:00
Beneficiary Advance,20.0,50.0,success,False,2026-08-23T16:13:08.662730+09:00
Beneficiary Advisory,,,failed,False,2026-08-21T01:06:13.819084+09:00
Beneficiary Allowance,,,failed,False,2026-08-21T02:44:32.833058+09:00
Beneficiary Almanac,,,failed,False,2026-08-18T22:10:56.062577+09:00
Beneficiary Analyzer,,,failed,False,2026-08-27T23:54:35.399736+09:00
Beneficiary Anchor,,,failed,False,2026-08-17T20:42:43.172174+09:00
Beneficiary Arrears,10.0,0.0,success,False,2026-08-23T16:13:06.452746+09:00
Beneficiary Asset,,,failed,False,2026-08-23T13:46:16.255562+09:00
Beneficiary Assistant,,,failed,False,2026-08-17T23:26:13.004123+09:00
Beneficiary Atlas,,,failed,False,2026-08-17T20:33:24.231963+09:00
Beneficiary Badge,,,failed,False,2026-08-21T00:30:29.735189+09:00
Beneficiary Balance,,,failed,False,2026-08-23T13:46:12.042463+09:00
Beneficiary Base,,,failed,False,2026-08-17T21:41:39.306179+09:00
Beneficiary Beacon,,,failed,False,2026-08-17T20:46:22.420312+09:00
Beneficiary Bill,,,failed,False,2026-08-19T21:54:00.654442+09:00
Beneficiary Blueprint,,,failed,False,2026-08-18T22:10:45.324652+09:00
Beneficiary Board,,,failed,False,2026-08-17T21:37:02.739524+09:00
Beneficiary Book,30.0,98.0,success,False,2026-08-19T21:54:53.460475+09:00
Beneficiary Bridge,,,failed,False,2026-08-17T20:43:38.857738+09:00
Beneficiary Brief,,,failed,False,2026-08-21T01:06:07.369655+09:00
Beneficiary Bulletin,,,failed,False,2026-08-21T01:06:02.674001+09:00
Beneficiary Cabinet,,,failed,False,2026-08-27T23:11:25.184143+09:00
Beneficiary Calendar,,,failed,False,2026-08-19T00:02:04.506577+09:00
Beneficiary Card,260.0,0.0,success,False,2026-08-19T13:37:39.358157+09:00
Beneficiary Cascade,,,failed,False,2026-08-17T20:44:25.446111+09:00
Beneficiary Cash,,,failed,False,2026-08-21T02:28:08.522679+09:00
Beneficiary Cashback,,,failed,False,2026-08-27T21:15:37.893274+09:00
Beneficiary Catalog,,,failed,False,2026-08-19T21:09:34.510109+09:00
Beneficiary Category,50.0,0.0,success,False,2026-08-23T13:05:25.615596+09:00
Beneficiary Center,,,failed,False,2026-08-17T21:30:37.005083+09:00
Beneficiary Chain,,,failed,False,2026-08-17T20:38:08.924079+09:00
Beneficiary Charge,,,failed,False,2026-08-21T02:44:18.914187+09:00
Beneficiary Check,210.0,2.0,success,False,2026-08-19T13:37:57.164882+09:00
Beneficiary Checker,,,failed,False,2026-08-27T23:54:30.615711+09:00
Beneficiary Checklist,20.0,18.0,success,False,2026-08-19T21:08:33.836263+09:00
Beneficiary Circular,,,failed,False,2026-08-21T01:06:10.948985+09:00
Beneficiary Cockpit,,,failed,False,2026-08-17T23:13:34.703463+09:00
Beneficiary Code,590.0,0.0,success,False,2026-08-19T21:54:22.632140+09:00
Beneficiary Codex,,,failed,False,2026-08-18T22:11:09.923371+09:00
Beneficiary Companion,,,failed,False,2026-08-17T23:27:26.699527+09:00
Beneficiary Comparison,,,failed,False,2026-08-28T01:05:55.431564+09:00
Beneficiary Compass,,,failed,False,2026-08-17T20:47:39.394205+09:00
Beneficiary Compendium,,,failed,False,2026-08-18T22:11:03.707718+09:00
Beneficiary Confirmation,,,failed,False,2026-08-21T01:06:21.603341+09:00
Beneficiary Console,,,failed,False,2026-08-17T20:45:54.147634+09:00
Beneficiary Contribution,40.0,0.0,success,False,2026-08-23T16:13:03.003819+09:00
Beneficiary Copayment,,,failed,False,2026-08-23T16:38:16.847667+09:00
Beneficiary Core,,,failed,False,2026-08-17T21:39:40.995935+09:00
Beneficiary Cost,,,failed,False,2026-08-21T02:11:04.805408+09:00
Beneficiary Count,10.0,0.0,success,False,2026-08-27T22:45:37.997038+09:00
Beneficiary Counter,,,failed,False,2026-08-19T00:02:48.631996+09:00
Beneficiary Coupon,,,failed,False,2026-08-27T21:15:37.893274+09:00
Beneficiary Dashboard,50.0,0.0,success,False,2026-08-17T23:27:14.779355+09:00
Beneficiary Deal,,,failed,False,2026-08-21T01:54:16.257744+09:00
Beneficiary Debt,,,failed,False,2026-08-21T02:28:00.693334+09:00
Beneficiary Deck,,,failed,False,2026-08-17T21:36:00.741055+09:00
Beneficiary Depot,,,failed,False,2026-08-19T00:02:34.221000+09:00
Beneficiary Desk,,,failed,False,2026-08-17T21:33:24.629057+09:00
Beneficiary Detail,2400.0,0.0,success,True,2026-08-23T03:15:24.852114+09:00
Beneficiary Detector,,,failed,False,2026-08-27T23:54:32.984482+09:00
Beneficiary Diagram,,,failed,False,2026-08-27T22:10:16.912585+09:00
Beneficiary Dial,,,failed,False,2026-08-17T20:44:06.631034+09:00
Beneficiary Digest,,,failed,False,2026-08-19T20:38:14.851338+09:00
Beneficiary Directory,10.0,0.0,success,False,2026-08-19T00:02:12.644181+09:00
Beneficiary Discount,,,failed,False,2026-08-23T16:12:54.608017+09:00
Beneficiary Dock,,,failed,False,2026-08-17T20:40:45.689604+09:00
Beneficiary Dossier,,,failed,False,2026-08-21T01:06:25.514755+09:00
Beneficiary Downpayment,,,failed,False,2026-08-27T21:46:47.630562+09:00
Beneficiary Draft,10.0,0.0,success,False,2026-08-19T20:38:33.715363+09:00
Beneficiary Due,,,failed,False,2026-08-23T15:51:18.067623+09:00
Beneficiary Duty,,,failed,False,2026-08-21T02:44:22.791251+09:00
Beneficiary Endowment,,,failed,False,2026-08-23T15:51:18.067623+09:00
Beneficiary Engine,,,failed,False,2026-08-17T23:10:20.263689+09:00
Beneficiary Entry,,,failed,False,2026-08-21T01:06:45.397337+09:00
Beneficiary Estimate,,,failed,False,2026-08-19T21:09:24.314607+09:00
Beneficiary Estimator,,,failed,False,2026-08-27T23:54:27.974840+09:00
Beneficiary Excerpt,,,failed,False,2026-08-21T01:06:42.544203+09:00
Beneficiary Fare,,,failed,False,2026-08-21T02:11:11.149564+09:00
Beneficiary Fee,10.0,0.0,success,False,2026-08-21T01:54:02.992561+09:00
Beneficiary Feed,,,failed,False,2026-08-19T20:38:24.406986+09:00
Beneficiary File,,,failed,False,2026-08-19T20:37:45.715949+09:00
Beneficiary Finder,,,failed,False,2026-08-19T00:02:27.896414+09:00
Beneficiary Flag,,,failed,False,2026-08-21T00:31:12.375379+09:00
Beneficiary Flow,,,failed,False,2026-08-17T21:36:32.684484+09:00
Beneficiary Forge,,,failed,False,2026-08-17T20:45:30.439940+09:00
Beneficiary Form,1000.0,2.0,success,False,2026-08-19T13:37:32.755916+09:00
Beneficiary Format,1000.0,2.0,success,False,2026-08-23T13:05:32.456522+09:00
Beneficiary Frame,,,failed,False,2026-08-18T07:52:46.019796+09:00
Beneficiary Fund,4400.0,3.0,success,False,2026-08-21T02:28:03.624635+09:00
Beneficiary Gate,,,failed,False,2026-08-17T20:35:16.626138+09:00
Beneficiary Giveaway,,,failed,False,2026-08-27T21:15:44.469109+09:00
Beneficiary Grade,,,failed,False,2026-08-21T00:30:53.488074+09:00
Beneficiary Graph,,,failed,False,2026-08-27T22:09:58.164830+09:00
Beneficiary Grid,,,failed,False,2026-08-17T20:38:33.752321+09:00
Beneficiary Guarantee,,,failed,False,2026-08-28T01:06:00.663079+09:00
Beneficiary Guard,,,failed,False,2026-08-17T21:41:07.674308+09:00
Beneficiary Guardian,10.0,1.0,success,False,2026-08-28T00:24:29.963051+09:00
Beneficiary Guidebook,,,failed,False,2026-08-18T22:10:30.545293+09:00
Beneficiary Helpdesk,,,failed,False,2026-08-27T22:45:40.412271+09:00
Beneficiary Helper,,,failed,False,2026-08-28T00:24:36.830973+09:00
Beneficiary History,,,failed,False,2026-08-19T20:37:37.988161+09:00
Beneficiary Hotline,,,failed,False,2026-08-19T21:09:48.311531+09:00
Beneficiary Hub,,,failed,False,2026-08-17T21:35:30.145341+09:00
Beneficiary Identifier,110.0,0.0,success,False,2026-08-23T13:05:23.446570+09:00
Beneficiary Incentive,,,failed,False,2026-08-27T21:15:44.469109+09:00
Beneficiary Index,,,failed,False,2026-08-19T21:08:46.825044+09:00
Beneficiary Insight,,,failed,False,2026-08-17T23:06:32.975995+09:00
Beneficiary Installment,10.0,0.0,success,False,2026-08-23T16:12:59.279314+09:00
Beneficiary Interest,1000.0,0.0,success,True,2026-08-23T13:46:12.042463+09:00
Beneficiary Item,,,failed,False,2026-08-21T01:54:04.879612+09:00
Beneficiary Journal,,,failed,False,2026-08-18T22:10:14.241136+09:00
Beneficiary Keeper,,,failed,False,2026-08-18T07:43:38.150133+09:00
Beneficiary Kit,,,failed,False,2026-08-27T22:45:28.853044+09:00
Beneficiary Lab,,,failed,False,2026-08-17T21:33:56.834131+09:00
Beneficiary Ledger,10.0,0.0,success,False,2026-08-17T21:38:10.743063+09:00
Beneficiary Lens,,,failed,False,2026-08-17T20:31:41.996994+09:00
Beneficiary Level,,,failed,False,2026-08-19T20:37:52.054454+09:00
Beneficiary Link,20.0,6.0,success,False,2026-08-23T03:15:14.062371+09:00
Beneficiary List,3600.0,0.0,success,True,2026-08-19T21:54:34.064665+09:00
Beneficiary Loan,880.0,59.0,success,False,2026-08-21T02:11:18.638927+09:00
Beneficiary Locator,,,failed,False,2026-08-19T00:02:18.071698+09:00
Beneficiary Lock,,,failed,False,2026-08-17T20:33:56.397010+09:00
Beneficiary Log,,,failed,False,2026-08-19T13:37:07.437416+09:00
Beneficiary Loop,,,failed,False,2026-08-17T20:39:28.862436+09:00
Beneficiary Manager,,,failed,False,2026-08-18T07:43:51.559731+09:00
Beneficiary Manual,,,failed,False,2026-08-27T22:10:01.202227+09:00
Beneficiary Map,,,failed,False,2026-08-17T20:32:53.240136+09:00
Beneficiary Marker,,,failed,False,2026-08-23T13:27:00.453108+09:00
Beneficiary Memo,,,failed,False,2026-08-21T00:31:01.051294+09:00
Beneficiary Message,,,failed,False,2026-08-27T23:11:19.629691+09:00
Beneficiary Meter,,,failed,False,2026-08-17T20:43:12.470155+09:00
Beneficiary Metrics,,,failed,False,2026-08-17T23:26:58.468073+09:00
Beneficiary Monitor,,,failed,False,2026-08-17T23:26:41.280182+09:00
Beneficiary Navigator,,,failed,False,2026-08-17T23:08:17.909902+09:00
Beneficiary Nexus,,,failed,False,2026-08-17T20:34:20.444490+09:00
Beneficiary Node,,,failed,False,2026-08-17T20:36:13.174234+09:00
Beneficiary Note,10.0,1.0,success,False,2026-08-19T13:38:33.395376+09:00
Beneficiary Notification,30.0,0.0,success,False,2026-08-27T22:45:28.853044+09:00
Beneficiary Number,720.0,0.0,success,False,2026-08-23T03:15:06.713636+09:00
Beneficiary Office,,,failed,False,2026-08-19T00:02:41.985677+09:00
Beneficiary Ops,,,failed,False,2026-08-17T23:27:42.956477+09:00
Beneficiary Order,30.0,1.0,success,False,2026-08-19T21:53:52.421179+09:00
Beneficiary Organizer,,,failed,False,2026-08-17T23:11:56.017978+09:00
Beneficiary Overage,,,failed,False,2026-08-27T21:46:47.630562+09:00
Beneficiary Panel,,,failed,False,2026-08-17T20:44:58.380838+09:00
Beneficiary Pass,,,failed,False,2026-08-21T00:30:17.662990+09:00
Beneficiary Path,,,failed,False,2026-08-17T20:35:47.352548+09:00
Beneficiary Penalty,,,failed,False,2026-08-23T16:38:16.847667+09:00
Beneficiary Petition,,,failed,False,2026-08-21T01:06:17.673460+09:00
Beneficiary Pilot,,,failed,False,2026-08-17T21:34:26.372304+09:00
Beneficiary Plan,880.0,83.0,success,False,2026-08-21T01:54:12.034921+09:00
Beneficiary Planner,880.0,83.0,success,False,2026-08-17T23:04:39.264131+09:00
Beneficiary Playbook,,,failed,False,2026-08-18T22:10:06.625362+09:00
Beneficiary Point,,,failed,False,2026-08-17T20:34:44.892914+09:00
Beneficiary Portal,40500.0,0.0,success,True,2026-08-17T20:46:59.199715+09:00
Beneficiary Preview,,,failed,False,2026-08-28T01:05:58.030505+09:00
Beneficiary Profile,70.0,0.0,success,False,2026-08-19T13:39:03.234764+09:00
Beneficiary Profit,,,failed,False,2026-08-23T02:58:43.358109+09:00
Beneficiary Proposal,,,failed,False,2026-08-28T01:05:58.030505+09:00
Beneficiary Pulse,,,failed,False,2026-08-17T20:37:44.009684+09:00
Beneficiary Queue,,,failed,False,2026-08-19T21:09:10.178555+09:00
Beneficiary Quota,,,failed,False,2026-08-21T00:31:07.825329+09:00
Beneficiary Radar,,,failed,False,2026-08-17T21:32:20.148818+09:00
Beneficiary Rail,,,failed,False,2026-08-17T20:39:57.613991+09:00
Beneficiary Rate,,,failed,False,2026-08-19T20:38:01.262466+09:00
Beneficiary Recap,,,failed,False,2026-08-21T01:06:33.871335+09:00
Beneficiary Receipt,20.0,3.0,success,False,2026-08-19T21:54:13.234763+09:00
Beneficiary Recorder,,,failed,False,2026-08-27T23:33:44.180907+09:00
Beneficiary Redemption,,,failed,False,2026-08-23T16:38:19.079152+09:00
Beneficiary Register,480.0,0.0,success,False,2026-08-17T23:15:10.071233+09:00
Beneficiary Registry,0.0,,success,False,2026-08-18T22:10:38.085042+09:00
Beneficiary Relay,,,failed,False,2026-08-17T21:31:08.679950+09:00
Beneficiary Reminder,,,failed,False,2026-08-19T21:08:23.714003+09:00
Beneficiary Report,110.0,1.0,success,False,2026-08-19T13:36:57.023796+09:00
Beneficiary Repository,,,failed,False,2026-08-27T23:11:28.090319+09:00
Beneficiary Roadmap,,,failed,False,2026-08-18T22:11:19.240583+09:00
Beneficiary Roster,,,failed,False,2026-08-19T00:37:06.709542+09:00
Beneficiary Route,,,failed,False,2026-08-17T20:41:30.101842+09:00
Beneficiary Rule,30.0,1.0,success,False,2026-08-23T03:15:22.651664+09:00
Beneficiary Sale,,,failed,False,2026-08-21T02:28:15.974883+09:00
Beneficiary Sample,20.0,0.0,success,False,2026-08-19T21:55:14.913375+09:00
Beneficiary Scale,,,failed,False,2026-08-17T20:42:16.988485+09:00
Beneficiary Scanner,,,failed,False,2026-08-27T23:54:30.615711+09:00
Beneficiary Scheduler,,,failed,False,2026-08-17T23:26:27.360355+09:00
Beneficiary Scope,,,failed,False,2026-08-17T20:40:21.350341+09:00
Beneficiary Score,,,failed,False,2026-08-19T13:38:17.915581+09:00
Beneficiary Sentry,,,failed,False,2026-08-17T20:32:14.147491+09:00
Beneficiary Sheet,,,failed,False,2026-08-19T13:37:50.110679+09:00
Beneficiary Shortfall,,,failed,False,2026-08-27T21:46:49.880048+09:00
Beneficiary Signal,,,failed,False,2026-08-17T20:41:57.166662+09:00
Beneficiary Signature,170.0,0.0,success,False,2026-08-23T13:26:57.143655+09:00
Beneficiary Snapshot,,,failed,False,2026-08-18T22:10:20.360888+09:00
Beneficiary Stake,,,failed,False,2026-08-23T02:52:26.045301+09:00
Beneficiary Statement,210.0,0.0,success,False,2026-08-21T00:30:41.620130+09:00
Beneficiary Station,,,failed,False,2026-08-17T21:32:57.336519+09:00
Beneficiary Status,27100.0,0.0,success,True,2026-08-19T20:37:18.555970+09:00
Beneficiary Stipend,,,failed,False,2026-08-23T13:46:16.255562+09:00
Beneficiary Stub,,,failed,False,2026-08-21T00:30:37.167399+09:00
Beneficiary Studio,,,failed,False,2026-08-17T21:34:57.125142+09:00
Beneficiary Subsidy,,,failed,False,2026-08-23T15:51:18.067623+09:00
Beneficiary Suite,,,failed,False,2026-08-17T23:25:59.230175+09:00
Beneficiary Sum,,,failed,False,2026-08-21T02:27:57.187073+09:00
Beneficiary Summary,10.0,0.0,success,False,2026-08-19T21:08:03.467133+09:00
Beneficiary Sync,,,failed,False,2026-08-17T21:37:39.097196+09:00
Beneficiary Tab,,,failed,False,2026-08-21T00:31:17.519824+09:00
Beneficiary Table,,,failed,False,2026-08-19T21:54:42.461641+09:00
Beneficiary Tag,,,failed,False,2026-08-19T13:38:55.423036+09:00
Beneficiary Tally,,,failed,False,2026-08-21T00:30:49.324092+09:00
Beneficiary Tariff,,,failed,False,2026-08-21T02:44:37.347457+09:00
Beneficiary Tax,140.0,4.0,success,False,2026-08-21T02:11:15.261095+09:00
Beneficiary Ticket,,,failed,False,2026-08-19T21:08:56.210906+09:00
Beneficiary Tier,,,failed,False,2026-08-28T00:47:36.206546+09:00
Beneficiary Timeline,,,failed,False,2026-08-19T21:08:13.592372+09:00
Beneficiary Toll,,,failed,False,2026-08-21T02:44:28.484946+09:00
Beneficiary Toolbox,,,failed,False,2026-08-28T00:24:32.431629+09:00
Beneficiary Toolkit,,,failed,False,2026-08-18T22:09:58.381010+09:00
Beneficiary Total,10.0,1.0,success,False,2026-08-27T23:11:21.967752+09:00
Beneficiary Tracker,,,failed,False,2026-08-17T21:39:02.253193+09:00
Beneficiary Trail,,,failed,False,2026-08-17T20:39:05.666395+09:00
Beneficiary Trend,,,failed,False,2026-08-28T01:05:52.718366+09:00
Beneficiary Trial,,,failed,False,2026-08-27T21:15:40.330625+09:00
Beneficiary Unit,10.0,0.0,success,False,2026-08-21T01:54:08.146374+09:00
Beneficiary Update,260.0,0.0,success,False,2026-08-19T20:38:07.942341+09:00
Beneficiary Value,,,failed,False,2026-08-23T02:52:23.717366+09:00
Beneficiary Vault,,,failed,False,2026-08-17T21:30:02.792774+09:00
Beneficiary View,,,failed,False,2026-08-19T20:37:28.019595+09:00
Beneficiary Voucher,10.0,0.0,success,False,2026-08-21T00:30:22.823388+09:00
Beneficiary Wallet,20.0,0.0,success,False,2026-08-27T22:45:32.227130+09:00
Beneficiary Watch,,,failed,False,2026-08-17T20:41:07.425187+09:00
Beneficiary Wave,,,failed,False,2026-08-17T20:36:43.272468+09:00
Beneficiary Widget,,,failed,False,2026-08-27T23:11:21.967752+09:00
Beneficiary Workbench,,,failed,False,2026-08-18T22:09:52.210960+09:00
Beneficiary Worksheet,,,failed,False,2026-08-27T22:10:10.749365+09:00
Beneficiary Workshop,,,failed,False,2026-08-28T00:24:29.963051+09:00
Beneficiary Zone,,,failed,False,2026-08-17T20:48:18.389398+09:00
Benefits Advance,320.0,5.0,success,False,2026-08-23T16:13:58.601282+09:00
Benefits Advisory,20.0,12.0,success,False,2026-08-21T01:02:12.129826+09:00
Benefits Allowance,480.0,4.0,success,False,2026-08-21T02:39:30.658601+09:00
Benefits Almanac,,,failed,False,2026-08-18T23:50:20.239443+09:00
Benefits Analyzer,,,failed,False,2026-08-27T23:55:53.687521+09:00
Benefits Anchor,,,failed,False,2026-08-17T20:44:20.013961+09:00
Benefits Announcement,20.0,0.0,success,False,2026-08-27T23:34:39.372847+09:00
Benefits Arrears,50.0,1.0,success,False,2026-08-23T16:13:55.875301+09:00
Benefits Assistant,590.0,4.0,success,False,2026-08-17T23:29:49.351305+09:00
Benefits Atlas,,,failed,False,2026-08-17T20:35:06.364440+09:00
Benefits Attribute,,,failed,False,2026-08-23T13:06:49.264367+09:00
Benefits Balance,170.0,11.0,success,False,2026-08-23T13:46:50.376234+09:00
Benefits Base,,,failed,False,2026-08-17T20:31:29.603433+09:00
Benefits Beacon,,,failed,False,2026-08-17T20:48:37.567206+09:00
Benefits Bill,170.0,0.0,success,False,2026-08-19T21:47:05.219311+09:00
Benefits Blueprint,20.0,29.0,success,False,2026-08-18T23:50:20.239443+09:00
Benefits Board,590.0,0.0,success,False,2026-08-17T21:39:25.145394+09:00
Benefits Book,590.0,6.0,success,False,2026-08-19T21:48:14.659198+09:00
Benefits Bridge,390.0,5.0,success,False,2026-08-17T20:45:18.923986+09:00
Benefits Brief,,,failed,False,2026-08-21T01:00:09.157430+09:00
Benefits Bulletin,20.0,9.0,success,False,2026-08-21T01:00:04.597458+09:00
Benefits Cabinet,,,failed,False,2026-08-27T23:13:28.057978+09:00
Benefits Calculator,90500.0,3.0,success,False,2026-08-27T23:34:39.372847+09:00
Benefits Calendar,1900.0,12.0,success,False,2026-08-19T00:01:04.506360+09:00
Benefits Card,6600.0,4.0,success,False,2026-08-19T13:39:37.773489+09:00
Benefits Cascade,,,failed,False,2026-08-17T20:46:07.350212+09:00
Benefits Cash,,,failed,False,2026-08-21T02:24:04.256033+09:00
Benefits Catalog,70.0,15.0,success,False,2026-08-19T21:05:05.946905+09:00
Benefits Category,,,failed,False,2026-08-23T13:06:47.092391+09:00
Benefits Center,1900.0,2.0,success,False,2026-08-17T21:32:40.946824+09:00
Benefits Chain,,,failed,False,2026-08-17T20:39:46.897200+09:00
Benefits Charge,,,failed,False,2026-08-21T02:39:16.897271+09:00
Benefits Check,8100.0,6.0,success,False,2026-08-19T13:40:01.237122+09:00
Benefits Checker,8100.0,6.0,success,False,2026-08-27T23:55:40.198338+09:00
Benefits Checklist,70.0,3.0,success,False,2026-08-19T21:04:01.717737+09:00
Benefits Circular,,,failed,False,2026-08-21T01:00:13.557875+09:00
Benefits Cockpit,,,failed,False,2026-08-17T23:12:45.983083+09:00
Benefits Code,720.0,1.0,success,False,2026-08-19T21:47:34.110436+09:00
Benefits Codex,,,failed,False,2026-08-18T23:50:20.239443+09:00
Benefits Companion,,,failed,False,2026-08-17T23:31:12.330432+09:00
Benefits Comparison,320.0,2.0,success,False,2026-08-28T01:05:40.494261+09:00
Benefits Compass,260.0,0.0,success,False,2026-08-17T21:30:53.341117+09:00
Benefits Compendium,,,failed,False,2026-08-18T23:50:20.239443+09:00
Benefits Confirmation,,,failed,False,2026-08-21T01:00:27.646290+09:00
Benefits Console,,,failed,False,2026-08-17T20:48:02.919436+09:00
Benefits Contribution,140.0,0.0,success,False,2026-08-23T16:13:52.514202+09:00
Benefits Copayment,,,failed,False,2026-08-23T16:38:38.724720+09:00
Benefits Core,,,failed,False,2026-08-18T07:43:44.841764+09:00
Benefits Cost,5400.0,1.0,success,False,2026-08-21T02:08:48.919404+09:00
Benefits Count,140.0,0.0,success,False,2026-08-27T22:48:20.741854+09:00
Benefits Counter,140.0,0.0,success,False,2026-08-19T00:01:53.326080+09:00
Benefits Dashboard,140.0,11.0,success,False,2026-08-17T23:30:52.147668+09:00
Benefits Deal,90.0,99.0,success,False,2026-08-21T01:52:57.109358+09:00
Benefits Debt,140.0,6.0,success,False,2026-08-21T02:23:55.522760+09:00
Benefits Deck,,,failed,False,2026-08-17T21:38:00.601683+09:00
Benefits Depot,90.0,4.0,success,False,2026-08-19T00:01:37.572111+09:00
Benefits Desk,,,failed,False,2026-08-17T21:35:16.200596+09:00
Benefits Detail,,,failed,False,2026-08-23T03:18:29.464352+09:00
Benefits Detector,,,failed,False,2026-08-27T23:55:48.344302+09:00
Benefits Diagram,70.0,0.0,success,False,2026-08-27T22:10:39.067015+09:00
Benefits Dial,10.0,,success,False,2026-08-17T20:45:46.874737+09:00
Benefits Digest,,,failed,False,2026-08-19T20:49:35.865635+09:00
Benefits Directory,20.0,5.0,success,False,2026-08-19T00:01:14.805570+09:00
Benefits Discount,260.0,51.0,success,False,2026-08-23T16:13:45.288195+09:00
Benefits Dock,,,failed,False,2026-08-17T20:42:10.144192+09:00
Benefits Dossier,,,failed,False,2026-08-21T01:00:31.922622+09:00
Benefits Downpayment,,,failed,False,2026-08-27T21:47:10.651342+09:00
Benefits Draft,,,failed,False,2026-08-19T20:37:25.311012+09:00
Benefits Due,10.0,0.0,success,False,2026-08-23T15:51:39.388284+09:00
Benefits Duty,,,failed,False,2026-08-21T02:39:20.009212+09:00
Benefits Engine,20.0,10.0,success,False,2026-08-17T23:09:34.502992+09:00
Benefits Entry,,,failed,False,2026-08-21T01:00:42.748785+09:00
Benefits Estimate,50.0,5.0,success,False,2026-08-19T21:04:53.638566+09:00
Benefits Estimator,260.0,2.0,success,False,2026-08-27T23:55:40.198338+09:00
Benefits Excerpt,,,failed,False,2026-08-21T01:02:20.703041+09:00
Benefits Extension,480.0,14.0,success,False,2026-08-23T16:38:42.507764+09:00
Benefits Fare,,,failed,False,2026-08-21T02:08:56.102085+09:00
Benefits Fee,,,failed,False,2026-08-21T01:52:34.182425+09:00
Benefits Feed,,,failed,False,2026-08-19T20:37:14.893241+09:00
Benefits Field,,,failed,False,2026-08-23T13:06:51.579478+09:00
Benefits File,,,failed,False,2026-08-19T20:49:12.755513+09:00
Benefits Finder,1300.0,9.0,success,False,2026-08-19T00:01:30.427864+09:00
Benefits Fine,,,failed,False,2026-08-23T02:54:31.488130+09:00
Benefits Flag,40.0,0.0,success,False,2026-08-21T00:27:09.364121+09:00
Benefits Flow,880.0,25.0,success,False,2026-08-17T21:38:32.905021+09:00
Benefits Forge,,,failed,False,2026-08-17T20:47:23.581270+09:00
Benefits Form,320.0,1.0,success,False,2026-08-19T13:39:22.411617+09:00
Benefits Format,320.0,1.0,success,False,2026-08-23T13:06:54.038616+09:00
Benefits Frame,,,failed,False,2026-08-17T20:32:39.820797+09:00
Benefits Fund,880.0,1.0,success,False,2026-08-21T02:23:59.841123+09:00
Benefits Gate,,,failed,False,2026-08-17T20:37:01.636634+09:00
Benefits Graph,20.0,0.0,success,False,2026-08-27T22:10:31.579374+09:00
Benefits Grid,90.0,0.0,success,False,2026-08-17T20:40:13.744558+09:00
Benefits Guarantee,,,failed,False,2026-08-28T01:05:50.050566+09:00
Benefits Guard,,,failed,False,2026-08-18T07:52:44.350821+09:00
Benefits Guardian,1600.0,1.0,success,False,2026-08-28T00:25:07.962787+09:00
Benefits Guidebook,,,failed,False,2026-08-18T23:50:20.239443+09:00
Benefits Helpdesk,,,failed,False,2026-08-27T22:48:20.741854+09:00
Benefits Helper,1300.0,12.0,success,False,2026-08-28T00:25:10.586444+09:00
Benefits History,260.0,0.0,success,False,2026-08-19T20:49:06.260858+09:00
Benefits Hotline,110.0,4.0,success,False,2026-08-19T21:05:18.754911+09:00
Benefits Hub,27100.0,10.0,success,False,2026-08-17T21:37:26.190503+09:00
Benefits Identifier,,,failed,False,2026-08-23T13:06:44.617990+09:00
Benefits Index,,,failed,False,2026-08-19T21:04:13.651960+09:00
Benefits Insight,90.0,3.0,success,False,2026-08-17T23:05:41.457486+09:00
Benefits Installment,,,failed,False,2026-08-23T16:13:47.418622+09:00
Benefits Item,,,failed,False,2026-08-21T01:52:40.677259+09:00
Benefits Journal,6600.0,4.0,success,False,2026-08-18T22:12:21.706710+09:00
Benefits Keeper,10.0,12.0,success,False,2026-08-17T20:33:15.121215+09:00
Benefits Kit,1600.0,100.0,success,False,2026-08-27T22:48:13.756184+09:00
Benefits Lab,140.0,4.0,success,False,2026-08-17T21:35:49.618076+09:00
Benefits Label,,,failed,False,2026-08-27T22:10:35.314261+09:00
Benefits Ledger,,,failed,False,2026-08-17T21:41:28.759770+09:00
Benefits Lens,,,failed,False,2026-08-17T20:33:46.243100+09:00
Benefits Level,,,failed,False,2026-08-19T20:49:19.848949+09:00
Benefits Link,1900.0,10.0,success,False,2026-08-23T03:18:21.895981+09:00
Benefits List,590.0,1.0,success,False,2026-08-19T21:47:46.224144+09:00
Benefits Loan,5400.0,61.0,success,False,2026-08-21T02:09:05.168889+09:00
Benefits Locator,10.0,0.0,success,False,2026-08-19T00:01:24.646371+09:00
Benefits Lock,,,failed,False,2026-08-17T20:35:36.002153+09:00
Benefits Log,12100.0,0.0,success,True,2026-08-19T13:39:01.193066+09:00
Benefits Loop,,,failed,False,2026-08-17T20:40:55.263419+09:00
Benefits Manager,1000.0,7.0,success,False,2026-08-17T20:32:02.325008+09:00
Benefits Manual,20.0,0.0,success,False,2026-08-27T22:10:35.314261+09:00
Benefits Map,590.0,1.0,success,False,2026-08-17T20:34:36.732015+09:00
Benefits Markup,,,failed,False,2026-08-23T16:38:36.406605+09:00
Benefits Memo,10.0,0.0,success,False,2026-08-21T00:26:49.726902+09:00
Benefits Message,10.0,57.0,success,False,2026-08-27T23:13:21.065060+09:00
Benefits Meter,,,failed,False,2026-08-17T20:44:43.054193+09:00
Benefits Metrics,40.0,7.0,success,False,2026-08-17T23:30:36.598618+09:00
Benefits Monitor,,,failed,False,2026-08-17T23:30:21.472957+09:00
Benefits Navigator,390.0,5.0,success,False,2026-08-17T23:07:35.240679+09:00
Benefits Nexus,,,failed,False,2026-08-17T20:36:04.789698+09:00
Benefits Node,,,failed,False,2026-08-17T20:38:02.236902+09:00
Benefits Note,,,failed,False,2026-08-19T13:40:38.246974+09:00
Benefits Notification,,,failed,False,2026-08-27T22:48:13.756184+09:00
Benefits Number,590.0,1.0,success,False,2026-08-23T03:18:14.803596+09:00
Benefits Office,1600.0,6.0,success,False,2026-08-19T00:01:46.968095+09:00
Benefits Ops,,,failed,False,2026-08-17T23:31:30.005121+09:00
Benefits Organizer,,,failed,False,2026-08-17T23:11:11.238352+09:00
Benefits Overage,,,failed,False,2026-08-27T21:47:08.253611+09:00
Benefits Overdue,,,failed,False,2026-08-27T21:47:05.962227+09:00
Benefits Panel,,,failed,False,2026-08-17T20:46:49.856300+09:00
Benefits Path,20.0,6.0,success,False,2026-08-17T20:37:29.909330+09:00
Benefits Payoff,,,failed,False,2026-08-27T21:47:05.962227+09:00
Benefits Penalty,,,failed,False,2026-08-23T16:38:36.406605+09:00
Benefits Petition,30.0,0.0,success,False,2026-08-21T01:00:22.728561+09:00
Benefits Pilot,880.0,1.0,success,False,2026-08-17T21:36:24.237197+09:00
Benefits Plan,880.0,24.0,success,False,2026-08-21T01:52:50.056270+09:00
Benefits Planner,40.0,11.0,success,False,2026-08-17T23:03:55.937111+09:00
Benefits Playbook,,,failed,False,2026-08-18T22:12:15.534077+09:00
Benefits Point,1600.0,1.0,success,False,2026-08-17T20:36:31.502472+09:00
Benefits Portal,8100.0,2.0,success,False,2026-08-17T21:30:22.425092+09:00
Benefits Preview,,,failed,False,2026-08-28T01:05:44.373460+09:00
Benefits Profile,110.0,3.0,success,False,2026-08-19T13:41:12.937543+09:00
Benefits Profit,,,failed,False,2026-08-23T02:54:23.224881+09:00
Benefits Proposal,30.0,7.0,success,False,2026-08-28T01:05:46.959097+09:00
Benefits Pulse,,,failed,False,2026-08-17T20:39:18.247368+09:00
Benefits Queue,,,failed,False,2026-08-19T21:04:42.466598+09:00
Benefits Quota,,,failed,False,2026-08-21T00:27:00.975108+09:00
Benefits Radar,,,failed,False,2026-08-17T21:34:15.444697+09:00
Benefits Rail,,,failed,False,2026-08-17T20:41:19.373388+09:00
Benefits Rate,880.0,0.0,success,False,2026-08-19T20:49:23.220357+09:00
Benefits Recap,,,failed,False,2026-08-21T01:00:36.022676+09:00
Benefits Receipt,,,failed,False,2026-08-19T21:47:20.280191+09:00
Benefits Redemption,,,failed,False,2026-08-23T16:38:38.724720+09:00
Benefits Register,170.0,17.0,success,False,2026-08-17T23:14:27.748058+09:00
Benefits Registry,170.0,17.0,success,False,2026-08-18T23:50:20.239443+09:00
Benefits Relay,,,failed,False,2026-08-17T21:33:13.463030+09:00
Benefits Reminder,,,failed,False,2026-08-19T21:03:49.756847+09:00
Benefits Report,390.0,1.0,success,False,2026-08-19T13:38:51.605801+09:00
Benefits Repository,,,failed,False,2026-08-27T23:13:31.938909+09:00
Benefits Roadmap,10.0,13.0,success,False,2026-08-18T23:50:20.239443+09:00
Benefits Roster,,,failed,False,2026-08-19T00:38:13.320545+09:00
Benefits Route,,,failed,False,2026-08-17T20:42:59.992193+09:00
Benefits Rule,,,failed,False,2026-08-23T03:18:25.372913+09:00
Benefits Sale,880.0,100.0,success,False,2026-08-21T02:24:08.080909+09:00
Benefits Sample,,,failed,False,2026-08-19T21:48:44.866696+09:00
Benefits Scale,320.0,1.0,success,False,2026-08-17T20:43:57.612589+09:00
Benefits Scanner,,,failed,False,2026-08-27T23:55:42.824458+09:00
Benefits Scheduler,,,failed,False,2026-08-17T23:30:05.459796+09:00
Benefits Scope,,,failed,False,2026-08-17T20:41:48.704350+09:00
Benefits Score,10.0,0.0,success,False,2026-08-19T13:40:19.370480+09:00
Benefits Sentry,,,failed,False,2026-08-17T20:34:15.100698+09:00
Benefits Sheet,40.0,1.0,success,False,2026-08-19T13:39:51.910868+09:00
Benefits Shortfall,,,failed,False,2026-08-27T21:47:10.651342+09:00
Benefits Signal,,,failed,False,2026-08-17T20:43:29.254301+09:00
Benefits Signature,,,failed,False,2026-08-23T13:27:31.185352+09:00
Benefits Slip,,,failed,False,2026-08-19T21:48:27.069382+09:00
Benefits Slot,,,failed,False,2026-08-19T21:48:58.615287+09:00
Benefits Snapshot,,,failed,False,2026-08-18T23:50:20.239443+09:00
Benefits Stake,,,failed,False,2026-08-23T02:54:28.936816+09:00
Benefits Statement,720.0,1.0,success,False,2026-08-21T00:26:36.041366+09:00
Benefits Station,880.0,0.0,success,False,2026-08-17T21:34:46.886716+09:00
Benefits Status,27100.0,0.0,success,True,2026-08-19T20:48:59.251157+09:00
Benefits Stipend,70.0,4.0,success,False,2026-08-23T13:46:52.749544+09:00
Benefits Stub,,,failed,False,2026-08-21T00:26:30.376720+09:00
Benefits Studio,110.0,20.0,success,False,2026-08-17T21:36:50.527973+09:00
Benefits Subsidy,480.0,9.0,success,False,2026-08-23T15:51:42.166674+09:00
Benefits Suite,,,failed,False,2026-08-17T23:29:34.686853+09:00
Benefits Sum,,,failed,False,2026-08-21T02:23:48.995246+09:00
Benefits Summary,1600.0,0.0,success,True,2026-08-19T21:03:18.431019+09:00
Benefits Surtax,,,failed,False,2026-08-23T15:51:44.971205+09:00
Benefits Sync,,,failed,False,2026-08-17T21:40:49.556938+09:00
Benefits Tab,30.0,0.0,success,False,2026-08-21T00:27:19.385133+09:00
Benefits Table,210.0,37.0,success,False,2026-08-19T21:48:00.610703+09:00
Benefits Tag,,,failed,False,2026-08-19T13:40:53.899440+09:00
Benefits Tally,,,failed,False,2026-08-21T00:26:41.627536+09:00
Benefits Tariff,,,failed,False,2026-08-21T02:39:34.519072+09:00
Benefits Tax,2900.0,1.0,success,False,2026-08-21T02:09:00.837465+09:00
Benefits Ticket,140.0,66.0,success,False,2026-08-19T21:04:29.917389+09:00
Benefits Tier,,,failed,False,2026-08-28T00:47:41.403976+09:00
Benefits Timeline,,,failed,False,2026-08-19T21:03:33.928340+09:00
Benefits Timer,,,failed,False,2026-08-28T00:25:01.797092+09:00
Benefits Toll,,,failed,False,2026-08-21T02:39:27.182357+09:00
Benefits Toolbox,880.0,5.0,success,False,2026-08-28T00:25:07.962787+09:00
Benefits Toolkit,10.0,11.0,success,False,2026-08-18T22:12:06.505434+09:00
Benefits Total,,,failed,False,2026-08-27T23:13:25.257331+09:00
Benefits Tracker,210.0,4.0,success,False,2026-08-18T07:52:55.085793+09:00
Benefits Trail,,,failed,False,2026-08-17T20:40:34.523017+09:00
Benefits Trend,,,failed,False,2026-08-28T01:05:36.598647+09:00
Benefits Trial,140.0,0.0,success,False,2026-08-27T21:16:00.984636+09:00
Benefits Unit,20.0,0.0,success,False,2026-08-21T01:52:45.246437+09:00
Benefits Update,170.0,0.0,success,False,2026-08-19T20:49:28.954845+09:00
Benefits Vault,,,failed,False,2026-08-17T21:32:03.436124+09:00
Benefits Version,,,failed,False,2026-08-23T03:18:18.334398+09:00
Benefits View,,,failed,False,2026-08-19T20:49:04.250848+09:00
Benefits Voucher,320.0,10.0,success,False,2026-08-21T00:26:21.311990+09:00
Benefits Wallet,2400.0,5.0,success,False,2026-08-27T22:48:17.330576+09:00
Benefits Watch,210.0,71.0,success,False,2026-08-17T20:42:34.302604+09:00
Benefits Wave,10.0,0.0,success,False,2026-08-17T20:38:23.394205+09:00
Benefits Widget,,,failed,False,2026-08-27T23:13:28.057978+09:00
Benefits Workbench,,,failed,False,2026-08-18T22:11:59.574853+09:00
Benefits Worksheet,,,failed,False,2026-08-27T22:10:39.067015+09:00
Benefits Workshop,70.0,1.0,success,False,2026-08-28T00:25:05.172390+09:00
Benefits Zone,70.0,3.0,success,False,2026-08-17T21:31:30.369012+09:00
Berth Advance,,,failed,False,2026-08-23T16:15:57.304809+09:00
Berth Advisory,,,failed,False,2026-08-21T01:02:20.703041+09:00
Berth Allowance,,,failed,False,2026-08-21T02:41:02.522533+09:00
Berth Almanac,,,failed,False,2026-08-18T22:08:04.928972+09:00
Berth Analyzer,20.0,25.0,success,False,2026-08-27T23:58:58.371988+09:00
Berth Anchor,,,failed,False,2026-08-17T23:10:00.779750+09:00
Berth Announcement,,,failed,False,2026-08-27T23:36:36.607319+09:00
Berth Arrears,,,failed,False,2026-08-23T16:15:54.401659+09:00
Berth Asset,,,failed,False,2026-08-23T13:47:44.552149+09:00
Berth Assistant,,,failed,False,2026-08-17T23:10:35.067749+09:00
Berth Atlas,,,failed,False,2026-08-17T23:14:10.961193+09:00
Berth Attribute,,,failed,False,2026-08-23T13:07:46.002648+09:00
Berth Badge,,,failed,False,2026-08-21T00:26:23.518919+09:00
Berth Balance,,,failed,False,2026-08-23T13:47:40.781383+09:00
Berth Base,,,failed,False,2026-08-17T23:09:40.999221+09:00
Berth Beacon,,,failed,False,2026-08-17T23:08:17.909902+09:00
Berth Bill,,,failed,False,2026-08-19T22:06:47.930339+09:00
Berth Blueprint,,,failed,False,2026-08-18T22:07:58.079048+09:00
Berth Board,,,failed,False,2026-08-17T23:30:11.118322+09:00
Berth Book,,,failed,False,2026-08-19T22:07:41.945033+09:00
Berth Bridge,,,failed,False,2026-08-17T23:27:42.956477+09:00
Berth Brief,,,failed,False,2026-08-21T01:00:31.922622+09:00
Berth Bulletin,,,failed,False,2026-08-21T01:00:27.646290+09:00
Berth Calculator,140.0,0.0,success,False,2026-08-27T23:36:36.607319+09:00
Berth Calendar,,,failed,False,2026-08-19T00:02:04.506577+09:00
Berth Card,,,failed,False,2026-08-19T13:32:09.131651+09:00
Berth Cascade,,,failed,False,2026-08-17T23:15:07.247244+09:00
Berth Cash,,,failed,False,2026-08-21T02:25:24.803683+09:00
Berth Cashback,,,failed,False,2026-08-27T21:18:16.007823+09:00
Berth Category,,,failed,False,2026-08-23T13:07:43.906174+09:00
Berth Center,10.0,0.0,success,False,2026-08-17T23:30:54.077179+09:00
Berth Chain,,,failed,False,2026-08-17T23:32:40.699548+09:00
Berth Charge,,,failed,False,2026-08-21T02:40:43.977421+09:00
Berth Check,30.0,6.0,success,False,2026-08-19T13:32:25.938189+09:00
Berth Checker,30.0,6.0,success,False,2026-08-27T23:58:55.210944+09:00
Berth Circular,,,failed,False,2026-08-21T01:02:18.693445+09:00
Berth Cockpit,,,failed,False,2026-08-17T23:24:49.201687+09:00
Berth Code,10.0,0.0,success,False,2026-08-19T22:07:06.557200+09:00
Berth Codex,,,failed,False,2026-08-18T22:08:21.500006+09:00
Berth Companion,,,failed,False,2026-08-17T23:08:38.142070+09:00
Berth Comparison,,,failed,False,2026-08-28T01:08:56.786303+09:00
Berth Compass,,,failed,False,2026-08-17T23:27:13.113305+09:00
Berth Compendium,,,failed,False,2026-08-18T22:08:12.988621+09:00
Berth Confirmation,20.0,0.0,success,False,2026-08-21T01:00:48.316316+09:00
Berth Console,,,failed,False,2026-08-17T23:14:31.375028+09:00
Berth Core,,,failed,False,2026-08-17T23:29:55.087176+09:00
Berth Cost,30.0,0.0,success,False,2026-08-21T02:09:39.165114+09:00
Berth Count,,,failed,False,2026-08-27T22:50:35.805109+09:00
Berth Counter,,,failed,False,2026-08-19T00:02:48.631996+09:00
Berth Coupon,,,failed,False,2026-08-27T21:18:16.007823+09:00
Berth Dashboard,,,failed,False,2026-08-17T23:13:53.612284+09:00
Berth Deal,,,failed,False,2026-08-21T01:53:35.907769+09:00
Berth Debt,,,failed,False,2026-08-21T02:25:13.538662+09:00
Berth Deck,70.0,0.0,success,False,2026-08-17T23:11:16.019102+09:00
Berth Depot,,,failed,False,2026-08-19T00:02:34.221000+09:00
Berth Desk,,,failed,False,2026-08-17T23:26:41.280182+09:00
Berth Detail,,,failed,False,2026-08-23T03:20:11.001534+09:00
Berth Detector,,,failed,False,2026-08-27T23:58:58.371988+09:00
Berth Diagram,,,failed,False,2026-08-27T22:14:02.180893+09:00
Berth Dial,,,failed,False,2026-08-17T23:09:22.045461+09:00
Berth Digest,,,failed,False,2026-08-19T20:47:10.772818+09:00
Berth Directory,,,failed,False,2026-08-19T00:02:09.626106+09:00
Berth Discount,,,failed,False,2026-08-23T16:15:47.536999+09:00
Berth Dock,50.0,0.0,success,False,2026-08-17T23:10:55.434729+09:00
Berth Dossier,,,failed,False,2026-08-21T01:00:50.612821+09:00
Berth Downpayment,,,failed,False,2026-08-27T21:49:31.660766+09:00
Berth Draft,10.0,0.0,success,False,2026-08-19T20:47:22.248072+09:00
Berth Due,,,failed,False,2026-08-23T15:52:24.692181+09:00
Berth Duty,,,failed,False,2026-08-21T02:40:47.085181+09:00
Berth Engine,,,failed,False,2026-08-17T23:23:29.892589+09:00
Berth Entry,,,failed,False,2026-08-21T01:01:03.307399+09:00
Berth Estimate,,,failed,False,2026-08-19T21:32:42.554846+09:00
Berth Estimator,,,failed,False,2026-08-27T23:58:52.704840+09:00
Berth Excerpt,,,failed,False,2026-08-21T01:00:56.888807+09:00
Berth Extension,,,failed,False,2026-08-23T16:39:45.505448+09:00
Berth Fare,10.0,0.0,success,False,2026-08-21T02:09:47.667221+09:00
Berth Fee,170.0,0.0,success,False,2026-08-21T01:53:17.199833+09:00
Berth Feed,,,failed,False,2026-08-19T20:47:17.630061+09:00
Berth File,,,failed,False,2026-08-19T20:46:49.166137+09:00
Berth Finder,20.0,1.0,success,False,2026-08-19T00:02:27.896414+09:00
Berth Fine,,,failed,False,2026-08-23T02:55:31.768897+09:00
Berth Flag,,,failed,False,2026-08-21T00:27:00.975108+09:00
Berth Flow,,,failed,False,2026-08-17T23:04:39.264131+09:00
Berth Forge,,,failed,False,2026-08-17T23:27:26.699527+09:00
Berth Form,,,failed,False,2026-08-19T13:32:02.705004+09:00
Berth Format,,,failed,False,2026-08-23T13:07:48.964667+09:00
Berth Frame,,,failed,False,2026-08-17T23:29:38.825411+09:00
Berth Fund,,,failed,False,2026-08-21T02:25:19.750628+09:00
Berth Gate,,,failed,False,2026-08-17T23:07:13.674847+09:00
Berth Generator,,,failed,False,2026-08-27T23:36:40.825682+09:00
Berth Giveaway,,,failed,False,2026-08-27T21:18:29.046782+09:00
Berth Grade,,,failed,False,2026-08-21T00:26:41.627536+09:00
Berth Graph,,,failed,False,2026-08-27T22:13:48.271988+09:00
Berth Grid,,,failed,False,2026-08-17T23:28:25.880563+09:00
Berth Guarantee,,,failed,False,2026-08-28T01:09:01.288346+09:00
Berth Guard,,,failed,False,2026-08-17T23:25:59.230175+09:00
Berth Guidebook,,,failed,False,2026-08-18T22:07:42.473360+09:00
Berth Helpdesk,,,failed,False,2026-08-27T22:50:39.556744+09:00
Berth Helper,,,failed,False,2026-08-28T00:27:27.697084+09:00
Berth History,,,failed,False,2026-08-19T20:46:44.181940+09:00
Berth Hub,,,failed,False,2026-08-17T23:26:27.360355+09:00
Berth Identifier,,,failed,False,2026-08-23T13:07:43.906174+09:00
Berth Incentive,,,failed,False,2026-08-27T21:18:29.046782+09:00
Berth Index,,,failed,False,2026-08-19T21:32:38.095873+09:00
Berth Insight,,,failed,False,2026-08-17T23:24:26.895595+09:00
Berth Installment,,,failed,False,2026-08-23T16:15:50.711564+09:00
Berth Item,,,failed,False,2026-08-21T01:53:20.957099+09:00
Berth Journal,,,failed,False,2026-08-18T22:07:26.351718+09:00
Berth Keeper,,,failed,False,2026-08-17T23:08:58.203851+09:00
Berth Lab,,,failed,False,2026-08-17T23:05:47.972316+09:00
Berth Layout,30.0,0.0,success,False,2026-08-27T22:29:26.032496+09:00
Berth Ledger,,,failed,False,2026-08-17T23:04:01.438390+09:00
Berth Lens,,,failed,False,2026-08-17T23:14:51.389027+09:00
Berth Level,,,failed,False,2026-08-19T20:46:54.929939+09:00
Berth Levy,,,failed,False,2026-08-23T13:47:44.552149+09:00
Berth Link,,,failed,False,2026-08-23T03:20:04.246790+09:00
Berth List,,,failed,False,2026-08-19T22:07:21.096531+09:00
Berth Loan,,,failed,False,2026-08-21T02:09:56.008511+09:00
Berth Locator,110.0,1.0,success,False,2026-08-19T00:02:18.071698+09:00
Berth Lock,,,failed,False,2026-08-17T23:07:56.377169+09:00
Berth Log,10.0,,success,False,2026-08-19T13:31:52.943506+09:00
Berth Loop,,,failed,False,2026-08-17T23:11:35.407010+09:00
Berth Manager,40.0,0.0,success,False,2026-08-17T23:33:31.331574+09:00
Berth Manual,,,failed,False,2026-08-27T22:13:56.258937+09:00
Berth Map,260.0,0.0,success,False,2026-08-17T23:29:20.352796+09:00
Berth Markup,,,failed,False,2026-08-23T16:39:43.377708+09:00
Berth Memo,,,failed,False,2026-08-21T00:26:46.014545+09:00
Berth Message,,,failed,False,2026-08-27T23:15:55.855078+09:00
Berth Meter,,,failed,False,2026-08-17T23:31:50.854430+09:00
Berth Metrics,,,failed,False,2026-08-17T23:06:52.573020+09:00
Berth Monitor,,,failed,False,2026-08-17T23:12:11.666158+09:00
Berth Navigator,,,failed,False,2026-08-17T23:25:18.715654+09:00
Berth Nexus,,,failed,False,2026-08-17T23:33:04.806706+09:00
Berth Node,,,failed,False,2026-08-17T23:32:54.129749+09:00
Berth Note,,,failed,False,2026-08-19T13:32:45.255500+09:00
Berth Notification,,,failed,False,2026-08-27T22:50:28.774616+09:00
Berth Number,110.0,0.0,success,False,2026-08-23T03:19:56.707699+09:00
Berth Office,,,failed,False,2026-08-19T00:02:41.985677+09:00
Berth Ops,,,failed,False,2026-08-17T23:15:27.187478+09:00
Berth Order,,,failed,False,2026-08-19T22:06:35.304978+09:00
Berth Organizer,,,failed,False,2026-08-17T23:24:07.376365+09:00
Berth Overage,,,failed,False,2026-08-27T21:49:29.301041+09:00
Berth Overdue,,,failed,False,2026-08-27T21:49:24.879038+09:00
Berth Panel,,,failed,False,2026-08-17T23:31:33.228756+09:00
Berth Pass,,,failed,False,2026-08-21T00:26:13.350270+09:00
Berth Path,10.0,0.0,success,False,2026-08-17T23:13:13.553145+09:00
Berth Payoff,,,failed,False,2026-08-27T21:49:27.090308+09:00
Berth Penalty,,,failed,False,2026-08-23T16:39:43.377708+09:00
Berth Petition,,,failed,False,2026-08-21T01:00:42.748785+09:00
Berth Pilot,,,failed,False,2026-08-17T23:11:53.398319+09:00
Berth Plan,2900.0,1.0,success,False,2026-08-21T01:53:31.985132+09:00
Berth Planner,170.0,1.0,success,False,2026-08-17T23:23:45.943375+09:00
Berth Playbook,,,failed,False,2026-08-18T22:07:16.682645+09:00
Berth Point,,,failed,False,2026-08-17T23:29:03.554808+09:00
Berth Portal,,,failed,False,2026-08-17T23:31:17.212800+09:00
Berth Profile,,,failed,False,2026-08-19T13:33:02.578163+09:00
Berth Profit,,,failed,False,2026-08-23T02:55:21.397263+09:00
Berth Proposal,,,failed,False,2026-08-28T01:09:01.288346+09:00
Berth Pulse,,,failed,False,2026-08-17T23:06:09.735984+09:00
Berth Quota,10.0,0.0,success,False,2026-08-21T00:26:53.623558+09:00
Berth Radar,,,failed,False,2026-08-17T23:06:32.975995+09:00
Berth Rail,,,failed,False,2026-08-17T23:32:27.078253+09:00
Berth Rank,,,failed,False,2026-08-28T00:49:02.800291+09:00
Berth Rate,10.0,0.0,success,False,2026-08-19T20:47:00.737978+09:00
Berth Recap,,,failed,False,2026-08-21T01:02:29.218317+09:00
Berth Receipt,,,failed,False,2026-08-19T22:06:56.710970+09:00
Berth Recorder,,,failed,False,2026-08-27T23:36:40.825682+09:00
Berth Register,,,failed,False,2026-08-17T23:25:43.129443+09:00
Berth Registry,,,failed,False,2026-08-18T22:07:49.432223+09:00
Berth Relay,,,failed,False,2026-08-17T23:26:55.594772+09:00
Berth Reminder,,,failed,False,2026-08-19T21:32:36.347329+09:00
Berth Report,,,failed,False,2026-08-19T13:31:47.223941+09:00
Berth Roadmap,,,failed,False,2026-08-18T22:08:28.742242+09:00
Berth Roster,,,failed,False,2026-08-19T00:36:42.974778+09:00
Berth Route,,,failed,False,2026-08-17T23:32:11.092346+09:00
Berth Rule,,,failed,False,2026-08-23T03:20:07.416918+09:00
Berth Sale,170.0,6.0,success,False,2026-08-21T02:25:28.596275+09:00
Berth Sample,,,failed,False,2026-08-19T21:46:07.673702+09:00
Berth Scale,,,failed,False,2026-08-17T23:03:41.404316+09:00
Berth Scanner,,,failed,False,2026-08-27T23:58:55.210944+09:00
Berth Scheduler,,,failed,False,2026-08-17T23:04:59.397693+09:00
Berth Scope,,,failed,False,2026-08-17T23:28:07.981645+09:00
Berth Score,,,failed,False,2026-08-19T13:32:40.491815+09:00
Berth Sentry,,,failed,False,2026-08-17T23:33:17.146702+09:00
Berth Sheet,,,failed,False,2026-08-19T13:32:19.751583+09:00
Berth Shortfall,,,failed,False,2026-08-27T21:49:33.781529+09:00
Berth Signal,,,failed,False,2026-08-17T23:27:53.024871+09:00
Berth Slip,,,failed,False,2026-08-19T21:45:53.420711+09:00
Berth Slot,,,failed,False,2026-08-19T21:46:20.188818+09:00
Berth Snapshot,,,failed,False,2026-08-18T22:07:33.444344+09:00
Berth Stake,,,failed,False,2026-08-23T02:55:28.144750+09:00
Berth Statement,,,failed,False,2026-08-21T00:26:33.622421+09:00
Berth Station,,,failed,False,2026-08-17T23:30:39.559752+09:00
Berth Status,90.0,0.0,success,False,2026-08-19T20:46:33.393422+09:00
Berth Studio,,,failed,False,2026-08-17T23:30:24.350682+09:00
Berth Subsidy,,,failed,False,2026-08-23T15:52:26.691302+09:00
Berth Suite,,,failed,False,2026-08-17T22:48:03.176041+09:00
Berth Sum,,,failed,False,2026-08-21T02:25:09.393326+09:00
Berth Summary,,,failed,False,2026-08-19T21:32:30.611292+09:00
Berth Surtax,,,failed,False,2026-08-23T15:52:28.857053+09:00
Berth Sync,,,failed,False,2026-08-17T23:26:13.004123+09:00
Berth Tab,,,failed,False,2026-08-21T00:27:09.364121+09:00
Berth Table,,,failed,False,2026-08-19T22:07:28.246340+09:00
Berth Tag,,,failed,False,2026-08-19T13:32:52.541757+09:00
Berth Tally,,,failed,False,2026-08-21T00:26:36.041366+09:00
Berth Tariff,,,failed,False,2026-08-21T02:41:05.925111+09:00
Berth Tax,,,failed,False,2026-08-21T02:09:52.288046+09:00
Berth Terminal,30.0,0.0,success,False,2026-08-17T23:12:55.157000+09:00
Berth Ticket,20.0,4.0,success,False,2026-08-19T21:32:39.944567+09:00
Berth Tier,,,failed,False,2026-08-28T00:49:02.800291+09:00
Berth Timeline,,,failed,False,2026-08-19T21:32:32.734528+09:00
Berth Timer,,,failed,False,2026-08-28T00:27:21.214223+09:00
Berth Toll,,,failed,False,2026-08-21T02:40:59.157491+09:00
Berth Toolbox,,,failed,False,2026-08-28T00:27:27.697084+09:00
Berth Toolkit,,,failed,False,2026-08-18T22:07:09.458547+09:00
Berth Total,,,failed,False,2026-08-27T23:15:58.535794+09:00
Berth Tracker,10.0,2.0,success,False,2026-08-17T23:10:18.497736+09:00
Berth Trail,,,failed,False,2026-08-17T23:05:24.872109+09:00
Berth Trend,,,failed,False,2026-08-28T01:08:52.515259+09:00
Berth Trial,,,failed,False,2026-08-27T21:18:26.738212+09:00
Berth Unit,,,failed,False,2026-08-21T01:53:25.014716+09:00
Berth Update,,,failed,False,2026-08-19T20:47:06.290958+09:00
Berth Value,,,failed,False,2026-08-23T02:55:24.224280+09:00
Berth Vault,,,failed,False,2026-08-17T23:13:32.470918+09:00
Berth Version,,,failed,False,2026-08-23T03:20:00.686198+09:00
Berth View,,,failed,False,2026-08-19T20:46:39.045000+09:00
Berth Voucher,,,failed,False,2026-08-21T00:26:18.251155+09:00
Berth Watch,,,failed,False,2026-08-17T23:04:19.754704+09:00
Berth Wave,,,failed,False,2026-08-17T23:28:46.712952+09:00
Berth Widget,,,failed,False,2026-08-27T23:15:58.535794+09:00
Berth Workbench,,,failed,False,2026-08-18T22:07:01.170489+09:00
Berth Worksheet,,,failed,False,2026-08-27T22:14:02.180893+09:00
Berth Zone,,,failed,False,2026-08-17T23:07:36.976637+09:00
Bid Advisory,20.0,7.0,success,False,2026-08-21T01:03:33.238339+09:00
Bid Allowance,10.0,0.0,success,False,2026-08-21T02:42:57.314001+09:00
Bid Almanac,,,failed,False,2026-08-18T22:12:23.623332+09:00
Bid Analyzer,10.0,1.0,success,False,2026-08-27T23:51:12.915875+09:00
Bid Anchor,,,failed,False,2026-08-17T20:41:01.819842+09:00
Bid Announcement,260.0,0.0,success,False,2026-08-27T23:31:21.274329+09:00
Bid Asset,4400.0,30.0,success,False,2026-08-23T13:48:10.648745+09:00
Bid Assistant,390.0,18.0,success,False,2026-08-17T23:11:32.053287+09:00
Bid Atlas,10.0,4.0,success,False,2026-08-18T07:52:06.675931+09:00
Bid Attribute,,,failed,False,2026-08-23T13:09:03.594529+09:00
Bid Badge,,,failed,False,2026-08-21T00:30:03.627747+09:00
Bid Balance,20.0,0.0,success,False,2026-08-23T13:48:08.634446+09:00
Bid Base,140.0,11.0,success,False,2026-08-17T21:38:05.775829+09:00
Bid Beacon,590.0,1.0,success,False,2026-08-17T20:44:23.108645+09:00
Bid Bill,20.0,0.0,success,False,2026-08-19T21:51:13.518825+09:00
Bid Blueprint,,,failed,False,2026-08-18T22:12:15.534077+09:00
Bid Board,2900.0,37.0,success,False,2026-08-17T21:34:53.019649+09:00
Bid Book,1300.0,4.0,success,False,2026-08-19T21:52:10.666614+09:00
Bid Bridge,2900.0,3.0,success,False,2026-08-17T20:41:53.253624+09:00
Bid Brief,,,failed,False,2026-08-21T01:03:25.375031+09:00
Bid Bulletin,320.0,0.0,success,False,2026-08-21T01:03:20.927802+09:00
Bid Calculator,320.0,17.0,success,False,2026-08-27T23:31:24.795366+09:00
Bid Calendar,90.0,6.0,success,False,2026-08-18T23:57:13.406878+09:00
Bid Card,3600.0,3.0,success,False,2026-08-19T13:39:22.411617+09:00
Bid Cascade,,,failed,False,2026-08-17T20:42:40.071307+09:00
Bid Cash,140.0,0.0,success,False,2026-08-21T02:27:26.146379+09:00
Bid Cashback,,,failed,False,2026-08-27T21:19:40.666664+09:00
Bid Catalog,,,failed,False,2026-08-19T21:07:53.338438+09:00
Bid Category,10.0,0.0,success,False,2026-08-23T13:09:00.936814+09:00
Bid Center,140.0,9.0,success,False,2026-08-17T20:46:53.844827+09:00
Bid Chain,40.0,26.0,success,False,2026-08-17T20:36:08.746361+09:00
Bid Charge,30.0,0.0,success,False,2026-08-21T02:42:47.286881+09:00
Bid Check,140.0,5.0,success,False,2026-08-19T13:39:51.910868+09:00
Bid Checker,20.0,6.0,success,False,2026-08-27T23:51:07.494975+09:00
Bid Checklist,50.0,3.0,success,False,2026-08-19T21:07:00.753456+09:00
Bid Circular,,,failed,False,2026-08-21T01:03:30.050919+09:00
Bid Cockpit,,,failed,False,2026-08-17T23:29:20.352796+09:00
Bid Code,140.0,0.0,success,False,2026-08-19T21:51:34.255432+09:00
Bid Codex,,,failed,False,2026-08-18T23:50:20.239443+09:00
Bid Companion,,,failed,False,2026-08-17T23:09:40.999221+09:00
Bid Comparison,110.0,7.0,success,False,2026-08-28T01:02:10.416954+09:00
Bid Compass,,,failed,False,2026-08-17T20:45:26.162726+09:00
Bid Compendium,,,failed,False,2026-08-18T23:50:20.239443+09:00
Bid Confirmation,10.0,0.0,success,False,2026-08-21T01:03:43.052088+09:00
Bid Console,,,failed,False,2026-08-17T20:44:01.266186+09:00
Bid Core,20.0,8.0,success,False,2026-08-17T21:36:54.710856+09:00
Bid Cost,90.0,0.0,success,False,2026-08-21T02:11:34.732367+09:00
Bid Count,70.0,0.0,success,False,2026-08-27T22:51:48.588261+09:00
Bid Counter,70.0,0.0,success,False,2026-08-18T23:58:11.366687+09:00
Bid Coupon,10.0,,success,False,2026-08-27T21:19:36.835808+09:00
Bid Dashboard,170.0,16.0,success,False,2026-08-17T23:14:48.085579+09:00
Bid Deal,720.0,5.0,success,False,2026-08-21T01:56:01.200736+09:00
Bid Debt,,,failed,False,2026-08-21T02:27:17.411779+09:00
Bid Deck,40.0,14.0,success,False,2026-08-17T21:33:45.075228+09:00
Bid Depot,30.0,7.0,success,False,2026-08-18T23:57:53.791592+09:00
Bid Desk,140.0,9.0,success,False,2026-08-17T21:31:00.206645+09:00
Bid Detail,390.0,2.0,success,False,2026-08-23T03:22:18.461537+09:00
Bid Detector,50.0,3.0,success,False,2026-08-27T23:51:12.915875+09:00
Bid Dial,,,failed,False,2026-08-17T20:42:12.704128+09:00
Bid Digest,,,failed,False,2026-08-19T20:38:05.655570+09:00
Bid Directory,10.0,2.0,success,False,2026-08-18T23:57:22.753165+09:00
Bid Discount,40.0,6.0,success,False,2026-08-23T16:16:41.227574+09:00
Bid Dock,,,failed,False,2026-08-17T20:38:58.199942+09:00
Bid Dossier,10.0,0.0,success,False,2026-08-21T01:03:48.837789+09:00
Bid Downpayment,,,failed,False,2026-08-27T21:50:37.116413+09:00
Bid Draft,10.0,0.0,success,False,2026-08-19T20:38:22.141016+09:00
Bid Due,30.0,3.0,success,False,2026-08-23T15:52:50.933121+09:00
Bid Duty,,,failed,False,2026-08-21T02:42:49.671896+09:00
Bid Endowment,,,failed,False,2026-08-23T15:52:52.908788+09:00
Bid Engine,210.0,8.0,success,False,2026-08-17T23:28:07.981645+09:00
Bid Entry,320.0,0.0,success,False,2026-08-21T01:04:02.292645+09:00
Bid Estimate,320.0,16.0,success,False,2026-08-19T21:07:42.156894+09:00
Bid Estimator,70.0,56.0,success,False,2026-08-27T23:51:04.044510+09:00
Bid Excerpt,,,failed,False,2026-08-21T01:03:59.232813+09:00
Bid Extension,50.0,9.0,success,False,2026-08-23T16:40:13.658560+09:00
Bid Fare,10.0,0.0,success,False,2026-08-21T02:11:38.732794+09:00
Bid Fee,140.0,0.0,success,False,2026-08-21T01:55:51.234317+09:00
Bid Feed,10.0,85.0,success,False,2026-08-19T20:38:12.818207+09:00
Bid Field,,,failed,False,2026-08-23T13:09:05.713550+09:00
Bid File,70.0,0.0,success,False,2026-08-19T20:37:37.988161+09:00
Bid Finder,110.0,34.0,success,False,2026-08-18T23:57:42.935137+09:00
Bid Fine,,,failed,False,2026-08-23T02:57:13.068042+09:00
Bid Flag,,,failed,False,2026-08-21T00:30:51.297861+09:00
Bid Flow,30.0,9.0,success,False,2026-08-17T21:34:20.474166+09:00
Bid Forge,,,failed,False,2026-08-17T20:43:32.566232+09:00
Bid Form,1600.0,7.0,success,False,2026-08-19T13:39:01.193066+09:00
Bid Format,1600.0,7.0,success,False,2026-08-23T13:09:07.907049+09:00
Bid Frame,,,failed,False,2026-08-17T21:39:34.435552+09:00
Bid Fund,210.0,14.0,success,False,2026-08-21T02:27:19.706336+09:00
Bid Gate,90.0,5.0,success,False,2026-08-17T20:33:18.087238+09:00
Bid Generator,40.0,27.0,success,False,2026-08-27T23:31:29.961537+09:00
Bid Giveaway,10.0,,success,False,2026-08-27T21:19:43.592379+09:00
Bid Grade,,,failed,False,2026-08-21T00:30:32.235715+09:00
Bid Graph,,,failed,False,2026-08-27T22:15:17.446247+09:00
Bid Grid,70.0,3.0,success,False,2026-08-17T20:36:38.149505+09:00
Bid Guarantee,140.0,6.0,success,False,2026-08-28T01:02:16.682385+09:00
Bid Guard,10.0,19.0,success,False,2026-08-17T21:37:32.627735+09:00
Bid Guardian,,,failed,False,2026-08-28T00:21:22.221803+09:00
Bid Guidebook,,,failed,False,2026-08-18T22:12:02.089704+09:00
Bid Helpdesk,10.0,21.0,success,False,2026-08-27T22:51:51.167010+09:00
Bid Helper,480.0,9.0,success,False,2026-08-28T00:21:27.462723+09:00
Bid History,2900.0,13.0,success,False,2026-08-19T20:37:25.311012+09:00
Bid Hotline,,,failed,False,2026-08-19T21:08:03.467133+09:00
Bid Hub,110.0,17.0,success,False,2026-08-17T21:33:19.243075+09:00
Bid Identifier,,,failed,False,2026-08-23T13:08:56.247878+09:00
Bid Incentive,,,failed,False,2026-08-27T21:19:43.592379+09:00
Bid Index,210.0,0.0,success,False,2026-08-19T21:07:11.433627+09:00
Bid Insight,,,failed,False,2026-08-17T23:29:01.871676+09:00
Bid Installment,,,failed,False,2026-08-23T16:16:43.466007+09:00
Bid Interest,,,failed,False,2026-08-23T13:48:10.648745+09:00
Bid Item,480.0,26.0,success,False,2026-08-21T01:55:54.849778+09:00
Bid Journal,30.0,0.0,success,False,2026-08-18T22:11:43.174107+09:00
Bid Keeper,,,failed,False,2026-08-17T21:40:59.899740+09:00
Bid Kit,90.0,4.0,success,False,2026-08-27T22:51:44.321364+09:00
Bid Lab,1300.0,4.0,success,False,2026-08-17T21:31:35.848823+09:00
Bid Ledger,,,failed,False,2026-08-17T21:35:54.911296+09:00
Bid Lens,90.0,25.0,success,False,2026-08-17T21:41:34.183941+09:00
Bid Level,590.0,4.0,success,False,2026-08-19T20:37:45.715949+09:00
Bid Levy,320.0,0.0,success,False,2026-08-23T13:48:13.167118+09:00
Bid Link,70.0,4.0,success,False,2026-08-23T03:22:11.470893+09:00
Bid List,1000.0,7.0,success,False,2026-08-19T21:51:45.660208+09:00
Bid Loan,40.0,23.0,success,False,2026-08-21T02:11:46.716437+09:00
Bid Locator,,,failed,False,2026-08-18T23:57:31.846586+09:00
Bid Lock,40.0,2.0,success,False,2026-08-17T20:31:35.680631+09:00
Bid Log,50.0,2.0,success,False,2026-08-19T13:38:55.423036+09:00
Bid Loop,,,failed,False,2026-08-17T20:37:34.472176+09:00
Bid Manager,5400.0,4.0,success,False,2026-08-17T21:38:37.304138+09:00
Bid Manual,90.0,2.0,success,False,2026-08-27T22:15:19.748218+09:00
Bid Map,590.0,31.0,success,False,2026-08-18T07:53:01.701423+09:00
Bid Marker,,,failed,False,2026-08-23T13:28:05.717329+09:00
Bid Markup,,,failed,False,2026-08-23T16:40:11.516867+09:00
Bid Memo,20.0,0.0,success,False,2026-08-21T00:30:39.454023+09:00
Bid Message,10.0,0.0,success,False,2026-08-27T23:17:00.312671+09:00
Bid Meter,,,failed,False,2026-08-17T20:41:22.469867+09:00
Bid Metrics,,,failed,False,2026-08-17T23:07:56.377169+09:00
Bid Monitor,20.0,39.0,success,False,2026-08-17T23:13:11.418966+09:00
Bid Navigator,10.0,35.0,success,False,2026-08-17T23:29:37.041815+09:00
Bid Nexus,,,failed,False,2026-08-17T20:32:08.584337+09:00
Bid Node,,,failed,False,2026-08-17T20:34:17.127214+09:00
Bid Note,20.0,2.0,success,False,2026-08-19T13:40:19.370480+09:00
Bid Notification,10.0,5.0,success,False,2026-08-27T22:51:42.060485+09:00
Bid Number,1300.0,2.0,success,False,2026-08-23T03:22:06.290002+09:00
Bid Office,140.0,1.0,success,False,2026-08-18T23:58:01.279851+09:00
Bid Ops,880.0,13.0,success,False,2026-08-17T23:04:01.438390+09:00
Bid Order,110.0,0.0,success,False,2026-08-19T21:51:01.436792+09:00
Bid Organizer,10.0,0.0,success,False,2026-08-17T23:28:43.740452+09:00
Bid Outline,20.0,0.0,success,False,2026-08-27T22:29:33.709708+09:00
Bid Overage,,,failed,False,2026-08-27T21:50:37.116413+09:00
Bid Overdue,,,failed,False,2026-08-27T21:50:32.673191+09:00
Bid Panel,10.0,4.0,success,False,2026-08-17T20:43:08.098438+09:00
Bid Pass,10.0,0.0,success,False,2026-08-21T00:29:50.648703+09:00
Bid Path,30.0,35.0,success,False,2026-08-17T20:33:48.971139+09:00
Bid Payoff,,,failed,False,2026-08-27T21:50:34.815891+09:00
Bid Penalty,,,failed,False,2026-08-23T16:40:11.516867+09:00
Bid Petition,,,failed,False,2026-08-21T01:03:38.520377+09:00
Bid Pilot,10.0,1.0,success,False,2026-08-17T21:32:11.115049+09:00
Bid Plan,210.0,10.0,success,False,2026-08-21T01:55:59.445411+09:00
Bid Planner,210.0,10.0,success,False,2026-08-17T23:28:22.691550+09:00
Bid Playbook,,,failed,False,2026-08-18T22:11:34.911588+09:00
Bid Point,170.0,1.0,success,False,2026-08-17T20:32:46.505342+09:00
Bid Portal,590.0,6.0,success,False,2026-08-17T20:44:46.784780+09:00
Bid Preview,,,failed,False,2026-08-28T01:02:13.095205+09:00
Bid Profile,,,failed,False,2026-08-19T13:40:53.899440+09:00
Bid Profit,10.0,0.0,success,False,2026-08-23T02:57:01.992920+09:00
Bid Pulse,,,failed,False,2026-08-17T20:35:40.356029+09:00
Bid Queue,10.0,0.0,success,False,2026-08-19T21:07:33.171957+09:00
Bid Quota,,,failed,False,2026-08-21T00:30:44.450501+09:00
Bid Radar,20.0,22.0,success,False,2026-08-17T20:48:45.753465+09:00
Bid Rail,10.0,0.0,success,False,2026-08-17T20:38:04.703276+09:00
Bid Rate,480.0,4.0,success,False,2026-08-19T20:37:52.054454+09:00
Bid Recap,10.0,0.0,success,False,2026-08-21T01:03:53.377990+09:00
Bid Receipt,10.0,8.0,success,False,2026-08-19T21:51:23.149370+09:00
Bid Recorder,,,failed,False,2026-08-27T23:31:33.268301+09:00
Bid Register,260.0,5.0,success,False,2026-08-17T23:29:51.250400+09:00
Bid Registry,,,failed,False,2026-08-18T22:12:08.779533+09:00
Bid Relay,,,failed,False,2026-08-17T20:47:28.313560+09:00
Bid Reminder,,,failed,False,2026-08-19T21:06:49.674751+09:00
Bid Report,70.0,1.0,success,False,2026-08-19T13:38:30.096101+09:00
Bid Repository,,,failed,False,2026-08-27T23:09:56.910517+09:00
Bid Result,480.0,1.0,success,False,2026-08-28T00:45:49.582364+09:00
Bid Roadmap,,,failed,False,2026-08-18T23:50:20.239443+09:00
Bid Roster,,,failed,False,2026-08-19T00:37:42.157517+09:00
Bid Route,20.0,1.0,success,False,2026-08-17T20:39:51.023967+09:00
Bid Rule,,,failed,False,2026-08-23T03:22:14.563475+09:00
Bid Sale,260.0,8.0,success,False,2026-08-21T02:27:29.296336+09:00
Bid Sample,90.0,12.0,success,False,2026-08-19T21:52:35.745180+09:00
Bid Scale,20.0,11.0,success,False,2026-08-17T20:40:41.186342+09:00
Bid Scanner,,,failed,False,2026-08-27T23:51:10.379112+09:00
Bid Scheduler,260.0,1.0,success,False,2026-08-17T23:06:06.115551+09:00
Bid Scope,40.0,47.0,success,False,2026-08-17T20:38:26.412397+09:00
Bid Score,20.0,4.0,success,False,2026-08-19T13:40:01.237122+09:00
Bid Sentry,,,failed,False,2026-08-18T07:52:17.361320+09:00
Bid Sheet,880.0,55.0,success,False,2026-08-19T13:39:37.773489+09:00
Bid Shortfall,,,failed,False,2026-08-27T21:50:39.210391+09:00
Bid Signal,,,failed,False,2026-08-17T20:40:17.203996+09:00
Bid Signature,,,failed,False,2026-08-23T13:28:05.717329+09:00
Bid Slip,10.0,0.0,success,False,2026-08-19T21:52:20.652566+09:00
Bid Slot,70.0,2.0,success,False,2026-08-19T21:52:45.174751+09:00
Bid Snapshot,,,failed,False,2026-08-18T22:11:49.715981+09:00
Bid Stage,140.0,1.0,success,False,2026-08-28T00:45:49.582364+09:00
Bid Stake,,,failed,False,2026-08-23T02:57:06.282457+09:00
Bid Stamp,20.0,0.0,success,False,2026-08-23T13:28:07.800496+09:00
Bid Statement,10.0,7.0,success,False,2026-08-21T00:30:19.986675+09:00
Bid Station,50.0,2.0,success,False,2026-08-17T21:30:27.922058+09:00
Bid Status,480.0,0.0,success,False,2026-08-19T20:49:35.865635+09:00
Bid Stipend,,,failed,False,2026-08-23T13:48:15.214978+09:00
Bid Streak,,,failed,False,2026-08-28T00:45:49.582364+09:00
Bid Stub,,,failed,False,2026-08-21T00:30:11.509086+09:00
Bid Studio,210.0,3.0,success,False,2026-08-17T21:32:47.122898+09:00
Bid Suite,10.0,61.0,success,False,2026-08-17T23:04:17.256447+09:00
Bid Sum,,,failed,False,2026-08-21T02:27:13.658425+09:00
Bid Summary,70.0,1.0,success,False,2026-08-19T21:06:31.890613+09:00
Bid Surtax,,,failed,False,2026-08-23T15:52:52.908788+09:00
Bid Sync,720.0,32.0,success,False,2026-08-17T21:35:22.295985+09:00
Bid Tab,880.0,3.0,success,False,2026-08-21T00:30:55.600635+09:00
Bid Table,70.0,10.0,success,False,2026-08-19T21:51:58.682281+09:00
Bid Tag,10.0,0.0,success,False,2026-08-19T13:40:38.246974+09:00
Bid Tally,10.0,10.0,success,False,2026-08-21T00:30:25.028648+09:00
Bid Tariff,,,failed,False,2026-08-21T02:42:59.558136+09:00
Bid Tax,140.0,0.0,success,False,2026-08-21T02:11:43.167775+09:00
Bid Ticket,20.0,18.0,success,False,2026-08-19T21:07:23.410704+09:00
Bid Timeline,,,failed,False,2026-08-19T21:06:39.226294+09:00
Bid Timer,4400.0,0.0,success,True,2026-08-28T00:21:19.709791+09:00
Bid Toll,,,failed,False,2026-08-21T02:42:54.824749+09:00
Bid Toolbox,,,failed,False,2026-08-28T00:21:24.701670+09:00
Bid Toolkit,10.0,0.0,success,False,2026-08-18T22:11:24.179554+09:00
Bid Total,20.0,1.0,success,False,2026-08-27T23:09:53.622041+09:00
Bid Tracker,320.0,26.0,success,False,2026-08-17T21:36:28.444275+09:00
Bid Trail,10.0,0.0,success,False,2026-08-17T20:37:05.313557+09:00
Bid Trend,10.0,0.0,success,False,2026-08-28T01:02:07.599938+09:00
Bid Trial,,,failed,False,2026-08-27T21:19:40.666664+09:00
Bid Unit,10.0,2.0,success,False,2026-08-21T01:55:57.374575+09:00
Bid Update,20.0,0.0,success,False,2026-08-19T20:37:59.201045+09:00
Bid Value,140.0,1.0,success,False,2026-08-23T02:57:04.274468+09:00
Bid Vault,90.0,13.0,success,False,2026-08-17T20:46:14.149623+09:00
Bid Version,,,failed,False,2026-08-23T03:22:09.250404+09:00
Bid View,10.0,3.0,success,False,2026-08-19T20:37:14.893241+09:00
Bid Voucher,10.0,8.0,success,False,2026-08-21T00:29:55.538883+09:00
Bid Watch,480.0,53.0,success,False,2026-08-17T20:39:21.363517+09:00
Bid Wave,10.0,,success,False,2026-08-17T20:34:42.726088+09:00
Bid Widget,10.0,0.0,success,False,2026-08-27T23:09:53.622041+09:00
Bid Workbench,,,failed,False,2026-08-18T22:11:16.114719+09:00
Bid Worksheet,10.0,31.0,success,False,2026-08-27T22:15:25.153546+09:00
Bid Workshop,,,failed,False,2026-08-28T00:21:19.709791+09:00
Bid Zone,50.0,1.0,success,False,2026-08-17T20:45:50.172264+09:00
Bike Advance,1900.0,63.0,success,False,2026-08-23T16:13:14.533515+09:00
Bike Advisory,,,failed,False,2026-08-21T01:02:05.845061+09:00
Bike Alert,4400.0,4.0,success,False,2026-08-21T00:46:12.825751+09:00
Bike Allowance,110.0,1.0,success,False,2026-08-21T02:39:54.831624+09:00
Bike Analyzer,10.0,0.0,success,False,2026-08-27T23:51:04.044510+09:00
Bike Arrears,,,failed,False,2026-08-23T16:13:10.832744+09:00
Bike Asset,,,failed,False,2026-08-23T13:45:36.815787+09:00
Bike Assistant,480.0,25.0,success,False,2026-08-21T00:44:38.874906+09:00
Bike Atlas,27100.0,81.0,success,False,2026-08-21T00:44:23.943990+09:00
Bike Attribute,,,failed,False,2026-08-23T13:09:10.087594+09:00
Bike Badge,720.0,77.0,success,False,2026-08-21T00:49:09.924663+09:00
Bike Balance,165000.0,100.0,success,False,2026-08-23T13:45:33.532917+09:00
Bike Base,1600.0,11.0,success,False,2026-08-21T00:51:01.092563+09:00
Bike Beacon,1000.0,21.0,success,False,2026-08-21T00:50:04.499348+09:00
Bike Bill,480.0,2.0,success,False,2026-08-21T00:48:24.716353+09:00
Bike Bin,320.0,87.0,success,False,2026-08-21T00:46:21.529361+09:00
Bike Board,5400.0,37.0,success,False,2026-08-21T00:51:13.532405+09:00
Bike Bridge,590.0,1.0,success,False,2026-08-21T00:50:15.253919+09:00
Bike Brief,140.0,100.0,success,False,2026-08-21T00:59:52.495839+09:00
Bike Bulletin,10.0,0.0,success,False,2026-08-21T00:59:48.261603+09:00
Bike Cabinet,260.0,100.0,success,False,2026-08-27T23:15:55.855078+09:00
Bike Calendar,320.0,9.0,success,False,2026-08-21T00:45:19.199440+09:00
Bike Card,74000.0,100.0,success,False,2026-08-21T00:46:54.280562+09:00
Bike Cascade,10.0,5.0,success,False,2026-08-21T00:50:13.056816+09:00
Bike Cash,70.0,2.0,success,False,2026-08-21T02:22:35.993251+09:00
Bike Category,1300.0,2.0,success,False,2026-08-23T13:09:10.087594+09:00
Bike Center,40500.0,10.0,success,False,2026-08-21T00:51:40.152987+09:00
Bike Chain,49500.0,95.0,success,False,2026-08-21T00:44:07.435932+09:00
Bike Charge,1900.0,41.0,success,False,2026-08-21T02:39:41.486000+09:00
Bike Chart,3600.0,0.0,success,True,2026-08-21T00:46:19.116405+09:00
Bike Check,6600.0,15.0,success,False,2026-08-21T00:47:01.645682+09:00
Bike Checker,6600.0,15.0,success,False,2026-08-27T23:50:52.077690+09:00
Bike Circular,40.0,90.0,success,False,2026-08-21T01:02:03.687665+09:00
Bike Code,1600.0,10.0,success,False,2026-08-21T00:48:33.175763+09:00
Bike Companion,320.0,36.0,success,False,2026-08-21T00:44:58.799520+09:00
Bike Confirmation,,,failed,False,2026-08-21T01:00:07.021185+09:00
Bike Console,140.0,43.0,success,False,2026-08-21T00:43:39.738116+09:00
Bike Contribution,,,failed,False,2026-08-23T16:13:08.662730+09:00
Bike Core,390.0,11.0,success,False,2026-08-21T00:51:07.998109+09:00
Bike Cost,5400.0,40.0,success,False,2026-08-21T02:15:06.129671+09:00
Bike Count,480.0,7.0,success,False,2026-08-27T22:50:00.330096+09:00
Bike Counter,390.0,6.0,success,False,2026-08-21T00:45:35.455027+09:00
Bike Deal,4400.0,100.0,success,False,2026-08-21T01:58:27.155216+09:00
Bike Debt,,,failed,False,2026-08-21T02:22:24.634972+09:00
Bike Deck,5400.0,100.0,success,False,2026-08-21T00:51:18.988117+09:00
Bike Desk,6600.0,100.0,success,False,2026-08-21T00:49:47.730802+09:00
Bike Detail,12100.0,2.0,success,False,2026-08-23T03:21:14.808090+09:00
Bike Diagram,2900.0,1.0,success,False,2026-08-27T22:11:36.968554+09:00
Bike Directory,30.0,16.0,success,False,2026-08-21T00:45:22.913101+09:00
Bike Discount,550000.0,76.0,success,False,2026-08-23T16:13:03.003819+09:00
Bike Dossier,,,failed,False,2026-08-21T01:00:11.561504+09:00
Bike Downpayment,720.0,15.0,success,False,2026-08-27T21:47:47.331734+09:00
Bike Draft,210.0,24.0,success,False,2026-08-21T00:47:51.655449+09:00
Bike Due,140.0,1.0,success,False,2026-08-23T15:50:57.538266+09:00
Bike Duty,20.0,0.0,success,False,2026-08-21T02:39:46.933675+09:00
Bike Endowment,,,failed,False,2026-08-23T15:50:59.628265+09:00
Bike Engine,6600.0,31.0,success,False,2026-08-21T00:44:36.517071+09:00
Bike Entry,90.0,24.0,success,False,2026-08-21T01:00:27.646290+09:00
Bike Estimate,170.0,13.0,success,False,2026-08-21T00:48:18.650216+09:00
Bike Estimator,170.0,13.0,success,False,2026-08-27T23:50:46.062882+09:00
Bike Excerpt,,,failed,False,2026-08-21T01:02:14.395969+09:00
Bike Fare,90.0,8.0,success,False,2026-08-21T02:15:10.297403+09:00
Bike Fee,40.0,1.0,success,False,2026-08-21T01:58:06.326002+09:00
Bike Feed,110.0,9.0,success,False,2026-08-21T00:47:49.290523+09:00
Bike Field,480.0,11.0,success,False,2026-08-23T13:09:12.775055+09:00
Bike File,170.0,3.0,success,False,2026-08-21T00:47:34.415597+09:00
Bike Fine,3600.0,16.0,success,False,2026-08-23T02:55:31.768897+09:00
Bike Flow,1000.0,21.0,success,False,2026-08-21T00:49:41.369493+09:00
Bike Forge,1300.0,14.0,success,False,2026-08-21T00:50:09.781883+09:00
Bike Form,590.0,6.0,success,False,2026-08-21T00:46:52.072318+09:00
Bike Frame,33100.0,67.0,success,False,2026-08-21T00:50:58.385493+09:00
Bike Fund,260.0,3.0,success,False,2026-08-21T02:22:28.218601+09:00
Bike Gate,480.0,32.0,success,False,2026-08-21T00:44:15.465135+09:00
Bike Graph,2900.0,54.0,success,False,2026-08-27T22:11:22.688416+09:00
Bike Grid,320.0,34.0,success,False,2026-08-21T00:50:35.331865+09:00
Bike Guardian,110000.0,100.0,success,False,2026-08-28T00:21:30.022858+09:00
Bike Helper,880.0,13.0,success,False,2026-08-28T00:21:35.352628+09:00
Bike History,5400.0,3.0,success,False,2026-08-21T00:47:29.450326+09:00
Bike Hub,74000.0,34.0,success,False,2026-08-21T00:49:44.632195+09:00
Bike Identifier,1900.0,28.0,success,False,2026-08-23T13:09:07.907049+09:00
Bike Inbox,,,failed,False,2026-08-21T00:46:10.718962+09:00
Bike Index,9900.0,0.0,success,True,2026-08-21T00:48:09.704229+09:00
Bike Installment,5400.0,11.0,success,False,2026-08-23T16:13:06.452746+09:00
Bike Item,320.0,50.0,success,False,2026-08-21T01:58:12.628800+09:00
Bike Journal,880.0,7.0,success,False,2026-08-21T00:45:10.747399+09:00
Bike Keeper,50.0,70.0,success,False,2026-08-21T00:44:27.350497+09:00
Bike Lab,9900.0,20.0,success,False,2026-08-21T00:51:27.534494+09:00
Bike Label,720.0,49.0,success,False,2026-08-27T22:11:25.706912+09:00
Bike Layout,70.0,3.0,success,False,2026-08-27T22:29:00.404173+09:00
Bike Ledger,,,failed,False,2026-08-21T00:51:10.614458+09:00
Bike Level,2400.0,100.0,success,False,2026-08-21T00:47:36.977895+09:00
Bike Line,9900.0,48.0,success,False,2026-08-21T00:46:35.033553+09:00
Bike Link,5400.0,6.0,success,False,2026-08-23T03:21:04.390216+09:00
Bike List,1300.0,8.0,success,False,2026-08-21T00:48:36.635325+09:00
Bike Loan,18100.0,47.0,success,False,2026-08-21T02:15:19.980644+09:00
Bike Lobby,30.0,0.0,success,False,2026-08-21T00:46:26.587388+09:00
Bike Locator,1600.0,26.0,success,False,2026-08-21T00:45:26.531767+09:00
Bike Locker,8100.0,100.0,success,False,2026-08-21T00:45:39.218297+09:00
Bike Log,320.0,6.0,success,False,2026-08-21T00:46:47.041557+09:00
Bike Loop,4400.0,48.0,success,False,2026-08-21T00:50:33.252784+09:00
Bike Manager,210.0,3.0,success,False,2026-08-21T00:44:32.272154+09:00
Bike Manual,1900.0,19.0,success,False,2026-08-27T22:11:31.963952+09:00
Bike Map,18100.0,4.0,success,False,2026-08-21T00:50:54.055448+09:00
Bike Markup,,,failed,False,2026-08-23T16:38:31.502720+09:00
Bike Memo,70.0,35.0,success,False,2026-08-21T00:49:20.798290+09:00
Bike Message,70.0,0.0,success,False,2026-08-27T23:15:49.054288+09:00
Bike Monitor,720.0,76.0,success,False,2026-08-21T00:44:52.376787+09:00
Bike Nexus,880.0,69.0,success,False,2026-08-21T00:44:18.522946+09:00
Bike Note,170.0,1.0,success,False,2026-08-21T00:47:10.612469+09:00
Bike Notification,30.0,0.0,success,False,2026-08-27T22:49:54.897946+09:00
Bike Number,3600.0,1.0,success,False,2026-08-23T03:20:56.810289+09:00
Bike Office,1900.0,88.0,success,False,2026-08-21T00:45:33.278488+09:00
Bike Ops,110.0,2.0,success,False,2026-08-21T00:45:06.062419+09:00
Bike Order,720.0,77.0,success,False,2026-08-21T00:48:22.062191+09:00
Bike Overage,,,failed,False,2026-08-27T21:47:47.331734+09:00
Bike Overdue,,,failed,False,2026-08-27T21:47:42.128898+09:00
Bike Panel,320.0,6.0,success,False,2026-08-21T00:43:44.047110+09:00
Bike Pass,1000.0,1.0,success,False,2026-08-21T00:49:01.997073+09:00
Bike Passport,210.0,2.0,success,False,2026-08-21T00:46:23.702871+09:00
Bike Path,27100.0,4.0,success,False,2026-08-21T00:50:45.127530+09:00
Bike Payoff,,,failed,False,2026-08-27T21:47:44.451127+09:00
Bike Penalty,140.0,16.0,success,False,2026-08-23T16:38:29.056767+09:00
Bike Petition,,,failed,False,2026-08-21T01:00:04.597458+09:00
Bike Plan,1300.0,29.0,success,False,2026-08-21T01:58:22.092915+09:00
Bike Planner,1300.0,29.0,success,False,2026-08-21T00:44:45.180563+09:00
Bike Playbook,,,failed,False,2026-08-21T00:45:08.644829+09:00
Bike Point,60500.0,83.0,success,False,2026-08-21T00:50:48.093288+09:00
Bike Portal,590.0,12.0,success,False,2026-08-21T00:43:34.117910+09:00
Bike Preview,10.0,14.0,success,False,2026-08-28T01:03:06.788782+09:00
Bike Profile,390.0,8.0,success,False,2026-08-21T00:47:16.635421+09:00
Bike Profit,40.0,43.0,success,False,2026-08-23T02:55:17.140000+09:00
Bike Quota,,,failed,False,2026-08-21T00:49:27.660795+09:00
Bike Radar,40500.0,34.0,success,False,2026-08-21T00:49:52.271441+09:00
Bike Rail,1600.0,63.0,success,False,2026-08-21T00:43:57.229807+09:00
Bike Rate,4400.0,22.0,success,False,2026-08-21T00:47:41.484784+09:00
Bike Recap,10.0,0.0,success,False,2026-08-21T01:00:18.302882+09:00
Bike Receipt,210.0,2.0,success,False,2026-08-21T00:48:30.052376+09:00
Bike Recorder,30.0,87.0,success,False,2026-08-27T23:36:57.640483+09:00
Bike Redemption,,,failed,False,2026-08-23T16:38:33.746405+09:00
Bike Register,22200.0,1.0,success,False,2026-08-21T00:45:01.205149+09:00
Bike Registry,22200.0,1.0,success,False,2026-08-21T00:45:16.204972+09:00
Bike Relay,720.0,9.0,success,False,2026-08-21T00:49:54.532841+09:00
Bike Reminder,,,failed,False,2026-08-21T00:48:04.911148+09:00
Bike Report,90.0,4.0,success,False,2026-08-21T00:46:42.116087+09:00
Bike Ring,1900.0,44.0,success,False,2026-08-21T00:44:13.071089+09:00
Bike Roll,720.0,14.0,success,False,2026-08-21T00:46:39.668460+09:00
Bike Roster,10.0,0.0,success,False,2026-08-21T00:46:06.764298+09:00
Bike Route,8100.0,7.0,success,False,2026-08-21T00:43:54.085720+09:00
Bike Rule,1300.0,1.0,success,False,2026-08-23T03:21:07.842946+09:00
Bike Sale,60500.0,72.0,success,False,2026-08-21T02:22:40.576459+09:00
Bike Sample,30.0,18.0,success,False,2026-08-21T00:48:54.666046+09:00
Bike Scale,1900.0,48.0,success,False,2026-08-21T00:43:49.917491+09:00
Bike Scheduler,,,failed,False,2026-08-21T00:44:48.876991+09:00
Bike Scope,70.0,26.0,success,False,2026-08-21T00:50:26.220127+09:00
Bike Score,1300.0,0.0,success,True,2026-08-21T00:47:07.675748+09:00
Bike Sheet,260.0,46.0,success,False,2026-08-21T00:46:56.943275+09:00
Bike Shortfall,,,failed,False,2026-08-27T21:47:50.200871+09:00
Bike Signal,2400.0,7.0,success,False,2026-08-21T00:50:21.320378+09:00
Bike Slip,720.0,7.0,success,False,2026-08-21T00:48:48.333943+09:00
Bike Slot,70.0,81.0,success,False,2026-08-21T00:48:57.806090+09:00
Bike Stake,10.0,1.0,success,False,2026-08-23T02:55:24.224280+09:00
Bike Statement,50.0,2.0,success,False,2026-08-21T00:49:18.470865+09:00
Bike Station,18100.0,18.0,success,False,2026-08-21T00:51:31.068549+09:00
Bike Status,1900.0,48.0,success,False,2026-08-21T00:47:23.165444+09:00
Bike Stipend,,,failed,False,2026-08-23T13:45:39.021067+09:00
Bike Stub,20.0,0.0,success,False,2026-08-21T00:49:15.446712+09:00
Bike Studio,5400.0,4.0,success,False,2026-08-21T00:51:22.640360+09:00
Bike Subsidy,1000.0,0.0,success,True,2026-08-23T15:50:57.538266+09:00
Bike Sum,,,failed,False,2026-08-21T02:22:21.674947+09:00
Bike Summary,,,failed,False,2026-08-21T00:47:57.951273+09:00
Bike Surtax,,,failed,False,2026-08-23T15:51:03.649898+09:00
Bike Tab,140.0,2.0,success,False,2026-08-21T00:49:29.914475+09:00
Bike Table,1300.0,100.0,success,False,2026-08-21T00:48:44.199856+09:00
Bike Tag,1600.0,67.0,success,False,2026-08-21T00:47:13.306684+09:00
Bike Tariff,90.0,2.0,success,False,2026-08-21T02:39:59.313025+09:00
Bike Tax,3600.0,1.0,success,False,2026-08-21T02:15:15.095648+09:00
Bike Terminal,320.0,19.0,success,False,2026-08-21T00:51:33.449317+09:00
Bike Ticker,10.0,34.0,success,False,2026-08-21T00:46:29.176332+09:00
Bike Ticket,320.0,1.0,success,False,2026-08-21T00:48:12.190063+09:00
Bike Timeline,720.0,1.0,success,False,2026-08-21T00:48:00.969173+09:00
Bike Token,90.0,4.0,success,False,2026-08-23T13:28:17.743262+09:00
Bike Toll,260.0,1.0,success,False,2026-08-21T02:39:49.190275+09:00
Bike Toolbox,480.0,100.0,success,False,2026-08-28T00:21:32.683664+09:00
Bike Total,1300.0,25.0,success,False,2026-08-27T23:15:53.344715+09:00
Bike Tracker,27100.0,93.0,success,False,2026-08-21T00:49:35.190382+09:00
Bike Trail,165000.0,6.0,success,False,2026-08-21T00:44:03.384423+09:00
Bike Trial,4400.0,32.0,success,False,2026-08-27T21:16:38.075410+09:00
Bike Unit,140.0,35.0,success,False,2026-08-21T02:05:44.847740+09:00
Bike Update,4400.0,1.0,success,False,2026-08-21T00:47:46.608049+09:00
Bike Value,9900.0,20.0,success,False,2026-08-23T02:55:21.397263+09:00
Bike Vault,1000.0,29.0,success,False,2026-08-21T00:49:59.942955+09:00
Bike Version,40.0,1.0,success,False,2026-08-23T03:21:00.660532+09:00
Bike View,320.0,3.0,success,False,2026-08-21T00:47:26.672100+09:00
Bike Voucher,480.0,16.0,success,False,2026-08-21T00:49:07.202034+09:00
Bike Watch,2400.0,100.0,success,False,2026-08-21T00:50:24.003386+09:00
Bike Wave,2400.0,19.0,success,False,2026-08-21T00:50:38.979933+09:00
Bike Widget,20.0,0.0,success,False,2026-08-27T23:15:55.855078+09:00
Bike Window,70.0,0.0,success,False,2026-08-21T00:46:37.254114+09:00
Bike Worksheet,880.0,0.0,success,False,2026-08-27T22:11:31.963952+09:00
Bike Workshop,12100.0,3.0,success,False,2026-08-28T00:21:27.462723+09:00
Bike Zone,40500.0,29.0,success,False,2026-08-21T00:51:42.581125+09:00
Bilingual Advance,,,failed,False,2026-08-23T16:16:35.923082+09:00
Bilingual Advisory,,,failed,False,2026-08-21T01:06:13.819084+09:00
Bilingual Alert,,,failed,False,2026-08-19T21:15:29.461766+09:00
Bilingual Allowance,,,failed,False,2026-08-21T02:38:16.396053+09:00
Bilingual Analyzer,,,failed,False,2026-08-27T23:53:48.068906+09:00
Bilingual Arrears,,,failed,False,2026-08-23T16:16:35.923082+09:00
Bilingual Asset,,,failed,False,2026-08-23T13:47:46.605419+09:00
Bilingual Assistant,140.0,7.0,success,False,2026-08-19T21:10:05.581791+09:00
Bilingual Atlas,,,failed,False,2026-08-19T21:09:13.421479+09:00
Bilingual Attribute,,,failed,False,2026-08-23T13:07:14.038929+09:00
Bilingual Badge,,,failed,False,2026-08-21T00:31:05.602481+09:00
Bilingual Base,,,failed,False,2026-08-19T21:05:12.493876+09:00
Bilingual Beacon,,,failed,False,2026-08-19T21:31:40.381854+09:00
Bilingual Bin,,,failed,False,2026-08-19T21:15:49.735937+09:00
Bilingual Board,,,failed,False,2026-08-19T21:05:49.435162+09:00
Bilingual Book,720.0,32.0,success,False,2026-08-19T21:47:26.468483+09:00
Bilingual Booth,,,failed,False,2026-08-19T21:13:15.643031+09:00
Bilingual Bridge,210.0,1.0,success,False,2026-08-19T21:32:03.032645+09:00
Bilingual Brief,,,failed,False,2026-08-21T01:06:05.335895+09:00
Bilingual Bulletin,,,failed,False,2026-08-21T01:06:02.674001+09:00
Bilingual Calendar,140.0,93.0,success,False,2026-08-19T21:11:55.349483+09:00
Bilingual Card,,,failed,False,2026-08-19T21:17:42.432873+09:00
Bilingual Cascade,,,failed,False,2026-08-19T21:31:56.342454+09:00
Bilingual Cash,,,failed,False,2026-08-21T02:21:11.057858+09:00
Bilingual Cashback,,,failed,False,2026-08-27T21:19:46.309866+09:00
Bilingual Category,,,failed,False,2026-08-23T13:07:10.531607+09:00
Bilingual Center,90.0,0.0,success,False,2026-08-19T21:06:52.977513+09:00
Bilingual Chain,,,failed,False,2026-08-19T21:08:25.447867+09:00
Bilingual Charge,,,failed,False,2026-08-21T02:38:06.910707+09:00
Bilingual Chart,,,failed,False,2026-08-19T21:15:40.357740+09:00
Bilingual Check,,,failed,False,2026-08-19T21:17:59.528469+09:00
Bilingual Checker,,,failed,False,2026-08-27T23:53:36.797572+09:00
Bilingual Circular,,,failed,False,2026-08-21T01:06:10.948985+09:00
Bilingual Companion,,,failed,False,2026-08-19T21:10:50.221080+09:00
Bilingual Compass,,,failed,False,2026-08-19T21:31:29.606643+09:00
Bilingual Confirmation,,,failed,False,2026-08-21T01:06:21.603341+09:00
Bilingual Console,,,failed,False,2026-08-19T21:07:25.102552+09:00
Bilingual Core,,,failed,False,2026-08-19T21:05:24.897505+09:00
Bilingual Cost,,,failed,False,2026-08-21T02:14:24.666160+09:00
Bilingual Counter,,,failed,False,2026-08-19T21:12:48.974552+09:00
Bilingual Coupon,,,failed,False,2026-08-27T21:19:43.592379+09:00
Bilingual Deal,,,failed,False,2026-08-21T01:58:27.155216+09:00
Bilingual Debt,,,failed,False,2026-08-21T02:21:02.332570+09:00
Bilingual Deck,,,failed,False,2026-08-19T21:06:02.010882+09:00
Bilingual Desk,,,failed,False,2026-08-19T21:31:01.684338+09:00
Bilingual Detail,,,failed,False,2026-08-23T03:18:36.305827+09:00
Bilingual Detector,,,failed,False,2026-08-27T23:53:42.609151+09:00
Bilingual Directory,10.0,,success,False,2026-08-19T21:12:05.902513+09:00
Bilingual Discount,,,failed,False,2026-08-23T16:16:31.573856+09:00
Bilingual Dossier,,,failed,False,2026-08-21T01:06:25.514755+09:00
Bilingual Downpayment,,,failed,False,2026-08-27T21:50:51.730845+09:00
Bilingual Draft,,,failed,False,2026-08-19T21:29:44.160374+09:00
Bilingual Duty,,,failed,False,2026-08-21T02:38:09.773029+09:00
Bilingual Engine,,,failed,False,2026-08-19T21:09:50.193216+09:00
Bilingual Entry,,,failed,False,2026-08-21T01:06:44.007854+09:00
Bilingual Estimate,,,failed,False,2026-08-19T21:30:28.519556+09:00
Bilingual Excerpt,,,failed,False,2026-08-21T01:06:36.051415+09:00
Bilingual Fare,,,failed,False,2026-08-21T02:14:32.398981+09:00
Bilingual Fee,,,failed,False,2026-08-21T01:58:05.254245+09:00
Bilingual Feed,,,failed,False,2026-08-19T21:29:38.081788+09:00
Bilingual File,10.0,0.0,success,False,2026-08-19T21:19:30.531478+09:00
Bilingual Finder,,,failed,False,2026-08-19T21:12:30.069108+09:00
Bilingual Fine,,,failed,False,2026-08-23T02:54:08.933520+09:00
Bilingual Flag,90.0,3.0,success,False,2026-08-21T00:31:49.661501+09:00
Bilingual Flow,10.0,0.0,success,False,2026-08-19T21:30:42.715680+09:00
Bilingual Forge,,,failed,False,2026-08-19T21:31:47.611554+09:00
Bilingual Form,70.0,0.0,success,False,2026-08-19T21:17:33.160544+09:00
Bilingual Frame,,,failed,False,2026-08-19T21:04:59.839669+09:00
Bilingual Fund,,,failed,False,2026-08-21T02:21:06.391588+09:00
Bilingual Gate,40.0,27.0,success,False,2026-08-19T21:08:48.624997+09:00
Bilingual Giveaway,,,failed,False,2026-08-27T21:19:54.141367+09:00
Bilingual Grade,,,failed,False,2026-08-21T00:31:30.142352+09:00
Bilingual Grid,,,failed,False,2026-08-19T21:03:55.204280+09:00
Bilingual Helper,,,failed,False,2026-08-28T00:23:53.902588+09:00
Bilingual History,40.0,5.0,success,False,2026-08-19T21:19:19.264899+09:00
Bilingual Hub,,,failed,False,2026-08-19T21:30:51.810974+09:00
Bilingual Identifier,,,failed,False,2026-08-23T13:07:07.950459+09:00
Bilingual Inbox,,,failed,False,2026-08-19T21:15:19.107238+09:00
Bilingual Incentive,,,failed,False,2026-08-27T21:19:50.770385+09:00
Bilingual Index,,,failed,False,2026-08-19T21:30:14.177717+09:00
Bilingual Installment,,,failed,False,2026-08-23T16:16:31.573856+09:00
Bilingual Item,,,failed,False,2026-08-21T01:58:12.628800+09:00
Bilingual Journal,170.0,1.0,success,False,2026-08-19T21:11:31.992305+09:00
Bilingual Keeper,,,failed,False,2026-08-19T21:09:25.998389+09:00
Bilingual Kiosk,,,failed,False,2026-08-19T21:13:25.403661+09:00
Bilingual Lab,,,failed,False,2026-08-19T21:06:25.471396+09:00
Bilingual Ledger,,,failed,False,2026-08-19T21:05:35.157530+09:00
Bilingual Level,140.0,1.0,success,False,2026-08-19T21:19:44.972350+09:00
Bilingual Levy,,,failed,False,2026-08-23T13:47:46.605419+09:00
Bilingual Line,,,failed,False,2026-08-19T21:16:33.965835+09:00
Bilingual Link,10.0,2.0,success,False,2026-08-23T03:18:25.372913+09:00
Bilingual List,,,failed,False,2026-08-19T21:46:58.234898+09:00
Bilingual Loan,,,failed,False,2026-08-21T02:14:40.877635+09:00
Bilingual Lobby,,,failed,False,2026-08-19T21:16:11.566322+09:00
Bilingual Locator,,,failed,False,2026-08-19T21:12:17.710681+09:00
Bilingual Log,,,failed,False,2026-08-19T21:17:23.744501+09:00
Bilingual Loop,,,failed,False,2026-08-19T21:03:41.880915+09:00
Bilingual Manager,20.0,2.0,success,False,2026-08-19T21:09:36.551386+09:00
Bilingual Map,30.0,15.0,success,False,2026-08-19T21:04:47.167430+09:00
Bilingual Margin,,,failed,False,2026-08-23T02:54:06.073801+09:00
Bilingual Markup,,,failed,False,2026-08-23T16:40:11.516867+09:00
Bilingual Memo,,,failed,False,2026-08-21T00:31:36.211701+09:00
Bilingual Monitor,,,failed,False,2026-08-19T21:10:38.305423+09:00
Bilingual Nexus,,,failed,False,2026-08-19T21:08:58.951614+09:00
Bilingual Note,,,failed,False,2026-08-19T21:18:19.882315+09:00
Bilingual Number,,,failed,False,2026-08-23T03:18:18.334398+09:00
Bilingual Office,20.0,0.0,success,False,2026-08-19T21:12:39.256118+09:00
Bilingual Ops,,,failed,False,2026-08-19T21:11:11.315009+09:00
Bilingual Overage,,,failed,False,2026-08-27T21:50:49.400709+09:00
Bilingual Overdue,,,failed,False,2026-08-27T21:50:44.551751+09:00
Bilingual Panel,,,failed,False,2026-08-19T21:07:36.739108+09:00
Bilingual Pass,,,failed,False,2026-08-21T00:30:53.488074+09:00
Bilingual Passport,,,failed,False,2026-08-19T21:16:00.282567+09:00
Bilingual Path,,,failed,False,2026-08-19T21:04:19.743151+09:00
Bilingual Payoff,,,failed,False,2026-08-27T21:50:46.767806+09:00
Bilingual Petition,,,failed,False,2026-08-21T01:06:17.673460+09:00
Bilingual Plan,,,failed,False,2026-08-21T01:58:19.228464+09:00
Bilingual Planner,10.0,89.0,success,False,2026-08-19T21:10:16.662476+09:00
Bilingual Playbook,,,failed,False,2026-08-19T21:11:21.991848+09:00
Bilingual Point,,,failed,False,2026-08-19T21:04:33.210036+09:00
Bilingual Portal,20.0,15.0,success,False,2026-08-19T21:07:16.203533+09:00
Bilingual Profile,,,failed,False,2026-08-19T21:18:40.810817+09:00
Bilingual Profit,,,failed,False,2026-08-23T02:53:56.783780+09:00
Bilingual Quota,,,failed,False,2026-08-21T00:31:43.518986+09:00
Bilingual Radar,,,failed,False,2026-08-19T21:31:07.393138+09:00
Bilingual Rail,,,failed,False,2026-08-19T21:08:05.171033+09:00
Bilingual Rate,,,failed,False,2026-08-19T21:19:54.949155+09:00
Bilingual Recap,,,failed,False,2026-08-21T01:06:31.516088+09:00
Bilingual Register,,,failed,False,2026-08-19T21:11:00.361566+09:00
Bilingual Registry,,,failed,False,2026-08-19T21:11:44.619551+09:00
Bilingual Relay,,,failed,False,2026-08-19T21:31:14.747264+09:00
Bilingual Reminder,,,failed,False,2026-08-19T21:30:07.251599+09:00
Bilingual Report,20.0,0.0,success,False,2026-08-19T21:17:13.210771+09:00
Bilingual Ring,,,failed,False,2026-08-19T21:08:37.744349+09:00
Bilingual Roll,,,failed,False,2026-08-19T21:16:59.496910+09:00
Bilingual Roster,,,failed,False,2026-08-19T21:15:06.542256+09:00
Bilingual Route,,,failed,False,2026-08-19T21:07:55.214041+09:00
Bilingual Rule,,,failed,False,2026-08-23T03:18:29.464352+09:00
Bilingual Sale,,,failed,False,2026-08-21T02:21:16.859864+09:00
Bilingual Sample,,,failed,False,2026-08-19T21:47:52.868004+09:00
Bilingual Scale,,,failed,False,2026-08-19T21:07:47.829296+09:00
Bilingual Scanner,,,failed,False,2026-08-27T23:53:39.725939+09:00
Bilingual Scheduler,,,failed,False,2026-08-19T21:10:27.505284+09:00
Bilingual Scope,,,failed,False,2026-08-19T21:03:27.831086+09:00
Bilingual Score,,,failed,False,2026-08-19T21:18:08.963564+09:00
Bilingual Sheet,,,failed,False,2026-08-19T21:17:51.663250+09:00
Bilingual Shelf,,,failed,False,2026-08-19T21:14:51.947092+09:00
Bilingual Shortfall,,,failed,False,2026-08-27T21:50:51.730845+09:00
Bilingual Signal,,,failed,False,2026-08-19T21:32:10.645735+09:00
Bilingual Slip,,,failed,False,2026-08-19T21:47:40.553023+09:00
Bilingual Slot,,,failed,False,2026-08-19T21:48:07.459723+09:00
Bilingual Stake,,,failed,False,2026-08-23T02:54:03.941195+09:00
Bilingual Statement,260.0,0.0,success,False,2026-08-21T00:31:17.519824+09:00
Bilingual Station,,,failed,False,2026-08-19T21:06:35.637376+09:00
Bilingual Status,,,failed,False,2026-08-19T21:18:56.938365+09:00
Bilingual Stipend,50.0,0.0,success,False,2026-08-23T13:47:49.087746+09:00
Bilingual Studio,,,failed,False,2026-08-19T21:06:13.197757+09:00
Bilingual Subsidy,,,failed,False,2026-08-23T15:52:37.821939+09:00
Bilingual Sum,,,failed,False,2026-08-21T02:20:57.219379+09:00
Bilingual Summary,,,failed,False,2026-08-19T21:29:53.324584+09:00
Bilingual Table,30.0,0.0,success,False,2026-08-19T21:47:13.005766+09:00
Bilingual Tag,,,failed,False,2026-08-19T21:18:30.637363+09:00
Bilingual Tally,,,failed,False,2026-08-21T00:31:22.902026+09:00
Bilingual Tariff,,,failed,False,2026-08-21T02:38:19.881796+09:00
Bilingual Tax,,,failed,False,2026-08-21T02:14:36.179977+09:00
Bilingual Terminal,,,failed,False,2026-08-19T21:06:42.695560+09:00
Bilingual Ticker,,,failed,False,2026-08-19T21:16:23.704707+09:00
Bilingual Ticket,,,failed,False,2026-08-19T21:30:22.896569+09:00
Bilingual Tier,,,failed,False,2026-08-28T00:47:13.320687+09:00
Bilingual Timeline,10.0,0.0,success,False,2026-08-19T21:29:59.646453+09:00
Bilingual Toll,,,failed,False,2026-08-21T02:38:13.377279+09:00
Bilingual Toolbox,,,failed,False,2026-08-28T00:23:49.555058+09:00
Bilingual Tracker,,,failed,False,2026-08-19T21:30:36.862882+09:00
Bilingual Trail,,,failed,False,2026-08-19T21:08:15.358718+09:00
Bilingual Trial,,,failed,False,2026-08-27T21:19:46.309866+09:00
Bilingual Unit,,,failed,False,2026-08-21T02:05:44.847740+09:00
Bilingual Update,,,failed,False,2026-08-19T21:20:07.240027+09:00
Bilingual Value,,,failed,False,2026-08-23T02:53:58.718739+09:00
Bilingual Vault,,,failed,False,2026-08-19T21:31:23.417988+09:00
Bilingual Version,110.0,0.0,success,False,2026-08-23T03:18:21.895981+09:00
Bilingual View,,,failed,False,2026-08-19T21:19:08.211207+09:00
Bilingual Voucher,,,failed,False,2026-08-21T00:30:57.917323+09:00
Bilingual Watch,,,failed,False,2026-08-19T21:32:17.835679+09:00
Bilingual Window,,,failed,False,2026-08-19T21:16:46.731573+09:00
Bilingual Workshop,,,failed,False,2026-08-28T00:23:47.118724+09:00
Bilingual Zone,,,failed,False,2026-08-19T21:07:04.594270+09:00
Billing Advance,,,failed,False,2026-08-23T16:13:52.514202+09:00
Billing Allowance,,,failed,False,2026-08-21T02:41:38.667611+09:00
Billing Almanac,,,failed,False,2026-08-18T22:09:17.362565+09:00
Billing Analyzer,,,failed,False,2026-08-27T23:50:40.068524+09:00
Billing Anchor,,,failed,False,2026-08-17T20:46:16.531586+09:00
Billing Announcement,,,failed,False,2026-08-27T23:35:57.257837+09:00
Billing Arrears,2400.0,1.0,success,False,2026-08-23T16:13:47.418622+09:00
Billing Assistant,880.0,3.0,success,False,2026-08-17T23:06:29.811396+09:00
Billing Atlas,,,failed,False,2026-08-17T20:37:08.027448+09:00
Billing Attribute,,,failed,False,2026-08-23T13:05:23.446570+09:00
Billing Badge,,,failed,False,2026-08-21T00:27:19.385133+09:00
Billing Balance,390.0,2.0,success,False,2026-08-23T13:46:21.678760+09:00
Billing Base,,,failed,False,2026-08-17T20:33:48.971139+09:00
Billing Beacon,,,failed,False,2026-08-17T21:32:15.070878+09:00
Billing Blueprint,,,failed,False,2026-08-18T22:09:09.487365+09:00
Billing Board,320.0,1.0,success,False,2026-08-18T07:52:37.222006+09:00
Billing Book,60500.0,40.0,success,False,2026-08-19T21:47:38.670449+09:00
Billing Bridge,320.0,2.0,success,False,2026-08-17T20:47:28.313560+09:00
Billing Brief,20.0,0.0,success,False,2026-08-21T01:01:05.241118+09:00
Billing Bulletin,,,failed,False,2026-08-21T01:01:01.220689+09:00
Billing Cabinet,70.0,66.0,success,False,2026-08-27T23:15:00.482378+09:00
Billing Calculator,1000.0,47.0,success,False,2026-08-27T23:35:57.257837+09:00
Billing Calendar,1900.0,100.0,success,False,2026-08-18T23:58:35.248777+09:00
Billing Card,1300.0,18.0,success,False,2026-08-19T13:23:22.980764+09:00
Billing Cascade,,,failed,False,2026-08-17T20:49:39.030080+09:00
Billing Cash,,,failed,False,2026-08-21T02:26:02.985234+09:00
Billing Cashback,,,failed,False,2026-08-27T21:16:33.171675+09:00
Billing Catalog,,,failed,False,2026-08-19T21:03:21.176777+09:00
Billing Category,260.0,11.0,success,False,2026-08-23T13:05:20.503897+09:00
Billing Center,1300.0,1.0,success,False,2026-08-18T07:43:28.535953+09:00
Billing Chain,,,failed,False,2026-08-17T20:41:24.809383+09:00
Billing Charge,390.0,1.0,success,False,2026-08-21T02:41:24.321159+09:00
Billing Check,368000.0,0.0,success,True,2026-08-19T13:24:07.507599+09:00
Billing Checker,368000.0,0.0,success,True,2026-08-27T23:50:52.077690+09:00
Billing Checklist,260.0,79.0,success,False,2026-08-19T21:04:42.466598+09:00
Billing Cockpit,,,failed,False,2026-08-17T23:04:39.264131+09:00
Billing Code,2900.0,6.0,success,False,2026-08-19T21:46:54.129984+09:00
Billing Codex,20.0,4.0,success,False,2026-08-18T22:09:34.112352+09:00
Billing Companion,,,failed,False,2026-08-17T23:04:19.754704+09:00
Billing Comparison,,,failed,False,2026-08-28T01:01:51.337076+09:00
Billing Compass,,,failed,False,2026-08-17T21:33:19.243075+09:00
Billing Compendium,,,failed,False,2026-08-18T22:09:25.652147+09:00
Billing Confirmation,110.0,0.0,success,False,2026-08-21T01:01:20.027256+09:00
Billing Console,170.0,6.0,success,False,2026-08-17T21:31:39.058447+09:00
Billing Contribution,,,failed,False,2026-08-23T16:13:45.288195+09:00
Billing Converter,,,failed,False,2026-08-27T23:31:14.136748+09:00
Billing Core,,,failed,False,2026-08-17T20:32:46.505342+09:00
Billing Cost,22200.0,85.0,success,False,2026-08-21T02:10:13.973101+09:00
Billing Count,,,failed,False,2026-08-27T22:49:17.563475+09:00
Billing Counter,1900.0,27.0,success,False,2026-08-18T23:57:13.406878+09:00
Billing Coupon,,,failed,False,2026-08-27T21:16:28.518091+09:00
Billing Dashboard,590.0,9.0,success,False,2026-08-17T23:06:09.735984+09:00
Billing Deal,,,failed,False,2026-08-21T01:54:24.486907+09:00
Billing Debt,,,failed,False,2026-08-21T02:25:53.601509+09:00
Billing Deck,,,failed,False,2026-08-17T20:35:44.075031+09:00
Billing Depot,20.0,1.0,success,False,2026-08-18T23:59:08.925896+09:00
Billing Desk,27100.0,0.0,success,True,2026-08-17T20:33:21.754611+09:00
Billing Detail,4400.0,0.0,success,True,2026-08-23T03:14:55.080924+09:00
Billing Detector,,,failed,False,2026-08-27T23:50:40.068524+09:00
Billing Diagram,10.0,0.0,success,False,2026-08-27T22:11:25.706912+09:00
Billing Dial,,,failed,False,2026-08-17T20:48:13.207047+09:00
Billing Digest,,,failed,False,2026-08-19T20:37:14.893241+09:00
Billing Directory,,,failed,False,2026-08-18T23:58:42.867449+09:00
Billing Discount,3600.0,4.0,success,False,2026-08-23T16:13:39.752452+09:00
Billing Dock,,,failed,False,2026-08-17T20:44:01.266186+09:00
Billing Dossier,,,failed,False,2026-08-21T01:01:22.274781+09:00
Billing Downpayment,,,failed,False,2026-08-27T21:47:42.128898+09:00
Billing Draft,,,failed,False,2026-08-19T20:37:37.988161+09:00
Billing Due,880.0,2.0,success,False,2026-08-23T15:51:22.397294+09:00
Billing Duty,,,failed,False,2026-08-21T02:41:32.223715+09:00
Billing Engine,260.0,12.0,success,False,2026-08-17T23:04:46.904606+09:00
Billing Entry,590.0,2.0,success,False,2026-08-21T01:01:32.949178+09:00
Billing Estimate,320.0,14.0,success,False,2026-08-19T21:03:18.431019+09:00
Billing Estimator,,,failed,False,2026-08-27T23:50:46.062882+09:00
Billing Extension,170.0,2.0,success,False,2026-08-23T16:38:47.783567+09:00
Billing Fare,,,failed,False,2026-08-21T02:10:21.556989+09:00
Billing Fee,110.0,4.0,success,False,2026-08-21T01:54:04.879612+09:00
Billing Feed,,,failed,False,2026-08-19T20:37:28.019595+09:00
Billing File,880.0,78.0,success,False,2026-08-19T20:43:48.362624+09:00
Billing Finder,,,failed,False,2026-08-18T23:58:59.776089+09:00
Billing Fine,,,failed,False,2026-08-23T02:56:00.191983+09:00
Billing Flag,,,failed,False,2026-08-21T00:28:13.699286+09:00
Billing Flow,70.0,12.0,success,False,2026-08-18T07:51:58.234946+09:00
Billing Forge,390.0,0.0,success,False,2026-08-17T21:31:02.177338+09:00
Billing Form,22200.0,18.0,success,False,2026-08-19T13:23:14.484254+09:00
Billing Format,22200.0,18.0,success,False,2026-08-23T13:05:30.348326+09:00
Billing Frame,,,failed,False,2026-08-17T20:34:42.726088+09:00
Billing Fund,,,failed,False,2026-08-21T02:25:53.601509+09:00
Billing Gate,9900.0,2.0,success,False,2026-08-17T20:38:58.199942+09:00
Billing Generator,12100.0,43.0,success,False,2026-08-27T23:31:14.136748+09:00
Billing Giveaway,,,failed,False,2026-08-27T21:16:45.829850+09:00
Billing Grade,,,failed,False,2026-08-21T00:27:48.036654+09:00
Billing Graph,10.0,9.0,success,False,2026-08-27T22:11:11.911250+09:00
Billing Grid,50.0,0.0,success,False,2026-08-17T20:41:53.253624+09:00
Billing Guarantee,,,failed,False,2026-08-28T01:01:32.188675+09:00
Billing Guard,20.0,0.0,success,False,2026-08-17T20:33:21.754611+09:00
Billing Guardian,,,failed,False,2026-08-28T00:20:59.096636+09:00
Billing Guidebook,,,failed,False,2026-08-18T22:08:52.301038+09:00
Billing Helpdesk,,,failed,False,2026-08-27T22:49:26.070118+09:00
Billing Helper,10.0,20.0,success,False,2026-08-28T00:21:02.971988+09:00
Billing History,8100.0,0.0,success,True,2026-08-19T20:43:39.981777+09:00
Billing Hotline,40.0,0.0,success,False,2026-08-19T21:03:36.529171+09:00
Billing Hub,1600.0,2.0,success,False,2026-08-17T20:35:09.040915+09:00
Billing Identifier,4400.0,15.0,success,False,2026-08-23T13:05:17.487653+09:00
Billing Incentive,,,failed,False,2026-08-27T21:16:38.075410+09:00
Billing Index,40.0,0.0,success,False,2026-08-19T21:04:56.454622+09:00
Billing Insight,,,failed,False,2026-08-17T23:10:18.497736+09:00
Billing Installment,,,failed,False,2026-08-23T16:13:42.146359+09:00
Billing Item,140.0,15.0,success,False,2026-08-21T01:54:08.146374+09:00
Billing Journal,210.0,32.0,success,False,2026-08-18T22:08:36.440640+09:00
Billing Keeper,,,failed,False,2026-08-17T20:35:09.040915+09:00
Billing Lab,590.0,8.0,success,False,2026-08-17T20:33:51.962760+09:00
Billing Label,260.0,5.0,success,False,2026-08-27T22:11:14.702550+09:00
Billing Ledger,390.0,70.0,success,False,2026-08-17T20:31:35.680631+09:00
Billing Lens,,,failed,False,2026-08-17T20:35:40.356029+09:00
Billing Level,70.0,1.0,success,False,2026-08-19T20:43:53.666341+09:00
Billing Levy,,,failed,False,2026-08-23T13:46:24.718234+09:00
Billing Link,260.0,5.0,success,False,2026-08-23T03:14:46.268297+09:00
Billing List,1300.0,6.0,success,False,2026-08-19T21:47:05.219311+09:00
Billing Loan,,,failed,False,2026-08-21T02:10:31.589901+09:00
Billing Locator,,,failed,False,2026-08-18T23:58:52.034754+09:00
Billing Lock,320.0,6.0,success,False,2026-08-17T20:37:34.472176+09:00
Billing Log,320.0,34.0,success,False,2026-08-19T13:23:03.025983+09:00
Billing Loop,,,failed,False,2026-08-17T20:42:40.071307+09:00
Billing Manager,2400.0,10.0,success,False,2026-08-17T20:34:18.335664+09:00
Billing Manual,50.0,1.0,success,False,2026-08-27T22:11:22.688416+09:00
Billing Map,260.0,1.0,success,False,2026-08-17T20:36:39.507807+09:00
Billing Margin,20.0,1.0,success,False,2026-08-23T02:55:57.484668+09:00
Billing Marker,,,failed,False,2026-08-23T13:27:02.624073+09:00
Billing Markup,,,failed,False,2026-08-23T16:38:44.785975+09:00
Billing Memo,320.0,63.0,success,False,2026-08-21T00:27:55.902205+09:00
Billing Message,90.0,0.0,success,False,2026-08-27T23:14:55.579423+09:00
Billing Meter,390.0,4.0,success,False,2026-08-17T20:46:53.844827+09:00
Billing Metrics,30.0,4.0,success,False,2026-08-17T23:04:39.264131+09:00
Billing Monitor,320.0,54.0,success,False,2026-08-17T23:04:17.256447+09:00
Billing Navigator,40.0,3.0,success,False,2026-08-17T23:11:53.398319+09:00
Billing Nexus,,,failed,False,2026-08-17T20:38:04.703276+09:00
Billing Node,,,failed,False,2026-08-17T20:39:52.233588+09:00
Billing Note,880.0,5.0,success,False,2026-08-19T13:24:25.669672+09:00
Billing Notification,110.0,0.0,success,False,2026-08-27T22:49:15.165017+09:00
Billing Number,5400.0,0.0,success,True,2026-08-23T03:14:39.191196+09:00
Billing Office,720.0,0.0,success,False,2026-08-18T23:52:29.838132+09:00
Billing Ops,140.0,10.0,success,False,2026-08-17T23:07:56.377169+09:00
Billing Order,320.0,13.0,success,False,2026-08-19T21:46:17.017433+09:00
Billing Organizer,90.0,99.0,success,False,2026-08-17T23:06:37.704524+09:00
Billing Overage,,,failed,False,2026-08-27T21:47:42.128898+09:00
Billing Overdraft,,,failed,False,2026-08-23T15:51:24.556081+09:00
Billing Overdue,,,failed,False,2026-08-27T21:47:37.465636+09:00
Billing Panel,170.0,7.0,success,False,2026-08-17T21:30:30.781560+09:00
Billing Pass,,,failed,False,2026-08-21T00:27:00.975108+09:00
Billing Path,,,failed,False,2026-08-17T20:39:21.363517+09:00
Billing Payoff,,,failed,False,2026-08-27T21:47:39.871299+09:00
Billing Penalty,,,failed,False,2026-08-23T16:38:42.507764+09:00
Billing Petition,,,failed,False,2026-08-21T01:01:15.556861+09:00
Billing Pilot,,,failed,False,2026-08-17T20:34:18.335664+09:00
Billing Plan,1300.0,99.0,success,False,2026-08-21T01:54:16.257744+09:00
Billing Planner,1300.0,99.0,success,False,2026-08-17T23:08:34.451093+09:00
Billing Playbook,,,failed,False,2026-08-18T22:08:28.742242+09:00
Billing Point,3600.0,1.0,success,False,2026-08-17T20:38:31.317013+09:00
Billing Portal,33100.0,0.0,success,True,2026-08-17T21:32:50.995270+09:00
Billing Preview,10.0,2.0,success,False,2026-08-28T01:01:32.188675+09:00
Billing Profile,170.0,2.0,success,False,2026-08-19T13:24:58.997710+09:00
Billing Profit,,,failed,False,2026-08-23T02:55:47.607915+09:00
Billing Proposal,110.0,2.0,success,False,2026-08-28T01:01:32.188675+09:00
Billing Pulse,,,failed,False,2026-08-17T20:41:03.029394+09:00
Billing Queue,50.0,0.0,success,False,2026-08-19T21:05:18.754911+09:00
Billing Quota,,,failed,False,2026-08-21T00:28:03.957628+09:00
Billing Radar,,,failed,False,2026-08-17T20:32:10.469810+09:00
Billing Rail,,,failed,False,2026-08-17T20:43:08.098438+09:00
Billing Rate,880.0,1.0,success,False,2026-08-19T20:44:00.282785+09:00
Billing Receipt,8100.0,5.0,success,False,2026-08-19T21:46:42.037661+09:00
Billing Recorder,,,failed,False,2026-08-27T23:31:16.874593+09:00
Billing Register,590.0,4.0,success,False,2026-08-17T23:06:29.811396+09:00
Billing Registry,,,failed,False,2026-08-18T22:09:01.069434+09:00
Billing Relay,,,failed,False,2026-08-18T07:52:20.987077+09:00
Billing Reminder,480.0,9.0,success,False,2026-08-19T21:04:29.917389+09:00
Billing Report,590.0,4.0,success,False,2026-08-19T13:22:13.329978+09:00
Billing Repository,,,failed,False,2026-08-27T23:15:00.482378+09:00
Billing Result,,,failed,False,2026-08-28T00:45:40.942680+09:00
Billing Roadmap,,,failed,False,2026-08-18T22:09:42.242317+09:00
Billing Roster,,,failed,False,2026-08-19T00:36:50.417664+09:00
Billing Route,,,failed,False,2026-08-17T20:44:46.784780+09:00
Billing Rule,390.0,0.0,success,False,2026-08-23T03:14:51.168783+09:00
Billing Sale,1600.0,55.0,success,False,2026-08-21T02:26:02.985234+09:00
Billing Sample,2400.0,19.0,success,False,2026-08-19T21:48:04.651670+09:00
Billing Scale,110.0,71.0,success,False,2026-08-17T20:45:50.172264+09:00
Billing Scheduler,,,failed,False,2026-08-17T23:09:57.644305+09:00
Billing Scope,30.0,7.0,success,False,2026-08-17T20:43:34.295212+09:00
Billing Score,,,failed,False,2026-08-19T13:24:14.979285+09:00
Billing Sentry,,,failed,False,2026-08-17T20:36:11.237181+09:00
Billing Sheet,1300.0,25.0,success,False,2026-08-19T13:23:40.624873+09:00
Billing Shortfall,,,failed,False,2026-08-27T21:47:44.451127+09:00
Billing Signal,,,failed,False,2026-08-17T20:45:26.162726+09:00
Billing Signature,,,failed,False,2026-08-23T13:27:00.453108+09:00
Billing Slip,880.0,5.0,success,False,2026-08-19T21:47:49.967174+09:00
Billing Slot,,,failed,False,2026-08-19T21:48:17.560358+09:00
Billing Snapshot,,,failed,False,2026-08-18T22:08:43.049836+09:00
Billing Stage,,,failed,False,2026-08-28T00:45:35.673593+09:00
Billing Stake,,,failed,False,2026-08-23T02:55:55.232894+09:00
Billing Statement,8100.0,14.0,success,False,2026-08-21T00:27:34.970005+09:00
Billing Station,720.0,1.0,success,False,2026-08-17T20:32:47.475978+09:00
Billing Status,40500.0,0.0,success,True,2026-08-19T20:43:26.923996+09:00
Billing Streak,,,failed,False,2026-08-28T00:45:40.942680+09:00
Billing Stub,,,failed,False,2026-08-21T00:27:27.558535+09:00
Billing Studio,,,failed,False,2026-08-17T20:34:42.726088+09:00
Billing Subsidy,,,failed,False,2026-08-23T15:51:24.556081+09:00
Billing Suite,50.0,22.0,success,False,2026-08-17T23:08:13.716761+09:00
Billing Sum,,,failed,False,2026-08-21T02:25:50.623607+09:00
Billing Summary,1300.0,1.0,success,False,2026-08-19T21:04:04.689181+09:00
Billing Surtax,,,failed,False,2026-08-23T15:51:28.689965+09:00
Billing Sync,,,failed,False,2026-08-18T07:51:58.234946+09:00
Billing Tab,320.0,56.0,success,False,2026-08-21T00:28:20.735517+09:00
Billing Table,880.0,6.0,success,False,2026-08-19T21:47:20.280191+09:00
Billing Tag,110.0,18.0,success,False,2026-08-19T13:24:49.306222+09:00
Billing Tally,170.0,17.0,success,False,2026-08-21T00:27:42.259289+09:00
Billing Tariff,50.0,1.0,success,False,2026-08-21T02:41:38.667611+09:00
Billing Tax,8100.0,0.0,success,True,2026-08-21T02:10:26.523271+09:00
Billing Ticket,30.0,10.0,success,False,2026-08-19T21:05:07.680797+09:00
Billing Tier,50.0,1.0,success,False,2026-08-28T00:45:40.942680+09:00
Billing Timeline,90.0,0.0,success,False,2026-08-19T21:04:15.563221+09:00
Billing Timer,260.0,14.0,success,False,2026-08-28T00:20:56.154840+09:00
Billing Token,,,failed,False,2026-08-23T13:27:00.453108+09:00
Billing Toll,,,failed,False,2026-08-21T02:41:35.267281+09:00
Billing Toolbox,,,failed,False,2026-08-28T00:21:02.971988+09:00
Billing Toolkit,,,failed,False,2026-08-18T22:08:19.564377+09:00
Billing Total,170.0,1.0,success,False,2026-08-27T23:14:55.579423+09:00
Billing Tracker,1900.0,32.0,success,False,2026-08-17T20:32:08.584337+09:00
Billing Trail,,,failed,False,2026-08-17T20:42:12.704128+09:00
Billing Trend,,,failed,False,2026-08-28T01:01:48.581211+09:00
Billing Trial,,,failed,False,2026-08-27T21:16:33.171675+09:00
Billing Unit,1000.0,1.0,success,False,2026-08-21T01:54:12.034921+09:00
Billing Update,1000.0,0.0,success,True,2026-08-19T20:44:05.928260+09:00
Billing Value,590.0,5.0,success,False,2026-08-23T02:55:50.022047+09:00
Billing Vault,,,failed,False,2026-08-18T07:52:20.987077+09:00
Billing Version,10.0,0.0,success,False,2026-08-23T03:14:42.643964+09:00
Billing View,450000.0,0.0,success,True,2026-08-19T20:43:33.378176+09:00
Billing Voucher,1900.0,36.0,success,False,2026-08-21T00:27:09.364121+09:00
Billing Wallet,,,failed,False,2026-08-27T22:49:17.563475+09:00
Billing Watch,,,failed,False,2026-08-17T20:44:23.108645+09:00
Billing Wave,,,failed,False,2026-08-17T20:40:19.019495+09:00
Billing Widget,,,failed,False,2026-08-27T23:14:57.999766+09:00
Billing Workbench,,,failed,False,2026-08-18T22:08:12.988621+09:00
Billing Worksheet,210.0,63.0,success,False,2026-08-27T22:11:25.706912+09:00
Billing Workshop,,,failed,False,2026-08-28T00:20:56.154840+09:00
Billing Zone,70.0,1.0,success,False,2026-08-17T21:33:45.075228+09:00
Binder Advance,,,failed,False,2026-08-23T16:11:16.199786+09:00
Binder Advisory,,,failed,False,2026-08-21T01:09:06.679370+09:00
Binder Allowance,,,failed,False,2026-08-21T02:40:33.895660+09:00
Binder Almanac,,,failed,False,2026-08-18T22:05:19.741515+09:00
Binder Analyzer,,,failed,False,2026-08-27T23:55:30.843972+09:00
Binder Anchor,,,failed,False,2026-08-17T21:32:33.876836+09:00
Binder Arrears,,,failed,False,2026-08-23T16:11:16.199786+09:00
Binder Assistant,,,failed,False,2026-08-17T23:13:22.671425+09:00
Binder Atlas,50.0,12.0,success,False,2026-08-17T20:40:52.069695+09:00
Binder Attribute,,,failed,False,2026-08-23T13:08:30.246419+09:00
Binder Badge,10.0,63.0,success,False,2026-08-21T00:34:44.893530+09:00
Binder Balance,,,failed,False,2026-08-23T13:48:19.972957+09:00
Binder Base,30.0,12.0,success,False,2026-08-17T20:37:55.339961+09:00
Binder Beacon,,,failed,False,2026-08-17T21:36:43.981322+09:00
Binder Bill,,,failed,False,2026-08-19T21:54:13.234763+09:00
Binder Blueprint,,,failed,False,2026-08-18T22:05:10.153828+09:00
Binder Board,1000.0,77.0,success,False,2026-08-17T20:34:58.202084+09:00
Binder Book,5400.0,91.0,success,False,2026-08-19T21:55:03.832007+09:00
Binder Bridge,,,failed,False,2026-08-17T21:33:32.175377+09:00
Binder Brief,,,failed,False,2026-08-21T01:08:57.015500+09:00
Binder Bulletin,20.0,1.0,success,False,2026-08-21T01:08:51.801540+09:00
Binder Cabinet,210.0,100.0,success,False,2026-08-27T23:12:29.033332+09:00
Binder Calendar,170.0,100.0,success,False,2026-08-18T23:59:34.906916+09:00
Binder Card,33100.0,100.0,success,False,2026-08-19T13:30:30.638587+09:00
Binder Cascade,,,failed,False,2026-08-17T21:34:37.066296+09:00
Binder Cash,720.0,100.0,success,False,2026-08-21T02:24:12.217966+09:00
Binder Catalog,50.0,22.0,success,False,2026-08-19T21:07:55.214041+09:00
Binder Category,,,failed,False,2026-08-23T13:08:27.240954+09:00
Binder Center,,,failed,False,2026-08-17T21:40:37.066671+09:00
Binder Chain,8100.0,100.0,success,False,2026-08-17T20:45:15.345040+09:00
Binder Charge,,,failed,False,2026-08-21T02:40:25.117501+09:00
Binder Check,1300.0,100.0,success,False,2026-08-19T13:30:48.441659+09:00
Binder Checker,,,failed,False,2026-08-27T23:55:21.576264+09:00
Binder Checklist,30.0,5.0,success,False,2026-08-19T21:07:04.594270+09:00
Binder Circular,,,failed,False,2026-08-21T01:09:01.082637+09:00
Binder Cockpit,,,failed,False,2026-08-17T23:30:03.516281+09:00
Binder Code,70.0,0.0,success,False,2026-08-19T21:54:37.434657+09:00
Binder Codex,,,failed,False,2026-08-18T22:05:38.221943+09:00
Binder Companion,,,failed,False,2026-08-17T23:11:23.614440+09:00
Binder Comparison,30.0,27.0,success,False,2026-08-28T01:06:21.038746+09:00
Binder Compass,,,failed,False,2026-08-17T21:37:55.576177+09:00
Binder Compendium,,,failed,False,2026-08-18T22:05:27.658262+09:00
Binder Confirmation,,,failed,False,2026-08-21T01:09:15.818493+09:00
Binder Console,,,failed,False,2026-08-17T21:36:17.240271+09:00
Binder Copayment,,,failed,False,2026-08-23T16:37:24.399501+09:00
Binder Core,70.0,71.0,success,False,2026-08-17T20:36:56.303275+09:00
Binder Cost,260.0,30.0,success,False,2026-08-21T02:07:46.443072+09:00
Binder Count,,,failed,False,2026-08-27T22:47:02.636160+09:00
Binder Counter,,,failed,False,2026-08-19T00:00:31.381271+09:00
Binder Dashboard,20.0,92.0,success,False,2026-08-17T23:04:09.987003+09:00
Binder Deal,,,failed,False,2026-08-21T01:50:57.666770+09:00
Binder Debt,,,failed,False,2026-08-21T02:23:59.841123+09:00
Binder Deck,,,failed,False,2026-08-17T20:34:07.278551+09:00
Binder Depot,,,failed,False,2026-08-19T00:00:16.279363+09:00
Binder Desk,,,failed,False,2026-08-18T07:52:40.105947+09:00
Binder Detail,,,failed,False,2026-08-23T03:20:50.654201+09:00
Binder Detector,10.0,,success,False,2026-08-27T23:55:28.059641+09:00
Binder Dial,,,failed,False,2026-08-17T21:34:05.861065+09:00
Binder Digest,,,failed,False,2026-08-19T20:48:28.899410+09:00
Binder Directory,,,failed,False,2026-08-18T23:59:44.805528+09:00
Binder Discount,,,failed,False,2026-08-23T16:11:11.053977+09:00
Binder Dock,,,failed,False,2026-08-17T20:48:31.729678+09:00
Binder Dossier,,,failed,False,2026-08-21T01:09:20.076507+09:00
Binder Draft,,,failed,False,2026-08-19T20:48:40.120494+09:00
Binder Due,,,failed,False,2026-08-23T15:53:05.427640+09:00
Binder Duty,,,failed,False,2026-08-21T02:40:27.519765+09:00
Binder Engine,,,failed,False,2026-08-17T23:28:52.290735+09:00
Binder Entry,,,failed,False,2026-08-21T01:09:32.208799+09:00
Binder Estimate,,,failed,False,2026-08-19T21:07:45.336017+09:00
Binder Estimator,,,failed,False,2026-08-27T23:55:17.807220+09:00
Binder Excerpt,,,failed,False,2026-08-21T01:09:26.967706+09:00
Binder Extension,20.0,15.0,success,False,2026-08-23T16:37:26.596455+09:00
Binder Fare,,,failed,False,2026-08-21T02:07:58.916446+09:00
Binder Fee,70.0,0.0,success,False,2026-08-21T01:50:28.240015+09:00
Binder Feed,,,failed,False,2026-08-19T20:48:35.358478+09:00
Binder Field,,,failed,False,2026-08-23T13:08:34.053815+09:00
Binder File,4400.0,99.0,success,False,2026-08-19T20:48:02.759483+09:00
Binder Finder,50.0,1.0,success,False,2026-08-19T00:00:05.096380+09:00
Binder Fine,,,failed,False,2026-08-23T02:55:41.389421+09:00
Binder Flag,,,failed,False,2026-08-21T00:35:07.163921+09:00
Binder Flow,10.0,0.0,success,False,2026-08-17T20:34:33.124318+09:00
Binder Forge,2900.0,0.0,success,True,2026-08-17T21:35:41.309233+09:00
Binder Form,50.0,15.0,success,False,2026-08-19T13:30:05.934954+09:00
Binder Format,50.0,15.0,success,False,2026-08-23T13:08:36.933873+09:00
Binder Frame,20.0,7.0,success,False,2026-08-17T20:38:41.975413+09:00
Binder Fund,,,failed,False,2026-08-21T02:24:04.256033+09:00
Binder Gate,20.0,0.0,success,False,2026-08-17T20:42:22.378966+09:00
Binder Generator,10.0,0.0,success,False,2026-08-27T23:34:17.021271+09:00
Binder Grid,50.0,28.0,success,False,2026-08-17T20:45:40.214755+09:00
Binder Guarantee,,,failed,False,2026-08-28T01:06:26.504545+09:00
Binder Guard,10.0,61.0,success,False,2026-08-17T20:37:21.758511+09:00
Binder Guardian,,,failed,False,2026-08-28T00:25:05.172390+09:00
Binder Guidebook,,,failed,False,2026-08-18T22:04:49.273954+09:00
Binder Helpdesk,,,failed,False,2026-08-27T22:47:06.029080+09:00
Binder Helper,,,failed,False,2026-08-28T00:25:10.586444+09:00
Binder History,50.0,5.0,success,False,2026-08-19T20:47:55.040652+09:00
Binder Hotline,,,failed,False,2026-08-19T21:08:05.171033+09:00
Binder Hub,20.0,2.0,success,False,2026-08-17T20:33:40.236931+09:00
Binder Identifier,,,failed,False,2026-08-23T13:08:24.927067+09:00
Binder Index,210.0,98.0,success,False,2026-08-19T21:07:16.203533+09:00
Binder Insight,,,failed,False,2026-08-17T23:29:46.030396+09:00
Binder Installment,,,failed,False,2026-08-23T16:11:11.053977+09:00
Binder Item,10.0,84.0,success,False,2026-08-21T01:50:32.476329+09:00
Binder Journal,1600.0,100.0,success,False,2026-08-18T22:04:29.881802+09:00
Binder Keeper,110.0,100.0,success,False,2026-08-17T20:39:13.606540+09:00
Binder Kit,110.0,100.0,success,False,2026-08-27T22:46:59.897454+09:00
Binder Lab,210.0,16.0,success,False,2026-08-17T20:31:58.373055+09:00
Binder Label,880.0,100.0,success,False,2026-08-27T22:08:10.673360+09:00
Binder Ledger,,,failed,False,2026-08-17T20:35:55.625501+09:00
Binder Lens,,,failed,False,2026-08-17T20:39:37.454360+09:00
Binder Link,40.0,7.0,success,False,2026-08-23T03:20:42.703424+09:00
Binder List,30.0,5.0,success,False,2026-08-19T21:54:45.586270+09:00
Binder Loan,,,failed,False,2026-08-21T02:08:07.470140+09:00
Binder Locator,,,failed,False,2026-08-18T23:59:53.624295+09:00
Binder Lock,590.0,100.0,success,False,2026-08-17T20:41:15.125085+09:00
Binder Log,10.0,5.0,success,False,2026-08-19T13:29:56.430090+09:00
Binder Loop,90.0,95.0,success,False,2026-08-17T20:46:31.116711+09:00
Binder Manager,,,failed,False,2026-08-17T20:38:16.946588+09:00
Binder Manual,170.0,100.0,success,False,2026-08-27T22:08:16.098998+09:00
Binder Map,1900.0,75.0,success,False,2026-08-17T20:40:31.600880+09:00
Binder Markup,,,failed,False,2026-08-23T16:37:21.516331+09:00
Binder Memo,,,failed,False,2026-08-21T00:35:01.453915+09:00
Binder Message,,,failed,False,2026-08-27T23:12:19.702811+09:00
Binder Meter,,,failed,False,2026-08-17T21:33:05.832312+09:00
Binder Metrics,,,failed,False,2026-08-17T23:09:50.041087+09:00
Binder Monitor,,,failed,False,2026-08-17T23:14:59.429645+09:00
Binder Navigator,,,failed,False,2026-08-17T23:30:16.319777+09:00
Binder Nexus,,,failed,False,2026-08-17T20:41:42.376478+09:00
Binder Node,,,failed,False,2026-08-17T20:43:22.316757+09:00
Binder Note,720.0,98.0,success,False,2026-08-19T13:31:03.415990+09:00
Binder Notification,,,failed,False,2026-08-27T22:46:56.250105+09:00
Binder Number,40.0,17.0,success,False,2026-08-23T03:20:35.213515+09:00
Binder Office,1000.0,100.0,success,False,2026-08-19T00:00:22.759146+09:00
Binder Ops,,,failed,False,2026-08-17T23:05:59.212452+09:00
Binder Order,40.0,94.0,success,False,2026-08-19T21:54:03.410939+09:00
Binder Organizer,2400.0,100.0,success,False,2026-08-17T23:29:29.429883+09:00
Binder Overdue,,,failed,False,2026-08-27T21:46:15.571619+09:00
Binder Panel,,,failed,False,2026-08-17T21:35:11.471835+09:00
Binder Pass,,,failed,False,2026-08-21T00:34:35.312701+09:00
Binder Path,,,failed,False,2026-08-17T20:42:51.727520+09:00
Binder Penalty,10.0,,success,False,2026-08-23T16:37:18.649152+09:00
Binder Petition,10.0,,success,False,2026-08-21T01:09:08.778546+09:00
Binder Pilot,,,failed,False,2026-08-17T20:32:32.905502+09:00
Binder Plan,20.0,10.0,success,False,2026-08-21T01:50:46.788824+09:00
Binder Planner,3600.0,100.0,success,False,2026-08-17T23:29:09.953642+09:00
Binder Playbook,,,failed,False,2026-08-18T22:04:18.397619+09:00
Binder Point,320.0,48.0,success,False,2026-08-17T20:42:04.175878+09:00
Binder Portal,20.0,0.0,success,False,2026-08-17T21:37:17.917122+09:00
Binder Preview,,,failed,False,2026-08-28T01:06:21.038746+09:00
Binder Profile,10.0,0.0,success,False,2026-08-19T13:31:24.471816+09:00
Binder Profit,,,failed,False,2026-08-23T02:55:28.144750+09:00
Binder Proposal,,,failed,False,2026-08-28T01:06:23.726095+09:00
Binder Pulse,,,failed,False,2026-08-17T20:44:36.649130+09:00
Binder Queue,,,failed,False,2026-08-19T21:07:34.937888+09:00
Binder Radar,,,failed,False,2026-08-18T07:52:51.639177+09:00
Binder Rail,,,failed,False,2026-08-17T20:47:13.736905+09:00
Binder Rate,,,failed,False,2026-08-19T20:48:17.948513+09:00
Binder Recap,,,failed,False,2026-08-21T01:09:25.502385+09:00
Binder Receipt,480.0,79.0,success,False,2026-08-19T21:54:22.632140+09:00
Binder Register,70.0,16.0,success,False,2026-08-17T23:30:30.158673+09:00
Binder Registry,,,failed,False,2026-08-18T22:05:00.347281+09:00
Binder Relay,10.0,75.0,success,False,2026-08-17T21:41:19.053416+09:00
Binder Reminder,260.0,96.0,success,False,2026-08-19T21:06:51.339410+09:00
Binder Report,880.0,61.0,success,False,2026-08-19T13:29:46.780078+09:00
Binder Repository,,,failed,False,2026-08-27T23:12:32.092351+09:00
Binder Roadmap,,,failed,False,2026-08-18T22:05:45.987777+09:00
Binder Roster,,,failed,False,2026-08-19T00:37:25.342982+09:00
Binder Route,,,failed,False,2026-08-17T21:30:47.592348+09:00
Binder Rule,,,failed,False,2026-08-23T03:20:46.771409+09:00
Binder Sale,590.0,100.0,success,False,2026-08-21T02:24:14.838617+09:00
Binder Scale,,,failed,False,2026-08-17T21:31:56.784481+09:00
Binder Scanner,,,failed,False,2026-08-27T23:55:24.915525+09:00
Binder Scheduler,,,failed,False,2026-08-17T23:08:06.421601+09:00
Binder Scope,,,failed,False,2026-08-17T20:47:53.457764+09:00
Binder Score,,,failed,False,2026-08-19T13:30:57.828554+09:00
Binder Sentry,,,failed,False,2026-08-17T20:40:06.808560+09:00
Binder Sheet,880.0,99.0,success,False,2026-08-19T13:30:42.478470+09:00
Binder Signal,,,failed,False,2026-08-17T21:31:23.168898+09:00
Binder Signature,,,failed,False,2026-08-23T13:28:03.127667+09:00
Binder Snapshot,,,failed,False,2026-08-18T22:04:38.583463+09:00
Binder Stage,,,failed,False,2026-08-28T00:47:45.290833+09:00
Binder Stake,,,failed,False,2026-08-23T02:55:35.353388+09:00
Binder Stamp,,,failed,False,2026-08-23T13:28:05.717329+09:00
Binder Statement,,,failed,False,2026-08-21T00:34:53.693924+09:00
Binder Station,10.0,0.0,success,False,2026-08-18T07:43:42.936129+09:00
Binder Status,10.0,0.0,success,False,2026-08-19T20:47:39.914949+09:00
Binder Stub,,,failed,False,2026-08-21T00:34:49.507039+09:00
Binder Studio,110.0,1.0,success,False,2026-08-17T20:33:05.160713+09:00
Binder Suite,,,failed,False,2026-08-17T23:06:20.939022+09:00
Binder Sum,90.0,0.0,success,False,2026-08-21T02:23:55.522760+09:00
Binder Summary,,,failed,False,2026-08-19T21:06:33.819352+09:00
Binder Surtax,,,failed,False,2026-08-23T15:53:08.210333+09:00
Binder Sync,10.0,0.0,success,False,2026-08-17T20:35:25.429619+09:00
Binder Table,,,failed,False,2026-08-19T21:54:53.460475+09:00
Binder Tag,140.0,100.0,success,False,2026-08-19T13:31:09.832283+09:00
Binder Tariff,,,failed,False,2026-08-21T02:40:38.159052+09:00
Binder Tax,,,failed,False,2026-08-21T02:08:03.839367+09:00
Binder Ticket,,,failed,False,2026-08-19T21:07:25.102552+09:00
Binder Timeline,,,failed,False,2026-08-19T21:06:42.695560+09:00
Binder Timer,,,failed,False,2026-08-28T00:25:01.797092+09:00
Binder Toll,,,failed,False,2026-08-21T02:40:30.595557+09:00
Binder Toolbox,,,failed,False,2026-08-28T00:25:07.962787+09:00
Binder Toolkit,,,failed,False,2026-08-18T22:04:07.158721+09:00
Binder Total,,,failed,False,2026-08-27T23:12:25.065400+09:00
Binder Tracker,10.0,8.0,success,False,2026-08-17T20:36:21.712002+09:00
Binder Trail,,,failed,False,2026-08-17T20:46:01.536512+09:00
Binder Trend,,,failed,False,2026-08-28T01:06:18.481825+09:00
Binder Trial,320.0,32.0,success,False,2026-08-27T21:14:09.355453+09:00
Binder Unit,,,failed,False,2026-08-21T01:50:49.145007+09:00
Binder Update,10.0,0.0,success,False,2026-08-19T20:48:23.205403+09:00
Binder Value,,,failed,False,2026-08-23T02:55:31.768897+09:00
Binder Vault,90.0,100.0,success,False,2026-08-17T21:39:15.761980+09:00
Binder Version,10.0,0.0,success,False,2026-08-23T03:20:39.175053+09:00
Binder View,880.0,99.0,success,False,2026-08-19T20:47:48.078194+09:00
Binder Voucher,,,failed,False,2026-08-21T00:34:40.769437+09:00
Binder Watch,10.0,0.0,success,False,2026-08-17T21:30:13.279777+09:00
Binder Wave,,,failed,False,2026-08-17T20:43:51.758171+09:00
Binder Widget,,,failed,False,2026-08-27T23:12:29.033332+09:00
Binder Workbench,,,failed,False,2026-08-18T22:03:55.697842+09:00
Binder Worksheet,,,failed,False,2026-08-27T22:08:16.098998+09:00
Binder Workshop,,,failed,False,2026-08-28T00:25:05.172390+09:00
Binder Zone,,,failed,False,2026-08-17T21:38:26.629916+09:00
Biometric Advisory,,,failed,False,2026-08-21T01:04:18.102523+09:00
Biometric Alert,,,failed,False,2026-08-19T21:11:55.349483+09:00
Biometric Allowance,,,failed,False,2026-08-21T02:36:50.213443+09:00
Biometric Analyzer,40.0,33.0,success,False,2026-08-27T23:52:45.278124+09:00
Biometric Asset,,,failed,False,2026-08-23T13:47:18.876098+09:00
Biometric Assistant,,,failed,False,2026-08-19T21:06:35.637376+09:00
Biometric Atlas,,,failed,False,2026-08-19T21:05:49.435162+09:00
Biometric Attribute,,,failed,False,2026-08-23T13:06:38.895978+09:00
Biometric Badge,,,failed,False,2026-08-21T00:28:56.685784+09:00
Biometric Base,,,failed,False,2026-08-19T21:31:01.684338+09:00
Biometric Bay,,,failed,False,2026-08-19T21:10:18.944671+09:00
Biometric Beacon,,,failed,False,2026-08-19T21:29:16.026683+09:00
Biometric Bill,10.0,0.0,success,False,2026-08-19T22:04:53.715623+09:00
Biometric Board,,,failed,False,2026-08-19T21:31:23.417988+09:00
Biometric Book,320.0,4.0,success,False,2026-08-19T22:05:48.495667+09:00
Biometric Booth,10.0,9.0,success,False,2026-08-19T21:09:36.551386+09:00
Biometric Bridge,,,failed,False,2026-08-19T21:29:38.081788+09:00
Biometric Brief,,,failed,False,2026-08-21T01:04:04.572867+09:00
Biometric Bulletin,,,failed,False,2026-08-21T01:04:00.035751+09:00
Biometric Calendar,10.0,8.0,success,False,2026-08-19T21:08:15.358718+09:00
Biometric Card,1600.0,8.0,success,False,2026-08-19T21:14:09.280828+09:00
Biometric Cascade,,,failed,False,2026-08-19T21:29:30.457441+09:00
Biometric Cash,,,failed,False,2026-08-21T02:30:08.779542+09:00
Biometric Cashback,,,failed,False,2026-08-27T21:19:08.961232+09:00
Biometric Catalog,,,failed,False,2026-08-19T21:18:42.622010+09:00
Biometric Category,,,failed,False,2026-08-23T13:06:36.915804+09:00
Biometric Center,880.0,4.0,success,False,2026-08-19T21:32:13.666054+09:00
Biometric Chain,10.0,0.0,success,False,2026-08-19T21:04:59.839669+09:00
Biometric Charge,40.0,0.0,success,False,2026-08-21T02:36:41.492996+09:00
Biometric Chart,70.0,0.0,success,False,2026-08-19T21:12:05.902513+09:00
Biometric Check,110000.0,0.0,success,True,2026-08-19T21:14:29.704334+09:00
Biometric Checker,110000.0,0.0,success,True,2026-08-27T23:52:35.044281+09:00
Biometric Checklist,,,failed,False,2026-08-19T21:17:51.663250+09:00
Biometric Circular,10.0,0.0,success,False,2026-08-21T01:04:11.301899+09:00
Biometric Code,260.0,1.0,success,False,2026-08-19T22:05:19.679261+09:00
Biometric Companion,,,failed,False,2026-08-19T21:07:16.203533+09:00
Biometric Comparison,30.0,17.0,success,False,2026-08-28T01:04:11.555424+09:00
Biometric Confirmation,50.0,14.0,success,False,2026-08-21T01:04:28.874460+09:00
Biometric Console,,,failed,False,2026-08-19T21:03:41.880915+09:00
Biometric Cost,210.0,14.0,success,False,2026-08-21T02:13:15.591815+09:00
Biometric Count,,,failed,False,2026-08-27T22:44:19.444390+09:00
Biometric Counter,10.0,14.0,success,False,2026-08-19T21:09:13.421479+09:00
Biometric Coupon,,,failed,False,2026-08-27T21:19:08.961232+09:00
Biometric Deal,,,failed,False,2026-08-21T01:57:03.804845+09:00
Biometric Debt,,,failed,False,2026-08-21T02:30:00.318623+09:00
Biometric Deck,,,failed,False,2026-08-19T21:31:31.502788+09:00
Biometric Desk,10.0,57.0,success,False,2026-08-19T21:19:44.972350+09:00
Biometric Detail,170.0,4.0,success,False,2026-08-23T03:17:17.631472+09:00
Biometric Diagram,90.0,0.0,success,False,2026-08-27T22:14:45.094035+09:00
Biometric Digest,10.0,0.0,success,False,2026-08-19T21:16:46.731573+09:00
Biometric Directory,,,failed,False,2026-08-19T21:08:25.447867+09:00
Biometric Discount,,,failed,False,2026-08-23T16:15:50.711564+09:00
Biometric Dossier,,,failed,False,2026-08-21T01:05:11.632109+09:00
Biometric Downpayment,,,failed,False,2026-08-27T21:50:06.831063+09:00
Biometric Draft,10.0,0.0,success,False,2026-08-19T21:17:13.210771+09:00
Biometric Duty,20.0,1.0,success,False,2026-08-21T02:36:44.892736+09:00
Biometric Engine,10.0,52.0,success,False,2026-08-19T21:06:25.471396+09:00
Biometric Entry,170.0,24.0,success,False,2026-08-21T01:05:02.312819+09:00
Biometric Estimate,,,failed,False,2026-08-19T21:18:32.816387+09:00
Biometric Excerpt,,,failed,False,2026-08-21T01:05:18.575555+09:00
Biometric Fare,,,failed,False,2026-08-21T02:13:25.435180+09:00
Biometric Fee,880.0,0.0,success,False,2026-08-21T01:56:48.479807+09:00
Biometric Feed,,,failed,False,2026-08-19T21:16:59.496910+09:00
Biometric Field,40.0,1.0,success,False,2026-08-23T13:06:41.923671+09:00
Biometric File,20.0,10.0,success,False,2026-08-19T21:16:00.282567+09:00
Biometric Finder,,,failed,False,2026-08-19T21:08:48.624997+09:00
Biometric Fine,,,failed,False,2026-08-23T02:53:14.872547+09:00
Biometric Flag,,,failed,False,2026-08-21T00:29:47.975164+09:00
Biometric Flow,10.0,2.0,success,False,2026-08-19T21:19:21.338240+09:00
Biometric Forge,,,failed,False,2026-08-19T21:29:24.641827+09:00
Biometric Form,720.0,0.0,success,False,2026-08-19T21:13:59.350184+09:00
Biometric Format,20.0,0.0,success,False,2026-08-23T13:06:47.092391+09:00
Biometric Fund,,,failed,False,2026-08-21T02:30:05.549953+09:00
Biometric Gate,260.0,62.0,success,False,2026-08-19T21:05:24.897505+09:00
Biometric Giveaway,,,failed,False,2026-08-27T21:19:13.437251+09:00
Biometric Grade,,,failed,False,2026-08-21T00:29:24.926650+09:00
Biometric Graph,,,failed,False,2026-08-27T22:14:35.571737+09:00
Biometric Grid,,,failed,False,2026-08-19T21:30:14.177717+09:00
Biometric Guarantee,,,failed,False,2026-08-28T01:04:14.556573+09:00
Biometric Guardian,,,failed,False,2026-08-28T00:23:02.722044+09:00
Biometric Helpdesk,,,failed,False,2026-08-27T22:44:24.073756+09:00
Biometric Helper,,,failed,False,2026-08-28T00:23:05.201958+09:00
Biometric History,170.0,0.0,success,False,2026-08-19T21:15:49.735937+09:00
Biometric Hotline,,,failed,False,2026-08-19T21:18:56.938365+09:00
Biometric Hub,20.0,37.0,success,False,2026-08-19T21:19:32.635751+09:00
Biometric Identifier,3600.0,15.0,success,False,2026-08-23T13:06:33.832553+09:00
Biometric Inbox,,,failed,False,2026-08-19T21:11:44.619551+09:00
Biometric Incentive,,,failed,False,2026-08-27T21:19:13.437251+09:00
Biometric Index,20.0,6.0,success,False,2026-08-19T21:17:59.528469+09:00
Biometric Installment,,,failed,False,2026-08-23T16:15:54.401659+09:00
Biometric Item,,,failed,False,2026-08-21T01:56:51.063242+09:00
Biometric Journal,50.0,1.0,success,False,2026-08-19T21:07:57.029357+09:00
Biometric Keeper,,,failed,False,2026-08-19T21:06:02.010882+09:00
Biometric Kiosk,90.0,13.0,success,False,2026-08-19T21:09:50.193216+09:00
Biometric Kit,90.0,68.0,success,False,2026-08-27T22:44:11.984469+09:00
Biometric Lab,260.0,6.0,success,False,2026-08-19T21:31:50.558670+09:00
Biometric Ledger,,,failed,False,2026-08-19T21:31:14.747264+09:00
Biometric Level,,,failed,False,2026-08-19T21:16:11.566322+09:00
Biometric Line,50.0,12.0,success,False,2026-08-19T21:12:59.685218+09:00
Biometric Link,90.0,8.0,success,False,2026-08-23T03:17:04.760167+09:00
Biometric List,90.0,1.0,success,False,2026-08-19T22:05:28.406409+09:00
Biometric Loan,,,failed,False,2026-08-21T02:13:34.693364+09:00
Biometric Lobby,,,failed,False,2026-08-19T21:12:39.256118+09:00
Biometric Locator,,,failed,False,2026-08-19T21:08:37.744349+09:00
Biometric Locker,210.0,100.0,success,False,2026-08-19T21:09:25.998389+09:00
Biometric Log,50.0,3.0,success,False,2026-08-19T21:13:48.359259+09:00
Biometric Loop,,,failed,False,2026-08-19T21:30:07.251599+09:00
Biometric Manager,10.0,7.0,success,False,2026-08-19T21:06:13.197757+09:00
Biometric Manual,20.0,46.0,success,False,2026-08-27T22:14:41.092865+09:00
Biometric Map,40.0,9.0,success,False,2026-08-19T21:30:42.715680+09:00
Biometric Margin,,,failed,False,2026-08-23T02:53:11.692862+09:00
Biometric Marker,70.0,1.0,success,False,2026-08-23T13:27:46.545552+09:00
Biometric Markup,,,failed,False,2026-08-23T16:39:50.503833+09:00
Biometric Memo,,,failed,False,2026-08-21T00:29:32.816021+09:00
Biometric Monitor,260.0,9.0,success,False,2026-08-19T21:07:04.594270+09:00
Biometric Nexus,,,failed,False,2026-08-19T21:05:37.228592+09:00
Biometric Note,,,failed,False,2026-08-19T21:14:51.947092+09:00
Biometric Notification,590.0,0.0,success,False,2026-08-27T22:44:08.062899+09:00
Biometric Number,210.0,0.0,success,False,2026-08-23T03:16:59.377666+09:00
Biometric Office,390.0,61.0,success,False,2026-08-19T21:09:00.850536+09:00
Biometric Ops,,,failed,False,2026-08-19T21:07:36.739108+09:00
Biometric Order,10.0,29.0,success,False,2026-08-19T22:04:42.218437+09:00
Biometric Overage,,,failed,False,2026-08-27T21:50:04.473862+09:00
Biometric Overdue,,,failed,False,2026-08-27T21:50:00.180912+09:00
Biometric Panel,40.0,4.0,success,False,2026-08-19T21:03:55.204280+09:00
Biometric Pass,27100.0,0.0,success,True,2026-08-21T00:28:44.167575+09:00
Biometric Passport,27100.0,0.0,success,True,2026-08-19T21:12:30.069108+09:00
Biometric Path,,,failed,False,2026-08-19T21:30:28.519556+09:00
Biometric Payoff,,,failed,False,2026-08-27T21:50:02.290136+09:00
Biometric Petition,,,failed,False,2026-08-21T01:04:22.356565+09:00
Biometric Plan,,,failed,False,2026-08-21T01:56:59.891240+09:00
Biometric Planner,,,failed,False,2026-08-19T21:06:44.412093+09:00
Biometric Playbook,,,failed,False,2026-08-19T21:07:47.829296+09:00
Biometric Point,10.0,0.0,success,False,2026-08-19T21:30:36.862882+09:00
Biometric Portal,70.0,5.0,success,False,2026-08-19T21:03:27.831086+09:00
Biometric Preview,,,failed,False,2026-08-28T01:04:11.555424+09:00
Biometric Profile,90.0,8.0,success,False,2026-08-19T21:15:19.107238+09:00
Biometric Profit,,,failed,False,2026-08-23T02:53:02.917433+09:00
Biometric Proposal,,,failed,False,2026-08-28T01:04:14.556573+09:00
Biometric Queue,,,failed,False,2026-08-19T21:18:19.882315+09:00
Biometric Quota,,,failed,False,2026-08-21T00:29:39.530878+09:00
Biometric Radar,,,failed,False,2026-08-19T21:19:54.949155+09:00
Biometric Rail,,,failed,False,2026-08-19T21:04:33.210036+09:00
Biometric Rate,30.0,85.0,success,False,2026-08-19T21:16:23.704707+09:00
Biometric Recap,,,failed,False,2026-08-21T01:04:45.668721+09:00
Biometric Receipt,1300.0,0.0,success,True,2026-08-19T22:05:04.840486+09:00
Biometric Recorder,,,failed,False,2026-08-27T23:32:49.894310+09:00
Biometric Register,720.0,2.0,success,False,2026-08-19T21:07:27.526395+09:00
Biometric Registry,10.0,2.0,success,False,2026-08-19T21:08:05.171033+09:00
Biometric Relay,20.0,14.0,success,False,2026-08-19T21:20:07.240027+09:00
Biometric Reminder,,,failed,False,2026-08-19T21:17:45.288805+09:00
Biometric Report,260.0,1.0,success,False,2026-08-19T21:13:36.060170+09:00
Biometric Repository,,,failed,False,2026-08-27T23:10:24.868971+09:00
Biometric Result,70.0,0.0,success,False,2026-08-28T00:46:47.850580+09:00
Biometric Ring,880.0,100.0,success,False,2026-08-19T21:05:12.493876+09:00
Biometric Roll,,,failed,False,2026-08-19T21:13:25.403661+09:00
Biometric Roster,10.0,54.0,success,False,2026-08-19T21:11:31.992305+09:00
Biometric Route,,,failed,False,2026-08-19T21:04:19.743151+09:00
Biometric Rule,50.0,0.0,success,False,2026-08-23T03:17:13.101010+09:00
Biometric Sale,,,failed,False,2026-08-21T02:30:12.359355+09:00
Biometric Sample,70.0,12.0,success,False,2026-08-19T22:06:07.056181+09:00
Biometric Scale,1000.0,100.0,success,False,2026-08-19T21:04:08.048540+09:00
Biometric Scheduler,,,failed,False,2026-08-19T21:06:52.977513+09:00
Biometric Schematic,,,failed,False,2026-08-27T22:29:33.709708+09:00
Biometric Scope,50.0,0.0,success,False,2026-08-19T21:29:59.646453+09:00
Biometric Score,10.0,0.0,success,False,2026-08-19T21:14:40.806707+09:00
Biometric Serial,,,failed,False,2026-08-23T13:27:40.734961+09:00
Biometric Sheet,50.0,3.0,success,False,2026-08-19T21:14:19.651241+09:00
Biometric Shortfall,,,failed,False,2026-08-27T21:50:10.340173+09:00
Biometric Signal,40.0,2.0,success,False,2026-08-19T21:29:47.496953+09:00
Biometric Signature,390.0,6.0,success,False,2026-08-23T13:27:43.093757+09:00
Biometric Slip,1000.0,0.0,success,True,2026-08-19T22:05:58.265751+09:00
Biometric Slot,10.0,0.0,success,False,2026-08-19T22:06:18.009667+09:00
Biometric Stake,,,failed,False,2026-08-23T02:53:06.849591+09:00
Biometric Statement,,,failed,False,2026-08-21T00:29:10.279905+09:00
Biometric Station,10.0,17.0,success,False,2026-08-19T21:31:56.342454+09:00
Biometric Status,260.0,0.0,success,False,2026-08-19T21:15:29.461766+09:00
Biometric Stub,,,failed,False,2026-08-21T00:29:05.314041+09:00
Biometric Studio,,,failed,False,2026-08-19T21:31:40.381854+09:00
Biometric Sum,,,failed,False,2026-08-21T02:29:56.209810+09:00
Biometric Summary,,,failed,False,2026-08-19T21:17:23.744501+09:00
Biometric Tab,30.0,58.0,success,False,2026-08-21T00:29:55.538883+09:00
Biometric Table,50.0,4.0,success,False,2026-08-19T22:05:38.259870+09:00
Biometric Tag,30.0,23.0,success,False,2026-08-19T21:15:06.542256+09:00
Biometric Tally,,,failed,False,2026-08-21T00:29:18.901587+09:00
Biometric Tariff,,,failed,False,2026-08-21T02:36:58.611410+09:00
Biometric Tax,,,failed,False,2026-08-21T02:13:28.177261+09:00
Biometric Terminal,90.0,54.0,success,False,2026-08-19T21:32:03.032645+09:00
Biometric Ticker,,,failed,False,2026-08-19T21:12:48.974552+09:00
Biometric Ticket,,,failed,False,2026-08-19T21:18:08.963564+09:00
Biometric Tier,,,failed,False,2026-08-28T00:46:54.511345+09:00
Biometric Timeline,20.0,0.0,success,False,2026-08-19T21:17:33.160544+09:00
Biometric Timer,110.0,49.0,success,False,2026-08-28T00:22:57.445324+09:00
Biometric Token,40.0,6.0,success,False,2026-08-23T13:27:43.093757+09:00
Biometric Toll,,,failed,False,2026-08-21T02:36:47.930212+09:00
Biometric Toolbox,,,failed,False,2026-08-28T00:23:05.201958+09:00
Biometric Tracker,880.0,29.0,success,False,2026-08-19T21:19:09.949699+09:00
Biometric Trail,,,failed,False,2026-08-19T21:04:47.167430+09:00
Biometric Trend,,,failed,False,2026-08-28T01:04:11.555424+09:00
Biometric Trial,,,failed,False,2026-08-27T21:19:11.248734+09:00
Biometric Unit,20.0,70.0,success,False,2026-08-21T01:56:55.992066+09:00
Biometric Update,3600.0,0.0,success,True,2026-08-19T21:16:33.965835+09:00
Biometric Value,,,failed,False,2026-08-23T02:53:02.917433+09:00
Biometric Vault,40.0,100.0,success,False,2026-08-19T21:29:00.879622+09:00
Biometric Version,,,failed,False,2026-08-23T03:17:02.268689+09:00
Biometric View,,,failed,False,2026-08-19T21:15:40.357740+09:00
Biometric Voucher,,,failed,False,2026-08-21T00:28:49.114338+09:00
Biometric Wallet,260.0,89.0,success,False,2026-08-27T22:44:16.144123+09:00
Biometric Watch,260.0,100.0,success,False,2026-08-19T21:29:53.324584+09:00
Biometric Wave,,,failed,False,2026-08-19T21:30:22.896569+09:00
Biometric Widget,,,failed,False,2026-08-27T23:10:19.958354+09:00
Biometric Window,,,failed,False,2026-08-19T21:13:15.643031+09:00
Biometric Worksheet,20.0,0.0,success,False,2026-08-27T22:14:41.092865+09:00
Biometric Workshop,,,failed,False,2026-08-28T00:23:00.112605+09:00
Biometric Zone,,,failed,False,2026-08-19T21:32:21.399233+09:00
Blast Advance,,,failed,False,2026-08-23T16:13:34.147754+09:00
Blast Advisory,,,failed,False,2026-08-21T01:03:02.120644+09:00
Blast Allowance,,,failed,False,2026-08-21T02:44:13.647823+09:00
Blast Almanac,,,failed,False,2026-08-18T22:12:19.566532+09:00
Blast Analyzer,,,failed,False,2026-08-27T23:57:55.384671+09:00
Blast Anchor,,,failed,False,2026-08-17T23:08:04.686791+09:00
Blast Announcement,,,failed,False,2026-08-27T23:35:43.099138+09:00
Blast Assistant,30.0,1.0,success,False,2026-08-17T23:08:44.294677+09:00
Blast Atlas,10.0,0.0,success,False,2026-08-17T23:12:18.901964+09:00
Blast Attribute,,,failed,False,2026-08-23T13:05:04.506045+09:00
Blast Badge,,,failed,False,2026-08-21T00:27:42.259289+09:00
Blast Base,40.0,0.0,success,False,2026-08-17T23:07:43.866571+09:00
Blast Beacon,,,failed,False,2026-08-17T23:06:20.939022+09:00
Blast Bill,10.0,0.0,success,False,2026-08-19T22:05:04.840486+09:00
Blast Blueprint,,,failed,False,2026-08-18T22:12:13.672404+09:00
Blast Board,70.0,3.0,success,False,2026-08-17T23:31:42.326204+09:00
Blast Book,210.0,6.0,success,False,2026-08-19T22:05:54.572880+09:00
Blast Bridge,390.0,1.0,success,False,2026-08-17T23:29:07.663083+09:00
Blast Brief,,,failed,False,2026-08-21T01:02:09.128989+09:00
Blast Bulletin,,,failed,False,2026-08-21T01:02:57.004719+09:00
Blast Calculator,90.0,0.0,success,False,2026-08-27T23:35:43.099138+09:00
Blast Calendar,10.0,0.0,success,False,2026-08-18T23:57:26.188855+09:00
Blast Card,390.0,5.0,success,False,2026-08-19T13:20:57.045829+09:00
Blast Cascade,,,failed,False,2026-08-17T23:13:20.544847+09:00
Blast Cash,30.0,21.0,success,False,2026-08-21T02:28:25.181498+09:00
Blast Catalog,10.0,,success,False,2026-08-19T21:19:52.858825+09:00
Blast Category,10.0,0.0,success,False,2026-08-23T13:05:00.300804+09:00
Blast Center,40.0,0.0,success,False,2026-08-17T23:32:31.687734+09:00
Blast Chain,390.0,24.0,success,False,2026-08-17T23:23:36.709980+09:00
Blast Charge,140.0,3.0,success,False,2026-08-21T02:44:04.894763+09:00
Blast Check,,,failed,False,2026-08-19T13:21:49.505722+09:00
Blast Checker,10.0,0.0,success,False,2026-08-27T23:57:47.525165+09:00
Blast Checklist,,,failed,False,2026-08-19T21:18:53.314989+09:00
Blast Circular,,,failed,False,2026-08-21T01:02:59.724963+09:00
Blast Cockpit,,,failed,False,2026-08-17T23:26:31.743192+09:00
Blast Code,50.0,0.0,success,False,2026-08-19T22:05:28.406409+09:00
Blast Codex,,,failed,False,2026-08-18T23:50:20.239443+09:00
Blast Companion,,,failed,False,2026-08-17T23:06:41.076830+09:00
Blast Comparison,20.0,3.0,success,False,2026-08-28T01:08:29.646959+09:00
Blast Compass,,,failed,False,2026-08-17T23:28:34.893276+09:00
Blast Compendium,,,failed,False,2026-08-18T23:50:20.239443+09:00
Blast Confirmation,,,failed,False,2026-08-21T01:03:06.374945+09:00
Blast Console,20.0,95.0,success,False,2026-08-17T23:12:38.430162+09:00
Blast Core,590.0,1.0,success,False,2026-08-17T23:31:23.198788+09:00
Blast Cost,30.0,0.0,success,False,2026-08-21T02:11:55.079933+09:00
Blast Count,110.0,0.0,success,False,2026-08-27T22:49:12.101032+09:00
Blast Counter,30.0,0.0,success,False,2026-08-18T23:58:25.855676+09:00
Blast Dashboard,10.0,7.0,success,False,2026-08-17T23:11:59.928630+09:00
Blast Deal,70.0,1.0,success,False,2026-08-21T01:55:57.374575+09:00
Blast Debt,,,failed,False,2026-08-21T02:28:18.996082+09:00
Blast Deck,30.0,47.0,success,False,2026-08-17T23:09:27.800960+09:00
Blast Depot,,,failed,False,2026-08-18T23:58:04.745440+09:00
Blast Desk,,,failed,False,2026-08-17T23:28:01.386512+09:00
Blast Detail,,,failed,False,2026-08-23T03:24:40.640287+09:00
Blast Detector,10.0,3.0,success,False,2026-08-27T23:57:55.384671+09:00
Blast Diagram,170.0,0.0,success,False,2026-08-27T22:11:05.293773+09:00
Blast Dial,10.0,0.0,success,False,2026-08-17T23:07:23.914294+09:00
Blast Digest,,,failed,False,2026-08-19T20:43:26.923996+09:00
Blast Directory,,,failed,False,2026-08-18T23:57:37.423450+09:00
Blast Discount,,,failed,False,2026-08-23T16:13:24.161828+09:00
Blast Dock,,,failed,False,2026-08-17T23:09:05.527725+09:00
Blast Dossier,,,failed,False,2026-08-21T01:03:12.514083+09:00
Blast Downpayment,,,failed,False,2026-08-27T21:47:29.918815+09:00
Blast Draft,20.0,0.0,success,False,2026-08-19T20:43:41.671766+09:00
Blast Duty,,,failed,False,2026-08-21T02:44:07.576254+09:00
Blast Engine,480.0,41.0,success,False,2026-08-17T23:25:26.285868+09:00
Blast Entry,10.0,0.0,success,False,2026-08-21T01:03:25.375031+09:00
Blast Estimate,,,failed,False,2026-08-19T21:19:43.238592+09:00
Blast Estimator,,,failed,False,2026-08-27T23:57:47.525165+09:00
Blast Excerpt,,,failed,False,2026-08-21T01:03:20.927802+09:00
Blast Fare,,,failed,False,2026-08-21T02:12:01.712721+09:00
Blast Fee,10.0,0.0,success,False,2026-08-21T01:55:46.721069+09:00
Blast Feed,10.0,4.0,success,False,2026-08-19T20:43:33.378176+09:00
Blast Field,10.0,0.0,success,False,2026-08-23T13:05:07.059909+09:00
Blast File,20.0,1.0,success,False,2026-08-19T20:42:55.526386+09:00
Blast Finder,,,failed,False,2026-08-18T23:57:56.092399+09:00
Blast Fine,,,failed,False,2026-08-23T02:58:22.138968+09:00
Blast Flag,10.0,1.0,success,False,2026-08-21T00:28:35.603528+09:00
Blast Flow,20.0,0.0,success,False,2026-08-17T23:15:12.775041+09:00
Blast Forge,110.0,0.0,success,False,2026-08-17T23:28:52.290735+09:00
Blast Form,70.0,0.0,success,False,2026-08-19T13:42:33.755752+09:00
Blast Format,70.0,0.0,success,False,2026-08-23T13:05:12.905502+09:00
Blast Frame,40.0,0.0,success,False,2026-08-17T23:31:05.763784+09:00
Blast Fund,,,failed,False,2026-08-21T02:28:22.675348+09:00
Blast Gate,1900.0,100.0,success,False,2026-08-17T23:05:09.501218+09:00
Blast Grade,,,failed,False,2026-08-21T00:28:15.750952+09:00
Blast Graph,,,failed,False,2026-08-27T22:10:56.558080+09:00
Blast Grid,30.0,19.0,success,False,2026-08-17T23:30:01.630713+09:00
Blast Guard,50.0,1.0,success,False,2026-08-17T23:27:17.370245+09:00
Blast Guardian,,,failed,False,2026-08-28T00:26:50.285916+09:00
Blast Guidebook,,,failed,False,2026-08-18T22:11:56.316205+09:00
Blast Helper,40.0,0.0,success,False,2026-08-28T00:26:52.853264+09:00
Blast History,20.0,0.0,success,False,2026-08-19T20:42:46.732728+09:00
Blast Hotline,,,failed,False,2026-08-19T21:20:05.379169+09:00
Blast Hub,110.0,0.0,success,False,2026-08-17T23:27:47.140187+09:00
Blast Identifier,,,failed,False,2026-08-23T13:04:57.008398+09:00
Blast Index,10.0,0.0,success,False,2026-08-19T21:19:06.268561+09:00
Blast Insight,,,failed,False,2026-08-17T23:26:18.163850+09:00
Blast Installment,,,failed,False,2026-08-23T16:13:26.521734+09:00
Blast Item,,,failed,False,2026-08-21T01:55:41.069694+09:00
Blast Journal,720.0,0.0,success,False,2026-08-18T22:11:39.333366+09:00
Blast Keeper,,,failed,False,2026-08-17T23:06:59.361333+09:00
Blast Lab,390.0,0.0,success,False,2026-08-17T23:03:48.755656+09:00
Blast Label,10.0,0.0,success,False,2026-08-27T22:10:59.501612+09:00
Blast Ledger,10.0,,success,False,2026-08-17T23:14:41.375835+09:00
Blast Lens,,,failed,False,2026-08-17T23:13:01.440927+09:00
Blast Level,480.0,9.0,success,False,2026-08-19T20:43:04.288794+09:00
Blast Link,70.0,0.0,success,False,2026-08-23T03:24:36.035969+09:00
Blast List,70.0,5.0,success,False,2026-08-19T22:05:38.259870+09:00
Blast Loan,,,failed,False,2026-08-21T02:12:10.627447+09:00
Blast Locator,,,failed,False,2026-08-18T23:57:46.664132+09:00
Blast Lock,10.0,0.0,success,False,2026-08-17T23:05:57.160852+09:00
Blast Log,10.0,1.0,success,False,2026-08-19T13:42:25.449993+09:00
Blast Loop,20.0,2.0,success,False,2026-08-17T23:09:50.041087+09:00
Blast Manager,90.0,17.0,success,False,2026-08-17T23:24:56.223636+09:00
Blast Manual,110.0,8.0,success,False,2026-08-27T22:11:01.897181+09:00
Blast Map,140.0,1.0,success,False,2026-08-17T23:30:43.619577+09:00
Blast Marker,50.0,3.0,success,False,2026-08-23T13:26:55.054155+09:00
Blast Markup,,,failed,False,2026-08-23T16:38:33.746405+09:00
Blast Memo,,,failed,False,2026-08-21T00:28:20.735517+09:00
Blast Message,5400.0,4.0,success,False,2026-08-27T23:14:44.010079+09:00
Blast Meter,20.0,0.0,success,False,2026-08-17T23:33:09.699963+09:00
Blast Metrics,30.0,20.0,success,False,2026-08-17T23:04:46.904606+09:00
Blast Monitor,40.0,9.0,success,False,2026-08-17T23:10:24.973922+09:00
Blast Navigator,,,failed,False,2026-08-17T23:26:46.063928+09:00
Blast Nexus,,,failed,False,2026-08-17T23:24:12.955458+09:00
Blast Node,20.0,1.0,success,False,2026-08-17T23:23:55.589084+09:00
Blast Note,10.0,4.0,success,False,2026-08-19T13:22:52.997590+09:00
Blast Notification,40.0,0.0,success,False,2026-08-27T22:49:08.559687+09:00
Blast Number,210.0,1.0,success,False,2026-08-23T03:24:30.095281+09:00
Blast Office,40.0,0.0,success,False,2026-08-18T23:58:17.460804+09:00
Blast Ops,10.0,0.0,success,False,2026-08-17T23:13:41.173741+09:00
Blast Order,10.0,0.0,success,False,2026-08-19T22:04:53.715623+09:00
Blast Organizer,,,failed,False,2026-08-17T23:26:04.596222+09:00
Blast Overage,,,failed,False,2026-08-27T21:47:27.442070+09:00
Blast Overdue,,,failed,False,2026-08-27T21:47:19.918276+09:00
Blast Panel,110.0,7.0,success,False,2026-08-17T23:32:58.780092+09:00
Blast Pass,260.0,0.0,success,False,2026-08-21T00:27:30.325740+09:00
Blast Path,,,failed,False,2026-08-17T23:11:23.614440+09:00
Blast Payoff,,,failed,False,2026-08-27T21:47:24.586892+09:00
Blast Penalty,,,failed,False,2026-08-23T16:38:31.502720+09:00
Blast Petition,,,failed,False,2026-08-21T01:02:18.161248+09:00
Blast Pilot,10.0,1.0,success,False,2026-08-17T23:10:06.483021+09:00
Blast Plan,90.0,10.0,success,False,2026-08-21T01:55:54.849778+09:00
Blast Planner,,,failed,False,2026-08-17T23:25:50.019139+09:00
Blast Playbook,,,failed,False,2026-08-18T22:11:30.674698+09:00
Blast Point,880.0,1.0,success,False,2026-08-17T23:30:30.158673+09:00
Blast Portal,30.0,5.0,success,False,2026-08-17T23:32:45.524936+09:00
Blast Preview,,,failed,False,2026-08-28T01:08:29.646959+09:00
Blast Profile,50.0,3.0,success,False,2026-08-19T13:23:16.958274+09:00
Blast Profit,,,failed,False,2026-08-23T02:58:08.701487+09:00
Blast Proposal,,,failed,False,2026-08-28T01:08:32.525331+09:00
Blast Pulse,,,failed,False,2026-08-17T23:04:09.987003+09:00
Blast Queue,,,failed,False,2026-08-19T21:19:30.531478+09:00
Blast Quota,,,failed,False,2026-08-21T00:28:30.302130+09:00
Blast Radar,,,failed,False,2026-08-17T23:04:25.350258+09:00
Blast Rail,,,failed,False,2026-08-17T23:33:38.106132+09:00
Blast Rate,40.0,0.0,success,False,2026-08-19T20:43:13.193243+09:00
Blast Recap,10.0,,success,False,2026-08-21T01:03:16.580684+09:00
Blast Receipt,,,failed,False,2026-08-19T22:05:17.062474+09:00
Blast Recorder,,,failed,False,2026-08-27T23:35:50.995626+09:00
Blast Register,10.0,0.0,success,False,2026-08-17T23:27:03.515384+09:00
Blast Registry,,,failed,False,2026-08-18T22:12:04.159201+09:00
Blast Relay,,,failed,False,2026-08-17T23:28:13.719643+09:00
Blast Reminder,,,failed,False,2026-08-19T21:18:40.810817+09:00
Blast Report,320.0,0.0,success,False,2026-08-19T13:42:11.114118+09:00
Blast Repository,,,failed,False,2026-08-27T23:14:49.427940+09:00
Blast Result,320.0,0.0,success,False,2026-08-28T00:48:34.201373+09:00
Blast Roadmap,10.0,0.0,success,False,2026-08-18T23:50:20.239443+09:00
Blast Roster,20.0,0.0,success,False,2026-08-19T00:36:36.073889+09:00
Blast Route,,,failed,False,2026-08-17T23:33:22.514665+09:00
Blast Rule,,,failed,False,2026-08-23T03:24:36.035969+09:00
Blast Sale,20.0,0.0,success,False,2026-08-21T02:28:28.588606+09:00
Blast Sample,,,failed,False,2026-08-19T22:06:15.067471+09:00
Blast Scale,,,failed,False,2026-08-17T23:14:19.543456+09:00
Blast Scanner,20.0,0.0,success,False,2026-08-27T23:57:50.336082+09:00
Blast Scheduler,,,failed,False,2026-08-17T23:15:30.972429+09:00
Blast Schematic,,,failed,False,2026-08-27T22:28:56.801982+09:00
Blast Scope,,,failed,False,2026-08-17T23:29:43.400125+09:00
Blast Score,210.0,0.0,success,False,2026-08-19T13:22:01.413587+09:00
Blast Sentry,10.0,0.0,success,False,2026-08-17T23:24:32.888927+09:00
Blast Sheet,10.0,0.0,success,False,2026-08-19T13:21:15.307510+09:00
Blast Shortfall,,,failed,False,2026-08-27T21:47:32.265892+09:00
Blast Signal,,,failed,False,2026-08-17T23:29:29.429883+09:00
Blast Signature,,,failed,False,2026-08-23T13:26:55.054155+09:00
Blast Slip,,,failed,False,2026-08-19T22:06:07.056181+09:00
Blast Slot,50.0,21.0,success,False,2026-08-19T22:06:28.711407+09:00
Blast Snapshot,10.0,0.0,success,False,2026-08-18T22:11:45.045166+09:00
Blast Stage,70.0,0.0,success,False,2026-08-28T00:48:34.201373+09:00
Blast Stake,10.0,,success,False,2026-08-23T02:58:14.811642+09:00
Blast Stamp,,,failed,False,2026-08-23T13:26:55.054155+09:00
Blast Statement,,,failed,False,2026-08-21T00:27:57.987466+09:00
Blast Station,30.0,1.0,success,False,2026-08-17T23:32:18.106895+09:00
Blast Status,20.0,0.0,success,False,2026-08-19T20:42:32.517249+09:00
Blast Stub,,,failed,False,2026-08-21T00:27:51.416222+09:00
Blast Studio,1600.0,2.0,success,False,2026-08-17T23:31:54.862824+09:00
Blast Suite,30.0,2.0,success,False,2026-08-17T23:13:59.220189+09:00
Blast Sum,,,failed,False,2026-08-21T02:28:15.974883+09:00
Blast Summary,10.0,0.0,success,False,2026-08-19T21:18:19.882315+09:00
Blast Sync,,,failed,False,2026-08-17T23:27:32.625137+09:00
Blast Tab,720.0,0.0,success,False,2026-08-21T00:28:44.167575+09:00
Blast Table,110.0,0.0,success,False,2026-08-19T22:05:46.180547+09:00
Blast Tag,20.0,0.0,success,False,2026-08-19T13:23:03.025983+09:00
Blast Tally,,,failed,False,2026-08-21T00:28:09.542795+09:00
Blast Tariff,,,failed,False,2026-08-21T02:44:16.067023+09:00
Blast Tax,10.0,3.0,success,False,2026-08-21T02:12:06.796728+09:00
Blast Ticket,390.0,5.0,success,False,2026-08-19T21:19:19.264899+09:00
Blast Timeline,,,failed,False,2026-08-19T21:18:30.637363+09:00
Blast Timer,,,failed,False,2026-08-28T00:26:47.602211+09:00
Blast Toll,,,failed,False,2026-08-21T02:44:11.415890+09:00
Blast Toolbox,,,failed,False,2026-08-28T00:26:52.853264+09:00
Blast Toolkit,,,failed,False,2026-08-18T22:11:21.547380+09:00
Blast Total,10.0,3.0,success,False,2026-08-27T23:14:46.468120+09:00
Blast Tracker,320.0,4.0,success,False,2026-08-17T23:08:23.954708+09:00
Blast Trail,170.0,7.0,success,False,2026-08-17T22:50:34.703098+09:00
Blast Trend,,,failed,False,2026-08-28T01:08:26.427990+09:00
Blast Trial,40.0,1.0,success,False,2026-08-27T21:16:21.669078+09:00
Blast Unit,70.0,58.0,success,False,2026-08-21T01:55:51.234317+09:00
Blast Update,110.0,0.0,success,False,2026-08-19T20:43:19.095275+09:00
Blast Value,10.0,0.0,success,False,2026-08-23T02:58:11.410981+09:00
Blast Vault,10.0,0.0,success,False,2026-08-17T23:11:40.322748+09:00
Blast Version,40.0,0.0,success,False,2026-08-23T03:24:33.433692+09:00
Blast View,10.0,0.0,success,False,2026-08-19T20:42:37.692999+09:00
Blast Voucher,10.0,0.0,success,False,2026-08-21T00:27:37.591897+09:00
Blast Watch,90.0,25.0,success,False,2026-08-17T23:14:57.452489+09:00
Blast Wave,1900.0,2.0,success,False,2026-08-17T23:30:14.406427+09:00
Blast Widget,,,failed,False,2026-08-27T23:14:46.468120+09:00
Blast Workbench,,,failed,False,2026-08-18T22:11:11.945944+09:00
Blast Worksheet,,,failed,False,2026-08-27T22:11:05.293773+09:00
Blast Zone,18100.0,7.0,success,False,2026-08-17T23:05:32.537259+09:00
Blower Advance,,,failed,False,2026-08-23T16:11:46.377478+09:00
Blower Advisory,,,failed,False,2026-08-21T00:58:38.777262+09:00
Blower Alert,,,failed,False,2026-08-19T21:32:36.347329+09:00
Blower Allowance,,,failed,False,2026-08-21T02:41:32.223715+09:00
Blower Analyzer,,,failed,False,2026-08-27T23:56:11.954519+09:00
Blower Arrears,,,failed,False,2026-08-23T16:11:44.096297+09:00
Blower Asset,,,failed,False,2026-08-23T13:48:35.211056+09:00
Blower Atlas,,,failed,False,2026-08-19T21:18:53.314989+09:00
Blower Attribute,,,failed,False,2026-08-23T13:09:05.713550+09:00
Blower Balance,,,failed,False,2026-08-23T13:48:32.031008+09:00
Blower Base,20.0,14.0,success,False,2026-08-19T21:14:51.947092+09:00
Blower Bay,,,failed,False,2026-08-19T21:31:47.611554+09:00
Blower Beacon,,,failed,False,2026-08-19T21:12:17.710681+09:00
Blower Bill,,,failed,False,2026-08-19T21:56:27.780319+09:00
Blower Bin,,,failed,False,2026-08-19T21:03:38.962662+09:00
Blower Board,20.0,16.0,success,False,2026-08-19T21:15:27.386619+09:00
Blower Book,10.0,0.0,success,False,2026-08-19T21:57:22.115019+09:00
Blower Bridge,,,failed,False,2026-08-19T21:12:48.974552+09:00
Blower Brief,,,failed,False,2026-08-21T00:58:30.042414+09:00
Blower Bulletin,,,failed,False,2026-08-21T00:58:25.474774+09:00
Blower Cabinet,90.0,74.0,success,False,2026-08-27T23:13:00.467969+09:00
Blower Calculator,50.0,1.0,success,False,2026-08-27T23:34:34.248381+09:00
Blower Calendar,,,failed,False,2026-08-19T21:30:28.519556+09:00
Blower Card,170.0,3.0,success,False,2026-08-19T21:05:47.568804+09:00
Blower Cascade,,,failed,False,2026-08-19T21:12:39.256118+09:00
Blower Cash,,,failed,False,2026-08-21T02:25:09.393326+09:00
Blower Cashback,,,failed,False,2026-08-27T21:14:36.415267+09:00
Blower Catalog,40.0,12.0,success,False,2026-08-19T21:10:27.505284+09:00
Blower Category,,,failed,False,2026-08-23T13:09:03.594529+09:00
Blower Center,,,failed,False,2026-08-19T21:16:33.965835+09:00
Blower Chain,,,failed,False,2026-08-19T21:18:08.963564+09:00
Blower Charge,40.0,98.0,success,False,2026-08-21T02:41:21.123178+09:00
Blower Chart,70.0,0.0,success,False,2026-08-19T21:03:23.930623+09:00
Blower Check,10.0,16.0,success,False,2026-08-19T21:06:11.173737+09:00
Blower Checker,,,failed,False,2026-08-27T23:56:02.652689+09:00
Blower Checklist,10.0,2.0,success,False,2026-08-19T21:09:25.998389+09:00
Blower Circular,,,failed,False,2026-08-21T01:00:03.837469+09:00
Blower Code,,,failed,False,2026-08-19T21:56:50.628145+09:00
Blower Companion,,,failed,False,2026-08-19T21:29:44.160374+09:00
Blower Comparison,20.0,92.0,success,False,2026-08-28T01:06:58.788190+09:00
Blower Compass,,,failed,False,2026-08-19T21:12:05.902513+09:00
Blower Confirmation,,,failed,False,2026-08-21T00:58:47.378244+09:00
Blower Console,,,failed,False,2026-08-19T21:17:13.210771+09:00
Blower Core,,,failed,False,2026-08-19T21:15:04.533430+09:00
Blower Cost,210.0,76.0,success,False,2026-08-21T02:08:48.919404+09:00
Blower Count,,,failed,False,2026-08-27T22:47:34.273654+09:00
Blower Counter,,,failed,False,2026-08-19T21:31:07.393138+09:00
Blower Coupon,,,failed,False,2026-08-27T21:14:33.237385+09:00
Blower Deal,170.0,100.0,success,False,2026-08-21T01:51:57.784692+09:00
Blower Debt,,,failed,False,2026-08-21T02:25:03.924004+09:00
Blower Deck,50.0,92.0,success,False,2026-08-19T21:15:38.736251+09:00
Blower Desk,,,failed,False,2026-08-19T21:11:21.991848+09:00
Blower Detail,,,failed,False,2026-08-23T03:21:47.880193+09:00
Blower Detector,,,failed,False,2026-08-27T23:56:11.954519+09:00
Blower Diagram,260.0,0.0,success,False,2026-08-27T22:09:05.119901+09:00
Blower Digest,,,failed,False,2026-08-19T21:08:13.592372+09:00
Blower Directory,,,failed,False,2026-08-19T21:30:35.144264+09:00
Blower Discount,,,failed,False,2026-08-23T16:11:40.333627+09:00
Blower Dossier,,,failed,False,2026-08-21T00:58:52.318728+09:00
Blower Draft,50.0,100.0,success,False,2026-08-19T21:08:35.799168+09:00
Blower Due,,,failed,False,2026-08-23T15:50:14.677980+09:00
Blower Duty,,,failed,False,2026-08-21T02:41:24.321159+09:00
Blower Engine,1600.0,21.0,success,False,2026-08-19T21:19:30.531478+09:00
Blower Entry,,,failed,False,2026-08-21T00:59:06.391670+09:00
Blower Estimate,,,failed,False,2026-08-19T21:10:16.662476+09:00
Blower Estimator,,,failed,False,2026-08-27T23:56:02.652689+09:00
Blower Excerpt,,,failed,False,2026-08-21T00:59:01.913298+09:00
Blower Fare,,,failed,False,2026-08-21T02:08:56.102085+09:00
Blower Fee,,,failed,False,2026-08-21T01:51:30.454681+09:00
Blower Feed,,,failed,False,2026-08-19T21:08:25.447867+09:00
Blower Field,,,failed,False,2026-08-23T13:09:07.907049+09:00
Blower File,10.0,0.0,success,False,2026-08-19T21:07:34.937888+09:00
Blower Finder,,,failed,False,2026-08-19T21:30:51.810974+09:00
Blower Fine,,,failed,False,2026-08-23T02:56:21.131414+09:00
Blower Flag,,,failed,False,2026-08-21T00:35:49.197244+09:00
Blower Flow,40.0,83.0,success,False,2026-08-19T21:11:00.361566+09:00
Blower Forge,880.0,94.0,success,False,2026-08-19T21:12:28.088394+09:00
Blower Form,,,failed,False,2026-08-19T21:05:35.157530+09:00
Blower Format,,,failed,False,2026-08-23T13:09:10.087594+09:00
Blower Frame,30.0,5.0,success,False,2026-08-19T21:14:40.806707+09:00
Blower Fund,,,failed,False,2026-08-21T02:25:06.190150+09:00
Blower Gate,,,failed,False,2026-08-19T21:18:30.637363+09:00
Blower Giveaway,,,failed,False,2026-08-27T21:14:45.418872+09:00
Blower Grade,,,failed,False,2026-08-21T00:35:31.431507+09:00
Blower Grid,,,failed,False,2026-08-19T21:13:48.359259+09:00
Blower Guarantee,,,failed,False,2026-08-28T01:07:05.829192+09:00
Blower Guardian,,,failed,False,2026-08-28T00:25:31.999960+09:00
Blower Helpdesk,,,failed,False,2026-08-27T22:47:34.273654+09:00
Blower Helper,,,failed,False,2026-08-28T00:25:34.855882+09:00
Blower History,,,failed,False,2026-08-19T21:07:25.102552+09:00
Blower Hotline,10.0,29.0,success,False,2026-08-19T21:10:38.305423+09:00
Blower Hub,90.0,13.0,success,False,2026-08-19T21:11:11.315009+09:00
Blower Identifier,,,failed,False,2026-08-23T13:09:00.936814+09:00
Blower Inbox,,,failed,False,2026-08-19T21:32:34.534523+09:00
Blower Incentive,,,failed,False,2026-08-27T21:14:38.915931+09:00
Blower Index,,,failed,False,2026-08-19T21:09:36.551386+09:00
Blower Installment,,,failed,False,2026-08-23T16:11:40.333627+09:00
Blower Item,,,failed,False,2026-08-21T01:51:43.156382+09:00
Blower Journal,,,failed,False,2026-08-19T21:30:14.177717+09:00
Blower Keeper,,,failed,False,2026-08-19T21:19:08.211207+09:00
Blower Kiosk,,,failed,False,2026-08-19T21:31:29.606643+09:00
Blower Kit,390.0,94.0,success,False,2026-08-27T22:47:31.900265+09:00
Blower Lab,40.0,0.0,success,False,2026-08-19T21:16:00.282567+09:00
Blower Label,,,failed,False,2026-08-27T22:08:49.995304+09:00
Blower Ledger,,,failed,False,2026-08-19T21:15:17.337039+09:00
Blower Level,,,failed,False,2026-08-19T21:07:45.336017+09:00
Blower Line,70.0,64.0,success,False,2026-08-19T21:04:31.572257+09:00
Blower Link,10.0,0.0,success,False,2026-08-23T03:21:36.606838+09:00
Blower List,10.0,0.0,success,False,2026-08-19T21:57:01.942587+09:00
Blower Loan,,,failed,False,2026-08-21T02:09:05.168889+09:00
Blower Lobby,,,failed,False,2026-08-19T21:04:06.353252+09:00
Blower Locker,,,failed,False,2026-08-19T21:31:14.747264+09:00
Blower Log,,,failed,False,2026-08-19T21:05:24.897505+09:00
Blower Loop,,,failed,False,2026-08-19T21:13:36.060170+09:00
Blower Manager,,,failed,False,2026-08-19T21:19:19.264899+09:00
Blower Manual,590.0,99.0,success,False,2026-08-27T22:08:54.322972+09:00
Blower Map,10.0,0.0,success,False,2026-08-19T21:14:29.704334+09:00
Blower Margin,,,failed,False,2026-08-23T02:56:14.910502+09:00
Blower Memo,,,failed,False,2026-08-21T00:35:36.889482+09:00
Blower Message,,,failed,False,2026-08-27T23:12:50.672441+09:00
Blower Monitor,,,failed,False,2026-08-19T21:29:38.081788+09:00
Blower Nexus,,,failed,False,2026-08-19T21:18:40.810817+09:00
Blower Note,,,failed,False,2026-08-19T21:06:33.819352+09:00
Blower Notification,,,failed,False,2026-08-27T22:47:28.680273+09:00
Blower Number,,,failed,False,2026-08-23T03:21:28.061139+09:00
Blower Office,,,failed,False,2026-08-19T21:30:59.491804+09:00
Blower Ops,,,failed,False,2026-08-19T21:29:59.646453+09:00
Blower Order,,,failed,False,2026-08-19T21:56:14.793890+09:00
Blower Panel,210.0,24.0,success,False,2026-08-19T21:17:23.744501+09:00
Blower Passport,,,failed,False,2026-08-19T21:03:53.179213+09:00
Blower Path,,,failed,False,2026-08-19T21:14:09.280828+09:00
Blower Petition,,,failed,False,2026-08-21T00:58:42.850183+09:00
Blower Plan,,,failed,False,2026-08-21T01:51:54.787871+09:00
Blower Playbook,,,failed,False,2026-08-19T21:30:07.251599+09:00
Blower Point,,,failed,False,2026-08-19T21:14:19.651241+09:00
Blower Portal,10.0,0.0,success,False,2026-08-19T21:16:59.496910+09:00
Blower Preview,,,failed,False,2026-08-28T01:06:58.788190+09:00
Blower Profile,,,failed,False,2026-08-19T21:06:51.339410+09:00
Blower Profit,,,failed,False,2026-08-23T02:56:06.421775+09:00
Blower Proposal,,,failed,False,2026-08-28T01:07:01.226912+09:00
Blower Queue,,,failed,False,2026-08-19T21:10:05.581791+09:00
Blower Quota,,,failed,False,2026-08-21T00:35:43.096296+09:00
Blower Radar,,,failed,False,2026-08-19T21:11:29.135916+09:00
Blower Rate,140.0,59.0,success,False,2026-08-19T21:07:55.214041+09:00
Blower Recap,,,failed,False,2026-08-21T01:00:06.148655+09:00
Blower Receipt,,,failed,False,2026-08-19T21:56:37.173014+09:00
Blower Register,40.0,27.0,success,False,2026-08-19T21:29:51.150185+09:00
Blower Registry,,,failed,False,2026-08-19T21:30:20.208348+09:00
Blower Relay,720.0,35.0,success,False,2026-08-19T21:11:41.705907+09:00
Blower Reminder,,,failed,False,2026-08-19T21:09:10.178555+09:00
Blower Report,,,failed,False,2026-08-19T21:05:10.807996+09:00
Blower Repository,,,failed,False,2026-08-27T23:13:00.467969+09:00
Blower Roll,10.0,6.0,success,False,2026-08-19T21:04:58.271286+09:00
Blower Roster,,,failed,False,2026-08-19T21:32:32.734528+09:00
Blower Route,,,failed,False,2026-08-19T21:17:42.432873+09:00
Blower Rule,,,failed,False,2026-08-23T03:21:42.958973+09:00
Blower Sale,3600.0,100.0,success,False,2026-08-21T02:25:13.538662+09:00
Blower Sample,,,failed,False,2026-08-19T21:57:44.656511+09:00
Blower Scale,,,failed,False,2026-08-19T21:17:33.160544+09:00
Blower Scanner,,,failed,False,2026-08-27T23:56:05.344982+09:00
Blower Scheduler,,,failed,False,2026-08-19T21:20:05.379169+09:00
Blower Schematic,10.0,0.0,success,False,2026-08-27T22:28:46.749186+09:00
Blower Scope,,,failed,False,2026-08-19T21:13:23.011051+09:00
Blower Score,,,failed,False,2026-08-19T21:06:23.756396+09:00
Blower Sheet,10.0,0.0,success,False,2026-08-19T21:06:02.010882+09:00
Blower Signal,10.0,0.0,success,False,2026-08-19T21:12:59.685218+09:00
Blower Slip,,,failed,False,2026-08-19T21:57:31.477256+09:00
Blower Slot,,,failed,False,2026-08-19T21:57:53.749303+09:00
Blower Stake,,,failed,False,2026-08-23T02:56:12.259379+09:00
Blower Stamp,,,failed,False,2026-08-23T13:28:13.588297+09:00
Blower Statement,,,failed,False,2026-08-21T00:35:29.281212+09:00
Blower Station,40.0,59.0,success,False,2026-08-19T21:16:09.798326+09:00
Blower Status,,,failed,False,2026-08-19T21:07:02.698289+09:00
Blower Studio,,,failed,False,2026-08-19T21:15:49.735937+09:00
Blower Subsidy,10.0,0.0,success,False,2026-08-23T15:50:16.987712+09:00
Blower Sum,,,failed,False,2026-08-21T02:25:01.097647+09:00
Blower Summary,,,failed,False,2026-08-19T21:08:46.825044+09:00
Blower Tab,,,failed,False,2026-08-21T00:35:54.809657+09:00
Blower Table,40.0,42.0,success,False,2026-08-19T21:57:11.207151+09:00
Blower Tag,,,failed,False,2026-08-19T21:06:42.695560+09:00
Blower Tariff,,,failed,False,2026-08-21T02:41:35.267281+09:00
Blower Tax,,,failed,False,2026-08-21T02:09:00.837465+09:00
Blower Terminal,,,failed,False,2026-08-19T21:16:23.704707+09:00
Blower Ticker,,,failed,False,2026-08-19T21:04:17.654082+09:00
Blower Ticket,,,failed,False,2026-08-19T21:09:50.193216+09:00
Blower Timeline,,,failed,False,2026-08-19T21:08:58.951614+09:00
Blower Timer,20.0,30.0,success,False,2026-08-28T00:25:29.232687+09:00
Blower Toll,,,failed,False,2026-08-21T02:41:28.147668+09:00
Blower Toolbox,,,failed,False,2026-08-28T00:25:34.855882+09:00
Blower Total,260.0,100.0,success,False,2026-08-27T23:12:54.177935+09:00
Blower Tracker,,,failed,False,2026-08-19T21:10:46.722805+09:00
Blower Trail,,,failed,False,2026-08-19T21:17:59.528469+09:00
Blower Trend,,,failed,False,2026-08-28T01:06:54.096928+09:00
Blower Trial,,,failed,False,2026-08-27T21:14:36.415267+09:00
Blower Unit,260.0,42.0,success,False,2026-08-21T01:51:47.599222+09:00
Blower Update,10.0,0.0,success,False,2026-08-19T21:08:05.171033+09:00
Blower Value,,,failed,False,2026-08-23T02:56:08.739557+09:00
Blower Vault,,,failed,False,2026-08-19T21:11:55.349483+09:00
Blower Version,,,failed,False,2026-08-23T03:21:32.618577+09:00
Blower View,,,failed,False,2026-08-19T21:07:16.203533+09:00
Blower Watch,30.0,87.0,success,False,2026-08-19T21:13:13.092758+09:00
Blower Wave,,,failed,False,2026-08-19T21:13:59.350184+09:00
Blower Widget,,,failed,False,2026-08-27T23:12:56.649660+09:00
Blower Window,20.0,0.0,success,False,2026-08-19T21:04:44.071622+09:00
Blower Worksheet,,,failed,False,2026-08-27T22:09:01.274163+09:00
Blower Workshop,480.0,100.0,success,False,2026-08-28T00:25:29.232687+09:00
Blower Yard,260.0,100.0,success,False,2026-08-19T21:31:38.211604+09:00
Blower Zone,,,failed,False,2026-08-19T21:16:46.731573+09:00
Blueprint Advisory,140.0,1.0,success,False,2026-08-21T01:05:11.632109+09:00
Blueprint Allowance,,,failed,False,2026-08-21T02:42:41.863985+09:00
Blueprint Almanac,,,failed,False,2026-08-18T22:07:24.351116+09:00
Blueprint Analyzer,40.0,4.0,success,False,2026-08-27T23:57:37.780075+09:00
Blueprint Anchor,,,failed,False,2026-08-17T20:48:00.384731+09:00
Blueprint Asset,10.0,0.0,success,False,2026-08-23T13:47:49.087746+09:00
Blueprint Assistant,10.0,0.0,success,False,2026-08-17T23:08:28.176792+09:00
Blueprint Atlas,390.0,0.0,success,False,2026-08-17T20:38:21.061174+09:00
Blueprint Attribute,,,failed,False,2026-08-23T13:08:15.174863+09:00
Blueprint Balance,,,failed,False,2026-08-23T13:47:46.605419+09:00
Blueprint Base,480.0,5.0,success,False,2026-08-17T20:35:03.370957+09:00
Blueprint Beacon,10.0,0.0,success,False,2026-08-17T21:33:37.652467+09:00
Blueprint Bill,10.0,0.0,success,False,2026-08-19T21:56:32.690388+09:00
Blueprint Board,170.0,6.0,success,False,2026-08-17T20:32:00.957216+09:00
Blueprint Book,1300.0,37.0,success,False,2026-08-19T21:57:27.705045+09:00
Blueprint Bridge,110.0,1.0,success,False,2026-08-17T21:30:18.085086+09:00
Blueprint Brief,,,failed,False,2026-08-21T01:04:24.715250+09:00
Blueprint Bulletin,10.0,0.0,success,False,2026-08-21T01:04:18.102523+09:00
Blueprint Cabinet,880.0,100.0,success,False,2026-08-27T23:15:07.984003+09:00
Blueprint Calculator,140.0,0.0,success,False,2026-08-27T23:35:43.099138+09:00
Blueprint Calendar,40.0,31.0,success,False,2026-08-18T23:57:58.396596+09:00
Blueprint Card,480.0,2.0,success,False,2026-08-19T13:29:02.484553+09:00
Blueprint Cascade,,,failed,False,2026-08-17T21:31:28.023870+09:00
Blueprint Cash,,,failed,False,2026-08-21T02:27:23.796384+09:00
Blueprint Cashback,,,failed,False,2026-08-27T21:17:47.451913+09:00
Blueprint Category,,,failed,False,2026-08-23T13:08:12.908274+09:00
Blueprint Center,30.0,0.0,success,False,2026-08-17T21:36:22.095100+09:00
Blueprint Chain,,,failed,False,2026-08-17T20:42:29.560038+09:00
Blueprint Charge,,,failed,False,2026-08-21T02:42:30.088898+09:00
Blueprint Check,20.0,0.0,success,False,2026-08-19T13:29:35.607135+09:00
Blueprint Checker,,,failed,False,2026-08-27T23:57:33.676197+09:00
Blueprint Circular,,,failed,False,2026-08-21T01:04:35.050629+09:00
Blueprint Cockpit,,,failed,False,2026-08-17T23:26:22.390418+09:00
Blueprint Code,720.0,4.0,success,False,2026-08-19T21:56:56.242658+09:00
Blueprint Codex,,,failed,False,2026-08-18T22:07:40.431986+09:00
Blueprint Companion,,,failed,False,2026-08-17T23:06:24.757707+09:00
Blueprint Comparison,,,failed,False,2026-08-28T01:07:41.597003+09:00
Blueprint Compass,110.0,0.0,success,False,2026-08-17T21:34:42.632014+09:00
Blueprint Compendium,10.0,0.0,success,False,2026-08-18T22:07:30.618042+09:00
Blueprint Confirmation,,,failed,False,2026-08-21T01:05:18.575555+09:00
Blueprint Console,,,failed,False,2026-08-17T21:33:10.630129+09:00
Blueprint Converter,70.0,2.0,success,False,2026-08-27T23:35:50.995626+09:00
Blueprint Core,20.0,0.0,success,False,2026-08-17T20:34:11.615000+09:00
Blueprint Cost,110.0,7.0,success,False,2026-08-21T02:11:46.716437+09:00
Blueprint Count,,,failed,False,2026-08-27T22:49:42.275363+09:00
Blueprint Counter,,,failed,False,2026-08-18T23:58:54.171473+09:00
Blueprint Coupon,880.0,21.0,success,False,2026-08-27T21:17:47.451913+09:00
Blueprint Dashboard,110.0,5.0,success,False,2026-08-17T23:11:46.496961+09:00
Blueprint Deal,20.0,20.0,success,False,2026-08-21T01:56:38.086153+09:00
Blueprint Debt,,,failed,False,2026-08-21T02:27:17.411779+09:00
Blueprint Deck,50.0,75.0,success,False,2026-08-18T07:52:41.803734+09:00
Blueprint Depot,40.0,5.0,success,False,2026-08-18T23:58:38.723569+09:00
Blueprint Desk,260.0,100.0,success,False,2026-08-17T21:39:22.624237+09:00
Blueprint Detail,170.0,0.0,success,False,2026-08-23T03:21:28.061139+09:00
Blueprint Detector,,,failed,False,2026-08-27T23:57:37.780075+09:00
Blueprint Dial,,,failed,False,2026-08-17T21:30:50.388708+09:00
Blueprint Digest,,,failed,False,2026-08-19T20:43:36.722310+09:00
Blueprint Directory,10.0,0.0,success,False,2026-08-18T23:58:07.902911+09:00
Blueprint Discount,50.0,18.0,success,False,2026-08-23T16:15:33.574414+09:00
Blueprint Dock,,,failed,False,2026-08-17T20:45:16.547101+09:00
Blueprint Dossier,,,failed,False,2026-08-21T01:04:52.081586+09:00
Blueprint Downpayment,,,failed,False,2026-08-27T21:48:57.191063+09:00
Blueprint Draft,90.0,5.0,success,False,2026-08-19T20:43:48.362624+09:00
Blueprint Due,,,failed,False,2026-08-23T15:52:24.692181+09:00
Blueprint Duty,,,failed,False,2026-08-21T02:42:36.894313+09:00
Blueprint Engine,33100.0,72.0,success,False,2026-08-17T23:24:58.944526+09:00
Blueprint Entry,10.0,0.0,success,False,2026-08-21T01:05:25.449789+09:00
Blueprint Estimator,40.0,52.0,success,False,2026-08-27T23:57:31.093402+09:00
Blueprint Excerpt,,,failed,False,2026-08-21T01:05:20.057524+09:00
Blueprint Fare,,,failed,False,2026-08-21T02:11:55.079933+09:00
Blueprint Fee,,,failed,False,2026-08-21T01:56:16.843249+09:00
Blueprint Field,,,failed,False,2026-08-23T13:08:17.193422+09:00
Blueprint File,140.0,44.0,success,False,2026-08-19T20:43:08.672141+09:00
Blueprint Finder,210.0,5.0,success,False,2026-08-18T23:58:29.314698+09:00
Blueprint Fine,,,failed,False,2026-08-23T02:56:41.108127+09:00
Blueprint Flag,,,failed,False,2026-08-21T00:32:43.028189+09:00
Blueprint Flow,20.0,1.0,success,False,2026-08-18T07:52:01.229242+09:00
Blueprint Forge,70.0,19.0,success,False,2026-08-17T21:32:36.544768+09:00
Blueprint Form,210.0,1.0,success,False,2026-08-19T13:28:55.054153+09:00
Blueprint Format,210.0,1.0,success,False,2026-08-23T13:08:19.388505+09:00
Blueprint Frame,210.0,83.0,success,False,2026-08-17T20:36:02.767132+09:00
Blueprint Fund,40.0,6.0,success,False,2026-08-21T02:27:19.706336+09:00
Blueprint Gate,10.0,0.0,success,False,2026-08-17T20:40:10.157299+09:00
Blueprint Generator,720.0,35.0,success,False,2026-08-27T23:35:50.995626+09:00
Blueprint Giveaway,,,failed,False,2026-08-27T21:17:53.742550+09:00
Blueprint Grade,,,failed,False,2026-08-21T00:32:24.105621+09:00
Blueprint Grid,880.0,3.0,success,False,2026-08-17T20:42:54.961047+09:00
Blueprint Guarantee,30.0,16.0,success,False,2026-08-28T01:07:47.366767+09:00
Blueprint Guard,,,failed,False,2026-08-17T20:34:35.742752+09:00
Blueprint Guardian,,,failed,False,2026-08-28T00:26:31.699789+09:00
Blueprint Guidebook,,,failed,False,2026-08-18T22:06:59.160335+09:00
Blueprint Helper,40.0,20.0,success,False,2026-08-28T00:26:34.139001+09:00
Blueprint History,170.0,0.0,success,False,2026-08-19T20:42:59.296448+09:00
Blueprint Hotline,,,failed,False,2026-08-19T21:14:25.391974+09:00
Blueprint Hub,70.0,3.0,success,False,2026-08-18T07:52:15.038723+09:00
Blueprint Identifier,,,failed,False,2026-08-23T13:08:09.181921+09:00
Blueprint Incentive,,,failed,False,2026-08-27T21:17:51.217476+09:00
Blueprint Index,20.0,0.0,success,False,2026-08-19T21:13:31.913325+09:00
Blueprint Insight,,,failed,False,2026-08-17T23:26:08.164356+09:00
Blueprint Installment,,,failed,False,2026-08-23T16:15:37.311219+09:00
Blueprint Item,90.0,0.0,success,False,2026-08-21T01:56:21.292165+09:00
Blueprint Journal,140.0,6.0,success,False,2026-08-18T22:06:41.570881+09:00
Blueprint Keeper,,,failed,False,2026-08-17T20:36:28.708934+09:00
Blueprint Kit,40.0,4.0,success,False,2026-08-27T22:49:39.100911+09:00
Blueprint Lab,1000.0,1.0,success,False,2026-08-17T21:40:47.686331+09:00
Blueprint Label,260.0,23.0,success,False,2026-08-27T22:13:13.048056+09:00
Blueprint Ledger,,,failed,False,2026-08-17T20:33:10.817795+09:00
Blueprint Lens,20.0,2.0,success,False,2026-08-17T20:37:00.325562+09:00
Blueprint Levy,,,failed,False,2026-08-23T13:47:51.726767+09:00
Blueprint Link,40.0,0.0,success,False,2026-08-23T03:21:18.514525+09:00
Blueprint List,210.0,0.0,success,False,2026-08-19T21:57:05.603826+09:00
Blueprint Loan,70.0,55.0,success,False,2026-08-21T02:12:01.712721+09:00
Blueprint Locator,260.0,0.0,success,False,2026-08-18T23:58:19.517114+09:00
Blueprint Lock,90.0,0.0,success,False,2026-08-17T20:38:48.292759+09:00
Blueprint Log,20.0,2.0,success,False,2026-08-19T13:28:46.213071+09:00
Blueprint Loop,10.0,0.0,success,False,2026-08-17T20:43:56.267353+09:00
Blueprint Manager,50.0,0.0,success,False,2026-08-17T20:35:35.063549+09:00
Blueprint Map,1000.0,2.0,success,False,2026-08-17T20:37:58.727524+09:00
Blueprint Marker,20.0,35.0,success,False,2026-08-23T13:27:56.242264+09:00
Blueprint Markup,,,failed,False,2026-08-23T16:39:33.315090+09:00
Blueprint Memo,,,failed,False,2026-08-21T00:32:31.934653+09:00
Blueprint Message,,,failed,False,2026-08-27T23:15:00.482378+09:00
Blueprint Meter,,,failed,False,2026-08-17T20:48:34.410191+09:00
Blueprint Metrics,,,failed,False,2026-08-17T23:04:29.933530+09:00
Blueprint Monitor,30.0,51.0,success,False,2026-08-17T23:10:09.982693+09:00
Blueprint Navigator,,,failed,False,2026-08-17T23:26:36.000104+09:00
Blueprint Nexus,,,failed,False,2026-08-17T20:39:17.196343+09:00
Blueprint Node,70.0,1.0,success,False,2026-08-17T20:40:53.994191+09:00
Blueprint Note,30.0,2.0,success,False,2026-08-19T13:29:58.473439+09:00
Blueprint Notification,,,failed,False,2026-08-27T22:49:35.364614+09:00
Blueprint Number,90.0,0.0,success,False,2026-08-23T03:21:12.022197+09:00
Blueprint Office,140.0,6.0,success,False,2026-08-18T23:58:46.816942+09:00
Blueprint Ops,,,failed,False,2026-08-17T23:13:24.499414+09:00
Blueprint Organizer,210.0,100.0,success,False,2026-08-17T23:25:53.472363+09:00
Blueprint Overage,,,failed,False,2026-08-27T21:48:54.950777+09:00
Blueprint Overdue,,,failed,False,2026-08-27T21:48:49.180539+09:00
Blueprint Panel,140.0,2.0,success,False,2026-08-17T21:31:59.895065+09:00
Blueprint Pass,,,failed,False,2026-08-21T00:31:43.518986+09:00
Blueprint Path,40.0,0.0,success,False,2026-08-17T20:40:33.502804+09:00
Blueprint Payoff,,,failed,False,2026-08-27T21:48:52.496958+09:00
Blueprint Petition,,,failed,False,2026-08-21T01:04:41.877436+09:00
Blueprint Pilot,,,failed,False,2026-08-17T21:41:25.564008+09:00
Blueprint Plan,1000.0,29.0,success,False,2026-08-21T01:56:30.460489+09:00
Blueprint Planner,1000.0,29.0,success,False,2026-08-17T23:25:36.258312+09:00
Blueprint Playbook,,,failed,False,2026-08-18T22:06:31.917725+09:00
Blueprint Point,,,failed,False,2026-08-17T20:39:43.687132+09:00
Blueprint Portal,4400.0,1.0,success,False,2026-08-17T21:34:12.134068+09:00
Blueprint Preview,,,failed,False,2026-08-28T01:07:44.108969+09:00
Blueprint Profile,10.0,0.0,success,False,2026-08-19T13:30:35.292295+09:00
Blueprint Profit,20.0,12.0,success,False,2026-08-23T02:56:29.364559+09:00
Blueprint Proposal,20.0,4.0,success,False,2026-08-28T01:07:47.366767+09:00
Blueprint Pulse,,,failed,False,2026-08-17T20:42:08.223187+09:00
Blueprint Quota,,,failed,False,2026-08-21T00:32:38.054061+09:00
Blueprint Radar,,,failed,False,2026-08-17T21:37:57.485180+09:00
Blueprint Rail,,,failed,False,2026-08-17T20:44:17.126543+09:00
Blueprint Recap,,,failed,False,2026-08-21T01:05:08.043022+09:00
Blueprint Receipt,20.0,52.0,success,False,2026-08-19T21:56:48.069412+09:00
Blueprint Register,260.0,24.0,success,False,2026-08-17T23:26:52.800903+09:00
Blueprint Registry,260.0,24.0,success,False,2026-08-18T22:07:05.348378+09:00
Blueprint Relay,,,failed,False,2026-08-17T21:36:47.272145+09:00
Blueprint Reminder,,,failed,False,2026-08-19T21:13:07.301000+09:00
Blueprint Report,50.0,1.0,success,False,2026-08-19T13:28:36.830433+09:00
Blueprint Repository,10.0,0.0,success,False,2026-08-27T23:15:10.643747+09:00
Blueprint Roadmap,40.0,6.0,success,False,2026-08-18T22:07:47.344279+09:00
Blueprint Route,20.0,0.0,success,False,2026-08-17T20:46:04.855118+09:00
Blueprint Rule,,,failed,False,2026-08-23T03:21:22.362914+09:00
Blueprint Sale,170.0,18.0,success,False,2026-08-21T02:27:26.146379+09:00
Blueprint Sample,720.0,4.0,success,False,2026-08-19T21:57:51.707228+09:00
Blueprint Scale,480.0,67.0,success,False,2026-08-17T20:47:19.659128+09:00
Blueprint Scanner,590.0,99.0,success,False,2026-08-27T23:57:33.676197+09:00
Blueprint Scheduler,,,failed,False,2026-08-17T23:15:18.258563+09:00
Blueprint Scope,,,failed,False,2026-08-17T20:44:38.858684+09:00
Blueprint Score,,,failed,False,2026-08-19T13:29:49.322759+09:00
Blueprint Sentry,,,failed,False,2026-08-17T20:37:28.424048+09:00
Blueprint Serial,10.0,0.0,success,False,2026-08-23T13:27:54.146441+09:00
Blueprint Sheet,210.0,6.0,success,False,2026-08-19T13:29:19.231161+09:00
Blueprint Shortfall,,,failed,False,2026-08-27T21:48:59.482652+09:00
Blueprint Signal,,,failed,False,2026-08-17T20:46:42.242736+09:00
Blueprint Signature,320.0,3.0,success,False,2026-08-23T13:27:56.242264+09:00
Blueprint Slip,,,failed,False,2026-08-19T21:57:37.806809+09:00
Blueprint Slot,720.0,33.0,success,False,2026-08-19T21:57:59.626776+09:00
Blueprint Snapshot,,,failed,False,2026-08-18T22:06:49.548592+09:00
Blueprint Stage,30.0,0.0,success,False,2026-08-28T00:48:15.950901+09:00
Blueprint Stake,,,failed,False,2026-08-23T02:56:35.195472+09:00
Blueprint Stamp,30.0,31.0,success,False,2026-08-23T13:27:56.242264+09:00
Blueprint Statement,30.0,0.0,success,False,2026-08-21T00:32:11.459467+09:00
Blueprint Station,40.0,0.0,success,False,2026-08-17T21:38:29.386806+09:00
Blueprint Status,10.0,0.0,success,False,2026-08-19T20:42:39.884460+09:00
Blueprint Stub,,,failed,False,2026-08-21T00:32:06.767489+09:00
Blueprint Studio,1300.0,1.0,success,False,2026-08-18T07:52:53.130004+09:00
Blueprint Suite,,,failed,False,2026-08-17T23:13:43.600383+09:00
Blueprint Sum,,,failed,False,2026-08-21T02:27:13.658425+09:00
Blueprint Summary,10.0,8.0,success,False,2026-08-19T21:12:43.604286+09:00
Blueprint Sync,20.0,3.0,success,False,2026-08-17T20:32:38.453320+09:00
Blueprint Tab,170.0,3.0,success,False,2026-08-21T00:32:47.883810+09:00
Blueprint Table,590.0,99.0,success,False,2026-08-19T21:57:14.341308+09:00
Blueprint Tag,40.0,23.0,success,False,2026-08-19T13:30:10.449633+09:00
Blueprint Tally,,,failed,False,2026-08-21T00:32:18.028421+09:00
Blueprint Tariff,,,failed,False,2026-08-21T02:42:44.475010+09:00
Blueprint Tax,90.0,17.0,success,False,2026-08-21T02:11:57.284997+09:00
Blueprint Timeline,50.0,0.0,success,False,2026-08-19T21:12:55.345811+09:00
Blueprint Toll,,,failed,False,2026-08-21T02:42:39.559962+09:00
Blueprint Toolbox,,,failed,False,2026-08-28T00:26:31.699789+09:00
Blueprint Toolkit,10.0,0.0,success,False,2026-08-18T22:06:20.125556+09:00
Blueprint Total,10.0,0.0,success,False,2026-08-27T23:15:04.402308+09:00
Blueprint Tracker,720.0,0.0,success,False,2026-08-17T20:33:42.611240+09:00
Blueprint Trail,10.0,0.0,success,False,2026-08-17T20:43:26.313536+09:00
Blueprint Trend,20.0,0.0,success,False,2026-08-28T01:07:38.587205+09:00
Blueprint Trial,20.0,7.0,success,False,2026-08-27T21:17:51.217476+09:00
Blueprint Unit,,,failed,False,2026-08-21T01:56:25.732902+09:00
Blueprint Update,40.0,0.0,success,False,2026-08-19T20:43:28.887944+09:00
Blueprint Value,20.0,32.0,success,False,2026-08-23T02:56:32.879910+09:00
Blueprint Vault,90.0,0.0,success,False,2026-08-17T21:35:46.466784+09:00
Blueprint Version,10.0,0.0,success,False,2026-08-23T03:21:14.808090+09:00
Blueprint View,90.0,0.0,success,False,2026-08-19T20:42:48.667396+09:00
Blueprint Voucher,,,failed,False,2026-08-21T00:31:52.807063+09:00
Blueprint Wallet,70.0,22.0,success,False,2026-08-27T22:49:39.100911+09:00
Blueprint Watch,320.0,5.0,success,False,2026-08-17T20:45:45.792269+09:00
Blueprint Wave,,,failed,False,2026-08-17T20:41:17.748242+09:00
Blueprint Widget,110.0,0.0,success,False,2026-08-27T23:15:07.984003+09:00
Blueprint Workbench,20.0,47.0,success,False,2026-08-18T22:06:12.435541+09:00
Blueprint Worksheet,40.0,1.0,success,False,2026-08-27T22:13:16.015424+09:00
Blueprint Workshop,390.0,10.0,success,False,2026-08-28T00:26:29.201404+09:00
Blueprint Zone,10.0,0.0,success,False,2026-08-17T21:35:14.152571+09:00
Boarding Advance,,,failed,False,2026-08-23T16:13:06.452746+09:00
Boarding Advisory,,,failed,False,2026-08-21T00:58:40.847726+09:00
Boarding Allowance,140.0,0.0,success,False,2026-08-21T02:38:23.344262+09:00
Boarding Almanac,,,failed,False,2026-08-18T22:10:10.353821+09:00
Boarding Analyzer,,,failed,False,2026-08-27T23:54:48.967937+09:00
Boarding Anchor,,,failed,False,2026-08-17T23:12:51.339052+09:00
Boarding Arrears,,,failed,False,2026-08-23T16:13:03.003819+09:00
Boarding Asset,,,failed,False,2026-08-23T13:46:21.678760+09:00
Boarding Assistant,110.0,2.0,success,False,2026-08-17T23:13:28.338167+09:00
Boarding Atlas,,,failed,False,2026-08-17T23:04:33.261831+09:00
Boarding Attribute,,,failed,False,2026-08-23T13:06:10.168774+09:00
Boarding Badge,,,failed,False,2026-08-21T00:36:37.815514+09:00
Boarding Balance,,,failed,False,2026-08-23T13:46:21.678760+09:00
Boarding Base,10.0,0.0,success,False,2026-08-17T23:12:27.386442+09:00
Boarding Beacon,,,failed,False,2026-08-17T23:11:13.383500+09:00
Boarding Bill,10.0,0.0,success,False,2026-08-19T22:05:17.062474+09:00
Boarding Blueprint,,,failed,False,2026-08-18T22:10:04.357387+09:00
Boarding Board,480.0,11.0,success,False,2026-08-17T23:33:03.029797+09:00
Boarding Book,50.0,4.0,success,False,2026-08-19T22:06:04.414832+09:00
Boarding Bridge,880.0,0.0,success,False,2026-08-17T23:30:36.598618+09:00
Boarding Brief,,,failed,False,2026-08-21T00:58:32.149871+09:00
Boarding Bulletin,,,failed,False,2026-08-21T00:58:27.692575+09:00
Boarding Calculator,,,failed,False,2026-08-27T23:34:06.441052+09:00
Boarding Calendar,,,failed,False,2026-08-18T23:58:01.279851+09:00
Boarding Card,2900.0,12.0,success,False,2026-08-19T13:34:00.979457+09:00
Boarding Cascade,,,failed,False,2026-08-17T23:05:44.417197+09:00
Boarding Cash,,,failed,False,2026-08-21T02:22:24.634972+09:00
Boarding Cashback,,,failed,False,2026-08-27T21:15:25.200797+09:00
Boarding Category,,,failed,False,2026-08-23T13:06:07.907385+09:00
Boarding Center,40.0,21.0,success,False,2026-08-17T23:23:26.681151+09:00
Boarding Chain,,,failed,False,2026-08-17T23:25:36.258312+09:00
Boarding Charge,110.0,0.0,success,False,2026-08-21T02:38:09.773029+09:00
Boarding Check,70.0,5.0,success,False,2026-08-19T13:34:20.014616+09:00
Boarding Checker,,,failed,False,2026-08-27T23:54:40.654466+09:00
Boarding Circular,,,failed,False,2026-08-21T01:00:03.837469+09:00
Boarding Cockpit,,,failed,False,2026-08-17T23:27:50.871251+09:00
Boarding Code,320.0,0.0,success,False,2026-08-19T22:05:35.780904+09:00
Boarding Codex,,,failed,False,2026-08-18T22:10:27.962314+09:00
Boarding Companion,,,failed,False,2026-08-17T23:11:28.950122+09:00
Boarding Comparison,,,failed,False,2026-08-28T01:04:57.702842+09:00
Boarding Compass,,,failed,False,2026-08-17T23:30:08.040310+09:00
Boarding Compendium,,,failed,False,2026-08-18T22:10:18.505365+09:00
Boarding Confirmation,20.0,2.0,success,False,2026-08-21T00:58:49.473587+09:00
Boarding Console,,,failed,False,2026-08-17T23:04:52.831664+09:00
Boarding Contribution,,,failed,False,2026-08-23T16:12:59.279314+09:00
Boarding Copayment,,,failed,False,2026-08-23T16:38:14.137829+09:00
Boarding Core,,,failed,False,2026-08-17T23:32:49.252049+09:00
Boarding Cost,480.0,9.0,success,False,2026-08-21T02:07:11.746620+09:00
Boarding Count,,,failed,False,2026-08-27T22:47:34.273654+09:00
Boarding Counter,70.0,0.0,success,False,2026-08-18T23:58:54.171473+09:00
Boarding Coupon,10.0,0.0,success,False,2026-08-27T21:15:22.797193+09:00
Boarding Dashboard,,,failed,False,2026-08-17T23:04:15.040980+09:00
Boarding Deal,,,failed,False,2026-08-21T01:51:22.429358+09:00
Boarding Debt,,,failed,False,2026-08-21T02:22:16.250751+09:00
Boarding Deck,40.0,18.0,success,False,2026-08-17T23:14:07.437972+09:00
Boarding Depot,,,failed,False,2026-08-18T23:58:38.723569+09:00
Boarding Desk,50.0,1.0,success,False,2026-08-17T23:29:34.686853+09:00
Boarding Detail,,,failed,False,2026-08-23T03:17:04.760167+09:00
Boarding Detector,,,failed,False,2026-08-27T23:54:45.435156+09:00
Boarding Dial,,,failed,False,2026-08-17T23:12:08.094400+09:00
Boarding Digest,,,failed,False,2026-08-19T20:47:33.785997+09:00
Boarding Directory,,,failed,False,2026-08-18T23:58:11.366687+09:00
Boarding Discount,,,failed,False,2026-08-23T16:12:51.127665+09:00
Boarding Dock,50.0,2.0,success,False,2026-08-17T23:13:46.002975+09:00
Boarding Dossier,,,failed,False,2026-08-21T00:58:54.317507+09:00
Boarding Downpayment,,,failed,False,2026-08-27T21:46:42.401025+09:00
Boarding Draft,,,failed,False,2026-08-19T20:47:43.737608+09:00
Boarding Due,,,failed,False,2026-08-23T15:51:18.067623+09:00
Boarding Duty,,,failed,False,2026-08-21T02:38:13.377279+09:00
Boarding Engine,,,failed,False,2026-08-17T23:26:52.800903+09:00
Boarding Entry,,,failed,False,2026-08-21T00:59:08.363801+09:00
Boarding Estimate,,,failed,False,2026-08-19T21:32:44.531306+09:00
Boarding Estimator,,,failed,False,2026-08-27T23:54:35.399736+09:00
Boarding Excerpt,,,failed,False,2026-08-21T00:59:03.951352+09:00
Boarding Extension,,,failed,False,2026-08-23T16:38:16.847667+09:00
Boarding Fare,,,failed,False,2026-08-21T02:07:24.034599+09:00
Boarding Fee,390.0,2.0,success,False,2026-08-21T01:51:00.424955+09:00
Boarding Feed,,,failed,False,2026-08-19T20:47:39.914949+09:00
Boarding Field,480.0,1.0,success,False,2026-08-23T13:06:13.755843+09:00
Boarding File,,,failed,False,2026-08-19T20:47:08.500238+09:00
Boarding Finder,,,failed,False,2026-08-18T23:58:29.314698+09:00
Boarding Fine,,,failed,False,2026-08-23T02:53:39.940635+09:00
Boarding Flag,,,failed,False,2026-08-21T00:25:02.156940+09:00
Boarding Flow,,,failed,False,2026-08-17T23:07:52.950180+09:00
Boarding Forge,,,failed,False,2026-08-17T23:30:21.472957+09:00
Boarding Form,590.0,6.0,success,False,2026-08-19T13:33:54.731377+09:00
Boarding Frame,10.0,0.0,success,False,2026-08-17T23:32:37.778770+09:00
Boarding Fund,,,failed,False,2026-08-21T02:22:21.674947+09:00
Boarding Gate,22200.0,27.0,success,False,2026-08-17T23:10:15.371250+09:00
Boarding Giveaway,,,failed,False,2026-08-27T21:15:29.439407+09:00
Boarding Grade,,,failed,False,2026-08-21T00:24:39.947545+09:00
Boarding Graph,,,failed,False,2026-08-27T22:09:38.149454+09:00
Boarding Grid,,,failed,False,2026-08-17T23:31:30.005121+09:00
Boarding Guarantee,,,failed,False,2026-08-28T01:05:03.424573+09:00
Boarding Guard,10.0,0.0,success,False,2026-08-17T23:28:41.981102+09:00
Boarding Guardian,,,failed,False,2026-08-28T00:24:22.351196+09:00
Boarding Guidebook,,,failed,False,2026-08-18T22:09:47.268840+09:00
Boarding Helpdesk,,,failed,False,2026-08-27T22:47:34.273654+09:00
Boarding Helper,,,failed,False,2026-08-28T00:24:29.963051+09:00
Boarding History,10.0,0.0,success,False,2026-08-19T20:47:06.290958+09:00
Boarding Hub,,,failed,False,2026-08-17T23:29:16.727834+09:00
Boarding Identifier,,,failed,False,2026-08-23T13:06:05.538611+09:00
Boarding Incentive,,,failed,False,2026-08-27T21:15:29.439407+09:00
Boarding Index,,,failed,False,2026-08-19T21:32:39.944567+09:00
Boarding Insight,,,failed,False,2026-08-17T23:27:38.183762+09:00
Boarding Installment,,,failed,False,2026-08-23T16:12:54.608017+09:00
Boarding Item,,,failed,False,2026-08-21T01:50:59.585302+09:00
Boarding Journal,,,failed,False,2026-08-18T22:09:32.067298+09:00
Boarding Keeper,,,failed,False,2026-08-17T23:11:50.330995+09:00
Boarding Kit,70.0,48.0,success,False,2026-08-27T22:47:31.900265+09:00
Boarding Lab,40.0,0.0,success,False,2026-08-17T23:08:52.279570+09:00
Boarding Label,,,failed,False,2026-08-27T22:09:38.149454+09:00
Boarding Ledger,,,failed,False,2026-08-17T23:07:11.054257+09:00
Boarding Lens,,,failed,False,2026-08-17T23:05:17.262710+09:00
Boarding Level,,,failed,False,2026-08-19T20:47:15.115131+09:00
Boarding Levy,,,failed,False,2026-08-23T13:46:24.718234+09:00
Boarding Link,,,failed,False,2026-08-23T03:16:59.377666+09:00
Boarding List,110.0,0.0,success,False,2026-08-19T22:05:43.764657+09:00
Boarding Loan,,,failed,False,2026-08-21T02:07:34.217644+09:00
Boarding Locator,,,failed,False,2026-08-18T23:58:19.517114+09:00
Boarding Lock,,,failed,False,2026-08-17T23:10:52.063537+09:00
Boarding Log,10.0,1.0,success,False,2026-08-19T13:33:46.951331+09:00
Boarding Loop,,,failed,False,2026-08-17T23:14:27.748058+09:00
Boarding Manager,1300.0,6.0,success,False,2026-08-17T23:26:36.000104+09:00
Boarding Manual,,,failed,False,2026-08-27T22:09:41.685906+09:00
Boarding Map,20.0,0.0,success,False,2026-08-17T23:32:25.255075+09:00
Boarding Markup,,,failed,False,2026-08-23T16:38:11.972867+09:00
Boarding Memo,,,failed,False,2026-08-21T00:24:49.316489+09:00
Boarding Message,10.0,0.0,success,False,2026-08-27T23:12:34.540185+09:00
Boarding Meter,,,failed,False,2026-08-17T23:24:23.365405+09:00
Boarding Metrics,,,failed,False,2026-08-17T23:09:54.812310+09:00
Boarding Monitor,90.0,0.0,success,False,2026-08-17T23:15:05.132671+09:00
Boarding Navigator,,,failed,False,2026-08-17T23:28:06.508675+09:00
Boarding Nexus,,,failed,False,2026-08-17T23:26:10.639676+09:00
Boarding Node,,,failed,False,2026-08-17T23:25:55.806145+09:00
Boarding Note,,,failed,False,2026-08-19T13:35:12.097075+09:00
Boarding Notification,,,failed,False,2026-08-27T22:47:28.680273+09:00
Boarding Number,170.0,0.0,success,False,2026-08-23T03:16:44.260724+09:00
Boarding Office,40.0,2.0,success,False,2026-08-18T23:58:46.816942+09:00
Boarding Ops,,,failed,False,2026-08-17T23:06:04.469497+09:00
Boarding Order,40.0,0.0,success,False,2026-08-19T22:05:01.387918+09:00
Boarding Organizer,,,failed,False,2026-08-17T23:27:21.585941+09:00
Boarding Overage,,,failed,False,2026-08-27T21:46:42.401025+09:00
Boarding Overdue,,,failed,False,2026-08-27T21:46:42.401025+09:00
Boarding Panel,70.0,94.0,success,False,2026-08-17T23:24:01.156266+09:00
Boarding Path,10.0,0.0,success,False,2026-08-17T23:03:37.118721+09:00
Boarding Penalty,1300.0,0.0,success,True,2026-08-23T16:38:11.972867+09:00
Boarding Petition,,,failed,False,2026-08-21T00:58:44.836971+09:00
Boarding Pilot,,,failed,False,2026-08-17T23:14:46.249386+09:00
Boarding Plan,50.0,1.0,success,False,2026-08-21T01:51:15.763734+09:00
Boarding Planner,20.0,12.0,success,False,2026-08-17T23:27:09.313673+09:00
Boarding Playbook,,,failed,False,2026-08-18T22:09:23.803071+09:00
Boarding Point,2400.0,1.0,success,False,2026-08-17T23:32:05.926406+09:00
Boarding Portal,1600.0,33.0,success,False,2026-08-17T23:23:43.975283+09:00
Boarding Preview,10.0,,success,False,2026-08-28T01:05:00.784184+09:00
Boarding Profile,,,failed,False,2026-08-19T13:35:27.432298+09:00
Boarding Profit,,,failed,False,2026-08-23T02:53:27.977389+09:00
Boarding Proposal,,,failed,False,2026-08-28T01:05:03.424573+09:00
Boarding Pulse,,,failed,False,2026-08-17T23:09:18.796206+09:00
Boarding Quota,,,failed,False,2026-08-21T00:24:54.126348+09:00
Boarding Radar,,,failed,False,2026-08-17T23:09:36.803243+09:00
Boarding Rail,390.0,62.0,success,False,2026-08-17T23:25:00.626086+09:00
Boarding Rate,70.0,2.0,success,False,2026-08-19T20:47:22.248072+09:00
Boarding Recap,,,failed,False,2026-08-21T01:00:08.450743+09:00
Boarding Receipt,,,failed,False,2026-08-19T22:05:25.560581+09:00
Boarding Redemption,,,failed,False,2026-08-23T16:38:14.137829+09:00
Boarding Register,,,failed,False,2026-08-17T23:28:19.331420+09:00
Boarding Registry,,,failed,False,2026-08-18T22:09:56.131275+09:00
Boarding Relay,,,failed,False,2026-08-17T23:29:51.250400+09:00
Boarding Reminder,,,failed,False,2026-08-19T21:32:38.095873+09:00
Boarding Report,10.0,0.0,success,False,2026-08-19T13:33:40.733972+09:00
Boarding Repository,,,failed,False,2026-08-27T23:12:44.367905+09:00
Boarding Roadmap,,,failed,False,2026-08-18T22:10:34.249457+09:00
Boarding Roster,,,failed,False,2026-08-19T00:37:37.516387+09:00
Boarding Route,,,failed,False,2026-08-17T23:24:44.637673+09:00
Boarding Rule,20.0,0.0,success,False,2026-08-23T03:17:02.268689+09:00
Boarding Sale,,,failed,False,2026-08-21T02:22:32.305318+09:00
Boarding Sample,,,failed,False,2026-08-19T22:06:26.107612+09:00
Boarding Scale,,,failed,False,2026-08-17T23:06:45.787789+09:00
Boarding Scanner,,,failed,False,2026-08-27T23:54:45.435156+09:00
Boarding Scheduler,,,failed,False,2026-08-17T23:08:11.112323+09:00
Boarding Scope,,,failed,False,2026-08-17T23:31:12.330432+09:00
Boarding Score,,,failed,False,2026-08-19T13:34:25.531210+09:00
Boarding Sentry,,,failed,False,2026-08-17T23:26:24.551704+09:00
Boarding Sheet,3600.0,67.0,success,False,2026-08-19T13:34:06.788909+09:00
Boarding Signal,,,failed,False,2026-08-17T23:30:52.147668+09:00
Boarding Signature,,,failed,False,2026-08-23T13:27:11.117738+09:00
Boarding Slip,,,failed,False,2026-08-19T22:06:12.556669+09:00
Boarding Slot,10.0,0.0,success,False,2026-08-19T22:06:35.304978+09:00
Boarding Snapshot,,,failed,False,2026-08-18T22:09:39.839296+09:00
Boarding Stake,,,failed,False,2026-08-23T02:53:34.328450+09:00
Boarding Statement,,,failed,False,2026-08-21T00:36:48.316365+09:00
Boarding Station,1300.0,0.0,success,True,2026-08-17T23:33:28.426699+09:00
Boarding Status,110.0,2.0,success,False,2026-08-19T20:46:51.690221+09:00
Boarding Stub,,,failed,False,2026-08-21T00:36:42.590036+09:00
Boarding Studio,,,failed,False,2026-08-17T23:33:13.848442+09:00
Boarding Subsidy,,,failed,False,2026-08-23T15:51:20.195828+09:00
Boarding Suite,30.0,6.0,success,False,2026-08-17T23:06:26.824049+09:00
Boarding Sum,,,failed,False,2026-08-21T02:22:10.235863+09:00
Boarding Summary,,,failed,False,2026-08-19T21:32:32.734528+09:00
Boarding Sync,,,failed,False,2026-08-17T23:29:01.871676+09:00
Boarding Tab,,,failed,False,2026-08-21T00:25:07.096192+09:00
Boarding Table,1300.0,98.0,success,False,2026-08-19T22:05:54.572880+09:00
Boarding Tag,90.0,14.0,success,False,2026-08-19T13:35:17.832639+09:00
Boarding Tally,,,failed,False,2026-08-21T00:36:50.529911+09:00
Boarding Tariff,,,failed,False,2026-08-21T02:38:25.978724+09:00
Boarding Tax,20.0,0.0,success,False,2026-08-21T02:07:29.886940+09:00
Boarding Ticket,1600.0,19.0,success,False,2026-08-19T21:32:42.554846+09:00
Boarding Tier,,,failed,False,2026-08-28T00:47:20.872913+09:00
Boarding Timeline,,,failed,False,2026-08-19T21:32:36.347329+09:00
Boarding Timer,,,failed,False,2026-08-28T00:24:19.907536+09:00
Boarding Toll,,,failed,False,2026-08-21T02:38:19.881796+09:00
Boarding Toolbox,,,failed,False,2026-08-28T00:24:27.565309+09:00
Boarding Toolkit,,,failed,False,2026-08-18T22:09:15.023895+09:00
Boarding Total,,,failed,False,2026-08-27T23:12:37.040829+09:00
Boarding Tracker,,,failed,False,2026-08-17T23:13:09.056664+09:00
Boarding Trail,,,failed,False,2026-08-17T23:08:30.361207+09:00
Boarding Trend,,,failed,False,2026-08-28T01:04:54.734993+09:00
Boarding Trial,,,failed,False,2026-08-27T21:15:25.200797+09:00
Boarding Unit,,,failed,False,2026-08-21T01:51:12.065747+09:00
Boarding Update,,,failed,False,2026-08-19T20:47:28.016879+09:00
Boarding Value,,,failed,False,2026-08-23T02:53:30.954147+09:00
Boarding Vault,,,failed,False,2026-08-17T23:03:58.711434+09:00
Boarding Version,,,failed,False,2026-08-23T03:16:47.860821+09:00
Boarding View,,,failed,False,2026-08-19T20:47:00.737978+09:00
Boarding Voucher,10.0,0.0,success,False,2026-08-21T00:36:35.821010+09:00
Boarding Watch,,,failed,False,2026-08-17T23:07:35.240679+09:00
Boarding Wave,,,failed,False,2026-08-17T23:31:48.177682+09:00
Boarding Widget,,,failed,False,2026-08-27T23:12:37.040829+09:00
Boarding Window,720.0,24.0,success,False,2026-08-19T12:26:17.646351+09:00
Boarding Workbench,,,failed,False,2026-08-18T22:09:07.653451+09:00
Boarding Worksheet,,,failed,False,2026-08-27T22:09:41.685906+09:00
Boarding Workshop,50.0,1.0,success,False,2026-08-28T00:24:22.351196+09:00
Boarding Zone,590.0,0.0,success,False,2026-08-17T23:10:33.409769+09:00
Boiler Advance,170.0,28.0,success,False,2026-08-23T16:17:00.383036+09:00
Boiler Advisory,10.0,0.0,success,False,2026-08-21T01:07:47.643040+09:00
Boiler Alert,720.0,0.0,success,False,2026-08-19T21:17:47.761016+09:00
Boiler Allowance,10.0,0.0,success,False,2026-08-21T02:37:31.175739+09:00
Boiler Analyzer,20.0,100.0,success,False,2026-08-27T23:56:20.084184+09:00
Boiler Arrears,,,failed,False,2026-08-23T16:16:57.987177+09:00
Boiler Asset,,,failed,False,2026-08-23T13:47:58.149011+09:00
Boiler Assistant,90.0,4.0,success,False,2026-08-19T21:12:24.209579+09:00
Boiler Atlas,20.0,90.0,success,False,2026-08-19T21:11:37.631930+09:00
Boiler Badge,,,failed,False,2026-08-21T00:32:34.737926+09:00
Boiler Base,90.0,10.0,success,False,2026-08-19T21:07:29.278050+09:00
Boiler Bay,880.0,1.0,success,False,2026-08-19T21:16:06.341907+09:00
Boiler Beacon,,,failed,False,2026-08-19T21:04:51.175636+09:00
Boiler Bill,30.0,1.0,success,False,2026-08-19T21:46:58.234898+09:00
Boiler Board,880.0,2.0,success,False,2026-08-19T21:07:58.848698+09:00
Boiler Book,390.0,62.0,success,False,2026-08-19T21:48:11.031110+09:00
Boiler Bridge,20.0,0.0,success,False,2026-08-19T21:05:28.660617+09:00
Boiler Brief,,,failed,False,2026-08-21T01:07:39.342209+09:00
Boiler Bulletin,,,failed,False,2026-08-21T01:07:35.741700+09:00
Boiler Cabinet,880.0,100.0,success,False,2026-08-27T23:12:39.391295+09:00
Boiler Calculator,170.0,22.0,success,False,2026-08-27T23:34:29.939711+09:00
Boiler Calendar,,,failed,False,2026-08-19T21:14:12.923572+09:00
Boiler Card,20.0,0.0,success,False,2026-08-19T21:20:00.703413+09:00
Boiler Cascade,140.0,13.0,success,False,2026-08-19T21:05:15.949286+09:00
Boiler Cash,10.0,0.0,success,False,2026-08-21T02:30:24.474717+09:00
Boiler Cashback,10.0,86.0,success,False,2026-08-27T21:13:46.392108+09:00
Boiler Category,20.0,5.0,success,False,2026-08-23T13:07:14.038929+09:00
Boiler Center,70.0,12.0,success,False,2026-08-19T21:09:04.357233+09:00
Boiler Charge,10.0,2.0,success,False,2026-08-21T02:37:15.297674+09:00
Boiler Chart,140.0,0.0,success,False,2026-08-19T21:17:55.830991+09:00
Boiler Check,720.0,69.0,success,False,2026-08-19T21:29:07.329786+09:00
Boiler Checker,720.0,69.0,success,False,2026-08-27T23:56:11.954519+09:00
Boiler Circular,50.0,16.0,success,False,2026-08-21T01:07:43.373010+09:00
Boiler Code,590.0,1.0,success,False,2026-08-19T21:47:30.295909+09:00
Boiler Companion,,,failed,False,2026-08-19T21:13:04.964598+09:00
Boiler Comparison,390.0,66.0,success,False,2026-08-28T01:07:27.619930+09:00
Boiler Compass,,,failed,False,2026-08-19T21:04:38.364310+09:00
Boiler Confirmation,,,failed,False,2026-08-21T01:07:54.087465+09:00
Boiler Console,,,failed,False,2026-08-19T21:09:42.547953+09:00
Boiler Contribution,,,failed,False,2026-08-23T16:16:55.140069+09:00
Boiler Core,20.0,0.0,success,False,2026-08-19T21:07:40.402937+09:00
Boiler Cost,2400.0,55.0,success,False,2026-08-21T02:13:09.073610+09:00
Boiler Count,,,failed,False,2026-08-27T22:47:06.029080+09:00
Boiler Counter,,,failed,False,2026-08-19T21:15:11.193054+09:00
Boiler Coupon,,,failed,False,2026-08-27T21:13:37.797342+09:00
Boiler Deal,480.0,95.0,success,False,2026-08-21T01:56:46.597919+09:00
Boiler Debt,,,failed,False,2026-08-21T02:30:12.359355+09:00
Boiler Deck,260.0,0.0,success,False,2026-08-19T21:08:09.987838+09:00
Boiler Desk,,,failed,False,2026-08-19T21:03:47.017770+09:00
Boiler Detail,70.0,11.0,success,False,2026-08-23T03:18:21.895981+09:00
Boiler Detector,,,failed,False,2026-08-27T23:56:16.956086+09:00
Boiler Diagram,2900.0,0.0,success,True,2026-08-27T22:07:57.599246+09:00
Boiler Directory,,,failed,False,2026-08-19T21:14:23.234492+09:00
Boiler Discount,30.0,92.0,success,False,2026-08-23T16:16:51.381360+09:00
Boiler Dossier,,,failed,False,2026-08-21T01:07:58.607843+09:00
Boiler Downpayment,,,failed,False,2026-08-27T21:46:10.871215+09:00
Boiler Draft,70.0,3.0,success,False,2026-08-19T21:30:40.784781+09:00
Boiler Due,,,failed,False,2026-08-23T15:52:46.857399+09:00
Boiler Duty,10.0,0.0,success,False,2026-08-21T02:37:19.204094+09:00
Boiler Engine,170.0,6.0,success,False,2026-08-19T21:12:09.668415+09:00
Boiler Entry,,,failed,False,2026-08-21T01:08:07.982267+09:00
Boiler Estimate,30.0,74.0,success,False,2026-08-19T21:31:27.001536+09:00
Boiler Estimator,,,failed,False,2026-08-27T23:56:05.344982+09:00
Boiler Excerpt,,,failed,False,2026-08-21T01:08:06.645069+09:00
Boiler Fare,,,failed,False,2026-08-21T02:13:20.223987+09:00
Boiler Fee,30.0,2.0,success,False,2026-08-21T01:56:23.932930+09:00
Boiler Feed,720.0,22.0,success,False,2026-08-19T21:30:33.343002+09:00
Boiler File,,,failed,False,2026-08-19T21:30:05.370784+09:00
Boiler Finder,10.0,55.0,success,False,2026-08-19T21:14:46.806152+09:00
Boiler Fine,,,failed,False,2026-08-23T02:53:47.851129+09:00
Boiler Flag,,,failed,False,2026-08-21T00:33:10.095062+09:00
Boiler Flow,170.0,99.0,success,False,2026-08-19T21:31:45.728679+09:00
Boiler Forge,,,failed,False,2026-08-19T21:05:03.787854+09:00
Boiler Form,90.0,3.0,success,False,2026-08-19T21:19:49.170898+09:00
Boiler Frame,90.0,68.0,success,False,2026-08-19T21:07:19.840236+09:00
Boiler Fund,880.0,70.0,success,False,2026-08-21T02:30:16.403499+09:00
Boiler Gate,50.0,1.0,success,False,2026-08-19T21:11:14.866023+09:00
Boiler Giveaway,,,failed,False,2026-08-27T21:13:49.979348+09:00
Boiler Grade,,,failed,False,2026-08-21T00:32:57.061306+09:00
Boiler Grid,,,failed,False,2026-08-19T21:06:30.155036+09:00
Boiler Guarantee,590.0,39.0,success,False,2026-08-28T01:07:32.974301+09:00
Boiler Guardian,480.0,100.0,success,False,2026-08-28T00:25:42.430031+09:00
Boiler Helpdesk,,,failed,False,2026-08-27T22:47:08.510624+09:00
Boiler Helper,260.0,23.0,success,False,2026-08-28T00:25:44.811086+09:00
Boiler History,50.0,0.0,success,False,2026-08-19T21:29:57.691182+09:00
Boiler Hub,90.0,46.0,success,False,2026-08-19T21:03:32.051785+09:00
Boiler Identifier,,,failed,False,2026-08-23T13:07:10.531607+09:00
Boiler Inbox,,,failed,False,2026-08-19T21:17:37.116648+09:00
Boiler Incentive,10.0,0.0,success,False,2026-08-27T21:13:49.979348+09:00
Boiler Index,,,failed,False,2026-08-19T21:31:12.885816+09:00
Boiler Installment,,,failed,False,2026-08-23T16:16:55.140069+09:00
Boiler Item,40.0,8.0,success,False,2026-08-21T01:56:30.460489+09:00
Boiler Journal,50.0,19.0,success,False,2026-08-19T21:13:52.940752+09:00
Boiler Keeper,,,failed,False,2026-08-19T21:11:48.091080+09:00
Boiler Kiosk,,,failed,False,2026-08-19T21:15:44.600624+09:00
Boiler Kit,260.0,100.0,success,False,2026-08-27T22:47:02.636160+09:00
Boiler Lab,320.0,4.0,success,False,2026-08-19T21:08:31.191170+09:00
Boiler Label,480.0,5.0,success,False,2026-08-27T22:07:48.909558+09:00
Boiler Ledger,,,failed,False,2026-08-19T21:07:49.558493+09:00
Boiler Level,30.0,1.0,success,False,2026-08-19T21:30:12.319072+09:00
Boiler Line,140.0,15.0,success,False,2026-08-19T21:18:48.274039+09:00
Boiler Link,590.0,0.0,success,False,2026-08-23T03:18:14.803596+09:00
Boiler List,30.0,9.0,success,False,2026-08-19T21:47:43.048701+09:00
Boiler Loan,50.0,64.0,success,False,2026-08-21T02:13:25.435180+09:00
Boiler Lobby,,,failed,False,2026-08-19T21:18:24.331096+09:00
Boiler Locator,,,failed,False,2026-08-19T21:14:34.800336+09:00
Boiler Locker,,,failed,False,2026-08-19T21:15:22.705045+09:00
Boiler Log,590.0,47.0,success,False,2026-08-19T21:19:37.758100+09:00
Boiler Loop,110.0,53.0,success,False,2026-08-19T21:06:16.769807+09:00
Boiler Manager,20.0,0.0,success,False,2026-08-19T21:11:59.918866+09:00
Boiler Manual,590.0,15.0,success,False,2026-08-27T22:07:54.366638+09:00
Boiler Map,30.0,2.0,success,False,2026-08-19T21:07:08.840903+09:00
Boiler Margin,,,failed,False,2026-08-23T02:53:45.297778+09:00
Boiler Markup,,,failed,False,2026-08-23T16:40:23.481453+09:00
Boiler Memo,,,failed,False,2026-08-21T00:33:01.322590+09:00
Boiler Message,,,failed,False,2026-08-27T23:12:34.540185+09:00
Boiler Monitor,70.0,23.0,success,False,2026-08-19T21:12:53.220290+09:00
Boiler Note,,,failed,False,2026-08-19T21:29:21.643935+09:00
Boiler Notification,20.0,0.0,success,False,2026-08-27T22:46:59.897454+09:00
Boiler Number,110.0,12.0,success,False,2026-08-23T03:18:03.824260+09:00
Boiler Office,480.0,6.0,success,False,2026-08-19T21:15:00.223476+09:00
Boiler Ops,,,failed,False,2026-08-19T21:13:29.995507+09:00
Boiler Order,1900.0,0.0,success,True,2026-08-19T21:46:47.844671+09:00
Boiler Outpost,,,failed,False,2026-08-19T21:16:27.560091+09:00
Boiler Overdue,,,failed,False,2026-08-27T21:46:08.601206+09:00
Boiler Panel,390.0,17.0,success,False,2026-08-19T21:09:55.427058+09:00
Boiler Path,,,failed,False,2026-08-19T21:06:47.923280+09:00
Boiler Payoff,,,failed,False,2026-08-27T21:46:08.601206+09:00
Boiler Penalty,,,failed,False,2026-08-23T16:40:23.481453+09:00
Boiler Petition,10.0,,success,False,2026-08-21T01:07:49.697646+09:00
Boiler Plan,390.0,45.0,success,False,2026-08-21T01:56:41.739952+09:00
Boiler Planner,,,failed,False,2026-08-19T21:12:33.528106+09:00
Boiler Playbook,,,failed,False,2026-08-19T21:13:40.486879+09:00
Boiler Plaza,,,failed,False,2026-08-19T21:16:39.026055+09:00
Boiler Point,301000.0,4.0,success,False,2026-08-19T21:06:57.837919+09:00
Boiler Portal,20.0,1.0,success,False,2026-08-19T21:09:29.663933+09:00
Boiler Post,20.0,0.0,success,False,2026-08-19T21:16:16.247165+09:00
Boiler Preview,,,failed,False,2026-08-28T01:07:30.106939+09:00
Boiler Price,5400.0,78.0,success,False,2026-08-21T02:13:15.591815+09:00
Boiler Profile,,,failed,False,2026-08-19T21:29:36.124531+09:00
Boiler Profit,,,failed,False,2026-08-23T02:53:36.421361+09:00
Boiler Proposal,,,failed,False,2026-08-28T01:07:30.106939+09:00
Boiler Quota,,,failed,False,2026-08-21T00:33:05.849456+09:00
Boiler Radar,,,failed,False,2026-08-19T21:03:59.838072+09:00
Boiler Rate,320.0,0.0,success,False,2026-08-19T21:30:20.208348+09:00
Boiler Recap,,,failed,False,2026-08-21T01:08:00.929637+09:00
Boiler Receipt,,,failed,False,2026-08-19T21:47:16.114306+09:00
Boiler Recorder,,,failed,False,2026-08-27T23:34:34.248381+09:00
Boiler Register,480.0,74.0,success,False,2026-08-19T21:13:19.288024+09:00
Boiler Registry,480.0,74.0,success,False,2026-08-19T21:14:03.656959+09:00
Boiler Relay,390.0,56.0,success,False,2026-08-19T21:04:11.577084+09:00
Boiler Reminder,,,failed,False,2026-08-19T21:31:05.316836+09:00
Boiler Report,50.0,18.0,success,False,2026-08-19T21:19:25.343582+09:00
Boiler Repository,,,failed,False,2026-08-27T23:12:44.367905+09:00
Boiler Roll,10.0,0.0,success,False,2026-08-19T21:19:14.051362+09:00
Boiler Roster,,,failed,False,2026-08-19T21:17:29.124164+09:00
Boiler Route,,,failed,False,2026-08-19T21:10:20.581807+09:00
Boiler Rule,50.0,0.0,success,False,2026-08-23T03:18:18.334398+09:00
Boiler Sale,3600.0,99.0,success,False,2026-08-21T02:30:27.978125+09:00
Boiler Sample,10.0,20.0,success,False,2026-08-19T21:48:37.941943+09:00
Boiler Scale,1000.0,1.0,success,False,2026-08-19T21:10:11.430001+09:00
Boiler Scanner,,,failed,False,2026-08-27T23:56:16.956086+09:00
Boiler Schematic,260.0,1.0,success,False,2026-08-27T22:28:42.749169+09:00
Boiler Scope,,,failed,False,2026-08-19T21:06:06.633142+09:00
Boiler Score,10.0,9.0,success,False,2026-08-19T21:29:12.327035+09:00
Boiler Sheet,90.0,20.0,success,False,2026-08-19T21:20:12.462826+09:00
Boiler Signal,,,failed,False,2026-08-19T21:05:41.663242+09:00
Boiler Slip,,,failed,False,2026-08-19T21:48:22.940977+09:00
Boiler Slot,,,failed,False,2026-08-19T21:48:55.925505+09:00
Boiler Stake,,,failed,False,2026-08-23T02:53:39.940635+09:00
Boiler Statement,10.0,0.0,success,False,2026-08-21T00:32:47.883810+09:00
Boiler Station,50.0,8.0,success,False,2026-08-19T21:08:42.108199+09:00
Boiler Status,30.0,1.0,success,False,2026-08-19T21:29:42.361641+09:00
Boiler Stub,,,failed,False,2026-08-21T00:32:43.028189+09:00
Boiler Studio,2900.0,14.0,success,False,2026-08-19T21:08:19.397533+09:00
Boiler Subsidy,20.0,30.0,success,False,2026-08-23T15:52:48.928193+09:00
Boiler Sum,,,failed,False,2026-08-21T02:30:08.779542+09:00
Boiler Summary,,,failed,False,2026-08-19T21:30:47.462824+09:00
Boiler Surtax,,,failed,False,2026-08-23T15:52:48.928193+09:00
Boiler Tab,70.0,0.0,success,False,2026-08-21T00:33:14.863078+09:00
Boiler Table,90.0,70.0,success,False,2026-08-19T21:47:55.928943+09:00
Boiler Tag,2900.0,2.0,success,False,2026-08-19T21:29:28.610068+09:00
Boiler Tally,,,failed,False,2026-08-21T00:32:52.523477+09:00
Boiler Tariff,,,failed,False,2026-08-21T02:37:35.054521+09:00
Boiler Tax,260.0,9.0,success,False,2026-08-21T02:13:20.223987+09:00
Boiler Terminal,50.0,67.0,success,False,2026-08-19T21:08:52.385641+09:00
Boiler Ticker,,,failed,False,2026-08-19T21:18:36.412771+09:00
Boiler Ticket,170.0,9.0,success,False,2026-08-19T21:31:19.157381+09:00
Boiler Timeline,,,failed,False,2026-08-19T21:30:56.024739+09:00
Boiler Timer,1300.0,100.0,success,False,2026-08-28T00:25:39.840423+09:00
Boiler Toll,,,failed,False,2026-08-21T02:37:22.596537+09:00
Boiler Toolbox,,,failed,False,2026-08-28T00:25:44.811086+09:00
Boiler Total,,,failed,False,2026-08-27T23:12:34.540185+09:00
Boiler Tracker,,,failed,False,2026-08-19T21:31:35.907614+09:00
Boiler Trend,,,failed,False,2026-08-28T01:07:24.727084+09:00
Boiler Trial,30.0,0.0,success,False,2026-08-27T21:13:46.392108+09:00
Boiler Unit,480.0,87.0,success,False,2026-08-21T01:56:34.859851+09:00
Boiler Update,20.0,19.0,success,False,2026-08-19T21:30:26.736781+09:00
Boiler Value,,,failed,False,2026-08-23T02:53:39.940635+09:00
Boiler Vault,50.0,2.0,success,False,2026-08-19T21:04:27.192873+09:00
Boiler Version,10.0,0.0,success,False,2026-08-23T03:18:07.042470+09:00
Boiler View,,,failed,False,2026-08-19T21:29:51.150185+09:00
Boiler Voucher,10.0,14.0,success,False,2026-08-21T00:32:28.890378+09:00
Boiler Watch,30.0,4.0,success,False,2026-08-19T21:05:54.912887+09:00
Boiler Widget,,,failed,False,2026-08-27T23:12:37.040829+09:00
Boiler Window,30.0,2.0,success,False,2026-08-19T21:19:01.988330+09:00
Boiler Worksheet,,,failed,False,2026-08-27T22:07:57.599246+09:00
Boiler Workshop,50.0,0.0,success,False,2026-08-28T00:25:42.430031+09:00
Boiler Yard,50.0,0.0,success,False,2026-08-19T21:15:54.238919+09:00
Boiler Zone,110.0,50.0,success,False,2026-08-19T21:09:18.934477+09:00
Bolt Advance,50.0,3.0,success,False,2026-08-23T16:13:34.147754+09:00
Bolt Advisory,,,failed,False,2026-08-21T01:02:12.129826+09:00
Bolt Alert,10.0,0.0,success,False,2026-08-19T21:04:22.708628+09:00
Bolt Allowance,,,failed,False,2026-08-21T02:42:36.894313+09:00
Bolt Analyzer,,,failed,False,2026-08-27T23:59:07.749698+09:00
Bolt Assistant,140.0,2.0,success,False,2026-08-19T21:29:19.590151+09:00
Bolt Atlas,590.0,48.0,success,False,2026-08-19T21:19:58.668783+09:00
Bolt Badge,170.0,2.0,success,False,2026-08-21T00:36:28.428699+09:00
Bolt Base,720.0,25.0,success,False,2026-08-19T21:15:52.181697+09:00
Bolt Bay,,,failed,False,2026-08-19T21:31:52.488938+09:00
Bolt Beacon,70.0,61.0,success,False,2026-08-19T21:13:17.515413+09:00
Bolt Bill,,,failed,False,2026-08-19T21:57:22.115019+09:00
Bolt Bin,4400.0,100.0,success,False,2026-08-19T21:04:49.568415+09:00
Bolt Board,170.0,20.0,success,False,2026-08-19T21:16:25.825046+09:00
Bolt Book,1900.0,18.0,success,False,2026-08-19T21:58:17.004802+09:00
Bolt Bridge,140.0,1.0,success,False,2026-08-19T21:13:50.204351+09:00
Bolt Brief,,,failed,False,2026-08-21T01:00:11.561504+09:00
Bolt Bulletin,,,failed,False,2026-08-21T01:00:07.021185+09:00
Bolt Cabinet,210.0,100.0,success,False,2026-08-27T23:15:30.690091+09:00
Bolt Calendar,10.0,1.0,success,False,2026-08-19T21:30:31.013934+09:00
Bolt Card,1300.0,2.0,success,False,2026-08-19T21:06:44.412093+09:00
Bolt Cascade,,,failed,False,2026-08-19T21:13:38.700903+09:00
Bolt Cash,390.0,3.0,success,False,2026-08-21T02:26:06.975454+09:00
Bolt Cashback,90.0,5.0,success,False,2026-08-27T21:16:38.075410+09:00
Bolt Catalog,140.0,35.0,success,False,2026-08-19T21:11:23.723554+09:00
Bolt Category,390.0,0.0,success,False,2026-08-23T13:10:01.579263+09:00
Bolt Center,1600.0,4.0,success,False,2026-08-19T21:17:35.138769+09:00
Bolt Chain,140.0,58.0,success,False,2026-08-19T21:19:09.949699+09:00
Bolt Charge,1900.0,39.0,success,False,2026-08-21T02:42:27.655082+09:00
Bolt Chart,880.0,17.0,success,False,2026-08-19T21:04:36.711918+09:00
Bolt Check,260.0,100.0,success,False,2026-08-19T21:07:06.926428+09:00
Bolt Checker,260.0,100.0,success,False,2026-08-27T23:58:58.371988+09:00
Bolt Checklist,,,failed,False,2026-08-19T21:10:29.402308+09:00
Bolt Circular,,,failed,False,2026-08-21T01:00:16.070819+09:00
Bolt Code,9900.0,1.0,success,False,2026-08-19T21:57:44.656511+09:00
Bolt Companion,,,failed,False,2026-08-19T21:29:49.422411+09:00
Bolt Compass,,,failed,False,2026-08-19T21:13:02.504471+09:00
Bolt Confirmation,,,failed,False,2026-08-21T01:00:29.585982+09:00
Bolt Console,,,failed,False,2026-08-19T21:18:01.862049+09:00
Bolt Core,110.0,6.0,success,False,2026-08-19T21:16:04.396422+09:00
Bolt Cost,260.0,22.0,success,False,2026-08-21T02:09:21.519694+09:00
Bolt Count,140.0,7.0,success,False,2026-08-27T22:49:42.275363+09:00
Bolt Counter,140.0,7.0,success,False,2026-08-19T21:31:09.123245+09:00
Bolt Coupon,14800.0,2.0,success,False,2026-08-27T21:16:33.171675+09:00
Bolt Deal,140.0,25.0,success,False,2026-08-21T01:52:17.382086+09:00
Bolt Debt,10.0,0.0,success,False,2026-08-21T02:25:59.297290+09:00
Bolt Deck,1000.0,100.0,success,False,2026-08-19T21:16:36.317434+09:00
Bolt Desk,10.0,41.0,success,False,2026-08-19T21:12:22.393942+09:00
Bolt Detail,140.0,11.0,success,False,2026-08-23T03:23:22.521378+09:00
Bolt Detector,10.0,8.0,success,False,2026-08-27T23:59:02.052548+09:00
Bolt Diagram,590.0,0.0,success,False,2026-08-27T22:11:36.968554+09:00
Bolt Digest,,,failed,False,2026-08-19T21:09:15.467375+09:00
Bolt Directory,,,failed,False,2026-08-19T21:30:39.077841+09:00
Bolt Discount,880.0,5.0,success,False,2026-08-23T16:13:24.161828+09:00
Bolt Dossier,,,failed,False,2026-08-21T01:00:33.906602+09:00
Bolt Downpayment,,,failed,False,2026-08-27T21:47:47.331734+09:00
Bolt Draft,10.0,0.0,success,False,2026-08-19T21:09:40.471721+09:00
Bolt Duty,,,failed,False,2026-08-21T02:42:30.088898+09:00
Bolt Engine,110.0,3.0,success,False,2026-08-19T21:29:10.316262+09:00
Bolt Entry,,,failed,False,2026-08-21T01:00:44.838906+09:00
Bolt Estimate,170.0,9.0,success,False,2026-08-19T21:11:12.970448+09:00
Bolt Estimator,50.0,6.0,success,False,2026-08-27T23:58:55.210944+09:00
Bolt Excerpt,,,failed,False,2026-08-21T01:02:23.111892+09:00
Bolt Fare,70.0,6.0,success,False,2026-08-21T02:09:31.680775+09:00
Bolt Fee,70.0,3.0,success,False,2026-08-21T01:51:57.784692+09:00
Bolt Feed,210.0,26.0,success,False,2026-08-19T21:09:27.813218+09:00
Bolt File,90.0,16.0,success,False,2026-08-19T21:08:27.297609+09:00
Bolt Finder,210.0,64.0,success,False,2026-08-19T21:30:54.257177+09:00
Bolt Fine,10.0,13.0,success,False,2026-08-23T02:57:21.827227+09:00
Bolt Flag,30.0,2.0,success,False,2026-08-21T00:24:46.055669+09:00
Bolt Flow,20.0,2.0,success,False,2026-08-19T21:11:58.211530+09:00
Bolt Forge,,,failed,False,2026-08-19T21:13:28.219579+09:00
Bolt Form,70.0,8.0,success,False,2026-08-19T21:06:35.637376+09:00
Bolt Frame,140.0,1.0,success,False,2026-08-19T21:15:42.753829+09:00
Bolt Fund,170.0,4.0,success,False,2026-08-21T02:26:02.985234+09:00
Bolt Gate,4400.0,100.0,success,False,2026-08-19T21:19:35.712806+09:00
Bolt Giveaway,10.0,0.0,success,False,2026-08-27T21:16:45.829850+09:00
Bolt Grade,,,failed,False,2026-08-21T00:36:44.968976+09:00
Bolt Graph,10.0,0.0,success,False,2026-08-27T22:11:22.688416+09:00
Bolt Grid,20.0,1.0,success,False,2026-08-19T21:14:42.578262+09:00
Bolt Guardian,50.0,0.0,success,False,2026-08-28T00:27:37.736040+09:00
Bolt Helper,,,failed,False,2026-08-28T00:27:40.381664+09:00
Bolt History,90.0,0.0,success,False,2026-08-19T21:08:17.191236+09:00
Bolt Hotline,320.0,2.0,success,False,2026-08-19T21:11:34.990271+09:00
Bolt Hub,1000.0,5.0,success,False,2026-08-19T21:12:07.891173+09:00
Bolt Identifier,720.0,23.0,success,False,2026-08-23T13:10:01.579263+09:00
Bolt Inbox,,,failed,False,2026-08-19T21:04:09.833583+09:00
Bolt Incentive,,,failed,False,2026-08-27T21:16:45.829850+09:00
Bolt Index,30.0,68.0,success,False,2026-08-19T21:10:39.923410+09:00
Bolt Installment,,,failed,False,2026-08-23T16:13:26.521734+09:00
Bolt Item,70.0,27.0,success,False,2026-08-21T01:52:03.394231+09:00
Bolt Journal,720.0,1.0,success,False,2026-08-19T21:30:16.349132+09:00
Bolt Keeper,170.0,39.0,success,False,2026-08-19T21:20:10.804990+09:00
Bolt Kiosk,,,failed,False,2026-08-19T21:31:31.502788+09:00
Bolt Kit,1600.0,100.0,success,False,2026-08-27T22:49:39.100911+09:00
Bolt Lab,110.0,0.0,success,False,2026-08-19T21:17:05.944580+09:00
Bolt Label,390.0,2.0,success,False,2026-08-27T22:11:25.706912+09:00
Bolt Ledger,,,failed,False,2026-08-19T21:16:14.581068+09:00
Bolt Level,210.0,34.0,success,False,2026-08-19T21:08:40.437861+09:00
Bolt Line,1000.0,3.0,success,False,2026-08-19T21:05:37.228592+09:00
Bolt Link,480.0,19.0,success,False,2026-08-23T03:23:19.130954+09:00
Bolt List,70.0,7.0,success,False,2026-08-19T21:57:56.725251+09:00
Bolt Loan,3600.0,52.0,success,False,2026-08-21T02:09:39.165114+09:00
Bolt Locator,,,failed,False,2026-08-19T21:30:45.595196+09:00
Bolt Locker,210.0,67.0,success,False,2026-08-19T21:31:17.357360+09:00
Bolt Log,70.0,1.0,success,False,2026-08-19T21:06:25.471396+09:00
Bolt Loop,480.0,99.0,success,False,2026-08-19T21:14:31.473745+09:00
Bolt Manager,1300.0,11.0,success,False,2026-08-19T21:29:05.227189+09:00
Bolt Manual,70.0,4.0,success,False,2026-08-27T22:11:25.706912+09:00
Bolt Map,1300.0,1.0,success,False,2026-08-19T21:15:31.407245+09:00
Bolt Margin,,,failed,False,2026-08-23T02:57:19.456946+09:00
Bolt Marker,480.0,100.0,success,False,2026-08-23T13:26:32.402839+09:00
Bolt Memo,10.0,,success,False,2026-08-21T00:36:50.529911+09:00
Bolt Monitor,90.0,1.0,success,False,2026-08-19T21:29:40.498335+09:00
Bolt Nexus,,,failed,False,2026-08-19T21:19:47.057352+09:00
Bolt Note,20.0,0.0,success,False,2026-08-19T21:07:27.526395+09:00
Bolt Notification,10.0,0.0,success,False,2026-08-27T22:49:35.364614+09:00
Bolt Number,1300.0,3.0,success,False,2026-08-23T03:23:11.854221+09:00
Bolt Office,4400.0,4.0,success,False,2026-08-19T21:31:03.580111+09:00
Bolt Ops,,,failed,False,2026-08-19T21:30:03.373519+09:00
Bolt Order,260.0,30.0,success,False,2026-08-19T21:57:11.207151+09:00
Bolt Overage,,,failed,False,2026-08-27T21:47:44.451127+09:00
Bolt Overdue,,,failed,False,2026-08-27T21:47:42.128898+09:00
Bolt Panel,170.0,0.0,success,False,2026-08-19T21:18:11.999906+09:00
Bolt Pass,170.0,1.0,success,False,2026-08-21T00:36:21.244854+09:00
Bolt Passport,,,failed,False,2026-08-19T21:05:02.074506+09:00
Bolt Path,10.0,0.0,success,False,2026-08-19T21:15:09.209545+09:00
Bolt Payoff,,,failed,False,2026-08-27T21:47:44.451127+09:00
Bolt Petition,10.0,0.0,success,False,2026-08-21T01:00:25.578415+09:00
Bolt Plan,110.0,6.0,success,False,2026-08-21T01:52:08.240457+09:00
Bolt Planner,10.0,14.0,success,False,2026-08-19T21:29:26.779055+09:00
Bolt Playbook,,,failed,False,2026-08-19T21:30:10.428031+09:00
Bolt Point,320.0,0.0,success,False,2026-08-19T21:15:20.790094+09:00
Bolt Portal,1600.0,5.0,success,False,2026-08-19T21:17:53.819858+09:00
Bolt Profile,260.0,11.0,success,False,2026-08-19T21:07:47.829296+09:00
Bolt Profit,50.0,0.0,success,False,2026-08-23T02:57:15.173266+09:00
Bolt Queue,,,failed,False,2026-08-19T21:11:02.607888+09:00
Bolt Quota,10.0,,success,False,2026-08-21T00:36:53.427787+09:00
Bolt Radar,30.0,6.0,success,False,2026-08-19T21:12:31.857265+09:00
Bolt Rail,1300.0,78.0,success,False,2026-08-19T21:18:46.381283+09:00
Bolt Rate,90.0,5.0,success,False,2026-08-19T21:08:50.261483+09:00
Bolt Recap,20.0,0.0,success,False,2026-08-21T01:02:18.693445+09:00
Bolt Receipt,590.0,0.0,success,False,2026-08-19T21:57:34.491231+09:00
Bolt Register,1600.0,13.0,success,False,2026-08-19T21:29:55.661249+09:00
Bolt Registry,,,failed,False,2026-08-19T21:30:24.987558+09:00
Bolt Relay,90.0,1.0,success,False,2026-08-19T21:12:41.804289+09:00
Bolt Reminder,,,failed,False,2026-08-19T21:10:18.944671+09:00
Bolt Report,880.0,1.0,success,False,2026-08-19T21:06:15.149170+09:00
Bolt Repository,,,failed,False,2026-08-27T23:15:33.369822+09:00
Bolt Ring,1000.0,43.0,success,False,2026-08-19T21:19:23.397844+09:00
Bolt Roster,,,failed,False,2026-08-19T21:03:58.078741+09:00
Bolt Route,30.0,1.0,success,False,2026-08-19T21:18:34.619237+09:00
Bolt Rule,10.0,0.0,success,False,2026-08-23T03:23:19.130954+09:00
Bolt Sale,170.0,57.0,success,False,2026-08-21T02:26:10.275506+09:00
Bolt Sample,30.0,4.0,success,False,2026-08-19T21:58:34.362639+09:00
Bolt Scale,50.0,4.0,success,False,2026-08-19T21:18:22.582804+09:00
Bolt Scanner,90.0,1.0,success,False,2026-08-27T23:59:02.052548+09:00
Bolt Scheduler,,,failed,False,2026-08-19T21:29:34.148902+09:00
Bolt Schematic,20.0,0.0,success,False,2026-08-27T22:28:56.801982+09:00
Bolt Scope,,,failed,False,2026-08-19T21:14:21.531663+09:00
Bolt Score,2400.0,1.0,success,False,2026-08-19T21:07:18.151537+09:00
Bolt Serial,10.0,0.0,success,False,2026-08-23T13:26:25.215433+09:00
Bolt Sheet,30.0,54.0,success,False,2026-08-19T21:06:52.977513+09:00
Bolt Shelf,210.0,100.0,success,False,2026-08-19T21:03:45.298500+09:00
Bolt Shortfall,,,failed,False,2026-08-27T21:47:50.200871+09:00
Bolt Signal,480.0,3.0,success,False,2026-08-19T21:14:01.404689+09:00
Bolt Signature,70.0,0.0,success,False,2026-08-23T13:26:30.213560+09:00
Bolt Slip,140.0,3.0,success,False,2026-08-19T21:58:24.385772+09:00
Bolt Slot,390.0,100.0,success,False,2026-08-19T21:58:41.732793+09:00
Bolt Stake,10.0,10.0,success,False,2026-08-23T02:57:17.363671+09:00
Bolt Statement,70.0,5.0,success,False,2026-08-21T00:36:37.815514+09:00
Bolt Station,30.0,2.0,success,False,2026-08-19T21:17:15.430061+09:00
Bolt Status,210.0,0.0,success,False,2026-08-19T21:07:57.029357+09:00
Bolt Stub,,,failed,False,2026-08-21T00:36:33.618056+09:00
Bolt Studio,480.0,3.0,success,False,2026-08-19T21:16:48.614230+09:00
Bolt Sum,,,failed,False,2026-08-21T02:25:53.601509+09:00
Bolt Summary,110.0,0.0,success,False,2026-08-19T21:09:52.138956+09:00
Bolt Tab,590.0,43.0,success,False,2026-08-21T00:24:54.126348+09:00
Bolt Table,320.0,65.0,success,False,2026-08-19T21:58:05.672882+09:00
Bolt Tag,40.0,7.0,success,False,2026-08-19T21:07:36.739108+09:00
Bolt Tally,,,failed,False,2026-08-21T00:36:42.590036+09:00
Bolt Tariff,20.0,4.0,success,False,2026-08-21T02:42:41.863985+09:00
Bolt Tax,210.0,6.0,success,False,2026-08-21T02:09:35.775353+09:00
Bolt Terminal,140.0,44.0,success,False,2026-08-19T21:17:25.572760+09:00
Bolt Ticker,2400.0,1.0,success,False,2026-08-19T21:05:26.715187+09:00
Bolt Ticket,210.0,5.0,success,False,2026-08-19T21:10:51.939321+09:00
Bolt Timeline,,,failed,False,2026-08-19T21:10:07.849360+09:00
Bolt Token,480.0,1.0,success,False,2026-08-23T13:26:27.447056+09:00
Bolt Toll,10.0,12.0,success,False,2026-08-21T02:42:34.441538+09:00
Bolt Toolbox,10.0,75.0,success,False,2026-08-28T00:27:37.736040+09:00
Bolt Total,,,failed,False,2026-08-27T23:15:28.257448+09:00
Bolt Tower,8100.0,4.0,success,False,2026-08-19T21:03:30.036000+09:00
Bolt Tracker,590.0,6.0,success,False,2026-08-19T21:11:46.371328+09:00
Bolt Trail,90.0,3.0,success,False,2026-08-19T21:19:00.035786+09:00
Bolt Trial,40.0,6.0,success,False,2026-08-27T21:16:38.075410+09:00
Bolt Unit,50.0,8.0,success,False,2026-08-21T01:52:06.168283+09:00
Bolt Update,320.0,2.0,success,False,2026-08-19T21:09:00.850536+09:00
Bolt Vault,40.0,6.0,success,False,2026-08-19T21:12:51.464479+09:00
Bolt Version,30.0,1.0,success,False,2026-08-23T03:23:15.682212+09:00
Bolt View,70.0,5.0,success,False,2026-08-19T21:08:07.894185+09:00
Bolt Voucher,480.0,6.0,success,False,2026-08-21T00:36:26.230021+09:00
Bolt Watch,5400.0,94.0,success,False,2026-08-19T21:14:11.257032+09:00
Bolt Wave,140.0,7.0,success,False,2026-08-19T21:14:53.889746+09:00
Bolt Widget,10.0,0.0,success,False,2026-08-27T23:15:30.690091+09:00
Bolt Window,260.0,6.0,success,False,2026-08-19T21:05:52.966416+09:00
Bolt Worksheet,,,failed,False,2026-08-27T22:11:31.963952+09:00
Bolt Workshop,10.0,0.0,success,False,2026-08-28T00:27:37.736040+09:00
Bolt Yard,,,failed,False,2026-08-19T21:31:43.962049+09:00
Bolt Zone,260.0,0.0,success,False,2026-08-19T21:17:45.288805+09:00
Bond Advance,210.0,3.0,success,False,2026-08-23T16:14:01.846183+09:00
Bond Alert,10.0,6.0,success,False,2026-08-21T00:47:19.116810+09:00
Bond Allowance,10.0,0.0,success,False,2026-08-21T02:41:14.911892+09:00
Bond Analyzer,10.0,3.0,success,False,2026-08-27T23:51:43.048579+09:00
Bond Announcement,70.0,0.0,success,False,2026-08-27T23:31:21.274329+09:00
Bond Arrears,10.0,0.0,success,False,2026-08-23T16:13:58.601282+09:00
Bond Asset,140.0,9.0,success,False,2026-08-23T13:45:59.921070+09:00
Bond Assistant,1000.0,57.0,success,False,2026-08-21T00:45:45.302081+09:00
Bond Atlas,20.0,7.0,success,False,2026-08-21T00:45:35.455027+09:00
Bond Attribute,,,failed,False,2026-08-23T13:09:42.107006+09:00
Bond Balance,40.0,2.0,success,False,2026-08-23T13:45:55.611142+09:00
Bond Base,880.0,76.0,success,False,2026-08-21T00:44:10.518978+09:00
Bond Bay,50.0,9.0,success,False,2026-08-21T00:46:44.759034+09:00
Bond Beacon,30.0,13.0,success,False,2026-08-21T00:51:18.988117+09:00
Bond Bill,320.0,2.0,success,False,2026-08-21T00:49:47.730802+09:00
Bond Bin,,,failed,False,2026-08-21T00:47:29.450326+09:00
Bond Board,880.0,3.0,success,False,2026-08-21T00:44:21.197874+09:00
Bond Booth,,,failed,False,2026-08-21T00:46:35.033553+09:00
Bond Bridge,8100.0,83.0,success,False,2026-08-21T00:51:33.449317+09:00
Bond Brief,1000.0,100.0,success,False,2026-08-21T01:01:07.549578+09:00
Bond Bulletin,20.0,1.0,success,False,2026-08-21T01:01:03.307399+09:00
Bond Calculator,27100.0,41.0,success,False,2026-08-27T23:31:21.274329+09:00
Bond Calendar,210.0,0.0,success,False,2026-08-21T00:46:12.825751+09:00
Bond Card,260.0,7.0,success,False,2026-08-21T00:48:07.260312+09:00
Bond Cascade,,,failed,False,2026-08-21T00:51:27.534494+09:00
Bond Cash,4400.0,0.0,success,True,2026-08-21T02:24:04.256033+09:00
Bond Cashback,,,failed,False,2026-08-27T21:17:18.938086+09:00
Bond Category,140.0,19.0,success,False,2026-08-23T13:09:39.563884+09:00
Bond Center,720.0,2.0,success,False,2026-08-21T00:44:45.180563+09:00
Bond Chain,170.0,30.0,success,False,2026-08-21T00:45:19.199440+09:00
Bond Charge,480.0,66.0,success,False,2026-08-21T02:40:59.157491+09:00
Bond Chart,1900.0,7.0,success,False,2026-08-21T00:47:23.165444+09:00
Bond Check,5400.0,0.0,success,True,2026-08-21T00:48:15.897610+09:00
Bond Checker,5400.0,0.0,success,True,2026-08-27T23:51:35.408395+09:00
Bond Code,210.0,40.0,success,False,2026-08-21T00:49:52.271441+09:00
Bond Companion,,,failed,False,2026-08-21T00:45:54.993375+09:00
Bond Comparison,390.0,20.0,success,False,2026-08-28T01:03:48.385418+09:00
Bond Compass,10.0,0.0,success,False,2026-08-21T00:51:16.185060+09:00
Bond Confirmation,320.0,0.0,success,False,2026-08-21T01:01:22.274781+09:00
Bond Console,10.0,25.0,success,False,2026-08-21T00:44:58.799520+09:00
Bond Contribution,10.0,0.0,success,False,2026-08-23T16:13:55.875301+09:00
Bond Converter,10.0,6.0,success,False,2026-08-27T23:31:24.795366+09:00
Bond Core,480.0,4.0,success,False,2026-08-21T00:44:13.071089+09:00
Bond Cost,1000.0,13.0,success,False,2026-08-21T02:06:47.400251+09:00
Bond Count,10.0,0.0,success,False,2026-08-27T22:50:43.878395+09:00
Bond Counter,,,failed,False,2026-08-21T00:46:29.176332+09:00
Bond Coupon,1600.0,7.0,success,False,2026-08-27T21:17:14.401522+09:00
Bond Deal,90.0,18.0,success,False,2026-08-21T01:59:29.977509+09:00
Bond Debt,880.0,13.0,success,False,2026-08-21T02:23:51.443965+09:00
Bond Deck,590.0,6.0,success,False,2026-08-21T00:44:23.943990+09:00
Bond Desk,210.0,26.0,success,False,2026-08-21T00:51:01.092563+09:00
Bond Detail,210.0,16.0,success,False,2026-08-23T03:22:30.618913+09:00
Bond Detector,,,failed,False,2026-08-27T23:51:43.048579+09:00
Bond Directory,20.0,28.0,success,False,2026-08-21T00:46:15.039620+09:00
Bond Discount,1300.0,30.0,success,False,2026-08-23T16:13:52.514202+09:00
Bond Dossier,,,failed,False,2026-08-21T01:01:25.263035+09:00
Bond Downpayment,,,failed,False,2026-08-27T21:48:28.268054+09:00
Bond Draft,20.0,0.0,success,False,2026-08-21T00:49:12.731444+09:00
Bond Due,30.0,0.0,success,False,2026-08-23T15:51:20.195828+09:00
Bond Duty,70.0,3.0,success,False,2026-08-21T02:41:05.925111+09:00
Bond Engine,10.0,0.0,success,False,2026-08-21T00:45:41.384268+09:00
Bond Entry,40.0,0.0,success,False,2026-08-21T01:01:35.076961+09:00
Bond Estimate,20.0,11.0,success,False,2026-08-21T00:49:37.584742+09:00
Bond Estimator,40.0,8.0,success,False,2026-08-27T23:51:35.408395+09:00
Bond Fare,10.0,0.0,success,False,2026-08-21T02:07:02.181648+09:00
Bond Fee,590.0,1.0,success,False,2026-08-21T01:59:21.644967+09:00
Bond Feed,,,failed,False,2026-08-21T00:49:07.202034+09:00
Bond Field,390.0,1.0,success,False,2026-08-23T13:09:44.174186+09:00
Bond File,260.0,1.0,success,False,2026-08-21T00:48:51.829218+09:00
Bond Fine,20.0,4.0,success,False,2026-08-23T02:56:29.364559+09:00
Bond Flow,30.0,19.0,success,False,2026-08-21T00:50:50.084554+09:00
Bond Forge,8100.0,6.0,success,False,2026-08-21T00:51:25.324564+09:00
Bond Form,1300.0,9.0,success,False,2026-08-21T00:48:04.911148+09:00
Bond Format,1300.0,9.0,success,False,2026-08-23T13:09:44.174186+09:00
Bond Frame,110.0,35.0,success,False,2026-08-21T00:44:03.384423+09:00
Bond Fund,6600.0,27.0,success,False,2026-08-21T02:23:55.522760+09:00
Bond Gate,170.0,4.0,success,False,2026-08-21T00:45:26.531767+09:00
Bond Generator,140.0,44.0,success,False,2026-08-27T23:31:29.961537+09:00
Bond Giveaway,,,failed,False,2026-08-27T21:17:21.350185+09:00
Bond Graph,1600.0,1.0,success,False,2026-08-27T22:12:34.170808+09:00
Bond Grid,,,failed,False,2026-08-21T00:43:44.047110+09:00
Bond Guarantee,1300.0,7.0,success,False,2026-08-28T01:03:55.063070+09:00
Bond Guardian,210.0,29.0,success,False,2026-08-28T00:22:18.393624+09:00
Bond Helpdesk,,,failed,False,2026-08-27T22:50:47.949618+09:00
Bond Helper,,,failed,False,2026-08-28T00:22:21.008845+09:00
Bond History,210.0,0.0,success,False,2026-08-21T00:48:44.199856+09:00
Bond Hub,3600.0,1.0,success,False,2026-08-21T00:50:54.055448+09:00
Bond Identifier,260.0,1.0,success,False,2026-08-23T13:09:37.494287+09:00
Bond Inbox,,,failed,False,2026-08-21T00:47:16.635421+09:00
Bond Incentive,,,failed,False,2026-08-27T21:17:21.350185+09:00
Bond Index,1900.0,13.0,success,False,2026-08-21T00:49:27.660795+09:00
Bond Installment,40.0,35.0,success,False,2026-08-23T16:13:55.875301+09:00
Bond Interest,1000.0,17.0,success,False,2026-08-23T13:45:55.611142+09:00
Bond Item,110.0,0.0,success,False,2026-08-21T01:59:23.833736+09:00
Bond Journal,20.0,0.0,success,False,2026-08-21T00:46:03.316699+09:00
Bond Keeper,40.0,43.0,success,False,2026-08-21T00:45:35.455027+09:00
Bond Kit,210.0,50.0,success,False,2026-08-27T22:50:39.556744+09:00
Bond Lab,480.0,0.0,success,False,2026-08-21T00:44:32.272154+09:00
Bond Label,590.0,5.0,success,False,2026-08-27T22:12:40.822062+09:00
Bond Ledger,10.0,0.0,success,False,2026-08-21T00:44:18.522946+09:00
Bond Level,170.0,3.0,success,False,2026-08-21T00:48:54.666046+09:00
Bond Levy,140.0,2.0,success,False,2026-08-23T13:45:59.921070+09:00
Bond Line,1600.0,3.0,success,False,2026-08-21T00:47:44.020698+09:00
Bond Link,260.0,22.0,success,False,2026-08-23T03:22:22.094995+09:00
Bond List,1900.0,5.0,success,False,2026-08-21T00:49:56.955669+09:00
Bond Loan,8100.0,66.0,success,False,2026-08-21T02:07:11.746620+09:00
Bond Lobby,,,failed,False,2026-08-21T00:47:34.415597+09:00
Bond Locator,10.0,7.0,success,False,2026-08-21T00:46:19.116405+09:00
Bond Locker,10.0,0.0,success,False,2026-08-21T00:46:31.440534+09:00
Bond Log,40.0,0.0,success,False,2026-08-21T00:47:57.951273+09:00
Bond Loop,50.0,89.0,success,False,2026-08-21T00:43:36.715710+09:00
Bond Manager,590.0,29.0,success,False,2026-08-21T00:45:39.218297+09:00
Bond Manual,10.0,5.0,success,False,2026-08-27T22:12:43.537947+09:00
Bond Map,170.0,0.0,success,False,2026-08-21T00:43:59.576313+09:00
Bond Margin,30.0,6.0,success,False,2026-08-23T02:56:26.483203+09:00
Bond Marker,40500.0,13.0,success,False,2026-08-23T13:26:19.905298+09:00
Bond Markup,10.0,0.0,success,False,2026-08-23T16:38:55.641714+09:00
Bond Memo,,,failed,False,2026-08-21T00:50:33.252784+09:00
Bond Message,30.0,0.0,success,False,2026-08-27T23:16:26.018143+09:00
Bond Monitor,90.0,2.0,success,False,2026-08-21T00:45:52.774285+09:00
Bond Nexus,20.0,0.0,success,False,2026-08-21T00:45:30.035458+09:00
Bond Note,590.0,20.0,success,False,2026-08-21T00:48:24.716353+09:00
Bond Notification,10.0,0.0,success,False,2026-08-27T22:50:35.805109+09:00
Bond Number,22200.0,25.0,success,False,2026-08-23T03:22:14.563475+09:00
Bond Office,480.0,6.0,success,False,2026-08-21T00:46:26.587388+09:00
Bond Ops,,,failed,False,2026-08-21T00:45:57.527663+09:00
Bond Order,22200.0,0.0,success,True,2026-08-21T00:49:41.369493+09:00
Bond Outline,,,failed,False,2026-08-27T22:29:16.006701+09:00
Bond Outpost,,,failed,False,2026-08-21T00:46:52.072318+09:00
Bond Overage,,,failed,False,2026-08-27T21:48:25.630641+09:00
Bond Overdue,,,failed,False,2026-08-27T21:48:20.717175+09:00
Bond Panel,170.0,69.0,success,False,2026-08-21T00:45:03.734783+09:00
Bond Pass,70.0,0.0,success,False,2026-08-21T00:50:15.253919+09:00
Bond Passport,,,failed,False,2026-08-21T00:47:32.281403+09:00
Bond Path,10.0,0.0,success,False,2026-08-21T00:43:49.917491+09:00
Bond Payoff,30.0,11.0,success,False,2026-08-27T21:48:23.216174+09:00
Bond Penalty,50.0,1.0,success,False,2026-08-23T16:38:53.252652+09:00
Bond Petition,10.0,1.0,success,False,2026-08-21T01:01:17.697392+09:00
Bond Plan,110.0,7.0,success,False,2026-08-21T02:05:44.847740+09:00
Bond Planner,,,failed,False,2026-08-21T00:45:47.976857+09:00
Bond Playbook,,,failed,False,2026-08-21T00:45:59.951643+09:00
Bond Plaza,320.0,4.0,success,False,2026-08-21T00:46:56.943275+09:00
Bond Point,480.0,10.0,success,False,2026-08-21T00:43:57.229807+09:00
Bond Portal,480.0,1.0,success,False,2026-08-21T00:44:54.956989+09:00
Bond Post,390.0,1.0,success,False,2026-08-21T00:46:47.041557+09:00
Bond Preview,10.0,0.0,success,False,2026-08-28T01:03:48.385418+09:00
Bond Profile,30.0,0.0,success,False,2026-08-21T00:48:30.052376+09:00
Bond Profit,30.0,16.0,success,False,2026-08-23T02:56:17.565255+09:00
Bond Proposal,50.0,0.0,success,False,2026-08-28T01:03:51.516264+09:00
Bond Quota,40.0,0.0,success,False,2026-08-21T00:50:38.979933+09:00
Bond Radar,720.0,2.0,success,False,2026-08-21T00:51:04.799989+09:00
Bond Rail,,,failed,False,2026-08-21T00:45:13.293562+09:00
Bond Rate,14800.0,6.0,success,False,2026-08-21T00:49:01.997073+09:00
Bond Receipt,210.0,2.0,success,False,2026-08-21T00:49:49.714688+09:00
Bond Recorder,,,failed,False,2026-08-27T23:31:29.961537+09:00
Bond Redemption,1300.0,0.0,success,True,2026-08-23T16:38:55.641714+09:00
Bond Register,590.0,6.0,success,False,2026-08-21T00:45:54.993375+09:00
Bond Registry,590.0,6.0,success,False,2026-08-21T00:46:06.764298+09:00
Bond Relay,,,failed,False,2026-08-21T00:51:07.998109+09:00
Bond Reminder,,,failed,False,2026-08-21T00:49:24.098446+09:00
Bond Report,210.0,3.0,success,False,2026-08-21T00:47:54.639607+09:00
Bond Repository,,,failed,False,2026-08-27T23:16:37.182537+09:00
Bond Ring,3600.0,42.0,success,False,2026-08-21T00:45:22.913101+09:00
Bond Roll,320.0,22.0,success,False,2026-08-21T00:47:51.655449+09:00
Bond Route,10.0,0.0,success,False,2026-08-21T00:45:10.747399+09:00
Bond Rule,170.0,0.0,success,False,2026-08-23T03:22:26.114633+09:00
Bond Sale,18100.0,100.0,success,False,2026-08-21T02:24:08.080909+09:00
Bond Sample,110.0,68.0,success,False,2026-08-21T00:50:07.130228+09:00
Bond Scale,70.0,1.0,success,False,2026-08-21T00:45:06.062419+09:00
Bond Scope,10.0,0.0,success,False,2026-08-21T00:43:34.117910+09:00
Bond Score,50.0,2.0,success,False,2026-08-21T00:48:18.650216+09:00
Bond Sheet,3600.0,31.0,success,False,2026-08-21T00:48:09.704229+09:00
Bond Shortfall,,,failed,False,2026-08-27T21:48:30.689545+09:00
Bond Signal,,,failed,False,2026-08-21T00:51:35.796791+09:00
Bond Signature,1600.0,27.0,success,False,2026-08-23T13:26:17.496993+09:00
Bond Slip,110.0,50.0,success,False,2026-08-21T00:50:02.185546+09:00
Bond Slot,,,failed,False,2026-08-21T00:50:09.781883+09:00
Bond Stage,40.0,0.0,success,False,2026-08-28T00:46:30.511685+09:00
Bond Stake,,,failed,False,2026-08-23T02:56:24.253545+09:00
Bond Stamp,90.0,0.0,success,False,2026-08-23T13:26:22.288872+09:00
Bond Statement,90.0,0.0,success,False,2026-08-21T00:50:29.679005+09:00
Bond Station,60500.0,7.0,success,False,2026-08-21T00:44:38.874906+09:00
Bond Status,320.0,0.0,success,False,2026-08-21T00:48:36.635325+09:00
Bond Stub,,,failed,False,2026-08-21T00:50:26.220127+09:00
Bond Studio,590.0,2.0,success,False,2026-08-21T00:44:30.138587+09:00
Bond Subsidy,10.0,36.0,success,False,2026-08-23T15:51:20.195828+09:00
Bond Sum,,,failed,False,2026-08-21T02:23:48.995246+09:00
Bond Summary,70.0,0.0,success,False,2026-08-21T00:49:15.446712+09:00
Bond Tab,30.0,0.0,success,False,2026-08-21T00:50:41.630976+09:00
Bond Table,320.0,15.0,success,False,2026-08-21T00:49:59.942955+09:00
Bond Tag,50.0,62.0,success,False,2026-08-21T00:48:26.954363+09:00
Bond Tariff,10.0,0.0,success,False,2026-08-21T02:41:18.531749+09:00
Bond Tax,1600.0,4.0,success,False,2026-08-21T02:07:07.042559+09:00
Bond Terminal,590.0,8.0,success,False,2026-08-21T00:44:42.710868+09:00
Bond Ticker,390.0,10.0,success,False,2026-08-21T00:47:41.484784+09:00
Bond Ticket,90.0,4.0,success,False,2026-08-21T00:49:35.190382+09:00
Bond Tier,40.0,0.0,success,False,2026-08-28T00:46:33.624903+09:00
Bond Timeline,1600.0,0.0,success,True,2026-08-21T00:49:20.798290+09:00
Bond Timer,3600.0,0.0,success,True,2026-08-28T00:22:11.514597+09:00
Bond Toll,,,failed,False,2026-08-21T02:41:10.290966+09:00
Bond Toolbox,,,failed,False,2026-08-28T00:22:18.393624+09:00
Bond Total,,,failed,False,2026-08-27T23:16:30.238245+09:00
Bond Tower,1300.0,3.0,success,False,2026-08-21T00:47:05.432306+09:00
Bond Tracker,260.0,6.0,success,False,2026-08-21T00:50:48.093288+09:00
Bond Trail,20.0,0.0,success,False,2026-08-21T00:45:16.204972+09:00
Bond Trend,140.0,40.0,success,False,2026-08-28T01:03:45.781044+09:00
Bond Trial,30.0,0.0,success,False,2026-08-27T21:17:18.938086+09:00
Bond Unit,70.0,0.0,success,False,2026-08-21T01:59:26.364386+09:00
Bond Update,90.0,1.0,success,False,2026-08-21T00:49:04.500727+09:00
Bond Value,3600.0,2.0,success,False,2026-08-23T02:56:21.131414+09:00
Bond Vault,70.0,3.0,success,False,2026-08-21T00:51:13.532405+09:00
Bond Version,,,failed,False,2026-08-23T03:22:18.461537+09:00
Bond View,110.0,2.0,success,False,2026-08-21T00:48:40.223162+09:00
Bond Voucher,170.0,67.0,success,False,2026-08-21T00:50:17.936305+09:00
Bond Wallet,170.0,14.0,success,False,2026-08-27T22:50:43.878395+09:00
Bond Watch,12100.0,100.0,success,False,2026-08-21T00:51:40.152987+09:00
Bond Wave,30.0,0.0,success,False,2026-08-21T00:43:46.604021+09:00
Bond Widget,,,failed,False,2026-08-27T23:16:34.240680+09:00
Bond Window,,,failed,False,2026-08-21T00:47:46.608049+09:00
Bond Worksheet,140.0,0.0,success,False,2026-08-27T22:12:43.537947+09:00
Bond Yard,90.0,0.0,success,False,2026-08-21T00:46:42.116087+09:00
Bond Zone,480.0,0.0,success,False,2026-08-21T00:44:52.376787+09:00
Bonus Advance,210.0,2.0,success,False,2026-08-23T16:14:44.482791+09:00
Bonus Advisory,10.0,0.0,success,False,2026-08-21T01:17:59.788687+09:00
Bonus Alert,40.0,0.0,success,False,2026-08-21T01:24:24.499671+09:00
Bonus Allowance,110.0,0.0,success,False,2026-08-21T02:44:04.894763+09:00
Bonus Analyzer,,,failed,False,2026-08-27T23:51:15.530091+09:00
Bonus Announcement,260.0,1.0,success,False,2026-08-27T23:37:11.995923+09:00
Bonus Arrears,10.0,0.0,success,False,2026-08-23T16:14:40.533655+09:00
Bonus Assistant,,,failed,False,2026-08-21T01:22:31.268942+09:00
Bonus Atlas,,,failed,False,2026-08-21T01:22:07.036293+09:00
Bonus Badge,30.0,0.0,success,False,2026-08-21T01:17:17.039045+09:00
Bonus Balance,210.0,4.0,success,False,2026-08-23T13:46:40.614274+09:00
Bonus Base,140.0,51.0,success,False,2026-08-21T01:20:18.165253+09:00
Bonus Bay,50.0,2.0,success,False,2026-08-21T01:24:24.499671+09:00
Bonus Beacon,,,failed,False,2026-08-21T01:19:09.689487+09:00
Bonus Bill,260.0,0.0,success,False,2026-08-21T01:16:22.039842+09:00
Bonus Bin,,,failed,False,2026-08-21T01:25:03.878404+09:00
Bonus Board,90.0,0.0,success,False,2026-08-21T01:20:34.277114+09:00
Bonus Booth,,,failed,False,2026-08-21T01:23:54.627834+09:00
Bonus Bridge,20.0,0.0,success,False,2026-08-21T01:19:25.139986+09:00
Bonus Brief,10.0,0.0,success,False,2026-08-21T01:17:49.809423+09:00
Bonus Bulletin,,,failed,False,2026-08-21T01:17:46.814722+09:00
Bonus Calculator,9900.0,0.0,success,True,2026-08-27T23:37:11.995923+09:00
Bonus Card,12100.0,13.0,success,False,2026-08-21T01:25:58.145790+09:00
Bonus Cascade,30.0,,success,False,2026-08-21T01:19:18.289018+09:00
Bonus Cash,590.0,17.0,success,False,2026-08-21T02:27:57.187073+09:00
Bonus Center,90.0,10.0,success,False,2026-08-21T01:21:04.299416+09:00
Bonus Chain,,,failed,False,2026-08-21T01:21:50.672983+09:00
Bonus Charge,20.0,0.0,success,False,2026-08-21T02:43:57.292345+09:00
Bonus Chart,70.0,0.0,success,False,2026-08-21T01:25:01.384940+09:00
Bonus Check,880.0,15.0,success,False,2026-08-21T01:26:04.709927+09:00
Bonus Checker,880.0,15.0,success,False,2026-08-27T23:51:07.494975+09:00
Bonus Circular,30.0,0.0,success,False,2026-08-21T01:17:54.187315+09:00
Bonus Code,9900.0,8.0,success,False,2026-08-21T01:16:32.710448+09:00
Bonus Companion,,,failed,False,2026-08-21T01:22:51.659146+09:00
Bonus Comparison,10.0,5.0,success,False,2026-08-28T01:02:58.141304+09:00
Bonus Compass,10.0,0.0,success,False,2026-08-21T01:19:03.432303+09:00
Bonus Confirmation,10.0,2.0,success,False,2026-08-21T01:18:10.686176+09:00
Bonus Console,10.0,0.0,success,False,2026-08-21T01:21:22.199165+09:00
Bonus Contribution,50.0,0.0,success,False,2026-08-23T16:14:40.533655+09:00
Bonus Core,10.0,0.0,success,False,2026-08-21T01:20:23.926123+09:00
Bonus Cost,20.0,0.0,success,False,2026-08-21T02:11:11.149564+09:00
Bonus Count,,,failed,False,2026-08-27T22:50:47.949618+09:00
Bonus Counter,10.0,4.0,success,False,2026-08-21T01:23:47.982205+09:00
Bonus Deal,260.0,15.0,success,False,2026-08-21T01:54:45.555150+09:00
Bonus Debt,,,failed,False,2026-08-21T02:27:47.388523+09:00
Bonus Deck,10.0,0.0,success,False,2026-08-21T01:20:39.645097+09:00
Bonus Desk,,,failed,False,2026-08-21T01:18:41.534623+09:00
Bonus Detail,140.0,3.0,success,False,2026-08-23T03:14:51.168783+09:00
Bonus Detector,,,failed,False,2026-08-27T23:51:12.915875+09:00
Bonus Directory,10.0,,success,False,2026-08-21T01:23:30.836605+09:00
Bonus Downpayment,,,failed,False,2026-08-27T21:48:54.950777+09:00
Bonus Draft,10.0,,success,False,2026-08-21T01:15:40.132892+09:00
Bonus Due,,,failed,False,2026-08-23T15:51:44.971205+09:00
Bonus Duty,,,failed,False,2026-08-21T02:43:59.643244+09:00
Bonus Engine,90.0,6.0,success,False,2026-08-21T01:22:27.198742+09:00
Bonus Entry,210.0,4.0,success,False,2026-08-21T01:18:21.129763+09:00
Bonus Estimate,,,failed,False,2026-08-21T01:16:11.158685+09:00
Bonus Estimator,9900.0,0.0,success,True,2026-08-27T23:51:07.494975+09:00
Bonus Extension,,,failed,False,2026-08-23T16:39:16.961219+09:00
Bonus Fare,,,failed,False,2026-08-21T02:11:18.638927+09:00
Bonus Fee,50.0,0.0,success,False,2026-08-21T01:54:25.472983+09:00
Bonus Feed,,,failed,False,2026-08-21T01:15:35.859983+09:00
Bonus File,30.0,0.0,success,False,2026-08-21T01:26:44.593664+09:00
Bonus Fine,,,failed,False,2026-08-23T02:58:24.249422+09:00
Bonus Flow,70.0,3.0,success,False,2026-08-21T01:18:31.327971+09:00
Bonus Forge,10.0,0.0,success,False,2026-08-21T01:19:12.546892+09:00
Bonus Form,170.0,0.0,success,False,2026-08-21T01:25:53.521014+09:00
Bonus Format,170.0,0.0,success,False,2026-08-23T13:05:32.456522+09:00
Bonus Frame,,,failed,False,2026-08-21T01:20:11.987698+09:00
Bonus Fund,110.0,13.0,success,False,2026-08-21T02:27:51.067603+09:00
Bonus Gate,390.0,1.0,success,False,2026-08-21T01:21:58.894123+09:00
Bonus Generator,10.0,0.0,success,False,2026-08-27T23:37:16.371136+09:00
Bonus Graph,,,failed,False,2026-08-27T22:13:09.872881+09:00
Bonus Grid,10.0,0.0,success,False,2026-08-21T01:19:47.370775+09:00
Bonus Guarantee,210.0,1.0,success,False,2026-08-28T01:03:01.405243+09:00
Bonus Guardian,,,failed,False,2026-08-28T00:21:38.214311+09:00
Bonus Helpdesk,,,failed,False,2026-08-27T22:50:55.041515+09:00
Bonus Helper,20.0,0.0,success,False,2026-08-28T00:21:43.222424+09:00
Bonus History,210.0,2.0,success,False,2026-08-21T01:35:15.414244+09:00
Bonus Hub,320.0,3.0,success,False,2026-08-21T01:18:37.282523+09:00
Bonus Identifier,,,failed,False,2026-08-23T13:05:25.615596+09:00
Bonus Inbox,,,failed,False,2026-08-21T01:24:45.500076+09:00
Bonus Index,10.0,0.0,success,False,2026-08-21T01:15:58.855612+09:00
Bonus Installment,,,failed,False,2026-08-23T16:14:40.533655+09:00
Bonus Interest,210.0,39.0,success,False,2026-08-23T13:46:43.137504+09:00
Bonus Item,260.0,0.0,success,False,2026-08-21T01:54:29.413822+09:00
Bonus Journal,10.0,0.0,success,False,2026-08-21T01:23:12.871826+09:00
Bonus Keeper,,,failed,False,2026-08-21T01:22:16.671736+09:00
Bonus Kiosk,,,failed,False,2026-08-21T01:24:24.499671+09:00
Bonus Lab,20.0,0.0,success,False,2026-08-21T01:20:48.632862+09:00
Bonus Label,20.0,0.0,success,False,2026-08-27T22:13:09.872881+09:00
Bonus Ledger,10.0,0.0,success,False,2026-08-21T01:20:30.866856+09:00
Bonus Level,880.0,0.0,success,False,2026-08-21T01:15:16.012738+09:00
Bonus Levy,,,failed,False,2026-08-23T13:46:45.487661+09:00
Bonus Line,320.0,1.0,success,False,2026-08-21T01:25:37.604117+09:00
Bonus Link,14800.0,4.0,success,False,2026-08-23T03:14:39.191196+09:00
Bonus List,170.0,0.0,success,False,2026-08-21T01:16:40.172400+09:00
Bonus Loan,70.0,37.0,success,False,2026-08-21T02:11:23.948204+09:00
Bonus Lobby,,,failed,False,2026-08-21T01:25:09.973684+09:00
Bonus Locator,,,failed,False,2026-08-21T01:23:33.921690+09:00
Bonus Locker,,,failed,False,2026-08-21T01:23:52.904904+09:00
Bonus Log,3600.0,5.0,success,False,2026-08-21T01:25:38.275036+09:00
Bonus Loop,10.0,0.0,success,False,2026-08-21T01:19:41.393995+09:00
Bonus Manager,210.0,2.0,success,False,2026-08-21T01:22:23.798217+09:00
Bonus Manual,,,failed,False,2026-08-27T22:13:13.048056+09:00
Bonus Map,70.0,0.0,success,False,2026-08-21T01:20:05.793508+09:00
Bonus Memo,30.0,13.0,success,False,2026-08-21T01:17:33.437690+09:00
Bonus Message,210.0,0.0,success,False,2026-08-27T23:16:21.897779+09:00
Bonus Monitor,10.0,7.0,success,False,2026-08-21T01:22:46.544366+09:00
Bonus Nexus,,,failed,False,2026-08-21T01:22:03.238360+09:00
Bonus Note,50.0,0.0,success,False,2026-08-21T01:26:13.869304+09:00
Bonus Notification,30.0,0.0,success,False,2026-08-27T22:50:39.556744+09:00
Bonus Number,480.0,1.0,success,False,2026-08-23T03:24:42.957554+09:00
Bonus Office,20.0,0.0,success,False,2026-08-21T01:23:43.267024+09:00
Bonus Ops,,,failed,False,2026-08-21T01:22:59.410874+09:00
Bonus Order,260.0,0.0,success,False,2026-08-21T01:16:17.029557+09:00
Bonus Outline,,,failed,False,2026-08-27T22:29:20.594574+09:00
Bonus Outpost,,,failed,False,2026-08-21T01:24:24.499671+09:00
Bonus Overage,,,failed,False,2026-08-27T21:48:52.496958+09:00
Bonus Overdue,,,failed,False,2026-08-27T21:48:46.666341+09:00
Bonus Panel,40.0,0.0,success,False,2026-08-21T01:21:27.496774+09:00
Bonus Pass,590.0,1.0,success,False,2026-08-21T01:17:02.274965+09:00
Bonus Passport,,,failed,False,2026-08-21T01:25:07.930638+09:00
Bonus Path,10.0,0.0,success,False,2026-08-21T01:19:57.563871+09:00
Bonus Payoff,,,failed,False,2026-08-27T21:48:49.180539+09:00
Bonus Penalty,10.0,0.0,success,False,2026-08-23T16:39:10.446274+09:00
Bonus Petition,,,failed,False,2026-08-21T01:18:04.111706+09:00
Bonus Plan,390.0,4.0,success,False,2026-08-21T01:54:37.378039+09:00
Bonus Planner,,,failed,False,2026-08-21T01:22:36.440068+09:00
Bonus Playbook,,,failed,False,2026-08-21T01:23:05.026470+09:00
Bonus Plaza,10.0,0.0,success,False,2026-08-21T01:24:25.353806+09:00
Bonus Point,4400.0,1.0,success,False,2026-08-21T01:20:01.120246+09:00
Bonus Portal,30.0,0.0,success,False,2026-08-21T01:21:17.954324+09:00
Bonus Post,30.0,0.0,success,False,2026-08-21T01:24:24.499671+09:00
Bonus Preview,,,failed,False,2026-08-28T01:02:58.141304+09:00
Bonus Profile,,,failed,False,2026-08-21T01:26:22.503532+09:00
Bonus Profit,70.0,1.0,success,False,2026-08-23T02:58:11.410981+09:00
Bonus Proposal,10.0,0.0,success,False,2026-08-28T01:02:58.141304+09:00
Bonus Quota,10.0,2.0,success,False,2026-08-21T01:17:37.307762+09:00
Bonus Radar,30.0,0.0,success,False,2026-08-21T01:18:44.582130+09:00
Bonus Rail,720.0,0.0,success,False,2026-08-21T01:21:39.994879+09:00
Bonus Rate,390.0,2.0,success,False,2026-08-21T01:15:25.336646+09:00
Bonus Recap,10.0,0.0,success,False,2026-08-21T01:18:13.948377+09:00
Bonus Receipt,,,failed,False,2026-08-21T01:16:28.829039+09:00
Bonus Recorder,,,failed,False,2026-08-27T23:37:16.371136+09:00
Bonus Redemption,320.0,3.0,success,False,2026-08-23T16:39:14.026032+09:00
Bonus Register,3600.0,35.0,success,False,2026-08-21T01:22:56.412529+09:00
Bonus Relay,,,failed,False,2026-08-21T01:18:54.031046+09:00
Bonus Reminder,,,failed,False,2026-08-21T01:15:54.545452+09:00
Bonus Report,40.0,1.0,success,False,2026-08-21T01:25:45.514354+09:00
Bonus Repository,,,failed,False,2026-08-27T23:16:30.238245+09:00
Bonus Ring,110.0,7.0,success,False,2026-08-21T01:21:53.775872+09:00
Bonus Roll,320.0,1.0,success,False,2026-08-21T01:25:29.935757+09:00
Bonus Roster,,,failed,False,2026-08-21T01:24:39.746394+09:00
Bonus Route,,,failed,False,2026-08-21T01:21:39.012967+09:00
Bonus Rule,590.0,0.0,success,False,2026-08-23T03:14:42.643964+09:00
Bonus Sale,390.0,6.0,success,False,2026-08-21T02:28:00.693334+09:00
Bonus Sample,10.0,0.0,success,False,2026-08-21T01:16:53.151150+09:00
Bonus Scale,30.0,11.0,success,False,2026-08-21T01:23:14.366280+09:00
Bonus Scope,,,failed,False,2026-08-21T01:19:38.159463+09:00
Bonus Score,90.0,0.0,success,False,2026-08-21T01:26:12.180385+09:00
Bonus Sheet,170.0,0.0,success,False,2026-08-21T01:26:01.379135+09:00
Bonus Shelf,,,failed,False,2026-08-21T01:24:44.835275+09:00
Bonus Shortfall,,,failed,False,2026-08-27T21:48:57.191063+09:00
Bonus Signal,,,failed,False,2026-08-21T01:19:27.364478+09:00
Bonus Signature,50.0,0.0,success,False,2026-08-23T13:27:09.032773+09:00
Bonus Slip,210.0,1.0,success,False,2026-08-21T01:16:47.227660+09:00
Bonus Slot,33100.0,4.0,success,False,2026-08-21T01:16:58.879155+09:00
Bonus Stake,880.0,15.0,success,False,2026-08-23T02:58:18.393651+09:00
Bonus Statement,90.0,0.0,success,False,2026-08-21T01:17:27.975074+09:00
Bonus Station,,,failed,False,2026-08-21T01:20:51.576504+09:00
Bonus Status,50.0,3.0,success,False,2026-08-21T01:26:28.233094+09:00
Bonus Streak,,,failed,False,2026-08-28T00:46:06.331363+09:00
Bonus Stub,,,failed,False,2026-08-21T01:17:22.537676+09:00
Bonus Studio,390.0,4.0,success,False,2026-08-21T01:20:42.577799+09:00
Bonus Sum,,,failed,False,2026-08-21T02:27:43.385895+09:00
Bonus Summary,30.0,0.0,success,False,2026-08-21T01:15:45.998953+09:00
Bonus Surtax,,,failed,False,2026-08-23T15:51:47.066948+09:00
Bonus Tab,90.0,13.0,success,False,2026-08-21T01:17:41.245351+09:00
Bonus Table,40.0,0.0,success,False,2026-08-21T01:16:44.690020+09:00
Bonus Tag,50.0,0.0,success,False,2026-08-21T01:26:19.673494+09:00
Bonus Tariff,,,failed,False,2026-08-21T02:44:07.576254+09:00
Bonus Tax,5400.0,0.0,success,True,2026-08-21T02:11:23.948204+09:00
Bonus Terminal,,,failed,False,2026-08-21T01:21:00.134067+09:00
Bonus Ticker,30.0,2.0,success,False,2026-08-21T01:25:14.873207+09:00
Bonus Ticket,1600.0,1.0,success,False,2026-08-21T01:16:06.736603+09:00
Bonus Tier,40.0,0.0,success,False,2026-08-28T00:46:06.331363+09:00
Bonus Timeline,,,failed,False,2026-08-21T01:15:49.368632+09:00
Bonus Timer,,,failed,False,2026-08-28T00:21:32.683664+09:00
Bonus Token,50.0,1.0,success,False,2026-08-23T13:27:09.032773+09:00
Bonus Toll,,,failed,False,2026-08-21T02:44:02.769477+09:00
Bonus Toolbox,,,failed,False,2026-08-28T00:21:40.685047+09:00
Bonus Total,40.0,5.0,success,False,2026-08-27T23:16:21.897779+09:00
Bonus Tower,,,failed,False,2026-08-21T01:24:33.847860+09:00
Bonus Tracker,40500.0,2.0,success,False,2026-08-21T01:18:24.600947+09:00
Bonus Trail,,,failed,False,2026-08-21T01:21:46.110216+09:00
Bonus Trend,,,failed,False,2026-08-28T01:02:54.819638+09:00
Bonus Trial,0.0,,success,False,2026-08-27T21:17:40.328757+09:00
Bonus Unit,10.0,0.0,success,False,2026-08-21T01:54:32.681048+09:00
Bonus Update,50.0,0.0,success,False,2026-08-21T01:15:30.378271+09:00
Bonus Value,30.0,0.0,success,False,2026-08-23T02:58:14.811642+09:00
Bonus Vault,20.0,1.0,success,False,2026-08-21T01:18:56.365360+09:00
Bonus Version,10.0,0.0,success,False,2026-08-23T03:24:46.219726+09:00
Bonus View,40.0,0.0,success,False,2026-08-21T01:26:31.620928+09:00
Bonus Voucher,320.0,4.0,success,False,2026-08-21T01:17:10.053741+09:00
Bonus Wallet,210.0,2.0,success,False,2026-08-27T22:50:43.878395+09:00
Bonus Watch,40.0,64.0,success,False,2026-08-21T01:19:32.138069+09:00
Bonus Wave,40.0,0.0,success,False,2026-08-21T01:19:52.973842+09:00
Bonus Widget,,,failed,False,2026-08-27T23:16:26.018143+09:00
Bonus Window,,,failed,False,2026-08-21T01:25:40.979194+09:00
Bonus Worksheet,10.0,0.0,success,False,2026-08-27T22:13:16.015424+09:00
Bonus Workshop,,,failed,False,2026-08-28T00:21:35.352628+09:00
Bonus Yard,10.0,0.0,success,False,2026-08-21T01:24:24.499671+09:00
Bonus Zone,50.0,0.0,success,False,2026-08-21T01:21:10.960024+09:00
Booking Advance,480.0,6.0,success,False,2026-08-23T16:11:37.487376+09:00
Booking Allowance,,,failed,False,2026-08-21T02:37:45.273746+09:00
Booking Almanac,,,failed,False,2026-08-18T22:05:25.774321+09:00
Booking Analyzer,,,failed,False,2026-08-27T23:51:00.030552+09:00
Booking Anchor,,,failed,False,2026-08-17T20:36:14.881787+09:00
Booking Arrears,,,failed,False,2026-08-23T16:11:37.487376+09:00
Booking Assistant,320.0,9.0,success,False,2026-08-17T23:07:39.486562+09:00
Booking Atlas,320.0,57.0,success,False,2026-08-17T21:36:05.315924+09:00
Booking Attribute,,,failed,False,2026-08-23T13:05:15.223495+09:00
Booking Badge,590.0,64.0,success,False,2026-08-21T00:25:40.973918+09:00
Booking Balance,1300.0,1.0,success,False,2026-08-23T13:46:12.042463+09:00
Booking Base,260.0,7.0,success,False,2026-08-17T21:32:23.259221+09:00
Booking Beacon,,,failed,False,2026-08-17T20:39:59.910293+09:00
Booking Bill,720.0,15.0,success,False,2026-08-19T21:52:01.647797+09:00
Booking Blueprint,,,failed,False,2026-08-18T22:05:15.577232+09:00
Booking Board,390.0,6.0,success,False,2026-08-17T20:47:39.394205+09:00
Booking Bridge,1600.0,2.0,success,False,2026-08-17T20:37:15.920679+09:00
Booking Brief,,,failed,False,2026-08-21T01:01:11.672775+09:00
Booking Bulletin,,,failed,False,2026-08-21T01:01:07.549578+09:00
Booking Cabinet,18100.0,100.0,success,False,2026-08-27T23:11:52.510647+09:00
Booking Calculator,90.0,6.0,success,False,2026-08-27T23:33:44.180907+09:00
Booking Calendar,6600.0,61.0,success,False,2026-08-19T00:05:06.053297+09:00
Booking Card,2900.0,34.0,success,False,2026-08-19T13:28:50.400701+09:00
Booking Cascade,10.0,41.0,success,False,2026-08-17T20:38:08.924079+09:00
Booking Cash,170.0,17.0,success,False,2026-08-21T02:21:06.391588+09:00
Booking Cashback,5400.0,33.0,success,False,2026-08-27T21:14:09.355453+09:00
Booking Catalog,2400.0,3.0,success,False,2026-08-19T21:06:51.339410+09:00
Booking Category,3600.0,1.0,success,False,2026-08-23T13:05:12.905502+09:00
Booking Center,9900.0,6.0,success,False,2026-08-17T20:41:57.166662+09:00
Booking Chain,1000.0,39.0,success,False,2026-08-18T07:43:25.661274+09:00
Booking Charge,320.0,2.0,success,False,2026-08-21T02:37:31.175739+09:00
Booking Check,1600.0,19.0,success,False,2026-08-19T13:29:15.231319+09:00
Booking Checker,1600.0,19.0,success,False,2026-08-27T23:50:46.062882+09:00
Booking Checklist,50.0,0.0,success,False,2026-08-19T21:06:00.178861+09:00
Booking Cockpit,,,failed,False,2026-08-17T23:26:38.652949+09:00
Booking Code,8100.0,24.0,success,False,2026-08-19T21:52:24.100892+09:00
Booking Codex,,,failed,False,2026-08-18T22:05:44.090365+09:00
Booking Companion,,,failed,False,2026-08-17T23:05:30.117127+09:00
Booking Comparison,10.0,69.0,success,False,2026-08-28T01:02:01.499945+09:00
Booking Compass,3600.0,2.0,success,False,2026-08-17T20:40:46.604989+09:00
Booking Compendium,,,failed,False,2026-08-18T22:05:33.744970+09:00
Booking Confirmation,8100.0,11.0,success,False,2026-08-21T01:01:25.263035+09:00
Booking Console,170.0,100.0,success,False,2026-08-17T20:39:31.272188+09:00
Booking Contribution,,,failed,False,2026-08-23T16:11:34.314985+09:00
Booking Core,880.0,10.0,success,False,2026-08-17T21:31:11.680234+09:00
Booking Cost,1000.0,4.0,success,False,2026-08-21T02:06:17.677670+09:00
Booking Count,2400.0,100.0,success,False,2026-08-27T22:46:36.036918+09:00
Booking Counter,1300.0,3.0,success,False,2026-08-18T23:57:00.632523+09:00
Booking Coupon,2400.0,32.0,success,False,2026-08-27T21:14:04.974327+09:00
Booking Dashboard,1600.0,4.0,success,False,2026-08-17T23:06:26.824049+09:00
Booking Deal,3600.0,86.0,success,False,2026-08-21T01:50:23.005803+09:00
Booking Debt,,,failed,False,2026-08-21T02:20:57.219379+09:00
Booking Deck,,,failed,False,2026-08-17T20:46:23.888336+09:00
Booking Desk,1000.0,51.0,success,False,2026-08-17T20:44:07.827451+09:00
Booking Detail,2400.0,5.0,success,False,2026-08-23T03:16:19.788711+09:00
Booking Detector,,,failed,False,2026-08-27T23:50:54.897553+09:00
Booking Dial,,,failed,False,2026-08-17T20:37:45.876313+09:00
Booking Digest,,,failed,False,2026-08-19T20:41:06.982103+09:00
Booking Directory,,,failed,False,2026-08-19T00:05:11.440472+09:00
Booking Discount,14800.0,98.0,success,False,2026-08-23T16:11:27.999005+09:00
Booking Dock,,,failed,False,2026-08-17T20:33:59.012811+09:00
Booking Dossier,,,failed,False,2026-08-21T01:01:28.263811+09:00
Booking Draft,,,failed,False,2026-08-19T20:41:25.975881+09:00
Booking Due,,,failed,False,2026-08-23T15:50:14.677980+09:00
Booking Duty,,,failed,False,2026-08-21T02:37:35.054521+09:00
Booking Engine,3600.0,49.0,success,False,2026-08-17T23:25:39.196440+09:00
Booking Entry,1900.0,5.0,success,False,2026-08-21T00:58:22.319025+09:00
Booking Estimate,,,failed,False,2026-08-19T21:06:42.695560+09:00
Booking Estimator,,,failed,False,2026-08-27T23:50:46.062882+09:00
Booking Extension,70.0,24.0,success,False,2026-08-23T16:37:28.808486+09:00
Booking Fare,90.0,18.0,success,False,2026-08-21T02:06:32.230213+09:00
Booking Fee,1900.0,2.0,success,False,2026-08-21T01:53:51.077986+09:00
Booking Feed,1900.0,2.0,success,False,2026-08-19T20:41:16.586784+09:00
Booking File,2900.0,88.0,success,False,2026-08-19T20:40:32.306082+09:00
Booking Finder,12100.0,14.0,success,False,2026-08-19T00:05:21.948366+09:00
Booking Fine,90.0,2.0,success,False,2026-08-23T02:53:11.692862+09:00
Booking Flag,,,failed,False,2026-08-21T00:26:21.311990+09:00
Booking Flow,210.0,30.0,success,False,2026-08-17T20:47:00.954455+09:00
Booking Forge,,,failed,False,2026-08-17T20:39:06.787331+09:00
Booking Form,3600.0,13.0,success,False,2026-08-19T13:28:41.334086+09:00
Booking Format,390.0,29.0,success,False,2026-08-23T13:05:20.503897+09:00
Booking Frame,,,failed,False,2026-08-17T21:33:24.629057+09:00
Booking Fund,,,failed,False,2026-08-21T02:21:02.332570+09:00
Booking Gate,260.0,5.0,success,False,2026-08-17T21:38:13.718334+09:00
Booking Giveaway,,,failed,False,2026-08-27T21:14:11.708321+09:00
Booking Grade,,,failed,False,2026-08-21T00:26:05.533599+09:00
Booking Graph,210.0,0.0,success,False,2026-08-27T22:08:02.909734+09:00
Booking Grid,210.0,26.0,success,False,2026-08-18T07:43:41.366664+09:00
Booking Guarantee,90.0,8.0,success,False,2026-08-28T01:02:07.599938+09:00
Booking Guard,,,failed,False,2026-08-17T21:31:46.266854+09:00
Booking Guardian,9900.0,13.0,success,False,2026-08-28T00:20:56.154840+09:00
Booking Guidebook,,,failed,False,2026-08-18T22:04:56.544925+09:00
Booking Helpdesk,260.0,16.0,success,False,2026-08-27T22:46:40.495541+09:00
Booking Helper,8100.0,22.0,success,False,2026-08-28T00:20:59.096636+09:00
Booking History,2900.0,30.0,success,False,2026-08-19T20:40:22.983274+09:00
Booking Hotline,4400.0,12.0,success,False,2026-08-19T21:07:02.698289+09:00
Booking Hub,9900.0,10.0,success,False,2026-08-17T20:45:54.147634+09:00
Booking Identifier,6600.0,4.0,success,False,2026-08-23T13:05:09.962757+09:00
Booking Inbox,110.0,22.0,success,False,2026-08-19T12:24:05.330216+09:00
Booking Incentive,10.0,8.0,success,False,2026-08-27T21:14:11.708321+09:00
Booking Index,2900.0,2.0,success,False,2026-08-19T21:06:11.173737+09:00
Booking Insight,,,failed,False,2026-08-17T23:26:24.551704+09:00
Booking Installment,,,failed,False,2026-08-23T16:11:31.628533+09:00
Booking Item,880.0,100.0,success,False,2026-08-21T01:49:57.762710+09:00
Booking Journal,22200.0,99.0,success,False,2026-08-18T22:04:36.606049+09:00
Booking Keeper,1900.0,6.0,success,False,2026-08-17T21:33:56.834131+09:00
Booking Kit,2400.0,30.0,success,False,2026-08-27T22:46:32.374827+09:00
Booking Lab,4400.0,4.0,success,False,2026-08-17T20:44:27.303320+09:00
Booking Label,6600.0,89.0,success,False,2026-08-27T22:08:06.352004+09:00
Booking Ledger,30.0,5.0,success,False,2026-08-17T21:30:02.792774+09:00
Booking Lens,260.0,18.0,success,False,2026-08-17T21:34:28.165323+09:00
Booking Level,4400.0,26.0,success,False,2026-08-19T20:40:37.869711+09:00
Booking Levy,,,failed,False,2026-08-23T13:46:16.255562+09:00
Booking Link,4400.0,10.0,success,False,2026-08-23T03:16:13.014331+09:00
Booking List,12100.0,13.0,success,False,2026-08-19T21:52:35.745180+09:00
Booking Loan,320.0,6.0,success,False,2026-08-21T02:06:40.735071+09:00
Booking Locator,110.0,18.0,success,False,2026-08-19T00:05:16.956026+09:00
Booking Lock,1900.0,93.0,success,False,2026-08-17T21:36:34.713232+09:00
Booking Log,6600.0,3.0,success,False,2026-08-19T13:28:31.111585+09:00
Booking Loop,1300.0,13.0,success,False,2026-08-17T20:32:17.131006+09:00
Booking Manager,5400.0,10.0,success,False,2026-08-17T21:33:00.443260+09:00
Booking Manual,8100.0,1.0,success,False,2026-08-27T22:08:10.673360+09:00
Booking Map,590.0,41.0,success,False,2026-08-17T21:35:33.419897+09:00
Booking Margin,2400.0,1.0,success,False,2026-08-23T02:53:08.936462+09:00
Booking Markup,,,failed,False,2026-08-23T16:37:26.596455+09:00
Booking Memo,210.0,15.0,success,False,2026-08-21T00:26:10.737162+09:00
Booking Message,1900.0,11.0,success,False,2026-08-27T23:11:50.094156+09:00
Booking Meter,90.0,0.0,success,False,2026-08-17T20:36:47.157974+09:00
Booking Metrics,,,failed,False,2026-08-17T23:03:45.434649+09:00
Booking Monitor,110.0,7.0,success,False,2026-08-17T23:04:33.261831+09:00
Booking Navigator,50.0,40.0,success,False,2026-08-17T23:26:52.800903+09:00
Booking Nexus,880.0,39.0,success,False,2026-08-17T21:37:02.739524+09:00
Booking Node,,,failed,False,2026-08-17T21:39:44.948189+09:00
Booking Note,9900.0,30.0,success,False,2026-08-19T13:29:46.780078+09:00
Booking Notification,1300.0,0.0,success,True,2026-08-27T22:46:29.671446+09:00
Booking Number,18100.0,12.0,success,False,2026-08-23T03:16:04.926690+09:00
Booking Office,4400.0,3.0,success,False,2026-08-18T23:57:07.963291+09:00
Booking Ops,,,failed,False,2026-08-17T23:08:11.112323+09:00
Booking Order,2900.0,27.0,success,False,2026-08-19T21:51:45.660208+09:00
Booking Organizer,9900.0,98.0,success,False,2026-08-17T23:26:10.639676+09:00
Booking Overage,,,failed,False,2026-08-27T21:46:15.571619+09:00
Booking Overdraft,,,failed,False,2026-08-23T15:50:16.987712+09:00
Booking Overdue,,,failed,False,2026-08-27T21:46:13.321425+09:00
Booking Panel,590.0,41.0,success,False,2026-08-17T20:38:35.163236+09:00
Booking Pass,170.0,11.0,success,False,2026-08-21T00:25:26.988508+09:00
Booking Path,1600.0,91.0,success,False,2026-08-17T21:39:02.253193+09:00
Booking Penalty,10.0,6.0,success,False,2026-08-23T16:37:26.596455+09:00
Booking Petition,,,failed,False,2026-08-21T01:01:20.027256+09:00
Booking Pilot,2400.0,70.0,success,False,2026-08-17T20:45:09.617976+09:00
Booking Plan,1300.0,34.0,success,False,2026-08-21T01:50:11.823899+09:00
Booking Planner,1300.0,34.0,success,False,2026-08-17T23:25:55.806145+09:00
Booking Playbook,,,failed,False,2026-08-18T22:04:25.779407+09:00
Booking Point,8100.0,4.0,success,False,2026-08-17T21:37:42.380657+09:00
Booking Portal,1600.0,15.0,success,False,2026-08-17T20:40:24.654920+09:00
Booking Preview,,,failed,False,2026-08-28T01:02:04.540661+09:00
Booking Profile,390.0,3.0,success,False,2026-08-19T13:30:05.934954+09:00
Booking Profit,880.0,2.0,success,False,2026-08-23T02:52:59.926815+09:00
Booking Proposal,1600.0,43.0,success,False,2026-08-28T01:02:04.540661+09:00
Booking Pulse,5400.0,11.0,success,False,2026-08-18T07:43:51.559731+09:00
Booking Queue,50.0,2.0,success,False,2026-08-19T21:06:33.819352+09:00
Booking Quota,10.0,1.0,success,False,2026-08-21T00:26:15.934316+09:00
Booking Radar,170.0,16.0,success,False,2026-08-17T20:43:14.638625+09:00
Booking Rail,301000.0,52.0,success,False,2026-08-17T20:32:55.422953+09:00
Booking Rate,1300.0,3.0,success,False,2026-08-19T20:40:46.834660+09:00
Booking Receipt,590.0,7.0,success,False,2026-08-19T21:52:10.666614+09:00
Booking Recorder,,,failed,False,2026-08-27T23:33:49.410538+09:00
Booking Redemption,,,failed,False,2026-08-23T16:37:28.808486+09:00
Booking Register,1000.0,26.0,success,False,2026-08-17T23:27:09.313673+09:00
Booking Registry,,,failed,False,2026-08-18T22:05:08.323728+09:00
Booking Relay,,,failed,False,2026-08-17T20:42:16.988485+09:00
Booking Reminder,480.0,54.0,success,False,2026-08-19T21:05:47.568804+09:00
Booking Report,2400.0,2.0,success,False,2026-08-19T13:28:19.124767+09:00
Booking Repository,,,failed,False,2026-08-27T23:11:58.068235+09:00
Booking Result,140.0,4.0,success,False,2026-08-28T00:45:40.942680+09:00
Booking Roadmap,,,failed,False,2026-08-18T22:05:52.087342+09:00
Booking Roster,40.0,1.0,success,False,2026-08-19T00:37:21.857423+09:00
Booking Route,,,failed,False,2026-08-17T20:34:46.285590+09:00
Booking Rule,,,failed,False,2026-08-23T03:16:15.944869+09:00
Booking Sale,33100.0,76.0,success,False,2026-08-21T02:21:11.057858+09:00
Booking Sample,1300.0,22.0,success,False,2026-08-19T21:46:20.188818+09:00
Booking Scale,,,failed,False,2026-08-17T20:35:48.969093+09:00
Booking Scanner,14800.0,76.0,success,False,2026-08-27T23:50:52.077690+09:00
Booking Scheduler,170.0,29.0,success,False,2026-08-17T23:10:15.371250+09:00
Booking Scope,,,failed,False,2026-08-17T20:33:27.108642+09:00
Booking Score,8100.0,1.0,success,False,2026-08-19T13:29:29.454455+09:00
Booking Sentry,,,failed,False,2026-08-17T21:35:00.218033+09:00
Booking Sheet,1900.0,7.0,success,False,2026-08-19T13:29:00.478751+09:00
Booking Shortfall,,,failed,False,2026-08-27T21:46:18.010185+09:00
Booking Signal,,,failed,False,2026-08-17T20:35:18.626237+09:00
Booking Signature,720.0,5.0,success,False,2026-08-23T13:27:02.624073+09:00
Booking Slip,590.0,11.0,success,False,2026-08-19T21:46:11.490049+09:00
Booking Slot,1900.0,2.0,success,False,2026-08-19T21:46:33.632095+09:00
Booking Snapshot,,,failed,False,2026-08-18T22:04:47.341629+09:00
Booking Stage,390.0,1.0,success,False,2026-08-28T00:45:40.942680+09:00
Booking Stake,,,failed,False,2026-08-23T02:53:06.849591+09:00
Booking Statement,320.0,90.0,success,False,2026-08-21T00:25:52.909138+09:00
Booking Station,12100.0,26.0,success,False,2026-08-17T20:43:42.299051+09:00
Booking Status,3600.0,6.0,success,False,2026-08-19T20:40:06.734480+09:00
Booking Streak,,,failed,False,2026-08-28T00:45:46.736783+09:00
Booking Stub,,,failed,False,2026-08-21T00:25:47.755507+09:00
Booking Studio,1900.0,4.0,success,False,2026-08-17T20:45:32.525368+09:00
Booking Subsidy,,,failed,False,2026-08-23T15:50:16.987712+09:00
Booking Suite,390.0,26.0,success,False,2026-08-17T23:08:34.451093+09:00
Booking Sum,,,failed,False,2026-08-21T02:20:53.673511+09:00
Booking Summary,18100.0,9.0,success,False,2026-08-19T21:05:22.464454+09:00
Booking Surtax,,,failed,False,2026-08-23T15:50:19.459391+09:00
Booking Sync,140.0,14.0,success,False,2026-08-17T20:48:21.583177+09:00
Booking Table,8100.0,60.0,success,False,2026-08-19T21:52:48.982891+09:00
Booking Tag,6600.0,9.0,success,False,2026-08-19T13:29:56.430090+09:00
Booking Tally,,,failed,False,2026-08-21T00:26:00.566845+09:00
Booking Tariff,,,failed,False,2026-08-21T02:37:48.956315+09:00
Booking Tax,1000.0,64.0,success,False,2026-08-21T02:06:36.583403+09:00
Booking Ticket,33100.0,43.0,success,False,2026-08-19T21:06:23.756396+09:00
Booking Timeline,8100.0,10.0,success,False,2026-08-19T21:05:32.048024+09:00
Booking Timer,,,failed,False,2026-08-28T00:21:17.081309+09:00
Booking Token,4400.0,97.0,success,False,2026-08-23T13:27:00.453108+09:00
Booking Toll,390.0,13.0,success,False,2026-08-21T02:37:37.997164+09:00
Booking Toolbox,,,failed,False,2026-08-28T00:20:59.096636+09:00
Booking Toolkit,,,failed,False,2026-08-18T22:04:15.026557+09:00
Booking Total,1000.0,5.0,success,False,2026-08-27T23:11:50.094156+09:00
Booking Tracker,210.0,7.0,success,False,2026-08-17T21:30:38.829852+09:00
Booking Trail,,,failed,False,2026-08-17T20:31:44.848533+09:00
Booking Trend,210.0,15.0,success,False,2026-08-28T01:01:58.415917+09:00
Booking Trial,,,failed,False,2026-08-27T21:14:09.355453+09:00
Booking Unit,480.0,100.0,success,False,2026-08-21T01:50:44.435250+09:00
Booking Update,320.0,3.0,success,False,2026-08-19T20:41:00.818648+09:00
Booking Value,22200.0,7.0,success,False,2026-08-23T02:53:02.917433+09:00
Booking Vault,9900.0,23.0,success,False,2026-08-17T20:41:33.336783+09:00
Booking Version,,,failed,False,2026-08-23T03:16:07.985751+09:00
Booking View,1300.0,6.0,success,False,2026-08-19T20:40:13.253783+09:00
Booking Voucher,6600.0,79.0,success,False,2026-08-21T00:25:32.620138+09:00
Booking Wallet,12100.0,100.0,success,False,2026-08-27T22:46:32.374827+09:00
Booking Watch,880.0,6.0,success,False,2026-08-17T20:34:22.385109+09:00
Booking Wave,390.0,36.0,success,False,2026-08-17T21:41:12.952922+09:00
Booking Widget,320.0,31.0,success,False,2026-08-27T23:11:52.510647+09:00
Booking Window,1600.0,3.0,success,False,2026-08-19T12:23:01.868954+09:00
Booking Workbench,10.0,86.0,success,False,2026-08-18T22:04:05.188286+09:00
Booking Worksheet,,,failed,False,2026-08-27T22:08:16.098998+09:00
Booking Zone,3600.0,75.0,success,False,2026-08-17T20:41:08.316613+09:00
Bouquet Advance,,,failed,False,2026-08-23T16:15:50.711564+09:00
Bouquet Advisory,,,failed,False,2026-08-21T01:03:56.741736+09:00
Bouquet Allowance,,,failed,False,2026-08-21T02:36:33.361411+09:00
Bouquet Analyzer,,,failed,False,2026-08-27T23:52:32.506891+09:00
Bouquet Arrears,,,failed,False,2026-08-23T16:15:50.711564+09:00
Bouquet Asset,,,failed,False,2026-08-23T13:47:13.508679+09:00
Bouquet Assistant,,,failed,False,2026-08-19T13:30:42.478470+09:00
Bouquet Attribute,,,failed,False,2026-08-23T13:06:29.194377+09:00
Bouquet Badge,,,failed,False,2026-08-21T00:28:30.302130+09:00
Bouquet Bill,30.0,0.0,success,False,2026-08-19T22:04:10.383393+09:00
Bouquet Bin,,,failed,False,2026-08-19T13:36:50.709528+09:00
Bouquet Board,10.0,11.0,success,False,2026-08-19T13:25:55.543115+09:00
Bouquet Book,12100.0,65.0,success,False,2026-08-19T22:05:08.787907+09:00
Bouquet Brief,,,failed,False,2026-08-21T01:03:45.407835+09:00
Bouquet Bulletin,,,failed,False,2026-08-21T01:03:40.572054+09:00
Bouquet Calculator,,,failed,False,2026-08-27T23:32:33.346775+09:00
Bouquet Calendar,40.0,52.0,success,False,2026-08-19T13:32:18.631834+09:00
Bouquet Card,1900.0,90.0,success,False,2026-08-19T13:39:18.013288+09:00
Bouquet Cash,50.0,70.0,success,False,2026-08-21T02:29:53.730886+09:00
Bouquet Cashback,,,failed,False,2026-08-27T21:19:01.624624+09:00
Bouquet Catalog,50.0,24.0,success,False,2026-08-19T21:17:59.528469+09:00
Bouquet Category,,,failed,False,2026-08-23T13:06:27.049949+09:00
Bouquet Center,20.0,12.0,success,False,2026-08-19T13:27:22.269137+09:00
Bouquet Charge,,,failed,False,2026-08-21T02:45:38.713397+09:00
Bouquet Checker,,,failed,False,2026-08-27T23:52:26.282518+09:00
Bouquet Checklist,,,failed,False,2026-08-19T21:17:13.210771+09:00
Bouquet Circular,,,failed,False,2026-08-21T01:03:51.285961+09:00
Bouquet Code,20.0,0.0,success,False,2026-08-19T22:04:30.317454+09:00
Bouquet Companion,,,failed,False,2026-08-19T13:31:09.832283+09:00
Bouquet Comparison,,,failed,False,2026-08-28T01:04:04.391433+09:00
Bouquet Confirmation,,,failed,False,2026-08-21T01:04:04.572867+09:00
Bouquet Console,,,failed,False,2026-08-19T13:27:59.144364+09:00
Bouquet Cost,720.0,65.0,success,False,2026-08-21T02:12:59.494269+09:00
Bouquet Count,20.0,3.0,success,False,2026-08-27T22:44:08.062899+09:00
Bouquet Counter,,,failed,False,2026-08-19T13:32:55.447680+09:00
Bouquet Coupon,,,failed,False,2026-08-27T21:18:52.051068+09:00
Bouquet Deal,30.0,100.0,success,False,2026-08-21T01:56:48.479807+09:00
Bouquet Debt,,,failed,False,2026-08-21T02:29:47.040271+09:00
Bouquet Desk,10.0,32.0,success,False,2026-08-19T13:41:55.083304+09:00
Bouquet Detail,,,failed,False,2026-08-23T03:16:59.377666+09:00
Bouquet Detector,,,failed,False,2026-08-27T23:52:32.506891+09:00
Bouquet Diagram,50.0,3.0,success,False,2026-08-27T22:14:35.571737+09:00
Bouquet Digest,,,failed,False,2026-08-19T20:42:27.783446+09:00
Bouquet Directory,,,failed,False,2026-08-19T13:32:23.096151+09:00
Bouquet Discount,20.0,100.0,success,False,2026-08-23T16:15:43.832612+09:00
Bouquet Dossier,,,failed,False,2026-08-21T01:04:11.301899+09:00
Bouquet Downpayment,,,failed,False,2026-08-27T21:50:00.180912+09:00
Bouquet Draft,,,failed,False,2026-08-19T20:42:39.884460+09:00
Bouquet Due,,,failed,False,2026-08-23T15:52:18.208311+09:00
Bouquet Duty,,,failed,False,2026-08-21T02:45:41.299406+09:00
Bouquet Engine,10.0,0.0,success,False,2026-08-19T13:30:30.638587+09:00
Bouquet Entry,,,failed,False,2026-08-21T01:04:28.874460+09:00
Bouquet Estimate,,,failed,False,2026-08-19T21:17:53.819858+09:00
Bouquet Estimator,,,failed,False,2026-08-27T23:52:22.402919+09:00
Bouquet Excerpt,,,failed,False,2026-08-21T01:04:22.356565+09:00
Bouquet Fare,,,failed,False,2026-08-21T02:13:09.073610+09:00
Bouquet Fee,,,failed,False,2026-08-21T01:56:34.859851+09:00
Bouquet Feed,,,failed,False,2026-08-19T20:42:32.517249+09:00
Bouquet File,,,failed,False,2026-08-19T20:41:59.995024+09:00
Bouquet Flag,,,failed,False,2026-08-21T00:29:18.901587+09:00
Bouquet Flow,,,failed,False,2026-08-19T13:41:26.637679+09:00
Bouquet Format,,,failed,False,2026-08-23T13:06:33.832553+09:00
Bouquet Fund,,,failed,False,2026-08-21T02:29:49.445628+09:00
Bouquet Generator,210.0,0.0,success,False,2026-08-27T23:32:36.959010+09:00
Bouquet Giveaway,,,failed,False,2026-08-27T21:19:08.961232+09:00
Bouquet Grade,,,failed,False,2026-08-21T00:28:59.306676+09:00
Bouquet Grid,,,failed,False,2026-08-19T13:23:44.398972+09:00
Bouquet Guardian,,,failed,False,2026-08-28T00:22:54.713063+09:00
Bouquet Helpdesk,,,failed,False,2026-08-27T22:44:11.984469+09:00
Bouquet Helper,,,failed,False,2026-08-28T00:22:57.445324+09:00
Bouquet History,170.0,1.0,success,False,2026-08-19T20:41:51.151726+09:00
Bouquet Hotline,,,failed,False,2026-08-19T21:18:11.999906+09:00
Bouquet Hub,,,failed,False,2026-08-19T13:41:43.922175+09:00
Bouquet Identifier,,,failed,False,2026-08-23T13:06:27.049949+09:00
Bouquet Incentive,,,failed,False,2026-08-27T21:19:05.213789+09:00
Bouquet Index,,,failed,False,2026-08-19T21:17:23.744501+09:00
Bouquet Installment,,,failed,False,2026-08-23T16:15:43.832612+09:00
Bouquet Item,260.0,69.0,success,False,2026-08-21T01:56:38.086153+09:00
Bouquet Journal,30.0,6.0,success,False,2026-08-19T13:31:59.823844+09:00
Bouquet Kit,260.0,88.0,success,False,2026-08-27T22:51:51.167010+09:00
Bouquet Ledger,,,failed,False,2026-08-19T13:25:47.267780+09:00
Bouquet Level,,,failed,False,2026-08-19T20:42:09.827682+09:00
Bouquet Levy,,,failed,False,2026-08-23T13:47:15.992604+09:00
Bouquet Link,140.0,5.0,success,False,2026-08-23T03:16:47.860821+09:00
Bouquet List,170.0,3.0,success,False,2026-08-19T22:04:42.218437+09:00
Bouquet Loan,,,failed,False,2026-08-21T02:13:20.223987+09:00
Bouquet Locker,,,failed,False,2026-08-19T13:33:05.427843+09:00
Bouquet Manager,10.0,0.0,success,False,2026-08-19T13:30:10.449633+09:00
Bouquet Map,30.0,16.0,success,False,2026-08-19T13:24:52.365790+09:00
Bouquet Markup,,,failed,False,2026-08-23T16:39:45.505448+09:00
Bouquet Memo,,,failed,False,2026-08-21T00:29:05.314041+09:00
Bouquet Monitor,,,failed,False,2026-08-19T13:31:03.415990+09:00
Bouquet Notification,,,failed,False,2026-08-27T22:51:48.588261+09:00
Bouquet Number,20.0,12.0,success,False,2026-08-23T03:16:39.334057+09:00
Bouquet Office,,,failed,False,2026-08-19T13:32:49.484496+09:00
Bouquet Ops,,,failed,False,2026-08-19T13:31:44.608385+09:00
Bouquet Order,1600.0,100.0,success,False,2026-08-19T22:03:59.574342+09:00
Bouquet Overage,,,failed,False,2026-08-27T21:49:57.609346+09:00
Bouquet Overdue,,,failed,False,2026-08-27T21:49:53.079168+09:00
Bouquet Panel,,,failed,False,2026-08-19T13:28:06.398636+09:00
Bouquet Pass,40.0,45.0,success,False,2026-08-21T00:28:15.750952+09:00
Bouquet Payoff,,,failed,False,2026-08-27T21:49:53.079168+09:00
Bouquet Petition,,,failed,False,2026-08-21T01:04:00.035751+09:00
Bouquet Plan,30.0,1.0,success,False,2026-08-21T01:56:48.479807+09:00
Bouquet Planner,30.0,1.0,success,False,2026-08-19T13:30:48.441659+09:00
Bouquet Point,,,failed,False,2026-08-19T13:24:29.465553+09:00
Bouquet Portal,,,failed,False,2026-08-19T13:27:50.683202+09:00
Bouquet Preview,,,failed,False,2026-08-28T01:04:09.060597+09:00
Bouquet Profit,,,failed,False,2026-08-23T02:52:54.203392+09:00
Bouquet Proposal,90.0,40.0,success,False,2026-08-28T01:04:09.060597+09:00
Bouquet Queue,,,failed,False,2026-08-19T21:17:45.288805+09:00
Bouquet Quota,,,failed,False,2026-08-21T00:29:13.109702+09:00
Bouquet Rate,260.0,11.0,success,False,2026-08-19T20:42:14.870990+09:00
Bouquet Recap,,,failed,False,2026-08-21T01:04:18.102523+09:00
Bouquet Receipt,,,failed,False,2026-08-19T22:04:20.465966+09:00
Bouquet Recorder,,,failed,False,2026-08-27T23:32:40.029337+09:00
Bouquet Register,,,failed,False,2026-08-19T13:31:24.471816+09:00
Bouquet Registry,,,failed,False,2026-08-19T13:32:07.571238+09:00
Bouquet Reminder,,,failed,False,2026-08-19T21:17:02.639874+09:00
Bouquet Report,,,failed,False,2026-08-19T13:38:21.044998+09:00
Bouquet Route,,,failed,False,2026-08-19T13:28:22.445633+09:00
Bouquet Rule,50.0,1.0,success,False,2026-08-23T03:16:51.782987+09:00
Bouquet Sale,210.0,99.0,success,False,2026-08-21T02:29:56.209810+09:00
Bouquet Sample,170.0,92.0,success,False,2026-08-19T22:05:28.406409+09:00
Bouquet Scanner,,,failed,False,2026-08-27T23:52:30.197940+09:00
Bouquet Scheduler,,,failed,False,2026-08-19T13:30:57.828554+09:00
Bouquet Scope,,,failed,False,2026-08-19T13:23:16.958274+09:00
Bouquet Shelf,10.0,0.0,success,False,2026-08-19T13:35:15.943675+09:00
Bouquet Shortfall,,,failed,False,2026-08-27T21:50:02.290136+09:00
Bouquet Sketch,1900.0,48.0,success,False,2026-08-27T22:29:30.000621+09:00
Bouquet Slip,,,failed,False,2026-08-19T22:05:19.679261+09:00
Bouquet Slot,,,failed,False,2026-08-19T22:05:40.444282+09:00
Bouquet Statement,,,failed,False,2026-08-21T00:28:44.167575+09:00
Bouquet Station,110.0,48.0,success,False,2026-08-19T13:27:02.036577+09:00
Bouquet Status,10.0,0.0,success,False,2026-08-19T20:41:40.323358+09:00
Bouquet Stub,,,failed,False,2026-08-21T00:28:35.603528+09:00
Bouquet Sum,,,failed,False,2026-08-21T02:29:40.223505+09:00
Bouquet Summary,,,failed,False,2026-08-19T21:16:33.965835+09:00
Bouquet Tab,30.0,0.0,success,False,2026-08-21T00:29:27.962730+09:00
Bouquet Table,2400.0,96.0,success,False,2026-08-19T22:04:53.715623+09:00
Bouquet Tag,110.0,79.0,success,False,2026-08-19T13:40:29.386715+09:00
Bouquet Tally,,,failed,False,2026-08-21T00:28:49.114338+09:00
Bouquet Tariff,,,failed,False,2026-08-21T02:36:41.492996+09:00
Bouquet Tax,,,failed,False,2026-08-21T02:13:15.591815+09:00
Bouquet Ticket,,,failed,False,2026-08-19T21:17:33.160544+09:00
Bouquet Tier,,,failed,False,2026-08-28T00:46:47.850580+09:00
Bouquet Timeline,,,failed,False,2026-08-19T21:16:48.614230+09:00
Bouquet Timer,,,failed,False,2026-08-28T00:22:49.083106+09:00
Bouquet Toll,,,failed,False,2026-08-21T02:45:44.220380+09:00
Bouquet Toolbox,,,failed,False,2026-08-28T00:22:57.445324+09:00
Bouquet Tracker,,,failed,False,2026-08-19T13:41:02.359276+09:00
Bouquet Trial,10.0,13.0,success,False,2026-08-27T21:19:01.624624+09:00
Bouquet Unit,10.0,0.0,success,False,2026-08-21T01:56:42.470423+09:00
Bouquet Update,,,failed,False,2026-08-19T20:42:21.972075+09:00
Bouquet Value,,,failed,False,2026-08-23T02:52:56.566002+09:00
Bouquet Version,,,failed,False,2026-08-23T03:16:44.260724+09:00
Bouquet View,,,failed,False,2026-08-19T20:41:45.467674+09:00
Bouquet Voucher,10.0,29.0,success,False,2026-08-21T00:28:20.735517+09:00
Bouquet Watch,70.0,27.0,success,False,2026-08-19T13:23:05.373596+09:00
Bouquet Widget,,,failed,False,2026-08-27T23:10:14.890839+09:00
Bouquet Worksheet,,,failed,False,2026-08-27T22:14:35.571737+09:00
Bouquet Workshop,480.0,65.0,success,False,2026-08-28T00:22:52.095414+09:00
Bouquet Zone,,,failed,False,2026-08-19T13:27:40.228305+09:00
Brand Advisory,70.0,14.0,success,False,2026-08-21T01:02:59.724963+09:00
Brand Allowance,10.0,0.0,success,False,2026-08-21T02:42:30.088898+09:00
Brand Almanac,10.0,36.0,success,False,2026-08-18T22:11:07.698009+09:00
Brand Analyzer,30.0,56.0,success,False,2026-08-27T23:50:52.077690+09:00
Brand Anchor,170.0,2.0,success,False,2026-08-17T21:31:02.177338+09:00
Brand Announcement,70.0,0.0,success,False,2026-08-27T23:37:11.995923+09:00
Brand Asset,3600.0,6.0,success,False,2026-08-23T13:48:04.421871+09:00
Brand Assistant,590.0,4.0,success,False,2026-08-17T23:27:09.313673+09:00
Brand Atlas,590.0,3.0,success,False,2026-08-17T20:39:52.233588+09:00
Brand Attribute,720.0,2.0,success,False,2026-08-23T13:08:36.933873+09:00
Brand Badge,480.0,99.0,success,False,2026-08-21T00:29:02.215162+09:00
Brand Base,720.0,39.0,success,False,2026-08-17T20:36:39.507807+09:00
Brand Beacon,70.0,2.0,success,False,2026-08-17T21:35:22.295985+09:00
Brand Bill,210.0,87.0,success,False,2026-08-19T21:49:32.440919+09:00
Brand Blueprint,320.0,10.0,success,False,2026-08-18T22:11:01.803326+09:00
Brand Board,12100.0,12.0,success,False,2026-08-17T20:33:48.971139+09:00
Brand Book,40500.0,13.0,success,False,2026-08-19T21:50:30.697464+09:00
Brand Bridge,1000.0,2.0,success,False,2026-08-17T21:32:15.070878+09:00
Brand Brief,1600.0,10.0,success,False,2026-08-21T01:02:54.788235+09:00
Brand Bulletin,30.0,1.0,success,False,2026-08-21T01:01:56.777468+09:00
Brand Calendar,590.0,71.0,success,False,2026-08-19T00:04:50.750995+09:00
Brand Card,2400.0,51.0,success,False,2026-08-19T13:37:07.437416+09:00
Brand Cascade,20.0,12.0,success,False,2026-08-17T21:33:20.961288+09:00
Brand Cash,50.0,1.0,success,False,2026-08-21T02:26:47.668193+09:00
Brand Cashback,,,failed,False,2026-08-27T21:19:26.078520+09:00
Brand Catalog,720.0,9.0,success,False,2026-08-19T21:06:20.590100+09:00
Brand Category,590.0,1.0,success,False,2026-08-23T13:08:36.933873+09:00
Brand Center,14800.0,50.0,success,False,2026-08-17T21:38:08.965654+09:00
Brand Chain,260.0,92.0,success,False,2026-08-17T20:44:01.266186+09:00
Brand Charge,50.0,2.0,success,False,2026-08-21T02:42:20.398693+09:00
Brand Check,1600.0,13.0,success,False,2026-08-19T13:37:39.358157+09:00
Brand Checker,1600.0,13.0,success,False,2026-08-27T23:50:40.068524+09:00
Brand Checklist,260.0,17.0,success,False,2026-08-19T21:05:18.754911+09:00
Brand Circular,,,failed,False,2026-08-21T01:02:59.724963+09:00
Brand Cockpit,10.0,0.0,success,False,2026-08-17T23:04:17.256447+09:00
Brand Code,1900.0,3.0,success,False,2026-08-19T21:49:55.952193+09:00
Brand Codex,,,failed,False,2026-08-18T22:11:27.427914+09:00
Brand Companion,20.0,0.0,success,False,2026-08-17T23:28:22.691550+09:00
Brand Comparison,880.0,1.0,success,False,2026-08-28T01:01:55.633503+09:00
Brand Compass,1300.0,50.0,success,False,2026-08-17T21:36:28.444275+09:00
Brand Compendium,70.0,90.0,success,False,2026-08-18T22:11:16.114719+09:00
Brand Confirmation,,,failed,False,2026-08-21T01:02:15.382494+09:00
Brand Console,,,failed,False,2026-08-17T21:34:53.019649+09:00
Brand Core,720.0,4.0,success,False,2026-08-17T20:35:44.075031+09:00
Brand Cost,590.0,10.0,success,False,2026-08-21T02:11:01.471090+09:00
Brand Count,140.0,76.0,success,False,2026-08-27T22:51:33.320373+09:00
Brand Counter,12100.0,1.0,success,False,2026-08-19T00:05:27.512092+09:00
Brand Coupon,480.0,10.0,success,False,2026-08-27T21:19:20.192831+09:00
Brand Dashboard,210.0,16.0,success,False,2026-08-17T23:28:07.981645+09:00
Brand Deal,4400.0,15.0,success,False,2026-08-21T01:55:33.628108+09:00
Brand Debt,10.0,0.0,success,False,2026-08-21T02:26:41.708739+09:00
Brand Deck,6600.0,18.0,success,False,2026-08-17T20:32:46.505342+09:00
Brand Depot,880.0,19.0,success,False,2026-08-19T00:05:16.956026+09:00
Brand Desk,140.0,66.0,success,False,2026-08-18T07:52:35.571361+09:00
Brand Detail,260.0,2.0,success,False,2026-08-23T03:21:47.880193+09:00
Brand Detector,140.0,78.0,success,False,2026-08-27T23:50:46.062882+09:00
Brand Diagram,140.0,1.0,success,False,2026-08-27T22:14:59.305692+09:00
Brand Dial,,,failed,False,2026-08-17T21:32:50.995270+09:00
Brand Digest,20.0,2.0,success,False,2026-08-19T20:49:25.973595+09:00
Brand Directory,480.0,2.0,success,False,2026-08-19T00:04:59.396392+09:00
Brand Dock,70.0,13.0,success,False,2026-08-17T20:46:53.844827+09:00
Brand Dossier,50.0,16.0,success,False,2026-08-21T01:03:06.374945+09:00
Brand Downpayment,,,failed,False,2026-08-27T21:50:15.580858+09:00
Brand Draft,30.0,2.0,success,False,2026-08-19T20:49:38.357241+09:00
Brand Duty,,,failed,False,2026-08-21T02:42:25.352468+09:00
Brand Engine,320.0,5.0,success,False,2026-08-17T23:13:32.470918+09:00
Brand Entry,20.0,0.0,success,False,2026-08-21T01:03:20.927802+09:00
Brand Estimate,,,failed,False,2026-08-19T21:06:08.303688+09:00
Brand Estimator,,,failed,False,2026-08-27T23:50:40.068524+09:00
Brand Excerpt,,,failed,False,2026-08-21T01:03:16.580684+09:00
Brand Extension,4400.0,1.0,success,False,2026-08-23T16:40:09.543730+09:00
Brand Fare,260.0,2.0,success,False,2026-08-21T02:11:07.536158+09:00
Brand Fee,140.0,1.0,success,False,2026-08-21T01:55:08.355431+09:00
Brand Feed,210.0,5.0,success,False,2026-08-19T20:49:32.682801+09:00
Brand Field,18100.0,100.0,success,False,2026-08-23T13:08:40.061584+09:00
Brand File,210.0,54.0,success,False,2026-08-19T20:49:04.250848+09:00
Brand Finder,480.0,7.0,success,False,2026-08-19T00:05:11.440472+09:00
Brand Fine,20.0,1.0,success,False,2026-08-23T02:56:41.108127+09:00
Brand Flag,1300.0,100.0,success,False,2026-08-21T00:29:50.648703+09:00
Brand Flow,170.0,5.0,success,False,2026-08-17T20:33:21.754611+09:00
Brand Forge,170.0,3.0,success,False,2026-08-17T21:34:20.474166+09:00
Brand Form,210.0,7.0,success,False,2026-08-19T13:36:52.870932+09:00
Brand Format,210.0,7.0,success,False,2026-08-23T13:08:44.526296+09:00
Brand Frame,880.0,70.0,success,False,2026-08-17T20:37:38.706086+09:00
Brand Fund,1600.0,77.0,success,False,2026-08-21T02:26:41.708739+09:00
Brand Gate,1600.0,6.0,success,False,2026-08-17T20:41:24.809383+09:00
Brand Generator,3600.0,29.0,success,False,2026-08-27T23:37:16.371136+09:00
Brand Giveaway,480.0,100.0,success,False,2026-08-27T21:19:28.438229+09:00
Brand Grade,,,failed,False,2026-08-21T00:29:30.583044+09:00
Brand Graph,720.0,12.0,success,False,2026-08-27T22:14:45.094035+09:00
Brand Grid,140.0,1.0,success,False,2026-08-17T20:44:23.108645+09:00
Brand Guarantee,30.0,0.0,success,False,2026-08-28T01:02:01.499945+09:00
Brand Guard,210.0,12.0,success,False,2026-08-17T20:36:11.237181+09:00
Brand Guardian,480.0,8.0,success,False,2026-08-28T00:21:06.843571+09:00
Brand Guidebook,49500.0,10.0,success,False,2026-08-18T22:10:43.266214+09:00
Brand Helpdesk,,,failed,False,2026-08-27T22:51:33.320373+09:00
Brand Helper,20.0,24.0,success,False,2026-08-28T00:21:09.151755+09:00
Brand History,1600.0,2.0,success,False,2026-08-19T20:48:59.251157+09:00
Brand Hotline,,,failed,False,2026-08-19T21:06:31.890613+09:00
Brand Hub,22200.0,5.0,success,False,2026-08-17T20:32:10.469810+09:00
Brand Identifier,2900.0,9.0,success,False,2026-08-23T13:08:34.053815+09:00
Brand Incentive,,,failed,False,2026-08-27T21:19:28.438229+09:00
Brand Index,880.0,14.0,success,False,2026-08-19T21:05:32.048024+09:00
Brand Insight,480.0,8.0,success,False,2026-08-17T23:09:57.644305+09:00
Brand Interest,30.0,1.0,success,False,2026-08-23T13:48:04.421871+09:00
Brand Item,2900.0,89.0,success,False,2026-08-21T01:55:13.516814+09:00
Brand Journal,720.0,100.0,success,False,2026-08-18T22:10:27.962314+09:00
Brand Keeper,210.0,1.0,success,False,2026-08-17T20:38:04.703276+09:00
Brand Kit,14800.0,31.0,success,False,2026-08-27T22:51:29.683445+09:00
Brand Lab,8100.0,6.0,success,False,2026-08-18T07:53:01.701423+09:00
Brand Label,3600.0,63.0,success,False,2026-08-27T22:14:45.094035+09:00
Brand Ledger,40.0,2.0,success,False,2026-08-17T20:34:42.726088+09:00
Brand Lens,2400.0,70.0,success,False,2026-08-17T20:38:31.317013+09:00
Brand Level,1000.0,16.0,success,False,2026-08-19T20:49:09.969574+09:00
Brand Link,1900.0,4.0,success,False,2026-08-23T03:21:36.606838+09:00
Brand List,4400.0,3.0,success,False,2026-08-19T21:50:06.175762+09:00
Brand Loan,70.0,27.0,success,False,2026-08-21T02:11:15.261095+09:00
Brand Locator,170.0,2.0,success,False,2026-08-19T00:05:06.053297+09:00
Brand Lock,590.0,45.0,success,False,2026-08-17T20:40:19.019495+09:00
Brand Log,60500.0,9.0,success,False,2026-08-19T13:36:47.380431+09:00
Brand Loop,50.0,2.0,success,False,2026-08-17T20:45:26.162726+09:00
Brand Manager,22200.0,10.0,success,False,2026-08-17T20:37:08.027448+09:00
Brand Manual,3600.0,16.0,success,False,2026-08-27T22:14:48.502479+09:00
Brand Map,3600.0,4.0,success,False,2026-08-17T20:39:23.919432+09:00
Brand Memo,50.0,3.0,success,False,2026-08-21T00:29:35.718141+09:00
Brand Message,2900.0,24.0,success,False,2026-08-27T23:16:41.409509+09:00
Brand Meter,720.0,93.0,success,False,2026-08-17T21:31:39.058447+09:00
Brand Metrics,1000.0,17.0,success,False,2026-08-17T23:27:53.024871+09:00
Brand Monitor,2900.0,23.0,success,False,2026-08-17T23:27:41.420797+09:00
Brand Navigator,50.0,7.0,success,False,2026-08-17T23:11:35.407010+09:00
Brand Nexus,590.0,1.0,success,False,2026-08-17T20:40:42.163784+09:00
Brand Node,20.0,0.0,success,False,2026-08-17T20:42:12.704128+09:00
Brand Note,140.0,10.0,success,False,2026-08-19T13:37:57.164882+09:00
Brand Notification,,,failed,False,2026-08-27T22:51:25.477545+09:00
Brand Number,320.0,24.0,success,False,2026-08-23T03:21:28.061139+09:00
Brand Office,1000.0,26.0,success,False,2026-08-19T00:05:21.948366+09:00
Brand Ops,260.0,3.0,success,False,2026-08-17T23:28:43.740452+09:00
Brand Order,70.0,3.0,success,False,2026-08-19T21:49:18.898188+09:00
Brand Organizer,20.0,95.0,success,False,2026-08-17T23:15:05.132671+09:00
Brand Overage,,,failed,False,2026-08-27T21:50:13.120936+09:00
Brand Overdue,,,failed,False,2026-08-27T21:50:10.340173+09:00
Brand Panel,320.0,53.0,success,False,2026-08-17T21:33:48.082783+09:00
Brand Pass,110.0,12.0,success,False,2026-08-21T00:28:46.684495+09:00
Brand Path,1000.0,1.0,success,False,2026-08-17T20:41:54.470071+09:00
Brand Payoff,30.0,0.0,success,False,2026-08-27T21:50:10.340173+09:00
Brand Penalty,10.0,1.0,success,False,2026-08-23T16:40:05.179166+09:00
Brand Petition,,,failed,False,2026-08-21T01:02:13.283707+09:00
Brand Pilot,320.0,6.0,success,False,2026-08-18T07:52:27.935751+09:00
Brand Plan,1600.0,13.0,success,False,2026-08-21T01:55:30.531800+09:00
Brand Planner,140.0,86.0,success,False,2026-08-17T23:08:13.716761+09:00
Brand Playbook,590.0,22.0,success,False,2026-08-18T22:10:18.505365+09:00
Brand Point,1600.0,5.0,success,False,2026-08-17T20:41:03.029394+09:00
Brand Portal,5400.0,21.0,success,False,2026-08-17T21:35:58.459168+09:00
Brand Preview,30.0,35.0,success,False,2026-08-28T01:01:58.415917+09:00
Brand Profile,1300.0,4.0,success,False,2026-08-19T13:38:33.395376+09:00
Brand Profit,20.0,0.0,success,False,2026-08-23T02:56:29.364559+09:00
Brand Proposal,720.0,35.0,success,False,2026-08-28T01:01:58.415917+09:00
Brand Pulse,1000.0,7.0,success,False,2026-08-17T20:43:34.295212+09:00
Brand Queue,20.0,2.0,success,False,2026-08-19T21:05:57.473217+09:00
Brand Quota,,,failed,False,2026-08-21T00:29:45.511428+09:00
Brand Radar,880.0,26.0,success,False,2026-08-17T21:40:59.899740+09:00
Brand Rail,,,failed,False,2026-08-17T20:45:50.172264+09:00
Brand Rank,720.0,1.0,success,False,2026-08-28T00:45:46.736783+09:00
Brand Rate,110.0,0.0,success,False,2026-08-19T20:49:16.530394+09:00
Brand Recap,10.0,0.0,success,False,2026-08-21T01:03:12.514083+09:00
Brand Register,14800.0,18.0,success,False,2026-08-17T23:06:09.735984+09:00
Brand Registry,14800.0,18.0,success,False,2026-08-18T22:10:53.801114+09:00
Brand Relay,260.0,9.0,success,False,2026-08-17T21:38:40.825363+09:00
Brand Reminder,110.0,2.0,success,False,2026-08-19T21:05:07.680797+09:00
Brand Report,320.0,14.0,success,False,2026-08-19T13:36:00.987511+09:00
Brand Repository,20.0,16.0,success,False,2026-08-27T23:16:51.144125+09:00
Brand Roadmap,140.0,8.0,success,False,2026-08-18T22:11:34.911588+09:00
Brand Roster,10.0,2.0,success,False,2026-08-19T00:37:28.610789+09:00
Brand Route,110.0,6.0,success,False,2026-08-17T20:48:13.207047+09:00
Brand Rule,140.0,6.0,success,False,2026-08-23T03:21:40.496452+09:00
Brand Sale,40500.0,76.0,success,False,2026-08-21T02:26:53.610271+09:00
Brand Sample,320.0,20.0,success,False,2026-08-19T21:50:52.634082+09:00
Brand Scale,2400.0,27.0,success,False,2026-08-17T21:30:30.781560+09:00
Brand Scheduler,,,failed,False,2026-08-17T23:27:23.938977+09:00
Brand Scope,3600.0,12.0,success,False,2026-08-17T20:46:16.531586+09:00
Brand Score,260.0,11.0,success,False,2026-08-19T13:37:46.745101+09:00
Brand Sentry,20.0,0.0,success,False,2026-08-17T20:38:58.199942+09:00
Brand Sheet,1000.0,16.0,success,False,2026-08-19T13:37:25.441438+09:00
Brand Shortfall,,,failed,False,2026-08-27T21:50:17.905826+09:00
Brand Signal,90.0,3.0,success,False,2026-08-17T20:49:39.030080+09:00
Brand Signature,590.0,6.0,success,False,2026-08-23T13:27:59.739210+09:00
Brand Slip,20.0,36.0,success,False,2026-08-19T21:50:41.490993+09:00
Brand Slot,40.0,2.0,success,False,2026-08-19T21:51:05.479286+09:00
Brand Snapshot,90.0,12.0,success,False,2026-08-18T22:10:36.115087+09:00
Brand Stake,30.0,0.0,success,False,2026-08-23T02:56:35.195472+09:00
Brand Statement,1300.0,12.0,success,False,2026-08-21T00:29:15.711468+09:00
Brand Station,2400.0,9.0,success,False,2026-08-17T21:41:34.183941+09:00
Brand Status,390.0,0.0,success,False,2026-08-19T20:48:46.011592+09:00
Brand Stub,,,failed,False,2026-08-21T00:29:07.557420+09:00
Brand Studio,8100.0,5.0,success,False,2026-08-17T20:31:36.969919+09:00
Brand Subsidy,,,failed,False,2026-08-23T15:52:44.896002+09:00
Brand Suite,210.0,24.0,success,False,2026-08-17T23:26:55.594772+09:00
Brand Sum,,,failed,False,2026-08-21T02:26:39.495067+09:00
Brand Summary,170.0,12.0,success,False,2026-08-19T21:04:42.466598+09:00
Brand Sync,110.0,4.0,success,False,2026-08-17T20:34:18.335664+09:00
Brand Tab,2900.0,86.0,success,False,2026-08-21T00:29:58.685573+09:00
Brand Table,320.0,99.0,success,False,2026-08-19T21:50:19.457736+09:00
Brand Tag,2900.0,72.0,success,False,2026-08-19T13:38:17.915581+09:00
Brand Tally,110.0,12.0,success,False,2026-08-21T00:29:21.936028+09:00
Brand Tariff,,,failed,False,2026-08-21T02:42:34.441538+09:00
Brand Tax,70.0,2.0,success,False,2026-08-21T02:11:11.149564+09:00
Brand Ticket,90.0,28.0,success,False,2026-08-19T21:05:44.553245+09:00
Brand Tier,390.0,0.0,success,False,2026-08-28T00:45:46.736783+09:00
Brand Timeline,110.0,1.0,success,False,2026-08-19T21:04:56.454622+09:00
Brand Toll,,,failed,False,2026-08-21T02:42:27.655082+09:00
Brand Toolbox,480.0,96.0,success,False,2026-08-28T00:21:06.843571+09:00
Brand Toolkit,880.0,36.0,success,False,2026-08-18T22:10:12.310168+09:00
Brand Total,260.0,20.0,success,False,2026-08-27T23:16:45.468022+09:00
Brand Tracker,3600.0,24.0,success,False,2026-08-17T20:35:09.040915+09:00
Brand Trail,50.0,9.0,success,False,2026-08-17T20:44:51.445524+09:00
Brand Trend,6600.0,6.0,success,False,2026-08-28T01:01:55.633503+09:00
Brand Trial,40.0,0.0,success,False,2026-08-27T21:19:26.078520+09:00
Brand Unit,210.0,3.0,success,False,2026-08-21T01:55:28.445824+09:00
Brand Update,260.0,2.0,success,False,2026-08-19T20:49:19.848949+09:00
Brand Value,6600.0,2.0,success,False,2026-08-23T02:56:32.879910+09:00
Brand Vault,1900.0,8.0,success,False,2026-08-17T21:37:32.627735+09:00
Brand Version,30.0,0.0,success,False,2026-08-23T03:21:32.618577+09:00
Brand View,320.0,3.0,success,False,2026-08-19T20:48:51.281701+09:00
Brand Voucher,210.0,32.0,success,False,2026-08-21T00:28:53.322616+09:00
Brand Watch,49500.0,66.0,success,False,2026-08-17T20:47:33.914967+09:00
Brand Wave,480.0,3.0,success,False,2026-08-17T20:42:40.071307+09:00
Brand Widget,170.0,2.0,success,False,2026-08-27T23:16:45.468022+09:00
Brand Workbench,,,failed,False,2026-08-18T22:10:04.357387+09:00
Brand Worksheet,110.0,16.0,success,False,2026-08-27T22:14:55.683786+09:00
Brand Workshop,720.0,13.0,success,False,2026-08-28T00:21:02.971988+09:00
Brand Zone,3600.0,3.0,success,False,2026-08-17T21:36:57.018160+09:00
Breach Advisory,,,failed,False,2026-08-21T01:08:51.801540+09:00
Breach Alert,90.0,19.0,success,False,2026-08-19T12:24:58.043642+09:00
Breach Allowance,,,failed,False,2026-08-21T02:39:12.661070+09:00
Breach Almanac,,,failed,False,2026-08-18T22:09:35.906732+09:00
Breach Analyzer,,,failed,False,2026-08-27T23:51:32.749499+09:00
Breach Anchor,,,failed,False,2026-08-17T20:43:44.073906+09:00
Breach Announcement,10.0,0.0,success,False,2026-08-27T23:31:33.268301+09:00
Breach Assistant,,,failed,False,2026-08-17T23:23:36.709980+09:00
Breach Atlas,110.0,0.0,success,False,2026-08-17T20:34:25.476328+09:00
Breach Base,40.0,21.0,success,False,2026-08-18T07:52:30.485728+09:00
Breach Beacon,,,failed,False,2026-08-17T20:47:47.373505+09:00
Breach Bill,,,failed,False,2026-08-19T21:56:37.173014+09:00
Breach Blueprint,,,failed,False,2026-08-18T22:09:27.931619+09:00
Breach Board,10.0,0.0,success,False,2026-08-17T21:38:18.723173+09:00
Breach Book,110.0,2.0,success,False,2026-08-19T21:57:31.477256+09:00
Breach Bridge,20.0,0.0,success,False,2026-08-17T20:44:29.668652+09:00
Breach Brief,,,failed,False,2026-08-21T01:08:40.341221+09:00
Breach Bulletin,,,failed,False,2026-08-21T01:08:36.289589+09:00
Breach Calculator,,,failed,False,2026-08-27T23:31:33.268301+09:00
Breach Calendar,,,failed,False,2026-08-18T23:57:35.193051+09:00
Breach Card,20.0,0.0,success,False,2026-08-19T13:35:47.282228+09:00
Breach Cascade,,,failed,False,2026-08-17T20:45:33.619281+09:00
Breach Cash,,,failed,False,2026-08-21T02:23:00.928674+09:00
Breach Catalog,,,failed,False,2026-08-19T21:11:29.135916+09:00
Breach Category,,,failed,False,2026-08-23T13:07:20.154329+09:00
Breach Center,,,failed,False,2026-08-17T21:31:49.761986+09:00
Breach Chain,,,failed,False,2026-08-17T20:39:09.333217+09:00
Breach Charge,720.0,0.0,success,False,2026-08-21T02:39:04.967500+09:00
Breach Check,590.0,15.0,success,False,2026-08-19T13:36:47.380431+09:00
Breach Checker,590.0,15.0,success,False,2026-08-27T23:51:24.335890+09:00
Breach Checklist,,,failed,False,2026-08-19T21:10:34.981799+09:00
Breach Circular,,,failed,False,2026-08-21T01:08:45.073430+09:00
Breach Cockpit,30.0,0.0,success,False,2026-08-17T23:06:57.045511+09:00
Breach Code,90.0,0.0,success,False,2026-08-19T21:56:59.723896+09:00
Breach Codex,,,failed,False,2026-08-18T22:09:54.168922+09:00
Breach Companion,,,failed,False,2026-08-17T23:25:24.044948+09:00
Breach Comparison,,,failed,False,2026-08-28T01:02:51.015649+09:00
Breach Compass,,,failed,False,2026-08-17T21:30:08.257838+09:00
Breach Compendium,,,failed,False,2026-08-18T22:09:44.783040+09:00
Breach Confirmation,,,failed,False,2026-08-21T01:09:01.082637+09:00
Breach Console,10.0,0.0,success,False,2026-08-17T20:47:04.642239+09:00
Breach Core,10.0,0.0,success,False,2026-08-17T21:41:44.845375+09:00
Breach Cost,70.0,26.0,success,False,2026-08-21T02:06:57.377866+09:00
Breach Count,,,failed,False,2026-08-27T22:51:39.171829+09:00
Breach Counter,,,failed,False,2026-08-18T23:58:35.248777+09:00
Breach Dashboard,,,failed,False,2026-08-17T23:24:54.415182+09:00
Breach Deal,,,failed,False,2026-08-21T01:50:16.047866+09:00
Breach Debt,,,failed,False,2026-08-21T02:22:51.042353+09:00
Breach Deck,,,failed,False,2026-08-17T21:37:08.932405+09:00
Breach Depot,,,failed,False,2026-08-18T23:58:15.272323+09:00
Breach Desk,,,failed,False,2026-08-17T21:34:31.783933+09:00
Breach Detail,,,failed,False,2026-08-23T03:19:15.336839+09:00
Breach Detector,260.0,15.0,success,False,2026-08-27T23:51:29.405566+09:00
Breach Diagram,,,failed,False,2026-08-27T22:14:38.233626+09:00
Breach Dial,,,failed,False,2026-08-17T20:45:10.862003+09:00
Breach Digest,,,failed,False,2026-08-19T20:38:33.715363+09:00
Breach Directory,4400.0,9.0,success,False,2026-08-18T23:57:42.935137+09:00
Breach Dock,,,failed,False,2026-08-17T20:41:35.724700+09:00
Breach Dossier,,,failed,False,2026-08-21T01:09:04.636561+09:00
Breach Downpayment,,,failed,False,2026-08-27T21:50:00.180912+09:00
Breach Draft,,,failed,False,2026-08-19T20:38:53.768635+09:00
Breach Due,,,failed,False,2026-08-23T15:52:26.691302+09:00
Breach Duty,2900.0,1.0,success,False,2026-08-21T02:39:07.071635+09:00
Breach Engine,,,failed,False,2026-08-17T23:03:34.150622+09:00
Breach Entry,10.0,0.0,success,False,2026-08-21T01:09:20.076507+09:00
Breach Estimate,,,failed,False,2026-08-19T21:11:19.546080+09:00
Breach Estimator,,,failed,False,2026-08-27T23:51:21.141566+09:00
Breach Excerpt,,,failed,False,2026-08-21T01:09:15.818493+09:00
Breach Fare,,,failed,False,2026-08-21T02:07:07.042559+09:00
Breach Fee,20.0,1.0,success,False,2026-08-21T01:59:59.476692+09:00
Breach Feed,,,failed,False,2026-08-19T20:38:42.409315+09:00
Breach File,,,failed,False,2026-08-19T20:38:01.262466+09:00
Breach Finder,40.0,12.0,success,False,2026-08-18T23:58:04.745440+09:00
Breach Fine,,,failed,False,2026-08-23T02:54:38.259905+09:00
Breach Flag,110.0,59.0,success,False,2026-08-21T00:35:13.915986+09:00
Breach Flow,,,failed,False,2026-08-17T21:37:44.992622+09:00
Breach Forge,,,failed,False,2026-08-17T20:46:26.563596+09:00
Breach Form,260.0,2.0,success,False,2026-08-19T13:35:34.985408+09:00
Breach Frame,,,failed,False,2026-08-17T20:31:49.556843+09:00
Breach Fund,,,failed,False,2026-08-21T02:22:58.653942+09:00
Breach Gate,,,failed,False,2026-08-17T20:36:18.497930+09:00
Breach Generator,,,failed,False,2026-08-27T23:31:41.970749+09:00
Breach Grade,,,failed,False,2026-08-21T00:35:07.163921+09:00
Breach Graph,,,failed,False,2026-08-27T22:14:23.666536+09:00
Breach Grid,,,failed,False,2026-08-17T20:39:32.550443+09:00
Breach Guarantee,,,failed,False,2026-08-28T01:02:54.819638+09:00
Breach Guard,90.0,58.0,success,False,2026-08-18T07:43:54.848234+09:00
Breach Guardian,,,failed,False,2026-08-28T00:21:49.130858+09:00
Breach Guidebook,,,failed,False,2026-08-18T22:09:13.055997+09:00
Breach Helpdesk,,,failed,False,2026-08-27T22:51:39.171829+09:00
Breach Helper,,,failed,False,2026-08-28T00:21:55.786008+09:00
Breach History,70.0,5.0,success,False,2026-08-19T20:37:54.785730+09:00
Breach Hotline,,,failed,False,2026-08-19T21:11:41.705907+09:00
Breach Hub,40.0,9.0,success,False,2026-08-17T21:36:36.847955+09:00
Breach Identifier,,,failed,False,2026-08-23T13:07:20.154329+09:00
Breach Index,10.0,25.0,success,False,2026-08-19T21:10:46.722805+09:00
Breach Insight,,,failed,False,2026-08-17T23:12:17.050075+09:00
Breach Item,20.0,1.0,success,False,2026-08-21T02:00:06.443014+09:00
Breach Journal,,,failed,False,2026-08-18T22:08:57.073323+09:00
Breach Keeper,,,failed,False,2026-08-17T20:32:23.142780+09:00
Breach Lab,70.0,1.0,success,False,2026-08-17T21:35:02.943607+09:00
Breach Label,,,failed,False,2026-08-27T22:14:28.911513+09:00
Breach Ledger,,,failed,False,2026-08-17T21:39:57.727763+09:00
Breach Lens,,,failed,False,2026-08-17T20:32:57.689274+09:00
Breach Level,30.0,0.0,success,False,2026-08-19T20:38:07.942341+09:00
Breach Link,10.0,3.0,success,False,2026-08-23T03:19:08.908804+09:00
Breach List,140.0,2.0,success,False,2026-08-19T21:57:08.159846+09:00
Breach Loan,70.0,25.0,success,False,2026-08-21T02:07:20.173569+09:00
Breach Locator,,,failed,False,2026-08-18T23:57:56.092399+09:00
Breach Lock,140.0,23.0,success,False,2026-08-17T20:34:51.045190+09:00
Breach Log,30.0,2.0,success,False,2026-08-19T13:35:21.181056+09:00
Breach Loop,,,failed,False,2026-08-17T20:40:26.535789+09:00
Breach Manager,10.0,13.0,success,False,2026-08-18T07:52:56.677266+09:00
Breach Manual,,,failed,False,2026-08-27T22:14:32.870267+09:00
Breach Map,90.0,0.0,success,False,2026-08-17T20:34:01.116253+09:00
Breach Margin,,,failed,False,2026-08-23T02:54:35.289098+09:00
Breach Memo,,,failed,False,2026-08-21T00:35:09.628137+09:00
Breach Message,,,failed,False,2026-08-27T23:16:56.229281+09:00
Breach Meter,,,failed,False,2026-08-17T20:44:10.950266+09:00
Breach Metrics,,,failed,False,2026-08-17T23:24:32.888927+09:00
Breach Monitor,90.0,48.0,success,False,2026-08-17T23:24:10.330342+09:00
Breach Navigator,,,failed,False,2026-08-17T23:13:59.220189+09:00
Breach Nexus,,,failed,False,2026-08-17T20:35:19.683482+09:00
Breach Node,,,failed,False,2026-08-17T20:37:16.947301+09:00
Breach Note,,,failed,False,2026-08-19T13:37:14.131003+09:00
Breach Notification,260.0,3.0,success,False,2026-08-27T22:51:33.320373+09:00
Breach Number,20.0,2.0,success,False,2026-08-23T03:19:01.069685+09:00
Breach Office,,,failed,False,2026-08-18T23:58:23.364762+09:00
Breach Ops,,,failed,False,2026-08-17T23:25:50.019139+09:00
Breach Order,30.0,0.0,success,False,2026-08-19T21:56:23.940159+09:00
Breach Organizer,,,failed,False,2026-08-17T23:05:06.987834+09:00
Breach Overage,,,failed,False,2026-08-27T21:49:57.609346+09:00
Breach Overdue,,,failed,False,2026-08-27T21:49:53.079168+09:00
Breach Panel,30.0,5.0,success,False,2026-08-17T20:45:56.929111+09:00
Breach Pass,,,failed,False,2026-08-21T00:34:49.507039+09:00
Breach Path,10.0,0.0,success,False,2026-08-17T20:36:51.044622+09:00
Breach Payoff,,,failed,False,2026-08-27T21:49:55.360701+09:00
Breach Penalty,10.0,0.0,success,False,2026-08-23T16:39:53.377709+09:00
Breach Petition,,,failed,False,2026-08-21T01:08:57.015500+09:00
Breach Pilot,,,failed,False,2026-08-17T21:35:36.118436+09:00
Breach Plan,10.0,10.0,success,False,2026-08-21T01:50:11.823899+09:00
Breach Planner,,,failed,False,2026-08-17T23:10:40.836813+09:00
Breach Playbook,,,failed,False,2026-08-18T22:08:48.035720+09:00
Breach Point,390.0,4.0,success,False,2026-08-17T20:35:51.368204+09:00
Breach Portal,70.0,1.0,success,False,2026-08-17T20:48:23.905428+09:00
Breach Preview,10.0,,success,False,2026-08-28T01:02:51.015649+09:00
Breach Profile,,,failed,False,2026-08-19T13:37:44.092675+09:00
Breach Profit,,,failed,False,2026-08-23T02:54:31.488130+09:00
Breach Pulse,,,failed,False,2026-08-17T20:38:37.912313+09:00
Breach Queue,,,failed,False,2026-08-19T21:11:09.453565+09:00
Breach Radar,20.0,23.0,success,False,2026-08-17T21:33:28.260657+09:00
Breach Rail,,,failed,False,2026-08-17T20:40:48.754907+09:00
Breach Rank,,,failed,False,2026-08-28T00:46:09.802311+09:00
Breach Rate,20.0,5.0,success,False,2026-08-19T20:38:14.851338+09:00
Breach Recap,,,failed,False,2026-08-21T01:09:08.778546+09:00
Breach Receipt,,,failed,False,2026-08-19T21:56:50.628145+09:00
Breach Recorder,,,failed,False,2026-08-27T23:31:46.551451+09:00
Breach Register,50.0,5.0,success,False,2026-08-17T23:08:44.294677+09:00
Breach Registry,50.0,5.0,success,False,2026-08-18T22:09:19.506375+09:00
Breach Relay,,,failed,False,2026-08-17T21:32:25.465592+09:00
Breach Reminder,,,failed,False,2026-08-19T21:10:24.800768+09:00
Breach Report,480.0,12.0,success,False,2026-08-19T13:35:15.943675+09:00
Breach Repository,,,failed,False,2026-08-27T23:09:53.622041+09:00
Breach Result,,,failed,False,2026-08-28T00:46:06.331363+09:00
Breach Roadmap,,,failed,False,2026-08-18T22:10:00.373367+09:00
Breach Roster,,,failed,False,2026-08-19T00:38:43.028128+09:00
Breach Route,,,failed,False,2026-08-17T20:42:19.428112+09:00
Breach Rule,260.0,0.0,success,False,2026-08-23T03:19:12.816359+09:00
Breach Sale,,,failed,False,2026-08-21T02:23:05.228659+09:00
Breach Sample,,,failed,False,2026-08-19T21:57:53.749303+09:00
Breach Scale,,,failed,False,2026-08-17T20:43:15.863986+09:00
Breach Scanner,210.0,23.0,success,False,2026-08-27T23:51:26.937833+09:00
Breach Scheduler,,,failed,False,2026-08-17T23:23:52.832374+09:00
Breach Scope,,,failed,False,2026-08-17T20:41:09.985510+09:00
Breach Score,,,failed,False,2026-08-19T13:36:57.023796+09:00
Breach Sentry,,,failed,False,2026-08-17T20:33:31.328442+09:00
Breach Sheet,,,failed,False,2026-08-19T13:36:10.470400+09:00
Breach Shortfall,,,failed,False,2026-08-27T21:50:02.290136+09:00
Breach Signal,50.0,0.0,success,False,2026-08-17T20:42:49.578916+09:00
Breach Signature,,,failed,False,2026-08-23T13:27:51.587934+09:00
Breach Slip,,,failed,False,2026-08-19T21:57:44.656511+09:00
Breach Slot,,,failed,False,2026-08-19T21:58:02.735072+09:00
Breach Snapshot,,,failed,False,2026-08-18T22:09:05.854990+09:00
Breach Stage,,,failed,False,2026-08-28T00:46:02.758073+09:00
Breach Statement,,,failed,False,2026-08-21T00:35:01.453915+09:00
Breach Station,,,failed,False,2026-08-17T21:34:01.777052+09:00
Breach Status,10.0,0.0,success,False,2026-08-19T20:37:40.051699+09:00
Breach Studio,10.0,0.0,success,False,2026-08-17T21:36:10.133574+09:00
Breach Suite,,,failed,False,2026-08-17T23:33:34.870792+09:00
Breach Sum,,,failed,False,2026-08-21T02:22:48.105050+09:00
Breach Summary,10.0,0.0,success,False,2026-08-19T21:10:02.424096+09:00
Breach Sync,,,failed,False,2026-08-17T21:39:09.779186+09:00
Breach Table,10.0,0.0,success,False,2026-08-19T21:57:22.115019+09:00
Breach Tag,10.0,0.0,success,False,2026-08-19T13:37:32.755916+09:00
Breach Tally,10.0,,success,False,2026-08-21T00:35:03.505181+09:00
Breach Tariff,,,failed,False,2026-08-21T02:39:20.009212+09:00
Breach Tax,,,failed,False,2026-08-21T02:07:16.373051+09:00
Breach Ticket,50.0,8.0,success,False,2026-08-19T21:10:58.611553+09:00
Breach Tier,,,failed,False,2026-08-28T00:46:06.331363+09:00
Breach Timeline,10.0,0.0,success,False,2026-08-19T21:10:13.375829+09:00
Breach Timer,10.0,0.0,success,False,2026-08-28T00:21:43.222424+09:00
Breach Toll,,,failed,False,2026-08-21T02:39:09.375307+09:00
Breach Toolbox,,,failed,False,2026-08-28T00:21:51.591333+09:00
Breach Toolkit,,,failed,False,2026-08-18T22:08:38.388583+09:00
Breach Total,,,failed,False,2026-08-27T23:17:00.312671+09:00
Breach Tracker,50.0,34.0,success,False,2026-08-17T21:41:14.862117+09:00
Breach Trail,,,failed,False,2026-08-17T20:40:01.743309+09:00
Breach Trend,,,failed,False,2026-08-28T01:02:39.668408+09:00
Breach Trial,20.0,1.0,success,False,2026-08-27T21:19:08.961232+09:00
Breach Unit,,,failed,False,2026-08-21T01:49:57.762710+09:00
Breach Update,70.0,0.0,success,False,2026-08-19T20:38:24.406986+09:00
Breach Value,,,failed,False,2026-08-23T02:54:35.289098+09:00
Breach Vault,,,failed,False,2026-08-17T21:31:15.457583+09:00
Breach Version,,,failed,False,2026-08-23T03:19:05.834960+09:00
Breach View,20.0,10.0,success,False,2026-08-19T20:37:47.819235+09:00
Breach Voucher,,,failed,False,2026-08-21T00:34:53.693924+09:00
Breach Watch,90.0,24.0,success,False,2026-08-17T20:42:00.146835+09:00
Breach Wave,10.0,0.0,success,False,2026-08-17T20:37:47.401646+09:00
Breach Widget,,,failed,False,2026-08-27T23:17:02.463785+09:00
Breach Workbench,,,failed,False,2026-08-18T22:08:30.649181+09:00
Breach Worksheet,,,failed,False,2026-08-27T22:14:35.571737+09:00
Breach Workshop,,,failed,False,2026-08-28T00:21:45.963780+09:00
Breach Zone,10.0,0.0,success,False,2026-08-17T21:30:41.512165+09:00
Breed Advisory,,,failed,False,2026-08-21T01:05:25.449789+09:00
Breed Allowance,,,failed,False,2026-08-21T02:44:44.036553+09:00
Breed Almanac,,,failed,False,2026-08-18T22:09:11.269372+09:00
Breed Analyzer,20.0,6.0,success,False,2026-08-27T23:55:53.687521+09:00
Breed Anchor,,,failed,False,2026-08-17T23:04:21.710025+09:00
Breed Assistant,,,failed,False,2026-08-17T23:05:03.232524+09:00
Breed Atlas,10.0,0.0,success,False,2026-08-17T23:09:00.584407+09:00
Breed Attribute,,,failed,False,2026-08-23T13:04:48.308189+09:00
Breed Badge,,,failed,False,2026-08-21T00:31:19.573899+09:00
Breed Base,10.0,1.0,success,False,2026-08-17T23:04:03.069082+09:00
Breed Beacon,,,failed,False,2026-08-17T23:15:10.071233+09:00
Breed Bill,,,failed,False,2026-08-19T21:51:23.149370+09:00
Breed Blueprint,,,failed,False,2026-08-18T22:09:03.479922+09:00
Breed Board,320.0,66.0,success,False,2026-08-17T23:30:26.611269+09:00
Breed Book,590.0,11.0,success,False,2026-08-19T21:52:24.100892+09:00
Breed Bridge,10.0,0.0,success,False,2026-08-17T23:27:56.034352+09:00
Breed Brief,,,failed,False,2026-08-21T01:05:08.043022+09:00
Breed Bulletin,,,failed,False,2026-08-21T01:05:05.236354+09:00
Breed Calculator,4400.0,0.0,success,True,2026-08-27T23:34:34.248381+09:00
Breed Calendar,,,failed,False,2026-08-19T00:00:18.530849+09:00
Breed Card,,,failed,False,2026-08-19T13:34:03.969558+09:00
Breed Cascade,,,failed,False,2026-08-17T23:10:02.526148+09:00
Breed Cash,10.0,0.0,success,False,2026-08-21T02:29:14.750230+09:00
Breed Catalog,,,failed,False,2026-08-19T21:07:13.159437+09:00
Breed Center,,,failed,False,2026-08-17T23:31:19.808791+09:00
Breed Chain,70.0,0.0,success,False,2026-08-17T23:32:54.129749+09:00
Breed Charge,,,failed,False,2026-08-21T02:44:32.833058+09:00
Breed Check,,,failed,False,2026-08-19T13:34:22.181534+09:00
Breed Checker,90.0,1.0,success,False,2026-08-27T23:55:42.824458+09:00
Breed Checklist,,,failed,False,2026-08-19T21:06:20.590100+09:00
Breed Circular,,,failed,False,2026-08-21T01:05:22.302548+09:00
Breed Cockpit,,,failed,False,2026-08-17T23:25:18.715654+09:00
Breed Code,30.0,0.0,success,False,2026-08-19T21:51:45.660208+09:00
Breed Codex,,,failed,False,2026-08-18T22:09:27.931619+09:00
Breed Companion,,,failed,False,2026-08-17T23:15:27.187478+09:00
Breed Comparison,1000.0,3.0,success,False,2026-08-28T01:06:05.018602+09:00
Breed Compass,,,failed,False,2026-08-17T23:27:29.516151+09:00
Breed Compendium,,,failed,False,2026-08-18T22:09:19.506375+09:00
Breed Confirmation,,,failed,False,2026-08-21T01:05:32.279989+09:00
Breed Console,,,failed,False,2026-08-17T23:09:23.779987+09:00
Breed Copayment,,,failed,False,2026-08-23T16:38:03.608262+09:00
Breed Core,,,failed,False,2026-08-17T23:30:11.118322+09:00
Breed Cost,40.0,0.0,success,False,2026-08-21T02:13:04.369688+09:00
Breed Count,70.0,0.0,success,False,2026-08-27T22:47:53.351609+09:00
Breed Counter,,,failed,False,2026-08-19T00:01:12.720919+09:00
Breed Dashboard,,,failed,False,2026-08-17T23:08:40.393362+09:00
Breed Deal,,,failed,False,2026-08-21T01:57:21.062358+09:00
Breed Debt,,,failed,False,2026-08-21T02:29:07.517005+09:00
Breed Deck,,,failed,False,2026-08-17T23:05:51.247207+09:00
Breed Depot,,,failed,False,2026-08-19T00:00:54.845309+09:00
Breed Desk,,,failed,False,2026-08-17T23:26:58.468073+09:00
Breed Detail,,,failed,False,2026-08-23T03:24:42.957554+09:00
Breed Detector,30.0,10.0,success,False,2026-08-27T23:55:48.344302+09:00
Breed Dial,,,failed,False,2026-08-17T23:03:43.392480+09:00
Breed Digest,,,failed,False,2026-08-19T20:49:09.969574+09:00
Breed Directory,30.0,8.0,success,False,2026-08-19T00:00:28.920086+09:00
Breed Dock,,,failed,False,2026-08-17T23:05:27.218902+09:00
Breed Dossier,,,failed,False,2026-08-21T01:05:43.113119+09:00
Breed Draft,,,failed,False,2026-08-19T20:49:23.220357+09:00
Breed Due,,,failed,False,2026-08-23T15:50:54.236884+09:00
Breed Duty,,,failed,False,2026-08-21T02:44:37.347457+09:00
Breed Endowment,,,failed,False,2026-08-23T15:50:59.628265+09:00
Breed Engine,,,failed,False,2026-08-17T23:23:48.557902+09:00
Breed Entry,,,failed,False,2026-08-21T01:06:02.674001+09:00
Breed Estimate,,,failed,False,2026-08-19T21:07:02.698289+09:00
Breed Estimator,,,failed,False,2026-08-27T23:55:40.198338+09:00
Breed Excerpt,,,failed,False,2026-08-21T01:05:55.165491+09:00
Breed Fare,,,failed,False,2026-08-21T02:13:09.073610+09:00
Breed Fee,,,failed,False,2026-08-21T01:57:05.042237+09:00
Breed Feed,480.0,34.0,success,False,2026-08-19T20:49:16.530394+09:00
Breed Field,140.0,1.0,success,False,2026-08-23T13:04:50.850524+09:00
Breed File,,,failed,False,2026-08-19T20:48:48.411735+09:00
Breed Finder,1600.0,16.0,success,False,2026-08-19T00:00:44.927785+09:00
Breed Fine,,,failed,False,2026-08-23T02:58:33.536123+09:00
Breed Flag,,,failed,False,2026-08-21T00:32:08.971513+09:00
Breed Flow,,,failed,False,2026-08-17T23:11:56.017978+09:00
Breed Forge,,,failed,False,2026-08-17T23:27:45.087946+09:00
Breed Form,,,failed,False,2026-08-19T13:33:54.731377+09:00
Breed Format,,,failed,False,2026-08-23T13:04:57.008398+09:00
Breed Frame,,,failed,False,2026-08-17T23:29:55.087176+09:00
Breed Fund,,,failed,False,2026-08-21T02:29:11.262958+09:00
Breed Gate,,,failed,False,2026-08-17T23:14:14.412117+09:00
Breed Grade,,,failed,False,2026-08-21T00:31:49.661501+09:00
Breed Graph,,,failed,False,2026-08-27T22:09:28.492809+09:00
Breed Grid,,,failed,False,2026-08-17T23:28:46.712952+09:00
Breed Guarantee,,,failed,False,2026-08-28T01:06:18.481825+09:00
Breed Guard,,,failed,False,2026-08-17T23:26:16.391059+09:00
Breed Guardian,,,failed,False,2026-08-28T00:25:13.091211+09:00
Breed Guidebook,,,failed,False,2026-08-18T22:08:45.047635+09:00
Breed Helper,,,failed,False,2026-08-28T00:25:19.923690+09:00
Breed History,50.0,0.0,success,False,2026-08-19T20:48:43.191337+09:00
Breed Hotline,,,failed,False,2026-08-19T21:07:23.410704+09:00
Breed Hub,10.0,3.0,success,False,2026-08-17T23:26:41.280182+09:00
Breed Identifier,6600.0,23.0,success,False,2026-08-23T13:04:48.308189+09:00
Breed Index,20.0,0.0,success,False,2026-08-19T21:06:31.890613+09:00
Breed Insight,,,failed,False,2026-08-17T23:24:52.278887+09:00
Breed Interest,,,failed,False,2026-08-23T13:45:48.186439+09:00
Breed Item,,,failed,False,2026-08-21T01:57:08.672731+09:00
Breed Journal,,,failed,False,2026-08-18T22:08:30.649181+09:00
Breed Keeper,,,failed,False,2026-08-17T22:49:19.411310+09:00
Breed Kit,390.0,9.0,success,False,2026-08-27T22:47:46.388657+09:00
Breed Lab,8100.0,1.0,success,False,2026-08-17T23:12:58.115072+09:00
Breed Label,20.0,0.0,success,False,2026-08-27T22:09:32.047106+09:00
Breed Ledger,,,failed,False,2026-08-17T23:11:16.019102+09:00
Breed Lens,,,failed,False,2026-08-17T23:09:43.652539+09:00
Breed Level,,,failed,False,2026-08-19T20:48:55.006137+09:00
Breed Link,,,failed,False,2026-08-23T03:24:36.035969+09:00
Breed List,390.0,53.0,success,False,2026-08-19T21:52:01.647797+09:00
Breed Loan,,,failed,False,2026-08-21T02:13:20.223987+09:00
Breed Locator,10.0,37.0,success,False,2026-08-19T00:00:38.616891+09:00
Breed Lock,,,failed,False,2026-08-17T23:14:51.389027+09:00
Breed Log,,,failed,False,2026-08-19T13:33:49.819535+09:00
Breed Loop,,,failed,False,2026-08-17T23:06:12.301553+09:00
Breed Manager,110.0,1.0,success,False,2026-08-17T23:23:32.991705+09:00
Breed Manual,,,failed,False,2026-08-27T22:09:32.047106+09:00
Breed Map,,,failed,False,2026-08-17T23:29:38.825411+09:00
Breed Margin,,,failed,False,2026-08-23T02:58:29.711332+09:00
Breed Markup,,,failed,False,2026-08-23T16:38:01.127600+09:00
Breed Memo,,,failed,False,2026-08-21T00:31:54.895534+09:00
Breed Meter,,,failed,False,2026-08-17T23:32:14.007104+09:00
Breed Metrics,,,failed,False,2026-08-17T23:13:53.612284+09:00
Breed Monitor,20.0,100.0,success,False,2026-08-17T23:06:54.696813+09:00
Breed Navigator,,,failed,False,2026-08-17T23:25:43.129443+09:00
Breed Nexus,,,failed,False,2026-08-17T23:33:17.146702+09:00
Breed Node,,,failed,False,2026-08-17T23:33:06.954832+09:00
Breed Note,,,failed,False,2026-08-19T13:35:15.943675+09:00
Breed Notification,,,failed,False,2026-08-27T22:47:46.388657+09:00
Breed Number,,,failed,False,2026-08-23T03:24:33.433692+09:00
Breed Office,,,failed,False,2026-08-19T00:01:01.996823+09:00
Breed Ops,,,failed,False,2026-08-17T23:10:20.263689+09:00
Breed Organizer,,,failed,False,2026-08-17T23:24:30.748337+09:00
Breed Panel,,,failed,False,2026-08-17T23:31:50.854430+09:00
Breed Pass,,,failed,False,2026-08-21T00:31:09.970083+09:00
Breed Path,,,failed,False,2026-08-17T23:07:59.739195+09:00
Breed Penalty,,,failed,False,2026-08-23T16:38:01.127600+09:00
Breed Petition,,,failed,False,2026-08-21T01:05:29.532542+09:00
Breed Pilot,,,failed,False,2026-08-17T23:06:35.609380+09:00
Breed Plan,110.0,1.0,success,False,2026-08-21T01:57:18.648468+09:00
Breed Planner,,,failed,False,2026-08-17T23:24:07.376365+09:00
Breed Playbook,,,failed,False,2026-08-18T22:08:21.500006+09:00
Breed Point,,,failed,False,2026-08-17T23:29:23.485940+09:00
Breed Portal,,,failed,False,2026-08-17T23:31:35.615532+09:00
Breed Preview,10.0,0.0,success,False,2026-08-28T01:06:07.510525+09:00
Breed Profile,30.0,1.0,success,False,2026-08-19T13:35:34.985408+09:00
Breed Profit,,,failed,False,2026-08-23T02:58:22.138968+09:00
Breed Proposal,,,failed,False,2026-08-28T01:06:10.302074+09:00
Breed Pulse,,,failed,False,2026-08-17T23:13:13.553145+09:00
Breed Queue,,,failed,False,2026-08-19T21:06:49.674751+09:00
Breed Quota,,,failed,False,2026-08-21T00:32:00.759395+09:00
Breed Radar,,,failed,False,2026-08-17T23:13:34.703463+09:00
Breed Rail,,,failed,False,2026-08-17T23:32:42.825846+09:00
Breed Recap,,,failed,False,2026-08-21T01:07:59.313235+09:00
Breed Receipt,,,failed,False,2026-08-19T21:51:34.255432+09:00
Breed Register,320.0,9.0,success,False,2026-08-17T23:26:02.617332+09:00
Breed Registry,320.0,9.0,success,False,2026-08-18T22:08:54.791738+09:00
Breed Relay,,,failed,False,2026-08-17T23:27:14.779355+09:00
Breed Reminder,,,failed,False,2026-08-19T21:06:08.303688+09:00
Breed Report,,,failed,False,2026-08-19T13:33:40.733972+09:00
Breed Repository,,,failed,False,2026-08-27T23:13:09.078623+09:00
Breed Result,,,failed,False,2026-08-28T00:47:48.349607+09:00
Breed Roadmap,,,failed,False,2026-08-18T22:09:35.906732+09:00
Breed Roster,,,failed,False,2026-08-19T00:36:36.073889+09:00
Breed Route,,,failed,False,2026-08-17T23:32:27.078253+09:00
Breed Rule,,,failed,False,2026-08-23T03:24:40.640287+09:00
Breed Sale,30.0,0.0,success,False,2026-08-21T02:29:19.301672+09:00
Breed Sample,,,failed,False,2026-08-19T21:52:48.982891+09:00
Breed Scale,,,failed,False,2026-08-17T23:10:58.652260+09:00
Breed Scanner,30.0,4.0,success,False,2026-08-27T23:55:42.824458+09:00
Breed Scheduler,,,failed,False,2026-08-17T23:12:14.829118+09:00
Breed Scope,,,failed,False,2026-08-17T23:28:25.880563+09:00
Breed Score,,,failed,False,2026-08-19T13:34:28.843739+09:00
Breed Sentry,,,failed,False,2026-08-17T23:33:34.870792+09:00
Breed Sheet,,,failed,False,2026-08-19T13:34:11.345054+09:00
Breed Signal,,,failed,False,2026-08-17T23:28:10.025737+09:00
Breed Slip,,,failed,False,2026-08-19T21:52:35.745180+09:00
Breed Slot,,,failed,False,2026-08-19T21:53:00.908408+09:00
Breed Snapshot,,,failed,False,2026-08-18T22:08:36.440640+09:00
Breed Stake,,,failed,False,2026-08-23T02:58:27.713523+09:00
Breed Statement,,,failed,False,2026-08-21T00:31:36.211701+09:00
Breed Station,,,failed,False,2026-08-17T23:30:54.077179+09:00
Breed Status,,,failed,False,2026-08-19T20:48:32.959283+09:00
Breed Stub,,,failed,False,2026-08-21T00:31:26.827984+09:00
Breed Studio,50.0,2.0,success,False,2026-08-17T23:30:39.559752+09:00
Breed Suite,,,failed,False,2026-08-17T23:10:38.410164+09:00
Breed Sum,,,failed,False,2026-08-21T02:29:01.889757+09:00
Breed Summary,10.0,0.0,success,False,2026-08-19T21:05:44.553245+09:00
Breed Surtax,,,failed,False,2026-08-23T15:51:01.656182+09:00
Breed Sync,,,failed,False,2026-08-17T23:26:30.057004+09:00
Breed Tab,880.0,0.0,success,False,2026-08-21T00:32:13.850788+09:00
Breed Table,,,failed,False,2026-08-19T21:52:10.666614+09:00
Breed Tag,,,failed,False,2026-08-19T13:35:21.181056+09:00
Breed Tally,,,failed,False,2026-08-21T00:31:41.208752+09:00
Breed Tariff,,,failed,False,2026-08-21T02:44:46.644995+09:00
Breed Tax,,,failed,False,2026-08-21T02:13:15.591815+09:00
Breed Ticket,,,failed,False,2026-08-19T21:06:41.039569+09:00
Breed Tier,,,failed,False,2026-08-28T00:47:48.349607+09:00
Breed Timeline,,,failed,False,2026-08-19T21:06:00.178861+09:00
Breed Toll,,,failed,False,2026-08-21T02:44:40.179717+09:00
Breed Toolbox,,,failed,False,2026-08-28T00:25:15.482285+09:00
Breed Toolkit,,,failed,False,2026-08-18T22:08:12.988621+09:00
Breed Total,,,failed,False,2026-08-27T23:13:03.121922+09:00
Breed Tracker,10.0,0.0,success,False,2026-08-17T23:04:40.930662+09:00
Breed Trail,,,failed,False,2026-08-17T23:12:33.022666+09:00
Breed Trend,,,failed,False,2026-08-28T01:06:05.018602+09:00
Breed Trial,,,failed,False,2026-08-27T21:15:18.698295+09:00
Breed Unit,,,failed,False,2026-08-21T01:57:13.280090+09:00
Breed Update,10.0,0.0,success,False,2026-08-19T20:49:06.260858+09:00
Breed Value,,,failed,False,2026-08-23T02:58:24.249422+09:00
Breed Vault,,,failed,False,2026-08-17T23:08:20.793662+09:00
Breed Version,,,failed,False,2026-08-23T03:24:33.433692+09:00
Breed View,,,failed,False,2026-08-19T20:48:37.662202+09:00
Breed Voucher,,,failed,False,2026-08-21T00:31:14.600161+09:00
Breed Watch,170.0,52.0,success,False,2026-08-17T23:11:38.355115+09:00
Breed Wave,,,failed,False,2026-08-17T23:29:05.712614+09:00
Breed Widget,,,failed,False,2026-08-27T23:13:06.155067+09:00
Breed Workbench,,,failed,False,2026-08-18T22:08:07.311207+09:00
Breed Workshop,,,failed,False,2026-08-28T00:25:10.586444+09:00
Breed Zone,20.0,0.0,success,False,2026-08-17T23:14:35.084674+09:00
Briefing Advance,,,failed,False,2026-08-23T16:16:57.987177+09:00
Briefing Advisory,,,failed,False,2026-08-21T01:07:39.342209+09:00
Briefing Alert,,,failed,False,2026-08-19T21:17:29.124164+09:00
Briefing Allowance,,,failed,False,2026-08-21T02:37:19.204094+09:00
Briefing Analyzer,,,failed,False,2026-08-27T23:56:16.956086+09:00
Briefing Arrears,,,failed,False,2026-08-23T16:16:55.140069+09:00
Briefing Assistant,10.0,0.0,success,False,2026-08-19T21:11:59.918866+09:00
Briefing Attribute,,,failed,False,2026-08-23T13:07:10.531607+09:00
Briefing Badge,,,failed,False,2026-08-21T00:32:20.380964+09:00
Briefing Balance,,,failed,False,2026-08-23T13:47:58.149011+09:00
Briefing Base,,,failed,False,2026-08-19T21:07:08.840903+09:00
Briefing Bay,,,failed,False,2026-08-19T21:15:44.600624+09:00
Briefing Beacon,,,failed,False,2026-08-19T21:04:27.192873+09:00
Briefing Bill,,,failed,False,2026-08-19T21:46:35.740872+09:00
Briefing Board,590.0,6.0,success,False,2026-08-19T21:07:40.402937+09:00
Briefing Book,880.0,12.0,success,False,2026-08-19T21:47:43.048701+09:00
Briefing Bridge,,,failed,False,2026-08-19T21:05:03.787854+09:00
Briefing Brief,90.0,0.0,success,False,2026-08-21T01:07:31.229292+09:00
Briefing Bulletin,,,failed,False,2026-08-21T01:07:26.518810+09:00
Briefing Cabinet,,,failed,False,2026-08-27T23:12:37.040829+09:00
Briefing Calendar,70.0,0.0,success,False,2026-08-19T21:13:54.945157+09:00
Briefing Card,90.0,0.0,success,False,2026-08-19T21:19:37.758100+09:00
Briefing Cascade,,,failed,False,2026-08-19T21:04:51.175636+09:00
Briefing Cash,,,failed,False,2026-08-21T02:30:12.359355+09:00
Briefing Cashback,,,failed,False,2026-08-27T21:13:32.051431+09:00
Briefing Category,,,failed,False,2026-08-23T13:07:07.950459+09:00
Briefing Center,320.0,2.0,success,False,2026-08-19T21:08:42.108199+09:00
Briefing Charge,,,failed,False,2026-08-21T02:37:05.084488+09:00
Briefing Chart,40.0,0.0,success,False,2026-08-19T21:17:37.116648+09:00
Briefing Check,,,failed,False,2026-08-19T21:20:00.703413+09:00
Briefing Checker,,,failed,False,2026-08-27T23:56:05.344982+09:00
Briefing Circular,,,failed,False,2026-08-21T01:07:35.741700+09:00
Briefing Code,,,failed,False,2026-08-19T21:47:01.107836+09:00
Briefing Companion,,,failed,False,2026-08-19T21:12:43.604286+09:00
Briefing Comparison,,,failed,False,2026-08-28T01:07:22.099845+09:00
Briefing Compass,,,failed,False,2026-08-19T21:04:13.651960+09:00
Briefing Confirmation,,,failed,False,2026-08-21T01:07:47.643040+09:00
Briefing Console,,,failed,False,2026-08-19T21:09:18.934477+09:00
Briefing Contribution,,,failed,False,2026-08-23T16:16:51.381360+09:00
Briefing Core,,,failed,False,2026-08-19T21:07:19.840236+09:00
Briefing Cost,,,failed,False,2026-08-21T02:12:59.494269+09:00
Briefing Count,,,failed,False,2026-08-27T22:47:02.636160+09:00
Briefing Counter,20.0,0.0,success,False,2026-08-19T21:14:46.806152+09:00
Briefing Coupon,,,failed,False,2026-08-27T21:13:32.051431+09:00
Briefing Deal,,,failed,False,2026-08-21T01:56:34.859851+09:00
Briefing Debt,,,failed,False,2026-08-21T02:30:05.549953+09:00
Briefing Deck,210.0,1.0,success,False,2026-08-19T21:07:51.410434+09:00
Briefing Desk,,,failed,False,2026-08-19T21:31:45.728679+09:00
Briefing Detail,,,failed,False,2026-08-23T03:18:14.803596+09:00
Briefing Detector,,,failed,False,2026-08-27T23:56:11.954519+09:00
Briefing Discount,,,failed,False,2026-08-23T16:16:48.615272+09:00
Briefing Dossier,,,failed,False,2026-08-21T01:07:49.697646+09:00
Briefing Draft,,,failed,False,2026-08-19T21:30:26.736781+09:00
Briefing Due,,,failed,False,2026-08-23T15:52:44.896002+09:00
Briefing Duty,,,failed,False,2026-08-21T02:37:07.617432+09:00
Briefing Engine,,,failed,False,2026-08-19T21:11:48.091080+09:00
Briefing Entry,,,failed,False,2026-08-21T01:08:00.929637+09:00
Briefing Estimate,,,failed,False,2026-08-19T21:31:12.885816+09:00
Briefing Estimator,,,failed,False,2026-08-27T23:56:02.652689+09:00
Briefing Excerpt,,,failed,False,2026-08-21T01:07:58.607843+09:00
Briefing Extension,,,failed,False,2026-08-23T16:37:01.033816+09:00
Briefing Fare,,,failed,False,2026-08-21T02:13:09.073610+09:00
Briefing Fee,,,failed,False,2026-08-21T01:56:16.843249+09:00
Briefing Feed,10.0,,success,False,2026-08-19T21:30:20.208348+09:00
Briefing File,210.0,2.0,success,False,2026-08-19T21:29:51.150185+09:00
Briefing Finder,,,failed,False,2026-08-19T21:14:25.391974+09:00
Briefing Fine,,,failed,False,2026-08-23T02:53:42.896171+09:00
Briefing Flag,,,failed,False,2026-08-21T00:33:01.322590+09:00
Briefing Flow,,,failed,False,2026-08-19T21:31:27.001536+09:00
Briefing Forge,,,failed,False,2026-08-19T21:04:40.695118+09:00
Briefing Form,4400.0,12.0,success,False,2026-08-19T21:19:25.343582+09:00
Briefing Format,4400.0,12.0,success,False,2026-08-23T13:07:14.038929+09:00
Briefing Frame,,,failed,False,2026-08-19T21:06:57.837919+09:00
Briefing Fund,,,failed,False,2026-08-21T02:30:08.779542+09:00
Briefing Gate,,,failed,False,2026-08-19T21:10:51.939321+09:00
Briefing Generator,720.0,6.0,success,False,2026-08-27T23:34:29.939711+09:00
Briefing Giveaway,,,failed,False,2026-08-27T21:13:46.392108+09:00
Briefing Grade,,,failed,False,2026-08-21T00:32:47.883810+09:00
Briefing Grid,,,failed,False,2026-08-19T21:06:06.633142+09:00
Briefing Guarantee,,,failed,False,2026-08-28T01:07:30.106939+09:00
Briefing Harbor,,,failed,False,2026-08-19T21:16:27.560091+09:00
Briefing Helpdesk,,,failed,False,2026-08-27T22:47:06.029080+09:00
Briefing Helper,,,failed,False,2026-08-28T00:25:42.430031+09:00
Briefing History,,,failed,False,2026-08-19T21:29:44.160374+09:00
Briefing Hub,10.0,0.0,success,False,2026-08-19T21:31:35.907614+09:00
Briefing Identifier,,,failed,False,2026-08-23T13:07:07.950459+09:00
Briefing Inbox,,,failed,False,2026-08-19T21:17:18.865865+09:00
Briefing Incentive,,,failed,False,2026-08-27T21:13:46.392108+09:00
Briefing Index,,,failed,False,2026-08-19T21:30:56.024739+09:00
Briefing Installment,,,failed,False,2026-08-23T16:16:51.381360+09:00
Briefing Item,,,failed,False,2026-08-21T01:56:19.157693+09:00
Briefing Journal,70.0,4.0,success,False,2026-08-19T21:13:29.995507+09:00
Briefing Keeper,,,failed,False,2026-08-19T21:11:25.521014+09:00
Briefing Kiosk,,,failed,False,2026-08-19T21:15:22.705045+09:00
Briefing Kit,20.0,0.0,success,False,2026-08-27T22:46:59.897454+09:00
Briefing Lab,170.0,2.0,success,False,2026-08-19T21:08:09.987838+09:00
Briefing Label,,,failed,False,2026-08-27T22:07:45.490805+09:00
Briefing Ledger,,,failed,False,2026-08-19T21:07:31.125995+09:00
Briefing Level,,,failed,False,2026-08-19T21:29:57.691182+09:00
Briefing Line,,,failed,False,2026-08-19T21:18:26.718972+09:00
Briefing Link,,,failed,False,2026-08-23T03:18:03.824260+09:00
Briefing List,110.0,0.0,success,False,2026-08-19T21:47:16.114306+09:00
Briefing Loan,,,failed,False,2026-08-21T02:13:20.223987+09:00
Briefing Locator,,,failed,False,2026-08-19T21:14:14.890297+09:00
Briefing Locker,,,failed,False,2026-08-19T21:15:00.223476+09:00
Briefing Log,,,failed,False,2026-08-19T21:19:14.051362+09:00
Briefing Loop,,,failed,False,2026-08-19T21:05:54.912887+09:00
Briefing Manager,20.0,0.0,success,False,2026-08-19T21:11:37.631930+09:00
Briefing Manual,,,failed,False,2026-08-27T22:07:48.909558+09:00
Briefing Map,30.0,0.0,success,False,2026-08-19T21:06:47.923280+09:00
Briefing Markup,,,failed,False,2026-08-23T16:40:23.481453+09:00
Briefing Memo,320.0,0.0,success,False,2026-08-21T00:32:52.523477+09:00
Briefing Message,,,failed,False,2026-08-27T23:12:32.092351+09:00
Briefing Monitor,,,failed,False,2026-08-19T21:12:33.528106+09:00
Briefing Note,3600.0,0.0,success,True,2026-08-19T21:29:07.329786+09:00
Briefing Notification,,,failed,False,2026-08-27T22:46:56.250105+09:00
Briefing Number,,,failed,False,2026-08-23T03:17:56.844473+09:00
Briefing Office,40.0,0.0,success,False,2026-08-19T21:14:36.641890+09:00
Briefing Ops,,,failed,False,2026-08-19T21:13:04.964598+09:00
Briefing Order,,,failed,False,2026-08-19T21:46:26.862344+09:00
Briefing Outpost,,,failed,False,2026-08-19T21:16:06.341907+09:00
Briefing Overdue,,,failed,False,2026-08-27T21:45:54.192033+09:00
Briefing Panel,70.0,2.0,success,False,2026-08-19T21:09:29.663933+09:00
Briefing Pass,,,failed,False,2026-08-21T00:32:11.459467+09:00
Briefing Penalty,,,failed,False,2026-08-23T16:40:21.439904+09:00
Briefing Petition,,,failed,False,2026-08-21T01:07:43.373010+09:00
Briefing Plan,1600.0,0.0,success,True,2026-08-21T01:56:30.460489+09:00
Briefing Planner,,,failed,False,2026-08-19T21:12:09.668415+09:00
Briefing Playbook,,,failed,False,2026-08-19T21:13:19.288024+09:00
Briefing Plaza,,,failed,False,2026-08-19T21:16:16.247165+09:00
Briefing Point,390.0,14.0,success,False,2026-08-19T21:06:37.485931+09:00
Briefing Portal,,,failed,False,2026-08-19T21:09:04.357233+09:00
Briefing Post,,,failed,False,2026-08-19T21:15:56.084621+09:00
Briefing Preview,,,failed,False,2026-08-28T01:07:24.727084+09:00
Briefing Profile,,,failed,False,2026-08-19T21:29:21.643935+09:00
Briefing Profit,,,failed,False,2026-08-23T02:53:30.954147+09:00
Briefing Proposal,,,failed,False,2026-08-28T01:07:27.619930+09:00
Briefing Quota,,,failed,False,2026-08-21T00:32:57.061306+09:00
Briefing Radar,,,failed,False,2026-08-19T21:03:32.051785+09:00
Briefing Rate,,,failed,False,2026-08-19T21:30:05.370784+09:00
Briefing Recap,,,failed,False,2026-08-21T01:07:54.087465+09:00
Briefing Receipt,,,failed,False,2026-08-19T21:46:47.844671+09:00
Briefing Recorder,,,failed,False,2026-08-27T23:34:34.248381+09:00
Briefing Register,70.0,0.0,success,False,2026-08-19T21:12:53.220290+09:00
Briefing Registry,,,failed,False,2026-08-19T21:13:44.257474+09:00
Briefing Relay,,,failed,False,2026-08-19T21:03:47.017770+09:00
Briefing Reminder,,,failed,False,2026-08-19T21:30:49.393699+09:00
Briefing Report,1600.0,0.0,success,True,2026-08-19T21:19:01.988330+09:00
Briefing Repository,,,failed,False,2026-08-27T23:12:37.040829+09:00
Briefing Result,,,failed,False,2026-08-28T00:48:02.582128+09:00
Briefing Roll,,,failed,False,2026-08-19T21:18:48.274039+09:00
Briefing Roster,,,failed,False,2026-08-19T21:17:08.649893+09:00
Briefing Route,,,failed,False,2026-08-19T21:09:55.427058+09:00
Briefing Rule,,,failed,False,2026-08-23T03:18:09.441113+09:00
Briefing Sale,140.0,100.0,success,False,2026-08-21T02:30:16.403499+09:00
Briefing Sample,320.0,2.0,success,False,2026-08-19T21:48:11.031110+09:00
Briefing Scale,,,failed,False,2026-08-19T21:09:44.414904+09:00
Briefing Scanner,,,failed,False,2026-08-27T23:56:05.344982+09:00
Briefing Scheduler,,,failed,False,2026-08-19T21:12:24.209579+09:00
Briefing Scope,,,failed,False,2026-08-19T21:05:41.663242+09:00
Briefing Score,,,failed,False,2026-08-19T21:20:12.462826+09:00
Briefing Sheet,390.0,0.0,success,False,2026-08-19T21:19:49.170898+09:00
Briefing Shelf,,,failed,False,2026-08-19T21:16:53.658254+09:00
Briefing Signal,,,failed,False,2026-08-19T21:05:15.949286+09:00
Briefing Slip,,,failed,False,2026-08-19T21:47:55.928943+09:00
Briefing Slot,,,failed,False,2026-08-19T21:48:22.940977+09:00
Briefing Stage,10.0,0.0,success,False,2026-08-28T00:48:02.582128+09:00
Briefing Stake,,,failed,False,2026-08-23T02:53:36.421361+09:00
Briefing Statement,320.0,0.0,success,False,2026-08-21T00:32:34.737926+09:00
Briefing Station,20.0,0.0,success,False,2026-08-19T21:08:19.397533+09:00
Briefing Status,,,failed,False,2026-08-19T21:29:28.610068+09:00
Briefing Stub,,,failed,False,2026-08-21T00:32:28.890378+09:00
Briefing Studio,140.0,0.0,success,False,2026-08-19T21:07:58.848698+09:00
Briefing Sum,,,failed,False,2026-08-21T02:30:00.318623+09:00
Briefing Summary,30.0,0.0,success,False,2026-08-19T21:30:33.343002+09:00
Briefing Tab,,,failed,False,2026-08-21T00:33:05.849456+09:00
Briefing Table,70.0,13.0,success,False,2026-08-19T21:47:30.295909+09:00
Briefing Tag,,,failed,False,2026-08-19T21:29:16.026683+09:00
Briefing Tally,,,failed,False,2026-08-21T00:32:43.028189+09:00
Briefing Tariff,,,failed,False,2026-08-21T02:37:22.596537+09:00
Briefing Tax,,,failed,False,2026-08-21T02:13:15.591815+09:00
Briefing Terminal,,,failed,False,2026-08-19T21:08:31.191170+09:00
Briefing Ticker,,,failed,False,2026-08-19T21:18:14.475118+09:00
Briefing Ticket,,,failed,False,2026-08-19T21:31:05.316836+09:00
Briefing Timeline,,,failed,False,2026-08-19T21:30:40.784781+09:00
Briefing Timer,,,failed,False,2026-08-28T00:25:34.855882+09:00
Briefing Toll,,,failed,False,2026-08-21T02:37:15.297674+09:00
Briefing Toolbox,,,failed,False,2026-08-28T00:25:42.430031+09:00
Briefing Total,,,failed,False,2026-08-27T23:12:32.092351+09:00
Briefing Tower,,,failed,False,2026-08-19T21:16:39.026055+09:00
Briefing Tracker,1000.0,1.0,success,False,2026-08-19T21:31:19.157381+09:00
Briefing Trail,,,failed,False,2026-08-19T21:10:20.581807+09:00
Briefing Trend,,,failed,False,2026-08-28T01:07:19.474773+09:00
Briefing Trial,,,failed,False,2026-08-27T21:13:37.797342+09:00
Briefing Unit,,,failed,False,2026-08-21T01:56:23.932930+09:00
Briefing Update,50.0,0.0,success,False,2026-08-19T21:30:12.319072+09:00
Briefing Value,,,failed,False,2026-08-23T02:53:34.328450+09:00
Briefing Vault,,,failed,False,2026-08-19T21:03:59.838072+09:00
Briefing Version,,,failed,False,2026-08-23T03:18:00.174345+09:00
Briefing View,,,failed,False,2026-08-19T21:29:36.124531+09:00
Briefing Voucher,,,failed,False,2026-08-21T00:32:15.885792+09:00
Briefing Watch,30.0,45.0,success,False,2026-08-19T21:05:28.660617+09:00
Briefing Widget,10.0,0.0,success,False,2026-08-27T23:12:34.540185+09:00
Briefing Window,,,failed,False,2026-08-19T21:18:36.412771+09:00
Briefing Worksheet,,,failed,False,2026-08-27T22:07:48.909558+09:00
Briefing Workshop,50.0,0.0,success,False,2026-08-28T00:25:34.855882+09:00
Briefing Yard,,,failed,False,2026-08-19T21:15:33.096576+09:00
Briefing Zone,,,failed,False,2026-08-19T21:08:52.385641+09:00
Broadcast Advance,,,failed,False,2026-08-23T16:12:59.279314+09:00
Broadcast Advisory,,,failed,False,2026-08-21T01:06:16.364943+09:00
Broadcast Allowance,,,failed,False,2026-08-21T02:45:16.049005+09:00
Broadcast Almanac,,,failed,False,2026-08-18T22:10:30.545293+09:00
Broadcast Analyzer,10.0,26.0,success,False,2026-08-27T23:56:22.652242+09:00
Broadcast Anchor,70.0,0.0,success,False,2026-08-17T20:45:30.439940+09:00
Broadcast Arrears,,,failed,False,2026-08-23T16:12:54.608017+09:00
Broadcast Asset,,,failed,False,2026-08-23T13:46:12.042463+09:00
Broadcast Assistant,170.0,1.0,success,False,2026-08-17T23:15:27.187478+09:00
Broadcast Atlas,,,failed,False,2026-08-17T20:36:13.174234+09:00
Broadcast Attribute,,,failed,False,2026-08-23T13:05:20.503897+09:00
Broadcast Badge,,,failed,False,2026-08-21T00:32:26.715092+09:00
Broadcast Base,,,failed,False,2026-08-17T20:32:53.240136+09:00
Broadcast Beacon,40.0,0.0,success,False,2026-08-17T21:31:08.679950+09:00
Broadcast Bill,210.0,0.0,success,False,2026-08-19T21:53:27.023606+09:00
Broadcast Blueprint,,,failed,False,2026-08-18T22:10:20.360888+09:00
Broadcast Board,70.0,39.0,success,False,2026-08-17T21:41:39.306179+09:00
Broadcast Book,90.0,20.0,success,False,2026-08-19T21:54:22.632140+09:00
Broadcast Bridge,110.0,2.0,success,False,2026-08-17T20:46:22.420312+09:00
Broadcast Brief,,,failed,False,2026-08-21T01:06:09.386639+09:00
Broadcast Bulletin,40.0,0.0,success,False,2026-08-21T01:06:05.335895+09:00
Broadcast Cabinet,,,failed,False,2026-08-27T23:13:31.938909+09:00
Broadcast Calendar,480.0,0.0,success,False,2026-08-19T00:01:40.731758+09:00
Broadcast Card,70.0,6.0,success,False,2026-08-19T13:36:57.023796+09:00
Broadcast Cascade,,,failed,False,2026-08-17T20:47:39.394205+09:00
Broadcast Cash,,,failed,False,2026-08-21T02:29:53.730886+09:00
Broadcast Cashback,,,failed,False,2026-08-27T21:15:34.818716+09:00
Broadcast Catalog,,,failed,False,2026-08-19T21:08:56.210906+09:00
Broadcast Category,10.0,0.0,success,False,2026-08-23T13:05:17.487653+09:00
Broadcast Center,2900.0,13.0,success,False,2026-08-17T21:33:56.834131+09:00
Broadcast Chain,40.0,1.0,success,False,2026-08-17T20:40:45.689604+09:00
Broadcast Charge,,,failed,False,2026-08-21T02:45:09.656384+09:00
Broadcast Check,,,failed,False,2026-08-19T13:37:32.755916+09:00
Broadcast Checker,,,failed,False,2026-08-27T23:56:16.956086+09:00
Broadcast Checklist,,,failed,False,2026-08-19T21:08:03.467133+09:00
Broadcast Circular,,,failed,False,2026-08-21T01:06:12.457382+09:00
Broadcast Cockpit,,,failed,False,2026-08-17T23:26:41.280182+09:00
Broadcast Code,320.0,0.0,success,False,2026-08-19T21:53:52.421179+09:00
Broadcast Codex,,,failed,False,2026-08-18T22:10:45.324652+09:00
Broadcast Companion,,,failed,False,2026-08-17T23:13:34.703463+09:00
Broadcast Comparison,,,failed,False,2026-08-28T01:06:29.246910+09:00
Broadcast Compass,,,failed,False,2026-08-17T21:32:20.148818+09:00
Broadcast Compendium,,,failed,False,2026-08-18T22:10:38.085042+09:00
Broadcast Confirmation,,,failed,False,2026-08-21T01:06:23.582625+09:00
Broadcast Console,390.0,100.0,success,False,2026-08-17T21:30:37.005083+09:00
Broadcast Contribution,30.0,1.0,success,False,2026-08-23T16:12:54.608017+09:00
Broadcast Converter,30.0,52.0,success,False,2026-08-27T23:34:49.517197+09:00
Broadcast Core,,,failed,False,2026-08-17T20:31:41.996994+09:00
Broadcast Cost,10.0,2.0,success,False,2026-08-21T02:13:43.743607+09:00
Broadcast Count,,,failed,False,2026-08-27T22:48:13.756184+09:00
Broadcast Counter,,,failed,False,2026-08-19T00:02:27.896414+09:00
Broadcast Coupon,,,failed,False,2026-08-27T21:15:34.818716+09:00
Broadcast Dashboard,30.0,3.0,success,False,2026-08-17T23:06:32.975995+09:00
Broadcast Deal,30.0,2.0,success,False,2026-08-21T01:58:00.854013+09:00
Broadcast Debt,,,failed,False,2026-08-21T02:29:47.040271+09:00
Broadcast Deck,40.0,52.0,success,False,2026-08-17T21:39:40.995935+09:00
Broadcast Depot,590.0,6.0,success,False,2026-08-19T00:02:12.644181+09:00
Broadcast Desk,590.0,93.0,success,False,2026-08-17T21:36:32.684484+09:00
Broadcast Detail,,,failed,False,2026-08-23T03:15:10.473494+09:00
Broadcast Detector,,,failed,False,2026-08-27T23:56:20.084184+09:00
Broadcast Diagram,140.0,0.0,success,False,2026-08-27T22:10:01.202227+09:00
Broadcast Dial,,,failed,False,2026-08-17T20:46:59.199715+09:00
Broadcast Digest,,,failed,False,2026-08-19T20:37:54.785730+09:00
Broadcast Directory,10.0,0.0,success,False,2026-08-19T00:01:46.968095+09:00
Broadcast Discount,,,failed,False,2026-08-23T16:12:46.857371+09:00
Broadcast Dock,,,failed,False,2026-08-17T20:43:12.470155+09:00
Broadcast Dossier,,,failed,False,2026-08-21T01:06:30.195338+09:00
Broadcast Draft,,,failed,False,2026-08-19T20:38:07.942341+09:00
Broadcast Due,,,failed,False,2026-08-23T15:51:11.788135+09:00
Broadcast Duty,,,failed,False,2026-08-21T02:45:13.542612+09:00
Broadcast Engine,10.0,6.0,success,False,2026-08-17T23:25:43.129443+09:00
Broadcast Entry,,,failed,False,2026-08-21T01:06:46.678178+09:00
Broadcast Estimate,,,failed,False,2026-08-19T21:08:46.825044+09:00
Broadcast Estimator,,,failed,False,2026-08-27T23:56:11.954519+09:00
Broadcast Excerpt,,,failed,False,2026-08-21T01:06:44.007854+09:00
Broadcast Fare,,,failed,False,2026-08-21T02:13:51.922112+09:00
Broadcast Fee,260.0,1.0,success,False,2026-08-21T02:05:44.847740+09:00
Broadcast Feed,140.0,84.0,success,False,2026-08-19T20:38:01.262466+09:00
Broadcast File,20.0,0.0,success,False,2026-08-19T20:37:18.555970+09:00
Broadcast Finder,,,failed,False,2026-08-19T00:02:04.506577+09:00
Broadcast Fine,,,failed,False,2026-08-23T02:52:23.717366+09:00
Broadcast Flag,50.0,0.0,success,False,2026-08-21T00:33:03.712506+09:00
Broadcast Flow,20.0,0.0,success,False,2026-08-17T21:41:07.674308+09:00
Broadcast Forge,,,failed,False,2026-08-17T21:30:02.792774+09:00
Broadcast Form,30.0,0.0,success,False,2026-08-19T13:36:47.380431+09:00
Broadcast Format,90.0,0.0,success,False,2026-08-23T13:05:25.615596+09:00
Broadcast Frame,170.0,0.0,success,False,2026-08-17T20:33:56.397010+09:00
Broadcast Fund,10.0,0.0,success,False,2026-08-21T02:29:49.445628+09:00
Broadcast Gate,10.0,0.0,success,False,2026-08-17T20:38:08.924079+09:00
Broadcast Giveaway,,,failed,False,2026-08-27T21:15:40.330625+09:00
Broadcast Grade,,,failed,False,2026-08-21T00:32:50.317142+09:00
Broadcast Graph,,,failed,False,2026-08-27T22:09:51.279815+09:00
Broadcast Grid,,,failed,False,2026-08-17T20:41:07.425187+09:00
Broadcast Guarantee,,,failed,False,2026-08-28T01:06:48.738756+09:00
Broadcast Guard,,,failed,False,2026-08-17T20:32:14.147491+09:00
Broadcast Guardian,10.0,,success,False,2026-08-28T00:25:31.999960+09:00
Broadcast Guidebook,,,failed,False,2026-08-18T22:10:06.625362+09:00
Broadcast Helpdesk,,,failed,False,2026-08-27T22:48:13.756184+09:00
Broadcast Helper,,,failed,False,2026-08-28T00:25:39.840423+09:00
Broadcast History,320.0,0.0,success,False,2026-08-19T20:49:38.357241+09:00
Broadcast Hotline,,,failed,False,2026-08-19T21:09:10.178555+09:00
Broadcast Hub,880.0,3.0,success,False,2026-08-17T21:39:02.253193+09:00
Broadcast Identifier,,,failed,False,2026-08-23T13:05:15.223495+09:00
Broadcast Incentive,,,failed,False,2026-08-27T21:15:37.893274+09:00
Broadcast Index,110.0,0.0,success,False,2026-08-19T21:08:13.592372+09:00
Broadcast Insight,10.0,0.0,success,False,2026-08-17T23:26:27.360355+09:00
Broadcast Installment,,,failed,False,2026-08-23T16:12:51.127665+09:00
Broadcast Item,,,failed,False,2026-08-21T01:57:50.113408+09:00
Broadcast Journal,50.0,1.0,success,False,2026-08-18T22:09:52.210960+09:00
Broadcast Keeper,,,failed,False,2026-08-17T20:34:20.444490+09:00
Broadcast Kit,50.0,85.0,success,False,2026-08-27T22:48:06.633980+09:00
Broadcast Lab,20.0,0.0,success,False,2026-08-17T21:37:02.739524+09:00
Broadcast Ledger,,,failed,False,2026-08-18T07:52:49.362329+09:00
Broadcast Lens,1000.0,100.0,success,False,2026-08-17T20:34:46.285590+09:00
Broadcast Level,20.0,0.0,success,False,2026-08-19T20:37:28.019595+09:00
Broadcast Levy,,,failed,False,2026-08-23T13:46:12.042463+09:00
Broadcast Link,170.0,0.0,success,False,2026-08-23T03:15:03.447052+09:00
Broadcast List,1300.0,5.0,success,False,2026-08-19T21:54:00.654442+09:00
Broadcast Loan,,,failed,False,2026-08-21T02:13:55.363048+09:00
Broadcast Locator,40.0,0.0,success,False,2026-08-19T00:01:57.884072+09:00
Broadcast Lock,,,failed,False,2026-08-17T20:36:43.272468+09:00
Broadcast Log,40.0,3.0,success,False,2026-08-19T13:36:00.987511+09:00
Broadcast Loop,110.0,7.0,success,False,2026-08-17T20:41:57.166662+09:00
Broadcast Manager,140.0,1.0,success,False,2026-08-17T20:33:24.231963+09:00
Broadcast Manual,10.0,0.0,success,False,2026-08-27T22:09:58.164830+09:00
Broadcast Map,390.0,0.0,success,False,2026-08-17T20:35:47.352548+09:00
Broadcast Marker,,,failed,False,2026-08-23T13:26:55.054155+09:00
Broadcast Markup,,,failed,False,2026-08-23T16:38:14.137829+09:00
Broadcast Memo,,,failed,False,2026-08-21T00:32:54.976982+09:00
Broadcast Message,3600.0,5.0,success,False,2026-08-27T23:13:25.257331+09:00
Broadcast Meter,20.0,100.0,success,False,2026-08-17T20:45:54.147634+09:00
Broadcast Metrics,,,failed,False,2026-08-17T23:11:56.017978+09:00
Broadcast Monitor,720.0,99.0,success,False,2026-08-17T23:04:40.930662+09:00
Broadcast Navigator,,,failed,False,2026-08-17T23:26:58.468073+09:00
Broadcast Nexus,,,failed,False,2026-08-17T20:37:14.189830+09:00
Broadcast Node,10.0,0.0,success,False,2026-08-17T20:39:05.666395+09:00
Broadcast Note,,,failed,False,2026-08-19T13:37:50.110679+09:00
Broadcast Notification,50.0,4.0,success,False,2026-08-27T22:48:03.762773+09:00
Broadcast Number,140.0,0.0,success,False,2026-08-23T03:14:55.080924+09:00
Broadcast Office,40.0,1.0,success,False,2026-08-19T00:02:21.603583+09:00
Broadcast Ops,140.0,0.0,success,False,2026-08-17T23:08:20.793662+09:00
Broadcast Order,20.0,0.0,success,False,2026-08-19T21:53:13.442826+09:00
Broadcast Organizer,,,failed,False,2026-08-17T23:26:13.004123+09:00
Broadcast Panel,50.0,68.0,success,False,2026-08-17T20:48:18.389398+09:00
Broadcast Pass,,,failed,False,2026-08-21T00:32:13.850788+09:00
Broadcast Path,,,failed,False,2026-08-17T20:38:33.752321+09:00
Broadcast Penalty,,,failed,False,2026-08-23T16:38:11.972867+09:00
Broadcast Petition,,,failed,False,2026-08-21T01:06:19.538829+09:00
Broadcast Pilot,,,failed,False,2026-08-17T21:37:39.097196+09:00
Broadcast Plan,20.0,4.0,success,False,2026-08-21T01:57:57.210014+09:00
Broadcast Planner,20.0,4.0,success,False,2026-08-17T23:25:59.230175+09:00
Broadcast Playbook,,,failed,False,2026-08-18T22:09:42.242317+09:00
Broadcast Point,,,failed,False,2026-08-17T20:37:44.009684+09:00
Broadcast Portal,40.0,1.0,success,False,2026-08-17T21:31:44.399230+09:00
Broadcast Preview,,,failed,False,2026-08-28T01:06:41.346901+09:00
Broadcast Profile,,,failed,False,2026-08-19T13:38:17.915581+09:00
Broadcast Profit,,,failed,False,2026-08-23T02:58:45.466254+09:00
Broadcast Proposal,,,failed,False,2026-08-28T01:06:43.929748+09:00
Broadcast Pulse,,,failed,False,2026-08-17T20:40:21.350341+09:00
Broadcast Queue,,,failed,False,2026-08-19T21:08:33.836263+09:00
Broadcast Quota,,,failed,False,2026-08-21T00:32:59.208813+09:00
Broadcast Radar,10.0,0.0,success,False,2026-08-17T21:35:30.145341+09:00
Broadcast Rail,,,failed,False,2026-08-17T20:42:16.988485+09:00
Broadcast Rate,20.0,0.0,success,False,2026-08-19T20:37:37.988161+09:00
Broadcast Recap,,,failed,False,2026-08-21T01:06:36.051415+09:00
Broadcast Receipt,,,failed,False,2026-08-19T21:53:37.602067+09:00
Broadcast Recorder,140.0,17.0,success,False,2026-08-27T23:34:49.517197+09:00
Broadcast Register,,,failed,False,2026-08-17T23:27:14.779355+09:00
Broadcast Registry,,,failed,False,2026-08-18T22:10:14.241136+09:00
Broadcast Relay,30.0,0.0,success,False,2026-08-17T21:34:28.165323+09:00
Broadcast Reminder,10.0,0.0,success,False,2026-08-19T21:07:53.338438+09:00
Broadcast Report,90.0,0.0,success,False,2026-08-19T13:35:47.282228+09:00
Broadcast Repository,,,failed,False,2026-08-27T23:13:31.938909+09:00
Broadcast Result,10.0,0.0,success,False,2026-08-28T00:47:59.038217+09:00
Broadcast Roadmap,,,failed,False,2026-08-18T22:10:56.062577+09:00
Broadcast Roster,,,failed,False,2026-08-19T00:37:00.689265+09:00
Broadcast Route,,,failed,False,2026-08-17T20:44:07.827451+09:00
Broadcast Rule,,,failed,False,2026-08-23T03:15:06.713636+09:00
Broadcast Sale,70.0,9.0,success,False,2026-08-21T02:30:00.318623+09:00
Broadcast Sample,50.0,0.0,success,False,2026-08-19T21:54:42.461641+09:00
Broadcast Scale,,,failed,False,2026-08-17T20:44:58.380838+09:00
Broadcast Scanner,590.0,0.0,success,False,2026-08-27T23:56:16.956086+09:00
Broadcast Scheduler,720.0,0.0,success,False,2026-08-17T23:10:20.263689+09:00
Broadcast Scope,20.0,1.0,success,False,2026-08-17T20:42:46.441273+09:00
Broadcast Score,10.0,0.0,success,False,2026-08-19T13:37:39.358157+09:00
Broadcast Sentry,,,failed,False,2026-08-17T20:35:16.626138+09:00
Broadcast Sheet,720.0,0.0,success,False,2026-08-19T13:37:07.437416+09:00
Broadcast Signal,390.0,0.0,success,False,2026-08-17T20:44:25.446111+09:00
Broadcast Slot,70.0,2.0,success,False,2026-08-19T21:54:53.460475+09:00
Broadcast Snapshot,,,failed,False,2026-08-18T22:09:58.381010+09:00
Broadcast Stage,30.0,4.0,success,False,2026-08-28T00:47:53.734178+09:00
Broadcast Stake,,,failed,False,2026-08-23T02:58:53.611200+09:00
Broadcast Stamp,,,failed,False,2026-08-23T13:26:57.143655+09:00
Broadcast Statement,,,failed,False,2026-08-21T00:32:38.054061+09:00
Broadcast Station,1300.0,0.0,success,True,2026-08-17T21:36:05.315924+09:00
Broadcast Status,110.0,0.0,success,False,2026-08-19T20:49:25.973595+09:00
Broadcast Stub,,,failed,False,2026-08-21T00:32:31.934653+09:00
Broadcast Studio,1300.0,5.0,success,False,2026-08-17T21:38:13.718334+09:00
Broadcast Subsidy,,,failed,False,2026-08-23T15:51:15.880461+09:00
Broadcast Suite,20.0,2.0,success,False,2026-08-17T23:08:38.142070+09:00
Broadcast Sum,10.0,0.0,success,False,2026-08-21T02:29:43.973308+09:00
Broadcast Summary,,,failed,False,2026-08-19T21:07:33.171957+09:00
Broadcast Sync,,,failed,False,2026-08-18T07:52:19.092235+09:00
Broadcast Tab,70.0,0.0,success,False,2026-08-21T00:33:08.035106+09:00
Broadcast Table,260.0,76.0,success,False,2026-08-19T21:54:13.234763+09:00
Broadcast Tag,,,failed,False,2026-08-19T13:38:06.946096+09:00
Broadcast Tally,,,failed,False,2026-08-21T00:32:45.504063+09:00
Broadcast Tariff,,,failed,False,2026-08-21T02:45:19.238792+09:00
Broadcast Tax,,,failed,False,2026-08-21T02:13:55.363048+09:00
Broadcast Ticket,,,failed,False,2026-08-19T21:08:23.714003+09:00
Broadcast Timeline,50.0,0.0,success,False,2026-08-19T21:07:42.156894+09:00
Broadcast Timer,1000.0,1.0,success,False,2026-08-28T00:25:29.232687+09:00
Broadcast Token,,,failed,False,2026-08-23T13:26:52.809343+09:00
Broadcast Toll,,,failed,False,2026-08-21T02:45:13.542612+09:00
Broadcast Toolbox,,,failed,False,2026-08-28T00:25:34.855882+09:00
Broadcast Toolkit,,,failed,False,2026-08-18T22:09:34.112352+09:00
Broadcast Total,,,failed,False,2026-08-27T23:13:25.257331+09:00
Broadcast Tracker,20.0,3.0,success,False,2026-08-18T07:52:08.139884+09:00
Broadcast Trail,,,failed,False,2026-08-17T20:41:30.101842+09:00
Broadcast Trend,10.0,0.0,success,False,2026-08-28T01:06:29.246910+09:00
Broadcast Trial,,,failed,False,2026-08-27T21:15:37.893274+09:00
Broadcast Unit,20.0,19.0,success,False,2026-08-21T01:57:52.664433+09:00
Broadcast Update,50.0,2.0,success,False,2026-08-19T20:37:47.819235+09:00
Broadcast Value,,,failed,False,2026-08-23T02:58:49.315026+09:00
Broadcast Vault,,,failed,False,2026-08-17T21:33:24.629057+09:00
Broadcast Version,70.0,0.0,success,False,2026-08-23T03:14:59.429482+09:00
Broadcast View,40.0,0.0,success,False,2026-08-19T20:49:32.682801+09:00
Broadcast Voucher,,,failed,False,2026-08-21T00:32:18.028421+09:00
Broadcast Watch,30.0,1.0,success,False,2026-08-17T20:43:38.857738+09:00
Broadcast Wave,110.0,0.0,success,False,2026-08-17T20:39:28.862436+09:00
Broadcast Widget,10.0,,success,False,2026-08-27T23:13:28.057978+09:00
Broadcast Workbench,,,failed,False,2026-08-18T22:09:25.652147+09:00
Broadcast Workshop,70.0,5.0,success,False,2026-08-28T00:25:31.999960+09:00
Broadcast Zone,20.0,0.0,success,False,2026-08-17T21:32:57.336519+09:00
Broker Advance,,,failed,False,2026-08-23T16:16:35.923082+09:00
Broker Advisory,40.0,24.0,success,False,2026-08-21T01:06:53.303863+09:00
Broker Alert,40.0,7.0,success,False,2026-08-19T22:00:43.745625+09:00
Broker Allowance,,,failed,False,2026-08-21T02:45:19.238792+09:00
Broker Analyzer,,,failed,False,2026-08-27T23:55:14.253857+09:00
Broker Arrears,,,failed,False,2026-08-23T16:16:35.923082+09:00
Broker Assistant,720.0,2.0,success,False,2026-08-19T21:55:47.244669+09:00
Broker Atlas,,,failed,False,2026-08-19T21:55:09.455728+09:00
Broker Attribute,,,failed,False,2026-08-23T13:06:41.923671+09:00
Broker Badge,,,failed,False,2026-08-21T00:31:17.519824+09:00
Broker Balance,40.0,30.0,success,False,2026-08-23T13:47:35.441000+09:00
Broker Base,170.0,3.0,success,False,2026-08-19T21:51:01.436792+09:00
Broker Beacon,,,failed,False,2026-08-19T21:48:11.031110+09:00
Broker Bill,210.0,1.0,success,False,2026-08-19T22:06:41.403506+09:00
Broker Board,70.0,34.0,success,False,2026-08-19T21:51:30.988224+09:00
Broker Book,1300.0,8.0,success,False,2026-08-19T22:07:37.028999+09:00
Broker Booth,,,failed,False,2026-08-19T21:58:45.118789+09:00
Broker Bridge,210.0,4.0,success,False,2026-08-19T21:48:55.925505+09:00
Broker Brief,10.0,0.0,success,False,2026-08-21T01:06:45.397337+09:00
Broker Bulletin,10.0,0.0,success,False,2026-08-21T01:06:36.051415+09:00
Broker Cabinet,,,failed,False,2026-08-27T23:11:52.510647+09:00
Broker Calculator,40500.0,1.0,success,False,2026-08-27T23:33:58.782801+09:00
Broker Calendar,10.0,18.0,success,False,2026-08-19T21:57:37.806809+09:00
Broker Card,210.0,2.0,success,False,2026-08-19T22:02:47.197172+09:00
Broker Cascade,,,failed,False,2026-08-19T21:48:40.966338+09:00
Broker Cash,590.0,1.0,success,False,2026-08-21T02:28:57.894422+09:00
Broker Cashback,170.0,11.0,success,False,2026-08-27T21:20:01.117686+09:00
Broker Category,,,failed,False,2026-08-23T13:06:38.895978+09:00
Broker Center,390.0,1.0,success,False,2026-08-19T21:52:40.688622+09:00
Broker Chain,50.0,0.0,success,False,2026-08-19T21:54:30.567883+09:00
Broker Charge,3600.0,7.0,success,False,2026-08-21T02:45:09.656384+09:00
Broker Chart,70.0,27.0,success,False,2026-08-19T22:00:55.317910+09:00
Broker Check,110000.0,1.0,success,False,2026-08-19T22:03:05.892678+09:00
Broker Checker,590.0,3.0,success,False,2026-08-27T23:55:03.182011+09:00
Broker Circular,,,failed,False,2026-08-21T01:06:48.856434+09:00
Broker Code,480.0,2.0,success,False,2026-08-19T22:07:01.913828+09:00
Broker Companion,,,failed,False,2026-08-19T21:56:30.340313+09:00
Broker Comparison,2900.0,15.0,success,False,2026-08-28T01:06:29.246910+09:00
Broker Confirmation,10.0,2.0,success,False,2026-08-21T01:07:02.843245+09:00
Broker Console,,,failed,False,2026-08-19T21:53:20.741685+09:00
Broker Core,30.0,7.0,success,False,2026-08-19T21:51:10.797801+09:00
Broker Cost,260.0,10.0,success,False,2026-08-21T02:11:50.760630+09:00
Broker Count,,,failed,False,2026-08-27T22:46:12.811571+09:00
Broker Counter,,,failed,False,2026-08-19T21:58:27.685601+09:00
Broker Coupon,,,failed,False,2026-08-27T21:20:01.117686+09:00
Broker Deal,260.0,23.0,success,False,2026-08-21T01:55:28.445824+09:00
Broker Debt,,,failed,False,2026-08-21T02:28:50.660826+09:00
Broker Deck,30.0,0.0,success,False,2026-08-19T21:51:42.287097+09:00
Broker Desk,50.0,1.0,success,False,2026-08-19T21:47:01.107836+09:00
Broker Detail,,,failed,False,2026-08-23T03:16:51.782987+09:00
Broker Detector,,,failed,False,2026-08-27T23:55:11.655418+09:00
Broker Directory,90.0,12.0,success,False,2026-08-19T21:57:47.268344+09:00
Broker Discount,4400.0,9.0,success,False,2026-08-23T16:16:31.573856+09:00
Broker Dossier,,,failed,False,2026-08-21T01:07:09.616987+09:00
Broker Draft,10.0,,success,False,2026-08-19T22:05:22.514727+09:00
Broker Due,,,failed,False,2026-08-23T15:52:33.187171+09:00
Broker Duty,40.0,1.0,success,False,2026-08-21T02:45:13.542612+09:00
Broker Endowment,,,failed,False,2026-08-23T15:52:35.720858+09:00
Broker Engine,880.0,7.0,success,False,2026-08-19T21:55:36.980585+09:00
Broker Entry,10.0,0.0,success,False,2026-08-21T01:07:24.154176+09:00
Broker Estimate,40.0,12.0,success,False,2026-08-19T22:06:22.029176+09:00
Broker Estimator,,,failed,False,2026-08-27T23:55:03.182011+09:00
Broker Excerpt,,,failed,False,2026-08-21T01:07:19.627545+09:00
Broker Fare,,,failed,False,2026-08-21T02:11:57.284997+09:00
Broker Fee,8100.0,3.0,success,False,2026-08-21T01:55:03.003035+09:00
Broker Feed,8100.0,3.0,success,False,2026-08-19T22:05:13.355108+09:00
Broker Field,10.0,0.0,success,False,2026-08-23T13:06:44.617990+09:00
Broker File,40.0,3.0,success,False,2026-08-19T22:04:23.242123+09:00
Broker Finder,140.0,33.0,success,False,2026-08-19T21:58:08.143234+09:00
Broker Fine,,,failed,False,2026-08-23T02:52:51.254134+09:00
Broker Flag,,,failed,False,2026-08-21T00:32:06.767489+09:00
Broker Flow,90.0,3.0,success,False,2026-08-19T21:46:37.963751+09:00
Broker Form,390.0,2.0,success,False,2026-08-19T22:02:37.152847+09:00
Broker Format,390.0,2.0,success,False,2026-08-23T13:06:47.092391+09:00
Broker Frame,,,failed,False,2026-08-19T21:50:49.199189+09:00
Broker Fund,260.0,30.0,success,False,2026-08-21T02:28:54.304303+09:00
Broker Gate,30.0,15.0,success,False,2026-08-19T21:54:48.895899+09:00
Broker Giveaway,,,failed,False,2026-08-26T22:29:25.643786+09:00
Broker Grade,,,failed,False,2026-08-21T00:31:43.518986+09:00
Broker Grid,,,failed,False,2026-08-19T21:49:51.324073+09:00
Broker Guarantee,,,failed,False,2026-08-28T01:06:43.929748+09:00
Broker Guardian,10.0,11.0,success,False,2026-08-28T00:24:58.982196+09:00
Broker Harbor,,,failed,False,2026-08-19T21:59:52.671651+09:00
Broker Helpdesk,,,failed,False,2026-08-27T22:46:20.664142+09:00
Broker Helper,30.0,11.0,success,False,2026-08-28T00:25:05.172390+09:00
Broker History,20.0,0.0,success,False,2026-08-19T22:04:13.367774+09:00
Broker Hub,2400.0,1.0,success,False,2026-08-19T21:46:47.844671+09:00
Broker Identifier,,,failed,False,2026-08-23T13:06:33.832553+09:00
Broker Inbox,,,failed,False,2026-08-19T22:00:37.818778+09:00
Broker Incentive,70.0,47.0,success,False,2026-08-26T22:29:12.332951+09:00
Broker Index,720.0,17.0,success,False,2026-08-19T22:06:01.682265+09:00
Broker Installment,,,failed,False,2026-08-23T16:16:31.573856+09:00
Broker Interest,20.0,30.0,success,False,2026-08-23T13:47:35.441000+09:00
Broker Item,10.0,0.0,success,False,2026-08-21T01:55:06.085634+09:00
Broker Journal,,,failed,False,2026-08-19T21:57:14.341308+09:00
Broker Keeper,,,failed,False,2026-08-19T21:55:18.484182+09:00
Broker Kiosk,,,failed,False,2026-08-19T21:58:54.005326+09:00
Broker Kit,140.0,11.0,success,False,2026-08-27T22:46:08.024081+09:00
Broker Label,10.0,7.0,success,False,2026-08-27T22:06:46.717056+09:00
Broker Ledger,20.0,1.0,success,False,2026-08-19T21:51:20.233471+09:00
Broker Level,10.0,8.0,success,False,2026-08-19T22:04:34.418517+09:00
Broker Line,90.0,14.0,success,False,2026-08-19T22:01:45.686906+09:00
Broker Link,60500.0,19.0,success,False,2026-08-23T03:16:44.260724+09:00
Broker List,3600.0,8.0,success,False,2026-08-19T22:07:15.173390+09:00
Broker Loan,4400.0,55.0,success,False,2026-08-21T02:12:06.796728+09:00
Broker Locator,90.0,5.0,success,False,2026-08-19T21:57:56.725251+09:00
Broker Log,50.0,2.0,success,False,2026-08-19T22:02:25.837553+09:00
Broker Loop,20.0,22.0,success,False,2026-08-19T21:49:39.376770+09:00
Broker Manager,320.0,1.0,success,False,2026-08-19T21:55:24.856436+09:00
Broker Manual,10.0,9.0,success,False,2026-08-27T22:06:51.467328+09:00
Broker Map,70.0,0.0,success,False,2026-08-19T21:50:37.216187+09:00
Broker Markup,,,failed,False,2026-08-23T16:40:11.516867+09:00
Broker Memo,,,failed,False,2026-08-21T00:31:52.807063+09:00
Broker Monitor,10.0,6.0,success,False,2026-08-19T21:56:20.786748+09:00
Broker Nexus,20.0,21.0,success,False,2026-08-19T21:55:00.630940+09:00
Broker Note,320.0,1.0,success,False,2026-08-19T22:03:23.353107+09:00
Broker Notification,30.0,2.0,success,False,2026-08-27T22:46:05.352618+09:00
Broker Number,880.0,3.0,success,False,2026-08-23T03:16:36.835162+09:00
Broker Office,1300.0,9.0,success,False,2026-08-19T21:58:17.004802+09:00
Broker Ops,,,failed,False,2026-08-19T21:56:56.242658+09:00
Broker Order,320.0,1.0,success,False,2026-08-19T22:06:32.723316+09:00
Broker Outpost,10.0,40.0,success,False,2026-08-19T21:59:32.934011+09:00
Broker Overdraft,,,failed,False,2026-08-23T15:52:33.187171+09:00
Broker Overdue,,,failed,False,2026-08-27T21:45:54.192033+09:00
Broker Panel,70.0,5.0,success,False,2026-08-19T21:53:34.201182+09:00
Broker Pass,10.0,36.0,success,False,2026-08-21T00:31:05.602481+09:00
Broker Path,,,failed,False,2026-08-19T21:50:15.861548+09:00
Broker Petition,10.0,,success,False,2026-08-21T01:06:58.606298+09:00
Broker Plan,110.0,4.0,success,False,2026-08-21T01:55:16.985544+09:00
Broker Planner,,,failed,False,2026-08-19T21:55:54.779139+09:00
Broker Playbook,,,failed,False,2026-08-19T21:57:05.603826+09:00
Broker Plaza,,,failed,False,2026-08-19T21:59:42.241525+09:00
Broker Point,210.0,4.0,success,False,2026-08-19T21:50:26.967968+09:00
Broker Portal,1600.0,3.0,success,False,2026-08-19T21:53:06.381329+09:00
Broker Post,30.0,4.0,success,False,2026-08-19T21:59:19.992699+09:00
Broker Preview,50.0,3.0,success,False,2026-08-28T01:06:41.346901+09:00
Broker Profile,90.0,1.0,success,False,2026-08-19T22:03:42.018748+09:00
Broker Profit,10.0,12.0,success,False,2026-08-23T02:52:39.945062+09:00
Broker Proposal,,,failed,False,2026-08-28T01:06:43.929748+09:00
Broker Quota,,,failed,False,2026-08-21T00:31:57.081328+09:00
Broker Radar,110.0,5.0,success,False,2026-08-19T21:47:16.114306+09:00
Broker Rate,260.0,10.0,success,False,2026-08-19T22:04:45.902658+09:00
Broker Recap,10.0,0.0,success,False,2026-08-21T01:07:15.275377+09:00
Broker Receipt,390.0,1.0,success,False,2026-08-19T22:06:53.339068+09:00
Broker Register,390.0,14.0,success,False,2026-08-19T21:56:44.387128+09:00
Broker Registry,390.0,14.0,success,False,2026-08-19T21:57:24.591826+09:00
Broker Relay,,,failed,False,2026-08-19T21:47:30.295909+09:00
Broker Reminder,,,failed,False,2026-08-19T22:05:51.290848+09:00
Broker Report,1000.0,5.0,success,False,2026-08-19T22:02:16.192857+09:00
Broker Repository,,,failed,False,2026-08-27T23:11:58.068235+09:00
Broker Roll,,,failed,False,2026-08-19T22:02:05.634117+09:00
Broker Roster,10.0,0.0,success,False,2026-08-19T22:00:26.290780+09:00
Broker Route,,,failed,False,2026-08-19T21:53:57.995655+09:00
Broker Rule,70.0,12.0,success,False,2026-08-23T03:16:47.860821+09:00
Broker Sale,720.0,9.0,success,False,2026-08-21T02:29:01.889757+09:00
Broker Sample,,,failed,False,2026-08-19T21:46:03.788347+09:00
Broker Scanner,20.0,45.0,success,False,2026-08-27T23:55:06.367292+09:00
Broker Scheduler,,,failed,False,2026-08-19T21:56:08.103899+09:00
Broker Scope,,,failed,False,2026-08-19T21:49:26.172736+09:00
Broker Score,20.0,9.0,success,False,2026-08-19T22:03:14.947098+09:00
Broker Sheet,,,failed,False,2026-08-19T22:02:54.876263+09:00
Broker Signal,,,failed,False,2026-08-19T21:49:05.079544+09:00
Broker Slip,90.0,0.0,success,False,2026-08-19T22:07:56.620143+09:00
Broker Slot,10.0,0.0,success,False,2026-08-19T21:46:13.716197+09:00
Broker Stake,,,failed,False,2026-08-23T02:52:46.674301+09:00
Broker Statement,880.0,1.0,success,False,2026-08-21T00:31:30.142352+09:00
Broker Station,10.0,5.0,success,False,2026-08-19T21:52:16.498900+09:00
Broker Status,50.0,0.0,success,False,2026-08-19T22:03:52.975095+09:00
Broker Stub,,,failed,False,2026-08-21T00:31:22.902026+09:00
Broker Subsidy,,,failed,False,2026-08-23T15:52:33.187171+09:00
Broker Sum,20.0,10.0,success,False,2026-08-21T02:28:46.160203+09:00
Broker Summary,1900.0,7.0,success,False,2026-08-19T22:05:32.455871+09:00
Broker Surtax,,,failed,False,2026-08-23T15:52:35.720858+09:00
Broker Tab,10.0,1.0,success,False,2026-08-21T00:32:11.459467+09:00
Broker Table,10.0,2.0,success,False,2026-08-19T22:07:25.606827+09:00
Broker Tag,20.0,16.0,success,False,2026-08-19T22:03:32.806508+09:00
Broker Tally,,,failed,False,2026-08-21T00:31:38.357083+09:00
Broker Tariff,,,failed,False,2026-08-21T02:45:23.002534+09:00
Broker Tax,1600.0,3.0,success,False,2026-08-21T02:12:01.712721+09:00
Broker Terminal,590.0,0.0,success,False,2026-08-19T21:52:31.796696+09:00
Broker Ticker,,,failed,False,2026-08-19T22:01:35.806950+09:00
Broker Ticket,1300.0,47.0,success,False,2026-08-19T22:06:09.459067+09:00
Broker Tier,,,failed,False,2026-08-28T00:47:48.349607+09:00
Broker Timeline,,,failed,False,2026-08-19T22:05:40.444282+09:00
Broker Toll,,,failed,False,2026-08-21T02:45:16.049005+09:00
Broker Toolbox,20.0,1.0,success,False,2026-08-28T00:25:01.797092+09:00
Broker Total,,,failed,False,2026-08-27T23:11:50.094156+09:00
Broker Tower,,,failed,False,2026-08-19T22:00:04.199605+09:00
Broker Tracker,110.0,8.0,success,False,2026-08-19T21:46:26.862344+09:00
Broker Trend,,,failed,False,2026-08-28T01:06:26.504545+09:00
Broker Trial,,,failed,False,2026-08-27T21:20:04.514316+09:00
Broker Unit,,,failed,False,2026-08-21T01:55:12.213842+09:00
Broker Update,,,failed,False,2026-08-19T22:04:57.454275+09:00
Broker Value,,,failed,False,2026-08-23T02:52:43.639669+09:00
Broker Vault,,,failed,False,2026-08-19T21:47:43.048701+09:00
Broker Version,10.0,0.0,success,False,2026-08-23T03:16:39.334057+09:00
Broker View,880.0,8.0,success,False,2026-08-19T22:04:03.389101+09:00
Broker Voucher,,,failed,False,2026-08-21T00:31:12.375379+09:00
Broker Watch,40.0,6.0,success,False,2026-08-19T21:49:16.162945+09:00
Broker Wave,,,failed,False,2026-08-19T21:50:02.656663+09:00
Broker Widget,,,failed,False,2026-08-27T23:11:50.094156+09:00
Broker Window,110.0,6.0,success,False,2026-08-19T22:01:53.877884+09:00
Broker Worksheet,,,failed,False,2026-08-27T22:06:51.467328+09:00
Broker Workshop,,,failed,False,2026-08-28T00:24:58.982196+09:00
Budget Advance,9900.0,3.0,success,False,2026-08-23T16:16:51.381360+09:00
Budget Advisory,50.0,37.0,success,False,2026-08-21T01:04:02.292645+09:00
Budget Alert,170.0,0.0,success,False,2026-08-19T12:26:47.247206+09:00
Budget Allowance,210.0,1.0,success,False,2026-08-21T02:43:16.744782+09:00
Budget Almanac,,,failed,False,2026-08-18T23:50:20.239443+09:00
Budget Analyzer,70.0,12.0,success,False,2026-08-27T23:51:26.937833+09:00
Budget Anchor,,,failed,False,2026-08-17T20:35:40.356029+09:00
Budget Announcement,5400.0,1.0,success,False,2026-08-27T23:31:41.970749+09:00
Budget Arrears,,,failed,False,2026-08-23T16:16:51.381360+09:00
Budget Asset,,,failed,False,2026-08-23T13:48:19.972957+09:00
Budget Assistant,320.0,36.0,success,False,2026-08-17T23:07:56.377169+09:00
Budget Atlas,20.0,9.0,success,False,2026-08-17T21:35:20.515813+09:00
Budget Badge,20.0,22.0,success,False,2026-08-21T00:30:44.450501+09:00
Budget Balance,5400.0,0.0,success,True,2026-08-23T13:48:17.793072+09:00
Budget Base,390.0,8.0,success,False,2026-08-17T21:31:35.848823+09:00
Budget Beacon,70.0,2.0,success,False,2026-08-17T20:39:21.363517+09:00
Budget Bill,3600.0,7.0,success,False,2026-08-19T21:52:20.652566+09:00
Budget Blueprint,90.0,4.0,success,False,2026-08-18T23:50:20.239443+09:00
Budget Board,880.0,29.0,success,False,2026-08-17T20:46:53.844827+09:00
Budget Book,12100.0,99.0,success,False,2026-08-19T21:53:27.023606+09:00
Budget Bridge,110.0,0.0,success,False,2026-08-17T20:36:38.149505+09:00
Budget Brief,170.0,0.0,success,False,2026-08-21T01:03:53.377990+09:00
Budget Bulletin,20.0,0.0,success,False,2026-08-21T01:03:48.837789+09:00
Budget Calculator,33100.0,16.0,success,False,2026-08-27T23:31:41.970749+09:00
Budget Calendar,1900.0,99.0,success,False,2026-08-18T23:58:11.366687+09:00
Budget Card,880.0,10.0,success,False,2026-08-19T13:40:53.899440+09:00
Budget Cascade,10.0,0.0,success,False,2026-08-17T20:37:34.472176+09:00
Budget Cash,110.0,10.0,success,False,2026-08-21T02:27:47.388523+09:00
Budget Cashback,70.0,13.0,success,False,2026-08-27T21:19:46.309866+09:00
Budget Catalog,,,failed,False,2026-08-19T21:08:56.210906+09:00
Budget Category,5400.0,78.0,success,False,2026-08-23T13:09:14.949045+09:00
Budget Center,720.0,2.0,success,False,2026-08-17T20:41:22.469867+09:00
Budget Chain,50.0,37.0,success,False,2026-08-18T07:52:17.361320+09:00
Budget Charge,30.0,6.0,success,False,2026-08-21T02:43:07.410836+09:00
Budget Check,1600.0,8.0,success,False,2026-08-19T13:41:26.637679+09:00
Budget Checker,1600.0,8.0,success,False,2026-08-27T23:51:18.068433+09:00
Budget Checklist,260.0,62.0,success,False,2026-08-19T21:08:00.939328+09:00
Budget Circular,1000.0,0.0,success,True,2026-08-21T01:03:59.232813+09:00
Budget Cockpit,50.0,44.0,success,False,2026-08-17T23:30:08.040310+09:00
Budget Code,1000.0,23.0,success,False,2026-08-19T21:52:45.174751+09:00
Budget Codex,,,failed,False,2026-08-18T23:50:20.239443+09:00
Budget Companion,20.0,0.0,success,False,2026-08-17T23:05:47.972316+09:00
Budget Comparison,260.0,2.0,success,False,2026-08-28T01:02:23.926913+09:00
Budget Compass,40.0,57.0,success,False,2026-08-17T20:40:17.203996+09:00
Budget Compendium,,,failed,False,2026-08-18T23:50:20.239443+09:00
Budget Confirmation,140.0,12.0,success,False,2026-08-21T01:04:15.866621+09:00
Budget Console,320.0,70.0,success,False,2026-08-17T20:38:58.199942+09:00
Budget Contribution,30.0,0.0,success,False,2026-08-23T16:16:48.615272+09:00
Budget Converter,10.0,3.0,success,False,2026-08-27T23:31:46.551451+09:00
Budget Core,,,failed,False,2026-08-17T21:30:27.922058+09:00
Budget Cost,1900.0,1.0,success,False,2026-08-21T02:11:50.760630+09:00
Budget Count,20.0,6.0,success,False,2026-08-27T22:44:16.144123+09:00
Budget Counter,140.0,61.0,success,False,2026-08-18T23:59:06.121375+09:00
Budget Coupon,1000.0,56.0,success,False,2026-08-27T21:19:46.309866+09:00
Budget Dashboard,1000.0,100.0,success,False,2026-08-17T23:11:13.383500+09:00
Budget Deal,2900.0,18.0,success,False,2026-08-21T01:56:21.292165+09:00
Budget Debt,1300.0,6.0,success,False,2026-08-21T02:27:38.390107+09:00
Budget Deck,170.0,66.0,success,False,2026-08-17T20:45:50.172264+09:00
Budget Depot,140.0,1.0,success,False,2026-08-18T23:58:49.693970+09:00
Budget Desk,590.0,100.0,success,False,2026-08-17T20:43:32.566232+09:00
Budget Detail,1000.0,1.0,success,False,2026-08-23T03:22:42.501986+09:00
Budget Detector,,,failed,False,2026-08-27T23:51:24.335890+09:00
Budget Diagram,390.0,10.0,success,False,2026-08-27T22:15:41.431097+09:00
Budget Dial,10.0,0.0,success,False,2026-08-17T20:37:05.313557+09:00
Budget Digest,10.0,0.0,success,False,2026-08-19T20:38:59.819787+09:00
Budget Directory,30.0,7.0,success,False,2026-08-18T23:58:19.517114+09:00
Budget Dock,,,failed,False,2026-08-17T20:33:18.087238+09:00
Budget Dossier,10.0,0.0,success,False,2026-08-21T01:04:20.278964+09:00
Budget Downpayment,,,failed,False,2026-08-27T21:50:46.767806+09:00
Budget Draft,390.0,1.0,success,False,2026-08-19T20:39:21.250222+09:00
Budget Due,90.0,0.0,success,False,2026-08-23T15:52:54.963093+09:00
Budget Duty,10.0,0.0,success,False,2026-08-21T02:43:10.515094+09:00
Budget Endowment,,,failed,False,2026-08-23T15:52:57.176155+09:00
Budget Engine,50.0,13.0,success,False,2026-08-17T23:29:01.871676+09:00
Budget Entry,50.0,2.0,success,False,2026-08-21T01:04:44.330584+09:00
Budget Estimate,4400.0,0.0,success,True,2026-08-19T21:08:43.971729+09:00
Budget Estimator,110.0,17.0,success,False,2026-08-27T23:51:18.068433+09:00
Budget Excerpt,,,failed,False,2026-08-21T01:04:32.859141+09:00
Budget Extension,260.0,12.0,success,False,2026-08-23T16:40:16.940020+09:00
Budget Fare,70.0,43.0,success,False,2026-08-21T02:11:57.284997+09:00
Budget Fee,50.0,3.0,success,False,2026-08-21T01:56:03.758206+09:00
Budget Feed,10.0,30.0,success,False,2026-08-19T20:39:09.333161+09:00
Budget File,320.0,52.0,success,False,2026-08-19T20:38:22.141016+09:00
Budget Finder,40.0,32.0,success,False,2026-08-18T23:58:41.085151+09:00
Budget Fine,20.0,0.0,success,False,2026-08-23T02:57:24.970560+09:00
Budget Flag,110.0,29.0,success,False,2026-08-21T00:31:26.827984+09:00
Budget Flow,1600.0,3.0,success,False,2026-08-17T20:46:14.149623+09:00
Budget Forge,30.0,48.0,success,False,2026-08-17T20:38:26.412397+09:00
Budget Form,2900.0,95.0,success,False,2026-08-19T13:40:38.246974+09:00
Budget Frame,390.0,44.0,success,False,2026-08-17T21:32:47.122898+09:00
Budget Fund,260.0,38.0,success,False,2026-08-21T02:27:43.385895+09:00
Budget Gate,70.0,68.0,success,False,2026-08-17T21:37:32.627735+09:00
Budget Generator,480.0,55.0,success,False,2026-08-27T23:31:50.398588+09:00
Budget Giveaway,20.0,7.0,success,False,2026-08-27T21:19:54.141367+09:00
Budget Grade,,,failed,False,2026-08-21T00:31:07.825329+09:00
Budget Graph,880.0,13.0,success,False,2026-08-27T22:15:29.214068+09:00
Budget Grid,70.0,29.0,success,False,2026-08-18T07:53:01.701423+09:00
Budget Guarantee,10.0,0.0,success,False,2026-08-28T01:02:28.948807+09:00
Budget Guard,40.0,0.0,success,False,2026-08-17T21:31:00.206645+09:00
Budget Guardian,320.0,0.0,success,False,2026-08-28T00:21:35.352628+09:00
Budget Guidebook,,,failed,False,2026-08-18T23:50:26.284718+09:00
Budget Helpdesk,,,failed,False,2026-08-27T22:44:16.144123+09:00
Budget Helper,2900.0,49.0,success,False,2026-08-28T00:21:40.685047+09:00
Budget History,390.0,0.0,success,False,2026-08-19T20:38:12.818207+09:00
Budget Hotline,70.0,9.0,success,False,2026-08-19T21:09:08.250321+09:00
Budget Hub,390.0,2.0,success,False,2026-08-17T20:45:24.269018+09:00
Budget Identifier,,,failed,False,2026-08-23T13:09:12.775055+09:00
Budget Incentive,30.0,0.0,success,False,2026-08-27T21:19:54.141367+09:00
Budget Index,50.0,3.0,success,False,2026-08-19T21:08:11.674763+09:00
Budget Insight,480.0,12.0,success,False,2026-08-17T23:29:51.250400+09:00
Budget Interest,10.0,0.0,success,False,2026-08-23T13:48:17.793072+09:00
Budget Item,590.0,52.0,success,False,2026-08-21T01:56:06.760187+09:00
Budget Journal,1300.0,100.0,success,False,2026-08-18T23:50:26.284718+09:00
Budget Keeper,110.0,46.0,success,False,2026-08-17T21:33:19.243075+09:00
Budget Kit,210.0,18.0,success,False,2026-08-27T22:44:08.062899+09:00
Budget Lab,390.0,0.0,success,False,2026-08-17T20:44:01.266186+09:00
Budget Label,70.0,54.0,success,False,2026-08-27T22:15:29.214068+09:00
Budget Ledger,260.0,100.0,success,False,2026-08-17T20:48:09.439521+09:00
Budget Lens,590.0,17.0,success,False,2026-08-17T21:33:45.075228+09:00
Budget Level,90.0,3.0,success,False,2026-08-19T20:38:30.453873+09:00
Budget Levy,10.0,0.0,success,False,2026-08-23T13:48:19.972957+09:00
Budget Link,2400.0,1.0,success,False,2026-08-23T03:22:34.004366+09:00
Budget List,2400.0,60.0,success,False,2026-08-19T21:53:00.908408+09:00
Budget Loan,1900.0,18.0,success,False,2026-08-21T02:12:06.796728+09:00
Budget Locator,4400.0,48.0,success,False,2026-08-18T23:58:29.314698+09:00
Budget Lock,880.0,100.0,success,False,2026-08-17T21:35:54.911296+09:00
Budget Log,110.0,94.0,success,False,2026-08-19T13:40:19.370480+09:00
Budget Loop,,,failed,False,2026-08-17T20:31:35.680631+09:00
Budget Manager,1000.0,32.0,success,False,2026-08-17T21:32:11.115049+09:00
Budget Manual,390.0,1.0,success,False,2026-08-27T22:15:33.141509+09:00
Budget Map,260.0,60.0,success,False,2026-08-17T21:34:53.019649+09:00
Budget Margin,40.0,0.0,success,False,2026-08-23T02:57:21.827227+09:00
Budget Markup,10.0,0.0,success,False,2026-08-23T16:40:16.940020+09:00
Budget Memo,170.0,0.0,success,False,2026-08-21T00:31:14.600161+09:00
Budget Meter,70.0,1.0,success,False,2026-08-17T20:36:08.746361+09:00
Budget Metrics,20.0,7.0,success,False,2026-08-17T23:04:01.438390+09:00
Budget Monitor,3600.0,87.0,success,False,2026-08-17T23:09:40.999221+09:00
Budget Navigator,10.0,0.0,success,False,2026-08-17T23:30:24.350682+09:00
Budget Nexus,10.0,5.0,success,False,2026-08-17T21:36:28.444275+09:00
Budget Node,10.0,0.0,success,False,2026-08-17T21:38:37.304138+09:00
Budget Note,480.0,12.0,success,False,2026-08-19T13:41:59.783078+09:00
Budget Notification,140.0,0.0,success,False,2026-08-27T22:44:05.542192+09:00
Budget Number,880.0,11.0,success,False,2026-08-23T03:22:26.114633+09:00
Budget Office,880.0,4.0,success,False,2026-08-18T23:58:57.268328+09:00
Budget Ops,10.0,0.0,success,False,2026-08-17T23:12:51.339052+09:00
Budget Order,90.0,0.0,success,False,2026-08-19T21:52:07.578129+09:00
Budget Organizer,880.0,100.0,success,False,2026-08-17T23:29:37.041815+09:00
Budget Outline,590.0,97.0,success,False,2026-08-27T22:29:33.709708+09:00
Budget Overage,70.0,0.0,success,False,2026-08-27T21:50:46.767806+09:00
Budget Overdraft,,,failed,False,2026-08-23T15:52:54.963093+09:00
Budget Overdue,,,failed,False,2026-08-27T21:50:42.355855+09:00
Budget Panel,90.0,77.0,success,False,2026-08-17T20:38:04.703276+09:00
Budget Pass,1900.0,1.0,success,False,2026-08-21T00:30:32.235715+09:00
Budget Path,20.0,0.0,success,False,2026-08-17T21:38:05.775829+09:00
Budget Payoff,,,failed,False,2026-08-27T21:50:44.551751+09:00
Budget Penalty,,,failed,False,2026-08-23T16:40:16.940020+09:00
Budget Petition,20.0,0.0,success,False,2026-08-21T01:04:08.971472+09:00
Budget Pilot,20.0,5.0,success,False,2026-08-17T20:44:22.162347+09:00
Budget Plan,60500.0,100.0,success,False,2026-08-21T01:56:16.843249+09:00
Budget Planner,60500.0,100.0,success,False,2026-08-17T23:29:20.352796+09:00
Budget Playbook,,,failed,False,2026-08-18T22:12:23.623332+09:00
Budget Point,390.0,3.0,success,False,2026-08-17T21:36:54.710856+09:00
Budget Portal,170.0,2.0,success,False,2026-08-17T20:39:51.023967+09:00
Budget Preview,50.0,0.0,success,False,2026-08-28T01:02:23.926913+09:00
Budget Profile,320.0,84.0,success,False,2026-08-19T13:42:19.343176+09:00
Budget Profit,140.0,1.0,success,False,2026-08-23T02:57:15.173266+09:00
Budget Proposal,3600.0,1.0,success,False,2026-08-28T01:02:28.948807+09:00
Budget Pulse,110.0,17.0,success,False,2026-08-17T21:41:34.183941+09:00
Budget Queue,,,failed,False,2026-08-19T21:08:33.836263+09:00
Budget Quota,20.0,0.0,success,False,2026-08-21T00:31:19.573899+09:00
Budget Radar,10.0,6.0,success,False,2026-08-17T20:42:40.071307+09:00
Budget Rail,2400.0,0.0,success,True,2026-08-17T20:32:08.584337+09:00
Budget Rate,260.0,4.0,success,False,2026-08-19T20:38:39.383467+09:00
Budget Recap,170.0,0.0,success,False,2026-08-21T01:04:24.715250+09:00
Budget Receipt,1900.0,1.0,success,False,2026-08-19T21:52:35.745180+09:00
Budget Recorder,20.0,24.0,success,False,2026-08-27T23:31:50.398588+09:00
Budget Register,110.0,13.0,success,False,2026-08-17T23:30:39.559752+09:00
Budget Registry,,,failed,False,2026-08-18T23:50:26.284718+09:00
Budget Relay,,,failed,False,2026-08-17T20:41:53.253624+09:00
Budget Reminder,10.0,28.0,success,False,2026-08-19T21:07:51.410434+09:00
Budget Report,1900.0,5.0,success,False,2026-08-19T13:40:01.237122+09:00
Budget Repository,,,failed,False,2026-08-27T23:10:09.258839+09:00
Budget Result,880.0,0.0,success,False,2026-08-28T00:45:55.588446+09:00
Budget Roadmap,20.0,1.0,success,False,2026-08-18T23:50:26.284718+09:00
Budget Roster,,,failed,False,2026-08-19T00:37:50.207260+09:00
Budget Route,30.0,1.0,success,False,2026-08-17T20:34:17.127214+09:00
Budget Rule,3600.0,3.0,success,False,2026-08-23T03:22:39.014022+09:00
Budget Sale,480.0,59.0,success,False,2026-08-21T02:27:51.067603+09:00
Budget Sample,2900.0,82.0,success,False,2026-08-19T21:53:52.421179+09:00
Budget Scale,70.0,20.0,success,False,2026-08-17T20:35:09.040915+09:00
Budget Scheduler,320.0,11.0,success,False,2026-08-17T23:14:48.085579+09:00
Budget Scope,210.0,14.0,success,False,2026-08-17T20:32:46.505342+09:00
Budget Score,8100.0,0.0,success,True,2026-08-19T13:41:47.769675+09:00
Budget Sentry,,,failed,False,2026-08-17T21:34:20.474166+09:00
Budget Sheet,14800.0,100.0,success,False,2026-08-19T13:41:12.937543+09:00
Budget Shortfall,390.0,0.0,success,False,2026-08-27T21:50:49.400709+09:00
Budget Signal,,,failed,False,2026-08-17T20:34:40.569545+09:00
Budget Signature,,,failed,False,2026-08-23T13:28:07.800496+09:00
Budget Slip,30.0,29.0,success,False,2026-08-19T21:53:37.602067+09:00
Budget Slot,20.0,0.0,success,False,2026-08-19T21:54:00.654442+09:00
Budget Snapshot,110.0,0.0,success,False,2026-08-18T23:50:26.284718+09:00
Budget Stage,260.0,1.0,success,False,2026-08-28T00:45:52.715901+09:00
Budget Stake,,,failed,False,2026-08-23T02:57:17.363671+09:00
Budget Statement,720.0,1.0,success,False,2026-08-21T00:30:55.600635+09:00
Budget Station,390.0,3.0,success,False,2026-08-17T20:43:05.974432+09:00
Budget Status,390.0,0.0,success,False,2026-08-19T20:37:59.201045+09:00
Budget Streak,,,failed,False,2026-08-28T00:45:55.588446+09:00
Budget Stub,,,failed,False,2026-08-21T00:30:51.297861+09:00
Budget Studio,720.0,8.0,success,False,2026-08-17T20:44:46.784780+09:00
Budget Subsidy,30.0,0.0,success,False,2026-08-23T15:52:57.176155+09:00
Budget Suite,480.0,21.0,success,False,2026-08-17T23:13:11.418966+09:00
Budget Sum,6600.0,1.0,success,False,2026-08-21T02:27:35.877276+09:00
Budget Summary,6600.0,1.0,success,False,2026-08-19T21:07:33.171957+09:00
Budget Surtax,,,failed,False,2026-08-23T15:52:59.645505+09:00
Budget Sync,20.0,18.0,success,False,2026-08-17T20:47:28.313560+09:00
Budget Tab,1600.0,100.0,success,False,2026-08-21T00:31:34.132172+09:00
Budget Table,2400.0,25.0,success,False,2026-08-19T21:53:13.442826+09:00
Budget Tag,110.0,0.0,success,False,2026-08-19T13:42:06.803998+09:00
Budget Tally,140.0,3.0,success,False,2026-08-21T00:31:03.590955+09:00
Budget Tariff,20.0,17.0,success,False,2026-08-21T02:43:19.046773+09:00
Budget Tax,2400.0,1.0,success,False,2026-08-21T02:12:01.712721+09:00
Budget Ticket,8100.0,20.0,success,False,2026-08-19T21:08:21.181421+09:00
Budget Tier,110.0,0.0,success,False,2026-08-28T00:45:55.588446+09:00
Budget Timeline,260.0,3.0,success,False,2026-08-19T21:07:42.156894+09:00
Budget Timer,,,failed,False,2026-08-28T00:21:30.022858+09:00
Budget Toll,480.0,0.0,success,False,2026-08-21T02:43:14.426169+09:00
Budget Toolbox,50.0,69.0,success,False,2026-08-28T00:21:38.214311+09:00
Budget Toolkit,10.0,9.0,success,False,2026-08-18T22:12:15.534077+09:00
Budget Total,1300.0,0.0,success,True,2026-08-27T23:10:02.620929+09:00
Budget Tracker,14800.0,96.0,success,False,2026-08-17T20:48:44.119140+09:00
Budget Trail,20.0,29.0,success,False,2026-08-18T07:52:03.741881+09:00
Budget Trend,50.0,0.0,success,False,2026-08-28T01:02:19.302633+09:00
Budget Trial,,,failed,False,2026-08-27T21:19:50.770385+09:00
Budget Unit,110.0,0.0,success,False,2026-08-21T01:56:12.510800+09:00
Budget Update,5400.0,0.0,success,True,2026-08-19T20:38:50.239529+09:00
Budget Vault,10.0,6.0,success,False,2026-08-17T20:41:01.819842+09:00
Budget Version,260.0,0.0,success,False,2026-08-23T03:22:30.618913+09:00
Budget View,110.0,5.0,success,False,2026-08-19T20:38:05.655570+09:00
Budget Voucher,110.0,32.0,success,False,2026-08-21T00:30:37.167399+09:00
Budget Wallet,2400.0,82.0,success,False,2026-08-27T22:44:11.984469+09:00
Budget Watch,720.0,98.0,success,False,2026-08-17T20:33:48.971139+09:00
Budget Wave,,,failed,False,2026-08-17T21:39:28.354494+09:00
Budget Widget,110.0,11.0,success,False,2026-08-27T23:10:02.620929+09:00
Budget Workbench,70.0,85.0,success,False,2026-08-18T22:12:08.779533+09:00
Budget Worksheet,6600.0,100.0,success,False,2026-08-27T22:15:41.431097+09:00
Budget Workshop,480.0,9.0,success,False,2026-08-28T00:21:32.683664+09:00
Budget Zone,320.0,2.0,success,False,2026-08-17T20:40:41.186342+09:00
Bump Advisory,,,failed,False,2026-08-21T01:07:43.373010+09:00
Bump Alert,10.0,0.0,success,False,2026-08-19T21:17:37.116648+09:00
Bump Allowance,,,failed,False,2026-08-21T02:37:22.596537+09:00
Bump Analyzer,,,failed,False,2026-08-27T23:56:16.956086+09:00
Bump Assistant,,,failed,False,2026-08-19T21:12:09.668415+09:00
Bump Attribute,,,failed,False,2026-08-23T13:07:14.038929+09:00
Bump Badge,10.0,21.0,success,False,2026-08-21T00:32:28.890378+09:00
Bump Base,170.0,0.0,success,False,2026-08-19T21:07:19.840236+09:00
Bump Bay,,,failed,False,2026-08-19T21:15:54.238919+09:00
Bump Beacon,,,failed,False,2026-08-19T21:04:40.695118+09:00
Bump Bill,,,failed,False,2026-08-19T21:46:47.844671+09:00
Bump Board,1000.0,100.0,success,False,2026-08-19T21:07:51.410434+09:00
Bump Book,480.0,100.0,success,False,2026-08-19T21:47:55.928943+09:00
Bump Bridge,40.0,0.0,success,False,2026-08-19T21:05:15.949286+09:00
Bump Brief,,,failed,False,2026-08-21T01:07:35.741700+09:00
Bump Bulletin,,,failed,False,2026-08-21T01:07:31.229292+09:00
Bump Calendar,10.0,0.0,success,False,2026-08-19T21:14:03.656959+09:00
Bump Card,260.0,23.0,success,False,2026-08-19T21:19:49.170898+09:00
Bump Cascade,,,failed,False,2026-08-19T21:05:03.787854+09:00
Bump Cash,,,failed,False,2026-08-21T02:30:16.403499+09:00
Bump Cashback,,,failed,False,2026-08-27T21:13:37.797342+09:00
Bump Category,,,failed,False,2026-08-23T13:07:10.531607+09:00
Bump Center,10.0,0.0,success,False,2026-08-19T21:08:52.385641+09:00
Bump Charge,880.0,7.0,success,False,2026-08-21T02:37:07.617432+09:00
Bump Chart,2900.0,1.0,success,False,2026-08-19T21:17:47.761016+09:00
Bump Check,140.0,3.0,success,False,2026-08-19T21:20:12.462826+09:00
Bump Checker,,,failed,False,2026-08-27T23:56:05.344982+09:00
Bump Circular,,,failed,False,2026-08-21T01:07:39.342209+09:00
Bump Code,20.0,0.0,success,False,2026-08-19T21:47:16.114306+09:00
Bump Companion,,,failed,False,2026-08-19T21:12:53.220290+09:00
Bump Comparison,,,failed,False,2026-08-28T01:07:24.727084+09:00
Bump Compass,,,failed,False,2026-08-19T21:04:27.192873+09:00
Bump Confirmation,,,failed,False,2026-08-21T01:07:49.697646+09:00
Bump Console,,,failed,False,2026-08-19T21:09:29.663933+09:00
Bump Cost,10.0,0.0,success,False,2026-08-21T02:13:04.369688+09:00
Bump Count,,,failed,False,2026-08-27T22:47:06.029080+09:00
Bump Counter,,,failed,False,2026-08-19T21:15:00.223476+09:00
Bump Coupon,10.0,0.0,success,False,2026-08-27T21:13:32.051431+09:00
Bump Deal,,,failed,False,2026-08-21T01:56:41.739952+09:00
Bump Debt,,,failed,False,2026-08-21T02:30:08.779542+09:00
Bump Deck,,,failed,False,2026-08-19T21:07:58.848698+09:00
Bump Desk,10.0,50.0,success,False,2026-08-19T21:03:32.051785+09:00
Bump Detail,,,failed,False,2026-08-23T03:18:18.334398+09:00
Bump Diagram,30.0,0.0,success,False,2026-08-27T22:07:57.599246+09:00
Bump Directory,,,failed,False,2026-08-19T21:14:12.923572+09:00
Bump Dossier,,,failed,False,2026-08-21T01:07:54.087465+09:00
Bump Draft,260.0,0.0,success,False,2026-08-19T21:30:33.343002+09:00
Bump Duty,,,failed,False,2026-08-21T02:37:15.297674+09:00
Bump Engine,,,failed,False,2026-08-19T21:11:59.918866+09:00
Bump Entry,,,failed,False,2026-08-21T01:08:06.645069+09:00
Bump Estimate,,,failed,False,2026-08-19T21:31:19.157381+09:00
Bump Estimator,,,failed,False,2026-08-27T23:56:05.344982+09:00
Bump Excerpt,,,failed,False,2026-08-21T01:08:00.929637+09:00
Bump Fare,,,failed,False,2026-08-21T02:13:15.591815+09:00
Bump Fee,30.0,6.0,success,False,2026-08-21T01:56:19.157693+09:00
Bump Feed,210.0,30.0,success,False,2026-08-19T21:30:26.736781+09:00
Bump File,90.0,36.0,success,False,2026-08-19T21:29:57.691182+09:00
Bump Finder,,,failed,False,2026-08-19T21:14:36.641890+09:00
Bump Fine,,,failed,False,2026-08-23T02:53:45.297778+09:00
Bump Flag,,,failed,False,2026-08-21T00:33:05.849456+09:00
Bump Flow,,,failed,False,2026-08-19T21:31:35.907614+09:00
Bump Forge,,,failed,False,2026-08-19T21:04:51.175636+09:00
Bump Form,170.0,4.0,success,False,2026-08-19T21:19:37.758100+09:00
Bump Frame,170.0,9.0,success,False,2026-08-19T21:07:08.840903+09:00
Bump Fund,10.0,0.0,success,False,2026-08-21T02:30:12.359355+09:00
Bump Gate,590.0,27.0,success,False,2026-08-19T21:11:04.489546+09:00
Bump Giveaway,10.0,0.0,success,False,2026-08-27T21:13:49.979348+09:00
Bump Grade,,,failed,False,2026-08-21T00:32:52.523477+09:00
Bump Guarantee,,,failed,False,2026-08-28T01:07:30.106939+09:00
Bump Guardian,10.0,,success,False,2026-08-28T00:25:42.430031+09:00
Bump Harbor,,,failed,False,2026-08-19T21:16:39.026055+09:00
Bump Helpdesk,,,failed,False,2026-08-27T22:47:06.029080+09:00
Bump Helper,,,failed,False,2026-08-28T00:25:44.811086+09:00
Bump History,,,failed,False,2026-08-19T21:29:51.150185+09:00
Bump Hub,,,failed,False,2026-08-19T21:31:45.728679+09:00
Bump Identifier,170.0,28.0,success,False,2026-08-23T13:07:07.950459+09:00
Bump Inbox,,,failed,False,2026-08-19T21:17:29.124164+09:00
Bump Incentive,,,failed,False,2026-08-27T21:13:46.392108+09:00
Bump Index,,,failed,False,2026-08-19T21:31:05.316836+09:00
Bump Item,10.0,0.0,success,False,2026-08-21T01:56:23.932930+09:00
Bump Journal,170.0,100.0,success,False,2026-08-19T21:13:40.486879+09:00
Bump Keeper,,,failed,False,2026-08-19T21:11:37.631930+09:00
Bump Kiosk,,,failed,False,2026-08-19T21:15:33.096576+09:00
Bump Kit,90.0,10.0,success,False,2026-08-27T22:46:59.897454+09:00
Bump Lab,20.0,4.0,success,False,2026-08-19T21:08:19.397533+09:00
Bump Label,,,failed,False,2026-08-27T22:07:48.909558+09:00
Bump Ledger,,,failed,False,2026-08-19T21:07:40.402937+09:00
Bump Level,,,failed,False,2026-08-19T21:30:05.370784+09:00
Bump Line,390.0,10.0,success,False,2026-08-19T21:18:36.412771+09:00
Bump Link,20.0,0.0,success,False,2026-08-23T03:18:07.042470+09:00
Bump List,70.0,3.0,success,False,2026-08-19T21:47:30.295909+09:00
Bump Loan,10.0,19.0,success,False,2026-08-21T02:13:25.435180+09:00
Bump Locator,,,failed,False,2026-08-19T21:14:23.234492+09:00
Bump Locker,,,failed,False,2026-08-19T21:15:11.193054+09:00
Bump Log,1900.0,0.0,success,True,2026-08-19T21:19:25.343582+09:00
Bump Manager,,,failed,False,2026-08-19T21:11:48.091080+09:00
Bump Manual,,,failed,False,2026-08-27T22:07:48.909558+09:00
Bump Map,8100.0,0.0,success,True,2026-08-19T21:06:57.837919+09:00
Bump Memo,,,failed,False,2026-08-21T00:32:57.061306+09:00
Bump Monitor,10.0,0.0,success,False,2026-08-19T21:12:43.604286+09:00
Bump Note,260.0,0.0,success,False,2026-08-19T21:29:16.026683+09:00
Bump Notification,10.0,0.0,success,False,2026-08-27T22:46:59.897454+09:00
Bump Number,10.0,0.0,success,False,2026-08-23T03:18:00.174345+09:00
Bump Office,,,failed,False,2026-08-19T21:14:46.806152+09:00
Bump Ops,,,failed,False,2026-08-19T21:13:19.288024+09:00
Bump Order,50.0,0.0,success,False,2026-08-19T21:46:35.740872+09:00
Bump Outpost,,,failed,False,2026-08-19T21:16:16.247165+09:00
Bump Overdue,,,failed,False,2026-08-27T21:46:08.601206+09:00
Bump Panel,,,failed,False,2026-08-19T21:09:44.414904+09:00
Bump Petition,,,failed,False,2026-08-21T01:07:47.643040+09:00
Bump Plan,390.0,16.0,success,False,2026-08-21T01:56:34.859851+09:00
Bump Planner,,,failed,False,2026-08-19T21:12:24.209579+09:00
Bump Playbook,,,failed,False,2026-08-19T21:13:29.995507+09:00
Bump Plaza,,,failed,False,2026-08-19T21:16:27.560091+09:00
Bump Point,10.0,0.0,success,False,2026-08-19T21:06:47.923280+09:00
Bump Portal,20.0,2.0,success,False,2026-08-19T21:09:18.934477+09:00
Bump Post,390.0,9.0,success,False,2026-08-19T21:16:06.341907+09:00
Bump Preview,10.0,0.0,success,False,2026-08-28T01:07:27.619930+09:00
Bump Profile,20.0,0.0,success,False,2026-08-19T21:29:28.610068+09:00
Bump Profit,,,failed,False,2026-08-23T02:53:34.328450+09:00
Bump Proposal,,,failed,False,2026-08-28T01:07:30.106939+09:00
Bump Quota,,,failed,False,2026-08-21T00:33:01.322590+09:00
Bump Radar,,,failed,False,2026-08-19T21:03:47.017770+09:00
Bump Rate,50.0,5.0,success,False,2026-08-19T21:30:12.319072+09:00
Bump Recap,10.0,,success,False,2026-08-21T01:07:58.607843+09:00
Bump Receipt,,,failed,False,2026-08-19T21:47:01.107836+09:00
Bump Register,,,failed,False,2026-08-19T21:13:04.964598+09:00
Bump Registry,110.0,17.0,success,False,2026-08-19T21:13:54.945157+09:00
Bump Relay,,,failed,False,2026-08-19T21:03:59.838072+09:00
Bump Reminder,590.0,0.0,success,False,2026-08-19T21:30:56.024739+09:00
Bump Report,,,failed,False,2026-08-19T21:19:14.051362+09:00
Bump Result,,,failed,False,2026-08-28T00:48:05.704808+09:00
Bump Roll,20.0,0.0,success,False,2026-08-19T21:19:01.988330+09:00
Bump Roster,,,failed,False,2026-08-19T21:17:17.082757+09:00
Bump Rule,40.0,0.0,success,False,2026-08-23T03:18:14.803596+09:00
Bump Sale,50.0,5.0,success,False,2026-08-21T02:30:24.474717+09:00
Bump Sample,,,failed,False,2026-08-19T21:48:22.940977+09:00
Bump Scale,,,failed,False,2026-08-19T21:09:55.427058+09:00
Bump Scanner,10.0,23.0,success,False,2026-08-27T23:56:11.954519+09:00
Bump Scheduler,,,failed,False,2026-08-19T21:12:33.528106+09:00
Bump Scope,,,failed,False,2026-08-19T21:05:54.912887+09:00
Bump Score,20.0,0.0,success,False,2026-08-19T21:29:07.329786+09:00
Bump Sheet,20.0,44.0,success,False,2026-08-19T21:20:00.703413+09:00
Bump Signal,20.0,8.0,success,False,2026-08-19T21:05:28.660617+09:00
Bump Slip,30.0,9.0,success,False,2026-08-19T21:48:11.031110+09:00
Bump Slot,,,failed,False,2026-08-19T21:48:37.941943+09:00
Bump Stage,30.0,1.0,success,False,2026-08-28T00:48:02.582128+09:00
Bump Stake,,,failed,False,2026-08-23T02:53:39.940635+09:00
Bump Statement,,,failed,False,2026-08-21T00:32:43.028189+09:00
Bump Station,90.0,29.0,success,False,2026-08-19T21:08:31.191170+09:00
Bump Status,,,failed,False,2026-08-19T21:29:36.124531+09:00
Bump Stub,,,failed,False,2026-08-21T00:32:34.737926+09:00
Bump Sum,,,failed,False,2026-08-21T02:30:05.549953+09:00
Bump Summary,,,failed,False,2026-08-19T21:30:40.784781+09:00
Bump Tab,390.0,0.0,success,False,2026-08-21T00:33:10.095062+09:00
Bump Table,30.0,0.0,success,False,2026-08-19T21:47:43.048701+09:00
Bump Tag,90.0,0.0,success,False,2026-08-19T21:29:21.643935+09:00
Bump Tally,,,failed,False,2026-08-21T00:32:47.883810+09:00
Bump Tariff,,,failed,False,2026-08-21T02:37:31.175739+09:00
Bump Tax,10.0,0.0,success,False,2026-08-21T02:13:20.223987+09:00
Bump Terminal,,,failed,False,2026-08-19T21:08:42.108199+09:00
Bump Ticker,,,failed,False,2026-08-19T21:18:26.718972+09:00
Bump Ticket,20.0,1.0,success,False,2026-08-19T21:31:12.885816+09:00
Bump Timeline,20.0,0.0,success,False,2026-08-19T21:30:49.393699+09:00
Bump Toll,,,failed,False,2026-08-21T02:37:19.204094+09:00
Bump Toolbox,,,failed,False,2026-08-28T00:25:42.430031+09:00
Bump Tracker,880.0,1.0,success,False,2026-08-19T21:31:27.001536+09:00
Bump Trend,10.0,0.0,success,False,2026-08-28T01:07:22.099845+09:00
Bump Trial,20.0,0.0,success,False,2026-08-27T21:13:46.392108+09:00
Bump Unit,,,failed,False,2026-08-21T01:56:30.460489+09:00
Bump Update,210.0,1.0,success,False,2026-08-19T21:30:20.208348+09:00
Bump Value,,,failed,False,2026-08-23T02:53:36.421361+09:00
Bump Vault,,,failed,False,2026-08-19T21:04:11.577084+09:00
Bump Version,1000.0,0.0,success,True,2026-08-23T03:18:03.824260+09:00
Bump View,50.0,0.0,success,False,2026-08-19T21:29:42.361641+09:00
Bump Watch,140.0,2.0,success,False,2026-08-19T21:05:41.663242+09:00
Bump Window,,,failed,False,2026-08-19T21:18:48.274039+09:00
Bump Worksheet,,,failed,False,2026-08-27T22:07:54.366638+09:00
Bump Workshop,,,failed,False,2026-08-28T00:25:39.840423+09:00
Bump Yard,10.0,2.0,success,False,2026-08-19T21:15:44.600624+09:00
Bump Zone,20.0,0.0,success,False,2026-08-19T21:09:04.357233+09:00
Bundle Advance,,,failed,False,2026-08-23T16:11:11.053977+09:00
Bundle Advisory,,,failed,False,2026-08-21T01:08:51.801540+09:00
Bundle Allowance,10.0,0.0,success,False,2026-08-21T02:40:25.117501+09:00
Bundle Almanac,,,failed,False,2026-08-18T22:04:49.273954+09:00
Bundle Analyzer,480.0,7.0,success,False,2026-08-27T23:55:21.576264+09:00
Bundle Anchor,,,failed,False,2026-08-17T21:35:44.584576+09:00
Bundle Arrears,,,failed,False,2026-08-23T16:11:11.053977+09:00
Bundle Asset,,,failed,False,2026-08-23T13:48:17.793072+09:00
Bundle Assistant,,,failed,False,2026-08-17T23:28:34.893276+09:00
Bundle Atlas,,,failed,False,2026-08-17T20:43:22.316757+09:00
Bundle Attribute,,,failed,False,2026-08-23T13:08:21.567126+09:00
Bundle Badge,,,failed,False,2026-08-21T00:34:30.806569+09:00
Bundle Balance,110.0,26.0,success,False,2026-08-23T13:48:15.214978+09:00
Bundle Base,50.0,3.0,success,False,2026-08-17T20:40:31.600880+09:00
Bundle Beacon,,,failed,False,2026-08-17T21:41:22.072079+09:00
Bundle Bill,,,failed,False,2026-08-19T21:53:40.177257+09:00
Bundle Blueprint,,,failed,False,2026-08-18T22:04:40.579410+09:00
Bundle Board,210.0,4.0,success,False,2026-08-17T20:37:55.339961+09:00
Bundle Book,880.0,58.0,success,False,2026-08-19T21:54:37.434657+09:00
Bundle Bridge,30.0,0.0,success,False,2026-08-17T21:36:43.981322+09:00
Bundle Brief,,,failed,False,2026-08-21T01:08:42.694211+09:00
Bundle Bulletin,,,failed,False,2026-08-21T01:08:36.289589+09:00
Bundle Calculator,70.0,0.0,success,False,2026-08-27T23:34:10.423222+09:00
Bundle Calendar,30.0,21.0,success,False,2026-08-18T23:59:08.925896+09:00
Bundle Card,260.0,27.0,success,False,2026-08-19T13:29:46.780078+09:00
Bundle Cascade,,,failed,False,2026-08-17T21:37:55.576177+09:00
Bundle Cash,8100.0,3.0,success,False,2026-08-21T02:23:55.522760+09:00
Bundle Cashback,,,failed,False,2026-08-27T21:13:56.719259+09:00
Bundle Catalog,,,failed,False,2026-08-19T21:07:25.102552+09:00
Bundle Category,,,failed,False,2026-08-23T13:08:19.388505+09:00
Bundle Center,,,failed,False,2026-08-17T20:31:58.373055+09:00
Bundle Chain,110.0,87.0,success,False,2026-08-17T20:48:31.729678+09:00
Bundle Charge,110.0,1.0,success,False,2026-08-21T02:40:11.455485+09:00
Bundle Check,170.0,0.0,success,False,2026-08-19T13:30:05.934954+09:00
Bundle Checker,210.0,1.0,success,False,2026-08-27T23:55:14.253857+09:00
Bundle Checklist,260.0,0.0,success,False,2026-08-19T21:06:33.819352+09:00
Bundle Circular,,,failed,False,2026-08-21T01:08:47.143646+09:00
Bundle Cockpit,,,failed,False,2026-08-17T23:14:59.429645+09:00
Bundle Code,1300.0,0.0,success,True,2026-08-19T21:54:03.410939+09:00
Bundle Codex,40.0,29.0,success,False,2026-08-18T22:05:11.798475+09:00
Bundle Companion,,,failed,False,2026-08-17T23:30:03.516281+09:00
Bundle Comparison,40.0,4.0,success,False,2026-08-28T01:06:07.510525+09:00
Bundle Compass,,,failed,False,2026-08-18T07:52:51.639177+09:00
Bundle Compendium,,,failed,False,2026-08-18T22:05:00.347281+09:00
Bundle Confirmation,,,failed,False,2026-08-21T01:09:01.082637+09:00
Bundle Console,390.0,77.0,success,False,2026-08-17T21:40:37.066671+09:00
Bundle Copayment,,,failed,False,2026-08-23T16:37:16.360877+09:00
Bundle Core,1300.0,23.0,success,False,2026-08-17T20:39:37.454360+09:00
Bundle Cost,110.0,6.0,success,False,2026-08-21T02:07:34.217644+09:00
Bundle Count,140.0,15.0,success,False,2026-08-27T22:46:59.897454+09:00
Bundle Counter,140.0,15.0,success,False,2026-08-19T00:00:05.096380+09:00
Bundle Coupon,40.0,2.0,success,False,2026-08-27T21:13:54.337464+09:00
Bundle Dashboard,,,failed,False,2026-08-17T23:29:46.030396+09:00
Bundle Deal,3600.0,33.0,success,False,2026-08-21T01:50:32.476329+09:00
Bundle Debt,,,failed,False,2026-08-21T02:23:48.995246+09:00
Bundle Deck,10.0,16.0,success,False,2026-08-17T20:36:56.303275+09:00
Bundle Depot,70.0,38.0,success,False,2026-08-18T23:59:44.805528+09:00
Bundle Desk,40.0,73.0,success,False,2026-08-17T20:34:33.124318+09:00
Bundle Detail,,,failed,False,2026-08-23T03:20:39.175053+09:00
Bundle Detector,10.0,0.0,success,False,2026-08-27T23:55:21.576264+09:00
Bundle Dial,10.0,0.0,success,False,2026-08-17T21:37:17.917122+09:00
Bundle Digest,,,failed,False,2026-08-19T20:48:09.734804+09:00
Bundle Directory,10.0,0.0,success,False,2026-08-18T23:59:17.064429+09:00
Bundle Discount,720.0,1.0,success,False,2026-08-23T16:11:06.629164+09:00
Bundle Dock,,,failed,False,2026-08-17T21:33:08.992358+09:00
Bundle Dossier,,,failed,False,2026-08-21T01:09:06.679370+09:00
Bundle Draft,,,failed,False,2026-08-19T20:48:23.205403+09:00
Bundle Due,,,failed,False,2026-08-23T15:53:05.427640+09:00
Bundle Duty,,,failed,False,2026-08-21T02:40:14.671503+09:00
Bundle Engine,,,failed,False,2026-08-17T23:11:44.690517+09:00
Bundle Entry,,,failed,False,2026-08-21T01:09:20.076507+09:00
Bundle Estimate,,,failed,False,2026-08-19T21:07:16.203533+09:00
Bundle Estimator,,,failed,False,2026-08-27T23:55:11.655418+09:00
Bundle Excerpt,,,failed,False,2026-08-21T01:09:15.818493+09:00
Bundle Fare,20.0,0.0,success,False,2026-08-21T02:07:41.553019+09:00
Bundle Fee,110.0,1.0,success,False,2026-08-21T01:50:11.823899+09:00
Bundle Feed,,,failed,False,2026-08-19T20:48:17.948513+09:00
Bundle Field,,,failed,False,2026-08-23T13:08:24.927067+09:00
Bundle File,1300.0,2.0,success,False,2026-08-19T20:47:39.914949+09:00
Bundle Finder,20.0,1.0,success,False,2026-08-18T23:59:36.900086+09:00
Bundle Fine,,,failed,False,2026-08-23T02:55:31.768897+09:00
Bundle Flag,50.0,33.0,success,False,2026-08-21T00:35:01.453915+09:00
Bundle Flow,0.0,,success,False,2026-08-17T20:37:24.505740+09:00
Bundle Forge,,,failed,False,2026-08-17T21:39:15.761980+09:00
Bundle Form,30.0,0.0,success,False,2026-08-19T13:29:31.691093+09:00
Bundle Format,30.0,1.0,success,False,2026-08-23T13:08:27.240954+09:00
Bundle Frame,390.0,95.0,success,False,2026-08-17T20:41:15.125085+09:00
Bundle Fund,590.0,100.0,success,False,2026-08-21T02:23:51.443965+09:00
Bundle Gate,90.0,6.0,success,False,2026-08-17T20:45:15.345040+09:00
Bundle Generator,40.0,10.0,success,False,2026-08-27T23:34:10.423222+09:00
Bundle Giveaway,40.0,0.0,success,False,2026-08-27T21:14:09.355453+09:00
Bundle Grade,,,failed,False,2026-08-21T00:34:49.507039+09:00
Bundle Grid,,,failed,False,2026-08-17T21:30:15.996537+09:00
Bundle Guarantee,,,failed,False,2026-08-28T01:06:21.038746+09:00
Bundle Guard,20.0,0.0,success,False,2026-08-17T20:40:06.808560+09:00
Bundle Guardian,20.0,2.0,success,False,2026-08-28T00:24:58.982196+09:00
Bundle Guidebook,,,failed,False,2026-08-18T22:04:21.198301+09:00
Bundle Helpdesk,,,failed,False,2026-08-27T22:46:59.897454+09:00
Bundle Helper,10.0,0.0,success,False,2026-08-28T00:25:05.172390+09:00
Bundle History,,,failed,False,2026-08-19T20:47:36.057637+09:00
Bundle Hotline,,,failed,False,2026-08-19T21:07:34.937888+09:00
Bundle Hub,880.0,0.0,success,False,2026-08-17T20:36:22.753454+09:00
Bundle Identifier,1900.0,0.0,success,True,2026-08-23T13:08:17.193422+09:00
Bundle Incentive,,,failed,False,2026-08-27T21:14:04.974327+09:00
Bundle Index,210.0,1.0,success,False,2026-08-19T21:06:42.695560+09:00
Bundle Insight,,,failed,False,2026-08-17T23:08:06.421601+09:00
Bundle Installment,,,failed,False,2026-08-23T16:11:08.956491+09:00
Bundle Interest,,,failed,False,2026-08-23T13:48:17.793072+09:00
Bundle Item,320.0,5.0,success,False,2026-08-21T01:50:16.047866+09:00
Bundle Journal,320.0,100.0,success,False,2026-08-18T22:03:58.790181+09:00
Bundle Keeper,,,failed,False,2026-08-17T20:41:42.376478+09:00
Bundle Lab,70.0,0.0,success,False,2026-08-17T20:34:58.202084+09:00
Bundle Label,70.0,56.0,success,False,2026-08-27T22:08:02.909734+09:00
Bundle Ledger,,,failed,False,2026-08-17T20:38:43.149907+09:00
Bundle Lens,40.0,55.0,success,False,2026-08-17T20:42:04.175878+09:00
Bundle Level,,,failed,False,2026-08-19T20:47:48.078194+09:00
Bundle Levy,,,failed,False,2026-08-23T13:48:19.972957+09:00
Bundle Link,170.0,0.0,success,False,2026-08-23T03:20:32.320134+09:00
Bundle List,260.0,1.0,success,False,2026-08-19T21:54:13.234763+09:00
Bundle Loan,70.0,46.0,success,False,2026-08-21T02:07:53.857202+09:00
Bundle Locator,,,failed,False,2026-08-18T23:59:27.223478+09:00
Bundle Lock,50.0,0.0,success,False,2026-08-17T20:43:51.758171+09:00
Bundle Log,20.0,1.0,success,False,2026-08-19T13:29:15.231319+09:00
Bundle Loop,,,failed,False,2026-08-17T21:31:23.168898+09:00
Bundle Manager,90.0,0.0,success,False,2026-08-17T20:40:52.069695+09:00
Bundle Map,140.0,42.0,success,False,2026-08-17T20:42:51.727520+09:00
Bundle Markup,,,failed,False,2026-08-23T16:37:14.050450+09:00
Bundle Memo,,,failed,False,2026-08-21T00:34:53.693924+09:00
Bundle Meter,,,failed,False,2026-08-17T21:36:17.240271+09:00
Bundle Metrics,,,failed,False,2026-08-17T23:29:29.429883+09:00
Bundle Monitor,260.0,100.0,success,False,2026-08-17T23:29:09.953642+09:00
Bundle Navigator,,,failed,False,2026-08-17T23:09:52.206266+09:00
Bundle Nexus,,,failed,False,2026-08-17T20:44:15.738532+09:00
Bundle Node,10.0,0.0,success,False,2026-08-17T20:46:01.536512+09:00
Bundle Note,260.0,0.0,success,False,2026-08-19T13:30:42.478470+09:00
Bundle Notification,10.0,4.0,success,False,2026-08-27T22:46:48.643972+09:00
Bundle Number,170.0,0.0,success,False,2026-08-23T03:20:22.973389+09:00
Bundle Office,170.0,75.0,success,False,2026-08-18T23:59:53.624295+09:00
Bundle Ops,,,failed,False,2026-08-17T23:30:16.319777+09:00
Bundle Order,110.0,3.0,success,False,2026-08-19T21:53:27.023606+09:00
Bundle Organizer,,,failed,False,2026-08-17T23:13:22.671425+09:00
Bundle Overdue,,,failed,False,2026-08-27T21:46:13.321425+09:00
Bundle Panel,10.0,0.0,success,False,2026-08-17T21:38:26.629916+09:00
Bundle Pass,30.0,2.0,success,False,2026-08-21T00:34:21.181247+09:00
Bundle Path,50.0,0.0,success,False,2026-08-17T20:45:40.214755+09:00
Bundle Penalty,,,failed,False,2026-08-23T16:37:14.050450+09:00
Bundle Petition,,,failed,False,2026-08-21T01:08:57.015500+09:00
Bundle Pilot,,,failed,False,2026-08-17T20:35:25.429619+09:00
Bundle Plan,320.0,29.0,success,False,2026-08-21T01:50:28.240015+09:00
Bundle Planner,,,failed,False,2026-08-17T23:06:22.536636+09:00
Bundle Playbook,,,failed,False,2026-08-18T22:03:46.428497+09:00
Bundle Point,390.0,4.0,success,False,2026-08-17T20:44:36.649130+09:00
Bundle Portal,140.0,0.0,success,False,2026-08-17T21:41:53.145173+09:00
Bundle Preview,10.0,0.0,success,False,2026-08-28T01:06:10.302074+09:00
Bundle Profile,,,failed,False,2026-08-19T13:30:57.828554+09:00
Bundle Profit,10.0,,success,False,2026-08-23T02:55:17.140000+09:00
Bundle Proposal,,,failed,False,2026-08-28T01:06:18.481825+09:00
Bundle Pulse,10.0,,success,False,2026-08-17T20:47:58.336807+09:00
Bundle Queue,,,failed,False,2026-08-19T21:07:04.594270+09:00
Bundle Radar,30.0,100.0,success,False,2026-08-17T20:33:40.236931+09:00
Bundle Rail,,,failed,False,2026-08-17T21:31:56.784481+09:00
Bundle Rank,,,failed,False,2026-08-28T00:47:48.349607+09:00
Bundle Rate,70.0,2.0,success,False,2026-08-19T20:47:55.040652+09:00
Bundle Recap,,,failed,False,2026-08-21T01:09:12.434019+09:00
Bundle Receipt,,,failed,False,2026-08-19T21:53:52.421179+09:00
Bundle Redemption,,,failed,False,2026-08-23T16:37:18.649152+09:00
Bundle Register,10.0,16.0,success,False,2026-08-17T23:04:09.987003+09:00
Bundle Registry,,,failed,False,2026-08-18T22:04:29.881802+09:00
Bundle Relay,,,failed,False,2026-08-17T20:32:32.905502+09:00
Bundle Reminder,,,failed,False,2026-08-19T21:06:23.756396+09:00
Bundle Report,10.0,2.0,success,False,2026-08-19T13:29:00.478751+09:00
Bundle Repository,,,failed,False,2026-08-27T23:12:25.065400+09:00
Bundle Roadmap,,,failed,False,2026-08-18T22:05:19.741515+09:00
Bundle Roster,,,failed,False,2026-08-19T00:37:20.289190+09:00
Bundle Route,,,failed,False,2026-08-17T21:34:05.861065+09:00
Bundle Rule,,,failed,False,2026-08-23T03:20:35.213515+09:00
Bundle Sale,880.0,49.0,success,False,2026-08-21T02:23:59.841123+09:00
Bundle Sample,,,failed,False,2026-08-19T21:54:56.953854+09:00
Bundle Scale,,,failed,False,2026-08-17T21:35:11.471835+09:00
Bundle Scanner,260.0,98.0,success,False,2026-08-27T23:55:17.807220+09:00
Bundle Scheduler,,,failed,False,2026-08-17T23:28:54.506937+09:00
Bundle Scope,,,failed,False,2026-08-17T21:32:33.876836+09:00
Bundle Score,10.0,0.0,success,False,2026-08-19T13:30:30.638587+09:00
Bundle Sentry,,,failed,False,2026-08-17T20:42:24.319818+09:00
Bundle Sheet,480.0,52.0,success,False,2026-08-19T13:29:56.430090+09:00
Bundle Signal,,,failed,False,2026-08-17T21:34:37.066296+09:00
Bundle Slip,10.0,56.0,success,False,2026-08-19T21:54:45.586270+09:00
Bundle Slot,,,failed,False,2026-08-19T21:55:06.588963+09:00
Bundle Snapshot,,,failed,False,2026-08-18T22:04:07.158721+09:00
Bundle Stake,,,failed,False,2026-08-23T02:55:24.224280+09:00
Bundle Statement,,,failed,False,2026-08-21T00:34:40.769437+09:00
Bundle Station,110.0,0.0,success,False,2026-08-17T20:34:08.377719+09:00
Bundle Status,10.0,0.0,success,False,2026-08-19T20:47:25.892128+09:00
Bundle Stub,,,failed,False,2026-08-21T00:34:35.312701+09:00
Bundle Studio,880.0,100.0,success,False,2026-08-17T20:35:59.491401+09:00
Bundle Suite,30.0,7.0,success,False,2026-08-17T23:28:13.719643+09:00
Bundle Sum,,,failed,False,2026-08-21T02:23:45.182895+09:00
Bundle Summary,,,failed,False,2026-08-19T21:06:02.010882+09:00
Bundle Surtax,,,failed,False,2026-08-23T15:53:05.427640+09:00
Bundle Sync,,,failed,False,2026-08-17T20:38:16.946588+09:00
Bundle Table,20.0,33.0,success,False,2026-08-19T21:54:25.677858+09:00
Bundle Tag,90.0,66.0,success,False,2026-08-19T13:30:48.441659+09:00
Bundle Tally,,,failed,False,2026-08-21T00:34:44.893530+09:00
Bundle Tariff,,,failed,False,2026-08-21T02:40:27.519765+09:00
Bundle Tax,,,failed,False,2026-08-21T02:07:48.773154+09:00
Bundle Ticket,210.0,18.0,success,False,2026-08-19T21:06:51.339410+09:00
Bundle Tier,,,failed,False,2026-08-28T00:47:45.290833+09:00
Bundle Timeline,,,failed,False,2026-08-19T21:06:11.173737+09:00
Bundle Toll,,,failed,False,2026-08-21T02:40:18.502872+09:00
Bundle Toolbox,,,failed,False,2026-08-28T00:25:01.797092+09:00
Bundle Toolkit,,,failed,False,2026-08-18T22:03:23.896977+09:00
Bundle Total,,,failed,False,2026-08-27T23:12:15.769681+09:00
Bundle Tracker,90.0,0.0,success,False,2026-08-17T20:39:13.606540+09:00
Bundle Trail,,,failed,False,2026-08-17T21:30:47.592348+09:00
Bundle Trend,,,failed,False,2026-08-28T01:06:05.018602+09:00
Bundle Trial,,,failed,False,2026-08-27T21:13:56.719259+09:00
Bundle Unit,40.0,0.0,success,False,2026-08-21T01:50:44.435250+09:00
Bundle Update,480.0,0.0,success,False,2026-08-19T20:48:02.759483+09:00
Bundle Value,320.0,2.0,success,False,2026-08-23T02:55:21.397263+09:00
Bundle Vault,10.0,0.0,success,False,2026-08-18T07:52:41.803734+09:00
Bundle Version,480.0,0.0,success,False,2026-08-23T03:20:27.097448+09:00
Bundle View,90.0,0.0,success,False,2026-08-19T20:47:30.914414+09:00
Bundle Voucher,50.0,26.0,success,False,2026-08-21T00:34:25.670499+09:00
Bundle Watch,110.0,63.0,success,False,2026-08-17T21:33:32.175377+09:00
Bundle Wave,720.0,100.0,success,False,2026-08-17T20:46:31.116711+09:00
Bundle Widget,,,failed,False,2026-08-27T23:12:19.702811+09:00
Bundle Workbench,,,failed,False,2026-08-18T22:03:14.728477+09:00
Bundle Workshop,,,failed,False,2026-08-28T00:24:58.982196+09:00
Bundle Zone,50.0,5.0,success,False,2026-08-18T07:43:42.936129+09:00
Bunker Advance,,,failed,False,2026-08-23T16:15:31.472081+09:00
Bunker Advisory,,,failed,False,2026-08-21T01:07:33.646226+09:00
Bunker Allowance,,,failed,False,2026-08-21T02:38:16.396053+09:00
Bunker Almanac,,,failed,False,2026-08-18T22:07:03.148226+09:00
Bunker Analyzer,,,failed,False,2026-08-27T23:50:42.966915+09:00
Bunker Anchor,,,failed,False,2026-08-17T23:13:59.220189+09:00
Bunker Arrears,,,failed,False,2026-08-23T16:15:31.472081+09:00
Bunker Asset,,,failed,False,2026-08-23T13:47:15.992604+09:00
Bunker Assistant,,,failed,False,2026-08-17T23:14:36.904616+09:00
Bunker Atlas,110.0,0.0,success,False,2026-08-17T23:05:57.160852+09:00
Bunker Badge,,,failed,False,2026-08-21T00:33:17.387160+09:00
Bunker Balance,,,failed,False,2026-08-23T13:47:13.508679+09:00
Bunker Base,590.0,0.0,success,False,2026-08-17T23:13:36.575210+09:00
Bunker Beacon,,,failed,False,2026-08-17T23:12:18.901964+09:00
Bunker Bill,30.0,0.0,success,False,2026-08-19T21:53:16.228732+09:00
Bunker Blueprint,320.0,0.0,success,False,2026-08-18T22:06:54.214613+09:00
Bunker Board,2900.0,100.0,success,False,2026-08-17T23:27:32.625137+09:00
Bunker Book,480.0,13.0,success,False,2026-08-19T21:54:13.234763+09:00
Bunker Bridge,40.0,1.0,success,False,2026-08-17T23:24:54.415182+09:00
Bunker Brief,,,failed,False,2026-08-21T01:07:26.518810+09:00
Bunker Bulletin,10.0,0.0,success,False,2026-08-21T01:07:21.862187+09:00
Bunker Calculator,140.0,2.0,success,False,2026-08-27T23:36:57.640483+09:00
Bunker Calendar,,,failed,False,2026-08-19T00:03:57.643433+09:00
Bunker Card,110.0,2.0,success,False,2026-08-19T13:32:13.743565+09:00
Bunker Cascade,,,failed,False,2026-08-17T23:06:59.361333+09:00
Bunker Cash,,,failed,False,2026-08-21T02:21:30.317993+09:00
Bunker Cashback,,,failed,False,2026-08-27T21:18:10.943632+09:00
Bunker Catalog,,,failed,False,2026-08-19T21:07:55.214041+09:00
Bunker Category,,,failed,False,2026-08-23T13:06:56.024749+09:00
Bunker Center,50.0,0.0,success,False,2026-08-17T23:28:11.546877+09:00
Bunker Chain,30.0,0.0,success,False,2026-08-17T23:29:58.873666+09:00
Bunker Charge,170.0,1.0,success,False,2026-08-21T02:38:06.910707+09:00
Bunker Check,,,failed,False,2026-08-19T13:32:31.593655+09:00
Bunker Checker,,,failed,False,2026-08-27T23:59:32.969820+09:00
Bunker Checklist,110.0,2.0,success,False,2026-08-19T21:07:02.698289+09:00
Bunker Circular,10.0,0.0,success,False,2026-08-21T01:07:29.159320+09:00
Bunker Cockpit,,,failed,False,2026-08-17T23:32:31.687734+09:00
Bunker Code,5400.0,0.0,success,True,2026-08-19T21:53:40.177257+09:00
Bunker Codex,,,failed,False,2026-08-18T22:07:21.490302+09:00
Bunker Companion,,,failed,False,2026-08-17T23:12:34.850967+09:00
Bunker Comparison,,,failed,False,2026-08-28T01:02:10.416954+09:00
Bunker Compass,,,failed,False,2026-08-17T23:24:12.955458+09:00
Bunker Compendium,,,failed,False,2026-08-18T22:07:12.146632+09:00
Bunker Confirmation,,,failed,False,2026-08-21T01:07:43.373010+09:00
Bunker Console,,,failed,False,2026-08-17T23:06:14.261884+09:00
Bunker Converter,,,failed,False,2026-08-27T23:37:06.230002+09:00
Bunker Core,30.0,0.0,success,False,2026-08-17T23:27:17.370245+09:00
Bunker Cost,720.0,1.0,success,False,2026-08-21T02:15:10.297403+09:00
Bunker Count,,,failed,False,2026-08-27T22:50:55.041515+09:00
Bunker Counter,,,failed,False,2026-08-19T00:04:39.958803+09:00
Bunker Coupon,,,failed,False,2026-08-27T21:18:05.577940+09:00
Bunker Dashboard,,,failed,False,2026-08-17T23:05:32.537259+09:00
Bunker Deal,10.0,0.0,success,False,2026-08-21T01:59:17.074164+09:00
Bunker Debt,,,failed,False,2026-08-21T02:21:23.135425+09:00
Bunker Deck,,,failed,False,2026-08-17T23:15:12.775041+09:00
Bunker Depot,1900.0,29.0,success,False,2026-08-19T00:04:30.591993+09:00
Bunker Desk,40.0,57.0,success,False,2026-08-17T23:23:36.709980+09:00
Bunker Detail,,,failed,False,2026-08-23T03:18:03.824260+09:00
Bunker Detector,,,failed,False,2026-08-27T23:50:42.966915+09:00
Bunker Diagram,90.0,0.0,success,False,2026-08-27T22:13:53.849783+09:00
Bunker Dial,,,failed,False,2026-08-17T23:13:17.884356+09:00
Bunker Digest,,,failed,False,2026-08-19T20:48:48.411735+09:00
Bunker Directory,70.0,1.0,success,False,2026-08-19T00:04:03.544716+09:00
Bunker Discount,,,failed,False,2026-08-23T16:15:25.443589+09:00
Bunker Dock,,,failed,False,2026-08-17T23:14:53.160605+09:00
Bunker Dossier,,,failed,False,2026-08-21T01:07:45.419245+09:00
Bunker Downpayment,,,failed,False,2026-08-27T21:49:24.879038+09:00
Bunker Draft,,,failed,False,2026-08-19T20:49:01.783681+09:00
Bunker Due,,,failed,False,2026-08-23T15:52:13.445418+09:00
Bunker Duty,,,failed,False,2026-08-21T02:38:09.773029+09:00
Bunker Engine,30.0,0.0,success,False,2026-08-17T23:31:21.435106+09:00
Bunker Entry,30.0,2.0,success,False,2026-08-21T01:07:56.327187+09:00
Bunker Estimate,,,failed,False,2026-08-19T21:07:45.336017+09:00
Bunker Estimator,,,failed,False,2026-08-27T23:59:32.969820+09:00
Bunker Excerpt,,,failed,False,2026-08-21T01:07:51.915989+09:00
Bunker Fare,,,failed,False,2026-08-21T02:15:19.980644+09:00
Bunker Fee,70.0,0.0,success,False,2026-08-21T01:59:00.317369+09:00
Bunker Feed,,,failed,False,2026-08-19T20:48:55.006137+09:00
Bunker File,260.0,1.0,success,False,2026-08-19T20:48:28.899410+09:00
Bunker Finder,90.0,0.0,success,False,2026-08-19T00:04:20.197700+09:00
Bunker Fine,,,failed,False,2026-08-23T02:53:56.783780+09:00
Bunker Flag,210.0,6.0,success,False,2026-08-21T00:34:01.894402+09:00
Bunker Flow,10.0,0.0,success,False,2026-08-17T23:09:02.276027+09:00
Bunker Forge,,,failed,False,2026-08-17T23:24:32.888927+09:00
Bunker Form,,,failed,False,2026-08-19T13:32:04.589089+09:00
Bunker Frame,,,failed,False,2026-08-17T23:27:00.420532+09:00
Bunker Fund,10.0,0.0,success,False,2026-08-21T02:21:27.143708+09:00
Bunker Gate,90.0,0.0,success,False,2026-08-17T23:11:21.548397+09:00
Bunker Giveaway,,,failed,False,2026-08-27T21:18:16.007823+09:00
Bunker Grade,,,failed,False,2026-08-21T00:33:46.093002+09:00
Bunker Graph,,,failed,False,2026-08-27T22:13:39.158515+09:00
Bunker Grid,,,failed,False,2026-08-17T23:26:04.596222+09:00
Bunker Guarantee,,,failed,False,2026-08-28T01:02:16.682385+09:00
Bunker Guard,20.0,0.0,success,False,2026-08-17T23:33:09.699963+09:00
Bunker Guardian,,,failed,False,2026-08-28T00:21:06.843571+09:00
Bunker Guidebook,,,failed,False,2026-08-18T22:06:37.464016+09:00
Bunker Helpdesk,,,failed,False,2026-08-27T22:50:57.800091+09:00
Bunker Helper,,,failed,False,2026-08-28T00:21:11.601666+09:00
Bunker History,30.0,0.0,success,False,2026-08-19T20:48:23.205403+09:00
Bunker Hotline,,,failed,False,2026-08-19T21:08:05.171033+09:00
Bunker Hub,880.0,3.0,success,False,2026-08-17T23:33:38.106132+09:00
Bunker Identifier,,,failed,False,2026-08-23T13:06:51.579478+09:00
Bunker Incentive,,,failed,False,2026-08-27T21:18:13.822548+09:00
Bunker Index,1000.0,1.0,success,False,2026-08-19T21:07:13.159437+09:00
Bunker Insight,,,failed,False,2026-08-17T23:32:15.494443+09:00
Bunker Installment,,,failed,False,2026-08-23T16:15:25.443589+09:00
Bunker Item,10.0,0.0,success,False,2026-08-21T01:59:06.761411+09:00
Bunker Journal,,,failed,False,2026-08-18T22:06:18.385841+09:00
Bunker Keeper,,,failed,False,2026-08-17T23:12:59.903146+09:00
Bunker Lab,1300.0,2.0,success,False,2026-08-17T23:10:04.608173+09:00
Bunker Ledger,,,failed,False,2026-08-17T23:08:23.954708+09:00
Bunker Lens,,,failed,False,2026-08-17T23:06:37.704524+09:00
Bunker Level,30.0,0.0,success,False,2026-08-19T20:48:35.358478+09:00
Bunker Levy,,,failed,False,2026-08-23T13:47:15.992604+09:00
Bunker Link,1000.0,1.0,success,False,2026-08-23T03:17:56.844473+09:00
Bunker List,110.0,0.0,success,False,2026-08-19T21:53:52.421179+09:00
Bunker Loan,,,failed,False,2026-08-21T02:15:23.867854+09:00
Bunker Locator,,,failed,False,2026-08-19T00:04:14.172620+09:00
Bunker Lock,140.0,12.0,success,False,2026-08-17T23:11:59.928630+09:00
Bunker Log,,,failed,False,2026-08-19T13:31:52.943506+09:00
Bunker Loop,50.0,0.0,success,False,2026-08-17T23:15:30.972429+09:00
Bunker Manager,30.0,0.0,success,False,2026-08-17T23:31:05.763784+09:00
Bunker Manual,,,failed,False,2026-08-27T22:13:48.271988+09:00
Bunker Map,590.0,0.0,success,False,2026-08-17T23:26:46.063928+09:00
Bunker Margin,,,failed,False,2026-08-23T02:53:54.584586+09:00
Bunker Markup,,,failed,False,2026-08-23T16:39:35.759045+09:00
Bunker Memo,,,failed,False,2026-08-21T00:33:50.963808+09:00
Bunker Message,,,failed,False,2026-08-27T23:16:13.930951+09:00
Bunker Meter,,,failed,False,2026-08-17T23:29:07.663083+09:00
Bunker Metrics,,,failed,False,2026-08-17T23:11:03.494377+09:00
Bunker Monitor,,,failed,False,2026-08-17T23:03:48.755656+09:00
Bunker Navigator,,,failed,False,2026-08-17T23:32:45.524936+09:00
Bunker Nexus,,,failed,False,2026-08-17T23:30:28.172183+09:00
Bunker Node,,,failed,False,2026-08-17T23:30:14.406427+09:00
Bunker Note,10.0,0.0,success,False,2026-08-19T13:32:47.690424+09:00
Bunker Notification,,,failed,False,2026-08-27T22:50:47.949618+09:00
Bunker Number,70.0,0.0,success,False,2026-08-23T03:17:46.671515+09:00
Bunker Office,70.0,1.0,success,False,2026-08-19T00:04:35.680723+09:00
Bunker Ops,,,failed,False,2026-08-17T23:07:23.914294+09:00
Bunker Order,10.0,0.0,success,False,2026-08-19T21:53:00.908408+09:00
Bunker Organizer,,,failed,False,2026-08-17T23:31:54.862824+09:00
Bunker Overage,,,failed,False,2026-08-27T21:49:22.679951+09:00
Bunker Overdraft,,,failed,False,2026-08-23T15:52:13.445418+09:00
Bunker Overdue,,,failed,False,2026-08-27T21:49:18.001663+09:00
Bunker Panel,10.0,0.0,success,False,2026-08-17T23:28:48.980231+09:00
Bunker Path,480.0,1.0,success,False,2026-08-17T23:04:46.904606+09:00
Bunker Payoff,,,failed,False,2026-08-27T21:49:20.358831+09:00
Bunker Penalty,,,failed,False,2026-08-23T16:39:33.315090+09:00
Bunker Petition,,,failed,False,2026-08-21T01:07:39.342209+09:00
Bunker Pilot,,,failed,False,2026-08-17T23:03:34.150622+09:00
Bunker Plan,880.0,0.0,success,False,2026-08-21T01:59:10.014934+09:00
Bunker Planner,880.0,0.0,success,False,2026-08-17T23:31:38.790135+09:00
Bunker Playbook,,,failed,False,2026-08-18T22:06:09.670880+09:00
Bunker Point,480.0,0.0,success,False,2026-08-17T23:26:31.743192+09:00
Bunker Portal,,,failed,False,2026-08-17T23:28:30.057187+09:00
Bunker Preview,10.0,0.0,success,False,2026-08-28T01:02:13.095205+09:00
Bunker Profile,,,failed,False,2026-08-19T13:33:02.578163+09:00
Bunker Profit,,,failed,False,2026-08-23T02:53:45.297778+09:00
Bunker Proposal,10.0,0.0,success,False,2026-08-28T01:02:16.682385+09:00
Bunker Pulse,,,failed,False,2026-08-17T23:10:24.973922+09:00
Bunker Queue,,,failed,False,2026-08-19T21:07:34.937888+09:00
Bunker Quota,,,failed,False,2026-08-21T00:33:55.661658+09:00
Bunker Radar,320.0,0.0,success,False,2026-08-17T23:10:43.579186+09:00
Bunker Rail,,,failed,False,2026-08-17T23:29:41.239949+09:00
Bunker Rate,2900.0,3.0,success,False,2026-08-19T20:48:37.662202+09:00
Bunker Recap,,,failed,False,2026-08-21T01:07:49.697646+09:00
Bunker Receipt,20.0,0.0,success,False,2026-08-19T21:53:27.023606+09:00
Bunker Recorder,,,failed,False,2026-08-27T23:37:06.230002+09:00
Bunker Register,,,failed,False,2026-08-17T23:32:55.929904+09:00
Bunker Registry,,,failed,False,2026-08-18T22:06:47.457116+09:00
Bunker Relay,,,failed,False,2026-08-17T23:23:52.832374+09:00
Bunker Reminder,,,failed,False,2026-08-19T21:06:51.339410+09:00
Bunker Report,140.0,1.0,success,False,2026-08-19T13:31:47.223941+09:00
Bunker Result,,,failed,False,2026-08-28T00:45:49.582364+09:00
Bunker Roadmap,,,failed,False,2026-08-18T22:07:28.261653+09:00
Bunker Roster,,,failed,False,2026-08-19T00:38:02.838044+09:00
Bunker Route,50.0,1.0,success,False,2026-08-17T23:29:25.330773+09:00
Bunker Rule,10.0,0.0,success,False,2026-08-23T03:18:00.174345+09:00
Bunker Sale,8100.0,4.0,success,False,2026-08-21T02:21:33.857873+09:00
Bunker Sample,260.0,0.0,success,False,2026-08-19T21:54:34.064665+09:00
Bunker Scale,,,failed,False,2026-08-17T23:08:02.086738+09:00
Bunker Scanner,,,failed,False,2026-08-27T23:50:40.068524+09:00
Bunker Scheduler,,,failed,False,2026-08-17T23:09:26.162855+09:00
Bunker Scope,,,failed,False,2026-08-17T23:25:50.019139+09:00
Bunker Score,,,failed,False,2026-08-19T13:32:42.417252+09:00
Bunker Sentry,,,failed,False,2026-08-17T23:30:43.619577+09:00
Bunker Serial,390.0,0.0,success,False,2026-08-23T13:27:43.093757+09:00
Bunker Sheet,,,failed,False,2026-08-19T13:32:23.096151+09:00
Bunker Shortfall,,,failed,False,2026-08-27T21:49:27.090308+09:00
Bunker Signal,,,failed,False,2026-08-17T23:25:26.285868+09:00
Bunker Slip,,,failed,False,2026-08-19T21:54:22.632140+09:00
Bunker Slot,30.0,8.0,success,False,2026-08-19T21:54:45.586270+09:00
Bunker Snapshot,,,failed,False,2026-08-18T22:06:27.903433+09:00
Bunker Stage,10.0,0.0,success,False,2026-08-28T00:45:49.582364+09:00
Bunker Stake,,,failed,False,2026-08-23T02:53:49.996059+09:00
Bunker Statement,,,failed,False,2026-08-21T00:33:32.477901+09:00
Bunker Station,480.0,1.0,success,False,2026-08-17T23:27:58.060156+09:00
Bunker Status,20.0,0.0,success,False,2026-08-19T20:48:06.706582+09:00
Bunker Stub,,,failed,False,2026-08-21T00:33:25.139045+09:00
Bunker Studio,1900.0,3.0,success,False,2026-08-17T23:27:47.140187+09:00
Bunker Subsidy,,,failed,False,2026-08-23T15:52:15.458518+09:00
Bunker Suite,720.0,2.0,success,False,2026-08-17T23:07:41.199314+09:00
Bunker Sum,,,failed,False,2026-08-21T02:21:16.859864+09:00
Bunker Summary,,,failed,False,2026-08-19T21:06:33.819352+09:00
Bunker Surtax,,,failed,False,2026-08-23T15:52:18.208311+09:00
Bunker Sync,,,failed,False,2026-08-17T23:33:20.357749+09:00
Bunker Tab,,,failed,False,2026-08-21T00:34:07.252682+09:00
Bunker Table,50.0,27.0,success,False,2026-08-19T21:54:00.654442+09:00
Bunker Tag,,,failed,False,2026-08-19T13:32:55.447680+09:00
Bunker Tally,,,failed,False,2026-08-21T00:33:37.107629+09:00
Bunker Tariff,,,failed,False,2026-08-21T02:38:19.881796+09:00
Bunker Tax,10.0,0.0,success,False,2026-08-21T02:15:23.867854+09:00
Bunker Terminal,50.0,1.0,success,False,2026-08-17T23:04:23.573644+09:00
Bunker Ticket,10.0,17.0,success,False,2026-08-19T21:07:25.102552+09:00
Bunker Timeline,,,failed,False,2026-08-19T21:06:41.039569+09:00
Bunker Timer,,,failed,False,2026-08-28T00:21:02.971988+09:00
Bunker Toll,,,failed,False,2026-08-21T02:38:13.377279+09:00
Bunker Toolbox,260.0,100.0,success,False,2026-08-28T00:21:09.151755+09:00
Bunker Toolkit,,,failed,False,2026-08-18T22:06:01.196080+09:00
Bunker Total,,,failed,False,2026-08-27T23:16:21.897779+09:00
Bunker Tracker,10.0,0.0,success,False,2026-08-17T23:14:16.588426+09:00
Bunker Trail,140.0,1.0,success,False,2026-08-17T23:09:46.743330+09:00
Bunker Trend,10.0,0.0,success,False,2026-08-28T01:02:10.416954+09:00
Bunker Trial,,,failed,False,2026-08-27T21:18:13.822548+09:00
Bunker Unit,,,failed,False,2026-08-21T01:59:08.747160+09:00
Bunker Update,10.0,0.0,success,False,2026-08-19T20:48:43.191337+09:00
Bunker Value,,,failed,False,2026-08-23T02:53:47.851129+09:00
Bunker Vault,210.0,26.0,success,False,2026-08-17T23:05:09.501218+09:00
Bunker Version,,,failed,False,2026-08-23T03:17:50.653872+09:00
Bunker View,40.0,0.0,success,False,2026-08-19T20:48:12.973996+09:00
Bunker Voucher,,,failed,False,2026-08-21T00:33:12.400590+09:00
Bunker Watch,210.0,54.0,success,False,2026-08-17T23:08:44.294677+09:00
Bunker Wave,,,failed,False,2026-08-17T23:26:18.163850+09:00
Bunker Widget,,,failed,False,2026-08-27T23:16:21.897779+09:00
Bunker Workbench,110.0,100.0,success,False,2026-08-18T22:05:52.087342+09:00
Bunker Worksheet,,,failed,False,2026-08-27T22:13:53.849783+09:00
Bunker Zone,720.0,1.0,success,False,2026-08-17T23:11:40.322748+09:00
Buyer Advance,,,failed,False,2026-08-23T16:15:47.536999+09:00
Buyer Alert,20.0,0.0,success,False,2026-08-21T01:35:23.712765+09:00
Buyer Allowance,,,failed,False,2026-08-21T02:45:38.713397+09:00
Buyer Analyzer,,,failed,False,2026-08-27T23:52:26.282518+09:00
Buyer Announcement,,,failed,False,2026-08-27T23:32:16.065535+09:00
Buyer Arrears,,,failed,False,2026-08-23T16:15:43.832612+09:00
Buyer Asset,,,failed,False,2026-08-23T13:47:13.508679+09:00
Buyer Atlas,,,failed,False,2026-08-21T01:42:17.039674+09:00
Buyer Attribute,,,failed,False,2026-08-23T13:06:24.369926+09:00
Buyer Badge,50.0,13.0,success,False,2026-08-21T01:38:35.952865+09:00
Buyer Balance,,,failed,False,2026-08-23T13:47:11.410642+09:00
Buyer Base,10.0,0.0,success,False,2026-08-21T01:40:58.554709+09:00
Buyer Beacon,,,failed,False,2026-08-21T01:40:03.980146+09:00
Buyer Bill,40.0,0.0,success,False,2026-08-21T01:37:48.907066+09:00
Buyer Bin,,,failed,False,2026-08-21T01:35:23.712765+09:00
Buyer Board,,,failed,False,2026-08-21T01:41:08.747647+09:00
Buyer Bridge,260.0,30.0,success,False,2026-08-21T01:40:19.724237+09:00
Buyer Brief,20.0,7.0,success,False,2026-08-21T01:39:01.261860+09:00
Buyer Bulletin,,,failed,False,2026-08-21T01:38:57.072218+09:00
Buyer Calculator,40.0,31.0,success,False,2026-08-27T23:32:20.228429+09:00
Buyer Card,4400.0,29.0,success,False,2026-08-21T01:35:26.145041+09:00
Buyer Cascade,,,failed,False,2026-08-21T01:40:15.311910+09:00
Buyer Cash,1900.0,18.0,success,False,2026-08-21T02:29:43.973308+09:00
Buyer Cashback,10.0,0.0,success,False,2026-08-27T21:18:48.752837+09:00
Buyer Category,720.0,3.0,success,False,2026-08-23T13:06:20.755041+09:00
Buyer Center,70.0,5.0,success,False,2026-08-21T01:41:30.332578+09:00
Buyer Chain,10.0,0.0,success,False,2026-08-21T01:42:02.866390+09:00
Buyer Charge,,,failed,False,2026-08-21T02:45:28.044980+09:00
Buyer Chart,,,failed,False,2026-08-21T01:35:23.712765+09:00
Buyer Check,50.0,8.0,success,False,2026-08-21T01:35:26.145041+09:00
Buyer Checker,,,failed,False,2026-08-27T23:52:13.665480+09:00
Buyer Code,70.0,0.0,success,False,2026-08-21T01:37:57.190809+09:00
Buyer Confirmation,10.0,0.0,success,False,2026-08-21T01:39:21.617747+09:00
Buyer Console,140.0,2.0,success,False,2026-08-21T01:41:42.095051+09:00
Buyer Contribution,,,failed,False,2026-08-23T16:15:40.537214+09:00
Buyer Converter,,,failed,False,2026-08-27T23:32:26.212741+09:00
Buyer Core,,,failed,False,2026-08-21T01:41:00.703725+09:00
Buyer Cost,40.0,1.0,success,False,2026-08-21T02:12:49.636286+09:00
Buyer Count,,,failed,False,2026-08-27T22:51:48.588261+09:00
Buyer Counter,,,failed,False,2026-08-21T01:43:39.038620+09:00
Buyer Coupon,70.0,1.0,success,False,2026-08-27T21:18:48.752837+09:00
Buyer Deal,40.0,0.0,success,False,2026-08-21T01:56:38.086153+09:00
Buyer Debt,,,failed,False,2026-08-21T02:29:31.555266+09:00
Buyer Deck,10.0,0.0,success,False,2026-08-21T01:41:12.264242+09:00
Buyer Desk,,,failed,False,2026-08-21T01:39:45.118535+09:00
Buyer Detail,10.0,3.0,success,False,2026-08-23T03:16:44.260724+09:00
Buyer Detector,,,failed,False,2026-08-27T23:52:22.402919+09:00
Buyer Directory,50.0,42.0,success,False,2026-08-21T01:43:14.953756+09:00
Buyer Discount,20.0,1.0,success,False,2026-08-23T16:15:37.311219+09:00
Buyer Downpayment,,,failed,False,2026-08-27T21:49:53.079168+09:00
Buyer Draft,,,failed,False,2026-08-21T01:37:19.276865+09:00
Buyer Due,,,failed,False,2026-08-23T15:52:13.445418+09:00
Buyer Duty,140.0,1.0,success,False,2026-08-21T02:45:31.753294+09:00
Buyer Engine,,,failed,False,2026-08-21T01:42:29.387533+09:00
Buyer Entry,,,failed,False,2026-08-21T01:39:30.579891+09:00
Buyer Estimate,,,failed,False,2026-08-21T01:37:39.215530+09:00
Buyer Estimator,10.0,,success,False,2026-08-27T23:52:10.807826+09:00
Buyer Extension,,,failed,False,2026-08-23T16:39:45.505448+09:00
Buyer Fare,,,failed,False,2026-08-21T02:12:54.787375+09:00
Buyer Fee,140.0,0.0,success,False,2026-08-21T01:56:19.157693+09:00
Buyer Feed,,,failed,False,2026-08-21T01:37:16.023011+09:00
Buyer File,,,failed,False,2026-08-21T01:36:57.667235+09:00
Buyer Flow,,,failed,False,2026-08-21T01:39:38.707543+09:00
Buyer Forge,,,failed,False,2026-08-21T01:40:09.996962+09:00
Buyer Form,140.0,0.0,success,False,2026-08-21T01:35:23.712765+09:00
Buyer Format,,,failed,False,2026-08-23T13:06:29.194377+09:00
Buyer Frame,10.0,0.0,success,False,2026-08-21T01:40:53.074721+09:00
Buyer Fund,,,failed,False,2026-08-21T02:29:36.697010+09:00
Buyer Gate,,,failed,False,2026-08-21T01:42:07.777661+09:00
Buyer Generator,10.0,0.0,success,False,2026-08-27T23:32:33.346775+09:00
Buyer Giveaway,40.0,0.0,success,False,2026-08-27T21:19:01.624624+09:00
Buyer Grid,,,failed,False,2026-08-21T01:40:37.729948+09:00
Buyer Guardian,10.0,0.0,success,False,2026-08-28T00:22:42.376773+09:00
Buyer Helpdesk,,,failed,False,2026-08-27T22:51:51.167010+09:00
Buyer Helper,,,failed,False,2026-08-28T00:22:52.095414+09:00
Buyer History,,,failed,False,2026-08-21T01:36:55.107278+09:00
Buyer Hub,260.0,5.0,success,False,2026-08-21T01:39:42.723562+09:00
Buyer Inbox,,,failed,False,2026-08-21T01:44:35.810594+09:00
Buyer Incentive,170.0,2.0,success,False,2026-08-27T21:18:52.051068+09:00
Buyer Index,10.0,1.0,success,False,2026-08-21T01:37:32.925946+09:00
Buyer Installment,,,failed,False,2026-08-23T16:15:40.537214+09:00
Buyer Interest,20.0,0.0,success,False,2026-08-23T13:47:11.410642+09:00
Buyer Item,,,failed,False,2026-08-21T01:56:21.292165+09:00
Buyer Journal,10.0,0.0,success,False,2026-08-21T01:43:03.421356+09:00
Buyer Keeper,,,failed,False,2026-08-21T01:42:22.878879+09:00
Buyer Kit,,,failed,False,2026-08-27T22:51:44.321364+09:00
Buyer Lab,480.0,1.0,success,False,2026-08-21T01:41:18.223212+09:00
Buyer Ledger,,,failed,False,2026-08-21T01:41:06.507181+09:00
Buyer Level,,,failed,False,2026-08-21T01:37:02.343165+09:00
Buyer Levy,,,failed,False,2026-08-23T13:47:13.508679+09:00
Buyer Line,20.0,0.0,success,False,2026-08-21T01:35:23.712765+09:00
Buyer Link,140.0,4.0,success,False,2026-08-23T03:16:36.835162+09:00
Buyer List,390.0,15.0,success,False,2026-08-21T01:38:01.641770+09:00
Buyer Loan,110.0,24.0,success,False,2026-08-21T02:13:04.369688+09:00
Buyer Lobby,,,failed,False,2026-08-21T01:35:23.712765+09:00
Buyer Locator,,,failed,False,2026-08-21T01:43:23.087757+09:00
Buyer Locker,,,failed,False,2026-08-21T01:43:42.058918+09:00
Buyer Log,210.0,4.0,success,False,2026-08-21T01:35:23.712765+09:00
Buyer Loop,,,failed,False,2026-08-21T01:40:33.133691+09:00
Buyer Manual,,,failed,False,2026-08-27T22:14:21.289312+09:00
Buyer Map,40.0,9.0,success,False,2026-08-21T01:40:50.890695+09:00
Buyer Margin,,,failed,False,2026-08-23T02:52:54.203392+09:00
Buyer Marker,,,failed,False,2026-08-23T13:27:34.278860+09:00
Buyer Memo,,,failed,False,2026-08-21T01:38:45.431477+09:00
Buyer Message,30.0,1.0,success,False,2026-08-27T23:10:05.739440+09:00
Buyer Monitor,,,failed,False,2026-08-21T01:42:46.013630+09:00
Buyer Nexus,20.0,1.0,success,False,2026-08-21T01:42:11.023754+09:00
Buyer Note,590.0,15.0,success,False,2026-08-21T01:35:26.145041+09:00
Buyer Notification,,,failed,False,2026-08-27T22:51:42.060485+09:00
Buyer Number,3600.0,47.0,success,False,2026-08-23T03:16:26.068243+09:00
Buyer Office,70.0,1.0,success,False,2026-08-21T01:43:31.469604+09:00
Buyer Ops,,,failed,False,2026-08-21T01:42:55.803836+09:00
Buyer Order,2400.0,20.0,success,False,2026-08-21T01:37:44.630220+09:00
Buyer Overage,,,failed,False,2026-08-27T21:49:50.641192+09:00
Buyer Overdue,,,failed,False,2026-08-27T21:49:45.629659+09:00
Buyer Panel,20.0,0.0,success,False,2026-08-21T01:41:44.452509+09:00
Buyer Pass,,,failed,False,2026-08-21T01:38:26.164281+09:00
Buyer Passport,,,failed,False,2026-08-21T01:35:23.712765+09:00
Buyer Path,,,failed,False,2026-08-21T01:40:42.553901+09:00
Buyer Payoff,,,failed,False,2026-08-27T21:49:48.123433+09:00
Buyer Penalty,,,failed,False,2026-08-23T16:39:43.377708+09:00
Buyer Petition,,,failed,False,2026-08-21T01:39:14.951697+09:00
Buyer Plan,,,failed,False,2026-08-21T01:56:34.859851+09:00
Buyer Planner,480.0,2.0,success,False,2026-08-21T01:42:37.393096+09:00
Buyer Playbook,,,failed,False,2026-08-21T01:42:58.216620+09:00
Buyer Point,90.0,0.0,success,False,2026-08-21T01:40:48.434359+09:00
Buyer Portal,480.0,4.0,success,False,2026-08-21T01:41:35.548332+09:00
Buyer Profile,320.0,3.0,success,False,2026-08-21T01:36:42.310879+09:00
Buyer Profit,,,failed,False,2026-08-23T02:52:46.674301+09:00
Buyer Proposal,20.0,1.0,success,False,2026-08-28T01:04:00.519509+09:00
Buyer Quota,,,failed,False,2026-08-21T01:38:50.640665+09:00
Buyer Radar,20.0,14.0,success,False,2026-08-21T01:39:49.686792+09:00
Buyer Rate,20.0,1.0,success,False,2026-08-21T01:37:05.417257+09:00
Buyer Receipt,90.0,16.0,success,False,2026-08-21T01:37:51.952894+09:00
Buyer Recorder,,,failed,False,2026-08-27T23:32:33.346775+09:00
Buyer Register,,,failed,False,2026-08-21T01:42:53.677401+09:00
Buyer Relay,,,failed,False,2026-08-21T01:39:52.762519+09:00
Buyer Reminder,,,failed,False,2026-08-21T01:37:30.941685+09:00
Buyer Report,210.0,10.0,success,False,2026-08-21T01:35:23.712765+09:00
Buyer Repository,,,failed,False,2026-08-27T23:10:12.340839+09:00
Buyer Ring,90.0,62.0,success,False,2026-08-21T01:42:05.228292+09:00
Buyer Roll,,,failed,False,2026-08-21T01:35:23.712765+09:00
Buyer Roster,,,failed,False,2026-08-21T01:44:33.537295+09:00
Buyer Route,,,failed,False,2026-08-21T01:41:52.008026+09:00
Buyer Rule,,,failed,False,2026-08-23T03:16:39.334057+09:00
Buyer Sale,30.0,3.0,success,False,2026-08-21T02:29:47.040271+09:00
Buyer Sample,20.0,0.0,success,False,2026-08-21T01:38:18.535087+09:00
Buyer Scale,,,failed,False,2026-08-21T01:41:46.462785+09:00
Buyer Scanner,,,failed,False,2026-08-27T23:52:16.469073+09:00
Buyer Score,90.0,1.0,success,False,2026-08-21T01:35:26.145041+09:00
Buyer Sheet,20.0,0.0,success,False,2026-08-21T01:35:26.145041+09:00
Buyer Shortfall,,,failed,False,2026-08-27T21:49:55.360701+09:00
Buyer Signal,10.0,20.0,success,False,2026-08-21T01:40:23.040836+09:00
Buyer Signature,110.0,0.0,success,False,2026-08-23T13:27:34.278860+09:00
Buyer Slip,,,failed,False,2026-08-21T01:38:12.819970+09:00
Buyer Slot,,,failed,False,2026-08-21T01:38:21.127852+09:00
Buyer Stage,70.0,6.0,success,False,2026-08-28T00:46:39.262631+09:00
Buyer Stake,,,failed,False,2026-08-23T02:52:51.254134+09:00
Buyer Statement,40.0,0.0,success,False,2026-08-21T01:38:42.867462+09:00
Buyer Station,,,failed,False,2026-08-21T01:41:20.184116+09:00
Buyer Status,110.0,0.0,success,False,2026-08-21T01:36:44.739122+09:00
Buyer Stub,,,failed,False,2026-08-21T01:38:40.726969+09:00
Buyer Studio,,,failed,False,2026-08-21T01:41:16.296353+09:00
Buyer Subsidy,,,failed,False,2026-08-23T15:52:15.458518+09:00
Buyer Sum,,,failed,False,2026-08-21T02:29:27.497336+09:00
Buyer Summary,10.0,0.0,success,False,2026-08-21T01:37:24.140763+09:00
Buyer Surtax,,,failed,False,2026-08-23T15:52:18.208311+09:00
Buyer Tab,,,failed,False,2026-08-21T01:38:52.841882+09:00
Buyer Table,,,failed,False,2026-08-21T01:38:08.891636+09:00
Buyer Tag,140.0,1.0,success,False,2026-08-21T01:36:36.837653+09:00
Buyer Tariff,,,failed,False,2026-08-21T02:45:41.299406+09:00
Buyer Tax,30.0,0.0,success,False,2026-08-21T02:12:59.494269+09:00
Buyer Terminal,,,failed,False,2026-08-21T01:41:25.621539+09:00
Buyer Ticker,,,failed,False,2026-08-21T01:35:23.712765+09:00
Buyer Ticket,10.0,20.0,success,False,2026-08-21T01:37:37.070410+09:00
Buyer Tier,,,failed,False,2026-08-28T00:46:44.536375+09:00
Buyer Timeline,10.0,54.0,success,False,2026-08-21T01:37:26.126762+09:00
Buyer Timer,,,failed,False,2026-08-28T00:22:36.820060+09:00
Buyer Toll,,,failed,False,2026-08-21T02:45:36.117852+09:00
Buyer Toolbox,260.0,100.0,success,False,2026-08-28T00:22:49.083106+09:00
Buyer Total,,,failed,False,2026-08-27T23:10:05.739440+09:00
Buyer Tracker,,,failed,False,2026-08-21T01:39:32.953570+09:00
Buyer Trend,10.0,12.0,success,False,2026-08-28T01:03:51.516264+09:00
Buyer Trial,,,failed,False,2026-08-27T21:18:52.051068+09:00
Buyer Unit,,,failed,False,2026-08-21T01:56:25.732902+09:00
Buyer Update,,,failed,False,2026-08-21T01:37:11.320785+09:00
Buyer Value,90.0,9.0,success,False,2026-08-23T02:52:49.123666+09:00
Buyer Vault,,,failed,False,2026-08-21T01:39:59.295312+09:00
Buyer Version,,,failed,False,2026-08-23T03:16:29.353172+09:00
Buyer View,10.0,0.0,success,False,2026-08-21T01:36:50.253581+09:00
Buyer Voucher,,,failed,False,2026-08-21T01:38:31.485069+09:00
Buyer Wallet,,,failed,False,2026-08-27T22:51:48.588261+09:00
Buyer Watch,,,failed,False,2026-08-21T01:40:26.570038+09:00
Buyer Wave,,,failed,False,2026-08-21T01:40:39.778843+09:00
Buyer Widget,,,failed,False,2026-08-27T23:10:09.258839+09:00
Buyer Window,,,failed,False,2026-08-21T01:35:23.712765+09:00
Buyer Worksheet,10.0,4.0,success,False,2026-08-27T22:14:23.666536+09:00
Buyer Workshop,,,failed,False,2026-08-28T00:22:39.734824+09:00
Buyer Zone,210.0,7.0,success,False,2026-08-21T01:41:33.473055+09:00
Bypass Advisory,,,failed,False,2026-08-21T01:07:17.420617+09:00
Bypass Allowance,,,failed,False,2026-08-21T02:38:04.709344+09:00
Bypass Almanac,,,failed,False,2026-08-18T22:06:29.857370+09:00
Bypass Analyzer,,,failed,False,2026-08-27T23:59:32.969820+09:00
Bypass Anchor,,,failed,False,2026-08-18T22:09:05.854990+09:00
Bypass Arrears,,,failed,False,2026-08-23T16:15:22.615283+09:00
Bypass Assistant,,,failed,False,2026-08-18T22:02:50.623197+09:00
Bypass Atlas,,,failed,False,2026-08-18T23:50:26.284718+09:00
Bypass Attribute,,,failed,False,2026-08-23T13:06:47.092391+09:00
Bypass Badge,,,failed,False,2026-08-21T00:32:59.208813+09:00
Bypass Base,10.0,0.0,success,False,2026-08-18T22:10:58.146959+09:00
Bypass Beacon,,,failed,False,2026-08-18T22:08:32.701996+09:00
Bypass Bill,,,failed,False,2026-08-19T21:52:24.100892+09:00
Bypass Blueprint,,,failed,False,2026-08-18T22:06:18.385841+09:00
Bypass Board,20.0,0.0,success,False,2026-08-18T22:11:21.547380+09:00
Bypass Book,20.0,0.0,success,False,2026-08-19T21:53:27.023606+09:00
Bypass Bridge,1900.0,1.0,success,False,2026-08-18T22:08:57.073323+09:00
Bypass Brief,,,failed,False,2026-08-21T01:07:07.368570+09:00
Bypass Bulletin,,,failed,False,2026-08-21T01:07:00.683520+09:00
Bypass Calendar,,,failed,False,2026-08-19T00:03:25.935082+09:00
Bypass Card,110.0,0.0,success,False,2026-08-19T13:31:41.202916+09:00
Bypass Cascade,,,failed,False,2026-08-18T22:08:48.035720+09:00
Bypass Cash,10.0,1.0,success,False,2026-08-21T02:21:14.623269+09:00
Bypass Catalog,,,failed,False,2026-08-19T21:07:16.203533+09:00
Bypass Category,,,failed,False,2026-08-23T13:06:44.617990+09:00
Bypass Center,390.0,0.0,success,False,2026-08-18T22:12:13.672404+09:00
Bypass Chain,,,failed,False,2026-08-18T23:50:26.284718+09:00
Bypass Charge,320.0,0.0,success,False,2026-08-21T02:37:48.956315+09:00
Bypass Check,3600.0,0.0,success,True,2026-08-19T13:31:59.823844+09:00
Bypass Checker,3600.0,0.0,success,True,2026-08-27T23:59:26.259431+09:00
Bypass Checklist,,,failed,False,2026-08-19T21:06:23.756396+09:00
Bypass Circular,,,failed,False,2026-08-21T01:07:11.720033+09:00
Bypass Cockpit,,,failed,False,2026-08-18T22:04:18.397619+09:00
Bypass Code,2900.0,0.0,success,True,2026-08-19T21:52:48.982891+09:00
Bypass Codex,50.0,0.0,success,False,2026-08-18T22:06:47.457116+09:00
Bypass Companion,,,failed,False,2026-08-18T22:04:47.341629+09:00
Bypass Compass,,,failed,False,2026-08-18T22:08:23.655372+09:00
Bypass Compendium,,,failed,False,2026-08-18T22:06:39.446315+09:00
Bypass Confirmation,,,failed,False,2026-08-21T01:07:26.518810+09:00
Bypass Console,,,failed,False,2026-08-18T23:50:26.284718+09:00
Bypass Contribution,,,failed,False,2026-08-23T16:15:20.225326+09:00
Bypass Core,10.0,11.0,success,False,2026-08-18T22:11:03.707718+09:00
Bypass Cost,210.0,2.0,success,False,2026-08-21T02:14:50.093035+09:00
Bypass Count,,,failed,False,2026-08-27T22:50:43.878395+09:00
Bypass Counter,,,failed,False,2026-08-19T00:04:14.172620+09:00
Bypass Dashboard,,,failed,False,2026-08-18T22:04:27.693577+09:00
Bypass Deal,,,failed,False,2026-08-21T01:59:01.512881+09:00
Bypass Debt,,,failed,False,2026-08-21T02:21:06.391588+09:00
Bypass Deck,,,failed,False,2026-08-18T22:11:30.674698+09:00
Bypass Depot,,,failed,False,2026-08-19T00:03:57.643433+09:00
Bypass Desk,,,failed,False,2026-08-18T22:07:53.653114+09:00
Bypass Detail,,,failed,False,2026-08-23T03:17:46.671515+09:00
Bypass Detector,320.0,11.0,success,False,2026-08-27T23:59:30.142774+09:00
Bypass Diagram,70.0,0.0,success,False,2026-08-27T22:13:39.158515+09:00
Bypass Dial,,,failed,False,2026-08-18T23:50:26.284718+09:00
Bypass Digest,,,failed,False,2026-08-19T20:48:28.899410+09:00
Bypass Directory,,,failed,False,2026-08-19T00:03:31.307926+09:00
Bypass Discount,,,failed,False,2026-08-23T16:15:12.953510+09:00
Bypass Dock,,,failed,False,2026-08-18T23:50:26.284718+09:00
Bypass Dossier,,,failed,False,2026-08-21T01:07:31.229292+09:00
Bypass Downpayment,,,failed,False,2026-08-27T21:49:15.770523+09:00
Bypass Duty,,,failed,False,2026-08-21T02:37:53.787359+09:00
Bypass Engine,390.0,1.0,success,False,2026-08-18T22:02:40.368007+09:00
Bypass Entry,,,failed,False,2026-08-21T01:07:43.373010+09:00
Bypass Estimate,,,failed,False,2026-08-19T21:07:02.698289+09:00
Bypass Estimator,,,failed,False,2026-08-27T23:59:23.650703+09:00
Bypass Excerpt,,,failed,False,2026-08-21T01:07:39.342209+09:00
Bypass Fare,,,failed,False,2026-08-21T02:14:55.250493+09:00
Bypass Fee,20.0,0.0,success,False,2026-08-21T01:58:44.645317+09:00
Bypass Feed,90.0,1.0,success,False,2026-08-19T20:48:35.358478+09:00
Bypass Field,,,failed,False,2026-08-23T13:06:49.264367+09:00
Bypass File,590.0,0.0,success,False,2026-08-19T20:47:58.897100+09:00
Bypass Finder,,,failed,False,2026-08-19T00:03:46.728628+09:00
Bypass Fine,,,failed,False,2026-08-23T02:53:45.297778+09:00
Bypass Flag,10.0,0.0,success,False,2026-08-21T00:33:39.786796+09:00
Bypass Flow,110.0,0.0,success,False,2026-08-18T22:07:28.261653+09:00
Bypass Forge,,,failed,False,2026-08-18T22:08:40.228889+09:00
Bypass Form,30.0,0.0,success,False,2026-08-19T13:31:24.471816+09:00
Bypass Format,,,failed,False,2026-08-23T13:06:54.038616+09:00
Bypass Frame,,,failed,False,2026-08-18T22:10:48.955418+09:00
Bypass Fund,,,failed,False,2026-08-21T02:21:11.057858+09:00
Bypass Gate,210.0,25.0,success,False,2026-08-18T23:50:26.284718+09:00
Bypass Grade,,,failed,False,2026-08-21T00:33:17.387160+09:00
Bypass Graph,20.0,3.0,success,False,2026-08-27T22:13:31.267961+09:00
Bypass Grid,10.0,1.0,success,False,2026-08-18T22:09:44.783040+09:00
Bypass Guard,30.0,0.0,success,False,2026-08-18T22:07:03.148226+09:00
Bypass Guardian,,,failed,False,2026-08-28T00:20:59.096636+09:00
Bypass Guidebook,,,failed,False,2026-08-18T22:06:01.196080+09:00
Bypass Helpdesk,,,failed,False,2026-08-27T22:50:47.949618+09:00
Bypass Helper,10.0,0.0,success,False,2026-08-28T00:21:02.971988+09:00
Bypass History,10.0,0.0,success,False,2026-08-19T20:47:55.040652+09:00
Bypass Hotline,,,failed,False,2026-08-19T21:07:25.102552+09:00
Bypass Hub,720.0,0.0,success,False,2026-08-18T22:07:38.070107+09:00
Bypass Identifier,,,failed,False,2026-08-23T13:06:41.923671+09:00
Bypass Index,,,failed,False,2026-08-19T21:06:33.819352+09:00
Bypass Insight,,,failed,False,2026-08-18T22:03:55.697842+09:00
Bypass Installment,,,failed,False,2026-08-23T16:15:17.461758+09:00
Bypass Item,,,failed,False,2026-08-21T01:58:46.875681+09:00
Bypass Journal,30.0,0.0,success,False,2026-08-18T22:05:44.090365+09:00
Bypass Keeper,10.0,,success,False,2026-08-18T23:50:26.284718+09:00
Bypass Kit,320.0,97.0,success,False,2026-08-27T22:50:39.556744+09:00
Bypass Lab,,,failed,False,2026-08-18T22:11:45.045166+09:00
Bypass Label,,,failed,False,2026-08-27T22:13:33.756180+09:00
Bypass Ledger,,,failed,False,2026-08-18T22:11:11.945944+09:00
Bypass Lens,,,failed,False,2026-08-18T22:10:38.085042+09:00
Bypass Level,10.0,0.0,success,False,2026-08-19T20:48:06.706582+09:00
Bypass Link,110000.0,0.0,success,True,2026-08-23T03:17:39.480043+09:00
Bypass List,110.0,1.0,success,False,2026-08-19T21:53:00.908408+09:00
Bypass Loan,20.0,16.0,success,False,2026-08-21T02:15:10.297403+09:00
Bypass Locator,,,failed,False,2026-08-19T00:03:41.244683+09:00
Bypass Lock,720.0,0.0,success,False,2026-08-18T22:10:22.903886+09:00
Bypass Log,,,failed,False,2026-08-19T13:31:08.046594+09:00
Bypass Loop,390.0,36.0,success,False,2026-08-18T22:09:35.906732+09:00
Bypass Manager,480.0,0.0,success,False,2026-08-18T23:50:26.284718+09:00
Bypass Manual,70.0,0.0,success,False,2026-08-27T22:13:36.218618+09:00
Bypass Map,320.0,0.0,success,False,2026-08-18T22:10:32.480742+09:00
Bypass Margin,,,failed,False,2026-08-23T02:53:42.896171+09:00
Bypass Memo,,,failed,False,2026-08-21T00:33:25.139045+09:00
Bypass Message,10.0,0.0,success,False,2026-08-27T23:16:07.710810+09:00
Bypass Meter,590.0,33.0,success,False,2026-08-18T23:50:26.284718+09:00
Bypass Metrics,,,failed,False,2026-08-18T22:04:05.188286+09:00
Bypass Monitor,30.0,0.0,success,False,2026-08-18T22:03:44.456415+09:00
Bypass Navigator,,,failed,False,2026-08-18T22:04:38.583463+09:00
Bypass Nexus,30.0,0.0,success,False,2026-08-18T23:50:26.284718+09:00
Bypass Node,,,failed,False,2026-08-18T23:50:26.284718+09:00
Bypass Note,,,failed,False,2026-08-19T13:32:13.743565+09:00
Bypass Notification,10.0,0.0,success,False,2026-08-27T22:50:35.805109+09:00
Bypass Number,90.0,2.0,success,False,2026-08-23T03:17:31.358374+09:00
Bypass Office,50.0,0.0,success,False,2026-08-19T00:04:03.544716+09:00
Bypass Ops,10.0,0.0,success,False,2026-08-18T22:05:08.323728+09:00
Bypass Order,20.0,0.0,success,False,2026-08-19T21:52:10.666614+09:00
Bypass Organizer,,,failed,False,2026-08-18T22:03:23.896977+09:00
Bypass Overage,,,failed,False,2026-08-27T21:49:13.443578+09:00
Bypass Overdue,,,failed,False,2026-08-27T21:49:08.437850+09:00
Bypass Panel,1000.0,16.0,success,False,2026-08-18T23:50:26.284718+09:00
Bypass Path,10.0,0.0,success,False,2026-08-18T22:10:08.621452+09:00
Bypass Payoff,,,failed,False,2026-08-27T21:49:11.230615+09:00
Bypass Penalty,,,failed,False,2026-08-23T16:39:30.994856+09:00
Bypass Petition,,,failed,False,2026-08-21T01:07:21.862187+09:00
Bypass Pilot,,,failed,False,2026-08-18T22:07:45.209206+09:00
Bypass Plan,20.0,0.0,success,False,2026-08-21T01:58:57.371926+09:00
Bypass Planner,,,failed,False,2026-08-18T22:03:00.985111+09:00
Bypass Playbook,,,failed,False,2026-08-18T22:05:35.647018+09:00
Bypass Point,110.0,0.0,success,False,2026-08-18T22:10:16.418477+09:00
Bypass Portal,30.0,0.0,success,False,2026-08-18T23:50:26.284718+09:00
Bypass Profile,,,failed,False,2026-08-19T13:32:31.593655+09:00
Bypass Profit,,,failed,False,2026-08-23T02:53:34.328450+09:00
Bypass Pulse,,,failed,False,2026-08-18T22:09:54.168922+09:00
Bypass Queue,110.0,6.0,success,False,2026-08-19T21:06:51.339410+09:00
Bypass Quota,10.0,0.0,success,False,2026-08-21T00:33:34.783519+09:00
Bypass Radar,,,failed,False,2026-08-18T22:08:00.506560+09:00
Bypass Rail,10.0,87.0,success,False,2026-08-18T23:50:26.284718+09:00
Bypass Rate,30.0,0.0,success,False,2026-08-19T20:48:17.948513+09:00
Bypass Recap,,,failed,False,2026-08-21T01:07:33.646226+09:00
Bypass Receipt,,,failed,False,2026-08-19T21:52:35.745180+09:00
Bypass Register,70.0,0.0,success,False,2026-08-18T22:04:58.367673+09:00
Bypass Registry,,,failed,False,2026-08-18T22:06:09.670880+09:00
Bypass Relay,480.0,95.0,success,False,2026-08-18T22:08:09.141836+09:00
Bypass Reminder,,,failed,False,2026-08-19T21:06:11.173737+09:00
Bypass Report,40.0,0.0,success,False,2026-08-19T13:31:03.415990+09:00
Bypass Result,10.0,0.0,success,False,2026-08-28T00:45:46.736783+09:00
Bypass Ring,3600.0,100.0,success,False,2026-08-18T23:50:26.284718+09:00
Bypass Roadmap,,,failed,False,2026-08-18T22:06:56.515623+09:00
Bypass Route,210.0,0.0,success,False,2026-08-18T23:50:28.917877+09:00
Bypass Rule,110.0,0.0,success,False,2026-08-23T03:17:44.508741+09:00
Bypass Sale,,,failed,False,2026-08-21T02:21:19.910090+09:00
Bypass Sample,,,failed,False,2026-08-19T21:53:52.421179+09:00
Bypass Scale,70.0,29.0,success,False,2026-08-18T23:50:28.917877+09:00
Bypass Scanner,20.0,24.0,success,False,2026-08-27T23:59:30.142774+09:00
Bypass Scheduler,,,failed,False,2026-08-18T22:03:11.971226+09:00
Bypass Schematic,,,failed,False,2026-08-27T22:29:20.594574+09:00
Bypass Scope,,,failed,False,2026-08-18T22:09:30.106481+09:00
Bypass Score,,,failed,False,2026-08-19T13:32:04.589089+09:00
Bypass Sentry,,,failed,False,2026-08-18T23:50:28.917877+09:00
Bypass Sheet,10.0,0.0,success,False,2026-08-19T13:31:47.223941+09:00
Bypass Shortfall,,,failed,False,2026-08-27T21:49:18.001663+09:00
Bypass Signal,90.0,1.0,success,False,2026-08-18T22:09:13.055997+09:00
Bypass Slip,,,failed,False,2026-08-19T21:53:40.177257+09:00
Bypass Slot,20.0,0.0,success,False,2026-08-19T21:54:03.410939+09:00
Bypass Snapshot,,,failed,False,2026-08-18T22:05:52.087342+09:00
Bypass Stage,,,failed,False,2026-08-28T00:45:40.942680+09:00
Bypass Stake,,,failed,False,2026-08-23T02:53:39.940635+09:00
Bypass Statement,,,failed,False,2026-08-21T00:33:08.035106+09:00
Bypass Station,140.0,0.0,success,False,2026-08-18T22:11:56.316205+09:00
Bypass Status,20.0,0.0,success,False,2026-08-19T20:47:39.914949+09:00
Bypass Stub,,,failed,False,2026-08-21T00:33:03.712506+09:00
Bypass Studio,0.0,,success,False,2026-08-18T22:11:39.333366+09:00
Bypass Suite,,,failed,False,2026-08-18T22:02:30.753417+09:00
Bypass Sum,,,failed,False,2026-08-21T02:21:00.139536+09:00
Bypass Summary,,,failed,False,2026-08-19T21:05:47.568804+09:00
Bypass Sync,,,failed,False,2026-08-18T22:07:21.490302+09:00
Bypass Tab,720.0,9.0,success,False,2026-08-21T00:33:46.093002+09:00
Bypass Table,,,failed,False,2026-08-19T21:53:16.228732+09:00
Bypass Tag,,,failed,False,2026-08-19T13:32:23.096151+09:00
Bypass Tally,,,failed,False,2026-08-21T00:33:12.400590+09:00
Bypass Tariff,,,failed,False,2026-08-21T02:38:06.910707+09:00
Bypass Tax,,,failed,False,2026-08-21T02:15:06.129671+09:00
Bypass Terminal,20.0,0.0,success,False,2026-08-18T22:12:04.159201+09:00
Bypass Ticket,30.0,0.0,success,False,2026-08-19T21:06:42.695560+09:00
Bypass Timeline,,,failed,False,2026-08-19T21:06:00.178861+09:00
Bypass Toll,390.0,3.0,success,False,2026-08-21T02:37:55.962761+09:00
Bypass Toolbox,10.0,0.0,success,False,2026-08-28T00:21:02.971988+09:00
Bypass Toolkit,,,failed,False,2026-08-18T22:05:25.774321+09:00
Bypass Total,,,failed,False,2026-08-27T23:16:11.688627+09:00
Bypass Tracker,,,failed,False,2026-08-18T22:07:12.146632+09:00
Bypass Trail,50.0,1.0,success,False,2026-08-18T23:50:28.917877+09:00
Bypass Trial,20.0,0.0,success,False,2026-08-27T21:18:01.606713+09:00
Bypass Unit,70.0,0.0,success,False,2026-08-21T01:58:55.002196+09:00
Bypass Update,40.0,0.0,success,False,2026-08-19T20:48:23.205403+09:00
Bypass Value,20.0,4.0,success,False,2026-08-23T02:53:36.421361+09:00
Bypass Vault,,,failed,False,2026-08-18T22:08:17.707470+09:00
Bypass Version,,,failed,False,2026-08-23T03:17:34.613762+09:00
Bypass View,170.0,0.0,success,False,2026-08-19T20:47:48.078194+09:00
Bypass Watch,10.0,0.0,success,False,2026-08-18T22:09:21.781956+09:00
Bypass Wave,10.0,0.0,success,False,2026-08-18T22:10:00.373367+09:00
Bypass Widget,,,failed,False,2026-08-27T23:16:11.688627+09:00
Bypass Workbench,,,failed,False,2026-08-18T22:05:17.781482+09:00
Bypass Worksheet,,,failed,False,2026-08-27T22:13:36.218618+09:00
Bypass Workshop,,,failed,False,2026-08-28T00:20:56.154840+09:00
Bypass Zone,110.0,0.0,success,False,2026-08-18T22:12:19.566532+09:00
Cake Advance,20.0,0.0,success,False,2026-08-23T16:12:26.242265+09:00
Cake Advisory,,,failed,False,2026-08-21T00:58:38.777262+09:00
Cake Allowance,,,failed,False,2026-08-21T02:40:41.069615+09:00
Cake Analyzer,,,failed,False,2026-08-27T23:58:00.506831+09:00
Cake Arrears,,,failed,False,2026-08-23T16:12:24.179825+09:00
Cake Assistant,20.0,17.0,success,False,2026-08-19T13:26:15.412219+09:00
Cake Attribute,,,failed,False,2026-08-23T13:09:10.087594+09:00
Cake Balance,40.0,0.0,success,False,2026-08-23T13:48:40.375741+09:00
Cake Bill,210.0,2.0,success,False,2026-08-19T21:53:29.207509+09:00
Cake Bin,140.0,51.0,success,False,2026-08-19T13:32:18.631834+09:00
Cake Board,40500.0,100.0,success,False,2026-08-19T13:42:06.803998+09:00
Cake Book,3600.0,73.0,success,False,2026-08-19T21:54:25.677858+09:00
Cake Brief,,,failed,False,2026-08-21T00:58:30.042414+09:00
Cake Bulletin,,,failed,False,2026-08-21T00:58:25.474774+09:00
Cake Calculator,2400.0,0.0,success,True,2026-08-27T23:35:43.099138+09:00
Cake Calendar,4400.0,46.0,success,False,2026-08-19T13:28:22.445633+09:00
Cake Card,5400.0,100.0,success,False,2026-08-19T13:33:51.668880+09:00
Cake Cash,50.0,17.0,success,False,2026-08-21T02:23:51.443965+09:00
Cake Cashback,20.0,27.0,success,False,2026-08-27T21:15:34.818716+09:00
Cake Catalog,720.0,13.0,success,False,2026-08-19T21:07:38.685875+09:00
Cake Category,210.0,2.0,success,False,2026-08-23T13:09:07.907049+09:00
Cake Center,1900.0,5.0,success,False,2026-08-19T13:21:52.267675+09:00
Cake Charge,50.0,12.0,success,False,2026-08-21T02:40:27.519765+09:00
Cake Checker,140.0,15.0,success,False,2026-08-27T23:57:55.384671+09:00
Cake Checklist,,,failed,False,2026-08-19T21:06:46.189471+09:00
Cake Circular,,,failed,False,2026-08-21T01:00:03.837469+09:00
Cake Code,720.0,3.0,success,False,2026-08-19T21:53:54.593034+09:00
Cake Companion,70.0,0.0,success,False,2026-08-19T13:27:22.269137+09:00
Cake Comparison,10.0,3.0,success,False,2026-08-28T01:08:47.729422+09:00
Cake Confirmation,5400.0,76.0,success,False,2026-08-21T00:58:47.378244+09:00
Cake Console,90.0,29.0,success,False,2026-08-19T13:23:05.373596+09:00
Cake Contribution,10.0,0.0,success,False,2026-08-23T16:12:20.898327+09:00
Cake Cost,18100.0,19.0,success,False,2026-08-21T02:07:07.042559+09:00
Cake Count,50.0,29.0,success,False,2026-08-27T22:48:56.292769+09:00
Cake Counter,1300.0,92.0,success,False,2026-08-19T13:29:19.231161+09:00
Cake Coupon,320.0,14.0,success,False,2026-08-27T21:15:34.818716+09:00
Cake Deal,880.0,53.0,success,False,2026-08-21T01:59:55.077631+09:00
Cake Debt,,,failed,False,2026-08-21T02:23:45.182895+09:00
Cake Desk,70.0,14.0,success,False,2026-08-19T13:36:19.763333+09:00
Cake Detail,140.0,2.0,success,False,2026-08-23T03:21:28.061139+09:00
Cake Diagram,880.0,0.0,success,False,2026-08-27T22:10:16.912585+09:00
Cake Digest,,,failed,False,2026-08-19T20:38:36.542684+09:00
Cake Directory,40.0,4.0,success,False,2026-08-19T13:28:36.830433+09:00
Cake Discount,390.0,100.0,success,False,2026-08-23T16:12:18.349007+09:00
Cake Dossier,,,failed,False,2026-08-21T00:58:52.318728+09:00
Cake Downpayment,,,failed,False,2026-08-27T21:46:47.630562+09:00
Cake Draft,20.0,7.0,success,False,2026-08-19T20:38:57.092601+09:00
Cake Due,,,failed,False,2026-08-23T15:50:35.558538+09:00
Cake Duty,10.0,0.0,success,False,2026-08-21T02:40:30.595557+09:00
Cake Endowment,,,failed,False,2026-08-23T15:50:42.648286+09:00
Cake Engine,20.0,0.0,success,False,2026-08-19T13:26:07.690748+09:00
Cake Entry,10.0,0.0,success,False,2026-08-21T00:59:06.391670+09:00
Cake Estimate,10.0,0.0,success,False,2026-08-19T21:07:29.278050+09:00
Cake Estimator,2400.0,0.0,success,True,2026-08-27T23:57:55.384671+09:00
Cake Excerpt,,,failed,False,2026-08-21T00:59:01.913298+09:00
Cake Extension,30.0,85.0,success,False,2026-08-23T16:38:05.799118+09:00
Cake Fare,10.0,3.0,success,False,2026-08-21T02:07:16.373051+09:00
Cake Fee,170.0,2.0,success,False,2026-08-21T01:59:40.836410+09:00
Cake Feed,590.0,22.0,success,False,2026-08-19T20:38:46.605593+09:00
Cake Field,110.0,50.0,success,False,2026-08-23T13:09:10.087594+09:00
Cake File,260.0,0.0,success,False,2026-08-19T20:38:03.591827+09:00
Cake Fine,260.0,0.0,success,False,2026-08-23T02:55:55.232894+09:00
Cake Flow,70.0,5.0,success,False,2026-08-19T13:35:44.896452+09:00
Cake Format,5400.0,100.0,success,False,2026-08-23T13:09:12.775055+09:00
Cake Fund,1300.0,82.0,success,False,2026-08-21T02:23:48.995246+09:00
Cake Giveaway,50.0,43.0,success,False,2026-08-27T21:15:40.330625+09:00
Cake Grade,,,failed,False,2026-08-21T00:35:16.287713+09:00
Cake Grid,20.0,67.0,success,False,2026-08-19T13:39:49.486851+09:00
Cake Helpdesk,,,failed,False,2026-08-27T22:48:56.292769+09:00
Cake Helper,50.0,7.0,success,False,2026-08-28T00:26:57.692425+09:00
Cake History,3600.0,2.0,success,False,2026-08-19T20:37:57.270685+09:00
Cake Hotline,170.0,0.0,success,False,2026-08-19T21:07:49.558493+09:00
Cake Hub,8100.0,5.0,success,False,2026-08-19T13:35:50.277889+09:00
Cake Identifier,,,failed,False,2026-08-23T13:09:03.594529+09:00
Cake Incentive,,,failed,False,2026-08-27T21:15:37.893274+09:00
Cake Index,30.0,0.0,success,False,2026-08-19T21:06:56.055921+09:00
Cake Installment,,,failed,False,2026-08-23T16:12:20.898327+09:00
Cake Item,1900.0,75.0,success,False,2026-08-21T01:59:47.241476+09:00
Cake Journal,390.0,2.0,success,False,2026-08-19T13:28:06.398636+09:00
Cake Kit,1600.0,99.0,success,False,2026-08-27T22:48:53.744553+09:00
Cake Ledger,10.0,4.0,success,False,2026-08-19T13:41:55.083304+09:00
Cake Level,8100.0,100.0,success,False,2026-08-19T20:38:10.418620+09:00
Cake Link,390.0,12.0,success,False,2026-08-23T03:21:18.514525+09:00
Cake List,1600.0,2.0,success,False,2026-08-19T21:54:03.410939+09:00
Cake Loan,40.0,17.0,success,False,2026-08-21T02:07:24.034599+09:00
Cake Locker,30.0,20.0,success,False,2026-08-19T13:29:35.607135+09:00
Cake Manager,320.0,75.0,success,False,2026-08-19T13:25:55.543115+09:00
Cake Map,880.0,19.0,success,False,2026-08-19T13:40:53.899440+09:00
Cake Margin,40.0,0.0,success,False,2026-08-23T02:55:53.099561+09:00
Cake Markup,,,failed,False,2026-08-23T16:38:03.608262+09:00
Cake Memo,70.0,44.0,success,False,2026-08-21T00:35:19.738516+09:00
Cake Message,1600.0,46.0,success,False,2026-08-27T23:14:33.058842+09:00
Cake Monitor,10.0,0.0,success,False,2026-08-19T13:27:09.579518+09:00
Cake Notification,10.0,0.0,success,False,2026-08-27T22:48:53.744553+09:00
Cake Number,49500.0,55.0,success,False,2026-08-23T03:21:12.022197+09:00
Cake Office,170.0,40.0,success,False,2026-08-19T13:29:02.484553+09:00
Cake Ops,22200.0,33.0,success,False,2026-08-19T13:27:50.683202+09:00
Cake Order,27100.0,100.0,success,False,2026-08-19T21:53:20.741685+09:00
Cake Overdraft,,,failed,False,2026-08-23T15:50:38.471158+09:00
Cake Panel,50.0,12.0,success,False,2026-08-19T13:23:16.958274+09:00
Cake Penalty,,,failed,False,2026-08-23T16:38:01.127600+09:00
Cake Petition,10.0,0.0,success,False,2026-08-21T00:58:42.850183+09:00
Cake Plan,210.0,27.0,success,False,2026-08-21T01:59:53.471915+09:00
Cake Planner,210.0,27.0,success,False,2026-08-19T13:26:40.628357+09:00
Cake Point,8100.0,5.0,success,False,2026-08-19T13:40:29.386715+09:00
Cake Portal,12100.0,2.0,success,False,2026-08-19T13:22:55.768758+09:00
Cake Preview,320.0,6.0,success,False,2026-08-28T01:08:47.729422+09:00
Cake Profit,10.0,0.0,success,False,2026-08-23T02:55:43.726129+09:00
Cake Proposal,210.0,32.0,success,False,2026-08-28T01:08:47.729422+09:00
Cake Queue,40.0,0.0,success,False,2026-08-19T21:07:19.840236+09:00
Cake Rate,1000.0,4.0,success,False,2026-08-19T20:38:18.738836+09:00
Cake Recap,10.0,0.0,success,False,2026-08-21T01:00:06.148655+09:00
Cake Receipt,260.0,36.0,success,False,2026-08-19T21:53:43.821939+09:00
Cake Register,40.0,28.0,success,False,2026-08-19T13:27:40.228305+09:00
Cake Registry,30.0,5.0,success,False,2026-08-19T13:28:12.912105+09:00
Cake Reminder,30.0,0.0,success,False,2026-08-19T21:06:37.485931+09:00
Cake Report,30.0,5.0,success,False,2026-08-19T13:33:22.206561+09:00
Cake Repository,,,failed,False,2026-08-27T23:14:41.720422+09:00
Cake Route,30.0,1.0,success,False,2026-08-19T13:23:44.398972+09:00
Cake Rule,50.0,0.0,success,False,2026-08-23T03:21:22.362914+09:00
Cake Sale,14800.0,7.0,success,False,2026-08-21T02:23:55.522760+09:00
Cake Sample,1600.0,67.0,success,False,2026-08-19T21:54:45.586270+09:00
Cake Scheduler,,,failed,False,2026-08-19T13:27:02.036577+09:00
Cake Scope,,,failed,False,2026-08-19T13:39:22.411617+09:00
Cake Shelf,210.0,100.0,success,False,2026-08-19T13:31:24.471816+09:00
Cake Shortfall,,,failed,False,2026-08-27T21:46:49.880048+09:00
Cake Sketch,2900.0,16.0,success,False,2026-08-27T22:28:53.992967+09:00
Cake Slip,170.0,10.0,success,False,2026-08-19T21:54:37.434657+09:00
Cake Slot,720.0,33.0,success,False,2026-08-19T21:54:56.953854+09:00
Cake Statement,,,failed,False,2026-08-21T00:35:11.745138+09:00
Cake Station,2900.0,2.0,success,False,2026-08-19T13:20:58.742668+09:00
Cake Status,110.0,1.0,success,False,2026-08-19T20:37:42.979136+09:00
Cake Subsidy,,,failed,False,2026-08-23T15:50:40.596656+09:00
Cake Sum,,,failed,False,2026-08-21T02:23:42.049826+09:00
Cake Summary,20.0,0.0,success,False,2026-08-19T21:06:15.149170+09:00
Cake Surtax,,,failed,False,2026-08-23T15:50:44.796371+09:00
Cake Table,9900.0,97.0,success,False,2026-08-19T21:54:16.215789+09:00
Cake Tag,880.0,59.0,success,False,2026-08-19T13:35:09.228952+09:00
Cake Tariff,,,failed,False,2026-08-21T02:40:43.977421+09:00
Cake Tax,90.0,3.0,success,False,2026-08-21T02:07:20.173569+09:00
Cake Ticket,1000.0,19.0,success,False,2026-08-19T21:07:06.926428+09:00
Cake Timeline,50.0,1.0,success,False,2026-08-19T21:06:27.741536+09:00
Cake Toll,40.0,48.0,success,False,2026-08-21T02:40:33.895660+09:00
Cake Toolbox,260.0,29.0,success,False,2026-08-28T00:26:57.692425+09:00
Cake Total,10.0,7.0,success,False,2026-08-27T23:14:33.058842+09:00
Cake Tracker,90.0,11.0,success,False,2026-08-19T13:35:23.963790+09:00
Cake Trend,6600.0,45.0,success,False,2026-08-28T01:08:42.554310+09:00
Cake Trial,590.0,1.0,success,False,2026-08-27T21:15:37.893274+09:00
Cake Unit,40.0,87.0,success,False,2026-08-21T01:59:50.051478+09:00
Cake Update,20.0,0.0,success,False,2026-08-19T20:38:26.547735+09:00
Cake Value,70.0,0.0,success,False,2026-08-23T02:55:47.607915+09:00
Cake Version,110.0,0.0,success,False,2026-08-23T03:21:14.808090+09:00
Cake View,480.0,4.0,success,False,2026-08-19T20:37:49.991412+09:00
Cake Voucher,170.0,99.0,success,False,2026-08-21T00:35:03.505181+09:00
Cake Watch,90.0,28.0,success,False,2026-08-19T13:39:01.193066+09:00
Cake Widget,,,failed,False,2026-08-27T23:14:37.141829+09:00
Cake Worksheet,170.0,0.0,success,False,2026-08-27T22:10:10.749365+09:00
Cake Workshop,1600.0,19.0,success,False,2026-08-28T00:26:57.692425+09:00
Cake Zone,40500.0,12.0,success,False,2026-08-19T13:22:04.691766+09:00
Calibration Advance,,,failed,False,2026-08-23T16:12:41.676987+09:00
Calibration Advisory,,,failed,False,2026-08-21T01:02:29.218317+09:00
Calibration Allowance,,,failed,False,2026-08-21T02:43:16.744782+09:00
Calibration Almanac,,,failed,False,2026-08-18T22:10:16.418477+09:00
Calibration Analyzer,50.0,42.0,success,False,2026-08-27T23:57:16.212473+09:00
Calibration Anchor,,,failed,False,2026-08-18T07:52:10.902319+09:00
Calibration Arrears,,,failed,False,2026-08-23T16:12:41.676987+09:00
Calibration Asset,,,failed,False,2026-08-23T13:45:43.063828+09:00
Calibration Assistant,20.0,0.0,success,False,2026-08-17T22:50:34.703098+09:00
Calibration Atlas,,,failed,False,2026-08-17T21:30:13.279777+09:00
Calibration Badge,,,failed,False,2026-08-21T00:25:38.806657+09:00
Calibration Balance,720.0,21.0,success,False,2026-08-23T13:45:39.021067+09:00
Calibration Base,30.0,9.0,success,False,2026-08-17T20:45:14.001779+09:00
Calibration Beacon,,,failed,False,2026-08-17T20:34:55.202462+09:00
Calibration Bill,,,failed,False,2026-08-19T22:01:42.804571+09:00
Calibration Blueprint,10.0,0.0,success,False,2026-08-18T22:10:10.353821+09:00
Calibration Board,9900.0,2.0,success,False,2026-08-17T20:42:22.378966+09:00
Calibration Book,70.0,5.0,success,False,2026-08-19T22:02:31.549197+09:00
Calibration Bridge,,,failed,False,2026-08-17T20:31:55.017364+09:00
Calibration Brief,,,failed,False,2026-08-21T01:00:48.316316+09:00
Calibration Bulletin,,,failed,False,2026-08-21T01:00:42.748785+09:00
Calibration Calculator,90.0,1.0,success,False,2026-08-27T23:35:13.146180+09:00
Calibration Calendar,10.0,4.0,success,False,2026-08-19T00:04:20.197700+09:00
Calibration Card,320.0,39.0,success,False,2026-08-19T13:38:21.044998+09:00
Calibration Cascade,,,failed,False,2026-08-17T20:33:01.756540+09:00
Calibration Cash,,,failed,False,2026-08-21T02:27:08.024014+09:00
Calibration Catalog,,,failed,False,2026-08-19T21:16:09.798326+09:00
Calibration Category,,,failed,False,2026-08-23T13:10:01.579263+09:00
Calibration Center,390.0,7.0,success,False,2026-08-17T20:37:19.032635+09:00
Calibration Chain,70.0,27.0,success,False,2026-08-17T21:35:41.309233+09:00
Calibration Charge,480.0,0.0,success,False,2026-08-21T02:43:07.410836+09:00
Calibration Check,210.0,10.0,success,False,2026-08-19T13:38:58.073256+09:00
Calibration Checker,210.0,10.0,success,False,2026-08-27T23:57:10.397260+09:00
Calibration Checklist,40.0,2.0,success,False,2026-08-19T21:15:17.337039+09:00
Calibration Circular,,,failed,False,2026-08-21T01:02:27.136036+09:00
Calibration Cockpit,,,failed,False,2026-08-17T23:24:36.078713+09:00
Calibration Code,590.0,0.0,success,False,2026-08-19T22:01:59.739197+09:00
Calibration Codex,,,failed,False,2026-08-18T22:10:32.480742+09:00
Calibration Companion,,,failed,False,2026-08-17T23:14:01.287138+09:00
Calibration Comparison,,,failed,False,2026-08-28T01:08:04.607830+09:00
Calibration Compass,1300.0,2.0,success,False,2026-08-17T20:35:52.510868+09:00
Calibration Compendium,,,failed,False,2026-08-18T22:10:25.741480+09:00
Calibration Confirmation,,,failed,False,2026-08-21T01:01:03.307399+09:00
Calibration Console,,,failed,False,2026-08-17T20:34:31.529799+09:00
Calibration Contribution,,,failed,False,2026-08-23T16:12:37.758659+09:00
Calibration Converter,210.0,1.0,success,False,2026-08-27T23:35:16.240815+09:00
Calibration Core,,,failed,False,2026-08-17T20:44:14.789024+09:00
Calibration Cost,70.0,7.0,success,False,2026-08-21T02:10:49.609792+09:00
Calibration Count,,,failed,False,2026-08-27T22:48:41.593169+09:00
Calibration Counter,,,failed,False,2026-08-19T00:05:01.988375+09:00
Calibration Dashboard,40.0,2.0,success,False,2026-08-17T23:06:59.361333+09:00
Calibration Deal,,,failed,False,2026-08-21T01:54:29.413822+09:00
Calibration Debt,,,failed,False,2026-08-21T02:26:59.463760+09:00
Calibration Deck,,,failed,False,2026-08-17T20:41:41.231730+09:00
Calibration Depot,,,failed,False,2026-08-19T00:04:47.180412+09:00
Calibration Desk,10.0,7.0,success,False,2026-08-17T20:39:36.069990+09:00
Calibration Detail,,,failed,False,2026-08-23T03:23:37.132752+09:00
Calibration Detector,,,failed,False,2026-08-27T23:57:12.985174+09:00
Calibration Diagram,140.0,0.0,success,False,2026-08-27T22:10:16.912585+09:00
Calibration Dial,70.0,26.0,success,False,2026-08-17T20:32:30.733040+09:00
Calibration Digest,,,failed,False,2026-08-19T20:41:06.982103+09:00
Calibration Directory,,,failed,False,2026-08-19T00:04:30.591993+09:00
Calibration Discount,,,failed,False,2026-08-23T16:12:32.773263+09:00
Calibration Dock,10.0,,success,False,2026-08-17T21:39:13.221117+09:00
Calibration Dossier,,,failed,False,2026-08-21T01:01:07.549578+09:00
Calibration Downpayment,,,failed,False,2026-08-27T21:46:49.880048+09:00
Calibration Draft,,,failed,False,2026-08-19T20:41:22.304179+09:00
Calibration Due,170.0,1.0,success,False,2026-08-23T15:50:54.236884+09:00
Calibration Duty,,,failed,False,2026-08-21T02:43:10.515094+09:00
Calibration Engine,210.0,3.0,success,False,2026-08-17T23:33:38.106132+09:00
Calibration Entry,,,failed,False,2026-08-21T01:01:15.556861+09:00
Calibration Estimate,,,failed,False,2026-08-19T21:16:00.282567+09:00
Calibration Estimator,,,failed,False,2026-08-27T23:57:10.397260+09:00
Calibration Extension,,,failed,False,2026-08-23T16:38:14.137829+09:00
Calibration Fare,,,failed,False,2026-08-21T02:10:55.409815+09:00
Calibration Fee,90.0,1.0,success,False,2026-08-21T01:54:08.146374+09:00
Calibration Feed,,,failed,False,2026-08-19T20:41:16.586784+09:00
Calibration File,140.0,3.0,success,False,2026-08-19T20:40:28.949050+09:00
Calibration Finder,,,failed,False,2026-08-19T00:04:39.958803+09:00
Calibration Fine,,,failed,False,2026-08-23T02:57:40.926366+09:00
Calibration Flag,,,failed,False,2026-08-21T00:26:21.311990+09:00
Calibration Flow,720.0,13.0,success,False,2026-08-17T20:42:02.791525+09:00
Calibration Forge,,,failed,False,2026-08-17T20:34:03.344800+09:00
Calibration Form,210.0,1.0,success,False,2026-08-19T13:38:06.946096+09:00
Calibration Frame,40.0,29.0,success,False,2026-08-17T20:46:01.536512+09:00
Calibration Fund,,,failed,False,2026-08-21T02:27:05.386441+09:00
Calibration Gate,,,failed,False,2026-08-17T21:32:31.405261+09:00
Calibration Grade,,,failed,False,2026-08-21T00:26:05.533599+09:00
Calibration Graph,14800.0,0.0,success,True,2026-08-27T22:10:01.202227+09:00
Calibration Grid,210.0,8.0,success,False,2026-08-17T21:36:12.498401+09:00
Calibration Guarantee,,,failed,False,2026-08-28T01:08:07.317285+09:00
Calibration Guard,10.0,0.0,success,False,2026-08-17T20:44:33.462366+09:00
Calibration Guardian,,,failed,False,2026-08-28T00:26:22.903465+09:00
Calibration Guidebook,,,failed,False,2026-08-18T22:09:54.168922+09:00
Calibration Helpdesk,,,failed,False,2026-08-27T22:48:41.593169+09:00
Calibration Helper,,,failed,False,2026-08-28T00:26:26.682078+09:00
Calibration History,20.0,0.0,success,False,2026-08-19T20:40:20.062336+09:00
Calibration Hotline,,,failed,False,2026-08-19T21:16:21.953049+09:00
Calibration Hub,30.0,7.0,success,False,2026-08-17T20:41:13.511022+09:00
Calibration Identifier,,,failed,False,2026-08-23T13:10:01.579263+09:00
Calibration Index,10.0,0.0,success,False,2026-08-19T21:15:27.386619+09:00
Calibration Insight,,,failed,False,2026-08-17T23:24:12.955458+09:00
Calibration Installment,,,failed,False,2026-08-23T16:12:35.033809+09:00
Calibration Item,,,failed,False,2026-08-21T01:54:15.077260+09:00
Calibration Journal,10.0,0.0,success,False,2026-08-18T22:09:37.820706+09:00
Calibration Keeper,,,failed,False,2026-08-17T20:46:29.220439+09:00
Calibration Kit,590.0,35.0,success,False,2026-08-27T22:48:34.491281+09:00
Calibration Lab,2900.0,19.0,success,False,2026-08-17T20:40:05.754832+09:00
Calibration Label,720.0,90.0,success,False,2026-08-27T22:10:01.202227+09:00
Calibration Ledger,,,failed,False,2026-08-17T20:43:18.551816+09:00
Calibration Lens,320.0,15.0,success,False,2026-08-17T20:47:09.255931+09:00
Calibration Level,320.0,46.0,success,False,2026-08-19T20:40:37.869711+09:00
Calibration Link,,,failed,False,2026-08-23T03:23:31.641874+09:00
Calibration List,50.0,0.0,success,False,2026-08-19T22:02:12.630536+09:00
Calibration Loan,,,failed,False,2026-08-21T02:11:01.471090+09:00
Calibration Locator,,,failed,False,2026-08-19T00:04:35.680723+09:00
Calibration Lock,,,failed,False,2026-08-17T21:30:45.538595+09:00
Calibration Log,210.0,1.0,success,False,2026-08-19T13:37:50.110679+09:00
Calibration Loop,320.0,9.0,success,False,2026-08-17T21:37:10.762781+09:00
Calibration Manager,110.0,3.0,success,False,2026-08-17T20:45:35.834234+09:00
Calibration Manual,260.0,1.0,success,False,2026-08-27T22:10:10.749365+09:00
Calibration Map,390.0,0.0,success,False,2026-08-17T20:48:29.594833+09:00
Calibration Margin,,,failed,False,2026-08-23T02:57:38.722026+09:00
Calibration Marker,140.0,3.0,success,False,2026-08-23T13:26:19.905298+09:00
Calibration Markup,,,failed,False,2026-08-23T16:38:11.972867+09:00
Calibration Memo,,,failed,False,2026-08-21T00:26:10.737162+09:00
Calibration Message,,,failed,False,2026-08-27T23:14:03.822687+09:00
Calibration Meter,1000.0,28.0,success,False,2026-08-18T07:52:40.105947+09:00
Calibration Metrics,70.0,0.0,success,False,2026-08-17T23:12:18.901964+09:00
Calibration Monitor,9900.0,28.0,success,False,2026-08-17T23:05:09.501218+09:00
Calibration Navigator,,,failed,False,2026-08-17T23:24:56.223636+09:00
Calibration Nexus,,,failed,False,2026-08-17T21:31:19.415531+09:00
Calibration Node,,,failed,False,2026-08-17T21:33:30.231055+09:00
Calibration Note,,,failed,False,2026-08-19T13:39:34.156572+09:00
Calibration Notification,,,failed,False,2026-08-27T22:48:34.491281+09:00
Calibration Number,30.0,3.0,success,False,2026-08-23T03:23:25.330676+09:00
Calibration Office,20.0,9.0,success,False,2026-08-19T00:04:54.234777+09:00
Calibration Ops,,,failed,False,2026-08-17T23:08:46.290392+09:00
Calibration Order,10.0,0.0,success,False,2026-08-19T22:01:31.900197+09:00
Calibration Organizer,,,failed,False,2026-08-17T23:23:55.589084+09:00
Calibration Overage,,,failed,False,2026-08-27T21:46:47.630562+09:00
Calibration Overdue,20.0,0.0,success,False,2026-08-27T21:46:44.901733+09:00
Calibration Panel,210.0,1.0,success,False,2026-08-17T20:33:36.115262+09:00
Calibration Pass,,,failed,False,2026-08-21T00:25:24.031302+09:00
Calibration Path,,,failed,False,2026-08-17T21:33:05.832312+09:00
Calibration Penalty,,,failed,False,2026-08-23T16:38:09.315163+09:00
Calibration Petition,,,failed,False,2026-08-21T01:00:58.878918+09:00
Calibration Pilot,,,failed,False,2026-08-17T20:40:29.235539+09:00
Calibration Plan,170.0,3.0,success,False,2026-08-21T01:54:25.472983+09:00
Calibration Planner,10.0,0.0,success,False,2026-08-17T23:23:36.709980+09:00
Calibration Playbook,,,failed,False,2026-08-18T22:09:30.106481+09:00
Calibration Point,170.0,2.0,success,False,2026-08-17T21:31:54.606698+09:00
Calibration Portal,,,failed,False,2026-08-17T20:35:22.813816+09:00
Calibration Profile,320.0,9.0,success,False,2026-08-19T13:39:57.462867+09:00
Calibration Profit,,,failed,False,2026-08-23T02:57:32.152196+09:00
Calibration Proposal,,,failed,False,2026-08-28T01:08:04.607830+09:00
Calibration Pulse,,,failed,False,2026-08-17T21:35:08.893531+09:00
Calibration Queue,,,failed,False,2026-08-19T21:15:49.735937+09:00
Calibration Quota,,,failed,False,2026-08-21T00:26:15.934316+09:00
Calibration Radar,590.0,35.0,success,False,2026-08-17T20:38:40.859557+09:00
Calibration Rail,,,failed,False,2026-08-17T21:37:49.733247+09:00
Calibration Rate,20.0,2.0,success,False,2026-08-19T20:40:42.900088+09:00
Calibration Recap,,,failed,False,2026-08-21T01:01:11.672775+09:00
Calibration Receipt,,,failed,False,2026-08-19T22:01:51.400634+09:00
Calibration Recorder,,,failed,False,2026-08-27T23:35:20.435817+09:00
Calibration Register,110.0,4.0,success,False,2026-08-17T23:25:26.285868+09:00
Calibration Registry,,,failed,False,2026-08-18T22:10:02.231985+09:00
Calibration Relay,110.0,12.0,success,False,2026-08-17T20:37:51.221015+09:00
Calibration Reminder,,,failed,False,2026-08-19T21:15:04.533430+09:00
Calibration Report,720.0,1.0,success,False,2026-08-19T13:37:44.092675+09:00
Calibration Repository,,,failed,False,2026-08-27T23:14:12.324093+09:00
Calibration Result,70.0,1.0,success,False,2026-08-28T00:48:18.570201+09:00
Calibration Roadmap,,,failed,False,2026-08-18T22:10:41.322709+09:00
Calibration Roster,,,failed,False,2026-08-19T00:38:30.061657+09:00
Calibration Route,,,failed,False,2026-08-17T21:41:19.053416+09:00
Calibration Rule,30.0,58.0,success,False,2026-08-23T03:23:34.197835+09:00
Calibration Sale,,,failed,False,2026-08-21T02:27:13.658425+09:00
Calibration Sample,50.0,1.0,success,False,2026-08-19T22:02:52.701278+09:00
Calibration Scale,5400.0,64.0,success,False,2026-08-18T07:52:49.362329+09:00
Calibration Scanner,170.0,12.0,success,False,2026-08-27T23:57:12.985174+09:00
Calibration Scheduler,,,failed,False,2026-08-17T23:10:43.579186+09:00
Calibration Scope,140.0,4.0,success,False,2026-08-17T21:38:24.477715+09:00
Calibration Score,40.0,0.0,success,False,2026-08-19T13:39:18.013288+09:00
Calibration Sentry,,,failed,False,2026-08-17T20:47:50.375793+09:00
Calibration Sheet,390.0,2.0,success,False,2026-08-19T13:38:33.395376+09:00
Calibration Shortfall,,,failed,False,2026-08-27T21:46:52.310844+09:00
Calibration Signal,30.0,0.0,success,False,2026-08-17T21:41:49.444267+09:00
Calibration Signature,,,failed,False,2026-08-23T13:26:17.496993+09:00
Calibration Slip,,,failed,False,2026-08-19T22:02:44.580219+09:00
Calibration Slot,,,failed,False,2026-08-19T22:03:03.584652+09:00
Calibration Snapshot,,,failed,False,2026-08-18T22:09:44.783040+09:00
Calibration Stage,30.0,0.0,success,False,2026-08-28T00:48:15.950901+09:00
Calibration Stake,,,failed,False,2026-08-23T02:57:36.512424+09:00
Calibration Stamp,30.0,29.0,success,False,2026-08-23T13:26:22.288872+09:00
Calibration Statement,,,failed,False,2026-08-21T00:25:52.909138+09:00
Calibration Station,170.0,16.0,success,False,2026-08-17T20:39:12.627798+09:00
Calibration Status,320.0,0.0,success,False,2026-08-19T20:40:02.454787+09:00
Calibration Stub,,,failed,False,2026-08-21T00:25:45.592013+09:00
Calibration Studio,170.0,5.0,success,False,2026-08-17T20:40:51.053535+09:00
Calibration Subsidy,,,failed,False,2026-08-23T15:50:57.538266+09:00
Calibration Suite,,,failed,False,2026-08-17T23:09:05.527725+09:00
Calibration Sum,,,failed,False,2026-08-21T02:26:56.391999+09:00
Calibration Summary,,,failed,False,2026-08-19T21:14:40.806707+09:00
Calibration Surtax,,,failed,False,2026-08-23T15:50:59.628265+09:00
Calibration Sync,,,failed,False,2026-08-17T20:42:50.595044+09:00
Calibration Table,260.0,3.0,success,False,2026-08-19T22:02:22.489790+09:00
Calibration Tag,170.0,80.0,success,False,2026-08-19T13:39:43.638809+09:00
Calibration Tally,,,failed,False,2026-08-21T00:26:00.566845+09:00
Calibration Tariff,,,failed,False,2026-08-21T02:43:19.046773+09:00
Calibration Tax,,,failed,False,2026-08-21T02:10:58.400903+09:00
Calibration Ticket,10.0,0.0,success,False,2026-08-19T21:15:38.736251+09:00
Calibration Tier,,,failed,False,2026-08-28T00:48:18.570201+09:00
Calibration Timeline,,,failed,False,2026-08-19T21:14:51.947092+09:00
Calibration Timer,320.0,69.0,success,False,2026-08-28T00:26:20.204001+09:00
Calibration Toll,,,failed,False,2026-08-21T02:43:14.426169+09:00
Calibration Toolbox,10.0,0.0,success,False,2026-08-28T00:26:26.682078+09:00
Calibration Toolkit,10.0,13.0,success,False,2026-08-18T22:09:21.781956+09:00
Calibration Total,,,failed,False,2026-08-27T23:14:03.822687+09:00
Calibration Tracker,40.0,16.0,success,False,2026-08-17T20:43:48.259554+09:00
Calibration Trail,,,failed,False,2026-08-17T21:36:40.900045+09:00
Calibration Trend,,,failed,False,2026-08-28T01:08:02.108620+09:00
Calibration Trial,,,failed,False,2026-08-27T21:15:40.330625+09:00
Calibration Unit,110.0,13.0,success,False,2026-08-21T01:54:19.939449+09:00
Calibration Update,20.0,0.0,success,False,2026-08-19T20:40:53.028403+09:00
Calibration Value,210.0,0.0,success,False,2026-08-23T02:57:34.451765+09:00
Calibration Vault,,,failed,False,2026-08-17T20:36:55.192509+09:00
Calibration Version,,,failed,False,2026-08-23T03:23:29.114948+09:00
Calibration View,,,failed,False,2026-08-19T20:40:13.253783+09:00
Calibration Voucher,,,failed,False,2026-08-21T00:25:32.620138+09:00
Calibration Watch,10.0,0.0,success,False,2026-08-17T21:40:37.066671+09:00
Calibration Wave,,,failed,False,2026-08-17T21:34:03.414909+09:00
Calibration Widget,,,failed,False,2026-08-27T23:14:08.485077+09:00
Calibration Workbench,10.0,71.0,success,False,2026-08-18T22:09:13.055997+09:00
Calibration Worksheet,20.0,0.0,success,False,2026-08-27T22:10:10.749365+09:00
Calibration Workshop,30.0,4.0,success,False,2026-08-28T00:26:20.204001+09:00
Calibration Zone,,,failed,False,2026-08-17T20:36:20.228244+09:00
Callback Advisory,,,failed,False,2026-08-21T01:07:54.087465+09:00
Callback Allowance,,,failed,False,2026-08-21T02:39:27.182357+09:00
Callback Almanac,,,failed,False,2026-08-18T23:50:28.917877+09:00
Callback Analyzer,,,failed,False,2026-08-27T23:54:40.654466+09:00
Callback Anchor,,,failed,False,2026-08-17T20:39:13.606540+09:00
Callback Assistant,90.0,2.0,success,False,2026-08-17T23:26:50.492047+09:00
Callback Atlas,,,failed,False,2026-08-17T21:40:41.309160+09:00
Callback Attribute,,,failed,False,2026-08-23T13:07:51.086484+09:00
Callback Badge,,,failed,False,2026-08-21T00:33:14.863078+09:00
Callback Base,,,failed,False,2026-08-17T21:35:44.584576+09:00
Callback Beacon,,,failed,False,2026-08-17T20:42:24.319818+09:00
Callback Bill,,,failed,False,2026-08-19T21:50:54.613076+09:00
Callback Blueprint,,,failed,False,2026-08-18T23:50:28.917877+09:00
Callback Board,,,failed,False,2026-08-17T21:32:33.876836+09:00
Callback Book,40.0,1.0,success,False,2026-08-19T21:51:50.352396+09:00
Callback Bridge,,,failed,False,2026-08-17T20:40:08.225876+09:00
Callback Brief,,,failed,False,2026-08-21T01:07:45.419245+09:00
Callback Bulletin,,,failed,False,2026-08-21T01:07:43.373010+09:00
Callback Calculator,,,failed,False,2026-08-27T23:33:49.410538+09:00
Callback Calendar,,,failed,False,2026-08-19T00:05:31.654702+09:00
Callback Card,20.0,0.0,success,False,2026-08-19T13:27:09.579518+09:00
Callback Cascade,,,failed,False,2026-08-17T20:40:52.985789+09:00
Callback Cash,,,failed,False,2026-08-21T02:22:54.942838+09:00
Callback Catalog,,,failed,False,2026-08-19T21:04:47.167430+09:00
Callback Category,,,failed,False,2026-08-23T13:07:51.086484+09:00
Callback Center,,,failed,False,2026-08-17T20:44:37.629482+09:00
Callback Chain,,,failed,False,2026-08-17T20:34:08.377719+09:00
Callback Charge,,,failed,False,2026-08-21T02:39:12.661070+09:00
Callback Check,20.0,14.0,success,False,2026-08-19T13:27:40.228305+09:00
Callback Checker,,,failed,False,2026-08-27T23:54:32.984482+09:00
Callback Checklist,,,failed,False,2026-08-19T21:03:38.962662+09:00
Callback Circular,,,failed,False,2026-08-21T01:07:49.697646+09:00
Callback Cockpit,,,failed,False,2026-08-17T23:15:16.385703+09:00
Callback Code,70.0,1.0,success,False,2026-08-19T21:51:16.066048+09:00
Callback Codex,,,failed,False,2026-08-18T22:02:33.707465+09:00
Callback Companion,,,failed,False,2026-08-17T23:28:01.386512+09:00
Callback Comparison,,,failed,False,2026-08-28T01:05:36.598647+09:00
Callback Compass,,,failed,False,2026-08-17T20:43:25.230587+09:00
Callback Compendium,,,failed,False,2026-08-18T23:50:28.917877+09:00
Callback Confirmation,10.0,1.0,success,False,2026-08-21T01:08:00.929637+09:00
Callback Console,,,failed,False,2026-08-17T20:42:04.175878+09:00
Callback Core,,,failed,False,2026-08-17T21:34:39.149688+09:00
Callback Cost,10.0,,success,False,2026-08-21T02:06:22.333595+09:00
Callback Count,,,failed,False,2026-08-27T22:46:23.139331+09:00
Callback Counter,,,failed,False,2026-08-18T23:57:58.396596+09:00
Callback Dashboard,,,failed,False,2026-08-17T23:27:48.723968+09:00
Callback Deal,,,failed,False,2026-08-21T01:59:40.836410+09:00
Callback Debt,,,failed,False,2026-08-21T02:22:45.760304+09:00
Callback Deck,,,failed,False,2026-08-17T21:31:23.168898+09:00
Callback Depot,,,failed,False,2026-08-18T23:57:37.423450+09:00
Callback Desk,,,failed,False,2026-08-17T20:47:16.621554+09:00
Callback Detail,,,failed,False,2026-08-23T03:19:49.312069+09:00
Callback Detector,,,failed,False,2026-08-27T23:54:40.654466+09:00
Callback Dial,,,failed,False,2026-08-17T20:40:32.567080+09:00
Callback Digest,,,failed,False,2026-08-19T20:46:47.302188+09:00
Callback Directory,,,failed,False,2026-08-18T23:57:02.622913+09:00
Callback Dock,,,failed,False,2026-08-17T20:36:56.303275+09:00
Callback Dossier,,,failed,False,2026-08-21T01:08:04.647718+09:00
Callback Draft,,,failed,False,2026-08-19T20:46:58.036522+09:00
Callback Due,,,failed,False,2026-08-23T15:52:50.933121+09:00
Callback Duty,,,failed,False,2026-08-21T02:39:20.009212+09:00
Callback Engine,,,failed,False,2026-08-17T23:12:02.312580+09:00
Callback Entry,,,failed,False,2026-08-21T01:08:15.676788+09:00
Callback Estimate,,,failed,False,2026-08-19T21:04:33.210036+09:00
Callback Estimator,,,failed,False,2026-08-27T23:54:32.984482+09:00
Callback Excerpt,,,failed,False,2026-08-21T01:08:12.622841+09:00
Callback Fare,,,failed,False,2026-08-21T02:06:32.230213+09:00
Callback Fee,,,failed,False,2026-08-21T02:05:44.847740+09:00
Callback Feed,,,failed,False,2026-08-19T20:46:51.690221+09:00
Callback File,,,failed,False,2026-08-19T20:46:24.803660+09:00
Callback Finder,,,failed,False,2026-08-18T23:57:28.259874+09:00
Callback Fine,,,failed,False,2026-08-23T02:54:50.074152+09:00
Callback Flag,,,failed,False,2026-08-21T00:33:55.661658+09:00
Callback Flow,40.0,0.0,success,False,2026-08-17T21:31:56.784481+09:00
Callback Forge,,,failed,False,2026-08-17T20:41:42.376478+09:00
Callback Form,90.0,5.0,success,False,2026-08-19T13:27:02.036577+09:00
Callback Format,,,failed,False,2026-08-23T13:07:55.793530+09:00
Callback Frame,,,failed,False,2026-08-17T21:36:43.981322+09:00
Callback Fund,,,failed,False,2026-08-21T02:22:48.105050+09:00
Callback Gate,,,failed,False,2026-08-18T07:43:44.841764+09:00
Callback Grade,,,failed,False,2026-08-21T00:33:39.786796+09:00
Callback Graph,,,failed,False,2026-08-27T22:07:19.639710+09:00
Callback Grid,,,failed,False,2026-08-17T20:34:34.179062+09:00
Callback Guarantee,,,failed,False,2026-08-28T01:05:44.373460+09:00
Callback Guard,,,failed,False,2026-08-17T21:35:11.471835+09:00
Callback Guardian,,,failed,False,2026-08-28T00:24:29.963051+09:00
Callback Guidebook,,,failed,False,2026-08-18T23:50:28.917877+09:00
Callback Helpdesk,10.0,,success,False,2026-08-27T22:46:27.298392+09:00
Callback Helper,10.0,,success,False,2026-08-28T00:24:36.830973+09:00
Callback History,,,failed,False,2026-08-19T20:46:20.200545+09:00
Callback Hotline,,,failed,False,2026-08-19T21:04:59.839669+09:00
Callback Hub,,,failed,False,2026-08-17T21:30:47.592348+09:00
Callback Identifier,,,failed,False,2026-08-23T13:07:48.964667+09:00
Callback Inbox,,,failed,False,2026-08-19T12:26:41.238307+09:00
Callback Index,,,failed,False,2026-08-19T21:03:53.179213+09:00
Callback Insight,,,failed,False,2026-08-17T23:08:25.865498+09:00
Callback Item,,,failed,False,2026-08-21T01:59:29.977509+09:00
Callback Journal,,,failed,False,2026-08-18T23:50:28.917877+09:00
Callback Keeper,,,failed,False,2026-08-17T21:37:21.496927+09:00
Callback Lab,,,failed,False,2026-08-17T20:47:58.336807+09:00
Callback Label,,,failed,False,2026-08-27T22:07:22.262130+09:00
Callback Ledger,,,failed,False,2026-08-17T21:33:36.085901+09:00
Callback Lens,,,failed,False,2026-08-17T21:37:55.576177+09:00
Callback Level,,,failed,False,2026-08-19T20:46:30.162701+09:00
Callback Link,20.0,2.0,success,False,2026-08-23T03:19:40.807348+09:00
Callback List,140.0,0.0,success,False,2026-08-19T21:51:25.452105+09:00
Callback Loan,,,failed,False,2026-08-21T02:06:44.237427+09:00
Callback Locator,,,failed,False,2026-08-18T23:57:15.984121+09:00
Callback Lock,,,failed,False,2026-08-17T21:41:22.072079+09:00
Callback Log,10.0,0.0,success,False,2026-08-19T13:26:40.628357+09:00
Callback Loop,20.0,0.0,success,False,2026-08-17T20:35:28.436030+09:00
Callback Manager,20.0,0.0,success,False,2026-08-17T21:36:20.278504+09:00
Callback Manual,,,failed,False,2026-08-27T22:07:27.719925+09:00
Callback Map,,,failed,False,2026-08-17T21:39:19.495692+09:00
Callback Margin,,,failed,False,2026-08-23T02:54:48.016404+09:00
Callback Markup,,,failed,False,2026-08-23T16:40:23.481453+09:00
Callback Memo,,,failed,False,2026-08-21T00:33:46.093002+09:00
Callback Message,30.0,0.0,success,False,2026-08-27T23:11:47.149537+09:00
Callback Meter,,,failed,False,2026-08-17T20:39:41.640400+09:00
Callback Metrics,,,failed,False,2026-08-17T23:27:34.340862+09:00
Callback Monitor,,,failed,False,2026-08-17T23:27:19.198277+09:00
Callback Navigator,,,failed,False,2026-08-17T23:10:08.054607+09:00
Callback Nexus,,,failed,False,2026-08-17T21:41:53.145173+09:00
Callback Node,320.0,0.0,success,False,2026-08-17T20:31:58.373055+09:00
Callback Note,,,failed,False,2026-08-19T13:27:59.144364+09:00
Callback Notification,10.0,1.0,success,False,2026-08-27T22:46:12.811571+09:00
Callback Number,390.0,0.0,success,False,2026-08-23T03:19:32.678416+09:00
Callback Office,,,failed,False,2026-08-18T23:57:46.664132+09:00
Callback Ops,,,failed,False,2026-08-17T23:28:13.719643+09:00
Callback Order,,,failed,False,2026-08-19T21:50:44.390054+09:00
Callback Organizer,,,failed,False,2026-08-17T23:13:41.173741+09:00
Callback Overdue,,,failed,False,2026-08-27T21:46:03.878331+09:00
Callback Panel,10.0,,success,False,2026-08-17T20:41:16.510977+09:00
Callback Path,,,failed,False,2026-08-18T07:52:41.803734+09:00
Callback Penalty,,,failed,False,2026-08-23T16:40:21.439904+09:00
Callback Petition,,,failed,False,2026-08-21T01:07:56.327187+09:00
Callback Pilot,,,failed,False,2026-08-17T20:48:31.729678+09:00
Callback Plan,,,failed,False,2026-08-21T01:59:37.170622+09:00
Callback Planner,,,failed,False,2026-08-17T23:06:41.076830+09:00
Callback Playbook,,,failed,False,2026-08-18T23:50:28.917877+09:00
Callback Point,,,failed,False,2026-08-18T07:52:53.130004+09:00
Callback Portal,,,failed,False,2026-08-17T20:42:52.966707+09:00
Callback Preview,,,failed,False,2026-08-28T01:05:40.494261+09:00
Callback Profile,,,failed,False,2026-08-19T13:28:12.912105+09:00
Callback Proposal,,,failed,False,2026-08-28T01:05:40.494261+09:00
Callback Pulse,,,failed,False,2026-08-17T20:33:41.175079+09:00
Callback Queue,260.0,1.0,success,False,2026-08-19T21:04:19.743151+09:00
Callback Quota,,,failed,False,2026-08-21T00:33:50.963808+09:00
Callback Radar,,,failed,False,2026-08-17T20:46:03.469899+09:00
Callback Rail,,,failed,False,2026-08-17T20:35:59.491401+09:00
Callback Rate,50.0,0.0,success,False,2026-08-19T20:46:36.801455+09:00
Callback Recap,,,failed,False,2026-08-21T01:08:07.982267+09:00
Callback Receipt,,,failed,False,2026-08-19T21:51:07.578329+09:00
Callback Recorder,,,failed,False,2026-08-27T23:33:53.153275+09:00
Callback Register,110.0,1.0,success,False,2026-08-17T23:04:27.580981+09:00
Callback Registry,,,failed,False,2026-08-18T23:50:28.917877+09:00
Callback Relay,,,failed,False,2026-08-17T20:45:15.345040+09:00
Callback Reminder,40.0,1.0,success,False,2026-08-19T21:03:23.930623+09:00
Callback Report,,,failed,False,2026-08-19T13:26:15.412219+09:00
Callback Repository,,,failed,False,2026-08-27T23:11:52.510647+09:00
Callback Result,10.0,0.0,success,False,2026-08-28T00:47:30.269850+09:00
Callback Roadmap,,,failed,False,2026-08-18T22:02:44.404885+09:00
Callback Roster,,,failed,False,2026-08-19T00:36:48.669353+09:00
Callback Route,,,failed,False,2026-08-17T20:37:57.626492+09:00
Callback Rule,,,failed,False,2026-08-23T03:19:44.954715+09:00
Callback Sale,,,failed,False,2026-08-21T02:22:58.653942+09:00
Callback Sample,,,failed,False,2026-08-19T21:52:13.387437+09:00
Callback Scale,,,failed,False,2026-08-17T20:38:43.149907+09:00
Callback Scanner,,,failed,False,2026-08-27T23:54:35.399736+09:00
Callback Scheduler,10.0,5.0,success,False,2026-08-17T23:27:03.515384+09:00
Callback Scope,,,failed,False,2026-08-17T20:36:22.753454+09:00
Callback Score,,,failed,False,2026-08-19T13:27:50.683202+09:00
Callback Sentry,,,failed,False,2026-08-17T21:38:26.629916+09:00
Callback Sheet,30.0,0.0,success,False,2026-08-19T13:27:22.269137+09:00
Callback Signal,,,failed,False,2026-08-17T20:38:19.209708+09:00
Callback Slip,,,failed,False,2026-08-19T21:52:04.287712+09:00
Callback Slot,,,failed,False,2026-08-19T21:52:28.912563+09:00
Callback Snapshot,,,failed,False,2026-08-18T23:50:28.917877+09:00
Callback Stake,,,failed,False,2026-08-23T02:54:45.895962+09:00
Callback Statement,,,failed,False,2026-08-21T00:33:28.430853+09:00
Callback Station,,,failed,False,2026-08-17T20:46:31.116711+09:00
Callback Status,10.0,0.0,success,False,2026-08-19T20:46:08.912085+09:00
Callback Stub,,,failed,False,2026-08-21T00:33:20.736767+09:00
Callback Studio,1000.0,3.0,success,False,2026-08-17T21:30:15.996537+09:00
Callback Suite,,,failed,False,2026-08-17T23:26:34.514876+09:00
Callback Sum,,,failed,False,2026-08-21T02:22:35.993251+09:00
Callback Summary,,,failed,False,2026-08-19T21:32:32.734528+09:00
Callback Surtax,,,failed,False,2026-08-23T15:52:54.963093+09:00
Callback Sync,,,failed,False,2026-08-17T21:33:08.992358+09:00
Callback Tab,,,failed,False,2026-08-21T00:34:04.071728+09:00
Callback Table,,,failed,False,2026-08-19T21:51:38.533092+09:00
Callback Tag,,,failed,False,2026-08-19T13:28:06.398636+09:00
Callback Tally,,,failed,False,2026-08-21T00:33:34.783519+09:00
Callback Tariff,,,failed,False,2026-08-21T02:39:34.519072+09:00
Callback Tax,,,failed,False,2026-08-21T02:06:40.735071+09:00
Callback Ticket,,,failed,False,2026-08-19T21:04:08.048540+09:00
Callback Timeline,,,failed,False,2026-08-19T21:32:34.534523+09:00
Callback Timer,10.0,0.0,success,False,2026-08-28T00:24:27.565309+09:00
Callback Toll,,,failed,False,2026-08-21T02:39:23.092445+09:00
Callback Toolbox,,,failed,False,2026-08-28T00:24:32.431629+09:00
Callback Toolkit,,,failed,False,2026-08-18T23:50:28.917877+09:00
Callback Total,,,failed,False,2026-08-27T23:11:47.149537+09:00
Callback Tracker,50.0,29.0,success,False,2026-08-17T21:34:09.721109+09:00
Callback Trail,,,failed,False,2026-08-17T20:35:00.475766+09:00
Callback Trend,,,failed,False,2026-08-28T01:05:34.038010+09:00
Callback Trial,,,failed,False,2026-08-27T21:13:15.493972+09:00
Callback Unit,,,failed,False,2026-08-21T02:05:44.847740+09:00
Callback Update,,,failed,False,2026-08-19T20:46:42.465530+09:00
Callback Value,,,failed,False,2026-08-23T02:54:43.780312+09:00
Callback Vault,,,failed,False,2026-08-17T20:44:15.738532+09:00
Callback Version,,,failed,False,2026-08-23T03:19:37.789366+09:00
Callback View,,,failed,False,2026-08-19T20:46:13.766068+09:00
Callback Watch,,,failed,False,2026-08-17T20:37:24.505740+09:00
Callback Wave,,,failed,False,2026-08-17T20:32:32.905502+09:00
Callback Widget,140.0,4.0,success,False,2026-08-27T23:11:50.094156+09:00
Callback Workbench,,,failed,False,2026-08-18T23:50:28.917877+09:00
Callback Worksheet,,,failed,False,2026-08-27T22:07:30.403670+09:00
Callback Workshop,,,failed,False,2026-08-28T00:24:29.963051+09:00
Callback Zone,,,failed,False,2026-08-17T20:43:51.758171+09:00
Callout Advance,,,failed,False,2026-08-23T16:12:10.819899+09:00
Callout Advisory,,,failed,False,2026-08-21T01:03:48.837789+09:00
Callout Allowance,,,failed,False,2026-08-21T02:43:57.292345+09:00
Callout Almanac,,,failed,False,2026-08-18T22:07:09.458547+09:00
Callout Analyzer,,,failed,False,2026-08-27T23:55:06.367292+09:00
Callout Anchor,,,failed,False,2026-08-18T22:09:42.242317+09:00
Callout Arrears,,,failed,False,2026-08-23T16:12:08.472275+09:00
Callout Assistant,,,failed,False,2026-08-18T22:03:53.517132+09:00
Callout Atlas,,,failed,False,2026-08-18T22:02:40.368007+09:00
Callout Badge,30.0,0.0,success,False,2026-08-21T00:29:45.511428+09:00
Callout Balance,,,failed,False,2026-08-23T13:45:33.532917+09:00
Callout Base,,,failed,False,2026-08-18T22:11:37.206712+09:00
Callout Beacon,,,failed,False,2026-08-18T22:09:11.269372+09:00
Callout Bill,,,failed,False,2026-08-19T21:48:31.545228+09:00
Callout Blueprint,,,failed,False,2026-08-18T22:07:03.148226+09:00
Callout Board,,,failed,False,2026-08-18T22:12:04.159201+09:00
Callout Book,,,failed,False,2026-08-19T21:49:32.440919+09:00
Callout Bridge,,,failed,False,2026-08-18T22:09:35.906732+09:00
Callout Brief,,,failed,False,2026-08-21T01:03:40.572054+09:00
Callout Bulletin,,,failed,False,2026-08-21T01:03:36.375895+09:00
Callout Calculator,,,failed,False,2026-08-27T23:34:10.423222+09:00
Callout Calendar,,,failed,False,2026-08-18T23:58:04.745440+09:00
Callout Card,50.0,0.0,success,False,2026-08-19T13:31:47.223941+09:00
Callout Cascade,,,failed,False,2026-08-18T22:09:27.931619+09:00
Callout Cash,,,failed,False,2026-08-21T02:28:22.675348+09:00
Callout Cashback,,,failed,False,2026-08-27T21:14:45.418872+09:00
Callout Catalog,,,failed,False,2026-08-19T21:04:17.654082+09:00
Callout Category,,,failed,False,2026-08-23T13:10:03.956535+09:00
Callout Center,,,failed,False,2026-08-18T23:50:28.917877+09:00
Callout Chain,,,failed,False,2026-08-18T23:50:28.917877+09:00
Callout Charge,320.0,2.0,success,False,2026-08-21T02:43:50.740440+09:00
Callout Check,,,failed,False,2026-08-19T13:32:04.589089+09:00
Callout Checker,,,failed,False,2026-08-27T23:54:55.608336+09:00
Callout Circular,,,failed,False,2026-08-21T01:03:43.052088+09:00
Callout Cockpit,,,failed,False,2026-08-18T22:05:06.428384+09:00
Callout Code,,,failed,False,2026-08-19T21:48:58.615287+09:00
Callout Codex,,,failed,False,2026-08-18T22:07:26.351718+09:00
Callout Companion,,,failed,False,2026-08-18T22:05:33.744970+09:00
Callout Comparison,,,failed,False,2026-08-28T01:05:34.038010+09:00
Callout Compass,,,failed,False,2026-08-18T22:09:03.479922+09:00
Callout Compendium,,,failed,False,2026-08-18T22:07:18.676319+09:00
Callout Confirmation,,,failed,False,2026-08-21T01:03:59.232813+09:00
Callout Console,,,failed,False,2026-08-18T23:50:28.917877+09:00
Callout Copayment,,,failed,False,2026-08-23T16:37:45.266937+09:00
Callout Core,,,failed,False,2026-08-18T22:11:45.045166+09:00
Callout Cost,,,failed,False,2026-08-21T02:12:06.796728+09:00
Callout Count,,,failed,False,2026-08-27T22:47:10.971037+09:00
Callout Counter,,,failed,False,2026-08-18T23:58:57.268328+09:00
Callout Coupon,,,failed,False,2026-08-27T21:14:45.418872+09:00
Callout Dashboard,,,failed,False,2026-08-18T22:05:15.577232+09:00
Callout Deal,,,failed,False,2026-08-21T01:56:21.292165+09:00
Callout Debt,,,failed,False,2026-08-21T02:28:15.974883+09:00
Callout Deck,,,failed,False,2026-08-18T22:12:10.821921+09:00
Callout Depot,,,failed,False,2026-08-18T23:58:41.085151+09:00
Callout Desk,,,failed,False,2026-08-18T22:08:30.649181+09:00
Callout Detail,40.0,0.0,success,False,2026-08-23T03:23:49.316132+09:00
Callout Detector,,,failed,False,2026-08-27T23:55:03.182011+09:00
Callout Dial,,,failed,False,2026-08-18T23:50:28.917877+09:00
Callout Digest,,,failed,False,2026-08-19T20:47:39.914949+09:00
Callout Directory,,,failed,False,2026-08-18T23:58:15.272323+09:00
Callout Discount,,,failed,False,2026-08-23T16:12:01.471109+09:00
Callout Dock,,,failed,False,2026-08-18T23:50:28.917877+09:00
Callout Dossier,,,failed,False,2026-08-21T01:04:04.572867+09:00
Callout Draft,,,failed,False,2026-08-19T20:47:55.040652+09:00
Callout Due,,,failed,False,2026-08-23T15:50:38.471158+09:00
Callout Duty,,,failed,False,2026-08-21T02:43:53.941468+09:00
Callout Endowment,,,failed,False,2026-08-23T15:50:42.648286+09:00
Callout Engine,,,failed,False,2026-08-18T22:03:32.090956+09:00
Callout Entry,,,failed,False,2026-08-21T01:04:20.278964+09:00
Callout Estimate,,,failed,False,2026-08-19T21:04:06.353252+09:00
Callout Estimator,,,failed,False,2026-08-27T23:54:55.608336+09:00
Callout Excerpt,,,failed,False,2026-08-21T01:04:15.866621+09:00
Callout Fare,,,failed,False,2026-08-21T02:12:15.174959+09:00
Callout Fee,1000.0,1.0,success,False,2026-08-21T01:56:03.758206+09:00
Callout Feed,,,failed,False,2026-08-19T20:47:48.078194+09:00
Callout File,,,failed,False,2026-08-19T20:47:17.630061+09:00
Callout Finder,,,failed,False,2026-08-18T23:58:32.218218+09:00
Callout Fine,,,failed,False,2026-08-23T02:57:57.265224+09:00
Callout Flag,,,failed,False,2026-08-21T00:30:34.487987+09:00
Callout Flow,,,failed,False,2026-08-18T22:08:07.311207+09:00
Callout Forge,,,failed,False,2026-08-18T22:09:19.506375+09:00
Callout Form,260.0,3.0,success,False,2026-08-19T13:31:41.202916+09:00
Callout Frame,,,failed,False,2026-08-18T22:11:30.674698+09:00
Callout Fund,,,failed,False,2026-08-21T02:28:18.996082+09:00
Callout Gate,,,failed,False,2026-08-18T23:50:28.917877+09:00
Callout Giveaway,,,failed,False,2026-08-27T21:14:56.322045+09:00
Callout Grade,,,failed,False,2026-08-21T00:30:11.509086+09:00
Callout Graph,,,failed,False,2026-08-27T22:08:54.322972+09:00
Callout Grid,,,failed,False,2026-08-18T22:10:20.360888+09:00
Callout Guarantee,,,failed,False,2026-08-28T01:05:36.598647+09:00
Callout Guard,,,failed,False,2026-08-18T22:07:45.209206+09:00
Callout Guardian,,,failed,False,2026-08-28T00:24:44.523713+09:00
Callout Guidebook,,,failed,False,2026-08-18T22:06:45.698700+09:00
Callout Helpdesk,,,failed,False,2026-08-27T22:47:20.471641+09:00
Callout Helper,,,failed,False,2026-08-28T00:24:47.033463+09:00
Callout History,,,failed,False,2026-08-19T20:47:10.772818+09:00
Callout Hotline,,,failed,False,2026-08-19T21:04:31.572257+09:00
Callout Hub,,,failed,False,2026-08-18T22:08:15.553962+09:00
Callout Identifier,,,failed,False,2026-08-23T13:10:01.579263+09:00
Callout Incentive,,,failed,False,2026-08-27T21:14:54.146372+09:00
Callout Index,,,failed,False,2026-08-19T21:03:21.176777+09:00
Callout Insight,,,failed,False,2026-08-18T22:04:44.992531+09:00
Callout Installment,,,failed,False,2026-08-23T16:12:05.670450+09:00
Callout Item,,,failed,False,2026-08-21T01:56:10.239205+09:00
Callout Journal,,,failed,False,2026-08-18T22:06:27.903433+09:00
Callout Keeper,,,failed,False,2026-08-18T22:02:59.013018+09:00
Callout Kit,,,failed,False,2026-08-27T22:47:08.510624+09:00
Callout Lab,,,failed,False,2026-08-18T22:12:23.623332+09:00
Callout Label,70.0,0.0,success,False,2026-08-27T22:09:01.274163+09:00
Callout Ledger,,,failed,False,2026-08-18T22:11:53.253087+09:00
Callout Lens,,,failed,False,2026-08-18T22:11:19.240583+09:00
Callout Level,,,failed,False,2026-08-19T20:47:25.892128+09:00
Callout Levy,,,failed,False,2026-08-23T13:45:36.815787+09:00
Callout Link,,,failed,False,2026-08-23T03:23:46.825883+09:00
Callout List,,,failed,False,2026-08-19T21:49:11.434209+09:00
Callout Loan,,,failed,False,2026-08-21T02:12:23.232619+09:00
Callout Locator,,,failed,False,2026-08-18T23:58:23.364762+09:00
Callout Lock,,,failed,False,2026-08-18T22:11:03.707718+09:00
Callout Log,,,failed,False,2026-08-19T13:31:17.650623+09:00
Callout Loop,,,failed,False,2026-08-18T22:10:14.241136+09:00
Callout Manager,480.0,0.0,success,False,2026-08-18T22:03:09.558659+09:00
Callout Manual,,,failed,False,2026-08-27T22:09:05.119901+09:00
Callout Map,40.0,0.0,success,False,2026-08-18T22:11:09.923371+09:00
Callout Margin,,,failed,False,2026-08-23T02:57:55.201782+09:00
Callout Markup,,,failed,False,2026-08-23T16:37:45.266937+09:00
Callout Memo,,,failed,False,2026-08-21T00:30:19.986675+09:00
Callout Message,170.0,0.0,success,False,2026-08-27T23:12:25.065400+09:00
Callout Meter,,,failed,False,2026-08-18T23:50:31.200515+09:00
Callout Metrics,,,failed,False,2026-08-18T22:04:56.544925+09:00
Callout Monitor,,,failed,False,2026-08-18T22:04:36.606049+09:00
Callout Navigator,,,failed,False,2026-08-18T22:05:23.943754+09:00
Callout Nexus,,,failed,False,2026-08-18T22:02:28.338577+09:00
Callout Node,,,failed,False,2026-08-18T23:50:31.200515+09:00
Callout Note,30.0,0.0,success,False,2026-08-19T13:32:19.751583+09:00
Callout Notification,,,failed,False,2026-08-27T22:47:08.510624+09:00
Callout Number,140.0,0.0,success,False,2026-08-23T03:23:40.065475+09:00
Callout Office,,,failed,False,2026-08-18T23:58:49.693970+09:00
Callout Ops,,,failed,False,2026-08-18T22:05:52.087342+09:00
Callout Order,,,failed,False,2026-08-19T21:48:17.560358+09:00
Callout Organizer,,,failed,False,2026-08-18T22:04:25.779407+09:00
Callout Overage,,,failed,False,2026-08-27T21:46:34.931324+09:00
Callout Overdraft,,,failed,False,2026-08-23T15:50:38.471158+09:00
Callout Panel,,,failed,False,2026-08-18T23:50:31.200515+09:00
Callout Pass,,,failed,False,2026-08-21T00:29:30.583044+09:00
Callout Path,,,failed,False,2026-08-18T22:10:45.324652+09:00
Callout Penalty,,,failed,False,2026-08-23T16:37:42.888726+09:00
Callout Petition,,,failed,False,2026-08-21T01:03:53.377990+09:00
Callout Pilot,,,failed,False,2026-08-18T22:08:21.500006+09:00
Callout Plan,30.0,0.0,success,False,2026-08-21T01:56:19.157693+09:00
Callout Planner,,,failed,False,2026-08-18T22:04:03.001846+09:00
Callout Playbook,,,failed,False,2026-08-18T22:06:16.619003+09:00
Callout Point,,,failed,False,2026-08-18T22:10:56.062577+09:00
Callout Portal,,,failed,False,2026-08-18T23:50:31.200515+09:00
Callout Preview,,,failed,False,2026-08-28T01:05:34.038010+09:00
Callout Profile,,,failed,False,2026-08-19T13:32:40.491815+09:00
Callout Profit,,,failed,False,2026-08-23T02:57:50.579977+09:00
Callout Proposal,,,failed,False,2026-08-28T01:05:36.598647+09:00
Callout Pulse,,,failed,False,2026-08-18T22:10:30.545293+09:00
Callout Queue,,,failed,False,2026-08-19T21:03:51.507952+09:00
Callout Quota,,,failed,False,2026-08-21T00:30:27.321926+09:00
Callout Radar,,,failed,False,2026-08-18T22:08:38.388583+09:00
Callout Rail,,,failed,False,2026-08-18T23:50:31.200515+09:00
Callout Rate,110.0,4.0,success,False,2026-08-19T20:47:28.016879+09:00
Callout Recap,,,failed,False,2026-08-21T01:04:11.301899+09:00
Callout Receipt,,,failed,False,2026-08-19T21:48:44.866696+09:00
Callout Recorder,,,failed,False,2026-08-27T23:34:10.423222+09:00
Callout Register,,,failed,False,2026-08-18T22:05:42.226060+09:00
Callout Registry,,,failed,False,2026-08-18T22:06:54.214613+09:00
Callout Relay,,,failed,False,2026-08-18T22:08:45.047635+09:00
Callout Reminder,10.0,,success,False,2026-08-19T21:32:55.348476+09:00
Callout Report,,,failed,False,2026-08-19T13:31:08.046594+09:00
Callout Repository,,,failed,False,2026-08-27T23:12:34.540185+09:00
Callout Result,,,failed,False,2026-08-28T00:47:32.809688+09:00
Callout Ring,,,failed,False,2026-08-18T23:50:31.200515+09:00
Callout Roadmap,,,failed,False,2026-08-18T22:07:36.107745+09:00
Callout Roster,,,failed,False,2026-08-19T00:38:32.004718+09:00
Callout Route,,,failed,False,2026-08-18T23:50:31.200515+09:00
Callout Rule,,,failed,False,2026-08-23T03:23:46.825883+09:00
Callout Sale,,,failed,False,2026-08-21T02:28:25.181498+09:00
Callout Sample,,,failed,False,2026-08-19T21:49:55.952193+09:00
Callout Scale,,,failed,False,2026-08-18T23:50:31.200515+09:00
Callout Scanner,,,failed,False,2026-08-27T23:54:58.395846+09:00
Callout Scheduler,,,failed,False,2026-08-18T22:04:15.026557+09:00
Callout Scope,,,failed,False,2026-08-18T22:10:06.625362+09:00
Callout Score,,,failed,False,2026-08-19T13:32:13.743565+09:00
Callout Sentry,,,failed,False,2026-08-18T22:02:48.638128+09:00
Callout Sheet,390.0,0.0,success,False,2026-08-19T13:31:52.943506+09:00
Callout Signal,,,failed,False,2026-08-18T22:09:52.210960+09:00
Callout Signature,,,failed,False,2026-08-23T13:26:15.190614+09:00
Callout Slip,,,failed,False,2026-08-19T21:49:41.666387+09:00
Callout Slot,,,failed,False,2026-08-19T21:50:09.573666+09:00
Callout Snapshot,,,failed,False,2026-08-18T22:06:37.464016+09:00
Callout Stage,,,failed,False,2026-08-28T00:47:30.269850+09:00
Callout Statement,,,failed,False,2026-08-21T00:29:58.685573+09:00
Callout Station,,,failed,False,2026-08-18T23:50:31.200515+09:00
Callout Status,,,failed,False,2026-08-19T20:47:00.737978+09:00
Callout Stipend,,,failed,False,2026-08-23T13:45:39.021067+09:00
Callout Stub,,,failed,False,2026-08-21T00:29:50.648703+09:00
Callout Studio,,,failed,False,2026-08-18T22:12:17.661018+09:00
Callout Subsidy,,,failed,False,2026-08-23T15:50:40.596656+09:00
Callout Suite,,,failed,False,2026-08-18T22:03:21.744324+09:00
Callout Sum,,,failed,False,2026-08-21T02:28:12.321639+09:00
Callout Summary,,,failed,False,2026-08-19T21:32:49.180215+09:00
Callout Sync,,,failed,False,2026-08-18T22:08:00.506560+09:00
Callout Tab,,,failed,False,2026-08-21T00:30:39.454023+09:00
Callout Table,,,failed,False,2026-08-19T21:49:21.504748+09:00
Callout Tag,140.0,0.0,success,False,2026-08-19T13:32:31.593655+09:00
Callout Tally,,,failed,False,2026-08-21T00:30:05.948049+09:00
Callout Tariff,,,failed,False,2026-08-21T02:43:59.643244+09:00
Callout Tax,,,failed,False,2026-08-21T02:12:19.408855+09:00
Callout Terminal,,,failed,False,2026-08-18T23:50:31.200515+09:00
Callout Ticket,,,failed,False,2026-08-19T21:03:36.529171+09:00
Callout Tier,,,failed,False,2026-08-28T00:47:32.809688+09:00
Callout Timeline,,,failed,False,2026-08-19T21:32:52.200900+09:00
Callout Timer,,,failed,False,2026-08-28T00:24:39.235749+09:00
Callout Token,,,failed,False,2026-08-23T13:26:15.190614+09:00
Callout Toll,,,failed,False,2026-08-21T02:43:53.941468+09:00
Callout Toolbox,,,failed,False,2026-08-28T00:24:44.523713+09:00
Callout Toolkit,,,failed,False,2026-08-18T22:06:07.690995+09:00
Callout Total,,,failed,False,2026-08-27T23:12:29.033332+09:00
Callout Tracker,10.0,15.0,success,False,2026-08-18T22:07:51.533580+09:00
Callout Trail,,,failed,False,2026-08-18T23:50:31.200515+09:00
Callout Trend,,,failed,False,2026-08-28T01:05:31.519640+09:00
Callout Trial,,,failed,False,2026-08-27T21:14:49.306471+09:00
Callout Unit,,,failed,False,2026-08-21T01:56:12.510800+09:00
Callout Update,,,failed,False,2026-08-19T20:47:33.785997+09:00
Callout Value,30.0,0.0,success,False,2026-08-23T02:57:53.053705+09:00
Callout Vault,,,failed,False,2026-08-18T22:08:54.791738+09:00
Callout Version,,,failed,False,2026-08-23T03:23:43.125766+09:00
Callout View,50.0,0.0,success,False,2026-08-19T20:47:06.290958+09:00
Callout Voucher,,,failed,False,2026-08-21T00:29:35.718141+09:00
Callout Watch,,,failed,False,2026-08-18T22:10:00.373367+09:00
Callout Wave,,,failed,False,2026-08-18T22:10:38.085042+09:00
Callout Widget,,,failed,False,2026-08-27T23:12:32.092351+09:00
Callout Workbench,,,failed,False,2026-08-18T22:05:59.558657+09:00
Callout Worksheet,,,failed,False,2026-08-27T22:09:07.960139+09:00
Callout Workshop,,,failed,False,2026-08-28T00:24:41.812871+09:00
Callout Zone,,,failed,False,2026-08-18T23:50:31.200515+09:00
Camera Advance,110.0,37.0,success,False,2026-08-23T16:13:30.945408+09:00
Camera Advisory,,,failed,False,2026-08-21T01:02:18.693445+09:00
Camera Alert,260.0,13.0,success,False,2026-08-21T00:46:39.668460+09:00
Camera Allowance,,,failed,False,2026-08-21T02:40:25.117501+09:00
Camera Analyzer,20.0,0.0,success,False,2026-08-27T23:51:18.068433+09:00
Camera Arrears,,,failed,False,2026-08-23T16:13:30.945408+09:00
Camera Asset,50.0,0.0,success,False,2026-08-23T13:45:43.063828+09:00
Camera Assistant,14800.0,2.0,success,False,2026-08-21T00:45:10.747399+09:00
Camera Atlas,20.0,99.0,success,False,2026-08-21T00:44:54.956989+09:00
Camera Badge,170.0,8.0,success,False,2026-08-21T00:49:44.632195+09:00
Camera Base,1000.0,31.0,success,False,2026-08-21T00:51:33.449317+09:00
Camera Bay,590.0,21.0,success,False,2026-08-21T00:46:10.718962+09:00
Camera Beacon,140.0,28.0,success,False,2026-08-21T00:50:35.331865+09:00
Camera Bill,210.0,5.0,success,False,2026-08-21T00:49:01.997073+09:00
Camera Board,880.0,47.0,success,False,2026-08-21T00:43:34.117910+09:00
Camera Bridge,18100.0,99.0,success,False,2026-08-21T00:50:48.093288+09:00
Camera Brief,,,failed,False,2026-08-21T01:00:25.578415+09:00
Camera Bulletin,,,failed,False,2026-08-21T01:00:22.728561+09:00
Camera Cabinet,1300.0,100.0,success,False,2026-08-27T23:16:07.710810+09:00
Camera Calendar,2400.0,1.0,success,False,2026-08-21T00:45:45.302081+09:00
Camera Card,6600.0,84.0,success,False,2026-08-21T00:47:26.672100+09:00
Camera Cascade,,,failed,False,2026-08-21T00:50:45.127530+09:00
Camera Cash,260.0,5.0,success,False,2026-08-21T02:23:15.671365+09:00
Camera Cashback,30.0,68.0,success,False,2026-08-27T21:16:57.719069+09:00
Camera Center,4400.0,6.0,success,False,2026-08-21T00:44:03.384423+09:00
Camera Chain,480.0,76.0,success,False,2026-08-21T00:44:38.874906+09:00
Camera Charge,5400.0,90.0,success,False,2026-08-21T02:40:11.455485+09:00
Camera Chart,320.0,1.0,success,False,2026-08-21T00:46:42.116087+09:00
Camera Check,18100.0,1.0,success,False,2026-08-21T00:47:32.281403+09:00
Camera Checker,18100.0,1.0,success,False,2026-08-27T23:51:12.915875+09:00
Camera Circular,320.0,6.0,success,False,2026-08-21T01:02:16.623580+09:00
Camera Code,1000.0,2.0,success,False,2026-08-21T00:49:09.924663+09:00
Camera Companion,40.0,0.0,success,False,2026-08-21T00:45:26.531767+09:00
Camera Comparison,14800.0,6.0,success,False,2026-08-28T01:03:25.191639+09:00
Camera Confirmation,,,failed,False,2026-08-21T01:00:40.730981+09:00
Camera Console,170.0,8.0,success,False,2026-08-21T00:44:15.465135+09:00
Camera Core,320.0,3.0,success,False,2026-08-21T00:51:40.152987+09:00
Camera Cost,1600.0,45.0,success,False,2026-08-21T02:15:31.230859+09:00
Camera Count,480.0,3.0,success,False,2026-08-27T22:50:16.948494+09:00
Camera Counter,480.0,3.0,success,False,2026-08-21T00:45:54.993375+09:00
Camera Coupon,90.0,10.0,success,False,2026-08-27T21:16:53.377302+09:00
Camera Deal,2400.0,100.0,success,False,2026-08-21T01:58:56.625492+09:00
Camera Debt,,,failed,False,2026-08-21T02:23:05.228659+09:00
Camera Deck,30.0,10.0,success,False,2026-08-21T00:43:39.738116+09:00
Camera Desk,170.0,36.0,success,False,2026-08-21T00:50:15.253919+09:00
Camera Detail,720.0,2.0,success,False,2026-08-23T03:21:52.337489+09:00
Camera Diagram,2400.0,0.0,success,True,2026-08-27T22:12:11.460290+09:00
Camera Directory,70.0,0.0,success,False,2026-08-21T00:45:45.302081+09:00
Camera Discount,480.0,100.0,success,False,2026-08-23T16:13:24.161828+09:00
Camera Dossier,,,failed,False,2026-08-21T01:00:44.838906+09:00
Camera Downpayment,,,failed,False,2026-08-27T21:48:04.359972+09:00
Camera Draft,10.0,0.0,success,False,2026-08-21T00:48:24.716353+09:00
Camera Due,10.0,67.0,success,False,2026-08-23T15:51:09.680113+09:00
Camera Duty,40.0,8.0,success,False,2026-08-21T02:40:18.502872+09:00
Camera Engine,50.0,60.0,success,False,2026-08-21T00:45:08.644829+09:00
Camera Entry,110.0,86.0,success,False,2026-08-21T01:00:56.888807+09:00
Camera Estimate,10.0,9.0,success,False,2026-08-21T00:48:51.829218+09:00
Camera Estimator,,,failed,False,2026-08-27T23:51:10.379112+09:00
Camera Excerpt,,,failed,False,2026-08-21T01:02:29.218317+09:00
Camera Fare,10.0,0.0,success,False,2026-08-21T02:15:38.407419+09:00
Camera Fee,40.0,3.0,success,False,2026-08-21T01:58:41.656184+09:00
Camera Feed,1600.0,0.0,success,True,2026-08-21T00:48:22.062191+09:00
Camera File,1600.0,7.0,success,False,2026-08-21T00:48:04.911148+09:00
Camera Fine,720.0,3.0,success,False,2026-08-23T02:55:55.232894+09:00
Camera Flow,590.0,14.0,success,False,2026-08-21T00:50:07.130228+09:00
Camera Forge,90.0,0.0,success,False,2026-08-21T00:50:38.979933+09:00
Camera Form,40.0,0.0,success,False,2026-08-21T00:47:19.116810+09:00
Camera Format,590.0,2.0,success,False,2026-08-23T13:09:22.371145+09:00
Camera Frame,6600.0,2.0,success,False,2026-08-21T00:51:31.068549+09:00
Camera Fund,170.0,2.0,success,False,2026-08-21T02:23:08.764436+09:00
Camera Gate,1300.0,98.0,success,False,2026-08-21T00:44:48.876991+09:00
Camera Giveaway,590.0,7.0,success,False,2026-08-27T21:17:00.727259+09:00
Camera Graph,2400.0,20.0,success,False,2026-08-27T22:11:50.573955+09:00
Camera Grid,2900.0,7.0,success,False,2026-08-21T00:51:10.614458+09:00
Camera Guardian,390.0,64.0,success,False,2026-08-28T00:21:49.130858+09:00
Camera Helpdesk,,,failed,False,2026-08-27T22:50:21.429751+09:00
Camera Helper,210.0,1.0,success,False,2026-08-28T00:21:55.786008+09:00
Camera History,9900.0,1.0,success,False,2026-08-21T00:48:00.969173+09:00
Camera Hub,3600.0,5.0,success,False,2026-08-21T00:50:13.056816+09:00
Camera Identifier,2900.0,11.0,success,False,2026-08-23T13:09:17.043261+09:00
Camera Inbox,20.0,0.0,success,False,2026-08-21T00:46:37.254114+09:00
Camera Incentive,,,failed,False,2026-08-27T21:17:00.727259+09:00
Camera Index,90.0,15.0,success,False,2026-08-21T00:48:44.199856+09:00
Camera Installment,320.0,89.0,success,False,2026-08-23T16:13:24.161828+09:00
Camera Item,210.0,49.0,success,False,2026-08-21T01:58:44.645317+09:00
Camera Journal,110.0,2.0,success,False,2026-08-21T00:45:39.218297+09:00
Camera Keeper,590.0,13.0,success,False,2026-08-21T00:45:01.205149+09:00
Camera Kit,8100.0,76.0,success,False,2026-08-27T22:50:07.511114+09:00
Camera Lab,2900.0,37.0,success,False,2026-08-21T00:43:46.604021+09:00
Camera Label,480.0,9.0,success,False,2026-08-27T22:11:50.573955+09:00
Camera Ledger,,,failed,False,2026-08-21T00:51:42.581125+09:00
Camera Level,880.0,36.0,success,False,2026-08-21T00:48:09.704229+09:00
Camera Line,880.0,1.0,success,False,2026-08-21T00:47:01.645682+09:00
Camera Link,2400.0,19.0,success,False,2026-08-23T03:21:40.496452+09:00
Camera List,880.0,14.0,success,False,2026-08-21T00:49:12.731444+09:00
Camera Loan,390.0,17.0,success,False,2026-08-21T02:06:11.713342+09:00
Camera Lobby,,,failed,False,2026-08-21T00:46:54.280562+09:00
Camera Locator,2400.0,25.0,success,False,2026-08-21T00:45:47.976857+09:00
Camera Locker,320.0,100.0,success,False,2026-08-21T00:45:57.527663+09:00
Camera Log,880.0,3.0,success,False,2026-08-21T00:47:16.635421+09:00
Camera Loop,590.0,23.0,success,False,2026-08-21T00:51:04.799989+09:00
Camera Manager,720.0,1.0,success,False,2026-08-21T00:45:03.734783+09:00
Camera Manual,1000.0,7.0,success,False,2026-08-27T22:11:56.077657+09:00
Camera Map,5400.0,14.0,success,False,2026-08-21T00:51:25.324564+09:00
Camera Margin,,,failed,False,2026-08-23T02:55:53.099561+09:00
Camera Marker,590.0,1.0,success,False,2026-08-23T13:28:22.129962+09:00
Camera Markup,10.0,0.0,success,False,2026-08-23T16:38:42.507764+09:00
Camera Memo,210.0,67.0,success,False,2026-08-21T00:49:54.532841+09:00
Camera Message,2900.0,0.0,success,True,2026-08-27T23:16:04.692896+09:00
Camera Monitor,14800.0,100.0,success,False,2026-08-21T00:45:22.913101+09:00
Camera Nexus,720.0,33.0,success,False,2026-08-21T00:44:52.376787+09:00
Camera Note,390.0,5.0,success,False,2026-08-21T00:47:41.484784+09:00
Camera Notification,390.0,15.0,success,False,2026-08-27T22:50:07.511114+09:00
Camera Number,480.0,16.0,success,False,2026-08-23T03:21:28.061139+09:00
Camera Office,2400.0,100.0,success,False,2026-08-21T00:45:52.774285+09:00
Camera Ops,590.0,1.0,success,False,2026-08-21T00:45:33.278488+09:00
Camera Order,480.0,100.0,success,False,2026-08-21T00:48:57.806090+09:00
Camera Outpost,,,failed,False,2026-08-21T00:46:15.039620+09:00
Camera Overage,,,failed,False,2026-08-27T21:48:00.691172+09:00
Camera Overdraft,,,failed,False,2026-08-23T15:51:11.788135+09:00
Camera Overdue,,,failed,False,2026-08-27T21:47:58.388035+09:00
Camera Panel,880.0,31.0,success,False,2026-08-21T00:44:18.522946+09:00
Camera Pass,1600.0,1.0,success,False,2026-08-21T00:49:35.190382+09:00
Camera Passport,390.0,42.0,success,False,2026-08-21T00:46:47.041557+09:00
Camera Path,140.0,0.0,success,False,2026-08-21T00:51:18.988117+09:00
Camera Payoff,,,failed,False,2026-08-27T21:48:00.691172+09:00
Camera Penalty,30.0,2.0,success,False,2026-08-23T16:38:38.724720+09:00
Camera Petition,10.0,0.0,success,False,2026-08-21T01:00:38.610881+09:00
Camera Plan,1000.0,11.0,success,False,2026-08-21T01:58:53.203684+09:00
Camera Planner,1000.0,11.0,success,False,2026-08-21T00:45:13.293562+09:00
Camera Playbook,10.0,0.0,success,False,2026-08-21T00:45:35.455027+09:00
Camera Plaza,720.0,18.0,success,False,2026-08-21T00:46:21.529361+09:00
Camera Point,1900.0,8.0,success,False,2026-08-21T00:51:22.640360+09:00
Camera Portal,1900.0,1.0,success,False,2026-08-21T00:44:10.518978+09:00
Camera Post,390.0,83.0,success,False,2026-08-21T00:46:12.825751+09:00
Camera Preview,1900.0,1.0,success,False,2026-08-28T01:03:27.794966+09:00
Camera Profile,1600.0,2.0,success,False,2026-08-21T00:47:49.290523+09:00
Camera Profit,10.0,2.0,success,False,2026-08-23T02:55:43.726129+09:00
Camera Proposal,20.0,8.0,success,False,2026-08-28T01:03:30.600111+09:00
Camera Quota,,,failed,False,2026-08-21T00:49:56.955669+09:00
Camera Radar,2400.0,10.0,success,False,2026-08-21T00:50:17.936305+09:00
Camera Rail,880.0,99.0,success,False,2026-08-21T00:44:30.138587+09:00
Camera Rate,1300.0,37.0,success,False,2026-08-21T00:48:12.190063+09:00
Camera Recap,,,failed,False,2026-08-21T01:02:27.136036+09:00
Camera Receipt,480.0,58.0,success,False,2026-08-21T00:49:04.500727+09:00
Camera Register,320.0,2.0,success,False,2026-08-21T00:45:30.035458+09:00
Camera Relay,110.0,26.0,success,False,2026-08-21T00:50:24.003386+09:00
Camera Reminder,20.0,0.0,success,False,2026-08-21T00:48:36.635325+09:00
Camera Report,1300.0,0.0,success,True,2026-08-21T00:47:13.306684+09:00
Camera Ring,6600.0,99.0,success,False,2026-08-21T00:44:42.710868+09:00
Camera Roll,33100.0,5.0,success,False,2026-08-21T00:47:10.612469+09:00
Camera Roster,,,failed,False,2026-08-21T00:46:35.033553+09:00
Camera Route,480.0,2.0,success,False,2026-08-21T00:44:27.350497+09:00
Camera Rule,390.0,0.0,success,False,2026-08-23T03:21:42.958973+09:00
Camera Sale,4400.0,100.0,success,False,2026-08-21T02:23:20.274615+09:00
Camera Sample,260.0,0.0,success,False,2026-08-21T00:49:24.098446+09:00
Camera Scale,1000.0,12.0,success,False,2026-08-21T00:44:23.943990+09:00
Camera Schematic,170.0,0.0,success,False,2026-08-27T22:29:10.054268+09:00
Camera Scope,1900.0,100.0,success,False,2026-08-21T00:51:01.092563+09:00
Camera Score,9900.0,0.0,success,True,2026-08-21T00:47:36.977895+09:00
Camera Sheet,260.0,52.0,success,False,2026-08-21T00:47:29.450326+09:00
Camera Shelf,590.0,88.0,success,False,2026-08-21T00:46:29.176332+09:00
Camera Shortfall,,,failed,False,2026-08-27T21:48:07.167837+09:00
Camera Signal,390.0,12.0,success,False,2026-08-21T00:50:50.084554+09:00
Camera Slip,40.0,59.0,success,False,2026-08-21T00:49:20.798290+09:00
Camera Slot,390.0,7.0,success,False,2026-08-21T00:49:29.914475+09:00
Camera Stake,40.0,93.0,success,False,2026-08-23T02:55:50.022047+09:00
Camera Stamp,480.0,34.0,success,False,2026-08-23T13:28:22.129962+09:00
Camera Statement,10.0,0.0,success,False,2026-08-21T00:49:52.271441+09:00
Camera Station,590.0,11.0,success,False,2026-08-21T00:43:54.085720+09:00
Camera Status,260.0,2.0,success,False,2026-08-21T00:47:51.655449+09:00
Camera Stub,,,failed,False,2026-08-21T00:49:47.730802+09:00
Camera Studio,9900.0,16.0,success,False,2026-08-21T00:43:44.047110+09:00
Camera Subsidy,,,failed,False,2026-08-23T15:51:15.880461+09:00
Camera Sum,10.0,51.0,success,False,2026-08-21T02:22:58.653942+09:00
Camera Summary,10.0,0.0,success,False,2026-08-21T00:48:26.954363+09:00
Camera Tab,480.0,5.0,success,False,2026-08-21T00:50:02.185546+09:00
Camera Table,320.0,33.0,success,False,2026-08-21T00:49:18.470865+09:00
Camera Tag,480.0,82.0,success,False,2026-08-21T00:47:44.020698+09:00
Camera Tariff,10.0,0.0,success,False,2026-08-21T02:40:27.519765+09:00
Camera Tax,170.0,1.0,success,False,2026-08-21T02:06:07.596179+09:00
Camera Terminal,1000.0,98.0,success,False,2026-08-21T00:43:57.229807+09:00
Camera Ticker,40.0,3.0,success,False,2026-08-21T00:46:56.943275+09:00
Camera Ticket,880.0,6.0,success,False,2026-08-21T00:48:48.333943+09:00
Camera Tier,20.0,45.0,success,False,2026-08-28T00:46:16.444390+09:00
Camera Timeline,1300.0,2.0,success,False,2026-08-21T00:48:33.175763+09:00
Camera Timer,1900.0,14.0,success,False,2026-08-28T00:21:45.963780+09:00
Camera Token,140.0,1.0,success,False,2026-08-23T13:28:19.840300+09:00
Camera Toll,33100.0,5.0,success,False,2026-08-21T02:40:21.955150+09:00
Camera Toolbox,20.0,100.0,success,False,2026-08-28T00:21:51.591333+09:00
Camera Total,20.0,0.0,success,False,2026-08-27T23:16:04.692896+09:00
Camera Tower,720.0,26.0,success,False,2026-08-21T00:46:26.587388+09:00
Camera Tracker,5400.0,31.0,success,False,2026-08-21T00:50:04.499348+09:00
Camera Trail,74000.0,100.0,success,False,2026-08-21T00:44:36.517071+09:00
Camera Trial,170.0,2.0,success,False,2026-08-27T21:16:57.719069+09:00
Camera Unit,320.0,29.0,success,False,2026-08-21T01:58:46.875681+09:00
Camera Update,4400.0,3.0,success,False,2026-08-21T00:48:15.897610+09:00
Camera Value,320.0,16.0,success,False,2026-08-23T02:55:47.607915+09:00
Camera Vault,70.0,8.0,success,False,2026-08-21T00:50:26.220127+09:00
Camera Version,320.0,4.0,success,False,2026-08-23T03:21:32.618577+09:00
Camera View,6600.0,2.0,success,False,2026-08-21T00:47:54.639607+09:00
Camera Voucher,10.0,14.0,success,False,2026-08-21T00:49:41.369493+09:00
Camera Watch,5400.0,99.0,success,False,2026-08-21T00:50:58.385493+09:00
Camera Wave,170.0,16.0,success,False,2026-08-21T00:51:13.532405+09:00
Camera Widget,590.0,0.0,success,False,2026-08-27T23:16:07.710810+09:00
Camera Window,1600.0,28.0,success,False,2026-08-21T00:47:05.432306+09:00
Camera Worksheet,210.0,0.0,success,False,2026-08-27T22:12:02.778487+09:00
Camera Workshop,1900.0,12.0,success,False,2026-08-28T00:21:45.963780+09:00
Camera Zone,1900.0,6.0,success,False,2026-08-21T00:44:07.435932+09:00
Campaign Advance,,,failed,False,2026-08-23T16:11:46.377478+09:00
Campaign Advisory,,,failed,False,2026-08-21T01:07:29.159320+09:00
Campaign Allowance,,,failed,False,2026-08-21T02:44:46.644995+09:00
Campaign Almanac,,,failed,False,2026-08-18T22:05:50.321080+09:00
Campaign Analyzer,,,failed,False,2026-08-27T23:53:12.173263+09:00
Campaign Anchor,,,failed,False,2026-08-18T07:43:59.355214+09:00
Campaign Announcement,110.0,0.0,success,False,2026-08-27T23:33:18.763574+09:00
Campaign Arrears,,,failed,False,2026-08-23T16:11:46.377478+09:00
Campaign Asset,170.0,5.0,success,False,2026-08-23T13:45:36.815787+09:00
Campaign Assistant,170.0,12.0,success,False,2026-08-17T23:29:46.030396+09:00
Campaign Atlas,,,failed,False,2026-08-17T20:40:17.203996+09:00
Campaign Badge,1300.0,24.0,success,False,2026-08-21T00:34:18.922168+09:00
Campaign Balance,,,failed,False,2026-08-23T13:45:33.532917+09:00
Campaign Base,30.0,1.0,success,False,2026-08-17T20:37:03.531282+09:00
Campaign Beacon,,,failed,False,2026-08-17T20:35:03.370957+09:00
Campaign Bill,,,failed,False,2026-08-19T21:58:56.766000+09:00
Campaign Blueprint,50.0,5.0,success,False,2026-08-18T22:05:40.235062+09:00
Campaign Board,320.0,3.0,success,False,2026-08-17T20:34:17.127214+09:00
Campaign Book,320.0,9.0,success,False,2026-08-19T21:59:46.400279+09:00
Campaign Bridge,10.0,0.0,success,False,2026-08-17T20:31:59.985806+09:00
Campaign Brief,5400.0,3.0,success,False,2026-08-21T01:07:19.627545+09:00
Campaign Bulletin,10.0,0.0,success,False,2026-08-21T01:07:15.275377+09:00
Campaign Cabinet,140.0,100.0,success,False,2026-08-27T23:11:21.967752+09:00
Campaign Calculator,20.0,20.0,success,False,2026-08-27T23:33:18.763574+09:00
Campaign Calendar,720.0,15.0,success,False,2026-08-19T00:02:39.195734+09:00
Campaign Card,170.0,1.0,success,False,2026-08-19T13:28:00.720814+09:00
Campaign Cascade,,,failed,False,2026-08-17T20:33:09.747000+09:00
Campaign Cash,40.0,0.0,success,False,2026-08-21T02:29:56.209810+09:00
Campaign Cashback,30.0,2.0,success,False,2026-08-27T21:14:04.974327+09:00
Campaign Catalog,10.0,0.0,success,False,2026-08-19T21:15:58.285929+09:00
Campaign Center,50.0,1.0,success,False,2026-08-17T20:37:26.547523+09:00
Campaign Chain,10.0,0.0,success,False,2026-08-17T20:44:22.162347+09:00
Campaign Charge,,,failed,False,2026-08-21T02:44:37.347457+09:00
Campaign Check,30.0,10.0,success,False,2026-08-19T13:28:15.783876+09:00
Campaign Checker,30.0,10.0,success,False,2026-08-27T23:52:57.703687+09:00
Campaign Checklist,70.0,6.0,success,False,2026-08-19T21:15:02.782218+09:00
Campaign Circular,,,failed,False,2026-08-21T01:07:24.154176+09:00
Campaign Cockpit,,,failed,False,2026-08-17T23:10:35.067749+09:00
Campaign Code,1600.0,1.0,success,False,2026-08-19T21:59:12.539055+09:00
Campaign Codex,170.0,1.0,success,False,2026-08-18T22:06:05.649081+09:00
Campaign Companion,50.0,4.0,success,False,2026-08-17T23:24:03.266981+09:00
Campaign Comparison,20.0,6.0,success,False,2026-08-28T01:03:40.758183+09:00
Campaign Compass,90.0,8.0,success,False,2026-08-17T20:36:00.761105+09:00
Campaign Compendium,,,failed,False,2026-08-18T22:05:57.658157+09:00
Campaign Confirmation,,,failed,False,2026-08-21T01:07:35.741700+09:00
Campaign Console,40.0,80.0,success,False,2026-08-17T20:34:34.179062+09:00
Campaign Contribution,1300.0,2.0,success,False,2026-08-23T16:11:44.096297+09:00
Campaign Core,50.0,1.0,success,False,2026-08-17T20:36:06.570384+09:00
Campaign Cost,170.0,1.0,success,False,2026-08-21T02:14:10.459291+09:00
Campaign Count,,,failed,False,2026-08-27T22:46:05.352618+09:00
Campaign Counter,,,failed,False,2026-08-19T00:03:23.645450+09:00
Campaign Coupon,,,failed,False,2026-08-27T21:13:56.719259+09:00
Campaign Dashboard,390.0,14.0,success,False,2026-08-17T23:23:45.943375+09:00
Campaign Deal,,,failed,False,2026-08-21T01:58:46.875681+09:00
Campaign Debt,30.0,6.0,success,False,2026-08-21T02:29:49.445628+09:00
Campaign Deck,140.0,12.0,success,False,2026-08-17T20:33:18.087238+09:00
Campaign Depot,10.0,1.0,success,False,2026-08-19T00:03:09.712807+09:00
Campaign Desk,1300.0,100.0,success,False,2026-08-18T07:43:49.584727+09:00
Campaign Detail,260.0,5.0,success,False,2026-08-23T03:23:49.316132+09:00
Campaign Detector,,,failed,False,2026-08-27T23:53:07.557701+09:00
Campaign Dial,10.0,33.0,success,False,2026-08-17T20:32:36.001496+09:00
Campaign Digest,10.0,0.0,success,False,2026-08-19T20:43:44.541784+09:00
Campaign Directory,,,failed,False,2026-08-19T00:02:48.631996+09:00
Campaign Dock,,,failed,False,2026-08-17T20:47:25.656493+09:00
Campaign Dossier,,,failed,False,2026-08-21T01:07:41.387893+09:00
Campaign Draft,20.0,4.0,success,False,2026-08-19T20:43:57.147560+09:00
Campaign Due,,,failed,False,2026-08-23T15:50:26.316180+09:00
Campaign Duty,,,failed,False,2026-08-21T02:44:40.179717+09:00
Campaign Endowment,,,failed,False,2026-08-23T15:50:33.287746+09:00
Campaign Engine,90.0,14.0,success,False,2026-08-17T23:07:11.054257+09:00
Campaign Entry,10.0,0.0,success,False,2026-08-21T01:07:51.915989+09:00
Campaign Estimate,,,failed,False,2026-08-19T21:15:46.366866+09:00
Campaign Estimator,,,failed,False,2026-08-27T23:52:57.703687+09:00
Campaign Excerpt,,,failed,False,2026-08-21T01:07:47.643040+09:00
Campaign Extension,30.0,4.0,success,False,2026-08-23T16:37:34.255373+09:00
Campaign Fare,,,failed,False,2026-08-21T02:14:13.791830+09:00
Campaign Fee,20.0,1.0,success,False,2026-08-21T01:58:35.810953+09:00
Campaign Feed,,,failed,False,2026-08-19T20:43:52.054689+09:00
Campaign File,30.0,3.0,success,False,2026-08-19T20:43:16.240040+09:00
Campaign Finder,20.0,15.0,success,False,2026-08-19T00:03:04.417889+09:00
Campaign Fine,,,failed,False,2026-08-23T02:58:11.410981+09:00
Campaign Flag,50.0,40.0,success,False,2026-08-21T00:34:51.514854+09:00
Campaign Flow,720.0,1.0,success,False,2026-08-17T20:33:47.539654+09:00
Campaign Forge,40.0,3.0,success,False,2026-08-17T20:34:09.472739+09:00
Campaign Form,110.0,6.0,success,False,2026-08-19T13:27:53.720083+09:00
Campaign Frame,140.0,0.0,success,False,2026-08-17T20:38:03.705761+09:00
Campaign Fund,390.0,4.0,success,False,2026-08-21T02:29:53.730886+09:00
Campaign Gate,,,failed,False,2026-08-17T20:41:50.983322+09:00
Campaign Generator,140.0,38.0,success,False,2026-08-27T23:33:24.139257+09:00
Campaign Giveaway,110.0,100.0,success,False,2026-08-27T21:14:11.708321+09:00
Campaign Grade,,,failed,False,2026-08-21T00:34:38.752919+09:00
Campaign Graph,,,failed,False,2026-08-27T22:08:00.127291+09:00
Campaign Grid,20.0,3.0,success,False,2026-08-17T20:44:45.631544+09:00
Campaign Guard,,,failed,False,2026-08-17T20:36:35.862750+09:00
Campaign Guardian,,,failed,False,2026-08-28T00:23:05.201958+09:00
Campaign Guidebook,,,failed,False,2026-08-18T22:05:21.769406+09:00
Campaign Helpdesk,,,failed,False,2026-08-27T22:46:08.024081+09:00
Campaign Helper,40.0,21.0,success,False,2026-08-28T00:23:08.180984+09:00
Campaign History,90.0,0.0,success,False,2026-08-19T20:43:08.672141+09:00
Campaign Hotline,,,failed,False,2026-08-19T21:16:08.184183+09:00
Campaign Hub,210.0,6.0,success,False,2026-08-17T20:32:44.310093+09:00
Campaign Identifier,,,failed,False,2026-08-23T13:09:37.494287+09:00
Campaign Incentive,,,failed,False,2026-08-27T21:14:09.355453+09:00
Campaign Index,10.0,0.0,success,False,2026-08-19T21:15:13.442141+09:00
Campaign Insight,140.0,6.0,success,False,2026-08-17T22:48:03.176041+09:00
Campaign Installment,,,failed,False,2026-08-23T16:11:44.096297+09:00
Campaign Interest,,,failed,False,2026-08-23T13:45:33.532917+09:00
Campaign Item,140.0,73.0,success,False,2026-08-21T01:58:38.358988+09:00
Campaign Journal,110.0,92.0,success,False,2026-08-18T22:05:02.516248+09:00
Campaign Keeper,,,failed,False,2026-08-17T20:38:26.412397+09:00
Campaign Kit,170.0,14.0,success,False,2026-08-27T22:45:58.509654+09:00
Campaign Lab,480.0,3.0,success,False,2026-08-18T07:43:57.402622+09:00
Campaign Label,20.0,13.0,success,False,2026-08-27T22:08:00.127291+09:00
Campaign Ledger,,,failed,False,2026-08-17T20:35:08.080059+09:00
Campaign Lens,,,failed,False,2026-08-17T20:38:53.767345+09:00
Campaign Level,70.0,3.0,success,False,2026-08-19T20:43:22.271749+09:00
Campaign Levy,,,failed,False,2026-08-23T13:45:36.815787+09:00
Campaign Link,320.0,14.0,success,False,2026-08-23T03:23:43.125766+09:00
Campaign List,210.0,2.0,success,False,2026-08-19T21:59:26.927876+09:00
Campaign Loan,20.0,11.0,success,False,2026-08-21T02:14:19.948102+09:00
Campaign Locator,,,failed,False,2026-08-19T00:02:56.248931+09:00
Campaign Lock,,,failed,False,2026-08-17T20:40:41.186342+09:00
Campaign Log,30.0,0.0,success,False,2026-08-19T13:27:42.741110+09:00
Campaign Loop,,,failed,False,2026-08-17T20:45:48.787557+09:00
Campaign Manager,12100.0,14.0,success,False,2026-08-17T20:37:32.011303+09:00
Campaign Manual,10.0,0.0,success,False,2026-08-27T22:08:02.909734+09:00
Campaign Map,390.0,1.0,success,False,2026-08-17T20:39:51.023967+09:00
Campaign Margin,,,failed,False,2026-08-23T02:58:08.701487+09:00
Campaign Marker,,,failed,False,2026-08-23T13:26:19.905298+09:00
Campaign Memo,30.0,0.0,success,False,2026-08-21T00:34:42.810397+09:00
Campaign Message,1600.0,3.0,success,False,2026-08-27T23:11:17.164347+09:00
Campaign Meter,,,failed,False,2026-08-18T07:52:01.229242+09:00
Campaign Metrics,110.0,9.0,success,False,2026-08-17T23:23:26.681151+09:00
Campaign Monitor,33100.0,37.0,success,False,2026-08-17T23:30:19.900529+09:00
Campaign Navigator,,,failed,False,2026-08-17T23:04:56.078956+09:00
Campaign Nexus,10.0,9.0,success,False,2026-08-17T20:41:01.819842+09:00
Campaign Node,,,failed,False,2026-08-17T20:42:36.789908+09:00
Campaign Note,90.0,3.0,success,False,2026-08-19T13:28:41.334086+09:00
Campaign Notification,,,failed,False,2026-08-27T22:45:58.509654+09:00
Campaign Number,50.0,1.0,success,False,2026-08-23T03:23:40.065475+09:00
Campaign Office,320.0,2.0,success,False,2026-08-19T00:03:16.369023+09:00
Campaign Ops,170.0,1.0,success,False,2026-08-17T23:24:26.895595+09:00
Campaign Order,30.0,0.0,success,False,2026-08-19T21:58:48.612097+09:00
Campaign Organizer,90.0,7.0,success,False,2026-08-17T23:08:54.682716+09:00
Campaign Outline,70.0,5.0,success,False,2026-08-27T22:28:42.749169+09:00
Campaign Overdraft,,,failed,False,2026-08-23T15:50:28.386707+09:00
Campaign Overdue,,,failed,False,2026-08-27T21:46:10.871215+09:00
Campaign Panel,20.0,1.0,success,False,2026-08-17T20:33:42.611240+09:00
Campaign Pass,10.0,2.0,success,False,2026-08-21T00:34:09.449100+09:00
Campaign Path,,,failed,False,2026-08-17T20:42:11.427186+09:00
Campaign Petition,90.0,4.0,success,False,2026-08-21T01:07:33.646226+09:00
Campaign Pilot,30.0,17.0,success,False,2026-08-17T20:31:33.560642+09:00
Campaign Plan,1900.0,9.0,success,False,2026-08-21T01:58:44.645317+09:00
Campaign Planner,320.0,32.0,success,False,2026-08-17T23:03:53.626473+09:00
Campaign Playbook,70.0,21.0,success,False,2026-08-18T22:04:51.222507+09:00
Campaign Point,,,failed,False,2026-08-17T20:41:20.787117+09:00
Campaign Portal,50.0,3.0,success,False,2026-08-17T20:35:32.317442+09:00
Campaign Preview,10.0,0.0,success,False,2026-08-28T01:03:43.206787+09:00
Campaign Profile,90.0,1.0,success,False,2026-08-19T13:28:58.111204+09:00
Campaign Profit,,,failed,False,2026-08-23T02:58:01.593171+09:00
Campaign Proposal,320.0,4.0,success,False,2026-08-28T01:03:45.781044+09:00
Campaign Pulse,10.0,3.0,success,False,2026-08-17T20:43:58.581518+09:00
Campaign Queue,,,failed,False,2026-08-19T21:15:37.050210+09:00
Campaign Quota,,,failed,False,2026-08-21T00:34:47.254019+09:00
Campaign Radar,,,failed,False,2026-08-17T20:38:46.053243+09:00
Campaign Rail,,,failed,False,2026-08-17T20:46:14.149623+09:00
Campaign Rank,10.0,0.0,success,False,2026-08-28T00:46:44.536375+09:00
Campaign Rate,50.0,0.0,success,False,2026-08-19T20:43:28.887944+09:00
Campaign Recap,20.0,0.0,success,False,2026-08-21T01:07:45.419245+09:00
Campaign Receipt,,,failed,False,2026-08-19T21:59:04.972402+09:00
Campaign Register,480.0,5.0,success,False,2026-08-17T23:12:08.094400+09:00
Campaign Registry,480.0,5.0,success,False,2026-08-18T22:05:32.001911+09:00
Campaign Relay,,,failed,False,2026-08-17T20:37:58.727524+09:00
Campaign Reminder,10.0,3.0,success,False,2026-08-19T21:14:46.806152+09:00
Campaign Report,590.0,9.0,success,False,2026-08-19T13:27:27.071698+09:00
Campaign Repository,,,failed,False,2026-08-27T23:11:25.184143+09:00
Campaign Result,140.0,1.0,success,False,2026-08-28T00:46:39.262631+09:00
Campaign Roadmap,140.0,6.0,success,False,2026-08-18T22:06:16.619003+09:00
Campaign Roster,10.0,0.0,success,False,2026-08-19T00:38:27.005898+09:00
Campaign Route,10.0,0.0,success,False,2026-08-17T20:48:44.119140+09:00
Campaign Rule,,,failed,False,2026-08-23T03:23:46.825883+09:00
Campaign Sale,880.0,11.0,success,False,2026-08-21T02:30:00.318623+09:00
Campaign Sample,90.0,4.0,success,False,2026-08-19T22:00:08.446877+09:00
Campaign Scale,,,failed,False,2026-08-18T07:52:13.300527+09:00
Campaign Scanner,,,failed,False,2026-08-27T23:53:00.851680+09:00
Campaign Scheduler,210.0,4.0,success,False,2026-08-17T23:30:05.459796+09:00
Campaign Scope,20.0,0.0,success,False,2026-08-17T20:46:51.703605+09:00
Campaign Score,40.0,7.0,success,False,2026-08-19T13:28:26.877196+09:00
Campaign Sentry,,,failed,False,2026-08-17T20:39:20.129592+09:00
Campaign Sheet,50.0,6.0,success,False,2026-08-19T13:28:08.778125+09:00
Campaign Signal,,,failed,False,2026-08-18T01:28:07.797651+09:00
Campaign Signature,1900.0,0.0,success,True,2026-08-23T13:26:17.496993+09:00
Campaign Slip,,,failed,False,2026-08-19T21:59:55.438905+09:00
Campaign Slot,,,failed,False,2026-08-19T22:00:20.280558+09:00
Campaign Snapshot,30.0,2.0,success,False,2026-08-18T22:05:13.758359+09:00
Campaign Stage,110.0,0.0,success,False,2026-08-28T00:46:39.262631+09:00
Campaign Stake,,,failed,False,2026-08-23T02:58:06.031542+09:00
Campaign Stamp,,,failed,False,2026-08-23T13:26:25.215433+09:00
Campaign Statement,140.0,0.0,success,False,2026-08-21T00:34:27.900194+09:00
Campaign Station,30.0,6.0,success,False,2026-08-18T07:43:57.402622+09:00
Campaign Status,110.0,3.0,success,False,2026-08-19T20:42:48.667396+09:00
Campaign Stipend,,,failed,False,2026-08-23T13:45:39.021067+09:00
Campaign Stub,,,failed,False,2026-08-21T00:34:23.360801+09:00
Campaign Studio,170.0,18.0,success,False,2026-08-17T20:32:07.300250+09:00
Campaign Subsidy,,,failed,False,2026-08-23T15:50:30.977463+09:00
Campaign Suite,20.0,19.0,success,False,2026-08-17T23:29:31.685360+09:00
Campaign Sum,,,failed,False,2026-08-21T02:29:47.040271+09:00
Campaign Summary,90.0,2.0,success,False,2026-08-19T21:14:25.391974+09:00
Campaign Surtax,,,failed,False,2026-08-23T15:50:35.558538+09:00
Campaign Sync,20.0,17.0,success,False,2026-08-17T20:34:40.569545+09:00
Campaign Table,480.0,100.0,success,False,2026-08-19T21:59:35.883958+09:00
Campaign Tag,110.0,4.0,success,False,2026-08-19T13:28:50.400701+09:00
Campaign Tally,,,failed,False,2026-08-21T00:34:32.979761+09:00
Campaign Tariff,,,failed,False,2026-08-21T02:44:49.670355+09:00
Campaign Tax,,,failed,False,2026-08-21T02:14:16.325639+09:00
Campaign Ticket,20.0,0.0,success,False,2026-08-19T21:15:25.328836+09:00
Campaign Tier,,,failed,False,2026-08-28T00:46:44.536375+09:00
Campaign Timeline,480.0,5.0,success,False,2026-08-19T21:14:36.641890+09:00
Campaign Timer,,,failed,False,2026-08-28T00:23:00.112605+09:00
Campaign Token,40.0,45.0,success,False,2026-08-23T13:26:17.496993+09:00
Campaign Toll,,,failed,False,2026-08-21T02:44:44.036553+09:00
Campaign Toolbox,20.0,2.0,success,False,2026-08-28T00:23:08.180984+09:00
Campaign Toolkit,320.0,5.0,success,False,2026-08-18T22:04:42.771017+09:00
Campaign Total,,,failed,False,2026-08-27T23:11:19.629691+09:00
Campaign Tracker,2400.0,5.0,success,False,2026-08-17T20:35:38.392873+09:00
Campaign Trail,9900.0,0.0,success,True,2026-08-17T20:45:24.269018+09:00
Campaign Trend,10.0,11.0,success,False,2026-08-28T01:03:40.758183+09:00
Campaign Trial,30.0,0.0,success,False,2026-08-27T21:14:09.355453+09:00
Campaign Unit,10.0,0.0,success,False,2026-08-21T01:58:41.656184+09:00
Campaign Update,70.0,0.0,success,False,2026-08-19T20:43:39.981777+09:00
Campaign Value,,,failed,False,2026-08-23T02:58:03.774409+09:00
Campaign Vault,,,failed,False,2026-08-17T20:36:59.320935+09:00
Campaign Version,,,failed,False,2026-08-23T03:23:43.125766+09:00
Campaign View,50.0,5.0,success,False,2026-08-19T20:43:01.232728+09:00
Campaign Voucher,20.0,15.0,success,False,2026-08-21T00:34:14.211470+09:00
Campaign Wallet,,,failed,False,2026-08-27T22:46:02.765409+09:00
Campaign Watch,40.0,51.0,success,False,2026-08-17T20:48:09.439521+09:00
Campaign Wave,,,failed,False,2026-08-17T20:43:05.974432+09:00
Campaign Widget,,,failed,False,2026-08-27T23:11:19.629691+09:00
Campaign Workbench,,,failed,False,2026-08-18T22:04:32.030179+09:00
Campaign Worksheet,10.0,14.0,success,False,2026-08-27T22:08:06.352004+09:00
Campaign Workshop,40.0,1.0,success,False,2026-08-28T00:23:02.722044+09:00
Campaign Zone,30.0,1.0,success,False,2026-08-17T20:36:26.800121+09:00
Cancellation Advance,,,failed,False,2026-08-23T16:16:51.381360+09:00
Cancellation Advisory,,,failed,False,2026-08-21T01:07:31.229292+09:00
Cancellation Alert,480.0,0.0,success,False,2026-08-19T22:02:02.684993+09:00
Cancellation Allowance,,,failed,False,2026-08-21T02:37:05.084488+09:00
Cancellation Analyzer,,,failed,False,2026-08-27T23:56:05.344982+09:00
Cancellation Announcement,70.0,0.0,success,False,2026-08-27T23:34:22.055868+09:00
Cancellation Arrears,,,failed,False,2026-08-23T16:16:48.615272+09:00
Cancellation Assistant,,,failed,False,2026-08-19T21:57:14.341308+09:00
Cancellation Atlas,,,failed,False,2026-08-19T21:56:30.340313+09:00
Cancellation Attribute,,,failed,False,2026-08-23T13:07:04.865387+09:00
Cancellation Badge,,,failed,False,2026-08-21T00:32:11.459467+09:00
Cancellation Balance,,,failed,False,2026-08-23T13:47:51.726767+09:00
Cancellation Beacon,,,failed,False,2026-08-19T21:49:47.542279+09:00
Cancellation Bill,20.0,0.0,success,False,2026-08-19T21:46:13.716197+09:00
Cancellation Bin,,,failed,False,2026-08-19T22:02:25.837553+09:00
Cancellation Board,,,failed,False,2026-08-19T21:53:06.381329+09:00
Cancellation Book,1300.0,7.0,success,False,2026-08-19T21:47:16.114306+09:00
Cancellation Booth,,,failed,False,2026-08-19T22:00:01.898557+09:00
Cancellation Bridge,,,failed,False,2026-08-19T21:50:26.967968+09:00
Cancellation Brief,,,failed,False,2026-08-21T01:07:21.862187+09:00
Cancellation Bulletin,,,failed,False,2026-08-21T01:07:17.420617+09:00
Cancellation Cabinet,,,failed,False,2026-08-27T23:12:32.092351+09:00
Cancellation Calculator,170.0,0.0,success,False,2026-08-27T23:34:22.055868+09:00
Cancellation Calendar,,,failed,False,2026-08-19T21:58:54.005326+09:00
Cancellation Card,880.0,1.0,success,False,2026-08-19T22:04:03.389101+09:00
Cancellation Cascade,,,failed,False,2026-08-19T21:50:15.861548+09:00
Cancellation Cash,,,failed,False,2026-08-21T02:30:00.318623+09:00
Cancellation Category,,,failed,False,2026-08-23T13:07:04.865387+09:00
Cancellation Center,,,failed,False,2026-08-19T21:54:16.215789+09:00
Cancellation Chain,,,failed,False,2026-08-19T21:55:47.244669+09:00
Cancellation Charge,49500.0,1.0,success,False,2026-08-21T02:36:53.900229+09:00
Cancellation Chart,,,failed,False,2026-08-19T22:02:16.192857+09:00
Cancellation Check,27100.0,0.0,success,True,2026-08-19T22:04:23.242123+09:00
Cancellation Checker,390.0,2.0,success,False,2026-08-27T23:56:00.047193+09:00
Cancellation Circular,,,failed,False,2026-08-21T01:07:26.518810+09:00
Cancellation Code,260.0,0.0,success,False,2026-08-19T21:46:35.740872+09:00
Cancellation Companion,,,failed,False,2026-08-19T21:57:56.725251+09:00
Cancellation Comparison,,,failed,False,2026-08-28T01:07:16.006245+09:00
Cancellation Compass,,,failed,False,2026-08-19T21:49:37.354385+09:00
Cancellation Confirmation,1600.0,0.0,success,True,2026-08-21T01:07:39.342209+09:00
Cancellation Console,,,failed,False,2026-08-19T21:54:48.895899+09:00
Cancellation Copayment,,,failed,False,2026-08-23T16:40:21.439904+09:00
Cancellation Cost,90.0,0.0,success,False,2026-08-21T02:12:49.636286+09:00
Cancellation Count,,,failed,False,2026-08-27T22:46:56.250105+09:00
Cancellation Counter,,,failed,False,2026-08-19T21:59:42.241525+09:00
Cancellation Deal,,,failed,False,2026-08-21T01:56:21.292165+09:00
Cancellation Debt,1300.0,36.0,success,False,2026-08-21T02:29:53.730886+09:00
Cancellation Desk,,,failed,False,2026-08-19T21:48:55.925505+09:00
Cancellation Detail,,,failed,False,2026-08-23T03:18:00.174345+09:00
Cancellation Detector,,,failed,False,2026-08-27T23:56:02.652689+09:00
Cancellation Directory,,,failed,False,2026-08-19T21:59:01.960523+09:00
Cancellation Dossier,,,failed,False,2026-08-21T01:07:43.373010+09:00
Cancellation Draft,,,failed,False,2026-08-19T22:06:41.403506+09:00
Cancellation Due,,,failed,False,2026-08-23T15:52:44.896002+09:00
Cancellation Duty,,,failed,False,2026-08-21T02:36:58.611410+09:00
Cancellation Endowment,,,failed,False,2026-08-23T15:52:44.896002+09:00
Cancellation Engine,,,failed,False,2026-08-19T21:57:05.603826+09:00
Cancellation Entry,,,failed,False,2026-08-21T01:07:54.087465+09:00
Cancellation Estimate,,,failed,False,2026-08-19T22:07:56.620143+09:00
Cancellation Estimator,,,failed,False,2026-08-27T23:55:53.687521+09:00
Cancellation Excerpt,,,failed,False,2026-08-21T01:07:49.697646+09:00
Cancellation Fare,10.0,0.0,success,False,2026-08-21T02:12:54.787375+09:00
Cancellation Fee,5400.0,0.0,success,True,2026-08-21T01:56:03.758206+09:00
Cancellation Feed,,,failed,False,2026-08-19T22:06:32.723316+09:00
Cancellation File,90.0,0.0,success,False,2026-08-19T22:05:48.495667+09:00
Cancellation Finder,30.0,38.0,success,False,2026-08-19T21:59:19.992699+09:00
Cancellation Fine,,,failed,False,2026-08-23T02:53:34.328450+09:00
Cancellation Flag,,,failed,False,2026-08-21T00:32:52.523477+09:00
Cancellation Flow,110.0,1.0,success,False,2026-08-19T21:48:22.940977+09:00
Cancellation Forge,,,failed,False,2026-08-19T21:50:00.809390+09:00
Cancellation Form,1600.0,1.0,success,False,2026-08-19T22:03:52.975095+09:00
Cancellation Format,1600.0,1.0,success,False,2026-08-23T13:07:10.531607+09:00
Cancellation Fund,,,failed,False,2026-08-21T02:29:56.209810+09:00
Cancellation Gate,,,failed,False,2026-08-19T21:56:08.103899+09:00
Cancellation Generator,,,failed,False,2026-08-27T23:34:29.939711+09:00
Cancellation Grade,,,failed,False,2026-08-21T00:32:34.737926+09:00
Cancellation Graph,,,failed,False,2026-08-27T22:07:30.403670+09:00
Cancellation Grid,,,failed,False,2026-08-19T21:51:20.233471+09:00
Cancellation Guarantee,40.0,6.0,success,False,2026-08-28T01:07:22.099845+09:00
Cancellation Guardian,,,failed,False,2026-08-28T00:25:31.999960+09:00
Cancellation Helpdesk,,,failed,False,2026-08-27T22:46:59.897454+09:00
Cancellation Helper,,,failed,False,2026-08-28T00:25:34.855882+09:00
Cancellation History,10.0,0.0,success,False,2026-08-19T22:05:40.444282+09:00
Cancellation Hub,90.0,5.0,success,False,2026-08-19T21:48:37.941943+09:00
Cancellation Identifier,,,failed,False,2026-08-23T13:07:02.783000+09:00
Cancellation Inbox,10.0,,success,False,2026-08-19T22:01:53.877884+09:00
Cancellation Index,10.0,0.0,success,False,2026-08-19T22:07:25.606827+09:00
Cancellation Interest,,,failed,False,2026-08-23T13:47:56.055627+09:00
Cancellation Item,,,failed,False,2026-08-21T01:56:06.760187+09:00
Cancellation Journal,,,failed,False,2026-08-19T21:58:34.362639+09:00
Cancellation Keeper,,,failed,False,2026-08-19T21:56:44.387128+09:00
Cancellation Label,,,failed,False,2026-08-27T22:07:37.591593+09:00
Cancellation Ledger,,,failed,False,2026-08-19T21:52:53.016557+09:00
Cancellation Level,,,failed,False,2026-08-19T22:06:01.682265+09:00
Cancellation Levy,,,failed,False,2026-08-23T13:47:58.149011+09:00
Cancellation Line,320.0,3.0,success,False,2026-08-19T22:03:05.892678+09:00
Cancellation Link,140.0,0.0,success,False,2026-08-23T03:17:54.192615+09:00
Cancellation List,1000.0,1.0,success,False,2026-08-19T21:46:47.844671+09:00
Cancellation Loan,,,failed,False,2026-08-21T02:13:04.369688+09:00
Cancellation Lobby,,,failed,False,2026-08-19T22:02:47.197172+09:00
Cancellation Locator,,,failed,False,2026-08-19T21:59:09.702480+09:00
Cancellation Log,,,failed,False,2026-08-19T22:03:42.018748+09:00
Cancellation Loop,,,failed,False,2026-08-19T21:51:10.797801+09:00
Cancellation Manager,,,failed,False,2026-08-19T21:56:53.361235+09:00
Cancellation Manual,,,failed,False,2026-08-27T22:07:37.591593+09:00
Cancellation Map,,,failed,False,2026-08-19T21:52:07.578129+09:00
Cancellation Margin,,,failed,False,2026-08-23T02:53:30.954147+09:00
Cancellation Markup,,,failed,False,2026-08-23T16:40:21.439904+09:00
Cancellation Memo,20.0,0.0,success,False,2026-08-21T00:32:43.028189+09:00
Cancellation Message,1000.0,0.0,success,True,2026-08-27T23:12:19.702811+09:00
Cancellation Monitor,,,failed,False,2026-08-19T21:57:47.268344+09:00
Cancellation Nexus,,,failed,False,2026-08-19T21:56:18.827565+09:00
Cancellation Note,480.0,0.0,success,False,2026-08-19T22:04:45.902658+09:00
Cancellation Notification,390.0,0.0,success,False,2026-08-27T22:46:48.643972+09:00
Cancellation Number,590.0,0.0,success,False,2026-08-23T03:17:44.508741+09:00
Cancellation Office,,,failed,False,2026-08-19T21:59:32.934011+09:00
Cancellation Ops,,,failed,False,2026-08-19T21:58:17.004802+09:00
Cancellation Order,12100.0,1.0,success,False,2026-08-19T21:46:01.527373+09:00
Cancellation Overdue,,,failed,False,2026-08-27T21:46:06.267558+09:00
Cancellation Panel,,,failed,False,2026-08-19T21:55:00.630940+09:00
Cancellation Pass,,,failed,False,2026-08-21T00:31:57.081328+09:00
Cancellation Path,,,failed,False,2026-08-19T21:51:42.287097+09:00
Cancellation Penalty,590.0,0.0,success,False,2026-08-23T16:40:21.439904+09:00
Cancellation Petition,,,failed,False,2026-08-21T01:07:35.741700+09:00
Cancellation Plan,1600.0,1.0,success,False,2026-08-21T01:56:16.843249+09:00
Cancellation Planner,,,failed,False,2026-08-19T21:57:24.591826+09:00
Cancellation Playbook,,,failed,False,2026-08-19T21:58:27.685601+09:00
Cancellation Point,20.0,0.0,success,False,2026-08-19T21:51:54.755817+09:00
Cancellation Portal,110.0,1.0,success,False,2026-08-19T21:54:39.483113+09:00
Cancellation Post,170.0,0.0,success,False,2026-08-19T22:00:43.745625+09:00
Cancellation Preview,,,failed,False,2026-08-28T01:07:19.474773+09:00
Cancellation Profile,,,failed,False,2026-08-19T22:05:08.787907+09:00
Cancellation Profit,,,failed,False,2026-08-23T02:53:22.590239+09:00
Cancellation Proposal,,,failed,False,2026-08-28T01:07:22.099845+09:00
Cancellation Quota,,,failed,False,2026-08-21T00:32:47.883810+09:00
Cancellation Radar,,,failed,False,2026-08-19T21:49:05.079544+09:00
Cancellation Rate,390.0,0.0,success,False,2026-08-19T22:06:09.459067+09:00
Cancellation Recap,,,failed,False,2026-08-21T01:07:47.643040+09:00
Cancellation Receipt,390.0,0.0,success,False,2026-08-19T21:46:26.862344+09:00
Cancellation Registry,,,failed,False,2026-08-19T21:58:41.732793+09:00
Cancellation Relay,,,failed,False,2026-08-19T21:49:16.162945+09:00
Cancellation Reminder,,,failed,False,2026-08-19T22:07:15.173390+09:00
Cancellation Report,320.0,0.0,success,False,2026-08-19T22:03:32.806508+09:00
Cancellation Repository,,,failed,False,2026-08-27T23:12:32.092351+09:00
Cancellation Result,,,failed,False,2026-08-28T00:48:02.582128+09:00
Cancellation Roll,,,failed,False,2026-08-19T22:03:23.353107+09:00
Cancellation Roster,,,failed,False,2026-08-19T22:01:45.686906+09:00
Cancellation Route,,,failed,False,2026-08-19T21:55:18.484182+09:00
Cancellation Rule,90.0,1.0,success,False,2026-08-23T03:17:56.844473+09:00
Cancellation Sale,,,failed,False,2026-08-21T02:30:05.549953+09:00
Cancellation Sample,30.0,0.0,success,False,2026-08-19T21:47:43.048701+09:00
Cancellation Scale,,,failed,False,2026-08-19T21:55:09.455728+09:00
Cancellation Scanner,,,failed,False,2026-08-27T23:56:00.047193+09:00
Cancellation Scheduler,,,failed,False,2026-08-19T21:57:37.806809+09:00
Cancellation Score,,,failed,False,2026-08-19T22:04:34.418517+09:00
Cancellation Sheet,170.0,0.0,success,False,2026-08-19T22:04:13.367774+09:00
Cancellation Signal,,,failed,False,2026-08-19T21:50:37.216187+09:00
Cancellation Signature,,,failed,False,2026-08-23T13:27:51.587934+09:00
Cancellation Slip,20.0,0.0,success,False,2026-08-19T21:47:30.295909+09:00
Cancellation Slot,20.0,0.0,success,False,2026-08-19T21:47:55.928943+09:00
Cancellation Stage,,,failed,False,2026-08-28T00:47:59.038217+09:00
Cancellation Stake,,,failed,False,2026-08-23T02:53:27.977389+09:00
Cancellation Statement,170.0,0.0,success,False,2026-08-21T00:32:24.105621+09:00
Cancellation Station,,,failed,False,2026-08-19T21:53:54.593034+09:00
Cancellation Status,70.0,0.0,success,False,2026-08-19T22:05:22.514727+09:00
Cancellation Stub,,,failed,False,2026-08-21T00:32:15.885792+09:00
Cancellation Sum,,,failed,False,2026-08-21T02:29:49.445628+09:00
Cancellation Summary,40.0,0.0,success,False,2026-08-19T22:06:50.618817+09:00
Cancellation Surtax,,,failed,False,2026-08-23T15:52:46.857399+09:00
Cancellation Tab,,,failed,False,2026-08-21T00:32:57.061306+09:00
Cancellation Table,90.0,0.0,success,False,2026-08-19T21:47:01.107836+09:00
Cancellation Tag,,,failed,False,2026-08-19T22:04:57.454275+09:00
Cancellation Tally,,,failed,False,2026-08-21T00:32:28.890378+09:00
Cancellation Tariff,,,failed,False,2026-08-21T02:37:11.292116+09:00
Cancellation Tax,,,failed,False,2026-08-21T02:12:59.494269+09:00
Cancellation Terminal,,,failed,False,2026-08-19T21:54:06.004532+09:00
Cancellation Ticker,,,failed,False,2026-08-19T22:02:54.876263+09:00
Cancellation Ticket,12100.0,1.0,success,False,2026-08-19T22:07:37.028999+09:00
Cancellation Timeline,,,failed,False,2026-08-19T22:07:01.913828+09:00
Cancellation Timer,,,failed,False,2026-08-28T00:25:29.232687+09:00
Cancellation Toll,,,failed,False,2026-08-21T02:37:01.944995+09:00
Cancellation Toolbox,,,failed,False,2026-08-28T00:25:34.855882+09:00
Cancellation Total,,,failed,False,2026-08-27T23:12:25.065400+09:00
Cancellation Tracker,170.0,4.0,success,False,2026-08-19T21:48:11.031110+09:00
Cancellation Trail,,,failed,False,2026-08-19T21:55:34.064895+09:00
Cancellation Trend,,,failed,False,2026-08-28T01:07:13.467074+09:00
Cancellation Trial,,,failed,False,2026-08-27T21:13:25.046826+09:00
Cancellation Unit,,,failed,False,2026-08-21T01:56:12.510800+09:00
Cancellation Update,,,failed,False,2026-08-19T22:06:18.009667+09:00
Cancellation Value,10.0,0.0,success,False,2026-08-23T02:53:25.456581+09:00
Cancellation Vault,,,failed,False,2026-08-19T21:49:26.172736+09:00
Cancellation Version,,,failed,False,2026-08-23T03:17:50.653872+09:00
Cancellation View,,,failed,False,2026-08-19T22:05:32.455871+09:00
Cancellation Voucher,50.0,0.0,success,False,2026-08-21T00:32:03.646563+09:00
Cancellation Watch,90.0,0.0,success,False,2026-08-19T21:50:49.199189+09:00
Cancellation Wave,,,failed,False,2026-08-19T21:51:28.846204+09:00
Cancellation Widget,,,failed,False,2026-08-27T23:12:29.033332+09:00
Cancellation Window,170.0,0.0,success,False,2026-08-19T22:03:14.947098+09:00
Cancellation Worksheet,50.0,0.0,success,False,2026-08-27T22:07:41.421571+09:00
Cancellation Zone,,,failed,False,2026-08-19T21:54:30.567883+09:00
Candidate Advance,,,failed,False,2026-08-23T16:12:59.279314+09:00
Candidate Allowance,,,failed,False,2026-08-21T02:43:35.121601+09:00
Candidate Almanac,,,failed,False,2026-08-18T22:10:58.146959+09:00
Candidate Analyzer,10.0,,success,False,2026-08-27T23:57:28.605750+09:00
Candidate Anchor,,,failed,False,2026-08-17T20:37:58.727524+09:00
Candidate Arrears,,,failed,False,2026-08-23T16:12:54.608017+09:00
Candidate Assistant,10.0,0.0,success,False,2026-08-17T23:13:04.753315+09:00
Candidate Atlas,,,failed,False,2026-08-17T20:43:48.259554+09:00
Candidate Attribute,,,failed,False,2026-08-23T13:09:27.676904+09:00
Candidate Badge,10.0,0.0,success,False,2026-08-21T00:26:10.737162+09:00
Candidate Base,10.0,46.0,success,False,2026-08-17T20:40:51.053535+09:00
Candidate Beacon,,,failed,False,2026-08-17T20:41:16.510977+09:00
Candidate Bill,,,failed,False,2026-08-19T22:02:19.043714+09:00
Candidate Blueprint,,,failed,False,2026-08-18T22:10:48.955418+09:00
Candidate Board,50.0,0.0,success,False,2026-08-17T20:38:14.865229+09:00
Candidate Book,40.0,1.0,success,False,2026-08-19T22:03:08.515859+09:00
Candidate Bridge,,,failed,False,2026-08-17T20:38:46.053243+09:00
Candidate Brief,70.0,4.0,success,False,2026-08-21T01:01:07.549578+09:00
Candidate Bulletin,40.0,0.0,success,False,2026-08-21T01:01:03.307399+09:00
Candidate Calendar,10.0,0.0,success,False,2026-08-19T00:02:09.626106+09:00
Candidate Card,110.0,17.0,success,False,2026-08-19T13:35:09.228952+09:00
Candidate Cascade,,,failed,False,2026-08-17T20:39:41.640400+09:00
Candidate Cash,,,failed,False,2026-08-21T02:27:29.296336+09:00
Candidate Cashback,,,failed,False,2026-08-27T21:15:49.145755+09:00
Candidate Catalog,,,failed,False,2026-08-19T21:17:13.210771+09:00
Candidate Category,30.0,0.0,success,False,2026-08-23T13:09:25.406302+09:00
Candidate Center,90.0,2.0,success,False,2026-08-17T20:32:26.534581+09:00
Candidate Chain,,,failed,False,2026-08-17T20:32:38.453320+09:00
Candidate Charge,,,failed,False,2026-08-21T02:43:21.598191+09:00
Candidate Check,3600.0,14.0,success,False,2026-08-19T13:35:23.963790+09:00
Candidate Checker,3600.0,14.0,success,False,2026-08-27T23:57:19.436881+09:00
Candidate Checklist,30.0,5.0,success,False,2026-08-19T21:16:09.798326+09:00
Candidate Cockpit,10.0,2.0,success,False,2026-08-17T23:08:46.290392+09:00
Candidate Code,90.0,0.0,success,False,2026-08-19T22:02:37.152847+09:00
Candidate Codex,,,failed,False,2026-08-18T22:11:11.945944+09:00
Candidate Companion,,,failed,False,2026-08-17T23:11:08.683373+09:00
Candidate Comparison,210.0,1.0,success,False,2026-08-28T01:08:09.929341+09:00
Candidate Compass,,,failed,False,2026-08-18T07:52:10.902319+09:00
Candidate Compendium,,,failed,False,2026-08-18T22:11:05.779319+09:00
Candidate Confirmation,10.0,0.0,success,False,2026-08-21T01:01:20.027256+09:00
Candidate Console,,,failed,False,2026-08-17T20:40:53.994191+09:00
Candidate Contribution,20.0,3.0,success,False,2026-08-23T16:12:51.127665+09:00
Candidate Converter,,,failed,False,2026-08-27T23:35:24.571352+09:00
Candidate Core,,,failed,False,2026-08-17T20:40:05.754832+09:00
Candidate Cost,,,failed,False,2026-08-21T02:11:04.805408+09:00
Candidate Count,20.0,0.0,success,False,2026-08-27T22:48:47.363219+09:00
Candidate Counter,20.0,0.0,success,False,2026-08-19T00:02:56.248931+09:00
Candidate Coupon,,,failed,False,2026-08-27T21:15:44.469109+09:00
Candidate Dashboard,390.0,7.0,success,False,2026-08-17T23:03:53.626473+09:00
Candidate Deal,,,failed,False,2026-08-21T01:54:53.118600+09:00
Candidate Debt,,,failed,False,2026-08-21T02:27:23.796384+09:00
Candidate Deck,,,failed,False,2026-08-17T20:37:19.032635+09:00
Candidate Depot,,,failed,False,2026-08-19T00:02:39.195734+09:00
Candidate Desk,,,failed,False,2026-08-17T20:34:55.202462+09:00
Candidate Detail,30.0,0.0,success,False,2026-08-23T03:23:31.641874+09:00
Candidate Diagram,,,failed,False,2026-08-27T22:10:29.150854+09:00
Candidate Dial,,,failed,False,2026-08-17T20:39:15.324728+09:00
Candidate Digest,,,failed,False,2026-08-19T20:41:45.467674+09:00
Candidate Directory,,,failed,False,2026-08-19T00:02:15.189621+09:00
Candidate Discount,,,failed,False,2026-08-23T16:12:43.953628+09:00
Candidate Dock,,,failed,False,2026-08-17T20:35:32.317442+09:00
Candidate Dossier,,,failed,False,2026-08-21T01:01:22.274781+09:00
Candidate Downpayment,,,failed,False,2026-08-27T21:47:00.631100+09:00
Candidate Draft,,,failed,False,2026-08-19T20:41:59.995024+09:00
Candidate Due,,,failed,False,2026-08-23T15:51:01.656182+09:00
Candidate Duty,,,failed,False,2026-08-21T02:43:25.318568+09:00
Candidate Endowment,,,failed,False,2026-08-23T15:51:07.589062+09:00
Candidate Engine,,,failed,False,2026-08-17T23:05:09.501218+09:00
Candidate Entry,,,failed,False,2026-08-21T01:01:32.949178+09:00
Candidate Estimate,,,failed,False,2026-08-19T21:16:59.496910+09:00
Candidate Fare,,,failed,False,2026-08-21T02:11:11.149564+09:00
Candidate Fee,,,failed,False,2026-08-21T01:54:32.681048+09:00
Candidate Feed,,,failed,False,2026-08-19T20:41:51.151726+09:00
Candidate Field,,,failed,False,2026-08-23T13:09:30.268446+09:00
Candidate File,170.0,0.0,success,False,2026-08-19T20:41:13.496418+09:00
Candidate Finder,30.0,56.0,success,False,2026-08-19T00:02:30.122335+09:00
Candidate Fine,,,failed,False,2026-08-23T02:57:50.579977+09:00
Candidate Flag,,,failed,False,2026-08-21T00:26:43.816315+09:00
Candidate Flow,2400.0,51.0,success,False,2026-08-17T20:37:51.221015+09:00
Candidate Forge,,,failed,False,2026-08-17T20:40:33.502804+09:00
Candidate Form,320.0,1.0,success,False,2026-08-19T13:34:25.531210+09:00
Candidate Format,,,failed,False,2026-08-23T13:09:32.906091+09:00
Candidate Frame,10.0,,success,False,2026-08-17T20:41:41.231730+09:00
Candidate Fund,,,failed,False,2026-08-21T02:27:26.146379+09:00
Candidate Gate,,,failed,False,2026-08-17T20:45:35.834234+09:00
Candidate Giveaway,,,failed,False,2026-08-27T21:15:51.614768+09:00
Candidate Grade,,,failed,False,2026-08-21T00:26:28.007677+09:00
Candidate Graph,,,failed,False,2026-08-27T22:10:19.864578+09:00
Candidate Grid,,,failed,False,2026-08-17T20:33:09.747000+09:00
Candidate Guarantee,,,failed,False,2026-08-28T01:08:15.051453+09:00
Candidate Guard,,,failed,False,2026-08-17T20:40:29.235539+09:00
Candidate Guidebook,,,failed,False,2026-08-18T22:10:32.480742+09:00
Candidate Helpdesk,,,failed,False,2026-08-27T22:48:53.744553+09:00
Candidate Helper,10.0,0.0,success,False,2026-08-28T00:26:34.139001+09:00
Candidate History,30.0,0.0,success,False,2026-08-19T20:41:06.982103+09:00
Candidate Hotline,,,failed,False,2026-08-19T21:17:23.744501+09:00
Candidate Hub,880.0,16.0,success,False,2026-08-17T20:36:52.122948+09:00
Candidate Identifier,1000.0,0.0,success,True,2026-08-23T13:09:22.371145+09:00
Candidate Incentive,,,failed,False,2026-08-27T21:15:51.614768+09:00
Candidate Index,,,failed,False,2026-08-19T21:16:21.953049+09:00
Candidate Insight,,,failed,False,2026-08-17T23:13:59.220189+09:00
Candidate Installment,,,failed,False,2026-08-23T16:12:46.857371+09:00
Candidate Interest,10.0,0.0,success,False,2026-08-23T13:45:48.186439+09:00
Candidate Item,,,failed,False,2026-08-21T01:54:37.378039+09:00
Candidate Journal,,,failed,False,2026-08-18T22:10:16.418477+09:00
Candidate Keeper,,,failed,False,2026-08-17T20:42:02.791525+09:00
Candidate Kit,10.0,0.0,success,False,2026-08-27T22:48:44.890397+09:00
Candidate Lab,10.0,10.0,success,False,2026-08-17T20:35:22.813816+09:00
Candidate Label,,,failed,False,2026-08-27T22:10:23.604541+09:00
Candidate Ledger,,,failed,False,2026-08-17T20:39:12.627798+09:00
Candidate Lens,,,failed,False,2026-08-17T20:42:21.345142+09:00
Candidate Level,,,failed,False,2026-08-19T20:41:22.304179+09:00
Candidate Link,110.0,19.0,success,False,2026-08-23T03:23:25.330676+09:00
Candidate List,3600.0,1.0,success,False,2026-08-19T22:02:50.225246+09:00
Candidate Loan,,,failed,False,2026-08-21T02:11:18.638927+09:00
Candidate Locator,,,failed,False,2026-08-19T00:02:24.547164+09:00
Candidate Lock,,,failed,False,2026-08-17T20:44:11.907751+09:00
Candidate Log,12100.0,1.0,success,False,2026-08-19T13:34:15.397109+09:00
Candidate Loop,,,failed,False,2026-08-17T20:34:09.472739+09:00
Candidate Manager,480.0,14.0,success,False,2026-08-17T20:41:13.511022+09:00
Candidate Manual,,,failed,False,2026-08-27T22:10:23.604541+09:00
Candidate Map,20.0,0.0,success,False,2026-08-17T20:43:18.551816+09:00
Candidate Margin,,,failed,False,2026-08-23T02:57:47.800883+09:00
Candidate Markup,,,failed,False,2026-08-23T16:38:16.847667+09:00
Candidate Memo,,,failed,False,2026-08-21T00:26:33.622421+09:00
Candidate Message,10.0,0.0,success,False,2026-08-27T23:14:15.197354+09:00
Candidate Meter,10.0,0.0,success,False,2026-08-17T20:38:21.061174+09:00
Candidate Metrics,10.0,19.0,success,False,2026-08-17T23:09:32.191803+09:00
Candidate Monitor,,,failed,False,2026-08-17T23:14:44.117441+09:00
Candidate Navigator,,,failed,False,2026-08-17T23:15:30.972429+09:00
Candidate Nexus,,,failed,False,2026-08-17T20:44:33.462366+09:00
Candidate Node,,,failed,False,2026-08-18T07:52:15.038723+09:00
Candidate Note,,,failed,False,2026-08-19T13:35:50.277889+09:00
Candidate Notification,,,failed,False,2026-08-27T22:48:44.890397+09:00
Candidate Number,1600.0,0.0,success,True,2026-08-23T03:23:22.521378+09:00
Candidate Office,260.0,1.0,success,False,2026-08-19T00:02:45.246378+09:00
Candidate Ops,30.0,7.0,success,False,2026-08-17T23:05:39.217461+09:00
Candidate Order,10.0,0.0,success,False,2026-08-19T22:02:05.634117+09:00
Candidate Organizer,,,failed,False,2026-08-17T23:06:59.361333+09:00
Candidate Overage,,,failed,False,2026-08-27T21:46:57.331452+09:00
Candidate Overdraft,,,failed,False,2026-08-23T15:51:03.649898+09:00
Candidate Overdue,,,failed,False,2026-08-27T21:46:52.310844+09:00
Candidate Panel,40.0,2.0,success,False,2026-08-17T20:40:10.157299+09:00
Candidate Pass,10.0,0.0,success,False,2026-08-21T00:25:57.789837+09:00
Candidate Path,10.0,0.0,success,False,2026-08-18T01:28:09.694093+09:00
Candidate Payoff,,,failed,False,2026-08-27T21:46:54.698818+09:00
Candidate Penalty,,,failed,False,2026-08-23T16:38:14.137829+09:00
Candidate Petition,30.0,2.0,success,False,2026-08-21T01:01:15.556861+09:00
Candidate Pilot,,,failed,False,2026-08-17T20:35:52.510868+09:00
Candidate Plan,,,failed,False,2026-08-21T01:54:45.555150+09:00
Candidate Planner,,,failed,False,2026-08-17T23:12:18.901964+09:00
Candidate Playbook,,,failed,False,2026-08-18T22:10:08.621452+09:00
Candidate Point,70.0,0.0,success,False,2026-08-17T20:45:14.001779+09:00
Candidate Portal,6600.0,3.0,success,False,2026-08-18T07:43:57.402622+09:00
Candidate Preview,10.0,0.0,success,False,2026-08-28T01:08:09.929341+09:00
Candidate Profile,4400.0,2.0,success,False,2026-08-19T13:36:52.870932+09:00
Candidate Profit,,,failed,False,2026-08-23T02:57:40.926366+09:00
Candidate Proposal,30.0,0.0,success,False,2026-08-28T01:08:15.051453+09:00
Candidate Pulse,,,failed,False,2026-08-17T20:32:00.957216+09:00
Candidate Queue,,,failed,False,2026-08-19T21:16:46.731573+09:00
Candidate Quota,,,failed,False,2026-08-21T00:26:39.162393+09:00
Candidate Radar,,,failed,False,2026-08-17T20:34:03.344800+09:00
Candidate Rail,,,failed,False,2026-08-17T20:34:35.742752+09:00
Candidate Rank,,,failed,False,2026-08-28T00:48:23.790188+09:00
Candidate Rate,,,failed,False,2026-08-19T20:41:33.167361+09:00
Candidate Receipt,,,failed,False,2026-08-19T22:02:29.042116+09:00
Candidate Register,1300.0,0.0,success,True,2026-08-17T23:10:24.973922+09:00
Candidate Registry,,,failed,False,2026-08-18T22:10:41.322709+09:00
Candidate Relay,,,failed,False,2026-08-17T20:33:01.756540+09:00
Candidate Reminder,,,failed,False,2026-08-19T21:16:00.282567+09:00
Candidate Report,170.0,0.0,success,False,2026-08-19T13:34:06.788909+09:00
Candidate Repository,,,failed,False,2026-08-27T23:14:21.600576+09:00
Candidate Result,3600.0,0.0,success,True,2026-08-28T00:48:21.370495+09:00
Candidate Roadmap,,,failed,False,2026-08-18T22:11:21.547380+09:00
Candidate Roster,,,failed,False,2026-08-19T00:38:10.697868+09:00
Candidate Route,,,failed,False,2026-08-17T20:36:26.800121+09:00
Candidate Rule,,,failed,False,2026-08-23T03:23:29.114948+09:00
Candidate Sale,,,failed,False,2026-08-21T02:27:33.001702+09:00
Candidate Scale,,,failed,False,2026-08-17T20:37:26.547523+09:00
Candidate Scanner,,,failed,False,2026-08-27T23:57:22.809432+09:00
Candidate Scheduler,,,failed,False,2026-08-17T23:07:47.336176+09:00
Candidate Scope,10.0,0.0,success,False,2026-08-17T20:35:03.370957+09:00
Candidate Score,320.0,3.0,success,False,2026-08-19T13:35:44.896452+09:00
Candidate Sentry,,,failed,False,2026-08-17T20:42:50.595044+09:00
Candidate Sheet,40.0,5.0,success,False,2026-08-19T13:35:17.832639+09:00
Candidate Shortfall,,,failed,False,2026-08-27T21:47:03.271568+09:00
Candidate Signal,,,failed,False,2026-08-17T20:36:59.320935+09:00
Candidate Signature,1000.0,0.0,success,True,2026-08-23T13:26:30.213560+09:00
Candidate Slip,20.0,0.0,success,False,2026-08-19T22:03:17.563220+09:00
Candidate Slot,,,failed,False,2026-08-19T22:03:36.532480+09:00
Candidate Snapshot,10.0,26.0,success,False,2026-08-18T22:10:22.903886+09:00
Candidate Stage,,,failed,False,2026-08-28T00:48:21.370495+09:00
Candidate Stake,,,failed,False,2026-08-23T02:57:45.364347+09:00
Candidate Stamp,,,failed,False,2026-08-23T13:26:35.864064+09:00
Candidate Statement,390.0,0.0,success,False,2026-08-21T00:26:18.251155+09:00
Candidate Station,,,failed,False,2026-08-17T20:34:31.529799+09:00
Candidate Status,1900.0,0.0,success,True,2026-08-19T20:40:42.900088+09:00
Candidate Stipend,,,failed,False,2026-08-23T13:45:48.186439+09:00
Candidate Stub,,,failed,False,2026-08-21T00:26:15.934316+09:00
Candidate Studio,,,failed,False,2026-08-17T20:36:20.228244+09:00
Candidate Subsidy,,,failed,False,2026-08-23T15:51:05.565275+09:00
Candidate Suite,,,failed,False,2026-08-17T23:06:02.733299+09:00
Candidate Sum,,,failed,False,2026-08-21T02:27:19.706336+09:00
Candidate Summary,140.0,1.0,success,False,2026-08-19T21:15:38.736251+09:00
Candidate Surtax,,,failed,False,2026-08-23T15:51:09.680113+09:00
Candidate Sync,,,failed,False,2026-08-17T20:38:40.859557+09:00
Candidate Table,30.0,0.0,success,False,2026-08-19T22:02:59.053365+09:00
Candidate Tag,,,failed,False,2026-08-19T13:36:19.763333+09:00
Candidate Tally,,,failed,False,2026-08-21T00:26:23.518919+09:00
Candidate Tariff,,,failed,False,2026-08-21T02:43:37.252901+09:00
Candidate Tax,,,failed,False,2026-08-21T02:11:15.261095+09:00
Candidate Ticket,,,failed,False,2026-08-19T21:16:33.965835+09:00
Candidate Tier,,,failed,False,2026-08-28T00:48:23.790188+09:00
Candidate Timeline,,,failed,False,2026-08-19T21:15:48.074960+09:00
Candidate Timer,,,failed,False,2026-08-28T00:26:29.201404+09:00
Candidate Token,,,failed,False,2026-08-23T13:26:27.447056+09:00
Candidate Toll,,,failed,False,2026-08-21T02:43:28.304823+09:00
Candidate Toolbox,,,failed,False,2026-08-28T00:26:31.699789+09:00
Candidate Toolkit,,,failed,False,2026-08-18T22:10:02.231985+09:00
Candidate Total,,,failed,False,2026-08-27T23:14:15.197354+09:00
Candidate Tracker,390.0,22.0,success,False,2026-08-17T20:39:36.069990+09:00
Candidate Trail,10.0,0.0,success,False,2026-08-17T20:33:42.611240+09:00
Candidate Trend,,,failed,False,2026-08-28T01:08:07.317285+09:00
Candidate Trial,,,failed,False,2026-08-27T21:15:49.145755+09:00
Candidate Unit,,,failed,False,2026-08-21T01:54:42.335376+09:00
Candidate Update,40.0,0.0,success,False,2026-08-19T20:41:37.796650+09:00
Candidate Value,,,failed,False,2026-08-23T02:57:43.117346+09:00
Candidate Vault,,,failed,False,2026-08-17T20:31:52.293572+09:00
Candidate Version,10.0,0.0,success,False,2026-08-23T03:23:25.330676+09:00
Candidate View,50.0,9.0,success,False,2026-08-19T20:40:53.028403+09:00
Candidate Voucher,,,failed,False,2026-08-21T00:26:05.533599+09:00
Candidate Watch,10.0,0.0,success,False,2026-08-17T20:36:00.761105+09:00
Candidate Wave,,,failed,False,2026-08-18T07:52:23.466246+09:00
Candidate Widget,,,failed,False,2026-08-27T23:14:19.159911+09:00
Candidate Workbench,,,failed,False,2026-08-18T22:09:54.168922+09:00
Candidate Worksheet,,,failed,False,2026-08-27T22:10:26.332247+09:00
Candidate Workshop,,,failed,False,2026-08-28T00:26:29.201404+09:00
Candidate Zone,210.0,7.0,success,False,2026-08-18T07:43:57.402622+09:00
Capacitor Advance,170.0,3.0,success,False,2026-08-23T16:16:06.207689+09:00
Capacitor Advisory,,,failed,False,2026-08-21T01:06:10.948985+09:00
Capacitor Alert,10.0,0.0,success,False,2026-08-19T21:15:46.366866+09:00
Capacitor Allowance,,,failed,False,2026-08-21T02:44:18.914187+09:00
Capacitor Asset,20.0,4.0,success,False,2026-08-23T13:47:13.508679+09:00
Capacitor Assistant,,,failed,False,2026-08-19T21:10:20.581807+09:00
Capacitor Atlas,,,failed,False,2026-08-19T21:09:32.906956+09:00
Capacitor Attribute,,,failed,False,2026-08-23T13:06:13.755843+09:00
Capacitor Badge,40.0,0.0,success,False,2026-08-21T00:30:22.823388+09:00
Capacitor Base,,,failed,False,2026-08-19T21:05:30.373866+09:00
Capacitor Bay,,,failed,False,2026-08-19T21:14:05.700076+09:00
Capacitor Beacon,,,failed,False,2026-08-19T21:31:12.885816+09:00
Capacitor Bill,,,failed,False,2026-08-19T22:05:13.355108+09:00
Capacitor Bin,,,failed,False,2026-08-19T21:16:06.341907+09:00
Capacitor Board,320.0,33.0,success,False,2026-08-19T21:06:06.633142+09:00
Capacitor Book,170.0,71.0,success,False,2026-08-19T22:06:01.682265+09:00
Capacitor Bridge,480.0,2.0,success,False,2026-08-19T21:31:35.907614+09:00
Capacitor Brief,,,failed,False,2026-08-21T01:06:03.967646+09:00
Capacitor Bulletin,,,failed,False,2026-08-21T01:05:55.165491+09:00
Capacitor Calculator,2900.0,1.0,success,False,2026-08-27T23:33:37.262266+09:00
Capacitor Calendar,50.0,0.0,success,False,2026-08-19T21:12:12.315865+09:00
Capacitor Card,20.0,0.0,success,False,2026-08-19T21:17:55.830991+09:00
Capacitor Cascade,,,failed,False,2026-08-19T21:31:27.001536+09:00
Capacitor Cash,,,failed,False,2026-08-21T02:27:57.187073+09:00
Capacitor Cashback,,,failed,False,2026-08-27T21:19:33.782503+09:00
Capacitor Category,10.0,1.0,success,False,2026-08-23T13:06:10.168774+09:00
Capacitor Center,,,failed,False,2026-08-19T21:07:11.433627+09:00
Capacitor Chain,10.0,0.0,success,False,2026-08-19T21:08:42.108199+09:00
Capacitor Charge,3600.0,1.0,success,False,2026-08-21T02:44:11.415890+09:00
Capacitor Chart,590.0,1.0,success,False,2026-08-19T21:15:56.084621+09:00
Capacitor Check,9900.0,100.0,success,False,2026-08-19T21:18:14.475118+09:00
Capacitor Circular,20.0,1.0,success,False,2026-08-21T01:06:07.369655+09:00
Capacitor Code,1900.0,4.0,success,False,2026-08-19T22:05:32.455871+09:00
Capacitor Companion,,,failed,False,2026-08-19T21:11:07.162763+09:00
Capacitor Comparison,40.0,1.0,success,False,2026-08-28T01:05:50.050566+09:00
Capacitor Compass,,,failed,False,2026-08-19T21:31:05.316836+09:00
Capacitor Confirmation,,,failed,False,2026-08-21T01:06:17.673460+09:00
Capacitor Console,10.0,,success,False,2026-08-19T21:07:40.402937+09:00
Capacitor Core,390.0,2.0,success,False,2026-08-19T21:05:41.663242+09:00
Capacitor Cost,590.0,20.0,success,False,2026-08-21T02:10:55.409815+09:00
Capacitor Count,,,failed,False,2026-08-27T22:45:28.853044+09:00
Capacitor Counter,,,failed,False,2026-08-19T21:13:07.301000+09:00
Capacitor Coupon,,,failed,False,2026-08-27T21:19:31.239406+09:00
Capacitor Deal,,,failed,False,2026-08-21T01:54:04.879612+09:00
Capacitor Debt,,,failed,False,2026-08-21T02:27:47.388523+09:00
Capacitor Deck,,,failed,False,2026-08-19T21:06:16.769807+09:00
Capacitor Desk,,,failed,False,2026-08-19T21:30:35.144264+09:00
Capacitor Detail,70.0,1.0,success,False,2026-08-23T03:15:41.007114+09:00
Capacitor Detector,10.0,30.0,success,False,2026-08-27T23:54:27.974840+09:00
Capacitor Diagram,6600.0,0.0,success,True,2026-08-27T22:15:25.153546+09:00
Capacitor Directory,,,failed,False,2026-08-19T21:12:24.209579+09:00
Capacitor Discount,,,failed,False,2026-08-23T16:15:57.304809+09:00
Capacitor Dossier,,,failed,False,2026-08-21T01:06:21.603341+09:00
Capacitor Downpayment,,,failed,False,2026-08-27T21:50:37.116413+09:00
Capacitor Draft,,,failed,False,2026-08-19T21:29:24.641827+09:00
Capacitor Duty,,,failed,False,2026-08-21T02:44:13.647823+09:00
Capacitor Engine,50.0,2.0,success,False,2026-08-19T21:10:11.430001+09:00
Capacitor Entry,,,failed,False,2026-08-21T01:06:42.544203+09:00
Capacitor Estimate,,,failed,False,2026-08-19T21:30:07.251599+09:00
Capacitor Estimator,,,failed,False,2026-08-27T23:54:23.137775+09:00
Capacitor Excerpt,,,failed,False,2026-08-21T01:06:33.871335+09:00
Capacitor Fare,,,failed,False,2026-08-21T02:11:01.471090+09:00
Capacitor Fee,,,failed,False,2026-08-21T01:53:38.487807+09:00
Capacitor Feed,,,failed,False,2026-08-19T21:29:16.026683+09:00
Capacitor Field,90.0,0.0,success,False,2026-08-23T13:06:17.940469+09:00
Capacitor File,30.0,0.0,success,False,2026-08-19T21:19:50.890463+09:00
Capacitor Fine,,,failed,False,2026-08-23T02:58:45.466254+09:00
Capacitor Flag,,,failed,False,2026-08-21T00:31:07.825329+09:00
Capacitor Flow,10.0,0.0,success,False,2026-08-19T21:30:20.208348+09:00
Capacitor Form,,,failed,False,2026-08-19T21:17:47.761016+09:00
Capacitor Frame,,,failed,False,2026-08-19T21:05:15.949286+09:00
Capacitor Fund,,,failed,False,2026-08-21T02:27:53.442278+09:00
Capacitor Gate,50.0,37.0,success,False,2026-08-19T21:09:04.357233+09:00
Capacitor Giveaway,,,failed,False,2026-08-27T21:19:36.835808+09:00
Capacitor Grade,,,failed,False,2026-08-21T00:30:49.324092+09:00
Capacitor Grid,20.0,0.0,success,False,2026-08-19T21:04:13.651960+09:00
Capacitor Guarantee,,,failed,False,2026-08-28T01:05:55.431564+09:00
Capacitor Guardian,,,failed,False,2026-08-28T00:24:27.565309+09:00
Capacitor Helpdesk,,,failed,False,2026-08-27T22:45:28.853044+09:00
Capacitor Helper,,,failed,False,2026-08-28T00:24:29.963051+09:00
Capacitor History,140.0,0.0,success,False,2026-08-19T21:19:39.587475+09:00
Capacitor Hub,,,failed,False,2026-08-19T21:30:26.736781+09:00
Capacitor Identifier,260.0,1.0,success,False,2026-08-23T13:06:07.907385+09:00
Capacitor Inbox,,,failed,False,2026-08-19T21:15:33.096576+09:00
Capacitor Incentive,,,failed,False,2026-08-27T21:19:36.835808+09:00
Capacitor Index,,,failed,False,2026-08-19T21:29:51.150185+09:00
Capacitor Installment,,,failed,False,2026-08-23T16:16:00.073730+09:00
Capacitor Item,,,failed,False,2026-08-21T01:53:46.295961+09:00
Capacitor Journal,,,failed,False,2026-08-19T21:11:48.091080+09:00
Capacitor Keeper,,,failed,False,2026-08-19T21:09:44.414904+09:00
Capacitor Kit,1000.0,100.0,success,False,2026-08-27T22:45:15.401077+09:00
Capacitor Lab,320.0,0.0,success,False,2026-08-19T21:06:39.226294+09:00
Capacitor Label,170.0,4.0,success,False,2026-08-27T22:15:17.446247+09:00
Capacitor Ledger,,,failed,False,2026-08-19T21:05:57.473217+09:00
Capacitor Level,,,failed,False,2026-08-19T21:20:03.565098+09:00
Capacitor Line,90.0,14.0,success,False,2026-08-19T21:16:53.658254+09:00
Capacitor Link,10.0,0.0,success,False,2026-08-23T03:15:35.333103+09:00
Capacitor List,90.0,9.0,success,False,2026-08-19T22:05:43.764657+09:00
Capacitor Loan,,,failed,False,2026-08-21T02:11:07.536158+09:00
Capacitor Lobby,,,failed,False,2026-08-19T21:16:30.496623+09:00
Capacitor Locator,,,failed,False,2026-08-19T21:12:33.528106+09:00
Capacitor Log,10.0,0.0,success,False,2026-08-19T21:17:37.116648+09:00
Capacitor Loop,10.0,0.0,success,False,2026-08-19T21:04:01.717737+09:00
Capacitor Manager,,,failed,False,2026-08-19T21:09:55.427058+09:00
Capacitor Manual,10.0,0.0,success,False,2026-08-27T22:15:19.748218+09:00
Capacitor Map,50.0,1.0,success,False,2026-08-19T21:05:05.946905+09:00
Capacitor Markup,,,failed,False,2026-08-23T16:39:58.056757+09:00
Capacitor Memo,,,failed,False,2026-08-21T00:30:53.488074+09:00
Capacitor Monitor,480.0,4.0,success,False,2026-08-19T21:10:55.875332+09:00
Capacitor Nexus,,,failed,False,2026-08-19T21:09:18.934477+09:00
Capacitor Note,,,failed,False,2026-08-19T21:18:36.412771+09:00
Capacitor Notification,170.0,2.0,success,False,2026-08-27T22:45:15.401077+09:00
Capacitor Number,140.0,8.0,success,False,2026-08-23T03:15:24.852114+09:00
Capacitor Ops,,,failed,False,2026-08-19T21:11:25.521014+09:00
Capacitor Order,50.0,62.0,success,False,2026-08-19T22:05:01.387918+09:00
Capacitor Overage,,,failed,False,2026-08-27T21:50:34.815891+09:00
Capacitor Overdue,,,failed,False,2026-08-27T21:50:29.028381+09:00
Capacitor Panel,720.0,30.0,success,False,2026-08-19T21:07:51.410434+09:00
Capacitor Pass,,,failed,False,2026-08-21T00:30:08.282339+09:00
Capacitor Passport,,,failed,False,2026-08-19T21:16:16.247165+09:00
Capacitor Path,,,failed,False,2026-08-19T21:04:40.695118+09:00
Capacitor Payoff,,,failed,False,2026-08-27T21:50:32.673191+09:00
Capacitor Penalty,,,failed,False,2026-08-23T16:39:55.880493+09:00
Capacitor Petition,,,failed,False,2026-08-21T01:06:13.819084+09:00
Capacitor Plan,,,failed,False,2026-08-21T01:54:02.992561+09:00
Capacitor Planner,,,failed,False,2026-08-19T21:10:31.479524+09:00
Capacitor Playbook,,,failed,False,2026-08-19T21:11:37.631930+09:00
Capacitor Point,,,failed,False,2026-08-19T21:04:53.638566+09:00
Capacitor Portal,,,failed,False,2026-08-19T21:07:31.125995+09:00
Capacitor Preview,,,failed,False,2026-08-28T01:05:52.718366+09:00
Capacitor Profile,,,failed,False,2026-08-19T21:19:03.809657+09:00
Capacitor Profit,,,failed,False,2026-08-23T02:58:35.873995+09:00
Capacitor Proposal,,,failed,False,2026-08-28T01:05:55.431564+09:00
Capacitor Quota,,,failed,False,2026-08-21T00:31:01.051294+09:00
Capacitor Radar,,,failed,False,2026-08-19T21:30:40.784781+09:00
Capacitor Rail,,,failed,False,2026-08-19T21:08:21.181421+09:00
Capacitor Rate,720.0,2.0,success,False,2026-08-19T21:29:00.879622+09:00
Capacitor Recap,,,failed,False,2026-08-21T01:06:30.195338+09:00
Capacitor Receipt,,,failed,False,2026-08-19T22:05:22.514727+09:00
Capacitor Register,20.0,0.0,success,False,2026-08-19T21:11:14.866023+09:00
Capacitor Registry,,,failed,False,2026-08-19T21:12:02.105513+09:00
Capacitor Relay,480.0,37.0,success,False,2026-08-19T21:30:49.393699+09:00
Capacitor Reminder,,,failed,False,2026-08-19T21:29:44.160374+09:00
Capacitor Report,10.0,0.0,success,False,2026-08-19T21:17:29.124164+09:00
Capacitor Result,10.0,0.0,success,False,2026-08-28T00:47:32.809688+09:00
Capacitor Ring,50.0,15.0,success,False,2026-08-19T21:08:54.298412+09:00
Capacitor Roll,,,failed,False,2026-08-19T21:17:18.865865+09:00
Capacitor Roster,,,failed,False,2026-08-19T21:15:22.705045+09:00
Capacitor Route,,,failed,False,2026-08-19T21:08:11.674763+09:00
Capacitor Rule,140.0,0.0,success,False,2026-08-23T03:15:38.644159+09:00
Capacitor Sale,880.0,100.0,success,False,2026-08-21T02:28:00.693334+09:00
Capacitor Sample,20.0,14.0,success,False,2026-08-19T22:06:22.029176+09:00
Capacitor Scale,30.0,0.0,success,False,2026-08-19T21:08:00.939328+09:00
Capacitor Scanner,20.0,11.0,success,False,2026-08-27T23:54:25.594721+09:00
Capacitor Scheduler,,,failed,False,2026-08-19T21:10:42.484655+09:00
Capacitor Schematic,480.0,0.0,success,False,2026-08-27T22:28:37.219396+09:00
Capacitor Scope,,,failed,False,2026-08-19T21:03:49.756847+09:00
Capacitor Score,,,failed,False,2026-08-19T21:18:26.718972+09:00
Capacitor Serial,12100.0,1.0,success,False,2026-08-23T13:27:28.386352+09:00
Capacitor Sheet,30.0,16.0,success,False,2026-08-19T21:18:03.656517+09:00
Capacitor Shelf,30.0,58.0,success,False,2026-08-19T21:15:11.193054+09:00
Capacitor Shortfall,,,failed,False,2026-08-27T21:50:39.210391+09:00
Capacitor Signal,50.0,31.0,success,False,2026-08-19T21:31:45.728679+09:00
Capacitor Slip,,,failed,False,2026-08-19T22:06:09.459067+09:00
Capacitor Slot,,,failed,False,2026-08-19T22:06:32.723316+09:00
Capacitor Stake,,,failed,False,2026-08-23T02:58:39.272586+09:00
Capacitor Statement,,,failed,False,2026-08-21T00:30:37.167399+09:00
Capacitor Station,20.0,2.0,success,False,2026-08-19T21:06:47.923280+09:00
Capacitor Status,,,failed,False,2026-08-19T21:19:14.051362+09:00
Capacitor Stub,,,failed,False,2026-08-21T00:30:29.735189+09:00
Capacitor Sum,,,failed,False,2026-08-21T02:27:43.385895+09:00
Capacitor Summary,20.0,0.0,success,False,2026-08-19T21:29:30.457441+09:00
Capacitor Table,170.0,4.0,success,False,2026-08-19T22:05:51.290848+09:00
Capacitor Tag,210.0,0.0,success,False,2026-08-19T21:18:48.274039+09:00
Capacitor Tally,,,failed,False,2026-08-21T00:30:41.620130+09:00
Capacitor Tariff,,,failed,False,2026-08-21T02:44:22.791251+09:00
Capacitor Tax,,,failed,False,2026-08-21T02:11:04.805408+09:00
Capacitor Terminal,880.0,36.0,success,False,2026-08-19T21:06:57.837919+09:00
Capacitor Ticker,,,failed,False,2026-08-19T21:16:41.047984+09:00
Capacitor Ticket,,,failed,False,2026-08-19T21:29:57.691182+09:00
Capacitor Timeline,,,failed,False,2026-08-19T21:29:38.081788+09:00
Capacitor Toll,,,failed,False,2026-08-21T02:44:16.067023+09:00
Capacitor Toolbox,,,failed,False,2026-08-28T00:24:27.565309+09:00
Capacitor Total,20.0,4.0,success,False,2026-08-27T23:11:17.164347+09:00
Capacitor Tower,,,failed,False,2026-08-19T21:15:00.223476+09:00
Capacitor Tracker,,,failed,False,2026-08-19T21:30:14.177717+09:00
Capacitor Trail,,,failed,False,2026-08-19T21:08:31.191170+09:00
Capacitor Trend,,,failed,False,2026-08-28T01:05:46.959097+09:00
Capacitor Trial,,,failed,False,2026-08-27T21:19:33.782503+09:00
Capacitor Unit,6600.0,4.0,success,False,2026-08-21T01:53:54.647379+09:00
Capacitor Update,90.0,1.0,success,False,2026-08-19T21:29:07.329786+09:00
Capacitor Value,1900.0,8.0,success,False,2026-08-23T02:58:35.873995+09:00
Capacitor Vault,,,failed,False,2026-08-19T21:30:59.491804+09:00
Capacitor Version,170.0,1.0,success,False,2026-08-23T03:15:28.674871+09:00
Capacitor View,,,failed,False,2026-08-19T21:19:25.343582+09:00
Capacitor Voucher,,,failed,False,2026-08-21T00:30:17.662990+09:00
Capacitor Watch,260.0,43.0,success,False,2026-08-19T21:03:33.928340+09:00
Capacitor Wave,,,failed,False,2026-08-19T21:04:27.192873+09:00
Capacitor Widget,20.0,0.0,success,False,2026-08-27T23:11:19.629691+09:00
Capacitor Window,,,failed,False,2026-08-19T21:17:08.649893+09:00
Capacitor Workshop,,,failed,False,2026-08-28T00:24:22.351196+09:00
Capacitor Zone,,,failed,False,2026-08-19T21:07:21.562422+09:00
Capacity Advance,,,failed,False,2026-08-23T16:16:09.972976+09:00
Capacity Advisory,,,failed,False,2026-08-21T01:08:45.073430+09:00
Capacity Allowance,10.0,0.0,success,False,2026-08-21T02:39:09.375307+09:00
Capacity Almanac,,,failed,False,2026-08-18T22:09:27.931619+09:00
Capacity Analyzer,10.0,25.0,success,False,2026-08-27T23:51:29.405566+09:00
Capacity Anchor,,,failed,False,2026-08-17T20:44:29.668652+09:00
Capacity Announcement,,,failed,False,2026-08-27T23:31:29.961537+09:00
Capacity Asset,,,failed,False,2026-08-23T13:47:40.781383+09:00
Capacity Assistant,,,failed,False,2026-08-17T22:49:21.662634+09:00
Capacity Atlas,,,failed,False,2026-08-17T20:35:19.683482+09:00
Capacity Badge,,,failed,False,2026-08-21T00:34:53.693924+09:00
Capacity Balance,90.0,0.0,success,False,2026-08-23T13:47:38.660404+09:00
Capacity Base,,,failed,False,2026-08-17T20:31:49.556843+09:00
Capacity Beacon,,,failed,False,2026-08-17T21:30:08.257838+09:00
Capacity Bill,30.0,0.0,success,False,2026-08-19T21:56:23.940159+09:00
Capacity Blueprint,,,failed,False,2026-08-18T22:09:19.506375+09:00
Capacity Board,40.0,0.0,success,False,2026-08-17T21:39:57.727763+09:00
Capacity Book,140.0,8.0,success,False,2026-08-19T21:57:22.115019+09:00
Capacity Bridge,10.0,0.0,success,False,2026-08-17T20:45:33.619281+09:00
Capacity Brief,,,failed,False,2026-08-21T01:08:36.289589+09:00
Capacity Bulletin,,,failed,False,2026-08-21T01:08:31.890939+09:00
Capacity Calculator,1300.0,1.0,success,False,2026-08-27T23:31:33.268301+09:00
Capacity Calendar,40.0,20.0,success,False,2026-08-18T23:57:26.188855+09:00
Capacity Card,170.0,0.0,success,False,2026-08-19T13:35:34.985408+09:00
Capacity Cascade,,,failed,False,2026-08-17T20:46:26.563596+09:00
Capacity Cash,,,failed,False,2026-08-21T02:22:58.653942+09:00
Capacity Catalog,,,failed,False,2026-08-19T21:11:19.546080+09:00
Capacity Category,,,failed,False,2026-08-23T13:07:20.154329+09:00
Capacity Center,30.0,0.0,success,False,2026-08-17T21:33:02.340741+09:00
Capacity Chain,,,failed,False,2026-08-17T20:40:01.743309+09:00
Capacity Charge,390.0,0.0,success,False,2026-08-21T02:39:01.824838+09:00
Capacity Check,2400.0,1.0,success,False,2026-08-19T13:36:10.470400+09:00
Capacity Checker,2400.0,1.0,success,False,2026-08-27T23:51:21.141566+09:00
Capacity Checklist,40.0,4.0,success,False,2026-08-19T21:10:24.800768+09:00
Capacity Circular,,,failed,False,2026-08-21T01:08:40.341221+09:00
Capacity Cockpit,,,failed,False,2026-08-17T23:24:32.888927+09:00
Capacity Code,40.0,0.0,success,False,2026-08-19T21:56:50.628145+09:00
Capacity Codex,,,failed,False,2026-08-18T22:09:44.783040+09:00
Capacity Companion,,,failed,False,2026-08-17T23:13:59.220189+09:00
Capacity Comparison,50.0,0.0,success,False,2026-08-28T01:02:39.668408+09:00
Capacity Compass,,,failed,False,2026-08-17T21:31:15.457583+09:00
Capacity Compendium,,,failed,False,2026-08-18T22:09:35.906732+09:00
Capacity Confirmation,,,failed,False,2026-08-21T01:08:57.015500+09:00
Capacity Console,,,failed,False,2026-08-17T20:48:23.905428+09:00
Capacity Converter,590.0,0.0,success,False,2026-08-27T23:31:33.268301+09:00
Capacity Core,,,failed,False,2026-08-18T07:52:33.463903+09:00
Capacity Cost,140.0,1.0,success,False,2026-08-21T02:06:52.442398+09:00
Capacity Counter,110.0,78.0,success,False,2026-08-18T23:58:23.364762+09:00
Capacity Dashboard,90.0,13.0,success,False,2026-08-17T23:06:57.045511+09:00
Capacity Deal,10.0,,success,False,2026-08-21T01:50:11.823899+09:00
Capacity Debt,,,failed,False,2026-08-21T02:22:48.105050+09:00
Capacity Deck,,,failed,False,2026-08-17T21:38:18.723173+09:00
Capacity Depot,,,failed,False,2026-08-18T23:58:04.745440+09:00
Capacity Desk,10.0,0.0,success,False,2026-08-17T21:35:36.118436+09:00
Capacity Detail,,,failed,False,2026-08-23T03:19:12.816359+09:00
Capacity Detector,,,failed,False,2026-08-27T23:51:26.937833+09:00
Capacity Diagram,90.0,0.0,success,False,2026-08-27T22:14:35.571737+09:00
Capacity Dial,,,failed,False,2026-08-17T20:45:56.929111+09:00
Capacity Digest,,,failed,False,2026-08-19T20:38:24.406986+09:00
Capacity Directory,,,failed,False,2026-08-18T23:57:35.193051+09:00
Capacity Discount,,,failed,False,2026-08-23T16:16:00.073730+09:00
Capacity Dock,,,failed,False,2026-08-17T20:42:19.428112+09:00
Capacity Dossier,,,failed,False,2026-08-21T01:09:01.082637+09:00
Capacity Downpayment,,,failed,False,2026-08-27T21:49:57.609346+09:00
Capacity Draft,,,failed,False,2026-08-19T20:38:42.409315+09:00
Capacity Duty,,,failed,False,2026-08-21T02:39:04.967500+09:00
Capacity Engine,70.0,0.0,success,False,2026-08-17T23:33:38.106132+09:00
Capacity Entry,,,failed,False,2026-08-21T01:09:15.818493+09:00
Capacity Estimate,320.0,0.0,success,False,2026-08-19T21:11:09.453565+09:00
Capacity Estimator,320.0,0.0,success,False,2026-08-27T23:51:21.141566+09:00
Capacity Excerpt,,,failed,False,2026-08-21T01:09:08.778546+09:00
Capacity Extension,20.0,0.0,success,False,2026-08-23T16:39:55.880493+09:00
Capacity Fare,,,failed,False,2026-08-21T02:07:02.181648+09:00
Capacity Fee,30.0,0.0,success,False,2026-08-21T02:00:00.574550+09:00
Capacity Feed,,,failed,False,2026-08-19T20:38:33.715363+09:00
Capacity File,110.0,0.0,success,False,2026-08-19T20:37:54.785730+09:00
Capacity Finder,10.0,0.0,success,False,2026-08-18T23:57:56.092399+09:00
Capacity Flag,,,failed,False,2026-08-21T00:35:11.745138+09:00
Capacity Flow,20.0,0.0,success,False,2026-08-17T21:39:09.779186+09:00
Capacity Forge,,,failed,False,2026-08-17T20:47:47.373505+09:00
Capacity Form,90.0,2.0,success,False,2026-08-19T13:35:21.181056+09:00
Capacity Frame,,,failed,False,2026-08-17T20:32:57.689274+09:00
Capacity Fund,70.0,1.0,success,False,2026-08-21T02:22:51.042353+09:00
Capacity Gate,30.0,0.0,success,False,2026-08-17T20:37:18.091212+09:00
Capacity Generator,720.0,51.0,success,False,2026-08-27T23:31:37.799226+09:00
Capacity Graph,70.0,0.0,success,False,2026-08-27T22:14:23.666536+09:00
Capacity Grid,50.0,0.0,success,False,2026-08-17T20:40:26.535789+09:00
Capacity Guarantee,,,failed,False,2026-08-28T01:02:54.819638+09:00
Capacity Guard,,,failed,False,2026-08-18T07:43:41.366664+09:00
Capacity Guardian,,,failed,False,2026-08-28T00:21:45.963780+09:00
Capacity Guidebook,,,failed,False,2026-08-18T22:09:05.854990+09:00
Capacity Helpdesk,10.0,43.0,success,False,2026-08-27T22:51:39.171829+09:00
Capacity Helper,,,failed,False,2026-08-28T00:21:51.591333+09:00
Capacity History,,,failed,False,2026-08-19T20:37:47.819235+09:00
Capacity Hotline,,,failed,False,2026-08-19T21:11:29.135916+09:00
Capacity Hub,10.0,0.0,success,False,2026-08-17T21:37:44.992622+09:00
Capacity Identifier,,,failed,False,2026-08-23T13:07:17.768470+09:00
Capacity Index,40.0,0.0,success,False,2026-08-19T21:10:34.981799+09:00
Capacity Insight,,,failed,False,2026-08-17T23:24:10.330342+09:00
Capacity Installment,,,failed,False,2026-08-23T16:16:03.366904+09:00
Capacity Item,,,failed,False,2026-08-21T02:00:02.001462+09:00
Capacity Journal,10.0,0.0,success,False,2026-08-18T22:08:48.035720+09:00
Capacity Keeper,,,failed,False,2026-08-17T20:33:31.328442+09:00
Capacity Lab,50.0,0.0,success,False,2026-08-17T21:36:10.133574+09:00
Capacity Label,90.0,32.0,success,False,2026-08-27T22:14:28.911513+09:00
Capacity Ledger,,,failed,False,2026-08-17T21:41:44.845375+09:00
Capacity Lens,,,failed,False,2026-08-17T20:34:01.116253+09:00
Capacity Level,110.0,0.0,success,False,2026-08-19T20:38:01.262466+09:00
Capacity Levy,,,failed,False,2026-08-23T13:47:40.781383+09:00
Capacity Link,,,failed,False,2026-08-23T03:19:05.834960+09:00
Capacity List,70.0,0.0,success,False,2026-08-19T21:56:59.723896+09:00
Capacity Loan,110.0,37.0,success,False,2026-08-21T02:07:16.373051+09:00
Capacity Locator,,,failed,False,2026-08-18T23:57:42.935137+09:00
Capacity Lock,,,failed,False,2026-08-17T20:35:51.368204+09:00
Capacity Log,,,failed,False,2026-08-19T13:35:15.943675+09:00
Capacity Loop,,,failed,False,2026-08-17T20:41:09.985510+09:00
Capacity Manager,2900.0,5.0,success,False,2026-08-17T20:32:23.142780+09:00
Capacity Manual,,,failed,False,2026-08-27T22:14:28.911513+09:00
Capacity Map,110.0,0.0,success,False,2026-08-17T20:34:51.045190+09:00
Capacity Margin,20.0,0.0,success,False,2026-08-23T02:54:35.289098+09:00
Capacity Markup,,,failed,False,2026-08-23T16:39:53.377709+09:00
Capacity Memo,,,failed,False,2026-08-21T00:35:07.163921+09:00
Capacity Message,,,failed,False,2026-08-27T23:16:53.480733+09:00
Capacity Meter,140.0,69.0,success,False,2026-08-17T20:45:10.862003+09:00
Capacity Metrics,880.0,1.0,success,False,2026-08-17T23:12:17.050075+09:00
Capacity Monitor,110.0,9.0,success,False,2026-08-17T23:05:06.987834+09:00
Capacity Navigator,,,failed,False,2026-08-17T23:24:54.415182+09:00
Capacity Nexus,,,failed,False,2026-08-17T20:36:18.497930+09:00
Capacity Node,,,failed,False,2026-08-17T20:38:12.491374+09:00
Capacity Note,590.0,2.0,success,False,2026-08-19T13:36:57.023796+09:00
Capacity Notification,,,failed,False,2026-08-27T22:51:29.683445+09:00
Capacity Number,30.0,0.0,success,False,2026-08-23T03:18:56.291245+09:00
Capacity Office,,,failed,False,2026-08-18T23:58:15.272323+09:00
Capacity Ops,,,failed,False,2026-08-17T23:08:44.294677+09:00
Capacity Order,170.0,0.0,success,False,2026-08-19T21:56:14.793890+09:00
Capacity Organizer,,,failed,False,2026-08-17T23:23:52.832374+09:00
Capacity Overage,10.0,1.0,success,False,2026-08-27T21:49:55.360701+09:00
Capacity Overdraft,,,failed,False,2026-08-23T15:52:26.691302+09:00
Capacity Overdue,,,failed,False,2026-08-27T21:49:50.641192+09:00
Capacity Panel,,,failed,False,2026-08-17T20:47:04.642239+09:00
Capacity Pass,,,failed,False,2026-08-21T00:34:44.893530+09:00
Capacity Path,110.0,0.0,success,False,2026-08-17T20:37:47.401646+09:00
Capacity Payoff,,,failed,False,2026-08-27T21:49:53.079168+09:00
Capacity Penalty,,,failed,False,2026-08-23T16:39:50.503833+09:00
Capacity Petition,,,failed,False,2026-08-21T01:08:51.801540+09:00
Capacity Pilot,,,failed,False,2026-08-17T21:36:36.847955+09:00
Capacity Plan,9900.0,14.0,success,False,2026-08-21T01:49:57.762710+09:00
Capacity Planner,9900.0,14.0,success,False,2026-08-17T23:23:36.709980+09:00
Capacity Playbook,,,failed,False,2026-08-18T22:08:38.388583+09:00
Capacity Point,,,failed,False,2026-08-17T20:36:51.044622+09:00
Capacity Portal,10.0,1.0,success,False,2026-08-17T21:30:41.512165+09:00
Capacity Preview,,,failed,False,2026-08-28T01:02:51.015649+09:00
Capacity Profile,50.0,1.0,success,False,2026-08-19T13:37:32.755916+09:00
Capacity Profit,,,failed,False,2026-08-23T02:54:31.488130+09:00
Capacity Proposal,,,failed,False,2026-08-28T01:02:51.015649+09:00
Capacity Pulse,,,failed,False,2026-08-17T20:39:32.550443+09:00
Capacity Queue,,,failed,False,2026-08-19T21:11:00.361566+09:00
Capacity Radar,,,failed,False,2026-08-17T21:34:31.783933+09:00
Capacity Rail,,,failed,False,2026-08-17T20:41:35.724700+09:00
Capacity Rate,170.0,0.0,success,False,2026-08-19T20:38:07.942341+09:00
Capacity Recap,,,failed,False,2026-08-21T01:09:04.636561+09:00
Capacity Receipt,,,failed,False,2026-08-19T21:56:37.173014+09:00
Capacity Recorder,,,failed,False,2026-08-27T23:31:41.970749+09:00
Capacity Register,10.0,0.0,success,False,2026-08-17T23:25:24.044948+09:00
Capacity Registry,,,failed,False,2026-08-18T22:09:13.055997+09:00
Capacity Relay,,,failed,False,2026-08-17T21:33:28.260657+09:00
Capacity Reminder,,,failed,False,2026-08-19T21:10:16.662476+09:00
Capacity Report,260.0,6.0,success,False,2026-08-19T13:34:28.843739+09:00
Capacity Result,,,failed,False,2026-08-28T00:46:02.758073+09:00
Capacity Roadmap,20.0,1.0,success,False,2026-08-18T22:09:54.168922+09:00
Capacity Route,,,failed,False,2026-08-17T20:43:15.863986+09:00
Capacity Rule,170.0,0.0,success,False,2026-08-23T03:19:08.908804+09:00
Capacity Sale,,,failed,False,2026-08-21T02:23:00.928674+09:00
Capacity Sample,20.0,0.0,success,False,2026-08-19T21:57:44.656511+09:00
Capacity Scale,260.0,21.0,success,False,2026-08-17T20:44:10.950266+09:00
Capacity Scanner,,,failed,False,2026-08-27T23:51:24.335890+09:00
Capacity Scheduler,170.0,3.0,success,False,2026-08-17T23:10:40.836813+09:00
Capacity Scope,,,failed,False,2026-08-17T20:42:00.146835+09:00
Capacity Score,20.0,1.0,success,False,2026-08-19T13:36:47.380431+09:00
Capacity Sentry,,,failed,False,2026-08-17T20:34:25.476328+09:00
Capacity Sheet,1000.0,2.0,success,False,2026-08-19T13:35:47.282228+09:00
Capacity Shortfall,20.0,0.0,success,False,2026-08-27T21:50:00.180912+09:00
Capacity Signal,,,failed,False,2026-08-17T20:43:44.073906+09:00
Capacity Slip,,,failed,False,2026-08-19T21:57:31.477256+09:00
Capacity Slot,20.0,0.0,success,False,2026-08-19T21:57:53.749303+09:00
Capacity Snapshot,,,failed,False,2026-08-18T22:08:57.073323+09:00
Capacity Stage,,,failed,False,2026-08-28T00:46:02.758073+09:00
Capacity Statement,320.0,3.0,success,False,2026-08-21T00:34:59.250399+09:00
Capacity Station,,,failed,False,2026-08-17T21:35:02.943607+09:00
Capacity Status,30.0,0.0,success,False,2026-08-19T20:37:28.019595+09:00
Capacity Studio,90.0,1.0,success,False,2026-08-17T21:37:08.932405+09:00
Capacity Subsidy,,,failed,False,2026-08-23T15:52:28.857053+09:00
Capacity Suite,,,failed,False,2026-08-17T23:09:02.276027+09:00
Capacity Sum,,,failed,False,2026-08-21T02:22:45.760304+09:00
Capacity Summary,10.0,0.0,success,False,2026-08-19T21:09:48.311531+09:00
Capacity Sync,,,failed,False,2026-08-17T21:41:14.862117+09:00
Capacity Table,260.0,2.0,success,False,2026-08-19T21:57:08.159846+09:00
Capacity Tag,260.0,7.0,success,False,2026-08-19T13:37:14.131003+09:00
Capacity Tariff,20.0,0.0,success,False,2026-08-21T02:39:12.661070+09:00
Capacity Tax,90.0,0.0,success,False,2026-08-21T02:07:11.746620+09:00
Capacity Ticket,,,failed,False,2026-08-19T21:10:46.722805+09:00
Capacity Tier,20.0,5.0,success,False,2026-08-28T00:46:06.331363+09:00
Capacity Timeline,,,failed,False,2026-08-19T21:10:02.424096+09:00
Capacity Toll,,,failed,False,2026-08-21T02:39:07.071635+09:00
Capacity Toolbox,,,failed,False,2026-08-28T00:21:49.130858+09:00
Capacity Toolkit,90.0,1.0,success,False,2026-08-18T22:08:30.649181+09:00
Capacity Total,,,failed,False,2026-08-27T23:16:56.229281+09:00
Capacity Tracker,4400.0,2.0,success,False,2026-08-18T07:43:54.848234+09:00
Capacity Trail,,,failed,False,2026-08-17T20:40:48.754907+09:00
Capacity Trend,,,failed,False,2026-08-28T01:02:39.668408+09:00
Capacity Trial,30.0,0.0,success,False,2026-08-27T21:19:05.213789+09:00
Capacity Unit,4400.0,0.0,success,True,2026-08-21T02:00:06.443014+09:00
Capacity Update,,,failed,False,2026-08-19T20:38:14.851338+09:00
Capacity Vault,20.0,0.0,success,False,2026-08-17T21:32:25.465592+09:00
Capacity Version,,,failed,False,2026-08-23T03:19:01.069685+09:00
Capacity View,20.0,11.0,success,False,2026-08-19T20:37:40.051699+09:00
Capacity Voucher,,,failed,False,2026-08-21T00:34:49.507039+09:00
Capacity Watch,10.0,0.0,success,False,2026-08-17T20:42:49.578916+09:00
Capacity Wave,,,failed,False,2026-08-17T20:38:37.912313+09:00
Capacity Widget,,,failed,False,2026-08-27T23:17:00.312671+09:00
Capacity Workbench,,,failed,False,2026-08-18T22:08:23.655372+09:00
Capacity Worksheet,1000.0,2.0,success,False,2026-08-27T22:14:32.870267+09:00
Capacity Workshop,10.0,0.0,success,False,2026-08-28T00:21:43.222424+09:00
Capacity Zone,,,failed,False,2026-08-17T21:31:49.761986+09:00
Captioning Advance,,,failed,False,2026-08-23T16:15:01.314751+09:00
Captioning Advisory,,,failed,False,2026-08-21T01:02:57.004719+09:00
Captioning Alert,,,failed,False,2026-08-19T21:08:37.744349+09:00
Captioning Allowance,,,failed,False,2026-08-21T02:44:28.484946+09:00
Captioning Analyzer,,,failed,False,2026-08-27T23:51:32.749499+09:00
Captioning Announcement,,,failed,False,2026-08-27T23:31:16.874593+09:00
Captioning Arrears,,,failed,False,2026-08-23T16:14:56.824333+09:00
Captioning Assistant,20.0,10.0,success,False,2026-08-19T21:32:13.666054+09:00
Captioning Atlas,,,failed,False,2026-08-19T21:31:40.381854+09:00
Captioning Attribute,,,failed,False,2026-08-23T13:05:45.716846+09:00
Captioning Base,,,failed,False,2026-08-19T21:20:10.804990+09:00
Captioning Beacon,,,failed,False,2026-08-19T21:17:35.138769+09:00
Captioning Bill,,,failed,False,2026-08-19T22:01:42.804571+09:00
Captioning Bin,,,failed,False,2026-08-19T21:09:00.850536+09:00
Captioning Board,,,failed,False,2026-08-19T21:29:19.590151+09:00
Captioning Book,,,failed,False,2026-08-19T22:02:34.302682+09:00
Captioning Booth,,,failed,False,2026-08-19T21:06:35.637376+09:00
Captioning Brief,,,failed,False,2026-08-21T01:01:54.342698+09:00
Captioning Bulletin,,,failed,False,2026-08-21T01:01:47.037702+09:00
Captioning Calculator,,,failed,False,2026-08-27T23:31:21.274329+09:00
Captioning Calendar,,,failed,False,2026-08-19T21:05:12.493876+09:00
Captioning Card,,,failed,False,2026-08-19T21:11:02.607888+09:00
Captioning Cash,,,failed,False,2026-08-21T02:28:28.588606+09:00
Captioning Cashback,,,failed,False,2026-08-27T21:17:56.289470+09:00
Captioning Catalog,,,failed,False,2026-08-19T21:15:40.357740+09:00
Captioning Category,,,failed,False,2026-08-23T13:05:41.403029+09:00
Captioning Center,,,failed,False,2026-08-19T21:29:59.646453+09:00
Captioning Chain,,,failed,False,2026-08-19T21:31:09.123245+09:00
Captioning Charge,,,failed,False,2026-08-21T02:44:18.914187+09:00
Captioning Chart,,,failed,False,2026-08-19T21:08:50.261483+09:00
Captioning Check,,,failed,False,2026-08-19T21:11:21.991848+09:00
Captioning Checker,,,failed,False,2026-08-27T23:51:24.335890+09:00
Captioning Checklist,,,failed,False,2026-08-19T21:14:42.578262+09:00
Captioning Circular,,,failed,False,2026-08-21T01:02:54.788235+09:00
Captioning Code,,,failed,False,2026-08-19T22:02:02.684993+09:00
Captioning Companion,,,failed,False,2026-08-19T21:03:55.204280+09:00
Captioning Comparison,,,failed,False,2026-08-28T01:03:11.397241+09:00
Captioning Compass,,,failed,False,2026-08-19T21:17:25.572760+09:00
Captioning Confirmation,,,failed,False,2026-08-21T01:02:11.159896+09:00
Captioning Console,,,failed,False,2026-08-19T21:30:22.896569+09:00
Captioning Converter,,,failed,False,2026-08-27T23:31:24.795366+09:00
Captioning Core,,,failed,False,2026-08-19T21:29:00.879622+09:00
Captioning Cost,,,failed,False,2026-08-21T02:11:38.732794+09:00
Captioning Count,,,failed,False,2026-08-27T22:51:05.430430+09:00
Captioning Counter,,,failed,False,2026-08-19T21:06:13.197757+09:00
Captioning Coupon,,,failed,False,2026-08-27T21:17:53.742550+09:00
Captioning Deal,,,failed,False,2026-08-21T01:55:28.445824+09:00
Captioning Debt,,,failed,False,2026-08-21T02:28:18.996082+09:00
Captioning Deck,,,failed,False,2026-08-19T21:29:26.779055+09:00
Captioning Desk,,,failed,False,2026-08-19T21:16:36.317434+09:00
Captioning Detail,,,failed,False,2026-08-23T03:15:22.651664+09:00
Captioning Detector,,,failed,False,2026-08-27T23:51:29.405566+09:00
Captioning Digest,,,failed,False,2026-08-19T21:13:38.700903+09:00
Captioning Directory,,,failed,False,2026-08-19T21:05:26.715187+09:00
Captioning Discount,,,failed,False,2026-08-23T16:14:49.657074+09:00
Captioning Dossier,,,failed,False,2026-08-21T01:02:15.382494+09:00
Captioning Downpayment,,,failed,False,2026-08-27T21:49:13.443578+09:00
Captioning Draft,,,failed,False,2026-08-19T21:14:01.404689+09:00
Captioning Due,,,failed,False,2026-08-23T15:51:49.176648+09:00
Captioning Duty,,,failed,False,2026-08-21T02:44:18.914187+09:00
Captioning Engine,,,failed,False,2026-08-19T21:32:06.209951+09:00
Captioning Entry,,,failed,False,2026-08-21T01:03:15.171952+09:00
Captioning Estimate,,,failed,False,2026-08-19T21:15:29.461766+09:00
Captioning Estimator,,,failed,False,2026-08-27T23:51:24.335890+09:00
Captioning Excerpt,,,failed,False,2026-08-21T01:03:10.607434+09:00
Captioning Fare,,,failed,False,2026-08-21T02:11:43.167775+09:00
Captioning Fee,,,failed,False,2026-08-21T01:55:03.003035+09:00
Captioning Feed,,,failed,False,2026-08-19T21:13:50.204351+09:00
Captioning Field,,,failed,False,2026-08-23T13:05:48.567186+09:00
Captioning File,,,failed,False,2026-08-19T21:12:48.974552+09:00
Captioning Finder,,,failed,False,2026-08-19T21:05:49.435162+09:00
Captioning Fine,,,failed,False,2026-08-23T02:58:43.358109+09:00
Captioning Flag,,,failed,False,2026-08-21T00:27:32.429911+09:00
Captioning Flow,,,failed,False,2026-08-19T21:16:11.566322+09:00
Captioning Form,,,failed,False,2026-08-19T21:10:50.221080+09:00
Captioning Format,,,failed,False,2026-08-23T13:05:51.104957+09:00
Captioning Frame,,,failed,False,2026-08-19T21:19:58.668783+09:00
Captioning Fund,,,failed,False,2026-08-21T02:28:25.181498+09:00
Captioning Gate,,,failed,False,2026-08-19T21:31:23.417988+09:00
Captioning Generator,,,failed,False,2026-08-27T23:31:29.961537+09:00
Captioning Giveaway,,,failed,False,2026-08-27T21:18:01.606713+09:00
Captioning Grade,,,failed,False,2026-08-21T00:27:06.966469+09:00
Captioning Graph,,,failed,False,2026-08-27T22:13:27.898794+09:00
Captioning Grid,,,failed,False,2026-08-19T21:19:00.035786+09:00
Captioning Guarantee,,,failed,False,2026-08-28T01:03:16.681055+09:00
Captioning Helpdesk,,,failed,False,2026-08-27T22:51:05.430430+09:00
Captioning Helper,,,failed,False,2026-08-28T00:22:01.777271+09:00
Captioning History,,,failed,False,2026-08-19T21:12:39.256118+09:00
Captioning Hotline,,,failed,False,2026-08-19T21:15:52.181697+09:00
Captioning Hub,,,failed,False,2026-08-19T21:16:25.825046+09:00
Captioning Identifier,,,failed,False,2026-08-23T13:05:39.073326+09:00
Captioning Inbox,,,failed,False,2026-08-19T21:08:27.297609+09:00
Captioning Incentive,,,failed,False,2026-08-27T21:17:59.409089+09:00
Captioning Index,,,failed,False,2026-08-19T21:14:53.889746+09:00
Captioning Installment,,,failed,False,2026-08-23T16:14:53.191797+09:00
Captioning Item,,,failed,False,2026-08-21T01:55:06.085634+09:00
Captioning Journal,,,failed,False,2026-08-19T21:04:49.568415+09:00
Captioning Keeper,,,failed,False,2026-08-19T21:31:50.558670+09:00
Captioning Kit,,,failed,False,2026-08-27T22:51:00.093213+09:00
Captioning Lab,,,failed,False,2026-08-19T21:29:40.498335+09:00
Captioning Label,,,failed,False,2026-08-27T22:13:31.267961+09:00
Captioning Ledger,,,failed,False,2026-08-19T21:29:10.316262+09:00
Captioning Level,,,failed,False,2026-08-19T21:13:02.504471+09:00
Captioning Line,,,failed,False,2026-08-19T21:09:50.193216+09:00
Captioning Link,,,failed,False,2026-08-23T03:15:14.062371+09:00
Captioning List,,,failed,False,2026-08-19T22:02:12.630536+09:00
Captioning Loan,,,failed,False,2026-08-21T02:11:50.760630+09:00
Captioning Locker,,,failed,False,2026-08-19T21:06:25.471396+09:00
Captioning Log,,,failed,False,2026-08-19T21:10:38.305423+09:00
Captioning Loop,,,failed,False,2026-08-19T21:18:42.622010+09:00
Captioning Manager,,,failed,False,2026-08-19T21:31:56.342454+09:00
Captioning Manual,,,failed,False,2026-08-27T22:13:33.756180+09:00
Captioning Map,,,failed,False,2026-08-19T21:19:47.057352+09:00
Captioning Markup,,,failed,False,2026-08-23T16:39:21.186657+09:00
Captioning Memo,,,failed,False,2026-08-21T00:27:15.534212+09:00
Captioning Message,,,failed,False,2026-08-27T23:16:37.182537+09:00
Captioning Monitor,,,failed,False,2026-08-19T21:03:41.880915+09:00
Captioning Nexus,,,failed,False,2026-08-19T21:31:31.502788+09:00
Captioning Note,,,failed,False,2026-08-19T21:11:44.619551+09:00
Captioning Notification,,,failed,False,2026-08-27T22:50:57.800091+09:00
Captioning Number,,,failed,False,2026-08-23T03:15:03.447052+09:00
Captioning Ops,,,failed,False,2026-08-19T21:04:22.708628+09:00
Captioning Order,,,failed,False,2026-08-19T22:01:31.900197+09:00
Captioning Overage,,,failed,False,2026-08-27T21:49:11.230615+09:00
Captioning Overdue,,,failed,False,2026-08-27T21:49:06.270483+09:00
Captioning Panel,,,failed,False,2026-08-19T21:30:31.013934+09:00
Captioning Pass,,,failed,False,2026-08-21T00:26:30.376720+09:00
Captioning Path,,,failed,False,2026-08-19T21:19:21.338240+09:00
Captioning Payoff,,,failed,False,2026-08-27T21:49:08.437850+09:00
Captioning Penalty,,,failed,False,2026-08-23T16:39:21.186657+09:00
Captioning Petition,,,failed,False,2026-08-21T01:02:09.128989+09:00
Captioning Plan,,,failed,False,2026-08-21T01:55:13.516814+09:00
Captioning Planner,,,failed,False,2026-08-19T21:32:21.399233+09:00
Captioning Playbook,,,failed,False,2026-08-19T21:04:36.711918+09:00
Captioning Point,,,failed,False,2026-08-19T21:19:35.712806+09:00
Captioning Portal,,,failed,False,2026-08-19T21:30:16.349132+09:00
Captioning Preview,,,failed,False,2026-08-28T01:03:14.001062+09:00
Captioning Profile,,,failed,False,2026-08-19T21:12:07.891173+09:00
Captioning Profit,,,failed,False,2026-08-23T02:58:33.536123+09:00
Captioning Proposal,,,failed,False,2026-08-28T01:03:14.001062+09:00
Captioning Queue,,,failed,False,2026-08-19T21:15:19.107238+09:00
Captioning Quota,,,failed,False,2026-08-21T00:27:24.500136+09:00
Captioning Radar,,,failed,False,2026-08-19T21:16:48.614230+09:00
Captioning Rail,,,failed,False,2026-08-19T21:30:54.257177+09:00
Captioning Rate,,,failed,False,2026-08-19T21:13:15.643031+09:00
Captioning Recap,,,failed,False,2026-08-21T01:03:04.478545+09:00
Captioning Receipt,,,failed,False,2026-08-19T22:01:51.400634+09:00
Captioning Register,,,failed,False,2026-08-19T21:04:09.833583+09:00
Captioning Registry,,,failed,False,2026-08-19T21:04:59.839669+09:00
Captioning Relay,,,failed,False,2026-08-19T21:17:02.639874+09:00
Captioning Reminder,,,failed,False,2026-08-19T21:14:31.473745+09:00
Captioning Report,,,failed,False,2026-08-19T21:10:27.505284+09:00
Captioning Repository,,,failed,False,2026-08-27T23:16:45.468022+09:00
Captioning Result,,,failed,False,2026-08-28T00:46:12.619703+09:00
Captioning Ring,,,failed,False,2026-08-19T21:31:14.747264+09:00
Captioning Roster,,,failed,False,2026-08-19T21:08:15.358718+09:00
Captioning Route,,,failed,False,2026-08-19T21:30:45.595196+09:00
Captioning Rule,,,failed,False,2026-08-23T03:15:19.125629+09:00
Captioning Sale,,,failed,False,2026-08-21T02:28:28.588606+09:00
Captioning Sample,,,failed,False,2026-08-19T22:02:52.701278+09:00
Captioning Scale,,,failed,False,2026-08-19T21:30:36.862882+09:00
Captioning Scanner,,,failed,False,2026-08-27T23:51:26.937833+09:00
Captioning Scheduler,,,failed,False,2026-08-19T21:03:27.831086+09:00
Captioning Scope,,,failed,False,2026-08-19T21:18:32.816387+09:00
Captioning Score,,,failed,False,2026-08-19T21:11:31.992305+09:00
Captioning Sheet,,,failed,False,2026-08-19T21:11:12.970448+09:00
Captioning Shelf,,,failed,False,2026-08-19T21:08:07.894185+09:00
Captioning Shortfall,,,failed,False,2026-08-27T21:49:15.770523+09:00
Captioning Signal,,,failed,False,2026-08-19T21:18:11.999906+09:00
Captioning Slip,,,failed,False,2026-08-19T22:02:44.580219+09:00
Captioning Slot,,,failed,False,2026-08-19T22:03:03.584652+09:00
Captioning Stage,,,failed,False,2026-08-28T00:46:12.619703+09:00
Captioning Stake,,,failed,False,2026-08-23T02:58:35.873995+09:00
Captioning Statement,,,failed,False,2026-08-21T00:26:49.726902+09:00
Captioning Station,,,failed,False,2026-08-19T21:29:47.496953+09:00
Captioning Status,,,failed,False,2026-08-19T21:12:20.631006+09:00
Captioning Stipend,,,failed,False,2026-08-23T13:46:52.749544+09:00
Captioning Studio,140.0,10.0,success,False,2026-08-19T21:29:34.148902+09:00
Captioning Subsidy,,,failed,False,2026-08-23T15:51:51.217465+09:00
Captioning Sum,,,failed,False,2026-08-21T02:28:15.974883+09:00
Captioning Summary,,,failed,False,2026-08-19T21:14:11.257032+09:00
Captioning Surtax,,,failed,False,2026-08-23T15:51:53.307481+09:00
Captioning Tab,,,failed,False,2026-08-21T00:27:37.591897+09:00
Captioning Table,,,failed,False,2026-08-19T22:02:22.489790+09:00
Captioning Tag,,,failed,False,2026-08-19T21:11:55.349483+09:00
Captioning Tally,,,failed,False,2026-08-21T00:26:55.838634+09:00
Captioning Tariff,,,failed,False,2026-08-21T02:44:32.833058+09:00
Captioning Tax,,,failed,False,2026-08-21T02:11:46.716437+09:00
Captioning Terminal,,,failed,False,2026-08-19T21:29:53.324584+09:00
Captioning Ticker,,,failed,False,2026-08-19T21:09:40.471721+09:00
Captioning Ticket,,,failed,False,2026-08-19T21:15:06.542256+09:00
Captioning Timeline,,,failed,False,2026-08-19T21:14:21.531663+09:00
Captioning Timer,,,failed,False,2026-08-28T00:21:51.591333+09:00
Captioning Toll,,,failed,False,2026-08-21T02:44:22.791251+09:00
Captioning Toolbox,,,failed,False,2026-08-28T00:21:58.401743+09:00
Captioning Total,,,failed,False,2026-08-27T23:16:37.182537+09:00
Captioning Tracker,,,failed,False,2026-08-19T21:16:02.434865+09:00
Captioning Trail,,,failed,False,2026-08-19T21:31:01.684338+09:00
Captioning Trend,,,failed,False,2026-08-28T01:03:06.788782+09:00
Captioning Trial,,,failed,False,2026-08-27T21:17:59.409089+09:00
Captioning Unit,,,failed,False,2026-08-21T01:55:09.652280+09:00
Captioning Update,,,failed,False,2026-08-19T21:13:25.403661+09:00
Captioning Value,,,failed,False,2026-08-23T02:58:35.873995+09:00
Captioning Vault,,,failed,False,2026-08-19T21:17:15.430061+09:00
Captioning Version,,,failed,False,2026-08-23T03:15:10.473494+09:00
Captioning View,,,failed,False,2026-08-19T21:12:30.069108+09:00
Captioning Watch,,,failed,False,2026-08-19T21:18:22.582804+09:00
Captioning Wave,,,failed,False,2026-08-19T21:19:09.949699+09:00
Captioning Widget,,,failed,False,2026-08-27T23:16:41.409509+09:00
Captioning Window,,,failed,False,2026-08-19T21:10:05.581791+09:00
Captioning Worksheet,,,failed,False,2026-08-27T22:13:36.218618+09:00
Captioning Workshop,,,failed,False,2026-08-28T00:21:55.786008+09:00
Captioning Zone,,,failed,False,2026-08-19T21:30:10.428031+09:00
Care Advance,,,failed,False,2026-08-23T16:16:13.507688+09:00
Care Allowance,201000.0,6.0,success,False,2026-08-21T02:41:35.267281+09:00
Care Almanac,,,failed,False,2026-08-18T22:09:09.487365+09:00
Care Analyzer,10.0,13.0,success,False,2026-08-27T23:59:17.563745+09:00
Care Anchor,,,failed,False,2026-08-17T23:13:11.418966+09:00
Care Arrears,,,failed,False,2026-08-23T16:16:09.972976+09:00
Care Assistant,6600.0,13.0,success,False,2026-08-17T23:13:49.973223+09:00
Care Atlas,90.0,10.0,success,False,2026-08-17T23:04:59.397693+09:00
Care Attribute,,,failed,False,2026-08-23T13:08:02.630104+09:00
Care Badge,320.0,36.0,success,False,2026-08-21T00:27:09.364121+09:00
Care Balance,90.0,22.0,success,False,2026-08-23T13:47:51.726767+09:00
Care Base,480.0,18.0,success,False,2026-08-17T23:12:51.339052+09:00
Care Beacon,10.0,0.0,success,False,2026-08-17T23:11:35.407010+09:00
Care Bill,140.0,6.0,success,False,2026-08-19T21:46:17.017433+09:00
Care Blueprint,,,failed,False,2026-08-18T22:09:01.069434+09:00
Care Board,480.0,11.0,success,False,2026-08-17T23:31:17.212800+09:00
Care Book,1000.0,7.0,success,False,2026-08-19T21:47:20.280191+09:00
Care Bridge,9900.0,13.0,success,False,2026-08-17T23:28:46.712952+09:00
Care Brief,,,failed,False,2026-08-21T01:01:01.220689+09:00
Care Bulletin,10.0,0.0,success,False,2026-08-21T01:00:56.888807+09:00
Care Calendar,720.0,30.0,success,False,2026-08-19T00:03:04.417889+09:00
Care Card,14800.0,26.0,success,False,2026-08-19T13:33:37.732630+09:00
Care Cascade,90.0,1.0,success,False,2026-08-17T23:06:09.735984+09:00
Care Cash,320.0,5.0,success,False,2026-08-21T02:25:59.297290+09:00
Care Cashback,,,failed,False,2026-08-27T21:18:48.752837+09:00
Care Category,30.0,1.0,success,False,2026-08-23T13:07:59.189669+09:00
Care Center,14800.0,8.0,success,False,2026-08-17T23:32:11.092346+09:00
Care Chain,170.0,0.0,success,False,2026-08-17T23:33:31.331574+09:00
Care Charge,210.0,4.0,success,False,2026-08-21T02:41:21.123178+09:00
Care Check,8100.0,20.0,success,False,2026-08-19T13:33:49.819535+09:00
Care Checker,8100.0,20.0,success,False,2026-08-27T23:59:12.622196+09:00
Care Cockpit,,,failed,False,2026-08-17T23:26:13.004123+09:00
Care Code,2900.0,13.0,success,False,2026-08-19T21:46:42.037661+09:00
Care Codex,,,failed,False,2026-08-18T22:09:25.652147+09:00
Care Companion,90500.0,10.0,success,False,2026-08-17T23:11:53.398319+09:00
Care Comparison,5400.0,4.0,success,False,2026-08-28T01:09:06.544338+09:00
Care Compass,18100.0,0.0,success,True,2026-08-17T23:28:07.981645+09:00
Care Compendium,,,failed,False,2026-08-18T22:09:17.362565+09:00
Care Confirmation,,,failed,False,2026-08-21T01:01:15.556861+09:00
Care Console,720.0,3.0,success,False,2026-08-17T23:05:24.872109+09:00
Care Contribution,40.0,9.0,success,False,2026-08-23T16:16:09.972976+09:00
Care Copayment,,,failed,False,2026-08-23T16:39:53.377709+09:00
Care Core,2400.0,6.0,success,False,2026-08-17T23:30:52.147668+09:00
Care Cost,1300.0,14.0,success,False,2026-08-21T02:10:09.458176+09:00
Care Counter,390.0,3.0,success,False,2026-08-19T00:03:46.728628+09:00
Care Coupon,480.0,5.0,success,False,2026-08-27T21:18:45.597821+09:00
Care Dashboard,110.0,2.0,success,False,2026-08-17T23:04:39.264131+09:00
Care Deal,170.0,32.0,success,False,2026-08-21T01:54:16.257744+09:00
Care Debt,10.0,0.0,success,False,2026-08-21T02:25:50.623607+09:00
Care Deck,320.0,58.0,success,False,2026-08-17T23:14:27.748058+09:00
Care Depot,110.0,6.0,success,False,2026-08-19T00:03:31.307926+09:00
Care Desk,590.0,8.0,success,False,2026-08-17T23:27:41.420797+09:00
Care Detail,90.0,13.0,success,False,2026-08-23T03:20:42.703424+09:00
Care Detector,,,failed,False,2026-08-27T23:59:17.563745+09:00
Care Dial,,,failed,False,2026-08-17T23:12:30.403803+09:00
Care Digest,,,failed,False,2026-08-19T20:47:58.897100+09:00
Care Directory,320.0,12.0,success,False,2026-08-19T00:03:09.712807+09:00
Care Discount,90500.0,5.0,success,False,2026-08-23T16:16:03.366904+09:00
Care Dock,,,failed,False,2026-08-17T23:14:10.961193+09:00
Care Dossier,,,failed,False,2026-08-21T01:01:20.027256+09:00
Care Downpayment,,,failed,False,2026-08-27T21:49:45.629659+09:00
Care Draft,,,failed,False,2026-08-19T20:48:12.973996+09:00
Care Due,4400.0,26.0,success,False,2026-08-23T15:52:33.187171+09:00
Care Duty,590.0,6.0,success,False,2026-08-21T02:41:28.147668+09:00
Care Endowment,,,failed,False,2026-08-23T15:52:37.821939+09:00
Care Engine,590.0,8.0,success,False,2026-08-17T23:24:49.201687+09:00
Care Entry,10.0,4.0,success,False,2026-08-21T01:01:30.993537+09:00
Care Estimate,,,failed,False,2026-08-19T21:32:58.231654+09:00
Care Estimator,30.0,3.0,success,False,2026-08-27T23:59:12.622196+09:00
Care Extension,20.0,1.0,success,False,2026-08-23T16:39:53.377709+09:00
Care Fare,110.0,4.0,success,False,2026-08-21T02:10:17.497387+09:00
Care Fee,260.0,5.0,success,False,2026-08-21T01:54:02.992561+09:00
Care Feed,1600.0,2.0,success,False,2026-08-19T20:48:06.706582+09:00
Care Field,590.0,2.0,success,False,2026-08-23T13:08:05.055975+09:00
Care File,70.0,3.0,success,False,2026-08-19T20:47:33.785997+09:00
Care Finder,2900.0,20.0,success,False,2026-08-19T00:03:23.645450+09:00
Care Fine,170.0,4.0,success,False,2026-08-23T02:55:57.484668+09:00
Care Flag,50.0,8.0,success,False,2026-08-21T00:28:03.957628+09:00
Care Flow,3600.0,6.0,success,False,2026-08-17T23:08:13.716761+09:00
Care Forge,,,failed,False,2026-08-17T23:28:22.691550+09:00
Care Form,720.0,3.0,success,False,2026-08-19T13:33:08.765794+09:00
Care Format,30.0,0.0,success,False,2026-08-23T13:08:05.055975+09:00
Care Frame,260.0,4.0,success,False,2026-08-17T23:30:39.559752+09:00
Care Fund,4400.0,4.0,success,False,2026-08-21T02:25:53.601509+09:00
Care Gate,260.0,0.0,success,False,2026-08-17T23:10:35.067749+09:00
Care Giveaway,,,failed,False,2026-08-27T21:18:52.051068+09:00
Care Grade,,,failed,False,2026-08-21T00:27:42.259289+09:00
Care Grid,110.0,0.0,success,False,2026-08-17T23:29:37.041815+09:00
Care Guarantee,10.0,1.0,success,False,2026-08-28T01:01:32.188675+09:00
Care Guard,2900.0,5.0,success,False,2026-08-17T23:26:55.594772+09:00
Care Guardian,90.0,7.0,success,False,2026-08-28T00:27:37.736040+09:00
Care Guidebook,,,failed,False,2026-08-18T22:08:43.049836+09:00
Care Helpdesk,,,failed,False,2026-08-27T22:50:57.800091+09:00
Care Helper,1900.0,12.0,success,False,2026-08-28T00:27:37.736040+09:00
Care History,70.0,0.0,success,False,2026-08-19T20:47:28.016879+09:00
Care Hotline,320.0,20.0,success,False,2026-08-19T21:03:21.176777+09:00
Care Hub,4400.0,7.0,success,False,2026-08-17T23:27:26.699527+09:00
Care Identifier,,,failed,False,2026-08-23T13:07:55.793530+09:00
Care Incentive,,,failed,False,2026-08-27T21:18:48.752837+09:00
Care Index,390.0,0.0,success,False,2026-08-19T21:32:58.231654+09:00
Care Insight,320.0,2.0,success,False,2026-08-17T23:25:59.230175+09:00
Care Installment,,,failed,False,2026-08-23T16:16:06.207689+09:00
Care Item,,,failed,False,2026-08-21T01:54:04.879612+09:00
Care Journal,140.0,16.0,success,False,2026-08-18T22:08:28.742242+09:00
Care Keeper,27100.0,19.0,success,False,2026-08-17T23:12:11.666158+09:00
Care Lab,5400.0,11.0,success,False,2026-08-17T23:09:22.045461+09:00
Care Ledger,30.0,2.0,success,False,2026-08-17T23:07:36.976637+09:00
Care Lens,170.0,11.0,success,False,2026-08-17T23:05:47.972316+09:00
Care Level,2400.0,1.0,success,False,2026-08-19T20:47:39.914949+09:00
Care Levy,50.0,0.0,success,False,2026-08-23T13:47:58.149011+09:00
Care Link,5400.0,12.0,success,False,2026-08-23T03:20:35.213515+09:00
Care List,390.0,13.0,success,False,2026-08-19T21:46:54.129984+09:00
Care Loan,720.0,25.0,success,False,2026-08-21T02:10:26.523271+09:00
Care Locator,210.0,6.0,success,False,2026-08-19T00:03:16.369023+09:00
Care Lock,110.0,2.0,success,False,2026-08-17T23:11:16.019102+09:00
Care Log,720.0,5.0,success,False,2026-08-19T13:32:58.947587+09:00
Care Loop,170.0,6.0,success,False,2026-08-17T23:14:48.085579+09:00
Care Manager,4400.0,3.0,success,False,2026-08-17T23:24:26.895595+09:00
Care Manual,70.0,1.0,success,False,2026-08-27T22:14:14.143197+09:00
Care Map,880.0,1.0,success,False,2026-08-17T23:30:24.350682+09:00
Care Margin,10.0,0.0,success,False,2026-08-23T02:55:55.232894+09:00
Care Markup,,,failed,False,2026-08-23T16:39:50.503833+09:00
Care Memo,10.0,0.0,success,False,2026-08-21T00:27:51.416222+09:00
Care Message,2400.0,6.0,success,False,2026-08-27T23:16:11.688627+09:00
Care Meter,140.0,4.0,success,False,2026-08-17T23:32:52.026751+09:00
Care Metrics,50.0,1.0,success,False,2026-08-17T23:10:18.497736+09:00
Care Monitor,1300.0,7.0,success,False,2026-08-17T23:15:25.442488+09:00
Care Navigator,2400.0,5.0,success,False,2026-08-17T23:26:27.360355+09:00
Care Nexus,480.0,9.0,success,False,2026-08-17T23:23:45.943375+09:00
Care Node,,,failed,False,2026-08-17T23:23:29.892589+09:00
Care Note,1000.0,12.0,success,False,2026-08-19T13:34:00.979457+09:00
Care Notification,,,failed,False,2026-08-27T22:50:47.949618+09:00
Care Number,4400.0,1.0,success,False,2026-08-23T03:20:27.097448+09:00
Care Office,720.0,13.0,success,False,2026-08-19T00:03:38.462918+09:00
Care Ops,110.0,15.0,success,False,2026-08-17T23:06:29.811396+09:00
Care Order,880.0,2.0,success,False,2026-08-19T21:46:07.673702+09:00
Care Organizer,10.0,26.0,success,False,2026-08-17T23:25:43.129443+09:00
Care Overage,,,failed,False,2026-08-27T21:49:42.725472+09:00
Care Overdraft,,,failed,False,2026-08-23T15:52:35.720858+09:00
Care Overdue,,,failed,False,2026-08-27T21:49:38.109800+09:00
Care Panel,40.0,7.0,success,False,2026-08-17T23:32:40.699548+09:00
Care Pass,390.0,24.0,success,False,2026-08-21T00:26:49.726902+09:00
Care Path,2400.0,2.0,success,False,2026-08-17T23:04:01.438390+09:00
Care Payoff,,,failed,False,2026-08-27T21:49:42.725472+09:00
Care Petition,90.0,4.0,success,False,2026-08-21T01:01:11.672775+09:00
Care Pilot,1300.0,13.0,success,False,2026-08-17T23:15:07.247244+09:00
Care Plan,18100.0,5.0,success,False,2026-08-21T01:54:12.034921+09:00
Care Planner,590.0,40.0,success,False,2026-08-17T23:25:05.910381+09:00
Care Playbook,,,failed,False,2026-08-18T22:08:19.564377+09:00
Care Point,14800.0,7.0,success,False,2026-08-17T23:30:11.118322+09:00
Care Portal,22200.0,1.0,success,False,2026-08-17T23:32:25.255075+09:00
Care Profile,210.0,2.0,success,False,2026-08-19T13:34:20.014616+09:00
Care Profit,10.0,0.0,success,False,2026-08-23T02:55:43.726129+09:00
Care Proposal,10.0,0.0,success,False,2026-08-28T01:09:06.544338+09:00
Care Pulse,1900.0,9.0,success,False,2026-08-17T23:09:40.999221+09:00
Care Quota,,,failed,False,2026-08-21T00:27:55.902205+09:00
Care Radar,10.0,20.0,success,False,2026-08-17T23:10:00.779750+09:00
Care Rail,320.0,2.0,success,False,2026-08-17T23:33:15.463532+09:00
Care Rate,260.0,6.0,success,False,2026-08-19T20:47:43.737608+09:00
Care Receipt,10.0,11.0,success,False,2026-08-19T21:46:29.828345+09:00
Care Recorder,,,failed,False,2026-08-27T23:36:50.925534+09:00
Care Register,1600.0,4.0,success,False,2026-08-17T23:26:38.652949+09:00
Care Registry,1600.0,4.0,success,False,2026-08-18T22:08:52.301038+09:00
Care Relay,10.0,8.0,success,False,2026-08-17T23:27:53.024871+09:00
Care Reminder,10.0,0.0,success,False,2026-08-19T21:32:55.348476+09:00
Care Report,1900.0,0.0,success,True,2026-08-19T13:32:52.541757+09:00
Care Repository,,,failed,False,2026-08-27T23:16:21.897779+09:00
Care Result,390.0,0.0,success,False,2026-08-28T00:49:09.988603+09:00
Care Roadmap,,,failed,False,2026-08-18T22:09:34.112352+09:00
Care Roster,140.0,7.0,success,False,2026-08-19T00:37:04.451901+09:00
Care Route,140.0,1.0,success,False,2026-08-17T23:33:04.806706+09:00
Care Rule,,,failed,False,2026-08-23T03:20:39.175053+09:00
Care Sale,720.0,59.0,success,False,2026-08-21T02:26:02.985234+09:00
Care Sample,10.0,0.0,success,False,2026-08-19T21:47:49.967174+09:00
Care Scale,70.0,0.0,success,False,2026-08-17T23:07:13.674847+09:00
Care Scanner,590.0,7.0,success,False,2026-08-27T23:59:17.563745+09:00
Care Scheduler,70.0,9.0,success,False,2026-08-17T23:08:34.451093+09:00
Care Scope,170.0,6.0,success,False,2026-08-17T23:29:20.352796+09:00
Care Score,260.0,2.0,success,False,2026-08-19T13:33:54.731377+09:00
Care Sentry,10.0,0.0,success,False,2026-08-17T23:24:07.376365+09:00
Care Sheet,720.0,1.0,success,False,2026-08-19T13:33:40.733972+09:00
Care Shortfall,,,failed,False,2026-08-27T21:49:45.629659+09:00
Care Signal,480.0,8.0,success,False,2026-08-17T23:29:03.554808+09:00
Care Signature,40.0,3.0,success,False,2026-08-23T13:27:54.146441+09:00
Care Slip,40.0,100.0,success,False,2026-08-19T21:47:38.670449+09:00
Care Slot,10.0,0.0,success,False,2026-08-19T21:48:04.651670+09:00
Care Snapshot,,,failed,False,2026-08-18T22:08:36.440640+09:00
Care Stage,70.0,14.0,success,False,2026-08-28T00:49:09.988603+09:00
Care Stake,,,failed,False,2026-08-23T02:55:50.022047+09:00
Care Statement,170.0,0.0,success,False,2026-08-21T00:27:27.558535+09:00
Care Station,1300.0,12.0,success,False,2026-08-17T23:31:48.177682+09:00
Care Status,390.0,1.0,success,False,2026-08-19T20:47:15.115131+09:00
Care Stipend,,,failed,False,2026-08-23T13:47:58.149011+09:00
Care Streak,,,failed,False,2026-08-28T00:49:13.140044+09:00
Care Stub,,,failed,False,2026-08-21T00:27:19.385133+09:00
Care Studio,2900.0,1.0,success,False,2026-08-17T23:31:33.228756+09:00
Care Subsidy,40.0,2.0,success,False,2026-08-23T15:52:35.720858+09:00
Care Suite,880.0,8.0,success,False,2026-08-17T23:06:52.573020+09:00
Care Sum,,,failed,False,2026-08-21T02:25:47.031494+09:00
Care Summary,260.0,0.0,success,False,2026-08-19T21:32:49.180215+09:00
Care Sync,720.0,18.0,success,False,2026-08-17T23:27:13.113305+09:00
Care Tab,1300.0,44.0,success,False,2026-08-21T00:28:13.699286+09:00
Care Table,1600.0,36.0,success,False,2026-08-19T21:47:05.219311+09:00
Care Tag,1000.0,22.0,success,False,2026-08-19T13:34:11.345054+09:00
Care Tally,,,failed,False,2026-08-21T00:27:34.970005+09:00
Care Tariff,,,failed,False,2026-08-21T02:41:38.667611+09:00
Care Tax,1300.0,1.0,success,False,2026-08-21T02:10:21.556989+09:00
Care Ticket,480.0,5.0,success,False,2026-08-19T21:32:58.231654+09:00
Care Tier,10.0,3.0,success,False,2026-08-28T00:49:13.140044+09:00
Care Timeline,,,failed,False,2026-08-19T21:32:52.200900+09:00
Care Timer,10.0,0.0,success,False,2026-08-28T00:27:35.071119+09:00
Care Toll,,,failed,False,2026-08-21T02:41:32.223715+09:00
Care Toolkit,40.0,0.0,success,False,2026-08-18T22:08:12.988621+09:00
Care Total,40.0,5.0,success,False,2026-08-27T23:16:11.688627+09:00
Care Tracker,2900.0,4.0,success,False,2026-08-17T23:13:32.470918+09:00
Care Trail,260.0,2.0,success,False,2026-08-17T23:08:54.682716+09:00
Care Trend,40.0,6.0,success,False,2026-08-28T01:09:03.847299+09:00
Care Trial,140.0,0.0,success,False,2026-08-27T21:18:48.752837+09:00
Care Unit,720.0,2.0,success,False,2026-08-21T01:54:08.146374+09:00
Care Update,10.0,4.0,success,False,2026-08-19T20:47:51.523685+09:00
Care Value,1600.0,5.0,success,False,2026-08-23T02:55:47.607915+09:00
Care Vault,70.0,3.0,success,False,2026-08-17T23:04:19.754704+09:00
Care Version,20.0,14.0,success,False,2026-08-23T03:20:32.320134+09:00
Care View,5400.0,4.0,success,False,2026-08-19T20:47:22.248072+09:00
Care Voucher,110.0,8.0,success,False,2026-08-21T00:27:00.975108+09:00
Care Watch,1600.0,78.0,success,False,2026-08-17T23:07:56.377169+09:00
Care Wave,720.0,65.0,success,False,2026-08-17T23:29:55.087176+09:00
Care Widget,,,failed,False,2026-08-27T23:16:13.930951+09:00
Care Workbench,,,failed,False,2026-08-18T22:08:04.928972+09:00
Care Worksheet,30.0,0.0,success,False,2026-08-27T22:14:17.347960+09:00
Care Workshop,70.0,0.0,success,False,2026-08-28T00:27:35.071119+09:00
Care Zone,4400.0,14.0,success,False,2026-08-17T23:10:55.434729+09:00
Cargo Advance,,,failed,False,2026-08-23T16:12:32.773263+09:00
Cargo Advisory,,,failed,False,2026-08-21T01:05:05.236354+09:00
Cargo Allowance,,,failed,False,2026-08-21T02:37:35.054521+09:00
Cargo Almanac,,,failed,False,2026-08-18T22:03:03.090691+09:00
Cargo Analyzer,,,failed,False,2026-08-27T23:54:23.137775+09:00
Cargo Anchor,140.0,100.0,success,False,2026-08-17T20:40:03.112671+09:00
Cargo Arrears,,,failed,False,2026-08-23T16:12:32.773263+09:00
Cargo Asset,10.0,13.0,success,False,2026-08-23T13:46:12.042463+09:00
Cargo Assistant,590.0,1.0,success,False,2026-08-17T23:08:34.451093+09:00
Cargo Atlas,2900.0,6.0,success,False,2026-08-17T21:41:47.180143+09:00
Cargo Attribute,,,failed,False,2026-08-23T13:05:39.073326+09:00
Cargo Badge,,,failed,False,2026-08-21T00:30:27.321926+09:00
Cargo Balance,110.0,15.0,success,False,2026-08-23T13:46:02.473862+09:00
Cargo Base,480.0,10.0,success,False,2026-08-17T21:36:38.708092+09:00
Cargo Bay,1900.0,2.0,success,False,2026-08-19T00:37:06.709542+09:00
Cargo Beacon,20.0,0.0,success,False,2026-08-17T20:43:16.751377+09:00
Cargo Bill,70.0,0.0,success,False,2026-08-19T21:47:24.408619+09:00
Cargo Blueprint,,,failed,False,2026-08-18T22:02:52.692456+09:00
Cargo Board,1000.0,50.0,success,False,2026-08-17T21:33:30.231055+09:00
Cargo Book,1600.0,12.0,success,False,2026-08-19T21:48:34.329578+09:00
Cargo Bridge,1900.0,1.0,success,False,2026-08-17T20:40:49.686418+09:00
Cargo Brief,10.0,26.0,success,False,2026-08-21T01:04:53.420072+09:00
Cargo Bulletin,,,failed,False,2026-08-21T01:04:44.330584+09:00
Cargo Calculator,4400.0,26.0,success,False,2026-08-27T23:33:49.410538+09:00
Cargo Calendar,20.0,0.0,success,False,2026-08-19T00:00:54.845309+09:00
Cargo Card,320.0,6.0,success,False,2026-08-19T13:27:18.608287+09:00
Cargo Cascade,10.0,1.0,success,False,2026-08-17T20:41:38.152103+09:00
Cargo Cash,20.0,0.0,success,False,2026-08-21T02:21:30.317993+09:00
Cargo Cashback,,,failed,False,2026-08-27T21:15:06.762141+09:00
Cargo Center,2400.0,6.0,success,False,2026-08-17T20:45:34.633599+09:00
Cargo Chain,320.0,100.0,success,False,2026-08-17T20:34:53.035348+09:00
Cargo Charge,1300.0,11.0,success,False,2026-08-21T02:37:19.204094+09:00
Cargo Check,720.0,2.0,success,False,2026-08-19T13:27:45.503275+09:00
Cargo Checker,720.0,2.0,success,False,2026-08-27T23:54:12.617602+09:00
Cargo Checklist,30.0,1.0,success,False,2026-08-19T21:19:39.587475+09:00
Cargo Circular,10.0,0.0,success,False,2026-08-21T01:05:02.312819+09:00
Cargo Cockpit,260.0,1.0,success,False,2026-08-17T23:14:57.452489+09:00
Cargo Code,320.0,8.0,success,False,2026-08-19T21:47:49.967174+09:00
Cargo Codex,,,failed,False,2026-08-18T22:03:23.896977+09:00
Cargo Companion,10.0,0.0,success,False,2026-08-17T23:06:26.824049+09:00
Cargo Comparison,20.0,1.0,success,False,2026-08-28T01:04:31.429165+09:00
Cargo Compass,2400.0,3.0,success,False,2026-08-17T20:44:11.907751+09:00
Cargo Compendium,,,failed,False,2026-08-18T22:03:11.971226+09:00
Cargo Confirmation,,,failed,False,2026-08-21T01:05:22.302548+09:00
Cargo Console,20.0,1.0,success,False,2026-08-17T20:42:50.595044+09:00
Cargo Contribution,,,failed,False,2026-08-23T16:12:29.296473+09:00
Cargo Converter,,,failed,False,2026-08-27T23:33:53.153275+09:00
Cargo Core,40.0,12.0,success,False,2026-08-17T21:35:38.144027+09:00
Cargo Cost,5400.0,9.0,success,False,2026-08-21T02:06:07.596179+09:00
Cargo Count,30.0,1.0,success,False,2026-08-27T22:47:06.029080+09:00
Cargo Counter,30.0,1.0,success,False,2026-08-18T23:52:29.838132+09:00
Cargo Coupon,320.0,3.0,success,False,2026-08-27T21:15:01.645543+09:00
Cargo Dashboard,110.0,4.0,success,False,2026-08-17T23:11:50.330995+09:00
Cargo Deal,110.0,3.0,success,False,2026-08-21T01:50:02.348824+09:00
Cargo Debt,,,failed,False,2026-08-21T02:21:19.910090+09:00
Cargo Deck,590.0,7.0,success,False,2026-08-17T21:32:28.090728+09:00
Cargo Depot,720.0,4.0,success,False,2026-08-19T00:01:28.091265+09:00
Cargo Desk,40.0,56.0,success,False,2026-08-17T20:48:26.612997+09:00
Cargo Detail,390.0,1.0,success,False,2026-08-23T03:15:59.188624+09:00
Cargo Detector,,,failed,False,2026-08-27T23:54:23.137775+09:00
Cargo Diagram,,,failed,False,2026-08-27T22:09:18.738684+09:00
Cargo Dial,90.0,4.0,success,False,2026-08-17T20:41:11.362619+09:00
Cargo Digest,10.0,0.0,success,False,2026-08-19T20:46:08.912085+09:00
Cargo Directory,90.0,7.0,success,False,2026-08-19T00:01:01.996823+09:00
Cargo Discount,20.0,1.0,success,False,2026-08-23T16:12:26.242265+09:00
Cargo Dock,590.0,1.0,success,False,2026-08-17T20:37:49.257868+09:00
Cargo Dossier,10.0,0.0,success,False,2026-08-21T01:05:26.897512+09:00
Cargo Draft,,,failed,False,2026-08-19T20:46:20.200545+09:00
Cargo Due,30.0,0.0,success,False,2026-08-23T15:51:03.649898+09:00
Cargo Duty,20.0,1.0,success,False,2026-08-21T02:37:22.596537+09:00
Cargo Endowment,,,failed,False,2026-08-23T15:51:07.589062+09:00
Cargo Engine,90.0,1.0,success,False,2026-08-17T23:11:40.322748+09:00
Cargo Entry,40.0,0.0,success,False,2026-08-21T01:05:43.113119+09:00
Cargo Estimate,480.0,53.0,success,False,2026-08-19T21:31:54.531543+09:00
Cargo Estimator,,,failed,False,2026-08-27T23:54:12.617602+09:00
Cargo Excerpt,,,failed,False,2026-08-21T01:05:39.127217+09:00
Cargo Extension,50.0,59.0,success,False,2026-08-23T16:38:01.127600+09:00
Cargo Fare,30.0,14.0,success,False,2026-08-21T02:06:22.333595+09:00
Cargo Fee,110.0,7.0,success,False,2026-08-21T01:57:05.042237+09:00
Cargo Feed,20.0,0.0,success,False,2026-08-19T20:46:13.766068+09:00
Cargo Field,20.0,0.0,success,False,2026-08-23T13:05:41.403029+09:00
Cargo File,170.0,1.0,success,False,2026-08-19T20:45:48.837053+09:00
Cargo Finder,1000.0,44.0,success,False,2026-08-19T00:01:21.334255+09:00
Cargo Fine,,,failed,False,2026-08-23T02:52:39.945062+09:00
Cargo Flag,110.0,25.0,success,False,2026-08-21T00:31:09.970083+09:00
Cargo Flow,1300.0,3.0,success,False,2026-08-17T21:33:04.357190+09:00
Cargo Forge,20.0,14.0,success,False,2026-08-17T20:42:21.345142+09:00
Cargo Form,50.0,0.0,success,False,2026-08-19T13:27:07.663216+09:00
Cargo Format,170.0,0.0,success,False,2026-08-23T13:05:43.515456+09:00
Cargo Frame,90.0,36.0,success,False,2026-08-17T21:37:46.877382+09:00
Cargo Fund,,,failed,False,2026-08-21T02:21:23.135425+09:00
Cargo Gate,1000.0,3.0,success,False,2026-08-17T20:31:52.293572+09:00
Cargo Giveaway,,,failed,False,2026-08-27T21:15:09.099124+09:00
Cargo Grade,,,failed,False,2026-08-21T00:30:51.297861+09:00
Cargo Graph,20.0,0.0,success,False,2026-08-27T22:09:16.229025+09:00
Cargo Grid,50.0,10.0,success,False,2026-08-17T20:35:20.751202+09:00
Cargo Guarantee,,,failed,False,2026-08-28T01:04:40.087199+09:00
Cargo Guard,90.0,18.0,success,False,2026-08-17T21:36:12.498401+09:00
Cargo Guardian,30.0,1.0,success,False,2026-08-28T00:24:03.733784+09:00
Cargo Guidebook,,,failed,False,2026-08-18T22:02:30.753417+09:00
Cargo Helpdesk,,,failed,False,2026-08-27T22:47:08.510624+09:00
Cargo Helper,320.0,1.0,success,False,2026-08-28T00:24:07.652921+09:00
Cargo History,30.0,0.0,success,False,2026-08-19T20:45:40.802029+09:00
Cargo Hub,1000.0,7.0,success,False,2026-08-17T21:31:52.108049+09:00
Cargo Identifier,,,failed,False,2026-08-23T13:05:36.623967+09:00
Cargo Incentive,,,failed,False,2026-08-27T21:15:09.099124+09:00
Cargo Index,320.0,17.0,success,False,2026-08-19T21:19:50.890463+09:00
Cargo Insight,10.0,0.0,success,False,2026-08-17T23:08:04.686791+09:00
Cargo Installment,,,failed,False,2026-08-23T16:12:29.296473+09:00
Cargo Interest,40.0,0.0,success,False,2026-08-23T13:46:02.473862+09:00
Cargo Item,210.0,6.0,success,False,2026-08-21T01:57:08.672731+09:00
Cargo Journal,20.0,0.0,success,False,2026-08-18T22:07:55.686998+09:00
Cargo Keeper,260.0,100.0,success,False,2026-08-17T21:38:18.723173+09:00
Cargo Kit,170.0,64.0,success,False,2026-08-27T22:47:02.636160+09:00
Cargo Lab,90.0,4.0,success,False,2026-08-17T21:30:10.122952+09:00
Cargo Label,320.0,17.0,success,False,2026-08-27T22:09:16.229025+09:00
Cargo Layout,30.0,0.0,success,False,2026-08-27T22:28:46.749186+09:00
Cargo Ledger,30.0,0.0,success,False,2026-08-17T21:34:34.023181+09:00
Cargo Lens,,,failed,False,2026-08-17T21:39:13.221117+09:00
Cargo Level,140.0,73.0,success,False,2026-08-19T20:45:53.854460+09:00
Cargo Levy,,,failed,False,2026-08-23T13:46:12.042463+09:00
Cargo Link,2900.0,3.0,success,False,2026-08-23T03:15:51.596433+09:00
Cargo List,320.0,2.0,success,False,2026-08-19T21:48:07.459723+09:00
Cargo Loan,201000.0,58.0,success,False,2026-08-21T02:06:32.230213+09:00
Cargo Locator,,,failed,False,2026-08-19T00:01:12.720919+09:00
Cargo Lock,1600.0,57.0,success,False,2026-08-18T07:52:37.222006+09:00
Cargo Log,260.0,3.0,success,False,2026-08-19T13:26:59.554690+09:00
Cargo Loop,480.0,10.0,success,False,2026-08-17T20:36:20.228244+09:00
Cargo Manager,720.0,12.0,success,False,2026-08-17T21:37:10.762781+09:00
Cargo Manual,40.0,0.0,success,False,2026-08-27T22:09:18.738684+09:00
Cargo Map,260.0,3.0,success,False,2026-08-17T21:41:16.664514+09:00
Cargo Margin,,,failed,False,2026-08-23T02:52:37.533661+09:00
Cargo Marker,,,failed,False,2026-08-23T13:27:00.453108+09:00
Cargo Markup,,,failed,False,2026-08-23T16:37:59.116023+09:00
Cargo Memo,,,failed,False,2026-08-21T00:30:57.917323+09:00
Cargo Message,10.0,0.0,success,False,2026-08-27T23:12:08.197632+09:00
Cargo Meter,0.0,,success,False,2026-08-17T20:40:27.760312+09:00
Cargo Metrics,90.0,3.0,success,False,2026-08-17T23:04:36.399044+09:00
Cargo Monitor,110.0,11.0,success,False,2026-08-17T23:10:15.371250+09:00
Cargo Navigator,1900.0,1.0,success,False,2026-08-17T23:09:46.743330+09:00
Cargo Nexus,40.0,1.0,success,False,2026-08-18T07:43:28.535953+09:00
Cargo Node,20.0,1.0,success,False,2026-08-17T20:32:58.642411+09:00
Cargo Note,90.0,0.0,success,False,2026-08-19T13:28:03.494645+09:00
Cargo Notification,,,failed,False,2026-08-27T22:46:59.897454+09:00
Cargo Number,210.0,15.0,success,False,2026-08-23T03:15:44.979812+09:00
Cargo Office,880.0,7.0,success,False,2026-08-19T00:01:35.413805+09:00
Cargo Ops,2400.0,5.0,success,False,2026-08-17T23:13:28.338167+09:00
Cargo Order,20.0,8.0,success,False,2026-08-19T21:47:08.663103+09:00
Cargo Organizer,590.0,100.0,success,False,2026-08-17T23:13:20.544847+09:00
Cargo Overage,,,failed,False,2026-08-27T21:46:34.931324+09:00
Cargo Overdraft,,,failed,False,2026-08-23T15:51:05.565275+09:00
Cargo Panel,140.0,22.0,success,False,2026-08-17T20:42:01.579820+09:00
Cargo Pass,1900.0,1.0,success,False,2026-08-21T00:30:14.861916+09:00
Cargo Path,70.0,0.0,success,False,2026-08-17T20:32:26.534581+09:00
Cargo Penalty,,,failed,False,2026-08-23T16:37:56.709879+09:00
Cargo Petition,,,failed,False,2026-08-21T01:05:09.510273+09:00
Cargo Pilot,1600.0,4.0,success,False,2026-08-17T21:30:43.453478+09:00
Cargo Plan,1000.0,2.0,success,False,2026-08-21T01:49:57.762710+09:00
Cargo Planner,2400.0,17.0,success,False,2026-08-17T23:06:14.261884+09:00
Cargo Playbook,,,failed,False,2026-08-18T22:07:49.432223+09:00
Cargo Point,590.0,18.0,success,False,2026-08-18T07:52:37.222006+09:00
Cargo Portal,480.0,5.0,success,False,2026-08-17T20:43:46.830313+09:00
Cargo Preview,10.0,0.0,success,False,2026-08-28T01:04:34.359127+09:00
Cargo Profile,320.0,1.0,success,False,2026-08-19T13:28:22.445633+09:00
Cargo Profit,,,failed,False,2026-08-23T02:52:30.798474+09:00
Cargo Proposal,,,failed,False,2026-08-28T01:04:37.386068+09:00
Cargo Pulse,40.0,2.0,success,False,2026-08-17T20:34:29.454165+09:00
Cargo Quota,,,failed,False,2026-08-21T00:31:05.602481+09:00
Cargo Radar,140.0,10.0,success,False,2026-08-17T20:47:07.356899+09:00
Cargo Rail,1600.0,86.0,success,False,2026-08-17T20:36:52.122948+09:00
Cargo Rate,1300.0,11.0,success,False,2026-08-19T20:46:00.045081+09:00
Cargo Recap,10.0,0.0,success,False,2026-08-21T01:05:29.532542+09:00
Cargo Receipt,590.0,0.0,success,False,2026-08-19T21:47:38.670449+09:00
Cargo Recorder,,,failed,False,2026-08-27T23:33:53.153275+09:00
Cargo Redemption,,,failed,False,2026-08-23T16:38:01.127600+09:00
Cargo Register,320.0,2.0,success,False,2026-08-17T23:04:07.422993+09:00
Cargo Registry,320.0,2.0,success,False,2026-08-18T22:02:42.227147+09:00
Cargo Relay,30.0,74.0,success,False,2026-08-17T20:45:58.318950+09:00
Cargo Reminder,,,failed,False,2026-08-19T21:19:27.756536+09:00
Cargo Report,40.0,1.0,success,False,2026-08-19T13:26:27.174031+09:00
Cargo Repository,90.0,0.0,success,False,2026-08-27T23:12:15.769681+09:00
Cargo Roadmap,,,failed,False,2026-08-18T22:03:46.428497+09:00
Cargo Roster,,,failed,False,2026-08-19T00:37:20.289190+09:00
Cargo Route,210.0,9.0,success,False,2026-08-17T20:38:40.859557+09:00
Cargo Rule,,,failed,False,2026-08-23T03:15:55.657138+09:00
Cargo Sale,480.0,66.0,success,False,2026-08-21T02:21:33.857873+09:00
Cargo Sample,90.0,1.0,success,False,2026-08-19T21:49:01.029648+09:00
Cargo Scale,110.0,100.0,success,False,2026-08-17T20:39:33.830984+09:00
Cargo Scheduler,90.0,5.0,success,False,2026-08-17T23:15:22.052615+09:00
Cargo Scope,10.0,4.0,success,False,2026-08-17T20:37:19.032635+09:00
Cargo Score,,,failed,False,2026-08-19T13:27:56.460670+09:00
Cargo Sentry,,,failed,False,2026-08-17T21:40:01.418165+09:00
Cargo Sheet,390.0,16.0,success,False,2026-08-19T13:27:35.770715+09:00
Cargo Shortfall,,,failed,False,2026-08-27T21:46:39.546965+09:00
Cargo Signal,260.0,4.0,success,False,2026-08-17T20:39:11.470645+09:00
Cargo Signature,,,failed,False,2026-08-23T13:27:00.453108+09:00
Cargo Slip,70.0,14.0,success,False,2026-08-19T21:48:48.534569+09:00
Cargo Slot,70.0,0.0,success,False,2026-08-19T21:49:11.434209+09:00
Cargo Snapshot,,,failed,False,2026-08-18T22:08:04.928972+09:00
Cargo Stage,,,failed,False,2026-08-28T00:47:08.445911+09:00
Cargo Stake,,,failed,False,2026-08-23T02:52:33.355566+09:00
Cargo Stamp,40.0,13.0,success,False,2026-08-23T13:27:02.624073+09:00
Cargo Statement,,,failed,False,2026-08-21T00:30:39.454023+09:00
Cargo Station,260.0,5.0,success,False,2026-08-17T20:47:50.375793+09:00
Cargo Status,90500.0,4.0,success,False,2026-08-19T20:45:25.764339+09:00
Cargo Stub,,,failed,False,2026-08-21T00:30:34.487987+09:00
Cargo Studio,90.0,2.0,success,False,2026-08-17T21:31:17.550614+09:00
Cargo Subsidy,,,failed,False,2026-08-23T15:51:07.589062+09:00
Cargo Suite,20.0,15.0,success,False,2026-08-17T23:13:46.002975+09:00
Cargo Sum,10.0,75.0,success,False,2026-08-21T02:21:16.859864+09:00
Cargo Summary,30.0,0.0,success,False,2026-08-19T21:19:03.809657+09:00
Cargo Surtax,,,failed,False,2026-08-23T15:51:09.680113+09:00
Cargo Sync,40.0,0.0,success,False,2026-08-17T21:34:03.414909+09:00
Cargo Tab,50.0,0.0,success,False,2026-08-21T00:31:14.600161+09:00
Cargo Table,110.0,93.0,success,False,2026-08-19T21:48:19.671606+09:00
Cargo Tag,590.0,2.0,success,False,2026-08-19T13:28:10.656877+09:00
Cargo Tally,50.0,1.0,success,False,2026-08-21T00:30:46.553076+09:00
Cargo Tariff,40.0,8.0,success,False,2026-08-21T02:37:37.997164+09:00
Cargo Tax,40.0,3.0,success,False,2026-08-21T02:06:27.364500+09:00
Cargo Terminal,18100.0,3.0,success,False,2026-08-17T20:46:27.690682+09:00
Cargo Ticket,390.0,9.0,success,False,2026-08-19T21:20:03.565098+09:00
Cargo Tier,,,failed,False,2026-08-28T00:47:08.445911+09:00
Cargo Timeline,,,failed,False,2026-08-19T21:19:14.051362+09:00
Cargo Timer,10.0,0.0,success,False,2026-08-28T00:23:58.859062+09:00
Cargo Toll,,,failed,False,2026-08-21T02:37:31.175739+09:00
Cargo Toolbox,20.0,100.0,success,False,2026-08-28T00:24:03.733784+09:00
Cargo Toolkit,,,failed,False,2026-08-18T22:07:40.431986+09:00
Cargo Total,10.0,1.0,success,False,2026-08-27T23:12:13.072454+09:00
Cargo Tracker,90500.0,4.0,success,False,2026-08-17T21:35:06.399475+09:00
Cargo Trail,50.0,80.0,success,False,2026-08-17T20:35:52.510868+09:00
Cargo Trend,260.0,39.0,success,False,2026-08-28T01:04:28.102899+09:00
Cargo Trial,20.0,0.0,success,False,2026-08-27T21:15:06.762141+09:00
Cargo Unit,320.0,16.0,success,False,2026-08-21T01:57:13.280090+09:00
Cargo Update,1900.0,0.0,success,True,2026-08-19T20:46:04.507912+09:00
Cargo Value,260.0,2.0,success,False,2026-08-23T02:52:33.355566+09:00
Cargo Vault,40.0,7.0,success,False,2026-08-17T20:45:12.889782+09:00
Cargo Version,390.0,0.0,success,False,2026-08-23T03:15:49.113628+09:00
Cargo View,260.0,0.0,success,False,2026-08-19T20:45:35.048925+09:00
Cargo Voucher,10.0,0.0,success,False,2026-08-21T00:30:19.986675+09:00
Cargo Watch,1600.0,15.0,success,False,2026-08-17T20:38:13.537846+09:00
Cargo Wave,260.0,3.0,success,False,2026-08-17T20:33:33.696511+09:00
Cargo Widget,,,failed,False,2026-08-27T23:12:13.072454+09:00
Cargo Workbench,,,failed,False,2026-08-18T22:07:33.444344+09:00
Cargo Worksheet,,,failed,False,2026-08-27T22:09:18.738684+09:00
Cargo Workshop,70.0,0.0,success,False,2026-08-28T00:24:01.160084+09:00
Cargo Zone,1900.0,4.0,success,False,2026-08-17T20:44:32.138425+09:00
Carrier Advance,30.0,0.0,success,False,2026-08-23T16:16:29.053349+09:00
Carrier Advisory,,,failed,False,2026-08-21T01:06:31.516088+09:00
Carrier Alert,20.0,0.0,success,False,2026-08-19T22:00:04.199605+09:00
Carrier Allowance,27100.0,5.0,success,False,2026-08-21T02:44:59.003058+09:00
Carrier Analyzer,,,failed,False,2026-08-27T23:54:55.608336+09:00
Carrier Arrears,,,failed,False,2026-08-23T16:16:26.754683+09:00
Carrier Asset,,,failed,False,2026-08-23T13:47:27.498118+09:00
Carrier Assistant,140.0,3.0,success,False,2026-08-19T21:55:09.455728+09:00
Carrier Atlas,20.0,13.0,success,False,2026-08-19T21:54:30.567883+09:00
Carrier Attribute,,,failed,False,2026-08-23T13:06:24.369926+09:00
Carrier Badge,20.0,14.0,success,False,2026-08-21T00:30:53.488074+09:00
Carrier Balance,10.0,0.0,success,False,2026-08-23T13:47:23.462533+09:00
Carrier Base,210.0,4.0,success,False,2026-08-19T21:50:15.861548+09:00
Carrier Beacon,14800.0,20.0,success,False,2026-08-19T21:47:16.114306+09:00
Carrier Bill,170.0,0.0,success,False,2026-08-19T22:06:01.682265+09:00
Carrier Board,1600.0,28.0,success,False,2026-08-19T21:50:49.199189+09:00
Carrier Book,210.0,6.0,success,False,2026-08-19T22:06:53.339068+09:00
Carrier Booth,,,failed,False,2026-08-19T21:58:08.143234+09:00
Carrier Bridge,210.0,1.0,success,False,2026-08-19T21:47:55.928943+09:00
Carrier Brief,10.0,39.0,success,False,2026-08-21T01:06:21.603341+09:00
Carrier Bulletin,10.0,0.0,success,False,2026-08-21T01:06:17.673460+09:00
Carrier Cabinet,50.0,5.0,success,False,2026-08-27T23:11:42.330738+09:00
Carrier Calendar,30.0,0.0,success,False,2026-08-19T21:56:56.242658+09:00
Carrier Card,210.0,16.0,success,False,2026-08-19T22:02:05.634117+09:00
Carrier Cascade,,,failed,False,2026-08-19T21:47:43.048701+09:00
Carrier Cash,10.0,6.0,success,False,2026-08-21T02:28:33.010940+09:00
Carrier Category,,,failed,False,2026-08-23T13:06:20.755041+09:00
Carrier Center,390.0,3.0,success,False,2026-08-19T21:51:54.755817+09:00
Carrier Chain,70.0,19.0,success,False,2026-08-19T21:53:43.821939+09:00
Carrier Charge,390.0,0.0,success,False,2026-08-21T02:44:46.644995+09:00
Carrier Chart,260.0,0.0,success,False,2026-08-19T22:00:16.178777+09:00
Carrier Check,6600.0,3.0,success,False,2026-08-19T22:02:25.837553+09:00
Carrier Checker,6600.0,3.0,success,False,2026-08-27T23:54:45.435156+09:00
Carrier Circular,,,failed,False,2026-08-21T01:06:25.514755+09:00
Carrier Code,1000.0,1.0,success,False,2026-08-19T22:06:22.029176+09:00
Carrier Companion,,,failed,False,2026-08-19T21:55:47.244669+09:00
Carrier Comparison,390.0,74.0,success,False,2026-08-28T01:06:10.302074+09:00
Carrier Confirmation,30.0,1.0,success,False,2026-08-21T01:06:45.397337+09:00
Carrier Console,70.0,40.0,success,False,2026-08-19T21:52:31.796696+09:00
Carrier Contribution,,,failed,False,2026-08-23T16:16:24.189782+09:00
Carrier Copayment,,,failed,False,2026-08-23T16:40:09.543730+09:00
Carrier Core,20.0,0.0,success,False,2026-08-19T21:50:26.967968+09:00
Carrier Cost,140.0,5.0,success,False,2026-08-21T02:11:27.429616+09:00
Carrier Count,,,failed,False,2026-08-27T22:45:58.509654+09:00
Carrier Counter,10.0,0.0,success,False,2026-08-19T21:57:47.268344+09:00
Carrier Deal,320.0,68.0,success,False,2026-08-21T01:54:48.965214+09:00
Carrier Debt,,,failed,False,2026-08-21T02:28:28.588606+09:00
Carrier Desk,210.0,2.0,success,False,2026-08-19T21:46:17.017433+09:00
Carrier Detail,,,failed,False,2026-08-23T03:16:23.757716+09:00
Carrier Detector,30.0,3.0,success,False,2026-08-27T23:54:52.993731+09:00
Carrier Directory,30.0,25.0,success,False,2026-08-19T21:57:05.603826+09:00
Carrier Discount,40.0,4.0,success,False,2026-08-23T16:16:17.008573+09:00
Carrier Dossier,,,failed,False,2026-08-21T01:06:48.856434+09:00
Carrier Downpayment,,,failed,False,2026-08-27T21:50:54.080102+09:00
Carrier Draft,10.0,0.0,success,False,2026-08-19T22:04:34.418517+09:00
Carrier Due,,,failed,False,2026-08-23T15:52:24.692181+09:00
Carrier Duty,,,failed,False,2026-08-21T02:44:49.670355+09:00
Carrier Engine,50.0,1.0,success,False,2026-08-19T21:55:00.630940+09:00
Carrier Entry,,,failed,False,2026-08-21T01:07:05.419425+09:00
Carrier Estimate,,,failed,False,2026-08-19T22:05:40.444282+09:00
Carrier Estimator,,,failed,False,2026-08-27T23:54:40.654466+09:00
Carrier Excerpt,,,failed,False,2026-08-21T01:06:58.606298+09:00
Carrier Fare,50.0,1.0,success,False,2026-08-21T02:11:34.732367+09:00
Carrier Fee,210.0,0.0,success,False,2026-08-21T01:54:29.413822+09:00
Carrier Feed,20.0,4.0,success,False,2026-08-19T22:04:23.242123+09:00
Carrier File,210.0,9.0,success,False,2026-08-19T22:03:42.018748+09:00
Carrier Finder,260.0,4.0,success,False,2026-08-19T21:57:24.591826+09:00
Carrier Fine,10.0,0.0,success,False,2026-08-23T02:52:33.355566+09:00
Carrier Flag,30.0,0.0,success,False,2026-08-21T00:31:38.357083+09:00
Carrier Flow,170.0,5.0,success,False,2026-08-19T22:07:58.722610+09:00
Carrier Form,70.0,0.0,success,False,2026-08-19T22:01:53.877884+09:00
Carrier Format,,,failed,False,2026-08-23T13:06:29.194377+09:00
Carrier Frame,390.0,34.0,success,False,2026-08-19T21:50:02.656663+09:00
Carrier Fund,,,failed,False,2026-08-21T02:28:33.010940+09:00
Carrier Gate,390.0,2.0,success,False,2026-08-19T21:54:06.004532+09:00
Carrier Grade,,,failed,False,2026-08-21T00:31:17.519824+09:00
Carrier Grid,,,failed,False,2026-08-19T21:49:05.079544+09:00
Carrier Guarantee,10.0,0.0,success,False,2026-08-28T01:06:23.726095+09:00
Carrier Guardian,,,failed,False,2026-08-28T00:24:47.033463+09:00
Carrier Harbor,,,failed,False,2026-08-19T21:59:09.702480+09:00
Carrier Helpdesk,30.0,31.0,success,False,2026-08-27T22:45:58.509654+09:00
Carrier Helper,,,failed,False,2026-08-28T00:24:51.336275+09:00
Carrier History,140.0,0.0,success,False,2026-08-19T22:03:32.806508+09:00
Carrier Hub,3600.0,2.0,success,False,2026-08-19T21:46:03.788347+09:00
Carrier Identifier,590.0,39.0,success,False,2026-08-23T13:06:17.940469+09:00
Carrier Inbox,,,failed,False,2026-08-19T21:59:52.671651+09:00
Carrier Index,50.0,22.0,success,False,2026-08-19T22:05:22.514727+09:00
Carrier Installment,,,failed,False,2026-08-23T16:16:21.487176+09:00
Carrier Interest,8100.0,2.0,success,False,2026-08-23T13:47:23.462533+09:00
Carrier Item,20.0,0.0,success,False,2026-08-21T01:54:32.681048+09:00
Carrier Journal,40.0,1.0,success,False,2026-08-19T21:56:30.340313+09:00
Carrier Keeper,10.0,100.0,success,False,2026-08-19T21:54:39.483113+09:00
Carrier Kiosk,,,failed,False,2026-08-19T21:58:17.004802+09:00
Carrier Kit,90.0,12.0,success,False,2026-08-27T22:45:51.425899+09:00
Carrier Label,210.0,17.0,success,False,2026-08-27T22:15:49.874448+09:00
Carrier Ledger,,,failed,False,2026-08-19T21:50:37.216187+09:00
Carrier Level,40.0,0.0,success,False,2026-08-19T22:03:52.975095+09:00
Carrier Levy,,,failed,False,2026-08-23T13:47:31.255092+09:00
Carrier Line,170.0,2.0,success,False,2026-08-19T22:01:05.588899+09:00
Carrier Link,1300.0,15.0,success,False,2026-08-23T03:16:15.944869+09:00
Carrier List,170.0,2.0,success,False,2026-08-19T22:06:32.723316+09:00
Carrier Loan,,,failed,False,2026-08-21T02:11:43.167775+09:00
Carrier Locator,1000.0,0.0,success,True,2026-08-19T21:57:14.341308+09:00
Carrier Log,110.0,2.0,success,False,2026-08-19T22:01:45.686906+09:00
Carrier Loop,,,failed,False,2026-08-19T21:48:55.925505+09:00
Carrier Manager,210.0,1.0,success,False,2026-08-19T21:54:48.895899+09:00
Carrier Manual,720.0,2.0,success,False,2026-08-27T22:15:49.874448+09:00
Carrier Map,480.0,17.0,success,False,2026-08-19T21:49:51.324073+09:00
Carrier Markup,,,failed,False,2026-08-23T16:40:05.179166+09:00
Carrier Memo,,,failed,False,2026-08-21T00:31:22.902026+09:00
Carrier Monitor,,,failed,False,2026-08-19T21:55:36.980585+09:00
Carrier Nexus,880.0,79.0,success,False,2026-08-19T21:54:19.584048+09:00
Carrier Note,170.0,0.0,success,False,2026-08-19T22:02:47.197172+09:00
Carrier Notification,30.0,0.0,success,False,2026-08-27T22:45:43.680386+09:00
Carrier Number,480.0,1.0,success,False,2026-08-23T03:16:07.985751+09:00
Carrier Office,170.0,3.0,success,False,2026-08-19T21:57:37.806809+09:00
Carrier Ops,590.0,0.0,success,False,2026-08-19T21:56:08.103899+09:00
Carrier Order,10.0,0.0,success,False,2026-08-19T22:05:51.290848+09:00
Carrier Overage,,,failed,False,2026-08-27T21:50:54.080102+09:00
Carrier Overdue,,,failed,False,2026-08-27T21:50:49.400709+09:00
Carrier Panel,1600.0,100.0,success,False,2026-08-19T21:52:40.688622+09:00
Carrier Pass,30.0,0.0,success,False,2026-08-21T00:30:41.620130+09:00
Carrier Path,14800.0,8.0,success,False,2026-08-19T21:49:30.160580+09:00
Carrier Payoff,,,failed,False,2026-08-27T21:50:51.730845+09:00
Carrier Penalty,,,failed,False,2026-08-23T16:40:05.179166+09:00
Carrier Petition,,,failed,False,2026-08-21T01:06:42.544203+09:00
Carrier Plan,590.0,16.0,success,False,2026-08-21T01:54:45.555150+09:00
Carrier Planner,590.0,16.0,success,False,2026-08-19T21:55:18.484182+09:00
Carrier Playbook,,,failed,False,2026-08-19T21:56:20.786748+09:00
Carrier Plaza,,,failed,False,2026-08-19T21:59:01.960523+09:00
Carrier Point,5400.0,1.0,success,False,2026-08-19T21:49:39.376770+09:00
Carrier Portal,1300.0,3.0,success,False,2026-08-19T21:52:16.498900+09:00
Carrier Preview,,,failed,False,2026-08-28T01:06:18.481825+09:00
Carrier Profile,480.0,1.0,success,False,2026-08-19T22:03:05.892678+09:00
Carrier Profit,,,failed,False,2026-08-23T02:52:26.045301+09:00
Carrier Proposal,,,failed,False,2026-08-28T01:06:21.038746+09:00
Carrier Quota,,,failed,False,2026-08-21T00:31:34.132172+09:00
Carrier Radar,20.0,0.0,success,False,2026-08-19T21:46:26.862344+09:00
Carrier Rank,,,failed,False,2026-08-28T00:47:45.290833+09:00
Carrier Rate,210.0,5.0,success,False,2026-08-19T22:04:03.389101+09:00
Carrier Recap,,,failed,False,2026-08-21T01:06:53.303863+09:00
Carrier Receipt,70.0,26.0,success,False,2026-08-19T22:06:09.459067+09:00
Carrier Register,2900.0,3.0,success,False,2026-08-19T21:55:54.779139+09:00
Carrier Registry,,,failed,False,2026-08-19T21:56:44.387128+09:00
Carrier Relay,210.0,51.0,success,False,2026-08-19T21:46:37.963751+09:00
Carrier Reminder,,,failed,False,2026-08-19T22:05:13.355108+09:00
Carrier Report,40.0,3.0,success,False,2026-08-19T22:01:35.806950+09:00
Carrier Repository,,,failed,False,2026-08-27T23:11:44.740129+09:00
Carrier Roster,,,failed,False,2026-08-19T21:59:42.241525+09:00
Carrier Rule,,,failed,False,2026-08-23T03:16:19.788711+09:00
Carrier Sale,40.0,42.0,success,False,2026-08-21T02:28:36.980709+09:00
Carrier Scanner,,,failed,False,2026-08-27T23:54:48.967937+09:00
Carrier Scheduler,,,failed,False,2026-08-19T21:55:28.451912+09:00
Carrier Scope,,,failed,False,2026-08-19T21:48:40.966338+09:00
Carrier Score,,,failed,False,2026-08-19T22:02:37.152847+09:00
Carrier Sheet,590.0,62.0,success,False,2026-08-19T22:02:16.192857+09:00
Carrier Shortfall,,,failed,False,2026-08-27T21:50:56.215822+09:00
Carrier Signal,1000.0,0.0,success,True,2026-08-19T21:48:14.659198+09:00
Carrier Signature,140.0,3.0,success,False,2026-08-23T13:27:40.734961+09:00
Carrier Slip,,,failed,False,2026-08-19T22:07:01.913828+09:00
Carrier Slot,,,failed,False,2026-08-19T22:07:25.606827+09:00
Carrier Stake,,,failed,False,2026-08-23T02:52:30.798474+09:00
Carrier Statement,30.0,0.0,success,False,2026-08-21T00:31:05.602481+09:00
Carrier Station,40.0,0.0,success,False,2026-08-19T21:51:30.988224+09:00
Carrier Status,260.0,1.0,success,False,2026-08-19T22:03:17.563220+09:00
Carrier Stub,,,failed,False,2026-08-21T00:31:01.051294+09:00
Carrier Subsidy,10.0,0.0,success,False,2026-08-23T15:52:26.691302+09:00
Carrier Sum,,,failed,False,2026-08-21T02:28:25.181498+09:00
Carrier Summary,110.0,0.0,success,False,2026-08-19T22:04:45.902658+09:00
Carrier Surtax,,,failed,False,2026-08-23T15:52:28.857053+09:00
Carrier Tab,30.0,0.0,success,False,2026-08-21T00:31:43.518986+09:00
Carrier Table,30.0,0.0,success,False,2026-08-19T22:06:44.272499+09:00
Carrier Tag,110.0,13.0,success,False,2026-08-19T22:02:54.876263+09:00
Carrier Tally,,,failed,False,2026-08-21T00:31:12.375379+09:00
Carrier Tariff,30.0,2.0,success,False,2026-08-21T02:45:01.493449+09:00
Carrier Tax,10.0,1.0,success,False,2026-08-21T02:11:38.732794+09:00
Carrier Terminal,40.0,0.0,success,False,2026-08-19T21:51:42.287097+09:00
Carrier Ticker,90.0,0.0,success,False,2026-08-19T22:00:55.317910+09:00
Carrier Ticket,20.0,9.0,success,False,2026-08-19T22:05:32.455871+09:00
Carrier Tier,,,failed,False,2026-08-28T00:47:41.403976+09:00
Carrier Timeline,10.0,0.0,success,False,2026-08-19T22:04:57.454275+09:00
Carrier Toll,70.0,6.0,success,False,2026-08-21T02:44:54.822530+09:00
Carrier Toolbox,,,failed,False,2026-08-28T00:24:47.033463+09:00
Carrier Total,90.0,1.0,success,False,2026-08-27T23:11:39.748613+09:00
Carrier Tower,50.0,21.0,success,False,2026-08-19T21:59:23.737982+09:00
Carrier Tracker,2400.0,15.0,success,False,2026-08-19T22:07:37.028999+09:00
Carrier Trend,,,failed,False,2026-08-28T01:06:07.510525+09:00
Carrier Trial,20.0,57.0,success,False,2026-08-27T21:19:50.770385+09:00
Carrier Unit,590.0,55.0,success,False,2026-08-21T01:54:40.308388+09:00
Carrier Update,390.0,0.0,success,False,2026-08-19T22:04:13.367774+09:00
Carrier Value,90.0,1.0,success,False,2026-08-23T02:52:28.484811+09:00
Carrier Vault,10.0,7.0,success,False,2026-08-19T21:46:50.004607+09:00
Carrier Version,20.0,0.0,success,False,2026-08-23T03:16:13.014331+09:00
Carrier View,170.0,5.0,success,False,2026-08-19T22:03:23.353107+09:00
Carrier Voucher,,,failed,False,2026-08-21T00:30:49.324092+09:00
Carrier Watch,823000.0,100.0,success,False,2026-08-19T21:48:22.940977+09:00
Carrier Wave,2400.0,0.0,success,True,2026-08-19T21:49:16.162945+09:00
Carrier Widget,,,failed,False,2026-08-27T23:11:42.330738+09:00
Carrier Worksheet,,,failed,False,2026-08-27T22:15:52.757907+09:00
Carrier Workshop,10.0,1.0,success,False,2026-08-28T00:24:44.523713+09:00
Carton Advisory,,,failed,False,2026-08-21T01:02:54.788235+09:00
Carton Allowance,,,failed,False,2026-08-21T02:44:22.791251+09:00
Carton Analyzer,,,failed,False,2026-08-27T23:51:29.405566+09:00
Carton Assistant,,,failed,False,2026-08-19T00:37:20.289190+09:00
Carton Atlas,,,failed,False,2026-08-19T00:37:13.789014+09:00
Carton Attribute,,,failed,False,2026-08-23T13:05:43.515456+09:00
Carton Balance,,,failed,False,2026-08-23T13:46:47.656789+09:00
Carton Base,320.0,20.0,success,False,2026-08-19T00:38:50.428870+09:00
Carton Beacon,,,failed,False,2026-08-19T00:38:22.287042+09:00
Carton Bill,,,failed,False,2026-08-19T22:01:31.900197+09:00
Carton Board,1900.0,60.0,success,False,2026-08-19T00:38:56.335177+09:00
Carton Book,320.0,59.0,success,False,2026-08-19T22:02:25.837553+09:00
Carton Bridge,30.0,0.0,success,False,2026-08-19T00:38:30.061657+09:00
Carton Brief,,,failed,False,2026-08-21T01:01:47.037702+09:00
Carton Bulletin,,,failed,False,2026-08-21T01:01:41.528292+09:00
Carton Calculator,70.0,2.0,success,False,2026-08-27T23:31:16.874593+09:00
Carton Calendar,10.0,0.0,success,False,2026-08-19T00:37:34.373704+09:00
Carton Card,90.0,39.0,success,False,2026-08-19T13:38:06.946096+09:00
Carton Cascade,,,failed,False,2026-08-19T00:38:27.005898+09:00
Carton Cash,30.0,30.0,success,False,2026-08-21T02:28:25.181498+09:00
Carton Cashback,,,failed,False,2026-08-27T21:17:53.742550+09:00
Carton Catalog,,,failed,False,2026-08-19T21:15:29.461766+09:00
Carton Category,,,failed,False,2026-08-23T13:05:39.073326+09:00
Carton Center,50.0,1.0,success,False,2026-08-19T00:36:42.974778+09:00
Carton Chain,10.0,0.0,success,False,2026-08-19T00:37:04.451901+09:00
Carton Charge,,,failed,False,2026-08-21T02:44:16.067023+09:00
Carton Check,,,failed,False,2026-08-19T13:38:51.605801+09:00
Carton Checker,,,failed,False,2026-08-27T23:51:24.335890+09:00
Carton Checklist,,,failed,False,2026-08-19T21:14:31.473745+09:00
Carton Circular,720.0,21.0,success,False,2026-08-21T01:01:54.342698+09:00
Carton Code,140.0,59.0,success,False,2026-08-19T22:01:53.877884+09:00
Carton Companion,,,failed,False,2026-08-19T00:37:25.342982+09:00
Carton Comparison,,,failed,False,2026-08-28T01:03:06.788782+09:00
Carton Compass,,,failed,False,2026-08-19T00:38:18.682483+09:00
Carton Confirmation,,,failed,False,2026-08-21T01:02:09.128989+09:00
Carton Console,,,failed,False,2026-08-19T00:36:50.417664+09:00
Carton Core,40.0,9.0,success,False,2026-08-19T00:38:52.130938+09:00
Carton Cost,40.0,18.0,success,False,2026-08-21T02:11:34.732367+09:00
Carton Count,30.0,1.0,success,False,2026-08-27T22:51:00.093213+09:00
Carton Counter,,,failed,False,2026-08-19T00:37:42.157517+09:00
Carton Coupon,,,failed,False,2026-08-27T21:17:53.742550+09:00
Carton Deal,,,failed,False,2026-08-21T01:55:13.516814+09:00
Carton Debt,,,failed,False,2026-08-21T02:28:15.974883+09:00
Carton Deck,,,failed,False,2026-08-19T00:38:56.335177+09:00
Carton Desk,10.0,5.0,success,False,2026-08-19T00:38:08.562035+09:00
Carton Detail,,,failed,False,2026-08-23T03:15:19.125629+09:00
Carton Detector,,,failed,False,2026-08-27T23:51:26.937833+09:00
Carton Diagram,20.0,0.0,success,False,2026-08-27T22:13:36.218618+09:00
Carton Digest,,,failed,False,2026-08-19T20:41:45.467674+09:00
Carton Directory,,,failed,False,2026-08-19T00:37:37.516387+09:00
Carton Discount,70.0,100.0,success,False,2026-08-23T16:14:49.657074+09:00
Carton Dossier,30.0,100.0,success,False,2026-08-21T01:02:11.159896+09:00
Carton Downpayment,,,failed,False,2026-08-27T21:49:11.230615+09:00
Carton Draft,1300.0,41.0,success,False,2026-08-19T20:41:59.995024+09:00
Carton Due,,,failed,False,2026-08-23T15:51:49.176648+09:00
Carton Duty,,,failed,False,2026-08-21T02:44:18.914187+09:00
Carton Engine,10.0,0.0,success,False,2026-08-19T00:37:17.107740+09:00
Carton Entry,,,failed,False,2026-08-21T01:03:10.607434+09:00
Carton Estimate,,,failed,False,2026-08-19T21:15:19.107238+09:00
Carton Estimator,,,failed,False,2026-08-27T23:51:21.141566+09:00
Carton Excerpt,,,failed,False,2026-08-21T01:03:04.478545+09:00
Carton Extension,,,failed,False,2026-08-23T16:39:25.527330+09:00
Carton Fare,30.0,6.0,success,False,2026-08-21T02:11:38.732794+09:00
Carton Fee,,,failed,False,2026-08-21T01:54:58.367500+09:00
Carton Feed,,,failed,False,2026-08-19T20:41:54.948325+09:00
Carton Field,,,failed,False,2026-08-23T13:05:45.716846+09:00
Carton File,50.0,100.0,success,False,2026-08-19T20:41:16.586784+09:00
Carton Finder,,,failed,False,2026-08-19T00:37:39.570439+09:00
Carton Fine,,,failed,False,2026-08-23T02:58:39.272586+09:00
Carton Flag,,,failed,False,2026-08-21T00:27:24.500136+09:00
Carton Flow,480.0,72.0,success,False,2026-08-19T00:38:05.344215+09:00
Carton Forge,,,failed,False,2026-08-19T00:38:24.169663+09:00
Carton Form,210.0,16.0,success,False,2026-08-19T13:37:53.958127+09:00
Carton Format,210.0,16.0,success,False,2026-08-23T13:05:48.567186+09:00
Carton Frame,3600.0,16.0,success,False,2026-08-19T00:38:48.376369+09:00
Carton Fund,,,failed,False,2026-08-21T02:28:18.996082+09:00
Carton Gate,390.0,45.0,success,False,2026-08-19T00:37:08.393662+09:00
Carton Giveaway,,,failed,False,2026-08-27T21:17:59.409089+09:00
Carton Grade,,,failed,False,2026-08-21T00:26:55.838634+09:00
Carton Graph,,,failed,False,2026-08-27T22:13:27.898794+09:00
Carton Grid,30.0,70.0,success,False,2026-08-19T00:38:38.551550+09:00
Carton Helpdesk,,,failed,False,2026-08-27T22:51:05.430430+09:00
Carton Helper,,,failed,False,2026-08-28T00:21:58.401743+09:00
Carton History,10.0,0.0,success,False,2026-08-19T20:41:06.982103+09:00
Carton Hotline,,,failed,False,2026-08-19T21:15:40.357740+09:00
Carton Hub,140.0,5.0,success,False,2026-08-19T00:38:05.344215+09:00
Carton Identifier,,,failed,False,2026-08-23T13:05:39.073326+09:00
Carton Incentive,,,failed,False,2026-08-27T21:17:59.409089+09:00
Carton Index,10.0,24.0,success,False,2026-08-19T21:14:42.578262+09:00
Carton Item,,,failed,False,2026-08-21T01:55:03.003035+09:00
Carton Journal,,,failed,False,2026-08-19T00:37:30.886042+09:00
Carton Keeper,,,failed,False,2026-08-19T00:37:15.495159+09:00
Carton Kit,140.0,74.0,success,False,2026-08-27T22:50:57.800091+09:00
Carton Lab,480.0,34.0,success,False,2026-08-19T00:36:36.073889+09:00
Carton Label,720.0,33.0,success,False,2026-08-27T22:13:27.898794+09:00
Carton Layout,50.0,18.0,success,False,2026-08-27T22:29:26.032496+09:00
Carton Ledger,,,failed,False,2026-08-19T00:38:54.065235+09:00
Carton Level,,,failed,False,2026-08-19T20:41:25.975881+09:00
Carton Levy,,,failed,False,2026-08-23T13:46:50.376234+09:00
Carton Link,10.0,0.0,success,False,2026-08-23T03:15:10.473494+09:00
Carton List,30.0,0.0,success,False,2026-08-19T22:02:02.684993+09:00
Carton Loan,,,failed,False,2026-08-21T02:11:46.716437+09:00
Carton Log,30.0,0.0,success,False,2026-08-19T13:37:44.092675+09:00
Carton Loop,,,failed,False,2026-08-19T00:38:36.857956+09:00
Carton Manager,,,failed,False,2026-08-19T00:37:17.107740+09:00
Carton Manual,,,failed,False,2026-08-27T22:13:31.267961+09:00
Carton Markup,,,failed,False,2026-08-23T16:39:21.186657+09:00
Carton Memo,,,failed,False,2026-08-21T00:27:06.966469+09:00
Carton Monitor,,,failed,False,2026-08-19T00:37:25.342982+09:00
Carton Nexus,,,failed,False,2026-08-19T00:37:10.693574+09:00
Carton Note,,,failed,False,2026-08-19T13:39:18.013288+09:00
Carton Notification,,,failed,False,2026-08-27T22:50:57.800091+09:00
Carton Number,170.0,2.0,success,False,2026-08-23T03:14:59.429482+09:00
Carton Office,20.0,41.0,success,False,2026-08-19T00:37:39.570439+09:00
Carton Ops,,,failed,False,2026-08-19T00:37:28.610789+09:00
Carton Order,20.0,81.0,success,False,2026-08-19T22:01:20.262131+09:00
Carton Overage,,,failed,False,2026-08-27T21:49:08.437850+09:00
Carton Overdue,,,failed,False,2026-08-27T21:49:04.119579+09:00
Carton Path,10.0,0.0,success,False,2026-08-19T00:38:43.028128+09:00
Carton Payoff,,,failed,False,2026-08-27T21:49:06.270483+09:00
Carton Penalty,,,failed,False,2026-08-23T16:39:18.952764+09:00
Carton Petition,,,failed,False,2026-08-21T01:02:57.004719+09:00
Carton Plan,20.0,0.0,success,False,2026-08-21T01:55:09.652280+09:00
Carton Planner,,,failed,False,2026-08-19T00:37:21.857423+09:00
Carton Playbook,,,failed,False,2026-08-19T00:37:30.886042+09:00
Carton Point,10.0,2.0,success,False,2026-08-19T00:38:43.028128+09:00
Carton Portal,,,failed,False,2026-08-19T00:36:48.669353+09:00
Carton Profile,3600.0,0.0,success,True,2026-08-19T13:39:49.486851+09:00
Carton Profit,,,failed,False,2026-08-23T02:58:29.711332+09:00
Carton Proposal,,,failed,False,2026-08-28T01:03:14.001062+09:00
Carton Queue,,,failed,False,2026-08-19T21:15:06.542256+09:00
Carton Quota,,,failed,False,2026-08-21T00:27:15.534212+09:00
Carton Radar,,,failed,False,2026-08-19T00:38:10.697868+09:00
Carton Rail,10.0,100.0,success,False,2026-08-19T00:37:00.689265+09:00
Carton Rate,40.0,2.0,success,False,2026-08-19T20:41:33.167361+09:00
Carton Recap,10.0,,success,False,2026-08-21T01:03:02.120644+09:00
Carton Receipt,,,failed,False,2026-08-19T22:01:42.804571+09:00
Carton Recorder,,,failed,False,2026-08-27T23:31:29.961537+09:00
Carton Redemption,,,failed,False,2026-08-23T16:39:23.209795+09:00
Carton Register,,,failed,False,2026-08-19T00:37:26.885782+09:00
Carton Relay,10.0,0.0,success,False,2026-08-19T00:38:13.320545+09:00
Carton Reminder,,,failed,False,2026-08-19T21:14:21.531663+09:00
Carton Report,,,failed,False,2026-08-19T13:37:36.286521+09:00
Carton Ring,30.0,2.0,success,False,2026-08-19T00:37:06.709542+09:00
Carton Roster,,,failed,False,2026-08-19T00:38:01.073734+09:00
Carton Route,,,failed,False,2026-08-19T00:36:57.137576+09:00
Carton Rule,,,failed,False,2026-08-23T03:15:14.062371+09:00
Carton Sale,90.0,63.0,success,False,2026-08-21T02:28:28.588606+09:00
Carton Sample,40.0,17.0,success,False,2026-08-19T22:02:44.580219+09:00
Carton Scale,10.0,13.0,success,False,2026-08-19T00:36:52.729176+09:00
Carton Scanner,10.0,25.0,success,False,2026-08-27T23:51:26.937833+09:00
Carton Scope,,,failed,False,2026-08-19T00:38:34.534111+09:00
Carton Score,10.0,0.0,success,False,2026-08-19T13:38:58.073256+09:00
Carton Sheet,480.0,87.0,success,False,2026-08-19T13:38:21.044998+09:00
Carton Shortfall,,,failed,False,2026-08-27T21:49:13.443578+09:00
Carton Signal,,,failed,False,2026-08-19T00:38:30.061657+09:00
Carton Slip,10.0,0.0,success,False,2026-08-19T22:02:34.302682+09:00
Carton Slot,,,failed,False,2026-08-19T22:02:52.701278+09:00
Carton Stake,,,failed,False,2026-08-23T02:58:35.873995+09:00
Carton Statement,,,failed,False,2026-08-21T00:26:43.816315+09:00
Carton Station,20.0,0.0,success,False,2026-08-19T00:36:38.202359+09:00
Carton Status,10.0,0.0,success,False,2026-08-19T20:40:46.834660+09:00
Carton Studio,140.0,0.0,success,False,2026-08-19T00:39:00.049194+09:00
Carton Sum,,,failed,False,2026-08-21T02:28:12.321639+09:00
Carton Summary,,,failed,False,2026-08-19T21:14:01.404689+09:00
Carton Tab,20.0,1.0,success,False,2026-08-21T00:27:32.429911+09:00
Carton Table,210.0,100.0,success,False,2026-08-19T22:02:12.630536+09:00
Carton Tag,50.0,88.0,success,False,2026-08-19T13:39:34.156572+09:00
Carton Tally,,,failed,False,2026-08-21T00:26:49.726902+09:00
Carton Tariff,,,failed,False,2026-08-21T02:44:28.484946+09:00
Carton Tax,18100.0,2.0,success,False,2026-08-21T02:11:43.167775+09:00
Carton Terminal,,,failed,False,2026-08-19T00:36:40.628841+09:00
Carton Ticket,20.0,0.0,success,False,2026-08-19T21:14:53.889746+09:00
Carton Timeline,,,failed,False,2026-08-19T21:14:11.257032+09:00
Carton Toll,,,failed,False,2026-08-21T02:44:22.791251+09:00
Carton Toolbox,,,failed,False,2026-08-28T00:21:58.401743+09:00
Carton Total,,,failed,False,2026-08-27T23:16:37.182537+09:00
Carton Tracker,,,failed,False,2026-08-19T00:38:02.838044+09:00
Carton Trail,,,failed,False,2026-08-19T00:37:02.474717+09:00
Carton Trial,10.0,0.0,success,False,2026-08-27T21:17:56.289470+09:00
Carton Unit,210.0,43.0,success,False,2026-08-21T01:55:06.085634+09:00
Carton Update,10.0,0.0,success,False,2026-08-19T20:41:40.323358+09:00
Carton Value,,,failed,False,2026-08-23T02:58:33.536123+09:00
Carton Vault,,,failed,False,2026-08-19T00:38:15.765840+09:00
Carton Version,10.0,0.0,success,False,2026-08-23T03:15:03.447052+09:00
Carton View,,,failed,False,2026-08-19T20:40:53.028403+09:00
Carton Wave,50.0,1.0,success,False,2026-08-19T00:38:40.592975+09:00
Carton Widget,,,failed,False,2026-08-27T23:16:37.182537+09:00
Carton Worksheet,,,failed,False,2026-08-27T22:13:33.756180+09:00
Carton Workshop,10.0,0.0,success,False,2026-08-28T00:21:51.591333+09:00
Carton Zone,10.0,0.0,success,False,2026-08-19T00:36:46.213084+09:00
Case Advisory,20.0,2.0,success,False,2026-08-21T01:18:54.031046+09:00
Case Alert,140.0,2.0,success,False,2026-08-21T01:25:38.275036+09:00
Case Allowance,10.0,0.0,success,False,2026-08-21T02:44:40.179717+09:00
Case Analyzer,20.0,14.0,success,False,2026-08-27T23:51:38.023281+09:00
Case Announcement,10.0,,success,False,2026-08-27T23:31:24.795366+09:00
Case Assistant,320.0,2.0,success,False,2026-08-21T01:23:24.077688+09:00
Case Atlas,50.0,24.0,success,False,2026-08-21T01:22:59.410874+09:00
Case Attribute,,,failed,False,2026-08-23T13:05:53.628688+09:00
Case Badge,210.0,7.0,success,False,2026-08-21T01:18:04.111706+09:00
Case Base,1900.0,1.0,success,False,2026-08-21T01:21:10.960024+09:00
Case Bay,480.0,29.0,success,False,2026-08-21T01:24:59.173649+09:00
Case Beacon,10.0,75.0,success,False,2026-08-21T01:19:57.563871+09:00
Case Bill,50.0,0.0,success,False,2026-08-21T01:17:17.039045+09:00
Case Bin,140.0,74.0,success,False,2026-08-21T01:25:58.145790+09:00
Case Board,4400.0,6.0,success,False,2026-08-21T01:21:27.496774+09:00
Case Booth,70.0,41.0,success,False,2026-08-21T01:24:49.055361+09:00
Case Bridge,110.0,0.0,success,False,2026-08-21T01:20:11.987698+09:00
Case Brief,4400.0,7.0,success,False,2026-08-21T01:18:40.477010+09:00
Case Bulletin,70.0,41.0,success,False,2026-08-21T01:18:36.012476+09:00
Case Calendar,170.0,0.0,success,False,2026-08-21T01:24:21.527118+09:00
Case Card,1600.0,43.0,success,False,2026-08-21T01:26:44.593664+09:00
Case Cascade,,,failed,False,2026-08-21T01:20:05.793508+09:00
Case Cash,480.0,1.0,success,False,2026-08-21T02:28:36.980709+09:00
Case Category,210.0,0.0,success,False,2026-08-23T13:05:51.104957+09:00
Case Center,9900.0,1.0,success,False,2026-08-21T01:21:53.775872+09:00
Case Chain,140.0,51.0,success,False,2026-08-21T01:22:38.712146+09:00
Case Charge,5400.0,95.0,success,False,2026-08-21T02:44:28.484946+09:00
Case Chart,320.0,0.0,success,False,2026-08-21T01:25:53.521014+09:00
Case Check,6600.0,9.0,success,False,2026-08-21T01:15:25.336646+09:00
Case Checker,6600.0,9.0,success,False,2026-08-27T23:51:32.749499+09:00
Case Circular,,,failed,False,2026-08-21T01:18:44.582130+09:00
Case Code,1300.0,2.0,success,False,2026-08-21T01:17:27.975074+09:00
Case Companion,70.0,0.0,success,False,2026-08-21T01:23:43.267024+09:00
Case Comparison,140.0,0.0,success,False,2026-08-28T01:03:16.681055+09:00
Case Compass,480.0,85.0,success,False,2026-08-21T01:19:52.973842+09:00
Case Confirmation,20.0,0.0,success,False,2026-08-21T01:19:03.432303+09:00
Case Console,390.0,55.0,success,False,2026-08-21T01:22:07.036293+09:00
Case Core,880.0,5.0,success,False,2026-08-21T01:21:17.954324+09:00
Case Cost,140.0,0.0,success,False,2026-08-21T02:11:46.716437+09:00
Case Count,320.0,0.0,success,False,2026-08-27T22:51:07.925641+09:00
Case Counter,590.0,2.0,success,False,2026-08-21T01:24:33.847860+09:00
Case Deal,90.0,35.0,success,False,2026-08-21T01:55:42.683026+09:00
Case Debt,30.0,3.0,success,False,2026-08-21T02:28:28.588606+09:00
Case Deck,1600.0,99.0,success,False,2026-08-21T01:23:14.366280+09:00
Case Desk,170.0,99.0,success,False,2026-08-21T01:19:32.138069+09:00
Case Detail,5400.0,0.0,success,True,2026-08-23T03:15:35.333103+09:00
Case Detector,70.0,0.0,success,False,2026-08-27T23:51:35.408395+09:00
Case Diagram,135000.0,2.0,success,False,2026-08-27T22:13:48.271988+09:00
Case Directory,70.0,0.0,success,False,2026-08-21T01:24:21.527118+09:00
Case Discount,70.0,3.0,success,False,2026-08-23T16:14:56.824333+09:00
Case Downpayment,,,failed,False,2026-08-27T21:49:22.679951+09:00
Case Draft,30.0,3.0,success,False,2026-08-21T01:16:32.710448+09:00
Case Due,50.0,3.0,success,False,2026-08-23T15:51:51.217465+09:00
Case Duty,20.0,0.0,success,False,2026-08-21T02:44:32.833058+09:00
Case Engine,1600.0,10.0,success,False,2026-08-21T01:23:16.966517+09:00
Case Entry,50.0,0.0,success,False,2026-08-21T01:19:12.546892+09:00
Case Estimate,10.0,7.0,success,False,2026-08-21T01:17:02.274965+09:00
Case Estimator,,,failed,False,2026-08-27T23:51:29.405566+09:00
Case Extension,210.0,7.0,success,False,2026-08-23T16:39:30.994856+09:00
Case Fare,,,failed,False,2026-08-21T02:11:55.079933+09:00
Case Fee,140.0,2.0,success,False,2026-08-21T01:55:13.516814+09:00
Case Feed,390.0,16.0,success,False,2026-08-21T01:16:28.829039+09:00
Case Field,480.0,1.0,success,False,2026-08-23T13:05:55.726817+09:00
Case File,22200.0,6.0,success,False,2026-08-21T01:16:06.736603+09:00
Case Fine,260.0,59.0,success,False,2026-08-23T02:58:49.315026+09:00
Case Flow,1600.0,5.0,success,False,2026-08-21T01:19:25.139986+09:00
Case Forge,90.0,0.0,success,False,2026-08-21T01:20:01.120246+09:00
Case Form,1600.0,4.0,success,False,2026-08-21T01:35:15.414244+09:00
Case Format,1600.0,4.0,success,False,2026-08-23T13:05:58.112221+09:00
Case Frame,320.0,74.0,success,False,2026-08-21T01:21:04.299416+09:00
Case Fund,480.0,16.0,success,False,2026-08-21T02:28:33.010940+09:00
Case Gate,70.0,0.0,success,False,2026-08-21T01:22:51.659146+09:00
Case Generator,720.0,55.0,success,False,2026-08-27T23:31:37.799226+09:00
Case Graph,70.0,2.0,success,False,2026-08-27T22:13:36.218618+09:00
Case Grid,20.0,2.0,success,False,2026-08-21T01:20:39.645097+09:00
Case Guarantee,,,failed,False,2026-08-28T01:03:27.794966+09:00
Case Guardian,260.0,31.0,success,False,2026-08-28T00:22:04.244333+09:00
Case Helpdesk,10.0,0.0,success,False,2026-08-27T22:51:13.312396+09:00
Case Helper,10.0,11.0,success,False,2026-08-28T00:22:09.034750+09:00
Case History,14800.0,2.0,success,False,2026-08-21T01:15:58.855612+09:00
Case Hub,3600.0,2.0,success,False,2026-08-21T01:19:27.364478+09:00
Case Identifier,2400.0,2.0,success,False,2026-08-23T13:05:48.567186+09:00
Case Inbox,10.0,0.0,success,False,2026-08-21T01:25:45.514354+09:00
Case Index,1300.0,1.0,success,False,2026-08-21T01:16:53.151150+09:00
Case Item,70.0,1.0,success,False,2026-08-21T01:55:28.445824+09:00
Case Journal,1000.0,89.0,success,False,2026-08-21T01:24:21.527118+09:00
Case Keeper,20.0,36.0,success,False,2026-08-21T01:23:05.026470+09:00
Case Lab,1000.0,37.0,success,False,2026-08-21T01:21:39.994879+09:00
Case Label,590.0,81.0,success,False,2026-08-27T22:13:39.158515+09:00
Case Ledger,210.0,80.0,success,False,2026-08-21T01:21:22.199165+09:00
Case Level,50.0,4.0,success,False,2026-08-21T01:16:11.158685+09:00
Case Line,3600.0,6.0,success,False,2026-08-21T01:26:13.869304+09:00
Case Link,1600.0,0.0,success,True,2026-08-23T03:15:24.852114+09:00
Case List,14800.0,0.0,success,True,2026-08-21T01:17:33.437690+09:00
Case Loan,590.0,47.0,success,False,2026-08-21T02:12:01.712721+09:00
Case Lobby,,,failed,False,2026-08-21T01:26:04.709927+09:00
Case Locator,320.0,2.0,success,False,2026-08-21T01:24:22.725454+09:00
Case Locker,170.0,70.0,success,False,2026-08-21T01:24:44.835275+09:00
Case Log,2400.0,0.0,success,True,2026-08-21T01:26:31.620928+09:00
Case Loop,140.0,10.0,success,False,2026-08-21T01:20:34.277114+09:00
Case Manager,27100.0,4.0,success,False,2026-08-21T01:23:09.410692+09:00
Case Manual,170.0,18.0,success,False,2026-08-27T22:13:39.158515+09:00
Case Map,1000.0,26.0,success,False,2026-08-21T01:21:00.134067+09:00
Case Margin,,,failed,False,2026-08-23T02:58:45.466254+09:00
Case Markup,,,failed,False,2026-08-23T16:39:25.527330+09:00
Case Memo,880.0,12.0,success,False,2026-08-21T01:18:19.084511+09:00
Case Message,20.0,0.0,success,False,2026-08-27T23:16:41.409509+09:00
Case Monitor,2400.0,84.0,success,False,2026-08-21T01:23:32.476935+09:00
Case Nexus,210.0,27.0,success,False,2026-08-21T01:22:56.412529+09:00
Case Note,5400.0,2.0,success,False,2026-08-21T01:15:35.859983+09:00
Case Notification,30.0,0.0,success,False,2026-08-27T22:51:05.430430+09:00
Case Number,14800.0,2.0,success,False,2026-08-23T03:15:19.125629+09:00
Case Office,170.0,14.0,success,False,2026-08-21T01:24:24.499671+09:00
Case Ops,90.0,1.0,success,False,2026-08-21T01:23:52.904904+09:00
Case Order,480.0,0.0,success,False,2026-08-21T01:17:10.053741+09:00
Case Outline,170.0,0.0,success,False,2026-08-27T22:29:26.032496+09:00
Case Outpost,,,failed,False,2026-08-21T01:25:07.930638+09:00
Case Overage,,,failed,False,2026-08-27T21:49:20.358831+09:00
Case Overdue,,,failed,False,2026-08-27T21:49:13.443578+09:00
Case Panel,140.0,10.0,success,False,2026-08-21T01:22:16.671736+09:00
Case Pass,140.0,39.0,success,False,2026-08-21T01:17:54.187315+09:00
Case Passport,14800.0,100.0,success,False,2026-08-21T01:26:01.379135+09:00
Case Path,30.0,0.0,success,False,2026-08-21T01:20:48.632862+09:00
Case Payoff,,,failed,False,2026-08-27T21:49:15.770523+09:00
Case Penalty,30.0,0.0,success,False,2026-08-23T16:39:25.527330+09:00
Case Petition,170.0,0.0,success,False,2026-08-21T01:18:56.365360+09:00
Case Plan,720.0,15.0,success,False,2026-08-21T01:55:33.628108+09:00
Case Planner,720.0,15.0,success,False,2026-08-21T01:23:27.807599+09:00
Case Playbook,10.0,0.0,success,False,2026-08-21T01:23:54.627834+09:00
Case Plaza,140.0,1.0,success,False,2026-08-21T01:25:09.973684+09:00
Case Point,40500.0,7.0,success,False,2026-08-21T01:20:51.576504+09:00
Case Portal,2900.0,1.0,success,False,2026-08-21T01:22:01.103254+09:00
Case Post,390.0,2.0,success,False,2026-08-21T01:25:03.878404+09:00
Case Preview,10.0,0.0,success,False,2026-08-28T01:03:21.195109+09:00
Case Profile,390.0,27.0,success,False,2026-08-21T01:15:45.998953+09:00
Case Profit,20.0,7.0,success,False,2026-08-23T02:58:39.272586+09:00
Case Proposal,70.0,32.0,success,False,2026-08-28T01:03:25.191639+09:00
Case Quota,90.0,0.0,success,False,2026-08-21T01:18:24.600947+09:00
Case Radar,170.0,9.0,success,False,2026-08-21T01:19:38.159463+09:00
Case Rail,,,failed,False,2026-08-21T01:22:31.268942+09:00
Case Rate,4400.0,1.0,success,False,2026-08-21T01:16:17.029557+09:00
Case Recap,,,failed,False,2026-08-21T01:19:07.466825+09:00
Case Receipt,170.0,26.0,success,False,2026-08-21T01:17:22.537676+09:00
Case Recorder,480.0,100.0,success,False,2026-08-27T23:31:37.799226+09:00
Case Register,590.0,3.0,success,False,2026-08-21T01:23:47.982205+09:00
Case Registry,590.0,3.0,success,False,2026-08-21T01:24:21.527118+09:00
Case Relay,110.0,29.0,success,False,2026-08-21T01:19:41.393995+09:00
Case Reminder,,,failed,False,2026-08-21T01:16:47.227660+09:00
Case Report,12100.0,2.0,success,False,2026-08-21T01:26:25.836028+09:00
Case Repository,50.0,2.0,success,False,2026-08-27T23:16:53.480733+09:00
Case Result,480.0,1.0,success,False,2026-08-28T00:46:16.444390+09:00
Case Ring,390.0,32.0,success,False,2026-08-21T01:22:46.544366+09:00
Case Roll,880.0,52.0,success,False,2026-08-21T01:26:22.503532+09:00
Case Roster,20.0,1.0,success,False,2026-08-21T01:25:28.581838+09:00
Case Route,40.0,0.0,success,False,2026-08-21T01:22:27.198742+09:00
Case Rule,110.0,0.0,success,False,2026-08-23T03:15:28.674871+09:00
Case Sale,390.0,87.0,success,False,2026-08-21T02:28:40.448172+09:00
Case Sample,140.0,0.0,success,False,2026-08-21T01:17:46.814722+09:00
Case Scale,390.0,100.0,success,False,2026-08-21T01:22:23.798217+09:00
Case Scope,10.0,1.0,success,False,2026-08-21T01:20:30.866856+09:00
Case Score,720.0,0.0,success,False,2026-08-21T01:15:30.378271+09:00
Case Sheet,880.0,0.0,success,False,2026-08-21T01:15:16.012738+09:00
Case Shelf,110.0,100.0,success,False,2026-08-21T01:25:24.809059+09:00
Case Shortfall,,,failed,False,2026-08-27T21:49:24.879038+09:00
Case Signal,,,failed,False,2026-08-21T01:20:18.165253+09:00
Case Slip,70.0,1.0,success,False,2026-08-21T01:17:41.245351+09:00
Case Slot,50.0,18.0,success,False,2026-08-21T01:17:49.809423+09:00
Case Stage,390.0,2.0,success,False,2026-08-28T00:46:12.619703+09:00
Case Stake,10.0,0.0,success,False,2026-08-23T02:58:43.358109+09:00
Case Statement,1600.0,2.0,success,False,2026-08-21T01:18:13.948377+09:00
Case Station,480.0,25.0,success,False,2026-08-21T01:21:46.110216+09:00
Case Status,450000.0,0.0,success,True,2026-08-21T01:15:49.368632+09:00
Case Streak,10.0,0.0,success,False,2026-08-28T00:46:16.444390+09:00
Case Stub,30.0,0.0,success,False,2026-08-21T01:18:10.686176+09:00
Case Studio,2900.0,5.0,success,False,2026-08-21T01:21:36.121318+09:00
Case Sum,4400.0,1.0,success,False,2026-08-21T02:28:25.181498+09:00
Case Summary,4400.0,1.0,success,False,2026-08-21T01:16:40.172400+09:00
Case Tab,9900.0,96.0,success,False,2026-08-21T01:18:31.327971+09:00
Case Table,390.0,41.0,success,False,2026-08-21T01:17:37.307762+09:00
Case Tag,260.0,100.0,success,False,2026-08-21T01:15:40.132892+09:00
Case Tariff,,,failed,False,2026-08-21T02:44:46.644995+09:00
Case Tax,170.0,0.0,success,False,2026-08-21T02:11:57.284997+09:00
Case Terminal,590.0,1.0,success,False,2026-08-21T01:21:49.678224+09:00
Case Ticker,,,failed,False,2026-08-21T01:26:12.180385+09:00
Case Ticket,260.0,1.0,success,False,2026-08-21T01:16:58.879155+09:00
Case Tier,20.0,0.0,success,False,2026-08-28T00:46:16.444390+09:00
Case Timeline,170.0,2.0,success,False,2026-08-21T01:16:44.690020+09:00
Case Timer,720.0,4.0,success,False,2026-08-28T00:21:58.401743+09:00
Case Toll,,,failed,False,2026-08-21T02:44:37.347457+09:00
Case Toolbox,320.0,99.0,success,False,2026-08-28T00:22:04.244333+09:00
Case Total,20.0,0.0,success,False,2026-08-27T23:16:45.468022+09:00
Case Tower,2400.0,84.0,success,False,2026-08-21T01:25:37.604117+09:00
Case Tracker,22200.0,3.0,success,False,2026-08-21T01:19:18.289018+09:00
Case Trail,40.0,0.0,success,False,2026-08-21T01:22:36.440068+09:00
Case Trend,90.0,20.0,success,False,2026-08-28T01:03:14.001062+09:00
Case Trial,720.0,3.0,success,False,2026-08-27T21:18:05.577940+09:00
Case Unit,110.0,5.0,success,False,2026-08-21T01:55:30.531800+09:00
Case Update,1600.0,0.0,success,True,2026-08-21T01:16:22.039842+09:00
Case Value,320.0,2.0,success,False,2026-08-23T02:58:43.358109+09:00
Case Vault,1900.0,100.0,success,False,2026-08-21T01:19:47.370775+09:00
Case View,2400.0,1.0,success,False,2026-08-21T01:15:54.545452+09:00
Case Voucher,30.0,6.0,success,False,2026-08-21T01:23:11.451788+09:00
Case Watch,40500.0,100.0,success,False,2026-08-21T01:20:23.926123+09:00
Case Wave,1300.0,100.0,success,False,2026-08-21T01:20:42.577799+09:00
Case Widget,,,failed,False,2026-08-27T23:16:45.468022+09:00
Case Window,2400.0,75.0,success,False,2026-08-21T01:26:17.676069+09:00
Case Worksheet,20.0,0.0,success,False,2026-08-27T22:13:43.125947+09:00
Case Workshop,140.0,16.0,success,False,2026-08-28T00:22:01.777271+09:00
Case Yard,210.0,4.0,success,False,2026-08-21T01:24:24.499671+09:00
Case Zone,2400.0,18.0,success,False,2026-08-21T01:21:58.894123+09:00
Casket Advance,,,failed,False,2026-08-23T16:14:40.533655+09:00
Casket Allowance,,,failed,False,2026-08-21T02:40:47.085181+09:00
Casket Almanac,,,failed,False,2026-08-18T22:02:33.707465+09:00
Casket Analyzer,,,failed,False,2026-08-27T23:56:38.183826+09:00
Casket Anchor,,,failed,False,2026-08-17T23:25:00.626086+09:00
Casket Assistant,,,failed,False,2026-08-17T23:31:30.005121+09:00
Casket Atlas,,,failed,False,2026-08-17T23:30:33.375533+09:00
Casket Badge,,,failed,False,2026-08-21T00:28:46.684495+09:00
Casket Balance,,,failed,False,2026-08-23T13:47:11.410642+09:00
Casket Base,30.0,14.0,success,False,2026-08-17T23:27:09.313673+09:00
Casket Beacon,,,failed,False,2026-08-17T23:24:23.365405+09:00
Casket Bill,,,failed,False,2026-08-19T21:51:10.797801+09:00
Casket Board,10.0,80.0,success,False,2026-08-17T23:15:02.433018+09:00
Casket Book,20.0,0.0,success,False,2026-08-19T21:52:07.578129+09:00
Casket Bridge,,,failed,False,2026-08-17T23:13:46.002975+09:00
Casket Brief,,,failed,False,2026-08-21T01:01:25.263035+09:00
Casket Bulletin,,,failed,False,2026-08-21T01:01:22.274781+09:00
Casket Calculator,,,failed,False,2026-08-27T23:35:04.726489+09:00
Casket Calendar,10.0,8.0,success,False,2026-08-19T00:03:01.180289+09:00
Casket Card,,,failed,False,2026-08-19T13:22:55.768758+09:00
Casket Cascade,,,failed,False,2026-08-17T23:24:44.637673+09:00
Casket Cash,,,failed,False,2026-08-21T02:25:35.476201+09:00
Casket Cashback,,,failed,False,2026-08-27T21:16:49.739310+09:00
Casket Catalog,70.0,100.0,success,False,2026-08-19T21:08:43.971729+09:00
Casket Category,,,failed,False,2026-08-23T13:07:17.768470+09:00
Casket Center,,,failed,False,2026-08-17T23:11:28.950122+09:00
Casket Chain,70.0,19.0,success,False,2026-08-17T23:03:55.937111+09:00
Casket Charge,,,failed,False,2026-08-21T02:40:38.159052+09:00
Casket Check,,,failed,False,2026-08-19T13:23:19.735168+09:00
Casket Checker,,,failed,False,2026-08-27T23:56:32.424799+09:00
Casket Checklist,,,failed,False,2026-08-19T21:07:51.410434+09:00
Casket Cockpit,,,failed,False,2026-08-17T23:05:17.262710+09:00
Casket Code,,,failed,False,2026-08-19T21:51:30.988224+09:00
Casket Codex,,,failed,False,2026-08-18T22:02:54.576094+09:00
Casket Companion,,,failed,False,2026-08-17T23:32:49.252049+09:00
Casket Comparison,,,failed,False,2026-08-28T01:06:29.246910+09:00
Casket Compass,,,failed,False,2026-08-17T23:12:05.919804+09:00
Casket Compendium,,,failed,False,2026-08-18T22:02:44.404885+09:00
Casket Confirmation,,,failed,False,2026-08-21T01:01:39.197827+09:00
Casket Console,,,failed,False,2026-08-17T23:28:41.981102+09:00
Casket Contribution,,,failed,False,2026-08-23T16:14:40.533655+09:00
Casket Core,,,failed,False,2026-08-17T23:08:11.112323+09:00
Casket Cost,2400.0,100.0,success,False,2026-08-21T02:10:09.458176+09:00
Casket Count,,,failed,False,2026-08-27T22:48:58.866644+09:00
Casket Counter,,,failed,False,2026-08-19T00:03:43.919454+09:00
Casket Coupon,,,failed,False,2026-08-27T21:16:49.739310+09:00
Casket Dashboard,,,failed,False,2026-08-17T23:32:37.778770+09:00
Casket Deal,,,failed,False,2026-08-21T01:54:36.208936+09:00
Casket Debt,,,failed,False,2026-08-21T02:25:28.596275+09:00
Casket Deck,,,failed,False,2026-08-17T23:27:38.183762+09:00
Casket Depot,880.0,53.0,success,False,2026-08-19T00:03:29.017691+09:00
Casket Desk,,,failed,False,2026-08-17T23:10:33.409769+09:00
Casket Detail,,,failed,False,2026-08-23T03:19:32.678416+09:00
Casket Diagram,40.0,0.0,success,False,2026-08-27T22:11:39.650369+09:00
Casket Dial,,,failed,False,2026-08-17T23:28:58.984040+09:00
Casket Digest,,,failed,False,2026-08-19T20:39:50.711958+09:00
Casket Directory,,,failed,False,2026-08-19T00:03:09.712807+09:00
Casket Discount,50.0,100.0,success,False,2026-08-23T16:14:37.846068+09:00
Casket Dock,,,failed,False,2026-08-17T23:29:34.686853+09:00
Casket Dossier,,,failed,False,2026-08-21T01:01:44.513558+09:00
Casket Downpayment,,,failed,False,2026-08-27T21:47:50.200871+09:00
Casket Draft,,,failed,False,2026-08-19T20:40:06.734480+09:00
Casket Due,,,failed,False,2026-08-23T15:51:53.307481+09:00
Casket Duty,,,failed,False,2026-08-21T02:40:41.069615+09:00
Casket Endowment,,,failed,False,2026-08-23T15:51:57.634783+09:00
Casket Engine,30.0,3.0,success,False,2026-08-17T23:14:25.326532+09:00
Casket Entry,,,failed,False,2026-08-21T01:02:54.788235+09:00
Casket Estimate,,,failed,False,2026-08-19T21:08:31.191170+09:00
Casket Estimator,,,failed,False,2026-08-27T23:56:32.424799+09:00
Casket Excerpt,,,failed,False,2026-08-21T01:02:52.646086+09:00
Casket Fare,,,failed,False,2026-08-21T02:10:17.497387+09:00
Casket Fee,,,failed,False,2026-08-21T01:54:16.257744+09:00
Casket Feed,,,failed,False,2026-08-19T20:39:59.254826+09:00
Casket File,,,failed,False,2026-08-19T20:39:18.061361+09:00
Casket Finder,,,failed,False,2026-08-19T00:03:23.645450+09:00
Casket Fine,,,failed,False,2026-08-23T02:55:13.896073+09:00
Casket Flag,390.0,98.0,success,False,2026-08-21T00:29:35.718141+09:00
Casket Flow,10.0,0.0,success,False,2026-08-17T23:33:28.426699+09:00
Casket Forge,,,failed,False,2026-08-17T23:06:45.787789+09:00
Casket Form,,,failed,False,2026-08-19T13:22:04.691766+09:00
Casket Frame,20.0,0.0,success,False,2026-08-17T23:13:28.338167+09:00
Casket Fund,,,failed,False,2026-08-21T02:25:31.969034+09:00
Casket Gate,,,failed,False,2026-08-17T23:30:19.900529+09:00
Casket Giveaway,,,failed,False,2026-08-27T21:16:57.719069+09:00
Casket Grade,,,failed,False,2026-08-21T00:29:15.711468+09:00
Casket Graph,,,failed,False,2026-08-27T22:11:25.706912+09:00
Casket Grid,,,failed,False,2026-08-17T23:10:09.982693+09:00
Casket Guarantee,,,failed,False,2026-08-28T01:06:43.929748+09:00
Casket Guard,20.0,14.0,success,False,2026-08-17T23:14:07.437972+09:00
Casket Guidebook,,,failed,False,2026-08-18T23:50:31.200515+09:00
Casket Helper,,,failed,False,2026-08-28T00:25:51.267385+09:00
Casket History,90.0,0.0,success,False,2026-08-19T20:39:07.135209+09:00
Casket Hotline,,,failed,False,2026-08-19T21:08:54.298412+09:00
Casket Hub,,,failed,False,2026-08-17T22:46:53.613180+09:00
Casket Identifier,,,failed,False,2026-08-23T13:07:17.768470+09:00
Casket Incentive,,,failed,False,2026-08-27T21:16:53.377302+09:00
Casket Index,,,failed,False,2026-08-19T21:08:00.939328+09:00
Casket Insight,,,failed,False,2026-08-17T23:10:52.063537+09:00
Casket Installment,,,failed,False,2026-08-23T16:14:40.533655+09:00
Casket Item,,,failed,False,2026-08-21T01:54:20.819048+09:00
Casket Journal,,,failed,False,2026-08-18T23:50:31.200515+09:00
Casket Keeper,,,failed,False,2026-08-17T23:30:49.193189+09:00
Casket Kit,90.0,99.0,success,False,2026-08-27T22:48:56.292769+09:00
Casket Lab,,,failed,False,2026-08-17T23:27:50.871251+09:00
Casket Label,,,failed,False,2026-08-27T22:11:31.963952+09:00
Casket Ledger,,,failed,False,2026-08-17T23:27:21.585941+09:00
Casket Lens,,,failed,False,2026-08-17T23:26:52.800903+09:00
Casket Level,,,failed,False,2026-08-19T20:39:26.869721+09:00
Casket Link,,,failed,False,2026-08-23T03:19:26.945614+09:00
Casket List,,,failed,False,2026-08-19T21:51:45.660208+09:00
Casket Loan,,,failed,False,2026-08-21T02:10:26.523271+09:00
Casket Locator,,,failed,False,2026-08-19T00:03:16.369023+09:00
Casket Lock,140.0,11.0,success,False,2026-08-17T23:26:36.000104+09:00
Casket Log,,,failed,False,2026-08-19T13:21:55.310171+09:00
Casket Loop,,,failed,False,2026-08-17T23:25:53.472363+09:00
Casket Manager,,,failed,False,2026-08-17T23:07:32.474026+09:00
Casket Manual,,,failed,False,2026-08-27T22:11:31.963952+09:00
Casket Map,10.0,0.0,success,False,2026-08-17T23:06:26.824049+09:00
Casket Markup,,,failed,False,2026-08-23T16:39:00.201041+09:00
Casket Memo,,,failed,False,2026-08-21T00:29:21.936028+09:00
Casket Message,90.0,3.0,success,False,2026-08-27T23:14:08.485077+09:00
Casket Meter,,,failed,False,2026-08-17T23:07:51.294970+09:00
Casket Metrics,,,failed,False,2026-08-17T23:32:21.137516+09:00
Casket Monitor,,,failed,False,2026-08-17T23:32:05.926406+09:00
Casket Navigator,,,failed,False,2026-08-17T23:12:27.386442+09:00
Casket Nexus,,,failed,False,2026-08-17T23:05:41.457486+09:00
Casket Node,,,failed,False,2026-08-17T23:11:11.238352+09:00
Casket Note,,,failed,False,2026-08-19T13:23:46.954730+09:00
Casket Notification,,,failed,False,2026-08-27T22:48:53.744553+09:00
Casket Number,,,failed,False,2026-08-23T03:19:24.648506+09:00
Casket Office,,,failed,False,2026-08-19T00:03:38.462918+09:00
Casket Ops,,,failed,False,2026-08-17T23:33:03.029797+09:00
Casket Order,,,failed,False,2026-08-19T21:51:01.436792+09:00
Casket Organizer,,,failed,False,2026-08-17T23:03:37.118721+09:00
Casket Overage,,,failed,False,2026-08-27T21:47:47.331734+09:00
Casket Overdue,,,failed,False,2026-08-27T21:47:44.451127+09:00
Casket Panel,210.0,74.0,success,False,2026-08-17T23:13:04.753315+09:00
Casket Pass,,,failed,False,2026-08-21T00:28:32.365756+09:00
Casket Path,,,failed,False,2026-08-17T23:26:22.390418+09:00
Casket Payoff,,,failed,False,2026-08-27T21:47:47.331734+09:00
Casket Petition,,,failed,False,2026-08-21T01:01:35.076961+09:00
Casket Pilot,,,failed,False,2026-08-17T23:23:24.651550+09:00
Casket Plan,10.0,14.0,success,False,2026-08-21T01:54:32.681048+09:00
Casket Planner,,,failed,False,2026-08-17T23:09:15.899406+09:00
Casket Playbook,,,failed,False,2026-08-18T23:50:31.200515+09:00
Casket Point,,,failed,False,2026-08-17T23:11:50.330995+09:00
Casket Portal,,,failed,False,2026-08-17T23:06:04.469497+09:00
Casket Preview,,,failed,False,2026-08-28T01:06:29.246910+09:00
Casket Profile,,,failed,False,2026-08-19T13:24:22.197081+09:00
Casket Profit,,,failed,False,2026-08-23T02:54:59.727215+09:00
Casket Proposal,,,failed,False,2026-08-28T01:06:41.346901+09:00
Casket Pulse,,,failed,False,2026-08-17T23:26:08.164356+09:00
Casket Queue,,,failed,False,2026-08-19T21:08:21.181421+09:00
Casket Quota,,,failed,False,2026-08-21T00:29:27.962730+09:00
Casket Radar,,,failed,False,2026-08-17T23:23:43.975283+09:00
Casket Rail,,,failed,False,2026-08-17T23:09:34.502992+09:00
Casket Rate,,,failed,False,2026-08-19T20:39:35.461909+09:00
Casket Recap,,,failed,False,2026-08-21T01:01:49.387114+09:00
Casket Receipt,,,failed,False,2026-08-19T21:51:20.233471+09:00
Casket Register,,,failed,False,2026-08-17T23:07:11.054257+09:00
Casket Registry,,,failed,False,2026-08-18T23:50:31.200515+09:00
Casket Relay,,,failed,False,2026-08-17T23:04:52.831664+09:00
Casket Reminder,,,failed,False,2026-08-19T21:07:40.402937+09:00
Casket Report,,,failed,False,2026-08-19T13:21:40.944519+09:00
Casket Repository,,,failed,False,2026-08-27T23:14:15.197354+09:00
Casket Roadmap,,,failed,False,2026-08-18T22:03:05.761687+09:00
Casket Roster,,,failed,False,2026-08-19T00:38:48.376369+09:00
Casket Route,,,failed,False,2026-08-17T23:14:44.117441+09:00
Casket Rule,,,failed,False,2026-08-23T03:19:30.157366+09:00
Casket Sale,390.0,100.0,success,False,2026-08-21T02:25:39.755040+09:00
Casket Sample,70.0,78.0,success,False,2026-08-19T21:52:31.796696+09:00
Casket Scale,,,failed,False,2026-08-17T23:29:14.907859+09:00
Casket Scheduler,,,failed,False,2026-08-17T23:31:45.267981+09:00
Casket Scope,,,failed,False,2026-08-17T23:15:22.052615+09:00
Casket Score,,,failed,False,2026-08-19T13:23:28.561494+09:00
Casket Sentry,,,failed,False,2026-08-17T23:12:45.983083+09:00
Casket Sheet,10.0,75.0,success,False,2026-08-19T13:23:05.373596+09:00
Casket Shortfall,,,failed,False,2026-08-27T21:47:53.828940+09:00
Casket Signal,,,failed,False,2026-08-17T23:08:30.361207+09:00
Casket Slip,,,failed,False,2026-08-19T21:52:20.652566+09:00
Casket Slot,,,failed,False,2026-08-19T21:52:45.174751+09:00
Casket Snapshot,,,failed,False,2026-08-18T23:50:31.200515+09:00
Casket Stake,,,failed,False,2026-08-23T02:55:04.865137+09:00
Casket Statement,,,failed,False,2026-08-21T00:29:02.215162+09:00
Casket Station,,,failed,False,2026-08-17T23:04:15.040980+09:00
Casket Status,,,failed,False,2026-08-19T20:38:46.605593+09:00
Casket Stub,,,failed,False,2026-08-21T00:28:53.322616+09:00
Casket Studio,,,failed,False,2026-08-17T23:09:54.812310+09:00
Casket Subsidy,,,failed,False,2026-08-23T15:51:57.634783+09:00
Casket Suite,,,failed,False,2026-08-17T23:31:12.330432+09:00
Casket Sum,,,failed,False,2026-08-21T02:25:24.803683+09:00
Casket Summary,,,failed,False,2026-08-19T21:07:21.562422+09:00
Casket Surtax,,,failed,False,2026-08-23T15:51:59.728812+09:00
Casket Sync,,,failed,False,2026-08-17T23:08:52.279570+09:00
Casket Tab,,,failed,False,2026-08-21T00:29:43.441391+09:00
Casket Table,90.0,1.0,success,False,2026-08-19T21:51:58.682281+09:00
Casket Tag,,,failed,False,2026-08-19T13:24:10.018965+09:00
Casket Tally,,,failed,False,2026-08-21T00:29:07.557420+09:00
Casket Tariff,,,failed,False,2026-08-21T02:40:49.577434+09:00
Casket Tax,,,failed,False,2026-08-21T02:10:21.556989+09:00
Casket Ticket,110.0,3.0,success,False,2026-08-19T21:08:11.674763+09:00
Casket Tier,,,failed,False,2026-08-28T00:47:59.038217+09:00
Casket Timeline,,,failed,False,2026-08-19T21:07:31.125995+09:00
Casket Toll,,,failed,False,2026-08-21T02:40:43.977421+09:00
Casket Toolbox,,,failed,False,2026-08-28T00:25:48.742639+09:00
Casket Toolkit,,,failed,False,2026-08-18T23:50:31.200515+09:00
Casket Total,,,failed,False,2026-08-27T23:14:12.324093+09:00
Casket Tracker,,,failed,False,2026-08-17T23:33:13.848442+09:00
Casket Trail,,,failed,False,2026-08-17T23:29:49.351305+09:00
Casket Trend,,,failed,False,2026-08-28T01:06:26.504545+09:00
Casket Trial,,,failed,False,2026-08-27T21:16:53.377302+09:00
Casket Unit,,,failed,False,2026-08-21T01:54:29.413822+09:00
Casket Update,,,failed,False,2026-08-19T20:39:41.503731+09:00
Casket Value,,,failed,False,2026-08-23T02:55:02.071314+09:00
Casket Vault,1900.0,45.0,success,False,2026-08-17T23:24:01.156266+09:00
Casket Version,,,failed,False,2026-08-23T03:19:26.945614+09:00
Casket View,210.0,15.0,success,False,2026-08-19T20:38:57.092601+09:00
Casket Voucher,,,failed,False,2026-08-21T00:28:39.996166+09:00
Casket Watch,90.0,1.0,success,False,2026-08-17T23:25:36.258312+09:00
Casket Wave,10.0,,success,False,2026-08-17T23:04:33.261831+09:00
Casket Widget,,,failed,False,2026-08-27T23:14:12.324093+09:00
Casket Workbench,,,failed,False,2026-08-18T23:50:31.200515+09:00
Casket Worksheet,,,failed,False,2026-08-27T22:11:36.968554+09:00
Casket Zone,,,failed,False,2026-08-17T23:28:19.331420+09:00
Catalog Advisory,,,failed,False,2026-08-21T01:07:00.683520+09:00
Catalog Allowance,,,failed,False,2026-08-21T02:36:33.361411+09:00
Catalog Almanac,,,failed,False,2026-08-18T22:11:43.174107+09:00
Catalog Analyzer,,,failed,False,2026-08-27T23:56:38.183826+09:00
Catalog Anchor,170.0,0.0,success,False,2026-08-17T20:37:39.748297+09:00
Catalog Announcement,,,failed,False,2026-08-27T23:34:57.472203+09:00
Catalog Asset,,,failed,False,2026-08-23T13:46:21.678760+09:00
Catalog Assistant,140.0,0.0,success,False,2026-08-17T23:26:58.468073+09:00
Catalog Atlas,,,failed,False,2026-08-17T21:37:39.097196+09:00
Catalog Base,,,failed,False,2026-08-17T21:33:53.413747+09:00
Catalog Beacon,,,failed,False,2026-08-17T20:41:07.425187+09:00
Catalog Bill,10.0,0.0,success,False,2026-08-19T21:55:03.832007+09:00
Catalog Blueprint,,,failed,False,2026-08-18T22:11:37.206712+09:00
Catalog Board,20.0,5.0,success,False,2026-08-17T21:30:37.005083+09:00
Catalog Book,1900.0,4.0,success,False,2026-08-19T21:55:49.933305+09:00
Catalog Bridge,20.0,0.0,success,False,2026-08-17T20:38:33.752321+09:00
Catalog Brief,,,failed,False,2026-08-21T01:06:51.131996+09:00
Catalog Bulletin,,,failed,False,2026-08-21T01:06:46.678178+09:00
Catalog Calendar,90.0,37.0,success,False,2026-08-19T00:02:48.631996+09:00
Catalog Card,12100.0,51.0,success,False,2026-08-19T13:39:03.234764+09:00
Catalog Cascade,,,failed,False,2026-08-17T20:39:25.387216+09:00
Catalog Cash,10.0,0.0,success,False,2026-08-21T02:30:30.378357+09:00
Catalog Cashback,,,failed,False,2026-08-27T21:15:51.614768+09:00
Catalog Center,20.0,2.0,success,False,2026-08-17T20:43:12.470155+09:00
Catalog Chain,320.0,6.0,success,False,2026-08-17T20:32:14.147491+09:00
Catalog Charge,,,failed,False,2026-08-21T02:45:38.713397+09:00
Catalog Check,,,failed,False,2026-08-19T13:39:37.773489+09:00
Catalog Checker,,,failed,False,2026-08-27T23:56:32.424799+09:00
Catalog Checklist,,,failed,False,2026-08-19T21:09:46.410901+09:00
Catalog Circular,,,failed,False,2026-08-21T01:06:56.173532+09:00
Catalog Cockpit,,,failed,False,2026-08-17T23:10:02.526148+09:00
Catalog Code,320.0,1.0,success,False,2026-08-19T21:55:20.954175+09:00
Catalog Codex,,,failed,False,2026-08-18T22:12:02.089704+09:00
Catalog Companion,,,failed,False,2026-08-17T23:28:10.025737+09:00
Catalog Comparison,20.0,11.0,success,False,2026-08-28T01:07:01.226912+09:00
Catalog Compass,,,failed,False,2026-08-17T20:41:55.751231+09:00
Catalog Compendium,,,failed,False,2026-08-18T22:11:53.253087+09:00
Catalog Confirmation,,,failed,False,2026-08-21T01:07:09.616987+09:00
Catalog Console,,,failed,False,2026-08-17T20:40:45.689604+09:00
Catalog Converter,1900.0,14.0,success,False,2026-08-27T23:34:59.997959+09:00
Catalog Core,,,failed,False,2026-08-17T21:32:57.336519+09:00
Catalog Cost,50.0,9.0,success,False,2026-08-21T02:14:13.791830+09:00
Catalog Count,,,failed,False,2026-08-27T22:48:31.695595+09:00
Catalog Counter,,,failed,False,2026-08-19T00:03:31.307926+09:00
Catalog Coupon,90.0,14.0,success,False,2026-08-27T21:15:49.145755+09:00
Catalog Dashboard,20.0,8.0,success,False,2026-08-17T23:27:56.034352+09:00
Catalog Deal,,,failed,False,2026-08-21T01:58:38.358988+09:00
Catalog Debt,,,failed,False,2026-08-21T02:30:24.474717+09:00
Catalog Deck,,,failed,False,2026-08-17T20:48:18.389398+09:00
Catalog Depot,10.0,4.0,success,False,2026-08-19T00:03:16.369023+09:00
Catalog Desk,20.0,100.0,success,False,2026-08-17T20:45:30.439940+09:00
Catalog Detail,10.0,0.0,success,False,2026-08-23T03:15:49.113628+09:00
Catalog Detector,,,failed,False,2026-08-27T23:56:35.462889+09:00
Catalog Diagram,,,failed,False,2026-08-27T22:10:31.579374+09:00
Catalog Dial,,,failed,False,2026-08-17T20:39:04.557611+09:00
Catalog Digest,,,failed,False,2026-08-19T20:39:09.333161+09:00
Catalog Directory,20.0,2.0,success,False,2026-08-19T00:02:58.410814+09:00
Catalog Discount,70.0,6.0,success,False,2026-08-23T16:13:14.533515+09:00
Catalog Dock,,,failed,False,2026-08-17T20:35:15.216607+09:00
Catalog Dossier,,,failed,False,2026-08-21T01:07:15.275377+09:00
Catalog Downpayment,,,failed,False,2026-08-27T21:47:00.631100+09:00
Catalog Draft,,,failed,False,2026-08-19T20:39:30.002249+09:00
Catalog Duty,,,failed,False,2026-08-21T02:45:41.299406+09:00
Catalog Engine,110.0,4.0,success,False,2026-08-17T23:06:32.975995+09:00
Catalog Entry,210.0,0.0,success,False,2026-08-21T01:07:29.159320+09:00
Catalog Estimate,,,failed,False,2026-08-19T21:10:33.360879+09:00
Catalog Estimator,,,failed,False,2026-08-27T23:56:30.078148+09:00
Catalog Excerpt,,,failed,False,2026-08-21T01:07:24.154176+09:00
Catalog Extension,20.0,2.0,success,False,2026-08-23T16:38:26.896926+09:00
Catalog Fare,,,failed,False,2026-08-21T02:14:16.325639+09:00
Catalog Fee,,,failed,False,2026-08-21T01:58:22.092915+09:00
Catalog Feed,20.0,3.0,success,False,2026-08-19T20:39:21.250222+09:00
Catalog Field,,,failed,False,2026-08-23T13:05:39.073326+09:00
Catalog File,260.0,12.0,success,False,2026-08-19T20:38:33.715363+09:00
Catalog Finder,70.0,3.0,success,False,2026-08-19T00:03:09.712807+09:00
Catalog Fine,,,failed,False,2026-08-23T02:52:43.639669+09:00
Catalog Flag,,,failed,False,2026-08-21T00:33:55.661658+09:00
Catalog Flow,10.0,3.0,success,False,2026-08-17T21:30:00.229933+09:00
Catalog Forge,,,failed,False,2026-08-17T20:40:21.350341+09:00
Catalog Form,320.0,5.0,success,False,2026-08-19T13:38:55.423036+09:00
Catalog Format,320.0,5.0,success,False,2026-08-23T13:05:41.403029+09:00
Catalog Frame,70.0,23.0,success,False,2026-08-17T21:34:57.125142+09:00
Catalog Fund,,,failed,False,2026-08-21T02:30:27.978125+09:00
Catalog Gate,4400.0,1.0,success,False,2026-08-17T21:41:07.674308+09:00
Catalog Generator,480.0,41.0,success,False,2026-08-27T23:34:59.997959+09:00
Catalog Giveaway,,,failed,False,2026-08-27T21:15:54.960799+09:00
Catalog Grade,,,failed,False,2026-08-21T00:33:37.107629+09:00
Catalog Graph,,,failed,False,2026-08-27T22:10:19.864578+09:00
Catalog Grid,20.0,1.0,success,False,2026-08-17T20:32:49.512310+09:00
Catalog Guarantee,,,failed,False,2026-08-28T01:07:11.009484+09:00
Catalog Guard,,,failed,False,2026-08-17T21:33:22.663564+09:00
Catalog Guardian,170.0,18.0,success,False,2026-08-28T00:25:51.267385+09:00
Catalog Guidebook,,,failed,False,2026-08-18T22:11:19.240583+09:00
Catalog Helpdesk,,,failed,False,2026-08-27T22:48:34.491281+09:00
Catalog Helper,,,failed,False,2026-08-28T00:25:53.963495+09:00
Catalog History,50.0,0.0,success,False,2026-08-19T20:38:24.406986+09:00
Catalog Hotline,,,failed,False,2026-08-19T21:10:58.611553+09:00
Catalog Hub,30.0,3.0,success,False,2026-08-17T20:47:35.936558+09:00
Catalog Identifier,,,failed,False,2026-08-23T13:05:36.623967+09:00
Catalog Incentive,,,failed,False,2026-08-27T21:15:51.614768+09:00
Catalog Index,720.0,1.0,success,False,2026-08-19T21:10:02.424096+09:00
Catalog Insight,,,failed,False,2026-08-17T23:15:10.071233+09:00
Catalog Installment,,,failed,False,2026-08-23T16:13:14.533515+09:00
Catalog Item,480.0,0.0,success,False,2026-08-21T01:58:27.155216+09:00
Catalog Journal,10.0,0.0,success,False,2026-08-18T22:11:01.803326+09:00
Catalog Keeper,,,failed,False,2026-08-17T21:35:30.145341+09:00
Catalog Lab,140.0,0.0,success,False,2026-08-17T20:45:52.903104+09:00
Catalog Label,20.0,48.0,success,False,2026-08-27T22:10:23.604541+09:00
Catalog Layout,720.0,14.0,success,False,2026-08-27T22:28:53.992967+09:00
Catalog Ledger,,,failed,False,2026-08-17T21:31:44.399230+09:00
Catalog Lens,10.0,0.0,success,False,2026-08-17T21:36:00.741055+09:00
Catalog Level,,,failed,False,2026-08-19T20:38:42.409315+09:00
Catalog Link,320.0,5.0,success,False,2026-08-23T03:15:38.644159+09:00
Catalog List,210.0,2.0,success,False,2026-08-19T21:55:31.155886+09:00
Catalog Loan,10.0,40.0,success,False,2026-08-21T02:14:24.666160+09:00
Catalog Locator,,,failed,False,2026-08-19T00:03:04.417889+09:00
Catalog Lock,,,failed,False,2026-08-17T21:38:10.743063+09:00
Catalog Log,20.0,2.0,success,False,2026-08-19T13:38:33.395376+09:00
Catalog Loop,,,failed,False,2026-08-17T20:33:54.236742+09:00
Catalog Manager,480.0,6.0,success,False,2026-08-17T21:34:26.372304+09:00
Catalog Manual,30.0,0.0,success,False,2026-08-27T22:10:26.332247+09:00
Catalog Map,50.0,0.0,success,False,2026-08-17T21:36:59.022364+09:00
Catalog Margin,,,failed,False,2026-08-23T02:52:37.533661+09:00
Catalog Markup,,,failed,False,2026-08-23T16:38:22.069097+09:00
Catalog Memo,,,failed,False,2026-08-21T00:33:43.074758+09:00
Catalog Message,,,failed,False,2026-08-27T23:13:44.050852+09:00
Catalog Meter,,,failed,False,2026-08-17T20:38:07.696860+09:00
Catalog Metrics,,,failed,False,2026-08-17T23:27:42.956477+09:00
Catalog Monitor,,,failed,False,2026-08-17T23:27:26.699527+09:00
Catalog Navigator,10.0,19.0,success,False,2026-08-17T23:04:21.710025+09:00
Catalog Nexus,,,failed,False,2026-08-17T21:38:46.123803+09:00
Catalog Node,10.0,10.0,success,False,2026-08-18T07:43:51.559731+09:00
Catalog Note,1900.0,0.0,success,True,2026-08-19T13:40:05.769727+09:00
Catalog Notification,,,failed,False,2026-08-27T22:48:25.660209+09:00
Catalog Number,2900.0,0.0,success,True,2026-08-23T03:15:32.798139+09:00
Catalog Office,210.0,18.0,success,False,2026-08-19T00:03:25.935082+09:00
Catalog Ops,,,failed,False,2026-08-17T23:28:25.880563+09:00
Catalog Organizer,40.0,97.0,success,False,2026-08-17T23:08:17.909902+09:00
Catalog Overage,,,failed,False,2026-08-27T21:47:00.631100+09:00
Catalog Overdue,,,failed,False,2026-08-27T21:46:54.698818+09:00
Catalog Panel,40.0,2.0,success,False,2026-08-17T20:39:57.613991+09:00
Catalog Path,,,failed,False,2026-08-17T21:41:39.306179+09:00
Catalog Payoff,,,failed,False,2026-08-27T21:46:57.331452+09:00
Catalog Penalty,,,failed,False,2026-08-23T16:38:22.069097+09:00
Catalog Petition,,,failed,False,2026-08-21T01:07:05.419425+09:00
Catalog Pilot,90.0,1.0,success,False,2026-08-17T20:46:22.420312+09:00
Catalog Plan,140.0,1.0,success,False,2026-08-21T01:58:35.810953+09:00
Catalog Planner,,,failed,False,2026-08-17T23:13:34.703463+09:00
Catalog Playbook,,,failed,False,2026-08-18T22:10:53.801114+09:00
Catalog Point,,,failed,False,2026-08-17T21:39:40.995935+09:00
Catalog Portal,30.0,1.0,success,False,2026-08-17T20:41:27.066117+09:00
Catalog Preview,10.0,7.0,success,False,2026-08-28T01:07:05.829192+09:00
Catalog Profile,6600.0,10.0,success,False,2026-08-19T13:40:38.246974+09:00
Catalog Profit,,,failed,False,2026-08-23T02:52:30.798474+09:00
Catalog Proposal,,,failed,False,2026-08-28T01:07:08.336538+09:00
Catalog Pulse,,,failed,False,2026-08-17T20:31:41.996994+09:00
Catalog Quota,,,failed,False,2026-08-21T00:33:50.963808+09:00
Catalog Radar,,,failed,False,2026-08-17T20:44:25.446111+09:00
Catalog Rail,,,failed,False,2026-08-17T20:34:20.444490+09:00
Catalog Rate,,,failed,False,2026-08-19T20:38:53.768635+09:00
Catalog Recap,,,failed,False,2026-08-21T01:07:19.627545+09:00
Catalog Receipt,,,failed,False,2026-08-19T21:55:12.102159+09:00
Catalog Redemption,,,failed,False,2026-08-23T16:38:26.896926+09:00
Catalog Register,40.0,0.0,success,False,2026-08-17T23:11:38.355115+09:00
Catalog Registry,30.0,2.0,success,False,2026-08-18T22:11:27.427914+09:00
Catalog Relay,10.0,29.0,success,False,2026-08-17T20:43:38.857738+09:00
Catalog Reminder,,,failed,False,2026-08-19T21:09:34.510109+09:00
Catalog Report,170.0,6.0,success,False,2026-08-19T13:38:17.915581+09:00
Catalog Repository,,,failed,False,2026-08-27T23:13:56.060397+09:00
Catalog Roadmap,,,failed,False,2026-08-18T22:12:10.821921+09:00
Catalog Roster,,,failed,False,2026-08-19T00:37:17.107740+09:00
Catalog Route,,,failed,False,2026-08-17T20:36:13.174234+09:00
Catalog Rule,,,failed,False,2026-08-23T03:15:44.979812+09:00
Catalog Sale,1000.0,8.0,success,False,2026-08-21T02:30:33.788820+09:00
Catalog Sample,1000.0,13.0,success,False,2026-08-19T21:56:14.793890+09:00
Catalog Scale,,,failed,False,2026-08-17T20:37:14.189830+09:00
Catalog Scanner,90.0,0.0,success,False,2026-08-27T23:56:35.462889+09:00
Catalog Scheduler,,,failed,False,2026-08-17T23:27:13.113305+09:00
Catalog Scope,,,failed,False,2026-08-17T20:34:44.892914+09:00
Catalog Score,,,failed,False,2026-08-19T13:39:51.910868+09:00
Catalog Sentry,,,failed,False,2026-08-17T21:36:32.684484+09:00
Catalog Sheet,110.0,6.0,success,False,2026-08-19T13:39:26.336599+09:00
Catalog Shortfall,,,failed,False,2026-08-27T21:47:03.271568+09:00
Catalog Signal,,,failed,False,2026-08-17T20:36:43.272468+09:00
Catalog Slip,,,failed,False,2026-08-19T21:56:01.385775+09:00
Catalog Slot,140.0,8.0,success,False,2026-08-19T21:56:23.940159+09:00
Catalog Snapshot,,,failed,False,2026-08-18T22:11:09.923371+09:00
Catalog Stake,,,failed,False,2026-08-23T02:52:35.436753+09:00
Catalog Statement,,,failed,False,2026-08-21T00:33:25.139045+09:00
Catalog Station,,,failed,False,2026-08-17T20:44:54.516764+09:00
Catalog Status,,,failed,False,2026-08-19T20:38:05.655570+09:00
Catalog Stub,,,failed,False,2026-08-21T00:33:17.387160+09:00
Catalog Studio,12100.0,97.0,success,False,2026-08-17T20:46:59.199715+09:00
Catalog Suite,,,failed,False,2026-08-17T23:26:41.280182+09:00
Catalog Sum,,,failed,False,2026-08-21T02:30:21.260254+09:00
Catalog Summary,,,failed,False,2026-08-19T21:09:08.250321+09:00
Catalog Sync,50.0,11.0,success,False,2026-08-17T21:31:08.679950+09:00
Catalog Tab,320.0,0.0,success,False,2026-08-21T00:34:01.894402+09:00
Catalog Table,210.0,13.0,success,False,2026-08-19T21:55:41.048712+09:00
Catalog Tag,70.0,0.0,success,False,2026-08-19T13:40:23.135378+09:00
Catalog Tally,,,failed,False,2026-08-21T00:33:32.477901+09:00
Catalog Tariff,,,failed,False,2026-08-21T02:36:37.228119+09:00
Catalog Tax,,,failed,False,2026-08-21T02:14:19.948102+09:00
Catalog Timeline,,,failed,False,2026-08-19T21:09:24.314607+09:00
Catalog Toll,,,failed,False,2026-08-21T02:45:44.220380+09:00
Catalog Toolbox,10.0,0.0,success,False,2026-08-28T00:25:51.267385+09:00
Catalog Toolkit,,,failed,False,2026-08-18T22:10:45.324652+09:00
Catalog Total,70.0,1.0,success,False,2026-08-27T23:13:50.940196+09:00
Catalog Tracker,10.0,1.0,success,False,2026-08-17T21:32:20.148818+09:00
Catalog Trail,,,failed,False,2026-08-17T20:33:24.231963+09:00
Catalog Trend,10.0,17.0,success,False,2026-08-28T01:06:58.788190+09:00
Catalog Trial,,,failed,False,2026-08-27T21:15:51.614768+09:00
Catalog Unit,,,failed,False,2026-08-21T01:58:32.976972+09:00
Catalog Update,1300.0,0.0,success,True,2026-08-19T20:39:03.354865+09:00
Catalog Value,90.0,0.0,success,False,2026-08-23T02:52:33.355566+09:00
Catalog Vault,,,failed,False,2026-08-17T20:42:43.172174+09:00
Catalog Version,20.0,0.0,success,False,2026-08-23T03:15:35.333103+09:00
Catalog View,320.0,1.0,success,False,2026-08-19T20:38:12.818207+09:00
Catalog Voucher,,,failed,False,2026-08-21T00:33:08.035106+09:00
Catalog Watch,1000.0,27.0,success,False,2026-08-17T20:35:47.352548+09:00
Catalog Wave,10.0,2.0,success,False,2026-08-18T07:52:46.019796+09:00
Catalog Widget,110.0,1.0,success,False,2026-08-27T23:13:53.622178+09:00
Catalog Workbench,,,failed,False,2026-08-18T22:10:36.115087+09:00
Catalog Worksheet,,,failed,False,2026-08-27T22:10:29.150854+09:00
Catalog Workshop,10.0,0.0,success,False,2026-08-28T00:25:48.742639+09:00
Catalog Zone,40.0,0.0,success,False,2026-08-17T20:42:15.711128+09:00
Catering Advance,90.0,6.0,success,False,2026-08-23T16:14:18.981651+09:00
Catering Advisory,,,failed,False,2026-08-21T01:03:15.171952+09:00
Catering Allowance,20.0,1.0,success,False,2026-08-21T02:38:57.143403+09:00
Catering Almanac,,,failed,False,2026-08-18T22:08:48.035720+09:00
Catering Analyzer,,,failed,False,2026-08-27T23:51:18.068433+09:00
Catering Anchor,,,failed,False,2026-08-17T20:45:12.889782+09:00
Catering Announcement,,,failed,False,2026-08-27T23:31:14.136748+09:00
Catering Arrears,,,failed,False,2026-08-23T16:14:15.763731+09:00
Catering Assistant,4400.0,5.0,success,False,2026-08-17T23:27:47.140187+09:00
Catering Atlas,260.0,7.0,success,False,2026-08-17T20:35:52.510868+09:00
Catering Attribute,,,failed,False,2026-08-23T13:05:41.403029+09:00
Catering Badge,,,failed,False,2026-08-21T00:27:22.208885+09:00
Catering Balance,,,failed,False,2026-08-23T13:46:35.892255+09:00
Catering Base,70.0,30.0,success,False,2026-08-17T20:32:26.534581+09:00
Catering Beacon,,,failed,False,2026-08-17T21:30:43.453478+09:00
Catering Bill,480.0,4.0,success,False,2026-08-19T21:46:11.490049+09:00
Catering Blueprint,,,failed,False,2026-08-18T22:08:38.388583+09:00
Catering Board,320.0,84.0,success,False,2026-08-17T20:34:02.071546+09:00
Catering Book,480.0,60.0,success,False,2026-08-19T21:47:08.663103+09:00
Catering Bridge,,,failed,False,2026-08-17T20:45:58.318950+09:00
Catering Brief,10.0,2.0,success,False,2026-08-21T01:02:18.161248+09:00
Catering Bulletin,,,failed,False,2026-08-21T01:02:15.382494+09:00
Catering Calculator,880.0,4.0,success,False,2026-08-27T23:31:16.874593+09:00
Catering Calendar,50.0,33.0,success,False,2026-08-19T00:00:01.654497+09:00
Catering Cascade,,,failed,False,2026-08-17T20:47:09.255931+09:00
Catering Cash,,,failed,False,2026-08-21T02:22:32.305318+09:00
Catering Cashback,,,failed,False,2026-08-27T21:17:00.727259+09:00
Catering Catalog,140.0,24.0,success,False,2026-08-19T21:10:24.800768+09:00
Catering Category,30.0,0.0,success,False,2026-08-23T13:05:39.073326+09:00
Catering Center,260.0,24.0,success,False,2026-08-17T21:33:30.231055+09:00
Catering Chain,90.0,26.0,success,False,2026-08-17T20:40:27.760312+09:00
Catering Charge,390.0,3.0,success,False,2026-08-21T02:38:45.456500+09:00
Catering Check,,,failed,False,2026-08-19T13:26:13.744102+09:00
Catering Checker,,,failed,False,2026-08-27T23:51:12.915875+09:00
Catering Checklist,210.0,27.0,success,False,2026-08-19T21:09:24.314607+09:00
Catering Circular,,,failed,False,2026-08-21T01:03:06.374945+09:00
Catering Cockpit,,,failed,False,2026-08-17T23:06:20.939022+09:00
Catering Code,30.0,7.0,success,False,2026-08-19T21:46:33.632095+09:00
Catering Codex,,,failed,False,2026-08-18T22:09:05.854990+09:00
Catering Companion,70.0,8.0,success,False,2026-08-17T23:24:12.955458+09:00
Catering Comparison,,,failed,False,2026-08-28T01:02:34.403760+09:00
Catering Compass,2900.0,6.0,success,False,2026-08-17T21:31:52.108049+09:00
Catering Compendium,,,failed,False,2026-08-18T22:08:57.073323+09:00
Catering Confirmation,,,failed,False,2026-08-21T01:03:23.160959+09:00
Catering Console,,,failed,False,2026-08-17T21:30:10.122952+09:00
Catering Contribution,,,failed,False,2026-08-23T16:14:11.722628+09:00
Catering Core,2400.0,51.0,success,False,2026-08-18T07:52:23.466246+09:00
Catering Cost,720.0,13.0,success,False,2026-08-21T02:06:27.364500+09:00
Catering Count,,,failed,False,2026-08-27T22:49:35.364614+09:00
Catering Counter,1000.0,42.0,success,False,2026-08-18T23:57:35.193051+09:00
Catering Coupon,110.0,12.0,success,False,2026-08-27T21:16:57.719069+09:00
Catering Dashboard,10.0,29.0,success,False,2026-08-17T23:23:52.832374+09:00
Catering Deal,260.0,77.0,success,False,2026-08-21T01:55:59.445411+09:00
Catering Debt,,,failed,False,2026-08-21T02:22:21.674947+09:00
Catering Deck,,,failed,False,2026-08-17T20:32:58.642411+09:00
Catering Depot,260.0,10.0,success,False,2026-08-18T23:57:15.984121+09:00
Catering Desk,20.0,40.0,success,False,2026-08-18T07:43:54.848234+09:00
Catering Detail,,,failed,False,2026-08-23T03:15:35.333103+09:00
Catering Diagram,,,failed,False,2026-08-27T22:12:02.778487+09:00
Catering Dial,,,failed,False,2026-08-17T20:46:27.690682+09:00
Catering Digest,,,failed,False,2026-08-19T20:37:47.819235+09:00
Catering Directory,30.0,48.0,success,False,2026-08-19T00:00:12.518097+09:00
Catering Discount,70.0,38.0,success,False,2026-08-23T16:14:08.408734+09:00
Catering Dock,,,failed,False,2026-08-17T20:42:50.595044+09:00
Catering Dossier,,,failed,False,2026-08-21T01:03:27.651766+09:00
Catering Downpayment,,,failed,False,2026-08-27T21:48:04.359972+09:00
Catering Draft,,,failed,False,2026-08-19T20:38:01.262466+09:00
Catering Due,,,failed,False,2026-08-23T15:51:39.388284+09:00
Catering Duty,90.0,1.0,success,False,2026-08-21T02:38:47.806400+09:00
Catering Engine,,,failed,False,2026-08-17T23:07:23.914294+09:00
Catering Entry,,,failed,False,2026-08-21T01:03:40.572054+09:00
Catering Estimate,70.0,23.0,success,False,2026-08-19T21:10:16.662476+09:00
Catering Estimator,10.0,46.0,success,False,2026-08-27T23:51:10.379112+09:00
Catering Excerpt,,,failed,False,2026-08-21T01:03:36.375895+09:00
Catering Fare,,,failed,False,2026-08-21T02:06:36.583403+09:00
Catering Fee,480.0,3.0,success,False,2026-08-21T01:55:39.411266+09:00
Catering Feed,,,failed,False,2026-08-19T20:37:54.785730+09:00
Catering Field,30.0,0.0,success,False,2026-08-23T13:05:43.515456+09:00
Catering File,,,failed,False,2026-08-19T20:41:33.167361+09:00
Catering Finder,20.0,69.0,success,False,2026-08-18T23:57:00.632523+09:00
Catering Fine,210.0,17.0,success,False,2026-08-23T02:52:28.484811+09:00
Catering Flag,,,failed,False,2026-08-21T00:28:15.750952+09:00
Catering Flow,20.0,8.0,success,False,2026-08-17T20:33:31.328442+09:00
Catering Forge,,,failed,False,2026-08-17T20:48:26.612997+09:00
Catering Form,210.0,31.0,success,False,2026-08-19T13:25:47.267780+09:00
Catering Format,20.0,22.0,success,False,2026-08-23T13:05:45.716846+09:00
Catering Frame,20.0,30.0,success,False,2026-08-17T20:33:33.696511+09:00
Catering Fund,,,failed,False,2026-08-21T02:22:28.218601+09:00
Catering Gate,90.0,8.0,success,False,2026-08-17T20:37:51.221015+09:00
Catering Generator,40.0,100.0,success,False,2026-08-27T23:31:24.795366+09:00
Catering Giveaway,10.0,0.0,success,False,2026-08-27T21:17:03.008156+09:00
Catering Grade,,,failed,False,2026-08-21T00:27:53.671746+09:00
Catering Graph,,,failed,False,2026-08-27T22:11:47.365503+09:00
Catering Grid,,,failed,False,2026-08-17T20:40:51.053535+09:00
Catering Guarantee,,,failed,False,2026-08-28T01:02:39.668408+09:00
Catering Guard,,,failed,False,2026-08-17T20:31:52.293572+09:00
Catering Guidebook,,,failed,False,2026-08-18T22:08:23.655372+09:00
Catering Helpdesk,,,failed,False,2026-08-27T22:49:39.100911+09:00
Catering Helper,170.0,18.0,success,False,2026-08-28T00:21:40.685047+09:00
Catering History,170.0,0.0,success,False,2026-08-19T20:41:25.975881+09:00
Catering Hotline,210.0,1.0,success,False,2026-08-19T21:10:34.981799+09:00
Catering Hub,480.0,16.0,success,False,2026-08-17T20:32:23.142780+09:00
Catering Identifier,,,failed,False,2026-08-23T13:05:36.623967+09:00
Catering Incentive,,,failed,False,2026-08-27T21:17:03.008156+09:00
Catering Index,10.0,0.0,success,False,2026-08-19T21:09:36.551386+09:00
Catering Insight,720.0,1.0,success,False,2026-08-17T22:50:34.703098+09:00
Catering Installment,,,failed,False,2026-08-23T16:14:08.408734+09:00
Catering Item,590.0,89.0,success,False,2026-08-21T01:55:51.234317+09:00
Catering Journal,10.0,3.0,success,False,2026-08-18T22:08:09.141836+09:00
Catering Keeper,,,failed,False,2026-08-17T20:34:03.344800+09:00
Catering Kit,260.0,94.0,success,False,2026-08-27T22:49:35.364614+09:00
Catering Lab,720.0,15.0,success,False,2026-08-18T07:43:25.661274+09:00
Catering Label,170.0,99.0,success,False,2026-08-27T22:11:50.573955+09:00
Catering Layout,70.0,1.0,success,False,2026-08-27T22:29:00.404173+09:00
Catering Ledger,,,failed,False,2026-08-18T07:52:23.466246+09:00
Catering Lens,,,failed,False,2026-08-17T20:34:29.454165+09:00
Catering Level,10.0,0.0,success,False,2026-08-19T20:37:18.555970+09:00
Catering Link,260.0,14.0,success,False,2026-08-23T03:15:28.674871+09:00
Catering List,480.0,8.0,success,False,2026-08-19T21:46:45.064278+09:00
Catering Loan,10.0,3.0,success,False,2026-08-21T02:06:47.400251+09:00
Catering Locator,,,failed,False,2026-08-19T00:00:22.759146+09:00
Catering Lock,,,failed,False,2026-08-17T20:36:20.228244+09:00
Catering Log,50.0,4.0,success,False,2026-08-19T13:25:14.797860+09:00
Catering Loop,,,failed,False,2026-08-17T20:41:38.152103+09:00
Catering Manager,2400.0,5.0,success,False,2026-08-17T20:33:01.756540+09:00
Catering Manual,30.0,0.0,success,False,2026-08-27T22:11:56.077657+09:00
Catering Map,50.0,7.0,success,False,2026-08-17T20:35:22.813816+09:00
Catering Markup,10.0,0.0,success,False,2026-08-23T16:38:55.641714+09:00
Catering Memo,,,failed,False,2026-08-21T00:28:00.116915+09:00
Catering Message,20.0,0.0,success,False,2026-08-27T23:15:13.027326+09:00
Catering Meter,,,failed,False,2026-08-17T20:45:35.834234+09:00
Catering Metrics,,,failed,False,2026-08-17T23:23:36.709980+09:00
Catering Monitor,,,failed,False,2026-08-17T23:28:11.546877+09:00
Catering Navigator,,,failed,False,2026-08-17T23:05:09.501218+09:00
Catering Nexus,,,failed,False,2026-08-17T20:36:52.122948+09:00
Catering Node,,,failed,False,2026-08-17T20:38:40.859557+09:00
Catering Note,,,failed,False,2026-08-19T13:27:02.036577+09:00
Catering Notification,,,failed,False,2026-08-27T22:49:32.762391+09:00
Catering Number,140.0,31.0,success,False,2026-08-23T03:15:22.651664+09:00
Catering Office,390.0,62.0,success,False,2026-08-18T23:57:26.188855+09:00
Catering Ops,,,failed,False,2026-08-17T23:24:32.888927+09:00
Catering Order,1600.0,48.0,success,False,2026-08-19T21:45:58.620929+09:00
Catering Organizer,50.0,100.0,success,False,2026-08-17T23:04:25.350258+09:00
Catering Overage,,,failed,False,2026-08-27T21:48:00.691172+09:00
Catering Overdue,,,failed,False,2026-08-27T21:47:56.115586+09:00
Catering Panel,,,failed,False,2026-08-17T20:47:50.375793+09:00
Catering Pass,10.0,67.0,success,False,2026-08-21T00:27:03.794080+09:00
Catering Path,,,failed,False,2026-08-17T20:38:13.537846+09:00
Catering Payoff,,,failed,False,2026-08-27T21:47:58.388035+09:00
Catering Penalty,,,failed,False,2026-08-23T16:38:55.641714+09:00
Catering Petition,,,failed,False,2026-08-21T01:03:18.814008+09:00
Catering Pilot,,,failed,False,2026-08-18T07:43:42.936129+09:00
Catering Plan,260.0,17.0,success,False,2026-08-21T01:55:57.374575+09:00
Catering Planner,260.0,17.0,success,False,2026-08-17T23:10:04.608173+09:00
Catering Playbook,,,failed,False,2026-08-18T22:08:00.506560+09:00
Catering Point,880.0,2.0,success,False,2026-08-17T20:37:19.032635+09:00
Catering Portal,140.0,8.0,success,False,2026-08-17T21:31:17.550614+09:00
Catering Preview,,,failed,False,2026-08-28T01:02:37.016845+09:00
Catering Profit,140.0,14.0,success,False,2026-08-23T02:52:23.717366+09:00
Catering Proposal,480.0,9.0,success,False,2026-08-28T01:02:37.016845+09:00
Catering Pulse,,,failed,False,2026-08-17T20:40:03.112671+09:00
Catering Queue,,,failed,False,2026-08-19T21:10:02.424096+09:00
Catering Quota,,,failed,False,2026-08-21T00:28:09.542795+09:00
Catering Radar,,,failed,False,2026-08-17T21:35:08.893531+09:00
Catering Rail,,,failed,False,2026-08-17T20:42:01.579820+09:00
Catering Rate,110.0,10.0,success,False,2026-08-19T20:37:31.186118+09:00
Catering Recap,,,failed,False,2026-08-21T01:03:30.050919+09:00
Catering Receipt,110.0,91.0,success,False,2026-08-19T21:46:20.188818+09:00
Catering Recorder,,,failed,False,2026-08-27T23:31:24.795366+09:00
Catering Redemption,,,failed,False,2026-08-23T16:38:55.641714+09:00
Catering Register,,,failed,False,2026-08-17T23:08:04.686791+09:00
Catering Registry,,,failed,False,2026-08-18T22:08:32.701996+09:00
Catering Relay,,,failed,False,2026-08-17T21:34:03.414909+09:00
Catering Reminder,,,failed,False,2026-08-19T21:09:10.178555+09:00
Catering Report,170.0,3.0,success,False,2026-08-19T13:25:04.340704+09:00
Catering Roadmap,,,failed,False,2026-08-18T22:02:30.753417+09:00
Catering Roster,,,failed,False,2026-08-19T00:37:15.495159+09:00
Catering Route,,,failed,False,2026-08-17T20:43:46.830313+09:00
Catering Rule,,,failed,False,2026-08-23T03:15:32.798139+09:00
Catering Sale,110.0,99.0,success,False,2026-08-21T02:22:35.993251+09:00
Catering Sample,20.0,4.0,success,False,2026-08-19T21:47:40.553023+09:00
Catering Scale,70.0,100.0,success,False,2026-08-17T20:44:33.462366+09:00
Catering Scheduler,40.0,3.0,success,False,2026-08-17T23:27:58.060156+09:00
Catering Scope,,,failed,False,2026-08-17T20:42:21.345142+09:00
Catering Score,,,failed,False,2026-08-19T13:26:27.174031+09:00
Catering Sentry,,,failed,False,2026-08-17T20:34:53.035348+09:00
Catering Sheet,70.0,40.0,success,False,2026-08-19T13:26:03.914310+09:00
Catering Shortfall,,,failed,False,2026-08-27T21:48:07.167837+09:00
Catering Signal,,,failed,False,2026-08-17T20:44:11.907751+09:00
Catering Slip,,,failed,False,2026-08-19T21:47:24.408619+09:00
Catering Slot,10.0,0.0,success,False,2026-08-19T21:47:52.868004+09:00
Catering Snapshot,,,failed,False,2026-08-18T22:08:15.553962+09:00
Catering Stage,20.0,0.0,success,False,2026-08-28T00:45:55.588446+09:00
Catering Statement,,,failed,False,2026-08-21T00:27:37.591897+09:00
Catering Station,1900.0,98.0,success,False,2026-08-17T21:35:38.144027+09:00
Catering Status,50.0,1.0,success,False,2026-08-19T20:41:06.982103+09:00
Catering Stub,,,failed,False,2026-08-21T00:27:30.325740+09:00
Catering Studio,70.0,11.0,success,False,2026-08-17T20:31:49.556843+09:00
Catering Subsidy,,,failed,False,2026-08-23T15:51:39.388284+09:00
Catering Suite,,,failed,False,2026-08-17T23:27:32.625137+09:00
Catering Sum,,,failed,False,2026-08-21T02:22:16.250751+09:00
Catering Summary,10.0,0.0,success,False,2026-08-19T21:08:46.825044+09:00
Catering Surtax,,,failed,False,2026-08-23T15:51:42.166674+09:00
Catering Sync,,,failed,False,2026-08-17T20:34:25.476328+09:00
Catering Tab,,,failed,False,2026-08-21T00:28:23.086581+09:00
Catering Table,4400.0,100.0,success,False,2026-08-19T21:46:58.234898+09:00
Catering Tally,,,failed,False,2026-08-21T00:27:45.495734+09:00
Catering Tariff,,,failed,False,2026-08-21T02:38:59.400124+09:00
Catering Tax,40.0,1.0,success,False,2026-08-21T02:06:44.237427+09:00
Catering Ticket,10.0,17.0,success,False,2026-08-19T21:09:48.311531+09:00
Catering Tier,,,failed,False,2026-08-28T00:45:59.297593+09:00
Catering Timeline,10.0,0.0,success,False,2026-08-19T21:08:56.210906+09:00
Catering Timer,,,failed,False,2026-08-28T00:21:30.022858+09:00
Catering Toll,,,failed,False,2026-08-21T02:38:51.441238+09:00
Catering Toolbox,10.0,38.0,success,False,2026-08-28T00:21:38.214311+09:00
Catering Toolkit,,,failed,False,2026-08-18T22:07:51.533580+09:00
Catering Total,10.0,,success,False,2026-08-27T23:15:15.489365+09:00
Catering Tracker,140.0,36.0,success,False,2026-08-18T07:43:33.708043+09:00
Catering Trail,1900.0,100.0,success,False,2026-08-17T20:41:11.362619+09:00
Catering Trend,110.0,12.0,success,False,2026-08-28T01:02:34.403760+09:00
Catering Trial,,,failed,False,2026-08-27T21:17:00.727259+09:00
Catering Unit,320.0,63.0,success,False,2026-08-21T01:55:54.849778+09:00
Catering Update,20.0,14.0,success,False,2026-08-19T20:37:40.051699+09:00
Catering Value,10.0,0.0,success,False,2026-08-23T02:52:26.045301+09:00
Catering Vault,,,failed,False,2026-08-17T21:33:04.357190+09:00
Catering Version,,,failed,False,2026-08-23T03:15:24.852114+09:00
Catering View,,,failed,False,2026-08-19T20:41:16.586784+09:00
Catering Voucher,50.0,67.0,success,False,2026-08-21T00:27:12.597515+09:00
Catering Watch,,,failed,False,2026-08-17T20:43:18.551816+09:00
Catering Wave,,,failed,False,2026-08-17T20:39:11.470645+09:00
Catering Widget,,,failed,False,2026-08-27T23:15:15.489365+09:00
Catering Workbench,,,failed,False,2026-08-18T22:07:45.209206+09:00
Catering Worksheet,20.0,35.0,success,False,2026-08-27T22:12:02.778487+09:00
Catering Workshop,140.0,12.0,success,False,2026-08-28T00:21:32.683664+09:00
Catering Zone,260.0,18.0,success,False,2026-08-17T21:32:28.090728+09:00
Cemetery Advance,,,failed,False,2026-08-23T16:14:18.981651+09:00
Cemetery Advisory,,,failed,False,2026-08-21T01:08:31.890939+09:00
Cemetery Allowance,,,failed,False,2026-08-21T02:38:09.773029+09:00
Cemetery Almanac,,,failed,False,2026-08-18T23:50:31.200515+09:00
Cemetery Analyzer,,,failed,False,2026-08-27T23:57:22.809432+09:00
Cemetery Anchor,,,failed,False,2026-08-17T23:32:42.825846+09:00
Cemetery Arrears,,,failed,False,2026-08-23T16:14:15.763731+09:00
Cemetery Asset,,,failed,False,2026-08-23T13:46:50.376234+09:00
Cemetery Assistant,20.0,1.0,success,False,2026-08-17T23:28:46.712952+09:00
Cemetery Atlas,,,failed,False,2026-08-17T23:27:56.034352+09:00
Cemetery Attribute,,,failed,False,2026-08-23T13:06:20.755041+09:00
Cemetery Balance,,,failed,False,2026-08-23T13:46:47.656789+09:00
Cemetery Base,20.0,75.0,success,False,2026-08-17T23:24:07.376365+09:00
Cemetery Beacon,,,failed,False,2026-08-17T23:32:14.007104+09:00
Cemetery Bill,,,failed,False,2026-08-19T21:58:48.612097+09:00
Cemetery Blueprint,,,failed,False,2026-08-18T23:50:34.147336+09:00
Cemetery Board,720.0,1.0,success,False,2026-08-17T23:06:52.573020+09:00
Cemetery Book,320.0,84.0,success,False,2026-08-19T21:59:35.883958+09:00
Cemetery Bridge,50.0,3.0,success,False,2026-08-17T23:05:27.218902+09:00
Cemetery Brief,,,failed,False,2026-08-21T01:08:23.538465+09:00
Cemetery Bulletin,,,failed,False,2026-08-21T01:08:20.285219+09:00
Cemetery Calculator,10.0,7.0,success,False,2026-08-27T23:35:24.571352+09:00
Cemetery Calendar,10.0,10.0,success,False,2026-08-19T00:04:54.234777+09:00
Cemetery Card,,,failed,False,2026-08-19T13:22:59.111226+09:00
Cemetery Cascade,,,failed,False,2026-08-17T23:32:27.078253+09:00
Cemetery Cash,,,failed,False,2026-08-21T02:21:44.938268+09:00
Cemetery Cashback,,,failed,False,2026-08-27T21:16:38.075410+09:00
Cemetery Catalog,,,failed,False,2026-08-19T21:14:49.838669+09:00
Cemetery Center,720.0,3.0,success,False,2026-08-17T23:15:27.187478+09:00
Cemetery Chain,10.0,0.0,success,False,2026-08-17T23:08:17.909902+09:00
Cemetery Charge,,,failed,False,2026-08-21T02:37:55.962761+09:00
Cemetery Check,,,failed,False,2026-08-19T13:23:22.980764+09:00
Cemetery Checker,,,failed,False,2026-08-27T23:57:16.212473+09:00
Cemetery Checklist,,,failed,False,2026-08-19T21:13:57.456241+09:00
Cemetery Circular,,,failed,False,2026-08-21T01:08:27.933703+09:00
Cemetery Cockpit,,,failed,False,2026-08-17T23:09:43.652539+09:00
Cemetery Code,,,failed,False,2026-08-19T21:59:07.775168+09:00
Cemetery Codex,,,failed,False,2026-08-18T23:50:34.147336+09:00
Cemetery Companion,,,failed,False,2026-08-17T23:30:11.118322+09:00
Cemetery Comparison,,,failed,False,2026-08-28T01:07:47.366767+09:00
Cemetery Compass,,,failed,False,2026-08-17T23:03:43.392480+09:00
Cemetery Compendium,,,failed,False,2026-08-18T23:50:34.147336+09:00
Cemetery Confirmation,,,failed,False,2026-08-21T01:08:40.341221+09:00
Cemetery Console,,,failed,False,2026-08-17T23:26:13.004123+09:00
Cemetery Contribution,,,failed,False,2026-08-23T16:14:11.722628+09:00
Cemetery Core,20.0,0.0,success,False,2026-08-17T23:12:14.829118+09:00
Cemetery Cost,170.0,10.0,success,False,2026-08-21T02:15:35.751133+09:00
Cemetery Count,,,failed,False,2026-08-27T22:49:08.559687+09:00
Cemetery Counter,,,failed,False,2026-08-19T00:05:27.512092+09:00
Cemetery Coupon,,,failed,False,2026-08-27T21:16:33.171675+09:00
Cemetery Dashboard,,,failed,False,2026-08-17T23:29:55.087176+09:00
Cemetery Deal,,,failed,False,2026-08-21T01:59:51.080762+09:00
Cemetery Debt,,,failed,False,2026-08-21T02:21:33.857873+09:00
Cemetery Deck,90.0,0.0,success,False,2026-08-17T23:24:52.278887+09:00
Cemetery Depot,,,failed,False,2026-08-19T00:05:16.956026+09:00
Cemetery Desk,,,failed,False,2026-08-17T23:14:31.375028+09:00
Cemetery Detail,,,failed,False,2026-08-23T03:17:25.053866+09:00
Cemetery Diagram,,,failed,False,2026-08-27T22:11:31.963952+09:00
Cemetery Dial,,,failed,False,2026-08-17T23:26:27.360355+09:00
Cemetery Digest,,,failed,False,2026-08-19T20:42:03.452660+09:00
Cemetery Directory,210.0,13.0,success,False,2026-08-19T00:04:59.396392+09:00
Cemetery Discount,,,failed,False,2026-08-23T16:14:05.017306+09:00
Cemetery Dock,,,failed,False,2026-08-17T23:26:58.468073+09:00
Cemetery Dossier,,,failed,False,2026-08-21T01:08:45.073430+09:00
Cemetery Downpayment,,,failed,False,2026-08-27T21:47:44.451127+09:00
Cemetery Draft,,,failed,False,2026-08-19T20:42:19.980728+09:00
Cemetery Due,,,failed,False,2026-08-23T15:51:42.166674+09:00
Cemetery Duty,10.0,0.0,success,False,2026-08-21T02:38:00.530165+09:00
Cemetery Endowment,,,failed,False,2026-08-23T15:51:44.971205+09:00
Cemetery Engine,,,failed,False,2026-08-17T23:06:09.735984+09:00
Cemetery Entry,20.0,0.0,success,False,2026-08-21T01:08:59.079967+09:00
Cemetery Estimate,,,failed,False,2026-08-19T21:14:39.007898+09:00
Cemetery Estimator,,,failed,False,2026-08-27T23:57:16.212473+09:00
Cemetery Excerpt,,,failed,False,2026-08-21T01:08:54.756215+09:00
Cemetery Fare,,,failed,False,2026-08-21T02:06:07.596179+09:00
Cemetery Fee,210.0,5.0,success,False,2026-08-21T01:59:39.898712+09:00
Cemetery Feed,,,failed,False,2026-08-19T20:42:12.538195+09:00
Cemetery File,,,failed,False,2026-08-19T20:41:36.001931+09:00
Cemetery Finder,320.0,19.0,success,False,2026-08-19T00:05:11.440472+09:00
Cemetery Fine,,,failed,False,2026-08-23T02:53:39.940635+09:00
Cemetery Flow,,,failed,False,2026-08-17T23:30:54.077179+09:00
Cemetery Forge,,,failed,False,2026-08-17T23:10:58.652260+09:00
Cemetery Form,30.0,6.0,success,False,2026-08-19T13:22:09.591180+09:00
Cemetery Format,,,failed,False,2026-08-23T13:06:24.369926+09:00
Cemetery Frame,20.0,71.0,success,False,2026-08-17T23:05:03.232524+09:00
Cemetery Fund,30.0,1.0,success,False,2026-08-21T02:21:38.988991+09:00
Cemetery Gate,12100.0,0.0,success,True,2026-08-17T23:27:42.956477+09:00
Cemetery Giveaway,,,failed,False,2026-08-27T21:16:49.739310+09:00
Cemetery Graph,,,failed,False,2026-08-27T22:11:14.702550+09:00
Cemetery Grid,10.0,0.0,success,False,2026-08-17T23:14:14.412117+09:00
Cemetery Guarantee,,,failed,False,2026-08-28T01:07:59.537409+09:00
Cemetery Guard,110.0,0.0,success,False,2026-08-17T23:05:51.247207+09:00
Cemetery Guardian,30.0,0.0,success,False,2026-08-28T00:26:22.903465+09:00
Cemetery Guidebook,,,failed,False,2026-08-18T23:50:34.147336+09:00
Cemetery Helpdesk,,,failed,False,2026-08-27T22:49:08.559687+09:00
Cemetery Helper,,,failed,False,2026-08-28T00:26:29.201404+09:00
Cemetery History,1000.0,1.0,success,False,2026-08-19T20:41:30.953351+09:00
Cemetery Hotline,,,failed,False,2026-08-19T21:15:02.782218+09:00
Cemetery Hub,,,failed,False,2026-08-17T23:07:39.486562+09:00
Cemetery Incentive,,,failed,False,2026-08-27T21:16:45.829850+09:00
Cemetery Index,390.0,2.0,success,False,2026-08-19T21:14:07.516927+09:00
Cemetery Insight,,,failed,False,2026-08-17T23:14:51.389027+09:00
Cemetery Installment,,,failed,False,2026-08-23T16:14:08.408734+09:00
Cemetery Interest,,,failed,False,2026-08-23T13:46:50.376234+09:00
Cemetery Item,,,failed,False,2026-08-21T01:59:43.959754+09:00
Cemetery Journal,,,failed,False,2026-08-18T23:50:34.147336+09:00
Cemetery Keeper,1000.0,1.0,success,False,2026-08-17T23:28:10.025737+09:00
Cemetery Lab,140.0,0.0,success,False,2026-08-17T23:25:18.715654+09:00
Cemetery Label,,,failed,False,2026-08-27T22:11:22.688416+09:00
Cemetery Layout,140.0,2.0,success,False,2026-08-27T22:28:56.801982+09:00
Cemetery Ledger,110.0,7.0,success,False,2026-08-17T23:24:26.895595+09:00
Cemetery Lens,,,failed,False,2026-08-17T23:23:48.557902+09:00
Cemetery Level,,,failed,False,2026-08-19T20:41:43.197527+09:00
Cemetery Levy,,,failed,False,2026-08-23T13:46:50.376234+09:00
Cemetery Link,10.0,1.0,success,False,2026-08-23T03:17:13.101010+09:00
Cemetery List,140.0,4.0,success,False,2026-08-19T21:59:15.845213+09:00
Cemetery Loan,,,failed,False,2026-08-21T02:06:22.333595+09:00
Cemetery Locator,390.0,6.0,success,False,2026-08-19T00:05:06.053297+09:00
Cemetery Lock,,,failed,False,2026-08-17T23:23:32.991705+09:00
Cemetery Log,140.0,15.0,success,False,2026-08-19T13:21:58.772541+09:00
Cemetery Loop,50.0,2.0,success,False,2026-08-17T23:33:06.954832+09:00
Cemetery Manager,110.0,3.0,success,False,2026-08-17T23:11:35.407010+09:00
Cemetery Manual,,,failed,False,2026-08-27T22:11:22.688416+09:00
Cemetery Map,880.0,6.0,success,False,2026-08-17T23:10:38.410164+09:00
Cemetery Marker,1300.0,100.0,success,False,2026-08-23T13:27:20.193084+09:00
Cemetery Markup,,,failed,False,2026-08-23T16:38:53.252652+09:00
Cemetery Memo,,,failed,False,2026-08-21T00:35:13.915986+09:00
Cemetery Message,,,failed,False,2026-08-27T23:14:33.058842+09:00
Cemetery Meter,,,failed,False,2026-08-17T23:11:56.017978+09:00
Cemetery Metrics,,,failed,False,2026-08-17T23:29:38.825411+09:00
Cemetery Monitor,,,failed,False,2026-08-17T23:29:23.485940+09:00
Cemetery Navigator,,,failed,False,2026-08-17T23:04:03.069082+09:00
Cemetery Nexus,,,failed,False,2026-08-17T23:10:00.779750+09:00
Cemetery Node,,,failed,False,2026-08-17T23:15:07.247244+09:00
Cemetery Note,,,failed,False,2026-08-19T13:23:50.629735+09:00
Cemetery Notification,,,failed,False,2026-08-27T22:49:02.475082+09:00
Cemetery Number,30.0,15.0,success,False,2026-08-23T03:17:04.760167+09:00
Cemetery Office,880.0,4.0,success,False,2026-08-19T00:05:21.948366+09:00
Cemetery Ops,,,failed,False,2026-08-17T23:30:24.350682+09:00
Cemetery Order,,,failed,False,2026-08-19T21:58:39.226398+09:00
Cemetery Organizer,,,failed,False,2026-08-17T23:07:59.739195+09:00
Cemetery Overage,,,failed,False,2026-08-27T21:47:42.128898+09:00
Cemetery Overdue,,,failed,False,2026-08-27T21:47:39.871299+09:00
Cemetery Panel,,,failed,False,2026-08-17T23:04:39.264131+09:00
Cemetery Pass,,,failed,False,2026-08-21T00:34:57.023815+09:00
Cemetery Path,140.0,0.0,success,False,2026-08-17T23:33:34.870792+09:00
Cemetery Payoff,,,failed,False,2026-08-27T21:47:39.871299+09:00
Cemetery Penalty,,,failed,False,2026-08-23T16:38:50.541482+09:00
Cemetery Petition,110.0,0.0,success,False,2026-08-21T01:08:36.289589+09:00
Cemetery Pilot,,,failed,False,2026-08-17T23:31:19.808791+09:00
Cemetery Plan,110.0,11.0,success,False,2026-08-21T01:59:53.471915+09:00
Cemetery Planner,,,failed,False,2026-08-17T23:13:13.553145+09:00
Cemetery Playbook,,,failed,False,2026-08-18T23:50:34.147336+09:00
Cemetery Point,210.0,1.0,success,False,2026-08-17T22:49:19.411310+09:00
Cemetery Portal,40.0,0.0,success,False,2026-08-17T23:10:18.497736+09:00
Cemetery Preview,,,failed,False,2026-08-28T01:07:52.961175+09:00
Cemetery Price,480.0,8.0,success,False,2026-08-21T02:06:01.492109+09:00
Cemetery Profile,,,failed,False,2026-08-19T13:24:22.197081+09:00
Cemetery Profit,,,failed,False,2026-08-23T02:53:27.977389+09:00
Cemetery Proposal,,,failed,False,2026-08-28T01:07:55.638643+09:00
Cemetery Pulse,,,failed,False,2026-08-17T23:33:17.146702+09:00
Cemetery Queue,,,failed,False,2026-08-19T21:14:27.953850+09:00
Cemetery Quota,,,failed,False,2026-08-21T00:35:16.287713+09:00
Cemetery Radar,,,failed,False,2026-08-17T23:31:35.615532+09:00
Cemetery Rail,,,failed,False,2026-08-17T23:13:32.470918+09:00
Cemetery Rate,,,failed,False,2026-08-19T20:41:48.388385+09:00
Cemetery Recap,,,failed,False,2026-08-21T01:08:49.317162+09:00
Cemetery Receipt,20.0,3.0,success,False,2026-08-19T21:58:56.766000+09:00
Cemetery Recorder,,,failed,False,2026-08-27T23:35:28.835803+09:00
Cemetery Register,210.0,10.0,success,False,2026-08-17T23:11:16.019102+09:00
Cemetery Registry,210.0,10.0,success,False,2026-08-18T23:50:34.147336+09:00
Cemetery Relay,,,failed,False,2026-08-17T23:09:23.779987+09:00
Cemetery Reminder,,,failed,False,2026-08-19T21:13:46.122895+09:00
Cemetery Report,,,failed,False,2026-08-19T13:21:44.122863+09:00
Cemetery Repository,,,failed,False,2026-08-27T23:14:41.720422+09:00
Cemetery Roadmap,,,failed,False,2026-08-18T23:50:34.147336+09:00
Cemetery Roster,,,failed,False,2026-08-19T00:37:44.150276+09:00
Cemetery Route,,,failed,False,2026-08-17T23:06:32.975995+09:00
Cemetery Rule,,,failed,False,2026-08-23T03:17:17.631472+09:00
Cemetery Sale,110.0,7.0,success,False,2026-08-21T02:21:48.463008+09:00
Cemetery Sample,,,failed,False,2026-08-19T21:59:58.757000+09:00
Cemetery Scale,,,failed,False,2026-08-17T23:26:41.280182+09:00
Cemetery Scheduler,,,failed,False,2026-08-17T23:29:03.554808+09:00
Cemetery Scope,,,failed,False,2026-08-17T23:07:18.335398+09:00
Cemetery Score,,,failed,False,2026-08-19T13:23:40.624873+09:00
Cemetery Sentry,,,failed,False,2026-08-17T23:04:19.754704+09:00
Cemetery Sheet,,,failed,False,2026-08-19T13:23:10.003028+09:00
Cemetery Shortfall,,,failed,False,2026-08-27T21:47:47.331734+09:00
Cemetery Signal,,,failed,False,2026-08-17T23:12:33.022666+09:00
Cemetery Signature,,,failed,False,2026-08-23T13:27:16.161149+09:00
Cemetery Slip,,,failed,False,2026-08-19T21:59:50.117537+09:00
Cemetery Slot,,,failed,False,2026-08-19T22:00:08.446877+09:00
Cemetery Snapshot,,,failed,False,2026-08-18T23:50:34.147336+09:00
Cemetery Stake,,,failed,False,2026-08-23T02:53:34.328450+09:00
Cemetery Stamp,,,failed,False,2026-08-23T13:27:22.703282+09:00
Cemetery Statement,,,failed,False,2026-08-21T00:35:07.163921+09:00
Cemetery Station,20.0,1.0,success,False,2026-08-17T23:08:38.142070+09:00
Cemetery Status,10.0,0.0,success,False,2026-08-19T20:41:10.828189+09:00
Cemetery Stipend,,,failed,False,2026-08-23T13:46:52.749544+09:00
Cemetery Studio,,,failed,False,2026-08-17T23:13:53.612284+09:00
Cemetery Suite,,,failed,False,2026-08-17T23:28:25.880563+09:00
Cemetery Sum,,,failed,False,2026-08-21T02:21:30.317993+09:00
Cemetery Summary,,,failed,False,2026-08-19T21:13:21.149067+09:00
Cemetery Sync,,,failed,False,2026-08-17T23:12:55.157000+09:00
Cemetery Table,40.0,0.0,success,False,2026-08-19T21:59:26.927876+09:00
Cemetery Tag,,,failed,False,2026-08-19T13:24:14.979285+09:00
Cemetery Tariff,,,failed,False,2026-08-21T02:38:13.377279+09:00
Cemetery Tax,40.0,0.0,success,False,2026-08-21T02:06:17.677670+09:00
Cemetery Ticket,,,failed,False,2026-08-19T21:14:17.350894+09:00
Cemetery Tier,,,failed,False,2026-08-28T00:48:15.950901+09:00
Cemetery Timeline,,,failed,False,2026-08-19T21:13:34.097161+09:00
Cemetery Toll,,,failed,False,2026-08-21T02:38:04.709344+09:00
Cemetery Toolbox,,,failed,False,2026-08-28T00:26:26.682078+09:00
Cemetery Toolkit,,,failed,False,2026-08-18T23:50:34.147336+09:00
Cemetery Total,,,failed,False,2026-08-27T23:14:37.141829+09:00
Cemetery Tracker,,,failed,False,2026-08-17T23:30:39.559752+09:00
Cemetery Trail,210.0,1.0,success,False,2026-08-17T23:27:13.113305+09:00
Cemetery Trend,,,failed,False,2026-08-28T01:07:47.366767+09:00
Cemetery Trial,,,failed,False,2026-08-27T21:16:38.075410+09:00
Cemetery Unit,10.0,0.0,success,False,2026-08-21T01:59:47.241476+09:00
Cemetery Update,,,failed,False,2026-08-19T20:41:57.553937+09:00
Cemetery Value,,,failed,False,2026-08-23T02:53:34.328450+09:00
Cemetery Vault,880.0,10.0,success,False,2026-08-17T23:31:50.854430+09:00
Cemetery Version,,,failed,False,2026-08-23T03:17:09.077548+09:00
Cemetery View,210.0,1.0,success,False,2026-08-19T20:41:20.028487+09:00
Cemetery Voucher,,,failed,False,2026-08-21T00:34:59.250399+09:00
Cemetery Watch,,,failed,False,2026-08-17T23:32:54.129749+09:00
Cemetery Wave,,,failed,False,2026-08-17T23:08:58.203851+09:00
Cemetery Widget,,,failed,False,2026-08-27T23:14:37.141829+09:00
Cemetery Workbench,,,failed,False,2026-08-18T23:50:34.147336+09:00
Cemetery Worksheet,,,failed,False,2026-08-27T22:11:25.706912+09:00
Cemetery Zone,,,failed,False,2026-08-17T23:25:59.230175+09:00
Ceremony Advance,,,failed,False,2026-08-23T16:16:03.366904+09:00
Ceremony Advisory,,,failed,False,2026-08-21T01:05:38.366293+09:00
Ceremony Alert,,,failed,False,2026-08-19T13:28:22.445633+09:00
Ceremony Allowance,,,failed,False,2026-08-21T02:43:14.426169+09:00
Ceremony Analyzer,,,failed,False,2026-08-27T23:57:57.910775+09:00
Ceremony Announcement,40.0,0.0,success,False,2026-08-27T23:36:01.279667+09:00
Ceremony Arrears,,,failed,False,2026-08-23T16:16:03.366904+09:00
Ceremony Assistant,,,failed,False,2026-08-19T13:20:58.742668+09:00
Ceremony Attribute,,,failed,False,2026-08-23T13:08:40.061584+09:00
Ceremony Badge,,,failed,False,2026-08-21T00:32:57.061306+09:00
Ceremony Beacon,,,failed,False,2026-08-19T13:33:08.765794+09:00
Ceremony Bill,,,failed,False,2026-08-19T21:58:19.577733+09:00
Ceremony Board,40.0,37.0,success,False,2026-08-19T13:37:25.441438+09:00
Ceremony Book,1600.0,71.0,success,False,2026-08-19T21:59:04.972402+09:00
Ceremony Bridge,,,failed,False,2026-08-19T13:33:46.951331+09:00
Ceremony Brief,,,failed,False,2026-08-21T01:05:30.928954+09:00
Ceremony Bulletin,,,failed,False,2026-08-21T01:05:28.222738+09:00
Ceremony Calendar,,,failed,False,2026-08-19T13:24:17.578330+09:00
Ceremony Cascade,,,failed,False,2026-08-19T13:33:40.733972+09:00
Ceremony Cash,,,failed,False,2026-08-21T02:28:00.693334+09:00
Ceremony Cashback,,,failed,False,2026-08-27T21:18:10.943632+09:00
Ceremony Catalog,,,failed,False,2026-08-19T21:16:08.184183+09:00
Ceremony Category,,,failed,False,2026-08-23T13:08:36.933873+09:00
Ceremony Center,480.0,3.0,success,False,2026-08-19T13:38:51.605801+09:00
Ceremony Chain,30.0,23.0,success,False,2026-08-19T13:41:02.359276+09:00
Ceremony Charge,,,failed,False,2026-08-21T02:42:59.558136+09:00
Ceremony Check,,,failed,False,2026-08-19T13:31:05.950766+09:00
Ceremony Checker,,,failed,False,2026-08-27T23:57:50.336082+09:00
Ceremony Checklist,40.0,83.0,success,False,2026-08-19T21:15:11.193054+09:00
Ceremony Circular,,,failed,False,2026-08-21T01:05:40.713486+09:00
Ceremony Code,10.0,0.0,success,False,2026-08-19T21:58:36.842594+09:00
Ceremony Companion,,,failed,False,2026-08-19T13:22:55.768758+09:00
Ceremony Comparison,,,failed,False,2026-08-28T01:08:02.108620+09:00
Ceremony Compass,,,failed,False,2026-08-19T13:32:58.947587+09:00
Ceremony Confirmation,,,failed,False,2026-08-21T01:05:51.926035+09:00
Ceremony Console,,,failed,False,2026-08-19T13:39:37.773489+09:00
Ceremony Contribution,,,failed,False,2026-08-23T16:16:00.073730+09:00
Ceremony Core,,,failed,False,2026-08-19T13:36:52.870932+09:00
Ceremony Cost,10.0,0.0,success,False,2026-08-21T02:12:23.232619+09:00
Ceremony Counter,,,failed,False,2026-08-19T13:25:22.323430+09:00
Ceremony Coupon,,,failed,False,2026-08-27T21:18:05.577940+09:00
Ceremony Deal,,,failed,False,2026-08-21T01:57:13.280090+09:00
Ceremony Debt,,,failed,False,2026-08-21T02:27:53.442278+09:00
Ceremony Desk,,,failed,False,2026-08-19T13:32:25.938189+09:00
Ceremony Detail,,,failed,False,2026-08-23T03:22:09.250404+09:00
Ceremony Detector,,,failed,False,2026-08-27T23:57:57.910775+09:00
Ceremony Diagram,,,failed,False,2026-08-27T22:13:48.271988+09:00
Ceremony Digest,,,failed,False,2026-08-19T20:44:44.192245+09:00
Ceremony Directory,,,failed,False,2026-08-19T13:24:29.465553+09:00
Ceremony Discount,,,failed,False,2026-08-23T16:15:57.304809+09:00
Ceremony Dossier,,,failed,False,2026-08-21T01:06:03.967646+09:00
Ceremony Downpayment,,,failed,False,2026-08-27T21:49:20.358831+09:00
Ceremony Draft,,,failed,False,2026-08-19T20:44:56.793146+09:00
Ceremony Due,,,failed,False,2026-08-23T15:52:33.187171+09:00
Ceremony Duty,,,failed,False,2026-08-21T02:43:04.921789+09:00
Ceremony Engine,,,failed,False,2026-08-19T13:20:50.883072+09:00
Ceremony Entry,,,failed,False,2026-08-21T01:06:16.364943+09:00
Ceremony Estimate,,,failed,False,2026-08-19T21:15:56.084621+09:00
Ceremony Estimator,,,failed,False,2026-08-27T23:57:50.336082+09:00
Ceremony Excerpt,,,failed,False,2026-08-21T01:06:12.457382+09:00
Ceremony Extension,,,failed,False,2026-08-23T16:39:45.505448+09:00
Ceremony Fare,,,failed,False,2026-08-21T02:12:31.205964+09:00
Ceremony Fee,50.0,0.0,success,False,2026-08-21T01:56:56.625625+09:00
Ceremony Feed,,,failed,False,2026-08-19T20:44:50.684915+09:00
Ceremony Field,70.0,1.0,success,False,2026-08-23T13:08:42.186526+09:00
Ceremony File,,,failed,False,2026-08-19T20:44:10.013145+09:00
Ceremony Fine,,,failed,False,2026-08-23T02:57:13.068042+09:00
Ceremony Flag,5400.0,3.0,success,False,2026-08-21T00:33:37.107629+09:00
Ceremony Flow,20.0,2.0,success,False,2026-08-19T13:32:09.131651+09:00
Ceremony Forge,,,failed,False,2026-08-19T13:33:22.206561+09:00
Ceremony Form,,,failed,False,2026-08-19T13:30:42.478470+09:00
Ceremony Format,10.0,0.0,success,False,2026-08-23T13:08:46.542285+09:00
Ceremony Frame,20.0,23.0,success,False,2026-08-19T13:35:50.277889+09:00
Ceremony Fund,,,failed,False,2026-08-21T02:27:57.187073+09:00
Ceremony Gate,,,failed,False,2026-08-19T13:41:43.922175+09:00
Ceremony Generator,10.0,14.0,success,False,2026-08-27T23:36:04.672816+09:00
Ceremony Giveaway,,,failed,False,2026-08-27T21:18:16.007823+09:00
Ceremony Grade,,,failed,False,2026-08-21T00:33:17.387160+09:00
Ceremony Grid,,,failed,False,2026-08-19T13:34:25.531210+09:00
Ceremony Helpdesk,,,failed,False,2026-08-27T22:50:00.330096+09:00
Ceremony Helper,,,failed,False,2026-08-28T00:26:47.602211+09:00
Ceremony History,,,failed,False,2026-08-19T20:44:00.282785+09:00
Ceremony Hotline,,,failed,False,2026-08-19T21:16:19.911294+09:00
Ceremony Hub,,,failed,False,2026-08-19T13:32:18.631834+09:00
Ceremony Identifier,,,failed,False,2026-08-23T13:08:34.053815+09:00
Ceremony Inbox,,,failed,False,2026-08-19T13:28:12.912105+09:00
Ceremony Incentive,,,failed,False,2026-08-27T21:18:13.822548+09:00
Ceremony Index,,,failed,False,2026-08-19T21:15:25.328836+09:00
Ceremony Installment,,,failed,False,2026-08-23T16:15:57.304809+09:00
Ceremony Item,,,failed,False,2026-08-21T01:57:02.115497+09:00
Ceremony Journal,,,failed,False,2026-08-19T13:23:46.954730+09:00
Ceremony Kit,90.0,13.0,success,False,2026-08-27T22:49:57.314209+09:00
Ceremony Lab,,,failed,False,2026-08-19T13:37:53.958127+09:00
Ceremony Ledger,,,failed,False,2026-08-19T13:37:00.513744+09:00
Ceremony Level,,,failed,False,2026-08-19T20:44:16.708983+09:00
Ceremony Line,10.0,0.0,success,False,2026-08-19T13:29:35.607135+09:00
Ceremony Link,,,failed,False,2026-08-23T03:22:01.031781+09:00
Ceremony List,30.0,18.0,success,False,2026-08-19T21:58:45.118789+09:00
Ceremony Loan,,,failed,False,2026-08-21T02:12:39.261551+09:00
Ceremony Log,,,failed,False,2026-08-19T13:30:35.292295+09:00
Ceremony Loop,10.0,,success,False,2026-08-19T13:34:20.014616+09:00
Ceremony Manager,,,failed,False,2026-08-19T13:42:30.376897+09:00
Ceremony Manual,,,failed,False,2026-08-27T22:13:39.158515+09:00
Ceremony Map,,,failed,False,2026-08-19T13:35:44.896452+09:00
Ceremony Markup,,,failed,False,2026-08-23T16:39:43.377708+09:00
Ceremony Memo,,,failed,False,2026-08-21T00:33:25.139045+09:00
Ceremony Message,10.0,0.0,success,False,2026-08-27T23:15:18.585578+09:00
Ceremony Monitor,,,failed,False,2026-08-19T13:22:04.691766+09:00
Ceremony Nexus,,,failed,False,2026-08-19T13:41:55.083304+09:00
Ceremony Note,,,failed,False,2026-08-19T13:31:38.491721+09:00
Ceremony Notification,,,failed,False,2026-08-27T22:49:54.897946+09:00
Ceremony Number,10.0,1.0,success,False,2026-08-23T03:21:54.482997+09:00
Ceremony Office,110.0,0.0,success,False,2026-08-19T13:25:08.614186+09:00
Ceremony Ops,,,failed,False,2026-08-19T13:23:16.958274+09:00
Ceremony Order,590.0,83.0,success,False,2026-08-19T21:58:08.143234+09:00
Ceremony Outline,70.0,77.0,success,False,2026-08-27T22:29:16.006701+09:00
Ceremony Overage,,,failed,False,2026-08-27T21:49:18.001663+09:00
Ceremony Overdraft,,,failed,False,2026-08-23T15:52:35.720858+09:00
Ceremony Overdue,,,failed,False,2026-08-27T21:49:13.443578+09:00
Ceremony Panel,,,failed,False,2026-08-19T13:39:49.486851+09:00
Ceremony Pass,,,failed,False,2026-08-21T00:32:47.883810+09:00
Ceremony Path,,,failed,False,2026-08-19T13:35:17.832639+09:00
Ceremony Payoff,,,failed,False,2026-08-27T21:49:15.770523+09:00
Ceremony Penalty,,,failed,False,2026-08-23T16:39:43.377708+09:00
Ceremony Petition,,,failed,False,2026-08-21T01:05:53.776527+09:00
Ceremony Plan,140.0,12.0,success,False,2026-08-21T01:57:08.672731+09:00
Ceremony Planner,140.0,12.0,success,False,2026-08-19T13:21:40.944519+09:00
Ceremony Point,170.0,1.0,success,False,2026-08-19T13:35:27.432298+09:00
Ceremony Portal,20.0,2.0,success,False,2026-08-19T13:39:22.411617+09:00
Ceremony Preview,,,failed,False,2026-08-28T01:08:04.607830+09:00
Ceremony Profit,,,failed,False,2026-08-23T02:57:04.274468+09:00
Ceremony Proposal,,,failed,False,2026-08-28T01:08:04.607830+09:00
Ceremony Queue,,,failed,False,2026-08-19T21:15:46.366866+09:00
Ceremony Quota,,,failed,False,2026-08-21T00:33:32.477901+09:00
Ceremony Radar,,,failed,False,2026-08-19T13:32:37.235735+09:00
Ceremony Rail,,,failed,False,2026-08-19T13:40:29.386715+09:00
Ceremony Rate,,,failed,False,2026-08-19T20:44:26.671038+09:00
Ceremony Recap,,,failed,False,2026-08-21T01:06:07.369655+09:00
Ceremony Receipt,,,failed,False,2026-08-19T21:58:27.685601+09:00
Ceremony Recorder,,,failed,False,2026-08-27T23:36:10.117910+09:00
Ceremony Register,,,failed,False,2026-08-19T13:23:05.373596+09:00
Ceremony Registry,,,failed,False,2026-08-19T13:24:07.507599+09:00
Ceremony Relay,10.0,,success,False,2026-08-19T13:32:45.255500+09:00
Ceremony Reminder,,,failed,False,2026-08-19T21:15:00.223476+09:00
Ceremony Report,,,failed,False,2026-08-19T13:30:10.449633+09:00
Ceremony Repository,,,failed,False,2026-08-27T23:15:30.690091+09:00
Ceremony Roll,,,failed,False,2026-08-19T13:29:58.473439+09:00
Ceremony Route,,,failed,False,2026-08-19T13:40:14.970348+09:00
Ceremony Rule,,,failed,False,2026-08-23T03:22:06.290002+09:00
Ceremony Sale,,,failed,False,2026-08-21T02:28:08.522679+09:00
Ceremony Sample,20.0,31.0,success,False,2026-08-19T21:59:26.927876+09:00
Ceremony Scheduler,,,failed,False,2026-08-19T13:21:52.267675+09:00
Ceremony Scope,,,failed,False,2026-08-19T13:34:06.788909+09:00
Ceremony Score,,,failed,False,2026-08-19T13:31:09.832283+09:00
Ceremony Sheet,,,failed,False,2026-08-19T13:30:57.828554+09:00
Ceremony Shortfall,,,failed,False,2026-08-27T21:49:22.679951+09:00
Ceremony Signal,,,failed,False,2026-08-19T13:33:54.731377+09:00
Ceremony Slip,,,failed,False,2026-08-19T21:59:12.539055+09:00
Ceremony Slot,,,failed,False,2026-08-19T21:59:35.883958+09:00
Ceremony Stage,140.0,46.0,success,False,2026-08-28T00:48:21.370495+09:00
Ceremony Stake,,,failed,False,2026-08-23T02:57:10.108047+09:00
Ceremony Statement,,,failed,False,2026-08-21T00:33:05.849456+09:00
Ceremony Station,,,failed,False,2026-08-19T13:38:13.390546+09:00
Ceremony Status,10.0,0.0,success,False,2026-08-19T20:43:48.362624+09:00
Ceremony Stub,,,failed,False,2026-08-21T00:33:01.322590+09:00
Ceremony Studio,590.0,0.0,success,False,2026-08-19T13:37:46.745101+09:00
Ceremony Sum,,,failed,False,2026-08-21T02:27:51.067603+09:00
Ceremony Summary,260.0,0.0,success,False,2026-08-19T21:14:36.641890+09:00
Ceremony Tab,260.0,0.0,success,False,2026-08-21T00:33:43.074758+09:00
Ceremony Table,170.0,32.0,success,False,2026-08-19T21:58:56.766000+09:00
Ceremony Tally,,,failed,False,2026-08-21T00:33:10.095062+09:00
Ceremony Tariff,,,failed,False,2026-08-21T02:43:16.744782+09:00
Ceremony Tax,,,failed,False,2026-08-21T02:12:35.738319+09:00
Ceremony Ticker,,,failed,False,2026-08-19T13:29:19.231161+09:00
Ceremony Ticket,70.0,21.0,success,False,2026-08-19T21:15:37.050210+09:00
Ceremony Tier,,,failed,False,2026-08-28T00:48:23.790188+09:00
Ceremony Timeline,210.0,95.0,success,False,2026-08-19T21:14:46.806152+09:00
Ceremony Timer,,,failed,False,2026-08-28T00:26:42.212784+09:00
Ceremony Toll,,,failed,False,2026-08-21T02:43:07.410836+09:00
Ceremony Toolbox,,,failed,False,2026-08-28T00:26:44.575613+09:00
Ceremony Total,,,failed,False,2026-08-27T23:15:25.030230+09:00
Ceremony Tracker,,,failed,False,2026-08-19T13:32:02.705004+09:00
Ceremony Trail,,,failed,False,2026-08-19T13:40:53.899440+09:00
Ceremony Trend,10.0,0.0,success,False,2026-08-28T01:08:02.108620+09:00
Ceremony Trial,,,failed,False,2026-08-27T21:18:10.943632+09:00
Ceremony Unit,,,failed,False,2026-08-21T01:57:03.804845+09:00
Ceremony Update,,,failed,False,2026-08-19T20:44:32.627645+09:00
Ceremony Value,,,failed,False,2026-08-23T02:57:06.282457+09:00
Ceremony Version,40.0,10.0,success,False,2026-08-23T03:21:56.707046+09:00
Ceremony View,,,failed,False,2026-08-19T20:43:53.666341+09:00
Ceremony Watch,,,failed,False,2026-08-19T13:34:00.979457+09:00
Ceremony Wave,,,failed,False,2026-08-19T13:35:12.097075+09:00
Ceremony Widget,,,failed,False,2026-08-27T23:15:28.257448+09:00
Ceremony Window,,,failed,False,2026-08-19T13:29:49.322759+09:00
Ceremony Worksheet,,,failed,False,2026-08-27T22:13:43.125947+09:00
Ceremony Zone,,,failed,False,2026-08-19T13:39:01.193066+09:00
Certificate Advisory,,,failed,False,2026-08-21T01:03:15.171952+09:00
Certificate Alert,70.0,1.0,success,False,2026-08-21T00:07:10.102459+09:00
Certificate Allowance,50.0,0.0,success,False,2026-08-21T02:42:20.398693+09:00
Certificate Analyzer,140.0,9.0,success,False,2026-08-27T23:52:35.044281+09:00
Certificate Announcement,10.0,0.0,success,False,2026-08-27T23:32:06.818889+09:00
Certificate Asset,,,failed,False,2026-08-23T13:46:24.718234+09:00
Certificate Assistant,320.0,3.0,success,False,2026-08-21T00:05:49.318712+09:00
Certificate Atlas,,,failed,False,2026-08-21T00:05:32.052210+09:00
Certificate Attribute,,,failed,False,2026-08-23T13:10:14.601516+09:00
Certificate Badge,1000.0,4.0,success,False,2026-08-21T00:26:39.162393+09:00
Certificate Base,70.0,0.0,success,False,2026-08-21T00:11:07.276592+09:00
Certificate Bay,,,failed,False,2026-08-21T00:06:48.646021+09:00
Certificate Beacon,,,failed,False,2026-08-21T00:10:20.448306+09:00
Certificate Bill,20.0,0.0,success,False,2026-08-21T00:09:23.484193+09:00
Certificate Board,5400.0,2.0,success,False,2026-08-21T00:11:18.069642+09:00
Certificate Book,720.0,79.0,success,False,2026-08-21T00:09:42.716549+09:00
Certificate Booth,,,failed,False,2026-08-21T00:06:39.076451+09:00
Certificate Bridge,,,failed,False,2026-08-21T00:10:31.102119+09:00
Certificate Brief,,,failed,False,2026-08-21T01:02:18.161248+09:00
Certificate Bulletin,,,failed,False,2026-08-21T01:02:15.382494+09:00
Certificate Cabinet,40.0,6.0,success,False,2026-08-27T23:09:59.459850+09:00
Certificate Calendar,,,failed,False,2026-08-21T00:06:19.535864+09:00
Certificate Card,720.0,52.0,success,False,2026-08-21T00:07:55.712848+09:00
Certificate Cascade,,,failed,False,2026-08-21T00:10:27.698876+09:00
Certificate Cash,,,failed,False,2026-08-21T02:25:28.596275+09:00
Certificate Cashback,,,failed,False,2026-08-27T21:17:53.742550+09:00
Certificate Category,50.0,0.0,success,False,2026-08-23T13:10:14.601516+09:00
Certificate Center,210.0,2.0,success,False,2026-08-21T00:11:41.126262+09:00
Certificate Chain,1600.0,3.0,success,False,2026-08-21T00:05:21.567045+09:00
Certificate Charge,70.0,1.0,success,False,2026-08-21T02:42:11.511377+09:00
Certificate Chart,70.0,2.0,success,False,2026-08-21T00:07:13.344965+09:00
Certificate Check,6600.0,5.0,success,False,2026-08-21T00:08:06.282154+09:00
Certificate Checker,6600.0,5.0,success,False,2026-08-27T23:52:26.282518+09:00
Certificate Circular,,,failed,False,2026-08-21T01:03:10.607434+09:00
Certificate Code,1600.0,30.0,success,False,2026-08-21T00:09:30.468859+09:00
Certificate Comparison,140.0,7.0,success,False,2026-08-28T01:04:25.098394+09:00
Certificate Confirmation,1300.0,14.0,success,False,2026-08-21T01:03:23.160959+09:00
Certificate Console,20.0,6.0,success,False,2026-08-21T00:11:51.224044+09:00
Certificate Converter,480.0,1.0,success,False,2026-08-27T23:32:20.228429+09:00
Certificate Core,,,failed,False,2026-08-21T00:11:12.755377+09:00
Certificate Cost,1300.0,34.0,success,False,2026-08-21T02:08:15.230542+09:00
Certificate Count,,,failed,False,2026-08-27T22:51:29.683445+09:00
Certificate Counter,,,failed,False,2026-08-21T00:06:35.659041+09:00
Certificate Coupon,50.0,4.0,success,False,2026-08-27T21:17:51.217476+09:00
Certificate Deal,,,failed,False,2026-08-21T01:50:51.985309+09:00
Certificate Debt,,,failed,False,2026-08-21T02:25:19.750628+09:00
Certificate Deck,,,failed,False,2026-08-21T00:11:21.339663+09:00
Certificate Desk,,,failed,False,2026-08-21T00:10:06.230079+09:00
Certificate Detail,390.0,2.0,success,False,2026-08-23T03:23:31.641874+09:00
Certificate Detector,,,failed,False,2026-08-27T23:52:32.506891+09:00
Certificate Directory,20.0,3.0,success,False,2026-08-21T00:06:22.845965+09:00
Certificate Discount,50.0,13.0,success,False,2026-08-23T16:14:37.846068+09:00
Certificate Dossier,,,failed,False,2026-08-21T01:03:27.651766+09:00
Certificate Downpayment,,,failed,False,2026-08-27T21:49:13.443578+09:00
Certificate Draft,70.0,14.0,success,False,2026-08-21T00:08:53.382830+09:00
Certificate Due,,,failed,False,2026-08-23T15:51:39.388284+09:00
Certificate Duty,,,failed,False,2026-08-21T02:42:14.230561+09:00
Certificate Engine,,,failed,False,2026-08-21T00:05:45.974525+09:00
Certificate Entry,,,failed,False,2026-08-21T01:03:43.052088+09:00
Certificate Estimate,,,failed,False,2026-08-21T00:09:15.337380+09:00
Certificate Estimator,,,failed,False,2026-08-27T23:52:22.402919+09:00
Certificate Excerpt,,,failed,False,2026-08-21T01:03:38.520377+09:00
Certificate Extension,170.0,1.0,success,False,2026-08-23T16:39:16.961219+09:00
Certificate Fare,,,failed,False,2026-08-21T02:08:23.223151+09:00
Certificate Fee,590.0,2.0,success,False,2026-08-21T01:50:16.047866+09:00
Certificate Feed,10.0,0.0,success,False,2026-08-21T00:08:50.298724+09:00
Certificate File,3600.0,79.0,success,False,2026-08-21T00:08:35.535549+09:00
Certificate Fine,,,failed,False,2026-08-23T02:57:19.456946+09:00
Certificate Flag,30.0,12.0,success,False,2026-08-21T00:27:32.429911+09:00
Certificate Flow,,,failed,False,2026-08-21T00:10:01.982446+09:00
Certificate Forge,,,failed,False,2026-08-21T00:10:23.316441+09:00
Certificate Form,1600.0,6.0,success,False,2026-08-21T00:07:51.744677+09:00
Certificate Frame,18100.0,100.0,success,False,2026-08-21T00:11:04.008018+09:00
Certificate Fund,720.0,30.0,success,False,2026-08-21T02:25:24.803683+09:00
Certificate Gate,,,failed,False,2026-08-21T00:05:26.838977+09:00
Certificate Generator,2900.0,8.0,success,False,2026-08-27T23:32:20.228429+09:00
Certificate Giveaway,,,failed,False,2026-08-27T21:17:59.409089+09:00
Certificate Grade,,,failed,False,2026-08-21T00:27:06.966469+09:00
Certificate Graph,,,failed,False,2026-08-27T22:13:27.898794+09:00
Certificate Grid,,,failed,False,2026-08-21T00:10:48.719546+09:00
Certificate Guarantee,30.0,1.0,success,False,2026-08-28T01:04:31.429165+09:00
Certificate Guardian,,,failed,False,2026-08-28T00:23:00.112605+09:00
Certificate Helpdesk,,,failed,False,2026-08-27T22:51:33.320373+09:00
Certificate Helper,10.0,7.0,success,False,2026-08-28T00:23:05.201958+09:00
Certificate History,170.0,6.0,success,False,2026-08-21T00:08:32.112101+09:00
Certificate Hub,110.0,2.0,success,False,2026-08-21T00:10:04.105660+09:00
Certificate Identifier,880.0,1.0,success,False,2026-08-23T13:10:10.835682+09:00
Certificate Inbox,,,failed,False,2026-08-21T00:07:07.636475+09:00
Certificate Incentive,50.0,0.0,success,False,2026-08-27T21:17:56.289470+09:00
Certificate Index,90.0,5.0,success,False,2026-08-21T00:09:06.463923+09:00
Certificate Installment,,,failed,False,2026-08-23T16:14:37.846068+09:00
Certificate Interest,3600.0,0.0,success,True,2026-08-23T13:46:21.678760+09:00
Certificate Item,,,failed,False,2026-08-21T01:50:23.005803+09:00
Certificate Journal,590.0,5.0,success,False,2026-08-21T00:06:15.045348+09:00
Certificate Keeper,30.0,100.0,success,False,2026-08-21T00:05:39.660885+09:00
Certificate Kit,210.0,89.0,success,False,2026-08-27T22:51:25.477545+09:00
Certificate Lab,140.0,8.0,success,False,2026-08-21T00:11:27.452285+09:00
Certificate Label,260.0,16.0,success,False,2026-08-27T22:13:27.898794+09:00
Certificate Layout,1300.0,31.0,success,False,2026-08-27T22:29:26.032496+09:00
Certificate Ledger,,,failed,False,2026-08-21T00:11:15.329507+09:00
Certificate Level,480.0,2.0,success,False,2026-08-21T00:08:39.923175+09:00
Certificate Levy,,,failed,False,2026-08-23T13:46:27.908972+09:00
Certificate Line,210.0,2.0,success,False,2026-08-21T00:07:33.633888+09:00
Certificate Link,260.0,2.0,success,False,2026-08-23T03:23:25.330676+09:00
Certificate List,880.0,2.0,success,False,2026-08-21T00:09:33.821521+09:00
Certificate Loan,590.0,11.0,success,False,2026-08-21T02:08:37.852191+09:00
Certificate Lobby,,,failed,False,2026-08-21T00:07:23.788027+09:00
Certificate Locator,,,failed,False,2026-08-21T00:06:26.162440+09:00
Certificate Locker,20.0,3.0,success,False,2026-08-21T00:06:35.659041+09:00
Certificate Log,70.0,1.0,success,False,2026-08-21T00:07:47.780593+09:00
Certificate Loop,30.0,,success,False,2026-08-21T00:10:46.000113+09:00
Certificate Manager,9900.0,9.0,success,False,2026-08-21T00:05:42.702163+09:00
Certificate Manual,110.0,1.0,success,False,2026-08-27T22:13:31.267961+09:00
Certificate Map,90.0,0.0,success,False,2026-08-21T00:11:01.156571+09:00
Certificate Marker,40.0,9.0,success,False,2026-08-23T13:26:52.809343+09:00
Certificate Memo,,,failed,False,2026-08-21T00:27:15.534212+09:00
Certificate Message,90.0,0.0,success,False,2026-08-27T23:09:53.622041+09:00
Certificate Monitor,140.0,21.0,success,False,2026-08-21T00:05:58.957091+09:00
Certificate Nexus,,,failed,False,2026-08-21T00:05:29.824761+09:00
Certificate Note,110.0,2.0,success,False,2026-08-21T00:08:12.228304+09:00
Certificate Notification,10.0,0.0,success,False,2026-08-27T22:51:22.989955+09:00
Certificate Number,6600.0,0.0,success,True,2026-08-23T03:23:22.521378+09:00
Certificate Office,590.0,5.0,success,False,2026-08-21T00:06:31.070365+09:00
Certificate Ops,,,failed,False,2026-08-21T00:06:08.424463+09:00
Certificate Order,390.0,34.0,success,False,2026-08-21T00:09:19.692750+09:00
Certificate Outpost,,,failed,False,2026-08-21T00:06:55.425363+09:00
Certificate Overage,,,failed,False,2026-08-27T21:49:08.437850+09:00
Certificate Overdue,,,failed,False,2026-08-27T21:49:04.119579+09:00
Certificate Panel,,,failed,False,2026-08-21T00:11:53.848385+09:00
Certificate Passport,1300.0,8.0,success,False,2026-08-21T00:07:19.615144+09:00
Certificate Path,480.0,2.0,success,False,2026-08-21T00:10:55.494824+09:00
Certificate Payoff,,,failed,False,2026-08-27T21:49:06.270483+09:00
Certificate Penalty,,,failed,False,2026-08-23T16:39:10.446274+09:00
Certificate Petition,,,failed,False,2026-08-21T01:03:18.814008+09:00
Certificate Plan,90.0,1.0,success,False,2026-08-21T01:50:37.837516+09:00
Certificate Planner,90.0,1.0,success,False,2026-08-21T00:05:53.181576+09:00
Certificate Playbook,,,failed,False,2026-08-21T00:06:10.990572+09:00
Certificate Plaza,,,failed,False,2026-08-21T00:06:57.541230+09:00
Certificate Point,,,failed,False,2026-08-21T00:10:58.171885+09:00
Certificate Portal,2400.0,0.0,success,True,2026-08-21T00:11:47.014910+09:00
Certificate Post,1300.0,1.0,success,False,2026-08-21T00:06:52.239933+09:00
Certificate Preview,30.0,0.0,success,False,2026-08-28T01:04:28.102899+09:00
Certificate Profile,210.0,1.0,success,False,2026-08-21T00:08:19.938205+09:00
Certificate Profit,,,failed,False,2026-08-23T02:57:13.068042+09:00
Certificate Proposal,,,failed,False,2026-08-28T01:04:28.102899+09:00
Certificate Quota,,,failed,False,2026-08-21T00:27:24.500136+09:00
Certificate Radar,,,failed,False,2026-08-21T00:10:10.668873+09:00
Certificate Rail,,,failed,False,2026-08-19T22:41:50.846543+09:00
Certificate Rate,590.0,44.0,success,False,2026-08-21T00:08:43.301972+09:00
Certificate Recap,,,failed,False,2026-08-21T01:03:33.238339+09:00
Certificate Receipt,50.0,0.0,success,False,2026-08-21T00:09:26.936437+09:00
Certificate Recorder,,,failed,False,2026-08-27T23:32:26.212741+09:00
Certificate Redemption,480.0,0.0,success,False,2026-08-23T16:39:16.961219+09:00
Certificate Register,14800.0,0.0,success,True,2026-08-21T00:06:05.500178+09:00
Certificate Relay,,,failed,False,2026-08-21T00:10:12.835483+09:00
Certificate Reminder,,,failed,False,2026-08-21T00:09:02.871951+09:00
Certificate Report,170.0,0.0,success,False,2026-08-21T00:07:44.849905+09:00
Certificate Repository,50.0,2.0,success,False,2026-08-27T23:09:59.459850+09:00
Certificate Ring,390.0,18.0,success,False,2026-08-21T00:05:23.895920+09:00
Certificate Roll,110.0,17.0,success,False,2026-08-21T00:07:41.757493+09:00
Certificate Roster,,,failed,False,2026-08-21T00:07:07.636475+09:00
Certificate Route,,,failed,False,2026-08-21T00:12:04.000178+09:00
Certificate Rule,30.0,0.0,success,False,2026-08-23T03:23:29.114948+09:00
Certificate Sale,1300.0,18.0,success,False,2026-08-21T02:25:31.969034+09:00
Certificate Sample,6600.0,26.0,success,False,2026-08-21T00:09:53.180945+09:00
Certificate Scale,,,failed,False,2026-08-21T00:11:58.658369+09:00
Certificate Scanner,880.0,17.0,success,False,2026-08-27T23:52:30.197940+09:00
Certificate Scope,,,failed,False,2026-08-21T00:10:39.439345+09:00
Certificate Score,90.0,0.0,success,False,2026-08-21T00:08:09.199254+09:00
Certificate Sheet,320.0,83.0,success,False,2026-08-21T00:08:03.129328+09:00
Certificate Shortfall,,,failed,False,2026-08-27T21:49:15.770523+09:00
Certificate Signal,,,failed,False,2026-08-21T00:10:34.597077+09:00
Certificate Signature,480.0,8.0,success,False,2026-08-23T13:26:52.809343+09:00
Certificate Slip,,,failed,False,2026-08-21T00:09:46.713564+09:00
Certificate Slot,,,failed,False,2026-08-21T00:09:56.547234+09:00
Certificate Stage,,,failed,False,2026-08-28T00:46:54.511345+09:00
Certificate Stake,,,failed,False,2026-08-23T02:57:15.173266+09:00
Certificate Stamp,1000.0,43.0,success,False,2026-08-23T13:26:55.054155+09:00
Certificate Statement,260.0,0.0,success,False,2026-08-21T00:26:49.726902+09:00
Certificate Station,10.0,0.0,success,False,2026-08-21T00:11:31.112963+09:00
Certificate Status,4400.0,0.0,success,True,2026-08-21T00:08:26.557259+09:00
Certificate Studio,,,failed,False,2026-08-21T00:11:23.626216+09:00
Certificate Subsidy,,,failed,False,2026-08-23T15:51:42.166674+09:00
Certificate Sum,,,failed,False,2026-08-21T02:25:13.538662+09:00
Certificate Summary,,,failed,False,2026-08-21T00:08:56.538180+09:00
Certificate Tab,210.0,0.0,success,False,2026-08-21T00:27:39.908231+09:00
Certificate Table,30.0,9.0,success,False,2026-08-21T00:09:38.850867+09:00
Certificate Tag,480.0,16.0,success,False,2026-08-21T00:08:16.662845+09:00
Certificate Tally,30.0,5.0,success,False,2026-08-21T00:26:55.838634+09:00
Certificate Tariff,,,failed,False,2026-08-21T02:42:25.352468+09:00
Certificate Tax,9900.0,3.0,success,False,2026-08-21T02:08:33.058112+09:00
Certificate Terminal,,,failed,False,2026-08-21T00:11:37.455869+09:00
Certificate Ticker,,,failed,False,2026-08-21T00:07:26.703840+09:00
Certificate Ticket,50.0,0.0,success,False,2026-08-21T00:09:09.007645+09:00
Certificate Timeline,,,failed,False,2026-08-21T00:09:00.299581+09:00
Certificate Timer,,,failed,False,2026-08-28T00:22:57.445324+09:00
Certificate Token,70.0,8.0,success,False,2026-08-23T13:26:49.261296+09:00
Certificate Toll,,,failed,False,2026-08-21T02:42:16.992307+09:00
Certificate Toolbox,,,failed,False,2026-08-28T00:23:02.722044+09:00
Certificate Tower,,,failed,False,2026-08-21T00:07:02.641295+09:00
Certificate Tracker,1000.0,3.0,success,False,2026-08-21T00:09:59.655575+09:00
Certificate Trail,,,failed,False,2026-08-19T23:13:53.160538+09:00
Certificate Trend,10.0,0.0,success,False,2026-08-28T01:04:22.068071+09:00
Certificate Trial,590.0,0.0,success,False,2026-08-27T21:17:53.742550+09:00
Certificate Unit,90.0,0.0,success,False,2026-08-21T01:50:49.145007+09:00
Certificate Update,480.0,3.0,success,False,2026-08-21T00:08:45.670716+09:00
Certificate Vault,210.0,9.0,success,False,2026-08-21T00:10:14.810334+09:00
Certificate Version,20.0,1.0,success,False,2026-08-23T03:23:22.521378+09:00
Certificate View,1900.0,2.0,success,False,2026-08-21T00:08:29.674648+09:00
Certificate Wallet,110.0,98.0,success,False,2026-08-27T22:51:25.477545+09:00
Certificate Watch,50.0,1.0,success,False,2026-08-21T00:10:37.172281+09:00
Certificate Wave,,,failed,False,2026-08-21T00:10:51.522547+09:00
Certificate Widget,,,failed,False,2026-08-27T23:09:56.910517+09:00
Certificate Window,260.0,1.0,success,False,2026-08-21T00:07:38.957051+09:00
Certificate Worksheet,,,failed,False,2026-08-27T22:13:33.756180+09:00
Certificate Yard,,,failed,False,2026-08-21T00:06:45.845117+09:00
Certificate Zone,,,failed,False,2026-08-21T00:11:44.764762+09:00
Certification Advance,10.0,,success,False,2026-08-23T16:11:49.502531+09:00
Certification Advisory,,,failed,False,2026-08-21T00:58:47.378244+09:00
Certification Allowance,,,failed,False,2026-08-21T02:41:38.667611+09:00
Certification Almanac,,,failed,False,2026-08-18T22:06:20.125556+09:00
Certification Analyzer,,,failed,False,2026-08-27T23:56:20.084184+09:00
Certification Anchor,,,failed,False,2026-08-17T23:33:40.972373+09:00
Certification Announcement,20.0,0.0,success,False,2026-08-27T23:34:34.248381+09:00
Certification Arrears,,,failed,False,2026-08-23T16:11:46.377478+09:00
Certification Assistant,320.0,3.0,success,False,2026-08-17T23:30:01.630713+09:00
Certification Atlas,,,failed,False,2026-08-17T23:29:09.953642+09:00
Certification Attribute,,,failed,False,2026-08-23T13:04:54.297618+09:00
Certification Badge,1600.0,9.0,success,False,2026-08-21T00:27:22.208885+09:00
Certification Base,,,failed,False,2026-08-17T23:25:51.814430+09:00
Certification Beacon,,,failed,False,2026-08-17T23:33:11.202195+09:00
Certification Bill,,,failed,False,2026-08-19T21:56:50.628145+09:00
Certification Blueprint,320.0,19.0,success,False,2026-08-18T22:06:12.435541+09:00
Certification Board,5400.0,2.0,success,False,2026-08-17T23:10:28.342550+09:00
Certification Book,70.0,0.0,success,False,2026-08-19T21:57:44.656511+09:00
Certification Bridge,,,failed,False,2026-08-17T23:09:09.172246+09:00
Certification Brief,,,failed,False,2026-08-21T00:58:38.777262+09:00
Certification Bulletin,,,failed,False,2026-08-21T00:58:34.367334+09:00
Certification Cabinet,,,failed,False,2026-08-27T23:13:03.121922+09:00
Certification Calendar,10.0,18.0,success,False,2026-08-19T00:00:38.616891+09:00
Certification Card,390.0,8.0,success,False,2026-08-19T13:32:07.571238+09:00
Certification Cascade,,,failed,False,2026-08-17T23:33:22.514665+09:00
Certification Cash,,,failed,False,2026-08-21T02:25:19.750628+09:00
Certification Cashback,,,failed,False,2026-08-27T21:14:38.915931+09:00
Certification Catalog,10.0,0.0,success,False,2026-08-19T21:10:46.722805+09:00
Certification Category,20.0,0.0,success,False,2026-08-23T13:04:48.308189+09:00
Certification Center,720.0,4.0,success,False,2026-08-17T23:06:41.076830+09:00
Certification Chain,1600.0,3.0,success,False,2026-08-17T23:11:44.690517+09:00
Certification Charge,,,failed,False,2026-08-21T02:41:28.147668+09:00
Certification Check,14800.0,1.0,success,False,2026-08-19T13:32:23.096151+09:00
Certification Checker,14800.0,1.0,success,False,2026-08-27T23:56:11.954519+09:00
Certification Checklist,110.0,1.0,success,False,2026-08-19T21:09:48.311531+09:00
Certification Circular,,,failed,False,2026-08-21T01:00:03.837469+09:00
Certification Cockpit,,,failed,False,2026-08-17T23:13:01.440927+09:00
Certification Code,3600.0,57.0,success,False,2026-08-19T21:57:11.207151+09:00
Certification Codex,,,failed,False,2026-08-18T22:06:39.446315+09:00
Certification Companion,,,failed,False,2026-08-17T23:31:23.198788+09:00
Certification Comparison,140.0,7.0,success,False,2026-08-28T01:07:01.226912+09:00
Certification Compass,,,failed,False,2026-08-17T23:07:26.971457+09:00
Certification Compendium,,,failed,False,2026-08-18T22:06:29.857370+09:00
Certification Confirmation,20.0,2.0,success,False,2026-08-21T00:58:57.845239+09:00
Certification Console,,,failed,False,2026-08-17T23:27:19.198277+09:00
Certification Core,590.0,12.0,success,False,2026-08-17T23:15:32.901211+09:00
Certification Cost,210.0,2.0,success,False,2026-08-21T02:08:56.102085+09:00
Certification Count,,,failed,False,2026-08-27T22:47:42.136854+09:00
Certification Counter,,,failed,False,2026-08-18T23:57:56.092399+09:00
Certification Coupon,,,failed,False,2026-08-27T21:14:36.415267+09:00
Certification Dashboard,480.0,1.0,success,False,2026-08-17T23:31:10.385394+09:00
Certification Deal,,,failed,False,2026-08-21T01:52:06.168283+09:00
Certification Debt,,,failed,False,2026-08-21T02:25:09.393326+09:00
Certification Deck,,,failed,False,2026-08-17T23:26:20.273293+09:00
Certification Depot,,,failed,False,2026-08-18T23:57:37.423450+09:00
Certification Desk,,,failed,False,2026-08-17T23:05:34.845009+09:00
Certification Detail,,,failed,False,2026-08-23T03:21:56.707046+09:00
Certification Detector,,,failed,False,2026-08-27T23:56:16.956086+09:00
Certification Dial,,,failed,False,2026-08-17T23:27:32.625137+09:00
Certification Digest,,,failed,False,2026-08-19T20:43:04.288794+09:00
Certification Directory,40.0,0.0,success,False,2026-08-18T23:57:02.622913+09:00
Certification Discount,50.0,13.0,success,False,2026-08-23T16:11:44.096297+09:00
Certification Dock,,,failed,False,2026-08-17T23:28:01.386512+09:00
Certification Dossier,,,failed,False,2026-08-21T00:59:01.913298+09:00
Certification Draft,70.0,14.0,success,False,2026-08-19T20:43:19.095275+09:00
Certification Due,,,failed,False,2026-08-23T15:50:16.987712+09:00
Certification Duty,,,failed,False,2026-08-21T02:41:32.223715+09:00
Certification Engine,,,failed,False,2026-08-17T23:09:50.041087+09:00
Certification Entry,,,failed,False,2026-08-21T00:59:15.258286+09:00
Certification Estimate,,,failed,False,2026-08-19T21:10:34.981799+09:00
Certification Estimator,,,failed,False,2026-08-27T23:56:05.344982+09:00
Certification Excerpt,,,failed,False,2026-08-21T00:59:10.591896+09:00
Certification Extension,170.0,1.0,success,False,2026-08-23T16:37:40.797403+09:00
Certification Fare,,,failed,False,2026-08-21T02:09:05.168889+09:00
Certification Fee,590.0,2.0,success,False,2026-08-21T01:51:47.599222+09:00
Certification Feed,,,failed,False,2026-08-19T20:43:13.193243+09:00
Certification Field,,,failed,False,2026-08-23T13:04:57.008398+09:00
Certification File,3600.0,79.0,success,False,2026-08-19T20:42:32.517249+09:00
Certification Finder,210.0,6.0,success,False,2026-08-18T23:57:26.188855+09:00
Certification Fine,,,failed,False,2026-08-23T02:56:26.483203+09:00
Certification Flag,,,failed,False,2026-08-21T00:28:15.750952+09:00
Certification Flow,,,failed,False,2026-08-17T23:32:18.106895+09:00
Certification Forge,,,failed,False,2026-08-17T23:14:22.352504+09:00
Certification Form,1600.0,6.0,success,False,2026-08-19T13:31:59.823844+09:00
Certification Format,590.0,5.0,success,False,2026-08-23T13:05:00.300804+09:00
Certification Frame,260.0,82.0,success,False,2026-08-17T23:08:46.290392+09:00
Certification Fund,390.0,1.0,success,False,2026-08-21T02:25:13.538662+09:00
Certification Gate,,,failed,False,2026-08-17T23:28:52.290735+09:00
Certification Generator,390.0,34.0,success,False,2026-08-27T23:34:39.372847+09:00
Certification Giveaway,,,failed,False,2026-08-27T21:14:49.306471+09:00
Certification Grade,,,failed,False,2026-08-21T00:27:51.416222+09:00
Certification Graph,,,failed,False,2026-08-27T22:08:54.322972+09:00
Certification Grid,,,failed,False,2026-08-17T23:05:11.266926+09:00
Certification Guarantee,,,failed,False,2026-08-28T01:07:11.009484+09:00
Certification Guard,,,failed,False,2026-08-17T23:09:32.191803+09:00
Certification Guardian,,,failed,False,2026-08-28T00:25:34.855882+09:00
Certification Guidebook,,,failed,False,2026-08-18T22:05:53.928204+09:00
Certification Helpdesk,,,failed,False,2026-08-27T22:47:42.136854+09:00
Certification Helper,,,failed,False,2026-08-28T00:25:39.840423+09:00
Certification History,40.0,2.0,success,False,2026-08-19T20:42:25.910879+09:00
Certification Hotline,,,failed,False,2026-08-19T21:11:00.361566+09:00
Certification Hub,390.0,9.0,success,False,2026-08-17T23:11:05.439479+09:00
Certification Identifier,,,failed,False,2026-08-23T13:04:48.308189+09:00
Certification Incentive,,,failed,False,2026-08-27T21:14:49.306471+09:00
Certification Index,10.0,0.0,success,False,2026-08-19T21:10:05.581791+09:00
Certification Insight,90.0,16.0,success,False,2026-08-17T23:05:59.212452+09:00
Certification Installment,,,failed,False,2026-08-23T16:11:44.096297+09:00
Certification Item,,,failed,False,2026-08-21T01:51:52.747806+09:00
Certification Journal,,,failed,False,2026-08-18T22:05:35.647018+09:00
Certification Keeper,,,failed,False,2026-08-17T23:29:29.429883+09:00
Certification Kit,210.0,89.0,success,False,2026-08-27T22:47:31.900265+09:00
Certification Lab,4400.0,8.0,success,False,2026-08-17T23:26:34.514876+09:00
Certification Label,260.0,16.0,success,False,2026-08-27T22:09:01.274163+09:00
Certification Ledger,,,failed,False,2026-08-17T23:26:06.305227+09:00
Certification Lens,,,failed,False,2026-08-17T23:25:33.384672+09:00
Certification Level,320.0,1.0,success,False,2026-08-19T20:42:37.692999+09:00
Certification Levy,,,failed,False,2026-08-23T13:46:12.042463+09:00
Certification Link,90.0,8.0,success,False,2026-08-23T03:21:47.880193+09:00
Certification List,480.0,4.0,success,False,2026-08-19T21:57:22.115019+09:00
Certification Loan,110.0,25.0,success,False,2026-08-21T02:09:12.482274+09:00
Certification Locator,,,failed,False,2026-08-18T23:57:15.984121+09:00
Certification Lock,,,failed,False,2026-08-17T23:24:58.944526+09:00
Certification Log,10.0,0.0,success,False,2026-08-19T13:31:47.223941+09:00
Certification Loop,,,failed,False,2026-08-17T23:23:57.574570+09:00
Certification Manager,2400.0,41.0,success,False,2026-08-17T23:14:57.452489+09:00
Certification Manual,10.0,0.0,success,False,2026-08-27T22:09:05.119901+09:00
Certification Map,110.0,2.0,success,False,2026-08-17T23:14:01.287138+09:00
Certification Margin,,,failed,False,2026-08-23T02:56:24.253545+09:00
Certification Marker,,,failed,False,2026-08-23T13:26:49.261296+09:00
Certification Memo,10.0,0.0,success,False,2026-08-21T00:27:57.987466+09:00
Certification Message,,,failed,False,2026-08-27T23:12:56.649660+09:00
Certification Meter,50.0,0.0,success,False,2026-08-17T23:15:16.385703+09:00
Certification Metrics,,,failed,False,2026-08-17T23:30:45.182553+09:00
Certification Monitor,,,failed,False,2026-08-17T23:30:30.158673+09:00
Certification Navigator,,,failed,False,2026-08-17T23:07:47.336176+09:00
Certification Nexus,,,failed,False,2026-08-17T23:13:22.671425+09:00
Certification Node,,,failed,False,2026-08-17T23:06:20.939022+09:00
Certification Note,50.0,1.0,success,False,2026-08-19T13:21:15.307510+09:00
Certification Notification,,,failed,False,2026-08-27T22:47:31.900265+09:00
Certification Number,720.0,0.0,success,False,2026-08-23T03:21:36.606838+09:00
Certification Office,590.0,5.0,success,False,2026-08-18T23:57:46.664132+09:00
Certification Ops,,,failed,False,2026-08-17T23:31:42.326204+09:00
Certification Order,50.0,0.0,success,False,2026-08-19T21:56:37.173014+09:00
Certification Organizer,,,failed,False,2026-08-17T23:11:23.614440+09:00
Certification Overdraft,,,failed,False,2026-08-23T15:50:19.459391+09:00
Certification Overdue,,,failed,False,2026-08-27T21:46:30.971214+09:00
Certification Panel,,,failed,False,2026-08-17T23:08:25.865498+09:00
Certification Pass,480.0,4.0,success,False,2026-08-21T00:27:03.794080+09:00
Certification Passport,1300.0,8.0,success,False,2026-08-19T12:22:47.160144+09:00
Certification Path,480.0,2.0,success,False,2026-08-17T23:24:36.078713+09:00
Certification Penalty,,,failed,False,2026-08-23T16:37:37.262949+09:00
Certification Petition,40.0,0.0,success,False,2026-08-21T00:58:52.318728+09:00
Certification Pilot,,,failed,False,2026-08-17T23:32:34.743858+09:00
Certification Plan,90.0,1.0,success,False,2026-08-21T01:51:56.272630+09:00
Certification Planner,480.0,11.0,success,False,2026-08-17T23:04:09.987003+09:00
Certification Playbook,,,failed,False,2026-08-18T22:05:27.658262+09:00
Certification Point,,,failed,False,2026-08-17T23:07:02.817989+09:00
Certification Portal,2400.0,0.0,success,True,2026-08-17T23:13:41.173741+09:00
Certification Preview,,,failed,False,2026-08-28T01:07:05.829192+09:00
Certification Profile,210.0,1.0,success,False,2026-08-19T13:22:01.413587+09:00
Certification Profit,,,failed,False,2026-08-23T02:56:12.259379+09:00
Certification Proposal,,,failed,False,2026-08-28T01:07:08.336538+09:00
Certification Pulse,,,failed,False,2026-08-17T23:24:15.710246+09:00
Certification Queue,,,failed,False,2026-08-19T21:10:27.505284+09:00
Certification Quota,,,failed,False,2026-08-21T00:28:09.542795+09:00
Certification Radar,,,failed,False,2026-08-17T23:32:47.059992+09:00
Certification Rail,,,failed,False,2026-08-17T23:04:25.350258+09:00
Certification Rate,,,failed,False,2026-08-19T20:42:46.732728+09:00
Certification Recap,,,failed,False,2026-08-21T01:00:08.450743+09:00
Certification Receipt,,,failed,False,2026-08-19T21:56:59.723896+09:00
Certification Recorder,,,failed,False,2026-08-27T23:34:39.372847+09:00
Certification Register,210.0,4.0,success,False,2026-08-17T23:14:41.375835+09:00
Certification Registry,210.0,4.0,success,False,2026-08-18T22:06:03.591349+09:00
Certification Relay,,,failed,False,2026-08-17T23:12:41.358995+09:00
Certification Reminder,,,failed,False,2026-08-19T21:09:36.551386+09:00
Certification Report,90.0,1.0,success,False,2026-08-19T13:31:41.202916+09:00
Certification Repository,,,failed,False,2026-08-27T23:13:06.155067+09:00
Certification Result,,,failed,False,2026-08-28T00:47:59.038217+09:00
Certification Roadmap,480.0,2.0,success,False,2026-08-18T22:06:47.457116+09:00
Certification Roster,,,failed,False,2026-08-19T00:37:34.373704+09:00
Certification Route,,,failed,False,2026-08-17T23:10:06.483021+09:00
Certification Rule,30.0,0.0,success,False,2026-08-23T03:21:52.337489+09:00
Certification Sale,,,failed,False,2026-08-21T02:25:28.596275+09:00
Certification Sample,6600.0,26.0,success,False,2026-08-19T21:58:05.672882+09:00
Certification Scale,1300.0,52.0,success,False,2026-08-17T23:27:47.140187+09:00
Certification Scanner,,,failed,False,2026-08-27T23:56:11.954519+09:00
Certification Scheduler,,,failed,False,2026-08-17T23:30:16.319777+09:00
Certification Scope,40.0,5.0,success,False,2026-08-17T23:10:45.795183+09:00
Certification Score,90.0,0.0,success,False,2026-08-19T13:20:57.045829+09:00
Certification Sentry,,,failed,False,2026-08-17T23:08:06.421601+09:00
Certification Sheet,320.0,83.0,success,False,2026-08-19T13:32:13.743565+09:00
Certification Signal,,,failed,False,2026-08-17T22:51:27.768654+09:00
Certification Signature,880.0,14.0,success,False,2026-08-23T13:26:49.261296+09:00
Certification Slip,,,failed,False,2026-08-19T21:57:53.749303+09:00
Certification Slot,,,failed,False,2026-08-19T21:58:14.220154+09:00
Certification Snapshot,,,failed,False,2026-08-18T22:05:45.987777+09:00
Certification Stage,,,failed,False,2026-08-28T00:47:59.038217+09:00
Certification Stake,,,failed,False,2026-08-23T02:56:21.131414+09:00
Certification Stamp,2900.0,86.0,success,False,2026-08-23T13:26:52.809343+09:00
Certification Statement,260.0,0.0,success,False,2026-08-21T00:27:37.591897+09:00
Certification Station,20.0,6.0,success,False,2026-08-17T23:12:02.312580+09:00
Certification Status,4400.0,0.0,success,True,2026-08-19T20:42:14.870990+09:00
Certification Stipend,,,failed,False,2026-08-23T13:46:16.255562+09:00
Certification Stub,,,failed,False,2026-08-21T00:27:30.325740+09:00
Certification Studio,,,failed,False,2026-08-17T23:04:48.646277+09:00
Certification Subsidy,,,failed,False,2026-08-23T15:50:21.646134+09:00
Certification Suite,,,failed,False,2026-08-17T23:29:43.400125+09:00
Certification Sum,,,failed,False,2026-08-21T02:25:06.190150+09:00
Certification Summary,20.0,0.0,success,False,2026-08-19T21:09:10.178555+09:00
Certification Sync,,,failed,False,2026-08-17T23:03:51.188489+09:00
Certification Tab,,,failed,False,2026-08-21T00:28:20.735517+09:00
Certification Table,20.0,0.0,success,False,2026-08-19T21:57:31.477256+09:00
Certification Tag,110.0,13.0,success,False,2026-08-19T13:21:49.505722+09:00
Certification Tally,,,failed,False,2026-08-21T00:27:45.495734+09:00
Certification Tariff,,,failed,False,2026-08-21T02:41:45.973513+09:00
Certification Tax,1000.0,25.0,success,False,2026-08-21T02:09:08.901398+09:00
Certification Terminal,10.0,0.0,success,False,2026-08-17T23:26:46.063928+09:00
Certification Ticket,,,failed,False,2026-08-19T21:10:16.662476+09:00
Certification Tier,90.0,3.0,success,False,2026-08-28T00:48:02.582128+09:00
Certification Timeline,20.0,0.0,success,False,2026-08-19T21:09:25.998389+09:00
Certification Timer,,,failed,False,2026-08-28T00:25:31.999960+09:00
Certification Token,,,failed,False,2026-08-23T13:26:46.141852+09:00
Certification Toll,,,failed,False,2026-08-21T02:41:35.267281+09:00
Certification Toolbox,,,failed,False,2026-08-28T00:25:39.840423+09:00
Certification Toolkit,,,failed,False,2026-08-18T22:05:19.741515+09:00
Certification Total,,,failed,False,2026-08-27T23:13:00.467969+09:00
Certification Tracker,1000.0,3.0,success,False,2026-08-17T23:32:02.596672+09:00
Certification Trail,,,failed,False,2026-08-17T23:28:13.719643+09:00
Certification Trend,,,failed,False,2026-08-28T01:06:58.788190+09:00
Certification Trial,,,failed,False,2026-08-27T21:14:45.418872+09:00
Certification Unit,90.0,0.0,success,False,2026-08-21T01:51:57.784692+09:00
Certification Update,480.0,3.0,success,False,2026-08-19T20:42:55.526386+09:00
Certification Value,210.0,2.0,success,False,2026-08-23T02:56:14.910502+09:00
Certification Vault,,,failed,False,2026-08-17T23:32:58.780092+09:00
Certification Version,,,failed,False,2026-08-23T03:21:42.958973+09:00
Certification View,,,failed,False,2026-08-19T20:42:19.980728+09:00
Certification Voucher,170.0,9.0,success,False,2026-08-21T00:27:12.597515+09:00
Certification Watch,,,failed,False,2026-08-17T23:23:39.258674+09:00
Certification Wave,,,failed,False,2026-08-17T23:12:20.668668+09:00
Certification Widget,,,failed,False,2026-08-27T23:13:00.467969+09:00
Certification Workbench,,,failed,False,2026-08-18T22:05:10.153828+09:00
Certification Worksheet,,,failed,False,2026-08-27T22:09:05.119901+09:00
Certification Workshop,880.0,5.0,success,False,2026-08-28T00:25:34.855882+09:00
Certification Zone,20.0,0.0,success,False,2026-08-17T23:27:03.515384+09:00
Change Advance,,,failed,False,2026-08-23T16:15:20.225326+09:00
Change Advisory,3600.0,3.0,success,False,2026-08-21T00:59:17.321844+09:00
Change Allowance,,,failed,False,2026-08-21T02:39:46.933675+09:00
Change Almanac,,,failed,False,2026-08-18T22:06:16.619003+09:00
Change Analyzer,,,failed,False,2026-08-27T23:58:23.732862+09:00
Change Anchor,20.0,0.0,success,False,2026-08-17T20:38:59.956902+09:00
Change Announcement,40.0,9.0,success,False,2026-08-27T23:36:17.600549+09:00
Change Arrears,,,failed,False,2026-08-23T16:15:17.461758+09:00
Change Assistant,110.0,0.0,success,False,2026-08-17T23:12:30.403803+09:00
Change Atlas,,,failed,False,2026-08-17T21:39:37.908878+09:00
Change Attribute,6600.0,1.0,success,False,2026-08-23T13:07:14.038929+09:00
Change Badge,20.0,0.0,success,False,2026-08-21T00:36:48.316365+09:00
Change Balance,110.0,0.0,success,False,2026-08-23T13:47:18.876098+09:00
Change Base,480.0,0.0,success,False,2026-08-17T21:35:24.685319+09:00
Change Beacon,,,failed,False,2026-08-17T20:42:13.997557+09:00
Change Bill,170.0,2.0,success,False,2026-08-19T22:03:36.532480+09:00
Change Blueprint,30.0,1.0,success,False,2026-08-18T22:06:07.690995+09:00
Change Board,880.0,45.0,success,False,2026-08-17T21:32:17.170130+09:00
Change Book,1600.0,16.0,success,False,2026-08-19T22:04:26.155627+09:00
Change Bridge,170.0,1.0,success,False,2026-08-17T20:39:54.147287+09:00
Change Brief,320.0,0.0,success,False,2026-08-21T00:59:08.363801+09:00
Change Bulletin,,,failed,False,2026-08-21T00:59:03.951352+09:00
Change Calculator,18100.0,0.0,success,True,2026-08-27T23:36:17.600549+09:00
Change Calendar,720.0,8.0,success,False,2026-08-19T00:00:18.530849+09:00
Change Card,1600.0,2.0,success,False,2026-08-19T13:29:07.755274+09:00
Change Cascade,,,failed,False,2026-08-17T20:40:44.017242+09:00
Change Cash,9900.0,2.0,success,False,2026-08-21T02:23:59.841123+09:00
Change Category,390.0,0.0,success,False,2026-08-23T13:07:10.531607+09:00
Change Center,2400.0,2.0,success,False,2026-08-17T20:44:24.451216+09:00
Change Chain,590.0,7.0,success,False,2026-08-17T20:33:51.962760+09:00
Change Charge,170.0,18.0,success,False,2026-08-21T02:39:34.519072+09:00
Change Check,4400.0,30.0,success,False,2026-08-19T13:29:43.800182+09:00
Change Checker,4400.0,30.0,success,False,2026-08-27T23:58:14.186756+09:00
Change Checklist,30.0,2.0,success,False,2026-08-19T21:19:17.312411+09:00
Change Circular,,,failed,False,2026-08-21T01:00:11.022856+09:00
Change Cockpit,40.0,1.0,success,False,2026-08-17T23:33:31.331574+09:00
Change Code,1000.0,0.0,success,True,2026-08-19T22:03:56.439657+09:00
Change Codex,,,failed,False,2026-08-18T22:06:35.395449+09:00
Change Companion,20.0,3.0,success,False,2026-08-17T23:10:38.410164+09:00
Change Comparison,210.0,1.0,success,False,2026-08-28T01:08:32.525331+09:00
Change Compass,110.0,11.0,success,False,2026-08-17T20:43:09.097865+09:00
Change Compendium,,,failed,False,2026-08-18T22:06:25.984558+09:00
Change Confirmation,,,failed,False,2026-08-21T00:59:32.095317+09:00
Change Console,70.0,0.0,success,False,2026-08-17T20:41:54.470071+09:00
Change Contribution,10.0,0.0,success,False,2026-08-23T16:15:12.953510+09:00
Change Core,90.0,0.0,success,False,2026-08-17T21:34:24.214520+09:00
Change Cost,170.0,0.0,success,False,2026-08-21T02:08:23.223151+09:00
Change Count,5400.0,99.0,success,False,2026-08-27T22:49:54.897946+09:00
Change Counter,5400.0,99.0,success,False,2026-08-19T00:01:10.174789+09:00
Change Dashboard,110.0,0.0,success,False,2026-08-17T22:48:05.376281+09:00
Change Deal,20.0,5.0,success,False,2026-08-21T01:52:04.897893+09:00
Change Debt,20.0,40.0,success,False,2026-08-21T02:23:51.443965+09:00
Change Deck,170.0,3.0,success,False,2026-08-17T21:31:05.600589+09:00
Change Depot,20.0,2.0,success,False,2026-08-19T00:00:54.845309+09:00
Change Desk,260.0,37.0,success,False,2026-08-17T20:46:56.962156+09:00
Change Detail,390.0,0.0,success,False,2026-08-23T03:19:12.816359+09:00
Change Detector,1900.0,11.0,success,False,2026-08-27T23:58:18.988715+09:00
Change Dial,20.0,1.0,success,False,2026-08-17T20:40:20.065990+09:00
Change Digest,,,failed,False,2026-08-19T20:45:37.673361+09:00
Change Directory,1300.0,0.0,success,True,2026-08-19T00:00:28.920086+09:00
Change Discount,20.0,6.0,success,False,2026-08-23T16:15:09.158473+09:00
Change Dock,30.0,0.0,success,False,2026-08-17T20:36:40.845127+09:00
Change Dossier,,,failed,False,2026-08-21T00:59:36.315785+09:00
Change Downpayment,,,failed,False,2026-08-27T21:48:49.180539+09:00
Change Draft,,,failed,False,2026-08-19T20:45:50.851524+09:00
Change Due,390.0,0.0,success,False,2026-08-23T15:52:10.396341+09:00
Change Duty,260.0,0.0,success,False,2026-08-21T02:39:41.486000+09:00
Change Engine,1600.0,10.0,success,False,2026-08-17T23:32:40.699548+09:00
Change Entry,10.0,0.0,success,False,2026-08-21T00:59:50.492128+09:00
Change Estimate,110.0,0.0,success,False,2026-08-19T21:20:05.379169+09:00
Change Estimator,,,failed,False,2026-08-27T23:58:08.716476+09:00
Change Excerpt,,,failed,False,2026-08-21T01:01:55.292277+09:00
Change Fare,10.0,0.0,success,False,2026-08-21T02:08:33.058112+09:00
Change Fee,880.0,0.0,success,False,2026-08-21T01:51:52.747806+09:00
Change Feed,140.0,0.0,success,False,2026-08-19T20:45:45.249853+09:00
Change File,2900.0,15.0,success,False,2026-08-19T20:45:10.019254+09:00
Change Finder,140.0,1.0,success,False,2026-08-19T00:00:44.927785+09:00
Change Fine,10.0,0.0,success,False,2026-08-23T02:54:43.780312+09:00
Change Flag,720.0,0.0,success,False,2026-08-21T00:25:15.691482+09:00
Change Flow,260.0,3.0,success,False,2026-08-17T21:31:41.054400+09:00
Change Forge,,,failed,False,2026-08-17T20:41:24.809383+09:00
Change Form,2400.0,2.0,success,False,2026-08-19T13:28:58.111204+09:00
Change Format,2400.0,2.0,success,False,2026-08-23T13:07:17.768470+09:00
Change Frame,210.0,49.0,success,False,2026-08-17T21:36:30.682605+09:00
Change Fund,260.0,0.0,success,False,2026-08-21T02:23:55.522760+09:00
Change Gate,210.0,11.0,success,False,2026-08-18T07:52:46.019796+09:00
Change Generator,50.0,8.0,success,False,2026-08-27T23:36:23.122509+09:00
Change Grade,,,failed,False,2026-08-21T00:24:57.111152+09:00
Change Graph,260.0,0.0,success,False,2026-08-27T22:13:01.149795+09:00
Change Grid,90.0,0.0,success,False,2026-08-17T20:34:19.305897+09:00
Change Guard,27100.0,6.0,success,False,2026-08-17T21:34:55.256705+09:00
Change Guardian,40.0,1.0,success,False,2026-08-28T00:27:00.787784+09:00
Change Guidebook,,,failed,False,2026-08-18T22:05:50.321080+09:00
Change Helper,20.0,4.0,success,False,2026-08-28T00:27:03.530965+09:00
Change History,880.0,8.0,success,False,2026-08-19T20:45:04.260812+09:00
Change Hub,1600.0,1.0,success,False,2026-08-17T21:30:30.781560+09:00
Change Identifier,20.0,0.0,success,False,2026-08-23T13:07:10.531607+09:00
Change Index,50.0,0.0,success,False,2026-08-19T21:19:27.756536+09:00
Change Insight,30.0,0.0,success,False,2026-08-17T23:33:17.146702+09:00
Change Installment,,,failed,False,2026-08-23T16:15:09.158473+09:00
Change Item,320.0,0.0,success,False,2026-08-21T01:51:54.787871+09:00
Change Journal,720.0,35.0,success,False,2026-08-18T22:05:32.001911+09:00
Change Keeper,9900.0,0.0,success,True,2026-08-17T21:36:57.018160+09:00
Change Lab,1300.0,1.0,success,False,2026-08-17T20:47:33.914967+09:00
Change Label,260.0,70.0,success,False,2026-08-27T22:13:04.123105+09:00
Change Ledger,,,failed,False,2026-08-17T21:33:20.961288+09:00
Change Lens,320.0,30.0,success,False,2026-08-17T21:37:36.095439+09:00
Change Level,480.0,2.0,success,False,2026-08-19T20:45:14.737555+09:00
Change Levy,,,failed,False,2026-08-23T13:47:23.462533+09:00
Change Link,1600.0,11.0,success,False,2026-08-23T03:19:05.834960+09:00
Change List,480.0,0.0,success,False,2026-08-19T22:04:10.383393+09:00
Change Loan,20.0,34.0,success,False,2026-08-21T02:08:41.527197+09:00
Change Locator,,,failed,False,2026-08-19T00:00:34.964613+09:00
Change Lock,8100.0,39.0,success,False,2026-08-17T21:41:04.521769+09:00
Change Log,33100.0,1.0,success,False,2026-08-19T13:28:50.400701+09:00
Change Loop,50.0,1.0,success,False,2026-08-17T20:35:12.658616+09:00
Change Manager,3600.0,18.0,success,False,2026-08-17T21:35:58.459168+09:00
Change Map,880.0,2.0,success,False,2026-08-17T21:38:40.825363+09:00
Change Margin,140.0,0.0,success,False,2026-08-23T02:54:41.831535+09:00
Change Markup,,,failed,False,2026-08-23T16:39:25.527330+09:00
Change Memo,20.0,0.0,success,False,2026-08-21T00:25:02.156940+09:00
Change Message,590.0,0.0,success,False,2026-08-27T23:15:25.030230+09:00
Change Meter,140.0,2.0,success,False,2026-08-17T20:39:23.919432+09:00
Change Metrics,90.0,0.0,success,False,2026-08-17T23:08:58.203851+09:00
Change Monitor,260.0,3.0,success,False,2026-08-17T23:14:10.961193+09:00
Change Navigator,170.0,0.0,success,False,2026-08-17T23:23:29.892589+09:00
Change Nexus,10.0,0.0,success,False,2026-08-17T21:41:36.452024+09:00
Change Node,50.0,0.0,success,False,2026-08-17T20:31:36.969919+09:00
Change Note,480.0,0.0,success,False,2026-08-19T13:30:02.018673+09:00
Change Notification,390.0,0.0,success,False,2026-08-27T22:49:51.876514+09:00
Change Number,18100.0,1.0,success,False,2026-08-23T03:18:56.291245+09:00
Change Office,18100.0,3.0,success,False,2026-08-19T00:00:59.808882+09:00
Change Ops,,,failed,False,2026-08-17T23:04:59.397693+09:00
Change Order,6600.0,7.0,success,False,2026-08-19T22:03:26.204468+09:00
Change Organizer,260.0,63.0,success,False,2026-08-17T23:33:04.806706+09:00
Change Outline,20.0,0.0,success,False,2026-08-27T22:29:13.251110+09:00
Change Overage,,,failed,False,2026-08-27T21:48:46.666341+09:00
Change Overdraft,10.0,0.0,success,False,2026-08-23T15:52:13.445418+09:00
Change Overdue,10.0,0.0,success,False,2026-08-27T21:48:40.249889+09:00
Change Panel,480.0,59.0,success,False,2026-08-17T20:41:06.345123+09:00
Change Pass,135000.0,1.0,success,False,2026-08-21T00:36:40.261906+09:00
Change Path,720.0,2.0,success,False,2026-08-18T07:52:06.675931+09:00
Change Payoff,,,failed,False,2026-08-27T21:48:42.861590+09:00
Change Penalty,,,failed,False,2026-08-23T16:39:23.209795+09:00
Change Petition,1600.0,21.0,success,False,2026-08-21T00:59:28.178022+09:00
Change Pilot,70.0,0.0,success,False,2026-08-17T20:48:15.314618+09:00
Change Plan,2400.0,2.0,success,False,2026-08-21T01:52:03.394231+09:00
Change Planner,20.0,6.0,success,False,2026-08-17T23:32:54.129749+09:00
Change Playbook,50.0,2.0,success,False,2026-08-18T22:05:23.943754+09:00
Change Point,3600.0,1.0,success,False,2026-08-18T07:52:17.361320+09:00
Change Portal,260.0,0.0,success,False,2026-08-17T20:42:41.908187+09:00
Change Preview,10.0,0.0,success,False,2026-08-28T01:08:32.525331+09:00
Change Profile,880.0,0.0,success,False,2026-08-19T13:30:39.417389+09:00
Change Proposal,210.0,1.0,success,False,2026-08-28T01:08:32.525331+09:00
Change Pulse,,,failed,False,2026-08-17T20:33:23.313632+09:00
Change Queue,20.0,0.0,success,False,2026-08-19T21:19:52.858825+09:00
Change Quota,10.0,0.0,success,False,2026-08-21T00:25:10.675439+09:00
Change Radar,50.0,0.0,success,False,2026-08-17T20:45:51.407426+09:00
Change Rail,20.0,0.0,success,False,2026-08-17T20:35:44.075031+09:00
Change Rate,1600.0,5.0,success,False,2026-08-19T20:45:25.764339+09:00
Change Recap,,,failed,False,2026-08-21T00:59:40.549783+09:00
Change Receipt,50.0,8.0,success,False,2026-08-19T22:03:44.565114+09:00
Change Recorder,10.0,0.0,success,False,2026-08-27T23:36:23.122509+09:00
Change Register,1300.0,1.0,success,False,2026-08-17T23:23:48.557902+09:00
Change Registry,1300.0,1.0,success,False,2026-08-18T22:05:59.558657+09:00
Change Relay,30.0,13.0,success,False,2026-08-17T20:44:51.445524+09:00
Change Reminder,90.0,0.0,success,False,2026-08-19T21:19:06.268561+09:00
Change Report,590.0,0.0,success,False,2026-08-19T13:28:41.334086+09:00
Change Repository,70.0,0.0,success,False,2026-08-27T23:15:30.690091+09:00
Change Result,170.0,3.0,success,False,2026-08-28T00:48:41.501339+09:00
Change Roadmap,170.0,5.0,success,False,2026-08-18T22:06:43.515975+09:00
Change Roster,480.0,0.0,success,False,2026-08-19T00:38:40.592975+09:00
Change Route,320.0,0.0,success,False,2026-08-17T20:37:38.706086+09:00
Change Rule,1000.0,0.0,success,True,2026-08-23T03:19:08.908804+09:00
Change Sale,110.0,67.0,success,False,2026-08-21T02:24:04.256033+09:00
Change Scale,260.0,1.0,success,False,2026-08-17T20:38:32.473394+09:00
Change Scanner,70.0,0.0,success,False,2026-08-27T23:58:18.988715+09:00
Change Scheduler,10.0,0.0,success,False,2026-08-17T23:07:13.674847+09:00
Change Scope,90.0,1.0,success,False,2026-08-17T20:36:11.237181+09:00
Change Score,140.0,0.0,success,False,2026-08-19T13:29:52.884526+09:00
Change Sentry,,,failed,False,2026-08-17T21:38:08.965654+09:00
Change Sheet,1000.0,62.0,success,False,2026-08-19T13:29:22.570342+09:00
Change Shortfall,,,failed,False,2026-08-27T21:48:52.496958+09:00
Change Signal,70.0,0.0,success,False,2026-08-17T20:38:06.157627+09:00
Change Signature,1600.0,0.0,success,True,2026-08-23T13:27:46.545552+09:00
Change Slip,90.0,28.0,success,False,2026-08-19T22:04:42.218437+09:00
Change Slot,260.0,1.0,success,False,2026-08-19T22:05:04.840486+09:00
Change Snapshot,,,failed,False,2026-08-18T22:05:42.226060+09:00
Change Stage,40500.0,3.0,success,False,2026-08-28T00:48:41.501339+09:00
Change Statement,1000.0,1.0,success,False,2026-08-21T00:24:39.947545+09:00
Change Station,4400.0,99.0,success,False,2026-08-17T20:46:20.020027+09:00
Change Status,2400.0,1.0,success,False,2026-08-19T20:44:44.192245+09:00
Change Stub,,,failed,False,2026-08-21T00:36:50.529911+09:00
Change Studio,1300.0,4.0,success,False,2026-08-17T20:49:41.074252+09:00
Change Suite,,,failed,False,2026-08-17T23:05:24.872109+09:00
Change Sum,10.0,3.0,success,False,2026-08-21T02:23:45.182895+09:00
Change Summary,320.0,0.0,success,False,2026-08-19T21:18:38.634661+09:00
Change Sync,50.0,1.0,success,False,2026-08-17T21:32:53.372558+09:00
Change Tab,1900.0,0.0,success,True,2026-08-21T00:25:24.031302+09:00
Change Table,74000.0,100.0,success,False,2026-08-19T22:04:17.404214+09:00
Change Tag,480.0,1.0,success,False,2026-08-19T13:30:13.142544+09:00
Change Tally,,,failed,False,2026-08-21T00:24:49.316489+09:00
Change Tariff,1000.0,5.0,success,False,2026-08-21T02:39:52.714819+09:00
Change Tax,2400.0,3.0,success,False,2026-08-21T02:08:37.852191+09:00
Change Ticket,880.0,3.0,success,False,2026-08-19T21:19:43.238592+09:00
Change Timeline,170.0,0.0,success,False,2026-08-19T21:18:51.088595+09:00
Change Timer,14800.0,1.0,success,False,2026-08-28T00:26:57.692425+09:00
Change Token,70.0,1.0,success,False,2026-08-23T13:27:46.545552+09:00
Change Toll,,,failed,False,2026-08-21T02:39:44.265069+09:00
Change Toolbox,10.0,1.0,success,False,2026-08-28T00:27:00.787784+09:00
Change Toolkit,30.0,28.0,success,False,2026-08-18T22:05:13.758359+09:00
Change Total,10.0,1.0,success,False,2026-08-27T23:15:28.257448+09:00
Change Tracker,1300.0,1.0,success,False,2026-08-17T21:33:48.082783+09:00
Change Trail,10.0,0.0,success,False,2026-08-17T20:34:43.926118+09:00
Change Trend,260.0,4.0,success,False,2026-08-28T01:08:29.646959+09:00
Change Unit,1900.0,100.0,success,False,2026-08-21T01:51:56.272630+09:00
Change Update,590.0,5.0,success,False,2026-08-19T20:45:32.308725+09:00
Change Value,1000.0,1.0,success,False,2026-08-23T02:54:38.259905+09:00
Change Vault,20.0,4.0,success,False,2026-08-17T20:44:04.848400+09:00
Change Version,320.0,0.0,success,False,2026-08-23T03:19:01.069685+09:00
Change View,480.0,0.0,success,False,2026-08-19T20:44:50.684915+09:00
Change Voucher,50.0,4.0,success,False,2026-08-21T00:36:42.590036+09:00
Change Watch,320.0,24.0,success,False,2026-08-17T20:37:11.919122+09:00
Change Wave,390.0,3.0,success,False,2026-08-17T20:32:10.469810+09:00
Change Widget,210.0,3.0,success,False,2026-08-27T23:15:28.257448+09:00
Change Workbench,,,failed,False,2026-08-18T22:05:06.428384+09:00
Change Worksheet,140.0,0.0,success,False,2026-08-27T22:13:09.872881+09:00
Change Workshop,70.0,29.0,success,False,2026-08-28T00:27:00.787784+09:00
Change Zone,390.0,1.0,success,False,2026-08-17T20:43:34.295212+09:00
Channel Advance,,,failed,False,2026-08-23T16:14:15.763731+09:00
Channel Advisory,210.0,26.0,success,False,2026-08-21T01:16:58.879155+09:00
Channel Alert,10.0,0.0,success,False,2026-08-21T01:23:50.887102+09:00
Channel Allowance,,,failed,False,2026-08-21T02:43:25.318568+09:00
Channel Analyzer,170.0,5.0,success,False,2026-08-27T23:59:32.969820+09:00
Channel Arrears,,,failed,False,2026-08-23T16:14:11.722628+09:00
Channel Assistant,260.0,3.0,success,False,2026-08-21T01:23:14.366280+09:00
Channel Atlas,30.0,0.0,success,False,2026-08-21T01:23:14.366280+09:00
Channel Badge,90.0,6.0,success,False,2026-08-21T01:16:11.158685+09:00
Channel Base,320.0,75.0,success,False,2026-08-21T01:19:18.289018+09:00
Channel Bay,90.0,1.0,success,False,2026-08-21T01:23:12.871826+09:00
Channel Beacon,20.0,0.0,success,False,2026-08-21T01:18:06.021081+09:00
Channel Bill,90.0,0.0,success,False,2026-08-21T01:15:16.012738+09:00
Channel Bin,70.0,1.0,success,False,2026-08-21T01:24:32.115813+09:00
Channel Board,320.0,7.0,success,False,2026-08-21T01:19:32.138069+09:00
Channel Booth,50.0,88.0,success,False,2026-08-21T01:22:57.277421+09:00
Channel Bridge,320.0,0.0,success,False,2026-08-21T01:18:21.129763+09:00
Channel Brief,,,failed,False,2026-08-21T01:16:49.260472+09:00
Channel Bulletin,,,failed,False,2026-08-21T01:16:44.690020+09:00
Channel Card,140.0,0.0,success,False,2026-08-21T01:24:51.973946+09:00
Channel Cascade,,,failed,False,2026-08-21T01:18:13.948377+09:00
Channel Cash,,,failed,False,2026-08-21T02:26:56.391999+09:00
Channel Center,880.0,2.0,success,False,2026-08-21T01:20:01.120246+09:00
Channel Chain,320.0,97.0,success,False,2026-08-21T01:20:48.632862+09:00
Channel Charge,50.0,0.0,success,False,2026-08-21T02:43:14.426169+09:00
Channel Chart,320.0,3.0,success,False,2026-08-21T01:24:32.115813+09:00
Channel Check,1600.0,1.0,success,False,2026-08-21T01:25:03.878404+09:00
Channel Checker,1600.0,1.0,success,False,2026-08-27T23:59:26.259431+09:00
Channel Circular,,,failed,False,2026-08-21T01:16:53.151150+09:00
Channel Code,1000.0,0.0,success,True,2026-08-21T01:15:30.378271+09:00
Channel Companion,10.0,0.0,success,False,2026-08-21T01:21:51.595086+09:00
Channel Comparison,110.0,0.0,success,False,2026-08-28T01:02:23.926913+09:00
Channel Compass,10.0,0.0,success,False,2026-08-21T01:17:59.788687+09:00
Channel Confirmation,,,failed,False,2026-08-21T01:17:10.053741+09:00
Channel Console,40.0,38.0,success,False,2026-08-21T01:20:20.986675+09:00
Channel Contribution,20.0,0.0,success,False,2026-08-23T16:14:08.408734+09:00
Channel Core,110.0,0.0,success,False,2026-08-21T01:19:25.139986+09:00
Channel Cost,110.0,3.0,success,False,2026-08-21T02:10:17.497387+09:00
Channel Count,90.0,0.0,success,False,2026-08-27T22:50:07.511114+09:00
Channel Counter,90.0,0.0,success,False,2026-08-21T01:22:46.544366+09:00
Channel Deal,50.0,9.0,success,False,2026-08-21T01:53:28.626980+09:00
Channel Debt,,,failed,False,2026-08-21T02:26:47.668193+09:00
Channel Deck,10.0,1.0,success,False,2026-08-21T01:19:38.159463+09:00
Channel Desk,20.0,11.0,success,False,2026-08-21T01:17:41.245351+09:00
Channel Detail,320.0,0.0,success,False,2026-08-23T03:24:09.830834+09:00
Channel Detector,20.0,0.0,success,False,2026-08-27T23:59:30.142774+09:00
Channel Diagram,110.0,0.0,success,False,2026-08-27T22:12:34.170808+09:00
Channel Directory,90.0,0.0,success,False,2026-08-21T01:22:27.198742+09:00
Channel Discount,70.0,61.0,success,False,2026-08-23T16:14:01.846183+09:00
Channel Downpayment,,,failed,False,2026-08-27T21:48:18.349819+09:00
Channel Draft,260.0,0.0,success,False,2026-08-21T01:26:12.180385+09:00
Channel Due,,,failed,False,2026-08-23T15:51:26.748439+09:00
Channel Duty,20.0,0.0,success,False,2026-08-21T02:43:16.744782+09:00
Channel Engine,1300.0,49.0,success,False,2026-08-21T01:21:27.496774+09:00
Channel Entry,30.0,0.0,success,False,2026-08-21T01:17:22.537676+09:00
Channel Estimate,10.0,0.0,success,False,2026-08-21T01:26:37.625507+09:00
Channel Fare,,,failed,False,2026-08-21T02:10:26.523271+09:00
Channel Fee,90.0,0.0,success,False,2026-08-21T01:53:10.453555+09:00
Channel Feed,90.0,0.0,success,False,2026-08-21T01:26:08.809687+09:00
Channel Field,10.0,7.0,success,False,2026-08-23T13:04:50.850524+09:00
Channel File,8100.0,56.0,success,False,2026-08-21T01:25:38.275036+09:00
Channel Finder,480.0,0.0,success,False,2026-08-21T01:35:15.414244+09:00
Channel Fine,20.0,5.0,success,False,2026-08-23T02:57:53.053705+09:00
Channel Flow,1000.0,2.0,success,False,2026-08-21T01:17:33.437690+09:00
Channel Forge,10.0,0.0,success,False,2026-08-21T01:18:10.686176+09:00
Channel Form,70.0,0.0,success,False,2026-08-21T01:24:45.500076+09:00
Channel Format,50.0,0.0,success,False,2026-08-23T13:04:54.297618+09:00
Channel Frame,480.0,13.0,success,False,2026-08-21T01:19:12.546892+09:00
Channel Fund,110.0,11.0,success,False,2026-08-21T02:26:53.610271+09:00
Channel Gate,4400.0,23.0,success,False,2026-08-21T01:21:00.134067+09:00
Channel Graph,210.0,2.0,success,False,2026-08-27T22:12:17.686005+09:00
Channel Grid,40.0,78.0,success,False,2026-08-21T01:18:44.582130+09:00
Channel Guarantee,,,failed,False,2026-08-28T01:02:31.716235+09:00
Channel Guardian,,,failed,False,2026-08-28T00:21:06.843571+09:00
Channel Helper,10.0,38.0,success,False,2026-08-28T00:21:09.151755+09:00
Channel History,480.0,0.0,success,False,2026-08-21T01:25:49.214024+09:00
Channel Hub,260.0,1.0,success,False,2026-08-21T01:17:38.451621+09:00
Channel Identifier,2400.0,0.0,success,True,2026-08-23T13:04:45.223955+09:00
Channel Inbox,,,failed,False,2026-08-21T01:23:52.904904+09:00
Channel Index,70.0,1.0,success,False,2026-08-21T01:26:28.233094+09:00
Channel Installment,,,failed,False,2026-08-23T16:14:05.017306+09:00
Channel Item,70.0,24.0,success,False,2026-08-21T01:53:14.865292+09:00
Channel Journal,40.0,1.0,success,False,2026-08-21T01:22:07.036293+09:00
Channel Keeper,320.0,2.0,success,False,2026-08-21T01:21:17.954324+09:00
Channel Lab,140.0,0.0,success,False,2026-08-21T01:19:47.370775+09:00
Channel Label,170.0,0.0,success,False,2026-08-27T22:12:21.251456+09:00
Channel Ledger,,,failed,False,2026-08-21T01:19:29.603335+09:00
Channel Level,210.0,0.0,success,False,2026-08-21T01:25:53.521014+09:00
Channel Line,320.0,5.0,success,False,2026-08-21T01:24:25.353806+09:00
Channel Link,1000.0,0.0,success,True,2026-08-23T03:24:01.511685+09:00
Channel List,3600.0,0.0,success,True,2026-08-21T01:15:35.859983+09:00
Channel Loan,90.0,6.0,success,False,2026-08-21T02:10:36.488938+09:00
Channel Lobby,,,failed,False,2026-08-21T01:24:32.115813+09:00
Channel Locator,20.0,0.0,success,False,2026-08-21T01:22:31.268942+09:00
Channel Locker,70.0,59.0,success,False,2026-08-21T01:22:51.659146+09:00
Channel Log,320.0,1.0,success,False,2026-08-21T01:24:49.055361+09:00
Channel Loop,20.0,0.0,success,False,2026-08-21T01:18:41.534623+09:00
Channel Manager,14800.0,56.0,success,False,2026-08-21T01:21:24.061904+09:00
Channel Manual,,,failed,False,2026-08-27T22:12:21.251456+09:00
Channel Map,590.0,0.0,success,False,2026-08-21T01:19:09.689487+09:00
Channel Margin,70.0,0.0,success,False,2026-08-23T02:57:50.579977+09:00
Channel Memo,,,failed,False,2026-08-21T01:16:28.829039+09:00
Channel Message,2400.0,2.0,success,False,2026-08-27T23:15:53.344715+09:00
Channel Monitor,90.0,0.0,success,False,2026-08-21T01:21:46.110216+09:00
Channel Nexus,10.0,2.0,success,False,2026-08-21T01:21:06.488842+09:00
Channel Note,40.0,22.0,success,False,2026-08-21T01:25:04.622255+09:00
Channel Notification,90.0,0.0,success,False,2026-08-27T22:50:00.330096+09:00
Channel Number,2400.0,0.0,success,True,2026-08-23T03:23:54.422715+09:00
Channel Office,260.0,0.0,success,False,2026-08-21T01:22:38.712146+09:00
Channel Ops,70.0,1.0,success,False,2026-08-21T01:21:58.894123+09:00
Channel Order,40.0,0.0,success,False,2026-08-21T01:26:44.593664+09:00
Channel Outline,70.0,0.0,success,False,2026-08-27T22:29:10.054268+09:00
Channel Outpost,,,failed,False,2026-08-21T01:23:24.077688+09:00
Channel Overage,,,failed,False,2026-08-27T21:48:16.120561+09:00
Channel Overdue,,,failed,False,2026-08-27T21:48:11.561191+09:00
Channel Panel,880.0,1.0,success,False,2026-08-21T01:20:23.926123+09:00
Channel Pass,70.0,0.0,success,False,2026-08-21T01:16:00.251742+09:00
Channel Passport,20.0,10.0,success,False,2026-08-21T01:24:32.115813+09:00
Channel Path,30.0,0.0,success,False,2026-08-21T01:18:56.365360+09:00
Channel Payoff,,,failed,False,2026-08-27T21:48:13.959890+09:00
Channel Petition,,,failed,False,2026-08-21T01:17:02.274965+09:00
Channel Plan,390.0,6.0,success,False,2026-08-21T01:53:25.014716+09:00
Channel Planner,390.0,6.0,success,False,2026-08-21T01:21:39.012967+09:00
Channel Playbook,10.0,21.0,success,False,2026-08-21T01:22:03.238360+09:00
Channel Plaza,110.0,3.0,success,False,2026-08-21T01:23:30.836605+09:00
Channel Point,1000.0,1.0,success,False,2026-08-21T01:19:03.432303+09:00
Channel Portal,1600.0,0.0,success,True,2026-08-21T01:20:11.987698+09:00
Channel Post,320.0,92.0,success,False,2026-08-21T01:23:16.966517+09:00
Channel Preview,880.0,0.0,success,False,2026-08-28T01:02:28.948807+09:00
Channel Profile,3600.0,93.0,success,False,2026-08-21T01:25:37.604117+09:00
Channel Profit,20.0,2.0,success,False,2026-08-23T02:57:43.117346+09:00
Channel Proposal,,,failed,False,2026-08-28T01:02:28.948807+09:00
Channel Quota,,,failed,False,2026-08-21T01:16:32.710448+09:00
Channel Radar,90.0,0.0,success,False,2026-08-21T01:17:46.814722+09:00
Channel Rail,320.0,94.0,success,False,2026-08-21T01:20:39.645097+09:00
Channel Rank,70.0,0.0,success,False,2026-08-28T00:45:52.715901+09:00
Channel Rate,110.0,22.0,success,False,2026-08-21T01:25:58.145790+09:00
Channel Recap,10.0,0.0,success,False,2026-08-21T01:17:17.039045+09:00
Channel Receipt,,,failed,False,2026-08-21T01:15:26.988997+09:00
Channel Recorder,30.0,61.0,success,False,2026-08-27T23:36:50.925534+09:00
Channel Register,70.0,0.0,success,False,2026-08-21T01:21:53.775872+09:00
Channel Relay,390.0,34.0,success,False,2026-08-21T01:17:52.131047+09:00
Channel Reminder,,,failed,False,2026-08-21T01:26:22.503532+09:00
Channel Report,260.0,0.0,success,False,2026-08-21T01:24:44.835275+09:00
Channel Repository,,,failed,False,2026-08-27T23:15:58.535794+09:00
Channel Ring,1900.0,100.0,success,False,2026-08-21T01:20:54.963946+09:00
Channel Roll,2400.0,5.0,success,False,2026-08-21T01:24:35.885777+09:00
Channel Roster,10.0,0.0,success,False,2026-08-21T01:23:40.772795+09:00
Channel Route,1300.0,0.0,success,True,2026-08-21T01:20:34.277114+09:00
Channel Rule,,,failed,False,2026-08-23T03:24:05.243173+09:00
Channel Sale,480.0,93.0,success,False,2026-08-21T02:27:02.067893+09:00
Channel Sample,390.0,14.0,success,False,2026-08-21T01:15:49.368632+09:00
Channel Scale,,,failed,False,2026-08-21T01:20:30.866856+09:00
Channel Scanner,720.0,1.0,success,False,2026-08-27T23:59:30.142774+09:00
Channel Scope,210.0,4.0,success,False,2026-08-21T01:18:37.282523+09:00
Channel Score,110.0,4.0,success,False,2026-08-21T01:25:07.930638+09:00
Channel Sheet,70.0,10.0,success,False,2026-08-21T01:25:01.384940+09:00
Channel Shelf,140.0,99.0,success,False,2026-08-21T01:23:45.473669+09:00
Channel Shortfall,,,failed,False,2026-08-27T21:48:20.717175+09:00
Channel Signal,70.0,0.0,success,False,2026-08-21T01:18:24.600947+09:00
Channel Slip,,,failed,False,2026-08-21T01:15:45.998953+09:00
Channel Slot,110.0,47.0,success,False,2026-08-21T01:15:55.134469+09:00
Channel Stake,,,failed,False,2026-08-23T02:57:47.800883+09:00
Channel Statement,10.0,0.0,success,False,2026-08-21T01:16:22.039842+09:00
Channel Station,260.0,0.0,success,False,2026-08-21T01:19:52.973842+09:00
Channel Status,1600.0,2.0,success,False,2026-08-21T01:25:40.979194+09:00
Channel Stub,,,failed,False,2026-08-21T01:16:17.029557+09:00
Channel Studio,590.0,1.0,success,False,2026-08-21T01:19:45.031880+09:00
Channel Subsidy,,,failed,False,2026-08-23T15:51:31.238085+09:00
Channel Sum,,,failed,False,2026-08-21T02:26:43.792522+09:00
Channel Summary,20.0,0.0,success,False,2026-08-21T01:26:13.869304+09:00
Channel Tab,110.0,0.0,success,False,2026-08-21T01:16:40.172400+09:00
Channel Table,320.0,53.0,success,False,2026-08-21T01:15:40.132892+09:00
Channel Tag,390.0,1.0,success,False,2026-08-21T01:25:14.873207+09:00
Channel Tariff,10.0,0.0,success,False,2026-08-21T02:43:28.304823+09:00
Channel Tax,10.0,6.0,success,False,2026-08-21T02:10:31.589901+09:00
Channel Terminal,50.0,0.0,success,False,2026-08-21T01:19:57.563871+09:00
Channel Ticker,10.0,0.0,success,False,2026-08-21T01:24:22.725454+09:00
Channel Ticket,40.0,33.0,success,False,2026-08-21T01:26:31.620928+09:00
Channel Timeline,10.0,0.0,success,False,2026-08-21T01:26:19.673494+09:00
Channel Token,20.0,1.0,success,False,2026-08-23T13:26:52.809343+09:00
Channel Toll,,,failed,False,2026-08-21T02:43:19.046773+09:00
Channel Toolbox,,,failed,False,2026-08-28T00:21:09.151755+09:00
Channel Total,140.0,0.0,success,False,2026-08-27T23:15:53.344715+09:00
Channel Tracker,590.0,56.0,success,False,2026-08-21T01:17:27.975074+09:00
Channel Trail,40.0,2.0,success,False,2026-08-21T01:20:45.332631+09:00
Channel Trend,480.0,7.0,success,False,2026-08-28T01:02:23.926913+09:00
Channel Trial,10.0,0.0,success,False,2026-08-27T21:17:14.401522+09:00
Channel Unit,110.0,6.0,success,False,2026-08-21T01:53:20.957099+09:00
Channel Update,480.0,0.0,success,False,2026-08-21T01:26:01.379135+09:00
Channel Value,70.0,0.0,success,False,2026-08-23T02:57:45.364347+09:00
Channel Vault,140.0,2.0,success,False,2026-08-21T01:17:54.187315+09:00
Channel Version,10.0,0.0,success,False,2026-08-23T03:23:58.190781+09:00
Channel View,3600.0,1.0,success,False,2026-08-21T01:25:29.935757+09:00
Channel Voucher,,,failed,False,2026-08-21T01:16:06.736603+09:00
Channel Watch,40500.0,100.0,success,False,2026-08-21T01:18:33.036529+09:00
Channel Wave,90.0,6.0,success,False,2026-08-21T01:18:54.031046+09:00
Channel Widget,20.0,0.0,success,False,2026-08-27T23:15:55.855078+09:00
Channel Window,390.0,21.0,success,False,2026-08-21T01:35:15.414244+09:00
Channel Worksheet,,,failed,False,2026-08-27T22:12:29.300608+09:00
Channel Workshop,,,failed,False,2026-08-28T00:21:02.971988+09:00
Channel Yard,90.0,2.0,success,False,2026-08-21T01:23:05.026470+09:00
Channel Zone,110.0,0.0,success,False,2026-08-21T01:20:05.793508+09:00
Chargeback Advance,,,failed,False,2026-08-23T16:13:10.832744+09:00
Chargeback Allowance,,,failed,False,2026-08-21T02:43:47.739499+09:00
Chargeback Almanac,,,failed,False,2026-08-18T22:11:39.333366+09:00
Chargeback Analyzer,,,failed,False,2026-08-27T23:57:33.676197+09:00
Chargeback Anchor,,,failed,False,2026-08-17T21:30:43.453478+09:00
Chargeback Arrears,,,failed,False,2026-08-23T16:13:08.662730+09:00
Chargeback Assistant,,,failed,False,2026-08-17T23:13:59.220189+09:00
Chargeback Atlas,,,failed,False,2026-08-17T20:39:36.069990+09:00
Chargeback Balance,,,failed,False,2026-08-23T13:45:55.611142+09:00
Chargeback Base,,,failed,False,2026-08-17T20:36:20.228244+09:00
Chargeback Beacon,,,failed,False,2026-08-17T21:35:08.893531+09:00
Chargeback Bill,,,failed,False,2026-08-19T22:03:20.182030+09:00
Chargeback Blueprint,,,failed,False,2026-08-18T22:11:30.674698+09:00
Chargeback Board,,,failed,False,2026-08-17T20:33:36.115262+09:00
Chargeback Book,,,failed,False,2026-08-19T22:04:10.383393+09:00
Chargeback Bridge,,,failed,False,2026-08-17T21:31:54.606698+09:00
Chargeback Brief,,,failed,False,2026-08-21T01:01:22.274781+09:00
Chargeback Bulletin,,,failed,False,2026-08-21T01:01:20.027256+09:00
Chargeback Calculator,10.0,28.0,success,False,2026-08-27T23:35:28.835803+09:00
Chargeback Calendar,,,failed,False,2026-08-19T00:05:23.888896+09:00
Chargeback Card,30.0,3.0,success,False,2026-08-19T13:40:58.883457+09:00
Chargeback Cascade,,,failed,False,2026-08-17T21:33:04.357190+09:00
Chargeback Cash,,,failed,False,2026-08-21T02:27:47.388523+09:00
Chargeback Catalog,,,failed,False,2026-08-19T21:17:59.528469+09:00
Chargeback Category,,,failed,False,2026-08-23T13:10:14.601516+09:00
Chargeback Center,10.0,0.0,success,False,2026-08-17T21:37:49.733247+09:00
Chargeback Chain,,,failed,False,2026-08-17T20:43:48.259554+09:00
Chargeback Charge,,,failed,False,2026-08-21T02:43:40.530663+09:00
Chargeback Check,90.0,4.0,success,False,2026-08-19T13:41:39.168311+09:00
Chargeback Checker,,,failed,False,2026-08-27T23:57:31.093402+09:00
Chargeback Checklist,,,failed,False,2026-08-19T21:17:13.210771+09:00
Chargeback Cockpit,,,failed,False,2026-08-17T23:26:18.163850+09:00
Chargeback Code,90.0,8.0,success,False,2026-08-19T22:03:39.900427+09:00
Chargeback Codex,,,failed,False,2026-08-18T22:11:56.316205+09:00
Chargeback Companion,,,failed,False,2026-08-17T23:11:59.928630+09:00
Chargeback Comparison,,,failed,False,2026-08-28T01:08:17.879931+09:00
Chargeback Compass,,,failed,False,2026-08-17T21:36:12.498401+09:00
Chargeback Compendium,,,failed,False,2026-08-18T22:11:45.045166+09:00
Chargeback Confirmation,,,failed,False,2026-08-21T01:01:39.197827+09:00
Chargeback Console,,,failed,False,2026-08-17T21:34:34.023181+09:00
Chargeback Contribution,,,failed,False,2026-08-23T16:13:06.452746+09:00
Chargeback Core,,,failed,False,2026-08-17T20:35:22.813816+09:00
Chargeback Cost,70.0,6.0,success,False,2026-08-21T02:11:18.638927+09:00
Chargeback Count,,,failed,False,2026-08-27T22:48:56.292769+09:00
Chargeback Counter,,,failed,False,2026-08-18T23:57:37.423450+09:00
Chargeback Dashboard,20.0,28.0,success,False,2026-08-17T23:04:46.904606+09:00
Chargeback Deal,,,failed,False,2026-08-21T01:55:13.516814+09:00
Chargeback Debt,,,failed,False,2026-08-21T02:27:38.390107+09:00
Chargeback Deck,,,failed,False,2026-08-17T20:32:26.534581+09:00
Chargeback Depot,,,failed,False,2026-08-18T23:57:15.984121+09:00
Chargeback Desk,,,failed,False,2026-08-17T21:41:49.444267+09:00
Chargeback Detail,,,failed,False,2026-08-23T03:24:05.243173+09:00
Chargeback Detector,,,failed,False,2026-08-27T23:57:33.676197+09:00
Chargeback Diagram,,,failed,False,2026-08-27T22:10:39.067015+09:00
Chargeback Dial,,,failed,False,2026-08-17T21:32:31.405261+09:00
Chargeback Digest,,,failed,False,2026-08-19T20:42:19.980728+09:00
Chargeback Directory,,,failed,False,2026-08-19T00:05:27.512092+09:00
Chargeback Discount,,,failed,False,2026-08-23T16:12:59.279314+09:00
Chargeback Dock,,,failed,False,2026-08-17T20:46:29.220439+09:00
Chargeback Dossier,,,failed,False,2026-08-21T01:01:41.528292+09:00
Chargeback Downpayment,,,failed,False,2026-08-27T21:47:08.253611+09:00
Chargeback Draft,,,failed,False,2026-08-19T20:42:32.517249+09:00
Chargeback Due,,,failed,False,2026-08-23T15:51:11.788135+09:00
Chargeback Duty,,,failed,False,2026-08-21T02:43:44.053859+09:00
Chargeback Engine,,,failed,False,2026-08-17T23:24:56.223636+09:00
Chargeback Entry,,,failed,False,2026-08-21T01:02:00.042656+09:00
Chargeback Estimate,,,failed,False,2026-08-19T21:17:51.663250+09:00
Chargeback Estimator,,,failed,False,2026-08-27T23:57:28.605750+09:00
Chargeback Excerpt,,,failed,False,2026-08-21T01:02:52.646086+09:00
Chargeback Extension,,,failed,False,2026-08-23T16:38:24.543370+09:00
Chargeback Fare,,,failed,False,2026-08-21T02:11:27.429616+09:00
Chargeback Fee,590.0,6.0,success,False,2026-08-21T01:54:58.367500+09:00
Chargeback Feed,,,failed,False,2026-08-19T20:42:27.783446+09:00
Chargeback File,320.0,3.0,success,False,2026-08-19T20:41:51.151726+09:00
Chargeback Finder,,,failed,False,2026-08-18T23:57:02.622913+09:00
Chargeback Fine,,,failed,False,2026-08-23T02:57:57.265224+09:00
Chargeback Flag,,,failed,False,2026-08-21T00:27:22.208885+09:00
Chargeback Flow,70.0,24.0,success,False,2026-08-17T20:33:01.756540+09:00
Chargeback Forge,,,failed,False,2026-08-17T21:34:03.414909+09:00
Chargeback Form,170.0,2.0,success,False,2026-08-19T13:40:47.127510+09:00
Chargeback Frame,,,failed,False,2026-08-17T20:37:19.032635+09:00
Chargeback Fund,,,failed,False,2026-08-21T02:27:43.385895+09:00
Chargeback Gate,,,failed,False,2026-08-17T20:41:13.511022+09:00
Chargeback Grade,,,failed,False,2026-08-21T00:26:53.623558+09:00
Chargeback Graph,,,failed,False,2026-08-27T22:10:31.579374+09:00
Chargeback Grid,,,failed,False,2026-08-17T20:44:11.907751+09:00
Chargeback Guarantee,40.0,41.0,success,False,2026-08-28T01:08:20.327245+09:00
Chargeback Guard,10.0,71.0,success,False,2026-08-17T20:35:52.510868+09:00
Chargeback Guardian,10.0,25.0,success,False,2026-08-28T00:26:37.162050+09:00
Chargeback Guidebook,,,failed,False,2026-08-18T22:11:11.945944+09:00
Chargeback Helpdesk,,,failed,False,2026-08-27T22:48:58.866644+09:00
Chargeback Helper,,,failed,False,2026-08-28T00:26:39.760657+09:00
Chargeback History,10.0,7.0,success,False,2026-08-19T20:41:45.467674+09:00
Chargeback Hotline,,,failed,False,2026-08-19T21:18:08.963564+09:00
Chargeback Hub,,,failed,False,2026-08-17T20:31:52.293572+09:00
Chargeback Identifier,,,failed,False,2026-08-23T13:10:14.601516+09:00
Chargeback Index,,,failed,False,2026-08-19T21:17:23.744501+09:00
Chargeback Insight,,,failed,False,2026-08-17T23:26:04.596222+09:00
Chargeback Installment,,,failed,False,2026-08-23T16:13:03.003819+09:00
Chargeback Interest,,,failed,False,2026-08-23T13:45:55.611142+09:00
Chargeback Item,70.0,0.0,success,False,2026-08-21T01:55:03.003035+09:00
Chargeback Journal,,,failed,False,2026-08-18T22:10:58.146959+09:00
Chargeback Keeper,,,failed,False,2026-08-17T20:37:51.221015+09:00
Chargeback Kit,,,failed,False,2026-08-27T22:48:56.292769+09:00
Chargeback Lab,,,failed,False,2026-08-18T07:52:49.362329+09:00
Chargeback Label,,,failed,False,2026-08-27T22:10:31.579374+09:00
Chargeback Ledger,,,failed,False,2026-08-17T20:34:29.454165+09:00
Chargeback Lens,,,failed,False,2026-08-17T20:38:13.537846+09:00
Chargeback Level,,,failed,False,2026-08-19T20:41:59.995024+09:00
Chargeback Levy,,,failed,False,2026-08-23T13:45:59.921070+09:00
Chargeback Link,,,failed,False,2026-08-23T03:23:58.190781+09:00
Chargeback List,10.0,0.0,success,False,2026-08-19T22:03:49.697196+09:00
Chargeback Loan,,,failed,False,2026-08-21T02:11:34.732367+09:00
Chargeback Locator,,,failed,False,2026-08-19T00:05:31.654702+09:00
Chargeback Lock,,,failed,False,2026-08-17T20:40:05.754832+09:00
Chargeback Log,,,failed,False,2026-08-19T13:40:23.135378+09:00
Chargeback Loop,,,failed,False,2026-08-17T20:45:12.889782+09:00
Chargeback Manager,20.0,24.0,success,False,2026-08-17T20:36:52.122948+09:00
Chargeback Manual,,,failed,False,2026-08-27T22:10:35.314261+09:00
Chargeback Map,,,failed,False,2026-08-17T20:39:11.470645+09:00
Chargeback Margin,,,failed,False,2026-08-23T02:57:55.201782+09:00
Chargeback Memo,,,failed,False,2026-08-21T00:27:03.794080+09:00
Chargeback Message,,,failed,False,2026-08-27T23:14:21.600576+09:00
Chargeback Meter,,,failed,False,2026-08-17T21:31:19.415531+09:00
Chargeback Metrics,,,failed,False,2026-08-17T23:10:24.973922+09:00
Chargeback Monitor,,,failed,False,2026-08-17T23:15:30.972429+09:00
Chargeback Navigator,,,failed,False,2026-08-17T23:26:31.743192+09:00
Chargeback Nexus,,,failed,False,2026-08-17T20:40:29.235539+09:00
Chargeback Node,,,failed,False,2026-08-17T20:42:01.579820+09:00
Chargeback Note,,,failed,False,2026-08-19T13:42:03.157163+09:00
Chargeback Notification,30.0,18.0,success,False,2026-08-27T22:48:53.744553+09:00
Chargeback Number,20.0,2.0,success,False,2026-08-23T03:23:49.316132+09:00
Chargeback Office,,,failed,False,2026-08-18T23:57:26.188855+09:00
Chargeback Ops,10.0,38.0,success,False,2026-08-17T23:06:41.076830+09:00
Chargeback Order,10.0,27.0,success,False,2026-08-19T22:03:11.253996+09:00
Chargeback Organizer,,,failed,False,2026-08-17T23:25:50.019139+09:00
Chargeback Overage,,,failed,False,2026-08-27T21:47:05.962227+09:00
Chargeback Overdraft,,,failed,False,2026-08-23T15:51:11.788135+09:00
Chargeback Overdue,,,failed,False,2026-08-27T21:47:03.271568+09:00
Chargeback Panel,,,failed,False,2026-08-17T21:33:30.231055+09:00
Chargeback Path,,,failed,False,2026-08-17T20:41:41.231730+09:00
Chargeback Payoff,,,failed,False,2026-08-27T21:47:05.962227+09:00
Chargeback Penalty,20.0,2.0,success,False,2026-08-23T16:38:19.079152+09:00
Chargeback Petition,,,failed,False,2026-08-21T01:01:32.949178+09:00
Chargeback Pilot,,,failed,False,2026-08-18T07:52:10.902319+09:00
Chargeback Plan,,,failed,False,2026-08-21T01:55:09.652280+09:00
Chargeback Planner,,,failed,False,2026-08-17T23:25:26.285868+09:00
Chargeback Playbook,,,failed,False,2026-08-18T22:10:48.955418+09:00
Chargeback Point,,,failed,False,2026-08-17T20:40:51.053535+09:00
Chargeback Portal,,,failed,False,2026-08-17T21:35:38.144027+09:00
Chargeback Preview,,,failed,False,2026-08-28T01:08:17.879931+09:00
Chargeback Profile,,,failed,False,2026-08-19T13:42:25.449993+09:00
Chargeback Profit,,,failed,False,2026-08-23T02:57:50.579977+09:00
Chargeback Pulse,,,failed,False,2026-08-17T20:43:18.551816+09:00
Chargeback Queue,,,failed,False,2026-08-19T21:17:42.432873+09:00
Chargeback Quota,,,failed,False,2026-08-21T00:27:12.597515+09:00
Chargeback Radar,,,failed,False,2026-08-17T21:40:01.418165+09:00
Chargeback Rail,,,failed,False,2026-08-17T20:45:35.834234+09:00
Chargeback Rate,170.0,5.0,success,False,2026-08-19T20:42:06.894940+09:00
Chargeback Recap,,,failed,False,2026-08-21T01:01:44.513558+09:00
Chargeback Receipt,,,failed,False,2026-08-19T22:03:30.282761+09:00
Chargeback Recorder,,,failed,False,2026-08-27T23:35:38.281742+09:00
Chargeback Register,,,failed,False,2026-08-17T23:26:46.063928+09:00
Chargeback Registry,,,failed,False,2026-08-18T22:11:21.547380+09:00
Chargeback Relay,,,failed,False,2026-08-17T21:38:24.477715+09:00
Chargeback Reminder,,,failed,False,2026-08-19T21:16:59.496910+09:00
Chargeback Report,70.0,6.0,success,False,2026-08-19T13:40:05.769727+09:00
Chargeback Repository,,,failed,False,2026-08-27T23:14:33.058842+09:00
Chargeback Result,,,failed,False,2026-08-28T00:48:27.212910+09:00
Chargeback Ring,,,failed,False,2026-08-17T22:50:34.703098+09:00
Chargeback Roadmap,,,failed,False,2026-08-18T22:12:04.159201+09:00
Chargeback Route,,,failed,False,2026-08-17T20:47:50.375793+09:00
Chargeback Rule,,,failed,False,2026-08-23T03:24:01.511685+09:00
Chargeback Sale,,,failed,False,2026-08-21T02:27:51.067603+09:00
Chargeback Scale,,,failed,False,2026-08-17T21:30:10.122952+09:00
Chargeback Scheduler,,,failed,False,2026-08-17T23:08:44.294677+09:00
Chargeback Scope,,,failed,False,2026-08-17T20:45:58.318950+09:00
Chargeback Score,,,failed,False,2026-08-19T13:41:50.563536+09:00
Chargeback Sentry,,,failed,False,2026-08-17T20:38:40.859557+09:00
Chargeback Sheet,,,failed,False,2026-08-19T13:41:17.239436+09:00
Chargeback Shortfall,,,failed,False,2026-08-27T21:47:10.651342+09:00
Chargeback Signal,,,failed,False,2026-08-17T20:48:26.612997+09:00
Chargeback Signature,,,failed,False,2026-08-23T13:26:38.136224+09:00
Chargeback Slip,,,failed,False,2026-08-19T22:04:20.465966+09:00
Chargeback Slot,,,failed,False,2026-08-19T22:04:42.218437+09:00
Chargeback Snapshot,,,failed,False,2026-08-18T22:11:05.779319+09:00
Chargeback Stage,,,failed,False,2026-08-28T00:48:23.790188+09:00
Chargeback Stake,,,failed,False,2026-08-23T02:57:55.201782+09:00
Chargeback Stamp,,,failed,False,2026-08-23T13:26:40.982312+09:00
Chargeback Statement,,,failed,False,2026-08-21T00:26:43.816315+09:00
Chargeback Station,,,failed,False,2026-08-17T21:41:16.664514+09:00
Chargeback Status,30.0,5.0,success,False,2026-08-19T20:41:33.167361+09:00
Chargeback Streak,,,failed,False,2026-08-28T00:48:27.212910+09:00
Chargeback Studio,,,failed,False,2026-08-18T07:52:37.222006+09:00
Chargeback Suite,,,failed,False,2026-08-17T23:06:59.361333+09:00
Chargeback Sum,,,failed,False,2026-08-21T02:27:35.877276+09:00
Chargeback Summary,,,failed,False,2026-08-19T21:16:32.174515+09:00
Chargeback Sync,,,failed,False,2026-08-17T20:34:03.344800+09:00
Chargeback Tab,,,failed,False,2026-08-21T00:27:30.325740+09:00
Chargeback Table,,,failed,False,2026-08-19T22:03:59.574342+09:00
Chargeback Tag,,,failed,False,2026-08-19T13:42:11.114118+09:00
Chargeback Tally,,,failed,False,2026-08-21T00:26:46.014545+09:00
Chargeback Tariff,,,failed,False,2026-08-21T02:43:50.740440+09:00
Chargeback Tax,,,failed,False,2026-08-21T02:11:30.479876+09:00
Chargeback Ticket,,,failed,False,2026-08-19T21:17:33.160544+09:00
Chargeback Timeline,50.0,8.0,success,False,2026-08-19T21:16:46.731573+09:00
Chargeback Timer,,,failed,False,2026-08-28T00:26:34.139001+09:00
Chargeback Toll,,,failed,False,2026-08-21T02:43:44.053859+09:00
Chargeback Toolbox,,,failed,False,2026-08-28T00:26:39.760657+09:00
Chargeback Toolkit,,,failed,False,2026-08-18T22:10:41.322709+09:00
Chargeback Total,,,failed,False,2026-08-27T23:14:27.057874+09:00
Chargeback Tracker,10.0,34.0,success,False,2026-08-17T20:34:55.202462+09:00
Chargeback Trail,,,failed,False,2026-08-17T20:44:33.462366+09:00
Chargeback Trend,,,failed,False,2026-08-28T01:08:15.051453+09:00
Chargeback Trial,,,failed,False,2026-08-27T21:15:54.960799+09:00
Chargeback Unit,,,failed,False,2026-08-21T01:55:06.085634+09:00
Chargeback Update,,,failed,False,2026-08-19T20:42:14.870990+09:00
Chargeback Value,,,failed,False,2026-08-23T02:57:53.053705+09:00
Chargeback Vault,,,failed,False,2026-08-17T21:37:10.762781+09:00
Chargeback Version,,,failed,False,2026-08-23T03:23:54.422715+09:00
Chargeback View,,,failed,False,2026-08-19T20:41:37.796650+09:00
Chargeback Watch,,,failed,False,2026-08-17T20:47:09.255931+09:00
Chargeback Wave,,,failed,False,2026-08-17T20:42:21.345142+09:00
Chargeback Widget,,,failed,False,2026-08-27T23:14:27.057874+09:00
Chargeback Workbench,,,failed,False,2026-08-18T22:10:32.480742+09:00
Chargeback Worksheet,,,failed,False,2026-08-27T22:10:35.314261+09:00
Chargeback Zone,10.0,,success,False,2026-08-17T21:36:40.900045+09:00
Chart Advisory,,,failed,False,2026-08-21T01:05:22.302548+09:00
Chart Allowance,,,failed,False,2026-08-21T02:44:40.179717+09:00
Chart Almanac,,,failed,False,2026-08-18T22:09:03.479922+09:00
Chart Analyzer,590.0,40.0,success,False,2026-08-27T23:55:48.344302+09:00
Chart Anchor,,,failed,False,2026-08-17T23:27:56.034352+09:00
Chart Assistant,20.0,0.0,success,False,2026-08-17T23:23:48.557902+09:00
Chart Atlas,110.0,0.0,success,False,2026-08-17T23:33:17.146702+09:00
Chart Balance,720.0,0.0,success,False,2026-08-23T13:45:46.037867+09:00
Chart Base,320.0,5.0,success,False,2026-08-17T23:29:55.087176+09:00
Chart Beacon,,,failed,False,2026-08-17T23:27:29.516151+09:00
Chart Bill,10.0,1.0,success,False,2026-08-19T21:51:13.518825+09:00
Chart Blueprint,10.0,24.0,success,False,2026-08-18T22:08:54.791738+09:00
Chart Board,2900.0,52.0,success,False,2026-08-17T23:11:19.275980+09:00
Chart Book,1900.0,14.0,success,False,2026-08-19T21:52:10.666614+09:00
Chart Bridge,1000.0,1.0,success,False,2026-08-17T23:10:02.526148+09:00
Chart Brief,,,failed,False,2026-08-21T01:05:05.236354+09:00
Chart Bulletin,,,failed,False,2026-08-21T01:04:56.218179+09:00
Chart Cabinet,50.0,98.0,success,False,2026-08-27T23:13:06.155067+09:00
Chart Calendar,1900.0,66.0,success,False,2026-08-19T00:00:12.518097+09:00
Chart Card,390.0,4.0,success,False,2026-08-19T13:33:54.731377+09:00
Chart Cascade,,,failed,False,2026-08-17T23:27:45.087946+09:00
Chart Cash,20.0,7.0,success,False,2026-08-21T02:29:11.262958+09:00
Chart Center,320.0,2.0,success,False,2026-08-17T23:07:39.486562+09:00
Chart Chain,20.0,0.0,success,False,2026-08-17T23:12:33.022666+09:00
Chart Charge,10.0,0.0,success,False,2026-08-21T02:44:28.484946+09:00
Chart Check,320.0,0.0,success,False,2026-08-19T13:34:11.345054+09:00
Chart Checker,320.0,0.0,success,False,2026-08-27T23:55:40.198338+09:00
Chart Circular,14800.0,0.0,success,True,2026-08-21T01:05:08.043022+09:00
Chart Cockpit,,,failed,False,2026-08-17T23:13:53.612284+09:00
Chart Code,1000.0,1.0,success,False,2026-08-19T21:51:34.255432+09:00
Chart Codex,,,failed,False,2026-08-18T22:09:19.506375+09:00
Chart Companion,,,failed,False,2026-08-17T23:25:43.129443+09:00
Chart Comparison,12100.0,1.0,success,False,2026-08-28T01:06:05.018602+09:00
Chart Compass,110.0,54.0,success,False,2026-08-17T23:08:20.793662+09:00
Chart Compendium,,,failed,False,2026-08-18T22:09:11.269372+09:00
Chart Confirmation,50.0,0.0,success,False,2026-08-21T01:05:29.532542+09:00
Chart Console,210.0,0.0,success,False,2026-08-17T23:31:35.615532+09:00
Chart Converter,49500.0,50.0,success,False,2026-08-27T23:34:34.248381+09:00
Chart Copayment,,,failed,False,2026-08-23T16:38:01.127600+09:00
Chart Core,10.0,0.0,success,False,2026-08-17T23:04:03.069082+09:00
Chart Cost,70.0,2.0,success,False,2026-08-21T02:12:59.494269+09:00
Chart Count,590.0,13.0,success,False,2026-08-27T22:47:50.980247+09:00
Chart Counter,590.0,13.0,success,False,2026-08-19T00:01:01.996823+09:00
Chart Dashboard,1000.0,9.0,success,False,2026-08-17T23:25:18.715654+09:00
Chart Deal,,,failed,False,2026-08-21T01:57:18.648468+09:00
Chart Debt,,,failed,False,2026-08-21T02:29:01.889757+09:00
Chart Deck,20.0,1.0,success,False,2026-08-17T23:30:26.611269+09:00
Chart Depot,10.0,0.0,success,False,2026-08-19T00:00:44.927785+09:00
Chart Desk,170.0,8.0,success,False,2026-08-17T23:06:35.609380+09:00
Chart Detail,210.0,0.0,success,False,2026-08-23T03:24:40.640287+09:00
Chart Detector,40.0,11.0,success,False,2026-08-27T23:55:42.824458+09:00
Chart Diagram,2400.0,6.0,success,False,2026-08-27T22:09:38.149454+09:00
Chart Dial,,,failed,False,2026-08-17T23:31:50.854430+09:00
Chart Digest,,,failed,False,2026-08-19T20:49:06.260858+09:00
Chart Directory,70.0,19.0,success,False,2026-08-19T00:00:18.530849+09:00
Chart Dock,,,failed,False,2026-08-17T23:32:28.634296+09:00
Chart Dossier,,,failed,False,2026-08-21T01:05:32.279989+09:00
Chart Draft,,,failed,False,2026-08-19T20:49:16.530394+09:00
Chart Due,,,failed,False,2026-08-23T15:50:54.236884+09:00
Chart Duty,20.0,0.0,success,False,2026-08-21T02:44:32.833058+09:00
Chart Engine,70.0,4.0,success,False,2026-08-17T23:10:38.410164+09:00
Chart Entry,30.0,0.0,success,False,2026-08-21T01:05:55.165491+09:00
Chart Estimator,,,failed,False,2026-08-27T23:55:33.587403+09:00
Chart Excerpt,,,failed,False,2026-08-21T01:07:59.313235+09:00
Chart Fare,,,failed,False,2026-08-21T02:13:09.073610+09:00
Chart Fee,10.0,0.0,success,False,2026-08-21T01:57:02.115497+09:00
Chart Field,480.0,1.0,success,False,2026-08-23T13:04:48.308189+09:00
Chart File,590.0,11.0,success,False,2026-08-19T20:48:43.191337+09:00
Chart Finder,2400.0,0.0,success,True,2026-08-19T00:00:38.616891+09:00
Chart Fine,,,failed,False,2026-08-23T02:58:29.711332+09:00
Chart Flag,1600.0,36.0,success,False,2026-08-21T00:32:00.759395+09:00
Chart Flow,246000.0,8.0,success,False,2026-08-17T23:26:30.057004+09:00
Chart Forge,20.0,1.0,success,False,2026-08-17T23:15:10.071233+09:00
Chart Form,1300.0,2.0,success,False,2026-08-19T13:33:49.819535+09:00
Chart Format,1300.0,2.0,success,False,2026-08-23T13:04:50.850524+09:00
Chart Frame,90.0,23.0,success,False,2026-08-17T23:09:43.652539+09:00
Chart Fund,90.0,1.0,success,False,2026-08-21T02:29:07.517005+09:00
Chart Gate,170.0,0.0,success,False,2026-08-17T23:33:06.954832+09:00
Chart Generator,2900.0,28.0,success,False,2026-08-27T23:34:34.248381+09:00
Chart Grade,,,failed,False,2026-08-21T00:31:41.208752+09:00
Chart Graph,22200.0,3.0,success,False,2026-08-27T22:09:28.492809+09:00
Chart Grid,1300.0,6.0,success,False,2026-08-17T23:06:12.301553+09:00
Chart Guarantee,,,failed,False,2026-08-28T01:06:10.302074+09:00
Chart Guard,,,failed,False,2026-08-17T23:10:20.263689+09:00
Chart Guardian,,,failed,False,2026-08-28T00:25:10.586444+09:00
Chart Guidebook,,,failed,False,2026-08-18T22:08:36.440640+09:00
Chart Helpdesk,,,failed,False,2026-08-27T22:47:53.351609+09:00
Chart Helper,50.0,12.0,success,False,2026-08-28T00:25:15.482285+09:00
Chart History,590.0,0.0,success,False,2026-08-19T20:48:37.662202+09:00
Chart Hotline,,,failed,False,2026-08-19T21:07:13.159437+09:00
Chart Hub,320.0,3.0,success,False,2026-08-17T23:11:56.017978+09:00
Chart Identifier,10.0,14.0,success,False,2026-08-23T13:04:45.223955+09:00
Chart Index,210.0,2.0,success,False,2026-08-19T21:06:20.590100+09:00
Chart Insight,170.0,1.0,success,False,2026-08-17T23:06:54.696813+09:00
Chart Item,210.0,0.0,success,False,2026-08-21T01:57:05.042237+09:00
Chart Journal,30.0,36.0,success,False,2026-08-18T22:08:21.500006+09:00
Chart Keeper,70.0,78.0,success,False,2026-08-17T23:33:34.870792+09:00
Chart Lab,170.0,1.0,success,False,2026-08-17T23:30:41.257118+09:00
Chart Label,720.0,12.0,success,False,2026-08-27T22:09:28.492809+09:00
Chart Layout,480.0,2.0,success,False,2026-08-27T22:28:51.186281+09:00
Chart Ledger,,,failed,False,2026-08-17T23:30:11.118322+09:00
Chart Lens,480.0,6.0,success,False,2026-08-17T23:29:38.825411+09:00
Chart Level,880.0,0.0,success,False,2026-08-19T20:48:48.411735+09:00
Chart Link,550000.0,0.0,success,True,2026-08-23T03:24:36.035969+09:00
Chart List,1000.0,0.0,success,True,2026-08-19T21:51:45.660208+09:00
Chart Loan,390.0,8.0,success,False,2026-08-21T02:13:15.591815+09:00
Chart Locator,90.0,0.0,success,False,2026-08-19T00:00:28.920086+09:00
Chart Lock,260.0,0.0,success,False,2026-08-17T23:29:23.485940+09:00
Chart Log,590.0,7.0,success,False,2026-08-19T13:33:44.098374+09:00
Chart Loop,20.0,0.0,success,False,2026-08-17T23:28:25.880563+09:00
Chart Manager,30.0,1.0,success,False,2026-08-17T22:49:19.411310+09:00
Chart Manual,10.0,0.0,success,False,2026-08-27T22:09:32.047106+09:00
Chart Map,1900.0,3.0,success,False,2026-08-17T23:14:51.389027+09:00
Chart Margin,20.0,0.0,success,False,2026-08-23T02:58:27.713523+09:00
Chart Memo,,,failed,False,2026-08-21T00:31:49.661501+09:00
Chart Message,30.0,0.0,success,False,2026-08-27T23:12:56.649660+09:00
Chart Meter,3600.0,3.0,success,False,2026-08-17T23:03:43.392480+09:00
Chart Metrics,22200.0,5.0,success,False,2026-08-17T23:24:52.278887+09:00
Chart Monitor,50.0,10.0,success,False,2026-08-17T23:24:30.748337+09:00
Chart Navigator,2900.0,22.0,success,False,2026-08-17T23:08:40.393362+09:00
Chart Nexus,2900.0,6.0,success,False,2026-08-17T23:14:14.412117+09:00
Chart Node,10.0,0.0,success,False,2026-08-17T23:07:18.335398+09:00
Chart Note,3600.0,7.0,success,False,2026-08-19T13:34:28.843739+09:00
Chart Notification,,,failed,False,2026-08-27T22:47:42.136854+09:00
Chart Number,40500.0,79.0,success,False,2026-08-23T03:24:30.095281+09:00
Chart Office,320.0,3.0,success,False,2026-08-19T00:00:54.845309+09:00
Chart Ops,,,failed,False,2026-08-17T23:26:02.617332+09:00
Chart Organizer,320.0,54.0,success,False,2026-08-17T23:12:14.829118+09:00
Chart Overdue,,,failed,False,2026-08-27T21:46:39.546965+09:00
Chart Panel,40500.0,0.0,success,True,2026-08-17T23:09:23.779987+09:00
Chart Pass,,,failed,False,2026-08-21T00:31:03.590955+09:00
Chart Path,390.0,30.0,success,False,2026-08-17T23:29:05.712614+09:00
Chart Penalty,,,failed,False,2026-08-23T16:38:01.127600+09:00
Chart Petition,,,failed,False,2026-08-21T01:05:25.449789+09:00
Chart Pilot,1000.0,5.0,success,False,2026-08-17T23:26:41.280182+09:00
Chart Plan,260.0,26.0,success,False,2026-08-21T01:57:13.280090+09:00
Chart Planner,260.0,26.0,success,False,2026-08-17T23:05:03.232524+09:00
Chart Playbook,,,failed,False,2026-08-18T22:08:12.988621+09:00
Chart Point,880.0,0.0,success,False,2026-08-17T23:07:59.739195+09:00
Chart Portal,110.0,1.0,success,False,2026-08-17T23:14:35.084674+09:00
Chart Preview,40.0,1.0,success,False,2026-08-28T01:06:05.018602+09:00
Chart Profile,210.0,1.0,success,False,2026-08-19T13:35:21.181056+09:00
Chart Profit,50.0,8.0,success,False,2026-08-23T02:58:22.138968+09:00
Chart Proposal,,,failed,False,2026-08-28T01:06:07.510525+09:00
Chart Pulse,12100.0,5.0,success,False,2026-08-17T23:28:46.712952+09:00
Chart Quota,,,failed,False,2026-08-21T00:31:54.895534+09:00
Chart Radar,60500.0,1.0,success,False,2026-08-17T23:26:58.468073+09:00
Chart Rail,1300.0,0.0,success,True,2026-08-17T23:05:27.218902+09:00
Chart Recap,10.0,11.0,success,False,2026-08-21T01:05:43.113119+09:00
Chart Receipt,,,failed,False,2026-08-19T21:51:23.149370+09:00
Chart Recorder,1900.0,73.0,success,False,2026-08-27T23:34:34.248381+09:00
Chart Register,70.0,1.0,success,False,2026-08-17T23:15:27.187478+09:00
Chart Registry,,,failed,False,2026-08-18T22:08:45.047635+09:00
Chart Relay,,,failed,False,2026-08-17T23:13:34.703463+09:00
Chart Reminder,,,failed,False,2026-08-19T21:06:00.178861+09:00
Chart Report,590.0,2.0,success,False,2026-08-19T13:33:37.732630+09:00
Chart Repository,70.0,0.0,success,False,2026-08-27T23:13:06.155067+09:00
Chart Result,390.0,0.0,success,False,2026-08-28T00:47:45.290833+09:00
Chart Roadmap,,,failed,False,2026-08-18T22:09:27.931619+09:00
Chart Roster,,,failed,False,2026-08-19T00:39:00.049194+09:00
Chart Route,1000.0,1.0,success,False,2026-08-17T23:10:58.652260+09:00
Chart Rule,90.0,0.0,success,False,2026-08-23T03:24:36.035969+09:00
Chart Sale,260.0,27.0,success,False,2026-08-21T02:29:14.750230+09:00
Chart Sample,590.0,2.0,success,False,2026-08-19T21:52:35.745180+09:00
Chart Scale,210.0,2.0,success,False,2026-08-17T23:32:14.007104+09:00
Chart Scanner,480.0,16.0,success,False,2026-08-27T23:55:42.824458+09:00
Chart Scheduler,,,failed,False,2026-08-17T23:24:10.330342+09:00
Chart Scope,10.0,13.0,success,False,2026-08-17T23:11:38.355115+09:00
Chart Score,1300.0,0.0,success,True,2026-08-19T13:34:22.181534+09:00
Chart Sentry,,,failed,False,2026-08-17T23:09:00.584407+09:00
Chart Sheet,2400.0,7.0,success,False,2026-08-19T13:34:03.969558+09:00
Chart Signal,480.0,8.0,success,False,2026-08-17T23:04:21.710025+09:00
Chart Signature,10.0,0.0,success,False,2026-08-23T13:26:38.136224+09:00
Chart Slip,20.0,0.0,success,False,2026-08-19T21:52:24.100892+09:00
Chart Slot,,,failed,False,2026-08-19T21:52:48.982891+09:00
Chart Snapshot,20.0,2.0,success,False,2026-08-18T22:08:30.649181+09:00
Chart Stake,,,failed,False,2026-08-23T02:58:24.249422+09:00
Chart Stamp,,,failed,False,2026-08-23T13:26:40.982312+09:00
Chart Statement,,,failed,False,2026-08-21T00:31:26.827984+09:00
Chart Station,140.0,0.0,success,False,2026-08-17T23:12:58.115072+09:00
Chart Status,6600.0,0.0,success,True,2026-08-19T20:48:26.152213+09:00
Chart Stub,,,failed,False,2026-08-21T00:31:19.573899+09:00
Chart Studio,480.0,10.0,success,False,2026-08-17T23:05:51.247207+09:00
Chart Suite,,,failed,False,2026-08-17T23:23:32.991705+09:00
Chart Sum,,,failed,False,2026-08-21T02:28:57.894422+09:00
Chart Summary,720.0,0.0,success,False,2026-08-19T21:05:32.048024+09:00
Chart Surtax,,,failed,False,2026-08-23T15:50:59.628265+09:00
Chart Sync,20.0,8.0,success,False,2026-08-17T23:04:40.930662+09:00
Chart Tab,210.0,100.0,success,False,2026-08-21T00:32:08.971513+09:00
Chart Table,33100.0,44.0,success,False,2026-08-19T21:52:01.647797+09:00
Chart Tag,90.0,5.0,success,False,2026-08-19T13:35:15.943675+09:00
Chart Tally,20.0,0.0,success,False,2026-08-21T00:31:36.211701+09:00
Chart Tariff,10.0,0.0,success,False,2026-08-21T02:44:44.036553+09:00
Chart Tax,1600.0,1.0,success,False,2026-08-21T02:13:09.073610+09:00
Chart Toll,,,failed,False,2026-08-21T02:44:37.347457+09:00
Chart Toolbox,,,failed,False,2026-08-28T00:25:13.091211+09:00
Chart Toolkit,10.0,,success,False,2026-08-18T22:08:07.311207+09:00
Chart Total,880.0,0.0,success,False,2026-08-27T23:13:00.467969+09:00
Chart Tracker,320.0,11.0,success,False,2026-08-17T23:26:16.391059+09:00
Chart Trail,,,failed,False,2026-08-17T23:32:42.825846+09:00
Chart Trend,3600.0,1.0,success,False,2026-08-28T01:06:00.663079+09:00
Chart Trial,70.0,0.0,success,False,2026-08-27T21:15:18.698295+09:00
Chart Unit,20.0,0.0,success,False,2026-08-21T01:57:08.672731+09:00
Chart Update,1600.0,0.0,success,True,2026-08-19T20:49:01.783681+09:00
Chart Value,3600.0,8.0,success,False,2026-08-23T02:58:22.138968+09:00
Chart Vault,10.0,9.0,success,False,2026-08-17T23:27:14.779355+09:00
Chart Version,40.0,0.0,success,False,2026-08-23T03:24:33.433692+09:00
Chart View,6600.0,7.0,success,False,2026-08-19T20:48:32.959283+09:00
Chart Voucher,,,failed,False,2026-08-21T00:31:09.970083+09:00
Chart Watch,390.0,28.0,success,False,2026-08-17T23:28:10.025737+09:00
Chart Wave,30.0,2.0,success,False,2026-08-17T23:13:13.553145+09:00
Chart Widget,170.0,4.0,success,False,2026-08-27T23:13:03.121922+09:00
Chart Workbench,,,failed,False,2026-08-18T22:07:58.079048+09:00
Chart Worksheet,110.0,0.0,success,False,2026-08-27T22:09:32.047106+09:00
Chart Workshop,10.0,0.0,success,False,2026-08-28T00:25:10.586444+09:00
Chart Zone,880.0,3.0,success,False,2026-08-17T23:31:19.808791+09:00
Charter Advance,,,failed,False,2026-08-23T16:12:15.158683+09:00
Charter Advisory,110.0,28.0,success,False,2026-08-21T01:03:59.232813+09:00
Charter Allowance,,,failed,False,2026-08-21T02:37:55.962761+09:00
Charter Almanac,,,failed,False,2026-08-18T22:07:26.351718+09:00
Charter Analyzer,,,failed,False,2026-08-27T23:55:14.253857+09:00
Charter Anchor,,,failed,False,2026-08-17T23:10:58.652260+09:00
Charter Arrears,,,failed,False,2026-08-23T16:12:10.819899+09:00
Charter Assistant,70.0,3.0,success,False,2026-08-17T23:11:35.407010+09:00
Charter Atlas,,,failed,False,2026-08-17T23:15:07.247244+09:00
Charter Badge,,,failed,False,2026-08-21T00:29:58.685573+09:00
Charter Balance,20.0,3.0,success,False,2026-08-23T13:45:36.815787+09:00
Charter Base,110.0,4.0,success,False,2026-08-17T23:10:38.410164+09:00
Charter Beacon,10.0,21.0,success,False,2026-08-17T23:09:23.779987+09:00
Charter Bill,590.0,1.0,success,False,2026-08-19T21:48:58.615287+09:00
Charter Blueprint,,,failed,False,2026-08-18T22:07:18.676319+09:00
Charter Board,390.0,0.0,success,False,2026-08-17T23:06:12.301553+09:00
Charter Book,2400.0,7.0,success,False,2026-08-19T21:49:55.952193+09:00
Charter Bridge,210.0,2.0,success,False,2026-08-17T23:04:40.930662+09:00
Charter Brief,,,failed,False,2026-08-21T01:03:48.837789+09:00
Charter Bulletin,,,failed,False,2026-08-21T01:03:43.052088+09:00
Charter Cabinet,,,failed,False,2026-08-27T23:12:37.040829+09:00
Charter Calculator,20.0,19.0,success,False,2026-08-27T23:34:10.423222+09:00
Charter Calendar,110.0,0.0,success,False,2026-08-18T23:58:23.364762+09:00
Charter Card,90.0,10.0,success,False,2026-08-19T13:21:44.122863+09:00
Charter Cascade,,,failed,False,2026-08-17T23:03:43.392480+09:00
Charter Cash,20.0,15.0,success,False,2026-08-21T02:21:30.317993+09:00
Charter Cashback,,,failed,False,2026-08-27T21:14:54.146372+09:00
Charter Catalog,,,failed,False,2026-08-19T21:04:44.071622+09:00
Charter Center,1300.0,3.0,success,False,2026-08-17T23:14:53.160605+09:00
Charter Chain,20.0,0.0,success,False,2026-08-17T23:07:39.486562+09:00
Charter Charge,20.0,1.0,success,False,2026-08-21T02:37:45.273746+09:00
Charter Check,140.0,43.0,success,False,2026-08-19T13:22:13.329978+09:00
Charter Checker,,,failed,False,2026-08-27T23:55:03.182011+09:00
Charter Checklist,10.0,0.0,success,False,2026-08-19T21:03:36.529171+09:00
Charter Circular,,,failed,False,2026-08-21T01:03:53.377990+09:00
Charter Cockpit,,,failed,False,2026-08-17T23:09:00.584407+09:00
Charter Code,30.0,0.0,success,False,2026-08-19T21:49:21.504748+09:00
Charter Codex,,,failed,False,2026-08-18T22:07:42.473360+09:00
Charter Companion,,,failed,False,2026-08-17T23:09:43.652539+09:00
Charter Comparison,,,failed,False,2026-08-28T01:05:36.598647+09:00
Charter Compass,10.0,0.0,success,False,2026-08-17T23:15:28.966007+09:00
Charter Compendium,,,failed,False,2026-08-18T22:07:36.107745+09:00
Charter Confirmation,,,failed,False,2026-08-21T01:04:11.301899+09:00
Charter Console,,,failed,False,2026-08-17T23:15:27.187478+09:00
Charter Contribution,,,failed,False,2026-08-23T16:12:10.819899+09:00
Charter Core,,,failed,False,2026-08-17T23:11:38.355115+09:00
Charter Cost,140.0,9.0,success,False,2026-08-21T02:12:15.174959+09:00
Charter Count,33100.0,21.0,success,False,2026-08-27T22:47:24.172994+09:00
Charter Counter,33100.0,21.0,success,False,2026-08-18T23:59:14.499030+09:00
Charter Coupon,110.0,23.0,success,False,2026-08-27T21:14:49.306471+09:00
Charter Dashboard,40.0,5.0,success,False,2026-08-17T23:14:51.389027+09:00
Charter Deal,12100.0,30.0,success,False,2026-08-21T01:56:34.859851+09:00
Charter Debt,70.0,0.0,success,False,2026-08-21T02:21:19.910090+09:00
Charter Deck,,,failed,False,2026-08-17T23:12:14.829118+09:00
Charter Depot,,,failed,False,2026-08-18T23:58:57.268328+09:00
Charter Desk,70.0,6.0,success,False,2026-08-17T23:13:55.425659+09:00
Charter Detail,,,failed,False,2026-08-23T03:17:09.077548+09:00
Charter Detector,,,failed,False,2026-08-27T23:55:11.655418+09:00
Charter Dial,,,failed,False,2026-08-17T23:10:20.263689+09:00
Charter Digest,,,failed,False,2026-08-19T20:41:43.197527+09:00
Charter Directory,10.0,0.0,success,False,2026-08-18T23:58:32.218218+09:00
Charter Discount,20.0,11.0,success,False,2026-08-23T16:12:08.472275+09:00
Charter Dock,,,failed,False,2026-08-17T23:11:56.017978+09:00
Charter Dossier,,,failed,False,2026-08-21T01:04:15.866621+09:00
Charter Downpayment,,,failed,False,2026-08-27T21:46:34.931324+09:00
Charter Draft,40.0,1.0,success,False,2026-08-19T20:41:57.553937+09:00
Charter Due,,,failed,False,2026-08-23T15:50:40.596656+09:00
Charter Duty,10.0,0.0,success,False,2026-08-21T02:37:48.956315+09:00
Charter Engine,10.0,0.0,success,False,2026-08-17T23:05:27.218902+09:00
Charter Entry,,,failed,False,2026-08-21T01:04:32.859141+09:00
Charter Estimate,,,failed,False,2026-08-19T21:04:31.572257+09:00
Charter Estimator,,,failed,False,2026-08-27T23:54:58.395846+09:00
Charter Excerpt,,,failed,False,2026-08-21T01:04:28.874460+09:00
Charter Extension,10.0,0.0,success,False,2026-08-23T16:37:49.888860+09:00
Charter Fare,10.0,2.0,success,False,2026-08-21T02:12:23.232619+09:00
Charter Fee,110.0,0.0,success,False,2026-08-21T01:56:12.510800+09:00
Charter Feed,,,failed,False,2026-08-19T20:41:48.388385+09:00
Charter File,,,failed,False,2026-08-19T20:41:10.828189+09:00
Charter Finder,140.0,31.0,success,False,2026-08-18T23:58:49.693970+09:00
Charter Fine,,,failed,False,2026-08-23T02:53:34.328450+09:00
Charter Flag,,,failed,False,2026-08-21T00:30:46.553076+09:00
Charter Flow,10.0,0.0,success,False,2026-08-17T23:05:51.247207+09:00
Charter Forge,,,failed,False,2026-08-17T23:10:22.607509+09:00
Charter Form,90.0,7.0,success,False,2026-08-19T13:21:04.898366+09:00
Charter Frame,,,failed,False,2026-08-17T23:04:21.710025+09:00
Charter Fund,90.0,1.0,success,False,2026-08-21T02:21:27.143708+09:00
Charter Gate,390.0,3.0,success,False,2026-08-17T23:08:17.909902+09:00
Charter Giveaway,10.0,,success,False,2026-08-27T21:14:58.792070+09:00
Charter Grade,,,failed,False,2026-08-21T00:30:27.321926+09:00
Charter Graph,,,failed,False,2026-08-27T22:09:05.119901+09:00
Charter Grid,,,failed,False,2026-08-17T23:13:36.575210+09:00
Charter Guarantee,10.0,0.0,success,False,2026-08-28T01:05:44.373460+09:00
Charter Guard,,,failed,False,2026-08-17T23:05:06.987834+09:00
Charter Guardian,,,failed,False,2026-08-28T00:24:47.033463+09:00
Charter Guidebook,,,failed,False,2026-08-18T22:07:03.148226+09:00
Charter Helpdesk,30.0,4.0,success,False,2026-08-27T22:47:24.172994+09:00
Charter Helper,,,failed,False,2026-08-28T00:24:53.833495+09:00
Charter History,210.0,0.0,success,False,2026-08-19T20:41:03.972806+09:00
Charter Hotline,10.0,43.0,success,False,2026-08-19T21:04:58.271286+09:00
Charter Hub,390.0,45.0,success,False,2026-08-17T23:06:54.696813+09:00
Charter Incentive,,,failed,False,2026-08-27T21:14:58.792070+09:00
Charter Index,260.0,11.0,success,False,2026-08-19T21:03:51.507952+09:00
Charter Insight,,,failed,False,2026-08-17T23:14:14.412117+09:00
Charter Installment,,,failed,False,2026-08-23T16:12:08.472275+09:00
Charter Interest,,,failed,False,2026-08-23T13:45:36.815787+09:00
Charter Item,,,failed,False,2026-08-21T01:56:16.843249+09:00
Charter Journal,10.0,0.0,success,False,2026-08-18T22:06:45.698700+09:00
Charter Keeper,,,failed,False,2026-08-17T23:10:00.779750+09:00
Charter Kit,10.0,0.0,success,False,2026-08-27T22:47:10.971037+09:00
Charter Lab,10.0,0.0,success,False,2026-08-17T23:06:54.696813+09:00
Charter Ledger,,,failed,False,2026-08-17T23:05:03.232524+09:00
Charter Lens,,,failed,False,2026-08-17T22:49:19.411310+09:00
Charter Level,70.0,4.0,success,False,2026-08-19T20:41:20.028487+09:00
Charter Levy,,,failed,False,2026-08-23T13:45:39.021067+09:00
Charter Link,2900.0,4.0,success,False,2026-08-23T03:17:02.268689+09:00
Charter List,30.0,2.0,success,False,2026-08-19T21:49:32.440919+09:00
Charter Loan,70.0,31.0,success,False,2026-08-21T02:06:01.492109+09:00
Charter Locator,320.0,12.0,success,False,2026-08-18T23:58:41.085151+09:00
Charter Lock,,,failed,False,2026-08-17T23:09:00.584407+09:00
Charter Log,9900.0,0.0,success,True,2026-08-19T13:20:54.330811+09:00
Charter Loop,,,failed,False,2026-08-17T23:12:33.022666+09:00
Charter Manager,1300.0,14.0,success,False,2026-08-17T23:11:00.543955+09:00
Charter Manual,,,failed,False,2026-08-27T22:09:13.645963+09:00
Charter Map,22200.0,0.0,success,True,2026-08-17T23:10:02.526148+09:00
Charter Margin,,,failed,False,2026-08-23T02:53:30.954147+09:00
Charter Markup,,,failed,False,2026-08-23T16:37:47.617319+09:00
Charter Memo,,,failed,False,2026-08-21T00:30:32.235715+09:00
Charter Message,10.0,6.0,success,False,2026-08-27T23:12:32.092351+09:00
Charter Meter,,,failed,False,2026-08-17T23:11:19.275980+09:00
Charter Metrics,,,failed,False,2026-08-17T23:07:59.739195+09:00
Charter Monitor,,,failed,False,2026-08-17T23:13:13.553145+09:00
Charter Navigator,140.0,21.0,success,False,2026-08-17T22:49:21.662634+09:00
Charter Nexus,,,failed,False,2026-08-17T23:09:23.779987+09:00
Charter Node,,,failed,False,2026-08-17T23:14:35.084674+09:00
Charter Note,,,failed,False,2026-08-19T13:23:14.484254+09:00
Charter Notification,,,failed,False,2026-08-27T22:47:10.971037+09:00
Charter Number,720.0,18.0,success,False,2026-08-23T03:16:51.782987+09:00
Charter Office,590.0,3.0,success,False,2026-08-18T23:59:06.121375+09:00
Charter Ops,140.0,9.0,success,False,2026-08-17T23:04:03.069082+09:00
Charter Order,30.0,12.0,success,False,2026-08-19T21:48:44.866696+09:00
Charter Organizer,,,failed,False,2026-08-17T23:07:22.346415+09:00
Charter Overage,,,failed,False,2026-08-27T21:46:34.931324+09:00
Charter Overdraft,,,failed,False,2026-08-23T15:50:42.648286+09:00
Charter Panel,10.0,0.0,success,False,2026-08-17T23:04:03.069082+09:00
Charter Pass,,,failed,False,2026-08-21T00:29:45.511428+09:00
Charter Path,20.0,3.0,success,False,2026-08-17T23:14:14.412117+09:00
Charter Penalty,,,failed,False,2026-08-23T16:37:45.266937+09:00
Charter Petition,10.0,0.0,success,False,2026-08-21T01:04:04.572867+09:00
Charter Pilot,880.0,3.0,success,False,2026-08-17T23:12:55.157000+09:00
Charter Plan,1300.0,22.0,success,False,2026-08-21T01:56:25.732902+09:00
Charter Planner,10.0,2.0,success,False,2026-08-17T23:12:33.022666+09:00
Charter Playbook,10.0,,success,False,2026-08-18T22:06:37.464016+09:00
Charter Point,720.0,6.0,success,False,2026-08-17T23:15:10.071233+09:00
Charter Portal,320.0,1.0,success,False,2026-08-17T23:09:43.652539+09:00
Charter Preview,10.0,14.0,success,False,2026-08-28T01:05:36.598647+09:00
Charter Profile,40.0,0.0,success,False,2026-08-19T13:23:40.624873+09:00
Charter Profit,,,failed,False,2026-08-23T02:53:19.802959+09:00
Charter Proposal,10.0,0.0,success,False,2026-08-28T01:05:40.494261+09:00
Charter Pulse,,,failed,False,2026-08-17T23:07:18.335398+09:00
Charter Queue,,,failed,False,2026-08-19T21:04:17.654082+09:00
Charter Quota,,,failed,False,2026-08-21T00:30:39.454023+09:00
Charter Radar,,,failed,False,2026-08-17T23:07:39.486562+09:00
Charter Rail,10.0,0.0,success,False,2026-08-17T23:12:58.115072+09:00
Charter Rate,210.0,4.0,success,False,2026-08-19T20:41:30.953351+09:00
Charter Recap,,,failed,False,2026-08-21T01:04:20.278964+09:00
Charter Receipt,,,failed,False,2026-08-19T21:49:11.434209+09:00
Charter Redemption,10.0,,success,False,2026-08-23T16:37:49.888860+09:00
Charter Register,70.0,0.0,success,False,2026-08-17T23:10:40.836813+09:00
Charter Registry,,,failed,False,2026-08-18T22:07:09.458547+09:00
Charter Relay,,,failed,False,2026-08-17T23:08:40.393362+09:00
Charter Reminder,,,failed,False,2026-08-19T21:03:21.176777+09:00
Charter Report,30.0,0.0,success,False,2026-08-19T13:31:41.202916+09:00
Charter Repository,,,failed,False,2026-08-27T23:12:39.391295+09:00
Charter Roadmap,,,failed,False,2026-08-18T22:07:51.533580+09:00
Charter Roster,,,failed,False,2026-08-19T00:37:39.570439+09:00
Charter Route,40.0,21.0,success,False,2026-08-17T23:05:51.247207+09:00
Charter Rule,10.0,0.0,success,False,2026-08-23T03:17:04.760167+09:00
Charter Sale,260.0,10.0,success,False,2026-08-21T02:21:33.857873+09:00
Charter Sample,50.0,4.0,success,False,2026-08-19T21:50:21.596797+09:00
Charter Scale,,,failed,False,2026-08-17T23:04:39.264131+09:00
Charter Scanner,90.0,11.0,success,False,2026-08-27T23:55:06.367292+09:00
Charter Scheduler,,,failed,False,2026-08-17T23:06:09.735984+09:00
Charter Scope,210.0,2.0,success,False,2026-08-17T23:06:35.609380+09:00
Charter Score,10.0,0.0,success,False,2026-08-19T13:22:59.111226+09:00
Charter Sentry,,,failed,False,2026-08-17T23:03:43.392480+09:00
Charter Sheet,49500.0,1.0,success,False,2026-08-19T13:21:58.772541+09:00
Charter Signal,10.0,39.0,success,False,2026-08-17T23:11:57.762151+09:00
Charter Signature,,,failed,False,2026-08-23T13:26:17.496993+09:00
Charter Slip,,,failed,False,2026-08-19T21:50:09.573666+09:00
Charter Slot,,,failed,False,2026-08-19T21:50:33.278837+09:00
Charter Snapshot,,,failed,False,2026-08-18T22:06:54.214613+09:00
Charter Stage,,,failed,False,2026-08-28T00:47:32.809688+09:00
Charter Stake,,,failed,False,2026-08-23T02:53:25.456581+09:00
Charter Statement,170.0,0.0,success,False,2026-08-21T00:30:11.509086+09:00
Charter Station,50.0,4.0,success,False,2026-08-17T23:07:59.739195+09:00
Charter Status,210.0,4.0,success,False,2026-08-19T20:40:40.887904+09:00
Charter Stub,,,failed,False,2026-08-21T00:30:05.948049+09:00
Charter Studio,,,failed,False,2026-08-17T23:13:17.884356+09:00
Charter Subsidy,,,failed,False,2026-08-23T15:50:44.796371+09:00
Charter Suite,10.0,0.0,success,False,2026-08-17T23:04:19.754704+09:00
Charter Sum,,,failed,False,2026-08-21T02:21:16.859864+09:00
Charter Summary,10.0,0.0,success,False,2026-08-19T21:12:45.437785+09:00
Charter Surtax,,,failed,False,2026-08-23T15:50:46.818166+09:00
Charter Sync,30.0,2.0,success,False,2026-08-17T23:12:17.050075+09:00
Charter Tab,,,failed,False,2026-08-21T00:30:51.297861+09:00
Charter Table,50.0,0.0,success,False,2026-08-19T21:49:41.666387+09:00
Charter Tag,,,failed,False,2026-08-19T13:23:22.980764+09:00
Charter Tally,,,failed,False,2026-08-21T00:30:19.986675+09:00
Charter Tariff,,,failed,False,2026-08-21T02:38:00.530165+09:00
Charter Tax,390.0,4.0,success,False,2026-08-21T02:12:27.062318+09:00
Charter Terminal,20.0,2.0,success,False,2026-08-17T23:13:53.612284+09:00
Charter Ticket,1000.0,44.0,success,False,2026-08-19T21:04:04.689181+09:00
Charter Tier,,,failed,False,2026-08-28T00:47:36.206546+09:00
Charter Timeline,,,failed,False,2026-08-19T21:12:57.141262+09:00
Charter Timer,,,failed,False,2026-08-28T00:24:44.523713+09:00
Charter Token,260.0,0.0,success,False,2026-08-23T13:26:15.190614+09:00
Charter Toll,,,failed,False,2026-08-21T02:37:53.787359+09:00
Charter Toolbox,,,failed,False,2026-08-28T00:24:51.336275+09:00
Charter Toolkit,,,failed,False,2026-08-18T22:06:27.903433+09:00
Charter Total,,,failed,False,2026-08-27T23:12:34.540185+09:00
Charter Tracker,,,failed,False,2026-08-17T23:11:16.019102+09:00
Charter Trail,,,failed,False,2026-08-17T23:06:32.975995+09:00
Charter Trend,,,failed,False,2026-08-28T01:05:34.038010+09:00
Charter Trial,10.0,0.0,success,False,2026-08-27T21:14:56.322045+09:00
Charter Unit,,,failed,False,2026-08-21T01:56:21.292165+09:00
Charter Update,10.0,14.0,success,False,2026-08-19T20:41:37.796650+09:00
Charter Value,90.0,1.0,success,False,2026-08-23T02:53:22.590239+09:00
Charter Vault,20.0,0.0,success,False,2026-08-17T23:14:35.084674+09:00
Charter Version,,,failed,False,2026-08-23T03:16:59.377666+09:00
Charter View,10.0,3.0,success,False,2026-08-19T20:40:49.478840+09:00
Charter Voucher,,,failed,False,2026-08-21T00:29:50.648703+09:00
Charter Watch,210.0,35.0,success,False,2026-08-17T23:05:27.218902+09:00
Charter Wave,10.0,2.0,success,False,2026-08-17T23:08:20.793662+09:00
Charter Widget,,,failed,False,2026-08-27T23:12:34.540185+09:00
Charter Workbench,,,failed,False,2026-08-18T22:06:16.619003+09:00
Charter Worksheet,,,failed,False,2026-08-27T22:09:13.645963+09:00
Charter Workshop,,,failed,False,2026-08-28T00:24:44.523713+09:00
Charter Zone,10.0,1.0,success,False,2026-08-17T23:08:38.142070+09:00
Chat Advance,1000.0,45.0,success,False,2026-08-23T16:12:24.179825+09:00
Chat Advisory,,,failed,False,2026-08-21T01:00:09.157430+09:00
Chat Allowance,,,failed,False,2026-08-21T02:42:41.863985+09:00
Chat Almanac,,,failed,False,2026-08-18T22:08:50.050771+09:00
Chat Analyzer,1300.0,1.0,success,False,2026-08-27T23:56:53.046222+09:00
Chat Anchor,10.0,0.0,success,False,2026-08-17T20:41:15.125085+09:00
Chat Arrears,,,failed,False,2026-08-23T16:12:20.898327+09:00
Chat Assistant,1000.0,24.0,success,False,2026-08-17T23:32:31.687734+09:00
Chat Atlas,2900.0,5.0,success,False,2026-08-18T07:52:40.105947+09:00
Chat Attribute,,,failed,False,2026-08-23T13:09:37.494287+09:00
Chat Badge,140.0,15.0,success,False,2026-08-21T00:36:44.968976+09:00
Chat Balance,50.0,0.0,success,False,2026-08-23T13:45:27.370408+09:00
Chat Base,14800.0,13.0,success,False,2026-08-17T21:38:26.629916+09:00
Chat Beacon,70.0,8.0,success,False,2026-08-17T20:44:36.649130+09:00
Chat Bill,320.0,6.0,success,False,2026-08-19T21:59:50.117537+09:00
Chat Blueprint,,,failed,False,2026-08-18T22:08:40.228889+09:00
Chat Board,3600.0,45.0,success,False,2026-08-17T21:35:08.893531+09:00
Chat Book,14800.0,42.0,success,False,2026-08-19T22:00:41.038270+09:00
Chat Bridge,260.0,8.0,success,False,2026-08-17T20:42:02.791525+09:00
Chat Brief,,,failed,False,2026-08-21T01:00:01.570868+09:00
Chat Bulletin,,,failed,False,2026-08-21T00:59:56.543467+09:00
Chat Calendar,260.0,2.0,success,False,2026-08-19T00:02:58.410814+09:00
Chat Card,320.0,8.0,success,False,2026-08-19T13:35:23.963790+09:00
Chat Cascade,10.0,0.0,success,False,2026-08-17T20:42:51.727520+09:00
Chat Cash,1900.0,0.0,success,True,2026-08-21T02:26:29.042609+09:00
Chat Catalog,320.0,0.0,success,False,2026-08-19T21:14:09.280828+09:00
Chat Category,30.0,0.0,success,False,2026-08-23T13:09:35.316031+09:00
Chat Center,8100.0,38.0,success,False,2026-08-17T20:47:13.736905+09:00
Chat Chain,170.0,29.0,success,False,2026-08-17T20:36:21.712002+09:00
Chat Charge,20.0,1.0,success,False,2026-08-21T02:42:34.441538+09:00
Chat Check,12100.0,21.0,success,False,2026-08-19T13:35:50.277889+09:00
Chat Checker,12100.0,21.0,success,False,2026-08-27T23:56:43.300961+09:00
Chat Checklist,40.0,1.0,success,False,2026-08-19T21:13:13.092758+09:00
Chat Circular,,,failed,False,2026-08-21T01:02:10.080773+09:00
Chat Cockpit,,,failed,False,2026-08-17T23:14:19.543456+09:00
Chat Code,1000.0,18.0,success,False,2026-08-19T22:00:08.446877+09:00
Chat Codex,880.0,22.0,success,False,2026-08-18T22:09:07.653451+09:00
Chat Companion,170.0,15.0,success,False,2026-08-17T23:33:38.106132+09:00
Chat Comparison,50.0,5.0,success,False,2026-08-28T01:07:41.597003+09:00
Chat Compass,170.0,7.0,success,False,2026-08-17T20:45:40.214755+09:00
Chat Compendium,,,failed,False,2026-08-18T22:08:59.053528+09:00
Chat Confirmation,,,failed,False,2026-08-21T01:00:20.571072+09:00
Chat Console,170.0,5.0,success,False,2026-08-17T20:44:14.789024+09:00
Chat Converter,140.0,5.0,success,False,2026-08-27T23:35:04.726489+09:00
Chat Core,70.0,7.0,success,False,2026-08-17T21:37:17.917122+09:00
Chat Cost,,,failed,False,2026-08-21T02:10:09.458176+09:00
Chat Count,2900.0,13.0,success,False,2026-08-27T22:48:17.330576+09:00
Chat Counter,2900.0,13.0,success,False,2026-08-19T00:03:41.244683+09:00
Chat Dashboard,720.0,7.0,success,False,2026-08-17T23:33:22.514665+09:00
Chat Deal,30.0,0.0,success,False,2026-08-21T01:53:31.985132+09:00
Chat Debt,40.0,7.0,success,False,2026-08-21T02:26:24.473700+09:00
Chat Deck,20.0,0.0,success,False,2026-08-17T21:34:05.861065+09:00
Chat Depot,20.0,0.0,success,False,2026-08-19T00:03:25.935082+09:00
Chat Desk,1600.0,18.0,success,False,2026-08-17T21:31:19.415531+09:00
Chat Detail,110.0,0.0,success,False,2026-08-23T03:23:04.042146+09:00
Chat Detector,22200.0,30.0,success,False,2026-08-27T23:56:50.543102+09:00
Chat Diagram,,,failed,False,2026-08-27T22:09:48.398152+09:00
Chat Dial,880.0,1.0,success,False,2026-08-17T20:42:22.378966+09:00
Chat Digest,10.0,1.0,success,False,2026-08-19T20:39:32.642664+09:00
Chat Directory,20.0,1.0,success,False,2026-08-19T00:03:06.405993+09:00
Chat Dock,50.0,0.0,success,False,2026-08-17T20:39:12.627798+09:00
Chat Dossier,10.0,0.0,success,False,2026-08-21T01:00:25.578415+09:00
Chat Draft,70.0,6.0,success,False,2026-08-19T20:39:47.752844+09:00
Chat Due,30.0,0.0,success,False,2026-08-23T15:50:42.648286+09:00
Chat Duty,390.0,29.0,success,False,2026-08-21T02:42:36.894313+09:00
Chat Engine,1300.0,6.0,success,False,2026-08-17T23:11:05.439479+09:00
Chat Entry,30.0,0.0,success,False,2026-08-21T01:00:38.610881+09:00
Chat Estimate,,,failed,False,2026-08-19T21:13:59.350184+09:00
Chat Excerpt,,,failed,False,2026-08-21T01:02:18.693445+09:00
Chat Fare,10.0,,success,False,2026-08-21T02:10:13.973101+09:00
Chat Fee,90.0,4.0,success,False,2026-08-21T01:53:13.904514+09:00
Chat Feed,260.0,0.0,success,False,2026-08-19T20:39:41.503731+09:00
Chat Field,33100.0,4.0,success,False,2026-08-23T13:09:39.563884+09:00
Chat File,590.0,5.0,success,False,2026-08-19T20:38:53.768635+09:00
Chat Finder,480.0,6.0,success,False,2026-08-19T00:03:21.455005+09:00
Chat Fine,50.0,6.0,success,False,2026-08-23T02:57:17.363671+09:00
Chat Flag,140.0,0.0,success,False,2026-08-21T00:25:13.031282+09:00
Chat Flow,2400.0,21.0,success,False,2026-08-17T21:34:37.066296+09:00
Chat Forge,70.0,0.0,success,False,2026-08-17T20:43:48.259554+09:00
Chat Form,880.0,5.0,success,False,2026-08-19T13:35:15.943675+09:00
Chat Format,1600.0,0.0,success,True,2026-08-23T13:09:42.107006+09:00
Chat Frame,590.0,0.0,success,False,2026-08-17T21:40:37.066671+09:00
Chat Fund,260.0,26.0,success,False,2026-08-21T02:26:26.896086+09:00
Chat Gate,320.0,16.0,success,False,2026-08-17T20:33:36.115262+09:00
Chat Generator,2900.0,12.0,success,False,2026-08-27T23:35:04.726489+09:00
Chat Grade,,,failed,False,2026-08-21T00:24:51.764822+09:00
Chat Graph,90.0,7.0,success,False,2026-08-27T22:09:32.047106+09:00
Chat Grid,50.0,3.0,success,False,2026-08-17T20:36:55.192509+09:00
Chat Guarantee,,,failed,False,2026-08-28T01:07:47.366767+09:00
Chat Guard,210.0,5.0,success,False,2026-08-17T21:37:49.733247+09:00
Chat Guidebook,,,failed,False,2026-08-18T22:08:23.655372+09:00
Chat Helpdesk,170.0,26.0,success,False,2026-08-27T22:48:17.330576+09:00
Chat Helper,1000.0,17.0,success,False,2026-08-28T00:26:09.270269+09:00
Chat History,8100.0,1.0,success,False,2026-08-19T20:38:42.409315+09:00
Chat Hotline,4400.0,2.0,success,False,2026-08-19T21:14:19.651241+09:00
Chat Hub,246000.0,6.0,success,False,2026-08-17T21:33:32.175377+09:00
Chat Identifier,4400.0,1.0,success,False,2026-08-23T13:09:35.316031+09:00
Chat Inbox,480.0,4.0,success,False,2026-08-19T12:24:05.330216+09:00
Chat Index,110.0,1.0,success,False,2026-08-19T21:13:23.011051+09:00
Chat Insight,30.0,11.0,success,False,2026-08-17T23:07:26.971457+09:00
Chat Item,2900.0,0.0,success,True,2026-08-21T01:53:18.147315+09:00
Chat Journal,70.0,2.0,success,False,2026-08-18T22:08:09.141836+09:00
Chat Keeper,40.0,0.0,success,False,2026-08-17T21:41:19.053416+09:00
Chat Kit,480.0,6.0,success,False,2026-08-27T22:48:13.756184+09:00
Chat Lab,880.0,8.0,success,False,2026-08-17T21:31:54.606698+09:00
Chat Label,70.0,4.0,success,False,2026-08-27T22:09:38.149454+09:00
Chat Ledger,,,failed,False,2026-08-17T21:36:17.240271+09:00
Chat Lens,110.0,2.0,success,False,2026-08-17T21:41:49.444267+09:00
Chat Level,590.0,13.0,success,False,2026-08-19T20:39:03.354865+09:00
Chat Link,6600.0,19.0,success,False,2026-08-23T03:22:56.392022+09:00
Chat List,3600.0,0.0,success,True,2026-08-19T22:00:20.280558+09:00
Chat Loan,70.0,14.0,success,False,2026-08-21T02:10:21.556989+09:00
Chat Locator,880.0,1.0,success,False,2026-08-19T00:03:12.143780+09:00
Chat Lock,4400.0,11.0,success,False,2026-08-17T20:31:55.017364+09:00
Chat Log,4400.0,0.0,success,True,2026-08-19T13:35:09.228952+09:00
Chat Loop,90.0,3.0,success,False,2026-08-17T20:37:55.339961+09:00
Chat Manager,1900.0,3.0,success,False,2026-08-17T21:39:15.761980+09:00
Chat Map,1900.0,0.0,success,True,2026-08-18T07:52:13.300527+09:00
Chat Markup,,,failed,False,2026-08-23T16:37:59.116023+09:00
Chat Memo,320.0,2.0,success,False,2026-08-21T00:24:59.301324+09:00
Chat Message,6600.0,3.0,success,False,2026-08-27T23:13:41.688189+09:00
Chat Meter,2900.0,20.0,success,False,2026-08-17T20:41:41.231730+09:00
Chat Metrics,210.0,12.0,success,False,2026-08-17T23:33:09.699963+09:00
Chat Monitor,590.0,35.0,success,False,2026-08-17T23:32:58.780092+09:00
Chat Navigator,30.0,2.0,success,False,2026-08-17T23:09:05.527725+09:00
Chat Nexus,170.0,2.0,success,False,2026-08-17T20:32:30.733040+09:00
Chat Node,390.0,4.0,success,False,2026-08-17T20:34:31.529799+09:00
Chat Note,720.0,5.0,success,False,2026-08-19T13:36:50.709528+09:00
Chat Notification,1600.0,0.0,success,True,2026-08-27T22:48:06.633980+09:00
Chat Number,,,failed,False,2026-08-23T03:22:45.099275+09:00
Chat Office,1000.0,11.0,success,False,2026-08-19T00:03:34.698010+09:00
Chat Ops,1300.0,6.0,success,False,2026-08-17T23:23:39.258674+09:00
Chat Organizer,20.0,3.0,success,False,2026-08-17T23:12:38.430162+09:00
Chat Overage,,,failed,False,2026-08-27T21:46:42.401025+09:00
Chat Panel,390.0,4.0,success,False,2026-08-17T20:43:22.316757+09:00
Chat Pass,590.0,0.0,success,False,2026-08-21T00:36:37.815514+09:00
Chat Path,320.0,2.0,success,False,2026-08-17T20:34:07.278551+09:00
Chat Penalty,,,failed,False,2026-08-23T16:37:56.709879+09:00
Chat Petition,,,failed,False,2026-08-21T01:00:16.070819+09:00
Chat Pilot,1900.0,24.0,success,False,2026-08-17T21:32:31.405261+09:00
Chat Plan,260.0,15.0,success,False,2026-08-21T01:53:28.626980+09:00
Chat Planner,,,failed,False,2026-08-17T23:05:32.537259+09:00
Chat Playbook,10.0,50.0,success,False,2026-08-18T22:08:02.449968+09:00
Chat Point,2400.0,2.0,success,False,2026-08-17T20:33:05.160713+09:00
Chat Portal,1900.0,4.0,success,False,2026-08-17T20:45:14.001779+09:00
Chat Preview,140.0,0.0,success,False,2026-08-28T01:07:41.597003+09:00
Chat Profile,320.0,0.0,success,False,2026-08-19T13:37:14.131003+09:00
Chat Profit,20.0,11.0,success,False,2026-08-23T02:57:10.108047+09:00
Chat Proposal,20.0,0.0,success,False,2026-08-28T01:07:44.108969+09:00
Chat Pulse,1000.0,9.0,success,False,2026-08-17T20:35:55.625501+09:00
Chat Queue,720.0,0.0,success,False,2026-08-19T21:13:48.359259+09:00
Chat Quota,10.0,0.0,success,False,2026-08-21T00:25:04.867976+09:00
Chat Radar,390.0,2.0,success,False,2026-08-17T21:30:13.279777+09:00
Chat Rail,260.0,4.0,success,False,2026-08-17T20:38:14.865229+09:00
Chat Rate,33100.0,0.0,success,True,2026-08-19T20:39:14.214038+09:00
Chat Recap,210.0,3.0,success,False,2026-08-21T01:00:29.585982+09:00
Chat Receipt,30.0,0.0,success,False,2026-08-19T21:59:58.757000+09:00
Chat Recorder,6600.0,1.0,success,False,2026-08-27T23:35:04.726489+09:00
Chat Register,110.0,5.0,success,False,2026-08-17T22:50:36.545244+09:00
Chat Registry,10.0,0.0,success,False,2026-08-18T22:08:32.701996+09:00
Chat Relay,1300.0,0.0,success,True,2026-08-17T20:47:53.457764+09:00
Chat Reminder,30.0,0.0,success,False,2026-08-19T21:12:59.685218+09:00
Chat Report,480.0,0.0,success,False,2026-08-19T13:34:22.181534+09:00
Chat Repository,,,failed,False,2026-08-27T23:13:50.940196+09:00
Chat Roadmap,,,failed,False,2026-08-18T22:09:15.023895+09:00
Chat Roster,10.0,0.0,success,False,2026-08-19T00:38:02.838044+09:00
Chat Route,110.0,1.0,success,False,2026-08-17T20:40:06.808560+09:00
Chat Rule,1600.0,1.0,success,False,2026-08-23T03:23:00.689817+09:00
Chat Sale,1600.0,8.0,success,False,2026-08-21T02:26:32.701256+09:00
Chat Sample,1000.0,0.0,success,True,2026-08-19T22:01:01.799694+09:00
Chat Scale,70.0,0.0,success,False,2026-08-17T20:40:52.069695+09:00
Chat Scanner,1900.0,9.0,success,False,2026-08-27T23:56:47.564941+09:00
Chat Scheduler,70.0,0.0,success,False,2026-08-17T23:32:47.059992+09:00
Chat Scope,20.0,1.0,success,False,2026-08-17T20:38:41.975413+09:00
Chat Score,320.0,1.0,success,False,2026-08-19T13:36:10.470400+09:00
Chat Sentry,30.0,0.0,success,False,2026-08-18T07:52:51.639177+09:00
Chat Sheet,74000.0,0.0,success,True,2026-08-19T13:35:34.985408+09:00
Chat Signal,590.0,2.0,success,False,2026-08-17T20:40:31.600880+09:00
Chat Slip,30.0,0.0,success,False,2026-08-19T22:00:50.592987+09:00
Chat Slot,140.0,2.0,success,False,2026-08-19T22:01:11.142813+09:00
Chat Snapshot,10.0,0.0,success,False,2026-08-18T22:08:17.707470+09:00
Chat Stake,30.0,14.0,success,False,2026-08-23T02:57:13.068042+09:00
Chat Statement,,,failed,False,2026-08-21T00:36:53.427787+09:00
Chat Station,320.0,1.0,success,False,2026-08-17T21:30:45.538595+09:00
Chat Status,18100.0,0.0,success,True,2026-08-19T20:38:24.406986+09:00
Chat Stub,,,failed,False,2026-08-21T00:36:50.529911+09:00
Chat Studio,1300.0,5.0,success,False,2026-08-17T21:33:05.832312+09:00
Chat Suite,30.0,32.0,success,False,2026-08-17T23:32:18.106895+09:00
Chat Sum,20.0,0.0,success,False,2026-08-21T02:26:21.259847+09:00
Chat Summary,170.0,6.0,success,False,2026-08-19T21:12:37.502456+09:00
Chat Sync,110.0,3.0,success,False,2026-08-17T21:35:41.309233+09:00
Chat Tab,720.0,1.0,success,False,2026-08-21T00:25:18.497443+09:00
Chat Table,880.0,56.0,success,False,2026-08-19T22:00:29.201659+09:00
Chat Tag,4400.0,16.0,success,False,2026-08-19T13:37:00.513744+09:00
Chat Tally,,,failed,False,2026-08-21T00:24:43.469777+09:00
Chat Tariff,,,failed,False,2026-08-21T02:42:47.286881+09:00
Chat Tax,880.0,3.0,success,False,2026-08-21T02:10:17.497387+09:00
Chat Ticket,140.0,6.0,success,False,2026-08-19T21:13:36.060170+09:00
Chat Timeline,30.0,0.0,success,False,2026-08-19T21:12:47.142527+09:00
Chat Timer,480.0,1.0,success,False,2026-08-28T00:26:03.782064+09:00
Chat Toll,,,failed,False,2026-08-21T02:42:39.559962+09:00
Chat Toolbox,,,failed,False,2026-08-28T00:26:09.270269+09:00
Chat Toolkit,10.0,7.0,success,False,2026-08-18T22:07:53.653114+09:00
Chat Total,9900.0,4.0,success,False,2026-08-27T23:13:41.688189+09:00
Chat Tracker,3600.0,17.0,success,False,2026-08-17T21:36:40.900045+09:00
Chat Trail,110.0,2.0,success,False,2026-08-17T20:37:21.758511+09:00
Chat Trend,480.0,2.0,success,False,2026-08-28T01:07:38.587205+09:00
Chat Trial,70.0,12.0,success,False,2026-08-27T21:15:22.797193+09:00
Chat Unit,10.0,5.0,success,False,2026-08-21T02:05:44.847740+09:00
Chat Update,5400.0,0.0,success,True,2026-08-19T20:39:24.748166+09:00
Chat Vault,110.0,1.0,success,False,2026-08-17T20:46:29.220439+09:00
Chat Version,170.0,1.0,success,False,2026-08-23T03:22:53.557175+09:00
Chat View,720.0,0.0,success,False,2026-08-19T20:38:33.715363+09:00
Chat Voucher,20.0,0.0,success,False,2026-08-21T00:36:40.261906+09:00
Chat Watch,14800.0,6.0,success,False,2026-08-17T20:39:37.454360+09:00
Chat Wave,590.0,2.0,success,False,2026-08-17T20:34:58.202084+09:00
Chat Widget,2400.0,25.0,success,False,2026-08-27T23:13:44.050852+09:00
Chat Workbench,,,failed,False,2026-08-18T22:07:45.209206+09:00
Chat Zone,90500.0,3.0,success,False,2026-08-17T20:46:01.536512+09:00
Checkin Advance,,,failed,False,2026-08-23T16:11:58.973572+09:00
Checkin Advisory,,,failed,False,2026-08-21T01:07:47.643040+09:00
Checkin Allowance,,,failed,False,2026-08-21T02:38:47.806400+09:00
Checkin Almanac,,,failed,False,2026-08-18T22:06:35.395449+09:00
Checkin Analyzer,,,failed,False,2026-08-27T23:51:12.915875+09:00
Checkin Anchor,,,failed,False,2026-08-17T20:44:45.631544+09:00
Checkin Arrears,,,failed,False,2026-08-23T16:11:56.492802+09:00
Checkin Assistant,90.0,1.0,success,False,2026-08-17T22:46:57.477508+09:00
Checkin Atlas,,,failed,False,2026-08-17T20:35:38.392873+09:00
Checkin Badge,,,failed,False,2026-08-21T00:34:16.638003+09:00
Checkin Base,20.0,6.0,success,False,2026-08-17T20:32:07.300250+09:00
Checkin Beacon,,,failed,False,2026-08-17T21:30:24.502544+09:00
Checkin Bill,,,failed,False,2026-08-19T21:55:03.832007+09:00
Checkin Blueprint,,,failed,False,2026-08-18T22:06:25.984558+09:00
Checkin Board,,,failed,False,2026-08-17T21:40:51.783967+09:00
Checkin Book,1000.0,20.0,success,False,2026-08-19T21:55:51.993679+09:00
Checkin Bridge,,,failed,False,2026-08-17T20:45:48.787557+09:00
Checkin Brief,,,failed,False,2026-08-21T01:07:41.387893+09:00
Checkin Bulletin,,,failed,False,2026-08-21T01:07:35.741700+09:00
Checkin Cabinet,,,failed,False,2026-08-27T23:11:34.108403+09:00
Checkin Calendar,,,failed,False,2026-08-19T00:03:16.369023+09:00
Checkin Card,590.0,57.0,success,False,2026-08-19T13:28:46.213071+09:00
Checkin Cascade,,,failed,False,2026-08-17T20:46:51.703605+09:00
Checkin Cash,1900.0,16.0,success,False,2026-08-21T02:22:16.250751+09:00
Checkin Catalog,,,failed,False,2026-08-19T21:09:48.311531+09:00
Checkin Center,720.0,1.0,success,False,2026-08-17T21:33:17.550972+09:00
Checkin Chain,,,failed,False,2026-08-17T20:40:15.034726+09:00
Checkin Charge,,,failed,False,2026-08-21T02:38:37.938007+09:00
Checkin Check,,,failed,False,2026-08-19T13:29:07.755274+09:00
Checkin Checklist,,,failed,False,2026-08-19T21:08:46.825044+09:00
Checkin Circular,,,failed,False,2026-08-21T01:07:45.419245+09:00
Checkin Cockpit,,,failed,False,2026-08-17T23:24:23.365405+09:00
Checkin Code,1300.0,0.0,success,True,2026-08-19T21:55:20.954175+09:00
Checkin Codex,,,failed,False,2026-08-18T22:06:52.142585+09:00
Checkin Companion,,,failed,False,2026-08-17T23:10:43.579186+09:00
Checkin Comparison,,,failed,False,2026-08-28T01:02:31.716235+09:00
Checkin Compass,,,failed,False,2026-08-17T21:31:35.848823+09:00
Checkin Compendium,,,failed,False,2026-08-18T22:06:43.515975+09:00
Checkin Confirmation,,,failed,False,2026-08-21T01:07:56.327187+09:00
Checkin Console,,,failed,False,2026-08-17T20:48:44.119140+09:00
Checkin Contribution,,,failed,False,2026-08-23T16:11:56.492802+09:00
Checkin Core,,,failed,False,2026-08-18T07:52:20.987077+09:00
Checkin Cost,,,failed,False,2026-08-21T02:06:11.713342+09:00
Checkin Count,,,failed,False,2026-08-27T22:46:20.664142+09:00
Checkin Counter,4400.0,4.0,success,False,2026-08-18T23:57:02.622913+09:00
Checkin Dashboard,,,failed,False,2026-08-17T22:50:34.703098+09:00
Checkin Deal,,,failed,False,2026-08-21T01:59:08.747160+09:00
Checkin Debt,,,failed,False,2026-08-21T02:22:07.753021+09:00
Checkin Deck,,,failed,False,2026-08-17T21:38:37.304138+09:00
Checkin Depot,,,failed,False,2026-08-19T00:03:43.919454+09:00
Checkin Desk,3600.0,30.0,success,False,2026-08-17T21:35:52.306880+09:00
Checkin Detail,,,failed,False,2026-08-23T03:14:51.168783+09:00
Checkin Detector,,,failed,False,2026-08-27T23:51:10.379112+09:00
Checkin Diagram,,,failed,False,2026-08-27T22:08:24.051026+09:00
Checkin Dial,,,failed,False,2026-08-17T20:46:12.433556+09:00
Checkin Digest,,,failed,False,2026-08-19T20:37:18.555970+09:00
Checkin Directory,,,failed,False,2026-08-19T00:03:23.645450+09:00
Checkin Discount,,,failed,False,2026-08-23T16:11:49.502531+09:00
Checkin Dock,,,failed,False,2026-08-17T20:42:36.789908+09:00
Checkin Dossier,,,failed,False,2026-08-21T01:07:58.607843+09:00
Checkin Draft,,,failed,False,2026-08-19T20:37:40.051699+09:00
Checkin Due,,,failed,False,2026-08-23T15:50:35.558538+09:00
Checkin Duty,,,failed,False,2026-08-21T02:38:41.018051+09:00
Checkin Endowment,,,failed,False,2026-08-23T15:50:42.648286+09:00
Checkin Engine,10.0,2.0,success,False,2026-08-17T23:32:45.524936+09:00
Checkin Entry,,,failed,False,2026-08-21T01:08:10.104042+09:00
Checkin Estimate,,,failed,False,2026-08-19T21:09:36.551386+09:00
Checkin Estimator,,,failed,False,2026-08-27T23:51:04.044510+09:00
Checkin Excerpt,,,failed,False,2026-08-21T01:08:06.645069+09:00
Checkin Extension,,,failed,False,2026-08-23T16:37:37.262949+09:00
Checkin Fare,,,failed,False,2026-08-21T02:06:22.333595+09:00
Checkin Fee,,,failed,False,2026-08-21T01:58:53.203684+09:00
Checkin Feed,,,failed,False,2026-08-19T20:37:31.186118+09:00
Checkin Field,,,failed,False,2026-08-23T13:04:50.850524+09:00
Checkin File,,,failed,False,2026-08-19T20:43:52.054689+09:00
Checkin Finder,,,failed,False,2026-08-19T00:03:38.462918+09:00
Checkin Fine,,,failed,False,2026-08-23T02:54:23.224881+09:00
Checkin Flag,,,failed,False,2026-08-21T00:34:49.507039+09:00
Checkin Flow,,,failed,False,2026-08-17T21:39:28.354494+09:00
Checkin Forge,,,failed,False,2026-08-17T20:48:06.680156+09:00
Checkin Form,590.0,7.0,success,False,2026-08-19T13:28:36.830433+09:00
Checkin Format,,,failed,False,2026-08-23T13:04:54.297618+09:00
Checkin Frame,,,failed,False,2026-08-17T20:33:16.020559+09:00
Checkin Fund,,,failed,False,2026-08-21T02:22:13.751196+09:00
Checkin Gate,,,failed,False,2026-08-17T20:37:32.011303+09:00
Checkin Generator,4400.0,1.0,success,False,2026-08-27T23:31:16.874593+09:00
Checkin Grade,,,failed,False,2026-08-21T00:34:35.312701+09:00
Checkin Graph,,,failed,False,2026-08-27T22:08:10.673360+09:00
Checkin Grid,,,failed,False,2026-08-17T20:40:36.395454+09:00
Checkin Guarantee,,,failed,False,2026-08-28T01:02:34.403760+09:00
Checkin Guard,,,failed,False,2026-08-17T20:31:33.560642+09:00
Checkin Guidebook,,,failed,False,2026-08-18T22:06:05.649081+09:00
Checkin Helpdesk,,,failed,False,2026-08-27T22:46:23.139331+09:00
Checkin Helper,,,failed,False,2026-08-28T00:21:32.683664+09:00
Checkin History,,,failed,False,2026-08-19T20:43:44.541784+09:00
Checkin Hotline,,,failed,False,2026-08-19T21:10:05.581791+09:00
Checkin Hub,10.0,0.0,success,False,2026-08-17T21:38:03.717082+09:00
Checkin Identifier,,,failed,False,2026-08-23T13:04:45.223955+09:00
Checkin Index,,,failed,False,2026-08-19T21:08:58.951614+09:00
Checkin Insight,,,failed,False,2026-08-17T23:24:03.266981+09:00
Checkin Installment,,,failed,False,2026-08-23T16:11:52.886405+09:00
Checkin Item,,,failed,False,2026-08-21T01:58:57.371926+09:00
Checkin Journal,50.0,92.0,success,False,2026-08-18T22:05:47.884963+09:00
Checkin Keeper,,,failed,False,2026-08-17T20:33:47.539654+09:00
Checkin Kit,,,failed,False,2026-08-27T22:46:12.811571+09:00
Checkin Lab,,,failed,False,2026-08-17T21:36:26.445152+09:00
Checkin Label,,,failed,False,2026-08-27T22:08:16.098998+09:00
Checkin Ledger,,,failed,False,2026-08-18T07:52:20.987077+09:00
Checkin Lens,,,failed,False,2026-08-17T20:34:16.019094+09:00
Checkin Link,,,failed,False,2026-08-23T03:14:42.643964+09:00
Checkin List,720.0,10.0,success,False,2026-08-19T21:55:31.155886+09:00
Checkin Loan,,,failed,False,2026-08-21T02:06:32.230213+09:00
Checkin Locator,,,failed,False,2026-08-19T00:03:31.307926+09:00
Checkin Lock,,,failed,False,2026-08-17T20:36:06.570384+09:00
Checkin Log,,,failed,False,2026-08-19T13:28:26.877196+09:00
Checkin Loop,,,failed,False,2026-08-17T20:41:20.787117+09:00
Checkin Manager,,,failed,False,2026-08-17T20:32:44.310093+09:00
Checkin Manual,,,failed,False,2026-08-27T22:08:21.698192+09:00
Checkin Map,50.0,1.0,success,False,2026-08-17T20:35:08.080059+09:00
Checkin Margin,,,failed,False,2026-08-23T02:54:19.843201+09:00
Checkin Marker,,,failed,False,2026-08-23T13:26:35.864064+09:00
Checkin Memo,,,failed,False,2026-08-21T00:34:40.769437+09:00
Checkin Message,,,failed,False,2026-08-27T23:11:25.184143+09:00
Checkin Meter,,,failed,False,2026-08-17T20:45:24.269018+09:00
Checkin Metrics,,,failed,False,2026-08-17T23:09:02.276027+09:00
Checkin Monitor,,,failed,False,2026-08-17T23:04:56.078956+09:00
Checkin Navigator,,,failed,False,2026-08-17T23:23:36.709980+09:00
Checkin Nexus,,,failed,False,2026-08-17T20:36:35.862750+09:00
Checkin Node,,,failed,False,2026-08-17T20:38:24.877008+09:00
Checkin Note,,,failed,False,2026-08-19T13:29:43.800182+09:00
Checkin Notification,,,failed,False,2026-08-27T22:46:08.024081+09:00
Checkin Number,,,failed,False,2026-08-23T03:18:25.372913+09:00
Checkin Office,,,failed,False,2026-08-19T00:03:53.943426+09:00
Checkin Ops,,,failed,False,2026-08-17T23:05:09.501218+09:00
Checkin Organizer,,,failed,False,2026-08-17T23:23:45.943375+09:00
Checkin Overdraft,,,failed,False,2026-08-23T15:50:38.471158+09:00
Checkin Overdue,,,failed,False,2026-08-27T21:46:15.571619+09:00
Checkin Panel,,,failed,False,2026-08-17T20:47:25.656493+09:00
Checkin Pass,,,failed,False,2026-08-21T00:34:07.252682+09:00
Checkin Path,,,failed,False,2026-08-17T20:38:03.705761+09:00
Checkin Penalty,,,failed,False,2026-08-23T16:37:34.255373+09:00
Checkin Petition,,,failed,False,2026-08-21T01:07:51.915989+09:00
Checkin Pilot,,,failed,False,2026-08-17T21:36:52.396982+09:00
Checkin Plan,10.0,34.0,success,False,2026-08-21T01:59:06.761411+09:00
Checkin Planner,,,failed,False,2026-08-17T23:23:26.681151+09:00
Checkin Playbook,,,failed,False,2026-08-18T22:05:40.235062+09:00
Checkin Plaza,,,failed,False,2026-08-19T00:23:43.046041+09:00
Checkin Point,2900.0,3.0,success,False,2026-08-17T20:37:03.531282+09:00
Checkin Portal,,,failed,False,2026-08-17T21:30:57.458125+09:00
Checkin Preview,,,failed,False,2026-08-28T01:02:31.716235+09:00
Checkin Profile,,,failed,False,2026-08-19T13:30:02.018673+09:00
Checkin Profit,,,failed,False,2026-08-23T02:54:13.248458+09:00
Checkin Pulse,,,failed,False,2026-08-17T20:39:49.091027+09:00
Checkin Queue,,,failed,False,2026-08-19T21:09:24.314607+09:00
Checkin Quota,,,failed,False,2026-08-21T00:34:44.893530+09:00
Checkin Radar,,,failed,False,2026-08-17T21:34:50.586670+09:00
Checkin Rail,,,failed,False,2026-08-17T20:41:50.983322+09:00
Checkin Rate,,,failed,False,2026-08-19T20:44:03.742658+09:00
Checkin Recap,,,failed,False,2026-08-21T01:08:04.647718+09:00
Checkin Receipt,,,failed,False,2026-08-19T21:55:14.913375+09:00
Checkin Recorder,,,failed,False,2026-08-27T23:31:16.874593+09:00
Checkin Register,,,failed,False,2026-08-17T23:23:52.832374+09:00
Checkin Registry,,,failed,False,2026-08-18T22:06:14.738388+09:00
Checkin Relay,,,failed,False,2026-08-17T21:33:42.291802+09:00
Checkin Reminder,,,failed,False,2026-08-19T21:08:35.799168+09:00
Checkin Report,,,failed,False,2026-08-19T13:28:15.783876+09:00
Checkin Repository,,,failed,False,2026-08-27T23:11:34.108403+09:00
Checkin Roadmap,,,failed,False,2026-08-18T22:07:01.170489+09:00
Checkin Roster,,,failed,False,2026-08-19T00:36:42.974778+09:00
Checkin Route,,,failed,False,2026-08-17T20:43:30.530213+09:00
Checkin Rule,,,failed,False,2026-08-23T03:14:46.268297+09:00
Checkin Sale,,,failed,False,2026-08-21T02:22:24.634972+09:00
Checkin Sample,,,failed,False,2026-08-19T21:56:14.793890+09:00
Checkin Scale,,,failed,False,2026-08-17T20:44:22.162347+09:00
Checkin Scanner,,,failed,False,2026-08-27T23:51:07.494975+09:00
Checkin Scheduler,,,failed,False,2026-08-17T23:07:23.914294+09:00
Checkin Scope,,,failed,False,2026-08-17T20:42:11.427186+09:00
Checkin Score,,,failed,False,2026-08-19T13:29:22.570342+09:00
Checkin Sentry,,,failed,False,2026-08-17T20:34:40.569545+09:00
Checkin Serial,,,failed,False,2026-08-23T13:26:25.215433+09:00
Checkin Sheet,480.0,4.0,success,False,2026-08-19T13:28:58.111204+09:00
Checkin Signal,,,failed,False,2026-08-17T20:43:58.581518+09:00
Checkin Signature,,,failed,False,2026-08-23T13:26:32.402839+09:00
Checkin Slip,,,failed,False,2026-08-19T21:56:01.385775+09:00
Checkin Slot,,,failed,False,2026-08-19T21:56:27.780319+09:00
Checkin Snapshot,,,failed,False,2026-08-18T22:05:57.658157+09:00
Checkin Stake,,,failed,False,2026-08-23T02:54:17.672874+09:00
Checkin Stamp,,,failed,False,2026-08-23T13:26:35.864064+09:00
Checkin Statement,,,failed,False,2026-08-21T00:34:25.670499+09:00
Checkin Station,590.0,5.0,success,False,2026-08-17T21:35:20.515813+09:00
Checkin Status,320.0,1.0,success,False,2026-08-19T20:43:28.887944+09:00
Checkin Streak,,,failed,False,2026-08-28T00:45:55.588446+09:00
Checkin Stub,,,failed,False,2026-08-21T00:34:21.181247+09:00
Checkin Studio,260.0,2.0,success,False,2026-08-17T21:37:30.311680+09:00
Checkin Subsidy,,,failed,False,2026-08-23T15:50:40.596656+09:00
Checkin Suite,,,failed,False,2026-08-17T23:05:30.117127+09:00
Checkin Sum,,,failed,False,2026-08-21T02:22:03.460496+09:00
Checkin Summary,,,failed,False,2026-08-19T21:08:13.592372+09:00
Checkin Surtax,,,failed,False,2026-08-23T15:50:44.796371+09:00
Checkin Sync,,,failed,False,2026-08-17T21:41:31.698252+09:00
Checkin Tab,,,failed,False,2026-08-21T00:34:53.693924+09:00
Checkin Table,260.0,83.0,success,False,2026-08-19T21:55:41.048712+09:00
Checkin Tag,880.0,3.0,success,False,2026-08-19T13:29:52.884526+09:00
Checkin Tally,,,failed,False,2026-08-21T00:34:30.806569+09:00
Checkin Tariff,,,failed,False,2026-08-21T02:38:51.441238+09:00
Checkin Tax,,,failed,False,2026-08-21T02:06:27.364500+09:00
Checkin Ticket,880.0,9.0,success,False,2026-08-19T21:09:10.178555+09:00
Checkin Timeline,,,failed,False,2026-08-19T21:08:23.714003+09:00
Checkin Timer,10.0,0.0,success,False,2026-08-28T00:21:22.221803+09:00
Checkin Token,,,failed,False,2026-08-23T13:26:30.213560+09:00
Checkin Toll,,,failed,False,2026-08-21T02:38:43.386978+09:00
Checkin Toolbox,,,failed,False,2026-08-28T00:21:30.022858+09:00
Checkin Toolkit,,,failed,False,2026-08-18T22:05:30.177500+09:00
Checkin Total,,,failed,False,2026-08-27T23:11:28.090319+09:00
Checkin Tracker,,,failed,False,2026-08-18T07:43:30.092641+09:00
Checkin Trail,,,failed,False,2026-08-17T20:41:00.568700+09:00
Checkin Trend,,,failed,False,2026-08-28T01:02:28.948807+09:00
Checkin Trial,,,failed,False,2026-08-27T21:14:16.452058+09:00
Checkin Unit,,,failed,False,2026-08-21T01:59:00.317369+09:00
Checkin Update,,,failed,False,2026-08-19T20:44:10.013145+09:00
Checkin Value,,,failed,False,2026-08-23T02:54:15.524012+09:00
Checkin Vault,,,failed,False,2026-08-17T21:32:47.122898+09:00
Checkin View,,,failed,False,2026-08-19T20:43:36.722310+09:00
Checkin Voucher,,,failed,False,2026-08-21T00:34:11.970110+09:00
Checkin Wallet,,,failed,False,2026-08-27T22:46:20.664142+09:00
Checkin Watch,,,failed,False,2026-08-17T20:43:05.974432+09:00
Checkin Wave,,,failed,False,2026-08-17T20:38:53.767345+09:00
Checkin Widget,,,failed,False,2026-08-27T23:11:31.507435+09:00
Checkin Window,,,failed,False,2026-08-19T12:24:37.833597+09:00
Checkin Workbench,,,failed,False,2026-08-18T22:05:21.769406+09:00
Checkin Worksheet,,,failed,False,2026-08-27T22:08:24.051026+09:00
Checkin Workshop,,,failed,False,2026-08-28T00:21:24.701670+09:00
Checkin Zone,70.0,3.0,success,False,2026-08-17T21:32:11.115049+09:00
Checklist Advisory,,,failed,False,2026-08-21T01:09:32.208799+09:00
Checklist Allowance,,,failed,False,2026-08-21T02:37:55.962761+09:00
Checklist Almanac,,,failed,False,2026-08-18T22:09:17.362565+09:00
Checklist Analyzer,,,failed,False,2026-08-27T23:54:32.984482+09:00
Checklist Anchor,,,failed,False,2026-08-17T23:29:51.250400+09:00
Checklist Assistant,,,failed,False,2026-08-17T23:26:10.639676+09:00
Checklist Atlas,,,failed,False,2026-08-17T23:25:05.910381+09:00
Checklist Attribute,,,failed,False,2026-08-23T13:05:51.104957+09:00
Checklist Base,,,failed,False,2026-08-17T23:31:48.177682+09:00
Checklist Beacon,,,failed,False,2026-08-17T23:29:16.727834+09:00
Checklist Bill,,,failed,False,2026-08-19T22:03:56.439657+09:00
Checklist Blueprint,,,failed,False,2026-08-18T22:09:09.487365+09:00
Checklist Board,590.0,96.0,success,False,2026-08-17T23:10:52.063537+09:00
Checklist Book,1600.0,55.0,success,False,2026-08-19T22:04:49.676934+09:00
Checklist Bridge,,,failed,False,2026-08-17T23:09:36.803243+09:00
Checklist Brief,,,failed,False,2026-08-21T01:09:25.502385+09:00
Checklist Bulletin,,,failed,False,2026-08-21T01:09:22.527514+09:00
Checklist Cabinet,,,failed,False,2026-08-27T23:12:25.065400+09:00
Checklist Calendar,170.0,93.0,success,False,2026-08-19T00:05:29.382308+09:00
Checklist Card,260.0,7.0,success,False,2026-08-19T13:32:52.541757+09:00
Checklist Cascade,,,failed,False,2026-08-17T23:29:37.041815+09:00
Checklist Cash,,,failed,False,2026-08-21T02:21:52.863298+09:00
Checklist Category,,,failed,False,2026-08-23T13:05:48.567186+09:00
Checklist Center,90.0,0.0,success,False,2026-08-17T23:07:11.054257+09:00
Checklist Chain,,,failed,False,2026-08-17T23:12:08.094400+09:00
Checklist Charge,,,failed,False,2026-08-21T02:37:42.077569+09:00
Checklist Check,246000.0,7.0,success,False,2026-08-19T13:33:08.765794+09:00
Checklist Checker,,,failed,False,2026-08-27T23:54:27.974840+09:00
Checklist Circular,,,failed,False,2026-08-21T01:09:29.468190+09:00
Checklist Cockpit,10.0,0.0,success,False,2026-08-17T23:13:28.338167+09:00
Checklist Code,20.0,3.0,success,False,2026-08-19T22:04:17.404214+09:00
Checklist Codex,,,failed,False,2026-08-18T22:09:32.067298+09:00
Checklist Companion,,,failed,False,2026-08-17T23:27:23.938977+09:00
Checklist Comparison,90.0,0.0,success,False,2026-08-28T01:04:42.727086+09:00
Checklist Compass,,,failed,False,2026-08-17T23:07:52.950180+09:00
Checklist Compendium,,,failed,False,2026-08-18T22:09:23.803071+09:00
Checklist Confirmation,,,failed,False,2026-08-21T01:09:42.916632+09:00
Checklist Console,,,failed,False,2026-08-17T23:33:13.848442+09:00
Checklist Core,,,failed,False,2026-08-17T23:03:37.118721+09:00
Checklist Cost,,,failed,False,2026-08-21T02:06:36.583403+09:00
Checklist Count,,,failed,False,2026-08-27T22:47:20.471641+09:00
Checklist Counter,,,failed,False,2026-08-18T23:57:53.791592+09:00
Checklist Dashboard,50.0,20.0,success,False,2026-08-17T23:27:09.313673+09:00
Checklist Deal,,,failed,False,2026-08-21T01:50:37.837516+09:00
Checklist Debt,,,failed,False,2026-08-21T02:21:41.084768+09:00
Checklist Deck,,,failed,False,2026-08-17T23:32:25.255075+09:00
Checklist Depot,,,failed,False,2026-08-18T23:57:31.846586+09:00
Checklist Desk,,,failed,False,2026-08-17T23:06:06.115551+09:00
Checklist Detail,,,failed,False,2026-08-23T03:16:31.986562+09:00
Checklist Detector,,,failed,False,2026-08-27T23:54:30.615711+09:00
Checklist Dial,,,failed,False,2026-08-17T23:33:28.426699+09:00
Checklist Digest,,,failed,False,2026-08-19T20:46:54.929939+09:00
Checklist Directory,,,failed,False,2026-08-18T23:52:29.838132+09:00
Checklist Dock,,,failed,False,2026-08-17T23:23:43.975283+09:00
Checklist Dossier,,,failed,False,2026-08-21T00:58:22.319025+09:00
Checklist Draft,20.0,4.0,success,False,2026-08-19T20:47:06.290958+09:00
Checklist Due,,,failed,False,2026-08-23T15:51:11.788135+09:00
Checklist Duty,,,failed,False,2026-08-21T02:37:48.956315+09:00
Checklist Engine,,,failed,False,2026-08-17T23:10:15.371250+09:00
Checklist Entry,,,failed,False,2026-08-21T00:58:36.711570+09:00
Checklist Estimator,,,failed,False,2026-08-27T23:54:25.594721+09:00
Checklist Excerpt,,,failed,False,2026-08-21T00:58:32.149871+09:00
Checklist Fare,,,failed,False,2026-08-21T02:06:44.237427+09:00
Checklist Fee,,,failed,False,2026-08-21T01:50:11.823899+09:00
Checklist Feed,,,failed,False,2026-08-19T20:47:00.737978+09:00
Checklist Field,,,failed,False,2026-08-23T13:05:53.628688+09:00
Checklist File,170.0,14.0,success,False,2026-08-19T20:46:30.162701+09:00
Checklist Finder,,,failed,False,2026-08-18T23:57:22.753165+09:00
Checklist Fine,,,failed,False,2026-08-23T02:53:19.802959+09:00
Checklist Flag,,,failed,False,2026-08-21T00:36:40.261906+09:00
Checklist Flow,10.0,2.0,success,False,2026-08-17T23:28:06.508675+09:00
Checklist Forge,,,failed,False,2026-08-17T23:14:46.249386+09:00
Checklist Form,2900.0,11.0,success,False,2026-08-19T13:32:45.255500+09:00
Checklist Format,2900.0,11.0,success,False,2026-08-23T13:05:58.112221+09:00
Checklist Frame,20.0,31.0,success,False,2026-08-17T23:09:18.796206+09:00
Checklist Fund,,,failed,False,2026-08-21T02:21:48.463008+09:00
Checklist Gate,,,failed,False,2026-08-17T23:24:44.637673+09:00
Checklist Generator,480.0,36.0,success,False,2026-08-27T23:34:03.746516+09:00
Checklist Grade,,,failed,False,2026-08-21T00:36:26.230021+09:00
Checklist Graph,210.0,1.0,success,False,2026-08-27T22:09:22.436426+09:00
Checklist Grid,70.0,53.0,success,False,2026-08-17T23:05:44.417197+09:00
Checklist Guarantee,,,failed,False,2026-08-28T01:04:49.164769+09:00
Checklist Guard,,,failed,False,2026-08-17T23:09:57.644305+09:00
Checklist Guardian,,,failed,False,2026-08-28T00:24:12.580711+09:00
Checklist Guidebook,,,failed,False,2026-08-18T22:08:52.301038+09:00
Checklist Helpdesk,10.0,7.0,success,False,2026-08-27T22:47:24.172994+09:00
Checklist Helper,,,failed,False,2026-08-28T00:24:17.222604+09:00
Checklist History,70.0,0.0,success,False,2026-08-19T20:46:27.543041+09:00
Checklist Hub,,,failed,False,2026-08-17T23:11:32.053287+09:00
Checklist Identifier,,,failed,False,2026-08-23T13:05:45.716846+09:00
Checklist Index,,,failed,False,2026-08-19T21:32:15.548375+09:00
Checklist Insight,,,failed,False,2026-08-17T23:06:26.824049+09:00
Checklist Item,480.0,6.0,success,False,2026-08-21T01:50:16.047866+09:00
Checklist Journal,480.0,17.0,success,False,2026-08-18T22:08:34.595424+09:00
Checklist Keeper,,,failed,False,2026-08-17T23:25:39.196440+09:00
Checklist Lab,,,failed,False,2026-08-17T23:32:37.778770+09:00
Checklist Label,10.0,29.0,success,False,2026-08-27T22:09:25.119437+09:00
Checklist Layout,140.0,30.0,success,False,2026-08-27T22:28:46.749186+09:00
Checklist Ledger,,,failed,False,2026-08-17T23:32:05.926406+09:00
Checklist Lens,,,failed,False,2026-08-17T23:31:30.005121+09:00
Checklist Level,,,failed,False,2026-08-19T20:46:36.801455+09:00
Checklist Link,10.0,19.0,success,False,2026-08-23T03:16:23.757716+09:00
Checklist Loan,,,failed,False,2026-08-21T02:06:57.377866+09:00
Checklist Locator,,,failed,False,2026-08-18T23:57:07.963291+09:00
Checklist Lock,,,failed,False,2026-08-17T23:31:17.212800+09:00
Checklist Log,10.0,0.0,success,False,2026-08-19T13:32:37.235735+09:00
Checklist Loop,,,failed,False,2026-08-17T23:30:21.472957+09:00
Checklist Manager,320.0,13.0,success,False,2026-08-17T23:15:22.052615+09:00
Checklist Manual,50.0,3.0,success,False,2026-08-27T22:09:25.119437+09:00
Checklist Map,210.0,9.0,success,False,2026-08-17T23:14:27.748058+09:00
Checklist Memo,140.0,9.0,success,False,2026-08-21T00:36:30.694005+09:00
Checklist Message,,,failed,False,2026-08-27T23:12:15.769681+09:00
Checklist Meter,,,failed,False,2026-08-17T23:03:34.150622+09:00
Checklist Metrics,,,failed,False,2026-08-17T23:26:52.800903+09:00
Checklist Monitor,210.0,6.0,success,False,2026-08-17T23:26:38.652949+09:00
Checklist Navigator,,,failed,False,2026-08-17T23:08:11.112323+09:00
Checklist Nexus,,,failed,False,2026-08-17T23:13:46.002975+09:00
Checklist Node,,,failed,False,2026-08-17T23:06:48.111245+09:00
Checklist Note,880.0,16.0,success,False,2026-08-19T13:33:40.733972+09:00
Checklist Notification,,,failed,False,2026-08-27T22:47:08.510624+09:00
Checklist Number,10.0,1.0,success,False,2026-08-23T03:16:15.944869+09:00
Checklist Office,140.0,20.0,success,False,2026-08-18T23:57:39.317157+09:00
Checklist Ops,,,failed,False,2026-08-17T23:27:38.183762+09:00
Checklist Organizer,210.0,68.0,success,False,2026-08-17T23:11:50.330995+09:00
Checklist Overdue,,,failed,False,2026-08-27T21:46:39.546965+09:00
Checklist Panel,10.0,0.0,success,False,2026-08-17T23:08:52.279570+09:00
Checklist Pass,,,failed,False,2026-08-21T00:36:00.602558+09:00
Checklist Path,,,failed,False,2026-08-17T23:30:52.147668+09:00
Checklist Penalty,,,failed,False,2026-08-23T16:38:03.608262+09:00
Checklist Petition,,,failed,False,2026-08-21T01:09:34.280846+09:00
Checklist Pilot,880.0,44.0,success,False,2026-08-17T23:28:19.331420+09:00
Checklist Plan,880.0,98.0,success,False,2026-08-21T01:50:32.476329+09:00
Checklist Planner,880.0,98.0,success,False,2026-08-17T23:04:33.261831+09:00
Checklist Playbook,,,failed,False,2026-08-18T22:08:25.868252+09:00
Checklist Point,50.0,4.0,success,False,2026-08-17T23:07:35.240679+09:00
Checklist Portal,10.0,11.0,success,False,2026-08-17T23:14:07.437972+09:00
Checklist Preview,,,failed,False,2026-08-28T01:04:46.455885+09:00
Checklist Profile,,,failed,False,2026-08-19T13:33:54.731377+09:00
Checklist Profit,,,failed,False,2026-08-23T02:53:08.936462+09:00
Checklist Proposal,,,failed,False,2026-08-28T01:04:49.164769+09:00
Checklist Pulse,,,failed,False,2026-08-17T23:30:36.598618+09:00
Checklist Quota,,,failed,False,2026-08-21T00:36:35.821010+09:00
Checklist Radar,,,failed,False,2026-08-17T23:28:43.740452+09:00
Checklist Rail,,,failed,False,2026-08-17T23:04:52.831664+09:00
Checklist Rate,,,failed,False,2026-08-19T20:46:44.181940+09:00
Checklist Recap,,,failed,False,2026-08-21T00:59:23.990159+09:00
Checklist Receipt,,,failed,False,2026-08-19T22:04:07.178529+09:00
Checklist Register,20.0,0.0,success,False,2026-08-17T23:15:05.132671+09:00
Checklist Registry,,,failed,False,2026-08-18T22:09:01.069434+09:00
Checklist Relay,,,failed,False,2026-08-17T23:13:09.056664+09:00
Checklist Reminder,90.0,24.0,success,False,2026-08-19T21:32:08.265719+09:00
Checklist Report,170.0,6.0,success,False,2026-08-19T13:32:25.938189+09:00
Checklist Repository,,,failed,False,2026-08-27T23:12:29.033332+09:00
Checklist Result,,,failed,False,2026-08-28T00:47:13.320687+09:00
Checklist Roadmap,,,failed,False,2026-08-18T22:09:39.839296+09:00
Checklist Roster,,,failed,False,2026-08-19T00:37:26.885782+09:00
Checklist Route,,,failed,False,2026-08-17T23:10:33.409769+09:00
Checklist Rule,,,failed,False,2026-08-23T03:16:29.353172+09:00
Checklist Sale,,,failed,False,2026-08-21T02:21:55.234205+09:00
Checklist Sample,1600.0,18.0,success,False,2026-08-19T22:05:17.062474+09:00
Checklist Scale,170.0,4.0,success,False,2026-08-17T23:23:26.681151+09:00
Checklist Scanner,,,failed,False,2026-08-27T23:54:27.974840+09:00
Checklist Scheduler,,,failed,False,2026-08-17T23:26:24.551704+09:00
Checklist Scope,,,failed,False,2026-08-17T23:11:13.383500+09:00
Checklist Score,70.0,1.0,success,False,2026-08-19T13:33:37.732630+09:00
Checklist Sentry,,,failed,False,2026-08-17T23:08:30.361207+09:00
Checklist Sheet,260.0,19.0,success,False,2026-08-19T13:32:58.947587+09:00
Checklist Signal,,,failed,False,2026-08-17T23:03:58.711434+09:00
Checklist Signature,20.0,0.0,success,False,2026-08-23T13:27:05.347974+09:00
Checklist Slip,,,failed,False,2026-08-19T22:05:01.387918+09:00
Checklist Slot,,,failed,False,2026-08-19T22:05:25.560581+09:00
Checklist Snapshot,,,failed,False,2026-08-18T22:08:43.049836+09:00
Checklist Stage,10.0,0.0,success,False,2026-08-28T00:47:13.320687+09:00
Checklist Stake,,,failed,False,2026-08-23T02:53:14.872547+09:00
Checklist Stamp,390.0,25.0,success,False,2026-08-23T13:27:05.347974+09:00
Checklist Statement,,,failed,False,2026-08-21T00:36:18.143483+09:00
Checklist Station,,,failed,False,2026-08-17T23:12:27.386442+09:00
Checklist Status,70.0,2.0,success,False,2026-08-19T20:46:16.448832+09:00
Checklist Streak,,,failed,False,2026-08-28T00:47:13.320687+09:00
Checklist Stub,,,failed,False,2026-08-21T00:36:14.044141+09:00
Checklist Studio,20.0,3.0,success,False,2026-08-17T23:05:17.262710+09:00
Checklist Suite,,,failed,False,2026-08-17T23:25:55.806145+09:00
Checklist Sum,,,failed,False,2026-08-21T02:21:38.988991+09:00
Checklist Summary,260.0,0.0,success,False,2026-08-19T21:20:03.565098+09:00
Checklist Sync,10.0,4.0,success,False,2026-08-17T23:04:17.256447+09:00
Checklist Tab,,,failed,False,2026-08-21T00:36:42.590036+09:00
Checklist Table,320.0,19.0,success,False,2026-08-19T22:04:38.551336+09:00
Checklist Tag,,,failed,False,2026-08-19T13:33:46.951331+09:00
Checklist Tally,,,failed,False,2026-08-21T00:36:23.638187+09:00
Checklist Tariff,,,failed,False,2026-08-21T02:38:00.530165+09:00
Checklist Tax,1300.0,10.0,success,False,2026-08-21T02:06:52.442398+09:00
Checklist Timer,,,failed,False,2026-08-28T00:24:10.123784+09:00
Checklist Toll,,,failed,False,2026-08-21T02:37:53.787359+09:00
Checklist Toolbox,,,failed,False,2026-08-28T00:24:14.921300+09:00
Checklist Toolkit,,,failed,False,2026-08-18T22:08:19.564377+09:00
Checklist Tracker,110.0,55.0,success,False,2026-08-17T23:27:50.871251+09:00
Checklist Trail,20.0,10.0,success,False,2026-08-17T23:24:03.266981+09:00
Checklist Trend,20.0,1.0,success,False,2026-08-28T01:04:42.727086+09:00
Checklist Trial,,,failed,False,2026-08-27T21:15:16.328313+09:00
Checklist Unit,20.0,0.0,success,False,2026-08-21T01:50:44.435250+09:00
Checklist Update,40.0,0.0,success,False,2026-08-19T20:46:49.166137+09:00
Checklist Value,,,failed,False,2026-08-23T02:53:11.692862+09:00
Checklist Vault,,,failed,False,2026-08-17T23:29:01.871676+09:00
Checklist Version,,,failed,False,2026-08-23T03:16:19.788711+09:00
Checklist View,,,failed,False,2026-08-19T20:46:21.996527+09:00
Checklist Voucher,,,failed,False,2026-08-21T00:36:05.920603+09:00
Checklist Watch,,,failed,False,2026-08-17T23:30:08.040310+09:00
Checklist Wave,,,failed,False,2026-08-17T23:12:51.339052+09:00
Checklist Widget,260.0,22.0,success,False,2026-08-27T23:12:25.065400+09:00
Checklist Workbench,,,failed,False,2026-08-18T22:08:11.096453+09:00
Checklist Workshop,90.0,2.0,success,False,2026-08-28T00:24:10.123784+09:00
Checklist Zone,,,failed,False,2026-08-17T23:33:03.029797+09:00
Checkout Advance,,,failed,False,2026-08-23T16:13:52.514202+09:00
Checkout Advisory,,,failed,False,2026-08-21T01:02:10.080773+09:00
Checkout Allowance,,,failed,False,2026-08-21T02:38:41.018051+09:00
Checkout Almanac,,,failed,False,2026-08-18T23:50:34.147336+09:00
Checkout Analyzer,,,failed,False,2026-08-27T23:54:10.053801+09:00
Checkout Anchor,,,failed,False,2026-08-17T20:46:07.350212+09:00
Checkout Arrears,,,failed,False,2026-08-23T16:13:47.418622+09:00
Checkout Assistant,210.0,1.0,success,False,2026-08-17T23:12:20.668668+09:00
Checkout Atlas,,,failed,False,2026-08-17T20:37:01.636634+09:00
Checkout Attribute,,,failed,False,2026-08-23T13:06:44.617990+09:00
Checkout Badge,20.0,4.0,success,False,2026-08-21T00:26:15.934316+09:00
Checkout Balance,,,failed,False,2026-08-23T13:46:47.656789+09:00
Checkout Base,,,failed,False,2026-08-17T20:33:46.243100+09:00
Checkout Beacon,,,failed,False,2026-08-17T21:32:03.436124+09:00
Checkout Blueprint,,,failed,False,2026-08-18T23:50:34.147336+09:00
Checkout Board,50.0,56.0,success,False,2026-08-18T07:43:47.974817+09:00
Checkout Book,590.0,5.0,success,False,2026-08-19T21:47:46.224144+09:00
Checkout Bridge,,,failed,False,2026-08-17T20:47:23.581270+09:00
Checkout Brief,,,failed,False,2026-08-21T00:59:58.992040+09:00
Checkout Bulletin,,,failed,False,2026-08-21T00:59:56.543467+09:00
Checkout Cabinet,,,failed,False,2026-08-27T23:11:21.967752+09:00
Checkout Calculator,90.0,3.0,success,False,2026-08-27T23:33:31.795696+09:00
Checkout Calendar,,,failed,False,2026-08-19T00:00:51.306672+09:00
Checkout Card,480.0,3.0,success,False,2026-08-19T13:23:25.617100+09:00
Checkout Cascade,,,failed,False,2026-08-17T20:48:40.258747+09:00
Checkout Cash,70.0,19.0,success,False,2026-08-21T02:21:41.084768+09:00
Checkout Cashback,10.0,0.0,success,False,2026-08-27T21:15:54.960799+09:00
Checkout Catalog,,,failed,False,2026-08-19T21:04:42.466598+09:00
Checkout Category,,,failed,False,2026-08-23T13:06:41.923671+09:00
Checkout Center,30.0,0.0,success,False,2026-08-17T21:34:46.886716+09:00
Checkout Chain,,,failed,False,2026-08-17T20:41:19.373388+09:00
Checkout Charge,10.0,0.0,success,False,2026-08-21T02:38:28.246618+09:00
Checkout Check,390.0,3.0,success,False,2026-08-19T13:24:07.507599+09:00
Checkout Checker,30.0,0.0,success,False,2026-08-27T23:54:02.041371+09:00
Checkout Checklist,30.0,20.0,success,False,2026-08-19T21:03:33.928340+09:00
Checkout Circular,,,failed,False,2026-08-21T01:02:07.931527+09:00
Checkout Cockpit,,,failed,False,2026-08-17T23:05:41.457486+09:00
Checkout Code,140.0,1.0,success,False,2026-08-19T21:47:05.219311+09:00
Checkout Codex,,,failed,False,2026-08-18T23:50:34.147336+09:00
Checkout Companion,,,failed,False,2026-08-17T23:10:28.342550+09:00
Checkout Comparison,,,failed,False,2026-08-28T01:05:06.027579+09:00
Checkout Compass,,,failed,False,2026-08-17T21:33:13.463030+09:00
Checkout Compendium,,,failed,False,2026-08-18T23:50:34.147336+09:00
Checkout Confirmation,40.0,3.0,success,False,2026-08-21T01:00:18.302882+09:00
Checkout Console,,,failed,False,2026-08-17T21:31:30.369012+09:00
Checkout Contribution,,,failed,False,2026-08-23T16:13:45.288195+09:00
Checkout Core,,,failed,False,2026-08-17T20:32:39.820797+09:00
Checkout Cost,,,failed,False,2026-08-21T02:08:41.527197+09:00
Checkout Count,,,failed,False,2026-08-27T22:45:40.412271+09:00
Checkout Counter,2900.0,99.0,success,False,2026-08-19T00:01:37.572111+09:00
Checkout Coupon,140.0,12.0,success,False,2026-08-27T21:15:54.960799+09:00
Checkout Dashboard,110.0,12.0,success,False,2026-08-17T23:15:32.901211+09:00
Checkout Deal,20.0,1.0,success,False,2026-08-21T01:52:45.246437+09:00
Checkout Debt,,,failed,False,2026-08-21T02:21:30.317993+09:00
Checkout Deck,,,failed,False,2026-08-17T21:41:28.759770+09:00
Checkout Depot,,,failed,False,2026-08-19T00:01:24.646371+09:00
Checkout Desk,480.0,100.0,success,False,2026-08-17T21:37:26.190503+09:00
Checkout Detail,,,failed,False,2026-08-23T03:18:21.895981+09:00
Checkout Detector,,,failed,False,2026-08-27T23:54:07.466946+09:00
Checkout Dial,,,failed,False,2026-08-17T20:48:02.919436+09:00
Checkout Digest,,,failed,False,2026-08-19T20:45:18.016255+09:00
Checkout Directory,10.0,0.0,success,False,2026-08-19T00:00:59.808882+09:00
Checkout Discount,110.0,3.0,success,False,2026-08-23T16:13:39.752452+09:00
Checkout Dock,,,failed,False,2026-08-17T20:43:57.612589+09:00
Checkout Dossier,,,failed,False,2026-08-21T01:00:22.728561+09:00
Checkout Draft,20.0,0.0,success,False,2026-08-19T20:45:35.048925+09:00
Checkout Due,,,failed,False,2026-08-23T15:51:39.388284+09:00
Checkout Duty,,,failed,False,2026-08-21T02:38:33.089549+09:00
Checkout Engine,,,failed,False,2026-08-17T23:14:46.249386+09:00
Checkout Entry,,,failed,False,2026-08-21T01:00:36.022676+09:00
Checkout Estimate,,,failed,False,2026-08-19T21:04:29.917389+09:00
Checkout Estimator,,,failed,False,2026-08-27T23:53:59.228828+09:00
Checkout Excerpt,,,failed,False,2026-08-21T01:02:16.623580+09:00
Checkout Extension,140.0,8.0,success,False,2026-08-23T16:38:38.724720+09:00
Checkout Fare,,,failed,False,2026-08-21T02:08:48.919404+09:00
Checkout Fee,90.0,3.0,success,False,2026-08-21T01:52:23.674188+09:00
Checkout Feed,,,failed,False,2026-08-19T20:45:29.456295+09:00
Checkout Field,210.0,6.0,success,False,2026-08-23T13:06:47.092391+09:00
Checkout File,50.0,4.0,success,False,2026-08-19T20:44:48.132741+09:00
Checkout Finder,,,failed,False,2026-08-19T00:01:14.805570+09:00
Checkout Fine,,,failed,False,2026-08-23T02:54:26.725947+09:00
Checkout Flag,20.0,0.0,success,False,2026-08-21T00:26:49.726902+09:00
Checkout Flow,590.0,22.0,success,False,2026-08-18T07:43:59.355214+09:00
Checkout Forge,,,failed,False,2026-08-17T21:30:53.341117+09:00
Checkout Form,590.0,8.0,success,False,2026-08-19T13:23:16.958274+09:00
Checkout Format,,,failed,False,2026-08-23T13:06:49.264367+09:00
Checkout Frame,,,failed,False,2026-08-17T20:34:36.732015+09:00
Checkout Fund,,,failed,False,2026-08-21T02:21:38.988991+09:00
Checkout Gate,40.0,9.0,success,False,2026-08-17T20:38:51.261946+09:00
Checkout Giveaway,,,failed,False,2026-08-26T22:29:12.332951+09:00
Checkout Graph,,,failed,False,2026-08-27T22:10:26.332247+09:00
Checkout Grid,,,failed,False,2026-08-17T20:41:48.704350+09:00
Checkout Guarantee,,,failed,False,2026-08-28T01:05:14.146226+09:00
Checkout Guard,10.0,10.0,success,False,2026-08-17T20:33:15.121215+09:00
Checkout Guardian,,,failed,False,2026-08-28T00:24:03.733784+09:00
Checkout Guidebook,,,failed,False,2026-08-18T22:12:19.566532+09:00
Checkout Helpdesk,,,failed,False,2026-08-27T22:45:43.680386+09:00
Checkout Helper,10.0,10.0,success,False,2026-08-28T00:24:10.123784+09:00
Checkout History,50.0,0.0,success,False,2026-08-19T20:44:39.695908+09:00
Checkout Hotline,,,failed,False,2026-08-19T21:04:53.638566+09:00
Checkout Hub,30.0,14.0,success,False,2026-08-17T21:40:49.556938+09:00
Checkout Identifier,,,failed,False,2026-08-23T13:06:38.895978+09:00
Checkout Incentive,,,failed,False,2026-08-27T21:16:00.984636+09:00
Checkout Index,20.0,0.0,success,False,2026-08-19T21:03:49.756847+09:00
Checkout Insight,,,failed,False,2026-08-17T23:11:11.238352+09:00
Checkout Installment,,,failed,False,2026-08-23T16:13:42.146359+09:00
Checkout Interest,,,failed,False,2026-08-23T13:46:50.376234+09:00
Checkout Item,90.0,1.0,success,False,2026-08-21T01:52:30.422416+09:00
Checkout Journal,,,failed,False,2026-08-18T22:12:06.505434+09:00
Checkout Keeper,,,failed,False,2026-08-17T20:35:06.364440+09:00
Checkout Lab,,,failed,False,2026-08-17T21:38:00.601683+09:00
Checkout Label,,,failed,False,2026-08-27T22:06:37.910338+09:00
Checkout Layout,50.0,13.0,success,False,2026-08-27T22:28:39.838514+09:00
Checkout Ledger,,,failed,False,2026-08-17T20:31:29.603433+09:00
Checkout Lens,,,failed,False,2026-08-17T20:35:36.002153+09:00
Checkout Level,,,failed,False,2026-08-19T20:44:53.798353+09:00
Checkout Levy,,,failed,False,2026-08-23T13:46:50.376234+09:00
Checkout Link,720.0,23.0,success,False,2026-08-23T03:18:14.803596+09:00
Checkout List,210.0,4.0,success,False,2026-08-19T21:47:20.280191+09:00
Checkout Loan,,,failed,False,2026-08-21T02:08:56.102085+09:00
Checkout Locator,,,failed,False,2026-08-19T00:01:10.174789+09:00
Checkout Lock,,,failed,False,2026-08-17T20:37:29.909330+09:00
Checkout Log,50.0,14.0,success,False,2026-08-19T13:23:03.025983+09:00
Checkout Loop,,,failed,False,2026-08-17T20:42:34.302604+09:00
Checkout Manager,70.0,5.0,success,False,2026-08-17T20:34:15.100698+09:00
Checkout Manual,,,failed,False,2026-08-27T22:06:42.047958+09:00
Checkout Map,,,failed,False,2026-08-17T20:36:31.502472+09:00
Checkout Markup,,,failed,False,2026-08-23T16:38:33.746405+09:00
Checkout Memo,70.0,0.0,success,False,2026-08-21T00:26:41.627536+09:00
Checkout Message,30.0,1.0,success,False,2026-08-27T23:11:17.164347+09:00
Checkout Meter,,,failed,False,2026-08-17T20:46:49.856300+09:00
Checkout Metrics,10.0,0.0,success,False,2026-08-17T23:08:49.702335+09:00
Checkout Monitor,,,failed,False,2026-08-17T23:14:05.238044+09:00
Checkout Navigator,,,failed,False,2026-08-17T23:12:45.983083+09:00
Checkout Nexus,10.0,0.0,success,False,2026-08-17T20:38:02.236902+09:00
Checkout Node,,,failed,False,2026-08-17T20:39:46.897200+09:00
Checkout Note,,,failed,False,2026-08-19T13:24:29.465553+09:00
Checkout Notification,,,failed,False,2026-08-27T22:45:32.227130+09:00
Checkout Number,30.0,5.0,success,False,2026-08-23T03:18:07.042470+09:00
Checkout Office,90.0,3.0,success,False,2026-08-19T00:01:32.528747+09:00
Checkout Ops,,,failed,False,2026-08-17T23:04:50.362686+09:00
Checkout Organizer,,,failed,False,2026-08-17T23:03:55.937111+09:00
Checkout Overdraft,,,failed,False,2026-08-23T15:51:39.388284+09:00
Checkout Overdue,,,failed,False,2026-08-27T21:47:00.631100+09:00
Checkout Panel,,,failed,False,2026-08-17T21:30:22.425092+09:00
Checkout Pass,,,failed,False,2026-08-21T00:26:05.533599+09:00
Checkout Path,10.0,0.0,success,False,2026-08-17T20:39:18.247368+09:00
Checkout Penalty,,,failed,False,2026-08-23T16:38:33.746405+09:00
Checkout Petition,,,failed,False,2026-08-21T01:00:13.557875+09:00
Checkout Pilot,,,failed,False,2026-08-17T21:38:32.905021+09:00
Checkout Plan,,,failed,False,2026-08-21T01:52:40.677259+09:00
Checkout Planner,,,failed,False,2026-08-17T23:09:34.502992+09:00
Checkout Playbook,,,failed,False,2026-08-18T22:11:56.316205+09:00
Checkout Point,140.0,3.0,success,False,2026-08-17T20:38:23.394205+09:00
Checkout Portal,30.0,18.0,success,False,2026-08-17T21:32:40.946824+09:00
Checkout Preview,,,failed,False,2026-08-28T01:05:08.626878+09:00
Checkout Profile,10.0,13.0,success,False,2026-08-19T13:24:58.997710+09:00
Checkout Profit,,,failed,False,2026-08-23T02:54:15.524012+09:00
Checkout Proposal,,,failed,False,2026-08-28T01:05:11.238913+09:00
Checkout Pulse,10.0,9.0,success,False,2026-08-17T20:40:55.263419+09:00
Checkout Queue,50.0,1.0,success,False,2026-08-19T21:04:13.651960+09:00
Checkout Quota,,,failed,False,2026-08-21T00:26:46.014545+09:00
Checkout Radar,,,failed,False,2026-08-17T21:36:24.237197+09:00
Checkout Rail,,,failed,False,2026-08-17T20:42:59.992193+09:00
Checkout Rate,40.0,1.0,success,False,2026-08-19T20:45:06.240403+09:00
Checkout Recap,,,failed,False,2026-08-21T01:00:27.646290+09:00
Checkout Recorder,,,failed,False,2026-08-27T23:33:37.262266+09:00
Checkout Redemption,,,failed,False,2026-08-23T16:38:38.724720+09:00
Checkout Register,320.0,31.0,success,False,2026-08-17T23:07:35.240679+09:00
Checkout Registry,10.0,,success,False,2026-08-18T23:50:34.147336+09:00
Checkout Relay,,,failed,False,2026-08-17T21:35:18.423759+09:00
Checkout Reminder,,,failed,False,2026-08-19T21:03:18.431019+09:00
Checkout Report,140.0,21.0,success,False,2026-08-19T13:22:52.997590+09:00
Checkout Repository,50.0,0.0,success,False,2026-08-27T23:11:21.967752+09:00
Checkout Roadmap,,,failed,False,2026-08-18T23:50:34.147336+09:00
Checkout Roster,,,failed,False,2026-08-19T00:38:08.562035+09:00
Checkout Route,,,failed,False,2026-08-17T20:44:43.054193+09:00
Checkout Rule,,,failed,False,2026-08-23T03:18:18.334398+09:00
Checkout Sale,40.0,0.0,success,False,2026-08-21T02:21:44.938268+09:00
Checkout Sample,10.0,0.0,success,False,2026-08-19T21:48:14.659198+09:00
Checkout Scale,50.0,27.0,success,False,2026-08-17T20:45:46.874737+09:00
Checkout Scanner,210.0,88.0,success,False,2026-08-27T23:54:04.696724+09:00
Checkout Scheduler,,,failed,False,2026-08-17T23:07:02.817989+09:00
Checkout Scope,,,failed,False,2026-08-17T20:43:29.254301+09:00
Checkout Score,,,failed,False,2026-08-19T13:24:17.578330+09:00
Checkout Sentry,,,failed,False,2026-08-17T20:36:04.789698+09:00
Checkout Sheet,260.0,24.0,success,False,2026-08-19T13:23:44.398972+09:00
Checkout Signal,,,failed,False,2026-08-17T20:45:18.923986+09:00
Checkout Signature,,,failed,False,2026-08-23T13:27:28.386352+09:00
Checkout Slip,140.0,1.0,success,False,2026-08-19T21:48:00.610703+09:00
Checkout Slot,,,failed,False,2026-08-19T21:48:31.545228+09:00
Checkout Snapshot,,,failed,False,2026-08-18T22:12:13.672404+09:00
Checkout Stage,,,failed,False,2026-08-28T00:47:16.982525+09:00
Checkout Stake,,,failed,False,2026-08-23T02:54:19.843201+09:00
Checkout Stamp,,,failed,False,2026-08-23T13:27:31.185352+09:00
Checkout Statement,,,failed,False,2026-08-21T00:26:25.580219+09:00
Checkout Station,140.0,83.0,success,False,2026-08-17T21:36:50.527973+09:00
Checkout Status,70.0,0.0,success,False,2026-08-19T20:44:23.661281+09:00
Checkout Stub,,,failed,False,2026-08-21T00:26:21.311990+09:00
Checkout Studio,20.0,2.0,success,False,2026-08-17T21:39:25.145394+09:00
Checkout Subsidy,,,failed,False,2026-08-23T15:51:39.388284+09:00
Checkout Suite,,,failed,False,2026-08-17T23:05:11.266926+09:00
Checkout Sum,,,failed,False,2026-08-21T02:21:27.143708+09:00
Checkout Summary,50.0,2.0,success,False,2026-08-19T21:30:42.715680+09:00
Checkout Surtax,,,failed,False,2026-08-23T15:51:42.166674+09:00
Checkout Sync,,,failed,False,2026-08-18T07:43:59.355214+09:00
Checkout Tab,,,failed,False,2026-08-21T00:27:00.975108+09:00
Checkout Table,390.0,99.0,success,False,2026-08-19T21:47:34.110436+09:00
Checkout Tag,210.0,1.0,success,False,2026-08-19T13:24:49.306222+09:00
Checkout Tally,,,failed,False,2026-08-21T00:26:30.376720+09:00
Checkout Tariff,,,failed,False,2026-08-21T02:38:43.386978+09:00
Checkout Tax,,,failed,False,2026-08-21T02:08:52.269018+09:00
Checkout Ticket,90.0,9.0,success,False,2026-08-19T21:04:01.717737+09:00
Checkout Timeline,,,failed,False,2026-08-19T21:30:51.810974+09:00
Checkout Timer,3600.0,0.0,success,True,2026-08-28T00:23:58.859062+09:00
Checkout Token,40.0,2.0,success,False,2026-08-23T13:27:25.869179+09:00
Checkout Toll,,,failed,False,2026-08-21T02:38:37.938007+09:00
Checkout Toolbox,,,failed,False,2026-08-28T00:24:07.652921+09:00
Checkout Toolkit,,,failed,False,2026-08-18T22:11:47.554399+09:00
Checkout Total,140.0,0.0,success,False,2026-08-27T23:11:17.164347+09:00
Checkout Tracker,,,failed,False,2026-08-17T20:32:03.329355+09:00
Checkout Trail,,,failed,False,2026-08-17T20:42:10.144192+09:00
Checkout Trend,,,failed,False,2026-08-28T01:05:06.027579+09:00
Checkout Trial,,,failed,False,2026-08-27T21:16:00.984636+09:00
Checkout Unit,10.0,74.0,success,False,2026-08-21T01:52:34.182425+09:00
Checkout Update,10.0,22.0,success,False,2026-08-19T20:45:12.440392+09:00
Checkout Value,,,failed,False,2026-08-23T02:54:17.672874+09:00
Checkout Vault,20.0,27.0,success,False,2026-08-17T21:34:15.444697+09:00
Checkout Version,,,failed,False,2026-08-23T03:18:09.441113+09:00
Checkout View,,,failed,False,2026-08-19T20:44:29.865338+09:00
Checkout Voucher,,,failed,False,2026-08-21T00:26:13.350270+09:00
Checkout Watch,,,failed,False,2026-08-17T20:44:20.013961+09:00
Checkout Wave,,,failed,False,2026-08-17T20:40:13.744558+09:00
Checkout Widget,40.0,4.0,success,False,2026-08-27T23:11:19.629691+09:00
Checkout Workbench,,,failed,False,2026-08-18T22:11:39.333366+09:00
Checkout Worksheet,,,failed,False,2026-08-27T22:06:46.717056+09:00
Checkout Workshop,,,failed,False,2026-08-28T00:24:01.160084+09:00
Checkout Zone,,,failed,False,2026-08-17T21:33:40.096792+09:00
Chemical Advance,140.0,3.0,success,False,2026-08-23T16:14:33.783950+09:00
Chemical Advisory,10.0,0.0,success,False,2026-08-21T01:08:49.317162+09:00
Chemical Allowance,,,failed,False,2026-08-21T02:38:23.344262+09:00
Chemical Almanac,,,failed,False,2026-08-18T23:50:34.147336+09:00
Chemical Analyzer,4400.0,17.0,success,False,2026-08-27T23:57:31.093402+09:00
Chemical Anchor,12100.0,97.0,success,False,2026-08-17T23:33:06.954832+09:00
Chemical Arrears,,,failed,False,2026-08-23T16:14:21.823505+09:00
Chemical Asset,,,failed,False,2026-08-23T13:46:52.749544+09:00
Chemical Assistant,210.0,12.0,success,False,2026-08-17T23:29:20.352796+09:00
Chemical Atlas,,,failed,False,2026-08-17T23:28:25.880563+09:00
Chemical Attribute,,,failed,False,2026-08-23T13:06:29.194377+09:00
Chemical Balance,8100.0,2.0,success,False,2026-08-23T13:46:52.749544+09:00
Chemical Base,320.0,0.0,success,False,2026-08-17T23:24:52.278887+09:00
Chemical Beacon,,,failed,False,2026-08-17T23:32:42.825846+09:00
Chemical Bill,50.0,0.0,success,False,2026-08-19T21:59:26.927876+09:00
Chemical Bin,210.0,100.0,success,False,2026-08-19T12:27:13.663496+09:00
Chemical Blueprint,320.0,0.0,success,False,2026-08-18T23:50:34.147336+09:00
Chemical Board,480.0,2.0,success,False,2026-08-17T23:08:38.142070+09:00
Chemical Book,12100.0,27.0,success,False,2026-08-19T22:00:20.280558+09:00
Chemical Bridge,390.0,3.0,success,False,2026-08-17T23:07:18.335398+09:00
Chemical Brief,,,failed,False,2026-08-21T01:08:40.341221+09:00
Chemical Bulletin,70.0,1.0,success,False,2026-08-21T01:08:36.289589+09:00
Chemical Cabinet,2400.0,100.0,success,False,2026-08-27T23:14:46.468120+09:00
Chemical Calculator,6600.0,11.0,success,False,2026-08-27T23:35:38.281742+09:00
Chemical Calendar,170.0,5.0,success,False,2026-08-19T00:05:16.956026+09:00
Chemical Card,590.0,33.0,success,False,2026-08-19T13:23:50.629735+09:00
Chemical Cascade,50.0,0.0,success,False,2026-08-17T23:32:54.129749+09:00
Chemical Cash,,,failed,False,2026-08-21T02:22:03.460496+09:00
Chemical Cashback,,,failed,False,2026-08-27T21:16:49.739310+09:00
Chemical Catalog,210.0,8.0,success,False,2026-08-19T21:15:38.736251+09:00
Chemical Category,260.0,1.0,success,False,2026-08-23T13:06:27.049949+09:00
Chemical Center,4400.0,3.0,success,False,2026-08-17T23:04:39.264131+09:00
Chemical Chain,390.0,0.0,success,False,2026-08-17T23:10:00.779750+09:00
Chemical Charge,1300.0,0.0,success,True,2026-08-21T02:38:13.377279+09:00
Chemical Check,590.0,2.0,success,False,2026-08-19T13:24:22.197081+09:00
Chemical Checker,590.0,2.0,success,False,2026-08-27T23:57:28.605750+09:00
Chemical Checklist,110.0,0.0,success,False,2026-08-19T21:14:39.007898+09:00
Chemical Circular,10.0,0.0,success,False,2026-08-21T01:08:45.073430+09:00
Chemical Cockpit,,,failed,False,2026-08-17T23:11:16.019102+09:00
Chemical Code,1000.0,0.0,success,True,2026-08-19T21:59:46.400279+09:00
Chemical Codex,10.0,0.0,success,False,2026-08-18T23:50:34.147336+09:00
Chemical Companion,170.0,7.0,success,False,2026-08-17T23:30:39.559752+09:00
Chemical Comparison,20.0,0.0,success,False,2026-08-28T01:07:59.537409+09:00
Chemical Compass,110.0,1.0,success,False,2026-08-17T23:05:27.218902+09:00
Chemical Compendium,,,failed,False,2026-08-18T23:50:38.279392+09:00
Chemical Confirmation,,,failed,False,2026-08-21T01:08:59.079967+09:00
Chemical Console,,,failed,False,2026-08-17T23:26:41.280182+09:00
Chemical Converter,320.0,8.0,success,False,2026-08-27T23:35:38.281742+09:00
Chemical Core,140.0,1.0,success,False,2026-08-17T23:13:53.612284+09:00
Chemical Cost,70.0,4.0,success,False,2026-08-21T02:06:22.333595+09:00
Chemical Count,,,failed,False,2026-08-27T22:49:12.101032+09:00
Chemical Counter,320.0,0.0,success,False,2026-08-18T23:57:22.753165+09:00
Chemical Coupon,20.0,1.0,success,False,2026-08-27T21:16:49.739310+09:00
Chemical Dashboard,170.0,0.0,success,False,2026-08-17T23:30:24.350682+09:00
Chemical Deal,20.0,16.0,success,False,2026-08-21T02:00:06.443014+09:00
Chemical Debt,,,failed,False,2026-08-21T02:21:52.863298+09:00
Chemical Deck,10.0,0.0,success,False,2026-08-17T23:25:43.129443+09:00
Chemical Depot,720.0,0.0,success,False,2026-08-18T23:57:00.632523+09:00
Chemical Desk,,,failed,False,2026-08-17T23:03:43.392480+09:00
Chemical Detail,50.0,100.0,success,False,2026-08-23T03:17:39.480043+09:00
Chemical Diagram,4400.0,1.0,success,False,2026-08-27T22:11:47.365503+09:00
Chemical Dial,,,failed,False,2026-08-17T23:26:55.594772+09:00
Chemical Digest,110.0,0.0,success,False,2026-08-19T20:42:29.664942+09:00
Chemical Directory,70.0,7.0,success,False,2026-08-19T00:05:21.948366+09:00
Chemical Discount,40.0,10.0,success,False,2026-08-23T16:14:18.981651+09:00
Chemical Dock,,,failed,False,2026-08-17T23:27:26.699527+09:00
Chemical Dossier,,,failed,False,2026-08-21T01:09:04.636561+09:00
Chemical Downpayment,,,failed,False,2026-08-27T21:47:53.828940+09:00
Chemical Draft,,,failed,False,2026-08-19T20:42:43.732696+09:00
Chemical Due,,,failed,False,2026-08-23T15:51:44.971205+09:00
Chemical Duty,30.0,0.0,success,False,2026-08-21T02:38:16.396053+09:00
Chemical Engine,210.0,22.0,success,False,2026-08-17T23:07:56.377169+09:00
Chemical Entry,,,failed,False,2026-08-21T01:09:17.934023+09:00
Chemical Estimate,,,failed,False,2026-08-19T21:15:25.328836+09:00
Chemical Estimator,,,failed,False,2026-08-27T23:57:22.809432+09:00
Chemical Excerpt,,,failed,False,2026-08-21T01:09:15.818493+09:00
Chemical Fare,,,failed,False,2026-08-21T02:06:32.230213+09:00
Chemical Fee,,,failed,False,2026-08-21T01:59:53.471915+09:00
Chemical Feed,390.0,57.0,success,False,2026-08-19T20:42:37.692999+09:00
Chemical File,1000.0,0.0,success,True,2026-08-19T20:42:03.452660+09:00
Chemical Finder,210.0,6.0,success,False,2026-08-19T00:05:31.654702+09:00
Chemical Fine,2900.0,4.0,success,False,2026-08-23T02:53:49.996059+09:00
Chemical Flag,70.0,39.0,success,False,2026-08-21T00:35:29.281212+09:00
Chemical Flow,1900.0,12.0,success,False,2026-08-17T23:31:33.228756+09:00
Chemical Forge,,,failed,False,2026-08-17T23:12:33.022666+09:00
Chemical Form,880.0,1.0,success,False,2026-08-19T13:23:40.624873+09:00
Chemical Format,880.0,1.0,success,False,2026-08-23T13:06:33.832553+09:00
Chemical Frame,110.0,0.0,success,False,2026-08-17T23:06:52.573020+09:00
Chemical Fund,1600.0,4.0,success,False,2026-08-21T02:21:59.749711+09:00
Chemical Gate,880.0,4.0,success,False,2026-08-17T23:28:07.981645+09:00
Chemical Giveaway,,,failed,False,2026-08-27T21:16:57.719069+09:00
Chemical Grade,,,failed,False,2026-08-21T00:35:19.738516+09:00
Chemical Graph,1300.0,0.0,success,True,2026-08-27T22:11:31.963952+09:00
Chemical Grid,40.0,0.0,success,False,2026-08-17T22:49:19.411310+09:00
Chemical Guarantee,,,failed,False,2026-08-28T01:08:02.108620+09:00
Chemical Guard,,,failed,False,2026-08-17T23:07:36.976637+09:00
Chemical Guardian,30.0,2.0,success,False,2026-08-28T00:26:31.699789+09:00
Chemical Guidebook,720.0,4.0,success,False,2026-08-18T23:50:38.279392+09:00
Chemical Helper,,,failed,False,2026-08-28T00:26:34.139001+09:00
Chemical History,3600.0,3.0,success,False,2026-08-19T20:41:57.553937+09:00
Chemical Hotline,40.0,9.0,success,False,2026-08-19T21:15:48.074960+09:00
Chemical Hub,1000.0,3.0,success,False,2026-08-17T23:09:23.779987+09:00
Chemical Identifier,390.0,3.0,success,False,2026-08-23T13:06:24.369926+09:00
Chemical Incentive,,,failed,False,2026-08-27T21:16:57.719069+09:00
Chemical Index,590.0,1.0,success,False,2026-08-19T21:14:49.838669+09:00
Chemical Insight,110.0,1.0,success,False,2026-08-17T23:04:03.069082+09:00
Chemical Installment,,,failed,False,2026-08-23T16:14:18.981651+09:00
Chemical Item,720.0,22.0,success,False,2026-08-21T01:59:58.362427+09:00
Chemical Journal,4400.0,6.0,success,False,2026-08-18T23:50:38.279392+09:00
Chemical Keeper,,,failed,False,2026-08-17T23:28:46.712952+09:00
Chemical Kit,2900.0,88.0,success,False,2026-08-27T22:49:12.101032+09:00
Chemical Lab,27100.0,6.0,success,False,2026-08-17T23:25:59.230175+09:00
Chemical Label,3600.0,86.0,success,False,2026-08-27T22:11:36.968554+09:00
Chemical Ledger,,,failed,False,2026-08-17T23:25:18.715654+09:00
Chemical Lens,,,failed,False,2026-08-17T23:24:26.895595+09:00
Chemical Level,1000.0,0.0,success,True,2026-08-19T20:42:12.538195+09:00
Chemical Levy,,,failed,False,2026-08-23T13:46:55.595088+09:00
Chemical Link,390.0,1.0,success,False,2026-08-23T03:17:31.358374+09:00
Chemical List,2400.0,1.0,success,False,2026-08-19T21:59:58.757000+09:00
Chemical Loan,,,failed,False,2026-08-21T02:06:40.735071+09:00
Chemical Locator,,,failed,False,2026-08-19T00:05:27.512092+09:00
Chemical Lock,40.0,4.0,success,False,2026-08-17T23:24:07.376365+09:00
Chemical Log,170.0,0.0,success,False,2026-08-19T13:23:19.735168+09:00
Chemical Loop,480.0,1.0,success,False,2026-08-17T23:33:31.331574+09:00
Chemical Manager,720.0,12.0,success,False,2026-08-17T23:13:13.553145+09:00
Chemical Manual,390.0,8.0,success,False,2026-08-27T22:11:36.968554+09:00
Chemical Map,480.0,1.0,success,False,2026-08-17T23:12:14.829118+09:00
Chemical Margin,,,failed,False,2026-08-23T02:53:47.851129+09:00
Chemical Markup,,,failed,False,2026-08-23T16:38:55.641714+09:00
Chemical Memo,,,failed,False,2026-08-21T00:35:23.760596+09:00
Chemical Message,170.0,0.0,success,False,2026-08-27T23:14:41.720422+09:00
Chemical Meter,210.0,87.0,success,False,2026-08-17T23:13:32.470918+09:00
Chemical Metrics,,,failed,False,2026-08-17T23:30:11.118322+09:00
Chemical Monitor,110.0,16.0,success,False,2026-08-17T23:29:55.087176+09:00
Chemical Navigator,,,failed,False,2026-08-17T23:05:51.247207+09:00
Chemical Nexus,,,failed,False,2026-08-17T23:11:35.407010+09:00
Chemical Node,,,failed,False,2026-08-17T23:04:19.754704+09:00
Chemical Note,9900.0,5.0,success,False,2026-08-19T13:24:56.019665+09:00
Chemical Notification,10.0,4.0,success,False,2026-08-27T22:49:08.559687+09:00
Chemical Number,1000.0,5.0,success,False,2026-08-23T03:17:21.558443+09:00
Chemical Office,170.0,0.0,success,False,2026-08-18T23:57:13.406878+09:00
Chemical Ops,,,failed,False,2026-08-17T23:30:54.077179+09:00
Chemical Order,480.0,23.0,success,False,2026-08-19T21:59:15.845213+09:00
Chemical Organizer,30.0,65.0,success,False,2026-08-17T23:09:40.999221+09:00
Chemical Overage,,,failed,False,2026-08-27T21:47:50.200871+09:00
Chemical Overdue,,,failed,False,2026-08-27T21:47:47.331734+09:00
Chemical Panel,1300.0,4.0,success,False,2026-08-17T23:06:32.975995+09:00
Chemical Path,10.0,5.0,success,False,2026-08-17T23:23:48.557902+09:00
Chemical Payoff,,,failed,False,2026-08-27T21:47:50.200871+09:00
Chemical Penalty,,,failed,False,2026-08-23T16:38:55.641714+09:00
Chemical Petition,,,failed,False,2026-08-21T01:08:54.756215+09:00
Chemical Pilot,30.0,1.0,success,False,2026-08-17T23:31:50.854430+09:00
Chemical Plan,110.0,2.0,success,False,2026-08-21T01:59:59.476692+09:00
Chemical Planner,,,failed,False,2026-08-17T23:14:51.389027+09:00
Chemical Playbook,,,failed,False,2026-08-18T23:50:38.279392+09:00
Chemical Point,1300.0,7.0,success,False,2026-08-17T23:05:03.232524+09:00
Chemical Portal,140.0,2.0,success,False,2026-08-17T23:11:56.017978+09:00
Chemical Profile,480.0,1.0,success,False,2026-08-19T13:25:11.972380+09:00
Chemical Profit,,,failed,False,2026-08-23T02:53:39.940635+09:00
Chemical Proposal,,,failed,False,2026-08-28T01:08:02.108620+09:00
Chemical Pulse,10.0,0.0,success,False,2026-08-17T23:23:32.991705+09:00
Chemical Queue,,,failed,False,2026-08-19T21:15:13.442141+09:00
Chemical Quota,,,failed,False,2026-08-21T00:35:29.281212+09:00
Chemical Radar,,,failed,False,2026-08-17T23:32:14.007104+09:00
Chemical Rail,10.0,0.0,success,False,2026-08-17T23:15:07.247244+09:00
Chemical Rate,480.0,0.0,success,False,2026-08-19T20:42:19.980728+09:00
Chemical Recap,,,failed,False,2026-08-21T01:09:08.778546+09:00
Chemical Receipt,,,failed,False,2026-08-19T21:59:35.883958+09:00
Chemical Recorder,,,failed,False,2026-08-27T23:35:38.281742+09:00
Chemical Register,720.0,5.0,success,False,2026-08-17T23:12:55.157000+09:00
Chemical Registry,720.0,5.0,success,False,2026-08-18T23:50:38.279392+09:00
Chemical Relay,,,failed,False,2026-08-17T23:10:58.652260+09:00
Chemical Reminder,10.0,0.0,success,False,2026-08-19T21:14:27.953850+09:00
Chemical Report,480.0,0.0,success,False,2026-08-19T13:23:10.003028+09:00
Chemical Repository,,,failed,False,2026-08-27T23:14:46.468120+09:00
Chemical Result,260.0,1.0,success,False,2026-08-28T00:48:18.570201+09:00
Chemical Roadmap,,,failed,False,2026-08-18T21:11:26.018001+09:00
Chemical Roster,,,failed,False,2026-08-19T00:37:46.702224+09:00
Chemical Route,50.0,1.0,success,False,2026-08-17T23:08:17.909902+09:00
Chemical Rule,,,failed,False,2026-08-23T03:17:34.613762+09:00
Chemical Sale,480.0,20.0,success,False,2026-08-21T02:22:07.753021+09:00
Chemical Sample,320.0,6.0,success,False,2026-08-19T22:00:41.038270+09:00
Chemical Scale,1000.0,99.0,success,False,2026-08-17T23:27:13.113305+09:00
Chemical Scheduler,,,failed,False,2026-08-17T23:29:38.825411+09:00
Chemical Scope,110.0,0.0,success,False,2026-08-17T23:08:58.203851+09:00
Chemical Score,1300.0,3.0,success,False,2026-08-19T13:24:45.773598+09:00
Chemical Sentry,,,failed,False,2026-08-17T23:06:09.735984+09:00
Chemical Serial,10.0,0.0,success,False,2026-08-23T13:27:22.703282+09:00
Chemical Sheet,720.0,8.0,success,False,2026-08-19T13:24:14.979285+09:00
Chemical Shortfall,,,failed,False,2026-08-27T21:47:56.115586+09:00
Chemical Signal,4400.0,93.0,success,False,2026-08-17T23:14:14.412117+09:00
Chemical Signature,170.0,1.0,success,False,2026-08-23T13:27:28.386352+09:00
Chemical Slip,,,failed,False,2026-08-19T22:00:29.201659+09:00
Chemical Slot,,,failed,False,2026-08-19T22:00:50.592987+09:00
Chemical Snapshot,,,failed,False,2026-08-18T23:50:38.279392+09:00
Chemical Stage,10.0,0.0,success,False,2026-08-28T00:48:18.570201+09:00
Chemical Stake,,,failed,False,2026-08-23T02:53:45.297778+09:00
Chemical Statement,20.0,0.0,success,False,2026-08-21T00:35:16.287713+09:00
Chemical Station,390.0,6.0,success,False,2026-08-17T23:10:18.497736+09:00
Chemical Status,260.0,13.0,success,False,2026-08-19T20:41:43.197527+09:00
Chemical Studio,390.0,6.0,success,False,2026-08-17T23:15:27.187478+09:00
Chemical Suite,110.0,100.0,success,False,2026-08-17T23:29:03.554808+09:00
Chemical Sum,,,failed,False,2026-08-21T02:21:48.463008+09:00
Chemical Summary,,,failed,False,2026-08-19T21:14:07.516927+09:00
Chemical Surtax,,,failed,False,2026-08-23T15:51:47.066948+09:00
Chemical Sync,,,failed,False,2026-08-17T23:14:31.375028+09:00
Chemical Table,33100.0,57.0,success,False,2026-08-19T22:00:08.446877+09:00
Chemical Tag,210.0,57.0,success,False,2026-08-19T13:25:01.891377+09:00
Chemical Tariff,10.0,0.0,success,False,2026-08-21T02:38:25.978724+09:00
Chemical Tax,30.0,0.0,success,False,2026-08-21T02:06:36.583403+09:00
Chemical Ticket,30.0,3.0,success,False,2026-08-19T21:15:02.782218+09:00
Chemical Tier,,,failed,False,2026-08-28T00:48:21.370495+09:00
Chemical Timeline,260.0,0.0,success,False,2026-08-19T21:14:17.350894+09:00
Chemical Timer,20.0,11.0,success,False,2026-08-28T00:26:26.682078+09:00
Chemical Toll,,,failed,False,2026-08-21T02:38:19.881796+09:00
Chemical Toolbox,30.0,0.0,success,False,2026-08-28T00:26:31.699789+09:00
Chemical Toolkit,,,failed,False,2026-08-18T23:50:38.279392+09:00
Chemical Total,20.0,0.0,success,False,2026-08-27T23:14:44.010079+09:00
Chemical Tracker,260.0,5.0,success,False,2026-08-17T23:31:19.808791+09:00
Chemical Trail,12100.0,1.0,success,False,2026-08-17T23:27:42.956477+09:00
Chemical Trend,880.0,2.0,success,False,2026-08-28T01:07:59.537409+09:00
Chemical Trial,590.0,1.0,success,False,2026-08-27T21:16:53.377302+09:00
Chemical Unit,2400.0,0.0,success,True,2026-08-21T02:00:00.574550+09:00
Chemical Update,320.0,2.0,success,False,2026-08-19T20:42:25.910879+09:00
Chemical Value,90.0,0.0,success,False,2026-08-23T02:53:42.896171+09:00
Chemical Vault,20.0,7.0,success,False,2026-08-17T23:32:27.078253+09:00
Chemical Version,0.0,,success,False,2026-08-23T03:17:28.989211+09:00
Chemical View,210.0,0.0,success,False,2026-08-19T20:41:48.388385+09:00
Chemical Voucher,,,failed,False,2026-08-21T00:35:09.628137+09:00
Chemical Watch,720.0,9.0,success,False,2026-08-17T23:33:17.146702+09:00
Chemical Wave,170.0,0.0,success,False,2026-08-17T23:10:38.410164+09:00
Chemical Widget,,,failed,False,2026-08-27T23:14:44.010079+09:00
Chemical Workbench,50.0,34.0,success,False,2026-08-18T23:50:38.279392+09:00
Chemical Worksheet,1300.0,4.0,success,False,2026-08-27T22:11:39.650369+09:00
Chemical Workshop,170.0,4.0,success,False,2026-08-28T00:26:29.201404+09:00
Chemical Zone,390.0,3.0,success,False,2026-08-17T23:26:27.360355+09:00
Chiller Advisory,,,failed,False,2026-08-21T01:07:07.368570+09:00
Chiller Alert,,,failed,False,2026-08-19T21:16:53.658254+09:00
Chiller Allowance,,,failed,False,2026-08-21T02:45:31.753294+09:00
Chiller Analyzer,,,failed,False,2026-08-27T23:55:28.059641+09:00
Chiller Asset,,,failed,False,2026-08-23T13:47:40.781383+09:00
Chiller Assistant,,,failed,False,2026-08-19T21:11:25.521014+09:00
Chiller Atlas,,,failed,False,2026-08-19T21:10:42.484655+09:00
Chiller Attribute,,,failed,False,2026-08-23T13:06:51.579478+09:00
Chiller Base,90.0,11.0,success,False,2026-08-19T21:06:39.226294+09:00
Chiller Bay,,,failed,False,2026-08-19T21:15:11.193054+09:00
Chiller Beacon,,,failed,False,2026-08-19T21:03:47.017770+09:00
Chiller Bill,20.0,0.0,success,False,2026-08-19T22:07:15.173390+09:00
Chiller Bin,9900.0,100.0,success,False,2026-08-19T21:17:18.865865+09:00
Chiller Board,50.0,6.0,success,False,2026-08-19T21:07:08.840903+09:00
Chiller Book,140.0,49.0,success,False,2026-08-19T21:46:13.716197+09:00
Chiller Bridge,,,failed,False,2026-08-19T21:04:27.192873+09:00
Chiller Brief,,,failed,False,2026-08-21T01:06:58.606298+09:00
Chiller Bulletin,,,failed,False,2026-08-21T01:06:53.303863+09:00
Chiller Calculator,30.0,7.0,success,False,2026-08-27T23:34:06.441052+09:00
Chiller Calendar,,,failed,False,2026-08-19T21:13:19.288024+09:00
Chiller Card,10.0,1.0,success,False,2026-08-19T21:19:01.988330+09:00
Chiller Cascade,,,failed,False,2026-08-19T21:04:13.651960+09:00
Chiller Cash,10.0,,success,False,2026-08-21T02:29:14.750230+09:00
Chiller Cashback,,,failed,False,2026-08-27T21:12:46.088803+09:00
Chiller Category,10.0,21.0,success,False,2026-08-23T13:06:49.264367+09:00
Chiller Center,,,failed,False,2026-08-19T21:08:09.987838+09:00
Chiller Chain,,,failed,False,2026-08-19T21:09:55.427058+09:00
Chiller Charge,,,failed,False,2026-08-21T02:45:23.002534+09:00
Chiller Chart,,,failed,False,2026-08-19T21:17:08.649893+09:00
Chiller Check,20.0,21.0,success,False,2026-08-19T21:19:25.343582+09:00
Chiller Checker,,,failed,False,2026-08-27T23:55:17.807220+09:00
Chiller Circular,,,failed,False,2026-08-21T01:07:02.843245+09:00
Chiller Code,,,failed,False,2026-08-19T22:07:37.028999+09:00
Chiller Companion,,,failed,False,2026-08-19T21:12:12.315865+09:00
Chiller Comparison,10.0,50.0,success,False,2026-08-28T01:06:48.738756+09:00
Chiller Compass,,,failed,False,2026-08-19T21:03:32.051785+09:00
Chiller Confirmation,,,failed,False,2026-08-21T01:07:19.627545+09:00
Chiller Console,,,failed,False,2026-08-19T21:08:42.108199+09:00
Chiller Core,,,failed,False,2026-08-19T21:06:47.923280+09:00
Chiller Cost,140.0,58.0,success,False,2026-08-21T02:12:06.796728+09:00
Chiller Count,,,failed,False,2026-08-27T22:46:27.298392+09:00
Chiller Coupon,10.0,0.0,success,False,2026-08-26T22:29:25.643786+09:00
Chiller Deal,,,failed,False,2026-08-21T01:55:46.721069+09:00
Chiller Debt,,,failed,False,2026-08-21T02:29:07.517005+09:00
Chiller Deck,20.0,82.0,success,False,2026-08-19T21:07:21.562422+09:00
Chiller Desk,,,failed,False,2026-08-19T21:31:19.157381+09:00
Chiller Detail,30.0,8.0,success,False,2026-08-23T03:17:13.101010+09:00
Chiller Detector,,,failed,False,2026-08-27T23:55:24.915525+09:00
Chiller Diagram,1900.0,0.0,success,True,2026-08-27T22:07:09.283408+09:00
Chiller Directory,,,failed,False,2026-08-19T21:13:29.995507+09:00
Chiller Discount,,,failed,False,2026-08-23T16:16:35.923082+09:00
Chiller Dossier,,,failed,False,2026-08-21T01:07:24.154176+09:00
Chiller Downpayment,,,failed,False,2026-08-27T21:46:01.626926+09:00
Chiller Draft,,,failed,False,2026-08-19T21:30:05.370784+09:00
Chiller Due,,,failed,False,2026-08-23T15:52:35.720858+09:00
Chiller Duty,10.0,10.0,success,False,2026-08-21T02:45:25.368857+09:00
Chiller Engine,70.0,13.0,success,False,2026-08-19T21:11:14.866023+09:00
Chiller Entry,,,failed,False,2026-08-21T01:07:35.741700+09:00
Chiller Estimate,,,failed,False,2026-08-19T21:30:49.393699+09:00
Chiller Estimator,,,failed,False,2026-08-27T23:55:14.253857+09:00
Chiller Excerpt,,,failed,False,2026-08-21T01:07:31.229292+09:00
Chiller Fare,,,failed,False,2026-08-21T02:12:15.174959+09:00
Chiller Fee,10.0,0.0,success,False,2026-08-21T01:55:28.445824+09:00
Chiller Feed,,,failed,False,2026-08-19T21:29:57.691182+09:00
Chiller Field,,,failed,False,2026-08-23T13:06:54.038616+09:00
Chiller File,,,failed,False,2026-08-19T21:29:28.610068+09:00
Chiller Fine,,,failed,False,2026-08-23T02:52:59.926815+09:00
Chiller Flag,,,failed,False,2026-08-21T00:32:24.105621+09:00
Chiller Flow,20.0,0.0,success,False,2026-08-19T21:31:05.316836+09:00
Chiller Forge,,,failed,False,2026-08-19T21:04:01.717737+09:00
Chiller Form,,,failed,False,2026-08-19T21:18:48.274039+09:00
Chiller Frame,30.0,8.0,success,False,2026-08-19T21:06:30.155036+09:00
Chiller Fund,,,failed,False,2026-08-21T02:29:11.262958+09:00
Chiller Giveaway,,,failed,False,2026-08-27T21:12:56.642443+09:00
Chiller Grade,,,failed,False,2026-08-21T00:32:06.767489+09:00
Chiller Grid,,,failed,False,2026-08-19T21:05:28.660617+09:00
Chiller Guarantee,,,failed,False,2026-08-28T01:06:54.096928+09:00
Chiller Guardian,,,failed,False,2026-08-28T00:25:07.962787+09:00
Chiller Harbor,,,failed,False,2026-08-19T21:15:56.084621+09:00
Chiller Helpdesk,,,failed,False,2026-08-27T22:46:29.671446+09:00
Chiller Helper,,,failed,False,2026-08-28T00:25:13.091211+09:00
Chiller History,10.0,0.0,success,False,2026-08-19T21:29:21.643935+09:00
Chiller Hub,,,failed,False,2026-08-19T21:31:12.885816+09:00
Chiller Identifier,,,failed,False,2026-08-23T13:06:47.092391+09:00
Chiller Inbox,,,failed,False,2026-08-19T21:16:41.047984+09:00
Chiller Incentive,,,failed,False,2026-08-27T21:12:51.148194+09:00
Chiller Index,10.0,0.0,success,False,2026-08-19T21:30:35.144264+09:00
Chiller Installment,,,failed,False,2026-08-23T16:16:38.945846+09:00
Chiller Item,50.0,10.0,success,False,2026-08-21T01:55:30.531800+09:00
Chiller Journal,,,failed,False,2026-08-19T21:12:53.220290+09:00
Chiller Keeper,,,failed,False,2026-08-19T21:10:51.939321+09:00
Chiller Kit,30.0,67.0,success,False,2026-08-27T22:46:23.139331+09:00
Chiller Lab,880.0,88.0,success,False,2026-08-19T21:07:40.402937+09:00
Chiller Label,,,failed,False,2026-08-27T22:06:58.606007+09:00
Chiller Ledger,,,failed,False,2026-08-19T21:06:57.837919+09:00
Chiller Level,,,failed,False,2026-08-19T21:29:36.124531+09:00
Chiller Line,170.0,56.0,success,False,2026-08-19T21:17:55.830991+09:00
Chiller Link,,,failed,False,2026-08-23T03:17:02.268689+09:00
Chiller List,30.0,4.0,success,False,2026-08-19T22:07:56.620143+09:00
Chiller Loan,,,failed,False,2026-08-21T02:12:23.232619+09:00
Chiller Locator,,,failed,False,2026-08-19T21:13:44.257474+09:00
Chiller Log,10.0,2.0,success,False,2026-08-19T21:18:36.412771+09:00
Chiller Loop,70.0,5.0,success,False,2026-08-19T21:05:15.949286+09:00
Chiller Manager,20.0,4.0,success,False,2026-08-19T21:11:04.489546+09:00
Chiller Manual,170.0,1.0,success,False,2026-08-27T22:07:05.837486+09:00
Chiller Map,,,failed,False,2026-08-19T21:06:16.769807+09:00
Chiller Markup,,,failed,False,2026-08-23T16:40:13.658560+09:00
Chiller Memo,,,failed,False,2026-08-21T00:32:11.459467+09:00
Chiller Monitor,30.0,4.0,success,False,2026-08-19T21:11:59.918866+09:00
Chiller Note,,,failed,False,2026-08-19T21:19:50.890463+09:00
Chiller Notification,,,failed,False,2026-08-27T22:46:20.664142+09:00
Chiller Number,,,failed,False,2026-08-23T03:16:51.782987+09:00
Chiller Ops,,,failed,False,2026-08-19T21:12:33.528106+09:00
Chiller Order,,,failed,False,2026-08-19T22:07:01.913828+09:00
Chiller Overdue,,,failed,False,2026-08-27T21:45:56.763524+09:00
Chiller Panel,260.0,46.0,success,False,2026-08-19T21:08:54.298412+09:00
Chiller Path,,,failed,False,2026-08-19T21:05:54.912887+09:00
Chiller Payoff,,,failed,False,2026-08-27T21:45:59.200970+09:00
Chiller Petition,,,failed,False,2026-08-21T01:07:11.720033+09:00
Chiller Plan,40.0,1.0,success,False,2026-08-21T01:55:44.868962+09:00
Chiller Planner,,,failed,False,2026-08-19T21:11:37.631930+09:00
Chiller Playbook,,,failed,False,2026-08-19T21:12:43.604286+09:00
Chiller Plaza,,,failed,False,2026-08-19T21:15:44.600624+09:00
Chiller Portal,,,failed,False,2026-08-19T21:08:31.191170+09:00
Chiller Post,,,failed,False,2026-08-19T21:15:22.705045+09:00
Chiller Preview,,,failed,False,2026-08-28T01:06:51.354656+09:00
Chiller Profile,,,failed,False,2026-08-19T21:20:12.462826+09:00
Chiller Profit,,,failed,False,2026-08-23T02:52:51.254134+09:00
Chiller Proposal,,,failed,False,2026-08-28T01:06:51.354656+09:00
Chiller Quota,,,failed,False,2026-08-21T00:32:15.885792+09:00
Chiller Radar,,,failed,False,2026-08-19T21:31:27.001536+09:00
Chiller Rail,,,failed,False,2026-08-19T21:09:29.663933+09:00
Chiller Rate,30.0,37.0,success,False,2026-08-19T21:29:44.160374+09:00
Chiller Recap,,,failed,False,2026-08-21T01:07:26.518810+09:00
Chiller Receipt,,,failed,False,2026-08-19T22:07:25.606827+09:00
Chiller Recorder,10.0,0.0,success,False,2026-08-27T23:34:10.423222+09:00
Chiller Register,,,failed,False,2026-08-19T21:12:24.209579+09:00
Chiller Registry,,,failed,False,2026-08-19T21:13:07.301000+09:00
Chiller Relay,40.0,79.0,success,False,2026-08-19T21:31:35.907614+09:00
Chiller Reminder,,,failed,False,2026-08-19T21:30:26.736781+09:00
Chiller Report,10.0,2.0,success,False,2026-08-19T21:18:26.718972+09:00
Chiller Roster,,,failed,False,2026-08-19T21:16:27.560091+09:00
Chiller Route,,,failed,False,2026-08-19T21:09:18.934477+09:00
Chiller Rule,,,failed,False,2026-08-23T03:17:09.077548+09:00
Chiller Sale,50.0,91.0,success,False,2026-08-21T02:29:19.301672+09:00
Chiller Sample,10.0,5.0,success,False,2026-08-19T21:46:37.963751+09:00
Chiller Scale,,,failed,False,2026-08-19T21:09:04.357233+09:00
Chiller Scanner,,,failed,False,2026-08-27T23:55:21.576264+09:00
Chiller Scheduler,,,failed,False,2026-08-19T21:11:48.091080+09:00
Chiller Schematic,390.0,1.0,success,False,2026-08-27T22:28:39.838514+09:00
Chiller Scope,,,failed,False,2026-08-19T21:05:03.787854+09:00
Chiller Score,,,failed,False,2026-08-19T21:19:37.758100+09:00
Chiller Sheet,,,failed,False,2026-08-19T21:19:14.051362+09:00
Chiller Shelf,170.0,99.0,success,False,2026-08-19T21:16:16.247165+09:00
Chiller Signal,,,failed,False,2026-08-19T21:04:40.695118+09:00
Chiller Slip,,,failed,False,2026-08-19T21:46:26.862344+09:00
Chiller Slot,,,failed,False,2026-08-19T21:46:47.844671+09:00
Chiller Statement,,,failed,False,2026-08-21T00:31:52.807063+09:00
Chiller Station,390.0,3.0,success,False,2026-08-19T21:07:51.410434+09:00
Chiller Status,,,failed,False,2026-08-19T21:29:07.329786+09:00
Chiller Subsidy,,,failed,False,2026-08-23T15:52:37.821939+09:00
Chiller Sum,,,failed,False,2026-08-21T02:29:01.889757+09:00
Chiller Summary,,,failed,False,2026-08-19T21:30:12.319072+09:00
Chiller Tab,,,failed,False,2026-08-21T00:32:28.890378+09:00
Chiller Table,590.0,100.0,success,False,2026-08-19T21:46:03.788347+09:00
Chiller Tag,,,failed,False,2026-08-19T21:20:03.565098+09:00
Chiller Tally,,,failed,False,2026-08-21T00:31:57.081328+09:00
Chiller Tariff,,,failed,False,2026-08-21T02:45:36.117852+09:00
Chiller Tax,,,failed,False,2026-08-21T02:12:19.408855+09:00
Chiller Terminal,,,failed,False,2026-08-19T21:08:00.939328+09:00
Chiller Ticket,,,failed,False,2026-08-19T21:30:40.784781+09:00
Chiller Timeline,,,failed,False,2026-08-19T21:30:20.208348+09:00
Chiller Toll,,,failed,False,2026-08-21T02:45:28.044980+09:00
Chiller Toolbox,,,failed,False,2026-08-28T00:25:10.586444+09:00
Chiller Total,,,failed,False,2026-08-27T23:11:58.068235+09:00
Chiller Tower,260.0,32.0,success,False,2026-08-19T21:16:06.341907+09:00
Chiller Tracker,,,failed,False,2026-08-19T21:30:59.491804+09:00
Chiller Trail,,,failed,False,2026-08-19T21:09:44.414904+09:00
Chiller Trend,,,failed,False,2026-08-28T01:06:43.929748+09:00
Chiller Trial,,,failed,False,2026-08-27T21:12:51.148194+09:00
Chiller Unit,2900.0,85.0,success,False,2026-08-21T01:55:33.628108+09:00
Chiller Update,10.0,11.0,success,False,2026-08-19T21:29:51.150185+09:00
Chiller Value,,,failed,False,2026-08-23T02:52:54.203392+09:00
Chiller Vault,,,failed,False,2026-08-19T21:31:45.728679+09:00
Chiller Version,,,failed,False,2026-08-23T03:16:59.377666+09:00
Chiller View,,,failed,False,2026-08-19T21:29:16.026683+09:00
Chiller Watch,,,failed,False,2026-08-19T21:04:53.638566+09:00
Chiller Wave,,,failed,False,2026-08-19T21:05:41.663242+09:00
Chiller Widget,,,failed,False,2026-08-27T23:12:02.088858+09:00
Chiller Worksheet,,,failed,False,2026-08-27T22:07:05.837486+09:00
Chiller Workshop,,,failed,False,2026-08-28T00:25:05.172390+09:00
Chiller Yard,210.0,2.0,success,False,2026-08-19T21:15:00.223476+09:00
Chiller Zone,40.0,2.0,success,False,2026-08-19T21:08:19.397533+09:00
Chlorine Advance,,,failed,False,2026-08-23T16:16:00.073730+09:00
Chlorine Advisory,,,failed,False,2026-08-21T01:05:32.279989+09:00
Chlorine Alert,,,failed,False,2026-08-19T21:08:43.971729+09:00
Chlorine Allowance,,,failed,False,2026-08-21T02:43:07.410836+09:00
Chlorine Analyzer,720.0,99.0,success,False,2026-08-27T23:57:55.384671+09:00
Chlorine Arrears,,,failed,False,2026-08-23T16:15:57.304809+09:00
Chlorine Assistant,,,failed,False,2026-08-19T21:33:06.191339+09:00
Chlorine Attribute,,,failed,False,2026-08-23T13:08:34.053815+09:00
Chlorine Badge,,,failed,False,2026-08-21T00:32:47.883810+09:00
Chlorine Balance,30.0,78.0,success,False,2026-08-23T13:47:58.149011+09:00
Chlorine Base,110.0,1.0,success,False,2026-08-19T21:32:08.265719+09:00
Chlorine Beacon,,,failed,False,2026-08-19T21:17:38.869284+09:00
Chlorine Bill,,,failed,False,2026-08-19T21:57:59.626776+09:00
Chlorine Bin,,,failed,False,2026-08-19T21:09:04.357233+09:00
Chlorine Board,,,failed,False,2026-08-19T21:32:26.609245+09:00
Chlorine Book,1300.0,17.0,success,False,2026-08-19T21:58:45.118789+09:00
Chlorine Brief,,,failed,False,2026-08-21T01:05:23.608566+09:00
Chlorine Bulletin,,,failed,False,2026-08-21T01:05:20.057524+09:00
Chlorine Cabinet,,,failed,False,2026-08-27T23:15:25.030230+09:00
Chlorine Calculator,720.0,0.0,success,False,2026-08-27T23:36:01.279667+09:00
Chlorine Calendar,,,failed,False,2026-08-19T21:05:15.949286+09:00
Chlorine Card,30.0,0.0,success,False,2026-08-19T21:11:07.162763+09:00
Chlorine Cascade,,,failed,False,2026-08-19T21:17:55.830991+09:00
Chlorine Cash,,,failed,False,2026-08-21T02:27:53.442278+09:00
Chlorine Cashback,,,failed,False,2026-08-27T21:18:01.606713+09:00
Chlorine Catalog,,,failed,False,2026-08-19T21:15:46.366866+09:00
Chlorine Category,20.0,0.0,success,False,2026-08-23T13:08:30.246419+09:00
Chlorine Charge,8100.0,0.0,success,True,2026-08-21T02:42:54.824749+09:00
Chlorine Chart,110.0,5.0,success,False,2026-08-19T21:08:54.298412+09:00
Chlorine Check,90.0,100.0,success,False,2026-08-19T21:11:25.521014+09:00
Chlorine Checker,90.0,100.0,success,False,2026-08-27T23:57:47.525165+09:00
Chlorine Checklist,,,failed,False,2026-08-19T21:14:46.806152+09:00
Chlorine Circular,,,failed,False,2026-08-21T01:05:28.222738+09:00
Chlorine Code,30.0,0.0,success,False,2026-08-19T21:58:19.577733+09:00
Chlorine Companion,,,failed,False,2026-08-19T21:04:01.717737+09:00
Chlorine Comparison,,,failed,False,2026-08-28T01:07:59.537409+09:00
Chlorine Compass,,,failed,False,2026-08-19T21:17:29.124164+09:00
Chlorine Confirmation,,,failed,False,2026-08-21T01:07:59.313235+09:00
Chlorine Console,,,failed,False,2026-08-19T21:32:49.180215+09:00
Chlorine Converter,10.0,100.0,success,False,2026-08-27T23:36:01.279667+09:00
Chlorine Core,,,failed,False,2026-08-19T21:32:15.548375+09:00
Chlorine Cost,320.0,71.0,success,False,2026-08-21T02:12:19.408855+09:00
Chlorine Count,,,failed,False,2026-08-27T22:49:57.314209+09:00
Chlorine Counter,,,failed,False,2026-08-19T21:06:16.769807+09:00
Chlorine Coupon,10.0,100.0,success,False,2026-08-27T21:18:01.606713+09:00
Chlorine Deal,,,failed,False,2026-08-21T01:57:03.804845+09:00
Chlorine Debt,,,failed,False,2026-08-21T02:27:47.388523+09:00
Chlorine Deck,,,failed,False,2026-08-19T21:32:30.611292+09:00
Chlorine Desk,,,failed,False,2026-08-19T21:16:41.047984+09:00
Chlorine Detail,,,failed,False,2026-08-23T03:22:01.031781+09:00
Chlorine Digest,,,failed,False,2026-08-19T21:13:44.257474+09:00
Chlorine Directory,,,failed,False,2026-08-19T21:05:30.373866+09:00
Chlorine Discount,10.0,86.0,success,False,2026-08-23T16:15:50.711564+09:00
Chlorine Dossier,,,failed,False,2026-08-21T01:05:53.776527+09:00
Chlorine Downpayment,,,failed,False,2026-08-27T21:49:15.770523+09:00
Chlorine Draft,,,failed,False,2026-08-19T21:14:05.700076+09:00
Chlorine Due,,,failed,False,2026-08-23T15:52:33.187171+09:00
Chlorine Duty,,,failed,False,2026-08-21T02:42:59.558136+09:00
Chlorine Entry,,,failed,False,2026-08-21T01:06:07.369655+09:00
Chlorine Estimate,,,failed,False,2026-08-19T21:15:37.050210+09:00
Chlorine Estimator,,,failed,False,2026-08-27T23:57:45.055012+09:00
Chlorine Excerpt,,,failed,False,2026-08-21T01:06:03.967646+09:00
Chlorine Fare,,,failed,False,2026-08-21T02:12:23.232619+09:00
Chlorine Fee,,,failed,False,2026-08-21T01:56:51.063242+09:00
Chlorine Feed,720.0,100.0,success,False,2026-08-19T21:13:54.945157+09:00
Chlorine Field,,,failed,False,2026-08-23T13:08:36.933873+09:00
Chlorine File,,,failed,False,2026-08-19T21:12:55.345811+09:00
Chlorine Finder,10.0,0.0,success,False,2026-08-19T21:05:57.473217+09:00
Chlorine Fine,,,failed,False,2026-08-23T02:57:10.108047+09:00
Chlorine Flag,,,failed,False,2026-08-21T00:33:25.139045+09:00
Chlorine Flow,,,failed,False,2026-08-19T21:16:19.911294+09:00
Chlorine Form,170.0,0.0,success,False,2026-08-19T21:10:55.875332+09:00
Chlorine Format,,,failed,False,2026-08-23T13:08:40.061584+09:00
Chlorine Frame,,,failed,False,2026-08-19T21:20:03.565098+09:00
Chlorine Fund,,,failed,False,2026-08-21T02:27:51.067603+09:00
Chlorine Giveaway,,,failed,False,2026-08-27T21:18:10.943632+09:00
Chlorine Grade,,,failed,False,2026-08-21T00:33:05.849456+09:00
Chlorine Graph,20.0,0.0,success,False,2026-08-27T22:13:31.267961+09:00
Chlorine Grid,,,failed,False,2026-08-19T21:19:03.809657+09:00
Chlorine Guardian,,,failed,False,2026-08-28T00:26:42.212784+09:00
Chlorine Helper,,,failed,False,2026-08-28T00:26:44.575613+09:00
Chlorine History,260.0,0.0,success,False,2026-08-19T21:12:43.604286+09:00
Chlorine Hotline,,,failed,False,2026-08-19T21:15:56.084621+09:00
Chlorine Hub,,,failed,False,2026-08-19T21:16:30.496623+09:00
Chlorine Identifier,,,failed,False,2026-08-23T13:08:27.240954+09:00
Chlorine Inbox,,,failed,False,2026-08-19T21:08:31.191170+09:00
Chlorine Incentive,,,failed,False,2026-08-27T21:18:10.943632+09:00
Chlorine Index,,,failed,False,2026-08-19T21:15:00.223476+09:00
Chlorine Installment,,,failed,False,2026-08-23T16:15:54.401659+09:00
Chlorine Item,,,failed,False,2026-08-21T01:56:53.826149+09:00
Chlorine Journal,,,failed,False,2026-08-19T21:04:53.638566+09:00
Chlorine Keeper,,,failed,False,2026-08-19T21:33:06.191339+09:00
Chlorine Kit,480.0,98.0,success,False,2026-08-27T22:49:54.897946+09:00
Chlorine Lab,10.0,0.0,success,False,2026-08-19T21:32:34.534523+09:00
Chlorine Label,70.0,100.0,success,False,2026-08-27T22:13:33.756180+09:00
Chlorine Ledger,,,failed,False,2026-08-19T21:32:23.492274+09:00
Chlorine Level,480.0,18.0,success,False,2026-08-19T21:13:07.301000+09:00
Chlorine Line,40.0,6.0,success,False,2026-08-19T21:09:59.006110+09:00
Chlorine Link,,,failed,False,2026-08-23T03:21:54.482997+09:00
Chlorine List,,,failed,False,2026-08-19T21:58:30.244900+09:00
Chlorine Loan,,,failed,False,2026-08-21T02:12:31.205964+09:00
Chlorine Locker,,,failed,False,2026-08-19T21:06:30.155036+09:00
Chlorine Log,,,failed,False,2026-08-19T21:10:42.484655+09:00
Chlorine Loop,,,failed,False,2026-08-19T21:18:51.088595+09:00
Chlorine Manager,,,failed,False,2026-08-19T21:33:06.191339+09:00
Chlorine Manual,10.0,0.0,success,False,2026-08-27T22:13:33.756180+09:00
Chlorine Map,10.0,0.0,success,False,2026-08-19T21:19:50.890463+09:00
Chlorine Margin,,,failed,False,2026-08-23T02:57:06.282457+09:00
Chlorine Markup,,,failed,False,2026-08-23T16:39:41.135046+09:00
Chlorine Memo,,,failed,False,2026-08-21T00:33:12.400590+09:00
Chlorine Message,,,failed,False,2026-08-27T23:15:15.489365+09:00
Chlorine Monitor,170.0,100.0,success,False,2026-08-19T21:03:49.756847+09:00
Chlorine Note,,,failed,False,2026-08-19T21:11:48.091080+09:00
Chlorine Notification,,,failed,False,2026-08-27T22:49:51.876514+09:00
Chlorine Number,480.0,0.0,success,False,2026-08-23T03:21:42.958973+09:00
Chlorine Ops,,,failed,False,2026-08-19T21:04:27.192873+09:00
Chlorine Order,,,failed,False,2026-08-19T21:57:47.268344+09:00
Chlorine Overage,,,failed,False,2026-08-27T21:49:13.443578+09:00
Chlorine Overdraft,,,failed,False,2026-08-23T15:52:33.187171+09:00
Chlorine Overdue,,,failed,False,2026-08-27T21:49:08.437850+09:00
Chlorine Panel,10.0,10.0,success,False,2026-08-19T21:32:52.200900+09:00
Chlorine Path,,,failed,False,2026-08-19T21:19:27.756536+09:00
Chlorine Payoff,,,failed,False,2026-08-27T21:49:11.230615+09:00
Chlorine Petition,,,failed,False,2026-08-21T01:05:40.713486+09:00
Chlorine Plan,,,failed,False,2026-08-21T01:57:02.115497+09:00
Chlorine Playbook,,,failed,False,2026-08-19T21:04:40.695118+09:00
Chlorine Point,,,failed,False,2026-08-19T21:19:39.587475+09:00
Chlorine Portal,,,failed,False,2026-08-19T21:32:47.158972+09:00
Chlorine Profile,,,failed,False,2026-08-19T21:12:12.315865+09:00
Chlorine Profit,,,failed,False,2026-08-23T02:56:59.964563+09:00
Chlorine Queue,,,failed,False,2026-08-19T21:15:25.328836+09:00
Chlorine Quota,,,failed,False,2026-08-21T00:33:17.387160+09:00
Chlorine Radar,,,failed,False,2026-08-19T21:16:53.658254+09:00
Chlorine Rate,40.0,47.0,success,False,2026-08-19T21:13:19.288024+09:00
Chlorine Recap,,,failed,False,2026-08-21T01:05:51.926035+09:00
Chlorine Receipt,,,failed,False,2026-08-19T21:58:11.207870+09:00
Chlorine Recorder,,,failed,False,2026-08-27T23:36:04.672816+09:00
Chlorine Register,,,failed,False,2026-08-19T21:04:13.651960+09:00
Chlorine Relay,,,failed,False,2026-08-19T21:17:08.649893+09:00
Chlorine Reminder,,,failed,False,2026-08-19T21:14:36.641890+09:00
Chlorine Report,,,failed,False,2026-08-19T21:10:31.479524+09:00
Chlorine Repository,,,failed,False,2026-08-27T23:15:28.257448+09:00
Chlorine Result,,,failed,False,2026-08-28T00:48:21.370495+09:00
Chlorine Roster,,,failed,False,2026-08-19T21:08:21.181421+09:00
Chlorine Rule,,,failed,False,2026-08-23T03:21:56.707046+09:00
Chlorine Sale,590.0,100.0,success,False,2026-08-21T02:27:57.187073+09:00
Chlorine Sample,40.0,11.0,success,False,2026-08-19T21:59:04.972402+09:00
Chlorine Scheduler,,,failed,False,2026-08-19T21:03:33.928340+09:00
Chlorine Schematic,,,failed,False,2026-08-27T22:29:13.251110+09:00
Chlorine Scope,,,failed,False,2026-08-19T21:18:36.412771+09:00
Chlorine Score,,,failed,False,2026-08-19T21:11:37.631930+09:00
Chlorine Sheet,,,failed,False,2026-08-19T21:11:17.911454+09:00
Chlorine Shelf,,,failed,False,2026-08-19T21:08:11.674763+09:00
Chlorine Shortfall,,,failed,False,2026-08-27T21:49:18.001663+09:00
Chlorine Signal,,,failed,False,2026-08-19T21:18:14.475118+09:00
Chlorine Slip,,,failed,False,2026-08-19T21:58:56.766000+09:00
Chlorine Slot,,,failed,False,2026-08-19T21:59:12.539055+09:00
Chlorine Stake,,,failed,False,2026-08-23T02:57:04.274468+09:00
Chlorine Statement,,,failed,False,2026-08-21T00:32:57.061306+09:00
Chlorine Status,10.0,0.0,success,False,2026-08-19T21:12:24.209579+09:00
Chlorine Stub,,,failed,False,2026-08-21T00:32:52.523477+09:00
Chlorine Studio,,,failed,False,2026-08-19T21:32:32.734528+09:00
Chlorine Subsidy,,,failed,False,2026-08-23T15:52:35.720858+09:00
Chlorine Sum,,,failed,False,2026-08-21T02:27:38.390107+09:00
Chlorine Summary,,,failed,False,2026-08-19T21:14:14.890297+09:00
Chlorine Surtax,,,failed,False,2026-08-23T15:52:35.720858+09:00
Chlorine Tab,480.0,99.0,success,False,2026-08-21T00:33:32.477901+09:00
Chlorine Table,110.0,93.0,success,False,2026-08-19T21:58:36.842594+09:00
Chlorine Tag,,,failed,False,2026-08-19T21:12:02.105513+09:00
Chlorine Tally,,,failed,False,2026-08-21T00:33:01.322590+09:00
Chlorine Tariff,,,failed,False,2026-08-21T02:43:10.515094+09:00
Chlorine Tax,,,failed,False,2026-08-21T02:12:27.062318+09:00
Chlorine Ticker,,,failed,False,2026-08-19T21:09:44.414904+09:00
Chlorine Ticket,,,failed,False,2026-08-19T21:15:13.442141+09:00
Chlorine Tier,10.0,,success,False,2026-08-28T00:48:23.790188+09:00
Chlorine Timeline,,,failed,False,2026-08-19T21:14:25.391974+09:00
Chlorine Timer,10.0,0.0,success,False,2026-08-28T00:26:39.760657+09:00
Chlorine Toll,,,failed,False,2026-08-21T02:43:04.921789+09:00
Chlorine Toolbox,,,failed,False,2026-08-28T00:26:42.212784+09:00
Chlorine Total,1000.0,17.0,success,False,2026-08-27T23:15:18.585578+09:00
Chlorine Tracker,,,failed,False,2026-08-19T21:16:08.184183+09:00
Chlorine Trend,,,failed,False,2026-08-28T01:07:59.537409+09:00
Chlorine Trial,,,failed,False,2026-08-27T21:18:05.577940+09:00
Chlorine Unit,140.0,20.0,success,False,2026-08-21T02:05:44.847740+09:00
Chlorine Update,,,failed,False,2026-08-19T21:13:29.995507+09:00
Chlorine Value,50.0,0.0,success,False,2026-08-23T02:57:01.992920+09:00
Chlorine Vault,,,failed,False,2026-08-19T21:17:18.865865+09:00
Chlorine Version,,,failed,False,2026-08-23T03:21:52.337489+09:00
Chlorine View,,,failed,False,2026-08-19T21:12:33.528106+09:00
Chlorine Voucher,,,failed,False,2026-08-21T00:32:43.028189+09:00
Chlorine Watch,,,failed,False,2026-08-19T21:18:26.718972+09:00
Chlorine Wave,,,failed,False,2026-08-19T21:19:14.051362+09:00
Chlorine Widget,,,failed,False,2026-08-27T23:15:18.585578+09:00
Chlorine Window,,,failed,False,2026-08-19T21:10:11.430001+09:00
Chlorine Worksheet,,,failed,False,2026-08-27T22:13:36.218618+09:00
Churn Advisory,,,failed,False,2026-08-21T01:05:02.312819+09:00
Churn Alert,20.0,11.0,success,False,2026-08-19T12:26:57.441352+09:00
Churn Allowance,10.0,0.0,success,False,2026-08-21T02:45:28.044980+09:00
Churn Almanac,,,failed,False,2026-08-18T22:02:52.692456+09:00
Churn Analyzer,,,failed,False,2026-08-27T23:58:43.283075+09:00
Churn Anchor,,,failed,False,2026-08-17T20:40:49.686418+09:00
Churn Assistant,,,failed,False,2026-08-17T23:11:40.322748+09:00
Churn Atlas,,,failed,False,2026-08-18T07:52:10.902319+09:00
Churn Attribute,,,failed,False,2026-08-23T13:05:55.726817+09:00
Churn Badge,,,failed,False,2026-08-21T00:30:19.986675+09:00
Churn Base,10.0,8.0,success,False,2026-08-17T21:37:46.877382+09:00
Churn Beacon,,,failed,False,2026-08-17T20:44:11.907751+09:00
Churn Bill,,,failed,False,2026-08-19T21:47:08.663103+09:00
Churn Blueprint,,,failed,False,2026-08-18T22:02:42.227147+09:00
Churn Board,,,failed,False,2026-08-17T21:34:34.023181+09:00
Churn Book,90.0,7.0,success,False,2026-08-19T21:48:19.671606+09:00
Churn Bridge,10.0,0.0,success,False,2026-08-17T20:41:38.152103+09:00
Churn Brief,,,failed,False,2026-08-21T01:04:45.668721+09:00
Churn Bulletin,,,failed,False,2026-08-21T01:04:32.859141+09:00
Churn Calculator,50.0,10.0,success,False,2026-08-27T23:36:23.122509+09:00
Churn Calendar,,,failed,False,2026-08-19T00:00:48.226412+09:00
Churn Card,,,failed,False,2026-08-19T13:27:07.663216+09:00
Churn Cascade,,,failed,False,2026-08-17T20:42:21.345142+09:00
Churn Cash,,,failed,False,2026-08-21T02:29:47.040271+09:00
Churn Category,,,failed,False,2026-08-23T13:05:53.628688+09:00
Churn Center,,,failed,False,2026-08-17T20:46:27.690682+09:00
Churn Chain,,,failed,False,2026-08-17T20:35:52.510868+09:00
Churn Charge,,,failed,False,2026-08-21T02:45:16.049005+09:00
Churn Check,,,failed,False,2026-08-19T13:27:35.770715+09:00
Churn Checker,,,failed,False,2026-08-27T23:58:34.382467+09:00
Churn Circular,,,failed,False,2026-08-21T01:04:53.420072+09:00
Churn Cockpit,,,failed,False,2026-08-17T23:29:25.330773+09:00
Churn Code,590.0,1.0,success,False,2026-08-19T21:47:38.670449+09:00
Churn Codex,,,failed,False,2026-08-18T22:03:11.971226+09:00
Churn Companion,,,failed,False,2026-08-17T23:09:46.743330+09:00
Churn Comparison,,,failed,False,2026-08-28T01:09:01.288346+09:00
Churn Compass,,,failed,False,2026-08-17T20:45:12.889782+09:00
Churn Compendium,,,failed,False,2026-08-18T22:03:03.090691+09:00
Churn Confirmation,,,failed,False,2026-08-21T01:05:09.510273+09:00
Churn Console,,,failed,False,2026-08-17T20:43:46.830313+09:00
Churn Core,,,failed,False,2026-08-17T21:36:38.708092+09:00
Churn Cost,40.0,1.0,success,False,2026-08-21T02:13:15.591815+09:00
Churn Count,,,failed,False,2026-08-27T22:49:44.992225+09:00
Churn Counter,,,failed,False,2026-08-19T00:01:35.413805+09:00
Churn Dashboard,170.0,13.0,success,False,2026-08-17T23:14:57.452489+09:00
Churn Deal,,,failed,False,2026-08-21T01:57:18.648468+09:00
Churn Debt,,,failed,False,2026-08-21T02:29:40.223505+09:00
Churn Deck,,,failed,False,2026-08-17T21:33:30.231055+09:00
Churn Depot,,,failed,False,2026-08-19T00:01:21.334255+09:00
Churn Desk,,,failed,False,2026-08-17T21:30:43.453478+09:00
Churn Detail,,,failed,False,2026-08-23T03:15:55.657138+09:00
Churn Detector,,,failed,False,2026-08-27T23:58:43.283075+09:00
Churn Dial,,,failed,False,2026-08-17T20:42:01.579820+09:00
Churn Digest,,,failed,False,2026-08-19T20:46:04.507912+09:00
Churn Directory,,,failed,False,2026-08-19T00:00:54.845309+09:00
Churn Discount,,,failed,False,2026-08-23T16:14:18.981651+09:00
Churn Dock,,,failed,False,2026-08-17T20:38:40.859557+09:00
Churn Dossier,,,failed,False,2026-08-21T01:05:22.302548+09:00
Churn Downpayment,,,failed,False,2026-08-27T21:48:13.959890+09:00
Churn Draft,,,failed,False,2026-08-19T20:46:13.766068+09:00
Churn Duty,,,failed,False,2026-08-21T02:45:19.238792+09:00
Churn Engine,,,failed,False,2026-08-17T23:28:11.546877+09:00
Churn Entry,,,failed,False,2026-08-21T01:05:39.127217+09:00
Churn Estimate,,,failed,False,2026-08-19T21:32:17.835679+09:00
Churn Estimator,,,failed,False,2026-08-27T23:58:28.934840+09:00
Churn Excerpt,,,failed,False,2026-08-21T01:05:29.532542+09:00
Churn Fare,,,failed,False,2026-08-21T02:13:25.435180+09:00
Churn Fee,,,failed,False,2026-08-21T01:57:02.115497+09:00
Churn Feed,,,failed,False,2026-08-19T20:46:08.912085+09:00
Churn Field,,,failed,False,2026-08-23T13:05:58.112221+09:00
Churn File,,,failed,False,2026-08-19T20:45:40.802029+09:00
Churn Finder,,,failed,False,2026-08-19T00:01:12.720919+09:00
Churn Fine,,,failed,False,2026-08-23T02:52:37.533661+09:00
Churn Flag,10.0,0.0,success,False,2026-08-21T00:31:05.602481+09:00
Churn Flow,140.0,0.0,success,False,2026-08-17T21:34:03.414909+09:00
Churn Forge,,,failed,False,2026-08-17T20:43:16.751377+09:00
Churn Form,,,failed,False,2026-08-19T13:26:59.554690+09:00
Churn Format,,,failed,False,2026-08-23T13:06:00.621707+09:00
Churn Frame,,,failed,False,2026-08-17T21:39:13.221117+09:00
Churn Fund,,,failed,False,2026-08-21T02:29:43.973308+09:00
Churn Gate,,,failed,False,2026-08-17T20:32:58.642411+09:00
Churn Grade,,,failed,False,2026-08-21T00:30:46.553076+09:00
Churn Graph,50.0,1.0,success,False,2026-08-27T22:12:11.460290+09:00
Churn Grid,,,failed,False,2026-08-17T20:36:20.228244+09:00
Churn Guard,10.0,5.0,success,False,2026-08-17T21:37:10.762781+09:00
Churn Guardian,,,failed,False,2026-08-28T00:27:14.671575+09:00
Churn Guidebook,,,failed,False,2026-08-18T23:50:38.279392+09:00
Churn Helper,,,failed,False,2026-08-28T00:27:21.214223+09:00
Churn History,,,failed,False,2026-08-19T20:45:35.048925+09:00
Churn Hub,,,failed,False,2026-08-17T21:33:04.357190+09:00
Churn Identifier,,,failed,False,2026-08-23T13:05:48.567186+09:00
Churn Index,10.0,0.0,success,False,2026-08-19T21:32:03.032645+09:00
Churn Insight,,,failed,False,2026-08-17T23:29:07.663083+09:00
Churn Item,,,failed,False,2026-08-21T01:57:05.042237+09:00
Churn Journal,,,failed,False,2026-08-18T23:50:38.279392+09:00
Churn Keeper,,,failed,False,2026-08-17T21:40:01.418165+09:00
Churn Lab,,,failed,False,2026-08-17T21:31:17.550614+09:00
Churn Label,,,failed,False,2026-08-27T22:12:15.272381+09:00
Churn Ledger,,,failed,False,2026-08-17T21:35:38.144027+09:00
Churn Lens,,,failed,False,2026-08-17T21:41:16.664514+09:00
Churn Level,20.0,0.0,success,False,2026-08-19T20:45:48.837053+09:00
Churn Link,,,failed,False,2026-08-23T03:15:49.113628+09:00
Churn List,20.0,1.0,success,False,2026-08-19T21:47:49.967174+09:00
Churn Loan,,,failed,False,2026-08-21T02:13:34.693364+09:00
Churn Locator,,,failed,False,2026-08-19T00:01:01.996823+09:00
Churn Lock,,,failed,False,2026-08-18T07:52:58.974940+09:00
Churn Log,,,failed,False,2026-08-19T13:26:27.174031+09:00
Churn Loop,,,failed,False,2026-08-17T20:37:19.032635+09:00
Churn Manager,590.0,6.0,success,False,2026-08-17T21:38:18.723173+09:00
Churn Manual,,,failed,False,2026-08-27T22:12:17.686005+09:00
Churn Map,,,failed,False,2026-08-18T07:53:06.257546+09:00
Churn Margin,,,failed,False,2026-08-23T02:52:33.355566+09:00
Churn Memo,,,failed,False,2026-08-21T00:30:51.297861+09:00
Churn Message,,,failed,False,2026-08-27T23:15:25.030230+09:00
Churn Meter,,,failed,False,2026-08-17T20:41:11.362619+09:00
Churn Metrics,170.0,2.0,success,False,2026-08-17T23:08:04.686791+09:00
Churn Monitor,,,failed,False,2026-08-17T23:13:20.544847+09:00
Churn Navigator,,,failed,False,2026-08-17T23:29:43.400125+09:00
Churn Nexus,,,failed,False,2026-08-17T20:31:52.293572+09:00
Churn Node,,,failed,False,2026-08-17T20:34:02.071546+09:00
Churn Note,,,failed,False,2026-08-19T13:27:56.460670+09:00
Churn Notification,,,failed,False,2026-08-27T22:49:42.275363+09:00
Churn Number,40.0,0.0,success,False,2026-08-23T03:15:38.644159+09:00
Churn Office,,,failed,False,2026-08-19T00:01:28.091265+09:00
Churn Ops,,,failed,False,2026-08-17T23:04:07.422993+09:00
Churn Organizer,,,failed,False,2026-08-17T23:28:52.290735+09:00
Churn Outline,,,failed,False,2026-08-27T22:29:07.164636+09:00
Churn Overage,,,failed,False,2026-08-27T21:48:11.561191+09:00
Churn Overdue,,,failed,False,2026-08-27T21:48:09.369962+09:00
Churn Panel,,,failed,False,2026-08-17T20:42:50.595044+09:00
Churn Pass,,,failed,False,2026-08-21T00:30:05.948049+09:00
Churn Path,,,failed,False,2026-08-17T20:33:33.696511+09:00
Churn Payoff,,,failed,False,2026-08-27T21:48:09.369962+09:00
Churn Penalty,,,failed,False,2026-08-23T16:38:57.916604+09:00
Churn Petition,,,failed,False,2026-08-21T01:05:05.236354+09:00
Churn Pilot,10.0,57.0,success,False,2026-08-17T21:31:52.108049+09:00
Churn Plan,10.0,2.0,success,False,2026-08-21T01:57:13.280090+09:00
Churn Planner,,,failed,False,2026-08-17T23:28:30.057187+09:00
Churn Playbook,,,failed,False,2026-08-18T23:50:38.279392+09:00
Churn Point,30.0,2.0,success,False,2026-08-17T20:32:26.534581+09:00
Churn Portal,,,failed,False,2026-08-17T20:44:32.138425+09:00
Churn Profile,,,failed,False,2026-08-19T13:28:12.912105+09:00
Churn Pulse,,,failed,False,2026-08-17T20:35:20.751202+09:00
Churn Quota,,,failed,False,2026-08-21T00:30:57.917323+09:00
Churn Radar,10.0,7.0,success,False,2026-08-17T20:48:26.612997+09:00
Churn Rail,,,failed,False,2026-08-17T20:37:49.257868+09:00
Churn Rank,,,failed,False,2026-08-28T00:49:02.800291+09:00
Churn Rate,27100.0,1.0,success,False,2026-08-19T20:45:53.854460+09:00
Churn Recap,,,failed,False,2026-08-21T01:05:26.897512+09:00
Churn Receipt,,,failed,False,2026-08-19T21:47:24.408619+09:00
Churn Recorder,,,failed,False,2026-08-27T23:36:25.651250+09:00
Churn Register,,,failed,False,2026-08-17T23:30:01.630713+09:00
Churn Registry,,,failed,False,2026-08-18T22:02:30.753417+09:00
Churn Relay,,,failed,False,2026-08-17T20:47:07.356899+09:00
Churn Reminder,,,failed,False,2026-08-19T21:31:54.531543+09:00
Churn Report,140.0,5.0,success,False,2026-08-19T13:26:13.744102+09:00
Churn Repository,,,failed,False,2026-08-27T23:15:30.690091+09:00
Churn Roadmap,,,failed,False,2026-08-18T22:03:23.896977+09:00
Churn Route,,,failed,False,2026-08-17T20:39:33.830984+09:00
Churn Rule,,,failed,False,2026-08-23T03:15:51.596433+09:00
Churn Sale,,,failed,False,2026-08-21T02:29:53.730886+09:00
Churn Sample,,,failed,False,2026-08-19T21:48:48.534569+09:00
Churn Scale,,,failed,False,2026-08-17T20:40:27.760312+09:00
Churn Scanner,,,failed,False,2026-08-27T23:58:38.877794+09:00
Churn Scheduler,,,failed,False,2026-08-17T23:06:14.261884+09:00
Churn Scope,,,failed,False,2026-08-17T20:38:13.537846+09:00
Churn Score,170.0,3.0,success,False,2026-08-19T13:27:45.503275+09:00
Churn Sentry,,,failed,False,2026-08-17T21:41:47.180143+09:00
Churn Sheet,10.0,0.0,success,False,2026-08-19T13:27:18.608287+09:00
Churn Shortfall,,,failed,False,2026-08-27T21:48:16.120561+09:00
Churn Signal,10.0,8.0,success,False,2026-08-17T20:40:03.112671+09:00
Churn Signature,320.0,1.0,success,False,2026-08-23T13:27:11.117738+09:00
Churn Slip,,,failed,False,2026-08-19T21:48:34.329578+09:00
Churn Slot,,,failed,False,2026-08-19T21:49:01.029648+09:00
Churn Snapshot,,,failed,False,2026-08-18T23:50:38.279392+09:00
Churn Stage,,,failed,False,2026-08-28T00:48:52.338706+09:00
Churn Statement,,,failed,False,2026-08-21T00:30:34.487987+09:00
Churn Station,18100.0,1.0,success,False,2026-08-17T21:30:10.122952+09:00
Churn Status,20.0,0.0,success,False,2026-08-19T20:45:18.016255+09:00
Churn Stub,,,failed,False,2026-08-21T00:30:27.321926+09:00
Churn Studio,,,failed,False,2026-08-17T21:32:28.090728+09:00
Churn Suite,,,failed,False,2026-08-17T23:04:23.573644+09:00
Churn Sum,,,failed,False,2026-08-21T02:29:36.697010+09:00
Churn Summary,,,failed,False,2026-08-19T21:31:38.211604+09:00
Churn Sync,,,failed,False,2026-08-17T21:35:06.399475+09:00
Churn Tab,,,failed,False,2026-08-21T00:31:09.970083+09:00
Churn Table,40.0,3.0,success,False,2026-08-19T21:48:07.459723+09:00
Churn Tag,,,failed,False,2026-08-19T13:28:03.494645+09:00
Churn Tally,,,failed,False,2026-08-21T00:30:39.454023+09:00
Churn Tariff,,,failed,False,2026-08-21T02:45:31.753294+09:00
Churn Tax,,,failed,False,2026-08-21T02:13:28.177261+09:00
Churn Ticker,,,failed,False,2026-08-19T12:27:13.663496+09:00
Churn Ticket,,,failed,False,2026-08-19T21:32:10.645735+09:00
Churn Tier,,,failed,False,2026-08-28T00:49:02.800291+09:00
Churn Timeline,,,failed,False,2026-08-19T21:31:47.611554+09:00
Churn Toll,,,failed,False,2026-08-21T02:45:25.368857+09:00
Churn Toolbox,,,failed,False,2026-08-28T00:27:17.609628+09:00
Churn Toolkit,,,failed,False,2026-08-18T23:50:38.279392+09:00
Churn Total,,,failed,False,2026-08-27T23:15:25.030230+09:00
Churn Tracker,50.0,14.0,success,False,2026-08-17T21:36:12.498401+09:00
Churn Trail,,,failed,False,2026-08-17T20:36:52.122948+09:00
Churn Trend,,,failed,False,2026-08-28T01:08:56.786303+09:00
Churn Trial,,,failed,False,2026-08-27T21:17:10.879829+09:00
Churn Unit,,,failed,False,2026-08-21T01:57:08.672731+09:00
Churn Update,,,failed,False,2026-08-19T20:46:00.045081+09:00
Churn Value,20.0,1.0,success,False,2026-08-23T02:52:30.798474+09:00
Churn Vault,,,failed,False,2026-08-17T20:45:58.318950+09:00
Churn Version,,,failed,False,2026-08-23T03:15:44.979812+09:00
Churn View,,,failed,False,2026-08-19T20:45:25.764339+09:00
Churn Voucher,,,failed,False,2026-08-21T00:30:14.861916+09:00
Churn Watch,,,failed,False,2026-08-17T20:39:11.470645+09:00
Churn Wave,,,failed,False,2026-08-17T20:34:29.454165+09:00
Churn Widget,,,failed,False,2026-08-27T23:15:28.257448+09:00
Churn Workbench,,,failed,False,2026-08-18T23:50:38.279392+09:00
Churn Worksheet,,,failed,False,2026-08-27T22:12:21.251456+09:00
Churn Zone,10.0,2.0,success,False,2026-08-17T20:45:34.633599+09:00
Circulation Advance,,,failed,False,2026-08-23T16:12:32.773263+09:00
Circulation Advisory,,,failed,False,2026-08-21T01:02:18.693445+09:00
Circulation Allowance,,,failed,False,2026-08-21T02:42:57.314001+09:00
Circulation Almanac,,,failed,False,2026-08-18T22:09:30.106481+09:00
Circulation Analyzer,,,failed,False,2026-08-27T23:57:04.136942+09:00
Circulation Anchor,,,failed,False,2026-08-17T20:36:55.192509+09:00
Circulation Arrears,,,failed,False,2026-08-23T16:12:29.296473+09:00
Circulation Assistant,260.0,0.0,success,False,2026-08-17T23:07:26.971457+09:00
Circulation Atlas,,,failed,False,2026-08-17T21:36:40.900045+09:00
Circulation Attribute,,,failed,False,2026-08-23T13:09:53.012547+09:00
Circulation Badge,,,failed,False,2026-08-21T00:24:57.111152+09:00
Circulation Base,,,failed,False,2026-08-17T21:33:05.832312+09:00
Circulation Beacon,,,failed,False,2026-08-17T20:40:29.235539+09:00
Circulation Bill,,,failed,False,2026-08-19T22:00:41.038270+09:00
Circulation Blueprint,,,failed,False,2026-08-18T22:09:21.781956+09:00
Circulation Board,170.0,100.0,success,False,2026-08-17T20:48:29.594833+09:00
Circulation Book,140.0,1.0,success,False,2026-08-19T22:01:31.900197+09:00
Circulation Bridge,,,failed,False,2026-08-17T20:37:51.221015+09:00
Circulation Brief,,,failed,False,2026-08-21T01:00:25.578415+09:00
Circulation Bulletin,,,failed,False,2026-08-21T01:00:20.571072+09:00
Circulation Calculator,40.0,0.0,success,False,2026-08-27T23:35:07.655977+09:00
Circulation Calendar,,,failed,False,2026-08-19T00:03:31.307926+09:00
Circulation Card,70.0,0.0,success,False,2026-08-19T13:36:57.023796+09:00
Circulation Cascade,,,failed,False,2026-08-17T20:38:41.975413+09:00
Circulation Cash,,,failed,False,2026-08-21T02:26:43.792522+09:00
Circulation Catalog,,,failed,False,2026-08-19T21:15:04.533430+09:00
Circulation Category,,,failed,False,2026-08-23T13:09:46.403136+09:00
Circulation Center,90.0,1.0,success,False,2026-08-17T20:42:22.378966+09:00
Circulation Chain,,,failed,False,2026-08-18T07:52:40.105947+09:00
Circulation Charge,,,failed,False,2026-08-21T02:42:49.671896+09:00
Circulation Check,210.0,2.0,success,False,2026-08-19T13:37:36.286521+09:00
Circulation Checker,,,failed,False,2026-08-27T23:56:56.552521+09:00
Circulation Checklist,,,failed,False,2026-08-19T21:14:09.280828+09:00
Circulation Circular,,,failed,False,2026-08-21T01:02:16.623580+09:00
Circulation Cockpit,,,failed,False,2026-08-17T23:23:39.258674+09:00
Circulation Code,10.0,0.0,success,False,2026-08-19T22:01:01.799694+09:00
Circulation Codex,,,failed,False,2026-08-18T22:09:47.268840+09:00
Circulation Companion,,,failed,False,2026-08-17T23:05:11.266926+09:00
Circulation Comparison,,,failed,False,2026-08-28T01:07:52.961175+09:00
Circulation Compass,,,failed,False,2026-08-17T20:41:13.511022+09:00
Circulation Compendium,,,failed,False,2026-08-18T22:09:37.820706+09:00
Circulation Confirmation,,,failed,False,2026-08-21T01:00:40.730981+09:00
Circulation Console,,,failed,False,2026-08-17T20:40:05.754832+09:00
Circulation Contribution,,,failed,False,2026-08-23T16:12:29.296473+09:00
Circulation Core,70.0,0.0,success,False,2026-08-17T21:31:54.606698+09:00
Circulation Cost,,,failed,False,2026-08-21T02:10:26.523271+09:00
Circulation Count,,,failed,False,2026-08-27T22:48:25.660209+09:00
Circulation Counter,70.0,0.0,success,False,2026-08-19T00:04:23.577898+09:00
Circulation Dashboard,,,failed,False,2026-08-17T23:10:45.795183+09:00
Circulation Deal,,,failed,False,2026-08-21T01:54:04.879612+09:00
Circulation Debt,,,failed,False,2026-08-21T02:26:39.495067+09:00
Circulation Deck,,,failed,False,2026-08-17T20:47:09.255931+09:00
Circulation Depot,,,failed,False,2026-08-19T00:04:03.544716+09:00
Circulation Desk,1600.0,60.0,success,False,2026-08-17T20:44:33.462366+09:00
Circulation Detail,,,failed,False,2026-08-23T03:23:19.130954+09:00
Circulation Detector,,,failed,False,2026-08-27T23:56:59.391700+09:00
Circulation Dial,,,failed,False,2026-08-17T20:38:14.865229+09:00
Circulation Digest,,,failed,False,2026-08-19T20:40:13.253783+09:00
Circulation Directory,,,failed,False,2026-08-19T00:03:41.244683+09:00
Circulation Discount,,,failed,False,2026-08-23T16:12:24.179825+09:00
Circulation Dock,,,failed,False,2026-08-17T20:34:31.529799+09:00
Circulation Dossier,,,failed,False,2026-08-21T01:00:42.748785+09:00
Circulation Draft,,,failed,False,2026-08-19T20:40:28.949050+09:00
Circulation Due,,,failed,False,2026-08-23T15:50:46.818166+09:00
Circulation Duty,,,failed,False,2026-08-21T02:42:51.701755+09:00
Circulation Engine,10.0,0.0,success,False,2026-08-17T23:32:58.780092+09:00
Circulation Entry,,,failed,False,2026-08-21T01:00:54.642749+09:00
Circulation Estimate,,,failed,False,2026-08-19T21:14:51.947092+09:00
Circulation Estimator,,,failed,False,2026-08-27T23:56:53.046222+09:00
Circulation Excerpt,,,failed,False,2026-08-21T01:02:27.136036+09:00
Circulation Extension,,,failed,False,2026-08-23T16:38:05.799118+09:00
Circulation Fare,,,failed,False,2026-08-21T02:10:36.488938+09:00
Circulation Fee,,,failed,False,2026-08-21T01:53:38.487807+09:00
Circulation Feed,,,failed,False,2026-08-19T20:40:22.983274+09:00
Circulation Field,,,failed,False,2026-08-23T13:09:55.014275+09:00
Circulation File,10.0,0.0,success,False,2026-08-19T20:39:37.927726+09:00
Circulation Finder,,,failed,False,2026-08-19T00:03:57.643433+09:00
Circulation Fine,,,failed,False,2026-08-23T02:57:30.156609+09:00
Circulation Flag,,,failed,False,2026-08-21T00:25:45.592013+09:00
Circulation Flow,320.0,6.0,success,False,2026-08-17T20:47:53.457764+09:00
Circulation Forge,,,failed,False,2026-08-17T20:39:36.069990+09:00
Circulation Form,110.0,0.0,success,False,2026-08-19T13:36:50.709528+09:00
Circulation Format,,,failed,False,2026-08-23T13:09:58.883939+09:00
Circulation Frame,,,failed,False,2026-08-17T21:34:05.861065+09:00
Circulation Fund,,,failed,False,2026-08-21T02:26:41.708739+09:00
Circulation Gate,,,failed,False,2026-08-17T21:39:13.221117+09:00
Circulation Grade,,,failed,False,2026-08-21T00:25:24.031302+09:00
Circulation Graph,20.0,0.0,success,False,2026-08-27T22:09:48.398152+09:00
Circulation Grid,,,failed,False,2026-08-17T20:31:55.017364+09:00
Circulation Guard,,,failed,False,2026-08-17T21:32:31.405261+09:00
Circulation Guidebook,,,failed,False,2026-08-18T22:09:05.854990+09:00
Circulation Helpdesk,,,failed,False,2026-08-27T22:48:31.695595+09:00
Circulation Helper,,,failed,False,2026-08-28T00:26:17.382290+09:00
Circulation History,20.0,0.0,success,False,2026-08-19T20:39:30.002249+09:00
Circulation Hotline,,,failed,False,2026-08-19T21:15:17.337039+09:00
Circulation Hub,,,failed,False,2026-08-17T20:46:29.220439+09:00
Circulation Identifier,,,failed,False,2026-08-23T13:09:44.174186+09:00
Circulation Index,,,failed,False,2026-08-19T21:14:19.651241+09:00
Circulation Insight,,,failed,False,2026-08-17T23:33:38.106132+09:00
Circulation Installment,,,failed,False,2026-08-23T16:12:26.242265+09:00
Circulation Item,,,failed,False,2026-08-21T01:53:46.295961+09:00
Circulation Journal,4400.0,6.0,success,False,2026-08-18T22:08:50.050771+09:00
Circulation Keeper,,,failed,False,2026-08-17T21:34:34.023181+09:00
Circulation Lab,480.0,0.0,success,False,2026-08-17T20:45:14.001779+09:00
Circulation Ledger,,,failed,False,2026-08-17T21:30:45.538595+09:00
Circulation Lens,20.0,0.0,success,False,2026-08-17T21:35:08.893531+09:00
Circulation Level,,,failed,False,2026-08-19T20:39:47.752844+09:00
Circulation Link,10.0,0.0,success,False,2026-08-23T03:23:15.682212+09:00
Circulation List,70.0,0.0,success,False,2026-08-19T22:01:08.341225+09:00
Circulation Loan,,,failed,False,2026-08-21T02:10:41.178409+09:00
Circulation Locator,,,failed,False,2026-08-19T00:03:46.728628+09:00
Circulation Lock,,,failed,False,2026-08-17T21:37:17.917122+09:00
Circulation Log,,,failed,False,2026-08-19T13:36:10.470400+09:00
Circulation Loop,140.0,2.0,success,False,2026-08-17T20:33:05.160713+09:00
Circulation Manager,170.0,0.0,success,False,2026-08-17T21:33:32.175377+09:00
Circulation Map,590.0,2.0,success,False,2026-08-17T21:36:12.498401+09:00
Circulation Markup,,,failed,False,2026-08-23T16:38:03.608262+09:00
Circulation Memo,,,failed,False,2026-08-21T00:25:32.620138+09:00
Circulation Message,,,failed,False,2026-08-27T23:13:53.622178+09:00
Circulation Meter,,,failed,False,2026-08-17T20:37:21.758511+09:00
Circulation Metrics,,,failed,False,2026-08-17T22:50:36.545244+09:00
Circulation Monitor,,,failed,False,2026-08-17T23:09:05.527725+09:00
Circulation Navigator,,,failed,False,2026-08-17T23:23:55.589084+09:00
Circulation Nexus,,,failed,False,2026-08-17T21:37:49.733247+09:00
Circulation Node,,,failed,False,2026-08-17T21:41:19.053416+09:00
Circulation Note,,,failed,False,2026-08-19T13:37:53.958127+09:00
Circulation Notification,,,failed,False,2026-08-27T22:48:20.741854+09:00
Circulation Number,110.0,0.0,success,False,2026-08-23T03:23:07.645674+09:00
Circulation Office,30.0,0.0,success,False,2026-08-19T00:04:14.172620+09:00
Circulation Ops,,,failed,False,2026-08-17T23:12:20.668668+09:00
Circulation Order,140.0,0.0,success,False,2026-08-19T22:00:29.201659+09:00
Circulation Organizer,,,failed,False,2026-08-17T23:33:22.514665+09:00
Circulation Panel,,,failed,False,2026-08-17T20:39:12.627798+09:00
Circulation Pass,,,failed,False,2026-08-21T00:24:43.469777+09:00
Circulation Path,720.0,0.0,success,False,2026-08-17T21:40:37.066671+09:00
Circulation Penalty,,,failed,False,2026-08-23T16:38:03.608262+09:00
Circulation Petition,,,failed,False,2026-08-21T01:00:38.610881+09:00
Circulation Pilot,,,failed,False,2026-08-17T20:45:35.834234+09:00
Circulation Plan,480.0,0.0,success,False,2026-08-21T01:53:55.864574+09:00
Circulation Planner,,,failed,False,2026-08-17T23:33:09.699963+09:00
Circulation Playbook,,,failed,False,2026-08-18T22:08:40.228889+09:00
Circulation Point,20.0,0.0,success,False,2026-08-17T21:38:24.477715+09:00
Circulation Portal,14800.0,0.0,success,True,2026-08-17T20:40:51.053535+09:00
Circulation Preview,,,failed,False,2026-08-28T01:07:55.638643+09:00
Circulation Profile,,,failed,False,2026-08-19T13:38:21.044998+09:00
Circulation Profit,,,failed,False,2026-08-23T02:57:19.456946+09:00
Circulation Pulse,20.0,24.0,success,False,2026-08-18T07:52:13.300527+09:00
Circulation Queue,,,failed,False,2026-08-19T21:14:40.806707+09:00
Circulation Quota,,,failed,False,2026-08-21T00:25:40.973918+09:00
Circulation Radar,10.0,1.0,success,False,2026-08-17T20:43:48.259554+09:00
Circulation Rail,,,failed,False,2026-08-17T20:33:36.115262+09:00
Circulation Rate,70.0,0.0,success,False,2026-08-19T20:39:55.789733+09:00
Circulation Recap,,,failed,False,2026-08-21T01:02:25.178710+09:00
Circulation Receipt,,,failed,False,2026-08-19T22:00:50.592987+09:00
Circulation Recorder,,,failed,False,2026-08-27T23:35:13.146180+09:00
Circulation Register,,,failed,False,2026-08-17T23:24:12.955458+09:00
Circulation Registry,,,failed,False,2026-08-18T22:09:13.055997+09:00
Circulation Relay,,,failed,False,2026-08-17T20:42:51.727520+09:00
Circulation Reminder,,,failed,False,2026-08-19T21:13:59.350184+09:00
Circulation Report,390.0,0.0,success,False,2026-08-19T13:35:50.277889+09:00
Circulation Repository,,,failed,False,2026-08-27T23:13:58.602342+09:00
Circulation Roadmap,,,failed,False,2026-08-18T22:09:54.168922+09:00
Circulation Roster,,,failed,False,2026-08-19T00:38:15.765840+09:00
Circulation Route,210.0,0.0,success,False,2026-08-17T20:35:22.813816+09:00
Circulation Rule,,,failed,False,2026-08-23T03:23:15.682212+09:00
Circulation Sale,,,failed,False,2026-08-21T02:26:47.668193+09:00
Circulation Sample,,,failed,False,2026-08-19T22:01:51.400634+09:00
Circulation Scale,,,failed,False,2026-08-17T20:36:21.712002+09:00
Circulation Scanner,,,failed,False,2026-08-27T23:56:59.391700+09:00
Circulation Scheduler,,,failed,False,2026-08-17T23:14:19.543456+09:00
Circulation Scope,,,failed,False,2026-08-17T20:34:07.278551+09:00
Circulation Score,,,failed,False,2026-08-19T13:37:44.092675+09:00
Circulation Sentry,,,failed,False,2026-08-17T21:35:41.309233+09:00
Circulation Sheet,10.0,0.0,success,False,2026-08-19T13:37:14.131003+09:00
Circulation Signal,,,failed,False,2026-08-17T20:35:55.625501+09:00
Circulation Slip,90.0,0.0,success,False,2026-08-19T22:01:42.804571+09:00
Circulation Slot,,,failed,False,2026-08-19T22:02:02.684993+09:00
Circulation Snapshot,,,failed,False,2026-08-18T22:08:57.073323+09:00
Circulation Stake,,,failed,False,2026-08-23T02:57:24.970560+09:00
Circulation Statement,,,failed,False,2026-08-21T00:25:10.675439+09:00
Circulation Station,50.0,4.0,success,False,2026-08-17T20:44:14.789024+09:00
Circulation Status,140.0,0.0,success,False,2026-08-19T20:39:14.214038+09:00
Circulation Stub,,,failed,False,2026-08-21T00:25:04.867976+09:00
Circulation Studio,,,failed,False,2026-08-17T20:46:01.536512+09:00
Circulation Suite,,,failed,False,2026-08-17T23:12:38.430162+09:00
Circulation Sum,,,failed,False,2026-08-21T02:26:36.939016+09:00
Circulation Summary,,,failed,False,2026-08-19T21:13:34.097161+09:00
Circulation Sync,,,failed,False,2026-08-17T21:30:13.279777+09:00
Circulation Tab,,,failed,False,2026-08-21T00:25:52.909138+09:00
Circulation Table,40.0,0.0,success,False,2026-08-19T22:01:20.262131+09:00
Circulation Tag,,,failed,False,2026-08-19T13:38:06.946096+09:00
Circulation Tally,,,failed,False,2026-08-21T00:25:18.497443+09:00
Circulation Tariff,,,failed,False,2026-08-21T02:42:59.558136+09:00
Circulation Tax,90.0,1.0,success,False,2026-08-21T02:10:41.178409+09:00
Circulation Ticket,10.0,0.0,success,False,2026-08-19T21:14:29.704334+09:00
Circulation Timeline,,,failed,False,2026-08-19T21:13:48.359259+09:00
Circulation Toll,,,failed,False,2026-08-21T02:42:54.824749+09:00
Circulation Toolbox,,,failed,False,2026-08-28T00:26:14.926541+09:00
Circulation Toolkit,,,failed,False,2026-08-18T22:08:32.701996+09:00
Circulation Total,,,failed,False,2026-08-27T23:13:56.060397+09:00
Circulation Tracker,,,failed,False,2026-08-17T21:31:19.415531+09:00
Circulation Trail,,,failed,False,2026-08-17T20:32:30.733040+09:00
Circulation Trend,,,failed,False,2026-08-28T01:07:52.961175+09:00
Circulation Trial,,,failed,False,2026-08-27T21:15:31.900187+09:00
Circulation Unit,260.0,4.0,success,False,2026-08-21T01:53:51.077986+09:00
Circulation Update,,,failed,False,2026-08-19T20:40:02.454787+09:00
Circulation Value,,,failed,False,2026-08-23T02:57:21.827227+09:00
Circulation Vault,,,failed,False,2026-08-17T20:42:02.791525+09:00
Circulation Version,,,failed,False,2026-08-23T03:23:11.854221+09:00
Circulation View,,,failed,False,2026-08-19T20:39:24.748166+09:00
Circulation Voucher,,,failed,False,2026-08-21T00:24:51.764822+09:00
Circulation Watch,,,failed,False,2026-08-17T20:34:55.202462+09:00
Circulation Wave,10.0,12.0,success,False,2026-08-17T21:41:49.444267+09:00
Circulation Widget,,,failed,False,2026-08-27T23:13:56.060397+09:00
Circulation Workbench,,,failed,False,2026-08-18T22:08:23.655372+09:00
Circulation Workshop,,,failed,False,2026-08-28T00:26:12.300765+09:00
Circulation Zone,30.0,0.0,success,False,2026-08-17T20:41:41.231730+09:00
Citation Advisory,,,failed,False,2026-08-21T01:03:53.377990+09:00
Citation Allowance,,,failed,False,2026-08-21T02:42:16.992307+09:00
Citation Almanac,,,failed,False,2026-08-18T22:06:14.738388+09:00
Citation Analyzer,,,failed,False,2026-08-27T23:57:22.809432+09:00
Citation Anchor,,,failed,False,2026-08-17T21:37:57.485180+09:00
Citation Arrears,,,failed,False,2026-08-23T16:15:25.443589+09:00
Citation Assistant,90.0,25.0,success,False,2026-08-17T23:04:50.362686+09:00
Citation Atlas,12100.0,10.0,success,False,2026-08-17T20:45:18.923986+09:00
Citation Attribute,,,failed,False,2026-08-23T13:07:55.793530+09:00
Citation Badge,50.0,17.0,success,False,2026-08-21T00:31:07.825329+09:00
Citation Balance,90.0,0.0,success,False,2026-08-23T13:47:38.660404+09:00
Citation Base,,,failed,False,2026-08-17T20:42:08.223187+09:00
Citation Beacon,,,failed,False,2026-08-18T07:52:03.741881+09:00
Citation Bill,40.0,0.0,success,False,2026-08-19T21:55:12.102159+09:00
Citation Blueprint,,,failed,False,2026-08-18T22:06:03.591349+09:00
Citation Board,50.0,12.0,success,False,2026-08-17T20:39:43.687132+09:00
Citation Book,12100.0,11.0,success,False,2026-08-19T21:55:57.867275+09:00
Citation Bridge,10.0,0.0,success,False,2026-08-17T21:39:22.624237+09:00
Citation Brief,,,failed,False,2026-08-21T01:03:43.052088+09:00
Citation Bulletin,,,failed,False,2026-08-21T01:03:38.520377+09:00
Citation Cabinet,,,failed,False,2026-08-27T23:14:55.579423+09:00
Citation Calculator,210.0,12.0,success,False,2026-08-27T23:35:38.281742+09:00
Citation Calendar,,,failed,False,2026-08-19T00:05:23.888896+09:00
Citation Card,320.0,9.0,success,False,2026-08-19T13:27:53.720083+09:00
Citation Cascade,70.0,0.0,success,False,2026-08-17T21:41:25.564008+09:00
Citation Cash,,,failed,False,2026-08-21T02:26:47.668193+09:00
Citation Catalog,,,failed,False,2026-08-19T21:12:45.437785+09:00
Citation Category,,,failed,False,2026-08-23T13:07:53.746009+09:00
Citation Center,480.0,1.0,success,False,2026-08-17T20:34:11.615000+09:00
Citation Chain,390.0,1.0,success,False,2026-08-17T21:32:03.436124+09:00
Citation Charge,40.0,0.0,success,False,2026-08-21T02:42:06.283895+09:00
Citation Check,6600.0,23.0,success,False,2026-08-19T13:28:08.778125+09:00
Citation Checker,6600.0,23.0,success,False,2026-08-27T23:57:16.212473+09:00
Citation Checklist,20.0,0.0,success,False,2026-08-19T21:11:50.782037+09:00
Citation Circular,,,failed,False,2026-08-21T01:03:48.837789+09:00
Citation Cockpit,90.0,0.0,success,False,2026-08-17T23:25:00.626086+09:00
Citation Code,480.0,0.0,success,False,2026-08-19T21:55:28.451912+09:00
Citation Codex,,,failed,False,2026-08-18T22:06:31.917725+09:00
Citation Companion,,,failed,False,2026-08-17T23:15:22.052615+09:00
Citation Comparison,20.0,1.0,success,False,2026-08-28T01:07:24.727084+09:00
Citation Compass,30.0,0.0,success,False,2026-08-17T20:32:38.453320+09:00
Citation Compendium,,,failed,False,2026-08-18T22:06:23.871734+09:00
Citation Confirmation,20.0,3.0,success,False,2026-08-21T01:04:02.292645+09:00
Citation Console,,,failed,False,2026-08-18T07:52:44.350821+09:00
Citation Core,,,failed,False,2026-08-17T20:41:17.748242+09:00
Citation Cost,90.0,5.0,success,False,2026-08-21T02:11:23.948204+09:00
Citation Count,590.0,1.0,success,False,2026-08-27T22:49:29.573658+09:00
Citation Counter,590.0,1.0,success,False,2026-08-18T23:57:39.317157+09:00
Citation Dashboard,,,failed,False,2026-08-17T23:08:30.361207+09:00
Citation Deal,10.0,0.0,success,False,2026-08-21T01:55:53.001580+09:00
Citation Debt,,,failed,False,2026-08-21T02:26:41.708739+09:00
Citation Deck,,,failed,False,2026-08-17T20:38:48.292759+09:00
Citation Depot,,,failed,False,2026-08-18T23:57:18.728861+09:00
Citation Desk,,,failed,False,2026-08-17T20:36:28.708934+09:00
Citation Detail,590.0,0.0,success,False,2026-08-23T03:20:52.959248+09:00
Citation Detector,110.0,12.0,success,False,2026-08-27T23:57:19.436881+09:00
Citation Dial,,,failed,False,2026-08-17T21:40:47.686331+09:00
Citation Digest,,,failed,False,2026-08-19T20:42:34.910732+09:00
Citation Directory,40.0,12.0,success,False,2026-08-19T00:05:29.382308+09:00
Citation Discount,,,failed,False,2026-08-23T16:15:20.225326+09:00
Citation Dock,,,failed,False,2026-08-17T21:35:16.200596+09:00
Citation Dossier,,,failed,False,2026-08-21T01:04:08.971472+09:00
Citation Downpayment,,,failed,False,2026-08-27T21:48:35.689301+09:00
Citation Draft,,,failed,False,2026-08-19T20:42:48.667396+09:00
Citation Due,,,failed,False,2026-08-23T15:52:20.216125+09:00
Citation Duty,,,failed,False,2026-08-21T02:42:09.091272+09:00
Citation Engine,880.0,17.0,success,False,2026-08-17T23:23:41.484558+09:00
Citation Entry,40.0,2.0,success,False,2026-08-21T01:04:24.715250+09:00
Citation Estimate,,,failed,False,2026-08-19T21:12:35.619378+09:00
Citation Estimator,,,failed,False,2026-08-27T23:57:16.212473+09:00
Citation Excerpt,20.0,2.0,success,False,2026-08-21T01:04:20.278964+09:00
Citation Extension,480.0,11.0,success,False,2026-08-23T16:39:28.081272+09:00
Citation Fare,,,failed,False,2026-08-21T02:11:30.479876+09:00
Citation Fee,170.0,0.0,success,False,2026-08-21T01:55:54.849778+09:00
Citation Feed,,,failed,False,2026-08-19T20:42:43.732696+09:00
Citation File,70.0,1.0,success,False,2026-08-19T20:42:09.827682+09:00
Citation Finder,4400.0,33.0,success,False,2026-08-18T23:57:07.963291+09:00
Citation Fine,70.0,0.0,success,False,2026-08-23T02:56:17.565255+09:00
Citation Flag,,,failed,False,2026-08-21T00:31:52.807063+09:00
Citation Flow,320.0,8.0,success,False,2026-08-17T20:39:17.196343+09:00
Citation Forge,110.0,1.0,success,False,2026-08-18T07:52:15.038723+09:00
Citation Form,6600.0,1.0,success,False,2026-08-19T13:27:42.741110+09:00
Citation Format,6600.0,1.0,success,False,2026-08-23T13:08:02.630104+09:00
Citation Frame,260.0,50.0,success,False,2026-08-17T20:42:59.992193+09:00
Citation Fund,,,failed,False,2026-08-21T02:26:43.792522+09:00
Citation Gate,10.0,0.0,success,False,2026-08-17T20:47:19.659128+09:00
Citation Grade,,,failed,False,2026-08-21T00:31:34.132172+09:00
Citation Graph,390.0,1.0,success,False,2026-08-27T22:12:46.306034+09:00
Citation Grid,,,failed,False,2026-08-17T21:32:40.946824+09:00
Citation Guarantee,,,failed,False,2026-08-28T01:07:32.974301+09:00
Citation Guard,,,failed,False,2026-08-17T20:41:47.517366+09:00
Citation Guidebook,,,failed,False,2026-08-18T22:05:47.884963+09:00
Citation Helpdesk,,,failed,False,2026-08-27T22:49:32.762391+09:00
Citation Helper,1900.0,23.0,success,False,2026-08-28T00:26:22.903465+09:00
Citation History,170.0,5.0,success,False,2026-08-19T20:42:03.452660+09:00
Citation Hotline,,,failed,False,2026-08-19T21:12:55.345811+09:00
Citation Hub,390.0,6.0,success,False,2026-08-17T20:38:21.061174+09:00
Citation Identifier,1300.0,1.0,success,False,2026-08-23T13:07:51.086484+09:00
Citation Index,3600.0,1.0,success,False,2026-08-19T21:12:02.105513+09:00
Citation Insight,,,failed,False,2026-08-17T23:24:40.372556+09:00
Citation Installment,,,failed,False,2026-08-23T16:15:20.225326+09:00
Citation Interest,,,failed,False,2026-08-23T13:47:38.660404+09:00
Citation Item,,,failed,False,2026-08-21T01:55:57.374575+09:00
Citation Journal,1900.0,3.0,success,False,2026-08-18T22:05:30.177500+09:00
Citation Keeper,20.0,2.0,success,False,2026-08-17T20:43:26.313536+09:00
Citation Lab,260.0,6.0,success,False,2026-08-17T20:37:00.325562+09:00
Citation Layout,50.0,0.0,success,False,2026-08-27T22:29:07.164636+09:00
Citation Ledger,,,failed,False,2026-08-17T20:40:33.502804+09:00
Citation Lens,,,failed,False,2026-08-17T20:43:56.267353+09:00
Citation Level,40.0,93.0,success,False,2026-08-19T20:42:17.170868+09:00
Citation Levy,10.0,0.0,success,False,2026-08-23T13:47:40.781383+09:00
Citation Link,1600.0,2.0,success,False,2026-08-23T03:20:46.771409+09:00
Citation List,1600.0,2.0,success,False,2026-08-19T21:55:36.980585+09:00
Citation Loan,,,failed,False,2026-08-21T02:11:34.732367+09:00
Citation Locator,110.0,2.0,success,False,2026-08-18T23:52:29.838132+09:00
Citation Lock,,,failed,False,2026-08-17T20:45:45.792269+09:00
Citation Log,2900.0,0.0,success,True,2026-08-19T13:27:22.269137+09:00
Citation Loop,70.0,2.0,success,False,2026-08-17T21:33:37.652467+09:00
Citation Manager,2900.0,18.0,success,False,2026-08-17T20:42:32.290659+09:00
Citation Manual,320.0,5.0,success,False,2026-08-27T22:12:52.289733+09:00
Citation Map,1000.0,1.0,success,False,2026-08-17T20:44:38.858684+09:00
Citation Margin,,,failed,False,2026-08-23T02:56:14.910502+09:00
Citation Markup,,,failed,False,2026-08-23T16:39:25.527330+09:00
Citation Memo,,,failed,False,2026-08-21T00:31:38.357083+09:00
Citation Message,70.0,0.0,success,False,2026-08-27T23:14:49.427940+09:00
Citation Meter,,,failed,False,2026-08-17T21:38:32.905021+09:00
Citation Metrics,260.0,1.0,success,False,2026-08-17T23:13:46.002975+09:00
Citation Monitor,10.0,0.0,success,False,2026-08-17T23:06:45.787789+09:00
Citation Navigator,,,failed,False,2026-08-17T23:25:36.258312+09:00
Citation Nexus,,,failed,False,2026-08-17T20:46:07.350212+09:00
Citation Node,,,failed,False,2026-08-17T20:48:37.567206+09:00
Citation Note,260.0,1.0,success,False,2026-08-19T13:28:26.877196+09:00
Citation Notification,,,failed,False,2026-08-27T22:49:26.070118+09:00
Citation Number,3600.0,2.0,success,False,2026-08-23T03:20:39.175053+09:00
Citation Office,30.0,0.0,success,False,2026-08-18T23:57:31.846586+09:00
Citation Ops,20.0,0.0,success,False,2026-08-17T23:10:09.982693+09:00
Citation Order,390.0,0.0,success,False,2026-08-19T21:55:00.630940+09:00
Citation Organizer,390.0,14.0,success,False,2026-08-17T23:24:19.906640+09:00
Citation Overage,,,failed,False,2026-08-27T21:48:33.250783+09:00
Citation Overdue,,,failed,False,2026-08-27T21:48:28.268054+09:00
Citation Panel,10.0,0.0,success,False,2026-08-18T07:52:53.130004+09:00
Citation Pass,,,failed,False,2026-08-21T00:30:55.600635+09:00
Citation Path,,,failed,False,2026-08-17T20:48:02.919436+09:00
Citation Payoff,,,failed,False,2026-08-27T21:48:30.689545+09:00
Citation Penalty,30.0,5.0,success,False,2026-08-23T16:39:23.209795+09:00
Citation Petition,,,failed,False,2026-08-21T01:03:59.232813+09:00
Citation Pilot,40.0,2.0,success,False,2026-08-17T20:37:28.424048+09:00
Citation Plan,170.0,3.0,success,False,2026-08-21T01:56:01.200736+09:00
Citation Planner,,,failed,False,2026-08-17T23:24:01.156266+09:00
Citation Playbook,,,failed,False,2026-08-18T22:05:19.741515+09:00
Citation Point,50.0,1.0,success,False,2026-08-17T20:46:46.837602+09:00
Citation Portal,1300.0,0.0,success,True,2026-08-17T20:32:02.325008+09:00
Citation Preview,20.0,1.0,success,False,2026-08-28T01:07:27.619930+09:00
Citation Profile,40.0,0.0,success,False,2026-08-19T13:28:46.213071+09:00
Citation Profit,90.0,0.0,success,False,2026-08-23T02:56:03.136754+09:00
Citation Proposal,,,failed,False,2026-08-28T01:07:30.106939+09:00
Citation Pulse,,,failed,False,2026-08-17T21:31:30.369012+09:00
Citation Queue,,,failed,False,2026-08-19T21:12:24.209579+09:00
Citation Quota,,,failed,False,2026-08-21T00:31:47.591094+09:00
Citation Radar,10.0,0.0,success,False,2026-08-17T20:35:35.063549+09:00
Citation Rail,,,failed,False,2026-08-17T21:34:12.134068+09:00
Citation Rate,110.0,1.0,success,False,2026-08-19T20:42:21.972075+09:00
Citation Recap,,,failed,False,2026-08-21T01:04:13.537026+09:00
Citation Receipt,10.0,5.0,success,False,2026-08-19T21:55:20.954175+09:00
Citation Recorder,,,failed,False,2026-08-27T23:35:38.281742+09:00
Citation Register,,,failed,False,2026-08-17T23:25:53.472363+09:00
Citation Registry,,,failed,False,2026-08-18T22:05:55.715721+09:00
Citation Relay,,,failed,False,2026-08-17T20:34:35.742752+09:00
Citation Reminder,,,failed,False,2026-08-19T21:11:37.631930+09:00
Citation Report,1900.0,1.0,success,False,2026-08-19T13:27:09.579518+09:00
Citation Repository,,,failed,False,2026-08-27T23:14:55.579423+09:00
Citation Result,,,failed,False,2026-08-28T00:48:11.249121+09:00
Citation Roadmap,,,failed,False,2026-08-18T22:06:41.570881+09:00
Citation Roster,,,failed,False,2026-08-19T00:37:08.393662+09:00
Citation Route,170.0,0.0,success,False,2026-08-17T21:36:22.095100+09:00
Citation Rule,590.0,2.0,success,False,2026-08-23T03:20:50.654201+09:00
Citation Sale,260.0,20.0,success,False,2026-08-21T02:26:56.391999+09:00
Citation Sample,18100.0,1.0,success,False,2026-08-19T21:56:23.940159+09:00
Citation Scale,,,failed,False,2026-08-17T21:37:24.355362+09:00
Citation Scanner,70.0,8.0,success,False,2026-08-27T23:57:19.436881+09:00
Citation Scheduler,,,failed,False,2026-08-17T23:12:05.919804+09:00
Citation Scope,,,failed,False,2026-08-17T21:34:42.632014+09:00
Citation Score,260.0,0.0,success,False,2026-08-19T13:28:15.783876+09:00
Citation Sentry,,,failed,False,2026-08-17T20:44:20.013961+09:00
Citation Sheet,320.0,3.0,success,False,2026-08-19T13:28:00.720814+09:00
Citation Shortfall,,,failed,False,2026-08-27T21:48:38.041939+09:00
Citation Signal,1600.0,0.0,success,True,2026-08-17T21:36:50.527973+09:00
Citation Slip,50.0,0.0,success,False,2026-08-19T21:56:11.493537+09:00
Citation Slot,,,failed,False,2026-08-19T21:56:32.690388+09:00
Citation Snapshot,,,failed,False,2026-08-18T22:05:38.221943+09:00
Citation Stage,30.0,1.0,success,False,2026-08-28T00:48:08.257780+09:00
Citation Stake,,,failed,False,2026-08-23T02:56:12.259379+09:00
Citation Statement,50.0,0.0,success,False,2026-08-21T00:31:17.519824+09:00
Citation Station,210.0,9.0,success,False,2026-08-17T20:36:02.767132+09:00
Citation Status,70.0,1.0,success,False,2026-08-19T20:41:45.467674+09:00
Citation Stub,,,failed,False,2026-08-21T00:31:12.375379+09:00
Citation Studio,,,failed,False,2026-08-17T20:37:59.877456+09:00
Citation Suite,,,failed,False,2026-08-17T23:10:31.513884+09:00
Citation Sum,,,failed,False,2026-08-21T02:26:39.495067+09:00
Citation Summary,170.0,0.0,success,False,2026-08-19T21:11:17.911454+09:00
Citation Surtax,,,failed,False,2026-08-23T15:52:22.475978+09:00
Citation Sync,,,failed,False,2026-08-17T20:40:10.157299+09:00
Citation Table,2400.0,1.0,success,False,2026-08-19T21:55:49.933305+09:00
Citation Tag,2900.0,0.0,success,True,2026-08-19T13:28:36.830433+09:00
Citation Tally,10.0,0.0,success,False,2026-08-21T00:31:26.827984+09:00
Citation Tariff,,,failed,False,2026-08-21T02:42:16.992307+09:00
Citation Tax,,,failed,False,2026-08-21T02:11:30.479876+09:00
Citation Ticket,2900.0,3.0,success,False,2026-08-19T21:12:12.315865+09:00
Citation Timeline,,,failed,False,2026-08-19T21:11:25.521014+09:00
Citation Timer,,,failed,False,2026-08-28T00:26:17.382290+09:00
Citation Toll,20.0,0.0,success,False,2026-08-21T02:42:11.511377+09:00
Citation Toolbox,,,failed,False,2026-08-28T00:26:20.204001+09:00
Citation Toolkit,,,failed,False,2026-08-18T22:05:11.798475+09:00
Citation Total,,,failed,False,2026-08-27T23:14:52.026245+09:00
Citation Tracker,720.0,7.0,success,False,2026-08-17T20:40:53.994191+09:00
Citation Trail,110.0,1.0,success,False,2026-08-17T21:33:10.630129+09:00
Citation Trend,,,failed,False,2026-08-28T01:07:22.099845+09:00
Citation Trial,,,failed,False,2026-08-27T21:17:34.468079+09:00
Citation Unit,,,failed,False,2026-08-21T01:55:59.445411+09:00
Citation Update,10.0,0.0,success,False,2026-08-19T20:42:29.664942+09:00
Citation Value,10.0,0.0,success,False,2026-08-23T02:56:08.739557+09:00
Citation Vault,40.0,14.0,success,False,2026-08-17T20:33:43.675774+09:00
Citation Version,,,failed,False,2026-08-23T03:20:42.703424+09:00
Citation View,20.0,1.0,success,False,2026-08-19T20:41:54.948325+09:00
Citation Voucher,,,failed,False,2026-08-21T00:31:01.051294+09:00
Citation Wallet,,,failed,False,2026-08-27T22:49:29.573658+09:00
Citation Watch,110.0,29.0,success,False,2026-08-17T21:35:46.466784+09:00
Citation Wave,,,failed,False,2026-08-17T21:30:18.085086+09:00
Citation Widget,40.0,4.0,success,False,2026-08-27T23:14:52.026245+09:00
Citation Workbench,,,failed,False,2026-08-18T22:05:00.347281+09:00
Citation Worksheet,70.0,0.0,success,False,2026-08-27T22:12:52.289733+09:00
Citation Workshop,20.0,3.0,success,False,2026-08-28T00:26:17.382290+09:00
Citation Zone,,,failed,False,2026-08-17T20:33:10.817795+09:00
Claim Advance,170.0,1.0,success,False,2026-08-23T16:12:08.472275+09:00
Claim Advisory,170.0,5.0,success,False,2026-08-21T00:58:36.711570+09:00
Claim Allowance,260.0,1.0,success,False,2026-08-21T02:36:44.892736+09:00
Claim Almanac,,,failed,False,2026-08-18T22:07:07.445674+09:00
Claim Analyzer,,,failed,False,2026-08-27T23:53:36.797572+09:00
Claim Anchor,,,failed,False,2026-08-17T20:37:03.531282+09:00
Claim Arrears,,,failed,False,2026-08-23T16:12:08.472275+09:00
Claim Assistant,1300.0,9.0,success,False,2026-08-17T23:04:56.078956+09:00
Claim Atlas,20.0,1.0,success,False,2026-08-17T20:31:33.560642+09:00
Claim Attribute,,,failed,False,2026-08-23T13:05:04.506045+09:00
Claim Balance,50.0,0.0,success,False,2026-08-23T13:45:39.021067+09:00
Claim Base,70.0,1.0,success,False,2026-08-17T21:33:17.550972+09:00
Claim Beacon,30.0,2.0,success,False,2026-08-17T20:40:36.395454+09:00
Claim Bill,590.0,2.0,success,False,2026-08-19T22:00:26.290780+09:00
Claim Blueprint,,,failed,False,2026-08-18T22:07:01.170489+09:00
Claim Board,70.0,1.0,success,False,2026-08-17T20:48:40.258747+09:00
Claim Book,720.0,5.0,success,False,2026-08-19T22:01:17.483163+09:00
Claim Bridge,140.0,7.0,success,False,2026-08-17T20:38:02.236902+09:00
Claim Brief,10.0,0.0,success,False,2026-08-21T00:58:27.692575+09:00
Claim Bulletin,,,failed,False,2026-08-21T00:58:22.319025+09:00
Claim Cabinet,,,failed,False,2026-08-27T23:11:42.330738+09:00
Claim Calculator,390.0,35.0,success,False,2026-08-27T23:33:31.795696+09:00
Claim Calendar,,,failed,False,2026-08-18T23:57:49.004373+09:00
Claim Card,590.0,1.0,success,False,2026-08-19T13:29:35.607135+09:00
Claim Cascade,,,failed,False,2026-08-17T20:38:53.767345+09:00
Claim Cash,260.0,11.0,success,False,2026-08-21T02:22:21.674947+09:00
Claim Catalog,,,failed,False,2026-08-19T21:17:38.869284+09:00
Claim Category,40.0,0.0,success,False,2026-08-23T13:05:00.300804+09:00
Claim Center,1900.0,3.0,success,False,2026-08-17T20:42:34.302604+09:00
Claim Chain,20.0,0.0,success,False,2026-08-17T20:31:33.560642+09:00
Claim Charge,70.0,1.0,success,False,2026-08-21T02:36:33.361411+09:00
Claim Check,1900.0,8.0,success,False,2026-08-19T13:30:02.018673+09:00
Claim Checker,1900.0,8.0,success,False,2026-08-27T23:53:29.478686+09:00
Claim Checklist,170.0,0.0,success,False,2026-08-19T21:16:45.147013+09:00
Claim Circular,,,failed,False,2026-08-21T01:00:03.837469+09:00
Claim Cockpit,,,failed,False,2026-08-17T23:09:54.812310+09:00
Claim Code,1300.0,0.0,success,True,2026-08-19T22:00:47.598420+09:00
Claim Codex,,,failed,False,2026-08-18T22:07:24.351116+09:00
Claim Companion,90.0,10.0,success,False,2026-08-17T23:15:25.442488+09:00
Claim Comparison,90.0,1.0,success,False,2026-08-28T01:04:00.519509+09:00
Claim Compass,170.0,40.0,success,False,2026-08-17T20:41:20.787117+09:00
Claim Compendium,,,failed,False,2026-08-18T22:07:16.682645+09:00
Claim Confirmation,20.0,0.0,success,False,2026-08-21T00:58:44.836971+09:00
Claim Console,,,failed,False,2026-08-17T20:40:15.034726+09:00
Claim Contribution,,,failed,False,2026-08-23T16:12:05.670450+09:00
Claim Copayment,,,failed,False,2026-08-23T16:37:40.797403+09:00
Claim Core,70.0,2.0,success,False,2026-08-17T21:32:05.797514+09:00
Claim Cost,170.0,3.0,success,False,2026-08-21T02:07:07.042559+09:00
Claim Count,20.0,0.0,success,False,2026-08-27T22:46:29.671446+09:00
Claim Counter,27100.0,0.0,success,True,2026-08-18T23:58:46.816942+09:00
Claim Dashboard,390.0,10.0,success,False,2026-08-17T23:08:34.451093+09:00
Claim Deal,70.0,0.0,success,False,2026-08-21T01:51:15.763734+09:00
Claim Debt,320.0,11.0,success,False,2026-08-21T02:22:10.235863+09:00
Claim Deck,90.0,14.0,success,False,2026-08-17T20:47:25.656493+09:00
Claim Depot,2400.0,2.0,success,False,2026-08-18T23:58:29.314698+09:00
Claim Desk,40.0,0.0,success,False,2026-08-17T20:44:45.631544+09:00
Claim Detail,480.0,4.0,success,False,2026-08-23T03:15:06.713636+09:00
Claim Detector,,,failed,False,2026-08-27T23:53:34.112900+09:00
Claim Diagram,,,failed,False,2026-08-27T22:08:36.718327+09:00
Claim Dial,,,failed,False,2026-08-17T20:38:24.877008+09:00
Claim Digest,,,failed,False,2026-08-19T20:44:50.684915+09:00
Claim Directory,,,failed,False,2026-08-18T23:58:01.279851+09:00
Claim Discount,170.0,0.0,success,False,2026-08-23T16:11:58.973572+09:00
Claim Dock,,,failed,False,2026-08-17T20:34:38.143389+09:00
Claim Dossier,,,failed,False,2026-08-21T00:58:49.473587+09:00
Claim Draft,30.0,2.0,success,False,2026-08-19T20:45:10.019254+09:00
Claim Due,,,failed,False,2026-08-23T15:50:44.796371+09:00
Claim Duty,,,failed,False,2026-08-21T02:36:37.228119+09:00
Claim Engine,10.0,8.0,success,False,2026-08-17T23:06:26.824049+09:00
Claim Entry,50.0,5.0,success,False,2026-08-21T00:59:03.951352+09:00
Claim Estimate,110.0,18.0,success,False,2026-08-19T21:17:31.409694+09:00
Claim Estimator,30.0,22.0,success,False,2026-08-27T23:53:26.856284+09:00
Claim Excerpt,,,failed,False,2026-08-21T00:58:59.914106+09:00
Claim Extension,30.0,9.0,success,False,2026-08-23T16:37:42.888726+09:00
Claim Fare,,,failed,False,2026-08-21T02:07:16.373051+09:00
Claim Fee,170.0,0.0,success,False,2026-08-21T01:50:46.788824+09:00
Claim Feed,,,failed,False,2026-08-19T20:45:04.260812+09:00
Claim Field,10.0,0.0,success,False,2026-08-23T13:05:07.059909+09:00
Claim File,8100.0,4.0,success,False,2026-08-19T20:44:19.706681+09:00
Claim Finder,70.0,19.0,success,False,2026-08-18T23:58:19.517114+09:00
Claim Fine,10.0,0.0,success,False,2026-08-23T02:52:28.484811+09:00
Claim Flag,50.0,0.0,success,False,2026-08-21T00:24:54.126348+09:00
Claim Flow,110.0,12.0,success,False,2026-08-17T20:48:06.680156+09:00
Claim Forge,20.0,0.0,success,False,2026-08-17T20:39:49.091027+09:00
Claim Form,12100.0,1.0,success,False,2026-08-19T13:29:22.570342+09:00
Claim Format,210.0,1.0,success,False,2026-08-23T13:05:09.962757+09:00
Claim Frame,70.0,1.0,success,False,2026-08-17T21:34:17.965302+09:00
Claim Fund,720.0,7.0,success,False,2026-08-21T02:22:16.250751+09:00
Claim Gate,210.0,14.0,success,False,2026-08-17T20:33:47.539654+09:00
Claim Graph,20.0,0.0,success,False,2026-08-27T22:08:24.051026+09:00
Claim Grid,,,failed,False,2026-08-17T20:32:07.300250+09:00
Claim Guarantee,40.0,0.0,success,False,2026-08-28T01:04:09.060597+09:00
Claim Guard,70.0,5.0,success,False,2026-08-17T21:32:45.123730+09:00
Claim Guardian,30.0,0.0,success,False,2026-08-28T00:23:24.069179+09:00
Claim Guidebook,,,failed,False,2026-08-18T22:06:43.515975+09:00
Claim Helpdesk,20.0,4.0,success,False,2026-08-27T22:46:32.374827+09:00
Claim Helper,320.0,46.0,success,False,2026-08-28T00:23:26.429201+09:00
Claim History,480.0,3.0,success,False,2026-08-19T20:44:10.013145+09:00
Claim Hotline,20.0,12.0,success,False,2026-08-19T21:17:49.852730+09:00
Claim Hub,320.0,5.0,success,False,2026-08-17T20:46:49.856300+09:00
Claim Identifier,20.0,0.0,success,False,2026-08-23T13:04:54.297618+09:00
Claim Inbox,,,failed,False,2026-08-19T12:24:05.330216+09:00
Claim Index,,,failed,False,2026-08-19T21:16:57.743794+09:00
Claim Insight,,,failed,False,2026-08-17T23:15:05.132671+09:00
Claim Installment,,,failed,False,2026-08-23T16:12:01.471109+09:00
Claim Item,90.0,0.0,success,False,2026-08-21T01:51:00.424955+09:00
Claim Journal,,,failed,False,2026-08-18T22:06:23.871734+09:00
Claim Keeper,,,failed,False,2026-08-17T21:34:50.586670+09:00
Claim Kit,40.0,6.0,success,False,2026-08-27T22:46:27.298392+09:00
Claim Lab,110.0,1.0,success,False,2026-08-17T20:45:22.370262+09:00
Claim Label,10.0,1.0,success,False,2026-08-27T22:08:26.678137+09:00
Claim Ledger,20.0,3.0,success,False,2026-08-17T21:30:57.458125+09:00
Claim Lens,10.0,0.0,success,False,2026-08-18T07:52:33.463903+09:00
Claim Level,20.0,0.0,success,False,2026-08-19T20:44:26.671038+09:00
Claim Link,1000.0,1.0,success,False,2026-08-23T03:14:59.429482+09:00
Claim List,260.0,2.0,success,False,2026-08-19T22:00:58.577087+09:00
Claim Loan,30.0,35.0,success,False,2026-08-21T02:07:29.886940+09:00
Claim Locator,10.0,14.0,success,False,2026-08-18T23:58:11.366687+09:00
Claim Lock,20.0,4.0,success,False,2026-08-17T20:32:07.300250+09:00
Claim Log,50.0,0.0,success,False,2026-08-19T13:29:07.755274+09:00
Claim Loop,,,failed,False,2026-08-17T20:33:16.020559+09:00
Claim Manager,1900.0,4.0,success,False,2026-08-17T21:33:42.291802+09:00
Claim Manual,260.0,0.0,success,False,2026-08-27T22:08:28.855798+09:00
Claim Map,4400.0,0.0,success,True,2026-08-18T07:52:25.028656+09:00
Claim Margin,,,failed,False,2026-08-23T02:52:26.045301+09:00
Claim Markup,,,failed,False,2026-08-23T16:37:40.797403+09:00
Claim Memo,10.0,0.0,success,False,2026-08-21T00:24:39.947545+09:00
Claim Message,30.0,0.0,success,False,2026-08-27T23:11:34.108403+09:00
Claim Meter,60500.0,100.0,success,False,2026-08-17T20:37:32.011303+09:00
Claim Metrics,10.0,0.0,success,False,2026-08-17T23:13:49.973223+09:00
Claim Monitor,50.0,2.0,success,False,2026-08-17T23:06:48.111245+09:00
Claim Navigator,50.0,24.0,success,False,2026-08-17T23:04:15.040980+09:00
Claim Nexus,10.0,0.0,success,False,2026-08-17T20:32:44.310093+09:00
Claim Node,10.0,0.0,success,False,2026-08-17T20:34:38.143389+09:00
Claim Note,210.0,0.0,success,False,2026-08-19T13:30:35.292295+09:00
Claim Notification,140.0,1.0,success,False,2026-08-27T22:46:23.139331+09:00
Claim Number,3600.0,6.0,success,False,2026-08-23T03:14:51.168783+09:00
Claim Office,320.0,5.0,success,False,2026-08-18T23:58:38.723569+09:00
Claim Ops,,,failed,False,2026-08-17T23:10:15.371250+09:00
Claim Order,70.0,0.0,success,False,2026-08-19T22:00:16.178777+09:00
Claim Organizer,,,failed,False,2026-08-17T23:08:11.112323+09:00
Claim Overage,,,failed,False,2026-08-27T21:46:26.203739+09:00
Claim Overdue,,,failed,False,2026-08-27T21:46:21.323370+09:00
Claim Panel,20.0,1.0,success,False,2026-08-17T20:39:20.129592+09:00
Claim Pass,30.0,0.0,success,False,2026-08-21T00:34:51.514854+09:00
Claim Path,70.0,1.0,success,False,2026-08-17T20:34:16.019094+09:00
Claim Payoff,10.0,0.0,success,False,2026-08-27T21:46:21.323370+09:00
Claim Penalty,10.0,0.0,success,False,2026-08-23T16:37:37.262949+09:00
Claim Petition,170.0,1.0,success,False,2026-08-21T00:58:40.847726+09:00
Claim Pilot,260.0,3.0,success,False,2026-08-17T20:45:48.787557+09:00
Claim Plan,10.0,0.0,success,False,2026-08-21T01:51:12.065747+09:00
Claim Planner,,,failed,False,2026-08-17T23:13:28.338167+09:00
Claim Playbook,,,failed,False,2026-08-18T22:06:14.738388+09:00
Claim Point,1000.0,0.0,success,True,2026-08-17T20:33:16.020559+09:00
Claim Portal,6600.0,2.0,success,False,2026-08-17T20:41:00.568700+09:00
Claim Preview,,,failed,False,2026-08-28T01:04:04.391433+09:00
Claim Profile,170.0,1.0,success,False,2026-08-19T13:30:50.408917+09:00
Claim Proposal,20.0,1.0,success,False,2026-08-28T01:04:04.391433+09:00
Claim Pulse,,,failed,False,2026-08-18T07:52:23.466246+09:00
Claim Queue,,,failed,False,2026-08-19T21:17:21.944279+09:00
Claim Quota,,,failed,False,2026-08-21T00:24:49.316489+09:00
Claim Radar,70.0,0.0,success,False,2026-08-17T20:43:58.581518+09:00
Claim Rail,,,failed,False,2026-08-17T20:33:46.243100+09:00
Claim Rate,140.0,1.0,success,False,2026-08-19T20:44:32.627645+09:00
Claim Recap,,,failed,False,2026-08-21T01:00:06.148655+09:00
Claim Receipt,170.0,0.0,success,False,2026-08-19T22:00:37.818778+09:00
Claim Recorder,,,failed,False,2026-08-27T23:33:37.262266+09:00
Claim Register,590.0,3.0,success,False,2026-08-17T23:11:28.950122+09:00
Claim Registry,590.0,3.0,success,False,2026-08-18T22:06:52.142585+09:00
Claim Relay,,,failed,False,2026-08-17T20:43:01.991108+09:00
Claim Reminder,,,failed,False,2026-08-19T21:16:30.496623+09:00
Claim Report,880.0,9.0,success,False,2026-08-19T13:28:55.054153+09:00
Claim Repository,,,failed,False,2026-08-27T23:11:44.740129+09:00
Claim Result,30.0,0.0,success,False,2026-08-28T00:46:54.511345+09:00
Claim Roadmap,,,failed,False,2026-08-18T22:07:33.444344+09:00
Claim Roster,,,failed,False,2026-08-19T00:36:52.729176+09:00
Claim Route,110.0,2.0,success,False,2026-08-17T20:35:38.392873+09:00
Claim Rule,50.0,0.0,success,False,2026-08-23T03:15:03.447052+09:00
Claim Sale,320.0,0.0,success,False,2026-08-21T02:22:24.634972+09:00
Claim Sample,90.0,1.0,success,False,2026-08-19T22:01:39.954435+09:00
Claim Scale,10.0,1.0,success,False,2026-08-17T20:36:35.862750+09:00
Claim Scanner,10.0,7.0,success,False,2026-08-27T23:53:29.478686+09:00
Claim Scheduler,,,failed,False,2026-08-17T23:12:08.094400+09:00
Claim Scope,20.0,0.0,success,False,2026-08-17T20:34:16.019094+09:00
Claim Score,30.0,0.0,success,False,2026-08-19T13:30:13.142544+09:00
Claim Sentry,,,failed,False,2026-08-18T07:43:28.535953+09:00
Claim Sheet,170.0,0.0,success,False,2026-08-19T13:29:52.884526+09:00
Claim Shortfall,10.0,0.0,success,False,2026-08-27T21:46:26.203739+09:00
Claim Signal,10.0,14.0,success,False,2026-08-17T20:36:06.570384+09:00
Claim Signature,,,failed,False,2026-08-23T13:26:38.136224+09:00
Claim Slip,260.0,3.0,success,False,2026-08-19T22:01:27.807092+09:00
Claim Slot,110.0,10.0,success,False,2026-08-19T22:01:48.957551+09:00
Claim Snapshot,,,failed,False,2026-08-18T22:06:35.395449+09:00
Claim Stage,,,failed,False,2026-08-28T00:46:54.511345+09:00
Claim Stake,1900.0,0.0,success,True,2026-08-23T02:52:23.717366+09:00
Claim Stamp,210.0,66.0,success,False,2026-08-23T13:26:40.982312+09:00
Claim Statement,880.0,1.0,success,False,2026-08-21T00:35:03.505181+09:00
Claim Station,10.0,0.0,success,False,2026-08-17T20:44:21.106446+09:00
Claim Status,33100.0,0.0,success,True,2026-08-19T20:43:57.147560+09:00
Claim Streak,10.0,0.0,success,False,2026-08-28T00:46:54.511345+09:00
Claim Stub,2400.0,3.0,success,False,2026-08-21T00:35:01.453915+09:00
Claim Studio,30.0,0.0,success,False,2026-08-17T20:46:12.433556+09:00
Claim Subsidy,110.0,7.0,success,False,2026-08-23T15:50:46.818166+09:00
Claim Suite,10.0,2.0,success,False,2026-08-17T23:10:33.409769+09:00
Claim Sum,40.0,4.0,success,False,2026-08-21T02:22:07.753021+09:00
Claim Summary,260.0,1.0,success,False,2026-08-19T21:16:08.184183+09:00
Claim Sync,,,failed,False,2026-08-17T21:30:24.502544+09:00
Claim Tab,40.0,0.0,success,False,2026-08-21T00:25:02.156940+09:00
Claim Table,20.0,0.0,success,False,2026-08-19T22:01:08.341225+09:00
Claim Tag,480.0,25.0,success,False,2026-08-19T13:30:45.657035+09:00
Claim Tally,,,failed,False,2026-08-21T00:35:07.163921+09:00
Claim Tariff,,,failed,False,2026-08-21T02:36:50.213443+09:00
Claim Tax,4400.0,38.0,success,False,2026-08-21T02:07:24.034599+09:00
Claim Ticket,880.0,3.0,success,False,2026-08-19T21:17:11.439811+09:00
Claim Timeline,70.0,2.0,success,False,2026-08-19T21:16:19.911294+09:00
Claim Timer,,,failed,False,2026-08-28T00:23:21.269207+09:00
Claim Toll,720.0,0.0,success,False,2026-08-21T02:36:41.492996+09:00
Claim Toolbox,,,failed,False,2026-08-28T00:23:26.429201+09:00
Claim Toolkit,140.0,4.0,success,False,2026-08-18T22:06:05.649081+09:00
Claim Total,,,failed,False,2026-08-27T23:11:39.748613+09:00
Claim Tracker,720.0,3.0,success,False,2026-08-17T21:31:33.014186+09:00
Claim Trail,10.0,0.0,success,False,2026-08-17T20:32:41.344957+09:00
Claim Trend,,,failed,False,2026-08-28T01:03:55.063070+09:00
Claim Trial,70.0,0.0,success,False,2026-08-27T21:14:25.842421+09:00
Claim Unit,20.0,0.0,success,False,2026-08-21T02:05:44.847740+09:00
Claim Update,90.0,4.0,success,False,2026-08-19T20:44:44.192245+09:00
Claim Value,6600.0,3.0,success,False,2026-08-23T02:52:23.717366+09:00
Claim Vault,1900.0,0.0,success,True,2026-08-17T20:42:11.427186+09:00
Claim Version,,,failed,False,2026-08-23T03:14:55.080924+09:00
Claim View,50.0,3.0,success,False,2026-08-19T20:44:03.742658+09:00
Claim Voucher,590.0,1.0,success,False,2026-08-21T00:34:57.023815+09:00
Claim Wallet,10.0,2.0,success,False,2026-08-27T22:46:27.298392+09:00
Claim Watch,140.0,0.0,success,False,2026-08-17T20:35:06.364440+09:00
Claim Wave,,,failed,False,2026-08-18T07:52:23.466246+09:00
Claim Widget,,,failed,False,2026-08-27T23:11:42.330738+09:00
Claim Workbench,,,failed,False,2026-08-18T22:05:57.658157+09:00
Claim Worksheet,50.0,0.0,success,False,2026-08-27T22:08:33.849782+09:00
Claim Zone,50.0,0.0,success,False,2026-08-17T20:41:50.983322+09:00
Claimant Advance,,,failed,False,2026-08-23T16:14:18.981651+09:00
Claimant Alert,,,failed,False,2026-08-21T00:47:49.290523+09:00
Claimant Allowance,,,failed,False,2026-08-21T02:41:45.973513+09:00
Claimant Analyzer,,,failed,False,2026-08-27T23:52:02.296949+09:00
Claimant Announcement,,,failed,False,2026-08-27T23:31:41.970749+09:00
Claimant Asset,,,failed,False,2026-08-23T13:46:16.255562+09:00
Claimant Assistant,,,failed,False,2026-08-21T00:46:03.316699+09:00
Claimant Atlas,,,failed,False,2026-08-21T00:45:52.774285+09:00
Claimant Badge,,,failed,False,2026-08-21T00:50:54.055448+09:00
Claimant Balance,,,failed,False,2026-08-23T13:46:12.042463+09:00
Claimant Base,,,failed,False,2026-08-21T00:44:42.710868+09:00
Claimant Bay,,,failed,False,2026-08-21T00:47:16.635421+09:00
Claimant Beacon,10.0,0.0,success,False,2026-08-21T00:43:39.738116+09:00
Claimant Bill,,,failed,False,2026-08-21T00:50:13.056816+09:00
Claimant Board,,,failed,False,2026-08-21T00:44:54.956989+09:00
Claimant Booth,,,failed,False,2026-08-21T00:47:05.432306+09:00
Claimant Bridge,,,failed,False,2026-08-21T00:43:57.229807+09:00
Claimant Brief,,,failed,False,2026-08-21T01:01:35.076961+09:00
Claimant Bulletin,,,failed,False,2026-08-21T01:01:30.993537+09:00
Claimant Card,,,failed,False,2026-08-21T00:48:40.223162+09:00
Claimant Cascade,,,failed,False,2026-08-21T00:43:49.917491+09:00
Claimant Cash,,,failed,False,2026-08-21T02:24:39.206528+09:00
Claimant Category,,,failed,False,2026-08-23T13:10:01.579263+09:00
Claimant Center,70.0,0.0,success,False,2026-08-21T00:45:16.204972+09:00
Claimant Chain,,,failed,False,2026-08-21T00:45:45.302081+09:00
Claimant Charge,,,failed,False,2026-08-21T02:41:32.223715+09:00
Claimant Chart,,,failed,False,2026-08-21T00:47:54.639607+09:00
Claimant Check,,,failed,False,2026-08-21T00:48:51.829218+09:00
Claimant Checker,,,failed,False,2026-08-27T23:51:54.683905+09:00
Claimant Code,10.0,0.0,success,False,2026-08-21T00:50:21.320378+09:00
Claimant Companion,,,failed,False,2026-08-21T00:46:19.116405+09:00
Claimant Compass,,,failed,False,2026-08-21T00:43:36.715710+09:00
Claimant Confirmation,,,failed,False,2026-08-21T01:01:54.342698+09:00
Claimant Console,,,failed,False,2026-08-21T00:45:26.531767+09:00
Claimant Core,,,failed,False,2026-08-21T00:44:45.180563+09:00
Claimant Cost,,,failed,False,2026-08-21T02:07:29.886940+09:00
Claimant Count,590.0,0.0,success,False,2026-08-27T22:51:00.093213+09:00
Claimant Counter,,,failed,False,2026-08-21T00:46:54.280562+09:00
Claimant Deal,,,failed,False,2026-08-21T02:00:00.574550+09:00
Claimant Debt,,,failed,False,2026-08-21T02:24:30.364633+09:00
Claimant Deck,,,failed,False,2026-08-21T00:44:58.799520+09:00
Claimant Desk,,,failed,False,2026-08-21T00:51:33.449317+09:00
Claimant Detail,,,failed,False,2026-08-23T03:23:00.689817+09:00
Claimant Detector,,,failed,False,2026-08-27T23:52:02.296949+09:00
Claimant Directory,,,failed,False,2026-08-21T00:46:42.116087+09:00
Claimant Discount,,,failed,False,2026-08-23T16:14:11.722628+09:00
Claimant Dossier,,,failed,False,2026-08-21T01:02:00.042656+09:00
Claimant Downpayment,,,failed,False,2026-08-27T21:48:49.180539+09:00
Claimant Draft,,,failed,False,2026-08-21T00:49:47.730802+09:00
Claimant Due,,,failed,False,2026-08-23T15:51:24.556081+09:00
Claimant Duty,,,failed,False,2026-08-21T02:41:35.267281+09:00
Claimant Endowment,,,failed,False,2026-08-23T15:51:28.689965+09:00
Claimant Engine,,,failed,False,2026-08-21T00:45:59.951643+09:00
Claimant Entry,,,failed,False,2026-08-21T01:02:13.283707+09:00
Claimant Estimate,,,failed,False,2026-08-21T00:50:07.130228+09:00
Claimant Excerpt,,,failed,False,2026-08-21T01:02:59.724963+09:00
Claimant Extension,,,failed,False,2026-08-23T16:39:03.767500+09:00
Claimant Fare,,,failed,False,2026-08-21T02:07:41.553019+09:00
Claimant Fee,,,failed,False,2026-08-21T01:59:47.241476+09:00
Claimant Feed,,,failed,False,2026-08-21T00:49:41.369493+09:00
Claimant File,,,failed,False,2026-08-21T00:49:24.098446+09:00
Claimant Fine,,,failed,False,2026-08-23T02:56:59.964563+09:00
Claimant Flow,,,failed,False,2026-08-21T00:51:25.324564+09:00
Claimant Forge,,,failed,False,2026-08-21T00:43:46.604021+09:00
Claimant Form,210.0,1.0,success,False,2026-08-21T00:48:36.635325+09:00
Claimant Frame,,,failed,False,2026-08-21T00:44:36.517071+09:00
Claimant Fund,,,failed,False,2026-08-21T02:24:36.091430+09:00
Claimant Gate,,,failed,False,2026-08-21T00:45:50.178398+09:00
Claimant Graph,,,failed,False,2026-08-27T22:12:55.481525+09:00
Claimant Grid,,,failed,False,2026-08-21T00:44:18.522946+09:00
Claimant Guardian,,,failed,False,2026-08-28T00:22:34.191902+09:00
Claimant Helpdesk,,,failed,False,2026-08-27T22:51:05.430430+09:00
Claimant Helper,,,failed,False,2026-08-28T00:22:39.734824+09:00
Claimant History,,,failed,False,2026-08-21T00:49:18.470865+09:00
Claimant Hub,20.0,1.0,success,False,2026-08-21T00:51:27.534494+09:00
Claimant Identifier,,,failed,False,2026-08-23T13:09:58.883939+09:00
Claimant Inbox,10.0,0.0,success,False,2026-08-21T00:47:46.608049+09:00
Claimant Index,,,failed,False,2026-08-21T00:49:59.942955+09:00
Claimant Installment,,,failed,False,2026-08-23T16:14:15.763731+09:00
Claimant Interest,,,failed,False,2026-08-23T13:46:12.042463+09:00
Claimant Item,,,failed,False,2026-08-21T01:59:50.051478+09:00
Claimant Journal,,,failed,False,2026-08-21T00:46:31.440534+09:00
Claimant Keeper,,,failed,False,2026-08-21T00:45:54.993375+09:00
Claimant Kit,,,failed,False,2026-08-27T22:51:00.093213+09:00
Claimant Lab,,,failed,False,2026-08-21T00:45:06.062419+09:00
Claimant Ledger,,,failed,False,2026-08-21T00:44:48.876991+09:00
Claimant Level,,,failed,False,2026-08-21T00:49:27.660795+09:00
Claimant Line,,,failed,False,2026-08-21T00:48:15.897610+09:00
Claimant Link,,,failed,False,2026-08-23T03:22:53.557175+09:00
Claimant List,,,failed,False,2026-08-21T00:50:24.003386+09:00
Claimant Loan,,,failed,False,2026-08-21T02:07:48.773154+09:00
Claimant Lobby,,,failed,False,2026-08-21T00:48:07.260312+09:00
Claimant Locator,,,failed,False,2026-08-21T00:46:44.759034+09:00
Claimant Locker,,,failed,False,2026-08-21T00:47:01.645682+09:00
Claimant Log,,,failed,False,2026-08-21T00:48:30.052376+09:00
Claimant Loop,,,failed,False,2026-08-21T00:44:13.071089+09:00
Claimant Manager,,,failed,False,2026-08-21T00:45:57.527663+09:00
Claimant Manual,,,failed,False,2026-08-27T22:13:04.123105+09:00
Claimant Map,,,failed,False,2026-08-21T00:44:32.272154+09:00
Claimant Margin,,,failed,False,2026-08-23T02:56:53.736848+09:00
Claimant Memo,,,failed,False,2026-08-21T00:51:07.998109+09:00
Claimant Message,,,failed,False,2026-08-27T23:16:41.409509+09:00
Claimant Monitor,,,failed,False,2026-08-21T00:46:15.039620+09:00
Claimant Nexus,,,failed,False,2026-08-21T00:45:50.178398+09:00
Claimant Note,,,failed,False,2026-08-21T00:48:57.806090+09:00
Claimant Notification,,,failed,False,2026-08-27T22:50:57.800091+09:00
Claimant Number,20.0,0.0,success,False,2026-08-23T03:22:45.099275+09:00
Claimant Office,10.0,0.0,success,False,2026-08-21T00:46:52.072318+09:00
Claimant Ops,,,failed,False,2026-08-21T00:46:26.587388+09:00
Claimant Order,,,failed,False,2026-08-21T00:50:09.781883+09:00
Claimant Outpost,,,failed,False,2026-08-21T00:47:23.165444+09:00
Claimant Overage,,,failed,False,2026-08-27T21:48:46.666341+09:00
Claimant Overdraft,,,failed,False,2026-08-23T15:51:26.748439+09:00
Claimant Overdue,,,failed,False,2026-08-27T21:48:40.249889+09:00
Claimant Panel,,,failed,False,2026-08-21T00:45:30.035458+09:00
Claimant Pass,,,failed,False,2026-08-21T00:50:45.127530+09:00
Claimant Passport,,,failed,False,2026-08-21T00:48:04.911148+09:00
Claimant Path,,,failed,False,2026-08-21T00:44:23.943990+09:00
Claimant Payoff,,,failed,False,2026-08-27T21:48:42.861590+09:00
Claimant Penalty,,,failed,False,2026-08-23T16:39:00.201041+09:00
Claimant Petition,,,failed,False,2026-08-21T01:01:47.037702+09:00
Claimant Plan,,,failed,False,2026-08-21T01:59:55.077631+09:00
Claimant Planner,,,failed,False,2026-08-21T00:46:06.764298+09:00
Claimant Playbook,,,failed,False,2026-08-21T00:46:29.176332+09:00
Claimant Point,,,failed,False,2026-08-21T00:44:30.138587+09:00
Claimant Portal,1600.0,0.0,success,True,2026-08-21T00:45:22.913101+09:00
Claimant Post,,,failed,False,2026-08-21T00:47:19.116810+09:00
Claimant Profile,170.0,1.0,success,False,2026-08-21T00:49:07.202034+09:00
Claimant Profit,,,failed,False,2026-08-23T02:56:41.108127+09:00
Claimant Quota,,,failed,False,2026-08-21T00:51:13.532405+09:00
Claimant Radar,,,failed,False,2026-08-21T00:51:35.796791+09:00
Claimant Rail,,,failed,False,2026-08-21T00:45:39.218297+09:00
Claimant Rate,,,failed,False,2026-08-21T00:49:35.190382+09:00
Claimant Recap,,,failed,False,2026-08-21T01:02:06.881859+09:00
Claimant Receipt,,,failed,False,2026-08-21T00:50:17.936305+09:00
Claimant Recorder,,,failed,False,2026-08-27T23:31:53.599891+09:00
Claimant Register,,,failed,False,2026-08-21T00:46:21.529361+09:00
Claimant Relay,,,failed,False,2026-08-21T00:51:40.152987+09:00
Claimant Reminder,,,failed,False,2026-08-21T00:49:56.955669+09:00
Claimant Report,20.0,0.0,success,False,2026-08-21T00:48:26.954363+09:00
Claimant Ring,,,failed,False,2026-08-21T00:45:47.976857+09:00
Claimant Roll,,,failed,False,2026-08-21T00:48:22.062191+09:00
Claimant Roster,,,failed,False,2026-08-21T00:47:44.020698+09:00
Claimant Route,,,failed,False,2026-08-21T00:45:35.455027+09:00
Claimant Rule,,,failed,False,2026-08-23T03:22:56.392022+09:00
Claimant Sale,,,failed,False,2026-08-21T02:24:48.796566+09:00
Claimant Sample,,,failed,False,2026-08-21T00:50:38.979933+09:00
Claimant Scale,,,failed,False,2026-08-21T00:45:33.278488+09:00
Claimant Scope,,,failed,False,2026-08-21T00:44:10.518978+09:00
Claimant Score,,,failed,False,2026-08-21T00:48:54.666046+09:00
Claimant Sheet,,,failed,False,2026-08-21T00:48:44.199856+09:00
Claimant Shortfall,,,failed,False,2026-08-27T21:48:52.496958+09:00
Claimant Signal,,,failed,False,2026-08-21T00:43:59.576313+09:00
Claimant Signature,210.0,0.0,success,False,2026-08-23T13:26:35.864064+09:00
Claimant Slip,,,failed,False,2026-08-21T00:50:33.252784+09:00
Claimant Slot,,,failed,False,2026-08-21T00:50:41.630976+09:00
Claimant Stage,,,failed,False,2026-08-28T00:46:39.262631+09:00
Claimant Stake,,,failed,False,2026-08-23T02:56:45.800075+09:00
Claimant Stamp,,,failed,False,2026-08-23T13:26:38.136224+09:00
Claimant Statement,210.0,1.0,success,False,2026-08-21T00:51:04.799989+09:00
Claimant Station,,,failed,False,2026-08-21T00:45:08.644829+09:00
Claimant Status,70.0,2.0,success,False,2026-08-21T00:49:12.731444+09:00
Claimant Stipend,,,failed,False,2026-08-23T13:46:16.255562+09:00
Claimant Stub,,,failed,False,2026-08-21T00:50:58.385493+09:00
Claimant Studio,,,failed,False,2026-08-21T00:45:03.734783+09:00
Claimant Subsidy,,,failed,False,2026-08-23T15:51:26.748439+09:00
Claimant Sum,,,failed,False,2026-08-21T02:24:27.084847+09:00
Claimant Summary,,,failed,False,2026-08-21T00:49:49.714688+09:00
Claimant Surtax,,,failed,False,2026-08-23T15:51:31.238085+09:00
Claimant Tab,,,failed,False,2026-08-21T00:51:16.185060+09:00
Claimant Table,,,failed,False,2026-08-21T00:50:29.679005+09:00
Claimant Tag,,,failed,False,2026-08-21T00:49:04.500727+09:00
Claimant Tariff,,,failed,False,2026-08-21T02:41:49.318667+09:00
Claimant Tax,,,failed,False,2026-08-21T02:07:46.443072+09:00
Claimant Terminal,,,failed,False,2026-08-21T00:45:13.293562+09:00
Claimant Ticker,,,failed,False,2026-08-21T00:48:09.704229+09:00
Claimant Ticket,,,failed,False,2026-08-21T00:50:02.185546+09:00
Claimant Tier,,,failed,False,2026-08-28T00:46:44.536375+09:00
Claimant Timeline,,,failed,False,2026-08-21T00:49:52.271441+09:00
Claimant Timer,,,failed,False,2026-08-28T00:22:28.798439+09:00
Claimant Toll,,,failed,False,2026-08-21T02:41:38.667611+09:00
Claimant Toolbox,,,failed,False,2026-08-28T00:22:36.820060+09:00
Claimant Total,,,failed,False,2026-08-27T23:16:45.468022+09:00
Claimant Tracker,,,failed,False,2026-08-21T00:51:18.988117+09:00
Claimant Trail,,,failed,False,2026-08-21T00:45:41.384268+09:00
Claimant Trend,,,failed,False,2026-08-28T01:04:04.391433+09:00
Claimant Trial,,,failed,False,2026-08-27T21:17:34.468079+09:00
Claimant Unit,,,failed,False,2026-08-21T01:59:53.471915+09:00
Claimant Update,,,failed,False,2026-08-21T00:49:37.584742+09:00
Claimant Value,,,failed,False,2026-08-23T02:56:43.732981+09:00
Claimant Vault,,,failed,False,2026-08-21T00:43:34.117910+09:00
Claimant Version,,,failed,False,2026-08-23T03:22:48.132111+09:00
Claimant View,,,failed,False,2026-08-21T00:49:15.446712+09:00
Claimant Voucher,10.0,1.0,success,False,2026-08-21T00:50:50.084554+09:00
Claimant Wallet,,,failed,False,2026-08-27T22:51:00.093213+09:00
Claimant Watch,,,failed,False,2026-08-21T00:44:03.384423+09:00
Claimant Wave,,,failed,False,2026-08-21T00:44:21.197874+09:00
Claimant Widget,,,failed,False,2026-08-27T23:16:51.144125+09:00
Claimant Window,,,failed,False,2026-08-21T00:48:18.650216+09:00
Claimant Worksheet,,,failed,False,2026-08-27T22:13:09.872881+09:00
Claimant Yard,,,failed,False,2026-08-21T00:47:10.612469+09:00
Claimant Zone,,,failed,False,2026-08-21T00:45:19.199440+09:00
Class Advance,40.0,0.0,success,False,2026-08-23T16:14:53.191797+09:00
Class Advisory,590.0,0.0,success,False,2026-08-21T01:02:57.004719+09:00
Class Allowance,20.0,0.0,success,False,2026-08-21T02:41:21.123178+09:00
Class Almanac,10.0,0.0,success,False,2026-08-18T22:03:58.790181+09:00
Class Analyzer,10.0,0.0,success,False,2026-08-27T23:56:53.046222+09:00
Class Anchor,10.0,1.0,success,False,2026-08-17T23:04:33.261831+09:00
Class Announcement,390.0,0.0,success,False,2026-08-27T23:35:13.146180+09:00
Class Arrears,,,failed,False,2026-08-23T16:14:53.191797+09:00
Class Asset,9900.0,2.0,success,False,2026-08-23T13:47:23.462533+09:00
Class Assistant,49500.0,11.0,success,False,2026-08-17T23:05:17.262710+09:00
Class Atlas,50.0,11.0,success,False,2026-08-17T23:09:15.899406+09:00
Class Attribute,1000.0,0.0,success,True,2026-08-23T13:07:29.372228+09:00
Class Badge,210.0,26.0,success,False,2026-08-21T00:29:35.718141+09:00
Class Balance,170.0,2.0,success,False,2026-08-23T13:47:15.992604+09:00
Class Base,390.0,0.0,success,False,2026-08-17T23:04:15.040980+09:00
Class Beacon,,,failed,False,2026-08-17T23:15:22.052615+09:00
Class Bill,50.0,2.0,success,False,2026-08-19T21:52:31.796696+09:00
Class Blueprint,390.0,21.0,success,False,2026-08-18T22:03:49.519359+09:00
Class Board,5400.0,26.0,success,False,2026-08-17T23:28:17.323230+09:00
Class Book,4400.0,6.0,success,False,2026-08-19T21:53:37.602067+09:00
Class Bridge,170.0,1.0,success,False,2026-08-17T23:26:08.164356+09:00
Class Brief,,,failed,False,2026-08-21T01:01:56.777468+09:00
Class Bulletin,40.0,21.0,success,False,2026-08-21T01:01:49.387114+09:00
Class Calendar,1000.0,80.0,success,False,2026-08-19T00:03:53.943426+09:00
Class Card,33100.0,2.0,success,False,2026-08-19T13:24:29.465553+09:00
Class Cascade,,,failed,False,2026-08-17T23:10:09.982693+09:00
Class Cash,320.0,3.0,success,False,2026-08-21T02:26:02.985234+09:00
Class Cashback,,,failed,False,2026-08-27T21:17:03.008156+09:00
Class Catalog,1000.0,3.0,success,False,2026-08-19T21:10:11.430001+09:00
Class Category,320.0,0.0,success,False,2026-08-23T13:07:29.372228+09:00
Class Center,9900.0,32.0,success,False,2026-08-17T23:29:14.907859+09:00
Class Chain,210.0,27.0,success,False,2026-08-17T23:30:49.193189+09:00
Class Charge,50.0,4.0,success,False,2026-08-21T02:41:10.290966+09:00
Class Check,320.0,1.0,success,False,2026-08-19T13:24:58.997710+09:00
Class Checker,320.0,1.0,success,False,2026-08-27T23:56:47.564941+09:00
Class Checklist,140.0,4.0,success,False,2026-08-19T21:09:08.250321+09:00
Class Circular,10.0,0.0,success,False,2026-08-21T01:02:54.788235+09:00
Class Cockpit,10.0,0.0,success,False,2026-08-17T23:33:13.848442+09:00
Class Code,8100.0,2.0,success,False,2026-08-19T21:52:57.085670+09:00
Class Codex,480.0,1.0,success,False,2026-08-18T22:04:21.198301+09:00
Class Companion,201000.0,7.0,success,False,2026-08-17T22:46:53.613180+09:00
Class Comparison,90.0,0.0,success,False,2026-08-28T01:06:54.096928+09:00
Class Compass,320.0,4.0,success,False,2026-08-17T23:25:36.258312+09:00
Class Compendium,10.0,11.0,success,False,2026-08-18T22:04:08.939820+09:00
Class Confirmation,1900.0,1.0,success,False,2026-08-21T01:02:13.283707+09:00
Class Console,70.0,41.0,success,False,2026-08-17T23:09:34.502992+09:00
Class Copayment,,,failed,False,2026-08-23T16:39:07.006923+09:00
Class Core,140.0,0.0,success,False,2026-08-17T23:28:04.378663+09:00
Class Cost,170.0,0.0,success,False,2026-08-21T02:10:36.488938+09:00
Class Count,170.0,0.0,success,False,2026-08-27T22:49:08.559687+09:00
Class Counter,210.0,1.0,success,False,2026-08-19T00:04:38.069566+09:00
Class Coupon,140.0,34.0,success,False,2026-08-27T21:17:00.727259+09:00
Class Dashboard,210.0,4.0,success,False,2026-08-17T23:08:52.279570+09:00
Class Deal,40.0,10.0,success,False,2026-08-21T01:55:08.355431+09:00
Class Debt,,,failed,False,2026-08-21T02:25:53.601509+09:00
Class Deck,140.0,31.0,success,False,2026-08-17T23:06:02.733299+09:00
Class Depot,140.0,0.0,success,False,2026-08-19T00:04:28.645558+09:00
Class Desk,720.0,84.0,success,False,2026-08-17T23:24:44.637673+09:00
Class Detail,320.0,0.0,success,False,2026-08-23T03:20:00.686198+09:00
Class Diagram,74000.0,1.0,success,False,2026-08-27T22:12:11.460290+09:00
Class Dial,,,failed,False,2026-08-17T23:03:55.937111+09:00
Class Digest,10.0,3.0,success,False,2026-08-19T20:40:46.834660+09:00
Class Directory,320.0,0.0,success,False,2026-08-19T00:04:01.106556+09:00
Class Discount,320.0,3.0,success,False,2026-08-23T16:14:44.482791+09:00
Class Dock,,,failed,False,2026-08-17T23:05:41.457486+09:00
Class Dossier,,,failed,False,2026-08-21T01:02:15.382494+09:00
Class Downpayment,,,failed,False,2026-08-27T21:48:04.359972+09:00
Class Draft,10.0,0.0,success,False,2026-08-19T20:41:10.828189+09:00
Class Due,20.0,0.0,success,False,2026-08-23T15:52:04.916947+09:00
Class Duty,210.0,1.0,success,False,2026-08-21T02:41:14.911892+09:00
Class Engine,30.0,1.0,success,False,2026-08-17T23:32:21.137516+09:00
Class Entry,110.0,0.0,success,False,2026-08-21T01:03:16.580684+09:00
Class Estimate,90.0,7.0,success,False,2026-08-19T21:09:59.006110+09:00
Class Excerpt,,,failed,False,2026-08-21T01:03:12.514083+09:00
Class Extension,260.0,15.0,success,False,2026-08-23T16:39:10.446274+09:00
Class Fare,1000.0,0.0,success,True,2026-08-21T02:10:45.957047+09:00
Class Fee,880.0,0.0,success,False,2026-08-21T01:54:48.965214+09:00
Class Feed,20.0,0.0,success,False,2026-08-19T20:41:00.818648+09:00
Class File,1600.0,0.0,success,True,2026-08-19T20:40:17.061535+09:00
Class Finder,1600.0,2.0,success,False,2026-08-19T00:04:18.277485+09:00
Class Fine,40.0,0.0,success,False,2026-08-23T02:55:35.353388+09:00
Class Flag,320.0,6.0,success,False,2026-08-21T00:30:25.028648+09:00
Class Flow,1900.0,1.0,success,False,2026-08-17T23:12:05.919804+09:00
Class Forge,20.0,0.0,success,False,2026-08-17T23:25:53.472363+09:00
Class Form,390.0,0.0,success,False,2026-08-19T13:24:17.578330+09:00
Class Format,140.0,0.0,success,False,2026-08-23T13:07:37.097248+09:00
Class Frame,320.0,96.0,success,False,2026-08-17T23:27:50.871251+09:00
Class Fund,3600.0,2.0,success,False,2026-08-21T02:25:59.297290+09:00
Class Gate,110.0,0.0,success,False,2026-08-17T23:14:25.326532+09:00
Class Generator,260.0,0.0,success,False,2026-08-27T23:35:16.240815+09:00
Class Giveaway,10.0,0.0,success,False,2026-08-27T21:17:10.879829+09:00
Class Grade,,,failed,False,2026-08-21T00:30:03.627747+09:00
Class Graph,390.0,0.0,success,False,2026-08-27T22:11:50.573955+09:00
Class Grid,720.0,0.0,success,False,2026-08-17T23:26:52.800903+09:00
Class Guarantee,,,failed,False,2026-08-28T01:07:01.226912+09:00
Class Guard,90.0,2.0,success,False,2026-08-17T23:23:43.975283+09:00
Class Guidebook,,,failed,False,2026-08-18T22:03:16.704658+09:00
Class Helper,320.0,2.0,success,False,2026-08-28T00:26:01.082990+09:00
Class History,260.0,0.0,success,False,2026-08-19T20:40:06.734480+09:00
Class Hotline,,,failed,False,2026-08-19T21:10:23.160245+09:00
Class Hub,590.0,2.0,success,False,2026-08-17T23:24:19.906640+09:00
Class Identifier,3600.0,0.0,success,True,2026-08-23T13:07:26.060181+09:00
Class Incentive,110.0,10.0,success,False,2026-08-27T21:17:07.956821+09:00
Class Index,90.0,0.0,success,False,2026-08-19T21:09:22.382807+09:00
Class Insight,,,failed,False,2026-08-17T23:33:03.029797+09:00
Class Installment,,,failed,False,2026-08-23T16:14:44.482791+09:00
Class Interest,90.0,0.0,success,False,2026-08-23T13:47:18.876098+09:00
Class Item,210.0,0.0,success,False,2026-08-21T01:54:53.118600+09:00
Class Journal,390.0,3.0,success,False,2026-08-18T22:02:54.576094+09:00
Class Keeper,210.0,100.0,success,False,2026-08-17T23:03:34.150622+09:00
Class Kit,1300.0,2.0,success,False,2026-08-27T22:49:02.475082+09:00
Class Lab,1300.0,1.0,success,False,2026-08-17T23:13:04.753315+09:00
Class Label,1000.0,19.0,success,False,2026-08-27T22:11:50.573955+09:00
Class Ledger,10.0,2.0,success,False,2026-08-17T23:11:28.950122+09:00
Class Lens,70.0,4.0,success,False,2026-08-17T23:09:54.812310+09:00
Class Level,880.0,0.0,success,False,2026-08-19T20:40:22.983274+09:00
Class Levy,,,failed,False,2026-08-23T13:47:23.462533+09:00
Class Link,1830000.0,0.0,success,True,2026-08-23T03:19:53.710314+09:00
Class List,14800.0,0.0,success,True,2026-08-19T21:53:13.442826+09:00
Class Loan,20.0,38.0,success,False,2026-08-21T02:10:51.896971+09:00
Class Locator,170.0,1.0,success,False,2026-08-19T00:04:07.444762+09:00
Class Lock,170.0,45.0,success,False,2026-08-17T23:15:02.433018+09:00
Class Log,6600.0,0.0,success,True,2026-08-19T13:24:10.018965+09:00
Class Loop,90.0,1.0,success,False,2026-08-17T23:06:24.757707+09:00
Class Manager,6600.0,23.0,success,False,2026-08-17T23:32:05.926406+09:00
Class Manual,70.0,0.0,success,False,2026-08-27T22:11:56.077657+09:00
Class Map,1000.0,0.0,success,True,2026-08-17T23:27:38.183762+09:00
Class Markup,,,failed,False,2026-08-23T16:39:07.006923+09:00
Class Memo,50.0,0.0,success,False,2026-08-21T00:30:11.509086+09:00
Class Message,320.0,1.0,success,False,2026-08-27T23:14:21.600576+09:00
Class Meter,40.0,1.0,success,False,2026-08-17T23:30:05.459796+09:00
Class Metrics,20.0,0.0,success,False,2026-08-17T23:14:05.238044+09:00
Class Monitor,9900.0,13.0,success,False,2026-08-17T23:07:07.612411+09:00
Class Navigator,2900.0,2.0,success,False,2026-08-17T23:33:25.716051+09:00
Class Nexus,20.0,0.0,success,False,2026-08-17T23:31:30.005121+09:00
Class Node,210.0,0.0,success,False,2026-08-17T23:31:12.330432+09:00
Class Note,12100.0,1.0,success,False,2026-08-19T13:25:22.323430+09:00
Class Notification,110.0,0.0,success,False,2026-08-27T22:48:58.866644+09:00
Class Number,1900.0,0.0,success,True,2026-08-23T03:19:44.954715+09:00
Class Office,480.0,8.0,success,False,2026-08-19T00:04:33.745752+09:00
Class Ops,,,failed,False,2026-08-17T23:10:33.409769+09:00
Class Order,1300.0,0.0,success,True,2026-08-19T21:52:20.652566+09:00
Class Organizer,140.0,48.0,success,False,2026-08-17T23:32:49.252049+09:00
Class Overage,,,failed,False,2026-08-27T21:48:04.359972+09:00
Class Overdue,,,failed,False,2026-08-27T21:47:58.388035+09:00
Class Panel,140.0,2.0,success,False,2026-08-17T23:29:49.351305+09:00
Class Path,2400.0,1.0,success,False,2026-08-17T23:08:11.112323+09:00
Class Payoff,,,failed,False,2026-08-27T21:48:00.691172+09:00
Class Penalty,,,failed,False,2026-08-23T16:39:07.006923+09:00
Class Petition,110.0,0.0,success,False,2026-08-21T01:02:11.159896+09:00
Class Pilot,1000.0,54.0,success,False,2026-08-17T23:06:45.787789+09:00
Class Plan,720.0,10.0,success,False,2026-08-21T01:55:03.003035+09:00
Class Planner,1900.0,15.0,success,False,2026-08-17T23:32:37.778770+09:00
Class Playbook,,,failed,False,2026-08-18T22:02:44.404885+09:00
Class Point,368000.0,3.0,success,False,2026-08-17T23:27:21.585941+09:00
Class Portal,1300.0,1.0,success,False,2026-08-17T23:29:34.686853+09:00
Class Preview,10.0,0.0,success,False,2026-08-28T01:06:54.096928+09:00
Class Profile,590.0,1.0,success,False,2026-08-19T13:25:58.679936+09:00
Class Profit,,,failed,False,2026-08-23T02:55:21.397263+09:00
Class Proposal,30.0,0.0,success,False,2026-08-28T01:06:58.788190+09:00
Class Pulse,140.0,3.0,success,False,2026-08-17T23:13:24.499414+09:00
Class Queue,90.0,0.0,success,False,2026-08-19T21:09:44.414904+09:00
Class Quota,210.0,3.0,success,False,2026-08-21T00:30:17.662990+09:00
Class Radar,10.0,0.0,success,False,2026-08-17T23:13:46.002975+09:00
Class Rail,1900.0,4.0,success,False,2026-08-17T23:30:33.375533+09:00
Class Rate,880.0,0.0,success,False,2026-08-19T20:40:32.306082+09:00
Class Recap,30.0,0.0,success,False,2026-08-21T01:03:06.374945+09:00
Class Receipt,20.0,0.0,success,False,2026-08-19T21:52:45.174751+09:00
Class Recorder,260.0,89.0,success,False,2026-08-27T23:35:16.240815+09:00
Class Redemption,,,failed,False,2026-08-23T16:39:10.446274+09:00
Class Register,9900.0,9.0,success,False,2026-08-17T23:23:24.651550+09:00
Class Registry,9900.0,9.0,success,False,2026-08-18T22:03:28.331445+09:00
Class Relay,480.0,4.0,success,False,2026-08-17T23:25:00.626086+09:00
Class Reminder,720.0,1.0,success,False,2026-08-19T21:08:54.298412+09:00
Class Report,1000.0,1.0,success,False,2026-08-19T13:23:46.954730+09:00
Class Repository,10.0,4.0,success,False,2026-08-27T23:14:33.058842+09:00
Class Roadmap,,,failed,False,2026-08-18T22:04:32.030179+09:00
Class Roster,6600.0,0.0,success,True,2026-08-19T00:23:43.046041+09:00
Class Route,140.0,1.0,success,False,2026-08-17T23:30:19.900529+09:00
Class Rule,14800.0,50.0,success,False,2026-08-23T03:19:56.707699+09:00
Class Sale,110.0,98.0,success,False,2026-08-21T02:26:06.975454+09:00
Class Sample,140.0,0.0,success,False,2026-08-19T21:53:57.995655+09:00
Class Scale,90.0,1.0,success,False,2026-08-17T23:11:11.238352+09:00
Class Scheduler,22200.0,1.0,success,False,2026-08-17T23:12:24.724350+09:00
Class Scope,90.0,0.0,success,False,2026-08-17T23:26:36.000104+09:00
Class Score,390.0,0.0,success,False,2026-08-19T13:25:08.614186+09:00
Class Sentry,,,failed,False,2026-08-17T23:31:45.267981+09:00
Class Sheet,320.0,1.0,success,False,2026-08-19T13:24:52.365790+09:00
Class Shortfall,,,failed,False,2026-08-27T21:48:07.167837+09:00
Class Signal,140.0,0.0,success,False,2026-08-17T23:26:22.390418+09:00
Class Slip,20.0,0.0,success,False,2026-08-19T21:53:47.413598+09:00
Class Slot,70.0,3.0,success,False,2026-08-19T21:54:10.446339+09:00
Class Snapshot,10.0,0.0,success,False,2026-08-18T22:03:05.761687+09:00
Class Stake,,,failed,False,2026-08-23T02:55:28.144750+09:00
Class Statement,50.0,0.0,success,False,2026-08-21T00:29:50.648703+09:00
Class Station,170.0,1.0,success,False,2026-08-17T23:28:58.984040+09:00
Class Status,590.0,0.0,success,False,2026-08-19T20:39:50.711958+09:00
Class Stipend,,,failed,False,2026-08-23T13:47:27.498118+09:00
Class Streak,,,failed,False,2026-08-28T00:48:02.582128+09:00
Class Stub,10.0,0.0,success,False,2026-08-21T00:29:43.441391+09:00
Class Studio,6600.0,10.0,success,False,2026-08-17T23:28:41.981102+09:00
Class Subsidy,,,failed,False,2026-08-23T15:52:07.033808+09:00
Class Suite,1900.0,10.0,success,False,2026-08-17T23:10:49.091693+09:00
Class Sum,30.0,0.0,success,False,2026-08-21T02:25:50.623607+09:00
Class Summary,170.0,0.0,success,False,2026-08-19T21:08:31.191170+09:00
Class Sync,30.0,0.0,success,False,2026-08-17T23:24:01.156266+09:00
Class Tab,720.0,1.0,success,False,2026-08-21T00:30:32.235715+09:00
Class Table,3600.0,17.0,success,False,2026-08-19T21:53:24.173556+09:00
Class Tag,1600.0,3.0,success,False,2026-08-19T13:25:50.130591+09:00
Class Tally,10.0,0.0,success,False,2026-08-21T00:29:55.538883+09:00
Class Tariff,,,failed,False,2026-08-21T02:41:24.321159+09:00
Class Tax,3600.0,26.0,success,False,2026-08-21T02:10:49.609792+09:00
Class Ticket,320.0,8.0,success,False,2026-08-19T21:09:32.906956+09:00
Class Tier,70.0,1.0,success,False,2026-08-28T00:48:05.704808+09:00
Class Timeline,70.0,1.0,success,False,2026-08-19T21:08:43.971729+09:00
Class Timer,74000.0,2.0,success,False,2026-08-28T00:25:53.963495+09:00
Class Toll,30.0,0.0,success,False,2026-08-21T02:41:18.531749+09:00
Class Toolbox,,,failed,False,2026-08-28T00:26:01.082990+09:00
Class Toolkit,10.0,0.0,success,False,2026-08-18T22:02:33.707465+09:00
Class Total,40.0,0.0,success,False,2026-08-27T23:14:27.057874+09:00
Class Tracker,880.0,6.0,success,False,2026-08-17T23:04:52.831664+09:00
Class Trail,40.0,0.0,success,False,2026-08-17T23:12:45.983083+09:00
Class Trend,110.0,0.0,success,False,2026-08-28T01:06:51.354656+09:00
Class Trial,880.0,0.0,success,False,2026-08-27T21:17:07.956821+09:00
Class Unit,90.0,0.0,success,False,2026-08-21T01:54:58.367500+09:00
Class Update,260.0,0.0,success,False,2026-08-19T20:40:40.887904+09:00
Class Value,4400.0,1.0,success,False,2026-08-23T02:55:24.224280+09:00
Class Vault,10.0,0.0,success,False,2026-08-17T23:08:30.361207+09:00
Class Version,30.0,0.0,success,False,2026-08-23T03:19:49.312069+09:00
Class View,590.0,1.0,success,False,2026-08-19T20:39:55.789733+09:00
Class Voucher,20.0,7.0,success,False,2026-08-21T00:29:27.962730+09:00
Class Wallet,60500.0,12.0,success,False,2026-08-27T22:49:02.475082+09:00
Class Watch,590.0,90.0,success,False,2026-08-17T23:11:50.330995+09:00
Class Wave,40.0,0.0,success,False,2026-08-17T23:27:06.990402+09:00
Class Widget,210.0,1.0,success,False,2026-08-27T23:14:27.057874+09:00
Class Workbench,,,failed,False,2026-08-18T21:06:03.853095+09:00
Class Worksheet,720.0,7.0,success,False,2026-08-27T22:12:02.778487+09:00
Class Zone,480.0,1.0,success,False,2026-08-17T23:14:44.117441+09:00
Classroom Advance,,,failed,False,2026-08-23T16:12:43.953628+09:00
Classroom Advisory,,,failed,False,2026-08-21T01:00:58.878918+09:00
Classroom Allowance,,,failed,False,2026-08-21T02:43:19.046773+09:00
Classroom Almanac,,,failed,False,2026-08-18T22:10:25.741480+09:00
Classroom Analyzer,,,failed,False,2026-08-27T23:57:16.212473+09:00
Classroom Anchor,,,failed,False,2026-08-17T21:41:49.444267+09:00
Classroom Announcement,480.0,0.0,success,False,2026-08-27T23:35:13.146180+09:00
Classroom Arrears,,,failed,False,2026-08-23T16:12:41.676987+09:00
Classroom Asset,,,failed,False,2026-08-23T13:45:46.037867+09:00
Classroom Assistant,1300.0,8.0,success,False,2026-08-17T23:23:36.709980+09:00
Classroom Atlas,140.0,46.0,success,False,2026-08-17T20:47:50.375793+09:00
Classroom Badge,,,failed,False,2026-08-21T00:25:45.592013+09:00
Classroom Base,260.0,0.0,success,False,2026-08-17T20:44:11.907751+09:00
Classroom Beacon,,,failed,False,2026-08-17T20:34:03.344800+09:00
Classroom Bill,,,failed,False,2026-08-19T22:01:51.400634+09:00
Classroom Blueprint,390.0,0.0,success,False,2026-08-18T22:10:16.418477+09:00
Classroom Board,6600.0,59.0,success,False,2026-08-17T20:41:41.231730+09:00
Classroom Book,880.0,53.0,success,False,2026-08-19T22:02:44.580219+09:00
Classroom Bridge,10.0,0.0,success,False,2026-08-18T07:52:10.902319+09:00
Classroom Brief,,,failed,False,2026-08-21T01:00:52.686966+09:00
Classroom Bulletin,90.0,72.0,success,False,2026-08-21T01:00:48.316316+09:00
Classroom Calendar,3600.0,100.0,success,False,2026-08-19T00:04:30.591993+09:00
Classroom Card,90.0,29.0,success,False,2026-08-19T13:38:33.395376+09:00
Classroom Cascade,,,failed,False,2026-08-17T20:31:55.017364+09:00
Classroom Cash,170.0,2.0,success,False,2026-08-21T02:27:13.658425+09:00
Classroom Catalog,30.0,49.0,success,False,2026-08-19T21:16:21.953049+09:00
Classroom Category,,,failed,False,2026-08-23T13:10:03.956535+09:00
Classroom Center,1500000.0,1.0,success,False,2026-08-17T20:36:20.228244+09:00
Classroom Chain,,,failed,False,2026-08-17T21:34:34.023181+09:00
Classroom Charge,,,failed,False,2026-08-21T02:43:10.515094+09:00
Classroom Check,50.0,6.0,success,False,2026-08-19T13:39:18.013288+09:00
Classroom Checker,,,failed,False,2026-08-27T23:57:12.985174+09:00
Classroom Checklist,260.0,87.0,success,False,2026-08-19T21:15:27.386619+09:00
Classroom Circular,,,failed,False,2026-08-21T01:02:29.218317+09:00
Classroom Cockpit,,,failed,False,2026-08-17T23:06:59.361333+09:00
Classroom Code,1600.0,1.0,success,False,2026-08-19T22:02:12.630536+09:00
Classroom Codex,,,failed,False,2026-08-18T22:10:41.322709+09:00
Classroom Companion,9900.0,7.0,success,False,2026-08-17T23:25:26.285868+09:00
Classroom Comparison,,,failed,False,2026-08-28T01:08:04.607830+09:00
Classroom Compass,2900.0,7.0,success,False,2026-08-17T20:34:55.202462+09:00
Classroom Compendium,,,failed,False,2026-08-18T22:10:32.480742+09:00
Classroom Confirmation,,,failed,False,2026-08-21T01:01:07.549578+09:00
Classroom Console,,,failed,False,2026-08-17T20:33:36.115262+09:00
Classroom Contribution,10.0,0.0,success,False,2026-08-23T16:12:37.758659+09:00
Classroom Core,50.0,0.0,success,False,2026-08-17T20:43:18.551816+09:00
Classroom Cost,10.0,4.0,success,False,2026-08-21T02:10:51.896971+09:00
Classroom Count,,,failed,False,2026-08-27T22:48:41.593169+09:00
Classroom Counter,170.0,1.0,success,False,2026-08-19T00:05:07.956398+09:00
Classroom Dashboard,480.0,7.0,success,False,2026-08-17T23:24:56.223636+09:00
Classroom Deal,,,failed,False,2026-08-21T01:54:32.681048+09:00
Classroom Debt,,,failed,False,2026-08-21T02:27:05.386441+09:00
Classroom Deck,30.0,0.0,success,False,2026-08-17T20:40:51.053535+09:00
Classroom Depot,10.0,54.0,success,False,2026-08-19T00:04:54.234777+09:00
Classroom Desk,6600.0,100.0,success,False,2026-08-17T20:38:40.859557+09:00
Classroom Detail,,,failed,False,2026-08-23T03:23:40.065475+09:00
Classroom Diagram,390.0,0.0,success,False,2026-08-27T22:10:19.864578+09:00
Classroom Dial,,,failed,False,2026-08-18T07:52:40.105947+09:00
Classroom Digest,,,failed,False,2026-08-19T20:41:13.496418+09:00
Classroom Directory,70.0,0.0,success,False,2026-08-19T00:04:35.680723+09:00
Classroom Discount,20.0,82.0,success,False,2026-08-23T16:12:35.033809+09:00
Classroom Dock,,,failed,False,2026-08-17T21:37:49.733247+09:00
Classroom Dossier,,,failed,False,2026-08-21T01:01:09.555377+09:00
Classroom Downpayment,,,failed,False,2026-08-27T21:46:52.310844+09:00
Classroom Draft,,,failed,False,2026-08-19T20:41:33.167361+09:00
Classroom Due,,,failed,False,2026-08-23T15:50:57.538266+09:00
Classroom Duty,720.0,6.0,success,False,2026-08-21T02:43:14.426169+09:00
Classroom Endowment,,,failed,False,2026-08-23T15:50:59.628265+09:00
Classroom Engine,,,failed,False,2026-08-17T22:50:34.703098+09:00
Classroom Entry,50.0,0.0,success,False,2026-08-21T01:01:20.027256+09:00
Classroom Estimate,,,failed,False,2026-08-19T21:16:09.798326+09:00
Classroom Fare,,,failed,False,2026-08-21T02:10:58.400903+09:00
Classroom Fee,,,failed,False,2026-08-21T01:54:12.034921+09:00
Classroom Feed,,,failed,False,2026-08-19T20:41:22.304179+09:00
Classroom File,50.0,12.0,success,False,2026-08-19T20:40:37.869711+09:00
Classroom Finder,590.0,0.0,success,False,2026-08-19T00:04:47.180412+09:00
Classroom Fine,,,failed,False,2026-08-23T02:57:40.926366+09:00
Classroom Flag,590.0,96.0,success,False,2026-08-21T00:26:25.580219+09:00
Classroom Flow,3600.0,0.0,success,True,2026-08-17T20:41:13.511022+09:00
Classroom Forge,,,failed,False,2026-08-17T20:33:01.756540+09:00
Classroom Form,590.0,0.0,success,False,2026-08-19T13:38:21.044998+09:00
Classroom Frame,90.0,45.0,success,False,2026-08-17T20:45:14.001779+09:00
Classroom Fund,260.0,16.0,success,False,2026-08-21T02:27:08.024014+09:00
Classroom Gate,50.0,34.0,success,False,2026-08-17T21:31:19.415531+09:00
Classroom Generator,140.0,4.0,success,False,2026-08-27T23:35:20.435817+09:00
Classroom Grade,,,failed,False,2026-08-21T00:26:10.737162+09:00
Classroom Graph,70.0,0.0,success,False,2026-08-27T22:10:01.202227+09:00
Classroom Grid,40.0,0.0,success,False,2026-08-17T21:35:08.893531+09:00
Classroom Guard,,,failed,False,2026-08-17T20:43:48.259554+09:00
Classroom Guardian,30.0,2.0,success,False,2026-08-28T00:26:26.682078+09:00
Classroom Guidebook,,,failed,False,2026-08-18T22:10:02.231985+09:00
Classroom Helpdesk,,,failed,False,2026-08-27T22:48:44.890397+09:00
Classroom Helper,590.0,14.0,success,False,2026-08-28T00:26:29.201404+09:00
Classroom History,70.0,0.0,success,False,2026-08-19T20:40:28.949050+09:00
Classroom Hotline,20.0,0.0,success,False,2026-08-19T21:16:33.965835+09:00
Classroom Hub,260.0,0.0,success,False,2026-08-17T20:40:29.235539+09:00
Classroom Identifier,,,failed,False,2026-08-23T13:10:01.579263+09:00
Classroom Index,,,failed,False,2026-08-19T21:15:38.736251+09:00
Classroom Insight,,,failed,False,2026-08-17T23:12:18.901964+09:00
Classroom Installment,,,failed,False,2026-08-23T16:12:37.758659+09:00
Classroom Item,1900.0,46.0,success,False,2026-08-21T01:54:19.939449+09:00
Classroom Journal,210.0,14.0,success,False,2026-08-18T22:09:44.783040+09:00
Classroom Keeper,30.0,100.0,success,False,2026-08-17T20:45:35.834234+09:00
Classroom Kit,110.0,87.0,success,False,2026-08-27T22:48:37.138670+09:00
Classroom Lab,480.0,0.0,success,False,2026-08-17T20:39:12.627798+09:00
Classroom Label,110.0,67.0,success,False,2026-08-27T22:10:01.202227+09:00
Classroom Layout,4400.0,1.0,success,False,2026-08-27T22:28:53.992967+09:00
Classroom Ledger,,,failed,False,2026-08-17T20:42:22.378966+09:00
Classroom Lens,,,failed,False,2026-08-17T20:45:58.318950+09:00
Classroom Level,40.0,1.0,success,False,2026-08-19T20:40:42.900088+09:00
Classroom Levy,,,failed,False,2026-08-23T13:45:46.037867+09:00
Classroom Link,3600.0,1.0,success,False,2026-08-23T03:23:34.197835+09:00
Classroom List,170.0,4.0,success,False,2026-08-19T22:02:22.489790+09:00
Classroom Loan,,,failed,False,2026-08-21T02:11:04.805408+09:00
Classroom Locator,50.0,0.0,success,False,2026-08-19T00:04:39.958803+09:00
Classroom Lock,1000.0,100.0,success,False,2026-08-17T20:48:29.594833+09:00
Classroom Log,550000.0,0.0,success,True,2026-08-19T13:38:06.946096+09:00
Classroom Loop,50.0,1.0,success,False,2026-08-17T21:36:12.498401+09:00
Classroom Manager,1000.0,8.0,success,False,2026-08-17T20:44:33.462366+09:00
Classroom Manual,20.0,26.0,success,False,2026-08-27T22:10:10.749365+09:00
Classroom Map,2400.0,48.0,success,False,2026-08-17T20:47:09.255931+09:00
Classroom Margin,,,failed,False,2026-08-23T02:57:40.926366+09:00
Classroom Marker,110.0,96.0,success,False,2026-08-23T13:26:22.288872+09:00
Classroom Memo,,,failed,False,2026-08-21T00:26:15.934316+09:00
Classroom Message,110.0,5.0,success,False,2026-08-27T23:14:03.822687+09:00
Classroom Meter,50.0,1.0,success,False,2026-08-18T07:52:49.362329+09:00
Classroom Metrics,,,failed,False,2026-08-17T23:24:36.078713+09:00
Classroom Monitor,590.0,16.0,success,False,2026-08-17T23:24:12.955458+09:00
Classroom Navigator,,,failed,False,2026-08-17T23:14:01.287138+09:00
Classroom Nexus,,,failed,False,2026-08-17T21:30:10.122952+09:00
Classroom Node,,,failed,False,2026-08-17T21:32:31.405261+09:00
Classroom Note,1900.0,0.0,success,True,2026-08-19T13:39:43.638809+09:00
Classroom Notification,1600.0,0.0,success,True,2026-08-27T22:48:34.491281+09:00
Classroom Number,590.0,34.0,success,False,2026-08-23T03:23:29.114948+09:00
Classroom Office,140.0,18.0,success,False,2026-08-19T00:04:59.396392+09:00
Classroom Ops,,,failed,False,2026-08-17T23:25:50.019139+09:00
Classroom Order,170.0,4.0,success,False,2026-08-19T22:01:42.804571+09:00
Classroom Organizer,2900.0,100.0,success,False,2026-08-17T23:05:09.501218+09:00
Classroom Overage,,,failed,False,2026-08-27T21:46:49.880048+09:00
Classroom Panel,110.0,65.0,success,False,2026-08-17T20:32:30.733040+09:00
Classroom Pass,320.0,95.0,success,False,2026-08-21T00:25:32.620138+09:00
Classroom Path,,,failed,False,2026-08-17T21:31:54.606698+09:00
Classroom Payoff,,,failed,False,2026-08-27T21:46:47.630562+09:00
Classroom Penalty,,,failed,False,2026-08-23T16:38:11.972867+09:00
Classroom Petition,,,failed,False,2026-08-21T01:01:03.307399+09:00
Classroom Pilot,50.0,2.0,success,False,2026-08-17T20:39:36.069990+09:00
Classroom Plan,1000.0,16.0,success,False,2026-08-21T01:54:29.413822+09:00
Classroom Planner,1000.0,16.0,success,False,2026-08-17T23:10:43.579186+09:00
Classroom Playbook,,,failed,False,2026-08-18T22:09:37.820706+09:00
Classroom Point,260.0,6.0,success,False,2026-08-17T21:30:45.538595+09:00
Classroom Portal,390.0,1.0,success,False,2026-08-17T20:34:31.529799+09:00
Classroom Preview,,,failed,False,2026-08-28T01:08:04.607830+09:00
Classroom Price,40.0,3.0,success,False,2026-08-21T02:10:55.409815+09:00
Classroom Profile,210.0,0.0,success,False,2026-08-19T13:40:14.970348+09:00
Classroom Profit,,,failed,False,2026-08-23T02:57:34.451765+09:00
Classroom Pulse,260.0,3.0,success,False,2026-08-17T21:34:03.414909+09:00
Classroom Queue,50.0,0.0,success,False,2026-08-19T21:16:00.282567+09:00
Classroom Quota,,,failed,False,2026-08-21T00:26:21.311990+09:00
Classroom Radar,,,failed,False,2026-08-17T20:37:51.221015+09:00
Classroom Rail,,,failed,False,2026-08-17T21:36:40.900045+09:00
Classroom Rate,,,failed,False,2026-08-19T20:40:53.028403+09:00
Classroom Recap,,,failed,False,2026-08-21T01:01:13.751057+09:00
Classroom Receipt,,,failed,False,2026-08-19T22:01:59.739197+09:00
Classroom Recorder,90.0,82.0,success,False,2026-08-27T23:35:20.435817+09:00
Classroom Register,140.0,35.0,success,False,2026-08-17T23:08:46.290392+09:00
Classroom Registry,140.0,35.0,success,False,2026-08-18T22:10:08.621452+09:00
Classroom Relay,8100.0,4.0,success,False,2026-08-17T20:36:52.122948+09:00
Classroom Reminder,140.0,20.0,success,False,2026-08-19T21:15:17.337039+09:00
Classroom Report,90.0,0.0,success,False,2026-08-19T13:37:50.110679+09:00
Classroom Repository,,,failed,False,2026-08-27T23:14:15.197354+09:00
Classroom Roadmap,,,failed,False,2026-08-18T22:10:48.955418+09:00
Classroom Roster,210.0,5.0,success,False,2026-08-19T00:38:32.004718+09:00
Classroom Route,,,failed,False,2026-08-17T21:39:13.221117+09:00
Classroom Rule,74000.0,57.0,success,False,2026-08-23T03:23:37.132752+09:00
Classroom Sale,30.0,90.0,success,False,2026-08-21T02:27:19.706336+09:00
Classroom Scale,90.0,92.0,success,False,2026-08-17T21:41:19.053416+09:00
Classroom Scheduler,1600.0,99.0,success,False,2026-08-17T23:23:55.589084+09:00
Classroom Scope,,,failed,False,2026-08-17T21:37:10.762781+09:00
Classroom Score,,,failed,False,2026-08-19T13:39:34.156572+09:00
Classroom Sentry,,,failed,False,2026-08-17T20:46:29.220439+09:00
Classroom Sheet,90.0,5.0,success,False,2026-08-19T13:38:58.073256+09:00
Classroom Shortfall,,,failed,False,2026-08-27T21:46:52.310844+09:00
Classroom Signal,20.0,0.0,success,False,2026-08-17T21:40:01.418165+09:00
Classroom Signature,,,failed,False,2026-08-23T13:26:19.905298+09:00
Classroom Slip,,,failed,False,2026-08-19T22:02:52.701278+09:00
Classroom Slot,10.0,0.0,success,False,2026-08-19T22:03:11.253996+09:00
Classroom Snapshot,20.0,3.0,success,False,2026-08-18T22:09:54.168922+09:00
Classroom Stake,,,failed,False,2026-08-23T02:57:38.722026+09:00
Classroom Stamp,110.0,100.0,success,False,2026-08-23T13:26:25.215433+09:00
Classroom Statement,10.0,0.0,success,False,2026-08-21T00:26:00.566845+09:00
Classroom Station,480.0,3.0,success,False,2026-08-17T20:38:14.865229+09:00
Classroom Status,110.0,0.0,success,False,2026-08-19T20:40:13.253783+09:00
Classroom Streak,,,failed,False,2026-08-28T00:48:18.570201+09:00
Classroom Stub,,,failed,False,2026-08-21T00:25:52.909138+09:00
Classroom Studio,5400.0,1.0,success,False,2026-08-17T20:40:05.754832+09:00
Classroom Subsidy,,,failed,False,2026-08-23T15:50:57.538266+09:00
Classroom Suite,70.0,0.0,success,False,2026-08-17T23:33:38.106132+09:00
Classroom Sum,,,failed,False,2026-08-21T02:26:59.463760+09:00
Classroom Summary,,,failed,False,2026-08-19T21:14:51.947092+09:00
Classroom Surtax,,,failed,False,2026-08-23T15:51:01.656182+09:00
Classroom Sync,,,failed,False,2026-08-17T20:42:02.791525+09:00
Classroom Table,2400.0,99.0,success,False,2026-08-19T22:02:31.549197+09:00
Classroom Tag,70.0,11.0,success,False,2026-08-19T13:39:57.462867+09:00
Classroom Tally,,,failed,False,2026-08-21T00:26:05.533599+09:00
Classroom Tariff,,,failed,False,2026-08-21T02:43:21.598191+09:00
Classroom Tax,,,failed,False,2026-08-21T02:11:01.471090+09:00
Classroom Ticket,110.0,66.0,success,False,2026-08-19T21:15:49.735937+09:00
Classroom Tier,110000.0,16.0,success,False,2026-08-28T00:48:21.370495+09:00
Classroom Timeline,140.0,64.0,success,False,2026-08-19T21:15:04.533430+09:00
Classroom Timer,110000.0,16.0,success,False,2026-08-28T00:26:20.204001+09:00
Classroom Token,,,failed,False,2026-08-23T13:26:17.496993+09:00
Classroom Toll,,,failed,False,2026-08-21T02:43:16.744782+09:00
Classroom Toolbox,50.0,80.0,success,False,2026-08-28T00:26:26.682078+09:00
Classroom Toolkit,40.0,4.0,success,False,2026-08-18T22:09:30.106481+09:00
Classroom Total,,,failed,False,2026-08-27T23:14:08.485077+09:00
Classroom Tracker,90.0,13.0,success,False,2026-08-17T20:42:50.595044+09:00
Classroom Trail,,,failed,False,2026-08-17T21:35:41.309233+09:00
Classroom Trial,30.0,0.0,success,False,2026-08-27T21:15:40.330625+09:00
Classroom Unit,390.0,92.0,success,False,2026-08-21T01:54:24.486907+09:00
Classroom Update,110.0,0.0,success,False,2026-08-19T20:41:06.982103+09:00
Classroom Value,,,failed,False,2026-08-23T02:57:36.512424+09:00
Classroom Vault,20.0,1.0,success,False,2026-08-17T20:35:52.510868+09:00
Classroom Version,20.0,0.0,success,False,2026-08-23T03:23:31.641874+09:00
Classroom View,260.0,1.0,success,False,2026-08-19T20:40:20.062336+09:00
Classroom Voucher,10.0,63.0,success,False,2026-08-21T00:25:38.806657+09:00
Classroom Watch,90.0,13.0,success,False,2026-08-17T21:38:24.477715+09:00
Classroom Wave,,,failed,False,2026-08-17T21:33:05.832312+09:00
Classroom Widget,210.0,4.0,success,False,2026-08-27T23:14:12.324093+09:00
Classroom Workbench,,,failed,False,2026-08-18T22:09:21.781956+09:00
Classroom Worksheet,720.0,23.0,success,False,2026-08-27T22:10:16.912585+09:00
Classroom Workshop,110.0,1.0,success,False,2026-08-28T00:26:22.903465+09:00
Classroom Zone,140.0,0.0,success,False,2026-08-17T20:35:22.813816+09:00
Clause Advisory,,,failed,False,2026-08-21T01:08:15.676788+09:00
Clause Allowance,,,failed,False,2026-08-21T02:36:37.228119+09:00
Clause Almanac,,,failed,False,2026-08-18T22:07:33.444344+09:00
Clause Analyzer,,,failed,False,2026-08-27T23:53:42.609151+09:00
Clause Anchor,,,failed,False,2026-08-17T20:38:53.767345+09:00
Clause Assistant,,,failed,False,2026-08-17T23:24:23.365405+09:00
Clause Atlas,,,failed,False,2026-08-17T21:39:25.145394+09:00
Clause Attribute,,,failed,False,2026-08-23T13:05:12.905502+09:00
Clause Base,70.0,43.0,success,False,2026-08-17T21:35:18.423759+09:00
Clause Beacon,,,failed,False,2026-08-17T20:42:11.427186+09:00
Clause Bill,,,failed,False,2026-08-19T22:00:55.317910+09:00
Clause Blueprint,,,failed,False,2026-08-18T22:07:24.351116+09:00
Clause Board,,,failed,False,2026-08-17T21:32:05.797514+09:00
Clause Book,30.0,3.0,success,False,2026-08-19T22:01:48.957551+09:00
Clause Bridge,,,failed,False,2026-08-17T20:39:49.091027+09:00
Clause Brief,,,failed,False,2026-08-21T01:08:06.645069+09:00
Clause Bulletin,,,failed,False,2026-08-21T01:08:00.929637+09:00
Clause Cabinet,,,failed,False,2026-08-27T23:11:47.149537+09:00
Clause Calendar,,,failed,False,2026-08-19T00:04:11.501446+09:00
Clause Card,,,failed,False,2026-08-19T13:30:10.449633+09:00
Clause Cascade,,,failed,False,2026-08-17T20:40:36.395454+09:00
Clause Cash,,,failed,False,2026-08-21T02:30:57.020640+09:00
Clause Catalog,,,failed,False,2026-08-19T21:18:07.179482+09:00
Clause Category,,,failed,False,2026-08-23T13:05:09.962757+09:00
Clause Center,,,failed,False,2026-08-17T20:44:21.106446+09:00
Clause Chain,,,failed,False,2026-08-17T20:33:47.539654+09:00
Clause Charge,,,failed,False,2026-08-21T02:45:38.713397+09:00
Clause Check,,,failed,False,2026-08-19T13:30:45.657035+09:00
Clause Checker,20.0,7.0,success,False,2026-08-27T23:53:36.797572+09:00
Clause Checklist,,,failed,False,2026-08-19T21:17:21.944279+09:00
Clause Circular,,,failed,False,2026-08-21T01:08:10.104042+09:00
Clause Cockpit,,,failed,False,2026-08-17T23:15:22.052615+09:00
Clause Code,3350000.0,22.0,success,False,2026-08-19T22:01:17.483163+09:00
Clause Codex,20.0,3.0,success,False,2026-08-18T22:07:49.432223+09:00
Clause Companion,10.0,,success,False,2026-08-17T23:26:10.639676+09:00
Clause Comparison,,,failed,False,2026-08-28T01:04:09.060597+09:00
Clause Compass,,,failed,False,2026-08-17T20:43:01.991108+09:00
Clause Compendium,,,failed,False,2026-08-18T22:07:40.431986+09:00
Clause Confirmation,,,failed,False,2026-08-21T01:08:23.538465+09:00
Clause Console,20.0,4.0,success,False,2026-08-17T20:41:50.983322+09:00
Clause Converter,,,failed,False,2026-08-27T23:33:37.262266+09:00
Clause Core,,,failed,False,2026-08-17T21:34:17.965302+09:00
Clause Cost,90.0,1.0,success,False,2026-08-21T02:14:50.093035+09:00
Clause Count,,,failed,False,2026-08-27T22:46:36.036918+09:00
Clause Counter,30.0,0.0,success,False,2026-08-19T00:04:50.750995+09:00
Clause Dashboard,,,failed,False,2026-08-17T23:25:55.806145+09:00
Clause Deal,10.0,0.0,success,False,2026-08-21T01:59:29.977509+09:00
Clause Debt,,,failed,False,2026-08-21T02:30:47.137745+09:00
Clause Deck,,,failed,False,2026-08-17T21:30:57.458125+09:00
Clause Depot,,,failed,False,2026-08-19T00:04:38.069566+09:00
Clause Desk,,,failed,False,2026-08-17T20:46:49.856300+09:00
Clause Detail,,,failed,False,2026-08-23T03:15:22.651664+09:00
Clause Detector,10.0,29.0,success,False,2026-08-27T23:53:39.725939+09:00
Clause Diagram,50.0,0.0,success,False,2026-08-27T22:08:46.567667+09:00
Clause Dial,,,failed,False,2026-08-17T20:40:15.034726+09:00
Clause Digest,,,failed,False,2026-08-19T20:45:14.737555+09:00
Clause Directory,,,failed,False,2026-08-19T00:04:18.277485+09:00
Clause Dock,,,failed,False,2026-08-17T20:36:35.862750+09:00
Clause Dossier,,,failed,False,2026-08-21T01:08:27.933703+09:00
Clause Draft,,,failed,False,2026-08-19T20:45:32.308725+09:00
Clause Duty,,,failed,False,2026-08-21T02:45:41.299406+09:00
Clause Engine,,,failed,False,2026-08-17T23:12:08.094400+09:00
Clause Entry,,,failed,False,2026-08-21T01:08:40.341221+09:00
Clause Estimate,,,failed,False,2026-08-19T21:17:57.500423+09:00
Clause Excerpt,,,failed,False,2026-08-21T01:08:36.289589+09:00
Clause Extension,50.0,1.0,success,False,2026-08-23T16:37:47.617319+09:00
Clause Fare,,,failed,False,2026-08-21T02:15:06.129671+09:00
Clause Fee,,,failed,False,2026-08-21T01:59:20.402285+09:00
Clause Feed,,,failed,False,2026-08-19T20:45:21.816276+09:00
Clause File,,,failed,False,2026-08-19T20:44:44.192245+09:00
Clause Finder,20.0,3.0,success,False,2026-08-19T00:04:33.745752+09:00
Clause Fine,,,failed,False,2026-08-23T02:52:33.355566+09:00
Clause Flag,,,failed,False,2026-08-21T00:35:23.760596+09:00
Clause Flow,10.0,0.0,success,False,2026-08-17T21:31:33.014186+09:00
Clause Forge,,,failed,False,2026-08-17T20:41:20.787117+09:00
Clause Form,210.0,0.0,success,False,2026-08-19T13:30:02.018673+09:00
Clause Format,260.0,0.0,success,False,2026-08-23T13:05:17.487653+09:00
Clause Frame,,,failed,False,2026-08-17T21:36:26.445152+09:00
Clause Fund,,,failed,False,2026-08-21T02:30:51.336298+09:00
Clause Gate,,,failed,False,2026-08-18T07:52:58.974940+09:00
Clause Generator,10.0,24.0,success,False,2026-08-27T23:33:37.262266+09:00
Clause Graph,,,failed,False,2026-08-27T22:08:33.849782+09:00
Clause Grid,,,failed,False,2026-08-17T20:34:16.019094+09:00
Clause Guard,40.0,1.0,success,False,2026-08-17T21:34:50.586670+09:00
Clause Guardian,,,failed,False,2026-08-28T00:23:28.806149+09:00
Clause Guidebook,,,failed,False,2026-08-18T22:07:07.445674+09:00
Clause Helpdesk,,,failed,False,2026-08-27T22:46:40.495541+09:00
Clause Helper,,,failed,False,2026-08-28T00:23:35.070799+09:00
Clause History,,,failed,False,2026-08-19T20:44:32.627645+09:00
Clause Hotline,,,failed,False,2026-08-19T21:18:17.728493+09:00
Clause Hub,,,failed,False,2026-08-17T21:30:24.502544+09:00
Clause Identifier,90.0,0.0,success,False,2026-08-23T13:05:07.059909+09:00
Clause Index,,,failed,False,2026-08-19T21:17:31.409694+09:00
Clause Insight,,,failed,False,2026-08-17T23:08:34.451093+09:00
Clause Item,,,failed,False,2026-08-21T01:59:21.644967+09:00
Clause Journal,,,failed,False,2026-08-18T22:06:52.142585+09:00
Clause Keeper,,,failed,False,2026-08-17T21:36:52.396982+09:00
Clause Kit,,,failed,False,2026-08-27T22:46:29.671446+09:00
Clause Lab,,,failed,False,2026-08-17T20:47:25.656493+09:00
Clause Label,,,failed,False,2026-08-27T22:08:36.718327+09:00
Clause Ledger,,,failed,False,2026-08-17T21:33:17.550972+09:00
Clause Lens,10.0,0.0,success,False,2026-08-17T21:37:30.311680+09:00
Clause Level,20.0,0.0,success,False,2026-08-19T20:44:50.684915+09:00
Clause Link,,,failed,False,2026-08-23T03:15:10.473494+09:00
Clause List,140.0,0.0,success,False,2026-08-19T22:01:27.807092+09:00
Clause Loan,10.0,0.0,success,False,2026-08-21T02:15:15.095648+09:00
Clause Locator,,,failed,False,2026-08-19T00:04:28.645558+09:00
Clause Lock,,,failed,False,2026-08-17T21:40:51.783967+09:00
Clause Locker,,,failed,False,2026-08-19T00:23:43.046041+09:00
Clause Log,,,failed,False,2026-08-19T13:29:52.884526+09:00
Clause Loop,10.0,2.0,success,False,2026-08-17T20:35:08.080059+09:00
Clause Manager,,,failed,False,2026-08-17T21:35:52.306880+09:00
Clause Manual,,,failed,False,2026-08-27T22:08:41.770881+09:00
Clause Map,,,failed,False,2026-08-17T21:38:35.218560+09:00
Clause Markup,,,failed,False,2026-08-23T16:37:42.888726+09:00
Clause Memo,,,failed,False,2026-08-21T00:35:16.287713+09:00
Clause Meter,,,failed,False,2026-08-17T20:39:20.129592+09:00
Clause Metrics,,,failed,False,2026-08-17T23:25:39.196440+09:00
Clause Monitor,,,failed,False,2026-08-17T23:25:05.910381+09:00
Clause Navigator,,,failed,False,2026-08-17T23:10:15.371250+09:00
Clause Nexus,,,failed,False,2026-08-17T21:41:31.698252+09:00
Clause Node,,,failed,False,2026-08-17T20:31:33.560642+09:00
Clause Note,,,failed,False,2026-08-19T13:31:00.342217+09:00
Clause Notification,,,failed,False,2026-08-27T22:46:29.671446+09:00
Clause Number,210.0,0.0,success,False,2026-08-23T03:15:03.447052+09:00
Clause Office,,,failed,False,2026-08-19T00:04:44.561310+09:00
Clause Ops,,,failed,False,2026-08-17T23:26:24.551704+09:00
Clause Order,50.0,0.0,success,False,2026-08-19T22:00:47.598420+09:00
Clause Organizer,,,failed,False,2026-08-17T23:13:46.002975+09:00
Clause Panel,,,failed,False,2026-08-17T20:41:00.568700+09:00
Clause Path,,,failed,False,2026-08-18T07:52:25.028656+09:00
Clause Penalty,,,failed,False,2026-08-23T16:37:42.888726+09:00
Clause Petition,,,failed,False,2026-08-21T01:08:18.401082+09:00
Clause Pilot,50.0,19.0,success,False,2026-08-17T20:48:06.680156+09:00
Clause Plan,10.0,3.0,success,False,2026-08-21T02:05:44.847740+09:00
Clause Planner,,,failed,False,2026-08-17T23:06:48.111245+09:00
Clause Playbook,,,failed,False,2026-08-18T22:06:43.515975+09:00
Clause Point,10.0,21.0,success,False,2026-08-18T07:52:33.463903+09:00
Clause Portal,10.0,0.0,success,False,2026-08-17T20:42:36.789908+09:00
Clause Preview,,,failed,False,2026-08-28T01:04:09.060597+09:00
Clause Profile,,,failed,False,2026-08-19T13:31:17.650623+09:00
Clause Proposal,,,failed,False,2026-08-28T01:04:11.555424+09:00
Clause Pulse,,,failed,False,2026-08-17T20:33:16.020559+09:00
Clause Queue,,,failed,False,2026-08-19T21:17:49.852730+09:00
Clause Radar,,,failed,False,2026-08-17T20:45:48.787557+09:00
Clause Rail,,,failed,False,2026-08-17T20:35:38.392873+09:00
Clause Rate,,,failed,False,2026-08-19T20:44:56.793146+09:00
Clause Recap,,,failed,False,2026-08-21T01:08:31.890939+09:00
Clause Receipt,,,failed,False,2026-08-19T22:01:05.588899+09:00
Clause Register,,,failed,False,2026-08-17T23:04:36.399044+09:00
Clause Registry,,,failed,False,2026-08-18T22:07:16.682645+09:00
Clause Relay,,,failed,False,2026-08-17T20:44:45.631544+09:00
Clause Reminder,10.0,,success,False,2026-08-19T21:17:11.439811+09:00
Clause Report,,,failed,False,2026-08-19T13:29:35.607135+09:00
Clause Repository,,,failed,False,2026-08-27T23:11:50.094156+09:00
Clause Roadmap,,,failed,False,2026-08-18T22:07:55.686998+09:00
Clause Roster,,,failed,False,2026-08-19T00:37:02.474717+09:00
Clause Route,,,failed,False,2026-08-17T20:37:32.011303+09:00
Clause Rule,260.0,0.0,success,False,2026-08-23T03:15:14.062371+09:00
Clause Sale,,,failed,False,2026-08-21T02:30:59.342931+09:00
Clause Sample,12100.0,0.0,success,True,2026-08-19T22:02:09.365210+09:00
Clause Scale,,,failed,False,2026-08-17T20:38:24.877008+09:00
Clause Scanner,,,failed,False,2026-08-27T23:53:39.725939+09:00
Clause Scheduler,,,failed,False,2026-08-17T23:24:49.201687+09:00
Clause Scope,,,failed,False,2026-08-17T20:36:06.570384+09:00
Clause Score,,,failed,False,2026-08-19T13:30:50.408917+09:00
Clause Sentry,,,failed,False,2026-08-17T21:38:03.717082+09:00
Clause Sheet,,,failed,False,2026-08-19T13:30:35.292295+09:00
Clause Signal,,,failed,False,2026-08-17T20:38:03.705761+09:00
Clause Signature,,,failed,False,2026-08-23T13:26:40.982312+09:00
Clause Slip,,,failed,False,2026-08-19T22:01:57.019761+09:00
Clause Slot,,,failed,False,2026-08-19T22:02:19.043714+09:00
Clause Snapshot,,,failed,False,2026-08-18T22:06:59.160335+09:00
Clause Stamp,,,failed,False,2026-08-23T13:26:43.446955+09:00
Clause Statement,90.0,0.0,success,False,2026-08-21T00:35:11.745138+09:00
Clause Station,,,failed,False,2026-08-17T20:46:12.433556+09:00
Clause Status,110.0,0.0,success,False,2026-08-19T20:44:19.706681+09:00
Clause Studio,10.0,0.0,success,False,2026-08-17T20:48:40.258747+09:00
Clause Suite,,,failed,False,2026-08-17T23:24:03.266981+09:00
Clause Sum,,,failed,False,2026-08-21T02:30:41.751111+09:00
Clause Summary,,,failed,False,2026-08-19T21:16:45.147013+09:00
Clause Sync,,,failed,False,2026-08-17T21:32:45.123730+09:00
Clause Table,70.0,0.0,success,False,2026-08-19T22:01:39.954435+09:00
Clause Tag,10.0,0.0,success,False,2026-08-19T13:31:05.950766+09:00
Clause Tariff,,,failed,False,2026-08-21T02:36:41.492996+09:00
Clause Tax,,,failed,False,2026-08-21T02:15:10.297403+09:00
Clause Ticket,,,failed,False,2026-08-19T21:17:38.869284+09:00
Clause Timeline,,,failed,False,2026-08-19T21:16:57.743794+09:00
Clause Timer,,,failed,False,2026-08-28T00:23:26.429201+09:00
Clause Toll,,,failed,False,2026-08-21T02:36:33.361411+09:00
Clause Toolbox,,,failed,False,2026-08-28T00:23:32.387348+09:00
Clause Toolkit,,,failed,False,2026-08-18T22:06:31.917725+09:00
Clause Tracker,10.0,0.0,success,False,2026-08-17T21:33:42.291802+09:00
Clause Trail,,,failed,False,2026-08-17T20:34:38.143389+09:00
Clause Trend,,,failed,False,2026-08-28T01:04:04.391433+09:00
Clause Trial,10.0,12.0,success,False,2026-08-27T21:14:33.237385+09:00
Clause Unit,,,failed,False,2026-08-21T01:59:26.364386+09:00
Clause Update,10.0,0.0,success,False,2026-08-19T20:45:10.019254+09:00
Clause Value,,,failed,False,2026-08-23T02:52:28.484811+09:00
Clause Vault,,,failed,False,2026-08-17T20:43:58.581518+09:00
Clause Version,,,failed,False,2026-08-23T03:15:06.713636+09:00
Clause View,,,failed,False,2026-08-19T20:44:26.671038+09:00
Clause Watch,9900.0,100.0,success,False,2026-08-17T20:37:03.531282+09:00
Clause Wave,,,failed,False,2026-08-17T20:32:07.300250+09:00
Clause Widget,,,failed,False,2026-08-27T23:11:47.149537+09:00
Clause Workbench,,,failed,False,2026-08-18T22:06:23.871734+09:00
Clause Worksheet,880.0,0.0,success,False,2026-08-27T22:08:41.770881+09:00
Clause Workshop,,,failed,False,2026-08-28T00:23:26.429201+09:00
Clause Zone,,,failed,False,2026-08-17T20:43:30.530213+09:00
Client Advance,,,failed,False,2026-08-23T16:12:26.242265+09:00
Client Advisory,210.0,1.0,success,False,2026-08-21T00:58:42.850183+09:00
Client Allowance,,,failed,False,2026-08-21T02:40:43.977421+09:00
Client Almanac,,,failed,False,2026-08-18T23:50:38.279392+09:00
Client Analyzer,70.0,5.0,success,False,2026-08-27T23:53:16.393422+09:00
Client Anchor,10.0,0.0,success,False,2026-08-17T23:31:38.790135+09:00
Client Arrears,,,failed,False,2026-08-23T16:12:26.242265+09:00
Client Asset,140.0,2.0,success,False,2026-08-23T13:45:20.654502+09:00
Client Assistant,480.0,5.0,success,False,2026-08-17T23:27:45.087946+09:00
Client Atlas,49500.0,0.0,success,True,2026-08-17T23:27:00.420532+09:00
Client Attribute,,,failed,False,2026-08-23T13:08:40.061584+09:00
Client Badge,,,failed,False,2026-08-21T00:25:02.156940+09:00
Client Balance,20.0,1.0,success,False,2026-08-23T13:48:10.648745+09:00
Client Base,1900.0,3.0,success,False,2026-08-17T23:33:20.357749+09:00
Client Beacon,,,failed,False,2026-08-17T23:30:56.654699+09:00
Client Bill,320.0,5.0,success,False,2026-08-19T21:53:40.177257+09:00
Client Blueprint,,,failed,False,2026-08-18T23:50:38.279392+09:00
Client Board,590.0,0.0,success,False,2026-08-17T22:49:21.662634+09:00
Client Book,720.0,47.0,success,False,2026-08-19T21:54:37.434657+09:00
Client Bridge,480.0,14.0,success,False,2026-08-17T23:14:36.904616+09:00
Client Brief,1600.0,1.0,success,False,2026-08-21T00:58:34.367334+09:00
Client Bulletin,10.0,0.0,success,False,2026-08-21T00:58:30.042414+09:00
Client Cabinet,40.0,5.0,success,False,2026-08-27T23:11:04.616430+09:00
Client Calendar,110.0,48.0,success,False,2026-08-19T00:02:04.506577+09:00
Client Card,590.0,38.0,success,False,2026-08-19T13:23:22.980764+09:00
Client Cascade,,,failed,False,2026-08-17T23:31:21.435106+09:00
Client Cash,10.0,1.0,success,False,2026-08-21T02:23:55.522760+09:00
Client Cashback,,,failed,False,2026-08-27T21:12:51.148194+09:00
Client Catalog,,,failed,False,2026-08-19T21:07:49.558493+09:00
Client Category,110.0,0.0,success,False,2026-08-23T13:08:36.933873+09:00
Client Center,1600.0,1.0,success,False,2026-08-17T23:12:17.050075+09:00
Client Chain,,,failed,False,2026-08-17T23:04:42.962346+09:00
Client Charge,10.0,7.0,success,False,2026-08-21T02:40:30.595557+09:00
Client Check,170.0,2.0,success,False,2026-08-19T13:23:50.629735+09:00
Client Checker,170.0,2.0,success,False,2026-08-27T23:53:07.557701+09:00
Client Checklist,90.0,5.0,success,False,2026-08-19T21:06:56.055921+09:00
Client Circular,,,failed,False,2026-08-21T01:00:03.837469+09:00
Client Cockpit,,,failed,False,2026-08-17T23:06:14.261884+09:00
Client Code,1000.0,0.0,success,True,2026-08-19T21:54:03.410939+09:00
Client Codex,50.0,2.0,success,False,2026-08-18T23:50:38.279392+09:00
Client Companion,,,failed,False,2026-08-17T23:29:05.712614+09:00
Client Compass,40.0,1.0,success,False,2026-08-17T23:12:59.903146+09:00
Client Compendium,,,failed,False,2026-08-18T23:50:38.279392+09:00
Client Confirmation,90.0,0.0,success,False,2026-08-21T00:58:52.318728+09:00
Client Console,260.0,2.0,success,False,2026-08-17T23:24:54.415182+09:00
Client Contribution,50.0,0.0,success,False,2026-08-23T16:12:24.179825+09:00
Client Core,140.0,1.0,success,False,2026-08-17T23:09:00.584407+09:00
Client Cost,20.0,0.0,success,False,2026-08-21T02:07:11.746620+09:00
Client Count,90.0,0.0,success,False,2026-08-27T22:45:28.853044+09:00
Client Counter,90.0,0.0,success,False,2026-08-19T00:02:51.849711+09:00
Client Coupon,,,failed,False,2026-08-27T21:12:46.088803+09:00
Client Dashboard,880.0,22.0,success,False,2026-08-17T23:28:48.980231+09:00
Client Deal,210.0,0.0,success,False,2026-08-21T01:53:18.147315+09:00
Client Debt,10.0,8.0,success,False,2026-08-21T02:23:48.995246+09:00
Client Deck,140.0,5.0,success,False,2026-08-17T23:23:32.991705+09:00
Client Depot,,,failed,False,2026-08-19T00:02:36.291033+09:00
Client Desk,1000.0,2.0,success,False,2026-08-17T23:11:21.548397+09:00
Client Detail,880.0,1.0,success,False,2026-08-23T03:21:22.362914+09:00
Client Detector,40.0,0.0,success,False,2026-08-27T23:53:12.173263+09:00
Client Dial,,,failed,False,2026-08-17T23:25:24.044948+09:00
Client Digest,,,failed,False,2026-08-19T20:38:46.605593+09:00
Client Directory,110.0,4.0,success,False,2026-08-19T00:02:12.644181+09:00
Client Discount,40.0,18.0,success,False,2026-08-23T16:12:20.898327+09:00
Client Dock,10.0,0.0,success,False,2026-08-17T23:26:02.617332+09:00
Client Dossier,70.0,5.0,success,False,2026-08-21T00:58:57.845239+09:00
Client Draft,,,failed,False,2026-08-19T20:39:07.135209+09:00
Client Due,10.0,20.0,success,False,2026-08-23T15:50:38.471158+09:00
Client Duty,,,failed,False,2026-08-21T02:40:33.895660+09:00
Client Endowment,,,failed,False,2026-08-23T15:50:44.796371+09:00
Client Engine,30.0,3.0,success,False,2026-08-17T23:15:12.775041+09:00
Client Entry,10.0,0.0,success,False,2026-08-21T00:59:10.591896+09:00
Client Estimate,,,failed,False,2026-08-19T21:07:38.685875+09:00
Client Estimator,,,failed,False,2026-08-27T23:53:00.851680+09:00
Client Excerpt,,,failed,False,2026-08-21T00:59:06.391670+09:00
Client Fare,,,failed,False,2026-08-21T02:07:20.173569+09:00
Client Fee,70.0,0.0,success,False,2026-08-21T01:52:58.378871+09:00
Client Feed,10.0,2.0,success,False,2026-08-19T20:38:57.092601+09:00
Client Field,20.0,0.0,success,False,2026-08-23T13:08:42.186526+09:00
Client File,480.0,20.0,success,False,2026-08-19T20:38:10.418620+09:00
Client Finder,590.0,70.0,success,False,2026-08-19T00:02:27.896414+09:00
Client Fine,,,failed,False,2026-08-23T02:55:57.484668+09:00
Client Flag,,,failed,False,2026-08-21T00:25:52.909138+09:00
Client Flow,590.0,11.0,success,False,2026-08-17T23:29:58.873666+09:00
Client Forge,70.0,0.0,success,False,2026-08-17T23:07:41.199314+09:00
Client Form,480.0,18.0,success,False,2026-08-19T13:23:14.484254+09:00
Client Format,480.0,18.0,success,False,2026-08-23T13:08:44.526296+09:00
Client Frame,,,failed,False,2026-08-17T23:14:16.588426+09:00
Client Fund,140.0,6.0,success,False,2026-08-21T02:23:51.443965+09:00
Client Gate,140.0,0.0,success,False,2026-08-17T23:26:43.020316+09:00
Client Giveaway,30.0,87.0,success,False,2026-08-27T21:12:59.208111+09:00
Client Grade,,,failed,False,2026-08-21T00:25:29.281502+09:00
Client Graph,,,failed,False,2026-08-27T22:06:55.016444+09:00
Client Grid,30.0,2.0,success,False,2026-08-17T23:11:03.494377+09:00
Client Guard,20.0,1.0,success,False,2026-08-17T23:14:53.160605+09:00
Client Guardian,,,failed,False,2026-08-28T00:23:14.492376+09:00
Client Guidebook,,,failed,False,2026-08-18T23:50:38.279392+09:00
Client Helpdesk,140.0,58.0,success,False,2026-08-27T22:45:32.227130+09:00
Client Helper,90.0,0.0,success,False,2026-08-28T00:23:17.850587+09:00
Client History,110.0,0.0,success,False,2026-08-19T20:38:03.591827+09:00
Client Hotline,,,failed,False,2026-08-19T21:07:58.848698+09:00
Client Hub,2400.0,19.0,success,False,2026-08-17T23:04:05.706993+09:00
Client Identifier,1300.0,5.0,success,False,2026-08-23T13:08:34.053815+09:00
Client Incentive,70.0,4.0,success,False,2026-08-27T21:12:59.208111+09:00
Client Index,30.0,0.0,success,False,2026-08-19T21:07:06.926428+09:00
Client Insight,320.0,5.0,success,False,2026-08-17T23:11:38.355115+09:00
Client Installment,,,failed,False,2026-08-23T16:12:20.898327+09:00
Client Interest,50.0,0.0,success,False,2026-08-23T13:45:20.654502+09:00
Client Item,,,failed,False,2026-08-21T01:53:02.269948+09:00
Client Journal,50.0,16.0,success,False,2026-08-18T23:50:38.279392+09:00
Client Keeper,30.0,10.0,success,False,2026-08-17T23:27:14.779355+09:00
Client Kit,590.0,0.0,success,False,2026-08-27T22:45:23.426349+09:00
Client Lab,40.0,2.0,success,False,2026-08-17T23:23:52.832374+09:00
Client Label,,,failed,False,2026-08-27T22:06:58.606007+09:00
Client Ledger,210.0,15.0,success,False,2026-08-17T23:33:34.870792+09:00
Client Lens,20.0,5.0,success,False,2026-08-17T23:33:09.699963+09:00
Client Level,30.0,0.0,success,False,2026-08-19T20:38:18.738836+09:00
Client Link,320.0,1.0,success,False,2026-08-23T03:21:14.808090+09:00
Client List,12100.0,0.0,success,True,2026-08-19T21:54:16.215789+09:00
Client Loan,,,failed,False,2026-08-21T02:07:29.886940+09:00
Client Locator,,,failed,False,2026-08-19T00:02:21.603583+09:00
Client Lock,40.0,0.0,success,False,2026-08-17T23:32:55.929904+09:00
Client Log,320.0,5.0,success,False,2026-08-19T13:22:59.111226+09:00
Client Loop,70.0,0.0,success,False,2026-08-17T23:32:15.494443+09:00
Client Manager,1600.0,6.0,success,False,2026-08-17T23:08:20.793662+09:00
Client Manual,20.0,0.0,success,False,2026-08-27T22:06:58.606007+09:00
Client Map,880.0,3.0,success,False,2026-08-17T23:07:22.346415+09:00
Client Margin,20.0,4.0,success,False,2026-08-23T02:55:55.232894+09:00
Client Markup,,,failed,False,2026-08-23T16:38:03.608262+09:00
Client Memo,90.0,0.0,success,False,2026-08-21T00:25:38.806657+09:00
Client Message,170.0,3.0,success,False,2026-08-27T23:10:55.756193+09:00
Client Meter,20.0,92.0,success,False,2026-08-17T23:08:40.393362+09:00
Client Metrics,50.0,2.0,success,False,2026-08-17T23:28:30.057187+09:00
Client Monitor,260.0,23.0,success,False,2026-08-17T23:28:11.546877+09:00
Client Navigator,110.0,2.0,success,False,2026-08-17T23:13:17.884356+09:00
Client Nexus,10.0,2.0,success,False,2026-08-17T23:06:35.609380+09:00
Client Node,50.0,1.0,success,False,2026-08-17T23:11:57.762151+09:00
Client Note,390.0,16.0,success,False,2026-08-19T13:24:25.669672+09:00
Client Notification,40.0,0.0,success,False,2026-08-27T22:45:15.401077+09:00
Client Number,1600.0,7.0,success,False,2026-08-23T03:21:07.842946+09:00
Client Office,720.0,1.0,success,False,2026-08-19T00:02:41.985677+09:00
Client Ops,260.0,2.0,success,False,2026-08-17T23:29:25.330773+09:00
Client Order,140.0,3.0,success,False,2026-08-19T21:53:29.207509+09:00
Client Organizer,90.0,59.0,success,False,2026-08-17T23:04:23.573644+09:00
Client Overdraft,,,failed,False,2026-08-23T15:50:40.596656+09:00
Client Overdue,,,failed,False,2026-08-27T21:45:56.763524+09:00
Client Panel,390.0,1.0,success,False,2026-08-17T23:13:55.425659+09:00
Client Pass,90.0,1.0,success,False,2026-08-21T00:24:49.316489+09:00
Client Path,40.0,0.0,success,False,2026-08-17T23:32:45.524936+09:00
Client Penalty,,,failed,False,2026-08-23T16:38:03.608262+09:00
Client Petition,,,failed,False,2026-08-21T00:58:47.378244+09:00
Client Pilot,20.0,9.0,success,False,2026-08-17T23:30:12.792820+09:00
Client Plan,90.0,2.0,success,False,2026-08-21T01:53:13.904514+09:00
Client Planner,70.0,100.0,success,False,2026-08-17T23:10:04.608173+09:00
Client Playbook,20.0,14.0,success,False,2026-08-18T23:50:41.139673+09:00
Client Point,390.0,16.0,success,False,2026-08-17T23:12:34.850967+09:00
Client Portal,22200.0,16.0,success,False,2026-08-17T23:06:57.045511+09:00
Client Profile,1600.0,2.0,success,False,2026-08-19T13:24:56.019665+09:00
Client Profit,10.0,0.0,success,False,2026-08-23T02:55:47.607915+09:00
Client Proposal,320.0,24.0,success,False,2026-08-28T01:04:11.555424+09:00
Client Pulse,90.0,12.0,success,False,2026-08-17T23:32:28.634296+09:00
Client Queue,10.0,0.0,success,False,2026-08-19T21:07:29.278050+09:00
Client Quota,,,failed,False,2026-08-21T00:25:45.592013+09:00
Client Radar,30.0,2.0,success,False,2026-08-17T23:30:28.172183+09:00
Client Rail,,,failed,False,2026-08-17T23:10:22.607509+09:00
Client Rate,50.0,0.0,success,False,2026-08-19T20:38:26.547735+09:00
Client Recap,,,failed,False,2026-08-21T01:00:08.450743+09:00
Client Receipt,50.0,11.0,success,False,2026-08-19T21:53:54.593034+09:00
Client Register,390.0,4.0,success,False,2026-08-17T23:08:02.086738+09:00
Client Registry,390.0,4.0,success,False,2026-08-18T23:50:41.139673+09:00
Client Relay,10.0,1.0,success,False,2026-08-17T23:05:55.492568+09:00
Client Reminder,20.0,20.0,success,False,2026-08-19T21:06:46.189471+09:00
Client Report,1000.0,3.0,success,False,2026-08-19T13:22:13.329978+09:00
Client Repository,20.0,0.0,success,False,2026-08-27T23:11:08.284499+09:00
Client Roadmap,50.0,10.0,success,False,2026-08-18T23:50:41.139673+09:00
Client Roster,260.0,1.0,success,False,2026-08-19T00:37:23.570326+09:00
Client Route,20.0,0.0,success,False,2026-08-17T23:15:28.966007+09:00
Client Rule,,,failed,False,2026-08-23T03:21:18.514525+09:00
Client Sale,70.0,0.0,success,False,2026-08-21T02:23:59.841123+09:00
Client Scale,20.0,14.0,success,False,2026-08-17T23:25:47.175267+09:00
Client Scanner,170.0,3.0,success,False,2026-08-27T23:53:07.557701+09:00
Client Scheduler,50.0,19.0,success,False,2026-08-17T23:27:58.060156+09:00
Client Scope,390.0,0.0,success,False,2026-08-17T23:03:45.434649+09:00
Client Score,170.0,3.0,success,False,2026-08-19T13:24:14.979285+09:00
Client Sentry,,,failed,False,2026-08-17T23:13:36.575210+09:00
Client Sheet,320.0,10.0,success,False,2026-08-19T13:23:40.624873+09:00
Client Shortfall,,,failed,False,2026-08-27T21:46:01.626926+09:00
Client Signal,20.0,0.0,success,False,2026-08-17T23:09:26.162855+09:00
Client Signature,720.0,4.0,success,False,2026-08-23T13:28:03.127667+09:00
Client Slip,,,failed,False,2026-08-19T21:54:45.586270+09:00
Client Slot,10.0,0.0,success,False,2026-08-19T21:55:06.588963+09:00
Client Snapshot,50.0,0.0,success,False,2026-08-18T23:50:41.139673+09:00
Client Stage,,,failed,False,2026-08-28T00:46:54.511345+09:00
Client Stake,,,failed,False,2026-08-23T02:55:53.099561+09:00
Client Statement,170.0,1.0,success,False,2026-08-21T00:25:15.691482+09:00
Client Station,50.0,0.0,success,False,2026-08-17T23:05:06.987834+09:00
Client Status,320.0,0.0,success,False,2026-08-19T20:37:49.991412+09:00
Client Streak,,,failed,False,2026-08-28T00:46:54.511345+09:00
Client Stub,90.0,0.0,success,False,2026-08-21T00:25:10.675439+09:00
Client Studio,70.0,1.0,success,False,2026-08-17T23:10:40.836813+09:00
Client Subsidy,,,failed,False,2026-08-23T15:50:42.648286+09:00
Client Suite,40.0,7.0,success,False,2026-08-17T23:27:29.516151+09:00
Client Sum,,,failed,False,2026-08-21T02:23:45.182895+09:00
Client Summary,90.0,0.0,success,False,2026-08-19T21:06:27.741536+09:00
Client Sync,260.0,6.0,success,False,2026-08-17T23:09:46.743330+09:00
Client Tab,20.0,0.0,success,False,2026-08-21T00:25:57.789837+09:00
Client Table,70.0,1.0,success,False,2026-08-19T21:54:25.677858+09:00
Client Tag,20.0,0.0,success,False,2026-08-19T13:24:49.306222+09:00
Client Tally,,,failed,False,2026-08-21T00:25:24.031302+09:00
Client Tariff,,,failed,False,2026-08-21T02:40:47.085181+09:00
Client Tax,50.0,8.0,success,False,2026-08-21T02:07:24.034599+09:00
Client Ticket,260.0,21.0,success,False,2026-08-19T21:07:19.840236+09:00
Client Tier,110.0,1.0,success,False,2026-08-28T00:47:00.263771+09:00
Client Timeline,20.0,4.0,success,False,2026-08-19T21:06:37.485931+09:00
Client Timer,90.0,7.0,success,False,2026-08-28T00:23:08.180984+09:00
Client Toll,,,failed,False,2026-08-21T02:40:41.069615+09:00
Client Toolbox,20.0,8.0,success,False,2026-08-28T00:23:17.850587+09:00
Client Toolkit,,,failed,False,2026-08-18T23:50:41.139673+09:00
Client Total,30.0,2.0,success,False,2026-08-27T23:11:01.656662+09:00
Client Tracker,1000.0,34.0,success,False,2026-08-17T23:29:41.239949+09:00
Client Trail,,,failed,False,2026-08-17T23:26:16.391059+09:00
Client Trend,10.0,3.0,success,False,2026-08-28T01:04:04.391433+09:00
Client Trial,,,failed,False,2026-08-27T21:12:56.642443+09:00
Client Unit,20.0,0.0,success,False,2026-08-21T01:53:07.082720+09:00
Client Update,320.0,0.0,success,False,2026-08-19T20:38:36.542684+09:00
Client Value,260.0,0.0,success,False,2026-08-23T02:55:50.022047+09:00
Client Vault,70.0,12.0,success,False,2026-08-17T23:30:41.257118+09:00
Client Version,170.0,0.0,success,False,2026-08-23T03:21:12.022197+09:00
Client View,720.0,6.0,success,False,2026-08-19T20:37:57.270685+09:00
Client Voucher,20.0,47.0,success,False,2026-08-21T00:24:57.111152+09:00
Client Watch,30.0,6.0,success,False,2026-08-17T23:31:53.116535+09:00
Client Wave,110.0,1.0,success,False,2026-08-17T23:05:30.117127+09:00
Client Widget,,,failed,False,2026-08-27T23:11:01.656662+09:00
Client Workbench,,,failed,False,2026-08-18T23:50:41.139673+09:00
Client Worksheet,20.0,6.0,success,False,2026-08-27T22:07:05.837486+09:00
Client Zone,8100.0,7.0,success,False,2026-08-17T23:24:30.748337+09:00
Closing Advance,10.0,0.0,success,False,2026-08-23T16:12:24.179825+09:00
Closing Advisory,,,failed,False,2026-08-21T00:58:30.042414+09:00
Closing Alert,210.0,0.0,success,False,2026-08-19T21:30:12.319072+09:00
Closing Allowance,40.0,0.0,success,False,2026-08-21T02:40:30.595557+09:00
Closing Analyzer,,,failed,False,2026-08-27T23:57:57.910775+09:00
Closing Assistant,50.0,9.0,success,False,2026-08-19T21:16:39.026055+09:00
Closing Atlas,,,failed,False,2026-08-19T21:15:54.238919+09:00
Closing Attribute,,,failed,False,2026-08-23T13:09:05.713550+09:00
Closing Base,,,failed,False,2026-08-19T21:11:46.371328+09:00
Closing Bay,,,failed,False,2026-08-19T21:29:05.227189+09:00
Closing Beacon,,,failed,False,2026-08-19T21:09:02.600791+09:00
Closing Bill,260.0,0.0,success,False,2026-08-19T21:53:02.852702+09:00
Closing Bin,260.0,100.0,success,False,2026-08-19T21:30:24.987558+09:00
Closing Board,720.0,100.0,success,False,2026-08-19T21:12:22.393942+09:00
Closing Book,5400.0,1.0,success,False,2026-08-19T21:54:03.410939+09:00
Closing Booth,,,failed,False,2026-08-19T21:19:49.170898+09:00
Closing Bridge,5400.0,2.0,success,False,2026-08-19T21:09:42.547953+09:00
Closing Brief,20.0,0.0,success,False,2026-08-21T01:09:44.260038+09:00
Closing Bulletin,,,failed,False,2026-08-21T01:09:36.550865+09:00
Closing Calculator,320.0,5.0,success,False,2026-08-27T23:35:38.281742+09:00
Closing Calendar,260.0,1.0,success,False,2026-08-19T21:18:24.331096+09:00
Closing Card,480.0,3.0,success,False,2026-08-19T21:31:43.962049+09:00
Closing Cascade,,,failed,False,2026-08-19T21:09:29.663933+09:00
Closing Cash,170.0,1.0,success,False,2026-08-21T02:23:45.182895+09:00
Closing Cashback,,,failed,False,2026-08-27T21:15:31.900187+09:00
Closing Catalog,,,failed,False,2026-08-19T21:07:19.840236+09:00
Closing Category,,,failed,False,2026-08-23T13:09:00.936814+09:00
Closing Center,1300.0,2.0,success,False,2026-08-19T21:13:28.219579+09:00
Closing Chain,,,failed,False,2026-08-19T21:15:09.209545+09:00
Closing Charge,40.0,0.0,success,False,2026-08-21T02:40:18.502872+09:00
Closing Chart,1300.0,0.0,success,True,2026-08-19T21:30:18.297847+09:00
Closing Check,170.0,0.0,success,False,2026-08-19T21:31:59.320296+09:00
Closing Checker,,,failed,False,2026-08-27T23:57:50.336082+09:00
Closing Checklist,1000.0,2.0,success,False,2026-08-19T21:06:27.741536+09:00
Closing Circular,,,failed,False,2026-08-21T00:59:23.990159+09:00
Closing Code,1000.0,0.0,success,True,2026-08-19T21:53:29.207509+09:00
Closing Companion,,,failed,False,2026-08-19T21:17:27.324738+09:00
Closing Comparison,,,failed,False,2026-08-28T01:08:42.554310+09:00
Closing Compass,,,failed,False,2026-08-19T21:08:52.385641+09:00
Closing Confirmation,20.0,0.0,success,False,2026-08-21T00:58:38.777262+09:00
Closing Console,,,failed,False,2026-08-19T21:14:03.656959+09:00
Closing Core,,,failed,False,2026-08-19T21:11:59.918866+09:00
Closing Cost,12100.0,7.0,success,False,2026-08-21T02:06:52.442398+09:00
Closing Count,,,failed,False,2026-08-27T22:48:53.744553+09:00
Closing Counter,50.0,0.0,success,False,2026-08-19T21:19:23.397844+09:00
Closing Coupon,,,failed,False,2026-08-27T21:15:31.900187+09:00
Closing Deal,2400.0,4.0,success,False,2026-08-21T01:59:50.051478+09:00
Closing Debt,20.0,5.0,success,False,2026-08-21T02:23:37.293511+09:00
Closing Deck,390.0,70.0,success,False,2026-08-19T21:12:31.857265+09:00
Closing Desk,480.0,100.0,success,False,2026-08-19T21:08:09.987838+09:00
Closing Detail,,,failed,False,2026-08-23T03:21:18.514525+09:00
Closing Detector,,,failed,False,2026-08-27T23:57:55.384671+09:00
Closing Digest,,,failed,False,2026-08-19T21:05:14.341737+09:00
Closing Directory,,,failed,False,2026-08-19T21:18:34.619237+09:00
Closing Discount,,,failed,False,2026-08-23T16:12:15.158683+09:00
Closing Dossier,,,failed,False,2026-08-21T00:58:42.850183+09:00
Closing Draft,,,failed,False,2026-08-19T21:05:39.916573+09:00
Closing Due,,,failed,False,2026-08-23T15:50:30.977463+09:00
Closing Duty,40.0,0.0,success,False,2026-08-21T02:40:25.117501+09:00
Closing Endowment,,,failed,False,2026-08-23T15:50:38.471158+09:00
Closing Engine,,,failed,False,2026-08-19T21:16:25.825046+09:00
Closing Entry,8100.0,0.0,success,True,2026-08-21T00:58:57.845239+09:00
Closing Estimate,110.0,1.0,success,False,2026-08-19T21:07:06.926428+09:00
Closing Estimator,,,failed,False,2026-08-27T23:57:50.336082+09:00
Closing Excerpt,,,failed,False,2026-08-21T00:58:52.318728+09:00
Closing Extension,590.0,3.0,success,False,2026-08-23T16:38:03.608262+09:00
Closing Fare,,,failed,False,2026-08-21T02:07:07.042559+09:00
Closing Fee,12100.0,7.0,success,False,2026-08-21T01:59:34.330044+09:00
Closing Feed,,,failed,False,2026-08-19T21:05:26.715187+09:00
Closing Field,10.0,,success,False,2026-08-23T13:09:07.907049+09:00
Closing File,2400.0,5.0,success,False,2026-08-19T21:04:24.508436+09:00
Closing Finder,,,failed,False,2026-08-19T21:19:01.988330+09:00
Closing Fine,,,failed,False,2026-08-23T02:55:50.022047+09:00
Closing Flow,,,failed,False,2026-08-19T21:07:49.558493+09:00
Closing Form,1900.0,0.0,success,True,2026-08-19T21:31:33.933839+09:00
Closing Format,10.0,0.0,success,False,2026-08-23T13:09:10.087594+09:00
Closing Frame,320.0,8.0,success,False,2026-08-19T21:11:34.990271+09:00
Closing Fund,260.0,4.0,success,False,2026-08-21T02:23:42.049826+09:00
Closing Gate,18100.0,14.0,success,False,2026-08-19T21:15:31.407245+09:00
Closing Giveaway,,,failed,False,2026-08-27T21:15:37.893274+09:00
Closing Guarantee,10.0,3.0,success,False,2026-08-28T01:08:47.729422+09:00
Closing Harbor,,,failed,False,2026-08-19T21:29:34.148902+09:00
Closing Helpdesk,,,failed,False,2026-08-27T22:48:56.292769+09:00
Closing Helper,,,failed,False,2026-08-28T00:26:57.692425+09:00
Closing History,,,failed,False,2026-08-19T21:04:11.577084+09:00
Closing Hotline,,,failed,False,2026-08-19T21:07:29.278050+09:00
Closing Hub,170.0,2.0,success,False,2026-08-19T21:07:58.848698+09:00
Closing Identifier,,,failed,False,2026-08-23T13:08:58.766460+09:00
Closing Inbox,,,failed,False,2026-08-19T21:30:03.373519+09:00
Closing Incentive,,,failed,False,2026-08-27T21:15:34.818716+09:00
Closing Index,90.0,0.0,success,False,2026-08-19T21:06:37.485931+09:00
Closing Installment,,,failed,False,2026-08-23T16:12:18.349007+09:00
Closing Item,,,failed,False,2026-08-21T01:59:37.170622+09:00
Closing Keeper,,,failed,False,2026-08-19T21:16:04.396422+09:00
Closing Kiosk,,,failed,False,2026-08-19T21:20:00.703413+09:00
Closing Kit,320.0,14.0,success,False,2026-08-27T22:48:47.363219+09:00
Closing Lab,20.0,0.0,success,False,2026-08-19T21:12:53.220290+09:00
Closing Ledger,90.0,1.0,success,False,2026-08-19T21:12:09.668415+09:00
Closing Level,,,failed,False,2026-08-19T21:04:38.364310+09:00
Closing Line,5400.0,85.0,success,False,2026-08-19T21:30:56.024739+09:00
Closing Link,590.0,0.0,success,False,2026-08-23T03:21:12.022197+09:00
Closing List,170.0,0.0,success,False,2026-08-19T21:53:43.821939+09:00
Closing Loan,2900.0,2.0,success,False,2026-08-21T02:07:16.373051+09:00
Closing Lobby,,,failed,False,2026-08-19T21:30:39.077841+09:00
Closing Locator,,,failed,False,2026-08-19T21:18:46.381283+09:00
Closing Locker,40.0,34.0,success,False,2026-08-19T21:19:37.758100+09:00
Closing Log,,,failed,False,2026-08-19T21:31:25.099741+09:00
Closing Manager,260.0,1.0,success,False,2026-08-19T21:16:14.581068+09:00
Closing Manual,,,failed,False,2026-08-27T22:09:58.164830+09:00
Closing Map,1000.0,0.0,success,True,2026-08-19T21:11:23.723554+09:00
Closing Margin,,,failed,False,2026-08-23T02:55:47.607915+09:00
Closing Markup,,,failed,False,2026-08-23T16:38:01.127600+09:00
Closing Memo,70.0,1.0,success,False,2026-08-21T00:35:13.915986+09:00
Closing Monitor,,,failed,False,2026-08-19T21:17:17.082757+09:00
Closing Nexus,,,failed,False,2026-08-19T21:15:42.753829+09:00
Closing Note,880.0,1.0,success,False,2026-08-19T21:32:15.548375+09:00
Closing Notification,390.0,0.0,success,False,2026-08-27T22:48:47.363219+09:00
Closing Number,1300.0,0.0,success,True,2026-08-23T03:21:04.390216+09:00
Closing Office,720.0,2.0,success,False,2026-08-19T21:19:11.883317+09:00
Closing Order,5400.0,0.0,success,True,2026-08-19T21:52:53.016557+09:00
Closing Outpost,,,failed,False,2026-08-19T21:29:21.643935+09:00
Closing Overdraft,,,failed,False,2026-08-23T15:50:33.287746+09:00
Closing Overdue,,,failed,False,2026-08-27T21:46:44.901733+09:00
Closing Panel,210.0,12.0,success,False,2026-08-19T21:14:12.923572+09:00
Closing Passport,,,failed,False,2026-08-19T21:30:33.343002+09:00
Closing Path,,,failed,False,2026-08-19T21:11:04.489546+09:00
Closing Penalty,,,failed,False,2026-08-23T16:37:59.116023+09:00
Closing Petition,,,failed,False,2026-08-21T00:58:34.367334+09:00
Closing Plan,260.0,5.0,success,False,2026-08-21T01:59:47.241476+09:00
Closing Planner,,,failed,False,2026-08-19T21:16:50.838174+09:00
Closing Playbook,,,failed,False,2026-08-19T21:17:55.830991+09:00
Closing Plaza,,,failed,False,2026-08-19T21:29:26.779055+09:00
Closing Portal,720.0,2.0,success,False,2026-08-19T21:13:52.940752+09:00
Closing Post,210.0,1.0,success,False,2026-08-19T21:29:12.327035+09:00
Closing Profile,,,failed,False,2026-08-19T21:03:30.036000+09:00
Closing Profit,10.0,0.0,success,False,2026-08-23T02:55:38.114180+09:00
Closing Proposal,20.0,0.0,success,False,2026-08-28T01:08:47.729422+09:00
Closing Queue,,,failed,False,2026-08-19T21:06:56.055921+09:00
Closing Radar,,,failed,False,2026-08-19T21:08:19.397533+09:00
Closing Rail,,,failed,False,2026-08-19T21:14:44.485943+09:00
Closing Rate,880.0,0.0,success,False,2026-08-19T21:04:49.568415+09:00
Closing Recap,,,failed,False,2026-08-21T00:59:26.114490+09:00
Closing Receipt,,,failed,False,2026-08-19T21:53:20.741685+09:00
Closing Register,390.0,1.0,success,False,2026-08-19T21:17:37.116648+09:00
Closing Relay,10.0,0.0,success,False,2026-08-19T21:08:29.245582+09:00
Closing Reminder,70.0,0.0,success,False,2026-08-19T21:06:15.149170+09:00
Closing Report,1000.0,0.0,success,True,2026-08-19T21:31:17.357360+09:00
Closing Result,,,failed,False,2026-08-28T00:48:45.489712+09:00
Closing Ring,720.0,23.0,success,False,2026-08-19T21:15:20.790094+09:00
Closing Roll,,,failed,False,2026-08-19T21:31:11.020553+09:00
Closing Roster,,,failed,False,2026-08-19T21:29:55.661249+09:00
Closing Route,,,failed,False,2026-08-19T21:14:34.800336+09:00
Closing Rule,,,failed,False,2026-08-23T03:21:14.808090+09:00
Closing Sale,14800.0,100.0,success,False,2026-08-21T02:23:48.995246+09:00
Closing Sample,,,failed,False,2026-08-19T21:54:25.677858+09:00
Closing Scale,,,failed,False,2026-08-19T21:14:23.234492+09:00
Closing Scheduler,,,failed,False,2026-08-19T21:17:05.944580+09:00
Closing Scope,,,failed,False,2026-08-19T21:10:20.581807+09:00
Closing Score,,,failed,False,2026-08-19T21:32:06.209951+09:00
Closing Sheet,170.0,0.0,success,False,2026-08-19T21:31:52.488938+09:00
Closing Shelf,480.0,100.0,success,False,2026-08-19T21:29:49.422411+09:00
Closing Signal,880.0,3.0,success,False,2026-08-19T21:09:52.138956+09:00
Closing Signature,590.0,2.0,success,False,2026-08-23T13:28:15.741943+09:00
Closing Slip,20.0,51.0,success,False,2026-08-19T21:54:16.215789+09:00
Closing Slot,10.0,0.0,success,False,2026-08-19T21:54:37.434657+09:00
Closing Stage,70.0,0.0,success,False,2026-08-28T00:48:41.501339+09:00
Closing Stake,,,failed,False,2026-08-23T02:55:43.726129+09:00
Closing Stamp,,,failed,False,2026-08-23T13:28:17.743262+09:00
Closing Statement,9900.0,0.0,success,True,2026-08-21T00:35:07.163921+09:00
Closing Station,,,failed,False,2026-08-19T21:13:04.964598+09:00
Closing Status,210.0,1.0,success,False,2026-08-19T21:03:45.298500+09:00
Closing Studio,,,failed,False,2026-08-19T21:12:41.804289+09:00
Closing Subsidy,,,failed,False,2026-08-23T15:50:35.558538+09:00
Closing Sum,,,failed,False,2026-08-21T02:23:31.419607+09:00
Closing Summary,320.0,0.0,success,False,2026-08-19T21:05:52.966416+09:00
Closing Surtax,,,failed,False,2026-08-23T15:50:40.596656+09:00
Closing Table,1000.0,13.0,success,False,2026-08-19T21:53:54.593034+09:00
Closing Tag,590.0,5.0,success,False,2026-08-19T21:32:23.492274+09:00
Closing Tally,10.0,,success,False,2026-08-21T00:35:09.628137+09:00
Closing Tariff,,,failed,False,2026-08-21T02:40:33.895660+09:00
Closing Tax,20.0,3.0,success,False,2026-08-21T02:07:11.746620+09:00
Closing Terminal,,,failed,False,2026-08-19T21:13:17.515413+09:00
Closing Ticker,,,failed,False,2026-08-19T21:30:47.462824+09:00
Closing Ticket,880.0,1.0,success,False,2026-08-19T21:06:46.189471+09:00
Closing Tier,,,failed,False,2026-08-28T00:48:45.489712+09:00
Closing Timeline,70.0,1.0,success,False,2026-08-19T21:06:04.880535+09:00
Closing Timer,60500.0,0.0,success,True,2026-08-28T00:26:55.262283+09:00
Closing Toll,,,failed,False,2026-08-21T02:40:27.519765+09:00
Closing Toolbox,,,failed,False,2026-08-28T00:26:57.692425+09:00
Closing Tower,,,failed,False,2026-08-19T21:29:42.361641+09:00
Closing Tracker,260.0,1.0,success,False,2026-08-19T21:07:38.685875+09:00
Closing Trail,,,failed,False,2026-08-19T21:14:58.322778+09:00
Closing Trial,10.0,14.0,success,False,2026-08-27T21:15:34.818716+09:00
Closing Unit,90.0,2.0,success,False,2026-08-21T01:59:40.836410+09:00
Closing Update,140.0,0.0,success,False,2026-08-19T21:05:02.074506+09:00
Closing Value,110.0,0.0,success,False,2026-08-23T02:55:41.389421+09:00
Closing Vault,,,failed,False,2026-08-19T21:08:40.437861+09:00
Closing Version,,,failed,False,2026-08-23T03:21:07.842946+09:00
Closing View,30.0,14.0,success,False,2026-08-19T21:03:58.078741+09:00
Closing Watch,,,failed,False,2026-08-19T21:10:07.849360+09:00
Closing Window,2900.0,0.0,success,True,2026-08-19T21:31:03.580111+09:00
Closing Worksheet,40.0,1.0,success,False,2026-08-27T22:10:01.202227+09:00
Closing Yard,,,failed,False,2026-08-19T21:20:12.462826+09:00
Closing Zone,,,failed,False,2026-08-19T21:13:40.486879+09:00
Clubhouse Advance,,,failed,False,2026-08-23T16:16:03.366904+09:00
Clubhouse Advisory,,,failed,False,2026-08-21T01:06:03.967646+09:00
Clubhouse Alert,,,failed,False,2026-08-19T21:58:54.005326+09:00
Clubhouse Allowance,,,failed,False,2026-08-21T02:44:13.647823+09:00
Clubhouse Analyzer,,,failed,False,2026-08-27T23:54:27.974840+09:00
Clubhouse Arrears,,,failed,False,2026-08-23T16:16:00.073730+09:00
Clubhouse Asset,,,failed,False,2026-08-23T13:47:11.410642+09:00
Clubhouse Assistant,590.0,10.0,success,False,2026-08-19T21:53:57.995655+09:00
Clubhouse Atlas,,,failed,False,2026-08-19T21:53:06.381329+09:00
Clubhouse Attribute,,,failed,False,2026-08-23T13:06:07.907385+09:00
Clubhouse Badge,,,failed,False,2026-08-21T00:30:08.282339+09:00
Clubhouse Balance,,,failed,False,2026-08-23T13:47:09.314181+09:00
Clubhouse Base,,,failed,False,2026-08-19T21:48:55.925505+09:00
Clubhouse Beacon,,,failed,False,2026-08-19T22:07:58.722610+09:00
Clubhouse Bill,,,failed,False,2026-08-19T22:04:49.676934+09:00
Clubhouse Board,10.0,29.0,success,False,2026-08-19T21:49:30.160580+09:00
Clubhouse Book,90.0,21.0,success,False,2026-08-19T22:05:43.764657+09:00
Clubhouse Booth,,,failed,False,2026-08-19T21:56:56.242658+09:00
Clubhouse Bridge,,,failed,False,2026-08-19T21:46:26.862344+09:00
Clubhouse Brief,,,failed,False,2026-08-21T01:05:46.512536+09:00
Clubhouse Bulletin,,,failed,False,2026-08-21T01:05:38.366293+09:00
Clubhouse Calendar,20.0,0.0,success,False,2026-08-19T21:55:36.980585+09:00
Clubhouse Card,90.0,0.0,success,False,2026-08-19T22:00:55.317910+09:00
Clubhouse Cascade,,,failed,False,2026-08-19T21:46:17.017433+09:00
Clubhouse Cash,,,failed,False,2026-08-21T02:27:47.388523+09:00
Clubhouse Category,,,failed,False,2026-08-23T13:06:05.538611+09:00
Clubhouse Center,5400.0,7.0,success,False,2026-08-19T21:50:37.216187+09:00
Clubhouse Charge,,,failed,False,2026-08-21T02:44:07.576254+09:00
Clubhouse Chart,10.0,0.0,success,False,2026-08-19T21:59:01.960523+09:00
Clubhouse Check,,,failed,False,2026-08-19T22:01:14.357219+09:00
Clubhouse Checker,,,failed,False,2026-08-27T23:54:15.015364+09:00
Clubhouse Circular,,,failed,False,2026-08-21T01:05:55.165491+09:00
Clubhouse Code,480.0,0.0,success,False,2026-08-19T22:05:13.355108+09:00
Clubhouse Companion,,,failed,False,2026-08-19T21:54:39.483113+09:00
Clubhouse Comparison,,,failed,False,2026-08-28T01:05:44.373460+09:00
Clubhouse Compass,,,failed,False,2026-08-19T22:07:37.028999+09:00
Clubhouse Confirmation,,,failed,False,2026-08-21T01:06:10.948985+09:00
Clubhouse Console,,,failed,False,2026-08-19T21:51:10.797801+09:00
Clubhouse Contribution,,,failed,False,2026-08-23T16:15:57.304809+09:00
Clubhouse Core,,,failed,False,2026-08-19T21:49:05.079544+09:00
Clubhouse Cost,110.0,8.0,success,False,2026-08-21T02:10:49.609792+09:00
Clubhouse Count,,,failed,False,2026-08-27T22:45:15.401077+09:00
Clubhouse Counter,,,failed,False,2026-08-19T21:56:30.340313+09:00
Clubhouse Deal,,,failed,False,2026-08-21T01:53:54.647379+09:00
Clubhouse Debt,,,failed,False,2026-08-21T02:27:38.390107+09:00
Clubhouse Deck,1600.0,4.0,success,False,2026-08-19T21:49:39.376770+09:00
Clubhouse Desk,10.0,0.0,success,False,2026-08-19T22:06:53.339068+09:00
Clubhouse Detail,,,failed,False,2026-08-23T03:15:35.333103+09:00
Clubhouse Detector,,,failed,False,2026-08-27T23:54:25.594721+09:00
Clubhouse Diagram,,,failed,False,2026-08-27T22:15:19.748218+09:00
Clubhouse Directory,10.0,0.0,success,False,2026-08-19T21:55:47.244669+09:00
Clubhouse Discount,,,failed,False,2026-08-23T16:15:54.401659+09:00
Clubhouse Dossier,,,failed,False,2026-08-21T01:06:13.819084+09:00
Clubhouse Downpayment,,,failed,False,2026-08-27T21:50:34.815891+09:00
Clubhouse Draft,,,failed,False,2026-08-19T22:03:23.353107+09:00
Clubhouse Due,,,failed,False,2026-08-23T15:52:18.208311+09:00
Clubhouse Duty,,,failed,False,2026-08-21T02:44:11.415890+09:00
Clubhouse Entry,10.0,0.0,success,False,2026-08-21T01:06:30.195338+09:00
Clubhouse Estimate,,,failed,False,2026-08-19T22:04:23.242123+09:00
Clubhouse Estimator,,,failed,False,2026-08-27T23:54:15.015364+09:00
Clubhouse Excerpt,,,failed,False,2026-08-21T01:06:21.603341+09:00
Clubhouse Extension,,,failed,False,2026-08-23T16:39:58.056757+09:00
Clubhouse Fare,,,failed,False,2026-08-21T02:10:55.409815+09:00
Clubhouse Fee,,,failed,False,2026-08-21T01:53:28.626980+09:00
Clubhouse Feed,10.0,,success,False,2026-08-19T22:03:17.563220+09:00
Clubhouse Field,,,failed,False,2026-08-23T13:06:10.168774+09:00
Clubhouse File,,,failed,False,2026-08-19T22:02:37.152847+09:00
Clubhouse Finder,,,failed,False,2026-08-19T21:56:08.103899+09:00
Clubhouse Fine,,,failed,False,2026-08-23T02:58:39.272586+09:00
Clubhouse Flag,20.0,57.0,success,False,2026-08-21T00:30:55.600635+09:00
Clubhouse Flow,,,failed,False,2026-08-19T22:06:32.723316+09:00
Clubhouse Form,10.0,0.0,success,False,2026-08-19T22:00:47.598420+09:00
Clubhouse Format,10.0,0.0,success,False,2026-08-23T13:06:13.755843+09:00
Clubhouse Frame,90.0,6.0,success,False,2026-08-19T21:48:40.966338+09:00
Clubhouse Fund,,,failed,False,2026-08-21T02:27:43.385895+09:00
Clubhouse Gate,,,failed,False,2026-08-19T21:52:40.688622+09:00
Clubhouse Grade,,,failed,False,2026-08-21T00:30:37.167399+09:00
Clubhouse Grid,,,failed,False,2026-08-19T21:47:30.295909+09:00
Clubhouse Guarantee,,,failed,False,2026-08-28T01:05:52.718366+09:00
Clubhouse Guardian,,,failed,False,2026-08-28T00:24:22.351196+09:00
Clubhouse Helpdesk,,,failed,False,2026-08-27T22:45:23.426349+09:00
Clubhouse Helper,,,failed,False,2026-08-28T00:24:27.565309+09:00
Clubhouse History,10.0,0.0,success,False,2026-08-19T22:02:25.837553+09:00
Clubhouse Hub,10.0,,success,False,2026-08-19T22:06:44.272499+09:00
Clubhouse Identifier,,,failed,False,2026-08-23T13:06:02.918045+09:00
Clubhouse Inbox,,,failed,False,2026-08-19T21:58:45.118789+09:00
Clubhouse Index,10.0,,success,False,2026-08-19T22:04:03.389101+09:00
Clubhouse Installment,,,failed,False,2026-08-23T16:15:57.304809+09:00
Clubhouse Item,,,failed,False,2026-08-21T01:53:31.985132+09:00
Clubhouse Journal,,,failed,False,2026-08-19T21:55:18.484182+09:00
Clubhouse Keeper,,,failed,False,2026-08-19T21:53:20.741685+09:00
Clubhouse Kiosk,,,failed,False,2026-08-19T21:57:05.603826+09:00
Clubhouse Kit,140.0,51.0,success,False,2026-08-27T22:45:10.355251+09:00
Clubhouse Lab,,,failed,False,2026-08-19T21:50:02.656663+09:00
Clubhouse Layout,90.0,0.0,success,False,2026-08-27T22:28:37.219396+09:00
Clubhouse Ledger,,,failed,False,2026-08-19T21:49:16.162945+09:00
Clubhouse Level,,,failed,False,2026-08-19T22:02:47.197172+09:00
Clubhouse Levy,,,failed,False,2026-08-23T13:47:11.410642+09:00
Clubhouse Line,10.0,2.0,success,False,2026-08-19T21:59:52.671651+09:00
Clubhouse Link,30.0,0.0,success,False,2026-08-23T03:15:24.852114+09:00
Clubhouse List,10.0,0.0,success,False,2026-08-19T22:05:22.514727+09:00
Clubhouse Loan,,,failed,False,2026-08-21T02:11:01.471090+09:00
Clubhouse Lobby,1600.0,5.0,success,False,2026-08-19T21:59:32.934011+09:00
Clubhouse Locator,,,failed,False,2026-08-19T21:55:57.867275+09:00
Clubhouse Locker,20.0,91.0,success,False,2026-08-19T21:56:44.387128+09:00
Clubhouse Log,20.0,0.0,success,False,2026-08-19T22:00:37.818778+09:00
Clubhouse Loop,,,failed,False,2026-08-19T21:47:16.114306+09:00
Clubhouse Manager,140.0,4.0,success,False,2026-08-19T21:53:34.201182+09:00
Clubhouse Manual,40.0,0.0,success,False,2026-08-27T22:15:12.426690+09:00
Clubhouse Map,110.0,0.0,success,False,2026-08-19T21:48:27.069382+09:00
Clubhouse Markup,,,failed,False,2026-08-23T16:39:55.880493+09:00
Clubhouse Memo,,,failed,False,2026-08-21T00:30:41.620130+09:00
Clubhouse Monitor,,,failed,False,2026-08-19T21:54:30.567883+09:00
Clubhouse Nexus,,,failed,False,2026-08-19T21:52:57.085670+09:00
Clubhouse Note,,,failed,False,2026-08-19T22:01:35.806950+09:00
Clubhouse Notification,1600.0,0.0,success,True,2026-08-27T22:45:05.269508+09:00
Clubhouse Number,50.0,0.0,success,False,2026-08-23T03:15:19.125629+09:00
Clubhouse Office,260.0,4.0,success,False,2026-08-19T21:56:20.786748+09:00
Clubhouse Ops,,,failed,False,2026-08-19T21:55:00.630940+09:00
Clubhouse Order,,,failed,False,2026-08-19T22:04:34.418517+09:00
Clubhouse Overage,,,failed,False,2026-08-27T21:50:32.673191+09:00
Clubhouse Overdue,,,failed,False,2026-08-27T21:50:22.560575+09:00
Clubhouse Panel,10.0,,success,False,2026-08-19T21:51:20.233471+09:00
Clubhouse Pass,1600.0,17.0,success,False,2026-08-21T00:29:55.538883+09:00
Clubhouse Passport,,,failed,False,2026-08-19T21:59:23.737982+09:00
Clubhouse Path,,,failed,False,2026-08-19T21:48:00.610703+09:00
Clubhouse Payoff,,,failed,False,2026-08-27T21:50:26.760837+09:00
Clubhouse Penalty,,,failed,False,2026-08-23T16:39:53.377709+09:00
Clubhouse Petition,,,failed,False,2026-08-21T01:06:07.369655+09:00
Clubhouse Plan,210.0,0.0,success,False,2026-08-21T01:53:46.295961+09:00
Clubhouse Planner,,,failed,False,2026-08-19T21:54:06.004532+09:00
Clubhouse Playbook,,,failed,False,2026-08-19T21:55:09.455728+09:00
Clubhouse Point,20.0,4.0,success,False,2026-08-19T21:48:14.659198+09:00
Clubhouse Portal,,,failed,False,2026-08-19T21:51:01.436792+09:00
Clubhouse Preview,10.0,,success,False,2026-08-28T01:05:46.959097+09:00
Clubhouse Profile,50.0,0.0,success,False,2026-08-19T22:01:53.877884+09:00
Clubhouse Profit,,,failed,False,2026-08-23T02:58:29.711332+09:00
Clubhouse Proposal,,,failed,False,2026-08-28T01:05:50.050566+09:00
Clubhouse Quota,,,failed,False,2026-08-21T00:30:49.324092+09:00
Clubhouse Radar,,,failed,False,2026-08-19T22:07:01.913828+09:00
Clubhouse Rate,,,failed,False,2026-08-19T22:02:54.876263+09:00
Clubhouse Recap,,,failed,False,2026-08-21T01:06:17.673460+09:00
Clubhouse Receipt,,,failed,False,2026-08-19T22:05:01.387918+09:00
Clubhouse Register,2900.0,0.0,success,True,2026-08-19T21:54:48.895899+09:00
Clubhouse Registry,,,failed,False,2026-08-19T21:55:28.451912+09:00
Clubhouse Relay,,,failed,False,2026-08-19T22:07:18.055706+09:00
Clubhouse Reminder,,,failed,False,2026-08-19T22:03:52.975095+09:00
Clubhouse Report,20.0,0.0,success,False,2026-08-19T22:00:26.290780+09:00
Clubhouse Roster,,,failed,False,2026-08-19T21:58:34.362639+09:00
Clubhouse Rule,,,failed,False,2026-08-23T03:15:32.798139+09:00
Clubhouse Sale,20.0,7.0,success,False,2026-08-21T02:27:53.442278+09:00
Clubhouse Sample,,,failed,False,2026-08-19T22:06:01.682265+09:00
Clubhouse Scanner,10.0,0.0,success,False,2026-08-27T23:54:23.137775+09:00
Clubhouse Scheduler,,,failed,False,2026-08-19T21:54:19.584048+09:00
Clubhouse Scope,,,failed,False,2026-08-19T21:47:01.107836+09:00
Clubhouse Score,,,failed,False,2026-08-19T22:01:23.897474+09:00
Clubhouse Sheet,,,failed,False,2026-08-19T22:01:05.588899+09:00
Clubhouse Shelf,,,failed,False,2026-08-19T21:58:27.685601+09:00
Clubhouse Shortfall,,,failed,False,2026-08-27T21:50:34.815891+09:00
Clubhouse Signal,,,failed,False,2026-08-19T21:46:37.963751+09:00
Clubhouse Signature,50.0,4.0,success,False,2026-08-23T13:27:28.386352+09:00
Clubhouse Slip,,,failed,False,2026-08-19T22:05:51.290848+09:00
Clubhouse Slot,,,failed,False,2026-08-19T22:06:09.459067+09:00
Clubhouse Stake,,,failed,False,2026-08-23T02:58:35.873995+09:00
Clubhouse Statement,,,failed,False,2026-08-21T00:30:22.823388+09:00
Clubhouse Station,,,failed,False,2026-08-19T21:50:15.861548+09:00
Clubhouse Status,10.0,0.0,success,False,2026-08-19T22:02:05.634117+09:00
Clubhouse Stub,,,failed,False,2026-08-21T00:30:17.662990+09:00
Clubhouse Studio,480.0,1.0,success,False,2026-08-19T21:49:51.324073+09:00
Clubhouse Sum,,,failed,False,2026-08-21T02:27:35.877276+09:00
Clubhouse Summary,,,failed,False,2026-08-19T22:03:32.806508+09:00
Clubhouse Surtax,,,failed,False,2026-08-23T15:52:20.216125+09:00
Clubhouse Tab,,,failed,False,2026-08-21T00:31:01.051294+09:00
Clubhouse Table,140.0,15.0,success,False,2026-08-19T22:05:32.455871+09:00
Clubhouse Tag,,,failed,False,2026-08-19T22:01:45.686906+09:00
Clubhouse Tally,70.0,1.0,success,False,2026-08-21T00:30:29.735189+09:00
Clubhouse Tariff,,,failed,False,2026-08-21T02:44:16.067023+09:00
Clubhouse Tax,,,failed,False,2026-08-21T02:10:58.400903+09:00
Clubhouse Terminal,,,failed,False,2026-08-19T21:50:26.967968+09:00
Clubhouse Ticker,10.0,0.0,success,False,2026-08-19T21:59:42.241525+09:00
Clubhouse Ticket,70.0,20.0,success,False,2026-08-19T22:04:13.367774+09:00
Clubhouse Tier,,,failed,False,2026-08-28T00:47:32.809688+09:00
Clubhouse Timeline,,,failed,False,2026-08-19T22:03:42.018748+09:00
Clubhouse Timer,,,failed,False,2026-08-28T00:24:17.222604+09:00
Clubhouse Token,,,failed,False,2026-08-23T13:27:25.869179+09:00
Clubhouse Toll,,,failed,False,2026-08-21T02:44:13.647823+09:00
Clubhouse Toolbox,,,failed,False,2026-08-28T00:24:22.351196+09:00
Clubhouse Tracker,10.0,0.0,success,False,2026-08-19T22:06:22.029176+09:00
Clubhouse Trend,10.0,0.0,success,False,2026-08-28T01:05:40.494261+09:00
Clubhouse Trial,,,failed,False,2026-08-27T21:19:31.239406+09:00
Clubhouse Unit,,,failed,False,2026-08-21T01:53:38.487807+09:00
Clubhouse Update,50.0,0.0,success,False,2026-08-19T22:03:05.892678+09:00
Clubhouse Value,210.0,0.0,success,False,2026-08-23T02:58:33.536123+09:00
Clubhouse Vault,,,failed,False,2026-08-19T22:07:25.606827+09:00
Clubhouse View,,,failed,False,2026-08-19T22:02:16.192857+09:00
Clubhouse Voucher,10.0,57.0,success,False,2026-08-21T00:30:01.129618+09:00
Clubhouse Watch,10.0,10.0,success,False,2026-08-19T21:46:50.004607+09:00
Clubhouse Wave,10.0,,success,False,2026-08-19T21:47:43.048701+09:00
Clubhouse Window,70.0,0.0,success,False,2026-08-19T22:00:04.199605+09:00
Clubhouse Worksheet,,,failed,False,2026-08-27T22:15:17.446247+09:00
Clubhouse Workshop,,,failed,False,2026-08-28T00:24:19.907536+09:00
Clubhouse Zone,,,failed,False,2026-08-19T21:50:49.199189+09:00
Cohort Advisory,,,failed,False,2026-08-21T01:06:51.131996+09:00
Cohort Allowance,,,failed,False,2026-08-21T02:45:41.299406+09:00
Cohort Almanac,,,failed,False,2026-08-18T22:11:27.427914+09:00
Cohort Analyzer,10.0,29.0,success,False,2026-08-27T23:56:35.462889+09:00
Cohort Anchor,,,failed,False,2026-08-17T20:39:28.862436+09:00
Cohort Announcement,20.0,0.0,success,False,2026-08-27T23:34:54.940798+09:00
Cohort Assistant,,,failed,False,2026-08-17T23:26:41.280182+09:00
Cohort Atlas,,,failed,False,2026-08-17T21:41:07.674308+09:00
Cohort Badge,,,failed,False,2026-08-21T00:33:03.712506+09:00
Cohort Base,,,failed,False,2026-08-17T21:36:00.741055+09:00
Cohort Beacon,,,failed,False,2026-08-17T20:42:43.172174+09:00
Cohort Bill,,,failed,False,2026-08-19T21:54:42.461641+09:00
Cohort Blueprint,,,failed,False,2026-08-18T22:11:19.240583+09:00
Cohort Board,,,failed,False,2026-08-17T21:32:57.336519+09:00
Cohort Book,10.0,0.0,success,False,2026-08-19T21:55:31.155886+09:00
Cohort Bridge,10.0,0.0,success,False,2026-08-17T20:40:21.350341+09:00
Cohort Brief,,,failed,False,2026-08-21T01:06:42.544203+09:00
Cohort Bulletin,,,failed,False,2026-08-21T01:06:33.871335+09:00
Cohort Calculator,,,failed,False,2026-08-27T23:34:57.472203+09:00
Cohort Calendar,50.0,1.0,success,False,2026-08-19T00:02:34.221000+09:00
Cohort Card,,,failed,False,2026-08-19T13:38:33.395376+09:00
Cohort Cascade,,,failed,False,2026-08-17T20:41:07.425187+09:00
Cohort Cash,,,failed,False,2026-08-21T02:30:24.474717+09:00
Cohort Catalog,,,failed,False,2026-08-19T21:10:24.800768+09:00
Cohort Center,,,failed,False,2026-08-17T20:44:58.380838+09:00
Cohort Chain,,,failed,False,2026-08-17T20:34:20.444490+09:00
Cohort Charge,,,failed,False,2026-08-21T02:45:28.044980+09:00
Cohort Check,,,failed,False,2026-08-19T13:39:03.234764+09:00
Cohort Checker,,,failed,False,2026-08-27T23:56:30.078148+09:00
Cohort Checklist,30.0,0.0,success,False,2026-08-19T21:09:24.314607+09:00
Cohort Circular,,,failed,False,2026-08-21T01:06:46.678178+09:00
Cohort Cockpit,,,failed,False,2026-08-17T23:15:10.071233+09:00
Cohort Code,30.0,0.0,success,False,2026-08-19T21:55:03.832007+09:00
Cohort Codex,,,failed,False,2026-08-18T22:11:45.045166+09:00
Cohort Companion,10.0,0.0,success,False,2026-08-17T23:27:56.034352+09:00
Cohort Comparison,40.0,1.0,success,False,2026-08-28T01:06:54.096928+09:00
Cohort Compass,,,failed,False,2026-08-17T20:43:38.857738+09:00
Cohort Compendium,,,failed,False,2026-08-18T22:11:37.206712+09:00
Cohort Confirmation,,,failed,False,2026-08-21T01:07:00.683520+09:00
Cohort Console,,,failed,False,2026-08-17T20:42:15.711128+09:00
Cohort Contribution,,,failed,False,2026-08-23T16:13:14.533515+09:00
Cohort Core,,,failed,False,2026-08-17T21:34:57.125142+09:00
Cohort Cost,,,failed,False,2026-08-21T02:14:07.166822+09:00
Cohort Count,,,failed,False,2026-08-27T22:48:25.660209+09:00
Cohort Counter,,,failed,False,2026-08-19T00:03:21.455005+09:00
Cohort Dashboard,50.0,5.0,success,False,2026-08-17T23:27:42.956477+09:00
Cohort Deal,,,failed,False,2026-08-21T01:58:34.274743+09:00
Cohort Debt,,,failed,False,2026-08-21T02:30:16.403499+09:00
Cohort Deck,20.0,42.0,success,False,2026-08-17T21:31:44.399230+09:00
Cohort Depot,,,failed,False,2026-08-19T00:03:04.417889+09:00
Cohort Desk,,,failed,False,2026-08-17T20:47:35.936558+09:00
Cohort Detail,,,failed,False,2026-08-23T03:15:38.644159+09:00
Cohort Detector,,,failed,False,2026-08-27T23:56:32.424799+09:00
Cohort Diagram,90.0,0.0,success,False,2026-08-27T22:10:26.332247+09:00
Cohort Dial,,,failed,False,2026-08-17T20:40:45.689604+09:00
Cohort Digest,,,failed,False,2026-08-19T20:38:53.768635+09:00
Cohort Directory,,,failed,False,2026-08-19T00:02:41.985677+09:00
Cohort Discount,20.0,0.0,success,False,2026-08-23T16:13:08.662730+09:00
Cohort Dock,,,failed,False,2026-08-17T20:37:14.189830+09:00
Cohort Dossier,,,failed,False,2026-08-21T01:07:05.419425+09:00
Cohort Downpayment,,,failed,False,2026-08-27T21:46:57.331452+09:00
Cohort Draft,,,failed,False,2026-08-19T20:39:09.333161+09:00
Cohort Duty,,,failed,False,2026-08-21T02:45:36.117852+09:00
Cohort Engine,,,failed,False,2026-08-17T23:11:56.017978+09:00
Cohort Entry,70.0,0.0,success,False,2026-08-21T01:07:21.862187+09:00
Cohort Estimate,,,failed,False,2026-08-19T21:10:13.375829+09:00
Cohort Excerpt,,,failed,False,2026-08-21T01:07:17.420617+09:00
Cohort Extension,,,failed,False,2026-08-23T16:38:24.543370+09:00
Cohort Fare,,,failed,False,2026-08-21T02:14:13.791830+09:00
Cohort Fee,,,failed,False,2026-08-21T01:58:12.628800+09:00
Cohort Feed,,,failed,False,2026-08-19T20:39:03.354865+09:00
Cohort File,,,failed,False,2026-08-19T20:38:14.851338+09:00
Cohort Finder,,,failed,False,2026-08-19T00:02:58.410814+09:00
Cohort Fine,,,failed,False,2026-08-23T02:52:35.436753+09:00
Cohort Flag,,,failed,False,2026-08-21T00:33:46.093002+09:00
Cohort Flow,20.0,0.0,success,False,2026-08-17T21:32:20.148818+09:00
Cohort Forge,,,failed,False,2026-08-17T20:41:55.751231+09:00
Cohort Form,20.0,0.0,success,False,2026-08-19T13:38:17.915581+09:00
Cohort Format,20.0,0.0,success,False,2026-08-23T13:05:36.623967+09:00
Cohort Frame,,,failed,False,2026-08-17T21:36:59.022364+09:00
Cohort Fund,,,failed,False,2026-08-21T02:30:21.260254+09:00
Cohort Gate,,,failed,False,2026-08-18T07:43:38.150133+09:00
Cohort Generator,,,failed,False,2026-08-27T23:34:57.472203+09:00
Cohort Grade,,,failed,False,2026-08-21T00:33:25.139045+09:00
Cohort Graph,110.0,1.0,success,False,2026-08-27T22:10:16.912585+09:00
Cohort Grid,,,failed,False,2026-08-17T20:34:44.892914+09:00
Cohort Guarantee,,,failed,False,2026-08-28T01:07:05.829192+09:00
Cohort Guard,,,failed,False,2026-08-17T21:35:30.145341+09:00
Cohort Guidebook,,,failed,False,2026-08-18T22:11:01.803326+09:00
Cohort Helpdesk,,,failed,False,2026-08-27T22:48:31.695595+09:00
Cohort Helper,,,failed,False,2026-08-28T00:25:51.267385+09:00
Cohort History,,,failed,False,2026-08-19T20:38:05.655570+09:00
Cohort Hotline,,,failed,False,2026-08-19T21:10:34.981799+09:00
Cohort Hub,,,failed,False,2026-08-17T21:31:08.679950+09:00
Cohort Identifier,,,failed,False,2026-08-23T13:05:32.456522+09:00
Cohort Index,,,failed,False,2026-08-19T21:09:34.510109+09:00
Cohort Insight,,,failed,False,2026-08-17T23:08:17.909902+09:00
Cohort Installment,,,failed,False,2026-08-23T16:13:10.832744+09:00
Cohort Item,,,failed,False,2026-08-21T01:58:16.207160+09:00
Cohort Journal,10.0,0.0,success,False,2026-08-18T22:10:45.324652+09:00
Cohort Keeper,,,failed,False,2026-08-17T21:37:39.097196+09:00
Cohort Kit,,,failed,False,2026-08-27T22:48:20.741854+09:00
Cohort Lab,10.0,0.0,success,False,2026-08-17T20:48:18.389398+09:00
Cohort Label,30.0,0.0,success,False,2026-08-27T22:10:19.864578+09:00
Cohort Ledger,,,failed,False,2026-08-17T21:33:53.413747+09:00
Cohort Lens,,,failed,False,2026-08-17T21:38:10.743063+09:00
Cohort Level,40.0,0.0,success,False,2026-08-19T20:38:24.406986+09:00
Cohort Link,,,failed,False,2026-08-23T03:15:32.798139+09:00
Cohort List,30.0,0.0,success,False,2026-08-19T21:55:12.102159+09:00
Cohort Loan,,,failed,False,2026-08-21T02:14:16.325639+09:00
Cohort Locator,,,failed,False,2026-08-19T00:02:48.631996+09:00
Cohort Lock,,,failed,False,2026-08-17T21:41:39.306179+09:00
Cohort Log,,,failed,False,2026-08-19T13:37:57.164882+09:00
Cohort Loop,,,failed,False,2026-08-17T20:35:47.352548+09:00
Cohort Manager,20.0,4.0,success,False,2026-08-17T21:36:32.684484+09:00
Cohort Manual,,,failed,False,2026-08-27T22:10:23.604541+09:00
Cohort Map,40.0,2.0,success,False,2026-08-17T21:39:40.995935+09:00
Cohort Margin,,,failed,False,2026-08-23T02:52:33.355566+09:00
Cohort Memo,,,failed,False,2026-08-21T00:33:32.477901+09:00
Cohort Message,,,failed,False,2026-08-27T23:13:41.688189+09:00
Cohort Meter,,,failed,False,2026-08-17T20:39:57.613991+09:00
Cohort Metrics,30.0,0.0,success,False,2026-08-17T23:27:26.699527+09:00
Cohort Monitor,,,failed,False,2026-08-17T23:27:14.779355+09:00
Cohort Navigator,,,failed,False,2026-08-17T23:10:02.526148+09:00
Cohort Nexus,,,failed,False,2026-08-18T07:43:51.559731+09:00
Cohort Node,,,failed,False,2026-08-17T20:32:14.147491+09:00
Cohort Note,,,failed,False,2026-08-19T13:39:43.638809+09:00
Cohort Notification,,,failed,False,2026-08-27T22:48:20.741854+09:00
Cohort Number,140.0,0.0,success,False,2026-08-23T03:15:24.852114+09:00
Cohort Office,,,failed,False,2026-08-19T00:03:09.712807+09:00
Cohort Ops,,,failed,False,2026-08-17T23:28:10.025737+09:00
Cohort Organizer,,,failed,False,2026-08-17T23:13:34.703463+09:00
Cohort Overage,,,failed,False,2026-08-27T21:46:54.698818+09:00
Cohort Overdue,,,failed,False,2026-08-27T21:46:49.880048+09:00
Cohort Panel,10.0,0.0,success,False,2026-08-17T20:41:30.101842+09:00
Cohort Pass,,,failed,False,2026-08-21T00:32:54.976982+09:00
Cohort Path,,,failed,False,2026-08-17T20:31:41.996994+09:00
Cohort Payoff,,,failed,False,2026-08-27T21:46:52.310844+09:00
Cohort Penalty,,,failed,False,2026-08-23T16:38:19.079152+09:00
Cohort Petition,,,failed,False,2026-08-21T01:06:56.173532+09:00
Cohort Pilot,,,failed,False,2026-08-17T21:30:00.229933+09:00
Cohort Plan,,,failed,False,2026-08-21T01:58:27.155216+09:00
Cohort Planner,,,failed,False,2026-08-17T23:06:32.975995+09:00
Cohort Playbook,,,failed,False,2026-08-18T22:10:36.115087+09:00
Cohort Point,,,failed,False,2026-08-18T07:52:46.019796+09:00
Cohort Portal,30.0,0.0,success,False,2026-08-17T20:43:12.470155+09:00
Cohort Preview,,,failed,False,2026-08-28T01:06:58.788190+09:00
Cohort Profile,70.0,1.0,success,False,2026-08-19T13:40:05.769727+09:00
Cohort Proposal,,,failed,False,2026-08-28T01:07:01.226912+09:00
Cohort Pulse,,,failed,False,2026-08-17T20:33:54.236742+09:00
Cohort Queue,,,failed,False,2026-08-19T21:10:02.424096+09:00
Cohort Quota,,,failed,False,2026-08-21T00:33:37.107629+09:00
Cohort Radar,,,failed,False,2026-08-17T20:46:22.420312+09:00
Cohort Rail,,,failed,False,2026-08-17T20:36:13.174234+09:00
Cohort Rate,210.0,1.0,success,False,2026-08-19T20:38:33.715363+09:00
Cohort Recap,,,failed,False,2026-08-21T01:07:11.720033+09:00
Cohort Recorder,,,failed,False,2026-08-27T23:34:59.997959+09:00
Cohort Register,,,failed,False,2026-08-17T23:04:21.710025+09:00
Cohort Registry,,,failed,False,2026-08-18T22:11:09.923371+09:00
Cohort Relay,,,failed,False,2026-08-17T20:45:30.439940+09:00
Cohort Reminder,,,failed,False,2026-08-19T21:09:10.178555+09:00
Cohort Report,170.0,3.0,success,False,2026-08-19T13:37:46.745101+09:00
Cohort Repository,,,failed,False,2026-08-27T23:13:53.622178+09:00
Cohort Result,,,failed,False,2026-08-28T00:48:02.582128+09:00
Cohort Roadmap,,,failed,False,2026-08-18T22:11:53.253087+09:00
Cohort Roll,,,failed,False,2026-08-19T12:26:26.109725+09:00
Cohort Roster,,,failed,False,2026-08-19T00:37:15.495159+09:00
Cohort Route,,,failed,False,2026-08-17T20:38:07.696860+09:00
Cohort Rule,,,failed,False,2026-08-23T03:15:35.333103+09:00
Cohort Sale,,,failed,False,2026-08-21T02:30:27.978125+09:00
Cohort Sample,70.0,0.0,success,False,2026-08-19T21:55:51.993679+09:00
Cohort Scale,,,failed,False,2026-08-17T20:39:04.557611+09:00
Cohort Scanner,,,failed,False,2026-08-27T23:56:30.078148+09:00
Cohort Scheduler,,,failed,False,2026-08-17T23:26:58.468073+09:00
Cohort Scope,,,failed,False,2026-08-17T20:36:43.272468+09:00
Cohort Score,,,failed,False,2026-08-19T13:39:26.336599+09:00
Cohort Sentry,,,failed,False,2026-08-17T21:38:46.123803+09:00
Cohort Sheet,,,failed,False,2026-08-19T13:38:55.423036+09:00
Cohort Shortfall,,,failed,False,2026-08-27T21:47:00.631100+09:00
Cohort Signal,,,failed,False,2026-08-17T20:38:33.752321+09:00
Cohort Slip,,,failed,False,2026-08-19T21:55:41.048712+09:00
Cohort Slot,,,failed,False,2026-08-19T21:56:01.385775+09:00
Cohort Snapshot,,,failed,False,2026-08-18T22:10:56.062577+09:00
Cohort Statement,,,failed,False,2026-08-21T00:33:12.400590+09:00
Cohort Station,,,failed,False,2026-08-17T20:46:59.199715+09:00
Cohort Status,,,failed,False,2026-08-19T20:37:52.054454+09:00
Cohort Stipend,,,failed,False,2026-08-23T13:46:21.678760+09:00
Cohort Stub,,,failed,False,2026-08-21T00:33:08.035106+09:00
Cohort Studio,90.0,3.0,success,False,2026-08-17T21:30:37.005083+09:00
Cohort Subsidy,,,failed,False,2026-08-23T15:51:20.195828+09:00
Cohort Suite,,,failed,False,2026-08-17T23:26:27.360355+09:00
Cohort Sum,,,failed,False,2026-08-21T02:30:12.359355+09:00
Cohort Summary,,,failed,False,2026-08-19T21:08:46.825044+09:00
Cohort Sync,20.0,4.0,success,False,2026-08-17T21:33:22.663564+09:00
Cohort Tab,10.0,0.0,success,False,2026-08-21T00:33:50.963808+09:00
Cohort Table,320.0,0.0,success,False,2026-08-19T21:55:20.954175+09:00
Cohort Tag,,,failed,False,2026-08-19T13:39:51.910868+09:00
Cohort Tally,,,failed,False,2026-08-21T00:33:17.387160+09:00
Cohort Tariff,,,failed,False,2026-08-21T02:45:44.220380+09:00
Cohort Tax,,,failed,False,2026-08-21T02:14:16.325639+09:00
Cohort Ticket,,,failed,False,2026-08-19T21:09:48.311531+09:00
Cohort Timeline,10.0,0.0,success,False,2026-08-19T21:08:56.210906+09:00
Cohort Toll,,,failed,False,2026-08-21T02:45:38.713397+09:00
Cohort Toolbox,,,failed,False,2026-08-28T00:25:48.742639+09:00
Cohort Toolkit,,,failed,False,2026-08-18T22:10:30.545293+09:00
Cohort Total,,,failed,False,2026-08-27T23:13:44.050852+09:00
Cohort Tracker,110.0,1.0,success,False,2026-08-17T21:34:26.372304+09:00
Cohort Trail,,,failed,False,2026-08-17T20:35:15.216607+09:00
Cohort Trend,10.0,0.0,success,False,2026-08-28T01:06:54.096928+09:00
Cohort Trial,40.0,1.0,success,False,2026-08-27T21:15:49.145755+09:00
Cohort Unit,20.0,0.0,success,False,2026-08-21T01:58:23.267631+09:00
Cohort Update,,,failed,False,2026-08-19T20:38:42.409315+09:00
Cohort Value,,,failed,False,2026-08-23T02:52:30.798474+09:00
Cohort Vault,,,failed,False,2026-08-17T20:44:25.446111+09:00
Cohort View,90.0,1.0,success,False,2026-08-19T20:37:59.201045+09:00
Cohort Voucher,,,failed,False,2026-08-21T00:32:59.208813+09:00
Cohort Watch,,,failed,False,2026-08-17T20:37:44.009684+09:00
Cohort Wave,,,failed,False,2026-08-17T20:32:49.512310+09:00
Cohort Widget,,,failed,False,2026-08-27T23:13:44.050852+09:00
Cohort Workbench,,,failed,False,2026-08-18T22:10:20.360888+09:00
Cohort Worksheet,10.0,,success,False,2026-08-27T22:10:23.604541+09:00
Cohort Zone,,,failed,False,2026-08-17T20:44:06.631034+09:00
Coil Advisory,,,failed,False,2026-08-21T01:06:21.603341+09:00
Coil Alert,,,failed,False,2026-08-19T21:15:49.735937+09:00
Coil Allowance,,,failed,False,2026-08-21T02:38:23.344262+09:00
Coil Analyzer,,,failed,False,2026-08-27T23:53:59.228828+09:00
Coil Asset,,,failed,False,2026-08-23T13:47:49.087746+09:00
Coil Assistant,,,failed,False,2026-08-19T21:10:27.505284+09:00
Coil Atlas,,,failed,False,2026-08-19T21:09:36.551386+09:00
Coil Balance,90.0,97.0,success,False,2026-08-23T13:47:44.552149+09:00
Coil Base,90.0,2.0,success,False,2026-08-19T21:05:35.157530+09:00
Coil Bay,,,failed,False,2026-08-19T21:14:09.280828+09:00
Coil Beacon,,,failed,False,2026-08-19T21:31:56.342454+09:00
Coil Bill,,,failed,False,2026-08-19T21:46:45.064278+09:00
Coil Bin,,,failed,False,2026-08-19T21:16:09.798326+09:00
Coil Board,170.0,5.0,success,False,2026-08-19T21:06:13.197757+09:00
Coil Book,590.0,25.0,success,False,2026-08-19T21:47:52.868004+09:00
Coil Bridge,20.0,0.0,success,False,2026-08-19T21:32:17.835679+09:00
Coil Brief,,,failed,False,2026-08-21T01:06:13.819084+09:00
Coil Bulletin,,,failed,False,2026-08-21T01:06:09.386639+09:00
Coil Calculator,2400.0,0.0,success,True,2026-08-27T23:33:24.139257+09:00
Coil Calendar,30.0,69.0,success,False,2026-08-19T21:12:17.710681+09:00
Coil Card,50.0,4.0,success,False,2026-08-19T21:17:59.528469+09:00
Coil Cascade,10.0,0.0,success,False,2026-08-19T21:32:10.645735+09:00
Coil Cash,,,failed,False,2026-08-21T02:21:19.910090+09:00
Coil Cashback,,,failed,False,2026-08-27T21:19:50.770385+09:00
Coil Category,,,failed,False,2026-08-23T13:07:14.038929+09:00
Coil Center,260.0,6.0,success,False,2026-08-19T21:07:16.203533+09:00
Coil Chain,480.0,82.0,success,False,2026-08-19T21:08:48.624997+09:00
Coil Charge,880.0,49.0,success,False,2026-08-21T02:38:13.377279+09:00
Coil Chart,40.0,0.0,success,False,2026-08-19T21:16:00.282567+09:00
Coil Check,260.0,40.0,success,False,2026-08-19T21:18:19.882315+09:00
Coil Checker,260.0,40.0,success,False,2026-08-27T23:53:42.609151+09:00
Coil Circular,,,failed,False,2026-08-21T01:06:17.673460+09:00
Coil Code,50.0,0.0,success,False,2026-08-19T21:47:13.005766+09:00
Coil Companion,,,failed,False,2026-08-19T21:11:11.315009+09:00
Coil Comparison,10.0,0.0,success,False,2026-08-28T01:04:57.702842+09:00
Coil Compass,,,failed,False,2026-08-19T21:31:47.611554+09:00
Coil Confirmation,,,failed,False,2026-08-21T01:06:31.516088+09:00
Coil Console,,,failed,False,2026-08-19T21:07:47.829296+09:00
Coil Core,320.0,5.0,success,False,2026-08-19T21:05:49.435162+09:00
Coil Cost,170.0,2.0,success,False,2026-08-21T02:14:32.398981+09:00
Coil Count,50.0,27.0,success,False,2026-08-27T22:45:28.853044+09:00
Coil Counter,50.0,27.0,success,False,2026-08-19T21:13:13.092758+09:00
Coil Coupon,,,failed,False,2026-08-27T21:19:46.309866+09:00
Coil Deal,,,failed,False,2026-08-21T01:58:35.810953+09:00
Coil Debt,,,failed,False,2026-08-21T02:21:11.057858+09:00
Coil Deck,10.0,0.0,success,False,2026-08-19T21:06:25.471396+09:00
Coil Desk,,,failed,False,2026-08-19T21:31:14.747264+09:00
Coil Detail,,,failed,False,2026-08-23T03:18:41.681571+09:00
Coil Detector,170.0,56.0,success,False,2026-08-27T23:53:51.631383+09:00
Coil Diagram,480.0,0.0,success,False,2026-08-27T22:15:52.757907+09:00
Coil Directory,,,failed,False,2026-08-19T21:12:28.088394+09:00
Coil Discount,,,failed,False,2026-08-23T16:16:31.573856+09:00
Coil Dossier,,,failed,False,2026-08-21T01:06:36.051415+09:00
Coil Downpayment,,,failed,False,2026-08-27T21:50:54.080102+09:00
Coil Draft,,,failed,False,2026-08-19T21:29:59.646453+09:00
Coil Due,,,failed,False,2026-08-23T15:52:37.821939+09:00
Coil Duty,,,failed,False,2026-08-21T02:38:16.396053+09:00
Coil Engine,135000.0,61.0,success,False,2026-08-19T21:10:16.662476+09:00
Coil Entry,,,failed,False,2026-08-21T01:06:53.303863+09:00
Coil Estimate,,,failed,False,2026-08-19T21:30:42.715680+09:00
Coil Estimator,30.0,0.0,success,False,2026-08-27T23:53:39.725939+09:00
Coil Excerpt,,,failed,False,2026-08-21T01:06:48.856434+09:00
Coil Fare,,,failed,False,2026-08-21T02:14:40.877635+09:00
Coil Fee,,,failed,False,2026-08-21T01:58:16.207160+09:00
Coil Feed,210.0,16.0,success,False,2026-08-19T21:29:51.150185+09:00
Coil File,20.0,0.0,success,False,2026-08-19T21:19:54.949155+09:00
Coil Fine,,,failed,False,2026-08-23T02:54:13.248458+09:00
Coil Flag,,,failed,False,2026-08-21T00:32:03.646563+09:00
Coil Flow,20.0,1.0,success,False,2026-08-19T21:31:01.684338+09:00
Coil Forge,50.0,46.0,success,False,2026-08-19T21:32:03.032645+09:00
Coil Form,210.0,1.0,success,False,2026-08-19T21:17:51.663250+09:00
Coil Frame,90.0,67.0,success,False,2026-08-19T21:05:24.897505+09:00
Coil Fund,,,failed,False,2026-08-21T02:21:14.623269+09:00
Coil Gate,30.0,64.0,success,False,2026-08-19T21:09:13.421479+09:00
Coil Giveaway,,,failed,False,2026-08-27T21:19:56.366947+09:00
Coil Grade,,,failed,False,2026-08-21T00:31:43.518986+09:00
Coil Grid,10.0,0.0,success,False,2026-08-19T21:04:19.743151+09:00
Coil Guarantee,,,failed,False,2026-08-28T01:05:03.424573+09:00
Coil Guardian,50.0,2.0,success,False,2026-08-28T00:23:53.902588+09:00
Coil Helpdesk,,,failed,False,2026-08-27T22:45:28.853044+09:00
Coil Helper,20.0,100.0,success,False,2026-08-28T00:23:58.859062+09:00
Coil History,10.0,0.0,success,False,2026-08-19T21:19:44.972350+09:00
Coil Hub,20.0,0.0,success,False,2026-08-19T21:31:07.393138+09:00
Coil Identifier,,,failed,False,2026-08-23T13:07:10.531607+09:00
Coil Inbox,,,failed,False,2026-08-19T21:15:40.357740+09:00
Coil Incentive,,,failed,False,2026-08-27T21:19:56.366947+09:00
Coil Index,30.0,0.0,success,False,2026-08-19T21:30:28.519556+09:00
Coil Installment,,,failed,False,2026-08-23T16:16:35.923082+09:00
Coil Item,,,failed,False,2026-08-21T01:58:19.228464+09:00
Coil Journal,40.0,97.0,success,False,2026-08-19T21:11:55.349483+09:00
Coil Keeper,30.0,0.0,success,False,2026-08-19T21:09:50.193216+09:00
Coil Kit,390.0,16.0,success,False,2026-08-27T22:45:15.401077+09:00
Coil Lab,20.0,0.0,success,False,2026-08-19T21:06:42.695560+09:00
Coil Label,140.0,2.0,success,False,2026-08-27T22:15:41.431097+09:00
Coil Ledger,,,failed,False,2026-08-19T21:06:02.010882+09:00
Coil Level,,,failed,False,2026-08-19T21:20:07.240027+09:00
Coil Levy,,,failed,False,2026-08-23T13:47:51.726767+09:00
Coil Line,720.0,1.0,success,False,2026-08-19T21:16:59.496910+09:00
Coil Link,10.0,0.0,success,False,2026-08-23T03:18:33.193002+09:00
Coil List,10.0,0.0,success,False,2026-08-19T21:47:26.468483+09:00
Coil Loan,,,failed,False,2026-08-21T02:14:50.093035+09:00
Coil Lobby,,,failed,False,2026-08-19T21:16:33.965835+09:00
Coil Locator,,,failed,False,2026-08-19T21:12:39.256118+09:00
Coil Log,140.0,92.0,success,False,2026-08-19T21:17:42.432873+09:00
Coil Loop,140.0,11.0,success,False,2026-08-19T21:04:08.048540+09:00
Coil Manager,,,failed,False,2026-08-19T21:10:05.581791+09:00
Coil Manual,10.0,0.0,success,False,2026-08-27T22:15:49.874448+09:00
Coil Map,20.0,0.0,success,False,2026-08-19T21:05:12.493876+09:00
Coil Margin,,,failed,False,2026-08-23T02:54:11.154631+09:00
Coil Markup,,,failed,False,2026-08-23T16:40:11.516867+09:00
Coil Memo,,,failed,False,2026-08-21T00:31:49.661501+09:00
Coil Monitor,,,failed,False,2026-08-19T21:11:00.361566+09:00
Coil Nexus,10.0,,success,False,2026-08-19T21:09:25.998389+09:00
Coil Note,,,failed,False,2026-08-19T21:18:40.810817+09:00
Coil Notification,,,failed,False,2026-08-27T22:45:10.355251+09:00
Coil Number,90.0,0.0,success,False,2026-08-23T03:18:25.372913+09:00
Coil Ops,,,failed,False,2026-08-19T21:11:31.992305+09:00
Coil Order,10.0,0.0,success,False,2026-08-19T21:46:33.632095+09:00
Coil Overage,,,failed,False,2026-08-27T21:50:51.730845+09:00
Coil Overdue,,,failed,False,2026-08-27T21:50:49.400709+09:00
Coil Panel,50.0,1.0,success,False,2026-08-19T21:07:55.214041+09:00
Coil Pass,10.0,0.0,success,False,2026-08-21T00:31:05.602481+09:00
Coil Passport,,,failed,False,2026-08-19T21:16:23.704707+09:00
Coil Path,,,failed,False,2026-08-19T21:04:47.167430+09:00
Coil Payoff,10.0,25.0,success,False,2026-08-27T21:50:49.400709+09:00
Coil Petition,,,failed,False,2026-08-21T01:06:25.514755+09:00
Coil Plan,,,failed,False,2026-08-21T01:58:34.274743+09:00
Coil Planner,140.0,100.0,success,False,2026-08-19T21:10:38.305423+09:00
Coil Playbook,,,failed,False,2026-08-19T21:11:44.619551+09:00
Coil Point,50.0,75.0,success,False,2026-08-19T21:04:59.839669+09:00
Coil Portal,20.0,0.0,success,False,2026-08-19T21:07:36.739108+09:00
Coil Preview,10.0,0.0,success,False,2026-08-28T01:04:57.702842+09:00
Coil Profile,20.0,0.0,success,False,2026-08-19T21:19:08.211207+09:00
Coil Profit,,,failed,False,2026-08-23T02:54:03.941195+09:00
Coil Proposal,,,failed,False,2026-08-28T01:05:00.784184+09:00
Coil Quota,,,failed,False,2026-08-21T00:31:57.081328+09:00
Coil Radar,,,failed,False,2026-08-19T21:31:23.417988+09:00
Coil Rail,90.0,3.0,success,False,2026-08-19T21:08:25.447867+09:00
Coil Rate,90.0,9.0,success,False,2026-08-19T21:29:38.081788+09:00
Coil Recap,,,failed,False,2026-08-21T01:06:44.007854+09:00
Coil Receipt,,,failed,False,2026-08-19T21:46:58.234898+09:00
Coil Register,50.0,0.0,success,False,2026-08-19T21:11:21.991848+09:00
Coil Registry,,,failed,False,2026-08-19T21:12:05.902513+09:00
Coil Relay,2900.0,42.0,success,False,2026-08-19T21:31:29.606643+09:00
Coil Reminder,,,failed,False,2026-08-19T21:30:22.896569+09:00
Coil Report,,,failed,False,2026-08-19T21:17:33.160544+09:00
Coil Result,,,failed,False,2026-08-28T00:47:13.320687+09:00
Coil Ring,1300.0,100.0,success,False,2026-08-19T21:08:58.951614+09:00
Coil Roll,480.0,37.0,success,False,2026-08-19T21:17:23.744501+09:00
Coil Roster,,,failed,False,2026-08-19T21:15:29.461766+09:00
Coil Route,,,failed,False,2026-08-19T21:08:15.358718+09:00
Coil Rule,,,failed,False,2026-08-23T03:18:36.305827+09:00
Coil Sale,20.0,2.0,success,False,2026-08-21T02:21:23.135425+09:00
Coil Sample,20.0,0.0,success,False,2026-08-19T21:48:19.671606+09:00
Coil Scale,50.0,35.0,success,False,2026-08-19T21:08:05.171033+09:00
Coil Scanner,,,failed,False,2026-08-27T23:53:48.068906+09:00
Coil Scheduler,,,failed,False,2026-08-19T21:10:46.722805+09:00
Coil Schematic,140.0,0.0,success,False,2026-08-27T22:28:37.219396+09:00
Coil Scope,10.0,4.0,success,False,2026-08-19T21:03:55.204280+09:00
Coil Score,,,failed,False,2026-08-19T21:18:30.637363+09:00
Coil Sheet,590.0,27.0,success,False,2026-08-19T21:18:08.963564+09:00
Coil Shelf,,,failed,False,2026-08-19T21:15:19.107238+09:00
Coil Shortfall,,,failed,False,2026-08-27T21:50:56.215822+09:00
Coil Signal,10.0,0.0,success,False,2026-08-19T21:03:27.831086+09:00
Coil Slip,,,failed,False,2026-08-19T21:48:07.459723+09:00
Coil Slot,40.0,12.0,success,False,2026-08-19T21:48:34.329578+09:00
Coil Stake,,,failed,False,2026-08-23T02:54:08.933520+09:00
Coil Statement,,,failed,False,2026-08-21T00:31:30.142352+09:00
Coil Station,20.0,0.0,success,False,2026-08-19T21:06:52.977513+09:00
Coil Status,20.0,0.0,success,False,2026-08-19T21:19:19.264899+09:00
Coil Sum,,,failed,False,2026-08-21T02:21:06.391588+09:00
Coil Summary,,,failed,False,2026-08-19T21:30:07.251599+09:00
Coil Table,40.0,27.0,success,False,2026-08-19T21:47:40.553023+09:00
Coil Tag,,,failed,False,2026-08-19T21:18:56.938365+09:00
Coil Tally,,,failed,False,2026-08-21T00:31:36.211701+09:00
Coil Tariff,,,failed,False,2026-08-21T02:38:25.978724+09:00
Coil Tax,,,failed,False,2026-08-21T02:14:45.406179+09:00
Coil Terminal,140.0,12.0,success,False,2026-08-19T21:07:04.594270+09:00
Coil Ticker,10.0,7.0,success,False,2026-08-19T21:16:46.731573+09:00
Coil Ticket,,,failed,False,2026-08-19T21:30:36.862882+09:00
Coil Timeline,,,failed,False,2026-08-19T21:30:14.177717+09:00
Coil Timer,110.0,48.0,success,False,2026-08-28T00:23:49.555058+09:00
Coil Toll,,,failed,False,2026-08-21T02:38:19.881796+09:00
Coil Toolbox,,,failed,False,2026-08-28T00:23:56.463149+09:00
Coil Total,,,failed,False,2026-08-27T23:11:08.284499+09:00
Coil Tower,140.0,88.0,success,False,2026-08-19T21:15:04.533430+09:00
Coil Tracker,,,failed,False,2026-08-19T21:30:51.810974+09:00
Coil Trail,10.0,0.0,success,False,2026-08-19T21:08:35.799168+09:00
Coil Trend,,,failed,False,2026-08-28T01:04:54.734993+09:00
Coil Trial,,,failed,False,2026-08-27T21:19:54.141367+09:00
Coil Unit,390.0,34.0,success,False,2026-08-21T01:58:23.267631+09:00
Coil Update,,,failed,False,2026-08-19T21:29:44.160374+09:00
Coil Value,40.0,0.0,success,False,2026-08-23T02:54:06.073801+09:00
Coil Vault,,,failed,False,2026-08-19T21:31:38.211604+09:00
Coil Version,40.0,0.0,success,False,2026-08-23T03:18:29.464352+09:00
Coil View,,,failed,False,2026-08-19T21:19:30.531478+09:00
Coil Watch,590.0,31.0,success,False,2026-08-19T21:03:41.880915+09:00
Coil Wave,20.0,38.0,success,False,2026-08-19T21:04:33.210036+09:00
Coil Widget,,,failed,False,2026-08-27T23:11:08.284499+09:00
Coil Window,170.0,76.0,success,False,2026-08-19T21:17:13.210771+09:00
Coil Workshop,10.0,0.0,success,False,2026-08-28T00:23:49.555058+09:00
Coil Zone,40.0,17.0,success,False,2026-08-19T21:07:25.102552+09:00
Coinsurance Advance,,,failed,False,2026-08-23T16:15:20.225326+09:00
Coinsurance Advisory,,,failed,False,2026-08-21T01:05:18.575555+09:00
Coinsurance Alert,,,failed,False,2026-08-21T00:08:19.938205+09:00
Coinsurance Allowance,,,failed,False,2026-08-21T02:43:16.744782+09:00
Coinsurance Analyzer,,,failed,False,2026-08-27T23:53:29.478686+09:00
Coinsurance Arrears,,,failed,False,2026-08-23T16:15:17.461758+09:00
Coinsurance Assistant,,,failed,False,2026-08-21T00:06:41.845552+09:00
Coinsurance Atlas,,,failed,False,2026-08-21T00:06:31.070365+09:00
Coinsurance Attribute,,,failed,False,2026-08-23T13:05:23.446570+09:00
Coinsurance Badge,,,failed,False,2026-08-21T00:28:53.322616+09:00
Coinsurance Balance,,,failed,False,2026-08-23T13:46:47.656789+09:00
Coinsurance Base,,,failed,False,2026-08-19T23:13:53.160538+09:00
Coinsurance Bay,,,failed,False,2026-08-21T00:07:41.757493+09:00
Coinsurance Beacon,,,failed,False,2026-08-21T00:11:18.069642+09:00
Coinsurance Bill,,,failed,False,2026-08-21T00:10:20.448306+09:00
Coinsurance Bin,,,failed,False,2026-08-21T00:08:26.557259+09:00
Coinsurance Board,,,failed,False,2026-08-21T00:05:29.824761+09:00
Coinsurance Book,,,failed,False,2026-08-21T00:10:39.439345+09:00
Coinsurance Booth,,,failed,False,2026-08-21T00:07:30.087170+09:00
Coinsurance Bridge,,,failed,False,2026-08-21T00:11:31.112963+09:00
Coinsurance Brief,,,failed,False,2026-08-21T01:05:11.632109+09:00
Coinsurance Bulletin,,,failed,False,2026-08-21T01:04:28.874460+09:00
Coinsurance Calculator,320.0,2.0,success,False,2026-08-27T23:33:05.663722+09:00
Coinsurance Card,,,failed,False,2026-08-21T00:09:02.871951+09:00
Coinsurance Cascade,,,failed,False,2026-08-21T00:11:27.452285+09:00
Coinsurance Cash,,,failed,False,2026-08-21T02:26:32.701256+09:00
Coinsurance Category,,,failed,False,2026-08-23T13:05:20.503897+09:00
Coinsurance Center,,,failed,False,2026-08-21T00:05:49.318712+09:00
Coinsurance Chain,,,failed,False,2026-08-21T00:06:19.535864+09:00
Coinsurance Charge,,,failed,False,2026-08-21T02:43:07.410836+09:00
Coinsurance Chart,,,failed,False,2026-08-21T00:08:22.856324+09:00
Coinsurance Check,,,failed,False,2026-08-21T00:09:09.007645+09:00
Coinsurance Checker,,,failed,False,2026-08-27T23:53:23.914629+09:00
Coinsurance Circular,,,failed,False,2026-08-21T01:04:45.668721+09:00
Coinsurance Code,20.0,0.0,success,False,2026-08-21T00:10:31.102119+09:00
Coinsurance Companion,,,failed,False,2026-08-21T00:06:55.425363+09:00
Coinsurance Comparison,,,failed,False,2026-08-28T01:05:03.424573+09:00
Coinsurance Confirmation,,,failed,False,2026-08-21T01:05:06.601547+09:00
Coinsurance Console,,,failed,False,2026-08-21T00:05:58.957091+09:00
Coinsurance Contribution,,,failed,False,2026-08-23T16:15:17.461758+09:00
Coinsurance Copayment,590.0,3.0,success,False,2026-08-23T16:39:35.759045+09:00
Coinsurance Core,,,failed,False,2026-08-21T00:05:23.895920+09:00
Coinsurance Cost,90.0,0.0,success,False,2026-08-21T02:09:35.775353+09:00
Coinsurance Count,,,failed,False,2026-08-27T22:44:19.444390+09:00
Coinsurance Counter,,,failed,False,2026-08-21T00:07:23.788027+09:00
Coinsurance Deal,,,failed,False,2026-08-21T01:52:08.240457+09:00
Coinsurance Debt,,,failed,False,2026-08-21T02:26:29.042609+09:00
Coinsurance Deck,,,failed,False,2026-08-21T00:05:32.052210+09:00
Coinsurance Desk,,,failed,False,2026-08-21T00:11:04.008018+09:00
Coinsurance Detail,,,failed,False,2026-08-23T03:24:30.095281+09:00
Coinsurance Detector,,,failed,False,2026-08-27T23:53:29.478686+09:00
Coinsurance Diagram,,,failed,False,2026-08-27T22:14:21.289312+09:00
Coinsurance Directory,,,failed,False,2026-08-21T00:07:10.102459+09:00
Coinsurance Discount,,,failed,False,2026-08-23T16:15:09.158473+09:00
Coinsurance Dossier,,,failed,False,2026-08-21T01:05:20.057524+09:00
Coinsurance Downpayment,,,failed,False,2026-08-27T21:49:48.123433+09:00
Coinsurance Draft,,,failed,False,2026-08-21T00:10:01.982446+09:00
Coinsurance Due,,,failed,False,2026-08-23T15:51:51.217465+09:00
Coinsurance Duty,,,failed,False,2026-08-21T02:43:10.515094+09:00
Coinsurance Endowment,,,failed,False,2026-08-23T15:51:55.644106+09:00
Coinsurance Engine,,,failed,False,2026-08-21T00:06:39.076451+09:00
Coinsurance Entry,,,failed,False,2026-08-21T01:05:30.928954+09:00
Coinsurance Estimate,,,failed,False,2026-08-21T00:10:14.810334+09:00
Coinsurance Estimator,,,failed,False,2026-08-27T23:53:21.557901+09:00
Coinsurance Excerpt,,,failed,False,2026-08-21T01:05:28.222738+09:00
Coinsurance Fare,,,failed,False,2026-08-21T02:09:44.145059+09:00
Coinsurance Fee,,,failed,False,2026-08-21T01:51:54.787871+09:00
Coinsurance Feed,,,failed,False,2026-08-21T00:09:59.655575+09:00
Coinsurance File,,,failed,False,2026-08-21T00:09:38.850867+09:00
Coinsurance Fine,,,failed,False,2026-08-23T02:57:55.201782+09:00
Coinsurance Flag,,,failed,False,2026-08-21T00:29:43.441391+09:00
Coinsurance Flow,,,failed,False,2026-08-21T00:10:58.171885+09:00
Coinsurance Forge,,,failed,False,2026-08-21T00:11:23.626216+09:00
Coinsurance Form,,,failed,False,2026-08-21T00:08:56.538180+09:00
Coinsurance Format,,,failed,False,2026-08-23T13:05:25.615596+09:00
Coinsurance Frame,,,failed,False,2026-08-19T22:41:53.355833+09:00
Coinsurance Fund,,,failed,False,2026-08-21T02:26:32.701256+09:00
Coinsurance Gate,,,failed,False,2026-08-21T00:06:26.162440+09:00
Coinsurance Grade,,,failed,False,2026-08-21T00:29:21.936028+09:00
Coinsurance Graph,,,failed,False,2026-08-27T22:14:14.143197+09:00
Coinsurance Grid,,,failed,False,2026-08-21T00:11:47.014910+09:00
Coinsurance Guarantee,,,failed,False,2026-08-28T01:05:11.238913+09:00
Coinsurance Guardian,,,failed,False,2026-08-28T00:23:37.982808+09:00
Coinsurance Harbor,,,failed,False,2026-08-21T00:07:59.311862+09:00
Coinsurance Helpdesk,,,failed,False,2026-08-27T22:44:24.073756+09:00
Coinsurance Helper,,,failed,False,2026-08-28T00:23:47.118724+09:00
Coinsurance History,,,failed,False,2026-08-21T00:09:36.388404+09:00
Coinsurance Hub,,,failed,False,2026-08-21T00:11:01.156571+09:00
Coinsurance Identifier,,,failed,False,2026-08-23T13:05:17.487653+09:00
Coinsurance Inbox,,,failed,False,2026-08-21T00:08:16.662845+09:00
Coinsurance Index,,,failed,False,2026-08-21T00:10:10.668873+09:00
Coinsurance Installment,,,failed,False,2026-08-23T16:15:12.953510+09:00
Coinsurance Interest,,,failed,False,2026-08-23T13:46:47.656789+09:00
Coinsurance Item,,,failed,False,2026-08-21T01:51:57.784692+09:00
Coinsurance Journal,,,failed,False,2026-08-21T00:07:02.641295+09:00
Coinsurance Keeper,,,failed,False,2026-08-21T00:06:33.457247+09:00
Coinsurance Kiosk,,,failed,False,2026-08-21T00:07:33.633888+09:00
Coinsurance Lab,,,failed,False,2026-08-21T00:05:39.660885+09:00
Coinsurance Ledger,,,failed,False,2026-08-21T00:05:26.838977+09:00
Coinsurance Level,10.0,0.0,success,False,2026-08-21T00:09:42.716549+09:00
Coinsurance Line,,,failed,False,2026-08-21T00:08:43.301972+09:00
Coinsurance Link,,,failed,False,2026-08-23T03:24:21.370472+09:00
Coinsurance List,,,failed,False,2026-08-21T00:10:34.597077+09:00
Coinsurance Loan,,,failed,False,2026-08-21T02:09:52.288046+09:00
Coinsurance Lobby,,,failed,False,2026-08-21T00:08:32.112101+09:00
Coinsurance Locator,,,failed,False,2026-08-21T00:07:13.344965+09:00
Coinsurance Locker,,,failed,False,2026-08-21T00:07:26.703840+09:00
Coinsurance Log,,,failed,False,2026-08-21T00:08:53.382830+09:00
Coinsurance Loop,,,failed,False,2026-08-21T00:11:44.764762+09:00
Coinsurance Manager,,,failed,False,2026-08-21T00:06:35.659041+09:00
Coinsurance Manual,,,failed,False,2026-08-27T22:14:17.347960+09:00
Coinsurance Map,,,failed,False,2026-08-19T22:41:50.846543+09:00
Coinsurance Margin,,,failed,False,2026-08-23T02:57:53.053705+09:00
Coinsurance Markup,,,failed,False,2026-08-23T16:39:35.759045+09:00
Coinsurance Memo,,,failed,False,2026-08-21T00:29:27.962730+09:00
Coinsurance Message,,,failed,False,2026-08-27T23:10:24.868971+09:00
Coinsurance Monitor,,,failed,False,2026-08-21T00:06:52.239933+09:00
Coinsurance Nexus,,,failed,False,2026-08-21T00:06:28.229778+09:00
Coinsurance Note,,,failed,False,2026-08-21T00:09:15.337380+09:00
Coinsurance Notification,,,failed,False,2026-08-27T22:44:11.984469+09:00
Coinsurance Number,,,failed,False,2026-08-23T03:24:18.387553+09:00
Coinsurance Office,,,failed,False,2026-08-21T00:07:19.615144+09:00
Coinsurance Ops,,,failed,False,2026-08-21T00:06:57.541230+09:00
Coinsurance Order,,,failed,False,2026-08-21T00:10:17.224400+09:00
Coinsurance Outpost,,,failed,False,2026-08-21T00:07:51.744677+09:00
Coinsurance Overage,,,failed,False,2026-08-27T21:49:45.629659+09:00
Coinsurance Overdraft,,,failed,False,2026-08-23T15:51:53.307481+09:00
Coinsurance Overdue,,,failed,False,2026-08-27T21:49:42.725472+09:00
Coinsurance Panel,,,failed,False,2026-08-21T00:06:02.924923+09:00
Coinsurance Pass,,,failed,False,2026-08-21T00:28:39.996166+09:00
Coinsurance Passport,,,failed,False,2026-08-21T00:08:29.674648+09:00
Coinsurance Path,,,failed,False,2026-08-21T00:11:58.658369+09:00
Coinsurance Payoff,,,failed,False,2026-08-27T21:49:45.629659+09:00
Coinsurance Penalty,210.0,1.0,success,False,2026-08-23T16:39:33.315090+09:00
Coinsurance Petition,,,failed,False,2026-08-21T01:05:02.312819+09:00
Coinsurance Plan,50.0,13.0,success,False,2026-08-21T01:52:06.168283+09:00
Coinsurance Planner,,,failed,False,2026-08-21T00:06:45.845117+09:00
Coinsurance Playbook,,,failed,False,2026-08-21T00:06:59.654665+09:00
Coinsurance Plaza,,,failed,False,2026-08-21T00:07:55.712848+09:00
Coinsurance Point,,,failed,False,2026-08-21T00:12:01.439565+09:00
Coinsurance Portal,,,failed,False,2026-08-21T00:05:56.272120+09:00
Coinsurance Post,,,failed,False,2026-08-21T00:07:47.780593+09:00
Coinsurance Preview,,,failed,False,2026-08-28T01:05:06.027579+09:00
Coinsurance Profile,,,failed,False,2026-08-21T00:09:23.484193+09:00
Coinsurance Profit,,,failed,False,2026-08-23T02:57:47.800883+09:00
Coinsurance Proposal,,,failed,False,2026-08-28T01:05:08.626878+09:00
Coinsurance Quota,,,failed,False,2026-08-21T00:29:35.718141+09:00
Coinsurance Radar,,,failed,False,2026-08-21T00:11:07.276592+09:00
Coinsurance Rail,,,failed,False,2026-08-21T00:06:10.990572+09:00
Coinsurance Rate,90.0,0.0,success,False,2026-08-21T00:09:46.713564+09:00
Coinsurance Recap,,,failed,False,2026-08-21T01:05:23.608566+09:00
Coinsurance Receipt,,,failed,False,2026-08-21T00:10:27.698876+09:00
Coinsurance Register,,,failed,False,2026-08-21T00:06:57.541230+09:00
Coinsurance Relay,,,failed,False,2026-08-21T00:11:09.626115+09:00
Coinsurance Reminder,,,failed,False,2026-08-21T00:10:08.386733+09:00
Coinsurance Report,,,failed,False,2026-08-21T00:08:50.298724+09:00
Coinsurance Ring,,,failed,False,2026-08-21T00:06:22.845965+09:00
Coinsurance Roll,,,failed,False,2026-08-21T00:08:47.899784+09:00
Coinsurance Roster,,,failed,False,2026-08-21T00:08:09.199254+09:00
Coinsurance Route,,,failed,False,2026-08-21T00:06:08.424463+09:00
Coinsurance Rule,,,failed,False,2026-08-23T03:24:25.190204+09:00
Coinsurance Sale,,,failed,False,2026-08-21T02:26:36.939016+09:00
Coinsurance Sample,,,failed,False,2026-08-21T00:10:46.000113+09:00
Coinsurance Scale,,,failed,False,2026-08-21T00:06:05.500178+09:00
Coinsurance Scanner,,,failed,False,2026-08-27T23:53:26.856284+09:00
Coinsurance Scope,,,failed,False,2026-08-21T00:11:41.126262+09:00
Coinsurance Score,,,failed,False,2026-08-21T00:09:11.987938+09:00
Coinsurance Sheet,,,failed,False,2026-08-21T00:09:06.463923+09:00
Coinsurance Shelf,,,failed,False,2026-08-21T00:08:06.282154+09:00
Coinsurance Shortfall,,,failed,False,2026-08-27T21:49:48.123433+09:00
Coinsurance Signal,,,failed,False,2026-08-21T00:11:33.849438+09:00
Coinsurance Slip,,,failed,False,2026-08-21T00:10:41.968767+09:00
Coinsurance Slot,,,failed,False,2026-08-21T00:10:48.719546+09:00
Coinsurance Stake,,,failed,False,2026-08-23T02:57:53.053705+09:00
Coinsurance Statement,,,failed,False,2026-08-21T00:29:07.557420+09:00
Coinsurance Station,,,failed,False,2026-08-21T00:05:42.702163+09:00
Coinsurance Status,,,failed,False,2026-08-21T00:09:30.468859+09:00
Coinsurance Stipend,,,failed,False,2026-08-23T13:46:52.749544+09:00
Coinsurance Stub,,,failed,False,2026-08-21T00:28:59.306676+09:00
Coinsurance Studio,,,failed,False,2026-08-21T00:05:36.511484+09:00
Coinsurance Subsidy,,,failed,False,2026-08-23T15:51:53.307481+09:00
Coinsurance Sum,,,failed,False,2026-08-21T02:26:24.473700+09:00
Coinsurance Summary,,,failed,False,2026-08-21T00:10:04.105660+09:00
Coinsurance Surtax,,,failed,False,2026-08-23T15:51:57.634783+09:00
Coinsurance Tab,,,failed,False,2026-08-21T00:29:50.648703+09:00
Coinsurance Table,,,failed,False,2026-08-21T00:10:37.172281+09:00
Coinsurance Tag,,,failed,False,2026-08-21T00:09:19.692750+09:00
Coinsurance Tally,,,failed,False,2026-08-21T00:29:13.109702+09:00
Coinsurance Tariff,,,failed,False,2026-08-21T02:43:21.598191+09:00
Coinsurance Tax,,,failed,False,2026-08-21T02:09:47.667221+09:00
Coinsurance Terminal,,,failed,False,2026-08-21T00:05:45.974525+09:00
Coinsurance Ticker,,,failed,False,2026-08-21T00:08:39.923175+09:00
Coinsurance Ticket,,,failed,False,2026-08-21T00:10:12.835483+09:00
Coinsurance Tier,,,failed,False,2026-08-28T00:47:13.320687+09:00
Coinsurance Timeline,,,failed,False,2026-08-21T00:10:06.230079+09:00
Coinsurance Timer,,,failed,False,2026-08-28T00:23:32.387348+09:00
Coinsurance Toll,,,failed,False,2026-08-21T02:43:14.426169+09:00
Coinsurance Toolbox,,,failed,False,2026-08-28T00:23:37.982808+09:00
Coinsurance Total,,,failed,False,2026-08-27T23:10:28.498213+09:00
Coinsurance Tower,,,failed,False,2026-08-21T00:08:03.129328+09:00
Coinsurance Tracker,,,failed,False,2026-08-21T00:10:51.522547+09:00
Coinsurance Trail,,,failed,False,2026-08-21T00:06:15.045348+09:00
Coinsurance Trend,,,failed,False,2026-08-28T01:05:00.784184+09:00
Coinsurance Trial,,,failed,False,2026-08-27T21:18:45.597821+09:00
Coinsurance Unit,,,failed,False,2026-08-21T01:52:03.394231+09:00
Coinsurance Update,,,failed,False,2026-08-21T00:09:53.180945+09:00
Coinsurance Value,10.0,0.0,success,False,2026-08-23T02:57:50.579977+09:00
Coinsurance Vault,,,failed,False,2026-08-21T00:11:12.755377+09:00
Coinsurance Version,,,failed,False,2026-08-23T03:24:18.387553+09:00
Coinsurance View,,,failed,False,2026-08-21T00:09:33.821521+09:00
Coinsurance Voucher,,,failed,False,2026-08-21T00:28:44.167575+09:00
Coinsurance Watch,,,failed,False,2026-08-21T00:11:37.455869+09:00
Coinsurance Wave,,,failed,False,2026-08-21T00:11:53.848385+09:00
Coinsurance Widget,,,failed,False,2026-08-27T23:10:31.050648+09:00
Coinsurance Window,,,failed,False,2026-08-21T00:08:45.670716+09:00
Coinsurance Worksheet,,,failed,False,2026-08-27T22:14:21.289312+09:00
Coinsurance Yard,,,failed,False,2026-08-21T00:07:38.957051+09:00
Coinsurance Zone,,,failed,False,2026-08-21T00:05:53.181576+09:00
Combination Advisory,,,failed,False,2026-08-21T01:01:55.292277+09:00
Combination Alert,,,failed,False,2026-08-19T21:31:59.320296+09:00
Combination Allowance,,,failed,False,2026-08-21T02:41:51.779430+09:00
Combination Analyzer,,,failed,False,2026-08-27T23:58:38.877794+09:00
Combination Assistant,,,failed,False,2026-08-19T21:19:11.883317+09:00
Combination Atlas,,,failed,False,2026-08-19T21:18:24.331096+09:00
Combination Attribute,,,failed,False,2026-08-23T13:09:35.316031+09:00
Combination Badge,,,failed,False,2026-08-21T00:35:49.197244+09:00
Combination Base,,,failed,False,2026-08-19T21:14:23.234492+09:00
Combination Bay,,,failed,False,2026-08-19T21:30:47.462824+09:00
Combination Beacon,,,failed,False,2026-08-19T21:11:46.371328+09:00
Combination Bill,90.0,18.0,success,False,2026-08-19T21:55:44.120814+09:00
Combination Bin,70.0,100.0,success,False,2026-08-19T21:32:13.666054+09:00
Combination Board,1000.0,74.0,success,False,2026-08-19T21:14:58.322778+09:00
Combination Book,1000.0,77.0,success,False,2026-08-19T21:56:40.008866+09:00
Combination Booth,,,failed,False,2026-08-19T21:30:24.987558+09:00
Combination Bridge,90.0,0.0,success,False,2026-08-19T21:12:22.393942+09:00
Combination Brief,,,failed,False,2026-08-21T00:59:34.151010+09:00
Combination Bulletin,,,failed,False,2026-08-21T00:59:30.115655+09:00
Combination Cabinet,320.0,98.0,success,False,2026-08-27T23:15:07.984003+09:00
Combination Calendar,,,failed,False,2026-08-19T21:29:34.148902+09:00
Combination Card,2400.0,8.0,success,False,2026-08-19T21:05:14.341737+09:00
Combination Cascade,,,failed,False,2026-08-19T21:12:09.668415+09:00
Combination Cash,,,failed,False,2026-08-21T02:25:09.393326+09:00
Combination Cashback,,,failed,False,2026-08-27T21:16:07.337495+09:00
Combination Catalog,,,failed,False,2026-08-19T21:09:52.138956+09:00
Combination Category,,,failed,False,2026-08-23T13:09:32.906091+09:00
Combination Center,,,failed,False,2026-08-19T21:16:04.396422+09:00
Combination Charge,,,failed,False,2026-08-21T02:41:38.667611+09:00
Combination Chart,5400.0,0.0,success,True,2026-08-19T21:32:06.209951+09:00
Combination Check,260.0,0.0,success,False,2026-08-19T21:05:37.228592+09:00
Combination Checker,260.0,0.0,success,False,2026-08-27T23:58:28.934840+09:00
Combination Checklist,,,failed,False,2026-08-19T21:08:50.261483+09:00
Combination Circular,,,failed,False,2026-08-21T01:01:52.955831+09:00
Combination Code,720.0,1.0,success,False,2026-08-19T21:56:05.092972+09:00
Combination Companion,,,failed,False,2026-08-19T21:19:58.668783+09:00
Combination Confirmation,,,failed,False,2026-08-21T00:59:50.492128+09:00
Combination Core,,,failed,False,2026-08-19T21:14:34.800336+09:00
Combination Cost,,,failed,False,2026-08-21T02:08:23.223151+09:00
Combination Count,170.0,0.0,success,False,2026-08-27T22:49:17.563475+09:00
Combination Counter,170.0,0.0,success,False,2026-08-19T21:30:10.428031+09:00
Combination Coupon,,,failed,False,2026-08-27T21:16:07.337495+09:00
Combination Deal,1600.0,29.0,success,False,2026-08-21T01:51:12.846846+09:00
Combination Debt,,,failed,False,2026-08-21T02:25:03.924004+09:00
Combination Deck,10.0,0.0,success,False,2026-08-19T21:15:09.209545+09:00
Combination Desk,320.0,100.0,success,False,2026-08-19T21:10:51.939321+09:00
Combination Detail,,,failed,False,2026-08-23T03:22:34.004366+09:00
Combination Detector,320.0,100.0,success,False,2026-08-27T23:58:34.382467+09:00
Combination Diagram,110.0,0.0,success,False,2026-08-27T22:10:56.558080+09:00
Combination Digest,,,failed,False,2026-08-19T21:07:49.558493+09:00
Combination Directory,,,failed,False,2026-08-19T21:29:40.498335+09:00
Combination Discount,,,failed,False,2026-08-23T16:12:51.127665+09:00
Combination Dossier,,,failed,False,2026-08-21T00:59:54.516148+09:00
Combination Downpayment,,,failed,False,2026-08-27T21:47:19.918276+09:00
Combination Draft,,,failed,False,2026-08-19T21:08:07.894185+09:00
Combination Duty,,,failed,False,2026-08-21T02:41:45.973513+09:00
Combination Endowment,,,failed,False,2026-08-23T15:51:01.656182+09:00
Combination Engine,,,failed,False,2026-08-19T21:19:00.035786+09:00
Combination Entry,30.0,0.0,success,False,2026-08-21T01:00:07.021185+09:00
Combination Estimate,,,failed,False,2026-08-19T21:09:40.471721+09:00
Combination Estimator,,,failed,False,2026-08-27T23:58:26.225716+09:00
Combination Excerpt,,,failed,False,2026-08-21T01:02:07.931527+09:00
Combination Fare,10.0,3.0,success,False,2026-08-21T02:08:37.852191+09:00
Combination Fee,,,failed,False,2026-08-21T01:50:57.666770+09:00
Combination Feed,4400.0,34.0,success,False,2026-08-19T21:07:57.029357+09:00
Combination Field,,,failed,False,2026-08-23T13:09:37.494287+09:00
Combination File,720.0,43.0,success,False,2026-08-19T21:07:06.926428+09:00
Combination Finder,880.0,0.0,success,False,2026-08-19T21:29:55.661249+09:00
Combination Fine,,,failed,False,2026-08-23T02:56:45.800075+09:00
Combination Flag,260.0,15.0,success,False,2026-08-21T00:36:21.244854+09:00
Combination Flow,170.0,8.0,success,False,2026-08-19T21:10:29.402308+09:00
Combination Forge,10.0,0.0,success,False,2026-08-19T21:11:58.211530+09:00
Combination Form,390.0,0.0,success,False,2026-08-19T21:05:02.074506+09:00
Combination Format,390.0,0.0,success,False,2026-08-23T13:09:39.563884+09:00
Combination Frame,210.0,48.0,success,False,2026-08-19T21:14:12.923572+09:00
Combination Fund,390.0,56.0,success,False,2026-08-21T02:25:06.190150+09:00
Combination Gate,210.0,44.0,success,False,2026-08-19T21:18:01.862049+09:00
Combination Generator,1900.0,4.0,success,False,2026-08-27T23:36:17.600549+09:00
Combination Giveaway,,,failed,False,2026-08-27T21:16:16.799513+09:00
Combination Grade,,,failed,False,2026-08-21T00:36:08.674469+09:00
Combination Graph,5400.0,0.0,success,True,2026-08-27T22:10:43.212581+09:00
Combination Grid,40.0,4.0,success,False,2026-08-19T21:13:17.515413+09:00
Combination Guardian,,,failed,False,2026-08-28T00:27:17.609628+09:00
Combination Harbor,,,failed,False,2026-08-19T21:31:17.357360+09:00
Combination Helpdesk,,,failed,False,2026-08-27T22:49:17.563475+09:00
Combination Helper,,,failed,False,2026-08-28T00:27:21.214223+09:00
Combination History,,,failed,False,2026-08-19T21:06:56.055921+09:00
Combination Hotline,,,failed,False,2026-08-19T21:10:07.849360+09:00
Combination Hub,,,failed,False,2026-08-19T21:10:39.923410+09:00
Combination Identifier,,,failed,False,2026-08-23T13:09:30.268446+09:00
Combination Inbox,,,failed,False,2026-08-19T21:31:52.488938+09:00
Combination Incentive,,,failed,False,2026-08-27T21:16:10.166929+09:00
Combination Index,260.0,0.0,success,False,2026-08-19T21:09:02.600791+09:00
Combination Installment,,,failed,False,2026-08-23T16:12:54.608017+09:00
Combination Item,,,failed,False,2026-08-21T01:50:54.648591+09:00
Combination Journal,50.0,14.0,success,False,2026-08-19T21:29:19.590151+09:00
Combination Keeper,,,failed,False,2026-08-19T21:18:34.619237+09:00
Combination Kiosk,,,failed,False,2026-08-19T21:30:31.013934+09:00
Combination Kit,90.0,9.0,success,False,2026-08-27T22:49:15.165017+09:00
Combination Lab,,,failed,False,2026-08-19T21:15:31.407245+09:00
Combination Label,,,failed,False,2026-08-27T22:10:48.957356+09:00
Combination Ledger,,,failed,False,2026-08-19T21:14:44.485943+09:00
Combination Level,90.0,100.0,success,False,2026-08-19T21:07:18.151537+09:00
Combination Line,140.0,0.0,success,False,2026-08-19T21:03:58.078741+09:00
Combination Link,,,failed,False,2026-08-23T03:22:30.618913+09:00
Combination List,390.0,0.0,success,False,2026-08-19T21:56:18.827565+09:00
Combination Loan,260.0,29.0,success,False,2026-08-21T02:08:44.609671+09:00
Combination Lobby,,,failed,False,2026-08-19T21:03:30.036000+09:00
Combination Locator,,,failed,False,2026-08-19T21:29:49.422411+09:00
Combination Locker,2900.0,76.0,success,False,2026-08-19T21:30:18.297847+09:00
Combination Log,,,failed,False,2026-08-19T21:04:49.568415+09:00
Combination Loop,70.0,0.0,success,False,2026-08-19T21:13:02.504471+09:00
Combination Manager,,,failed,False,2026-08-19T21:18:46.381283+09:00
Combination Manual,,,failed,False,2026-08-27T22:10:53.228398+09:00
Combination Map,170.0,31.0,success,False,2026-08-19T21:14:01.404689+09:00
Combination Margin,,,failed,False,2026-08-23T02:56:43.732981+09:00
Combination Memo,,,failed,False,2026-08-21T00:36:14.044141+09:00
Combination Message,,,failed,False,2026-08-27T23:15:00.482378+09:00
Combination Monitor,70.0,79.0,success,False,2026-08-19T21:19:47.057352+09:00
Combination Nexus,,,failed,False,2026-08-19T21:18:11.999906+09:00
Combination Note,210.0,0.0,success,False,2026-08-19T21:06:04.880535+09:00
Combination Notification,,,failed,False,2026-08-27T22:49:15.165017+09:00
Combination Number,2400.0,0.0,success,True,2026-08-23T03:22:22.094995+09:00
Combination Office,70.0,10.0,success,False,2026-08-19T21:30:03.373519+09:00
Combination Ops,,,failed,False,2026-08-19T21:29:05.227189+09:00
Combination Order,210.0,1.0,success,False,2026-08-19T21:55:34.064895+09:00
Combination Outpost,,,failed,False,2026-08-19T21:31:03.580111+09:00
Combination Overage,,,failed,False,2026-08-27T21:47:17.528863+09:00
Combination Overdue,,,failed,False,2026-08-27T21:47:13.030634+09:00
Combination Panel,260.0,44.0,success,False,2026-08-19T21:16:50.838174+09:00
Combination Pass,,,failed,False,2026-08-21T00:35:36.889482+09:00
Combination Passport,,,failed,False,2026-08-19T21:32:23.492274+09:00
Combination Path,,,failed,False,2026-08-19T21:13:38.700903+09:00
Combination Payoff,,,failed,False,2026-08-27T21:47:15.270708+09:00
Combination Penalty,,,failed,False,2026-08-23T16:38:19.079152+09:00
Combination Petition,,,failed,False,2026-08-21T00:59:48.261603+09:00
Combination Plan,3600.0,32.0,success,False,2026-08-21T01:51:15.763734+09:00
Combination Playbook,,,failed,False,2026-08-19T21:29:12.327035+09:00
Combination Plaza,,,failed,False,2026-08-19T21:31:11.020553+09:00
Combination Point,10.0,0.0,success,False,2026-08-19T21:13:52.940752+09:00
Combination Portal,,,failed,False,2026-08-19T21:16:25.825046+09:00
Combination Post,,,failed,False,2026-08-19T21:30:54.257177+09:00
Combination Profile,,,failed,False,2026-08-19T21:06:27.741536+09:00
Combination Profit,,,failed,False,2026-08-23T02:56:35.195472+09:00
Combination Queue,,,failed,False,2026-08-19T21:09:27.813218+09:00
Combination Quota,40.0,0.0,success,False,2026-08-21T00:36:18.143483+09:00
Combination Radar,,,failed,False,2026-08-19T21:11:04.489546+09:00
Combination Rail,30.0,29.0,success,False,2026-08-19T21:17:27.324738+09:00
Combination Rate,170.0,0.0,success,False,2026-08-19T21:07:27.526395+09:00
Combination Recap,,,failed,False,2026-08-21T01:02:05.845061+09:00
Combination Receipt,,,failed,False,2026-08-19T21:55:51.993679+09:00
Combination Recorder,,,failed,False,2026-08-27T23:36:17.600549+09:00
Combination Register,,,failed,False,2026-08-19T21:20:10.804990+09:00
Combination Registry,,,failed,False,2026-08-19T21:29:26.779055+09:00
Combination Relay,90.0,32.0,success,False,2026-08-19T21:11:12.970448+09:00
Combination Reminder,,,failed,False,2026-08-19T21:08:40.437861+09:00
Combination Report,10.0,0.0,success,False,2026-08-19T21:04:36.711918+09:00
Combination Repository,,,failed,False,2026-08-27T23:15:07.984003+09:00
Combination Ring,390.0,84.0,success,False,2026-08-19T21:17:53.819858+09:00
Combination Roll,70.0,1.0,success,False,2026-08-19T21:04:22.708628+09:00
Combination Roster,,,failed,False,2026-08-19T21:31:43.962049+09:00
Combination Route,,,failed,False,2026-08-19T21:17:17.082757+09:00
Combination Rule,590.0,2.0,success,False,2026-08-23T03:22:30.618913+09:00
Combination Sale,390.0,6.0,success,False,2026-08-21T02:25:19.750628+09:00
Combination Sample,170.0,0.0,success,False,2026-08-19T21:57:01.942587+09:00
Combination Scale,140.0,26.0,success,False,2026-08-19T21:17:05.944580+09:00
Combination Scanner,10.0,4.0,success,False,2026-08-27T23:58:34.382467+09:00
Combination Scheduler,,,failed,False,2026-08-19T21:19:35.712806+09:00
Combination Schematic,,,failed,False,2026-08-27T22:28:56.801982+09:00
Combination Scope,,,failed,False,2026-08-19T21:12:51.464479+09:00
Combination Score,,,failed,False,2026-08-19T21:05:52.966416+09:00
Combination Sheet,320.0,88.0,success,False,2026-08-19T21:05:26.715187+09:00
Combination Shelf,20.0,100.0,success,False,2026-08-19T21:31:33.933839+09:00
Combination Shortfall,,,failed,False,2026-08-27T21:47:24.586892+09:00
Combination Signal,,,failed,False,2026-08-19T21:12:31.857265+09:00
Combination Slip,,,failed,False,2026-08-19T21:56:53.361235+09:00
Combination Slot,,,failed,False,2026-08-19T21:57:14.341308+09:00
Combination Stake,,,failed,False,2026-08-23T02:56:41.108127+09:00
Combination Statement,,,failed,False,2026-08-21T00:36:00.602558+09:00
Combination Station,110.0,2.0,success,False,2026-08-19T21:15:42.753829+09:00
Combination Status,10.0,0.0,success,False,2026-08-19T21:06:37.485931+09:00
Combination Stub,,,failed,False,2026-08-21T00:35:54.809657+09:00
Combination Studio,20.0,5.0,success,False,2026-08-19T21:15:20.790094+09:00
Combination Subsidy,,,failed,False,2026-08-23T15:50:59.628265+09:00
Combination Sum,3600.0,0.0,success,True,2026-08-21T02:25:01.097647+09:00
Combination Summary,,,failed,False,2026-08-19T21:08:17.191236+09:00
Combination Surtax,,,failed,False,2026-08-23T15:51:03.649898+09:00
Combination Tab,880.0,48.0,success,False,2026-08-21T00:36:26.230021+09:00
Combination Table,390.0,69.0,success,False,2026-08-19T21:56:27.780319+09:00
Combination Tag,,,failed,False,2026-08-19T21:06:15.149170+09:00
Combination Tally,,,failed,False,2026-08-21T00:36:02.867452+09:00
Combination Tariff,,,failed,False,2026-08-21T02:41:56.534428+09:00
Combination Tax,,,failed,False,2026-08-21T02:08:41.527197+09:00
Combination Terminal,,,failed,False,2026-08-19T21:15:52.181697+09:00
Combination Ticker,,,failed,False,2026-08-19T21:03:45.298500+09:00
Combination Ticket,1300.0,11.0,success,False,2026-08-19T21:09:15.467375+09:00
Combination Timeline,,,failed,False,2026-08-19T21:08:27.297609+09:00
Combination Token,,,failed,False,2026-08-23T13:28:22.129962+09:00
Combination Toll,,,failed,False,2026-08-21T02:41:49.318667+09:00
Combination Toolbox,20.0,100.0,success,False,2026-08-28T00:27:21.214223+09:00
Combination Total,,,failed,False,2026-08-27T23:15:00.482378+09:00
Combination Tower,,,failed,False,2026-08-19T21:31:25.099741+09:00
Combination Tracker,,,failed,False,2026-08-19T21:10:20.581807+09:00
Combination Trail,,,failed,False,2026-08-19T21:17:37.116648+09:00
Combination Trial,,,failed,False,2026-08-27T21:16:10.166929+09:00
Combination Unit,880.0,65.0,success,False,2026-08-21T01:51:06.981175+09:00
Combination Update,,,failed,False,2026-08-19T21:07:38.685875+09:00
Combination Value,170.0,0.0,success,False,2026-08-23T02:56:38.023044+09:00
Combination Vault,50.0,42.0,success,False,2026-08-19T21:11:23.723554+09:00
Combination Version,,,failed,False,2026-08-23T03:22:26.114633+09:00
Combination View,,,failed,False,2026-08-19T21:06:44.412093+09:00
Combination Voucher,,,failed,False,2026-08-21T00:35:43.096296+09:00
Combination Wallet,390.0,94.0,success,False,2026-08-27T22:49:17.563475+09:00
Combination Watch,1300.0,97.0,success,False,2026-08-19T21:12:41.804289+09:00
Combination Wave,90.0,2.0,success,False,2026-08-19T21:13:28.219579+09:00
Combination Widget,,,failed,False,2026-08-27T23:15:04.402308+09:00
Combination Window,590.0,84.0,success,False,2026-08-19T21:04:09.833583+09:00
Combination Worksheet,260.0,1.0,success,False,2026-08-27T22:10:56.558080+09:00
Combination Yard,,,failed,False,2026-08-19T21:30:39.077841+09:00
Combination Zone,,,failed,False,2026-08-19T21:16:14.581068+09:00
Commencement Alert,,,failed,False,2026-08-21T01:43:52.896076+09:00
Commencement Allowance,,,failed,False,2026-08-21T02:36:58.611410+09:00
Commencement Analyzer,,,failed,False,2026-08-27T23:56:00.047193+09:00
Commencement Announcement,33100.0,100.0,success,False,2026-08-27T23:34:17.021271+09:00
Commencement Atlas,,,failed,False,2026-08-21T01:41:42.095051+09:00
Commencement Attribute,,,failed,False,2026-08-23T13:07:02.783000+09:00
Commencement Badge,,,failed,False,2026-08-21T01:37:46.611348+09:00
Commencement Balance,,,failed,False,2026-08-23T13:47:49.087746+09:00
Commencement Base,,,failed,False,2026-08-21T01:40:23.040836+09:00
Commencement Beacon,,,failed,False,2026-08-21T01:39:25.000691+09:00
Commencement Bill,,,failed,False,2026-08-21T01:37:07.808277+09:00
Commencement Bin,,,failed,False,2026-08-21T01:44:05.223042+09:00
Commencement Board,,,failed,False,2026-08-21T01:40:33.133691+09:00
Commencement Bridge,,,failed,False,2026-08-21T01:39:35.935414+09:00
Commencement Brief,,,failed,False,2026-08-21T01:38:21.127852+09:00
Commencement Bulletin,90.0,0.0,success,False,2026-08-21T01:38:16.172375+09:00
Commencement Cabinet,,,failed,False,2026-08-27T23:12:25.065400+09:00
Commencement Calendar,10.0,0.0,success,False,2026-08-21T01:42:32.456630+09:00
Commencement Card,33100.0,100.0,success,False,2026-08-21T01:36:08.498059+09:00
Commencement Cascade,,,failed,False,2026-08-21T01:39:32.953570+09:00
Commencement Cash,,,failed,False,2026-08-21T02:29:53.730886+09:00
Commencement Category,,,failed,False,2026-08-23T13:07:00.691919+09:00
Commencement Center,210.0,26.0,success,False,2026-08-21T01:40:53.074721+09:00
Commencement Chain,,,failed,False,2026-08-21T01:41:22.153477+09:00
Commencement Charge,,,failed,False,2026-08-21T02:36:44.892736+09:00
Commencement Chart,,,failed,False,2026-08-21T01:43:59.593158+09:00
Commencement Check,10.0,0.0,success,False,2026-08-21T01:36:08.498059+09:00
Commencement Checker,,,failed,False,2026-08-27T23:55:48.344302+09:00
Commencement Code,,,failed,False,2026-08-21T01:37:16.023011+09:00
Commencement Comparison,,,failed,False,2026-08-28T01:07:13.467074+09:00
Commencement Compass,,,failed,False,2026-08-21T01:39:18.143916+09:00
Commencement Confirmation,,,failed,False,2026-08-21T01:38:38.622768+09:00
Commencement Console,,,failed,False,2026-08-21T01:41:02.771886+09:00
Commencement Core,,,failed,False,2026-08-21T01:40:26.570038+09:00
Commencement Cost,,,failed,False,2026-08-21T02:12:39.261551+09:00
Commencement Count,,,failed,False,2026-08-27T22:46:50.983424+09:00
Commencement Counter,,,failed,False,2026-08-21T01:42:51.256978+09:00
Commencement Deal,,,failed,False,2026-08-21T01:56:12.510800+09:00
Commencement Debt,,,failed,False,2026-08-21T02:29:47.040271+09:00
Commencement Deck,,,failed,False,2026-08-21T01:40:35.434951+09:00
Commencement Desk,,,failed,False,2026-08-21T01:38:59.099455+09:00
Commencement Detail,,,failed,False,2026-08-23T03:17:54.192615+09:00
Commencement Detector,,,failed,False,2026-08-27T23:56:00.047193+09:00
Commencement Directory,,,failed,False,2026-08-21T01:42:37.393096+09:00
Commencement Draft,,,failed,False,2026-08-21T01:36:08.498059+09:00
Commencement Due,,,failed,False,2026-08-23T15:52:42.470276+09:00
Commencement Duty,,,failed,False,2026-08-21T02:36:47.930212+09:00
Commencement Engine,,,failed,False,2026-08-21T01:41:48.955996+09:00
Commencement Entry,,,failed,False,2026-08-21T01:38:45.431477+09:00
Commencement Estimate,,,failed,False,2026-08-21T01:36:59.790111+09:00
Commencement Estimator,,,failed,False,2026-08-27T23:55:42.824458+09:00
Commencement Fare,,,failed,False,2026-08-21T02:12:49.636286+09:00
Commencement Fee,140.0,0.0,success,False,2026-08-21T01:55:59.445411+09:00
Commencement Feed,,,failed,False,2026-08-21T01:36:08.498059+09:00
Commencement File,,,failed,False,2026-08-21T01:36:08.498059+09:00
Commencement Fine,,,failed,False,2026-08-23T02:53:27.977389+09:00
Commencement Flow,,,failed,False,2026-08-21T01:38:52.841882+09:00
Commencement Forge,,,failed,False,2026-08-21T01:39:27.131441+09:00
Commencement Form,70.0,0.0,success,False,2026-08-21T01:36:08.498059+09:00
Commencement Format,,,failed,False,2026-08-23T13:07:04.865387+09:00
Commencement Frame,,,failed,False,2026-08-21T01:40:17.321567+09:00
Commencement Fund,,,failed,False,2026-08-21T02:29:49.445628+09:00
Commencement Gate,,,failed,False,2026-08-21T01:41:33.473055+09:00
Commencement Grid,,,failed,False,2026-08-21T01:39:55.005229+09:00
Commencement Guarantee,,,failed,False,2026-08-28T01:07:19.474773+09:00
Commencement Helpdesk,,,failed,False,2026-08-27T22:46:50.983424+09:00
Commencement Helper,,,failed,False,2026-08-28T00:25:31.999960+09:00
Commencement History,,,failed,False,2026-08-21T01:36:08.498059+09:00
Commencement Hub,,,failed,False,2026-08-21T01:38:54.698036+09:00
Commencement Identifier,,,failed,False,2026-08-23T13:06:58.194774+09:00
Commencement Inbox,,,failed,False,2026-08-21T01:43:50.237250+09:00
Commencement Index,,,failed,False,2026-08-21T01:36:52.456000+09:00
Commencement Item,,,failed,False,2026-08-21T01:56:01.200736+09:00
Commencement Journal,,,failed,False,2026-08-21T01:42:27.221916+09:00
Commencement Keeper,,,failed,False,2026-08-21T01:41:44.452509+09:00
Commencement Kit,,,failed,False,2026-08-27T22:46:42.853394+09:00
Commencement Lab,,,failed,False,2026-08-21T01:40:42.553901+09:00
Commencement Layout,,,failed,False,2026-08-27T22:28:42.749169+09:00
Commencement Ledger,,,failed,False,2026-08-21T01:40:28.771256+09:00
Commencement Level,,,failed,False,2026-08-21T01:36:08.498059+09:00
Commencement Levy,,,failed,False,2026-08-23T13:47:56.055627+09:00
Commencement Line,10.0,,success,False,2026-08-21T01:44:23.485240+09:00
Commencement Link,20.0,0.0,success,False,2026-08-23T03:17:46.671515+09:00
Commencement List,20.0,0.0,success,False,2026-08-21T01:37:21.821672+09:00
Commencement Loan,,,failed,False,2026-08-21T02:12:59.494269+09:00
Commencement Lobby,,,failed,False,2026-08-21T01:44:14.161023+09:00
Commencement Locator,,,failed,False,2026-08-21T01:42:40.721389+09:00
Commencement Locker,,,failed,False,2026-08-21T01:42:55.803836+09:00
Commencement Log,,,failed,False,2026-08-21T01:44:38.139446+09:00
Commencement Loop,,,failed,False,2026-08-21T01:39:52.762519+09:00
Commencement Manual,,,failed,False,2026-08-27T22:07:30.403670+09:00
Commencement Map,20.0,0.0,success,False,2026-08-21T01:40:12.068388+09:00
Commencement Margin,,,failed,False,2026-08-23T02:53:25.456581+09:00
Commencement Memo,,,failed,False,2026-08-21T01:38:01.641770+09:00
Commencement Message,20.0,0.0,success,False,2026-08-27T23:12:15.769681+09:00
Commencement Monitor,,,failed,False,2026-08-21T01:42:02.866390+09:00
Commencement Nexus,,,failed,False,2026-08-21T01:41:35.548332+09:00
Commencement Note,,,failed,False,2026-08-21T01:36:08.498059+09:00
Commencement Notification,,,failed,False,2026-08-27T22:46:42.853394+09:00
Commencement Number,,,failed,False,2026-08-23T03:17:34.613762+09:00
Commencement Office,110.0,0.0,success,False,2026-08-21T01:42:48.869153+09:00
Commencement Ops,,,failed,False,2026-08-21T01:42:17.039674+09:00
Commencement Order,170.0,0.0,success,False,2026-08-21T01:37:05.417257+09:00
Commencement Overdue,,,failed,False,2026-08-27T21:46:06.267558+09:00
Commencement Panel,,,failed,False,2026-08-21T01:41:06.507181+09:00
Commencement Pass,,,failed,False,2026-08-21T01:37:39.215530+09:00
Commencement Passport,,,failed,False,2026-08-21T01:44:07.789434+09:00
Commencement Path,,,failed,False,2026-08-21T01:40:03.980146+09:00
Commencement Petition,,,failed,False,2026-08-21T01:38:34.046103+09:00
Commencement Plan,10.0,0.0,success,False,2026-08-21T01:56:06.760187+09:00
Commencement Planner,,,failed,False,2026-08-21T01:41:56.935291+09:00
Commencement Playbook,,,failed,False,2026-08-21T01:42:20.086183+09:00
Commencement Plaza,140.0,2.0,success,False,2026-08-21T01:43:25.178324+09:00
Commencement Point,,,failed,False,2026-08-21T01:40:07.956384+09:00
Commencement Portal,10.0,0.0,success,False,2026-08-21T01:41:00.703725+09:00
Commencement Preview,,,failed,False,2026-08-28T01:07:13.467074+09:00
Commencement Profile,10.0,,success,False,2026-08-21T01:36:08.498059+09:00
Commencement Profit,,,failed,False,2026-08-23T02:53:17.402090+09:00
Commencement Proposal,,,failed,False,2026-08-28T01:07:16.006245+09:00
Commencement Quota,,,failed,False,2026-08-21T01:38:06.302240+09:00
Commencement Radar,,,failed,False,2026-08-21T01:39:01.261860+09:00
Commencement Rate,,,failed,False,2026-08-21T01:36:08.498059+09:00
Commencement Receipt,,,failed,False,2026-08-21T01:37:13.589246+09:00
Commencement Register,,,failed,False,2026-08-21T01:42:11.023754+09:00
Commencement Registry,,,failed,False,2026-08-21T01:42:29.387533+09:00
Commencement Relay,,,failed,False,2026-08-21T01:39:07.193029+09:00
Commencement Reminder,,,failed,False,2026-08-21T01:36:47.067872+09:00
Commencement Report,10.0,0.0,success,False,2026-08-21T01:44:35.810594+09:00
Commencement Repository,,,failed,False,2026-08-27T23:12:29.033332+09:00
Commencement Ring,,,failed,False,2026-08-21T01:41:30.332578+09:00
Commencement Roll,,,failed,False,2026-08-21T01:44:31.242398+09:00
Commencement Roster,,,failed,False,2026-08-21T01:43:45.085248+09:00
Commencement Route,,,failed,False,2026-08-21T01:41:14.289680+09:00
Commencement Rule,40.0,0.0,success,False,2026-08-23T03:17:50.653872+09:00
Commencement Sale,,,failed,False,2026-08-21T02:29:56.209810+09:00
Commencement Sample,,,failed,False,2026-08-21T01:37:32.925946+09:00
Commencement Scale,,,failed,False,2026-08-21T01:41:12.264242+09:00
Commencement Scanner,,,failed,False,2026-08-27T23:55:53.687521+09:00
Commencement Score,,,failed,False,2026-08-21T01:36:08.498059+09:00
Commencement Sheet,,,failed,False,2026-08-21T01:36:08.498059+09:00
Commencement Signal,,,failed,False,2026-08-21T01:39:42.723562+09:00
Commencement Signature,,,failed,False,2026-08-23T13:27:48.876436+09:00
Commencement Slip,,,failed,False,2026-08-21T01:37:28.905967+09:00
Commencement Slot,,,failed,False,2026-08-21T01:37:34.913486+09:00
Commencement Stage,50.0,1.0,success,False,2026-08-28T00:47:59.038217+09:00
Commencement Stake,,,failed,False,2026-08-23T02:53:22.590239+09:00
Commencement Statement,10.0,0.0,success,False,2026-08-21T01:37:55.040790+09:00
Commencement Station,,,failed,False,2026-08-21T01:40:45.060160+09:00
Commencement Status,,,failed,False,2026-08-21T01:36:08.498059+09:00
Commencement Stipend,,,failed,False,2026-08-23T13:47:56.055627+09:00
Commencement Stub,,,failed,False,2026-08-21T01:37:51.952894+09:00
Commencement Studio,,,failed,False,2026-08-21T01:40:39.778843+09:00
Commencement Sum,,,failed,False,2026-08-21T02:29:43.973308+09:00
Commencement Summary,,,failed,False,2026-08-21T01:36:39.432784+09:00
Commencement Tab,,,failed,False,2026-08-21T01:38:12.819970+09:00
Commencement Table,,,failed,False,2026-08-21T01:37:26.126762+09:00
Commencement Tag,,,failed,False,2026-08-21T01:36:08.498059+09:00
Commencement Tariff,,,failed,False,2026-08-21T02:37:01.944995+09:00
Commencement Tax,,,failed,False,2026-08-21T02:12:54.787375+09:00
Commencement Terminal,,,failed,False,2026-08-21T01:40:50.890695+09:00
Commencement Ticker,,,failed,False,2026-08-21T01:44:16.668560+09:00
Commencement Ticket,2400.0,7.0,success,False,2026-08-21T01:36:57.667235+09:00
Commencement Timeline,,,failed,False,2026-08-21T01:36:44.739122+09:00
Commencement Toll,,,failed,False,2026-08-21T02:36:53.900229+09:00
Commencement Toolbox,,,failed,False,2026-08-28T00:25:29.232687+09:00
Commencement Total,,,failed,False,2026-08-27T23:12:19.702811+09:00
Commencement Tracker,,,failed,False,2026-08-21T01:38:48.053655+09:00
Commencement Trend,,,failed,False,2026-08-28T01:07:11.009484+09:00
Commencement Trial,,,failed,False,2026-08-27T21:13:18.101351+09:00
Commencement Unit,,,failed,False,2026-08-21T01:56:03.758206+09:00
Commencement Update,,,failed,False,2026-08-21T01:36:08.498059+09:00
Commencement Value,10.0,7.0,success,False,2026-08-23T02:53:19.802959+09:00
Commencement Vault,,,failed,False,2026-08-21T01:39:14.951697+09:00
Commencement Version,,,failed,False,2026-08-23T03:17:39.480043+09:00
Commencement View,,,failed,False,2026-08-21T01:36:08.498059+09:00
Commencement Voucher,,,failed,False,2026-08-21T01:37:41.835664+09:00
Commencement Wave,,,failed,False,2026-08-21T01:39:59.295312+09:00
Commencement Widget,,,failed,False,2026-08-27T23:12:19.702811+09:00
Commencement Window,,,failed,False,2026-08-21T01:44:25.853714+09:00
Commencement Worksheet,,,failed,False,2026-08-27T22:07:37.591593+09:00
Commencement Zone,,,failed,False,2026-08-21T01:40:55.486600+09:00
Commission Advance,590.0,40.0,success,False,2026-08-23T16:14:15.763731+09:00
Commission Advisory,,,failed,False,2026-08-21T01:08:27.933703+09:00
Commission Allowance,20.0,0.0,success,False,2026-08-21T02:38:06.910707+09:00
Commission Almanac,,,failed,False,2026-08-18T23:50:41.139673+09:00
Commission Analyzer,,,failed,False,2026-08-27T23:57:22.809432+09:00
Commission Anchor,,,failed,False,2026-08-17T23:05:27.218902+09:00
Commission Arrears,,,failed,False,2026-08-23T16:14:11.722628+09:00
Commission Assistant,90.0,0.0,success,False,2026-08-17T23:06:09.735984+09:00
Commission Atlas,,,failed,False,2026-08-17T23:10:00.779750+09:00
Commission Balance,30.0,3.0,success,False,2026-08-23T13:46:47.656789+09:00
Commission Base,2400.0,1.0,success,False,2026-08-17T23:05:03.232524+09:00
Commission Beacon,,,failed,False,2026-08-17T23:03:43.392480+09:00
Commission Bill,140.0,1.0,success,False,2026-08-19T21:58:39.226398+09:00
Commission Blueprint,30.0,5.0,success,False,2026-08-18T23:50:41.139673+09:00
Commission Board,260.0,0.0,success,False,2026-08-17T23:24:26.895595+09:00
Commission Book,720.0,10.0,success,False,2026-08-19T21:59:26.927876+09:00
Commission Bridge,,,failed,False,2026-08-17T23:32:27.078253+09:00
Commission Brief,70.0,0.0,success,False,2026-08-21T01:08:20.285219+09:00
Commission Bulletin,,,failed,False,2026-08-21T01:08:15.676788+09:00
Commission Calculator,9900.0,2.0,success,False,2026-08-27T23:35:24.571352+09:00
Commission Calendar,140.0,0.0,success,False,2026-08-19T00:04:44.561310+09:00
Commission Card,480.0,4.0,success,False,2026-08-19T13:22:13.329978+09:00
Commission Cascade,,,failed,False,2026-08-17T23:10:58.652260+09:00
Commission Cash,40.0,5.0,success,False,2026-08-21T02:21:38.988991+09:00
Commission Cashback,,,failed,False,2026-08-27T21:16:33.171675+09:00
Commission Catalog,,,failed,False,2026-08-19T21:14:39.007898+09:00
Commission Center,50.0,0.0,success,False,2026-08-17T23:25:43.129443+09:00
Commission Chain,,,failed,False,2026-08-17T23:27:13.113305+09:00
Commission Charge,720.0,0.0,success,False,2026-08-21T02:37:53.787359+09:00
Commission Check,590.0,1.0,success,False,2026-08-19T13:23:10.003028+09:00
Commission Checker,,,failed,False,2026-08-27T23:57:16.212473+09:00
Commission Checklist,,,failed,False,2026-08-19T21:13:46.122895+09:00
Commission Circular,20.0,0.0,success,False,2026-08-21T01:08:25.718288+09:00
Commission Cockpit,,,failed,False,2026-08-17T23:29:38.825411+09:00
Commission Code,70.0,0.0,success,False,2026-08-19T21:58:56.766000+09:00
Commission Codex,,,failed,False,2026-08-18T23:50:41.139673+09:00
Commission Companion,,,failed,False,2026-08-17T23:04:03.069082+09:00
Commission Comparison,10.0,1.0,success,False,2026-08-28T01:07:47.366767+09:00
Commission Compass,40.0,0.0,success,False,2026-08-17T23:31:50.854430+09:00
Commission Compendium,,,failed,False,2026-08-18T23:50:41.139673+09:00
Commission Confirmation,10.0,0.0,success,False,2026-08-21T01:08:36.289589+09:00
Commission Console,,,failed,False,2026-08-17T23:10:18.497736+09:00
Commission Contribution,,,failed,False,2026-08-23T16:14:08.408734+09:00
Commission Core,70.0,1.0,success,False,2026-08-17T23:24:07.376365+09:00
Commission Cost,210.0,0.0,success,False,2026-08-21T02:15:35.751133+09:00
Commission Counter,,,failed,False,2026-08-19T00:05:21.948366+09:00
Commission Coupon,,,failed,False,2026-08-27T21:16:33.171675+09:00
Commission Dashboard,70.0,18.0,success,False,2026-08-17T23:09:43.652539+09:00
Commission Deal,20.0,7.0,success,False,2026-08-21T01:59:53.471915+09:00
Commission Debt,,,failed,False,2026-08-21T02:21:30.317993+09:00
Commission Deck,,,failed,False,2026-08-17T23:06:54.696813+09:00
Commission Depot,10.0,0.0,success,False,2026-08-19T00:05:11.440472+09:00
Commission Desk,,,failed,False,2026-08-17T23:31:19.808791+09:00
Commission Detail,90.0,1.0,success,False,2026-08-23T03:17:17.631472+09:00
Commission Detector,,,failed,False,2026-08-27T23:57:19.436881+09:00
Commission Diagram,,,failed,False,2026-08-27T22:11:25.706912+09:00
Commission Dial,,,failed,False,2026-08-17T23:04:39.264131+09:00
Commission Digest,,,failed,False,2026-08-19T20:41:57.553937+09:00
Commission Directory,70.0,0.0,success,False,2026-08-19T00:04:54.234777+09:00
Commission Discount,390.0,0.0,success,False,2026-08-23T16:14:05.017306+09:00
Commission Dock,,,failed,False,2026-08-17T23:06:32.975995+09:00
Commission Dossier,,,failed,False,2026-08-21T01:08:40.341221+09:00
Commission Downpayment,,,failed,False,2026-08-27T21:47:42.128898+09:00
Commission Draft,,,failed,False,2026-08-19T20:42:12.538195+09:00
Commission Due,40.0,0.0,success,False,2026-08-23T15:51:42.166674+09:00
Commission Duty,,,failed,False,2026-08-21T02:37:55.962761+09:00
Commission Engine,50.0,9.0,success,False,2026-08-17T23:28:25.880563+09:00
Commission Entry,70.0,0.0,success,False,2026-08-21T01:08:54.756215+09:00
Commission Estimate,,,failed,False,2026-08-19T21:14:27.953850+09:00
Commission Estimator,9900.0,2.0,success,False,2026-08-27T23:57:12.985174+09:00
Commission Excerpt,,,failed,False,2026-08-21T01:08:49.317162+09:00
Commission Fare,,,failed,False,2026-08-21T02:06:01.492109+09:00
Commission Fee,2900.0,0.0,success,True,2026-08-21T01:59:37.170622+09:00
Commission Feed,,,failed,False,2026-08-19T20:42:06.894940+09:00
Commission Field,,,failed,False,2026-08-23T13:06:20.755041+09:00
Commission File,20.0,1.0,success,False,2026-08-19T20:41:30.953351+09:00
Commission Finder,20.0,6.0,success,False,2026-08-19T00:05:06.053297+09:00
Commission Fine,,,failed,False,2026-08-23T02:53:36.421361+09:00
Commission Flag,40.0,17.0,success,False,2026-08-21T00:35:16.287713+09:00
Commission Flow,170.0,1.0,success,False,2026-08-17T23:12:55.157000+09:00
Commission Forge,,,failed,False,2026-08-17T23:32:14.007104+09:00
Commission Form,480.0,7.0,success,False,2026-08-19T13:21:58.772541+09:00
Commission Format,480.0,7.0,success,False,2026-08-23T13:06:24.369926+09:00
Commission Frame,10.0,55.0,success,False,2026-08-17T23:23:48.557902+09:00
Commission Fund,20.0,2.0,success,False,2026-08-21T02:21:33.857873+09:00
Commission Gate,10.0,7.0,success,False,2026-08-17T23:15:07.247244+09:00
Commission Giveaway,,,failed,False,2026-08-27T21:16:45.829850+09:00
Commission Graph,,,failed,False,2026-08-27T22:11:11.911250+09:00
Commission Grid,30.0,3.0,success,False,2026-08-17T23:33:06.954832+09:00
Commission Guarantee,210.0,0.0,success,False,2026-08-28T01:07:55.638643+09:00
Commission Guard,,,failed,False,2026-08-17T23:30:24.350682+09:00
Commission Guidebook,,,failed,False,2026-08-18T23:50:41.139673+09:00
Commission Helper,,,failed,False,2026-08-28T00:26:26.682078+09:00
Commission History,390.0,1.0,success,False,2026-08-19T20:41:20.028487+09:00
Commission Hotline,,,failed,False,2026-08-19T21:14:49.838669+09:00
Commission Hub,50.0,1.0,success,False,2026-08-17T23:30:54.077179+09:00
Commission Incentive,260.0,1.0,success,False,2026-08-27T21:16:45.829850+09:00
Commission Index,,,failed,False,2026-08-19T21:13:57.456241+09:00
Commission Insight,10.0,,success,False,2026-08-17T23:29:23.485940+09:00
Commission Installment,,,failed,False,2026-08-23T16:14:05.017306+09:00
Commission Interest,90.0,0.0,success,False,2026-08-23T13:46:47.656789+09:00
Commission Item,,,failed,False,2026-08-21T01:59:40.836410+09:00
Commission Journal,10.0,0.0,success,False,2026-08-18T23:50:41.139673+09:00
Commission Keeper,,,failed,False,2026-08-17T23:04:19.754704+09:00
Commission Lab,,,failed,False,2026-08-17T23:13:53.612284+09:00
Commission Label,10.0,0.0,success,False,2026-08-27T22:11:14.702550+09:00
Commission Ledger,110.0,0.0,success,False,2026-08-17T23:12:14.829118+09:00
Commission Lens,10.0,0.0,success,False,2026-08-17T23:10:38.410164+09:00
Commission Level,260.0,12.0,success,False,2026-08-19T20:41:36.001931+09:00
Commission Link,110.0,30.0,success,False,2026-08-23T03:17:09.077548+09:00
Commission List,260.0,0.0,success,False,2026-08-19T21:59:07.775168+09:00
Commission Loan,140.0,11.0,success,False,2026-08-21T02:06:17.677670+09:00
Commission Locator,,,failed,False,2026-08-19T00:04:59.396392+09:00
Commission Lock,,,failed,False,2026-08-17T22:49:19.411310+09:00
Commission Log,40.0,6.0,success,False,2026-08-19T13:21:44.122863+09:00
Commission Loop,,,failed,False,2026-08-17T23:07:18.335398+09:00
Commission Manager,170.0,1.0,success,False,2026-08-17T23:28:10.025737+09:00
Commission Manual,70.0,0.0,success,False,2026-08-27T22:11:22.688416+09:00
Commission Map,90.0,17.0,success,False,2026-08-17T23:23:32.991705+09:00
Commission Marker,,,failed,False,2026-08-23T13:27:16.161149+09:00
Commission Markup,,,failed,False,2026-08-23T16:38:50.541482+09:00
Commission Memo,20.0,0.0,success,False,2026-08-21T00:35:11.745138+09:00
Commission Message,,,failed,False,2026-08-27T23:14:33.058842+09:00
Commission Meter,,,failed,False,2026-08-17T23:26:27.360355+09:00
Commission Metrics,,,failed,False,2026-08-17T23:14:51.389027+09:00
Commission Monitor,,,failed,False,2026-08-17T23:07:59.739195+09:00
Commission Navigator,,,failed,False,2026-08-17T23:29:55.087176+09:00
Commission Nexus,,,failed,False,2026-08-17T23:27:42.956477+09:00
Commission Node,10.0,0.0,success,False,2026-08-17T23:27:26.699527+09:00
Commission Note,320.0,0.0,success,False,2026-08-19T13:23:40.624873+09:00
Commission Notification,10.0,0.0,success,False,2026-08-27T22:48:58.866644+09:00
Commission Number,320.0,0.0,success,False,2026-08-23T03:17:02.268689+09:00
Commission Office,18100.0,3.0,success,False,2026-08-19T00:05:16.956026+09:00
Commission Ops,,,failed,False,2026-08-17T23:11:16.019102+09:00
Commission Order,110.0,0.0,success,False,2026-08-19T21:58:30.244900+09:00
Commission Organizer,,,failed,False,2026-08-17T23:29:03.554808+09:00
Commission Overage,,,failed,False,2026-08-27T21:47:39.871299+09:00
Commission Overdue,,,failed,False,2026-08-27T21:47:37.465636+09:00
Commission Panel,50.0,0.0,success,False,2026-08-17T23:26:13.004123+09:00
Commission Pass,,,failed,False,2026-08-21T00:34:51.514854+09:00
Commission Path,,,failed,False,2026-08-17T23:08:58.203851+09:00
Commission Payoff,,,failed,False,2026-08-27T21:47:39.871299+09:00
Commission Penalty,,,failed,False,2026-08-23T16:38:50.541482+09:00
Commission Petition,20.0,1.0,success,False,2026-08-21T01:08:31.890939+09:00
Commission Pilot,20.0,0.0,success,False,2026-08-17T23:07:39.486562+09:00
Commission Plan,590.0,11.0,success,False,2026-08-21T01:59:50.051478+09:00
Commission Planner,,,failed,False,2026-08-17T23:28:46.712952+09:00
Commission Playbook,,,failed,False,2026-08-18T23:50:41.139673+09:00
Commission Point,50.0,4.0,success,False,2026-08-17T23:33:34.870792+09:00
Commission Portal,210.0,2.0,success,False,2026-08-17T23:25:59.230175+09:00
Commission Preview,,,failed,False,2026-08-28T01:07:52.961175+09:00
Commission Profile,,,failed,False,2026-08-19T13:24:14.979285+09:00
Commission Profit,210.0,1.0,success,False,2026-08-23T02:53:25.456581+09:00
Commission Proposal,110.0,0.0,success,False,2026-08-28T01:07:52.961175+09:00
Commission Pulse,,,failed,False,2026-08-17T23:14:14.412117+09:00
Commission Queue,70.0,1.0,success,False,2026-08-19T21:14:17.350894+09:00
Commission Radar,,,failed,False,2026-08-17T23:14:31.375028+09:00
Commission Rail,,,failed,False,2026-08-17T23:26:58.468073+09:00
Commission Rate,2400.0,0.0,success,True,2026-08-19T20:41:43.197527+09:00
Commission Recap,,,failed,False,2026-08-21T01:08:45.073430+09:00
Commission Receipt,90.0,46.0,success,False,2026-08-19T21:58:48.612097+09:00
Commission Recorder,,,failed,False,2026-08-27T23:35:28.835803+09:00
Commission Redemption,,,failed,False,2026-08-23T16:38:53.252652+09:00
Commission Register,140.0,0.0,success,False,2026-08-17T23:30:11.118322+09:00
Commission Registry,140.0,0.0,success,False,2026-08-18T23:50:41.139673+09:00
Commission Relay,,,failed,False,2026-08-17T23:31:35.615532+09:00
Commission Reminder,,,failed,False,2026-08-19T21:13:34.097161+09:00
Commission Report,1600.0,1.0,success,False,2026-08-19T13:21:04.898366+09:00
Commission Repository,,,failed,False,2026-08-27T23:14:41.720422+09:00
Commission Roadmap,10.0,0.0,success,False,2026-08-18T23:50:41.139673+09:00
Commission Roster,,,failed,False,2026-08-19T00:37:42.157517+09:00
Commission Route,,,failed,False,2026-08-17T23:26:41.280182+09:00
Commission Rule,140.0,0.0,success,False,2026-08-23T03:17:13.101010+09:00
Commission Sale,6600.0,4.0,success,False,2026-08-21T02:21:44.938268+09:00
Commission Sample,90.0,2.0,success,False,2026-08-19T21:59:50.117537+09:00
Commission Scale,70.0,2.0,success,False,2026-08-17T23:11:56.017978+09:00
Commission Scheduler,,,failed,False,2026-08-17T23:13:13.553145+09:00
Commission Scope,,,failed,False,2026-08-17T23:32:54.129749+09:00
Commission Score,,,failed,False,2026-08-19T13:23:22.980764+09:00
Commission Sentry,,,failed,False,2026-08-17T23:27:56.034352+09:00
Commission Sheet,6600.0,0.0,success,True,2026-08-19T13:22:59.111226+09:00
Commission Shortfall,,,failed,False,2026-08-27T21:47:44.451127+09:00
Commission Signal,,,failed,False,2026-08-17T23:32:42.825846+09:00
Commission Signature,70.0,0.0,success,False,2026-08-23T13:27:13.232233+09:00
Commission Slip,110.0,23.0,success,False,2026-08-19T21:59:35.883958+09:00
Commission Slot,90.0,0.0,success,False,2026-08-19T21:59:58.757000+09:00
Commission Snapshot,,,failed,False,2026-08-18T23:50:41.139673+09:00
Commission Stake,,,failed,False,2026-08-23T02:53:34.328450+09:00
Commission Stamp,260.0,94.0,success,False,2026-08-23T13:27:20.193084+09:00
Commission Statement,590.0,1.0,success,False,2026-08-21T00:35:03.505181+09:00
Commission Station,,,failed,False,2026-08-17T23:25:18.715654+09:00
Commission Status,70.0,0.0,success,False,2026-08-19T20:41:03.972806+09:00
Commission Stub,,,failed,False,2026-08-21T00:35:01.453915+09:00
Commission Studio,880.0,2.0,success,False,2026-08-17T23:24:52.278887+09:00
Commission Suite,,,failed,False,2026-08-17T23:11:35.407010+09:00
Commission Sum,,,failed,False,2026-08-21T02:21:27.143708+09:00
Commission Summary,50.0,1.0,success,False,2026-08-19T21:13:11.253613+09:00
Commission Sync,10.0,7.0,success,False,2026-08-17T23:30:39.559752+09:00
Commission Table,210.0,0.0,success,False,2026-08-19T21:59:15.845213+09:00
Commission Tag,,,failed,False,2026-08-19T13:23:50.629735+09:00
Commission Tally,,,failed,False,2026-08-21T00:35:07.163921+09:00
Commission Tariff,1900.0,0.0,success,True,2026-08-21T02:38:09.773029+09:00
Commission Tax,1300.0,0.0,success,True,2026-08-21T02:06:11.713342+09:00
Commission Ticket,210.0,0.0,success,False,2026-08-19T21:14:07.516927+09:00
Commission Tier,320.0,1.0,success,False,2026-08-28T00:48:15.950901+09:00
Commission Timeline,,,failed,False,2026-08-19T21:13:21.149067+09:00
Commission Token,10.0,0.0,success,False,2026-08-23T13:27:13.232233+09:00
Commission Toll,,,failed,False,2026-08-21T02:38:00.530165+09:00
Commission Toolbox,10.0,0.0,success,False,2026-08-28T00:26:26.682078+09:00
Commission Toolkit,,,failed,False,2026-08-18T23:50:41.139673+09:00
Commission Total,20.0,0.0,success,False,2026-08-27T23:14:33.058842+09:00
Commission Tracker,590.0,34.0,success,False,2026-08-17T23:05:51.247207+09:00
Commission Trail,1000.0,1.0,success,False,2026-08-17T23:13:32.470918+09:00
Commission Trend,,,failed,False,2026-08-28T01:07:44.108969+09:00
Commission Trial,390.0,0.0,success,False,2026-08-27T21:16:38.075410+09:00
Commission Unit,50.0,0.0,success,False,2026-08-21T01:59:43.959754+09:00
Commission Update,50.0,3.0,success,False,2026-08-19T20:41:48.388385+09:00
Commission Value,50.0,1.0,success,False,2026-08-23T02:53:27.977389+09:00
Commission Vault,,,failed,False,2026-08-17T23:09:23.779987+09:00
Commission Version,,,failed,False,2026-08-23T03:17:04.760167+09:00
Commission View,,,failed,False,2026-08-19T20:41:10.828189+09:00
Commission Wallet,40.0,12.0,success,False,2026-08-27T22:49:02.475082+09:00
Commission Watch,,,failed,False,2026-08-17T23:12:33.022666+09:00
Commission Wave,110.0,0.0,success,False,2026-08-17T23:33:17.146702+09:00
Commission Widget,10.0,0.0,success,False,2026-08-27T23:14:37.141829+09:00
Commission Workbench,,,failed,False,2026-08-18T23:50:41.139673+09:00
Commission Worksheet,170.0,0.0,success,False,2026-08-27T22:11:22.688416+09:00
Commission Zone,,,failed,False,2026-08-17T23:15:27.187478+09:00
Comparable Alert,,,failed,False,2026-08-21T01:41:35.548332+09:00
Comparable Allowance,,,failed,False,2026-08-21T02:44:13.647823+09:00
Comparable Analyzer,,,failed,False,2026-08-27T23:54:25.594721+09:00
Comparable Asset,,,failed,False,2026-08-23T13:47:11.410642+09:00
Comparable Atlas,,,failed,False,2026-08-21T01:39:32.953570+09:00
Comparable Attribute,,,failed,False,2026-08-23T13:06:05.538611+09:00
Comparable Badge,,,failed,False,2026-08-21T01:36:27.523314+09:00
Comparable Base,,,failed,False,2026-08-21T01:37:57.190809+09:00
Comparable Beacon,,,failed,False,2026-08-21T01:37:02.343165+09:00
Comparable Bill,,,failed,False,2026-08-21T01:43:59.593158+09:00
Comparable Board,,,failed,False,2026-08-21T01:38:12.819970+09:00
Comparable Bridge,,,failed,False,2026-08-21T01:37:13.589246+09:00
Comparable Brief,,,failed,False,2026-08-21T01:36:29.707293+09:00
Comparable Bulletin,,,failed,False,2026-08-21T01:36:29.707293+09:00
Comparable Cabinet,,,failed,False,2026-08-27T23:11:14.046678+09:00
Comparable Calculator,10.0,0.0,success,False,2026-08-27T23:33:31.795696+09:00
Comparable Calendar,,,failed,False,2026-08-21T01:40:31.088878+09:00
Comparable Card,,,failed,False,2026-08-21T01:42:20.086183+09:00
Comparable Cascade,,,failed,False,2026-08-21T01:37:11.320785+09:00
Comparable Cash,,,failed,False,2026-08-21T02:27:43.385895+09:00
Comparable Cashback,,,failed,False,2026-08-27T21:19:28.438229+09:00
Comparable Category,,,failed,False,2026-08-23T13:06:02.918045+09:00
Comparable Center,,,failed,False,2026-08-21T01:38:38.622768+09:00
Comparable Chain,,,failed,False,2026-08-21T01:39:14.951697+09:00
Comparable Charge,,,failed,False,2026-08-21T02:44:04.894763+09:00
Comparable Chart,2900.0,0.0,success,True,2026-08-21T01:41:42.095051+09:00
Comparable Check,,,failed,False,2026-08-21T01:42:29.387533+09:00
Comparable Checker,,,failed,False,2026-08-27T23:54:15.015364+09:00
Comparable Code,,,failed,False,2026-08-21T01:44:07.789434+09:00
Comparable Confirmation,,,failed,False,2026-08-21T01:36:29.707293+09:00
Comparable Console,,,failed,False,2026-08-21T01:38:50.640665+09:00
Comparable Core,,,failed,False,2026-08-21T01:38:01.641770+09:00
Comparable Cost,9900.0,0.0,success,True,2026-08-21T02:10:49.609792+09:00
Comparable Count,,,failed,False,2026-08-27T22:45:15.401077+09:00
Comparable Counter,,,failed,False,2026-08-21T01:40:48.434359+09:00
Comparable Coupon,,,failed,False,2026-08-27T21:19:26.078520+09:00
Comparable Deal,,,failed,False,2026-08-21T01:53:49.077325+09:00
Comparable Debt,,,failed,False,2026-08-21T02:27:35.877276+09:00
Comparable Deck,,,failed,False,2026-08-21T01:38:18.535087+09:00
Comparable Desk,,,failed,False,2026-08-21T01:36:39.432784+09:00
Comparable Detail,,,failed,False,2026-08-23T03:15:32.798139+09:00
Comparable Detector,,,failed,False,2026-08-27T23:54:23.137775+09:00
Comparable Directory,,,failed,False,2026-08-21T01:40:33.133691+09:00
Comparable Downpayment,,,failed,False,2026-08-27T21:50:32.673191+09:00
Comparable Draft,,,failed,False,2026-08-21T01:43:23.087757+09:00
Comparable Duty,,,failed,False,2026-08-21T02:44:07.576254+09:00
Comparable Engine,,,failed,False,2026-08-21T01:39:45.118535+09:00
Comparable Entry,,,failed,False,2026-08-21T01:36:29.707293+09:00
Comparable Estimate,,,failed,False,2026-08-21T01:43:50.237250+09:00
Comparable Estimator,,,failed,False,2026-08-27T23:54:12.617602+09:00
Comparable Fare,,,failed,False,2026-08-21T02:10:51.896971+09:00
Comparable Fee,,,failed,False,2026-08-21T01:53:25.014716+09:00
Comparable Feed,,,failed,False,2026-08-21T01:43:14.953756+09:00
Comparable Field,,,failed,False,2026-08-23T13:06:07.907385+09:00
Comparable File,,,failed,False,2026-08-21T01:42:58.216620+09:00
Comparable Fine,,,failed,False,2026-08-23T02:58:39.272586+09:00
Comparable Flow,,,failed,False,2026-08-21T01:36:29.707293+09:00
Comparable Forge,,,failed,False,2026-08-21T01:37:05.417257+09:00
Comparable Form,,,failed,False,2026-08-21T01:42:17.039674+09:00
Comparable Format,,,failed,False,2026-08-23T13:06:10.168774+09:00
Comparable Frame,,,failed,False,2026-08-21T01:37:51.952894+09:00
Comparable Fund,,,failed,False,2026-08-21T02:27:38.390107+09:00
Comparable Gate,,,failed,False,2026-08-21T01:39:25.000691+09:00
Comparable Generator,,,failed,False,2026-08-27T23:33:37.262266+09:00
Comparable Giveaway,,,failed,False,2026-08-27T21:19:33.782503+09:00
Comparable Graph,,,failed,False,2026-08-27T22:15:03.740456+09:00
Comparable Grid,,,failed,False,2026-08-21T01:37:32.925946+09:00
Comparable Guarantee,,,failed,False,2026-08-28T01:05:50.050566+09:00
Comparable Guardian,,,failed,False,2026-08-28T00:24:19.907536+09:00
Comparable Helpdesk,,,failed,False,2026-08-27T22:45:15.401077+09:00
Comparable Helper,,,failed,False,2026-08-28T00:24:22.351196+09:00
Comparable History,,,failed,False,2026-08-21T01:42:55.803836+09:00
Comparable Hub,,,failed,False,2026-08-21T01:36:29.707293+09:00
Comparable Identifier,,,failed,False,2026-08-23T13:05:58.112221+09:00
Comparable Incentive,,,failed,False,2026-08-27T21:19:31.239406+09:00
Comparable Index,,,failed,False,2026-08-21T01:43:42.058918+09:00
Comparable Item,20.0,0.0,success,False,2026-08-21T01:53:28.626980+09:00
Comparable Journal,,,failed,False,2026-08-21T01:40:23.040836+09:00
Comparable Keeper,,,failed,False,2026-08-21T01:39:35.935414+09:00
Comparable Lab,,,failed,False,2026-08-21T01:38:26.164281+09:00
Comparable Label,,,failed,False,2026-08-27T22:15:06.045574+09:00
Comparable Ledger,,,failed,False,2026-08-21T01:38:08.891636+09:00
Comparable Level,10.0,0.0,success,False,2026-08-21T01:43:00.390217+09:00
Comparable Link,,,failed,False,2026-08-23T03:15:22.651664+09:00
Comparable List,90500.0,0.0,success,True,2026-08-21T01:44:14.161023+09:00
Comparable Loan,,,failed,False,2026-08-21T02:10:58.400903+09:00
Comparable Locator,,,failed,False,2026-08-21T01:40:37.729948+09:00
Comparable Locker,,,failed,False,2026-08-21T01:40:50.890695+09:00
Comparable Log,,,failed,False,2026-08-21T01:42:11.023754+09:00
Comparable Loop,,,failed,False,2026-08-21T01:37:28.905967+09:00
Comparable Manual,,,failed,False,2026-08-27T22:15:12.426690+09:00
Comparable Map,,,failed,False,2026-08-21T01:37:46.611348+09:00
Comparable Markup,,,failed,False,2026-08-23T16:39:53.377709+09:00
Comparable Memo,,,failed,False,2026-08-21T01:36:27.523314+09:00
Comparable Monitor,,,failed,False,2026-08-21T01:40:01.747780+09:00
Comparable Nexus,,,failed,False,2026-08-21T01:39:27.131441+09:00
Comparable Note,,,failed,False,2026-08-21T01:42:37.393096+09:00
Comparable Notification,,,failed,False,2026-08-27T22:45:05.269508+09:00
Comparable Number,40.0,0.0,success,False,2026-08-23T03:15:14.062371+09:00
Comparable Office,,,failed,False,2026-08-21T01:40:42.553901+09:00
Comparable Ops,,,failed,False,2026-08-21T01:40:15.311910+09:00
Comparable Order,,,failed,False,2026-08-21T01:43:56.070004+09:00
Comparable Overage,,,failed,False,2026-08-27T21:50:29.028381+09:00
Comparable Overdue,,,failed,False,2026-08-27T21:50:22.560575+09:00
Comparable Panel,,,failed,False,2026-08-21T01:38:52.841882+09:00
Comparable Pass,,,failed,False,2026-08-21T01:44:35.810594+09:00
Comparable Path,,,failed,False,2026-08-21T01:37:39.215530+09:00
Comparable Payoff,,,failed,False,2026-08-27T21:50:26.760837+09:00
Comparable Penalty,,,failed,False,2026-08-23T16:39:53.377709+09:00
Comparable Petition,,,failed,False,2026-08-21T01:36:29.707293+09:00
Comparable Plan,,,failed,False,2026-08-21T01:53:38.487807+09:00
Comparable Planner,,,failed,False,2026-08-21T01:39:52.762519+09:00
Comparable Playbook,,,failed,False,2026-08-21T01:40:17.321567+09:00
Comparable Plaza,,,failed,False,2026-08-21T01:41:16.296353+09:00
Comparable Point,,,failed,False,2026-08-21T01:37:44.630220+09:00
Comparable Portal,,,failed,False,2026-08-21T01:38:45.431477+09:00
Comparable Preview,,,failed,False,2026-08-28T01:05:44.373460+09:00
Comparable Profile,,,failed,False,2026-08-21T01:42:46.013630+09:00
Comparable Profit,,,failed,False,2026-08-23T02:58:29.711332+09:00
Comparable Proposal,,,failed,False,2026-08-28T01:05:46.959097+09:00
Comparable Quota,,,failed,False,2026-08-21T01:36:27.523314+09:00
Comparable Radar,,,failed,False,2026-08-21T01:36:44.739122+09:00
Comparable Rank,,,failed,False,2026-08-28T00:47:32.809688+09:00
Comparable Rate,20.0,0.0,success,False,2026-08-21T01:43:07.474360+09:00
Comparable Receipt,,,failed,False,2026-08-21T01:44:05.223042+09:00
Comparable Register,,,failed,False,2026-08-21T01:40:09.996962+09:00
Comparable Registry,,,failed,False,2026-08-21T01:40:26.570038+09:00
Comparable Relay,,,failed,False,2026-08-21T01:36:50.253581+09:00
Comparable Reminder,,,failed,False,2026-08-21T01:43:39.038620+09:00
Comparable Report,10.0,27.0,success,False,2026-08-21T01:42:07.777661+09:00
Comparable Repository,,,failed,False,2026-08-27T23:11:17.164347+09:00
Comparable Result,320.0,0.0,success,False,2026-08-28T00:47:30.269850+09:00
Comparable Ring,,,failed,False,2026-08-21T01:39:18.143916+09:00
Comparable Roster,,,failed,False,2026-08-21T01:41:30.332578+09:00
Comparable Route,,,failed,False,2026-08-21T01:38:59.099455+09:00
Comparable Rule,,,failed,False,2026-08-23T03:15:28.674871+09:00
Comparable Sale,720.0,2.0,success,False,2026-08-21T02:27:51.067603+09:00
Comparable Sample,,,failed,False,2026-08-21T01:44:28.935205+09:00
Comparable Scale,,,failed,False,2026-08-21T01:38:57.072218+09:00
Comparable Scanner,,,failed,False,2026-08-27T23:54:15.015364+09:00
Comparable Score,,,failed,False,2026-08-21T01:42:34.994206+09:00
Comparable Sheet,,,failed,False,2026-08-21T01:42:27.221916+09:00
Comparable Shortfall,,,failed,False,2026-08-27T21:50:34.815891+09:00
Comparable Signal,,,failed,False,2026-08-21T01:37:19.276865+09:00
Comparable Slip,,,failed,False,2026-08-21T01:44:23.485240+09:00
Comparable Slot,,,failed,False,2026-08-21T01:44:31.242398+09:00
Comparable Stake,,,failed,False,2026-08-23T02:58:33.536123+09:00
Comparable Statement,,,failed,False,2026-08-21T01:36:27.523314+09:00
Comparable Station,,,failed,False,2026-08-21T01:38:31.485069+09:00
Comparable Status,,,failed,False,2026-08-21T01:42:48.869153+09:00
Comparable Stub,,,failed,False,2026-08-21T01:36:27.523314+09:00
Comparable Studio,,,failed,False,2026-08-21T01:38:21.127852+09:00
Comparable Sum,,,failed,False,2026-08-21T02:27:33.001702+09:00
Comparable Summary,,,failed,False,2026-08-21T01:43:25.178324+09:00
Comparable Tab,,,failed,False,2026-08-21T01:36:27.523314+09:00
Comparable Table,2400.0,0.0,success,True,2026-08-21T01:44:20.732547+09:00
Comparable Tag,,,failed,False,2026-08-21T01:42:40.721389+09:00
Comparable Tariff,,,failed,False,2026-08-21T02:44:13.647823+09:00
Comparable Tax,,,failed,False,2026-08-21T02:10:55.409815+09:00
Comparable Terminal,,,failed,False,2026-08-21T01:38:35.952865+09:00
Comparable Ticket,,,failed,False,2026-08-21T01:43:47.346655+09:00
Comparable Timeline,,,failed,False,2026-08-21T01:43:31.469604+09:00
Comparable Toll,,,failed,False,2026-08-21T02:44:11.415890+09:00
Comparable Toolbox,,,failed,False,2026-08-28T00:24:22.351196+09:00
Comparable Tracker,,,failed,False,2026-08-21T01:36:29.707293+09:00
Comparable Trend,,,failed,False,2026-08-28T01:05:40.494261+09:00
Comparable Trial,,,failed,False,2026-08-27T21:19:31.239406+09:00
Comparable Unit,,,failed,False,2026-08-21T01:53:31.985132+09:00
Comparable Update,,,failed,False,2026-08-21T01:43:12.278953+09:00
Comparable Value,1900.0,1.0,success,False,2026-08-23T02:58:29.711332+09:00
Comparable Vault,,,failed,False,2026-08-21T01:36:52.456000+09:00
Comparable Version,,,failed,False,2026-08-23T03:15:19.125629+09:00
Comparable View,,,failed,False,2026-08-21T01:42:51.256978+09:00
Comparable Voucher,,,failed,False,2026-08-21T01:44:40.330988+09:00
Comparable Wave,,,failed,False,2026-08-21T01:37:37.070410+09:00
Comparable Widget,,,failed,False,2026-08-27T23:11:14.046678+09:00
Comparable Worksheet,,,failed,False,2026-08-27T22:15:12.426690+09:00
Comparable Workshop,,,failed,False,2026-08-28T00:24:19.907536+09:00
Comparable Zone,,,failed,False,2026-08-21T01:38:42.867462+09:00
Compensation Advance,,,failed,False,2026-08-23T16:13:03.003819+09:00
Compensation Advisory,90.0,14.0,success,False,2026-08-21T01:01:52.955831+09:00
Compensation Alert,,,failed,False,2026-08-21T00:45:57.527663+09:00
Compensation Allowance,90.0,0.0,success,False,2026-08-21T02:39:34.519072+09:00
Compensation Analyzer,,,failed,False,2026-08-27T23:50:46.062882+09:00
Compensation Announcement,,,failed,False,2026-08-27T23:36:44.866320+09:00
Compensation Arrears,,,failed,False,2026-08-23T16:12:59.279314+09:00
Compensation Asset,,,failed,False,2026-08-23T13:45:27.370408+09:00
Compensation Assistant,40.0,1.0,success,False,2026-08-21T00:44:21.197874+09:00
Compensation Atlas,,,failed,False,2026-08-21T00:44:03.384423+09:00
Compensation Attribute,,,failed,False,2026-08-23T13:08:58.766460+09:00
Compensation Badge,,,failed,False,2026-08-21T00:48:48.333943+09:00
Compensation Balance,40.0,0.0,success,False,2026-08-23T13:45:24.772737+09:00
Compensation Base,10.0,0.0,success,False,2026-08-21T00:50:41.630976+09:00
Compensation Beacon,,,failed,False,2026-08-21T00:49:49.714688+09:00
Compensation Bill,30.0,0.0,success,False,2026-08-21T00:48:07.260312+09:00
Compensation Bin,,,failed,False,2026-08-21T00:46:03.316699+09:00
Compensation Board,320.0,7.0,success,False,2026-08-21T00:50:54.055448+09:00
Compensation Bridge,,,failed,False,2026-08-21T00:49:59.942955+09:00
Compensation Brief,,,failed,False,2026-08-21T00:59:32.095317+09:00
Compensation Bulletin,,,failed,False,2026-08-21T00:59:19.513950+09:00
Compensation Calculator,1300.0,26.0,success,False,2026-08-27T23:36:44.866320+09:00
Compensation Calendar,90.0,2.0,success,False,2026-08-21T00:45:01.205149+09:00
Compensation Card,140.0,15.0,success,False,2026-08-21T00:46:37.254114+09:00
Compensation Cascade,,,failed,False,2026-08-21T00:49:54.532841+09:00
Compensation Cash,,,failed,False,2026-08-21T02:22:10.235863+09:00
Compensation Center,10.0,9.0,success,False,2026-08-21T00:51:18.988117+09:00
Compensation Chain,170.0,1.0,success,False,2026-08-21T00:43:46.604021+09:00
Compensation Charge,70.0,0.0,success,False,2026-08-21T02:39:20.009212+09:00
Compensation Chart,70.0,11.0,success,False,2026-08-21T00:45:59.951643+09:00
Compensation Check,90.0,34.0,success,False,2026-08-21T00:46:44.759034+09:00
Compensation Checker,90.0,34.0,success,False,2026-08-27T23:59:35.243773+09:00
Compensation Circular,,,failed,False,2026-08-21T01:01:51.697457+09:00
Compensation Code,90.0,5.0,success,False,2026-08-21T00:48:12.190063+09:00
Compensation Comparison,110.0,8.0,success,False,2026-08-28T01:02:58.141304+09:00
Compensation Confirmation,,,failed,False,2026-08-21T00:59:48.261603+09:00
Compensation Console,,,failed,False,2026-08-21T00:51:31.068549+09:00
Compensation Contribution,,,failed,False,2026-08-23T16:12:54.608017+09:00
Compensation Core,10.0,9.0,success,False,2026-08-21T00:50:45.127530+09:00
Compensation Cost,210.0,1.0,success,False,2026-08-21T02:14:36.179977+09:00
Compensation Counter,,,failed,False,2026-08-21T00:45:19.199440+09:00
Compensation Deal,20.0,1.0,success,False,2026-08-21T01:58:02.709797+09:00
Compensation Debt,30.0,7.0,success,False,2026-08-21T02:21:59.749711+09:00
Compensation Deck,,,failed,False,2026-08-21T00:50:58.385493+09:00
Compensation Desk,,,failed,False,2026-08-21T00:49:27.660795+09:00
Compensation Detail,10.0,0.0,success,False,2026-08-23T03:20:52.959248+09:00
Compensation Detector,,,failed,False,2026-08-27T23:50:42.966915+09:00
Compensation Diagram,20.0,0.0,success,False,2026-08-27T22:11:14.702550+09:00
Compensation Directory,,,failed,False,2026-08-21T00:45:06.062419+09:00
Compensation Dossier,,,failed,False,2026-08-21T00:59:52.495839+09:00
Compensation Downpayment,,,failed,False,2026-08-27T21:47:37.465636+09:00
Compensation Draft,,,failed,False,2026-08-21T00:47:34.415597+09:00
Compensation Due,40.0,1.0,success,False,2026-08-23T15:50:49.697674+09:00
Compensation Duty,50.0,0.0,success,False,2026-08-21T02:39:23.092445+09:00
Compensation Engine,,,failed,False,2026-08-21T00:44:15.465135+09:00
Compensation Entry,,,failed,False,2026-08-21T01:00:04.597458+09:00
Compensation Estimate,50.0,3.0,success,False,2026-08-21T00:47:57.951273+09:00
Compensation Estimator,110.0,5.0,success,False,2026-08-27T23:59:32.969820+09:00
Compensation Excerpt,,,failed,False,2026-08-21T01:02:05.845061+09:00
Compensation Extension,,,failed,False,2026-08-23T16:38:26.896926+09:00
Compensation Fare,,,failed,False,2026-08-21T02:14:45.406179+09:00
Compensation Fee,480.0,2.0,success,False,2026-08-21T01:57:50.113408+09:00
Compensation Feed,,,failed,False,2026-08-21T00:47:32.281403+09:00
Compensation Field,10.0,0.0,success,False,2026-08-23T13:09:03.594529+09:00
Compensation File,10.0,6.0,success,False,2026-08-21T00:47:13.306684+09:00
Compensation Fine,30.0,0.0,success,False,2026-08-23T02:55:13.896073+09:00
Compensation Flow,70.0,1.0,success,False,2026-08-21T00:49:18.470865+09:00
Compensation Forge,,,failed,False,2026-08-21T00:49:52.271441+09:00
Compensation Form,320.0,7.0,success,False,2026-08-21T00:46:35.033553+09:00
Compensation Format,320.0,7.0,success,False,2026-08-23T13:09:05.713550+09:00
Compensation Frame,,,failed,False,2026-08-21T00:50:35.331865+09:00
Compensation Fund,6600.0,3.0,success,False,2026-08-21T02:22:07.753021+09:00
Compensation Gate,30.0,0.0,success,False,2026-08-21T00:43:54.085720+09:00
Compensation Graph,10.0,6.0,success,False,2026-08-27T22:11:07.504968+09:00
Compensation Grid,40.0,21.0,success,False,2026-08-21T00:50:17.936305+09:00
Compensation Guarantee,40.0,0.0,success,False,2026-08-28T01:03:01.405243+09:00
Compensation Guardian,,,failed,False,2026-08-28T00:21:19.709791+09:00
Compensation Helpdesk,10.0,0.0,success,False,2026-08-27T22:49:54.897946+09:00
Compensation Helper,,,failed,False,2026-08-28T00:21:24.701670+09:00
Compensation History,90.0,2.0,success,False,2026-08-21T00:47:10.612469+09:00
Compensation Hub,40.0,30.0,success,False,2026-08-21T00:49:24.098446+09:00
Compensation Inbox,,,failed,False,2026-08-21T00:45:54.993375+09:00
Compensation Index,20.0,1.0,success,False,2026-08-21T00:47:49.290523+09:00
Compensation Installment,,,failed,False,2026-08-23T16:12:51.127665+09:00
Compensation Interest,210.0,1.0,success,False,2026-08-23T13:45:24.772737+09:00
Compensation Item,,,failed,False,2026-08-21T01:57:52.664433+09:00
Compensation Journal,40.0,1.0,success,False,2026-08-21T00:44:54.956989+09:00
Compensation Keeper,,,failed,False,2026-08-21T00:44:07.435932+09:00
Compensation Lab,,,failed,False,2026-08-21T00:51:07.998109+09:00
Compensation Label,,,failed,False,2026-08-27T22:11:07.504968+09:00
Compensation Ledger,,,failed,False,2026-08-21T00:50:48.093288+09:00
Compensation Level,260.0,4.0,success,False,2026-08-21T00:47:19.116810+09:00
Compensation Levy,10.0,0.0,success,False,2026-08-23T13:45:29.589427+09:00
Compensation Line,70.0,3.0,success,False,2026-08-21T00:46:19.116405+09:00
Compensation Link,10.0,0.0,success,False,2026-08-23T03:20:46.771409+09:00
Compensation List,50.0,0.0,success,False,2026-08-21T00:48:18.650216+09:00
Compensation Loan,40.0,41.0,success,False,2026-08-21T02:14:55.250493+09:00
Compensation Lobby,,,failed,False,2026-08-21T00:46:10.718962+09:00
Compensation Locator,,,failed,False,2026-08-21T00:45:08.644829+09:00
Compensation Locker,,,failed,False,2026-08-21T00:45:22.913101+09:00
Compensation Log,,,failed,False,2026-08-21T00:46:31.440534+09:00
Compensation Loop,70.0,0.0,success,False,2026-08-21T00:50:13.056816+09:00
Compensation Manager,720.0,7.0,success,False,2026-08-21T00:44:13.071089+09:00
Compensation Manual,50.0,11.0,success,False,2026-08-27T22:11:11.911250+09:00
Compensation Map,,,failed,False,2026-08-21T00:50:33.252784+09:00
Compensation Memo,10.0,5.0,success,False,2026-08-21T00:49:04.500727+09:00
Compensation Message,10.0,0.0,success,False,2026-08-27T23:15:41.145408+09:00
Compensation Monitor,,,failed,False,2026-08-21T00:44:32.272154+09:00
Compensation Nexus,,,failed,False,2026-08-21T00:43:59.576313+09:00
Compensation Note,40.0,1.0,success,False,2026-08-21T00:46:52.072318+09:00
Compensation Notification,,,failed,False,2026-08-27T22:49:44.992225+09:00
Compensation Number,260.0,7.0,success,False,2026-08-23T03:20:35.213515+09:00
Compensation Office,90.0,9.0,success,False,2026-08-21T00:45:16.204972+09:00
Compensation Ops,,,failed,False,2026-08-21T00:44:45.180563+09:00
Compensation Order,320.0,2.0,success,False,2026-08-21T00:48:00.969173+09:00
Compensation Outline,,,failed,False,2026-08-27T22:29:00.404173+09:00
Compensation Overage,,,failed,False,2026-08-27T21:47:37.465636+09:00
Compensation Overdraft,,,failed,False,2026-08-23T15:50:51.928952+09:00
Compensation Overdue,,,failed,False,2026-08-27T21:47:32.265892+09:00
Compensation Panel,140.0,6.0,success,False,2026-08-21T00:51:35.796791+09:00
Compensation Pass,320.0,0.0,success,False,2026-08-21T00:48:40.223162+09:00
Compensation Passport,,,failed,False,2026-08-21T00:46:06.764298+09:00
Compensation Path,,,failed,False,2026-08-21T00:50:24.003386+09:00
Compensation Payoff,,,failed,False,2026-08-27T21:47:35.080437+09:00
Compensation Penalty,,,failed,False,2026-08-23T16:38:22.069097+09:00
Compensation Petition,,,failed,False,2026-08-21T00:59:43.831495+09:00
Compensation Plan,1900.0,10.0,success,False,2026-08-21T01:58:00.854013+09:00
Compensation Planner,1900.0,10.0,success,False,2026-08-21T00:44:23.943990+09:00
Compensation Playbook,,,failed,False,2026-08-21T00:44:48.876991+09:00
Compensation Point,1300.0,0.0,success,True,2026-08-21T00:50:29.679005+09:00
Compensation Portal,70.0,11.0,success,False,2026-08-21T00:51:27.534494+09:00
Compensation Preview,,,failed,False,2026-08-28T01:02:58.141304+09:00
Compensation Profile,40.0,7.0,success,False,2026-08-21T00:46:56.943275+09:00
Compensation Profit,,,failed,False,2026-08-23T02:55:02.071314+09:00
Compensation Proposal,50.0,7.0,success,False,2026-08-28T01:03:01.405243+09:00
Compensation Quota,,,failed,False,2026-08-21T00:49:07.202034+09:00
Compensation Radar,,,failed,False,2026-08-21T00:49:29.914475+09:00
Compensation Rail,10.0,0.0,success,False,2026-08-21T00:43:36.715710+09:00
Compensation Rate,320.0,0.0,success,False,2026-08-21T00:47:23.165444+09:00
Compensation Recap,,,failed,False,2026-08-21T01:02:03.687665+09:00
Compensation Receipt,20.0,0.0,success,False,2026-08-21T00:48:09.704229+09:00
Compensation Recorder,,,failed,False,2026-08-27T23:36:50.925534+09:00
Compensation Register,,,failed,False,2026-08-21T00:44:38.874906+09:00
Compensation Registry,,,failed,False,2026-08-21T00:44:58.799520+09:00
Compensation Relay,,,failed,False,2026-08-21T00:49:37.584742+09:00
Compensation Reminder,,,failed,False,2026-08-21T00:47:46.608049+09:00
Compensation Report,320.0,23.0,success,False,2026-08-21T00:46:26.587388+09:00
Compensation Repository,,,failed,False,2026-08-27T23:15:49.054288+09:00
Compensation Result,,,failed,False,2026-08-28T00:45:59.297593+09:00
Compensation Ring,90.0,2.0,success,False,2026-08-21T00:43:49.917491+09:00
Compensation Roll,,,failed,False,2026-08-21T00:46:23.702871+09:00
Compensation Roster,,,failed,False,2026-08-21T00:45:52.774285+09:00
Compensation Route,,,failed,False,2026-08-21T00:51:42.581125+09:00
Compensation Rule,90.0,1.0,success,False,2026-08-23T03:20:50.654201+09:00
Compensation Sale,,,failed,False,2026-08-21T02:22:16.250751+09:00
Compensation Sample,20.0,0.0,success,False,2026-08-21T00:48:30.052376+09:00
Compensation Scale,50.0,16.0,success,False,2026-08-21T00:51:40.152987+09:00
Compensation Scheduler,,,failed,False,2026-08-21T00:44:27.350497+09:00
Compensation Scope,,,failed,False,2026-08-21T00:50:09.781883+09:00
Compensation Score,,,failed,False,2026-08-21T00:46:47.041557+09:00
Compensation Sheet,390.0,3.0,success,False,2026-08-21T00:46:39.668460+09:00
Compensation Shortfall,,,failed,False,2026-08-27T21:47:39.871299+09:00
Compensation Signal,,,failed,False,2026-08-21T00:50:02.185546+09:00
Compensation Signature,,,failed,False,2026-08-23T13:28:17.743262+09:00
Compensation Slip,10.0,0.0,success,False,2026-08-21T00:48:26.954363+09:00
Compensation Slot,,,failed,False,2026-08-21T00:48:33.175763+09:00
Compensation Stage,110.0,2.0,success,False,2026-08-28T00:45:59.297593+09:00
Compensation Stake,,,failed,False,2026-08-23T02:55:08.559599+09:00
Compensation Stamp,,,failed,False,2026-08-23T13:28:17.743262+09:00
Compensation Statement,390.0,5.0,success,False,2026-08-21T00:48:57.806090+09:00
Compensation Station,1600.0,1.0,success,False,2026-08-21T00:51:10.614458+09:00
Compensation Status,30.0,1.0,success,False,2026-08-21T00:47:05.432306+09:00
Compensation Stipend,30.0,1.0,success,False,2026-08-23T13:45:33.532917+09:00
Compensation Stub,,,failed,False,2026-08-21T00:48:54.666046+09:00
Compensation Studio,,,failed,False,2026-08-21T00:51:04.799989+09:00
Compensation Subsidy,,,failed,False,2026-08-23T15:50:51.928952+09:00
Compensation Sum,10.0,10.0,success,False,2026-08-21T02:21:55.234205+09:00
Compensation Summary,70.0,4.0,success,False,2026-08-21T00:47:36.977895+09:00
Compensation Surtax,,,failed,False,2026-08-23T15:50:54.236884+09:00
Compensation Tab,,,failed,False,2026-08-21T00:49:09.924663+09:00
Compensation Table,170.0,3.0,success,False,2026-08-21T00:48:22.062191+09:00
Compensation Tag,,,failed,False,2026-08-21T00:46:54.280562+09:00
Compensation Tariff,,,failed,False,2026-08-21T02:39:36.901337+09:00
Compensation Tax,590.0,0.0,success,False,2026-08-21T02:14:50.093035+09:00
Compensation Terminal,,,failed,False,2026-08-21T00:51:16.185060+09:00
Compensation Ticker,,,failed,False,2026-08-21T00:46:12.825751+09:00
Compensation Ticket,10.0,13.0,success,False,2026-08-21T00:47:54.639607+09:00
Compensation Tier,,,failed,False,2026-08-28T00:46:02.758073+09:00
Compensation Timeline,10.0,6.0,success,False,2026-08-21T00:47:44.020698+09:00
Compensation Timer,,,failed,False,2026-08-28T00:21:17.081309+09:00
Compensation Toll,,,failed,False,2026-08-21T02:39:30.658601+09:00
Compensation Toolbox,,,failed,False,2026-08-28T00:21:22.221803+09:00
Compensation Total,,,failed,False,2026-08-27T23:15:43.697016+09:00
Compensation Tracker,30.0,25.0,success,False,2026-08-21T00:49:15.446712+09:00
Compensation Trail,,,failed,False,2026-08-21T00:43:39.738116+09:00
Compensation Trend,210.0,12.0,success,False,2026-08-28T01:02:54.819638+09:00
Compensation Trial,,,failed,False,2026-08-27T21:16:26.164499+09:00
Compensation Unit,40.0,0.0,success,False,2026-08-21T01:57:54.921820+09:00
Compensation Update,20.0,0.0,success,False,2026-08-21T00:47:26.672100+09:00
Compensation Value,90.0,1.0,success,False,2026-08-23T02:55:04.865137+09:00
Compensation Vault,,,failed,False,2026-08-21T00:49:41.369493+09:00
Compensation Version,,,failed,False,2026-08-23T03:20:42.703424+09:00
Compensation View,,,failed,False,2026-08-21T00:47:07.675748+09:00
Compensation Voucher,480.0,1.0,success,False,2026-08-21T00:48:44.199856+09:00
Compensation Wallet,,,failed,False,2026-08-27T22:49:51.876514+09:00
Compensation Watch,,,failed,False,2026-08-21T00:50:04.499348+09:00
Compensation Wave,,,failed,False,2026-08-21T00:50:21.320378+09:00
Compensation Widget,,,failed,False,2026-08-27T23:15:46.670229+09:00
Compensation Window,,,failed,False,2026-08-21T00:46:21.529361+09:00
Compensation Worksheet,50.0,12.0,success,False,2026-08-27T22:11:14.702550+09:00
Compensation Workshop,10.0,0.0,success,False,2026-08-28T00:21:17.081309+09:00
Compensation Zone,30.0,10.0,success,False,2026-08-21T00:51:22.640360+09:00
Complaint Advisory,,,failed,False,2026-08-21T01:04:20.278964+09:00
Complaint Alert,,,failed,False,2026-08-19T20:48:37.662202+09:00
Complaint Allowance,,,failed,False,2026-08-21T02:43:25.318568+09:00
Complaint Analyzer,,,failed,False,2026-08-27T23:51:32.749499+09:00
Complaint Announcement,,,failed,False,2026-08-27T23:31:50.398588+09:00
Complaint Assistant,40.0,1.0,success,False,2026-08-19T20:45:50.851524+09:00
Complaint Badge,,,failed,False,2026-08-21T00:31:03.590955+09:00
Complaint Base,,,failed,False,2026-08-19T20:42:37.692999+09:00
Complaint Bill,,,failed,False,2026-08-19T21:52:57.085670+09:00
Complaint Bin,50.0,0.0,success,False,2026-08-19T20:48:46.011592+09:00
Complaint Book,880.0,7.0,success,False,2026-08-19T21:54:00.654442+09:00
Complaint Brief,40.0,0.0,success,False,2026-08-21T01:04:08.971472+09:00
Complaint Bulletin,,,failed,False,2026-08-21T01:04:02.292645+09:00
Complaint Calendar,10.0,0.0,success,False,2026-08-19T20:46:44.181940+09:00
Complaint Card,70.0,2.0,success,False,2026-08-19T20:37:14.893241+09:00
Complaint Cash,,,failed,False,2026-08-21T02:27:57.187073+09:00
Complaint Catalog,,,failed,False,2026-08-19T21:09:34.510109+09:00
Complaint Center,320.0,2.0,success,False,2026-08-19T20:43:44.541784+09:00
Complaint Charge,30.0,0.0,success,False,2026-08-21T02:43:16.744782+09:00
Complaint Chart,20.0,0.0,success,False,2026-08-19T20:48:43.191337+09:00
Complaint Checker,20.0,0.0,success,False,2026-08-27T23:51:26.937833+09:00
Complaint Checklist,10.0,0.0,success,False,2026-08-19T21:08:33.836263+09:00
Complaint Circular,,,failed,False,2026-08-21T01:04:13.537026+09:00
Complaint Code,50.0,0.0,success,False,2026-08-19T21:53:24.173556+09:00
Complaint Comparison,,,failed,False,2026-08-28T01:02:28.948807+09:00
Complaint Confirmation,,,failed,False,2026-08-21T01:04:32.859141+09:00
Complaint Core,,,failed,False,2026-08-19T20:42:43.732696+09:00
Complaint Cost,20.0,5.0,success,False,2026-08-21T02:12:01.712721+09:00
Complaint Count,,,failed,False,2026-08-27T22:44:24.073756+09:00
Complaint Deal,,,failed,False,2026-08-21T01:56:38.086153+09:00
Complaint Debt,,,failed,False,2026-08-21T02:27:51.067603+09:00
Complaint Desk,170.0,0.0,success,False,2026-08-19T20:40:08.745376+09:00
Complaint Detail,320.0,1.0,success,False,2026-08-23T03:22:53.557175+09:00
Complaint Detector,,,failed,False,2026-08-27T23:51:29.405566+09:00
Complaint Digest,,,failed,False,2026-08-19T20:39:18.061361+09:00
Complaint Directory,,,failed,False,2026-08-19T20:46:49.166137+09:00
Complaint Discount,,,failed,False,2026-08-23T16:16:48.615272+09:00
Complaint Dossier,,,failed,False,2026-08-21T01:04:44.330584+09:00
Complaint Downpayment,,,failed,False,2026-08-27T21:50:54.080102+09:00
Complaint Draft,320.0,1.0,success,False,2026-08-19T20:39:35.461909+09:00
Complaint Due,,,failed,False,2026-08-23T15:52:57.176155+09:00
Complaint Duty,10.0,0.0,success,False,2026-08-21T02:43:19.046773+09:00
Complaint Entry,170.0,0.0,success,False,2026-08-21T01:05:05.236354+09:00
Complaint Estimate,,,failed,False,2026-08-19T21:09:22.382807+09:00
Complaint Estimator,,,failed,False,2026-08-27T23:51:24.335890+09:00
Complaint Excerpt,,,failed,False,2026-08-21T01:04:56.218179+09:00
Complaint Fare,,,failed,False,2026-08-21T02:12:10.627447+09:00
Complaint Fee,20.0,0.0,success,False,2026-08-21T01:56:16.843249+09:00
Complaint Feed,,,failed,False,2026-08-19T20:39:26.869721+09:00
Complaint File,9900.0,1.0,success,False,2026-08-19T20:38:39.383467+09:00
Complaint Finder,,,failed,False,2026-08-19T20:47:00.737978+09:00
Complaint Fine,,,failed,False,2026-08-23T02:57:32.152196+09:00
Complaint Flag,,,failed,False,2026-08-21T00:31:47.591094+09:00
Complaint Form,3600.0,1.0,success,False,2026-08-19T20:49:35.865635+09:00
Complaint Fund,,,failed,False,2026-08-21T02:27:53.442278+09:00
Complaint Generator,50.0,3.0,success,False,2026-08-27T23:31:53.599891+09:00
Complaint Grade,,,failed,False,2026-08-21T00:31:26.827984+09:00
Complaint Graph,,,failed,False,2026-08-27T22:15:41.431097+09:00
Complaint Grid,,,failed,False,2026-08-19T20:41:57.553937+09:00
Complaint Helpdesk,,,failed,False,2026-08-27T22:44:27.817073+09:00
Complaint Helper,,,failed,False,2026-08-28T00:21:49.130858+09:00
Complaint History,90.0,0.0,success,False,2026-08-19T20:38:30.453873+09:00
Complaint Hotline,210.0,1.0,success,False,2026-08-19T21:09:46.410901+09:00
Complaint Hub,170.0,0.0,success,False,2026-08-19T20:39:59.254826+09:00
Complaint Identifier,,,failed,False,2026-08-23T13:09:14.949045+09:00
Complaint Inbox,,,failed,False,2026-08-19T20:48:32.959283+09:00
Complaint Index,20.0,0.0,success,False,2026-08-19T21:08:43.971729+09:00
Complaint Item,,,failed,False,2026-08-21T01:56:21.292165+09:00
Complaint Journal,10.0,7.0,success,False,2026-08-19T20:46:30.162701+09:00
Complaint Keeper,,,failed,False,2026-08-19T20:45:32.308725+09:00
Complaint Label,10.0,2.0,success,False,2026-08-27T22:15:41.431097+09:00
Complaint Ledger,,,failed,False,2026-08-19T20:42:55.526386+09:00
Complaint Level,10.0,0.0,success,False,2026-08-19T20:38:50.239529+09:00
Complaint Line,320.0,1.0,success,False,2026-08-19T20:49:09.969574+09:00
Complaint Link,30.0,2.0,success,False,2026-08-23T03:22:45.099275+09:00
Complaint List,480.0,0.0,success,False,2026-08-19T21:53:37.602067+09:00
Complaint Loan,10.0,0.0,success,False,2026-08-21T02:12:19.408855+09:00
Complaint Locator,,,failed,False,2026-08-19T20:46:54.929939+09:00
Complaint Log,480.0,2.0,success,False,2026-08-19T20:49:28.954845+09:00
Complaint Loop,,,failed,False,2026-08-19T20:41:48.388385+09:00
Complaint Manager,5400.0,1.0,success,False,2026-08-19T20:45:37.673361+09:00
Complaint Manual,10.0,0.0,success,False,2026-08-27T22:15:49.874448+09:00
Complaint Map,10.0,0.0,success,False,2026-08-19T20:42:25.910879+09:00
Complaint Memo,50.0,0.0,success,False,2026-08-21T00:31:34.132172+09:00
Complaint Monitor,,,failed,False,2026-08-19T20:46:06.697629+09:00
Complaint Note,90.0,1.0,success,False,2026-08-19T20:37:52.054454+09:00
Complaint Notification,10.0,0.0,success,False,2026-08-27T22:44:16.144123+09:00
Complaint Number,8100.0,0.0,success,True,2026-08-23T03:22:39.014022+09:00
Complaint Office,1000.0,1.0,success,False,2026-08-19T20:47:06.290958+09:00
Complaint Ops,,,failed,False,2026-08-19T20:46:21.996527+09:00
Complaint Order,140.0,1.0,success,False,2026-08-19T21:52:45.174751+09:00
Complaint Overage,,,failed,False,2026-08-27T21:50:51.730845+09:00
Complaint Overdue,,,failed,False,2026-08-27T21:50:46.767806+09:00
Complaint Panel,10.0,0.0,success,False,2026-08-19T20:44:10.013145+09:00
Complaint Pass,,,failed,False,2026-08-21T00:30:49.324092+09:00
Complaint Path,,,failed,False,2026-08-19T20:42:12.538195+09:00
Complaint Payoff,,,failed,False,2026-08-27T21:50:49.400709+09:00
Complaint Petition,210.0,0.0,success,False,2026-08-21T01:04:24.715250+09:00
Complaint Plan,,,failed,False,2026-08-21T01:56:30.460489+09:00
Complaint Playbook,,,failed,False,2026-08-19T20:46:27.543041+09:00
Complaint Portal,1300.0,0.0,success,True,2026-08-19T20:43:57.147560+09:00
Complaint Preview,,,failed,False,2026-08-28T01:02:31.716235+09:00
Complaint Profile,,,failed,False,2026-08-19T20:38:05.655570+09:00
Complaint Profit,,,failed,False,2026-08-23T02:57:19.456946+09:00
Complaint Queue,,,failed,False,2026-08-19T21:09:08.250321+09:00
Complaint Quota,,,failed,False,2026-08-21T00:31:41.208752+09:00
Complaint Rate,210.0,0.0,success,False,2026-08-19T20:38:59.819787+09:00
Complaint Recap,,,failed,False,2026-08-21T01:04:41.877436+09:00
Complaint Receipt,40.0,0.0,success,False,2026-08-19T21:53:13.442826+09:00
Complaint Recorder,,,failed,False,2026-08-27T23:31:58.292490+09:00
Complaint Register,2900.0,0.0,success,True,2026-08-19T20:46:16.448832+09:00
Complaint Registry,2900.0,0.0,success,True,2026-08-19T20:46:39.045000+09:00
Complaint Reminder,,,failed,False,2026-08-19T21:08:21.181421+09:00
Complaint Report,880.0,1.0,success,False,2026-08-19T20:49:25.973595+09:00
Complaint Repository,,,failed,False,2026-08-27T23:10:14.890839+09:00
Complaint Result,20.0,0.0,success,False,2026-08-28T00:45:59.297593+09:00
Complaint Roster,,,failed,False,2026-08-19T20:48:26.152213+09:00
Complaint Route,,,failed,False,2026-08-19T20:44:26.671038+09:00
Complaint Rule,,,failed,False,2026-08-23T03:22:48.132111+09:00
Complaint Sale,,,failed,False,2026-08-21T02:28:03.624635+09:00
Complaint Sample,720.0,0.0,success,False,2026-08-19T21:54:22.632140+09:00
Complaint Scheduler,,,failed,False,2026-08-19T20:46:02.034696+09:00
Complaint Score,,,failed,False,2026-08-19T20:37:45.715949+09:00
Complaint Sheet,320.0,0.0,success,False,2026-08-19T20:37:25.311012+09:00
Complaint Shortfall,,,failed,False,2026-08-27T21:50:56.215822+09:00
Complaint Slip,30.0,0.0,success,False,2026-08-19T21:54:10.446339+09:00
Complaint Stage,,,failed,False,2026-08-28T00:45:55.588446+09:00
Complaint Stake,,,failed,False,2026-08-23T02:57:27.142882+09:00
Complaint Statement,170.0,1.0,success,False,2026-08-21T00:31:14.600161+09:00
Complaint Status,1300.0,0.0,success,True,2026-08-19T20:38:12.818207+09:00
Complaint Stub,,,failed,False,2026-08-21T00:31:07.825329+09:00
Complaint Sum,,,failed,False,2026-08-21T02:27:47.388523+09:00
Complaint Summary,90.0,0.0,success,False,2026-08-19T21:08:00.939328+09:00
Complaint Tab,30.0,0.0,success,False,2026-08-21T00:31:54.895534+09:00
Complaint Table,10.0,0.0,success,False,2026-08-19T21:53:47.413598+09:00
Complaint Tally,,,failed,False,2026-08-21T00:31:19.573899+09:00
Complaint Tariff,,,failed,False,2026-08-21T02:43:28.304823+09:00
Complaint Tax,,,failed,False,2026-08-21T02:12:15.174959+09:00
Complaint Ticker,,,failed,False,2026-08-19T20:49:04.250848+09:00
Complaint Ticket,260.0,2.0,success,False,2026-08-19T21:08:56.210906+09:00
Complaint Timeline,10.0,2.0,success,False,2026-08-19T21:08:11.674763+09:00
Complaint Timer,,,failed,False,2026-08-28T00:21:38.214311+09:00
Complaint Token,,,failed,False,2026-08-23T13:28:10.942428+09:00
Complaint Toll,,,failed,False,2026-08-21T02:43:21.598191+09:00
Complaint Toolbox,,,failed,False,2026-08-28T00:21:45.963780+09:00
Complaint Total,,,failed,False,2026-08-27T23:10:09.258839+09:00
Complaint Tracker,210.0,4.0,success,False,2026-08-19T20:39:43.818952+09:00
Complaint Trend,10.0,0.0,success,False,2026-08-28T01:02:28.948807+09:00
Complaint Trial,10.0,0.0,success,False,2026-08-27T21:19:56.366947+09:00
Complaint Unit,30.0,0.0,success,False,2026-08-21T01:56:25.732902+09:00
Complaint Update,10.0,0.0,success,False,2026-08-19T20:39:09.333161+09:00
Complaint Value,,,failed,False,2026-08-23T02:57:24.970560+09:00
Complaint Version,,,failed,False,2026-08-23T03:22:42.501986+09:00
Complaint View,40.0,0.0,success,False,2026-08-19T20:38:22.141016+09:00
Complaint Voucher,,,failed,False,2026-08-21T00:30:55.600635+09:00
Complaint Watch,20.0,0.0,success,False,2026-08-19T20:41:36.001931+09:00
Complaint Widget,,,failed,False,2026-08-27T23:10:09.258839+09:00
Complaint Window,10.0,0.0,success,False,2026-08-19T20:49:12.755513+09:00
Complaint Worksheet,30.0,0.0,success,False,2026-08-27T22:15:49.874448+09:00
Compliance Advance,,,failed,False,2026-08-23T16:12:51.127665+09:00
Compliance Advisory,480.0,15.0,success,False,2026-08-21T01:01:55.292277+09:00
Compliance Alert,110.0,11.0,success,False,2026-08-19T12:25:27.149314+09:00
Compliance Allowance,10.0,0.0,success,False,2026-08-21T02:36:33.361411+09:00
Compliance Almanac,,,failed,False,2026-08-18T22:02:59.013018+09:00
Compliance Analyzer,40.0,31.0,success,False,2026-08-27T23:51:24.335890+09:00
Compliance Anchor,40.0,8.0,success,False,2026-08-17T20:35:20.751202+09:00
Compliance Announcement,,,failed,False,2026-08-27T23:31:37.799226+09:00
Compliance Arrears,,,failed,False,2026-08-23T16:12:46.857371+09:00
Compliance Asset,110.0,13.0,success,False,2026-08-23T13:45:59.921070+09:00
Compliance Assistant,1600.0,11.0,success,False,2026-08-17T23:06:35.609380+09:00
Compliance Atlas,,,failed,False,2026-08-17T20:37:14.189830+09:00
Compliance Attribute,,,failed,False,2026-08-23T13:05:12.905502+09:00
Compliance Badge,170.0,0.0,success,False,2026-08-21T00:28:09.542795+09:00
Compliance Base,,,failed,False,2026-08-17T20:33:56.397010+09:00
Compliance Beacon,,,failed,False,2026-08-17T20:32:23.142780+09:00
Compliance Bill,,,failed,False,2026-08-19T21:48:34.329578+09:00
Compliance Blueprint,10.0,11.0,success,False,2026-08-18T22:02:48.638128+09:00
Compliance Board,260.0,7.0,success,False,2026-08-18T07:43:33.708043+09:00
Compliance Book,210.0,56.0,success,False,2026-08-19T21:49:35.357194+09:00
Compliance Bridge,110.0,13.0,success,False,2026-08-17T20:36:18.497930+09:00
Compliance Brief,20.0,5.0,success,False,2026-08-21T00:59:34.151010+09:00
Compliance Bulletin,30.0,3.0,success,False,2026-08-21T00:59:30.115655+09:00
Compliance Calculator,260.0,5.0,success,False,2026-08-27T23:31:41.970749+09:00
Compliance Calendar,1300.0,4.0,success,False,2026-08-18T23:57:22.753165+09:00
Compliance Card,90.0,7.0,success,False,2026-08-19T13:20:54.330811+09:00
Compliance Cascade,,,failed,False,2026-08-18T07:52:20.987077+09:00
Compliance Cash,10.0,0.0,success,False,2026-08-21T02:22:32.305318+09:00
Compliance Cashback,,,failed,False,2026-08-27T21:15:29.439407+09:00
Compliance Catalog,,,failed,False,2026-08-19T21:04:44.071622+09:00
Compliance Category,40.0,2.0,success,False,2026-08-23T13:05:09.962757+09:00
Compliance Center,590.0,12.0,success,False,2026-08-17T20:34:53.035348+09:00
Compliance Chain,390.0,50.0,success,False,2026-08-18T07:43:23.332018+09:00
Compliance Charge,50.0,1.0,success,False,2026-08-21T02:36:50.213443+09:00
Compliance Check,2900.0,16.0,success,False,2026-08-19T13:21:49.505722+09:00
Compliance Checker,2900.0,16.0,success,False,2026-08-27T23:51:18.068433+09:00
Compliance Checklist,1000.0,8.0,success,False,2026-08-19T21:03:38.962662+09:00
Compliance Circular,,,failed,False,2026-08-21T01:01:52.955831+09:00
Compliance Cockpit,140.0,47.0,success,False,2026-08-17T23:04:01.438390+09:00
Compliance Code,260.0,3.0,success,False,2026-08-19T21:49:01.029648+09:00
Compliance Codex,10.0,0.0,success,False,2026-08-18T22:03:21.744324+09:00
Compliance Companion,30.0,18.0,success,False,2026-08-17T23:04:23.573644+09:00
Compliance Comparison,,,failed,False,2026-08-28T01:01:39.377915+09:00
Compliance Compass,110.0,15.0,success,False,2026-08-17T20:33:31.328442+09:00
Compliance Compendium,30.0,7.0,success,False,2026-08-18T22:03:09.558659+09:00
Compliance Confirmation,30.0,3.0,success,False,2026-08-21T00:59:50.492128+09:00
Compliance Console,,,failed,False,2026-08-17T20:31:49.556843+09:00
Compliance Contribution,10.0,0.0,success,False,2026-08-23T16:12:43.953628+09:00
Compliance Core,30.0,7.0,success,False,2026-08-17T20:32:53.240136+09:00
Compliance Cost,1600.0,1.0,success,False,2026-08-21T02:06:52.442398+09:00
Compliance Count,,,failed,False,2026-08-27T22:44:11.984469+09:00
Compliance Counter,,,failed,False,2026-08-18T23:58:23.364762+09:00
Compliance Coupon,,,failed,False,2026-08-27T21:15:29.439407+09:00
Compliance Dashboard,1300.0,23.0,success,False,2026-08-17T23:10:04.608173+09:00
Compliance Deal,,,failed,False,2026-08-21T01:50:32.476329+09:00
Compliance Debt,70.0,7.0,success,False,2026-08-21T02:22:21.674947+09:00
Compliance Deck,,,failed,False,2026-08-17T20:31:41.996994+09:00
Compliance Depot,1900.0,8.0,success,False,2026-08-18T23:58:01.279851+09:00
Compliance Desk,70.0,17.0,success,False,2026-08-17T20:37:18.091212+09:00
Compliance Detail,,,failed,False,2026-08-23T03:14:39.191196+09:00
Compliance Detector,,,failed,False,2026-08-27T23:51:21.141566+09:00
Compliance Dial,,,failed,False,2026-08-18T07:43:25.661274+09:00
Compliance Digest,20.0,31.0,success,False,2026-08-19T20:37:28.019595+09:00
Compliance Directory,20.0,3.0,success,False,2026-08-18T23:57:35.193051+09:00
Compliance Discount,10.0,0.0,success,False,2026-08-23T16:12:37.758659+09:00
Compliance Dock,,,failed,False,2026-08-17T20:32:58.642411+09:00
Compliance Dossier,20.0,17.0,success,False,2026-08-21T00:59:54.516148+09:00
Compliance Draft,,,failed,False,2026-08-19T20:37:47.819235+09:00
Compliance Due,,,failed,False,2026-08-23T15:51:07.589062+09:00
Compliance Duty,40.0,2.0,success,False,2026-08-21T02:36:53.900229+09:00
Compliance Endowment,,,failed,False,2026-08-23T15:51:11.788135+09:00
Compliance Engine,4400.0,15.0,success,False,2026-08-17T23:04:01.438390+09:00
Compliance Entry,,,failed,False,2026-08-21T01:00:07.021185+09:00
Compliance Estimate,,,failed,False,2026-08-19T21:04:31.572257+09:00
Compliance Estimator,,,failed,False,2026-08-27T23:51:15.530091+09:00
Compliance Excerpt,,,failed,False,2026-08-21T01:02:05.845061+09:00
Compliance Extension,,,failed,False,2026-08-23T16:38:14.137829+09:00
Compliance Fare,,,failed,False,2026-08-21T02:07:02.181648+09:00
Compliance Fee,390.0,1.0,success,False,2026-08-21T01:50:02.348824+09:00
Compliance Feed,,,failed,False,2026-08-19T20:37:37.988161+09:00
Compliance File,320.0,17.0,success,False,2026-08-19T20:38:12.818207+09:00
Compliance Finder,,,failed,False,2026-08-18T23:57:53.791592+09:00
Compliance Fine,50.0,0.0,success,False,2026-08-23T02:52:54.203392+09:00
Compliance Flag,40.0,2.0,success,False,2026-08-21T00:25:04.867976+09:00
Compliance Flow,1900.0,9.0,success,False,2026-08-18T07:43:59.355214+09:00
Compliance Forge,320.0,14.0,success,False,2026-08-18T07:52:20.987077+09:00
Compliance Form,880.0,4.0,success,False,2026-08-19T13:20:54.330811+09:00
Compliance Format,880.0,4.0,success,False,2026-08-23T13:05:17.487653+09:00
Compliance Frame,,,failed,False,2026-08-17T20:34:46.285590+09:00
Compliance Fund,40.0,6.0,success,False,2026-08-21T02:22:28.218601+09:00
Compliance Gate,390.0,8.0,success,False,2026-08-18T07:43:25.661274+09:00
Compliance Generator,10.0,24.0,success,False,2026-08-27T23:31:46.551451+09:00
Compliance Giveaway,,,failed,False,2026-08-26T22:29:12.332951+09:00
Compliance Grade,,,failed,False,2026-08-21T00:24:43.469777+09:00
Compliance Graph,260.0,0.0,success,False,2026-08-27T22:09:48.398152+09:00
Compliance Grid,30.0,9.0,success,False,2026-08-18T07:43:30.092641+09:00
Compliance Guarantee,20.0,0.0,success,False,2026-08-28T01:01:32.188675+09:00
Compliance Guard,110.0,32.0,success,False,2026-08-17T20:33:24.231963+09:00
Compliance Guardian,70.0,32.0,success,False,2026-08-28T00:21:32.683664+09:00
Compliance Guidebook,,,failed,False,2026-08-18T21:11:26.018001+09:00
Compliance Helpdesk,30.0,17.0,success,False,2026-08-27T22:44:16.144123+09:00
Compliance Helper,140.0,36.0,success,False,2026-08-28T00:21:38.214311+09:00
Compliance History,70.0,0.0,success,False,2026-08-19T20:38:05.655570+09:00
Compliance Hotline,590.0,28.0,success,False,2026-08-19T21:03:23.930623+09:00
Compliance Hub,590.0,9.0,success,False,2026-08-18T07:51:58.234946+09:00
Compliance Identifier,,,failed,False,2026-08-23T13:05:07.059909+09:00
Compliance Incentive,20.0,8.0,success,False,2026-08-26T22:29:12.332951+09:00
Compliance Index,50.0,5.0,success,False,2026-08-19T21:03:53.179213+09:00
Compliance Insight,210.0,13.0,success,False,2026-08-17T23:04:40.930662+09:00
Compliance Installment,,,failed,False,2026-08-23T16:12:41.676987+09:00
Compliance Item,,,failed,False,2026-08-21T01:50:11.823899+09:00
Compliance Journal,20.0,2.0,success,False,2026-08-18T22:03:00.985111+09:00
Compliance Keeper,,,failed,False,2026-08-17T20:35:16.626138+09:00
Compliance Kit,90.0,42.0,success,False,2026-08-27T22:44:05.542192+09:00
Compliance Lab,320.0,12.0,success,False,2026-08-17T20:37:49.257868+09:00
Compliance Label,880.0,9.0,success,False,2026-08-27T22:06:37.910338+09:00
Compliance Ledger,,,failed,False,2026-08-17T20:31:41.996994+09:00
Compliance Lens,30.0,42.0,success,False,2026-08-17T20:35:47.352548+09:00
Compliance Level,320.0,4.0,success,False,2026-08-19T20:37:18.555970+09:00
Compliance Levy,,,failed,False,2026-08-23T13:46:02.473862+09:00
Compliance Link,590.0,12.0,success,False,2026-08-23T03:14:51.168783+09:00
Compliance List,260.0,3.0,success,False,2026-08-19T21:49:11.434209+09:00
Compliance Loan,,,failed,False,2026-08-21T02:07:16.373051+09:00
Compliance Locator,,,failed,False,2026-08-18T23:57:42.935137+09:00
Compliance Lock,40.0,0.0,success,False,2026-08-17T20:37:44.009684+09:00
Compliance Log,170.0,10.0,success,False,2026-08-19T13:21:11.802983+09:00
Compliance Loop,40.0,0.0,success,False,2026-08-18T07:43:30.092641+09:00
Compliance Manager,8100.0,9.0,success,False,2026-08-17T20:34:20.444490+09:00
Compliance Manual,480.0,22.0,success,False,2026-08-27T22:06:37.910338+09:00
Compliance Map,210.0,27.0,success,False,2026-08-17T20:36:43.272468+09:00
Compliance Margin,,,failed,False,2026-08-23T02:52:51.254134+09:00
Compliance Marker,,,failed,False,2026-08-23T13:26:52.809343+09:00
Compliance Memo,70.0,0.0,success,False,2026-08-21T00:24:51.764822+09:00
Compliance Message,50.0,6.0,success,False,2026-08-27T23:09:56.910517+09:00
Compliance Meter,20.0,1.0,success,False,2026-08-17T20:35:51.368204+09:00
Compliance Metrics,210.0,11.0,success,False,2026-08-17T23:04:07.422993+09:00
Compliance Monitor,2900.0,15.0,success,False,2026-08-17T23:08:20.793662+09:00
Compliance Navigator,260.0,28.0,success,False,2026-08-17T23:04:23.573644+09:00
Compliance Nexus,20.0,21.0,success,False,2026-08-18T07:43:28.535953+09:00
Compliance Node,,,failed,False,2026-08-17T20:32:21.226449+09:00
Compliance Note,390.0,1.0,success,False,2026-08-19T13:22:13.329978+09:00
Compliance Notification,20.0,3.0,success,False,2026-08-27T22:44:05.542192+09:00
Compliance Number,90.0,5.0,success,False,2026-08-23T03:14:42.643964+09:00
Compliance Office,720.0,10.0,success,False,2026-08-18T23:58:15.272323+09:00
Compliance Ops,320.0,6.0,success,False,2026-08-17T23:04:42.962346+09:00
Compliance Order,210.0,1.0,success,False,2026-08-19T21:48:17.560358+09:00
Compliance Organizer,,,failed,False,2026-08-17T23:04:46.904606+09:00
Compliance Overdraft,,,failed,False,2026-08-23T15:51:09.680113+09:00
Compliance Overdue,,,failed,False,2026-08-27T21:46:44.901733+09:00
Compliance Panel,20.0,19.0,success,False,2026-08-18T07:43:25.661274+09:00
Compliance Pass,,,failed,False,2026-08-21T00:27:51.416222+09:00
Compliance Path,140.0,6.0,success,False,2026-08-17T20:31:46.547401+09:00
Compliance Penalty,20.0,0.0,success,False,2026-08-23T16:38:09.315163+09:00
Compliance Petition,,,failed,False,2026-08-21T00:59:46.357323+09:00
Compliance Pilot,10.0,24.0,success,False,2026-08-18T07:51:58.234946+09:00
Compliance Plan,390.0,15.0,success,False,2026-08-21T01:50:28.240015+09:00
Compliance Planner,,,failed,False,2026-08-17T23:06:37.704524+09:00
Compliance Playbook,30.0,41.0,success,False,2026-08-18T22:02:50.623197+09:00
Compliance Point,390.0,25.0,success,False,2026-08-18T07:43:25.661274+09:00
Compliance Portal,1600.0,10.0,success,False,2026-08-17T20:32:58.642411+09:00
Compliance Preview,,,failed,False,2026-08-28T01:01:42.257433+09:00
Compliance Profile,40.0,4.0,success,False,2026-08-19T13:23:14.484254+09:00
Compliance Profit,,,failed,False,2026-08-23T02:52:43.639669+09:00
Compliance Proposal,10.0,0.0,success,False,2026-08-28T01:01:45.010115+09:00
Compliance Pulse,,,failed,False,2026-08-18T07:43:23.332018+09:00
Compliance Queue,,,failed,False,2026-08-19T21:04:17.654082+09:00
Compliance Quota,,,failed,False,2026-08-21T00:24:57.111152+09:00
Compliance Radar,110.0,39.0,success,False,2026-08-17T20:36:18.497930+09:00
Compliance Rail,10.0,0.0,success,False,2026-08-17T20:31:52.293572+09:00
Compliance Rank,,,failed,False,2026-08-28T00:45:55.588446+09:00
Compliance Rate,480.0,1.0,success,False,2026-08-19T20:37:28.019595+09:00
Compliance Recap,10.0,0.0,success,False,2026-08-21T01:02:03.687665+09:00
Compliance Receipt,,,failed,False,2026-08-19T21:48:48.534569+09:00
Compliance Recorder,320.0,10.0,success,False,2026-08-27T23:31:50.398588+09:00
Compliance Register,390.0,13.0,success,False,2026-08-17T23:04:25.350258+09:00
Compliance Registry,,,failed,False,2026-08-18T22:02:38.118746+09:00
Compliance Relay,,,failed,False,2026-08-17T20:35:20.751202+09:00
Compliance Reminder,70.0,11.0,success,False,2026-08-19T21:03:21.176777+09:00
Compliance Report,3600.0,6.0,success,False,2026-08-19T13:20:57.045829+09:00
Compliance Repository,10.0,20.0,success,False,2026-08-27T23:10:02.620929+09:00
Compliance Result,,,failed,False,2026-08-28T00:45:52.715901+09:00
Compliance Roadmap,90.0,27.0,success,False,2026-08-18T22:03:32.090956+09:00
Compliance Route,40.0,0.0,success,False,2026-08-17T20:34:02.071546+09:00
Compliance Rule,390.0,6.0,success,False,2026-08-23T03:14:55.080924+09:00
Compliance Sale,,,failed,False,2026-08-21T02:22:35.993251+09:00
Compliance Sample,50.0,0.0,success,False,2026-08-19T21:45:58.620929+09:00
Compliance Scale,30.0,0.0,success,False,2026-08-17T20:34:53.035348+09:00
Compliance Scanner,170.0,39.0,success,False,2026-08-27T23:51:21.141566+09:00
Compliance Scheduler,,,failed,False,2026-08-17T23:06:57.045511+09:00
Compliance Scope,50.0,4.0,success,False,2026-08-17T20:32:23.142780+09:00
Compliance Score,590.0,7.0,success,False,2026-08-19T13:22:01.413587+09:00
Compliance Sentry,,,failed,False,2026-08-17T20:36:13.174234+09:00
Compliance Sheet,720.0,3.0,success,False,2026-08-19T13:21:11.802983+09:00
Compliance Shortfall,,,failed,False,2026-08-27T21:45:54.192033+09:00
Compliance Signal,,,failed,False,2026-08-17T20:34:29.454165+09:00
Compliance Signature,,,failed,False,2026-08-23T13:26:49.261296+09:00
Compliance Slip,50.0,0.0,success,False,2026-08-19T21:45:58.620929+09:00
Compliance Slot,,,failed,False,2026-08-19T21:46:11.490049+09:00
Compliance Snapshot,,,failed,False,2026-08-18T22:03:11.971226+09:00
Compliance Stage,50.0,7.0,success,False,2026-08-28T00:45:52.715901+09:00
Compliance Stake,,,failed,False,2026-08-23T02:52:49.123666+09:00
Compliance Stamp,110.0,11.0,success,False,2026-08-23T13:26:55.054155+09:00
Compliance Statement,880.0,1.0,success,False,2026-08-21T00:28:20.735517+09:00
Compliance Station,70.0,26.0,success,False,2026-08-17T20:36:51.044622+09:00
Compliance Status,480.0,1.0,success,False,2026-08-19T20:37:52.054454+09:00
Compliance Streak,,,failed,False,2026-08-28T00:45:55.588446+09:00
Compliance Stub,,,failed,False,2026-08-21T00:28:13.699286+09:00
Compliance Studio,40.0,11.0,success,False,2026-08-18T07:43:35.299259+09:00
Compliance Subsidy,,,failed,False,2026-08-23T15:51:09.680113+09:00
Compliance Suite,140.0,54.0,success,False,2026-08-17T23:05:06.987834+09:00
Compliance Sum,,,failed,False,2026-08-21T02:22:16.250751+09:00
Compliance Summary,110.0,3.0,success,False,2026-08-19T21:07:00.753456+09:00
Compliance Sync,50.0,8.0,success,False,2026-08-18T07:43:59.355214+09:00
Compliance Tab,20.0,0.0,success,False,2026-08-21T00:25:10.675439+09:00
Compliance Table,140.0,1.0,success,False,2026-08-19T21:49:21.504748+09:00
Compliance Tag,50.0,71.0,success,False,2026-08-19T13:23:03.025983+09:00
Compliance Tally,,,failed,False,2026-08-21T00:24:43.469777+09:00
Compliance Tariff,,,failed,False,2026-08-21T02:36:37.228119+09:00
Compliance Tax,6600.0,6.0,success,False,2026-08-21T02:07:07.042559+09:00
Compliance Ticket,70.0,3.0,success,False,2026-08-19T21:04:06.353252+09:00
Compliance Tier,,,failed,False,2026-08-28T00:45:55.588446+09:00
Compliance Timeline,40.0,0.0,success,False,2026-08-19T21:07:13.159437+09:00
Compliance Timer,,,failed,False,2026-08-28T00:21:30.022858+09:00
Compliance Token,,,failed,False,2026-08-23T13:26:49.261296+09:00
Compliance Toll,,,failed,False,2026-08-21T02:37:01.944995+09:00
Compliance Toolbox,40.0,8.0,success,False,2026-08-28T00:21:35.352628+09:00
Compliance Toolkit,210.0,17.0,success,False,2026-08-18T22:02:42.227147+09:00
Compliance Tracker,1000.0,40.0,success,False,2026-08-17T20:32:14.147491+09:00
Compliance Trail,,,failed,False,2026-08-18T07:43:23.332018+09:00
Compliance Trend,50.0,26.0,success,False,2026-08-28T01:01:39.377915+09:00
Compliance Trial,10.0,14.0,success,False,2026-08-27T21:15:31.900187+09:00
Compliance Unit,210.0,1.0,success,False,2026-08-21T01:50:44.435250+09:00
Compliance Update,140.0,12.0,success,False,2026-08-19T20:37:18.555970+09:00
Compliance Value,40.0,0.0,success,False,2026-08-23T02:52:46.674301+09:00
Compliance Vault,40.0,40.0,success,False,2026-08-17T20:34:25.476328+09:00
Compliance Version,,,failed,False,2026-08-23T03:14:46.268297+09:00
Compliance View,10.0,8.0,success,False,2026-08-19T20:37:59.201045+09:00
Compliance Voucher,,,failed,False,2026-08-21T00:27:57.987466+09:00
Compliance Watch,70.0,8.0,success,False,2026-08-17T20:33:33.696511+09:00
Compliance Wave,30.0,4.0,success,False,2026-08-17T20:32:57.689274+09:00
Compliance Widget,10.0,26.0,success,False,2026-08-27T23:09:59.459850+09:00
Compliance Workbench,,,failed,False,2026-08-18T22:02:30.753417+09:00
Compliance Worksheet,10.0,13.0,success,False,2026-08-27T22:06:42.047958+09:00
Compliance Workshop,110.0,30.0,success,False,2026-08-28T00:21:30.022858+09:00
Compliance Zone,10.0,2.0,success,False,2026-08-17T20:34:02.071546+09:00
Compost Advisory,,,failed,False,2026-08-21T01:02:10.080773+09:00
Compost Alert,,,failed,False,2026-08-21T00:46:21.529361+09:00
Compost Allowance,,,failed,False,2026-08-21T02:40:01.670619+09:00
Compost Analyzer,,,failed,False,2026-08-27T23:51:07.494975+09:00
Compost Assistant,,,failed,False,2026-08-21T00:44:48.876991+09:00
Compost Atlas,,,failed,False,2026-08-21T00:44:30.138587+09:00
Compost Attribute,,,failed,False,2026-08-23T13:09:14.949045+09:00
Compost Badge,,,failed,False,2026-08-21T00:49:18.470865+09:00
Compost Balance,30.0,22.0,success,False,2026-08-23T13:45:36.815787+09:00
Compost Base,210.0,100.0,success,False,2026-08-21T00:51:10.614458+09:00
Compost Beacon,,,failed,False,2026-08-21T00:50:13.056816+09:00
Compost Bill,10.0,38.0,success,False,2026-08-21T00:48:33.175763+09:00
Compost Board,8100.0,100.0,success,False,2026-08-21T00:51:22.640360+09:00
Compost Bridge,,,failed,False,2026-08-21T00:50:24.003386+09:00
Compost Brief,,,failed,False,2026-08-21T00:59:58.992040+09:00
Compost Bulletin,,,failed,False,2026-08-21T00:59:54.516148+09:00
Compost Cabinet,40.0,100.0,success,False,2026-08-27T23:15:58.535794+09:00
Compost Calendar,10.0,0.0,success,False,2026-08-21T00:45:26.531767+09:00
Compost Card,40.0,21.0,success,False,2026-08-21T00:47:01.645682+09:00
Compost Cascade,,,failed,False,2026-08-21T00:50:21.320378+09:00
Compost Cash,,,failed,False,2026-08-21T02:22:45.760304+09:00
Compost Cashback,,,failed,False,2026-08-27T21:16:38.075410+09:00
Compost Category,,,failed,False,2026-08-23T13:09:12.775055+09:00
Compost Center,480.0,5.0,success,False,2026-08-21T00:43:34.117910+09:00
Compost Chain,,,failed,False,2026-08-21T00:44:15.465135+09:00
Compost Charge,,,failed,False,2026-08-21T02:39:49.190275+09:00
Compost Chart,140.0,67.0,success,False,2026-08-21T00:46:23.702871+09:00
Compost Check,,,failed,False,2026-08-21T00:47:10.612469+09:00
Compost Checker,,,failed,False,2026-08-27T23:51:00.030552+09:00
Compost Circular,,,failed,False,2026-08-21T01:02:07.931527+09:00
Compost Code,,,failed,False,2026-08-21T00:48:44.199856+09:00
Compost Companion,,,failed,False,2026-08-21T00:45:03.734783+09:00
Compost Confirmation,,,failed,False,2026-08-21T01:00:18.302882+09:00
Compost Console,,,failed,False,2026-08-21T00:43:49.917491+09:00
Compost Contribution,,,failed,False,2026-08-23T16:13:14.533515+09:00
Compost Core,,,failed,False,2026-08-21T00:51:13.532405+09:00
Compost Cost,210.0,90.0,success,False,2026-08-21T02:15:10.297403+09:00
Compost Counter,260.0,100.0,success,False,2026-08-21T00:45:41.384268+09:00
Compost Coupon,,,failed,False,2026-08-27T21:16:38.075410+09:00
Compost Deal,880.0,100.0,success,False,2026-08-21T01:58:35.810953+09:00
Compost Debt,,,failed,False,2026-08-21T02:22:35.993251+09:00
Compost Deck,90.0,100.0,success,False,2026-08-21T00:51:27.534494+09:00
Compost Desk,,,failed,False,2026-08-21T00:49:54.532841+09:00
Compost Detail,,,failed,False,2026-08-23T03:21:22.362914+09:00
Compost Diagram,1300.0,13.0,success,False,2026-08-27T22:11:39.650369+09:00
Compost Directory,,,failed,False,2026-08-21T00:45:30.035458+09:00
Compost Discount,,,failed,False,2026-08-23T16:13:08.662730+09:00
Compost Dossier,,,failed,False,2026-08-21T01:00:22.728561+09:00
Compost Downpayment,,,failed,False,2026-08-27T21:47:53.828940+09:00
Compost Draft,,,failed,False,2026-08-21T00:48:00.969173+09:00
Compost Due,,,failed,False,2026-08-23T15:50:57.538266+09:00
Compost Duty,,,failed,False,2026-08-21T02:39:54.831624+09:00
Compost Endowment,,,failed,False,2026-08-23T15:51:05.565275+09:00
Compost Engine,,,failed,False,2026-08-21T00:44:45.180563+09:00
Compost Entry,,,failed,False,2026-08-21T01:00:36.022676+09:00
Compost Estimate,,,failed,False,2026-08-21T00:48:24.716353+09:00
Compost Estimator,10.0,1.0,success,False,2026-08-27T23:50:54.897553+09:00
Compost Excerpt,,,failed,False,2026-08-21T01:02:16.623580+09:00
Compost Fare,,,failed,False,2026-08-21T02:15:19.980644+09:00
Compost Fee,,,failed,False,2026-08-21T01:58:16.207160+09:00
Compost Feed,70.0,100.0,success,False,2026-08-21T00:47:57.951273+09:00
Compost File,40.0,0.0,success,False,2026-08-21T00:47:41.484784+09:00
Compost Fine,260.0,100.0,success,False,2026-08-23T02:55:38.114180+09:00
Compost Flow,10.0,0.0,success,False,2026-08-21T00:49:47.730802+09:00
Compost Forge,,,failed,False,2026-08-21T00:50:15.253919+09:00
Compost Form,10.0,0.0,success,False,2026-08-21T00:46:56.943275+09:00
Compost Frame,70.0,100.0,success,False,2026-08-21T00:51:07.998109+09:00
Compost Fund,,,failed,False,2026-08-21T02:22:40.576459+09:00
Compost Gate,40.0,91.0,success,False,2026-08-21T00:44:23.943990+09:00
Compost Giveaway,590.0,1.0,success,False,2026-08-27T21:16:49.739310+09:00
Compost Graph,210.0,2.0,success,False,2026-08-27T22:11:31.963952+09:00
Compost Grid,10.0,57.0,success,False,2026-08-21T00:50:45.127530+09:00
Compost Helper,70.0,100.0,success,False,2026-08-28T00:21:40.685047+09:00
Compost History,110.0,0.0,success,False,2026-08-21T00:47:36.977895+09:00
Compost Hub,70.0,5.0,success,False,2026-08-21T00:49:52.271441+09:00
Compost Identifier,,,failed,False,2026-08-23T13:09:10.087594+09:00
Compost Inbox,,,failed,False,2026-08-21T00:46:15.039620+09:00
Compost Incentive,,,failed,False,2026-08-27T21:16:45.829850+09:00
Compost Index,,,failed,False,2026-08-21T00:48:15.897610+09:00
Compost Installment,,,failed,False,2026-08-23T16:13:10.832744+09:00
Compost Item,880.0,27.0,success,False,2026-08-21T01:58:22.092915+09:00
Compost Journal,50.0,0.0,success,False,2026-08-21T00:45:19.199440+09:00
Compost Keeper,50.0,100.0,success,False,2026-08-21T00:44:36.517071+09:00
Compost Kit,480.0,100.0,success,False,2026-08-27T22:50:00.330096+09:00
Compost Lab,30.0,1.0,success,False,2026-08-21T00:51:33.449317+09:00
Compost Label,320.0,100.0,success,False,2026-08-27T22:11:31.963952+09:00
Compost Layout,,,failed,False,2026-08-27T22:29:07.164636+09:00
Compost Ledger,,,failed,False,2026-08-21T00:51:18.988117+09:00
Compost Level,,,failed,False,2026-08-21T00:47:46.608049+09:00
Compost Line,10.0,11.0,success,False,2026-08-21T00:46:39.668460+09:00
Compost Link,,,failed,False,2026-08-23T03:21:14.808090+09:00
Compost List,210.0,31.0,success,False,2026-08-21T00:48:48.333943+09:00
Compost Loan,,,failed,False,2026-08-21T02:15:26.957875+09:00
Compost Lobby,,,failed,False,2026-08-21T00:46:35.033553+09:00
Compost Locator,,,failed,False,2026-08-21T00:45:33.278488+09:00
Compost Locker,,,failed,False,2026-08-21T00:45:45.302081+09:00
Compost Log,40.0,5.0,success,False,2026-08-21T00:46:54.280562+09:00
Compost Loop,10.0,0.0,success,False,2026-08-21T00:50:38.979933+09:00
Compost Manager,40.0,46.0,success,False,2026-08-21T00:44:38.874906+09:00
Compost Manual,110.0,85.0,success,False,2026-08-27T22:11:36.968554+09:00
Compost Map,20.0,1.0,success,False,2026-08-21T00:51:01.092563+09:00
Compost Markup,,,failed,False,2026-08-23T16:38:33.746405+09:00
Compost Memo,,,failed,False,2026-08-21T00:49:29.914475+09:00
Compost Monitor,20.0,39.0,success,False,2026-08-21T00:45:01.205149+09:00
Compost Nexus,,,failed,False,2026-08-21T00:44:27.350497+09:00
Compost Note,,,failed,False,2026-08-21T00:47:16.635421+09:00
Compost Notification,,,failed,False,2026-08-27T22:49:57.314209+09:00
Compost Number,170.0,0.0,success,False,2026-08-23T03:21:04.390216+09:00
Compost Office,170.0,36.0,success,False,2026-08-21T00:45:39.218297+09:00
Compost Ops,,,failed,False,2026-08-21T00:45:10.747399+09:00
Compost Order,170.0,100.0,success,False,2026-08-21T00:48:30.052376+09:00
Compost Overage,,,failed,False,2026-08-27T21:47:50.200871+09:00
Compost Overdraft,,,failed,False,2026-08-23T15:50:59.628265+09:00
Compost Overdue,,,failed,False,2026-08-27T21:47:44.451127+09:00
Compost Panel,,,failed,False,2026-08-21T00:43:54.085720+09:00
Compost Pass,,,failed,False,2026-08-21T00:49:09.924663+09:00
Compost Passport,,,failed,False,2026-08-21T00:46:29.176332+09:00
Compost Path,,,failed,False,2026-08-21T00:50:54.055448+09:00
Compost Payoff,,,failed,False,2026-08-27T21:47:47.331734+09:00
Compost Penalty,,,failed,False,2026-08-23T16:38:31.502720+09:00
Compost Petition,,,failed,False,2026-08-21T01:00:11.561504+09:00
Compost Plan,720.0,99.0,success,False,2026-08-21T01:58:34.274743+09:00
Compost Planner,10.0,33.0,success,False,2026-08-21T00:44:52.376787+09:00
Compost Playbook,,,failed,False,2026-08-21T00:45:13.293562+09:00
Compost Point,30.0,13.0,success,False,2026-08-21T00:50:58.385493+09:00
Compost Portal,,,failed,False,2026-08-21T00:43:44.047110+09:00
Compost Profile,,,failed,False,2026-08-21T00:47:26.672100+09:00
Compost Profit,,,failed,False,2026-08-23T02:55:24.224280+09:00
Compost Proposal,,,failed,False,2026-08-28T01:03:14.001062+09:00
Compost Quota,,,failed,False,2026-08-21T00:49:35.190382+09:00
Compost Radar,,,failed,False,2026-08-21T00:49:56.955669+09:00
Compost Rail,,,failed,False,2026-08-21T00:44:07.435932+09:00
Compost Rate,30.0,47.0,success,False,2026-08-21T00:47:49.290523+09:00
Compost Recap,,,failed,False,2026-08-21T01:00:27.646290+09:00
Compost Receipt,,,failed,False,2026-08-21T00:48:36.635325+09:00
Compost Register,,,failed,False,2026-08-21T00:45:08.644829+09:00
Compost Relay,,,failed,False,2026-08-21T00:50:02.185546+09:00
Compost Reminder,,,failed,False,2026-08-21T00:48:12.190063+09:00
Compost Report,,,failed,False,2026-08-21T00:46:52.072318+09:00
Compost Result,,,failed,False,2026-08-28T00:46:09.802311+09:00
Compost Ring,720.0,4.0,success,False,2026-08-21T00:44:18.522946+09:00
Compost Roll,260.0,100.0,success,False,2026-08-21T00:46:44.759034+09:00
Compost Roster,,,failed,False,2026-08-21T00:46:12.825751+09:00
Compost Route,,,failed,False,2026-08-21T00:44:03.384423+09:00
Compost Rule,170.0,22.0,success,False,2026-08-23T03:21:18.514525+09:00
Compost Sale,6600.0,100.0,success,False,2026-08-21T02:22:51.042353+09:00
Compost Sample,40.0,0.0,success,False,2026-08-21T00:49:01.997073+09:00
Compost Scale,,,failed,False,2026-08-21T00:43:57.229807+09:00
Compost Scheduler,,,failed,False,2026-08-21T00:44:58.799520+09:00
Compost Scope,,,failed,False,2026-08-21T00:50:35.331865+09:00
Compost Score,,,failed,False,2026-08-21T00:47:13.306684+09:00
Compost Sheet,110.0,7.0,success,False,2026-08-21T00:47:07.675748+09:00
Compost Shelf,,,failed,False,2026-08-21T00:46:10.718962+09:00
Compost Shortfall,,,failed,False,2026-08-27T21:47:56.115586+09:00
Compost Signal,,,failed,False,2026-08-21T00:50:26.220127+09:00
Compost Slip,,,failed,False,2026-08-21T00:48:57.806090+09:00
Compost Slot,,,failed,False,2026-08-21T00:49:07.202034+09:00
Compost Stage,,,failed,False,2026-08-28T00:46:06.331363+09:00
Compost Stake,,,failed,False,2026-08-23T02:55:31.768897+09:00
Compost Statement,,,failed,False,2026-08-21T00:49:27.660795+09:00
Compost Station,260.0,70.0,success,False,2026-08-21T00:51:40.152987+09:00
Compost Status,,,failed,False,2026-08-21T00:47:29.450326+09:00
Compost Stub,,,failed,False,2026-08-21T00:49:20.798290+09:00
Compost Studio,10.0,0.0,success,False,2026-08-21T00:51:31.068549+09:00
Compost Subsidy,,,failed,False,2026-08-23T15:51:01.656182+09:00
Compost Sum,,,failed,False,2026-08-21T02:22:28.218601+09:00
Compost Summary,,,failed,False,2026-08-21T00:48:04.911148+09:00
Compost Surtax,,,failed,False,2026-08-23T15:51:07.589062+09:00
Compost Tab,,,failed,False,2026-08-21T00:49:41.369493+09:00
Compost Table,170.0,63.0,success,False,2026-08-21T00:48:51.829218+09:00
Compost Tag,,,failed,False,2026-08-21T00:47:23.165444+09:00
Compost Tariff,,,failed,False,2026-08-21T02:40:04.485559+09:00
Compost Tax,,,failed,False,2026-08-21T02:15:23.867854+09:00
Compost Terminal,,,failed,False,2026-08-21T00:51:42.581125+09:00
Compost Ticker,,,failed,False,2026-08-21T00:46:37.254114+09:00
Compost Ticket,10.0,0.0,success,False,2026-08-21T00:48:22.062191+09:00
Compost Timeline,90.0,10.0,success,False,2026-08-21T00:48:09.704229+09:00
Compost Timer,,,failed,False,2026-08-28T00:21:30.022858+09:00
Compost Toll,,,failed,False,2026-08-21T02:39:59.313025+09:00
Compost Toolbox,,,failed,False,2026-08-28T00:21:38.214311+09:00
Compost Total,,,failed,False,2026-08-27T23:15:55.855078+09:00
Compost Tracker,,,failed,False,2026-08-21T00:49:44.632195+09:00
Compost Trail,,,failed,False,2026-08-21T00:44:13.071089+09:00
Compost Trial,,,failed,False,2026-08-27T21:16:45.829850+09:00
Compost Unit,320.0,70.0,success,False,2026-08-21T01:58:23.267631+09:00
Compost Update,,,failed,False,2026-08-21T00:47:51.655449+09:00
Compost Value,30.0,70.0,success,False,2026-08-23T02:55:28.144750+09:00
Compost Vault,,,failed,False,2026-08-21T00:50:04.499348+09:00
Compost Version,,,failed,False,2026-08-23T03:21:07.842946+09:00
Compost View,,,failed,False,2026-08-21T00:47:34.415597+09:00
Compost Voucher,,,failed,False,2026-08-21T00:49:12.731444+09:00
Compost Watch,,,failed,False,2026-08-21T00:50:33.252784+09:00
Compost Wave,,,failed,False,2026-08-21T00:50:48.093288+09:00
Compost Widget,,,failed,False,2026-08-27T23:15:58.535794+09:00
Compost Window,,,failed,False,2026-08-21T00:46:42.116087+09:00
Compost Worksheet,110.0,0.0,success,False,2026-08-27T22:11:39.650369+09:00
Compost Workshop,170.0,2.0,success,False,2026-08-28T00:21:32.683664+09:00
Compost Zone,,,failed,False,2026-08-21T00:43:39.738116+09:00
Compressor Advance,,,failed,False,2026-08-23T16:15:50.711564+09:00
Compressor Advisory,,,failed,False,2026-08-21T01:02:16.623580+09:00
Compressor Allowance,,,failed,False,2026-08-21T02:40:43.977421+09:00
Compressor Almanac,,,failed,False,2026-08-18T22:07:42.473360+09:00
Compressor Analyzer,110.0,80.0,success,False,2026-08-27T23:58:55.210944+09:00
Compressor Anchor,,,failed,False,2026-08-18T22:10:12.310168+09:00
Compressor Arrears,,,failed,False,2026-08-23T16:15:47.536999+09:00
Compressor Asset,,,failed,False,2026-08-23T13:47:40.781383+09:00
Compressor Assistant,,,failed,False,2026-08-18T22:04:34.092675+09:00
Compressor Atlas,1900.0,97.0,success,False,2026-08-18T22:03:18.976552+09:00
Compressor Attribute,,,failed,False,2026-08-23T13:07:41.329341+09:00
Compressor Base,40.0,53.0,success,False,2026-08-18T22:12:08.779533+09:00
Compressor Beacon,,,failed,False,2026-08-18T22:09:42.242317+09:00
Compressor Bill,,,failed,False,2026-08-19T22:06:12.556669+09:00
Compressor Blueprint,,,failed,False,2026-08-18T22:07:33.444344+09:00
Compressor Board,70.0,24.0,success,False,2026-08-18T23:50:41.139673+09:00
Compressor Book,210.0,7.0,success,False,2026-08-19T22:07:06.557200+09:00
Compressor Bridge,,,failed,False,2026-08-18T22:10:06.625362+09:00
Compressor Brief,,,failed,False,2026-08-21T01:00:18.302882+09:00
Compressor Bulletin,,,failed,False,2026-08-21T01:00:13.557875+09:00
Compressor Cabinet,70.0,43.0,success,False,2026-08-27T23:15:55.855078+09:00
Compressor Calculator,210.0,2.0,success,False,2026-08-27T23:36:33.321869+09:00
Compressor Calendar,,,failed,False,2026-08-19T00:01:40.731758+09:00
Compressor Card,10.0,1.0,success,False,2026-08-19T13:31:47.223941+09:00
Compressor Cascade,110.0,7.0,success,False,2026-08-18T22:09:58.381010+09:00
Compressor Cash,,,failed,False,2026-08-21T02:25:09.393326+09:00
Compressor Cashback,,,failed,False,2026-08-27T21:18:10.943632+09:00
Compressor Category,10.0,33.0,success,False,2026-08-23T13:07:39.256451+09:00
Compressor Center,20.0,45.0,success,False,2026-08-18T23:50:41.139673+09:00
Compressor Chain,140.0,1.0,success,False,2026-08-18T21:11:26.018001+09:00
Compressor Charge,90.0,34.0,success,False,2026-08-21T02:40:33.895660+09:00
Compressor Check,480.0,17.0,success,False,2026-08-19T13:32:02.705004+09:00
Compressor Checker,590.0,95.0,success,False,2026-08-27T23:58:48.183628+09:00
Compressor Circular,,,failed,False,2026-08-21T01:02:14.395969+09:00
Compressor Cockpit,,,failed,False,2026-08-18T22:05:40.235062+09:00
Compressor Code,720.0,1.0,success,False,2026-08-19T22:06:35.304978+09:00
Compressor Codex,,,failed,False,2026-08-18T22:07:58.079048+09:00
Compressor Companion,10.0,77.0,success,False,2026-08-18T22:06:07.690995+09:00
Compressor Comparison,110.0,24.0,success,False,2026-08-28T01:08:52.515259+09:00
Compressor Compass,40.0,100.0,success,False,2026-08-18T22:09:34.112352+09:00
Compressor Compendium,,,failed,False,2026-08-18T22:07:49.432223+09:00
Compressor Confirmation,,,failed,False,2026-08-21T01:00:36.022676+09:00
Compressor Console,,,failed,False,2026-08-18T23:50:43.504897+09:00
Compressor Core,40.0,4.0,success,False,2026-08-18T22:12:17.661018+09:00
Compressor Cost,590.0,14.0,success,False,2026-08-21T02:09:26.864571+09:00
Compressor Count,,,failed,False,2026-08-27T22:50:28.774616+09:00
Compressor Counter,,,failed,False,2026-08-19T00:02:27.896414+09:00
Compressor Coupon,,,failed,False,2026-08-27T21:18:10.943632+09:00
Compressor Dashboard,,,failed,False,2026-08-18T22:05:50.321080+09:00
Compressor Deal,140.0,100.0,success,False,2026-08-21T01:53:20.957099+09:00
Compressor Debt,,,failed,False,2026-08-21T02:25:03.924004+09:00
Compressor Deck,40.0,0.0,success,False,2026-08-18T23:50:43.504897+09:00
Compressor Depot,10.0,78.0,success,False,2026-08-19T00:02:09.626106+09:00
Compressor Desk,,,failed,False,2026-08-18T22:09:01.069434+09:00
Compressor Detail,110.0,12.0,success,False,2026-08-23T03:20:00.686198+09:00
Compressor Detector,,,failed,False,2026-08-27T23:58:52.704840+09:00
Compressor Diagram,1900.0,0.0,success,True,2026-08-27T22:13:53.849783+09:00
Compressor Dial,,,failed,False,2026-08-18T23:50:43.504897+09:00
Compressor Digest,,,failed,False,2026-08-19T20:46:54.929939+09:00
Compressor Directory,,,failed,False,2026-08-19T00:01:46.968095+09:00
Compressor Discount,,,failed,False,2026-08-23T16:15:43.832612+09:00
Compressor Dock,,,failed,False,2026-08-18T23:50:43.504897+09:00
Compressor Dossier,,,failed,False,2026-08-21T01:00:40.730981+09:00
Compressor Downpayment,,,failed,False,2026-08-27T21:49:24.879038+09:00
Compressor Due,,,failed,False,2026-08-23T15:52:22.475978+09:00
Compressor Duty,20.0,13.0,success,False,2026-08-21T02:40:38.159052+09:00
Compressor Engine,1900.0,26.0,success,False,2026-08-18T22:04:23.726026+09:00
Compressor Entry,,,failed,False,2026-08-21T01:00:50.612821+09:00
Compressor Estimate,,,failed,False,2026-08-19T21:32:36.347329+09:00
Compressor Estimator,,,failed,False,2026-08-27T23:58:45.722079+09:00
Compressor Excerpt,,,failed,False,2026-08-21T01:02:25.178710+09:00
Compressor Fare,,,failed,False,2026-08-21T02:09:35.775353+09:00
Compressor Fee,,,failed,False,2026-08-21T01:53:02.269948+09:00
Compressor Feed,,,failed,False,2026-08-19T20:47:00.737978+09:00
Compressor File,110000.0,22.0,success,False,2026-08-19T20:46:33.393422+09:00
Compressor Finder,,,failed,False,2026-08-19T00:02:04.506577+09:00
Compressor Fine,,,failed,False,2026-08-23T02:55:24.224280+09:00
Compressor Flag,,,failed,False,2026-08-21T00:26:41.627536+09:00
Compressor Flow,90.0,56.0,success,False,2026-08-18T22:08:36.440640+09:00
Compressor Forge,,,failed,False,2026-08-18T22:09:49.300650+09:00
Compressor Form,,,failed,False,2026-08-19T13:31:38.491721+09:00
Compressor Format,,,failed,False,2026-08-23T13:07:43.906174+09:00
Compressor Frame,90.0,17.0,success,False,2026-08-18T22:12:02.089704+09:00
Compressor Fund,,,failed,False,2026-08-21T02:25:06.190150+09:00
Compressor Gate,170.0,90.0,success,False,2026-08-18T22:02:56.704517+09:00
Compressor Giveaway,,,failed,False,2026-08-27T21:18:16.007823+09:00
Compressor Grade,,,failed,False,2026-08-21T00:26:28.007677+09:00
Compressor Graph,140.0,0.0,success,False,2026-08-27T22:13:39.158515+09:00
Compressor Grid,140.0,2.0,success,False,2026-08-18T22:10:53.801114+09:00
Compressor Guarantee,30.0,1.0,success,False,2026-08-28T01:08:56.786303+09:00
Compressor Guard,110.0,1.0,success,False,2026-08-18T22:08:12.988621+09:00
Compressor Guardian,,,failed,False,2026-08-28T00:27:21.214223+09:00
Compressor Guidebook,,,failed,False,2026-08-18T22:07:16.682645+09:00
Compressor Helpdesk,,,failed,False,2026-08-27T22:50:33.048353+09:00
Compressor Helper,,,failed,False,2026-08-28T00:27:23.571229+09:00
Compressor History,30.0,0.0,success,False,2026-08-19T20:46:27.543041+09:00
Compressor Hub,90.0,11.0,success,False,2026-08-18T22:08:45.047635+09:00
Compressor Identifier,,,failed,False,2026-08-23T13:07:37.097248+09:00
Compressor Incentive,,,failed,False,2026-08-27T21:18:16.007823+09:00
Compressor Index,,,failed,False,2026-08-19T21:32:30.611292+09:00
Compressor Insight,,,failed,False,2026-08-18T22:05:23.943754+09:00
Compressor Installment,,,failed,False,2026-08-23T16:15:43.832612+09:00
Compressor Item,10.0,7.0,success,False,2026-08-21T01:53:07.082720+09:00
Compressor Journal,10.0,4.0,success,False,2026-08-18T22:07:01.170489+09:00
Compressor Keeper,,,failed,False,2026-08-18T22:03:51.381490+09:00
Compressor Kit,1000.0,100.0,success,False,2026-08-27T22:50:26.115784+09:00
Compressor Lab,110.0,1.0,success,False,2026-08-18T23:50:43.504897+09:00
Compressor Label,390.0,0.0,success,False,2026-08-27T22:13:43.125947+09:00
Compressor Ledger,,,failed,False,2026-08-18T22:12:23.623332+09:00
Compressor Lens,,,failed,False,2026-08-18T22:11:49.715981+09:00
Compressor Level,20.0,10.0,success,False,2026-08-19T20:46:39.045000+09:00
Compressor Link,2900.0,31.0,success,False,2026-08-23T03:19:53.710314+09:00
Compressor List,40.0,1.0,success,False,2026-08-19T22:06:47.930339+09:00
Compressor Loan,,,failed,False,2026-08-21T02:09:44.145059+09:00
Compressor Locator,,,failed,False,2026-08-19T00:01:57.884072+09:00
Compressor Lock,170.0,4.0,success,False,2026-08-18T22:11:34.911588+09:00
Compressor Log,,,failed,False,2026-08-19T13:31:17.650623+09:00
Compressor Loop,10.0,3.0,success,False,2026-08-18T22:10:45.324652+09:00
Compressor Manager,,,failed,False,2026-08-18T22:04:03.001846+09:00
Compressor Manual,590.0,70.0,success,False,2026-08-27T22:13:48.271988+09:00
Compressor Map,1000.0,0.0,success,True,2026-08-18T22:11:43.174107+09:00
Compressor Margin,,,failed,False,2026-08-23T02:55:21.397263+09:00
Compressor Markup,,,failed,False,2026-08-23T16:39:41.135046+09:00
Compressor Memo,,,failed,False,2026-08-21T00:26:33.622421+09:00
Compressor Message,,,failed,False,2026-08-27T23:15:53.344715+09:00
Compressor Meter,260.0,93.0,success,False,2026-08-18T23:50:43.504897+09:00
Compressor Metrics,,,failed,False,2026-08-18T22:05:32.001911+09:00
Compressor Monitor,10.0,6.0,success,False,2026-08-18T22:05:13.758359+09:00
Compressor Navigator,,,failed,False,2026-08-18T22:05:57.658157+09:00
Compressor Nexus,,,failed,False,2026-08-18T22:03:07.731550+09:00
Compressor Node,,,failed,False,2026-08-18T22:02:48.638128+09:00
Compressor Note,,,failed,False,2026-08-19T13:32:19.751583+09:00
Compressor Notification,,,failed,False,2026-08-27T22:50:21.429751+09:00
Compressor Number,70.0,1.0,success,False,2026-08-23T03:19:44.954715+09:00
Compressor Office,,,failed,False,2026-08-19T00:02:18.071698+09:00
Compressor Ops,,,failed,False,2026-08-18T22:06:25.984558+09:00
Compressor Order,,,failed,False,2026-08-19T22:06:04.414832+09:00
Compressor Organizer,,,failed,False,2026-08-18T22:05:06.428384+09:00
Compressor Overage,,,failed,False,2026-08-27T21:49:22.679951+09:00
Compressor Overdue,,,failed,False,2026-08-27T21:49:18.001663+09:00
Compressor Panel,110.0,6.0,success,False,2026-08-18T23:50:43.504897+09:00
Compressor Pass,,,failed,False,2026-08-21T00:25:54.977191+09:00
Compressor Path,,,failed,False,2026-08-18T22:11:16.114719+09:00
Compressor Payoff,,,failed,False,2026-08-27T21:49:20.358831+09:00
Compressor Petition,,,failed,False,2026-08-21T01:00:31.922622+09:00
Compressor Pilot,170.0,100.0,success,False,2026-08-18T22:08:52.301038+09:00
Compressor Plan,,,failed,False,2026-08-21T01:53:17.199833+09:00
Compressor Planner,,,failed,False,2026-08-18T22:04:42.771017+09:00
Compressor Playbook,,,failed,False,2026-08-18T22:06:52.142585+09:00
Compressor Point,110.0,4.0,success,False,2026-08-18T22:11:27.427914+09:00
Compressor Portal,,,failed,False,2026-08-18T23:50:43.504897+09:00
Compressor Profile,,,failed,False,2026-08-19T13:32:40.491815+09:00
Compressor Profit,,,failed,False,2026-08-23T02:55:10.666436+09:00
Compressor Proposal,,,failed,False,2026-08-28T01:08:52.515259+09:00
Compressor Pulse,,,failed,False,2026-08-18T22:11:01.803326+09:00
Compressor Radar,,,failed,False,2026-08-18T22:09:09.487365+09:00
Compressor Rail,,,failed,False,2026-08-18T23:50:43.504897+09:00
Compressor Rate,260.0,15.0,success,False,2026-08-19T20:46:44.181940+09:00
Compressor Recap,,,failed,False,2026-08-21T01:02:23.111892+09:00
Compressor Receipt,,,failed,False,2026-08-19T22:06:26.107612+09:00
Compressor Recorder,,,failed,False,2026-08-27T23:36:36.607319+09:00
Compressor Register,,,failed,False,2026-08-18T22:06:16.619003+09:00
Compressor Registry,,,failed,False,2026-08-18T22:07:26.351718+09:00
Compressor Relay,1900.0,77.0,success,False,2026-08-18T22:09:17.362565+09:00
Compressor Reminder,,,failed,False,2026-08-19T21:32:28.691012+09:00
Compressor Report,90.0,0.0,success,False,2026-08-19T13:31:05.950766+09:00
Compressor Result,,,failed,False,2026-08-28T00:48:52.338706+09:00
Compressor Ring,2900.0,22.0,success,False,2026-08-18T22:02:38.118746+09:00
Compressor Roadmap,,,failed,False,2026-08-18T22:08:04.928972+09:00
Compressor Roster,,,failed,False,2026-08-19T00:36:38.202359+09:00
Compressor Route,170.0,0.0,success,False,2026-08-18T23:50:43.504897+09:00
Compressor Rule,,,failed,False,2026-08-23T03:19:56.707699+09:00
Compressor Sale,590.0,100.0,success,False,2026-08-21T02:25:13.538662+09:00
Compressor Sample,,,failed,False,2026-08-19T22:07:28.246340+09:00
Compressor Scale,,,failed,False,2026-08-18T23:50:43.504897+09:00
Compressor Scanner,10.0,59.0,success,False,2026-08-27T23:58:52.704840+09:00
Compressor Scheduler,,,failed,False,2026-08-18T22:04:53.198463+09:00
Compressor Schematic,210.0,0.0,success,False,2026-08-27T22:29:20.594574+09:00
Compressor Scope,,,failed,False,2026-08-18T22:10:36.115087+09:00
Compressor Score,,,failed,False,2026-08-19T13:32:09.131651+09:00
Compressor Sentry,,,failed,False,2026-08-18T22:03:30.222566+09:00
Compressor Sheet,1900.0,91.0,success,False,2026-08-19T13:31:52.943506+09:00
Compressor Shortfall,,,failed,False,2026-08-27T21:49:27.090308+09:00
Compressor Signal,170.0,0.0,success,False,2026-08-18T22:10:20.360888+09:00
Compressor Sketch,70.0,0.0,success,False,2026-08-27T22:29:20.594574+09:00
Compressor Slip,,,failed,False,2026-08-19T22:07:21.096531+09:00
Compressor Slot,,,failed,False,2026-08-19T22:07:52.466558+09:00
Compressor Snapshot,,,failed,False,2026-08-18T22:07:09.458547+09:00
Compressor Stake,,,failed,False,2026-08-23T02:55:17.140000+09:00
Compressor Statement,,,failed,False,2026-08-21T00:26:18.251155+09:00
Compressor Station,1900.0,3.0,success,False,2026-08-18T23:50:43.504897+09:00
Compressor Status,20.0,0.0,success,False,2026-08-19T20:46:16.448832+09:00
Compressor Studio,390.0,99.0,success,False,2026-08-18T23:50:43.504897+09:00
Compressor Subsidy,,,failed,False,2026-08-23T15:52:24.692181+09:00
Compressor Suite,,,failed,False,2026-08-18T22:04:12.568895+09:00
Compressor Sum,,,failed,False,2026-08-21T02:24:56.488655+09:00
Compressor Summary,,,failed,False,2026-08-19T21:32:15.548375+09:00
Compressor Sync,,,failed,False,2026-08-18T22:08:28.742242+09:00
Compressor Table,480.0,80.0,success,False,2026-08-19T22:06:56.710970+09:00
Compressor Tag,2900.0,2.0,success,False,2026-08-19T13:32:25.938189+09:00
Compressor Tally,,,failed,False,2026-08-21T00:26:23.518919+09:00
Compressor Tariff,,,failed,False,2026-08-21T02:40:49.577434+09:00
Compressor Tax,,,failed,False,2026-08-21T02:09:39.165114+09:00
Compressor Terminal,720.0,37.0,success,False,2026-08-18T23:50:43.504897+09:00
Compressor Ticket,,,failed,False,2026-08-19T21:32:34.534523+09:00
Compressor Tier,,,failed,False,2026-08-28T00:48:57.800361+09:00
Compressor Timeline,,,failed,False,2026-08-19T21:32:23.492274+09:00
Compressor Timer,50.0,69.0,success,False,2026-08-28T00:27:17.609628+09:00
Compressor Toll,,,failed,False,2026-08-21T02:40:41.069615+09:00
Compressor Toolbox,30.0,94.0,success,False,2026-08-28T00:27:21.214223+09:00
Compressor Toolkit,,,failed,False,2026-08-18T22:06:43.515975+09:00
Compressor Total,590.0,95.0,success,False,2026-08-27T23:15:53.344715+09:00
Compressor Tracker,70.0,93.0,success,False,2026-08-18T22:08:21.500006+09:00
Compressor Trail,40.0,70.0,success,False,2026-08-18T23:50:43.504897+09:00
Compressor Trial,10.0,0.0,success,False,2026-08-27T21:18:13.822548+09:00
Compressor Unit,880.0,36.0,success,False,2026-08-21T01:53:12.594886+09:00
Compressor Update,10.0,0.0,success,False,2026-08-19T20:46:49.166137+09:00
Compressor Value,30.0,17.0,success,False,2026-08-23T02:55:13.896073+09:00
Compressor Vault,,,failed,False,2026-08-18T22:09:25.652147+09:00
Compressor Version,10.0,0.0,success,False,2026-08-23T03:19:49.312069+09:00
Compressor View,,,failed,False,2026-08-19T20:46:21.996527+09:00
Compressor Watch,390.0,100.0,success,False,2026-08-18T22:10:27.962314+09:00
Compressor Wave,210.0,99.0,success,False,2026-08-18T22:11:09.923371+09:00
Compressor Widget,,,failed,False,2026-08-27T23:15:55.855078+09:00
Compressor Workbench,,,failed,False,2026-08-18T22:06:35.395449+09:00
Compressor Worksheet,,,failed,False,2026-08-27T22:13:53.849783+09:00
Compressor Workshop,590.0,100.0,success,False,2026-08-28T00:27:17.609628+09:00
Compressor Zone,,,failed,False,2026-08-18T23:50:43.504897+09:00
Concierge Advance,,,failed,False,2026-08-23T16:14:01.846183+09:00
Concierge Advisory,,,failed,False,2026-08-21T00:59:08.363801+09:00
Concierge Allowance,,,failed,False,2026-08-21T02:39:41.486000+09:00
Concierge Almanac,,,failed,False,2026-08-18T22:05:59.558657+09:00
Concierge Analyzer,,,failed,False,2026-08-27T23:51:48.203996+09:00
Concierge Anchor,,,failed,False,2026-08-17T20:40:44.017242+09:00
Concierge Announcement,,,failed,False,2026-08-27T23:31:21.274329+09:00
Concierge Arrears,,,failed,False,2026-08-23T16:14:01.846183+09:00
Concierge Assistant,480.0,3.0,success,False,2026-08-17T23:05:24.872109+09:00
Concierge Atlas,,,failed,False,2026-08-18T07:52:46.019796+09:00
Concierge Attribute,,,failed,False,2026-08-23T13:07:10.531607+09:00
Concierge Badge,110.0,11.0,success,False,2026-08-21T00:36:40.261906+09:00
Concierge Balance,,,failed,False,2026-08-23T13:45:55.611142+09:00
Concierge Base,10.0,0.0,success,False,2026-08-17T21:37:36.095439+09:00
Concierge Beacon,,,failed,False,2026-08-17T20:44:04.848400+09:00
Concierge Bill,,,failed,False,2026-08-19T22:03:20.182030+09:00
Concierge Blueprint,,,failed,False,2026-08-18T22:05:50.321080+09:00
Concierge Board,10.0,0.0,success,False,2026-08-17T21:34:24.214520+09:00
Concierge Book,590.0,10.0,success,False,2026-08-19T22:04:10.383393+09:00
Concierge Bridge,10.0,0.0,success,False,2026-08-17T20:41:27.066117+09:00
Concierge Brief,,,failed,False,2026-08-21T00:58:59.914106+09:00
Concierge Bulletin,,,failed,False,2026-08-21T00:58:54.317507+09:00
Concierge Calendar,,,failed,False,2026-08-19T00:00:01.654497+09:00
Concierge Card,140.0,2.0,success,False,2026-08-19T13:28:50.400701+09:00
Concierge Cascade,,,failed,False,2026-08-17T20:42:13.997557+09:00
Concierge Cash,,,failed,False,2026-08-21T02:23:51.443965+09:00
Concierge Cashback,,,failed,False,2026-08-27T21:17:18.938086+09:00
Concierge Catalog,,,failed,False,2026-08-19T21:19:52.858825+09:00
Concierge Category,,,failed,False,2026-08-23T13:07:07.950459+09:00
Concierge Center,50.0,4.0,success,False,2026-08-17T20:46:20.020027+09:00
Concierge Chain,,,failed,False,2026-08-17T20:35:45.912195+09:00
Concierge Charge,50.0,1.0,success,False,2026-08-21T02:39:27.182357+09:00
Concierge Check,140.0,3.0,success,False,2026-08-19T13:29:07.755274+09:00
Concierge Checker,,,failed,False,2026-08-27T23:51:38.023281+09:00
Concierge Checklist,10.0,0.0,success,False,2026-08-19T21:18:51.088595+09:00
Concierge Circular,,,failed,False,2026-08-21T01:00:08.450743+09:00
Concierge Cockpit,,,failed,False,2026-08-17T23:33:17.146702+09:00
Concierge Code,,,failed,False,2026-08-19T22:03:36.532480+09:00
Concierge Codex,,,failed,False,2026-08-18T22:06:16.619003+09:00
Concierge Companion,30.0,23.0,success,False,2026-08-17T22:48:05.376281+09:00
Concierge Comparison,,,failed,False,2026-08-28T01:03:48.385418+09:00
Concierge Compass,20.0,2.0,success,False,2026-08-17T20:44:51.445524+09:00
Concierge Compendium,,,failed,False,2026-08-18T22:06:07.690995+09:00
Concierge Confirmation,,,failed,False,2026-08-21T00:59:17.321844+09:00
Concierge Console,,,failed,False,2026-08-17T20:43:36.337910+09:00
Concierge Contribution,,,failed,False,2026-08-23T16:13:58.601282+09:00
Concierge Core,,,failed,False,2026-08-17T21:36:30.682605+09:00
Concierge Cost,30.0,4.0,success,False,2026-08-21T02:06:52.442398+09:00
Concierge Counter,320.0,31.0,success,False,2026-08-19T00:00:54.845309+09:00
Concierge Coupon,,,failed,False,2026-08-27T21:17:18.938086+09:00
Concierge Dashboard,,,failed,False,2026-08-17T23:08:58.203851+09:00
Concierge Deal,,,failed,False,2026-08-21T01:51:56.272630+09:00
Concierge Debt,,,failed,False,2026-08-21T02:23:42.049826+09:00
Concierge Deck,,,failed,False,2026-08-17T21:33:20.961288+09:00
Concierge Depot,,,failed,False,2026-08-19T00:00:38.616891+09:00
Concierge Desk,2400.0,51.0,success,False,2026-08-17T21:30:33.048254+09:00
Concierge Detail,10.0,0.0,success,False,2026-08-23T03:19:05.834960+09:00
Concierge Dial,,,failed,False,2026-08-17T20:41:54.470071+09:00
Concierge Digest,,,failed,False,2026-08-19T20:45:25.764339+09:00
Concierge Directory,10.0,0.0,success,False,2026-08-19T00:00:08.120656+09:00
Concierge Discount,10.0,0.0,success,False,2026-08-23T16:13:55.875301+09:00
Concierge Dock,,,failed,False,2026-08-17T20:38:32.473394+09:00
Concierge Dossier,,,failed,False,2026-08-21T00:59:28.178022+09:00
Concierge Downpayment,,,failed,False,2026-08-27T21:48:30.689545+09:00
Concierge Draft,,,failed,False,2026-08-19T20:45:37.673361+09:00
Concierge Duty,320.0,2.0,success,False,2026-08-21T02:39:30.658601+09:00
Concierge Engine,,,failed,False,2026-08-17T23:32:27.078253+09:00
Concierge Entry,,,failed,False,2026-08-21T00:59:40.549783+09:00
Concierge Estimate,,,failed,False,2026-08-19T21:19:43.238592+09:00
Concierge Excerpt,,,failed,False,2026-08-21T01:01:52.955831+09:00
Concierge Fare,,,failed,False,2026-08-21T02:07:07.042559+09:00
Concierge Fee,320.0,1.0,success,False,2026-08-21T01:51:40.699894+09:00
Concierge Feed,,,failed,False,2026-08-19T20:45:32.308725+09:00
Concierge File,,,failed,False,2026-08-19T20:44:53.798353+09:00
Concierge Finder,,,failed,False,2026-08-19T00:00:28.920086+09:00
Concierge Flag,,,failed,False,2026-08-21T00:25:02.156940+09:00
Concierge Flow,,,failed,False,2026-08-17T21:33:48.082783+09:00
Concierge Forge,,,failed,False,2026-08-17T20:43:09.097865+09:00
Concierge Form,20.0,5.0,success,False,2026-08-19T13:28:41.334086+09:00
Concierge Format,,,failed,False,2026-08-23T13:07:14.038929+09:00
Concierge Frame,,,failed,False,2026-08-17T21:38:46.123803+09:00
Concierge Fund,,,failed,False,2026-08-21T02:23:48.995246+09:00
Concierge Gate,,,failed,False,2026-08-17T20:32:47.475978+09:00
Concierge Giveaway,,,failed,False,2026-08-27T21:17:23.968001+09:00
Concierge Grade,,,failed,False,2026-08-21T00:24:39.947545+09:00
Concierge Grid,,,failed,False,2026-08-17T20:36:12.301778+09:00
Concierge Guard,30.0,2.0,success,False,2026-08-17T21:36:57.018160+09:00
Concierge Guidebook,,,failed,False,2026-08-18T22:05:32.001911+09:00
Concierge Helper,,,failed,False,2026-08-28T00:22:23.551401+09:00
Concierge History,20.0,0.0,success,False,2026-08-19T20:44:44.192245+09:00
Concierge Hotline,110.0,5.0,success,False,2026-08-19T21:20:05.379169+09:00
Concierge Hub,20.0,0.0,success,False,2026-08-17T21:32:53.372558+09:00
Concierge Identifier,,,failed,False,2026-08-23T13:07:04.865387+09:00
Concierge Incentive,,,failed,False,2026-08-27T21:17:21.350185+09:00
Concierge Index,,,failed,False,2026-08-19T21:19:06.268561+09:00
Concierge Insight,,,failed,False,2026-08-17T23:33:04.806706+09:00
Concierge Installment,,,failed,False,2026-08-23T16:13:55.875301+09:00
Concierge Item,10.0,0.0,success,False,2026-08-21T01:51:47.599222+09:00
Concierge Journal,,,failed,False,2026-08-18T22:05:13.758359+09:00
Concierge Keeper,,,failed,False,2026-08-17T21:39:37.908878+09:00
Concierge Lab,30.0,1.0,success,False,2026-08-17T21:31:05.600589+09:00
Concierge Ledger,,,failed,False,2026-08-17T21:35:24.685319+09:00
Concierge Lens,,,failed,False,2026-08-17T21:41:04.521769+09:00
Concierge Level,390.0,1.0,success,False,2026-08-19T20:45:04.260812+09:00
Concierge Levy,,,failed,False,2026-08-23T13:45:59.921070+09:00
Concierge Link,20.0,3.0,success,False,2026-08-23T03:18:56.291245+09:00
Concierge List,110.0,2.0,success,False,2026-08-19T22:03:44.565114+09:00
Concierge Loan,20.0,15.0,success,False,2026-08-21T02:07:16.373051+09:00
Concierge Locator,,,failed,False,2026-08-19T00:00:18.530849+09:00
Concierge Lock,,,failed,False,2026-08-18T07:52:06.675931+09:00
Concierge Log,,,failed,False,2026-08-19T13:28:31.111585+09:00
Concierge Loop,,,failed,False,2026-08-17T20:37:11.919122+09:00
Concierge Manager,320.0,1.0,success,False,2026-08-17T21:38:08.965654+09:00
Concierge Manual,10.0,0.0,success,False,2026-08-27T22:12:43.537947+09:00
Concierge Map,50.0,1.0,success,False,2026-08-18T07:52:19.092235+09:00
Concierge Margin,,,failed,False,2026-08-23T02:54:38.259905+09:00
Concierge Memo,,,failed,False,2026-08-21T00:24:49.316489+09:00
Concierge Message,,,failed,False,2026-08-27T23:15:18.585578+09:00
Concierge Meter,,,failed,False,2026-08-17T20:41:06.345123+09:00
Concierge Metrics,,,failed,False,2026-08-17T23:14:10.961193+09:00
Concierge Monitor,,,failed,False,2026-08-17T23:07:18.335398+09:00
Concierge Navigator,,,failed,False,2026-08-17T23:33:31.331574+09:00
Concierge Nexus,,,failed,False,2026-08-17T20:31:36.969919+09:00
Concierge Node,,,failed,False,2026-08-17T20:33:51.962760+09:00
Concierge Note,,,failed,False,2026-08-19T13:29:43.800182+09:00
Concierge Notification,,,failed,False,2026-08-27T22:49:44.992225+09:00
Concierge Number,50.0,2.0,success,False,2026-08-23T03:18:52.097037+09:00
Concierge Office,480.0,3.0,success,False,2026-08-19T00:00:44.927785+09:00
Concierge Ops,,,failed,False,2026-08-17T23:10:38.410164+09:00
Concierge Order,10.0,0.0,success,False,2026-08-19T22:03:08.515859+09:00
Concierge Organizer,260.0,3.0,success,False,2026-08-17T23:32:54.129749+09:00
Concierge Overage,,,failed,False,2026-08-27T21:48:28.268054+09:00
Concierge Overdue,,,failed,False,2026-08-27T21:48:23.216174+09:00
Concierge Panel,,,failed,False,2026-08-17T20:42:41.908187+09:00
Concierge Pass,50.0,2.0,success,False,2026-08-21T00:36:30.694005+09:00
Concierge Path,,,failed,False,2026-08-17T20:33:23.313632+09:00
Concierge Payoff,,,failed,False,2026-08-27T21:48:25.630641+09:00
Concierge Penalty,,,failed,False,2026-08-23T16:38:55.641714+09:00
Concierge Petition,,,failed,False,2026-08-21T00:59:12.932532+09:00
Concierge Pilot,10.0,0.0,success,False,2026-08-17T21:31:41.054400+09:00
Concierge Plan,70.0,1.0,success,False,2026-08-21T01:51:54.787871+09:00
Concierge Planner,,,failed,False,2026-08-17T23:32:40.699548+09:00
Concierge Playbook,,,failed,False,2026-08-18T22:05:06.428384+09:00
Concierge Point,,,failed,False,2026-08-17T20:32:10.469810+09:00
Concierge Portal,40.0,0.0,success,False,2026-08-17T20:44:24.451216+09:00
Concierge Profile,,,failed,False,2026-08-19T13:30:02.018673+09:00
Concierge Proposal,10.0,36.0,success,False,2026-08-28T01:03:55.063070+09:00
Concierge Pulse,10.0,,success,False,2026-08-17T20:35:12.658616+09:00
Concierge Queue,,,failed,False,2026-08-19T21:19:30.531478+09:00
Concierge Quota,,,failed,False,2026-08-21T00:24:57.111152+09:00
Concierge Radar,,,failed,False,2026-08-17T20:48:15.314618+09:00
Concierge Rail,,,failed,False,2026-08-17T20:37:38.706086+09:00
Concierge Rate,,,failed,False,2026-08-19T20:45:10.019254+09:00
Concierge Recap,,,failed,False,2026-08-21T00:59:34.151010+09:00
Concierge Receipt,,,failed,False,2026-08-19T22:03:26.204468+09:00
Concierge Recorder,,,failed,False,2026-08-27T23:31:33.268301+09:00
Concierge Register,,,failed,False,2026-08-17T23:23:29.892589+09:00
Concierge Registry,,,failed,False,2026-08-18T22:05:42.226060+09:00
Concierge Relay,,,failed,False,2026-08-17T20:46:56.962156+09:00
Concierge Reminder,,,failed,False,2026-08-19T21:18:38.634661+09:00
Concierge Report,10.0,0.0,success,False,2026-08-19T13:28:15.783876+09:00
Concierge Repository,,,failed,False,2026-08-27T23:15:28.257448+09:00
Concierge Roadmap,,,failed,False,2026-08-18T22:06:25.984558+09:00
Concierge Roster,,,failed,False,2026-08-19T00:38:38.551550+09:00
Concierge Route,,,failed,False,2026-08-17T20:39:23.919432+09:00
Concierge Rule,,,failed,False,2026-08-23T03:19:01.069685+09:00
Concierge Sale,170.0,4.0,success,False,2026-08-21T02:23:55.522760+09:00
Concierge Scale,,,failed,False,2026-08-17T20:40:20.065990+09:00
Concierge Scheduler,20.0,10.0,success,False,2026-08-17T23:12:30.403803+09:00
Concierge Scope,,,failed,False,2026-08-17T20:38:06.157627+09:00
Concierge Score,,,failed,False,2026-08-19T13:29:29.454455+09:00
Concierge Sentry,,,failed,False,2026-08-17T21:41:36.452024+09:00
Concierge Sheet,70.0,100.0,success,False,2026-08-19T13:28:58.111204+09:00
Concierge Shortfall,,,failed,False,2026-08-27T21:48:33.250783+09:00
Concierge Signal,,,failed,False,2026-08-17T20:39:54.147287+09:00
Concierge Signature,,,failed,False,2026-08-23T13:26:19.905298+09:00
Concierge Slip,,,failed,False,2026-08-19T22:04:20.465966+09:00
Concierge Slot,,,failed,False,2026-08-19T22:04:42.218437+09:00
Concierge Snapshot,,,failed,False,2026-08-18T22:05:23.943754+09:00
Concierge Stamp,,,failed,False,2026-08-23T13:26:25.215433+09:00
Concierge Statement,,,failed,False,2026-08-21T00:36:48.316365+09:00
Concierge Station,70.0,1.0,success,False,2026-08-17T20:49:41.074252+09:00
Concierge Status,20.0,0.0,success,False,2026-08-19T20:44:26.671038+09:00
Concierge Stipend,,,failed,False,2026-08-23T13:46:02.473862+09:00
Concierge Stub,,,failed,False,2026-08-21T00:36:42.590036+09:00
Concierge Studio,,,failed,False,2026-08-17T21:32:17.170130+09:00
Concierge Suite,170.0,4.0,success,False,2026-08-17T23:10:55.434729+09:00
Concierge Sum,,,failed,False,2026-08-21T02:23:37.293511+09:00
Concierge Summary,,,failed,False,2026-08-19T21:18:17.728493+09:00
Concierge Sync,,,failed,False,2026-08-17T21:34:55.256705+09:00
Concierge Tab,,,failed,False,2026-08-21T00:25:10.675439+09:00
Concierge Table,210.0,80.0,success,False,2026-08-19T22:03:56.439657+09:00
Concierge Tag,,,failed,False,2026-08-19T13:29:52.884526+09:00
Concierge Tally,,,failed,False,2026-08-21T00:36:50.529911+09:00
Concierge Tariff,,,failed,False,2026-08-21T02:39:44.265069+09:00
Concierge Tax,10.0,0.0,success,False,2026-08-21T02:07:11.746620+09:00
Concierge Ticket,1300.0,100.0,success,False,2026-08-19T21:19:17.312411+09:00
Concierge Tier,,,failed,False,2026-08-28T00:46:33.624903+09:00
Concierge Timeline,,,failed,False,2026-08-19T21:18:28.771702+09:00
Concierge Token,10.0,,success,False,2026-08-23T13:26:17.496993+09:00
Concierge Toll,,,failed,False,2026-08-21T02:39:34.519072+09:00
Concierge Toolbox,,,failed,False,2026-08-28T00:22:21.008845+09:00
Concierge Toolkit,,,failed,False,2026-08-18T22:04:53.198463+09:00
Concierge Tracker,,,failed,False,2026-08-17T21:35:58.459168+09:00
Concierge Trail,,,failed,False,2026-08-17T20:36:40.845127+09:00
Concierge Trial,,,failed,False,2026-08-27T21:17:21.350185+09:00
Concierge Unit,20.0,63.0,success,False,2026-08-21T01:51:52.747806+09:00
Concierge Update,,,failed,False,2026-08-19T20:45:14.737555+09:00
Concierge Value,,,failed,False,2026-08-23T02:54:35.289098+09:00
Concierge Vault,,,failed,False,2026-08-17T20:45:51.407426+09:00
Concierge Version,,,failed,False,2026-08-23T03:18:56.291245+09:00
Concierge View,,,failed,False,2026-08-19T20:44:35.831978+09:00
Concierge Voucher,10.0,19.0,success,False,2026-08-21T00:36:35.821010+09:00
Concierge Watch,20.0,39.0,success,False,2026-08-17T20:38:59.956902+09:00
Concierge Wave,,,failed,False,2026-08-17T20:34:19.305897+09:00
Concierge Widget,,,failed,False,2026-08-27T23:15:25.030230+09:00
Concierge Workbench,,,failed,False,2026-08-18T22:04:44.992531+09:00
Concierge Worksheet,,,failed,False,2026-08-27T22:12:46.306034+09:00
Concierge Workshop,,,failed,False,2026-08-28T00:22:15.974518+09:00
Concierge Zone,,,failed,False,2026-08-17T20:45:28.437462+09:00
Condenser Advance,,,failed,False,2026-08-23T16:16:00.073730+09:00
Condenser Advisory,,,failed,False,2026-08-21T01:04:22.356565+09:00
Condenser Alert,,,failed,False,2026-08-19T21:12:05.902513+09:00
Condenser Allowance,,,failed,False,2026-08-21T02:36:58.611410+09:00
Condenser Analyzer,,,failed,False,2026-08-27T23:52:49.352062+09:00
Condenser Asset,,,failed,False,2026-08-23T13:47:23.462533+09:00
Condenser Assistant,,,failed,False,2026-08-19T21:06:44.412093+09:00
Condenser Attribute,,,failed,False,2026-08-23T13:06:41.923671+09:00
Condenser Badge,,,failed,False,2026-08-21T00:29:05.314041+09:00
Condenser Base,50.0,100.0,success,False,2026-08-19T21:31:09.123245+09:00
Condenser Bay,10.0,0.0,success,False,2026-08-19T21:10:27.505284+09:00
Condenser Beacon,,,failed,False,2026-08-19T21:29:24.641827+09:00
Condenser Bill,,,failed,False,2026-08-19T22:05:04.840486+09:00
Condenser Board,70.0,14.0,success,False,2026-08-19T21:31:31.502788+09:00
Condenser Book,,,failed,False,2026-08-19T22:05:58.265751+09:00
Condenser Booth,,,failed,False,2026-08-19T21:09:50.193216+09:00
Condenser Bridge,,,failed,False,2026-08-19T21:29:47.496953+09:00
Condenser Brief,,,failed,False,2026-08-21T01:04:11.301899+09:00
Condenser Bulletin,,,failed,False,2026-08-21T01:04:04.572867+09:00
Condenser Calculator,20.0,5.0,success,False,2026-08-27T23:32:42.762901+09:00
Condenser Calendar,,,failed,False,2026-08-19T21:08:25.447867+09:00
Condenser Card,,,failed,False,2026-08-19T21:14:19.651241+09:00
Condenser Cascade,,,failed,False,2026-08-19T21:29:38.081788+09:00
Condenser Cash,,,failed,False,2026-08-21T02:30:12.359355+09:00
Condenser Cashback,,,failed,False,2026-08-27T21:19:11.248734+09:00
Condenser Catalog,20.0,10.0,success,False,2026-08-19T21:18:56.938365+09:00
Condenser Category,,,failed,False,2026-08-23T13:06:38.895978+09:00
Condenser Center,,,failed,False,2026-08-19T21:32:21.399233+09:00
Condenser Charge,30.0,1.0,success,False,2026-08-21T02:36:44.892736+09:00
Condenser Chart,,,failed,False,2026-08-19T21:12:17.710681+09:00
Condenser Check,320.0,10.0,success,False,2026-08-19T21:14:40.806707+09:00
Condenser Checker,10.0,14.0,success,False,2026-08-27T23:52:37.462117+09:00
Condenser Checklist,,,failed,False,2026-08-19T21:17:59.528469+09:00
Condenser Circular,,,failed,False,2026-08-21T01:04:15.866621+09:00
Condenser Code,20.0,0.0,success,False,2026-08-19T22:05:28.406409+09:00
Condenser Companion,,,failed,False,2026-08-19T21:07:27.526395+09:00
Condenser Comparison,,,failed,False,2026-08-28T01:04:11.555424+09:00
Condenser Confirmation,,,failed,False,2026-08-21T01:05:11.632109+09:00
Condenser Console,,,failed,False,2026-08-19T21:03:55.204280+09:00
Condenser Converter,10.0,0.0,success,False,2026-08-27T23:32:47.063702+09:00
Condenser Cost,210.0,24.0,success,False,2026-08-21T02:13:20.223987+09:00
Condenser Count,,,failed,False,2026-08-27T22:44:19.444390+09:00
Condenser Counter,,,failed,False,2026-08-19T21:09:25.998389+09:00
Condenser Coupon,,,failed,False,2026-08-27T21:19:08.961232+09:00
Condenser Deal,,,failed,False,2026-08-21T01:57:06.498210+09:00
Condenser Debt,,,failed,False,2026-08-21T02:30:05.549953+09:00
Condenser Deck,40.0,1.0,success,False,2026-08-19T21:31:40.381854+09:00
Condenser Desk,,,failed,False,2026-08-19T21:19:54.949155+09:00
Condenser Detail,,,failed,False,2026-08-23T03:17:21.558443+09:00
Condenser Detector,,,failed,False,2026-08-27T23:52:45.278124+09:00
Condenser Diagram,1600.0,0.0,success,True,2026-08-27T22:14:48.502479+09:00
Condenser Digest,,,failed,False,2026-08-19T21:16:59.496910+09:00
Condenser Directory,,,failed,False,2026-08-19T21:08:37.744349+09:00
Condenser Discount,,,failed,False,2026-08-23T16:15:54.401659+09:00
Condenser Dossier,,,failed,False,2026-08-21T01:04:45.668721+09:00
Condenser Downpayment,,,failed,False,2026-08-27T21:50:10.340173+09:00
Condenser Draft,,,failed,False,2026-08-19T21:17:23.744501+09:00
Condenser Due,,,failed,False,2026-08-23T15:52:20.216125+09:00
Condenser Duty,40.0,0.0,success,False,2026-08-21T02:36:47.930212+09:00
Condenser Engine,170.0,15.0,success,False,2026-08-19T21:06:35.637376+09:00
Condenser Entry,,,failed,False,2026-08-21T01:05:06.601547+09:00
Condenser Estimate,,,failed,False,2026-08-19T21:18:42.622010+09:00
Condenser Estimator,,,failed,False,2026-08-27T23:52:35.044281+09:00
Condenser Excerpt,,,failed,False,2026-08-21T01:05:02.312819+09:00
Condenser Fare,,,failed,False,2026-08-21T02:13:28.177261+09:00
Condenser Fee,,,failed,False,2026-08-21T01:56:51.063242+09:00
Condenser Feed,,,failed,False,2026-08-19T21:17:13.210771+09:00
Condenser Field,,,failed,False,2026-08-23T13:06:44.617990+09:00
Condenser File,,,failed,False,2026-08-19T21:16:11.566322+09:00
Condenser Finder,,,failed,False,2026-08-19T21:08:58.951614+09:00
Condenser Fine,,,failed,False,2026-08-23T02:53:17.402090+09:00
Condenser Flag,,,failed,False,2026-08-21T00:29:53.018137+09:00
Condenser Flow,20.0,0.0,success,False,2026-08-19T21:19:32.635751+09:00
Condenser Forge,,,failed,False,2026-08-19T21:29:30.457441+09:00
Condenser Form,,,failed,False,2026-08-19T21:14:09.280828+09:00
Condenser Format,,,failed,False,2026-08-23T13:06:49.264367+09:00
Condenser Fund,,,failed,False,2026-08-21T02:30:08.779542+09:00
Condenser Gate,,,failed,False,2026-08-19T21:05:37.228592+09:00
Condenser Giveaway,,,failed,False,2026-08-27T21:19:20.192831+09:00
Condenser Grade,,,failed,False,2026-08-21T00:29:32.816021+09:00
Condenser Grid,,,failed,False,2026-08-19T21:30:22.896569+09:00
Condenser Guarantee,,,failed,False,2026-08-28T01:04:19.597729+09:00
Condenser Guardian,,,failed,False,2026-08-28T00:23:02.722044+09:00
Condenser Helpdesk,,,failed,False,2026-08-27T22:44:24.073756+09:00
Condenser Helper,,,failed,False,2026-08-28T00:23:08.180984+09:00
Condenser History,,,failed,False,2026-08-19T21:16:00.282567+09:00
Condenser Hotline,,,failed,False,2026-08-19T21:19:08.211207+09:00
Condenser Hub,,,failed,False,2026-08-19T21:19:44.972350+09:00
Condenser Identifier,,,failed,False,2026-08-23T13:06:36.915804+09:00
Condenser Inbox,,,failed,False,2026-08-19T21:11:55.349483+09:00
Condenser Incentive,,,failed,False,2026-08-27T21:19:13.437251+09:00
Condenser Index,,,failed,False,2026-08-19T21:18:08.963564+09:00
Condenser Installment,,,failed,False,2026-08-23T16:15:54.401659+09:00
Condenser Item,,,failed,False,2026-08-21T01:56:55.992066+09:00
Condenser Journal,,,failed,False,2026-08-19T21:08:05.171033+09:00
Condenser Keeper,,,failed,False,2026-08-19T21:06:13.197757+09:00
Condenser Kit,50.0,55.0,success,False,2026-08-27T22:44:16.144123+09:00
Condenser Lab,1600.0,46.0,success,False,2026-08-19T21:31:56.342454+09:00
Condenser Label,30.0,1.0,success,False,2026-08-27T22:14:41.092865+09:00
Condenser Ledger,,,failed,False,2026-08-19T21:31:23.417988+09:00
Condenser Level,,,failed,False,2026-08-19T21:16:23.704707+09:00
Condenser Line,2400.0,6.0,success,False,2026-08-19T21:13:15.643031+09:00
Condenser Link,,,failed,False,2026-08-23T03:17:13.101010+09:00
Condenser List,,,failed,False,2026-08-19T22:05:38.259870+09:00
Condenser Loan,,,failed,False,2026-08-21T02:13:39.971656+09:00
Condenser Locator,,,failed,False,2026-08-19T21:08:48.624997+09:00
Condenser Locker,,,failed,False,2026-08-19T21:09:36.551386+09:00
Condenser Log,,,failed,False,2026-08-19T21:13:59.350184+09:00
Condenser Loop,50.0,0.0,success,False,2026-08-19T21:30:14.177717+09:00
Condenser Manager,,,failed,False,2026-08-19T21:06:25.471396+09:00
Condenser Manual,,,failed,False,2026-08-27T22:14:41.092865+09:00
Condenser Map,,,failed,False,2026-08-19T21:30:51.810974+09:00
Condenser Margin,,,failed,False,2026-08-23T02:53:14.872547+09:00
Condenser Markup,,,failed,False,2026-08-23T16:39:50.503833+09:00
Condenser Memo,,,failed,False,2026-08-21T00:29:39.530878+09:00
Condenser Message,,,failed,False,2026-08-27T23:10:17.409830+09:00
Condenser Monitor,,,failed,False,2026-08-19T21:07:16.203533+09:00
Condenser Nexus,,,failed,False,2026-08-19T21:05:49.435162+09:00
Condenser Note,,,failed,False,2026-08-19T21:15:06.542256+09:00
Condenser Notification,,,failed,False,2026-08-27T22:44:11.984469+09:00
Condenser Number,,,failed,False,2026-08-23T03:17:02.268689+09:00
Condenser Ops,,,failed,False,2026-08-19T21:07:47.829296+09:00
Condenser Order,,,failed,False,2026-08-19T22:04:53.715623+09:00
Condenser Overage,,,failed,False,2026-08-27T21:50:06.831063+09:00
Condenser Overdue,,,failed,False,2026-08-27T21:50:02.290136+09:00
Condenser Panel,320.0,1.0,success,False,2026-08-19T21:04:08.048540+09:00
Condenser Pass,,,failed,False,2026-08-21T00:28:49.114338+09:00
Condenser Passport,,,failed,False,2026-08-19T21:12:39.256118+09:00
Condenser Path,,,failed,False,2026-08-19T21:30:36.862882+09:00
Condenser Payoff,,,failed,False,2026-08-27T21:50:04.473862+09:00
Condenser Petition,,,failed,False,2026-08-21T01:04:28.874460+09:00
Condenser Plan,,,failed,False,2026-08-21T01:57:02.115497+09:00
Condenser Planner,,,failed,False,2026-08-19T21:06:52.977513+09:00
Condenser Playbook,,,failed,False,2026-08-19T21:07:57.029357+09:00
Condenser Point,,,failed,False,2026-08-19T21:30:42.715680+09:00
Condenser Portal,,,failed,False,2026-08-19T21:03:41.880915+09:00
Condenser Profile,,,failed,False,2026-08-19T21:15:29.461766+09:00
Condenser Profit,,,failed,False,2026-08-23T02:53:02.917433+09:00
Condenser Proposal,,,failed,False,2026-08-28T01:04:14.556573+09:00
Condenser Queue,,,failed,False,2026-08-19T21:18:32.816387+09:00
Condenser Quota,,,failed,False,2026-08-21T00:29:47.975164+09:00
Condenser Radar,,,failed,False,2026-08-19T21:20:07.240027+09:00
Condenser Rail,,,failed,False,2026-08-19T21:04:47.167430+09:00
Condenser Rate,70.0,2.0,success,False,2026-08-19T21:16:33.965835+09:00
Condenser Recap,,,failed,False,2026-08-21T01:05:18.575555+09:00
Condenser Receipt,,,failed,False,2026-08-19T22:05:19.679261+09:00
Condenser Recorder,10.0,100.0,success,False,2026-08-27T23:32:49.894310+09:00
Condenser Register,,,failed,False,2026-08-19T21:07:36.739108+09:00
Condenser Registry,,,failed,False,2026-08-19T21:08:15.358718+09:00
Condenser Relay,140.0,47.0,success,False,2026-08-19T21:29:00.879622+09:00
Condenser Reminder,,,failed,False,2026-08-19T21:17:51.663250+09:00
Condenser Report,,,failed,False,2026-08-19T21:13:48.359259+09:00
Condenser Roll,,,failed,False,2026-08-19T21:13:36.060170+09:00
Condenser Roster,,,failed,False,2026-08-19T21:11:44.619551+09:00
Condenser Route,,,failed,False,2026-08-19T21:04:33.210036+09:00
Condenser Rule,,,failed,False,2026-08-23T03:17:17.631472+09:00
Condenser Sale,90.0,99.0,success,False,2026-08-21T02:30:16.403499+09:00
Condenser Sample,,,failed,False,2026-08-19T22:06:18.009667+09:00
Condenser Scale,,,failed,False,2026-08-19T21:04:19.743151+09:00
Condenser Scanner,,,failed,False,2026-08-27T23:52:42.913738+09:00
Condenser Scheduler,,,failed,False,2026-08-19T21:07:04.594270+09:00
Condenser Schematic,110.0,0.0,success,False,2026-08-27T22:29:33.709708+09:00
Condenser Scope,,,failed,False,2026-08-19T21:30:07.251599+09:00
Condenser Score,,,failed,False,2026-08-19T21:14:51.947092+09:00
Condenser Serial,,,failed,False,2026-08-23T13:27:43.093757+09:00
Condenser Sheet,,,failed,False,2026-08-19T21:14:29.704334+09:00
Condenser Shortfall,,,failed,False,2026-08-27T21:50:13.120936+09:00
Condenser Signal,,,failed,False,2026-08-19T21:29:53.324584+09:00
Condenser Slip,,,failed,False,2026-08-19T22:06:07.056181+09:00
Condenser Slot,,,failed,False,2026-08-19T22:06:28.711407+09:00
Condenser Stake,,,failed,False,2026-08-23T02:53:11.692862+09:00
Condenser Statement,,,failed,False,2026-08-21T00:29:18.901587+09:00
Condenser Station,,,failed,False,2026-08-19T21:32:03.032645+09:00
Condenser Status,,,failed,False,2026-08-19T21:15:40.357740+09:00
Condenser Stub,,,failed,False,2026-08-21T00:29:10.279905+09:00
Condenser Studio,90.0,95.0,success,False,2026-08-19T21:31:50.558670+09:00
Condenser Subsidy,,,failed,False,2026-08-23T15:52:22.475978+09:00
Condenser Sum,,,failed,False,2026-08-21T02:30:00.318623+09:00
Condenser Summary,,,failed,False,2026-08-19T21:17:33.160544+09:00
Condenser Tab,,,failed,False,2026-08-21T00:30:01.129618+09:00
Condenser Table,20.0,14.0,success,False,2026-08-19T22:05:48.495667+09:00
Condenser Tag,20.0,0.0,success,False,2026-08-19T21:15:19.107238+09:00
Condenser Tally,,,failed,False,2026-08-21T00:29:24.926650+09:00
Condenser Tariff,,,failed,False,2026-08-21T02:37:01.944995+09:00
Condenser Tax,,,failed,False,2026-08-21T02:13:34.693364+09:00
Condenser Terminal,,,failed,False,2026-08-19T21:32:10.645735+09:00
Condenser Ticker,,,failed,False,2026-08-19T21:12:59.685218+09:00
Condenser Ticket,,,failed,False,2026-08-19T21:18:19.882315+09:00
Condenser Tier,,,failed,False,2026-08-28T00:46:54.511345+09:00
Condenser Timeline,,,failed,False,2026-08-19T21:17:45.288805+09:00
Condenser Timer,,,failed,False,2026-08-28T00:23:00.112605+09:00
Condenser Toll,,,failed,False,2026-08-21T02:36:50.213443+09:00
Condenser Toolbox,,,failed,False,2026-08-28T00:23:05.201958+09:00
Condenser Tracker,,,failed,False,2026-08-19T21:19:21.338240+09:00
Condenser Trail,,,failed,False,2026-08-19T21:04:59.839669+09:00
Condenser Trial,,,failed,False,2026-08-27T21:19:13.437251+09:00
Condenser Unit,14800.0,76.0,success,False,2026-08-21T01:56:59.891240+09:00
Condenser Update,,,failed,False,2026-08-19T21:16:46.731573+09:00
Condenser Value,20.0,1.0,success,False,2026-08-23T02:53:06.849591+09:00
Condenser Vault,,,failed,False,2026-08-19T21:29:07.329786+09:00
Condenser Version,,,failed,False,2026-08-23T03:17:04.760167+09:00
Condenser View,,,failed,False,2026-08-19T21:15:49.735937+09:00
Condenser Voucher,,,failed,False,2026-08-21T00:28:56.685784+09:00
Condenser Watch,,,failed,False,2026-08-19T21:29:59.646453+09:00
Condenser Wave,,,failed,False,2026-08-19T21:30:28.519556+09:00
Condenser Widget,,,failed,False,2026-08-27T23:10:24.868971+09:00
Condenser Window,,,failed,False,2026-08-19T21:13:25.403661+09:00
Condenser Workshop,,,failed,False,2026-08-28T00:23:02.722044+09:00
Condenser Zone,,,failed,False,2026-08-19T21:03:27.831086+09:00
Configuration Advisory,,,failed,False,2026-08-21T01:02:12.129826+09:00
Configuration Allowance,,,failed,False,2026-08-21T02:42:47.286881+09:00
Configuration Almanac,,,failed,False,2026-08-18T22:08:59.053528+09:00
Configuration Analyzer,40.0,8.0,success,False,2026-08-27T23:56:53.046222+09:00
Configuration Anchor,,,failed,False,2026-08-17T20:40:31.600880+09:00
Configuration Announcement,,,failed,False,2026-08-27T23:34:59.997959+09:00
Configuration Assistant,110.0,3.0,success,False,2026-08-17T23:05:32.537259+09:00
Configuration Atlas,,,failed,False,2026-08-18T07:52:51.639177+09:00
Configuration Attribute,20.0,0.0,success,False,2026-08-23T13:09:39.563884+09:00
Configuration Badge,,,failed,False,2026-08-21T00:36:50.529911+09:00
Configuration Base,20.0,0.0,success,False,2026-08-17T21:37:17.917122+09:00
Configuration Beacon,,,failed,False,2026-08-17T20:43:48.259554+09:00
Configuration Bill,,,failed,False,2026-08-19T21:59:58.757000+09:00
Configuration Blueprint,,,failed,False,2026-08-18T22:08:50.050771+09:00
Configuration Board,170.0,2.0,success,False,2026-08-17T21:34:05.861065+09:00
Configuration Book,30.0,1.0,success,False,2026-08-19T22:00:50.592987+09:00
Configuration Bridge,110.0,1.0,success,False,2026-08-17T20:41:13.511022+09:00
Configuration Brief,,,failed,False,2026-08-21T01:00:07.021185+09:00
Configuration Bulletin,,,failed,False,2026-08-21T01:00:01.570868+09:00
Configuration Calendar,,,failed,False,2026-08-19T00:03:06.405993+09:00
Configuration Card,40.0,0.0,success,False,2026-08-19T13:35:34.985408+09:00
Configuration Cascade,,,failed,False,2026-08-17T20:42:02.791525+09:00
Configuration Cash,,,failed,False,2026-08-21T02:26:32.701256+09:00
Configuration Catalog,,,failed,False,2026-08-19T21:14:19.651241+09:00
Configuration Category,,,failed,False,2026-08-23T13:09:37.494287+09:00
Configuration Center,140.0,3.0,success,False,2026-08-17T20:46:01.536512+09:00
Configuration Chain,,,failed,False,2026-08-17T20:35:25.429619+09:00
Configuration Charge,,,failed,False,2026-08-21T02:42:36.894313+09:00
Configuration Check,90.0,2.0,success,False,2026-08-19T13:36:10.470400+09:00
Configuration Checker,90.0,2.0,success,False,2026-08-27T23:56:47.564941+09:00
Configuration Checklist,260.0,0.0,success,False,2026-08-19T21:13:23.011051+09:00
Configuration Circular,,,failed,False,2026-08-21T01:00:09.157430+09:00
Configuration Cockpit,,,failed,False,2026-08-17T23:33:22.514665+09:00
Configuration Code,320.0,1.0,success,False,2026-08-19T22:00:20.280558+09:00
Configuration Codex,,,failed,False,2026-08-18T22:09:13.055997+09:00
Configuration Companion,,,failed,False,2026-08-17T22:50:36.545244+09:00
Configuration Comparison,30.0,4.0,success,False,2026-08-28T01:07:41.597003+09:00
Configuration Compass,10.0,0.0,success,False,2026-08-17T20:44:36.649130+09:00
Configuration Compendium,,,failed,False,2026-08-18T22:09:07.653451+09:00
Configuration Confirmation,,,failed,False,2026-08-21T01:00:25.578415+09:00
Configuration Console,20.0,4.0,success,False,2026-08-17T20:43:22.316757+09:00
Configuration Contribution,,,failed,False,2026-08-23T16:12:20.898327+09:00
Configuration Converter,10.0,3.0,success,False,2026-08-27T23:35:04.726489+09:00
Configuration Core,,,failed,False,2026-08-17T21:36:17.240271+09:00
Configuration Cost,,,failed,False,2026-08-21T02:10:13.973101+09:00
Configuration Count,,,failed,False,2026-08-27T22:48:17.330576+09:00
Configuration Counter,,,failed,False,2026-08-19T00:03:50.601023+09:00
Configuration Dashboard,50.0,22.0,success,False,2026-08-17T23:09:05.527725+09:00
Configuration Deal,,,failed,False,2026-08-21T01:53:38.487807+09:00
Configuration Debt,,,failed,False,2026-08-21T02:26:26.896086+09:00
Configuration Deck,,,failed,False,2026-08-17T21:33:05.832312+09:00
Configuration Depot,,,failed,False,2026-08-19T00:03:34.698010+09:00
Configuration Desk,70.0,92.0,success,False,2026-08-17T21:30:13.279777+09:00
Configuration Detail,,,failed,False,2026-08-23T03:23:07.645674+09:00
Configuration Detector,,,failed,False,2026-08-27T23:56:53.046222+09:00
Configuration Diagram,170.0,0.0,success,False,2026-08-27T22:09:48.398152+09:00
Configuration Dial,,,failed,False,2026-08-17T20:41:41.231730+09:00
Configuration Digest,,,failed,False,2026-08-19T20:39:37.927726+09:00
Configuration Directory,70.0,0.0,success,False,2026-08-19T00:03:12.143780+09:00
Configuration Discount,,,failed,False,2026-08-23T16:12:18.349007+09:00
Configuration Dock,,,failed,False,2026-08-17T20:38:14.865229+09:00
Configuration Dossier,,,failed,False,2026-08-21T01:00:29.585982+09:00
Configuration Draft,,,failed,False,2026-08-19T20:39:55.789733+09:00
Configuration Duty,,,failed,False,2026-08-21T02:42:39.559962+09:00
Configuration Engine,720.0,0.0,success,False,2026-08-17T23:32:31.687734+09:00
Configuration Entry,10.0,0.0,success,False,2026-08-21T01:00:40.730981+09:00
Configuration Estimate,,,failed,False,2026-08-19T21:14:09.280828+09:00
Configuration Estimator,,,failed,False,2026-08-27T23:56:43.300961+09:00
Configuration Excerpt,,,failed,False,2026-08-21T01:02:18.693445+09:00
Configuration Fare,,,failed,False,2026-08-21T02:10:17.497387+09:00
Configuration Fee,10.0,0.0,success,False,2026-08-21T01:53:18.147315+09:00
Configuration Feed,,,failed,False,2026-08-19T20:39:47.752844+09:00
Configuration Field,,,failed,False,2026-08-23T13:09:42.107006+09:00
Configuration File,12100.0,1.0,success,False,2026-08-19T20:39:03.354865+09:00
Configuration Finder,,,failed,False,2026-08-19T00:03:25.935082+09:00
Configuration Fine,,,failed,False,2026-08-23T02:57:19.456946+09:00
Configuration Flag,390.0,1.0,success,False,2026-08-21T00:25:18.497443+09:00
Configuration Flow,,,failed,False,2026-08-17T21:33:32.175377+09:00
Configuration Forge,10.0,0.0,success,False,2026-08-17T20:42:51.727520+09:00
Configuration Form,70.0,4.0,success,False,2026-08-19T13:35:23.963790+09:00
Configuration Format,70.0,4.0,success,False,2026-08-23T13:09:44.174186+09:00
Configuration Frame,,,failed,False,2026-08-17T21:38:26.629916+09:00
Configuration Fund,,,failed,False,2026-08-21T02:26:29.042609+09:00
Configuration Gate,70.0,100.0,success,False,2026-08-17T20:32:30.733040+09:00
Configuration Generator,590.0,1.0,success,False,2026-08-27T23:35:04.726489+09:00
Configuration Grade,,,failed,False,2026-08-21T00:24:59.301324+09:00
Configuration Graph,30.0,0.0,success,False,2026-08-27T22:09:38.149454+09:00
Configuration Grid,10.0,0.0,success,False,2026-08-17T20:35:55.625501+09:00
Configuration Guarantee,,,failed,False,2026-08-28T01:07:52.961175+09:00
Configuration Guard,,,failed,False,2026-08-17T21:36:40.900045+09:00
Configuration Guardian,,,failed,False,2026-08-28T00:26:09.270269+09:00
Configuration Guidebook,,,failed,False,2026-08-18T22:08:32.701996+09:00
Configuration Helpdesk,,,failed,False,2026-08-27T22:48:20.741854+09:00
Configuration Helper,,,failed,False,2026-08-28T00:26:12.300765+09:00
Configuration History,,,failed,False,2026-08-19T20:38:53.768635+09:00
Configuration Hotline,,,failed,False,2026-08-19T21:14:29.704334+09:00
Configuration Hub,320.0,2.0,success,False,2026-08-17T21:32:31.405261+09:00
Configuration Identifier,,,failed,False,2026-08-23T13:09:35.316031+09:00
Configuration Index,20.0,0.0,success,False,2026-08-19T21:13:36.060170+09:00
Configuration Insight,,,failed,False,2026-08-17T23:33:09.699963+09:00
Configuration Installment,,,failed,False,2026-08-23T16:12:20.898327+09:00
Configuration Item,1300.0,0.0,success,True,2026-08-21T02:05:44.847740+09:00
Configuration Journal,,,failed,False,2026-08-18T22:08:17.707470+09:00
Configuration Keeper,,,failed,False,2026-08-17T21:39:15.761980+09:00
Configuration Kit,,,failed,False,2026-08-27T22:48:13.756184+09:00
Configuration Lab,,,failed,False,2026-08-17T21:30:45.538595+09:00
Configuration Label,,,failed,False,2026-08-27T22:09:41.685906+09:00
Configuration Ledger,,,failed,False,2026-08-17T21:35:08.893531+09:00
Configuration Lens,,,failed,False,2026-08-17T21:40:37.066671+09:00
Configuration Level,10.0,0.0,success,False,2026-08-19T20:39:14.214038+09:00
Configuration Link,50.0,1.0,success,False,2026-08-23T03:23:00.689817+09:00
Configuration List,90.0,2.0,success,False,2026-08-19T22:00:29.201659+09:00
Configuration Loan,,,failed,False,2026-08-21T02:10:26.523271+09:00
Configuration Locator,,,failed,False,2026-08-19T00:03:21.455005+09:00
Configuration Lock,40.0,1.0,success,False,2026-08-18T07:52:13.300527+09:00
Configuration Log,20.0,0.0,success,False,2026-08-19T13:35:15.943675+09:00
Configuration Loop,,,failed,False,2026-08-17T20:36:55.192509+09:00
Configuration Manager,6600.0,4.0,success,False,2026-08-17T21:37:49.733247+09:00
Configuration Manual,70.0,0.0,success,False,2026-08-27T22:09:41.685906+09:00
Configuration Map,480.0,0.0,success,False,2026-08-17T21:41:49.444267+09:00
Configuration Markup,,,failed,False,2026-08-23T16:37:59.116023+09:00
Configuration Memo,,,failed,False,2026-08-21T00:25:04.867976+09:00
Configuration Message,1900.0,0.0,success,True,2026-08-27T23:13:41.688189+09:00
Configuration Meter,,,failed,False,2026-08-17T20:40:52.069695+09:00
Configuration Metrics,,,failed,False,2026-08-17T23:14:19.543456+09:00
Configuration Monitor,320.0,7.0,success,False,2026-08-17T23:07:26.971457+09:00
Configuration Navigator,,,failed,False,2026-08-17T23:33:38.106132+09:00
Configuration Nexus,10.0,14.0,success,False,2026-08-18T07:52:40.105947+09:00
Configuration Node,90.0,1.0,success,False,2026-08-17T20:33:36.115262+09:00
Configuration Note,10.0,0.0,success,False,2026-08-19T13:37:00.513744+09:00
Configuration Notification,50.0,0.0,success,False,2026-08-27T22:48:13.756184+09:00
Configuration Number,110.0,0.0,success,False,2026-08-23T03:22:53.557175+09:00
Configuration Office,14800.0,1.0,success,False,2026-08-19T00:03:41.244683+09:00
Configuration Ops,,,failed,False,2026-08-17T23:10:45.795183+09:00
Configuration Order,90.0,0.0,success,False,2026-08-19T21:59:50.117537+09:00
Configuration Organizer,,,failed,False,2026-08-17T23:32:58.780092+09:00
Configuration Panel,170.0,1.0,success,False,2026-08-17T20:42:22.378966+09:00
Configuration Pass,,,failed,False,2026-08-21T00:36:40.261906+09:00
Configuration Path,30.0,0.0,success,False,2026-08-17T20:33:05.160713+09:00
Configuration Penalty,,,failed,False,2026-08-23T16:37:59.116023+09:00
Configuration Petition,,,failed,False,2026-08-21T01:00:20.571072+09:00
Configuration Pilot,,,failed,False,2026-08-17T21:31:19.415531+09:00
Configuration Plan,90.0,0.0,success,False,2026-08-21T01:53:31.985132+09:00
Configuration Planner,,,failed,False,2026-08-17T23:32:47.059992+09:00
Configuration Playbook,10.0,11.0,success,False,2026-08-18T22:08:09.141836+09:00
Configuration Point,10.0,0.0,success,False,2026-08-17T20:31:55.017364+09:00
Configuration Portal,50.0,0.0,success,False,2026-08-17T20:44:14.789024+09:00
Configuration Preview,,,failed,False,2026-08-28T01:07:44.108969+09:00
Configuration Profile,1300.0,2.0,success,False,2026-08-19T13:37:36.286521+09:00
Configuration Profit,,,failed,False,2026-08-23T02:57:13.068042+09:00
Configuration Proposal,,,failed,False,2026-08-28T01:07:47.366767+09:00
Configuration Pulse,,,failed,False,2026-08-17T20:34:55.202462+09:00
Configuration Queue,,,failed,False,2026-08-19T21:13:59.350184+09:00
Configuration Quota,,,failed,False,2026-08-21T00:25:13.031282+09:00
Configuration Radar,,,failed,False,2026-08-17T20:47:53.457764+09:00
Configuration Rail,,,failed,False,2026-08-17T20:37:21.758511+09:00
Configuration Rate,,,failed,False,2026-08-19T20:39:24.748166+09:00
Configuration Recap,,,failed,False,2026-08-21T01:00:33.906602+09:00
Configuration Receipt,,,failed,False,2026-08-19T22:00:08.446877+09:00
Configuration Recorder,30.0,0.0,success,False,2026-08-27T23:35:07.655977+09:00
Configuration Register,320.0,0.0,success,False,2026-08-17T23:23:39.258674+09:00
Configuration Registry,320.0,0.0,success,False,2026-08-18T22:08:40.228889+09:00
Configuration Relay,,,failed,False,2026-08-17T20:46:29.220439+09:00
Configuration Reminder,,,failed,False,2026-08-19T21:13:13.092758+09:00
Configuration Report,210.0,0.0,success,False,2026-08-19T13:34:28.843739+09:00
Configuration Repository,110.0,2.0,success,False,2026-08-27T23:13:53.622178+09:00
Configuration Result,,,failed,False,2026-08-28T00:48:11.249121+09:00
Configuration Roadmap,,,failed,False,2026-08-18T22:09:21.781956+09:00
Configuration Roster,,,failed,False,2026-08-19T00:38:05.344215+09:00
Configuration Route,,,failed,False,2026-08-17T20:39:12.627798+09:00
Configuration Rule,320.0,0.0,success,False,2026-08-23T03:23:04.042146+09:00
Configuration Sale,,,failed,False,2026-08-21T02:26:36.939016+09:00
Configuration Sample,,,failed,False,2026-08-19T22:01:11.142813+09:00
Configuration Scale,,,failed,False,2026-08-17T20:40:06.808560+09:00
Configuration Scanner,140.0,3.0,success,False,2026-08-27T23:56:50.543102+09:00
Configuration Scheduler,,,failed,False,2026-08-17T23:12:38.430162+09:00
Configuration Scope,10.0,0.0,success,False,2026-08-17T20:37:55.339961+09:00
Configuration Score,,,failed,False,2026-08-19T13:36:50.709528+09:00
Configuration Sentry,,,failed,False,2026-08-17T21:41:19.053416+09:00
Configuration Sheet,70.0,0.0,success,False,2026-08-19T13:35:50.277889+09:00
Configuration Signal,10.0,0.0,success,False,2026-08-17T20:39:36.069990+09:00
Configuration Slip,,,failed,False,2026-08-19T22:01:01.799694+09:00
Configuration Slot,,,failed,False,2026-08-19T22:01:20.262131+09:00
Configuration Snapshot,170.0,1.0,success,False,2026-08-18T22:08:23.655372+09:00
Configuration Stage,390.0,1.0,success,False,2026-08-28T00:48:11.249121+09:00
Configuration Stake,,,failed,False,2026-08-23T02:57:15.173266+09:00
Configuration Statement,,,failed,False,2026-08-21T00:24:43.469777+09:00
Configuration Station,10.0,0.0,success,False,2026-08-17T20:48:29.594833+09:00
Configuration Status,70.0,0.0,success,False,2026-08-19T20:38:33.715363+09:00
Configuration Stub,,,failed,False,2026-08-21T00:36:53.427787+09:00
Configuration Studio,210.0,5.0,success,False,2026-08-17T21:31:54.606698+09:00
Configuration Suite,,,failed,False,2026-08-17T23:11:05.439479+09:00
Configuration Sum,,,failed,False,2026-08-21T02:26:24.473700+09:00
Configuration Summary,20.0,1.0,success,False,2026-08-19T21:12:47.142527+09:00
Configuration Sync,20.0,0.0,success,False,2026-08-17T21:34:37.066296+09:00
Configuration Tab,880.0,0.0,success,False,2026-08-21T00:25:26.988508+09:00
Configuration Table,590.0,2.0,success,False,2026-08-19T22:00:41.038270+09:00
Configuration Tag,40.0,5.0,success,False,2026-08-19T13:37:14.131003+09:00
Configuration Tally,,,failed,False,2026-08-21T00:24:51.764822+09:00
Configuration Tariff,,,failed,False,2026-08-21T02:42:49.671896+09:00
Configuration Tax,,,failed,False,2026-08-21T02:10:21.556989+09:00
Configuration Ticket,,,failed,False,2026-08-19T21:13:48.359259+09:00
Configuration Timeline,,,failed,False,2026-08-19T21:12:59.685218+09:00
Configuration Toll,,,failed,False,2026-08-21T02:42:41.863985+09:00
Configuration Toolbox,10.0,7.0,success,False,2026-08-28T00:26:09.270269+09:00
Configuration Toolkit,,,failed,False,2026-08-18T22:08:02.449968+09:00
Configuration Total,,,failed,False,2026-08-27T23:13:44.050852+09:00
Configuration Tracker,20.0,18.0,success,False,2026-08-17T21:35:41.309233+09:00
Configuration Trail,,,failed,False,2026-08-17T20:36:21.712002+09:00
Configuration Trend,,,failed,False,2026-08-28T01:07:41.597003+09:00
Configuration Trial,,,failed,False,2026-08-27T21:15:22.797193+09:00
Configuration Unit,,,failed,False,2026-08-21T01:53:28.626980+09:00
Configuration Update,1000.0,0.0,success,True,2026-08-19T20:39:32.642664+09:00
Configuration Vault,,,failed,False,2026-08-17T20:45:40.214755+09:00
Configuration Version,20.0,0.0,success,False,2026-08-23T03:22:56.392022+09:00
Configuration View,50.0,2.0,success,False,2026-08-19T20:38:42.409315+09:00
Configuration Voucher,,,failed,False,2026-08-21T00:36:44.968976+09:00
Configuration Watch,,,failed,False,2026-08-17T20:38:41.975413+09:00
Configuration Wave,,,failed,False,2026-08-17T20:34:07.278551+09:00
Configuration Widget,,,failed,False,2026-08-27T23:13:50.940196+09:00
Configuration Workbench,10.0,0.0,success,False,2026-08-18T22:07:53.653114+09:00
Configuration Workshop,,,failed,False,2026-08-28T00:26:06.768927+09:00
Configuration Zone,,,failed,False,2026-08-17T20:45:14.001779+09:00
Consecutive Advisory,,,failed,False,2026-08-21T01:09:01.082637+09:00
Consecutive Alert,,,failed,False,2026-08-19T21:20:12.462826+09:00
Consecutive Allowance,,,failed,False,2026-08-21T02:39:12.661070+09:00
Consecutive Assistant,,,failed,False,2026-08-19T21:14:44.485943+09:00
Consecutive Atlas,,,failed,False,2026-08-19T21:14:03.656959+09:00
Consecutive Attribute,,,failed,False,2026-08-23T13:08:12.908274+09:00
Consecutive Badge,,,failed,False,2026-08-21T00:34:14.211470+09:00
Consecutive Base,20.0,0.0,success,False,2026-08-19T21:09:55.427058+09:00
Consecutive Bay,,,failed,False,2026-08-19T21:18:24.331096+09:00
Consecutive Beacon,,,failed,False,2026-08-19T21:07:19.840236+09:00
Consecutive Bill,,,failed,False,2026-08-19T21:50:46.269760+09:00
Consecutive Bin,,,failed,False,2026-08-19T21:29:12.327035+09:00
Consecutive Book,,,failed,False,2026-08-19T21:51:38.533092+09:00
Consecutive Booth,,,failed,False,2026-08-19T21:17:55.830991+09:00
Consecutive Brief,,,failed,False,2026-08-21T01:08:51.801540+09:00
Consecutive Bulletin,,,failed,False,2026-08-21T01:08:47.143646+09:00
Consecutive Calendar,10.0,25.0,success,False,2026-08-19T21:16:39.026055+09:00
Consecutive Card,10.0,0.0,success,False,2026-08-19T21:30:26.736781+09:00
Consecutive Cash,,,failed,False,2026-08-21T02:22:10.235863+09:00
Consecutive Cashback,,,failed,False,2026-08-27T21:14:56.322045+09:00
Consecutive Catalog,,,failed,False,2026-08-19T21:05:28.660617+09:00
Consecutive Category,,,failed,False,2026-08-23T13:08:09.181921+09:00
Consecutive Chain,,,failed,False,2026-08-19T21:13:17.515413+09:00
Consecutive Charge,,,failed,False,2026-08-21T02:39:01.824838+09:00
Consecutive Chart,,,failed,False,2026-08-19T21:29:05.227189+09:00
Consecutive Check,,,failed,False,2026-08-19T21:30:40.784781+09:00
Consecutive Checklist,,,failed,False,2026-08-19T21:04:24.508436+09:00
Consecutive Circular,,,failed,False,2026-08-21T01:08:57.015500+09:00
Consecutive Code,,,failed,False,2026-08-19T21:51:07.578329+09:00
Consecutive Companion,,,failed,False,2026-08-19T21:15:33.096576+09:00
Consecutive Comparison,,,failed,False,2026-08-28T01:08:20.327245+09:00
Consecutive Compass,,,failed,False,2026-08-19T21:07:08.840903+09:00
Consecutive Confirmation,,,failed,False,2026-08-21T01:09:12.434019+09:00
Consecutive Cost,,,failed,False,2026-08-21T02:14:55.250493+09:00
Consecutive Counter,,,failed,False,2026-08-19T21:17:37.116648+09:00
Consecutive Coupon,,,failed,False,2026-08-27T21:14:54.146372+09:00
Consecutive Deal,,,failed,False,2026-08-21T01:58:40.468509+09:00
Consecutive Debt,,,failed,False,2026-08-21T02:21:59.749711+09:00
Consecutive Desk,,,failed,False,2026-08-19T21:06:30.155036+09:00
Consecutive Detail,,,failed,False,2026-08-23T03:20:04.246790+09:00
Consecutive Directory,,,failed,False,2026-08-19T21:16:50.838174+09:00
Consecutive Dossier,,,failed,False,2026-08-21T01:09:17.934023+09:00
Consecutive Draft,,,failed,False,2026-08-19T21:03:30.036000+09:00
Consecutive Due,,,failed,False,2026-08-23T15:53:10.362751+09:00
Consecutive Duty,,,failed,False,2026-08-21T02:39:04.967500+09:00
Consecutive Engine,,,failed,False,2026-08-19T21:14:34.800336+09:00
Consecutive Entry,,,failed,False,2026-08-21T01:09:29.468190+09:00
Consecutive Estimate,,,failed,False,2026-08-19T21:05:14.341737+09:00
Consecutive Excerpt,,,failed,False,2026-08-21T01:09:25.502385+09:00
Consecutive Fare,,,failed,False,2026-08-21T02:15:10.297403+09:00
Consecutive Fee,,,failed,False,2026-08-21T01:58:27.155216+09:00
Consecutive Feed,,,failed,False,2026-08-19T21:32:15.548375+09:00
Consecutive Field,,,failed,False,2026-08-23T13:08:15.174863+09:00
Consecutive File,,,failed,False,2026-08-19T21:31:43.962049+09:00
Consecutive Finder,,,failed,False,2026-08-19T21:17:17.082757+09:00
Consecutive Fine,,,failed,False,2026-08-23T02:54:50.074152+09:00
Consecutive Flag,,,failed,False,2026-08-21T00:34:47.254019+09:00
Consecutive Flow,,,failed,False,2026-08-19T21:06:06.633142+09:00
Consecutive Form,,,failed,False,2026-08-19T21:30:18.297847+09:00
Consecutive Format,,,failed,False,2026-08-23T13:08:17.193422+09:00
Consecutive Frame,90.0,0.0,success,False,2026-08-19T21:09:42.547953+09:00
Consecutive Fund,,,failed,False,2026-08-21T02:22:07.753021+09:00
Consecutive Gate,,,failed,False,2026-08-19T21:13:40.486879+09:00
Consecutive Giveaway,,,failed,False,2026-08-27T21:15:01.645543+09:00
Consecutive Grade,,,failed,False,2026-08-21T00:34:32.979761+09:00
Consecutive Grid,,,failed,False,2026-08-19T21:08:42.108199+09:00
Consecutive Harbor,,,failed,False,2026-08-19T21:19:11.883317+09:00
Consecutive Helper,,,failed,False,2026-08-28T00:26:31.699789+09:00
Consecutive History,,,failed,False,2026-08-19T21:31:33.933839+09:00
Consecutive Hotline,,,failed,False,2026-08-19T21:05:39.916573+09:00
Consecutive Hub,,,failed,False,2026-08-19T21:06:16.769807+09:00
Consecutive Identifier,,,failed,False,2026-08-23T13:08:07.144549+09:00
Consecutive Inbox,,,failed,False,2026-08-19T21:20:00.703413+09:00
Consecutive Incentive,,,failed,False,2026-08-27T21:15:01.645543+09:00
Consecutive Index,,,failed,False,2026-08-19T21:04:38.364310+09:00
Consecutive Item,,,failed,False,2026-08-21T01:58:34.274743+09:00
Consecutive Journal,,,failed,False,2026-08-19T21:16:14.581068+09:00
Consecutive Keeper,,,failed,False,2026-08-19T21:14:12.923572+09:00
Consecutive Lab,,,failed,False,2026-08-19T21:11:04.489546+09:00
Consecutive Ledger,,,failed,False,2026-08-19T21:10:20.581807+09:00
Consecutive Level,,,failed,False,2026-08-19T21:31:52.488938+09:00
Consecutive Line,210.0,0.0,success,False,2026-08-19T21:29:42.361641+09:00
Consecutive Link,,,failed,False,2026-08-23T03:19:56.707699+09:00
Consecutive List,,,failed,False,2026-08-19T21:51:20.233471+09:00
Consecutive Loan,10.0,43.0,success,False,2026-08-21T02:15:19.980644+09:00
Consecutive Lobby,,,failed,False,2026-08-19T21:29:28.610068+09:00
Consecutive Locator,,,failed,False,2026-08-19T21:17:05.944580+09:00
Consecutive Log,,,failed,False,2026-08-19T21:30:12.319072+09:00
Consecutive Loop,,,failed,False,2026-08-19T21:08:29.245582+09:00
Consecutive Manager,,,failed,False,2026-08-19T21:14:23.234492+09:00
Consecutive Manual,,,failed,False,2026-08-27T22:09:16.229025+09:00
Consecutive Map,,,failed,False,2026-08-19T21:09:29.663933+09:00
Consecutive Margin,,,failed,False,2026-08-23T02:54:48.016404+09:00
Consecutive Monitor,,,failed,False,2026-08-19T21:15:22.705045+09:00
Consecutive Nexus,,,failed,False,2026-08-19T21:13:52.940752+09:00
Consecutive Note,,,failed,False,2026-08-19T21:30:56.024739+09:00
Consecutive Number,40500.0,0.0,success,True,2026-08-23T03:19:49.312069+09:00
Consecutive Office,,,failed,False,2026-08-19T21:17:27.324738+09:00
Consecutive Ops,,,failed,False,2026-08-19T21:15:54.238919+09:00
Consecutive Order,390.0,0.0,success,False,2026-08-19T21:50:35.139639+09:00
Consecutive Outline,,,failed,False,2026-08-27T22:28:51.186281+09:00
Consecutive Outpost,,,failed,False,2026-08-19T21:18:48.274039+09:00
Consecutive Pass,20.0,0.0,success,False,2026-08-21T00:34:04.071728+09:00
Consecutive Passport,,,failed,False,2026-08-19T21:29:21.643935+09:00
Consecutive Path,,,failed,False,2026-08-19T21:09:02.600791+09:00
Consecutive Petition,,,failed,False,2026-08-21T01:09:06.679370+09:00
Consecutive Plan,,,failed,False,2026-08-21T01:58:38.358988+09:00
Consecutive Planner,,,failed,False,2026-08-19T21:14:58.322778+09:00
Consecutive Playbook,,,failed,False,2026-08-19T21:16:04.396422+09:00
Consecutive Plaza,,,failed,False,2026-08-19T21:19:01.988330+09:00
Consecutive Point,40.0,0.0,success,False,2026-08-19T21:09:18.934477+09:00
Consecutive Post,,,failed,False,2026-08-19T21:18:34.619237+09:00
Consecutive Profile,,,failed,False,2026-08-19T21:31:11.020553+09:00
Consecutive Queue,,,failed,False,2026-08-19T21:05:03.787854+09:00
Consecutive Quota,,,failed,False,2026-08-21T00:34:42.810397+09:00
Consecutive Rail,,,failed,False,2026-08-19T21:12:53.220290+09:00
Consecutive Rate,,,failed,False,2026-08-19T21:32:01.105099+09:00
Consecutive Recap,,,failed,False,2026-08-21T01:09:20.076507+09:00
Consecutive Receipt,,,failed,False,2026-08-19T21:50:57.841127+09:00
Consecutive Register,,,failed,False,2026-08-19T21:15:44.600624+09:00
Consecutive Registry,,,failed,False,2026-08-19T21:16:27.560091+09:00
Consecutive Relay,,,failed,False,2026-08-19T21:06:46.189471+09:00
Consecutive Reminder,,,failed,False,2026-08-19T21:04:11.577084+09:00
Consecutive Rendering,,,failed,False,2026-08-27T22:28:51.186281+09:00
Consecutive Report,,,failed,False,2026-08-19T21:30:05.370784+09:00
Consecutive Repository,,,failed,False,2026-08-27T23:13:56.060397+09:00
Consecutive Ring,,,failed,False,2026-08-19T21:13:29.995507+09:00
Consecutive Roll,,,failed,False,2026-08-19T21:29:57.691182+09:00
Consecutive Roster,,,failed,False,2026-08-19T21:19:49.170898+09:00
Consecutive Route,,,failed,False,2026-08-19T21:12:43.604286+09:00
Consecutive Rule,10.0,0.0,success,False,2026-08-23T03:20:00.686198+09:00
Consecutive Sale,,,failed,False,2026-08-21T02:22:13.751196+09:00
Consecutive Sample,2900.0,0.0,success,True,2026-08-19T21:52:04.287712+09:00
Consecutive Scale,,,failed,False,2026-08-19T21:12:31.857265+09:00
Consecutive Scope,,,failed,False,2026-08-19T21:08:19.397533+09:00
Consecutive Score,,,failed,False,2026-08-19T21:30:47.462824+09:00
Consecutive Sheet,,,failed,False,2026-08-19T21:30:33.343002+09:00
Consecutive Shelf,,,failed,False,2026-08-19T21:19:37.758100+09:00
Consecutive Signature,,,failed,False,2026-08-23T13:28:03.127667+09:00
Consecutive Slip,,,failed,False,2026-08-19T21:51:54.755817+09:00
Consecutive Slot,,,failed,False,2026-08-19T21:52:16.498900+09:00
Consecutive Stake,,,failed,False,2026-08-23T02:54:45.895962+09:00
Consecutive Station,,,failed,False,2026-08-19T21:11:14.866023+09:00
Consecutive Status,,,failed,False,2026-08-19T21:31:19.157381+09:00
Consecutive Stub,,,failed,False,2026-08-21T00:34:18.922168+09:00
Consecutive Studio,,,failed,False,2026-08-19T21:10:51.939321+09:00
Consecutive Subsidy,,,failed,False,2026-08-23T15:53:12.516993+09:00
Consecutive Sum,880.0,0.0,success,False,2026-08-21T02:21:55.234205+09:00
Consecutive Summary,,,failed,False,2026-08-19T21:03:47.017770+09:00
Consecutive Surtax,,,failed,False,2026-08-23T15:50:12.078414+09:00
Consecutive Tab,,,failed,False,2026-08-21T00:34:51.514854+09:00
Consecutive Table,20.0,0.0,success,False,2026-08-19T21:51:28.846204+09:00
Consecutive Tag,,,failed,False,2026-08-19T21:31:05.316836+09:00
Consecutive Tally,,,failed,False,2026-08-21T00:34:27.900194+09:00
Consecutive Tariff,,,failed,False,2026-08-21T02:39:16.897271+09:00
Consecutive Tax,,,failed,False,2026-08-21T02:15:15.095648+09:00
Consecutive Terminal,,,failed,False,2026-08-19T21:11:25.521014+09:00
Consecutive Ticker,,,failed,False,2026-08-19T21:29:36.124531+09:00
Consecutive Ticket,,,failed,False,2026-08-19T21:04:51.175636+09:00
Consecutive Timeline,,,failed,False,2026-08-19T21:03:59.838072+09:00
Consecutive Timer,50.0,2.0,success,False,2026-08-28T00:26:26.682078+09:00
Consecutive Toll,,,failed,False,2026-08-21T02:39:07.071635+09:00
Consecutive Toolbox,,,failed,False,2026-08-28T00:26:31.699789+09:00
Consecutive Total,,,failed,False,2026-08-27T23:13:50.940196+09:00
Consecutive Tower,,,failed,False,2026-08-19T21:19:25.343582+09:00
Consecutive Tracker,,,failed,False,2026-08-19T21:05:54.912887+09:00
Consecutive Trail,,,failed,False,2026-08-19T21:13:04.964598+09:00
Consecutive Trend,,,failed,False,2026-08-28T01:08:17.879931+09:00
Consecutive Trial,,,failed,False,2026-08-27T21:14:58.792070+09:00
Consecutive Unit,,,failed,False,2026-08-21T01:58:32.976972+09:00
Consecutive Update,,,failed,False,2026-08-19T21:32:08.265719+09:00
Consecutive Value,10.0,0.0,success,False,2026-08-23T02:54:43.780312+09:00
Consecutive Vault,,,failed,False,2026-08-19T21:06:56.055921+09:00
Consecutive Version,,,failed,False,2026-08-23T03:19:53.710314+09:00
Consecutive View,,,failed,False,2026-08-19T21:31:25.099741+09:00
Consecutive Voucher,,,failed,False,2026-08-21T00:34:09.449100+09:00
Consecutive Wave,20.0,0.0,success,False,2026-08-19T21:08:52.385641+09:00
Consecutive Widget,,,failed,False,2026-08-27T23:13:53.622178+09:00
Consecutive Window,,,failed,False,2026-08-19T21:29:49.422411+09:00
Consecutive Worksheet,,,failed,False,2026-08-27T22:09:18.738684+09:00
Consecutive Workshop,,,failed,False,2026-08-28T00:26:29.201404+09:00
Consent Advisory,,,failed,False,2026-08-21T01:01:55.292277+09:00
Consent Allowance,,,failed,False,2026-08-21T02:40:59.157491+09:00
Consent Almanac,,,failed,False,2026-08-18T22:06:03.591349+09:00
Consent Analyzer,,,failed,False,2026-08-27T23:55:48.344302+09:00
Consent Anchor,,,failed,False,2026-08-17T20:45:40.214755+09:00
Consent Assistant,,,failed,False,2026-08-17T23:29:43.400125+09:00
Consent Atlas,,,failed,False,2026-08-17T20:36:21.712002+09:00
Consent Attribute,,,failed,False,2026-08-23T13:08:44.526296+09:00
Consent Base,,,failed,False,2026-08-17T20:33:05.160713+09:00
Consent Beacon,,,failed,False,2026-08-17T21:31:23.168898+09:00
Consent Bill,30.0,0.0,success,False,2026-08-19T21:55:03.832007+09:00
Consent Blueprint,,,failed,False,2026-08-18T22:05:53.928204+09:00
Consent Board,30.0,2.0,success,False,2026-08-17T21:41:49.444267+09:00
Consent Book,480.0,43.0,success,False,2026-08-19T21:55:51.993679+09:00
Consent Bridge,,,failed,False,2026-08-17T20:46:31.116711+09:00
Consent Brief,,,failed,False,2026-08-21T00:59:38.385269+09:00
Consent Bulletin,,,failed,False,2026-08-21T00:59:34.151010+09:00
Consent Cabinet,,,failed,False,2026-08-27T23:12:39.391295+09:00
Consent Calendar,170.0,0.0,success,False,2026-08-19T00:00:22.759146+09:00
Consent Card,320.0,15.0,success,False,2026-08-19T13:31:08.046594+09:00
Consent Cascade,,,failed,False,2026-08-17T20:47:53.457764+09:00
Consent Cash,,,failed,False,2026-08-21T02:24:33.883948+09:00
Consent Catalog,,,failed,False,2026-08-19T21:08:48.624997+09:00
Consent Category,,,failed,False,2026-08-23T13:08:42.186526+09:00
Consent Center,20.0,3.0,success,False,2026-08-17T21:34:05.861065+09:00
Consent Chain,,,failed,False,2026-08-17T20:40:52.069695+09:00
Consent Charge,,,failed,False,2026-08-21T02:40:41.069615+09:00
Consent Check,70.0,13.0,success,False,2026-08-19T13:31:41.202916+09:00
Consent Checker,50.0,43.0,success,False,2026-08-27T23:55:33.587403+09:00
Consent Checklist,110.0,1.0,success,False,2026-08-19T21:07:55.214041+09:00
Consent Circular,,,failed,False,2026-08-21T01:01:55.292277+09:00
Consent Cockpit,,,failed,False,2026-08-17T23:05:34.845009+09:00
Consent Code,70.0,0.0,success,False,2026-08-19T21:55:20.954175+09:00
Consent Codex,,,failed,False,2026-08-18T22:06:20.125556+09:00
Consent Companion,,,failed,False,2026-08-17T23:31:10.385394+09:00
Consent Comparison,,,failed,False,2026-08-28T01:06:29.246910+09:00
Consent Compass,,,failed,False,2026-08-17T21:32:31.405261+09:00
Consent Compendium,,,failed,False,2026-08-18T22:06:12.435541+09:00
Consent Confirmation,30.0,0.0,success,False,2026-08-21T00:59:54.516148+09:00
Consent Console,,,failed,False,2026-08-17T21:30:45.538595+09:00
Consent Core,,,failed,False,2026-08-17T20:31:58.373055+09:00
Consent Cost,,,failed,False,2026-08-21T02:08:11.666475+09:00
Consent Count,,,failed,False,2026-08-27T22:47:10.971037+09:00
Consent Counter,,,failed,False,2026-08-19T00:01:12.720919+09:00
Consent Dashboard,20.0,12.0,success,False,2026-08-17T23:30:45.182553+09:00
Consent Deal,,,failed,False,2026-08-21T01:51:26.021065+09:00
Consent Debt,,,failed,False,2026-08-21T02:24:27.084847+09:00
Consent Deck,,,failed,False,2026-08-17T21:40:37.066671+09:00
Consent Depot,,,failed,False,2026-08-19T00:00:56.933054+09:00
Consent Desk,,,failed,False,2026-08-17T21:36:40.900045+09:00
Consent Detail,,,failed,False,2026-08-23T03:21:12.022197+09:00
Consent Detector,,,failed,False,2026-08-27T23:55:42.824458+09:00
Consent Diagram,40.0,0.0,success,False,2026-08-27T22:08:36.718327+09:00
Consent Dial,,,failed,False,2026-08-17T20:47:13.736905+09:00
Consent Digest,,,failed,False,2026-08-19T20:38:36.542684+09:00
Consent Directory,,,failed,False,2026-08-19T00:00:31.381271+09:00
Consent Dock,,,failed,False,2026-08-17T20:43:22.316757+09:00
Consent Dossier,,,failed,False,2026-08-21T00:59:58.992040+09:00
Consent Draft,,,failed,False,2026-08-19T20:38:57.092601+09:00
Consent Due,,,failed,False,2026-08-23T15:50:30.977463+09:00
Consent Duty,,,failed,False,2026-08-21T02:40:47.085181+09:00
Consent Endowment,,,failed,False,2026-08-23T15:50:38.471158+09:00
Consent Engine,10.0,47.0,success,False,2026-08-17T23:14:41.375835+09:00
Consent Entry,,,failed,False,2026-08-21T00:58:30.042414+09:00
Consent Estimator,,,failed,False,2026-08-27T23:55:30.843972+09:00
Consent Excerpt,,,failed,False,2026-08-21T00:58:25.474774+09:00
Consent Extension,,,failed,False,2026-08-23T16:37:28.808486+09:00
Consent Fare,,,failed,False,2026-08-21T02:08:19.202315+09:00
Consent Fee,320.0,0.0,success,False,2026-08-21T01:51:00.424955+09:00
Consent Feed,,,failed,False,2026-08-19T20:38:46.605593+09:00
Consent Field,,,failed,False,2026-08-23T13:08:46.542285+09:00
Consent File,30.0,0.0,success,False,2026-08-19T20:38:01.262466+09:00
Consent Finder,,,failed,False,2026-08-19T00:00:48.226412+09:00
Consent Fine,,,failed,False,2026-08-23T02:55:55.232894+09:00
Consent Flag,,,failed,False,2026-08-21T00:35:19.738516+09:00
Consent Flow,110.0,8.0,success,False,2026-08-17T21:41:19.053416+09:00
Consent Forge,,,failed,False,2026-08-17T21:30:13.279777+09:00
Consent Form,27100.0,3.0,success,False,2026-08-19T13:31:03.415990+09:00
Consent Format,27100.0,3.0,success,False,2026-08-23T13:08:48.797339+09:00
Consent Frame,,,failed,False,2026-08-17T20:34:07.278551+09:00
Consent Fund,,,failed,False,2026-08-21T02:24:30.364633+09:00
Consent Gate,10.0,12.0,success,False,2026-08-17T20:38:16.946588+09:00
Consent Generator,10.0,27.0,success,False,2026-08-27T23:34:29.939711+09:00
Consent Graph,,,failed,False,2026-08-27T22:08:24.051026+09:00
Consent Grid,,,failed,False,2026-08-17T20:41:15.125085+09:00
Consent Guarantee,,,failed,False,2026-08-28T01:06:43.929748+09:00
Consent Guard,10.0,33.0,success,False,2026-08-17T20:32:30.733040+09:00
Consent Guardian,,,failed,False,2026-08-28T00:25:15.482285+09:00
Consent Guidebook,,,failed,False,2026-08-18T22:05:38.221943+09:00
Consent Helpdesk,,,failed,False,2026-08-27T22:47:20.471641+09:00
Consent Helper,,,failed,False,2026-08-28T00:25:19.923690+09:00
Consent History,30.0,0.0,success,False,2026-08-19T20:37:54.785730+09:00
Consent Hotline,,,failed,False,2026-08-19T21:08:58.951614+09:00
Consent Hub,70.0,13.0,success,False,2026-08-17T21:39:15.761980+09:00
Consent Identifier,,,failed,False,2026-08-23T13:08:40.061584+09:00
Consent Index,,,failed,False,2026-08-19T21:08:05.171033+09:00
Consent Insight,,,failed,False,2026-08-17T23:11:05.439479+09:00
Consent Item,20.0,0.0,success,False,2026-08-21T01:51:06.981175+09:00
Consent Journal,,,failed,False,2026-08-18T22:05:19.741515+09:00
Consent Keeper,,,failed,False,2026-08-17T20:34:31.529799+09:00
Consent Kit,90.0,3.0,success,False,2026-08-27T22:47:08.510624+09:00
Consent Lab,90.0,0.0,success,False,2026-08-17T21:37:17.917122+09:00
Consent Label,,,failed,False,2026-08-27T22:08:26.678137+09:00
Consent Ledger,10.0,1.0,success,False,2026-08-18T07:43:42.936129+09:00
Consent Lens,,,failed,False,2026-08-17T20:34:58.202084+09:00
Consent Level,40.0,1.0,success,False,2026-08-19T20:38:10.418620+09:00
Consent Link,40.0,2.0,success,False,2026-08-23T03:21:04.390216+09:00
Consent List,50.0,0.0,success,False,2026-08-19T21:55:31.155886+09:00
Consent Loan,10.0,0.0,success,False,2026-08-21T02:08:27.719210+09:00
Consent Locator,,,failed,False,2026-08-19T00:00:40.903706+09:00
Consent Lock,,,failed,False,2026-08-17T20:36:55.192509+09:00
Consent Log,30.0,14.0,success,False,2026-08-19T13:30:54.229704+09:00
Consent Loop,,,failed,False,2026-08-17T20:42:04.175878+09:00
Consent Manager,3600.0,36.0,success,False,2026-08-17T20:33:40.236931+09:00
Consent Manual,20.0,0.0,success,False,2026-08-27T22:08:28.855798+09:00
Consent Map,110.0,0.0,success,False,2026-08-17T20:35:55.625501+09:00
Consent Margin,,,failed,False,2026-08-23T02:55:53.099561+09:00
Consent Memo,,,failed,False,2026-08-21T00:35:13.915986+09:00
Consent Message,260.0,0.0,success,False,2026-08-27T23:12:34.540185+09:00
Consent Meter,,,failed,False,2026-08-17T20:46:01.536512+09:00
Consent Metrics,,,failed,False,2026-08-17T23:30:30.158673+09:00
Consent Monitor,,,failed,False,2026-08-17T23:30:16.319777+09:00
Consent Navigator,,,failed,False,2026-08-17T23:12:38.430162+09:00
Consent Nexus,,,failed,False,2026-08-17T20:37:21.758511+09:00
Consent Node,,,failed,False,2026-08-17T20:39:13.606540+09:00
Consent Note,480.0,0.0,success,False,2026-08-19T13:31:59.823844+09:00
Consent Notification,40.0,1.0,success,False,2026-08-27T22:47:06.029080+09:00
Consent Number,70.0,0.0,success,False,2026-08-23T03:20:52.959248+09:00
Consent Office,50.0,0.0,success,False,2026-08-19T00:01:04.506360+09:00
Consent Ops,,,failed,False,2026-08-17T23:31:23.198788+09:00
Consent Order,8100.0,34.0,success,False,2026-08-19T21:54:53.460475+09:00
Consent Organizer,,,failed,False,2026-08-17T23:03:51.188489+09:00
Consent Overdraft,,,failed,False,2026-08-23T15:50:33.287746+09:00
Consent Overdue,,,failed,False,2026-08-27T21:46:18.010185+09:00
Consent Panel,,,failed,False,2026-08-17T20:48:29.594833+09:00
Consent Path,,,failed,False,2026-08-17T20:38:41.975413+09:00
Consent Penalty,,,failed,False,2026-08-23T16:37:26.596455+09:00
Consent Petition,10.0,0.0,success,False,2026-08-21T00:59:50.492128+09:00
Consent Pilot,,,failed,False,2026-08-17T21:37:49.733247+09:00
Consent Plan,,,failed,False,2026-08-21T01:51:12.846846+09:00
Consent Planner,20.0,3.0,success,False,2026-08-17T23:09:27.800960+09:00
Consent Playbook,,,failed,False,2026-08-18T22:05:10.153828+09:00
Consent Point,,,failed,False,2026-08-17T20:37:55.339961+09:00
Consent Portal,40.0,3.0,success,False,2026-08-17T21:31:56.784481+09:00
Consent Preview,,,failed,False,2026-08-28T01:06:41.346901+09:00
Consent Profile,,,failed,False,2026-08-19T13:32:18.631834+09:00
Consent Profit,,,failed,False,2026-08-23T02:55:41.389421+09:00
Consent Pulse,,,failed,False,2026-08-17T20:40:31.600880+09:00
Consent Queue,,,failed,False,2026-08-19T21:08:25.447867+09:00
Consent Radar,,,failed,False,2026-08-17T21:35:41.309233+09:00
Consent Rail,,,failed,False,2026-08-17T20:42:22.378966+09:00
Consent Rate,140.0,2.0,success,False,2026-08-19T20:38:18.738836+09:00
Consent Recap,,,failed,False,2026-08-21T01:02:07.931527+09:00
Consent Receipt,10.0,2.0,success,False,2026-08-19T21:55:14.913375+09:00
Consent Recorder,,,failed,False,2026-08-27T23:34:29.939711+09:00
Consent Register,260.0,0.0,success,False,2026-08-17T23:07:26.971457+09:00
Consent Registry,10.0,3.0,success,False,2026-08-18T22:05:45.987777+09:00
Consent Relay,,,failed,False,2026-08-17T21:34:37.066296+09:00
Consent Reminder,20.0,2.0,success,False,2026-08-19T21:07:45.336017+09:00
Consent Report,20.0,0.0,success,False,2026-08-19T13:30:48.441659+09:00
Consent Repository,,,failed,False,2026-08-27T23:12:39.391295+09:00
Consent Roadmap,,,failed,False,2026-08-18T22:06:29.857370+09:00
Consent Roster,,,failed,False,2026-08-19T00:37:30.886042+09:00
Consent Route,,,failed,False,2026-08-17T20:44:14.789024+09:00
Consent Rule,260.0,1.0,success,False,2026-08-23T03:21:07.842946+09:00
Consent Sale,,,failed,False,2026-08-21T02:24:39.206528+09:00
Consent Sample,90.0,1.0,success,False,2026-08-19T21:56:14.793890+09:00
Consent Scale,,,failed,False,2026-08-17T20:45:14.001779+09:00
Consent Scanner,,,failed,False,2026-08-27T23:55:40.198338+09:00
Consent Scheduler,,,failed,False,2026-08-17T23:30:03.516281+09:00
Consent Scope,,,failed,False,2026-08-17T20:42:51.727520+09:00
Consent Score,,,failed,False,2026-08-19T13:31:50.431005+09:00
Consent Sentry,,,failed,False,2026-08-17T20:35:25.429619+09:00
Consent Sheet,70.0,0.0,success,False,2026-08-19T13:31:24.471816+09:00
Consent Signal,,,failed,False,2026-08-17T20:44:36.649130+09:00
Consent Signature,70.0,2.0,success,False,2026-08-23T13:28:07.800496+09:00
Consent Slip,140.0,0.0,success,False,2026-08-19T21:56:05.092972+09:00
Consent Slot,,,failed,False,2026-08-19T21:56:27.780319+09:00
Consent Snapshot,,,failed,False,2026-08-18T22:05:27.658262+09:00
Consent Stage,,,failed,False,2026-08-28T00:47:53.734178+09:00
Consent Stake,,,failed,False,2026-08-23T02:55:50.022047+09:00
Consent Stamp,,,failed,False,2026-08-23T13:28:07.800496+09:00
Consent Statement,210.0,1.0,success,False,2026-08-21T00:35:07.163921+09:00
Consent Station,,,failed,False,2026-08-17T21:36:17.240271+09:00
Consent Status,110.0,0.0,success,False,2026-08-19T20:37:40.051699+09:00
Consent Studio,390.0,14.0,success,False,2026-08-17T21:38:26.629916+09:00
Consent Subsidy,,,failed,False,2026-08-23T15:50:35.558538+09:00
Consent Suite,,,failed,False,2026-08-17T23:29:29.429883+09:00
Consent Sum,,,failed,False,2026-08-21T02:24:19.138497+09:00
Consent Summary,10.0,0.0,success,False,2026-08-19T21:07:25.102552+09:00
Consent Surtax,,,failed,False,2026-08-23T15:50:40.596656+09:00
Consent Sync,,,failed,False,2026-08-18T07:52:51.639177+09:00
Consent Table,40.0,0.0,success,False,2026-08-19T21:55:44.120814+09:00
Consent Tag,,,failed,False,2026-08-19T13:32:07.571238+09:00
Consent Tariff,,,failed,False,2026-08-21T02:41:02.522533+09:00
Consent Tax,,,failed,False,2026-08-21T02:08:23.223151+09:00
Consent Ticket,30.0,5.0,success,False,2026-08-19T21:08:15.358718+09:00
Consent Timeline,,,failed,False,2026-08-19T21:07:34.937888+09:00
Consent Toll,,,failed,False,2026-08-21T02:40:49.577434+09:00
Consent Toolbox,,,failed,False,2026-08-28T00:25:19.923690+09:00
Consent Toolkit,,,failed,False,2026-08-18T22:04:58.367673+09:00
Consent Total,,,failed,False,2026-08-27T23:12:34.540185+09:00
Consent Tracker,170.0,6.0,success,False,2026-08-18T07:52:40.105947+09:00
Consent Trail,,,failed,False,2026-08-17T20:41:42.376478+09:00
Consent Trend,,,failed,False,2026-08-28T01:06:26.504545+09:00
Consent Trial,,,failed,False,2026-08-27T21:14:19.073158+09:00
Consent Unit,,,failed,False,2026-08-21T01:51:12.065747+09:00
Consent Update,30.0,11.0,success,False,2026-08-19T20:38:26.547735+09:00
Consent Value,10.0,0.0,success,False,2026-08-23T02:55:47.607915+09:00
Consent Vault,20.0,23.0,success,False,2026-08-17T21:33:32.175377+09:00
Consent Version,,,failed,False,2026-08-23T03:21:00.660532+09:00
Consent View,,,failed,False,2026-08-19T20:37:47.819235+09:00
Consent Wallet,10.0,0.0,success,False,2026-08-27T22:47:08.510624+09:00
Consent Watch,,,failed,False,2026-08-17T20:43:51.758171+09:00
Consent Wave,,,failed,False,2026-08-17T20:39:37.454360+09:00
Consent Widget,,,failed,False,2026-08-27T23:12:37.040829+09:00
Consent Workbench,,,failed,False,2026-08-18T22:04:49.273954+09:00
Consent Worksheet,90.0,2.0,success,False,2026-08-27T22:08:33.849782+09:00
Consent Workshop,110.0,3.0,success,False,2026-08-28T00:25:13.091211+09:00
Consent Zone,,,failed,False,2026-08-17T21:33:05.832312+09:00
Constituent Advisory,,,failed,False,2026-08-21T01:03:02.120644+09:00
Constituent Allowance,,,failed,False,2026-08-21T02:42:34.441538+09:00
Constituent Almanac,,,failed,False,2026-08-18T22:11:16.114719+09:00
Constituent Analyzer,,,failed,False,2026-08-27T23:50:54.897553+09:00
Constituent Anchor,,,failed,False,2026-08-17T20:49:39.030080+09:00
Constituent Announcement,,,failed,False,2026-08-27T23:37:16.371136+09:00
Constituent Arrears,,,failed,False,2026-08-23T16:16:38.945846+09:00
Constituent Assistant,10.0,0.0,success,False,2026-08-17T23:08:13.716761+09:00
Constituent Atlas,,,failed,False,2026-08-17T20:38:58.199942+09:00
Constituent Attribute,,,failed,False,2026-08-23T13:08:40.061584+09:00
Constituent Badge,,,failed,False,2026-08-21T00:29:07.557420+09:00
Constituent Base,10.0,0.0,success,False,2026-08-17T20:35:44.075031+09:00
Constituent Beacon,,,failed,False,2026-08-17T21:34:20.474166+09:00
Constituent Blueprint,,,failed,False,2026-08-18T22:11:07.698009+09:00
Constituent Board,10.0,0.0,success,False,2026-08-17T20:32:46.505342+09:00
Constituent Book,10.0,54.0,success,False,2026-08-19T21:50:41.490993+09:00
Constituent Bridge,,,failed,False,2026-08-17T21:31:02.177338+09:00
Constituent Brief,,,failed,False,2026-08-21T01:02:06.881859+09:00
Constituent Bulletin,,,failed,False,2026-08-21T01:02:54.788235+09:00
Constituent Calendar,,,failed,False,2026-08-19T00:04:59.396392+09:00
Constituent Card,10.0,0.0,success,False,2026-08-19T13:37:25.441438+09:00
Constituent Cascade,,,failed,False,2026-08-17T21:32:15.070878+09:00
Constituent Cash,,,failed,False,2026-08-21T02:26:53.610271+09:00
Constituent Catalog,,,failed,False,2026-08-19T21:06:31.890613+09:00
Constituent Category,,,failed,False,2026-08-23T13:08:36.933873+09:00
Constituent Center,,,failed,False,2026-08-17T21:36:57.018160+09:00
Constituent Chain,,,failed,False,2026-08-17T20:43:08.098438+09:00
Constituent Charge,,,failed,False,2026-08-21T02:42:25.352468+09:00
Constituent Check,,,failed,False,2026-08-19T13:37:46.745101+09:00
Constituent Checker,,,failed,False,2026-08-27T23:50:42.966915+09:00
Constituent Checklist,,,failed,False,2026-08-19T21:05:32.048024+09:00
Constituent Circular,,,failed,False,2026-08-21T01:02:59.724963+09:00
Constituent Cockpit,,,failed,False,2026-08-17T23:28:07.981645+09:00
Constituent Code,10.0,0.0,success,False,2026-08-19T21:50:06.175762+09:00
Constituent Codex,,,failed,False,2026-08-18T22:11:34.911588+09:00
Constituent Companion,,,failed,False,2026-08-17T23:06:09.735984+09:00
Constituent Comparison,,,failed,False,2026-08-28T01:01:58.415917+09:00
Constituent Compass,,,failed,False,2026-08-17T21:35:22.295985+09:00
Constituent Compendium,,,failed,False,2026-08-18T22:11:27.427914+09:00
Constituent Confirmation,,,failed,False,2026-08-21T01:03:06.374945+09:00
Constituent Console,,,failed,False,2026-08-17T21:33:45.075228+09:00
Constituent Contribution,,,failed,False,2026-08-23T16:16:35.923082+09:00
Constituent Core,,,failed,False,2026-08-17T20:34:42.726088+09:00
Constituent Cost,,,failed,False,2026-08-21T02:11:04.805408+09:00
Constituent Count,,,failed,False,2026-08-27T22:51:33.320373+09:00
Constituent Counter,,,failed,False,2026-08-19T00:05:31.654702+09:00
Constituent Dashboard,,,failed,False,2026-08-17T23:11:32.053287+09:00
Constituent Deal,,,failed,False,2026-08-21T01:55:42.683026+09:00
Constituent Debt,,,failed,False,2026-08-21T02:26:41.708739+09:00
Constituent Deck,,,failed,False,2026-08-17T20:31:36.969919+09:00
Constituent Depot,,,failed,False,2026-08-19T00:05:21.948366+09:00
Constituent Desk,,,failed,False,2026-08-17T21:40:59.899740+09:00
Constituent Detail,,,failed,False,2026-08-23T03:21:52.337489+09:00
Constituent Dial,,,failed,False,2026-08-17T21:31:39.058447+09:00
Constituent Digest,,,failed,False,2026-08-19T20:49:32.682801+09:00
Constituent Directory,,,failed,False,2026-08-19T00:05:06.053297+09:00
Constituent Discount,,,failed,False,2026-08-23T16:16:35.923082+09:00
Constituent Dock,,,failed,False,2026-08-17T20:45:50.172264+09:00
Constituent Dossier,,,failed,False,2026-08-21T01:03:12.514083+09:00
Constituent Downpayment,,,failed,False,2026-08-27T21:50:17.905826+09:00
Constituent Draft,,,failed,False,2026-08-19T20:37:18.555970+09:00
Constituent Duty,,,failed,False,2026-08-21T02:42:27.655082+09:00
Constituent Engine,,,failed,False,2026-08-17T23:27:09.313673+09:00
Constituent Entry,,,failed,False,2026-08-21T01:03:25.375031+09:00
Constituent Estimate,,,failed,False,2026-08-19T21:06:20.590100+09:00
Constituent Excerpt,,,failed,False,2026-08-21T01:03:20.927802+09:00
Constituent Fare,10.0,,success,False,2026-08-21T02:11:11.149564+09:00
Constituent Fee,,,failed,False,2026-08-21T01:55:12.213842+09:00
Constituent Feed,,,failed,False,2026-08-19T20:49:38.357241+09:00
Constituent Field,,,failed,False,2026-08-23T13:08:44.526296+09:00
Constituent File,,,failed,False,2026-08-19T20:49:09.969574+09:00
Constituent Finder,,,failed,False,2026-08-19T00:05:16.956026+09:00
Constituent Fine,,,failed,False,2026-08-23T02:56:45.800075+09:00
Constituent Flag,,,failed,False,2026-08-21T00:29:58.685573+09:00
Constituent Flow,,,failed,False,2026-08-17T20:32:08.584337+09:00
Constituent Forge,,,failed,False,2026-08-17T21:33:20.961288+09:00
Constituent Form,,,failed,False,2026-08-19T13:37:07.437416+09:00
Constituent Format,,,failed,False,2026-08-23T13:08:46.542285+09:00
Constituent Frame,,,failed,False,2026-08-17T20:36:39.507807+09:00
Constituent Fund,40.0,3.0,success,False,2026-08-21T02:26:43.792522+09:00
Constituent Gate,,,failed,False,2026-08-17T20:40:42.163784+09:00
Constituent Grade,,,failed,False,2026-08-21T00:29:35.718141+09:00
Constituent Graph,,,failed,False,2026-08-27T22:14:45.094035+09:00
Constituent Grid,,,failed,False,2026-08-17T20:43:34.295212+09:00
Constituent Guard,,,failed,False,2026-08-17T20:35:09.040915+09:00
Constituent Guardian,,,failed,False,2026-08-28T00:21:06.843571+09:00
Constituent Guidebook,,,failed,False,2026-08-18T22:10:53.801114+09:00
Constituent Helpdesk,,,failed,False,2026-08-27T22:51:36.322343+09:00
Constituent Helper,,,failed,False,2026-08-28T00:21:11.601666+09:00
Constituent History,,,failed,False,2026-08-19T20:49:04.250848+09:00
Constituent Hotline,,,failed,False,2026-08-19T21:06:41.039569+09:00
Constituent Hub,,,failed,False,2026-08-18T07:52:27.935751+09:00
Constituent Identifier,,,failed,False,2026-08-23T13:08:34.053815+09:00
Constituent Index,,,failed,False,2026-08-19T21:05:44.553245+09:00
Constituent Insight,,,failed,False,2026-08-17T23:27:53.024871+09:00
Constituent Installment,,,failed,False,2026-08-23T16:16:35.923082+09:00
Constituent Interest,,,failed,False,2026-08-23T13:48:04.421871+09:00
Constituent Item,,,failed,False,2026-08-21T01:55:28.445824+09:00
Constituent Journal,,,failed,False,2026-08-18T22:10:36.115087+09:00
Constituent Keeper,,,failed,False,2026-08-17T20:37:08.027448+09:00
Constituent Lab,,,failed,False,2026-08-17T21:41:34.183941+09:00
Constituent Label,,,failed,False,2026-08-27T22:14:48.502479+09:00
Constituent Ledger,10.0,,success,False,2026-08-17T20:33:48.971139+09:00
Constituent Lens,,,failed,False,2026-08-17T20:37:38.706086+09:00
Constituent Level,,,failed,False,2026-08-19T20:49:12.755513+09:00
Constituent Levy,,,failed,False,2026-08-23T13:48:04.421871+09:00
Constituent Link,,,failed,False,2026-08-23T03:21:40.496452+09:00
Constituent List,10.0,0.0,success,False,2026-08-19T21:50:19.457736+09:00
Constituent Loan,,,failed,False,2026-08-21T02:11:18.638927+09:00
Constituent Locator,,,failed,False,2026-08-19T00:05:11.440472+09:00
Constituent Lock,,,failed,False,2026-08-17T20:39:23.919432+09:00
Constituent Log,,,failed,False,2026-08-19T13:36:52.870932+09:00
Constituent Loop,,,failed,False,2026-08-17T20:44:23.108645+09:00
Constituent Manager,,,failed,False,2026-08-17T20:36:11.237181+09:00
Constituent Manual,,,failed,False,2026-08-27T22:14:55.683786+09:00
Constituent Map,720.0,1.0,success,False,2026-08-17T20:38:31.317013+09:00
Constituent Margin,,,failed,False,2026-08-23T02:56:41.108127+09:00
Constituent Memo,,,failed,False,2026-08-21T00:29:45.511428+09:00
Constituent Message,,,failed,False,2026-08-27T23:16:45.468022+09:00
Constituent Meter,,,failed,False,2026-08-17T21:30:30.781560+09:00
Constituent Metrics,,,failed,False,2026-08-17T23:04:17.256447+09:00
Constituent Monitor,,,failed,False,2026-08-17T23:09:57.644305+09:00
Constituent Navigator,,,failed,False,2026-08-17T23:28:22.691550+09:00
Constituent Nexus,,,failed,False,2026-08-17T20:39:52.233588+09:00
Constituent Node,,,failed,False,2026-08-17T20:41:24.809383+09:00
Constituent Note,,,failed,False,2026-08-19T13:38:17.915581+09:00
Constituent Notification,,,failed,False,2026-08-27T22:51:29.683445+09:00
Constituent Number,,,failed,False,2026-08-23T03:21:32.618577+09:00
Constituent Office,20.0,0.0,success,False,2026-08-19T00:05:27.512092+09:00
Constituent Ops,,,failed,False,2026-08-17T23:13:11.418966+09:00
Constituent Order,30.0,0.0,success,False,2026-08-19T21:49:32.440919+09:00
Constituent Organizer,,,failed,False,2026-08-17T23:27:41.420797+09:00
Constituent Overage,,,failed,False,2026-08-27T21:50:15.580858+09:00
Constituent Overdraft,,,failed,False,2026-08-23T15:52:44.896002+09:00
Constituent Overdue,,,failed,False,2026-08-27T21:50:10.340173+09:00
Constituent Panel,,,failed,False,2026-08-17T21:32:50.995270+09:00
Constituent Pass,,,failed,False,2026-08-21T00:28:53.322616+09:00
Constituent Path,,,failed,False,2026-08-17T20:41:03.029394+09:00
Constituent Payoff,,,failed,False,2026-08-27T21:50:13.120936+09:00
Constituent Penalty,,,failed,False,2026-08-23T16:40:05.179166+09:00
Constituent Petition,,,failed,False,2026-08-21T01:02:15.382494+09:00
Constituent Pilot,,,failed,False,2026-08-18T07:52:35.571361+09:00
Constituent Plan,,,failed,False,2026-08-21T01:55:33.628108+09:00
Constituent Planner,,,failed,False,2026-08-17T23:27:23.938977+09:00
Constituent Playbook,,,failed,False,2026-08-18T22:10:27.962314+09:00
Constituent Point,,,failed,False,2026-08-17T20:40:19.019495+09:00
Constituent Portal,,,failed,False,2026-08-17T21:34:53.019649+09:00
Constituent Preview,,,failed,False,2026-08-28T01:01:58.415917+09:00
Constituent Profile,,,failed,False,2026-08-19T13:38:55.423036+09:00
Constituent Profit,,,failed,False,2026-08-23T02:56:32.879910+09:00
Constituent Pulse,,,failed,False,2026-08-17T20:42:40.071307+09:00
Constituent Queue,,,failed,False,2026-08-19T21:06:08.303688+09:00
Constituent Quota,,,failed,False,2026-08-21T00:29:50.648703+09:00
Constituent Radar,,,failed,False,2026-08-17T21:38:40.825363+09:00
Constituent Rail,,,failed,False,2026-08-17T20:44:51.445524+09:00
Constituent Recap,,,failed,False,2026-08-21T01:03:16.580684+09:00
Constituent Receipt,,,failed,False,2026-08-19T21:49:55.952193+09:00
Constituent Recorder,,,failed,False,2026-08-27T23:31:14.136748+09:00
Constituent Register,,,failed,False,2026-08-17T23:28:43.740452+09:00
Constituent Registry,,,failed,False,2026-08-18T22:11:01.803326+09:00
Constituent Relay,,,failed,False,2026-08-17T21:37:32.627735+09:00
Constituent Reminder,,,failed,False,2026-08-19T21:05:18.754911+09:00
Constituent Report,,,failed,False,2026-08-19T13:36:19.763333+09:00
Constituent Repository,,,failed,False,2026-08-27T23:16:53.480733+09:00
Constituent Roadmap,,,failed,False,2026-08-18T22:11:43.174107+09:00
Constituent Roster,,,failed,False,2026-08-19T00:37:30.886042+09:00
Constituent Route,,,failed,False,2026-08-17T20:46:53.844827+09:00
Constituent Rule,,,failed,False,2026-08-23T03:21:47.880193+09:00
Constituent Sale,,,failed,False,2026-08-21T02:26:56.391999+09:00
Constituent Sample,,,failed,False,2026-08-19T21:51:05.479286+09:00
Constituent Scale,,,failed,False,2026-08-17T20:48:13.207047+09:00
Constituent Scheduler,,,failed,False,2026-08-17T23:15:05.132671+09:00
Constituent Scope,,,failed,False,2026-08-17T20:45:26.162726+09:00
Constituent Score,,,failed,False,2026-08-19T13:37:57.164882+09:00
Constituent Sentry,,,failed,False,2026-08-17T20:38:04.703276+09:00
Constituent Sheet,,,failed,False,2026-08-19T13:37:39.358157+09:00
Constituent Shortfall,,,failed,False,2026-08-27T21:50:20.259806+09:00
Constituent Signal,,,failed,False,2026-08-17T20:47:28.313560+09:00
Constituent Signature,,,failed,False,2026-08-23T13:27:59.739210+09:00
Constituent Slip,,,failed,False,2026-08-19T21:50:52.634082+09:00
Constituent Slot,,,failed,False,2026-08-19T21:51:13.518825+09:00
Constituent Snapshot,,,failed,False,2026-08-18T22:10:43.266214+09:00
Constituent Stake,,,failed,False,2026-08-23T02:56:38.023044+09:00
Constituent Statement,,,failed,False,2026-08-21T00:29:21.936028+09:00
Constituent Station,,,failed,False,2026-08-17T21:39:34.435552+09:00
Constituent Status,,,failed,False,2026-08-19T20:48:51.281701+09:00
Constituent Stub,,,failed,False,2026-08-21T00:29:15.711468+09:00
Constituent Studio,,,failed,False,2026-08-18T07:53:01.701423+09:00
Constituent Subsidy,,,failed,False,2026-08-23T15:52:44.896002+09:00
Constituent Suite,,,failed,False,2026-08-17T23:13:28.338167+09:00
Constituent Sum,,,failed,False,2026-08-21T02:26:41.708739+09:00
Constituent Summary,,,failed,False,2026-08-19T21:04:56.454622+09:00
Constituent Surtax,,,failed,False,2026-08-23T15:52:46.857399+09:00
Constituent Sync,,,failed,False,2026-08-17T20:33:21.754611+09:00
Constituent Tab,,,failed,False,2026-08-21T00:30:03.627747+09:00
Constituent Table,,,failed,False,2026-08-19T21:50:30.697464+09:00
Constituent Tag,,,failed,False,2026-08-19T13:38:30.096101+09:00
Constituent Tally,,,failed,False,2026-08-21T00:29:30.583044+09:00
Constituent Tariff,,,failed,False,2026-08-21T02:42:36.894313+09:00
Constituent Tax,,,failed,False,2026-08-21T02:11:15.261095+09:00
Constituent Ticket,,,failed,False,2026-08-19T21:05:57.473217+09:00
Constituent Timeline,,,failed,False,2026-08-19T21:05:05.946905+09:00
Constituent Toll,,,failed,False,2026-08-21T02:42:30.088898+09:00
Constituent Toolbox,,,failed,False,2026-08-28T00:21:09.151755+09:00
Constituent Toolkit,,,failed,False,2026-08-18T22:10:18.505365+09:00
Constituent Total,,,failed,False,2026-08-27T23:16:45.468022+09:00
Constituent Tracker,,,failed,False,2026-08-17T20:34:18.335664+09:00
Constituent Trail,,,failed,False,2026-08-17T20:44:01.266186+09:00
Constituent Trend,,,failed,False,2026-08-28T01:01:55.633503+09:00
Constituent Trial,,,failed,False,2026-08-27T21:19:28.438229+09:00
Constituent Unit,70.0,0.0,success,False,2026-08-21T01:55:30.531800+09:00
Constituent Update,,,failed,False,2026-08-19T20:49:25.973595+09:00
Constituent Value,,,failed,False,2026-08-23T02:56:35.195472+09:00
Constituent Vault,,,failed,False,2026-08-17T21:36:28.444275+09:00
Constituent Version,,,failed,False,2026-08-23T03:21:36.606838+09:00
Constituent View,,,failed,False,2026-08-19T20:48:59.251157+09:00
Constituent Voucher,,,failed,False,2026-08-21T00:29:02.215162+09:00
Constituent Wallet,,,failed,False,2026-08-27T22:51:33.320373+09:00
Constituent Watch,,,failed,False,2026-08-17T20:46:16.531586+09:00
Constituent Wave,,,failed,False,2026-08-17T20:41:54.470071+09:00
Constituent Widget,,,failed,False,2026-08-27T23:16:51.144125+09:00
Constituent Workbench,,,failed,False,2026-08-18T22:10:12.310168+09:00
Constituent Worksheet,,,failed,False,2026-08-27T22:14:59.305692+09:00
Constituent Workshop,,,failed,False,2026-08-28T00:21:06.843571+09:00
Constituent Zone,,,failed,False,2026-08-17T21:35:54.911296+09:00
Consultation Advance,,,failed,False,2026-08-23T16:11:52.886405+09:00
Consultation Advisory,,,failed,False,2026-08-21T00:58:57.845239+09:00
Consultation Allowance,,,failed,False,2026-08-21T02:41:49.318667+09:00
Consultation Almanac,,,failed,False,2026-08-18T22:06:39.446315+09:00
Consultation Analyzer,,,failed,False,2026-08-27T23:56:22.652242+09:00
Consultation Anchor,,,failed,False,2026-08-17T23:23:39.258674+09:00
Consultation Arrears,,,failed,False,2026-08-23T16:11:52.886405+09:00
Consultation Assistant,,,failed,False,2026-08-17T23:30:16.319777+09:00
Consultation Atlas,,,failed,False,2026-08-17T23:29:29.429883+09:00
Consultation Attribute,,,failed,False,2026-08-23T13:09:14.949045+09:00
Consultation Balance,,,failed,False,2026-08-23T13:48:35.211056+09:00
Consultation Base,,,failed,False,2026-08-17T23:26:06.305227+09:00
Consultation Beacon,,,failed,False,2026-08-17T23:33:22.514665+09:00
Consultation Bill,210.0,3.0,success,False,2026-08-19T21:57:11.207151+09:00
Consultation Blueprint,,,failed,False,2026-08-18T22:06:29.857370+09:00
Consultation Board,480.0,2.0,success,False,2026-08-17T23:04:48.646277+09:00
Consultation Book,1600.0,90.0,success,False,2026-08-19T21:58:05.672882+09:00
Consultation Bridge,,,failed,False,2026-08-17T22:51:27.768654+09:00
Consultation Brief,,,failed,False,2026-08-21T00:58:47.378244+09:00
Consultation Bulletin,20.0,0.0,success,False,2026-08-21T00:58:42.850183+09:00
Consultation Cabinet,50.0,9.0,success,False,2026-08-27T23:13:09.078623+09:00
Consultation Calendar,20.0,40.0,success,False,2026-08-19T00:00:56.933054+09:00
Consultation Card,210.0,36.0,success,False,2026-08-19T13:32:23.096151+09:00
Consultation Cascade,,,failed,False,2026-08-17T23:33:40.972373+09:00
Consultation Cash,,,failed,False,2026-08-21T02:25:31.969034+09:00
Consultation Cashback,,,failed,False,2026-08-27T21:14:45.418872+09:00
Consultation Catalog,,,failed,False,2026-08-19T21:11:11.315009+09:00
Consultation Category,,,failed,False,2026-08-23T13:09:12.775055+09:00
Consultation Center,480.0,5.0,success,False,2026-08-17T23:13:41.173741+09:00
Consultation Chain,,,failed,False,2026-08-17T23:06:20.939022+09:00
Consultation Charge,3600.0,1.0,success,False,2026-08-21T02:41:35.267281+09:00
Consultation Check,,,failed,False,2026-08-19T13:32:42.417252+09:00
Consultation Checker,,,failed,False,2026-08-27T23:56:16.956086+09:00
Consultation Checklist,50.0,3.0,success,False,2026-08-19T21:10:16.662476+09:00
Consultation Circular,,,failed,False,2026-08-21T01:00:06.148655+09:00
Consultation Cockpit,,,failed,False,2026-08-17T23:07:47.336176+09:00
Consultation Code,210.0,1.0,success,False,2026-08-19T21:57:31.477256+09:00
Consultation Codex,,,failed,False,2026-08-18T22:06:56.515623+09:00
Consultation Companion,,,failed,False,2026-08-17T23:31:42.326204+09:00
Consultation Comparison,,,failed,False,2026-08-28T01:07:08.336538+09:00
Consultation Compass,,,failed,False,2026-08-17T23:14:22.352504+09:00
Consultation Compendium,,,failed,False,2026-08-18T22:06:47.457116+09:00
Consultation Confirmation,,,failed,False,2026-08-21T00:59:06.391670+09:00
Consultation Console,,,failed,False,2026-08-17T23:27:32.625137+09:00
Consultation Contribution,,,failed,False,2026-08-23T16:11:49.502531+09:00
Consultation Copayment,,,failed,False,2026-08-23T16:37:40.797403+09:00
Consultation Core,,,failed,False,2026-08-17T23:10:28.342550+09:00
Consultation Cost,3600.0,1.0,success,False,2026-08-21T02:09:05.168889+09:00
Consultation Count,,,failed,False,2026-08-27T22:47:42.136854+09:00
Consultation Counter,20.0,0.0,success,False,2026-08-19T00:01:43.287513+09:00
Consultation Coupon,,,failed,False,2026-08-27T21:14:45.418872+09:00
Consultation Dashboard,,,failed,False,2026-08-17T23:31:23.198788+09:00
Consultation Deal,,,failed,False,2026-08-21T01:52:12.646112+09:00
Consultation Debt,720.0,61.0,success,False,2026-08-21T02:25:19.750628+09:00
Consultation Deck,,,failed,False,2026-08-17T23:26:34.514876+09:00
Consultation Depot,,,failed,False,2026-08-19T00:01:30.427864+09:00
Consultation Desk,170.0,98.0,success,False,2026-08-17T23:12:41.358995+09:00
Consultation Detail,,,failed,False,2026-08-23T03:22:03.644415+09:00
Consultation Detector,,,failed,False,2026-08-27T23:56:20.084184+09:00
Consultation Dial,,,failed,False,2026-08-17T23:27:47.140187+09:00
Consultation Digest,,,failed,False,2026-08-19T20:49:38.357241+09:00
Consultation Directory,,,failed,False,2026-08-19T00:01:01.996823+09:00
Consultation Discount,,,failed,False,2026-08-23T16:11:46.377478+09:00
Consultation Dock,,,failed,False,2026-08-17T23:28:13.719643+09:00
Consultation Dossier,110.0,0.0,success,False,2026-08-21T00:59:10.591896+09:00
Consultation Draft,10.0,0.0,success,False,2026-08-19T20:37:31.186118+09:00
Consultation Due,,,failed,False,2026-08-23T15:50:19.459391+09:00
Consultation Duty,,,failed,False,2026-08-21T02:41:38.667611+09:00
Consultation Engine,,,failed,False,2026-08-17T23:04:09.987003+09:00
Consultation Entry,,,failed,False,2026-08-21T00:59:30.115655+09:00
Consultation Estimate,,,failed,False,2026-08-19T21:11:00.361566+09:00
Consultation Estimator,,,failed,False,2026-08-27T23:56:11.954519+09:00
Consultation Excerpt,,,failed,False,2026-08-21T00:59:19.513950+09:00
Consultation Extension,,,failed,False,2026-08-23T16:37:42.888726+09:00
Consultation Fare,,,failed,False,2026-08-21T02:09:12.482274+09:00
Consultation Fee,9900.0,1.0,success,False,2026-08-21T01:51:57.784692+09:00
Consultation Feed,,,failed,False,2026-08-19T20:37:22.627194+09:00
Consultation File,,,failed,False,2026-08-19T20:49:16.530394+09:00
Consultation Finder,10.0,0.0,success,False,2026-08-19T00:01:21.334255+09:00
Consultation Fine,,,failed,False,2026-08-23T02:56:32.879910+09:00
Consultation Flag,,,failed,False,2026-08-21T00:36:08.674469+09:00
Consultation Flow,,,failed,False,2026-08-17T23:32:34.743858+09:00
Consultation Forge,,,failed,False,2026-08-17T23:09:09.172246+09:00
Consultation Form,1600.0,19.0,success,False,2026-08-19T13:32:13.743565+09:00
Consultation Frame,,,failed,False,2026-08-17T23:15:32.901211+09:00
Consultation Fund,,,failed,False,2026-08-21T02:25:24.803683+09:00
Consultation Gate,,,failed,False,2026-08-17T23:29:09.953642+09:00
Consultation Generator,,,failed,False,2026-08-27T23:34:39.372847+09:00
Consultation Giveaway,,,failed,False,2026-08-27T21:14:56.322045+09:00
Consultation Grade,,,failed,False,2026-08-21T00:35:52.521460+09:00
Consultation Graph,,,failed,False,2026-08-27T22:09:01.274163+09:00
Consultation Grid,,,failed,False,2026-08-17T23:12:20.668668+09:00
Consultation Guarantee,,,failed,False,2026-08-28T01:07:13.467074+09:00
Consultation Guard,,,failed,False,2026-08-17T23:03:51.188489+09:00
Consultation Guidebook,,,failed,False,2026-08-18T22:06:12.435541+09:00
Consultation Helpdesk,,,failed,False,2026-08-27T22:47:46.388657+09:00
Consultation Helper,,,failed,False,2026-08-28T00:25:44.811086+09:00
Consultation History,480.0,1.0,success,False,2026-08-19T20:49:09.969574+09:00
Consultation Hotline,10.0,17.0,success,False,2026-08-19T21:11:21.991848+09:00
Consultation Hub,170.0,0.0,success,False,2026-08-17T23:05:34.845009+09:00
Consultation Identifier,,,failed,False,2026-08-23T13:09:10.087594+09:00
Consultation Inbox,,,failed,False,2026-08-19T12:27:54.241154+09:00
Consultation Incentive,,,failed,False,2026-08-27T21:14:54.146372+09:00
Consultation Index,,,failed,False,2026-08-19T21:10:27.505284+09:00
Consultation Insight,110.0,2.0,success,False,2026-08-17T23:13:01.440927+09:00
Consultation Installment,,,failed,False,2026-08-23T16:11:46.377478+09:00
Consultation Item,,,failed,False,2026-08-21T01:51:56.272630+09:00
Consultation Journal,40.0,3.0,success,False,2026-08-18T22:05:53.928204+09:00
Consultation Keeper,,,failed,False,2026-08-17T23:29:43.400125+09:00
Consultation Kit,,,failed,False,2026-08-27T22:47:34.273654+09:00
Consultation Lab,,,failed,False,2026-08-17T23:26:46.063928+09:00
Consultation Label,,,failed,False,2026-08-27T22:09:05.119901+09:00
Consultation Ledger,,,failed,False,2026-08-17T23:26:20.273293+09:00
Consultation Lens,,,failed,False,2026-08-17T23:25:51.814430+09:00
Consultation Level,,,failed,False,2026-08-19T20:49:23.220357+09:00
Consultation Levy,,,failed,False,2026-08-23T13:48:38.413472+09:00
Consultation Link,50.0,0.0,success,False,2026-08-23T03:21:54.482997+09:00
Consultation List,320.0,3.0,success,False,2026-08-19T21:57:44.656511+09:00
Consultation Loan,49500.0,77.0,success,False,2026-08-21T02:09:21.519694+09:00
Consultation Locator,,,failed,False,2026-08-19T00:01:12.720919+09:00
Consultation Lock,,,failed,False,2026-08-17T23:25:33.384672+09:00
Consultation Log,90.0,2.0,success,False,2026-08-19T13:32:07.571238+09:00
Consultation Loop,,,failed,False,2026-08-17T23:24:15.710246+09:00
Consultation Manager,390.0,3.0,success,False,2026-08-17T23:09:50.041087+09:00
Consultation Manual,,,failed,False,2026-08-27T22:09:07.960139+09:00
Consultation Map,20.0,0.0,success,False,2026-08-17T23:08:46.290392+09:00
Consultation Margin,,,failed,False,2026-08-23T02:56:29.364559+09:00
Consultation Markup,,,failed,False,2026-08-23T16:37:40.797403+09:00
Consultation Memo,70.0,0.0,success,False,2026-08-21T00:35:57.334663+09:00
Consultation Message,30.0,2.0,success,False,2026-08-27T23:13:00.467969+09:00
Consultation Meter,,,failed,False,2026-08-17T23:10:06.483021+09:00
Consultation Metrics,,,failed,False,2026-08-17T23:31:10.385394+09:00
Consultation Monitor,,,failed,False,2026-08-17T23:30:45.182553+09:00
Consultation Navigator,,,failed,False,2026-08-17T23:14:41.375835+09:00
Consultation Nexus,,,failed,False,2026-08-17T23:08:04.686791+09:00
Consultation Node,,,failed,False,2026-08-17T23:13:22.671425+09:00
Consultation Note,170.0,3.0,success,False,2026-08-19T13:32:55.447680+09:00
Consultation Notification,,,failed,False,2026-08-27T22:47:34.273654+09:00
Consultation Number,40.0,8.0,success,False,2026-08-23T03:21:47.880193+09:00
Consultation Office,880.0,6.0,success,False,2026-08-19T00:01:35.413805+09:00
Consultation Ops,,,failed,False,2026-08-17T23:32:02.596672+09:00
Consultation Order,,,failed,False,2026-08-19T21:56:59.723896+09:00
Consultation Organizer,,,failed,False,2026-08-17T23:05:59.212452+09:00
Consultation Overdue,,,failed,False,2026-08-27T21:46:30.971214+09:00
Consultation Panel,50.0,0.0,success,False,2026-08-17T23:15:16.385703+09:00
Consultation Path,,,failed,False,2026-08-17T23:24:56.223636+09:00
Consultation Penalty,,,failed,False,2026-08-23T16:37:37.262949+09:00
Consultation Petition,,,failed,False,2026-08-21T00:59:01.913298+09:00
Consultation Pilot,,,failed,False,2026-08-17T23:32:47.059992+09:00
Consultation Plan,260.0,5.0,success,False,2026-08-21T01:52:08.240457+09:00
Consultation Planner,,,failed,False,2026-08-17T23:11:23.614440+09:00
Consultation Playbook,,,failed,False,2026-08-18T22:05:45.987777+09:00
Consultation Point,880.0,1.0,success,False,2026-08-17T23:14:01.287138+09:00
Consultation Portal,30.0,3.0,success,False,2026-08-17T23:08:25.865498+09:00
Consultation Preview,,,failed,False,2026-08-28T01:07:11.009484+09:00
Consultation Profile,20.0,0.0,success,False,2026-08-19T13:33:13.480936+09:00
Consultation Profit,,,failed,False,2026-08-23T02:56:17.565255+09:00
Consultation Proposal,590.0,16.0,success,False,2026-08-28T01:07:11.009484+09:00
Consultation Pulse,,,failed,False,2026-08-17T23:24:36.078713+09:00
Consultation Queue,,,failed,False,2026-08-19T21:10:46.722805+09:00
Consultation Quota,,,failed,False,2026-08-21T00:36:02.867452+09:00
Consultation Radar,30.0,0.0,success,False,2026-08-17T23:32:58.780092+09:00
Consultation Rail,,,failed,False,2026-08-17T23:11:44.690517+09:00
Consultation Rate,3600.0,1.0,success,False,2026-08-19T20:49:25.973595+09:00
Consultation Recap,,,failed,False,2026-08-21T01:00:11.022856+09:00
Consultation Receipt,50.0,23.0,success,False,2026-08-19T21:57:22.115019+09:00
Consultation Recorder,,,failed,False,2026-08-27T23:34:44.753648+09:00
Consultation Register,110.0,5.0,success,False,2026-08-17T23:09:32.191803+09:00
Consultation Registry,,,failed,False,2026-08-18T22:06:20.125556+09:00
Consultation Relay,,,failed,False,2026-08-17T23:07:26.971457+09:00
Consultation Reminder,,,failed,False,2026-08-19T21:10:05.581791+09:00
Consultation Report,1600.0,8.0,success,False,2026-08-19T13:31:59.823844+09:00
Consultation Repository,,,failed,False,2026-08-27T23:13:09.078623+09:00
Consultation Result,30.0,0.0,success,False,2026-08-28T00:48:02.582128+09:00
Consultation Roadmap,,,failed,False,2026-08-18T22:07:05.348378+09:00
Consultation Roster,,,failed,False,2026-08-19T00:37:39.570439+09:00
Consultation Route,,,failed,False,2026-08-17T23:04:25.350258+09:00
Consultation Rule,,,failed,False,2026-08-23T03:22:01.031781+09:00
Consultation Sale,,,failed,False,2026-08-21T02:25:35.476201+09:00
Consultation Sample,,,failed,False,2026-08-19T21:58:24.385772+09:00
Consultation Scale,,,failed,False,2026-08-17T23:28:01.386512+09:00
Consultation Scanner,,,failed,False,2026-08-27T23:56:20.084184+09:00
Consultation Scheduler,,,failed,False,2026-08-17T23:30:30.158673+09:00
Consultation Scope,,,failed,False,2026-08-17T23:05:11.266926+09:00
Consultation Score,,,failed,False,2026-08-19T13:32:49.484496+09:00
Consultation Sentry,,,failed,False,2026-08-17T23:14:57.452489+09:00
Consultation Sheet,210.0,28.0,success,False,2026-08-19T13:32:37.235735+09:00
Consultation Signal,,,failed,False,2026-08-17T23:10:45.795183+09:00
Consultation Signature,,,failed,False,2026-08-23T13:28:15.741943+09:00
Consultation Slip,40.0,12.0,success,False,2026-08-19T21:58:14.220154+09:00
Consultation Slot,,,failed,False,2026-08-19T21:58:32.626205+09:00
Consultation Snapshot,,,failed,False,2026-08-18T22:06:01.196080+09:00
Consultation Stage,70.0,6.0,success,False,2026-08-28T00:47:59.038217+09:00
Consultation Stake,,,failed,False,2026-08-23T02:56:26.483203+09:00
Consultation Statement,10.0,0.0,success,False,2026-08-21T00:35:43.096296+09:00
Consultation Station,,,failed,False,2026-08-17T23:06:41.076830+09:00
Consultation Status,,,failed,False,2026-08-19T20:49:01.783681+09:00
Consultation Stipend,,,failed,False,2026-08-23T13:48:38.413472+09:00
Consultation Stub,,,failed,False,2026-08-21T00:35:36.889482+09:00
Consultation Studio,,,failed,False,2026-08-17T23:12:02.312580+09:00
Consultation Subsidy,,,failed,False,2026-08-23T15:50:23.768923+09:00
Consultation Suite,90.0,4.0,success,False,2026-08-17T23:30:01.630713+09:00
Consultation Sum,,,failed,False,2026-08-21T02:25:13.538662+09:00
Consultation Summary,140.0,0.0,success,False,2026-08-19T21:09:36.551386+09:00
Consultation Sync,,,failed,False,2026-08-17T23:11:05.439479+09:00
Consultation Tab,,,failed,False,2026-08-21T00:36:14.044141+09:00
Consultation Table,720.0,100.0,success,False,2026-08-19T21:57:53.749303+09:00
Consultation Tag,10.0,0.0,success,False,2026-08-19T13:33:05.427843+09:00
Consultation Tally,,,failed,False,2026-08-21T00:35:46.572141+09:00
Consultation Tariff,,,failed,False,2026-08-21T02:41:51.779430+09:00
Consultation Tax,33100.0,15.0,success,False,2026-08-21T02:09:16.825512+09:00
Consultation Ticket,,,failed,False,2026-08-19T21:10:34.981799+09:00
Consultation Timeline,170.0,1.0,success,False,2026-08-19T21:09:48.311531+09:00
Consultation Timer,,,failed,False,2026-08-28T00:25:34.855882+09:00
Consultation Token,,,failed,False,2026-08-23T13:28:15.741943+09:00
Consultation Toll,,,failed,False,2026-08-21T02:41:45.973513+09:00
Consultation Toolbox,,,failed,False,2026-08-28T00:25:42.430031+09:00
Consultation Toolkit,320.0,18.0,success,False,2026-08-18T22:05:35.647018+09:00
Consultation Total,,,failed,False,2026-08-27T23:13:03.121922+09:00
Consultation Tracker,30.0,0.0,success,False,2026-08-17T23:32:18.106895+09:00
Consultation Trail,,,failed,False,2026-08-17T23:28:34.893276+09:00
Consultation Trend,,,failed,False,2026-08-28T01:07:05.829192+09:00
Consultation Trial,,,failed,False,2026-08-27T21:14:49.306471+09:00
Consultation Unit,,,failed,False,2026-08-21T01:52:06.168283+09:00
Consultation Update,,,failed,False,2026-08-19T20:49:32.682801+09:00
Consultation Value,,,failed,False,2026-08-23T02:56:24.253545+09:00
Consultation Vault,,,failed,False,2026-08-17T23:33:11.202195+09:00
Consultation Version,,,failed,False,2026-08-23T03:21:52.337489+09:00
Consultation View,,,failed,False,2026-08-19T20:49:06.260858+09:00
Consultation Voucher,,,failed,False,2026-08-21T00:35:29.281212+09:00
Consultation Watch,,,failed,False,2026-08-17T23:23:57.574570+09:00
Consultation Wave,10.0,0.0,success,False,2026-08-17T23:07:02.817989+09:00
Consultation Widget,,,failed,False,2026-08-27T23:13:06.155067+09:00
Consultation Workbench,,,failed,False,2026-08-18T22:05:27.658262+09:00
Consultation Worksheet,,,failed,False,2026-08-27T22:09:13.645963+09:00
Consultation Workshop,210.0,16.0,success,False,2026-08-28T00:25:39.840423+09:00
Consultation Zone,30.0,0.0,success,False,2026-08-17T23:27:19.198277+09:00
Consumption Advance,,,failed,False,2026-08-23T16:11:49.502531+09:00
Consumption Advisory,,,failed,False,2026-08-21T01:07:33.646226+09:00
Consumption Allowance,390.0,0.0,success,False,2026-08-21T02:45:13.542612+09:00
Consumption Almanac,,,failed,False,2026-08-18T22:05:57.658157+09:00
Consumption Analyzer,,,failed,False,2026-08-27T23:53:16.393422+09:00
Consumption Anchor,,,failed,False,2026-08-17T21:30:27.922058+09:00
Consumption Arrears,,,failed,False,2026-08-23T16:11:46.377478+09:00
Consumption Assistant,,,failed,False,2026-08-17T23:14:07.437972+09:00
Consumption Atlas,,,failed,False,2026-08-17T20:39:20.129592+09:00
Consumption Badge,,,failed,False,2026-08-21T00:34:23.360801+09:00
Consumption Balance,,,failed,False,2026-08-23T13:45:33.532917+09:00
Consumption Base,10.0,0.0,success,False,2026-08-17T20:36:06.570384+09:00
Consumption Beacon,,,failed,False,2026-08-17T21:34:50.586670+09:00
Consumption Bill,90.0,14.0,success,False,2026-08-19T21:59:04.972402+09:00
Consumption Blueprint,,,failed,False,2026-08-18T22:05:47.884963+09:00
Consumption Board,,,failed,False,2026-08-17T20:33:18.087238+09:00
Consumption Book,480.0,46.0,success,False,2026-08-19T21:59:55.438905+09:00
Consumption Bridge,,,failed,False,2026-08-17T21:31:35.848823+09:00
Consumption Brief,,,failed,False,2026-08-21T01:07:24.154176+09:00
Consumption Bulletin,,,failed,False,2026-08-21T01:07:19.627545+09:00
Consumption Calculator,590.0,1.0,success,False,2026-08-27T23:33:24.139257+09:00
Consumption Calendar,,,failed,False,2026-08-19T00:02:48.631996+09:00
Consumption Card,50.0,0.0,success,False,2026-08-19T13:28:08.778125+09:00
Consumption Cascade,,,failed,False,2026-08-17T21:32:47.122898+09:00
Consumption Cash,,,failed,False,2026-08-21T02:30:12.359355+09:00
Consumption Cashback,20.0,,success,False,2026-08-27T21:14:09.355453+09:00
Consumption Catalog,,,failed,False,2026-08-19T21:16:08.184183+09:00
Consumption Center,10.0,0.0,success,False,2026-08-17T21:37:30.311680+09:00
Consumption Chain,50.0,0.0,success,False,2026-08-17T20:43:30.530213+09:00
Consumption Charge,90.0,1.0,success,False,2026-08-21T02:45:04.527835+09:00
Consumption Chart,50.0,0.0,success,False,2026-08-19T12:23:40.274403+09:00
Consumption Check,10.0,0.0,success,False,2026-08-19T13:28:26.877196+09:00
Consumption Checker,,,failed,False,2026-08-27T23:53:00.851680+09:00
Consumption Checklist,,,failed,False,2026-08-19T21:15:13.442141+09:00
Consumption Circular,,,failed,False,2026-08-21T01:07:29.159320+09:00
Consumption Cockpit,,,failed,False,2026-08-17T23:23:45.943375+09:00
Consumption Code,10.0,0.0,success,False,2026-08-19T21:59:26.927876+09:00
Consumption Codex,,,failed,False,2026-08-18T22:06:16.619003+09:00
Consumption Companion,,,failed,False,2026-08-17T23:12:08.094400+09:00
Consumption Comparison,10.0,0.0,success,False,2026-08-28T01:03:43.206787+09:00
Consumption Compass,,,failed,False,2026-08-17T21:35:52.306880+09:00
Consumption Compendium,,,failed,False,2026-08-18T22:06:05.649081+09:00
Consumption Confirmation,,,failed,False,2026-08-21T01:07:41.387893+09:00
Consumption Console,,,failed,False,2026-08-17T21:34:17.965302+09:00
Consumption Converter,20.0,0.0,success,False,2026-08-27T23:33:24.139257+09:00
Consumption Core,50.0,0.0,success,False,2026-08-17T20:35:08.080059+09:00
Consumption Cost,140.0,0.0,success,False,2026-08-21T02:14:13.791830+09:00
Consumption Counter,,,failed,False,2026-08-19T00:03:31.307926+09:00
Consumption Coupon,50.0,4.0,success,False,2026-08-27T21:14:04.974327+09:00
Consumption Dashboard,30.0,3.0,success,False,2026-08-17T23:04:56.078956+09:00
Consumption Deal,,,failed,False,2026-08-21T01:58:53.203684+09:00
Consumption Debt,20.0,1.0,success,False,2026-08-21T02:30:00.318623+09:00
Consumption Deck,,,failed,False,2026-08-17T20:32:07.300250+09:00
Consumption Depot,,,failed,False,2026-08-19T00:03:16.369023+09:00
Consumption Desk,,,failed,False,2026-08-17T21:41:31.698252+09:00
Consumption Detail,,,failed,False,2026-08-23T03:24:46.219726+09:00
Consumption Detector,,,failed,False,2026-08-27T23:53:12.173263+09:00
Consumption Dial,,,failed,False,2026-08-17T21:32:11.115049+09:00
Consumption Digest,,,failed,False,2026-08-19T20:43:52.054689+09:00
Consumption Directory,,,failed,False,2026-08-19T00:02:56.248931+09:00
Consumption Discount,,,failed,False,2026-08-23T16:11:44.096297+09:00
Consumption Dock,,,failed,False,2026-08-17T20:46:14.149623+09:00
Consumption Dossier,,,failed,False,2026-08-21T01:07:45.419245+09:00
Consumption Draft,,,failed,False,2026-08-19T20:44:03.742658+09:00
Consumption Due,,,failed,False,2026-08-23T15:50:28.386707+09:00
Consumption Duty,,,failed,False,2026-08-21T02:45:09.656384+09:00
Consumption Endowment,,,failed,False,2026-08-23T15:50:35.558538+09:00
Consumption Engine,40.0,0.0,success,False,2026-08-17T23:33:03.029797+09:00
Consumption Entry,90.0,0.0,success,False,2026-08-21T01:07:56.327187+09:00
Consumption Estimate,,,failed,False,2026-08-19T21:15:58.285929+09:00
Consumption Estimator,,,failed,False,2026-08-27T23:52:57.703687+09:00
Consumption Excerpt,,,failed,False,2026-08-21T01:07:51.915989+09:00
Consumption Extension,,,failed,False,2026-08-23T16:37:34.255373+09:00
Consumption Fare,,,failed,False,2026-08-21T02:14:16.325639+09:00
Consumption Fee,30.0,0.0,success,False,2026-08-21T01:58:38.358988+09:00
Consumption Feed,,,failed,False,2026-08-19T20:43:57.147560+09:00
Consumption File,,,failed,False,2026-08-19T20:43:22.271749+09:00
Consumption Finder,,,failed,False,2026-08-19T00:03:09.712807+09:00
Consumption Fine,,,failed,False,2026-08-23T02:58:43.358109+09:00
Consumption Flag,,,failed,False,2026-08-21T00:34:57.023815+09:00
Consumption Flow,10.0,0.0,success,False,2026-08-17T20:32:44.310093+09:00
Consumption Forge,,,failed,False,2026-08-17T21:33:42.291802+09:00
Consumption Form,20.0,0.0,success,False,2026-08-19T13:28:00.720814+09:00
Consumption Frame,,,failed,False,2026-08-17T20:37:03.531282+09:00
Consumption Fund,1300.0,3.0,success,False,2026-08-21T02:30:08.779542+09:00
Consumption Gate,,,failed,False,2026-08-17T20:41:01.819842+09:00
Consumption Giveaway,,,failed,False,2026-08-27T21:14:11.708321+09:00
Consumption Grade,,,failed,False,2026-08-21T00:34:42.810397+09:00
Consumption Graph,170.0,0.0,success,False,2026-08-27T22:08:00.127291+09:00
Consumption Grid,10.0,,success,False,2026-08-17T20:43:58.581518+09:00
Consumption Guard,,,failed,False,2026-08-17T20:35:38.392873+09:00
Consumption Guardian,,,failed,False,2026-08-28T00:23:08.180984+09:00
Consumption Guidebook,,,failed,False,2026-08-18T22:05:32.001911+09:00
Consumption Helpdesk,,,failed,False,2026-08-27T22:46:08.024081+09:00
Consumption Helper,,,failed,False,2026-08-28T00:23:11.653599+09:00
Consumption History,110.0,0.0,success,False,2026-08-19T20:43:16.240040+09:00
Consumption Hotline,,,failed,False,2026-08-19T21:16:19.911294+09:00
Consumption Hub,,,failed,False,2026-08-17T20:31:33.560642+09:00
Consumption Identifier,,,failed,False,2026-08-23T13:04:45.223955+09:00
Consumption Incentive,,,failed,False,2026-08-27T21:14:11.708321+09:00
Consumption Index,12100.0,1.0,success,False,2026-08-19T21:15:25.328836+09:00
Consumption Insight,,,failed,False,2026-08-17T23:23:26.681151+09:00
Consumption Installment,,,failed,False,2026-08-23T16:11:44.096297+09:00
Consumption Item,90.0,0.0,success,False,2026-08-21T01:58:41.656184+09:00
Consumption Journal,30.0,0.0,success,False,2026-08-18T22:05:13.758359+09:00
Consumption Keeper,,,failed,False,2026-08-17T20:37:32.011303+09:00
Consumption Lab,,,failed,False,2026-08-18T07:52:35.571361+09:00
Consumption Label,,,failed,False,2026-08-27T22:08:02.909734+09:00
Consumption Ledger,,,failed,False,2026-08-17T20:34:16.019094+09:00
Consumption Lens,,,failed,False,2026-08-17T20:38:03.705761+09:00
Consumption Level,140.0,0.0,success,False,2026-08-19T20:43:28.887944+09:00
Consumption Levy,,,failed,False,2026-08-23T13:45:39.021067+09:00
Consumption Link,,,failed,False,2026-08-23T03:24:40.640287+09:00
Consumption List,50.0,0.0,success,False,2026-08-19T21:59:35.883958+09:00
Consumption Loan,320.0,7.0,success,False,2026-08-21T02:14:24.666160+09:00
Consumption Locator,,,failed,False,2026-08-19T00:03:01.180289+09:00
Consumption Lock,,,failed,False,2026-08-17T20:39:49.091027+09:00
Consumption Log,30.0,0.0,success,False,2026-08-19T13:27:53.720083+09:00
Consumption Loop,,,failed,False,2026-08-17T20:44:45.631544+09:00
Consumption Manager,,,failed,False,2026-08-17T20:36:35.862750+09:00
Consumption Manual,,,failed,False,2026-08-27T22:08:06.352004+09:00
Consumption Map,30.0,0.0,success,False,2026-08-17T20:38:53.767345+09:00
Consumption Marker,,,failed,False,2026-08-23T13:26:22.288872+09:00
Consumption Markup,,,failed,False,2026-08-23T16:37:31.309501+09:00
Consumption Memo,,,failed,False,2026-08-21T00:34:47.254019+09:00
Consumption Message,,,failed,False,2026-08-27T23:11:19.629691+09:00
Consumption Meter,260.0,91.0,success,False,2026-08-17T21:31:00.206645+09:00
Consumption Metrics,20.0,0.0,success,False,2026-08-17T23:10:35.067749+09:00
Consumption Monitor,70.0,55.0,success,False,2026-08-17T22:48:03.176041+09:00
Consumption Navigator,,,failed,False,2026-08-17T23:24:03.266981+09:00
Consumption Nexus,,,failed,False,2026-08-17T20:40:15.034726+09:00
Consumption Node,,,failed,False,2026-08-17T20:41:50.983322+09:00
Consumption Note,,,failed,False,2026-08-19T13:28:50.400701+09:00
Consumption Notification,,,failed,False,2026-08-27T22:45:58.509654+09:00
Consumption Number,,,failed,False,2026-08-23T03:24:33.433692+09:00
Consumption Office,,,failed,False,2026-08-19T00:03:23.645450+09:00
Consumption Ops,,,failed,False,2026-08-17T23:06:48.111245+09:00
Consumption Order,,,failed,False,2026-08-19T21:58:56.766000+09:00
Consumption Organizer,,,failed,False,2026-08-17T23:33:28.426699+09:00
Consumption Overage,,,failed,False,2026-08-27T21:46:15.571619+09:00
Consumption Overdraft,,,failed,False,2026-08-23T15:50:30.977463+09:00
Consumption Overdue,,,failed,False,2026-08-27T21:46:13.321425+09:00
Consumption Panel,,,failed,False,2026-08-17T21:33:17.550972+09:00
Consumption Pass,10.0,0.0,success,False,2026-08-21T00:34:14.211470+09:00
Consumption Path,10.0,0.0,success,False,2026-08-17T20:41:20.787117+09:00
Consumption Penalty,,,failed,False,2026-08-23T16:37:31.309501+09:00
Consumption Petition,,,failed,False,2026-08-21T01:07:35.741700+09:00
Consumption Pilot,,,failed,False,2026-08-18T07:43:49.584727+09:00
Consumption Plan,140.0,1.0,success,False,2026-08-21T01:58:46.875681+09:00
Consumption Planner,,,failed,False,2026-08-17T23:33:15.463532+09:00
Consumption Playbook,,,failed,False,2026-08-18T22:05:02.516248+09:00
Consumption Point,110.0,0.0,success,False,2026-08-17T20:40:41.186342+09:00
Consumption Portal,,,failed,False,2026-08-17T21:35:20.515813+09:00
Consumption Preview,,,failed,False,2026-08-28T01:03:43.206787+09:00
Consumption Profile,20.0,0.0,success,False,2026-08-19T13:29:07.755274+09:00
Consumption Profit,,,failed,False,2026-08-23T02:58:33.536123+09:00
Consumption Proposal,,,failed,False,2026-08-28T01:03:45.781044+09:00
Consumption Pulse,,,failed,False,2026-08-17T20:43:05.974432+09:00
Consumption Queue,,,failed,False,2026-08-19T21:15:46.366866+09:00
Consumption Quota,,,failed,False,2026-08-21T00:34:51.514854+09:00
Consumption Radar,,,failed,False,2026-08-17T21:39:28.354494+09:00
Consumption Rail,,,failed,False,2026-08-17T20:45:24.269018+09:00
Consumption Rank,,,failed,False,2026-08-28T00:46:47.850580+09:00
Consumption Rate,390.0,0.0,success,False,2026-08-19T20:43:39.981777+09:00
Consumption Recap,,,failed,False,2026-08-21T01:07:47.643040+09:00
Consumption Receipt,,,failed,False,2026-08-19T21:59:12.539055+09:00
Consumption Recorder,,,failed,False,2026-08-27T23:33:24.139257+09:00
Consumption Register,90.0,0.0,success,False,2026-08-17T23:24:26.895595+09:00
Consumption Registry,,,failed,False,2026-08-18T22:05:40.235062+09:00
Consumption Relay,,,failed,False,2026-08-17T21:38:03.717082+09:00
Consumption Reminder,40.0,0.0,success,False,2026-08-19T21:15:02.782218+09:00
Consumption Report,390.0,0.0,success,False,2026-08-19T13:27:42.741110+09:00
Consumption Repository,,,failed,False,2026-08-27T23:11:25.184143+09:00
Consumption Roadmap,,,failed,False,2026-08-18T22:06:25.984558+09:00
Consumption Route,,,failed,False,2026-08-17T20:47:25.656493+09:00
Consumption Rule,,,failed,False,2026-08-23T03:24:42.957554+09:00
Consumption Sale,,,failed,False,2026-08-21T02:30:16.403499+09:00
Consumption Sample,,,failed,False,2026-08-19T22:00:20.280558+09:00
Consumption Scale,10.0,0.0,success,False,2026-08-17T20:48:44.119140+09:00
Consumption Scanner,,,failed,False,2026-08-27T23:53:07.557701+09:00
Consumption Scheduler,,,failed,False,2026-08-17T23:08:54.682716+09:00
Consumption Scope,,,failed,False,2026-08-17T20:45:48.787557+09:00
Consumption Score,,,failed,False,2026-08-19T13:28:41.334086+09:00
Consumption Sentry,,,failed,False,2026-08-17T20:38:26.412397+09:00
Consumption Sheet,90.0,0.0,success,False,2026-08-19T13:28:15.783876+09:00
Consumption Shortfall,,,failed,False,2026-08-27T21:46:15.571619+09:00
Consumption Signal,,,failed,False,2026-08-17T20:48:09.439521+09:00
Consumption Signature,,,failed,False,2026-08-23T13:26:19.905298+09:00
Consumption Slip,,,failed,False,2026-08-19T22:00:08.446877+09:00
Consumption Slot,,,failed,False,2026-08-19T22:00:29.201659+09:00
Consumption Snapshot,,,failed,False,2026-08-18T22:05:21.769406+09:00
Consumption Stake,,,failed,False,2026-08-23T02:58:39.272586+09:00
Consumption Stamp,,,failed,False,2026-08-23T13:26:27.447056+09:00
Consumption Statement,30.0,0.0,success,False,2026-08-21T00:34:32.979761+09:00
Consumption Station,,,failed,False,2026-08-17T21:40:51.783967+09:00
Consumption Status,90.0,0.0,success,False,2026-08-19T20:43:01.232728+09:00
Consumption Streak,,,failed,False,2026-08-28T00:46:44.536375+09:00
Consumption Stub,,,failed,False,2026-08-21T00:34:27.900194+09:00
Consumption Studio,,,failed,False,2026-08-18T07:52:25.028656+09:00
Consumption Subsidy,50.0,0.0,success,False,2026-08-23T15:50:33.287746+09:00
Consumption Suite,,,failed,False,2026-08-17T23:07:11.054257+09:00
Consumption Sum,,,failed,False,2026-08-21T02:29:56.209810+09:00
Consumption Summary,10.0,0.0,success,False,2026-08-19T21:14:36.641890+09:00
Consumption Surtax,,,failed,False,2026-08-23T15:50:38.471158+09:00
Consumption Sync,,,failed,False,2026-08-17T20:33:47.539654+09:00
Consumption Tab,40.0,0.0,success,False,2026-08-21T00:34:59.250399+09:00
Consumption Table,70.0,0.0,success,False,2026-08-19T21:59:46.400279+09:00
Consumption Tag,,,failed,False,2026-08-19T13:28:58.111204+09:00
Consumption Tally,,,failed,False,2026-08-21T00:34:38.752919+09:00
Consumption Tariff,20.0,0.0,success,False,2026-08-21T02:45:16.049005+09:00
Consumption Tax,4400.0,0.0,success,True,2026-08-21T02:14:19.948102+09:00
Consumption Ticket,10.0,0.0,success,False,2026-08-19T21:15:37.050210+09:00
Consumption Tier,,,failed,False,2026-08-28T00:46:44.536375+09:00
Consumption Timeline,,,failed,False,2026-08-19T21:14:46.806152+09:00
Consumption Timer,,,failed,False,2026-08-28T00:23:02.722044+09:00
Consumption Token,,,failed,False,2026-08-23T13:26:17.496993+09:00
Consumption Toll,,,failed,False,2026-08-21T02:45:09.656384+09:00
Consumption Toolbox,20.0,1.0,success,False,2026-08-28T00:23:08.180984+09:00
Consumption Toolkit,,,failed,False,2026-08-18T22:04:51.222507+09:00
Consumption Total,,,failed,False,2026-08-27T23:11:19.629691+09:00
Consumption Tracker,50.0,2.0,success,False,2026-08-17T20:34:40.569545+09:00
Consumption Trail,,,failed,False,2026-08-17T20:44:22.162347+09:00
Consumption Trend,210.0,5.0,success,False,2026-08-28T01:03:40.758183+09:00
Consumption Trial,,,failed,False,2026-08-27T21:14:09.355453+09:00
Consumption Unit,480.0,0.0,success,False,2026-08-21T01:58:44.645317+09:00
Consumption Update,,,failed,False,2026-08-19T20:43:44.541784+09:00
Consumption Value,140.0,0.0,success,False,2026-08-23T02:58:35.873995+09:00
Consumption Vault,,,failed,False,2026-08-17T21:36:52.396982+09:00
Consumption Version,,,failed,False,2026-08-23T03:24:36.035969+09:00
Consumption View,30.0,2.0,success,False,2026-08-19T20:43:08.672141+09:00
Consumption Voucher,90.0,1.0,success,False,2026-08-21T00:34:18.922168+09:00
Consumption Watch,,,failed,False,2026-08-17T20:46:51.703605+09:00
Consumption Wave,,,failed,False,2026-08-17T20:42:11.427186+09:00
Consumption Widget,,,failed,False,2026-08-27T23:11:21.967752+09:00
Consumption Workbench,,,failed,False,2026-08-18T22:04:42.771017+09:00
Consumption Worksheet,,,failed,False,2026-08-27T22:08:10.673360+09:00
Consumption Workshop,,,failed,False,2026-08-28T00:23:05.201958+09:00
Consumption Zone,,,failed,False,2026-08-17T21:36:26.445152+09:00
Contact Advisory,,,failed,False,2026-08-21T01:20:42.577799+09:00
Contact Alert,40.0,2.0,success,False,2026-08-21T01:16:05.290341+09:00
Contact Allowance,,,failed,False,2026-08-21T02:45:36.117852+09:00
Contact Analyzer,10.0,13.0,success,False,2026-08-27T23:55:28.059641+09:00
Contact Assistant,140.0,0.0,success,False,2026-08-21T01:25:18.594939+09:00
Contact Atlas,1600.0,2.0,success,False,2026-08-21T01:25:18.594939+09:00
Contact Attribute,,,failed,False,2026-08-23T13:06:54.038616+09:00
Contact Badge,20.0,0.0,success,False,2026-08-21T01:19:54.964370+09:00
Contact Balance,70.0,1.0,success,False,2026-08-23T13:47:38.660404+09:00
Contact Base,720.0,10.0,success,False,2026-08-21T01:22:59.410874+09:00
Contact Beacon,260.0,1.0,success,False,2026-08-21T01:21:49.678224+09:00
Contact Bill,210.0,4.0,success,False,2026-08-21T01:19:07.466825+09:00
Contact Bin,390.0,0.0,success,False,2026-08-21T01:16:15.267590+09:00
Contact Board,170.0,4.0,success,False,2026-08-21T01:23:58.157406+09:00
Contact Booth,,,failed,False,2026-08-21T01:26:31.620928+09:00
Contact Bridge,390.0,1.0,success,False,2026-08-21T01:22:01.103254+09:00
Contact Brief,70.0,0.0,success,False,2026-08-21T01:20:34.277114+09:00
Contact Bulletin,,,failed,False,2026-08-21T01:20:28.588615+09:00
Contact Cabinet,170.0,20.0,success,False,2026-08-27T23:12:05.738890+09:00
Contact Calendar,1000.0,0.0,success,True,2026-08-21T01:26:01.379135+09:00
Contact Card,5400.0,56.0,success,False,2026-08-21T01:17:06.015996+09:00
Contact Cascade,170.0,1.0,success,False,2026-08-21T01:21:56.845957+09:00
Contact Cash,390.0,3.0,success,False,2026-08-21T02:29:19.301672+09:00
Contact Category,30.0,0.0,success,False,2026-08-23T13:06:51.579478+09:00
Contact Center,27100.0,17.0,success,False,2026-08-21T01:23:58.157406+09:00
Contact Chain,40.0,0.0,success,False,2026-08-21T01:25:18.594939+09:00
Contact Charge,1300.0,4.0,success,False,2026-08-21T02:45:25.368857+09:00
Contact Chart,70.0,9.0,success,False,2026-08-21T01:16:10.496497+09:00
Contact Check,590.0,14.0,success,False,2026-08-21T01:17:22.537676+09:00
Contact Checker,590.0,14.0,success,False,2026-08-27T23:55:21.576264+09:00
Contact Circular,,,failed,False,2026-08-21T01:20:36.811619+09:00
Contact Code,480.0,6.0,success,False,2026-08-21T01:19:16.110446+09:00
Contact Companion,10.0,20.0,success,False,2026-08-21T01:25:39.259226+09:00
Contact Comparison,20.0,67.0,success,False,2026-08-28T01:06:51.354656+09:00
Contact Compass,1600.0,0.0,success,True,2026-08-21T01:21:42.147576+09:00
Contact Confirmation,30.0,2.0,success,False,2026-08-21T01:20:51.576504+09:00
Contact Console,,,failed,False,2026-08-21T01:23:58.157406+09:00
Contact Converter,260.0,3.0,success,False,2026-08-27T23:34:06.441052+09:00
Contact Core,140.0,86.0,success,False,2026-08-21T01:23:03.958708+09:00
Contact Cost,5400.0,100.0,success,False,2026-08-21T02:12:10.627447+09:00
Contact Count,70.0,2.0,success,False,2026-08-27T22:46:29.671446+09:00
Contact Counter,70.0,2.0,success,False,2026-08-21T01:26:19.673494+09:00
Contact Deal,1000.0,100.0,success,False,2026-08-21T01:55:41.069694+09:00
Contact Debt,30.0,23.0,success,False,2026-08-21T02:29:11.262958+09:00
Contact Deck,,,failed,False,2026-08-21T01:23:58.157406+09:00
Contact Desk,70.0,21.0,success,False,2026-08-21T01:21:27.496774+09:00
Contact Detail,18100.0,2.0,success,False,2026-08-23T03:17:17.631472+09:00
Contact Detector,90.0,22.0,success,False,2026-08-27T23:55:24.915525+09:00
Contact Directory,880.0,2.0,success,False,2026-08-21T01:26:04.709927+09:00
Contact Draft,10.0,2.0,success,False,2026-08-21T01:18:23.588658+09:00
Contact Due,,,failed,False,2026-08-23T15:52:37.821939+09:00
Contact Duty,10.0,0.0,success,False,2026-08-21T02:45:28.044980+09:00
Contact Engine,260.0,34.0,success,False,2026-08-21T01:25:18.594939+09:00
Contact Entry,20.0,0.0,success,False,2026-08-21T01:21:04.299416+09:00
Contact Estimate,10.0,14.0,success,False,2026-08-21T01:18:56.365360+09:00
Contact Estimator,,,failed,False,2026-08-27T23:55:17.807220+09:00
Contact Extension,260.0,14.0,success,False,2026-08-23T16:40:16.940020+09:00
Contact Fare,10.0,0.0,success,False,2026-08-21T02:12:19.408855+09:00
Contact Fee,70.0,7.0,success,False,2026-08-21T01:55:30.531800+09:00
Contact Feed,70.0,2.0,success,False,2026-08-21T01:18:16.729979+09:00
Contact File,1000.0,2.0,success,False,2026-08-21T01:17:57.482592+09:00
Contact Flow,2400.0,6.0,success,False,2026-08-21T01:21:16.120431+09:00
Contact Forge,,,failed,False,2026-08-21T01:21:53.775872+09:00
Contact Form,14800.0,8.0,success,False,2026-08-21T01:17:02.274965+09:00
Contact Frame,1900.0,64.0,success,False,2026-08-21T01:22:55.105207+09:00
Contact Fund,20.0,0.0,success,False,2026-08-21T02:29:14.750230+09:00
Contact Gate,1600.0,15.0,success,False,2026-08-21T01:25:18.594939+09:00
Contact Graph,50.0,0.0,success,False,2026-08-27T22:06:58.606007+09:00
Contact Grid,90.0,4.0,success,False,2026-08-21T01:22:29.239348+09:00
Contact Guarantee,,,failed,False,2026-08-28T01:06:58.788190+09:00
Contact Guardian,320.0,1.0,success,False,2026-08-28T00:25:10.586444+09:00
Contact Harbor,,,failed,False,2026-08-21T01:15:36.930840+09:00
Contact Helper,720.0,37.0,success,False,2026-08-28T00:25:15.482285+09:00
Contact History,390.0,3.0,success,False,2026-08-21T01:17:52.131047+09:00
Contact Hub,1000.0,2.0,success,False,2026-08-21T01:21:21.287654+09:00
Contact Identifier,110.0,20.0,success,False,2026-08-23T13:06:49.264367+09:00
Contact Inbox,50.0,8.0,success,False,2026-08-21T01:15:57.558147+09:00
Contact Index,140.0,1.0,success,False,2026-08-21T01:18:44.582130+09:00
Contact Interest,,,failed,False,2026-08-23T13:47:40.781383+09:00
Contact Item,50.0,1.0,success,False,2026-08-21T01:55:33.628108+09:00
Contact Journal,210.0,2.0,success,False,2026-08-21T01:25:53.521014+09:00
Contact Keeper,110.0,8.0,success,False,2026-08-21T01:25:18.594939+09:00
Contact Lab,260.0,6.0,success,False,2026-08-21T01:23:58.157406+09:00
Contact Label,320.0,11.0,success,False,2026-08-27T22:07:05.837486+09:00
Contact Ledger,210.0,3.0,success,False,2026-08-21T01:23:58.157406+09:00
Contact Level,210.0,11.0,success,False,2026-08-21T01:17:59.788687+09:00
Contact Line,1600.0,1.0,success,False,2026-08-21T01:16:36.813672+09:00
Contact Link,590.0,1.0,success,False,2026-08-23T03:17:09.077548+09:00
Contact List,22200.0,13.0,success,False,2026-08-21T01:19:23.070915+09:00
Contact Loan,210.0,36.0,success,False,2026-08-21T02:12:23.232619+09:00
Contact Lobby,,,failed,False,2026-08-21T01:16:26.293455+09:00
Contact Locator,1900.0,4.0,success,False,2026-08-21T01:26:08.809687+09:00
Contact Locker,20.0,10.0,success,False,2026-08-21T01:26:25.836028+09:00
Contact Log,720.0,1.0,success,False,2026-08-21T01:16:56.595304+09:00
Contact Loop,210.0,16.0,success,False,2026-08-21T01:22:27.198742+09:00
Contact Manager,2400.0,13.0,success,False,2026-08-21T01:25:18.594939+09:00
Contact Manual,140.0,1.0,success,False,2026-08-27T22:07:05.837486+09:00
Contact Map,880.0,3.0,success,False,2026-08-21T01:22:49.559882+09:00
Contact Memo,10.0,1.0,success,False,2026-08-21T01:20:09.112300+09:00
Contact Message,4400.0,0.0,success,True,2026-08-27T23:11:58.068235+09:00
Contact Monitor,170.0,92.0,success,False,2026-08-21T01:25:20.517112+09:00
Contact Nexus,390.0,3.0,success,False,2026-08-21T01:25:18.594939+09:00
Contact Note,320.0,1.0,success,False,2026-08-21T01:17:30.839165+09:00
Contact Notification,70.0,0.0,success,False,2026-08-27T22:46:23.139331+09:00
Contact Number,135000.0,1.0,success,False,2026-08-23T03:16:59.377666+09:00
Contact Office,3600.0,13.0,success,False,2026-08-21T01:26:17.676069+09:00
Contact Ops,70.0,0.0,success,False,2026-08-21T01:25:45.514354+09:00
Contact Order,1900.0,100.0,success,False,2026-08-21T01:19:00.586921+09:00
Contact Overdraft,,,failed,False,2026-08-23T15:52:37.821939+09:00
Contact Overdue,,,failed,False,2026-08-27T21:45:59.200970+09:00
Contact Panel,90.0,9.0,success,False,2026-08-21T01:25:18.594939+09:00
Contact Pass,210.0,6.0,success,False,2026-08-21T01:21:05.247176+09:00
Contact Passport,1000.0,1.0,success,False,2026-08-21T01:16:21.248035+09:00
Contact Path,50.0,3.0,success,False,2026-08-21T01:22:35.639513+09:00
Contact Petition,,,failed,False,2026-08-21T01:20:45.332631+09:00
Contact Plan,480.0,18.0,success,False,2026-08-21T01:55:46.721069+09:00
Contact Planner,480.0,18.0,success,False,2026-08-21T01:25:18.594939+09:00
Contact Playbook,,,failed,False,2026-08-21T01:25:49.214024+09:00
Contact Plaza,50.0,3.0,success,False,2026-08-21T01:15:29.707504+09:00
Contact Point,5400.0,15.0,success,False,2026-08-21T01:22:43.322610+09:00
Contact Portal,210.0,2.0,success,False,2026-08-21T01:23:58.157406+09:00
Contact Post,260.0,0.0,success,False,2026-08-21T01:15:25.336646+09:00
Contact Preview,50.0,0.0,success,False,2026-08-28T01:06:51.354656+09:00
Contact Profile,390.0,1.0,success,False,2026-08-21T01:17:41.245351+09:00
Contact Profit,10.0,6.0,success,False,2026-08-23T02:52:54.203392+09:00
Contact Proposal,10.0,0.0,success,False,2026-08-28T01:06:54.096928+09:00
Contact Quota,,,failed,False,2026-08-21T01:20:18.165253+09:00
Contact Radar,40.0,0.0,success,False,2026-08-21T01:21:31.170741+09:00
Contact Rail,140.0,3.0,success,False,2026-08-21T01:25:18.594939+09:00
Contact Rate,720.0,3.0,success,False,2026-08-21T01:18:06.634708+09:00
Contact Recap,10.0,0.0,success,False,2026-08-21T01:20:57.396338+09:00
Contact Receipt,,,failed,False,2026-08-21T01:19:12.546892+09:00
Contact Register,210.0,1.0,success,False,2026-08-21T01:25:28.581838+09:00
Contact Relay,4400.0,77.0,success,False,2026-08-21T01:21:34.003833+09:00
Contact Reminder,20.0,0.0,success,False,2026-08-21T01:18:40.477010+09:00
Contact Report,590.0,0.0,success,False,2026-08-21T01:16:53.151150+09:00
Contact Repository,20.0,7.0,success,False,2026-08-27T23:12:08.197632+09:00
Contact Ring,1900.0,3.0,success,False,2026-08-21T01:25:18.594939+09:00
Contact Roll,260.0,100.0,success,False,2026-08-21T01:16:47.227660+09:00
Contact Roster,40.0,1.0,success,False,2026-08-21T01:15:52.922484+09:00
Contact Route,110.0,0.0,success,False,2026-08-21T01:25:18.594939+09:00
Contact Rule,320.0,0.0,success,False,2026-08-23T03:17:13.101010+09:00
Contact Sale,2400.0,74.0,success,False,2026-08-21T02:29:22.487025+09:00
Contact Sample,1000.0,100.0,success,False,2026-08-21T01:19:35.649490+09:00
Contact Scale,30.0,60.0,success,False,2026-08-21T01:25:18.594939+09:00
Contact Scanner,260.0,1.0,success,False,2026-08-27T23:55:24.915525+09:00
Contact Scope,70.0,6.0,success,False,2026-08-21T01:22:20.767459+09:00
Contact Score,110.0,12.0,success,False,2026-08-21T01:17:24.597618+09:00
Contact Sheet,9900.0,2.0,success,False,2026-08-21T01:17:14.231029+09:00
Contact Shelf,40500.0,8.0,success,False,2026-08-21T01:15:46.981049+09:00
Contact Signal,110.0,3.0,success,False,2026-08-21T01:22:07.036293+09:00
Contact Signature,90.0,3.0,success,False,2026-08-23T13:27:46.545552+09:00
Contact Slip,90.0,1.0,success,False,2026-08-21T01:19:29.603335+09:00
Contact Slot,320.0,92.0,success,False,2026-08-21T01:19:38.759789+09:00
Contact Statement,20.0,0.0,success,False,2026-08-21T01:20:03.244208+09:00
Contact Station,480.0,2.0,success,False,2026-08-21T01:23:58.157406+09:00
Contact Status,110.0,0.0,success,False,2026-08-21T01:17:43.825232+09:00
Contact Stub,5400.0,17.0,success,False,2026-08-21T01:20:01.120246+09:00
Contact Studio,720.0,2.0,success,False,2026-08-21T01:23:58.157406+09:00
Contact Sum,,,failed,False,2026-08-21T02:29:07.517005+09:00
Contact Summary,50.0,0.0,success,False,2026-08-21T01:18:29.664706+09:00
Contact Tab,320.0,0.0,success,False,2026-08-21T01:20:20.986675+09:00
Contact Table,390.0,0.0,success,False,2026-08-21T01:19:27.364478+09:00
Contact Tag,480.0,14.0,success,False,2026-08-21T01:17:36.062470+09:00
Contact Tariff,,,failed,False,2026-08-21T02:45:38.713397+09:00
Contact Tax,320.0,15.0,success,False,2026-08-21T02:12:19.408855+09:00
Contact Terminal,170.0,78.0,success,False,2026-08-21T01:23:58.157406+09:00
Contact Ticker,30.0,1.0,success,False,2026-08-21T01:16:32.710448+09:00
Contact Ticket,480.0,4.0,success,False,2026-08-21T01:18:50.592866+09:00
Contact Tier,10.0,0.0,success,False,2026-08-28T00:47:53.734178+09:00
Contact Timeline,10.0,1.0,success,False,2026-08-21T01:18:34.503460+09:00
Contact Toll,260.0,0.0,success,False,2026-08-21T02:45:31.753294+09:00
Contact Toolbox,,,failed,False,2026-08-28T00:25:13.091211+09:00
Contact Total,2400.0,73.0,success,False,2026-08-27T23:12:02.088858+09:00
Contact Tower,390.0,15.0,success,False,2026-08-21T01:15:44.374236+09:00
Contact Tracker,3600.0,48.0,success,False,2026-08-21T01:21:10.960024+09:00
Contact Trail,30.0,56.0,success,False,2026-08-21T01:25:18.594939+09:00
Contact Trend,70.0,1.0,success,False,2026-08-28T01:06:48.738756+09:00
Contact Trial,880.0,97.0,success,False,2026-08-27T21:12:51.148194+09:00
Contact Unit,70.0,0.0,success,False,2026-08-21T01:55:42.683026+09:00
Contact Update,1900.0,7.0,success,False,2026-08-21T01:18:13.948377+09:00
Contact Value,90.0,8.0,success,False,2026-08-23T02:52:56.566002+09:00
Contact Vault,50.0,3.0,success,False,2026-08-21T01:21:39.994879+09:00
Contact Version,50.0,1.0,success,False,2026-08-23T03:17:02.268689+09:00
Contact View,110.0,1.0,success,False,2026-08-21T01:17:49.809423+09:00
Contact Voucher,30.0,3.0,success,False,2026-08-21T01:19:51.249504+09:00
Contact Wallet,590.0,97.0,success,False,2026-08-27T22:46:27.298392+09:00
Contact Watch,590.0,7.0,success,False,2026-08-21T01:22:09.935224+09:00
Contact Wave,880.0,2.0,success,False,2026-08-21T01:22:33.143231+09:00
Contact Widget,590.0,4.0,success,False,2026-08-27T23:12:05.738890+09:00
Contact Window,1600.0,57.0,success,False,2026-08-21T01:16:42.417120+09:00
Contact Worksheet,10.0,0.0,success,False,2026-08-27T22:07:09.283408+09:00
Contact Workshop,140.0,0.0,success,False,2026-08-28T00:25:07.962787+09:00
Contact Yard,,,failed,False,2026-08-21T01:26:37.625507+09:00
Contact Zone,720.0,0.0,success,False,2026-08-21T01:23:58.157406+09:00
Container Advance,,,failed,False,2026-08-23T16:11:52.886405+09:00
Container Advisory,,,failed,False,2026-08-21T00:58:52.318728+09:00
Container Allowance,10.0,0.0,success,False,2026-08-21T02:36:53.900229+09:00
Container Almanac,,,failed,False,2026-08-18T22:06:29.857370+09:00
Container Analyzer,,,failed,False,2026-08-27T23:56:20.084184+09:00
Container Anchor,140.0,100.0,success,False,2026-08-17T20:32:49.512310+09:00
Container Arrears,,,failed,False,2026-08-23T16:11:49.502531+09:00
Container Asset,,,failed,False,2026-08-23T13:46:27.908972+09:00
Container Assistant,,,failed,False,2026-08-17T23:04:09.987003+09:00
Container Atlas,110.0,100.0,success,False,2026-08-17T21:32:17.170130+09:00
Container Attribute,10.0,0.0,success,False,2026-08-23T13:05:48.567186+09:00
Container Badge,,,failed,False,2026-08-21T00:33:43.074758+09:00
Container Balance,70.0,14.0,success,False,2026-08-23T13:46:21.678760+09:00
Container Base,480.0,29.0,success,False,2026-08-17T20:46:59.199715+09:00
Container Beacon,30.0,2.0,success,False,2026-08-17T20:36:43.272468+09:00
Container Bill,20.0,1.0,success,False,2026-08-19T21:55:49.933305+09:00
Container Blueprint,90.0,5.0,success,False,2026-08-18T22:06:20.125556+09:00
Container Board,1600.0,5.0,success,False,2026-08-17T20:44:06.631034+09:00
Container Book,1300.0,95.0,success,False,2026-08-19T21:56:50.628145+09:00
Container Bridge,140.0,9.0,success,False,2026-08-17T20:33:54.236742+09:00
Container Brief,10.0,7.0,success,False,2026-08-21T00:58:42.850183+09:00
Container Bulletin,,,failed,False,2026-08-21T00:58:38.777262+09:00
Container Calculator,1000.0,10.0,success,False,2026-08-27T23:34:39.372847+09:00
Container Calendar,20.0,1.0,success,False,2026-08-19T00:00:48.226412+09:00
Container Card,590.0,96.0,success,False,2026-08-19T13:32:13.743565+09:00
Container Cascade,20.0,33.0,success,False,2026-08-17T20:34:44.892914+09:00
Container Cash,260.0,93.0,success,False,2026-08-21T02:25:24.803683+09:00
Container Cashback,,,failed,False,2026-08-27T21:14:45.418872+09:00
Container Catalog,40.0,1.0,success,False,2026-08-19T21:11:00.361566+09:00
Container Category,30.0,5.0,success,False,2026-08-23T13:05:45.716846+09:00
Container Center,210.0,2.0,success,False,2026-08-17T20:39:04.557611+09:00
Container Chain,4400.0,8.0,success,False,2026-08-17T21:37:39.097196+09:00
Container Charge,90.0,7.0,success,False,2026-08-21T02:36:41.492996+09:00
Container Check,1000.0,10.0,success,False,2026-08-19T13:32:37.235735+09:00
Container Checker,1000.0,10.0,success,False,2026-08-27T23:56:11.954519+09:00
Container Checklist,70.0,4.0,success,False,2026-08-19T21:10:05.581791+09:00
Container Circular,170.0,73.0,success,False,2026-08-21T01:00:03.837469+09:00
Container Cockpit,20.0,0.0,success,False,2026-08-17T23:28:25.880563+09:00
Container Code,480.0,2.0,success,False,2026-08-19T21:56:11.493537+09:00
Container Codex,,,failed,False,2026-08-18T22:06:47.457116+09:00
Container Companion,,,failed,False,2026-08-17T23:13:13.553145+09:00
Container Comparison,10.0,11.0,success,False,2026-08-28T01:07:05.829192+09:00
Container Compass,30.0,15.0,success,False,2026-08-17T20:37:39.748297+09:00
Container Compendium,,,failed,False,2026-08-18T22:06:39.446315+09:00
Container Confirmation,,,failed,False,2026-08-21T00:59:01.913298+09:00
Container Console,20.0,18.0,success,False,2026-08-17T20:36:12.301778+09:00
Container Core,20.0,23.0,success,False,2026-08-17T20:45:52.903104+09:00
Container Cost,1300.0,85.0,success,False,2026-08-21T02:09:00.837465+09:00
Container Count,70.0,35.0,success,False,2026-08-27T22:47:42.136854+09:00
Container Counter,70.0,35.0,success,False,2026-08-19T00:01:35.413805+09:00
Container Coupon,20.0,22.0,success,False,2026-08-27T21:14:38.915931+09:00
Container Dashboard,40.0,9.0,success,False,2026-08-17T23:06:12.301553+09:00
Container Deal,90.0,35.0,success,False,2026-08-21T01:52:08.240457+09:00
Container Debt,,,failed,False,2026-08-21T02:25:13.538662+09:00
Container Deck,90.0,39.0,success,False,2026-08-17T20:43:12.470155+09:00
Container Depot,4400.0,9.0,success,False,2026-08-19T00:01:21.334255+09:00
Container Desk,320.0,100.0,success,False,2026-08-17T20:41:07.425187+09:00
Container Detail,480.0,7.0,success,False,2026-08-23T03:16:07.985751+09:00
Container Detector,,,failed,False,2026-08-27T23:56:20.084184+09:00
Container Diagram,880.0,0.0,success,False,2026-08-27T22:09:13.645963+09:00
Container Dial,,,failed,False,2026-08-17T20:34:20.444490+09:00
Container Digest,10.0,0.0,success,False,2026-08-19T20:39:52.613613+09:00
Container Directory,10.0,0.0,success,False,2026-08-19T00:00:56.933054+09:00
Container Discount,70.0,81.0,success,False,2026-08-23T16:11:44.096297+09:00
Container Dock,320.0,4.0,success,False,2026-08-18T07:43:49.584727+09:00
Container Dossier,,,failed,False,2026-08-21T00:59:06.391670+09:00
Container Draft,,,failed,False,2026-08-19T20:37:22.627194+09:00
Container Due,,,failed,False,2026-08-23T15:50:19.459391+09:00
Container Duty,,,failed,False,2026-08-21T02:36:47.930212+09:00
Container Engine,590.0,5.0,success,False,2026-08-17T23:27:26.699527+09:00
Container Entry,10.0,1.0,success,False,2026-08-21T00:59:19.513950+09:00
Container Estimate,10.0,24.0,success,False,2026-08-19T21:10:46.722805+09:00
Container Estimator,1000.0,10.0,success,False,2026-08-27T23:56:11.954519+09:00
Container Excerpt,,,failed,False,2026-08-21T00:59:15.258286+09:00
Container Extension,480.0,31.0,success,False,2026-08-23T16:37:42.888726+09:00
Container Fare,10.0,20.0,success,False,2026-08-21T02:09:08.901398+09:00
Container Fee,90.0,4.0,success,False,2026-08-21T01:51:52.747806+09:00
Container Feed,,,failed,False,2026-08-19T20:40:02.454787+09:00
Container Field,320.0,3.0,success,False,2026-08-23T13:05:53.628688+09:00
Container File,880.0,7.0,success,False,2026-08-19T20:39:21.250222+09:00
Container Finder,1000.0,16.0,success,False,2026-08-19T00:01:12.720919+09:00
Container Fine,10.0,10.0,success,False,2026-08-23T02:52:54.203392+09:00
Container Flag,10.0,0.0,success,False,2026-08-21T00:34:21.181247+09:00
Container Flow,40.0,0.0,success,False,2026-08-17T20:43:36.337910+09:00
Container Forge,,,failed,False,2026-08-17T20:35:45.912195+09:00
Container Form,260.0,14.0,success,False,2026-08-19T13:32:07.571238+09:00
Container Format,320.0,60.0,success,False,2026-08-23T13:05:55.726817+09:00
Container Frame,880.0,100.0,success,False,2026-08-17T20:48:15.314618+09:00
Container Fund,390.0,77.0,success,False,2026-08-21T02:25:19.750628+09:00
Container Gate,90.0,4.0,success,False,2026-08-17T21:34:26.372304+09:00
Container Giveaway,10.0,100.0,success,False,2026-08-27T21:14:54.146372+09:00
Container Grade,,,failed,False,2026-08-21T00:34:07.252682+09:00
Container Graph,10.0,0.0,success,False,2026-08-27T22:09:01.274163+09:00
Container Grid,880.0,23.0,success,False,2026-08-17T21:38:10.743063+09:00
Container Guarantee,50.0,2.0,success,False,2026-08-28T01:07:11.009484+09:00
Container Guard,20.0,54.0,success,False,2026-08-17T20:46:20.020027+09:00
Container Guardian,,,failed,False,2026-08-28T00:25:39.840423+09:00
Container Guidebook,,,failed,False,2026-08-18T22:06:01.196080+09:00
Container Helpdesk,,,failed,False,2026-08-27T22:47:46.388657+09:00
Container Helper,,,failed,False,2026-08-28T00:25:42.430031+09:00
Container History,140.0,0.0,success,False,2026-08-19T20:39:09.333161+09:00
Container Hotline,,,failed,False,2026-08-19T21:11:11.315009+09:00
Container Hub,390.0,34.0,success,False,2026-08-17T20:42:43.172174+09:00
Container Identifier,390.0,1.0,success,False,2026-08-23T13:05:43.515456+09:00
Container Incentive,,,failed,False,2026-08-27T21:14:49.306471+09:00
Container Index,880.0,4.0,success,False,2026-08-19T21:10:16.662476+09:00
Container Insight,590.0,9.0,success,False,2026-08-17T23:28:10.025737+09:00
Container Installment,,,failed,False,2026-08-23T16:11:46.377478+09:00
Container Interest,,,failed,False,2026-08-23T13:46:24.718234+09:00
Container Item,170.0,22.0,success,False,2026-08-21T01:51:57.784692+09:00
Container Journal,30.0,0.0,success,False,2026-08-18T22:05:45.987777+09:00
Container Keeper,110.0,87.0,success,False,2026-08-17T21:30:00.229933+09:00
Container Lab,1300.0,3.0,success,False,2026-08-17T20:41:27.066117+09:00
Container Label,1300.0,100.0,success,False,2026-08-27T22:09:05.119901+09:00
Container Ledger,20.0,0.0,success,False,2026-08-17T20:44:54.516764+09:00
Container Lens,590.0,95.0,success,False,2026-08-17T21:30:33.048254+09:00
Container Level,110.0,100.0,success,False,2026-08-19T20:39:30.002249+09:00
Container Levy,,,failed,False,2026-08-23T13:46:27.908972+09:00
Container Link,390.0,13.0,success,False,2026-08-23T03:15:59.188624+09:00
Container List,320.0,1.0,success,False,2026-08-19T21:56:23.940159+09:00
Container Loan,,,failed,False,2026-08-21T02:09:16.825512+09:00
Container Locator,720.0,42.0,success,False,2026-08-19T00:01:04.506360+09:00
Container Lock,4400.0,100.0,success,False,2026-08-17T21:32:53.372558+09:00
Container Log,590.0,47.0,success,False,2026-08-19T13:31:59.823844+09:00
Container Loop,20.0,0.0,success,False,2026-08-17T21:39:37.908878+09:00
Container Manager,1000.0,6.0,success,False,2026-08-17T20:47:35.936558+09:00
Container Manual,30.0,18.0,success,False,2026-08-27T22:09:05.119901+09:00
Container Map,480.0,11.0,success,False,2026-08-17T21:31:41.054400+09:00
Container Margin,70.0,0.0,success,False,2026-08-23T02:52:51.254134+09:00
Container Markup,,,failed,False,2026-08-23T16:37:37.262949+09:00
Container Memo,,,failed,False,2026-08-21T00:34:11.970110+09:00
Container Message,10.0,0.0,success,False,2026-08-27T23:12:56.649660+09:00
Container Meter,10.0,21.0,success,False,2026-08-17T20:33:24.231963+09:00
Container Metrics,30.0,12.0,success,False,2026-08-17T23:11:35.407010+09:00
Container Monitor,390.0,17.0,success,False,2026-08-17T23:04:21.710025+09:00
Container Navigator,,,failed,False,2026-08-17T23:28:46.712952+09:00
Container Nexus,10.0,0.0,success,False,2026-08-17T21:33:22.663564+09:00
Container Node,50.0,2.0,success,False,2026-08-17T21:35:24.685319+09:00
Container Note,,,failed,False,2026-08-19T13:32:49.484496+09:00
Container Notification,,,failed,False,2026-08-27T22:47:31.900265+09:00
Container Number,2400.0,3.0,success,False,2026-08-23T03:15:51.596433+09:00
Container Office,9900.0,100.0,success,False,2026-08-19T00:01:30.427864+09:00
Container Ops,90.0,4.0,success,False,2026-08-17T23:07:59.739195+09:00
Container Order,70.0,67.0,success,False,2026-08-19T21:55:41.048712+09:00
Container Organizer,880.0,100.0,success,False,2026-08-17T23:27:56.034352+09:00
Container Overage,,,failed,False,2026-08-27T21:46:34.931324+09:00
Container Overdraft,,,failed,False,2026-08-23T15:50:21.646134+09:00
Container Overdue,,,failed,False,2026-08-27T21:46:30.971214+09:00
Container Panel,210.0,45.0,success,False,2026-08-17T20:35:15.216607+09:00
Container Pass,,,failed,False,2026-08-21T00:33:32.477901+09:00
Container Path,40.0,0.0,success,False,2026-08-17T21:34:57.125142+09:00
Container Penalty,,,failed,False,2026-08-23T16:37:37.262949+09:00
Container Petition,,,failed,False,2026-08-21T00:58:57.845239+09:00
Container Pilot,20.0,0.0,success,False,2026-08-17T20:41:55.751231+09:00
Container Plan,480.0,24.0,success,False,2026-08-21T01:52:06.168283+09:00
Container Planner,480.0,24.0,success,False,2026-08-17T23:27:42.956477+09:00
Container Playbook,,,failed,False,2026-08-18T22:05:35.647018+09:00
Container Point,30.0,4.0,success,False,2026-08-17T21:33:53.413747+09:00
Container Portal,70.0,4.0,success,False,2026-08-17T20:37:11.919122+09:00
Container Preview,10.0,1.0,success,False,2026-08-28T01:07:08.336538+09:00
Container Profile,90.0,18.0,success,False,2026-08-19T13:33:05.427843+09:00
Container Profit,10.0,0.0,success,False,2026-08-23T02:52:43.639669+09:00
Container Proposal,,,failed,False,2026-08-28T01:07:11.009484+09:00
Container Pulse,,,failed,False,2026-08-17T21:36:59.022364+09:00
Container Queue,,,failed,False,2026-08-19T21:10:34.981799+09:00
Container Quota,,,failed,False,2026-08-21T00:34:16.638003+09:00
Container Radar,210.0,1.0,success,False,2026-08-17T20:40:20.065990+09:00
Container Rail,1300.0,1.0,success,False,2026-08-17T21:41:07.674308+09:00
Container Rate,480.0,55.0,success,False,2026-08-19T20:39:37.927726+09:00
Container Recap,,,failed,False,2026-08-21T01:00:11.022856+09:00
Container Receipt,20.0,0.0,success,False,2026-08-19T21:56:01.385775+09:00
Container Recorder,,,failed,False,2026-08-27T23:34:44.753648+09:00
Container Redemption,,,failed,False,2026-08-23T16:37:40.797403+09:00
Container Register,2900.0,7.0,success,False,2026-08-17T23:29:05.712614+09:00
Container Registry,2900.0,7.0,success,False,2026-08-18T22:06:12.435541+09:00
Container Relay,,,failed,False,2026-08-17T20:39:25.387216+09:00
Container Reminder,,,failed,False,2026-08-19T21:09:48.311531+09:00
Container Report,50.0,4.0,success,False,2026-08-19T13:31:47.223941+09:00
Container Repository,210.0,5.0,success,False,2026-08-27T23:13:09.078623+09:00
Container Roadmap,20.0,1.0,success,False,2026-08-18T22:06:56.515623+09:00
Container Roster,,,failed,False,2026-08-19T00:37:25.342982+09:00
Container Route,70.0,8.0,success,False,2026-08-18T07:43:38.150133+09:00
Container Rule,,,failed,False,2026-08-23T03:16:04.926690+09:00
Container Sale,2400.0,100.0,success,False,2026-08-21T02:25:31.969034+09:00
Container Sample,2400.0,87.0,success,False,2026-08-19T21:57:08.159846+09:00
Container Scale,90.0,56.0,success,False,2026-08-17T20:32:12.868338+09:00
Container Scheduler,90.0,8.0,success,False,2026-08-17T23:10:02.526148+09:00
Container Schematic,,,failed,False,2026-08-27T22:28:46.749186+09:00
Container Scope,20.0,55.0,success,False,2026-08-17T21:41:39.306179+09:00
Container Score,10.0,50.0,success,False,2026-08-19T13:32:42.417252+09:00
Container Sentry,,,failed,False,2026-08-17T21:31:05.600589+09:00
Container Serial,10.0,0.0,success,False,2026-08-23T13:27:05.347974+09:00
Container Sheet,320.0,11.0,success,False,2026-08-19T13:32:23.096151+09:00
Container Signal,,,failed,False,2026-08-17T20:31:38.107939+09:00
Container Signature,,,failed,False,2026-08-23T13:27:09.032773+09:00
Container Slip,,,failed,False,2026-08-19T21:56:59.723896+09:00
Container Slot,1000.0,100.0,success,False,2026-08-19T21:57:19.204093+09:00
Container Snapshot,20.0,0.0,success,False,2026-08-18T22:05:53.928204+09:00
Container Stage,110.0,13.0,success,False,2026-08-28T00:47:59.038217+09:00
Container Stake,,,failed,False,2026-08-23T02:52:49.123666+09:00
Container Statement,,,failed,False,2026-08-21T00:33:55.661658+09:00
Container Station,390.0,2.0,success,False,2026-08-17T20:40:45.689604+09:00
Container Status,301000.0,6.0,success,False,2026-08-19T20:38:50.239529+09:00
Container Stub,,,failed,False,2026-08-21T00:33:50.963808+09:00
Container Studio,1900.0,70.0,success,False,2026-08-17T20:42:15.711128+09:00
Container Subsidy,10.0,0.0,success,False,2026-08-23T15:50:21.646134+09:00
Container Suite,1000.0,6.0,success,False,2026-08-17T23:08:17.909902+09:00
Container Sum,,,failed,False,2026-08-21T02:25:09.393326+09:00
Container Summary,,,failed,False,2026-08-19T21:09:24.314607+09:00
Container Surtax,,,failed,False,2026-08-23T15:50:23.768923+09:00
Container Sync,,,failed,False,2026-08-17T20:44:25.446111+09:00
Container Tab,590.0,7.0,success,False,2026-08-21T00:34:25.670499+09:00
Container Table,170.0,90.0,success,False,2026-08-19T21:56:37.173014+09:00
Container Tag,880.0,21.0,success,False,2026-08-19T13:32:55.447680+09:00
Container Tally,,,failed,False,2026-08-21T00:34:01.894402+09:00
Container Tariff,20.0,10.0,success,False,2026-08-21T02:36:58.611410+09:00
Container Tax,70.0,0.0,success,False,2026-08-21T02:09:12.482274+09:00
Container Terminal,8100.0,2.0,success,False,2026-08-17T23:05:03.232524+09:00
Container Ticket,,,failed,False,2026-08-19T21:10:27.505284+09:00
Container Timeline,,,failed,False,2026-08-19T21:09:36.551386+09:00
Container Timer,110.0,93.0,success,False,2026-08-28T00:25:31.999960+09:00
Container Toll,,,failed,False,2026-08-21T02:36:50.213443+09:00
Container Toolbox,320.0,73.0,success,False,2026-08-28T00:25:39.840423+09:00
Container Toolkit,140.0,1.0,success,False,2026-08-18T22:05:27.658262+09:00
Container Total,,,failed,False,2026-08-27T23:13:00.467969+09:00
Container Tracker,301000.0,6.0,success,False,2026-08-17T20:45:30.439940+09:00
Container Trail,,,failed,False,2026-08-17T21:38:46.123803+09:00
Container Trend,20.0,0.0,success,False,2026-08-28T01:07:01.226912+09:00
Container Trial,,,failed,False,2026-08-27T21:14:49.306471+09:00
Container Unit,880.0,100.0,success,False,2026-08-21T01:51:56.272630+09:00
Container Update,90.0,0.0,success,False,2026-08-19T20:39:43.818952+09:00
Container Value,70.0,27.0,success,False,2026-08-23T02:52:46.674301+09:00
Container Vault,210.0,71.0,success,False,2026-08-17T20:38:33.752321+09:00
Container Version,20.0,0.0,success,False,2026-08-23T03:15:55.657138+09:00
Container View,110.0,5.0,success,False,2026-08-19T20:38:59.819787+09:00
Container Watch,480.0,100.0,success,False,2026-08-18T07:43:25.661274+09:00
Container Wave,,,failed,False,2026-08-17T21:36:00.741055+09:00
Container Widget,110.0,0.0,success,False,2026-08-27T23:13:03.121922+09:00
Container Workbench,,,failed,False,2026-08-18T22:05:17.781482+09:00
Container Worksheet,390.0,0.0,success,False,2026-08-27T22:09:07.960139+09:00
Container Workshop,1600.0,100.0,success,False,2026-08-28T00:25:34.855882+09:00
Container Yard,6600.0,3.0,success,False,2026-08-19T00:37:13.789014+09:00
Container Zone,170.0,22.0,success,False,2026-08-17T20:38:07.696860+09:00
Content Advance,30.0,86.0,success,False,2026-08-23T16:12:32.773263+09:00
Content Advisory,1000.0,0.0,success,True,2026-08-21T01:02:18.693445+09:00
Content Allowance,,,failed,False,2026-08-21T02:42:59.558136+09:00
Content Almanac,,,failed,False,2026-08-18T22:09:37.820706+09:00
Content Analyzer,170.0,24.0,success,False,2026-08-27T23:57:04.136942+09:00
Content Anchor,70.0,2.0,success,False,2026-08-17T20:35:55.625501+09:00
Content Announcement,10.0,0.0,success,False,2026-08-27T23:35:07.655977+09:00
Content Arrears,,,failed,False,2026-08-23T16:12:29.296473+09:00
Content Asset,260.0,3.0,success,False,2026-08-23T13:45:39.021067+09:00
Content Assistant,390.0,4.0,success,False,2026-08-17T23:33:09.699963+09:00
Content Atlas,40.0,5.0,success,False,2026-08-17T21:35:41.309233+09:00
Content Attribute,70.0,0.0,success,False,2026-08-23T13:09:55.014275+09:00
Content Badge,,,failed,False,2026-08-21T00:25:04.867976+09:00
Content Base,1000.0,2.0,success,False,2026-08-17T21:31:54.606698+09:00
Content Beacon,20.0,0.0,success,False,2026-08-17T20:39:36.069990+09:00
Content Bill,10.0,0.0,success,False,2026-08-19T22:00:50.592987+09:00
Content Blueprint,50.0,8.0,success,False,2026-08-18T22:09:30.106481+09:00
Content Board,320.0,17.0,success,False,2026-08-17T20:47:09.255931+09:00
Content Book,590.0,5.0,success,False,2026-08-19T22:01:42.804571+09:00
Content Bridge,320.0,1.0,success,False,2026-08-17T20:36:55.192509+09:00
Content Brief,1300.0,1.0,success,False,2026-08-21T01:00:29.585982+09:00
Content Bulletin,,,failed,False,2026-08-21T01:00:25.578415+09:00
Content Cabinet,10.0,1.0,success,False,2026-08-27T23:13:58.602342+09:00
Content Calendar,22200.0,33.0,success,False,2026-08-19T00:03:41.244683+09:00
Content Card,590.0,3.0,success,False,2026-08-19T13:37:14.131003+09:00
Content Cascade,10.0,7.0,success,False,2026-08-17T20:37:51.221015+09:00
Content Cash,880.0,0.0,success,False,2026-08-21T02:26:47.668193+09:00
Content Cashback,,,failed,False,2026-08-27T21:15:31.900187+09:00
Content Catalog,1000.0,2.0,success,False,2026-08-19T21:15:17.337039+09:00
Content Category,390.0,1.0,success,False,2026-08-23T13:09:53.012547+09:00
Content Center,880.0,0.0,success,False,2026-08-17T20:41:41.231730+09:00
Content Chain,10.0,0.0,success,False,2026-08-18T07:52:51.639177+09:00
Content Charge,40.0,0.0,success,False,2026-08-21T02:42:51.701755+09:00
Content Check,2400.0,4.0,success,False,2026-08-19T13:37:44.092675+09:00
Content Checker,2400.0,4.0,success,False,2026-08-27T23:56:59.391700+09:00
Content Checklist,140.0,1.0,success,False,2026-08-19T21:14:19.651241+09:00
Content Circular,,,failed,False,2026-08-21T01:02:16.623580+09:00
Content Cockpit,30.0,4.0,success,False,2026-08-17T23:10:45.795183+09:00
Content Code,320.0,1.0,success,False,2026-08-19T22:01:08.341225+09:00
Content Codex,10.0,1.0,success,False,2026-08-18T22:09:54.168922+09:00
Content Companion,20.0,2.0,success,False,2026-08-17T23:24:12.955458+09:00
Content Comparison,320.0,2.0,success,False,2026-08-28T01:07:55.638643+09:00
Content Compass,70.0,11.0,success,False,2026-08-17T20:40:29.235539+09:00
Content Compendium,,,failed,False,2026-08-18T22:09:47.268840+09:00
Content Confirmation,,,failed,False,2026-08-21T01:00:42.748785+09:00
Content Console,20.0,1.0,success,False,2026-08-17T20:39:12.627798+09:00
Content Contribution,20.0,0.0,success,False,2026-08-23T16:12:29.296473+09:00
Content Converter,170.0,1.0,success,False,2026-08-27T23:35:07.655977+09:00
Content Core,1900.0,7.0,success,False,2026-08-17T21:30:45.538595+09:00
Content Cost,40.0,1.0,success,False,2026-08-21T02:10:31.589901+09:00
Content Count,170.0,2.0,success,False,2026-08-27T22:48:31.695595+09:00
Content Counter,170.0,2.0,success,False,2026-08-19T00:04:30.591993+09:00
Content Coupon,,,failed,False,2026-08-27T21:15:29.439407+09:00
Content Dashboard,260.0,13.0,success,False,2026-08-17T23:23:55.589084+09:00
Content Deal,20.0,8.0,success,False,2026-08-21T01:54:08.146374+09:00
Content Debt,40.0,0.0,success,False,2026-08-21T02:26:41.708739+09:00
Content Deck,90.0,11.0,success,False,2026-08-17T20:46:01.536512+09:00
Content Depot,480.0,0.0,success,False,2026-08-19T00:04:14.172620+09:00
Content Desk,50.0,85.0,success,False,2026-08-17T20:43:48.259554+09:00
Content Detail,260.0,0.0,success,False,2026-08-23T03:23:22.521378+09:00
Content Detector,320.0,19.0,success,False,2026-08-27T23:57:04.136942+09:00
Content Dial,,,failed,False,2026-08-17T20:37:21.758511+09:00
Content Digest,50.0,0.0,success,False,2026-08-19T20:40:22.983274+09:00
Content Directory,70.0,3.0,success,False,2026-08-19T00:03:46.728628+09:00
Content Discount,,,failed,False,2026-08-23T16:12:26.242265+09:00
Content Dock,10.0,3.0,success,False,2026-08-17T20:33:36.115262+09:00
Content Dossier,,,failed,False,2026-08-21T01:00:48.316316+09:00
Content Draft,210.0,1.0,success,False,2026-08-19T20:40:37.869711+09:00
Content Due,,,failed,False,2026-08-23T15:50:49.697674+09:00
Content Duty,,,failed,False,2026-08-21T02:42:54.824749+09:00
Content Engine,720.0,9.0,success,False,2026-08-17T23:07:26.971457+09:00
Content Entry,20.0,0.0,success,False,2026-08-21T01:00:58.878918+09:00
Content Estimate,,,failed,False,2026-08-19T21:15:04.533430+09:00
Content Estimator,,,failed,False,2026-08-27T23:56:56.552521+09:00
Content Excerpt,,,failed,False,2026-08-21T01:02:29.218317+09:00
Content Fare,,,failed,False,2026-08-21T02:10:41.178409+09:00
Content Fee,20.0,0.0,success,False,2026-08-21T01:53:46.295961+09:00
Content Feed,1600.0,0.0,success,True,2026-08-19T20:40:28.949050+09:00
Content Field,50.0,0.0,success,False,2026-08-23T13:09:58.883939+09:00
Content File,170.0,1.0,success,False,2026-08-19T20:39:47.752844+09:00
Content Finder,210.0,18.0,success,False,2026-08-19T00:04:03.544716+09:00
Content Fine,,,failed,False,2026-08-23T02:57:32.152196+09:00
Content Flag,20.0,0.0,success,False,2026-08-21T00:25:52.909138+09:00
Content Flow,880.0,7.0,success,False,2026-08-17T20:46:29.220439+09:00
Content Forge,170.0,2.0,success,False,2026-08-17T20:38:41.975413+09:00
Content Form,590.0,2.0,success,False,2026-08-19T13:36:57.023796+09:00
Content Format,1300.0,2.0,success,False,2026-08-23T13:10:01.579263+09:00
Content Frame,170.0,1.0,success,False,2026-08-17T21:33:05.832312+09:00
Content Fund,70.0,2.0,success,False,2026-08-21T02:26:43.792522+09:00
Content Gate,110.0,3.0,success,False,2026-08-17T21:37:49.733247+09:00
Content Giveaway,10.0,5.0,success,False,2026-08-27T21:15:34.818716+09:00
Content Grade,,,failed,False,2026-08-21T00:25:32.620138+09:00
Content Graph,170.0,3.0,success,False,2026-08-27T22:09:51.279815+09:00
Content Grid,260.0,1.0,success,False,2026-08-18T07:52:10.902319+09:00
Content Guard,90.0,0.0,success,False,2026-08-17T21:31:19.415531+09:00
Content Guidebook,,,failed,False,2026-08-18T22:09:13.055997+09:00
Content Helpdesk,,,failed,False,2026-08-27T22:48:34.491281+09:00
Content Helper,30.0,31.0,success,False,2026-08-28T00:26:17.382290+09:00
Content History,720.0,0.0,success,False,2026-08-19T20:39:37.927726+09:00
Content Hotline,,,failed,False,2026-08-19T21:15:27.386619+09:00
Content Hub,8100.0,11.0,success,False,2026-08-17T20:45:35.834234+09:00
Content Identifier,4400.0,3.0,success,False,2026-08-23T13:09:46.403136+09:00
Content Incentive,,,failed,False,2026-08-27T21:15:34.818716+09:00
Content Index,480.0,1.0,success,False,2026-08-19T21:14:29.704334+09:00
Content Insight,320.0,8.0,success,False,2026-08-17T22:50:36.545244+09:00
Content Installment,,,failed,False,2026-08-23T16:12:29.296473+09:00
Content Item,110.0,0.0,success,False,2026-08-21T01:53:51.077986+09:00
Content Journal,320.0,7.0,success,False,2026-08-18T22:08:57.073323+09:00
Content Keeper,2400.0,3.0,success,False,2026-08-17T21:33:32.175377+09:00
Content Kit,170.0,78.0,success,False,2026-08-27T22:48:25.660209+09:00
Content Lab,2900.0,6.0,success,False,2026-08-17T20:44:14.789024+09:00
Content Label,480.0,9.0,success,False,2026-08-27T22:09:51.279815+09:00
Content Layout,260.0,2.0,success,False,2026-08-27T22:28:53.992967+09:00
Content Ledger,,,failed,False,2026-08-17T20:48:29.594833+09:00
Content Lens,368000.0,100.0,success,False,2026-08-17T21:34:05.861065+09:00
Content Level,90.0,0.0,success,False,2026-08-19T20:39:55.789733+09:00
Content Link,480.0,2.0,success,False,2026-08-23T03:23:15.682212+09:00
Content List,1000.0,1.0,success,False,2026-08-19T22:01:20.262131+09:00
Content Loan,,,failed,False,2026-08-21T02:10:45.957047+09:00
Content Locator,,,failed,False,2026-08-19T00:03:57.643433+09:00
Content Lock,590.0,3.0,success,False,2026-08-17T21:36:12.498401+09:00
Content Log,90.0,2.0,success,False,2026-08-19T13:36:50.709528+09:00
Content Loop,90.0,4.0,success,False,2026-08-17T20:31:55.017364+09:00
Content Manager,110000.0,1.0,success,False,2026-08-17T21:32:31.405261+09:00
Content Manual,210.0,0.0,success,False,2026-08-27T22:09:51.279815+09:00
Content Map,2900.0,6.0,success,False,2026-08-17T21:35:08.893531+09:00
Content Memo,,,failed,False,2026-08-21T00:25:40.973918+09:00
Content Message,720.0,1.0,success,False,2026-08-27T23:13:53.622178+09:00
Content Meter,20.0,2.0,success,False,2026-08-17T20:36:21.712002+09:00
Content Metrics,260.0,5.0,success,False,2026-08-17T23:23:39.258674+09:00
Content Monitor,390.0,5.0,success,False,2026-08-17T23:33:38.106132+09:00
Content Navigator,260.0,7.0,success,False,2026-08-17T23:05:11.266926+09:00
Content Nexus,20.0,0.0,success,False,2026-08-17T21:36:40.900045+09:00
Content Node,20.0,0.0,success,False,2026-08-17T21:39:13.221117+09:00
Content Note,480.0,0.0,success,False,2026-08-19T13:38:06.946096+09:00
Content Notification,1300.0,0.0,success,True,2026-08-27T22:48:20.741854+09:00
Content Number,320.0,0.0,success,False,2026-08-23T03:23:11.854221+09:00
Content Office,140.0,1.0,success,False,2026-08-19T00:04:20.197700+09:00
Content Ops,1000.0,5.0,success,False,2026-08-17T23:24:36.078713+09:00
Content Order,90.0,3.0,success,False,2026-08-19T22:00:41.038270+09:00
Content Organizer,90.0,37.0,success,False,2026-08-17T23:09:05.527725+09:00
Content Overdue,,,failed,False,2026-08-27T21:46:44.901733+09:00
Content Panel,140.0,1.0,success,False,2026-08-17T20:38:14.865229+09:00
Content Pass,320.0,0.0,success,False,2026-08-21T00:24:51.764822+09:00
Content Path,140.0,3.0,success,False,2026-08-17T21:38:24.477715+09:00
Content Penalty,,,failed,False,2026-08-23T16:38:03.608262+09:00
Content Petition,20.0,1.0,success,False,2026-08-21T01:00:40.730981+09:00
Content Pilot,260.0,12.0,success,False,2026-08-17T20:44:33.462366+09:00
Content Plan,14800.0,38.0,success,False,2026-08-21T01:54:02.992561+09:00
Content Planner,14800.0,38.0,success,False,2026-08-17T23:14:19.543456+09:00
Content Playbook,140.0,15.0,success,False,2026-08-18T22:08:50.050771+09:00
Content Point,110.0,0.0,success,False,2026-08-17T21:37:10.762781+09:00
Content Portal,480.0,4.0,success,False,2026-08-17T20:40:05.754832+09:00
Content Preview,90.0,1.0,success,False,2026-08-28T01:07:59.537409+09:00
Content Profile,170.0,1.0,success,False,2026-08-19T13:38:51.605801+09:00
Content Profit,,,failed,False,2026-08-23T02:57:21.827227+09:00
Content Proposal,480.0,2.0,success,False,2026-08-28T01:07:59.537409+09:00
Content Pulse,50.0,11.0,success,False,2026-08-17T21:41:49.444267+09:00
Content Queue,10.0,5.0,success,False,2026-08-19T21:14:51.947092+09:00
Content Quota,50.0,0.0,success,False,2026-08-21T00:25:45.592013+09:00
Content Radar,70.0,7.0,success,False,2026-08-17T20:42:51.727520+09:00
Content Rail,,,failed,False,2026-08-17T20:32:30.733040+09:00
Content Rate,70.0,0.0,success,False,2026-08-19T20:40:02.454787+09:00
Content Recap,10.0,4.0,success,False,2026-08-21T01:02:27.136036+09:00
Content Receipt,,,failed,False,2026-08-19T22:00:58.577087+09:00
Content Register,40.0,2.0,success,False,2026-08-17T23:12:20.668668+09:00
Content Registry,10.0,0.0,success,False,2026-08-18T22:09:21.781956+09:00
Content Relay,10.0,1.0,success,False,2026-08-17T20:42:02.791525+09:00
Content Reminder,10.0,1.0,success,False,2026-08-19T21:14:09.280828+09:00
Content Report,1600.0,2.0,success,False,2026-08-19T13:36:10.470400+09:00
Content Repository,480.0,7.0,success,False,2026-08-27T23:14:01.250377+09:00
Content Result,50.0,0.0,success,False,2026-08-28T00:48:15.950901+09:00
Content Roadmap,260.0,8.0,success,False,2026-08-18T22:10:02.231985+09:00
Content Roster,,,failed,False,2026-08-19T00:38:18.682483+09:00
Content Route,,,failed,False,2026-08-17T20:34:31.529799+09:00
Content Rule,140.0,2.0,success,False,2026-08-23T03:23:19.130954+09:00
Content Sale,1000.0,3.0,success,False,2026-08-21T02:26:53.610271+09:00
Content Sample,260.0,1.0,success,False,2026-08-19T22:02:02.684993+09:00
Content Scale,880.0,4.0,success,False,2026-08-17T20:35:22.813816+09:00
Content Scanner,1900.0,36.0,success,False,2026-08-27T23:56:59.391700+09:00
Content Scheduler,1600.0,26.0,success,False,2026-08-17T23:33:22.514665+09:00
Content Scope,140.0,0.0,success,False,2026-08-17T20:33:05.160713+09:00
Content Score,320.0,8.0,success,False,2026-08-19T13:37:50.110679+09:00
Content Sentry,,,failed,False,2026-08-17T21:34:34.023181+09:00
Content Sheet,480.0,2.0,success,False,2026-08-19T13:37:36.286521+09:00
Content Signal,140.0,3.0,success,False,2026-08-17T20:34:55.202462+09:00
Content Signature,10.0,0.0,success,False,2026-08-23T13:26:15.190614+09:00
Content Slip,,,failed,False,2026-08-19T22:01:51.400634+09:00
Content Slot,40.0,0.0,success,False,2026-08-19T22:02:12.630536+09:00
Content Snapshot,,,failed,False,2026-08-18T22:09:05.854990+09:00
Content Stage,50.0,4.0,success,False,2026-08-28T00:48:15.950901+09:00
Content Stake,,,failed,False,2026-08-23T02:57:27.142882+09:00
Content Statement,140.0,0.0,success,False,2026-08-21T00:25:18.497443+09:00
Content Station,110.0,0.0,success,False,2026-08-17T20:43:18.551816+09:00
Content Status,320.0,0.0,success,False,2026-08-19T20:39:24.748166+09:00
Content Streak,,,failed,False,2026-08-28T00:48:15.950901+09:00
Content Stub,,,failed,False,2026-08-21T00:25:10.675439+09:00
Content Studio,12100.0,22.0,success,False,2026-08-17T20:45:14.001779+09:00
Content Suite,320.0,13.0,success,False,2026-08-17T23:32:58.780092+09:00
Content Sum,,,failed,False,2026-08-21T02:26:39.495067+09:00
Content Summary,210.0,1.0,success,False,2026-08-19T21:13:48.359259+09:00
Content Sync,110.0,6.0,success,False,2026-08-17T20:47:53.457764+09:00
Content Tab,320.0,1.0,success,False,2026-08-21T00:26:00.566845+09:00
Content Table,201000.0,0.0,success,True,2026-08-19T22:01:31.900197+09:00
Content Tag,320.0,3.0,success,False,2026-08-19T13:38:21.044998+09:00
Content Tally,,,failed,False,2026-08-21T00:25:24.031302+09:00
Content Tariff,,,failed,False,2026-08-21T02:43:04.921789+09:00
Content Tax,10.0,0.0,success,False,2026-08-21T02:10:41.178409+09:00
Content Ticket,,,failed,False,2026-08-19T21:14:40.806707+09:00
Content Timeline,170.0,3.0,success,False,2026-08-19T21:13:59.350184+09:00
Content Token,20.0,0.0,success,False,2026-08-23T13:28:24.221193+09:00
Content Toll,,,failed,False,2026-08-21T02:42:57.314001+09:00
Content Toolbox,,,failed,False,2026-08-28T00:26:17.382290+09:00
Content Toolkit,70.0,12.0,success,False,2026-08-18T22:08:40.228889+09:00
Content Total,,,failed,False,2026-08-27T23:13:56.060397+09:00
Content Tracker,1300.0,5.0,success,False,2026-08-17T21:30:13.279777+09:00
Content Trail,10.0,0.0,success,False,2026-08-18T07:52:40.105947+09:00
Content Trend,320.0,14.0,success,False,2026-08-28T01:07:52.961175+09:00
Content Trial,,,failed,False,2026-08-27T21:15:31.900187+09:00
Content Unit,70.0,0.0,success,False,2026-08-21T01:53:55.864574+09:00
Content Update,390.0,1.0,success,False,2026-08-19T20:40:13.253783+09:00
Content Value,170.0,4.0,success,False,2026-08-23T02:57:24.970560+09:00
Content Vault,210.0,4.0,success,False,2026-08-17T20:41:13.511022+09:00
Content Version,590.0,0.0,success,False,2026-08-23T03:23:15.682212+09:00
Content View,720.0,1.0,success,False,2026-08-19T20:39:30.002249+09:00
Content Voucher,10.0,14.0,success,False,2026-08-21T00:24:57.111152+09:00
Content Watch,1600.0,3.0,success,False,2026-08-17T20:34:07.278551+09:00
Content Wave,70.0,11.0,success,False,2026-08-17T21:40:37.066671+09:00
Content Widget,40.0,0.0,success,False,2026-08-27T23:13:58.602342+09:00
Content Workbench,10.0,0.0,success,False,2026-08-18T22:08:32.701996+09:00
Content Worksheet,20.0,0.0,success,False,2026-08-27T22:09:58.164830+09:00
Content Workshop,140.0,8.0,success,False,2026-08-28T00:26:14.926541+09:00
Content Zone,90.0,3.0,success,False,2026-08-17T20:40:51.053535+09:00
Contingency Advance,20.0,0.0,success,False,2026-08-23T16:12:43.953628+09:00
Contingency Alert,,,failed,False,2026-08-21T01:39:30.579891+09:00
Contingency Allowance,390.0,0.0,success,False,2026-08-21T02:41:24.321159+09:00
Contingency Analyzer,,,failed,False,2026-08-27T23:58:23.732862+09:00
Contingency Arrears,,,failed,False,2026-08-23T16:12:41.676987+09:00
Contingency Asset,10.0,0.0,success,False,2026-08-23T13:45:33.532917+09:00
Contingency Atlas,,,failed,False,2026-08-21T01:37:13.589246+09:00
Contingency Badge,,,failed,False,2026-08-21T01:42:20.086183+09:00
Contingency Balance,,,failed,False,2026-08-23T13:45:29.589427+09:00
Contingency Base,260.0,2.0,success,False,2026-08-21T01:35:50.350557+09:00
Contingency Beacon,,,failed,False,2026-08-21T01:43:52.896076+09:00
Contingency Bill,880.0,0.0,success,False,2026-08-21T01:41:42.095051+09:00
Contingency Board,,,failed,False,2026-08-21T01:35:50.350557+09:00
Contingency Bridge,,,failed,False,2026-08-21T01:44:07.789434+09:00
Contingency Brief,,,failed,False,2026-08-21T01:42:46.013630+09:00
Contingency Bulletin,,,failed,False,2026-08-21T01:42:43.370438+09:00
Contingency Cabinet,,,failed,False,2026-08-27T23:14:52.026245+09:00
Contingency Calendar,,,failed,False,2026-08-21T01:38:08.891636+09:00
Contingency Card,10.0,0.0,success,False,2026-08-21T01:40:19.724237+09:00
Contingency Cascade,,,failed,False,2026-08-21T01:44:01.894856+09:00
Contingency Cash,30.0,2.0,success,False,2026-08-21T02:24:39.206528+09:00
Contingency Cashback,,,failed,False,2026-08-27T21:15:51.614768+09:00
Contingency Center,,,failed,False,2026-08-21T01:35:50.350557+09:00
Contingency Chain,,,failed,False,2026-08-21T01:36:55.107278+09:00
Contingency Charge,390.0,0.0,success,False,2026-08-21T02:41:14.911892+09:00
Contingency Chart,90.0,0.0,success,False,2026-08-21T01:39:35.935414+09:00
Contingency Check,30.0,0.0,success,False,2026-08-21T01:40:28.771256+09:00
Contingency Checker,,,failed,False,2026-08-27T23:58:14.186756+09:00
Contingency Code,10.0,0.0,success,False,2026-08-21T01:41:48.955996+09:00
Contingency Comparison,,,failed,False,2026-08-28T01:09:03.847299+09:00
Contingency Confirmation,,,failed,False,2026-08-21T01:43:00.390217+09:00
Contingency Console,,,failed,False,2026-08-21T01:35:50.350557+09:00
Contingency Contribution,,,failed,False,2026-08-23T16:12:37.758659+09:00
Contingency Core,,,failed,False,2026-08-21T01:35:50.350557+09:00
Contingency Cost,1300.0,0.0,success,True,2026-08-21T02:07:53.857202+09:00
Contingency Count,,,failed,False,2026-08-27T22:49:12.101032+09:00
Contingency Counter,,,failed,False,2026-08-21T01:38:34.046103+09:00
Contingency Coupon,,,failed,False,2026-08-27T21:15:51.614768+09:00
Contingency Deal,20.0,0.0,success,False,2026-08-21T01:50:37.837516+09:00
Contingency Debt,10.0,0.0,success,False,2026-08-21T02:24:30.364633+09:00
Contingency Deck,,,failed,False,2026-08-21T01:35:50.350557+09:00
Contingency Desk,,,failed,False,2026-08-21T01:43:27.778790+09:00
Contingency Detail,,,failed,False,2026-08-23T03:22:11.470893+09:00
Contingency Detector,,,failed,False,2026-08-27T23:58:18.988715+09:00
Contingency Diagram,70.0,0.0,success,False,2026-08-27T22:10:39.067015+09:00
Contingency Directory,,,failed,False,2026-08-21T01:38:16.172375+09:00
Contingency Downpayment,,,failed,False,2026-08-27T21:47:08.253611+09:00
Contingency Draft,,,failed,False,2026-08-21T01:41:14.289680+09:00
Contingency Due,,,failed,False,2026-08-23T15:50:49.697674+09:00
Contingency Duty,,,failed,False,2026-08-21T02:41:18.531749+09:00
Contingency Engine,,,failed,False,2026-08-21T01:37:24.140763+09:00
Contingency Entry,,,failed,False,2026-08-21T01:43:07.474360+09:00
Contingency Estimate,210.0,0.0,success,False,2026-08-21T01:41:35.548332+09:00
Contingency Estimator,,,failed,False,2026-08-27T23:58:08.716476+09:00
Contingency Extension,,,failed,False,2026-08-23T16:38:16.847667+09:00
Contingency Fare,,,failed,False,2026-08-21T02:08:03.839367+09:00
Contingency Fee,6600.0,2.0,success,False,2026-08-21T01:50:11.823899+09:00
Contingency Feed,,,failed,False,2026-08-21T01:41:08.747647+09:00
Contingency Field,,,failed,False,2026-08-23T13:09:19.095608+09:00
Contingency File,20.0,0.0,success,False,2026-08-21T01:40:55.486600+09:00
Contingency Fine,,,failed,False,2026-08-23T02:56:26.483203+09:00
Contingency Flow,,,failed,False,2026-08-21T01:43:18.678031+09:00
Contingency Forge,,,failed,False,2026-08-21T01:43:59.593158+09:00
Contingency Form,260.0,0.0,success,False,2026-08-21T01:40:15.311910+09:00
Contingency Format,,,failed,False,2026-08-23T13:09:22.371145+09:00
Contingency Frame,,,failed,False,2026-08-21T01:35:50.350557+09:00
Contingency Fund,8100.0,0.0,success,True,2026-08-21T02:24:36.091430+09:00
Contingency Gate,40.0,0.0,success,False,2026-08-21T01:37:02.343165+09:00
Contingency Generator,,,failed,False,2026-08-27T23:36:01.279667+09:00
Contingency Giveaway,,,failed,False,2026-08-27T21:16:00.984636+09:00
Contingency Graph,70.0,2.0,success,False,2026-08-27T22:10:29.150854+09:00
Contingency Grid,,,failed,False,2026-08-21T01:44:28.935205+09:00
Contingency Guardian,,,failed,False,2026-08-28T00:27:09.738576+09:00
Contingency Helper,,,failed,False,2026-08-28T00:27:12.240224+09:00
Contingency History,880.0,0.0,success,False,2026-08-21T01:40:50.890695+09:00
Contingency Hub,10.0,,success,False,2026-08-21T01:43:23.087757+09:00
Contingency Identifier,,,failed,False,2026-08-23T13:09:17.043261+09:00
Contingency Incentive,,,failed,False,2026-08-27T21:15:54.960799+09:00
Contingency Index,,,failed,False,2026-08-21T01:41:25.621539+09:00
Contingency Installment,,,failed,False,2026-08-23T16:12:35.033809+09:00
Contingency Interest,,,failed,False,2026-08-23T13:45:33.532917+09:00
Contingency Item,140.0,0.0,success,False,2026-08-21T01:50:16.047866+09:00
Contingency Journal,,,failed,False,2026-08-21T01:37:57.190809+09:00
Contingency Keeper,,,failed,False,2026-08-21T01:37:16.023011+09:00
Contingency Lab,20.0,1.0,success,False,2026-08-21T01:35:50.350557+09:00
Contingency Label,,,failed,False,2026-08-27T22:10:31.579374+09:00
Contingency Ledger,,,failed,False,2026-08-21T01:35:50.350557+09:00
Contingency Level,10.0,0.0,success,False,2026-08-21T01:40:58.554709+09:00
Contingency Levy,,,failed,False,2026-08-23T13:45:36.815787+09:00
Contingency Link,10.0,0.0,success,False,2026-08-23T03:22:03.644415+09:00
Contingency List,140.0,2.0,success,False,2026-08-21T01:41:52.008026+09:00
Contingency Loan,720.0,3.0,success,False,2026-08-21T02:08:11.666475+09:00
Contingency Locator,,,failed,False,2026-08-21T01:38:18.535087+09:00
Contingency Locker,,,failed,False,2026-08-21T01:38:35.952865+09:00
Contingency Log,,,failed,False,2026-08-21T01:40:12.068388+09:00
Contingency Loop,10.0,0.0,success,False,2026-08-21T01:44:25.853714+09:00
Contingency Manual,20.0,0.0,success,False,2026-08-27T22:10:31.579374+09:00
Contingency Map,880.0,1.0,success,False,2026-08-21T01:35:50.350557+09:00
Contingency Margin,40.0,0.0,success,False,2026-08-23T02:56:24.253545+09:00
Contingency Memo,,,failed,False,2026-08-21T01:42:32.456630+09:00
Contingency Message,50.0,0.0,success,False,2026-08-27T23:14:49.427940+09:00
Contingency Monitor,,,failed,False,2026-08-21T01:37:37.070410+09:00
Contingency Nexus,,,failed,False,2026-08-21T01:37:07.808277+09:00
Contingency Note,20.0,0.0,success,False,2026-08-21T01:40:35.434951+09:00
Contingency Notification,,,failed,False,2026-08-27T22:49:02.475082+09:00
Contingency Number,40.0,0.0,success,False,2026-08-23T03:21:56.707046+09:00
Contingency Office,10.0,0.0,success,False,2026-08-21T01:38:26.164281+09:00
Contingency Ops,,,failed,False,2026-08-21T01:37:48.907066+09:00
Contingency Order,170.0,0.0,success,False,2026-08-21T01:41:39.026443+09:00
Contingency Outpost,,,failed,False,2026-08-21T01:38:57.072218+09:00
Contingency Overage,,,failed,False,2026-08-27T21:47:05.962227+09:00
Contingency Overdue,,,failed,False,2026-08-27T21:47:03.271568+09:00
Contingency Panel,,,failed,False,2026-08-21T01:35:50.350557+09:00
Contingency Pass,,,failed,False,2026-08-21T01:42:07.777661+09:00
Contingency Path,,,failed,False,2026-08-21T01:44:38.139446+09:00
Contingency Payoff,,,failed,False,2026-08-27T21:47:03.271568+09:00
Contingency Penalty,,,failed,False,2026-08-23T16:38:11.972867+09:00
Contingency Petition,,,failed,False,2026-08-21T01:42:55.803836+09:00
Contingency Plan,60500.0,0.0,success,True,2026-08-21T01:50:28.240015+09:00
Contingency Planner,60500.0,0.0,success,True,2026-08-21T01:37:30.941685+09:00
Contingency Playbook,,,failed,False,2026-08-21T01:37:55.040790+09:00
Contingency Point,20.0,0.0,success,False,2026-08-21T01:35:50.350557+09:00
Contingency Portal,,,failed,False,2026-08-21T01:35:50.350557+09:00
Contingency Preview,,,failed,False,2026-08-28T01:09:03.847299+09:00
Contingency Profile,,,failed,False,2026-08-21T01:40:39.778843+09:00
Contingency Profit,,,failed,False,2026-08-23T02:56:12.259379+09:00
Contingency Proposal,,,failed,False,2026-08-28T01:09:03.847299+09:00
Contingency Quota,,,failed,False,2026-08-21T01:42:34.994206+09:00
Contingency Radar,,,failed,False,2026-08-21T01:43:34.239530+09:00
Contingency Rate,90.0,3.0,success,False,2026-08-21T01:41:02.771886+09:00
Contingency Receipt,,,failed,False,2026-08-21T01:41:46.462785+09:00
Contingency Recorder,,,failed,False,2026-08-27T23:36:04.672816+09:00
Contingency Register,260.0,0.0,success,False,2026-08-21T01:37:44.630220+09:00
Contingency Relay,,,failed,False,2026-08-21T01:43:39.038620+09:00
Contingency Reminder,,,failed,False,2026-08-21T01:41:22.153477+09:00
Contingency Report,70.0,0.0,success,False,2026-08-21T01:40:07.956384+09:00
Contingency Repository,,,failed,False,2026-08-27T23:14:55.579423+09:00
Contingency Result,,,failed,False,2026-08-28T00:48:52.338706+09:00
Contingency Ring,,,failed,False,2026-08-21T01:36:59.790111+09:00
Contingency Roster,10.0,0.0,success,False,2026-08-21T01:39:21.617747+09:00
Contingency Route,40.0,0.0,success,False,2026-08-21T01:36:42.310879+09:00
Contingency Rule,90.0,0.0,success,False,2026-08-23T03:22:06.290002+09:00
Contingency Sale,590.0,9.0,success,False,2026-08-21T02:24:43.440499+09:00
Contingency Sample,50.0,0.0,success,False,2026-08-21T01:42:02.866390+09:00
Contingency Scale,,,failed,False,2026-08-21T01:36:36.837653+09:00
Contingency Scanner,,,failed,False,2026-08-27T23:58:18.988715+09:00
Contingency Score,,,failed,False,2026-08-21T01:40:31.088878+09:00
Contingency Sheet,,,failed,False,2026-08-21T01:40:26.570038+09:00
Contingency Shortfall,,,failed,False,2026-08-27T21:47:08.253611+09:00
Contingency Signal,,,failed,False,2026-08-21T01:44:11.369887+09:00
Contingency Signature,,,failed,False,2026-08-23T13:28:19.840300+09:00
Contingency Slip,,,failed,False,2026-08-21T01:42:00.180241+09:00
Contingency Slot,,,failed,False,2026-08-21T01:42:05.228292+09:00
Contingency Stage,,,failed,False,2026-08-28T00:48:52.338706+09:00
Contingency Stake,,,failed,False,2026-08-23T02:56:21.131414+09:00
Contingency Statement,170.0,0.0,success,False,2026-08-21T01:42:29.387533+09:00
Contingency Station,,,failed,False,2026-08-21T01:35:50.350557+09:00
Contingency Status,50.0,1.0,success,False,2026-08-21T01:40:45.060160+09:00
Contingency Stub,,,failed,False,2026-08-21T01:42:22.878879+09:00
Contingency Studio,,,failed,False,2026-08-21T01:35:50.350557+09:00
Contingency Sum,320.0,0.0,success,False,2026-08-21T02:24:27.084847+09:00
Contingency Summary,,,failed,False,2026-08-21T01:41:16.296353+09:00
Contingency Tab,,,failed,False,2026-08-21T01:42:40.721389+09:00
Contingency Table,18100.0,0.0,success,True,2026-08-21T01:41:56.935291+09:00
Contingency Tag,,,failed,False,2026-08-21T01:40:37.729948+09:00
Contingency Tariff,,,failed,False,2026-08-21T02:41:28.147668+09:00
Contingency Tax,70.0,0.0,success,False,2026-08-21T02:08:07.470140+09:00
Contingency Terminal,,,failed,False,2026-08-21T01:35:50.350557+09:00
Contingency Ticket,,,failed,False,2026-08-21T01:41:30.332578+09:00
Contingency Timeline,,,failed,False,2026-08-21T01:41:20.184116+09:00
Contingency Timer,,,failed,False,2026-08-28T00:27:06.057605+09:00
Contingency Toll,,,failed,False,2026-08-21T02:41:21.123178+09:00
Contingency Toolbox,,,failed,False,2026-08-28T00:27:09.738576+09:00
Contingency Total,,,failed,False,2026-08-27T23:14:49.427940+09:00
Contingency Tracker,,,failed,False,2026-08-21T01:43:14.953756+09:00
Contingency Trend,,,failed,False,2026-08-28T01:09:01.288346+09:00
Contingency Trial,,,failed,False,2026-08-27T21:15:54.960799+09:00
Contingency Unit,,,failed,False,2026-08-21T01:50:44.435250+09:00
Contingency Update,,,failed,False,2026-08-21T01:41:06.507181+09:00
Contingency Value,20.0,0.0,success,False,2026-08-23T02:56:17.565255+09:00
Contingency Vault,,,failed,False,2026-08-21T01:43:45.085248+09:00
Contingency Version,,,failed,False,2026-08-23T03:22:01.031781+09:00
Contingency View,90.0,0.0,success,False,2026-08-21T01:40:48.434359+09:00
Contingency Voucher,20.0,0.0,success,False,2026-08-21T01:42:13.880844+09:00
Contingency Wave,,,failed,False,2026-08-21T01:44:33.537295+09:00
Contingency Widget,,,failed,False,2026-08-27T23:14:52.026245+09:00
Contingency Worksheet,,,failed,False,2026-08-27T22:10:35.314261+09:00
Contingency Zone,20.0,0.0,success,False,2026-08-21T01:35:50.350557+09:00
Contract Advance,260.0,28.0,success,False,2026-08-23T16:11:08.956491+09:00
Contract Advisory,20.0,12.0,success,False,2026-08-21T01:02:10.080773+09:00
Contract Allowance,260.0,1.0,success,False,2026-08-21T02:41:32.223715+09:00
Contract Almanac,,,failed,False,2026-08-18T22:09:01.069434+09:00
Contract Analyzer,110.0,51.0,success,False,2026-08-27T23:52:05.723363+09:00
Contract Anchor,,,failed,False,2026-08-17T20:45:15.345040+09:00
Contract Announcement,20.0,0.0,success,False,2026-08-27T23:32:33.346775+09:00
Contract Arrears,,,failed,False,2026-08-23T16:11:08.956491+09:00
Contract Asset,1900.0,0.0,success,True,2026-08-23T13:45:55.611142+09:00
Contract Assistant,210.0,3.0,success,False,2026-08-17T23:11:59.928630+09:00
Contract Atlas,,,failed,False,2026-08-17T20:35:59.491401+09:00
Contract Attribute,,,failed,False,2026-08-23T13:05:25.615596+09:00
Contract Badge,,,failed,False,2026-08-21T00:27:00.975108+09:00
Contract Balance,110.0,0.0,success,False,2026-08-23T13:45:48.186439+09:00
Contract Base,1600.0,0.0,success,True,2026-08-17T20:32:36.001496+09:00
Contract Beacon,,,failed,False,2026-08-17T21:30:47.592348+09:00
Contract Bill,210.0,2.0,success,False,2026-08-19T21:46:07.673702+09:00
Contract Blueprint,20.0,20.0,success,False,2026-08-18T22:08:52.301038+09:00
Contract Board,140.0,8.0,success,False,2026-08-17T21:41:22.072079+09:00
Contract Book,3600.0,49.0,success,False,2026-08-19T21:47:05.219311+09:00
Contract Bridge,49500.0,2.0,success,False,2026-08-17T20:46:03.469899+09:00
Contract Brief,70.0,0.0,success,False,2026-08-21T00:59:58.992040+09:00
Contract Bulletin,90.0,0.0,success,False,2026-08-21T00:59:54.516148+09:00
Contract Cabinet,,,failed,False,2026-08-27T23:10:37.523000+09:00
Contract Calculator,880.0,3.0,success,False,2026-08-27T23:32:36.959010+09:00
Contract Calendar,20.0,0.0,success,False,2026-08-18T23:58:42.867449+09:00
Contract Card,210.0,1.0,success,False,2026-08-19T13:23:19.735168+09:00
Contract Cascade,,,failed,False,2026-08-17T20:47:16.621554+09:00
Contract Cash,,,failed,False,2026-08-21T02:25:53.601509+09:00
Contract Cashback,10.0,29.0,success,False,2026-08-27T21:13:01.722363+09:00
Contract Catalog,20.0,13.0,success,False,2026-08-19T21:10:51.939321+09:00
Contract Category,70.0,1.0,success,False,2026-08-23T13:05:23.446570+09:00
Contract Center,110.0,7.0,success,False,2026-08-17T21:33:36.085901+09:00
Contract Chain,50.0,1.0,success,False,2026-08-17T20:40:32.567080+09:00
Contract Charge,110.0,0.0,success,False,2026-08-21T02:41:18.531749+09:00
Contract Check,720.0,15.0,success,False,2026-08-19T13:23:46.954730+09:00
Contract Checker,720.0,15.0,success,False,2026-08-27T23:51:57.345982+09:00
Contract Checklist,140.0,4.0,success,False,2026-08-19T21:09:52.138956+09:00
Contract Circular,,,failed,False,2026-08-21T01:02:07.931527+09:00
Contract Cockpit,,,failed,False,2026-08-17T23:10:18.497736+09:00
Contract Code,260.0,2.0,success,False,2026-08-19T21:46:29.828345+09:00
Contract Codex,50.0,12.0,success,False,2026-08-18T22:02:35.560643+09:00
Contract Companion,170.0,39.0,success,False,2026-08-17T23:10:06.483021+09:00
Contract Comparison,390.0,29.0,success,False,2026-08-28T01:01:55.633503+09:00
Contract Compass,90.0,1.0,success,False,2026-08-17T21:31:56.784481+09:00
Contract Compendium,,,failed,False,2026-08-18T21:11:26.018001+09:00
Contract Confirmation,170.0,1.0,success,False,2026-08-21T01:00:18.302882+09:00
Contract Console,,,failed,False,2026-08-17T21:30:15.996537+09:00
Contract Converter,,,failed,False,2026-08-27T23:32:40.029337+09:00
Contract Core,30.0,0.0,success,False,2026-08-18T07:43:57.402622+09:00
Contract Cost,1600.0,0.0,success,True,2026-08-21T02:09:08.901398+09:00
Contract Count,,,failed,False,2026-08-27T22:45:00.824166+09:00
Contract Counter,40.0,2.0,success,False,2026-08-18T23:59:34.906916+09:00
Contract Coupon,,,failed,False,2026-08-27T21:12:59.208111+09:00
Contract Dashboard,110.0,28.0,success,False,2026-08-17T23:15:12.775041+09:00
Contract Deal,1300.0,100.0,success,False,2026-08-21T01:52:03.394231+09:00
Contract Debt,590.0,8.0,success,False,2026-08-21T02:25:47.031494+09:00
Contract Deck,,,failed,False,2026-08-17T21:39:19.495692+09:00
Contract Depot,20.0,33.0,success,False,2026-08-18T23:59:17.064429+09:00
Contract Desk,50.0,90.0,success,False,2026-08-17T21:36:20.278504+09:00
Contract Detail,880.0,0.0,success,False,2026-08-23T03:14:59.429482+09:00
Contract Detector,,,failed,False,2026-08-27T23:52:05.723363+09:00
Contract Dial,,,failed,False,2026-08-17T20:46:42.242736+09:00
Contract Digest,,,failed,False,2026-08-19T20:39:55.789733+09:00
Contract Directory,30.0,0.0,success,False,2026-08-18T23:58:52.034754+09:00
Contract Discount,40.0,1.0,success,False,2026-08-23T16:13:18.611192+09:00
Contract Dock,,,failed,False,2026-08-17T20:42:52.966707+09:00
Contract Dossier,,,failed,False,2026-08-21T01:00:22.728561+09:00
Contract Draft,1900.0,10.0,success,False,2026-08-19T20:40:17.061535+09:00
Contract Due,30.0,1.0,success,False,2026-08-23T15:51:15.880461+09:00
Contract Duty,170.0,0.0,success,False,2026-08-21T02:41:21.123178+09:00
Contract Engine,20.0,2.0,success,False,2026-08-17T23:06:52.573020+09:00
Contract Entry,30.0,0.0,success,False,2026-08-21T01:00:33.906602+09:00
Contract Estimate,110.0,24.0,success,False,2026-08-19T21:10:39.923410+09:00
Contract Estimator,50.0,51.0,success,False,2026-08-27T23:51:57.345982+09:00
Contract Excerpt,20.0,0.0,success,False,2026-08-21T01:02:16.623580+09:00
Contract Extension,2400.0,1.0,success,False,2026-08-23T16:37:06.410620+09:00
Contract Fare,,,failed,False,2026-08-21T02:09:16.825512+09:00
Contract Fee,390.0,1.0,success,False,2026-08-21T01:51:43.156382+09:00
Contract Feed,,,failed,False,2026-08-19T20:40:06.734480+09:00
Contract File,210.0,13.0,success,False,2026-08-19T20:39:24.748166+09:00
Contract Finder,9900.0,26.0,success,False,2026-08-18T23:59:08.925896+09:00
Contract Fine,20.0,0.0,success,False,2026-08-23T02:55:55.232894+09:00
Contract Flag,,,failed,False,2026-08-21T00:27:55.902205+09:00
Contract Flow,260.0,24.0,success,False,2026-08-17T21:40:41.309160+09:00
Contract Forge,,,failed,False,2026-08-17T20:48:31.729678+09:00
Contract Form,8100.0,16.0,success,False,2026-08-19T13:23:10.003028+09:00
Contract Format,8100.0,16.0,success,False,2026-08-23T13:05:30.348326+09:00
Contract Frame,590.0,1.0,success,False,2026-08-17T20:33:41.175079+09:00
Contract Fund,30.0,0.0,success,False,2026-08-21T02:25:50.623607+09:00
Contract Gate,,,failed,False,2026-08-17T20:37:57.626492+09:00
Contract Generator,720.0,61.0,success,False,2026-08-27T23:32:40.029337+09:00
Contract Giveaway,,,failed,False,2026-08-27T21:13:10.326383+09:00
Contract Grade,,,failed,False,2026-08-21T00:27:34.970005+09:00
Contract Graph,,,failed,False,2026-08-27T22:07:05.837486+09:00
Contract Grid,,,failed,False,2026-08-17T20:40:52.985789+09:00
Contract Guarantee,170.0,1.0,success,False,2026-08-28T01:01:58.415917+09:00
Contract Guard,30.0,5.0,success,False,2026-08-17T20:31:59.985806+09:00
Contract Guardian,170.0,13.0,success,False,2026-08-28T00:22:18.393624+09:00
Contract Guidebook,,,failed,False,2026-08-18T22:08:36.440640+09:00
Contract Helpdesk,,,failed,False,2026-08-27T22:45:05.269508+09:00
Contract Helper,70.0,22.0,success,False,2026-08-28T00:22:21.008845+09:00
Contract History,90.0,0.0,success,False,2026-08-19T20:39:14.214038+09:00
Contract Hotline,,,failed,False,2026-08-19T21:11:02.607888+09:00
Contract Hub,260.0,28.0,success,False,2026-08-17T21:38:29.386806+09:00
Contract Identifier,480.0,50.0,success,False,2026-08-23T13:05:20.503897+09:00
Contract Incentive,140.0,0.0,success,False,2026-08-27T21:13:04.814179+09:00
Contract Index,110.0,0.0,success,False,2026-08-19T21:10:07.849360+09:00
Contract Insight,40.0,36.0,success,False,2026-08-17T23:05:14.518937+09:00
Contract Installment,,,failed,False,2026-08-23T16:11:06.629164+09:00
Contract Interest,90.0,0.0,success,False,2026-08-23T13:45:48.186439+09:00
Contract Item,90.0,0.0,success,False,2026-08-21T01:51:47.599222+09:00
Contract Journal,90.0,3.0,success,False,2026-08-18T22:08:19.564377+09:00
Contract Keeper,10.0,28.0,success,False,2026-08-17T20:34:08.377719+09:00
Contract Kit,40.0,17.0,success,False,2026-08-27T22:44:57.466905+09:00
Contract Lab,590.0,9.0,success,False,2026-08-17T21:36:43.981322+09:00
Contract Label,50.0,3.0,success,False,2026-08-27T22:07:09.283408+09:00
Contract Ledger,90.0,2.0,success,False,2026-08-18T07:43:57.402622+09:00
Contract Lens,368000.0,100.0,success,False,2026-08-17T20:34:34.179062+09:00
Contract Level,40.0,0.0,success,False,2026-08-19T20:39:32.642664+09:00
Contract Link,70.0,12.0,success,False,2026-08-23T03:14:51.168783+09:00
Contract List,1600.0,2.0,success,False,2026-08-19T21:46:42.037661+09:00
Contract Loan,260.0,43.0,success,False,2026-08-21T02:09:26.864571+09:00
Contract Locator,,,failed,False,2026-08-18T23:58:59.776089+09:00
Contract Lock,40.0,1.0,success,False,2026-08-17T20:36:26.800121+09:00
Contract Locker,,,failed,False,2026-08-19T00:23:43.046041+09:00
Contract Log,50.0,11.0,success,False,2026-08-19T13:22:55.768758+09:00
Contract Loop,,,failed,False,2026-08-17T20:41:46.079279+09:00
Contract Manager,8100.0,10.0,success,False,2026-08-17T20:33:08.305690+09:00
Contract Manual,70.0,4.0,success,False,2026-08-27T22:07:09.283408+09:00
Contract Map,880.0,5.0,success,False,2026-08-17T20:35:28.436030+09:00
Contract Margin,50.0,1.0,success,False,2026-08-23T02:55:53.099561+09:00
Contract Marker,,,failed,False,2026-08-23T13:26:25.215433+09:00
Contract Markup,260.0,7.0,success,False,2026-08-23T16:37:04.042408+09:00
Contract Memo,12100.0,1.0,success,False,2026-08-21T00:27:42.259289+09:00
Contract Message,10.0,0.0,success,False,2026-08-27T23:10:31.050648+09:00
Contract Meter,,,failed,False,2026-08-17T20:45:42.370254+09:00
Contract Metrics,30.0,7.0,success,False,2026-08-17T23:08:23.954708+09:00
Contract Monitor,320.0,14.0,success,False,2026-08-17T23:13:41.173741+09:00
Contract Navigator,,,failed,False,2026-08-17T23:04:39.264131+09:00
Contract Nexus,480.0,1.0,success,False,2026-08-17T20:36:59.320935+09:00
Contract Node,,,failed,False,2026-08-17T20:38:43.149907+09:00
Contract Note,1300.0,0.0,success,True,2026-08-19T13:24:22.197081+09:00
Contract Notification,20.0,5.0,success,False,2026-08-27T22:44:52.843533+09:00
Contract Number,2900.0,0.0,success,True,2026-08-23T03:14:42.643964+09:00
Contract Office,140.0,2.0,success,False,2026-08-18T23:59:27.223478+09:00
Contract Ops,210.0,2.0,success,False,2026-08-17T23:04:25.350258+09:00
Contract Order,210.0,2.0,success,False,2026-08-19T21:45:53.420711+09:00
Contract Organizer,40.0,1.0,success,False,2026-08-17T23:08:34.451093+09:00
Contract Overdue,10.0,8.0,success,False,2026-08-27T21:45:59.200970+09:00
Contract Panel,,,failed,False,2026-08-17T20:47:58.336807+09:00
Contract Path,10.0,0.0,success,False,2026-08-17T20:38:19.209708+09:00
Contract Payoff,10.0,8.0,success,False,2026-08-27T21:46:01.626926+09:00
Contract Penalty,320.0,0.0,success,False,2026-08-23T16:37:01.033816+09:00
Contract Petition,,,failed,False,2026-08-21T01:00:11.561504+09:00
Contract Pilot,390.0,17.0,success,False,2026-08-17T21:37:21.496927+09:00
Contract Plan,210.0,10.0,success,False,2026-08-21T01:51:57.784692+09:00
Contract Planner,20.0,13.0,success,False,2026-08-17T22:51:27.768654+09:00
Contract Playbook,210.0,27.0,success,False,2026-08-18T22:08:12.988621+09:00
Contract Point,140.0,1.0,success,False,2026-08-17T20:37:24.505740+09:00
Contract Portal,260.0,8.0,success,False,2026-08-17T21:31:23.168898+09:00
Contract Preview,320.0,1.0,success,False,2026-08-28T01:01:55.633503+09:00
Contract Profile,30.0,0.0,success,False,2026-08-19T13:24:56.019665+09:00
Contract Profit,50.0,0.0,success,False,2026-08-23T02:55:41.389421+09:00
Contract Proposal,1000.0,60.0,success,False,2026-08-28T01:01:58.415917+09:00
Contract Pulse,,,failed,False,2026-08-17T20:40:08.225876+09:00
Contract Queue,,,failed,False,2026-08-19T21:10:29.402308+09:00
Contract Quota,,,failed,False,2026-08-21T00:27:51.416222+09:00
Contract Radar,10.0,18.0,success,False,2026-08-17T21:35:14.152571+09:00
Contract Rail,,,failed,False,2026-08-17T20:42:06.946542+09:00
Contract Rate,1300.0,1.0,success,False,2026-08-19T20:39:41.503731+09:00
Contract Recap,,,failed,False,2026-08-21T01:00:25.578415+09:00
Contract Receipt,320.0,96.0,success,False,2026-08-19T21:46:20.188818+09:00
Contract Recorder,,,failed,False,2026-08-27T23:32:42.762901+09:00
Contract Register,880.0,5.0,success,False,2026-08-17T23:03:39.400104+09:00
Contract Registry,880.0,5.0,success,False,2026-08-18T22:08:43.049836+09:00
Contract Relay,20.0,83.0,success,False,2026-08-17T21:34:09.721109+09:00
Contract Reminder,20.0,9.0,success,False,2026-08-19T21:09:40.471721+09:00
Contract Report,590.0,3.0,success,False,2026-08-19T13:22:09.591180+09:00
Contract Repository,720.0,20.0,success,False,2026-08-27T23:10:40.131699+09:00
Contract Result,10.0,0.0,success,False,2026-08-28T00:46:12.619703+09:00
Contract Roadmap,10.0,,success,False,2026-08-18T22:02:46.582498+09:00
Contract Roster,,,failed,False,2026-08-19T00:36:52.729176+09:00
Contract Route,10.0,0.0,success,False,2026-08-17T20:43:55.064759+09:00
Contract Rule,260.0,3.0,success,False,2026-08-23T03:14:55.080924+09:00
Contract Sale,9900.0,6.0,success,False,2026-08-21T02:25:59.297290+09:00
Contract Sample,6600.0,25.0,success,False,2026-08-19T21:47:38.670449+09:00
Contract Scale,10.0,0.0,success,False,2026-08-17T20:44:37.629482+09:00
Contract Scanner,140.0,25.0,success,False,2026-08-27T23:52:02.296949+09:00
Contract Scheduler,260.0,3.0,success,False,2026-08-17T23:06:37.704524+09:00
Contract Scope,320.0,1.0,success,False,2026-08-17T20:42:24.319818+09:00
Contract Score,,,failed,False,2026-08-19T13:24:10.018965+09:00
Contract Sentry,,,failed,False,2026-08-17T20:35:00.475766+09:00
Contract Sheet,170.0,58.0,success,False,2026-08-19T13:23:28.561494+09:00
Contract Signal,,,failed,False,2026-08-17T20:44:15.738532+09:00
Contract Signature,880.0,20.0,success,False,2026-08-23T13:26:22.288872+09:00
Contract Slip,20.0,4.0,success,False,2026-08-19T21:47:20.280191+09:00
Contract Slot,20.0,0.0,success,False,2026-08-19T21:45:58.620929+09:00
Contract Snapshot,,,failed,False,2026-08-18T22:08:28.742242+09:00
Contract Stage,590.0,1.0,success,False,2026-08-28T00:46:12.619703+09:00
Contract Stake,,,failed,False,2026-08-23T02:55:47.607915+09:00
Contract Stamp,260.0,4.0,success,False,2026-08-23T13:26:27.447056+09:00
Contract Statement,70.0,2.0,success,False,2026-08-21T00:27:19.385133+09:00
Contract Station,10.0,0.0,success,False,2026-08-17T21:35:44.584576+09:00
Contract Status,590.0,1.0,success,False,2026-08-19T20:38:57.092601+09:00
Contract Stub,,,failed,False,2026-08-21T00:27:09.364121+09:00
Contract Studio,140.0,3.0,success,False,2026-08-17T21:37:55.576177+09:00
Contract Suite,20.0,16.0,success,False,2026-08-17T23:04:46.904606+09:00
Contract Sum,210.0,0.0,success,False,2026-08-21T02:25:44.046093+09:00
Contract Summary,320.0,7.0,success,False,2026-08-19T21:09:15.467375+09:00
Contract Sync,10.0,3.0,success,False,2026-08-18T01:28:07.797651+09:00
Contract Tab,20.0,12.0,success,False,2026-08-21T00:28:03.957628+09:00
Contract Table,110.0,96.0,success,False,2026-08-19T21:46:54.129984+09:00
Contract Tag,,,failed,False,2026-08-19T13:24:45.773598+09:00
Contract Tally,,,failed,False,2026-08-21T00:27:27.558535+09:00
Contract Tariff,20.0,0.0,success,False,2026-08-21T02:41:35.267281+09:00
Contract Tax,50.0,2.0,success,False,2026-08-21T02:09:21.519694+09:00
Contract Ticket,10.0,0.0,success,False,2026-08-19T21:10:18.944671+09:00
Contract Tier,,,failed,False,2026-08-28T00:45:35.673593+09:00
Contract Timeline,50.0,0.0,success,False,2026-08-19T21:09:27.813218+09:00
Contract Timer,10.0,0.0,success,False,2026-08-28T00:22:11.514597+09:00
Contract Token,50.0,4.0,success,False,2026-08-23T13:26:19.905298+09:00
Contract Toll,20.0,1.0,success,False,2026-08-21T02:41:28.147668+09:00
Contract Toolbox,,,failed,False,2026-08-28T00:22:21.008845+09:00
Contract Toolkit,10.0,14.0,success,False,2026-08-18T22:08:04.928972+09:00
Contract Total,10.0,0.0,success,False,2026-08-27T23:10:34.837044+09:00
Contract Tracker,590.0,27.0,success,False,2026-08-18T07:43:59.355214+09:00
Contract Trail,,,failed,False,2026-08-17T20:41:16.510977+09:00
Contract Trend,,,failed,False,2026-08-28T01:01:51.337076+09:00
Contract Trial,10.0,0.0,success,False,2026-08-27T21:13:04.814179+09:00
Contract Unit,70.0,17.0,success,False,2026-08-21T01:51:54.787871+09:00
Contract Update,170.0,1.0,success,False,2026-08-19T20:39:50.711958+09:00
Contract Value,720.0,0.0,success,False,2026-08-23T02:55:43.726129+09:00
Contract Vault,70.0,29.0,success,False,2026-08-17T21:33:08.992358+09:00
Contract Version,30.0,3.0,success,False,2026-08-23T03:14:46.268297+09:00
Contract View,40.0,2.0,success,False,2026-08-19T20:39:07.135209+09:00
Contract Watch,720.0,33.0,success,False,2026-08-17T20:43:25.230587+09:00
Contract Wave,,,failed,False,2026-08-17T20:39:15.324728+09:00
Contract Widget,,,failed,False,2026-08-27T23:10:34.837044+09:00
Contract Workbench,10.0,48.0,success,False,2026-08-18T22:07:58.079048+09:00
Contract Worksheet,20.0,0.0,success,False,2026-08-27T22:07:14.755817+09:00
Contract Workshop,50.0,3.0,success,False,2026-08-28T00:22:15.974518+09:00
Contract Zone,40.0,8.0,success,False,2026-08-17T21:32:33.876836+09:00
Conversion Advisory,,,failed,False,2026-08-21T01:09:08.778546+09:00
Conversion Allowance,10.0,0.0,success,False,2026-08-21T02:39:30.658601+09:00
Conversion Almanac,,,failed,False,2026-08-18T22:10:08.621452+09:00
Conversion Analyzer,,,failed,False,2026-08-27T23:51:38.023281+09:00
Conversion Anchor,10.0,100.0,success,False,2026-08-17T20:40:26.535789+09:00
Conversion Announcement,,,failed,False,2026-08-27T23:31:41.970749+09:00
Conversion Asset,,,failed,False,2026-08-23T13:47:44.552149+09:00
Conversion Assistant,10.0,0.0,success,False,2026-08-17T23:24:10.330342+09:00
Conversion Atlas,,,failed,False,2026-08-18T07:53:03.495247+09:00
Conversion Attribute,,,failed,False,2026-08-23T13:07:29.372228+09:00
Conversion Base,8100.0,0.0,success,True,2026-08-17T21:37:08.932405+09:00
Conversion Beacon,,,failed,False,2026-08-17T20:43:44.073906+09:00
Conversion Bill,70.0,0.0,success,False,2026-08-19T21:57:19.204093+09:00
Conversion Blueprint,10.0,3.0,success,False,2026-08-18T22:10:00.373367+09:00
Conversion Board,110.0,2.0,success,False,2026-08-17T21:34:01.777052+09:00
Conversion Book,480.0,5.0,success,False,2026-08-19T21:58:14.220154+09:00
Conversion Bridge,110.0,9.0,success,False,2026-08-17T20:41:09.985510+09:00
Conversion Brief,,,failed,False,2026-08-21T01:08:59.079967+09:00
Conversion Bulletin,,,failed,False,2026-08-21T01:08:54.756215+09:00
Conversion Calculator,90500.0,1.0,success,False,2026-08-27T23:31:46.551451+09:00
Conversion Calendar,33100.0,0.0,success,True,2026-08-18T23:58:15.272323+09:00
Conversion Card,390.0,2.0,success,False,2026-08-19T13:37:07.437416+09:00
Conversion Cascade,,,failed,False,2026-08-17T20:42:00.146835+09:00
Conversion Cash,823000.0,2.0,success,False,2026-08-21T02:23:20.274615+09:00
Conversion Cashback,,,failed,False,2026-08-27T21:19:11.248734+09:00
Conversion Catalog,,,failed,False,2026-08-19T21:12:17.710681+09:00
Conversion Category,,,failed,False,2026-08-23T13:07:26.060181+09:00
Conversion Center,210.0,1.0,success,False,2026-08-17T20:45:56.929111+09:00
Conversion Chain,70.0,0.0,success,False,2026-08-17T20:35:19.683482+09:00
Conversion Charge,1300.0,0.0,success,True,2026-08-21T02:39:16.897271+09:00
Conversion Check,70.0,2.0,success,False,2026-08-19T13:37:44.092675+09:00
Conversion Checker,70.0,2.0,success,False,2026-08-27T23:51:32.749499+09:00
Conversion Checklist,30.0,0.0,success,False,2026-08-19T21:11:19.546080+09:00
Conversion Circular,,,failed,False,2026-08-21T01:09:04.636561+09:00
Conversion Cockpit,,,failed,False,2026-08-17T23:08:44.294677+09:00
Conversion Code,8100.0,4.0,success,False,2026-08-19T21:57:41.163401+09:00
Conversion Codex,10.0,0.0,success,False,2026-08-18T22:10:22.903886+09:00
Conversion Companion,,,failed,False,2026-08-17T23:26:04.596222+09:00
Conversion Comparison,10.0,16.0,success,False,2026-08-28T01:02:58.141304+09:00
Conversion Compass,,,failed,False,2026-08-17T20:44:29.668652+09:00
Conversion Compendium,,,failed,False,2026-08-18T22:10:14.241136+09:00
Conversion Confirmation,,,failed,False,2026-08-21T01:09:17.934023+09:00
Conversion Console,,,failed,False,2026-08-17T20:43:15.863986+09:00
Conversion Core,110.0,4.0,success,False,2026-08-17T21:36:07.544663+09:00
Conversion Cost,5400.0,0.0,success,True,2026-08-21T02:07:20.173569+09:00
Conversion Count,20.0,5.0,success,False,2026-08-27T22:51:44.321364+09:00
Conversion Counter,110.0,12.0,success,False,2026-08-18T23:59:06.121375+09:00
Conversion Coupon,10.0,0.0,success,False,2026-08-27T21:19:11.248734+09:00
Conversion Dashboard,50.0,9.0,success,False,2026-08-17T23:25:47.175267+09:00
Conversion Deal,,,failed,False,2026-08-21T01:50:37.837516+09:00
Conversion Debt,110.0,0.0,success,False,2026-08-21T02:23:11.717671+09:00
Conversion Deck,,,failed,False,2026-08-17T21:33:02.340741+09:00
Conversion Depot,,,failed,False,2026-08-18T23:58:52.034754+09:00
Conversion Desk,1000.0,100.0,success,False,2026-08-17T21:30:08.257838+09:00
Conversion Detail,,,failed,False,2026-08-23T03:19:24.648506+09:00
Conversion Detector,,,failed,False,2026-08-27T23:51:38.023281+09:00
Conversion Diagram,320.0,2.0,success,False,2026-08-27T22:14:48.502479+09:00
Conversion Dial,,,failed,False,2026-08-17T20:41:35.724700+09:00
Conversion Digest,,,failed,False,2026-08-19T20:39:14.214038+09:00
Conversion Directory,,,failed,False,2026-08-18T23:58:23.364762+09:00
Conversion Dock,,,failed,False,2026-08-17T20:38:12.491374+09:00
Conversion Dossier,,,failed,False,2026-08-21T01:09:22.527514+09:00
Conversion Downpayment,,,failed,False,2026-08-27T21:50:10.340173+09:00
Conversion Draft,,,failed,False,2026-08-19T20:39:30.002249+09:00
Conversion Duty,,,failed,False,2026-08-21T02:39:23.092445+09:00
Conversion Engine,480.0,20.0,success,False,2026-08-17T23:05:06.987834+09:00
Conversion Entry,10.0,0.0,success,False,2026-08-21T01:09:34.280846+09:00
Conversion Estimate,,,failed,False,2026-08-19T21:12:04.004296+09:00
Conversion Estimator,,,failed,False,2026-08-27T23:51:29.405566+09:00
Conversion Excerpt,,,failed,False,2026-08-21T01:09:29.468190+09:00
Conversion Fare,10.0,2.0,success,False,2026-08-21T02:07:29.886940+09:00
Conversion Fee,1000.0,0.0,success,True,2026-08-21T01:50:16.047866+09:00
Conversion Feed,,,failed,False,2026-08-19T20:39:21.250222+09:00
Conversion File,135000.0,12.0,success,False,2026-08-19T20:38:33.715363+09:00
Conversion Finder,20.0,7.0,success,False,2026-08-18T23:58:41.085151+09:00
Conversion Fine,,,failed,False,2026-08-23T02:54:43.780312+09:00
Conversion Flag,,,failed,False,2026-08-21T00:35:23.760596+09:00
Conversion Flow,1300.0,4.0,success,False,2026-08-17T21:33:28.260657+09:00
Conversion Forge,10.0,0.0,success,False,2026-08-17T20:42:47.401639+09:00
Conversion Form,390.0,0.0,success,False,2026-08-19T13:36:57.023796+09:00
Conversion Format,2900.0,7.0,success,False,2026-08-23T13:07:32.830763+09:00
Conversion Frame,30.0,8.0,success,False,2026-08-17T21:38:15.647846+09:00
Conversion Fund,70.0,1.0,success,False,2026-08-21T02:23:15.671365+09:00
Conversion Gate,70.0,2.0,success,False,2026-08-17T20:32:21.226449+09:00
Conversion Generator,110.0,60.0,success,False,2026-08-27T23:31:50.398588+09:00
Conversion Giveaway,,,failed,False,2026-08-27T21:19:20.192831+09:00
Conversion Graph,2900.0,0.0,success,True,2026-08-27T22:14:38.233626+09:00
Conversion Grid,590.0,0.0,success,False,2026-08-17T20:35:50.076535+09:00
Conversion Guarantee,,,failed,False,2026-08-28T01:03:01.405243+09:00
Conversion Guard,10.0,0.0,success,False,2026-08-17T21:36:36.847955+09:00
Conversion Guidebook,,,failed,False,2026-08-18T22:09:44.783040+09:00
Conversion Helpdesk,,,failed,False,2026-08-27T22:51:48.588261+09:00
Conversion Helper,50.0,4.0,success,False,2026-08-28T00:22:04.244333+09:00
Conversion History,210.0,0.0,success,False,2026-08-19T20:38:24.406986+09:00
Conversion Hotline,,,failed,False,2026-08-19T21:12:28.088394+09:00
Conversion Hub,110.0,15.0,success,False,2026-08-17T21:32:25.465592+09:00
Conversion Identifier,,,failed,False,2026-08-23T13:07:23.083484+09:00
Conversion Incentive,20.0,0.0,success,False,2026-08-27T21:19:20.192831+09:00
Conversion Index,70.0,2.0,success,False,2026-08-19T21:11:29.135916+09:00
Conversion Insight,20.0,10.0,success,False,2026-08-17T23:13:55.425659+09:00
Conversion Item,,,failed,False,2026-08-21T01:50:23.005803+09:00
Conversion Journal,,,failed,False,2026-08-18T22:09:27.931619+09:00
Conversion Keeper,,,failed,False,2026-08-17T21:39:09.779186+09:00
Conversion Kit,,,failed,False,2026-08-27T22:51:42.060485+09:00
Conversion Lab,390.0,8.0,success,False,2026-08-17T21:30:41.512165+09:00
Conversion Label,70.0,1.0,success,False,2026-08-27T22:14:38.233626+09:00
Conversion Ledger,,,failed,False,2026-08-17T21:35:02.943607+09:00
Conversion Lens,880.0,26.0,success,False,2026-08-17T21:39:57.727763+09:00
Conversion Level,880.0,93.0,success,False,2026-08-19T20:38:42.409315+09:00
Conversion Levy,,,failed,False,2026-08-23T13:47:46.605419+09:00
Conversion Link,1300.0,14.0,success,False,2026-08-23T03:19:19.103854+09:00
Conversion List,1000.0,8.0,success,False,2026-08-19T21:57:53.749303+09:00
Conversion Loan,170.0,13.0,success,False,2026-08-21T02:07:37.270032+09:00
Conversion Locator,,,failed,False,2026-08-18T23:58:32.218218+09:00
Conversion Lock,40.0,5.0,success,False,2026-08-18T07:52:30.485728+09:00
Conversion Log,1000.0,0.0,success,True,2026-08-19T13:36:47.380431+09:00
Conversion Loop,,,failed,False,2026-08-17T20:36:48.387810+09:00
Conversion Manager,110.0,3.0,success,False,2026-08-17T21:37:44.992622+09:00
Conversion Manual,110.0,0.0,success,False,2026-08-27T22:14:41.092865+09:00
Conversion Map,260.0,1.0,success,False,2026-08-17T21:41:44.845375+09:00
Conversion Margin,90.0,1.0,success,False,2026-08-23T02:54:41.831535+09:00
Conversion Markup,,,failed,False,2026-08-23T16:39:58.056757+09:00
Conversion Memo,,,failed,False,2026-08-21T00:35:19.738516+09:00
Conversion Meter,14800.0,3.0,success,False,2026-08-17T20:40:48.754907+09:00
Conversion Metrics,1300.0,10.0,success,False,2026-08-17T23:25:24.044948+09:00
Conversion Monitor,30.0,13.0,success,False,2026-08-17T23:24:54.415182+09:00
Conversion Navigator,,,failed,False,2026-08-17T23:15:28.966007+09:00
Conversion Nexus,,,failed,False,2026-08-18T07:52:56.677266+09:00
Conversion Node,,,failed,False,2026-08-17T20:33:31.328442+09:00
Conversion Note,480.0,1.0,success,False,2026-08-19T13:38:06.946096+09:00
Conversion Notification,,,failed,False,2026-08-27T22:51:39.171829+09:00
Conversion Number,4400.0,0.0,success,True,2026-08-23T03:19:12.816359+09:00
Conversion Office,260.0,5.0,success,False,2026-08-18T23:58:57.268328+09:00
Conversion Ops,,,failed,False,2026-08-17T23:26:18.163850+09:00
Conversion Order,1000.0,0.0,success,True,2026-08-19T21:57:08.159846+09:00
Conversion Organizer,,,failed,False,2026-08-17T23:06:57.045511+09:00
Conversion Overage,,,failed,False,2026-08-27T21:50:06.831063+09:00
Conversion Overdue,,,failed,False,2026-08-27T21:50:02.290136+09:00
Conversion Panel,20.0,0.0,success,False,2026-08-17T20:42:19.428112+09:00
Conversion Path,390.0,3.0,success,False,2026-08-17T20:32:57.689274+09:00
Conversion Payoff,,,failed,False,2026-08-27T21:50:04.473862+09:00
Conversion Penalty,,,failed,False,2026-08-23T16:39:55.880493+09:00
Conversion Petition,10.0,0.0,success,False,2026-08-21T01:09:15.818493+09:00
Conversion Pilot,,,failed,False,2026-08-17T21:31:15.457583+09:00
Conversion Plan,140.0,1.0,success,False,2026-08-21T01:50:32.476329+09:00
Conversion Planner,,,failed,False,2026-08-17T23:12:17.050075+09:00
Conversion Playbook,,,failed,False,2026-08-18T22:09:19.506375+09:00
Conversion Point,320.0,100.0,success,False,2026-08-17T20:31:46.547401+09:00
Conversion Portal,40.0,2.0,success,False,2026-08-17T20:44:10.950266+09:00
Conversion Preview,,,failed,False,2026-08-28T01:02:58.141304+09:00
Conversion Profile,,,failed,False,2026-08-19T13:38:33.395376+09:00
Conversion Proposal,,,failed,False,2026-08-28T01:03:01.405243+09:00
Conversion Pulse,,,failed,False,2026-08-17T20:34:51.045190+09:00
Conversion Queue,,,failed,False,2026-08-19T21:11:53.117390+09:00
Conversion Quota,,,failed,False,2026-08-21T00:35:19.738516+09:00
Conversion Radar,,,failed,False,2026-08-17T20:47:47.373505+09:00
Conversion Rail,110.0,32.0,success,False,2026-08-17T20:37:16.947301+09:00
Conversion Rank,10.0,0.0,success,False,2026-08-28T00:46:12.619703+09:00
Conversion Rate,60500.0,3.0,success,False,2026-08-19T20:38:53.768635+09:00
Conversion Recap,,,failed,False,2026-08-21T01:09:26.967706+09:00
Conversion Receipt,,,failed,False,2026-08-19T21:57:31.477256+09:00
Conversion Recorder,110.0,11.0,success,False,2026-08-27T23:31:53.599891+09:00
Conversion Register,10.0,0.0,success,False,2026-08-17T23:10:24.973922+09:00
Conversion Registry,,,failed,False,2026-08-18T22:09:52.210960+09:00
Conversion Relay,,,failed,False,2026-08-17T20:46:26.563596+09:00
Conversion Reminder,,,failed,False,2026-08-19T21:11:09.453565+09:00
Conversion Report,260.0,1.0,success,False,2026-08-19T13:36:10.470400+09:00
Conversion Roadmap,,,failed,False,2026-08-18T22:10:32.480742+09:00
Conversion Roster,,,failed,False,2026-08-19T00:38:52.130938+09:00
Conversion Route,,,failed,False,2026-08-17T20:39:09.333217+09:00
Conversion Rule,390.0,0.0,success,False,2026-08-23T03:19:21.354912+09:00
Conversion Sale,390.0,4.0,success,False,2026-08-21T02:23:27.282211+09:00
Conversion Sample,30.0,2.0,success,False,2026-08-19T21:58:32.626205+09:00
Conversion Scale,1000.0,1.0,success,False,2026-08-17T20:40:01.743309+09:00
Conversion Scheduler,,,failed,False,2026-08-17T23:24:32.888927+09:00
Conversion Scope,,,failed,False,2026-08-17T20:37:47.401646+09:00
Conversion Score,480.0,0.0,success,False,2026-08-19T13:37:50.110679+09:00
Conversion Sentry,,,failed,False,2026-08-17T21:41:14.862117+09:00
Conversion Sheet,4400.0,42.0,success,False,2026-08-19T13:37:32.755916+09:00
Conversion Shortfall,,,failed,False,2026-08-27T21:50:13.120936+09:00
Conversion Signal,,,failed,False,2026-08-17T20:39:32.550443+09:00
Conversion Slip,,,failed,False,2026-08-19T21:58:22.475915+09:00
Conversion Slot,,,failed,False,2026-08-19T21:58:39.226398+09:00
Conversion Snapshot,,,failed,False,2026-08-18T22:09:35.906732+09:00
Conversion Stage,90.0,5.0,success,False,2026-08-28T00:46:09.802311+09:00
Conversion Statement,140.0,4.0,success,False,2026-08-21T00:35:11.745138+09:00
Conversion Station,30.0,6.0,success,False,2026-08-17T20:48:23.905428+09:00
Conversion Status,4400.0,0.0,success,True,2026-08-19T20:38:07.942341+09:00
Conversion Stipend,,,failed,False,2026-08-23T13:47:49.087746+09:00
Conversion Studio,590.0,5.0,success,False,2026-08-17T21:31:49.761986+09:00
Conversion Suite,10.0,0.0,success,False,2026-08-17T23:23:52.832374+09:00
Conversion Sum,20.0,0.0,success,False,2026-08-21T02:23:05.228659+09:00
Conversion Summary,20.0,5.0,success,False,2026-08-19T21:10:44.368255+09:00
Conversion Sync,,,failed,False,2026-08-17T21:34:29.947705+09:00
Conversion Table,49500.0,12.0,success,False,2026-08-19T21:58:02.735072+09:00
Conversion Tag,1900.0,17.0,success,False,2026-08-19T13:38:21.044998+09:00
Conversion Tally,,,failed,False,2026-08-21T00:35:13.915986+09:00
Conversion Tariff,,,failed,False,2026-08-21T02:39:36.901337+09:00
Conversion Tax,1000.0,1.0,success,False,2026-08-21T02:07:34.217644+09:00
Conversion Ticket,10.0,0.0,success,False,2026-08-19T21:11:41.705907+09:00
Conversion Tier,,,failed,False,2026-08-28T00:46:09.802311+09:00
Conversion Timeline,90.0,0.0,success,False,2026-08-19T21:10:58.611553+09:00
Conversion Timer,,,failed,False,2026-08-28T00:21:51.591333+09:00
Conversion Toll,,,failed,False,2026-08-21T02:39:27.182357+09:00
Conversion Toolbox,140.0,5.0,success,False,2026-08-28T00:22:01.777271+09:00
Conversion Toolkit,,,failed,False,2026-08-18T22:09:11.269372+09:00
Conversion Total,9900.0,43.0,success,False,2026-08-27T23:09:56.910517+09:00
Conversion Tracker,1900.0,17.0,success,False,2026-08-17T21:35:36.118436+09:00
Conversion Trail,,,failed,False,2026-08-17T20:36:17.521162+09:00
Conversion Trend,,,failed,False,2026-08-28T01:02:54.819638+09:00
Conversion Trial,,,failed,False,2026-08-27T21:19:13.437251+09:00
Conversion Unit,550000.0,0.0,success,True,2026-08-21T01:50:49.145007+09:00
Conversion Update,10.0,0.0,success,False,2026-08-19T20:39:03.354865+09:00
Conversion Value,9900.0,0.0,success,True,2026-08-23T02:54:38.259905+09:00
Conversion Vault,10.0,2.0,success,False,2026-08-17T20:45:33.619281+09:00
Conversion Version,,,failed,False,2026-08-23T03:19:15.336839+09:00
Conversion View,,,failed,False,2026-08-19T20:38:14.851338+09:00
Conversion Watch,30.0,67.0,success,False,2026-08-17T20:38:36.286112+09:00
Conversion Wave,90.0,3.0,success,False,2026-08-17T20:34:01.116253+09:00
Conversion Widget,40.0,3.0,success,False,2026-08-27T23:09:59.459850+09:00
Conversion Workbench,,,failed,False,2026-08-18T22:09:03.479922+09:00
Conversion Worksheet,880.0,0.0,success,False,2026-08-27T22:14:45.094035+09:00
Conversion Workshop,,,failed,False,2026-08-28T00:21:55.786008+09:00
Conversion Zone,90.0,0.0,success,False,2026-08-17T20:45:10.862003+09:00
Copay Advance,,,failed,False,2026-08-23T16:15:25.443589+09:00
Copay Advisory,,,failed,False,2026-08-21T01:05:06.601547+09:00
Copay Allowance,,,failed,False,2026-08-21T02:38:19.881796+09:00
Copay Almanac,,,failed,False,2026-08-18T22:07:12.146632+09:00
Copay Analyzer,,,failed,False,2026-08-27T23:50:46.062882+09:00
Copay Anchor,,,failed,False,2026-08-17T23:25:24.044948+09:00
Copay Arrears,,,failed,False,2026-08-23T16:15:22.615283+09:00
Copay Assistant,,,failed,False,2026-08-17T23:31:38.790135+09:00
Copay Atlas,,,failed,False,2026-08-17T23:30:43.619577+09:00
Copay Attribute,,,failed,False,2026-08-23T13:05:25.615596+09:00
Copay Badge,,,failed,False,2026-08-21T00:29:05.314041+09:00
Copay Balance,,,failed,False,2026-08-23T13:46:50.376234+09:00
Copay Base,,,failed,False,2026-08-17T23:27:17.370245+09:00
Copay Beacon,,,failed,False,2026-08-17T23:24:32.888927+09:00
Copay Bill,,,failed,False,2026-08-19T21:53:27.023606+09:00
Copay Blueprint,,,failed,False,2026-08-18T22:07:03.148226+09:00
Copay Board,,,failed,False,2026-08-17T23:15:12.775041+09:00
Copay Book,,,failed,False,2026-08-19T21:54:22.632140+09:00
Copay Bridge,,,failed,False,2026-08-17T23:13:59.220189+09:00
Copay Brief,,,failed,False,2026-08-21T01:05:18.575555+09:00
Copay Bulletin,,,failed,False,2026-08-21T01:04:45.668721+09:00
Copay Calculator,40.0,1.0,success,False,2026-08-27T23:33:05.663722+09:00
Copay Calendar,,,failed,False,2026-08-19T00:04:03.544716+09:00
Copay Card,,,failed,False,2026-08-19T13:32:19.751583+09:00
Copay Cascade,,,failed,False,2026-08-17T23:24:54.415182+09:00
Copay Cash,,,failed,False,2026-08-21T02:21:33.857873+09:00
Copay Cashback,,,failed,False,2026-08-27T21:18:13.822548+09:00
Copay Catalog,,,failed,False,2026-08-19T21:08:03.467133+09:00
Copay Category,,,failed,False,2026-08-23T13:05:23.446570+09:00
Copay Center,,,failed,False,2026-08-17T23:11:40.322748+09:00
Copay Chain,,,failed,False,2026-08-17T23:04:07.422993+09:00
Copay Charge,,,failed,False,2026-08-21T02:38:09.773029+09:00
Copay Check,,,failed,False,2026-08-19T13:32:40.491815+09:00
Copay Checker,,,failed,False,2026-08-27T23:50:40.068524+09:00
Copay Checklist,,,failed,False,2026-08-19T21:07:13.159437+09:00
Copay Circular,,,failed,False,2026-08-21T01:05:02.312819+09:00
Copay Cockpit,,,failed,False,2026-08-17T23:05:32.537259+09:00
Copay Code,20.0,0.0,success,False,2026-08-19T21:53:52.421179+09:00
Copay Codex,,,failed,False,2026-08-18T22:07:28.261653+09:00
Copay Companion,,,failed,False,2026-08-17T23:32:55.929904+09:00
Copay Comparison,,,failed,False,2026-08-28T01:02:13.095205+09:00
Copay Compass,,,failed,False,2026-08-17T23:12:18.901964+09:00
Copay Compendium,,,failed,False,2026-08-18T22:07:18.676319+09:00
Copay Confirmation,,,failed,False,2026-08-21T01:05:23.608566+09:00
Copay Console,,,failed,False,2026-08-17T23:28:48.980231+09:00
Copay Contribution,,,failed,False,2026-08-23T16:15:20.225326+09:00
Copay Core,,,failed,False,2026-08-17T23:08:23.954708+09:00
Copay Cost,20.0,0.0,success,False,2026-08-21T02:09:44.145059+09:00
Copay Count,,,failed,False,2026-08-27T22:44:27.817073+09:00
Copay Counter,,,failed,False,2026-08-19T00:04:47.180412+09:00
Copay Coupon,40.0,42.0,success,False,2026-08-27T21:18:10.943632+09:00
Copay Dashboard,,,failed,False,2026-08-17T23:32:45.524936+09:00
Copay Deal,,,failed,False,2026-08-21T01:52:20.481419+09:00
Copay Debt,,,failed,False,2026-08-21T02:21:27.143708+09:00
Copay Deck,,,failed,False,2026-08-17T23:27:45.087946+09:00
Copay Depot,,,failed,False,2026-08-19T00:04:35.680723+09:00
Copay Desk,,,failed,False,2026-08-17T23:10:43.579186+09:00
Copay Detail,,,failed,False,2026-08-23T03:18:07.042470+09:00
Copay Detector,,,failed,False,2026-08-27T23:50:42.966915+09:00
Copay Dial,,,failed,False,2026-08-17T23:29:07.663083+09:00
Copay Digest,,,failed,False,2026-08-19T20:48:55.006137+09:00
Copay Directory,,,failed,False,2026-08-19T00:04:11.501446+09:00
Copay Discount,,,failed,False,2026-08-23T16:15:17.461758+09:00
Copay Dock,,,failed,False,2026-08-17T23:29:41.239949+09:00
Copay Dossier,,,failed,False,2026-08-21T01:05:28.222738+09:00
Copay Downpayment,,,failed,False,2026-08-27T21:49:27.090308+09:00
Copay Due,,,failed,False,2026-08-23T15:51:53.307481+09:00
Copay Duty,,,failed,False,2026-08-21T02:38:13.377279+09:00
Copay Endowment,,,failed,False,2026-08-23T15:51:57.634783+09:00
Copay Engine,,,failed,False,2026-08-17T23:14:36.904616+09:00
Copay Entry,,,failed,False,2026-08-21T01:05:38.366293+09:00
Copay Estimate,,,failed,False,2026-08-19T21:07:55.214041+09:00
Copay Estimator,10.0,11.0,success,False,2026-08-27T23:53:26.856284+09:00
Copay Excerpt,,,failed,False,2026-08-21T01:05:40.713486+09:00
Copay Fare,,,failed,False,2026-08-21T02:09:52.288046+09:00
Copay Fee,,,failed,False,2026-08-21T01:52:03.394231+09:00
Copay Feed,,,failed,False,2026-08-19T20:49:01.783681+09:00
Copay File,,,failed,False,2026-08-19T20:48:32.959283+09:00
Copay Finder,,,failed,False,2026-08-19T00:04:30.591993+09:00
Copay Fine,,,failed,False,2026-08-23T02:53:58.718739+09:00
Copay Flag,,,failed,False,2026-08-21T00:29:55.538883+09:00
Copay Flow,,,failed,False,2026-08-17T23:33:38.106132+09:00
Copay Forge,,,failed,False,2026-08-17T23:06:59.361333+09:00
Copay Form,,,failed,False,2026-08-19T13:32:13.743565+09:00
Copay Format,,,failed,False,2026-08-23T13:05:30.348326+09:00
Copay Frame,,,failed,False,2026-08-17T23:13:36.575210+09:00
Copay Fund,,,failed,False,2026-08-21T02:21:30.317993+09:00
Copay Gate,,,failed,False,2026-08-17T23:30:28.172183+09:00
Copay Giveaway,,,failed,False,2026-08-27T21:18:26.738212+09:00
Copay Grade,,,failed,False,2026-08-21T00:29:32.816021+09:00
Copay Graph,,,failed,False,2026-08-27T22:13:43.125947+09:00
Copay Grid,,,failed,False,2026-08-17T23:10:24.973922+09:00
Copay Guarantee,,,failed,False,2026-08-28T01:02:19.302633+09:00
Copay Guard,,,failed,False,2026-08-17T23:14:16.588426+09:00
Copay Guardian,,,failed,False,2026-08-28T00:21:09.151755+09:00
Copay Guidebook,,,failed,False,2026-08-18T22:06:45.698700+09:00
Copay Helpdesk,,,failed,False,2026-08-27T22:44:33.124302+09:00
Copay Helper,,,failed,False,2026-08-28T00:21:11.601666+09:00
Copay History,,,failed,False,2026-08-19T20:48:28.899410+09:00
Copay Hotline,,,failed,False,2026-08-19T21:08:13.592372+09:00
Copay Hub,,,failed,False,2026-08-17T22:50:34.703098+09:00
Copay Identifier,,,failed,False,2026-08-23T13:05:23.446570+09:00
Copay Incentive,,,failed,False,2026-08-27T21:18:16.007823+09:00
Copay Index,,,failed,False,2026-08-19T21:07:25.102552+09:00
Copay Insight,,,failed,False,2026-08-17T23:11:03.494377+09:00
Copay Installment,,,failed,False,2026-08-23T16:15:17.461758+09:00
Copay Interest,,,failed,False,2026-08-23T13:46:50.376234+09:00
Copay Item,,,failed,False,2026-08-21T01:52:06.168283+09:00
Copay Journal,,,failed,False,2026-08-18T22:06:27.903433+09:00
Copay Keeper,,,failed,False,2026-08-17T23:30:56.654699+09:00
Copay Lab,,,failed,False,2026-08-17T23:27:58.060156+09:00
Copay Label,,,failed,False,2026-08-27T22:13:48.271988+09:00
Copay Ledger,10.0,0.0,success,False,2026-08-17T23:27:32.625137+09:00
Copay Lens,,,failed,False,2026-08-17T23:27:00.420532+09:00
Copay Level,,,failed,False,2026-08-19T20:48:37.662202+09:00
Copay Link,,,failed,False,2026-08-23T03:18:00.174345+09:00
Copay List,,,failed,False,2026-08-19T21:54:00.654442+09:00
Copay Loan,,,failed,False,2026-08-21T02:10:00.502849+09:00
Copay Locator,,,failed,False,2026-08-19T00:04:20.197700+09:00
Copay Lock,,,failed,False,2026-08-17T23:26:46.063928+09:00
Copay Log,,,failed,False,2026-08-19T13:32:04.589089+09:00
Copay Loop,,,failed,False,2026-08-17T23:26:04.596222+09:00
Copay Manager,,,failed,False,2026-08-17T23:07:41.199314+09:00
Copay Manual,,,failed,False,2026-08-27T22:13:53.849783+09:00
Copay Map,,,failed,False,2026-08-17T23:06:37.704524+09:00
Copay Margin,,,failed,False,2026-08-23T02:53:56.783780+09:00
Copay Markup,,,failed,False,2026-08-23T16:39:35.759045+09:00
Copay Memo,,,failed,False,2026-08-21T00:29:43.441391+09:00
Copay Message,,,failed,False,2026-08-27T23:10:31.050648+09:00
Copay Meter,,,failed,False,2026-08-17T23:08:02.086738+09:00
Copay Metrics,,,failed,False,2026-08-17T23:32:31.687734+09:00
Copay Monitor,,,failed,False,2026-08-17T23:32:15.494443+09:00
Copay Navigator,,,failed,False,2026-08-17T23:12:34.850967+09:00
Copay Nexus,,,failed,False,2026-08-17T23:05:55.492568+09:00
Copay Node,,,failed,False,2026-08-17T23:11:21.548397+09:00
Copay Note,,,failed,False,2026-08-19T13:32:55.447680+09:00
Copay Notification,,,failed,False,2026-08-27T22:44:16.144123+09:00
Copay Number,10.0,0.0,success,False,2026-08-23T03:17:50.653872+09:00
Copay Office,,,failed,False,2026-08-19T00:04:39.958803+09:00
Copay Ops,,,failed,False,2026-08-17T23:33:09.699963+09:00
Copay Order,,,failed,False,2026-08-19T21:53:16.228732+09:00
Copay Organizer,,,failed,False,2026-08-17T23:03:48.755656+09:00
Copay Overage,,,failed,False,2026-08-27T21:49:24.879038+09:00
Copay Overdraft,,,failed,False,2026-08-23T15:51:55.644106+09:00
Copay Overdue,,,failed,False,2026-08-27T21:49:20.358831+09:00
Copay Panel,,,failed,False,2026-08-17T23:13:17.884356+09:00
Copay Pass,,,failed,False,2026-08-21T00:28:53.322616+09:00
Copay Path,,,failed,False,2026-08-17T23:26:31.743192+09:00
Copay Payoff,,,failed,False,2026-08-27T21:49:22.679951+09:00
Copay Penalty,,,failed,False,2026-08-23T16:39:35.759045+09:00
Copay Petition,,,failed,False,2026-08-21T01:05:20.057524+09:00
Copay Pilot,,,failed,False,2026-08-17T23:23:36.709980+09:00
Copay Plan,70.0,2.0,success,False,2026-08-21T01:52:17.382086+09:00
Copay Planner,,,failed,False,2026-08-17T23:09:26.162855+09:00
Copay Playbook,,,failed,False,2026-08-18T22:06:18.385841+09:00
Copay Point,,,failed,False,2026-08-17T23:11:59.928630+09:00
Copay Portal,30.0,7.0,success,False,2026-08-17T23:06:14.261884+09:00
Copay Preview,,,failed,False,2026-08-28T01:02:16.682385+09:00
Copay Profile,,,failed,False,2026-08-19T13:33:13.480936+09:00
Copay Profit,,,failed,False,2026-08-23T02:53:47.851129+09:00
Copay Pulse,,,failed,False,2026-08-17T23:26:18.163850+09:00
Copay Queue,,,failed,False,2026-08-19T21:07:45.336017+09:00
Copay Quota,,,failed,False,2026-08-21T00:29:47.975164+09:00
Copay Radar,,,failed,False,2026-08-17T23:23:52.832374+09:00
Copay Rail,,,failed,False,2026-08-17T23:09:46.743330+09:00
Copay Rate,,,failed,False,2026-08-19T20:48:43.191337+09:00
Copay Recap,,,failed,False,2026-08-21T01:05:30.928954+09:00
Copay Receipt,50.0,1.0,success,False,2026-08-19T21:53:40.177257+09:00
Copay Recorder,,,failed,False,2026-08-27T23:33:13.459329+09:00
Copay Register,,,failed,False,2026-08-17T23:07:23.914294+09:00
Copay Registry,,,failed,False,2026-08-18T22:06:54.214613+09:00
Copay Relay,,,failed,False,2026-08-17T23:05:09.501218+09:00
Copay Reminder,,,failed,False,2026-08-19T21:07:02.698289+09:00
Copay Report,,,failed,False,2026-08-19T13:31:52.943506+09:00
Copay Roadmap,,,failed,False,2026-08-18T22:07:38.070107+09:00
Copay Roster,,,failed,False,2026-08-19T00:38:02.838044+09:00
Copay Route,,,failed,False,2026-08-17T23:14:53.160605+09:00
Copay Rule,,,failed,False,2026-08-23T03:18:03.824260+09:00
Copay Sale,,,failed,False,2026-08-21T02:21:41.084768+09:00
Copay Scale,,,failed,False,2026-08-17T23:29:25.330773+09:00
Copay Scheduler,,,failed,False,2026-08-17T23:31:54.862824+09:00
Copay Scope,,,failed,False,2026-08-17T23:15:30.972429+09:00
Copay Score,,,failed,False,2026-08-19T13:32:47.690424+09:00
Copay Sentry,,,failed,False,2026-08-17T23:12:59.903146+09:00
Copay Sheet,,,failed,False,2026-08-19T13:32:31.593655+09:00
Copay Shortfall,,,failed,False,2026-08-27T21:49:29.301041+09:00
Copay Signal,,,failed,False,2026-08-17T23:08:44.294677+09:00
Copay Slip,,,failed,False,2026-08-19T21:54:34.064665+09:00
Copay Snapshot,,,failed,False,2026-08-18T22:06:37.464016+09:00
Copay Stake,,,failed,False,2026-08-23T02:53:54.584586+09:00
Copay Statement,,,failed,False,2026-08-21T00:29:18.901587+09:00
Copay Station,,,failed,False,2026-08-17T23:04:23.573644+09:00
Copay Status,,,failed,False,2026-08-19T20:48:12.973996+09:00
Copay Stipend,,,failed,False,2026-08-23T13:46:52.749544+09:00
Copay Stub,,,failed,False,2026-08-21T00:29:13.109702+09:00
Copay Studio,,,failed,False,2026-08-17T23:10:04.608173+09:00
Copay Subsidy,,,failed,False,2026-08-23T15:51:57.634783+09:00
Copay Suite,,,failed,False,2026-08-17T23:31:21.435106+09:00
Copay Sum,,,failed,False,2026-08-21T02:21:23.135425+09:00
Copay Summary,,,failed,False,2026-08-19T21:06:41.039569+09:00
Copay Surtax,,,failed,False,2026-08-23T15:51:59.728812+09:00
Copay Sync,,,failed,False,2026-08-17T23:09:02.276027+09:00
Copay Tab,,,failed,False,2026-08-21T00:30:03.627747+09:00
Copay Table,,,failed,False,2026-08-19T21:54:13.234763+09:00
Copay Tag,,,failed,False,2026-08-19T13:33:02.578163+09:00
Copay Tally,,,failed,False,2026-08-21T00:29:27.962730+09:00
Copay Tariff,,,failed,False,2026-08-21T02:38:23.344262+09:00
Copay Tax,,,failed,False,2026-08-21T02:09:56.008511+09:00
Copay Ticket,,,failed,False,2026-08-19T21:07:34.937888+09:00
Copay Tier,,,failed,False,2026-08-28T00:45:49.582364+09:00
Copay Timeline,,,failed,False,2026-08-19T21:06:51.339410+09:00
Copay Toll,,,failed,False,2026-08-21T02:38:16.396053+09:00
Copay Toolbox,,,failed,False,2026-08-28T00:21:11.601666+09:00
Copay Toolkit,,,failed,False,2026-08-18T22:06:09.670880+09:00
Copay Total,,,failed,False,2026-08-27T23:10:31.050648+09:00
Copay Tracker,,,failed,False,2026-08-17T23:33:20.357749+09:00
Copay Trail,,,failed,False,2026-08-17T23:29:58.873666+09:00
Copay Trend,,,failed,False,2026-08-28T01:02:10.416954+09:00
Copay Trial,,,failed,False,2026-08-27T21:18:13.822548+09:00
Copay Unit,,,failed,False,2026-08-21T01:52:08.240457+09:00
Copay Update,,,failed,False,2026-08-19T20:48:48.411735+09:00
Copay Value,,,failed,False,2026-08-23T02:53:49.996059+09:00
Copay Vault,,,failed,False,2026-08-17T23:24:12.955458+09:00
Copay Version,,,failed,False,2026-08-23T03:17:56.844473+09:00
Copay View,,,failed,False,2026-08-19T20:48:23.205403+09:00
Copay Voucher,,,failed,False,2026-08-21T00:28:59.306676+09:00
Copay Wallet,170.0,6.0,success,False,2026-08-27T22:44:24.073756+09:00
Copay Watch,,,failed,False,2026-08-17T23:25:50.019139+09:00
Copay Wave,,,failed,False,2026-08-17T23:04:46.904606+09:00
Copay Widget,,,failed,False,2026-08-27T23:10:34.837044+09:00
Copay Workbench,,,failed,False,2026-08-18T22:06:01.196080+09:00
Copay Worksheet,,,failed,False,2026-08-27T22:13:53.849783+09:00
Copay Zone,,,failed,False,2026-08-17T23:28:30.057187+09:00
Coping Advance,,,failed,False,2026-08-23T16:13:55.875301+09:00
Coping Advisory,,,failed,False,2026-08-21T01:02:18.693445+09:00
Coping Alert,,,failed,False,2026-08-19T21:04:49.568415+09:00
Coping Allowance,,,failed,False,2026-08-21T02:42:57.314001+09:00
Coping Analyzer,,,failed,False,2026-08-27T23:59:20.883273+09:00
Coping Arrears,,,failed,False,2026-08-23T16:13:52.514202+09:00
Coping Assistant,,,failed,False,2026-08-19T21:29:34.148902+09:00
Coping Atlas,,,failed,False,2026-08-19T21:29:05.227189+09:00
Coping Attribute,,,failed,False,2026-08-23T13:10:10.835682+09:00
Coping Badge,,,failed,False,2026-08-21T00:36:42.590036+09:00
Coping Base,70.0,20.0,success,False,2026-08-19T21:16:14.581068+09:00
Coping Beacon,,,failed,False,2026-08-19T21:13:38.700903+09:00
Coping Bill,,,failed,False,2026-08-19T21:57:56.725251+09:00
Coping Bin,,,failed,False,2026-08-19T21:05:12.493876+09:00
Coping Board,140.0,91.0,success,False,2026-08-19T21:16:48.614230+09:00
Coping Book,50.0,72.0,success,False,2026-08-19T21:58:41.732793+09:00
Coping Bridge,50.0,0.0,success,False,2026-08-19T21:14:11.257032+09:00
Coping Brief,,,failed,False,2026-08-21T01:00:25.578415+09:00
Coping Bulletin,,,failed,False,2026-08-21T01:00:20.571072+09:00
Coping Calculator,30.0,0.0,success,False,2026-08-27T23:36:36.607319+09:00
Coping Calendar,10.0,0.0,success,False,2026-08-19T21:30:45.595196+09:00
Coping Card,590.0,38.0,success,False,2026-08-19T21:07:06.926428+09:00
Coping Cascade,,,failed,False,2026-08-19T21:14:01.404689+09:00
Coping Cash,,,failed,False,2026-08-21T02:26:29.042609+09:00
Coping Catalog,,,failed,False,2026-08-19T21:11:46.371328+09:00
Coping Category,,,failed,False,2026-08-23T13:10:10.835682+09:00
Coping Center,140.0,11.0,success,False,2026-08-19T21:17:53.819858+09:00
Coping Chain,,,failed,False,2026-08-19T21:19:35.712806+09:00
Coping Charge,,,failed,False,2026-08-21T02:42:49.671896+09:00
Coping Chart,40.0,56.0,success,False,2026-08-19T21:05:02.074506+09:00
Coping Check,,,failed,False,2026-08-19T21:07:27.526395+09:00
Coping Checker,,,failed,False,2026-08-27T23:59:17.563745+09:00
Coping Checklist,20.0,1.0,success,False,2026-08-19T21:10:50.221080+09:00
Coping Circular,,,failed,False,2026-08-21T01:02:16.623580+09:00
Coping Code,,,failed,False,2026-08-19T21:58:17.004802+09:00
Coping Companion,,,failed,False,2026-08-19T21:30:03.373519+09:00
Coping Compass,,,failed,False,2026-08-19T21:13:28.219579+09:00
Coping Confirmation,,,failed,False,2026-08-21T01:00:40.730981+09:00
Coping Console,,,failed,False,2026-08-19T21:18:22.582804+09:00
Coping Contribution,,,failed,False,2026-08-23T16:13:47.418622+09:00
Coping Core,,,failed,False,2026-08-19T21:16:25.825046+09:00
Coping Cost,20.0,29.0,success,False,2026-08-21T02:09:52.288046+09:00
Coping Count,,,failed,False,2026-08-27T22:49:54.897946+09:00
Coping Counter,,,failed,False,2026-08-19T21:31:23.417988+09:00
Coping Deal,,,failed,False,2026-08-21T02:05:44.847740+09:00
Coping Debt,,,failed,False,2026-08-21T02:26:24.473700+09:00
Coping Deck,,,failed,False,2026-08-19T21:17:05.944580+09:00
Coping Desk,,,failed,False,2026-08-19T21:12:41.804289+09:00
Coping Detail,390.0,11.0,success,False,2026-08-23T03:23:40.065475+09:00
Coping Detector,,,failed,False,2026-08-27T23:59:20.883273+09:00
Coping Diagram,20.0,0.0,success,False,2026-08-27T22:12:02.778487+09:00
Coping Digest,,,failed,False,2026-08-19T21:09:40.471721+09:00
Coping Directory,,,failed,False,2026-08-19T21:30:54.257177+09:00
Coping Discount,,,failed,False,2026-08-23T16:13:39.752452+09:00
Coping Dossier,,,failed,False,2026-08-21T01:00:44.838906+09:00
Coping Downpayment,,,failed,False,2026-08-27T21:48:00.691172+09:00
Coping Duty,,,failed,False,2026-08-21T02:42:51.701755+09:00
Coping Engine,,,failed,False,2026-08-19T21:29:26.779055+09:00
Coping Entry,,,failed,False,2026-08-21T01:00:54.642749+09:00
Coping Estimate,,,failed,False,2026-08-19T21:11:34.990271+09:00
Coping Estimator,,,failed,False,2026-08-27T23:59:12.622196+09:00
Coping Excerpt,,,failed,False,2026-08-21T01:02:29.218317+09:00
Coping Fare,,,failed,False,2026-08-21T02:09:56.008511+09:00
Coping Fee,,,failed,False,2026-08-21T01:52:30.422416+09:00
Coping Feed,,,failed,False,2026-08-19T21:09:52.138956+09:00
Coping File,20.0,0.0,success,False,2026-08-19T21:08:50.261483+09:00
Coping Finder,,,failed,False,2026-08-19T21:31:09.123245+09:00
Coping Fine,20.0,0.0,success,False,2026-08-23T02:57:36.512424+09:00
Coping Flag,,,failed,False,2026-08-21T00:25:07.096192+09:00
Coping Flow,,,failed,False,2026-08-19T21:12:20.631006+09:00
Coping Forge,,,failed,False,2026-08-19T21:13:50.204351+09:00
Coping Form,10.0,43.0,success,False,2026-08-19T21:06:52.977513+09:00
Coping Format,,,failed,False,2026-08-23T13:10:16.613560+09:00
Coping Frame,20.0,53.0,success,False,2026-08-19T21:16:02.434865+09:00
Coping Fund,,,failed,False,2026-08-21T02:26:26.896086+09:00
Coping Gate,,,failed,False,2026-08-19T21:19:58.668783+09:00
Coping Grade,,,failed,False,2026-08-21T00:24:46.055669+09:00
Coping Graph,,,failed,False,2026-08-27T22:11:47.365503+09:00
Coping Grid,,,failed,False,2026-08-19T21:15:09.209545+09:00
Coping Guarantee,,,failed,False,2026-08-28T01:02:16.682385+09:00
Coping Harbor,,,failed,False,2026-08-19T21:03:45.298500+09:00
Coping Helper,,,failed,False,2026-08-28T00:27:45.299826+09:00
Coping History,,,failed,False,2026-08-19T21:08:37.744349+09:00
Coping Hotline,,,failed,False,2026-08-19T21:11:58.211530+09:00
Coping Hub,,,failed,False,2026-08-19T21:12:31.857265+09:00
Coping Identifier,,,failed,False,2026-08-23T13:10:08.705068+09:00
Coping Inbox,,,failed,False,2026-08-19T21:04:36.711918+09:00
Coping Index,70.0,0.0,success,False,2026-08-19T21:11:02.607888+09:00
Coping Installment,,,failed,False,2026-08-23T16:13:45.288195+09:00
Coping Item,,,failed,False,2026-08-21T01:52:34.182425+09:00
Coping Journal,170.0,7.0,success,False,2026-08-19T21:30:31.013934+09:00
Coping Keeper,,,failed,False,2026-08-19T21:29:10.316262+09:00
Coping Kiosk,,,failed,False,2026-08-19T21:31:50.558670+09:00
Coping Kit,170.0,26.0,success,False,2026-08-27T22:49:51.876514+09:00
Coping Lab,90.0,0.0,success,False,2026-08-19T21:17:25.572760+09:00
Coping Label,,,failed,False,2026-08-27T22:11:47.365503+09:00
Coping Layout,,,failed,False,2026-08-27T22:29:07.164636+09:00
Coping Ledger,,,failed,False,2026-08-19T21:16:36.317434+09:00
Coping Level,110.0,0.0,success,False,2026-08-19T21:09:00.850536+09:00
Coping Line,20.0,1.0,success,False,2026-08-19T21:06:04.880535+09:00
Coping Link,390.0,0.0,success,False,2026-08-23T03:23:37.132752+09:00
Coping List,50.0,5.0,success,False,2026-08-19T21:58:24.385772+09:00
Coping Loan,,,failed,False,2026-08-21T02:10:04.981055+09:00
Coping Locker,,,failed,False,2026-08-19T21:31:31.502788+09:00
Coping Log,,,failed,False,2026-08-19T21:06:44.412093+09:00
Coping Loop,,,failed,False,2026-08-19T21:14:53.889746+09:00
Coping Manager,,,failed,False,2026-08-19T21:29:19.590151+09:00
Coping Manual,,,failed,False,2026-08-27T22:11:50.573955+09:00
Coping Map,10.0,0.0,success,False,2026-08-19T21:15:52.181697+09:00
Coping Margin,,,failed,False,2026-08-23T02:57:34.451765+09:00
Coping Markup,,,failed,False,2026-08-23T16:38:47.783567+09:00
Coping Memo,,,failed,False,2026-08-21T00:24:54.126348+09:00
Coping Monitor,,,failed,False,2026-08-19T21:29:55.661249+09:00
Coping Nexus,,,failed,False,2026-08-19T21:20:10.804990+09:00
Coping Note,,,failed,False,2026-08-19T21:07:47.829296+09:00
Coping Number,,,failed,False,2026-08-23T03:23:31.641874+09:00
Coping Office,,,failed,False,2026-08-19T21:31:17.357360+09:00
Coping Ops,,,failed,False,2026-08-19T21:30:16.349132+09:00
Coping Order,,,failed,False,2026-08-19T21:57:44.656511+09:00
Coping Overage,,,failed,False,2026-08-27T21:47:58.388035+09:00
Coping Overdue,,,failed,False,2026-08-27T21:47:56.115586+09:00
Coping Panel,70.0,22.0,success,False,2026-08-19T21:18:34.619237+09:00
Coping Pass,,,failed,False,2026-08-21T00:36:33.618056+09:00
Coping Path,,,failed,False,2026-08-19T21:15:31.407245+09:00
Coping Payoff,,,failed,False,2026-08-27T21:47:58.388035+09:00
Coping Penalty,,,failed,False,2026-08-23T16:38:44.785975+09:00
Coping Petition,,,failed,False,2026-08-21T01:00:38.610881+09:00
Coping Plan,260.0,0.0,success,False,2026-08-21T01:52:45.246437+09:00
Coping Planner,,,failed,False,2026-08-19T21:29:40.498335+09:00
Coping Playbook,,,failed,False,2026-08-19T21:30:24.987558+09:00
Coping Plaza,,,failed,False,2026-08-19T21:03:30.036000+09:00
Coping Point,,,failed,False,2026-08-19T21:15:42.753829+09:00
Coping Portal,,,failed,False,2026-08-19T21:18:11.999906+09:00
Coping Profile,30.0,0.0,success,False,2026-08-19T21:08:07.894185+09:00
Coping Profit,,,failed,False,2026-08-23T02:57:30.156609+09:00
Coping Proposal,,,failed,False,2026-08-28T01:02:13.095205+09:00
Coping Queue,,,failed,False,2026-08-19T21:11:23.723554+09:00
Coping Quota,,,failed,False,2026-08-21T00:24:59.301324+09:00
Coping Radar,,,failed,False,2026-08-19T21:12:51.464479+09:00
Coping Rail,50.0,48.0,success,False,2026-08-19T21:19:09.949699+09:00
Coping Rate,,,failed,False,2026-08-19T21:09:15.467375+09:00
Coping Recap,,,failed,False,2026-08-21T01:02:27.136036+09:00
Coping Receipt,,,failed,False,2026-08-19T21:58:05.672882+09:00
Coping Registry,,,failed,False,2026-08-19T21:30:39.077841+09:00
Coping Relay,,,failed,False,2026-08-19T21:13:02.504471+09:00
Coping Reminder,,,failed,False,2026-08-19T21:10:39.923410+09:00
Coping Report,,,failed,False,2026-08-19T21:06:35.637376+09:00
Coping Ring,,,failed,False,2026-08-19T21:19:47.057352+09:00
Coping Roster,,,failed,False,2026-08-19T21:04:22.708628+09:00
Coping Route,,,failed,False,2026-08-19T21:19:00.035786+09:00
Coping Rule,,,failed,False,2026-08-23T03:23:40.065475+09:00
Coping Sale,,,failed,False,2026-08-21T02:26:32.701256+09:00
Coping Sample,,,failed,False,2026-08-19T21:58:59.534733+09:00
Coping Scale,390.0,0.0,success,False,2026-08-19T21:18:46.381283+09:00
Coping Scanner,,,failed,False,2026-08-27T23:59:17.563745+09:00
Coping Scheduler,,,failed,False,2026-08-19T21:29:47.496953+09:00
Coping Scope,,,failed,False,2026-08-19T21:14:42.578262+09:00
Coping Score,70.0,0.0,success,False,2026-08-19T21:07:36.739108+09:00
Coping Sheet,40.0,1.0,success,False,2026-08-19T21:07:18.151537+09:00
Coping Shelf,,,failed,False,2026-08-19T21:04:09.833583+09:00
Coping Shortfall,,,failed,False,2026-08-27T21:48:04.359972+09:00
Coping Signal,,,failed,False,2026-08-19T21:14:21.531663+09:00
Coping Slip,,,failed,False,2026-08-19T21:58:51.076600+09:00
Coping Slot,,,failed,False,2026-08-19T21:59:09.702480+09:00
Coping Stake,,,failed,False,2026-08-23T02:57:34.451765+09:00
Coping Statement,50.0,0.0,success,False,2026-08-21T00:36:50.529911+09:00
Coping Station,,,failed,False,2026-08-19T21:17:35.138769+09:00
Coping Status,,,failed,False,2026-08-19T21:08:17.191236+09:00
Coping Stub,,,failed,False,2026-08-21T00:36:44.968976+09:00
Coping Studio,90.0,3.0,success,False,2026-08-19T21:17:15.430061+09:00
Coping Sum,,,failed,False,2026-08-21T02:26:21.259847+09:00
Coping Summary,,,failed,False,2026-08-19T21:10:18.944671+09:00
Coping Tab,,,failed,False,2026-08-21T00:25:13.031282+09:00
Coping Table,10.0,3.0,success,False,2026-08-19T21:58:34.362639+09:00
Coping Tag,,,failed,False,2026-08-19T21:07:57.029357+09:00
Coping Tally,,,failed,False,2026-08-21T00:36:53.427787+09:00
Coping Tariff,,,failed,False,2026-08-21T02:42:59.558136+09:00
Coping Tax,,,failed,False,2026-08-21T02:10:00.502849+09:00
Coping Ticker,,,failed,False,2026-08-19T21:05:52.966416+09:00
Coping Ticket,,,failed,False,2026-08-19T21:11:12.970448+09:00
Coping Timeline,,,failed,False,2026-08-19T21:10:29.402308+09:00
Coping Toll,,,failed,False,2026-08-21T02:42:54.824749+09:00
Coping Toolbox,320.0,26.0,success,False,2026-08-28T00:27:43.001225+09:00
Coping Tower,,,failed,False,2026-08-19T21:03:58.078741+09:00
Coping Tracker,,,failed,False,2026-08-19T21:12:07.891173+09:00
Coping Trail,,,failed,False,2026-08-19T21:19:23.397844+09:00
Coping Trial,10.0,0.0,success,False,2026-08-27T21:16:57.719069+09:00
Coping Unit,50.0,24.0,success,False,2026-08-21T01:52:37.407034+09:00
Coping Update,,,failed,False,2026-08-19T21:09:27.813218+09:00
Coping Value,,,failed,False,2026-08-23T02:57:32.152196+09:00
Coping Vault,,,failed,False,2026-08-19T21:13:17.515413+09:00
Coping Version,,,failed,False,2026-08-23T03:23:34.197835+09:00
Coping View,,,failed,False,2026-08-19T21:08:27.297609+09:00
Coping Voucher,,,failed,False,2026-08-21T00:36:37.815514+09:00
Coping Watch,,,failed,False,2026-08-19T21:14:31.473745+09:00
Coping Wave,,,failed,False,2026-08-19T21:15:20.790094+09:00
Coping Worksheet,40.0,2.0,success,False,2026-08-27T22:11:56.077657+09:00
Coping Workshop,,,failed,False,2026-08-28T00:27:43.001225+09:00
Coping Yard,,,failed,False,2026-08-19T21:31:59.320296+09:00
Coping Zone,1600.0,54.0,success,False,2026-08-19T21:18:01.862049+09:00
Counteroffer Alert,,,failed,False,2026-08-21T01:41:54.360418+09:00
Counteroffer Allowance,,,failed,False,2026-08-21T02:43:37.252901+09:00
Counteroffer Analyzer,,,failed,False,2026-08-27T23:50:46.062882+09:00
Counteroffer Asset,,,failed,False,2026-08-23T13:46:24.718234+09:00
Counteroffer Assistant,,,failed,False,2026-08-21T01:40:09.996962+09:00
Counteroffer Atlas,,,failed,False,2026-08-21T01:39:55.005229+09:00
Counteroffer Attribute,,,failed,False,2026-08-23T13:05:00.300804+09:00
Counteroffer Badge,,,failed,False,2026-08-21T01:35:39.038076+09:00
Counteroffer Base,,,failed,False,2026-08-21T01:38:24.012895+09:00
Counteroffer Beacon,,,failed,False,2026-08-21T01:37:24.140763+09:00
Counteroffer Bill,,,failed,False,2026-08-21T01:44:25.853714+09:00
Counteroffer Board,,,failed,False,2026-08-21T01:38:35.952865+09:00
Counteroffer Booth,,,failed,False,2026-08-21T01:41:12.264242+09:00
Counteroffer Bridge,,,failed,False,2026-08-21T01:37:32.925946+09:00
Counteroffer Brief,,,failed,False,2026-08-21T01:35:40.970939+09:00
Counteroffer Bulletin,,,failed,False,2026-08-21T01:35:40.970939+09:00
Counteroffer Calculator,,,failed,False,2026-08-27T23:36:50.925534+09:00
Counteroffer Card,,,failed,False,2026-08-21T01:42:43.370438+09:00
Counteroffer Cascade,,,failed,False,2026-08-21T01:37:30.941685+09:00
Counteroffer Cash,,,failed,False,2026-08-21T02:27:17.411779+09:00
Counteroffer Cashback,,,failed,False,2026-08-27T21:17:18.938086+09:00
Counteroffer Category,,,failed,False,2026-08-23T13:04:57.008398+09:00
Counteroffer Center,,,failed,False,2026-08-21T01:38:57.072218+09:00
Counteroffer Chain,,,failed,False,2026-08-21T01:39:38.707543+09:00
Counteroffer Charge,,,failed,False,2026-08-21T02:43:25.318568+09:00
Counteroffer Chart,,,failed,False,2026-08-21T01:42:00.180241+09:00
Counteroffer Check,,,failed,False,2026-08-21T01:42:48.869153+09:00
Counteroffer Checker,,,failed,False,2026-08-27T23:59:32.969820+09:00
Counteroffer Code,,,failed,False,2026-08-21T01:44:33.537295+09:00
Counteroffer Comparison,,,failed,False,2026-08-28T01:02:31.716235+09:00
Counteroffer Confirmation,,,failed,False,2026-08-21T01:36:36.837653+09:00
Counteroffer Console,,,failed,False,2026-08-21T01:39:12.504942+09:00
Counteroffer Core,,,failed,False,2026-08-21T01:38:26.164281+09:00
Counteroffer Cost,,,failed,False,2026-08-21T02:10:36.488938+09:00
Counteroffer Count,,,failed,False,2026-08-27T22:50:21.429751+09:00
Counteroffer Counter,,,failed,False,2026-08-21T01:41:06.507181+09:00
Counteroffer Coupon,,,failed,False,2026-08-27T21:17:14.401522+09:00
Counteroffer Deal,,,failed,False,2026-08-21T01:53:54.647379+09:00
Counteroffer Debt,,,failed,False,2026-08-21T02:27:05.386441+09:00
Counteroffer Deck,,,failed,False,2026-08-21T01:38:40.726969+09:00
Counteroffer Desk,,,failed,False,2026-08-21T01:37:02.343165+09:00
Counteroffer Detail,,,failed,False,2026-08-23T03:24:21.370472+09:00
Counteroffer Detector,,,failed,False,2026-08-27T23:50:42.966915+09:00
Counteroffer Directory,,,failed,False,2026-08-21T01:40:50.890695+09:00
Counteroffer Discount,,,failed,False,2026-08-23T16:14:11.722628+09:00
Counteroffer Downpayment,,,failed,False,2026-08-27T21:48:28.268054+09:00
Counteroffer Draft,,,failed,False,2026-08-21T01:43:47.346655+09:00
Counteroffer Due,,,failed,False,2026-08-23T15:51:36.784233+09:00
Counteroffer Duty,,,failed,False,2026-08-21T02:43:30.904154+09:00
Counteroffer Engine,,,failed,False,2026-08-21T01:40:07.956384+09:00
Counteroffer Entry,,,failed,False,2026-08-21T01:36:47.067872+09:00
Counteroffer Estimate,,,failed,False,2026-08-21T01:44:14.161023+09:00
Counteroffer Estimator,,,failed,False,2026-08-27T23:59:32.969820+09:00
Counteroffer Extension,,,failed,False,2026-08-23T16:39:03.767500+09:00
Counteroffer Fare,,,failed,False,2026-08-21T02:10:41.178409+09:00
Counteroffer Fee,,,failed,False,2026-08-21T01:53:28.626980+09:00
Counteroffer Feed,,,failed,False,2026-08-21T01:43:45.085248+09:00
Counteroffer Field,,,failed,False,2026-08-23T13:05:07.059909+09:00
Counteroffer File,,,failed,False,2026-08-21T01:43:23.087757+09:00
Counteroffer Fine,,,failed,False,2026-08-23T02:57:57.265224+09:00
Counteroffer Flow,,,failed,False,2026-08-21T01:36:55.107278+09:00
Counteroffer Forge,,,failed,False,2026-08-21T01:37:26.126762+09:00
Counteroffer Form,70.0,11.0,success,False,2026-08-21T01:42:40.721389+09:00
Counteroffer Format,,,failed,False,2026-08-23T13:05:09.962757+09:00
Counteroffer Frame,,,failed,False,2026-08-21T01:38:18.535087+09:00
Counteroffer Fund,,,failed,False,2026-08-21T02:27:08.024014+09:00
Counteroffer Gate,,,failed,False,2026-08-21T01:39:47.385700+09:00
Counteroffer Generator,,,failed,False,2026-08-27T23:36:57.640483+09:00
Counteroffer Giveaway,,,failed,False,2026-08-27T21:17:23.968001+09:00
Counteroffer Graph,,,failed,False,2026-08-27T22:12:34.170808+09:00
Counteroffer Grid,,,failed,False,2026-08-21T01:37:55.040790+09:00
Counteroffer Guarantee,,,failed,False,2026-08-28T01:02:37.016845+09:00
Counteroffer Helpdesk,,,failed,False,2026-08-27T22:50:21.429751+09:00
Counteroffer Helper,,,failed,False,2026-08-28T00:21:17.081309+09:00
Counteroffer History,,,failed,False,2026-08-21T01:43:18.678031+09:00
Counteroffer Hub,,,failed,False,2026-08-21T01:36:57.667235+09:00
Counteroffer Identifier,,,failed,False,2026-08-23T13:04:54.297618+09:00
Counteroffer Incentive,,,failed,False,2026-08-27T21:17:21.350185+09:00
Counteroffer Index,,,failed,False,2026-08-21T01:44:05.223042+09:00
Counteroffer Interest,,,failed,False,2026-08-23T13:46:24.718234+09:00
Counteroffer Item,,,failed,False,2026-08-21T01:53:31.985132+09:00
Counteroffer Journal,,,failed,False,2026-08-21T01:40:39.778843+09:00
Counteroffer Keeper,,,failed,False,2026-08-21T01:39:59.295312+09:00
Counteroffer Kit,,,failed,False,2026-08-27T22:50:09.773795+09:00
Counteroffer Lab,,,failed,False,2026-08-21T01:38:48.053655+09:00
Counteroffer Ledger,,,failed,False,2026-08-21T01:38:34.046103+09:00
Counteroffer Level,,,failed,False,2026-08-21T01:43:27.778790+09:00
Counteroffer Levy,,,failed,False,2026-08-23T13:46:27.908972+09:00
Counteroffer Link,,,failed,False,2026-08-23T03:24:13.637906+09:00
Counteroffer List,,,failed,False,2026-08-21T01:44:38.139446+09:00
Counteroffer Loan,,,failed,False,2026-08-21T02:10:49.609792+09:00
Counteroffer Locator,,,failed,False,2026-08-21T01:40:55.486600+09:00
Counteroffer Locker,,,failed,False,2026-08-21T01:41:08.747647+09:00
Counteroffer Log,,,failed,False,2026-08-21T01:42:34.994206+09:00
Counteroffer Loop,,,failed,False,2026-08-21T01:37:48.907066+09:00
Counteroffer Manual,,,failed,False,2026-08-27T22:12:43.537947+09:00
Counteroffer Map,,,failed,False,2026-08-21T01:38:16.172375+09:00
Counteroffer Margin,,,failed,False,2026-08-23T02:57:55.201782+09:00
Counteroffer Marker,,,failed,False,2026-08-23T13:27:00.453108+09:00
Counteroffer Markup,,,failed,False,2026-08-23T16:38:57.916604+09:00
Counteroffer Memo,,,failed,False,2026-08-21T01:35:39.038076+09:00
Counteroffer Message,,,failed,False,2026-08-27T23:15:58.535794+09:00
Counteroffer Monitor,,,failed,False,2026-08-21T01:40:23.040836+09:00
Counteroffer Nexus,,,failed,False,2026-08-21T01:39:49.686792+09:00
Counteroffer Note,,,failed,False,2026-08-21T01:42:55.803836+09:00
Counteroffer Notification,,,failed,False,2026-08-27T22:50:07.511114+09:00
Counteroffer Number,,,failed,False,2026-08-23T03:24:05.243173+09:00
Counteroffer Office,,,failed,False,2026-08-21T01:41:00.703725+09:00
Counteroffer Ops,,,failed,False,2026-08-21T01:40:35.434951+09:00
Counteroffer Order,,,failed,False,2026-08-21T01:44:20.732547+09:00
Counteroffer Outline,,,failed,False,2026-08-27T22:29:13.251110+09:00
Counteroffer Overage,,,failed,False,2026-08-27T21:48:25.630641+09:00
Counteroffer Overdue,,,failed,False,2026-08-27T21:48:20.717175+09:00
Counteroffer Panel,,,failed,False,2026-08-21T01:39:14.951697+09:00
Counteroffer Pass,,,failed,False,2026-08-21T01:35:39.038076+09:00
Counteroffer Path,,,failed,False,2026-08-21T01:38:06.302240+09:00
Counteroffer Payoff,,,failed,False,2026-08-27T21:48:23.216174+09:00
Counteroffer Penalty,,,failed,False,2026-08-23T16:38:57.916604+09:00
Counteroffer Petition,,,failed,False,2026-08-21T01:35:40.970939+09:00
Counteroffer Plan,,,failed,False,2026-08-21T01:53:46.295961+09:00
Counteroffer Planner,,,failed,False,2026-08-21T01:40:15.311910+09:00
Counteroffer Playbook,,,failed,False,2026-08-21T01:40:37.729948+09:00
Counteroffer Point,,,failed,False,2026-08-21T01:38:08.891636+09:00
Counteroffer Portal,,,failed,False,2026-08-21T01:39:04.572787+09:00
Counteroffer Preview,,,failed,False,2026-08-28T01:02:34.403760+09:00
Counteroffer Profile,,,failed,False,2026-08-21T01:43:03.421356+09:00
Counteroffer Profit,,,failed,False,2026-08-23T02:57:53.053705+09:00
Counteroffer Proposal,,,failed,False,2026-08-28T01:02:34.403760+09:00
Counteroffer Quota,,,failed,False,2026-08-21T01:35:40.970939+09:00
Counteroffer Radar,,,failed,False,2026-08-21T01:37:07.808277+09:00
Counteroffer Rate,,,failed,False,2026-08-21T01:43:34.239530+09:00
Counteroffer Recap,,,failed,False,2026-08-21T01:36:42.310879+09:00
Counteroffer Receipt,,,failed,False,2026-08-21T01:44:28.935205+09:00
Counteroffer Recorder,,,failed,False,2026-08-27T23:36:57.640483+09:00
Counteroffer Register,,,failed,False,2026-08-21T01:40:31.088878+09:00
Counteroffer Relay,,,failed,False,2026-08-21T01:37:11.320785+09:00
Counteroffer Reminder,,,failed,False,2026-08-21T01:44:01.894856+09:00
Counteroffer Report,,,failed,False,2026-08-21T01:42:32.456630+09:00
Counteroffer Repository,,,failed,False,2026-08-27T23:16:04.692896+09:00
Counteroffer Result,,,failed,False,2026-08-28T00:45:52.715901+09:00
Counteroffer Ring,,,failed,False,2026-08-21T01:39:42.723562+09:00
Counteroffer Roster,,,failed,False,2026-08-21T01:41:48.955996+09:00
Counteroffer Route,,,failed,False,2026-08-21T01:39:25.000691+09:00
Counteroffer Rule,,,failed,False,2026-08-23T03:24:18.387553+09:00
Counteroffer Sale,,,failed,False,2026-08-21T02:27:19.706336+09:00
Counteroffer Sample,,,failed,False,2026-08-21T01:35:39.038076+09:00
Counteroffer Scale,,,failed,False,2026-08-21T01:39:21.617747+09:00
Counteroffer Scope,,,failed,False,2026-08-21T01:37:44.630220+09:00
Counteroffer Score,,,failed,False,2026-08-21T01:42:53.677401+09:00
Counteroffer Sheet,,,failed,False,2026-08-21T01:42:46.013630+09:00
Counteroffer Shortfall,,,failed,False,2026-08-27T21:48:30.689545+09:00
Counteroffer Signal,,,failed,False,2026-08-21T01:37:37.070410+09:00
Counteroffer Signature,,,failed,False,2026-08-23T13:26:57.143655+09:00
Counteroffer Slip,,,failed,False,2026-08-21T01:35:39.038076+09:00
Counteroffer Slot,,,failed,False,2026-08-21T01:35:39.038076+09:00
Counteroffer Stage,,,failed,False,2026-08-28T00:45:52.715901+09:00
Counteroffer Stake,,,failed,False,2026-08-23T02:57:55.201782+09:00
Counteroffer Stamp,,,failed,False,2026-08-23T13:27:00.453108+09:00
Counteroffer Statement,,,failed,False,2026-08-21T01:35:39.038076+09:00
Counteroffer Station,,,failed,False,2026-08-21T01:38:50.640665+09:00
Counteroffer Status,,,failed,False,2026-08-21T01:43:07.474360+09:00
Counteroffer Stub,,,failed,False,2026-08-21T01:35:39.038076+09:00
Counteroffer Studio,,,failed,False,2026-08-21T01:38:42.867462+09:00
Counteroffer Sum,,,failed,False,2026-08-21T02:27:02.067893+09:00
Counteroffer Summary,,,failed,False,2026-08-21T01:43:52.896076+09:00
Counteroffer Tab,,,failed,False,2026-08-21T01:35:40.970939+09:00
Counteroffer Table,,,failed,False,2026-08-21T01:35:39.038076+09:00
Counteroffer Tag,,,failed,False,2026-08-21T01:42:58.216620+09:00
Counteroffer Tariff,,,failed,False,2026-08-21T02:43:40.530663+09:00
Counteroffer Tax,,,failed,False,2026-08-21T02:10:49.609792+09:00
Counteroffer Terminal,,,failed,False,2026-08-21T01:38:54.698036+09:00
Counteroffer Ticker,,,failed,False,2026-08-21T01:42:13.880844+09:00
Counteroffer Ticket,,,failed,False,2026-08-21T01:44:11.369887+09:00
Counteroffer Timeline,,,failed,False,2026-08-21T01:43:56.070004+09:00
Counteroffer Timer,,,failed,False,2026-08-28T00:21:09.151755+09:00
Counteroffer Toll,,,failed,False,2026-08-21T02:43:35.121601+09:00
Counteroffer Toolbox,,,failed,False,2026-08-28T00:21:14.040617+09:00
Counteroffer Total,,,failed,False,2026-08-27T23:16:01.473407+09:00
Counteroffer Tracker,,,failed,False,2026-08-21T01:36:50.253581+09:00
Counteroffer Trend,,,failed,False,2026-08-28T01:02:31.716235+09:00
Counteroffer Trial,,,failed,False,2026-08-27T21:17:21.350185+09:00
Counteroffer Unit,,,failed,False,2026-08-21T01:53:38.487807+09:00
Counteroffer Update,,,failed,False,2026-08-21T01:43:39.038620+09:00
Counteroffer Value,,,failed,False,2026-08-23T02:57:53.053705+09:00
Counteroffer Vault,,,failed,False,2026-08-21T01:37:16.023011+09:00
Counteroffer Version,,,failed,False,2026-08-23T03:24:09.830834+09:00
Counteroffer View,,,failed,False,2026-08-21T01:43:12.278953+09:00
Counteroffer Voucher,,,failed,False,2026-08-21T01:35:39.038076+09:00
Counteroffer Wave,,,failed,False,2026-08-21T01:37:57.190809+09:00
Counteroffer Widget,,,failed,False,2026-08-27T23:16:01.473407+09:00
Counteroffer Worksheet,,,failed,False,2026-08-27T22:12:43.537947+09:00
Counteroffer Workshop,,,failed,False,2026-08-28T00:21:11.601666+09:00
Counteroffer Zone,,,failed,False,2026-08-21T01:39:01.261860+09:00
Courier Advance,,,failed,False,2026-08-23T16:16:24.189782+09:00
Courier Advisory,,,failed,False,2026-08-21T01:05:26.897512+09:00
Courier Allowance,,,failed,False,2026-08-21T02:37:42.077569+09:00
Courier Analyzer,10.0,0.0,success,False,2026-08-27T23:53:23.914629+09:00
Courier Announcement,,,failed,False,2026-08-27T23:33:05.663722+09:00
Courier Arrears,,,failed,False,2026-08-23T16:16:21.487176+09:00
Courier Asset,,,failed,False,2026-08-23T13:47:38.660404+09:00
Courier Assistant,40.0,1.0,success,False,2026-08-19T00:01:43.287513+09:00
Courier Atlas,,,failed,False,2026-08-19T00:01:14.805570+09:00
Courier Badge,20.0,21.0,success,False,2026-08-21T00:30:05.948049+09:00
Courier Balance,,,failed,False,2026-08-23T13:47:35.441000+09:00
Courier Base,260.0,5.0,success,False,2026-08-18T23:57:58.396596+09:00
Courier Beacon,,,failed,False,2026-08-19T00:04:47.180412+09:00
Courier Bill,590.0,1.0,success,False,2026-08-19T22:06:38.426353+09:00
Courier Board,880.0,15.0,success,False,2026-08-18T23:58:25.855676+09:00
Courier Book,480.0,39.0,success,False,2026-08-19T22:07:32.899948+09:00
Courier Bridge,10.0,0.0,success,False,2026-08-19T00:05:07.956398+09:00
Courier Brief,,,failed,False,2026-08-21T01:05:09.510273+09:00
Courier Bulletin,,,failed,False,2026-08-21T01:05:05.236354+09:00
Courier Calculator,390.0,20.0,success,False,2026-08-27T23:33:05.663722+09:00
Courier Calendar,10.0,0.0,success,False,2026-08-19T00:03:01.180289+09:00
Courier Card,260.0,0.0,success,False,2026-08-19T13:42:03.157163+09:00
Courier Cascade,,,failed,False,2026-08-19T00:05:01.988375+09:00
Courier Cash,20.0,4.0,success,False,2026-08-21T02:30:57.020640+09:00
Courier Cashback,10.0,,success,False,2026-08-27T21:19:31.239406+09:00
Courier Center,110000.0,2.0,success,False,2026-08-18T23:59:17.064429+09:00
Courier Chain,,,failed,False,2026-08-19T00:00:40.903706+09:00
Courier Charge,9900.0,6.0,success,False,2026-08-21T02:37:27.000959+09:00
Courier Check,1900.0,4.0,success,False,2026-08-19T13:42:25.449993+09:00
Courier Checker,1900.0,4.0,success,False,2026-08-27T23:53:12.173263+09:00
Courier Checklist,10.0,2.0,success,False,2026-08-19T21:19:44.972350+09:00
Courier Circular,10.0,1.0,success,False,2026-08-21T01:05:22.302548+09:00
Courier Code,320.0,0.0,success,False,2026-08-19T22:06:59.596356+09:00
Courier Companion,,,failed,False,2026-08-19T00:02:15.189621+09:00
Courier Comparison,1000.0,64.0,success,False,2026-08-28T01:04:34.359127+09:00
Courier Compass,,,failed,False,2026-08-19T00:04:42.603293+09:00
Courier Confirmation,,,failed,False,2026-08-21T01:05:39.127217+09:00
Courier Console,,,failed,False,2026-08-18T23:59:47.446594+09:00
Courier Contribution,,,failed,False,2026-08-23T16:16:17.008573+09:00
Courier Core,,,failed,False,2026-08-18T23:58:07.902911+09:00
Courier Cost,1000.0,31.0,success,False,2026-08-21T02:13:59.319117+09:00
Courier Count,,,failed,False,2026-08-27T22:44:50.273695+09:00
Courier Counter,50.0,2.0,success,False,2026-08-19T00:03:43.919454+09:00
Courier Coupon,,,failed,False,2026-08-27T21:19:31.239406+09:00
Courier Deal,10.0,25.0,success,False,2026-08-21T01:57:44.659244+09:00
Courier Debt,,,failed,False,2026-08-21T02:30:47.137745+09:00
Courier Deck,,,failed,False,2026-08-18T23:58:35.248777+09:00
Courier Depot,320.0,1.0,success,False,2026-08-19T00:03:29.017691+09:00
Courier Desk,50.0,87.0,success,False,2026-08-19T00:04:14.172620+09:00
Courier Detail,135000.0,5.0,success,False,2026-08-23T03:18:00.174345+09:00
Courier Detector,,,failed,False,2026-08-27T23:53:21.557901+09:00
Courier Diagram,,,failed,False,2026-08-27T22:15:19.748218+09:00
Courier Digest,,,failed,False,2026-08-19T20:43:48.362624+09:00
Courier Directory,10.0,27.0,success,False,2026-08-19T00:03:06.405993+09:00
Courier Discount,70.0,23.0,success,False,2026-08-23T16:16:13.507688+09:00
Courier Dossier,,,failed,False,2026-08-21T01:05:38.366293+09:00
Courier Downpayment,,,failed,False,2026-08-27T21:50:34.815891+09:00
Courier Draft,10.0,0.0,success,False,2026-08-19T20:44:00.282785+09:00
Courier Due,,,failed,False,2026-08-23T15:52:26.691302+09:00
Courier Duty,140.0,0.0,success,False,2026-08-21T02:37:31.175739+09:00
Courier Engine,90.0,59.0,success,False,2026-08-19T00:01:35.413805+09:00
Courier Entry,20.0,3.0,success,False,2026-08-21T01:06:02.674001+09:00
Courier Estimate,110.0,49.0,success,False,2026-08-19T21:29:24.641827+09:00
Courier Estimator,,,failed,False,2026-08-27T23:53:12.173263+09:00
Courier Excerpt,,,failed,False,2026-08-21T01:05:55.165491+09:00
Courier Fare,20.0,13.0,success,False,2026-08-21T02:14:02.511057+09:00
Courier Fee,1300.0,4.0,success,False,2026-08-21T01:57:30.255883+09:00
Courier Feed,,,failed,False,2026-08-19T20:43:53.666341+09:00
Courier File,140.0,9.0,success,False,2026-08-19T20:43:19.095275+09:00
Courier Finder,70.0,30.0,success,False,2026-08-19T00:03:21.455005+09:00
Courier Fine,,,failed,False,2026-08-23T02:53:42.896171+09:00
Courier Flag,20.0,0.0,success,False,2026-08-21T00:30:53.488074+09:00
Courier Flow,30.0,0.0,success,False,2026-08-19T00:03:57.643433+09:00
Courier Forge,,,failed,False,2026-08-19T00:04:56.559247+09:00
Courier Form,2400.0,0.0,success,True,2026-08-19T13:41:50.563536+09:00
Courier Format,2400.0,0.0,success,True,2026-08-23T13:07:00.691919+09:00
Courier Frame,,,failed,False,2026-08-18T23:57:49.004373+09:00
Courier Fund,,,failed,False,2026-08-21T02:30:51.336298+09:00
Courier Gate,20.0,0.0,success,False,2026-08-19T00:00:56.933054+09:00
Courier Giveaway,,,failed,False,2026-08-27T21:19:36.835808+09:00
Courier Grade,,,failed,False,2026-08-21T00:30:34.487987+09:00
Courier Graph,10.0,0.0,success,False,2026-08-27T22:15:06.045574+09:00
Courier Grid,,,failed,False,2026-08-19T00:05:33.402476+09:00
Courier Guarantee,,,failed,False,2026-08-28T01:04:40.087199+09:00
Courier Guardian,,,failed,False,2026-08-28T00:23:24.069179+09:00
Courier Helpdesk,,,failed,False,2026-08-27T22:44:52.843533+09:00
Courier Helper,1000.0,16.0,success,False,2026-08-28T00:23:28.806149+09:00
Courier History,70.0,0.0,success,False,2026-08-19T20:43:13.193243+09:00
Courier Hub,1600.0,5.0,success,False,2026-08-19T00:04:07.444762+09:00
Courier Identifier,210.0,3.0,success,False,2026-08-23T13:06:58.194774+09:00
Courier Incentive,,,failed,False,2026-08-27T21:19:36.835808+09:00
Courier Index,30.0,0.0,success,False,2026-08-19T21:19:54.949155+09:00
Courier Installment,,,failed,False,2026-08-23T16:16:17.008573+09:00
Courier Item,140.0,30.0,success,False,2026-08-21T01:57:38.284860+09:00
Courier Journal,33100.0,1.0,success,False,2026-08-19T00:02:45.246378+09:00
Courier Keeper,,,failed,False,2026-08-19T00:01:21.334255+09:00
Courier Kit,20.0,0.0,success,False,2026-08-27T22:44:46.439478+09:00
Courier Lab,880.0,15.0,success,False,2026-08-18T23:58:52.034754+09:00
Courier Label,480.0,65.0,success,False,2026-08-27T22:15:12.426690+09:00
Courier Ledger,,,failed,False,2026-08-18T23:58:17.460804+09:00
Courier Levy,,,failed,False,2026-08-23T13:47:38.660404+09:00
Courier Link,170.0,14.0,success,False,2026-08-23T03:17:54.192615+09:00
Courier List,210.0,4.0,success,False,2026-08-19T22:07:10.998735+09:00
Courier Loan,,,failed,False,2026-08-21T02:14:10.459291+09:00
Courier Locator,390.0,9.0,success,False,2026-08-19T00:03:12.143780+09:00
Courier Log,50.0,3.0,success,False,2026-08-19T13:41:43.922175+09:00
Courier Loop,,,failed,False,2026-08-19T00:05:29.382308+09:00
Courier Manager,2400.0,1.0,success,False,2026-08-19T00:01:30.427864+09:00
Courier Manual,10.0,0.0,success,False,2026-08-27T22:15:17.446247+09:00
Courier Map,140.0,4.0,success,False,2026-08-18T23:57:37.423450+09:00
Courier Markup,,,failed,False,2026-08-23T16:40:02.738352+09:00
Courier Memo,,,failed,False,2026-08-21T00:30:41.620130+09:00
Courier Message,590.0,1.0,success,False,2026-08-27T23:10:40.131699+09:00
Courier Monitor,50.0,20.0,success,False,2026-08-19T00:02:06.599822+09:00
Courier Nexus,210.0,3.0,success,False,2026-08-19T00:01:04.506360+09:00
Courier Note,70.0,0.0,success,False,2026-08-19T13:20:58.742668+09:00
Courier Notification,210.0,2.0,success,False,2026-08-27T22:44:43.447057+09:00
Courier Number,720.0,8.0,success,False,2026-08-23T03:17:44.508741+09:00
Courier Office,6600.0,5.0,success,False,2026-08-19T00:03:34.698010+09:00
Courier Ops,0.0,,success,False,2026-08-19T00:02:30.122335+09:00
Courier Order,320.0,38.0,success,False,2026-08-19T22:06:28.711407+09:00
Courier Overage,,,failed,False,2026-08-27T21:50:32.673191+09:00
Courier Overdraft,,,failed,False,2026-08-23T15:52:28.857053+09:00
Courier Overdue,,,failed,False,2026-08-27T21:50:26.760837+09:00
Courier Panel,40.0,6.0,success,False,2026-08-18T23:59:53.624295+09:00
Courier Pass,10.0,11.0,success,False,2026-08-21T00:29:53.018137+09:00
Courier Path,30.0,0.0,success,False,2026-08-18T23:57:18.728861+09:00
Courier Payoff,,,failed,False,2026-08-27T21:50:29.028381+09:00
Courier Penalty,,,failed,False,2026-08-23T16:40:00.457844+09:00
Courier Petition,,,failed,False,2026-08-21T01:05:30.928954+09:00
Courier Plan,30.0,21.0,success,False,2026-08-21T01:57:45.438381+09:00
Courier Planner,30.0,21.0,success,False,2026-08-19T00:01:49.817235+09:00
Courier Playbook,,,failed,False,2026-08-19T00:02:36.291033+09:00
Courier Point,1000.0,5.0,success,False,2026-08-18T23:57:28.259874+09:00
Courier Portal,1900.0,11.0,success,False,2026-08-18T23:59:36.900086+09:00
Courier Preview,10.0,,success,False,2026-08-28T01:04:34.359127+09:00
Courier Profile,20.0,1.0,success,False,2026-08-19T13:21:52.267675+09:00
Courier Profit,,,failed,False,2026-08-23T02:53:34.328450+09:00
Courier Proposal,10.0,0.0,success,False,2026-08-28T01:04:37.386068+09:00
Courier Quota,10.0,0.0,success,False,2026-08-21T00:30:46.553076+09:00
Courier Radar,,,failed,False,2026-08-19T00:04:23.577898+09:00
Courier Rail,,,failed,False,2026-08-19T00:00:22.759146+09:00
Courier Rank,10.0,0.0,success,False,2026-08-28T00:47:05.716612+09:00
Courier Rate,590.0,20.0,success,False,2026-08-19T20:43:33.378176+09:00
Courier Recap,,,failed,False,2026-08-21T01:05:46.512536+09:00
Courier Receipt,880.0,0.0,success,False,2026-08-19T22:06:47.930339+09:00
Courier Recorder,,,failed,False,2026-08-27T23:33:13.459329+09:00
Courier Register,320.0,3.0,success,False,2026-08-19T00:02:21.603583+09:00
Courier Registry,,,failed,False,2026-08-19T00:02:51.849711+09:00
Courier Relay,50.0,17.0,success,False,2026-08-19T00:04:30.591993+09:00
Courier Reminder,,,failed,False,2026-08-19T21:19:32.635751+09:00
Courier Report,70.0,1.0,success,False,2026-08-19T13:41:17.239436+09:00
Courier Repository,,,failed,False,2026-08-27T23:10:47.155079+09:00
Courier Ring,20.0,59.0,success,False,2026-08-19T00:00:48.226412+09:00
Courier Roster,,,failed,False,2026-08-19T00:38:27.005898+09:00
Courier Route,210.0,24.0,success,False,2026-08-19T00:00:16.279363+09:00
Courier Rule,,,failed,False,2026-08-23T03:17:56.844473+09:00
Courier Sale,30.0,56.0,success,False,2026-08-21T02:30:59.342931+09:00
Courier Sample,170.0,4.0,success,False,2026-08-19T21:46:01.527373+09:00
Courier Scale,,,failed,False,2026-08-19T00:00:05.096380+09:00
Courier Scanner,140.0,36.0,success,False,2026-08-27T23:53:16.393422+09:00
Courier Scheduler,,,failed,False,2026-08-19T00:02:00.292816+09:00
Courier Scope,,,failed,False,2026-08-19T00:05:23.888896+09:00
Courier Score,170.0,0.0,success,False,2026-08-19T13:42:37.156031+09:00
Courier Sheet,110.0,17.0,success,False,2026-08-19T13:42:14.783829+09:00
Courier Shortfall,,,failed,False,2026-08-27T21:50:37.116413+09:00
Courier Signal,10.0,0.0,success,False,2026-08-19T00:05:13.902876+09:00
Courier Signature,90.0,2.0,success,False,2026-08-23T13:27:46.545552+09:00
Courier Slip,720.0,4.0,success,False,2026-08-19T22:07:52.466558+09:00
Courier Slot,,,failed,False,2026-08-19T21:46:11.490049+09:00
Courier Stake,,,failed,False,2026-08-23T02:53:36.421361+09:00
Courier Statement,,,failed,False,2026-08-21T00:30:22.823388+09:00
Courier Station,880.0,0.0,success,False,2026-08-18T23:58:59.776089+09:00
Courier Status,720.0,5.0,success,False,2026-08-19T20:42:59.296448+09:00
Courier Stipend,,,failed,False,2026-08-23T13:47:38.660404+09:00
Courier Streak,,,failed,False,2026-08-28T00:47:03.149821+09:00
Courier Stub,,,failed,False,2026-08-21T00:30:14.861916+09:00
Courier Studio,30.0,1.0,success,False,2026-08-18T23:58:42.867449+09:00
Courier Subsidy,,,failed,False,2026-08-23T15:52:31.168291+09:00
Courier Sum,,,failed,False,2026-08-21T02:30:37.873895+09:00
Courier Summary,,,failed,False,2026-08-19T21:19:08.211207+09:00
Courier Surtax,,,failed,False,2026-08-23T15:52:33.187171+09:00
Courier Tab,480.0,1.0,success,False,2026-08-21T00:31:01.051294+09:00
Courier Table,50.0,31.0,success,False,2026-08-19T22:07:23.452103+09:00
Courier Tag,40.0,2.0,success,False,2026-08-19T13:21:15.307510+09:00
Courier Tally,,,failed,False,2026-08-21T00:30:29.735189+09:00
Courier Tariff,20.0,8.0,success,False,2026-08-21T02:37:45.273746+09:00
Courier Tax,70.0,4.0,success,False,2026-08-21T02:14:07.166822+09:00
Courier Terminal,20.0,0.0,success,False,2026-08-18T23:59:08.925896+09:00
Courier Ticket,590.0,0.0,success,False,2026-08-19T21:20:07.240027+09:00
Courier Tier,,,failed,False,2026-08-28T00:47:03.149821+09:00
Courier Timeline,,,failed,False,2026-08-19T21:19:19.264899+09:00
Courier Timer,,,failed,False,2026-08-28T00:23:21.269207+09:00
Courier Toll,720.0,20.0,success,False,2026-08-21T02:37:37.997164+09:00
Courier Toolbox,,,failed,False,2026-08-28T00:23:26.429201+09:00
Courier Total,,,failed,False,2026-08-27T23:10:40.131699+09:00
Courier Tracker,135000.0,5.0,success,False,2026-08-19T00:03:50.601023+09:00
Courier Trail,,,failed,False,2026-08-19T00:00:31.381271+09:00
Courier Trend,170.0,31.0,success,False,2026-08-28T01:04:31.429165+09:00
Courier Trial,10.0,0.0,success,False,2026-08-27T21:19:33.782503+09:00
Courier Unit,,,failed,False,2026-08-21T01:57:40.883576+09:00
Courier Update,90.0,6.0,success,False,2026-08-19T20:43:41.671766+09:00
Courier Value,10.0,12.0,success,False,2026-08-23T02:53:36.421361+09:00
Courier Vault,,,failed,False,2026-08-19T00:04:35.680723+09:00
Courier Version,10.0,0.0,success,False,2026-08-23T03:17:46.671515+09:00
Courier View,20.0,0.0,success,False,2026-08-19T20:43:04.288794+09:00
Courier Voucher,90.0,1.0,success,False,2026-08-21T00:30:01.129618+09:00
Courier Wallet,,,failed,False,2026-08-27T22:44:46.439478+09:00
Courier Watch,70.0,31.0,success,False,2026-08-19T00:05:18.968119+09:00
Courier Wave,,,failed,False,2026-08-18T23:57:02.622913+09:00
Courier Widget,,,failed,False,2026-08-27T23:10:42.851763+09:00
Courier Worksheet,,,failed,False,2026-08-27T22:15:19.748218+09:00
Courier Zone,40.0,0.0,success,False,2026-08-18T23:59:27.223478+09:00
Courtyard Advisory,,,failed,False,2026-08-21T01:03:10.607434+09:00
Courtyard Alert,,,failed,False,2026-08-21T00:07:10.102459+09:00
Courtyard Allowance,,,failed,False,2026-08-21T02:42:16.992307+09:00
Courtyard Analyzer,,,failed,False,2026-08-27T23:52:32.506891+09:00
Courtyard Announcement,,,failed,False,2026-08-27T23:32:01.853038+09:00
Courtyard Assistant,,,failed,False,2026-08-21T00:05:45.974525+09:00
Courtyard Atlas,,,failed,False,2026-08-21T00:05:29.824761+09:00
Courtyard Attribute,,,failed,False,2026-08-23T13:10:14.601516+09:00
Courtyard Base,,,failed,False,2026-08-21T00:11:04.008018+09:00
Courtyard Bay,,,failed,False,2026-08-21T00:06:45.845117+09:00
Courtyard Beacon,,,failed,False,2026-08-21T00:10:17.224400+09:00
Courtyard Bill,,,failed,False,2026-08-21T00:09:19.692750+09:00
Courtyard Board,,,failed,False,2026-08-21T00:11:15.329507+09:00
Courtyard Book,590.0,11.0,success,False,2026-08-21T00:09:38.850867+09:00
Courtyard Booth,,,failed,False,2026-08-21T00:06:39.076451+09:00
Courtyard Bridge,,,failed,False,2026-08-21T00:10:27.698876+09:00
Courtyard Brief,,,failed,False,2026-08-21T01:02:15.382494+09:00
Courtyard Bulletin,,,failed,False,2026-08-21T01:02:13.283707+09:00
Courtyard Calendar,,,failed,False,2026-08-21T00:06:15.045348+09:00
Courtyard Card,140.0,29.0,success,False,2026-08-21T00:07:51.744677+09:00
Courtyard Cascade,,,failed,False,2026-08-21T00:10:23.316441+09:00
Courtyard Cash,,,failed,False,2026-08-21T02:25:24.803683+09:00
Courtyard Category,,,failed,False,2026-08-23T13:10:10.835682+09:00
Courtyard Center,390.0,3.0,success,False,2026-08-21T00:11:37.455869+09:00
Courtyard Chain,10.0,0.0,success,False,2026-08-19T23:13:53.160538+09:00
Courtyard Charge,,,failed,False,2026-08-21T02:42:09.091272+09:00
Courtyard Chart,,,failed,False,2026-08-21T00:07:10.102459+09:00
Courtyard Check,,,failed,False,2026-08-21T00:08:03.129328+09:00
Courtyard Checker,,,failed,False,2026-08-27T23:52:22.402919+09:00
Courtyard Circular,,,failed,False,2026-08-21T01:03:04.478545+09:00
Courtyard Code,90.0,10.0,success,False,2026-08-21T00:09:26.936437+09:00
Courtyard Confirmation,,,failed,False,2026-08-21T01:03:18.814008+09:00
Courtyard Console,,,failed,False,2026-08-21T00:11:47.014910+09:00
Courtyard Core,,,failed,False,2026-08-21T00:11:09.626115+09:00
Courtyard Cost,,,failed,False,2026-08-21T02:08:11.666475+09:00
Courtyard Counter,,,failed,False,2026-08-21T00:06:31.070365+09:00
Courtyard Deal,320.0,0.0,success,False,2026-08-21T01:50:37.837516+09:00
Courtyard Debt,,,failed,False,2026-08-21T02:25:13.538662+09:00
Courtyard Deck,140.0,94.0,success,False,2026-08-21T00:11:18.069642+09:00
Courtyard Desk,,,failed,False,2026-08-21T00:10:04.105660+09:00
Courtyard Detail,,,failed,False,2026-08-23T03:23:29.114948+09:00
Courtyard Detector,,,failed,False,2026-08-27T23:52:30.197940+09:00
Courtyard Diagram,70.0,0.0,success,False,2026-08-27T22:13:33.756180+09:00
Courtyard Directory,20.0,0.0,success,False,2026-08-21T00:06:19.535864+09:00
Courtyard Dossier,,,failed,False,2026-08-21T01:03:23.160959+09:00
Courtyard Downpayment,,,failed,False,2026-08-27T21:49:11.230615+09:00
Courtyard Draft,,,failed,False,2026-08-21T00:08:50.298724+09:00
Courtyard Duty,,,failed,False,2026-08-21T02:42:11.511377+09:00
Courtyard Engine,,,failed,False,2026-08-21T00:05:42.702163+09:00
Courtyard Entry,170.0,0.0,success,False,2026-08-21T01:03:38.520377+09:00
Courtyard Estimate,,,failed,False,2026-08-21T00:09:11.987938+09:00
Courtyard Estimator,,,failed,False,2026-08-27T23:52:16.469073+09:00
Courtyard Excerpt,,,failed,False,2026-08-21T01:03:33.238339+09:00
Courtyard Fare,,,failed,False,2026-08-21T02:08:19.202315+09:00
Courtyard Fee,,,failed,False,2026-08-21T01:50:11.823899+09:00
Courtyard Feed,,,failed,False,2026-08-21T00:08:45.670716+09:00
Courtyard File,,,failed,False,2026-08-21T00:08:32.112101+09:00
Courtyard Finder,,,failed,False,2026-08-21T00:06:26.162440+09:00
Courtyard Fine,,,failed,False,2026-08-23T02:57:17.363671+09:00
Courtyard Flag,,,failed,False,2026-08-21T00:27:24.500136+09:00
Courtyard Flow,,,failed,False,2026-08-21T00:09:59.655575+09:00
Courtyard Forge,,,failed,False,2026-08-21T00:10:20.448306+09:00
Courtyard Form,,,failed,False,2026-08-21T00:07:47.780593+09:00
Courtyard Format,,,failed,False,2026-08-23T13:10:16.613560+09:00
Courtyard Frame,,,failed,False,2026-08-21T00:11:01.156571+09:00
Courtyard Fund,,,failed,False,2026-08-21T02:25:19.750628+09:00
Courtyard Gate,480.0,98.0,success,False,2026-08-21T00:05:23.895920+09:00
Courtyard Grade,,,failed,False,2026-08-21T00:26:55.838634+09:00
Courtyard Grid,,,failed,False,2026-08-21T00:10:46.000113+09:00
Courtyard Guarantee,,,failed,False,2026-08-28T01:04:28.102899+09:00
Courtyard Guardian,,,failed,False,2026-08-28T00:22:57.445324+09:00
Courtyard Helpdesk,,,failed,False,2026-08-27T22:51:29.683445+09:00
Courtyard Helper,,,failed,False,2026-08-28T00:23:02.722044+09:00
Courtyard History,30.0,0.0,success,False,2026-08-21T00:08:29.674648+09:00
Courtyard Hub,,,failed,False,2026-08-21T00:10:01.982446+09:00
Courtyard Identifier,,,failed,False,2026-08-23T13:10:08.705068+09:00
Courtyard Inbox,,,failed,False,2026-08-21T00:07:07.636475+09:00
Courtyard Index,,,failed,False,2026-08-21T00:09:02.871951+09:00
Courtyard Item,,,failed,False,2026-08-21T01:50:16.047866+09:00
Courtyard Journal,,,failed,False,2026-08-21T00:06:10.990572+09:00
Courtyard Keeper,,,failed,False,2026-08-21T00:05:36.511484+09:00
Courtyard Lab,,,failed,False,2026-08-21T00:11:23.626216+09:00
Courtyard Label,,,failed,False,2026-08-27T22:13:27.898794+09:00
Courtyard Layout,170.0,1.0,success,False,2026-08-27T22:29:26.032496+09:00
Courtyard Ledger,,,failed,False,2026-08-21T00:11:12.755377+09:00
Courtyard Level,,,failed,False,2026-08-21T00:08:35.535549+09:00
Courtyard Line,,,failed,False,2026-08-21T00:07:30.087170+09:00
Courtyard Link,,,failed,False,2026-08-23T03:23:22.521378+09:00
Courtyard List,,,failed,False,2026-08-21T00:09:30.468859+09:00
Courtyard Loan,,,failed,False,2026-08-21T02:08:33.058112+09:00
Courtyard Lobby,30.0,1.0,success,False,2026-08-21T00:07:19.615144+09:00
Courtyard Locator,,,failed,False,2026-08-21T00:06:22.845965+09:00
Courtyard Locker,,,failed,False,2026-08-21T00:06:35.659041+09:00
Courtyard Log,,,failed,False,2026-08-21T00:07:44.849905+09:00
Courtyard Loop,50.0,8.0,success,False,2026-08-21T00:10:41.968767+09:00
Courtyard Manager,,,failed,False,2026-08-21T00:05:39.660885+09:00
Courtyard Manual,,,failed,False,2026-08-27T22:13:31.267961+09:00
Courtyard Map,140.0,0.0,success,False,2026-08-21T00:10:58.171885+09:00
Courtyard Memo,,,failed,False,2026-08-21T00:27:06.966469+09:00
Courtyard Monitor,,,failed,False,2026-08-21T00:05:56.272120+09:00
Courtyard Nexus,,,failed,False,2026-08-21T00:05:26.838977+09:00
Courtyard Note,,,failed,False,2026-08-21T00:08:09.199254+09:00
Courtyard Notification,,,failed,False,2026-08-27T22:51:22.989955+09:00
Courtyard Number,50.0,15.0,success,False,2026-08-23T03:23:19.130954+09:00
Courtyard Office,390.0,4.0,success,False,2026-08-21T00:06:28.229778+09:00
Courtyard Ops,,,failed,False,2026-08-21T00:06:05.500178+09:00
Courtyard Order,10.0,5.0,success,False,2026-08-21T00:09:15.337380+09:00
Courtyard Outpost,,,failed,False,2026-08-21T00:06:52.239933+09:00
Courtyard Overage,,,failed,False,2026-08-27T21:49:08.437850+09:00
Courtyard Overdue,,,failed,False,2026-08-27T21:49:01.717649+09:00
Courtyard Panel,,,failed,False,2026-08-21T00:11:51.224044+09:00
Courtyard Pass,,,failed,False,2026-08-21T00:26:25.580219+09:00
Courtyard Passport,,,failed,False,2026-08-21T00:07:16.411531+09:00
Courtyard Path,,,failed,False,2026-08-21T00:10:51.522547+09:00
Courtyard Payoff,,,failed,False,2026-08-27T21:49:06.270483+09:00
Courtyard Petition,,,failed,False,2026-08-21T01:03:15.171952+09:00
Courtyard Plan,590.0,9.0,success,False,2026-08-21T01:50:32.476329+09:00
Courtyard Planner,,,failed,False,2026-08-21T00:05:49.318712+09:00
Courtyard Playbook,,,failed,False,2026-08-21T00:06:08.424463+09:00
Courtyard Plaza,1600.0,3.0,success,False,2026-08-21T00:06:55.425363+09:00
Courtyard Point,,,failed,False,2026-08-21T00:10:55.494824+09:00
Courtyard Portal,50.0,0.0,success,False,2026-08-21T00:11:44.764762+09:00
Courtyard Post,,,failed,False,2026-08-21T00:06:48.646021+09:00
Courtyard Preview,,,failed,False,2026-08-28T01:04:25.098394+09:00
Courtyard Profile,,,failed,False,2026-08-21T00:08:16.662845+09:00
Courtyard Profit,,,failed,False,2026-08-23T02:57:10.108047+09:00
Courtyard Proposal,,,failed,False,2026-08-28T01:04:28.102899+09:00
Courtyard Quota,,,failed,False,2026-08-21T00:27:15.534212+09:00
Courtyard Radar,,,failed,False,2026-08-21T00:10:06.230079+09:00
Courtyard Rail,,,failed,False,2026-08-21T00:12:04.000178+09:00
Courtyard Rate,,,failed,False,2026-08-21T00:08:39.923175+09:00
Courtyard Recap,,,failed,False,2026-08-21T01:03:27.651766+09:00
Courtyard Receipt,20.0,0.0,success,False,2026-08-21T00:09:23.484193+09:00
Courtyard Recorder,,,failed,False,2026-08-27T23:32:20.228429+09:00
Courtyard Register,,,failed,False,2026-08-21T00:06:02.924923+09:00
Courtyard Relay,,,failed,False,2026-08-21T00:10:10.668873+09:00
Courtyard Reminder,,,failed,False,2026-08-21T00:09:00.299581+09:00
Courtyard Report,,,failed,False,2026-08-21T00:07:41.757493+09:00
Courtyard Ring,,,failed,False,2026-08-21T00:05:21.567045+09:00
Courtyard Roll,,,failed,False,2026-08-21T00:07:38.957051+09:00
Courtyard Roster,,,failed,False,2026-08-21T00:07:05.249232+09:00
Courtyard Route,,,failed,False,2026-08-21T00:11:58.658369+09:00
Courtyard Rule,,,failed,False,2026-08-23T03:23:25.330676+09:00
Courtyard Sale,40.0,1.0,success,False,2026-08-21T02:25:28.596275+09:00
Courtyard Sample,,,failed,False,2026-08-21T00:09:46.713564+09:00
Courtyard Scale,,,failed,False,2026-08-21T00:11:53.848385+09:00
Courtyard Scanner,,,failed,False,2026-08-27T23:52:26.282518+09:00
Courtyard Scope,,,failed,False,2026-08-21T00:10:37.172281+09:00
Courtyard Score,,,failed,False,2026-08-21T00:08:06.282154+09:00
Courtyard Sheet,10.0,0.0,success,False,2026-08-21T00:07:59.311862+09:00
Courtyard Shortfall,,,failed,False,2026-08-27T21:49:13.443578+09:00
Courtyard Signal,,,failed,False,2026-08-21T00:10:31.102119+09:00
Courtyard Slip,,,failed,False,2026-08-21T00:09:42.716549+09:00
Courtyard Slot,,,failed,False,2026-08-21T00:09:53.180945+09:00
Courtyard Stake,,,failed,False,2026-08-23T02:57:15.173266+09:00
Courtyard Statement,,,failed,False,2026-08-21T00:26:43.816315+09:00
Courtyard Station,,,failed,False,2026-08-21T00:11:27.452285+09:00
Courtyard Status,,,failed,False,2026-08-21T00:08:19.938205+09:00
Courtyard Studio,590.0,6.0,success,False,2026-08-21T00:11:21.339663+09:00
Courtyard Sum,,,failed,False,2026-08-21T02:25:06.190150+09:00
Courtyard Summary,,,failed,False,2026-08-21T00:08:53.382830+09:00
Courtyard Tab,,,failed,False,2026-08-21T00:27:32.429911+09:00
Courtyard Table,110.0,100.0,success,False,2026-08-21T00:09:33.821521+09:00
Courtyard Tag,,,failed,False,2026-08-21T00:08:12.228304+09:00
Courtyard Tally,,,failed,False,2026-08-21T00:26:49.726902+09:00
Courtyard Tariff,,,failed,False,2026-08-21T02:42:20.398693+09:00
Courtyard Tax,,,failed,False,2026-08-21T02:08:27.719210+09:00
Courtyard Terminal,,,failed,False,2026-08-21T00:11:31.112963+09:00
Courtyard Ticker,,,failed,False,2026-08-21T00:07:23.788027+09:00
Courtyard Ticket,,,failed,False,2026-08-21T00:09:06.463923+09:00
Courtyard Timeline,,,failed,False,2026-08-21T00:08:56.538180+09:00
Courtyard Toll,,,failed,False,2026-08-21T02:42:14.230561+09:00
Courtyard Toolbox,,,failed,False,2026-08-28T00:23:00.112605+09:00
Courtyard Tower,1000.0,3.0,success,False,2026-08-21T00:06:59.654665+09:00
Courtyard Tracker,,,failed,False,2026-08-21T00:09:56.547234+09:00
Courtyard Trail,30.0,2.0,success,False,2026-08-19T22:41:50.846543+09:00
Courtyard Trial,,,failed,False,2026-08-27T21:17:53.742550+09:00
Courtyard Unit,,,failed,False,2026-08-21T01:50:44.435250+09:00
Courtyard Update,,,failed,False,2026-08-21T00:08:43.301972+09:00
Courtyard Vault,10.0,5.0,success,False,2026-08-21T00:10:12.835483+09:00
Courtyard Version,,,failed,False,2026-08-23T03:23:22.521378+09:00
Courtyard View,1600.0,1.0,success,False,2026-08-21T00:08:26.557259+09:00
Courtyard Watch,10.0,22.0,success,False,2026-08-21T00:10:34.597077+09:00
Courtyard Wave,,,failed,False,2026-08-21T00:10:48.719546+09:00
Courtyard Window,110.0,15.0,success,False,2026-08-21T00:07:33.633888+09:00
Courtyard Worksheet,,,failed,False,2026-08-27T22:13:31.267961+09:00
Courtyard Yard,30.0,18.0,success,False,2026-08-21T00:06:41.845552+09:00
Courtyard Zone,,,failed,False,2026-08-21T00:11:41.126262+09:00
Cover Advance,90.0,11.0,success,False,2026-08-23T16:15:20.225326+09:00
Cover Advisory,,,failed,False,2026-08-21T01:03:04.478545+09:00
Cover Alert,,,failed,False,2026-08-19T21:09:13.421479+09:00
Cover Allowance,,,failed,False,2026-08-21T02:45:01.493449+09:00
Cover Analyzer,,,failed,False,2026-08-27T23:51:51.958622+09:00
Cover Arrears,,,failed,False,2026-08-23T16:15:17.461758+09:00
Cover Asset,,,failed,False,2026-08-23T13:47:02.952399+09:00
Cover Assistant,50.0,26.0,success,False,2026-08-19T21:03:41.880915+09:00
Cover Atlas,70.0,3.0,success,False,2026-08-19T21:32:06.209951+09:00
Cover Attribute,,,failed,False,2026-08-23T13:06:07.907385+09:00
Cover Badge,70.0,68.0,success,False,2026-08-21T00:27:03.794080+09:00
Cover Base,1600.0,66.0,success,False,2026-08-19T21:29:16.026683+09:00
Cover Bay,50.0,3.0,success,False,2026-08-19T21:07:36.739108+09:00
Cover Beacon,,,failed,False,2026-08-19T21:18:01.862049+09:00
Cover Bill,320.0,51.0,success,False,2026-08-19T22:02:22.489790+09:00
Cover Bin,320.0,100.0,success,False,2026-08-19T21:09:40.471721+09:00
Cover Board,2400.0,50.0,success,False,2026-08-19T21:29:40.498335+09:00
Cover Book,12100.0,30.0,success,False,2026-08-19T22:03:14.947098+09:00
Cover Bridge,33100.0,2.0,success,False,2026-08-19T21:18:32.816387+09:00
Cover Brief,140.0,36.0,success,False,2026-08-21T01:02:11.159896+09:00
Cover Bulletin,260.0,93.0,success,False,2026-08-21T01:02:09.128989+09:00
Cover Cabinet,2900.0,100.0,success,False,2026-08-27T23:17:00.312671+09:00
Cover Calculator,1900.0,0.0,success,True,2026-08-27T23:31:46.551451+09:00
Cover Calendar,210.0,8.0,success,False,2026-08-19T21:05:49.435162+09:00
Cover Card,9900.0,3.0,success,False,2026-08-19T21:11:31.992305+09:00
Cover Cascade,,,failed,False,2026-08-19T21:18:22.582804+09:00
Cover Cash,260.0,17.0,success,False,2026-08-21T02:28:54.304303+09:00
Cover Cashback,,,failed,False,2026-08-27T21:18:13.822548+09:00
Cover Catalog,1000.0,4.0,success,False,2026-08-19T21:16:11.566322+09:00
Cover Category,,,failed,False,2026-08-23T13:06:02.918045+09:00
Cover Center,590.0,11.0,success,False,2026-08-19T21:30:22.896569+09:00
Cover Chain,1600.0,93.0,success,False,2026-08-19T21:31:31.502788+09:00
Cover Charge,5400.0,5.0,success,False,2026-08-21T02:44:49.670355+09:00
Cover Chart,70.0,0.0,success,False,2026-08-19T21:09:25.998389+09:00
Cover Check,260.0,3.0,success,False,2026-08-19T21:11:55.349483+09:00
Cover Checker,260.0,3.0,success,False,2026-08-27T23:51:43.048579+09:00
Cover Checklist,,,failed,False,2026-08-19T21:15:19.107238+09:00
Cover Circular,,,failed,False,2026-08-21T01:03:02.120644+09:00
Cover Code,390.0,0.0,success,False,2026-08-19T22:02:44.580219+09:00
Cover Companion,30.0,5.0,success,False,2026-08-19T21:04:36.711918+09:00
Cover Comparison,,,failed,False,2026-08-28T01:03:30.600111+09:00
Cover Compass,50.0,67.0,success,False,2026-08-19T21:17:53.819858+09:00
Cover Confirmation,10.0,0.0,success,False,2026-08-21T01:03:15.171952+09:00
Cover Console,40.0,55.0,success,False,2026-08-19T21:30:45.595196+09:00
Cover Contribution,,,failed,False,2026-08-23T16:15:12.953510+09:00
Cover Core,140.0,8.0,success,False,2026-08-19T21:29:24.641827+09:00
Cover Cost,480.0,3.0,success,False,2026-08-21T02:12:06.796728+09:00
Cover Count,90.0,8.0,success,False,2026-08-27T22:51:25.477545+09:00
Cover Counter,90.0,8.0,success,False,2026-08-19T21:06:44.412093+09:00
Cover Coupon,,,failed,False,2026-08-27T21:18:13.822548+09:00
Cover Deal,90.0,45.0,success,False,2026-08-21T01:55:54.849778+09:00
Cover Debt,40.0,5.0,success,False,2026-08-21T02:28:46.160203+09:00
Cover Deck,9900.0,100.0,success,False,2026-08-19T21:29:47.496953+09:00
Cover Desk,2400.0,38.0,success,False,2026-08-19T21:17:15.430061+09:00
Cover Detail,210.0,3.0,success,False,2026-08-23T03:15:51.596433+09:00
Cover Diagram,70.0,0.0,success,False,2026-08-27T22:14:02.180893+09:00
Cover Digest,,,failed,False,2026-08-19T21:14:09.280828+09:00
Cover Directory,,,failed,False,2026-08-19T21:06:04.880535+09:00
Cover Discount,880.0,93.0,success,False,2026-08-23T16:15:09.158473+09:00
Cover Dossier,,,failed,False,2026-08-21T01:03:18.814008+09:00
Cover Downpayment,,,failed,False,2026-08-27T21:49:31.660766+09:00
Cover Draft,480.0,19.0,success,False,2026-08-19T21:14:31.473745+09:00
Cover Due,,,failed,False,2026-08-23T15:51:57.634783+09:00
Cover Duty,40.0,0.0,success,False,2026-08-21T02:44:54.822530+09:00
Cover Engine,8100.0,18.0,success,False,2026-08-19T21:03:27.831086+09:00
Cover Entry,140.0,2.0,success,False,2026-08-21T01:03:33.238339+09:00
Cover Estimate,,,failed,False,2026-08-19T21:16:02.434865+09:00
Cover Estimator,,,failed,False,2026-08-27T23:51:43.048579+09:00
Cover Excerpt,,,failed,False,2026-08-21T01:03:27.651766+09:00
Cover Fare,10.0,0.0,success,False,2026-08-21T02:12:15.174959+09:00
Cover Fee,480.0,0.0,success,False,2026-08-21T01:55:44.868962+09:00
Cover Feed,90.0,52.0,success,False,2026-08-19T21:14:21.531663+09:00
Cover Field,170.0,1.0,success,False,2026-08-23T13:06:10.168774+09:00
Cover File,5400.0,95.0,success,False,2026-08-19T21:13:25.403661+09:00
Cover Finder,210.0,13.0,success,False,2026-08-19T21:06:25.471396+09:00
Cover Fine,110.0,19.0,success,False,2026-08-23T02:52:28.484811+09:00
Cover Flag,320.0,60.0,success,False,2026-08-21T00:28:00.116915+09:00
Cover Flow,2900.0,0.0,success,True,2026-08-19T21:16:48.614230+09:00
Cover Form,320.0,1.0,success,False,2026-08-19T21:11:21.991848+09:00
Cover Format,320.0,1.0,success,False,2026-08-23T13:06:13.755843+09:00
Cover Frame,390.0,8.0,success,False,2026-08-19T21:29:10.316262+09:00
Cover Fund,110.0,2.0,success,False,2026-08-21T02:28:50.660826+09:00
Cover Gate,90.0,87.0,success,False,2026-08-19T21:31:50.558670+09:00
Cover Giveaway,,,failed,False,2026-08-27T21:18:26.738212+09:00
Cover Grade,,,failed,False,2026-08-21T00:27:37.591897+09:00
Cover Grid,880.0,100.0,success,False,2026-08-19T21:19:32.635751+09:00
Cover Guarantee,,,failed,False,2026-08-28T01:03:37.882161+09:00
Cover Guardian,260.0,29.0,success,False,2026-08-28T00:22:15.974518+09:00
Cover Helpdesk,,,failed,False,2026-08-27T22:51:29.683445+09:00
Cover Helper,,,failed,False,2026-08-28T00:22:21.008845+09:00
Cover History,590.0,0.0,success,False,2026-08-19T21:13:15.643031+09:00
Cover Hotline,,,failed,False,2026-08-19T21:16:23.704707+09:00
Cover Hub,1900.0,2.0,success,False,2026-08-19T21:17:02.639874+09:00
Cover Identifier,,,failed,False,2026-08-23T13:06:00.621707+09:00
Cover Inbox,10.0,0.0,success,False,2026-08-19T21:09:00.850536+09:00
Cover Incentive,,,failed,False,2026-08-27T21:18:26.738212+09:00
Cover Index,70.0,1.0,success,False,2026-08-19T21:15:29.461766+09:00
Cover Installment,,,failed,False,2026-08-23T16:15:12.953510+09:00
Cover Item,70.0,3.0,success,False,2026-08-21T01:55:46.721069+09:00
Cover Journal,8100.0,100.0,success,False,2026-08-19T21:05:24.897505+09:00
Cover Keeper,30.0,0.0,success,False,2026-08-19T21:32:13.666054+09:00
Cover Kit,210.0,11.0,success,False,2026-08-27T22:51:22.989955+09:00
Cover Lab,480.0,63.0,success,False,2026-08-19T21:29:59.646453+09:00
Cover Label,320.0,14.0,success,False,2026-08-27T22:13:53.849783+09:00
Cover Ledger,,,failed,False,2026-08-19T21:29:30.457441+09:00
Cover Level,170.0,1.0,success,False,2026-08-19T21:13:36.060170+09:00
Cover Levy,10.0,25.0,success,False,2026-08-23T13:47:02.952399+09:00
Cover Line,2900.0,13.0,success,False,2026-08-19T21:10:27.505284+09:00
Cover Link,210.0,1.0,success,False,2026-08-23T03:15:44.979812+09:00
Cover List,260.0,2.0,success,False,2026-08-19T22:02:52.701278+09:00
Cover Loan,140.0,19.0,success,False,2026-08-21T02:12:19.408855+09:00
Cover Locator,,,failed,False,2026-08-19T21:06:13.197757+09:00
Cover Locker,40.0,42.0,success,False,2026-08-19T21:06:52.977513+09:00
Cover Log,210.0,99.0,success,False,2026-08-19T21:11:11.315009+09:00
Cover Loop,140.0,6.0,success,False,2026-08-19T21:19:21.338240+09:00
Cover Manager,33100.0,16.0,success,False,2026-08-19T21:32:21.399233+09:00
Cover Manual,880.0,59.0,success,False,2026-08-27T22:13:56.258937+09:00
Cover Map,480.0,22.0,success,False,2026-08-19T21:29:00.879622+09:00
Cover Margin,30.0,0.0,success,False,2026-08-23T02:52:26.045301+09:00
Cover Marker,40.0,40.0,success,False,2026-08-23T13:27:20.193084+09:00
Cover Markup,,,failed,False,2026-08-23T16:39:33.315090+09:00
Cover Memo,480.0,0.0,success,False,2026-08-21T00:27:45.495734+09:00
Cover Message,210.0,4.0,success,False,2026-08-27T23:16:53.480733+09:00
Cover Monitor,4400.0,93.0,success,False,2026-08-19T21:04:19.743151+09:00
Cover Nexus,50.0,27.0,success,False,2026-08-19T21:31:56.342454+09:00
Cover Note,5400.0,8.0,success,False,2026-08-19T21:12:20.631006+09:00
Cover Notification,,,failed,False,2026-08-27T22:51:13.312396+09:00
Cover Number,390.0,0.0,success,False,2026-08-23T03:15:38.644159+09:00
Cover Ops,9900.0,0.0,success,True,2026-08-19T21:04:59.839669+09:00
Cover Order,320.0,4.0,success,False,2026-08-19T22:02:12.630536+09:00
Cover Overage,,,failed,False,2026-08-27T21:49:29.301041+09:00
Cover Overdue,,,failed,False,2026-08-27T21:49:27.090308+09:00
Cover Panel,1300.0,90.0,success,False,2026-08-19T21:30:54.257177+09:00
Cover Path,260.0,2.0,success,False,2026-08-19T21:19:58.668783+09:00
Cover Payoff,,,failed,False,2026-08-27T21:49:29.301041+09:00
Cover Petition,,,failed,False,2026-08-21T01:03:10.607434+09:00
Cover Plan,720.0,9.0,success,False,2026-08-21T01:55:51.234317+09:00
Cover Playbook,140.0,0.0,success,False,2026-08-19T21:05:12.493876+09:00
Cover Point,1900.0,2.0,success,False,2026-08-19T21:20:07.240027+09:00
Cover Portal,390.0,8.0,success,False,2026-08-19T21:30:36.862882+09:00
Cover Preview,10.0,1.0,success,False,2026-08-28T01:03:33.167279+09:00
Cover Profile,880.0,2.0,success,False,2026-08-19T21:12:39.256118+09:00
Cover Profit,,,failed,False,2026-08-23T02:58:53.611200+09:00
Cover Proposal,9900.0,0.0,success,True,2026-08-28T01:03:37.882161+09:00
Cover Queue,,,failed,False,2026-08-19T21:15:52.181697+09:00
Cover Quota,,,failed,False,2026-08-21T00:27:53.671746+09:00
Cover Radar,20.0,0.0,success,False,2026-08-19T21:17:25.572760+09:00
Cover Rail,140.0,44.0,success,False,2026-08-19T21:31:14.747264+09:00
Cover Rate,170.0,0.0,success,False,2026-08-19T21:13:48.359259+09:00
Cover Recap,,,failed,False,2026-08-21T01:03:23.160959+09:00
Cover Receipt,,,failed,False,2026-08-19T22:02:34.302682+09:00
Cover Recorder,110.0,12.0,success,False,2026-08-27T23:31:53.599891+09:00
Cover Register,2900.0,100.0,success,False,2026-08-19T21:04:47.167430+09:00
Cover Registry,,,failed,False,2026-08-19T21:05:37.228592+09:00
Cover Relay,260.0,16.0,success,False,2026-08-19T21:17:35.138769+09:00
Cover Reminder,,,failed,False,2026-08-19T21:15:06.542256+09:00
Cover Report,6600.0,100.0,success,False,2026-08-19T21:11:02.607888+09:00
Cover Ring,480.0,37.0,success,False,2026-08-19T21:31:40.381854+09:00
Cover Roll,2400.0,41.0,success,False,2026-08-19T21:10:50.221080+09:00
Cover Roster,,,failed,False,2026-08-19T21:08:48.624997+09:00
Cover Route,10.0,0.0,success,False,2026-08-19T21:31:09.123245+09:00
Cover Rule,140.0,0.0,success,False,2026-08-23T03:15:49.113628+09:00
Cover Sale,210.0,35.0,success,False,2026-08-21T02:28:57.894422+09:00
Cover Sample,880.0,7.0,success,False,2026-08-19T22:03:30.282761+09:00
Cover Scale,210.0,20.0,success,False,2026-08-19T21:31:01.684338+09:00
Cover Scheduler,,,failed,False,2026-08-19T21:04:08.048540+09:00
Cover Scope,210.0,20.0,success,False,2026-08-19T21:19:09.949699+09:00
Cover Score,3600.0,1.0,success,False,2026-08-19T21:12:07.891173+09:00
Cover Sheet,9900.0,25.0,success,False,2026-08-19T21:11:44.619551+09:00
Cover Shortfall,,,failed,False,2026-08-27T21:49:33.781529+09:00
Cover Signal,320.0,11.0,success,False,2026-08-19T21:18:42.622010+09:00
Cover Signature,10.0,53.0,success,False,2026-08-23T13:27:16.161149+09:00
Cover Slip,18100.0,31.0,success,False,2026-08-19T22:03:23.353107+09:00
Cover Slot,50.0,14.0,success,False,2026-08-19T22:03:39.900427+09:00
Cover Stamp,720.0,15.0,success,False,2026-08-23T13:27:22.703282+09:00
Cover Statement,140.0,3.0,success,False,2026-08-21T00:27:22.208885+09:00
Cover Station,70.0,1.0,success,False,2026-08-19T21:30:07.251599+09:00
Cover Status,140.0,0.0,success,False,2026-08-19T21:12:48.974552+09:00
Cover Stub,,,failed,False,2026-08-21T00:27:12.597515+09:00
Cover Studio,1000.0,5.0,success,False,2026-08-19T21:29:53.324584+09:00
Cover Subsidy,,,failed,False,2026-08-23T15:52:02.827883+09:00
Cover Sum,,,failed,False,2026-08-21T02:28:40.448172+09:00
Cover Summary,30.0,2.0,success,False,2026-08-19T21:14:42.578262+09:00
Cover Tab,22200.0,93.0,success,False,2026-08-21T00:28:09.542795+09:00
Cover Table,49500.0,100.0,success,False,2026-08-19T22:03:03.584652+09:00
Cover Tag,140.0,60.0,success,False,2026-08-19T21:12:30.069108+09:00
Cover Tally,10.0,0.0,success,False,2026-08-21T00:27:30.325740+09:00
Cover Tariff,,,failed,False,2026-08-21T02:45:04.527835+09:00
Cover Tax,320.0,2.0,success,False,2026-08-21T02:12:15.174959+09:00
Cover Terminal,1000.0,80.0,success,False,2026-08-19T21:30:16.349132+09:00
Cover Ticket,210.0,12.0,success,False,2026-08-19T21:15:40.357740+09:00
Cover Tier,,,failed,False,2026-08-28T00:46:27.391148+09:00
Cover Timeline,140.0,7.0,success,False,2026-08-19T21:14:53.889746+09:00
Cover Timer,10.0,34.0,success,False,2026-08-28T00:22:11.514597+09:00
Cover Toll,,,failed,False,2026-08-21T02:44:59.003058+09:00
Cover Toolbox,,,failed,False,2026-08-28T00:22:18.393624+09:00
Cover Total,40.0,31.0,success,False,2026-08-27T23:16:56.229281+09:00
Cover Tower,40.0,0.0,success,False,2026-08-19T21:08:27.297609+09:00
Cover Tracker,590.0,6.0,success,False,2026-08-19T21:16:36.317434+09:00
Cover Trail,70.0,30.0,success,False,2026-08-19T21:31:23.417988+09:00
Cover Trial,,,failed,False,2026-08-27T21:18:16.007823+09:00
Cover Unit,210.0,54.0,success,False,2026-08-21T02:05:44.847740+09:00
Cover Update,390.0,0.0,success,False,2026-08-19T21:13:59.350184+09:00
Cover Value,50.0,0.0,success,False,2026-08-23T02:58:53.611200+09:00
Cover Vault,880.0,0.0,success,False,2026-08-19T21:17:45.288805+09:00
Cover View,170.0,8.0,success,False,2026-08-19T21:13:02.504471+09:00
Cover Voucher,,,failed,False,2026-08-21T00:26:53.623558+09:00
Cover Watch,880.0,26.0,success,False,2026-08-19T21:18:56.938365+09:00
Cover Wave,320.0,16.0,success,False,2026-08-19T21:19:47.057352+09:00
Cover Widget,30.0,0.0,success,False,2026-08-27T23:16:56.229281+09:00
Cover Window,2400.0,100.0,success,False,2026-08-19T21:10:38.305423+09:00
Cover Worksheet,140.0,18.0,success,False,2026-08-27T22:14:02.180893+09:00
Cover Workshop,50.0,6.0,success,False,2026-08-28T00:22:15.974518+09:00
Cover Zone,2400.0,19.0,success,False,2026-08-19T21:30:31.013934+09:00
Coverage Advance,,,failed,False,2026-08-23T16:11:13.672713+09:00
Coverage Advisory,,,failed,False,2026-08-21T01:01:51.697457+09:00
Coverage Allowance,,,failed,False,2026-08-21T02:39:54.831624+09:00
Coverage Almanac,,,failed,False,2026-08-18T22:03:44.456415+09:00
Coverage Analyzer,10.0,0.0,success,False,2026-08-27T23:54:02.041371+09:00
Coverage Anchor,,,failed,False,2026-08-17T20:37:08.027448+09:00
Coverage Announcement,,,failed,False,2026-08-27T23:33:31.795696+09:00
Coverage Arrears,,,failed,False,2026-08-23T16:11:11.053977+09:00
Coverage Asset,,,failed,False,2026-08-23T13:47:27.498118+09:00
Coverage Assistant,,,failed,False,2026-08-17T23:07:13.674847+09:00
Coverage Atlas,,,failed,False,2026-08-17T20:35:48.969093+09:00
Coverage Badge,70.0,1.0,success,False,2026-08-21T00:24:39.947545+09:00
Coverage Balance,,,failed,False,2026-08-23T13:47:23.462533+09:00
Coverage Base,1600.0,66.0,success,False,2026-08-17T20:32:17.131006+09:00
Coverage Beacon,,,failed,False,2026-08-17T20:40:42.163784+09:00
Coverage Bill,,,failed,False,2026-08-19T22:03:56.439657+09:00
Coverage Blueprint,,,failed,False,2026-08-18T22:03:21.744324+09:00
Coverage Board,,,failed,False,2026-08-17T20:49:41.074252+09:00
Coverage Book,12100.0,30.0,success,False,2026-08-19T22:04:53.715623+09:00
Coverage Bridge,33100.0,2.0,success,False,2026-08-17T20:38:06.157627+09:00
Coverage Brief,,,failed,False,2026-08-21T00:59:17.321844+09:00
Coverage Bulletin,,,failed,False,2026-08-21T00:59:12.932532+09:00
Coverage Cabinet,,,failed,False,2026-08-27T23:11:39.748613+09:00
Coverage Calculator,1900.0,0.0,success,True,2026-08-27T23:33:37.262266+09:00
Coverage Calendar,210.0,8.0,success,False,2026-08-19T00:00:34.964613+09:00
Coverage Card,50.0,0.0,success,False,2026-08-19T13:27:07.663216+09:00
Coverage Cascade,,,failed,False,2026-08-17T20:38:59.956902+09:00
Coverage Cash,,,failed,False,2026-08-21T02:24:08.080909+09:00
Coverage Category,,,failed,False,2026-08-23T13:07:17.768470+09:00
Coverage Center,10.0,9.0,success,False,2026-08-17T20:42:41.908187+09:00
Coverage Chain,,,failed,False,2026-08-17T20:31:36.969919+09:00
Coverage Charge,5400.0,5.0,success,False,2026-08-21T02:39:44.265069+09:00
Coverage Check,12100.0,21.0,success,False,2026-08-19T13:27:35.770715+09:00
Coverage Checker,12100.0,21.0,success,False,2026-08-27T23:53:48.068906+09:00
Coverage Checklist,,,failed,False,2026-08-19T21:19:43.238592+09:00
Coverage Circular,,,failed,False,2026-08-21T00:59:28.178022+09:00
Coverage Cockpit,,,failed,False,2026-08-17T23:23:29.892589+09:00
Coverage Code,110.0,3.0,success,False,2026-08-19T22:04:17.404214+09:00
Coverage Codex,,,failed,False,2026-08-18T22:04:05.188286+09:00
Coverage Companion,,,failed,False,2026-08-17T23:04:59.397693+09:00
Coverage Comparison,170.0,31.0,success,False,2026-08-28T01:04:37.386068+09:00
Coverage Compass,210.0,45.0,success,False,2026-08-17T20:41:24.809383+09:00
Coverage Compendium,,,failed,False,2026-08-18T22:03:53.517132+09:00
Coverage Confirmation,,,failed,False,2026-08-21T00:59:40.549783+09:00
Coverage Console,,,failed,False,2026-08-17T20:40:19.019495+09:00
Coverage Copayment,,,failed,False,2026-08-23T16:37:11.760359+09:00
Coverage Core,,,failed,False,2026-08-18T07:43:41.366664+09:00
Coverage Cost,480.0,3.0,success,False,2026-08-21T02:08:33.058112+09:00
Coverage Counter,,,failed,False,2026-08-19T00:01:28.091265+09:00
Coverage Dashboard,30.0,2.0,success,False,2026-08-17T23:10:38.410164+09:00
Coverage Deal,,,failed,False,2026-08-21T01:52:17.382086+09:00
Coverage Debt,,,failed,False,2026-08-21T02:23:59.841123+09:00
Coverage Deck,,,failed,False,2026-08-17T20:47:33.914967+09:00
Coverage Depot,,,failed,False,2026-08-19T00:01:10.174789+09:00
Coverage Desk,,,failed,False,2026-08-17T20:44:51.445524+09:00
Coverage Detail,,,failed,False,2026-08-23T03:19:19.103854+09:00
Coverage Detector,20.0,17.0,success,False,2026-08-27T23:53:59.228828+09:00
Coverage Diagram,30.0,0.0,success,False,2026-08-27T22:07:54.366638+09:00
Coverage Dial,,,failed,False,2026-08-17T20:38:32.473394+09:00
Coverage Digest,,,failed,False,2026-08-19T20:45:10.019254+09:00
Coverage Directory,,,failed,False,2026-08-19T00:00:44.927785+09:00
Coverage Discount,,,failed,False,2026-08-23T16:11:08.956491+09:00
Coverage Dock,50.0,4.0,success,False,2026-08-17T20:34:43.926118+09:00
Coverage Dossier,,,failed,False,2026-08-21T00:59:46.357323+09:00
Coverage Draft,,,failed,False,2026-08-19T20:45:25.764339+09:00
Coverage Due,,,failed,False,2026-08-23T15:52:13.445418+09:00
Coverage Duty,,,failed,False,2026-08-21T02:39:46.933675+09:00
Coverage Engine,,,failed,False,2026-08-17T23:29:38.825411+09:00
Coverage Entry,,,failed,False,2026-08-21T00:59:56.543467+09:00
Coverage Estimate,,,failed,False,2026-08-19T21:30:49.393699+09:00
Coverage Estimator,10.0,24.0,success,False,2026-08-27T23:53:42.609151+09:00
Coverage Excerpt,,,failed,False,2026-08-21T01:02:50.394287+09:00
Coverage Extension,50.0,3.0,success,False,2026-08-23T16:37:16.360877+09:00
Coverage Fare,,,failed,False,2026-08-21T02:08:41.527197+09:00
Coverage Fee,480.0,0.0,success,False,2026-08-21T01:51:50.568304+09:00
Coverage Feed,,,failed,False,2026-08-19T20:45:18.016255+09:00
Coverage File,170.0,34.0,success,False,2026-08-19T20:44:35.831978+09:00
Coverage Finder,30.0,26.0,success,False,2026-08-19T00:00:59.808882+09:00
Coverage Fine,,,failed,False,2026-08-23T02:54:48.016404+09:00
Coverage Flag,10.0,1.0,success,False,2026-08-21T00:25:29.281502+09:00
Coverage Flow,,,failed,False,2026-08-17T20:48:13.207047+09:00
Coverage Forge,,,failed,False,2026-08-17T20:39:52.233588+09:00
Coverage Form,70.0,1.0,success,False,2026-08-19T13:26:59.554690+09:00
Coverage Format,70.0,1.0,success,False,2026-08-23T13:07:20.154329+09:00
Coverage Frame,,,failed,False,2026-08-17T20:33:30.325030+09:00
Coverage Fund,260.0,0.0,success,False,2026-08-21T02:24:04.256033+09:00
Coverage Gate,10.0,7.0,success,False,2026-08-17T20:37:45.876313+09:00
Coverage Grade,,,failed,False,2026-08-21T00:25:07.096192+09:00
Coverage Graph,50.0,3.0,success,False,2026-08-27T22:07:41.421571+09:00
Coverage Grid,880.0,100.0,success,False,2026-08-17T20:32:10.469810+09:00
Coverage Guarantee,30.0,4.0,success,False,2026-08-28T01:04:46.455885+09:00
Coverage Guard,,,failed,False,2026-08-17T20:31:44.848533+09:00
Coverage Guardian,,,failed,False,2026-08-28T00:23:49.555058+09:00
Coverage Guidebook,,,failed,False,2026-08-18T22:03:00.985111+09:00
Coverage Helpdesk,,,failed,False,2026-08-27T22:46:12.811571+09:00
Coverage Helper,,,failed,False,2026-08-28T00:23:56.463149+09:00
Coverage History,30.0,2.0,success,False,2026-08-19T20:44:29.865338+09:00
Coverage Hub,30.0,6.0,success,False,2026-08-17T20:46:56.962156+09:00
Coverage Identifier,,,failed,False,2026-08-23T13:07:14.038929+09:00
Coverage Index,170.0,0.0,success,False,2026-08-19T21:19:52.858825+09:00
Coverage Insight,10.0,7.0,success,False,2026-08-17T23:30:26.611269+09:00
Coverage Installment,,,failed,False,2026-08-23T16:11:08.956491+09:00
Coverage Interest,,,failed,False,2026-08-23T13:47:23.462533+09:00
Coverage Item,,,failed,False,2026-08-21T01:52:03.394231+09:00
Coverage Journal,,,failed,False,2026-08-18T22:02:40.368007+09:00
Coverage Keeper,,,failed,False,2026-08-17T20:33:59.012811+09:00
Coverage Kit,210.0,11.0,success,False,2026-08-27T22:46:05.352618+09:00
Coverage Lab,,,failed,False,2026-08-17T20:45:28.437462+09:00
Coverage Label,,,failed,False,2026-08-27T22:07:41.421571+09:00
Coverage Ledger,,,failed,False,2026-08-18T07:43:54.848234+09:00
Coverage Lens,,,failed,False,2026-08-17T20:34:22.385109+09:00
Coverage Level,260.0,1.0,success,False,2026-08-19T20:44:48.132741+09:00
Coverage Levy,,,failed,False,2026-08-23T13:47:27.498118+09:00
Coverage Link,,,failed,False,2026-08-23T03:19:12.816359+09:00
Coverage List,40.0,3.0,success,False,2026-08-19T22:04:26.155627+09:00
Coverage Loan,140.0,19.0,success,False,2026-08-21T02:08:48.919404+09:00
Coverage Locator,10.0,1.0,success,False,2026-08-19T00:00:54.845309+09:00
Coverage Lock,,,failed,False,2026-08-17T20:36:14.881787+09:00
Coverage Log,20.0,10.0,success,False,2026-08-19T13:26:27.174031+09:00
Coverage Loop,,,failed,False,2026-08-17T20:33:23.313632+09:00
Coverage Manager,30.0,0.0,success,False,2026-08-17T20:32:55.422953+09:00
Coverage Manual,,,failed,False,2026-08-27T22:07:45.490805+09:00
Coverage Map,18100.0,7.0,success,False,2026-08-17T20:35:18.626237+09:00
Coverage Margin,,,failed,False,2026-08-23T02:54:45.895962+09:00
Coverage Markup,,,failed,False,2026-08-23T16:37:11.760359+09:00
Coverage Memo,,,failed,False,2026-08-21T00:25:15.691482+09:00
Coverage Message,,,failed,False,2026-08-27T23:11:28.090319+09:00
Coverage Meter,10.0,0.0,success,False,2026-08-17T20:37:38.706086+09:00
Coverage Metrics,90.0,2.0,success,False,2026-08-17T22:48:05.376281+09:00
Coverage Monitor,70.0,1.0,success,False,2026-08-17T23:08:58.203851+09:00
Coverage Navigator,,,failed,False,2026-08-17T23:23:48.557902+09:00
Coverage Nexus,,,failed,False,2026-08-17T20:36:47.157974+09:00
Coverage Node,10.0,0.0,success,False,2026-08-17T20:38:35.163236+09:00
Coverage Note,,,failed,False,2026-08-19T13:27:56.460670+09:00
Coverage Notification,,,failed,False,2026-08-27T22:46:02.765409+09:00
Coverage Number,30.0,3.0,success,False,2026-08-23T03:19:05.834960+09:00
Coverage Office,,,failed,False,2026-08-19T00:01:18.833283+09:00
Coverage Ops,,,failed,False,2026-08-17T23:12:11.666158+09:00
Coverage Order,,,failed,False,2026-08-19T22:03:44.565114+09:00
Coverage Organizer,,,failed,False,2026-08-17T23:30:12.792820+09:00
Coverage Overage,,,failed,False,2026-08-27T21:46:08.601206+09:00
Coverage Overdue,,,failed,False,2026-08-27T21:45:54.192033+09:00
Coverage Panel,,,failed,False,2026-08-17T20:39:23.919432+09:00
Coverage Path,40.0,1.0,success,False,2026-08-17T20:38:11.520193+09:00
Coverage Penalty,,,failed,False,2026-08-23T16:37:08.695688+09:00
Coverage Petition,,,failed,False,2026-08-21T00:59:36.315785+09:00
Coverage Pilot,140.0,34.0,success,False,2026-08-17T20:45:51.407426+09:00
Coverage Plan,720.0,9.0,success,False,2026-08-21T01:52:12.646112+09:00
Coverage Planner,30.0,2.0,success,False,2026-08-17T23:29:58.873666+09:00
Coverage Playbook,,,failed,False,2026-08-18T22:02:28.338577+09:00
Coverage Point,1900.0,2.0,success,False,2026-08-17T20:37:15.920679+09:00
Coverage Portal,,,failed,False,2026-08-17T20:41:06.345123+09:00
Coverage Preview,,,failed,False,2026-08-28T01:04:40.087199+09:00
Coverage Profile,20.0,2.0,success,False,2026-08-19T13:28:10.656877+09:00
Coverage Proposal,,,failed,False,2026-08-28T01:04:42.727086+09:00
Coverage Pulse,,,failed,False,2026-08-18T07:43:28.535953+09:00
Coverage Quota,,,failed,False,2026-08-21T00:25:21.406032+09:00
Coverage Radar,,,failed,False,2026-08-17T20:44:04.848400+09:00
Coverage Rail,,,failed,False,2026-08-17T20:33:51.962760+09:00
Coverage Rate,260.0,0.0,success,False,2026-08-19T20:44:53.798353+09:00
Coverage Recap,,,failed,False,2026-08-21T01:01:57.606553+09:00
Coverage Receipt,,,failed,False,2026-08-19T22:04:07.178529+09:00
Coverage Redemption,,,failed,False,2026-08-23T16:37:14.050450+09:00
Coverage Register,,,failed,False,2026-08-17T23:24:07.376365+09:00
Coverage Registry,,,failed,False,2026-08-18T22:03:09.558659+09:00
Coverage Relay,,,failed,False,2026-08-17T20:43:09.097865+09:00
Coverage Reminder,,,failed,False,2026-08-19T21:19:27.756536+09:00
Coverage Report,590.0,12.0,success,False,2026-08-19T13:26:13.744102+09:00
Coverage Repository,,,failed,False,2026-08-27T23:11:39.748613+09:00
Coverage Result,,,failed,False,2026-08-28T00:47:08.445911+09:00
Coverage Roadmap,,,failed,False,2026-08-18T22:04:15.026557+09:00
Coverage Route,,,failed,False,2026-08-17T20:35:44.075031+09:00
Coverage Rule,,,failed,False,2026-08-23T03:19:15.336839+09:00
Coverage Sale,,,failed,False,2026-08-21T02:24:14.838617+09:00
Coverage Sample,50.0,2.0,success,False,2026-08-19T22:05:17.062474+09:00
Coverage Scale,210.0,20.0,success,False,2026-08-17T20:36:39.507807+09:00
Coverage Scanner,,,failed,False,2026-08-27T23:53:51.631383+09:00
Coverage Scheduler,,,failed,False,2026-08-17T23:04:05.706993+09:00
Coverage Scope,210.0,20.0,success,False,2026-08-17T20:34:19.305897+09:00
Coverage Score,30.0,0.0,success,False,2026-08-19T13:27:45.503275+09:00
Coverage Sentry,,,failed,False,2026-08-17T20:34:48.922886+09:00
Coverage Sheet,9900.0,25.0,success,False,2026-08-19T13:27:18.608287+09:00
Coverage Shortfall,,,failed,False,2026-08-27T21:46:08.601206+09:00
Coverage Signal,30.0,8.0,success,False,2026-08-17T20:36:11.237181+09:00
Coverage Signature,,,failed,False,2026-08-23T13:27:48.876436+09:00
Coverage Slip,,,failed,False,2026-08-19T22:05:04.840486+09:00
Coverage Slot,,,failed,False,2026-08-19T22:05:25.560581+09:00
Coverage Snapshot,,,failed,False,2026-08-18T22:02:50.623197+09:00
Coverage Stake,,,failed,False,2026-08-23T02:54:41.831535+09:00
Coverage Statement,720.0,1.0,success,False,2026-08-21T00:24:57.111152+09:00
Coverage Station,,,failed,False,2026-08-17T20:44:24.451216+09:00
Coverage Status,70.0,3.0,success,False,2026-08-19T20:44:12.620754+09:00
Coverage Stipend,,,failed,False,2026-08-23T13:47:31.255092+09:00
Coverage Stub,,,failed,False,2026-08-21T00:24:49.316489+09:00
Coverage Studio,1000.0,5.0,success,False,2026-08-17T20:46:20.020027+09:00
Coverage Subsidy,10.0,5.0,success,False,2026-08-23T15:52:15.458518+09:00
Coverage Suite,,,failed,False,2026-08-17T23:12:30.403803+09:00
Coverage Sum,,,failed,False,2026-08-21T02:23:55.522760+09:00
Coverage Summary,70.0,3.0,success,False,2026-08-19T21:19:06.268561+09:00
Coverage Surtax,,,failed,False,2026-08-23T15:52:18.208311+09:00
Coverage Sync,,,failed,False,2026-08-17T21:30:30.781560+09:00
Coverage Tab,22200.0,93.0,success,False,2026-08-21T00:25:38.806657+09:00
Coverage Table,30.0,2.0,success,False,2026-08-19T22:04:38.551336+09:00
Coverage Tag,,,failed,False,2026-08-19T13:28:03.494645+09:00
Coverage Tally,,,failed,False,2026-08-21T00:25:02.156940+09:00
Coverage Tariff,,,failed,False,2026-08-21T02:39:59.313025+09:00
Coverage Tax,,,failed,False,2026-08-21T02:08:44.609671+09:00
Coverage Ticket,,,failed,False,2026-08-19T21:20:05.379169+09:00
Coverage Tier,90.0,78.0,success,False,2026-08-28T00:47:08.445911+09:00
Coverage Timeline,,,failed,False,2026-08-19T21:19:17.312411+09:00
Coverage Timer,,,failed,False,2026-08-28T00:23:47.118724+09:00
Coverage Toll,,,failed,False,2026-08-21T02:39:52.714819+09:00
Coverage Toolbox,,,failed,False,2026-08-28T00:23:53.902588+09:00
Coverage Toolkit,10.0,1.0,success,False,2026-08-18T22:05:32.001911+09:00
Coverage Total,,,failed,False,2026-08-27T23:11:31.507435+09:00
Coverage Tracker,260.0,3.0,success,False,2026-08-18T07:43:31.933030+09:00
Coverage Trail,,,failed,False,2026-08-17T20:32:47.475978+09:00
Coverage Trend,,,failed,False,2026-08-28T01:04:34.359127+09:00
Coverage Trial,,,failed,False,2026-08-27T21:13:46.392108+09:00
Coverage Unit,90.0,0.0,success,False,2026-08-21T01:52:04.897893+09:00
Coverage Update,40.0,3.0,success,False,2026-08-19T20:45:04.260812+09:00
Coverage Value,20.0,0.0,success,False,2026-08-23T02:54:41.831535+09:00
Coverage Vault,,,failed,False,2026-08-17T20:42:13.997557+09:00
Coverage Version,10.0,0.0,success,False,2026-08-23T03:19:08.908804+09:00
Coverage View,320.0,1.0,success,False,2026-08-19T20:44:19.706681+09:00
Coverage Watch,,,failed,False,2026-08-17T20:35:12.658616+09:00
Coverage Wave,,,failed,False,2026-08-18T07:43:30.092641+09:00
Coverage Widget,,,failed,False,2026-08-27T23:11:34.108403+09:00
Coverage Workbench,,,failed,False,2026-08-18T22:05:23.943754+09:00
Coverage Worksheet,,,failed,False,2026-08-27T22:07:48.909558+09:00
Coverage Zone,20.0,0.0,success,False,2026-08-17T20:41:54.470071+09:00
Crate Advance,,,failed,False,2026-08-23T16:15:27.627511+09:00
Crate Advisory,,,failed,False,2026-08-21T01:03:23.160959+09:00
Crate Allowance,,,failed,False,2026-08-21T02:45:13.542612+09:00
Crate Analyzer,,,failed,False,2026-08-27T23:52:02.296949+09:00
Crate Arrears,,,failed,False,2026-08-23T16:15:25.443589+09:00
Crate Asset,,,failed,False,2026-08-23T13:47:07.330354+09:00
Crate Assistant,,,failed,False,2026-08-19T00:37:21.857423+09:00
Crate Atlas,,,failed,False,2026-08-19T00:37:15.495159+09:00
Crate Badge,,,failed,False,2026-08-21T00:27:37.591897+09:00
Crate Balance,,,failed,False,2026-08-23T13:47:05.237339+09:00
Crate Base,70.0,83.0,success,False,2026-08-19T00:38:52.130938+09:00
Crate Beacon,,,failed,False,2026-08-19T00:38:24.169663+09:00
Crate Bill,,,failed,False,2026-08-19T22:03:03.584652+09:00
Crate Board,70.0,44.0,success,False,2026-08-19T00:38:56.335177+09:00
Crate Book,880.0,95.0,success,False,2026-08-19T22:03:49.697196+09:00
Crate Bridge,10.0,0.0,success,False,2026-08-19T00:38:30.061657+09:00
Crate Brief,,,failed,False,2026-08-21T01:03:12.514083+09:00
Crate Bulletin,,,failed,False,2026-08-21T01:03:06.374945+09:00
Crate Calculator,50.0,1.0,success,False,2026-08-27T23:31:53.599891+09:00
Crate Calendar,10.0,14.0,success,False,2026-08-19T00:37:34.373704+09:00
Crate Card,90.0,11.0,success,False,2026-08-19T13:38:58.073256+09:00
Crate Cascade,10.0,,success,False,2026-08-19T00:38:30.061657+09:00
Crate Cash,10.0,7.0,success,False,2026-08-21T02:29:11.262958+09:00
Crate Cashback,,,failed,False,2026-08-27T21:18:29.046782+09:00
Crate Catalog,10.0,21.0,success,False,2026-08-19T21:17:02.639874+09:00
Crate Category,,,failed,False,2026-08-23T13:06:13.755843+09:00
Crate Center,,,failed,False,2026-08-19T00:36:46.213084+09:00
Crate Chain,10.0,26.0,success,False,2026-08-19T00:37:06.709542+09:00
Crate Charge,110.0,2.0,success,False,2026-08-21T02:45:04.527835+09:00
Crate Check,,,failed,False,2026-08-19T13:39:34.156572+09:00
Crate Checker,10.0,,success,False,2026-08-27T23:51:54.683905+09:00
Crate Checklist,,,failed,False,2026-08-19T21:16:02.434865+09:00
Crate Circular,,,failed,False,2026-08-21T01:03:18.814008+09:00
Crate Code,40.0,0.0,success,False,2026-08-19T22:03:20.182030+09:00
Crate Companion,,,failed,False,2026-08-19T00:37:26.885782+09:00
Crate Comparison,,,failed,False,2026-08-28T01:03:40.758183+09:00
Crate Compass,,,failed,False,2026-08-19T00:38:22.287042+09:00
Crate Confirmation,,,failed,False,2026-08-21T01:03:30.050919+09:00
Crate Console,,,failed,False,2026-08-19T00:36:50.417664+09:00
Crate Core,,,failed,False,2026-08-19T00:38:54.065235+09:00
Crate Cost,140.0,45.0,success,False,2026-08-21T02:12:19.408855+09:00
Crate Count,,,failed,False,2026-08-27T22:51:36.322343+09:00
Crate Counter,10.0,66.0,success,False,2026-08-19T00:37:42.157517+09:00
Crate Coupon,70.0,14.0,success,False,2026-08-27T21:18:26.738212+09:00
Crate Deal,170.0,8.0,success,False,2026-08-21T01:56:03.758206+09:00
Crate Debt,,,failed,False,2026-08-21T02:29:01.889757+09:00
Crate Deck,20.0,33.0,success,False,2026-08-19T00:39:00.049194+09:00
Crate Desk,50.0,97.0,success,False,2026-08-19T00:38:10.697868+09:00
Crate Detail,,,failed,False,2026-08-23T03:16:13.014331+09:00
Crate Detector,,,failed,False,2026-08-27T23:51:57.345982+09:00
Crate Diagram,40.0,1.0,success,False,2026-08-27T22:14:14.143197+09:00
Crate Digest,,,failed,False,2026-08-19T20:42:14.870990+09:00
Crate Directory,,,failed,False,2026-08-19T00:37:37.516387+09:00
Crate Discount,,,failed,False,2026-08-23T16:15:20.225326+09:00
Crate Dossier,,,failed,False,2026-08-21T01:03:36.375895+09:00
Crate Downpayment,,,failed,False,2026-08-27T21:49:38.109800+09:00
Crate Draft,,,failed,False,2026-08-19T20:42:27.783446+09:00
Crate Due,,,failed,False,2026-08-23T15:52:04.916947+09:00
Crate Duty,,,failed,False,2026-08-21T02:45:04.527835+09:00
Crate Engine,9900.0,88.0,success,False,2026-08-19T00:37:20.289190+09:00
Crate Entry,,,failed,False,2026-08-21T01:03:51.285961+09:00
Crate Estimate,,,failed,False,2026-08-19T21:16:48.614230+09:00
Crate Estimator,10.0,86.0,success,False,2026-08-27T23:51:51.958622+09:00
Crate Excerpt,,,failed,False,2026-08-21T01:03:45.407835+09:00
Crate Extension,30.0,88.0,success,False,2026-08-23T16:39:38.014835+09:00
Crate Fare,,,failed,False,2026-08-21T02:12:27.062318+09:00
Crate Fee,70.0,1.0,success,False,2026-08-21T01:55:54.849778+09:00
Crate Feed,,,failed,False,2026-08-19T20:42:21.972075+09:00
Crate File,1300.0,100.0,success,False,2026-08-19T20:41:45.467674+09:00
Crate Finder,10.0,0.0,success,False,2026-08-19T00:37:39.570439+09:00
Crate Fine,,,failed,False,2026-08-23T02:52:35.436753+09:00
Crate Flag,20.0,25.0,success,False,2026-08-21T00:28:30.302130+09:00
Crate Flow,10.0,15.0,success,False,2026-08-19T00:38:05.344215+09:00
Crate Forge,10.0,0.0,success,False,2026-08-19T00:38:27.005898+09:00
Crate Form,10.0,0.0,success,False,2026-08-19T13:38:51.605801+09:00
Crate Frame,40.0,44.0,success,False,2026-08-19T00:38:50.428870+09:00
Crate Fund,,,failed,False,2026-08-21T02:29:07.517005+09:00
Crate Gate,30.0,93.0,success,False,2026-08-19T00:37:10.693574+09:00
Crate Giveaway,10.0,,success,False,2026-08-27T21:18:35.629474+09:00
Crate Grade,,,failed,False,2026-08-21T00:28:09.542795+09:00
Crate Graph,40.0,0.0,success,False,2026-08-27T22:14:02.180893+09:00
Crate Grid,10.0,11.0,success,False,2026-08-19T00:38:40.592975+09:00
Crate Guardian,,,failed,False,2026-08-28T00:22:26.191039+09:00
Crate Helpdesk,,,failed,False,2026-08-27T22:51:36.322343+09:00
Crate Helper,,,failed,False,2026-08-28T00:22:28.798439+09:00
Crate History,,,failed,False,2026-08-19T20:41:40.323358+09:00
Crate Hotline,,,failed,False,2026-08-19T21:17:15.430061+09:00
Crate Hub,1900.0,0.0,success,True,2026-08-19T00:38:08.562035+09:00
Crate Identifier,,,failed,False,2026-08-23T13:06:10.168774+09:00
Crate Incentive,,,failed,False,2026-08-27T21:18:35.629474+09:00
Crate Index,,,failed,False,2026-08-19T21:16:11.566322+09:00
Crate Installment,,,failed,False,2026-08-23T16:15:22.615283+09:00
Crate Item,,,failed,False,2026-08-21T01:55:57.374575+09:00
Crate Journal,,,failed,False,2026-08-19T00:37:32.560227+09:00
Crate Keeper,,,failed,False,2026-08-19T00:37:17.107740+09:00
Crate Kit,40.0,86.0,success,False,2026-08-27T22:51:33.320373+09:00
Crate Lab,1300.0,100.0,success,False,2026-08-19T00:36:38.202359+09:00
Crate Label,210.0,67.0,success,False,2026-08-27T22:14:08.565651+09:00
Crate Layout,10.0,2.0,success,False,2026-08-27T22:29:30.000621+09:00
Crate Ledger,,,failed,False,2026-08-19T00:38:56.335177+09:00
Crate Level,,,failed,False,2026-08-19T20:41:54.948325+09:00
Crate Levy,,,failed,False,2026-08-23T13:47:07.330354+09:00
Crate Link,50.0,19.0,success,False,2026-08-23T03:15:59.188624+09:00
Crate List,40.0,0.0,success,False,2026-08-19T22:03:30.282761+09:00
Crate Loan,,,failed,False,2026-08-21T02:12:31.205964+09:00
Crate Log,40.0,41.0,success,False,2026-08-19T13:38:21.044998+09:00
Crate Loop,,,failed,False,2026-08-19T00:38:38.551550+09:00
Crate Manager,,,failed,False,2026-08-19T00:37:17.107740+09:00
Crate Manual,10.0,0.0,success,False,2026-08-27T22:14:08.565651+09:00
Crate Marker,10.0,0.0,success,False,2026-08-23T13:27:28.386352+09:00
Crate Markup,,,failed,False,2026-08-23T16:39:35.759045+09:00
Crate Memo,,,failed,False,2026-08-21T00:28:15.750952+09:00
Crate Monitor,10.0,18.0,success,False,2026-08-19T00:37:25.342982+09:00
Crate Nexus,,,failed,False,2026-08-19T00:37:13.789014+09:00
Crate Note,,,failed,False,2026-08-19T13:40:01.237122+09:00
Crate Notification,,,failed,False,2026-08-27T22:51:29.683445+09:00
Crate Number,40.0,0.0,success,False,2026-08-23T03:15:51.596433+09:00
Crate Office,110.0,88.0,success,False,2026-08-19T00:37:42.157517+09:00
Crate Ops,,,failed,False,2026-08-19T00:37:30.886042+09:00
Crate Order,10.0,44.0,success,False,2026-08-19T22:02:52.701278+09:00
Crate Overage,,,failed,False,2026-08-27T21:49:35.975851+09:00
Crate Overdue,,,failed,False,2026-08-27T21:49:33.781529+09:00
Crate Pass,50.0,0.0,success,False,2026-08-21T00:27:22.208885+09:00
Crate Path,,,failed,False,2026-08-19T00:38:43.028128+09:00
Crate Payoff,,,failed,False,2026-08-27T21:49:33.781529+09:00
Crate Penalty,,,failed,False,2026-08-23T16:39:35.759045+09:00
Crate Petition,,,failed,False,2026-08-21T01:03:27.651766+09:00
Crate Plan,,,failed,False,2026-08-21T01:56:01.200736+09:00
Crate Planner,,,failed,False,2026-08-19T00:37:23.570326+09:00
Crate Playbook,,,failed,False,2026-08-19T00:37:30.886042+09:00
Crate Point,,,failed,False,2026-08-19T00:38:45.524694+09:00
Crate Portal,,,failed,False,2026-08-19T00:36:50.417664+09:00
Crate Profile,10.0,0.0,success,False,2026-08-19T13:40:29.386715+09:00
Crate Profit,,,failed,False,2026-08-23T02:52:28.484811+09:00
Crate Proposal,,,failed,False,2026-08-28T01:03:43.206787+09:00
Crate Queue,,,failed,False,2026-08-19T21:16:36.317434+09:00
Crate Quota,,,failed,False,2026-08-21T00:28:23.086581+09:00
Crate Radar,,,failed,False,2026-08-19T00:38:13.320545+09:00
Crate Rail,,,failed,False,2026-08-19T00:37:02.474717+09:00
Crate Rate,30.0,53.0,success,False,2026-08-19T20:41:59.995024+09:00
Crate Recap,,,failed,False,2026-08-21T01:03:40.572054+09:00
Crate Receipt,,,failed,False,2026-08-19T22:03:11.253996+09:00
Crate Recorder,,,failed,False,2026-08-27T23:32:01.853038+09:00
Crate Redemption,,,failed,False,2026-08-23T16:39:38.014835+09:00
Crate Register,,,failed,False,2026-08-19T00:37:28.610789+09:00
Crate Relay,,,failed,False,2026-08-19T00:38:15.765840+09:00
Crate Reminder,,,failed,False,2026-08-19T21:15:49.735937+09:00
Crate Report,,,failed,False,2026-08-19T13:38:06.946096+09:00
Crate Ring,40.0,0.0,success,False,2026-08-19T00:37:08.393662+09:00
Crate Roster,,,failed,False,2026-08-19T00:38:02.838044+09:00
Crate Route,10.0,0.0,success,False,2026-08-19T00:37:00.689265+09:00
Crate Rule,,,failed,False,2026-08-23T03:16:07.985751+09:00
Crate Sale,110.0,98.0,success,False,2026-08-21T02:29:11.262958+09:00
Crate Sample,0.0,,success,False,2026-08-19T22:04:13.367774+09:00
Crate Scale,20.0,100.0,success,False,2026-08-19T00:36:57.137576+09:00
Crate Scanner,,,failed,False,2026-08-27T23:51:54.683905+09:00
Crate Scope,,,failed,False,2026-08-19T00:38:36.857956+09:00
Crate Score,,,failed,False,2026-08-19T13:39:49.486851+09:00
Crate Serial,,,failed,False,2026-08-23T13:27:20.193084+09:00
Crate Sheet,20.0,29.0,success,False,2026-08-19T13:39:18.013288+09:00
Crate Shortfall,,,failed,False,2026-08-27T21:49:38.109800+09:00
Crate Signal,,,failed,False,2026-08-19T00:38:32.004718+09:00
Crate Signature,30.0,25.0,success,False,2026-08-23T13:27:25.869179+09:00
Crate Slip,,,failed,False,2026-08-19T22:03:59.574342+09:00
Crate Slot,10.0,0.0,success,False,2026-08-19T22:04:20.465966+09:00
Crate Stamp,110.0,14.0,success,False,2026-08-23T13:27:28.386352+09:00
Crate Statement,,,failed,False,2026-08-21T00:27:53.671746+09:00
Crate Station,,,failed,False,2026-08-19T00:36:40.628841+09:00
Crate Status,,,failed,False,2026-08-19T20:41:25.975881+09:00
Crate Stub,,,failed,False,2026-08-21T00:27:45.495734+09:00
Crate Studio,320.0,3.0,success,False,2026-08-19T00:36:36.073889+09:00
Crate Subsidy,,,failed,False,2026-08-23T15:52:07.033808+09:00
Crate Sum,,,failed,False,2026-08-21T02:28:57.894422+09:00
Crate Summary,,,failed,False,2026-08-19T21:15:29.461766+09:00
Crate Surtax,,,failed,False,2026-08-23T15:52:07.033808+09:00
Crate Tab,,,failed,False,2026-08-21T00:28:39.996166+09:00
Crate Table,720.0,100.0,success,False,2026-08-19T22:03:39.900427+09:00
Crate Tag,90.0,100.0,success,False,2026-08-19T13:40:14.970348+09:00
Crate Tally,,,failed,False,2026-08-21T00:27:57.987466+09:00
Crate Tariff,,,failed,False,2026-08-21T02:45:16.049005+09:00
Crate Tax,,,failed,False,2026-08-21T02:12:27.062318+09:00
Crate Terminal,,,failed,False,2026-08-19T00:36:42.974778+09:00
Crate Ticket,,,failed,False,2026-08-19T21:16:23.704707+09:00
Crate Tier,,,failed,False,2026-08-28T00:46:33.624903+09:00
Crate Timeline,10.0,0.0,success,False,2026-08-19T21:15:40.357740+09:00
Crate Timer,10.0,0.0,success,False,2026-08-28T00:22:21.008845+09:00
Crate Token,40.0,0.0,success,False,2026-08-23T13:27:22.703282+09:00
Crate Toll,,,failed,False,2026-08-21T02:45:09.656384+09:00
Crate Toolbox,10.0,100.0,success,False,2026-08-28T00:22:26.191039+09:00
Crate Total,,,failed,False,2026-08-27T23:09:53.622041+09:00
Crate Tracker,30.0,0.0,success,False,2026-08-19T00:38:02.838044+09:00
Crate Trail,,,failed,False,2026-08-19T00:37:04.451901+09:00
Crate Trial,,,failed,False,2026-08-27T21:18:29.046782+09:00
Crate Unit,40.0,76.0,success,False,2026-08-21T01:55:59.445411+09:00
Crate Update,10.0,0.0,success,False,2026-08-19T20:42:09.827682+09:00
Crate Value,,,failed,False,2026-08-23T02:52:28.484811+09:00
Crate Vault,10.0,0.0,success,False,2026-08-19T00:38:18.682483+09:00
Crate Version,,,failed,False,2026-08-23T03:15:55.657138+09:00
Crate View,2900.0,0.0,success,True,2026-08-19T20:41:33.167361+09:00
Crate Voucher,,,failed,False,2026-08-21T00:27:30.325740+09:00
Crate Wave,,,failed,False,2026-08-19T00:38:43.028128+09:00
Crate Widget,,,failed,False,2026-08-27T23:09:56.910517+09:00
Crate Worksheet,,,failed,False,2026-08-27T22:14:08.565651+09:00
Crate Workshop,,,failed,False,2026-08-28T00:22:23.551401+09:00
Crate Zone,20.0,3.0,success,False,2026-08-19T00:36:48.669353+09:00
Creative Advance,170.0,0.0,success,False,2026-08-23T16:14:56.824333+09:00
Creative Advisory,260.0,10.0,success,False,2026-08-21T00:58:36.711570+09:00
Creative Allowance,10.0,0.0,success,False,2026-08-21T02:39:09.375307+09:00
Creative Almanac,,,failed,False,2026-08-18T22:04:56.544925+09:00
Creative Analyzer,,,failed,False,2026-08-27T23:58:03.075368+09:00
Creative Anchor,30.0,43.0,success,False,2026-08-17T20:46:56.962156+09:00
Creative Asset,880.0,16.0,success,False,2026-08-23T13:47:11.410642+09:00
Creative Assistant,1000.0,4.0,success,False,2026-08-17T23:31:33.228756+09:00
Creative Atlas,20.0,1.0,success,False,2026-08-17T20:37:39.748297+09:00
Creative Badge,110.0,29.0,success,False,2026-08-21T00:36:11.342304+09:00
Creative Balance,140.0,5.0,success,False,2026-08-23T13:47:09.314181+09:00
Creative Base,110.0,1.0,success,False,2026-08-17T20:34:19.305897+09:00
Creative Beacon,20.0,0.0,success,False,2026-08-17T21:32:53.372558+09:00
Creative Bill,40.0,2.0,success,False,2026-08-19T22:02:09.365210+09:00
Creative Blueprint,210.0,1.0,success,False,2026-08-18T22:04:44.992531+09:00
Creative Board,720.0,20.0,success,False,2026-08-18T07:52:06.675931+09:00
Creative Book,5400.0,90.0,success,False,2026-08-19T22:02:59.053365+09:00
Creative Bridge,260.0,1.0,success,False,2026-08-17T20:48:15.314618+09:00
Creative Brief,8100.0,4.0,success,False,2026-08-21T00:58:27.692575+09:00
Creative Bulletin,20.0,2.0,success,False,2026-08-21T00:58:22.319025+09:00
Creative Calendar,880.0,80.0,success,False,2026-08-18T23:58:57.268328+09:00
Creative Card,1600.0,54.0,success,False,2026-08-19T13:27:42.741110+09:00
Creative Cascade,70.0,14.0,success,False,2026-08-17T21:30:33.048254+09:00
Creative Cash,20.0,8.0,success,False,2026-08-21T02:23:20.274615+09:00
Creative Cashback,10.0,5.0,success,False,2026-08-27T21:17:21.350185+09:00
Creative Catalog,90.0,10.0,success,False,2026-08-19T21:18:28.771702+09:00
Creative Center,6600.0,2.0,success,False,2026-08-17T21:35:24.685319+09:00
Creative Chain,170.0,52.0,success,False,2026-08-17T20:41:55.751231+09:00
Creative Charge,10.0,0.0,success,False,2026-08-21T02:38:59.400124+09:00
Creative Check,50.0,37.0,success,False,2026-08-19T13:28:03.494645+09:00
Creative Checker,,,failed,False,2026-08-27T23:57:57.910775+09:00
Creative Checklist,70.0,4.0,success,False,2026-08-19T21:17:38.869284+09:00
Creative Circular,,,failed,False,2026-08-21T01:00:03.837469+09:00
Creative Cockpit,40.0,5.0,success,False,2026-08-17T23:05:24.872109+09:00
Creative Code,5400.0,6.0,success,False,2026-08-19T22:02:31.549197+09:00
Creative Codex,260.0,0.0,success,False,2026-08-18T22:05:15.577232+09:00
Creative Companion,70.0,4.0,success,False,2026-08-17T23:32:54.129749+09:00
Creative Comparison,50.0,0.0,success,False,2026-08-28T01:08:20.327245+09:00
Creative Compass,480.0,7.0,success,False,2026-08-17T21:33:53.413747+09:00
Creative Compendium,,,failed,False,2026-08-18T22:05:06.428384+09:00
Creative Confirmation,,,failed,False,2026-08-21T00:58:44.836971+09:00
Creative Console,2400.0,53.0,success,False,2026-08-17T21:32:17.170130+09:00
Creative Converter,260.0,6.0,success,False,2026-08-27T23:36:01.279667+09:00
Creative Core,22200.0,0.0,success,True,2026-08-17T20:33:23.313632+09:00
Creative Cost,40.0,4.0,success,False,2026-08-21T02:07:41.553019+09:00
Creative Count,,,failed,False,2026-08-27T22:49:39.100911+09:00
Creative Counter,70.0,2.0,success,False,2026-08-18T23:59:51.056306+09:00
Creative Coupon,480.0,4.0,success,False,2026-08-27T21:17:18.938086+09:00
Creative Dashboard,210.0,8.0,success,False,2026-08-17T23:32:40.699548+09:00
Creative Deal,90.0,3.0,success,False,2026-08-21T01:51:32.906314+09:00
Creative Debt,40.0,0.0,success,False,2026-08-21T02:23:08.764436+09:00
Creative Deck,720.0,17.0,success,False,2026-08-18T07:52:19.092235+09:00
Creative Depot,33100.0,20.0,success,False,2026-08-18T23:59:34.906916+09:00
Creative Desk,590.0,98.0,success,False,2026-08-17T21:38:10.743063+09:00
Creative Detail,170.0,3.0,success,False,2026-08-23T03:18:41.681571+09:00
Creative Detector,10.0,0.0,success,False,2026-08-27T23:58:00.506831+09:00
Creative Dial,20.0,21.0,success,False,2026-08-17T21:30:00.229933+09:00
Creative Digest,20.0,2.0,success,False,2026-08-19T20:44:29.865338+09:00
Creative Directory,33100.0,4.0,success,False,2026-08-18T23:59:06.121375+09:00
Creative Discount,480.0,63.0,success,False,2026-08-23T16:14:49.657074+09:00
Creative Dock,1600.0,1.0,success,False,2026-08-17T20:44:24.451216+09:00
Creative Dossier,90.0,6.0,success,False,2026-08-21T00:58:49.473587+09:00
Creative Downpayment,,,failed,False,2026-08-27T21:48:28.268054+09:00
Creative Draft,30.0,0.0,success,False,2026-08-19T20:44:48.132741+09:00
Creative Due,,,failed,False,2026-08-23T15:51:59.728812+09:00
Creative Duty,40.0,0.0,success,False,2026-08-21T02:39:01.824838+09:00
Creative Endowment,,,failed,False,2026-08-23T15:52:04.916947+09:00
Creative Engine,390.0,3.0,success,False,2026-08-17T23:14:31.375028+09:00
Creative Entry,20.0,7.0,success,False,2026-08-21T00:59:03.951352+09:00
Creative Estimate,,,failed,False,2026-08-19T21:18:17.728493+09:00
Creative Estimator,,,failed,False,2026-08-27T23:57:55.384671+09:00
Creative Excerpt,,,failed,False,2026-08-21T00:58:59.914106+09:00
Creative Fare,,,failed,False,2026-08-21T02:07:48.773154+09:00
Creative Fee,40.0,0.0,success,False,2026-08-21T01:51:12.065747+09:00
Creative Feed,90.0,4.0,success,False,2026-08-19T20:44:35.831978+09:00
Creative Field,1300.0,1.0,success,False,2026-08-23T13:07:00.691919+09:00
Creative File,210.0,2.0,success,False,2026-08-19T20:43:57.147560+09:00
Creative Finder,70.0,7.0,success,False,2026-08-18T23:59:24.120788+09:00
Creative Fine,10.0,0.0,success,False,2026-08-23T02:54:31.488130+09:00
Creative Flag,480.0,29.0,success,False,2026-08-21T00:36:40.261906+09:00
Creative Flow,1300.0,9.0,success,False,2026-08-18T07:53:03.495247+09:00
Creative Forge,880.0,6.0,success,False,2026-08-17T21:31:41.054400+09:00
Creative Form,390.0,2.0,success,False,2026-08-19T13:27:27.071698+09:00
Creative Format,390.0,2.0,success,False,2026-08-23T13:07:02.783000+09:00
Creative Frame,720.0,61.0,success,False,2026-08-17T20:35:15.216607+09:00
Creative Fund,320.0,13.0,success,False,2026-08-21T02:23:15.671365+09:00
Creative Gate,260.0,4.0,success,False,2026-08-17T20:39:25.387216+09:00
Creative Giveaway,90.0,69.0,success,False,2026-08-27T21:17:26.157906+09:00
Creative Grade,,,failed,False,2026-08-21T00:36:28.428699+09:00
Creative Graph,110.0,1.0,success,False,2026-08-27T22:12:34.170808+09:00
Creative Grid,2400.0,99.0,success,False,2026-08-17T20:42:15.711128+09:00
Creative Guard,,,failed,False,2026-08-17T20:33:54.236742+09:00
Creative Guardian,30.0,0.0,success,False,2026-08-28T00:26:52.853264+09:00
Creative Guidebook,,,failed,False,2026-08-18T22:04:25.779407+09:00
Creative Helper,140.0,10.0,success,False,2026-08-28T00:26:55.262283+09:00
Creative History,170.0,2.0,success,False,2026-08-19T20:43:52.054689+09:00
Creative Hotline,10.0,0.0,success,False,2026-08-19T21:18:38.634661+09:00
Creative Hub,12100.0,4.0,success,False,2026-08-17T21:41:36.452024+09:00
Creative Identifier,,,failed,False,2026-08-23T13:06:58.194774+09:00
Creative Incentive,110.0,10.0,success,False,2026-08-27T21:17:26.157906+09:00
Creative Index,210.0,0.0,success,False,2026-08-19T21:17:49.852730+09:00
Creative Insight,260.0,7.0,success,False,2026-08-17T23:10:58.652260+09:00
Creative Installment,,,failed,False,2026-08-23T16:14:49.657074+09:00
Creative Item,320.0,26.0,success,False,2026-08-21T01:51:15.763734+09:00
Creative Journal,3600.0,70.0,success,False,2026-08-18T22:04:03.001846+09:00
Creative Keeper,,,failed,False,2026-08-17T20:35:45.912195+09:00
Creative Kit,2900.0,86.0,success,False,2026-08-27T22:49:35.364614+09:00
Creative Lab,22200.0,22.0,success,False,2026-08-17T21:38:46.123803+09:00
Creative Label,390.0,45.0,success,False,2026-08-27T22:12:40.822062+09:00
Creative Ledger,,,failed,False,2026-08-17T20:32:12.868338+09:00
Creative Lens,320.0,27.0,success,False,2026-08-17T20:36:12.301778+09:00
Creative Link,720.0,4.0,success,False,2026-08-23T03:18:33.193002+09:00
Creative List,8100.0,6.0,success,False,2026-08-19T22:02:41.688719+09:00
Creative Loan,210.0,40.0,success,False,2026-08-21T02:08:03.839367+09:00
Creative Locator,,,failed,False,2026-08-18T23:59:14.499030+09:00
Creative Lock,50.0,6.0,success,False,2026-08-17T20:38:07.696860+09:00
Creative Log,170.0,0.0,success,False,2026-08-19T13:27:15.417105+09:00
Creative Loop,110.0,4.0,success,False,2026-08-17T20:43:09.097865+09:00
Creative Manager,1300.0,3.0,success,False,2026-08-17T20:34:43.926118+09:00
Creative Manual,390.0,5.0,success,False,2026-08-27T22:12:40.822062+09:00
Creative Map,1600.0,1.0,success,False,2026-08-17T20:37:11.919122+09:00
Creative Memo,40500.0,14.0,success,False,2026-08-21T00:36:30.694005+09:00
Creative Meter,20.0,0.0,success,False,2026-08-17T20:47:35.936558+09:00
Creative Metrics,30.0,1.0,success,False,2026-08-17T23:32:27.078253+09:00
Creative Monitor,90.0,87.0,success,False,2026-08-17T23:32:11.092346+09:00
Creative Navigator,20.0,13.0,success,False,2026-08-17T23:12:30.403803+09:00
Creative Nexus,390.0,3.0,success,False,2026-08-17T20:38:32.473394+09:00
Creative Node,20.0,6.0,success,False,2026-08-17T20:40:20.065990+09:00
Creative Note,590.0,3.0,success,False,2026-08-19T13:28:19.124767+09:00
Creative Notification,10.0,0.0,success,False,2026-08-27T22:49:32.762391+09:00
Creative Number,260.0,4.0,success,False,2026-08-23T03:18:25.372913+09:00
Creative Office,1000.0,19.0,success,False,2026-08-18T23:59:40.785220+09:00
Creative Ops,880.0,3.0,success,False,2026-08-17T23:33:06.954832+09:00
Creative Order,140.0,1.0,success,False,2026-08-19T22:01:59.739197+09:00
Creative Organizer,140.0,30.0,success,False,2026-08-17T23:03:41.404316+09:00
Creative Outline,110.0,0.0,success,False,2026-08-27T22:29:07.164636+09:00
Creative Overage,,,failed,False,2026-08-27T21:48:25.630641+09:00
Creative Overdraft,,,failed,False,2026-08-23T15:51:59.728812+09:00
Creative Overdue,,,failed,False,2026-08-27T21:48:20.717175+09:00
Creative Panel,90.0,11.0,success,False,2026-08-17T21:31:05.600589+09:00
Creative Pass,30.0,0.0,success,False,2026-08-21T00:36:00.602558+09:00
Creative Path,1300.0,1.0,success,False,2026-08-17T20:39:54.147287+09:00
Creative Payoff,,,failed,False,2026-08-27T21:48:23.216174+09:00
Creative Petition,20.0,0.0,success,False,2026-08-21T00:58:40.847726+09:00
Creative Pilot,70.0,56.0,success,False,2026-08-17T21:39:37.908878+09:00
Creative Plan,320.0,13.0,success,False,2026-08-21T01:51:26.021065+09:00
Creative Planner,22200.0,42.0,success,False,2026-08-17T23:09:22.045461+09:00
Creative Playbook,170.0,10.0,success,False,2026-08-18T22:03:51.381490+09:00
Creative Point,2400.0,4.0,success,False,2026-08-17T20:39:04.557611+09:00
Creative Portal,720.0,0.0,success,False,2026-08-17T21:33:22.663564+09:00
Creative Preview,50.0,5.0,success,False,2026-08-28T01:08:20.327245+09:00
Creative Profile,320.0,1.0,success,False,2026-08-19T13:28:41.334086+09:00
Creative Profit,30.0,1.0,success,False,2026-08-23T02:54:23.224881+09:00
Creative Proposal,590.0,5.0,success,False,2026-08-28T01:08:23.846955+09:00
Creative Pulse,720.0,1.0,success,False,2026-08-17T20:41:27.066117+09:00
Creative Queue,10.0,8.0,success,False,2026-08-19T21:18:07.179482+09:00
Creative Quota,,,failed,False,2026-08-21T00:36:35.821010+09:00
Creative Radar,10.0,0.0,success,False,2026-08-17T21:36:59.022364+09:00
Creative Rail,50.0,41.0,success,False,2026-08-17T20:43:36.337910+09:00
Creative Rank,,,failed,False,2026-08-28T00:48:34.201373+09:00
Creative Rate,,,failed,False,2026-08-19T20:44:12.620754+09:00
Creative Recap,10.0,0.0,success,False,2026-08-21T01:00:06.148655+09:00
Creative Receipt,20.0,47.0,success,False,2026-08-19T22:02:19.043714+09:00
Creative Register,40.0,1.0,success,False,2026-08-17T23:07:18.335398+09:00
Creative Registry,10.0,0.0,success,False,2026-08-18T22:04:34.092675+09:00
Creative Relay,10.0,0.0,success,False,2026-08-17T21:36:00.741055+09:00
Creative Reminder,70.0,0.0,success,False,2026-08-19T21:17:31.409694+09:00
Creative Report,480.0,2.0,success,False,2026-08-19T13:27:04.208602+09:00
Creative Repository,20.0,8.0,success,False,2026-08-27T23:15:15.489365+09:00
Creative Result,260.0,5.0,success,False,2026-08-28T00:48:30.764034+09:00
Creative Roadmap,170.0,3.0,success,False,2026-08-18T22:05:23.943754+09:00
Creative Roster,10.0,4.0,success,False,2026-08-19T00:38:24.169663+09:00
Creative Route,110.0,4.0,success,False,2026-08-17T20:45:28.437462+09:00
Creative Rule,170.0,11.0,success,False,2026-08-23T03:18:36.305827+09:00
Creative Sale,260.0,13.0,success,False,2026-08-21T02:23:27.282211+09:00
Creative Sample,260.0,92.0,success,False,2026-08-19T22:03:20.182030+09:00
Creative Scale,590.0,3.0,success,False,2026-08-17T20:46:20.020027+09:00
Creative Scanner,70.0,97.0,success,False,2026-08-27T23:57:57.910775+09:00
Creative Scheduler,70.0,2.0,success,False,2026-08-17T23:31:50.854430+09:00
Creative Scope,170.0,6.0,success,False,2026-08-17T20:44:04.848400+09:00
Creative Score,260.0,6.0,success,False,2026-08-19T13:28:10.656877+09:00
Creative Sentry,,,failed,False,2026-08-17T20:36:40.845127+09:00
Creative Serial,10.0,,success,False,2026-08-23T13:27:43.093757+09:00
Creative Sheet,140.0,15.0,success,False,2026-08-19T13:27:56.460670+09:00
Creative Shortfall,,,failed,False,2026-08-27T21:48:30.689545+09:00
Creative Signal,,,failed,False,2026-08-17T20:45:52.903104+09:00
Creative Slip,,,failed,False,2026-08-19T22:03:11.253996+09:00
Creative Slot,,,failed,False,2026-08-19T22:03:30.282761+09:00
Creative Snapshot,,,failed,False,2026-08-18T22:04:12.568895+09:00
Creative Stage,2400.0,100.0,success,False,2026-08-28T00:48:30.764034+09:00
Creative Stake,,,failed,False,2026-08-23T02:54:26.725947+09:00
Creative Statement,110.0,0.0,success,False,2026-08-21T00:36:18.143483+09:00
Creative Station,6600.0,4.0,success,False,2026-08-17T21:37:36.095439+09:00
Creative Status,140.0,1.0,success,False,2026-08-19T20:43:39.981777+09:00
Creative Stub,,,failed,False,2026-08-21T00:36:14.044141+09:00
Creative Studio,33100.0,8.0,success,False,2026-08-17T21:41:04.521769+09:00
Creative Subsidy,,,failed,False,2026-08-23T15:52:02.827883+09:00
Creative Suite,5400.0,28.0,success,False,2026-08-17T23:31:17.212800+09:00
Creative Sum,,,failed,False,2026-08-21T02:23:05.228659+09:00
Creative Summary,140.0,0.0,success,False,2026-08-19T21:17:11.439811+09:00
Creative Sync,260.0,4.0,success,False,2026-08-17T20:31:38.107939+09:00
Creative Tab,260.0,56.0,success,False,2026-08-21T00:36:44.968976+09:00
Creative Table,590.0,90.0,success,False,2026-08-19T22:02:50.225246+09:00
Creative Tag,480.0,5.0,success,False,2026-08-19T13:28:31.111585+09:00
Creative Tally,10.0,0.0,success,False,2026-08-21T00:36:23.638187+09:00
Creative Tariff,,,failed,False,2026-08-21T02:39:12.661070+09:00
Creative Tax,140.0,12.0,success,False,2026-08-21T02:07:53.857202+09:00
Creative Ticket,40.0,3.0,success,False,2026-08-19T21:17:57.500423+09:00
Creative Timeline,2400.0,1.0,success,False,2026-08-19T21:17:21.944279+09:00
Creative Toll,,,failed,False,2026-08-21T02:39:07.071635+09:00
Creative Toolbox,110.0,40.0,success,False,2026-08-28T00:26:52.853264+09:00
Creative Toolkit,140.0,4.0,success,False,2026-08-18T22:03:32.090956+09:00
Creative Total,,,failed,False,2026-08-27T23:15:10.643747+09:00
Creative Tracker,590.0,3.0,success,False,2026-08-17T20:32:49.512310+09:00
Creative Trail,30.0,0.0,success,False,2026-08-17T20:42:41.908187+09:00
Creative Trend,12100.0,0.0,success,True,2026-08-28T01:08:20.327245+09:00
Creative Trial,20.0,0.0,success,False,2026-08-27T21:17:23.968001+09:00
Creative Unit,170.0,1.0,success,False,2026-08-21T01:51:22.429358+09:00
Creative Update,40.0,0.0,success,False,2026-08-19T20:44:19.706681+09:00
Creative Vault,90.0,0.0,success,False,2026-08-17T21:34:55.256705+09:00
Creative Version,30.0,5.0,success,False,2026-08-23T03:18:29.464352+09:00
Creative View,210.0,2.0,success,False,2026-08-19T20:43:44.541784+09:00
Creative Voucher,140.0,54.0,success,False,2026-08-21T00:36:05.920603+09:00
Creative Watch,1300.0,100.0,success,False,2026-08-17T20:44:54.516764+09:00
Creative Wave,1000.0,2.0,success,False,2026-08-17T20:40:44.017242+09:00
Creative Widget,880.0,0.0,success,False,2026-08-27T23:15:10.643747+09:00
Creative Workbench,30.0,64.0,success,False,2026-08-18T22:03:18.976552+09:00
Creative Worksheet,390.0,7.0,success,False,2026-08-27T22:12:43.537947+09:00
Creative Workshop,4400.0,18.0,success,False,2026-08-28T00:26:50.285916+09:00
Creative Zone,6600.0,13.0,success,False,2026-08-17T21:34:24.214520+09:00
Credential Advisory,,,failed,False,2026-08-21T01:07:00.683520+09:00
Credential Allowance,,,failed,False,2026-08-21T02:44:49.670355+09:00
Credential Almanac,,,failed,False,2026-08-18T22:04:53.198463+09:00
Credential Analyzer,,,failed,False,2026-08-27T23:52:49.352062+09:00
Credential Anchor,,,failed,False,2026-08-17T21:38:05.775829+09:00
Credential Assistant,,,failed,False,2026-08-17T23:32:25.255075+09:00
Credential Atlas,,,failed,False,2026-08-17T20:45:24.269018+09:00
Credential Badge,260.0,71.0,success,False,2026-08-21T00:33:48.597432+09:00
Credential Base,,,failed,False,2026-08-17T20:42:12.704128+09:00
Credential Beacon,,,failed,False,2026-08-17T20:31:33.560642+09:00
Credential Bill,,,failed,False,2026-08-19T21:57:59.626776+09:00
Credential Blueprint,,,failed,False,2026-08-18T22:04:42.771017+09:00
Credential Board,90.0,1.0,success,False,2026-08-17T20:39:51.023967+09:00
Credential Book,,,failed,False,2026-08-19T21:58:48.612097+09:00
Credential Bridge,,,failed,False,2026-08-17T21:39:28.354494+09:00
Credential Brief,,,failed,False,2026-08-21T01:06:51.131996+09:00
Credential Bulletin,,,failed,False,2026-08-21T01:06:45.397337+09:00
Credential Cabinet,,,failed,False,2026-08-27T23:11:14.046678+09:00
Credential Calendar,,,failed,False,2026-08-19T00:01:53.326080+09:00
Credential Card,480.0,22.0,success,False,2026-08-19T13:26:44.223162+09:00
Credential Cascade,,,failed,False,2026-08-17T21:41:34.183941+09:00
Credential Cash,,,failed,False,2026-08-21T02:29:43.973308+09:00
Credential Catalog,,,failed,False,2026-08-19T21:14:49.838669+09:00
Credential Category,,,failed,False,2026-08-23T13:10:06.026404+09:00
Credential Center,110.0,2.0,success,False,2026-08-17T20:34:17.127214+09:00
Credential Chain,10.0,12.0,success,False,2026-08-17T21:32:11.115049+09:00
Credential Charge,,,failed,False,2026-08-21T02:44:40.179717+09:00
Credential Check,390.0,5.0,success,False,2026-08-19T13:27:15.417105+09:00
Credential Checker,390.0,5.0,success,False,2026-08-27T23:52:37.462117+09:00
Credential Checklist,,,failed,False,2026-08-19T21:13:54.945157+09:00
Credential Circular,,,failed,False,2026-08-21T01:06:56.173532+09:00
Credential Cockpit,,,failed,False,2026-08-17T23:14:07.437972+09:00
Credential Code,20.0,0.0,success,False,2026-08-19T21:58:22.475915+09:00
Credential Codex,,,failed,False,2026-08-18T22:05:13.758359+09:00
Credential Companion,,,failed,False,2026-08-17T23:33:28.426699+09:00
Credential Comparison,,,failed,False,2026-08-28T01:03:27.794966+09:00
Credential Compass,,,failed,False,2026-08-17T20:32:44.310093+09:00
Credential Compendium,,,failed,False,2026-08-18T22:05:02.516248+09:00
Credential Confirmation,10.0,0.0,success,False,2026-08-21T01:07:09.616987+09:00
Credential Console,,,failed,False,2026-08-18T07:52:25.028656+09:00
Credential Contribution,,,failed,False,2026-08-23T16:11:37.487376+09:00
Credential Converter,,,failed,False,2026-08-27T23:33:13.459329+09:00
Credential Core,,,failed,False,2026-08-17T20:41:22.469867+09:00
Credential Cost,,,failed,False,2026-08-21T02:13:47.898953+09:00
Credential Count,,,failed,False,2026-08-27T22:45:51.425899+09:00
Credential Counter,,,failed,False,2026-08-19T00:02:39.195734+09:00
Credential Dashboard,,,failed,False,2026-08-17T23:33:15.463532+09:00
Credential Deal,,,failed,False,2026-08-21T01:58:27.155216+09:00
Credential Debt,,,failed,False,2026-08-21T02:29:36.697010+09:00
Credential Deck,2400.0,0.0,success,True,2026-08-17T20:38:53.767345+09:00
Credential Depot,,,failed,False,2026-08-19T00:02:24.547164+09:00
Credential Desk,,,failed,False,2026-08-17T20:36:38.149505+09:00
Credential Detail,,,failed,False,2026-08-23T03:24:25.190204+09:00
Credential Detector,,,failed,False,2026-08-27T23:52:45.278124+09:00
Credential Dial,,,failed,False,2026-08-17T21:40:51.783967+09:00
Credential Digest,,,failed,False,2026-08-19T20:43:01.232728+09:00
Credential Directory,,,failed,False,2026-08-19T00:02:04.506577+09:00
Credential Discount,,,failed,False,2026-08-23T16:11:31.628533+09:00
Credential Dock,,,failed,False,2026-08-17T21:35:20.515813+09:00
Credential Dossier,,,failed,False,2026-08-21T01:07:15.275377+09:00
Credential Draft,,,failed,False,2026-08-19T20:43:16.240040+09:00
Credential Due,,,failed,False,2026-08-23T15:50:21.646134+09:00
Credential Duty,,,failed,False,2026-08-21T02:44:44.036553+09:00
Credential Engine,390.0,4.0,success,False,2026-08-17T23:10:52.063537+09:00
Credential Entry,,,failed,False,2026-08-21T01:07:29.159320+09:00
Credential Estimate,,,failed,False,2026-08-19T21:14:36.641890+09:00
Credential Estimator,,,failed,False,2026-08-27T23:52:37.462117+09:00
Credential Excerpt,,,failed,False,2026-08-21T01:07:24.154176+09:00
Credential Extension,10.0,0.0,success,False,2026-08-23T16:37:26.596455+09:00
Credential Fare,,,failed,False,2026-08-21T02:13:55.363048+09:00
Credential Fee,50.0,5.0,success,False,2026-08-21T01:58:06.326002+09:00
Credential Feed,,,failed,False,2026-08-19T20:43:08.672141+09:00
Credential Field,,,failed,False,2026-08-23T13:10:08.705068+09:00
Credential File,170.0,3.0,success,False,2026-08-19T20:42:29.664942+09:00
Credential Finder,210.0,1.0,success,False,2026-08-19T00:02:18.071698+09:00
Credential Fine,,,failed,False,2026-08-23T02:58:27.713523+09:00
Credential Flag,,,failed,False,2026-08-21T00:34:23.360801+09:00
Credential Flow,40.0,4.0,success,False,2026-08-17T20:39:21.363517+09:00
Credential Forge,,,failed,False,2026-08-18T07:43:49.584727+09:00
Credential Form,320.0,1.0,success,False,2026-08-19T13:26:18.300818+09:00
Credential Format,320.0,1.0,success,False,2026-08-23T13:10:10.835682+09:00
Credential Frame,,,failed,False,2026-08-17T20:43:05.974432+09:00
Credential Fund,,,failed,False,2026-08-21T02:29:40.223505+09:00
Credential Gate,,,failed,False,2026-08-17T20:47:28.313560+09:00
Credential Generator,70.0,8.0,success,False,2026-08-27T23:33:13.459329+09:00
Credential Grade,,,failed,False,2026-08-21T00:34:11.970110+09:00
Credential Graph,,,failed,False,2026-08-27T22:07:45.490805+09:00
Credential Grid,,,failed,False,2026-08-17T21:32:47.122898+09:00
Credential Guarantee,,,failed,False,2026-08-28T01:03:33.167279+09:00
Credential Guard,4400.0,2.0,success,False,2026-08-17T20:41:53.253624+09:00
Credential Guardian,,,failed,False,2026-08-28T00:22:52.095414+09:00
Credential Guidebook,,,failed,False,2026-08-18T22:04:23.726026+09:00
Credential Helpdesk,,,failed,False,2026-08-27T22:45:51.425899+09:00
Credential Helper,390.0,1.0,success,False,2026-08-28T00:22:57.445324+09:00
Credential History,50.0,0.0,success,False,2026-08-19T20:42:21.972075+09:00
Credential Hotline,,,failed,False,2026-08-19T21:15:02.782218+09:00
Credential Hub,,,failed,False,2026-08-17T20:38:26.412397+09:00
Credential Identifier,1300.0,0.0,success,True,2026-08-23T13:10:06.026404+09:00
Credential Index,,,failed,False,2026-08-19T21:14:05.700076+09:00
Credential Insight,,,failed,False,2026-08-17T23:07:13.674847+09:00
Credential Installment,,,failed,False,2026-08-23T16:11:34.314985+09:00
Credential Item,,,failed,False,2026-08-21T01:58:12.628800+09:00
Credential Journal,,,failed,False,2026-08-18T22:04:00.845205+09:00
Credential Keeper,10.0,34.0,success,False,2026-08-17T20:43:32.566232+09:00
Credential Kit,,,failed,False,2026-08-27T22:45:40.412271+09:00
Credential Lab,10.0,0.0,success,False,2026-08-17T20:37:05.313557+09:00
Credential Label,,,failed,False,2026-08-27T22:07:48.909558+09:00
Credential Ledger,,,failed,False,2026-08-17T20:40:41.186342+09:00
Credential Lens,,,failed,False,2026-08-17T20:43:58.581518+09:00
Credential Level,20.0,0.0,success,False,2026-08-19T20:42:34.910732+09:00
Credential Link,30.0,0.0,success,False,2026-08-23T03:24:18.387553+09:00
Credential List,320.0,0.0,success,False,2026-08-19T21:58:30.244900+09:00
Credential Loan,,,failed,False,2026-08-21T02:14:02.511057+09:00
Credential Locator,,,failed,False,2026-08-19T00:02:09.626106+09:00
Credential Lock,10.0,0.0,success,False,2026-08-17T20:45:48.787557+09:00
Credential Log,,,failed,False,2026-08-19T13:26:10.178451+09:00
Credential Loop,,,failed,False,2026-08-17T21:33:45.075228+09:00
Credential Manager,9900.0,7.0,success,False,2026-08-17T20:42:36.789908+09:00
Credential Manual,,,failed,False,2026-08-27T22:07:48.909558+09:00
Credential Map,90.0,2.0,success,False,2026-08-17T20:44:46.784780+09:00
Credential Margin,,,failed,False,2026-08-23T02:58:24.249422+09:00
Credential Memo,,,failed,False,2026-08-21T00:34:16.638003+09:00
Credential Message,,,failed,False,2026-08-27T23:11:04.616430+09:00
Credential Meter,,,failed,False,2026-08-17T21:38:37.304138+09:00
Credential Metrics,,,failed,False,2026-08-17T23:33:03.029797+09:00
Credential Monitor,,,failed,False,2026-08-17T23:32:52.026751+09:00
Credential Navigator,,,failed,False,2026-08-17T23:08:54.682716+09:00
Credential Nexus,,,failed,False,2026-08-17T20:46:14.149623+09:00
Credential Node,,,failed,False,2026-08-17T20:48:44.119140+09:00
Credential Note,,,failed,False,2026-08-19T13:27:42.741110+09:00
Credential Notification,,,failed,False,2026-08-27T22:45:40.412271+09:00
Credential Number,720.0,0.0,success,False,2026-08-23T03:24:09.830834+09:00
Credential Office,260.0,3.0,success,False,2026-08-19T00:02:34.221000+09:00
Credential Ops,,,failed,False,2026-08-17T23:23:26.681151+09:00
Credential Order,50.0,0.0,success,False,2026-08-19T21:57:51.707228+09:00
Credential Organizer,,,failed,False,2026-08-17T23:12:27.386442+09:00
Credential Overdue,,,failed,False,2026-08-27T21:46:08.601206+09:00
Credential Panel,,,failed,False,2026-08-18T07:52:35.571361+09:00
Credential Passport,,,failed,False,2026-08-19T12:23:14.200437+09:00
Credential Path,,,failed,False,2026-08-17T20:48:09.439521+09:00
Credential Penalty,,,failed,False,2026-08-23T16:37:24.399501+09:00
Credential Petition,,,failed,False,2026-08-21T01:07:05.419425+09:00
Credential Pilot,,,failed,False,2026-08-17T20:37:32.011303+09:00
Credential Plan,,,failed,False,2026-08-21T01:58:22.092915+09:00
Credential Planner,,,failed,False,2026-08-17T23:05:21.665981+09:00
Credential Playbook,,,failed,False,2026-08-18T22:03:49.519359+09:00
Credential Point,,,failed,False,2026-08-17T20:46:51.703605+09:00
Credential Portal,40.0,0.0,success,False,2026-08-17T20:32:07.300250+09:00
Credential Profile,20.0,0.0,success,False,2026-08-19T13:28:00.720814+09:00
Credential Profit,,,failed,False,2026-08-23T02:58:18.393651+09:00
Credential Proposal,,,failed,False,2026-08-28T01:03:33.167279+09:00
Credential Pulse,,,failed,False,2026-08-17T21:31:35.848823+09:00
Credential Queue,,,failed,False,2026-08-19T21:14:25.391974+09:00
Credential Quota,,,failed,False,2026-08-21T00:34:21.181247+09:00
Credential Radar,,,failed,False,2026-08-17T20:35:40.356029+09:00
Credential Rail,,,failed,False,2026-08-17T21:34:20.474166+09:00
Credential Rate,,,failed,False,2026-08-19T20:42:43.732696+09:00
Credential Recap,,,failed,False,2026-08-21T01:07:19.627545+09:00
Credential Receipt,,,failed,False,2026-08-19T21:58:11.207870+09:00
Credential Register,,,failed,False,2026-08-17T22:48:03.176041+09:00
Credential Registry,50.0,2.0,success,False,2026-08-18T22:04:34.092675+09:00
Credential Relay,,,failed,False,2026-08-17T20:34:40.569545+09:00
Credential Reminder,,,failed,False,2026-08-19T21:13:44.257474+09:00
Credential Report,110.0,2.0,success,False,2026-08-19T13:25:58.679936+09:00
Credential Repository,10.0,0.0,success,False,2026-08-27T23:11:14.046678+09:00
Credential Result,,,failed,False,2026-08-28T00:46:33.624903+09:00
Credential Roadmap,,,failed,False,2026-08-18T22:05:21.769406+09:00
Credential Roster,,,failed,False,2026-08-19T00:38:48.376369+09:00
Credential Route,,,failed,False,2026-08-17T21:36:26.445152+09:00
Credential Rule,,,failed,False,2026-08-23T03:24:21.370472+09:00
Credential Sale,,,failed,False,2026-08-21T02:29:47.040271+09:00
Credential Sample,210.0,0.0,success,False,2026-08-19T21:59:04.972402+09:00
Credential Scale,,,failed,False,2026-08-17T21:37:30.311680+09:00
Credential Scanner,70.0,10.0,success,False,2026-08-27T23:52:42.913738+09:00
Credential Scheduler,,,failed,False,2026-08-17T23:32:37.778770+09:00
Credential Scope,,,failed,False,2026-08-17T21:34:50.586670+09:00
Credential Score,,,failed,False,2026-08-19T13:27:27.071698+09:00
Credential Sentry,10.0,,success,False,2026-08-17T20:44:22.162347+09:00
Credential Sheet,70.0,0.0,success,False,2026-08-19T13:27:04.208602+09:00
Credential Signal,,,failed,False,2026-08-17T21:36:54.710856+09:00
Credential Signature,70.0,1.0,success,False,2026-08-23T13:26:15.190614+09:00
Credential Slip,,,failed,False,2026-08-19T21:58:56.766000+09:00
Credential Slot,,,failed,False,2026-08-19T21:59:15.845213+09:00
Credential Snapshot,,,failed,False,2026-08-18T22:04:08.939820+09:00
Credential Stage,,,failed,False,2026-08-28T00:46:33.624903+09:00
Credential Stake,,,failed,False,2026-08-23T02:58:22.138968+09:00
Credential Statement,10.0,0.0,success,False,2026-08-21T00:33:58.463562+09:00
Credential Station,,,failed,False,2026-08-17T20:36:08.746361+09:00
Credential Status,70.0,2.0,success,False,2026-08-19T20:42:09.827682+09:00
Credential Stub,,,failed,False,2026-08-21T00:33:53.387508+09:00
Credential Studio,,,failed,False,2026-08-17T20:38:03.705761+09:00
Credential Suite,,,failed,False,2026-08-17T23:32:05.926406+09:00
Credential Sum,,,failed,False,2026-08-21T02:29:31.555266+09:00
Credential Summary,,,failed,False,2026-08-19T21:13:21.149067+09:00
Credential Sync,,,failed,False,2026-08-17T20:40:17.203996+09:00
Credential Tab,,,failed,False,2026-08-21T00:34:27.900194+09:00
Credential Table,20.0,0.0,success,False,2026-08-19T21:58:36.842594+09:00
Credential Tag,10.0,66.0,success,False,2026-08-19T13:27:53.720083+09:00
Credential Tally,,,failed,False,2026-08-21T00:34:07.252682+09:00
Credential Tariff,,,failed,False,2026-08-21T02:44:59.003058+09:00
Credential Tax,,,failed,False,2026-08-21T02:13:59.319117+09:00
Credential Ticket,,,failed,False,2026-08-19T21:14:14.890297+09:00
Credential Tier,,,failed,False,2026-08-28T00:46:36.452526+09:00
Credential Timeline,,,failed,False,2026-08-19T21:13:31.913325+09:00
Credential Timer,,,failed,False,2026-08-28T00:22:49.083106+09:00
Credential Token,30.0,5.0,success,False,2026-08-23T13:28:24.221193+09:00
Credential Toll,,,failed,False,2026-08-21T02:44:46.644995+09:00
Credential Toolbox,,,failed,False,2026-08-28T00:22:54.713063+09:00
Credential Toolkit,,,failed,False,2026-08-18T22:03:30.222566+09:00
Credential Total,,,failed,False,2026-08-27T23:11:04.616430+09:00
Credential Tracker,50.0,25.0,success,False,2026-08-17T20:41:01.819842+09:00
Credential Trail,,,failed,False,2026-08-17T21:33:19.243075+09:00
Credential Trend,,,failed,False,2026-08-28T01:03:25.191639+09:00
Credential Trial,,,failed,False,2026-08-27T21:13:49.979348+09:00
Credential Unit,,,failed,False,2026-08-21T02:05:44.847740+09:00
Credential Update,,,failed,False,2026-08-19T20:42:48.667396+09:00
Credential Value,10.0,0.0,success,False,2026-08-23T02:58:18.393651+09:00
Credential Vault,320.0,22.0,success,False,2026-08-17T20:33:47.539654+09:00
Credential Version,,,failed,False,2026-08-23T03:24:13.637906+09:00
Credential View,20.0,0.0,success,False,2026-08-19T20:42:17.170868+09:00
Credential Voucher,,,failed,False,2026-08-21T00:33:43.074758+09:00
Credential Watch,10.0,0.0,success,False,2026-08-17T21:35:54.911296+09:00
Credential Wave,,,failed,False,2026-08-17T21:30:27.922058+09:00
Credential Widget,,,failed,False,2026-08-27T23:11:08.284499+09:00
Credential Workbench,,,failed,False,2026-08-18T22:03:16.704658+09:00
Credential Worksheet,,,failed,False,2026-08-27T22:07:54.366638+09:00
Credential Workshop,,,failed,False,2026-08-28T00:22:49.083106+09:00
Credential Zone,,,failed,False,2026-08-17T20:33:18.087238+09:00
Credit Advance,590.0,59.0,success,False,2026-08-23T16:14:44.482791+09:00
Credit Alert,2400.0,12.0,success,False,2026-08-21T01:42:34.994206+09:00
Credit Allowance,140.0,3.0,success,False,2026-08-21T02:44:04.894763+09:00
Credit Analyzer,40.0,48.0,success,False,2026-08-27T23:51:12.915875+09:00
Credit Arrears,20.0,13.0,success,False,2026-08-23T16:14:40.533655+09:00
Credit Asset,480.0,14.0,success,False,2026-08-23T13:46:43.137504+09:00
Credit Atlas,30.0,27.0,success,False,2026-08-21T01:40:35.434951+09:00
Credit Badge,20.0,1.0,success,False,2026-08-21T01:35:39.038076+09:00
Credit Balance,5400.0,5.0,success,False,2026-08-23T13:46:40.614274+09:00
Credit Base,210.0,11.0,success,False,2026-08-21T01:39:01.261860+09:00
Credit Beacon,320.0,30.0,success,False,2026-08-21T01:38:06.302240+09:00
Credit Bill,1300.0,9.0,success,False,2026-08-21T01:35:35.262930+09:00
Credit Board,2400.0,5.0,success,False,2026-08-21T01:39:14.951697+09:00
Credit Bridge,720.0,23.0,success,False,2026-08-21T01:38:18.535087+09:00
Credit Brief,,,failed,False,2026-08-21T01:37:02.343165+09:00
Credit Bulletin,70.0,33.0,success,False,2026-08-21T01:36:57.667235+09:00
Credit Calculator,6600.0,23.0,success,False,2026-08-27T23:37:11.995923+09:00
Credit Calendar,90.0,0.0,success,False,2026-08-21T01:41:22.153477+09:00
Credit Card,1830000.0,44.0,success,False,2026-08-21T01:43:23.087757+09:00
Credit Cascade,,,failed,False,2026-08-21T01:38:16.172375+09:00
Credit Cash,9900.0,41.0,success,False,2026-08-21T02:27:51.067603+09:00
Credit Category,260.0,4.0,success,False,2026-08-23T13:05:25.615596+09:00
Credit Center,880.0,16.0,success,False,2026-08-21T01:39:42.723562+09:00
Credit Chain,40.0,4.0,success,False,2026-08-21T01:40:19.724237+09:00
Credit Charge,480.0,3.0,success,False,2026-08-21T02:43:57.292345+09:00
Credit Chart,880.0,3.0,success,False,2026-08-21T01:42:37.393096+09:00
Credit Check,90500.0,68.0,success,False,2026-08-21T01:43:31.469604+09:00
Credit Checker,90500.0,68.0,success,False,2026-08-27T23:51:07.494975+09:00
Credit Code,1300.0,2.0,success,False,2026-08-21T01:35:39.038076+09:00
Credit Compass,390.0,27.0,success,False,2026-08-21T01:37:57.190809+09:00
Credit Confirmation,90.0,1.0,success,False,2026-08-21T01:37:19.276865+09:00
Credit Console,20.0,24.0,success,False,2026-08-21T01:39:55.005229+09:00
Credit Converter,140.0,2.0,success,False,2026-08-27T23:37:11.995923+09:00
Credit Core,673000.0,31.0,success,False,2026-08-21T01:39:04.572787+09:00
Credit Cost,1300.0,1.0,success,False,2026-08-21T02:11:07.536158+09:00
Credit Count,210.0,2.0,success,False,2026-08-27T22:50:43.878395+09:00
Credit Counter,210.0,2.0,success,False,2026-08-21T01:41:42.095051+09:00
Credit Deal,170.0,46.0,success,False,2026-08-21T01:54:40.308388+09:00
Credit Debt,1000.0,27.0,success,False,2026-08-21T02:27:43.385895+09:00
Credit Deck,10.0,3.0,success,False,2026-08-21T01:39:21.617747+09:00
Credit Desk,70.0,1.0,success,False,2026-08-21T01:37:41.835664+09:00
Credit Detail,210.0,9.0,success,False,2026-08-23T03:14:46.268297+09:00
Credit Detector,10.0,0.0,success,False,2026-08-27T23:51:10.379112+09:00
Credit Directory,10.0,0.0,success,False,2026-08-21T01:41:25.621539+09:00
Credit Discount,110.0,12.0,success,False,2026-08-23T16:14:37.846068+09:00
Credit Downpayment,,,failed,False,2026-08-27T21:48:52.496958+09:00
Credit Draft,90.0,56.0,success,False,2026-08-21T01:44:33.537295+09:00
Credit Duty,,,failed,False,2026-08-21T02:43:59.643244+09:00
Credit Engine,12100.0,38.0,success,False,2026-08-21T01:40:45.060160+09:00
Credit Entry,260.0,1.0,success,False,2026-08-21T01:37:26.126762+09:00
Credit Estimate,140.0,55.0,success,False,2026-08-21T01:35:35.262930+09:00
Credit Estimator,880.0,56.0,success,False,2026-08-27T23:51:04.044510+09:00
Credit Extension,260.0,1.0,success,False,2026-08-23T16:39:14.026032+09:00
Credit Fare,10.0,17.0,success,False,2026-08-21T02:11:15.261095+09:00
Credit Fee,390.0,4.0,success,False,2026-08-21T01:54:19.939449+09:00
Credit Feed,,,failed,False,2026-08-21T01:44:28.935205+09:00
Credit File,4400.0,59.0,success,False,2026-08-21T01:44:11.369887+09:00
Credit Fine,20.0,23.0,success,False,2026-08-23T02:58:22.138968+09:00
Credit Flow,3600.0,10.0,success,False,2026-08-21T01:37:32.925946+09:00
Credit Forge,,,failed,False,2026-08-21T01:38:08.891636+09:00
Credit Form,1000.0,6.0,success,False,2026-08-21T01:43:18.678031+09:00
Credit Format,1000.0,6.0,success,False,2026-08-23T13:05:32.456522+09:00
Credit Frame,10.0,0.0,success,False,2026-08-21T01:38:57.072218+09:00
Credit Fund,590.0,18.0,success,False,2026-08-21T02:27:47.388523+09:00
Credit Gate,30.0,26.0,success,False,2026-08-21T01:40:28.771256+09:00
Credit Graph,170.0,1.0,success,False,2026-08-27T22:13:04.123105+09:00
Credit Grid,30.0,2.0,success,False,2026-08-21T01:38:40.726969+09:00
Credit Guardian,20.0,13.0,success,False,2026-08-28T00:21:35.352628+09:00
Credit Harbor,,,failed,False,2026-08-21T01:42:13.880844+09:00
Credit Helpdesk,,,failed,False,2026-08-27T22:50:47.949618+09:00
Credit Helper,2900.0,66.0,success,False,2026-08-28T00:21:40.685047+09:00
Credit History,8100.0,33.0,success,False,2026-08-21T01:44:05.223042+09:00
Credit Hub,2900.0,26.0,success,False,2026-08-21T01:37:37.070410+09:00
Credit Identifier,390.0,23.0,success,False,2026-08-23T13:05:23.446570+09:00
Credit Index,1000.0,1.0,success,False,2026-08-21T01:35:35.262930+09:00
Credit Installment,2400.0,8.0,success,False,2026-08-23T16:14:40.533655+09:00
Credit Interest,3600.0,2.0,success,False,2026-08-23T13:46:40.614274+09:00
Credit Item,320.0,1.0,success,False,2026-08-21T01:54:25.472983+09:00
Credit Journal,320.0,0.0,success,False,2026-08-21T01:41:16.296353+09:00
Credit Keeper,260.0,45.0,success,False,2026-08-21T01:40:37.729948+09:00
Credit Lab,1900.0,19.0,success,False,2026-08-21T01:39:30.579891+09:00
Credit Ledger,320.0,5.0,success,False,2026-08-21T01:39:12.504942+09:00
Credit Level,1000.0,11.0,success,False,2026-08-21T01:44:14.161023+09:00
Credit Levy,10.0,0.0,success,False,2026-08-23T13:46:43.137504+09:00
Credit Link,2900.0,39.0,success,False,2026-08-23T03:24:46.219726+09:00
Credit List,1300.0,2.0,success,False,2026-08-21T01:35:39.038076+09:00
Credit Loan,18100.0,65.0,success,False,2026-08-21T02:11:23.948204+09:00
Credit Locator,170.0,37.0,success,False,2026-08-21T01:41:30.332578+09:00
Credit Locker,10.0,51.0,success,False,2026-08-21T01:41:44.452509+09:00
Credit Log,8100.0,2.0,success,False,2026-08-21T01:43:12.278953+09:00
Credit Loop,210.0,36.0,success,False,2026-08-21T01:38:35.952865+09:00
Credit Manual,40.0,1.0,success,False,2026-08-27T22:13:09.872881+09:00
Credit Map,140.0,4.0,success,False,2026-08-21T01:38:52.841882+09:00
Credit Memo,12100.0,2.0,success,False,2026-08-21T01:36:47.067872+09:00
Credit Monitor,12100.0,26.0,success,False,2026-08-21T01:40:58.554709+09:00
Credit Nexus,30.0,3.0,success,False,2026-08-21T01:40:31.088878+09:00
Credit Note,49500.0,1.0,success,False,2026-08-21T01:43:45.085248+09:00
Credit Notification,170.0,23.0,success,False,2026-08-27T22:50:35.805109+09:00
Credit Number,1300.0,6.0,success,False,2026-08-23T03:24:40.640287+09:00
Credit Office,880.0,2.0,success,False,2026-08-21T01:41:39.026443+09:00
Credit Ops,480.0,2.0,success,False,2026-08-21T01:41:08.747647+09:00
Credit Order,170.0,1.0,success,False,2026-08-21T01:35:35.262930+09:00
Credit Outline,,,failed,False,2026-08-27T22:29:20.594574+09:00
Credit Overage,,,failed,False,2026-08-27T21:48:49.180539+09:00
Credit Overdraft,210.0,31.0,success,False,2026-08-23T15:51:44.971205+09:00
Credit Overdue,30.0,7.0,success,False,2026-08-27T21:48:42.861590+09:00
Credit Panel,50.0,15.0,success,False,2026-08-21T01:39:59.295312+09:00
Credit Pass,880.0,23.0,success,False,2026-08-21T01:35:39.038076+09:00
Credit Path,320.0,11.0,success,False,2026-08-21T01:38:48.053655+09:00
Credit Payoff,40.0,38.0,success,False,2026-08-27T21:48:46.666341+09:00
Credit Penalty,10.0,0.0,success,False,2026-08-23T16:39:10.446274+09:00
Credit Petition,20.0,0.0,success,False,2026-08-21T01:37:16.023011+09:00
Credit Plan,1000.0,24.0,success,False,2026-08-21T01:54:32.681048+09:00
Credit Planner,1000.0,24.0,success,False,2026-08-21T01:40:50.890695+09:00
Credit Playbook,,,failed,False,2026-08-21T01:41:12.264242+09:00
Credit Point,2900.0,6.0,success,False,2026-08-21T01:38:50.640665+09:00
Credit Portal,5400.0,67.0,success,False,2026-08-21T01:39:49.686792+09:00
Credit Profile,1000.0,45.0,success,False,2026-08-21T01:43:52.896076+09:00
Credit Profit,320.0,13.0,success,False,2026-08-23T02:58:08.701487+09:00
Credit Quota,40.0,2.0,success,False,2026-08-21T01:36:50.253581+09:00
Credit Radar,20.0,25.0,success,False,2026-08-21T01:37:44.630220+09:00
Credit Rail,,,failed,False,2026-08-21T01:40:09.996962+09:00
Credit Rate,27100.0,21.0,success,False,2026-08-21T01:44:20.732547+09:00
Credit Receipt,210.0,4.0,success,False,2026-08-21T01:35:39.038076+09:00
Credit Recorder,,,failed,False,2026-08-27T23:37:16.371136+09:00
Credit Register,1600.0,4.0,success,False,2026-08-21T01:41:06.507181+09:00
Credit Registry,1600.0,4.0,success,False,2026-08-21T01:41:18.223212+09:00
Credit Relay,20.0,34.0,success,False,2026-08-21T01:37:48.907066+09:00
Credit Reminder,10.0,11.0,success,False,2026-08-21T01:35:35.262930+09:00
Credit Report,246000.0,17.0,success,False,2026-08-21T01:43:07.474360+09:00
Credit Repository,50.0,18.0,success,False,2026-08-27T23:16:26.018143+09:00
Credit Ring,27100.0,21.0,success,False,2026-08-21T01:40:23.040836+09:00
Credit Roster,,,failed,False,2026-08-21T01:42:27.221916+09:00
Credit Route,20.0,5.0,success,False,2026-08-21T01:40:07.956384+09:00
Credit Rule,390.0,1.0,success,False,2026-08-23T03:14:39.191196+09:00
Credit Sale,3600.0,1.0,success,False,2026-08-21T02:27:57.187073+09:00
Credit Sample,70.0,1.0,success,False,2026-08-21T01:35:39.038076+09:00
Credit Scale,673000.0,31.0,success,False,2026-08-21T01:40:01.747780+09:00
Credit Score,673000.0,31.0,success,False,2026-08-21T01:43:39.038620+09:00
Credit Sheet,170.0,1.0,success,False,2026-08-21T01:43:27.778790+09:00
Credit Shortfall,170.0,29.0,success,False,2026-08-27T21:48:54.950777+09:00
Credit Signature,50.0,7.0,success,False,2026-08-23T13:27:09.032773+09:00
Credit Slip,590.0,0.0,success,False,2026-08-21T01:35:39.038076+09:00
Credit Slot,140.0,1.0,success,False,2026-08-21T01:35:39.038076+09:00
Credit Stake,,,failed,False,2026-08-23T02:58:14.811642+09:00
Credit Statement,2900.0,2.0,success,False,2026-08-21T01:36:42.310879+09:00
Credit Station,720.0,29.0,success,False,2026-08-21T01:39:32.953570+09:00
Credit Status,590.0,27.0,success,False,2026-08-21T01:43:56.070004+09:00
Credit Stipend,,,failed,False,2026-08-23T13:46:45.487661+09:00
Credit Stub,,,failed,False,2026-08-21T01:36:36.837653+09:00
Credit Studio,480.0,14.0,success,False,2026-08-21T01:39:25.000691+09:00
Credit Sum,10.0,29.0,success,False,2026-08-21T02:27:38.390107+09:00
Credit Summary,170.0,27.0,success,False,2026-08-21T01:44:35.810594+09:00
Credit Tab,40.0,4.0,success,False,2026-08-21T01:36:55.107278+09:00
Credit Table,140.0,3.0,success,False,2026-08-21T01:35:39.038076+09:00
Credit Tag,30.0,0.0,success,False,2026-08-21T01:43:47.346655+09:00
Credit Tariff,,,failed,False,2026-08-21T02:44:07.576254+09:00
Credit Tax,40500.0,10.0,success,False,2026-08-21T02:11:18.638927+09:00
Credit Terminal,70.0,59.0,success,False,2026-08-21T01:39:38.707543+09:00
Credit Ticket,210.0,3.0,success,False,2026-08-21T01:35:35.262930+09:00
Credit Timeline,30.0,12.0,success,False,2026-08-21T01:35:35.262930+09:00
Credit Token,260.0,3.0,success,False,2026-08-23T13:27:09.032773+09:00
Credit Toll,10.0,0.0,success,False,2026-08-21T02:44:02.769477+09:00
Credit Toolbox,,,failed,False,2026-08-28T00:21:38.214311+09:00
Credit Total,2900.0,15.0,success,False,2026-08-27T23:16:21.897779+09:00
Credit Tracker,1000.0,47.0,success,False,2026-08-21T01:37:30.941685+09:00
Credit Trial,50.0,8.0,success,False,2026-08-27T21:17:40.328757+09:00
Credit Unit,590.0,25.0,success,False,2026-08-21T01:54:29.413822+09:00
Credit Update,170.0,20.0,success,False,2026-08-21T01:44:23.485240+09:00
Credit Value,1900.0,1.0,success,False,2026-08-23T02:58:11.410981+09:00
Credit Vault,480.0,10.0,success,False,2026-08-21T01:37:55.040790+09:00
Credit Version,5400.0,13.0,success,False,2026-08-23T03:24:42.957554+09:00
Credit View,2900.0,39.0,success,False,2026-08-21T01:44:01.894856+09:00
Credit Voucher,2400.0,3.0,success,False,2026-08-21T01:35:39.038076+09:00
Credit Wallet,4400.0,22.0,success,False,2026-08-27T22:50:43.878395+09:00
Credit Wave,140.0,29.0,success,False,2026-08-21T01:38:42.867462+09:00
Credit Widget,,,failed,False,2026-08-27T23:16:21.897779+09:00
Credit Worksheet,40.0,0.0,success,False,2026-08-27T22:13:13.048056+09:00
Credit Workshop,20.0,0.0,success,False,2026-08-28T00:21:32.683664+09:00
Credit Zone,590.0,15.0,success,False,2026-08-21T01:39:47.385700+09:00
Crew Advance,,,failed,False,2026-08-23T16:12:15.158683+09:00
Crew Advisory,,,failed,False,2026-08-21T00:58:22.319025+09:00
Crew Allowance,10.0,0.0,success,False,2026-08-21T02:37:31.175739+09:00
Crew Almanac,,,failed,False,2026-08-18T22:02:54.576094+09:00
Crew Analyzer,,,failed,False,2026-08-27T23:52:02.296949+09:00
Crew Anchor,880.0,98.0,success,False,2026-08-17T20:31:46.547401+09:00
Crew Announcement,50.0,0.0,success,False,2026-08-27T23:32:06.818889+09:00
Crew Arrears,,,failed,False,2026-08-23T16:12:15.158683+09:00
Crew Assistant,210.0,0.0,success,False,2026-08-17T23:03:37.118721+09:00
Crew Atlas,10.0,0.0,success,False,2026-08-17T21:31:15.457583+09:00
Crew Badge,210.0,33.0,success,False,2026-08-21T00:27:39.908231+09:00
Crew Balance,20.0,18.0,success,False,2026-08-23T13:45:36.815787+09:00
Crew Base,320.0,1.0,success,False,2026-08-17T20:45:55.190861+09:00
Crew Beacon,,,failed,False,2026-08-17T20:35:50.076535+09:00
Crew Bill,,,failed,False,2026-08-19T21:49:11.434209+09:00
Crew Blueprint,,,failed,False,2026-08-18T22:02:44.404885+09:00
Crew Board,170.0,1.0,success,False,2026-08-17T20:43:15.863986+09:00
Crew Book,210.0,3.0,success,False,2026-08-19T21:50:06.175762+09:00
Crew Bridge,10.0,0.0,success,False,2026-08-17T20:32:57.689274+09:00
Crew Brief,880.0,2.0,success,False,2026-08-21T01:00:52.686966+09:00
Crew Bulletin,,,failed,False,2026-08-21T01:00:50.612821+09:00
Crew Calculator,20.0,1.0,success,False,2026-08-27T23:32:06.818889+09:00
Crew Calendar,50.0,17.0,success,False,2026-08-18T23:58:32.218218+09:00
Crew Card,880.0,2.0,success,False,2026-08-19T13:23:19.735168+09:00
Crew Cascade,,,failed,False,2026-08-17T20:34:01.116253+09:00
Crew Cash,30.0,2.0,success,False,2026-08-21T02:21:23.135425+09:00
Crew Cashback,,,failed,False,2026-08-27T21:14:56.322045+09:00
Crew Catalog,10.0,100.0,success,False,2026-08-19T21:04:58.271286+09:00
Crew Center,1300.0,0.0,success,True,2026-08-17T20:38:11.520193+09:00
Crew Chain,320.0,9.0,success,False,2026-08-17T21:36:36.847955+09:00
Crew Charge,10.0,0.0,success,False,2026-08-21T02:37:15.297674+09:00
Crew Check,140.0,4.0,success,False,2026-08-19T13:23:46.954730+09:00
Crew Checker,40.0,0.0,success,False,2026-08-27T23:51:54.683905+09:00
Crew Checklist,10.0,0.0,success,False,2026-08-19T21:03:51.507952+09:00
Crew Circular,,,failed,False,2026-08-21T01:02:52.646086+09:00
Crew Cockpit,320.0,0.0,success,False,2026-08-17T23:04:36.399044+09:00
Crew Code,170.0,34.0,success,False,2026-08-19T21:49:32.440919+09:00
Crew Codex,,,failed,False,2026-08-18T22:03:16.704658+09:00
Crew Companion,170.0,0.0,success,False,2026-08-17T23:10:40.836813+09:00
Crew Comparison,,,failed,False,2026-08-28T01:03:14.001062+09:00
Crew Compass,260.0,1.0,success,False,2026-08-17T20:36:48.387810+09:00
Crew Compendium,,,failed,False,2026-08-18T22:03:05.761687+09:00
Crew Confirmation,,,failed,False,2026-08-21T00:58:34.367334+09:00
Crew Console,210.0,42.0,success,False,2026-08-17T20:35:19.683482+09:00
Crew Contribution,,,failed,False,2026-08-23T16:12:10.819899+09:00
Crew Core,110.0,9.0,success,False,2026-08-17T20:45:09.617976+09:00
Crew Cost,210.0,15.0,success,False,2026-08-21T02:06:01.492109+09:00
Crew Count,70.0,0.0,success,False,2026-08-27T22:44:19.444390+09:00
Crew Counter,70.0,0.0,success,False,2026-08-18T23:59:24.120788+09:00
Crew Coupon,1300.0,78.0,success,False,2026-08-27T21:14:54.146372+09:00
Crew Dashboard,30.0,14.0,success,False,2026-08-17T22:49:19.411310+09:00
Crew Deal,,,failed,False,2026-08-21T01:49:57.762710+09:00
Crew Debt,,,failed,False,2026-08-21T02:21:16.859864+09:00
Crew Deck,170.0,2.0,success,False,2026-08-17T20:42:18.152107+09:00
Crew Depot,390.0,1.0,success,False,2026-08-18T23:59:06.121375+09:00
Crew Desk,40.0,4.0,success,False,2026-08-17T20:40:26.535789+09:00
Crew Detail,,,failed,False,2026-08-23T03:16:07.985751+09:00
Crew Detector,,,failed,False,2026-08-27T23:51:57.345982+09:00
Crew Diagram,,,failed,False,2026-08-27T22:09:16.229025+09:00
Crew Dial,,,failed,False,2026-08-17T20:33:30.325030+09:00
Crew Digest,,,failed,False,2026-08-19T20:38:30.453873+09:00
Crew Directory,30.0,2.0,success,False,2026-08-18T23:58:41.085151+09:00
Crew Discount,170.0,67.0,success,False,2026-08-23T16:12:08.472275+09:00
Crew Dock,720.0,17.0,success,False,2026-08-17T21:41:14.862117+09:00
Crew Dossier,,,failed,False,2026-08-21T00:58:38.777262+09:00
Crew Draft,,,failed,False,2026-08-19T20:38:50.239529+09:00
Crew Due,,,failed,False,2026-08-23T15:50:42.648286+09:00
Crew Duty,210.0,0.0,success,False,2026-08-21T02:37:19.204094+09:00
Crew Engine,140.0,0.0,success,False,2026-08-17T23:09:15.899406+09:00
Crew Entry,10.0,0.0,success,False,2026-08-21T00:58:52.318728+09:00
Crew Estimate,,,failed,False,2026-08-19T21:04:44.071622+09:00
Crew Estimator,,,failed,False,2026-08-27T23:51:54.683905+09:00
Crew Excerpt,,,failed,False,2026-08-21T00:58:47.378244+09:00
Crew Extension,,,failed,False,2026-08-23T16:37:52.353259+09:00
Crew Fare,70.0,1.0,success,False,2026-08-21T02:06:11.713342+09:00
Crew Fee,,,failed,False,2026-08-21T01:51:12.065747+09:00
Crew Feed,,,failed,False,2026-08-19T20:38:39.383467+09:00
Crew Field,30.0,1.0,success,False,2026-08-23T13:05:39.073326+09:00
Crew File,10.0,0.0,success,False,2026-08-19T20:37:57.270685+09:00
Crew Finder,1600.0,15.0,success,False,2026-08-18T23:58:57.268328+09:00
Crew Fine,,,failed,False,2026-08-23T02:53:02.917433+09:00
Crew Flag,260.0,33.0,success,False,2026-08-21T00:28:32.365756+09:00
Crew Flow,50.0,3.0,success,False,2026-08-17T20:42:47.401639+09:00
Crew Forge,,,failed,False,2026-08-17T20:34:48.922886+09:00
Crew Form,50.0,62.0,success,False,2026-08-19T13:23:05.373596+09:00
Crew Format,,,failed,False,2026-08-23T13:05:41.403029+09:00
Crew Frame,260.0,25.0,success,False,2026-08-17T20:47:04.642239+09:00
Crew Fund,210.0,1.0,success,False,2026-08-21T02:21:19.910090+09:00
Crew Gate,30.0,0.0,success,False,2026-08-17T21:33:26.536272+09:00
Crew Generator,10.0,0.0,success,False,2026-08-27T23:32:20.228429+09:00
Crew Giveaway,,,failed,False,2026-08-27T21:15:01.645543+09:00
Crew Grade,,,failed,False,2026-08-21T00:28:11.670318+09:00
Crew Graph,,,failed,False,2026-08-27T22:09:07.960139+09:00
Crew Grid,10.0,0.0,success,False,2026-08-17T21:37:05.127331+09:00
Crew Guarantee,,,failed,False,2026-08-28T01:03:25.191639+09:00
Crew Guard,90.0,97.0,success,False,2026-08-17T20:45:33.619281+09:00
Crew Guardian,20.0,0.0,success,False,2026-08-28T00:22:21.008845+09:00
Crew Guidebook,,,failed,False,2026-08-18T21:06:03.853095+09:00
Crew Helpdesk,,,failed,False,2026-08-27T22:44:19.444390+09:00
Crew Helper,70.0,0.0,success,False,2026-08-28T00:22:23.551401+09:00
Crew History,20.0,0.0,success,False,2026-08-19T20:37:49.991412+09:00
Crew Hotline,,,failed,False,2026-08-19T21:05:07.680797+09:00
Crew Hub,590.0,0.0,success,False,2026-08-17T20:41:58.937145+09:00
Crew Identifier,,,failed,False,2026-08-23T13:05:32.456522+09:00
Crew Incentive,30.0,14.0,success,False,2026-08-27T21:14:58.792070+09:00
Crew Index,10.0,0.0,success,False,2026-08-19T21:04:04.689181+09:00
Crew Insight,10.0,0.0,success,False,2026-08-17T23:05:17.262710+09:00
Crew Installment,,,failed,False,2026-08-23T16:12:10.819899+09:00
Crew Item,20.0,3.0,success,False,2026-08-21T01:51:08.406585+09:00
Crew Journal,,,failed,False,2026-08-18T22:06:54.214613+09:00
Crew Keeper,10.0,0.0,success,False,2026-08-17T20:47:45.474295+09:00
Crew Kit,90.0,12.0,success,False,2026-08-27T22:44:11.984469+09:00
Crew Lab,320.0,1.0,success,False,2026-08-17T20:40:48.754907+09:00
Crew Label,50.0,29.0,success,False,2026-08-27T22:09:13.645963+09:00
Crew Ledger,,,failed,False,2026-08-17T20:44:09.032273+09:00
Crew Lens,,,failed,False,2026-08-17T20:48:23.905428+09:00
Crew Level,30.0,0.0,success,False,2026-08-19T20:38:05.655570+09:00
Crew Link,9900.0,1.0,success,False,2026-08-23T03:15:59.188624+09:00
Crew List,2400.0,1.0,success,False,2026-08-19T21:49:41.666387+09:00
Crew Loan,,,failed,False,2026-08-21T02:06:27.364500+09:00
Crew Locator,,,failed,False,2026-08-18T23:58:49.693970+09:00
Crew Lock,30.0,0.0,success,False,2026-08-17T21:31:49.761986+09:00
Crew Log,210.0,14.0,success,False,2026-08-19T13:22:55.768758+09:00
Crew Loop,10.0,0.0,success,False,2026-08-17T21:38:15.647846+09:00
Crew Manager,1000.0,2.0,success,False,2026-08-17T20:46:26.563596+09:00
Crew Manual,70.0,0.0,success,False,2026-08-27T22:09:13.645963+09:00
Crew Map,320.0,0.0,success,False,2026-08-17T21:30:38.829852+09:00
Crew Markup,,,failed,False,2026-08-23T16:37:47.617319+09:00
Crew Memo,20.0,2.0,success,False,2026-08-21T00:28:17.964653+09:00
Crew Message,20.0,5.0,success,False,2026-08-27T23:10:09.258839+09:00
Crew Meter,,,failed,False,2026-08-17T20:32:21.226449+09:00
Crew Metrics,,,failed,False,2026-08-17T23:09:00.584407+09:00
Crew Monitor,30.0,23.0,success,False,2026-08-17T23:04:42.962346+09:00
Crew Navigator,50.0,2.0,success,False,2026-08-17T23:07:11.054257+09:00
Crew Nexus,,,failed,False,2026-08-17T21:32:25.465592+09:00
Crew Node,,,failed,False,2026-08-17T21:34:29.947705+09:00
Crew Note,10.0,0.0,success,False,2026-08-19T13:20:50.883072+09:00
Crew Notification,,,failed,False,2026-08-27T22:44:08.062899+09:00
Crew Number,50.0,0.0,success,False,2026-08-23T03:15:49.113628+09:00
Crew Office,390.0,2.0,success,False,2026-08-18T23:59:14.499030+09:00
Crew Ops,10.0,1.0,success,False,2026-08-17T23:05:06.987834+09:00
Crew Order,50.0,79.0,success,False,2026-08-19T21:48:58.615287+09:00
Crew Organizer,20.0,65.0,success,False,2026-08-17T23:10:52.063537+09:00
Crew Overage,,,failed,False,2026-08-27T21:46:34.931324+09:00
Crew Overdraft,,,failed,False,2026-08-23T15:50:44.796371+09:00
Crew Panel,40.0,0.0,success,False,2026-08-17T20:34:23.568448+09:00
Crew Pass,1000.0,5.0,success,False,2026-08-21T00:27:24.500136+09:00
Crew Passport,30.0,1.0,success,False,2026-08-19T12:22:47.160144+09:00
Crew Path,,,failed,False,2026-08-17T21:33:59.802696+09:00
Crew Petition,10.0,,success,False,2026-08-21T00:58:27.692575+09:00
Crew Pilot,1300.0,1.0,success,False,2026-08-17T20:41:09.985510+09:00
Crew Plan,210.0,10.0,success,False,2026-08-21T01:51:29.207159+09:00
Crew Planner,320.0,12.0,success,False,2026-08-17T23:03:37.118721+09:00
Crew Playbook,,,failed,False,2026-08-18T22:06:45.698700+09:00
Crew Point,880.0,0.0,success,False,2026-08-17T21:33:00.443260+09:00
Crew Portal,49500.0,0.0,success,True,2026-08-17T20:36:17.521162+09:00
Crew Profile,90.0,0.0,success,False,2026-08-19T13:21:40.944519+09:00
Crew Profit,,,failed,False,2026-08-23T02:52:54.203392+09:00
Crew Proposal,,,failed,False,2026-08-28T01:03:21.195109+09:00
Crew Pulse,390.0,1.0,success,False,2026-08-17T21:36:07.544663+09:00
Crew Queue,,,failed,False,2026-08-19T21:04:31.572257+09:00
Crew Quota,,,failed,False,2026-08-21T00:28:26.135871+09:00
Crew Radar,,,failed,False,2026-08-17T20:39:32.550443+09:00
Crew Rail,,,failed,False,2026-08-17T21:39:05.774100+09:00
Crew Rank,140.0,0.0,success,False,2026-08-28T00:46:27.391148+09:00
Crew Rate,90.0,0.0,success,False,2026-08-19T20:38:12.818207+09:00
Crew Recap,10.0,0.0,success,False,2026-08-21T00:59:26.114490+09:00
Crew Receipt,,,failed,False,2026-08-19T21:49:21.504748+09:00
Crew Recorder,,,failed,False,2026-08-27T23:32:26.212741+09:00
Crew Register,40.0,0.0,success,False,2026-08-17T23:06:26.824049+09:00
Crew Registry,,,failed,False,2026-08-18T22:02:33.707465+09:00
Crew Relay,,,failed,False,2026-08-17T20:38:36.286112+09:00
Crew Reminder,,,failed,False,2026-08-19T21:03:36.529171+09:00
Crew Report,210.0,0.0,success,False,2026-08-19T13:22:04.691766+09:00
Crew Repository,390.0,0.0,success,False,2026-08-27T23:10:17.409830+09:00
Crew Roadmap,,,failed,False,2026-08-18T22:03:28.331445+09:00
Crew Roster,720.0,1.0,success,False,2026-08-19T00:36:42.974778+09:00
Crew Route,,,failed,False,2026-08-18T07:52:33.463903+09:00
Crew Rule,,,failed,False,2026-08-23T03:16:04.926690+09:00
Crew Sale,2400.0,100.0,success,False,2026-08-21T02:21:30.317993+09:00
Crew Sample,30.0,0.0,success,False,2026-08-19T21:50:33.278837+09:00
Crew Scale,10.0,13.0,success,False,2026-08-18T07:52:23.466246+09:00
Crew Scheduler,3600.0,28.0,success,False,2026-08-17T23:07:22.346415+09:00
Crew Scope,,,failed,False,2026-08-17T21:39:44.948189+09:00
Crew Score,1000.0,0.0,success,True,2026-08-19T13:24:10.018965+09:00
Crew Sentry,,,failed,False,2026-08-17T21:30:05.905035+09:00
Crew Sheet,90.0,2.0,success,False,2026-08-19T13:23:28.561494+09:00
Crew Shortfall,,,failed,False,2026-08-27T21:46:34.931324+09:00
Crew Signal,,,failed,False,2026-08-18T07:43:44.841764+09:00
Crew Signature,10.0,0.0,success,False,2026-08-23T13:26:17.496993+09:00
Crew Slip,,,failed,False,2026-08-19T21:50:19.457736+09:00
Crew Slot,20.0,5.0,success,False,2026-08-19T21:50:44.390054+09:00
Crew Snapshot,,,failed,False,2026-08-18T21:06:03.853095+09:00
Crew Stake,,,failed,False,2026-08-23T02:52:59.926815+09:00
Crew Stamp,,,failed,False,2026-08-23T13:26:19.905298+09:00
Crew Statement,10.0,0.0,success,False,2026-08-21T00:27:55.902205+09:00
Crew Station,8100.0,3.0,success,False,2026-08-17T20:40:01.743309+09:00
Crew Status,590.0,0.0,success,False,2026-08-19T20:37:34.944185+09:00
Crew Stipend,,,failed,False,2026-08-23T13:45:39.021067+09:00
Crew Stub,,,failed,False,2026-08-21T00:27:48.036654+09:00
Crew Studio,1000.0,2.0,success,False,2026-08-17T20:41:35.724700+09:00
Crew Subsidy,,,failed,False,2026-08-23T15:50:44.796371+09:00
Crew Suite,,,failed,False,2026-08-17T23:05:27.218902+09:00
Crew Sum,,,failed,False,2026-08-21T02:21:14.623269+09:00
Crew Summary,10.0,0.0,success,False,2026-08-19T21:05:41.663242+09:00
Crew Surtax,,,failed,False,2026-08-23T15:50:46.818166+09:00
Crew Sync,20.0,8.0,success,False,2026-08-17T20:43:42.299051+09:00
Crew Tab,,,failed,False,2026-08-21T00:28:42.115555+09:00
Crew Table,30.0,24.0,success,False,2026-08-19T21:49:55.952193+09:00
Crew Tag,720.0,79.0,success,False,2026-08-19T13:20:58.742668+09:00
Crew Tally,10.0,0.0,success,False,2026-08-21T00:28:00.116915+09:00
Crew Tariff,,,failed,False,2026-08-21T02:37:35.054521+09:00
Crew Tax,210.0,4.0,success,False,2026-08-21T02:06:22.333595+09:00
Crew Ticket,720.0,64.0,success,False,2026-08-19T21:04:17.654082+09:00
Crew Tier,,,failed,False,2026-08-28T00:46:24.719309+09:00
Crew Timeline,,,failed,False,2026-08-19T21:03:21.176777+09:00
Crew Timer,5400.0,0.0,success,True,2026-08-28T00:22:15.974518+09:00
Crew Token,20.0,0.0,success,False,2026-08-23T13:26:17.496993+09:00
Crew Toll,20.0,0.0,success,False,2026-08-21T02:37:27.000959+09:00
Crew Toolbox,,,failed,False,2026-08-28T00:22:23.551401+09:00
Crew Toolkit,,,failed,False,2026-08-18T22:06:37.464016+09:00
Crew Total,,,failed,False,2026-08-27T23:10:12.340839+09:00
Crew Tracker,1300.0,35.0,success,False,2026-08-17T20:44:29.668652+09:00
Crew Trail,20.0,0.0,success,False,2026-08-17T21:37:44.992622+09:00
Crew Trend,10.0,,success,False,2026-08-28T01:03:11.397241+09:00
Crew Trial,10.0,0.0,success,False,2026-08-27T21:14:56.322045+09:00
Crew Unit,20.0,1.0,success,False,2026-08-21T01:51:22.429358+09:00
Crew Update,30.0,0.0,success,False,2026-08-19T20:38:22.141016+09:00
Crew Value,,,failed,False,2026-08-23T02:52:56.566002+09:00
Crew Vault,10.0,0.0,success,False,2026-08-17T20:37:47.401646+09:00
Crew Version,10.0,0.0,success,False,2026-08-23T03:15:55.657138+09:00
Crew View,390.0,0.0,success,False,2026-08-19T20:37:42.979136+09:00
Crew Voucher,90.0,48.0,success,False,2026-08-21T00:27:32.429911+09:00
Crew Watch,140.0,42.0,success,False,2026-08-17T21:41:44.845375+09:00
Crew Wave,140.0,1.0,success,False,2026-08-17T21:35:02.943607+09:00
Crew Widget,,,failed,False,2026-08-27T23:10:14.890839+09:00
Crew Workbench,,,failed,False,2026-08-18T22:06:27.903433+09:00
Crew Worksheet,,,failed,False,2026-08-27T22:09:16.229025+09:00
Crew Workshop,50.0,0.0,success,False,2026-08-28T00:22:18.393624+09:00
Crew Zone,1900.0,1.0,success,False,2026-08-17T20:37:16.947301+09:00
Crop Advance,,,failed,False,2026-08-23T16:16:41.227574+09:00
Crop Advisory,110.0,0.0,success,False,2026-08-21T01:03:12.514083+09:00
Crop Allowance,,,failed,False,2026-08-21T02:42:41.863985+09:00
Crop Almanac,,,failed,False,2026-08-18T22:11:43.174107+09:00
Crop Analyzer,140.0,0.0,success,False,2026-08-27T23:51:04.044510+09:00
Crop Anchor,,,failed,False,2026-08-17T20:45:26.162726+09:00
Crop Announcement,,,failed,False,2026-08-27T23:37:16.371136+09:00
Crop Arrears,,,failed,False,2026-08-23T16:16:41.227574+09:00
Crop Asset,,,failed,False,2026-08-23T13:48:06.578216+09:00
Crop Assistant,,,failed,False,2026-08-17T23:27:41.420797+09:00
Crop Atlas,,,failed,False,2026-08-17T20:36:08.746361+09:00
Crop Attribute,,,failed,False,2026-08-23T13:08:48.797339+09:00
Crop Badge,,,failed,False,2026-08-21T00:29:30.583044+09:00
Crop Base,70.0,56.0,success,False,2026-08-17T20:32:46.505342+09:00
Crop Beacon,,,failed,False,2026-08-17T21:31:02.177338+09:00
Crop Bill,50.0,0.0,success,False,2026-08-19T21:50:19.457736+09:00
Crop Blueprint,,,failed,False,2026-08-18T22:11:34.911588+09:00
Crop Board,40.0,8.0,success,False,2026-08-17T21:41:34.183941+09:00
Crop Book,480.0,2.0,success,False,2026-08-19T21:51:13.518825+09:00
Crop Bridge,10.0,0.0,success,False,2026-08-17T20:46:16.531586+09:00
Crop Brief,,,failed,False,2026-08-21T01:02:15.382494+09:00
Crop Bulletin,,,failed,False,2026-08-21T01:02:13.283707+09:00
Crop Calculator,210.0,1.0,success,False,2026-08-27T23:31:14.136748+09:00
Crop Calendar,1600.0,1.0,success,False,2026-08-19T00:05:16.956026+09:00
Crop Card,170.0,5.0,success,False,2026-08-19T13:37:57.164882+09:00
Crop Cascade,,,failed,False,2026-08-17T20:47:28.313560+09:00
Crop Cash,49500.0,0.0,success,True,2026-08-21T02:27:02.067893+09:00
Crop Cashback,,,failed,False,2026-08-27T21:19:31.239406+09:00
Crop Catalog,10.0,0.0,success,False,2026-08-19T21:07:00.753456+09:00
Crop Category,140.0,0.0,success,False,2026-08-23T13:08:46.542285+09:00
Crop Center,90.0,1.0,success,False,2026-08-17T21:33:45.075228+09:00
Crop Chain,110.0,11.0,success,False,2026-08-17T20:40:42.163784+09:00
Crop Charge,,,failed,False,2026-08-21T02:42:34.441538+09:00
Crop Check,50.0,2.0,success,False,2026-08-19T13:38:30.096101+09:00
Crop Checker,,,failed,False,2026-08-27T23:50:52.077690+09:00
Crop Checklist,,,failed,False,2026-08-19T21:06:08.303688+09:00
Crop Circular,90500.0,1.0,success,False,2026-08-21T01:03:06.374945+09:00
Crop Cockpit,,,failed,False,2026-08-17T23:06:09.735984+09:00
Crop Code,90.0,0.0,success,False,2026-08-19T21:50:41.490993+09:00
Crop Codex,,,failed,False,2026-08-18T22:12:02.089704+09:00
Crop Companion,20.0,0.0,success,False,2026-08-17T23:29:03.554808+09:00
Crop Comparison,,,failed,False,2026-08-28T01:02:01.499945+09:00
Crop Compass,30.0,2.0,success,False,2026-08-17T21:32:15.070878+09:00
Crop Compendium,10.0,0.0,success,False,2026-08-18T22:11:49.715981+09:00
Crop Confirmation,,,failed,False,2026-08-21T01:03:20.927802+09:00
Crop Console,,,failed,False,2026-08-17T21:30:30.781560+09:00
Crop Converter,90.0,4.0,success,False,2026-08-27T23:31:14.136748+09:00
Crop Core,30.0,0.0,success,False,2026-08-17T20:31:35.680631+09:00
Crop Cost,30.0,0.0,success,False,2026-08-21T02:11:15.261095+09:00
Crop Count,20.0,1.0,success,False,2026-08-27T22:51:39.171829+09:00
Crop Counter,,,failed,False,2026-08-18T23:57:22.753165+09:00
Crop Coupon,,,failed,False,2026-08-27T21:19:28.438229+09:00
Crop Dashboard,30.0,2.0,success,False,2026-08-17T23:28:43.740452+09:00
Crop Deal,,,failed,False,2026-08-21T01:55:41.069694+09:00
Crop Debt,,,failed,False,2026-08-21T02:26:56.391999+09:00
Crop Deck,260.0,0.0,success,False,2026-08-17T21:39:34.435552+09:00
Crop Depot,,,failed,False,2026-08-18T23:52:29.838132+09:00
Crop Desk,,,failed,False,2026-08-17T21:36:28.444275+09:00
Crop Detail,170.0,1.0,success,False,2026-08-23T03:22:03.644415+09:00
Crop Detector,,,failed,False,2026-08-27T23:51:00.030552+09:00
Crop Diagram,140.0,0.0,success,False,2026-08-27T22:15:12.426690+09:00
Crop Dial,,,failed,False,2026-08-17T20:46:53.844827+09:00
Crop Digest,,,failed,False,2026-08-19T20:37:28.019595+09:00
Crop Directory,,,failed,False,2026-08-19T00:05:21.948366+09:00
Crop Discount,,,failed,False,2026-08-23T16:16:38.945846+09:00
Crop Dock,10.0,0.0,success,False,2026-08-17T20:43:08.098438+09:00
Crop Dossier,,,failed,False,2026-08-21T01:03:25.375031+09:00
Crop Downpayment,,,failed,False,2026-08-27T21:50:26.760837+09:00
Crop Draft,,,failed,False,2026-08-19T20:37:45.715949+09:00
Crop Due,,,failed,False,2026-08-23T15:52:46.857399+09:00
Crop Duty,10.0,0.0,success,False,2026-08-21T02:42:36.894313+09:00
Crop Engine,20.0,0.0,success,False,2026-08-17T23:15:05.132671+09:00
Crop Entry,10.0,0.0,success,False,2026-08-21T01:03:40.572054+09:00
Crop Estimate,480.0,1.0,success,False,2026-08-19T21:06:49.674751+09:00
Crop Estimator,,,failed,False,2026-08-27T23:50:52.077690+09:00
Crop Excerpt,,,failed,False,2026-08-21T01:03:36.375895+09:00
Crop Fare,10.0,0.0,success,False,2026-08-21T02:11:23.948204+09:00
Crop Fee,,,failed,False,2026-08-21T01:55:33.628108+09:00
Crop Feed,210.0,19.0,success,False,2026-08-19T20:37:37.988161+09:00
Crop Field,4400.0,2.0,success,False,2026-08-23T13:08:51.704947+09:00
Crop File,880.0,6.0,success,False,2026-08-19T20:49:25.973595+09:00
Crop Finder,90.0,0.0,success,False,2026-08-19T00:05:31.654702+09:00
Crop Fine,,,failed,False,2026-08-23T02:56:59.964563+09:00
Crop Flag,20.0,21.0,success,False,2026-08-21T00:30:19.986675+09:00
Crop Flow,30.0,3.0,success,False,2026-08-17T21:40:59.899740+09:00
Crop Forge,,,failed,False,2026-08-17T20:49:39.030080+09:00
Crop Form,40.0,6.0,success,False,2026-08-19T13:37:46.745101+09:00
Crop Format,20.0,0.0,success,False,2026-08-23T13:08:53.842629+09:00
Crop Frame,720.0,10.0,success,False,2026-08-17T20:33:48.971139+09:00
Crop Fund,50.0,6.0,success,False,2026-08-21T02:26:59.463760+09:00
Crop Gate,,,failed,False,2026-08-17T20:38:04.703276+09:00
Crop Generator,40.0,12.0,success,False,2026-08-27T23:31:16.874593+09:00
Crop Giveaway,,,failed,False,2026-08-27T21:19:33.782503+09:00
Crop Grade,,,failed,False,2026-08-21T00:29:58.685573+09:00
Crop Graph,10.0,0.0,success,False,2026-08-27T22:14:59.305692+09:00
Crop Grid,320.0,2.0,success,False,2026-08-17T20:41:03.029394+09:00
Crop Guarantee,,,failed,False,2026-08-28T01:02:07.599938+09:00
Crop Guard,480.0,9.0,success,False,2026-08-17T20:32:08.584337+09:00
Crop Guardian,10.0,20.0,success,False,2026-08-28T00:21:11.601666+09:00
Crop Guidebook,,,failed,False,2026-08-18T22:11:16.114719+09:00
Crop Helpdesk,,,failed,False,2026-08-27T22:51:42.060485+09:00
Crop Helper,,,failed,False,2026-08-28T00:21:17.081309+09:00
Crop History,50.0,4.0,success,False,2026-08-19T20:49:19.848949+09:00
Crop Hotline,,,failed,False,2026-08-19T21:07:13.159437+09:00
Crop Hub,90.0,0.0,success,False,2026-08-17T21:38:40.825363+09:00
Crop Identifier,320.0,14.0,success,False,2026-08-23T13:08:42.186526+09:00
Crop Incentive,,,failed,False,2026-08-27T21:19:33.782503+09:00
Crop Index,260.0,0.0,success,False,2026-08-19T21:06:20.590100+09:00
Crop Insight,,,failed,False,2026-08-17T23:11:32.053287+09:00
Crop Installment,,,failed,False,2026-08-23T16:16:38.945846+09:00
Crop Item,170.0,1.0,success,False,2026-08-21T01:55:42.683026+09:00
Crop Journal,480.0,2.0,success,False,2026-08-18T22:11:01.803326+09:00
Crop Keeper,30.0,3.0,success,False,2026-08-17T20:34:18.335664+09:00
Crop Kit,90.0,100.0,success,False,2026-08-27T22:51:36.322343+09:00
Crop Lab,2900.0,6.0,success,False,2026-08-17T21:36:54.710856+09:00
Crop Label,9900.0,0.0,success,True,2026-08-27T22:14:59.305692+09:00
Crop Layout,40.0,0.0,success,False,2026-08-27T22:29:30.000621+09:00
Crop Ledger,,,failed,False,2026-08-18T07:53:01.701423+09:00
Crop Lens,140.0,58.0,success,False,2026-08-17T20:34:42.726088+09:00
Crop Level,140.0,0.0,success,False,2026-08-19T20:49:32.682801+09:00
Crop Levy,,,failed,False,2026-08-23T13:48:06.578216+09:00
Crop Link,720.0,3.0,success,False,2026-08-23T03:21:54.482997+09:00
Crop List,1000.0,1.0,success,False,2026-08-19T21:50:52.634082+09:00
Crop Loan,1900.0,0.0,success,True,2026-08-21T02:11:30.479876+09:00
Crop Locator,,,failed,False,2026-08-19T00:05:27.512092+09:00
Crop Lock,70.0,5.0,success,False,2026-08-17T20:36:39.507807+09:00
Crop Log,390.0,0.0,success,False,2026-08-19T13:37:39.358157+09:00
Crop Loop,,,failed,False,2026-08-17T20:41:53.253624+09:00
Crop Manager,1300.0,11.0,success,False,2026-08-17T20:33:21.754611+09:00
Crop Manual,90.0,4.0,success,False,2026-08-27T22:15:03.740456+09:00
Crop Map,880.0,1.0,success,False,2026-08-17T20:35:40.356029+09:00
Crop Margin,,,failed,False,2026-08-23T02:56:53.736848+09:00
Crop Marker,3600.0,0.0,success,True,2026-08-23T13:28:03.127667+09:00
Crop Markup,20.0,0.0,success,False,2026-08-23T16:40:09.543730+09:00
Crop Memo,,,failed,False,2026-08-21T00:30:03.627747+09:00
Crop Message,30.0,1.0,success,False,2026-08-27T23:16:51.144125+09:00
Crop Meter,20.0,1.0,success,False,2026-08-17T20:45:50.172264+09:00
Crop Metrics,20.0,11.0,success,False,2026-08-17T23:28:22.691550+09:00
Crop Monitor,1300.0,11.0,success,False,2026-08-17T23:28:07.981645+09:00
Crop Navigator,,,failed,False,2026-08-17T23:13:11.418966+09:00
Crop Nexus,20.0,3.0,success,False,2026-08-17T20:37:08.027448+09:00
Crop Node,,,failed,False,2026-08-17T20:38:58.199942+09:00
Crop Note,20.0,2.0,success,False,2026-08-19T13:39:03.234764+09:00
Crop Notification,,,failed,False,2026-08-27T22:51:33.320373+09:00
Crop Number,40.0,0.0,success,False,2026-08-23T03:21:47.880193+09:00
Crop Office,30.0,0.0,success,False,2026-08-18T23:57:13.406878+09:00
Crop Ops,720.0,43.0,success,False,2026-08-17T23:29:20.352796+09:00
Crop Order,140.0,0.0,success,False,2026-08-19T21:50:06.175762+09:00
Crop Organizer,,,failed,False,2026-08-17T23:04:17.256447+09:00
Crop Overage,,,failed,False,2026-08-27T21:50:22.560575+09:00
Crop Overdraft,,,failed,False,2026-08-23T15:52:46.857399+09:00
Crop Overdue,,,failed,False,2026-08-27T21:50:17.905826+09:00
Crop Panel,,,failed,False,2026-08-17T20:48:13.207047+09:00
Crop Pass,70.0,2.0,success,False,2026-08-21T00:29:15.711468+09:00
Crop Path,,,failed,False,2026-08-17T20:38:31.317013+09:00
Crop Payoff,,,failed,False,2026-08-27T21:50:20.259806+09:00
Crop Penalty,,,failed,False,2026-08-23T16:40:09.543730+09:00
Crop Petition,,,failed,False,2026-08-21T01:03:16.580684+09:00
Crop Pilot,50.0,0.0,success,False,2026-08-17T21:37:32.627735+09:00
Crop Plan,590.0,3.0,success,False,2026-08-21T01:55:46.721069+09:00
Crop Planner,590.0,3.0,success,False,2026-08-17T23:09:57.644305+09:00
Crop Playbook,,,failed,False,2026-08-18T22:10:53.801114+09:00
Crop Point,30.0,1.0,success,False,2026-08-17T20:37:34.472176+09:00
Crop Portal,210.0,0.0,success,False,2026-08-17T21:31:39.058447+09:00
Crop Preview,1600.0,2.0,success,False,2026-08-28T01:02:04.540661+09:00
Crop Profile,50.0,0.0,success,False,2026-08-19T13:39:37.773489+09:00
Crop Profit,170.0,1.0,success,False,2026-08-23T02:56:41.108127+09:00
Crop Proposal,,,failed,False,2026-08-28T01:02:04.540661+09:00
Crop Pulse,40.0,0.0,success,False,2026-08-17T20:40:19.019495+09:00
Crop Queue,,,failed,False,2026-08-19T21:06:41.039569+09:00
Crop Quota,,,failed,False,2026-08-21T00:30:11.509086+09:00
Crop Radar,10.0,9.0,success,False,2026-08-17T21:35:22.295985+09:00
Crop Rail,,,failed,False,2026-08-17T20:42:12.704128+09:00
Crop Rate,90.0,0.0,success,False,2026-08-19T20:49:35.865635+09:00
Crop Recap,,,failed,False,2026-08-21T01:03:30.050919+09:00
Crop Receipt,,,failed,False,2026-08-19T21:50:30.697464+09:00
Crop Recorder,10.0,5.0,success,False,2026-08-27T23:31:21.274329+09:00
Crop Register,320.0,0.0,success,False,2026-08-17T23:07:56.377169+09:00
Crop Registry,320.0,0.0,success,False,2026-08-18T22:11:27.427914+09:00
Crop Relay,10.0,0.0,success,False,2026-08-17T21:34:20.474166+09:00
Crop Reminder,,,failed,False,2026-08-19T21:05:57.473217+09:00
Crop Report,480.0,1.0,success,False,2026-08-19T13:37:25.441438+09:00
Crop Repository,,,failed,False,2026-08-27T23:17:00.312671+09:00
Crop Result,,,failed,False,2026-08-28T00:45:46.736783+09:00
Crop Roadmap,,,failed,False,2026-08-18T22:12:08.779533+09:00
Crop Roster,,,failed,False,2026-08-19T00:37:34.373704+09:00
Crop Route,,,failed,False,2026-08-17T20:44:01.266186+09:00
Crop Rule,,,failed,False,2026-08-23T03:21:56.707046+09:00
Crop Sale,90.0,38.0,success,False,2026-08-21T02:27:08.024014+09:00
Crop Sample,90.0,0.0,success,False,2026-08-19T21:51:34.255432+09:00
Crop Scale,40.0,3.0,success,False,2026-08-17T20:44:46.784780+09:00
Crop Scanner,140.0,7.0,success,False,2026-08-27T23:50:54.897553+09:00
Crop Scheduler,,,failed,False,2026-08-17T23:27:53.024871+09:00
Crop Scope,20.0,6.0,success,False,2026-08-17T20:42:40.071307+09:00
Crop Score,50.0,0.0,success,False,2026-08-19T13:38:55.423036+09:00
Crop Sentry,,,failed,False,2026-08-17T20:35:09.040915+09:00
Crop Sheet,110.0,0.0,success,False,2026-08-19T13:38:17.915581+09:00
Crop Shortfall,,,failed,False,2026-08-27T21:50:29.028381+09:00
Crop Signal,10.0,0.0,success,False,2026-08-17T20:44:23.108645+09:00
Crop Signature,480.0,6.0,success,False,2026-08-23T13:28:03.127667+09:00
Crop Slip,70.0,95.0,success,False,2026-08-19T21:51:23.149370+09:00
Crop Slot,,,failed,False,2026-08-19T21:51:45.660208+09:00
Crop Snapshot,,,failed,False,2026-08-18T22:11:07.698009+09:00
Crop Stage,140.0,0.0,success,False,2026-08-28T00:45:46.736783+09:00
Crop Stake,,,failed,False,2026-08-23T02:56:50.179026+09:00
Crop Statement,,,failed,False,2026-08-21T00:29:45.511428+09:00
Crop Station,20.0,0.0,success,False,2026-08-17T21:35:54.911296+09:00
Crop Status,90.0,0.0,success,False,2026-08-19T20:49:09.969574+09:00
Crop Stipend,,,failed,False,2026-08-23T13:48:08.634446+09:00
Crop Stub,,,failed,False,2026-08-21T00:29:35.718141+09:00
Crop Studio,590.0,1.0,success,False,2026-08-17T21:38:05.775829+09:00
Crop Subsidy,6600.0,1.0,success,False,2026-08-23T15:52:48.928193+09:00
Crop Suite,,,failed,False,2026-08-17T23:27:23.938977+09:00
Crop Sum,,,failed,False,2026-08-21T02:26:53.610271+09:00
Crop Summary,,,failed,False,2026-08-19T21:05:30.373866+09:00
Crop Surtax,,,failed,False,2026-08-23T15:52:48.928193+09:00
Crop Sync,,,failed,False,2026-08-18T07:52:35.571361+09:00
Crop Tab,70.0,0.0,success,False,2026-08-21T00:30:27.321926+09:00
Crop Table,210.0,0.0,success,False,2026-08-19T21:51:05.479286+09:00
Crop Tag,10.0,0.0,success,False,2026-08-19T13:39:26.336599+09:00
Crop Tally,,,failed,False,2026-08-21T00:29:50.648703+09:00
Crop Tariff,,,failed,False,2026-08-21T02:42:44.475010+09:00
Crop Tax,30.0,1.0,success,False,2026-08-21T02:11:27.429616+09:00
Crop Ticket,,,failed,False,2026-08-19T21:06:31.890613+09:00
Crop Timeline,,,failed,False,2026-08-19T21:05:44.553245+09:00
Crop Timer,,,failed,False,2026-08-28T00:21:09.151755+09:00
Crop Toll,170.0,2.0,success,False,2026-08-21T02:42:39.559962+09:00
Crop Toolbox,,,failed,False,2026-08-28T00:21:14.040617+09:00
Crop Toolkit,,,failed,False,2026-08-18T22:10:43.266214+09:00
Crop Total,10.0,0.0,success,False,2026-08-27T23:16:53.480733+09:00
Crop Tracker,390.0,7.0,success,False,2026-08-18T07:52:27.935751+09:00
Crop Trail,,,failed,False,2026-08-17T20:41:22.469867+09:00
Crop Trend,30.0,63.0,success,False,2026-08-28T01:02:01.499945+09:00
Crop Trial,,,failed,False,2026-08-27T21:19:31.239406+09:00
Crop Unit,10.0,0.0,success,False,2026-08-21T01:55:44.868962+09:00
Crop Update,20.0,1.0,success,False,2026-08-19T20:37:14.893241+09:00
Crop Value,50.0,1.0,success,False,2026-08-23T02:56:43.732981+09:00
Crop Vault,,,failed,False,2026-08-17T21:33:19.243075+09:00
Crop Version,,,failed,False,2026-08-23T03:21:52.337489+09:00
Crop View,480.0,0.0,success,False,2026-08-19T20:49:12.755513+09:00
Crop Voucher,,,failed,False,2026-08-21T00:29:21.936028+09:00
Crop Watch,210.0,2.0,success,False,2026-08-17T20:43:34.295212+09:00
Crop Wave,40.0,0.0,success,False,2026-08-17T20:39:21.363517+09:00
Crop Widget,,,failed,False,2026-08-27T23:16:53.480733+09:00
Crop Workbench,,,failed,False,2026-08-18T22:10:36.115087+09:00
Crop Worksheet,,,failed,False,2026-08-27T22:15:06.045574+09:00
Crop Workshop,,,failed,False,2026-08-28T00:21:09.151755+09:00
Crop Zone,480.0,1.0,success,False,2026-08-17T21:32:50.995270+09:00
Curb Advisory,,,failed,False,2026-08-21T01:05:40.713486+09:00
Curb Alert,1300.0,1.0,success,False,2026-08-19T21:58:19.577733+09:00
Curb Allowance,,,failed,False,2026-08-21T02:43:50.740440+09:00
Curb Analyzer,,,failed,False,2026-08-27T23:54:02.041371+09:00
Curb Assistant,,,failed,False,2026-08-19T21:53:06.381329+09:00
Curb Atlas,,,failed,False,2026-08-19T21:52:16.498900+09:00
Curb Attribute,,,failed,False,2026-08-23T13:05:41.403029+09:00
Curb Badge,,,failed,False,2026-08-21T00:29:43.441391+09:00
Curb Base,50.0,0.0,success,False,2026-08-19T21:48:00.610703+09:00
Curb Bay,,,failed,False,2026-08-19T21:56:44.387128+09:00
Curb Beacon,,,failed,False,2026-08-19T22:07:06.557200+09:00
Curb Bill,,,failed,False,2026-08-19T22:04:07.178529+09:00
Curb Bin,,,failed,False,2026-08-19T21:58:36.842594+09:00
Curb Board,30.0,7.0,success,False,2026-08-19T21:48:40.966338+09:00
Curb Book,50.0,54.0,success,False,2026-08-19T22:05:01.387918+09:00
Curb Booth,,,failed,False,2026-08-19T21:56:08.103899+09:00
Curb Bridge,110.0,67.0,success,False,2026-08-19T22:07:41.945033+09:00
Curb Brief,,,failed,False,2026-08-21T01:05:26.897512+09:00
Curb Bulletin,,,failed,False,2026-08-21T01:05:23.608566+09:00
Curb Calendar,,,failed,False,2026-08-19T21:55:00.630940+09:00
Curb Card,20.0,8.0,success,False,2026-08-19T22:00:16.178777+09:00
Curb Cascade,,,failed,False,2026-08-19T22:07:25.606827+09:00
Curb Cash,10.0,0.0,success,False,2026-08-21T02:27:13.658425+09:00
Curb Center,590.0,0.0,success,False,2026-08-19T21:49:51.324073+09:00
Curb Chain,22200.0,100.0,success,False,2026-08-19T21:51:30.988224+09:00
Curb Charge,30.0,6.0,success,False,2026-08-21T02:43:40.530663+09:00
Curb Chart,,,failed,False,2026-08-19T21:58:27.685601+09:00
Curb Check,390.0,0.0,success,False,2026-08-19T22:00:37.818778+09:00
Curb Checker,,,failed,False,2026-08-27T23:53:51.631383+09:00
Curb Circular,,,failed,False,2026-08-21T01:05:30.928954+09:00
Curb Code,20.0,0.0,success,False,2026-08-19T22:04:26.155627+09:00
Curb Companion,,,failed,False,2026-08-19T21:53:57.995655+09:00
Curb Comparison,,,failed,False,2026-08-28T01:05:22.748209+09:00
Curb Compass,,,failed,False,2026-08-19T22:06:53.339068+09:00
Curb Confirmation,,,failed,False,2026-08-21T01:05:46.512536+09:00
Curb Console,,,failed,False,2026-08-19T21:50:26.967968+09:00
Curb Contribution,,,failed,False,2026-08-23T16:15:37.311219+09:00
Curb Core,210.0,3.0,success,False,2026-08-19T21:48:14.659198+09:00
Curb Cost,70.0,14.0,success,False,2026-08-21T02:10:13.973101+09:00
Curb Counter,,,failed,False,2026-08-19T21:55:47.244669+09:00
Curb Deal,,,failed,False,2026-08-21T01:52:58.378871+09:00
Curb Debt,,,failed,False,2026-08-21T02:27:02.067893+09:00
Curb Deck,,,failed,False,2026-08-19T21:48:55.925505+09:00
Curb Desk,,,failed,False,2026-08-19T22:06:12.556669+09:00
Curb Detail,260.0,0.0,success,False,2026-08-23T03:14:55.080924+09:00
Curb Detector,90.0,11.0,success,False,2026-08-27T23:54:02.041371+09:00
Curb Diagram,20.0,0.0,success,False,2026-08-27T22:14:45.094035+09:00
Curb Directory,10.0,0.0,success,False,2026-08-19T21:55:09.455728+09:00
Curb Discount,10.0,0.0,success,False,2026-08-23T16:15:31.472081+09:00
Curb Dossier,,,failed,False,2026-08-21T01:05:51.926035+09:00
Curb Downpayment,,,failed,False,2026-08-27T21:50:06.831063+09:00
Curb Draft,,,failed,False,2026-08-19T22:02:47.197172+09:00
Curb Due,,,failed,False,2026-08-23T15:52:04.916947+09:00
Curb Duty,,,failed,False,2026-08-21T02:43:44.053859+09:00
Curb Engine,10.0,0.0,success,False,2026-08-19T21:52:57.085670+09:00
Curb Entry,,,failed,False,2026-08-21T01:06:10.948985+09:00
Curb Estimate,10.0,0.0,success,False,2026-08-19T22:03:44.565114+09:00
Curb Estimator,,,failed,False,2026-08-27T23:53:48.068906+09:00
Curb Excerpt,,,failed,False,2026-08-21T01:06:07.369655+09:00
Curb Fare,,,failed,False,2026-08-21T02:10:21.556989+09:00
Curb Fee,,,failed,False,2026-08-21T01:52:37.407034+09:00
Curb Feed,,,failed,False,2026-08-19T22:02:37.152847+09:00
Curb Field,,,failed,False,2026-08-23T13:05:43.515456+09:00
Curb File,,,failed,False,2026-08-19T22:01:57.019761+09:00
Curb Finder,8100.0,29.0,success,False,2026-08-19T21:55:28.451912+09:00
Curb Fine,,,failed,False,2026-08-23T02:58:14.811642+09:00
Curb Flag,30.0,85.0,success,False,2026-08-21T00:30:29.735189+09:00
Curb Flow,50.0,5.0,success,False,2026-08-19T22:05:51.290848+09:00
Curb Forge,,,failed,False,2026-08-19T22:07:18.055706+09:00
Curb Form,390.0,33.0,success,False,2026-08-19T22:00:04.199605+09:00
Curb Format,,,failed,False,2026-08-23T13:05:45.716846+09:00
Curb Frame,10.0,5.0,success,False,2026-08-19T21:47:46.224144+09:00
Curb Fund,,,failed,False,2026-08-21T02:27:05.386441+09:00
Curb Gate,,,failed,False,2026-08-19T21:51:58.682281+09:00
Curb Grade,,,failed,False,2026-08-21T00:30:08.282339+09:00
Curb Grid,,,failed,False,2026-08-19T21:46:37.963751+09:00
Curb Guarantee,,,failed,False,2026-08-28T01:05:31.519640+09:00
Curb Guardian,,,failed,False,2026-08-28T00:24:03.733784+09:00
Curb Helpdesk,,,failed,False,2026-08-27T22:44:52.843533+09:00
Curb Helper,30.0,100.0,success,False,2026-08-28T00:24:10.123784+09:00
Curb History,,,failed,False,2026-08-19T22:01:45.686906+09:00
Curb Hub,30.0,11.0,success,False,2026-08-19T22:06:01.682265+09:00
Curb Identifier,,,failed,False,2026-08-23T13:05:36.623967+09:00
Curb Inbox,,,failed,False,2026-08-19T21:58:08.143234+09:00
Curb Index,20.0,0.0,success,False,2026-08-19T22:03:26.204468+09:00
Curb Installment,,,failed,False,2026-08-23T16:15:33.574414+09:00
Curb Item,,,failed,False,2026-08-21T01:52:45.246437+09:00
Curb Journal,,,failed,False,2026-08-19T21:54:39.483113+09:00
Curb Keeper,,,failed,False,2026-08-19T21:52:31.796696+09:00
Curb Kiosk,,,failed,False,2026-08-19T21:56:20.786748+09:00
Curb Lab,20.0,0.0,success,False,2026-08-19T21:49:18.898188+09:00
Curb Ledger,,,failed,False,2026-08-19T21:48:27.069382+09:00
Curb Level,70.0,100.0,success,False,2026-08-19T22:02:05.634117+09:00
Curb Levy,,,failed,False,2026-08-23T13:47:02.952399+09:00
Curb Line,1300.0,0.0,success,True,2026-08-19T21:59:12.539055+09:00
Curb Link,880.0,100.0,success,False,2026-08-23T03:14:46.268297+09:00
Curb List,10.0,0.0,success,False,2026-08-19T22:04:38.551336+09:00
Curb Loan,,,failed,False,2026-08-21T02:10:31.589901+09:00
Curb Locator,,,failed,False,2026-08-19T21:55:18.484182+09:00
Curb Locker,,,failed,False,2026-08-19T21:55:57.867275+09:00
Curb Log,,,failed,False,2026-08-19T21:59:55.438905+09:00
Curb Loop,,,failed,False,2026-08-19T21:46:26.862344+09:00
Curb Manager,,,failed,False,2026-08-19T21:52:40.688622+09:00
Curb Manual,,,failed,False,2026-08-27T22:14:41.092865+09:00
Curb Map,,,failed,False,2026-08-19T21:47:34.110436+09:00
Curb Margin,,,failed,False,2026-08-23T02:58:11.410981+09:00
Curb Memo,,,failed,False,2026-08-21T00:30:17.662990+09:00
Curb Monitor,135000.0,100.0,success,False,2026-08-19T21:53:43.821939+09:00
Curb Nexus,,,failed,False,2026-08-19T21:52:07.578129+09:00
Curb Note,,,failed,False,2026-08-19T22:00:55.317910+09:00
Curb Notification,,,failed,False,2026-08-27T22:44:39.489901+09:00
Curb Number,880.0,37.0,success,False,2026-08-23T03:24:46.219726+09:00
Curb Office,170.0,4.0,success,False,2026-08-19T21:55:36.980585+09:00
Curb Ops,,,failed,False,2026-08-19T21:54:19.584048+09:00
Curb Order,10.0,0.0,success,False,2026-08-19T22:03:56.439657+09:00
Curb Outline,10.0,0.0,success,False,2026-08-27T22:29:33.709708+09:00
Curb Overage,,,failed,False,2026-08-27T21:50:06.831063+09:00
Curb Overdue,,,failed,False,2026-08-27T21:50:02.290136+09:00
Curb Panel,,,failed,False,2026-08-19T21:50:37.216187+09:00
Curb Pass,70.0,3.0,success,False,2026-08-21T00:29:27.962730+09:00
Curb Path,20.0,21.0,success,False,2026-08-19T21:47:01.107836+09:00
Curb Payoff,,,failed,False,2026-08-27T21:50:04.473862+09:00
Curb Penalty,,,failed,False,2026-08-23T16:39:43.377708+09:00
Curb Petition,10.0,0.0,success,False,2026-08-21T01:05:38.366293+09:00
Curb Plan,,,failed,False,2026-08-21T01:52:54.387860+09:00
Curb Planner,,,failed,False,2026-08-19T21:53:24.173556+09:00
Curb Playbook,,,failed,False,2026-08-19T21:54:30.567883+09:00
Curb Point,,,failed,False,2026-08-19T21:47:16.114306+09:00
Curb Portal,,,failed,False,2026-08-19T21:50:15.861548+09:00
Curb Post,90.0,4.0,success,False,2026-08-19T21:56:56.242658+09:00
Curb Preview,10.0,,success,False,2026-08-28T01:05:26.346049+09:00
Curb Profile,90.0,0.0,success,False,2026-08-19T22:01:14.357219+09:00
Curb Profit,,,failed,False,2026-08-23T02:58:03.774409+09:00
Curb Proposal,10.0,,success,False,2026-08-28T01:05:28.825650+09:00
Curb Quota,,,failed,False,2026-08-21T00:30:25.028648+09:00
Curb Radar,,,failed,False,2026-08-19T22:06:22.029176+09:00
Curb Rail,110.0,33.0,success,False,2026-08-19T21:51:10.797801+09:00
Curb Rate,10.0,0.0,success,False,2026-08-19T22:02:16.192857+09:00
Curb Recap,0.0,,success,False,2026-08-21T01:06:03.967646+09:00
Curb Receipt,90.0,0.0,success,False,2026-08-19T22:04:17.404214+09:00
Curb Register,,,failed,False,2026-08-19T21:54:06.004532+09:00
Curb Registry,,,failed,False,2026-08-19T21:54:48.895899+09:00
Curb Relay,,,failed,False,2026-08-19T22:06:35.304978+09:00
Curb Reminder,,,failed,False,2026-08-19T22:03:17.563220+09:00
Curb Report,10.0,0.0,success,False,2026-08-19T21:59:42.241525+09:00
Curb Roll,,,failed,False,2026-08-19T21:59:32.934011+09:00
Curb Roster,,,failed,False,2026-08-19T21:57:59.626776+09:00
Curb Rule,,,failed,False,2026-08-23T03:14:51.168783+09:00
Curb Sale,20.0,1.0,success,False,2026-08-21T02:27:17.411779+09:00
Curb Sample,,,failed,False,2026-08-19T22:05:22.514727+09:00
Curb Scanner,,,failed,False,2026-08-27T23:53:59.228828+09:00
Curb Scheduler,,,failed,False,2026-08-19T21:53:34.201182+09:00
Curb Scope,,,failed,False,2026-08-19T21:46:17.017433+09:00
Curb Score,,,failed,False,2026-08-19T22:00:47.598420+09:00
Curb Sheet,,,failed,False,2026-08-19T22:00:26.290780+09:00
Curb Shortfall,,,failed,False,2026-08-27T21:50:10.340173+09:00
Curb Signal,,,failed,False,2026-08-19T22:07:58.722610+09:00
Curb Slip,,,failed,False,2026-08-19T22:05:13.355108+09:00
Curb Slot,,,failed,False,2026-08-19T22:05:35.780904+09:00
Curb Stake,110.0,59.0,success,False,2026-08-23T02:58:08.701487+09:00
Curb Statement,,,failed,False,2026-08-21T00:29:55.538883+09:00
Curb Station,,,failed,False,2026-08-19T21:49:30.160580+09:00
Curb Status,,,failed,False,2026-08-19T22:01:23.897474+09:00
Curb Stub,10.0,0.0,success,False,2026-08-21T00:29:47.975164+09:00
Curb Studio,140.0,0.0,success,False,2026-08-19T21:49:05.079544+09:00
Curb Subsidy,,,failed,False,2026-08-23T15:52:07.033808+09:00
Curb Sum,,,failed,False,2026-08-21T02:26:56.391999+09:00
Curb Summary,,,failed,False,2026-08-19T22:02:54.876263+09:00
Curb Surtax,,,failed,False,2026-08-23T15:52:10.396341+09:00
Curb Tab,,,failed,False,2026-08-21T00:30:37.167399+09:00
Curb Table,,,failed,False,2026-08-19T22:04:49.676934+09:00
Curb Tag,,,failed,False,2026-08-19T22:01:05.588899+09:00
Curb Tally,,,failed,False,2026-08-21T00:30:01.129618+09:00
Curb Tariff,,,failed,False,2026-08-21T02:43:53.941468+09:00
Curb Tax,30.0,2.0,success,False,2026-08-21T02:10:26.523271+09:00
Curb Terminal,,,failed,False,2026-08-19T21:49:39.376770+09:00
Curb Ticker,30.0,0.0,success,False,2026-08-19T21:59:01.960523+09:00
Curb Ticket,,,failed,False,2026-08-19T22:03:36.532480+09:00
Curb Timeline,,,failed,False,2026-08-19T22:03:08.515859+09:00
Curb Timer,,,failed,False,2026-08-28T00:24:01.160084+09:00
Curb Toll,,,failed,False,2026-08-21T02:43:47.739499+09:00
Curb Toolbox,,,failed,False,2026-08-28T00:24:07.652921+09:00
Curb Tracker,,,failed,False,2026-08-19T22:05:43.764657+09:00
Curb Trend,50.0,0.0,success,False,2026-08-28T01:05:22.748209+09:00
Curb Trial,90.0,2.0,success,False,2026-08-27T21:19:11.248734+09:00
Curb Unit,10.0,11.0,success,False,2026-08-21T01:52:50.056270+09:00
Curb Update,,,failed,False,2026-08-19T22:02:29.042116+09:00
Curb Value,20.0,0.0,success,False,2026-08-23T02:58:06.031542+09:00
Curb Vault,10.0,0.0,success,False,2026-08-19T22:06:44.272499+09:00
Curb View,140.0,0.0,success,False,2026-08-19T22:01:35.806950+09:00
Curb Voucher,,,failed,False,2026-08-21T00:29:32.816021+09:00
Curb Watch,5400.0,6.0,success,False,2026-08-19T21:46:03.788347+09:00
Curb Wave,,,failed,False,2026-08-19T21:46:50.004607+09:00
Curb Window,20.0,32.0,success,False,2026-08-19T21:59:23.737982+09:00
Curb Worksheet,,,failed,False,2026-08-27T22:14:45.094035+09:00
Curb Workshop,,,failed,False,2026-08-28T00:24:01.160084+09:00
Curb Yard,20.0,67.0,success,False,2026-08-19T21:56:32.690388+09:00
Curb Zone,30.0,0.0,success,False,2026-08-19T21:50:02.656663+09:00
Curriculum Advance,,,failed,False,2026-08-23T16:11:13.672713+09:00
Curriculum Advisory,,,failed,False,2026-08-21T01:04:18.102523+09:00
Curriculum Allowance,,,failed,False,2026-08-21T02:42:34.441538+09:00
Curriculum Almanac,,,failed,False,2026-08-18T22:02:56.704517+09:00
Curriculum Analyzer,10.0,41.0,success,False,2026-08-27T23:52:16.469073+09:00
Curriculum Anchor,,,failed,False,2026-08-17T21:32:36.544768+09:00
Curriculum Announcement,10.0,0.0,success,False,2026-08-27T23:32:42.762901+09:00
Curriculum Arrears,,,failed,False,2026-08-23T16:11:13.672713+09:00
Curriculum Asset,,,failed,False,2026-08-23T13:47:44.552149+09:00
Curriculum Assistant,110.0,1.0,success,False,2026-08-17T23:24:40.372556+09:00
Curriculum Atlas,480.0,1.0,success,False,2026-08-17T20:40:53.994191+09:00
Curriculum Attribute,,,failed,False,2026-08-23T13:08:07.144549+09:00
Curriculum Badge,,,failed,False,2026-08-21T00:31:38.357083+09:00
Curriculum Balance,90.0,0.0,success,False,2026-08-23T13:47:40.781383+09:00
Curriculum Base,320.0,17.0,success,False,2026-08-17T20:37:59.877456+09:00
Curriculum Beacon,,,failed,False,2026-08-17T21:36:47.272145+09:00
Curriculum Bill,10.0,0.0,success,False,2026-08-19T21:55:57.867275+09:00
Curriculum Blueprint,140.0,6.0,success,False,2026-08-18T22:02:46.582498+09:00
Curriculum Board,590.0,0.0,success,False,2026-08-17T20:35:04.556306+09:00
Curriculum Book,880.0,68.0,success,False,2026-08-19T21:56:56.242658+09:00
Curriculum Bridge,70.0,3.0,success,False,2026-08-17T21:33:37.652467+09:00
Curriculum Brief,,,failed,False,2026-08-21T01:04:08.971472+09:00
Curriculum Bulletin,20.0,0.0,success,False,2026-08-21T01:04:02.292645+09:00
Curriculum Calendar,170.0,13.0,success,False,2026-08-18T23:57:28.259874+09:00
Curriculum Card,,,failed,False,2026-08-19T13:24:22.197081+09:00
Curriculum Cascade,,,failed,False,2026-08-17T21:34:42.632014+09:00
Curriculum Cash,,,failed,False,2026-08-21T02:27:13.658425+09:00
Curriculum Cashback,,,failed,False,2026-08-27T21:13:10.326383+09:00
Curriculum Catalog,720.0,1.0,success,False,2026-08-19T21:12:57.141262+09:00
Curriculum Category,,,failed,False,2026-08-23T13:08:05.055975+09:00
Curriculum Center,140.0,0.0,success,False,2026-08-17T21:40:47.686331+09:00
Curriculum Chain,,,failed,False,2026-08-17T20:45:16.547101+09:00
Curriculum Charge,,,failed,False,2026-08-21T02:42:20.398693+09:00
Curriculum Check,20.0,14.0,success,False,2026-08-19T13:24:52.365790+09:00
Curriculum Checker,20.0,56.0,success,False,2026-08-27T23:52:08.286767+09:00
Curriculum Checklist,320.0,0.0,success,False,2026-08-19T21:12:02.105513+09:00
Curriculum Circular,50.0,0.0,success,False,2026-08-21T01:04:13.537026+09:00
Curriculum Cockpit,,,failed,False,2026-08-17T23:03:39.400104+09:00
Curriculum Code,90.0,0.0,success,False,2026-08-19T21:56:20.786748+09:00
Curriculum Codex,,,failed,False,2026-08-18T22:03:18.976552+09:00
Curriculum Companion,90.0,1.0,success,False,2026-08-17T23:26:22.390418+09:00
Curriculum Comparison,70.0,0.0,success,False,2026-08-28T01:03:04.018813+09:00
Curriculum Compass,720.0,7.0,success,False,2026-08-17T21:37:57.485180+09:00
Curriculum Compendium,,,failed,False,2026-08-18T22:03:07.731550+09:00
Curriculum Confirmation,,,failed,False,2026-08-21T01:04:35.050629+09:00
Curriculum Console,,,failed,False,2026-08-17T21:36:22.095100+09:00
Curriculum Contribution,,,failed,False,2026-08-23T16:11:11.053977+09:00
Curriculum Copayment,,,failed,False,2026-08-23T16:37:08.695688+09:00
Curriculum Core,5400.0,2.0,success,False,2026-08-17T20:37:00.325562+09:00
Curriculum Cost,,,failed,False,2026-08-21T02:11:38.732794+09:00
Curriculum Count,,,failed,False,2026-08-27T22:45:15.401077+09:00
Curriculum Counter,,,failed,False,2026-08-18T23:58:29.314698+09:00
Curriculum Coupon,,,failed,False,2026-08-27T21:13:10.326383+09:00
Curriculum Dashboard,40.0,3.0,success,False,2026-08-17T23:26:08.164356+09:00
Curriculum Deal,,,failed,False,2026-08-21T01:56:21.292165+09:00
Curriculum Debt,,,failed,False,2026-08-21T02:27:02.067893+09:00
Curriculum Deck,,,failed,False,2026-08-17T20:34:11.615000+09:00
Curriculum Depot,10.0,14.0,success,False,2026-08-18T23:58:11.366687+09:00
Curriculum Desk,,,failed,False,2026-08-18T07:52:03.741881+09:00
Curriculum Detail,70.0,0.0,success,False,2026-08-23T03:21:14.808090+09:00
Curriculum Detector,,,failed,False,2026-08-27T23:52:13.665480+09:00
Curriculum Diagram,390.0,0.0,success,False,2026-08-27T22:07:27.719925+09:00
Curriculum Dial,,,failed,False,2026-08-17T21:34:12.134068+09:00
Curriculum Digest,,,failed,False,2026-08-19T20:41:48.388385+09:00
Curriculum Directory,480.0,2.0,success,False,2026-08-18T23:57:39.317157+09:00
Curriculum Discount,,,failed,False,2026-08-23T16:11:08.956491+09:00
Curriculum Dock,,,failed,False,2026-08-17T20:48:37.567206+09:00
Curriculum Dossier,,,failed,False,2026-08-21T01:04:44.330584+09:00
Curriculum Draft,90.0,3.0,success,False,2026-08-19T20:42:03.452660+09:00
Curriculum Duty,,,failed,False,2026-08-21T02:42:25.352468+09:00
Curriculum Endowment,,,failed,False,2026-08-23T15:50:14.677980+09:00
Curriculum Engine,170.0,6.0,success,False,2026-08-17T23:06:43.544679+09:00
Curriculum Entry,,,failed,False,2026-08-21T01:04:52.081586+09:00
Curriculum Estimate,,,failed,False,2026-08-19T21:12:45.437785+09:00
Curriculum Estimator,,,failed,False,2026-08-27T23:52:05.723363+09:00
Curriculum Excerpt,,,failed,False,2026-08-21T01:04:56.218179+09:00
Curriculum Extension,20.0,0.0,success,False,2026-08-23T16:37:11.760359+09:00
Curriculum Fare,10.0,69.0,success,False,2026-08-21T02:11:43.167775+09:00
Curriculum Fee,50.0,0.0,success,False,2026-08-21T01:56:03.758206+09:00
Curriculum Feed,,,failed,False,2026-08-19T20:41:57.553937+09:00
Curriculum Field,,,failed,False,2026-08-23T13:08:09.181921+09:00
Curriculum File,40.0,10.0,success,False,2026-08-19T20:41:20.028487+09:00
Curriculum Finder,,,failed,False,2026-08-18T23:57:58.396596+09:00
Curriculum Fine,,,failed,False,2026-08-23T02:56:32.879910+09:00
Curriculum Flag,,,failed,False,2026-08-21T00:32:24.105621+09:00
Curriculum Flow,30.0,11.0,success,False,2026-08-17T20:34:35.742752+09:00
Curriculum Forge,10.0,86.0,success,False,2026-08-17T21:35:46.466784+09:00
Curriculum Form,590.0,34.0,success,False,2026-08-19T13:24:10.018965+09:00
Curriculum Format,590.0,34.0,success,False,2026-08-23T13:08:12.908274+09:00
Curriculum Frame,10.0,0.0,success,False,2026-08-17T20:38:48.292759+09:00
Curriculum Fund,720.0,1.0,success,False,2026-08-21T02:27:05.386441+09:00
Curriculum Gate,,,failed,False,2026-08-17T20:42:32.290659+09:00
Curriculum Generator,140.0,71.0,success,False,2026-08-27T23:32:49.894310+09:00
Curriculum Giveaway,,,failed,False,2026-08-27T21:13:25.046826+09:00
Curriculum Grade,,,failed,False,2026-08-21T00:32:06.767489+09:00
Curriculum Grid,70.0,0.0,success,False,2026-08-17T20:45:45.792269+09:00
Curriculum Guard,,,failed,False,2026-08-17T20:37:28.424048+09:00
Curriculum Guardian,,,failed,False,2026-08-28T00:22:26.191039+09:00
Curriculum Guidebook,,,failed,False,2026-08-18T21:06:03.853095+09:00
Curriculum Helpdesk,,,failed,False,2026-08-27T22:45:23.426349+09:00
Curriculum Helper,,,failed,False,2026-08-28T00:22:31.262546+09:00
Curriculum History,1600.0,96.0,success,False,2026-08-19T20:41:10.828189+09:00
Curriculum Hotline,,,failed,False,2026-08-19T21:13:11.253613+09:00
Curriculum Hub,1600.0,0.0,success,True,2026-08-17T20:33:42.611240+09:00
Curriculum Identifier,,,failed,False,2026-08-23T13:08:02.630104+09:00
Curriculum Incentive,,,failed,False,2026-08-27T21:13:18.101351+09:00
Curriculum Index,10.0,6.0,success,False,2026-08-19T21:12:15.731161+09:00
Curriculum Insight,,,failed,False,2026-08-17T23:09:18.796206+09:00
Curriculum Installment,,,failed,False,2026-08-23T16:11:11.053977+09:00
Curriculum Item,,,failed,False,2026-08-21T01:56:06.760187+09:00
Curriculum Journal,320.0,2.0,success,False,2026-08-18T22:06:12.435541+09:00
Curriculum Keeper,,,failed,False,2026-08-17T20:39:17.196343+09:00
Curriculum Kit,70.0,96.0,success,False,2026-08-27T22:45:10.355251+09:00
Curriculum Lab,110.0,2.0,success,False,2026-08-17T20:32:00.957216+09:00
Curriculum Label,,,failed,False,2026-08-27T22:07:17.176446+09:00
Curriculum Ledger,,,failed,False,2026-08-17T20:36:02.767132+09:00
Curriculum Lens,,,failed,False,2026-08-17T20:39:43.687132+09:00
Curriculum Level,170.0,0.0,success,False,2026-08-19T20:41:30.953351+09:00
Curriculum Levy,,,failed,False,2026-08-23T13:47:46.605419+09:00
Curriculum Link,390.0,1.0,success,False,2026-08-23T03:21:04.390216+09:00
Curriculum List,90.0,1.0,success,False,2026-08-19T21:56:32.690388+09:00
Curriculum Loan,,,failed,False,2026-08-21T02:11:50.760630+09:00
Curriculum Locator,,,failed,False,2026-08-18T23:57:49.004373+09:00
Curriculum Lock,,,failed,False,2026-08-17T20:41:17.748242+09:00
Curriculum Log,,,failed,False,2026-08-19T13:23:46.954730+09:00
Curriculum Loop,,,failed,False,2026-08-17T20:46:46.837602+09:00
Curriculum Manager,390.0,8.0,success,False,2026-08-17T20:38:21.061174+09:00
Curriculum Manual,30.0,18.0,success,False,2026-08-27T22:07:19.639710+09:00
Curriculum Map,6600.0,1.0,success,False,2026-08-17T20:40:33.502804+09:00
Curriculum Memo,,,failed,False,2026-08-21T00:32:11.459467+09:00
Curriculum Message,,,failed,False,2026-08-27T23:10:40.131699+09:00
Curriculum Meter,,,failed,False,2026-08-17T21:33:10.630129+09:00
Curriculum Metrics,,,failed,False,2026-08-17T23:25:53.472363+09:00
Curriculum Monitor,90.0,0.0,success,False,2026-08-17T23:25:36.258312+09:00
Curriculum Navigator,40.0,4.0,success,False,2026-08-17T23:04:29.933530+09:00
Curriculum Nexus,,,failed,False,2026-08-17T20:41:47.517366+09:00
Curriculum Node,,,failed,False,2026-08-17T20:43:26.313536+09:00
Curriculum Note,10.0,0.0,success,False,2026-08-19T13:25:11.972380+09:00
Curriculum Notification,,,failed,False,2026-08-27T22:45:05.269508+09:00
Curriculum Number,10.0,3.0,success,False,2026-08-23T03:20:56.810289+09:00
Curriculum Office,110.0,9.0,success,False,2026-08-18T23:58:19.517114+09:00
Curriculum Ops,,,failed,False,2026-08-17T23:26:36.000104+09:00
Curriculum Order,20.0,29.0,success,False,2026-08-19T21:55:49.933305+09:00
Curriculum Organizer,20.0,100.0,success,False,2026-08-17T23:08:28.176792+09:00
Curriculum Outline,210.0,2.0,success,False,2026-08-27T22:28:39.838514+09:00
Curriculum Overdue,,,failed,False,2026-08-27T21:46:03.878331+09:00
Curriculum Panel,,,failed,False,2026-08-17T21:35:16.200596+09:00
Curriculum Pass,20.0,57.0,success,False,2026-08-21T00:31:22.902026+09:00
Curriculum Path,50.0,0.0,success,False,2026-08-17T20:42:54.961047+09:00
Curriculum Petition,10.0,0.0,success,False,2026-08-21T01:04:24.715250+09:00
Curriculum Pilot,30.0,0.0,success,False,2026-08-17T20:32:38.453320+09:00
Curriculum Plan,4400.0,8.0,success,False,2026-08-21T01:56:16.843249+09:00
Curriculum Planner,4400.0,8.0,success,False,2026-08-17T23:07:35.240679+09:00
Curriculum Playbook,,,failed,False,2026-08-18T22:06:03.591349+09:00
Curriculum Point,,,failed,False,2026-08-17T20:42:08.223187+09:00
Curriculum Portal,50.0,4.0,success,False,2026-08-17T21:37:24.355362+09:00
Curriculum Preview,10.0,29.0,success,False,2026-08-28T01:03:06.788782+09:00
Curriculum Profile,30.0,9.0,success,False,2026-08-19T13:25:53.621438+09:00
Curriculum Profit,,,failed,False,2026-08-23T02:56:21.131414+09:00
Curriculum Proposal,40.0,0.0,success,False,2026-08-28T01:03:06.788782+09:00
Curriculum Pulse,,,failed,False,2026-08-17T20:44:38.858684+09:00
Curriculum Queue,,,failed,False,2026-08-19T21:12:35.619378+09:00
Curriculum Quota,,,failed,False,2026-08-21T00:32:18.028421+09:00
Curriculum Radar,,,failed,False,2026-08-18T07:52:15.038723+09:00
Curriculum Rail,,,failed,False,2026-08-17T20:47:19.659128+09:00
Curriculum Rate,10.0,0.0,success,False,2026-08-19T20:41:36.001931+09:00
Curriculum Recap,,,failed,False,2026-08-21T01:04:41.877436+09:00
Curriculum Receipt,,,failed,False,2026-08-19T21:56:11.493537+09:00
Curriculum Recorder,,,failed,False,2026-08-27T23:32:54.562632+09:00
Curriculum Redemption,,,failed,False,2026-08-23T16:37:08.695688+09:00
Curriculum Register,,,failed,False,2026-08-17T23:05:21.665981+09:00
Curriculum Registry,,,failed,False,2026-08-18T22:02:35.560643+09:00
Curriculum Relay,,,failed,False,2026-08-17T21:41:25.564008+09:00
Curriculum Reminder,,,failed,False,2026-08-19T21:11:50.782037+09:00
Curriculum Report,50.0,1.0,success,False,2026-08-19T13:23:28.561494+09:00
Curriculum Repository,10.0,0.0,success,False,2026-08-27T23:10:47.155079+09:00
Curriculum Result,,,failed,False,2026-08-28T00:46:16.444390+09:00
Curriculum Roadmap,70.0,1.0,success,False,2026-08-18T22:03:30.222566+09:00
Curriculum Roster,,,failed,False,2026-08-19T00:37:17.107740+09:00
Curriculum Route,,,failed,False,2026-08-17T21:30:50.388708+09:00
Curriculum Rule,,,failed,False,2026-08-23T03:21:12.022197+09:00
Curriculum Sale,110.0,52.0,success,False,2026-08-21T02:27:17.411779+09:00
Curriculum Sample,880.0,8.0,success,False,2026-08-19T21:57:19.204093+09:00
Curriculum Scale,,,failed,False,2026-08-17T21:31:59.895065+09:00
Curriculum Scanner,,,failed,False,2026-08-27T23:52:10.807826+09:00
Curriculum Scheduler,,,failed,False,2026-08-17T23:25:00.626086+09:00
Curriculum Scope,590.0,0.0,success,False,2026-08-17T20:48:00.384731+09:00
Curriculum Score,10.0,3.0,success,False,2026-08-19T13:25:01.891377+09:00
Curriculum Sentry,,,failed,False,2026-08-17T20:40:10.157299+09:00
Curriculum Sheet,170.0,2.0,success,False,2026-08-19T13:24:45.773598+09:00
Curriculum Signal,,,failed,False,2026-08-17T21:31:28.023870+09:00
Curriculum Slip,,,failed,False,2026-08-19T21:57:05.603826+09:00
Curriculum Slot,,,failed,False,2026-08-19T21:57:27.705045+09:00
Curriculum Snapshot,,,failed,False,2026-08-18T22:06:23.871734+09:00
Curriculum Stage,480.0,0.0,success,False,2026-08-28T00:46:16.444390+09:00
Curriculum Stake,,,failed,False,2026-08-23T02:56:26.483203+09:00
Curriculum Stamp,,,failed,False,2026-08-23T13:27:54.146441+09:00
Curriculum Statement,70.0,0.0,success,False,2026-08-21T00:31:52.807063+09:00
Curriculum Station,,,failed,False,2026-08-18T07:52:03.741881+09:00
Curriculum Status,20.0,0.0,success,False,2026-08-19T20:40:49.478840+09:00
Curriculum Stipend,,,failed,False,2026-08-23T13:47:49.087746+09:00
Curriculum Streak,,,failed,False,2026-08-28T00:46:19.889028+09:00
Curriculum Stub,,,failed,False,2026-08-21T00:31:47.591094+09:00
Curriculum Studio,40.0,4.0,success,False,2026-08-17T20:33:10.817795+09:00
Curriculum Subsidy,,,failed,False,2026-08-23T15:50:12.078414+09:00
Curriculum Suite,,,failed,False,2026-08-17T23:24:19.906640+09:00
Curriculum Sum,,,failed,False,2026-08-21T02:26:59.463760+09:00
Curriculum Summary,70.0,5.0,success,False,2026-08-19T21:11:27.369189+09:00
Curriculum Sync,,,failed,False,2026-08-17T20:35:35.063549+09:00
Curriculum Tab,90.0,66.0,success,False,2026-08-21T00:32:31.934653+09:00
Curriculum Table,50.0,10.0,success,False,2026-08-19T21:56:48.069412+09:00
Curriculum Tag,,,failed,False,2026-08-19T13:25:31.059454+09:00
Curriculum Tally,,,failed,False,2026-08-21T00:32:00.759395+09:00
Curriculum Tariff,,,failed,False,2026-08-21T02:42:36.894313+09:00
Curriculum Tax,,,failed,False,2026-08-21T02:11:46.716437+09:00
Curriculum Ticket,,,failed,False,2026-08-19T21:12:26.316955+09:00
Curriculum Tier,,,failed,False,2026-08-28T00:46:19.889028+09:00
Curriculum Timeline,90.0,21.0,success,False,2026-08-19T21:11:39.725993+09:00
Curriculum Timer,,,failed,False,2026-08-28T00:22:21.008845+09:00
Curriculum Toll,,,failed,False,2026-08-21T02:42:27.655082+09:00
Curriculum Toolbox,,,failed,False,2026-08-28T00:22:28.798439+09:00
Curriculum Toolkit,140.0,12.0,success,False,2026-08-18T22:05:55.715721+09:00
Curriculum Tracker,110.0,33.0,success,False,2026-08-17T20:36:28.708934+09:00
Curriculum Trail,,,failed,False,2026-08-17T20:46:04.855118+09:00
Curriculum Trend,70.0,1.0,success,False,2026-08-28T01:03:01.405243+09:00
Curriculum Trial,10.0,0.0,success,False,2026-08-27T21:13:15.493972+09:00
Curriculum Unit,140.0,5.0,success,False,2026-08-21T01:56:12.510800+09:00
Curriculum Update,210.0,2.0,success,False,2026-08-19T20:41:43.197527+09:00
Curriculum Value,90.0,0.0,success,False,2026-08-23T02:56:24.253545+09:00
Curriculum Vault,,,failed,False,2026-08-17T21:39:22.624237+09:00
Curriculum Version,10.0,0.0,success,False,2026-08-23T03:21:00.660532+09:00
Curriculum View,50.0,2.0,success,False,2026-08-19T20:41:00.818648+09:00
Curriculum Voucher,,,failed,False,2026-08-21T00:31:34.132172+09:00
Curriculum Watch,,,failed,False,2026-08-17T21:30:18.085086+09:00
Curriculum Wave,,,failed,False,2026-08-17T20:43:56.267353+09:00
Curriculum Widget,,,failed,False,2026-08-27T23:10:42.851763+09:00
Curriculum Workbench,,,failed,False,2026-08-18T22:05:45.987777+09:00
Curriculum Worksheet,70.0,2.0,success,False,2026-08-27T22:07:22.262130+09:00
Curriculum Workshop,70.0,1.0,success,False,2026-08-28T00:22:23.551401+09:00
Curriculum Zone,,,failed,False,2026-08-17T21:38:32.905021+09:00
Custodian Advance,,,failed,False,2026-08-23T16:13:47.418622+09:00
Custodian Advisory,,,failed,False,2026-08-21T01:02:52.646086+09:00
Custodian Alert,,,failed,False,2026-08-21T00:47:01.645682+09:00
Custodian Allowance,,,failed,False,2026-08-21T02:40:47.085181+09:00
Custodian Analyzer,,,failed,False,2026-08-27T23:51:32.749499+09:00
Custodian Arrears,,,failed,False,2026-08-23T16:13:45.288195+09:00
Custodian Assistant,50.0,0.0,success,False,2026-08-21T00:45:33.278488+09:00
Custodian Atlas,,,failed,False,2026-08-21T00:45:16.204972+09:00
Custodian Attribute,,,failed,False,2026-08-23T13:09:30.268446+09:00
Custodian Badge,,,failed,False,2026-08-21T00:50:04.499348+09:00
Custodian Balance,,,failed,False,2026-08-23T13:45:46.037867+09:00
Custodian Base,,,failed,False,2026-08-21T00:43:46.604021+09:00
Custodian Bay,,,failed,False,2026-08-21T00:46:29.176332+09:00
Custodian Beacon,,,failed,False,2026-08-21T00:51:01.092563+09:00
Custodian Bill,,,failed,False,2026-08-21T00:49:24.098446+09:00
Custodian Board,20.0,0.0,success,False,2026-08-21T00:43:59.576313+09:00
Custodian Booth,,,failed,False,2026-08-21T00:46:19.116405+09:00
Custodian Bridge,,,failed,False,2026-08-21T00:51:13.532405+09:00
Custodian Brief,,,failed,False,2026-08-21T01:00:48.316316+09:00
Custodian Bulletin,,,failed,False,2026-08-21T01:00:44.838906+09:00
Custodian Calendar,,,failed,False,2026-08-21T00:45:57.527663+09:00
Custodian Card,110.0,19.0,success,False,2026-08-21T00:47:46.608049+09:00
Custodian Cascade,,,failed,False,2026-08-21T00:51:10.614458+09:00
Custodian Cash,,,failed,False,2026-08-21T02:23:42.049826+09:00
Custodian Category,,,failed,False,2026-08-23T13:09:30.268446+09:00
Custodian Center,,,failed,False,2026-08-21T00:44:27.350497+09:00
Custodian Chain,,,failed,False,2026-08-21T00:45:03.734783+09:00
Custodian Charge,,,failed,False,2026-08-21T02:40:38.159052+09:00
Custodian Chart,,,failed,False,2026-08-21T00:47:05.432306+09:00
Custodian Check,,,failed,False,2026-08-21T00:47:54.639607+09:00
Custodian Checker,,,failed,False,2026-08-27T23:51:26.937833+09:00
Custodian Circular,,,failed,False,2026-08-21T01:02:29.218317+09:00
Custodian Code,40.0,0.0,success,False,2026-08-21T00:49:35.190382+09:00
Custodian Companion,,,failed,False,2026-08-21T00:45:41.384268+09:00
Custodian Comparison,,,failed,False,2026-08-28T01:03:37.882161+09:00
Custodian Confirmation,10.0,15.0,success,False,2026-08-21T01:01:05.241118+09:00
Custodian Console,,,failed,False,2026-08-21T00:44:38.874906+09:00
Custodian Contribution,,,failed,False,2026-08-23T16:13:42.146359+09:00
Custodian Core,,,failed,False,2026-08-21T00:43:54.085720+09:00
Custodian Cost,,,failed,False,2026-08-21T02:06:22.333595+09:00
Custodian Count,,,failed,False,2026-08-27T22:50:33.048353+09:00
Custodian Counter,,,failed,False,2026-08-21T00:46:12.825751+09:00
Custodian Deal,,,failed,False,2026-08-21T01:59:17.804525+09:00
Custodian Debt,,,failed,False,2026-08-21T02:23:33.552099+09:00
Custodian Deck,,,failed,False,2026-08-21T00:44:07.435932+09:00
Custodian Desk,,,failed,False,2026-08-21T00:50:38.979933+09:00
Custodian Detail,,,failed,False,2026-08-23T03:22:11.470893+09:00
Custodian Directory,,,failed,False,2026-08-21T00:45:59.951643+09:00
Custodian Discount,10.0,0.0,success,False,2026-08-23T16:13:37.104049+09:00
Custodian Dossier,,,failed,False,2026-08-21T01:01:07.549578+09:00
Custodian Downpayment,,,failed,False,2026-08-27T21:48:16.120561+09:00
Custodian Draft,,,failed,False,2026-08-21T00:48:51.829218+09:00
Custodian Due,,,failed,False,2026-08-23T15:51:18.067623+09:00
Custodian Duty,2900.0,2.0,success,False,2026-08-21T02:40:41.069615+09:00
Custodian Engine,,,failed,False,2026-08-21T00:45:30.035458+09:00
Custodian Entry,,,failed,False,2026-08-21T01:01:17.697392+09:00
Custodian Estimate,,,failed,False,2026-08-21T00:49:15.446712+09:00
Custodian Fare,,,failed,False,2026-08-21T02:06:36.583403+09:00
Custodian Fee,1600.0,2.0,success,False,2026-08-21T01:59:06.761411+09:00
Custodian Feed,,,failed,False,2026-08-21T00:48:48.333943+09:00
Custodian Field,,,failed,False,2026-08-23T13:09:32.906091+09:00
Custodian File,50.0,0.0,success,False,2026-08-21T00:48:26.954363+09:00
Custodian Fine,,,failed,False,2026-08-23T02:56:14.910502+09:00
Custodian Flow,,,failed,False,2026-08-21T00:50:29.679005+09:00
Custodian Forge,,,failed,False,2026-08-21T00:51:04.799989+09:00
Custodian Form,1000.0,19.0,success,False,2026-08-21T00:47:44.020698+09:00
Custodian Format,,,failed,False,2026-08-23T13:09:35.316031+09:00
Custodian Frame,,,failed,False,2026-08-21T00:43:44.047110+09:00
Custodian Fund,320.0,4.0,success,False,2026-08-21T02:23:37.293511+09:00
Custodian Gate,,,failed,False,2026-08-21T00:45:10.747399+09:00
Custodian Grid,,,failed,False,2026-08-21T00:51:33.449317+09:00
Custodian Helpdesk,,,failed,False,2026-08-27T22:50:35.805109+09:00
Custodian Helper,,,failed,False,2026-08-28T00:22:09.034750+09:00
Custodian History,,,failed,False,2026-08-21T00:48:24.716353+09:00
Custodian Hub,,,failed,False,2026-08-21T00:50:35.331865+09:00
Custodian Identifier,,,failed,False,2026-08-23T13:09:25.406302+09:00
Custodian Inbox,,,failed,False,2026-08-21T00:46:56.943275+09:00
Custodian Index,,,failed,False,2026-08-21T00:49:09.924663+09:00
Custodian Installment,,,failed,False,2026-08-23T16:13:39.752452+09:00
Custodian Item,,,failed,False,2026-08-21T01:59:08.747160+09:00
Custodian Journal,,,failed,False,2026-08-21T00:45:52.774285+09:00
Custodian Keeper,,,failed,False,2026-08-21T00:45:22.913101+09:00
Custodian Kit,,,failed,False,2026-08-27T22:50:28.774616+09:00
Custodian Lab,,,failed,False,2026-08-21T00:44:15.465135+09:00
Custodian Ledger,,,failed,False,2026-08-21T00:43:57.229807+09:00
Custodian Level,,,failed,False,2026-08-21T00:48:33.175763+09:00
Custodian Line,,,failed,False,2026-08-21T00:47:26.672100+09:00
Custodian Link,,,failed,False,2026-08-23T03:22:03.644415+09:00
Custodian List,20.0,0.0,success,False,2026-08-21T00:49:37.584742+09:00
Custodian Loan,,,failed,False,2026-08-21T02:06:44.237427+09:00
Custodian Lobby,,,failed,False,2026-08-21T00:47:16.635421+09:00
Custodian Locator,,,failed,False,2026-08-21T00:46:03.316699+09:00
Custodian Locker,,,failed,False,2026-08-21T00:46:15.039620+09:00
Custodian Log,,,failed,False,2026-08-21T00:47:41.484784+09:00
Custodian Loop,,,failed,False,2026-08-21T00:51:31.068549+09:00
Custodian Manager,70.0,3.0,success,False,2026-08-21T00:45:26.531767+09:00
Custodian Manual,,,failed,False,2026-08-27T22:12:21.251456+09:00
Custodian Map,20.0,2.0,success,False,2026-08-21T00:43:36.715710+09:00
Custodian Margin,,,failed,False,2026-08-23T02:56:12.259379+09:00
Custodian Markup,,,failed,False,2026-08-23T16:38:50.541482+09:00
Custodian Memo,,,failed,False,2026-08-21T00:50:15.253919+09:00
Custodian Message,,,failed,False,2026-08-27T23:16:13.930951+09:00
Custodian Monitor,,,failed,False,2026-08-21T00:45:41.384268+09:00
Custodian Nexus,,,failed,False,2026-08-21T00:45:13.293562+09:00
Custodian Note,,,failed,False,2026-08-21T00:48:04.911148+09:00
Custodian Notification,,,failed,False,2026-08-27T22:50:26.115784+09:00
Custodian Number,20.0,4.0,success,False,2026-08-23T03:21:56.707046+09:00
Custodian Office,170.0,1.0,success,False,2026-08-21T00:46:06.764298+09:00
Custodian Ops,,,failed,False,2026-08-21T00:45:47.976857+09:00
Custodian Order,,,failed,False,2026-08-21T00:49:20.798290+09:00
Custodian Outpost,10.0,0.0,success,False,2026-08-21T00:46:35.033553+09:00
Custodian Overage,,,failed,False,2026-08-27T21:48:16.120561+09:00
Custodian Overdue,,,failed,False,2026-08-27T21:48:11.561191+09:00
Custodian Panel,,,failed,False,2026-08-21T00:44:42.710868+09:00
Custodian Pass,,,failed,False,2026-08-21T00:49:56.955669+09:00
Custodian Passport,10.0,0.0,success,False,2026-08-21T00:47:13.306684+09:00
Custodian Path,,,failed,False,2026-08-21T00:51:42.581125+09:00
Custodian Payoff,,,failed,False,2026-08-27T21:48:13.959890+09:00
Custodian Penalty,,,failed,False,2026-08-23T16:38:47.783567+09:00
Custodian Petition,,,failed,False,2026-08-21T01:01:01.220689+09:00
Custodian Plan,,,failed,False,2026-08-21T01:59:13.927606+09:00
Custodian Planner,,,failed,False,2026-08-21T00:45:35.455027+09:00
Custodian Playbook,,,failed,False,2026-08-21T00:45:50.178398+09:00
Custodian Plaza,,,failed,False,2026-08-21T00:46:39.668460+09:00
Custodian Point,,,failed,False,2026-08-21T00:43:34.117910+09:00
Custodian Portal,30.0,0.0,success,False,2026-08-21T00:44:32.272154+09:00
Custodian Post,,,failed,False,2026-08-21T00:46:31.440534+09:00
Custodian Profile,,,failed,False,2026-08-21T00:48:12.190063+09:00
Custodian Profit,,,failed,False,2026-08-23T02:56:00.191983+09:00
Custodian Proposal,,,failed,False,2026-08-28T01:03:43.206787+09:00
Custodian Quota,,,failed,False,2026-08-21T00:50:17.936305+09:00
Custodian Radar,,,failed,False,2026-08-21T00:50:41.630976+09:00
Custodian Rail,,,failed,False,2026-08-21T00:44:54.956989+09:00
Custodian Rate,,,failed,False,2026-08-21T00:48:36.635325+09:00
Custodian Recap,,,failed,False,2026-08-21T01:01:11.672775+09:00
Custodian Receipt,,,failed,False,2026-08-21T00:49:29.914475+09:00
Custodian Recorder,,,failed,False,2026-08-27T23:31:16.874593+09:00
Custodian Register,,,failed,False,2026-08-21T00:45:45.302081+09:00
Custodian Relay,,,failed,False,2026-08-21T00:50:48.093288+09:00
Custodian Reminder,,,failed,False,2026-08-21T00:49:04.500727+09:00
Custodian Report,30.0,0.0,success,False,2026-08-21T00:47:34.415597+09:00
Custodian Ring,10.0,,success,False,2026-08-21T00:45:06.062419+09:00
Custodian Roll,,,failed,False,2026-08-21T00:47:32.281403+09:00
Custodian Roster,,,failed,False,2026-08-21T00:46:52.072318+09:00
Custodian Route,,,failed,False,2026-08-21T00:44:52.376787+09:00
Custodian Rule,,,failed,False,2026-08-23T03:22:09.250404+09:00
Custodian Sale,,,failed,False,2026-08-21T02:23:45.182895+09:00
Custodian Sample,,,failed,False,2026-08-21T00:49:49.714688+09:00
Custodian Scale,,,failed,False,2026-08-21T00:44:45.180563+09:00
Custodian Scope,,,failed,False,2026-08-21T00:51:25.324564+09:00
Custodian Score,,,failed,False,2026-08-21T00:48:00.969173+09:00
Custodian Sheet,,,failed,False,2026-08-21T00:47:51.655449+09:00
Custodian Shortfall,,,failed,False,2026-08-27T21:48:18.349819+09:00
Custodian Signal,,,failed,False,2026-08-21T00:51:16.185060+09:00
Custodian Signature,20.0,0.0,success,False,2026-08-23T13:26:15.190614+09:00
Custodian Slip,20.0,0.0,success,False,2026-08-21T00:49:47.730802+09:00
Custodian Slot,,,failed,False,2026-08-21T00:49:54.532841+09:00
Custodian Stake,,,failed,False,2026-08-23T02:56:06.421775+09:00
Custodian Statement,50.0,0.0,success,False,2026-08-21T00:50:09.781883+09:00
Custodian Station,,,failed,False,2026-08-21T00:44:18.522946+09:00
Custodian Status,,,failed,False,2026-08-21T00:48:15.897610+09:00
Custodian Stipend,,,failed,False,2026-08-23T13:45:55.611142+09:00
Custodian Stub,,,failed,False,2026-08-21T00:50:07.130228+09:00
Custodian Studio,10.0,0.0,success,False,2026-08-21T00:44:10.518978+09:00
Custodian Sum,,,failed,False,2026-08-21T02:23:27.282211+09:00
Custodian Summary,,,failed,False,2026-08-21T00:48:54.666046+09:00
Custodian Tab,,,failed,False,2026-08-21T00:50:24.003386+09:00
Custodian Table,,,failed,False,2026-08-21T00:49:44.632195+09:00
Custodian Tag,,,failed,False,2026-08-21T00:48:07.260312+09:00
Custodian Tariff,,,failed,False,2026-08-21T02:40:49.577434+09:00
Custodian Tax,,,failed,False,2026-08-21T02:06:40.735071+09:00
Custodian Terminal,,,failed,False,2026-08-21T00:44:21.197874+09:00
Custodian Ticker,,,failed,False,2026-08-21T00:47:19.116810+09:00
Custodian Ticket,,,failed,False,2026-08-21T00:49:12.731444+09:00
Custodian Tier,,,failed,False,2026-08-28T00:46:27.391148+09:00
Custodian Timeline,,,failed,False,2026-08-21T00:49:01.997073+09:00
Custodian Token,,,failed,False,2026-08-23T13:28:24.221193+09:00
Custodian Toll,,,failed,False,2026-08-21T02:40:43.977421+09:00
Custodian Toolbox,,,failed,False,2026-08-28T00:22:04.244333+09:00
Custodian Total,,,failed,False,2026-08-27T23:16:21.897779+09:00
Custodian Tower,,,failed,False,2026-08-21T00:46:44.759034+09:00
Custodian Tracker,,,failed,False,2026-08-21T00:50:26.220127+09:00
Custodian Trail,,,failed,False,2026-08-21T00:45:01.205149+09:00
Custodian Trial,,,failed,False,2026-08-27T21:17:10.879829+09:00
Custodian Unit,,,failed,False,2026-08-21T01:59:11.823228+09:00
Custodian Update,,,failed,False,2026-08-21T00:48:40.223162+09:00
Custodian Value,,,failed,False,2026-08-23T02:56:03.136754+09:00
Custodian Vault,2400.0,13.0,success,False,2026-08-21T00:50:50.084554+09:00
Custodian Version,,,failed,False,2026-08-23T03:22:01.031781+09:00
Custodian View,,,failed,False,2026-08-21T00:48:18.650216+09:00
Custodian Voucher,,,failed,False,2026-08-21T00:49:59.942955+09:00
Custodian Wallet,90.0,15.0,success,False,2026-08-27T22:50:28.774616+09:00
Custodian Watch,,,failed,False,2026-08-21T00:51:22.640360+09:00
Custodian Wave,,,failed,False,2026-08-21T00:51:35.796791+09:00
Custodian Widget,,,failed,False,2026-08-27T23:16:21.897779+09:00
Custodian Window,,,failed,False,2026-08-21T00:47:29.450326+09:00
Custodian Worksheet,,,failed,False,2026-08-27T22:12:29.300608+09:00
Custodian Workshop,,,failed,False,2026-08-28T00:22:01.777271+09:00
Custodian Yard,,,failed,False,2026-08-21T00:46:26.587388+09:00
Custodian Zone,,,failed,False,2026-08-21T00:44:30.138587+09:00
Customs Advance,,,failed,False,2026-08-23T16:12:10.819899+09:00
Customs Advisory,50.0,7.0,success,False,2026-08-21T01:05:25.449789+09:00
Customs Allowance,210.0,0.0,success,False,2026-08-21T02:36:33.361411+09:00
Customs Almanac,,,failed,False,2026-08-18T22:07:24.351116+09:00
Customs Analyzer,,,failed,False,2026-08-27T23:51:54.683905+09:00
Customs Anchor,,,failed,False,2026-08-17T20:39:49.091027+09:00
Customs Announcement,90.0,66.0,success,False,2026-08-27T23:32:16.065535+09:00
Customs Arrears,,,failed,False,2026-08-23T16:12:10.819899+09:00
Customs Assistant,90.0,0.0,success,False,2026-08-17T23:09:36.803243+09:00
Customs Atlas,,,failed,False,2026-08-17T21:41:31.698252+09:00
Customs Attribute,,,failed,False,2026-08-23T13:05:09.962757+09:00
Customs Badge,9900.0,100.0,success,False,2026-08-21T00:32:00.759395+09:00
Customs Balance,,,failed,False,2026-08-23T13:45:43.063828+09:00
Customs Base,,,failed,False,2026-08-17T21:36:26.445152+09:00
Customs Beacon,,,failed,False,2026-08-17T20:43:01.991108+09:00
Customs Bill,90.0,0.0,success,False,2026-08-19T21:54:42.461641+09:00
Customs Blueprint,320.0,19.0,success,False,2026-08-18T22:07:16.682645+09:00
Customs Board,1900.0,91.0,success,False,2026-08-17T21:33:17.550972+09:00
Customs Book,9900.0,100.0,success,False,2026-08-19T21:55:31.155886+09:00
Customs Booth,720.0,100.0,success,False,2026-08-19T00:23:43.046041+09:00
Customs Bridge,320.0,5.0,success,False,2026-08-17T20:40:36.395454+09:00
Customs Brief,,,failed,False,2026-08-21T01:05:08.043022+09:00
Customs Bulletin,70.0,0.0,success,False,2026-08-21T01:04:52.081586+09:00
Customs Calculator,2400.0,6.0,success,False,2026-08-27T23:32:20.228429+09:00
Customs Calendar,27100.0,100.0,success,False,2026-08-18T23:59:11.751475+09:00
Customs Card,22200.0,100.0,success,False,2026-08-19T13:21:40.944519+09:00
Customs Cascade,,,failed,False,2026-08-17T20:41:20.787117+09:00
Customs Cash,,,failed,False,2026-08-21T02:28:33.010940+09:00
Customs Cashback,,,failed,False,2026-08-27T21:12:46.088803+09:00
Customs Catalog,,,failed,False,2026-08-19T21:11:17.911454+09:00
Customs Category,,,failed,False,2026-08-23T13:05:07.059909+09:00
Customs Center,20.0,1.0,success,False,2026-08-17T20:45:22.370262+09:00
Customs Chain,12100.0,100.0,success,False,2026-08-17T20:34:38.143389+09:00
Customs Charge,9900.0,1.0,success,False,2026-08-21T02:43:44.053859+09:00
Customs Check,390.0,2.0,success,False,2026-08-19T13:22:09.591180+09:00
Customs Checker,5400.0,100.0,success,False,2026-08-27T23:51:48.203996+09:00
Customs Checklist,10.0,0.0,success,False,2026-08-19T21:10:23.160245+09:00
Customs Circular,260.0,28.0,success,False,2026-08-21T01:05:20.057524+09:00
Customs Cockpit,,,failed,False,2026-08-17T23:25:39.196440+09:00
Customs Code,4400.0,3.0,success,False,2026-08-19T21:55:03.832007+09:00
Customs Codex,10.0,0.0,success,False,2026-08-18T22:07:40.431986+09:00
Customs Companion,,,failed,False,2026-08-17T23:07:35.240679+09:00
Customs Comparison,,,failed,False,2026-08-28T01:02:39.668408+09:00
Customs Compass,,,failed,False,2026-08-17T20:43:58.581518+09:00
Customs Compendium,,,failed,False,2026-08-18T22:07:33.444344+09:00
Customs Confirmation,10.0,0.0,success,False,2026-08-21T01:05:32.279989+09:00
Customs Console,,,failed,False,2026-08-17T20:42:36.789908+09:00
Customs Contribution,,,failed,False,2026-08-23T16:12:08.472275+09:00
Customs Converter,,,failed,False,2026-08-27T23:32:20.228429+09:00
Customs Core,,,failed,False,2026-08-17T21:35:18.423759+09:00
Customs Cost,1600.0,1.0,success,False,2026-08-21T02:12:35.738319+09:00
Customs Count,,,failed,False,2026-08-27T22:44:50.273695+09:00
Customs Counter,720.0,80.0,success,False,2026-08-19T00:00:08.120656+09:00
Customs Coupon,,,failed,False,2026-08-26T22:29:25.643786+09:00
Customs Dashboard,2400.0,22.0,success,False,2026-08-17T23:12:51.339052+09:00
Customs Deal,10.0,0.0,success,False,2026-08-21T01:57:08.672731+09:00
Customs Debt,20.0,0.0,success,False,2026-08-21T02:28:25.181498+09:00
Customs Deck,,,failed,False,2026-08-17T21:32:05.797514+09:00
Customs Depot,50.0,3.0,success,False,2026-08-18T23:59:51.056306+09:00
Customs Desk,4400.0,100.0,success,False,2026-08-17T20:48:06.680156+09:00
Customs Detail,,,failed,False,2026-08-23T03:15:14.062371+09:00
Customs Detector,,,failed,False,2026-08-27T23:51:51.958622+09:00
Customs Dial,,,failed,False,2026-08-17T20:41:00.568700+09:00
Customs Digest,,,failed,False,2026-08-19T20:40:32.306082+09:00
Customs Directory,390.0,1.0,success,False,2026-08-18T23:59:20.806892+09:00
Customs Discount,,,failed,False,2026-08-23T16:12:05.670450+09:00
Customs Dock,590.0,14.0,success,False,2026-08-17T20:37:32.011303+09:00
Customs Dossier,,,failed,False,2026-08-21T01:05:40.713486+09:00
Customs Draft,,,failed,False,2026-08-19T20:40:49.478840+09:00
Customs Due,,,failed,False,2026-08-23T15:50:46.818166+09:00
Customs Duty,18100.0,1.0,success,False,2026-08-21T02:43:47.739499+09:00
Customs Engine,,,failed,False,2026-08-17T23:24:03.266981+09:00
Customs Entry,480.0,19.0,success,False,2026-08-21T01:05:51.926035+09:00
Customs Estimate,50.0,7.0,success,False,2026-08-19T21:11:09.453565+09:00
Customs Estimator,2400.0,6.0,success,False,2026-08-27T23:51:48.203996+09:00
Customs Excerpt,,,failed,False,2026-08-21T01:05:53.776527+09:00
Customs Extension,,,failed,False,2026-08-23T16:37:01.033816+09:00
Customs Fare,,,failed,False,2026-08-21T02:12:39.261551+09:00
Customs Fee,1300.0,1.0,success,False,2026-08-21T01:56:55.992066+09:00
Customs Feed,,,failed,False,2026-08-19T20:40:40.887904+09:00
Customs Field,2400.0,1.0,success,False,2026-08-23T13:05:12.905502+09:00
Customs File,,,failed,False,2026-08-19T20:39:59.254826+09:00
Customs Finder,,,failed,False,2026-08-18T23:59:40.785220+09:00
Customs Fine,110.0,1.0,success,False,2026-08-23T02:52:30.798474+09:00
Customs Flag,49500.0,100.0,success,False,2026-08-21T00:32:45.504063+09:00
Customs Flow,,,failed,False,2026-08-17T21:32:45.123730+09:00
Customs Forge,8100.0,1.0,success,False,2026-08-17T20:42:11.427186+09:00
Customs Form,2400.0,4.0,success,False,2026-08-19T13:21:04.898366+09:00
Customs Format,,,failed,False,2026-08-23T13:05:15.223495+09:00
Customs Frame,33100.0,98.0,success,False,2026-08-17T21:37:30.311680+09:00
Customs Fund,,,failed,False,2026-08-21T02:28:28.588606+09:00
Customs Gate,2900.0,96.0,success,False,2026-08-17T20:31:33.560642+09:00
Customs Generator,590.0,5.0,success,False,2026-08-27T23:32:26.212741+09:00
Customs Giveaway,590.0,75.0,success,False,2026-08-27T21:12:59.208111+09:00
Customs Grade,,,failed,False,2026-08-21T00:32:26.715092+09:00
Customs Graph,,,failed,False,2026-08-27T22:06:46.717056+09:00
Customs Grid,,,failed,False,2026-08-17T20:35:08.080059+09:00
Customs Guarantee,90.0,0.0,success,False,2026-08-28T01:02:54.819638+09:00
Customs Guard,320.0,8.0,success,False,2026-08-17T21:35:52.306880+09:00
Customs Guardian,,,failed,False,2026-08-28T00:22:04.244333+09:00
Customs Guidebook,,,failed,False,2026-08-18T22:06:59.160335+09:00
Customs Helpdesk,40.0,5.0,success,False,2026-08-27T22:44:52.843533+09:00
Customs Helper,,,failed,False,2026-08-28T00:22:09.034750+09:00
Customs History,260.0,0.0,success,False,2026-08-19T20:39:50.711958+09:00
Customs Hotline,170.0,0.0,success,False,2026-08-19T21:11:27.369189+09:00
Customs Hub,2400.0,6.0,success,False,2026-08-17T21:31:33.014186+09:00
Customs Identifier,,,failed,False,2026-08-23T13:05:04.506045+09:00
Customs Incentive,,,failed,False,2026-08-27T21:12:56.642443+09:00
Customs Index,,,failed,False,2026-08-19T21:10:33.360879+09:00
Customs Insight,,,failed,False,2026-08-17T23:25:05.910381+09:00
Customs Installment,,,failed,False,2026-08-23T16:12:08.472275+09:00
Customs Interest,,,failed,False,2026-08-23T13:45:43.063828+09:00
Customs Item,10.0,0.0,success,False,2026-08-21T01:56:56.625625+09:00
Customs Journal,6600.0,100.0,success,False,2026-08-18T22:06:43.515975+09:00
Customs Keeper,,,failed,False,2026-08-17T21:38:03.717082+09:00
Customs Kit,,,failed,False,2026-08-27T22:44:43.447057+09:00
Customs Lab,2400.0,15.0,success,False,2026-08-17T20:48:44.119140+09:00
Customs Label,90.0,13.0,success,False,2026-08-27T22:06:51.467328+09:00
Customs Ledger,,,failed,False,2026-08-17T21:34:17.965302+09:00
Customs Lens,,,failed,False,2026-08-17T21:38:35.218560+09:00
Customs Level,,,failed,False,2026-08-19T20:40:08.745376+09:00
Customs Levy,20.0,1.0,success,False,2026-08-23T13:45:46.037867+09:00
Customs Link,8100.0,24.0,success,False,2026-08-23T03:15:06.713636+09:00
Customs List,880.0,4.0,success,False,2026-08-19T21:55:12.102159+09:00
Customs Loan,,,failed,False,2026-08-21T02:12:49.636286+09:00
Customs Locator,,,failed,False,2026-08-18T23:59:30.074918+09:00
Customs Lock,590.0,98.0,success,False,2026-08-18T07:43:31.933030+09:00
Customs Log,,,failed,False,2026-08-19T13:20:50.883072+09:00
Customs Loop,,,failed,False,2026-08-17T20:36:06.570384+09:00
Customs Manager,260.0,3.0,success,False,2026-08-17T21:36:52.396982+09:00
Customs Manual,210.0,6.0,success,False,2026-08-27T22:06:55.016444+09:00
Customs Map,49500.0,11.0,success,False,2026-08-17T21:40:51.783967+09:00
Customs Markup,,,failed,False,2026-08-23T16:37:42.888726+09:00
Customs Memo,,,failed,False,2026-08-21T00:32:31.934653+09:00
Customs Message,,,failed,False,2026-08-27T23:10:19.958354+09:00
Customs Meter,,,failed,False,2026-08-17T20:40:15.034726+09:00
Customs Metrics,,,failed,False,2026-08-17T23:05:47.972316+09:00
Customs Monitor,,,failed,False,2026-08-17T23:11:13.383500+09:00
Customs Navigator,,,failed,False,2026-08-17T23:25:55.806145+09:00
Customs Nexus,170.0,1.0,success,False,2026-08-18T07:52:20.987077+09:00
Customs Node,,,failed,False,2026-08-17T20:32:41.344957+09:00
Customs Note,480.0,98.0,success,False,2026-08-19T13:23:10.003028+09:00
Customs Notification,1900.0,1.0,success,False,2026-08-27T22:44:39.489901+09:00
Customs Number,390.0,4.0,success,False,2026-08-23T03:14:59.429482+09:00
Customs Office,12100.0,2.0,success,False,2026-08-19T00:00:01.654497+09:00
Customs Ops,,,failed,False,2026-08-17T23:04:36.399044+09:00
Customs Order,4400.0,12.0,success,False,2026-08-19T21:54:34.064665+09:00
Customs Organizer,,,failed,False,2026-08-17T23:24:49.201687+09:00
Customs Overdue,,,failed,False,2026-08-27T21:45:56.763524+09:00
Customs Panel,,,failed,False,2026-08-17T20:41:50.983322+09:00
Customs Pass,320.0,37.0,success,False,2026-08-21T00:31:47.591094+09:00
Customs Path,,,failed,False,2026-08-17T20:32:07.300250+09:00
Customs Penalty,50.0,0.0,success,False,2026-08-23T16:37:40.797403+09:00
Customs Petition,,,failed,False,2026-08-21T01:05:28.222738+09:00
Customs Pilot,1600.0,100.0,success,False,2026-08-17T21:30:24.502544+09:00
Customs Plan,6600.0,100.0,success,False,2026-08-21T01:57:05.042237+09:00
Customs Planner,,,failed,False,2026-08-17T23:24:23.365405+09:00
Customs Playbook,,,failed,False,2026-08-18T22:06:31.917725+09:00
Customs Point,320.0,3.0,success,False,2026-08-18T07:43:31.933030+09:00
Customs Portal,74000.0,0.0,success,True,2026-08-17T20:43:30.530213+09:00
Customs Preview,,,failed,False,2026-08-28T01:02:51.015649+09:00
Customs Profile,,,failed,False,2026-08-19T13:23:28.561494+09:00
Customs Profit,,,failed,False,2026-08-23T02:52:23.717366+09:00
Customs Pulse,,,failed,False,2026-08-17T20:34:16.019094+09:00
Customs Queue,110.0,29.0,success,False,2026-08-19T21:10:58.611553+09:00
Customs Quota,,,failed,False,2026-08-21T00:32:38.054061+09:00
Customs Radar,,,failed,False,2026-08-17T20:46:51.703605+09:00
Customs Rail,,,failed,False,2026-08-17T20:36:35.862750+09:00
Customs Rate,1300.0,0.0,success,True,2026-08-19T20:40:17.061535+09:00
Customs Recap,,,failed,False,2026-08-21T01:07:59.313235+09:00
Customs Receipt,1000.0,78.0,success,False,2026-08-19T21:54:53.460475+09:00
Customs Recorder,,,failed,False,2026-08-27T23:32:33.346775+09:00
Customs Redemption,,,failed,False,2026-08-23T16:37:01.033816+09:00
Customs Register,1000.0,17.0,success,False,2026-08-17T23:26:10.639676+09:00
Customs Registry,,,failed,False,2026-08-18T22:07:07.445674+09:00
Customs Relay,,,failed,False,2026-08-17T20:45:48.787557+09:00
Customs Reminder,,,failed,False,2026-08-19T21:10:13.375829+09:00
Customs Report,70.0,0.0,success,False,2026-08-19T13:29:22.570342+09:00
Customs Repository,,,failed,False,2026-08-27T23:10:31.050648+09:00
Customs Result,90.0,0.0,success,False,2026-08-28T00:46:09.802311+09:00
Customs Roadmap,,,failed,False,2026-08-18T22:07:49.432223+09:00
Customs Roster,,,failed,False,2026-08-19T00:37:00.689265+09:00
Customs Route,10.0,0.0,success,False,2026-08-17T20:38:24.877008+09:00
Customs Rule,880.0,0.0,success,False,2026-08-23T03:15:10.473494+09:00
Customs Sale,40.0,0.0,success,False,2026-08-21T02:28:36.980709+09:00
Customs Sample,,,failed,False,2026-08-19T21:55:49.933305+09:00
Customs Scale,,,failed,False,2026-08-17T20:39:20.129592+09:00
Customs Scheduler,,,failed,False,2026-08-17T23:03:58.711434+09:00
Customs Scope,,,failed,False,2026-08-17T20:37:03.531282+09:00
Customs Score,,,failed,False,2026-08-19T13:22:59.111226+09:00
Customs Sentry,,,failed,False,2026-08-17T21:39:28.354494+09:00
Customs Sheet,20.0,3.0,success,False,2026-08-19T13:21:55.310171+09:00
Customs Signal,,,failed,False,2026-08-17T20:38:53.767345+09:00
Customs Signature,,,failed,False,2026-08-23T13:26:40.982312+09:00
Customs Slip,30.0,1.0,success,False,2026-08-19T21:55:41.048712+09:00
Customs Slot,,,failed,False,2026-08-19T21:56:01.385775+09:00
Customs Snapshot,,,failed,False,2026-08-18T22:06:52.142585+09:00
Customs Stage,,,failed,False,2026-08-28T00:46:06.331363+09:00
Customs Stake,,,failed,False,2026-08-23T02:52:28.484811+09:00
Customs Stamp,49500.0,100.0,success,False,2026-08-23T13:26:40.982312+09:00
Customs Statement,10.0,0.0,success,False,2026-08-21T00:32:13.850788+09:00
Customs Station,1300.0,13.0,success,False,2026-08-17T20:47:25.656493+09:00
Customs Status,110.0,1.0,success,False,2026-08-19T20:39:35.461909+09:00
Customs Stub,,,failed,False,2026-08-21T00:32:06.767489+09:00
Customs Studio,,,failed,False,2026-08-17T21:30:57.458125+09:00
Customs Suite,,,failed,False,2026-08-17T23:04:56.078956+09:00
Customs Sum,,,failed,False,2026-08-21T02:28:22.675348+09:00
Customs Summary,10.0,0.0,success,False,2026-08-19T21:09:46.410901+09:00
Customs Surtax,,,failed,False,2026-08-23T15:50:49.697674+09:00
Customs Sync,,,failed,False,2026-08-17T21:33:42.291802+09:00
Customs Tab,,,failed,False,2026-08-21T00:32:50.317142+09:00
Customs Table,,,failed,False,2026-08-19T21:55:20.954175+09:00
Customs Tag,5400.0,100.0,success,False,2026-08-19T13:23:19.735168+09:00
Customs Tally,,,failed,False,2026-08-21T00:32:18.028421+09:00
Customs Tariff,12100.0,0.0,success,True,2026-08-21T02:36:37.228119+09:00
Customs Tax,2900.0,2.0,success,False,2026-08-21T02:12:43.354957+09:00
Customs Terminal,480.0,1.0,success,False,2026-08-17T23:11:53.398319+09:00
Customs Ticket,1300.0,100.0,success,False,2026-08-19T21:10:44.368255+09:00
Customs Timeline,10.0,0.0,success,False,2026-08-19T21:09:59.006110+09:00
Customs Timer,1600.0,11.0,success,False,2026-08-28T00:22:01.777271+09:00
Customs Toll,480.0,3.0,success,False,2026-08-21T02:43:50.740440+09:00
Customs Toolbox,,,failed,False,2026-08-28T00:22:09.034750+09:00
Customs Toolkit,,,failed,False,2026-08-18T22:06:23.871734+09:00
Customs Total,,,failed,False,2026-08-27T23:10:24.868971+09:00
Customs Tracker,2400.0,4.0,success,False,2026-08-17T21:34:50.586670+09:00
Customs Trail,,,failed,False,2026-08-17T20:35:38.392873+09:00
Customs Trend,,,failed,False,2026-08-28T01:02:39.668408+09:00
Customs Trial,50.0,13.0,success,False,2026-08-27T21:12:51.148194+09:00
Customs Unit,210.0,20.0,success,False,2026-08-21T01:57:02.115497+09:00
Customs Update,590.0,0.0,success,False,2026-08-19T20:40:26.363458+09:00
Customs Value,1300.0,1.0,success,False,2026-08-23T02:52:26.045301+09:00
Customs Vault,,,failed,False,2026-08-17T20:44:45.631544+09:00
Customs View,,,failed,False,2026-08-19T20:39:41.503731+09:00
Customs Voucher,,,failed,False,2026-08-21T00:31:52.807063+09:00
Customs Watch,70.0,23.0,success,False,2026-08-17T20:38:03.705761+09:00
Customs Wave,,,failed,False,2026-08-17T20:33:16.020559+09:00
Customs Widget,,,failed,False,2026-08-27T23:10:28.498213+09:00
Customs Workbench,,,failed,False,2026-08-18T22:06:14.738388+09:00
Customs Worksheet,140.0,19.0,success,False,2026-08-27T22:06:55.016444+09:00
Customs Workshop,,,failed,False,2026-08-28T00:22:01.777271+09:00
Customs Zone,720.0,6.0,success,False,2026-08-17T20:44:21.106446+09:00
Cylinder Advance,,,failed,False,2026-08-23T16:15:47.536999+09:00
Cylinder Advisory,,,failed,False,2026-08-21T01:02:14.395969+09:00
Cylinder Allowance,,,failed,False,2026-08-21T02:40:41.069615+09:00
Cylinder Almanac,,,failed,False,2026-08-18T22:07:33.444344+09:00
Cylinder Analyzer,,,failed,False,2026-08-27T23:58:52.704840+09:00
Cylinder Anchor,20.0,22.0,success,False,2026-08-18T22:10:06.625362+09:00
Cylinder Arrears,,,failed,False,2026-08-23T16:15:47.536999+09:00
Cylinder Asset,,,failed,False,2026-08-23T13:47:40.781383+09:00
Cylinder Assistant,,,failed,False,2026-08-18T22:04:23.726026+09:00
Cylinder Atlas,,,failed,False,2026-08-18T22:03:07.731550+09:00
Cylinder Attribute,,,failed,False,2026-08-23T13:07:39.256451+09:00
Cylinder Base,1300.0,18.0,success,False,2026-08-18T22:12:02.089704+09:00
Cylinder Beacon,,,failed,False,2026-08-18T22:09:34.112352+09:00
Cylinder Bill,70.0,0.0,success,False,2026-08-19T22:06:04.414832+09:00
Cylinder Blueprint,50.0,0.0,success,False,2026-08-18T22:07:26.351718+09:00
Cylinder Board,110.0,3.0,success,False,2026-08-18T22:12:23.623332+09:00
Cylinder Book,12100.0,2.0,success,False,2026-08-19T22:06:56.710970+09:00
Cylinder Bridge,40.0,0.0,success,False,2026-08-18T22:09:58.381010+09:00
Cylinder Brief,,,failed,False,2026-08-21T01:00:13.557875+09:00
Cylinder Bulletin,,,failed,False,2026-08-21T01:00:09.157430+09:00
Cylinder Cabinet,320.0,79.0,success,False,2026-08-27T23:15:55.855078+09:00
Cylinder Calendar,90.0,0.0,success,False,2026-08-19T00:01:32.528747+09:00
Cylinder Card,90.0,1.0,success,False,2026-08-19T13:31:38.491721+09:00
Cylinder Cascade,170.0,25.0,success,False,2026-08-18T22:09:49.300650+09:00
Cylinder Cash,,,failed,False,2026-08-21T02:25:06.190150+09:00
Cylinder Cashback,10.0,0.0,success,False,2026-08-27T21:18:10.943632+09:00
Cylinder Category,10.0,1.0,success,False,2026-08-23T13:07:39.256451+09:00
Cylinder Center,70.0,5.0,success,False,2026-08-18T23:50:43.504897+09:00
Cylinder Chain,140.0,57.0,success,False,2026-08-18T23:50:43.504897+09:00
Cylinder Charge,170.0,0.0,success,False,2026-08-21T02:40:30.595557+09:00
Cylinder Check,110.0,1.0,success,False,2026-08-19T13:31:52.943506+09:00
Cylinder Checker,,,failed,False,2026-08-27T23:58:48.183628+09:00
Cylinder Circular,,,failed,False,2026-08-21T01:00:18.302882+09:00
Cylinder Cockpit,,,failed,False,2026-08-18T22:05:32.001911+09:00
Cylinder Code,170.0,0.0,success,False,2026-08-19T22:06:26.107612+09:00
Cylinder Codex,,,failed,False,2026-08-18T22:07:49.432223+09:00
Cylinder Companion,,,failed,False,2026-08-18T22:05:57.658157+09:00
Cylinder Comparison,,,failed,False,2026-08-28T01:08:47.729422+09:00
Cylinder Compass,,,failed,False,2026-08-18T22:09:25.652147+09:00
Cylinder Compendium,,,failed,False,2026-08-18T22:07:42.473360+09:00
Cylinder Confirmation,,,failed,False,2026-08-21T01:00:31.922622+09:00
Cylinder Console,,,failed,False,2026-08-18T23:50:43.504897+09:00
Cylinder Core,320.0,69.0,success,False,2026-08-18T22:12:08.779533+09:00
Cylinder Cost,480.0,1.0,success,False,2026-08-21T02:09:21.519694+09:00
Cylinder Count,90.0,1.0,success,False,2026-08-27T22:50:26.115784+09:00
Cylinder Counter,90.0,1.0,success,False,2026-08-19T00:02:18.071698+09:00
Cylinder Coupon,,,failed,False,2026-08-27T21:18:05.577940+09:00
Cylinder Dashboard,,,failed,False,2026-08-18T22:05:42.226060+09:00
Cylinder Deal,,,failed,False,2026-08-21T01:53:18.147315+09:00
Cylinder Debt,,,failed,False,2026-08-21T02:24:56.488655+09:00
Cylinder Deck,30.0,0.0,success,False,2026-08-18T23:50:43.504897+09:00
Cylinder Depot,140.0,1.0,success,False,2026-08-19T00:02:04.506577+09:00
Cylinder Desk,210.0,100.0,success,False,2026-08-18T22:08:54.791738+09:00
Cylinder Detail,,,failed,False,2026-08-23T03:19:56.707699+09:00
Cylinder Detector,,,failed,False,2026-08-27T23:58:52.704840+09:00
Cylinder Diagram,1600.0,0.0,success,True,2026-08-27T22:13:53.849783+09:00
Cylinder Dial,20.0,3.0,success,False,2026-08-18T23:50:45.272797+09:00
Cylinder Digest,,,failed,False,2026-08-19T20:46:49.166137+09:00
Cylinder Directory,,,failed,False,2026-08-19T00:01:40.731758+09:00
Cylinder Discount,,,failed,False,2026-08-23T16:15:40.537214+09:00
Cylinder Dock,,,failed,False,2026-08-18T23:50:45.272797+09:00
Cylinder Dossier,,,failed,False,2026-08-21T01:00:36.022676+09:00
Cylinder Downpayment,,,failed,False,2026-08-27T21:49:22.679951+09:00
Cylinder Due,,,failed,False,2026-08-23T15:52:22.475978+09:00
Cylinder Duty,,,failed,False,2026-08-21T02:40:33.895660+09:00
Cylinder Engine,9900.0,10.0,success,False,2026-08-18T22:04:12.568895+09:00
Cylinder Entry,,,failed,False,2026-08-21T01:00:48.316316+09:00
Cylinder Estimate,,,failed,False,2026-08-19T21:32:34.534523+09:00
Cylinder Estimator,,,failed,False,2026-08-27T23:58:45.722079+09:00
Cylinder Excerpt,,,failed,False,2026-08-21T01:02:23.111892+09:00
Cylinder Fare,,,failed,False,2026-08-21T02:09:31.680775+09:00
Cylinder Fee,20.0,0.0,success,False,2026-08-21T01:52:57.109358+09:00
Cylinder Feed,,,failed,False,2026-08-19T20:46:54.929939+09:00
Cylinder File,90.0,40.0,success,False,2026-08-19T20:46:27.543041+09:00
Cylinder Finder,,,failed,False,2026-08-19T00:01:57.884072+09:00
Cylinder Fine,10.0,0.0,success,False,2026-08-23T02:55:21.397263+09:00
Cylinder Flag,50.0,20.0,success,False,2026-08-21T00:26:39.162393+09:00
Cylinder Flow,590.0,1.0,success,False,2026-08-18T22:08:28.742242+09:00
Cylinder Forge,,,failed,False,2026-08-18T22:09:42.242317+09:00
Cylinder Form,390.0,8.0,success,False,2026-08-19T13:31:17.650623+09:00
Cylinder Format,390.0,8.0,success,False,2026-08-23T13:07:43.906174+09:00
Cylinder Frame,140.0,2.0,success,False,2026-08-18T22:11:53.253087+09:00
Cylinder Fund,,,failed,False,2026-08-21T02:25:03.924004+09:00
Cylinder Gate,210.0,24.0,success,False,2026-08-18T22:02:48.638128+09:00
Cylinder Giveaway,,,failed,False,2026-08-27T21:18:16.007823+09:00
Cylinder Grade,,,failed,False,2026-08-21T00:26:23.518919+09:00
Cylinder Grid,70.0,0.0,success,False,2026-08-18T22:10:45.324652+09:00
Cylinder Guarantee,,,failed,False,2026-08-28T01:08:52.515259+09:00
Cylinder Guard,390.0,23.0,success,False,2026-08-18T22:08:07.311207+09:00
Cylinder Guidebook,,,failed,False,2026-08-18T22:07:09.458547+09:00
Cylinder Helpdesk,,,failed,False,2026-08-27T22:50:28.774616+09:00
Cylinder Helper,,,failed,False,2026-08-28T00:27:21.214223+09:00
Cylinder History,30.0,0.0,success,False,2026-08-19T20:46:21.996527+09:00
Cylinder Hub,140.0,1.0,success,False,2026-08-18T22:08:36.440640+09:00
Cylinder Identifier,,,failed,False,2026-08-23T13:07:37.097248+09:00
Cylinder Incentive,,,failed,False,2026-08-27T21:18:13.822548+09:00
Cylinder Index,30.0,0.0,success,False,2026-08-19T21:32:28.691012+09:00
Cylinder Insight,,,failed,False,2026-08-18T22:05:13.758359+09:00
Cylinder Installment,,,failed,False,2026-08-23T16:15:43.832612+09:00
Cylinder Item,320.0,0.0,success,False,2026-08-21T01:53:02.269948+09:00
Cylinder Journal,10.0,0.0,success,False,2026-08-18T22:06:52.142585+09:00
Cylinder Keeper,10.0,97.0,success,False,2026-08-18T22:03:30.222566+09:00
Cylinder Kit,1600.0,25.0,success,False,2026-08-27T22:50:21.429751+09:00
Cylinder Lab,880.0,67.0,success,False,2026-08-18T23:50:45.272797+09:00
Cylinder Label,390.0,6.0,success,False,2026-08-27T22:13:39.158515+09:00
Cylinder Ledger,,,failed,False,2026-08-18T22:12:17.661018+09:00
Cylinder Lens,14800.0,6.0,success,False,2026-08-18T22:11:43.174107+09:00
Cylinder Level,30.0,3.0,success,False,2026-08-19T20:46:33.393422+09:00
Cylinder Link,30.0,17.0,success,False,2026-08-23T03:19:49.312069+09:00
Cylinder List,110.0,0.0,success,False,2026-08-19T22:06:35.304978+09:00
Cylinder Loan,,,failed,False,2026-08-21T02:09:44.145059+09:00
Cylinder Locator,,,failed,False,2026-08-19T00:01:46.968095+09:00
Cylinder Lock,22200.0,100.0,success,False,2026-08-18T22:11:27.427914+09:00
Cylinder Log,50.0,1.0,success,False,2026-08-19T13:31:05.950766+09:00
Cylinder Loop,,,failed,False,2026-08-18T22:10:36.115087+09:00
Cylinder Manager,10.0,0.0,success,False,2026-08-18T22:03:51.381490+09:00
Cylinder Manual,,,failed,False,2026-08-27T22:13:43.125947+09:00
Cylinder Map,480.0,0.0,success,False,2026-08-18T22:11:37.206712+09:00
Cylinder Markup,,,failed,False,2026-08-23T16:39:41.135046+09:00
Cylinder Memo,,,failed,False,2026-08-21T00:26:28.007677+09:00
Cylinder Message,20.0,0.0,success,False,2026-08-27T23:15:49.054288+09:00
Cylinder Meter,140.0,56.0,success,False,2026-08-18T23:50:45.272797+09:00
Cylinder Metrics,,,failed,False,2026-08-18T22:05:23.943754+09:00
Cylinder Monitor,10.0,2.0,success,False,2026-08-18T22:05:06.428384+09:00
Cylinder Navigator,,,failed,False,2026-08-18T22:05:50.321080+09:00
Cylinder Nexus,,,failed,False,2026-08-18T22:02:56.704517+09:00
Cylinder Node,,,failed,False,2026-08-18T22:02:38.118746+09:00
Cylinder Note,,,failed,False,2026-08-19T13:32:09.131651+09:00
Cylinder Notification,,,failed,False,2026-08-27T22:50:16.948494+09:00
Cylinder Number,1000.0,0.0,success,True,2026-08-23T03:19:40.807348+09:00
Cylinder Office,140.0,0.0,success,False,2026-08-19T00:02:12.644181+09:00
Cylinder Ops,,,failed,False,2026-08-18T22:06:16.619003+09:00
Cylinder Order,260.0,0.0,success,False,2026-08-19T22:05:54.572880+09:00
Cylinder Organizer,50.0,33.0,success,False,2026-08-18T22:04:53.198463+09:00
Cylinder Outline,390.0,0.0,success,False,2026-08-27T22:29:20.594574+09:00
Cylinder Overage,,,failed,False,2026-08-27T21:49:20.358831+09:00
Cylinder Overdue,,,failed,False,2026-08-27T21:49:15.770523+09:00
Cylinder Panel,20.0,0.0,success,False,2026-08-18T23:50:45.272797+09:00
Cylinder Pass,,,failed,False,2026-08-21T00:25:50.747055+09:00
Cylinder Path,,,failed,False,2026-08-18T22:11:09.923371+09:00
Cylinder Payoff,,,failed,False,2026-08-27T21:49:18.001663+09:00
Cylinder Petition,,,failed,False,2026-08-21T01:00:27.646290+09:00
Cylinder Pilot,,,failed,False,2026-08-18T22:08:45.047635+09:00
Cylinder Plan,40.0,0.0,success,False,2026-08-21T01:53:12.594886+09:00
Cylinder Planner,,,failed,False,2026-08-18T22:04:34.092675+09:00
Cylinder Playbook,,,failed,False,2026-08-18T22:06:43.515975+09:00
Cylinder Point,40.0,0.0,success,False,2026-08-18T22:11:16.114719+09:00
Cylinder Portal,10.0,0.0,success,False,2026-08-18T23:50:45.272797+09:00
Cylinder Profile,590.0,95.0,success,False,2026-08-19T13:32:31.593655+09:00
Cylinder Profit,,,failed,False,2026-08-23T02:55:08.559599+09:00
Cylinder Proposal,,,failed,False,2026-08-28T01:08:52.515259+09:00
Cylinder Pulse,,,failed,False,2026-08-18T22:10:53.801114+09:00
Cylinder Radar,,,failed,False,2026-08-18T22:09:01.069434+09:00
Cylinder Rail,30.0,23.0,success,False,2026-08-18T23:50:45.272797+09:00
Cylinder Rate,4400.0,0.0,success,True,2026-08-19T20:46:39.045000+09:00
Cylinder Recap,,,failed,False,2026-08-21T01:02:20.703041+09:00
Cylinder Receipt,10.0,0.0,success,False,2026-08-19T22:06:12.556669+09:00
Cylinder Register,140.0,0.0,success,False,2026-08-18T22:06:07.690995+09:00
Cylinder Registry,,,failed,False,2026-08-18T22:07:16.682645+09:00
Cylinder Relay,,,failed,False,2026-08-18T22:09:09.487365+09:00
Cylinder Reminder,,,failed,False,2026-08-19T21:32:23.492274+09:00
Cylinder Report,20.0,0.0,success,False,2026-08-19T13:31:00.342217+09:00
Cylinder Roadmap,,,failed,False,2026-08-18T22:07:58.079048+09:00
Cylinder Roster,,,failed,False,2026-08-19T00:36:36.073889+09:00
Cylinder Route,,,failed,False,2026-08-18T23:50:45.272797+09:00
Cylinder Rule,210.0,0.0,success,False,2026-08-23T03:19:53.710314+09:00
Cylinder Sale,70.0,12.0,success,False,2026-08-21T02:25:09.393326+09:00
Cylinder Sample,720.0,12.0,success,False,2026-08-19T22:07:21.096531+09:00
Cylinder Scale,140.0,99.0,success,False,2026-08-18T23:50:45.272797+09:00
Cylinder Scanner,30.0,4.0,success,False,2026-08-27T23:58:48.183628+09:00
Cylinder Scheduler,,,failed,False,2026-08-18T22:04:44.992531+09:00
Cylinder Schematic,40.0,0.0,success,False,2026-08-27T22:29:16.006701+09:00
Cylinder Scope,110.0,100.0,success,False,2026-08-18T22:10:27.962314+09:00
Cylinder Score,10.0,0.0,success,False,2026-08-19T13:32:02.705004+09:00
Cylinder Sentry,,,failed,False,2026-08-18T22:03:18.976552+09:00
Cylinder Sheet,20.0,0.0,success,False,2026-08-19T13:31:47.223941+09:00
Cylinder Shortfall,,,failed,False,2026-08-27T21:49:24.879038+09:00
Cylinder Signal,,,failed,False,2026-08-18T22:10:12.310168+09:00
Cylinder Slip,70.0,51.0,success,False,2026-08-19T22:07:06.557200+09:00
Cylinder Slot,590.0,75.0,success,False,2026-08-19T22:07:28.246340+09:00
Cylinder Snapshot,,,failed,False,2026-08-18T22:07:01.170489+09:00
Cylinder Stake,,,failed,False,2026-08-23T02:55:13.896073+09:00
Cylinder Statement,,,failed,False,2026-08-21T00:26:13.350270+09:00
Cylinder Station,30.0,22.0,success,False,2026-08-18T23:50:45.272797+09:00
Cylinder Status,70.0,16.0,success,False,2026-08-19T20:46:10.724712+09:00
Cylinder Studio,590.0,5.0,success,False,2026-08-18T23:50:45.272797+09:00
Cylinder Suite,,,failed,False,2026-08-18T22:04:03.001846+09:00
Cylinder Sum,,,failed,False,2026-08-21T02:24:52.539486+09:00
Cylinder Summary,,,failed,False,2026-08-19T21:32:08.265719+09:00
Cylinder Sync,,,failed,False,2026-08-18T22:08:21.500006+09:00
Cylinder Table,720.0,100.0,success,False,2026-08-19T22:06:47.930339+09:00
Cylinder Tag,140.0,76.0,success,False,2026-08-19T13:32:19.751583+09:00
Cylinder Tally,,,failed,False,2026-08-21T00:26:18.251155+09:00
Cylinder Tariff,,,failed,False,2026-08-21T02:40:43.977421+09:00
Cylinder Tax,10.0,0.0,success,False,2026-08-21T02:09:35.775353+09:00
Cylinder Terminal,,,failed,False,2026-08-18T23:50:45.272797+09:00
Cylinder Ticket,10.0,0.0,success,False,2026-08-19T21:32:30.611292+09:00
Cylinder Tier,,,failed,False,2026-08-28T00:48:57.800361+09:00
Cylinder Timeline,10.0,0.0,success,False,2026-08-19T21:32:15.548375+09:00
Cylinder Toll,,,failed,False,2026-08-21T02:40:38.159052+09:00
Cylinder Toolbox,,,failed,False,2026-08-28T00:27:21.214223+09:00
Cylinder Toolkit,,,failed,False,2026-08-18T22:06:35.395449+09:00
Cylinder Total,210.0,2.0,success,False,2026-08-27T23:15:53.344715+09:00
Cylinder Tracker,10.0,1.0,success,False,2026-08-18T22:08:12.988621+09:00
Cylinder Trail,,,failed,False,2026-08-18T23:50:45.272797+09:00
Cylinder Trial,,,failed,False,2026-08-27T21:18:13.822548+09:00
Cylinder Unit,880.0,0.0,success,False,2026-08-21T01:53:07.082720+09:00
Cylinder Update,140.0,0.0,success,False,2026-08-19T20:46:44.181940+09:00
Cylinder Value,720.0,1.0,success,False,2026-08-23T02:55:10.666436+09:00
Cylinder Vault,,,failed,False,2026-08-18T22:09:17.362565+09:00
Cylinder Version,10.0,0.0,success,False,2026-08-23T03:19:44.954715+09:00
Cylinder View,70.0,1.0,success,False,2026-08-19T20:46:16.448832+09:00
Cylinder Voucher,40.0,0.0,success,False,2026-08-21T00:25:54.977191+09:00
Cylinder Watch,170.0,45.0,success,False,2026-08-18T22:10:20.360888+09:00
Cylinder Wave,10.0,0.0,success,False,2026-08-18T22:11:01.803326+09:00
Cylinder Widget,,,failed,False,2026-08-27T23:15:53.344715+09:00
Cylinder Workbench,,,failed,False,2026-08-18T22:06:25.984558+09:00
Cylinder Worksheet,260.0,0.0,success,False,2026-08-27T22:13:48.271988+09:00
Cylinder Workshop,,,failed,False,2026-08-28T00:27:17.609628+09:00
Cylinder Zone,,,failed,False,2026-08-18T23:50:45.272797+09:00
Damage Advance,,,failed,False,2026-08-23T16:13:26.521734+09:00
Damage Advisory,,,failed,False,2026-08-21T01:00:11.561504+09:00
Damage Alert,,,failed,False,2026-08-19T12:23:56.615526+09:00
Damage Allowance,90.0,0.0,success,False,2026-08-21T02:42:30.088898+09:00
Damage Analyzer,,,failed,False,2026-08-27T23:59:02.052548+09:00
Damage Announcement,,,failed,False,2026-08-27T23:36:25.651250+09:00
Damage Arrears,,,failed,False,2026-08-23T16:13:26.521734+09:00
Damage Assistant,,,failed,False,2026-08-19T00:37:15.495159+09:00
Damage Atlas,10.0,0.0,success,False,2026-08-19T00:37:06.709542+09:00
Damage Badge,50.0,0.0,success,False,2026-08-21T00:36:21.244854+09:00
Damage Balance,10.0,0.0,success,False,2026-08-23T13:45:48.186439+09:00
Damage Base,,,failed,False,2026-08-19T00:38:43.028128+09:00
Damage Beacon,,,failed,False,2026-08-19T00:38:13.320545+09:00
Damage Bill,90.0,0.0,success,False,2026-08-19T21:57:01.942587+09:00
Damage Board,50.0,0.0,success,False,2026-08-19T00:38:50.428870+09:00
Damage Book,2400.0,5.0,success,False,2026-08-19T21:57:56.725251+09:00
Damage Bridge,390.0,0.0,success,False,2026-08-19T00:38:22.287042+09:00
Damage Brief,20.0,0.0,success,False,2026-08-21T01:00:01.570868+09:00
Damage Bulletin,,,failed,False,2026-08-21T00:59:58.992040+09:00
Damage Calculator,27100.0,0.0,success,True,2026-08-27T23:36:29.882311+09:00
Damage Calendar,,,failed,False,2026-08-19T00:37:30.886042+09:00
Damage Card,1300.0,1.0,success,False,2026-08-19T13:35:34.985408+09:00
Damage Cascade,,,failed,False,2026-08-19T00:38:18.682483+09:00
Damage Cash,,,failed,False,2026-08-21T02:25:59.297290+09:00
Damage Catalog,,,failed,False,2026-08-19T21:11:02.607888+09:00
Damage Category,70.0,5.0,success,False,2026-08-23T13:10:01.579263+09:00
Damage Center,,,failed,False,2026-08-19T00:36:36.073889+09:00
Damage Chain,40.0,0.0,success,False,2026-08-19T00:36:57.137576+09:00
Damage Charge,2400.0,0.0,success,True,2026-08-21T02:42:20.398693+09:00
Damage Check,320.0,5.0,success,False,2026-08-19T13:36:19.763333+09:00
Damage Checker,,,failed,False,2026-08-27T23:58:55.210944+09:00
Damage Checklist,10.0,0.0,success,False,2026-08-19T21:10:07.849360+09:00
Damage Circular,,,failed,False,2026-08-21T01:02:10.080773+09:00
Damage Code,170.0,0.0,success,False,2026-08-19T21:57:22.115019+09:00
Damage Companion,,,failed,False,2026-08-19T00:37:21.857423+09:00
Damage Comparison,30.0,0.0,success,False,2026-08-28T01:01:55.633503+09:00
Damage Compass,,,failed,False,2026-08-19T00:38:13.320545+09:00
Damage Confirmation,,,failed,False,2026-08-21T01:00:20.571072+09:00
Damage Console,,,failed,False,2026-08-19T00:36:42.974778+09:00
Damage Contribution,,,failed,False,2026-08-23T16:13:24.161828+09:00
Damage Core,30.0,0.0,success,False,2026-08-19T00:38:45.524694+09:00
Damage Cost,390.0,0.0,success,False,2026-08-21T02:09:12.482274+09:00
Damage Count,590.0,30.0,success,False,2026-08-27T22:49:39.100911+09:00
Damage Counter,590.0,30.0,success,False,2026-08-19T00:37:37.516387+09:00
Damage Deal,20.0,0.0,success,False,2026-08-21T01:52:06.168283+09:00
Damage Debt,,,failed,False,2026-08-21T02:25:50.623607+09:00
Damage Deck,140.0,3.0,success,False,2026-08-19T00:38:52.130938+09:00
Damage Desk,,,failed,False,2026-08-19T00:38:02.838044+09:00
Damage Detail,40.0,0.0,success,False,2026-08-23T03:23:19.130954+09:00
Damage Detector,110.0,3.0,success,False,2026-08-27T23:58:58.371988+09:00
Damage Diagram,10.0,0.0,success,False,2026-08-27T22:11:25.706912+09:00
Damage Digest,,,failed,False,2026-08-19T20:40:06.734480+09:00
Damage Directory,,,failed,False,2026-08-19T00:37:30.886042+09:00
Damage Discount,,,failed,False,2026-08-23T16:13:20.971458+09:00
Damage Dossier,,,failed,False,2026-08-21T01:00:25.578415+09:00
Damage Downpayment,,,failed,False,2026-08-27T21:47:44.451127+09:00
Damage Draft,,,failed,False,2026-08-19T20:40:22.983274+09:00
Damage Due,,,failed,False,2026-08-23T15:51:15.880461+09:00
Damage Duty,,,failed,False,2026-08-21T02:42:25.352468+09:00
Damage Engine,720.0,1.0,success,False,2026-08-19T00:37:13.789014+09:00
Damage Entry,70.0,0.0,success,False,2026-08-21T01:00:38.610881+09:00
Damage Estimate,210.0,13.0,success,False,2026-08-19T21:10:51.939321+09:00
Damage Estimator,40.0,61.0,success,False,2026-08-27T23:58:52.704840+09:00
Damage Excerpt,,,failed,False,2026-08-21T01:02:18.693445+09:00
Damage Fare,,,failed,False,2026-08-21T02:09:21.519694+09:00
Damage Fee,170.0,0.0,success,False,2026-08-21T01:51:47.599222+09:00
Damage Feed,,,failed,False,2026-08-19T20:40:17.061535+09:00
Damage File,210.0,1.0,success,False,2026-08-19T20:39:32.642664+09:00
Damage Finder,10.0,0.0,success,False,2026-08-19T00:37:34.373704+09:00
Damage Fine,,,failed,False,2026-08-23T02:57:17.363671+09:00
Damage Flag,70.0,0.0,success,False,2026-08-21T00:36:50.529911+09:00
Damage Flow,,,failed,False,2026-08-19T00:37:59.032888+09:00
Damage Forge,10.0,0.0,success,False,2026-08-19T00:38:15.765840+09:00
Damage Form,90.0,0.0,success,False,2026-08-19T13:35:23.963790+09:00
Damage Frame,1900.0,0.0,success,True,2026-08-19T00:38:43.028128+09:00
Damage Fund,10.0,0.0,success,False,2026-08-21T02:25:53.601509+09:00
Damage Gate,140.0,3.0,success,False,2026-08-19T00:37:02.474717+09:00
Damage Grade,,,failed,False,2026-08-21T00:36:37.815514+09:00
Damage Graph,,,failed,False,2026-08-27T22:11:14.702550+09:00
Damage Grid,,,failed,False,2026-08-19T00:38:32.004718+09:00
Damage Guarantee,,,failed,False,2026-08-28T01:02:01.499945+09:00
Damage Guardian,10.0,0.0,success,False,2026-08-28T00:27:35.071119+09:00
Damage Helpdesk,,,failed,False,2026-08-27T22:49:39.100911+09:00
Damage Helper,,,failed,False,2026-08-28T00:27:37.736040+09:00
Damage History,140.0,9.0,success,False,2026-08-19T20:39:24.748166+09:00
Damage Hotline,,,failed,False,2026-08-19T21:11:12.970448+09:00
Damage Hub,10.0,0.0,success,False,2026-08-19T00:38:01.073734+09:00
Damage Identifier,,,failed,False,2026-08-23T13:09:58.883939+09:00
Damage Index,40.0,0.0,success,False,2026-08-19T21:10:18.944671+09:00
Damage Installment,,,failed,False,2026-08-23T16:13:20.971458+09:00
Damage Interest,,,failed,False,2026-08-23T13:45:55.611142+09:00
Damage Item,1600.0,0.0,success,True,2026-08-21T01:51:54.787871+09:00
Damage Journal,20.0,0.0,success,False,2026-08-19T00:37:26.885782+09:00
Damage Keeper,,,failed,False,2026-08-19T00:37:08.393662+09:00
Damage Lab,20.0,0.0,success,False,2026-08-19T00:38:56.335177+09:00
Damage Label,210.0,8.0,success,False,2026-08-27T22:11:14.702550+09:00
Damage Ledger,,,failed,False,2026-08-19T00:38:48.376369+09:00
Damage Level,140.0,0.0,success,False,2026-08-19T20:39:41.503731+09:00
Damage Levy,,,failed,False,2026-08-23T13:45:55.611142+09:00
Damage Link,50.0,2.0,success,False,2026-08-23T03:23:11.854221+09:00
Damage List,480.0,0.0,success,False,2026-08-19T21:57:34.491231+09:00
Damage Loan,,,failed,False,2026-08-21T02:09:31.680775+09:00
Damage Log,390.0,0.0,success,False,2026-08-19T13:35:17.832639+09:00
Damage Loop,,,failed,False,2026-08-19T00:38:30.061657+09:00
Damage Manager,10.0,0.0,success,False,2026-08-19T00:37:10.693574+09:00
Damage Manual,110.0,0.0,success,False,2026-08-27T22:11:22.688416+09:00
Damage Marker,50.0,0.0,success,False,2026-08-23T13:26:27.447056+09:00
Damage Markup,,,failed,False,2026-08-23T16:38:36.406605+09:00
Damage Memo,,,failed,False,2026-08-21T00:36:42.590036+09:00
Damage Message,,,failed,False,2026-08-27T23:15:18.585578+09:00
Damage Monitor,22200.0,0.0,success,True,2026-08-19T00:37:20.289190+09:00
Damage Nexus,,,failed,False,2026-08-19T00:37:04.451901+09:00
Damage Note,320.0,0.0,success,False,2026-08-19T13:37:00.513744+09:00
Damage Notification,,,failed,False,2026-08-27T22:49:32.762391+09:00
Damage Number,720.0,0.0,success,False,2026-08-23T03:23:04.042146+09:00
Damage Office,,,failed,False,2026-08-19T00:37:37.516387+09:00
Damage Ops,,,failed,False,2026-08-19T00:37:25.342982+09:00
Damage Order,170.0,0.0,success,False,2026-08-19T21:56:53.361235+09:00
Damage Overage,,,failed,False,2026-08-27T21:47:42.128898+09:00
Damage Overdue,,,failed,False,2026-08-27T21:47:37.465636+09:00
Damage Pass,,,failed,False,2026-08-21T00:36:14.044141+09:00
Damage Path,20.0,0.0,success,False,2026-08-19T00:38:36.857956+09:00
Damage Payoff,,,failed,False,2026-08-27T21:47:39.871299+09:00
Damage Penalty,110.0,0.0,success,False,2026-08-23T16:38:33.746405+09:00
Damage Petition,,,failed,False,2026-08-21T01:00:16.070819+09:00
Damage Plan,9900.0,0.0,success,True,2026-08-21T01:52:03.394231+09:00
Damage Planner,,,failed,False,2026-08-19T00:37:17.107740+09:00
Damage Playbook,,,failed,False,2026-08-19T00:37:25.342982+09:00
Damage Point,90.0,0.0,success,False,2026-08-19T00:38:38.551550+09:00
Damage Portal,70.0,0.0,success,False,2026-08-19T00:36:40.628841+09:00
Damage Preview,40.0,0.0,success,False,2026-08-28T01:01:58.415917+09:00
Damage Profile,50.0,0.0,success,False,2026-08-19T13:37:36.286521+09:00
Damage Profit,,,failed,False,2026-08-23T02:57:10.108047+09:00
Damage Proposal,,,failed,False,2026-08-28T01:01:58.415917+09:00
Damage Queue,,,failed,False,2026-08-19T21:10:39.923410+09:00
Damage Quota,,,failed,False,2026-08-21T00:36:48.316365+09:00
Damage Radar,,,failed,False,2026-08-19T00:38:05.344215+09:00
Damage Rail,,,failed,False,2026-08-19T00:36:50.417664+09:00
Damage Rate,70.0,0.0,success,False,2026-08-19T20:39:50.711958+09:00
Damage Recap,10.0,0.0,success,False,2026-08-21T01:00:29.585982+09:00
Damage Receipt,20.0,0.0,success,False,2026-08-19T21:57:11.207151+09:00
Damage Recorder,,,failed,False,2026-08-27T23:36:29.882311+09:00
Damage Register,40.0,0.0,success,False,2026-08-19T00:37:23.570326+09:00
Damage Relay,,,failed,False,2026-08-19T00:38:08.562035+09:00
Damage Reminder,,,failed,False,2026-08-19T21:09:52.138956+09:00
Damage Report,2400.0,0.0,success,True,2026-08-19T13:35:09.228952+09:00
Damage Repository,,,failed,False,2026-08-27T23:15:30.690091+09:00
Damage Result,10.0,0.0,success,False,2026-08-28T00:49:15.650056+09:00
Damage Ring,880.0,2.0,success,False,2026-08-19T00:37:00.689265+09:00
Damage Roster,,,failed,False,2026-08-19T00:37:53.742610+09:00
Damage Route,,,failed,False,2026-08-19T00:36:50.417664+09:00
Damage Rule,,,failed,False,2026-08-23T03:23:15.682212+09:00
Damage Sale,30.0,0.0,success,False,2026-08-21T02:26:02.985234+09:00
Damage Sample,20.0,0.0,success,False,2026-08-19T21:58:17.004802+09:00
Damage Scale,170.0,0.0,success,False,2026-08-19T00:36:48.669353+09:00
Damage Scanner,,,failed,False,2026-08-27T23:58:58.371988+09:00
Damage Scope,,,failed,False,2026-08-19T00:38:30.061657+09:00
Damage Score,20.0,0.0,success,False,2026-08-19T13:36:50.709528+09:00
Damage Serial,10.0,0.0,success,False,2026-08-23T13:26:19.905298+09:00
Damage Sheet,90.0,0.0,success,False,2026-08-19T13:35:50.277889+09:00
Damage Shortfall,,,failed,False,2026-08-27T21:47:44.451127+09:00
Damage Signal,,,failed,False,2026-08-19T00:38:24.169663+09:00
Damage Signature,,,failed,False,2026-08-23T13:26:25.215433+09:00
Damage Sketch,,,failed,False,2026-08-27T22:28:56.801982+09:00
Damage Slip,,,failed,False,2026-08-19T21:58:05.672882+09:00
Damage Slot,10.0,0.0,success,False,2026-08-19T21:58:24.385772+09:00
Damage Stage,,,failed,False,2026-08-28T00:49:13.140044+09:00
Damage Stake,,,failed,False,2026-08-23T02:57:15.173266+09:00
Damage Stamp,50.0,0.0,success,False,2026-08-23T13:26:30.213560+09:00
Damage Statement,40.0,0.0,success,False,2026-08-21T00:36:30.694005+09:00
Damage Station,,,failed,False,2026-08-19T00:39:00.049194+09:00
Damage Status,40.0,0.0,success,False,2026-08-19T20:39:07.135209+09:00
Damage Stub,,,failed,False,2026-08-21T00:36:26.230021+09:00
Damage Studio,40.0,0.0,success,False,2026-08-19T00:38:54.065235+09:00
Damage Sum,,,failed,False,2026-08-21T02:25:47.031494+09:00
Damage Summary,,,failed,False,2026-08-19T21:09:27.813218+09:00
Damage Tab,210.0,1.0,success,False,2026-08-21T00:36:55.268070+09:00
Damage Table,260.0,1.0,success,False,2026-08-19T21:57:44.656511+09:00
Damage Tag,70.0,5.0,success,False,2026-08-19T13:37:14.131003+09:00
Damage Tally,,,failed,False,2026-08-21T00:36:33.618056+09:00
Damage Tariff,,,failed,False,2026-08-21T02:42:34.441538+09:00
Damage Tax,,,failed,False,2026-08-21T02:09:26.864571+09:00
Damage Terminal,,,failed,False,2026-08-19T00:39:00.049194+09:00
Damage Ticket,,,failed,False,2026-08-19T21:10:29.402308+09:00
Damage Timeline,,,failed,False,2026-08-19T21:09:40.471721+09:00
Damage Timer,,,failed,False,2026-08-28T00:27:31.291174+09:00
Damage Token,260.0,14.0,success,False,2026-08-23T13:26:22.288872+09:00
Damage Toll,,,failed,False,2026-08-21T02:42:27.655082+09:00
Damage Toolbox,,,failed,False,2026-08-28T00:27:37.736040+09:00
Damage Total,,,failed,False,2026-08-27T23:15:25.030230+09:00
Damage Tracker,210.0,0.0,success,False,2026-08-19T00:37:55.750406+09:00
Damage Trail,,,failed,False,2026-08-19T00:36:52.729176+09:00
Damage Trend,,,failed,False,2026-08-28T01:01:51.337076+09:00
Damage Trial,,,failed,False,2026-08-27T21:16:33.171675+09:00
Damage Unit,20.0,0.0,success,False,2026-08-21T01:51:57.784692+09:00
Damage Update,10.0,0.0,success,False,2026-08-19T20:39:55.789733+09:00
Damage Vault,10.0,0.0,success,False,2026-08-19T00:38:10.697868+09:00
Damage Version,,,failed,False,2026-08-23T03:23:07.645674+09:00
Damage View,10.0,0.0,success,False,2026-08-19T20:39:14.214038+09:00
Damage Voucher,,,failed,False,2026-08-21T00:36:16.111706+09:00
Damage Wave,,,failed,False,2026-08-19T00:38:34.534111+09:00
Damage Widget,,,failed,False,2026-08-27T23:15:25.030230+09:00
Damage Worksheet,,,failed,False,2026-08-27T22:11:25.706912+09:00
Damage Zone,110.0,0.0,success,False,2026-08-19T00:36:38.202359+09:00
Damages Advance,,,failed,False,2026-08-23T16:13:08.662730+09:00
Damages Advisory,,,failed,False,2026-08-21T01:01:57.606553+09:00
Damages Alert,,,failed,False,2026-08-21T00:46:03.316699+09:00
Damages Allowance,,,failed,False,2026-08-21T02:39:44.265069+09:00
Damages Analyzer,,,failed,False,2026-08-27T23:50:52.077690+09:00
Damages Arrears,,,failed,False,2026-08-23T16:13:06.452746+09:00
Damages Assistant,,,failed,False,2026-08-21T00:44:27.350497+09:00
Damages Atlas,,,failed,False,2026-08-21T00:44:13.071089+09:00
Damages Attribute,,,failed,False,2026-08-23T13:09:05.713550+09:00
Damages Badge,,,failed,False,2026-08-21T00:48:57.806090+09:00
Damages Balance,,,failed,False,2026-08-23T13:45:27.370408+09:00
Damages Base,,,failed,False,2026-08-21T00:50:48.093288+09:00
Damages Beacon,,,failed,False,2026-08-21T00:49:54.532841+09:00
Damages Bill,,,failed,False,2026-08-21T00:48:12.190063+09:00
Damages Bin,,,failed,False,2026-08-21T00:46:10.718962+09:00
Damages Board,,,failed,False,2026-08-21T00:51:01.092563+09:00
Damages Bridge,,,failed,False,2026-08-21T00:50:04.499348+09:00
Damages Brief,,,failed,False,2026-08-21T00:59:38.385269+09:00
Damages Bulletin,,,failed,False,2026-08-21T00:59:34.151010+09:00
Damages Calculator,27100.0,0.0,success,True,2026-08-27T23:36:44.866320+09:00
Damages Calendar,,,failed,False,2026-08-21T00:45:08.644829+09:00
Damages Card,,,failed,False,2026-08-21T00:46:42.116087+09:00
Damages Cascade,,,failed,False,2026-08-21T00:50:02.185546+09:00
Damages Cash,,,failed,False,2026-08-21T02:22:21.674947+09:00
Damages Category,,,failed,False,2026-08-23T13:09:03.594529+09:00
Damages Center,,,failed,False,2026-08-21T00:51:27.534494+09:00
Damages Chain,,,failed,False,2026-08-21T00:43:54.085720+09:00
Damages Charge,,,failed,False,2026-08-21T02:39:30.658601+09:00
Damages Chart,,,failed,False,2026-08-21T00:46:06.764298+09:00
Damages Check,,,failed,False,2026-08-21T00:46:52.072318+09:00
Damages Checker,,,failed,False,2026-08-27T23:50:42.966915+09:00
Damages Circular,,,failed,False,2026-08-21T01:01:55.292277+09:00
Damages Code,,,failed,False,2026-08-21T00:48:22.062191+09:00
Damages Confirmation,,,failed,False,2026-08-21T00:59:54.516148+09:00
Damages Console,,,failed,False,2026-08-21T00:51:40.152987+09:00
Damages Contribution,,,failed,False,2026-08-23T16:13:03.003819+09:00
Damages Core,,,failed,False,2026-08-21T00:50:54.055448+09:00
Damages Cost,390.0,0.0,success,False,2026-08-21T02:14:45.406179+09:00
Damages Counter,,,failed,False,2026-08-21T00:45:26.531767+09:00
Damages Deal,,,failed,False,2026-08-21T01:58:12.628800+09:00
Damages Debt,,,failed,False,2026-08-21T02:22:10.235863+09:00
Damages Deck,,,failed,False,2026-08-21T00:51:07.998109+09:00
Damages Desk,,,failed,False,2026-08-21T00:49:37.584742+09:00
Damages Detail,,,failed,False,2026-08-23T03:21:00.660532+09:00
Damages Detector,,,failed,False,2026-08-27T23:50:52.077690+09:00
Damages Diagram,,,failed,False,2026-08-27T22:11:25.706912+09:00
Damages Directory,,,failed,False,2026-08-21T00:45:10.747399+09:00
Damages Discount,,,failed,False,2026-08-23T16:12:54.608017+09:00
Damages Dossier,,,failed,False,2026-08-21T00:59:58.992040+09:00
Damages Downpayment,,,failed,False,2026-08-27T21:47:42.128898+09:00
Damages Draft,,,failed,False,2026-08-21T00:47:41.484784+09:00
Damages Due,,,failed,False,2026-08-23T15:50:51.928952+09:00
Damages Duty,,,failed,False,2026-08-21T02:39:34.519072+09:00
Damages Engine,,,failed,False,2026-08-21T00:44:23.943990+09:00
Damages Entry,,,failed,False,2026-08-21T01:00:13.557875+09:00
Damages Estimate,,,failed,False,2026-08-21T00:48:07.260312+09:00
Damages Estimator,,,failed,False,2026-08-27T23:50:40.068524+09:00
Damages Excerpt,,,failed,False,2026-08-21T01:02:10.080773+09:00
Damages Extension,,,failed,False,2026-08-23T16:38:31.502720+09:00
Damages Fare,,,failed,False,2026-08-21T02:14:55.250493+09:00
Damages Fee,10.0,0.0,success,False,2026-08-21T01:57:54.921820+09:00
Damages Feed,,,failed,False,2026-08-21T00:47:36.977895+09:00
Damages Field,,,failed,False,2026-08-23T13:09:07.907049+09:00
Damages File,,,failed,False,2026-08-21T00:47:23.165444+09:00
Damages Fine,,,failed,False,2026-08-23T02:55:21.397263+09:00
Damages Flow,,,failed,False,2026-08-21T00:49:27.660795+09:00
Damages Forge,,,failed,False,2026-08-21T00:49:59.942955+09:00
Damages Form,90.0,0.0,success,False,2026-08-21T00:46:39.668460+09:00
Damages Format,,,failed,False,2026-08-23T13:09:10.087594+09:00
Damages Frame,,,failed,False,2026-08-21T00:50:45.127530+09:00
Damages Fund,,,failed,False,2026-08-21T02:22:16.250751+09:00
Damages Gate,,,failed,False,2026-08-21T00:44:03.384423+09:00
Damages Graph,,,failed,False,2026-08-27T22:11:11.911250+09:00
Damages Grid,,,failed,False,2026-08-21T00:50:24.003386+09:00
Damages Guardian,,,failed,False,2026-08-28T00:21:24.701670+09:00
Damages Helpdesk,,,failed,False,2026-08-27T22:49:57.314209+09:00
Damages Helper,,,failed,False,2026-08-28T00:21:30.022858+09:00
Damages History,,,failed,False,2026-08-21T00:47:19.116810+09:00
Damages Hub,,,failed,False,2026-08-21T00:49:29.914475+09:00
Damages Identifier,,,failed,False,2026-08-23T13:08:58.766460+09:00
Damages Inbox,,,failed,False,2026-08-21T00:45:59.951643+09:00
Damages Index,,,failed,False,2026-08-21T00:47:57.951273+09:00
Damages Installment,,,failed,False,2026-08-23T16:12:59.279314+09:00
Damages Interest,,,failed,False,2026-08-23T13:45:29.589427+09:00
Damages Item,,,failed,False,2026-08-21T01:58:00.854013+09:00
Damages Journal,,,failed,False,2026-08-21T00:45:01.205149+09:00
Damages Keeper,,,failed,False,2026-08-21T00:44:15.465135+09:00
Damages Lab,,,failed,False,2026-08-21T00:51:16.185060+09:00
Damages Label,,,failed,False,2026-08-27T22:11:14.702550+09:00
Damages Ledger,,,failed,False,2026-08-21T00:50:58.385493+09:00
Damages Level,,,failed,False,2026-08-21T00:47:26.672100+09:00
Damages Line,,,failed,False,2026-08-21T00:46:23.702871+09:00
Damages Link,,,failed,False,2026-08-23T03:20:52.959248+09:00
Damages List,480.0,0.0,success,False,2026-08-21T00:48:24.716353+09:00
Damages Loan,,,failed,False,2026-08-21T02:15:10.297403+09:00
Damages Lobby,,,failed,False,2026-08-21T00:46:19.116405+09:00
Damages Locator,,,failed,False,2026-08-21T00:45:16.204972+09:00
Damages Locker,,,failed,False,2026-08-21T00:45:30.035458+09:00
Damages Log,,,failed,False,2026-08-21T00:46:37.254114+09:00
Damages Loop,,,failed,False,2026-08-21T00:50:21.320378+09:00
Damages Manager,,,failed,False,2026-08-21T00:44:21.197874+09:00
Damages Manual,,,failed,False,2026-08-27T22:11:14.702550+09:00
Damages Map,,,failed,False,2026-08-21T00:50:41.630976+09:00
Damages Margin,,,failed,False,2026-08-23T02:55:17.140000+09:00
Damages Memo,,,failed,False,2026-08-21T00:49:09.924663+09:00
Damages Message,,,failed,False,2026-08-27T23:15:43.697016+09:00
Damages Monitor,,,failed,False,2026-08-21T00:44:38.874906+09:00
Damages Nexus,,,failed,False,2026-08-21T00:44:07.435932+09:00
Damages Note,,,failed,False,2026-08-21T00:46:56.943275+09:00
Damages Notification,,,failed,False,2026-08-27T22:49:44.992225+09:00
Damages Number,,,failed,False,2026-08-23T03:20:46.771409+09:00
Damages Office,,,failed,False,2026-08-21T00:45:22.913101+09:00
Damages Ops,,,failed,False,2026-08-21T00:44:52.376787+09:00
Damages Order,,,failed,False,2026-08-21T00:48:09.704229+09:00
Damages Outline,,,failed,False,2026-08-27T22:29:00.404173+09:00
Damages Overage,,,failed,False,2026-08-27T21:47:39.871299+09:00
Damages Overdue,,,failed,False,2026-08-27T21:47:37.465636+09:00
Damages Panel,,,failed,False,2026-08-21T00:51:42.581125+09:00
Damages Pass,,,failed,False,2026-08-21T00:48:48.333943+09:00
Damages Passport,10.0,,success,False,2026-08-21T00:46:12.825751+09:00
Damages Path,,,failed,False,2026-08-21T00:50:33.252784+09:00
Damages Payoff,,,failed,False,2026-08-27T21:47:37.465636+09:00
Damages Penalty,,,failed,False,2026-08-23T16:38:24.543370+09:00
Damages Petition,,,failed,False,2026-08-21T00:59:52.495839+09:00
Damages Plan,,,failed,False,2026-08-21T01:58:06.326002+09:00
Damages Planner,,,failed,False,2026-08-21T00:44:32.272154+09:00
Damages Playbook,,,failed,False,2026-08-21T00:44:58.799520+09:00
Damages Point,,,failed,False,2026-08-21T00:50:35.331865+09:00
Damages Portal,70.0,0.0,success,False,2026-08-21T00:51:35.796791+09:00
Damages Profile,,,failed,False,2026-08-21T00:47:07.675748+09:00
Damages Profit,,,failed,False,2026-08-23T02:55:08.559599+09:00
Damages Proposal,,,failed,False,2026-08-28T01:03:04.018813+09:00
Damages Quota,,,failed,False,2026-08-21T00:49:15.446712+09:00
Damages Radar,,,failed,False,2026-08-21T00:49:41.369493+09:00
Damages Rail,,,failed,False,2026-08-21T00:43:44.047110+09:00
Damages Rate,,,failed,False,2026-08-21T00:47:32.281403+09:00
Damages Recap,10.0,0.0,success,False,2026-08-21T01:02:07.931527+09:00
Damages Receipt,,,failed,False,2026-08-21T00:48:18.650216+09:00
Damages Recorder,,,failed,False,2026-08-27T23:36:50.925534+09:00
Damages Register,,,failed,False,2026-08-21T00:44:48.876991+09:00
Damages Registry,,,failed,False,2026-08-21T00:45:06.062419+09:00
Damages Relay,,,failed,False,2026-08-21T00:49:44.632195+09:00
Damages Reminder,,,failed,False,2026-08-21T00:47:51.655449+09:00
Damages Report,2400.0,0.0,success,True,2026-08-21T00:46:35.033553+09:00
Damages Repository,,,failed,False,2026-08-27T23:15:53.344715+09:00
Damages Result,,,failed,False,2026-08-28T00:46:02.758073+09:00
Damages Ring,880.0,2.0,success,False,2026-08-21T00:43:59.576313+09:00
Damages Roll,,,failed,False,2026-08-21T00:46:31.440534+09:00
Damages Roster,,,failed,False,2026-08-21T00:45:57.527663+09:00
Damages Route,,,failed,False,2026-08-21T00:43:39.738116+09:00
Damages Rule,,,failed,False,2026-08-23T03:20:56.810289+09:00
Damages Sale,,,failed,False,2026-08-21T02:22:24.634972+09:00
Damages Sample,,,failed,False,2026-08-21T00:48:40.223162+09:00
Damages Scale,,,failed,False,2026-08-21T00:43:36.715710+09:00
Damages Scheduler,,,failed,False,2026-08-21T00:44:36.517071+09:00
Damages Scope,,,failed,False,2026-08-21T00:50:15.253919+09:00
Damages Score,,,failed,False,2026-08-21T00:46:54.280562+09:00
Damages Sheet,,,failed,False,2026-08-21T00:46:47.041557+09:00
Damages Shortfall,,,failed,False,2026-08-27T21:47:44.451127+09:00
Damages Signal,,,failed,False,2026-08-21T00:50:09.781883+09:00
Damages Signature,,,failed,False,2026-08-23T13:28:17.743262+09:00
Damages Slip,,,failed,False,2026-08-21T00:48:33.175763+09:00
Damages Slot,,,failed,False,2026-08-21T00:48:44.199856+09:00
Damages Stage,,,failed,False,2026-08-28T00:45:59.297593+09:00
Damages Stake,,,failed,False,2026-08-23T02:55:13.896073+09:00
Damages Statement,,,failed,False,2026-08-21T00:49:07.202034+09:00
Damages Station,10.0,0.0,success,False,2026-08-21T00:51:18.988117+09:00
Damages Status,,,failed,False,2026-08-21T00:47:10.612469+09:00
Damages Stub,,,failed,False,2026-08-21T00:49:01.997073+09:00
Damages Studio,,,failed,False,2026-08-21T00:51:10.614458+09:00
Damages Sum,,,failed,False,2026-08-21T02:22:07.753021+09:00
Damages Summary,50.0,0.0,success,False,2026-08-21T00:47:46.608049+09:00
Damages Tab,,,failed,False,2026-08-21T00:49:18.470865+09:00
Damages Table,,,failed,False,2026-08-21T00:48:30.052376+09:00
Damages Tag,,,failed,False,2026-08-21T00:47:01.645682+09:00
Damages Tariff,,,failed,False,2026-08-21T02:39:46.933675+09:00
Damages Tax,,,failed,False,2026-08-21T02:15:06.129671+09:00
Damages Terminal,,,failed,False,2026-08-21T00:51:22.640360+09:00
Damages Ticker,,,failed,False,2026-08-21T00:46:21.529361+09:00
Damages Ticket,,,failed,False,2026-08-21T00:48:00.969173+09:00
Damages Tier,,,failed,False,2026-08-28T00:46:06.331363+09:00
Damages Timeline,,,failed,False,2026-08-21T00:47:49.290523+09:00
Damages Toll,,,failed,False,2026-08-21T02:39:36.901337+09:00
Damages Toolbox,,,failed,False,2026-08-28T00:21:27.462723+09:00
Damages Total,,,failed,False,2026-08-27T23:15:46.670229+09:00
Damages Tracker,,,failed,False,2026-08-21T00:49:20.798290+09:00
Damages Trail,,,failed,False,2026-08-21T00:43:49.917491+09:00
Damages Trial,10.0,0.0,success,False,2026-08-27T21:16:28.518091+09:00
Damages Unit,,,failed,False,2026-08-21T01:58:02.709797+09:00
Damages Update,,,failed,False,2026-08-21T00:47:34.415597+09:00
Damages Value,,,failed,False,2026-08-23T02:55:10.666436+09:00
Damages Vault,,,failed,False,2026-08-21T00:49:49.714688+09:00
Damages Version,,,failed,False,2026-08-23T03:20:50.654201+09:00
Damages View,,,failed,False,2026-08-21T00:47:13.306684+09:00
Damages Voucher,,,failed,False,2026-08-21T00:48:54.666046+09:00
Damages Watch,170.0,7.0,success,False,2026-08-21T00:50:13.056816+09:00
Damages Wave,,,failed,False,2026-08-21T00:50:29.679005+09:00
Damages Widget,,,failed,False,2026-08-27T23:15:49.054288+09:00
Damages Window,,,failed,False,2026-08-21T00:46:26.587388+09:00
Damages Worksheet,,,failed,False,2026-08-27T22:11:22.688416+09:00
Damages Workshop,,,failed,False,2026-08-28T00:21:22.221803+09:00
Damages Zone,,,failed,False,2026-08-21T00:51:31.068549+09:00
Damper Advance,,,failed,False,2026-08-23T16:11:24.096021+09:00
Damper Advisory,,,failed,False,2026-08-21T01:08:34.212023+09:00
Damper Alert,,,failed,False,2026-08-19T21:19:11.883317+09:00
Damper Allowance,,,failed,False,2026-08-21T02:38:43.386978+09:00
Damper Analyzer,,,failed,False,2026-08-27T23:56:56.552521+09:00
Damper Arrears,,,failed,False,2026-08-23T16:11:21.537507+09:00
Damper Asset,,,failed,False,2026-08-23T13:48:13.167118+09:00
Damper Assistant,,,failed,False,2026-08-19T21:13:52.940752+09:00
Damper Atlas,,,failed,False,2026-08-19T21:13:04.964598+09:00
Damper Attribute,,,failed,False,2026-08-23T13:07:51.086484+09:00
Damper Badge,,,failed,False,2026-08-21T00:33:39.786796+09:00
Damper Balance,,,failed,False,2026-08-23T13:48:08.634446+09:00
Damper Base,,,failed,False,2026-08-19T21:08:52.385641+09:00
Damper Bill,,,failed,False,2026-08-19T21:49:37.354385+09:00
Damper Bin,,,failed,False,2026-08-19T21:19:37.758100+09:00
Damper Board,,,failed,False,2026-08-19T21:09:29.663933+09:00
Damper Book,,,failed,False,2026-08-19T21:50:35.139639+09:00
Damper Bridge,,,failed,False,2026-08-19T21:06:57.837919+09:00
Damper Brief,,,failed,False,2026-08-21T01:08:25.718288+09:00
Damper Bulletin,,,failed,False,2026-08-21T01:08:20.285219+09:00
Damper Calculator,,,failed,False,2026-08-27T23:34:57.472203+09:00
Damper Calendar,,,failed,False,2026-08-19T21:15:44.600624+09:00
Damper Card,,,failed,False,2026-08-19T21:29:49.422411+09:00
Damper Cascade,,,failed,False,2026-08-19T21:06:46.189471+09:00
Damper Cash,,,failed,False,2026-08-21T02:21:23.135425+09:00
Damper Cashback,,,failed,False,2026-08-27T21:14:30.241053+09:00
Damper Catalog,,,failed,False,2026-08-19T21:04:24.508436+09:00
Damper Category,,,failed,False,2026-08-23T13:07:48.964667+09:00
Damper Chain,,,failed,False,2026-08-19T21:12:22.393942+09:00
Damper Charge,,,failed,False,2026-08-21T02:38:35.767249+09:00
Damper Chart,,,failed,False,2026-08-19T21:19:25.343582+09:00
Damper Check,,,failed,False,2026-08-19T21:30:05.370784+09:00
Damper Checker,,,failed,False,2026-08-27T23:56:50.543102+09:00
Damper Circular,,,failed,False,2026-08-21T01:08:29.808950+09:00
Damper Code,,,failed,False,2026-08-19T21:50:00.809390+09:00
Damper Companion,,,failed,False,2026-08-19T21:14:34.800336+09:00
Damper Comparison,,,failed,False,2026-08-28T01:08:04.607830+09:00
Damper Compass,,,failed,False,2026-08-19T21:06:16.769807+09:00
Damper Confirmation,,,failed,False,2026-08-21T01:08:42.694211+09:00
Damper Console,,,failed,False,2026-08-19T21:11:14.866023+09:00
Damper Contribution,,,failed,False,2026-08-23T16:11:16.199786+09:00
Damper Core,,,failed,False,2026-08-19T21:09:02.600791+09:00
Damper Cost,,,failed,False,2026-08-21T02:14:19.948102+09:00
Damper Count,,,failed,False,2026-08-27T22:47:53.351609+09:00
Damper Counter,,,failed,False,2026-08-19T21:16:39.026055+09:00
Damper Coupon,,,failed,False,2026-08-27T21:14:25.842421+09:00
Damper Deal,,,failed,False,2026-08-21T01:58:00.854013+09:00
Damper Debt,,,failed,False,2026-08-21T02:21:16.859864+09:00
Damper Deck,,,failed,False,2026-08-19T21:09:42.547953+09:00
Damper Desk,,,failed,False,2026-08-19T21:05:28.660617+09:00
Damper Detail,,,failed,False,2026-08-23T03:19:26.945614+09:00
Damper Detector,,,failed,False,2026-08-27T23:56:53.046222+09:00
Damper Diagram,,,failed,False,2026-08-27T22:08:54.322972+09:00
Damper Directory,,,failed,False,2026-08-19T21:15:54.238919+09:00
Damper Discount,,,failed,False,2026-08-23T16:11:13.672713+09:00
Damper Dossier,,,failed,False,2026-08-21T01:08:47.143646+09:00
Damper Draft,,,failed,False,2026-08-19T21:31:43.962049+09:00
Damper Due,,,failed,False,2026-08-23T15:53:05.427640+09:00
Damper Duty,,,failed,False,2026-08-21T02:38:37.938007+09:00
Damper Engine,,,failed,False,2026-08-19T21:13:40.486879+09:00
Damper Entry,,,failed,False,2026-08-21T01:09:04.636561+09:00
Damper Estimate,,,failed,False,2026-08-19T21:04:11.577084+09:00
Damper Estimator,,,failed,False,2026-08-27T23:56:47.564941+09:00
Damper Excerpt,,,failed,False,2026-08-21T01:08:59.079967+09:00
Damper Fare,,,failed,False,2026-08-21T02:14:24.666160+09:00
Damper Fee,,,failed,False,2026-08-21T01:57:45.438381+09:00
Damper Feed,,,failed,False,2026-08-19T21:31:33.933839+09:00
Damper File,,,failed,False,2026-08-19T21:31:05.316836+09:00
Damper Flag,,,failed,False,2026-08-21T00:34:18.922168+09:00
Damper Flow,,,failed,False,2026-08-19T21:05:03.787854+09:00
Damper Form,,,failed,False,2026-08-19T21:29:42.361641+09:00
Damper Format,,,failed,False,2026-08-23T13:07:53.746009+09:00
Damper Frame,,,failed,False,2026-08-19T21:08:42.108199+09:00
Damper Fund,,,failed,False,2026-08-21T02:21:19.910090+09:00
Damper Gate,,,failed,False,2026-08-19T21:12:43.604286+09:00
Damper Giveaway,,,failed,False,2026-08-27T21:14:36.415267+09:00
Damper Grade,,,failed,False,2026-08-21T00:34:04.071728+09:00
Damper Grid,,,failed,False,2026-08-19T21:07:49.558493+09:00
Damper Guarantee,,,failed,False,2026-08-28T01:08:09.929341+09:00
Damper Helpdesk,,,failed,False,2026-08-27T22:47:53.351609+09:00
Damper Helper,,,failed,False,2026-08-28T00:26:17.382290+09:00
Damper History,,,failed,False,2026-08-19T21:30:56.024739+09:00
Damper Hotline,,,failed,False,2026-08-19T21:04:38.364310+09:00
Damper Hub,,,failed,False,2026-08-19T21:05:14.341737+09:00
Damper Identifier,,,failed,False,2026-08-23T13:07:46.002648+09:00
Damper Inbox,,,failed,False,2026-08-19T21:19:01.988330+09:00
Damper Incentive,,,failed,False,2026-08-27T21:14:33.237385+09:00
Damper Index,,,failed,False,2026-08-19T21:03:32.051785+09:00
Damper Installment,,,failed,False,2026-08-23T16:11:16.199786+09:00
Damper Item,,,failed,False,2026-08-21T01:57:44.659244+09:00
Damper Journal,,,failed,False,2026-08-19T21:15:22.705045+09:00
Damper Keeper,,,failed,False,2026-08-19T21:13:17.515413+09:00
Damper Kit,,,failed,False,2026-08-27T22:47:50.980247+09:00
Damper Label,,,failed,False,2026-08-27T22:08:46.567667+09:00
Damper Ledger,,,failed,False,2026-08-19T21:09:18.934477+09:00
Damper Level,,,failed,False,2026-08-19T21:31:11.020553+09:00
Damper Levy,,,failed,False,2026-08-23T13:48:13.167118+09:00
Damper Line,,,failed,False,2026-08-19T21:29:07.329786+09:00
Damper Link,,,failed,False,2026-08-23T03:19:21.354912+09:00
Damper List,,,failed,False,2026-08-19T21:50:13.072831+09:00
Damper Loan,,,failed,False,2026-08-21T02:14:32.398981+09:00
Damper Lobby,,,failed,False,2026-08-19T21:20:00.703413+09:00
Damper Locator,,,failed,False,2026-08-19T21:16:04.396422+09:00
Damper Locker,,,failed,False,2026-08-19T21:16:50.838174+09:00
Damper Log,,,failed,False,2026-08-19T21:29:36.124531+09:00
Damper Loop,,,failed,False,2026-08-19T21:07:38.685875+09:00
Damper Manager,,,failed,False,2026-08-19T21:13:29.995507+09:00
Damper Manual,,,failed,False,2026-08-27T22:08:49.995304+09:00
Damper Map,,,failed,False,2026-08-19T21:08:29.245582+09:00
Damper Message,,,failed,False,2026-08-27T23:13:21.065060+09:00
Damper Monitor,,,failed,False,2026-08-19T21:14:23.234492+09:00
Damper Nexus,,,failed,False,2026-08-19T21:12:53.220290+09:00
Damper Note,,,failed,False,2026-08-19T21:30:18.297847+09:00
Damper Notification,,,failed,False,2026-08-27T22:47:46.388657+09:00
Damper Number,,,failed,False,2026-08-23T03:19:19.103854+09:00
Damper Office,,,failed,False,2026-08-19T21:16:27.560091+09:00
Damper Ops,,,failed,False,2026-08-19T21:14:58.322778+09:00
Damper Order,,,failed,False,2026-08-19T21:49:26.172736+09:00
Damper Panel,,,failed,False,2026-08-19T21:11:25.521014+09:00
Damper Passport,,,failed,False,2026-08-19T21:19:49.170898+09:00
Damper Path,,,failed,False,2026-08-19T21:08:09.987838+09:00
Damper Petition,,,failed,False,2026-08-21T01:08:38.226777+09:00
Damper Plan,,,failed,False,2026-08-21T01:57:54.921820+09:00
Damper Planner,,,failed,False,2026-08-19T21:14:03.656959+09:00
Damper Playbook,,,failed,False,2026-08-19T21:15:11.193054+09:00
Damper Portal,,,failed,False,2026-08-19T21:11:04.489546+09:00
Damper Profile,,,failed,False,2026-08-19T21:30:33.343002+09:00
Damper Profit,,,failed,False,2026-08-23T02:54:28.936816+09:00
Damper Proposal,,,failed,False,2026-08-28T01:08:07.317285+09:00
Damper Queue,,,failed,False,2026-08-19T21:03:59.838072+09:00
Damper Quota,,,failed,False,2026-08-21T00:34:14.211470+09:00
Damper Radar,,,failed,False,2026-08-19T21:05:39.916573+09:00
Damper Rail,,,failed,False,2026-08-19T21:11:59.918866+09:00
Damper Rate,,,failed,False,2026-08-19T21:31:19.157381+09:00
Damper Recap,,,failed,False,2026-08-21T01:08:51.801540+09:00
Damper Receipt,,,failed,False,2026-08-19T21:49:47.542279+09:00
Damper Recorder,,,failed,False,2026-08-27T23:34:59.997959+09:00
Damper Register,,,failed,False,2026-08-19T21:14:44.485943+09:00
Damper Registry,,,failed,False,2026-08-19T21:15:33.096576+09:00
Damper Relay,,,failed,False,2026-08-19T21:05:54.912887+09:00
Damper Reminder,,,failed,False,2026-08-19T21:32:08.265719+09:00
Damper Report,,,failed,False,2026-08-19T21:29:28.610068+09:00
Damper Repository,,,failed,False,2026-08-27T23:13:28.057978+09:00
Damper Ring,,,failed,False,2026-08-19T21:12:33.528106+09:00
Damper Roll,,,failed,False,2026-08-19T21:29:21.643935+09:00
Damper Roster,,,failed,False,2026-08-19T21:18:48.274039+09:00
Damper Route,,,failed,False,2026-08-19T21:11:48.091080+09:00
Damper Rule,,,failed,False,2026-08-23T03:19:24.648506+09:00
Damper Sale,,,failed,False,2026-08-21T02:21:30.317993+09:00
Damper Sample,,,failed,False,2026-08-19T21:50:57.841127+09:00
Damper Scale,,,failed,False,2026-08-19T21:11:34.990271+09:00
Damper Scanner,,,failed,False,2026-08-27T23:56:53.046222+09:00
Damper Scheduler,,,failed,False,2026-08-19T21:14:12.923572+09:00
Damper Schematic,,,failed,False,2026-08-27T22:28:46.749186+09:00
Damper Scope,,,failed,False,2026-08-19T21:07:29.278050+09:00
Damper Score,,,failed,False,2026-08-19T21:30:12.319072+09:00
Damper Sheet,,,failed,False,2026-08-19T21:29:57.691182+09:00
Damper Shelf,,,failed,False,2026-08-19T21:18:34.619237+09:00
Damper Signal,,,failed,False,2026-08-19T21:07:08.840903+09:00
Damper Slip,,,failed,False,2026-08-19T21:50:46.269760+09:00
Damper Slot,,,failed,False,2026-08-19T21:51:10.797801+09:00
Damper Stake,,,failed,False,2026-08-23T02:54:31.488130+09:00
Damper Station,,,failed,False,2026-08-19T21:10:20.581807+09:00
Damper Status,,,failed,False,2026-08-19T21:30:40.784781+09:00
Damper Stub,,,failed,False,2026-08-21T00:33:46.093002+09:00
Damper Studio,,,failed,False,2026-08-19T21:09:55.427058+09:00
Damper Sum,,,failed,False,2026-08-21T02:21:11.057858+09:00
Damper Summary,,,failed,False,2026-08-19T21:31:52.488938+09:00
Damper Tab,,,failed,False,2026-08-21T00:34:23.360801+09:00
Damper Table,,,failed,False,2026-08-19T21:50:23.410812+09:00
Damper Tag,,,failed,False,2026-08-19T21:30:26.736781+09:00
Damper Tally,,,failed,False,2026-08-21T00:33:58.463562+09:00
Damper Tariff,,,failed,False,2026-08-21T02:38:45.456500+09:00
Damper Tax,,,failed,False,2026-08-21T02:14:27.987170+09:00
Damper Ticker,,,failed,False,2026-08-19T21:20:12.462826+09:00
Damper Ticket,,,failed,False,2026-08-19T21:03:47.017770+09:00
Damper Timeline,,,failed,False,2026-08-19T21:32:01.105099+09:00
Damper Timer,,,failed,False,2026-08-28T00:26:12.300765+09:00
Damper Toll,,,failed,False,2026-08-21T02:38:41.018051+09:00
Damper Toolbox,,,failed,False,2026-08-28T00:26:14.926541+09:00
Damper Total,,,failed,False,2026-08-27T23:13:21.065060+09:00
Damper Tower,,,failed,False,2026-08-19T21:18:24.331096+09:00
Damper Tracker,,,failed,False,2026-08-19T21:04:51.175636+09:00
Damper Trail,,,failed,False,2026-08-19T21:12:09.668415+09:00
Damper Trial,,,failed,False,2026-08-27T21:14:33.237385+09:00
Damper Unit,,,failed,False,2026-08-21T01:57:52.664433+09:00
Damper Update,,,failed,False,2026-08-19T21:31:25.099741+09:00
Damper Version,,,failed,False,2026-08-23T03:19:21.354912+09:00
Damper View,,,failed,False,2026-08-19T21:30:47.462824+09:00
Damper Voucher,,,failed,False,2026-08-21T00:33:34.783519+09:00
Damper Watch,,,failed,False,2026-08-19T21:07:19.840236+09:00
Damper Widget,,,failed,False,2026-08-27T23:13:25.257331+09:00
Damper Window,,,failed,False,2026-08-19T21:29:12.327035+09:00
Damper Worksheet,,,failed,False,2026-08-27T22:08:49.995304+09:00
Damper Workshop,,,failed,False,2026-08-28T00:26:14.926541+09:00
Damper Zone,,,failed,False,2026-08-19T21:10:51.939321+09:00
Deadbolt Advance,,,failed,False,2026-08-23T16:12:26.242265+09:00
Deadbolt Advisory,,,failed,False,2026-08-21T01:08:54.756215+09:00
Deadbolt Allowance,,,failed,False,2026-08-21T02:37:15.297674+09:00
Deadbolt Almanac,,,failed,False,2026-08-18T22:08:04.928972+09:00
Deadbolt Analyzer,,,failed,False,2026-08-27T23:54:12.617602+09:00
Deadbolt Anchor,,,failed,False,2026-08-18T22:10:34.249457+09:00
Deadbolt Arrears,,,failed,False,2026-08-23T16:12:26.242265+09:00
Deadbolt Assistant,,,failed,False,2026-08-18T22:05:02.516248+09:00
Deadbolt Atlas,,,failed,False,2026-08-18T22:04:00.845205+09:00
Deadbolt Base,,,failed,False,2026-08-18T23:50:45.272797+09:00
Deadbolt Beacon,10.0,,success,False,2026-08-18T22:10:04.357387+09:00
Deadbolt Bill,,,failed,False,2026-08-19T22:02:29.042116+09:00
Deadbolt Blueprint,10.0,0.0,success,False,2026-08-18T22:07:55.686998+09:00
Deadbolt Board,,,failed,False,2026-08-18T23:50:45.272797+09:00
Deadbolt Book,10.0,0.0,success,False,2026-08-19T22:03:17.563220+09:00
Deadbolt Bridge,,,failed,False,2026-08-18T22:10:27.962314+09:00
Deadbolt Brief,,,failed,False,2026-08-21T01:08:45.073430+09:00
Deadbolt Bulletin,,,failed,False,2026-08-21T01:08:40.341221+09:00
Deadbolt Calendar,,,failed,False,2026-08-19T00:04:38.069566+09:00
Deadbolt Card,,,failed,False,2026-08-19T13:31:38.491721+09:00
Deadbolt Cascade,,,failed,False,2026-08-18T22:10:18.505365+09:00
Deadbolt Cash,,,failed,False,2026-08-21T02:21:14.623269+09:00
Deadbolt Cashback,,,failed,False,2026-08-27T21:14:54.146372+09:00
Deadbolt Catalog,,,failed,False,2026-08-19T21:19:50.890463+09:00
Deadbolt Center,,,failed,False,2026-08-18T23:50:45.272797+09:00
Deadbolt Chain,210.0,98.0,success,False,2026-08-18T22:02:56.704517+09:00
Deadbolt Charge,,,failed,False,2026-08-21T02:37:01.944995+09:00
Deadbolt Check,,,failed,False,2026-08-19T13:31:50.431005+09:00
Deadbolt Checker,,,failed,False,2026-08-27T23:54:04.696724+09:00
Deadbolt Checklist,,,failed,False,2026-08-19T21:18:51.088595+09:00
Deadbolt Circular,,,failed,False,2026-08-21T01:08:49.317162+09:00
Deadbolt Cockpit,,,failed,False,2026-08-18T22:06:05.649081+09:00
Deadbolt Code,590.0,100.0,success,False,2026-08-19T22:02:50.225246+09:00
Deadbolt Codex,,,failed,False,2026-08-18T22:08:19.564377+09:00
Deadbolt Companion,,,failed,False,2026-08-18T22:06:31.917725+09:00
Deadbolt Comparison,,,failed,False,2026-08-28T01:04:22.068071+09:00
Deadbolt Compass,,,failed,False,2026-08-18T22:09:56.131275+09:00
Deadbolt Compendium,,,failed,False,2026-08-18T22:08:11.096453+09:00
Deadbolt Confirmation,,,failed,False,2026-08-21T01:09:04.636561+09:00
Deadbolt Console,,,failed,False,2026-08-18T23:50:45.272797+09:00
Deadbolt Core,20.0,53.0,success,False,2026-08-18T23:50:45.272797+09:00
Deadbolt Cost,70.0,79.0,success,False,2026-08-21T02:15:31.230859+09:00
Deadbolt Count,,,failed,False,2026-08-27T22:46:59.897454+09:00
Deadbolt Counter,,,failed,False,2026-08-19T00:05:16.956026+09:00
Deadbolt Coupon,,,failed,False,2026-08-27T21:14:54.146372+09:00
Deadbolt Dashboard,,,failed,False,2026-08-18T22:06:14.738388+09:00
Deadbolt Deal,,,failed,False,2026-08-21T02:00:00.574550+09:00
Deadbolt Debt,,,failed,False,2026-08-21T02:21:02.332570+09:00
Deadbolt Deck,,,failed,False,2026-08-18T23:50:45.272797+09:00
Deadbolt Depot,,,failed,False,2026-08-19T00:05:06.053297+09:00
Deadbolt Desk,,,failed,False,2026-08-18T22:09:25.652147+09:00
Deadbolt Detail,,,failed,False,2026-08-23T03:15:55.657138+09:00
Deadbolt Detector,,,failed,False,2026-08-27T23:54:10.053801+09:00
Deadbolt Diagram,90.0,1.0,success,False,2026-08-27T22:09:16.229025+09:00
Deadbolt Dial,,,failed,False,2026-08-18T23:50:47.094448+09:00
Deadbolt Digest,,,failed,False,2026-08-19T20:46:06.697629+09:00
Deadbolt Directory,,,failed,False,2026-08-19T00:04:44.561310+09:00
Deadbolt Discount,,,failed,False,2026-08-23T16:12:20.898327+09:00
Deadbolt Dossier,,,failed,False,2026-08-21T01:09:08.778546+09:00
Deadbolt Draft,,,failed,False,2026-08-19T20:46:16.448832+09:00
Deadbolt Due,,,failed,False,2026-08-23T15:50:57.538266+09:00
Deadbolt Duty,,,failed,False,2026-08-21T02:37:07.617432+09:00
Deadbolt Endowment,,,failed,False,2026-08-23T15:51:01.656182+09:00
Deadbolt Engine,,,failed,False,2026-08-18T22:04:51.222507+09:00
Deadbolt Entry,20.0,100.0,success,False,2026-08-21T01:09:22.527514+09:00
Deadbolt Estimate,,,failed,False,2026-08-19T21:19:39.587475+09:00
Deadbolt Estimator,,,failed,False,2026-08-27T23:54:04.696724+09:00
Deadbolt Excerpt,,,failed,False,2026-08-21T01:09:17.934023+09:00
Deadbolt Fare,,,failed,False,2026-08-21T02:15:35.751133+09:00
Deadbolt Fee,,,failed,False,2026-08-21T01:59:47.241476+09:00
Deadbolt Feed,,,failed,False,2026-08-19T20:46:10.724712+09:00
Deadbolt File,20.0,1.0,success,False,2026-08-19T20:45:45.249853+09:00
Deadbolt Finder,,,failed,False,2026-08-19T00:04:59.396392+09:00
Deadbolt Flag,,,failed,False,2026-08-21T00:36:00.602558+09:00
Deadbolt Flow,,,failed,False,2026-08-18T22:09:01.069434+09:00
Deadbolt Forge,,,failed,False,2026-08-18T22:10:12.310168+09:00
Deadbolt Form,,,failed,False,2026-08-19T13:31:09.832283+09:00
Deadbolt Format,,,failed,False,2026-08-23T13:05:36.623967+09:00
Deadbolt Frame,,,failed,False,2026-08-18T22:12:21.706710+09:00
Deadbolt Fund,,,failed,False,2026-08-21T02:21:06.391588+09:00
Deadbolt Gate,480.0,100.0,success,False,2026-08-18T22:03:30.222566+09:00
Deadbolt Giveaway,,,failed,False,2026-08-27T21:15:01.645543+09:00
Deadbolt Grade,,,failed,False,2026-08-21T00:35:46.572141+09:00
Deadbolt Grid,,,failed,False,2026-08-18T22:11:13.751205+09:00
Deadbolt Guarantee,,,failed,False,2026-08-28T01:04:31.429165+09:00
Deadbolt Guard,110.0,100.0,success,False,2026-08-18T22:08:34.595424+09:00
Deadbolt Guardian,,,failed,False,2026-08-28T00:23:56.463149+09:00
Deadbolt Guidebook,,,failed,False,2026-08-18T22:07:40.431986+09:00
Deadbolt Helpdesk,,,failed,False,2026-08-27T22:46:59.897454+09:00
Deadbolt Helper,,,failed,False,2026-08-28T00:23:58.859062+09:00
Deadbolt History,,,failed,False,2026-08-19T20:45:37.673361+09:00
Deadbolt Hotline,,,failed,False,2026-08-19T21:20:03.565098+09:00
Deadbolt Hub,,,failed,False,2026-08-18T22:09:09.487365+09:00
Deadbolt Identifier,,,failed,False,2026-08-23T13:05:30.348326+09:00
Deadbolt Incentive,,,failed,False,2026-08-27T21:14:58.792070+09:00
Deadbolt Index,,,failed,False,2026-08-19T21:19:03.809657+09:00
Deadbolt Insight,,,failed,False,2026-08-18T22:05:47.884963+09:00
Deadbolt Installment,,,failed,False,2026-08-23T16:12:24.179825+09:00
Deadbolt Item,,,failed,False,2026-08-21T01:59:50.051478+09:00
Deadbolt Journal,,,failed,False,2026-08-18T22:07:24.351116+09:00
Deadbolt Keeper,10.0,55.0,success,False,2026-08-18T22:04:23.726026+09:00
Deadbolt Kit,880.0,96.0,success,False,2026-08-27T22:46:50.983424+09:00
Deadbolt Lab,,,failed,False,2026-08-18T23:50:47.094448+09:00
Deadbolt Label,,,failed,False,2026-08-27T22:09:07.960139+09:00
Deadbolt Ledger,,,failed,False,2026-08-18T23:50:47.094448+09:00
Deadbolt Lens,,,failed,False,2026-08-18T22:12:15.534077+09:00
Deadbolt Link,,,failed,False,2026-08-23T03:15:44.979812+09:00
Deadbolt List,,,failed,False,2026-08-19T22:02:59.053365+09:00
Deadbolt Loan,,,failed,False,2026-08-21T02:06:07.596179+09:00
Deadbolt Locator,,,failed,False,2026-08-19T00:04:50.750995+09:00
Deadbolt Lock,40500.0,98.0,success,False,2026-08-18T22:11:59.574853+09:00
Deadbolt Log,,,failed,False,2026-08-19T13:31:05.950766+09:00
Deadbolt Loop,,,failed,False,2026-08-18T22:11:07.698009+09:00
Deadbolt Manager,,,failed,False,2026-08-18T22:04:32.030179+09:00
Deadbolt Manual,,,failed,False,2026-08-27T22:09:07.960139+09:00
Deadbolt Map,,,failed,False,2026-08-18T22:12:08.779533+09:00
Deadbolt Margin,,,failed,False,2026-08-23T02:52:54.203392+09:00
Deadbolt Marker,,,failed,False,2026-08-23T13:26:57.143655+09:00
Deadbolt Markup,,,failed,False,2026-08-23T16:37:54.537855+09:00
Deadbolt Memo,,,failed,False,2026-08-21T00:35:52.521460+09:00
Deadbolt Meter,,,failed,False,2026-08-18T23:50:47.094448+09:00
Deadbolt Metrics,,,failed,False,2026-08-18T22:05:55.715721+09:00
Deadbolt Monitor,20.0,39.0,success,False,2026-08-18T22:05:40.235062+09:00
Deadbolt Navigator,,,failed,False,2026-08-18T22:06:23.871734+09:00
Deadbolt Nexus,,,failed,False,2026-08-18T22:03:49.519359+09:00
Deadbolt Node,,,failed,False,2026-08-18T22:03:16.704658+09:00
Deadbolt Note,,,failed,False,2026-08-19T13:32:09.131651+09:00
Deadbolt Notification,,,failed,False,2026-08-27T22:46:50.983424+09:00
Deadbolt Number,,,failed,False,2026-08-23T03:15:38.644159+09:00
Deadbolt Office,,,failed,False,2026-08-19T00:05:11.440472+09:00
Deadbolt Ops,,,failed,False,2026-08-18T22:06:49.548592+09:00
Deadbolt Order,,,failed,False,2026-08-19T22:02:19.043714+09:00
Deadbolt Organizer,,,failed,False,2026-08-18T22:05:30.177500+09:00
Deadbolt Panel,,,failed,False,2026-08-18T23:50:47.094448+09:00
Deadbolt Path,,,failed,False,2026-08-18T22:11:41.345427+09:00
Deadbolt Penalty,,,failed,False,2026-08-23T16:37:52.353259+09:00
Deadbolt Petition,,,failed,False,2026-08-21T01:08:59.079967+09:00
Deadbolt Pilot,,,failed,False,2026-08-18T22:09:17.362565+09:00
Deadbolt Plan,,,failed,False,2026-08-21T01:59:58.362427+09:00
Deadbolt Planner,,,failed,False,2026-08-18T22:05:11.798475+09:00
Deadbolt Playbook,,,failed,False,2026-08-18T22:07:16.682645+09:00
Deadbolt Point,,,failed,False,2026-08-18T22:11:49.715981+09:00
Deadbolt Portal,,,failed,False,2026-08-18T23:50:47.094448+09:00
Deadbolt Preview,,,failed,False,2026-08-28T01:04:25.098394+09:00
Deadbolt Profile,,,failed,False,2026-08-19T13:32:25.938189+09:00
Deadbolt Profit,,,failed,False,2026-08-23T02:52:46.674301+09:00
Deadbolt Proposal,,,failed,False,2026-08-28T01:04:28.102899+09:00
Deadbolt Pulse,,,failed,False,2026-08-18T22:11:24.179554+09:00
Deadbolt Queue,,,failed,False,2026-08-19T21:19:27.756536+09:00
Deadbolt Quota,,,failed,False,2026-08-21T00:35:54.809657+09:00
Deadbolt Radar,,,failed,False,2026-08-18T22:09:32.067298+09:00
Deadbolt Rail,,,failed,False,2026-08-18T22:02:35.560643+09:00
Deadbolt Rate,,,failed,False,2026-08-19T20:45:56.516624+09:00
Deadbolt Recap,,,failed,False,2026-08-21T01:09:12.434019+09:00
Deadbolt Receipt,,,failed,False,2026-08-19T22:02:41.688719+09:00
Deadbolt Redemption,,,failed,False,2026-08-23T16:37:56.709879+09:00
Deadbolt Register,,,failed,False,2026-08-18T22:06:41.570881+09:00
Deadbolt Registry,,,failed,False,2026-08-18T22:07:49.432223+09:00
Deadbolt Relay,,,failed,False,2026-08-18T22:09:39.839296+09:00
Deadbolt Reminder,,,failed,False,2026-08-19T21:18:38.634661+09:00
Deadbolt Report,,,failed,False,2026-08-19T13:31:00.342217+09:00
Deadbolt Ring,590.0,100.0,success,False,2026-08-18T22:03:05.761687+09:00
Deadbolt Roadmap,,,failed,False,2026-08-18T22:08:28.742242+09:00
Deadbolt Roster,,,failed,False,2026-08-19T00:37:10.693574+09:00
Deadbolt Route,,,failed,False,2026-08-18T23:50:47.094448+09:00
Deadbolt Rule,,,failed,False,2026-08-23T03:15:51.596433+09:00
Deadbolt Sale,70.0,100.0,success,False,2026-08-21T02:21:16.859864+09:00
Deadbolt Sample,,,failed,False,2026-08-19T22:03:36.532480+09:00
Deadbolt Scale,,,failed,False,2026-08-18T23:50:47.094448+09:00
Deadbolt Scanner,,,failed,False,2026-08-27T23:54:07.466946+09:00
Deadbolt Scheduler,,,failed,False,2026-08-18T22:05:21.769406+09:00
Deadbolt Schematic,10.0,0.0,success,False,2026-08-27T22:28:46.749186+09:00
Deadbolt Scope,,,failed,False,2026-08-18T22:10:59.912583+09:00
Deadbolt Score,,,failed,False,2026-08-19T13:32:02.705004+09:00
Deadbolt Sentry,,,failed,False,2026-08-18T22:04:08.939820+09:00
Deadbolt Sheet,,,failed,False,2026-08-19T13:31:44.608385+09:00
Deadbolt Signal,,,failed,False,2026-08-18T22:10:43.266214+09:00
Deadbolt Slip,,,failed,False,2026-08-19T22:03:26.204468+09:00
Deadbolt Slot,30.0,64.0,success,False,2026-08-19T22:03:44.565114+09:00
Deadbolt Snapshot,,,failed,False,2026-08-18T22:07:33.444344+09:00
Deadbolt Statement,,,failed,False,2026-08-21T00:35:34.561312+09:00
Deadbolt Station,,,failed,False,2026-08-18T23:50:47.094448+09:00
Deadbolt Status,,,failed,False,2026-08-19T20:45:21.816276+09:00
Deadbolt Studio,,,failed,False,2026-08-18T23:50:47.094448+09:00
Deadbolt Suite,,,failed,False,2026-08-18T22:04:42.771017+09:00
Deadbolt Sum,,,failed,False,2026-08-21T02:21:00.139536+09:00
Deadbolt Summary,,,failed,False,2026-08-19T21:18:14.475118+09:00
Deadbolt Surtax,,,failed,False,2026-08-23T15:51:03.649898+09:00
Deadbolt Sync,,,failed,False,2026-08-18T22:08:52.301038+09:00
Deadbolt Tab,40.0,0.0,success,False,2026-08-21T00:36:05.920603+09:00
Deadbolt Table,,,failed,False,2026-08-19T22:03:08.515859+09:00
Deadbolt Tag,,,failed,False,2026-08-19T13:32:18.631834+09:00
Deadbolt Tally,,,failed,False,2026-08-21T00:35:39.216644+09:00
Deadbolt Tariff,,,failed,False,2026-08-21T02:37:19.204094+09:00
Deadbolt Tax,,,failed,False,2026-08-21T02:06:01.492109+09:00
Deadbolt Terminal,,,failed,False,2026-08-18T23:50:47.094448+09:00
Deadbolt Ticket,,,failed,False,2026-08-19T21:19:17.312411+09:00
Deadbolt Tier,,,failed,False,2026-08-28T00:47:08.445911+09:00
Deadbolt Timeline,,,failed,False,2026-08-19T21:18:26.718972+09:00
Deadbolt Timer,10.0,91.0,success,False,2026-08-28T00:23:49.555058+09:00
Deadbolt Token,,,failed,False,2026-08-23T13:26:55.054155+09:00
Deadbolt Toll,,,failed,False,2026-08-21T02:37:11.292116+09:00
Deadbolt Toolbox,,,failed,False,2026-08-28T00:23:56.463149+09:00
Deadbolt Toolkit,,,failed,False,2026-08-18T22:07:07.445674+09:00
Deadbolt Total,,,failed,False,2026-08-27T23:12:02.088858+09:00
Deadbolt Tracker,,,failed,False,2026-08-18T22:08:43.049836+09:00
Deadbolt Trail,,,failed,False,2026-08-18T22:02:46.582498+09:00
Deadbolt Trial,,,failed,False,2026-08-27T21:14:56.322045+09:00
Deadbolt Unit,,,failed,False,2026-08-21T01:59:53.471915+09:00
Deadbolt Update,,,failed,False,2026-08-19T20:46:02.034696+09:00
Deadbolt Value,,,failed,False,2026-08-23T02:52:49.123666+09:00
Deadbolt Vault,,,failed,False,2026-08-18T22:09:49.300650+09:00
Deadbolt Version,,,failed,False,2026-08-23T03:15:41.007114+09:00
Deadbolt View,,,failed,False,2026-08-19T20:45:29.456295+09:00
Deadbolt Watch,,,failed,False,2026-08-18T22:10:53.801114+09:00
Deadbolt Wave,,,failed,False,2026-08-18T22:11:34.911588+09:00
Deadbolt Widget,,,failed,False,2026-08-27T23:12:05.738890+09:00
Deadbolt Workbench,,,failed,False,2026-08-18T22:06:59.160335+09:00
Deadbolt Worksheet,,,failed,False,2026-08-27T22:09:13.645963+09:00
Deadbolt Workshop,,,failed,False,2026-08-28T00:23:53.902588+09:00
Deadbolt Zone,,,failed,False,2026-08-18T23:50:47.094448+09:00
Deadlatch Advisory,,,failed,False,2026-08-21T01:02:59.724963+09:00
Deadlatch Alert,,,failed,False,2026-08-19T21:08:48.624997+09:00
Deadlatch Allowance,,,failed,False,2026-08-21T02:44:32.833058+09:00
Deadlatch Analyzer,,,failed,False,2026-08-27T23:51:35.408395+09:00
Deadlatch Asset,,,failed,False,2026-08-23T13:46:52.749544+09:00
Deadlatch Assistant,,,failed,False,2026-08-19T21:32:21.399233+09:00
Deadlatch Atlas,,,failed,False,2026-08-19T21:31:50.558670+09:00
Deadlatch Attribute,,,failed,False,2026-08-23T13:05:48.567186+09:00
Deadlatch Base,,,failed,False,2026-08-19T21:29:00.879622+09:00
Deadlatch Bill,,,failed,False,2026-08-19T22:01:51.400634+09:00
Deadlatch Bin,,,failed,False,2026-08-19T21:09:13.421479+09:00
Deadlatch Board,,,failed,False,2026-08-19T21:29:24.641827+09:00
Deadlatch Book,,,failed,False,2026-08-19T22:02:44.580219+09:00
Deadlatch Brief,,,failed,False,2026-08-21T01:02:00.042656+09:00
Deadlatch Bulletin,,,failed,False,2026-08-21T01:01:54.342698+09:00
Deadlatch Cabinet,,,failed,False,2026-08-27T23:16:45.468022+09:00
Deadlatch Calendar,,,failed,False,2026-08-19T21:05:26.715187+09:00
Deadlatch Card,,,failed,False,2026-08-19T21:11:11.315009+09:00
Deadlatch Cash,,,failed,False,2026-08-21T02:28:28.588606+09:00
Deadlatch Cashback,,,failed,False,2026-08-27T21:17:59.409089+09:00
Deadlatch Catalog,,,failed,False,2026-08-19T21:15:52.181697+09:00
Deadlatch Category,,,failed,False,2026-08-23T13:05:43.515456+09:00
Deadlatch Center,,,failed,False,2026-08-19T21:30:10.428031+09:00
Deadlatch Chain,,,failed,False,2026-08-19T21:31:14.747264+09:00
Deadlatch Charge,,,failed,False,2026-08-21T02:44:18.914187+09:00
Deadlatch Chart,,,failed,False,2026-08-19T21:09:00.850536+09:00
Deadlatch Check,,,failed,False,2026-08-19T21:11:31.992305+09:00
Deadlatch Checker,,,failed,False,2026-08-27T23:51:26.937833+09:00
Deadlatch Checklist,,,failed,False,2026-08-19T21:14:53.889746+09:00
Deadlatch Circular,,,failed,False,2026-08-21T01:02:57.004719+09:00
Deadlatch Code,,,failed,False,2026-08-19T22:02:12.630536+09:00
Deadlatch Companion,,,failed,False,2026-08-19T21:04:09.833583+09:00
Deadlatch Comparison,,,failed,False,2026-08-28T01:03:14.001062+09:00
Deadlatch Compass,,,failed,False,2026-08-19T21:17:35.138769+09:00
Deadlatch Confirmation,,,failed,False,2026-08-21T01:02:15.382494+09:00
Deadlatch Console,,,failed,False,2026-08-19T21:30:31.013934+09:00
Deadlatch Core,,,failed,False,2026-08-19T21:29:10.316262+09:00
Deadlatch Cost,,,failed,False,2026-08-21T02:11:38.732794+09:00
Deadlatch Count,,,failed,False,2026-08-27T22:51:05.430430+09:00
Deadlatch Counter,,,failed,False,2026-08-19T21:06:25.471396+09:00
Deadlatch Coupon,,,failed,False,2026-08-27T21:17:56.289470+09:00
Deadlatch Deal,,,failed,False,2026-08-21T01:55:30.531800+09:00
Deadlatch Debt,,,failed,False,2026-08-21T02:28:25.181498+09:00
Deadlatch Deck,,,failed,False,2026-08-19T21:29:30.457441+09:00
Deadlatch Desk,,,failed,False,2026-08-19T21:16:48.614230+09:00
Deadlatch Detail,,,failed,False,2026-08-23T03:15:24.852114+09:00
Deadlatch Detector,,,failed,False,2026-08-27T23:51:32.749499+09:00
Deadlatch Diagram,20.0,0.0,success,False,2026-08-27T22:13:39.158515+09:00
Deadlatch Digest,,,failed,False,2026-08-19T21:13:50.204351+09:00
Deadlatch Directory,,,failed,False,2026-08-19T21:05:37.228592+09:00
Deadlatch Discount,,,failed,False,2026-08-23T16:14:53.191797+09:00
Deadlatch Dossier,,,failed,False,2026-08-21T01:02:18.161248+09:00
Deadlatch Downpayment,,,failed,False,2026-08-27T21:49:15.770523+09:00
Deadlatch Draft,,,failed,False,2026-08-19T21:14:11.257032+09:00
Deadlatch Due,,,failed,False,2026-08-23T15:51:51.217465+09:00
Deadlatch Duty,,,failed,False,2026-08-21T02:44:22.791251+09:00
Deadlatch Engine,,,failed,False,2026-08-19T21:32:13.666054+09:00
Deadlatch Entry,,,failed,False,2026-08-21T01:03:18.814008+09:00
Deadlatch Estimate,,,failed,False,2026-08-19T21:15:40.357740+09:00
Deadlatch Estimator,,,failed,False,2026-08-27T23:51:24.335890+09:00
Deadlatch Excerpt,,,failed,False,2026-08-21T01:03:15.171952+09:00
Deadlatch Fare,,,failed,False,2026-08-21T02:11:46.716437+09:00
Deadlatch Fee,,,failed,False,2026-08-21T01:55:06.085634+09:00
Deadlatch Feed,,,failed,False,2026-08-19T21:14:01.404689+09:00
Deadlatch Field,,,failed,False,2026-08-23T13:05:51.104957+09:00
Deadlatch File,,,failed,False,2026-08-19T21:13:02.504471+09:00
Deadlatch Finder,,,failed,False,2026-08-19T21:06:04.880535+09:00
Deadlatch Fine,,,failed,False,2026-08-23T02:58:43.358109+09:00
Deadlatch Flag,,,failed,False,2026-08-21T00:27:37.591897+09:00
Deadlatch Flow,,,failed,False,2026-08-19T21:16:23.704707+09:00
Deadlatch Form,,,failed,False,2026-08-19T21:11:02.607888+09:00
Deadlatch Format,,,failed,False,2026-08-23T13:05:53.628688+09:00
Deadlatch Frame,,,failed,False,2026-08-19T21:20:10.804990+09:00
Deadlatch Fund,,,failed,False,2026-08-21T02:28:28.588606+09:00
Deadlatch Gate,,,failed,False,2026-08-19T21:31:31.502788+09:00
Deadlatch Giveaway,,,failed,False,2026-08-27T21:18:05.577940+09:00
Deadlatch Grade,,,failed,False,2026-08-21T00:27:15.534212+09:00
Deadlatch Grid,,,failed,False,2026-08-19T21:19:09.949699+09:00
Deadlatch Guardian,,,failed,False,2026-08-28T00:21:58.401743+09:00
Deadlatch Helpdesk,,,failed,False,2026-08-27T22:51:07.925641+09:00
Deadlatch Helper,,,failed,False,2026-08-28T00:22:04.244333+09:00
Deadlatch History,,,failed,False,2026-08-19T21:12:48.974552+09:00
Deadlatch Hotline,,,failed,False,2026-08-19T21:16:02.434865+09:00
Deadlatch Hub,,,failed,False,2026-08-19T21:16:36.317434+09:00
Deadlatch Identifier,,,failed,False,2026-08-23T13:05:41.403029+09:00
Deadlatch Inbox,,,failed,False,2026-08-19T21:08:37.744349+09:00
Deadlatch Incentive,,,failed,False,2026-08-27T21:18:01.606713+09:00
Deadlatch Index,,,failed,False,2026-08-19T21:15:06.542256+09:00
Deadlatch Item,,,failed,False,2026-08-21T01:55:09.652280+09:00
Deadlatch Journal,,,failed,False,2026-08-19T21:04:59.839669+09:00
Deadlatch Keeper,,,failed,False,2026-08-19T21:31:56.342454+09:00
Deadlatch Kit,,,failed,False,2026-08-27T22:51:00.093213+09:00
Deadlatch Lab,,,failed,False,2026-08-19T21:29:47.496953+09:00
Deadlatch Label,,,failed,False,2026-08-27T22:13:33.756180+09:00
Deadlatch Ledger,,,failed,False,2026-08-19T21:29:19.590151+09:00
Deadlatch Level,,,failed,False,2026-08-19T21:13:15.643031+09:00
Deadlatch Line,,,failed,False,2026-08-19T21:10:05.581791+09:00
Deadlatch Link,,,failed,False,2026-08-23T03:15:19.125629+09:00
Deadlatch List,,,failed,False,2026-08-19T22:02:22.489790+09:00
Deadlatch Loan,,,failed,False,2026-08-21T02:11:55.079933+09:00
Deadlatch Locker,,,failed,False,2026-08-19T21:06:35.637376+09:00
Deadlatch Log,,,failed,False,2026-08-19T21:10:50.221080+09:00
Deadlatch Loop,,,failed,False,2026-08-19T21:19:00.035786+09:00
Deadlatch Manager,,,failed,False,2026-08-19T21:32:06.209951+09:00
Deadlatch Manual,,,failed,False,2026-08-27T22:13:36.218618+09:00
Deadlatch Map,,,failed,False,2026-08-19T21:19:58.668783+09:00
Deadlatch Markup,,,failed,False,2026-08-23T16:39:23.209795+09:00
Deadlatch Memo,,,failed,False,2026-08-21T00:27:24.500136+09:00
Deadlatch Message,,,failed,False,2026-08-27T23:16:37.182537+09:00
Deadlatch Monitor,,,failed,False,2026-08-19T21:03:55.204280+09:00
Deadlatch Nexus,,,failed,False,2026-08-19T21:31:40.381854+09:00
Deadlatch Note,,,failed,False,2026-08-19T21:11:55.349483+09:00
Deadlatch Notification,,,failed,False,2026-08-27T22:51:00.093213+09:00
Deadlatch Number,,,failed,False,2026-08-23T03:15:10.473494+09:00
Deadlatch Ops,,,failed,False,2026-08-19T21:04:36.711918+09:00
Deadlatch Order,,,failed,False,2026-08-19T22:01:42.804571+09:00
Deadlatch Overage,,,failed,False,2026-08-27T21:49:13.443578+09:00
Deadlatch Overdue,,,failed,False,2026-08-27T21:49:08.437850+09:00
Deadlatch Panel,,,failed,False,2026-08-19T21:30:36.862882+09:00
Deadlatch Path,,,failed,False,2026-08-19T21:19:35.712806+09:00
Deadlatch Payoff,,,failed,False,2026-08-27T21:49:11.230615+09:00
Deadlatch Penalty,,,failed,False,2026-08-23T16:39:21.186657+09:00
Deadlatch Petition,,,failed,False,2026-08-21T01:02:11.159896+09:00
Deadlatch Plan,,,failed,False,2026-08-21T01:55:28.445824+09:00
Deadlatch Playbook,,,failed,False,2026-08-19T21:04:47.167430+09:00
Deadlatch Point,,,failed,False,2026-08-19T21:19:47.057352+09:00
Deadlatch Portal,,,failed,False,2026-08-19T21:30:22.896569+09:00
Deadlatch Preview,,,failed,False,2026-08-28T01:03:14.001062+09:00
Deadlatch Profile,,,failed,False,2026-08-19T21:12:20.631006+09:00
Deadlatch Profit,,,failed,False,2026-08-23T02:58:33.536123+09:00
Deadlatch Proposal,,,failed,False,2026-08-28T01:03:16.681055+09:00
Deadlatch Queue,,,failed,False,2026-08-19T21:15:29.461766+09:00
Deadlatch Quota,,,failed,False,2026-08-21T00:27:30.325740+09:00
Deadlatch Radar,,,failed,False,2026-08-19T21:17:02.639874+09:00
Deadlatch Rail,,,failed,False,2026-08-19T21:31:01.684338+09:00
Deadlatch Rate,,,failed,False,2026-08-19T21:13:25.403661+09:00
Deadlatch Recap,,,failed,False,2026-08-21T01:03:10.607434+09:00
Deadlatch Receipt,,,failed,False,2026-08-19T22:02:02.684993+09:00
Deadlatch Register,,,failed,False,2026-08-19T21:04:22.708628+09:00
Deadlatch Registry,,,failed,False,2026-08-19T21:05:12.493876+09:00
Deadlatch Relay,,,failed,False,2026-08-19T21:17:15.430061+09:00
Deadlatch Reminder,,,failed,False,2026-08-19T21:14:42.578262+09:00
Deadlatch Report,,,failed,False,2026-08-19T21:10:38.305423+09:00
Deadlatch Ring,,,failed,False,2026-08-19T21:31:23.417988+09:00
Deadlatch Roster,,,failed,False,2026-08-19T21:08:27.297609+09:00
Deadlatch Route,,,failed,False,2026-08-19T21:30:54.257177+09:00
Deadlatch Rule,,,failed,False,2026-08-23T03:15:22.651664+09:00
Deadlatch Sale,,,failed,False,2026-08-21T02:28:33.010940+09:00
Deadlatch Sample,,,failed,False,2026-08-19T22:03:03.584652+09:00
Deadlatch Scale,,,failed,False,2026-08-19T21:30:45.595196+09:00
Deadlatch Scanner,,,failed,False,2026-08-27T23:51:29.405566+09:00
Deadlatch Scheduler,,,failed,False,2026-08-19T21:03:41.880915+09:00
Deadlatch Schematic,,,failed,False,2026-08-27T22:29:26.032496+09:00
Deadlatch Scope,,,failed,False,2026-08-19T21:18:42.622010+09:00
Deadlatch Score,,,failed,False,2026-08-19T21:11:44.619551+09:00
Deadlatch Sheet,,,failed,False,2026-08-19T21:11:21.991848+09:00
Deadlatch Shortfall,,,failed,False,2026-08-27T21:49:20.358831+09:00
Deadlatch Signal,,,failed,False,2026-08-19T21:18:22.582804+09:00
Deadlatch Slip,,,failed,False,2026-08-19T22:02:52.701278+09:00
Deadlatch Slot,,,failed,False,2026-08-19T22:03:14.947098+09:00
Deadlatch Stake,,,failed,False,2026-08-23T02:58:39.272586+09:00
Deadlatch Statement,,,failed,False,2026-08-21T00:26:55.838634+09:00
Deadlatch Station,,,failed,False,2026-08-19T21:29:53.324584+09:00
Deadlatch Status,,,failed,False,2026-08-19T21:12:30.069108+09:00
Deadlatch Studio,,,failed,False,2026-08-19T21:29:40.498335+09:00
Deadlatch Sum,,,failed,False,2026-08-21T02:28:18.996082+09:00
Deadlatch Summary,,,failed,False,2026-08-19T21:14:21.531663+09:00
Deadlatch Surtax,,,failed,False,2026-08-23T15:51:53.307481+09:00
Deadlatch Tab,,,failed,False,2026-08-21T00:27:45.495734+09:00
Deadlatch Table,,,failed,False,2026-08-19T22:02:34.302682+09:00
Deadlatch Tag,,,failed,False,2026-08-19T21:12:07.891173+09:00
Deadlatch Tally,,,failed,False,2026-08-21T00:27:06.966469+09:00
Deadlatch Tariff,,,failed,False,2026-08-21T02:44:37.347457+09:00
Deadlatch Tax,,,failed,False,2026-08-21T02:11:50.760630+09:00
Deadlatch Terminal,,,failed,False,2026-08-19T21:29:59.646453+09:00
Deadlatch Ticker,,,failed,False,2026-08-19T21:09:50.193216+09:00
Deadlatch Ticket,,,failed,False,2026-08-19T21:15:19.107238+09:00
Deadlatch Timeline,,,failed,False,2026-08-19T21:14:31.473745+09:00
Deadlatch Toll,,,failed,False,2026-08-21T02:44:28.484946+09:00
Deadlatch Toolbox,,,failed,False,2026-08-28T00:22:01.777271+09:00
Deadlatch Total,,,failed,False,2026-08-27T23:16:41.409509+09:00
Deadlatch Tracker,,,failed,False,2026-08-19T21:16:11.566322+09:00
Deadlatch Trail,,,failed,False,2026-08-19T21:31:09.123245+09:00
Deadlatch Trial,,,failed,False,2026-08-27T21:17:59.409089+09:00
Deadlatch Unit,,,failed,False,2026-08-21T01:55:13.516814+09:00
Deadlatch Update,,,failed,False,2026-08-19T21:13:38.700903+09:00
Deadlatch Value,,,failed,False,2026-08-23T02:58:35.873995+09:00
Deadlatch Vault,,,failed,False,2026-08-19T21:17:25.572760+09:00
Deadlatch Version,,,failed,False,2026-08-23T03:15:14.062371+09:00
Deadlatch View,,,failed,False,2026-08-19T21:12:39.256118+09:00
Deadlatch Watch,,,failed,False,2026-08-19T21:18:32.816387+09:00
Deadlatch Wave,,,failed,False,2026-08-19T21:19:21.338240+09:00
Deadlatch Widget,,,failed,False,2026-08-27T23:16:41.409509+09:00
Deadlatch Window,,,failed,False,2026-08-19T21:10:18.944671+09:00
Deadlatch Worksheet,,,failed,False,2026-08-27T22:13:39.158515+09:00
Deadlatch Workshop,,,failed,False,2026-08-28T00:21:55.786008+09:00
Deadlatch Zone,,,failed,False,2026-08-19T21:30:16.349132+09:00
Dealer Advance,10.0,4.0,success,False,2026-08-23T16:16:00.073730+09:00
Dealer Advisory,,,failed,False,2026-08-21T01:08:29.808950+09:00
Dealer Allowance,10.0,0.0,success,False,2026-08-21T02:38:59.400124+09:00
Dealer Almanac,,,failed,False,2026-08-18T22:08:57.073323+09:00
Dealer Analyzer,,,failed,False,2026-08-27T23:51:21.141566+09:00
Dealer Anchor,,,failed,False,2026-08-17T21:30:08.257838+09:00
Dealer Announcement,,,failed,False,2026-08-27T23:31:16.874593+09:00
Dealer Arrears,,,failed,False,2026-08-23T16:16:00.073730+09:00
Dealer Asset,,,failed,False,2026-08-23T13:47:35.441000+09:00
Dealer Assistant,140.0,5.0,success,False,2026-08-17T23:14:16.588426+09:00
Dealer Atlas,260.0,86.0,success,False,2026-08-17T20:39:09.333217+09:00
Dealer Attribute,,,failed,False,2026-08-23T13:07:14.038929+09:00
Dealer Badge,170.0,3.0,success,False,2026-08-21T00:34:35.312701+09:00
Dealer Balance,,,failed,False,2026-08-23T13:47:35.441000+09:00
Dealer Base,70.0,5.0,success,False,2026-08-17T20:35:51.368204+09:00
Dealer Beacon,,,failed,False,2026-08-17T21:34:31.783933+09:00
Dealer Bill,20.0,0.0,success,False,2026-08-19T21:55:41.048712+09:00
Dealer Blueprint,,,failed,False,2026-08-18T22:08:48.035720+09:00
Dealer Board,1000.0,1.0,success,False,2026-08-17T20:32:58.642411+09:00
Dealer Book,90.0,0.0,success,False,2026-08-19T21:56:37.173014+09:00
Dealer Bridge,50.0,1.0,success,False,2026-08-17T21:31:15.457583+09:00
Dealer Brief,,,failed,False,2026-08-21T01:08:20.285219+09:00
Dealer Bulletin,20.0,1.0,success,False,2026-08-21T01:08:15.676788+09:00
Dealer Calendar,,,failed,False,2026-08-19T00:05:27.512092+09:00
Dealer Card,4400.0,64.0,success,False,2026-08-19T13:34:22.181534+09:00
Dealer Cascade,,,failed,False,2026-08-17T21:32:25.465592+09:00
Dealer Cash,170.0,45.0,success,False,2026-08-21T02:22:35.993251+09:00
Dealer Cashback,10.0,2.0,success,False,2026-08-27T21:18:48.752837+09:00
Dealer Catalog,30.0,3.0,success,False,2026-08-19T21:10:34.981799+09:00
Dealer Category,20.0,1.0,success,False,2026-08-23T13:07:10.531607+09:00
Dealer Center,49500.0,4.0,success,False,2026-08-17T21:37:08.932405+09:00
Dealer Chain,30.0,3.0,success,False,2026-08-17T20:43:16.751377+09:00
Dealer Charge,50.0,2.0,success,False,2026-08-21T02:38:47.806400+09:00
Dealer Check,170.0,4.0,success,False,2026-08-19T13:35:15.943675+09:00
Dealer Checker,2400.0,17.0,success,False,2026-08-27T23:51:12.915875+09:00
Dealer Checklist,30.0,1.0,success,False,2026-08-19T21:09:36.551386+09:00
Dealer Circular,,,failed,False,2026-08-21T01:08:25.718288+09:00
Dealer Cockpit,70.0,2.0,success,False,2026-08-17T23:23:52.832374+09:00
Dealer Code,1900.0,0.0,success,True,2026-08-19T21:56:01.385775+09:00
Dealer Codex,,,failed,False,2026-08-18T22:09:13.055997+09:00
Dealer Companion,,,failed,False,2026-08-17T23:12:18.901964+09:00
Dealer Comparison,,,failed,False,2026-08-28T01:02:37.016845+09:00
Dealer Compass,880.0,3.0,success,False,2026-08-17T21:35:36.118436+09:00
Dealer Compendium,,,failed,False,2026-08-18T22:09:05.854990+09:00
Dealer Confirmation,,,failed,False,2026-08-21T01:08:36.289589+09:00
Dealer Console,70.0,0.0,success,False,2026-08-17T21:34:01.777052+09:00
Dealer Contribution,30.0,20.0,success,False,2026-08-23T16:15:57.304809+09:00
Dealer Core,10.0,10.0,success,False,2026-08-17T20:34:51.045190+09:00
Dealer Cost,1900.0,5.0,success,False,2026-08-21T02:06:32.230213+09:00
Dealer Count,,,failed,False,2026-08-27T22:51:29.683445+09:00
Dealer Counter,30.0,0.0,success,False,2026-08-18T23:57:46.664132+09:00
Dealer Coupon,90.0,9.0,success,False,2026-08-27T21:18:48.752837+09:00
Dealer Dashboard,480.0,7.0,success,False,2026-08-17T23:05:06.987834+09:00
Dealer Deal,390.0,88.0,success,False,2026-08-21T02:00:00.574550+09:00
Dealer Debt,,,failed,False,2026-08-21T02:22:28.218601+09:00
Dealer Deck,,,failed,False,2026-08-17T20:31:49.556843+09:00
Dealer Depot,720.0,2.0,success,False,2026-08-18T23:57:26.188855+09:00
Dealer Desk,260.0,39.0,success,False,2026-08-17T21:41:14.862117+09:00
Dealer Detail,170.0,3.0,success,False,2026-08-23T03:18:56.291245+09:00
Dealer Dial,,,failed,False,2026-08-17T21:31:49.761986+09:00
Dealer Digest,10.0,0.0,success,False,2026-08-19T20:37:54.785730+09:00
Dealer Directory,70.0,2.0,success,False,2026-08-19T00:05:31.654702+09:00
Dealer Discount,1300.0,12.0,success,False,2026-08-23T16:15:54.401659+09:00
Dealer Dock,,,failed,False,2026-08-17T20:45:56.929111+09:00
Dealer Dossier,,,failed,False,2026-08-21T01:08:40.341221+09:00
Dealer Downpayment,,,failed,False,2026-08-27T21:49:50.641192+09:00
Dealer Draft,,,failed,False,2026-08-19T20:38:07.942341+09:00
Dealer Due,,,failed,False,2026-08-23T15:52:22.475978+09:00
Dealer Duty,,,failed,False,2026-08-21T02:38:51.441238+09:00
Dealer Engine,210.0,29.0,success,False,2026-08-17T23:33:09.699963+09:00
Dealer Entry,,,failed,False,2026-08-21T01:08:57.015500+09:00
Dealer Estimate,,,failed,False,2026-08-19T21:10:24.800768+09:00
Dealer Excerpt,,,failed,False,2026-08-21T01:08:51.801540+09:00
Dealer Fare,10.0,,success,False,2026-08-21T02:06:44.237427+09:00
Dealer Fee,1600.0,3.0,success,False,2026-08-21T01:59:50.051478+09:00
Dealer Feed,1600.0,3.0,success,False,2026-08-19T20:38:01.262466+09:00
Dealer File,10.0,0.0,success,False,2026-08-19T20:37:18.555970+09:00
Dealer Finder,140.0,24.0,success,False,2026-08-18T23:57:15.984121+09:00
Dealer Fine,,,failed,False,2026-08-23T02:54:31.488130+09:00
Dealer Flag,70.0,100.0,success,False,2026-08-21T00:35:01.453915+09:00
Dealer Flow,260.0,91.0,success,False,2026-08-17T20:32:23.142780+09:00
Dealer Forge,,,failed,False,2026-08-17T21:33:28.260657+09:00
Dealer Form,390.0,24.0,success,False,2026-08-19T13:34:15.397109+09:00
Dealer Frame,20.0,32.0,success,False,2026-08-17T20:36:51.044622+09:00
Dealer Fund,90.0,12.0,success,False,2026-08-21T02:22:32.305318+09:00
Dealer Gate,,,failed,False,2026-08-17T20:40:49.686418+09:00
Dealer Generator,,,failed,False,2026-08-27T23:31:24.795366+09:00
Dealer Giveaway,,,failed,False,2026-08-27T21:19:01.624624+09:00
Dealer Grade,,,failed,False,2026-08-21T00:34:53.693924+09:00
Dealer Graph,,,failed,False,2026-08-27T22:14:17.347960+09:00
Dealer Grid,10.0,6.0,success,False,2026-08-17T20:43:44.073906+09:00
Dealer Guarantee,20.0,8.0,success,False,2026-08-28T01:02:39.668408+09:00
Dealer Guard,70.0,2.0,success,False,2026-08-17T20:35:19.683482+09:00
Dealer Guidebook,10.0,,success,False,2026-08-18T22:08:32.701996+09:00
Dealer Helpdesk,,,failed,False,2026-08-27T22:51:29.683445+09:00
Dealer Helper,,,failed,False,2026-08-28T00:21:40.685047+09:00
Dealer History,,,failed,False,2026-08-19T20:49:38.357241+09:00
Dealer Hotline,10.0,0.0,success,False,2026-08-19T21:10:46.722805+09:00
Dealer Hub,1900.0,1.0,success,False,2026-08-18T07:43:42.936129+09:00
Dealer Identifier,,,failed,False,2026-08-23T13:07:10.531607+09:00
Dealer Incentive,1300.0,22.0,success,False,2026-08-27T21:18:52.051068+09:00
Dealer Index,10.0,0.0,success,False,2026-08-19T21:09:48.311531+09:00
Dealer Insight,50.0,11.0,success,False,2026-08-17T23:23:36.709980+09:00
Dealer Installment,,,failed,False,2026-08-23T16:15:54.401659+09:00
Dealer Interest,,,failed,False,2026-08-23T13:47:35.441000+09:00
Dealer Item,,,failed,False,2026-08-21T01:59:53.471915+09:00
Dealer Journal,,,failed,False,2026-08-18T22:08:15.553962+09:00
Dealer Keeper,,,failed,False,2026-08-17T20:37:18.091212+09:00
Dealer Kit,260.0,43.0,success,False,2026-08-27T22:51:25.477545+09:00
Dealer Lab,70.0,0.0,success,False,2026-08-17T21:41:47.180143+09:00
Dealer Label,10.0,0.0,success,False,2026-08-27T22:14:17.347960+09:00
Dealer Ledger,20.0,4.0,success,False,2026-08-17T20:34:02.071546+09:00
Dealer Lens,,,failed,False,2026-08-17T20:37:49.257868+09:00
Dealer Level,30.0,6.0,success,False,2026-08-19T20:37:31.186118+09:00
Dealer Link,4400.0,5.0,success,False,2026-08-23T03:18:48.364198+09:00
Dealer List,720.0,4.0,success,False,2026-08-19T21:56:14.793890+09:00
Dealer Loan,2900.0,4.0,success,False,2026-08-21T02:06:52.442398+09:00
Dealer Locator,2400.0,7.0,success,False,2026-08-18T23:57:00.632523+09:00
Dealer Lock,70.0,8.0,success,False,2026-08-17T20:39:32.550443+09:00
Dealer Log,9900.0,0.0,success,True,2026-08-19T13:34:03.969558+09:00
Dealer Loop,10.0,6.0,success,False,2026-08-17T20:44:32.138425+09:00
Dealer Manager,480.0,4.0,success,False,2026-08-17T20:36:18.497930+09:00
Dealer Manual,90.0,0.0,success,False,2026-08-27T22:14:21.289312+09:00
Dealer Map,260.0,3.0,success,False,2026-08-17T20:38:37.912313+09:00
Dealer Markup,1900.0,0.0,success,True,2026-08-23T16:39:47.689837+09:00
Dealer Memo,,,failed,False,2026-08-21T00:34:57.023815+09:00
Dealer Message,,,failed,False,2026-08-27T23:16:45.468022+09:00
Dealer Meter,,,failed,False,2026-08-17T21:30:41.512165+09:00
Dealer Metrics,70.0,5.0,success,False,2026-08-17T23:10:43.579186+09:00
Dealer Monitor,,,failed,False,2026-08-17T22:50:34.703098+09:00
Dealer Navigator,3600.0,4.0,success,False,2026-08-17T23:24:12.955458+09:00
Dealer Nexus,,,failed,False,2026-08-17T20:40:01.743309+09:00
Dealer Node,,,failed,False,2026-08-17T20:41:35.724700+09:00
Dealer Note,,,failed,False,2026-08-19T13:35:34.985408+09:00
Dealer Notification,20.0,0.0,success,False,2026-08-27T22:51:22.989955+09:00
Dealer Number,720.0,12.0,success,False,2026-08-23T03:18:41.681571+09:00
Dealer Office,210.0,3.0,success,False,2026-08-18T23:57:35.193051+09:00
Dealer Ops,1600.0,2.0,success,False,2026-08-17T23:06:59.361333+09:00
Dealer Order,210.0,3.0,success,False,2026-08-19T21:55:31.155886+09:00
Dealer Organizer,,,failed,False,2026-08-17T23:33:38.106132+09:00
Dealer Overage,,,failed,False,2026-08-27T21:49:48.123433+09:00
Dealer Overdraft,,,failed,False,2026-08-23T15:52:24.692181+09:00
Dealer Overdue,,,failed,False,2026-08-27T21:49:45.629659+09:00
Dealer Panel,720.0,0.0,success,False,2026-08-17T21:33:02.340741+09:00
Dealer Pass,,,failed,False,2026-08-21T00:34:25.670499+09:00
Dealer Path,1900.0,0.0,success,True,2026-08-17T20:41:09.985510+09:00
Dealer Payoff,40.0,0.0,success,False,2026-08-27T21:49:45.629659+09:00
Dealer Penalty,,,failed,False,2026-08-23T16:39:47.689837+09:00
Dealer Petition,,,failed,False,2026-08-21T01:08:34.212023+09:00
Dealer Pilot,2400.0,1.0,success,False,2026-08-18T07:43:54.848234+09:00
Dealer Plan,50.0,3.0,success,False,2026-08-21T02:00:00.574550+09:00
Dealer Planner,,,failed,False,2026-08-17T23:33:20.357749+09:00
Dealer Playbook,10.0,1.0,success,False,2026-08-18T22:08:09.141836+09:00
Dealer Point,390.0,1.0,success,False,2026-08-17T20:40:26.535789+09:00
Dealer Portal,110000.0,3.0,success,False,2026-08-17T21:35:06.399475+09:00
Dealer Preview,,,failed,False,2026-08-28T01:02:37.016845+09:00
Dealer Profile,70.0,36.0,success,False,2026-08-19T13:36:10.470400+09:00
Dealer Profit,70.0,1.0,success,False,2026-08-23T02:54:23.224881+09:00
Dealer Proposal,20.0,2.0,success,False,2026-08-28T01:02:39.668408+09:00
Dealer Pulse,70.0,9.0,success,False,2026-08-17T20:42:49.578916+09:00
Dealer Queue,,,failed,False,2026-08-19T21:10:16.662476+09:00
Dealer Quota,,,failed,False,2026-08-21T00:34:59.250399+09:00
Dealer Radar,30.0,8.0,success,False,2026-08-17T21:39:09.779186+09:00
Dealer Rail,,,failed,False,2026-08-17T20:45:10.862003+09:00
Dealer Rank,10.0,0.0,success,False,2026-08-28T00:46:02.758073+09:00
Dealer Rate,880.0,2.0,success,False,2026-08-19T20:37:40.051699+09:00
Dealer Recap,,,failed,False,2026-08-21T01:08:47.143646+09:00
Dealer Receipt,50.0,27.0,success,False,2026-08-19T21:55:51.993679+09:00
Dealer Recorder,,,failed,False,2026-08-27T23:31:29.961537+09:00
Dealer Redemption,,,failed,False,2026-08-23T16:39:50.503833+09:00
Dealer Register,390.0,2.0,success,False,2026-08-17T23:24:32.888927+09:00
Dealer Registry,,,failed,False,2026-08-18T22:08:38.388583+09:00
Dealer Relay,20.0,35.0,success,False,2026-08-17T21:37:44.992622+09:00
Dealer Reminder,,,failed,False,2026-08-19T21:09:24.314607+09:00
Dealer Report,110.0,3.0,success,False,2026-08-19T13:33:57.418081+09:00
Dealer Repository,,,failed,False,2026-08-27T23:16:56.229281+09:00
Dealer Roadmap,,,failed,False,2026-08-18T22:09:21.781956+09:00
Dealer Roster,,,failed,False,2026-08-19T00:38:34.534111+09:00
Dealer Route,10.0,11.0,success,False,2026-08-17T20:47:07.356899+09:00
Dealer Rule,70.0,1.0,success,False,2026-08-23T03:18:52.097037+09:00
Dealer Sale,480.0,38.0,success,False,2026-08-21T02:22:45.760304+09:00
Dealer Sample,10.0,0.0,success,False,2026-08-19T21:56:59.723896+09:00
Dealer Scale,20.0,100.0,success,False,2026-08-17T20:48:23.905428+09:00
Dealer Scheduler,,,failed,False,2026-08-17T23:09:02.276027+09:00
Dealer Scope,10.0,8.0,success,False,2026-08-17T20:45:34.633599+09:00
Dealer Score,,,failed,False,2026-08-19T13:35:21.181056+09:00
Dealer Sentry,,,failed,False,2026-08-17T20:38:12.491374+09:00
Dealer Sheet,50.0,0.0,success,False,2026-08-19T13:34:28.843739+09:00
Dealer Shortfall,,,failed,False,2026-08-27T21:49:50.641192+09:00
Dealer Signal,,,failed,False,2026-08-17T20:47:47.373505+09:00
Dealer Signature,50.0,0.0,success,False,2026-08-23T13:27:48.876436+09:00
Dealer Slip,,,failed,False,2026-08-19T21:56:50.628145+09:00
Dealer Slot,10.0,0.0,success,False,2026-08-19T21:57:11.207151+09:00
Dealer Snapshot,,,failed,False,2026-08-18T22:08:23.655372+09:00
Dealer Stake,,,failed,False,2026-08-23T02:54:26.725947+09:00
Dealer Statement,30.0,0.0,success,False,2026-08-21T00:34:44.893530+09:00
Dealer Station,210.0,1.0,success,False,2026-08-17T21:39:57.727763+09:00
Dealer Status,40.0,0.0,success,False,2026-08-19T20:49:25.973595+09:00
Dealer Stipend,,,failed,False,2026-08-23T13:47:38.660404+09:00
Dealer Streak,10.0,0.0,success,False,2026-08-28T00:45:59.297593+09:00
Dealer Stub,,,failed,False,2026-08-21T00:34:40.769437+09:00
Dealer Studio,1300.0,2.0,success,False,2026-08-18T07:52:33.463903+09:00
Dealer Subsidy,,,failed,False,2026-08-23T15:52:24.692181+09:00
Dealer Suite,50.0,16.0,success,False,2026-08-17T23:07:23.914294+09:00
Dealer Sum,,,failed,False,2026-08-21T02:22:21.674947+09:00
Dealer Summary,,,failed,False,2026-08-19T21:08:56.210906+09:00
Dealer Surtax,,,failed,False,2026-08-23T15:52:26.691302+09:00
Dealer Sync,210.0,13.0,success,False,2026-08-17T20:33:31.328442+09:00
Dealer Table,210.0,13.0,success,False,2026-08-19T21:56:23.940159+09:00
Dealer Tag,1000.0,12.0,success,False,2026-08-19T13:35:47.282228+09:00
Dealer Tally,,,failed,False,2026-08-21T00:34:49.507039+09:00
Dealer Tariff,,,failed,False,2026-08-21T02:39:01.824838+09:00
Dealer Tax,90.0,1.0,success,False,2026-08-21T02:06:47.400251+09:00
Dealer Ticket,,,failed,False,2026-08-19T21:10:02.424096+09:00
Dealer Tier,10.0,7.0,success,False,2026-08-28T00:46:02.758073+09:00
Dealer Timeline,,,failed,False,2026-08-19T21:09:10.178555+09:00
Dealer Toll,,,failed,False,2026-08-21T02:38:57.143403+09:00
Dealer Toolbox,110.0,29.0,success,False,2026-08-28T00:21:40.685047+09:00
Dealer Toolkit,30.0,15.0,success,False,2026-08-18T22:08:00.506560+09:00
Dealer Total,,,failed,False,2026-08-27T23:16:51.144125+09:00
Dealer Tracker,260.0,24.0,success,False,2026-08-17T20:34:25.476328+09:00
Dealer Trail,10.0,5.0,success,False,2026-08-17T20:44:10.950266+09:00
Dealer Trend,20.0,24.0,success,False,2026-08-28T01:02:34.403760+09:00
Dealer Trial,,,failed,False,2026-08-27T21:18:52.051068+09:00
Dealer Unit,20.0,1.0,success,False,2026-08-21T02:05:44.847740+09:00
Dealer Update,10.0,0.0,success,False,2026-08-19T20:37:47.819235+09:00
Dealer Vault,720.0,3.0,success,False,2026-08-17T21:36:36.847955+09:00
Dealer Version,,,failed,False,2026-08-23T03:18:44.540602+09:00
Dealer View,210.0,3.0,success,False,2026-08-19T20:49:32.682801+09:00
Dealer Voucher,10.0,0.0,success,False,2026-08-21T00:34:30.806569+09:00
Dealer Wallet,10.0,54.0,success,False,2026-08-27T22:51:25.477545+09:00
Dealer Watch,70.0,80.0,success,False,2026-08-17T20:46:26.563596+09:00
Dealer Wave,40.0,22.0,success,False,2026-08-17T20:42:00.146835+09:00
Dealer Widget,,,failed,False,2026-08-27T23:16:51.144125+09:00
Dealer Workbench,,,failed,False,2026-08-18T22:07:51.533580+09:00
Dealer Worksheet,30.0,3.0,success,False,2026-08-27T22:14:21.289312+09:00
Dealer Workshop,110.0,1.0,success,False,2026-08-28T00:21:35.352628+09:00
Dealer Zone,880.0,1.0,success,False,2026-08-17T21:36:10.133574+09:00
Declarations Advisory,,,failed,False,2026-08-21T01:04:13.537026+09:00
Declarations Alert,,,failed,False,2026-08-21T00:07:55.712848+09:00
Declarations Allowance,,,failed,False,2026-08-21T02:42:57.314001+09:00
Declarations Analyzer,,,failed,False,2026-08-27T23:53:16.393422+09:00
Declarations Announcement,,,failed,False,2026-08-27T23:32:47.063702+09:00
Declarations Asset,,,failed,False,2026-08-23T13:46:43.137504+09:00
Declarations Assistant,,,failed,False,2026-08-21T00:06:26.162440+09:00
Declarations Atlas,,,failed,False,2026-08-21T00:06:10.990572+09:00
Declarations Attribute,,,failed,False,2026-08-23T13:05:07.059909+09:00
Declarations Badge,,,failed,False,2026-08-21T00:28:11.670318+09:00
Declarations Base,,,failed,False,2026-08-21T00:11:51.224044+09:00
Declarations Bay,,,failed,False,2026-08-21T00:07:19.615144+09:00
Declarations Beacon,,,failed,False,2026-08-21T00:11:01.156571+09:00
Declarations Bill,,,failed,False,2026-08-21T00:10:06.230079+09:00
Declarations Bin,,,failed,False,2026-08-21T00:08:03.129328+09:00
Declarations Board,,,failed,False,2026-08-21T00:12:01.439565+09:00
Declarations Book,110.0,34.0,success,False,2026-08-21T00:10:17.224400+09:00
Declarations Booth,,,failed,False,2026-08-21T00:07:10.102459+09:00
Declarations Bridge,,,failed,False,2026-08-21T00:11:09.626115+09:00
Declarations Brief,,,failed,False,2026-08-21T01:04:00.035751+09:00
Declarations Bulletin,,,failed,False,2026-08-21T01:03:56.741736+09:00
Declarations Cabinet,,,failed,False,2026-08-27T23:10:19.958354+09:00
Declarations Card,,,failed,False,2026-08-21T00:08:43.301972+09:00
Declarations Cascade,,,failed,False,2026-08-21T00:11:07.276592+09:00
Declarations Cash,,,failed,False,2026-08-21T02:26:14.215239+09:00
Declarations Category,,,failed,False,2026-08-23T13:05:00.300804+09:00
Declarations Center,,,failed,False,2026-08-21T00:05:29.824761+09:00
Declarations Chain,,,failed,False,2026-08-21T00:05:58.957091+09:00
Declarations Charge,,,failed,False,2026-08-21T02:42:49.671896+09:00
Declarations Chart,,,failed,False,2026-08-21T00:07:59.311862+09:00
Declarations Check,,,failed,False,2026-08-21T00:08:47.899784+09:00
Declarations Checker,,,failed,False,2026-08-27T23:53:00.851680+09:00
Declarations Circular,,,failed,False,2026-08-21T01:04:04.572867+09:00
Declarations Code,,,failed,False,2026-08-21T00:10:10.668873+09:00
Declarations Companion,,,failed,False,2026-08-21T00:06:35.659041+09:00
Declarations Comparison,,,failed,False,2026-08-28T01:04:51.979139+09:00
Declarations Confirmation,,,failed,False,2026-08-21T01:04:22.356565+09:00
Declarations Console,,,failed,False,2026-08-21T00:05:39.660885+09:00
Declarations Converter,,,failed,False,2026-08-27T23:32:49.894310+09:00
Declarations Core,,,failed,False,2026-08-21T00:11:53.848385+09:00
Declarations Cost,,,failed,False,2026-08-21T02:09:08.901398+09:00
Declarations Count,,,failed,False,2026-08-27T22:51:51.167010+09:00
Declarations Counter,,,failed,False,2026-08-21T00:07:05.249232+09:00
Declarations Deal,,,failed,False,2026-08-21T01:51:43.156382+09:00
Declarations Debt,,,failed,False,2026-08-21T02:26:06.975454+09:00
Declarations Deck,,,failed,False,2026-08-19T22:41:50.846543+09:00
Declarations Desk,,,failed,False,2026-08-21T00:10:41.968767+09:00
Declarations Detail,,,failed,False,2026-08-23T03:24:09.830834+09:00
Declarations Detector,,,failed,False,2026-08-27T23:53:12.173263+09:00
Declarations Directory,,,failed,False,2026-08-21T00:06:57.541230+09:00
Declarations Dossier,,,failed,False,2026-08-21T01:04:35.050629+09:00
Declarations Downpayment,,,failed,False,2026-08-27T21:49:35.975851+09:00
Declarations Draft,,,failed,False,2026-08-21T00:09:36.388404+09:00
Declarations Due,,,failed,False,2026-08-23T15:51:47.066948+09:00
Declarations Duty,,,failed,False,2026-08-21T02:42:51.701755+09:00
Declarations Engine,,,failed,False,2026-08-21T00:06:22.845965+09:00
Declarations Entry,,,failed,False,2026-08-21T01:05:18.575555+09:00
Declarations Estimate,,,failed,False,2026-08-21T00:10:01.982446+09:00
Declarations Excerpt,,,failed,False,2026-08-21T01:04:41.877436+09:00
Declarations Fare,,,failed,False,2026-08-21T02:09:16.825512+09:00
Declarations Fee,,,failed,False,2026-08-21T01:51:29.207159+09:00
Declarations Feed,,,failed,False,2026-08-21T00:09:33.821521+09:00
Declarations Field,,,failed,False,2026-08-23T13:05:09.962757+09:00
Declarations File,,,failed,False,2026-08-21T00:09:15.337380+09:00
Declarations Fine,,,failed,False,2026-08-23T02:57:45.364347+09:00
Declarations Flag,,,failed,False,2026-08-21T00:28:59.306676+09:00
Declarations Flow,,,failed,False,2026-08-21T00:10:37.172281+09:00
Declarations Forge,,,failed,False,2026-08-21T00:11:04.008018+09:00
Declarations Form,27100.0,0.0,success,True,2026-08-21T00:08:39.923175+09:00
Declarations Format,,,failed,False,2026-08-23T13:05:12.905502+09:00
Declarations Frame,,,failed,False,2026-08-21T00:11:44.764762+09:00
Declarations Fund,,,failed,False,2026-08-21T02:26:10.275506+09:00
Declarations Gate,,,failed,False,2026-08-21T00:06:05.500178+09:00
Declarations Generator,,,failed,False,2026-08-27T23:32:54.562632+09:00
Declarations Grade,,,failed,False,2026-08-21T00:28:39.996166+09:00
Declarations Grid,,,failed,False,2026-08-21T00:11:27.452285+09:00
Declarations Guarantee,,,failed,False,2026-08-28T01:04:57.702842+09:00
Declarations Guardian,,,failed,False,2026-08-28T00:23:24.069179+09:00
Declarations Harbor,,,failed,False,2026-08-21T00:07:33.633888+09:00
Declarations Helpdesk,,,failed,False,2026-08-27T22:44:05.542192+09:00
Declarations Helper,,,failed,False,2026-08-28T00:23:28.806149+09:00
Declarations History,,,failed,False,2026-08-21T00:09:11.987938+09:00
Declarations Hub,,,failed,False,2026-08-21T00:10:39.439345+09:00
Declarations Identifier,,,failed,False,2026-08-23T13:04:57.008398+09:00
Declarations Inbox,,,failed,False,2026-08-21T00:07:51.744677+09:00
Declarations Index,,,failed,False,2026-08-21T00:09:56.547234+09:00
Declarations Item,,,failed,False,2026-08-21T01:51:35.759053+09:00
Declarations Journal,,,failed,False,2026-08-21T00:06:48.646021+09:00
Declarations Keeper,,,failed,False,2026-08-21T00:06:15.045348+09:00
Declarations Lab,,,failed,False,2026-08-21T00:05:21.567045+09:00
Declarations Label,,,failed,False,2026-08-27T22:14:02.180893+09:00
Declarations Layout,,,failed,False,2026-08-27T22:29:30.000621+09:00
Declarations Ledger,,,failed,False,2026-08-21T00:11:58.658369+09:00
Declarations Level,,,failed,False,2026-08-21T00:09:19.692750+09:00
Declarations Line,,,failed,False,2026-08-21T00:08:19.938205+09:00
Declarations Link,,,failed,False,2026-08-23T03:24:01.511685+09:00
Declarations List,,,failed,False,2026-08-21T00:10:12.835483+09:00
Declarations Loan,,,failed,False,2026-08-21T02:09:26.864571+09:00
Declarations Lobby,,,failed,False,2026-08-21T00:08:12.228304+09:00
Declarations Locator,,,failed,False,2026-08-21T00:06:59.654665+09:00
Declarations Locker,,,failed,False,2026-08-21T00:07:07.636475+09:00
Declarations Log,,,failed,False,2026-08-21T00:08:35.535549+09:00
Declarations Loop,,,failed,False,2026-08-21T00:11:23.626216+09:00
Declarations Manager,10.0,0.0,success,False,2026-08-21T00:06:19.535864+09:00
Declarations Manual,,,failed,False,2026-08-27T22:14:08.565651+09:00
Declarations Map,,,failed,False,2026-08-21T00:11:41.126262+09:00
Declarations Margin,,,failed,False,2026-08-23T02:57:43.117346+09:00
Declarations Memo,,,failed,False,2026-08-21T00:28:44.167575+09:00
Declarations Message,,,failed,False,2026-08-27T23:10:14.890839+09:00
Declarations Monitor,,,failed,False,2026-08-21T00:06:33.457247+09:00
Declarations Nexus,,,failed,False,2026-08-21T00:06:08.424463+09:00
Declarations Note,,,failed,False,2026-08-21T00:08:53.382830+09:00
Declarations Notification,,,failed,False,2026-08-27T22:51:44.321364+09:00
Declarations Number,,,failed,False,2026-08-23T03:23:54.422715+09:00
Declarations Office,,,failed,False,2026-08-21T00:07:02.641295+09:00
Declarations Ops,,,failed,False,2026-08-21T00:06:41.845552+09:00
Declarations Order,,,failed,False,2026-08-21T00:10:04.105660+09:00
Declarations Outpost,,,failed,False,2026-08-21T00:07:26.703840+09:00
Declarations Overage,,,failed,False,2026-08-27T21:49:35.975851+09:00
Declarations Overdue,,,failed,False,2026-08-27T21:49:31.660766+09:00
Declarations Panel,,,failed,False,2026-08-21T00:05:42.702163+09:00
Declarations Pass,,,failed,False,2026-08-21T00:27:53.671746+09:00
Declarations Passport,,,failed,False,2026-08-21T00:08:06.282154+09:00
Declarations Path,,,failed,False,2026-08-21T00:11:33.849438+09:00
Declarations Payoff,,,failed,False,2026-08-27T21:49:33.781529+09:00
Declarations Penalty,,,failed,False,2026-08-23T16:39:28.081272+09:00
Declarations Petition,,,failed,False,2026-08-21T01:04:18.102523+09:00
Declarations Plan,,,failed,False,2026-08-21T01:51:40.699894+09:00
Declarations Planner,,,failed,False,2026-08-21T00:06:28.229778+09:00
Declarations Playbook,,,failed,False,2026-08-21T00:06:45.845117+09:00
Declarations Plaza,,,failed,False,2026-08-21T00:07:30.087170+09:00
Declarations Point,,,failed,False,2026-08-21T00:11:37.455869+09:00
Declarations Portal,,,failed,False,2026-08-21T00:05:36.511484+09:00
Declarations Post,,,failed,False,2026-08-21T00:07:23.788027+09:00
Declarations Preview,,,failed,False,2026-08-28T01:04:51.979139+09:00
Declarations Profile,,,failed,False,2026-08-21T00:09:02.871951+09:00
Declarations Profit,,,failed,False,2026-08-23T02:57:36.512424+09:00
Declarations Proposal,,,failed,False,2026-08-28T01:04:54.734993+09:00
Declarations Quota,,,failed,False,2026-08-21T00:28:53.322616+09:00
Declarations Radar,,,failed,False,2026-08-21T00:10:46.000113+09:00
Declarations Rail,,,failed,False,2026-08-21T00:05:53.181576+09:00
Declarations Rate,,,failed,False,2026-08-21T00:09:26.936437+09:00
Declarations Recap,,,failed,False,2026-08-21T01:05:11.632109+09:00
Declarations Receipt,,,failed,False,2026-08-21T00:10:08.386733+09:00
Declarations Register,,,failed,False,2026-08-21T00:06:39.076451+09:00
Declarations Relay,,,failed,False,2026-08-21T00:10:48.719546+09:00
Declarations Reminder,,,failed,False,2026-08-21T00:09:46.713564+09:00
Declarations Report,,,failed,False,2026-08-21T00:08:29.674648+09:00
Declarations Repository,,,failed,False,2026-08-27T23:10:19.958354+09:00
Declarations Ring,,,failed,False,2026-08-21T00:06:02.924923+09:00
Declarations Roll,,,failed,False,2026-08-21T00:08:26.557259+09:00
Declarations Roster,,,failed,False,2026-08-21T00:07:47.780593+09:00
Declarations Route,,,failed,False,2026-08-21T00:05:49.318712+09:00
Declarations Rule,,,failed,False,2026-08-23T03:24:05.243173+09:00
Declarations Sale,,,failed,False,2026-08-21T02:26:18.130699+09:00
Declarations Sample,,,failed,False,2026-08-21T00:10:27.698876+09:00
Declarations Scale,,,failed,False,2026-08-21T00:05:45.974525+09:00
Declarations Scanner,,,failed,False,2026-08-27T23:53:07.557701+09:00
Declarations Scope,,,failed,False,2026-08-21T00:11:21.339663+09:00
Declarations Score,,,failed,False,2026-08-21T00:08:50.298724+09:00
Declarations Sheet,,,failed,False,2026-08-21T00:08:45.670716+09:00
Declarations Shelf,,,failed,False,2026-08-21T00:07:44.849905+09:00
Declarations Shortfall,,,failed,False,2026-08-27T21:49:38.109800+09:00
Declarations Signal,,,failed,False,2026-08-21T00:11:12.755377+09:00
Declarations Signature,,,failed,False,2026-08-23T13:27:02.624073+09:00
Declarations Slip,,,failed,False,2026-08-21T00:10:23.316441+09:00
Declarations Slot,,,failed,False,2026-08-21T00:10:31.102119+09:00
Declarations Stake,,,failed,False,2026-08-23T02:57:40.926366+09:00
Declarations Stamp,,,failed,False,2026-08-23T13:27:05.347974+09:00
Declarations Statement,,,failed,False,2026-08-21T00:28:23.086581+09:00
Declarations Station,,,failed,False,2026-08-21T00:05:23.895920+09:00
Declarations Status,,,failed,False,2026-08-21T00:09:06.463923+09:00
Declarations Stub,,,failed,False,2026-08-21T00:28:15.750952+09:00
Declarations Studio,,,failed,False,2026-08-19T22:41:53.355833+09:00
Declarations Sum,,,failed,False,2026-08-21T02:26:02.985234+09:00
Declarations Summary,,,failed,False,2026-08-21T00:09:38.850867+09:00
Declarations Tab,,,failed,False,2026-08-21T00:29:07.557420+09:00
Declarations Table,,,failed,False,2026-08-21T00:10:14.810334+09:00
Declarations Tag,,,failed,False,2026-08-21T00:09:00.299581+09:00
Declarations Tally,,,failed,False,2026-08-21T00:28:32.365756+09:00
Declarations Tariff,,,failed,False,2026-08-21T02:42:59.558136+09:00
Declarations Tax,,,failed,False,2026-08-21T02:09:21.519694+09:00
Declarations Terminal,,,failed,False,2026-08-21T00:05:26.838977+09:00
Declarations Ticker,,,failed,False,2026-08-21T00:08:16.662845+09:00
Declarations Ticket,,,failed,False,2026-08-21T00:09:59.655575+09:00
Declarations Timeline,,,failed,False,2026-08-21T00:09:42.716549+09:00
Declarations Timer,,,failed,False,2026-08-28T00:23:21.269207+09:00
Declarations Toll,,,failed,False,2026-08-21T02:42:54.824749+09:00
Declarations Toolbox,,,failed,False,2026-08-28T00:23:26.429201+09:00
Declarations Tower,,,failed,False,2026-08-21T00:07:38.957051+09:00
Declarations Tracker,,,failed,False,2026-08-21T00:10:34.597077+09:00
Declarations Trail,,,failed,False,2026-08-21T00:05:56.272120+09:00
Declarations Trend,,,failed,False,2026-08-28T01:04:49.164769+09:00
Declarations Trial,,,failed,False,2026-08-27T21:18:26.738212+09:00
Declarations Unit,,,failed,False,2026-08-21T02:05:48.650139+09:00
Declarations Update,,,failed,False,2026-08-21T00:09:30.468859+09:00
Declarations Value,,,failed,False,2026-08-23T02:57:38.722026+09:00
Declarations Vault,,,failed,False,2026-08-21T00:10:55.494824+09:00
Declarations Version,,,failed,False,2026-08-23T03:23:58.190781+09:00
Declarations View,,,failed,False,2026-08-21T00:09:09.007645+09:00
Declarations Voucher,,,failed,False,2026-08-21T00:28:00.116915+09:00
Declarations Wallet,,,failed,False,2026-08-27T22:51:48.588261+09:00
Declarations Watch,,,failed,False,2026-08-21T00:11:15.329507+09:00
Declarations Wave,,,failed,False,2026-08-21T00:11:31.112963+09:00
Declarations Widget,,,failed,False,2026-08-27T23:10:17.409830+09:00
Declarations Window,,,failed,False,2026-08-21T00:08:22.856324+09:00
Declarations Worksheet,,,failed,False,2026-08-27T22:14:08.565651+09:00
Declarations Yard,,,failed,False,2026-08-21T00:07:16.411531+09:00
Declarations Zone,,,failed,False,2026-08-21T00:05:32.052210+09:00
Decor Advance,,,failed,False,2026-08-23T16:12:05.670450+09:00
Decor Advisory,,,failed,False,2026-08-21T01:09:25.502385+09:00
Decor Allowance,,,failed,False,2026-08-21T02:39:49.190275+09:00
Decor Analyzer,,,failed,False,2026-08-27T23:57:37.780075+09:00
Decor Arrears,,,failed,False,2026-08-23T16:12:01.471109+09:00
Decor Assistant,50.0,31.0,success,False,2026-08-19T13:25:50.130591+09:00
Decor Attribute,,,failed,False,2026-08-23T13:08:34.053815+09:00
Decor Badge,,,failed,False,2026-08-21T00:34:35.312701+09:00
Decor Balance,10.0,38.0,success,False,2026-08-23T13:48:32.031008+09:00
Decor Bay,10.0,0.0,success,False,2026-08-19T13:29:49.322759+09:00
Decor Bill,,,failed,False,2026-08-19T21:51:38.533092+09:00
Decor Bin,390.0,100.0,success,False,2026-08-19T13:31:50.431005+09:00
Decor Board,14800.0,20.0,success,False,2026-08-19T13:41:26.637679+09:00
Decor Book,22200.0,100.0,success,False,2026-08-19T21:52:40.688622+09:00
Decor Brief,,,failed,False,2026-08-21T01:09:15.818493+09:00
Decor Bulletin,,,failed,False,2026-08-21T01:09:12.434019+09:00
Decor Calculator,,,failed,False,2026-08-27T23:35:20.435817+09:00
Decor Calendar,590.0,99.0,success,False,2026-08-19T13:27:59.144364+09:00
Decor Cash,10.0,0.0,success,False,2026-08-21T02:22:54.942838+09:00
Decor Cashback,,,failed,False,2026-08-27T21:15:13.256077+09:00
Decor Catalog,320.0,75.0,success,False,2026-08-19T21:06:15.149170+09:00
Decor Category,50.0,2.0,success,False,2026-08-23T13:08:30.246419+09:00
Decor Center,18100.0,32.0,success,False,2026-08-19T13:42:37.156031+09:00
Decor Charge,,,failed,False,2026-08-21T02:39:36.901337+09:00
Decor Check,,,failed,False,2026-08-19T13:33:46.951331+09:00
Decor Checker,,,failed,False,2026-08-27T23:57:31.093402+09:00
Decor Checklist,40.0,28.0,success,False,2026-08-19T21:05:14.341737+09:00
Decor Circular,,,failed,False,2026-08-21T01:09:20.076507+09:00
Decor Code,70.0,1.0,success,False,2026-08-19T21:52:04.287712+09:00
Decor Companion,,,failed,False,2026-08-19T13:26:40.628357+09:00
Decor Comparison,,,failed,False,2026-08-28T01:08:29.646959+09:00
Decor Confirmation,,,failed,False,2026-08-21T01:09:32.208799+09:00
Decor Console,1300.0,100.0,success,False,2026-08-19T13:21:52.267675+09:00
Decor Contribution,,,failed,False,2026-08-23T16:11:58.973572+09:00
Decor Cost,390.0,18.0,success,False,2026-08-21T02:15:35.751133+09:00
Decor Count,,,failed,False,2026-08-27T22:48:34.491281+09:00
Decor Counter,,,failed,False,2026-08-19T13:28:46.213071+09:00
Decor Coupon,10.0,81.0,success,False,2026-08-27T21:15:13.256077+09:00
Decor Deal,210.0,99.0,success,False,2026-08-21T01:59:10.014934+09:00
Decor Debt,,,failed,False,2026-08-21T02:22:45.760304+09:00
Decor Desk,14800.0,100.0,success,False,2026-08-19T13:35:23.963790+09:00
Decor Detail,30.0,2.0,success,False,2026-08-23T03:20:35.213515+09:00
Decor Diagram,,,failed,False,2026-08-27T22:09:38.149454+09:00
Decor Digest,10.0,0.0,success,False,2026-08-19T20:38:03.591827+09:00
Decor Directory,10.0,69.0,success,False,2026-08-19T13:28:06.398636+09:00
Decor Discount,40500.0,50.0,success,False,2026-08-23T16:11:52.886405+09:00
Decor Dossier,,,failed,False,2026-08-21T01:09:34.280846+09:00
Decor Downpayment,,,failed,False,2026-08-27T21:46:42.401025+09:00
Decor Draft,,,failed,False,2026-08-19T20:38:18.738836+09:00
Decor Due,,,failed,False,2026-08-23T15:50:19.459391+09:00
Decor Duty,,,failed,False,2026-08-21T02:39:41.486000+09:00
Decor Engine,,,failed,False,2026-08-19T13:25:22.323430+09:00
Decor Entry,110.0,19.0,success,False,2026-08-21T00:58:25.474774+09:00
Decor Estimate,,,failed,False,2026-08-19T21:06:06.633142+09:00
Decor Estimator,,,failed,False,2026-08-27T23:57:28.605750+09:00
Decor Excerpt,,,failed,False,2026-08-21T01:09:44.260038+09:00
Decor Extension,,,failed,False,2026-08-23T16:37:52.353259+09:00
Decor Fare,,,failed,False,2026-08-21T02:06:07.596179+09:00
Decor Fee,70.0,81.0,success,False,2026-08-21T01:58:58.757504+09:00
Decor Feed,,,failed,False,2026-08-19T20:38:10.418620+09:00
Decor Field,,,failed,False,2026-08-23T13:08:36.933873+09:00
Decor File,8100.0,3.0,success,False,2026-08-19T20:37:34.944185+09:00
Decor Fine,20.0,30.0,success,False,2026-08-23T02:55:13.896073+09:00
Decor Flow,880.0,94.0,success,False,2026-08-19T13:35:09.228952+09:00
Decor Format,,,failed,False,2026-08-23T13:08:40.061584+09:00
Decor Fund,,,failed,False,2026-08-21T02:22:48.105050+09:00
Decor Generator,40.0,41.0,success,False,2026-08-27T23:35:24.571352+09:00
Decor Giveaway,10.0,0.0,success,False,2026-08-27T21:15:18.698295+09:00
Decor Grade,,,failed,False,2026-08-21T00:34:57.023815+09:00
Decor Grid,90.0,88.0,success,False,2026-08-19T13:39:01.193066+09:00
Decor Harbor,,,failed,False,2026-08-19T13:30:42.478470+09:00
Decor Helpdesk,,,failed,False,2026-08-27T22:48:34.491281+09:00
Decor Helper,1000.0,16.0,success,False,2026-08-28T00:26:44.575613+09:00
Decor History,,,failed,False,2026-08-19T20:37:22.627194+09:00
Decor Hotline,,,failed,False,2026-08-19T21:06:27.741536+09:00
Decor Hub,2400.0,13.0,success,False,2026-08-19T13:35:17.832639+09:00
Decor Identifier,,,failed,False,2026-08-23T13:08:27.240954+09:00
Decor Incentive,,,failed,False,2026-08-27T21:15:16.328313+09:00
Decor Index,,,failed,False,2026-08-19T21:05:28.660617+09:00
Decor Installment,,,failed,False,2026-08-23T16:11:56.492802+09:00
Decor Item,74000.0,96.0,success,False,2026-08-21T01:59:01.512881+09:00
Decor Journal,1600.0,60.0,success,False,2026-08-19T13:27:40.228305+09:00
Decor Kit,1000.0,100.0,success,False,2026-08-27T22:48:25.660209+09:00
Decor Ledger,,,failed,False,2026-08-19T13:41:02.359276+09:00
Decor Level,,,failed,False,2026-08-19T20:37:42.979136+09:00
Decor Link,140.0,99.0,success,False,2026-08-23T03:20:27.097448+09:00
Decor List,260.0,81.0,success,False,2026-08-19T21:52:13.387437+09:00
Decor Loan,,,failed,False,2026-08-21T02:06:17.677670+09:00
Decor Locker,8100.0,89.0,success,False,2026-08-19T13:28:55.054153+09:00
Decor Log,1300.0,100.0,success,False,2026-08-19T13:32:55.447680+09:00
Decor Manager,20.0,1.0,success,False,2026-08-19T13:25:08.614186+09:00
Decor Map,720.0,100.0,success,False,2026-08-19T13:40:01.237122+09:00
Decor Markup,,,failed,False,2026-08-23T16:37:47.617319+09:00
Decor Memo,,,failed,False,2026-08-21T00:34:59.250399+09:00
Decor Message,,,failed,False,2026-08-27T23:14:03.822687+09:00
Decor Monitor,,,failed,False,2026-08-19T13:26:15.412219+09:00
Decor Notification,,,failed,False,2026-08-27T22:48:25.660209+09:00
Decor Number,880.0,87.0,success,False,2026-08-23T03:20:18.367542+09:00
Decor Office,27100.0,100.0,success,False,2026-08-19T13:28:36.830433+09:00
Decor Ops,,,failed,False,2026-08-19T13:27:09.579518+09:00
Decor Order,,,failed,False,2026-08-19T21:51:28.846204+09:00
Decor Overdraft,,,failed,False,2026-08-23T15:50:21.646134+09:00
Decor Panel,9900.0,100.0,success,False,2026-08-19T13:22:04.691766+09:00
Decor Pass,,,failed,False,2026-08-21T00:34:27.900194+09:00
Decor Petition,,,failed,False,2026-08-21T01:09:26.967706+09:00
Decor Plan,480.0,27.0,success,False,2026-08-21T01:59:11.823228+09:00
Decor Planner,480.0,27.0,success,False,2026-08-19T13:25:58.679936+09:00
Decor Point,880.0,3.0,success,False,2026-08-19T13:39:49.486851+09:00
Decor Portal,480.0,8.0,success,False,2026-08-19T13:21:40.944519+09:00
Decor Preview,,,failed,False,2026-08-28T01:08:32.525331+09:00
Decor Profit,,,failed,False,2026-08-23T02:55:02.071314+09:00
Decor Proposal,20.0,56.0,success,False,2026-08-28T01:08:32.525331+09:00
Decor Queue,,,failed,False,2026-08-19T21:05:52.966416+09:00
Decor Rate,,,failed,False,2026-08-19T20:37:49.991412+09:00
Decor Recap,,,failed,False,2026-08-21T01:09:42.916632+09:00
Decor Receipt,,,failed,False,2026-08-19T21:51:54.755817+09:00
Decor Redemption,,,failed,False,2026-08-23T16:37:49.888860+09:00
Decor Register,10.0,40.0,success,False,2026-08-19T13:27:02.036577+09:00
Decor Registry,,,failed,False,2026-08-19T13:27:50.683202+09:00
Decor Reminder,,,failed,False,2026-08-19T21:05:03.787854+09:00
Decor Report,10.0,0.0,success,False,2026-08-19T13:32:49.484496+09:00
Decor Repository,,,failed,False,2026-08-27T23:14:12.324093+09:00
Decor Route,,,failed,False,2026-08-19T13:23:05.373596+09:00
Decor Rule,,,failed,False,2026-08-23T03:20:32.320134+09:00
Decor Sale,1000.0,100.0,success,False,2026-08-21T02:22:58.653942+09:00
Decor Sample,,,failed,False,2026-08-19T21:53:02.852702+09:00
Decor Scheduler,,,failed,False,2026-08-19T13:26:07.690748+09:00
Decor Scope,,,failed,False,2026-08-19T13:38:30.096101+09:00
Decor Shelf,8100.0,100.0,success,False,2026-08-19T13:30:57.828554+09:00
Decor Sketch,50.0,13.0,success,False,2026-08-27T22:28:51.186281+09:00
Decor Slip,,,failed,False,2026-08-19T21:52:53.016557+09:00
Decor Slot,10.0,21.0,success,False,2026-08-19T21:53:20.741685+09:00
Decor Stake,,,failed,False,2026-08-23T02:55:08.559599+09:00
Decor Statement,210.0,100.0,success,False,2026-08-21T00:34:47.254019+09:00
Decor Station,170.0,8.0,success,False,2026-08-19T13:42:14.783829+09:00
Decor Status,40.0,43.0,success,False,2026-08-19T20:49:35.865635+09:00
Decor Stub,,,failed,False,2026-08-21T00:34:40.769437+09:00
Decor Sum,,,failed,False,2026-08-21T02:22:40.576459+09:00
Decor Summary,,,failed,False,2026-08-19T21:04:38.364310+09:00
Decor Table,8100.0,100.0,success,False,2026-08-19T21:52:28.912563+09:00
Decor Tag,170.0,99.0,success,False,2026-08-19T13:34:06.788909+09:00
Decor Tally,20.0,48.0,success,False,2026-08-21T00:34:51.514854+09:00
Decor Tariff,,,failed,False,2026-08-21T02:39:52.714819+09:00
Decor Tax,,,failed,False,2026-08-21T02:06:11.713342+09:00
Decor Terminal,10.0,46.0,success,False,2026-08-19T13:42:30.376897+09:00
Decor Ticket,,,failed,False,2026-08-19T21:05:39.916573+09:00
Decor Tier,,,failed,False,2026-08-28T00:48:34.201373+09:00
Decor Timeline,,,failed,False,2026-08-19T21:04:51.175636+09:00
Decor Toll,,,failed,False,2026-08-21T02:39:46.933675+09:00
Decor Toolbox,,,failed,False,2026-08-28T00:26:42.212784+09:00
Decor Total,320.0,25.0,success,False,2026-08-27T23:14:03.822687+09:00
Decor Tower,880.0,8.0,success,False,2026-08-19T13:30:50.408917+09:00
Decor Tracker,10.0,0.0,success,False,2026-08-19T13:34:25.531210+09:00
Decor Trend,720.0,76.0,success,False,2026-08-28T01:08:29.646959+09:00
Decor Trial,,,failed,False,2026-08-27T21:15:16.328313+09:00
Decor Unit,110.0,77.0,success,False,2026-08-21T01:59:08.747160+09:00
Decor Update,,,failed,False,2026-08-19T20:37:57.270685+09:00
Decor Value,,,failed,False,2026-08-23T02:55:04.865137+09:00
Decor Version,,,failed,False,2026-08-23T03:20:22.973389+09:00
Decor View,90.0,58.0,success,False,2026-08-19T20:49:38.357241+09:00
Decor Voucher,,,failed,False,2026-08-21T00:34:30.806569+09:00
Decor Watch,480.0,100.0,success,False,2026-08-19T13:38:13.390546+09:00
Decor Widget,,,failed,False,2026-08-27T23:14:08.485077+09:00
Decor Worksheet,,,failed,False,2026-08-27T22:09:32.047106+09:00
Decor Workshop,90.0,34.0,success,False,2026-08-28T00:26:39.760657+09:00
Decor Yard,6600.0,100.0,success,False,2026-08-19T13:29:35.607135+09:00
Decor Zone,720.0,11.0,success,False,2026-08-19T13:20:58.742668+09:00
Deductible Advance,,,failed,False,2026-08-23T16:13:26.521734+09:00
Deductible Advisory,,,failed,False,2026-08-21T01:07:15.275377+09:00
Deductible Allowance,210.0,0.0,success,False,2026-08-21T02:36:47.930212+09:00
Deductible Almanac,,,failed,False,2026-08-18T22:12:10.821921+09:00
Deductible Analyzer,,,failed,False,2026-08-27T23:56:43.300961+09:00
Deductible Anchor,,,failed,False,2026-08-17T20:34:44.892914+09:00
Deductible Arrears,,,failed,False,2026-08-23T16:13:24.161828+09:00
Deductible Asset,,,failed,False,2026-08-23T13:46:21.678760+09:00
Deductible Assistant,,,failed,False,2026-08-17T23:08:17.909902+09:00
Deductible Atlas,,,failed,False,2026-08-17T21:34:26.372304+09:00
Deductible Attribute,,,failed,False,2026-08-23T13:05:43.515456+09:00
Deductible Badge,,,failed,False,2026-08-21T00:33:32.477901+09:00
Deductible Balance,,,failed,False,2026-08-23T13:46:21.678760+09:00
Deductible Base,,,failed,False,2026-08-17T21:30:33.048254+09:00
Deductible Beacon,,,failed,False,2026-08-17T20:38:33.752321+09:00
Deductible Bill,,,failed,False,2026-08-19T21:55:31.155886+09:00
Deductible Blueprint,,,failed,False,2026-08-18T22:12:02.089704+09:00
Deductible Board,,,failed,False,2026-08-17T20:45:52.903104+09:00
Deductible Book,,,failed,False,2026-08-19T21:56:23.940159+09:00
Deductible Bridge,,,failed,False,2026-08-17T20:35:45.912195+09:00
Deductible Brief,,,failed,False,2026-08-21T01:07:05.419425+09:00
Deductible Bulletin,,,failed,False,2026-08-21T01:07:00.683520+09:00
Deductible Cabinet,,,failed,False,2026-08-27T23:13:58.602342+09:00
Deductible Calculator,90.0,2.0,success,False,2026-08-27T23:35:04.726489+09:00
Deductible Calendar,,,failed,False,2026-08-19T00:03:09.712807+09:00
Deductible Card,,,failed,False,2026-08-19T13:39:51.910868+09:00
Deductible Cascade,,,failed,False,2026-08-17T20:36:43.272468+09:00
Deductible Cash,,,failed,False,2026-08-21T02:30:41.751111+09:00
Deductible Cashback,,,failed,False,2026-08-27T21:15:54.960799+09:00
Deductible Catalog,,,failed,False,2026-08-19T21:11:19.546080+09:00
Deductible Category,,,failed,False,2026-08-23T13:05:41.403029+09:00
Deductible Center,,,failed,False,2026-08-17T20:40:45.689604+09:00
Deductible Chain,,,failed,False,2026-08-17T21:41:07.674308+09:00
Deductible Charge,,,failed,False,2026-08-21T02:36:33.361411+09:00
Deductible Check,,,failed,False,2026-08-19T13:40:19.370480+09:00
Deductible Checker,,,failed,False,2026-08-27T23:56:35.462889+09:00
Deductible Checklist,,,failed,False,2026-08-19T21:10:24.800768+09:00
Deductible Circular,,,failed,False,2026-08-21T01:07:09.616987+09:00
Deductible Cockpit,,,failed,False,2026-08-17T23:28:10.025737+09:00
Deductible Code,20.0,0.0,success,False,2026-08-19T21:55:49.933305+09:00
Deductible Codex,,,failed,False,2026-08-18T22:12:23.623332+09:00
Deductible Companion,,,failed,False,2026-08-17T23:06:12.301553+09:00
Deductible Comparison,,,failed,False,2026-08-28T01:07:08.336538+09:00
Deductible Compass,,,failed,False,2026-08-17T20:39:25.387216+09:00
Deductible Compendium,,,failed,False,2026-08-18T22:12:17.661018+09:00
Deductible Confirmation,,,failed,False,2026-08-21T01:07:24.154176+09:00
Deductible Console,,,failed,False,2026-08-17T20:38:07.696860+09:00
Deductible Contribution,110.0,0.0,success,False,2026-08-23T16:13:24.161828+09:00
Deductible Copayment,,,failed,False,2026-08-23T16:38:29.056767+09:00
Deductible Core,,,failed,False,2026-08-17T20:48:18.389398+09:00
Deductible Cost,110.0,0.0,success,False,2026-08-21T02:14:19.948102+09:00
Deductible Counter,,,failed,False,2026-08-19T00:03:53.943426+09:00
Deductible Coupon,,,failed,False,2026-08-27T21:15:51.614768+09:00
Deductible Dashboard,,,failed,False,2026-08-17T23:11:35.407010+09:00
Deductible Deal,,,failed,False,2026-08-21T01:58:46.875681+09:00
Deductible Debt,20.0,0.0,success,False,2026-08-21T02:30:33.788820+09:00
Deductible Deck,,,failed,False,2026-08-17T20:44:54.516764+09:00
Deductible Depot,,,failed,False,2026-08-19T00:03:38.462918+09:00
Deductible Desk,,,failed,False,2026-08-17T20:42:43.172174+09:00
Deductible Detail,,,failed,False,2026-08-23T03:15:59.188624+09:00
Deductible Detector,,,failed,False,2026-08-27T23:56:38.183826+09:00
Deductible Diagram,,,failed,False,2026-08-27T22:10:35.314261+09:00
Deductible Dial,,,failed,False,2026-08-17T20:36:13.174234+09:00
Deductible Digest,,,failed,False,2026-08-19T20:39:37.927726+09:00
Deductible Directory,,,failed,False,2026-08-19T00:03:16.369023+09:00
Deductible Discount,,,failed,False,2026-08-23T16:13:18.611192+09:00
Deductible Dock,,,failed,False,2026-08-17T20:32:12.868338+09:00
Deductible Dossier,,,failed,False,2026-08-21T01:07:29.159320+09:00
Deductible Downpayment,,,failed,False,2026-08-27T21:47:05.962227+09:00
Deductible Draft,,,failed,False,2026-08-19T20:39:52.613613+09:00
Deductible Due,,,failed,False,2026-08-23T15:51:20.195828+09:00
Deductible Duty,,,failed,False,2026-08-21T02:36:37.228119+09:00
Deductible Engine,,,failed,False,2026-08-17T23:27:13.113305+09:00
Deductible Entry,,,failed,False,2026-08-21T01:07:41.387893+09:00
Deductible Estimate,,,failed,False,2026-08-19T21:11:09.453565+09:00
Deductible Estimator,,,failed,False,2026-08-27T23:56:35.462889+09:00
Deductible Excerpt,,,failed,False,2026-08-21T01:07:39.342209+09:00
Deductible Extension,,,failed,False,2026-08-23T16:38:31.502720+09:00
Deductible Fare,,,failed,False,2026-08-21T02:14:27.987170+09:00
Deductible Fee,110.0,0.0,success,False,2026-08-21T01:58:35.810953+09:00
Deductible Feed,,,failed,False,2026-08-19T20:39:43.818952+09:00
Deductible Field,,,failed,False,2026-08-23T13:05:45.716846+09:00
Deductible File,,,failed,False,2026-08-19T20:38:59.819787+09:00
Deductible Finder,,,failed,False,2026-08-19T00:03:31.307926+09:00
Deductible Fine,,,failed,False,2026-08-23T02:52:49.123666+09:00
Deductible Flag,,,failed,False,2026-08-21T00:34:11.970110+09:00
Deductible Flow,,,failed,False,2026-08-17T20:45:30.439940+09:00
Deductible Forge,,,failed,False,2026-08-17T20:37:39.748297+09:00
Deductible Form,,,failed,False,2026-08-19T13:39:37.773489+09:00
Deductible Format,,,failed,False,2026-08-23T13:05:48.567186+09:00
Deductible Frame,,,failed,False,2026-08-17T21:31:44.399230+09:00
Deductible Fund,10.0,0.0,success,False,2026-08-21T02:30:37.873895+09:00
Deductible Gate,,,failed,False,2026-08-17T21:36:32.684484+09:00
Deductible Giveaway,,,failed,False,2026-08-27T21:16:00.984636+09:00
Deductible Grade,,,failed,False,2026-08-21T00:33:55.661658+09:00
Deductible Graph,,,failed,False,2026-08-27T22:10:29.150854+09:00
Deductible Grid,,,failed,False,2026-08-17T21:41:39.306179+09:00
Deductible Guarantee,10.0,,success,False,2026-08-28T01:07:16.006245+09:00
Deductible Guard,,,failed,False,2026-08-17T21:30:00.229933+09:00
Deductible Guidebook,,,failed,False,2026-08-18T22:11:43.174107+09:00
Deductible Helpdesk,,,failed,False,2026-08-27T22:48:37.138670+09:00
Deductible Helper,,,failed,False,2026-08-28T00:25:56.872854+09:00
Deductible History,,,failed,False,2026-08-19T20:38:53.768635+09:00
Deductible Hotline,,,failed,False,2026-08-19T21:11:29.135916+09:00
Deductible Hub,,,failed,False,2026-08-17T20:44:25.446111+09:00
Deductible Identifier,,,failed,False,2026-08-23T13:05:39.073326+09:00
Deductible Incentive,,,failed,False,2026-08-27T21:16:00.984636+09:00
Deductible Index,,,failed,False,2026-08-19T21:10:33.360879+09:00
Deductible Insight,,,failed,False,2026-08-17T23:27:56.034352+09:00
Deductible Installment,,,failed,False,2026-08-23T16:13:20.971458+09:00
Deductible Interest,590.0,1.0,success,False,2026-08-23T13:46:21.678760+09:00
Deductible Item,,,failed,False,2026-08-21T01:58:38.358988+09:00
Deductible Journal,,,failed,False,2026-08-18T22:11:27.427914+09:00
Deductible Keeper,,,failed,False,2026-08-17T21:32:17.170130+09:00
Deductible Lab,,,failed,False,2026-08-17T20:43:12.470155+09:00
Deductible Label,,,failed,False,2026-08-27T22:10:29.150854+09:00
Deductible Ledger,,,failed,False,2026-08-17T20:46:59.199715+09:00
Deductible Lens,,,failed,False,2026-08-17T21:32:53.372558+09:00
Deductible Level,,,failed,False,2026-08-19T20:39:09.333161+09:00
Deductible Levy,,,failed,False,2026-08-23T13:46:24.718234+09:00
Deductible Link,,,failed,False,2026-08-23T03:15:51.596433+09:00
Deductible List,4400.0,5.0,success,False,2026-08-19T21:56:01.385775+09:00
Deductible Loan,10.0,0.0,success,False,2026-08-21T02:14:36.179977+09:00
Deductible Locator,,,failed,False,2026-08-19T00:03:25.935082+09:00
Deductible Lock,,,failed,False,2026-08-17T21:34:57.125142+09:00
Deductible Log,,,failed,False,2026-08-19T13:39:26.336599+09:00
Deductible Loop,,,failed,False,2026-08-18T07:52:46.019796+09:00
Deductible Manager,,,failed,False,2026-08-17T21:31:05.600589+09:00
Deductible Manual,,,failed,False,2026-08-27T22:10:31.579374+09:00
Deductible Map,,,failed,False,2026-08-17T21:33:53.413747+09:00
Deductible Memo,,,failed,False,2026-08-21T00:34:01.894402+09:00
Deductible Message,,,failed,False,2026-08-27T23:13:53.622178+09:00
Deductible Meter,,,failed,False,2026-08-17T20:35:15.216607+09:00
Deductible Metrics,,,failed,False,2026-08-17T23:04:21.710025+09:00
Deductible Monitor,,,failed,False,2026-08-17T23:10:02.526148+09:00
Deductible Navigator,,,failed,False,2026-08-17T23:28:25.880563+09:00
Deductible Nexus,,,failed,False,2026-08-17T21:35:24.685319+09:00
Deductible Node,,,failed,False,2026-08-17T21:37:39.097196+09:00
Deductible Note,,,failed,False,2026-08-19T13:40:58.883457+09:00
Deductible Notification,,,failed,False,2026-08-27T22:48:31.695595+09:00
Deductible Number,,,failed,False,2026-08-23T03:15:41.007114+09:00
Deductible Office,,,failed,False,2026-08-19T00:03:46.728628+09:00
Deductible Ops,,,failed,False,2026-08-17T23:13:13.553145+09:00
Deductible Organizer,,,failed,False,2026-08-17T23:27:42.956477+09:00
Deductible Overage,,,failed,False,2026-08-27T21:47:05.962227+09:00
Deductible Overdue,,,failed,False,2026-08-27T21:47:00.631100+09:00
Deductible Panel,,,failed,False,2026-08-17T20:37:14.189830+09:00
Deductible Path,,,failed,False,2026-08-17T21:36:59.022364+09:00
Deductible Payoff,,,failed,False,2026-08-27T21:47:03.271568+09:00
Deductible Penalty,,,failed,False,2026-08-23T16:38:24.543370+09:00
Deductible Petition,,,failed,False,2026-08-21T01:07:19.627545+09:00
Deductible Pilot,,,failed,False,2026-08-17T20:43:36.337910+09:00
Deductible Plan,2400.0,12.0,success,False,2026-08-21T01:58:44.645317+09:00
Deductible Planner,,,failed,False,2026-08-17T23:27:26.699527+09:00
Deductible Playbook,,,failed,False,2026-08-18T22:11:16.114719+09:00
Deductible Point,,,failed,False,2026-08-17T21:36:00.741055+09:00
Deductible Portal,,,failed,False,2026-08-17T20:39:04.557611+09:00
Deductible Preview,,,failed,False,2026-08-28T01:07:11.009484+09:00
Deductible Profile,,,failed,False,2026-08-19T13:41:39.168311+09:00
Deductible Profit,,,failed,False,2026-08-23T02:52:37.533661+09:00
Deductible Proposal,,,failed,False,2026-08-28T01:07:13.467074+09:00
Deductible Pulse,,,failed,False,2026-08-17T21:39:40.995935+09:00
Deductible Queue,,,failed,False,2026-08-19T21:10:58.611553+09:00
Deductible Quota,,,failed,False,2026-08-21T00:34:07.252682+09:00
Deductible Radar,,,failed,False,2026-08-17T20:41:55.751231+09:00
Deductible Rail,,,failed,False,2026-08-18T07:43:38.150133+09:00
Deductible Rate,70.0,0.0,success,False,2026-08-19T20:39:21.250222+09:00
Deductible Recap,,,failed,False,2026-08-21T01:07:33.646226+09:00
Deductible Receipt,,,failed,False,2026-08-19T21:55:41.048712+09:00
Deductible Recorder,,,failed,False,2026-08-27T23:35:04.726489+09:00
Deductible Register,,,failed,False,2026-08-17T23:28:46.712952+09:00
Deductible Registry,,,failed,False,2026-08-18T22:11:53.253087+09:00
Deductible Relay,,,failed,False,2026-08-17T20:41:07.425187+09:00
Deductible Reminder,,,failed,False,2026-08-19T21:10:13.375829+09:00
Deductible Report,,,failed,False,2026-08-19T13:39:03.234764+09:00
Deductible Repository,,,failed,False,2026-08-27T23:14:01.250377+09:00
Deductible Roadmap,,,failed,False,2026-08-18T23:50:47.094448+09:00
Deductible Roster,,,failed,False,2026-08-19T00:37:23.570326+09:00
Deductible Route,,,failed,False,2026-08-17T20:33:24.231963+09:00
Deductible Rule,,,failed,False,2026-08-23T03:15:55.657138+09:00
Deductible Sale,,,failed,False,2026-08-21T02:30:47.137745+09:00
Deductible Sample,,,failed,False,2026-08-19T21:56:50.628145+09:00
Deductible Scale,,,failed,False,2026-08-17T20:34:20.444490+09:00
Deductible Scanner,,,failed,False,2026-08-27T23:56:38.183826+09:00
Deductible Scheduler,,,failed,False,2026-08-17T23:15:10.071233+09:00
Deductible Scope,,,failed,False,2026-08-17T20:31:38.107939+09:00
Deductible Score,,,failed,False,2026-08-19T13:40:38.246974+09:00
Deductible Sentry,,,failed,False,2026-08-17T21:33:22.663564+09:00
Deductible Sheet,,,failed,False,2026-08-19T13:40:05.769727+09:00
Deductible Shortfall,,,failed,False,2026-08-27T21:47:08.253611+09:00
Deductible Signal,,,failed,False,2026-08-17T20:33:54.236742+09:00
Deductible Signature,,,failed,False,2026-08-23T13:27:05.347974+09:00
Deductible Slip,,,failed,False,2026-08-19T21:56:37.173014+09:00
Deductible Slot,,,failed,False,2026-08-19T21:56:59.723896+09:00
Deductible Snapshot,,,failed,False,2026-08-18T22:11:37.206712+09:00
Deductible Stake,,,failed,False,2026-08-23T02:52:43.639669+09:00
Deductible Statement,,,failed,False,2026-08-21T00:33:43.074758+09:00
Deductible Station,,,failed,False,2026-08-17T20:42:15.711128+09:00
Deductible Status,,,failed,False,2026-08-19T20:38:30.453873+09:00
Deductible Stub,,,failed,False,2026-08-21T00:33:37.107629+09:00
Deductible Studio,,,failed,False,2026-08-17T20:44:06.631034+09:00
Deductible Subsidy,,,failed,False,2026-08-23T15:51:22.397294+09:00
Deductible Suite,,,failed,False,2026-08-17T23:13:34.703463+09:00
Deductible Sum,,,failed,False,2026-08-21T02:30:30.378357+09:00
Deductible Summary,,,failed,False,2026-08-19T21:09:46.410901+09:00
Deductible Surtax,,,failed,False,2026-08-23T15:51:22.397294+09:00
Deductible Sync,,,failed,False,2026-08-17T20:46:22.420312+09:00
Deductible Tab,,,failed,False,2026-08-21T00:34:16.638003+09:00
Deductible Table,90.0,0.0,success,False,2026-08-19T21:56:14.793890+09:00
Deductible Tag,,,failed,False,2026-08-19T13:41:12.937543+09:00
Deductible Tally,,,failed,False,2026-08-21T00:33:50.963808+09:00
Deductible Tariff,,,failed,False,2026-08-21T02:36:50.213443+09:00
Deductible Tax,22200.0,3.0,success,False,2026-08-21T02:14:32.398981+09:00
Deductible Ticket,,,failed,False,2026-08-19T21:10:44.368255+09:00
Deductible Tier,,,failed,False,2026-08-28T00:48:05.704808+09:00
Deductible Timeline,,,failed,False,2026-08-19T21:10:02.424096+09:00
Deductible Toll,,,failed,False,2026-08-21T02:36:41.492996+09:00
Deductible Toolbox,,,failed,False,2026-08-28T00:25:56.872854+09:00
Deductible Toolkit,,,failed,False,2026-08-18T22:11:09.923371+09:00
Deductible Total,,,failed,False,2026-08-27T23:13:56.060397+09:00
Deductible Tracker,10.0,4.0,success,False,2026-08-17T20:47:35.936558+09:00
Deductible Trail,,,failed,False,2026-08-18T07:43:49.584727+09:00
Deductible Trend,,,failed,False,2026-08-28T01:07:08.336538+09:00
Deductible Trial,,,failed,False,2026-08-27T21:15:54.960799+09:00
Deductible Unit,,,failed,False,2026-08-21T01:58:41.656184+09:00
Deductible Update,,,failed,False,2026-08-19T20:39:30.002249+09:00
Deductible Value,,,failed,False,2026-08-23T02:52:39.945062+09:00
Deductible Vault,,,failed,False,2026-08-17T20:40:20.065990+09:00
Deductible Version,,,failed,False,2026-08-23T03:15:49.113628+09:00
Deductible View,,,failed,False,2026-08-19T20:38:39.383467+09:00
Deductible Wallet,,,failed,False,2026-08-27T22:48:34.491281+09:00
Deductible Watch,,,failed,False,2026-08-17T20:32:49.512310+09:00
Deductible Wave,,,failed,False,2026-08-17T21:38:10.743063+09:00
Deductible Widget,,,failed,False,2026-08-27T23:13:58.602342+09:00
Deductible Workbench,,,failed,False,2026-08-18T22:11:01.803326+09:00
Deductible Worksheet,,,failed,False,2026-08-27T22:10:35.314261+09:00
Deductible Zone,,,failed,False,2026-08-17T20:39:54.147287+09:00
Deduction Advisory,,,failed,False,2026-08-21T01:17:02.274965+09:00
Deduction Alert,,,failed,False,2026-08-21T01:23:53.804797+09:00
Deduction Allowance,210.0,0.0,success,False,2026-08-21T02:43:30.904154+09:00
Deduction Analyzer,,,failed,False,2026-08-27T23:50:40.068524+09:00
Deduction Arrears,,,failed,False,2026-08-23T16:14:15.763731+09:00
Deduction Assistant,,,failed,False,2026-08-21T01:21:39.012967+09:00
Deduction Atlas,,,failed,False,2026-08-21T01:21:17.954324+09:00
Deduction Attribute,,,failed,False,2026-08-23T13:04:54.297618+09:00
Deduction Badge,,,failed,False,2026-08-21T01:16:17.029557+09:00
Deduction Balance,,,failed,False,2026-08-23T13:46:21.678760+09:00
Deduction Base,,,failed,False,2026-08-21T01:19:25.139986+09:00
Deduction Bay,,,failed,False,2026-08-21T01:23:16.966517+09:00
Deduction Beacon,,,failed,False,2026-08-21T01:18:10.686176+09:00
Deduction Bill,40.0,0.0,success,False,2026-08-21T01:15:26.988997+09:00
Deduction Bin,,,failed,False,2026-08-21T01:24:32.115813+09:00
Deduction Board,70.0,4.0,success,False,2026-08-21T01:19:38.159463+09:00
Deduction Booth,,,failed,False,2026-08-21T01:22:59.410874+09:00
Deduction Bridge,,,failed,False,2026-08-21T01:18:24.600947+09:00
Deduction Brief,,,failed,False,2026-08-21T01:16:53.151150+09:00
Deduction Bulletin,,,failed,False,2026-08-21T01:16:49.260472+09:00
Deduction Calculator,9900.0,3.0,success,False,2026-08-27T23:36:50.925534+09:00
Deduction Card,20.0,0.0,success,False,2026-08-21T01:25:01.384940+09:00
Deduction Cascade,,,failed,False,2026-08-21T01:18:21.129763+09:00
Deduction Cash,,,failed,False,2026-08-21T02:27:05.386441+09:00
Deduction Category,,,failed,False,2026-08-23T13:04:50.850524+09:00
Deduction Center,70.0,0.0,success,False,2026-08-21T01:20:05.793508+09:00
Deduction Chain,,,failed,False,2026-08-21T01:20:54.963946+09:00
Deduction Charge,20.0,0.0,success,False,2026-08-21T02:43:19.046773+09:00
Deduction Chart,40.0,0.0,success,False,2026-08-21T01:24:32.115813+09:00
Deduction Check,,,failed,False,2026-08-21T01:25:07.930638+09:00
Deduction Checker,,,failed,False,2026-08-27T23:59:30.142774+09:00
Deduction Circular,,,failed,False,2026-08-21T01:16:58.879155+09:00
Deduction Code,140.0,0.0,success,False,2026-08-21T01:15:35.859983+09:00
Deduction Companion,,,failed,False,2026-08-21T01:21:53.775872+09:00
Deduction Comparison,,,failed,False,2026-08-28T01:02:28.948807+09:00
Deduction Compass,,,failed,False,2026-08-21T01:18:06.021081+09:00
Deduction Confirmation,,,failed,False,2026-08-21T01:17:17.039045+09:00
Deduction Console,,,failed,False,2026-08-21T01:20:23.926123+09:00
Deduction Contribution,,,failed,False,2026-08-23T16:14:15.763731+09:00
Deduction Copayment,,,failed,False,2026-08-23T16:38:57.916604+09:00
Deduction Core,,,failed,False,2026-08-21T01:19:27.364478+09:00
Deduction Cost,110.0,0.0,success,False,2026-08-21T02:10:26.523271+09:00
Deduction Count,,,failed,False,2026-08-27T22:50:09.773795+09:00
Deduction Counter,,,failed,False,2026-08-21T01:22:51.659146+09:00
Deduction Deal,,,failed,False,2026-08-21T01:53:38.487807+09:00
Deduction Debt,,,failed,False,2026-08-21T02:26:56.391999+09:00
Deduction Deck,,,failed,False,2026-08-21T01:19:45.031880+09:00
Deduction Desk,,,failed,False,2026-08-21T01:17:46.814722+09:00
Deduction Detail,,,failed,False,2026-08-23T03:24:13.637906+09:00
Deduction Detector,,,failed,False,2026-08-27T23:59:35.243773+09:00
Deduction Directory,,,failed,False,2026-08-21T01:22:31.268942+09:00
Deduction Discount,10.0,0.0,success,False,2026-08-23T16:14:08.408734+09:00
Deduction Downpayment,,,failed,False,2026-08-27T21:48:23.216174+09:00
Deduction Draft,,,failed,False,2026-08-21T01:26:13.869304+09:00
Deduction Due,,,failed,False,2026-08-23T15:51:31.238085+09:00
Deduction Duty,,,failed,False,2026-08-21T02:43:21.598191+09:00
Deduction Engine,10.0,0.0,success,False,2026-08-21T01:23:14.366280+09:00
Deduction Entry,,,failed,False,2026-08-21T01:17:27.975074+09:00
Deduction Estimate,,,failed,False,2026-08-21T01:26:44.593664+09:00
Deduction Estimator,90.0,1.0,success,False,2026-08-27T23:59:30.142774+09:00
Deduction Extension,,,failed,False,2026-08-23T16:39:00.201041+09:00
Deduction Fare,,,failed,False,2026-08-21T02:10:36.488938+09:00
Deduction Fee,110.0,0.0,success,False,2026-08-21T01:53:18.147315+09:00
Deduction Feed,,,failed,False,2026-08-21T01:26:12.180385+09:00
Deduction Field,,,failed,False,2026-08-23T13:04:57.008398+09:00
Deduction File,,,failed,False,2026-08-21T01:25:53.521014+09:00
Deduction Fine,,,failed,False,2026-08-23T02:57:55.201782+09:00
Deduction Flow,,,failed,False,2026-08-21T01:17:38.451621+09:00
Deduction Forge,,,failed,False,2026-08-21T01:18:13.948377+09:00
Deduction Form,210.0,1.0,success,False,2026-08-21T01:24:51.973946+09:00
Deduction Format,,,failed,False,2026-08-23T13:05:00.300804+09:00
Deduction Frame,,,failed,False,2026-08-21T01:19:18.289018+09:00
Deduction Fund,,,failed,False,2026-08-21T02:27:02.067893+09:00
Deduction Gate,,,failed,False,2026-08-21T01:21:04.299416+09:00
Deduction Graph,,,failed,False,2026-08-27T22:12:21.251456+09:00
Deduction Grid,50.0,0.0,success,False,2026-08-21T01:18:54.031046+09:00
Deduction Guarantee,,,failed,False,2026-08-28T01:02:34.403760+09:00
Deduction Guardian,,,failed,False,2026-08-28T00:21:09.151755+09:00
Deduction Helpdesk,,,failed,False,2026-08-27T22:50:16.948494+09:00
Deduction Helper,,,failed,False,2026-08-28T00:21:14.040617+09:00
Deduction History,,,failed,False,2026-08-21T01:25:38.275036+09:00
Deduction Hub,,,failed,False,2026-08-21T01:17:41.245351+09:00
Deduction Identifier,,,failed,False,2026-08-23T13:04:48.308189+09:00
Deduction Inbox,,,failed,False,2026-08-21T01:23:50.887102+09:00
Deduction Index,,,failed,False,2026-08-21T01:26:31.620928+09:00
Deduction Installment,,,failed,False,2026-08-23T16:14:11.722628+09:00
Deduction Item,10.0,0.0,success,False,2026-08-21T02:05:48.650139+09:00
Deduction Journal,,,failed,False,2026-08-21T01:22:16.671736+09:00
Deduction Keeper,,,failed,False,2026-08-21T01:21:24.061904+09:00
Deduction Lab,,,failed,False,2026-08-21T01:19:52.973842+09:00
Deduction Label,,,failed,False,2026-08-27T22:12:29.300608+09:00
Deduction Ledger,,,failed,False,2026-08-21T01:19:32.138069+09:00
Deduction Level,,,failed,False,2026-08-21T01:25:58.145790+09:00
Deduction Levy,,,failed,False,2026-08-23T13:46:24.718234+09:00
Deduction Line,,,failed,False,2026-08-21T01:24:32.115813+09:00
Deduction Link,,,failed,False,2026-08-23T03:24:09.830834+09:00
Deduction List,4400.0,5.0,success,False,2026-08-21T01:15:40.132892+09:00
Deduction Loan,260.0,0.0,success,False,2026-08-21T02:10:45.957047+09:00
Deduction Lobby,,,failed,False,2026-08-21T01:24:32.115813+09:00
Deduction Locator,,,failed,False,2026-08-21T01:22:36.440068+09:00
Deduction Locker,,,failed,False,2026-08-21T01:22:57.277421+09:00
Deduction Log,,,failed,False,2026-08-21T01:24:45.500076+09:00
Deduction Loop,,,failed,False,2026-08-21T01:18:44.582130+09:00
Deduction Manager,,,failed,False,2026-08-21T01:21:27.496774+09:00
Deduction Manual,,,failed,False,2026-08-27T22:12:34.170808+09:00
Deduction Map,,,failed,False,2026-08-21T01:19:12.546892+09:00
Deduction Margin,,,failed,False,2026-08-23T02:57:53.053705+09:00
Deduction Marker,,,failed,False,2026-08-23T13:26:57.143655+09:00
Deduction Memo,10.0,0.0,success,False,2026-08-21T01:16:32.710448+09:00
Deduction Monitor,,,failed,False,2026-08-21T01:21:51.595086+09:00
Deduction Nexus,,,failed,False,2026-08-21T01:23:14.366280+09:00
Deduction Note,20.0,0.0,success,False,2026-08-21T01:25:14.873207+09:00
Deduction Notification,,,failed,False,2026-08-27T22:50:03.051342+09:00
Deduction Number,10.0,0.0,success,False,2026-08-23T03:23:58.190781+09:00
Deduction Office,,,failed,False,2026-08-21T01:22:46.544366+09:00
Deduction Ops,,,failed,False,2026-08-21T01:22:03.238360+09:00
Deduction Order,20.0,0.0,success,False,2026-08-21T01:15:16.012738+09:00
Deduction Outline,,,failed,False,2026-08-27T22:29:13.251110+09:00
Deduction Outpost,,,failed,False,2026-08-21T01:23:30.836605+09:00
Deduction Overage,,,failed,False,2026-08-27T21:48:20.717175+09:00
Deduction Overdraft,,,failed,False,2026-08-23T15:51:33.860172+09:00
Deduction Overdue,,,failed,False,2026-08-27T21:48:16.120561+09:00
Deduction Panel,,,failed,False,2026-08-21T01:20:30.866856+09:00
Deduction Pass,,,failed,False,2026-08-21T01:16:06.736603+09:00
Deduction Passport,,,failed,False,2026-08-21T01:24:32.115813+09:00
Deduction Path,,,failed,False,2026-08-21T01:19:03.432303+09:00
Deduction Payoff,,,failed,False,2026-08-27T21:48:18.349819+09:00
Deduction Penalty,,,failed,False,2026-08-23T16:38:55.641714+09:00
Deduction Petition,,,failed,False,2026-08-21T01:17:10.053741+09:00
Deduction Plan,,,failed,False,2026-08-21T01:53:31.985132+09:00
Deduction Planner,,,failed,False,2026-08-21T01:21:42.147576+09:00
Deduction Playbook,,,failed,False,2026-08-21T01:22:07.036293+09:00
Deduction Plaza,,,failed,False,2026-08-21T01:23:33.921690+09:00
Deduction Point,,,failed,False,2026-08-21T01:19:09.689487+09:00
Deduction Portal,,,failed,False,2026-08-21T01:20:20.986675+09:00
Deduction Post,,,failed,False,2026-08-21T01:23:24.077688+09:00
Deduction Preview,,,failed,False,2026-08-28T01:02:31.716235+09:00
Deduction Profile,,,failed,False,2026-08-21T01:25:40.979194+09:00
Deduction Profit,,,failed,False,2026-08-23T02:57:47.800883+09:00
Deduction Proposal,,,failed,False,2026-08-28T01:02:31.716235+09:00
Deduction Quota,,,failed,False,2026-08-21T01:16:40.172400+09:00
Deduction Radar,10.0,0.0,success,False,2026-08-21T01:17:49.809423+09:00
Deduction Rail,,,failed,False,2026-08-21T01:20:42.577799+09:00
Deduction Rate,70.0,0.0,success,False,2026-08-21T01:26:01.379135+09:00
Deduction Recap,,,failed,False,2026-08-21T01:17:22.537676+09:00
Deduction Receipt,70.0,2.0,success,False,2026-08-21T01:15:30.378271+09:00
Deduction Recorder,,,failed,False,2026-08-27T23:36:57.640483+09:00
Deduction Register,30.0,0.0,success,False,2026-08-21T01:21:58.894123+09:00
Deduction Relay,,,failed,False,2026-08-21T01:17:54.187315+09:00
Deduction Reminder,,,failed,False,2026-08-21T01:26:28.233094+09:00
Deduction Report,20.0,0.0,success,False,2026-08-21T01:24:49.055361+09:00
Deduction Repository,,,failed,False,2026-08-27T23:16:01.473407+09:00
Deduction Ring,,,failed,False,2026-08-21T01:21:00.134067+09:00
Deduction Roll,,,failed,False,2026-08-21T01:24:44.835275+09:00
Deduction Roster,,,failed,False,2026-08-21T01:35:15.414244+09:00
Deduction Route,,,failed,False,2026-08-21T01:20:39.645097+09:00
Deduction Rule,260.0,0.0,success,False,2026-08-23T03:24:13.637906+09:00
Deduction Sale,,,failed,False,2026-08-21T02:27:08.024014+09:00
Deduction Sample,,,failed,False,2026-08-21T01:15:55.134469+09:00
Deduction Scale,,,failed,False,2026-08-21T01:20:34.277114+09:00
Deduction Scanner,,,failed,False,2026-08-27T23:59:32.969820+09:00
Deduction Scope,,,failed,False,2026-08-21T01:18:41.534623+09:00
Deduction Score,,,failed,False,2026-08-21T01:25:04.622255+09:00
Deduction Sheet,90.0,1.0,success,False,2026-08-21T01:25:03.878404+09:00
Deduction Shelf,,,failed,False,2026-08-21T01:23:47.982205+09:00
Deduction Shortfall,,,failed,False,2026-08-27T21:48:25.630641+09:00
Deduction Signal,,,failed,False,2026-08-21T01:18:31.327971+09:00
Deduction Signature,,,failed,False,2026-08-23T13:26:57.143655+09:00
Deduction Slip,,,failed,False,2026-08-21T01:15:49.368632+09:00
Deduction Slot,,,failed,False,2026-08-21T01:15:58.855612+09:00
Deduction Stamp,,,failed,False,2026-08-23T13:26:57.143655+09:00
Deduction Statement,70.0,0.0,success,False,2026-08-21T01:16:28.829039+09:00
Deduction Station,,,failed,False,2026-08-21T01:19:57.563871+09:00
Deduction Status,,,failed,False,2026-08-21T01:25:29.935757+09:00
Deduction Stub,,,failed,False,2026-08-21T01:16:22.039842+09:00
Deduction Studio,,,failed,False,2026-08-21T01:19:47.370775+09:00
Deduction Subsidy,,,failed,False,2026-08-23T15:51:36.784233+09:00
Deduction Sum,,,failed,False,2026-08-21T02:26:53.610271+09:00
Deduction Summary,20.0,0.0,success,False,2026-08-21T01:26:19.673494+09:00
Deduction Surtax,,,failed,False,2026-08-23T15:51:39.388284+09:00
Deduction Tab,,,failed,False,2026-08-21T01:16:44.690020+09:00
Deduction Table,90.0,0.0,success,False,2026-08-21T01:15:45.998953+09:00
Deduction Tag,,,failed,False,2026-08-21T01:25:37.604117+09:00
Deduction Tariff,,,failed,False,2026-08-21T02:43:35.121601+09:00
Deduction Tax,22200.0,3.0,success,False,2026-08-21T02:10:41.178409+09:00
Deduction Terminal,,,failed,False,2026-08-21T01:20:01.120246+09:00
Deduction Ticker,,,failed,False,2026-08-21T01:24:32.115813+09:00
Deduction Ticket,,,failed,False,2026-08-21T01:35:15.414244+09:00
Deduction Tier,,,failed,False,2026-08-28T00:45:52.715901+09:00
Deduction Timeline,,,failed,False,2026-08-21T01:26:22.503532+09:00
Deduction Toll,,,failed,False,2026-08-21T02:43:28.304823+09:00
Deduction Toolbox,,,failed,False,2026-08-28T00:21:11.601666+09:00
Deduction Total,720.0,0.0,success,False,2026-08-27T23:15:55.855078+09:00
Deduction Tower,,,failed,False,2026-08-21T01:23:45.473669+09:00
Deduction Tracker,70.0,28.0,success,False,2026-08-21T01:17:33.437690+09:00
Deduction Trail,,,failed,False,2026-08-21T01:20:48.632862+09:00
Deduction Trend,,,failed,False,2026-08-28T01:02:28.948807+09:00
Deduction Trial,,,failed,False,2026-08-27T21:17:18.938086+09:00
Deduction Unit,,,failed,False,2026-08-21T01:53:28.626980+09:00
Deduction Update,,,failed,False,2026-08-21T01:26:04.709927+09:00
Deduction Value,30.0,0.0,success,False,2026-08-23T02:57:50.579977+09:00
Deduction Vault,,,failed,False,2026-08-21T01:17:59.788687+09:00
Deduction Version,,,failed,False,2026-08-23T03:24:05.243173+09:00
Deduction View,,,failed,False,2026-08-21T01:25:49.214024+09:00
Deduction Voucher,,,failed,False,2026-08-21T01:16:11.158685+09:00
Deduction Watch,,,failed,False,2026-08-21T01:18:37.282523+09:00
Deduction Wave,,,failed,False,2026-08-21T01:18:56.365360+09:00
Deduction Widget,,,failed,False,2026-08-27T23:15:58.535794+09:00
Deduction Window,,,failed,False,2026-08-21T01:24:33.847860+09:00
Deduction Worksheet,1000.0,2.0,success,False,2026-08-27T22:12:40.822062+09:00
Deduction Workshop,,,failed,False,2026-08-28T00:21:06.843571+09:00
Deduction Yard,,,failed,False,2026-08-21T01:23:12.871826+09:00
Deduction Zone,,,failed,False,2026-08-21T01:20:11.987698+09:00
Defect Advisory,,,failed,False,2026-08-21T01:07:41.387893+09:00
Defect Alert,,,failed,False,2026-08-19T12:23:40.274403+09:00
Defect Allowance,,,failed,False,2026-08-21T02:45:19.238792+09:00
Defect Almanac,,,failed,False,2026-08-18T22:06:14.738388+09:00
Defect Analyzer,,,failed,False,2026-08-27T23:53:23.914629+09:00
Defect Anchor,,,failed,False,2026-08-17T20:46:51.703605+09:00
Defect Assistant,,,failed,False,2026-08-17T23:08:54.682716+09:00
Defect Atlas,,,failed,False,2026-08-17T20:37:32.011303+09:00
Defect Badge,,,failed,False,2026-08-21T00:34:32.979761+09:00
Defect Balance,,,failed,False,2026-08-23T13:45:36.815787+09:00
Defect Base,,,failed,False,2026-08-17T20:34:16.019094+09:00
Defect Beacon,,,failed,False,2026-08-17T21:32:47.122898+09:00
Defect Bill,,,failed,False,2026-08-19T21:59:26.927876+09:00
Defect Blueprint,,,failed,False,2026-08-18T22:06:05.649081+09:00
Defect Board,90.0,0.0,success,False,2026-08-18T07:52:25.028656+09:00
Defect Book,320.0,47.0,success,False,2026-08-19T22:00:20.280558+09:00
Defect Bridge,,,failed,False,2026-08-17T20:48:09.439521+09:00
Defect Brief,,,failed,False,2026-08-21T01:07:33.646226+09:00
Defect Bulletin,,,failed,False,2026-08-21T01:07:29.159320+09:00
Defect Cabinet,,,failed,False,2026-08-27T23:11:28.090319+09:00
Defect Calendar,,,failed,False,2026-08-19T00:03:01.180289+09:00
Defect Card,1600.0,0.0,success,True,2026-08-19T13:28:26.877196+09:00
Defect Cascade,170.0,0.0,success,False,2026-08-17T21:30:24.502544+09:00
Defect Cash,,,failed,False,2026-08-21T02:30:21.260254+09:00
Defect Catalog,30.0,0.0,success,False,2026-08-19T21:16:30.496623+09:00
Defect Center,,,failed,False,2026-08-17T21:35:20.515813+09:00
Defect Chain,,,failed,False,2026-08-17T20:41:50.983322+09:00
Defect Charge,,,failed,False,2026-08-21T02:45:09.656384+09:00
Defect Check,5400.0,18.0,success,False,2026-08-19T13:28:50.400701+09:00
Defect Checker,5400.0,18.0,success,False,2026-08-27T23:53:12.173263+09:00
Defect Checklist,90.0,9.0,success,False,2026-08-19T21:15:37.050210+09:00
Defect Circular,,,failed,False,2026-08-21T01:07:35.741700+09:00
Defect Cockpit,,,failed,False,2026-08-17T23:24:03.266981+09:00
Defect Code,90.0,0.0,success,False,2026-08-19T21:59:46.400279+09:00
Defect Codex,,,failed,False,2026-08-18T22:06:35.395449+09:00
Defect Companion,,,failed,False,2026-08-17T23:06:48.111245+09:00
Defect Comparison,,,failed,False,2026-08-28T01:03:45.781044+09:00
Defect Compass,,,failed,False,2026-08-17T21:33:42.291802+09:00
Defect Compendium,,,failed,False,2026-08-18T22:06:25.984558+09:00
Defect Confirmation,,,failed,False,2026-08-21T01:07:47.643040+09:00
Defect Console,,,failed,False,2026-08-17T21:32:11.115049+09:00
Defect Contribution,,,failed,False,2026-08-23T16:11:49.502531+09:00
Defect Core,,,failed,False,2026-08-17T20:33:16.020559+09:00
Defect Cost,90.0,0.0,success,False,2026-08-21T02:14:16.325639+09:00
Defect Count,30.0,1.0,success,False,2026-08-27T22:46:12.811571+09:00
Defect Counter,,,failed,False,2026-08-19T00:03:46.728628+09:00
Defect Dashboard,50.0,5.0,success,False,2026-08-17T23:12:08.094400+09:00
Defect Deal,,,failed,False,2026-08-21T01:59:00.317369+09:00
Defect Debt,,,failed,False,2026-08-21T02:30:12.359355+09:00
Defect Deck,50.0,0.0,success,False,2026-08-18T07:52:35.571361+09:00
Defect Depot,,,failed,False,2026-08-19T00:03:31.307926+09:00
Defect Desk,,,failed,False,2026-08-17T21:38:03.717082+09:00
Defect Detail,,,failed,False,2026-08-23T03:14:42.643964+09:00
Defect Detector,720.0,3.0,success,False,2026-08-27T23:53:21.557901+09:00
Defect Diagram,30.0,0.0,success,False,2026-08-27T22:08:21.698192+09:00
Defect Dial,,,failed,False,2026-08-17T20:48:44.119140+09:00
Defect Digest,,,failed,False,2026-08-19T20:44:03.742658+09:00
Defect Directory,,,failed,False,2026-08-19T00:03:09.712807+09:00
Defect Discount,,,failed,False,2026-08-23T16:11:46.377478+09:00
Defect Dock,,,failed,False,2026-08-17T20:44:22.162347+09:00
Defect Dossier,,,failed,False,2026-08-21T01:07:51.915989+09:00
Defect Draft,,,failed,False,2026-08-19T20:44:19.706681+09:00
Defect Due,,,failed,False,2026-08-23T15:50:33.287746+09:00
Defect Duty,,,failed,False,2026-08-21T02:45:13.542612+09:00
Defect Endowment,,,failed,False,2026-08-23T15:50:38.471158+09:00
Defect Engine,10.0,0.0,success,False,2026-08-17T23:33:15.463532+09:00
Defect Entry,,,failed,False,2026-08-21T01:08:04.647718+09:00
Defect Estimate,,,failed,False,2026-08-19T21:16:19.911294+09:00
Defect Estimator,,,failed,False,2026-08-27T23:53:07.557701+09:00
Defect Excerpt,,,failed,False,2026-08-21T01:07:58.607843+09:00
Defect Fare,,,failed,False,2026-08-21T02:14:24.666160+09:00
Defect Fee,,,failed,False,2026-08-21T01:58:44.645317+09:00
Defect Feed,,,failed,False,2026-08-19T20:44:10.013145+09:00
Defect File,,,failed,False,2026-08-19T20:43:36.722310+09:00
Defect Finder,,,failed,False,2026-08-19T00:03:23.645450+09:00
Defect Fine,10.0,0.0,success,False,2026-08-23T02:58:49.315026+09:00
Defect Flag,,,failed,False,2026-08-21T00:35:01.453915+09:00
Defect Flow,20.0,2.0,success,False,2026-08-18T07:43:49.584727+09:00
Defect Forge,,,failed,False,2026-08-17T21:31:35.848823+09:00
Defect Form,170.0,0.0,success,False,2026-08-19T13:28:15.783876+09:00
Defect Format,,,failed,False,2026-08-23T13:04:48.308189+09:00
Defect Frame,,,failed,False,2026-08-17T20:35:08.080059+09:00
Defect Fund,,,failed,False,2026-08-21T02:30:16.403499+09:00
Defect Gate,,,failed,False,2026-08-17T20:39:20.129592+09:00
Defect Grade,,,failed,False,2026-08-21T00:34:51.514854+09:00
Defect Graph,,,failed,False,2026-08-27T22:08:06.352004+09:00
Defect Grid,,,failed,False,2026-08-17T20:42:11.427186+09:00
Defect Guarantee,,,failed,False,2026-08-28T01:03:51.516264+09:00
Defect Guard,,,failed,False,2026-08-17T20:33:47.539654+09:00
Defect Guardian,,,failed,False,2026-08-28T00:23:11.653599+09:00
Defect Guidebook,,,failed,False,2026-08-18T22:05:47.884963+09:00
Defect Helpdesk,,,failed,False,2026-08-27T22:46:20.664142+09:00
Defect Helper,,,failed,False,2026-08-28T00:23:14.492376+09:00
Defect History,10.0,0.0,success,False,2026-08-19T20:43:28.887944+09:00
Defect Hotline,,,failed,False,2026-08-19T21:16:45.147013+09:00
Defect Hub,,,failed,False,2026-08-17T21:41:31.698252+09:00
Defect Identifier,,,failed,False,2026-08-23T13:04:45.223955+09:00
Defect Index,10.0,0.0,success,False,2026-08-19T21:15:46.366866+09:00
Defect Insight,,,failed,False,2026-08-17T23:23:45.943375+09:00
Defect Item,1900.0,0.0,success,True,2026-08-21T01:58:46.875681+09:00
Defect Journal,,,failed,False,2026-08-18T22:05:32.001911+09:00
Defect Keeper,,,failed,False,2026-08-17T20:35:38.392873+09:00
Defect Kit,,,failed,False,2026-08-27T22:46:08.024081+09:00
Defect Lab,,,failed,False,2026-08-17T21:38:37.304138+09:00
Defect Label,110.0,55.0,success,False,2026-08-27T22:08:06.352004+09:00
Defect Ledger,,,failed,False,2026-08-17T20:32:07.300250+09:00
Defect Lens,210.0,0.0,success,False,2026-08-17T20:36:06.570384+09:00
Defect Level,40.0,0.0,success,False,2026-08-19T20:43:44.541784+09:00
Defect Link,,,failed,False,2026-08-23T03:24:46.219726+09:00
Defect List,1300.0,0.0,success,True,2026-08-19T21:59:55.438905+09:00
Defect Loan,,,failed,False,2026-08-21T02:14:27.987170+09:00
Defect Locator,,,failed,False,2026-08-19T00:03:16.369023+09:00
Defect Lock,,,failed,False,2026-08-17T20:38:03.705761+09:00
Defect Log,260.0,3.0,success,False,2026-08-19T13:28:08.778125+09:00
Defect Loop,,,failed,False,2026-08-17T20:43:05.974432+09:00
Defect Manager,210.0,1.0,success,False,2026-08-17T20:34:40.569545+09:00
Defect Manual,,,failed,False,2026-08-27T22:08:10.673360+09:00
Defect Map,210.0,0.0,success,False,2026-08-17T20:37:03.531282+09:00
Defect Margin,,,failed,False,2026-08-23T02:58:45.466254+09:00
Defect Marker,,,failed,False,2026-08-23T13:26:30.213560+09:00
Defect Memo,10.0,0.0,success,False,2026-08-21T00:34:57.023815+09:00
Defect Message,,,failed,False,2026-08-27T23:11:21.967752+09:00
Defect Meter,,,failed,False,2026-08-17T20:47:25.656493+09:00
Defect Metrics,90.0,5.0,success,False,2026-08-17T23:04:56.078956+09:00
Defect Monitor,1000.0,0.0,success,True,2026-08-17T23:10:33.409769+09:00
Defect Navigator,,,failed,False,2026-08-17T23:24:23.365405+09:00
Defect Nexus,,,failed,False,2026-08-17T20:38:24.877008+09:00
Defect Node,,,failed,False,2026-08-17T20:40:15.034726+09:00
Defect Note,110.0,0.0,success,False,2026-08-19T13:29:07.755274+09:00
Defect Notification,20.0,0.0,success,False,2026-08-27T22:46:05.352618+09:00
Defect Number,50.0,0.0,success,False,2026-08-23T03:24:40.640287+09:00
Defect Office,210.0,0.0,success,False,2026-08-19T00:03:38.462918+09:00
Defect Ops,,,failed,False,2026-08-17T23:13:49.973223+09:00
Defect Order,,,failed,False,2026-08-19T21:59:12.539055+09:00
Defect Organizer,,,failed,False,2026-08-17T23:23:26.681151+09:00
Defect Overdraft,,,failed,False,2026-08-23T15:50:33.287746+09:00
Defect Overdue,,,failed,False,2026-08-27T21:46:13.321425+09:00
Defect Panel,,,failed,False,2026-08-17T21:31:00.206645+09:00
Defect Pass,,,failed,False,2026-08-21T00:34:23.360801+09:00
Defect Path,,,failed,False,2026-08-17T20:39:49.091027+09:00
Defect Penalty,,,failed,False,2026-08-23T16:37:34.255373+09:00
Defect Petition,10.0,0.0,success,False,2026-08-21T01:07:45.419245+09:00
Defect Pilot,,,failed,False,2026-08-17T21:39:28.354494+09:00
Defect Plan,,,failed,False,2026-08-21T01:58:57.371926+09:00
Defect Planner,,,failed,False,2026-08-17T23:33:28.426699+09:00
Defect Playbook,,,failed,False,2026-08-18T22:05:21.769406+09:00
Defect Point,1900.0,0.0,success,True,2026-08-17T20:38:53.767345+09:00
Defect Portal,10.0,0.0,success,False,2026-08-17T21:33:17.550972+09:00
Defect Preview,,,failed,False,2026-08-28T01:03:48.385418+09:00
Defect Profile,,,failed,False,2026-08-19T13:29:43.800182+09:00
Defect Profit,,,failed,False,2026-08-23T02:58:39.272586+09:00
Defect Proposal,,,failed,False,2026-08-28T01:03:51.516264+09:00
Defect Pulse,,,failed,False,2026-08-17T20:41:20.787117+09:00
Defect Queue,,,failed,False,2026-08-19T21:16:08.184183+09:00
Defect Quota,,,failed,False,2026-08-21T00:34:59.250399+09:00
Defect Radar,10.0,21.0,success,False,2026-08-17T21:36:52.396982+09:00
Defect Rail,,,failed,False,2026-08-17T20:43:30.530213+09:00
Defect Rank,,,failed,False,2026-08-28T00:46:47.850580+09:00
Defect Rate,1000.0,0.0,success,True,2026-08-19T20:43:52.054689+09:00
Defect Recap,,,failed,False,2026-08-21T01:07:56.327187+09:00
Defect Receipt,,,failed,False,2026-08-19T21:59:35.883958+09:00
Defect Recorder,,,failed,False,2026-08-27T23:33:29.170312+09:00
Defect Register,70.0,2.0,success,False,2026-08-17T23:24:49.201687+09:00
Defect Registry,,,failed,False,2026-08-18T22:05:57.658157+09:00
Defect Relay,,,failed,False,2026-08-17T21:35:52.306880+09:00
Defect Reminder,,,failed,False,2026-08-19T21:15:25.328836+09:00
Defect Report,880.0,5.0,success,False,2026-08-19T13:28:00.720814+09:00
Defect Repository,10.0,0.0,success,False,2026-08-27T23:11:31.507435+09:00
Defect Roadmap,,,failed,False,2026-08-18T22:06:43.515975+09:00
Defect Roster,,,failed,False,2026-08-19T00:36:38.202359+09:00
Defect Route,,,failed,False,2026-08-17T20:45:24.269018+09:00
Defect Rule,,,failed,False,2026-08-23T03:14:39.191196+09:00
Defect Sale,590.0,32.0,success,False,2026-08-21T02:30:24.474717+09:00
Defect Sample,50.0,0.0,success,False,2026-08-19T22:00:41.038270+09:00
Defect Scale,,,failed,False,2026-08-17T20:46:14.149623+09:00
Defect Scanner,70.0,8.0,success,False,2026-08-27T23:53:16.393422+09:00
Defect Scheduler,,,failed,False,2026-08-17T22:46:57.477508+09:00
Defect Schematic,,,failed,False,2026-08-27T22:28:42.749169+09:00
Defect Scope,,,failed,False,2026-08-17T20:43:58.581518+09:00
Defect Score,,,failed,False,2026-08-19T13:28:58.111204+09:00
Defect Sentry,,,failed,False,2026-08-17T20:36:35.862750+09:00
Defect Serial,,,failed,False,2026-08-23T13:26:19.905298+09:00
Defect Sheet,90.0,15.0,success,False,2026-08-19T13:28:36.830433+09:00
Defect Signal,,,failed,False,2026-08-17T20:45:48.787557+09:00
Defect Signature,,,failed,False,2026-08-23T13:26:27.447056+09:00
Defect Slip,,,failed,False,2026-08-19T22:00:29.201659+09:00
Defect Slot,,,failed,False,2026-08-19T22:00:50.592987+09:00
Defect Snapshot,,,failed,False,2026-08-18T22:05:40.235062+09:00
Defect Stage,,,failed,False,2026-08-28T00:46:44.536375+09:00
Defect Stake,,,failed,False,2026-08-23T02:58:43.358109+09:00
Defect Stamp,30.0,4.0,success,False,2026-08-23T13:26:32.402839+09:00
Defect Statement,,,failed,False,2026-08-21T00:34:42.810397+09:00
Defect Station,30.0,1.0,success,False,2026-08-17T21:37:30.311680+09:00
Defect Status,70.0,0.0,success,False,2026-08-19T20:43:16.240040+09:00
Defect Streak,,,failed,False,2026-08-28T00:46:47.850580+09:00
Defect Stub,,,failed,False,2026-08-21T00:34:38.752919+09:00
Defect Studio,30.0,0.0,success,False,2026-08-17T21:40:51.783967+09:00
Defect Subsidy,,,failed,False,2026-08-23T15:50:35.558538+09:00
Defect Suite,,,failed,False,2026-08-17T23:14:07.437972+09:00
Defect Sum,,,failed,False,2026-08-21T02:30:05.549953+09:00
Defect Summary,30.0,0.0,success,False,2026-08-19T21:15:02.782218+09:00
Defect Surtax,,,failed,False,2026-08-23T15:50:40.596656+09:00
Defect Sync,,,failed,False,2026-08-17T20:31:33.560642+09:00
Defect Table,20.0,0.0,success,False,2026-08-19T22:00:08.446877+09:00
Defect Tag,110.0,74.0,success,False,2026-08-19T13:29:22.570342+09:00
Defect Tally,,,failed,False,2026-08-21T00:34:47.254019+09:00
Defect Tariff,,,failed,False,2026-08-21T02:45:23.002534+09:00
Defect Tax,,,failed,False,2026-08-21T02:14:27.987170+09:00
Defect Ticket,30.0,0.0,success,False,2026-08-19T21:15:58.285929+09:00
Defect Tier,20.0,0.0,success,False,2026-08-28T00:46:47.850580+09:00
Defect Timeline,,,failed,False,2026-08-19T21:15:13.442141+09:00
Defect Timer,,,failed,False,2026-08-28T00:23:05.201958+09:00
Defect Token,10.0,0.0,success,False,2026-08-23T13:26:22.288872+09:00
Defect Toll,,,failed,False,2026-08-21T02:45:16.049005+09:00
Defect Toolbox,,,failed,False,2026-08-28T00:23:14.492376+09:00
Defect Toolkit,,,failed,False,2026-08-18T22:05:13.758359+09:00
Defect Total,,,failed,False,2026-08-27T23:11:25.184143+09:00
Defect Tower,,,failed,False,2026-08-19T00:23:43.046041+09:00
Defect Tracker,720.0,12.0,success,False,2026-08-17T20:32:44.310093+09:00
Defect Trail,,,failed,False,2026-08-17T20:42:36.789908+09:00
Defect Trend,30.0,0.0,success,False,2026-08-28T01:03:43.206787+09:00
Defect Trial,,,failed,False,2026-08-27T21:14:11.708321+09:00
Defect Unit,140.0,0.0,success,False,2026-08-21T01:58:53.203684+09:00
Defect Update,,,failed,False,2026-08-19T20:43:57.147560+09:00
Defect Value,,,failed,False,2026-08-23T02:58:39.272586+09:00
Defect Vault,,,failed,False,2026-08-17T21:34:50.586670+09:00
Defect Version,,,failed,False,2026-08-23T03:24:42.957554+09:00
Defect View,,,failed,False,2026-08-19T20:43:22.271749+09:00
Defect Voucher,,,failed,False,2026-08-21T00:34:27.900194+09:00
Defect Watch,,,failed,False,2026-08-17T20:44:45.631544+09:00
Defect Wave,,,failed,False,2026-08-17T20:40:36.395454+09:00
Defect Widget,,,failed,False,2026-08-27T23:11:25.184143+09:00
Defect Workbench,,,failed,False,2026-08-18T22:05:02.516248+09:00
Defect Worksheet,,,failed,False,2026-08-27T22:08:16.098998+09:00
Defect Workshop,,,failed,False,2026-08-28T00:23:08.180984+09:00
Defect Zone,10.0,0.0,success,False,2026-08-17T21:34:17.965302+09:00
Dehumidifier Advance,,,failed,False,2026-08-23T16:12:32.773263+09:00
Dehumidifier Advisory,,,failed,False,2026-08-21T00:59:01.913298+09:00
Dehumidifier Alert,,,failed,False,2026-08-19T21:31:03.580111+09:00
Dehumidifier Allowance,,,failed,False,2026-08-21T02:41:02.522533+09:00
Dehumidifier Analyzer,,,failed,False,2026-08-27T23:58:08.716476+09:00
Dehumidifier Arrears,,,failed,False,2026-08-23T16:12:32.773263+09:00
Dehumidifier Asset,,,failed,False,2026-08-23T13:45:24.772737+09:00
Dehumidifier Assistant,,,failed,False,2026-08-19T21:17:53.819858+09:00
Dehumidifier Atlas,,,failed,False,2026-08-19T21:17:17.082757+09:00
Dehumidifier Base,,,failed,False,2026-08-19T21:13:04.964598+09:00
Dehumidifier Bay,,,failed,False,2026-08-19T21:29:55.661249+09:00
Dehumidifier Beacon,,,failed,False,2026-08-19T21:10:29.402308+09:00
Dehumidifier Bill,,,failed,False,2026-08-19T21:54:25.677858+09:00
Dehumidifier Bin,,,failed,False,2026-08-19T21:31:17.357360+09:00
Dehumidifier Board,,,failed,False,2026-08-19T21:13:40.486879+09:00
Dehumidifier Book,,,failed,False,2026-08-19T21:55:14.913375+09:00
Dehumidifier Booth,,,failed,False,2026-08-19T21:29:34.148902+09:00
Dehumidifier Brief,,,failed,False,2026-08-21T00:58:52.318728+09:00
Dehumidifier Bulletin,,,failed,False,2026-08-21T00:58:47.378244+09:00
Dehumidifier Cabinet,1300.0,100.0,success,False,2026-08-27T23:14:46.468120+09:00
Dehumidifier Calculator,720.0,2.0,success,False,2026-08-27T23:35:50.995626+09:00
Dehumidifier Calendar,,,failed,False,2026-08-19T21:19:47.057352+09:00
Dehumidifier Card,,,failed,False,2026-08-19T21:03:45.298500+09:00
Dehumidifier Cash,,,failed,False,2026-08-21T02:24:14.838617+09:00
Dehumidifier Cashback,,,failed,False,2026-08-27T21:15:44.469109+09:00
Dehumidifier Catalog,,,failed,False,2026-08-19T21:08:29.245582+09:00
Dehumidifier Center,,,failed,False,2026-08-19T21:14:44.485943+09:00
Dehumidifier Chain,,,failed,False,2026-08-19T21:16:25.825046+09:00
Dehumidifier Charge,,,failed,False,2026-08-21T02:40:47.085181+09:00
Dehumidifier Chart,40.0,4.0,success,False,2026-08-19T21:31:11.020553+09:00
Dehumidifier Check,,,failed,False,2026-08-19T21:04:09.833583+09:00
Dehumidifier Checker,,,failed,False,2026-08-27T23:58:03.075368+09:00
Dehumidifier Checklist,,,failed,False,2026-08-19T21:07:38.685875+09:00
Dehumidifier Circular,,,failed,False,2026-08-21T01:00:06.148655+09:00
Dehumidifier Code,,,failed,False,2026-08-19T21:54:45.586270+09:00
Dehumidifier Companion,,,failed,False,2026-08-19T21:18:34.619237+09:00
Dehumidifier Comparison,210.0,99.0,success,False,2026-08-28T01:08:52.515259+09:00
Dehumidifier Confirmation,,,failed,False,2026-08-21T00:59:10.591896+09:00
Dehumidifier Copayment,,,failed,False,2026-08-23T16:38:09.315163+09:00
Dehumidifier Core,,,failed,False,2026-08-19T21:13:17.515413+09:00
Dehumidifier Cost,1600.0,100.0,success,False,2026-08-21T02:07:29.886940+09:00
Dehumidifier Count,,,failed,False,2026-08-27T22:48:58.866644+09:00
Dehumidifier Counter,,,failed,False,2026-08-19T21:29:19.590151+09:00
Dehumidifier Coupon,10.0,86.0,success,False,2026-08-27T21:15:40.330625+09:00
Dehumidifier Deal,880.0,100.0,success,False,2026-08-21T01:50:02.348824+09:00
Dehumidifier Debt,,,failed,False,2026-08-21T02:24:08.080909+09:00
Dehumidifier Deck,,,failed,False,2026-08-19T21:13:52.940752+09:00
Dehumidifier Detail,,,failed,False,2026-08-23T03:21:54.482997+09:00
Dehumidifier Detector,,,failed,False,2026-08-27T23:58:05.711455+09:00
Dehumidifier Diagram,320.0,0.0,success,False,2026-08-27T22:10:26.332247+09:00
Dehumidifier Digest,,,failed,False,2026-08-19T21:06:37.485931+09:00
Dehumidifier Directory,,,failed,False,2026-08-19T21:20:00.703413+09:00
Dehumidifier Discount,50.0,100.0,success,False,2026-08-23T16:12:26.242265+09:00
Dehumidifier Dossier,,,failed,False,2026-08-21T00:59:15.258286+09:00
Dehumidifier Downpayment,,,failed,False,2026-08-27T21:46:57.331452+09:00
Dehumidifier Draft,,,failed,False,2026-08-19T21:06:56.055921+09:00
Dehumidifier Duty,,,failed,False,2026-08-21T02:40:49.577434+09:00
Dehumidifier Engine,,,failed,False,2026-08-19T21:17:47.761016+09:00
Dehumidifier Entry,,,failed,False,2026-08-21T00:59:34.151010+09:00
Dehumidifier Estimate,,,failed,False,2026-08-19T21:08:17.191236+09:00
Dehumidifier Estimator,,,failed,False,2026-08-27T23:58:03.075368+09:00
Dehumidifier Excerpt,,,failed,False,2026-08-21T01:01:51.697457+09:00
Dehumidifier Fare,,,failed,False,2026-08-21T02:07:37.270032+09:00
Dehumidifier Fee,,,failed,False,2026-08-21T02:00:00.574550+09:00
Dehumidifier Feed,,,failed,False,2026-08-19T21:06:44.412093+09:00
Dehumidifier File,,,failed,False,2026-08-19T21:05:52.966416+09:00
Dehumidifier Finder,10.0,23.0,success,False,2026-08-19T21:29:05.227189+09:00
Dehumidifier Fine,,,failed,False,2026-08-23T02:56:08.739557+09:00
Dehumidifier Flag,,,failed,False,2026-08-21T00:35:43.096296+09:00
Dehumidifier Flow,,,failed,False,2026-08-19T21:09:02.600791+09:00
Dehumidifier Form,,,failed,False,2026-08-19T21:03:30.036000+09:00
Dehumidifier Frame,,,failed,False,2026-08-19T21:12:51.464479+09:00
Dehumidifier Fund,,,failed,False,2026-08-21T02:24:12.217966+09:00
Dehumidifier Gate,,,failed,False,2026-08-19T21:16:50.838174+09:00
Dehumidifier Giveaway,,,failed,False,2026-08-27T21:15:49.145755+09:00
Dehumidifier Grade,,,failed,False,2026-08-21T00:35:31.431507+09:00
Dehumidifier Graph,,,failed,False,2026-08-27T22:10:16.912585+09:00
Dehumidifier Grid,,,failed,False,2026-08-19T21:11:58.211530+09:00
Dehumidifier Guarantee,,,failed,False,2026-08-28T01:09:01.288346+09:00
Dehumidifier Guardian,260.0,100.0,success,False,2026-08-28T00:27:03.530965+09:00
Dehumidifier Harbor,,,failed,False,2026-08-19T21:30:24.987558+09:00
Dehumidifier Helpdesk,,,failed,False,2026-08-27T22:49:02.475082+09:00
Dehumidifier Helper,,,failed,False,2026-08-28T00:27:06.057605+09:00
Dehumidifier History,,,failed,False,2026-08-19T21:05:39.916573+09:00
Dehumidifier Hotline,,,failed,False,2026-08-19T21:08:40.437861+09:00
Dehumidifier Hub,,,failed,False,2026-08-19T21:09:15.467375+09:00
Dehumidifier Identifier,,,failed,False,2026-08-23T13:09:14.949045+09:00
Dehumidifier Inbox,,,failed,False,2026-08-19T21:30:54.257177+09:00
Dehumidifier Incentive,,,failed,False,2026-08-27T21:15:49.145755+09:00
Dehumidifier Index,,,failed,False,2026-08-19T21:07:49.558493+09:00
Dehumidifier Installment,,,failed,False,2026-08-23T16:12:29.296473+09:00
Dehumidifier Item,10.0,100.0,success,False,2026-08-21T01:59:59.476692+09:00
Dehumidifier Journal,,,failed,False,2026-08-19T21:19:23.397844+09:00
Dehumidifier Keeper,,,failed,False,2026-08-19T21:17:27.324738+09:00
Dehumidifier Kiosk,,,failed,False,2026-08-19T21:29:42.361641+09:00
Dehumidifier Kit,30.0,93.0,success,False,2026-08-27T22:48:58.866644+09:00
Dehumidifier Lab,320.0,100.0,success,False,2026-08-19T21:14:12.923572+09:00
Dehumidifier Label,,,failed,False,2026-08-27T22:10:19.864578+09:00
Dehumidifier Ledger,,,failed,False,2026-08-19T21:13:28.219579+09:00
Dehumidifier Level,90.0,11.0,success,False,2026-08-19T21:06:04.880535+09:00
Dehumidifier Line,,,failed,False,2026-08-19T21:31:52.488938+09:00
Dehumidifier Link,10.0,0.0,success,False,2026-08-23T03:21:42.958973+09:00
Dehumidifier List,,,failed,False,2026-08-19T21:54:56.953854+09:00
Dehumidifier Loan,,,failed,False,2026-08-21T02:07:48.773154+09:00
Dehumidifier Lobby,,,failed,False,2026-08-19T21:31:33.933839+09:00
Dehumidifier Locator,,,failed,False,2026-08-19T21:20:10.804990+09:00
Dehumidifier Locker,,,failed,False,2026-08-19T21:29:26.779055+09:00
Dehumidifier Log,,,failed,False,2026-08-19T21:32:23.492274+09:00
Dehumidifier Loop,,,failed,False,2026-08-19T21:11:46.371328+09:00
Dehumidifier Manager,,,failed,False,2026-08-19T21:17:37.116648+09:00
Dehumidifier Manual,590.0,84.0,success,False,2026-08-27T22:10:23.604541+09:00
Dehumidifier Map,,,failed,False,2026-08-19T21:12:41.804289+09:00
Dehumidifier Margin,,,failed,False,2026-08-23T02:56:06.421775+09:00
Dehumidifier Markup,,,failed,False,2026-08-23T16:38:09.315163+09:00
Dehumidifier Memo,,,failed,False,2026-08-21T00:35:34.561312+09:00
Dehumidifier Message,,,failed,False,2026-08-27T23:14:41.720422+09:00
Dehumidifier Monitor,20.0,100.0,success,False,2026-08-19T21:18:24.331096+09:00
Dehumidifier Nexus,,,failed,False,2026-08-19T21:17:05.944580+09:00
Dehumidifier Note,,,failed,False,2026-08-19T21:04:36.711918+09:00
Dehumidifier Notification,,,failed,False,2026-08-27T22:48:58.866644+09:00
Dehumidifier Number,50.0,6.0,success,False,2026-08-23T03:21:32.618577+09:00
Dehumidifier Office,720.0,100.0,success,False,2026-08-19T21:29:12.327035+09:00
Dehumidifier Ops,,,failed,False,2026-08-19T21:19:00.035786+09:00
Dehumidifier Order,,,failed,False,2026-08-19T21:54:16.215789+09:00
Dehumidifier Outpost,,,failed,False,2026-08-19T21:30:10.428031+09:00
Dehumidifier Overage,,,failed,False,2026-08-27T21:46:54.698818+09:00
Dehumidifier Overdue,,,failed,False,2026-08-27T21:46:52.310844+09:00
Dehumidifier Panel,20.0,84.0,success,False,2026-08-19T21:15:31.407245+09:00
Dehumidifier Passport,,,failed,False,2026-08-19T21:31:25.099741+09:00
Dehumidifier Path,,,failed,False,2026-08-19T21:12:22.393942+09:00
Dehumidifier Payoff,,,failed,False,2026-08-27T21:46:52.310844+09:00
Dehumidifier Penalty,,,failed,False,2026-08-23T16:38:05.799118+09:00
Dehumidifier Petition,,,failed,False,2026-08-21T00:59:06.391670+09:00
Dehumidifier Plan,10.0,75.0,success,False,2026-08-21T02:00:08.168331+09:00
Dehumidifier Planner,,,failed,False,2026-08-19T21:18:01.862049+09:00
Dehumidifier Playbook,,,failed,False,2026-08-19T21:19:11.883317+09:00
Dehumidifier Plaza,,,failed,False,2026-08-19T21:30:18.297847+09:00
Dehumidifier Point,,,failed,False,2026-08-19T21:12:31.857265+09:00
Dehumidifier Portal,,,failed,False,2026-08-19T21:15:09.209545+09:00
Dehumidifier Post,,,failed,False,2026-08-19T21:30:03.373519+09:00
Dehumidifier Profile,,,failed,False,2026-08-19T21:05:02.074506+09:00
Dehumidifier Profit,,,failed,False,2026-08-23T02:55:57.484668+09:00
Dehumidifier Proposal,,,failed,False,2026-08-28T01:08:56.786303+09:00
Dehumidifier Queue,,,failed,False,2026-08-19T21:08:09.987838+09:00
Dehumidifier Quota,,,failed,False,2026-08-21T00:35:36.889482+09:00
Dehumidifier Radar,,,failed,False,2026-08-19T21:09:42.547953+09:00
Dehumidifier Rail,,,failed,False,2026-08-19T21:16:04.396422+09:00
Dehumidifier Rate,50.0,99.0,success,False,2026-08-19T21:06:15.149170+09:00
Dehumidifier Recap,,,failed,False,2026-08-21T00:59:28.178022+09:00
Dehumidifier Receipt,10.0,6.0,success,False,2026-08-19T21:54:37.434657+09:00
Dehumidifier Recorder,,,failed,False,2026-08-27T23:35:57.257837+09:00
Dehumidifier Redemption,,,failed,False,2026-08-23T16:38:11.972867+09:00
Dehumidifier Register,,,failed,False,2026-08-19T21:18:46.381283+09:00
Dehumidifier Registry,,,failed,False,2026-08-19T21:19:35.712806+09:00
Dehumidifier Relay,20.0,13.0,success,False,2026-08-19T21:09:52.138956+09:00
Dehumidifier Reminder,,,failed,False,2026-08-19T21:07:29.278050+09:00
Dehumidifier Report,,,failed,False,2026-08-19T21:32:13.666054+09:00
Dehumidifier Repository,,,failed,False,2026-08-27T23:14:49.427940+09:00
Dehumidifier Result,,,failed,False,2026-08-28T00:48:49.804197+09:00
Dehumidifier Ring,30.0,100.0,success,False,2026-08-19T21:16:39.026055+09:00
Dehumidifier Roll,,,failed,False,2026-08-19T21:32:06.209951+09:00
Dehumidifier Roster,,,failed,False,2026-08-19T21:30:47.462824+09:00
Dehumidifier Route,,,failed,False,2026-08-19T21:15:54.238919+09:00
Dehumidifier Rule,,,failed,False,2026-08-23T03:21:47.880193+09:00
Dehumidifier Sale,8100.0,100.0,success,False,2026-08-21T02:24:23.153426+09:00
Dehumidifier Sample,,,failed,False,2026-08-19T21:55:34.064895+09:00
Dehumidifier Scale,,,failed,False,2026-08-19T21:15:42.753829+09:00
Dehumidifier Scanner,,,failed,False,2026-08-27T23:58:05.711455+09:00
Dehumidifier Scheduler,,,failed,False,2026-08-19T21:18:11.999906+09:00
Dehumidifier Schematic,30.0,0.0,success,False,2026-08-27T22:28:53.992967+09:00
Dehumidifier Scope,,,failed,False,2026-08-19T21:11:34.990271+09:00
Dehumidifier Score,,,failed,False,2026-08-19T21:04:22.708628+09:00
Dehumidifier Sheet,70.0,82.0,success,False,2026-08-19T21:03:58.078741+09:00
Dehumidifier Shelf,110.0,82.0,success,False,2026-08-19T21:30:39.077841+09:00
Dehumidifier Shortfall,,,failed,False,2026-08-27T21:47:00.631100+09:00
Dehumidifier Signal,,,failed,False,2026-08-19T21:11:14.866023+09:00
Dehumidifier Slot,,,failed,False,2026-08-19T21:55:44.120814+09:00
Dehumidifier Stake,,,failed,False,2026-08-23T02:56:03.136754+09:00
Dehumidifier Statement,,,failed,False,2026-08-21T00:35:23.760596+09:00
Dehumidifier Station,,,failed,False,2026-08-19T21:14:23.234492+09:00
Dehumidifier Status,,,failed,False,2026-08-19T21:05:14.341737+09:00
Dehumidifier Studio,10.0,100.0,success,False,2026-08-19T21:14:03.656959+09:00
Dehumidifier Sum,,,failed,False,2026-08-21T02:23:59.841123+09:00
Dehumidifier Summary,,,failed,False,2026-08-19T21:07:06.926428+09:00
Dehumidifier Tab,,,failed,False,2026-08-21T00:35:49.197244+09:00
Dehumidifier Table,50.0,83.0,success,False,2026-08-19T21:55:06.588963+09:00
Dehumidifier Tag,,,failed,False,2026-08-19T21:04:49.568415+09:00
Dehumidifier Tariff,,,failed,False,2026-08-21T02:41:10.290966+09:00
Dehumidifier Tax,,,failed,False,2026-08-21T02:07:46.443072+09:00
Dehumidifier Terminal,,,failed,False,2026-08-19T21:14:34.800336+09:00
Dehumidifier Ticker,,,failed,False,2026-08-19T21:31:43.962049+09:00
Dehumidifier Ticket,,,failed,False,2026-08-19T21:07:58.848698+09:00
Dehumidifier Tier,,,failed,False,2026-08-28T00:48:49.804197+09:00
Dehumidifier Timeline,,,failed,False,2026-08-19T21:07:18.151537+09:00
Dehumidifier Timer,480.0,100.0,success,False,2026-08-28T00:27:00.787784+09:00
Dehumidifier Toll,,,failed,False,2026-08-21T02:40:59.157491+09:00
Dehumidifier Toolbox,,,failed,False,2026-08-28T00:27:03.530965+09:00
Dehumidifier Total,,,failed,False,2026-08-27T23:14:44.010079+09:00
Dehumidifier Tower,390.0,100.0,success,False,2026-08-19T21:30:33.343002+09:00
Dehumidifier Tracker,,,failed,False,2026-08-19T21:08:52.385641+09:00
Dehumidifier Trail,,,failed,False,2026-08-19T21:16:14.581068+09:00
Dehumidifier Trend,,,failed,False,2026-08-28T01:08:52.515259+09:00
Dehumidifier Trial,,,failed,False,2026-08-27T21:15:44.469109+09:00
Dehumidifier Unit,480.0,100.0,success,False,2026-08-21T02:00:06.443014+09:00
Dehumidifier Update,,,failed,False,2026-08-19T21:06:27.741536+09:00
Dehumidifier Value,20.0,26.0,success,False,2026-08-23T02:56:00.191983+09:00
Dehumidifier Version,,,failed,False,2026-08-23T03:21:40.496452+09:00
Dehumidifier View,,,failed,False,2026-08-19T21:05:26.715187+09:00
Dehumidifier Watch,,,failed,False,2026-08-19T21:11:23.723554+09:00
Dehumidifier Wave,110.0,76.0,success,False,2026-08-19T21:12:09.668415+09:00
Dehumidifier Widget,,,failed,False,2026-08-27T23:14:44.010079+09:00
Dehumidifier Window,4400.0,100.0,success,False,2026-08-19T21:31:59.320296+09:00
Dehumidifier Worksheet,,,failed,False,2026-08-27T22:10:26.332247+09:00
Dehumidifier Workshop,,,failed,False,2026-08-28T00:27:00.787784+09:00
Dehumidifier Yard,,,failed,False,2026-08-19T21:29:49.422411+09:00
Dehumidifier Zone,,,failed,False,2026-08-19T21:14:58.322778+09:00
Delivery Advance,20.0,0.0,success,False,2026-08-23T16:15:25.443589+09:00
Delivery Advisory,70.0,0.0,success,False,2026-08-21T01:02:29.218317+09:00
Delivery Allowance,50.0,2.0,success,False,2026-08-21T02:41:18.531749+09:00
Delivery Almanac,,,failed,False,2026-08-18T22:08:36.440640+09:00
Delivery Analyzer,,,failed,False,2026-08-27T23:51:57.345982+09:00
Delivery Anchor,10.0,0.0,success,False,2026-08-18T07:52:20.987077+09:00
Delivery Announcement,70.0,42.0,success,False,2026-08-27T23:31:50.398588+09:00
Delivery Arrears,,,failed,False,2026-08-23T16:15:25.443589+09:00
Delivery Assistant,720.0,3.0,success,False,2026-08-17T23:12:11.666158+09:00
Delivery Atlas,,,failed,False,2026-08-17T21:30:30.781560+09:00
Delivery Attribute,,,failed,False,2026-08-23T13:06:13.755843+09:00
Delivery Badge,70.0,8.0,success,False,2026-08-21T00:26:41.627536+09:00
Delivery Balance,50.0,11.0,success,False,2026-08-23T13:47:02.952399+09:00
Delivery Base,90.0,1.0,success,False,2026-08-17T20:45:26.162726+09:00
Delivery Bay,390.0,0.0,success,False,2026-08-19T00:36:38.202359+09:00
Delivery Beacon,,,failed,False,2026-08-17T20:35:12.658616+09:00
Delivery Bill,210.0,1.0,success,False,2026-08-19T21:47:20.280191+09:00
Delivery Blueprint,,,failed,False,2026-08-18T22:08:28.742242+09:00
Delivery Board,170.0,11.0,success,False,2026-08-17T20:42:41.908187+09:00
Delivery Book,1600.0,61.0,success,False,2026-08-19T21:46:29.828345+09:00
Delivery Bridge,210.0,1.0,success,False,2026-08-17T20:32:10.469810+09:00
Delivery Brief,,,failed,False,2026-08-21T01:00:44.838906+09:00
Delivery Bulletin,,,failed,False,2026-08-21T01:00:42.748785+09:00
Delivery Calculator,18100.0,5.0,success,False,2026-08-27T23:31:50.398588+09:00
Delivery Calendar,210.0,7.0,success,False,2026-08-19T00:02:34.221000+09:00
Delivery Card,14800.0,80.0,success,False,2026-08-19T13:32:45.255500+09:00
Delivery Cascade,,,failed,False,2026-08-17T20:33:21.754611+09:00
Delivery Cash,1300.0,14.0,success,False,2026-08-21T02:25:44.046093+09:00
Delivery Cashback,,,failed,False,2026-08-27T21:18:26.738212+09:00
Delivery Catalog,320.0,33.0,success,False,2026-08-19T21:04:15.563221+09:00
Delivery Category,20.0,0.0,success,False,2026-08-23T13:06:10.168774+09:00
Delivery Center,1000.0,2.0,success,False,2026-08-17T20:37:38.706086+09:00
Delivery Chain,140.0,2.0,success,False,2026-08-17T21:35:58.459168+09:00
Delivery Charge,9900.0,1.0,success,False,2026-08-21T02:41:05.925111+09:00
Delivery Check,1000.0,5.0,success,False,2026-08-19T13:33:02.578163+09:00
Delivery Checker,1000.0,5.0,success,False,2026-08-27T23:51:51.958622+09:00
Delivery Checklist,390.0,19.0,success,False,2026-08-19T21:15:52.181697+09:00
Delivery Circular,,,failed,False,2026-08-21T01:02:27.136036+09:00
Delivery Cockpit,,,failed,False,2026-08-17T23:06:29.811396+09:00
Delivery Code,1300.0,11.0,success,False,2026-08-19T21:45:53.420711+09:00
Delivery Codex,,,failed,False,2026-08-18T22:08:52.301038+09:00
Delivery Companion,,,failed,False,2026-08-17T23:10:18.497736+09:00
Delivery Comparison,70.0,47.0,success,False,2026-08-28T01:01:36.692864+09:00
Delivery Compass,,,failed,False,2026-08-17T20:36:11.237181+09:00
Delivery Compendium,,,failed,False,2026-08-18T22:08:45.047635+09:00
Delivery Confirmation,1900.0,1.0,success,False,2026-08-21T01:01:01.220689+09:00
Delivery Console,,,failed,False,2026-08-17T20:34:43.926118+09:00
Delivery Contribution,,,failed,False,2026-08-23T16:15:22.615283+09:00
Delivery Core,30.0,0.0,success,False,2026-08-17T20:44:23.108645+09:00
Delivery Cost,1600.0,6.0,success,False,2026-08-21T02:09:56.008511+09:00
Delivery Count,390.0,1.0,success,False,2026-08-27T22:50:47.949618+09:00
Delivery Counter,390.0,1.0,success,False,2026-08-19T00:03:16.369023+09:00
Delivery Coupon,1900.0,27.0,success,False,2026-08-27T21:18:26.738212+09:00
Delivery Dashboard,880.0,11.0,success,False,2026-08-17T23:15:25.442488+09:00
Delivery Deal,1300.0,48.0,success,False,2026-08-21T01:54:02.992561+09:00
Delivery Debt,,,failed,False,2026-08-21T02:25:35.476201+09:00
Delivery Deck,50.0,0.0,success,False,2026-08-17T20:41:54.470071+09:00
Delivery Depot,1600.0,3.0,success,False,2026-08-19T00:03:04.417889+09:00
Delivery Desk,210.0,100.0,success,False,2026-08-17T20:39:52.233588+09:00
Delivery Detail,1300.0,2.0,success,False,2026-08-23T03:16:07.985751+09:00
Delivery Detector,,,failed,False,2026-08-27T23:51:54.683905+09:00
Delivery Dial,9900.0,17.0,success,False,2026-08-17T20:32:47.475978+09:00
Delivery Digest,320.0,2.0,success,False,2026-08-19T20:42:09.827682+09:00
Delivery Directory,10.0,0.0,success,False,2026-08-19T00:02:39.195734+09:00
Delivery Discount,320.0,53.0,success,False,2026-08-23T16:15:17.461758+09:00
Delivery Dock,720.0,2.0,success,False,2026-08-17T21:39:34.435552+09:00
Delivery Dossier,,,failed,False,2026-08-21T01:01:05.241118+09:00
Delivery Downpayment,,,failed,False,2026-08-27T21:49:35.975851+09:00
Delivery Draft,,,failed,False,2026-08-19T20:42:21.972075+09:00
Delivery Due,70.0,1.0,success,False,2026-08-23T15:52:02.827883+09:00
Delivery Duty,110.0,2.0,success,False,2026-08-21T02:41:10.290966+09:00
Delivery Engine,40.0,11.0,success,False,2026-08-17T23:15:25.442488+09:00
Delivery Entry,30.0,0.0,success,False,2026-08-21T01:01:15.556861+09:00
Delivery Estimate,480.0,7.0,success,False,2026-08-19T21:04:04.689181+09:00
Delivery Estimator,480.0,7.0,success,False,2026-08-27T23:51:51.958622+09:00
Delivery Extension,50.0,0.0,success,False,2026-08-23T16:39:38.014835+09:00
Delivery Fare,40.0,2.0,success,False,2026-08-21T02:10:04.981055+09:00
Delivery Fee,4400.0,1.0,success,False,2026-08-21T01:53:35.907769+09:00
Delivery Feed,20.0,4.0,success,False,2026-08-19T20:42:14.870990+09:00
Delivery File,320.0,13.0,success,False,2026-08-19T20:41:40.323358+09:00
Delivery Finder,30.0,22.0,success,False,2026-08-19T00:02:56.248931+09:00
Delivery Fine,,,failed,False,2026-08-23T02:52:33.355566+09:00
Delivery Flag,20.0,3.0,success,False,2026-08-21T00:27:34.970005+09:00
Delivery Flow,90.0,8.0,success,False,2026-08-17T20:42:13.997557+09:00
Delivery Forge,,,failed,False,2026-08-17T20:34:18.335664+09:00
Delivery Form,1600.0,8.0,success,False,2026-08-19T13:32:40.491815+09:00
Delivery Format,1600.0,8.0,success,False,2026-08-23T13:06:17.940469+09:00
Delivery Frame,110.0,62.0,success,False,2026-08-17T20:46:16.531586+09:00
Delivery Fund,260.0,32.0,success,False,2026-08-21T02:25:39.755040+09:00
Delivery Gate,90.0,1.0,success,False,2026-08-17T21:32:50.995270+09:00
Delivery Generator,90.0,56.0,success,False,2026-08-27T23:31:58.292490+09:00
Delivery Giveaway,,,failed,False,2026-08-27T21:18:35.629474+09:00
Delivery Grade,,,failed,False,2026-08-21T00:27:09.364121+09:00
Delivery Graph,10.0,0.0,success,False,2026-08-27T22:14:02.180893+09:00
Delivery Grid,10.0,0.0,success,False,2026-08-17T21:36:30.682605+09:00
Delivery Guarantee,880.0,4.0,success,False,2026-08-28T01:01:42.257433+09:00
Delivery Guard,30.0,0.0,success,False,2026-08-17T20:44:51.445524+09:00
Delivery Guardian,260.0,36.0,success,False,2026-08-28T00:22:23.551401+09:00
Delivery Guidebook,,,failed,False,2026-08-18T22:08:12.988621+09:00
Delivery Helpdesk,,,failed,False,2026-08-27T22:50:47.949618+09:00
Delivery Helper,1000.0,3.0,success,False,2026-08-28T00:22:26.191039+09:00
Delivery History,110.0,1.0,success,False,2026-08-19T20:41:33.167361+09:00
Delivery Hotline,50.0,3.0,success,False,2026-08-19T21:04:29.917389+09:00
Delivery Hub,9900.0,4.0,success,False,2026-08-17T20:41:24.809383+09:00
Delivery Identifier,,,failed,False,2026-08-23T13:06:07.907385+09:00
Delivery Incentive,,,failed,False,2026-08-27T21:18:29.046782+09:00
Delivery Index,70.0,4.0,success,False,2026-08-19T21:03:18.431019+09:00
Delivery Insight,,,failed,False,2026-08-17T23:11:53.398319+09:00
Delivery Installment,,,failed,False,2026-08-23T16:15:20.225326+09:00
Delivery Item,1600.0,12.0,success,False,2026-08-21T01:53:42.905283+09:00
Delivery Journal,140.0,1.0,success,False,2026-08-18T22:07:58.079048+09:00
Delivery Keeper,,,failed,False,2026-08-17T20:46:56.962156+09:00
Delivery Kit,1900.0,48.0,success,False,2026-08-27T22:50:39.556744+09:00
Delivery Lab,720.0,5.0,success,False,2026-08-17T20:40:19.019495+09:00
Delivery Label,590.0,90.0,success,False,2026-08-27T22:14:02.180893+09:00
Delivery Ledger,20.0,0.0,success,False,2026-08-17T20:43:34.295212+09:00
Delivery Lens,10.0,29.0,success,False,2026-08-17T20:47:33.914967+09:00
Delivery Level,30.0,0.0,success,False,2026-08-19T20:41:45.467674+09:00
Delivery Levy,,,failed,False,2026-08-23T13:47:07.330354+09:00
Delivery Link,320.0,7.0,success,False,2026-08-23T03:15:55.657138+09:00
Delivery List,390.0,1.0,success,False,2026-08-19T21:46:07.673702+09:00
Delivery Loan,210.0,6.0,success,False,2026-08-21T02:10:09.458176+09:00
Delivery Locator,1300.0,1.0,success,False,2026-08-19T00:02:48.631996+09:00
Delivery Lock,50.0,66.0,success,False,2026-08-17T21:31:02.177338+09:00
Delivery Log,480.0,24.0,success,False,2026-08-19T13:32:25.938189+09:00
Delivery Loop,390.0,12.0,success,False,2026-08-17T21:37:36.095439+09:00
Delivery Manager,6600.0,3.0,success,False,2026-08-17T20:45:51.407426+09:00
Delivery Manual,20.0,0.0,success,False,2026-08-27T22:14:08.565651+09:00
Delivery Map,880.0,4.0,success,False,2026-08-17T20:49:39.030080+09:00
Delivery Marker,,,failed,False,2026-08-23T13:27:25.869179+09:00
Delivery Markup,,,failed,False,2026-08-23T16:39:35.759045+09:00
Delivery Memo,110.0,9.0,success,False,2026-08-21T00:27:19.385133+09:00
Delivery Message,2400.0,0.0,success,True,2026-08-27T23:16:01.473407+09:00
Delivery Meter,,,failed,False,2026-08-17T20:31:36.969919+09:00
Delivery Metrics,140.0,1.0,success,False,2026-08-17T23:08:38.142070+09:00
Delivery Monitor,210.0,12.0,success,False,2026-08-17T23:13:49.973223+09:00
Delivery Navigator,70.0,1.0,success,False,2026-08-17T23:13:32.470918+09:00
Delivery Nexus,1300.0,3.0,success,False,2026-08-17T21:31:39.058447+09:00
Delivery Node,10.0,0.0,success,False,2026-08-17T21:33:48.082783+09:00
Delivery Note,22200.0,12.0,success,False,2026-08-19T13:33:37.732630+09:00
Delivery Notification,720.0,0.0,success,False,2026-08-27T22:50:35.805109+09:00
Delivery Number,1300.0,1.0,success,False,2026-08-23T03:15:49.113628+09:00
Delivery Office,9900.0,2.0,success,False,2026-08-19T00:03:09.712807+09:00
Delivery Ops,2400.0,1.0,success,False,2026-08-17T23:04:39.264131+09:00
Delivery Order,18100.0,17.0,success,False,2026-08-19T21:47:05.219311+09:00
Delivery Organizer,20.0,29.0,success,False,2026-08-17T23:04:36.399044+09:00
Delivery Overage,,,failed,False,2026-08-27T21:49:35.975851+09:00
Delivery Overdue,20.0,0.0,success,False,2026-08-27T21:49:31.660766+09:00
Delivery Panel,260.0,6.0,success,False,2026-08-17T20:33:51.962760+09:00
Delivery Pass,390.0,16.0,success,False,2026-08-21T00:26:33.622421+09:00
Delivery Path,50.0,8.0,success,False,2026-08-17T21:33:20.961288+09:00
Delivery Payoff,,,failed,False,2026-08-27T21:49:33.781529+09:00
Delivery Penalty,,,failed,False,2026-08-23T16:39:33.315090+09:00
Delivery Petition,,,failed,False,2026-08-21T01:00:56.888807+09:00
Delivery Pilot,720.0,4.0,success,False,2026-08-17T20:40:42.163784+09:00
Delivery Plan,1300.0,8.0,success,False,2026-08-21T01:53:55.864574+09:00
Delivery Planner,1300.0,8.0,success,False,2026-08-17T23:10:18.497736+09:00
Delivery Playbook,40.0,15.0,success,False,2026-08-18T22:07:49.432223+09:00
Delivery Point,4400.0,2.0,success,False,2026-08-17T21:32:15.070878+09:00
Delivery Portal,720.0,11.0,success,False,2026-08-17T20:35:44.075031+09:00
Delivery Preview,,,failed,False,2026-08-28T01:01:39.377915+09:00
Delivery Profile,90.0,2.0,success,False,2026-08-19T13:33:49.819535+09:00
Delivery Profit,20.0,0.0,success,False,2026-08-23T02:52:26.045301+09:00
Delivery Proposal,30.0,0.0,success,False,2026-08-28T01:01:39.377915+09:00
Delivery Pulse,20.0,0.0,success,False,2026-08-17T21:35:22.295985+09:00
Delivery Queue,20.0,2.0,success,False,2026-08-19T21:03:51.507952+09:00
Delivery Quota,,,failed,False,2026-08-21T00:27:27.558535+09:00
Delivery Radar,,,failed,False,2026-08-17T20:38:59.956902+09:00
Delivery Rail,,,failed,False,2026-08-17T21:38:08.965654+09:00
Delivery Rate,720.0,4.0,success,False,2026-08-19T20:41:54.948325+09:00
Delivery Recap,,,failed,False,2026-08-21T01:01:09.555377+09:00
Delivery Receipt,5400.0,56.0,success,False,2026-08-19T21:47:34.110436+09:00
Delivery Recorder,210.0,3.0,success,False,2026-08-27T23:31:58.292490+09:00
Delivery Register,320.0,5.0,success,False,2026-08-17T23:08:13.716761+09:00
Delivery Registry,,,failed,False,2026-08-18T22:08:19.564377+09:00
Delivery Relay,27100.0,6.0,success,False,2026-08-17T20:38:06.157627+09:00
Delivery Reminder,30.0,0.0,success,False,2026-08-19T21:15:40.357740+09:00
Delivery Report,1600.0,1.0,success,False,2026-08-19T13:32:19.751583+09:00
Delivery Repository,,,failed,False,2026-08-27T23:09:56.910517+09:00
Delivery Roadmap,8100.0,1.0,success,False,2026-08-18T22:09:01.069434+09:00
Delivery Roster,,,failed,False,2026-08-19T00:36:52.729176+09:00
Delivery Route,590.0,17.0,success,False,2026-08-17T21:41:36.452024+09:00
Delivery Rule,140.0,0.0,success,False,2026-08-23T03:15:59.188624+09:00
Delivery Sale,140.0,6.0,success,False,2026-08-21T02:25:47.031494+09:00
Delivery Sample,40.0,4.0,success,False,2026-08-19T21:46:54.129984+09:00
Delivery Scale,20.0,87.0,success,False,2026-08-18T07:52:55.085793+09:00
Delivery Scanner,260.0,31.0,success,False,2026-08-27T23:51:54.683905+09:00
Delivery Scheduler,2400.0,2.0,success,False,2026-08-17T23:06:52.573020+09:00
Delivery Scope,320.0,0.0,success,False,2026-08-17T21:38:40.825363+09:00
Delivery Score,70.0,5.0,success,False,2026-08-19T13:33:08.765794+09:00
Delivery Sentry,,,failed,False,2026-08-17T20:48:13.207047+09:00
Delivery Sheet,480.0,6.0,success,False,2026-08-19T13:32:52.541757+09:00
Delivery Shortfall,,,failed,False,2026-08-27T21:49:38.109800+09:00
Delivery Signal,,,failed,False,2026-08-18T07:52:20.987077+09:00
Delivery Signature,590.0,1.0,success,False,2026-08-23T13:27:22.703282+09:00
Delivery Slip,2400.0,4.0,success,False,2026-08-19T21:46:42.037661+09:00
Delivery Slot,260.0,13.0,success,False,2026-08-19T21:47:05.219311+09:00
Delivery Snapshot,,,failed,False,2026-08-18T22:08:04.928972+09:00
Delivery Stage,4400.0,7.0,success,False,2026-08-28T00:46:27.391148+09:00
Delivery Stamp,1000.0,95.0,success,False,2026-08-23T13:27:28.386352+09:00
Delivery Statement,90.0,0.0,success,False,2026-08-21T00:26:53.623558+09:00
Delivery Station,1600.0,1.0,success,False,2026-08-17T20:39:23.919432+09:00
Delivery Status,2900.0,1.0,success,False,2026-08-19T20:41:16.586784+09:00
Delivery Streak,,,failed,False,2026-08-28T00:46:30.511685+09:00
Delivery Stub,,,failed,False,2026-08-21T00:26:46.014545+09:00
Delivery Studio,140.0,3.0,success,False,2026-08-17T20:41:03.029394+09:00
Delivery Subsidy,10.0,0.0,success,False,2026-08-23T15:52:04.916947+09:00
Delivery Suite,720.0,1.0,success,False,2026-08-17T23:04:59.397693+09:00
Delivery Sum,,,failed,False,2026-08-21T02:25:28.596275+09:00
Delivery Summary,90.0,0.0,success,False,2026-08-19T21:15:19.107238+09:00
Delivery Surtax,,,failed,False,2026-08-23T15:52:07.033808+09:00
Delivery Sync,30.0,6.0,success,False,2026-08-17T20:43:08.098438+09:00
Delivery Tab,210.0,3.0,success,False,2026-08-21T00:27:42.259289+09:00
Delivery Table,1300.0,44.0,success,False,2026-08-19T21:46:20.188818+09:00
Delivery Tag,110.0,23.0,success,False,2026-08-19T13:33:40.733972+09:00
Delivery Tally,,,failed,False,2026-08-21T00:27:00.975108+09:00
Delivery Tariff,10.0,4.0,success,False,2026-08-21T02:41:24.321159+09:00
Delivery Tax,140.0,0.0,success,False,2026-08-21T02:10:04.981055+09:00
Delivery Ticket,320.0,14.0,success,False,2026-08-19T21:03:36.529171+09:00
Delivery Tier,,,failed,False,2026-08-28T00:45:35.673593+09:00
Delivery Timeline,6600.0,0.0,success,True,2026-08-19T21:15:29.461766+09:00
Delivery Timer,20.0,1.0,success,False,2026-08-28T00:22:18.393624+09:00
Delivery Token,10.0,0.0,success,False,2026-08-23T13:27:20.193084+09:00
Delivery Toll,,,failed,False,2026-08-21T02:41:14.911892+09:00
Delivery Toolbox,,,failed,False,2026-08-28T00:22:26.191039+09:00
Delivery Toolkit,,,failed,False,2026-08-18T22:07:42.473360+09:00
Delivery Total,70.0,1.0,success,False,2026-08-27T23:16:04.692896+09:00
Delivery Tracker,673000.0,2.0,success,False,2026-08-17T20:44:04.848400+09:00
Delivery Trail,,,failed,False,2026-08-17T21:36:57.018160+09:00
Delivery Trend,40.0,2.0,success,False,2026-08-28T01:01:32.188675+09:00
Delivery Trial,720.0,0.0,success,False,2026-08-27T21:18:29.046782+09:00
Delivery Unit,1000.0,1.0,success,False,2026-08-21T01:53:49.077325+09:00
Delivery Update,2900.0,0.0,success,True,2026-08-19T20:41:59.995024+09:00
Delivery Value,880.0,0.0,success,False,2026-08-23T02:52:28.484811+09:00
Delivery Vault,10.0,79.0,success,False,2026-08-17T20:37:08.027448+09:00
Delivery Version,10.0,0.0,success,False,2026-08-23T03:15:51.596433+09:00
Delivery View,20.0,0.0,success,False,2026-08-19T20:41:25.975881+09:00
Delivery Voucher,210.0,51.0,success,False,2026-08-21T00:26:36.041366+09:00
Delivery Watch,210.0,78.0,success,False,2026-08-17T21:41:04.521769+09:00
Delivery Wave,,,failed,False,2026-08-17T21:34:24.214520+09:00
Delivery Widget,20.0,1.0,success,False,2026-08-27T23:09:53.622041+09:00
Delivery Window,480.0,0.0,success,False,2026-08-19T12:25:02.021725+09:00
Delivery Workbench,,,failed,False,2026-08-18T22:07:33.444344+09:00
Delivery Worksheet,,,failed,False,2026-08-27T22:14:08.565651+09:00
Delivery Zone,2400.0,4.0,success,False,2026-08-17T20:36:39.507807+09:00
Demand Advance,,,failed,False,2026-08-23T16:11:27.999005+09:00
Demand Allowance,,,failed,False,2026-08-21T02:42:54.824749+09:00
Demand Almanac,,,failed,False,2026-08-18T22:04:47.341629+09:00
Demand Analyzer,10.0,26.0,success,False,2026-08-27T23:54:15.015364+09:00
Demand Anchor,,,failed,False,2026-08-17T20:39:59.910293+09:00
Demand Arrears,,,failed,False,2026-08-23T16:11:24.096021+09:00
Demand Assistant,,,failed,False,2026-08-17T23:05:51.247207+09:00
Demand Atlas,10.0,0.0,success,False,2026-08-17T21:41:42.015478+09:00
Demand Badge,,,failed,False,2026-08-21T00:27:12.597515+09:00
Demand Balance,20.0,1.0,success,False,2026-08-23T13:48:32.031008+09:00
Demand Base,14800.0,35.0,success,False,2026-08-17T21:36:34.713232+09:00
Demand Beacon,,,failed,False,2026-08-17T20:43:14.638625+09:00
Demand Bill,210.0,0.0,success,False,2026-08-19T22:06:15.067471+09:00
Demand Blueprint,,,failed,False,2026-08-18T22:04:36.606049+09:00
Demand Board,40.0,7.0,success,False,2026-08-17T21:33:26.536272+09:00
Demand Book,320.0,15.0,success,False,2026-08-19T22:07:10.998735+09:00
Demand Bridge,260.0,7.0,success,False,2026-08-17T20:40:46.604989+09:00
Demand Brief,,,failed,False,2026-08-21T01:01:22.274781+09:00
Demand Bulletin,,,failed,False,2026-08-21T01:01:20.027256+09:00
Demand Calculator,140.0,0.0,success,False,2026-08-27T23:33:41.786723+09:00
Demand Calendar,90.0,4.0,success,False,2026-08-19T00:04:39.958803+09:00
Demand Card,90.0,8.0,success,False,2026-08-19T13:28:10.656877+09:00
Demand Cascade,,,failed,False,2026-08-17T20:41:33.336783+09:00
Demand Cash,10.0,0.0,success,False,2026-08-21T02:26:59.463760+09:00
Demand Cashback,,,failed,False,2026-08-27T21:13:54.337464+09:00
Demand Center,70.0,3.0,success,False,2026-08-17T20:45:32.525368+09:00
Demand Chain,480.0,3.0,success,False,2026-08-17T20:34:48.922886+09:00
Demand Charge,720.0,1.0,success,False,2026-08-21T02:42:44.475010+09:00
Demand Check,70.0,0.0,success,False,2026-08-19T13:28:31.111585+09:00
Demand Checker,30.0,16.0,success,False,2026-08-27T23:54:07.466946+09:00
Demand Cockpit,,,failed,False,2026-08-17T23:31:35.615532+09:00
Demand Code,140.0,2.0,success,False,2026-08-19T22:06:38.426353+09:00
Demand Codex,,,failed,False,2026-08-18T22:05:08.323728+09:00
Demand Companion,,,failed,False,2026-08-17T23:03:45.434649+09:00
Demand Comparison,,,failed,False,2026-08-28T01:04:49.164769+09:00
Demand Compass,,,failed,False,2026-08-17T20:44:07.827451+09:00
Demand Compendium,,,failed,False,2026-08-18T22:04:56.544925+09:00
Demand Confirmation,,,failed,False,2026-08-21T01:01:35.076961+09:00
Demand Console,,,failed,False,2026-08-17T20:42:46.441273+09:00
Demand Contribution,,,failed,False,2026-08-23T16:11:24.096021+09:00
Demand Core,10.0,2.0,success,False,2026-08-17T21:35:33.419897+09:00
Demand Cost,320.0,0.0,success,False,2026-08-21T02:10:58.400903+09:00
Demand Counter,,,failed,False,2026-08-19T00:05:18.968119+09:00
Demand Coupon,,,failed,False,2026-08-27T21:13:54.337464+09:00
Demand Dashboard,50.0,16.0,success,False,2026-08-17T23:09:26.162855+09:00
Demand Deal,10.0,0.0,success,False,2026-08-21T02:05:48.650139+09:00
Demand Debt,10.0,9.0,success,False,2026-08-21T02:26:53.610271+09:00
Demand Deck,,,failed,False,2026-08-17T21:32:23.259221+09:00
Demand Depot,,,failed,False,2026-08-19T00:05:06.053297+09:00
Demand Desk,10.0,38.0,success,False,2026-08-17T20:48:21.583177+09:00
Demand Detail,,,failed,False,2026-08-23T03:22:45.099275+09:00
Demand Detector,,,failed,False,2026-08-27T23:54:12.617602+09:00
Demand Dial,70.0,0.0,success,False,2026-08-17T20:41:08.316613+09:00
Demand Digest,,,failed,False,2026-08-19T20:45:53.854460+09:00
Demand Directory,,,failed,False,2026-08-19T00:04:44.561310+09:00
Demand Discount,,,failed,False,2026-08-23T16:11:16.199786+09:00
Demand Dock,,,failed,False,2026-08-17T20:37:45.876313+09:00
Demand Dossier,,,failed,False,2026-08-21T01:01:41.528292+09:00
Demand Draft,27100.0,0.0,success,True,2026-08-19T20:46:04.507912+09:00
Demand Due,20.0,0.0,success,False,2026-08-23T15:53:12.516993+09:00
Demand Duty,,,failed,False,2026-08-21T02:42:49.671896+09:00
Demand Engine,70.0,11.0,success,False,2026-08-17T23:30:26.611269+09:00
Demand Entry,,,failed,False,2026-08-21T01:01:56.777468+09:00
Demand Estimate,590.0,0.0,success,False,2026-08-19T21:31:38.211604+09:00
Demand Estimator,,,failed,False,2026-08-27T23:54:07.466946+09:00
Demand Excerpt,,,failed,False,2026-08-21T01:02:52.646086+09:00
Demand Fare,,,failed,False,2026-08-21T02:11:01.471090+09:00
Demand Fee,30.0,1.0,success,False,2026-08-21T01:54:42.335376+09:00
Demand Feed,1000.0,3.0,success,False,2026-08-19T20:46:00.045081+09:00
Demand Field,,,failed,False,2026-08-23T13:09:19.095608+09:00
Demand File,880.0,3.0,success,False,2026-08-19T20:45:25.764339+09:00
Demand Finder,,,failed,False,2026-08-19T00:04:59.396392+09:00
Demand Fine,,,failed,False,2026-08-23T02:57:17.363671+09:00
Demand Flag,,,failed,False,2026-08-21T00:28:09.542795+09:00
Demand Flow,320.0,16.0,success,False,2026-08-17T21:33:00.443260+09:00
Demand Forge,,,failed,False,2026-08-17T20:42:18.152107+09:00
Demand Form,170.0,0.0,success,False,2026-08-19T13:28:03.494645+09:00
Demand Format,50.0,1.0,success,False,2026-08-23T13:09:22.371145+09:00
Demand Frame,,,failed,False,2026-08-17T21:37:42.380657+09:00
Demand Fund,,,failed,False,2026-08-21T02:26:56.391999+09:00
Demand Gate,10.0,0.0,success,False,2026-08-17T20:31:44.848533+09:00
Demand Giveaway,,,failed,False,2026-08-27T21:14:04.974327+09:00
Demand Grade,,,failed,False,2026-08-21T00:27:42.259289+09:00
Demand Graph,49500.0,0.0,success,True,2026-08-27T22:07:57.599246+09:00
Demand Grid,10.0,0.0,success,False,2026-08-17T20:35:18.626237+09:00
Demand Guarantee,260.0,1.0,success,False,2026-08-28T01:04:54.734993+09:00
Demand Guard,,,failed,False,2026-08-17T21:36:05.315924+09:00
Demand Guardian,,,failed,False,2026-08-28T00:24:03.733784+09:00
Demand Guidebook,,,failed,False,2026-08-18T22:04:15.026557+09:00
Demand Helpdesk,,,failed,False,2026-08-27T22:46:29.671446+09:00
Demand Helper,,,failed,False,2026-08-28T00:24:07.652921+09:00
Demand History,40.0,0.0,success,False,2026-08-19T20:45:18.016255+09:00
Demand Hub,320.0,7.0,success,False,2026-08-17T21:31:46.266854+09:00
Demand Identifier,,,failed,False,2026-08-23T13:09:17.043261+09:00
Demand Incentive,10.0,0.0,success,False,2026-08-27T21:13:56.719259+09:00
Demand Index,110.0,3.0,success,False,2026-08-19T21:31:21.634231+09:00
Demand Insight,40.0,14.0,success,False,2026-08-17T23:31:21.435106+09:00
Demand Installment,,,failed,False,2026-08-23T16:11:21.537507+09:00
Demand Item,90.0,9.0,success,False,2026-08-21T01:54:45.555150+09:00
Demand Journal,10.0,0.0,success,False,2026-08-18T22:03:53.517132+09:00
Demand Keeper,,,failed,False,2026-08-17T21:38:13.718334+09:00
Demand Lab,210.0,3.0,success,False,2026-08-17T21:30:05.905035+09:00
Demand Ledger,,,failed,False,2026-08-17T21:34:28.165323+09:00
Demand Lens,,,failed,False,2026-08-17T21:39:05.774100+09:00
Demand Level,50.0,0.0,success,False,2026-08-19T20:45:32.308725+09:00
Demand Levy,,,failed,False,2026-08-23T13:48:35.211056+09:00
Demand Link,30.0,1.0,success,False,2026-08-23T03:22:39.014022+09:00
Demand List,260.0,0.0,success,False,2026-08-19T22:06:47.930339+09:00
Demand Loan,1300.0,3.0,success,False,2026-08-21T02:11:07.536158+09:00
Demand Locator,,,failed,False,2026-08-19T00:04:54.234777+09:00
Demand Lock,40.0,0.0,success,False,2026-08-18T07:43:51.559731+09:00
Demand Log,,,failed,False,2026-08-19T13:27:56.460670+09:00
Demand Loop,,,failed,False,2026-08-17T20:36:14.881787+09:00
Demand Manager,1600.0,1.0,success,False,2026-08-17T21:37:05.127331+09:00
Demand Map,110.0,1.0,success,False,2026-08-17T21:41:12.952922+09:00
Demand Markup,,,failed,False,2026-08-23T16:37:21.516331+09:00
Demand Memo,,,failed,False,2026-08-21T00:27:51.416222+09:00
Demand Message,,,failed,False,2026-08-27T23:11:44.740129+09:00
Demand Meter,210.0,34.0,success,False,2026-08-17T20:40:24.654920+09:00
Demand Metrics,210.0,17.0,success,False,2026-08-17T23:14:35.084674+09:00
Demand Monitor,10.0,2.0,success,False,2026-08-17T23:07:39.486562+09:00
Demand Navigator,,,failed,False,2026-08-17T23:31:53.116535+09:00
Demand Nexus,140.0,5.0,success,False,2026-08-18T07:52:30.485728+09:00
Demand Node,,,failed,False,2026-08-17T20:32:55.422953+09:00
Demand Note,4400.0,1.0,success,False,2026-08-19T13:28:52.256085+09:00
Demand Notification,,,failed,False,2026-08-27T22:46:20.664142+09:00
Demand Number,70.0,0.0,success,False,2026-08-23T03:22:30.618913+09:00
Demand Office,10.0,14.0,success,False,2026-08-19T00:05:13.902876+09:00
Demand Ops,,,failed,False,2026-08-17T23:11:00.543955+09:00
Demand Order,170.0,0.0,success,False,2026-08-19T22:06:04.414832+09:00
Demand Organizer,,,failed,False,2026-08-17T23:30:56.654699+09:00
Demand Overage,,,failed,False,2026-08-27T21:46:13.321425+09:00
Demand Overdraft,20.0,0.0,success,False,2026-08-23T15:53:12.516993+09:00
Demand Overdue,,,failed,False,2026-08-27T21:46:10.871215+09:00
Demand Panel,,,failed,False,2026-08-17T20:41:58.937145+09:00
Demand Path,10.0,1.0,success,False,2026-08-17T20:32:17.131006+09:00
Demand Penalty,10.0,0.0,success,False,2026-08-23T16:37:21.516331+09:00
Demand Petition,,,failed,False,2026-08-21T01:01:32.949178+09:00
Demand Pilot,,,failed,False,2026-08-17T21:30:38.829852+09:00
Demand Plan,4400.0,9.0,success,False,2026-08-21T01:54:58.367500+09:00
Demand Planner,4400.0,9.0,success,False,2026-08-17T23:30:41.257118+09:00
Demand Playbook,,,failed,False,2026-08-18T22:03:44.456415+09:00
Demand Point,30.0,2.0,success,False,2026-08-18T07:43:41.366664+09:00
Demand Portal,50.0,0.0,success,False,2026-08-17T20:43:42.299051+09:00
Demand Preview,,,failed,False,2026-08-28T01:04:51.979139+09:00
Demand Profile,110.0,0.0,success,False,2026-08-19T13:29:15.231319+09:00
Demand Profit,,,failed,False,2026-08-23T02:57:10.108047+09:00
Demand Proposal,,,failed,False,2026-08-28T01:04:54.734993+09:00
Demand Pulse,30.0,3.0,success,False,2026-08-17T20:34:22.385109+09:00
Demand Quota,,,failed,False,2026-08-21T00:27:57.987466+09:00
Demand Radar,20.0,12.0,success,False,2026-08-17T20:47:00.954455+09:00
Demand Rail,,,failed,False,2026-08-17T20:36:47.157974+09:00
Demand Rate,210.0,0.0,success,False,2026-08-19T20:45:37.673361+09:00
Demand Recap,,,failed,False,2026-08-21T01:01:44.513558+09:00
Demand Receipt,30.0,0.0,success,False,2026-08-19T22:06:26.107612+09:00
Demand Recorder,,,failed,False,2026-08-27T23:33:44.180907+09:00
Demand Register,260.0,0.0,success,False,2026-08-17T23:32:15.494443+09:00
Demand Registry,,,failed,False,2026-08-18T22:04:27.693577+09:00
Demand Relay,,,failed,False,2026-08-17T20:45:55.190861+09:00
Demand Reminder,,,failed,False,2026-08-19T21:31:12.885816+09:00
Demand Report,110.0,1.0,success,False,2026-08-19T13:27:45.503275+09:00
Demand Repository,,,failed,False,2026-08-27T23:11:50.094156+09:00
Demand Roadmap,,,failed,False,2026-08-18T22:05:17.781482+09:00
Demand Route,,,failed,False,2026-08-17T20:38:35.163236+09:00
Demand Rule,70.0,0.0,success,False,2026-08-23T03:22:42.501986+09:00
Demand Sale,90.0,1.0,success,False,2026-08-21T02:27:05.386441+09:00
Demand Sample,40.0,0.0,success,False,2026-08-19T22:07:32.899948+09:00
Demand Scale,30.0,4.0,success,False,2026-08-17T20:39:31.272188+09:00
Demand Scanner,,,failed,False,2026-08-27T23:54:10.053801+09:00
Demand Scheduler,,,failed,False,2026-08-17T23:12:58.115072+09:00
Demand Scope,,,failed,False,2026-08-17T20:37:15.920679+09:00
Demand Score,20.0,1.0,success,False,2026-08-19T13:28:41.334086+09:00
Demand Sentry,,,failed,False,2026-08-17T21:39:44.948189+09:00
Demand Sheet,140.0,0.0,success,False,2026-08-19T13:28:19.124767+09:00
Demand Shortfall,10.0,0.0,success,False,2026-08-27T21:46:13.321425+09:00
Demand Signal,390.0,2.0,success,False,2026-08-17T20:39:06.787331+09:00
Demand Signature,,,failed,False,2026-08-23T13:28:15.741943+09:00
Demand Slip,50.0,0.0,success,False,2026-08-19T22:07:21.096531+09:00
Demand Slot,,,failed,False,2026-08-19T22:07:52.466558+09:00
Demand Snapshot,,,failed,False,2026-08-18T22:04:05.188286+09:00
Demand Stake,,,failed,False,2026-08-23T02:57:13.068042+09:00
Demand Statement,70.0,2.0,success,False,2026-08-21T00:27:27.558535+09:00
Demand Station,,,failed,False,2026-08-17T20:47:45.474295+09:00
Demand Status,30.0,0.0,success,False,2026-08-19T20:45:04.260812+09:00
Demand Stub,,,failed,False,2026-08-21T00:27:22.208885+09:00
Demand Studio,70.0,4.0,success,False,2026-08-17T21:31:11.680234+09:00
Demand Subsidy,40.0,0.0,success,False,2026-08-23T15:50:12.078414+09:00
Demand Suite,,,failed,False,2026-08-17T23:11:19.275980+09:00
Demand Sum,,,failed,False,2026-08-21T02:26:47.668193+09:00
Demand Summary,30.0,0.0,success,False,2026-08-19T21:30:59.491804+09:00
Demand Surtax,,,failed,False,2026-08-23T15:50:14.677980+09:00
Demand Sync,,,failed,False,2026-08-17T21:33:56.834131+09:00
Demand Tab,40.0,1.0,success,False,2026-08-21T00:28:13.699286+09:00
Demand Table,170.0,0.0,success,False,2026-08-19T22:06:56.710970+09:00
Demand Tag,,,failed,False,2026-08-19T13:29:00.478751+09:00
Demand Tally,,,failed,False,2026-08-21T00:27:34.970005+09:00
Demand Tariff,110.0,10.0,success,False,2026-08-21T02:42:57.314001+09:00
Demand Tax,170.0,1.0,success,False,2026-08-21T02:11:07.536158+09:00
Demand Ticket,50.0,6.0,success,False,2026-08-19T21:31:29.606643+09:00
Demand Tier,,,failed,False,2026-08-28T00:47:16.982525+09:00
Demand Timeline,,,failed,False,2026-08-19T21:31:07.393138+09:00
Demand Timer,,,failed,False,2026-08-28T00:23:58.859062+09:00
Demand Toll,,,failed,False,2026-08-21T02:42:51.701755+09:00
Demand Toolbox,,,failed,False,2026-08-28T00:24:07.652921+09:00
Demand Toolkit,,,failed,False,2026-08-18T22:03:21.744324+09:00
Demand Total,,,failed,False,2026-08-27T23:11:44.740129+09:00
Demand Tracker,110.0,4.0,success,False,2026-08-17T21:35:00.218033+09:00
Demand Trail,,,failed,False,2026-08-17T20:35:48.969093+09:00
Demand Trend,210.0,2.0,success,False,2026-08-28T01:04:49.164769+09:00
Demand Trial,,,failed,False,2026-08-27T21:13:56.719259+09:00
Demand Unit,90.0,0.0,success,False,2026-08-21T01:54:48.965214+09:00
Demand Update,,,failed,False,2026-08-19T20:45:48.837053+09:00
Demand Vault,,,failed,False,2026-08-17T20:45:09.617976+09:00
Demand Version,10.0,0.0,success,False,2026-08-23T03:22:34.004366+09:00
Demand View,20.0,1.0,success,False,2026-08-19T20:45:10.019254+09:00
Demand Voucher,10.0,0.0,success,False,2026-08-21T00:27:03.794080+09:00
Demand Watch,480.0,17.0,success,False,2026-08-17T20:38:11.520193+09:00
Demand Wave,10.0,0.0,success,False,2026-08-17T20:33:27.108642+09:00
Demand Widget,10.0,,success,False,2026-08-27T23:11:47.149537+09:00
Demand Workbench,10.0,2.0,success,False,2026-08-18T22:03:09.558659+09:00
Demand Workshop,,,failed,False,2026-08-28T00:24:01.160084+09:00
Demand Zone,1900.0,2.0,success,False,2026-08-17T20:44:27.303320+09:00
Demotion Advisory,,,failed,False,2026-08-21T01:21:21.287654+09:00
Demotion Alert,10.0,,success,False,2026-08-21T01:16:42.417120+09:00
Demotion Allowance,,,failed,False,2026-08-21T02:37:01.944995+09:00
Demotion Analyzer,,,failed,False,2026-08-27T23:56:02.652689+09:00
Demotion Announcement,10.0,,success,False,2026-08-27T23:34:22.055868+09:00
Demotion Assistant,,,failed,False,2026-08-21T01:25:36.928384+09:00
Demotion Atlas,,,failed,False,2026-08-21T01:25:12.801163+09:00
Demotion Attribute,,,failed,False,2026-08-23T13:07:04.865387+09:00
Demotion Badge,,,failed,False,2026-08-21T01:20:34.277114+09:00
Demotion Balance,,,failed,False,2026-08-23T13:47:51.726767+09:00
Demotion Base,,,failed,False,2026-08-21T01:23:56.409607+09:00
Demotion Bay,,,failed,False,2026-08-21T01:15:52.243294+09:00
Demotion Beacon,,,failed,False,2026-08-21T01:22:27.198742+09:00
Demotion Bill,10.0,0.0,success,False,2026-08-21T01:19:38.759789+09:00
Demotion Bin,,,failed,False,2026-08-21T01:16:50.383045+09:00
Demotion Board,,,failed,False,2026-08-21T01:23:56.409607+09:00
Demotion Booth,,,failed,False,2026-08-21T01:15:38.767814+09:00
Demotion Bridge,,,failed,False,2026-08-21T01:22:35.639513+09:00
Demotion Brief,,,failed,False,2026-08-21T01:21:10.960024+09:00
Demotion Bulletin,,,failed,False,2026-08-21T01:21:04.299416+09:00
Demotion Cabinet,,,failed,False,2026-08-27T23:12:29.033332+09:00
Demotion Calculator,,,failed,False,2026-08-27T23:34:22.055868+09:00
Demotion Card,,,failed,False,2026-08-21T01:17:43.825232+09:00
Demotion Cascade,,,failed,False,2026-08-21T01:22:33.143231+09:00
Demotion Cash,,,failed,False,2026-08-21T02:29:56.209810+09:00
Demotion Category,,,failed,False,2026-08-23T13:07:02.783000+09:00
Demotion Center,,,failed,False,2026-08-21T01:25:10.989666+09:00
Demotion Chain,,,failed,False,2026-08-21T01:25:12.801163+09:00
Demotion Charge,,,failed,False,2026-08-21T02:36:47.930212+09:00
Demotion Chart,,,failed,False,2026-08-21T01:23:07.832051+09:00
Demotion Check,,,failed,False,2026-08-21T01:17:52.131047+09:00
Demotion Checker,,,failed,False,2026-08-27T23:55:53.687521+09:00
Demotion Circular,,,failed,False,2026-08-21T01:21:13.489274+09:00
Demotion Code,,,failed,False,2026-08-21T01:19:49.395013+09:00
Demotion Companion,,,failed,False,2026-08-21T01:26:02.106014+09:00
Demotion Comparison,,,failed,False,2026-08-28T01:07:13.467074+09:00
Demotion Compass,,,failed,False,2026-08-21T01:22:20.767459+09:00
Demotion Confirmation,,,failed,False,2026-08-21T01:21:31.170741+09:00
Demotion Console,,,failed,False,2026-08-21T01:25:12.801163+09:00
Demotion Core,,,failed,False,2026-08-21T01:23:56.409607+09:00
Demotion Cost,,,failed,False,2026-08-21T02:12:43.354957+09:00
Demotion Count,,,failed,False,2026-08-27T22:46:50.983424+09:00
Demotion Counter,,,failed,False,2026-08-21T01:15:26.988997+09:00
Demotion Deal,,,failed,False,2026-08-21T01:56:16.843249+09:00
Demotion Debt,,,failed,False,2026-08-21T02:29:49.445628+09:00
Demotion Deck,,,failed,False,2026-08-21T01:23:56.409607+09:00
Demotion Desk,,,failed,False,2026-08-21T01:21:56.845957+09:00
Demotion Detail,,,failed,False,2026-08-23T03:17:56.844473+09:00
Demotion Detector,,,failed,False,2026-08-27T23:56:00.047193+09:00
Demotion Directory,,,failed,False,2026-08-21T01:26:35.509450+09:00
Demotion Draft,,,failed,False,2026-08-21T01:19:00.586921+09:00
Demotion Duty,,,failed,False,2026-08-21T02:36:53.900229+09:00
Demotion Engine,,,failed,False,2026-08-21T01:25:45.514354+09:00
Demotion Entry,,,failed,False,2026-08-21T01:21:39.994879+09:00
Demotion Estimate,,,failed,False,2026-08-21T01:19:29.603335+09:00
Demotion Estimator,,,failed,False,2026-08-27T23:55:48.344302+09:00
Demotion Fare,,,failed,False,2026-08-21T02:12:54.787375+09:00
Demotion Fee,,,failed,False,2026-08-21T01:56:01.200736+09:00
Demotion Feed,,,failed,False,2026-08-21T01:18:56.365360+09:00
Demotion File,,,failed,False,2026-08-21T01:18:34.503460+09:00
Demotion Fine,,,failed,False,2026-08-23T02:53:30.954147+09:00
Demotion Flow,,,failed,False,2026-08-21T01:21:49.678224+09:00
Demotion Forge,,,failed,False,2026-08-21T01:22:29.239348+09:00
Demotion Form,20.0,0.0,success,False,2026-08-21T01:17:41.245351+09:00
Demotion Format,,,failed,False,2026-08-23T13:07:07.950459+09:00
Demotion Frame,,,failed,False,2026-08-21T01:23:56.409607+09:00
Demotion Fund,,,failed,False,2026-08-21T02:29:53.730886+09:00
Demotion Gate,,,failed,False,2026-08-21T01:25:12.801163+09:00
Demotion Generator,,,failed,False,2026-08-27T23:34:22.055868+09:00
Demotion Graph,,,failed,False,2026-08-27T22:07:27.719925+09:00
Demotion Grid,,,failed,False,2026-08-21T01:23:01.482269+09:00
Demotion Guarantee,,,failed,False,2026-08-28T01:07:22.099845+09:00
Demotion Guardian,,,failed,False,2026-08-28T00:25:29.232687+09:00
Demotion Helpdesk,,,failed,False,2026-08-27T22:46:56.250105+09:00
Demotion Helper,,,failed,False,2026-08-28T00:25:34.855882+09:00
Demotion History,,,failed,False,2026-08-21T01:18:29.664706+09:00
Demotion Hub,,,failed,False,2026-08-21T01:21:51.595086+09:00
Demotion Identifier,,,failed,False,2026-08-23T13:07:00.691919+09:00
Demotion Inbox,,,failed,False,2026-08-21T01:16:36.813672+09:00
Demotion Index,,,failed,False,2026-08-21T01:19:23.070915+09:00
Demotion Item,,,failed,False,2026-08-21T01:56:03.758206+09:00
Demotion Journal,,,failed,False,2026-08-21T01:26:19.673494+09:00
Demotion Keeper,,,failed,False,2026-08-21T01:25:39.259226+09:00
Demotion Lab,,,failed,False,2026-08-21T01:25:10.989666+09:00
Demotion Label,,,failed,False,2026-08-27T22:07:30.403670+09:00
Demotion Ledger,,,failed,False,2026-08-21T01:23:56.409607+09:00
Demotion Level,,,failed,False,2026-08-21T01:18:39.603435+09:00
Demotion Levy,,,failed,False,2026-08-23T13:47:56.055627+09:00
Demotion Line,,,failed,False,2026-08-21T01:17:14.231029+09:00
Demotion Link,,,failed,False,2026-08-23T03:17:50.653872+09:00
Demotion List,10.0,0.0,success,False,2026-08-21T01:19:54.964370+09:00
Demotion Loan,,,failed,False,2026-08-21T02:12:59.494269+09:00
Demotion Lobby,,,failed,False,2026-08-21T01:23:07.832051+09:00
Demotion Locator,,,failed,False,2026-08-21T01:26:44.593664+09:00
Demotion Locker,,,failed,False,2026-08-21T01:15:31.943617+09:00
Demotion Log,,,failed,False,2026-08-21T01:17:36.062470+09:00
Demotion Loop,,,failed,False,2026-08-21T01:22:58.534719+09:00
Demotion Manager,,,failed,False,2026-08-21T01:25:27.220112+09:00
Demotion Manual,,,failed,False,2026-08-27T22:07:37.591593+09:00
Demotion Map,,,failed,False,2026-08-21T01:23:27.807599+09:00
Demotion Margin,,,failed,False,2026-08-23T02:53:27.977389+09:00
Demotion Memo,,,failed,False,2026-08-21T01:20:45.332631+09:00
Demotion Message,,,failed,False,2026-08-27T23:12:19.702811+09:00
Demotion Monitor,,,failed,False,2026-08-21T01:26:01.379135+09:00
Demotion Nexus,,,failed,False,2026-08-21T01:25:12.801163+09:00
Demotion Note,,,failed,False,2026-08-21T01:17:59.788687+09:00
Demotion Notification,,,failed,False,2026-08-27T22:46:42.853394+09:00
Demotion Number,,,failed,False,2026-08-23T03:17:39.480043+09:00
Demotion Office,,,failed,False,2026-08-21T01:15:25.336646+09:00
Demotion Ops,,,failed,False,2026-08-21T01:26:13.869304+09:00
Demotion Order,30.0,0.0,success,False,2026-08-21T01:19:35.649490+09:00
Demotion Outpost,,,failed,False,2026-08-21T01:16:00.251742+09:00
Demotion Overdue,,,failed,False,2026-08-27T21:46:06.267558+09:00
Demotion Panel,,,failed,False,2026-08-21T01:25:12.801163+09:00
Demotion Pass,,,failed,False,2026-08-21T01:20:20.986675+09:00
Demotion Passport,,,failed,False,2026-08-21T01:16:56.595304+09:00
Demotion Path,,,failed,False,2026-08-21T01:23:13.753288+09:00
Demotion Petition,,,failed,False,2026-08-21T01:21:25.005948+09:00
Demotion Plan,,,failed,False,2026-08-21T01:56:12.510800+09:00
Demotion Planner,,,failed,False,2026-08-21T01:25:53.521014+09:00
Demotion Playbook,,,failed,False,2026-08-21T01:26:17.676069+09:00
Demotion Plaza,,,failed,False,2026-08-21T01:16:08.180396+09:00
Demotion Point,,,failed,False,2026-08-21T01:35:15.414244+09:00
Demotion Portal,,,failed,False,2026-08-21T01:25:12.801163+09:00
Demotion Post,,,failed,False,2026-08-21T01:15:57.558147+09:00
Demotion Preview,,,failed,False,2026-08-28T01:07:16.006245+09:00
Demotion Profile,,,failed,False,2026-08-21T01:18:13.374383+09:00
Demotion Profit,,,failed,False,2026-08-23T02:53:19.802959+09:00
Demotion Proposal,,,failed,False,2026-08-28T01:07:19.474773+09:00
Demotion Quota,,,failed,False,2026-08-21T01:20:51.576504+09:00
Demotion Radar,,,failed,False,2026-08-21T01:22:01.103254+09:00
Demotion Rail,,,failed,False,2026-08-21T01:25:12.801163+09:00
Demotion Rate,,,failed,False,2026-08-21T01:18:42.442648+09:00
Demotion Recap,,,failed,False,2026-08-21T01:21:34.003833+09:00
Demotion Receipt,,,failed,False,2026-08-21T01:19:45.031880+09:00
Demotion Register,,,failed,False,2026-08-21T01:26:08.809687+09:00
Demotion Relay,,,failed,False,2026-08-21T01:22:03.238360+09:00
Demotion Reminder,,,failed,False,2026-08-21T01:19:16.110446+09:00
Demotion Report,,,failed,False,2026-08-21T01:17:30.839165+09:00
Demotion Repository,,,failed,False,2026-08-27T23:12:32.092351+09:00
Demotion Result,,,failed,False,2026-08-28T00:48:02.582128+09:00
Demotion Ring,,,failed,False,2026-08-21T01:25:12.801163+09:00
Demotion Roll,,,failed,False,2026-08-21T01:17:24.597618+09:00
Demotion Roster,,,failed,False,2026-08-21T01:16:32.710448+09:00
Demotion Route,,,failed,False,2026-08-21T01:25:12.801163+09:00
Demotion Rule,,,failed,False,2026-08-23T03:17:54.192615+09:00
Demotion Sale,0.0,,success,False,2026-08-21T02:30:00.318623+09:00
Demotion Sample,,,failed,False,2026-08-21T01:20:09.112300+09:00
Demotion Scale,,,failed,False,2026-08-21T01:25:12.801163+09:00
Demotion Scanner,,,failed,False,2026-08-27T23:56:00.047193+09:00
Demotion Scope,,,failed,False,2026-08-21T01:22:55.105207+09:00
Demotion Score,,,failed,False,2026-08-21T01:17:57.482592+09:00
Demotion Sheet,,,failed,False,2026-08-21T01:17:49.809423+09:00
Demotion Shelf,,,failed,False,2026-08-21T01:16:26.293455+09:00
Demotion Signal,,,failed,False,2026-08-21T01:22:43.322610+09:00
Demotion Signature,,,failed,False,2026-08-23T13:27:51.587934+09:00
Demotion Slip,,,failed,False,2026-08-21T01:20:03.244208+09:00
Demotion Slot,,,failed,False,2026-08-21T01:20:10.961863+09:00
Demotion Stage,,,failed,False,2026-08-28T00:47:59.038217+09:00
Demotion Stake,,,failed,False,2026-08-23T02:53:25.456581+09:00
Demotion Statement,,,failed,False,2026-08-21T01:20:42.577799+09:00
Demotion Station,,,failed,False,2026-08-21T01:25:10.989666+09:00
Demotion Status,,,failed,False,2026-08-21T01:18:16.729979+09:00
Demotion Stub,,,failed,False,2026-08-21T01:20:36.811619+09:00
Demotion Studio,,,failed,False,2026-08-21T01:23:56.409607+09:00
Demotion Sum,,,failed,False,2026-08-21T02:29:47.040271+09:00
Demotion Summary,,,failed,False,2026-08-21T01:19:07.466825+09:00
Demotion Tab,,,failed,False,2026-08-21T01:20:57.396338+09:00
Demotion Table,,,failed,False,2026-08-21T01:20:01.120246+09:00
Demotion Tag,,,failed,False,2026-08-21T01:18:06.634708+09:00
Demotion Tariff,,,failed,False,2026-08-21T02:37:05.084488+09:00
Demotion Tax,,,failed,False,2026-08-21T02:12:59.494269+09:00
Demotion Terminal,,,failed,False,2026-08-21T01:25:10.989666+09:00
Demotion Ticker,,,failed,False,2026-08-21T01:17:06.015996+09:00
Demotion Ticket,,,failed,False,2026-08-21T01:21:05.247176+09:00
Demotion Timeline,,,failed,False,2026-08-21T01:19:09.689487+09:00
Demotion Toll,,,failed,False,2026-08-21T02:36:58.611410+09:00
Demotion Toolbox,,,failed,False,2026-08-28T00:25:31.999960+09:00
Demotion Total,,,failed,False,2026-08-27T23:12:19.702811+09:00
Demotion Tower,,,failed,False,2026-08-21T01:16:18.467523+09:00
Demotion Tracker,,,failed,False,2026-08-21T01:21:42.147576+09:00
Demotion Trail,,,failed,False,2026-08-21T01:25:12.801163+09:00
Demotion Trend,,,failed,False,2026-08-28T01:07:13.467074+09:00
Demotion Trial,,,failed,False,2026-08-27T21:13:18.101351+09:00
Demotion Unit,,,failed,False,2026-08-21T01:56:06.760187+09:00
Demotion Update,,,failed,False,2026-08-21T01:18:50.592866+09:00
Demotion Value,,,failed,False,2026-08-23T02:53:22.590239+09:00
Demotion Vault,,,failed,False,2026-08-21T01:22:09.935224+09:00
Demotion Version,,,failed,False,2026-08-23T03:17:46.671515+09:00
Demotion View,,,failed,False,2026-08-21T01:18:21.687046+09:00
Demotion Voucher,,,failed,False,2026-08-21T01:20:28.588615+09:00
Demotion Watch,,,failed,False,2026-08-21T01:22:48.599352+09:00
Demotion Wave,,,failed,False,2026-08-21T01:23:09.410692+09:00
Demotion Widget,,,failed,False,2026-08-27T23:12:25.065400+09:00
Demotion Window,,,failed,False,2026-08-21T01:17:22.537676+09:00
Demotion Worksheet,,,failed,False,2026-08-27T22:07:37.591593+09:00
Demotion Yard,,,failed,False,2026-08-21T01:15:46.981049+09:00
Demotion Zone,210.0,0.0,success,False,2026-08-21T01:25:10.989666+09:00
Dependent Advance,,,failed,False,2026-08-23T16:15:33.574414+09:00
Dependent Advisory,,,failed,False,2026-08-21T01:18:31.327971+09:00
Dependent Alert,,,failed,False,2026-08-21T01:25:37.604117+09:00
Dependent Allowance,720.0,3.0,success,False,2026-08-21T02:43:40.530663+09:00
Dependent Analyzer,,,failed,False,2026-08-27T23:53:51.631383+09:00
Dependent Arrears,,,failed,False,2026-08-23T16:15:31.472081+09:00
Dependent Assistant,,,failed,False,2026-08-21T01:22:59.410874+09:00
Dependent Atlas,,,failed,False,2026-08-21T01:22:38.712146+09:00
Dependent Badge,,,failed,False,2026-08-21T01:17:43.825232+09:00
Dependent Base,,,failed,False,2026-08-21T01:20:48.632862+09:00
Dependent Bay,,,failed,False,2026-08-21T01:24:44.835275+09:00
Dependent Beacon,,,failed,False,2026-08-21T01:19:35.649490+09:00
Dependent Bill,10.0,0.0,success,False,2026-08-21T01:16:53.151150+09:00
Dependent Bin,,,failed,False,2026-08-21T01:25:28.581838+09:00
Dependent Board,,,failed,False,2026-08-21T01:21:04.299416+09:00
Dependent Booth,,,failed,False,2026-08-21T01:24:25.353806+09:00
Dependent Bridge,,,failed,False,2026-08-21T01:19:51.249504+09:00
Dependent Brief,,,failed,False,2026-08-21T01:18:19.084511+09:00
Dependent Bulletin,,,failed,False,2026-08-21T01:18:13.948377+09:00
Dependent Card,1000.0,0.0,success,True,2026-08-21T01:26:22.503532+09:00
Dependent Cascade,,,failed,False,2026-08-21T01:21:07.466451+09:00
Dependent Cash,,,failed,False,2026-08-21T02:26:59.463760+09:00
Dependent Center,,,failed,False,2026-08-21T01:21:34.003833+09:00
Dependent Chain,,,failed,False,2026-08-21T01:22:20.767459+09:00
Dependent Charge,,,failed,False,2026-08-21T02:43:30.904154+09:00
Dependent Chart,3600.0,2.0,success,False,2026-08-21T01:25:39.259226+09:00
Dependent Check,1900.0,21.0,success,False,2026-08-21T01:26:31.620928+09:00
Dependent Checker,,,failed,False,2026-08-27T23:53:39.725939+09:00
Dependent Circular,,,failed,False,2026-08-21T01:18:23.588658+09:00
Dependent Code,70.0,0.0,success,False,2026-08-21T01:17:02.274965+09:00
Dependent Companion,,,failed,False,2026-08-21T01:23:24.077688+09:00
Dependent Comparison,,,failed,False,2026-08-28T01:05:17.423675+09:00
Dependent Compass,,,failed,False,2026-08-21T01:19:32.138069+09:00
Dependent Confirmation,,,failed,False,2026-08-21T01:18:40.477010+09:00
Dependent Console,,,failed,False,2026-08-21T01:21:49.678224+09:00
Dependent Contribution,,,failed,False,2026-08-23T16:15:31.472081+09:00
Dependent Copayment,,,failed,False,2026-08-23T16:39:43.377708+09:00
Dependent Core,,,failed,False,2026-08-21T01:20:51.576504+09:00
Dependent Cost,30.0,0.0,success,False,2026-08-21T02:10:00.502849+09:00
Dependent Count,10.0,0.0,success,False,2026-08-27T22:44:39.489901+09:00
Dependent Counter,,,failed,False,2026-08-21T01:24:17.387114+09:00
Dependent Deal,,,failed,False,2026-08-21T01:52:45.246437+09:00
Dependent Debt,,,failed,False,2026-08-21T02:26:47.668193+09:00
Dependent Deck,,,failed,False,2026-08-21T01:21:10.960024+09:00
Dependent Desk,,,failed,False,2026-08-21T01:19:12.546892+09:00
Dependent Detail,590.0,0.0,success,False,2026-08-23T03:14:42.643964+09:00
Dependent Detector,,,failed,False,2026-08-27T23:53:48.068906+09:00
Dependent Directory,,,failed,False,2026-08-21T01:24:10.673777+09:00
Dependent Discount,,,failed,False,2026-08-23T16:15:25.443589+09:00
Dependent Downpayment,,,failed,False,2026-08-27T21:50:02.290136+09:00
Dependent Draft,,,failed,False,2026-08-21T01:16:10.496497+09:00
Dependent Due,,,failed,False,2026-08-23T15:52:02.827883+09:00
Dependent Duty,,,failed,False,2026-08-21T02:43:35.121601+09:00
Dependent Engine,,,failed,False,2026-08-21T01:22:55.105207+09:00
Dependent Entry,,,failed,False,2026-08-21T01:18:50.592866+09:00
Dependent Estimate,,,failed,False,2026-08-21T01:16:42.417120+09:00
Dependent Estimator,,,failed,False,2026-08-27T23:53:36.797572+09:00
Dependent Extension,,,failed,False,2026-08-23T16:39:45.505448+09:00
Dependent Fare,,,failed,False,2026-08-21T02:10:09.458176+09:00
Dependent Fee,110.0,0.0,success,False,2026-08-21T01:52:23.674188+09:00
Dependent Feed,,,failed,False,2026-08-21T01:16:05.290341+09:00
Dependent File,110.0,6.0,success,False,2026-08-21T01:15:44.374236+09:00
Dependent Finder,,,failed,False,2026-08-21T01:35:15.414244+09:00
Dependent Fine,,,failed,False,2026-08-23T02:58:06.031542+09:00
Dependent Flow,,,failed,False,2026-08-21T01:19:03.432303+09:00
Dependent Forge,,,failed,False,2026-08-21T01:19:41.393995+09:00
Dependent Form,390.0,0.0,success,False,2026-08-21T01:26:17.676069+09:00
Dependent Format,,,failed,False,2026-08-23T13:05:39.073326+09:00
Dependent Frame,,,failed,False,2026-08-21T01:20:42.577799+09:00
Dependent Fund,,,failed,False,2026-08-21T02:26:53.610271+09:00
Dependent Gate,,,failed,False,2026-08-21T01:22:31.268942+09:00
Dependent Graph,90.0,0.0,success,False,2026-08-27T22:14:28.911513+09:00
Dependent Grid,,,failed,False,2026-08-21T01:20:18.165253+09:00
Dependent Guarantee,10.0,,success,False,2026-08-28T01:05:26.346049+09:00
Dependent Guardian,,,failed,False,2026-08-28T00:23:58.859062+09:00
Dependent Helpdesk,,,failed,False,2026-08-27T22:44:43.447057+09:00
Dependent Helper,,,failed,False,2026-08-28T00:24:03.733784+09:00
Dependent History,,,failed,False,2026-08-21T01:15:38.767814+09:00
Dependent Hub,,,failed,False,2026-08-21T01:19:07.466825+09:00
Dependent Identifier,,,failed,False,2026-08-23T13:05:32.456522+09:00
Dependent Inbox,,,failed,False,2026-08-21T01:25:37.604117+09:00
Dependent Index,,,failed,False,2026-08-21T01:16:32.710448+09:00
Dependent Installment,,,failed,False,2026-08-23T16:15:27.627511+09:00
Dependent Item,20.0,0.0,success,False,2026-08-21T01:52:30.422416+09:00
Dependent Journal,,,failed,False,2026-08-21T01:24:10.673777+09:00
Dependent Keeper,,,failed,False,2026-08-21T01:22:46.544366+09:00
Dependent Lab,,,failed,False,2026-08-21T01:21:22.199165+09:00
Dependent Label,20.0,0.0,success,False,2026-08-27T22:14:32.870267+09:00
Dependent Ledger,,,failed,False,2026-08-21T01:20:58.036999+09:00
Dependent Level,,,failed,False,2026-08-21T01:15:49.368632+09:00
Dependent Line,170.0,0.0,success,False,2026-08-21T01:25:58.145790+09:00
Dependent Link,,,failed,False,2026-08-23T03:24:46.219726+09:00
Dependent List,70.0,0.0,success,False,2026-08-21T01:23:07.832051+09:00
Dependent Loan,,,failed,False,2026-08-21T02:10:17.497387+09:00
Dependent Lobby,,,failed,False,2026-08-21T01:25:38.275036+09:00
Dependent Locator,,,failed,False,2026-08-21T01:24:10.673777+09:00
Dependent Locker,,,failed,False,2026-08-21T01:24:20.816528+09:00
Dependent Log,,,failed,False,2026-08-21T01:26:13.869304+09:00
Dependent Loop,480.0,0.0,success,False,2026-08-21T01:20:09.112300+09:00
Dependent Manager,,,failed,False,2026-08-21T01:22:48.599352+09:00
Dependent Manual,,,failed,False,2026-08-27T22:14:35.571737+09:00
Dependent Map,,,failed,False,2026-08-21T01:21:07.466451+09:00
Dependent Margin,,,failed,False,2026-08-23T02:58:03.774409+09:00
Dependent Memo,,,failed,False,2026-08-21T01:17:57.482592+09:00
Dependent Message,,,failed,False,2026-08-27T23:10:40.131699+09:00
Dependent Monitor,,,failed,False,2026-08-21T01:24:10.673777+09:00
Dependent Nexus,,,failed,False,2026-08-21T01:22:36.440068+09:00
Dependent Note,,,failed,False,2026-08-21T01:26:44.593664+09:00
Dependent Notification,,,failed,False,2026-08-27T22:44:33.124302+09:00
Dependent Number,1000.0,0.0,success,True,2026-08-23T03:24:40.640287+09:00
Dependent Office,,,failed,False,2026-08-21T01:24:13.003010+09:00
Dependent Ops,,,failed,False,2026-08-21T01:24:10.673777+09:00
Dependent Order,,,failed,False,2026-08-21T01:16:47.227660+09:00
Dependent Outpost,,,failed,False,2026-08-21T01:35:15.414244+09:00
Dependent Overage,,,failed,False,2026-08-27T21:50:00.180912+09:00
Dependent Overdue,,,failed,False,2026-08-27T21:49:55.360701+09:00
Dependent Panel,,,failed,False,2026-08-21T01:21:53.775872+09:00
Dependent Pass,2400.0,1.0,success,False,2026-08-21T01:17:36.062470+09:00
Dependent Passport,50.0,3.0,success,False,2026-08-21T01:25:45.514354+09:00
Dependent Path,,,failed,False,2026-08-21T01:20:28.588615+09:00
Dependent Payoff,,,failed,False,2026-08-27T21:49:57.609346+09:00
Dependent Petition,,,failed,False,2026-08-21T01:18:36.012476+09:00
Dependent Plan,,,failed,False,2026-08-21T01:52:40.677259+09:00
Dependent Planner,,,failed,False,2026-08-21T01:23:05.026470+09:00
Dependent Playbook,,,failed,False,2026-08-21T01:24:10.673777+09:00
Dependent Plaza,,,failed,False,2026-08-21T01:35:15.414244+09:00
Dependent Point,,,failed,False,2026-08-21T01:20:34.277114+09:00
Dependent Portal,,,failed,False,2026-08-21T01:21:46.110216+09:00
Dependent Post,,,failed,False,2026-08-21T01:24:47.056451+09:00
Dependent Preview,,,failed,False,2026-08-28T01:05:20.139067+09:00
Dependent Profile,,,failed,False,2026-08-21T01:15:25.336646+09:00
Dependent Proposal,,,failed,False,2026-08-28T01:05:22.748209+09:00
Dependent Quota,10.0,0.0,success,False,2026-08-21T01:18:04.111706+09:00
Dependent Radar,,,failed,False,2026-08-21T01:19:18.289018+09:00
Dependent Rail,,,failed,False,2026-08-21T01:22:07.036293+09:00
Dependent Rate,14800.0,0.0,success,True,2026-08-21T01:15:52.922484+09:00
Dependent Recap,,,failed,False,2026-08-21T01:18:44.582130+09:00
Dependent Receipt,,,failed,False,2026-08-21T01:16:56.595304+09:00
Dependent Recorder,,,failed,False,2026-08-27T23:33:24.139257+09:00
Dependent Register,,,failed,False,2026-08-21T01:24:10.673777+09:00
Dependent Relay,,,failed,False,2026-08-21T01:19:23.070915+09:00
Dependent Reminder,,,failed,False,2026-08-21T01:16:26.293455+09:00
Dependent Report,,,failed,False,2026-08-21T01:26:12.180385+09:00
Dependent Repository,,,failed,False,2026-08-27T23:10:47.155079+09:00
Dependent Ring,,,failed,False,2026-08-21T01:22:27.198742+09:00
Dependent Roll,,,failed,False,2026-08-21T01:26:04.709927+09:00
Dependent Roster,,,failed,False,2026-08-21T01:25:37.604117+09:00
Dependent Route,,,failed,False,2026-08-21T01:22:01.103254+09:00
Dependent Rule,390.0,0.0,success,False,2026-08-23T03:24:46.219726+09:00
Dependent Sale,,,failed,False,2026-08-21T02:27:02.067893+09:00
Dependent Sample,260.0,25.0,success,False,2026-08-21T01:17:27.975074+09:00
Dependent Scale,,,failed,False,2026-08-21T01:21:58.318065+09:00
Dependent Scanner,,,failed,False,2026-08-27T23:53:42.609151+09:00
Dependent Scope,10.0,0.0,success,False,2026-08-21T01:20:05.793508+09:00
Dependent Score,,,failed,False,2026-08-21T01:26:35.509450+09:00
Dependent Sheet,,,failed,False,2026-08-21T01:26:25.836028+09:00
Dependent Shelf,,,failed,False,2026-08-21T01:25:07.930638+09:00
Dependent Shortfall,,,failed,False,2026-08-27T21:50:04.473862+09:00
Dependent Signal,,,failed,False,2026-08-21T01:19:54.964370+09:00
Dependent Slip,,,failed,False,2026-08-21T01:17:22.537676+09:00
Dependent Slot,,,failed,False,2026-08-21T01:17:30.839165+09:00
Dependent Stake,,,failed,False,2026-08-23T02:58:01.593171+09:00
Dependent Statement,50.0,0.0,success,False,2026-08-21T01:17:54.187315+09:00
Dependent Station,,,failed,False,2026-08-21T01:21:27.496774+09:00
Dependent Status,590.0,0.0,success,False,2026-08-21T01:15:30.378271+09:00
Dependent Stipend,,,failed,False,2026-08-23T13:46:59.316345+09:00
Dependent Stub,,,failed,False,2026-08-21T01:17:49.809423+09:00
Dependent Studio,,,failed,False,2026-08-21T01:21:16.120431+09:00
Dependent Subsidy,,,failed,False,2026-08-23T15:52:04.916947+09:00
Dependent Sum,20.0,0.0,success,False,2026-08-21T02:26:43.792522+09:00
Dependent Summary,,,failed,False,2026-08-21T01:16:15.267590+09:00
Dependent Tab,,,failed,False,2026-08-21T01:18:06.634708+09:00
Dependent Table,170.0,0.0,success,False,2026-08-21T01:17:14.231029+09:00
Dependent Tag,,,failed,False,2026-08-21T01:26:47.452980+09:00
Dependent Tariff,,,failed,False,2026-08-21T02:43:44.053859+09:00
Dependent Tax,4400.0,1.0,success,False,2026-08-21T02:10:13.973101+09:00
Dependent Terminal,,,failed,False,2026-08-21T01:23:16.298800+09:00
Dependent Ticker,,,failed,False,2026-08-21T01:25:53.521014+09:00
Dependent Ticket,,,failed,False,2026-08-21T01:16:40.172400+09:00
Dependent Timeline,,,failed,False,2026-08-21T01:16:22.039842+09:00
Dependent Timer,,,failed,False,2026-08-28T00:23:53.902588+09:00
Dependent Toll,,,failed,False,2026-08-21T02:43:37.252901+09:00
Dependent Toolbox,,,failed,False,2026-08-28T00:24:01.160084+09:00
Dependent Total,10.0,0.0,success,False,2026-08-27T23:10:40.131699+09:00
Dependent Tower,,,failed,False,2026-08-21T01:25:03.878404+09:00
Dependent Tracker,,,failed,False,2026-08-21T01:18:56.365360+09:00
Dependent Trail,,,failed,False,2026-08-21T01:22:16.671736+09:00
Dependent Trend,,,failed,False,2026-08-28T01:05:17.423675+09:00
Dependent Trial,,,failed,False,2026-08-27T21:19:05.213789+09:00
Dependent Unit,10.0,0.0,success,False,2026-08-21T01:52:34.182425+09:00
Dependent Update,10.0,0.0,success,False,2026-08-21T01:15:58.855612+09:00
Dependent Value,140.0,0.0,success,False,2026-08-23T02:57:59.639367+09:00
Dependent Vault,,,failed,False,2026-08-21T01:19:27.364478+09:00
Dependent Version,,,failed,False,2026-08-23T03:24:42.957554+09:00
Dependent View,,,failed,False,2026-08-21T01:15:34.329365+09:00
Dependent Voucher,,,failed,False,2026-08-21T01:17:41.245351+09:00
Dependent Watch,,,failed,False,2026-08-21T01:20:01.120246+09:00
Dependent Wave,,,failed,False,2026-08-21T01:20:23.926123+09:00
Dependent Widget,,,failed,False,2026-08-27T23:10:42.851763+09:00
Dependent Window,,,failed,False,2026-08-21T01:26:01.379135+09:00
Dependent Worksheet,70.0,0.0,success,False,2026-08-27T22:14:38.233626+09:00
Dependent Workshop,,,failed,False,2026-08-28T00:23:56.463149+09:00
Dependent Yard,,,failed,False,2026-08-21T01:24:33.847860+09:00
Dependent Zone,,,failed,False,2026-08-21T01:21:39.994879+09:00
Deployment Advisory,,,failed,False,2026-08-21T01:07:47.643040+09:00
Deployment Allowance,30.0,0.0,success,False,2026-08-21T02:44:28.484946+09:00
Deployment Almanac,,,failed,False,2026-08-18T22:11:32.522772+09:00
Deployment Analyzer,,,failed,False,2026-08-27T23:58:55.210944+09:00
Deployment Anchor,,,failed,False,2026-08-17T20:36:00.761105+09:00
Deployment Announcement,10.0,0.0,success,False,2026-08-27T23:36:36.607319+09:00
Deployment Asset,,,failed,False,2026-08-23T13:48:19.972957+09:00
Deployment Assistant,70.0,2.0,success,False,2026-08-17T23:07:47.336176+09:00
Deployment Atlas,,,failed,False,2026-08-17T21:35:46.466784+09:00
Deployment Attribute,,,failed,False,2026-08-23T13:09:32.906091+09:00
Deployment Base,,,failed,False,2026-08-17T21:31:59.895065+09:00
Deployment Beacon,,,failed,False,2026-08-17T20:39:41.640400+09:00
Deployment Bill,,,failed,False,2026-08-19T22:02:37.152847+09:00
Deployment Blueprint,,,failed,False,2026-08-18T22:11:21.547380+09:00
Deployment Board,320.0,0.0,success,False,2026-08-17T20:47:16.621554+09:00
Deployment Book,70.0,53.0,success,False,2026-08-19T22:03:26.204468+09:00
Deployment Bridge,,,failed,False,2026-08-17T20:36:59.320935+09:00
Deployment Brief,,,failed,False,2026-08-21T01:07:41.387893+09:00
Deployment Bulletin,,,failed,False,2026-08-21T01:07:35.741700+09:00
Deployment Calculator,480.0,0.0,success,False,2026-08-27T23:36:40.825682+09:00
Deployment Calendar,90.0,15.0,success,False,2026-08-19T00:02:24.547164+09:00
Deployment Card,70.0,48.0,success,False,2026-08-19T13:35:23.963790+09:00
Deployment Cascade,,,failed,False,2026-08-17T20:37:58.727524+09:00
Deployment Cash,,,failed,False,2026-08-21T02:29:40.223505+09:00
Deployment Category,,,failed,False,2026-08-23T13:09:30.268446+09:00
Deployment Center,390.0,3.0,success,False,2026-08-17T20:41:46.079279+09:00
Deployment Chain,10.0,33.0,success,False,2026-08-18T07:52:15.038723+09:00
Deployment Charge,40.0,5.0,success,False,2026-08-21T02:44:16.067023+09:00
Deployment Check,20.0,0.0,success,False,2026-08-19T13:35:50.277889+09:00
Deployment Checker,,,failed,False,2026-08-27T23:58:48.183628+09:00
Deployment Checklist,390.0,2.0,success,False,2026-08-19T21:20:03.565098+09:00
Deployment Circular,,,failed,False,2026-08-21T01:07:43.373010+09:00
Deployment Cockpit,,,failed,False,2026-08-17T23:30:05.459796+09:00
Deployment Code,390.0,20.0,success,False,2026-08-19T22:02:59.053365+09:00
Deployment Codex,,,failed,False,2026-08-18T22:11:47.554399+09:00
Deployment Companion,,,failed,False,2026-08-17T23:05:39.217461+09:00
Deployment Comparison,,,failed,False,2026-08-28T01:08:35.196750+09:00
Deployment Compass,,,failed,False,2026-08-17T20:40:32.567080+09:00
Deployment Compendium,,,failed,False,2026-08-18T22:11:41.345427+09:00
Deployment Confirmation,,,failed,False,2026-08-21T01:07:54.087465+09:00
Deployment Console,10.0,1.0,success,False,2026-08-17T20:39:15.324728+09:00
Deployment Core,,,failed,False,2026-08-17T21:30:50.388708+09:00
Deployment Cost,70.0,2.0,success,False,2026-08-21T02:14:02.511057+09:00
Deployment Count,,,failed,False,2026-08-27T22:51:00.093213+09:00
Deployment Counter,10.0,0.0,success,False,2026-08-19T00:03:06.405993+09:00
Deployment Dashboard,140.0,17.0,success,False,2026-08-17T23:11:08.683373+09:00
Deployment Deal,,,failed,False,2026-08-21T01:58:56.625492+09:00
Deployment Debt,,,failed,False,2026-08-21T02:29:31.555266+09:00
Deployment Deck,,,failed,False,2026-08-17T20:46:04.855118+09:00
Deployment Depot,,,failed,False,2026-08-19T00:02:56.248931+09:00
Deployment Desk,,,failed,False,2026-08-17T20:43:55.064759+09:00
Deployment Detail,,,failed,False,2026-08-23T03:23:37.132752+09:00
Deployment Detector,,,failed,False,2026-08-27T23:58:52.704840+09:00
Deployment Diagram,14800.0,1.0,success,False,2026-08-27T22:14:48.502479+09:00
Deployment Dial,,,failed,False,2026-08-17T20:37:26.547523+09:00
Deployment Digest,,,failed,False,2026-08-19T20:47:22.248072+09:00
Deployment Directory,10.0,0.0,success,False,2026-08-19T00:02:30.122335+09:00
Deployment Dock,,,failed,False,2026-08-17T20:33:42.611240+09:00
Deployment Dossier,,,failed,False,2026-08-21T01:07:58.607843+09:00
Deployment Downpayment,,,failed,False,2026-08-27T21:50:10.340173+09:00
Deployment Draft,,,failed,False,2026-08-19T20:47:33.785997+09:00
Deployment Due,,,failed,False,2026-08-23T15:52:52.908788+09:00
Deployment Duty,,,failed,False,2026-08-21T02:44:18.914187+09:00
Deployment Engine,10.0,14.0,success,False,2026-08-17T23:28:54.506937+09:00
Deployment Entry,,,failed,False,2026-08-21T01:08:10.104042+09:00
Deployment Estimate,,,failed,False,2026-08-19T21:32:32.734528+09:00
Deployment Estimator,,,failed,False,2026-08-27T23:58:45.722079+09:00
Deployment Excerpt,,,failed,False,2026-08-21T01:08:06.645069+09:00
Deployment Fare,,,failed,False,2026-08-21T02:14:10.459291+09:00
Deployment Fee,40.0,0.0,success,False,2026-08-21T01:58:41.656184+09:00
Deployment Feed,,,failed,False,2026-08-19T20:47:28.016879+09:00
Deployment Field,,,failed,False,2026-08-23T13:09:32.906091+09:00
Deployment File,140.0,6.0,success,False,2026-08-19T20:46:58.036522+09:00
Deployment Finder,,,failed,False,2026-08-19T00:02:45.246378+09:00
Deployment Fine,,,failed,False,2026-08-23T02:58:01.593171+09:00
Deployment Flag,880.0,89.0,success,False,2026-08-21T00:35:19.738516+09:00
Deployment Flow,260.0,5.0,success,False,2026-08-17T20:46:42.242736+09:00
Deployment Forge,,,failed,False,2026-08-17T20:38:46.053243+09:00
Deployment Form,110.0,2.0,success,False,2026-08-19T13:35:17.832639+09:00
Deployment Format,110.0,2.0,success,False,2026-08-23T13:09:35.316031+09:00
Deployment Frame,,,failed,False,2026-08-17T21:33:10.630129+09:00
Deployment Fund,,,failed,False,2026-08-21T02:29:36.697010+09:00
Deployment Gate,,,failed,False,2026-08-17T21:37:57.485180+09:00
Deployment Generator,,,failed,False,2026-08-27T23:36:40.825682+09:00
Deployment Graph,,,failed,False,2026-08-27T22:14:38.233626+09:00
Deployment Grid,,,failed,False,2026-08-18T07:52:58.974940+09:00
Deployment Guarantee,,,failed,False,2026-08-28T01:08:35.196750+09:00
Deployment Guard,,,failed,False,2026-08-17T21:31:28.023870+09:00
Deployment Guardian,,,failed,False,2026-08-28T00:27:14.671575+09:00
Deployment Guidebook,,,failed,False,2026-08-18T22:11:05.779319+09:00
Deployment Helpdesk,,,failed,False,2026-08-27T22:51:00.093213+09:00
Deployment Helper,,,failed,False,2026-08-28T00:27:17.609628+09:00
Deployment History,110.0,0.0,success,False,2026-08-19T20:46:51.690221+09:00
Deployment Hub,50.0,7.0,success,False,2026-08-17T20:45:42.370254+09:00
Deployment Identifier,,,failed,False,2026-08-23T13:09:27.676904+09:00
Deployment Index,10.0,0.0,success,False,2026-08-19T21:32:26.609245+09:00
Deployment Insight,,,failed,False,2026-08-17T23:29:46.030396+09:00
Deployment Item,,,failed,False,2026-08-21T01:58:44.645317+09:00
Deployment Journal,40.0,83.0,success,False,2026-08-18T22:10:51.704890+09:00
Deployment Keeper,,,failed,False,2026-08-17T21:33:37.652467+09:00
Deployment Kit,140.0,4.0,success,False,2026-08-27T22:50:57.800091+09:00
Deployment Lab,,,failed,False,2026-08-17T20:44:17.126543+09:00
Deployment Label,20.0,4.0,success,False,2026-08-27T22:14:41.092865+09:00
Deployment Ledger,,,failed,False,2026-08-17T20:48:34.410191+09:00
Deployment Lens,,,failed,False,2026-08-17T21:34:09.721109+09:00
Deployment Level,,,failed,False,2026-08-19T20:47:03.354167+09:00
Deployment Link,90.0,16.0,success,False,2026-08-23T03:23:31.641874+09:00
Deployment List,70.0,0.0,success,False,2026-08-19T22:03:08.515859+09:00
Deployment Loan,,,failed,False,2026-08-21T02:14:13.791830+09:00
Deployment Locator,,,failed,False,2026-08-19T00:02:39.195734+09:00
Deployment Lock,,,failed,False,2026-08-17T21:36:20.278504+09:00
Deployment Log,110.0,3.0,success,False,2026-08-19T13:35:09.228952+09:00
Deployment Loop,10.0,0.0,success,False,2026-08-17T20:32:00.957216+09:00
Deployment Manager,720.0,6.0,success,False,2026-08-17T21:32:36.544768+09:00
Deployment Manual,140.0,3.0,success,False,2026-08-27T22:14:45.094035+09:00
Deployment Map,110.0,2.0,success,False,2026-08-17T21:35:14.152571+09:00
Deployment Margin,,,failed,False,2026-08-23T02:57:59.639367+09:00
Deployment Markup,,,failed,False,2026-08-23T16:40:09.543730+09:00
Deployment Memo,,,failed,False,2026-08-21T00:35:13.915986+09:00
Deployment Message,20.0,0.0,success,False,2026-08-27T23:16:07.710810+09:00
Deployment Meter,,,failed,False,2026-08-17T20:36:26.800121+09:00
Deployment Metrics,20.0,27.0,success,False,2026-08-17T23:03:53.626473+09:00
Deployment Monitor,20.0,23.0,success,False,2026-08-17T23:09:32.191803+09:00
Deployment Navigator,,,failed,False,2026-08-17T23:30:19.900529+09:00
Deployment Nexus,,,failed,False,2026-08-17T21:36:47.272145+09:00
Deployment Node,480.0,35.0,success,False,2026-08-17T21:39:19.495692+09:00
Deployment Note,,,failed,False,2026-08-19T13:36:50.709528+09:00
Deployment Notification,20.0,0.0,success,False,2026-08-27T22:50:57.800091+09:00
Deployment Number,20.0,0.0,success,False,2026-08-23T03:23:25.330676+09:00
Deployment Office,6600.0,1.0,success,False,2026-08-19T00:03:01.180289+09:00
Deployment Ops,,,failed,False,2026-08-17T23:12:41.358995+09:00
Deployment Order,390.0,0.0,success,False,2026-08-19T22:02:29.042116+09:00
Deployment Organizer,,,failed,False,2026-08-17T23:29:31.685360+09:00
Deployment Overage,,,failed,False,2026-08-27T21:50:10.340173+09:00
Deployment Overdraft,,,failed,False,2026-08-23T15:52:52.908788+09:00
Deployment Overdue,,,failed,False,2026-08-27T21:50:04.473862+09:00
Deployment Panel,,,failed,False,2026-08-17T20:38:19.209708+09:00
Deployment Path,20.0,1.0,success,False,2026-08-17T21:38:29.386806+09:00
Deployment Payoff,,,failed,False,2026-08-27T21:50:06.831063+09:00
Deployment Penalty,,,failed,False,2026-08-23T16:40:09.543730+09:00
Deployment Petition,,,failed,False,2026-08-21T01:07:51.915989+09:00
Deployment Pilot,,,failed,False,2026-08-17T20:44:37.629482+09:00
Deployment Plan,1300.0,2.0,success,False,2026-08-21T01:58:53.203684+09:00
Deployment Planner,1300.0,2.0,success,False,2026-08-17T23:29:14.907859+09:00
Deployment Playbook,40.0,2.0,success,False,2026-08-18T22:10:41.322709+09:00
Deployment Point,,,failed,False,2026-08-17T21:37:21.496927+09:00
Deployment Portal,90.0,2.0,success,False,2026-08-17T20:40:08.225876+09:00
Deployment Preview,,,failed,False,2026-08-28T01:08:35.196750+09:00
Deployment Profile,30.0,2.0,success,False,2026-08-19T13:37:25.441438+09:00
Deployment Profit,,,failed,False,2026-08-23T02:57:55.201782+09:00
Deployment Proposal,,,failed,False,2026-08-28T01:08:35.196750+09:00
Deployment Pulse,,,failed,False,2026-08-18T01:28:09.694093+09:00
Deployment Radar,,,failed,False,2026-08-17T20:42:54.961047+09:00
Deployment Rail,,,failed,False,2026-08-17T20:32:38.453320+09:00
Deployment Rate,30.0,0.0,success,False,2026-08-19T20:47:08.500238+09:00
Deployment Recap,,,failed,False,2026-08-21T01:08:00.929637+09:00
Deployment Receipt,,,failed,False,2026-08-19T22:02:50.225246+09:00
Deployment Recorder,,,failed,False,2026-08-27T23:36:40.825682+09:00
Deployment Register,50.0,2.0,success,False,2026-08-17T23:30:33.375533+09:00
Deployment Registry,,,failed,False,2026-08-18T22:11:13.751205+09:00
Deployment Relay,,,failed,False,2026-08-17T20:42:06.946542+09:00
Deployment Reminder,,,failed,False,2026-08-19T21:19:50.890463+09:00
Deployment Report,70.0,2.0,success,False,2026-08-19T13:34:25.531210+09:00
Deployment Repository,,,failed,False,2026-08-27T23:16:13.930951+09:00
Deployment Result,,,failed,False,2026-08-28T00:48:45.489712+09:00
Deployment Roadmap,50.0,1.0,success,False,2026-08-18T22:11:59.574853+09:00
Deployment Roster,30.0,0.0,success,False,2026-08-19T00:38:15.765840+09:00
Deployment Route,,,failed,False,2026-08-17T20:34:35.742752+09:00
Deployment Rule,,,failed,False,2026-08-23T03:23:34.197835+09:00
Deployment Sale,,,failed,False,2026-08-21T02:29:43.973308+09:00
Deployment Sample,10.0,0.0,success,False,2026-08-19T22:03:44.565114+09:00
Deployment Scale,20.0,0.0,success,False,2026-08-17T20:35:32.317442+09:00
Deployment Scanner,50.0,0.0,success,False,2026-08-27T23:58:52.704840+09:00
Deployment Scheduler,210.0,0.0,success,False,2026-08-17T23:14:44.117441+09:00
Deployment Schematic,,,failed,False,2026-08-27T22:29:30.000621+09:00
Deployment Scope,10.0,0.0,success,False,2026-08-17T20:33:09.747000+09:00
Deployment Score,,,failed,False,2026-08-19T13:36:19.763333+09:00
Deployment Sentry,,,failed,False,2026-08-17T21:34:39.149688+09:00
Deployment Sheet,110.0,0.0,success,False,2026-08-19T13:35:44.896452+09:00
Deployment Shortfall,,,failed,False,2026-08-27T21:50:13.120936+09:00
Deployment Signal,,,failed,False,2026-08-17T20:35:03.370957+09:00
Deployment Slip,,,failed,False,2026-08-19T22:03:36.532480+09:00
Deployment Slot,170.0,0.0,success,False,2026-08-19T22:03:56.439657+09:00
Deployment Snapshot,,,failed,False,2026-08-18T22:10:58.146959+09:00
Deployment Stage,110.0,5.0,success,False,2026-08-28T00:48:45.489712+09:00
Deployment Stake,,,failed,False,2026-08-23T02:57:57.265224+09:00
Deployment Statement,,,failed,False,2026-08-21T00:35:09.628137+09:00
Deployment Station,,,failed,False,2026-08-17T20:43:26.313536+09:00
Deployment Status,170.0,0.0,success,False,2026-08-19T20:46:42.465530+09:00
Deployment Streak,,,failed,False,2026-08-28T00:48:49.804197+09:00
Deployment Studio,90.0,3.0,success,False,2026-08-17T20:45:16.547101+09:00
Deployment Suite,,,failed,False,2026-08-17T23:13:04.753315+09:00
Deployment Sum,,,failed,False,2026-08-21T02:29:27.497336+09:00
Deployment Summary,140.0,0.0,success,False,2026-08-19T21:19:27.756536+09:00
Deployment Surtax,,,failed,False,2026-08-23T15:52:54.963093+09:00
Deployment Sync,,,failed,False,2026-08-17T20:48:00.384731+09:00
Deployment Table,20.0,0.0,success,False,2026-08-19T22:03:17.563220+09:00
Deployment Tag,,,failed,False,2026-08-19T13:37:00.513744+09:00
Deployment Tally,,,failed,False,2026-08-21T00:35:11.745138+09:00
Deployment Tariff,,,failed,False,2026-08-21T02:44:32.833058+09:00
Deployment Tax,,,failed,False,2026-08-21T02:14:13.791830+09:00
Deployment Ticket,,,failed,False,2026-08-19T21:32:30.611292+09:00
Deployment Timeline,70.0,0.0,success,False,2026-08-19T21:19:39.587475+09:00
Deployment Timer,,,failed,False,2026-08-28T00:27:12.240224+09:00
Deployment Token,10.0,19.0,success,False,2026-08-23T13:28:13.588297+09:00
Deployment Toll,,,failed,False,2026-08-21T02:44:22.791251+09:00
Deployment Toolbox,,,failed,False,2026-08-28T00:27:17.609628+09:00
Deployment Toolkit,18100.0,5.0,success,False,2026-08-18T22:10:32.480742+09:00
Deployment Total,,,failed,False,2026-08-27T23:16:07.710810+09:00
Deployment Tracker,210.0,2.0,success,False,2026-08-17T21:30:18.085086+09:00
Deployment Trail,,,failed,False,2026-08-18T07:52:01.229242+09:00
Deployment Trend,,,failed,False,2026-08-28T01:08:32.525331+09:00
Deployment Trial,,,failed,False,2026-08-27T21:19:26.078520+09:00
Deployment Unit,90.0,0.0,success,False,2026-08-21T01:58:46.875681+09:00
Deployment Update,70.0,8.0,success,False,2026-08-19T20:47:15.115131+09:00
Deployment Value,,,failed,False,2026-08-23T02:57:57.265224+09:00
Deployment Vault,,,failed,False,2026-08-17T20:41:16.510977+09:00
Deployment Version,30.0,2.0,success,False,2026-08-23T03:23:29.114948+09:00
Deployment View,14800.0,1.0,success,False,2026-08-19T20:46:47.302188+09:00
Deployment Watch,50.0,98.0,success,False,2026-08-17T20:34:09.472739+09:00
Deployment Wave,,,failed,False,2026-08-17T21:40:47.686331+09:00
Deployment Widget,,,failed,False,2026-08-27T23:16:11.688627+09:00
Deployment Workbench,170.0,21.0,success,False,2026-08-18T22:10:25.741480+09:00
Deployment Worksheet,,,failed,False,2026-08-27T22:14:45.094035+09:00
Deployment Workshop,,,failed,False,2026-08-28T00:27:14.671575+09:00
Deployment Zone,50.0,21.0,success,False,2026-08-17T20:40:53.994191+09:00
Deposit Advance,50.0,9.0,success,False,2026-08-23T16:11:46.377478+09:00
Deposit Advisory,,,failed,False,2026-08-21T01:02:25.178710+09:00
Deposit Allowance,20.0,0.0,success,False,2026-08-21T02:38:04.709344+09:00
Deposit Almanac,,,failed,False,2026-08-18T22:06:07.690995+09:00
Deposit Analyzer,,,failed,False,2026-08-27T23:53:34.112900+09:00
Deposit Anchor,,,failed,False,2026-08-18T07:43:41.366664+09:00
Deposit Arrears,10.0,0.0,success,False,2026-08-23T16:11:44.096297+09:00
Deposit Assistant,,,failed,False,2026-08-17T23:31:53.116535+09:00
Deposit Atlas,,,failed,False,2026-08-17T21:30:37.005083+09:00
Deposit Badge,,,failed,False,2026-08-21T00:24:46.055669+09:00
Deposit Balance,390.0,0.0,success,False,2026-08-23T13:46:12.042463+09:00
Deposit Base,40.0,0.0,success,False,2026-08-17T20:45:32.525368+09:00
Deposit Beacon,,,failed,False,2026-08-17T20:35:16.626138+09:00
Deposit Bill,70.0,0.0,success,False,2026-08-19T21:45:53.420711+09:00
Deposit Blueprint,,,failed,False,2026-08-18T22:05:59.558657+09:00
Deposit Board,,,failed,False,2026-08-17T20:42:46.441273+09:00
Deposit Book,880.0,89.0,success,False,2026-08-19T21:46:35.740872+09:00
Deposit Bridge,90.0,5.0,success,False,2026-08-17T20:32:17.131006+09:00
Deposit Brief,,,failed,False,2026-08-21T01:00:38.610881+09:00
Deposit Bulletin,,,failed,False,2026-08-21T01:00:33.906602+09:00
Deposit Calculator,4400.0,16.0,success,False,2026-08-27T23:33:18.763574+09:00
Deposit Calendar,10.0,0.0,success,False,2026-08-19T00:05:31.654702+09:00
Deposit Card,720.0,8.0,success,False,2026-08-19T13:29:56.430090+09:00
Deposit Cascade,,,failed,False,2026-08-17T20:33:27.108642+09:00
Deposit Cash,14800.0,2.0,success,False,2026-08-21T02:20:53.673511+09:00
Deposit Cashback,20.0,5.0,success,False,2026-08-27T21:14:16.452058+09:00
Deposit Catalog,,,failed,False,2026-08-19T21:12:20.631006+09:00
Deposit Center,40.0,0.0,success,False,2026-08-17T20:37:44.009684+09:00
Deposit Chain,10.0,0.0,success,False,2026-08-17T21:36:05.315924+09:00
Deposit Charge,210.0,1.0,success,False,2026-08-21T02:37:48.956315+09:00
Deposit Check,4400.0,22.0,success,False,2026-08-19T13:30:13.142544+09:00
Deposit Checker,4400.0,22.0,success,False,2026-08-27T23:53:26.856284+09:00
Deposit Checklist,,,failed,False,2026-08-19T21:11:23.723554+09:00
Deposit Circular,,,failed,False,2026-08-21T01:02:23.111892+09:00
Deposit Cockpit,,,failed,False,2026-08-17T23:12:34.850967+09:00
Deposit Code,590.0,1.0,success,False,2026-08-19T21:45:58.620929+09:00
Deposit Codex,,,failed,False,2026-08-18T22:06:27.903433+09:00
Deposit Companion,,,failed,False,2026-08-17T23:33:06.954832+09:00
Deposit Comparison,10.0,28.0,success,False,2026-08-28T01:02:16.682385+09:00
Deposit Compass,10.0,0.0,success,False,2026-08-17T20:36:14.881787+09:00
Deposit Compendium,,,failed,False,2026-08-18T22:06:18.385841+09:00
Deposit Confirmation,320.0,0.0,success,False,2026-08-21T01:00:52.686966+09:00
Deposit Console,,,failed,False,2026-08-17T20:34:46.285590+09:00
Deposit Contribution,320.0,18.0,success,False,2026-08-23T16:11:44.096297+09:00
Deposit Core,10.0,0.0,success,False,2026-08-17T20:44:27.303320+09:00
Deposit Cost,390.0,0.0,success,False,2026-08-21T02:10:00.502849+09:00
Deposit Count,210.0,0.0,success,False,2026-08-27T22:45:05.269508+09:00
Deposit Counter,210.0,0.0,success,False,2026-08-18T23:57:56.092399+09:00
Deposit Coupon,20.0,4.0,success,False,2026-08-27T21:14:16.452058+09:00
Deposit Dashboard,30.0,3.0,success,False,2026-08-17T23:32:55.929904+09:00
Deposit Deal,20.0,57.0,success,False,2026-08-21T01:53:07.082720+09:00
Deposit Debt,,,failed,False,2026-08-21T02:26:32.701256+09:00
Deposit Deck,,,failed,False,2026-08-17T20:41:57.166662+09:00
Deposit Depot,70.0,2.0,success,False,2026-08-18T23:57:35.193051+09:00
Deposit Desk,,,failed,False,2026-08-17T20:39:59.910293+09:00
Deposit Detail,210.0,1.0,success,False,2026-08-23T03:18:18.334398+09:00
Deposit Detector,,,failed,False,2026-08-27T23:53:34.112900+09:00
Deposit Diagram,,,failed,False,2026-08-27T22:08:33.849782+09:00
Deposit Dial,,,failed,False,2026-08-17T20:32:53.240136+09:00
Deposit Digest,,,failed,False,2026-08-19T20:40:32.306082+09:00
Deposit Directory,,,failed,False,2026-08-18T23:57:00.632523+09:00
Deposit Discount,10.0,1.0,success,False,2026-08-23T16:11:40.333627+09:00
Deposit Dock,,,failed,False,2026-08-17T21:39:40.995935+09:00
Deposit Dossier,,,failed,False,2026-08-21T01:00:54.642749+09:00
Deposit Draft,40.0,0.0,success,False,2026-08-19T20:40:46.834660+09:00
Deposit Due,110.0,0.0,success,False,2026-08-23T15:50:21.646134+09:00
Deposit Duty,,,failed,False,2026-08-21T02:37:53.787359+09:00
Deposit Engine,,,failed,False,2026-08-17T23:09:23.779987+09:00
Deposit Entry,40.0,0.0,success,False,2026-08-21T01:01:07.549578+09:00
Deposit Estimate,20.0,9.0,success,False,2026-08-19T21:12:07.891173+09:00
Deposit Estimator,20.0,9.0,success,False,2026-08-27T23:53:23.914629+09:00
Deposit Extension,10.0,0.0,success,False,2026-08-23T16:37:34.255373+09:00
Deposit Fare,,,failed,False,2026-08-21T02:10:09.458176+09:00
Deposit Fee,1000.0,0.0,success,True,2026-08-21T01:52:41.314698+09:00
Deposit Feed,,,failed,False,2026-08-19T20:40:37.869711+09:00
Deposit File,2400.0,0.0,success,True,2026-08-19T20:39:55.789733+09:00
Deposit Finder,,,failed,False,2026-08-18T23:57:26.188855+09:00
Deposit Fine,10.0,,success,False,2026-08-23T02:53:56.783780+09:00
Deposit Flag,,,failed,False,2026-08-21T00:25:26.988508+09:00
Deposit Flow,20.0,0.0,success,False,2026-08-17T20:42:16.988485+09:00
Deposit Forge,,,failed,False,2026-08-17T20:34:22.385109+09:00
Deposit Form,2400.0,1.0,success,False,2026-08-19T13:29:43.800182+09:00
Deposit Frame,,,failed,False,2026-08-17T20:46:23.888336+09:00
Deposit Fund,880.0,7.0,success,False,2026-08-21T02:26:36.939016+09:00
Deposit Gate,,,failed,False,2026-08-17T21:32:57.336519+09:00
Deposit Giveaway,10.0,0.0,success,False,2026-08-27T21:14:25.842421+09:00
Deposit Grade,,,failed,False,2026-08-21T00:25:07.096192+09:00
Deposit Graph,,,failed,False,2026-08-27T22:08:21.698192+09:00
Deposit Grid,,,failed,False,2026-08-17T21:36:34.713232+09:00
Deposit Guarantee,590.0,5.0,success,False,2026-08-28T01:02:23.926913+09:00
Deposit Guard,40.0,7.0,success,False,2026-08-17T20:44:58.380838+09:00
Deposit Guardian,,,failed,False,2026-08-28T00:20:56.154840+09:00
Deposit Guidebook,,,failed,False,2026-08-18T22:05:44.090365+09:00
Deposit Helpdesk,,,failed,False,2026-08-27T22:45:05.269508+09:00
Deposit Helper,,,failed,False,2026-08-28T00:20:59.096636+09:00
Deposit History,320.0,0.0,success,False,2026-08-19T20:39:47.752844+09:00
Deposit Hotline,,,failed,False,2026-08-19T21:12:31.857265+09:00
Deposit Hub,10.0,0.0,success,False,2026-08-17T20:41:30.101842+09:00
Deposit Identifier,,,failed,False,2026-08-23T13:07:02.783000+09:00
Deposit Incentive,30.0,31.0,success,False,2026-08-27T21:14:19.073158+09:00
Deposit Index,10.0,0.0,success,False,2026-08-19T21:11:34.990271+09:00
Deposit Insight,,,failed,False,2026-08-17T23:05:27.218902+09:00
Deposit Installment,40.0,0.0,success,False,2026-08-23T16:11:40.333627+09:00
Deposit Interest,1300.0,10.0,success,False,2026-08-23T13:46:16.255562+09:00
Deposit Item,50.0,0.0,success,False,2026-08-21T02:05:48.650139+09:00
Deposit Journal,10.0,0.0,success,False,2026-08-18T22:05:25.774321+09:00
Deposit Keeper,,,failed,False,2026-08-17T20:47:00.954455+09:00
Deposit Lab,,,failed,False,2026-08-17T20:40:24.654920+09:00
Deposit Label,,,failed,False,2026-08-27T22:08:24.051026+09:00
Deposit Ledger,140.0,15.0,success,False,2026-08-17T20:43:38.857738+09:00
Deposit Lens,,,failed,False,2026-08-17T20:47:39.394205+09:00
Deposit Level,10.0,0.0,success,False,2026-08-19T20:40:06.734480+09:00
Deposit Levy,10.0,0.0,success,False,2026-08-23T13:45:20.654502+09:00
Deposit Link,5400.0,19.0,success,False,2026-08-23T03:18:09.441113+09:00
Deposit List,110.0,1.0,success,False,2026-08-19T21:46:11.490049+09:00
Deposit Loan,880.0,45.0,success,False,2026-08-21T02:10:17.497387+09:00
Deposit Locator,,,failed,False,2026-08-18T23:57:13.406878+09:00
Deposit Lock,20.0,65.0,success,False,2026-08-17T21:31:08.679950+09:00
Deposit Log,210.0,1.0,success,False,2026-08-19T13:29:29.454455+09:00
Deposit Loop,,,failed,False,2026-08-17T21:37:42.380657+09:00
Deposit Manager,50.0,2.0,success,False,2026-08-17T20:45:54.147634+09:00
Deposit Manual,30.0,0.0,success,False,2026-08-27T22:08:26.678137+09:00
Deposit Map,10.0,3.0,success,False,2026-08-17T21:30:02.792774+09:00
Deposit Margin,260.0,0.0,success,False,2026-08-23T02:53:54.584586+09:00
Deposit Marker,,,failed,False,2026-08-23T13:26:46.141852+09:00
Deposit Markup,,,failed,False,2026-08-23T16:37:31.309501+09:00
Deposit Memo,320.0,0.0,success,False,2026-08-21T00:25:13.031282+09:00
Deposit Message,2900.0,0.0,success,True,2026-08-27T23:10:50.264630+09:00
Deposit Meter,,,failed,False,2026-08-17T20:31:44.848533+09:00
Deposit Metrics,,,failed,False,2026-08-17T23:32:42.825846+09:00
Deposit Monitor,40.0,0.0,success,False,2026-08-17T23:32:28.634296+09:00
Deposit Navigator,,,failed,False,2026-08-17T23:07:22.346415+09:00
Deposit Nexus,,,failed,False,2026-08-17T21:31:44.399230+09:00
Deposit Node,,,failed,False,2026-08-17T21:33:56.834131+09:00
Deposit Note,1300.0,0.0,success,True,2026-08-19T13:30:48.441659+09:00
Deposit Notification,1000.0,0.0,success,True,2026-08-27T22:44:57.466905+09:00
Deposit Number,260.0,0.0,success,False,2026-08-23T03:18:03.824260+09:00
Deposit Office,30.0,4.0,success,False,2026-08-18T23:57:42.935137+09:00
Deposit Ops,210.0,1.0,success,False,2026-08-17T23:33:20.357749+09:00
Deposit Order,210.0,0.0,success,False,2026-08-19T21:58:17.004802+09:00
Deposit Organizer,10.0,67.0,success,False,2026-08-17T23:11:00.543955+09:00
Deposit Overage,,,failed,False,2026-08-27T21:46:21.323370+09:00
Deposit Overdraft,40.0,3.0,success,False,2026-08-23T15:50:21.646134+09:00
Deposit Overdue,,,failed,False,2026-08-27T21:46:18.010185+09:00
Deposit Panel,,,failed,False,2026-08-17T20:33:56.397010+09:00
Deposit Pass,,,failed,False,2026-08-21T00:28:03.957628+09:00
Deposit Path,,,failed,False,2026-08-17T21:33:24.629057+09:00
Deposit Penalty,10.0,0.0,success,False,2026-08-23T16:37:31.309501+09:00
Deposit Petition,,,failed,False,2026-08-21T01:00:48.316316+09:00
Deposit Pilot,,,failed,False,2026-08-17T20:40:46.604989+09:00
Deposit Plan,140.0,16.0,success,False,2026-08-21T01:52:58.378871+09:00
Deposit Planner,140.0,16.0,success,False,2026-08-17T23:03:43.392480+09:00
Deposit Playbook,,,failed,False,2026-08-18T22:05:15.577232+09:00
Deposit Point,90.0,2.0,success,False,2026-08-17T21:32:20.148818+09:00
Deposit Portal,30.0,2.0,success,False,2026-08-17T20:35:48.969093+09:00
Deposit Preview,,,failed,False,2026-08-28T01:02:16.682385+09:00
Deposit Profile,10.0,0.0,success,False,2026-08-19T13:31:03.415990+09:00
Deposit Profit,30.0,3.0,success,False,2026-08-23T02:53:45.297778+09:00
Deposit Proposal,,,failed,False,2026-08-28T01:02:19.302633+09:00
Deposit Pulse,,,failed,False,2026-08-17T21:35:30.145341+09:00
Deposit Queue,,,failed,False,2026-08-19T21:11:58.211530+09:00
Deposit Quota,,,failed,False,2026-08-21T00:25:18.497443+09:00
Deposit Radar,,,failed,False,2026-08-17T20:39:05.666395+09:00
Deposit Rail,,,failed,False,2026-08-17T21:38:13.718334+09:00
Deposit Rate,1900.0,21.0,success,False,2026-08-19T20:40:13.253783+09:00
Deposit Recap,,,failed,False,2026-08-21T01:00:58.878918+09:00
Deposit Receipt,5400.0,5.0,success,False,2026-08-19T21:46:07.673702+09:00
Deposit Recorder,,,failed,False,2026-08-27T23:33:24.139257+09:00
Deposit Redemption,30.0,0.0,success,False,2026-08-23T16:37:34.255373+09:00
Deposit Register,210.0,11.0,success,False,2026-08-17T23:14:16.588426+09:00
Deposit Registry,10.0,,success,False,2026-08-18T22:05:52.087342+09:00
Deposit Relay,,,failed,False,2026-08-17T20:38:08.924079+09:00
Deposit Reminder,70.0,0.0,success,False,2026-08-19T21:11:12.970448+09:00
Deposit Report,70.0,1.0,success,False,2026-08-19T13:29:07.755274+09:00
Deposit Repository,,,failed,False,2026-08-27T23:11:01.656662+09:00
Deposit Roadmap,,,failed,False,2026-08-18T22:06:37.464016+09:00
Deposit Roster,,,failed,False,2026-08-19T00:37:55.750406+09:00
Deposit Route,,,failed,False,2026-08-17T21:41:42.015478+09:00
Deposit Rule,260.0,0.0,success,False,2026-08-23T03:18:14.803596+09:00
Deposit Sale,110.0,1.0,success,False,2026-08-21T02:21:00.139536+09:00
Deposit Sample,30.0,0.0,success,False,2026-08-19T21:46:58.234898+09:00
Deposit Scale,,,failed,False,2026-08-18T07:52:27.935751+09:00
Deposit Scanner,90.0,13.0,success,False,2026-08-27T23:53:29.478686+09:00
Deposit Scheduler,,,failed,False,2026-08-17T23:32:14.007104+09:00
Deposit Scope,,,failed,False,2026-08-17T21:39:02.253193+09:00
Deposit Score,20.0,4.0,success,False,2026-08-19T13:30:39.417389+09:00
Deposit Sentry,,,failed,False,2026-08-17T20:48:18.389398+09:00
Deposit Sheet,140.0,16.0,success,False,2026-08-19T13:30:02.018673+09:00
Deposit Shortfall,,,failed,False,2026-08-27T21:46:26.203739+09:00
Deposit Signal,,,failed,False,2026-08-18T07:43:51.559731+09:00
Deposit Signature,10.0,0.0,success,False,2026-08-23T13:26:43.446955+09:00
Deposit Slip,22200.0,55.0,success,False,2026-08-19T21:46:45.064278+09:00
Deposit Slot,5400.0,2.0,success,False,2026-08-19T21:47:13.005766+09:00
Deposit Snapshot,,,failed,False,2026-08-18T22:05:33.744970+09:00
Deposit Stage,,,failed,False,2026-08-28T00:45:46.736783+09:00
Deposit Stake,20.0,0.0,success,False,2026-08-23T02:53:52.134740+09:00
Deposit Stamp,480.0,100.0,success,False,2026-08-23T13:26:49.261296+09:00
Deposit Statement,170.0,0.0,success,False,2026-08-21T00:24:51.764822+09:00
Deposit Station,10.0,0.0,success,False,2026-08-17T20:39:28.862436+09:00
Deposit Status,40.0,0.0,success,False,2026-08-19T20:39:32.642664+09:00
Deposit Stub,50.0,1.0,success,False,2026-08-21T00:24:46.055669+09:00
Deposit Studio,,,failed,False,2026-08-17T20:41:08.316613+09:00
Deposit Subsidy,,,failed,False,2026-08-23T15:50:23.768923+09:00
Deposit Suite,,,failed,False,2026-08-17T23:31:35.615532+09:00
Deposit Sum,,,failed,False,2026-08-21T02:26:29.042609+09:00
Deposit Summary,260.0,0.0,success,False,2026-08-19T21:10:50.221080+09:00
Deposit Sync,,,failed,False,2026-08-17T20:43:14.638625+09:00
Deposit Tab,720.0,12.0,success,False,2026-08-21T00:25:35.006393+09:00
Deposit Table,30.0,0.0,success,False,2026-08-19T21:46:23.560668+09:00
Deposit Tag,10.0,0.0,success,False,2026-08-19T13:30:54.229704+09:00
Deposit Tally,,,failed,False,2026-08-21T00:24:59.301324+09:00
Deposit Tariff,,,failed,False,2026-08-21T02:38:06.910707+09:00
Deposit Tax,480.0,1.0,success,False,2026-08-21T02:10:13.973101+09:00
Deposit Ticket,1300.0,100.0,success,False,2026-08-19T21:11:46.371328+09:00
Deposit Timeline,,,failed,False,2026-08-19T21:11:02.607888+09:00
Deposit Timer,,,failed,False,2026-08-28T00:23:28.806149+09:00
Deposit Token,320.0,5.0,success,False,2026-08-23T13:26:43.446955+09:00
Deposit Toll,,,failed,False,2026-08-21T02:38:00.530165+09:00
Deposit Toolbox,,,failed,False,2026-08-28T00:20:59.096636+09:00
Deposit Toolkit,,,failed,False,2026-08-18T22:05:08.323728+09:00
Deposit Total,720.0,6.0,success,False,2026-08-27T23:10:50.264630+09:00
Deposit Tracker,210.0,0.0,success,False,2026-08-17T20:44:07.827451+09:00
Deposit Trail,,,failed,False,2026-08-17T21:37:02.739524+09:00
Deposit Trend,,,failed,False,2026-08-28T01:02:13.095205+09:00
Deposit Trial,,,failed,False,2026-08-27T21:14:19.073158+09:00
Deposit Unit,10.0,0.0,success,False,2026-08-21T01:52:54.387860+09:00
Deposit Update,,,failed,False,2026-08-19T20:40:22.983274+09:00
Deposit Value,30.0,0.0,success,False,2026-08-23T02:53:47.851129+09:00
Deposit Vault,170.0,25.0,success,False,2026-08-17T20:37:15.920679+09:00
Deposit Version,,,failed,False,2026-08-23T03:18:07.042470+09:00
Deposit View,,,failed,False,2026-08-19T20:39:41.503731+09:00
Deposit Voucher,880.0,2.0,success,False,2026-08-21T00:28:13.699286+09:00
Deposit Wallet,140.0,12.0,success,False,2026-08-27T22:45:00.824166+09:00
Deposit Watch,,,failed,False,2026-08-17T21:41:12.952922+09:00
Deposit Wave,,,failed,False,2026-08-17T21:34:28.165323+09:00
Deposit Widget,,,failed,False,2026-08-27T23:10:55.756193+09:00
Deposit Workbench,,,failed,False,2026-08-18T22:04:56.544925+09:00
Deposit Worksheet,30.0,4.0,success,False,2026-08-27T22:08:28.855798+09:00
Deposit Zone,,,failed,False,2026-08-17T20:36:47.157974+09:00
Deposition Advance,,,failed,False,2026-08-23T16:11:49.502531+09:00
Deposition Advisory,,,failed,False,2026-08-21T01:03:04.478545+09:00
Deposition Allowance,,,failed,False,2026-08-21T02:43:28.304823+09:00
Deposition Almanac,,,failed,False,2026-08-18T22:06:27.903433+09:00
Deposition Analyzer,,,failed,False,2026-08-27T23:54:35.399736+09:00
Deposition Anchor,,,failed,False,2026-08-17T21:41:12.952922+09:00
Deposition Announcement,,,failed,False,2026-08-27T23:33:53.153275+09:00
Deposition Arrears,,,failed,False,2026-08-23T16:11:46.377478+09:00
Deposition Assistant,,,failed,False,2026-08-17T23:32:14.007104+09:00
Deposition Atlas,,,failed,False,2026-08-17T20:47:00.954455+09:00
Deposition Attribute,,,failed,False,2026-08-23T13:09:42.107006+09:00
Deposition Badge,,,failed,False,2026-08-21T00:28:35.603528+09:00
Deposition Balance,,,failed,False,2026-08-23T13:48:40.375741+09:00
Deposition Base,,,failed,False,2026-08-17T20:43:38.857738+09:00
Deposition Beacon,,,failed,False,2026-08-17T20:33:27.108642+09:00
Deposition Bill,,,failed,False,2026-08-19T21:46:20.188818+09:00
Deposition Blueprint,,,failed,False,2026-08-18T22:06:18.385841+09:00
Deposition Board,,,failed,False,2026-08-17T20:41:07.425187+09:00
Deposition Book,40.0,80.0,success,False,2026-08-19T21:47:24.408619+09:00
Deposition Bridge,,,failed,False,2026-08-18T07:43:51.559731+09:00
Deposition Brief,,,failed,False,2026-08-21T01:02:11.159896+09:00
Deposition Bulletin,,,failed,False,2026-08-21T01:02:06.881859+09:00
Deposition Cabinet,,,failed,False,2026-08-27T23:12:13.072454+09:00
Deposition Calendar,,,failed,False,2026-08-18T23:57:13.406878+09:00
Deposition Card,,,failed,False,2026-08-19T13:30:13.142544+09:00
Deposition Cascade,,,failed,False,2026-08-18T07:43:38.150133+09:00
Deposition Cash,,,failed,False,2026-08-21T02:27:43.385895+09:00
Deposition Category,,,failed,False,2026-08-23T13:09:39.563884+09:00
Deposition Center,10.0,14.0,success,False,2026-08-17T20:35:48.969093+09:00
Deposition Chain,,,failed,False,2026-08-17T21:33:56.834131+09:00
Deposition Charge,,,failed,False,2026-08-21T02:43:19.046773+09:00
Deposition Check,,,failed,False,2026-08-19T13:30:48.441659+09:00
Deposition Checker,,,failed,False,2026-08-27T23:54:32.984482+09:00
Deposition Circular,,,failed,False,2026-08-21T01:03:02.120644+09:00
Deposition Cockpit,,,failed,False,2026-08-17T23:07:22.346415+09:00
Deposition Code,,,failed,False,2026-08-19T21:46:42.037661+09:00
Deposition Codex,,,failed,False,2026-08-18T22:06:45.698700+09:00
Deposition Companion,,,failed,False,2026-08-17T23:33:20.357749+09:00
Deposition Comparison,,,failed,False,2026-08-28T01:05:14.146226+09:00
Deposition Compass,,,failed,False,2026-08-17T20:34:22.385109+09:00
Deposition Compendium,,,failed,False,2026-08-18T22:06:37.464016+09:00
Deposition Confirmation,,,failed,False,2026-08-21T01:03:12.514083+09:00
Deposition Console,,,failed,False,2026-08-17T20:32:53.240136+09:00
Deposition Core,,,failed,False,2026-08-17T20:42:46.441273+09:00
Deposition Cost,90.0,3.0,success,False,2026-08-21T02:11:34.732367+09:00
Deposition Count,,,failed,False,2026-08-27T22:46:56.250105+09:00
Deposition Counter,,,failed,False,2026-08-18T23:58:15.272323+09:00
Deposition Dashboard,,,failed,False,2026-08-17T23:33:06.954832+09:00
Deposition Deal,,,failed,False,2026-08-21T01:55:51.234317+09:00
Deposition Debt,,,failed,False,2026-08-21T02:27:35.877276+09:00
Deposition Deck,,,failed,False,2026-08-17T20:40:21.350341+09:00
Deposition Depot,,,failed,False,2026-08-18T23:57:56.092399+09:00
Deposition Desk,,,failed,False,2026-08-17T20:38:08.924079+09:00
Deposition Detail,,,failed,False,2026-08-23T03:23:25.330676+09:00
Deposition Detector,,,failed,False,2026-08-27T23:54:35.399736+09:00
Deposition Diagram,880.0,0.0,success,False,2026-08-27T22:08:36.718327+09:00
Deposition Dial,,,failed,False,2026-08-18T07:52:27.935751+09:00
Deposition Digest,70.0,17.0,success,False,2026-08-19T20:46:49.166137+09:00
Deposition Directory,,,failed,False,2026-08-18T23:57:26.188855+09:00
Deposition Discount,,,failed,False,2026-08-23T16:11:44.096297+09:00
Deposition Dock,,,failed,False,2026-08-17T21:37:02.739524+09:00
Deposition Dossier,,,failed,False,2026-08-21T01:03:16.580684+09:00
Deposition Draft,,,failed,False,2026-08-19T20:47:03.354167+09:00
Deposition Due,,,failed,False,2026-08-23T15:50:23.768923+09:00
Deposition Duty,,,failed,False,2026-08-21T02:43:21.598191+09:00
Deposition Engine,,,failed,False,2026-08-17T23:03:43.392480+09:00
Deposition Entry,,,failed,False,2026-08-21T01:03:30.050919+09:00
Deposition Estimate,,,failed,False,2026-08-19T21:32:38.095873+09:00
Deposition Estimator,,,failed,False,2026-08-27T23:54:30.615711+09:00
Deposition Excerpt,,,failed,False,2026-08-21T01:03:25.375031+09:00
Deposition Extension,,,failed,False,2026-08-23T16:37:37.262949+09:00
Deposition Fare,,,failed,False,2026-08-21T02:11:38.732794+09:00
Deposition Fee,90.0,1.0,success,False,2026-08-21T01:55:42.683026+09:00
Deposition Feed,,,failed,False,2026-08-19T20:46:54.929939+09:00
Deposition Field,,,failed,False,2026-08-23T13:09:44.174186+09:00
Deposition File,,,failed,False,2026-08-19T20:46:27.543041+09:00
Deposition Finder,,,failed,False,2026-08-18T23:57:42.935137+09:00
Deposition Fine,,,failed,False,2026-08-23T02:57:40.926366+09:00
Deposition Flag,,,failed,False,2026-08-21T00:29:24.926650+09:00
Deposition Flow,,,failed,False,2026-08-17T20:40:46.604989+09:00
Deposition Forge,,,failed,False,2026-08-17T20:32:17.131006+09:00
Deposition Form,210.0,1.0,success,False,2026-08-19T13:30:02.018673+09:00
Deposition Format,210.0,1.0,success,False,2026-08-23T13:09:46.403136+09:00
Deposition Frame,,,failed,False,2026-08-17T20:44:27.303320+09:00
Deposition Fund,,,failed,False,2026-08-21T02:27:38.390107+09:00
Deposition Gate,,,failed,False,2026-08-17T21:30:37.005083+09:00
Deposition Generator,,,failed,False,2026-08-27T23:33:58.782801+09:00
Deposition Grade,,,failed,False,2026-08-21T00:29:02.215162+09:00
Deposition Graph,20.0,0.0,success,False,2026-08-27T22:08:26.678137+09:00
Deposition Grid,,,failed,False,2026-08-17T21:34:28.165323+09:00
Deposition Guarantee,,,failed,False,2026-08-28T01:05:20.139067+09:00
Deposition Guard,,,failed,False,2026-08-17T20:43:14.638625+09:00
Deposition Guardian,,,failed,False,2026-08-28T00:24:22.351196+09:00
Deposition Guidebook,,,failed,False,2026-08-18T22:05:59.558657+09:00
Deposition Helpdesk,,,failed,False,2026-08-27T22:46:56.250105+09:00
Deposition Helper,,,failed,False,2026-08-28T00:24:27.565309+09:00
Deposition History,20.0,0.0,success,False,2026-08-19T20:46:21.996527+09:00
Deposition Hub,,,failed,False,2026-08-17T20:39:57.613991+09:00
Deposition Identifier,,,failed,False,2026-08-23T13:09:37.494287+09:00
Deposition Index,10.0,8.0,success,False,2026-08-19T21:32:34.534523+09:00
Deposition Insight,,,failed,False,2026-08-17T23:12:34.850967+09:00
Deposition Installment,,,failed,False,2026-08-23T16:11:44.096297+09:00
Deposition Item,,,failed,False,2026-08-21T01:55:44.868962+09:00
Deposition Journal,,,failed,False,2026-08-18T22:05:42.226060+09:00
Deposition Keeper,,,failed,False,2026-08-17T20:44:58.380838+09:00
Deposition Kit,,,failed,False,2026-08-27T22:46:48.643972+09:00
Deposition Lab,10.0,0.0,success,False,2026-08-17T20:38:35.163236+09:00
Deposition Label,,,failed,False,2026-08-27T22:08:28.855798+09:00
Deposition Ledger,,,failed,False,2026-08-17T20:41:57.166662+09:00
Deposition Lens,,,failed,False,2026-08-17T20:45:32.525368+09:00
Deposition Level,,,failed,False,2026-08-19T20:46:33.393422+09:00
Deposition Link,,,failed,False,2026-08-23T03:23:19.130954+09:00
Deposition List,10.0,0.0,success,False,2026-08-19T21:46:54.129984+09:00
Deposition Loan,,,failed,False,2026-08-21T02:11:46.716437+09:00
Deposition Locator,,,failed,False,2026-08-18T23:57:35.193051+09:00
Deposition Lock,,,failed,False,2026-08-17T20:47:39.394205+09:00
Deposition Log,,,failed,False,2026-08-19T13:29:52.884526+09:00
Deposition Loop,,,failed,False,2026-08-17T21:35:30.145341+09:00
Deposition Manager,,,failed,False,2026-08-17T20:44:07.827451+09:00
Deposition Manual,,,failed,False,2026-08-27T22:08:33.849782+09:00
Deposition Map,,,failed,False,2026-08-17T20:46:22.420312+09:00
Deposition Margin,,,failed,False,2026-08-23T02:57:38.722026+09:00
Deposition Memo,,,failed,False,2026-08-21T00:29:10.279905+09:00
Deposition Message,,,failed,False,2026-08-27T23:12:05.738890+09:00
Deposition Meter,,,failed,False,2026-08-17T21:41:42.015478+09:00
Deposition Metrics,,,failed,False,2026-08-17T23:32:55.929904+09:00
Deposition Monitor,10.0,2.0,success,False,2026-08-17T23:32:42.825846+09:00
Deposition Navigator,,,failed,False,2026-08-17T23:14:16.588426+09:00
Deposition Nexus,,,failed,False,2026-08-17T20:48:18.389398+09:00
Deposition Node,,,failed,False,2026-08-17T21:31:44.399230+09:00
Deposition Note,,,failed,False,2026-08-19T13:31:03.415990+09:00
Deposition Notification,,,failed,False,2026-08-27T22:46:48.643972+09:00
Deposition Number,260.0,0.0,success,False,2026-08-23T03:23:11.854221+09:00
Deposition Office,20.0,1.0,success,False,2026-08-18T23:58:04.745440+09:00
Deposition Ops,,,failed,False,2026-08-17T23:33:34.870792+09:00
Deposition Order,90.0,2.0,success,False,2026-08-19T21:46:07.673702+09:00
Deposition Organizer,,,failed,False,2026-08-17T23:05:27.218902+09:00
Deposition Overage,,,failed,False,2026-08-27T21:46:26.203739+09:00
Deposition Overdue,,,failed,False,2026-08-27T21:46:21.323370+09:00
Deposition Panel,,,failed,False,2026-08-17T20:31:44.848533+09:00
Deposition Pass,,,failed,False,2026-08-21T00:28:20.735517+09:00
Deposition Path,,,failed,False,2026-08-17T21:31:08.679950+09:00
Deposition Penalty,,,failed,False,2026-08-23T16:37:34.255373+09:00
Deposition Petition,,,failed,False,2026-08-21T01:03:06.374945+09:00
Deposition Pilot,,,failed,False,2026-08-17T20:39:05.666395+09:00
Deposition Plan,20.0,1.0,success,False,2026-08-21T01:55:41.069694+09:00
Deposition Planner,,,failed,False,2026-08-17T23:11:00.543955+09:00
Deposition Playbook,,,failed,False,2026-08-18T22:05:33.744970+09:00
Deposition Point,50.0,0.0,success,False,2026-08-17T21:30:02.792774+09:00
Deposition Portal,,,failed,False,2026-08-17T20:33:56.397010+09:00
Deposition Preview,,,failed,False,2026-08-28T01:05:14.146226+09:00
Deposition Profile,,,failed,False,2026-08-19T13:31:17.650623+09:00
Deposition Profit,,,failed,False,2026-08-23T02:57:32.152196+09:00
Deposition Proposal,,,failed,False,2026-08-28T01:05:17.423675+09:00
Deposition Pulse,,,failed,False,2026-08-17T21:33:24.629057+09:00
Deposition Quota,,,failed,False,2026-08-21T00:29:15.711468+09:00
Deposition Radar,,,failed,False,2026-08-17T20:37:15.920679+09:00
Deposition Rail,,,failed,False,2026-08-17T21:36:05.315924+09:00
Deposition Rate,390.0,0.0,success,False,2026-08-19T20:46:39.045000+09:00
Deposition Recap,,,failed,False,2026-08-21T01:03:20.927802+09:00
Deposition Receipt,,,failed,False,2026-08-19T21:46:33.632095+09:00
Deposition Recorder,10.0,18.0,success,False,2026-08-27T23:34:03.746516+09:00
Deposition Register,,,failed,False,2026-08-17T23:09:00.584407+09:00
Deposition Registry,,,failed,False,2026-08-18T22:06:07.690995+09:00
Deposition Relay,,,failed,False,2026-08-17T20:36:14.881787+09:00
Deposition Reminder,,,failed,False,2026-08-19T21:32:30.611292+09:00
Deposition Report,30.0,3.0,success,False,2026-08-19T13:29:43.800182+09:00
Deposition Repository,,,failed,False,2026-08-27T23:12:13.072454+09:00
Deposition Result,,,failed,False,2026-08-28T00:47:24.969957+09:00
Deposition Roadmap,,,failed,False,2026-08-18T22:06:54.214613+09:00
Deposition Roster,,,failed,False,2026-08-19T00:38:18.682483+09:00
Deposition Route,,,failed,False,2026-08-17T21:38:13.718334+09:00
Deposition Rule,,,failed,False,2026-08-23T03:23:22.521378+09:00
Deposition Sale,,,failed,False,2026-08-21T02:27:47.388523+09:00
Deposition Sample,260.0,0.0,success,False,2026-08-19T21:47:49.967174+09:00
Deposition Scale,,,failed,False,2026-08-17T21:39:40.995935+09:00
Deposition Scanner,,,failed,False,2026-08-27T23:54:32.984482+09:00
Deposition Scheduler,,,failed,False,2026-08-17T23:32:28.634296+09:00
Deposition Scope,,,failed,False,2026-08-17T21:36:34.713232+09:00
Deposition Score,,,failed,False,2026-08-19T13:30:54.229704+09:00
Deposition Sentry,,,failed,False,2026-08-17T20:45:54.147634+09:00
Deposition Sheet,,,failed,False,2026-08-19T13:30:39.417389+09:00
Deposition Signal,,,failed,False,2026-08-17T21:39:02.253193+09:00
Deposition Signature,,,failed,False,2026-08-23T13:28:19.840300+09:00
Deposition Slip,22200.0,55.0,success,False,2026-08-19T21:47:38.670449+09:00
Deposition Slot,,,failed,False,2026-08-19T21:48:04.651670+09:00
Deposition Snapshot,,,failed,False,2026-08-18T22:05:52.087342+09:00
Deposition Stage,10.0,1.0,success,False,2026-08-28T00:47:20.872913+09:00
Deposition Stake,,,failed,False,2026-08-23T02:57:36.512424+09:00
Deposition Statement,40.0,0.0,success,False,2026-08-21T00:28:49.114338+09:00
Deposition Station,,,failed,False,2026-08-17T20:37:44.009684+09:00
Deposition Status,,,failed,False,2026-08-19T20:46:10.724712+09:00
Deposition Stub,,,failed,False,2026-08-21T00:28:42.115555+09:00
Deposition Studio,,,failed,False,2026-08-17T20:39:28.862436+09:00
Deposition Suite,,,failed,False,2026-08-17T23:31:53.116535+09:00
Deposition Sum,,,failed,False,2026-08-21T02:27:33.001702+09:00
Deposition Summary,320.0,24.0,success,False,2026-08-19T21:32:26.609245+09:00
Deposition Sync,,,failed,False,2026-08-17T20:41:30.101842+09:00
Deposition Tab,10.0,0.0,success,False,2026-08-21T00:29:30.583044+09:00
Deposition Table,,,failed,False,2026-08-19T21:47:08.663103+09:00
Deposition Tag,,,failed,False,2026-08-19T13:31:08.046594+09:00
Deposition Tally,,,failed,False,2026-08-21T00:28:56.685784+09:00
Deposition Tariff,,,failed,False,2026-08-21T02:43:30.904154+09:00
Deposition Tax,,,failed,False,2026-08-21T02:11:43.167775+09:00
Deposition Ticket,,,failed,False,2026-08-19T21:32:36.347329+09:00
Deposition Timeline,,,failed,False,2026-08-19T21:32:28.691012+09:00
Deposition Timer,,,failed,False,2026-08-28T00:24:19.907536+09:00
Deposition Toll,,,failed,False,2026-08-21T02:43:25.318568+09:00
Deposition Toolbox,,,failed,False,2026-08-28T00:24:27.565309+09:00
Deposition Toolkit,,,failed,False,2026-08-18T22:05:25.774321+09:00
Deposition Total,,,failed,False,2026-08-27T23:12:08.197632+09:00
Deposition Tracker,,,failed,False,2026-08-17T20:42:16.988485+09:00
Deposition Trail,,,failed,False,2026-08-17T21:35:00.218033+09:00
Deposition Trend,,,failed,False,2026-08-28T01:05:11.238913+09:00
Deposition Trial,110.0,1.0,success,False,2026-08-27T21:14:25.842421+09:00
Deposition Unit,,,failed,False,2026-08-21T01:55:46.721069+09:00
Deposition Update,,,failed,False,2026-08-19T20:46:44.181940+09:00
Deposition Value,,,failed,False,2026-08-23T02:57:34.451765+09:00
Deposition Vault,,,failed,False,2026-08-17T20:35:16.626138+09:00
Deposition Version,,,failed,False,2026-08-23T03:23:15.682212+09:00
Deposition View,,,failed,False,2026-08-19T20:46:16.448832+09:00
Deposition Voucher,,,failed,False,2026-08-21T00:28:26.135871+09:00
Deposition Watch,,,failed,False,2026-08-17T21:37:42.380657+09:00
Deposition Wave,,,failed,False,2026-08-17T21:32:20.148818+09:00
Deposition Widget,,,failed,False,2026-08-27T23:12:08.197632+09:00
Deposition Workbench,,,failed,False,2026-08-18T22:05:15.577232+09:00
Deposition Worksheet,20.0,0.0,success,False,2026-08-27T22:08:33.849782+09:00
Deposition Workshop,,,failed,False,2026-08-28T00:24:22.351196+09:00
Deposition Zone,90.0,0.0,success,False,2026-08-17T20:34:46.285590+09:00
Detention Alert,,,failed,False,2026-08-21T01:43:14.953756+09:00
Detention Allowance,10.0,0.0,success,False,2026-08-21T02:45:38.713397+09:00
Detention Analyzer,,,failed,False,2026-08-27T23:55:30.843972+09:00
Detention Announcement,,,failed,False,2026-08-27T23:34:06.441052+09:00
Detention Atlas,,,failed,False,2026-08-21T01:41:12.264242+09:00
Detention Badge,10.0,0.0,success,False,2026-08-21T01:37:19.276865+09:00
Detention Base,,,failed,False,2026-08-21T01:39:47.385700+09:00
Detention Beacon,,,failed,False,2026-08-21T01:38:48.053655+09:00
Detention Bill,20.0,0.0,success,False,2026-08-21T01:36:16.678245+09:00
Detention Bin,,,failed,False,2026-08-21T01:43:25.178324+09:00
Detention Board,170.0,0.0,success,False,2026-08-21T01:40:01.747780+09:00
Detention Bridge,,,failed,False,2026-08-21T01:38:59.099455+09:00
Detention Brief,,,failed,False,2026-08-21T01:37:41.835664+09:00
Detention Bulletin,,,failed,False,2026-08-21T01:37:39.215530+09:00
Detention Cabinet,,,failed,False,2026-08-27T23:12:08.197632+09:00
Detention Calculator,50.0,6.0,success,False,2026-08-27T23:34:06.441052+09:00
Detention Card,480.0,0.0,success,False,2026-08-21T01:44:14.161023+09:00
Detention Cascade,,,failed,False,2026-08-21T01:38:54.698036+09:00
Detention Cash,,,failed,False,2026-08-21T02:29:22.487025+09:00
Detention Category,,,failed,False,2026-08-23T13:06:54.038616+09:00
Detention Center,27100.0,1.0,success,False,2026-08-21T01:40:26.570038+09:00
Detention Chain,,,failed,False,2026-08-21T01:40:58.554709+09:00
Detention Charge,1900.0,0.0,success,True,2026-08-21T02:45:28.044980+09:00
Detention Chart,,,failed,False,2026-08-21T01:43:18.678031+09:00
Detention Check,,,failed,False,2026-08-21T01:44:23.485240+09:00
Detention Checker,10.0,0.0,success,False,2026-08-27T23:55:24.915525+09:00
Detention Circular,,,failed,False,2026-08-21T01:37:46.611348+09:00
Detention Code,,,failed,False,2026-08-21T01:36:44.739122+09:00
Detention Comparison,,,failed,False,2026-08-28T01:06:51.354656+09:00
Detention Compass,,,failed,False,2026-08-21T01:38:45.431477+09:00
Detention Confirmation,,,failed,False,2026-08-21T01:38:01.641770+09:00
Detention Console,,,failed,False,2026-08-21T01:40:35.434951+09:00
Detention Core,20.0,0.0,success,False,2026-08-21T01:39:52.762519+09:00
Detention Cost,590.0,1.0,success,False,2026-08-21T02:12:15.174959+09:00
Detention Count,,,failed,False,2026-08-27T22:46:29.671446+09:00
Detention Counter,,,failed,False,2026-08-21T01:42:20.086183+09:00
Detention Deal,,,failed,False,2026-08-21T01:55:51.234317+09:00
Detention Debt,,,failed,False,2026-08-21T02:29:14.750230+09:00
Detention Deck,,,failed,False,2026-08-21T01:40:03.980146+09:00
Detention Desk,110.0,19.0,success,False,2026-08-21T01:38:31.485069+09:00
Detention Detail,,,failed,False,2026-08-23T03:17:21.558443+09:00
Detention Detector,,,failed,False,2026-08-27T23:55:28.059641+09:00
Detention Directory,,,failed,False,2026-08-21T01:42:02.866390+09:00
Detention Draft,,,failed,False,2026-08-21T01:36:16.678245+09:00
Detention Due,,,failed,False,2026-08-23T15:52:37.821939+09:00
Detention Duty,40.0,0.0,success,False,2026-08-21T02:45:31.753294+09:00
Detention Engine,,,failed,False,2026-08-21T01:41:20.184116+09:00
Detention Entry,,,failed,False,2026-08-21T01:38:12.819970+09:00
Detention Estimate,,,failed,False,2026-08-21T01:36:16.678245+09:00
Detention Estimator,,,failed,False,2026-08-27T23:55:21.576264+09:00
Detention Extension,,,failed,False,2026-08-23T16:40:16.940020+09:00
Detention Fare,,,failed,False,2026-08-21T02:12:19.408855+09:00
Detention Fee,590.0,1.0,success,False,2026-08-21T01:55:33.628108+09:00
Detention Feed,,,failed,False,2026-08-21T01:36:16.678245+09:00
Detention File,,,failed,False,2026-08-21T01:36:16.678245+09:00
Detention Fine,,,failed,False,2026-08-23T02:53:06.849591+09:00
Detention Flow,10.0,0.0,success,False,2026-08-21T01:38:21.127852+09:00
Detention Forge,,,failed,False,2026-08-21T01:38:52.841882+09:00
Detention Form,170.0,1.0,success,False,2026-08-21T01:44:07.789434+09:00
Detention Frame,,,failed,False,2026-08-21T01:39:45.118535+09:00
Detention Fund,,,failed,False,2026-08-21T02:29:19.301672+09:00
Detention Gate,,,failed,False,2026-08-21T01:41:02.771886+09:00
Detention Generator,,,failed,False,2026-08-27T23:34:10.423222+09:00
Detention Graph,,,failed,False,2026-08-27T22:07:05.837486+09:00
Detention Grid,,,failed,False,2026-08-21T01:39:25.000691+09:00
Detention Guarantee,,,failed,False,2026-08-28T01:07:01.226912+09:00
Detention Guardian,,,failed,False,2026-08-28T00:25:13.091211+09:00
Detention Helpdesk,,,failed,False,2026-08-27T22:46:32.374827+09:00
Detention Helper,,,failed,False,2026-08-28T00:25:15.482285+09:00
Detention History,,,failed,False,2026-08-21T01:36:14.078393+09:00
Detention Hub,,,failed,False,2026-08-21T01:38:24.012895+09:00
Detention Identifier,,,failed,False,2026-08-23T13:06:51.579478+09:00
Detention Index,,,failed,False,2026-08-21T01:36:16.678245+09:00
Detention Item,,,failed,False,2026-08-21T01:55:42.683026+09:00
Detention Journal,,,failed,False,2026-08-21T01:41:54.360418+09:00
Detention Keeper,,,failed,False,2026-08-21T01:41:14.289680+09:00
Detention Lab,,,failed,False,2026-08-21T01:40:12.068388+09:00
Detention Label,,,failed,False,2026-08-27T22:07:05.837486+09:00
Detention Ledger,,,failed,False,2026-08-21T01:39:55.005229+09:00
Detention Level,,,failed,False,2026-08-21T01:36:16.678245+09:00
Detention Line,10.0,0.0,success,False,2026-08-21T01:43:47.346655+09:00
Detention Link,,,failed,False,2026-08-23T03:17:13.101010+09:00
Detention List,260.0,0.0,success,False,2026-08-21T01:36:47.067872+09:00
Detention Loan,,,failed,False,2026-08-21T02:12:27.062318+09:00
Detention Lobby,,,failed,False,2026-08-21T01:43:34.239530+09:00
Detention Locator,320.0,0.0,success,False,2026-08-21T01:42:07.777661+09:00
Detention Locker,10.0,,success,False,2026-08-21T01:42:27.221916+09:00
Detention Log,50.0,0.0,success,False,2026-08-21T01:44:05.223042+09:00
Detention Loop,,,failed,False,2026-08-21T01:39:18.143916+09:00
Detention Manual,,,failed,False,2026-08-27T22:07:09.283408+09:00
Detention Map,,,failed,False,2026-08-21T01:39:42.723562+09:00
Detention Memo,20.0,0.0,success,False,2026-08-21T01:37:28.905967+09:00
Detention Message,,,failed,False,2026-08-27T23:12:02.088858+09:00
Detention Monitor,30.0,0.0,success,False,2026-08-21T01:41:35.548332+09:00
Detention Nexus,,,failed,False,2026-08-21T01:41:08.747647+09:00
Detention Note,880.0,0.0,success,False,2026-08-21T01:44:31.242398+09:00
Detention Notification,10.0,0.0,success,False,2026-08-27T22:46:23.139331+09:00
Detention Number,10.0,0.0,success,False,2026-08-23T03:17:02.268689+09:00
Detention Office,70.0,0.0,success,False,2026-08-21T01:42:17.039674+09:00
Detention Ops,,,failed,False,2026-08-21T01:41:46.462785+09:00
Detention Order,590.0,0.0,success,False,2026-08-21T01:36:16.678245+09:00
Detention Overdue,,,failed,False,2026-08-27T21:45:59.200970+09:00
Detention Panel,,,failed,False,2026-08-21T01:40:39.778843+09:00
Detention Pass,90.0,0.0,success,False,2026-08-21T01:37:07.808277+09:00
Detention Passport,,,failed,False,2026-08-21T01:43:31.469604+09:00
Detention Path,,,failed,False,2026-08-21T01:39:32.953570+09:00
Detention Petition,10.0,0.0,success,False,2026-08-21T01:37:55.040790+09:00
Detention Plan,,,failed,False,2026-08-21T01:55:41.069694+09:00
Detention Planner,,,failed,False,2026-08-21T01:41:30.332578+09:00
Detention Playbook,,,failed,False,2026-08-21T01:41:48.955996+09:00
Detention Point,20.0,1.0,success,False,2026-08-21T01:39:35.935414+09:00
Detention Portal,,,failed,False,2026-08-21T01:40:33.133691+09:00
Detention Preview,,,failed,False,2026-08-28T01:06:54.096928+09:00
Detention Profile,,,failed,False,2026-08-21T01:44:38.139446+09:00
Detention Profit,,,failed,False,2026-08-23T02:52:56.566002+09:00
Detention Proposal,,,failed,False,2026-08-28T01:06:58.788190+09:00
Detention Quota,,,failed,False,2026-08-21T01:37:32.925946+09:00
Detention Radar,,,failed,False,2026-08-21T01:38:34.046103+09:00
Detention Rate,70.0,0.0,success,False,2026-08-21T01:36:16.678245+09:00
Detention Recap,,,failed,False,2026-08-21T01:38:06.302240+09:00
Detention Receipt,50.0,0.0,success,False,2026-08-21T01:36:39.432784+09:00
Detention Register,10.0,0.0,success,False,2026-08-21T01:41:44.452509+09:00
Detention Relay,,,failed,False,2026-08-21T01:38:38.622768+09:00
Detention Reminder,,,failed,False,2026-08-21T01:36:16.678245+09:00
Detention Report,110.0,0.0,success,False,2026-08-21T01:43:59.593158+09:00
Detention Repository,,,failed,False,2026-08-27T23:12:13.072454+09:00
Detention Ring,,,failed,False,2026-08-21T01:41:00.703725+09:00
Detention Roll,,,failed,False,2026-08-21T01:43:56.070004+09:00
Detention Roster,90.0,0.0,success,False,2026-08-21T01:43:03.421356+09:00
Detention Route,,,failed,False,2026-08-21T01:40:45.060160+09:00
Detention Rule,,,failed,False,2026-08-23T03:17:17.631472+09:00
Detention Sale,,,failed,False,2026-08-21T02:29:27.497336+09:00
Detention Sample,,,failed,False,2026-08-21T01:36:59.790111+09:00
Detention Scale,,,failed,False,2026-08-21T01:40:42.553901+09:00
Detention Scanner,,,failed,False,2026-08-27T23:55:24.915525+09:00
Detention Score,,,failed,False,2026-08-21T01:44:25.853714+09:00
Detention Sheet,70.0,0.0,success,False,2026-08-21T01:44:16.668560+09:00
Detention Signal,,,failed,False,2026-08-21T01:39:04.572787+09:00
Detention Slip,1600.0,2.0,success,False,2026-08-21T01:36:57.667235+09:00
Detention Slot,,,failed,False,2026-08-21T01:37:05.417257+09:00
Detention Stage,,,failed,False,2026-08-28T00:47:53.734178+09:00
Detention Statement,,,failed,False,2026-08-21T01:37:26.126762+09:00
Detention Station,,,failed,False,2026-08-21T01:40:17.321567+09:00
Detention Status,20.0,0.0,success,False,2026-08-21T01:36:14.078393+09:00
Detention Stub,,,failed,False,2026-08-21T01:37:21.821672+09:00
Detention Studio,,,failed,False,2026-08-21T01:40:09.996962+09:00
Detention Sum,,,failed,False,2026-08-21T02:29:11.262958+09:00
Detention Summary,20.0,0.0,success,False,2026-08-21T01:36:16.678245+09:00
Detention Tab,,,failed,False,2026-08-21T01:37:34.913486+09:00
Detention Table,30.0,65.0,success,False,2026-08-21T01:36:52.456000+09:00
Detention Tag,,,failed,False,2026-08-21T01:44:35.810594+09:00
Detention Tariff,10.0,4.0,success,False,2026-08-21T02:45:41.299406+09:00
Detention Tax,,,failed,False,2026-08-21T02:12:23.232619+09:00
Detention Terminal,10.0,0.0,success,False,2026-08-21T01:40:23.040836+09:00
Detention Ticker,,,failed,False,2026-08-21T01:43:42.058918+09:00
Detention Ticket,720.0,0.0,success,False,2026-08-21T01:36:16.678245+09:00
Detention Timeline,,,failed,False,2026-08-21T01:36:16.678245+09:00
Detention Timer,,,failed,False,2026-08-28T00:25:07.962787+09:00
Detention Toll,,,failed,False,2026-08-21T02:45:36.117852+09:00
Detention Toolbox,,,failed,False,2026-08-28T00:25:15.482285+09:00
Detention Total,,,failed,False,2026-08-27T23:12:05.738890+09:00
Detention Tracker,90.0,0.0,success,False,2026-08-21T01:38:16.172375+09:00
Detention Trend,,,failed,False,2026-08-28T01:06:51.354656+09:00
Detention Trial,,,failed,False,2026-08-27T21:12:56.642443+09:00
Detention Unit,40.0,0.0,success,False,2026-08-21T01:55:46.721069+09:00
Detention Update,,,failed,False,2026-08-21T01:36:16.678245+09:00
Detention Value,,,failed,False,2026-08-23T02:52:59.926815+09:00
Detention Vault,170.0,3.0,success,False,2026-08-21T01:38:40.726969+09:00
Detention Version,,,failed,False,2026-08-23T03:17:09.077548+09:00
Detention View,,,failed,False,2026-08-21T01:36:14.078393+09:00
Detention Voucher,,,failed,False,2026-08-21T01:37:13.589246+09:00
Detention Watch,390.0,0.0,success,False,2026-08-21T01:39:07.193029+09:00
Detention Wave,,,failed,False,2026-08-21T01:39:27.131441+09:00
Detention Widget,,,failed,False,2026-08-27T23:12:05.738890+09:00
Detention Window,,,failed,False,2026-08-21T01:43:50.237250+09:00
Detention Worksheet,320.0,0.0,success,False,2026-08-27T22:07:14.755817+09:00
Detention Workshop,,,failed,False,2026-08-28T00:25:10.586444+09:00
Detention Zone,10.0,0.0,success,False,2026-08-21T01:40:28.771256+09:00
Diagnosis Advisory,,,failed,False,2026-08-21T00:58:54.317507+09:00
Diagnosis Alert,,,failed,False,2026-08-19T12:26:06.734544+09:00
Diagnosis Allowance,,,failed,False,2026-08-21T02:40:33.895660+09:00
Diagnosis Almanac,,,failed,False,2026-08-18T22:12:19.566532+09:00
Diagnosis Analyzer,,,failed,False,2026-08-27T23:52:26.282518+09:00
Diagnosis Anchor,,,failed,False,2026-08-17T21:35:00.218033+09:00
Diagnosis Announcement,,,failed,False,2026-08-27T23:32:36.959010+09:00
Diagnosis Assistant,170.0,2.0,success,False,2026-08-17T23:26:43.020316+09:00
Diagnosis Atlas,,,failed,False,2026-08-17T20:42:47.401639+09:00
Diagnosis Attribute,,,failed,False,2026-08-23T13:07:59.189669+09:00
Diagnosis Badge,,,failed,False,2026-08-21T00:36:02.867452+09:00
Diagnosis Base,,,failed,False,2026-08-17T20:39:59.910293+09:00
Diagnosis Beacon,,,failed,False,2026-08-17T21:39:44.948189+09:00
Diagnosis Bill,,,failed,False,2026-08-19T21:59:58.757000+09:00
Diagnosis Blueprint,,,failed,False,2026-08-18T22:12:10.821921+09:00
Diagnosis Board,,,failed,False,2026-08-17T20:37:16.947301+09:00
Diagnosis Book,1000.0,83.0,success,False,2026-08-19T22:00:50.592987+09:00
Diagnosis Bridge,,,failed,False,2026-08-17T21:36:07.544663+09:00
Diagnosis Brief,,,failed,False,2026-08-21T00:58:44.836971+09:00
Diagnosis Bulletin,,,failed,False,2026-08-21T00:58:40.847726+09:00
Diagnosis Calendar,,,failed,False,2026-08-19T00:00:38.616891+09:00
Diagnosis Card,260.0,4.0,success,False,2026-08-19T13:41:12.937543+09:00
Diagnosis Cascade,,,failed,False,2026-08-17T21:37:05.127331+09:00
Diagnosis Cash,,,failed,False,2026-08-21T02:24:33.883948+09:00
Diagnosis Catalog,,,failed,False,2026-08-19T21:15:17.337039+09:00
Diagnosis Category,40.0,0.0,success,False,2026-08-23T13:07:55.793530+09:00
Diagnosis Center,22200.0,6.0,success,False,2026-08-18T07:52:55.085793+09:00
Diagnosis Chain,,,failed,False,2026-08-17T20:47:45.474295+09:00
Diagnosis Charge,590.0,3.0,success,False,2026-08-21T02:40:21.955150+09:00
Diagnosis Check,2400.0,43.0,success,False,2026-08-19T13:41:50.563536+09:00
Diagnosis Checker,,,failed,False,2026-08-27T23:52:10.807826+09:00
Diagnosis Checklist,110.0,1.0,success,False,2026-08-19T21:14:17.350894+09:00
Diagnosis Circular,,,failed,False,2026-08-21T01:00:06.148655+09:00
Diagnosis Cockpit,,,failed,False,2026-08-17T23:15:12.775041+09:00
Diagnosis Code,18100.0,3.0,success,False,2026-08-19T22:00:20.280558+09:00
Diagnosis Codex,,,failed,False,2026-08-18T23:50:47.094448+09:00
Diagnosis Companion,,,failed,False,2026-08-17T23:27:58.060156+09:00
Diagnosis Comparison,,,failed,False,2026-08-28T01:03:33.167279+09:00
Diagnosis Compass,,,failed,False,2026-08-17T21:41:44.845375+09:00
Diagnosis Compendium,,,failed,False,2026-08-18T23:50:47.094448+09:00
Diagnosis Confirmation,50.0,0.0,success,False,2026-08-21T00:59:03.951352+09:00
Diagnosis Console,,,failed,False,2026-08-17T21:39:05.774100+09:00
Diagnosis Contribution,,,failed,False,2026-08-23T16:16:38.945846+09:00
Diagnosis Converter,10.0,0.0,success,False,2026-08-27T23:32:40.029337+09:00
Diagnosis Copayment,,,failed,False,2026-08-23T16:40:11.516867+09:00
Diagnosis Core,,,failed,False,2026-08-17T20:39:06.787331+09:00
Diagnosis Cost,210.0,9.0,success,False,2026-08-21T02:08:33.058112+09:00
Diagnosis Count,,,failed,False,2026-08-27T22:44:39.489901+09:00
Diagnosis Counter,,,failed,False,2026-08-19T00:01:28.091265+09:00
Diagnosis Dashboard,,,failed,False,2026-08-17T23:27:45.087946+09:00
Diagnosis Deal,,,failed,False,2026-08-21T01:51:56.272630+09:00
Diagnosis Debt,10.0,0.0,success,False,2026-08-21T02:24:23.153426+09:00
Diagnosis Deck,,,failed,False,2026-08-17T20:36:17.521162+09:00
Diagnosis Depot,,,failed,False,2026-08-19T00:01:12.720919+09:00
Diagnosis Desk,,,failed,False,2026-08-17T20:33:59.012811+09:00
Diagnosis Detail,,,failed,False,2026-08-23T03:20:18.367542+09:00
Diagnosis Detector,,,failed,False,2026-08-27T23:52:22.402919+09:00
Diagnosis Diagram,140.0,0.0,success,False,2026-08-27T22:15:33.141509+09:00
Diagnosis Dial,,,failed,False,2026-08-17T21:36:34.713232+09:00
Diagnosis Digest,,,failed,False,2026-08-19T20:41:33.167361+09:00
Diagnosis Directory,,,failed,False,2026-08-19T00:00:48.226412+09:00
Diagnosis Discount,,,failed,False,2026-08-23T16:16:38.945846+09:00
Diagnosis Dock,,,failed,False,2026-08-17T21:32:23.259221+09:00
Diagnosis Dossier,,,failed,False,2026-08-21T00:59:08.363801+09:00
Diagnosis Downpayment,,,failed,False,2026-08-27T21:50:44.551751+09:00
Diagnosis Draft,,,failed,False,2026-08-19T20:41:43.197527+09:00
Diagnosis Duty,,,failed,False,2026-08-21T02:40:27.519765+09:00
Diagnosis Engine,3600.0,44.0,success,False,2026-08-17T23:11:57.762151+09:00
Diagnosis Entry,,,failed,False,2026-08-21T00:59:30.115655+09:00
Diagnosis Estimate,,,failed,False,2026-08-19T21:15:04.533430+09:00
Diagnosis Estimator,,,failed,False,2026-08-27T23:52:08.286767+09:00
Diagnosis Excerpt,,,failed,False,2026-08-21T00:59:17.321844+09:00
Diagnosis Fare,,,failed,False,2026-08-21T02:08:44.609671+09:00
Diagnosis Fee,320.0,3.0,success,False,2026-08-21T01:51:43.156382+09:00
Diagnosis Feed,,,failed,False,2026-08-19T20:41:37.796650+09:00
Diagnosis Field,,,failed,False,2026-08-23T13:08:02.630104+09:00
Diagnosis File,,,failed,False,2026-08-19T20:40:53.028403+09:00
Diagnosis Finder,,,failed,False,2026-08-19T00:01:01.996823+09:00
Diagnosis Fine,,,failed,False,2026-08-23T02:55:28.144750+09:00
Diagnosis Flag,,,failed,False,2026-08-21T00:36:33.618056+09:00
Diagnosis Flow,,,failed,False,2026-08-17T20:36:48.387810+09:00
Diagnosis Forge,,,failed,False,2026-08-17T21:38:15.647846+09:00
Diagnosis Form,210.0,0.0,success,False,2026-08-19T13:40:58.883457+09:00
Diagnosis Format,210.0,0.0,success,False,2026-08-23T13:08:05.055975+09:00
Diagnosis Frame,,,failed,False,2026-08-17T20:40:48.754907+09:00
Diagnosis Fund,,,failed,False,2026-08-21T02:24:30.364633+09:00
Diagnosis Gate,,,failed,False,2026-08-17T20:44:27.303320+09:00
Diagnosis Grade,,,failed,False,2026-08-21T00:36:18.143483+09:00
Diagnosis Graph,,,failed,False,2026-08-27T22:15:25.153546+09:00
Diagnosis Grid,,,failed,False,2026-08-17T20:48:21.583177+09:00
Diagnosis Guard,,,failed,False,2026-08-17T20:39:31.272188+09:00
Diagnosis Guardian,,,failed,False,2026-08-28T00:22:34.191902+09:00
Diagnosis Guidebook,,,failed,False,2026-08-18T22:11:53.253087+09:00
Diagnosis Helpdesk,,,failed,False,2026-08-27T22:44:43.447057+09:00
Diagnosis Helper,260.0,9.0,success,False,2026-08-28T00:22:39.734824+09:00
Diagnosis History,110.0,0.0,success,False,2026-08-19T20:40:42.900088+09:00
Diagnosis Hotline,30.0,1.0,success,False,2026-08-19T21:15:27.386619+09:00
Diagnosis Hub,590.0,7.0,success,False,2026-08-17T20:35:50.076535+09:00
Diagnosis Identifier,,,failed,False,2026-08-23T13:07:53.746009+09:00
Diagnosis Index,40.0,0.0,success,False,2026-08-19T21:14:27.953850+09:00
Diagnosis Insight,,,failed,False,2026-08-17T23:08:23.954708+09:00
Diagnosis Installment,,,failed,False,2026-08-23T16:16:38.945846+09:00
Diagnosis Item,,,failed,False,2026-08-21T01:51:47.599222+09:00
Diagnosis Journal,1600.0,4.0,success,False,2026-08-18T22:11:37.206712+09:00
Diagnosis Keeper,,,failed,False,2026-08-17T20:41:08.316613+09:00
Diagnosis Kit,1000.0,69.0,success,False,2026-08-27T22:44:33.124302+09:00
Diagnosis Lab,18100.0,7.0,success,False,2026-08-17T20:34:23.568448+09:00
Diagnosis Label,320.0,0.0,success,False,2026-08-27T22:15:29.214068+09:00
Diagnosis Ledger,,,failed,False,2026-08-17T20:38:11.520193+09:00
Diagnosis Lens,,,failed,False,2026-08-17T20:41:33.336783+09:00
Diagnosis Level,,,failed,False,2026-08-19T20:41:03.972806+09:00
Diagnosis Link,,,failed,False,2026-08-23T03:20:11.001534+09:00
Diagnosis List,720.0,1.0,success,False,2026-08-19T22:00:29.201659+09:00
Diagnosis Loan,,,failed,False,2026-08-21T02:08:52.269018+09:00
Diagnosis Locator,,,failed,False,2026-08-19T00:00:54.845309+09:00
Diagnosis Lock,,,failed,False,2026-08-17T20:43:15.863986+09:00
Diagnosis Log,320.0,2.0,success,False,2026-08-19T13:40:38.246974+09:00
Diagnosis Loop,,,failed,False,2026-08-17T21:30:38.829852+09:00
Diagnosis Manager,,,failed,False,2026-08-17T20:40:24.654920+09:00
Diagnosis Manual,480.0,15.0,success,False,2026-08-27T22:15:29.214068+09:00
Diagnosis Map,90.0,1.0,success,False,2026-08-17T20:42:18.152107+09:00
Diagnosis Margin,,,failed,False,2026-08-23T02:55:24.224280+09:00
Diagnosis Marker,,,failed,False,2026-08-23T13:27:59.739210+09:00
Diagnosis Memo,,,failed,False,2026-08-21T00:36:23.638187+09:00
Diagnosis Message,,,failed,False,2026-08-27T23:10:24.868971+09:00
Diagnosis Meter,,,failed,False,2026-08-17T21:35:33.419897+09:00
Diagnosis Metrics,,,failed,False,2026-08-17T23:27:29.516151+09:00
Diagnosis Monitor,,,failed,False,2026-08-17T23:27:17.370245+09:00
Diagnosis Navigator,,,failed,False,2026-08-17T23:10:04.608173+09:00
Diagnosis Nexus,,,failed,False,2026-08-17T20:43:42.299051+09:00
Diagnosis Node,,,failed,False,2026-08-17T20:45:32.525368+09:00
Diagnosis Note,140.0,2.0,success,False,2026-08-19T13:42:11.114118+09:00
Diagnosis Notification,,,failed,False,2026-08-27T22:44:33.124302+09:00
Diagnosis Number,90.0,3.0,success,False,2026-08-23T03:20:04.246790+09:00
Diagnosis Office,,,failed,False,2026-08-19T00:01:18.833283+09:00
Diagnosis Ops,,,failed,False,2026-08-17T23:28:11.546877+09:00
Diagnosis Order,,,failed,False,2026-08-19T21:59:50.117537+09:00
Diagnosis Organizer,,,failed,False,2026-08-17T23:13:36.575210+09:00
Diagnosis Overage,,,failed,False,2026-08-27T21:50:42.355855+09:00
Diagnosis Overdue,,,failed,False,2026-08-27T21:50:39.210391+09:00
Diagnosis Panel,,,failed,False,2026-08-17T21:37:42.380657+09:00
Diagnosis Pass,,,failed,False,2026-08-21T00:35:52.521460+09:00
Diagnosis Path,,,failed,False,2026-08-17T20:45:09.617976+09:00
Diagnosis Payoff,,,failed,False,2026-08-27T21:50:42.355855+09:00
Diagnosis Petition,,,failed,False,2026-08-21T00:58:59.914106+09:00
Diagnosis Pilot,,,failed,False,2026-08-17T20:34:48.922886+09:00
Diagnosis Plan,140.0,0.0,success,False,2026-08-21T01:51:57.784692+09:00
Diagnosis Planner,,,failed,False,2026-08-17T23:06:35.609380+09:00
Diagnosis Playbook,,,failed,False,2026-08-18T22:11:30.674698+09:00
Diagnosis Point,,,failed,False,2026-08-17T20:44:09.032273+09:00
Diagnosis Portal,50.0,4.0,success,False,2026-08-17T21:41:12.952922+09:00
Diagnosis Preview,,,failed,False,2026-08-28T01:03:37.882161+09:00
Diagnosis Profile,,,failed,False,2026-08-19T13:42:33.755752+09:00
Diagnosis Profit,,,failed,False,2026-08-23T02:55:13.896073+09:00
Diagnosis Proposal,,,failed,False,2026-08-28T01:03:37.882161+09:00
Diagnosis Pulse,,,failed,False,2026-08-17T20:47:04.642239+09:00
Diagnosis Queue,,,failed,False,2026-08-19T21:14:49.838669+09:00
Diagnosis Quota,,,failed,False,2026-08-21T00:36:28.428699+09:00
Diagnosis Radar,,,failed,False,2026-08-17T20:32:55.422953+09:00
Diagnosis Rail,,,failed,False,2026-08-17T21:31:11.680234+09:00
Diagnosis Rate,90.0,0.0,success,False,2026-08-19T20:41:13.496418+09:00
Diagnosis Recap,,,failed,False,2026-08-21T01:00:11.022856+09:00
Diagnosis Receipt,,,failed,False,2026-08-19T22:00:08.446877+09:00
Diagnosis Recorder,,,failed,False,2026-08-27T23:32:42.762901+09:00
Diagnosis Register,,,failed,False,2026-08-17T23:04:23.573644+09:00
Diagnosis Registry,,,failed,False,2026-08-18T22:12:04.159201+09:00
Diagnosis Relay,,,failed,False,2026-08-17T20:31:46.547401+09:00
Diagnosis Reminder,,,failed,False,2026-08-19T21:14:07.516927+09:00
Diagnosis Report,2900.0,1.0,success,False,2026-08-19T13:40:23.135378+09:00
Diagnosis Repository,,,failed,False,2026-08-27T23:10:31.050648+09:00
Diagnosis Result,90.0,0.0,success,False,2026-08-28T00:46:30.511685+09:00
Diagnosis Roadmap,,,failed,False,2026-08-18T23:50:47.094448+09:00
Diagnosis Roster,,,failed,False,2026-08-19T00:37:02.474717+09:00
Diagnosis Route,,,failed,False,2026-08-17T21:33:26.536272+09:00
Diagnosis Rule,,,failed,False,2026-08-23T03:20:15.434284+09:00
Diagnosis Sale,,,failed,False,2026-08-21T02:24:39.206528+09:00
Diagnosis Sample,90.0,0.0,success,False,2026-08-19T22:01:08.341225+09:00
Diagnosis Scale,,,failed,False,2026-08-17T21:34:29.947705+09:00
Diagnosis Scanner,6600.0,100.0,success,False,2026-08-27T23:52:13.665480+09:00
Diagnosis Scheduler,,,failed,False,2026-08-17T23:27:00.420532+09:00
Diagnosis Scope,,,failed,False,2026-08-17T21:31:46.266854+09:00
Diagnosis Score,,,failed,False,2026-08-19T13:41:59.783078+09:00
Diagnosis Sentry,,,failed,False,2026-08-17T20:41:58.937145+09:00
Diagnosis Sheet,170.0,0.0,success,False,2026-08-19T13:41:39.168311+09:00
Diagnosis Shortfall,,,failed,False,2026-08-27T21:50:46.767806+09:00
Diagnosis Signal,,,failed,False,2026-08-17T21:33:59.802696+09:00
Diagnosis Signature,,,failed,False,2026-08-23T13:27:56.242264+09:00
Diagnosis Slip,,,failed,False,2026-08-19T22:00:58.577087+09:00
Diagnosis Slot,,,failed,False,2026-08-19T22:01:17.483163+09:00
Diagnosis Snapshot,,,failed,False,2026-08-18T22:11:45.045166+09:00
Diagnosis Stage,170.0,0.0,success,False,2026-08-28T00:46:30.511685+09:00
Diagnosis Stake,,,failed,False,2026-08-23T02:55:21.397263+09:00
Diagnosis Statement,140.0,0.0,success,False,2026-08-21T00:36:11.342304+09:00
Diagnosis Station,,,failed,False,2026-08-17T20:33:30.325030+09:00
Diagnosis Status,50.0,0.0,success,False,2026-08-19T20:40:28.949050+09:00
Diagnosis Stub,,,failed,False,2026-08-21T00:36:08.674469+09:00
Diagnosis Studio,,,failed,False,2026-08-17T20:35:18.626237+09:00
Diagnosis Suite,,,failed,False,2026-08-17T23:26:30.057004+09:00
Diagnosis Sum,,,failed,False,2026-08-21T02:24:19.138497+09:00
Diagnosis Summary,210.0,0.0,success,False,2026-08-19T21:13:46.122895+09:00
Diagnosis Sync,,,failed,False,2026-08-17T20:37:45.876313+09:00
Diagnosis Tab,590.0,10.0,success,False,2026-08-21T00:36:37.815514+09:00
Diagnosis Table,140.0,1.0,success,False,2026-08-19T22:00:41.038270+09:00
Diagnosis Tag,,,failed,False,2026-08-19T13:42:25.449993+09:00
Diagnosis Tally,,,failed,False,2026-08-21T00:36:16.111706+09:00
Diagnosis Tariff,,,failed,False,2026-08-21T02:40:38.159052+09:00
Diagnosis Tax,,,failed,False,2026-08-21T02:08:48.919404+09:00
Diagnosis Ticket,8100.0,0.0,success,True,2026-08-19T21:14:39.007898+09:00
Diagnosis Timeline,,,failed,False,2026-08-19T21:13:57.456241+09:00
Diagnosis Timer,,,failed,False,2026-08-28T00:22:31.262546+09:00
Diagnosis Toll,,,failed,False,2026-08-21T02:40:30.595557+09:00
Diagnosis Toolbox,,,failed,False,2026-08-28T00:22:36.820060+09:00
Diagnosis Toolkit,,,failed,False,2026-08-18T22:11:19.240583+09:00
Diagnosis Total,,,failed,False,2026-08-27T23:10:24.868971+09:00
Diagnosis Tracker,320.0,2.0,success,False,2026-08-17T20:38:36.286112+09:00
Diagnosis Trail,,,failed,False,2026-08-17T21:30:05.905035+09:00
Diagnosis Trend,,,failed,False,2026-08-28T01:03:30.600111+09:00
Diagnosis Trial,,,failed,False,2026-08-27T21:19:43.592379+09:00
Diagnosis Unit,110.0,23.0,success,False,2026-08-21T01:51:52.747806+09:00
Diagnosis Update,,,failed,False,2026-08-19T20:41:22.304179+09:00
Diagnosis Value,20.0,0.0,success,False,2026-08-23T02:55:17.140000+09:00
Diagnosis Vault,,,failed,False,2026-08-18T07:52:30.485728+09:00
Diagnosis Version,,,failed,False,2026-08-23T03:20:07.416918+09:00
Diagnosis View,,,failed,False,2026-08-19T20:40:35.383963+09:00
Diagnosis Voucher,,,failed,False,2026-08-21T00:35:57.334663+09:00
Diagnosis Watch,,,failed,False,2026-08-17T21:33:00.443260+09:00
Diagnosis Wave,,,failed,False,2026-08-17T20:45:55.190861+09:00
Diagnosis Widget,,,failed,False,2026-08-27T23:10:28.498213+09:00
Diagnosis Workbench,,,failed,False,2026-08-18T22:11:11.945944+09:00
Diagnosis Worksheet,70.0,0.0,success,False,2026-08-27T22:15:29.214068+09:00
Diagnosis Workshop,,,failed,False,2026-08-28T00:22:34.191902+09:00
Diagnosis Zone,,,failed,False,2026-08-18T07:53:03.495247+09:00
Dialect Advisory,,,failed,False,2026-08-21T01:08:49.317162+09:00
Dialect Allowance,,,failed,False,2026-08-21T02:37:11.292116+09:00
Dialect Almanac,,,failed,False,2026-08-18T22:07:55.686998+09:00
Dialect Analyzer,,,failed,False,2026-08-27T23:54:10.053801+09:00
Dialect Anchor,,,failed,False,2026-08-18T22:10:27.962314+09:00
Dialect Assistant,,,failed,False,2026-08-18T22:04:51.222507+09:00
Dialect Atlas,70.0,0.0,success,False,2026-08-18T22:03:49.519359+09:00
Dialect Base,,,failed,False,2026-08-18T22:12:21.706710+09:00
Dialect Beacon,,,failed,False,2026-08-18T22:09:56.131275+09:00
Dialect Bill,,,failed,False,2026-08-19T22:02:19.043714+09:00
Dialect Blueprint,,,failed,False,2026-08-18T22:07:49.432223+09:00
Dialect Board,,,failed,False,2026-08-18T23:50:47.094448+09:00
Dialect Book,40.0,35.0,success,False,2026-08-19T22:03:08.515859+09:00
Dialect Bridge,,,failed,False,2026-08-18T22:10:18.505365+09:00
Dialect Brief,,,failed,False,2026-08-21T01:08:40.341221+09:00
Dialect Bulletin,,,failed,False,2026-08-21T01:08:36.289589+09:00
Dialect Calendar,,,failed,False,2026-08-19T00:04:33.745752+09:00
Dialect Card,,,failed,False,2026-08-19T13:31:17.650623+09:00
Dialect Cascade,,,failed,False,2026-08-18T22:10:12.310168+09:00
Dialect Cash,,,failed,False,2026-08-21T02:21:11.057858+09:00
Dialect Cashback,,,failed,False,2026-08-27T21:14:54.146372+09:00
Dialect Catalog,,,failed,False,2026-08-19T21:19:39.587475+09:00
Dialect Center,,,failed,False,2026-08-18T23:50:47.094448+09:00
Dialect Chain,110.0,0.0,success,False,2026-08-18T22:02:46.582498+09:00
Dialect Charge,,,failed,False,2026-08-21T02:36:58.611410+09:00
Dialect Check,,,failed,False,2026-08-19T13:31:44.608385+09:00
Dialect Checker,10.0,2.0,success,False,2026-08-27T23:54:04.696724+09:00
Dialect Checklist,,,failed,False,2026-08-19T21:18:38.634661+09:00
Dialect Circular,,,failed,False,2026-08-21T01:08:45.073430+09:00
Dialect Cockpit,,,failed,False,2026-08-18T22:05:55.715721+09:00
Dialect Code,,,failed,False,2026-08-19T22:02:41.688719+09:00
Dialect Codex,,,failed,False,2026-08-18T22:08:11.096453+09:00
Dialect Companion,,,failed,False,2026-08-18T22:06:23.871734+09:00
Dialect Comparison,10.0,0.0,success,False,2026-08-28T01:04:22.068071+09:00
Dialect Compass,,,failed,False,2026-08-18T22:09:49.300650+09:00
Dialect Compendium,,,failed,False,2026-08-18T22:08:04.928972+09:00
Dialect Confirmation,,,failed,False,2026-08-21T01:08:59.079967+09:00
Dialect Console,,,failed,False,2026-08-18T23:50:47.094448+09:00
Dialect Converter,590.0,12.0,success,False,2026-08-27T23:33:44.180907+09:00
Dialect Core,,,failed,False,2026-08-18T23:50:47.094448+09:00
Dialect Cost,,,failed,False,2026-08-21T02:15:26.957875+09:00
Dialect Count,,,failed,False,2026-08-27T22:46:56.250105+09:00
Dialect Counter,,,failed,False,2026-08-19T00:05:11.440472+09:00
Dialect Coupon,,,failed,False,2026-08-27T21:14:49.306471+09:00
Dialect Dashboard,,,failed,False,2026-08-18T22:06:05.649081+09:00
Dialect Deal,,,failed,False,2026-08-21T01:59:58.362427+09:00
Dialect Debt,,,failed,False,2026-08-21T02:21:00.139536+09:00
Dialect Deck,,,failed,False,2026-08-18T23:50:48.933395+09:00
Dialect Depot,,,failed,False,2026-08-19T00:04:59.396392+09:00
Dialect Desk,,,failed,False,2026-08-18T22:09:17.362565+09:00
Dialect Detail,,,failed,False,2026-08-23T03:15:51.596433+09:00
Dialect Detector,90.0,2.0,success,False,2026-08-27T23:54:07.466946+09:00
Dialect Diagram,,,failed,False,2026-08-27T22:09:13.645963+09:00
Dialect Dial,,,failed,False,2026-08-18T23:50:48.933395+09:00
Dialect Digest,,,failed,False,2026-08-19T20:46:02.034696+09:00
Dialect Directory,,,failed,False,2026-08-19T00:04:38.069566+09:00
Dialect Dock,,,failed,False,2026-08-18T23:50:48.933395+09:00
Dialect Dossier,,,failed,False,2026-08-21T01:09:04.636561+09:00
Dialect Draft,,,failed,False,2026-08-19T20:46:10.724712+09:00
Dialect Duty,,,failed,False,2026-08-21T02:37:01.944995+09:00
Dialect Engine,,,failed,False,2026-08-18T22:04:42.771017+09:00
Dialect Entry,,,failed,False,2026-08-21T01:09:17.934023+09:00
Dialect Estimate,,,failed,False,2026-08-19T21:19:27.756536+09:00
Dialect Excerpt,,,failed,False,2026-08-21T01:09:12.434019+09:00
Dialect Fare,,,failed,False,2026-08-21T02:15:31.230859+09:00
Dialect Fee,,,failed,False,2026-08-21T01:59:42.509744+09:00
Dialect Feed,,,failed,False,2026-08-19T20:46:06.697629+09:00
Dialect File,,,failed,False,2026-08-19T20:45:37.673361+09:00
Dialect Finder,20.0,0.0,success,False,2026-08-19T00:04:50.750995+09:00
Dialect Flag,,,failed,False,2026-08-21T00:35:57.334663+09:00
Dialect Flow,,,failed,False,2026-08-18T22:08:52.301038+09:00
Dialect Forge,,,failed,False,2026-08-18T22:10:04.357387+09:00
Dialect Form,20.0,0.0,success,False,2026-08-19T13:31:05.950766+09:00
Dialect Format,,,failed,False,2026-08-23T13:05:32.456522+09:00
Dialect Frame,,,failed,False,2026-08-18T22:12:15.534077+09:00
Dialect Fund,,,failed,False,2026-08-21T02:21:02.332570+09:00
Dialect Gate,,,failed,False,2026-08-18T22:03:16.704658+09:00
Dialect Giveaway,,,failed,False,2026-08-27T21:14:58.792070+09:00
Dialect Grade,,,failed,False,2026-08-21T00:35:39.216644+09:00
Dialect Graph,,,failed,False,2026-08-27T22:09:01.274163+09:00
Dialect Grid,,,failed,False,2026-08-18T22:11:07.698009+09:00
Dialect Guarantee,,,failed,False,2026-08-28T01:04:28.102899+09:00
Dialect Guard,,,failed,False,2026-08-18T22:08:28.742242+09:00
Dialect Guardian,,,failed,False,2026-08-28T00:23:53.902588+09:00
Dialect Guidebook,,,failed,False,2026-08-18T22:07:33.444344+09:00
Dialect Helpdesk,,,failed,False,2026-08-27T22:46:59.897454+09:00
Dialect Helper,,,failed,False,2026-08-28T00:23:58.859062+09:00
Dialect History,20.0,0.0,success,False,2026-08-19T20:45:29.456295+09:00
Dialect Hotline,,,failed,False,2026-08-19T21:19:50.890463+09:00
Dialect Hub,,,failed,False,2026-08-18T22:09:01.069434+09:00
Dialect Identifier,10.0,0.0,success,False,2026-08-23T13:05:25.615596+09:00
Dialect Incentive,,,failed,False,2026-08-27T21:14:56.322045+09:00
Dialect Index,,,failed,False,2026-08-19T21:18:51.088595+09:00
Dialect Insight,,,failed,False,2026-08-18T22:05:40.235062+09:00
Dialect Item,,,failed,False,2026-08-21T01:59:47.241476+09:00
Dialect Journal,2900.0,0.0,success,True,2026-08-18T22:07:16.682645+09:00
Dialect Keeper,,,failed,False,2026-08-18T22:04:08.939820+09:00
Dialect Kit,,,failed,False,2026-08-27T22:46:50.983424+09:00
Dialect Lab,,,failed,False,2026-08-18T23:50:48.933395+09:00
Dialect Label,,,failed,False,2026-08-27T22:09:05.119901+09:00
Dialect Ledger,,,failed,False,2026-08-18T23:50:48.933395+09:00
Dialect Lens,,,failed,False,2026-08-18T22:12:08.779533+09:00
Dialect Level,,,failed,False,2026-08-19T20:45:45.249853+09:00
Dialect Link,,,failed,False,2026-08-23T03:15:41.007114+09:00
Dialect List,70.0,0.0,success,False,2026-08-19T22:02:50.225246+09:00
Dialect Loan,,,failed,False,2026-08-21T02:06:01.492109+09:00
Dialect Locator,,,failed,False,2026-08-19T00:04:44.561310+09:00
Dialect Lock,,,failed,False,2026-08-18T22:11:49.715981+09:00
Dialect Log,,,failed,False,2026-08-19T13:31:00.342217+09:00
Dialect Loop,,,failed,False,2026-08-18T22:10:59.912583+09:00
Dialect Manager,,,failed,False,2026-08-18T22:04:23.726026+09:00
Dialect Manual,,,failed,False,2026-08-27T22:09:07.960139+09:00
Dialect Map,1900.0,0.0,success,True,2026-08-18T22:11:59.574853+09:00
Dialect Margin,,,failed,False,2026-08-23T02:52:51.254134+09:00
Dialect Marker,,,failed,False,2026-08-23T13:26:55.054155+09:00
Dialect Markup,,,failed,False,2026-08-23T16:37:52.353259+09:00
Dialect Memo,,,failed,False,2026-08-21T00:35:46.572141+09:00
Dialect Meter,,,failed,False,2026-08-18T23:50:48.933395+09:00
Dialect Metrics,,,failed,False,2026-08-18T22:05:47.884963+09:00
Dialect Monitor,,,failed,False,2026-08-18T22:05:30.177500+09:00
Dialect Navigator,,,failed,False,2026-08-18T22:06:14.738388+09:00
Dialect Nexus,,,failed,False,2026-08-18T22:03:30.222566+09:00
Dialect Node,,,failed,False,2026-08-18T22:03:05.761687+09:00
Dialect Note,,,failed,False,2026-08-19T13:32:02.705004+09:00
Dialect Notification,,,failed,False,2026-08-27T22:46:48.643972+09:00
Dialect Number,,,failed,False,2026-08-23T03:15:35.333103+09:00
Dialect Office,,,failed,False,2026-08-19T00:05:06.053297+09:00
Dialect Ops,,,failed,False,2026-08-18T22:06:41.570881+09:00
Dialect Order,,,failed,False,2026-08-19T22:02:05.634117+09:00
Dialect Organizer,,,failed,False,2026-08-18T22:05:21.769406+09:00
Dialect Panel,,,failed,False,2026-08-18T23:50:48.933395+09:00
Dialect Path,,,failed,False,2026-08-18T22:11:34.911588+09:00
Dialect Penalty,,,failed,False,2026-08-23T16:37:52.353259+09:00
Dialect Petition,,,failed,False,2026-08-21T01:08:54.756215+09:00
Dialect Pilot,,,failed,False,2026-08-18T22:09:09.487365+09:00
Dialect Plan,,,failed,False,2026-08-21T01:59:53.471915+09:00
Dialect Planner,,,failed,False,2026-08-18T22:05:02.516248+09:00
Dialect Playbook,,,failed,False,2026-08-18T22:07:07.445674+09:00
Dialect Point,,,failed,False,2026-08-18T22:11:41.345427+09:00
Dialect Portal,,,failed,False,2026-08-18T23:50:48.933395+09:00
Dialect Profile,,,failed,False,2026-08-19T13:32:19.751583+09:00
Dialect Profit,,,failed,False,2026-08-23T02:52:43.639669+09:00
Dialect Pulse,,,failed,False,2026-08-18T22:11:16.114719+09:00
Dialect Queue,,,failed,False,2026-08-19T21:19:17.312411+09:00
Dialect Quota,,,failed,False,2026-08-21T00:35:52.521460+09:00
Dialect Radar,,,failed,False,2026-08-18T22:09:25.652147+09:00
Dialect Rate,,,failed,False,2026-08-19T20:45:50.851524+09:00
Dialect Recap,,,failed,False,2026-08-21T01:09:08.778546+09:00
Dialect Receipt,,,failed,False,2026-08-19T22:02:29.042116+09:00
Dialect Recorder,,,failed,False,2026-08-27T23:33:49.410538+09:00
Dialect Redemption,,,failed,False,2026-08-23T16:37:54.537855+09:00
Dialect Register,110.0,0.0,success,False,2026-08-18T22:06:31.917725+09:00
Dialect Registry,,,failed,False,2026-08-18T22:07:40.431986+09:00
Dialect Relay,,,failed,False,2026-08-18T22:09:32.067298+09:00
Dialect Reminder,,,failed,False,2026-08-19T21:18:26.718972+09:00
Dialect Report,,,failed,False,2026-08-19T13:30:50.408917+09:00
Dialect Ring,,,failed,False,2026-08-18T22:02:56.704517+09:00
Dialect Roadmap,,,failed,False,2026-08-18T22:08:19.564377+09:00
Dialect Roster,,,failed,False,2026-08-19T00:37:08.393662+09:00
Dialect Route,,,failed,False,2026-08-18T23:50:48.933395+09:00
Dialect Rule,,,failed,False,2026-08-23T03:15:44.979812+09:00
Dialect Sale,,,failed,False,2026-08-21T02:21:14.623269+09:00
Dialect Sample,20.0,0.0,success,False,2026-08-19T22:03:26.204468+09:00
Dialect Scale,,,failed,False,2026-08-18T23:50:48.933395+09:00
Dialect Scanner,,,failed,False,2026-08-27T23:54:04.696724+09:00
Dialect Scheduler,,,failed,False,2026-08-18T22:05:11.798475+09:00
Dialect Scope,,,failed,False,2026-08-18T22:10:53.801114+09:00
Dialect Score,,,failed,False,2026-08-19T13:31:52.943506+09:00
Dialect Sentry,,,failed,False,2026-08-18T22:04:00.845205+09:00
Dialect Sheet,,,failed,False,2026-08-19T13:31:38.491721+09:00
Dialect Signal,,,failed,False,2026-08-18T22:10:34.249457+09:00
Dialect Slip,,,failed,False,2026-08-19T22:03:17.563220+09:00
Dialect Slot,,,failed,False,2026-08-19T22:03:36.532480+09:00
Dialect Snapshot,,,failed,False,2026-08-18T22:07:24.351116+09:00
Dialect Stake,,,failed,False,2026-08-23T02:52:49.123666+09:00
Dialect Statement,,,failed,False,2026-08-21T00:35:31.431507+09:00
Dialect Station,,,failed,False,2026-08-18T23:50:48.933395+09:00
Dialect Status,10.0,,success,False,2026-08-19T20:45:14.737555+09:00
Dialect Stipend,,,failed,False,2026-08-23T13:45:59.921070+09:00
Dialect Studio,10.0,0.0,success,False,2026-08-18T23:50:48.933395+09:00
Dialect Suite,,,failed,False,2026-08-18T22:04:32.030179+09:00
Dialect Sum,,,failed,False,2026-08-21T02:20:57.219379+09:00
Dialect Summary,,,failed,False,2026-08-19T21:18:03.656517+09:00
Dialect Surtax,,,failed,False,2026-08-23T15:51:01.656182+09:00
Dialect Sync,,,failed,False,2026-08-18T22:08:43.049836+09:00
Dialect Tab,,,failed,False,2026-08-21T00:36:00.602558+09:00
Dialect Table,,,failed,False,2026-08-19T22:02:59.053365+09:00
Dialect Tag,,,failed,False,2026-08-19T13:32:09.131651+09:00
Dialect Tally,,,failed,False,2026-08-21T00:35:34.561312+09:00
Dialect Tariff,,,failed,False,2026-08-21T02:37:15.297674+09:00
Dialect Tax,,,failed,False,2026-08-21T02:15:35.751133+09:00
Dialect Terminal,,,failed,False,2026-08-18T23:50:48.933395+09:00
Dialect Ticket,,,failed,False,2026-08-19T21:19:03.809657+09:00
Dialect Timeline,,,failed,False,2026-08-19T21:18:14.475118+09:00
Dialect Toll,,,failed,False,2026-08-21T02:37:07.617432+09:00
Dialect Toolbox,,,failed,False,2026-08-28T00:23:56.463149+09:00
Dialect Toolkit,,,failed,False,2026-08-18T22:06:59.160335+09:00
Dialect Tracker,,,failed,False,2026-08-18T22:08:34.595424+09:00
Dialect Trail,,,failed,False,2026-08-18T22:02:35.560643+09:00
Dialect Trial,,,failed,False,2026-08-27T21:14:54.146372+09:00
Dialect Unit,,,failed,False,2026-08-21T01:59:50.051478+09:00
Dialect Update,,,failed,False,2026-08-19T20:45:56.516624+09:00
Dialect Value,,,failed,False,2026-08-23T02:52:46.674301+09:00
Dialect Vault,,,failed,False,2026-08-18T22:09:39.839296+09:00
Dialect Version,,,failed,False,2026-08-23T03:15:38.644159+09:00
Dialect View,,,failed,False,2026-08-19T20:45:21.816276+09:00
Dialect Watch,,,failed,False,2026-08-18T22:10:43.266214+09:00
Dialect Wave,,,failed,False,2026-08-18T22:11:24.179554+09:00
Dialect Widget,,,failed,False,2026-08-27T23:12:02.088858+09:00
Dialect Workbench,,,failed,False,2026-08-18T22:06:49.548592+09:00
Dialect Workshop,,,failed,False,2026-08-28T00:23:49.555058+09:00
Dialect Zone,,,failed,False,2026-08-18T23:50:48.933395+09:00
Discharge Advance,,,failed,False,2026-08-23T16:15:06.058154+09:00
Discharge Advisory,,,failed,False,2026-08-21T01:06:44.007854+09:00
Discharge Alert,10.0,0.0,success,False,2026-08-19T12:23:56.615526+09:00
Discharge Allowance,10.0,0.0,success,False,2026-08-21T02:37:31.175739+09:00
Discharge Almanac,,,failed,False,2026-08-18T22:06:09.670880+09:00
Discharge Analyzer,,,failed,False,2026-08-27T23:51:07.494975+09:00
Discharge Anchor,,,failed,False,2026-08-17T21:32:25.465592+09:00
Discharge Arrears,,,failed,False,2026-08-23T16:15:01.314751+09:00
Discharge Assistant,30.0,1.0,success,False,2026-08-17T23:05:30.117127+09:00
Discharge Atlas,,,failed,False,2026-08-17T20:40:49.686418+09:00
Discharge Attribute,,,failed,False,2026-08-23T13:06:29.194377+09:00
Discharge Badge,10.0,29.0,success,False,2026-08-21T00:32:20.380964+09:00
Discharge Balance,,,failed,False,2026-08-23T13:47:05.237339+09:00
Discharge Base,20.0,12.0,success,False,2026-08-17T20:37:49.257868+09:00
Discharge Beacon,,,failed,False,2026-08-17T21:36:36.847955+09:00
Discharge Bill,110.0,0.0,success,False,2026-08-19T21:49:58.938963+09:00
Discharge Blueprint,,,failed,False,2026-08-18T22:06:01.196080+09:00
Discharge Board,50.0,1.0,success,False,2026-08-17T20:34:51.045190+09:00
Discharge Book,590.0,0.0,success,False,2026-08-19T21:50:54.613076+09:00
Discharge Bridge,,,failed,False,2026-08-17T21:33:28.260657+09:00
Discharge Brief,,,failed,False,2026-08-21T01:06:31.516088+09:00
Discharge Bulletin,,,failed,False,2026-08-21T01:06:23.582625+09:00
Discharge Cabinet,,,failed,False,2026-08-27T23:11:44.740129+09:00
Discharge Calendar,90.0,4.0,success,False,2026-08-19T00:03:12.143780+09:00
Discharge Card,590.0,0.0,success,False,2026-08-19T13:25:55.543115+09:00
Discharge Cascade,,,failed,False,2026-08-17T21:34:31.783933+09:00
Discharge Cash,,,failed,False,2026-08-21T02:22:10.235863+09:00
Discharge Catalog,,,failed,False,2026-08-19T21:03:41.880915+09:00
Discharge Category,,,failed,False,2026-08-23T13:06:27.049949+09:00
Discharge Center,,,failed,False,2026-08-17T21:39:57.727763+09:00
Discharge Chain,,,failed,False,2026-08-17T20:45:10.862003+09:00
Discharge Charge,720.0,0.0,success,False,2026-08-21T02:37:15.297674+09:00
Discharge Check,50.0,19.0,success,False,2026-08-19T13:26:15.412219+09:00
Discharge Checker,50.0,19.0,success,False,2026-08-27T23:51:00.030552+09:00
Discharge Checklist,170.0,1.0,success,False,2026-08-19T21:04:58.271286+09:00
Discharge Circular,,,failed,False,2026-08-21T01:06:36.051415+09:00
Discharge Cockpit,,,failed,False,2026-08-17T23:03:48.755656+09:00
Discharge Code,320.0,0.0,success,False,2026-08-19T21:50:21.596797+09:00
Discharge Codex,,,failed,False,2026-08-18T22:06:29.857370+09:00
Discharge Companion,,,failed,False,2026-08-17T22:50:34.703098+09:00
Discharge Comparison,,,failed,False,2026-08-28T01:01:51.337076+09:00
Discharge Compass,,,failed,False,2026-08-17T21:37:46.877382+09:00
Discharge Compendium,,,failed,False,2026-08-18T22:06:18.385841+09:00
Discharge Confirmation,,,failed,False,2026-08-21T01:06:53.303863+09:00
Discharge Console,,,failed,False,2026-08-17T21:36:10.133574+09:00
Discharge Copayment,,,failed,False,2026-08-23T16:39:23.209795+09:00
Discharge Core,,,failed,False,2026-08-17T20:36:51.044622+09:00
Discharge Cost,,,failed,False,2026-08-21T02:14:19.948102+09:00
Discharge Count,,,failed,False,2026-08-27T22:46:08.024081+09:00
Discharge Counter,30.0,0.0,success,False,2026-08-18T23:57:02.622913+09:00
Discharge Dashboard,,,failed,False,2026-08-17T23:09:02.276027+09:00
Discharge Deal,,,failed,False,2026-08-21T01:58:35.810953+09:00
Discharge Debt,880.0,15.0,success,False,2026-08-21T02:21:59.749711+09:00
Discharge Deck,,,failed,False,2026-08-17T20:34:02.071546+09:00
Discharge Depot,,,failed,False,2026-08-19T00:03:41.244683+09:00
Discharge Desk,,,failed,False,2026-08-18T07:43:33.708043+09:00
Discharge Detail,,,failed,False,2026-08-23T03:17:21.558443+09:00
Discharge Detector,10.0,9.0,success,False,2026-08-27T23:51:07.494975+09:00
Discharge Dial,,,failed,False,2026-08-17T21:34:01.777052+09:00
Discharge Digest,,,failed,False,2026-08-19T20:46:20.200545+09:00
Discharge Directory,,,failed,False,2026-08-19T00:03:21.455005+09:00
Discharge Discount,,,failed,False,2026-08-23T16:14:56.824333+09:00
Discharge Dock,,,failed,False,2026-08-17T20:48:23.905428+09:00
Discharge Dossier,,,failed,False,2026-08-21T01:06:58.606298+09:00
Discharge Draft,,,failed,False,2026-08-19T20:37:22.627194+09:00
Discharge Due,,,failed,False,2026-08-23T15:51:57.634783+09:00
Discharge Duty,590.0,0.0,success,False,2026-08-21T02:37:22.596537+09:00
Discharge Engine,,,failed,False,2026-08-17T23:12:59.903146+09:00
Discharge Entry,,,failed,False,2026-08-21T01:07:11.720033+09:00
Discharge Estimate,,,failed,False,2026-08-19T21:03:23.930623+09:00
Discharge Estimator,,,failed,False,2026-08-27T23:50:54.897553+09:00
Discharge Excerpt,,,failed,False,2026-08-21T01:07:07.368570+09:00
Discharge Extension,,,failed,False,2026-08-23T16:39:25.527330+09:00
Discharge Fare,,,failed,False,2026-08-21T02:06:07.596179+09:00
Discharge Fee,210.0,1.0,success,False,2026-08-21T02:05:48.650139+09:00
Discharge Feed,,,failed,False,2026-08-19T20:46:24.803660+09:00
Discharge File,50.0,0.0,success,False,2026-08-19T20:46:00.045081+09:00
Discharge Finder,,,failed,False,2026-08-19T00:03:31.307926+09:00
Discharge Fine,,,failed,False,2026-08-23T02:53:27.977389+09:00
Discharge Flag,20.0,0.0,success,False,2026-08-21T00:32:59.208813+09:00
Discharge Flow,210.0,0.0,success,False,2026-08-17T20:34:25.476328+09:00
Discharge Forge,,,failed,False,2026-08-17T21:35:36.118436+09:00
Discharge Form,1000.0,0.0,success,True,2026-08-19T13:25:47.267780+09:00
Discharge Format,1000.0,0.0,success,True,2026-08-23T13:06:33.832553+09:00
Discharge Frame,,,failed,False,2026-08-17T20:38:37.912313+09:00
Discharge Fund,10.0,0.0,success,False,2026-08-21T02:22:03.460496+09:00
Discharge Gate,70.0,0.0,success,False,2026-08-17T20:42:19.428112+09:00
Discharge Generator,,,failed,False,2026-08-27T23:33:44.180907+09:00
Discharge Grade,,,failed,False,2026-08-21T00:32:45.504063+09:00
Discharge Graph,70.0,0.0,success,False,2026-08-27T22:07:09.283408+09:00
Discharge Grid,,,failed,False,2026-08-17T20:45:34.633599+09:00
Discharge Guarantee,,,failed,False,2026-08-28T01:01:58.415917+09:00
Discharge Guard,20.0,92.0,success,False,2026-08-17T20:37:18.091212+09:00
Discharge Guardian,,,failed,False,2026-08-28T00:21:24.701670+09:00
Discharge Guidebook,,,failed,False,2026-08-18T22:05:44.090365+09:00
Discharge Helpdesk,,,failed,False,2026-08-27T22:46:12.811571+09:00
Discharge Helper,,,failed,False,2026-08-28T00:21:27.462723+09:00
Discharge History,10.0,0.0,success,False,2026-08-19T20:45:53.854460+09:00
Discharge Hotline,,,failed,False,2026-08-19T21:03:55.204280+09:00
Discharge Hub,40.0,0.0,success,False,2026-08-17T20:33:31.328442+09:00
Discharge Identifier,20.0,17.0,success,False,2026-08-23T13:06:24.369926+09:00
Discharge Index,,,failed,False,2026-08-19T21:05:10.807996+09:00
Discharge Insight,,,failed,False,2026-08-17T23:09:26.162855+09:00
Discharge Installment,,,failed,False,2026-08-23T16:14:56.824333+09:00
Discharge Item,,,failed,False,2026-08-21T01:58:23.267631+09:00
Discharge Journal,,,failed,False,2026-08-18T22:05:25.774321+09:00
Discharge Keeper,20.0,4.0,success,False,2026-08-17T20:39:09.333217+09:00
Discharge Kit,70.0,9.0,success,False,2026-08-27T22:46:05.352618+09:00
Discharge Lab,,,failed,False,2026-08-17T20:31:49.556843+09:00
Discharge Label,10.0,29.0,success,False,2026-08-27T22:07:14.755817+09:00
Discharge Ledger,,,failed,False,2026-08-17T20:35:51.368204+09:00
Discharge Lens,,,failed,False,2026-08-17T20:39:32.550443+09:00
Discharge Levy,,,failed,False,2026-08-23T13:47:07.330354+09:00
Discharge Link,,,failed,False,2026-08-23T03:17:09.077548+09:00
Discharge List,70.0,0.0,success,False,2026-08-19T21:50:33.278837+09:00
Discharge Loan,880.0,10.0,success,False,2026-08-21T02:06:17.677670+09:00
Discharge Locator,,,failed,False,2026-08-19T00:03:25.935082+09:00
Discharge Lock,,,failed,False,2026-08-17T20:41:11.362619+09:00
Discharge Log,,,failed,False,2026-08-19T13:25:14.797860+09:00
Discharge Loop,50.0,0.0,success,False,2026-08-17T20:46:26.563596+09:00
Discharge Manager,30.0,0.0,success,False,2026-08-17T20:38:12.491374+09:00
Discharge Manual,,,failed,False,2026-08-27T22:07:17.176446+09:00
Discharge Map,40.0,0.0,success,False,2026-08-17T20:40:27.760312+09:00
Discharge Margin,,,failed,False,2026-08-23T02:53:25.456581+09:00
Discharge Markup,,,failed,False,2026-08-23T16:39:21.186657+09:00
Discharge Memo,20.0,0.0,success,False,2026-08-21T00:32:50.317142+09:00
Discharge Message,,,failed,False,2026-08-27T23:11:39.748613+09:00
Discharge Meter,40.0,65.0,success,False,2026-08-17T21:33:02.340741+09:00
Discharge Metrics,,,failed,False,2026-08-17T23:06:43.544679+09:00
Discharge Monitor,20.0,0.0,success,False,2026-08-17T23:07:23.914294+09:00
Discharge Navigator,30.0,5.0,success,False,2026-08-17T23:11:03.494377+09:00
Discharge Nexus,,,failed,False,2026-08-17T20:41:35.724700+09:00
Discharge Node,,,failed,False,2026-08-17T20:43:16.751377+09:00
Discharge Note,720.0,1.0,success,False,2026-08-19T13:27:02.036577+09:00
Discharge Notification,40.0,0.0,success,False,2026-08-27T22:46:02.765409+09:00
Discharge Number,20.0,0.0,success,False,2026-08-23T03:17:02.268689+09:00
Discharge Office,50.0,0.0,success,False,2026-08-19T00:03:46.728628+09:00
Discharge Ops,,,failed,False,2026-08-17T23:10:43.579186+09:00
Discharge Order,320.0,0.0,success,False,2026-08-19T21:49:45.321625+09:00
Discharge Organizer,,,failed,False,2026-08-17T23:14:36.904616+09:00
Discharge Overdue,,,failed,False,2026-08-27T21:46:01.626926+09:00
Discharge Panel,,,failed,False,2026-08-17T21:35:06.399475+09:00
Discharge Pass,,,failed,False,2026-08-21T00:32:08.971513+09:00
Discharge Path,20.0,0.0,success,False,2026-08-17T20:42:49.578916+09:00
Discharge Penalty,,,failed,False,2026-08-23T16:39:18.952764+09:00
Discharge Petition,22200.0,0.0,success,True,2026-08-21T01:06:46.678178+09:00
Discharge Pilot,,,failed,False,2026-08-17T20:32:23.142780+09:00
Discharge Plan,4400.0,1.0,success,False,2026-08-21T01:58:34.274743+09:00
Discharge Planner,4400.0,1.0,success,False,2026-08-17T23:07:41.199314+09:00
Discharge Playbook,,,failed,False,2026-08-18T22:05:17.781482+09:00
Discharge Point,210.0,0.0,success,False,2026-08-17T20:42:00.146835+09:00
Discharge Portal,,,failed,False,2026-08-17T21:37:08.932405+09:00
Discharge Preview,,,failed,False,2026-08-28T01:01:55.633503+09:00
Discharge Price,,,failed,False,2026-08-21T02:06:01.492109+09:00
Discharge Profile,10.0,0.0,success,False,2026-08-19T13:27:22.269137+09:00
Discharge Profit,,,failed,False,2026-08-23T02:53:17.402090+09:00
Discharge Proposal,,,failed,False,2026-08-28T01:01:55.633503+09:00
Discharge Pulse,,,failed,False,2026-08-17T20:44:32.138425+09:00
Discharge Queue,,,failed,False,2026-08-19T21:05:35.157530+09:00
Discharge Quota,,,failed,False,2026-08-21T00:32:54.976982+09:00
Discharge Radar,,,failed,False,2026-08-18T07:43:35.299259+09:00
Discharge Rail,,,failed,False,2026-08-17T20:47:07.356899+09:00
Discharge Rate,590.0,0.0,success,False,2026-08-19T20:46:08.912085+09:00
Discharge Recap,,,failed,False,2026-08-21T01:07:02.843245+09:00
Discharge Receipt,90.0,0.0,success,False,2026-08-19T21:50:09.573666+09:00
Discharge Recorder,,,failed,False,2026-08-27T23:31:14.136748+09:00
Discharge Register,70.0,0.0,success,False,2026-08-17T23:05:32.537259+09:00
Discharge Registry,,,failed,False,2026-08-18T22:05:53.928204+09:00
Discharge Relay,20.0,1.0,success,False,2026-08-17T21:41:14.862117+09:00
Discharge Reminder,,,failed,False,2026-08-19T21:04:44.071622+09:00
Discharge Report,590.0,0.0,success,False,2026-08-19T13:25:04.340704+09:00
Discharge Repository,,,failed,False,2026-08-27T23:11:44.740129+09:00
Discharge Result,,,failed,False,2026-08-28T00:45:35.673593+09:00
Discharge Roadmap,,,failed,False,2026-08-18T22:06:39.446315+09:00
Discharge Route,,,failed,False,2026-08-17T21:30:41.512165+09:00
Discharge Rule,20.0,0.0,success,False,2026-08-23T03:17:13.101010+09:00
Discharge Sale,,,failed,False,2026-08-21T02:22:13.751196+09:00
Discharge Sample,30.0,0.0,success,False,2026-08-19T21:51:16.066048+09:00
Discharge Scale,40.0,0.0,success,False,2026-08-17T21:31:49.761986+09:00
Discharge Scheduler,,,failed,False,2026-08-17T23:04:48.646277+09:00
Discharge Scope,,,failed,False,2026-08-17T20:47:47.373505+09:00
Discharge Score,90.0,0.0,success,False,2026-08-19T13:26:40.628357+09:00
Discharge Sentry,,,failed,False,2026-08-17T20:40:01.743309+09:00
Discharge Sheet,110.0,2.0,success,False,2026-08-19T13:26:07.690748+09:00
Discharge Signal,,,failed,False,2026-08-17T21:31:15.457583+09:00
Discharge Signature,,,failed,False,2026-08-23T13:27:31.185352+09:00
Discharge Slip,390.0,0.0,success,False,2026-08-19T21:51:07.578329+09:00
Discharge Slot,,,failed,False,2026-08-19T21:51:25.452105+09:00
Discharge Snapshot,,,failed,False,2026-08-18T22:05:35.647018+09:00
Discharge Stage,,,failed,False,2026-08-28T00:45:35.673593+09:00
Discharge Stake,,,failed,False,2026-08-23T02:53:19.802959+09:00
Discharge Stamp,50.0,27.0,success,False,2026-08-23T13:27:34.278860+09:00
Discharge Statement,90.0,0.0,success,False,2026-08-21T00:32:34.737926+09:00
Discharge Station,40.0,0.0,success,False,2026-08-18T07:52:08.139884+09:00
Discharge Status,260.0,0.0,success,False,2026-08-19T20:45:40.802029+09:00
Discharge Stub,,,failed,False,2026-08-21T00:32:26.715092+09:00
Discharge Studio,,,failed,False,2026-08-17T20:32:58.642411+09:00
Discharge Subsidy,,,failed,False,2026-08-23T15:51:59.728812+09:00
Discharge Suite,,,failed,False,2026-08-17T23:11:03.494377+09:00
Discharge Sum,,,failed,False,2026-08-21T02:21:52.863298+09:00
Discharge Summary,9900.0,0.0,success,True,2026-08-19T21:04:17.654082+09:00
Discharge Sync,,,failed,False,2026-08-17T20:35:20.751202+09:00
Discharge Tab,170.0,13.0,success,False,2026-08-21T00:33:03.712506+09:00
Discharge Table,50.0,0.0,success,False,2026-08-19T21:50:44.390054+09:00
Discharge Tag,,,failed,False,2026-08-19T13:27:09.579518+09:00
Discharge Tally,,,failed,False,2026-08-21T00:32:40.998784+09:00
Discharge Tariff,,,failed,False,2026-08-21T02:37:37.997164+09:00
Discharge Tax,30.0,0.0,success,False,2026-08-21T02:06:11.713342+09:00
Discharge Ticket,170.0,1.0,success,False,2026-08-19T21:05:22.464454+09:00
Discharge Timeline,50.0,1.0,success,False,2026-08-19T21:04:31.572257+09:00
Discharge Timer,,,failed,False,2026-08-28T00:21:19.709791+09:00
Discharge Toll,,,failed,False,2026-08-21T02:37:27.000959+09:00
Discharge Toolbox,,,failed,False,2026-08-28T00:21:24.701670+09:00
Discharge Toolkit,,,failed,False,2026-08-18T22:05:08.323728+09:00
Discharge Total,,,failed,False,2026-08-27T23:11:39.748613+09:00
Discharge Tracker,210.0,7.0,success,False,2026-08-17T20:36:18.497930+09:00
Discharge Trail,,,failed,False,2026-08-17T20:45:56.929111+09:00
Discharge Trend,,,failed,False,2026-08-28T01:01:51.337076+09:00
Discharge Trial,70.0,0.0,success,False,2026-08-27T21:13:01.722363+09:00
Discharge Unit,1000.0,0.0,success,True,2026-08-21T01:58:31.192900+09:00
Discharge Update,,,failed,False,2026-08-19T20:46:13.766068+09:00
Discharge Value,70.0,0.0,success,False,2026-08-23T02:53:17.402090+09:00
Discharge Vault,,,failed,False,2026-08-17T21:39:09.779186+09:00
Discharge Version,,,failed,False,2026-08-23T03:17:04.760167+09:00
Discharge View,,,failed,False,2026-08-19T20:45:48.837053+09:00
Discharge Voucher,320.0,0.0,success,False,2026-08-21T00:32:13.850788+09:00
Discharge Watch,,,failed,False,2026-08-17T21:30:08.257838+09:00
Discharge Wave,,,failed,False,2026-08-17T20:43:44.073906+09:00
Discharge Widget,,,failed,False,2026-08-27T23:11:42.330738+09:00
Discharge Workbench,,,failed,False,2026-08-18T22:04:58.367673+09:00
Discharge Worksheet,,,failed,False,2026-08-27T22:07:17.176446+09:00
Discharge Workshop,,,failed,False,2026-08-28T00:21:22.221803+09:00
Discharge Zone,110.0,0.0,success,False,2026-08-17T21:38:18.723173+09:00
Disclosure Alert,10.0,0.0,success,False,2026-08-21T00:47:13.306684+09:00
Disclosure Allowance,,,failed,False,2026-08-21T02:41:05.925111+09:00
Disclosure Analyzer,,,failed,False,2026-08-27T23:51:38.023281+09:00
Disclosure Announcement,20.0,0.0,success,False,2026-08-27T23:31:14.136748+09:00
Disclosure Assistant,10.0,0.0,success,False,2026-08-21T00:45:39.218297+09:00
Disclosure Atlas,10.0,,success,False,2026-08-21T00:45:30.035458+09:00
Disclosure Attribute,,,failed,False,2026-08-23T13:09:37.494287+09:00
Disclosure Badge,,,failed,False,2026-08-21T00:50:15.253919+09:00
Disclosure Base,,,failed,False,2026-08-21T00:43:59.576313+09:00
Disclosure Bay,210.0,0.0,success,False,2026-08-21T00:46:39.668460+09:00
Disclosure Beacon,,,failed,False,2026-08-21T00:51:13.532405+09:00
Disclosure Bill,20.0,0.0,success,False,2026-08-21T00:49:37.584742+09:00
Disclosure Board,390.0,0.0,success,False,2026-08-21T00:44:13.071089+09:00
Disclosure Booth,,,failed,False,2026-08-21T00:46:29.176332+09:00
Disclosure Bridge,,,failed,False,2026-08-21T00:51:25.324564+09:00
Disclosure Brief,,,failed,False,2026-08-21T01:01:01.220689+09:00
Disclosure Bulletin,,,failed,False,2026-08-21T01:00:54.642749+09:00
Disclosure Calendar,10.0,4.0,success,False,2026-08-21T00:46:03.316699+09:00
Disclosure Card,,,failed,False,2026-08-21T00:47:57.951273+09:00
Disclosure Cascade,,,failed,False,2026-08-21T00:51:22.640360+09:00
Disclosure Cash,,,failed,False,2026-08-21T02:23:51.443965+09:00
Disclosure Category,,,failed,False,2026-08-23T13:09:35.316031+09:00
Disclosure Center,,,failed,False,2026-08-21T00:44:38.874906+09:00
Disclosure Chain,,,failed,False,2026-08-21T00:45:13.293562+09:00
Disclosure Charge,,,failed,False,2026-08-21T02:40:47.085181+09:00
Disclosure Chart,,,failed,False,2026-08-21T00:47:16.635421+09:00
Disclosure Check,210.0,23.0,success,False,2026-08-21T00:48:07.260312+09:00
Disclosure Checker,210.0,23.0,success,False,2026-08-27T23:51:32.749499+09:00
Disclosure Circular,,,failed,False,2026-08-21T01:01:05.241118+09:00
Disclosure Code,10.0,0.0,success,False,2026-08-21T00:49:47.730802+09:00
Disclosure Companion,,,failed,False,2026-08-21T00:45:50.178398+09:00
Disclosure Comparison,,,failed,False,2026-08-28T01:03:43.206787+09:00
Disclosure Compass,,,failed,False,2026-08-21T00:51:07.998109+09:00
Disclosure Confirmation,,,failed,False,2026-08-21T01:01:13.751057+09:00
Disclosure Console,,,failed,False,2026-08-21T00:44:52.376787+09:00
Disclosure Contribution,,,failed,False,2026-08-23T16:13:52.514202+09:00
Disclosure Converter,,,failed,False,2026-08-27T23:31:21.274329+09:00
Disclosure Core,,,failed,False,2026-08-21T00:44:07.435932+09:00
Disclosure Cost,140.0,0.0,success,False,2026-08-21T02:06:40.735071+09:00
Disclosure Count,,,failed,False,2026-08-27T22:50:39.556744+09:00
Disclosure Counter,,,failed,False,2026-08-21T00:46:21.529361+09:00
Disclosure Deal,10.0,0.0,success,False,2026-08-21T01:59:26.364386+09:00
Disclosure Debt,,,failed,False,2026-08-21T02:23:45.182895+09:00
Disclosure Deck,10.0,0.0,success,False,2026-08-21T00:44:18.522946+09:00
Disclosure Desk,20.0,0.0,success,False,2026-08-21T00:50:50.084554+09:00
Disclosure Detail,,,failed,False,2026-08-23T03:22:22.094995+09:00
Disclosure Detector,,,failed,False,2026-08-27T23:51:35.408395+09:00
Disclosure Directory,,,failed,False,2026-08-21T00:46:06.764298+09:00
Disclosure Discount,,,failed,False,2026-08-23T16:13:45.288195+09:00
Disclosure Dossier,,,failed,False,2026-08-21T01:01:17.697392+09:00
Disclosure Downpayment,,,failed,False,2026-08-27T21:48:23.216174+09:00
Disclosure Draft,,,failed,False,2026-08-21T00:49:04.500727+09:00
Disclosure Due,,,failed,False,2026-08-23T15:51:20.195828+09:00
Disclosure Duty,880.0,0.0,success,False,2026-08-21T02:40:49.577434+09:00
Disclosure Engine,,,failed,False,2026-08-21T00:45:39.218297+09:00
Disclosure Entry,,,failed,False,2026-08-21T01:01:28.263811+09:00
Disclosure Estimate,,,failed,False,2026-08-21T00:49:27.660795+09:00
Disclosure Fare,,,failed,False,2026-08-21T02:06:47.400251+09:00
Disclosure Fee,170.0,0.0,success,False,2026-08-21T01:59:10.014934+09:00
Disclosure Feed,,,failed,False,2026-08-21T00:49:01.997073+09:00
Disclosure Field,,,failed,False,2026-08-23T13:09:39.563884+09:00
Disclosure File,170.0,2.0,success,False,2026-08-21T00:48:40.223162+09:00
Disclosure Fine,,,failed,False,2026-08-23T02:56:24.253545+09:00
Disclosure Flow,50.0,0.0,success,False,2026-08-21T00:50:41.630976+09:00
Disclosure Forge,,,failed,False,2026-08-21T00:51:16.185060+09:00
Disclosure Form,2900.0,1.0,success,False,2026-08-21T00:47:54.639607+09:00
Disclosure Format,2900.0,1.0,success,False,2026-08-23T13:09:42.107006+09:00
Disclosure Frame,,,failed,False,2026-08-21T00:43:57.229807+09:00
Disclosure Fund,10.0,0.0,success,False,2026-08-21T02:23:48.995246+09:00
Disclosure Gate,10.0,0.0,success,False,2026-08-21T00:45:19.199440+09:00
Disclosure Generator,10.0,14.0,success,False,2026-08-27T23:31:21.274329+09:00
Disclosure Graph,,,failed,False,2026-08-27T22:12:29.300608+09:00
Disclosure Grid,,,failed,False,2026-08-21T00:43:34.117910+09:00
Disclosure Guarantee,,,failed,False,2026-08-28T01:03:48.385418+09:00
Disclosure Guardian,10.0,0.0,success,False,2026-08-28T00:22:11.514597+09:00
Disclosure Helpdesk,,,failed,False,2026-08-27T22:50:43.878395+09:00
Disclosure Helper,,,failed,False,2026-08-28T00:22:18.393624+09:00
Disclosure History,,,failed,False,2026-08-21T00:48:36.635325+09:00
Disclosure Hub,1600.0,0.0,success,True,2026-08-21T00:50:48.093288+09:00
Disclosure Identifier,,,failed,False,2026-08-23T13:09:32.906091+09:00
Disclosure Inbox,,,failed,False,2026-08-21T00:47:07.675748+09:00
Disclosure Index,140.0,1.0,success,False,2026-08-21T00:49:20.798290+09:00
Disclosure Installment,,,failed,False,2026-08-23T16:13:47.418622+09:00
Disclosure Item,,,failed,False,2026-08-21T01:59:17.804525+09:00
Disclosure Journal,40.0,0.0,success,False,2026-08-21T00:45:57.527663+09:00
Disclosure Keeper,,,failed,False,2026-08-21T00:45:33.278488+09:00
Disclosure Kit,,,failed,False,2026-08-27T22:50:35.805109+09:00
Disclosure Lab,10.0,0.0,success,False,2026-08-21T00:44:27.350497+09:00
Disclosure Label,70.0,2.0,success,False,2026-08-27T22:12:29.300608+09:00
Disclosure Ledger,,,failed,False,2026-08-21T00:44:10.518978+09:00
Disclosure Level,10.0,1.0,success,False,2026-08-21T00:48:48.333943+09:00
Disclosure Line,,,failed,False,2026-08-21T00:47:34.415597+09:00
Disclosure Link,20.0,2.0,success,False,2026-08-23T03:22:14.563475+09:00
Disclosure List,170.0,0.0,success,False,2026-08-21T00:49:49.714688+09:00
Disclosure Loan,880.0,5.0,success,False,2026-08-21T02:07:02.181648+09:00
Disclosure Lobby,,,failed,False,2026-08-21T00:47:29.450326+09:00
Disclosure Locator,,,failed,False,2026-08-21T00:46:12.825751+09:00
Disclosure Locker,,,failed,False,2026-08-21T00:46:26.587388+09:00
Disclosure Log,210.0,0.0,success,False,2026-08-21T00:47:51.655449+09:00
Disclosure Loop,,,failed,False,2026-08-21T00:51:42.581125+09:00
Disclosure Manager,50.0,2.0,success,False,2026-08-21T00:45:35.455027+09:00
Disclosure Manual,140.0,1.0,success,False,2026-08-27T22:12:34.170808+09:00
Disclosure Map,10.0,0.0,success,False,2026-08-21T00:43:49.917491+09:00
Disclosure Margin,,,failed,False,2026-08-23T02:56:21.131414+09:00
Disclosure Memo,30.0,0.0,success,False,2026-08-21T00:50:26.220127+09:00
Disclosure Message,20.0,0.0,success,False,2026-08-27T23:16:21.897779+09:00
Disclosure Monitor,,,failed,False,2026-08-21T00:45:47.976857+09:00
Disclosure Nexus,,,failed,False,2026-08-21T00:45:22.913101+09:00
Disclosure Note,390.0,0.0,success,False,2026-08-21T00:48:15.897610+09:00
Disclosure Notification,,,failed,False,2026-08-27T22:50:33.048353+09:00
Disclosure Number,90.0,1.0,success,False,2026-08-23T03:22:06.290002+09:00
Disclosure Office,20.0,1.0,success,False,2026-08-21T00:46:19.116405+09:00
Disclosure Ops,,,failed,False,2026-08-21T00:45:54.993375+09:00
Disclosure Order,210.0,0.0,success,False,2026-08-21T00:49:35.190382+09:00
Disclosure Outline,,,failed,False,2026-08-27T22:29:13.251110+09:00
Disclosure Outpost,,,failed,False,2026-08-21T00:46:44.759034+09:00
Disclosure Overage,,,failed,False,2026-08-27T21:48:20.717175+09:00
Disclosure Overdue,,,failed,False,2026-08-27T21:48:16.120561+09:00
Disclosure Panel,30.0,0.0,success,False,2026-08-21T00:44:54.956989+09:00
Disclosure Pass,,,failed,False,2026-08-21T00:50:07.130228+09:00
Disclosure Passport,,,failed,False,2026-08-21T00:47:23.165444+09:00
Disclosure Path,,,failed,False,2026-08-21T00:43:44.047110+09:00
Disclosure Payoff,,,failed,False,2026-08-27T21:48:18.349819+09:00
Disclosure Penalty,,,failed,False,2026-08-23T16:38:53.252652+09:00
Disclosure Petition,10.0,0.0,success,False,2026-08-21T01:01:11.672775+09:00
Disclosure Plan,70.0,0.0,success,False,2026-08-21T01:59:23.833736+09:00
Disclosure Planner,,,failed,False,2026-08-21T00:45:41.384268+09:00
Disclosure Playbook,,,failed,False,2026-08-21T00:45:57.527663+09:00
Disclosure Plaza,,,failed,False,2026-08-21T00:46:47.041557+09:00
Disclosure Point,,,failed,False,2026-08-21T00:43:46.604021+09:00
Disclosure Portal,40.0,0.0,success,False,2026-08-21T00:44:45.180563+09:00
Disclosure Post,,,failed,False,2026-08-21T00:46:42.116087+09:00
Disclosure Preview,90.0,2.0,success,False,2026-08-28T01:03:45.781044+09:00
Disclosure Profile,,,failed,False,2026-08-21T00:48:24.716353+09:00
Disclosure Profit,,,failed,False,2026-08-23T02:56:08.739557+09:00
Disclosure Proposal,,,failed,False,2026-08-28T01:03:48.385418+09:00
Disclosure Quota,,,failed,False,2026-08-21T00:50:29.679005+09:00
Disclosure Radar,,,failed,False,2026-08-21T00:50:54.055448+09:00
Disclosure Rail,,,failed,False,2026-08-21T00:45:06.062419+09:00
Disclosure Rate,40.0,0.0,success,False,2026-08-21T00:48:51.829218+09:00
Disclosure Receipt,30.0,11.0,success,False,2026-08-21T00:49:41.369493+09:00
Disclosure Recorder,,,failed,False,2026-08-27T23:31:24.795366+09:00
Disclosure Register,90.0,0.0,success,False,2026-08-21T00:45:52.774285+09:00
Disclosure Relay,,,failed,False,2026-08-21T00:51:01.092563+09:00
Disclosure Reminder,,,failed,False,2026-08-21T00:49:15.446712+09:00
Disclosure Report,390.0,1.0,success,False,2026-08-21T00:47:46.608049+09:00
Disclosure Repository,,,failed,False,2026-08-27T23:16:34.240680+09:00
Disclosure Result,,,failed,False,2026-08-28T00:46:27.391148+09:00
Disclosure Ring,,,failed,False,2026-08-21T00:45:16.204972+09:00
Disclosure Roll,,,failed,False,2026-08-21T00:47:44.020698+09:00
Disclosure Route,,,failed,False,2026-08-21T00:45:03.734783+09:00
Disclosure Rule,170.0,0.0,success,False,2026-08-23T03:22:18.461537+09:00
Disclosure Sale,,,failed,False,2026-08-21T02:23:59.841123+09:00
Disclosure Sample,50.0,1.0,success,False,2026-08-21T00:49:59.942955+09:00
Disclosure Scale,,,failed,False,2026-08-21T00:44:58.799520+09:00
Disclosure Scanner,,,failed,False,2026-08-27T23:51:35.408395+09:00
Disclosure Scope,,,failed,False,2026-08-21T00:51:35.796791+09:00
Disclosure Score,10.0,0.0,success,False,2026-08-21T00:48:12.190063+09:00
Disclosure Sheet,50.0,0.0,success,False,2026-08-21T00:48:04.911148+09:00
Disclosure Shortfall,,,failed,False,2026-08-27T21:48:25.630641+09:00
Disclosure Signal,,,failed,False,2026-08-21T00:51:27.534494+09:00
Disclosure Signature,10.0,0.0,success,False,2026-08-23T13:26:17.496993+09:00
Disclosure Slip,,,failed,False,2026-08-21T00:49:56.955669+09:00
Disclosure Slot,,,failed,False,2026-08-21T00:50:04.499348+09:00
Disclosure Stage,10.0,0.0,success,False,2026-08-28T00:46:27.391148+09:00
Disclosure Stake,,,failed,False,2026-08-23T02:56:17.565255+09:00
Disclosure Statement,2400.0,1.0,success,False,2026-08-21T00:50:21.320378+09:00
Disclosure Station,,,failed,False,2026-08-21T00:44:30.138587+09:00
Disclosure Status,20.0,0.0,success,False,2026-08-21T00:48:26.954363+09:00
Disclosure Studio,70.0,0.0,success,False,2026-08-21T00:44:21.197874+09:00
Disclosure Sum,,,failed,False,2026-08-21T02:23:42.049826+09:00
Disclosure Summary,50.0,1.0,success,False,2026-08-21T00:49:07.202034+09:00
Disclosure Tab,,,failed,False,2026-08-21T00:50:33.252784+09:00
Disclosure Table,210.0,1.0,success,False,2026-08-21T00:49:54.532841+09:00
Disclosure Tag,,,failed,False,2026-08-21T00:48:18.650216+09:00
Disclosure Tariff,,,failed,False,2026-08-21T02:41:10.290966+09:00
Disclosure Tax,10.0,31.0,success,False,2026-08-21T02:06:57.377866+09:00
Disclosure Terminal,,,failed,False,2026-08-21T00:44:32.272154+09:00
Disclosure Ticker,,,failed,False,2026-08-21T00:47:32.281403+09:00
Disclosure Ticket,2900.0,11.0,success,False,2026-08-21T00:49:24.098446+09:00
Disclosure Timeline,30.0,0.0,success,False,2026-08-21T00:49:12.731444+09:00
Disclosure Timer,,,failed,False,2026-08-28T00:22:04.244333+09:00
Disclosure Toll,,,failed,False,2026-08-21T02:40:59.157491+09:00
Disclosure Toolbox,,,failed,False,2026-08-28T00:22:15.974518+09:00
Disclosure Total,,,failed,False,2026-08-27T23:16:26.018143+09:00
Disclosure Tower,,,failed,False,2026-08-21T00:46:56.943275+09:00
Disclosure Tracker,720.0,2.0,success,False,2026-08-21T00:50:38.979933+09:00
Disclosure Trail,10.0,0.0,success,False,2026-08-21T00:45:10.747399+09:00
Disclosure Trend,,,failed,False,2026-08-28T01:03:43.206787+09:00
Disclosure Trial,,,failed,False,2026-08-27T21:17:14.401522+09:00
Disclosure Unit,880.0,0.0,success,False,2026-08-21T01:59:21.644967+09:00
Disclosure Update,50.0,0.0,success,False,2026-08-21T00:48:54.666046+09:00
Disclosure Value,,,failed,False,2026-08-23T02:56:14.910502+09:00
Disclosure Vault,,,failed,False,2026-08-21T00:51:04.799989+09:00
Disclosure Version,,,failed,False,2026-08-23T03:22:11.470893+09:00
Disclosure View,,,failed,False,2026-08-21T00:48:30.052376+09:00
Disclosure Voucher,,,failed,False,2026-08-21T00:50:09.781883+09:00
Disclosure Wallet,,,failed,False,2026-08-27T22:50:35.805109+09:00
Disclosure Watch,320.0,7.0,success,False,2026-08-21T00:51:33.449317+09:00
Disclosure Wave,,,failed,False,2026-08-21T00:43:36.715710+09:00
Disclosure Widget,110.0,1.0,success,False,2026-08-27T23:16:30.238245+09:00
Disclosure Window,,,failed,False,2026-08-21T00:47:41.484784+09:00
Disclosure Worksheet,,,failed,False,2026-08-27T22:12:40.822062+09:00
Disclosure Workshop,,,failed,False,2026-08-28T00:22:09.034750+09:00
Disclosure Yard,210.0,1.0,success,False,2026-08-21T00:46:35.033553+09:00
Disclosure Zone,10.0,0.0,success,False,2026-08-21T00:44:42.710868+09:00
Discovery Advance,,,failed,False,2026-08-23T16:13:08.662730+09:00
Discovery Allowance,,,failed,False,2026-08-21T02:43:47.739499+09:00
Discovery Almanac,,,failed,False,2026-08-18T22:11:32.522772+09:00
Discovery Analyzer,,,failed,False,2026-08-27T23:57:33.676197+09:00
Discovery Anchor,10.0,0.0,success,False,2026-08-17T21:31:54.606698+09:00
Discovery Arrears,,,failed,False,2026-08-23T16:13:06.452746+09:00
Discovery Assistant,70.0,10.0,success,False,2026-08-17T23:24:56.223636+09:00
Discovery Atlas,590.0,1.0,success,False,2026-08-17T20:40:29.235539+09:00
Discovery Attribute,,,failed,False,2026-08-23T13:10:16.613560+09:00
Discovery Base,50.0,12.0,success,False,2026-08-17T20:37:19.032635+09:00
Discovery Beacon,,,failed,False,2026-08-17T21:36:12.498401+09:00
Discovery Bill,590.0,2.0,success,False,2026-08-19T22:03:11.253996+09:00
Discovery Blueprint,20.0,0.0,success,False,2026-08-18T22:11:21.547380+09:00
Discovery Board,320.0,29.0,success,False,2026-08-17T20:34:29.454165+09:00
Discovery Book,1900.0,20.0,success,False,2026-08-19T22:03:59.574342+09:00
Discovery Bridge,590.0,3.0,success,False,2026-08-17T21:33:04.357190+09:00
Discovery Brief,30.0,0.0,success,False,2026-08-21T01:01:20.027256+09:00
Discovery Bulletin,,,failed,False,2026-08-21T01:01:15.556861+09:00
Discovery Cabinet,,,failed,False,2026-08-27T23:14:27.057874+09:00
Discovery Calendar,2900.0,0.0,success,True,2026-08-19T00:05:18.968119+09:00
Discovery Card,823000.0,36.0,success,False,2026-08-19T13:40:47.127510+09:00
Discovery Cascade,10.0,0.0,success,False,2026-08-17T21:34:03.414909+09:00
Discovery Cash,210.0,26.0,success,False,2026-08-21T02:27:43.385895+09:00
Discovery Catalog,260.0,2.0,success,False,2026-08-19T21:17:51.663250+09:00
Discovery Category,3600.0,2.0,success,False,2026-08-23T13:10:14.601516+09:00
Discovery Center,49500.0,8.0,success,False,2026-08-17T21:39:13.221117+09:00
Discovery Chain,50.0,1.0,success,False,2026-08-17T20:44:33.462366+09:00
Discovery Charge,70.0,12.0,success,False,2026-08-21T02:43:37.252901+09:00
Discovery Check,1600.0,2.0,success,False,2026-08-19T13:41:17.239436+09:00
Discovery Checker,,,failed,False,2026-08-27T23:57:28.605750+09:00
Discovery Checklist,30.0,3.0,success,False,2026-08-19T21:16:59.496910+09:00
Discovery Cockpit,30.0,9.0,success,False,2026-08-17T23:10:24.973922+09:00
Discovery Code,2400.0,49.0,success,False,2026-08-19T22:03:30.282761+09:00
Discovery Codex,,,failed,False,2026-08-18T22:11:45.045166+09:00
Discovery Companion,,,failed,False,2026-08-17T23:26:31.743192+09:00
Discovery Comparison,20.0,3.0,success,False,2026-08-28T01:08:15.051453+09:00
Discovery Compass,320.0,4.0,success,False,2026-08-17T21:37:10.762781+09:00
Discovery Compendium,,,failed,False,2026-08-18T22:11:39.333366+09:00
Discovery Confirmation,,,failed,False,2026-08-21T01:01:32.949178+09:00
Discovery Console,10.0,11.0,success,False,2026-08-17T21:35:38.144027+09:00
Discovery Contribution,140.0,1.0,success,False,2026-08-23T16:13:03.003819+09:00
Discovery Converter,,,failed,False,2026-08-27T23:35:28.835803+09:00
Discovery Core,210.0,3.0,success,False,2026-08-17T20:36:20.228244+09:00
Discovery Cost,1300.0,25.0,success,False,2026-08-21T02:11:15.261095+09:00
Discovery Count,,,failed,False,2026-08-27T22:48:56.292769+09:00
Discovery Counter,,,failed,False,2026-08-18T23:57:26.188855+09:00
Discovery Dashboard,170.0,3.0,success,False,2026-08-17T23:26:18.163850+09:00
Discovery Deal,260.0,42.0,success,False,2026-08-21T01:55:09.652280+09:00
Discovery Debt,110.0,48.0,success,False,2026-08-21T02:27:35.877276+09:00
Discovery Deck,110.0,2.0,success,False,2026-08-17T20:33:36.115262+09:00
Discovery Depot,1000.0,6.0,success,False,2026-08-18T23:57:02.622913+09:00
Discovery Desk,10.0,39.0,success,False,2026-08-18T07:52:10.902319+09:00
Discovery Detail,70.0,18.0,success,False,2026-08-23T03:24:01.511685+09:00
Discovery Detector,20.0,56.0,success,False,2026-08-27T23:57:31.093402+09:00
Discovery Diagram,20.0,0.0,success,False,2026-08-27T22:10:35.314261+09:00
Discovery Dial,10.0,0.0,success,False,2026-08-17T21:33:30.231055+09:00
Discovery Digest,20.0,0.0,success,False,2026-08-19T20:42:14.870990+09:00
Discovery Directory,90.0,0.0,success,False,2026-08-19T00:05:23.888896+09:00
Discovery Discount,210.0,10.0,success,False,2026-08-23T16:12:59.279314+09:00
Discovery Dock,320.0,15.0,success,False,2026-08-17T20:47:50.375793+09:00
Discovery Dossier,,,failed,False,2026-08-21T01:01:39.197827+09:00
Discovery Downpayment,,,failed,False,2026-08-27T21:47:08.253611+09:00
Discovery Draft,50.0,0.0,success,False,2026-08-19T20:42:27.783446+09:00
Discovery Due,,,failed,False,2026-08-23T15:51:09.680113+09:00
Discovery Duty,,,failed,False,2026-08-21T02:43:40.530663+09:00
Discovery Engine,720.0,17.0,success,False,2026-08-17T23:06:59.361333+09:00
Discovery Entry,,,failed,False,2026-08-21T01:01:54.342698+09:00
Discovery Estimate,,,failed,False,2026-08-19T21:17:42.432873+09:00
Discovery Estimator,,,failed,False,2026-08-27T23:57:28.605750+09:00
Discovery Excerpt,,,failed,False,2026-08-21T01:01:47.037702+09:00
Discovery Extension,40.0,6.0,success,False,2026-08-23T16:38:24.543370+09:00
Discovery Fare,10.0,,success,False,2026-08-21T02:11:23.948204+09:00
Discovery Fee,90.0,7.0,success,False,2026-08-21T01:54:53.118600+09:00
Discovery Feed,880.0,0.0,success,False,2026-08-19T20:42:19.980728+09:00
Discovery File,260.0,2.0,success,False,2026-08-19T20:41:45.467674+09:00
Discovery Finder,10.0,0.0,success,False,2026-08-19T00:05:31.654702+09:00
Discovery Fine,10.0,7.0,success,False,2026-08-23T02:57:55.201782+09:00
Discovery Flag,10.0,0.0,success,False,2026-08-21T00:27:12.597515+09:00
Discovery Flow,4400.0,13.0,success,False,2026-08-17T20:34:03.344800+09:00
Discovery Forge,,,failed,False,2026-08-17T21:35:08.893531+09:00
Discovery Form,140.0,1.0,success,False,2026-08-19T13:40:23.135378+09:00
Discovery Frame,50.0,26.0,success,False,2026-08-17T20:38:14.865229+09:00
Discovery Fund,1900.0,4.0,success,False,2026-08-21T02:27:38.390107+09:00
Discovery Gate,70.0,0.0,success,False,2026-08-17T20:42:01.579820+09:00
Discovery Generator,10.0,52.0,success,False,2026-08-27T23:35:28.835803+09:00
Discovery Graph,,,failed,False,2026-08-27T22:10:29.150854+09:00
Discovery Grid,20.0,0.0,success,False,2026-08-17T20:45:12.889782+09:00
Discovery Guard,10.0,2.0,success,False,2026-08-17T20:36:52.122948+09:00
Discovery Guardian,10.0,4.0,success,False,2026-08-28T00:26:37.162050+09:00
Discovery Guidebook,,,failed,False,2026-08-18T22:11:05.779319+09:00
Discovery Helpdesk,30.0,6.0,success,False,2026-08-27T22:48:56.292769+09:00
Discovery Helper,,,failed,False,2026-08-28T00:26:39.760657+09:00
Discovery History,590.0,0.0,success,False,2026-08-19T20:41:37.796650+09:00
Discovery Hotline,40.0,8.0,success,False,2026-08-19T21:17:59.528469+09:00
Discovery Hub,1900.0,0.0,success,True,2026-08-17T20:33:01.756540+09:00
Discovery Identifier,,,failed,False,2026-08-23T13:10:10.835682+09:00
Discovery Inbox,,,failed,False,2026-08-19T12:25:38.632283+09:00
Discovery Index,20.0,0.0,success,False,2026-08-19T21:17:13.210771+09:00
Discovery Insight,14800.0,38.0,success,False,2026-08-17T23:15:30.972429+09:00
Discovery Installment,,,failed,False,2026-08-23T16:12:59.279314+09:00
Discovery Item,140.0,0.0,success,False,2026-08-21T01:54:58.367500+09:00
Discovery Journal,1300.0,5.0,success,False,2026-08-18T22:10:48.955418+09:00
Discovery Keeper,,,failed,False,2026-08-17T20:38:40.859557+09:00
Discovery Kit,1600.0,97.0,success,False,2026-08-27T22:48:53.744553+09:00
Discovery Lab,14800.0,3.0,success,False,2026-08-18T07:52:37.222006+09:00
Discovery Label,20.0,53.0,success,False,2026-08-27T22:10:31.579374+09:00
Discovery Ledger,,,failed,False,2026-08-17T20:35:22.813816+09:00
Discovery Lens,70.0,0.0,success,False,2026-08-17T20:39:12.627798+09:00
Discovery Level,210.0,53.0,success,False,2026-08-19T20:41:51.151726+09:00
Discovery Link,1300.0,1.0,success,False,2026-08-23T03:23:54.422715+09:00
Discovery List,210.0,0.0,success,False,2026-08-19T22:03:39.900427+09:00
Discovery Loan,22200.0,74.0,success,False,2026-08-21T02:11:30.479876+09:00
Discovery Locator,,,failed,False,2026-08-19T00:05:27.512092+09:00
Discovery Lock,30.0,27.0,success,False,2026-08-17T20:40:51.053535+09:00
Discovery Log,5400.0,2.0,success,False,2026-08-19T13:40:05.769727+09:00
Discovery Loop,140.0,11.0,success,False,2026-08-17T20:45:58.318950+09:00
Discovery Manager,50.0,0.0,success,False,2026-08-17T20:37:51.221015+09:00
Discovery Manual,70.0,29.0,success,False,2026-08-27T22:10:31.579374+09:00
Discovery Map,1000.0,2.0,success,False,2026-08-17T20:40:05.754832+09:00
Discovery Margin,,,failed,False,2026-08-23T02:57:55.201782+09:00
Discovery Memo,10.0,52.0,success,False,2026-08-21T00:26:53.623558+09:00
Discovery Message,20.0,1.0,success,False,2026-08-27T23:14:21.600576+09:00
Discovery Meter,,,failed,False,2026-08-17T21:32:31.405261+09:00
Discovery Metrics,20.0,0.0,success,False,2026-08-17T23:26:04.596222+09:00
Discovery Monitor,20.0,0.0,success,False,2026-08-17T23:25:50.019139+09:00
Discovery Navigator,50.0,19.0,success,False,2026-08-17T23:04:46.904606+09:00
Discovery Nexus,,,failed,False,2026-08-17T20:41:13.511022+09:00
Discovery Node,,,failed,False,2026-08-17T20:42:50.595044+09:00
Discovery Note,110.0,3.0,success,False,2026-08-19T13:41:50.563536+09:00
Discovery Notification,,,failed,False,2026-08-27T22:48:53.744553+09:00
Discovery Number,6600.0,1.0,success,False,2026-08-23T03:23:49.316132+09:00
Discovery Office,480.0,2.0,success,False,2026-08-18T23:57:15.984121+09:00
Discovery Ops,20.0,2.0,success,False,2026-08-17T23:26:46.063928+09:00
Discovery Order,260.0,0.0,success,False,2026-08-19T22:03:03.584652+09:00
Discovery Organizer,10.0,,success,False,2026-08-17T23:08:46.290392+09:00
Discovery Outline,10.0,0.0,success,False,2026-08-27T22:28:53.992967+09:00
Discovery Overage,,,failed,False,2026-08-27T21:47:05.962227+09:00
Discovery Overdraft,320.0,12.0,success,False,2026-08-23T15:51:11.788135+09:00
Discovery Overdue,,,failed,False,2026-08-27T21:47:00.631100+09:00
Discovery Panel,320.0,3.0,success,False,2026-08-17T21:34:34.023181+09:00
Discovery Path,50.0,1.0,success,False,2026-08-17T20:42:21.345142+09:00
Discovery Payoff,,,failed,False,2026-08-27T21:47:03.271568+09:00
Discovery Penalty,,,failed,False,2026-08-23T16:38:19.079152+09:00
Discovery Petition,50.0,1.0,success,False,2026-08-21T01:01:30.993537+09:00
Discovery Pilot,20.0,21.0,success,False,2026-08-17T20:31:52.293572+09:00
Discovery Plan,2400.0,12.0,success,False,2026-08-21T01:55:06.085634+09:00
Discovery Planner,,,failed,False,2026-08-17T23:13:59.220189+09:00
Discovery Playbook,20.0,16.0,success,False,2026-08-18T22:10:41.322709+09:00
Discovery Point,4400.0,21.0,success,False,2026-08-17T20:41:41.231730+09:00
Discovery Portal,590.0,6.0,success,False,2026-08-17T21:36:40.900045+09:00
Discovery Preview,1300.0,60.0,success,False,2026-08-28T01:08:17.879931+09:00
Discovery Profile,60500.0,4.0,success,False,2026-08-19T13:42:11.114118+09:00
Discovery Profit,10.0,1.0,success,False,2026-08-23T02:57:50.579977+09:00
Discovery Proposal,10.0,2.0,success,False,2026-08-28T01:08:17.879931+09:00
Discovery Pulse,10.0,3.0,success,False,2026-08-17T20:44:11.907751+09:00
Discovery Queue,140.0,0.0,success,False,2026-08-19T21:17:33.160544+09:00
Discovery Quota,,,failed,False,2026-08-21T00:27:03.794080+09:00
Discovery Radar,10.0,0.0,success,False,2026-08-17T21:41:49.444267+09:00
Discovery Rail,20.0,14.0,success,False,2026-08-17T20:46:29.220439+09:00
Discovery Rate,2900.0,0.0,success,True,2026-08-19T20:41:59.995024+09:00
Discovery Receipt,,,failed,False,2026-08-19T22:03:20.182030+09:00
Discovery Recorder,,,failed,False,2026-08-27T23:35:28.835803+09:00
Discovery Register,480.0,15.0,success,False,2026-08-17T23:11:59.928630+09:00
Discovery Registry,,,failed,False,2026-08-18T22:11:11.945944+09:00
Discovery Relay,,,failed,False,2026-08-17T21:40:01.418165+09:00
Discovery Reminder,,,failed,False,2026-08-19T21:16:46.731573+09:00
Discovery Report,260.0,4.0,success,False,2026-08-19T13:39:57.462867+09:00
Discovery Repository,,,failed,False,2026-08-27T23:14:33.058842+09:00
Discovery Result,140.0,0.0,success,False,2026-08-28T00:48:23.790188+09:00
Discovery Roadmap,30.0,5.0,success,False,2026-08-18T22:11:56.316205+09:00
Discovery Roster,,,failed,False,2026-08-19T00:38:48.376369+09:00
Discovery Route,90.0,4.0,success,False,2026-08-17T21:30:10.122952+09:00
Discovery Rule,720.0,0.0,success,False,2026-08-23T03:23:58.190781+09:00
Discovery Sale,3600.0,100.0,success,False,2026-08-21T02:27:47.388523+09:00
Discovery Sample,260.0,13.0,success,False,2026-08-19T22:04:20.465966+09:00
Discovery Scale,10.0,0.0,success,False,2026-08-17T21:31:19.415531+09:00
Discovery Scanner,140.0,9.0,success,False,2026-08-27T23:57:31.093402+09:00
Discovery Scheduler,,,failed,False,2026-08-17T23:25:26.285868+09:00
Discovery Scope,2400.0,8.0,success,False,2026-08-17T20:47:09.255931+09:00
Discovery Score,30.0,5.0,success,False,2026-08-19T13:41:39.168311+09:00
Discovery Sentry,,,failed,False,2026-08-17T20:39:36.069990+09:00
Discovery Serial,50.0,0.0,success,False,2026-08-23T13:26:35.864064+09:00
Discovery Sheet,50.0,4.0,success,False,2026-08-19T13:40:58.883457+09:00
Discovery Shortfall,,,failed,False,2026-08-27T21:47:08.253611+09:00
Discovery Signal,30.0,0.0,success,False,2026-08-17T21:30:43.453478+09:00
Discovery Signature,10.0,8.0,success,False,2026-08-23T13:26:38.136224+09:00
Discovery Slip,,,failed,False,2026-08-19T22:04:10.383393+09:00
Discovery Slot,,,failed,False,2026-08-19T22:04:30.317454+09:00
Discovery Snapshot,,,failed,False,2026-08-18T22:10:58.146959+09:00
Discovery Stage,170.0,0.0,success,False,2026-08-28T00:48:23.790188+09:00
Discovery Stamp,,,failed,False,2026-08-23T13:26:38.136224+09:00
Discovery Statement,110.0,3.0,success,False,2026-08-21T00:26:39.162393+09:00
Discovery Station,1000.0,0.0,success,True,2026-08-18T07:52:49.362329+09:00
Discovery Status,70.0,6.0,success,False,2026-08-19T20:41:22.304179+09:00
Discovery Studio,4400.0,11.0,success,False,2026-08-17T20:32:26.534581+09:00
Discovery Subsidy,,,failed,False,2026-08-23T15:51:11.788135+09:00
Discovery Suite,320.0,39.0,success,False,2026-08-17T23:24:32.888927+09:00
Discovery Sum,10.0,,success,False,2026-08-21T02:27:33.001702+09:00
Discovery Summary,30.0,0.0,success,False,2026-08-19T21:16:21.953049+09:00
Discovery Sync,,,failed,False,2026-08-17T20:34:55.202462+09:00
Discovery Tab,880.0,54.0,success,False,2026-08-21T00:27:22.208885+09:00
Discovery Table,140.0,100.0,success,False,2026-08-19T22:03:49.697196+09:00
Discovery Tag,10.0,2.0,success,False,2026-08-19T13:42:03.157163+09:00
Discovery Tally,,,failed,False,2026-08-21T00:26:43.816315+09:00
Discovery Tariff,,,failed,False,2026-08-21T02:43:47.739499+09:00
Discovery Tax,40.0,2.0,success,False,2026-08-21T02:11:27.429616+09:00
Discovery Ticket,590.0,15.0,success,False,2026-08-19T21:17:23.744501+09:00
Discovery Timeline,110.0,0.0,success,False,2026-08-19T21:16:32.174515+09:00
Discovery Timer,,,failed,False,2026-08-28T00:26:34.139001+09:00
Discovery Toll,,,failed,False,2026-08-21T02:43:44.053859+09:00
Discovery Toolbox,,,failed,False,2026-08-28T00:26:37.162050+09:00
Discovery Toolkit,10.0,7.0,success,False,2026-08-18T22:10:32.480742+09:00
Discovery Total,10.0,,success,False,2026-08-27T23:14:21.600576+09:00
Discovery Tracker,260.0,21.0,success,False,2026-08-17T20:35:52.510868+09:00
Discovery Trail,8100.0,2.0,success,False,2026-08-17T20:45:35.834234+09:00
Discovery Trend,30.0,2.0,success,False,2026-08-28T01:08:15.051453+09:00
Discovery Trial,390.0,19.0,success,False,2026-08-27T21:15:54.960799+09:00
Discovery Unit,880.0,5.0,success,False,2026-08-21T01:55:03.003035+09:00
Discovery Update,90.0,1.0,success,False,2026-08-19T20:42:06.894940+09:00
Discovery Value,260.0,0.0,success,False,2026-08-23T02:57:50.579977+09:00
Discovery Vault,40.0,7.0,success,False,2026-08-17T21:38:24.477715+09:00
Discovery Version,20.0,11.0,success,False,2026-08-23T03:23:49.316132+09:00
Discovery View,50.0,1.0,success,False,2026-08-19T20:41:33.167361+09:00
Discovery Watch,1300.0,32.0,success,False,2026-08-17T20:48:29.594833+09:00
Discovery Wave,70.0,6.0,success,False,2026-08-17T20:43:18.551816+09:00
Discovery Widget,1300.0,0.0,success,True,2026-08-27T23:14:27.057874+09:00
Discovery Workbench,50.0,3.0,success,False,2026-08-18T22:10:22.903886+09:00
Discovery Worksheet,20.0,17.0,success,False,2026-08-27T22:10:35.314261+09:00
Discovery Workshop,390.0,2.0,success,False,2026-08-28T00:26:34.139001+09:00
Discovery Zone,14800.0,3.0,success,False,2026-08-17T21:37:49.733247+09:00
Dispatch Advance,,,failed,False,2026-08-23T16:13:24.161828+09:00
Dispatch Advisory,,,failed,False,2026-08-21T01:02:12.129826+09:00
Dispatch Allowance,,,failed,False,2026-08-21T02:37:19.204094+09:00
Dispatch Almanac,,,failed,False,2026-08-18T22:05:44.090365+09:00
Dispatch Analyzer,,,failed,False,2026-08-27T23:50:42.966915+09:00
Dispatch Anchor,,,failed,False,2026-08-17T21:33:20.961288+09:00
Dispatch Announcement,90.0,0.0,success,False,2026-08-27T23:32:06.818889+09:00
Dispatch Arrears,,,failed,False,2026-08-23T16:13:20.971458+09:00
Dispatch Assistant,590.0,1.0,success,False,2026-08-17T23:05:57.160852+09:00
Dispatch Atlas,,,failed,False,2026-08-17T20:41:24.809383+09:00
Dispatch Attribute,,,failed,False,2026-08-23T13:04:48.308189+09:00
Dispatch Badge,320.0,21.0,success,False,2026-08-21T00:25:15.691482+09:00
Dispatch Base,30.0,0.0,success,False,2026-08-17T20:38:31.317013+09:00
Dispatch Beacon,,,failed,False,2026-08-17T21:37:32.627735+09:00
Dispatch Bill,40.0,0.0,success,False,2026-08-19T21:49:09.518107+09:00
Dispatch Blueprint,,,failed,False,2026-08-18T22:05:35.647018+09:00
Dispatch Board,390.0,24.0,success,False,2026-08-17T20:35:44.075031+09:00
Dispatch Book,2900.0,34.0,success,False,2026-08-19T21:50:06.175762+09:00
Dispatch Bridge,,,failed,False,2026-08-17T21:34:20.474166+09:00
Dispatch Brief,,,failed,False,2026-08-21T01:00:09.157430+09:00
Dispatch Bulletin,,,failed,False,2026-08-21T01:00:04.597458+09:00
Dispatch Calculator,70.0,11.0,success,False,2026-08-27T23:32:16.065535+09:00
Dispatch Calendar,110.0,19.0,success,False,2026-08-18T23:59:02.629298+09:00
Dispatch Card,140.0,0.0,success,False,2026-08-19T13:21:04.898366+09:00
Dispatch Cascade,,,failed,False,2026-08-17T21:35:22.295985+09:00
Dispatch Cash,30.0,0.0,success,False,2026-08-21T02:25:53.601509+09:00
Dispatch Catalog,,,failed,False,2026-08-19T21:05:22.464454+09:00
Dispatch Center,1300.0,0.0,success,True,2026-08-17T20:31:49.556843+09:00
Dispatch Chain,,,failed,False,2026-08-17T20:45:51.407426+09:00
Dispatch Charge,40.0,0.0,success,False,2026-08-21T02:37:05.084488+09:00
Dispatch Check,70.0,2.0,success,False,2026-08-19T13:21:55.310171+09:00
Dispatch Checker,70.0,2.0,success,False,2026-08-27T23:51:48.203996+09:00
Dispatch Checklist,50.0,4.0,success,False,2026-08-19T21:04:17.654082+09:00
Dispatch Circular,,,failed,False,2026-08-21T01:00:16.070819+09:00
Dispatch Cockpit,,,failed,False,2026-08-17T23:05:47.972316+09:00
Dispatch Code,1000.0,0.0,success,True,2026-08-19T21:49:32.440919+09:00
Dispatch Codex,210.0,0.0,success,False,2026-08-18T22:06:01.196080+09:00
Dispatch Companion,110.0,1.0,success,False,2026-08-17T23:03:48.755656+09:00
Dispatch Comparison,10.0,,success,False,2026-08-28T01:01:48.581211+09:00
Dispatch Compass,,,failed,False,2026-08-18T07:52:37.222006+09:00
Dispatch Compendium,,,failed,False,2026-08-18T22:05:53.928204+09:00
Dispatch Confirmation,140.0,0.0,success,False,2026-08-21T01:00:29.585982+09:00
Dispatch Console,1000.0,17.0,success,False,2026-08-17T21:36:57.018160+09:00
Dispatch Core,50.0,11.0,success,False,2026-08-17T20:37:38.706086+09:00
Dispatch Cost,1900.0,2.0,success,False,2026-08-21T02:09:47.667221+09:00
Dispatch Count,,,failed,False,2026-08-27T22:44:46.439478+09:00
Dispatch Counter,110.0,0.0,success,False,2026-08-19T00:00:01.654497+09:00
Dispatch Dashboard,210.0,18.0,success,False,2026-08-17T23:09:27.800960+09:00
Dispatch Deal,70.0,2.0,success,False,2026-08-21T01:53:25.014716+09:00
Dispatch Debt,,,failed,False,2026-08-21T02:25:47.031494+09:00
Dispatch Deck,20.0,1.0,success,False,2026-08-17T20:34:42.726088+09:00
Dispatch Depot,40.0,0.0,success,False,2026-08-18T23:59:40.785220+09:00
Dispatch Desk,260.0,98.0,success,False,2026-08-17T20:32:10.469810+09:00
Dispatch Detail,880.0,0.0,success,False,2026-08-23T03:17:04.760167+09:00
Dispatch Detector,,,failed,False,2026-08-27T23:50:40.068524+09:00
Dispatch Diagram,20.0,2.0,success,False,2026-08-27T22:06:55.016444+09:00
Dispatch Dial,,,failed,False,2026-08-17T21:34:53.019649+09:00
Dispatch Digest,,,failed,False,2026-08-19T20:40:26.363458+09:00
Dispatch Directory,,,failed,False,2026-08-18T23:59:11.751475+09:00
Dispatch Discount,260.0,8.0,success,False,2026-08-23T16:13:18.611192+09:00
Dispatch Dock,140.0,1.0,success,False,2026-08-17T21:30:30.781560+09:00
Dispatch Dossier,70.0,0.0,success,False,2026-08-21T01:00:31.922622+09:00
Dispatch Draft,,,failed,False,2026-08-19T20:40:40.887904+09:00
Dispatch Due,10.0,0.0,success,False,2026-08-23T15:51:18.067623+09:00
Dispatch Duty,2900.0,1.0,success,False,2026-08-21T02:37:07.617432+09:00
Dispatch Engine,210.0,3.0,success,False,2026-08-17T23:06:29.811396+09:00
Dispatch Entry,20.0,0.0,success,False,2026-08-21T01:00:42.748785+09:00
Dispatch Estimate,10.0,0.0,success,False,2026-08-19T21:05:10.807996+09:00
Dispatch Estimator,,,failed,False,2026-08-27T23:51:43.048579+09:00
Dispatch Excerpt,,,failed,False,2026-08-21T01:02:20.703041+09:00
Dispatch Fare,,,failed,False,2026-08-21T02:09:56.008511+09:00
Dispatch Fee,320.0,0.0,success,False,2026-08-21T01:53:07.082720+09:00
Dispatch Feed,10.0,2.0,success,False,2026-08-19T20:40:35.383963+09:00
Dispatch Field,260.0,28.0,success,False,2026-08-23T13:04:54.297618+09:00
Dispatch File,260.0,0.0,success,False,2026-08-19T20:39:50.711958+09:00
Dispatch Finder,,,failed,False,2026-08-18T23:59:30.074918+09:00
Dispatch Fine,,,failed,False,2026-08-23T02:53:19.802959+09:00
Dispatch Flag,480.0,79.0,success,False,2026-08-21T00:26:05.533599+09:00
Dispatch Flow,10.0,13.0,success,False,2026-08-17T20:35:09.040915+09:00
Dispatch Forge,,,failed,False,2026-08-17T21:36:28.444275+09:00
Dispatch Form,260.0,2.0,success,False,2026-08-19T13:20:50.883072+09:00
Dispatch Format,260.0,2.0,success,False,2026-08-23T13:04:57.008398+09:00
Dispatch Frame,20.0,0.0,success,False,2026-08-17T20:39:23.919432+09:00
Dispatch Fund,,,failed,False,2026-08-21T02:25:50.623607+09:00
Dispatch Gate,50.0,0.0,success,False,2026-08-17T20:43:08.098438+09:00
Dispatch Generator,10.0,0.0,success,False,2026-08-27T23:32:20.228429+09:00
Dispatch Grade,,,failed,False,2026-08-21T00:25:45.592013+09:00
Dispatch Graph,90.0,0.0,success,False,2026-08-27T22:06:42.047958+09:00
Dispatch Grid,30.0,3.0,success,False,2026-08-17T20:46:16.531586+09:00
Dispatch Guarantee,,,failed,False,2026-08-28T01:01:51.337076+09:00
Dispatch Guard,10.0,0.0,success,False,2026-08-17T20:38:04.703276+09:00
Dispatch Guardian,,,failed,False,2026-08-28T00:20:59.096636+09:00
Dispatch Guidebook,,,failed,False,2026-08-18T22:05:17.781482+09:00
Dispatch Helpdesk,,,failed,False,2026-08-27T22:44:50.273695+09:00
Dispatch Helper,110.0,1.0,success,False,2026-08-28T00:21:06.843571+09:00
Dispatch History,40.0,0.0,success,False,2026-08-19T20:39:41.503731+09:00
Dispatch Hotline,,,failed,False,2026-08-19T21:05:35.157530+09:00
Dispatch Hub,210.0,12.0,success,False,2026-08-17T20:34:18.335664+09:00
Dispatch Identifier,,,failed,False,2026-08-23T13:04:48.308189+09:00
Dispatch Index,,,failed,False,2026-08-19T21:04:31.572257+09:00
Dispatch Insight,,,failed,False,2026-08-17T23:06:14.261884+09:00
Dispatch Installment,,,failed,False,2026-08-23T16:13:18.611192+09:00
Dispatch Item,170.0,8.0,success,False,2026-08-21T01:53:13.904514+09:00
Dispatch Journal,30.0,0.0,success,False,2026-08-18T22:04:58.367673+09:00
Dispatch Keeper,,,failed,False,2026-08-17T20:39:52.233588+09:00
Dispatch Lab,70.0,3.0,success,False,2026-08-17T20:32:46.505342+09:00
Dispatch Label,110.0,6.0,success,False,2026-08-27T22:06:46.717056+09:00
Dispatch Ledger,5400.0,0.0,success,True,2026-08-17T20:36:39.507807+09:00
Dispatch Lens,10.0,0.0,success,False,2026-08-17T20:40:19.019495+09:00
Dispatch Level,40.0,0.0,success,False,2026-08-19T20:39:59.254826+09:00
Dispatch Link,30.0,20.0,success,False,2026-08-23T03:16:59.377666+09:00
Dispatch List,210.0,0.0,success,False,2026-08-19T21:49:41.666387+09:00
Dispatch Loan,,,failed,False,2026-08-21T02:10:04.981055+09:00
Dispatch Locator,,,failed,False,2026-08-18T23:59:20.806892+09:00
Dispatch Lock,10.0,0.0,success,False,2026-08-17T20:41:54.470071+09:00
Dispatch Log,1300.0,0.0,success,True,2026-08-19T13:23:22.980764+09:00
Dispatch Loop,10.0,1.0,success,False,2026-08-17T20:47:33.914967+09:00
Dispatch Manager,1300.0,4.0,success,False,2026-08-17T20:38:59.956902+09:00
Dispatch Manual,30.0,0.0,success,False,2026-08-27T22:06:51.467328+09:00
Dispatch Map,590.0,0.0,success,False,2026-08-17T20:41:03.029394+09:00
Dispatch Marker,,,failed,False,2026-08-23T13:26:49.261296+09:00
Dispatch Markup,,,failed,False,2026-08-23T16:38:29.056767+09:00
Dispatch Memo,20.0,0.0,success,False,2026-08-21T00:25:50.747055+09:00
Dispatch Message,170.0,1.0,success,False,2026-08-27T23:10:19.958354+09:00
Dispatch Meter,,,failed,False,2026-08-17T21:33:48.082783+09:00
Dispatch Metrics,,,failed,False,2026-08-17T23:14:36.904616+09:00
Dispatch Monitor,90.0,8.0,success,False,2026-08-17T23:07:43.866571+09:00
Dispatch Navigator,,,failed,False,2026-08-17T23:04:19.754704+09:00
Dispatch Nexus,320.0,1.0,success,False,2026-08-17T20:42:13.997557+09:00
Dispatch Node,,,failed,False,2026-08-17T20:44:01.266186+09:00
Dispatch Note,880.0,0.0,success,False,2026-08-19T13:20:57.045829+09:00
Dispatch Notification,40.0,2.0,success,False,2026-08-27T22:44:39.489901+09:00
Dispatch Number,1000.0,2.0,success,False,2026-08-23T03:16:47.860821+09:00
Dispatch Office,1000.0,1.0,success,False,2026-08-18T23:59:51.056306+09:00
Dispatch Ops,10.0,9.0,success,False,2026-08-17T23:11:03.494377+09:00
Dispatch Order,1600.0,1.0,success,False,2026-08-19T21:48:58.615287+09:00
Dispatch Organizer,,,failed,False,2026-08-17T23:04:01.438390+09:00
Dispatch Overdue,,,failed,False,2026-08-27T21:45:54.192033+09:00
Dispatch Panel,50.0,2.0,success,False,2026-08-17T21:35:58.459168+09:00
Dispatch Pass,,,failed,False,2026-08-21T00:25:02.156940+09:00
Dispatch Path,10.0,0.0,success,False,2026-08-17T20:43:34.295212+09:00
Dispatch Penalty,,,failed,False,2026-08-23T16:38:26.896926+09:00
Dispatch Petition,10.0,0.0,success,False,2026-08-21T01:00:25.578415+09:00
Dispatch Pilot,20.0,0.0,success,False,2026-08-17T20:33:21.754611+09:00
Dispatch Plan,480.0,10.0,success,False,2026-08-21T01:53:20.957099+09:00
Dispatch Planner,480.0,10.0,success,False,2026-08-17T23:04:23.573644+09:00
Dispatch Playbook,,,failed,False,2026-08-18T22:04:47.341629+09:00
Dispatch Point,110.0,0.0,success,False,2026-08-17T20:42:40.071307+09:00
Dispatch Portal,110.0,7.0,success,False,2026-08-17T21:38:08.965654+09:00
Dispatch Preview,50.0,0.0,success,False,2026-08-28T01:01:48.581211+09:00
Dispatch Profile,140.0,0.0,success,False,2026-08-19T13:21:49.505722+09:00
Dispatch Profit,50.0,0.0,success,False,2026-08-23T02:53:06.849591+09:00
Dispatch Proposal,,,failed,False,2026-08-28T01:01:51.337076+09:00
Dispatch Pulse,90.0,0.0,success,False,2026-08-17T20:45:26.162726+09:00
Dispatch Queue,140.0,0.0,success,False,2026-08-19T21:04:58.271286+09:00
Dispatch Quota,,,failed,False,2026-08-21T00:25:57.789837+09:00
Dispatch Radar,30.0,6.0,success,False,2026-08-18T07:52:27.935751+09:00
Dispatch Rail,,,failed,False,2026-08-17T20:48:13.207047+09:00
Dispatch Rate,140.0,0.0,success,False,2026-08-19T20:40:08.745376+09:00
Dispatch Recap,20.0,0.0,success,False,2026-08-21T01:00:36.022676+09:00
Dispatch Receipt,50.0,1.0,success,False,2026-08-19T21:49:18.898188+09:00
Dispatch Recorder,10.0,0.0,success,False,2026-08-27T23:32:26.212741+09:00
Dispatch Register,1000.0,11.0,success,False,2026-08-17T23:07:36.976637+09:00
Dispatch Registry,,,failed,False,2026-08-18T22:05:27.658262+09:00
Dispatch Relay,10.0,0.0,success,False,2026-08-18T07:52:35.571361+09:00
Dispatch Reminder,,,failed,False,2026-08-19T21:04:06.353252+09:00
Dispatch Report,320.0,1.0,success,False,2026-08-19T13:23:14.484254+09:00
Dispatch Repository,,,failed,False,2026-08-27T23:10:28.498213+09:00
Dispatch Result,10.0,0.0,success,False,2026-08-28T00:45:40.942680+09:00
Dispatch Roadmap,210.0,0.0,success,False,2026-08-18T22:06:09.670880+09:00
Dispatch Roster,210.0,0.0,success,False,2026-08-19T00:37:26.885782+09:00
Dispatch Route,390.0,12.0,success,False,2026-08-17T21:31:39.058447+09:00
Dispatch Rule,390.0,0.0,success,False,2026-08-23T03:17:02.268689+09:00
Dispatch Sale,1900.0,1.0,success,False,2026-08-21T02:25:59.297290+09:00
Dispatch Sample,30.0,0.0,success,False,2026-08-19T21:50:30.697464+09:00
Dispatch Scale,,,failed,False,2026-08-17T21:32:50.995270+09:00
Dispatch Scheduler,590.0,10.0,success,False,2026-08-17T23:12:59.903146+09:00
Dispatch Scope,,,failed,False,2026-08-17T20:49:39.030080+09:00
Dispatch Score,70.0,0.0,success,False,2026-08-19T13:22:09.591180+09:00
Dispatch Sentry,,,failed,False,2026-08-17T20:40:42.163784+09:00
Dispatch Sheet,320.0,6.0,success,False,2026-08-19T13:21:44.122863+09:00
Dispatch Signal,20.0,0.0,success,False,2026-08-17T21:32:15.070878+09:00
Dispatch Signature,,,failed,False,2026-08-23T13:26:46.141852+09:00
Dispatch Slip,170.0,2.0,success,False,2026-08-19T21:50:19.457736+09:00
Dispatch Slot,,,failed,False,2026-08-19T21:50:41.490993+09:00
Dispatch Snapshot,,,failed,False,2026-08-18T22:05:10.153828+09:00
Dispatch Stage,10.0,0.0,success,False,2026-08-28T00:45:40.942680+09:00
Dispatch Stake,,,failed,False,2026-08-23T02:53:14.872547+09:00
Dispatch Stamp,110.0,62.0,success,False,2026-08-23T13:26:49.261296+09:00
Dispatch Statement,,,failed,False,2026-08-21T00:25:29.281502+09:00
Dispatch Station,70.0,0.0,success,False,2026-08-17T20:31:36.969919+09:00
Dispatch Status,260.0,0.0,success,False,2026-08-19T20:39:26.869721+09:00
Dispatch Streak,,,failed,False,2026-08-28T00:45:35.673593+09:00
Dispatch Stub,,,failed,False,2026-08-21T00:25:24.031302+09:00
Dispatch Studio,590.0,0.0,success,False,2026-08-17T20:33:51.962760+09:00
Dispatch Suite,170.0,5.0,success,False,2026-08-17T23:11:21.548397+09:00
Dispatch Sum,,,failed,False,2026-08-21T02:25:44.046093+09:00
Dispatch Summary,210.0,0.0,success,False,2026-08-19T21:03:38.962662+09:00
Dispatch Sync,20.0,0.0,success,False,2026-08-17T20:36:11.237181+09:00
Dispatch Table,320.0,2.0,success,False,2026-08-19T21:49:55.952193+09:00
Dispatch Tag,,,failed,False,2026-08-19T13:21:15.307510+09:00
Dispatch Tally,,,failed,False,2026-08-21T00:25:38.806657+09:00
Dispatch Tariff,,,failed,False,2026-08-21T02:37:22.596537+09:00
Dispatch Tax,,,failed,False,2026-08-21T02:10:00.502849+09:00
Dispatch Ticket,140.0,15.0,success,False,2026-08-19T21:04:44.071622+09:00
Dispatch Timeline,260.0,0.0,success,False,2026-08-19T21:03:53.179213+09:00
Dispatch Timer,320.0,1.0,success,False,2026-08-28T00:20:56.154840+09:00
Dispatch Token,,,failed,False,2026-08-23T13:26:43.446955+09:00
Dispatch Toll,,,failed,False,2026-08-21T02:37:11.292116+09:00
Dispatch Toolbox,,,failed,False,2026-08-28T00:21:02.971988+09:00
Dispatch Toolkit,,,failed,False,2026-08-18T22:04:38.583463+09:00
Dispatch Total,,,failed,False,2026-08-27T23:10:19.958354+09:00
Dispatch Tracker,8100.0,24.0,success,False,2026-08-17T20:37:08.027448+09:00
Dispatch Trail,,,failed,False,2026-08-17T20:46:53.844827+09:00
Dispatch Trend,90.0,0.0,success,False,2026-08-28T01:01:45.010115+09:00
Dispatch Trial,10.0,4.0,success,False,2026-08-27T21:12:46.088803+09:00
Dispatch Unit,170.0,2.0,success,False,2026-08-21T01:53:18.147315+09:00
Dispatch Update,3600.0,0.0,success,True,2026-08-19T20:40:17.061535+09:00
Dispatch Value,,,failed,False,2026-08-23T02:53:08.936462+09:00
Dispatch Vault,10.0,0.0,success,False,2026-08-18T07:52:37.222006+09:00
Dispatch Version,90.0,0.0,success,False,2026-08-23T03:16:51.782987+09:00
Dispatch View,,,failed,False,2026-08-19T20:39:35.461909+09:00
Dispatch Voucher,50.0,22.0,success,False,2026-08-21T00:25:10.675439+09:00
Dispatch Watch,170.0,0.0,success,False,2026-08-17T21:31:02.177338+09:00
Dispatch Wave,,,failed,False,2026-08-17T20:44:23.108645+09:00
Dispatch Widget,,,failed,False,2026-08-27T23:10:24.868971+09:00
Dispatch Workbench,,,failed,False,2026-08-18T22:04:27.693577+09:00
Dispatch Worksheet,,,failed,False,2026-08-27T22:06:55.016444+09:00
Dispatch Workshop,10.0,10.0,success,False,2026-08-28T00:20:59.096636+09:00
Dispatch Zone,30.0,0.0,success,False,2026-08-18T07:43:23.332018+09:00
Dispensing Advance,,,failed,False,2026-08-23T16:14:11.722628+09:00
Dispensing Advisory,,,failed,False,2026-08-21T01:08:25.718288+09:00
Dispensing Allowance,,,failed,False,2026-08-21T02:38:00.530165+09:00
Dispensing Almanac,,,failed,False,2026-08-18T23:50:48.933395+09:00
Dispensing Analyzer,,,failed,False,2026-08-27T23:57:19.436881+09:00
Dispensing Anchor,,,failed,False,2026-08-17T23:32:27.078253+09:00
Dispensing Arrears,,,failed,False,2026-08-23T16:14:08.408734+09:00
Dispensing Assistant,210.0,2.0,success,False,2026-08-17T23:28:25.880563+09:00
Dispensing Atlas,,,failed,False,2026-08-17T23:27:42.956477+09:00
Dispensing Balance,210.0,10.0,success,False,2026-08-23T13:46:45.487661+09:00
Dispensing Base,,,failed,False,2026-08-17T23:23:48.557902+09:00
Dispensing Beacon,,,failed,False,2026-08-17T23:31:50.854430+09:00
Dispensing Bill,,,failed,False,2026-08-19T21:58:30.244900+09:00
Dispensing Blueprint,,,failed,False,2026-08-18T23:50:48.933395+09:00
Dispensing Board,,,failed,False,2026-08-17T23:12:14.829118+09:00
Dispensing Book,70.0,22.0,success,False,2026-08-19T21:59:15.845213+09:00
Dispensing Bridge,,,failed,False,2026-08-17T23:10:58.652260+09:00
Dispensing Brief,,,failed,False,2026-08-21T01:08:15.676788+09:00
Dispensing Bulletin,,,failed,False,2026-08-21T01:08:10.104042+09:00
Dispensing Cabinet,260.0,62.0,success,False,2026-08-27T23:14:37.141829+09:00
Dispensing Calculator,,,failed,False,2026-08-27T23:35:24.571352+09:00
Dispensing Calendar,,,failed,False,2026-08-19T00:04:39.958803+09:00
Dispensing Card,,,failed,False,2026-08-19T13:21:58.772541+09:00
Dispensing Cascade,,,failed,False,2026-08-17T23:32:14.007104+09:00
Dispensing Cash,720.0,0.0,success,False,2026-08-21T02:21:33.857873+09:00
Dispensing Cashback,,,failed,False,2026-08-27T21:16:33.171675+09:00
Dispensing Catalog,,,failed,False,2026-08-19T21:14:27.953850+09:00
Dispensing Center,,,failed,False,2026-08-17T23:08:38.142070+09:00
Dispensing Chain,,,failed,False,2026-08-17T23:13:34.703463+09:00
Dispensing Charge,,,failed,False,2026-08-21T02:37:48.956315+09:00
Dispensing Check,,,failed,False,2026-08-19T13:22:59.111226+09:00
Dispensing Checker,,,failed,False,2026-08-27T23:57:12.985174+09:00
Dispensing Checklist,20.0,0.0,success,False,2026-08-19T21:13:34.097161+09:00
Dispensing Circular,,,failed,False,2026-08-21T01:08:20.285219+09:00
Dispensing Cockpit,,,failed,False,2026-08-17T23:14:51.389027+09:00
Dispensing Code,,,failed,False,2026-08-19T21:58:48.612097+09:00
Dispensing Codex,,,failed,False,2026-08-18T23:50:48.933395+09:00
Dispensing Companion,,,failed,False,2026-08-17T23:29:55.087176+09:00
Dispensing Comparison,,,failed,False,2026-08-28T01:07:44.108969+09:00
Dispensing Compass,,,failed,False,2026-08-17T23:09:23.779987+09:00
Dispensing Compendium,,,failed,False,2026-08-18T23:50:48.933395+09:00
Dispensing Confirmation,,,failed,False,2026-08-21T01:08:31.890939+09:00
Dispensing Console,,,failed,False,2026-08-17T23:25:59.230175+09:00
Dispensing Contribution,,,failed,False,2026-08-23T16:14:05.017306+09:00
Dispensing Copayment,,,failed,False,2026-08-23T16:38:50.541482+09:00
Dispensing Core,,,failed,False,2026-08-17T23:05:03.232524+09:00
Dispensing Cost,10.0,0.0,success,False,2026-08-21T02:15:31.230859+09:00
Dispensing Count,,,failed,False,2026-08-27T22:49:02.475082+09:00
Dispensing Counter,170.0,9.0,success,False,2026-08-19T00:05:16.956026+09:00
Dispensing Coupon,,,failed,False,2026-08-27T21:16:28.518091+09:00
Dispensing Dashboard,,,failed,False,2026-08-17T23:29:38.825411+09:00
Dispensing Deal,,,failed,False,2026-08-21T01:59:50.051478+09:00
Dispensing Debt,,,failed,False,2026-08-21T02:21:27.143708+09:00
Dispensing Deck,,,failed,False,2026-08-17T23:24:30.748337+09:00
Dispensing Depot,10.0,0.0,success,False,2026-08-19T00:05:06.053297+09:00
Dispensing Desk,20.0,29.0,success,False,2026-08-17T23:07:39.486562+09:00
Dispensing Detail,,,failed,False,2026-08-23T03:17:13.101010+09:00
Dispensing Detector,,,failed,False,2026-08-27T23:57:16.212473+09:00
Dispensing Diagram,,,failed,False,2026-08-27T22:11:22.688416+09:00
Dispensing Dial,,,failed,False,2026-08-17T23:26:13.004123+09:00
Dispensing Digest,,,failed,False,2026-08-19T20:41:48.388385+09:00
Dispensing Directory,,,failed,False,2026-08-19T00:04:44.561310+09:00
Dispensing Discount,,,failed,False,2026-08-23T16:14:01.846183+09:00
Dispensing Dock,,,failed,False,2026-08-17T23:26:41.280182+09:00
Dispensing Dossier,,,failed,False,2026-08-21T01:08:36.289589+09:00
Dispensing Downpayment,,,failed,False,2026-08-27T21:47:42.128898+09:00
Dispensing Draft,,,failed,False,2026-08-19T20:42:06.894940+09:00
Dispensing Due,,,failed,False,2026-08-23T15:51:42.166674+09:00
Dispensing Duty,,,failed,False,2026-08-21T02:37:53.787359+09:00
Dispensing Engine,,,failed,False,2026-08-17T23:11:35.407010+09:00
Dispensing Entry,,,failed,False,2026-08-21T01:08:49.317162+09:00
Dispensing Estimate,,,failed,False,2026-08-19T21:14:17.350894+09:00
Dispensing Excerpt,,,failed,False,2026-08-21T01:08:45.073430+09:00
Dispensing Fare,,,failed,False,2026-08-21T02:15:35.751133+09:00
Dispensing Fee,720.0,0.0,success,False,2026-08-21T02:05:48.650139+09:00
Dispensing Feed,,,failed,False,2026-08-19T20:41:57.553937+09:00
Dispensing File,,,failed,False,2026-08-19T20:41:20.028487+09:00
Dispensing Finder,,,failed,False,2026-08-19T00:04:59.396392+09:00
Dispensing Fine,,,failed,False,2026-08-23T02:53:34.328450+09:00
Dispensing Flag,,,failed,False,2026-08-21T00:35:13.915986+09:00
Dispensing Flow,,,failed,False,2026-08-17T23:30:39.559752+09:00
Dispensing Forge,,,failed,False,2026-08-17T23:03:43.392480+09:00
Dispensing Form,10.0,0.0,success,False,2026-08-19T13:21:44.122863+09:00
Dispensing Format,,,failed,False,2026-08-23T13:06:20.755041+09:00
Dispensing Frame,,,failed,False,2026-08-17T23:10:38.410164+09:00
Dispensing Fund,,,failed,False,2026-08-21T02:21:30.317993+09:00
Dispensing Gate,,,failed,False,2026-08-17T23:27:26.699527+09:00
Dispensing Giveaway,,,failed,False,2026-08-27T21:16:45.829850+09:00
Dispensing Grade,,,failed,False,2026-08-21T00:35:07.163921+09:00
Dispensing Graph,,,failed,False,2026-08-27T22:11:11.911250+09:00
Dispensing Grid,,,failed,False,2026-08-17T23:07:18.335398+09:00
Dispensing Guarantee,,,failed,False,2026-08-28T01:07:52.961175+09:00
Dispensing Guard,,,failed,False,2026-08-17T23:11:16.019102+09:00
Dispensing Guardian,,,failed,False,2026-08-28T00:26:20.204001+09:00
Dispensing Guidebook,,,failed,False,2026-08-18T23:50:48.933395+09:00
Dispensing Helpdesk,,,failed,False,2026-08-27T22:49:08.559687+09:00
Dispensing Helper,,,failed,False,2026-08-28T00:26:26.682078+09:00
Dispensing History,,,failed,False,2026-08-19T20:41:10.828189+09:00
Dispensing Hotline,,,failed,False,2026-08-19T21:14:39.007898+09:00
Dispensing Hub,20.0,0.0,success,False,2026-08-17T23:12:55.157000+09:00
Dispensing Incentive,,,failed,False,2026-08-27T21:16:38.075410+09:00
Dispensing Index,,,failed,False,2026-08-19T21:13:46.122895+09:00
Dispensing Insight,,,failed,False,2026-08-17T23:07:59.739195+09:00
Dispensing Installment,,,failed,False,2026-08-23T16:14:05.017306+09:00
Dispensing Item,,,failed,False,2026-08-21T01:59:37.170622+09:00
Dispensing Journal,,,failed,False,2026-08-18T23:50:48.933395+09:00
Dispensing Keeper,,,failed,False,2026-08-17T23:27:56.034352+09:00
Dispensing Kit,110.0,70.0,success,False,2026-08-27T22:48:58.866644+09:00
Dispensing Lab,590.0,95.0,success,False,2026-08-17T23:24:52.278887+09:00
Dispensing Label,480.0,14.0,success,False,2026-08-27T22:11:11.911250+09:00
Dispensing Ledger,,,failed,False,2026-08-17T23:24:07.376365+09:00
Dispensing Lens,,,failed,False,2026-08-17T23:23:32.991705+09:00
Dispensing Level,,,failed,False,2026-08-19T20:41:30.953351+09:00
Dispensing Link,10.0,0.0,success,False,2026-08-23T03:17:04.760167+09:00
Dispensing List,,,failed,False,2026-08-19T21:58:56.766000+09:00
Dispensing Loan,,,failed,False,2026-08-21T02:06:11.713342+09:00
Dispensing Locator,,,failed,False,2026-08-19T00:04:54.234777+09:00
Dispensing Lock,,,failed,False,2026-08-17T23:33:34.870792+09:00
Dispensing Log,30.0,1.0,success,False,2026-08-19T13:21:04.898366+09:00
Dispensing Loop,,,failed,False,2026-08-17T23:32:54.129749+09:00
Dispensing Manager,,,failed,False,2026-08-17T23:04:19.754704+09:00
Dispensing Manual,,,failed,False,2026-08-27T22:11:14.702550+09:00
Dispensing Map,,,failed,False,2026-08-17T22:49:19.411310+09:00
Dispensing Marker,,,failed,False,2026-08-23T13:27:13.232233+09:00
Dispensing Markup,,,failed,False,2026-08-23T16:38:50.541482+09:00
Dispensing Memo,,,failed,False,2026-08-21T00:35:09.628137+09:00
Dispensing Message,20.0,0.0,success,False,2026-08-27T23:14:27.057874+09:00
Dispensing Meter,,,failed,False,2026-08-17T23:04:39.264131+09:00
Dispensing Metrics,,,failed,False,2026-08-17T23:29:23.485940+09:00
Dispensing Monitor,,,failed,False,2026-08-17T23:29:03.554808+09:00
Dispensing Navigator,,,failed,False,2026-08-17T23:09:43.652539+09:00
Dispensing Nexus,,,failed,False,2026-08-17T23:15:07.247244+09:00
Dispensing Node,,,failed,False,2026-08-17T23:08:17.909902+09:00
Dispensing Note,,,failed,False,2026-08-19T13:23:22.980764+09:00
Dispensing Notification,,,failed,False,2026-08-27T22:48:58.866644+09:00
Dispensing Number,,,failed,False,2026-08-23T03:16:59.377666+09:00
Dispensing Office,,,failed,False,2026-08-19T00:05:11.440472+09:00
Dispensing Ops,,,failed,False,2026-08-17T23:30:11.118322+09:00
Dispensing Order,50.0,0.0,success,False,2026-08-19T21:58:22.475915+09:00
Dispensing Organizer,,,failed,False,2026-08-17T23:13:13.553145+09:00
Dispensing Overage,,,failed,False,2026-08-27T21:47:39.871299+09:00
Dispensing Overdue,,,failed,False,2026-08-27T21:47:35.080437+09:00
Dispensing Panel,,,failed,False,2026-08-17T23:10:20.263689+09:00
Dispensing Pass,,,failed,False,2026-08-21T00:34:47.254019+09:00
Dispensing Path,,,failed,False,2026-08-17T23:33:17.146702+09:00
Dispensing Payoff,,,failed,False,2026-08-27T21:47:37.465636+09:00
Dispensing Penalty,,,failed,False,2026-08-23T16:38:47.783567+09:00
Dispensing Petition,,,failed,False,2026-08-21T01:08:27.933703+09:00
Dispensing Pilot,,,failed,False,2026-08-17T23:30:54.077179+09:00
Dispensing Plan,,,failed,False,2026-08-21T01:59:43.959754+09:00
Dispensing Planner,,,failed,False,2026-08-17T23:06:09.735984+09:00
Dispensing Playbook,,,failed,False,2026-08-18T23:50:51.021590+09:00
Dispensing Point,20.0,1.0,success,False,2026-08-17T23:08:58.203851+09:00
Dispensing Portal,,,failed,False,2026-08-17T23:15:27.187478+09:00
Dispensing Preview,,,failed,False,2026-08-28T01:07:47.366767+09:00
Dispensing Profile,,,failed,False,2026-08-19T13:23:50.629735+09:00
Dispensing Profit,,,failed,False,2026-08-23T02:53:22.590239+09:00
Dispensing Proposal,,,failed,False,2026-08-28T01:07:52.961175+09:00
Dispensing Pulse,,,failed,False,2026-08-17T23:33:06.954832+09:00
Dispensing Queue,,,failed,False,2026-08-19T21:14:07.516927+09:00
Dispensing Quota,,,failed,False,2026-08-21T00:35:11.745138+09:00
Dispensing Radar,,,failed,False,2026-08-17T23:31:19.808791+09:00
Dispensing Rail,,,failed,False,2026-08-17T23:06:32.975995+09:00
Dispensing Rate,10.0,0.0,success,False,2026-08-19T20:41:37.796650+09:00
Dispensing Recap,,,failed,False,2026-08-21T01:08:40.341221+09:00
Dispensing Receipt,,,failed,False,2026-08-19T21:58:39.226398+09:00
Dispensing Recorder,,,failed,False,2026-08-27T23:35:28.835803+09:00
Dispensing Redemption,,,failed,False,2026-08-23T16:38:53.252652+09:00
Dispensing Register,50.0,0.0,success,False,2026-08-17T23:04:03.069082+09:00
Dispensing Registry,,,failed,False,2026-08-18T23:50:51.021590+09:00
Dispensing Relay,,,failed,False,2026-08-17T23:14:35.084674+09:00
Dispensing Reminder,,,failed,False,2026-08-19T21:13:21.149067+09:00
Dispensing Report,,,failed,False,2026-08-19T13:20:54.330811+09:00
Dispensing Repository,,,failed,False,2026-08-27T23:14:37.141829+09:00
Dispensing Result,,,failed,False,2026-08-28T00:48:15.950901+09:00
Dispensing Roadmap,,,failed,False,2026-08-18T23:50:51.021590+09:00
Dispensing Route,,,failed,False,2026-08-17T23:11:56.017978+09:00
Dispensing Rule,,,failed,False,2026-08-23T03:17:09.077548+09:00
Dispensing Sale,,,failed,False,2026-08-21T02:21:38.988991+09:00
Dispensing Sample,,,failed,False,2026-08-19T21:59:35.883958+09:00
Dispensing Scale,10.0,13.0,success,False,2026-08-17T23:26:27.360355+09:00
Dispensing Scanner,,,failed,False,2026-08-27T23:57:16.212473+09:00
Dispensing Scheduler,,,failed,False,2026-08-17T23:28:46.712952+09:00
Dispensing Scope,,,failed,False,2026-08-17T23:12:33.022666+09:00
Dispensing Score,,,failed,False,2026-08-19T13:23:10.003028+09:00
Dispensing Sentry,,,failed,False,2026-08-17T23:10:00.779750+09:00
Dispensing Sheet,10.0,0.0,success,False,2026-08-19T13:22:13.329978+09:00
Dispensing Shortfall,,,failed,False,2026-08-27T21:47:42.128898+09:00
Dispensing Signal,,,failed,False,2026-08-17T23:05:27.218902+09:00
Dispensing Signature,,,failed,False,2026-08-23T13:27:13.232233+09:00
Dispensing Slip,,,failed,False,2026-08-19T21:59:26.927876+09:00
Dispensing Slot,,,failed,False,2026-08-19T21:59:50.117537+09:00
Dispensing Snapshot,,,failed,False,2026-08-18T23:50:51.021590+09:00
Dispensing Stage,,,failed,False,2026-08-28T00:48:15.950901+09:00
Dispensing Stake,,,failed,False,2026-08-23T02:53:30.954147+09:00
Dispensing Stamp,,,failed,False,2026-08-23T13:27:16.161149+09:00
Dispensing Statement,,,failed,False,2026-08-21T00:35:01.453915+09:00
Dispensing Station,70.0,10.0,success,False,2026-08-17T23:13:53.612284+09:00
Dispensing Status,,,failed,False,2026-08-19T20:40:49.478840+09:00
Dispensing Stub,,,failed,False,2026-08-21T00:34:59.250399+09:00
Dispensing Studio,,,failed,False,2026-08-17T23:06:54.696813+09:00
Dispensing Subsidy,,,failed,False,2026-08-23T15:51:42.166674+09:00
Dispensing Suite,,,failed,False,2026-08-17T23:28:10.025737+09:00
Dispensing Sum,,,failed,False,2026-08-21T02:21:19.910090+09:00
Dispensing Summary,,,failed,False,2026-08-19T21:12:57.141262+09:00
Dispensing Sync,,,failed,False,2026-08-17T23:05:51.247207+09:00
Dispensing Table,390.0,87.0,success,False,2026-08-19T21:59:07.775168+09:00
Dispensing Tag,,,failed,False,2026-08-19T13:23:40.624873+09:00
Dispensing Tally,,,failed,False,2026-08-21T00:35:03.505181+09:00
Dispensing Tariff,,,failed,False,2026-08-21T02:38:06.910707+09:00
Dispensing Tax,,,failed,False,2026-08-21T02:06:01.492109+09:00
Dispensing Ticket,,,failed,False,2026-08-19T21:13:57.456241+09:00
Dispensing Timeline,,,failed,False,2026-08-19T21:13:11.253613+09:00
Dispensing Timer,,,failed,False,2026-08-28T00:26:17.382290+09:00
Dispensing Toll,,,failed,False,2026-08-21T02:37:55.962761+09:00
Dispensing Toolbox,,,failed,False,2026-08-28T00:26:22.903465+09:00
Dispensing Toolkit,,,failed,False,2026-08-18T23:50:51.021590+09:00
Dispensing Total,,,failed,False,2026-08-27T23:14:33.058842+09:00
Dispensing Tracker,,,failed,False,2026-08-17T23:30:24.350682+09:00
Dispensing Trail,,,failed,False,2026-08-17T23:26:58.468073+09:00
Dispensing Trend,,,failed,False,2026-08-28T01:07:41.597003+09:00
Dispensing Trial,,,failed,False,2026-08-27T21:16:33.171675+09:00
Dispensing Unit,210.0,7.0,success,False,2026-08-21T01:59:40.836410+09:00
Dispensing Update,,,failed,False,2026-08-19T20:41:43.197527+09:00
Dispensing Value,,,failed,False,2026-08-23T02:53:25.456581+09:00
Dispensing Vault,,,failed,False,2026-08-17T23:31:35.615532+09:00
Dispensing Version,,,failed,False,2026-08-23T03:17:02.268689+09:00
Dispensing View,,,failed,False,2026-08-19T20:41:03.972806+09:00
Dispensing Voucher,,,failed,False,2026-08-21T00:34:53.693924+09:00
Dispensing Watch,,,failed,False,2026-08-17T23:32:42.825846+09:00
Dispensing Wave,,,failed,False,2026-08-17T23:14:14.412117+09:00
Dispensing Widget,,,failed,False,2026-08-27T23:14:33.058842+09:00
Dispensing Workbench,,,failed,False,2026-08-18T23:50:51.021590+09:00
Dispensing Worksheet,,,failed,False,2026-08-27T22:11:22.688416+09:00
Dispensing Zone,,,failed,False,2026-08-17T23:25:43.129443+09:00
Dissertation Alert,,,failed,False,2026-08-21T01:37:30.941685+09:00
Dissertation Allowance,10.0,0.0,success,False,2026-08-21T02:39:27.182357+09:00
Dissertation Analyzer,,,failed,False,2026-08-27T23:57:28.605750+09:00
Dissertation Announcement,20.0,0.0,success,False,2026-08-27T23:35:13.146180+09:00
Dissertation Assistant,140.0,36.0,success,False,2026-08-21T01:35:57.190155+09:00
Dissertation Atlas,,,failed,False,2026-08-21T01:44:31.242398+09:00
Dissertation Attribute,,,failed,False,2026-08-23T13:08:21.567126+09:00
Dissertation Badge,,,failed,False,2026-08-21T01:40:37.729948+09:00
Dissertation Base,10.0,0.0,success,False,2026-08-21T01:42:51.256978+09:00
Dissertation Beacon,,,failed,False,2026-08-21T01:41:56.935291+09:00
Dissertation Bill,,,failed,False,2026-08-21T01:39:59.295312+09:00
Dissertation Board,90.0,0.0,success,False,2026-08-21T01:43:00.390217+09:00
Dissertation Bridge,,,failed,False,2026-08-21T01:42:05.228292+09:00
Dissertation Brief,10.0,0.0,success,False,2026-08-21T01:41:02.771886+09:00
Dissertation Bulletin,,,failed,False,2026-08-21T01:40:58.554709+09:00
Dissertation Cabinet,,,failed,False,2026-08-27T23:14:01.250377+09:00
Dissertation Card,90.0,16.0,success,False,2026-08-21T01:38:24.012895+09:00
Dissertation Cascade,,,failed,False,2026-08-21T01:42:02.866390+09:00
Dissertation Cash,,,failed,False,2026-08-21T02:22:28.218601+09:00
Dissertation Category,10.0,,success,False,2026-08-23T13:08:19.388505+09:00
Dissertation Center,10.0,0.0,success,False,2026-08-21T01:43:27.778790+09:00
Dissertation Chain,,,failed,False,2026-08-21T01:44:11.369887+09:00
Dissertation Charge,10.0,4.0,success,False,2026-08-21T02:39:16.897271+09:00
Dissertation Chart,,,failed,False,2026-08-21T01:37:34.913486+09:00
Dissertation Check,1300.0,32.0,success,False,2026-08-21T01:38:34.046103+09:00
Dissertation Checker,1300.0,32.0,success,False,2026-08-27T23:57:19.436881+09:00
Dissertation Code,,,failed,False,2026-08-21T01:40:07.956384+09:00
Dissertation Comparison,,,failed,False,2026-08-28T01:08:23.846955+09:00
Dissertation Compass,,,failed,False,2026-08-21T01:41:52.008026+09:00
Dissertation Confirmation,,,failed,False,2026-08-21T01:41:18.223212+09:00
Dissertation Console,,,failed,False,2026-08-21T01:43:45.085248+09:00
Dissertation Core,,,failed,False,2026-08-21T01:42:53.677401+09:00
Dissertation Cost,10.0,16.0,success,False,2026-08-21T02:15:19.980644+09:00
Dissertation Count,,,failed,False,2026-08-27T22:48:20.741854+09:00
Dissertation Counter,,,failed,False,2026-08-21T01:35:59.252508+09:00
Dissertation Deal,10.0,,success,False,2026-08-21T01:58:55.002196+09:00
Dissertation Debt,,,failed,False,2026-08-21T02:22:21.674947+09:00
Dissertation Deck,,,failed,False,2026-08-21T01:43:03.421356+09:00
Dissertation Desk,,,failed,False,2026-08-21T01:41:39.026443+09:00
Dissertation Detail,,,failed,False,2026-08-23T03:20:18.367542+09:00
Dissertation Detector,,,failed,False,2026-08-27T23:57:22.809432+09:00
Dissertation Diagram,,,failed,False,2026-08-27T22:09:28.492809+09:00
Dissertation Directory,10.0,0.0,success,False,2026-08-21T01:35:59.252508+09:00
Dissertation Discount,,,failed,False,2026-08-23T16:11:44.096297+09:00
Dissertation Draft,70.0,4.0,success,False,2026-08-21T01:39:27.131441+09:00
Dissertation Due,,,failed,False,2026-08-23T15:50:12.078414+09:00
Dissertation Duty,,,failed,False,2026-08-21T02:39:20.009212+09:00
Dissertation Endowment,,,failed,False,2026-08-23T15:50:16.987712+09:00
Dissertation Engine,,,failed,False,2026-08-21T01:35:57.190155+09:00
Dissertation Entry,,,failed,False,2026-08-21T01:41:22.153477+09:00
Dissertation Estimate,,,failed,False,2026-08-21T01:39:49.686792+09:00
Dissertation Estimator,,,failed,False,2026-08-27T23:57:19.436881+09:00
Dissertation Extension,50.0,0.0,success,False,2026-08-23T16:37:45.266937+09:00
Dissertation Fare,,,failed,False,2026-08-21T02:15:26.957875+09:00
Dissertation Fee,70.0,2.0,success,False,2026-08-21T01:58:40.468509+09:00
Dissertation Feed,,,failed,False,2026-08-21T01:39:21.617747+09:00
Dissertation Field,,,failed,False,2026-08-23T13:08:24.927067+09:00
Dissertation File,880.0,0.0,success,False,2026-08-21T01:39:01.261860+09:00
Dissertation Fine,,,failed,False,2026-08-23T02:54:59.727215+09:00
Dissertation Flow,,,failed,False,2026-08-21T01:41:33.473055+09:00
Dissertation Forge,,,failed,False,2026-08-21T01:42:00.180241+09:00
Dissertation Form,1300.0,2.0,success,False,2026-08-21T01:38:21.127852+09:00
Dissertation Format,1300.0,2.0,success,False,2026-08-23T13:08:27.240954+09:00
Dissertation Frame,10.0,100.0,success,False,2026-08-21T01:42:48.869153+09:00
Dissertation Fund,,,failed,False,2026-08-21T02:22:24.634972+09:00
Dissertation Gate,10.0,,success,False,2026-08-21T01:44:20.732547+09:00
Dissertation Graph,,,failed,False,2026-08-27T22:09:18.738684+09:00
Dissertation Grid,,,failed,False,2026-08-21T01:42:29.387533+09:00
Dissertation Guardian,,,failed,False,2026-08-28T00:26:34.139001+09:00
Dissertation Helpdesk,,,failed,False,2026-08-27T22:48:25.660209+09:00
Dissertation Helper,3600.0,12.0,success,False,2026-08-28T00:26:37.162050+09:00
Dissertation History,210.0,0.0,success,False,2026-08-21T01:38:59.099455+09:00
Dissertation Hub,10.0,4.0,success,False,2026-08-21T01:41:35.548332+09:00
Dissertation Identifier,,,failed,False,2026-08-23T13:08:15.174863+09:00
Dissertation Index,390.0,0.0,success,False,2026-08-21T01:39:45.118535+09:00
Dissertation Installment,,,failed,False,2026-08-23T16:11:46.377478+09:00
Dissertation Item,,,failed,False,2026-08-21T01:58:43.901709+09:00
Dissertation Journal,390.0,15.0,success,False,2026-08-21T01:35:59.252508+09:00
Dissertation Keeper,,,failed,False,2026-08-21T01:44:33.537295+09:00
Dissertation Kit,40.0,0.0,success,False,2026-08-27T22:48:17.330576+09:00
Dissertation Lab,10.0,6.0,success,False,2026-08-21T01:43:14.953756+09:00
Dissertation Label,,,failed,False,2026-08-27T22:09:22.436426+09:00
Dissertation Ledger,,,failed,False,2026-08-21T01:42:58.216620+09:00
Dissertation Level,,,failed,False,2026-08-21T01:39:07.193029+09:00
Dissertation Link,,,failed,False,2026-08-23T03:20:11.001534+09:00
Dissertation List,20.0,0.0,success,False,2026-08-21T01:40:12.068388+09:00
Dissertation Loan,,,failed,False,2026-08-21T02:15:31.230859+09:00
Dissertation Lobby,,,failed,False,2026-08-21T01:37:46.611348+09:00
Dissertation Locator,,,failed,False,2026-08-21T01:35:59.252508+09:00
Dissertation Locker,,,failed,False,2026-08-21T01:36:39.432784+09:00
Dissertation Log,,,failed,False,2026-08-21T01:38:16.172375+09:00
Dissertation Loop,,,failed,False,2026-08-21T01:42:22.878879+09:00
Dissertation Manual,20.0,8.0,success,False,2026-08-27T22:09:22.436426+09:00
Dissertation Map,10.0,0.0,success,False,2026-08-21T01:42:43.370438+09:00
Dissertation Markup,,,failed,False,2026-08-23T16:37:42.888726+09:00
Dissertation Memo,,,failed,False,2026-08-21T01:40:48.434359+09:00
Dissertation Message,,,failed,False,2026-08-27T23:13:56.060397+09:00
Dissertation Monitor,,,failed,False,2026-08-21T01:35:57.190155+09:00
Dissertation Nexus,,,failed,False,2026-08-21T01:44:25.853714+09:00
Dissertation Note,390.0,0.0,success,False,2026-08-21T01:38:40.726969+09:00
Dissertation Notification,,,failed,False,2026-08-27T22:48:13.756184+09:00
Dissertation Number,,,failed,False,2026-08-23T03:20:04.246790+09:00
Dissertation Office,10.0,2.0,success,False,2026-08-21T01:35:59.252508+09:00
Dissertation Ops,,,failed,False,2026-08-21T01:35:57.190155+09:00
Dissertation Order,210.0,8.0,success,False,2026-08-21T01:39:55.005229+09:00
Dissertation Outline,720.0,4.0,success,False,2026-08-27T22:28:51.186281+09:00
Dissertation Overdue,,,failed,False,2026-08-27T21:46:34.931324+09:00
Dissertation Panel,20.0,2.0,success,False,2026-08-21T01:43:50.237250+09:00
Dissertation Pass,,,failed,False,2026-08-21T01:40:33.133691+09:00
Dissertation Path,,,failed,False,2026-08-21T01:42:37.393096+09:00
Dissertation Penalty,,,failed,False,2026-08-23T16:37:40.797403+09:00
Dissertation Petition,,,failed,False,2026-08-21T01:41:14.289680+09:00
Dissertation Plan,1600.0,70.0,success,False,2026-08-21T01:58:52.066039+09:00
Dissertation Planner,1600.0,70.0,success,False,2026-08-21T01:35:57.190155+09:00
Dissertation Playbook,,,failed,False,2026-08-21T01:35:59.252508+09:00
Dissertation Point,,,failed,False,2026-08-21T01:42:40.721389+09:00
Dissertation Portal,20.0,0.0,success,False,2026-08-21T01:43:42.058918+09:00
Dissertation Preview,,,failed,False,2026-08-28T01:08:26.427990+09:00
Dissertation Profile,,,failed,False,2026-08-21T01:38:48.053655+09:00
Dissertation Profit,,,failed,False,2026-08-23T02:54:50.074152+09:00
Dissertation Proposal,1300.0,6.0,success,False,2026-08-28T01:08:26.427990+09:00
Dissertation Quota,,,failed,False,2026-08-21T01:40:53.074721+09:00
Dissertation Radar,,,failed,False,2026-08-21T01:41:44.452509+09:00
Dissertation Rate,,,failed,False,2026-08-21T01:39:12.504942+09:00
Dissertation Recap,,,failed,False,2026-08-21T01:41:20.184116+09:00
Dissertation Receipt,,,failed,False,2026-08-21T01:40:03.980146+09:00
Dissertation Register,10.0,0.0,success,False,2026-08-21T01:35:57.190155+09:00
Dissertation Relay,,,failed,False,2026-08-21T01:41:46.462785+09:00
Dissertation Reminder,,,failed,False,2026-08-21T01:39:38.707543+09:00
Dissertation Report,480.0,1.0,success,False,2026-08-21T01:38:12.819970+09:00
Dissertation Repository,880.0,2.0,success,False,2026-08-27T23:14:01.250377+09:00
Dissertation Result,320.0,0.0,success,False,2026-08-28T00:48:27.212910+09:00
Dissertation Ring,,,failed,False,2026-08-21T01:44:16.668560+09:00
Dissertation Roster,,,failed,False,2026-08-21T01:37:24.140763+09:00
Dissertation Route,,,failed,False,2026-08-21T01:43:59.593158+09:00
Dissertation Rule,,,failed,False,2026-08-23T03:20:15.434284+09:00
Dissertation Sale,10.0,0.0,success,False,2026-08-21T02:22:35.993251+09:00
Dissertation Sample,720.0,2.0,success,False,2026-08-21T01:40:26.570038+09:00
Dissertation Scale,10.0,0.0,success,False,2026-08-21T01:43:52.896076+09:00
Dissertation Scanner,,,failed,False,2026-08-27T23:57:22.809432+09:00
Dissertation Score,10.0,1.0,success,False,2026-08-21T01:38:38.622768+09:00
Dissertation Sheet,,,failed,False,2026-08-21T01:38:31.485069+09:00
Dissertation Signal,,,failed,False,2026-08-21T01:42:11.023754+09:00
Dissertation Signature,,,failed,False,2026-08-23T13:28:05.717329+09:00
Dissertation Slip,,,failed,False,2026-08-21T01:40:19.724237+09:00
Dissertation Slot,,,failed,False,2026-08-21T01:40:28.771256+09:00
Dissertation Stage,50.0,1.0,success,False,2026-08-28T00:48:27.212910+09:00
Dissertation Stake,,,failed,False,2026-08-23T02:54:55.052160+09:00
Dissertation Stamp,,,failed,False,2026-08-23T13:28:05.717329+09:00
Dissertation Statement,10.0,0.0,success,False,2026-08-21T01:40:45.060160+09:00
Dissertation Station,,,failed,False,2026-08-21T01:43:18.678031+09:00
Dissertation Status,140.0,0.0,success,False,2026-08-21T01:38:50.640665+09:00
Dissertation Stipend,,,failed,False,2026-08-23T13:48:27.768488+09:00
Dissertation Stub,,,failed,False,2026-08-21T01:40:42.553901+09:00
Dissertation Studio,,,failed,False,2026-08-21T01:43:12.278953+09:00
Dissertation Subsidy,,,failed,False,2026-08-23T15:50:14.677980+09:00
Dissertation Sum,,,failed,False,2026-08-21T02:22:13.751196+09:00
Dissertation Summary,40.0,1.0,success,False,2026-08-21T01:39:30.579891+09:00
Dissertation Tab,,,failed,False,2026-08-21T01:40:55.486600+09:00
Dissertation Table,110.0,0.0,success,False,2026-08-21T01:40:17.321567+09:00
Dissertation Tag,,,failed,False,2026-08-21T01:38:45.431477+09:00
Dissertation Tariff,,,failed,False,2026-08-21T02:39:34.519072+09:00
Dissertation Tax,,,failed,False,2026-08-21T02:15:26.957875+09:00
Dissertation Terminal,,,failed,False,2026-08-21T01:43:25.178324+09:00
Dissertation Ticket,,,failed,False,2026-08-21T01:39:47.385700+09:00
Dissertation Timeline,170.0,1.0,success,False,2026-08-21T01:39:35.935414+09:00
Dissertation Timer,,,failed,False,2026-08-28T00:26:31.699789+09:00
Dissertation Toll,,,failed,False,2026-08-21T02:39:23.092445+09:00
Dissertation Toolbox,,,failed,False,2026-08-28T00:26:37.162050+09:00
Dissertation Total,,,failed,False,2026-08-27T23:13:56.060397+09:00
Dissertation Tracker,20.0,8.0,success,False,2026-08-21T01:41:25.621539+09:00
Dissertation Trial,,,failed,False,2026-08-27T21:15:06.762141+09:00
Dissertation Unit,,,failed,False,2026-08-21T01:58:46.875681+09:00
Dissertation Update,,,failed,False,2026-08-21T01:39:18.143916+09:00
Dissertation Value,,,failed,False,2026-08-23T02:54:52.135987+09:00
Dissertation Vault,,,failed,False,2026-08-21T01:41:48.955996+09:00
Dissertation Version,,,failed,False,2026-08-23T03:20:07.416918+09:00
Dissertation View,,,failed,False,2026-08-21T01:38:54.698036+09:00
Dissertation Voucher,,,failed,False,2026-08-21T01:40:35.434951+09:00
Dissertation Watch,,,failed,False,2026-08-21T01:42:13.880844+09:00
Dissertation Wave,,,failed,False,2026-08-21T01:42:32.456630+09:00
Dissertation Widget,,,failed,False,2026-08-27T23:13:58.602342+09:00
Dissertation Worksheet,,,failed,False,2026-08-27T22:09:25.119437+09:00
Dissertation Workshop,30.0,11.0,success,False,2026-08-28T00:26:34.139001+09:00
Dissertation Zone,,,failed,False,2026-08-21T01:43:34.239530+09:00
Distribution Advance,10.0,0.0,success,False,2026-08-23T16:16:17.008573+09:00
Distribution Advisory,,,failed,False,2026-08-21T01:09:04.636561+09:00
Distribution Allowance,30.0,0.0,success,False,2026-08-21T02:39:27.182357+09:00
Distribution Almanac,,,failed,False,2026-08-18T22:10:00.373367+09:00
Distribution Analyzer,30.0,4.0,success,False,2026-08-27T23:51:38.023281+09:00
Distribution Anchor,,,failed,False,2026-08-17T20:41:09.985510+09:00
Distribution Announcement,70.0,0.0,success,False,2026-08-27T23:31:41.970749+09:00
Distribution Arrears,,,failed,False,2026-08-23T16:16:13.507688+09:00
Distribution Asset,480.0,1.0,success,False,2026-08-23T13:47:44.552149+09:00
Distribution Assistant,210.0,0.0,success,False,2026-08-17T23:05:06.987834+09:00
Distribution Atlas,110.0,0.0,success,False,2026-08-18T07:52:56.677266+09:00
Distribution Attribute,,,failed,False,2026-08-23T13:07:26.060181+09:00
Distribution Base,110.0,2.0,success,False,2026-08-17T21:38:15.647846+09:00
Distribution Beacon,,,failed,False,2026-08-17T20:44:29.668652+09:00
Distribution Bill,110.0,0.0,success,False,2026-08-19T21:57:08.159846+09:00
Distribution Blueprint,30.0,0.0,success,False,2026-08-18T22:09:52.210960+09:00
Distribution Board,27100.0,89.0,success,False,2026-08-17T21:35:02.943607+09:00
Distribution Book,480.0,29.0,success,False,2026-08-19T21:58:02.735072+09:00
Distribution Bridge,,,failed,False,2026-08-17T20:42:00.146835+09:00
Distribution Brief,,,failed,False,2026-08-21T01:08:54.756215+09:00
Distribution Bulletin,,,failed,False,2026-08-21T01:08:49.317162+09:00
Distribution Calculator,1300.0,1.0,success,False,2026-08-27T23:31:46.551451+09:00
Distribution Calendar,30.0,0.0,success,False,2026-08-18T23:58:04.745440+09:00
Distribution Card,170.0,1.0,success,False,2026-08-19T13:36:57.023796+09:00
Distribution Cascade,,,failed,False,2026-08-17T20:42:47.401639+09:00
Distribution Cash,3600.0,2.0,success,False,2026-08-21T02:23:15.671365+09:00
Distribution Cashback,,,failed,False,2026-08-27T21:19:11.248734+09:00
Distribution Catalog,90.0,11.0,success,False,2026-08-19T21:12:04.004296+09:00
Distribution Category,70.0,0.0,success,False,2026-08-23T13:07:23.083484+09:00
Distribution Center,33100.0,9.0,success,False,2026-08-17T20:47:04.642239+09:00
Distribution Chain,1300.0,2.0,success,False,2026-08-17T20:36:17.521162+09:00
Distribution Charge,390.0,0.0,success,False,2026-08-21T02:39:12.661070+09:00
Distribution Check,260.0,0.0,success,False,2026-08-19T13:37:32.755916+09:00
Distribution Checker,,,failed,False,2026-08-27T23:51:29.405566+09:00
Distribution Checklist,20.0,0.0,success,False,2026-08-19T21:11:09.453565+09:00
Distribution Circular,,,failed,False,2026-08-21T01:08:59.079967+09:00
Distribution Cockpit,,,failed,False,2026-08-17T23:25:24.044948+09:00
Distribution Code,1300.0,0.0,success,True,2026-08-19T21:57:31.477256+09:00
Distribution Codex,,,failed,False,2026-08-18T22:10:14.241136+09:00
Distribution Companion,,,failed,False,2026-08-17T23:15:30.972429+09:00
Distribution Comparison,480.0,1.0,success,False,2026-08-28T01:02:54.819638+09:00
Distribution Compass,,,failed,False,2026-08-17T20:45:33.619281+09:00
Distribution Compendium,,,failed,False,2026-08-18T22:10:08.621452+09:00
Distribution Confirmation,10.0,0.0,success,False,2026-08-21T01:09:15.818493+09:00
Distribution Console,,,failed,False,2026-08-17T20:44:10.950266+09:00
Distribution Contribution,20.0,0.0,success,False,2026-08-23T16:16:13.507688+09:00
Distribution Converter,,,failed,False,2026-08-27T23:31:46.551451+09:00
Distribution Core,720.0,1.0,success,False,2026-08-17T21:37:08.932405+09:00
Distribution Cost,1000.0,0.0,success,True,2026-08-21T02:07:16.373051+09:00
Distribution Count,140.0,0.0,success,False,2026-08-27T22:51:42.060485+09:00
Distribution Counter,140.0,0.0,success,False,2026-08-18T23:58:59.776089+09:00
Distribution Coupon,,,failed,False,2026-08-27T21:19:08.961232+09:00
Distribution Dashboard,140.0,12.0,success,False,2026-08-17T23:08:44.294677+09:00
Distribution Deal,720.0,10.0,success,False,2026-08-21T01:50:32.476329+09:00
Distribution Debt,,,failed,False,2026-08-21T02:23:05.228659+09:00
Distribution Deck,20.0,17.0,success,False,2026-08-17T21:34:01.777052+09:00
Distribution Depot,110.0,2.0,success,False,2026-08-18T23:58:41.085151+09:00
Distribution Desk,20.0,7.0,success,False,2026-08-17T21:31:15.457583+09:00
Distribution Detail,,,failed,False,2026-08-23T03:19:21.354912+09:00
Distribution Detector,,,failed,False,2026-08-27T23:51:35.408395+09:00
Distribution Diagram,390.0,0.0,success,False,2026-08-27T22:14:45.094035+09:00
Distribution Dial,,,failed,False,2026-08-17T20:42:19.428112+09:00
Distribution Digest,,,failed,False,2026-08-19T20:39:03.354865+09:00
Distribution Directory,50.0,15.0,success,False,2026-08-18T23:58:15.272323+09:00
Distribution Dock,,,failed,False,2026-08-17T20:39:09.333217+09:00
Distribution Dossier,,,failed,False,2026-08-21T01:09:20.076507+09:00
Distribution Downpayment,,,failed,False,2026-08-27T21:50:06.831063+09:00
Distribution Draft,,,failed,False,2026-08-19T20:39:21.250222+09:00
Distribution Due,,,failed,False,2026-08-23T15:52:31.168291+09:00
Distribution Duty,,,failed,False,2026-08-21T02:39:16.897271+09:00
Distribution Engine,720.0,15.0,success,False,2026-08-17T23:23:52.832374+09:00
Distribution Entry,10.0,0.0,success,False,2026-08-21T01:09:29.468190+09:00
Distribution Estimate,,,failed,False,2026-08-19T21:11:53.117390+09:00
Distribution Estimator,,,failed,False,2026-08-27T23:51:29.405566+09:00
Distribution Excerpt,,,failed,False,2026-08-21T01:09:26.967706+09:00
Distribution Extension,10.0,14.0,success,False,2026-08-23T16:40:00.457844+09:00
Distribution Fare,,,failed,False,2026-08-21T02:07:24.034599+09:00
Distribution Fee,260.0,0.0,success,False,2026-08-21T01:50:02.348824+09:00
Distribution Feed,,,failed,False,2026-08-19T20:39:14.214038+09:00
Distribution File,170.0,0.0,success,False,2026-08-19T20:38:24.406986+09:00
Distribution Finder,480.0,3.0,success,False,2026-08-18T23:58:32.218218+09:00
Distribution Fine,,,failed,False,2026-08-23T02:54:41.831535+09:00
Distribution Flow,210.0,2.0,success,False,2026-08-17T21:34:29.947705+09:00
Distribution Forge,,,failed,False,2026-08-17T20:43:44.073906+09:00
Distribution Form,480.0,0.0,success,False,2026-08-19T13:36:47.380431+09:00
Distribution Format,30.0,0.0,success,False,2026-08-23T13:07:32.830763+09:00
Distribution Frame,260.0,11.0,success,False,2026-08-17T21:39:57.727763+09:00
Distribution Fund,880.0,4.0,success,False,2026-08-21T02:23:11.717671+09:00
Distribution Gate,260.0,44.0,success,False,2026-08-17T20:33:31.328442+09:00
Distribution Generator,1900.0,3.0,success,False,2026-08-27T23:31:50.398588+09:00
Distribution Giveaway,,,failed,False,2026-08-27T21:19:20.192831+09:00
Distribution Graph,2900.0,0.0,success,True,2026-08-27T22:14:35.571737+09:00
Distribution Grid,390.0,2.0,success,False,2026-08-17T20:36:51.044622+09:00
Distribution Guarantee,10.0,0.0,success,False,2026-08-28T01:03:01.405243+09:00
Distribution Guard,,,failed,False,2026-08-17T21:37:44.992622+09:00
Distribution Guardian,,,failed,False,2026-08-28T00:21:55.786008+09:00
Distribution Guidebook,,,failed,False,2026-08-18T22:09:35.906732+09:00
Distribution Helpdesk,,,failed,False,2026-08-27T22:51:44.321364+09:00
Distribution Helper,20.0,9.0,success,False,2026-08-28T00:22:01.777271+09:00
Distribution History,40.0,0.0,success,False,2026-08-19T20:38:14.851338+09:00
Distribution Hotline,,,failed,False,2026-08-19T21:12:17.710681+09:00
Distribution Hub,480.0,5.0,success,False,2026-08-17T21:33:28.260657+09:00
Distribution Identifier,,,failed,False,2026-08-23T13:07:23.083484+09:00
Distribution Incentive,,,failed,False,2026-08-27T21:19:13.437251+09:00
Distribution Index,70.0,0.0,success,False,2026-08-19T21:11:19.546080+09:00
Distribution Insight,,,failed,False,2026-08-17T23:24:54.415182+09:00
Distribution Item,,,failed,False,2026-08-21T01:50:16.047866+09:00
Distribution Journal,40.0,4.0,success,False,2026-08-18T22:09:19.506375+09:00
Distribution Keeper,,,failed,False,2026-08-17T21:41:14.862117+09:00
Distribution Kit,9900.0,38.0,success,False,2026-08-27T22:51:39.171829+09:00
Distribution Lab,210.0,1.0,success,False,2026-08-17T21:31:49.761986+09:00
Distribution Label,480.0,15.0,success,False,2026-08-27T22:14:38.233626+09:00
Distribution Ledger,1600.0,0.0,success,True,2026-08-17T21:36:10.133574+09:00
Distribution Lens,,,failed,False,2026-08-17T21:41:44.845375+09:00
Distribution Level,260.0,38.0,success,False,2026-08-19T20:38:33.715363+09:00
Distribution Levy,,,failed,False,2026-08-23T13:47:44.552149+09:00
Distribution Link,170.0,1.0,success,False,2026-08-23T03:19:15.336839+09:00
Distribution List,6600.0,1.0,success,False,2026-08-19T21:57:41.163401+09:00
Distribution Loan,260.0,4.0,success,False,2026-08-21T02:07:34.217644+09:00
Distribution Locator,,,failed,False,2026-08-18T23:58:23.364762+09:00
Distribution Lock,50.0,0.0,success,False,2026-08-17T20:31:49.556843+09:00
Distribution Log,590.0,8.0,success,False,2026-08-19T13:36:10.470400+09:00
Distribution Loop,30.0,0.0,success,False,2026-08-17T20:37:47.401646+09:00
Distribution Manager,1300.0,2.0,success,False,2026-08-17T21:39:09.779186+09:00
Distribution Manual,50.0,2.0,success,False,2026-08-27T22:14:38.233626+09:00
Distribution Map,1900.0,0.0,success,True,2026-08-18T07:52:30.485728+09:00
Distribution Margin,320.0,1.0,success,False,2026-08-23T02:54:38.259905+09:00
Distribution Markup,,,failed,False,2026-08-23T16:39:58.056757+09:00
Distribution Memo,,,failed,False,2026-08-21T00:35:16.287713+09:00
Distribution Meter,40.0,60.0,success,False,2026-08-17T20:41:35.724700+09:00
Distribution Metrics,90.0,0.0,success,False,2026-08-17T23:13:55.425659+09:00
Distribution Monitor,50.0,14.0,success,False,2026-08-17T23:06:57.045511+09:00
Distribution Navigator,,,failed,False,2026-08-17T23:25:47.175267+09:00
Distribution Nexus,,,failed,False,2026-08-17T20:32:21.226449+09:00
Distribution Node,70.0,0.0,success,False,2026-08-17T20:34:25.476328+09:00
Distribution Note,,,failed,False,2026-08-19T13:37:50.110679+09:00
Distribution Notification,,,failed,False,2026-08-27T22:51:39.171829+09:00
Distribution Number,320.0,0.0,success,False,2026-08-23T03:19:08.908804+09:00
Distribution Office,260.0,1.0,success,False,2026-08-18T23:58:52.034754+09:00
Distribution Ops,,,failed,False,2026-08-17T23:10:24.973922+09:00
Distribution Order,170.0,1.0,success,False,2026-08-19T21:56:59.723896+09:00
Distribution Organizer,,,failed,False,2026-08-17T23:24:32.888927+09:00
Distribution Overage,,,failed,False,2026-08-27T21:50:04.473862+09:00
Distribution Overdue,,,failed,False,2026-08-27T21:50:00.180912+09:00
Distribution Panel,5400.0,54.0,success,False,2026-08-17T20:43:15.863986+09:00
Distribution Path,20.0,0.0,success,False,2026-08-17T20:34:01.116253+09:00
Distribution Payoff,,,failed,False,2026-08-27T21:50:02.290136+09:00
Distribution Penalty,,,failed,False,2026-08-23T16:39:55.880493+09:00
Distribution Petition,,,failed,False,2026-08-21T01:09:08.778546+09:00
Distribution Pilot,,,failed,False,2026-08-17T21:32:25.465592+09:00
Distribution Plan,480.0,1.0,success,False,2026-08-21T01:50:28.240015+09:00
Distribution Planner,480.0,2.0,success,False,2026-08-17T23:24:10.330342+09:00
Distribution Playbook,40.0,0.0,success,False,2026-08-18T22:09:11.269372+09:00
Distribution Point,880.0,0.0,success,False,2026-08-17T20:32:57.689274+09:00
Distribution Portal,1300.0,2.0,success,False,2026-08-17T20:45:10.862003+09:00
Distribution Preview,,,failed,False,2026-08-28T01:02:58.141304+09:00
Distribution Profile,170.0,0.0,success,False,2026-08-19T13:38:21.044998+09:00
Distribution Proposal,30.0,5.0,success,False,2026-08-28T01:02:58.141304+09:00
Distribution Pulse,10.0,0.0,success,False,2026-08-17T20:35:50.076535+09:00
Distribution Queue,,,failed,False,2026-08-19T21:11:41.705907+09:00
Distribution Quota,,,failed,False,2026-08-21T00:35:19.738516+09:00
Distribution Radar,,,failed,False,2026-08-17T21:30:08.257838+09:00
Distribution Rail,70.0,31.0,success,False,2026-08-17T20:38:12.491374+09:00
Distribution Rank,,,failed,False,2026-08-28T00:46:12.619703+09:00
Distribution Rate,260.0,0.0,success,False,2026-08-19T20:38:42.409315+09:00
Distribution Recap,,,failed,False,2026-08-21T01:09:22.527514+09:00
Distribution Receipt,10.0,3.0,success,False,2026-08-19T21:57:19.204093+09:00
Distribution Recorder,,,failed,False,2026-08-27T23:31:50.398588+09:00
Distribution Register,260.0,3.0,success,False,2026-08-17T23:26:04.596222+09:00
Distribution Registry,260.0,3.0,success,False,2026-08-18T22:09:44.783040+09:00
Distribution Relay,40.0,20.0,success,False,2026-08-17T20:47:47.373505+09:00
Distribution Reminder,,,failed,False,2026-08-19T21:10:58.611553+09:00
Distribution Report,210.0,1.0,success,False,2026-08-19T13:35:47.282228+09:00
Distribution Repository,,,failed,False,2026-08-27T23:09:59.459850+09:00
Distribution Result,10.0,0.0,success,False,2026-08-28T00:46:09.802311+09:00
Distribution Roadmap,10.0,0.0,success,False,2026-08-18T22:10:22.903886+09:00
Distribution Roster,,,failed,False,2026-08-19T00:38:50.428870+09:00
Distribution Route,70.0,11.0,success,False,2026-08-17T20:40:01.743309+09:00
Distribution Rule,170.0,0.0,success,False,2026-08-23T03:19:19.103854+09:00
Distribution Sale,1300.0,2.0,success,False,2026-08-21T02:23:24.043193+09:00
Distribution Sample,12100.0,0.0,success,True,2026-08-19T21:58:22.475915+09:00
Distribution Scale,210.0,1.0,success,False,2026-08-17T20:40:48.754907+09:00
Distribution Scheduler,390.0,1.0,success,False,2026-08-17T23:12:17.050075+09:00
Distribution Scope,,,failed,False,2026-08-17T20:38:36.286112+09:00
Distribution Score,480.0,0.0,success,False,2026-08-19T13:37:44.092675+09:00
Distribution Sentry,,,failed,False,2026-08-18T07:53:03.495247+09:00
Distribution Sheet,90.0,0.0,success,False,2026-08-19T13:37:07.437416+09:00
Distribution Shortfall,,,failed,False,2026-08-27T21:50:10.340173+09:00
Distribution Signal,140.0,0.0,success,False,2026-08-17T20:40:26.535789+09:00
Distribution Slip,10.0,0.0,success,False,2026-08-19T21:58:14.220154+09:00
Distribution Slot,,,failed,False,2026-08-19T21:58:32.626205+09:00
Distribution Snapshot,,,failed,False,2026-08-18T22:09:27.931619+09:00
Distribution Stage,30.0,0.0,success,False,2026-08-28T00:46:06.331363+09:00
Distribution Statement,880.0,0.0,success,False,2026-08-21T00:35:09.628137+09:00
Distribution Station,170.0,0.0,success,False,2026-08-17T21:30:41.512165+09:00
Distribution Status,720.0,0.0,success,False,2026-08-19T20:38:01.262466+09:00
Distribution Stipend,,,failed,False,2026-08-23T13:47:46.605419+09:00
Distribution Studio,10.0,3.0,success,False,2026-08-17T21:33:02.340741+09:00
Distribution Subsidy,,,failed,False,2026-08-23T15:52:33.187171+09:00
Distribution Suite,,,failed,False,2026-08-17T23:10:40.836813+09:00
Distribution Sum,,,failed,False,2026-08-21T02:23:00.928674+09:00
Distribution Summary,110.0,0.0,success,False,2026-08-19T21:10:34.981799+09:00
Distribution Surtax,,,failed,False,2026-08-23T15:52:35.720858+09:00
Distribution Sync,,,failed,False,2026-08-17T21:35:36.118436+09:00
Distribution Table,3600.0,0.0,success,True,2026-08-19T21:57:53.749303+09:00
Distribution Tag,10.0,0.0,success,False,2026-08-19T13:38:06.946096+09:00
Distribution Tariff,20.0,0.0,success,False,2026-08-21T02:39:30.658601+09:00
Distribution Tax,590.0,1.0,success,False,2026-08-21T02:07:29.886940+09:00
Distribution Ticket,,,failed,False,2026-08-19T21:11:29.135916+09:00
Distribution Tier,50.0,0.0,success,False,2026-08-28T00:46:09.802311+09:00
Distribution Timeline,880.0,0.0,success,False,2026-08-19T21:10:44.368255+09:00
Distribution Timer,,,failed,False,2026-08-28T00:21:51.591333+09:00
Distribution Toll,,,failed,False,2026-08-21T02:39:23.092445+09:00
Distribution Toolbox,,,failed,False,2026-08-28T00:21:58.401743+09:00
Distribution Toolkit,10.0,,success,False,2026-08-18T22:09:03.479922+09:00
Distribution Total,1300.0,5.0,success,False,2026-08-27T23:09:53.622041+09:00
Distribution Tracker,260.0,6.0,success,False,2026-08-17T21:36:36.847955+09:00
Distribution Trail,,,failed,False,2026-08-17T20:37:16.947301+09:00
Distribution Trend,170.0,4.0,success,False,2026-08-28T01:02:54.819638+09:00
Distribution Trial,,,failed,False,2026-08-27T21:19:11.248734+09:00
Distribution Unit,260.0,47.0,success,False,2026-08-21T01:50:44.435250+09:00
Distribution Update,,,failed,False,2026-08-19T20:38:53.768635+09:00
Distribution Value,50.0,0.0,success,False,2026-08-23T02:54:38.259905+09:00
Distribution Vault,,,failed,False,2026-08-17T20:46:26.563596+09:00
Distribution Version,9900.0,1.0,success,False,2026-08-23T03:19:15.336839+09:00
Distribution View,,,failed,False,2026-08-19T20:38:07.942341+09:00
Distribution Watch,165000.0,0.0,success,True,2026-08-17T20:39:32.550443+09:00
Distribution Wave,,,failed,False,2026-08-17T20:34:51.045190+09:00
Distribution Widget,,,failed,False,2026-08-27T23:09:56.910517+09:00
Distribution Workbench,,,failed,False,2026-08-18T22:08:57.073323+09:00
Distribution Worksheet,210.0,1.0,success,False,2026-08-27T22:14:41.092865+09:00
Distribution Workshop,50.0,0.0,success,False,2026-08-28T00:21:55.786008+09:00
Distribution Zone,320.0,62.0,success,False,2026-08-17T20:45:56.929111+09:00
Dividend Advance,90.0,1.0,success,False,2026-08-23T16:16:26.754683+09:00
Dividend Advisory,,,failed,False,2026-08-21T01:05:39.127217+09:00
Dividend Allowance,3600.0,1.0,success,False,2026-08-21T02:37:48.956315+09:00
Dividend Analyzer,10.0,29.0,success,False,2026-08-27T23:53:26.856284+09:00
Dividend Announcement,2400.0,2.0,success,False,2026-08-27T23:33:13.459329+09:00
Dividend Arrears,720.0,0.0,success,False,2026-08-23T16:16:26.754683+09:00
Dividend Asset,20.0,10.0,success,False,2026-08-23T13:47:38.660404+09:00
Dividend Assistant,10.0,0.0,success,False,2026-08-19T00:02:00.292816+09:00
Dividend Atlas,20.0,9.0,success,False,2026-08-19T00:01:30.427864+09:00
Dividend Attribute,,,failed,False,2026-08-23T13:07:00.691919+09:00
Dividend Badge,,,failed,False,2026-08-21T00:30:22.823388+09:00
Dividend Balance,10.0,0.0,success,False,2026-08-23T13:47:38.660404+09:00
Dividend Base,,,failed,False,2026-08-18T23:58:17.460804+09:00
Dividend Beacon,,,failed,False,2026-08-19T00:05:01.988375+09:00
Dividend Board,10.0,0.0,success,False,2026-08-18T23:58:42.867449+09:00
Dividend Book,70.0,75.0,success,False,2026-08-19T21:46:01.527373+09:00
Dividend Bridge,,,failed,False,2026-08-19T00:05:18.968119+09:00
Dividend Brief,10.0,0.0,success,False,2026-08-21T01:05:26.897512+09:00
Dividend Bulletin,,,failed,False,2026-08-21T01:05:22.302548+09:00
Dividend Calculator,40500.0,4.0,success,False,2026-08-27T23:33:13.459329+09:00
Dividend Calendar,5400.0,6.0,success,False,2026-08-19T00:03:12.143780+09:00
Dividend Card,260.0,10.0,success,False,2026-08-19T13:42:25.449993+09:00
Dividend Cascade,,,failed,False,2026-08-19T00:05:13.902876+09:00
Dividend Cash,1900.0,1.0,success,False,2026-08-21T02:30:59.342931+09:00
Dividend Center,10.0,0.0,success,False,2026-08-18T23:59:36.900086+09:00
Dividend Chain,,,failed,False,2026-08-19T00:00:56.933054+09:00
Dividend Charge,20.0,0.0,success,False,2026-08-21T02:37:37.997164+09:00
Dividend Check,9900.0,1.0,success,False,2026-08-19T13:20:57.045829+09:00
Dividend Checker,9900.0,1.0,success,False,2026-08-27T23:53:21.557901+09:00
Dividend Checklist,10.0,0.0,success,False,2026-08-19T21:20:07.240027+09:00
Dividend Circular,,,failed,False,2026-08-21T01:05:30.928954+09:00
Dividend Code,10.0,0.0,success,False,2026-08-19T22:07:23.452103+09:00
Dividend Companion,,,failed,False,2026-08-19T00:02:30.122335+09:00
Dividend Comparison,210.0,2.0,success,False,2026-08-28T01:04:37.386068+09:00
Dividend Compass,10.0,1.0,success,False,2026-08-19T00:04:56.559247+09:00
Dividend Confirmation,10.0,0.0,success,False,2026-08-21T01:05:46.512536+09:00
Dividend Console,,,failed,False,2026-08-19T00:00:05.096380+09:00
Dividend Contribution,10.0,0.0,success,False,2026-08-23T16:16:24.189782+09:00
Dividend Core,,,failed,False,2026-08-18T23:58:25.855676+09:00
Dividend Cost,590.0,1.0,success,False,2026-08-21T02:14:02.511057+09:00
Dividend Count,,,failed,False,2026-08-27T22:44:57.466905+09:00
Dividend Counter,10.0,6.0,success,False,2026-08-19T00:03:57.643433+09:00
Dividend Deal,10.0,0.0,success,False,2026-08-21T01:57:54.921820+09:00
Dividend Debt,10.0,0.0,success,False,2026-08-21T02:30:51.336298+09:00
Dividend Deck,,,failed,False,2026-08-18T23:58:52.034754+09:00
Dividend Depot,10.0,3.0,success,False,2026-08-19T00:03:41.244683+09:00
Dividend Desk,,,failed,False,2026-08-19T00:04:30.591993+09:00
Dividend Detail,,,failed,False,2026-08-23T03:18:07.042470+09:00
Dividend Detector,10.0,,success,False,2026-08-27T23:53:26.856284+09:00
Dividend Digest,10.0,0.0,success,False,2026-08-19T20:44:00.282785+09:00
Dividend Directory,10.0,,success,False,2026-08-19T00:03:21.455005+09:00
Dividend Discount,9900.0,0.0,success,True,2026-08-23T16:16:17.008573+09:00
Dividend Dossier,,,failed,False,2026-08-21T01:05:55.165491+09:00
Dividend Downpayment,,,failed,False,2026-08-27T21:50:39.210391+09:00
Dividend Draft,,,failed,False,2026-08-19T20:44:16.708983+09:00
Dividend Due,110.0,1.0,success,False,2026-08-23T15:52:31.168291+09:00
Dividend Duty,10.0,,success,False,2026-08-21T02:37:42.077569+09:00
Dividend Endowment,,,failed,False,2026-08-23T15:52:33.187171+09:00
Dividend Engine,,,failed,False,2026-08-19T00:01:49.817235+09:00
Dividend Entry,140.0,0.0,success,False,2026-08-21T01:06:10.948985+09:00
Dividend Estimate,20.0,0.0,success,False,2026-08-19T21:29:38.081788+09:00
Dividend Estimator,90.0,6.0,success,False,2026-08-27T23:53:16.393422+09:00
Dividend Excerpt,,,failed,False,2026-08-21T01:06:05.335895+09:00
Dividend Fare,,,failed,False,2026-08-21T02:14:10.459291+09:00
Dividend Fee,40.0,0.0,success,False,2026-08-21T01:57:40.883576+09:00
Dividend Feed,,,failed,False,2026-08-19T20:44:05.928260+09:00
Dividend File,,,failed,False,2026-08-19T20:43:33.378176+09:00
Dividend Finder,50.0,7.0,success,False,2026-08-19T00:03:34.698010+09:00
Dividend Fine,,,failed,False,2026-08-23T02:53:49.996059+09:00
Dividend Flag,,,failed,False,2026-08-21T00:31:05.602481+09:00
Dividend Flow,30.0,3.0,success,False,2026-08-19T00:04:14.172620+09:00
Dividend Forge,,,failed,False,2026-08-19T00:05:07.956398+09:00
Dividend Form,140.0,0.0,success,False,2026-08-19T13:42:14.783829+09:00
Dividend Format,,,failed,False,2026-08-23T13:07:02.783000+09:00
Dividend Frame,,,failed,False,2026-08-18T23:58:07.902911+09:00
Dividend Fund,2400.0,28.0,success,False,2026-08-21T02:30:57.020640+09:00
Dividend Gate,20.0,0.0,success,False,2026-08-19T00:01:12.720919+09:00
Dividend Grade,,,failed,False,2026-08-21T00:30:46.553076+09:00
Dividend Graph,20.0,1.0,success,False,2026-08-27T22:15:17.446247+09:00
Dividend Grid,,,failed,False,2026-08-18T23:57:18.728861+09:00
Dividend Guarantee,,,failed,False,2026-08-28T01:04:46.455885+09:00
Dividend Guardian,,,failed,False,2026-08-28T00:23:28.806149+09:00
Dividend Helpdesk,,,failed,False,2026-08-27T22:44:57.466905+09:00
Dividend Helper,,,failed,False,2026-08-28T00:23:32.387348+09:00
Dividend History,8100.0,1.0,success,False,2026-08-19T20:43:26.923996+09:00
Dividend Hub,10.0,4.0,success,False,2026-08-19T00:04:23.577898+09:00
Dividend Identifier,,,failed,False,2026-08-23T13:06:58.194774+09:00
Dividend Index,260.0,12.0,success,False,2026-08-19T21:29:24.641827+09:00
Dividend Installment,,,failed,False,2026-08-23T16:16:21.487176+09:00
Dividend Item,,,failed,False,2026-08-21T01:57:45.438381+09:00
Dividend Journal,50.0,1.0,success,False,2026-08-19T00:03:01.180289+09:00
Dividend Keeper,,,failed,False,2026-08-19T00:01:35.413805+09:00
Dividend Kit,,,failed,False,2026-08-27T22:44:50.273695+09:00
Dividend Lab,10.0,6.0,success,False,2026-08-18T23:59:08.925896+09:00
Dividend Label,880.0,0.0,success,False,2026-08-27T22:15:19.748218+09:00
Dividend Ledger,,,failed,False,2026-08-18T23:58:35.248777+09:00
Dividend Level,10.0,1.0,success,False,2026-08-19T20:43:41.671766+09:00
Dividend Levy,10.0,,success,False,2026-08-23T13:47:38.660404+09:00
Dividend Link,20.0,0.0,success,False,2026-08-23T03:18:00.174345+09:00
Dividend List,480.0,2.0,success,False,2026-08-19T22:07:32.899948+09:00
Dividend Loan,480.0,5.0,success,False,2026-08-21T02:14:16.325639+09:00
Dividend Locator,,,failed,False,2026-08-19T00:03:29.017691+09:00
Dividend Log,,,failed,False,2026-08-19T13:42:03.157163+09:00
Dividend Loop,50.0,4.0,success,False,2026-08-18T23:57:02.622913+09:00
Dividend Manager,110.0,3.0,success,False,2026-08-19T00:01:43.287513+09:00
Dividend Manual,,,failed,False,2026-08-27T22:15:19.748218+09:00
Dividend Map,10.0,0.0,success,False,2026-08-18T23:57:58.396596+09:00
Dividend Margin,,,failed,False,2026-08-23T02:53:45.297778+09:00
Dividend Memo,10.0,0.0,success,False,2026-08-21T00:30:53.488074+09:00
Dividend Message,,,failed,False,2026-08-27T23:10:42.851763+09:00
Dividend Monitor,20.0,5.0,success,False,2026-08-19T00:02:21.603583+09:00
Dividend Nexus,,,failed,False,2026-08-19T00:01:21.334255+09:00
Dividend Note,30.0,0.0,success,False,2026-08-19T13:21:52.267675+09:00
Dividend Notification,30.0,6.0,success,False,2026-08-27T22:44:46.439478+09:00
Dividend Number,70.0,0.0,success,False,2026-08-23T03:17:54.192615+09:00
Dividend Office,20.0,0.0,success,False,2026-08-19T00:03:50.601023+09:00
Dividend Ops,,,failed,False,2026-08-19T00:02:45.246378+09:00
Dividend Order,10.0,0.0,success,False,2026-08-19T22:06:47.930339+09:00
Dividend Overage,,,failed,False,2026-08-27T21:50:37.116413+09:00
Dividend Overdraft,,,failed,False,2026-08-23T15:52:31.168291+09:00
Dividend Overdue,,,failed,False,2026-08-27T21:50:32.673191+09:00
Dividend Panel,,,failed,False,2026-08-19T00:00:16.279363+09:00
Dividend Pass,,,failed,False,2026-08-21T00:30:05.948049+09:00
Dividend Path,,,failed,False,2026-08-18T23:57:37.423450+09:00
Dividend Payoff,,,failed,False,2026-08-27T21:50:34.815891+09:00
Dividend Penalty,,,failed,False,2026-08-23T16:40:02.738352+09:00
Dividend Petition,,,failed,False,2026-08-21T01:05:43.113119+09:00
Dividend Plan,90.0,13.0,success,False,2026-08-21T01:57:50.113408+09:00
Dividend Planner,90.0,13.0,success,False,2026-08-19T00:02:06.599822+09:00
Dividend Playbook,10.0,0.0,success,False,2026-08-19T00:02:51.849711+09:00
Dividend Point,30.0,0.0,success,False,2026-08-18T23:57:46.664132+09:00
Dividend Portal,110.0,0.0,success,False,2026-08-18T23:59:53.624295+09:00
Dividend Preview,,,failed,False,2026-08-28T01:04:40.087199+09:00
Dividend Profile,10.0,2.0,success,False,2026-08-19T13:22:52.997590+09:00
Dividend Profit,210.0,1.0,success,False,2026-08-23T02:53:36.421361+09:00
Dividend Proposal,1600.0,0.0,success,True,2026-08-28T01:04:42.727086+09:00
Dividend Quota,,,failed,False,2026-08-21T00:30:57.917323+09:00
Dividend Radar,260.0,7.0,success,False,2026-08-19T00:04:35.680723+09:00
Dividend Rail,,,failed,False,2026-08-19T00:00:40.903706+09:00
Dividend Rank,70.0,7.0,success,False,2026-08-28T00:47:08.445911+09:00
Dividend Rate,2900.0,1.0,success,False,2026-08-19T20:43:48.362624+09:00
Dividend Recap,3600.0,0.0,success,True,2026-08-21T01:06:02.674001+09:00
Dividend Receipt,90.0,0.0,success,False,2026-08-19T22:07:10.998735+09:00
Dividend Recorder,,,failed,False,2026-08-27T23:33:18.763574+09:00
Dividend Redemption,,,failed,False,2026-08-23T16:40:05.179166+09:00
Dividend Register,30.0,0.0,success,False,2026-08-19T00:02:36.291033+09:00
Dividend Registry,,,failed,False,2026-08-19T00:03:06.405993+09:00
Dividend Relay,,,failed,False,2026-08-19T00:04:42.603293+09:00
Dividend Reminder,30.0,0.0,success,False,2026-08-19T21:19:54.949155+09:00
Dividend Report,170.0,4.0,success,False,2026-08-19T13:41:50.563536+09:00
Dividend Ring,,,failed,False,2026-08-19T00:01:04.506360+09:00
Dividend Roster,,,failed,False,2026-08-19T00:38:30.061657+09:00
Dividend Route,10.0,0.0,success,False,2026-08-19T00:00:31.381271+09:00
Dividend Rule,720.0,0.0,success,False,2026-08-23T03:18:03.824260+09:00
Dividend Sale,,,failed,False,2026-08-21T02:31:01.801994+09:00
Dividend Sample,30.0,0.0,success,False,2026-08-19T21:46:23.560668+09:00
Dividend Scale,20.0,5.0,success,False,2026-08-19T00:00:22.759146+09:00
Dividend Scanner,30.0,6.0,success,False,2026-08-27T23:53:23.914629+09:00
Dividend Scheduler,,,failed,False,2026-08-19T00:02:15.189621+09:00
Dividend Scope,,,failed,False,2026-08-19T00:05:33.402476+09:00
Dividend Score,10.0,11.0,success,False,2026-08-19T13:21:15.307510+09:00
Dividend Sheet,30.0,2.0,success,False,2026-08-19T13:42:37.156031+09:00
Dividend Shortfall,,,failed,False,2026-08-27T21:50:39.210391+09:00
Dividend Signal,10.0,0.0,success,False,2026-08-19T00:05:23.888896+09:00
Dividend Slip,260.0,0.0,success,False,2026-08-19T21:46:11.490049+09:00
Dividend Slot,,,failed,False,2026-08-19T21:46:35.740872+09:00
Dividend Stake,,,failed,False,2026-08-23T02:53:42.896171+09:00
Dividend Statement,880.0,0.0,success,False,2026-08-21T00:30:34.487987+09:00
Dividend Station,10.0,29.0,success,False,2026-08-18T23:59:17.064429+09:00
Dividend Status,40.0,0.0,success,False,2026-08-19T20:43:13.193243+09:00
Dividend Streak,10.0,0.0,success,False,2026-08-28T00:47:05.716612+09:00
Dividend Stub,,,failed,False,2026-08-21T00:30:29.735189+09:00
Dividend Studio,,,failed,False,2026-08-18T23:58:59.776089+09:00
Dividend Sum,110.0,0.0,success,False,2026-08-21T02:30:51.336298+09:00
Dividend Summary,30.0,0.0,success,False,2026-08-19T21:19:32.635751+09:00
Dividend Surtax,,,failed,False,2026-08-23T15:52:33.187171+09:00
Dividend Tab,,,failed,False,2026-08-21T00:31:12.375379+09:00
Dividend Table,70.0,2.0,success,False,2026-08-19T22:07:52.466558+09:00
Dividend Tag,,,failed,False,2026-08-19T13:22:04.691766+09:00
Dividend Tally,,,failed,False,2026-08-21T00:30:41.620130+09:00
Dividend Tariff,170.0,0.0,success,False,2026-08-21T02:37:55.962761+09:00
Dividend Tax,22200.0,1.0,success,False,2026-08-21T02:14:13.791830+09:00
Dividend Terminal,,,failed,False,2026-08-18T23:59:27.223478+09:00
Dividend Ticket,,,failed,False,2026-08-19T21:29:30.457441+09:00
Dividend Timeline,110.0,1.0,success,False,2026-08-19T21:19:44.972350+09:00
Dividend Timer,,,failed,False,2026-08-28T00:23:24.069179+09:00
Dividend Toll,,,failed,False,2026-08-21T02:37:45.273746+09:00
Dividend Toolbox,,,failed,False,2026-08-28T00:23:28.806149+09:00
Dividend Total,590.0,1.0,success,False,2026-08-27T23:10:42.851763+09:00
Dividend Tracker,3600.0,27.0,success,False,2026-08-19T00:04:07.444762+09:00
Dividend Trail,,,failed,False,2026-08-19T00:00:48.226412+09:00
Dividend Trend,10.0,0.0,success,False,2026-08-28T01:04:34.359127+09:00
Dividend Trial,,,failed,False,2026-08-27T21:19:36.835808+09:00
Dividend Unit,40.0,0.0,success,False,2026-08-21T02:05:48.650139+09:00
Dividend Update,70.0,0.0,success,False,2026-08-19T20:43:53.666341+09:00
Dividend Value,90.0,3.0,success,False,2026-08-23T02:53:39.940635+09:00
Dividend Vault,20.0,22.0,success,False,2026-08-19T00:04:47.180412+09:00
Dividend Version,,,failed,False,2026-08-23T03:17:56.844473+09:00
Dividend View,,,failed,False,2026-08-19T20:43:19.095275+09:00
Dividend Voucher,880.0,2.0,success,False,2026-08-21T00:30:14.861916+09:00
Dividend Wallet,10.0,10.0,success,False,2026-08-27T22:44:52.843533+09:00
Dividend Watch,590.0,10.0,success,False,2026-08-19T00:05:29.382308+09:00
Dividend Wave,10.0,0.0,success,False,2026-08-18T23:57:28.259874+09:00
Dividend Widget,,,failed,False,2026-08-27T23:10:47.155079+09:00
Dividend Worksheet,50.0,0.0,success,False,2026-08-27T22:15:25.153546+09:00
Dividend Workshop,,,failed,False,2026-08-28T00:23:26.429201+09:00
Dividend Zone,,,failed,False,2026-08-18T23:59:47.446594+09:00
Docket Advisory,,,failed,False,2026-08-21T01:05:20.057524+09:00
Docket Allowance,,,failed,False,2026-08-21T02:42:57.314001+09:00
Docket Almanac,,,failed,False,2026-08-18T22:08:02.449968+09:00
Docket Analyzer,,,failed,False,2026-08-27T23:57:47.525165+09:00
Docket Anchor,,,failed,False,2026-08-17T20:42:54.961047+09:00
Docket Announcement,,,failed,False,2026-08-27T23:35:57.257837+09:00
Docket Assistant,40.0,0.0,success,False,2026-08-17T23:26:08.164356+09:00
Docket Atlas,,,failed,False,2026-08-17T20:33:42.611240+09:00
Docket Attribute,,,failed,False,2026-08-23T13:08:27.240954+09:00
Docket Badge,,,failed,False,2026-08-21T00:32:28.890378+09:00
Docket Balance,,,failed,False,2026-08-23T13:47:56.055627+09:00
Docket Base,,,failed,False,2026-08-18T07:52:53.130004+09:00
Docket Beacon,,,failed,False,2026-08-17T20:46:42.242736+09:00
Docket Bill,,,failed,False,2026-08-19T21:57:27.705045+09:00
Docket Blueprint,,,failed,False,2026-08-18T22:07:55.686998+09:00
Docket Board,,,failed,False,2026-08-17T21:37:21.496927+09:00
Docket Book,1900.0,54.0,success,False,2026-08-19T21:58:19.577733+09:00
Docket Bridge,,,failed,False,2026-08-17T20:43:55.064759+09:00
Docket Brief,,,failed,False,2026-08-21T01:04:52.081586+09:00
Docket Bulletin,,,failed,False,2026-08-21T01:05:18.575555+09:00
Docket Cabinet,,,failed,False,2026-08-27T23:15:15.489365+09:00
Docket Calendar,210.0,9.0,success,False,2026-08-18T23:58:46.816942+09:00
Docket Card,40.0,0.0,success,False,2026-08-19T13:30:10.449633+09:00
Docket Cascade,,,failed,False,2026-08-17T20:44:38.858684+09:00
Docket Cash,,,failed,False,2026-08-21T02:27:38.390107+09:00
Docket Catalog,,,failed,False,2026-08-19T21:15:13.442141+09:00
Docket Category,,,failed,False,2026-08-23T13:08:24.927067+09:00
Docket Center,,,failed,False,2026-08-17T21:30:50.388708+09:00
Docket Chain,,,failed,False,2026-08-17T20:38:21.061174+09:00
Docket Charge,140.0,0.0,success,False,2026-08-21T02:42:47.286881+09:00
Docket Check,170.0,1.0,success,False,2026-08-19T13:30:42.478470+09:00
Docket Checker,90.0,0.0,success,False,2026-08-27T23:57:42.673163+09:00
Docket Checklist,,,failed,False,2026-08-19T21:14:14.890297+09:00
Docket Circular,,,failed,False,2026-08-21T01:05:06.601547+09:00
Docket Cockpit,,,failed,False,2026-08-17T23:13:24.499414+09:00
Docket Code,50.0,1.0,success,False,2026-08-19T21:57:47.268344+09:00
Docket Codex,,,failed,False,2026-08-18T22:08:17.707470+09:00
Docket Companion,,,failed,False,2026-08-17T23:27:21.585941+09:00
Docket Comparison,,,failed,False,2026-08-28T01:07:55.638643+09:00
Docket Compass,,,failed,False,2026-08-17T20:48:00.384731+09:00
Docket Compendium,,,failed,False,2026-08-18T22:08:11.096453+09:00
Docket Confirmation,,,failed,False,2026-08-21T01:05:28.222738+09:00
Docket Console,,,failed,False,2026-08-17T20:46:04.855118+09:00
Docket Core,,,failed,False,2026-08-17T21:40:47.686331+09:00
Docket Cost,,,failed,False,2026-08-21T02:12:06.796728+09:00
Docket Count,,,failed,False,2026-08-27T22:49:51.876514+09:00
Docket Counter,,,failed,False,2026-08-18T23:59:40.785220+09:00
Docket Dashboard,,,failed,False,2026-08-17T23:27:06.990402+09:00
Docket Deal,30.0,0.0,success,False,2026-08-21T01:56:55.992066+09:00
Docket Debt,,,failed,False,2026-08-21T02:27:33.001702+09:00
Docket Deck,,,failed,False,2026-08-17T21:36:20.278504+09:00
Docket Depot,,,failed,False,2026-08-18T23:59:20.806892+09:00
Docket Desk,,,failed,False,2026-08-17T21:33:37.652467+09:00
Docket Detail,390.0,0.0,success,False,2026-08-23T03:21:52.337489+09:00
Docket Detector,,,failed,False,2026-08-27T23:57:47.525165+09:00
Docket Dial,,,failed,False,2026-08-17T20:44:17.126543+09:00
Docket Digest,,,failed,False,2026-08-19T20:44:10.013145+09:00
Docket Directory,,,failed,False,2026-08-18T23:58:54.171473+09:00
Docket Dock,10.0,0.0,success,False,2026-08-17T20:40:53.994191+09:00
Docket Dossier,,,failed,False,2026-08-21T01:05:32.279989+09:00
Docket Downpayment,,,failed,False,2026-08-27T21:49:08.437850+09:00
Docket Draft,,,failed,False,2026-08-19T20:44:26.671038+09:00
Docket Due,,,failed,False,2026-08-23T15:52:28.857053+09:00
Docket Duty,,,failed,False,2026-08-21T02:42:49.671896+09:00
Docket Engine,,,failed,False,2026-08-17T23:10:09.982693+09:00
Docket Entry,210.0,1.0,success,False,2026-08-21T01:05:53.776527+09:00
Docket Estimate,,,failed,False,2026-08-19T21:15:00.223476+09:00
Docket Estimator,,,failed,False,2026-08-27T23:57:42.673163+09:00
Docket Excerpt,,,failed,False,2026-08-21T01:07:59.313235+09:00
Docket Extension,,,failed,False,2026-08-23T16:39:43.377708+09:00
Docket Fare,,,failed,False,2026-08-21T02:12:15.174959+09:00
Docket Fee,320.0,0.0,success,False,2026-08-21T01:56:41.739952+09:00
Docket Feed,,,failed,False,2026-08-19T20:44:16.708983+09:00
Docket Field,,,failed,False,2026-08-23T13:08:30.246419+09:00
Docket File,390.0,39.0,success,False,2026-08-19T20:43:41.671766+09:00
Docket Finder,50.0,18.0,success,False,2026-08-18T23:59:11.751475+09:00
Docket Fine,,,failed,False,2026-08-23T02:57:01.992920+09:00
Docket Flag,,,failed,False,2026-08-21T00:33:05.849456+09:00
Docket Flow,,,failed,False,2026-08-17T21:36:47.272145+09:00
Docket Forge,,,failed,False,2026-08-17T20:45:42.370254+09:00
Docket Form,50.0,0.0,success,False,2026-08-19T13:29:58.473439+09:00
Docket Format,50.0,0.0,success,False,2026-08-23T13:08:30.246419+09:00
Docket Frame,,,failed,False,2026-08-18T07:52:41.803734+09:00
Docket Fund,,,failed,False,2026-08-21T02:27:35.877276+09:00
Docket Gate,,,failed,False,2026-08-17T20:35:32.317442+09:00
Docket Grade,,,failed,False,2026-08-21T00:32:52.523477+09:00
Docket Graph,,,failed,False,2026-08-27T22:13:20.966698+09:00
Docket Grid,,,failed,False,2026-08-17T20:38:46.053243+09:00
Docket Guard,,,failed,False,2026-08-17T21:41:25.564008+09:00
Docket Guardian,,,failed,False,2026-08-28T00:26:37.162050+09:00
Docket Guidebook,,,failed,False,2026-08-18T22:07:40.431986+09:00
Docket Helpdesk,,,failed,False,2026-08-27T22:49:54.897946+09:00
Docket Helper,,,failed,False,2026-08-28T00:26:42.212784+09:00
Docket History,20.0,1.0,success,False,2026-08-19T20:43:36.722310+09:00
Docket Hotline,,,failed,False,2026-08-19T21:15:25.328836+09:00
Docket Hub,550000.0,3.0,success,False,2026-08-17T21:35:46.466784+09:00
Docket Identifier,,,failed,False,2026-08-23T13:08:21.567126+09:00
Docket Index,10.0,0.0,success,False,2026-08-19T21:14:25.391974+09:00
Docket Insight,,,failed,False,2026-08-17T23:06:24.757707+09:00
Docket Item,30.0,4.0,success,False,2026-08-21T01:56:46.597919+09:00
Docket Journal,,,failed,False,2026-08-18T22:07:21.490302+09:00
Docket Keeper,,,failed,False,2026-08-18T07:43:35.299259+09:00
Docket Lab,,,failed,False,2026-08-17T21:34:12.134068+09:00
Docket Ledger,,,failed,False,2026-08-17T21:38:29.386806+09:00
Docket Lens,,,failed,False,2026-08-17T20:32:00.957216+09:00
Docket Link,,,failed,False,2026-08-23T03:21:40.496452+09:00
Docket List,720.0,1.0,success,False,2026-08-19T21:57:59.626776+09:00
Docket Loan,10.0,13.0,success,False,2026-08-21T02:12:23.232619+09:00
Docket Locator,,,failed,False,2026-08-18T23:59:02.629298+09:00
Docket Lock,,,failed,False,2026-08-17T20:34:11.615000+09:00
Docket Log,,,failed,False,2026-08-19T13:29:49.322759+09:00
Docket Loop,,,failed,False,2026-08-17T20:39:43.687132+09:00
Docket Manager,480.0,4.0,success,False,2026-08-18T07:43:44.841764+09:00
Docket Manual,,,failed,False,2026-08-27T22:13:27.898794+09:00
Docket Map,,,failed,False,2026-08-17T20:33:10.817795+09:00
Docket Margin,,,failed,False,2026-08-23T02:56:59.964563+09:00
Docket Markup,,,failed,False,2026-08-23T16:39:41.135046+09:00
Docket Memo,,,failed,False,2026-08-21T00:32:57.061306+09:00
Docket Message,,,failed,False,2026-08-27T23:15:13.027326+09:00
Docket Meter,,,failed,False,2026-08-17T20:43:26.313536+09:00
Docket Metrics,,,failed,False,2026-08-17T23:26:50.492047+09:00
Docket Monitor,,,failed,False,2026-08-17T23:26:36.000104+09:00
Docket Navigator,3600.0,1.0,success,False,2026-08-17T23:08:08.981233+09:00
Docket Nexus,,,failed,False,2026-08-17T20:34:35.742752+09:00
Docket Node,,,failed,False,2026-08-17T20:36:28.708934+09:00
Docket Note,30.0,4.0,success,False,2026-08-19T13:30:57.828554+09:00
Docket Notification,,,failed,False,2026-08-27T22:49:44.992225+09:00
Docket Number,8100.0,1.0,success,False,2026-08-23T03:21:32.618577+09:00
Docket Office,10.0,0.0,success,False,2026-08-18T23:59:30.074918+09:00
Docket Ops,,,failed,False,2026-08-17T23:27:38.183762+09:00
Docket Order,210.0,12.0,success,False,2026-08-19T21:57:14.341308+09:00
Docket Organizer,,,failed,False,2026-08-17T23:11:46.496961+09:00
Docket Outline,,,failed,False,2026-08-27T22:29:13.251110+09:00
Docket Overage,,,failed,False,2026-08-27T21:49:06.270483+09:00
Docket Overdue,,,failed,False,2026-08-27T21:49:01.717649+09:00
Docket Panel,,,failed,False,2026-08-17T20:45:16.547101+09:00
Docket Pass,10.0,0.0,success,False,2026-08-21T00:32:18.028421+09:00
Docket Path,,,failed,False,2026-08-17T20:36:02.767132+09:00
Docket Payoff,,,failed,False,2026-08-27T21:49:04.119579+09:00
Docket Penalty,,,failed,False,2026-08-23T16:39:38.014835+09:00
Docket Petition,,,failed,False,2026-08-21T01:05:23.608566+09:00
Docket Pilot,,,failed,False,2026-08-17T21:34:39.149688+09:00
Docket Plan,,,failed,False,2026-08-21T01:56:51.063242+09:00
Docket Planner,,,failed,False,2026-08-17T23:04:29.933530+09:00
Docket Playbook,,,failed,False,2026-08-18T22:07:14.456265+09:00
Docket Point,,,failed,False,2026-08-17T20:35:03.370957+09:00
Docket Portal,70.0,1.0,success,False,2026-08-17T20:47:19.659128+09:00
Docket Preview,,,failed,False,2026-08-28T01:07:59.537409+09:00
Docket Profile,,,failed,False,2026-08-19T13:31:09.832283+09:00
Docket Profit,,,failed,False,2026-08-23T02:56:43.732981+09:00
Docket Pulse,,,failed,False,2026-08-17T20:37:58.727524+09:00
Docket Queue,,,failed,False,2026-08-19T21:14:46.806152+09:00
Docket Quota,,,failed,False,2026-08-21T00:33:01.322590+09:00
Docket Radar,,,failed,False,2026-08-17T21:32:36.544768+09:00
Docket Rail,260.0,100.0,success,False,2026-08-17T20:40:10.157299+09:00
Docket Recap,,,failed,False,2026-08-21T01:05:40.713486+09:00
Docket Receipt,170.0,57.0,success,False,2026-08-19T21:57:37.806809+09:00
Docket Recorder,,,failed,False,2026-08-27T23:36:01.279667+09:00
Docket Register,30.0,0.0,success,False,2026-08-17T23:15:02.433018+09:00
Docket Registry,,,failed,False,2026-08-18T22:07:47.344279+09:00
Docket Relay,,,failed,False,2026-08-17T21:31:28.023870+09:00
Docket Reminder,,,failed,False,2026-08-19T21:14:05.700076+09:00
Docket Report,260.0,3.0,success,False,2026-08-19T13:29:35.607135+09:00
Docket Repository,,,failed,False,2026-08-27T23:15:18.585578+09:00
Docket Result,,,failed,False,2026-08-28T00:48:18.570201+09:00
Docket Roadmap,,,failed,False,2026-08-18T22:08:25.868252+09:00
Docket Roster,,,failed,False,2026-08-19T00:37:28.610789+09:00
Docket Route,,,failed,False,2026-08-17T20:41:47.517366+09:00
Docket Rule,,,failed,False,2026-08-23T03:21:42.958973+09:00
Docket Sale,,,failed,False,2026-08-21T02:27:47.388523+09:00
Docket Sample,110.0,2.0,success,False,2026-08-19T21:58:36.842594+09:00
Docket Scale,,,failed,False,2026-08-17T20:42:29.560038+09:00
Docket Scanner,30.0,60.0,success,False,2026-08-27T23:57:45.055012+09:00
Docket Scheduler,,,failed,False,2026-08-17T23:26:22.390418+09:00
Docket Scope,,,failed,False,2026-08-17T20:40:33.502804+09:00
Docket Score,,,failed,False,2026-08-19T13:30:50.408917+09:00
Docket Sentry,,,failed,False,2026-08-17T20:32:38.453320+09:00
Docket Serial,,,failed,False,2026-08-23T13:27:56.242264+09:00
Docket Sheet,6600.0,0.0,success,True,2026-08-19T13:30:35.292295+09:00
Docket Shortfall,,,failed,False,2026-08-27T21:49:11.230615+09:00
Docket Signal,,,failed,False,2026-08-17T20:42:06.946542+09:00
Docket Signature,20.0,4.0,success,False,2026-08-23T13:27:59.739210+09:00
Docket Slip,50.0,3.0,success,False,2026-08-19T21:58:30.244900+09:00
Docket Slot,,,failed,False,2026-08-19T21:58:45.118789+09:00
Docket Snapshot,,,failed,False,2026-08-18T22:07:30.618042+09:00
Docket Stage,,,failed,False,2026-08-28T00:48:18.570201+09:00
Docket Stake,,,failed,False,2026-08-23T02:56:53.736848+09:00
Docket Statement,10.0,0.0,success,False,2026-08-21T00:32:43.028189+09:00
Docket Station,1900.0,94.0,success,False,2026-08-17T21:33:10.630129+09:00
Docket Status,90.0,2.0,success,False,2026-08-19T20:43:22.271749+09:00
Docket Stub,,,failed,False,2026-08-21T00:32:38.054061+09:00
Docket Studio,,,failed,False,2026-08-17T21:35:14.152571+09:00
Docket Suite,,,failed,False,2026-08-17T23:25:51.814430+09:00
Docket Sum,,,failed,False,2026-08-21T02:27:29.296336+09:00
Docket Summary,170.0,0.0,success,False,2026-08-19T21:13:44.257474+09:00
Docket Sync,,,failed,False,2026-08-17T21:37:57.485180+09:00
Docket Tab,,,failed,False,2026-08-21T00:33:12.400590+09:00
Docket Table,,,failed,False,2026-08-19T21:58:11.207870+09:00
Docket Tag,10.0,0.0,success,False,2026-08-19T13:31:05.950766+09:00
Docket Tally,,,failed,False,2026-08-21T00:32:47.883810+09:00
Docket Tariff,,,failed,False,2026-08-21T02:42:59.558136+09:00
Docket Tax,,,failed,False,2026-08-21T02:12:19.408855+09:00
Docket Ticket,20.0,17.0,success,False,2026-08-19T21:14:36.641890+09:00
Docket Timeline,,,failed,False,2026-08-19T21:13:54.945157+09:00
Docket Timer,,,failed,False,2026-08-28T00:26:37.162050+09:00
Docket Toll,,,failed,False,2026-08-21T02:42:51.701755+09:00
Docket Toolbox,0.0,,success,False,2026-08-28T00:26:39.760657+09:00
Docket Toolkit,,,failed,False,2026-08-18T22:07:05.348378+09:00
Docket Total,,,failed,False,2026-08-27T23:15:13.027326+09:00
Docket Tracker,70.0,1.0,success,False,2026-08-17T21:39:19.495692+09:00
Docket Trail,,,failed,False,2026-08-17T20:39:17.196343+09:00
Docket Trend,,,failed,False,2026-08-28T01:07:52.961175+09:00
Docket Trial,,,failed,False,2026-08-27T21:17:59.409089+09:00
Docket Unit,,,failed,False,2026-08-21T01:56:48.479807+09:00
Docket Update,70.0,0.0,success,False,2026-08-19T20:44:00.282785+09:00
Docket Value,,,failed,False,2026-08-23T02:56:50.179026+09:00
Docket Vault,,,failed,False,2026-08-17T21:30:18.085086+09:00
Docket Version,,,failed,False,2026-08-23T03:21:36.606838+09:00
Docket View,,,failed,False,2026-08-19T20:43:28.887944+09:00
Docket Voucher,50.0,1.0,success,False,2026-08-21T00:32:24.105621+09:00
Docket Watch,20.0,3.0,success,False,2026-08-17T20:41:17.748242+09:00
Docket Wave,,,failed,False,2026-08-17T20:37:00.325562+09:00
Docket Widget,,,failed,False,2026-08-27T23:15:15.489365+09:00
Docket Workbench,,,failed,False,2026-08-18T22:06:56.515623+09:00
Docket Worksheet,,,failed,False,2026-08-27T22:13:31.267961+09:00
Docket Zone,,,failed,False,2026-08-17T20:48:34.410191+09:00
Donor Advance,,,failed,False,2026-08-23T16:16:48.615272+09:00
Donor Advisory,50.0,8.0,success,False,2026-08-21T01:08:12.622841+09:00
Donor Allowance,,,failed,False,2026-08-21T02:44:54.822530+09:00
Donor Almanac,,,failed,False,2026-08-18T23:50:51.021590+09:00
Donor Analyzer,,,failed,False,2026-08-27T23:59:12.622196+09:00
Donor Anchor,,,failed,False,2026-08-17T21:40:41.309160+09:00
Donor Announcement,,,failed,False,2026-08-27T23:36:44.866320+09:00
Donor Asset,,,failed,False,2026-08-23T13:48:27.768488+09:00
Donor Assistant,10.0,0.0,success,False,2026-08-17T23:30:03.516281+09:00
Donor Atlas,590.0,3.0,success,False,2026-08-17T20:46:42.242736+09:00
Donor Attribute,,,failed,False,2026-08-23T13:09:46.403136+09:00
Donor Badge,20.0,4.0,success,False,2026-08-21T00:35:19.738516+09:00
Donor Balance,,,failed,False,2026-08-23T13:48:23.745553+09:00
Donor Base,90.0,15.0,success,False,2026-08-17T20:43:26.313536+09:00
Donor Beacon,,,failed,False,2026-08-17T20:33:09.747000+09:00
Donor Bill,,,failed,False,2026-08-19T22:03:44.565114+09:00
Donor Blueprint,,,failed,False,2026-08-18T22:12:19.566532+09:00
Donor Board,320.0,3.0,success,False,2026-08-17T20:40:52.985789+09:00
Donor Book,50.0,44.0,success,False,2026-08-19T22:04:38.551336+09:00
Donor Bridge,10.0,2.0,success,False,2026-08-18T01:28:07.797651+09:00
Donor Brief,210.0,0.0,success,False,2026-08-21T01:08:06.645069+09:00
Donor Bulletin,,,failed,False,2026-08-21T01:08:00.929637+09:00
Donor Calendar,,,failed,False,2026-08-19T00:03:16.369023+09:00
Donor Card,1900.0,0.0,success,True,2026-08-19T13:37:36.286521+09:00
Donor Cascade,,,failed,False,2026-08-18T07:52:58.974940+09:00
Donor Cash,,,failed,False,2026-08-21T02:30:05.549953+09:00
Donor Cashback,,,failed,False,2026-08-27T21:19:33.782503+09:00
Donor Category,,,failed,False,2026-08-23T13:09:44.174186+09:00
Donor Center,480.0,25.0,success,False,2026-08-17T20:35:32.317442+09:00
Donor Chain,50.0,2.0,success,False,2026-08-17T21:33:36.085901+09:00
Donor Charge,10.0,1.0,success,False,2026-08-21T02:44:44.036553+09:00
Donor Check,390.0,17.0,success,False,2026-08-19T13:37:53.958127+09:00
Donor Checker,,,failed,False,2026-08-27T23:59:02.052548+09:00
Donor Circular,,,failed,False,2026-08-21T01:08:10.104042+09:00
Donor Cockpit,,,failed,False,2026-08-17T23:07:30.676472+09:00
Donor Code,20.0,0.0,success,False,2026-08-19T22:04:07.178529+09:00
Donor Codex,,,failed,False,2026-08-18T23:50:51.021590+09:00
Donor Companion,,,failed,False,2026-08-17T23:31:27.985495+09:00
Donor Comparison,,,failed,False,2026-08-28T01:08:42.554310+09:00
Donor Compass,20.0,7.0,success,False,2026-08-17T20:34:09.472739+09:00
Donor Compendium,,,failed,False,2026-08-18T23:50:51.021590+09:00
Donor Confirmation,,,failed,False,2026-08-21T01:08:23.538465+09:00
Donor Console,,,failed,False,2026-08-17T20:32:36.001496+09:00
Donor Contribution,10.0,10.0,success,False,2026-08-23T16:16:48.615272+09:00
Donor Core,,,failed,False,2026-08-17T20:42:29.560038+09:00
Donor Cost,40.0,9.0,success,False,2026-08-21T02:14:24.666160+09:00
Donor Count,,,failed,False,2026-08-27T22:51:22.989955+09:00
Donor Counter,,,failed,False,2026-08-19T00:04:01.106556+09:00
Donor Coupon,10.0,29.0,success,False,2026-08-27T21:19:31.239406+09:00
Donor Dashboard,110.0,10.0,success,False,2026-08-17T23:31:10.385394+09:00
Donor Deal,,,failed,False,2026-08-21T01:59:21.644967+09:00
Donor Debt,,,failed,False,2026-08-21T02:29:56.209810+09:00
Donor Deck,20.0,2.0,success,False,2026-08-17T20:40:08.225876+09:00
Donor Depot,,,failed,False,2026-08-19T00:03:43.919454+09:00
Donor Desk,,,failed,False,2026-08-17T20:37:58.727524+09:00
Donor Detail,,,failed,False,2026-08-23T03:23:58.190781+09:00
Donor Detector,,,failed,False,2026-08-27T23:59:07.749698+09:00
Donor Dial,,,failed,False,2026-08-18T07:52:13.300527+09:00
Donor Digest,,,failed,False,2026-08-19T20:48:02.759483+09:00
Donor Directory,20.0,7.0,success,False,2026-08-19T00:03:23.645450+09:00
Donor Discount,,,failed,False,2026-08-23T16:16:43.466007+09:00
Donor Dock,480.0,59.0,success,False,2026-08-17T21:36:47.272145+09:00
Donor Dossier,10.0,6.0,success,False,2026-08-21T01:08:27.933703+09:00
Donor Downpayment,,,failed,False,2026-08-27T21:50:29.028381+09:00
Donor Draft,,,failed,False,2026-08-19T20:48:17.948513+09:00
Donor Due,,,failed,False,2026-08-23T15:52:57.176155+09:00
Donor Duty,,,failed,False,2026-08-21T02:44:46.644995+09:00
Donor Endowment,,,failed,False,2026-08-23T15:53:03.221395+09:00
Donor Engine,50.0,0.0,success,False,2026-08-17T23:03:53.626473+09:00
Donor Entry,,,failed,False,2026-08-21T01:08:38.226777+09:00
Donor Estimate,,,failed,False,2026-08-19T21:32:49.180215+09:00
Donor Estimator,,,failed,False,2026-08-27T23:58:58.371988+09:00
Donor Excerpt,,,failed,False,2026-08-21T01:08:36.289589+09:00
Donor Extension,,,failed,False,2026-08-23T16:40:13.658560+09:00
Donor Fare,,,failed,False,2026-08-21T02:14:27.987170+09:00
Donor Fee,,,failed,False,2026-08-21T01:59:08.747160+09:00
Donor Feed,,,failed,False,2026-08-19T20:48:09.734804+09:00
Donor Field,,,failed,False,2026-08-23T13:09:46.403136+09:00
Donor File,,,failed,False,2026-08-19T20:47:36.057637+09:00
Donor Finder,30.0,1.0,success,False,2026-08-19T00:03:38.462918+09:00
Donor Fine,,,failed,False,2026-08-23T02:58:18.393651+09:00
Donor Flag,20.0,4.0,success,False,2026-08-21T00:35:46.572141+09:00
Donor Flow,,,failed,False,2026-08-17T20:40:32.567080+09:00
Donor Forge,,,failed,False,2026-08-17T20:31:59.985806+09:00
Donor Form,2900.0,10.0,success,False,2026-08-19T13:37:25.441438+09:00
Donor Format,,,failed,False,2026-08-23T13:09:53.012547+09:00
Donor Frame,10.0,0.0,success,False,2026-08-17T20:44:17.126543+09:00
Donor Fund,590.0,13.0,success,False,2026-08-21T02:30:00.318623+09:00
Donor Gate,10.0,0.0,success,False,2026-08-17T21:30:18.085086+09:00
Donor Giveaway,,,failed,False,2026-08-27T21:19:40.666664+09:00
Donor Graph,,,failed,False,2026-08-27T22:14:59.305692+09:00
Donor Grid,,,failed,False,2026-08-17T21:34:09.721109+09:00
Donor Guard,,,failed,False,2026-08-17T20:42:54.961047+09:00
Donor Guardian,,,failed,False,2026-08-28T00:27:27.697084+09:00
Donor Guidebook,,,failed,False,2026-08-18T22:12:06.505434+09:00
Donor Helpdesk,,,failed,False,2026-08-27T22:51:22.989955+09:00
Donor Helper,,,failed,False,2026-08-28T00:27:31.291174+09:00
Donor History,20.0,0.0,success,False,2026-08-19T20:47:30.914414+09:00
Donor Hub,18100.0,13.0,success,False,2026-08-17T20:39:41.640400+09:00
Donor Identifier,,,failed,False,2026-08-23T13:09:42.107006+09:00
Donor Incentive,,,failed,False,2026-08-27T21:19:36.835808+09:00
Donor Index,,,failed,False,2026-08-19T21:32:44.531306+09:00
Donor Insight,,,failed,False,2026-08-17T23:12:41.358995+09:00
Donor Installment,,,failed,False,2026-08-23T16:16:43.466007+09:00
Donor Interest,,,failed,False,2026-08-23T13:48:23.745553+09:00
Donor Item,30.0,0.0,success,False,2026-08-21T01:59:11.823228+09:00
Donor Journal,,,failed,False,2026-08-18T22:11:47.554399+09:00
Donor Keeper,,,failed,False,2026-08-17T20:44:37.629482+09:00
Donor Kit,20.0,7.0,success,False,2026-08-27T22:51:07.925641+09:00
Donor Lab,70.0,5.0,success,False,2026-08-17T20:38:19.209708+09:00
Donor Label,,,failed,False,2026-08-27T22:15:03.740456+09:00
Donor Ledger,,,failed,False,2026-08-17T20:41:46.079279+09:00
Donor Lens,40.0,0.0,success,False,2026-08-17T20:45:16.547101+09:00
Donor Level,170.0,3.0,success,False,2026-08-19T20:47:43.737608+09:00
Donor Link,70.0,3.0,success,False,2026-08-23T03:23:49.316132+09:00
Donor List,720.0,7.0,success,False,2026-08-19T22:04:17.404214+09:00
Donor Loan,,,failed,False,2026-08-21T02:14:36.179977+09:00
Donor Locator,,,failed,False,2026-08-19T00:03:29.017691+09:00
Donor Lock,,,failed,False,2026-08-17T20:47:16.621554+09:00
Donor Log,,,failed,False,2026-08-19T13:37:00.513744+09:00
Donor Loop,10.0,7.0,success,False,2026-08-17T21:35:14.152571+09:00
Donor Manager,260.0,24.0,success,False,2026-08-17T20:43:55.064759+09:00
Donor Manual,,,failed,False,2026-08-27T22:15:06.045574+09:00
Donor Map,20.0,0.0,success,False,2026-08-17T20:46:04.855118+09:00
Donor Memo,,,failed,False,2026-08-21T00:35:34.561312+09:00
Donor Message,10.0,6.0,success,False,2026-08-27T23:16:26.018143+09:00
Donor Meter,,,failed,False,2026-08-17T21:41:25.564008+09:00
Donor Metrics,10.0,14.0,success,False,2026-08-17T23:30:49.193189+09:00
Donor Monitor,,,failed,False,2026-08-17T23:30:33.375533+09:00
Donor Navigator,,,failed,False,2026-08-17T23:14:25.326532+09:00
Donor Nexus,1000.0,47.0,success,False,2026-08-17T20:48:00.384731+09:00
Donor Node,,,failed,False,2026-08-17T21:31:28.023870+09:00
Donor Note,,,failed,False,2026-08-19T13:38:30.096101+09:00
Donor Notification,,,failed,False,2026-08-27T22:51:07.925641+09:00
Donor Number,210.0,1.0,success,False,2026-08-23T03:23:43.125766+09:00
Donor Office,10.0,0.0,success,False,2026-08-19T00:03:53.943426+09:00
Donor Ops,,,failed,False,2026-08-17T23:31:45.267981+09:00
Donor Order,,,failed,False,2026-08-19T22:03:36.532480+09:00
Donor Organizer,,,failed,False,2026-08-17T23:05:39.217461+09:00
Donor Overage,,,failed,False,2026-08-27T21:50:26.760837+09:00
Donor Overdue,,,failed,False,2026-08-27T21:50:20.259806+09:00
Donor Panel,880.0,1.0,success,False,2026-08-18T07:52:01.229242+09:00
Donor Pass,260.0,0.0,success,False,2026-08-21T00:35:13.915986+09:00
Donor Path,20.0,0.0,success,False,2026-08-17T21:30:50.388708+09:00
Donor Payoff,,,failed,False,2026-08-27T21:50:22.560575+09:00
Donor Petition,,,failed,False,2026-08-21T01:08:18.401082+09:00
Donor Pilot,,,failed,False,2026-08-17T20:38:46.053243+09:00
Donor Plan,10.0,11.0,success,False,2026-08-21T01:59:17.804525+09:00
Donor Planner,,,failed,False,2026-08-17T23:11:08.683373+09:00
Donor Playbook,,,failed,False,2026-08-18T22:11:39.333366+09:00
Donor Point,90.0,4.0,success,False,2026-08-17T20:48:34.410191+09:00
Donor Portal,1900.0,4.0,success,False,2026-08-17T20:33:42.611240+09:00
Donor Profile,90.0,12.0,success,False,2026-08-19T13:39:01.193066+09:00
Donor Profit,,,failed,False,2026-08-23T02:58:06.031542+09:00
Donor Proposal,70.0,3.0,success,False,2026-08-28T01:08:47.729422+09:00
Donor Pulse,,,failed,False,2026-08-17T21:33:10.630129+09:00
Donor Quota,10.0,0.0,success,False,2026-08-21T00:35:39.216644+09:00
Donor Radar,,,failed,False,2026-08-17T20:36:59.320935+09:00
Donor Rail,,,failed,False,2026-08-17T21:35:46.466784+09:00
Donor Rank,,,failed,False,2026-08-28T00:49:02.800291+09:00
Donor Rate,30.0,2.0,success,False,2026-08-19T20:47:51.523685+09:00
Donor Recap,,,failed,False,2026-08-21T01:08:31.890939+09:00
Donor Receipt,4400.0,28.0,success,False,2026-08-19T22:03:56.439657+09:00
Donor Recorder,,,failed,False,2026-08-27T23:36:50.925534+09:00
Donor Redemption,,,failed,False,2026-08-23T16:40:13.658560+09:00
Donor Register,1300.0,12.0,success,False,2026-08-17T23:09:15.899406+09:00
Donor Registry,1300.0,12.0,success,False,2026-08-18T22:12:13.672404+09:00
Donor Relay,,,failed,False,2026-08-17T20:36:00.761105+09:00
Donor Reminder,,,failed,False,2026-08-19T21:32:42.554846+09:00
Donor Report,260.0,4.0,success,False,2026-08-19T13:36:50.709528+09:00
Donor Repository,20.0,0.0,success,False,2026-08-27T23:16:34.240680+09:00
Donor Roadmap,,,failed,False,2026-08-18T23:50:51.021590+09:00
Donor Roster,,,failed,False,2026-08-19T00:38:32.004718+09:00
Donor Route,,,failed,False,2026-08-17T21:37:57.485180+09:00
Donor Rule,,,failed,False,2026-08-23T03:23:54.422715+09:00
Donor Sale,,,failed,False,2026-08-21T02:30:08.779542+09:00
Donor Scale,,,failed,False,2026-08-17T21:39:19.495692+09:00
Donor Scanner,,,failed,False,2026-08-27T23:59:02.052548+09:00
Donor Scheduler,,,failed,False,2026-08-17T23:30:19.900529+09:00
Donor Scope,20.0,24.0,success,False,2026-08-17T21:36:20.278504+09:00
Donor Score,10.0,2.0,success,False,2026-08-19T13:38:13.390546+09:00
Donor Sentry,,,failed,False,2026-08-17T20:45:42.370254+09:00
Donor Sheet,,,failed,False,2026-08-19T13:37:46.745101+09:00
Donor Shortfall,,,failed,False,2026-08-27T21:50:32.673191+09:00
Donor Signal,,,failed,False,2026-08-17T21:38:29.386806+09:00
Donor Signature,20.0,0.0,success,False,2026-08-23T13:28:17.743262+09:00
Donor Slip,,,failed,False,2026-08-19T22:04:49.676934+09:00
Donor Slot,,,failed,False,2026-08-19T22:05:17.062474+09:00
Donor Snapshot,,,failed,False,2026-08-18T22:11:59.574853+09:00
Donor Stage,,,failed,False,2026-08-28T00:48:52.338706+09:00
Donor Stake,,,failed,False,2026-08-23T02:58:11.410981+09:00
Donor Statement,90.0,5.0,success,False,2026-08-21T00:35:23.760596+09:00
Donor Station,2900.0,4.0,success,False,2026-08-17T20:37:26.547523+09:00
Donor Status,110.0,0.0,success,False,2026-08-19T20:47:22.248072+09:00
Donor Streak,,,failed,False,2026-08-28T00:48:57.800361+09:00
Donor Stub,,,failed,False,2026-08-21T00:35:23.760596+09:00
Donor Studio,10.0,2.0,success,False,2026-08-17T20:39:15.324728+09:00
Donor Subsidy,,,failed,False,2026-08-23T15:52:59.645505+09:00
Donor Suite,,,failed,False,2026-08-17T23:29:46.030396+09:00
Donor Sum,,,failed,False,2026-08-21T02:29:53.730886+09:00
Donor Summary,,,failed,False,2026-08-19T21:32:36.347329+09:00
Donor Sync,,,failed,False,2026-08-17T20:41:16.510977+09:00
Donor Tab,30.0,0.0,success,False,2026-08-21T00:35:49.197244+09:00
Donor Table,30.0,0.0,success,False,2026-08-19T22:04:26.155627+09:00
Donor Tag,,,failed,False,2026-08-19T13:38:51.605801+09:00
Donor Tally,,,failed,False,2026-08-21T00:35:29.281212+09:00
Donor Tariff,,,failed,False,2026-08-21T02:45:01.493449+09:00
Donor Tax,140.0,0.0,success,False,2026-08-21T02:14:32.398981+09:00
Donor Ticket,20.0,0.0,success,False,2026-08-19T21:32:47.158972+09:00
Donor Tier,,,failed,False,2026-08-28T00:48:57.800361+09:00
Donor Timeline,,,failed,False,2026-08-19T21:32:38.095873+09:00
Donor Timer,,,failed,False,2026-08-28T00:27:23.571229+09:00
Donor Toll,,,failed,False,2026-08-21T02:44:49.670355+09:00
Donor Toolbox,,,failed,False,2026-08-28T00:27:27.697084+09:00
Donor Toolkit,,,failed,False,2026-08-18T22:11:32.522772+09:00
Donor Total,,,failed,False,2026-08-27T23:16:26.018143+09:00
Donor Tracker,260.0,6.0,success,False,2026-08-17T20:42:06.946542+09:00
Donor Trail,10.0,0.0,success,False,2026-08-17T21:34:39.149688+09:00
Donor Trend,,,failed,False,2026-08-28T01:08:39.859150+09:00
Donor Trial,,,failed,False,2026-08-27T21:19:33.782503+09:00
Donor Unit,30.0,0.0,success,False,2026-08-21T01:59:13.927606+09:00
Donor Update,10.0,1.0,success,False,2026-08-19T20:47:58.897100+09:00
Donor Value,,,failed,False,2026-08-23T02:58:08.701487+09:00
Donor Vault,10.0,0.0,success,False,2026-08-17T20:35:03.370957+09:00
Donor Version,,,failed,False,2026-08-23T03:23:46.825883+09:00
Donor View,1300.0,9.0,success,False,2026-08-19T20:47:28.016879+09:00
Donor Wallet,,,failed,False,2026-08-27T22:51:13.312396+09:00
Donor Watch,50.0,5.0,success,False,2026-08-17T21:37:21.496927+09:00
Donor Wave,,,failed,False,2026-08-17T21:31:59.895065+09:00
Donor Widget,,,failed,False,2026-08-27T23:16:30.238245+09:00
Donor Workbench,,,failed,False,2026-08-18T22:11:21.547380+09:00
Donor Worksheet,,,failed,False,2026-08-27T22:15:12.426690+09:00
Donor Zone,90.0,1.0,success,False,2026-08-17T20:34:34.179062+09:00
Doorman Advance,,,failed,False,2026-08-23T16:13:58.601282+09:00
Doorman Alert,,,failed,False,2026-08-21T00:47:16.635421+09:00
Doorman Allowance,,,failed,False,2026-08-21T02:41:10.290966+09:00
Doorman Announcement,,,failed,False,2026-08-27T23:31:16.874593+09:00
Doorman Arrears,,,failed,False,2026-08-23T16:13:55.875301+09:00
Doorman Assistant,,,failed,False,2026-08-21T00:45:41.384268+09:00
Doorman Atlas,,,failed,False,2026-08-21T00:45:33.278488+09:00
Doorman Attribute,,,failed,False,2026-08-23T13:09:39.563884+09:00
Doorman Badge,50.0,25.0,success,False,2026-08-21T00:50:17.936305+09:00
Doorman Base,,,failed,False,2026-08-21T00:44:07.435932+09:00
Doorman Bay,,,failed,False,2026-08-21T00:46:42.116087+09:00
Doorman Beacon,,,failed,False,2026-08-21T00:51:16.185060+09:00
Doorman Bill,,,failed,False,2026-08-21T00:49:41.369493+09:00
Doorman Bin,,,failed,False,2026-08-21T00:47:23.165444+09:00
Doorman Board,,,failed,False,2026-08-21T00:44:18.522946+09:00
Doorman Booth,,,failed,False,2026-08-21T00:46:31.440534+09:00
Doorman Bridge,10.0,100.0,success,False,2026-08-21T00:51:27.534494+09:00
Doorman Brief,,,failed,False,2026-08-21T01:01:05.241118+09:00
Doorman Bulletin,,,failed,False,2026-08-21T01:00:58.878918+09:00
Doorman Calendar,,,failed,False,2026-08-21T00:46:06.764298+09:00
Doorman Card,10.0,11.0,success,False,2026-08-21T00:48:04.911148+09:00
Doorman Cascade,,,failed,False,2026-08-21T00:51:25.324564+09:00
Doorman Cash,,,failed,False,2026-08-21T02:23:59.841123+09:00
Doorman Category,,,failed,False,2026-08-23T13:09:37.494287+09:00
Doorman Center,,,failed,False,2026-08-21T00:44:42.710868+09:00
Doorman Chain,,,failed,False,2026-08-21T00:45:16.204972+09:00
Doorman Charge,,,failed,False,2026-08-21T02:40:49.577434+09:00
Doorman Chart,,,failed,False,2026-08-21T00:47:19.116810+09:00
Doorman Check,,,failed,False,2026-08-21T00:48:09.704229+09:00
Doorman Checker,,,failed,False,2026-08-27T23:51:35.408395+09:00
Doorman Code,,,failed,False,2026-08-21T00:49:49.714688+09:00
Doorman Companion,,,failed,False,2026-08-21T00:45:52.774285+09:00
Doorman Comparison,,,failed,False,2026-08-28T01:03:45.781044+09:00
Doorman Confirmation,,,failed,False,2026-08-21T01:01:17.697392+09:00
Doorman Console,,,failed,False,2026-08-21T00:44:54.956989+09:00
Doorman Contribution,,,failed,False,2026-08-23T16:13:55.875301+09:00
Doorman Core,,,failed,False,2026-08-21T00:44:10.518978+09:00
Doorman Cost,,,failed,False,2026-08-21T02:06:44.237427+09:00
Doorman Count,,,failed,False,2026-08-27T22:50:43.878395+09:00
Doorman Counter,40.0,17.0,success,False,2026-08-21T00:46:26.587388+09:00
Doorman Deal,,,failed,False,2026-08-21T02:05:48.650139+09:00
Doorman Debt,,,failed,False,2026-08-21T02:23:48.995246+09:00
Doorman Deck,,,failed,False,2026-08-21T00:44:21.197874+09:00
Doorman Desk,20.0,60.0,success,False,2026-08-21T00:50:54.055448+09:00
Doorman Detail,,,failed,False,2026-08-23T03:22:26.114633+09:00
Doorman Directory,,,failed,False,2026-08-21T00:46:12.825751+09:00
Doorman Discount,,,failed,False,2026-08-23T16:13:47.418622+09:00
Doorman Dossier,,,failed,False,2026-08-21T01:01:22.274781+09:00
Doorman Downpayment,,,failed,False,2026-08-27T21:48:25.630641+09:00
Doorman Draft,,,failed,False,2026-08-21T00:49:07.202034+09:00
Doorman Duty,,,failed,False,2026-08-21T02:40:59.157491+09:00
Doorman Engine,,,failed,False,2026-08-21T00:45:39.218297+09:00
Doorman Entry,10.0,0.0,success,False,2026-08-21T01:01:30.993537+09:00
Doorman Estimate,,,failed,False,2026-08-21T00:49:35.190382+09:00
Doorman Fare,,,failed,False,2026-08-21T02:06:57.377866+09:00
Doorman Fee,,,failed,False,2026-08-21T01:59:17.074164+09:00
Doorman Feed,,,failed,False,2026-08-21T00:49:04.500727+09:00
Doorman Field,,,failed,False,2026-08-23T13:09:42.107006+09:00
Doorman File,,,failed,False,2026-08-21T00:48:44.199856+09:00
Doorman Fine,,,failed,False,2026-08-23T02:56:26.483203+09:00
Doorman Flow,,,failed,False,2026-08-21T00:50:48.093288+09:00
Doorman Forge,,,failed,False,2026-08-21T00:51:22.640360+09:00
Doorman Form,,,failed,False,2026-08-21T00:47:57.951273+09:00
Doorman Format,,,failed,False,2026-08-23T13:09:44.174186+09:00
Doorman Frame,,,failed,False,2026-08-21T00:43:59.576313+09:00
Doorman Fund,,,failed,False,2026-08-21T02:23:51.443965+09:00
Doorman Gate,,,failed,False,2026-08-21T00:45:22.913101+09:00
Doorman Grid,,,failed,False,2026-08-21T00:43:36.715710+09:00
Doorman Helpdesk,,,failed,False,2026-08-27T22:50:47.949618+09:00
Doorman Helper,,,failed,False,2026-08-28T00:22:18.393624+09:00
Doorman History,,,failed,False,2026-08-21T00:48:40.223162+09:00
Doorman Hub,30.0,82.0,success,False,2026-08-21T00:50:50.084554+09:00
Doorman Identifier,,,failed,False,2026-08-23T13:09:35.316031+09:00
Doorman Inbox,,,failed,False,2026-08-21T00:47:10.612469+09:00
Doorman Index,,,failed,False,2026-08-21T00:49:24.098446+09:00
Doorman Installment,,,failed,False,2026-08-23T16:13:52.514202+09:00
Doorman Item,,,failed,False,2026-08-21T01:59:21.644967+09:00
Doorman Journal,,,failed,False,2026-08-21T00:45:59.951643+09:00
Doorman Keeper,,,failed,False,2026-08-21T00:45:35.455027+09:00
Doorman Kit,30.0,24.0,success,False,2026-08-27T22:50:35.805109+09:00
Doorman Lab,,,failed,False,2026-08-21T00:44:30.138587+09:00
Doorman Ledger,,,failed,False,2026-08-21T00:44:13.071089+09:00
Doorman Level,,,failed,False,2026-08-21T00:48:51.829218+09:00
Doorman Line,,,failed,False,2026-08-21T00:47:41.484784+09:00
Doorman Link,,,failed,False,2026-08-23T03:22:18.461537+09:00
Doorman List,,,failed,False,2026-08-21T00:49:52.271441+09:00
Doorman Loan,,,failed,False,2026-08-21T02:07:07.042559+09:00
Doorman Lobby,,,failed,False,2026-08-21T00:47:32.281403+09:00
Doorman Locator,,,failed,False,2026-08-21T00:46:15.039620+09:00
Doorman Locker,,,failed,False,2026-08-21T00:46:29.176332+09:00
Doorman Log,,,failed,False,2026-08-21T00:47:54.639607+09:00
Doorman Loop,,,failed,False,2026-08-21T00:43:34.117910+09:00
Doorman Manager,,,failed,False,2026-08-21T00:45:39.218297+09:00
Doorman Manual,20.0,0.0,success,False,2026-08-27T22:12:40.822062+09:00
Doorman Map,,,failed,False,2026-08-21T00:43:57.229807+09:00
Doorman Margin,,,failed,False,2026-08-23T02:56:24.253545+09:00
Doorman Memo,,,failed,False,2026-08-21T00:50:29.679005+09:00
Doorman Message,,,failed,False,2026-08-27T23:16:26.018143+09:00
Doorman Monitor,,,failed,False,2026-08-21T00:45:50.178398+09:00
Doorman Nexus,,,failed,False,2026-08-21T00:45:30.035458+09:00
Doorman Note,,,failed,False,2026-08-21T00:48:18.650216+09:00
Doorman Notification,,,failed,False,2026-08-27T22:50:33.048353+09:00
Doorman Number,,,failed,False,2026-08-23T03:22:11.470893+09:00
Doorman Office,,,failed,False,2026-08-21T00:46:21.529361+09:00
Doorman Ops,,,failed,False,2026-08-21T00:45:57.527663+09:00
Doorman Order,,,failed,False,2026-08-21T00:49:37.584742+09:00
Doorman Outpost,,,failed,False,2026-08-21T00:46:47.041557+09:00
Doorman Overage,,,failed,False,2026-08-27T21:48:23.216174+09:00
Doorman Overdue,,,failed,False,2026-08-27T21:48:18.349819+09:00
Doorman Panel,,,failed,False,2026-08-21T00:44:58.799520+09:00
Doorman Pass,,,failed,False,2026-08-21T00:50:09.781883+09:00
Doorman Passport,,,failed,False,2026-08-21T00:47:29.450326+09:00
Doorman Path,,,failed,False,2026-08-21T00:43:46.604021+09:00
Doorman Payoff,10.0,,success,False,2026-08-27T21:48:20.717175+09:00
Doorman Penalty,,,failed,False,2026-08-23T16:38:53.252652+09:00
Doorman Petition,,,failed,False,2026-08-21T01:01:13.751057+09:00
Doorman Plan,,,failed,False,2026-08-21T01:59:26.364386+09:00
Doorman Planner,,,failed,False,2026-08-21T00:45:45.302081+09:00
Doorman Playbook,,,failed,False,2026-08-21T00:45:57.527663+09:00
Doorman Plaza,,,failed,False,2026-08-21T00:46:52.072318+09:00
Doorman Point,,,failed,False,2026-08-21T00:43:49.917491+09:00
Doorman Portal,30.0,0.0,success,False,2026-08-21T00:44:52.376787+09:00
Doorman Post,,,failed,False,2026-08-21T00:46:44.759034+09:00
Doorman Profile,,,failed,False,2026-08-21T00:48:26.954363+09:00
Doorman Profit,,,failed,False,2026-08-23T02:56:14.910502+09:00
Doorman Proposal,,,failed,False,2026-08-28T01:03:48.385418+09:00
Doorman Quota,,,failed,False,2026-08-21T00:50:33.252784+09:00
Doorman Radar,,,failed,False,2026-08-21T00:51:01.092563+09:00
Doorman Rail,,,failed,False,2026-08-21T00:45:10.747399+09:00
Doorman Rate,,,failed,False,2026-08-21T00:48:54.666046+09:00
Doorman Receipt,,,failed,False,2026-08-21T00:49:47.730802+09:00
Doorman Recorder,,,failed,False,2026-08-27T23:31:29.961537+09:00
Doorman Register,,,failed,False,2026-08-21T00:45:54.993375+09:00
Doorman Relay,,,failed,False,2026-08-21T00:51:04.799989+09:00
Doorman Reminder,,,failed,False,2026-08-21T00:49:20.798290+09:00
Doorman Report,,,failed,False,2026-08-21T00:47:51.655449+09:00
Doorman Ring,,,failed,False,2026-08-21T00:45:19.199440+09:00
Doorman Roll,,,failed,False,2026-08-21T00:47:46.608049+09:00
Doorman Route,,,failed,False,2026-08-21T00:45:06.062419+09:00
Doorman Rule,,,failed,False,2026-08-23T03:22:22.094995+09:00
Doorman Sale,,,failed,False,2026-08-21T02:24:04.256033+09:00
Doorman Sample,,,failed,False,2026-08-21T00:50:04.499348+09:00
Doorman Scale,,,failed,False,2026-08-21T00:45:03.734783+09:00
Doorman Scope,,,failed,False,2026-08-21T00:51:40.152987+09:00
Doorman Score,,,failed,False,2026-08-21T00:48:15.897610+09:00
Doorman Sheet,,,failed,False,2026-08-21T00:48:07.260312+09:00
Doorman Shortfall,,,failed,False,2026-08-27T21:48:28.268054+09:00
Doorman Signal,,,failed,False,2026-08-21T00:51:33.449317+09:00
Doorman Signature,,,failed,False,2026-08-23T13:26:17.496993+09:00
Doorman Slip,,,failed,False,2026-08-21T00:49:59.942955+09:00
Doorman Slot,,,failed,False,2026-08-21T00:50:07.130228+09:00
Doorman Stake,,,failed,False,2026-08-23T02:56:21.131414+09:00
Doorman Stamp,,,failed,False,2026-08-23T13:26:19.905298+09:00
Doorman Statement,,,failed,False,2026-08-21T00:50:26.220127+09:00
Doorman Station,,,failed,False,2026-08-21T00:44:32.272154+09:00
Doorman Status,,,failed,False,2026-08-21T00:48:30.052376+09:00
Doorman Stipend,,,failed,False,2026-08-23T13:45:59.921070+09:00
Doorman Stub,,,failed,False,2026-08-21T00:50:21.320378+09:00
Doorman Studio,110.0,0.0,success,False,2026-08-21T00:44:23.943990+09:00
Doorman Sum,,,failed,False,2026-08-21T02:23:45.182895+09:00
Doorman Summary,,,failed,False,2026-08-21T00:49:12.731444+09:00
Doorman Tab,,,failed,False,2026-08-21T00:50:38.979933+09:00
Doorman Table,,,failed,False,2026-08-21T00:49:56.955669+09:00
Doorman Tag,,,failed,False,2026-08-21T00:48:24.716353+09:00
Doorman Tariff,,,failed,False,2026-08-21T02:41:14.911892+09:00
Doorman Tax,,,failed,False,2026-08-21T02:07:02.181648+09:00
Doorman Terminal,,,failed,False,2026-08-21T00:44:38.874906+09:00
Doorman Ticker,,,failed,False,2026-08-21T00:47:34.415597+09:00
Doorman Ticket,,,failed,False,2026-08-21T00:49:27.660795+09:00
Doorman Tier,,,failed,False,2026-08-28T00:46:33.624903+09:00
Doorman Timeline,,,failed,False,2026-08-21T00:49:15.446712+09:00
Doorman Token,,,failed,False,2026-08-23T13:26:17.496993+09:00
Doorman Toll,,,failed,False,2026-08-21T02:41:05.925111+09:00
Doorman Toolbox,,,failed,False,2026-08-28T00:22:18.393624+09:00
Doorman Total,,,failed,False,2026-08-27T23:16:26.018143+09:00
Doorman Tower,,,failed,False,2026-08-21T00:47:01.645682+09:00
Doorman Tracker,,,failed,False,2026-08-21T00:50:41.630976+09:00
Doorman Trail,,,failed,False,2026-08-21T00:45:13.293562+09:00
Doorman Trial,,,failed,False,2026-08-27T21:17:18.938086+09:00
Doorman Unit,,,failed,False,2026-08-21T01:59:23.833736+09:00
Doorman Update,,,failed,False,2026-08-21T00:49:01.997073+09:00
Doorman Value,,,failed,False,2026-08-23T02:56:17.565255+09:00
Doorman Vault,,,failed,False,2026-08-21T00:51:07.998109+09:00
Doorman Version,,,failed,False,2026-08-23T03:22:14.563475+09:00
Doorman View,,,failed,False,2026-08-21T00:48:36.635325+09:00
Doorman Voucher,,,failed,False,2026-08-21T00:50:15.253919+09:00
Doorman Wallet,,,failed,False,2026-08-27T22:50:39.556744+09:00
Doorman Watch,,,failed,False,2026-08-21T00:51:35.796791+09:00
Doorman Wave,,,failed,False,2026-08-21T00:43:44.047110+09:00
Doorman Widget,,,failed,False,2026-08-27T23:16:30.238245+09:00
Doorman Window,,,failed,False,2026-08-21T00:47:44.020698+09:00
Doorman Worksheet,,,failed,False,2026-08-27T22:12:43.537947+09:00
Doorman Workshop,,,failed,False,2026-08-28T00:22:11.514597+09:00
Doorman Yard,,,failed,False,2026-08-21T00:46:37.254114+09:00
Doorman Zone,,,failed,False,2026-08-21T00:44:45.180563+09:00
Downtime Advisory,,,failed,False,2026-08-21T01:03:16.580684+09:00
Downtime Alert,90.0,16.0,success,False,2026-08-19T12:26:22.946559+09:00
Downtime Allowance,10.0,0.0,success,False,2026-08-21T02:42:44.475010+09:00
Downtime Almanac,,,failed,False,2026-08-18T22:11:49.715981+09:00
Downtime Analyzer,,,failed,False,2026-08-27T23:51:04.044510+09:00
Downtime Anchor,,,failed,False,2026-08-17T20:44:23.108645+09:00
Downtime Announcement,140.0,0.0,success,False,2026-08-27T23:31:14.136748+09:00
Downtime Assistant,,,failed,False,2026-08-17T23:09:57.644305+09:00
Downtime Atlas,,,failed,False,2026-08-17T20:35:09.040915+09:00
Downtime Attribute,,,failed,False,2026-08-23T13:08:51.704947+09:00
Downtime Badge,,,failed,False,2026-08-21T00:29:35.718141+09:00
Downtime Base,,,failed,False,2026-08-17T20:31:35.680631+09:00
Downtime Beacon,,,failed,False,2026-08-17T20:49:39.030080+09:00
Downtime Bill,,,failed,False,2026-08-19T21:50:30.697464+09:00
Downtime Blueprint,,,failed,False,2026-08-18T22:11:43.174107+09:00
Downtime Board,10.0,0.0,success,False,2026-08-17T21:39:34.435552+09:00
Downtime Book,40.0,1.0,success,False,2026-08-19T21:51:23.149370+09:00
Downtime Bridge,,,failed,False,2026-08-17T20:45:26.162726+09:00
Downtime Brief,,,failed,False,2026-08-21T01:03:06.374945+09:00
Downtime Bulletin,,,failed,False,2026-08-21T01:02:15.382494+09:00
Downtime Calculator,590.0,2.0,success,False,2026-08-27T23:31:14.136748+09:00
Downtime Calendar,,,failed,False,2026-08-19T00:05:21.948366+09:00
Downtime Card,,,failed,False,2026-08-19T13:38:17.915581+09:00
Downtime Cascade,,,failed,False,2026-08-17T20:46:16.531586+09:00
Downtime Cash,,,failed,False,2026-08-21T02:27:08.024014+09:00
Downtime Catalog,,,failed,False,2026-08-19T21:07:11.433627+09:00
Downtime Category,,,failed,False,2026-08-23T13:08:48.797339+09:00
Downtime Center,,,failed,False,2026-08-17T21:32:50.995270+09:00
Downtime Chain,,,failed,False,2026-08-17T20:39:52.233588+09:00
Downtime Charge,,,failed,False,2026-08-21T02:42:36.894313+09:00
Downtime Check,70.0,7.0,success,False,2026-08-19T13:38:55.423036+09:00
Downtime Checker,2900.0,1.0,success,False,2026-08-27T23:50:54.897553+09:00
Downtime Checklist,10.0,5.0,success,False,2026-08-19T21:06:20.590100+09:00
Downtime Circular,,,failed,False,2026-08-21T01:03:12.514083+09:00
Downtime Cockpit,,,failed,False,2026-08-17T23:28:43.740452+09:00
Downtime Code,10.0,2.0,success,False,2026-08-19T21:50:52.634082+09:00
Downtime Codex,,,failed,False,2026-08-18T22:12:08.779533+09:00
Downtime Companion,,,failed,False,2026-08-17T23:07:56.377169+09:00
Downtime Comparison,,,failed,False,2026-08-28T01:02:04.540661+09:00
Downtime Compass,,,failed,False,2026-08-17T21:31:02.177338+09:00
Downtime Compendium,,,failed,False,2026-08-18T22:12:02.089704+09:00
Downtime Confirmation,,,failed,False,2026-08-21T01:03:25.375031+09:00
Downtime Console,,,failed,False,2026-08-17T20:48:13.207047+09:00
Downtime Core,,,failed,False,2026-08-18T07:53:01.701423+09:00
Downtime Cost,390.0,0.0,success,False,2026-08-21T02:11:18.638927+09:00
Downtime Count,,,failed,False,2026-08-27T22:51:42.060485+09:00
Downtime Counter,50.0,9.0,success,False,2026-08-18T23:57:31.846586+09:00
Downtime Dashboard,70.0,13.0,success,False,2026-08-17T23:13:11.418966+09:00
Downtime Deal,,,failed,False,2026-08-21T01:55:51.234317+09:00
Downtime Debt,,,failed,False,2026-08-21T02:26:59.463760+09:00
Downtime Deck,,,failed,False,2026-08-17T21:38:05.775829+09:00
Downtime Depot,,,failed,False,2026-08-18T23:57:13.406878+09:00
Downtime Desk,,,failed,False,2026-08-17T21:35:22.295985+09:00
Downtime Detail,,,failed,False,2026-08-23T03:22:06.290002+09:00
Downtime Detector,4400.0,4.0,success,False,2026-08-27T23:51:04.044510+09:00
Downtime Diagram,,,failed,False,2026-08-27T22:15:17.446247+09:00
Downtime Dial,,,failed,False,2026-08-17T20:45:50.172264+09:00
Downtime Digest,,,failed,False,2026-08-19T20:37:37.988161+09:00
Downtime Directory,,,failed,False,2026-08-19T00:05:27.512092+09:00
Downtime Discount,,,failed,False,2026-08-23T16:16:38.945846+09:00
Downtime Dock,,,failed,False,2026-08-17T20:42:12.704128+09:00
Downtime Dossier,,,failed,False,2026-08-21T01:03:30.050919+09:00
Downtime Downpayment,,,failed,False,2026-08-27T21:50:29.028381+09:00
Downtime Draft,,,failed,False,2026-08-19T20:37:52.054454+09:00
Downtime Due,,,failed,False,2026-08-23T15:52:46.857399+09:00
Downtime Duty,,,failed,False,2026-08-21T02:42:39.559962+09:00
Downtime Engine,,,failed,False,2026-08-17T23:27:41.420797+09:00
Downtime Entry,,,failed,False,2026-08-21T01:03:43.052088+09:00
Downtime Estimate,,,failed,False,2026-08-19T21:07:00.753456+09:00
Downtime Estimator,,,failed,False,2026-08-27T23:50:52.077690+09:00
Downtime Excerpt,,,failed,False,2026-08-21T01:03:38.520377+09:00
Downtime Fare,,,failed,False,2026-08-21T02:11:27.429616+09:00
Downtime Fee,,,failed,False,2026-08-21T01:55:42.683026+09:00
Downtime Feed,,,failed,False,2026-08-19T20:37:45.715949+09:00
Downtime Field,,,failed,False,2026-08-23T13:08:53.842629+09:00
Downtime File,,,failed,False,2026-08-19T20:49:32.682801+09:00
Downtime Finder,,,failed,False,2026-08-18T23:52:29.838132+09:00
Downtime Fine,,,failed,False,2026-08-23T02:57:01.992920+09:00
Downtime Flag,,,failed,False,2026-08-21T00:30:25.028648+09:00
Downtime Flow,,,failed,False,2026-08-17T21:38:40.825363+09:00
Downtime Forge,,,failed,False,2026-08-17T20:47:28.313560+09:00
Downtime Form,90.0,3.0,success,False,2026-08-19T13:37:57.164882+09:00
Downtime Format,,,failed,False,2026-08-23T13:08:58.766460+09:00
Downtime Frame,,,failed,False,2026-08-17T20:32:46.505342+09:00
Downtime Fund,,,failed,False,2026-08-21T02:27:02.067893+09:00
Downtime Gate,,,failed,False,2026-08-17T20:37:05.313557+09:00
Downtime Generator,,,failed,False,2026-08-27T23:31:21.274329+09:00
Downtime Grade,,,failed,False,2026-08-21T00:30:03.627747+09:00
Downtime Graph,20.0,2.0,success,False,2026-08-27T22:14:59.305692+09:00
Downtime Grid,,,failed,False,2026-08-17T20:40:19.019495+09:00
Downtime Guarantee,,,failed,False,2026-08-28T01:02:10.416954+09:00
Downtime Guard,,,failed,False,2026-08-18T07:52:27.935751+09:00
Downtime Guardian,,,failed,False,2026-08-28T00:21:14.040617+09:00
Downtime Guidebook,,,failed,False,2026-08-18T22:11:27.427914+09:00
Downtime Helpdesk,,,failed,False,2026-08-27T22:51:42.060485+09:00
Downtime Helper,,,failed,False,2026-08-28T00:21:19.709791+09:00
Downtime History,10.0,4.0,success,False,2026-08-19T20:49:25.973595+09:00
Downtime Hotline,,,failed,False,2026-08-19T21:07:23.410704+09:00
Downtime Hub,,,failed,False,2026-08-17T21:37:32.627735+09:00
Downtime Identifier,,,failed,False,2026-08-23T13:08:46.542285+09:00
Downtime Index,10.0,0.0,success,False,2026-08-19T21:06:31.890613+09:00
Downtime Insight,,,failed,False,2026-08-17T23:28:22.691550+09:00
Downtime Item,,,failed,False,2026-08-21T01:55:44.868962+09:00
Downtime Journal,,,failed,False,2026-08-18T22:11:07.698009+09:00
Downtime Keeper,,,failed,False,2026-08-17T20:33:21.754611+09:00
Downtime Lab,,,failed,False,2026-08-17T21:35:54.911296+09:00
Downtime Label,,,failed,False,2026-08-27T22:15:03.740456+09:00
Downtime Ledger,,,failed,False,2026-08-17T21:41:34.183941+09:00
Downtime Lens,,,failed,False,2026-08-17T20:33:48.971139+09:00
Downtime Level,,,failed,False,2026-08-19T20:49:35.865635+09:00
Downtime Levy,,,failed,False,2026-08-23T13:48:08.634446+09:00
Downtime Link,,,failed,False,2026-08-23T03:21:56.707046+09:00
Downtime List,,,failed,False,2026-08-19T21:51:05.479286+09:00
Downtime Loan,,,failed,False,2026-08-21T02:11:34.732367+09:00
Downtime Locator,,,failed,False,2026-08-19T00:05:31.654702+09:00
Downtime Lock,,,failed,False,2026-08-17T20:35:40.356029+09:00
Downtime Log,30.0,17.0,success,False,2026-08-19T13:37:46.745101+09:00
Downtime Loop,,,failed,False,2026-08-17T20:41:03.029394+09:00
Downtime Manager,10.0,17.0,success,False,2026-08-17T20:32:08.584337+09:00
Downtime Manual,,,failed,False,2026-08-27T22:15:06.045574+09:00
Downtime Map,,,failed,False,2026-08-17T20:34:42.726088+09:00
Downtime Margin,,,failed,False,2026-08-23T02:56:59.964563+09:00
Downtime Memo,,,failed,False,2026-08-21T00:30:11.509086+09:00
Downtime Message,30.0,0.0,success,False,2026-08-27T23:16:53.480733+09:00
Downtime Meter,10.0,4.0,success,False,2026-08-17T20:44:46.784780+09:00
Downtime Metrics,10.0,3.0,success,False,2026-08-17T23:06:06.115551+09:00
Downtime Monitor,390.0,46.0,success,False,2026-08-17T23:11:32.053287+09:00
Downtime Navigator,,,failed,False,2026-08-17T23:29:03.554808+09:00
Downtime Nexus,,,failed,False,2026-08-17T20:36:08.746361+09:00
Downtime Node,,,failed,False,2026-08-17T20:38:04.703276+09:00
Downtime Note,,,failed,False,2026-08-19T13:39:26.336599+09:00
Downtime Notification,210.0,0.0,success,False,2026-08-27T22:51:36.322343+09:00
Downtime Number,,,failed,False,2026-08-23T03:21:52.337489+09:00
Downtime Office,,,failed,False,2026-08-18T23:57:22.753165+09:00
Downtime Ops,,,failed,False,2026-08-17T23:14:48.085579+09:00
Downtime Order,,,failed,False,2026-08-19T21:50:19.457736+09:00
Downtime Organizer,,,failed,False,2026-08-17T23:28:07.981645+09:00
Downtime Overage,,,failed,False,2026-08-27T21:50:26.760837+09:00
Downtime Overdraft,,,failed,False,2026-08-23T15:52:48.928193+09:00
Downtime Overdue,,,failed,False,2026-08-27T21:50:20.259806+09:00
Downtime Panel,,,failed,False,2026-08-17T20:46:53.844827+09:00
Downtime Pass,,,failed,False,2026-08-21T00:29:21.936028+09:00
Downtime Path,,,failed,False,2026-08-17T20:37:34.472176+09:00
Downtime Payoff,,,failed,False,2026-08-27T21:50:22.560575+09:00
Downtime Penalty,,,failed,False,2026-08-23T16:40:09.543730+09:00
Downtime Petition,,,failed,False,2026-08-21T01:03:20.927802+09:00
Downtime Pilot,,,failed,False,2026-08-17T21:36:28.444275+09:00
Downtime Plan,20.0,0.0,success,False,2026-08-21T01:55:41.069694+09:00
Downtime Planner,,,failed,False,2026-08-17T23:27:53.024871+09:00
Downtime Playbook,,,failed,False,2026-08-18T22:11:01.803326+09:00
Downtime Point,,,failed,False,2026-08-17T20:36:39.507807+09:00
Downtime Portal,,,failed,False,2026-08-17T21:30:27.922058+09:00
Downtime Preview,,,failed,False,2026-08-28T01:02:04.540661+09:00
Downtime Profile,,,failed,False,2026-08-19T13:39:51.910868+09:00
Downtime Profit,,,failed,False,2026-08-23T02:56:43.732981+09:00
Downtime Proposal,,,failed,False,2026-08-28T01:02:07.599938+09:00
Downtime Pulse,,,failed,False,2026-08-17T20:39:21.363517+09:00
Downtime Queue,,,failed,False,2026-08-19T21:06:49.674751+09:00
Downtime Quota,,,failed,False,2026-08-21T00:30:19.986675+09:00
Downtime Radar,10.0,0.0,success,False,2026-08-17T21:34:20.474166+09:00
Downtime Rail,,,failed,False,2026-08-17T20:41:22.469867+09:00
Downtime Rate,20.0,0.0,success,False,2026-08-19T20:37:14.893241+09:00
Downtime Recap,10.0,,success,False,2026-08-21T01:03:36.375895+09:00
Downtime Receipt,,,failed,False,2026-08-19T21:50:41.490993+09:00
Downtime Recorder,,,failed,False,2026-08-27T23:31:24.795366+09:00
Downtime Register,,,failed,False,2026-08-17T23:29:20.352796+09:00
Downtime Registry,,,failed,False,2026-08-18T22:11:34.911588+09:00
Downtime Relay,,,failed,False,2026-08-17T21:33:19.243075+09:00
Downtime Reminder,,,failed,False,2026-08-19T21:06:08.303688+09:00
Downtime Report,260.0,8.0,success,False,2026-08-19T13:37:39.358157+09:00
Downtime Repository,,,failed,False,2026-08-27T23:17:00.312671+09:00
Downtime Roadmap,,,failed,False,2026-08-18T22:12:17.661018+09:00
Downtime Route,,,failed,False,2026-08-17T20:43:08.098438+09:00
Downtime Rule,,,failed,False,2026-08-23T03:22:01.031781+09:00
Downtime Sale,,,failed,False,2026-08-21T02:27:13.658425+09:00
Downtime Sample,,,failed,False,2026-08-19T21:51:45.660208+09:00
Downtime Scale,,,failed,False,2026-08-17T20:44:01.266186+09:00
Downtime Scheduler,,,failed,False,2026-08-17T23:04:17.256447+09:00
Downtime Scope,,,failed,False,2026-08-17T20:41:53.253624+09:00
Downtime Score,,,failed,False,2026-08-19T13:39:03.234764+09:00
Downtime Sentry,,,failed,False,2026-08-17T20:34:18.335664+09:00
Downtime Sheet,30.0,8.0,success,False,2026-08-19T13:38:30.096101+09:00
Downtime Shortfall,,,failed,False,2026-08-27T21:50:32.673191+09:00
Downtime Signal,30.0,0.0,success,False,2026-08-17T20:43:32.566232+09:00
Downtime Signature,,,failed,False,2026-08-23T13:28:03.127667+09:00
Downtime Slip,10.0,0.0,success,False,2026-08-19T21:51:34.255432+09:00
Downtime Slot,,,failed,False,2026-08-19T21:51:58.682281+09:00
Downtime Snapshot,,,failed,False,2026-08-18T22:11:16.114719+09:00
Downtime Stage,,,failed,False,2026-08-28T00:45:46.736783+09:00
Downtime Stake,,,failed,False,2026-08-23T02:56:53.736848+09:00
Downtime Statement,,,failed,False,2026-08-21T00:29:50.648703+09:00
Downtime Station,,,failed,False,2026-08-17T21:34:53.019649+09:00
Downtime Status,40.0,0.0,success,False,2026-08-19T20:49:12.755513+09:00
Downtime Stipend,,,failed,False,2026-08-23T13:48:08.634446+09:00
Downtime Stub,,,failed,False,2026-08-21T00:29:45.511428+09:00
Downtime Studio,,,failed,False,2026-08-17T21:36:54.710856+09:00
Downtime Suite,,,failed,False,2026-08-17T23:15:05.132671+09:00
Downtime Sum,,,failed,False,2026-08-21T02:26:56.391999+09:00
Downtime Summary,10.0,5.0,success,False,2026-08-19T21:05:44.553245+09:00
Downtime Sync,,,failed,False,2026-08-17T21:40:59.899740+09:00
Downtime Tab,,,failed,False,2026-08-21T00:30:32.235715+09:00
Downtime Table,,,failed,False,2026-08-19T21:51:13.518825+09:00
Downtime Tag,,,failed,False,2026-08-19T13:39:37.773489+09:00
Downtime Tally,,,failed,False,2026-08-21T00:29:58.685573+09:00
Downtime Tariff,,,failed,False,2026-08-21T02:42:47.286881+09:00
Downtime Tax,,,failed,False,2026-08-21T02:11:30.479876+09:00
Downtime Ticket,,,failed,False,2026-08-19T21:06:41.039569+09:00
Downtime Timeline,,,failed,False,2026-08-19T21:05:57.473217+09:00
Downtime Timer,10.0,0.0,success,False,2026-08-28T00:21:09.151755+09:00
Downtime Toll,,,failed,False,2026-08-21T02:42:41.863985+09:00
Downtime Toolbox,,,failed,False,2026-08-28T00:21:17.081309+09:00
Downtime Toolkit,,,failed,False,2026-08-18T22:10:53.801114+09:00
Downtime Total,,,failed,False,2026-08-27T23:16:53.480733+09:00
Downtime Tracker,590.0,21.0,success,False,2026-08-18T07:52:35.571361+09:00
Downtime Trail,,,failed,False,2026-08-17T20:40:42.163784+09:00
Downtime Trend,,,failed,False,2026-08-28T01:02:01.499945+09:00
Downtime Trial,,,failed,False,2026-08-27T21:19:33.782503+09:00
Downtime Unit,,,failed,False,2026-08-21T01:55:46.721069+09:00
Downtime Update,10.0,0.0,success,False,2026-08-19T20:37:28.019595+09:00
Downtime Value,,,failed,False,2026-08-23T02:56:50.179026+09:00
Downtime Vault,,,failed,False,2026-08-17T21:32:15.070878+09:00
Downtime Version,,,failed,False,2026-08-23T03:21:54.482997+09:00
Downtime View,,,failed,False,2026-08-19T20:49:19.848949+09:00
Downtime Voucher,,,failed,False,2026-08-21T00:29:30.583044+09:00
Downtime Watch,10.0,0.0,success,False,2026-08-17T20:42:40.071307+09:00
Downtime Wave,,,failed,False,2026-08-17T20:38:31.317013+09:00
Downtime Widget,,,failed,False,2026-08-27T23:16:56.229281+09:00
Downtime Workbench,,,failed,False,2026-08-18T22:10:43.266214+09:00
Downtime Worksheet,,,failed,False,2026-08-27T22:15:12.426690+09:00
Downtime Workshop,,,failed,False,2026-08-28T00:21:11.601666+09:00
Downtime Zone,,,failed,False,2026-08-17T21:31:39.058447+09:00
Driver Advance,260.0,1.0,success,False,2026-08-23T16:14:53.191797+09:00
Driver Advisory,170.0,3.0,success,False,2026-08-21T00:58:27.692575+09:00
Driver Allowance,390.0,0.0,success,False,2026-08-21T02:39:04.967500+09:00
Driver Almanac,,,failed,False,2026-08-18T22:04:34.092675+09:00
Driver Analyzer,40.0,4.0,success,False,2026-08-27T23:58:00.506831+09:00
Driver Anchor,,,failed,False,2026-08-17T21:30:33.048254+09:00
Driver Arrears,,,failed,False,2026-08-23T16:14:49.657074+09:00
Driver Asset,,,failed,False,2026-08-23T13:47:09.314181+09:00
Driver Assistant,2900.0,2.0,success,False,2026-08-17T23:31:17.212800+09:00
Driver Atlas,20.0,78.0,success,False,2026-08-17T20:39:25.387216+09:00
Driver Badge,1000.0,20.0,success,False,2026-08-21T00:36:00.602558+09:00
Driver Balance,40.0,1.0,success,False,2026-08-23T13:47:09.314181+09:00
Driver Base,170.0,1.0,success,False,2026-08-17T20:36:12.301778+09:00
Driver Beacon,,,failed,False,2026-08-17T21:34:55.256705+09:00
Driver Bill,140.0,1.0,success,False,2026-08-19T22:01:48.957551+09:00
Driver Blueprint,260.0,0.0,success,False,2026-08-18T22:04:25.779407+09:00
Driver Board,2900.0,10.0,success,False,2026-08-17T20:33:23.313632+09:00
Driver Book,6600.0,29.0,success,False,2026-08-19T22:02:41.688719+09:00
Driver Bridge,320.0,14.0,success,False,2026-08-17T21:31:41.054400+09:00
Driver Brief,,,failed,False,2026-08-21T01:09:42.916632+09:00
Driver Bulletin,,,failed,False,2026-08-21T01:09:36.550865+09:00
Driver Calendar,30.0,2.0,success,False,2026-08-18T23:58:41.085151+09:00
Driver Card,3600.0,13.0,success,False,2026-08-19T13:27:15.417105+09:00
Driver Cascade,,,failed,False,2026-08-17T21:32:53.372558+09:00
Driver Cash,50.0,1.0,success,False,2026-08-21T02:23:11.717671+09:00
Driver Cashback,,,failed,False,2026-08-27T21:17:18.938086+09:00
Driver Catalog,390.0,0.0,success,False,2026-08-19T21:18:07.179482+09:00
Driver Center,2900.0,14.0,success,False,2026-08-17T21:37:36.095439+09:00
Driver Chain,40.0,25.0,success,False,2026-08-17T20:43:36.337910+09:00
Driver Charge,320.0,2.0,success,False,2026-08-21T02:38:54.796216+09:00
Driver Check,5400.0,8.0,success,False,2026-08-19T13:27:45.503275+09:00
Driver Checker,2900.0,5.0,success,False,2026-08-27T23:57:55.384671+09:00
Driver Checklist,170.0,12.0,success,False,2026-08-19T21:17:21.944279+09:00
Driver Circular,70.0,54.0,success,False,2026-08-21T00:59:23.990159+09:00
Driver Cockpit,110.0,30.0,success,False,2026-08-17T23:10:58.652260+09:00
Driver Code,2400.0,1.0,success,False,2026-08-19T22:02:09.365210+09:00
Driver Codex,,,failed,False,2026-08-18T22:04:56.544925+09:00
Driver Companion,390.0,2.0,success,False,2026-08-17T23:32:42.825846+09:00
Driver Comparison,210.0,28.0,success,False,2026-08-28T01:08:17.879931+09:00
Driver Compass,50.0,13.0,success,False,2026-08-17T21:36:00.741055+09:00
Driver Compendium,,,failed,False,2026-08-18T22:04:44.992531+09:00
Driver Confirmation,10.0,0.0,success,False,2026-08-21T00:58:36.711570+09:00
Driver Console,260.0,1.0,success,False,2026-08-17T21:34:26.372304+09:00
Driver Contribution,,,failed,False,2026-08-23T16:14:49.657074+09:00
Driver Core,110.0,0.0,success,False,2026-08-17T20:35:15.216607+09:00
Driver Cost,1000.0,4.0,success,False,2026-08-21T02:07:34.217644+09:00
Driver Count,20.0,0.0,success,False,2026-08-27T22:49:35.364614+09:00
Driver Counter,,,failed,False,2026-08-18T23:59:34.906916+09:00
Driver Coupon,20.0,5.0,success,False,2026-08-27T21:17:14.401522+09:00
Driver Dashboard,720.0,3.0,success,False,2026-08-17T23:32:27.078253+09:00
Driver Deal,2400.0,7.0,success,False,2026-08-21T01:51:22.429358+09:00
Driver Debt,,,failed,False,2026-08-21T02:23:00.928674+09:00
Driver Deck,40.0,0.0,success,False,2026-08-17T20:32:12.868338+09:00
Driver Depot,880.0,2.0,success,False,2026-08-18T23:59:14.499030+09:00
Driver Desk,140.0,1.0,success,False,2026-08-17T21:41:36.452024+09:00
Driver Detail,590.0,0.0,success,False,2026-08-23T03:18:33.193002+09:00
Driver Detector,1600.0,8.0,success,False,2026-08-27T23:57:57.910775+09:00
Driver Dial,,,failed,False,2026-08-17T21:32:17.170130+09:00
Driver Digest,,,failed,False,2026-08-19T20:44:12.620754+09:00
Driver Directory,170.0,7.0,success,False,2026-08-18T23:58:49.693970+09:00
Driver Discount,70.0,30.0,success,False,2026-08-23T16:14:44.482791+09:00
Driver Dock,720.0,44.0,success,False,2026-08-17T20:46:20.020027+09:00
Driver Dossier,,,failed,False,2026-08-21T00:58:40.847726+09:00
Driver Downpayment,,,failed,False,2026-08-27T21:48:23.216174+09:00
Driver Draft,,,failed,False,2026-08-19T20:44:29.865338+09:00
Driver Due,10.0,0.0,success,False,2026-08-23T15:51:55.644106+09:00
Driver Duty,2900.0,1.0,success,False,2026-08-21T02:38:57.143403+09:00
Driver Engine,1000.0,2.0,success,False,2026-08-17T23:07:36.976637+09:00
Driver Entry,50.0,0.0,success,False,2026-08-21T00:58:54.317507+09:00
Driver Estimate,,,failed,False,2026-08-19T21:17:57.500423+09:00
Driver Estimator,20.0,1.0,success,False,2026-08-27T23:57:50.336082+09:00
Driver Excerpt,,,failed,False,2026-08-21T00:58:49.473587+09:00
Driver Fare,20.0,4.0,success,False,2026-08-21T02:07:41.553019+09:00
Driver Fee,140.0,1.0,success,False,2026-08-21T01:51:00.424955+09:00
Driver Feed,,,failed,False,2026-08-19T20:44:19.706681+09:00
Driver File,590.0,6.0,success,False,2026-08-19T20:43:44.541784+09:00
Driver Finder,2900.0,16.0,success,False,2026-08-18T23:59:06.121375+09:00
Driver Fine,140.0,2.0,success,False,2026-08-23T02:54:26.725947+09:00
Driver Flag,30.0,3.0,success,False,2026-08-21T00:36:30.694005+09:00
Driver Flow,40.0,0.0,success,False,2026-08-17T20:32:49.512310+09:00
Driver Forge,10.0,0.0,success,False,2026-08-17T21:33:53.413747+09:00
Driver Form,260.0,0.0,success,False,2026-08-19T13:27:07.663216+09:00
Driver Frame,10.0,10.0,success,False,2026-08-17T20:37:11.919122+09:00
Driver Fund,70.0,1.0,success,False,2026-08-21T02:23:05.228659+09:00
Driver Gate,4400.0,29.0,success,False,2026-08-17T20:41:06.345123+09:00
Driver Giveaway,10.0,8.0,success,False,2026-08-27T21:17:23.968001+09:00
Driver Grade,,,failed,False,2026-08-21T00:36:18.143483+09:00
Driver Graph,,,failed,False,2026-08-27T22:12:21.251456+09:00
Driver Grid,70.0,0.0,success,False,2026-08-17T20:44:06.631034+09:00
Driver Guard,260.0,0.0,success,False,2026-08-17T20:35:45.912195+09:00
Driver Guardian,590.0,12.0,success,False,2026-08-28T00:26:50.285916+09:00
Driver Guidebook,,,failed,False,2026-08-18T22:04:03.001846+09:00
Driver Helpdesk,10.0,0.0,success,False,2026-08-27T22:49:35.364614+09:00
Driver Helper,2400.0,4.0,success,False,2026-08-28T00:26:52.853264+09:00
Driver History,1300.0,18.0,success,False,2026-08-19T20:43:39.981777+09:00
Driver Hotline,30.0,4.0,success,False,2026-08-19T21:18:17.728493+09:00
Driver Hub,33100.0,1.0,success,False,2026-08-17T20:31:38.107939+09:00
Driver Identifier,14800.0,1.0,success,False,2026-08-23T13:06:56.024749+09:00
Driver Incentive,70.0,5.0,success,False,2026-08-27T21:17:21.350185+09:00
Driver Index,1600.0,0.0,success,True,2026-08-19T21:17:31.409694+09:00
Driver Insight,390.0,5.0,success,False,2026-08-17T23:03:41.404316+09:00
Driver Item,30.0,0.0,success,False,2026-08-21T01:50:59.585302+09:00
Driver Journal,30.0,0.0,success,False,2026-08-18T22:03:32.090956+09:00
Driver Keeper,10.0,0.0,success,False,2026-08-17T20:37:39.748297+09:00
Driver Lab,480.0,1.0,success,False,2026-08-18T07:52:19.092235+09:00
Driver Label,260.0,2.0,success,False,2026-08-27T22:12:29.300608+09:00
Driver Ledger,,,failed,False,2026-08-17T20:34:19.305897+09:00
Driver Lens,3600.0,39.0,success,False,2026-08-17T20:38:07.696860+09:00
Driver Level,70.0,0.0,success,False,2026-08-19T20:43:52.054689+09:00
Driver Levy,,,failed,False,2026-08-23T13:47:11.410642+09:00
Driver Link,12100.0,4.0,success,False,2026-08-23T03:18:25.372913+09:00
Driver List,720.0,0.0,success,False,2026-08-19T22:02:19.043714+09:00
Driver Loan,90.0,64.0,success,False,2026-08-21T02:07:48.773154+09:00
Driver Locator,480.0,3.0,success,False,2026-08-18T23:58:57.268328+09:00
Driver Lock,3600.0,20.0,success,False,2026-08-17T20:39:54.147287+09:00
Driver Log,4400.0,12.0,success,False,2026-08-19T13:26:44.223162+09:00
Driver Loop,140.0,5.0,success,False,2026-08-17T20:44:54.516764+09:00
Driver Manager,2900.0,2.0,success,False,2026-08-17T20:36:40.845127+09:00
Driver Manual,3600.0,3.0,success,False,2026-08-27T22:12:34.170808+09:00
Driver Map,8100.0,4.0,success,False,2026-08-17T20:39:04.557611+09:00
Driver Marker,8100.0,100.0,success,False,2026-08-23T13:27:46.545552+09:00
Driver Memo,,,failed,False,2026-08-21T00:36:23.638187+09:00
Driver Message,50.0,0.0,success,False,2026-08-27T23:15:00.482378+09:00
Driver Meter,20.0,0.0,success,False,2026-08-17T21:31:05.600589+09:00
Driver Metrics,70.0,3.0,success,False,2026-08-17T23:32:14.007104+09:00
Driver Monitor,1300.0,7.0,success,False,2026-08-17T23:31:50.854430+09:00
Driver Navigator,1000.0,3.0,success,False,2026-08-17T23:05:24.872109+09:00
Driver Nexus,170.0,0.0,success,False,2026-08-17T20:40:20.065990+09:00
Driver Node,20.0,0.0,success,False,2026-08-17T20:41:55.751231+09:00
Driver Note,480.0,21.0,success,False,2026-08-19T13:28:03.494645+09:00
Driver Notification,210.0,1.0,success,False,2026-08-27T22:49:32.762391+09:00
Driver Number,2900.0,0.0,success,True,2026-08-23T03:18:18.334398+09:00
Driver Office,1000.0,3.0,success,False,2026-08-18T23:59:24.120788+09:00
Driver Ops,90.0,0.0,success,False,2026-08-17T23:32:54.129749+09:00
Driver Order,40.0,1.0,success,False,2026-08-19T22:01:39.954435+09:00
Driver Organizer,10.0,83.0,success,False,2026-08-17T23:09:22.045461+09:00
Driver Overage,,,failed,False,2026-08-27T21:48:20.717175+09:00
Driver Overdue,,,failed,False,2026-08-27T21:48:16.120561+09:00
Driver Panel,260.0,8.0,success,False,2026-08-17T21:33:22.663564+09:00
Driver Pass,880.0,4.0,success,False,2026-08-21T00:35:52.521460+09:00
Driver Path,110.0,0.0,success,False,2026-08-17T20:41:27.066117+09:00
Driver Payoff,,,failed,False,2026-08-27T21:48:18.349819+09:00
Driver Penalty,20.0,4.0,success,False,2026-08-23T16:39:07.006923+09:00
Driver Petition,10.0,0.0,success,False,2026-08-21T00:58:32.149871+09:00
Driver Pilot,880.0,4.0,success,False,2026-08-18T07:53:03.495247+09:00
Driver Plan,70.0,2.0,success,False,2026-08-21T01:51:08.406585+09:00
Driver Planner,2400.0,8.0,success,False,2026-08-17T23:14:31.375028+09:00
Driver Playbook,10.0,5.0,success,False,2026-08-18T22:03:18.976552+09:00
Driver Point,3600.0,2.0,success,False,2026-08-17T20:40:44.017242+09:00
Driver Portal,2900.0,2.0,success,False,2026-08-17T21:35:24.685319+09:00
Driver Preview,10.0,0.0,success,False,2026-08-28T01:08:20.327245+09:00
Driver Profile,480.0,0.0,success,False,2026-08-19T13:28:19.124767+09:00
Driver Profit,20.0,0.0,success,False,2026-08-23T02:54:17.672874+09:00
Driver Pulse,12100.0,3.0,success,False,2026-08-17T20:43:09.097865+09:00
Driver Queue,,,failed,False,2026-08-19T21:17:49.852730+09:00
Driver Quota,,,failed,False,2026-08-21T00:36:28.428699+09:00
Driver Radar,70.0,5.0,success,False,2026-08-17T21:39:37.908878+09:00
Driver Rail,1300.0,1.0,success,False,2026-08-17T20:45:28.437462+09:00
Driver Rank,320.0,0.0,success,False,2026-08-28T00:48:34.201373+09:00
Driver Rate,1900.0,0.0,success,True,2026-08-19T20:43:57.147560+09:00
Driver Recap,20.0,0.0,success,False,2026-08-21T00:59:26.114490+09:00
Driver Receipt,140.0,6.0,success,False,2026-08-19T22:01:59.739197+09:00
Driver Recorder,2400.0,77.0,success,False,2026-08-27T23:36:01.279667+09:00
Driver Register,880.0,6.0,success,False,2026-08-17T23:12:33.022666+09:00
Driver Registry,880.0,6.0,success,False,2026-08-18T22:04:12.568895+09:00
Driver Relay,1300.0,24.0,success,False,2026-08-17T21:38:10.743063+09:00
Driver Reminder,,,failed,False,2026-08-19T21:17:11.439811+09:00
Driver Report,480.0,21.0,success,False,2026-08-19T13:26:18.300818+09:00
Driver Repository,30.0,3.0,success,False,2026-08-27T23:15:10.643747+09:00
Driver Result,590.0,0.0,success,False,2026-08-28T00:48:30.764034+09:00
Driver Roadmap,,,failed,False,2026-08-18T22:05:06.428384+09:00
Driver Roster,110.0,0.0,success,False,2026-08-19T00:38:18.682483+09:00
Driver Route,90.0,9.0,success,False,2026-08-17T20:47:35.936558+09:00
Driver Rule,260.0,2.0,success,False,2026-08-23T03:18:29.464352+09:00
Driver Sale,880.0,100.0,success,False,2026-08-21T02:23:15.671365+09:00
Driver Scale,90.0,0.0,success,False,2026-08-17T21:30:00.229933+09:00
Driver Scanner,3600.0,9.0,success,False,2026-08-27T23:57:55.384671+09:00
Driver Scheduler,1300.0,4.0,success,False,2026-08-17T23:31:33.228756+09:00
Driver Scope,110.0,0.0,success,False,2026-08-17T20:45:52.903104+09:00
Driver Score,320.0,5.0,success,False,2026-08-19T13:27:56.460670+09:00
Driver Sentry,20.0,0.0,success,False,2026-08-17T20:38:32.473394+09:00
Driver Serial,480.0,0.0,success,False,2026-08-23T13:27:40.734961+09:00
Driver Sheet,210.0,2.0,success,False,2026-08-19T13:27:35.770715+09:00
Driver Shortfall,,,failed,False,2026-08-27T21:48:25.630641+09:00
Driver Signal,260.0,1.0,success,False,2026-08-17T20:48:15.314618+09:00
Driver Signature,590.0,0.0,success,False,2026-08-23T13:27:43.093757+09:00
Driver Slip,30.0,5.0,success,False,2026-08-19T22:02:50.225246+09:00
Driver Slot,30.0,0.0,success,False,2026-08-19T22:03:11.253996+09:00
Driver Snapshot,2900.0,2.0,success,False,2026-08-18T22:03:51.381490+09:00
Driver Stage,50.0,0.0,success,False,2026-08-28T00:48:27.212910+09:00
Driver Stake,,,failed,False,2026-08-23T02:54:23.224881+09:00
Driver Statement,210.0,1.0,success,False,2026-08-21T00:36:11.342304+09:00
Driver Station,9900.0,0.0,success,True,2026-08-17T21:41:04.521769+09:00
Driver Status,5400.0,0.0,success,True,2026-08-19T20:43:22.271749+09:00
Driver Stipend,,,failed,False,2026-08-23T13:47:11.410642+09:00
Driver Streak,,,failed,False,2026-08-28T00:48:30.764034+09:00
Driver Stub,480.0,10.0,success,False,2026-08-21T00:36:05.920603+09:00
Driver Studio,1600.0,0.0,success,True,2026-08-18T07:52:06.675931+09:00
Driver Subsidy,50.0,2.0,success,False,2026-08-23T15:51:59.728812+09:00
Driver Suite,50.0,1.0,success,False,2026-08-17T23:30:54.077179+09:00
Driver Sum,,,failed,False,2026-08-21T02:22:54.942838+09:00
Driver Summary,390.0,0.0,success,False,2026-08-19T21:16:45.147013+09:00
Driver Surtax,,,failed,False,2026-08-23T15:52:02.827883+09:00
Driver Sync,2900.0,3.0,success,False,2026-08-17T20:33:54.236742+09:00
Driver Tab,210.0,0.0,success,False,2026-08-21T00:36:35.821010+09:00
Driver Table,170.0,13.0,success,False,2026-08-19T22:02:31.549197+09:00
Driver Tag,210.0,5.0,success,False,2026-08-19T13:28:10.656877+09:00
Driver Tally,40.0,2.0,success,False,2026-08-21T00:36:16.111706+09:00
Driver Tariff,10.0,2.0,success,False,2026-08-21T02:39:07.071635+09:00
Driver Tax,110.0,6.0,success,False,2026-08-21T02:07:46.443072+09:00
Driver Terminal,390.0,100.0,success,False,2026-08-17T21:38:46.123803+09:00
Driver Ticket,590.0,12.0,success,False,2026-08-19T21:17:42.432873+09:00
Driver Tier,,,failed,False,2026-08-28T00:48:30.764034+09:00
Driver Timeline,20.0,0.0,success,False,2026-08-19T21:16:57.743794+09:00
Driver Timer,20.0,0.0,success,False,2026-08-28T00:26:44.575613+09:00
Driver Token,1300.0,0.0,success,True,2026-08-23T13:27:43.093757+09:00
Driver Toll,30.0,0.0,success,False,2026-08-21T02:38:59.400124+09:00
Driver Toolbox,110.0,0.0,success,False,2026-08-28T00:26:50.285916+09:00
Driver Toolkit,480.0,19.0,success,False,2026-08-18T22:03:07.731550+09:00
Driver Total,70.0,2.0,success,False,2026-08-27T23:15:04.402308+09:00
Driver Tracker,1300.0,6.0,success,False,2026-08-17T20:34:43.926118+09:00
Driver Trail,390.0,3.0,success,False,2026-08-17T20:44:24.451216+09:00
Driver Trend,10.0,0.0,success,False,2026-08-28T01:08:17.879931+09:00
Driver Trial,50.0,0.0,success,False,2026-08-27T21:17:18.938086+09:00
Driver Unit,2900.0,23.0,success,False,2026-08-21T01:51:12.065747+09:00
Driver Update,22200.0,16.0,success,False,2026-08-19T20:44:03.742658+09:00
Driver Value,1000.0,1.0,success,False,2026-08-23T02:54:19.843201+09:00
Driver Vault,20.0,0.0,success,False,2026-08-17T21:36:59.022364+09:00
Driver View,880.0,0.0,success,False,2026-08-19T20:43:28.887944+09:00
Driver Voucher,,,failed,False,2026-08-21T00:35:57.334663+09:00
Driver Wallet,170.0,28.0,success,False,2026-08-27T22:49:35.364614+09:00
Driver Watch,4400.0,87.0,success,False,2026-08-17T20:46:56.962156+09:00
Driver Wave,320.0,0.0,success,False,2026-08-17T20:42:15.711128+09:00
Driver Widget,10.0,,success,False,2026-08-27T23:15:07.984003+09:00
Driver Workbench,,,failed,False,2026-08-18T22:02:56.704517+09:00
Driver Worksheet,10.0,0.0,success,False,2026-08-27T22:12:40.822062+09:00
Driver Zone,40500.0,2.0,success,False,2026-08-17T21:36:30.682605+09:00
Driveway Advisory,,,failed,False,2026-08-21T01:03:27.651766+09:00
Driveway Alert,590.0,100.0,success,False,2026-08-21T00:07:19.615144+09:00
Driveway Allowance,,,failed,False,2026-08-21T02:42:30.088898+09:00
Driveway Analyzer,,,failed,False,2026-08-27T23:52:42.913738+09:00
Driveway Announcement,,,failed,False,2026-08-27T23:32:20.228429+09:00
Driveway Assistant,,,failed,False,2026-08-21T00:05:58.957091+09:00
Driveway Atlas,,,failed,False,2026-08-21T00:05:45.974525+09:00
Driveway Badge,,,failed,False,2026-08-21T00:26:55.838634+09:00
Driveway Base,320.0,92.0,success,False,2026-08-21T00:11:18.069642+09:00
Driveway Bay,,,failed,False,2026-08-21T00:06:57.541230+09:00
Driveway Beacon,,,failed,False,2026-08-21T00:10:31.102119+09:00
Driveway Bill,,,failed,False,2026-08-21T00:09:33.821521+09:00
Driveway Bin,10.0,64.0,success,False,2026-08-21T00:07:26.703840+09:00
Driveway Board,110.0,100.0,success,False,2026-08-21T00:11:27.452285+09:00
Driveway Book,,,failed,False,2026-08-21T00:09:56.547234+09:00
Driveway Booth,,,failed,False,2026-08-21T00:06:48.646021+09:00
Driveway Bridge,260.0,13.0,success,False,2026-08-21T00:10:39.439345+09:00
Driveway Brief,,,failed,False,2026-08-21T01:03:18.814008+09:00
Driveway Bulletin,,,failed,False,2026-08-21T01:03:15.171952+09:00
Driveway Calendar,,,failed,False,2026-08-21T00:06:28.229778+09:00
Driveway Card,,,failed,False,2026-08-21T00:08:09.199254+09:00
Driveway Cascade,,,failed,False,2026-08-21T00:10:37.172281+09:00
Driveway Cash,,,failed,False,2026-08-21T02:25:39.755040+09:00
Driveway Center,10.0,31.0,success,False,2026-08-21T00:11:51.224044+09:00
Driveway Chain,480.0,100.0,success,False,2026-08-21T00:05:29.824761+09:00
Driveway Charge,8100.0,4.0,success,False,2026-08-21T02:42:20.398693+09:00
Driveway Chart,,,failed,False,2026-08-21T00:07:23.788027+09:00
Driveway Check,,,failed,False,2026-08-21T00:08:16.662845+09:00
Driveway Checker,,,failed,False,2026-08-27T23:52:35.044281+09:00
Driveway Circular,2900.0,2.0,success,False,2026-08-21T01:03:23.160959+09:00
Driveway Code,20.0,3.0,success,False,2026-08-21T00:09:42.716549+09:00
Driveway Comparison,,,failed,False,2026-08-28T01:04:31.429165+09:00
Driveway Confirmation,,,failed,False,2026-08-21T01:03:38.520377+09:00
Driveway Console,,,failed,False,2026-08-21T00:12:01.439565+09:00
Driveway Core,,,failed,False,2026-08-21T00:11:21.339663+09:00
Driveway Cost,2400.0,46.0,success,False,2026-08-21T02:08:33.058112+09:00
Driveway Counter,,,failed,False,2026-08-21T00:06:41.845552+09:00
Driveway Deal,,,failed,False,2026-08-21T01:50:54.648591+09:00
Driveway Debt,,,failed,False,2026-08-21T02:25:31.969034+09:00
Driveway Deck,50.0,62.0,success,False,2026-08-21T00:11:31.112963+09:00
Driveway Desk,,,failed,False,2026-08-21T00:10:14.810334+09:00
Driveway Detail,590.0,2.0,success,False,2026-08-23T03:23:40.065475+09:00
Driveway Detector,8100.0,100.0,success,False,2026-08-27T23:52:37.462117+09:00
Driveway Diagram,40.0,0.0,success,False,2026-08-27T22:13:43.125947+09:00
Driveway Directory,,,failed,False,2026-08-21T00:06:31.070365+09:00
Driveway Dossier,,,failed,False,2026-08-21T01:03:43.052088+09:00
Driveway Downpayment,,,failed,False,2026-08-27T21:49:20.358831+09:00
Driveway Draft,,,failed,False,2026-08-21T00:09:02.871951+09:00
Driveway Duty,,,failed,False,2026-08-21T02:42:25.352468+09:00
Driveway Engine,,,failed,False,2026-08-21T00:05:56.272120+09:00
Driveway Entry,880.0,23.0,success,False,2026-08-21T01:03:59.232813+09:00
Driveway Estimate,210.0,59.0,success,False,2026-08-21T00:09:26.936437+09:00
Driveway Estimator,10.0,57.0,success,False,2026-08-27T23:52:32.506891+09:00
Driveway Excerpt,,,failed,False,2026-08-21T01:03:53.377990+09:00
Driveway Fare,,,failed,False,2026-08-21T02:08:41.527197+09:00
Driveway Fee,10.0,7.0,success,False,2026-08-21T01:50:37.837516+09:00
Driveway Feed,,,failed,False,2026-08-21T00:09:00.299581+09:00
Driveway File,,,failed,False,2026-08-21T00:08:45.670716+09:00
Driveway Fine,,,failed,False,2026-08-23T02:57:27.142882+09:00
Driveway Flag,260.0,100.0,success,False,2026-08-21T00:27:53.671746+09:00
Driveway Flow,,,failed,False,2026-08-21T00:10:08.386733+09:00
Driveway Forge,,,failed,False,2026-08-21T00:10:34.597077+09:00
Driveway Form,,,failed,False,2026-08-21T00:08:06.282154+09:00
Driveway Frame,40.0,29.0,success,False,2026-08-21T00:11:15.329507+09:00
Driveway Fund,,,failed,False,2026-08-21T02:25:35.476201+09:00
Driveway Gate,40500.0,100.0,success,False,2026-08-21T00:05:36.511484+09:00
Driveway Grade,,,failed,False,2026-08-21T00:27:32.429911+09:00
Driveway Grid,2400.0,100.0,success,False,2026-08-21T00:10:58.171885+09:00
Driveway Guarantee,,,failed,False,2026-08-28T01:04:40.087199+09:00
Driveway Guardian,10.0,,success,False,2026-08-28T00:23:05.201958+09:00
Driveway Helpdesk,,,failed,False,2026-08-27T22:51:36.322343+09:00
Driveway Helper,20.0,100.0,success,False,2026-08-28T00:23:11.653599+09:00
Driveway History,,,failed,False,2026-08-21T00:08:43.301972+09:00
Driveway Hub,,,failed,False,2026-08-21T00:10:12.835483+09:00
Driveway Identifier,,,failed,False,2026-08-23T13:10:16.613560+09:00
Driveway Inbox,,,failed,False,2026-08-21T00:07:16.411531+09:00
Driveway Index,,,failed,False,2026-08-21T00:09:19.692750+09:00
Driveway Item,,,failed,False,2026-08-21T01:50:51.985309+09:00
Driveway Journal,,,failed,False,2026-08-21T00:06:22.845965+09:00
Driveway Keeper,,,failed,False,2026-08-21T00:05:49.318712+09:00
Driveway Lab,,,failed,False,2026-08-21T00:11:41.126262+09:00
Driveway Label,,,failed,False,2026-08-27T22:13:36.218618+09:00
Driveway Layout,170.0,3.0,success,False,2026-08-27T22:29:26.032496+09:00
Driveway Ledger,,,failed,False,2026-08-21T00:11:23.626216+09:00
Driveway Level,1000.0,83.0,success,False,2026-08-21T00:08:47.899784+09:00
Driveway Line,70.0,22.0,success,False,2026-08-21T00:07:44.849905+09:00
Driveway Link,110.0,0.0,success,False,2026-08-23T03:23:34.197835+09:00
Driveway List,,,failed,False,2026-08-21T00:09:46.713564+09:00
Driveway Loan,110.0,50.0,success,False,2026-08-21T02:08:48.919404+09:00
Driveway Lobby,,,failed,False,2026-08-21T00:07:38.957051+09:00
Driveway Locator,,,failed,False,2026-08-21T00:06:33.457247+09:00
Driveway Locker,10.0,52.0,success,False,2026-08-21T00:06:45.845117+09:00
Driveway Log,,,failed,False,2026-08-21T00:08:03.129328+09:00
Driveway Loop,170.0,17.0,success,False,2026-08-21T00:10:55.494824+09:00
Driveway Manager,10.0,0.0,success,False,2026-08-21T00:05:53.181576+09:00
Driveway Manual,,,failed,False,2026-08-27T22:13:39.158515+09:00
Driveway Map,10.0,1.0,success,False,2026-08-21T00:11:09.626115+09:00
Driveway Margin,,,failed,False,2026-08-23T02:57:24.970560+09:00
Driveway Markup,,,failed,False,2026-08-23T16:39:16.961219+09:00
Driveway Memo,,,failed,False,2026-08-21T00:27:39.908231+09:00
Driveway Monitor,1000.0,100.0,success,False,2026-08-21T00:06:08.424463+09:00
Driveway Nexus,,,failed,False,2026-08-21T00:05:42.702163+09:00
Driveway Note,,,failed,False,2026-08-21T00:08:22.856324+09:00
Driveway Notification,40.0,100.0,success,False,2026-08-27T22:51:29.683445+09:00
Driveway Number,170.0,51.0,success,False,2026-08-23T03:23:29.114948+09:00
Driveway Office,,,failed,False,2026-08-21T00:06:39.076451+09:00
Driveway Ops,,,failed,False,2026-08-21T00:06:15.045348+09:00
Driveway Order,,,failed,False,2026-08-21T00:09:30.468859+09:00
Driveway Outpost,,,failed,False,2026-08-21T00:07:02.641295+09:00
Driveway Overage,,,failed,False,2026-08-27T21:49:18.001663+09:00
Driveway Overdue,,,failed,False,2026-08-27T21:49:11.230615+09:00
Driveway Panel,,,failed,False,2026-08-19T22:41:50.846543+09:00
Driveway Pass,50.0,2.0,success,False,2026-08-21T00:26:43.816315+09:00
Driveway Passport,,,failed,False,2026-08-21T00:07:33.633888+09:00
Driveway Path,170.0,94.0,success,False,2026-08-21T00:11:04.008018+09:00
Driveway Payoff,,,failed,False,2026-08-27T21:49:15.770523+09:00
Driveway Petition,,,failed,False,2026-08-21T01:03:33.238339+09:00
Driveway Plan,320.0,18.0,success,False,2026-08-21T01:51:00.424955+09:00
Driveway Planner,320.0,18.0,success,False,2026-08-21T00:06:02.924923+09:00
Driveway Playbook,,,failed,False,2026-08-21T00:06:19.535864+09:00
Driveway Plaza,,,failed,False,2026-08-21T00:07:05.249232+09:00
Driveway Point,,,failed,False,2026-08-21T00:11:07.276592+09:00
Driveway Portal,,,failed,False,2026-08-21T00:11:58.658369+09:00
Driveway Post,1000.0,100.0,success,False,2026-08-21T00:06:59.654665+09:00
Driveway Preview,,,failed,False,2026-08-28T01:04:34.359127+09:00
Driveway Price,2400.0,46.0,success,False,2026-08-21T02:08:37.852191+09:00
Driveway Profile,40.0,0.0,success,False,2026-08-21T00:08:32.112101+09:00
Driveway Profit,,,failed,False,2026-08-23T02:57:17.363671+09:00
Driveway Proposal,,,failed,False,2026-08-28T01:04:37.386068+09:00
Driveway Quota,,,failed,False,2026-08-21T00:27:48.036654+09:00
Driveway Radar,,,failed,False,2026-08-21T00:10:17.224400+09:00
Driveway Rail,30.0,54.0,success,False,2026-08-21T00:05:23.895920+09:00
Driveway Rate,,,failed,False,2026-08-21T00:08:53.382830+09:00
Driveway Recap,,,failed,False,2026-08-21T01:03:48.837789+09:00
Driveway Receipt,,,failed,False,2026-08-21T00:09:36.388404+09:00
Driveway Recorder,,,failed,False,2026-08-27T23:32:36.959010+09:00
Driveway Register,,,failed,False,2026-08-21T00:06:10.990572+09:00
Driveway Registry,,,failed,False,2026-08-21T00:06:26.162440+09:00
Driveway Relay,,,failed,False,2026-08-21T00:10:20.448306+09:00
Driveway Reminder,,,failed,False,2026-08-21T00:09:15.337380+09:00
Driveway Report,,,failed,False,2026-08-21T00:07:55.712848+09:00
Driveway Ring,30.0,100.0,success,False,2026-08-21T00:05:32.052210+09:00
Driveway Roll,,,failed,False,2026-08-21T00:07:51.744677+09:00
Driveway Route,,,failed,False,2026-08-21T00:05:21.567045+09:00
Driveway Rule,170.0,4.0,success,False,2026-08-23T03:23:37.132752+09:00
Driveway Sale,90.0,24.0,success,False,2026-08-21T02:25:44.046093+09:00
Driveway Sample,,,failed,False,2026-08-21T00:10:01.982446+09:00
Driveway Scale,,,failed,False,2026-08-19T23:13:53.160538+09:00
Driveway Scanner,,,failed,False,2026-08-27T23:52:35.044281+09:00
Driveway Scope,,,failed,False,2026-08-21T00:10:51.522547+09:00
Driveway Score,,,failed,False,2026-08-21T00:08:19.938205+09:00
Driveway Sheet,20.0,100.0,success,False,2026-08-21T00:08:12.228304+09:00
Driveway Shortfall,,,failed,False,2026-08-27T21:49:22.679951+09:00
Driveway Signal,50.0,100.0,success,False,2026-08-21T00:10:41.968767+09:00
Driveway Slip,10.0,33.0,success,False,2026-08-21T00:09:59.655575+09:00
Driveway Slot,,,failed,False,2026-08-21T00:10:04.105660+09:00
Driveway Stake,590.0,100.0,success,False,2026-08-23T02:57:21.827227+09:00
Driveway Statement,,,failed,False,2026-08-21T00:27:15.534212+09:00
Driveway Station,,,failed,False,2026-08-21T00:11:44.764762+09:00
Driveway Status,,,failed,False,2026-08-21T00:08:35.535549+09:00
Driveway Stub,,,failed,False,2026-08-21T00:27:06.966469+09:00
Driveway Studio,10.0,35.0,success,False,2026-08-21T00:11:33.849438+09:00
Driveway Sum,,,failed,False,2026-08-21T02:25:28.596275+09:00
Driveway Summary,,,failed,False,2026-08-21T00:09:06.463923+09:00
Driveway Tab,,,failed,False,2026-08-21T00:28:00.116915+09:00
Driveway Table,,,failed,False,2026-08-21T00:09:53.180945+09:00
Driveway Tag,,,failed,False,2026-08-21T00:08:29.674648+09:00
Driveway Tally,,,failed,False,2026-08-21T00:27:24.500136+09:00
Driveway Tariff,,,failed,False,2026-08-21T02:42:36.894313+09:00
Driveway Tax,1300.0,0.0,success,True,2026-08-21T02:08:44.609671+09:00
Driveway Terminal,,,failed,False,2026-08-21T00:11:47.014910+09:00
Driveway Ticker,,,failed,False,2026-08-21T00:07:41.757493+09:00
Driveway Ticket,10.0,0.0,success,False,2026-08-21T00:09:23.484193+09:00
Driveway Timeline,,,failed,False,2026-08-21T00:09:09.007645+09:00
Driveway Toll,,,failed,False,2026-08-21T02:42:27.655082+09:00
Driveway Toolbox,,,failed,False,2026-08-28T00:23:08.180984+09:00
Driveway Tower,,,failed,False,2026-08-21T00:07:07.636475+09:00
Driveway Tracker,,,failed,False,2026-08-21T00:10:06.230079+09:00
Driveway Trail,,,failed,False,2026-08-21T00:05:26.838977+09:00
Driveway Trend,,,failed,False,2026-08-28T01:04:28.102899+09:00
Driveway Trial,,,failed,False,2026-08-27T21:18:01.606713+09:00
Driveway Unit,,,failed,False,2026-08-21T02:05:48.650139+09:00
Driveway Update,10.0,66.0,success,False,2026-08-21T00:08:56.538180+09:00
Driveway Value,,,failed,False,2026-08-23T02:57:19.456946+09:00
Driveway Vault,,,failed,False,2026-08-21T00:10:23.316441+09:00
Driveway Version,,,failed,False,2026-08-23T03:23:31.641874+09:00
Driveway View,,,failed,False,2026-08-21T00:08:39.923175+09:00
Driveway Watch,,,failed,False,2026-08-21T00:10:48.719546+09:00
Driveway Wave,,,failed,False,2026-08-21T00:11:01.156571+09:00
Driveway Window,,,failed,False,2026-08-21T00:07:47.780593+09:00
Driveway Worksheet,,,failed,False,2026-08-27T22:13:43.125947+09:00
Driveway Yard,10.0,33.0,success,False,2026-08-21T00:06:55.425363+09:00
Driveway Zone,,,failed,False,2026-08-21T00:11:53.848385+09:00
Ductless Advisory,,,failed,False,2026-08-21T01:06:48.856434+09:00
Ductless Alert,,,failed,False,2026-08-19T21:16:27.560091+09:00
Ductless Allowance,,,failed,False,2026-08-21T02:45:09.656384+09:00
Ductless Analyzer,,,failed,False,2026-08-27T23:55:06.367292+09:00
Ductless Asset,,,failed,False,2026-08-23T13:47:35.441000+09:00
Ductless Assistant,,,failed,False,2026-08-19T21:11:04.489546+09:00
Ductless Attribute,,,failed,False,2026-08-23T13:06:33.832553+09:00
Ductless Base,,,failed,False,2026-08-19T21:06:16.769807+09:00
Ductless Beacon,,,failed,False,2026-08-19T21:31:45.728679+09:00
Ductless Bill,,,failed,False,2026-08-19T22:06:32.723316+09:00
Ductless Bin,,,failed,False,2026-08-19T21:16:53.658254+09:00
Ductless Board,,,failed,False,2026-08-19T21:06:47.923280+09:00
Ductless Book,,,failed,False,2026-08-19T22:07:25.606827+09:00
Ductless Bridge,,,failed,False,2026-08-19T21:04:01.717737+09:00
Ductless Brief,,,failed,False,2026-08-21T01:06:36.051415+09:00
Ductless Bulletin,,,failed,False,2026-08-21T01:06:31.516088+09:00
Ductless Calculator,20.0,53.0,success,False,2026-08-27T23:33:53.153275+09:00
Ductless Calendar,,,failed,False,2026-08-19T21:12:53.220290+09:00
Ductless Card,,,failed,False,2026-08-19T21:18:36.412771+09:00
Ductless Cascade,,,failed,False,2026-08-19T21:03:47.017770+09:00
Ductless Cash,,,failed,False,2026-08-21T02:28:50.660826+09:00
Ductless Cashback,,,failed,False,2026-08-27T21:19:56.366947+09:00
Ductless Category,,,failed,False,2026-08-23T13:06:31.775349+09:00
Ductless Center,,,failed,False,2026-08-19T21:07:51.410434+09:00
Ductless Chain,,,failed,False,2026-08-19T21:09:32.906956+09:00
Ductless Charge,,,failed,False,2026-08-21T02:45:01.493449+09:00
Ductless Chart,,,failed,False,2026-08-19T21:16:41.047984+09:00
Ductless Check,,,failed,False,2026-08-19T21:19:03.809657+09:00
Ductless Checker,,,failed,False,2026-08-27T23:54:55.608336+09:00
Ductless Circular,,,failed,False,2026-08-21T01:06:45.397337+09:00
Ductless Code,,,failed,False,2026-08-19T22:06:53.339068+09:00
Ductless Companion,,,failed,False,2026-08-19T21:11:48.091080+09:00
Ductless Comparison,,,failed,False,2026-08-28T01:06:23.726095+09:00
Ductless Compass,,,failed,False,2026-08-19T21:31:35.907614+09:00
Ductless Confirmation,,,failed,False,2026-08-21T01:06:58.606298+09:00
Ductless Console,,,failed,False,2026-08-19T21:08:19.397533+09:00
Ductless Core,,,failed,False,2026-08-19T21:06:30.155036+09:00
Ductless Cost,10.0,100.0,success,False,2026-08-21T02:11:43.167775+09:00
Ductless Count,,,failed,False,2026-08-27T22:46:05.352618+09:00
Ductless Counter,,,failed,False,2026-08-19T21:13:54.945157+09:00
Ductless Coupon,,,failed,False,2026-08-27T21:19:56.366947+09:00
Ductless Deal,,,failed,False,2026-08-21T01:55:08.355431+09:00
Ductless Debt,,,failed,False,2026-08-21T02:28:40.448172+09:00
Ductless Deck,,,failed,False,2026-08-19T21:06:57.837919+09:00
Ductless Desk,,,failed,False,2026-08-19T21:31:05.316836+09:00
Ductless Detail,,,failed,False,2026-08-23T03:16:39.334057+09:00
Ductless Detector,,,failed,False,2026-08-27T23:55:03.182011+09:00
Ductless Diagram,,,failed,False,2026-08-27T22:06:46.717056+09:00
Ductless Directory,20.0,20.0,success,False,2026-08-19T21:13:07.301000+09:00
Ductless Discount,,,failed,False,2026-08-23T16:16:26.754683+09:00
Ductless Dossier,,,failed,False,2026-08-21T01:07:02.843245+09:00
Ductless Downpayment,,,failed,False,2026-08-27T21:45:54.192033+09:00
Ductless Draft,,,failed,False,2026-08-19T21:29:51.150185+09:00
Ductless Duty,,,failed,False,2026-08-21T02:45:04.527835+09:00
Ductless Engine,,,failed,False,2026-08-19T21:10:55.875332+09:00
Ductless Entry,,,failed,False,2026-08-21T01:07:19.627545+09:00
Ductless Estimate,,,failed,False,2026-08-19T21:30:35.144264+09:00
Ductless Estimator,,,failed,False,2026-08-27T23:54:52.993731+09:00
Ductless Excerpt,,,failed,False,2026-08-21T01:07:15.275377+09:00
Ductless Fare,,,failed,False,2026-08-21T02:11:46.716437+09:00
Ductless Fee,,,failed,False,2026-08-21T01:54:44.608475+09:00
Ductless Feed,,,failed,False,2026-08-19T21:29:44.160374+09:00
Ductless Field,,,failed,False,2026-08-23T13:06:36.915804+09:00
Ductless File,,,failed,False,2026-08-19T21:29:16.026683+09:00
Ductless Fine,,,failed,False,2026-08-23T02:52:43.639669+09:00
Ductless Flag,,,failed,False,2026-08-21T00:31:57.081328+09:00
Ductless Flow,,,failed,False,2026-08-19T21:30:49.393699+09:00
Ductless Forge,,,failed,False,2026-08-19T21:03:32.051785+09:00
Ductless Form,,,failed,False,2026-08-19T21:18:26.718972+09:00
Ductless Format,,,failed,False,2026-08-23T13:06:38.895978+09:00
Ductless Frame,,,failed,False,2026-08-19T21:06:06.633142+09:00
Ductless Fund,,,failed,False,2026-08-21T02:28:46.160203+09:00
Ductless Gate,,,failed,False,2026-08-19T21:09:55.427058+09:00
Ductless Giveaway,,,failed,False,2026-08-27T21:20:01.117686+09:00
Ductless Grade,,,failed,False,2026-08-21T00:31:38.357083+09:00
Ductless Grid,,,failed,False,2026-08-19T21:05:05.946905+09:00
Ductless Guarantee,,,failed,False,2026-08-28T01:06:29.246910+09:00
Ductless Guardian,,,failed,False,2026-08-28T00:24:56.382213+09:00
Ductless Harbor,,,failed,False,2026-08-19T21:15:33.096576+09:00
Ductless Helpdesk,,,failed,False,2026-08-27T22:46:08.024081+09:00
Ductless Helper,,,failed,False,2026-08-28T00:24:58.982196+09:00
Ductless History,,,failed,False,2026-08-19T21:29:07.329786+09:00
Ductless Hub,,,failed,False,2026-08-19T21:30:59.491804+09:00
Ductless Identifier,,,failed,False,2026-08-23T13:06:29.194377+09:00
Ductless Inbox,,,failed,False,2026-08-19T21:16:16.247165+09:00
Ductless Incentive,,,failed,False,2026-08-27T21:20:01.117686+09:00
Ductless Index,,,failed,False,2026-08-19T21:30:20.208348+09:00
Ductless Installment,,,failed,False,2026-08-23T16:16:29.053349+09:00
Ductless Item,,,failed,False,2026-08-21T01:54:53.118600+09:00
Ductless Journal,,,failed,False,2026-08-19T21:12:33.528106+09:00
Ductless Keeper,,,failed,False,2026-08-19T21:10:31.479524+09:00
Ductless Kit,10.0,71.0,success,False,2026-08-27T22:46:02.765409+09:00
Ductless Ledger,,,failed,False,2026-08-19T21:06:39.226294+09:00
Ductless Level,,,failed,False,2026-08-19T21:29:24.641827+09:00
Ductless Line,,,failed,False,2026-08-19T21:17:37.116648+09:00
Ductless Link,,,failed,False,2026-08-23T03:16:31.986562+09:00
Ductless List,,,failed,False,2026-08-19T22:07:01.913828+09:00
Ductless Loan,,,failed,False,2026-08-21T02:11:55.079933+09:00
Ductless Locator,,,failed,False,2026-08-19T21:13:19.288024+09:00
Ductless Log,,,failed,False,2026-08-19T21:18:14.475118+09:00
Ductless Loop,,,failed,False,2026-08-19T21:04:53.638566+09:00
Ductless Manager,,,failed,False,2026-08-19T21:10:42.484655+09:00
Ductless Manual,,,failed,False,2026-08-27T22:06:37.910338+09:00
Ductless Map,,,failed,False,2026-08-19T21:05:54.912887+09:00
Ductless Margin,,,failed,False,2026-08-23T02:52:39.945062+09:00
Ductless Markup,,,failed,False,2026-08-23T16:40:11.516867+09:00
Ductless Memo,,,failed,False,2026-08-21T00:31:43.518986+09:00
Ductless Monitor,,,failed,False,2026-08-19T21:11:37.631930+09:00
Ductless Note,,,failed,False,2026-08-19T21:19:25.343582+09:00
Ductless Notification,,,failed,False,2026-08-27T22:45:58.509654+09:00
Ductless Number,,,failed,False,2026-08-23T03:16:23.757716+09:00
Ductless Ops,,,failed,False,2026-08-19T21:12:12.315865+09:00
Ductless Order,,,failed,False,2026-08-19T22:06:22.029176+09:00
Ductless Overdue,,,failed,False,2026-08-27T21:50:56.215822+09:00
Ductless Panel,,,failed,False,2026-08-19T21:08:31.191170+09:00
Ductless Pass,,,failed,False,2026-08-21T00:31:01.051294+09:00
Ductless Path,,,failed,False,2026-08-19T21:05:28.660617+09:00
Ductless Payoff,,,failed,False,2026-08-27T21:50:58.340520+09:00
Ductless Petition,,,failed,False,2026-08-21T01:06:53.303863+09:00
Ductless Plan,,,failed,False,2026-08-21T01:55:03.003035+09:00
Ductless Planner,,,failed,False,2026-08-19T21:11:14.866023+09:00
Ductless Playbook,,,failed,False,2026-08-19T21:12:24.209579+09:00
Ductless Plaza,,,failed,False,2026-08-19T21:15:22.705045+09:00
Ductless Point,,,failed,False,2026-08-19T21:05:41.663242+09:00
Ductless Portal,,,failed,False,2026-08-19T21:08:09.987838+09:00
Ductless Post,,,failed,False,2026-08-19T21:15:00.223476+09:00
Ductless Preview,,,failed,False,2026-08-28T01:06:26.504545+09:00
Ductless Profile,,,failed,False,2026-08-19T21:19:50.890463+09:00
Ductless Profit,,,failed,False,2026-08-23T02:52:33.355566+09:00
Ductless Proposal,,,failed,False,2026-08-28T01:06:26.504545+09:00
Ductless Quota,,,failed,False,2026-08-21T00:31:52.807063+09:00
Ductless Radar,,,failed,False,2026-08-19T21:31:12.885816+09:00
Ductless Rail,,,failed,False,2026-08-19T21:09:04.357233+09:00
Ductless Rate,,,failed,False,2026-08-19T21:29:28.610068+09:00
Ductless Recap,,,failed,False,2026-08-21T01:07:09.616987+09:00
Ductless Receipt,,,failed,False,2026-08-19T22:06:41.403506+09:00
Ductless Register,,,failed,False,2026-08-19T21:11:59.918866+09:00
Ductless Relay,,,failed,False,2026-08-19T21:31:19.157381+09:00
Ductless Reminder,,,failed,False,2026-08-19T21:30:14.177717+09:00
Ductless Report,,,failed,False,2026-08-19T21:18:03.656517+09:00
Ductless Result,,,failed,False,2026-08-28T00:47:45.290833+09:00
Ductless Ring,,,failed,False,2026-08-19T21:09:44.414904+09:00
Ductless Roster,,,failed,False,2026-08-19T21:16:06.341907+09:00
Ductless Route,,,failed,False,2026-08-19T21:08:54.298412+09:00
Ductless Rule,,,failed,False,2026-08-23T03:16:36.835162+09:00
Ductless Sale,,,failed,False,2026-08-21T02:28:50.660826+09:00
Ductless Scale,,,failed,False,2026-08-19T21:08:42.108199+09:00
Ductless Scanner,,,failed,False,2026-08-27T23:54:58.395846+09:00
Ductless Scheduler,,,failed,False,2026-08-19T21:11:25.521014+09:00
Ductless Schematic,,,failed,False,2026-08-27T22:28:39.838514+09:00
Ductless Scope,,,failed,False,2026-08-19T21:04:40.695118+09:00
Ductless Score,,,failed,False,2026-08-19T21:19:14.051362+09:00
Ductless Serial,,,failed,False,2026-08-23T13:27:43.093757+09:00
Ductless Sheet,,,failed,False,2026-08-19T21:18:48.274039+09:00
Ductless Shelf,,,failed,False,2026-08-19T21:15:56.084621+09:00
Ductless Signal,,,failed,False,2026-08-19T21:04:13.651960+09:00
Ductless Slip,,,failed,False,2026-08-19T22:07:37.028999+09:00
Ductless Slot,,,failed,False,2026-08-19T21:46:03.788347+09:00
Ductless Stake,,,failed,False,2026-08-23T02:52:37.533661+09:00
Ductless Statement,,,failed,False,2026-08-21T00:31:22.902026+09:00
Ductless Station,,,failed,False,2026-08-19T21:07:31.125995+09:00
Ductless Status,,,failed,False,2026-08-19T21:20:03.565098+09:00
Ductless Subsidy,,,failed,False,2026-08-23T15:52:31.168291+09:00
Ductless Sum,,,failed,False,2026-08-21T02:28:36.980709+09:00
Ductless Summary,,,failed,False,2026-08-19T21:29:57.691182+09:00
Ductless Table,,,failed,False,2026-08-19T22:07:18.055706+09:00
Ductless Tag,,,failed,False,2026-08-19T21:19:39.587475+09:00
Ductless Tally,,,failed,False,2026-08-21T00:31:30.142352+09:00
Ductless Tariff,,,failed,False,2026-08-21T02:45:13.542612+09:00
Ductless Tax,,,failed,False,2026-08-21T02:11:50.760630+09:00
Ductless Terminal,,,failed,False,2026-08-19T21:07:40.402937+09:00
Ductless Ticker,,,failed,False,2026-08-19T21:17:29.124164+09:00
Ductless Ticket,,,failed,False,2026-08-19T21:30:26.736781+09:00
Ductless Tier,,,failed,False,2026-08-28T00:47:48.349607+09:00
Ductless Timeline,,,failed,False,2026-08-19T21:30:05.370784+09:00
Ductless Timer,,,failed,False,2026-08-28T00:24:51.336275+09:00
Ductless Toll,,,failed,False,2026-08-21T02:45:09.656384+09:00
Ductless Toolbox,,,failed,False,2026-08-28T00:24:56.382213+09:00
Ductless Tower,,,failed,False,2026-08-19T21:15:44.600624+09:00
Ductless Tracker,,,failed,False,2026-08-19T21:30:40.784781+09:00
Ductless Trail,,,failed,False,2026-08-19T21:09:18.934477+09:00
Ductless Trend,,,failed,False,2026-08-28T01:06:21.038746+09:00
Ductless Trial,,,failed,False,2026-08-27T21:19:58.870068+09:00
Ductless Unit,390.0,100.0,success,False,2026-08-21T01:54:58.367500+09:00
Ductless Update,,,failed,False,2026-08-19T21:29:36.124531+09:00
Ductless Value,,,failed,False,2026-08-23T02:52:35.436753+09:00
Ductless Vault,,,failed,False,2026-08-19T21:31:27.001536+09:00
Ductless Version,,,failed,False,2026-08-23T03:16:26.068243+09:00
Ductless View,,,failed,False,2026-08-19T21:29:00.879622+09:00
Ductless Voucher,,,failed,False,2026-08-21T00:31:05.602481+09:00
Ductless Watch,,,failed,False,2026-08-19T21:04:27.192873+09:00
Ductless Wave,,,failed,False,2026-08-19T21:05:15.949286+09:00
Ductless Worksheet,,,failed,False,2026-08-27T22:06:42.047958+09:00
Ductless Workshop,,,failed,False,2026-08-28T00:24:53.833495+09:00
Ductless Zone,,,failed,False,2026-08-19T21:08:00.939328+09:00
Ductwork Advance,,,failed,False,2026-08-23T16:17:06.545040+09:00
Ductwork Advisory,,,failed,False,2026-08-21T01:04:52.081586+09:00
Ductwork Allowance,,,failed,False,2026-08-21T02:43:44.053859+09:00
Ductwork Almanac,,,failed,False,2026-08-18T23:50:51.021590+09:00
Ductwork Analyzer,,,failed,False,2026-08-27T23:51:48.203996+09:00
Ductwork Anchor,,,failed,False,2026-08-18T22:04:23.726026+09:00
Ductwork Arrears,,,failed,False,2026-08-23T16:17:06.545040+09:00
Ductwork Asset,,,failed,False,2026-08-23T13:48:27.768488+09:00
Ductwork Assistant,,,failed,False,2026-08-18T22:10:53.801114+09:00
Ductwork Atlas,,,failed,False,2026-08-18T22:10:04.357387+09:00
Ductwork Attribute,,,failed,False,2026-08-23T13:09:25.406302+09:00
Ductwork Balance,,,failed,False,2026-08-23T13:48:23.745553+09:00
Ductwork Base,,,failed,False,2026-08-18T22:06:35.395449+09:00
Ductwork Beacon,,,failed,False,2026-08-18T22:03:30.222566+09:00
Ductwork Bill,,,failed,False,2026-08-19T21:54:10.446339+09:00
Ductwork Blueprint,20.0,0.0,success,False,2026-08-18T23:50:51.021590+09:00
Ductwork Board,6600.0,98.0,success,False,2026-08-18T22:07:01.170489+09:00
Ductwork Book,20.0,99.0,success,False,2026-08-19T21:55:03.832007+09:00
Ductwork Bridge,,,failed,False,2026-08-18T22:04:12.568895+09:00
Ductwork Brief,,,failed,False,2026-08-21T01:04:41.877436+09:00
Ductwork Bulletin,,,failed,False,2026-08-21T01:04:44.330584+09:00
Ductwork Calculator,8100.0,5.0,success,False,2026-08-27T23:32:06.818889+09:00
Ductwork Calendar,,,failed,False,2026-08-18T23:58:46.816942+09:00
Ductwork Card,,,failed,False,2026-08-19T13:42:30.376897+09:00
Ductwork Cascade,,,failed,False,2026-08-18T22:04:00.845205+09:00
Ductwork Cash,,,failed,False,2026-08-21T02:28:22.675348+09:00
Ductwork Cashback,,,failed,False,2026-08-26T22:29:12.332951+09:00
Ductwork Catalog,50.0,32.0,success,False,2026-08-19T21:10:44.368255+09:00
Ductwork Category,,,failed,False,2026-08-23T13:09:22.371145+09:00
Ductwork Center,,,failed,False,2026-08-18T22:07:49.432223+09:00
Ductwork Chain,,,failed,False,2026-08-18T22:09:25.652147+09:00
Ductwork Charge,,,failed,False,2026-08-21T02:43:35.121601+09:00
Ductwork Check,,,failed,False,2026-08-19T13:21:04.898366+09:00
Ductwork Checker,,,failed,False,2026-08-27T23:51:38.023281+09:00
Ductwork Checklist,,,failed,False,2026-08-19T21:09:46.410901+09:00
Ductwork Circular,10.0,33.0,success,False,2026-08-21T01:04:56.218179+09:00
Ductwork Cockpit,,,failed,False,2026-08-18T22:11:49.715981+09:00
Ductwork Code,20.0,0.0,success,False,2026-08-19T21:54:34.064665+09:00
Ductwork Codex,,,failed,False,2026-08-18T23:50:51.021590+09:00
Ductwork Companion,,,failed,False,2026-08-18T22:12:15.534077+09:00
Ductwork Compass,,,failed,False,2026-08-18T22:03:18.976552+09:00
Ductwork Compendium,,,failed,False,2026-08-18T23:50:51.021590+09:00
Ductwork Confirmation,,,failed,False,2026-08-21T01:05:20.057524+09:00
Ductwork Console,,,failed,False,2026-08-18T22:08:12.988621+09:00
Ductwork Contribution,,,failed,False,2026-08-23T16:17:04.207592+09:00
Ductwork Converter,,,failed,False,2026-08-27T23:32:06.818889+09:00
Ductwork Copayment,,,failed,False,2026-08-23T16:40:21.439904+09:00
Ductwork Core,,,failed,False,2026-08-18T22:06:43.515975+09:00
Ductwork Cost,590.0,70.0,success,False,2026-08-21T02:12:27.062318+09:00
Ductwork Count,,,failed,False,2026-08-27T22:44:43.447057+09:00
Ductwork Counter,,,failed,False,2026-08-18T23:59:40.785220+09:00
Ductwork Coupon,,,failed,False,2026-08-27T21:20:01.117686+09:00
Ductwork Dashboard,,,failed,False,2026-08-18T22:11:59.574853+09:00
Ductwork Deal,,,failed,False,2026-08-21T01:56:56.625625+09:00
Ductwork Debt,,,failed,False,2026-08-21T02:28:15.974883+09:00
Ductwork Deck,,,failed,False,2026-08-18T22:07:07.445674+09:00
Ductwork Depot,,,failed,False,2026-08-18T23:59:20.806892+09:00
Ductwork Desk,,,failed,False,2026-08-18T22:02:38.118746+09:00
Ductwork Detail,,,failed,False,2026-08-23T03:23:15.682212+09:00
Ductwork Detector,,,failed,False,2026-08-27T23:51:48.203996+09:00
Ductwork Diagram,260.0,1.0,success,False,2026-08-27T22:06:51.467328+09:00
Ductwork Dial,,,failed,False,2026-08-18T22:08:28.742242+09:00
Ductwork Digest,,,failed,False,2026-08-19T20:40:08.745376+09:00
Ductwork Directory,,,failed,False,2026-08-18T23:58:54.171473+09:00
Ductwork Discount,,,failed,False,2026-08-23T16:17:00.383036+09:00
Ductwork Dock,,,failed,False,2026-08-18T22:09:01.069434+09:00
Ductwork Dossier,,,failed,False,2026-08-21T01:05:25.449789+09:00
Ductwork Downpayment,,,failed,False,2026-08-27T21:45:56.763524+09:00
Ductwork Draft,,,failed,False,2026-08-19T20:40:26.363458+09:00
Ductwork Due,,,failed,False,2026-08-23T15:53:03.221395+09:00
Ductwork Duty,,,failed,False,2026-08-21T02:43:37.252901+09:00
Ductwork Engine,,,failed,False,2026-08-18T22:10:43.266214+09:00
Ductwork Entry,,,failed,False,2026-08-21T01:05:43.113119+09:00
Ductwork Estimate,70.0,57.0,success,False,2026-08-19T21:10:33.360879+09:00
Ductwork Estimator,90.0,65.0,success,False,2026-08-27T23:51:35.408395+09:00
Ductwork Excerpt,,,failed,False,2026-08-21T01:05:32.279989+09:00
Ductwork Fare,,,failed,False,2026-08-21T02:12:31.205964+09:00
Ductwork Fee,,,failed,False,2026-08-21T01:56:46.597919+09:00
Ductwork Feed,,,failed,False,2026-08-19T20:40:17.061535+09:00
Ductwork Field,,,failed,False,2026-08-23T13:09:27.676904+09:00
Ductwork File,,,failed,False,2026-08-19T20:39:35.461909+09:00
Ductwork Finder,,,failed,False,2026-08-18T23:59:11.751475+09:00
Ductwork Fine,,,failed,False,2026-08-23T02:57:40.926366+09:00
Ductwork Flag,,,failed,False,2026-08-21T00:32:26.715092+09:00
Ductwork Flow,,,failed,False,2026-08-18T23:50:51.021590+09:00
Ductwork Forge,,,failed,False,2026-08-18T22:03:51.381490+09:00
Ductwork Form,,,failed,False,2026-08-19T13:42:19.343176+09:00
Ductwork Format,,,failed,False,2026-08-23T13:09:30.268446+09:00
Ductwork Frame,,,failed,False,2026-08-18T22:06:25.984558+09:00
Ductwork Fund,,,failed,False,2026-08-21T02:28:18.996082+09:00
Ductwork Gate,,,failed,False,2026-08-18T22:09:49.300650+09:00
Ductwork Giveaway,,,failed,False,2026-08-27T21:12:46.088803+09:00
Ductwork Grade,,,failed,False,2026-08-21T00:32:06.767489+09:00
Ductwork Grid,,,failed,False,2026-08-18T22:05:13.758359+09:00
Ductwork Guarantee,,,failed,False,2026-08-28T01:02:39.668408+09:00
Ductwork Guard,,,failed,False,2026-08-18T23:50:51.021590+09:00
Ductwork Guidebook,,,failed,False,2026-08-18T23:50:51.021590+09:00
Ductwork Helpdesk,,,failed,False,2026-08-27T22:44:43.447057+09:00
Ductwork Helper,,,failed,False,2026-08-28T00:22:01.777271+09:00
Ductwork History,,,failed,False,2026-08-19T20:39:26.869721+09:00
Ductwork Hotline,,,failed,False,2026-08-19T21:10:58.611553+09:00
Ductwork Hub,,,failed,False,2026-08-18T23:50:51.021590+09:00
Ductwork Identifier,,,failed,False,2026-08-23T13:09:19.095608+09:00
Ductwork Incentive,,,failed,False,2026-08-26T22:29:25.643786+09:00
Ductwork Index,,,failed,False,2026-08-19T21:09:59.006110+09:00
Ductwork Insight,,,failed,False,2026-08-18T22:11:34.911588+09:00
Ductwork Installment,,,failed,False,2026-08-23T16:17:00.383036+09:00
Ductwork Item,,,failed,False,2026-08-21T01:56:48.479807+09:00
Ductwork Journal,,,failed,False,2026-08-18T23:50:51.021590+09:00
Ductwork Keeper,,,failed,False,2026-08-18T22:10:18.505365+09:00
Ductwork Kit,,,failed,False,2026-08-27T22:44:35.371350+09:00
Ductwork Lab,,,failed,False,2026-08-18T22:07:26.351718+09:00
Ductwork Label,,,failed,False,2026-08-27T22:06:37.910338+09:00
Ductwork Ledger,,,failed,False,2026-08-18T22:06:52.142585+09:00
Ductwork Lens,,,failed,False,2026-08-18T22:06:16.619003+09:00
Ductwork Level,,,failed,False,2026-08-19T20:39:43.818952+09:00
Ductwork Link,,,failed,False,2026-08-23T03:23:07.645674+09:00
Ductwork List,,,failed,False,2026-08-19T21:54:42.461641+09:00
Ductwork Loan,,,failed,False,2026-08-21T02:12:39.261551+09:00
Ductwork Locator,,,failed,False,2026-08-18T23:59:02.629298+09:00
Ductwork Lock,,,failed,False,2026-08-18T22:05:57.658157+09:00
Ductwork Log,,,failed,False,2026-08-19T13:42:06.803998+09:00
Ductwork Loop,,,failed,False,2026-08-18T22:05:06.428384+09:00
Ductwork Manager,,,failed,False,2026-08-18T22:10:27.962314+09:00
Ductwork Manual,,,failed,False,2026-08-27T22:06:42.047958+09:00
Ductwork Map,,,failed,False,2026-08-18T22:06:05.649081+09:00
Ductwork Margin,,,failed,False,2026-08-23T02:57:38.722026+09:00
Ductwork Markup,,,failed,False,2026-08-23T16:40:21.439904+09:00
Ductwork Memo,,,failed,False,2026-08-21T00:32:13.850788+09:00
Ductwork Meter,,,failed,False,2026-08-18T22:08:34.595424+09:00
Ductwork Metrics,,,failed,False,2026-08-18T22:11:41.345427+09:00
Ductwork Monitor,,,failed,False,2026-08-18T22:11:24.179554+09:00
Ductwork Navigator,,,failed,False,2026-08-18T22:12:08.779533+09:00
Ductwork Nexus,,,failed,False,2026-08-18T22:09:58.381010+09:00
Ductwork Node,,,failed,False,2026-08-18T22:09:39.839296+09:00
Ductwork Note,,,failed,False,2026-08-19T13:21:55.310171+09:00
Ductwork Notification,,,failed,False,2026-08-27T22:44:33.124302+09:00
Ductwork Number,,,failed,False,2026-08-23T03:23:00.689817+09:00
Ductwork Office,,,failed,False,2026-08-18T23:59:30.074918+09:00
Ductwork Ops,,,failed,False,2026-08-18T23:50:51.021590+09:00
Ductwork Order,,,failed,False,2026-08-19T21:53:57.995655+09:00
Ductwork Organizer,,,failed,False,2026-08-18T22:11:16.114719+09:00
Ductwork Overdue,,,failed,False,2026-08-27T21:45:54.192033+09:00
Ductwork Panel,,,failed,False,2026-08-18T22:08:19.564377+09:00
Ductwork Path,,,failed,False,2026-08-18T22:05:40.235062+09:00
Ductwork Payoff,,,failed,False,2026-08-27T21:45:54.192033+09:00
Ductwork Penalty,,,failed,False,2026-08-23T16:40:21.439904+09:00
Ductwork Petition,,,failed,False,2026-08-21T01:05:08.043022+09:00
Ductwork Pilot,,,failed,False,2026-08-18T21:11:26.018001+09:00
Ductwork Plan,260.0,6.0,success,False,2026-08-21T01:56:55.992066+09:00
Ductwork Planner,260.0,6.0,success,False,2026-08-18T22:10:59.912583+09:00
Ductwork Playbook,,,failed,False,2026-08-18T23:50:52.980316+09:00
Ductwork Point,,,failed,False,2026-08-18T22:05:50.321080+09:00
Ductwork Portal,,,failed,False,2026-08-18T22:08:04.928972+09:00
Ductwork Profile,,,failed,False,2026-08-19T13:22:59.111226+09:00
Ductwork Profit,,,failed,False,2026-08-23T02:57:34.451765+09:00
Ductwork Proposal,,,failed,False,2026-08-28T01:02:39.668408+09:00
Ductwork Pulse,,,failed,False,2026-08-18T22:05:23.943754+09:00
Ductwork Queue,,,failed,False,2026-08-19T21:10:23.160245+09:00
Ductwork Quota,,,failed,False,2026-08-21T00:32:18.028421+09:00
Ductwork Radar,,,failed,False,2026-08-18T22:02:46.582498+09:00
Ductwork Rail,,,failed,False,2026-08-18T22:09:09.487365+09:00
Ductwork Rate,,,failed,False,2026-08-19T20:39:50.711958+09:00
Ductwork Recap,,,failed,False,2026-08-21T01:05:29.532542+09:00
Ductwork Receipt,,,failed,False,2026-08-19T21:54:19.584048+09:00
Ductwork Recorder,,,failed,False,2026-08-27T23:32:20.228429+09:00
Ductwork Register,880.0,100.0,success,False,2026-08-18T22:12:21.706710+09:00
Ductwork Registry,,,failed,False,2026-08-18T23:50:52.980316+09:00
Ductwork Relay,,,failed,False,2026-08-18T22:02:56.704517+09:00
Ductwork Reminder,,,failed,False,2026-08-19T21:09:32.906956+09:00
Ductwork Report,,,failed,False,2026-08-19T13:41:55.083304+09:00
Ductwork Ring,,,failed,False,2026-08-18T22:09:32.067298+09:00
Ductwork Roadmap,,,failed,False,2026-08-18T23:50:52.980316+09:00
Ductwork Roster,,,failed,False,2026-08-19T00:37:59.032888+09:00
Ductwork Route,,,failed,False,2026-08-18T22:08:52.301038+09:00
Ductwork Rule,,,failed,False,2026-08-23T03:23:11.854221+09:00
Ductwork Sale,20.0,100.0,success,False,2026-08-21T02:28:25.181498+09:00
Ductwork Sample,,,failed,False,2026-08-19T21:55:20.954175+09:00
Ductwork Scale,,,failed,False,2026-08-18T22:08:43.049836+09:00
Ductwork Scheduler,,,failed,False,2026-08-18T22:11:07.698009+09:00
Ductwork Schematic,20.0,2.0,success,False,2026-08-27T22:28:37.219396+09:00
Ductwork Scope,,,failed,False,2026-08-18T22:04:53.198463+09:00
Ductwork Score,,,failed,False,2026-08-19T13:21:44.122863+09:00
Ductwork Sentry,,,failed,False,2026-08-18T22:10:12.310168+09:00
Ductwork Serial,,,failed,False,2026-08-23T13:28:13.588297+09:00
Ductwork Sheet,,,failed,False,2026-08-19T13:20:50.883072+09:00
Ductwork Signal,,,failed,False,2026-08-18T22:04:34.092675+09:00
Ductwork Slip,,,failed,False,2026-08-19T21:55:12.102159+09:00
Ductwork Slot,,,failed,False,2026-08-19T21:55:31.155886+09:00
Ductwork Snapshot,,,failed,False,2026-08-18T23:50:52.980316+09:00
Ductwork Stake,,,failed,False,2026-08-23T02:57:38.722026+09:00
Ductwork Stamp,,,failed,False,2026-08-23T13:28:15.741943+09:00
Ductwork Statement,,,failed,False,2026-08-21T00:31:54.895534+09:00
Ductwork Station,,,failed,False,2026-08-18T22:07:33.444344+09:00
Ductwork Status,,,failed,False,2026-08-19T20:39:09.333161+09:00
Ductwork Studio,,,failed,False,2026-08-18T22:07:16.682645+09:00
Ductwork Subsidy,,,failed,False,2026-08-23T15:53:05.427640+09:00
Ductwork Suite,,,failed,False,2026-08-18T22:10:34.249457+09:00
Ductwork Sum,,,failed,False,2026-08-21T02:28:12.321639+09:00
Ductwork Summary,,,failed,False,2026-08-19T21:09:08.250321+09:00
Ductwork Sync,,,failed,False,2026-08-18T23:50:52.980316+09:00
Ductwork Tab,,,failed,False,2026-08-21T00:32:31.934653+09:00
Ductwork Table,,,failed,False,2026-08-19T21:54:53.460475+09:00
Ductwork Tag,,,failed,False,2026-08-19T13:22:09.591180+09:00
Ductwork Tally,,,failed,False,2026-08-21T00:32:00.759395+09:00
Ductwork Tariff,,,failed,False,2026-08-21T02:43:47.739499+09:00
Ductwork Tax,,,failed,False,2026-08-21T02:12:35.738319+09:00
Ductwork Terminal,,,failed,False,2026-08-18T22:07:40.431986+09:00
Ductwork Ticket,,,failed,False,2026-08-19T21:10:13.375829+09:00
Ductwork Timeline,,,failed,False,2026-08-19T21:09:22.382807+09:00
Ductwork Token,,,failed,False,2026-08-23T13:28:15.741943+09:00
Ductwork Toll,,,failed,False,2026-08-21T02:43:40.530663+09:00
Ductwork Toolbox,,,failed,False,2026-08-28T00:22:01.777271+09:00
Ductwork Toolkit,,,failed,False,2026-08-18T23:50:52.980316+09:00
Ductwork Tracker,,,failed,False,2026-08-18T23:50:52.980316+09:00
Ductwork Trail,,,failed,False,2026-08-18T22:09:17.362565+09:00
Ductwork Trial,,,failed,False,2026-08-26T22:29:12.332951+09:00
Ductwork Unit,,,failed,False,2026-08-21T01:56:51.063242+09:00
Ductwork Update,,,failed,False,2026-08-19T20:39:59.254826+09:00
Ductwork Value,,,failed,False,2026-08-23T02:57:36.512424+09:00
Ductwork Vault,,,failed,False,2026-08-18T22:03:07.731550+09:00
Ductwork Version,,,failed,False,2026-08-23T03:23:04.042146+09:00
Ductwork View,,,failed,False,2026-08-19T20:39:18.061361+09:00
Ductwork Watch,,,failed,False,2026-08-18T22:04:42.771017+09:00
Ductwork Wave,,,failed,False,2026-08-18T22:05:32.001911+09:00
Ductwork Widget,,,failed,False,2026-08-27T23:10:19.958354+09:00
Ductwork Workbench,,,failed,False,2026-08-18T23:50:52.980316+09:00
Ductwork Worksheet,,,failed,False,2026-08-27T22:06:46.717056+09:00
Ductwork Workshop,,,failed,False,2026-08-28T00:21:55.786008+09:00
Ductwork Zone,,,failed,False,2026-08-18T22:07:55.686998+09:00
Duplication Advisory,,,failed,False,2026-08-21T01:01:51.697457+09:00
Duplication Allowance,,,failed,False,2026-08-21T02:41:05.925111+09:00
Duplication Almanac,,,failed,False,2026-08-18T23:50:52.980316+09:00
Duplication Analyzer,,,failed,False,2026-08-27T23:52:45.278124+09:00
Duplication Anchor,,,failed,False,2026-08-18T22:02:40.368007+09:00
Duplication Announcement,,,failed,False,2026-08-27T23:32:49.894310+09:00
Duplication Assistant,,,failed,False,2026-08-18T22:09:44.783040+09:00
Duplication Atlas,,,failed,False,2026-08-18T22:08:54.791738+09:00
Duplication Attribute,,,failed,False,2026-08-23T13:08:15.174863+09:00
Duplication Badge,110.0,34.0,success,False,2026-08-21T00:36:33.618056+09:00
Duplication Base,,,failed,False,2026-08-18T22:05:17.781482+09:00
Duplication Beacon,,,failed,False,2026-08-18T23:50:52.980316+09:00
Duplication Bill,,,failed,False,2026-08-19T22:01:08.341225+09:00
Duplication Blueprint,,,failed,False,2026-08-18T23:50:52.980316+09:00
Duplication Board,,,failed,False,2026-08-18T22:05:44.090365+09:00
Duplication Book,1900.0,100.0,success,False,2026-08-19T22:01:59.739197+09:00
Duplication Bridge,,,failed,False,2026-08-18T22:02:28.338577+09:00
Duplication Brief,,,failed,False,2026-08-21T00:59:17.321844+09:00
Duplication Bulletin,,,failed,False,2026-08-21T00:59:12.932532+09:00
Duplication Calculator,,,failed,False,2026-08-27T23:32:54.562632+09:00
Duplication Calendar,,,failed,False,2026-08-19T00:00:54.845309+09:00
Duplication Card,,,failed,False,2026-08-19T13:42:19.343176+09:00
Duplication Cascade,,,failed,False,2026-08-18T23:50:52.980316+09:00
Duplication Cash,,,failed,False,2026-08-21T02:25:06.190150+09:00
Duplication Cashback,,,failed,False,2026-08-27T21:19:56.366947+09:00
Duplication Catalog,,,failed,False,2026-08-19T21:16:32.174515+09:00
Duplication Category,,,failed,False,2026-08-23T13:08:12.908274+09:00
Duplication Center,40.0,18.0,success,False,2026-08-18T22:06:37.464016+09:00
Duplication Chain,,,failed,False,2026-08-18T22:08:15.553962+09:00
Duplication Charge,,,failed,False,2026-08-21T02:40:49.577434+09:00
Duplication Check,12100.0,28.0,success,False,2026-08-19T13:20:54.330811+09:00
Duplication Checker,12100.0,28.0,success,False,2026-08-27T23:52:35.044281+09:00
Duplication Checklist,,,failed,False,2026-08-19T21:15:38.736251+09:00
Duplication Circular,,,failed,False,2026-08-21T00:59:30.115655+09:00
Duplication Cockpit,,,failed,False,2026-08-18T22:10:38.085042+09:00
Duplication Code,480.0,2.0,success,False,2026-08-19T22:01:27.807092+09:00
Duplication Codex,,,failed,False,2026-08-18T23:50:52.980316+09:00
Duplication Companion,,,failed,False,2026-08-18T22:11:03.707718+09:00
Duplication Comparison,,,failed,False,2026-08-28T01:03:45.781044+09:00
Duplication Compass,,,failed,False,2026-08-18T23:50:52.980316+09:00
Duplication Compendium,,,failed,False,2026-08-18T23:50:52.980316+09:00
Duplication Confirmation,,,failed,False,2026-08-21T00:59:40.549783+09:00
Duplication Console,,,failed,False,2026-08-18T22:07:03.148226+09:00
Duplication Core,,,failed,False,2026-08-18T22:05:25.774321+09:00
Duplication Cost,20.0,4.0,success,False,2026-08-21T02:09:05.168889+09:00
Duplication Count,,,failed,False,2026-08-27T22:44:57.466905+09:00
Duplication Counter,,,failed,False,2026-08-19T00:01:40.731758+09:00
Duplication Coupon,,,failed,False,2026-08-27T21:19:54.141367+09:00
Duplication Dashboard,,,failed,False,2026-08-18T22:10:48.955418+09:00
Duplication Deal,,,failed,False,2026-08-21T02:05:48.650139+09:00
Duplication Debt,,,failed,False,2026-08-21T02:25:01.097647+09:00
Duplication Deck,,,failed,False,2026-08-18T22:05:52.087342+09:00
Duplication Depot,20.0,8.0,success,False,2026-08-19T00:01:28.091265+09:00
Duplication Desk,,,failed,False,2026-08-18T23:50:52.980316+09:00
Duplication Detail,,,failed,False,2026-08-23T03:20:46.771409+09:00
Duplication Detector,480.0,6.0,success,False,2026-08-27T23:52:42.913738+09:00
Duplication Diagram,90.0,0.0,success,False,2026-08-27T22:06:37.910338+09:00
Duplication Dial,,,failed,False,2026-08-18T22:07:18.676319+09:00
Duplication Digest,,,failed,False,2026-08-19T20:42:12.538195+09:00
Duplication Directory,,,failed,False,2026-08-19T00:01:01.996823+09:00
Duplication Discount,,,failed,False,2026-08-23T16:16:43.466007+09:00
Duplication Dock,,,failed,False,2026-08-18T22:07:51.533580+09:00
Duplication Dossier,,,failed,False,2026-08-21T00:59:46.357323+09:00
Duplication Downpayment,,,failed,False,2026-08-27T21:50:58.340520+09:00
Duplication Draft,,,failed,False,2026-08-19T20:42:25.910879+09:00
Duplication Due,,,failed,False,2026-08-23T15:52:48.928193+09:00
Duplication Duty,,,failed,False,2026-08-21T02:40:59.157491+09:00
Duplication Engine,,,failed,False,2026-08-18T22:09:35.906732+09:00
Duplication Entry,,,failed,False,2026-08-21T00:59:56.543467+09:00
Duplication Estimate,,,failed,False,2026-08-19T21:16:21.953049+09:00
Duplication Estimator,,,failed,False,2026-08-27T23:52:32.506891+09:00
Duplication Excerpt,,,failed,False,2026-08-21T01:02:50.394287+09:00
Duplication Fare,,,failed,False,2026-08-21T02:09:08.901398+09:00
Duplication Fee,,,failed,False,2026-08-21T01:52:12.646112+09:00
Duplication Feed,,,failed,False,2026-08-19T20:42:19.980728+09:00
Duplication Field,,,failed,False,2026-08-23T13:08:17.193422+09:00
Duplication File,1900.0,12.0,success,False,2026-08-19T20:41:43.197527+09:00
Duplication Finder,6600.0,7.0,success,False,2026-08-19T00:01:18.833283+09:00
Duplication Fine,,,failed,False,2026-08-23T02:55:50.022047+09:00
Duplication Flag,,,failed,False,2026-08-21T00:24:51.764822+09:00
Duplication Flow,,,failed,False,2026-08-18T23:50:52.980316+09:00
Duplication Forge,,,failed,False,2026-08-18T23:50:52.980316+09:00
Duplication Form,260.0,16.0,success,False,2026-08-19T13:42:11.114118+09:00
Duplication Format,,,failed,False,2026-08-23T13:08:19.388505+09:00
Duplication Frame,,,failed,False,2026-08-18T22:05:08.323728+09:00
Duplication Fund,,,failed,False,2026-08-21T02:25:03.924004+09:00
Duplication Gate,,,failed,False,2026-08-18T22:08:38.388583+09:00
Duplication Giveaway,,,failed,False,2026-08-27T21:20:01.117686+09:00
Duplication Grade,,,failed,False,2026-08-21T00:36:48.316365+09:00
Duplication Grid,,,failed,False,2026-08-18T22:03:44.456415+09:00
Duplication Guarantee,,,failed,False,2026-08-28T01:03:51.516264+09:00
Duplication Guard,,,failed,False,2026-08-18T23:50:52.980316+09:00
Duplication Guardian,,,failed,False,2026-08-28T00:22:54.713063+09:00
Duplication Guidebook,,,failed,False,2026-08-18T22:12:10.821921+09:00
Duplication Helpdesk,,,failed,False,2026-08-27T22:45:00.824166+09:00
Duplication Helper,,,failed,False,2026-08-28T00:23:00.112605+09:00
Duplication History,,,failed,False,2026-08-19T20:41:37.796650+09:00
Duplication Hotline,,,failed,False,2026-08-19T21:16:46.731573+09:00
Duplication Hub,,,failed,False,2026-08-18T23:50:52.980316+09:00
Duplication Identifier,,,failed,False,2026-08-23T13:08:09.181921+09:00
Duplication Incentive,,,failed,False,2026-08-27T21:19:58.870068+09:00
Duplication Index,,,failed,False,2026-08-19T21:15:48.074960+09:00
Duplication Insight,,,failed,False,2026-08-18T22:10:22.903886+09:00
Duplication Item,,,failed,False,2026-08-21T01:52:16.580435+09:00
Duplication Journal,,,failed,False,2026-08-18T22:11:53.253087+09:00
Duplication Keeper,,,failed,False,2026-08-18T22:09:11.269372+09:00
Duplication Kit,,,failed,False,2026-08-27T22:44:52.843533+09:00
Duplication Lab,,,failed,False,2026-08-18T22:06:09.670880+09:00
Duplication Ledger,,,failed,False,2026-08-18T22:05:35.647018+09:00
Duplication Lens,,,failed,False,2026-08-18T22:04:58.367673+09:00
Duplication Level,,,failed,False,2026-08-19T20:41:51.151726+09:00
Duplication Levy,,,failed,False,2026-08-23T13:48:06.578216+09:00
Duplication Link,,,failed,False,2026-08-23T03:20:39.175053+09:00
Duplication List,,,failed,False,2026-08-19T22:01:39.954435+09:00
Duplication Loan,,,failed,False,2026-08-21T02:09:16.825512+09:00
Duplication Locator,,,failed,False,2026-08-19T00:01:12.720919+09:00
Duplication Lock,,,failed,False,2026-08-18T22:04:36.606049+09:00
Duplication Log,,,failed,False,2026-08-19T13:41:59.783078+09:00
Duplication Loop,30.0,0.0,success,False,2026-08-18T22:03:23.896977+09:00
Duplication Manager,,,failed,False,2026-08-18T22:09:19.506375+09:00
Duplication Manual,,,failed,False,2026-08-27T22:15:52.757907+09:00
Duplication Map,,,failed,False,2026-08-18T22:04:47.341629+09:00
Duplication Margin,,,failed,False,2026-08-23T02:55:43.726129+09:00
Duplication Markup,,,failed,False,2026-08-23T16:40:16.940020+09:00
Duplication Memo,,,failed,False,2026-08-21T00:36:53.427787+09:00
Duplication Message,,,failed,False,2026-08-27T23:10:37.523000+09:00
Duplication Meter,,,failed,False,2026-08-18T22:07:28.261653+09:00
Duplication Metrics,,,failed,False,2026-08-18T22:10:30.545293+09:00
Duplication Monitor,,,failed,False,2026-08-18T22:10:14.241136+09:00
Duplication Navigator,,,failed,False,2026-08-18T22:10:56.062577+09:00
Duplication Nexus,,,failed,False,2026-08-18T22:08:48.035720+09:00
Duplication Node,,,failed,False,2026-08-18T22:08:30.649181+09:00
Duplication Note,,,failed,False,2026-08-19T13:21:49.505722+09:00
Duplication Notification,,,failed,False,2026-08-27T22:44:50.273695+09:00
Duplication Number,,,failed,False,2026-08-23T03:20:32.320134+09:00
Duplication Office,,,failed,False,2026-08-19T00:01:35.413805+09:00
Duplication Ops,,,failed,False,2026-08-18T22:11:19.240583+09:00
Duplication Order,,,failed,False,2026-08-19T22:00:58.577087+09:00
Duplication Organizer,,,failed,False,2026-08-18T22:10:08.621452+09:00
Duplication Overage,,,failed,False,2026-08-27T21:50:56.215822+09:00
Duplication Overdue,,,failed,False,2026-08-27T21:50:51.730845+09:00
Duplication Panel,,,failed,False,2026-08-18T22:07:09.458547+09:00
Duplication Pass,,,failed,False,2026-08-21T00:36:23.638187+09:00
Duplication Path,,,failed,False,2026-08-18T22:04:18.397619+09:00
Duplication Payoff,,,failed,False,2026-08-27T21:50:54.080102+09:00
Duplication Penalty,,,failed,False,2026-08-23T16:40:13.658560+09:00
Duplication Petition,,,failed,False,2026-08-21T00:59:36.315785+09:00
Duplication Pilot,,,failed,False,2026-08-18T23:50:55.831862+09:00
Duplication Plan,,,failed,False,2026-08-21T01:52:27.177299+09:00
Duplication Planner,,,failed,False,2026-08-18T22:09:52.210960+09:00
Duplication Playbook,,,failed,False,2026-08-18T22:11:45.045166+09:00
Duplication Point,,,failed,False,2026-08-18T22:04:27.693577+09:00
Duplication Portal,,,failed,False,2026-08-18T22:06:54.214613+09:00
Duplication Profile,,,failed,False,2026-08-19T13:22:13.329978+09:00
Duplication Profit,,,failed,False,2026-08-23T02:55:35.353388+09:00
Duplication Proposal,,,failed,False,2026-08-28T01:03:51.516264+09:00
Duplication Pulse,,,failed,False,2026-08-18T22:03:55.697842+09:00
Duplication Queue,,,failed,False,2026-08-19T21:16:09.798326+09:00
Duplication Quota,,,failed,False,2026-08-21T00:24:43.469777+09:00
Duplication Radar,,,failed,False,2026-08-18T23:50:55.831862+09:00
Duplication Rail,,,failed,False,2026-08-18T22:08:00.506560+09:00
Duplication Rate,40.0,0.0,success,False,2026-08-19T20:41:57.553937+09:00
Duplication Recap,,,failed,False,2026-08-21T01:01:57.606553+09:00
Duplication Receipt,,,failed,False,2026-08-19T22:01:17.483163+09:00
Duplication Recorder,,,failed,False,2026-08-27T23:33:00.078931+09:00
Duplication Register,,,failed,False,2026-08-18T22:11:09.923371+09:00
Duplication Registry,,,failed,False,2026-08-18T22:12:19.566532+09:00
Duplication Relay,,,failed,False,2026-08-18T23:50:55.831862+09:00
Duplication Reminder,,,failed,False,2026-08-19T21:15:27.386619+09:00
Duplication Report,,,failed,False,2026-08-19T13:41:47.769675+09:00
Duplication Ring,,,failed,False,2026-08-18T22:08:23.655372+09:00
Duplication Roadmap,,,failed,False,2026-08-18T23:50:55.831862+09:00
Duplication Roster,,,failed,False,2026-08-19T00:37:08.393662+09:00
Duplication Route,,,failed,False,2026-08-18T22:07:45.209206+09:00
Duplication Rule,,,failed,False,2026-08-23T03:20:42.703424+09:00
Duplication Sale,,,failed,False,2026-08-21T02:25:09.393326+09:00
Duplication Sample,,,failed,False,2026-08-19T22:02:22.489790+09:00
Duplication Scale,,,failed,False,2026-08-18T22:07:36.107745+09:00
Duplication Scanner,,,failed,False,2026-08-27T23:52:37.462117+09:00
Duplication Scheduler,,,failed,False,2026-08-18T22:10:00.373367+09:00
Duplication Scope,,,failed,False,2026-08-18T22:03:11.971226+09:00
Duplication Score,,,failed,False,2026-08-19T13:21:11.802983+09:00
Duplication Sentry,,,failed,False,2026-08-18T22:09:03.479922+09:00
Duplication Sheet,,,failed,False,2026-08-19T13:42:33.755752+09:00
Duplication Signal,,,failed,False,2026-08-18T22:02:50.623197+09:00
Duplication Slip,,,failed,False,2026-08-19T22:02:09.365210+09:00
Duplication Slot,,,failed,False,2026-08-19T22:02:31.549197+09:00
Duplication Snapshot,,,failed,False,2026-08-18T22:12:04.159201+09:00
Duplication Statement,,,failed,False,2026-08-21T00:36:40.261906+09:00
Duplication Station,10.0,0.0,success,False,2026-08-18T22:06:18.385841+09:00
Duplication Status,,,failed,False,2026-08-19T20:41:20.028487+09:00
Duplication Stub,,,failed,False,2026-08-21T00:36:35.821010+09:00
Duplication Studio,,,failed,False,2026-08-18T22:06:01.196080+09:00
Duplication Suite,,,failed,False,2026-08-18T22:09:27.931619+09:00
Duplication Sum,,,failed,False,2026-08-21T02:24:52.539486+09:00
Duplication Summary,,,failed,False,2026-08-19T21:15:02.782218+09:00
Duplication Sync,,,failed,False,2026-08-18T23:50:55.831862+09:00
Duplication Tab,,,failed,False,2026-08-21T00:24:57.111152+09:00
Duplication Table,140.0,0.0,success,False,2026-08-19T22:01:51.400634+09:00
Duplication Tag,,,failed,False,2026-08-19T13:22:01.413587+09:00
Duplication Tally,,,failed,False,2026-08-21T00:36:44.968976+09:00
Duplication Tariff,,,failed,False,2026-08-21T02:41:10.290966+09:00
Duplication Tax,,,failed,False,2026-08-21T02:09:12.482274+09:00
Duplication Terminal,,,failed,False,2026-08-18T22:06:27.903433+09:00
Duplication Ticket,,,failed,False,2026-08-19T21:15:58.285929+09:00
Duplication Tier,,,failed,False,2026-08-28T00:46:44.536375+09:00
Duplication Timeline,,,failed,False,2026-08-19T21:15:17.337039+09:00
Duplication Timer,,,failed,False,2026-08-28T00:22:52.095414+09:00
Duplication Toll,,,failed,False,2026-08-21T02:41:02.522533+09:00
Duplication Toolbox,,,failed,False,2026-08-28T00:22:57.445324+09:00
Duplication Toolkit,,,failed,False,2026-08-18T22:11:37.206712+09:00
Duplication Total,,,failed,False,2026-08-27T23:10:37.523000+09:00
Duplication Tracker,,,failed,False,2026-08-18T23:50:55.831862+09:00
Duplication Trail,,,failed,False,2026-08-18T22:08:07.311207+09:00
Duplication Trend,,,failed,False,2026-08-28T01:03:45.781044+09:00
Duplication Trial,,,failed,False,2026-08-27T21:19:58.870068+09:00
Duplication Unit,,,failed,False,2026-08-21T01:52:23.674188+09:00
Duplication Update,,,failed,False,2026-08-19T20:42:06.894940+09:00
Duplication Value,,,failed,False,2026-08-23T02:55:38.114180+09:00
Duplication Vault,,,failed,False,2026-08-18T23:50:55.831862+09:00
Duplication Version,,,failed,False,2026-08-23T03:20:35.213515+09:00
Duplication View,,,failed,False,2026-08-19T20:41:30.953351+09:00
Duplication Voucher,,,failed,False,2026-08-21T00:36:28.428699+09:00
Duplication Watch,,,failed,False,2026-08-18T22:03:00.985111+09:00
Duplication Wave,,,failed,False,2026-08-18T22:04:05.188286+09:00
Duplication Widget,,,failed,False,2026-08-27T23:10:40.131699+09:00
Duplication Workbench,,,failed,False,2026-08-18T22:11:30.674698+09:00
Duplication Worksheet,,,failed,False,2026-08-27T22:15:52.757907+09:00
Duplication Workshop,,,failed,False,2026-08-28T00:22:54.713063+09:00
Duplication Zone,,,failed,False,2026-08-18T22:06:45.698700+09:00
Easement Alert,,,failed,False,2026-08-21T01:35:59.252508+09:00
Easement Allowance,,,failed,False,2026-08-21T02:38:28.246618+09:00
Easement Analyzer,,,failed,False,2026-08-27T23:56:47.564941+09:00
Easement Asset,,,failed,False,2026-08-23T13:48:06.578216+09:00
Easement Atlas,,,failed,False,2026-08-21T01:43:00.390217+09:00
Easement Attribute,,,failed,False,2026-08-23T13:07:41.329341+09:00
Easement Badge,,,failed,False,2026-08-21T01:39:21.617747+09:00
Easement Base,,,failed,False,2026-08-21T01:41:39.026443+09:00
Easement Beacon,,,failed,False,2026-08-21T01:40:48.434359+09:00
Easement Bill,,,failed,False,2026-08-21T01:38:40.726969+09:00
Easement Bin,,,failed,False,2026-08-21T01:35:59.252508+09:00
Easement Board,,,failed,False,2026-08-21T01:41:48.955996+09:00
Easement Bridge,,,failed,False,2026-08-21T01:41:00.703725+09:00
Easement Brief,,,failed,False,2026-08-21T01:39:49.686792+09:00
Easement Bulletin,,,failed,False,2026-08-21T01:39:47.385700+09:00
Easement Cabinet,,,failed,False,2026-08-27T23:13:16.008786+09:00
Easement Card,,,failed,False,2026-08-21T01:37:05.417257+09:00
Easement Cascade,,,failed,False,2026-08-21T01:40:55.486600+09:00
Easement Cash,,,failed,False,2026-08-21T02:21:02.332570+09:00
Easement Cashback,,,failed,False,2026-08-27T21:14:16.452058+09:00
Easement Category,,,failed,False,2026-08-23T13:07:41.329341+09:00
Easement Center,,,failed,False,2026-08-21T01:42:11.023754+09:00
Easement Chain,,,failed,False,2026-08-21T01:42:48.869153+09:00
Easement Charge,,,failed,False,2026-08-21T02:38:16.396053+09:00
Easement Chart,,,failed,False,2026-08-21T01:35:59.252508+09:00
Easement Check,110.0,13.0,success,False,2026-08-21T01:37:13.589246+09:00
Easement Checker,110.0,13.0,success,False,2026-08-27T23:56:38.183826+09:00
Easement Code,,,failed,False,2026-08-21T01:38:48.053655+09:00
Easement Companion,,,failed,False,2026-08-21T01:43:42.058918+09:00
Easement Comparison,,,failed,False,2026-08-28T01:07:59.537409+09:00
Easement Confirmation,,,failed,False,2026-08-21T01:40:07.956384+09:00
Easement Console,,,failed,False,2026-08-21T01:42:22.878879+09:00
Easement Copayment,,,failed,False,2026-08-23T16:37:24.399501+09:00
Easement Core,,,failed,False,2026-08-21T01:41:44.452509+09:00
Easement Cost,70.0,2.0,success,False,2026-08-21T02:14:07.166822+09:00
Easement Count,,,failed,False,2026-08-27T22:47:42.136854+09:00
Easement Counter,,,failed,False,2026-08-21T01:44:31.242398+09:00
Easement Coupon,,,failed,False,2026-08-27T21:14:16.452058+09:00
Easement Deal,,,failed,False,2026-08-21T01:57:40.883576+09:00
Easement Debt,,,failed,False,2026-08-21T02:20:57.219379+09:00
Easement Deck,,,failed,False,2026-08-21T01:41:52.008026+09:00
Easement Desk,,,failed,False,2026-08-21T01:40:33.133691+09:00
Easement Detail,,,failed,False,2026-08-23T03:19:15.336839+09:00
Easement Detector,,,failed,False,2026-08-27T23:56:43.300961+09:00
Easement Diagram,30.0,0.0,success,False,2026-08-27T22:08:41.770881+09:00
Easement Directory,,,failed,False,2026-08-21T01:44:11.369887+09:00
Easement Discount,,,failed,False,2026-08-23T16:11:08.956491+09:00
Easement Draft,,,failed,False,2026-08-21T01:38:06.302240+09:00
Easement Duty,,,failed,False,2026-08-21T02:38:19.881796+09:00
Easement Engine,,,failed,False,2026-08-21T01:43:14.953756+09:00
Easement Entry,,,failed,False,2026-08-21T01:40:17.321567+09:00
Easement Estimate,,,failed,False,2026-08-21T01:38:34.046103+09:00
Easement Extension,,,failed,False,2026-08-23T16:37:26.596455+09:00
Easement Fare,,,failed,False,2026-08-21T02:14:10.459291+09:00
Easement Fee,50.0,1.0,success,False,2026-08-21T01:57:25.896991+09:00
Easement Feed,,,failed,False,2026-08-21T01:38:01.641770+09:00
Easement Field,,,failed,False,2026-08-23T13:07:43.906174+09:00
Easement File,,,failed,False,2026-08-21T01:37:41.835664+09:00
Easement Fine,,,failed,False,2026-08-23T02:54:26.725947+09:00
Easement Flow,,,failed,False,2026-08-21T01:40:26.570038+09:00
Easement Forge,,,failed,False,2026-08-21T01:40:53.074721+09:00
Easement Form,90.0,27.0,success,False,2026-08-21T01:36:59.790111+09:00
Easement Format,,,failed,False,2026-08-23T13:07:46.002648+09:00
Easement Frame,,,failed,False,2026-08-21T01:41:35.548332+09:00
Easement Fund,,,failed,False,2026-08-21T02:21:00.139536+09:00
Easement Gate,20.0,0.0,success,False,2026-08-21T01:42:53.677401+09:00
Easement Generator,,,failed,False,2026-08-27T23:34:54.940798+09:00
Easement Giveaway,,,failed,False,2026-08-27T21:14:25.842421+09:00
Easement Graph,,,failed,False,2026-08-27T22:08:26.678137+09:00
Easement Grid,,,failed,False,2026-08-21T01:41:18.223212+09:00
Easement Guardian,,,failed,False,2026-08-28T00:26:06.768927+09:00
Easement Helpdesk,,,failed,False,2026-08-27T22:47:46.388657+09:00
Easement Helper,,,failed,False,2026-08-28T00:26:09.270269+09:00
Easement History,,,failed,False,2026-08-21T01:37:39.215530+09:00
Easement Hub,,,failed,False,2026-08-21T01:40:28.771256+09:00
Easement Identifier,,,failed,False,2026-08-23T13:07:39.256451+09:00
Easement Inbox,,,failed,False,2026-08-21T01:35:59.252508+09:00
Easement Incentive,,,failed,False,2026-08-27T21:14:19.073158+09:00
Easement Index,,,failed,False,2026-08-21T01:38:24.012895+09:00
Easement Installment,,,failed,False,2026-08-23T16:11:08.956491+09:00
Easement Interest,,,failed,False,2026-08-23T13:48:06.578216+09:00
Easement Item,,,failed,False,2026-08-21T01:57:22.977623+09:00
Easement Journal,,,failed,False,2026-08-21T01:43:59.593158+09:00
Easement Keeper,,,failed,False,2026-08-21T01:43:03.421356+09:00
Easement Kiosk,,,failed,False,2026-08-21T01:35:59.252508+09:00
Easement Lab,,,failed,False,2026-08-21T01:42:00.180241+09:00
Easement Label,,,failed,False,2026-08-27T22:08:28.855798+09:00
Easement Ledger,,,failed,False,2026-08-21T01:41:46.462785+09:00
Easement Level,,,failed,False,2026-08-21T01:37:46.611348+09:00
Easement Levy,,,failed,False,2026-08-23T13:48:06.578216+09:00
Easement Line,170.0,1.0,success,False,2026-08-21T01:36:39.432784+09:00
Easement Link,,,failed,False,2026-08-23T03:19:08.908804+09:00
Easement List,,,failed,False,2026-08-21T01:38:52.841882+09:00
Easement Loan,,,failed,False,2026-08-21T02:14:16.325639+09:00
Easement Lobby,,,failed,False,2026-08-21T01:35:59.252508+09:00
Easement Locator,30.0,11.0,success,False,2026-08-21T01:44:16.668560+09:00
Easement Locker,,,failed,False,2026-08-21T01:44:33.537295+09:00
Easement Log,,,failed,False,2026-08-21T01:36:55.107278+09:00
Easement Loop,,,failed,False,2026-08-21T01:41:14.289680+09:00
Easement Manual,,,failed,False,2026-08-27T22:08:33.849782+09:00
Easement Map,260.0,11.0,success,False,2026-08-21T01:41:33.473055+09:00
Easement Marker,90.0,0.0,success,False,2026-08-23T13:27:59.739210+09:00
Easement Markup,,,failed,False,2026-08-23T16:37:21.516331+09:00
Easement Memo,,,failed,False,2026-08-21T01:39:35.935414+09:00
Easement Monitor,,,failed,False,2026-08-21T01:43:34.239530+09:00
Easement Nexus,,,failed,False,2026-08-21T01:42:58.216620+09:00
Easement Note,,,failed,False,2026-08-21T01:37:21.821672+09:00
Easement Notification,,,failed,False,2026-08-27T22:47:34.273654+09:00
Easement Number,,,failed,False,2026-08-23T03:19:01.069685+09:00
Easement Office,,,failed,False,2026-08-21T01:44:25.853714+09:00
Easement Ops,,,failed,False,2026-08-21T01:43:50.237250+09:00
Easement Order,,,failed,False,2026-08-21T01:38:38.622768+09:00
Easement Panel,,,failed,False,2026-08-21T01:42:29.387533+09:00
Easement Pass,,,failed,False,2026-08-21T01:39:12.504942+09:00
Easement Passport,,,failed,False,2026-08-21T01:35:59.252508+09:00
Easement Path,,,failed,False,2026-08-21T01:41:22.153477+09:00
Easement Penalty,,,failed,False,2026-08-23T16:37:18.649152+09:00
Easement Petition,,,failed,False,2026-08-21T01:40:03.980146+09:00
Easement Plan,110.0,6.0,success,False,2026-08-21T01:57:38.284860+09:00
Easement Planner,,,failed,False,2026-08-21T01:43:25.178324+09:00
Easement Playbook,,,failed,False,2026-08-21T01:43:52.896076+09:00
Easement Point,,,failed,False,2026-08-21T01:41:25.621539+09:00
Easement Portal,,,failed,False,2026-08-21T01:42:20.086183+09:00
Easement Preview,,,failed,False,2026-08-28T01:08:02.108620+09:00
Easement Profile,,,failed,False,2026-08-21T01:37:28.905967+09:00
Easement Profit,,,failed,False,2026-08-23T02:54:17.672874+09:00
Easement Quota,,,failed,False,2026-08-21T01:39:38.707543+09:00
Easement Radar,,,failed,False,2026-08-21T01:40:35.434951+09:00
Easement Rate,,,failed,False,2026-08-21T01:37:51.952894+09:00
Easement Recap,,,failed,False,2026-08-21T01:40:12.068388+09:00
Easement Receipt,,,failed,False,2026-08-21T01:38:45.431477+09:00
Easement Recorder,,,failed,False,2026-08-27T23:34:54.940798+09:00
Easement Register,,,failed,False,2026-08-21T01:43:45.085248+09:00
Easement Relay,,,failed,False,2026-08-21T01:40:37.729948+09:00
Easement Reminder,,,failed,False,2026-08-21T01:38:21.127852+09:00
Easement Report,20.0,10.0,success,False,2026-08-21T01:36:52.456000+09:00
Easement Repository,,,failed,False,2026-08-27T23:13:18.509120+09:00
Easement Ring,,,failed,False,2026-08-21T01:42:51.256978+09:00
Easement Roster,,,failed,False,2026-08-21T01:35:59.252508+09:00
Easement Route,,,failed,False,2026-08-21T01:42:37.393096+09:00
Easement Rule,,,failed,False,2026-08-23T03:19:12.816359+09:00
Easement Sale,20.0,0.0,success,False,2026-08-21T02:21:06.391588+09:00
Easement Sample,10.0,21.0,success,False,2026-08-21T01:39:01.261860+09:00
Easement Scale,,,failed,False,2026-08-21T01:42:32.456630+09:00
Easement Scanner,,,failed,False,2026-08-27T23:56:43.300961+09:00
Easement Score,,,failed,False,2026-08-21T01:37:16.023011+09:00
Easement Sheet,,,failed,False,2026-08-21T01:37:07.808277+09:00
Easement Signal,,,failed,False,2026-08-21T01:41:02.771886+09:00
Easement Signature,,,failed,False,2026-08-23T13:27:56.242264+09:00
Easement Sketch,,,failed,False,2026-08-27T22:28:46.749186+09:00
Easement Slip,,,failed,False,2026-08-21T01:38:59.099455+09:00
Easement Slot,,,failed,False,2026-08-21T01:39:07.193029+09:00
Easement Stage,,,failed,False,2026-08-28T00:48:11.249121+09:00
Easement Stake,,,failed,False,2026-08-23T02:54:23.224881+09:00
Easement Statement,,,failed,False,2026-08-21T01:39:30.579891+09:00
Easement Station,,,failed,False,2026-08-21T01:42:02.866390+09:00
Easement Status,,,failed,False,2026-08-21T01:37:30.941685+09:00
Easement Stipend,,,failed,False,2026-08-23T13:48:08.634446+09:00
Easement Stub,,,failed,False,2026-08-21T01:39:27.131441+09:00
Easement Studio,,,failed,False,2026-08-21T01:41:56.935291+09:00
Easement Sum,,,failed,False,2026-08-21T02:31:03.884559+09:00
Easement Summary,,,failed,False,2026-08-21T01:38:12.819970+09:00
Easement Tab,,,failed,False,2026-08-21T01:39:45.118535+09:00
Easement Table,,,failed,False,2026-08-21T01:38:54.698036+09:00
Easement Tag,,,failed,False,2026-08-21T01:37:24.140763+09:00
Easement Tariff,,,failed,False,2026-08-21T02:38:33.089549+09:00
Easement Tax,30.0,0.0,success,False,2026-08-21T02:14:13.791830+09:00
Easement Terminal,,,failed,False,2026-08-21T01:42:07.777661+09:00
Easement Ticker,,,failed,False,2026-08-21T01:35:59.252508+09:00
Easement Ticket,,,failed,False,2026-08-21T01:38:31.485069+09:00
Easement Timeline,,,failed,False,2026-08-21T01:38:16.172375+09:00
Easement Toll,,,failed,False,2026-08-21T02:38:23.344262+09:00
Easement Toolbox,,,failed,False,2026-08-28T00:26:09.270269+09:00
Easement Total,,,failed,False,2026-08-27T23:13:09.078623+09:00
Easement Tracker,,,failed,False,2026-08-21T01:40:19.724237+09:00
Easement Trial,,,failed,False,2026-08-27T21:14:19.073158+09:00
Easement Unit,,,failed,False,2026-08-21T01:57:30.255883+09:00
Easement Update,,,failed,False,2026-08-21T01:37:55.040790+09:00
Easement Value,50.0,13.0,success,False,2026-08-23T02:54:19.843201+09:00
Easement Vault,,,failed,False,2026-08-21T01:40:42.553901+09:00
Easement Version,,,failed,False,2026-08-23T03:19:05.834960+09:00
Easement View,,,failed,False,2026-08-21T01:37:34.913486+09:00
Easement Voucher,,,failed,False,2026-08-21T01:39:18.143916+09:00
Easement Wave,,,failed,False,2026-08-21T01:41:20.184116+09:00
Easement Widget,,,failed,False,2026-08-27T23:13:13.331600+09:00
Easement Worksheet,,,failed,False,2026-08-27T22:08:36.718327+09:00
Easement Zone,50.0,0.0,success,False,2026-08-21T01:42:13.880844+09:00
Editing Advance,10.0,5.0,success,False,2026-08-23T16:16:31.573856+09:00
Editing Advisory,,,failed,False,2026-08-21T01:06:05.335895+09:00
Editing Allowance,,,failed,False,2026-08-21T02:38:09.773029+09:00
Editing Analyzer,,,failed,False,2026-08-27T23:53:39.725939+09:00
Editing Arrears,,,failed,False,2026-08-23T16:16:31.573856+09:00
Editing Asset,720.0,16.0,success,False,2026-08-23T13:47:44.552149+09:00
Editing Assistant,1900.0,2.0,success,False,2026-08-19T12:23:26.790500+09:00
Editing Atlas,,,failed,False,2026-08-19T12:23:01.868954+09:00
Editing Attribute,,,failed,False,2026-08-23T13:07:07.950459+09:00
Editing Badge,,,failed,False,2026-08-21T00:30:53.488074+09:00
Editing Base,720.0,7.0,success,False,2026-08-19T12:27:05.323167+09:00
Editing Beacon,,,failed,False,2026-08-19T12:26:30.202611+09:00
Editing Bill,320.0,30.0,success,False,2026-08-19T21:45:58.620929+09:00
Editing Board,210.0,32.0,success,False,2026-08-19T12:27:13.663496+09:00
Editing Book,9900.0,37.0,success,False,2026-08-19T21:46:58.234898+09:00
Editing Bridge,,,failed,False,2026-08-19T12:26:41.238307+09:00
Editing Brief,1900.0,0.0,success,True,2026-08-21T01:05:55.165491+09:00
Editing Bulletin,10.0,0.0,success,False,2026-08-21T01:05:46.512536+09:00
Editing Calendar,9900.0,25.0,success,False,2026-08-19T12:24:32.971008+09:00
Editing Card,1300.0,8.0,success,False,2026-08-19T13:21:15.307510+09:00
Editing Cascade,,,failed,False,2026-08-19T12:26:37.096559+09:00
Editing Cash,,,failed,False,2026-08-21T02:21:02.332570+09:00
Editing Cashback,,,failed,False,2026-08-27T21:19:43.592379+09:00
Editing Category,20.0,0.0,success,False,2026-08-23T13:07:07.950459+09:00
Editing Center,50.0,4.0,success,False,2026-08-19T12:27:31.967553+09:00
Editing Chain,10.0,0.0,success,False,2026-08-19T12:27:54.241154+09:00
Editing Charge,20.0,4.0,success,False,2026-08-21T02:38:00.530165+09:00
Editing Check,720.0,14.0,success,False,2026-08-19T13:22:04.691766+09:00
Editing Checker,720.0,14.0,success,False,2026-08-27T23:53:34.112900+09:00
Editing Circular,,,failed,False,2026-08-21T01:06:02.674001+09:00
Editing Code,880.0,27.0,success,False,2026-08-19T21:46:23.560668+09:00
Editing Companion,,,failed,False,2026-08-19T12:23:48.028309+09:00
Editing Comparison,10.0,0.0,success,False,2026-08-28T01:04:49.164769+09:00
Editing Compass,,,failed,False,2026-08-19T12:26:30.202611+09:00
Editing Confirmation,,,failed,False,2026-08-21T01:06:13.819084+09:00
Editing Console,320.0,92.0,success,False,2026-08-19T12:27:39.796113+09:00
Editing Converter,,,failed,False,2026-08-27T23:33:24.139257+09:00
Editing Core,,,failed,False,2026-08-19T12:27:08.334680+09:00
Editing Cost,90.0,21.0,success,False,2026-08-21T02:14:19.948102+09:00
Editing Count,,,failed,False,2026-08-27T22:45:10.355251+09:00
Editing Counter,,,failed,False,2026-08-19T12:24:48.425289+09:00
Editing Coupon,,,failed,False,2026-08-27T21:19:43.592379+09:00
Editing Deal,,,failed,False,2026-08-21T01:58:16.207160+09:00
Editing Debt,,,failed,False,2026-08-21T02:20:53.673511+09:00
Editing Deck,110.0,56.0,success,False,2026-08-19T12:27:18.963883+09:00
Editing Desk,390.0,99.0,success,False,2026-08-19T12:26:17.646351+09:00
Editing Detail,,,failed,False,2026-08-23T03:18:25.372913+09:00
Editing Detector,110.0,10.0,success,False,2026-08-27T23:53:36.797572+09:00
Editing Digest,,,failed,False,2026-08-19T20:44:32.627645+09:00
Editing Directory,,,failed,False,2026-08-19T12:24:32.971008+09:00
Editing Discount,,,failed,False,2026-08-23T16:16:29.053349+09:00
Editing Dossier,,,failed,False,2026-08-21T01:06:17.673460+09:00
Editing Downpayment,,,failed,False,2026-08-27T21:50:46.767806+09:00
Editing Draft,6600.0,0.0,success,True,2026-08-19T20:44:48.132741+09:00
Editing Due,,,failed,False,2026-08-23T15:52:35.720858+09:00
Editing Duty,,,failed,False,2026-08-21T02:38:04.709344+09:00
Editing Engine,,,failed,False,2026-08-19T12:23:26.790500+09:00
Editing Entry,,,failed,False,2026-08-21T01:06:31.516088+09:00
Editing Estimate,,,failed,False,2026-08-19T21:30:14.177717+09:00
Editing Estimator,,,failed,False,2026-08-27T23:53:29.478686+09:00
Editing Excerpt,,,failed,False,2026-08-21T01:06:25.514755+09:00
Editing Fare,,,failed,False,2026-08-21T02:14:24.666160+09:00
Editing Fee,140.0,8.0,success,False,2026-08-21T01:57:57.210014+09:00
Editing Feed,,,failed,False,2026-08-19T20:44:39.695908+09:00
Editing File,33100.0,39.0,success,False,2026-08-19T20:44:00.282785+09:00
Editing Finder,,,failed,False,2026-08-19T12:24:37.833597+09:00
Editing Fine,,,failed,False,2026-08-23T02:54:03.941195+09:00
Editing Flag,170.0,11.0,success,False,2026-08-21T00:31:36.211701+09:00
Editing Flow,1300.0,9.0,success,False,2026-08-19T12:26:11.426688+09:00
Editing Forge,,,failed,False,2026-08-19T12:26:33.810025+09:00
Editing Form,2400.0,21.0,success,False,2026-08-19T13:20:57.045829+09:00
Editing Format,2400.0,21.0,success,False,2026-08-23T13:07:14.038929+09:00
Editing Frame,1600.0,3.0,success,False,2026-08-19T12:27:02.281369+09:00
Editing Fund,,,failed,False,2026-08-21T02:21:00.139536+09:00
Editing Gate,,,failed,False,2026-08-19T12:22:54.076804+09:00
Editing Giveaway,20.0,0.0,success,False,2026-08-27T21:19:50.770385+09:00
Editing Grade,,,failed,False,2026-08-21T00:31:17.519824+09:00
Editing Grid,590.0,5.0,success,False,2026-08-19T12:26:50.558135+09:00
Editing Guarantee,,,failed,False,2026-08-28T01:04:54.734993+09:00
Editing Guardian,,,failed,False,2026-08-28T00:23:37.982808+09:00
Editing Helpdesk,,,failed,False,2026-08-27T22:45:15.401077+09:00
Editing Helper,320.0,17.0,success,False,2026-08-28T00:23:49.555058+09:00
Editing History,590.0,0.0,success,False,2026-08-19T20:43:53.666341+09:00
Editing Hub,1000.0,1.0,success,False,2026-08-19T12:26:15.531413+09:00
Editing Identifier,,,failed,False,2026-08-23T13:07:04.865387+09:00
Editing Incentive,,,failed,False,2026-08-27T21:19:46.309866+09:00
Editing Index,,,failed,False,2026-08-19T21:29:59.646453+09:00
Editing Installment,,,failed,False,2026-08-23T16:16:29.053349+09:00
Editing Item,,,failed,False,2026-08-21T01:58:02.709797+09:00
Editing Journal,1000.0,4.0,success,False,2026-08-19T12:24:05.330216+09:00
Editing Keeper,,,failed,False,2026-08-19T12:23:01.868954+09:00
Editing Kit,390.0,7.0,success,False,2026-08-27T22:45:05.269508+09:00
Editing Lab,390.0,2.0,success,False,2026-08-19T12:27:23.710394+09:00
Editing Label,,,failed,False,2026-08-27T22:15:29.214068+09:00
Editing Ledger,,,failed,False,2026-08-19T12:27:08.334680+09:00
Editing Level,480.0,2.0,success,False,2026-08-19T20:44:05.928260+09:00
Editing Link,2900.0,9.0,success,False,2026-08-23T03:18:18.334398+09:00
Editing List,480.0,1.0,success,False,2026-08-19T21:46:35.740872+09:00
Editing Loan,,,failed,False,2026-08-21T02:14:32.398981+09:00
Editing Locator,,,failed,False,2026-08-19T12:24:37.833597+09:00
Editing Log,480.0,1.0,success,False,2026-08-19T13:42:33.755752+09:00
Editing Loop,,,failed,False,2026-08-19T12:26:47.247206+09:00
Editing Manager,2400.0,1.0,success,False,2026-08-19T12:23:14.200437+09:00
Editing Manual,50.0,5.0,success,False,2026-08-27T22:15:33.141509+09:00
Editing Map,2400.0,5.0,success,False,2026-08-19T12:27:02.281369+09:00
Editing Margin,,,failed,False,2026-08-23T02:53:58.718739+09:00
Editing Markup,70.0,6.0,success,False,2026-08-23T16:40:09.543730+09:00
Editing Memo,,,failed,False,2026-08-21T00:31:22.902026+09:00
Editing Monitor,1600.0,100.0,success,False,2026-08-19T12:23:40.274403+09:00
Editing Nexus,20.0,0.0,success,False,2026-08-19T12:22:54.076804+09:00
Editing Note,2400.0,2.0,success,False,2026-08-19T13:23:05.373596+09:00
Editing Notification,,,failed,False,2026-08-27T22:45:00.824166+09:00
Editing Number,480.0,1.0,success,False,2026-08-23T03:18:09.441113+09:00
Editing Office,1900.0,9.0,success,False,2026-08-19T12:24:44.570895+09:00
Editing Ops,10.0,0.0,success,False,2026-08-19T12:23:56.615526+09:00
Editing Order,880.0,4.0,success,False,2026-08-19T22:07:52.466558+09:00
Editing Overage,,,failed,False,2026-08-27T21:50:44.551751+09:00
Editing Overdraft,,,failed,False,2026-08-23T15:52:35.720858+09:00
Editing Overdue,,,failed,False,2026-08-27T21:50:42.355855+09:00
Editing Panel,320.0,16.0,success,False,2026-08-19T12:27:46.282540+09:00
Editing Pass,40.0,0.0,success,False,2026-08-21T00:30:41.620130+09:00
Editing Path,480.0,0.0,success,False,2026-08-19T12:26:55.574795+09:00
Editing Payoff,,,failed,False,2026-08-27T21:50:42.355855+09:00
Editing Penalty,,,failed,False,2026-08-23T16:40:09.543730+09:00
Editing Petition,,,failed,False,2026-08-21T01:06:10.948985+09:00
Editing Plan,390.0,35.0,success,False,2026-08-21T01:58:12.628800+09:00
Editing Planner,,,failed,False,2026-08-19T12:23:36.492658+09:00
Editing Playbook,,,failed,False,2026-08-19T12:24:05.330216+09:00
Editing Point,1300.0,1.0,success,False,2026-08-19T12:26:57.441352+09:00
Editing Portal,140.0,1.0,success,False,2026-08-19T12:27:36.694411+09:00
Editing Preview,,,failed,False,2026-08-28T01:04:49.164769+09:00
Editing Profile,8100.0,0.0,success,True,2026-08-19T13:23:25.617100+09:00
Editing Profit,70.0,3.0,success,False,2026-08-23T02:53:52.134740+09:00
Editing Proposal,70.0,23.0,success,False,2026-08-28T01:04:51.979139+09:00
Editing Quota,,,failed,False,2026-08-21T00:31:30.142352+09:00
Editing Radar,,,failed,False,2026-08-19T12:26:17.646351+09:00
Editing Rail,,,failed,False,2026-08-19T12:27:49.196174+09:00
Editing Rate,260.0,4.0,success,False,2026-08-19T20:44:16.708983+09:00
Editing Recap,,,failed,False,2026-08-21T01:06:21.603341+09:00
Editing Receipt,590.0,43.0,success,False,2026-08-19T21:46:11.490049+09:00
Editing Register,,,failed,False,2026-08-19T12:23:48.028309+09:00
Editing Registry,9900.0,1.0,success,False,2026-08-19T12:24:09.089995+09:00
Editing Relay,,,failed,False,2026-08-19T12:26:22.946559+09:00
Editing Reminder,,,failed,False,2026-08-19T21:29:53.324584+09:00
Editing Report,260.0,11.0,success,False,2026-08-19T13:42:25.449993+09:00
Editing Repository,,,failed,False,2026-08-27T23:11:04.616430+09:00
Editing Result,3600.0,6.0,success,False,2026-08-28T00:47:08.445911+09:00
Editing Roster,,,failed,False,2026-08-19T12:25:38.632283+09:00
Editing Route,,,failed,False,2026-08-19T12:27:49.196174+09:00
Editing Rule,320.0,3.0,success,False,2026-08-23T03:18:21.895981+09:00
Editing Sale,,,failed,False,2026-08-21T02:21:06.391588+09:00
Editing Sample,720.0,3.0,success,False,2026-08-19T21:47:26.468483+09:00
Editing Scale,,,failed,False,2026-08-19T12:27:46.282540+09:00
Editing Scanner,2400.0,19.0,success,False,2026-08-27T23:53:34.112900+09:00
Editing Scheduler,,,failed,False,2026-08-19T12:23:40.274403+09:00
Editing Scope,20.0,2.0,success,False,2026-08-19T12:26:47.247206+09:00
Editing Score,,,failed,False,2026-08-19T13:22:52.997590+09:00
Editing Sheet,260.0,10.0,success,False,2026-08-19T13:21:52.267675+09:00
Editing Shortfall,,,failed,False,2026-08-27T21:50:49.400709+09:00
Editing Signal,,,failed,False,2026-08-19T12:26:41.238307+09:00
Editing Signature,1000.0,25.0,success,False,2026-08-23T13:27:48.876436+09:00
Editing Slip,,,failed,False,2026-08-19T21:47:13.005766+09:00
Editing Slot,,,failed,False,2026-08-19T21:47:40.553023+09:00
Editing Stage,170.0,5.0,success,False,2026-08-28T00:47:08.445911+09:00
Editing Stake,,,failed,False,2026-08-23T02:53:56.783780+09:00
Editing Statement,,,failed,False,2026-08-21T00:31:05.602481+09:00
Editing Station,170.0,2.0,success,False,2026-08-19T12:27:27.714904+09:00
Editing Status,720.0,0.0,success,False,2026-08-19T20:43:41.671766+09:00
Editing Stipend,,,failed,False,2026-08-23T13:47:46.605419+09:00
Editing Stub,,,failed,False,2026-08-21T00:30:57.917323+09:00
Editing Studio,3600.0,4.0,success,False,2026-08-19T12:27:23.710394+09:00
Editing Sum,,,failed,False,2026-08-21T02:31:03.884559+09:00
Editing Summary,260.0,2.0,success,False,2026-08-19T21:29:38.081788+09:00
Editing Tab,880.0,60.0,success,False,2026-08-21T00:31:43.518986+09:00
Editing Table,1300.0,39.0,success,False,2026-08-19T21:46:45.064278+09:00
Editing Tag,4400.0,2.0,success,False,2026-08-19T13:23:16.958274+09:00
Editing Tally,,,failed,False,2026-08-21T00:31:09.970083+09:00
Editing Tariff,,,failed,False,2026-08-21T02:38:13.377279+09:00
Editing Tax,140.0,6.0,success,False,2026-08-21T02:14:27.987170+09:00
Editing Ticket,10.0,11.0,success,False,2026-08-19T21:30:07.251599+09:00
Editing Tier,,,failed,False,2026-08-28T00:47:08.445911+09:00
Editing Timeline,1900.0,3.0,success,False,2026-08-19T21:29:44.160374+09:00
Editing Timer,,,failed,False,2026-08-28T00:23:35.070799+09:00
Editing Toll,,,failed,False,2026-08-21T02:38:06.910707+09:00
Editing Toolbox,,,failed,False,2026-08-28T00:23:47.118724+09:00
Editing Total,,,failed,False,2026-08-27T23:10:55.756193+09:00
Editing Tracker,20.0,3.0,success,False,2026-08-19T12:26:11.426688+09:00
Editing Trail,,,failed,False,2026-08-19T12:27:54.241154+09:00
Editing Trend,260.0,1.0,success,False,2026-08-28T01:04:46.455885+09:00
Editing Trial,,,failed,False,2026-08-27T21:19:43.592379+09:00
Editing Unit,50.0,0.0,success,False,2026-08-21T01:58:06.326002+09:00
Editing Update,30.0,3.0,success,False,2026-08-19T20:44:23.661281+09:00
Editing Value,,,failed,False,2026-08-23T02:53:54.584586+09:00
Editing Vault,30.0,1.0,success,False,2026-08-19T12:26:26.109725+09:00
Editing Version,720.0,0.0,success,False,2026-08-23T03:18:14.803596+09:00
Editing View,390.0,1.0,success,False,2026-08-19T20:43:48.362624+09:00
Editing Voucher,,,failed,False,2026-08-21T00:30:46.553076+09:00
Editing Watch,720.0,100.0,success,False,2026-08-19T12:26:44.704983+09:00
Editing Wave,,,failed,False,2026-08-19T12:26:50.558135+09:00
Editing Widget,,,failed,False,2026-08-27T23:11:01.656662+09:00
Editing Worksheet,880.0,7.0,success,False,2026-08-27T22:15:33.141509+09:00
Editing Workshop,210.0,22.0,success,False,2026-08-28T00:23:37.982808+09:00
Editing Zone,1000.0,0.0,success,True,2026-08-19T12:27:36.694411+09:00
Editorial Advance,10.0,0.0,success,False,2026-08-23T16:16:43.466007+09:00
Editorial Advisory,10.0,0.0,success,False,2026-08-21T01:08:00.929637+09:00
Editorial Allowance,,,failed,False,2026-08-21T02:44:44.036553+09:00
Editorial Almanac,,,failed,False,2026-08-18T22:12:06.505434+09:00
Editorial Analyzer,,,failed,False,2026-08-27T23:59:02.052548+09:00
Editorial Anchor,,,failed,False,2026-08-17T20:32:00.957216+09:00
Editorial Announcement,,,failed,False,2026-08-27T23:36:40.825682+09:00
Editorial Asset,,,failed,False,2026-08-23T13:48:23.745553+09:00
Editorial Assistant,2400.0,2.0,success,False,2026-08-17T23:09:32.191803+09:00
Editorial Atlas,720.0,3.0,success,False,2026-08-17T21:31:28.023870+09:00
Editorial Attribute,,,failed,False,2026-08-23T13:09:39.563884+09:00
Editorial Badge,,,failed,False,2026-08-21T00:35:11.745138+09:00
Editorial Balance,,,failed,False,2026-08-23T13:48:23.745553+09:00
Editorial Base,590.0,11.0,success,False,2026-08-17T20:46:04.855118+09:00
Editorial Beacon,,,failed,False,2026-08-17T20:36:00.761105+09:00
Editorial Bill,,,failed,False,2026-08-19T22:03:17.563220+09:00
Editorial Blueprint,,,failed,False,2026-08-18T22:11:59.574853+09:00
Editorial Board,4400.0,0.0,success,True,2026-08-17T20:43:26.313536+09:00
Editorial Book,1000.0,35.0,success,False,2026-08-19T22:04:07.178529+09:00
Editorial Bridge,70.0,1.0,success,False,2026-08-17T20:33:09.747000+09:00
Editorial Brief,90.0,2.0,success,False,2026-08-21T01:07:54.087465+09:00
Editorial Bulletin,,,failed,False,2026-08-21T01:07:51.915989+09:00
Editorial Calendar,2400.0,23.0,success,False,2026-08-19T00:02:56.248931+09:00
Editorial Card,50.0,0.0,success,False,2026-08-19T13:36:50.709528+09:00
Editorial Cascade,,,failed,False,2026-08-17T20:34:09.472739+09:00
Editorial Cash,,,failed,False,2026-08-21T02:29:53.730886+09:00
Editorial Category,10.0,0.0,success,False,2026-08-23T13:09:37.494287+09:00
Editorial Center,10.0,4.0,success,False,2026-08-17T20:38:19.209708+09:00
Editorial Chain,,,failed,False,2026-08-17T21:36:47.272145+09:00
Editorial Charge,,,failed,False,2026-08-21T02:44:32.833058+09:00
Editorial Check,30.0,11.0,success,False,2026-08-19T13:37:25.441438+09:00
Editorial Checker,30.0,11.0,success,False,2026-08-27T23:58:55.210944+09:00
Editorial Circular,,,failed,False,2026-08-21T01:07:58.607843+09:00
Editorial Cockpit,,,failed,False,2026-08-17T23:30:33.375533+09:00
Editorial Code,720.0,26.0,success,False,2026-08-19T22:03:36.532480+09:00
Editorial Codex,140.0,3.0,success,False,2026-08-18T22:12:21.706710+09:00
Editorial Companion,,,failed,False,2026-08-17T23:07:30.676472+09:00
Editorial Comparison,,,failed,False,2026-08-28T01:08:39.859150+09:00
Editorial Compass,170.0,15.0,success,False,2026-08-17T20:36:59.320935+09:00
Editorial Compendium,,,failed,False,2026-08-18T22:12:13.672404+09:00
Editorial Confirmation,,,failed,False,2026-08-21T01:08:10.104042+09:00
Editorial Console,,,failed,False,2026-08-17T20:35:32.317442+09:00
Editorial Contribution,10.0,0.0,success,False,2026-08-23T16:16:43.466007+09:00
Editorial Converter,,,failed,False,2026-08-27T23:36:44.866320+09:00
Editorial Core,,,failed,False,2026-08-17T20:45:16.547101+09:00
Editorial Cost,30.0,5.0,success,False,2026-08-21T02:14:13.791830+09:00
Editorial Count,,,failed,False,2026-08-27T22:51:07.925641+09:00
Editorial Counter,,,failed,False,2026-08-19T00:03:38.462918+09:00
Editorial Dashboard,1300.0,2.0,success,False,2026-08-17T23:12:41.358995+09:00
Editorial Deal,,,failed,False,2026-08-21T01:59:11.823228+09:00
Editorial Debt,,,failed,False,2026-08-21T02:29:47.040271+09:00
Editorial Deck,10.0,2.0,success,False,2026-08-17T20:42:29.560038+09:00
Editorial Depot,,,failed,False,2026-08-19T00:03:23.645450+09:00
Editorial Desk,320.0,25.0,success,False,2026-08-17T20:40:32.567080+09:00
Editorial Detail,,,failed,False,2026-08-23T03:23:46.825883+09:00
Editorial Detector,,,failed,False,2026-08-27T23:58:58.371988+09:00
Editorial Diagram,,,failed,False,2026-08-27T22:15:03.740456+09:00
Editorial Dial,,,failed,False,2026-08-17T20:33:42.611240+09:00
Editorial Digest,,,failed,False,2026-08-19T20:47:43.737608+09:00
Editorial Directory,110.0,3.0,success,False,2026-08-19T00:03:01.180289+09:00
Editorial Discount,,,failed,False,2026-08-23T16:16:43.466007+09:00
Editorial Dock,,,failed,False,2026-08-17T21:41:25.564008+09:00
Editorial Dossier,50.0,0.0,success,False,2026-08-21T01:08:12.622841+09:00
Editorial Downpayment,,,failed,False,2026-08-27T21:50:20.259806+09:00
Editorial Draft,70.0,0.0,success,False,2026-08-19T20:47:58.897100+09:00
Editorial Due,,,failed,False,2026-08-23T15:52:54.963093+09:00
Editorial Duty,,,failed,False,2026-08-21T02:44:37.347457+09:00
Editorial Endowment,,,failed,False,2026-08-23T15:52:57.176155+09:00
Editorial Engine,,,failed,False,2026-08-17T23:29:31.685360+09:00
Editorial Entry,,,failed,False,2026-08-21T01:08:27.933703+09:00
Editorial Estimate,,,failed,False,2026-08-19T21:32:42.554846+09:00
Editorial Estimator,,,failed,False,2026-08-27T23:58:55.210944+09:00
Editorial Excerpt,20.0,0.0,success,False,2026-08-21T01:08:23.538465+09:00
Editorial Fare,,,failed,False,2026-08-21T02:14:19.948102+09:00
Editorial Fee,140.0,8.0,success,False,2026-08-21T01:58:56.625492+09:00
Editorial Feed,10.0,0.0,success,False,2026-08-19T20:47:51.523685+09:00
Editorial Field,30.0,0.0,success,False,2026-08-23T13:09:42.107006+09:00
Editorial File,10.0,0.0,success,False,2026-08-19T20:47:22.248072+09:00
Editorial Finder,,,failed,False,2026-08-19T00:03:16.369023+09:00
Editorial Fine,,,failed,False,2026-08-23T02:58:08.701487+09:00
Editorial Flow,1300.0,9.0,success,False,2026-08-17T20:42:54.961047+09:00
Editorial Forge,,,failed,False,2026-08-17T20:35:03.370957+09:00
Editorial Form,1300.0,0.0,success,True,2026-08-19T13:36:19.763333+09:00
Editorial Format,1300.0,0.0,success,True,2026-08-23T13:09:44.174186+09:00
Editorial Frame,20.0,32.0,success,False,2026-08-17T20:47:16.621554+09:00
Editorial Fund,,,failed,False,2026-08-21T02:29:49.445628+09:00
Editorial Gate,,,failed,False,2026-08-17T21:33:37.652467+09:00
Editorial Generator,10.0,39.0,success,False,2026-08-27T23:36:44.866320+09:00
Editorial Grid,260.0,1.0,success,False,2026-08-17T21:37:21.496927+09:00
Editorial Guard,,,failed,False,2026-08-17T20:45:42.370254+09:00
Editorial Guardian,320.0,0.0,success,False,2026-08-28T00:27:21.214223+09:00
Editorial Guidebook,,,failed,False,2026-08-18T22:11:39.333366+09:00
Editorial Helpdesk,,,failed,False,2026-08-27T22:51:13.312396+09:00
Editorial Helper,,,failed,False,2026-08-28T00:27:23.571229+09:00
Editorial History,20.0,0.0,success,False,2026-08-19T20:47:15.115131+09:00
Editorial Hub,170.0,2.0,success,False,2026-08-17T20:42:06.946542+09:00
Editorial Identifier,,,failed,False,2026-08-23T13:09:35.316031+09:00
Editorial Index,30.0,1.0,success,False,2026-08-19T21:32:38.095873+09:00
Editorial Insight,210.0,0.0,success,False,2026-08-17T23:30:19.900529+09:00
Editorial Item,,,failed,False,2026-08-21T01:59:00.317369+09:00
Editorial Journal,1000.0,4.0,success,False,2026-08-18T22:11:21.547380+09:00
Editorial Keeper,,,failed,False,2026-08-17T20:48:00.384731+09:00
Editorial Kit,,,failed,False,2026-08-27T22:51:05.430430+09:00
Editorial Lab,,,failed,False,2026-08-17T20:40:52.985789+09:00
Editorial Label,,,failed,False,2026-08-27T22:14:55.683786+09:00
Editorial Ledger,,,failed,False,2026-08-17T20:44:17.126543+09:00
Editorial Lens,,,failed,False,2026-08-17T20:48:34.410191+09:00
Editorial Level,10.0,0.0,success,False,2026-08-19T20:47:28.016879+09:00
Editorial Link,390.0,27.0,success,False,2026-08-23T03:23:43.125766+09:00
Editorial List,390.0,3.0,success,False,2026-08-19T22:03:44.565114+09:00
Editorial Loan,10.0,5.0,success,False,2026-08-21T02:14:27.987170+09:00
Editorial Locator,,,failed,False,2026-08-19T00:03:06.405993+09:00
Editorial Lock,,,failed,False,2026-08-17T21:31:59.895065+09:00
Editorial Log,,,failed,False,2026-08-19T13:35:50.277889+09:00
Editorial Loop,,,failed,False,2026-08-17T21:38:29.386806+09:00
Editorial Manager,5400.0,3.0,success,False,2026-08-17T20:46:42.242736+09:00
Editorial Manual,70.0,0.0,success,False,2026-08-27T22:14:55.683786+09:00
Editorial Map,70.0,17.0,success,False,2026-08-17T21:30:50.388708+09:00
Editorial Margin,,,failed,False,2026-08-23T02:58:06.031542+09:00
Editorial Markup,30.0,0.0,success,False,2026-08-23T16:40:11.516867+09:00
Editorial Memo,10.0,1.0,success,False,2026-08-21T00:35:23.760596+09:00
Editorial Message,320.0,0.0,success,False,2026-08-27T23:16:13.930951+09:00
Editorial Meter,,,failed,False,2026-08-17T20:32:36.001496+09:00
Editorial Metrics,10.0,5.0,success,False,2026-08-17T23:05:39.217461+09:00
Editorial Monitor,10.0,0.0,success,False,2026-08-17T23:11:08.683373+09:00
Editorial Navigator,,,failed,False,2026-08-17T23:30:49.193189+09:00
Editorial Nexus,20.0,0.0,success,False,2026-08-17T21:32:36.544768+09:00
Editorial Node,,,failed,False,2026-08-17T21:34:39.149688+09:00
Editorial Note,2900.0,1.0,success,False,2026-08-19T13:37:46.745101+09:00
Editorial Notification,,,failed,False,2026-08-27T22:51:00.093213+09:00
Editorial Number,10.0,0.0,success,False,2026-08-23T03:23:37.132752+09:00
Editorial Office,720.0,2.0,success,False,2026-08-19T00:03:29.017691+09:00
Editorial Ops,,,failed,False,2026-08-17T23:14:25.326532+09:00
Editorial Order,10.0,0.0,success,False,2026-08-19T22:03:08.515859+09:00
Editorial Organizer,10.0,0.0,success,False,2026-08-17T23:30:05.459796+09:00
Editorial Outline,140.0,0.0,success,False,2026-08-27T22:29:30.000621+09:00
Editorial Overage,,,failed,False,2026-08-27T21:50:17.905826+09:00
Editorial Overdue,,,failed,False,2026-08-27T21:50:13.120936+09:00
Editorial Panel,20.0,0.0,success,False,2026-08-17T20:34:34.179062+09:00
Editorial Pass,10.0,2.0,success,False,2026-08-21T00:35:09.628137+09:00
Editorial Path,,,failed,False,2026-08-17T21:34:09.721109+09:00
Editorial Payoff,,,failed,False,2026-08-27T21:50:15.580858+09:00
Editorial Petition,,,failed,False,2026-08-21T01:08:06.645069+09:00
Editorial Pilot,10.0,0.0,success,False,2026-08-17T20:41:16.510977+09:00
Editorial Plan,720.0,7.0,success,False,2026-08-21T01:59:08.747160+09:00
Editorial Planner,720.0,7.0,success,False,2026-08-17T23:29:46.030396+09:00
Editorial Playbook,,,failed,False,2026-08-18T22:11:13.751205+09:00
Editorial Point,,,failed,False,2026-08-17T21:33:10.630129+09:00
Editorial Portal,20.0,3.0,success,False,2026-08-17T20:36:26.800121+09:00
Editorial Preview,,,failed,False,2026-08-28T01:08:39.859150+09:00
Editorial Profile,30.0,0.0,success,False,2026-08-19T13:38:13.390546+09:00
Editorial Profit,140.0,12.0,success,False,2026-08-23T02:57:59.639367+09:00
Editorial Proposal,20.0,10.0,success,False,2026-08-28T01:08:42.554310+09:00
Editorial Pulse,,,failed,False,2026-08-17T21:36:20.278504+09:00
Editorial Radar,10.0,0.0,success,False,2026-08-17T20:39:41.640400+09:00
Editorial Rail,,,failed,False,2026-08-17T21:39:19.495692+09:00
Editorial Rank,,,failed,False,2026-08-28T00:48:52.338706+09:00
Editorial Rate,260.0,4.0,success,False,2026-08-19T20:47:33.785997+09:00
Editorial Recap,,,failed,False,2026-08-21T01:08:18.401082+09:00
Editorial Receipt,,,failed,False,2026-08-19T22:03:26.204468+09:00
Editorial Register,,,failed,False,2026-08-17T23:31:10.385394+09:00
Editorial Registry,,,failed,False,2026-08-18T22:11:47.554399+09:00
Editorial Relay,,,failed,False,2026-08-17T20:38:46.053243+09:00
Editorial Reminder,,,failed,False,2026-08-19T21:32:34.534523+09:00
Editorial Report,170.0,0.0,success,False,2026-08-19T13:35:44.896452+09:00
Editorial Repository,,,failed,False,2026-08-27T23:16:26.018143+09:00
Editorial Result,,,failed,False,2026-08-28T00:48:49.804197+09:00
Editorial Roadmap,10.0,13.0,success,False,2026-08-18T23:50:55.831862+09:00
Editorial Roster,,,failed,False,2026-08-19T00:38:24.169663+09:00
Editorial Route,,,failed,False,2026-08-18T07:52:15.038723+09:00
Editorial Rule,,,failed,False,2026-08-23T03:23:46.825883+09:00
Editorial Sale,10.0,10.0,success,False,2026-08-21T02:29:56.209810+09:00
Editorial Sample,6600.0,0.0,success,True,2026-08-19T22:04:26.155627+09:00
Editorial Scale,,,failed,False,2026-08-18T07:52:01.229242+09:00
Editorial Scanner,10.0,,success,False,2026-08-27T23:58:58.371988+09:00
Editorial Scheduler,,,failed,False,2026-08-17T23:03:53.626473+09:00
Editorial Scope,,,failed,False,2026-08-17T21:40:41.309160+09:00
Editorial Score,,,failed,False,2026-08-19T13:37:36.286521+09:00
Editorial Sentry,,,failed,False,2026-08-17T21:30:18.085086+09:00
Editorial Serial,,,failed,False,2026-08-23T13:28:15.741943+09:00
Editorial Sheet,,,failed,False,2026-08-19T13:37:00.513744+09:00
Editorial Shortfall,,,failed,False,2026-08-27T21:50:22.560575+09:00
Editorial Signal,,,failed,False,2026-08-18T07:52:58.974940+09:00
Editorial Signature,,,failed,False,2026-08-23T13:28:15.741943+09:00
Editorial Slip,,,failed,False,2026-08-19T22:04:17.404214+09:00
Editorial Slot,,,failed,False,2026-08-19T22:04:38.551336+09:00
Editorial Snapshot,,,failed,False,2026-08-18T22:11:32.522772+09:00
Editorial Stage,,,failed,False,2026-08-28T00:48:49.804197+09:00
Editorial Stake,,,failed,False,2026-08-23T02:58:03.774409+09:00
Editorial Stamp,,,failed,False,2026-08-23T13:28:17.743262+09:00
Editorial Statement,50.0,0.0,success,False,2026-08-21T00:35:16.287713+09:00
Editorial Station,,,failed,False,2026-08-17T20:40:08.225876+09:00
Editorial Status,,,failed,False,2026-08-19T20:47:03.354167+09:00
Editorial Stipend,,,failed,False,2026-08-23T13:48:27.768488+09:00
Editorial Streak,,,failed,False,2026-08-28T00:48:52.338706+09:00
Editorial Studio,110.0,10.0,success,False,2026-08-17T20:41:46.079279+09:00
Editorial Subsidy,,,failed,False,2026-08-23T15:52:57.176155+09:00
Editorial Suite,20.0,1.0,success,False,2026-08-17T23:14:44.117441+09:00
Editorial Sum,,,failed,False,2026-08-21T02:29:43.973308+09:00
Editorial Summary,50.0,1.0,success,False,2026-08-19T21:32:30.611292+09:00
Editorial Surtax,,,failed,False,2026-08-23T15:52:59.645505+09:00
Editorial Sync,,,failed,False,2026-08-17T20:43:55.064759+09:00
Editorial Tab,,,failed,False,2026-08-21T00:35:34.561312+09:00
Editorial Table,,,failed,False,2026-08-19T22:03:56.439657+09:00
Editorial Tag,,,failed,False,2026-08-19T13:37:53.958127+09:00
Editorial Tariff,,,failed,False,2026-08-21T02:44:46.644995+09:00
Editorial Tax,90.0,0.0,success,False,2026-08-21T02:14:24.666160+09:00
Editorial Ticket,,,failed,False,2026-08-19T21:32:39.944567+09:00
Editorial Timeline,20.0,2.0,success,False,2026-08-19T21:32:32.734528+09:00
Editorial Timer,,,failed,False,2026-08-28T00:27:17.609628+09:00
Editorial Toll,,,failed,False,2026-08-21T02:44:40.179717+09:00
Editorial Toolbox,10.0,,success,False,2026-08-28T00:27:23.571229+09:00
Editorial Toolkit,,,failed,False,2026-08-18T22:11:05.779319+09:00
Editorial Total,,,failed,False,2026-08-27T23:16:21.897779+09:00
Editorial Tracker,20.0,6.0,success,False,2026-08-17T20:44:37.629482+09:00
Editorial Trail,,,failed,False,2026-08-17T21:37:57.485180+09:00
Editorial Trend,,,failed,False,2026-08-28T01:08:35.196750+09:00
Editorial Trial,,,failed,False,2026-08-27T21:19:31.239406+09:00
Editorial Unit,10.0,0.0,success,False,2026-08-21T01:59:06.761411+09:00
Editorial Update,40.0,1.0,success,False,2026-08-19T20:47:36.057637+09:00
Editorial Value,30.0,0.0,success,False,2026-08-23T02:58:01.593171+09:00
Editorial Vault,,,failed,False,2026-08-17T20:37:58.727524+09:00
Editorial Version,,,failed,False,2026-08-23T03:23:40.065475+09:00
Editorial View,40.0,0.0,success,False,2026-08-19T20:47:08.500238+09:00
Editorial Watch,,,failed,False,2026-08-18T01:28:07.797651+09:00
Editorial Wave,,,failed,False,2026-08-17T21:35:14.152571+09:00
Editorial Widget,,,failed,False,2026-08-27T23:16:21.897779+09:00
Editorial Workbench,,,failed,False,2026-08-18T22:10:58.146959+09:00
Editorial Worksheet,20.0,0.0,success,False,2026-08-27T22:14:59.305692+09:00
Editorial Workshop,20.0,6.0,success,False,2026-08-28T00:27:21.214223+09:00
Editorial Zone,,,failed,False,2026-08-17T20:37:26.547523+09:00
Efficiency Advance,,,failed,False,2026-08-23T16:16:26.754683+09:00
Efficiency Advisory,,,failed,False,2026-08-21T01:09:22.527514+09:00
Efficiency Allowance,10.0,0.0,success,False,2026-08-21T02:39:44.265069+09:00
Efficiency Almanac,,,failed,False,2026-08-18T22:10:32.480742+09:00
Efficiency Analyzer,10.0,,success,False,2026-08-27T23:51:51.958622+09:00
Efficiency Anchor,,,failed,False,2026-08-17T20:37:47.401646+09:00
Efficiency Announcement,,,failed,False,2026-08-27T23:31:50.398588+09:00
Efficiency Arrears,,,failed,False,2026-08-23T16:16:24.189782+09:00
Efficiency Assistant,,,failed,False,2026-08-17T23:06:57.045511+09:00
Efficiency Atlas,,,failed,False,2026-08-17T21:37:44.992622+09:00
Efficiency Attribute,,,failed,False,2026-08-23T13:07:37.097248+09:00
Efficiency Balance,,,failed,False,2026-08-23T13:47:46.605419+09:00
Efficiency Base,,,failed,False,2026-08-17T21:33:59.802696+09:00
Efficiency Beacon,,,failed,False,2026-08-17T20:41:09.985510+09:00
Efficiency Bill,,,failed,False,2026-08-19T21:57:53.749303+09:00
Efficiency Blueprint,,,failed,False,2026-08-18T22:10:22.903886+09:00
Efficiency Board,10.0,2.0,success,False,2026-08-17T21:30:41.512165+09:00
Efficiency Book,320.0,40.0,success,False,2026-08-19T21:58:39.226398+09:00
Efficiency Bridge,,,failed,False,2026-08-17T20:38:36.286112+09:00
Efficiency Brief,,,failed,False,2026-08-21T01:09:15.818493+09:00
Efficiency Bulletin,,,failed,False,2026-08-21T01:09:08.778546+09:00
Efficiency Calculator,1600.0,0.0,success,True,2026-08-27T23:31:53.599891+09:00
Efficiency Calendar,,,failed,False,2026-08-18T23:58:41.085151+09:00
Efficiency Card,,,failed,False,2026-08-19T13:37:50.110679+09:00
Efficiency Cascade,,,failed,False,2026-08-17T20:39:32.550443+09:00
Efficiency Cash,,,failed,False,2026-08-21T02:23:33.552099+09:00
Efficiency Cashback,,,failed,False,2026-08-27T21:19:20.192831+09:00
Efficiency Catalog,,,failed,False,2026-08-19T21:12:47.142527+09:00
Efficiency Category,10.0,2.0,success,False,2026-08-23T13:07:32.830763+09:00
Efficiency Center,480.0,6.0,success,False,2026-08-17T20:43:15.863986+09:00
Efficiency Chain,,,failed,False,2026-08-17T20:32:21.226449+09:00
Efficiency Charge,,,failed,False,2026-08-21T02:39:30.658601+09:00
Efficiency Check,20.0,19.0,success,False,2026-08-19T13:38:21.044998+09:00
Efficiency Checker,10.0,0.0,success,False,2026-08-27T23:51:38.023281+09:00
Efficiency Checklist,,,failed,False,2026-08-19T21:11:53.117390+09:00
Efficiency Circular,,,failed,False,2026-08-21T01:09:17.934023+09:00
Efficiency Cockpit,,,failed,False,2026-08-17T23:26:04.596222+09:00
Efficiency Code,590.0,1.0,success,False,2026-08-19T21:58:14.220154+09:00
Efficiency Codex,,,failed,False,2026-08-18T22:10:48.955418+09:00
Efficiency Companion,,,failed,False,2026-08-17T23:04:42.962346+09:00
Efficiency Comparison,50.0,0.0,success,False,2026-08-28T01:03:01.405243+09:00
Efficiency Compass,,,failed,False,2026-08-17T20:42:00.146835+09:00
Efficiency Compendium,,,failed,False,2026-08-18T22:10:38.085042+09:00
Efficiency Confirmation,,,failed,False,2026-08-21T01:09:29.468190+09:00
Efficiency Console,,,failed,False,2026-08-17T20:40:48.754907+09:00
Efficiency Contribution,,,failed,False,2026-08-23T16:16:24.189782+09:00
Efficiency Converter,,,failed,False,2026-08-27T23:31:53.599891+09:00
Efficiency Core,880.0,1.0,success,False,2026-08-17T21:33:02.340741+09:00
Efficiency Cost,9900.0,0.0,success,True,2026-08-21T02:07:34.217644+09:00
Efficiency Counter,,,failed,False,2026-08-18T23:59:34.906916+09:00
Efficiency Coupon,,,failed,False,2026-08-27T21:19:20.192831+09:00
Efficiency Dashboard,40.0,12.0,success,False,2026-08-17T23:10:22.607509+09:00
Efficiency Deal,,,failed,False,2026-08-21T01:51:00.424955+09:00
Efficiency Debt,,,failed,False,2026-08-21T02:23:27.282211+09:00
Efficiency Deck,,,failed,False,2026-08-17T20:48:23.905428+09:00
Efficiency Depot,,,failed,False,2026-08-18T23:59:14.499030+09:00
Efficiency Desk,20.0,90.0,success,False,2026-08-17T20:45:33.619281+09:00
Efficiency Detail,,,failed,False,2026-08-23T03:19:32.678416+09:00
Efficiency Detector,140.0,0.0,success,False,2026-08-27T23:51:48.203996+09:00
Efficiency Dial,,,failed,False,2026-08-17T20:39:09.333217+09:00
Efficiency Digest,,,failed,False,2026-08-19T20:39:37.927726+09:00
Efficiency Directory,,,failed,False,2026-08-18T23:58:49.693970+09:00
Efficiency Discount,,,failed,False,2026-08-23T16:16:17.008573+09:00
Efficiency Dock,,,failed,False,2026-08-17T20:35:19.683482+09:00
Efficiency Dossier,,,failed,False,2026-08-21T01:09:34.280846+09:00
Efficiency Downpayment,,,failed,False,2026-08-27T21:50:15.580858+09:00
Efficiency Draft,,,failed,False,2026-08-19T20:39:52.613613+09:00
Efficiency Duty,,,failed,False,2026-08-21T02:39:36.901337+09:00
Efficiency Engine,1000.0,0.0,success,True,2026-08-17T23:24:32.888927+09:00
Efficiency Entry,,,failed,False,2026-08-21T00:58:25.474774+09:00
Efficiency Estimate,,,failed,False,2026-08-19T21:12:37.502456+09:00
Efficiency Estimator,90.0,0.0,success,False,2026-08-27T23:51:38.023281+09:00
Efficiency Excerpt,,,failed,False,2026-08-21T01:09:44.260038+09:00
Efficiency Fare,,,failed,False,2026-08-21T02:07:41.553019+09:00
Efficiency Fee,,,failed,False,2026-08-21T01:50:32.476329+09:00
Efficiency Feed,,,failed,False,2026-08-19T20:39:47.752844+09:00
Efficiency File,170.0,2.0,success,False,2026-08-19T20:39:03.354865+09:00
Efficiency Finder,10.0,0.0,success,False,2026-08-18T23:59:06.121375+09:00
Efficiency Fine,,,failed,False,2026-08-23T02:54:50.074152+09:00
Efficiency Flag,,,failed,False,2026-08-21T00:35:31.431507+09:00
Efficiency Flow,,,failed,False,2026-08-17T21:30:08.257838+09:00
Efficiency Forge,,,failed,False,2026-08-17T20:40:26.535789+09:00
Efficiency Form,170.0,13.0,success,False,2026-08-19T13:37:39.358157+09:00
Efficiency Format,,,failed,False,2026-08-23T13:07:39.256451+09:00
Efficiency Frame,,,failed,False,2026-08-17T21:35:02.943607+09:00
Efficiency Fund,,,failed,False,2026-08-21T02:23:31.419607+09:00
Efficiency Gate,,,failed,False,2026-08-17T21:41:14.862117+09:00
Efficiency Generator,70.0,100.0,success,False,2026-08-27T23:31:58.292490+09:00
Efficiency Giveaway,,,failed,False,2026-08-27T21:19:28.438229+09:00
Efficiency Grade,,,failed,False,2026-08-21T00:35:23.760596+09:00
Efficiency Graph,170.0,1.0,success,False,2026-08-27T22:14:45.094035+09:00
Efficiency Grid,,,failed,False,2026-08-17T20:32:57.689274+09:00
Efficiency Guarantee,10.0,0.0,success,False,2026-08-28T01:03:06.788782+09:00
Efficiency Guard,,,failed,False,2026-08-17T21:33:28.260657+09:00
Efficiency Guardian,,,failed,False,2026-08-28T00:22:04.244333+09:00
Efficiency Guidebook,,,failed,False,2026-08-18T22:10:08.621452+09:00
Efficiency Helpdesk,,,failed,False,2026-08-27T22:44:05.542192+09:00
Efficiency Helper,,,failed,False,2026-08-28T00:22:11.514597+09:00
Efficiency History,,,failed,False,2026-08-19T20:38:53.768635+09:00
Efficiency Hotline,,,failed,False,2026-08-19T21:12:59.685218+09:00
Efficiency Hub,30.0,4.0,success,False,2026-08-17T20:47:45.474295+09:00
Efficiency Identifier,,,failed,False,2026-08-23T13:07:32.830763+09:00
Efficiency Incentive,,,failed,False,2026-08-27T21:19:26.078520+09:00
Efficiency Index,170.0,0.0,success,False,2026-08-19T21:12:04.004296+09:00
Efficiency Insight,,,failed,False,2026-08-17T23:25:47.175267+09:00
Efficiency Installment,,,failed,False,2026-08-23T16:16:21.487176+09:00
Efficiency Interest,,,failed,False,2026-08-23T13:47:49.087746+09:00
Efficiency Item,,,failed,False,2026-08-21T01:50:37.837516+09:00
Efficiency Journal,10.0,41.0,success,False,2026-08-18T22:09:52.210960+09:00
Efficiency Keeper,,,failed,False,2026-08-17T21:35:36.118436+09:00
Efficiency Lab,110.0,2.0,success,False,2026-08-17T20:45:56.929111+09:00
Efficiency Label,70.0,0.0,success,False,2026-08-27T22:14:48.502479+09:00
Efficiency Ledger,,,failed,False,2026-08-17T21:31:49.761986+09:00
Efficiency Lens,,,failed,False,2026-08-17T21:36:07.544663+09:00
Efficiency Level,260.0,0.0,success,False,2026-08-19T20:39:14.214038+09:00
Efficiency Levy,,,failed,False,2026-08-23T13:47:51.726767+09:00
Efficiency Link,,,failed,False,2026-08-23T03:19:26.945614+09:00
Efficiency List,110.0,0.0,success,False,2026-08-19T21:58:22.475915+09:00
Efficiency Loan,,,failed,False,2026-08-21T02:07:53.857202+09:00
Efficiency Locator,,,failed,False,2026-08-18T23:58:57.268328+09:00
Efficiency Lock,,,failed,False,2026-08-17T21:38:15.647846+09:00
Efficiency Log,,,failed,False,2026-08-19T13:37:32.755916+09:00
Efficiency Loop,,,failed,False,2026-08-17T20:34:01.116253+09:00
Efficiency Manager,170.0,1.0,success,False,2026-08-17T21:34:29.947705+09:00
Efficiency Manual,,,failed,False,2026-08-27T22:14:48.502479+09:00
Efficiency Map,90.0,1.0,success,False,2026-08-17T21:37:05.127331+09:00
Efficiency Margin,30.0,0.0,success,False,2026-08-23T02:54:48.016404+09:00
Efficiency Memo,,,failed,False,2026-08-21T00:35:29.281212+09:00
Efficiency Meter,40.0,21.0,success,False,2026-08-17T20:38:12.491374+09:00
Efficiency Metrics,260.0,1.0,success,False,2026-08-17T23:15:28.966007+09:00
Efficiency Monitor,40.0,4.0,success,False,2026-08-17T23:08:44.294677+09:00
Efficiency Navigator,70.0,2.0,success,False,2026-08-17T23:26:18.163850+09:00
Efficiency Nexus,,,failed,False,2026-08-17T21:39:05.774100+09:00
Efficiency Node,10.0,0.0,success,False,2026-08-18T07:53:03.495247+09:00
Efficiency Note,,,failed,False,2026-08-19T13:38:58.073256+09:00
Efficiency Notification,,,failed,False,2026-08-27T22:51:44.321364+09:00
Efficiency Number,20.0,0.0,success,False,2026-08-23T03:19:21.354912+09:00
Efficiency Office,390.0,10.0,success,False,2026-08-18T23:59:24.120788+09:00
Efficiency Ops,,,failed,False,2026-08-17T23:11:59.928630+09:00
Efficiency Order,,,failed,False,2026-08-19T21:57:41.163401+09:00
Efficiency Organizer,,,failed,False,2026-08-17T23:25:24.044948+09:00
Efficiency Overage,,,failed,False,2026-08-27T21:50:13.120936+09:00
Efficiency Overdue,,,failed,False,2026-08-27T21:50:10.340173+09:00
Efficiency Panel,,,failed,False,2026-08-17T20:40:01.743309+09:00
Efficiency Path,,,failed,False,2026-08-17T21:41:44.845375+09:00
Efficiency Payoff,,,failed,False,2026-08-27T21:50:13.120936+09:00
Efficiency Penalty,20.0,0.0,success,False,2026-08-23T16:40:00.457844+09:00
Efficiency Petition,,,failed,False,2026-08-21T01:09:26.967706+09:00
Efficiency Pilot,,,failed,False,2026-08-17T20:46:26.563596+09:00
Efficiency Plan,170.0,1.0,success,False,2026-08-21T01:50:57.666770+09:00
Efficiency Planner,170.0,1.0,success,False,2026-08-17T23:24:54.415182+09:00
Efficiency Playbook,,,failed,False,2026-08-18T22:09:44.783040+09:00
Efficiency Point,50.0,0.0,success,False,2026-08-17T21:39:57.727763+09:00
Efficiency Portal,,,failed,False,2026-08-17T20:41:35.724700+09:00
Efficiency Preview,,,failed,False,2026-08-28T01:03:04.018813+09:00
Efficiency Profile,,,failed,False,2026-08-19T13:39:26.336599+09:00
Efficiency Profit,,,failed,False,2026-08-23T02:54:41.831535+09:00
Efficiency Proposal,,,failed,False,2026-08-28T01:03:06.788782+09:00
Efficiency Pulse,,,failed,False,2026-08-17T20:31:46.547401+09:00
Efficiency Queue,,,failed,False,2026-08-19T21:12:28.088394+09:00
Efficiency Radar,,,failed,False,2026-08-17T20:44:29.668652+09:00
Efficiency Rail,,,failed,False,2026-08-17T20:34:23.568448+09:00
Efficiency Rank,,,failed,False,2026-08-28T00:46:12.619703+09:00
Efficiency Rate,320.0,0.0,success,False,2026-08-19T20:39:21.250222+09:00
Efficiency Recap,,,failed,False,2026-08-21T01:09:36.550865+09:00
Efficiency Receipt,,,failed,False,2026-08-19T21:58:02.735072+09:00
Efficiency Recorder,,,failed,False,2026-08-27T23:32:01.853038+09:00
Efficiency Register,10.0,0.0,success,False,2026-08-17T23:26:31.743192+09:00
Efficiency Registry,,,failed,False,2026-08-18T22:10:14.241136+09:00
Efficiency Relay,,,failed,False,2026-08-17T20:43:44.073906+09:00
Efficiency Reminder,,,failed,False,2026-08-19T21:11:41.705907+09:00
Efficiency Report,170.0,3.0,success,False,2026-08-19T13:37:07.437416+09:00
Efficiency Result,,,failed,False,2026-08-28T00:46:12.619703+09:00
Efficiency Roadmap,,,failed,False,2026-08-18T22:10:58.146959+09:00
Efficiency Route,,,failed,False,2026-08-17T20:36:17.521162+09:00
Efficiency Rule,70.0,0.0,success,False,2026-08-23T03:19:30.157366+09:00
Efficiency Sale,,,failed,False,2026-08-21T02:23:42.049826+09:00
Efficiency Sample,320.0,0.0,success,False,2026-08-19T21:58:59.534733+09:00
Efficiency Scale,590.0,0.0,success,False,2026-08-17T20:37:16.947301+09:00
Efficiency Scheduler,40.0,10.0,success,False,2026-08-17T23:13:55.425659+09:00
Efficiency Scope,,,failed,False,2026-08-17T20:34:51.045190+09:00
Efficiency Score,90.0,0.0,success,False,2026-08-19T13:38:33.395376+09:00
Efficiency Sentry,,,failed,False,2026-08-17T21:36:36.847955+09:00
Efficiency Sheet,,,failed,False,2026-08-19T13:38:06.946096+09:00
Efficiency Shortfall,,,failed,False,2026-08-27T21:50:17.905826+09:00
Efficiency Signal,,,failed,False,2026-08-17T20:36:48.387810+09:00
Efficiency Slip,,,failed,False,2026-08-19T21:58:51.076600+09:00
Efficiency Slot,,,failed,False,2026-08-19T21:59:07.775168+09:00
Efficiency Snapshot,,,failed,False,2026-08-18T22:10:00.373367+09:00
Efficiency Stake,,,failed,False,2026-08-23T02:54:45.895962+09:00
Efficiency Statement,20.0,0.0,success,False,2026-08-21T00:35:16.287713+09:00
Efficiency Station,,,failed,False,2026-08-17T20:45:10.862003+09:00
Efficiency Status,,,failed,False,2026-08-19T20:38:33.715363+09:00
Efficiency Stipend,,,failed,False,2026-08-23T13:47:56.055627+09:00
Efficiency Studio,260.0,12.0,success,False,2026-08-17T20:47:04.642239+09:00
Efficiency Subsidy,,,failed,False,2026-08-23T15:52:37.821939+09:00
Efficiency Suite,110.0,12.0,success,False,2026-08-17T23:12:17.050075+09:00
Efficiency Sum,,,failed,False,2026-08-21T02:23:20.274615+09:00
Efficiency Summary,,,failed,False,2026-08-19T21:11:19.546080+09:00
Efficiency Sync,,,failed,False,2026-08-17T21:31:15.457583+09:00
Efficiency Tab,,,failed,False,2026-08-21T00:35:36.889482+09:00
Efficiency Table,50.0,2.0,success,False,2026-08-19T21:58:32.626205+09:00
Efficiency Tag,,,failed,False,2026-08-19T13:39:18.013288+09:00
Efficiency Tariff,,,failed,False,2026-08-21T02:39:49.190275+09:00
Efficiency Tax,1300.0,1.0,success,False,2026-08-21T02:07:46.443072+09:00
Efficiency Ticket,,,failed,False,2026-08-19T21:12:17.710681+09:00
Efficiency Tier,,,failed,False,2026-08-28T00:46:12.619703+09:00
Efficiency Timeline,,,failed,False,2026-08-19T21:11:29.135916+09:00
Efficiency Toll,,,failed,False,2026-08-21T02:39:41.486000+09:00
Efficiency Toolbox,,,failed,False,2026-08-28T00:22:09.034750+09:00
Efficiency Toolkit,10.0,0.0,success,False,2026-08-18T22:09:35.906732+09:00
Efficiency Tracker,170.0,9.0,success,False,2026-08-17T21:32:25.465592+09:00
Efficiency Trail,,,failed,False,2026-08-17T20:33:31.328442+09:00
Efficiency Trend,,,failed,False,2026-08-28T01:03:01.405243+09:00
Efficiency Trial,,,failed,False,2026-08-27T21:19:26.078520+09:00
Efficiency Unit,1600.0,1.0,success,False,2026-08-21T01:50:51.985309+09:00
Efficiency Update,,,failed,False,2026-08-19T20:39:30.002249+09:00
Efficiency Value,110.0,0.0,success,False,2026-08-23T02:54:43.780312+09:00
Efficiency Vault,,,failed,False,2026-08-17T20:42:47.401639+09:00
Efficiency Version,,,failed,False,2026-08-23T03:19:24.648506+09:00
Efficiency View,10.0,0.0,success,False,2026-08-19T20:38:42.409315+09:00
Efficiency Watch,,,failed,False,2026-08-17T20:35:50.076535+09:00
Efficiency Wave,,,failed,False,2026-08-18T07:52:30.485728+09:00
Efficiency Widget,,,failed,False,2026-08-27T23:10:02.620929+09:00
Efficiency Workbench,10.0,0.0,success,False,2026-08-18T22:09:27.931619+09:00
Efficiency Worksheet,70.0,0.0,success,False,2026-08-27T22:14:55.683786+09:00
Efficiency Workshop,20.0,4.0,success,False,2026-08-28T00:22:01.777271+09:00
Efficiency Zone,10.0,0.0,success,False,2026-08-17T20:42:19.428112+09:00
Elective Advance,,,failed,False,2026-08-23T16:13:10.832744+09:00
Elective Alert,,,failed,False,2026-08-21T01:40:12.068388+09:00
Elective Allowance,,,failed,False,2026-08-21T02:42:06.283895+09:00
Elective Analyzer,,,failed,False,2026-08-27T23:58:45.722079+09:00
Elective Announcement,,,failed,False,2026-08-27T23:36:17.600549+09:00
Elective Arrears,,,failed,False,2026-08-23T16:13:08.662730+09:00
Elective Atlas,,,failed,False,2026-08-21T01:37:48.907066+09:00
Elective Attribute,,,failed,False,2026-08-23T13:09:42.107006+09:00
Elective Badge,,,failed,False,2026-08-21T01:42:55.803836+09:00
Elective Base,,,failed,False,2026-08-21T01:35:48.314682+09:00
Elective Beacon,,,failed,False,2026-08-21T01:44:38.139446+09:00
Elective Bill,,,failed,False,2026-08-21T01:42:20.086183+09:00
Elective Bin,,,failed,False,2026-08-21T01:40:19.724237+09:00
Elective Board,10.0,0.0,success,False,2026-08-21T01:35:48.314682+09:00
Elective Bridge,,,failed,False,2026-08-21T01:35:48.314682+09:00
Elective Brief,,,failed,False,2026-08-21T01:43:27.778790+09:00
Elective Bulletin,,,failed,False,2026-08-21T01:43:23.087757+09:00
Elective Card,,,failed,False,2026-08-21T01:40:55.486600+09:00
Elective Cascade,,,failed,False,2026-08-21T01:35:48.314682+09:00
Elective Cash,,,failed,False,2026-08-21T02:25:28.596275+09:00
Elective Category,,,failed,False,2026-08-23T13:09:39.563884+09:00
Elective Center,,,failed,False,2026-08-21T01:36:59.790111+09:00
Elective Chain,,,failed,False,2026-08-21T01:37:34.913486+09:00
Elective Charge,,,failed,False,2026-08-21T02:41:51.779430+09:00
Elective Chart,,,failed,False,2026-08-21T01:40:15.311910+09:00
Elective Check,,,failed,False,2026-08-21T01:41:02.771886+09:00
Elective Checker,,,failed,False,2026-08-27T23:58:38.877794+09:00
Elective Code,,,failed,False,2026-08-21T01:42:27.221916+09:00
Elective Comparison,,,failed,False,2026-08-28T01:01:39.377915+09:00
Elective Compass,,,failed,False,2026-08-21T01:44:33.537295+09:00
Elective Confirmation,,,failed,False,2026-08-21T01:43:50.237250+09:00
Elective Console,,,failed,False,2026-08-21T01:37:13.589246+09:00
Elective Contribution,10.0,0.0,success,False,2026-08-23T16:13:06.452746+09:00
Elective Copayment,,,failed,False,2026-08-23T16:38:26.896926+09:00
Elective Core,,,failed,False,2026-08-21T01:35:48.314682+09:00
Elective Cost,,,failed,False,2026-08-21T02:08:41.527197+09:00
Elective Count,,,failed,False,2026-08-27T22:49:26.070118+09:00
Elective Counter,,,failed,False,2026-08-21T01:39:12.504942+09:00
Elective Deal,,,failed,False,2026-08-21T01:51:32.906314+09:00
Elective Debt,,,failed,False,2026-08-21T02:25:13.538662+09:00
Elective Deck,,,failed,False,2026-08-21T01:36:36.837653+09:00
Elective Desk,,,failed,False,2026-08-21T01:44:16.668560+09:00
Elective Detail,,,failed,False,2026-08-23T03:22:48.132111+09:00
Elective Detector,,,failed,False,2026-08-27T23:58:45.722079+09:00
Elective Diagram,,,failed,False,2026-08-27T22:11:05.293773+09:00
Elective Directory,,,failed,False,2026-08-21T01:38:54.698036+09:00
Elective Discount,,,failed,False,2026-08-23T16:12:59.279314+09:00
Elective Downpayment,,,failed,False,2026-08-27T21:47:29.918815+09:00
Elective Draft,,,failed,False,2026-08-21T01:41:48.955996+09:00
Elective Due,,,failed,False,2026-08-23T15:51:01.656182+09:00
Elective Duty,,,failed,False,2026-08-21T02:41:56.534428+09:00
Elective Endowment,,,failed,False,2026-08-23T15:51:07.589062+09:00
Elective Engine,,,failed,False,2026-08-21T01:38:06.302240+09:00
Elective Entry,,,failed,False,2026-08-21T01:43:59.593158+09:00
Elective Estimate,,,failed,False,2026-08-21T01:42:07.777661+09:00
Elective Estimator,,,failed,False,2026-08-27T23:58:34.382467+09:00
Elective Extension,,,failed,False,2026-08-23T16:38:29.056767+09:00
Elective Fare,,,failed,False,2026-08-21T02:08:48.919404+09:00
Elective Fee,,,failed,False,2026-08-21T01:51:15.763734+09:00
Elective Feed,,,failed,False,2026-08-21T01:41:44.452509+09:00
Elective Field,,,failed,False,2026-08-23T13:09:42.107006+09:00
Elective File,,,failed,False,2026-08-21T01:41:30.332578+09:00
Elective Fine,,,failed,False,2026-08-23T02:57:01.992920+09:00
Elective Flow,,,failed,False,2026-08-21T01:44:07.789434+09:00
Elective Forge,,,failed,False,2026-08-21T01:35:48.314682+09:00
Elective Form,70.0,0.0,success,False,2026-08-21T01:40:50.890695+09:00
Elective Format,,,failed,False,2026-08-23T13:09:44.174186+09:00
Elective Frame,,,failed,False,2026-08-21T01:35:48.314682+09:00
Elective Fund,,,failed,False,2026-08-21T02:25:24.803683+09:00
Elective Gate,,,failed,False,2026-08-21T01:37:41.835664+09:00
Elective Graph,,,failed,False,2026-08-27T22:10:53.228398+09:00
Elective Grid,170.0,0.0,success,False,2026-08-21T01:35:48.314682+09:00
Elective Guarantee,,,failed,False,2026-08-28T01:01:45.010115+09:00
Elective Helper,,,failed,False,2026-08-28T00:27:23.571229+09:00
Elective History,260.0,0.0,success,False,2026-08-21T01:41:25.621539+09:00
Elective Hub,20.0,0.0,success,False,2026-08-21T01:44:11.369887+09:00
Elective Identifier,,,failed,False,2026-08-23T13:09:37.494287+09:00
Elective Index,,,failed,False,2026-08-21T01:42:02.866390+09:00
Elective Installment,,,failed,False,2026-08-23T16:13:03.003819+09:00
Elective Item,,,failed,False,2026-08-21T01:51:12.846846+09:00
Elective Journal,,,failed,False,2026-08-21T01:38:42.867462+09:00
Elective Keeper,,,failed,False,2026-08-21T01:37:55.040790+09:00
Elective Lab,,,failed,False,2026-08-21T01:36:47.067872+09:00
Elective Label,,,failed,False,2026-08-27T22:10:56.558080+09:00
Elective Ledger,,,failed,False,2026-08-21T01:35:48.314682+09:00
Elective Level,,,failed,False,2026-08-21T01:41:35.548332+09:00
Elective Link,,,failed,False,2026-08-23T03:22:39.014022+09:00
Elective List,320.0,1.0,success,False,2026-08-21T01:42:32.456630+09:00
Elective Loan,70.0,38.0,success,False,2026-08-21T02:08:56.102085+09:00
Elective Locator,,,failed,False,2026-08-21T01:38:57.072218+09:00
Elective Locker,,,failed,False,2026-08-21T01:39:18.143916+09:00
Elective Log,,,failed,False,2026-08-21T01:40:48.434359+09:00
Elective Loop,,,failed,False,2026-08-21T01:35:48.314682+09:00
Elective Manual,,,failed,False,2026-08-27T22:10:59.501612+09:00
Elective Map,20.0,0.0,success,False,2026-08-21T01:35:48.314682+09:00
Elective Margin,,,failed,False,2026-08-23T02:56:53.736848+09:00
Elective Memo,,,failed,False,2026-08-21T01:43:07.474360+09:00
Elective Message,,,failed,False,2026-08-27T23:15:04.402308+09:00
Elective Monitor,,,failed,False,2026-08-21T01:38:24.012895+09:00
Elective Nexus,,,failed,False,2026-08-21T01:37:44.630220+09:00
Elective Note,,,failed,False,2026-08-21T01:41:08.747647+09:00
Elective Notification,,,failed,False,2026-08-27T22:49:17.563475+09:00
Elective Number,,,failed,False,2026-08-23T03:22:30.618913+09:00
Elective Office,110.0,0.0,success,False,2026-08-21T01:39:04.572787+09:00
Elective Ops,,,failed,False,2026-08-21T01:38:35.952865+09:00
Elective Order,,,failed,False,2026-08-21T01:42:13.880844+09:00
Elective Overage,,,failed,False,2026-08-27T21:47:27.442070+09:00
Elective Overdraft,,,failed,False,2026-08-23T15:51:03.649898+09:00
Elective Overdue,,,failed,False,2026-08-27T21:47:19.918276+09:00
Elective Panel,,,failed,False,2026-08-21T01:37:16.023011+09:00
Elective Pass,,,failed,False,2026-08-21T01:42:51.256978+09:00
Elective Path,,,failed,False,2026-08-21T01:35:48.314682+09:00
Elective Payoff,,,failed,False,2026-08-27T21:47:24.586892+09:00
Elective Penalty,,,failed,False,2026-08-23T16:38:24.543370+09:00
Elective Petition,,,failed,False,2026-08-21T01:43:45.085248+09:00
Elective Plan,10.0,0.0,success,False,2026-08-21T01:51:29.207159+09:00
Elective Planner,,,failed,False,2026-08-21T01:38:16.172375+09:00
Elective Playbook,,,failed,False,2026-08-21T01:38:40.726969+09:00
Elective Point,,,failed,False,2026-08-21T01:35:48.314682+09:00
Elective Portal,210.0,1.0,success,False,2026-08-21T01:37:07.808277+09:00
Elective Preview,,,failed,False,2026-08-28T01:01:42.257433+09:00
Elective Profile,,,failed,False,2026-08-21T01:41:16.296353+09:00
Elective Profit,,,failed,False,2026-08-23T02:56:43.732981+09:00
Elective Proposal,,,failed,False,2026-08-28T01:01:45.010115+09:00
Elective Quota,,,failed,False,2026-08-21T01:43:14.953756+09:00
Elective Radar,,,failed,False,2026-08-21T01:44:20.732547+09:00
Elective Rate,,,failed,False,2026-08-21T01:41:39.026443+09:00
Elective Receipt,,,failed,False,2026-08-21T01:42:22.878879+09:00
Elective Register,,,failed,False,2026-08-21T01:38:34.046103+09:00
Elective Relay,,,failed,False,2026-08-21T01:44:25.853714+09:00
Elective Reminder,,,failed,False,2026-08-21T01:42:00.180241+09:00
Elective Report,10.0,0.0,success,False,2026-08-21T01:40:45.060160+09:00
Elective Repository,,,failed,False,2026-08-27T23:15:13.027326+09:00
Elective Ring,,,failed,False,2026-08-21T01:37:37.070410+09:00
Elective Roster,,,failed,False,2026-08-21T01:40:01.747780+09:00
Elective Route,,,failed,False,2026-08-21T01:37:24.140763+09:00
Elective Rule,10.0,0.0,success,False,2026-08-23T03:22:45.099275+09:00
Elective Sale,,,failed,False,2026-08-21T02:25:31.969034+09:00
Elective Sample,,,failed,False,2026-08-21T01:42:43.370438+09:00
Elective Scale,,,failed,False,2026-08-21T01:37:21.821672+09:00
Elective Scanner,,,failed,False,2026-08-27T23:58:43.283075+09:00
Elective Score,,,failed,False,2026-08-21T01:41:06.507181+09:00
Elective Sheet,30.0,0.0,success,False,2026-08-21T01:40:58.554709+09:00
Elective Shortfall,,,failed,False,2026-08-27T21:47:29.918815+09:00
Elective Signal,,,failed,False,2026-08-21T01:35:48.314682+09:00
Elective Slip,,,failed,False,2026-08-21T01:42:40.721389+09:00
Elective Slot,,,failed,False,2026-08-21T01:42:46.013630+09:00
Elective Stake,,,failed,False,2026-08-23T02:56:50.179026+09:00
Elective Statement,,,failed,False,2026-08-21T01:43:03.421356+09:00
Elective Station,,,failed,False,2026-08-21T01:36:50.253581+09:00
Elective Status,,,failed,False,2026-08-21T01:41:18.223212+09:00
Elective Stub,,,failed,False,2026-08-21T01:43:00.390217+09:00
Elective Studio,,,failed,False,2026-08-21T01:36:42.310879+09:00
Elective Subsidy,,,failed,False,2026-08-23T15:51:05.565275+09:00
Elective Sum,,,failed,False,2026-08-21T02:25:09.393326+09:00
Elective Summary,,,failed,False,2026-08-21T01:41:52.008026+09:00
Elective Surtax,,,failed,False,2026-08-23T15:51:09.680113+09:00
Elective Tab,,,failed,False,2026-08-21T01:43:18.678031+09:00
Elective Table,,,failed,False,2026-08-21T01:42:34.994206+09:00
Elective Tag,,,failed,False,2026-08-21T01:41:14.289680+09:00
Elective Tariff,,,failed,False,2026-08-21T02:42:09.091272+09:00
Elective Tax,10.0,1.0,success,False,2026-08-21T02:08:52.269018+09:00
Elective Terminal,,,failed,False,2026-08-21T01:36:55.107278+09:00
Elective Ticket,,,failed,False,2026-08-21T01:42:05.228292+09:00
Elective Timeline,,,failed,False,2026-08-21T01:41:54.360418+09:00
Elective Timer,,,failed,False,2026-08-28T00:27:21.214223+09:00
Elective Toll,,,failed,False,2026-08-21T02:41:59.910977+09:00
Elective Toolbox,,,failed,False,2026-08-28T00:27:23.571229+09:00
Elective Total,,,failed,False,2026-08-27T23:15:07.984003+09:00
Elective Tracker,,,failed,False,2026-08-21T01:44:01.894856+09:00
Elective Trend,,,failed,False,2026-08-28T01:01:36.692864+09:00
Elective Trial,,,failed,False,2026-08-27T21:16:19.259868+09:00
Elective Unit,90.0,1.0,success,False,2026-08-21T01:51:26.021065+09:00
Elective Update,,,failed,False,2026-08-21T01:41:42.095051+09:00
Elective Value,,,failed,False,2026-08-23T02:56:45.800075+09:00
Elective Vault,,,failed,False,2026-08-21T01:44:28.935205+09:00
Elective Version,,,failed,False,2026-08-23T03:22:34.004366+09:00
Elective View,,,failed,False,2026-08-21T01:41:22.153477+09:00
Elective Voucher,20.0,1.0,success,False,2026-08-21T01:42:53.677401+09:00
Elective Watch,,,failed,False,2026-08-21T01:35:48.314682+09:00
Elective Wave,,,failed,False,2026-08-21T01:35:48.314682+09:00
Elective Widget,,,failed,False,2026-08-27T23:15:10.643747+09:00
Elective Worksheet,,,failed,False,2026-08-27T22:11:01.897181+09:00
Elective Zone,,,failed,False,2026-08-21T01:37:02.343165+09:00
Elevator Advance,20.0,5.0,success,False,2026-08-23T16:11:40.333627+09:00
Elevator Advisory,50.0,1.0,success,False,2026-08-21T00:58:47.378244+09:00
Elevator Allowance,,,failed,False,2026-08-21T02:38:59.400124+09:00
Elevator Analyzer,,,failed,False,2026-08-27T23:57:12.985174+09:00
Elevator Arrears,,,failed,False,2026-08-23T16:11:37.487376+09:00
Elevator Asset,10.0,7.0,success,False,2026-08-23T13:45:24.772737+09:00
Elevator Assistant,50.0,1.0,success,False,2026-08-19T00:37:10.693574+09:00
Elevator Atlas,10.0,11.0,success,False,2026-08-19T00:37:04.451901+09:00
Elevator Attribute,,,failed,False,2026-08-23T13:08:02.630104+09:00
Elevator Badge,10.0,0.0,success,False,2026-08-21T00:33:50.963808+09:00
Elevator Base,30.0,0.0,success,False,2026-08-19T00:38:40.592975+09:00
Elevator Beacon,,,failed,False,2026-08-19T00:38:10.697868+09:00
Elevator Bill,,,failed,False,2026-08-19T21:50:00.809390+09:00
Elevator Board,170.0,3.0,success,False,2026-08-19T00:38:45.524694+09:00
Elevator Book,590.0,21.0,success,False,2026-08-19T21:50:57.841127+09:00
Elevator Bridge,210.0,0.0,success,False,2026-08-19T00:38:15.765840+09:00
Elevator Brief,10.0,2.0,success,False,2026-08-21T00:58:38.777262+09:00
Elevator Bulletin,,,failed,False,2026-08-21T00:58:34.367334+09:00
Elevator Calculator,70.0,11.0,success,False,2026-08-27T23:35:04.726489+09:00
Elevator Calendar,,,failed,False,2026-08-19T00:37:26.885782+09:00
Elevator Card,210.0,16.0,success,False,2026-08-19T13:34:06.788909+09:00
Elevator Cascade,,,failed,False,2026-08-19T00:38:13.320545+09:00
Elevator Cash,,,failed,False,2026-08-21T02:21:52.863298+09:00
Elevator Catalog,260.0,21.0,success,False,2026-08-19T21:04:38.364310+09:00
Elevator Category,10.0,0.0,success,False,2026-08-23T13:07:59.189669+09:00
Elevator Center,20.0,3.0,success,False,2026-08-19T00:39:00.049194+09:00
Elevator Chain,590.0,48.0,success,False,2026-08-19T00:36:52.729176+09:00
Elevator Charge,20.0,1.0,success,False,2026-08-21T02:38:51.441238+09:00
Elevator Check,30.0,6.0,success,False,2026-08-19T13:34:25.531210+09:00
Elevator Checker,10.0,0.0,success,False,2026-08-27T23:57:04.136942+09:00
Elevator Checklist,40.0,10.0,success,False,2026-08-19T21:03:32.051785+09:00
Elevator Circular,40.0,3.0,success,False,2026-08-21T01:00:03.837469+09:00
Elevator Code,480.0,2.0,success,False,2026-08-19T21:50:23.410812+09:00
Elevator Companion,,,failed,False,2026-08-19T00:37:20.289190+09:00
Elevator Comparison,10.0,29.0,success,False,2026-08-28T01:08:15.051453+09:00
Elevator Compass,,,failed,False,2026-08-19T00:38:08.562035+09:00
Elevator Confirmation,,,failed,False,2026-08-21T00:58:57.845239+09:00
Elevator Console,70.0,0.0,success,False,2026-08-19T00:36:38.202359+09:00
Elevator Contribution,,,failed,False,2026-08-23T16:11:34.314985+09:00
Elevator Core,210.0,0.0,success,False,2026-08-19T00:38:43.028128+09:00
Elevator Cost,3600.0,60.0,success,False,2026-08-21T02:07:16.373051+09:00
Elevator Count,70.0,0.0,success,False,2026-08-27T22:48:03.762773+09:00
Elevator Counter,70.0,0.0,success,False,2026-08-19T00:37:34.373704+09:00
Elevator Deal,10.0,49.0,success,False,2026-08-21T01:58:27.155216+09:00
Elevator Debt,,,failed,False,2026-08-21T02:21:41.084768+09:00
Elevator Deck,50.0,0.0,success,False,2026-08-19T00:38:48.376369+09:00
Elevator Desk,320.0,100.0,success,False,2026-08-19T00:37:59.032888+09:00
Elevator Detail,390.0,7.0,success,False,2026-08-23T03:19:49.312069+09:00
Elevator Diagram,720.0,0.0,success,False,2026-08-27T22:09:16.229025+09:00
Elevator Digest,10.0,,success,False,2026-08-19T20:37:25.311012+09:00
Elevator Directory,320.0,0.0,success,False,2026-08-19T00:37:28.610789+09:00
Elevator Discount,,,failed,False,2026-08-23T16:11:31.628533+09:00
Elevator Dossier,,,failed,False,2026-08-21T00:59:01.913298+09:00
Elevator Draft,,,failed,False,2026-08-19T20:37:42.979136+09:00
Elevator Due,,,failed,False,2026-08-23T15:50:40.596656+09:00
Elevator Duty,10.0,0.0,success,False,2026-08-21T02:38:54.796216+09:00
Elevator Engine,110.0,1.0,success,False,2026-08-19T00:37:08.393662+09:00
Elevator Entry,20.0,0.0,success,False,2026-08-21T00:59:15.258286+09:00
Elevator Estimate,,,failed,False,2026-08-19T21:04:24.508436+09:00
Elevator Estimator,10.0,71.0,success,False,2026-08-27T23:56:59.391700+09:00
Elevator Excerpt,,,failed,False,2026-08-21T00:59:10.591896+09:00
Elevator Extension,10.0,0.0,success,False,2026-08-23T16:37:37.262949+09:00
Elevator Fare,,,failed,False,2026-08-21T02:07:24.034599+09:00
Elevator Fee,10.0,0.0,success,False,2026-08-21T01:58:06.326002+09:00
Elevator Feed,90.0,17.0,success,False,2026-08-19T20:37:34.944185+09:00
Elevator Field,10.0,0.0,success,False,2026-08-23T13:08:05.055975+09:00
Elevator File,,,failed,False,2026-08-19T20:38:18.738836+09:00
Elevator Finder,20.0,2.0,success,False,2026-08-19T00:37:32.560227+09:00
Elevator Fine,,,failed,False,2026-08-23T02:54:41.831535+09:00
Elevator Flag,,,failed,False,2026-08-21T00:34:27.900194+09:00
Elevator Flow,10.0,0.0,success,False,2026-08-19T00:37:53.742610+09:00
Elevator Forge,10.0,0.0,success,False,2026-08-19T00:38:13.320545+09:00
Elevator Form,10.0,0.0,success,False,2026-08-19T13:33:57.418081+09:00
Elevator Format,,,failed,False,2026-08-23T13:08:07.144549+09:00
Elevator Frame,210.0,12.0,success,False,2026-08-19T00:38:38.551550+09:00
Elevator Fund,20.0,8.0,success,False,2026-08-21T02:21:44.938268+09:00
Elevator Gate,1600.0,0.0,success,True,2026-08-19T00:36:57.137576+09:00
Elevator Grade,,,failed,False,2026-08-21T00:34:14.211470+09:00
Elevator Grid,590.0,0.0,success,False,2026-08-19T00:38:30.061657+09:00
Elevator Guarantee,,,failed,False,2026-08-28T01:08:17.879931+09:00
Elevator Guardian,,,failed,False,2026-08-28T00:26:22.903465+09:00
Elevator Helpdesk,,,failed,False,2026-08-27T22:48:06.633980+09:00
Elevator Helper,90.0,6.0,success,False,2026-08-28T00:26:26.682078+09:00
Elevator History,1300.0,1.0,success,False,2026-08-19T20:38:10.418620+09:00
Elevator Hotline,,,failed,False,2026-08-19T21:04:51.175636+09:00
Elevator Hub,170.0,1.0,success,False,2026-08-19T00:37:55.750406+09:00
Elevator Identifier,,,failed,False,2026-08-23T13:07:55.793530+09:00
Elevator Index,,,failed,False,2026-08-19T21:03:47.017770+09:00
Elevator Installment,,,failed,False,2026-08-23T16:11:31.628533+09:00
Elevator Item,,,failed,False,2026-08-21T01:58:12.628800+09:00
Elevator Journal,30.0,0.0,success,False,2026-08-19T00:37:25.342982+09:00
Elevator Keeper,,,failed,False,2026-08-19T00:37:04.451901+09:00
Elevator Lab,170.0,0.0,success,False,2026-08-19T00:38:52.130938+09:00
Elevator Label,210.0,9.0,success,False,2026-08-27T22:09:07.960139+09:00
Elevator Ledger,,,failed,False,2026-08-19T00:38:45.524694+09:00
Elevator Link,170.0,3.0,success,False,2026-08-23T03:19:40.807348+09:00
Elevator List,90.0,1.0,success,False,2026-08-19T21:50:35.139639+09:00
Elevator Loan,,,failed,False,2026-08-21T02:07:37.270032+09:00
Elevator Log,10.0,0.0,success,False,2026-08-19T13:33:51.668880+09:00
Elevator Loop,50.0,2.0,success,False,2026-08-19T00:38:27.005898+09:00
Elevator Manager,30.0,0.0,success,False,2026-08-19T00:37:06.709542+09:00
Elevator Manual,880.0,49.0,success,False,2026-08-27T22:09:07.960139+09:00
Elevator Markup,,,failed,False,2026-08-23T16:37:34.255373+09:00
Elevator Memo,,,failed,False,2026-08-21T00:34:18.922168+09:00
Elevator Message,90.0,0.0,success,False,2026-08-27T23:13:31.938909+09:00
Elevator Monitor,320.0,5.0,success,False,2026-08-19T00:37:17.107740+09:00
Elevator Nexus,,,failed,False,2026-08-19T00:37:02.474717+09:00
Elevator Note,,,failed,False,2026-08-19T13:35:17.832639+09:00
Elevator Notification,,,failed,False,2026-08-27T22:47:59.631121+09:00
Elevator Number,720.0,29.0,success,False,2026-08-23T03:19:32.678416+09:00
Elevator Office,390.0,5.0,success,False,2026-08-19T00:37:32.560227+09:00
Elevator Ops,10.0,0.0,success,False,2026-08-19T00:37:21.857423+09:00
Elevator Order,,,failed,False,2026-08-19T21:49:47.542279+09:00
Elevator Overdraft,,,failed,False,2026-08-23T15:50:42.648286+09:00
Elevator Overdue,,,failed,False,2026-08-27T21:46:30.971214+09:00
Elevator Pass,320.0,0.0,success,False,2026-08-21T00:33:39.786796+09:00
Elevator Path,10.0,0.0,success,False,2026-08-19T00:38:34.534111+09:00
Elevator Penalty,,,failed,False,2026-08-23T16:37:31.309501+09:00
Elevator Petition,,,failed,False,2026-08-21T00:58:52.318728+09:00
Elevator Plan,1900.0,1.0,success,False,2026-08-21T01:58:22.092915+09:00
Elevator Planner,1900.0,1.0,success,False,2026-08-19T00:37:13.789014+09:00
Elevator Playbook,,,failed,False,2026-08-19T00:37:23.570326+09:00
Elevator Point,10.0,0.0,success,False,2026-08-19T00:38:34.534111+09:00
Elevator Portal,110.0,1.0,success,False,2026-08-19T00:36:36.073889+09:00
Elevator Profile,10.0,0.0,success,False,2026-08-19T13:35:44.896452+09:00
Elevator Proposal,20.0,0.0,success,False,2026-08-28T01:08:17.879931+09:00
Elevator Queue,20.0,0.0,success,False,2026-08-19T21:04:11.577084+09:00
Elevator Quota,,,failed,False,2026-08-21T00:34:23.360801+09:00
Elevator Radar,,,failed,False,2026-08-19T00:38:01.073734+09:00
Elevator Rail,880.0,5.0,success,False,2026-08-19T00:36:48.669353+09:00
Elevator Rate,20.0,29.0,success,False,2026-08-19T20:38:36.542684+09:00
Elevator Recap,10.0,,success,False,2026-08-21T01:00:08.450743+09:00
Elevator Receipt,,,failed,False,2026-08-19T21:50:13.072831+09:00
Elevator Recorder,,,failed,False,2026-08-27T23:35:07.655977+09:00
Elevator Register,,,failed,False,2026-08-19T00:37:20.289190+09:00
Elevator Relay,390.0,6.0,success,False,2026-08-19T00:38:02.838044+09:00
Elevator Reminder,,,failed,False,2026-08-19T21:06:56.055921+09:00
Elevator Report,20.0,1.0,success,False,2026-08-19T13:33:46.951331+09:00
Elevator Repository,,,failed,False,2026-08-27T23:13:44.050852+09:00
Elevator Result,10.0,0.0,success,False,2026-08-28T00:48:21.370495+09:00
Elevator Ring,50.0,7.0,success,False,2026-08-19T00:36:57.137576+09:00
Elevator Roster,,,failed,False,2026-08-19T00:37:50.207260+09:00
Elevator Route,10.0,0.0,success,False,2026-08-19T00:36:46.213084+09:00
Elevator Rule,320.0,0.0,success,False,2026-08-23T03:19:44.954715+09:00
Elevator Sale,390.0,19.0,success,False,2026-08-21T02:21:55.234205+09:00
Elevator Scale,90.0,0.0,success,False,2026-08-19T00:36:42.974778+09:00
Elevator Schematic,210.0,0.0,success,False,2026-08-27T22:28:51.186281+09:00
Elevator Scope,,,failed,False,2026-08-19T00:38:24.169663+09:00
Elevator Score,,,failed,False,2026-08-19T13:35:09.228952+09:00
Elevator Sheet,30.0,2.0,success,False,2026-08-19T13:34:15.397109+09:00
Elevator Signal,70.0,1.0,success,False,2026-08-19T00:38:18.682483+09:00
Elevator Signature,,,failed,False,2026-08-23T13:27:59.739210+09:00
Elevator Slip,10.0,0.0,success,False,2026-08-19T21:51:10.797801+09:00
Elevator Slot,20.0,6.0,success,False,2026-08-19T21:51:28.846204+09:00
Elevator Statement,90500.0,3.0,success,False,2026-08-21T00:34:04.071728+09:00
Elevator Station,70.0,0.0,success,False,2026-08-19T00:38:54.065235+09:00
Elevator Status,110.0,0.0,success,False,2026-08-19T20:37:57.270685+09:00
Elevator Stub,,,failed,False,2026-08-21T00:33:58.463562+09:00
Elevator Studio,90.0,0.0,success,False,2026-08-19T00:38:50.428870+09:00
Elevator Subsidy,,,failed,False,2026-08-23T15:50:44.796371+09:00
Elevator Sum,,,failed,False,2026-08-21T02:21:38.988991+09:00
Elevator Summary,70.0,0.0,success,False,2026-08-19T21:06:37.485931+09:00
Elevator Tab,170.0,0.0,success,False,2026-08-21T00:34:32.979761+09:00
Elevator Table,210.0,99.0,success,False,2026-08-19T21:50:46.269760+09:00
Elevator Tag,110.0,6.0,success,False,2026-08-19T13:35:23.963790+09:00
Elevator Tally,,,failed,False,2026-08-21T00:34:09.449100+09:00
Elevator Tariff,,,failed,False,2026-08-21T02:39:01.824838+09:00
Elevator Tax,,,failed,False,2026-08-21T02:07:29.886940+09:00
Elevator Terminal,70.0,0.0,success,False,2026-08-19T00:38:56.335177+09:00
Elevator Ticket,90.0,46.0,success,False,2026-08-19T21:03:59.838072+09:00
Elevator Timeline,50.0,0.0,success,False,2026-08-19T21:06:46.189471+09:00
Elevator Toll,,,failed,False,2026-08-21T02:38:57.143403+09:00
Elevator Toolbox,10.0,0.0,success,False,2026-08-28T00:26:26.682078+09:00
Elevator Total,,,failed,False,2026-08-27T23:13:34.759239+09:00
Elevator Tracker,,,failed,False,2026-08-19T00:37:53.742610+09:00
Elevator Trail,40.0,24.0,success,False,2026-08-19T00:36:50.417664+09:00
Elevator Trial,,,failed,False,2026-08-27T21:14:49.306471+09:00
Elevator Unit,70.0,4.0,success,False,2026-08-21T02:05:48.650139+09:00
Elevator Update,10.0,5.0,success,False,2026-08-19T20:38:46.605593+09:00
Elevator Vault,,,failed,False,2026-08-19T00:38:05.344215+09:00
Elevator Version,20.0,0.0,success,False,2026-08-23T03:19:37.789366+09:00
Elevator View,70.0,0.0,success,False,2026-08-19T20:38:03.591827+09:00
Elevator Voucher,,,failed,False,2026-08-21T00:33:46.093002+09:00
Elevator Wave,,,failed,False,2026-08-19T00:38:32.004718+09:00
Elevator Widget,,,failed,False,2026-08-27T23:13:41.688189+09:00
Elevator Worksheet,110.0,0.0,success,False,2026-08-27T22:09:13.645963+09:00
Elevator Workshop,70.0,18.0,success,False,2026-08-28T00:26:22.903465+09:00
Elevator Zone,20.0,0.0,success,False,2026-08-19T00:39:01.577403+09:00
Endorsement Advisory,,,failed,False,2026-08-21T01:03:40.572054+09:00
Endorsement Alert,50.0,0.0,success,False,2026-08-19T21:57:53.749303+09:00
Endorsement Allowance,,,failed,False,2026-08-21T02:45:36.117852+09:00
Endorsement Analyzer,,,failed,False,2026-08-27T23:52:22.402919+09:00
Endorsement Announcement,40.0,0.0,success,False,2026-08-27T23:32:16.065535+09:00
Endorsement Assistant,,,failed,False,2026-08-19T21:52:37.480660+09:00
Endorsement Atlas,,,failed,False,2026-08-19T21:51:50.352396+09:00
Endorsement Attribute,,,failed,False,2026-08-23T13:06:20.755041+09:00
Endorsement Badge,,,failed,False,2026-08-21T00:28:09.542795+09:00
Endorsement Base,,,failed,False,2026-08-19T21:47:26.468483+09:00
Endorsement Bay,,,failed,False,2026-08-19T21:56:14.793890+09:00
Endorsement Beacon,,,failed,False,2026-08-19T22:06:38.426353+09:00
Endorsement Bill,20.0,0.0,success,False,2026-08-19T22:03:39.900427+09:00
Endorsement Bin,,,failed,False,2026-08-19T21:58:14.220154+09:00
Endorsement Board,20.0,2.0,success,False,2026-08-19T21:48:07.459723+09:00
Endorsement Book,70.0,0.0,success,False,2026-08-19T22:04:30.317454+09:00
Endorsement Booth,,,failed,False,2026-08-19T21:55:44.120814+09:00
Endorsement Bridge,,,failed,False,2026-08-19T22:07:15.173390+09:00
Endorsement Brief,,,failed,False,2026-08-21T01:03:30.050919+09:00
Endorsement Bulletin,,,failed,False,2026-08-21T01:03:25.375031+09:00
Endorsement Cabinet,,,failed,False,2026-08-27T23:10:09.258839+09:00
Endorsement Calendar,,,failed,False,2026-08-19T21:54:37.434657+09:00
Endorsement Card,30.0,0.0,success,False,2026-08-19T21:59:50.117537+09:00
Endorsement Cascade,,,failed,False,2026-08-19T22:06:59.596356+09:00
Endorsement Cash,,,failed,False,2026-08-21T02:29:40.223505+09:00
Endorsement Center,,,failed,False,2026-08-19T21:49:23.695269+09:00
Endorsement Chain,10.0,0.0,success,False,2026-08-19T21:51:07.578329+09:00
Endorsement Charge,,,failed,False,2026-08-21T02:45:25.368857+09:00
Endorsement Chart,10.0,0.0,success,False,2026-08-19T21:58:05.672882+09:00
Endorsement Check,9900.0,0.0,success,True,2026-08-19T22:00:12.371601+09:00
Endorsement Checker,,,failed,False,2026-08-27T23:52:10.807826+09:00
Endorsement Circular,,,failed,False,2026-08-21T01:03:36.375895+09:00
Endorsement Code,140.0,0.0,success,False,2026-08-19T22:03:59.574342+09:00
Endorsement Companion,,,failed,False,2026-08-19T21:53:29.207509+09:00
Endorsement Comparison,,,failed,False,2026-08-28T01:03:51.516264+09:00
Endorsement Compass,,,failed,False,2026-08-19T22:06:28.711407+09:00
Endorsement Confirmation,,,failed,False,2026-08-21T01:03:51.285961+09:00
Endorsement Console,,,failed,False,2026-08-19T21:49:58.938963+09:00
Endorsement Copayment,,,failed,False,2026-08-23T16:39:43.377708+09:00
Endorsement Core,,,failed,False,2026-08-19T21:47:40.553023+09:00
Endorsement Cost,20.0,0.0,success,False,2026-08-21T02:12:43.354957+09:00
Endorsement Count,,,failed,False,2026-08-27T22:51:48.588261+09:00
Endorsement Counter,,,failed,False,2026-08-19T21:55:24.856436+09:00
Endorsement Deal,720.0,0.0,success,False,2026-08-21T01:56:34.859851+09:00
Endorsement Debt,,,failed,False,2026-08-21T02:29:27.497336+09:00
Endorsement Deck,,,failed,False,2026-08-19T21:48:19.671606+09:00
Endorsement Desk,,,failed,False,2026-08-19T22:05:48.495667+09:00
Endorsement Detail,,,failed,False,2026-08-23T03:16:39.334057+09:00
Endorsement Detector,,,failed,False,2026-08-27T23:52:16.469073+09:00
Endorsement Diagram,10.0,0.0,success,False,2026-08-27T22:14:23.666536+09:00
Endorsement Directory,,,failed,False,2026-08-19T21:54:45.586270+09:00
Endorsement Discount,,,failed,False,2026-08-23T16:15:33.574414+09:00
Endorsement Dossier,,,failed,False,2026-08-21T01:03:56.741736+09:00
Endorsement Downpayment,,,failed,False,2026-08-27T21:49:50.641192+09:00
Endorsement Draft,,,failed,False,2026-08-19T22:02:22.489790+09:00
Endorsement Due,,,failed,False,2026-08-23T15:52:13.445418+09:00
Endorsement Duty,,,failed,False,2026-08-21T02:45:28.044980+09:00
Endorsement Engine,,,failed,False,2026-08-19T21:52:28.912563+09:00
Endorsement Entry,20.0,0.0,success,False,2026-08-21T01:04:11.301899+09:00
Endorsement Estimate,,,failed,False,2026-08-19T22:03:20.182030+09:00
Endorsement Estimator,,,failed,False,2026-08-27T23:52:08.286767+09:00
Endorsement Excerpt,,,failed,False,2026-08-21T01:04:04.572867+09:00
Endorsement Extension,,,failed,False,2026-08-23T16:39:45.505448+09:00
Endorsement Fare,,,failed,False,2026-08-21T02:12:54.787375+09:00
Endorsement Fee,320.0,0.0,success,False,2026-08-21T01:56:16.843249+09:00
Endorsement Feed,,,failed,False,2026-08-19T22:02:12.630536+09:00
Endorsement File,20.0,0.0,success,False,2026-08-19T22:01:31.900197+09:00
Endorsement Finder,,,failed,False,2026-08-19T21:55:06.588963+09:00
Endorsement Flag,,,failed,False,2026-08-21T00:28:59.306676+09:00
Endorsement Flow,,,failed,False,2026-08-19T22:05:28.406409+09:00
Endorsement Forge,,,failed,False,2026-08-19T22:06:50.618817+09:00
Endorsement Form,720.0,0.0,success,False,2026-08-19T21:59:39.418384+09:00
Endorsement Format,720.0,0.0,success,False,2026-08-23T13:06:27.049949+09:00
Endorsement Frame,,,failed,False,2026-08-19T21:47:13.005766+09:00
Endorsement Fund,6600.0,2.0,success,False,2026-08-21T02:29:31.555266+09:00
Endorsement Gate,,,failed,False,2026-08-19T21:51:25.452105+09:00
Endorsement Generator,10.0,0.0,success,False,2026-08-27T23:32:26.212741+09:00
Endorsement Grade,,,failed,False,2026-08-21T00:28:39.996166+09:00
Endorsement Grid,,,failed,False,2026-08-19T21:46:13.716197+09:00
Endorsement Guarantee,480.0,0.0,success,False,2026-08-28T01:04:00.519509+09:00
Endorsement Guardian,,,failed,False,2026-08-28T00:22:39.734824+09:00
Endorsement Helpdesk,,,failed,False,2026-08-27T22:51:48.588261+09:00
Endorsement Helper,,,failed,False,2026-08-28T00:22:49.083106+09:00
Endorsement History,,,failed,False,2026-08-19T22:01:20.262131+09:00
Endorsement Hub,,,failed,False,2026-08-19T22:05:40.444282+09:00
Endorsement Inbox,,,failed,False,2026-08-19T21:57:44.656511+09:00
Endorsement Index,10.0,0.0,success,False,2026-08-19T22:03:03.584652+09:00
Endorsement Installment,,,failed,False,2026-08-23T16:15:37.311219+09:00
Endorsement Item,,,failed,False,2026-08-21T01:56:19.157693+09:00
Endorsement Journal,,,failed,False,2026-08-19T21:54:13.234763+09:00
Endorsement Keeper,,,failed,False,2026-08-19T21:52:04.287712+09:00
Endorsement Kiosk,,,failed,False,2026-08-19T21:55:51.993679+09:00
Endorsement Kit,,,failed,False,2026-08-27T22:51:44.321364+09:00
Endorsement Lab,,,failed,False,2026-08-19T21:48:50.657736+09:00
Endorsement Label,40.0,0.0,success,False,2026-08-27T22:14:17.347960+09:00
Endorsement Ledger,,,failed,False,2026-08-19T21:47:52.868004+09:00
Endorsement Level,140.0,0.0,success,False,2026-08-19T22:01:42.804571+09:00
Endorsement Line,70.0,0.0,success,False,2026-08-19T21:58:51.076600+09:00
Endorsement Link,,,failed,False,2026-08-23T03:16:29.353172+09:00
Endorsement List,170.0,0.0,success,False,2026-08-19T22:04:10.383393+09:00
Endorsement Loan,20.0,12.0,success,False,2026-08-21T02:12:59.494269+09:00
Endorsement Locator,,,failed,False,2026-08-19T21:54:56.953854+09:00
Endorsement Log,,,failed,False,2026-08-19T21:59:30.293970+09:00
Endorsement Loop,,,failed,False,2026-08-19T21:46:01.527373+09:00
Endorsement Manager,,,failed,False,2026-08-19T21:52:13.387437+09:00
Endorsement Manual,10.0,0.0,success,False,2026-08-27T22:14:21.289312+09:00
Endorsement Map,,,failed,False,2026-08-19T21:46:58.234898+09:00
Endorsement Margin,,,failed,False,2026-08-23T02:52:51.254134+09:00
Endorsement Markup,,,failed,False,2026-08-23T16:39:43.377708+09:00
Endorsement Memo,50.0,0.0,success,False,2026-08-21T00:28:44.167575+09:00
Endorsement Message,30.0,0.0,success,False,2026-08-27T23:10:02.620929+09:00
Endorsement Monitor,,,failed,False,2026-08-19T21:53:16.228732+09:00
Endorsement Nexus,,,failed,False,2026-08-19T21:51:38.533092+09:00
Endorsement Note,70.0,0.0,success,False,2026-08-19T22:00:33.480377+09:00
Endorsement Notification,20.0,0.0,success,False,2026-08-27T22:51:42.060485+09:00
Endorsement Number,140.0,0.0,success,False,2026-08-23T03:16:23.757716+09:00
Endorsement Office,20.0,0.0,success,False,2026-08-19T21:55:14.913375+09:00
Endorsement Ops,,,failed,False,2026-08-19T21:53:54.593034+09:00
Endorsement Order,20.0,0.0,success,False,2026-08-19T22:03:30.282761+09:00
Endorsement Outpost,,,failed,False,2026-08-19T21:56:40.008866+09:00
Endorsement Overage,,,failed,False,2026-08-27T21:49:48.123433+09:00
Endorsement Overdue,,,failed,False,2026-08-27T21:49:45.629659+09:00
Endorsement Panel,,,failed,False,2026-08-19T21:50:13.072831+09:00
Endorsement Pass,,,failed,False,2026-08-21T00:27:53.671746+09:00
Endorsement Path,,,failed,False,2026-08-19T21:46:35.740872+09:00
Endorsement Payoff,,,failed,False,2026-08-27T21:49:48.123433+09:00
Endorsement Penalty,,,failed,False,2026-08-23T16:39:41.135046+09:00
Endorsement Petition,,,failed,False,2026-08-21T01:03:45.407835+09:00
Endorsement Plan,6600.0,30.0,success,False,2026-08-21T01:56:25.732902+09:00
Endorsement Playbook,,,failed,False,2026-08-19T21:54:03.410939+09:00
Endorsement Plaza,,,failed,False,2026-08-19T21:56:50.628145+09:00
Endorsement Point,,,failed,False,2026-08-19T21:46:47.844671+09:00
Endorsement Portal,,,failed,False,2026-08-19T21:49:45.321625+09:00
Endorsement Post,50.0,0.0,success,False,2026-08-19T21:56:27.780319+09:00
Endorsement Preview,,,failed,False,2026-08-28T01:03:55.063070+09:00
Endorsement Profile,,,failed,False,2026-08-19T22:00:52.695969+09:00
Endorsement Profit,,,failed,False,2026-08-23T02:52:43.639669+09:00
Endorsement Proposal,10.0,0.0,success,False,2026-08-28T01:04:00.519509+09:00
Endorsement Quota,,,failed,False,2026-08-21T00:28:49.114338+09:00
Endorsement Radar,,,failed,False,2026-08-19T22:05:58.265751+09:00
Endorsement Rail,,,failed,False,2026-08-19T21:50:46.269760+09:00
Endorsement Rate,10.0,0.0,success,False,2026-08-19T22:01:51.400634+09:00
Endorsement Recap,,,failed,False,2026-08-21T01:04:00.035751+09:00
Endorsement Receipt,10.0,0.0,success,False,2026-08-19T22:03:49.697196+09:00
Endorsement Recorder,,,failed,False,2026-08-27T23:32:33.346775+09:00
Endorsement Register,,,failed,False,2026-08-19T21:53:40.177257+09:00
Endorsement Registry,,,failed,False,2026-08-19T21:54:25.677858+09:00
Endorsement Relay,,,failed,False,2026-08-19T22:06:07.056181+09:00
Endorsement Reminder,10.0,0.0,success,False,2026-08-19T22:02:52.701278+09:00
Endorsement Report,40.0,0.0,success,False,2026-08-19T21:59:15.845213+09:00
Endorsement Repository,,,failed,False,2026-08-27T23:10:12.340839+09:00
Endorsement Roll,,,failed,False,2026-08-19T21:59:07.775168+09:00
Endorsement Roster,,,failed,False,2026-08-19T21:57:34.491231+09:00
Endorsement Route,,,failed,False,2026-08-19T21:50:33.278837+09:00
Endorsement Rule,,,failed,False,2026-08-23T03:16:36.835162+09:00
Endorsement Sale,,,failed,False,2026-08-21T02:29:43.973308+09:00
Endorsement Sample,140.0,0.0,success,False,2026-08-19T22:04:57.454275+09:00
Endorsement Scale,,,failed,False,2026-08-19T21:50:23.410812+09:00
Endorsement Scanner,,,failed,False,2026-08-27T23:52:13.665480+09:00
Endorsement Scheduler,,,failed,False,2026-08-19T21:53:02.852702+09:00
Endorsement Scope,,,failed,False,2026-08-19T22:07:52.466558+09:00
Endorsement Score,,,failed,False,2026-08-19T22:00:23.357458+09:00
Endorsement Serial,,,failed,False,2026-08-23T13:27:31.185352+09:00
Endorsement Sheet,140.0,1.0,success,False,2026-08-19T21:59:58.757000+09:00
Endorsement Shortfall,,,failed,False,2026-08-27T21:49:53.079168+09:00
Endorsement Signal,,,failed,False,2026-08-19T22:07:23.452103+09:00
Endorsement Signature,320.0,0.0,success,False,2026-08-23T13:27:34.278860+09:00
Endorsement Slip,110.0,0.0,success,False,2026-08-19T22:04:42.218437+09:00
Endorsement Slot,,,failed,False,2026-08-19T22:05:08.787907+09:00
Endorsement Stage,,,failed,False,2026-08-28T00:46:36.452526+09:00
Endorsement Stake,,,failed,False,2026-08-23T02:52:49.123666+09:00
Endorsement Stamp,880.0,100.0,success,False,2026-08-23T13:27:34.278860+09:00
Endorsement Statement,90.0,0.0,success,False,2026-08-21T00:28:23.086581+09:00
Endorsement Station,,,failed,False,2026-08-19T21:49:03.135784+09:00
Endorsement Status,50.0,0.0,success,False,2026-08-19T22:01:01.799694+09:00
Endorsement Stub,,,failed,False,2026-08-21T00:28:15.750952+09:00
Endorsement Studio,,,failed,False,2026-08-19T21:48:34.329578+09:00
Endorsement Sum,,,failed,False,2026-08-21T02:29:22.487025+09:00
Endorsement Summary,,,failed,False,2026-08-19T22:02:34.302682+09:00
Endorsement Tab,,,failed,False,2026-08-21T00:29:05.314041+09:00
Endorsement Table,,,failed,False,2026-08-19T22:04:20.465966+09:00
Endorsement Tag,,,failed,False,2026-08-19T22:00:43.745625+09:00
Endorsement Tally,,,failed,False,2026-08-21T00:28:30.302130+09:00
Endorsement Tariff,,,failed,False,2026-08-21T02:45:38.713397+09:00
Endorsement Tax,,,failed,False,2026-08-21T02:12:54.787375+09:00
Endorsement Terminal,,,failed,False,2026-08-19T21:49:14.059786+09:00
Endorsement Ticker,,,failed,False,2026-08-19T21:58:41.732793+09:00
Endorsement Ticket,,,failed,False,2026-08-19T22:03:11.253996+09:00
Endorsement Timeline,10.0,0.0,success,False,2026-08-19T22:02:44.580219+09:00
Endorsement Timer,,,failed,False,2026-08-28T00:22:36.820060+09:00
Endorsement Toll,,,failed,False,2026-08-21T02:45:31.753294+09:00
Endorsement Toolbox,,,failed,False,2026-08-28T00:22:42.376773+09:00
Endorsement Total,,,failed,False,2026-08-27T23:10:05.739440+09:00
Endorsement Tracker,110.0,0.0,success,False,2026-08-19T22:05:19.679261+09:00
Endorsement Trail,,,failed,False,2026-08-19T21:50:54.613076+09:00
Endorsement Trend,,,failed,False,2026-08-28T01:03:51.516264+09:00
Endorsement Trial,,,failed,False,2026-08-27T21:18:48.752837+09:00
Endorsement Unit,,,failed,False,2026-08-21T01:56:21.292165+09:00
Endorsement Update,,,failed,False,2026-08-19T22:02:02.684993+09:00
Endorsement Value,10.0,0.0,success,False,2026-08-23T02:52:46.674301+09:00
Endorsement Vault,,,failed,False,2026-08-19T22:06:18.009667+09:00
Endorsement Version,,,failed,False,2026-08-23T03:16:26.068243+09:00
Endorsement View,,,failed,False,2026-08-19T22:01:11.142813+09:00
Endorsement Voucher,,,failed,False,2026-08-21T00:27:57.987466+09:00
Endorsement Wallet,,,failed,False,2026-08-27T22:51:44.321364+09:00
Endorsement Watch,,,failed,False,2026-08-19T22:07:32.899948+09:00
Endorsement Wave,,,failed,False,2026-08-19T21:46:23.560668+09:00
Endorsement Widget,,,failed,False,2026-08-27T23:10:05.739440+09:00
Endorsement Window,,,failed,False,2026-08-19T21:58:59.534733+09:00
Endorsement Worksheet,,,failed,False,2026-08-27T22:14:23.666536+09:00
Endorsement Yard,,,failed,False,2026-08-19T21:56:05.092972+09:00
Endorsement Zone,,,failed,False,2026-08-19T21:49:35.357194+09:00
Endpoint Allowance,,,failed,False,2026-08-21T02:42:34.441538+09:00
Endpoint Almanac,,,failed,False,2026-08-18T22:03:21.744324+09:00
Endpoint Analyzer,,,failed,False,2026-08-27T23:53:59.228828+09:00
Endpoint Anchor,,,failed,False,2026-08-17T20:45:55.190861+09:00
Endpoint Asset,,,failed,False,2026-08-23T13:48:27.768488+09:00
Endpoint Assistant,10.0,29.0,success,False,2026-08-17T23:29:38.825411+09:00
Endpoint Atlas,,,failed,False,2026-08-17T20:36:47.157974+09:00
Endpoint Attribute,,,failed,False,2026-08-23T13:09:14.949045+09:00
Endpoint Base,,,failed,False,2026-08-17T20:33:30.325030+09:00
Endpoint Beacon,,,failed,False,2026-08-17T21:31:46.266854+09:00
Endpoint Bill,,,failed,False,2026-08-19T22:05:04.840486+09:00
Endpoint Blueprint,,,failed,False,2026-08-18T22:03:09.558659+09:00
Endpoint Board,,,failed,False,2026-08-18T07:43:54.848234+09:00
Endpoint Book,,,failed,False,2026-08-19T22:05:54.572880+09:00
Endpoint Bridge,,,failed,False,2026-08-17T20:47:00.954455+09:00
Endpoint Brief,,,failed,False,2026-08-21T01:00:56.888807+09:00
Endpoint Bulletin,,,failed,False,2026-08-21T01:00:54.642749+09:00
Endpoint Calendar,,,failed,False,2026-08-19T00:03:46.728628+09:00
Endpoint Card,,,failed,False,2026-08-19T13:26:59.554690+09:00
Endpoint Cascade,,,failed,False,2026-08-17T20:48:21.583177+09:00
Endpoint Cash,,,failed,False,2026-08-21T02:26:36.939016+09:00
Endpoint Category,,,failed,False,2026-08-23T13:09:12.775055+09:00
Endpoint Center,6600.0,31.0,success,False,2026-08-17T21:34:29.947705+09:00
Endpoint Chain,,,failed,False,2026-08-17T20:41:08.316613+09:00
Endpoint Charge,,,failed,False,2026-08-21T02:42:25.352468+09:00
Endpoint Check,50.0,29.0,success,False,2026-08-19T13:27:18.608287+09:00
Endpoint Checker,50.0,29.0,success,False,2026-08-27T23:53:42.609151+09:00
Endpoint Checklist,,,failed,False,2026-08-19T21:19:52.858825+09:00
Endpoint Circular,,,failed,False,2026-08-21T01:01:03.307399+09:00
Endpoint Cockpit,,,failed,False,2026-08-17T23:05:55.492568+09:00
Endpoint Code,40.0,9.0,success,False,2026-08-19T22:05:25.560581+09:00
Endpoint Codex,,,failed,False,2026-08-18T22:03:53.517132+09:00
Endpoint Companion,,,failed,False,2026-08-17T23:30:56.654699+09:00
Endpoint Comparison,10.0,32.0,success,False,2026-08-28T01:04:34.359127+09:00
Endpoint Compass,,,failed,False,2026-08-17T21:33:00.443260+09:00
Endpoint Compendium,,,failed,False,2026-08-18T22:03:44.456415+09:00
Endpoint Confirmation,,,failed,False,2026-08-21T01:01:13.751057+09:00
Endpoint Console,10.0,32.0,success,False,2026-08-17T21:31:11.680234+09:00
Endpoint Copayment,,,failed,False,2026-08-23T16:37:11.760359+09:00
Endpoint Core,,,failed,False,2026-08-17T20:32:17.131006+09:00
Endpoint Cost,,,failed,False,2026-08-21T02:10:31.589901+09:00
Endpoint Count,,,failed,False,2026-08-27T22:46:08.024081+09:00
Endpoint Counter,,,failed,False,2026-08-19T00:04:35.680723+09:00
Endpoint Dashboard,,,failed,False,2026-08-17T23:30:41.257118+09:00
Endpoint Deal,,,failed,False,2026-08-21T01:54:29.413822+09:00
Endpoint Debt,,,failed,False,2026-08-21T02:26:29.042609+09:00
Endpoint Deck,,,failed,False,2026-08-17T21:41:12.952922+09:00
Endpoint Depot,,,failed,False,2026-08-19T00:04:20.197700+09:00
Endpoint Desk,,,failed,False,2026-08-17T21:37:05.127331+09:00
Endpoint Detail,,,failed,False,2026-08-23T03:22:22.094995+09:00
Endpoint Detector,480.0,42.0,success,False,2026-08-27T23:53:51.631383+09:00
Endpoint Dial,,,failed,False,2026-08-17T20:47:45.474295+09:00
Endpoint Digest,,,failed,False,2026-08-19T20:45:04.260812+09:00
Endpoint Directory,,,failed,False,2026-08-19T00:03:53.943426+09:00
Endpoint Discount,,,failed,False,2026-08-23T16:11:06.629164+09:00
Endpoint Dock,,,failed,False,2026-08-17T20:43:42.299051+09:00
Endpoint Dossier,,,failed,False,2026-08-21T01:01:15.556861+09:00
Endpoint Draft,,,failed,False,2026-08-19T20:45:18.016255+09:00
Endpoint Duty,,,failed,False,2026-08-21T02:42:27.655082+09:00
Endpoint Engine,,,failed,False,2026-08-17T23:14:53.160605+09:00
Endpoint Entry,,,failed,False,2026-08-21T01:01:28.263811+09:00
Endpoint Estimate,,,failed,False,2026-08-19T21:30:42.715680+09:00
Endpoint Estimator,,,failed,False,2026-08-27T23:53:39.725939+09:00
Endpoint Fare,,,failed,False,2026-08-21T02:10:41.178409+09:00
Endpoint Fee,,,failed,False,2026-08-21T01:54:08.146374+09:00
Endpoint Feed,,,failed,False,2026-08-19T20:45:12.440392+09:00
Endpoint File,,,failed,False,2026-08-19T20:44:29.865338+09:00
Endpoint Finder,70.0,3.0,success,False,2026-08-19T00:04:11.501446+09:00
Endpoint Fine,,,failed,False,2026-08-23T02:57:01.992920+09:00
Endpoint Flag,,,failed,False,2026-08-21T00:27:12.597515+09:00
Endpoint Flow,,,failed,False,2026-08-17T21:41:42.015478+09:00
Endpoint Forge,,,failed,False,2026-08-17T21:30:38.829852+09:00
Endpoint Form,70.0,4.0,success,False,2026-08-19T13:26:27.174031+09:00
Endpoint Frame,,,failed,False,2026-08-17T20:34:22.385109+09:00
Endpoint Fund,,,failed,False,2026-08-21T02:26:32.701256+09:00
Endpoint Gate,,,failed,False,2026-08-17T20:38:35.163236+09:00
Endpoint Grade,,,failed,False,2026-08-21T00:26:46.014545+09:00
Endpoint Graph,70.0,0.0,success,False,2026-08-27T22:07:37.591593+09:00
Endpoint Grid,,,failed,False,2026-08-17T20:41:33.336783+09:00
Endpoint Guarantee,,,failed,False,2026-08-28T01:04:42.727086+09:00
Endpoint Guard,,,failed,False,2026-08-17T20:32:55.422953+09:00
Endpoint Guardian,,,failed,False,2026-08-28T00:23:47.118724+09:00
Endpoint Guidebook,,,failed,False,2026-08-18T22:02:50.623197+09:00
Endpoint Helpdesk,,,failed,False,2026-08-27T22:46:08.024081+09:00
Endpoint Helper,,,failed,False,2026-08-28T00:23:53.902588+09:00
Endpoint History,,,failed,False,2026-08-19T20:44:19.706681+09:00
Endpoint Hub,,,failed,False,2026-08-17T21:39:44.948189+09:00
Endpoint Identifier,,,failed,False,2026-08-23T13:09:10.087594+09:00
Endpoint Index,,,failed,False,2026-08-19T21:20:05.379169+09:00
Endpoint Insight,,,failed,False,2026-08-17T23:11:19.275980+09:00
Endpoint Installment,,,failed,False,2026-08-23T16:11:08.956491+09:00
Endpoint Item,,,failed,False,2026-08-21T01:54:12.034921+09:00
Endpoint Journal,,,failed,False,2026-08-18T22:02:28.338577+09:00
Endpoint Keeper,,,failed,False,2026-08-17T20:34:48.922886+09:00
Endpoint Kit,,,failed,False,2026-08-27T22:46:02.765409+09:00
Endpoint Lab,,,failed,False,2026-08-17T21:37:42.380657+09:00
Endpoint Label,,,failed,False,2026-08-27T22:07:41.421571+09:00
Endpoint Ledger,,,failed,False,2026-08-18T07:43:41.366664+09:00
Endpoint Lens,,,failed,False,2026-08-17T20:35:18.626237+09:00
Endpoint Level,,,failed,False,2026-08-19T20:44:35.831978+09:00
Endpoint Link,10.0,1.0,success,False,2026-08-23T03:22:11.470893+09:00
Endpoint List,20.0,10.0,success,False,2026-08-19T22:05:38.259870+09:00
Endpoint Loan,,,failed,False,2026-08-21T02:10:49.609792+09:00
Endpoint Locator,,,failed,False,2026-08-19T00:04:03.544716+09:00
Endpoint Lock,30.0,66.0,success,False,2026-08-17T20:37:15.920679+09:00
Endpoint Log,110.0,19.0,success,False,2026-08-19T13:26:13.744102+09:00
Endpoint Loop,,,failed,False,2026-08-17T20:42:18.152107+09:00
Endpoint Manager,1300.0,36.0,success,False,2026-08-17T20:33:59.012811+09:00
Endpoint Manual,10.0,,success,False,2026-08-27T22:07:41.421571+09:00
Endpoint Map,,,failed,False,2026-08-17T20:36:14.881787+09:00
Endpoint Margin,,,failed,False,2026-08-23T02:56:59.964563+09:00
Endpoint Markup,,,failed,False,2026-08-23T16:37:08.695688+09:00
Endpoint Memo,,,failed,False,2026-08-21T00:26:53.623558+09:00
Endpoint Message,,,failed,False,2026-08-27T23:11:28.090319+09:00
Endpoint Meter,,,failed,False,2026-08-17T20:46:23.888336+09:00
Endpoint Metrics,10.0,29.0,success,False,2026-08-17T23:30:26.611269+09:00
Endpoint Monitor,320.0,31.0,success,False,2026-08-17T23:30:12.792820+09:00
Endpoint Navigator,,,failed,False,2026-08-17T23:12:58.115072+09:00
Endpoint Nexus,,,failed,False,2026-08-17T20:37:45.876313+09:00
Endpoint Node,70.0,6.0,success,False,2026-08-17T20:39:31.272188+09:00
Endpoint Note,,,failed,False,2026-08-19T13:27:45.503275+09:00
Endpoint Notification,,,failed,False,2026-08-27T22:45:58.509654+09:00
Endpoint Number,,,failed,False,2026-08-23T03:22:06.290002+09:00
Endpoint Office,10.0,13.0,success,False,2026-08-19T00:04:28.645558+09:00
Endpoint Ops,,,failed,False,2026-08-17T23:31:21.435106+09:00
Endpoint Order,,,failed,False,2026-08-19T22:04:53.715623+09:00
Endpoint Organizer,,,failed,False,2026-08-17T23:04:05.706993+09:00
Endpoint Overage,,,failed,False,2026-08-27T21:46:08.601206+09:00
Endpoint Overdue,,,failed,False,2026-08-27T21:46:06.267558+09:00
Endpoint Panel,,,failed,False,2026-08-17T21:30:05.905035+09:00
Endpoint Path,50.0,0.0,success,False,2026-08-17T20:39:06.787331+09:00
Endpoint Petition,,,failed,False,2026-08-21T01:01:09.555377+09:00
Endpoint Pilot,,,failed,False,2026-08-17T21:38:15.647846+09:00
Endpoint Plan,,,failed,False,2026-08-21T01:54:24.486907+09:00
Endpoint Planner,,,failed,False,2026-08-17T23:09:43.652539+09:00
Endpoint Playbook,,,failed,False,2026-08-18T23:50:55.831862+09:00
Endpoint Point,10.0,10.0,success,False,2026-08-17T20:38:11.520193+09:00
Endpoint Portal,40.0,29.0,success,False,2026-08-17T21:32:23.259221+09:00
Endpoint Preview,,,failed,False,2026-08-28T01:04:37.386068+09:00
Endpoint Profile,,,failed,False,2026-08-19T13:28:03.494645+09:00
Endpoint Profit,,,failed,False,2026-08-23T02:56:45.800075+09:00
Endpoint Proposal,,,failed,False,2026-08-28T01:04:40.087199+09:00
Endpoint Pulse,10.0,29.0,success,False,2026-08-17T20:40:46.604989+09:00
Endpoint Quota,140.0,4.0,success,False,2026-08-21T00:27:03.794080+09:00
Endpoint Radar,,,failed,False,2026-08-17T21:36:07.544663+09:00
Endpoint Rail,,,failed,False,2026-08-17T20:42:47.401639+09:00
Endpoint Rate,,,failed,False,2026-08-19T20:44:48.132741+09:00
Endpoint Receipt,,,failed,False,2026-08-19T22:05:17.062474+09:00
Endpoint Recorder,,,failed,False,2026-08-27T23:33:37.262266+09:00
Endpoint Redemption,,,failed,False,2026-08-23T16:37:11.760359+09:00
Endpoint Register,,,failed,False,2026-08-17T23:07:41.199314+09:00
Endpoint Registry,,,failed,False,2026-08-18T22:03:00.985111+09:00
Endpoint Relay,,,failed,False,2026-08-17T21:35:00.218033+09:00
Endpoint Reminder,,,failed,False,2026-08-19T21:19:43.238592+09:00
Endpoint Report,,,failed,False,2026-08-19T13:26:03.914310+09:00
Endpoint Repository,10.0,0.0,success,False,2026-08-27T23:11:39.748613+09:00
Endpoint Result,,,failed,False,2026-08-28T00:47:05.716612+09:00
Endpoint Roadmap,,,failed,False,2026-08-18T22:04:05.188286+09:00
Endpoint Roster,10.0,,success,False,2026-08-19T00:37:44.150276+09:00
Endpoint Route,10.0,0.0,success,False,2026-08-17T20:44:27.303320+09:00
Endpoint Rule,,,failed,False,2026-08-23T03:22:18.461537+09:00
Endpoint Sale,,,failed,False,2026-08-21T02:26:39.495067+09:00
Endpoint Sample,,,failed,False,2026-08-19T22:06:15.067471+09:00
Endpoint Scale,,,failed,False,2026-08-17T20:45:32.525368+09:00
Endpoint Scanner,110.0,60.0,success,False,2026-08-27T23:53:48.068906+09:00
Endpoint Scheduler,,,failed,False,2026-08-17T23:29:58.873666+09:00
Endpoint Schematic,,,failed,False,2026-08-27T22:28:39.838514+09:00
Endpoint Scope,,,failed,False,2026-08-17T20:43:14.638625+09:00
Endpoint Score,,,failed,False,2026-08-19T13:27:35.770715+09:00
Endpoint Sentry,,,failed,False,2026-08-17T20:35:48.969093+09:00
Endpoint Sheet,,,failed,False,2026-08-19T13:27:07.663216+09:00
Endpoint Signal,,,failed,False,2026-08-17T20:45:09.617976+09:00
Endpoint Signature,20.0,10.0,success,False,2026-08-23T13:28:13.588297+09:00
Endpoint Slip,,,failed,False,2026-08-19T22:06:07.056181+09:00
Endpoint Slot,,,failed,False,2026-08-19T22:06:26.107612+09:00
Endpoint Snapshot,,,failed,False,2026-08-18T22:02:40.368007+09:00
Endpoint Stake,,,failed,False,2026-08-23T02:56:53.736848+09:00
Endpoint Stamp,,,failed,False,2026-08-23T13:28:13.588297+09:00
Endpoint Statement,,,failed,False,2026-08-21T00:26:39.162393+09:00
Endpoint Station,,,failed,False,2026-08-17T21:36:34.713232+09:00
Endpoint Status,20.0,8.0,success,False,2026-08-19T20:44:03.742658+09:00
Endpoint Studio,20.0,0.0,success,False,2026-08-17T21:39:05.774100+09:00
Endpoint Suite,10.0,,success,False,2026-08-17T23:29:23.485940+09:00
Endpoint Sum,,,failed,False,2026-08-21T02:26:26.896086+09:00
Endpoint Summary,10.0,0.0,success,False,2026-08-19T21:19:17.312411+09:00
Endpoint Surtax,,,failed,False,2026-08-23T15:53:10.362751+09:00
Endpoint Sync,10.0,29.0,success,False,2026-08-18T07:52:49.362329+09:00
Endpoint Tab,,,failed,False,2026-08-21T00:27:22.208885+09:00
Endpoint Table,,,failed,False,2026-08-19T22:05:46.180547+09:00
Endpoint Tag,,,failed,False,2026-08-19T13:27:56.460670+09:00
Endpoint Tally,,,failed,False,2026-08-21T00:26:41.627536+09:00
Endpoint Tariff,,,failed,False,2026-08-21T02:42:36.894313+09:00
Endpoint Tax,,,failed,False,2026-08-21T02:10:45.957047+09:00
Endpoint Ticket,,,failed,False,2026-08-19T21:30:35.144264+09:00
Endpoint Tier,,,failed,False,2026-08-28T00:47:08.445911+09:00
Endpoint Timeline,,,failed,False,2026-08-19T21:19:30.531478+09:00
Endpoint Timer,,,failed,False,2026-08-28T00:23:37.982808+09:00
Endpoint Token,10.0,0.0,success,False,2026-08-23T13:28:10.942428+09:00
Endpoint Toll,,,failed,False,2026-08-21T02:42:30.088898+09:00
Endpoint Toolbox,,,failed,False,2026-08-28T00:23:49.555058+09:00
Endpoint Toolkit,,,failed,False,2026-08-18T23:50:55.831862+09:00
Endpoint Total,,,failed,False,2026-08-27T23:11:28.090319+09:00
Endpoint Tracker,30.0,20.0,success,False,2026-08-17T20:31:44.848533+09:00
Endpoint Trail,,,failed,False,2026-08-17T20:41:58.937145+09:00
Endpoint Trend,,,failed,False,2026-08-28T01:04:31.429165+09:00
Endpoint Trial,40.0,3.0,success,False,2026-08-27T21:13:37.797342+09:00
Endpoint Unit,,,failed,False,2026-08-21T01:54:16.257744+09:00
Endpoint Update,20.0,21.0,success,False,2026-08-19T20:44:53.798353+09:00
Endpoint Value,10.0,0.0,success,False,2026-08-23T02:56:50.179026+09:00
Endpoint Vault,,,failed,False,2026-08-17T21:33:59.802696+09:00
Endpoint Version,30.0,2.0,success,False,2026-08-23T03:22:09.250404+09:00
Endpoint View,,,failed,False,2026-08-19T20:44:12.620754+09:00
Endpoint Watch,,,failed,False,2026-08-17T20:44:09.032273+09:00
Endpoint Wave,,,failed,False,2026-08-17T20:39:59.910293+09:00
Endpoint Widget,,,failed,False,2026-08-27T23:11:31.507435+09:00
Endpoint Workbench,,,failed,False,2026-08-18T23:50:55.831862+09:00
Endpoint Worksheet,10.0,,success,False,2026-08-27T22:07:45.490805+09:00
Endpoint Zone,10.0,,success,False,2026-08-17T21:33:26.536272+09:00
Engagement Advisory,,,failed,False,2026-08-21T01:06:19.538829+09:00
Engagement Allowance,,,failed,False,2026-08-21T02:45:19.238792+09:00
Engagement Almanac,,,failed,False,2026-08-18T22:10:38.085042+09:00
Engagement Analyzer,10.0,42.0,success,False,2026-08-27T23:56:25.215119+09:00
Engagement Anchor,,,failed,False,2026-08-17T20:44:25.446111+09:00
Engagement Assistant,70.0,0.0,success,False,2026-08-17T23:25:59.230175+09:00
Engagement Atlas,,,failed,False,2026-08-17T20:35:16.626138+09:00
Engagement Attribute,,,failed,False,2026-08-23T13:05:23.446570+09:00
Engagement Badge,,,failed,False,2026-08-21T00:32:31.934653+09:00
Engagement Base,,,failed,False,2026-08-17T20:31:41.996994+09:00
Engagement Beacon,,,failed,False,2026-08-17T21:30:02.792774+09:00
Engagement Bill,,,failed,False,2026-08-19T21:53:37.602067+09:00
Engagement Blueprint,20.0,6.0,success,False,2026-08-18T22:10:30.545293+09:00
Engagement Board,1300.0,100.0,success,False,2026-08-17T21:39:40.995935+09:00
Engagement Book,720.0,100.0,success,False,2026-08-19T21:54:34.064665+09:00
Engagement Bridge,30.0,8.0,success,False,2026-08-17T20:45:30.439940+09:00
Engagement Brief,20.0,0.0,success,False,2026-08-21T01:06:12.457382+09:00
Engagement Bulletin,10.0,0.0,success,False,2026-08-21T01:06:09.386639+09:00
Engagement Calculator,2400.0,10.0,success,False,2026-08-27T23:34:49.517197+09:00
Engagement Calendar,480.0,39.0,success,False,2026-08-19T00:01:46.968095+09:00
Engagement Card,22200.0,100.0,success,False,2026-08-19T13:37:07.437416+09:00
Engagement Cascade,,,failed,False,2026-08-17T20:46:22.420312+09:00
Engagement Cash,,,failed,False,2026-08-21T02:29:56.209810+09:00
Engagement Cashback,,,failed,False,2026-08-27T21:15:37.893274+09:00
Engagement Catalog,,,failed,False,2026-08-19T21:09:10.178555+09:00
Engagement Category,,,failed,False,2026-08-23T13:05:20.503897+09:00
Engagement Center,880.0,1.0,success,False,2026-08-17T21:32:57.336519+09:00
Engagement Chain,70.0,100.0,success,False,2026-08-17T20:39:57.613991+09:00
Engagement Charge,,,failed,False,2026-08-21T02:45:13.542612+09:00
Engagement Check,170.0,20.0,success,False,2026-08-19T13:37:39.358157+09:00
Engagement Checker,170.0,20.0,success,False,2026-08-27T23:56:16.956086+09:00
Engagement Checklist,390.0,16.0,success,False,2026-08-19T21:08:13.592372+09:00
Engagement Circular,,,failed,False,2026-08-21T01:06:16.364943+09:00
Engagement Cockpit,,,failed,False,2026-08-17T23:06:32.975995+09:00
Engagement Code,70.0,0.0,success,False,2026-08-19T21:54:00.654442+09:00
Engagement Codex,,,failed,False,2026-08-18T22:10:56.062577+09:00
Engagement Companion,,,failed,False,2026-08-17T23:27:14.779355+09:00
Engagement Comparison,,,failed,False,2026-08-28T01:06:41.346901+09:00
Engagement Compass,,,failed,False,2026-08-17T21:31:08.679950+09:00
Engagement Compendium,,,failed,False,2026-08-18T22:10:45.324652+09:00
Engagement Confirmation,20.0,0.0,success,False,2026-08-21T01:06:30.195338+09:00
Engagement Console,10.0,0.0,success,False,2026-08-17T20:48:18.389398+09:00
Engagement Core,,,failed,False,2026-08-18T07:52:49.362329+09:00
Engagement Cost,90.0,14.0,success,False,2026-08-21T02:13:47.898953+09:00
Engagement Count,40.0,11.0,success,False,2026-08-27T22:48:13.756184+09:00
Engagement Counter,40.0,11.0,success,False,2026-08-19T00:02:34.221000+09:00
Engagement Coupon,,,failed,False,2026-08-27T21:15:34.818716+09:00
Engagement Dashboard,140.0,16.0,success,False,2026-08-17T23:26:58.468073+09:00
Engagement Deal,,,failed,False,2026-08-21T01:58:05.254245+09:00
Engagement Debt,,,failed,False,2026-08-21T02:29:49.445628+09:00
Engagement Deck,10.0,0.0,success,False,2026-08-17T21:38:13.718334+09:00
Engagement Depot,,,failed,False,2026-08-19T00:02:18.071698+09:00
Engagement Desk,,,failed,False,2026-08-17T21:35:30.145341+09:00
Engagement Detail,,,failed,False,2026-08-23T03:15:19.125629+09:00
Engagement Detector,,,failed,False,2026-08-27T23:56:22.652242+09:00
Engagement Diagram,30.0,0.0,success,False,2026-08-27T22:10:01.202227+09:00
Engagement Dial,,,failed,False,2026-08-17T20:45:54.147634+09:00
Engagement Digest,,,failed,False,2026-08-19T20:38:01.262466+09:00
Engagement Directory,,,failed,False,2026-08-19T00:01:57.884072+09:00
Engagement Discount,,,failed,False,2026-08-23T16:12:51.127665+09:00
Engagement Dock,20.0,3.0,success,False,2026-08-17T20:42:16.988485+09:00
Engagement Dossier,,,failed,False,2026-08-21T01:06:36.051415+09:00
Engagement Draft,,,failed,False,2026-08-19T20:38:14.851338+09:00
Engagement Due,,,failed,False,2026-08-23T15:51:15.880461+09:00
Engagement Duty,,,failed,False,2026-08-21T02:45:13.542612+09:00
Engagement Engine,70.0,12.0,success,False,2026-08-17T23:15:27.187478+09:00
Engagement Entry,480.0,1.0,success,False,2026-08-21T01:06:51.131996+09:00
Engagement Estimate,,,failed,False,2026-08-19T21:08:56.210906+09:00
Engagement Estimator,,,failed,False,2026-08-27T23:56:16.956086+09:00
Engagement Excerpt,,,failed,False,2026-08-21T01:06:46.678178+09:00
Engagement Fare,,,failed,False,2026-08-21T02:13:55.363048+09:00
Engagement Fee,140.0,0.0,success,False,2026-08-21T01:57:50.113408+09:00
Engagement Feed,,,failed,False,2026-08-19T20:38:07.942341+09:00
Engagement File,30.0,1.0,success,False,2026-08-19T20:37:28.019595+09:00
Engagement Finder,50.0,6.0,success,False,2026-08-19T00:02:12.644181+09:00
Engagement Flag,30.0,93.0,success,False,2026-08-21T00:33:08.035106+09:00
Engagement Flow,40.0,1.0,success,False,2026-08-17T21:39:02.253193+09:00
Engagement Forge,,,failed,False,2026-08-17T20:47:39.394205+09:00
Engagement Form,390.0,3.0,success,False,2026-08-19T13:36:57.023796+09:00
Engagement Format,390.0,3.0,success,False,2026-08-23T13:05:30.348326+09:00
Engagement Frame,1600.0,100.0,success,False,2026-08-17T20:32:53.240136+09:00
Engagement Fund,40.0,0.0,success,False,2026-08-21T02:29:53.730886+09:00
Engagement Gate,20.0,1.0,success,False,2026-08-17T20:37:14.189830+09:00
Engagement Giveaway,70.0,93.0,success,False,2026-08-27T21:15:40.330625+09:00
Engagement Grade,,,failed,False,2026-08-21T00:32:54.976982+09:00
Engagement Graph,40.0,0.0,success,False,2026-08-27T22:09:58.164830+09:00
Engagement Grid,480.0,1.0,success,False,2026-08-17T20:40:21.350341+09:00
Engagement Guarantee,,,failed,False,2026-08-28T01:06:48.738756+09:00
Engagement Guard,,,failed,False,2026-08-18T07:52:08.139884+09:00
Engagement Guidebook,,,failed,False,2026-08-18T22:10:14.241136+09:00
Engagement Helpdesk,,,failed,False,2026-08-27T22:48:17.330576+09:00
Engagement Helper,,,failed,False,2026-08-28T00:25:39.840423+09:00
Engagement History,140.0,2.0,success,False,2026-08-19T20:37:18.555970+09:00
Engagement Hotline,,,failed,False,2026-08-19T21:09:24.314607+09:00
Engagement Hub,590.0,6.0,success,False,2026-08-17T21:37:39.097196+09:00
Engagement Identifier,,,failed,False,2026-08-23T13:05:17.487653+09:00
Engagement Incentive,,,failed,False,2026-08-27T21:15:37.893274+09:00
Engagement Index,320.0,11.0,success,False,2026-08-19T21:08:23.714003+09:00
Engagement Insight,50.0,3.0,success,False,2026-08-17T23:11:56.017978+09:00
Engagement Installment,,,failed,False,2026-08-23T16:12:54.608017+09:00
Engagement Item,390.0,69.0,success,False,2026-08-21T01:57:52.664433+09:00
Engagement Journal,720.0,100.0,success,False,2026-08-18T22:09:58.381010+09:00
Engagement Keeper,,,failed,False,2026-08-17T20:33:24.231963+09:00
Engagement Kit,110.0,35.0,success,False,2026-08-27T22:48:06.633980+09:00
Engagement Lab,50.0,8.0,success,False,2026-08-17T21:36:05.315924+09:00
Engagement Ledger,,,failed,False,2026-08-17T21:41:39.306179+09:00
Engagement Lens,,,failed,False,2026-08-17T20:33:56.397010+09:00
Engagement Level,1000.0,1.0,success,False,2026-08-19T20:37:37.988161+09:00
Engagement Link,20.0,0.0,success,False,2026-08-23T03:15:06.713636+09:00
Engagement List,720.0,0.0,success,False,2026-08-19T21:54:13.234763+09:00
Engagement Loan,30.0,37.0,success,False,2026-08-21T02:13:59.319117+09:00
Engagement Locator,,,failed,False,2026-08-19T00:02:04.506577+09:00
Engagement Lock,40.0,26.0,success,False,2026-08-17T20:35:47.352548+09:00
Engagement Log,140.0,0.0,success,False,2026-08-19T13:36:47.380431+09:00
Engagement Loop,140.0,3.0,success,False,2026-08-17T20:41:07.425187+09:00
Engagement Manager,6600.0,1.0,success,False,2026-08-17T20:32:14.147491+09:00
Engagement Map,260.0,100.0,success,False,2026-08-17T20:34:46.285590+09:00
Engagement Memo,10.0,6.0,success,False,2026-08-21T00:32:59.208813+09:00
Engagement Message,2900.0,35.0,success,False,2026-08-27T23:13:25.257331+09:00
Engagement Meter,40.0,16.0,success,False,2026-08-17T20:44:58.380838+09:00
Engagement Metrics,1300.0,6.0,success,False,2026-08-17T23:26:41.280182+09:00
Engagement Monitor,,,failed,False,2026-08-17T23:26:27.360355+09:00
Engagement Navigator,,,failed,False,2026-08-17T23:13:34.703463+09:00
Engagement Nexus,,,failed,False,2026-08-17T20:36:13.174234+09:00
Engagement Node,,,failed,False,2026-08-17T20:38:08.924079+09:00
Engagement Note,260.0,36.0,success,False,2026-08-19T13:37:57.164882+09:00
Engagement Notification,20.0,16.0,success,False,2026-08-27T22:48:06.633980+09:00
Engagement Number,70.0,0.0,success,False,2026-08-23T03:14:59.429482+09:00
Engagement Office,110.0,4.0,success,False,2026-08-19T00:02:27.896414+09:00
Engagement Ops,,,failed,False,2026-08-17T23:27:29.516151+09:00
Engagement Order,50.0,5.0,success,False,2026-08-19T21:53:27.023606+09:00
Engagement Organizer,170.0,5.0,success,False,2026-08-17T23:04:40.930662+09:00
Engagement Panel,30.0,6.0,success,False,2026-08-17T20:46:59.199715+09:00
Engagement Pass,,,failed,False,2026-08-21T00:32:18.028421+09:00
Engagement Path,,,failed,False,2026-08-17T20:37:44.009684+09:00
Engagement Penalty,,,failed,False,2026-08-23T16:38:14.137829+09:00
Engagement Petition,,,failed,False,2026-08-21T01:06:23.582625+09:00
Engagement Pilot,,,failed,False,2026-08-17T21:36:32.684484+09:00
Engagement Plan,1900.0,49.0,success,False,2026-08-21T01:58:00.854013+09:00
Engagement Planner,1900.0,49.0,success,False,2026-08-17T23:10:20.263689+09:00
Engagement Playbook,20.0,23.0,success,False,2026-08-18T22:09:52.210960+09:00
Engagement Point,110.0,1.0,success,False,2026-08-17T20:36:43.272468+09:00
Engagement Portal,880.0,4.0,success,False,2026-08-17T21:30:37.005083+09:00
Engagement Preview,,,failed,False,2026-08-28T01:06:43.929748+09:00
Engagement Profile,140.0,1.0,success,False,2026-08-19T13:38:33.395376+09:00
Engagement Profit,,,failed,False,2026-08-23T02:58:49.315026+09:00
Engagement Proposal,2400.0,18.0,success,False,2026-08-28T01:06:48.738756+09:00
Engagement Pulse,110.0,20.0,success,False,2026-08-17T20:39:28.862436+09:00
Engagement Queue,,,failed,False,2026-08-19T21:08:46.825044+09:00
Engagement Quota,,,failed,False,2026-08-21T00:33:03.712506+09:00
Engagement Radar,20.0,1.0,success,False,2026-08-17T21:34:26.372304+09:00
Engagement Rail,,,failed,False,2026-08-17T20:41:30.101842+09:00
Engagement Rate,27100.0,6.0,success,False,2026-08-19T20:37:45.715949+09:00
Engagement Recap,,,failed,False,2026-08-21T01:06:44.007854+09:00
Engagement Receipt,,,failed,False,2026-08-19T21:53:52.421179+09:00
Engagement Register,170.0,40.0,success,False,2026-08-17T23:08:20.793662+09:00
Engagement Registry,170.0,40.0,success,False,2026-08-18T22:10:20.360888+09:00
Engagement Relay,,,failed,False,2026-08-17T21:33:24.629057+09:00
Engagement Reminder,,,failed,False,2026-08-19T21:08:03.467133+09:00
Engagement Report,320.0,3.0,success,False,2026-08-19T13:36:00.987511+09:00
Engagement Repository,,,failed,False,2026-08-27T23:13:34.759239+09:00
Engagement Result,,,failed,False,2026-08-28T00:47:59.038217+09:00
Engagement Roadmap,30.0,1.0,success,False,2026-08-18T22:11:03.707718+09:00
Engagement Roster,,,failed,False,2026-08-19T00:37:02.474717+09:00
Engagement Route,,,failed,False,2026-08-17T20:43:12.470155+09:00
Engagement Rule,135000.0,0.0,success,True,2026-08-23T03:15:10.473494+09:00
Engagement Sale,1300.0,31.0,success,False,2026-08-21T02:30:05.549953+09:00
Engagement Scale,140.0,0.0,success,False,2026-08-17T20:44:07.827451+09:00
Engagement Scanner,,,failed,False,2026-08-27T23:56:20.084184+09:00
Engagement Scheduler,,,failed,False,2026-08-17T23:26:13.004123+09:00
Engagement Scope,90.0,1.0,success,False,2026-08-17T20:41:57.166662+09:00
Engagement Score,720.0,6.0,success,False,2026-08-19T13:37:50.110679+09:00
Engagement Sentry,,,failed,False,2026-08-17T20:34:20.444490+09:00
Engagement Sheet,40.0,46.0,success,False,2026-08-19T13:37:32.755916+09:00
Engagement Shortfall,,,failed,False,2026-08-27T21:46:47.630562+09:00
Engagement Signal,70.0,3.0,success,False,2026-08-17T20:43:38.857738+09:00
Engagement Slot,,,failed,False,2026-08-19T21:55:03.832007+09:00
Engagement Snapshot,,,failed,False,2026-08-18T22:10:06.625362+09:00
Engagement Stake,,,failed,False,2026-08-23T02:58:53.611200+09:00
Engagement Statement,40.0,7.0,success,False,2026-08-21T00:32:45.504063+09:00
Engagement Station,50.0,0.0,success,False,2026-08-17T21:34:57.125142+09:00
Engagement Status,1600.0,0.0,success,True,2026-08-19T20:49:32.682801+09:00
Engagement Streak,,,failed,False,2026-08-28T00:47:59.038217+09:00
Engagement Stub,,,failed,False,2026-08-21T00:32:38.054061+09:00
Engagement Studio,210.0,16.0,success,False,2026-08-17T21:37:02.739524+09:00
Engagement Suite,90.0,27.0,success,False,2026-08-17T23:25:43.129443+09:00
Engagement Sum,,,failed,False,2026-08-21T02:29:47.040271+09:00
Engagement Summary,50.0,0.0,success,False,2026-08-19T21:07:42.156894+09:00
Engagement Sync,,,failed,False,2026-08-17T21:41:07.674308+09:00
Engagement Tab,,,failed,False,2026-08-21T00:33:12.400590+09:00
Engagement Table,140.0,70.0,success,False,2026-08-19T21:54:22.632140+09:00
Engagement Tag,390.0,48.0,success,False,2026-08-19T13:38:17.915581+09:00
Engagement Tally,,,failed,False,2026-08-21T00:32:50.317142+09:00
Engagement Tariff,,,failed,False,2026-08-21T02:45:23.002534+09:00
Engagement Tax,20.0,2.0,success,False,2026-08-21T02:13:55.363048+09:00
Engagement Ticket,,,failed,False,2026-08-19T21:08:33.836263+09:00
Engagement Timeline,170.0,11.0,success,False,2026-08-19T21:07:53.338438+09:00
Engagement Timer,,,failed,False,2026-08-28T00:25:31.999960+09:00
Engagement Toll,,,failed,False,2026-08-21T02:45:16.049005+09:00
Engagement Toolbox,,,failed,False,2026-08-28T00:25:39.840423+09:00
Engagement Toolkit,30.0,14.0,success,False,2026-08-18T22:09:42.242317+09:00
Engagement Total,40.0,1.0,success,False,2026-08-27T23:13:28.057978+09:00
Engagement Tracker,480.0,21.0,success,False,2026-08-18T07:52:19.092235+09:00
Engagement Trail,,,failed,False,2026-08-17T20:40:45.689604+09:00
Engagement Trend,90.0,11.0,success,False,2026-08-28T01:06:29.246910+09:00
Engagement Trial,,,failed,False,2026-08-27T21:15:37.893274+09:00
Engagement Unit,,,failed,False,2026-08-21T01:57:57.210014+09:00
Engagement Update,20.0,0.0,success,False,2026-08-19T20:37:52.054454+09:00
Engagement Value,90.0,3.0,success,False,2026-08-23T02:58:53.611200+09:00
Engagement Vault,,,failed,False,2026-08-17T21:32:20.148818+09:00
Engagement View,70.0,2.0,success,False,2026-08-19T20:49:38.357241+09:00
Engagement Voucher,,,failed,False,2026-08-21T00:32:26.715092+09:00
Engagement Watch,880.0,100.0,success,False,2026-08-17T20:42:43.172174+09:00
Engagement Wave,,,failed,False,2026-08-17T20:38:33.752321+09:00
Engagement Widget,,,failed,False,2026-08-27T23:13:31.938909+09:00
Engagement Workbench,,,failed,False,2026-08-18T22:09:34.112352+09:00
Engagement Workshop,50.0,38.0,success,False,2026-08-28T00:25:31.999960+09:00
Engagement Zone,110.0,0.0,success,False,2026-08-17T21:31:44.399230+09:00
Enrollment Advance,,,failed,False,2026-08-23T16:16:35.923082+09:00
Enrollment Advisory,,,failed,False,2026-08-21T01:07:09.616987+09:00
Enrollment Allowance,,,failed,False,2026-08-21T02:44:02.769477+09:00
Enrollment Almanac,,,failed,False,2026-08-18T22:10:16.418477+09:00
Enrollment Analyzer,,,failed,False,2026-08-27T23:58:34.382467+09:00
Enrollment Anchor,,,failed,False,2026-08-17T21:35:14.152571+09:00
Enrollment Announcement,90.0,0.0,success,False,2026-08-27T23:36:29.882311+09:00
Enrollment Arrears,,,failed,False,2026-08-23T16:16:31.573856+09:00
Enrollment Asset,,,failed,False,2026-08-23T13:48:10.648745+09:00
Enrollment Assistant,90.0,0.0,success,False,2026-08-17T23:27:48.723968+09:00
Enrollment Atlas,,,failed,False,2026-08-17T20:42:52.966707+09:00
Enrollment Badge,30.0,0.0,success,False,2026-08-21T00:34:27.900194+09:00
Enrollment Balance,10.0,0.0,success,False,2026-08-23T13:48:06.578216+09:00
Enrollment Base,,,failed,False,2026-08-17T20:40:08.225876+09:00
Enrollment Beacon,,,failed,False,2026-08-17T21:40:41.309160+09:00
Enrollment Bill,,,failed,False,2026-08-19T22:01:05.588899+09:00
Enrollment Blueprint,,,failed,False,2026-08-18T22:10:10.353821+09:00
Enrollment Board,10.0,0.0,success,False,2026-08-17T20:37:26.547523+09:00
Enrollment Book,20.0,0.0,success,False,2026-08-19T22:01:57.019761+09:00
Enrollment Bridge,,,failed,False,2026-08-17T21:36:20.278504+09:00
Enrollment Brief,,,failed,False,2026-08-21T01:07:00.683520+09:00
Enrollment Bulletin,,,failed,False,2026-08-21T01:06:56.173532+09:00
Enrollment Calendar,50.0,0.0,success,False,2026-08-19T00:01:14.805570+09:00
Enrollment Card,720.0,9.0,success,False,2026-08-19T13:33:39.488989+09:00
Enrollment Cascade,,,failed,False,2026-08-17T21:37:21.496927+09:00
Enrollment Cash,,,failed,False,2026-08-21T02:29:01.889757+09:00
Enrollment Cashback,,,failed,False,2026-08-27T21:18:52.051068+09:00
Enrollment Catalog,,,failed,False,2026-08-19T21:19:14.051362+09:00
Enrollment Center,8100.0,6.0,success,False,2026-08-18T07:43:31.933030+09:00
Enrollment Chain,,,failed,False,2026-08-17T20:47:58.336807+09:00
Enrollment Charge,,,failed,False,2026-08-21T02:43:53.941468+09:00
Enrollment Check,590.0,0.0,success,False,2026-08-19T13:33:51.668880+09:00
Enrollment Checker,,,failed,False,2026-08-27T23:58:26.225716+09:00
Enrollment Checklist,170.0,1.0,success,False,2026-08-19T21:18:14.475118+09:00
Enrollment Circular,,,failed,False,2026-08-21T01:07:05.419425+09:00
Enrollment Cockpit,,,failed,False,2026-08-17T23:09:09.172246+09:00
Enrollment Code,320.0,1.0,success,False,2026-08-19T22:01:23.897474+09:00
Enrollment Codex,,,failed,False,2026-08-18T22:10:32.480742+09:00
Enrollment Companion,,,failed,False,2026-08-17T23:29:14.907859+09:00
Enrollment Comparison,,,failed,False,2026-08-28T01:08:23.846955+09:00
Enrollment Compass,,,failed,False,2026-08-18T01:28:07.797651+09:00
Enrollment Compendium,,,failed,False,2026-08-18T22:10:25.741480+09:00
Enrollment Confirmation,320.0,0.0,success,False,2026-08-21T01:07:19.627545+09:00
Enrollment Console,,,failed,False,2026-08-17T21:39:19.495692+09:00
Enrollment Contribution,,,failed,False,2026-08-23T16:16:31.573856+09:00
Enrollment Copayment,,,failed,False,2026-08-23T16:40:02.738352+09:00
Enrollment Core,,,failed,False,2026-08-17T20:39:15.324728+09:00
Enrollment Cost,30.0,0.0,success,False,2026-08-21T02:13:28.177261+09:00
Enrollment Count,20.0,0.0,success,False,2026-08-27T22:50:39.556744+09:00
Enrollment Counter,,,failed,False,2026-08-19T00:02:00.292816+09:00
Enrollment Coupon,,,failed,False,2026-08-27T21:18:52.051068+09:00
Enrollment Dashboard,170.0,5.0,success,False,2026-08-17T23:28:54.506937+09:00
Enrollment Deal,,,failed,False,2026-08-21T01:58:22.092915+09:00
Enrollment Debt,,,failed,False,2026-08-21T02:28:54.304303+09:00
Enrollment Deck,,,failed,False,2026-08-17T20:36:26.800121+09:00
Enrollment Depot,,,failed,False,2026-08-19T00:01:43.287513+09:00
Enrollment Desk,40.0,2.0,success,False,2026-08-17T20:34:09.472739+09:00
Enrollment Detail,,,failed,False,2026-08-23T03:23:11.854221+09:00
Enrollment Detector,,,failed,False,2026-08-27T23:58:28.934840+09:00
Enrollment Dial,,,failed,False,2026-08-17T21:36:47.272145+09:00
Enrollment Digest,,,failed,False,2026-08-19T20:46:30.162701+09:00
Enrollment Directory,,,failed,False,2026-08-19T00:01:24.646371+09:00
Enrollment Discount,,,failed,False,2026-08-23T16:16:29.053349+09:00
Enrollment Dock,,,failed,False,2026-08-17T21:32:36.544768+09:00
Enrollment Dossier,,,failed,False,2026-08-21T01:07:24.154176+09:00
Enrollment Downpayment,,,failed,False,2026-08-27T21:49:50.641192+09:00
Enrollment Draft,,,failed,False,2026-08-19T20:46:42.465530+09:00
Enrollment Due,,,failed,False,2026-08-23T15:52:44.896002+09:00
Enrollment Duty,,,failed,False,2026-08-21T02:43:57.292345+09:00
Enrollment Engine,10.0,21.0,success,False,2026-08-17T23:05:39.217461+09:00
Enrollment Entry,,,failed,False,2026-08-21T01:07:35.741700+09:00
Enrollment Estimate,,,failed,False,2026-08-19T21:19:03.809657+09:00
Enrollment Estimator,,,failed,False,2026-08-27T23:58:23.732862+09:00
Enrollment Excerpt,,,failed,False,2026-08-21T01:07:31.229292+09:00
Enrollment Extension,30.0,0.0,success,False,2026-08-23T16:40:05.179166+09:00
Enrollment Fare,,,failed,False,2026-08-21T02:13:39.971656+09:00
Enrollment Fee,1600.0,0.0,success,True,2026-08-21T01:58:02.709797+09:00
Enrollment Feed,,,failed,False,2026-08-19T20:46:36.801455+09:00
Enrollment File,20.0,0.0,success,False,2026-08-19T20:46:10.724712+09:00
Enrollment Finder,,,failed,False,2026-08-19T00:01:37.572111+09:00
Enrollment Fine,,,failed,False,2026-08-23T02:57:47.800883+09:00
Enrollment Flag,,,failed,False,2026-08-21T00:34:59.250399+09:00
Enrollment Flow,30.0,0.0,success,False,2026-08-17T20:36:59.320935+09:00
Enrollment Forge,,,failed,False,2026-08-17T21:38:29.386806+09:00
Enrollment Form,12100.0,1.0,success,False,2026-08-19T13:33:22.206561+09:00
Enrollment Frame,,,failed,False,2026-08-17T20:40:52.985789+09:00
Enrollment Fund,,,failed,False,2026-08-21T02:28:57.894422+09:00
Enrollment Gate,,,failed,False,2026-08-17T20:44:37.629482+09:00
Enrollment Giveaway,,,failed,False,2026-08-27T21:19:05.213789+09:00
Enrollment Grade,,,failed,False,2026-08-21T00:34:47.254019+09:00
Enrollment Graph,10.0,0.0,success,False,2026-08-27T22:14:17.347960+09:00
Enrollment Grid,,,failed,False,2026-08-17T20:48:34.410191+09:00
Enrollment Guarantee,,,failed,False,2026-08-28T01:08:29.646959+09:00
Enrollment Guard,,,failed,False,2026-08-17T20:39:41.640400+09:00
Enrollment Guardian,,,failed,False,2026-08-28T00:27:03.530965+09:00
Enrollment Guidebook,,,failed,False,2026-08-18T22:09:54.168922+09:00
Enrollment Helpdesk,,,failed,False,2026-08-27T22:50:43.878395+09:00
Enrollment Helper,,,failed,False,2026-08-28T00:27:06.057605+09:00
Enrollment History,70.0,1.0,success,False,2026-08-19T20:46:04.507912+09:00
Enrollment Hotline,,,failed,False,2026-08-19T21:19:27.756536+09:00
Enrollment Hub,110.0,0.0,success,False,2026-08-17T20:36:00.761105+09:00
Enrollment Identifier,,,failed,False,2026-08-23T13:09:14.949045+09:00
Enrollment Inbox,,,failed,False,2026-08-19T12:26:11.426688+09:00
Enrollment Incentive,,,failed,False,2026-08-27T21:19:05.213789+09:00
Enrollment Index,,,failed,False,2026-08-19T21:18:26.718972+09:00
Enrollment Insight,,,failed,False,2026-08-17T23:06:02.733299+09:00
Enrollment Installment,,,failed,False,2026-08-23T16:16:31.573856+09:00
Enrollment Interest,,,failed,False,2026-08-23T13:48:08.634446+09:00
Enrollment Item,,,failed,False,2026-08-21T01:58:06.326002+09:00
Enrollment Journal,,,failed,False,2026-08-18T22:09:37.820706+09:00
Enrollment Keeper,,,failed,False,2026-08-17T20:41:16.510977+09:00
Enrollment Kit,70.0,0.0,success,False,2026-08-27T22:50:35.805109+09:00
Enrollment Lab,,,failed,False,2026-08-17T20:34:34.179062+09:00
Enrollment Label,,,failed,False,2026-08-27T22:14:21.289312+09:00
Enrollment Ledger,,,failed,False,2026-08-17T20:38:19.209708+09:00
Enrollment Lens,,,failed,False,2026-08-17T20:41:46.079279+09:00
Enrollment Level,10.0,1.0,success,False,2026-08-19T20:46:16.448832+09:00
Enrollment Levy,,,failed,False,2026-08-23T13:48:10.648745+09:00
Enrollment Link,170.0,4.0,success,False,2026-08-23T03:23:04.042146+09:00
Enrollment List,480.0,0.0,success,False,2026-08-19T22:01:39.954435+09:00
Enrollment Loan,10.0,14.0,success,False,2026-08-21T02:13:47.898953+09:00
Enrollment Locator,,,failed,False,2026-08-19T00:01:30.427864+09:00
Enrollment Lock,,,failed,False,2026-08-17T20:43:25.230587+09:00
Enrollment Log,70.0,2.0,success,False,2026-08-19T13:33:05.427843+09:00
Enrollment Loop,,,failed,False,2026-08-17T21:30:50.388708+09:00
Enrollment Manager,2400.0,5.0,success,False,2026-08-17T20:40:32.567080+09:00
Enrollment Manual,,,failed,False,2026-08-27T22:14:21.289312+09:00
Enrollment Map,,,failed,False,2026-08-17T20:42:29.560038+09:00
Enrollment Margin,,,failed,False,2026-08-23T02:57:45.364347+09:00
Enrollment Markup,,,failed,False,2026-08-23T16:40:02.738352+09:00
Enrollment Memo,10.0,0.0,success,False,2026-08-21T00:34:51.514854+09:00
Enrollment Message,110.0,0.0,success,False,2026-08-27T23:15:53.344715+09:00
Enrollment Meter,,,failed,False,2026-08-17T21:35:44.584576+09:00
Enrollment Metrics,,,failed,False,2026-08-17T23:28:37.439215+09:00
Enrollment Monitor,,,failed,False,2026-08-17T23:28:17.323230+09:00
Enrollment Navigator,210.0,7.0,success,False,2026-08-17T22:51:32.586910+09:00
Enrollment Nexus,,,failed,False,2026-08-17T20:43:55.064759+09:00
Enrollment Node,,,failed,False,2026-08-17T20:45:42.370254+09:00
Enrollment Note,,,failed,False,2026-08-19T13:34:06.788909+09:00
Enrollment Notification,30.0,0.0,success,False,2026-08-27T22:50:33.048353+09:00
Enrollment Number,27100.0,0.0,success,True,2026-08-23T03:22:56.392022+09:00
Enrollment Office,480.0,2.0,success,False,2026-08-19T00:01:53.326080+09:00
Enrollment Ops,,,failed,False,2026-08-17T23:29:31.685360+09:00
Enrollment Order,30.0,0.0,success,False,2026-08-19T22:00:55.317910+09:00
Enrollment Organizer,,,failed,False,2026-08-17T23:07:30.676472+09:00
Enrollment Overage,,,failed,False,2026-08-27T21:49:48.123433+09:00
Enrollment Overdraft,,,failed,False,2026-08-23T15:52:46.857399+09:00
Enrollment Overdue,,,failed,False,2026-08-27T21:49:45.629659+09:00
Enrollment Panel,,,failed,False,2026-08-17T21:37:55.576177+09:00
Enrollment Pass,,,failed,False,2026-08-21T00:34:18.922168+09:00
Enrollment Path,,,failed,False,2026-08-17T20:45:16.547101+09:00
Enrollment Payoff,,,failed,False,2026-08-27T21:49:48.123433+09:00
Enrollment Penalty,,,failed,False,2026-08-23T16:40:00.457844+09:00
Enrollment Petition,,,failed,False,2026-08-21T01:07:15.275377+09:00
Enrollment Pilot,,,failed,False,2026-08-17T20:35:00.475766+09:00
Enrollment Plan,90.0,7.0,success,False,2026-08-21T01:58:16.207160+09:00
Enrollment Planner,,,failed,False,2026-08-17T23:04:12.037031+09:00
Enrollment Playbook,,,failed,False,2026-08-18T22:09:30.106481+09:00
Enrollment Point,10.0,0.0,success,False,2026-08-17T20:44:17.126543+09:00
Enrollment Portal,1000.0,4.0,success,False,2026-08-17T21:41:22.072079+09:00
Enrollment Preview,,,failed,False,2026-08-28T01:08:26.427990+09:00
Enrollment Profile,110.0,5.0,success,False,2026-08-19T13:34:25.531210+09:00
Enrollment Profit,,,failed,False,2026-08-23T02:57:38.722026+09:00
Enrollment Proposal,10.0,7.0,success,False,2026-08-28T01:08:26.427990+09:00
Enrollment Pulse,,,failed,False,2026-08-17T20:47:16.621554+09:00
Enrollment Queue,,,failed,False,2026-08-19T21:18:51.088595+09:00
Enrollment Quota,20.0,0.0,success,False,2026-08-21T00:34:57.023815+09:00
Enrollment Radar,,,failed,False,2026-08-17T20:33:09.747000+09:00
Enrollment Rail,,,failed,False,2026-08-17T21:31:28.023870+09:00
Enrollment Rank,,,failed,False,2026-08-28T00:48:45.489712+09:00
Enrollment Rate,210.0,0.0,success,False,2026-08-19T20:46:21.996527+09:00
Enrollment Recap,,,failed,False,2026-08-21T01:07:29.159320+09:00
Enrollment Receipt,140.0,7.0,success,False,2026-08-19T22:01:14.357219+09:00
Enrollment Recorder,,,failed,False,2026-08-27T23:36:33.321869+09:00
Enrollment Register,590.0,6.0,success,False,2026-08-17T23:10:49.091693+09:00
Enrollment Registry,,,failed,False,2026-08-18T22:10:02.231985+09:00
Enrollment Relay,,,failed,False,2026-08-17T20:31:59.985806+09:00
Enrollment Reminder,,,failed,False,2026-08-19T21:18:03.656517+09:00
Enrollment Report,170.0,0.0,success,False,2026-08-19T13:32:58.947587+09:00
Enrollment Repository,,,failed,False,2026-08-27T23:15:58.535794+09:00
Enrollment Result,40.0,0.0,success,False,2026-08-28T00:48:41.501339+09:00
Enrollment Roadmap,,,failed,False,2026-08-18T22:10:41.322709+09:00
Enrollment Roll,2900.0,0.0,success,True,2026-08-19T12:26:33.810025+09:00
Enrollment Roster,,,failed,False,2026-08-19T00:37:55.750406+09:00
Enrollment Route,,,failed,False,2026-08-17T21:33:36.085901+09:00
Enrollment Rule,,,failed,False,2026-08-23T03:23:07.645674+09:00
Enrollment Sale,,,failed,False,2026-08-21T02:29:07.517005+09:00
Enrollment Sample,,,failed,False,2026-08-19T22:02:19.043714+09:00
Enrollment Scale,,,failed,False,2026-08-17T21:34:39.149688+09:00
Enrollment Scanner,,,failed,False,2026-08-27T23:58:26.225716+09:00
Enrollment Scheduler,10.0,0.0,success,False,2026-08-17T23:28:04.378663+09:00
Enrollment Scope,,,failed,False,2026-08-17T21:31:59.895065+09:00
Enrollment Score,,,failed,False,2026-08-19T13:34:00.979457+09:00
Enrollment Sentry,,,failed,False,2026-08-17T20:42:06.946542+09:00
Enrollment Sheet,70.0,2.0,success,False,2026-08-19T13:33:46.951331+09:00
Enrollment Shortfall,,,failed,False,2026-08-27T21:49:53.079168+09:00
Enrollment Signal,,,failed,False,2026-08-17T21:34:09.721109+09:00
Enrollment Signature,,,failed,False,2026-08-23T13:28:07.800496+09:00
Enrollment Slip,880.0,0.0,success,False,2026-08-19T22:02:05.634117+09:00
Enrollment Slot,10.0,0.0,success,False,2026-08-19T22:02:29.042116+09:00
Enrollment Snapshot,,,failed,False,2026-08-18T22:09:47.268840+09:00
Enrollment Stage,,,failed,False,2026-08-28T00:48:41.501339+09:00
Enrollment Stake,,,failed,False,2026-08-23T02:57:43.117346+09:00
Enrollment Stamp,,,failed,False,2026-08-23T13:28:07.800496+09:00
Enrollment Statement,110.0,0.0,success,False,2026-08-21T00:34:38.752919+09:00
Enrollment Station,50.0,16.0,success,False,2026-08-17T20:33:41.175079+09:00
Enrollment Status,2400.0,0.0,success,True,2026-08-19T20:45:53.854460+09:00
Enrollment Stipend,,,failed,False,2026-08-23T13:48:13.167118+09:00
Enrollment Stub,10.0,0.0,success,False,2026-08-21T00:34:32.979761+09:00
Enrollment Studio,,,failed,False,2026-08-17T20:35:32.317442+09:00
Enrollment Subsidy,,,failed,False,2026-08-23T15:52:46.857399+09:00
Enrollment Suite,,,failed,False,2026-08-17T23:27:34.340862+09:00
Enrollment Sum,,,failed,False,2026-08-21T02:28:50.660826+09:00
Enrollment Summary,50.0,0.0,success,False,2026-08-19T21:17:47.761016+09:00
Enrollment Surtax,,,failed,False,2026-08-23T15:52:48.928193+09:00
Enrollment Sync,,,failed,False,2026-08-17T20:37:58.727524+09:00
Enrollment Table,30.0,0.0,success,False,2026-08-19T22:01:48.957551+09:00
Enrollment Tag,,,failed,False,2026-08-19T13:34:20.014616+09:00
Enrollment Tally,,,failed,False,2026-08-21T00:34:42.810397+09:00
Enrollment Tariff,,,failed,False,2026-08-21T02:44:04.894763+09:00
Enrollment Tax,10.0,0.0,success,False,2026-08-21T02:13:43.743607+09:00
Enrollment Ticket,30.0,0.0,success,False,2026-08-19T21:18:36.412771+09:00
Enrollment Tier,,,failed,False,2026-08-28T00:48:41.501339+09:00
Enrollment Timeline,20.0,0.0,success,False,2026-08-19T21:17:55.830991+09:00
Enrollment Timer,,,failed,False,2026-08-28T00:27:00.787784+09:00
Enrollment Toll,,,failed,False,2026-08-21T02:43:59.643244+09:00
Enrollment Toolbox,,,failed,False,2026-08-28T00:27:06.057605+09:00
Enrollment Toolkit,,,failed,False,2026-08-18T22:09:21.781956+09:00
Enrollment Total,590.0,0.0,success,False,2026-08-27T23:15:55.855078+09:00
Enrollment Tracker,260.0,3.0,success,False,2026-08-17T20:38:46.053243+09:00
Enrollment Trail,,,failed,False,2026-08-17T21:30:15.996537+09:00
Enrollment Trend,90.0,1.0,success,False,2026-08-28T01:08:23.846955+09:00
Enrollment Trial,,,failed,False,2026-08-27T21:19:01.624624+09:00
Enrollment Unit,,,failed,False,2026-08-21T01:58:09.087030+09:00
Enrollment Update,140.0,0.0,success,False,2026-08-19T20:46:24.803660+09:00
Enrollment Value,,,failed,False,2026-08-23T02:57:40.926366+09:00
Enrollment Vault,,,failed,False,2026-08-18T07:52:37.222006+09:00
Enrollment Version,,,failed,False,2026-08-23T03:23:00.689817+09:00
Enrollment View,,,failed,False,2026-08-19T20:46:02.034696+09:00
Enrollment Voucher,,,failed,False,2026-08-21T00:34:23.360801+09:00
Enrollment Watch,,,failed,False,2026-08-17T21:33:08.992358+09:00
Enrollment Wave,,,failed,False,2026-08-17T20:46:03.469899+09:00
Enrollment Widget,,,failed,False,2026-08-27T23:15:55.855078+09:00
Enrollment Window,70.0,0.0,success,False,2026-08-19T12:26:33.810025+09:00
Enrollment Workbench,,,failed,False,2026-08-18T22:09:15.023895+09:00
Enrollment Worksheet,10.0,0.0,success,False,2026-08-27T22:14:23.666536+09:00
Enrollment Zone,,,failed,False,2026-08-18T07:43:33.708043+09:00
Entrance Advisory,,,failed,False,2026-08-21T01:03:18.814008+09:00
Entrance Alert,20.0,91.0,success,False,2026-08-21T00:07:13.344965+09:00
Entrance Allowance,,,failed,False,2026-08-21T02:42:25.352468+09:00
Entrance Analyzer,,,failed,False,2026-08-27T23:52:37.462117+09:00
Entrance Announcement,,,failed,False,2026-08-27T23:32:16.065535+09:00
Entrance Assistant,,,failed,False,2026-08-21T00:05:53.181576+09:00
Entrance Atlas,,,failed,False,2026-08-21T00:05:39.660885+09:00
Entrance Attribute,,,failed,False,2026-08-23T13:10:16.613560+09:00
Entrance Badge,40.0,26.0,success,False,2026-08-21T00:26:43.816315+09:00
Entrance Base,,,failed,False,2026-08-21T00:11:12.755377+09:00
Entrance Bay,170.0,0.0,success,False,2026-08-21T00:06:52.239933+09:00
Entrance Beacon,,,failed,False,2026-08-21T00:10:23.316441+09:00
Entrance Bill,,,failed,False,2026-08-21T00:09:26.936437+09:00
Entrance Bin,,,failed,False,2026-08-21T00:07:19.615144+09:00
Entrance Board,320.0,77.0,success,False,2026-08-21T00:11:21.339663+09:00
Entrance Book,260.0,5.0,success,False,2026-08-21T00:09:46.713564+09:00
Entrance Booth,90.0,4.0,success,False,2026-08-21T00:06:41.845552+09:00
Entrance Bridge,390.0,2.0,success,False,2026-08-21T00:10:34.597077+09:00
Entrance Brief,,,failed,False,2026-08-21T01:03:10.607434+09:00
Entrance Bulletin,,,failed,False,2026-08-21T01:02:18.161248+09:00
Entrance Calendar,,,failed,False,2026-08-21T00:06:22.845965+09:00
Entrance Card,260.0,8.0,success,False,2026-08-21T00:08:03.129328+09:00
Entrance Cascade,,,failed,False,2026-08-21T00:10:31.102119+09:00
Entrance Cash,,,failed,False,2026-08-21T02:25:31.969034+09:00
Entrance Category,,,failed,False,2026-08-23T13:10:14.601516+09:00
Entrance Center,50.0,1.0,success,False,2026-08-21T00:11:44.764762+09:00
Entrance Chain,10.0,44.0,success,False,2026-08-21T00:05:23.895920+09:00
Entrance Charge,30.0,0.0,success,False,2026-08-21T02:42:14.230561+09:00
Entrance Chart,,,failed,False,2026-08-21T00:07:16.411531+09:00
Entrance Check,50.0,0.0,success,False,2026-08-21T00:08:09.199254+09:00
Entrance Checker,,,failed,False,2026-08-27T23:52:30.197940+09:00
Entrance Circular,,,failed,False,2026-08-21T01:03:15.171952+09:00
Entrance Code,90.0,0.0,success,False,2026-08-21T00:09:33.821521+09:00
Entrance Comparison,,,failed,False,2026-08-28T01:04:25.098394+09:00
Entrance Confirmation,,,failed,False,2026-08-21T01:03:27.651766+09:00
Entrance Console,1300.0,100.0,success,False,2026-08-21T00:11:53.848385+09:00
Entrance Core,,,failed,False,2026-08-21T00:11:15.329507+09:00
Entrance Cost,50.0,0.0,success,False,2026-08-21T02:08:19.202315+09:00
Entrance Count,,,failed,False,2026-08-27T22:51:33.320373+09:00
Entrance Counter,90.0,71.0,success,False,2026-08-21T00:06:35.659041+09:00
Entrance Deal,,,failed,False,2026-08-21T01:50:46.788824+09:00
Entrance Debt,,,failed,False,2026-08-21T02:25:24.803683+09:00
Entrance Deck,110.0,41.0,success,False,2026-08-21T00:11:23.626216+09:00
Entrance Desk,110.0,100.0,success,False,2026-08-21T00:10:08.386733+09:00
Entrance Detail,30.0,0.0,success,False,2026-08-23T03:23:34.197835+09:00
Entrance Detector,20.0,14.0,success,False,2026-08-27T23:52:35.044281+09:00
Entrance Diagram,20.0,0.0,success,False,2026-08-27T22:13:39.158515+09:00
Entrance Directory,,,failed,False,2026-08-21T00:06:26.162440+09:00
Entrance Dossier,,,failed,False,2026-08-21T01:03:33.238339+09:00
Entrance Downpayment,,,failed,False,2026-08-27T21:49:15.770523+09:00
Entrance Draft,,,failed,False,2026-08-21T00:08:56.538180+09:00
Entrance Due,,,failed,False,2026-08-23T15:51:42.166674+09:00
Entrance Duty,,,failed,False,2026-08-21T02:42:16.992307+09:00
Entrance Engine,,,failed,False,2026-08-21T00:05:49.318712+09:00
Entrance Entry,390.0,0.0,success,False,2026-08-21T01:03:48.837789+09:00
Entrance Estimate,,,failed,False,2026-08-21T00:09:19.692750+09:00
Entrance Estimator,,,failed,False,2026-08-27T23:52:26.282518+09:00
Entrance Excerpt,,,failed,False,2026-08-21T01:03:43.052088+09:00
Entrance Fare,10.0,0.0,success,False,2026-08-21T02:08:33.058112+09:00
Entrance Fee,4400.0,0.0,success,True,2026-08-21T01:50:23.005803+09:00
Entrance Feed,,,failed,False,2026-08-21T00:08:53.382830+09:00
Entrance File,10.0,0.0,success,False,2026-08-21T00:08:39.923175+09:00
Entrance Fine,,,failed,False,2026-08-23T02:57:21.827227+09:00
Entrance Flag,90.0,94.0,success,False,2026-08-21T00:27:39.908231+09:00
Entrance Flow,10.0,0.0,success,False,2026-08-21T00:10:04.105660+09:00
Entrance Forge,,,failed,False,2026-08-21T00:10:27.698876+09:00
Entrance Form,260.0,4.0,success,False,2026-08-21T00:07:55.712848+09:00
Entrance Frame,110.0,19.0,success,False,2026-08-21T00:11:07.276592+09:00
Entrance Fund,,,failed,False,2026-08-21T02:25:28.596275+09:00
Entrance Gate,18100.0,16.0,success,False,2026-08-21T00:05:29.824761+09:00
Entrance Grade,,,failed,False,2026-08-21T00:27:15.534212+09:00
Entrance Grid,20.0,68.0,success,False,2026-08-21T00:10:51.522547+09:00
Entrance Guarantee,,,failed,False,2026-08-28T01:04:34.359127+09:00
Entrance Guardian,,,failed,False,2026-08-28T00:23:02.722044+09:00
Entrance Helpdesk,,,failed,False,2026-08-27T22:51:33.320373+09:00
Entrance Helper,10.0,0.0,success,False,2026-08-28T00:23:05.201958+09:00
Entrance History,,,failed,False,2026-08-21T00:08:35.535549+09:00
Entrance Hub,90.0,0.0,success,False,2026-08-21T00:10:06.230079+09:00
Entrance Identifier,,,failed,False,2026-08-23T13:10:14.601516+09:00
Entrance Inbox,,,failed,False,2026-08-21T00:07:10.102459+09:00
Entrance Index,,,failed,False,2026-08-21T00:09:09.007645+09:00
Entrance Item,,,failed,False,2026-08-21T01:50:32.476329+09:00
Entrance Journal,20.0,0.0,success,False,2026-08-21T00:06:15.045348+09:00
Entrance Keeper,10.0,0.0,success,False,2026-08-21T00:05:42.702163+09:00
Entrance Lab,,,failed,False,2026-08-21T00:11:31.112963+09:00
Entrance Label,40.0,19.0,success,False,2026-08-27T22:13:31.267961+09:00
Entrance Layout,40.0,8.0,success,False,2026-08-27T22:29:26.032496+09:00
Entrance Ledger,,,failed,False,2026-08-21T00:11:18.069642+09:00
Entrance Level,50.0,0.0,success,False,2026-08-21T00:08:43.301972+09:00
Entrance Line,50.0,0.0,success,False,2026-08-21T00:07:38.957051+09:00
Entrance Link,10.0,0.0,success,False,2026-08-23T03:23:29.114948+09:00
Entrance List,20.0,2.0,success,False,2026-08-21T00:09:36.388404+09:00
Entrance Loan,30.0,11.0,success,False,2026-08-21T02:08:41.527197+09:00
Entrance Lobby,1900.0,1.0,success,False,2026-08-21T00:07:26.703840+09:00
Entrance Locator,,,failed,False,2026-08-21T00:06:28.229778+09:00
Entrance Locker,30.0,100.0,success,False,2026-08-21T00:06:39.076451+09:00
Entrance Log,,,failed,False,2026-08-21T00:07:51.744677+09:00
Entrance Loop,,,failed,False,2026-08-21T00:10:48.719546+09:00
Entrance Manager,10.0,0.0,success,False,2026-08-21T00:05:45.974525+09:00
Entrance Manual,,,failed,False,2026-08-27T22:13:33.756180+09:00
Entrance Map,90.0,0.0,success,False,2026-08-21T00:11:04.008018+09:00
Entrance Margin,,,failed,False,2026-08-23T02:57:19.456946+09:00
Entrance Marker,30.0,3.0,success,False,2026-08-23T13:26:55.054155+09:00
Entrance Memo,,,failed,False,2026-08-21T00:27:24.500136+09:00
Entrance Message,,,failed,False,2026-08-27T23:09:56.910517+09:00
Entrance Monitor,10.0,20.0,success,False,2026-08-21T00:06:02.924923+09:00
Entrance Nexus,,,failed,False,2026-08-21T00:05:32.052210+09:00
Entrance Note,,,failed,False,2026-08-21T00:08:16.662845+09:00
Entrance Notification,10.0,1.0,success,False,2026-08-27T22:51:25.477545+09:00
Entrance Number,50.0,9.0,success,False,2026-08-23T03:23:22.521378+09:00
Entrance Office,1000.0,8.0,success,False,2026-08-21T00:06:33.457247+09:00
Entrance Ops,,,failed,False,2026-08-21T00:06:10.990572+09:00
Entrance Order,,,failed,False,2026-08-21T00:09:23.484193+09:00
Entrance Outpost,,,failed,False,2026-08-21T00:06:57.541230+09:00
Entrance Overage,,,failed,False,2026-08-27T21:49:11.230615+09:00
Entrance Overdue,,,failed,False,2026-08-27T21:49:06.270483+09:00
Entrance Panel,260.0,28.0,success,False,2026-08-21T00:11:58.658369+09:00
Entrance Pass,170.0,0.0,success,False,2026-08-21T00:26:36.041366+09:00
Entrance Passport,,,failed,False,2026-08-21T00:07:23.788027+09:00
Entrance Path,50.0,33.0,success,False,2026-08-21T00:10:58.171885+09:00
Entrance Payoff,,,failed,False,2026-08-27T21:49:08.437850+09:00
Entrance Petition,,,failed,False,2026-08-21T01:03:23.160959+09:00
Entrance Plan,70.0,0.0,success,False,2026-08-21T01:50:51.985309+09:00
Entrance Planner,,,failed,False,2026-08-21T00:05:56.272120+09:00
Entrance Playbook,,,failed,False,2026-08-21T00:06:10.990572+09:00
Entrance Plaza,880.0,1.0,success,False,2026-08-21T00:06:59.654665+09:00
Entrance Point,1300.0,4.0,success,False,2026-08-21T00:11:01.156571+09:00
Entrance Portal,480.0,0.0,success,False,2026-08-21T00:11:51.224044+09:00
Entrance Post,70.0,58.0,success,False,2026-08-21T00:06:55.425363+09:00
Entrance Preview,,,failed,False,2026-08-28T01:04:28.102899+09:00
Entrance Profile,,,failed,False,2026-08-21T00:08:22.856324+09:00
Entrance Profit,,,failed,False,2026-08-23T02:57:15.173266+09:00
Entrance Proposal,,,failed,False,2026-08-28T01:04:31.429165+09:00
Entrance Quota,,,failed,False,2026-08-21T00:27:32.429911+09:00
Entrance Radar,,,failed,False,2026-08-21T00:10:12.835483+09:00
Entrance Rail,140.0,100.0,success,False,2026-08-19T23:13:53.160538+09:00
Entrance Rate,110.0,0.0,success,False,2026-08-21T00:08:45.670716+09:00
Entrance Recap,,,failed,False,2026-08-21T01:03:38.520377+09:00
Entrance Receipt,,,failed,False,2026-08-21T00:09:30.468859+09:00
Entrance Recorder,,,failed,False,2026-08-27T23:32:33.346775+09:00
Entrance Register,90.0,0.0,success,False,2026-08-21T00:06:08.424463+09:00
Entrance Relay,,,failed,False,2026-08-21T00:10:14.810334+09:00
Entrance Reminder,,,failed,False,2026-08-21T00:09:06.463923+09:00
Entrance Report,10.0,0.0,success,False,2026-08-21T00:07:47.780593+09:00
Entrance Ring,90.0,3.0,success,False,2026-08-21T00:05:26.838977+09:00
Entrance Roll,,,failed,False,2026-08-21T00:07:44.849905+09:00
Entrance Route,10.0,0.0,success,False,2026-08-19T22:41:50.846543+09:00
Entrance Rule,,,failed,False,2026-08-23T03:23:31.641874+09:00
Entrance Sale,,,failed,False,2026-08-21T02:25:35.476201+09:00
Entrance Sample,10.0,0.0,success,False,2026-08-21T00:09:56.547234+09:00
Entrance Scale,,,failed,False,2026-08-21T00:12:01.439565+09:00
Entrance Scanner,40.0,27.0,success,False,2026-08-27T23:52:32.506891+09:00
Entrance Scope,,,failed,False,2026-08-21T00:10:46.000113+09:00
Entrance Score,30.0,0.0,success,False,2026-08-21T00:08:12.228304+09:00
Entrance Sheet,30.0,0.0,success,False,2026-08-21T00:08:06.282154+09:00
Entrance Shortfall,,,failed,False,2026-08-27T21:49:18.001663+09:00
Entrance Signal,10.0,0.0,success,False,2026-08-21T00:10:37.172281+09:00
Entrance Signature,,,failed,False,2026-08-23T13:26:52.809343+09:00
Entrance Slip,720.0,0.0,success,False,2026-08-21T00:09:53.180945+09:00
Entrance Slot,,,failed,False,2026-08-21T00:09:59.655575+09:00
Entrance Stake,,,failed,False,2026-08-23T02:57:17.363671+09:00
Entrance Stamp,90.0,33.0,success,False,2026-08-23T13:26:55.054155+09:00
Entrance Statement,110.0,0.0,success,False,2026-08-21T00:26:55.838634+09:00
Entrance Station,8100.0,5.0,success,False,2026-08-21T00:11:33.849438+09:00
Entrance Status,90.0,0.0,success,False,2026-08-21T00:08:29.674648+09:00
Entrance Studio,110.0,0.0,success,False,2026-08-21T00:11:27.452285+09:00
Entrance Subsidy,,,failed,False,2026-08-23T15:51:42.166674+09:00
Entrance Sum,,,failed,False,2026-08-21T02:25:19.750628+09:00
Entrance Summary,,,failed,False,2026-08-21T00:09:00.299581+09:00
Entrance Tab,9900.0,100.0,success,False,2026-08-21T00:27:48.036654+09:00
Entrance Table,9900.0,100.0,success,False,2026-08-21T00:09:42.716549+09:00
Entrance Tag,30.0,24.0,success,False,2026-08-21T00:08:19.938205+09:00
Entrance Tally,,,failed,False,2026-08-21T00:27:06.966469+09:00
Entrance Tariff,,,failed,False,2026-08-21T02:42:27.655082+09:00
Entrance Tax,20.0,0.0,success,False,2026-08-21T02:08:37.852191+09:00
Entrance Terminal,10.0,0.0,success,False,2026-08-21T00:11:41.126262+09:00
Entrance Ticker,,,failed,False,2026-08-21T00:07:33.633888+09:00
Entrance Ticket,1600.0,6.0,success,False,2026-08-21T00:09:15.337380+09:00
Entrance Timeline,,,failed,False,2026-08-21T00:09:02.871951+09:00
Entrance Timer,,,failed,False,2026-08-28T00:22:57.445324+09:00
Entrance Token,,,failed,False,2026-08-23T13:26:52.809343+09:00
Entrance Toll,,,failed,False,2026-08-21T02:42:20.398693+09:00
Entrance Toolbox,,,failed,False,2026-08-28T00:23:05.201958+09:00
Entrance Total,,,failed,False,2026-08-27T23:09:56.910517+09:00
Entrance Tower,1600.0,7.0,success,False,2026-08-21T00:07:05.249232+09:00
Entrance Tracker,,,failed,False,2026-08-21T00:10:01.982446+09:00
Entrance Trail,,,failed,False,2026-08-21T00:05:21.567045+09:00
Entrance Trial,,,failed,False,2026-08-27T21:17:56.289470+09:00
Entrance Unit,140.0,99.0,success,False,2026-08-21T01:50:49.145007+09:00
Entrance Update,10.0,0.0,success,False,2026-08-21T00:08:50.298724+09:00
Entrance Vault,,,failed,False,2026-08-21T00:10:17.224400+09:00
Entrance Version,,,failed,False,2026-08-23T03:23:25.330676+09:00
Entrance View,50.0,0.0,success,False,2026-08-21T00:08:32.112101+09:00
Entrance Watch,10.0,24.0,success,False,2026-08-21T00:10:39.439345+09:00
Entrance Wave,,,failed,False,2026-08-21T00:10:55.494824+09:00
Entrance Widget,,,failed,False,2026-08-27T23:09:59.459850+09:00
Entrance Window,70.0,32.0,success,False,2026-08-21T00:07:41.757493+09:00
Entrance Worksheet,,,failed,False,2026-08-27T22:13:36.218618+09:00
Entrance Yard,40.0,16.0,success,False,2026-08-21T00:06:48.646021+09:00
Entrance Zone,210.0,0.0,success,False,2026-08-21T00:11:47.014910+09:00
Equipment Advance,,,failed,False,2026-08-23T16:12:29.296473+09:00
Equipment Advisory,,,failed,False,2026-08-21T01:00:16.070819+09:00
Equipment Allowance,30.0,0.0,success,False,2026-08-21T02:37:27.000959+09:00
Equipment Almanac,,,failed,False,2026-08-18T22:08:19.564377+09:00
Equipment Analyzer,,,failed,False,2026-08-27T23:53:21.557901+09:00
Equipment Anchor,20.0,91.0,success,False,2026-08-17T23:09:26.162855+09:00
Equipment Arrears,,,failed,False,2026-08-23T16:12:29.296473+09:00
Equipment Asset,720.0,2.0,success,False,2026-08-23T13:46:02.473862+09:00
Equipment Assistant,110.0,42.0,success,False,2026-08-17T23:10:04.608173+09:00
Equipment Atlas,,,failed,False,2026-08-17T23:04:56.078956+09:00
Equipment Badge,,,failed,False,2026-08-21T00:25:10.675439+09:00
Equipment Balance,70.0,100.0,success,False,2026-08-23T13:45:59.921070+09:00
Equipment Base,140.0,35.0,success,False,2026-08-17T23:09:00.584407+09:00
Equipment Beacon,,,failed,False,2026-08-17T23:07:41.199314+09:00
Equipment Bill,10.0,8.0,success,False,2026-08-19T22:02:50.225246+09:00
Equipment Blueprint,30.0,3.0,success,False,2026-08-18T22:08:11.096453+09:00
Equipment Board,480.0,1.0,success,False,2026-08-17T23:23:32.991705+09:00
Equipment Book,390.0,6.0,success,False,2026-08-19T22:03:36.532480+09:00
Equipment Bridge,720.0,7.0,success,False,2026-08-17T23:28:43.740452+09:00
Equipment Brief,,,failed,False,2026-08-21T01:00:04.597458+09:00
Equipment Bulletin,,,failed,False,2026-08-21T01:00:01.570868+09:00
Equipment Cabinet,320.0,100.0,success,False,2026-08-27T23:11:08.284499+09:00
Equipment Calculator,260.0,15.0,success,False,2026-08-27T23:33:13.459329+09:00
Equipment Calendar,20.0,24.0,success,False,2026-08-19T00:02:12.644181+09:00
Equipment Card,140.0,1.0,success,False,2026-08-19T13:23:40.624873+09:00
Equipment Cascade,,,failed,False,2026-08-17T23:06:06.115551+09:00
Equipment Cash,,,failed,False,2026-08-21T02:21:19.910090+09:00
Equipment Cashback,10.0,,success,False,2026-08-27T21:12:56.642443+09:00
Equipment Catalog,170.0,7.0,success,False,2026-08-19T21:18:17.728493+09:00
Equipment Center,720.0,31.0,success,False,2026-08-17T23:24:30.748337+09:00
Equipment Chain,210.0,99.0,success,False,2026-08-17T23:26:30.057004+09:00
Equipment Charge,110.0,0.0,success,False,2026-08-21T02:37:11.292116+09:00
Equipment Check,390.0,15.0,success,False,2026-08-19T13:24:14.979285+09:00
Equipment Checker,390.0,15.0,success,False,2026-08-27T23:53:07.557701+09:00
Equipment Checklist,590.0,30.0,success,False,2026-08-19T21:17:31.409694+09:00
Equipment Circular,,,failed,False,2026-08-21T01:02:10.080773+09:00
Equipment Cockpit,,,failed,False,2026-08-17T23:26:10.639676+09:00
Equipment Code,480.0,2.0,success,False,2026-08-19T22:03:08.515859+09:00
Equipment Codex,,,failed,False,2026-08-18T22:08:34.595424+09:00
Equipment Companion,,,failed,False,2026-08-17T23:08:02.086738+09:00
Equipment Comparison,320.0,0.0,success,False,2026-08-28T01:04:09.060597+09:00
Equipment Compass,,,failed,False,2026-08-17T23:28:06.508675+09:00
Equipment Compendium,10.0,0.0,success,False,2026-08-18T22:08:25.868252+09:00
Equipment Confirmation,10.0,0.0,success,False,2026-08-21T01:00:25.578415+09:00
Equipment Console,70.0,6.0,success,False,2026-08-17T23:05:17.262710+09:00
Equipment Contribution,,,failed,False,2026-08-23T16:12:26.242265+09:00
Equipment Core,90.0,41.0,success,False,2026-08-17T23:30:52.147668+09:00
Equipment Cost,590.0,1.0,success,False,2026-08-21T02:09:44.145059+09:00
Equipment Count,20.0,0.0,success,False,2026-08-27T22:45:32.227130+09:00
Equipment Counter,90.0,39.0,success,False,2026-08-19T00:02:58.410814+09:00
Equipment Coupon,390.0,55.0,success,False,2026-08-27T21:12:51.148194+09:00
Equipment Dashboard,70.0,36.0,success,False,2026-08-17T23:04:36.399044+09:00
Equipment Deal,,,failed,False,2026-08-21T01:53:20.957099+09:00
Equipment Debt,,,failed,False,2026-08-21T02:21:14.623269+09:00
Equipment Deck,110.0,7.0,success,False,2026-08-17T23:10:40.836813+09:00
Equipment Depot,6600.0,23.0,success,False,2026-08-19T00:02:41.985677+09:00
Equipment Desk,20.0,93.0,success,False,2026-08-17T23:27:41.420797+09:00
Equipment Detail,260.0,0.0,success,False,2026-08-23T03:16:04.926690+09:00
Equipment Detector,10.0,89.0,success,False,2026-08-27T23:53:16.393422+09:00
Equipment Diagram,140.0,0.0,success,False,2026-08-27T22:07:14.755817+09:00
Equipment Dial,,,failed,False,2026-08-17T23:08:40.393362+09:00
Equipment Digest,40.0,100.0,success,False,2026-08-19T20:43:26.923996+09:00
Equipment Directory,10.0,4.0,success,False,2026-08-19T00:02:21.603583+09:00
Equipment Discount,20.0,9.0,success,False,2026-08-23T16:12:24.179825+09:00
Equipment Dock,10.0,2.0,success,False,2026-08-17T23:10:22.607509+09:00
Equipment Dossier,,,failed,False,2026-08-21T01:00:29.585982+09:00
Equipment Downpayment,,,failed,False,2026-08-27T21:46:01.626926+09:00
Equipment Draft,40.0,71.0,success,False,2026-08-19T20:43:39.981777+09:00
Equipment Due,,,failed,False,2026-08-23T15:50:57.538266+09:00
Equipment Duty,10.0,0.0,success,False,2026-08-21T02:37:15.297674+09:00
Equipment Endowment,,,failed,False,2026-08-23T15:51:05.565275+09:00
Equipment Engine,170.0,8.0,success,False,2026-08-17T23:24:44.637673+09:00
Equipment Entry,10.0,0.0,success,False,2026-08-21T01:00:40.730981+09:00
Equipment Estimate,10.0,18.0,success,False,2026-08-19T21:18:07.179482+09:00
Equipment Estimator,10.0,18.0,success,False,2026-08-27T23:53:07.557701+09:00
Equipment Excerpt,,,failed,False,2026-08-21T01:02:18.693445+09:00
Equipment Fare,,,failed,False,2026-08-21T02:06:07.596179+09:00
Equipment Fee,140.0,8.0,success,False,2026-08-21T01:53:02.269948+09:00
Equipment Feed,480.0,29.0,success,False,2026-08-19T20:43:33.378176+09:00
Equipment File,40.0,7.0,success,False,2026-08-19T20:42:55.526386+09:00
Equipment Finder,720.0,24.0,success,False,2026-08-19T00:02:34.221000+09:00
Equipment Fine,210.0,3.0,success,False,2026-08-23T02:52:59.926815+09:00
Equipment Flag,,,failed,False,2026-08-21T00:25:57.789837+09:00
Equipment Flow,10.0,2.0,success,False,2026-08-17T23:04:05.706993+09:00
Equipment Forge,90.0,0.0,success,False,2026-08-17T23:28:19.331420+09:00
Equipment Form,110.0,6.0,success,False,2026-08-19T13:23:22.980764+09:00
Equipment Format,,,failed,False,2026-08-23T13:05:39.073326+09:00
Equipment Frame,40.0,0.0,success,False,2026-08-17T23:30:36.598618+09:00
Equipment Fund,480.0,12.0,success,False,2026-08-21T02:21:16.859864+09:00
Equipment Gate,,,failed,False,2026-08-17T23:06:35.609380+09:00
Equipment Giveaway,,,failed,False,2026-08-27T21:13:01.722363+09:00
Equipment Grade,,,failed,False,2026-08-21T00:25:38.806657+09:00
Equipment Graph,,,failed,False,2026-08-27T22:06:58.606007+09:00
Equipment Grid,170.0,44.0,success,False,2026-08-17T23:29:37.041815+09:00
Equipment Guarantee,10.0,0.0,success,False,2026-08-28T01:04:14.556573+09:00
Equipment Guard,390.0,65.0,success,False,2026-08-17T23:26:52.800903+09:00
Equipment Guardian,,,failed,False,2026-08-28T00:23:14.492376+09:00
Equipment Guidebook,,,failed,False,2026-08-18T22:07:55.686998+09:00
Equipment Helpdesk,,,failed,False,2026-08-27T22:45:37.997038+09:00
Equipment Helper,10.0,0.0,success,False,2026-08-28T00:23:21.269207+09:00
Equipment History,30.0,0.0,success,False,2026-08-19T20:42:43.732696+09:00
Equipment Hotline,,,failed,False,2026-08-19T21:18:30.637363+09:00
Equipment Hub,1600.0,8.0,success,False,2026-08-17T23:27:23.938977+09:00
Equipment Identifier,880.0,1.0,success,False,2026-08-23T13:05:32.456522+09:00
Equipment Incentive,,,failed,False,2026-08-27T21:12:59.208111+09:00
Equipment Index,10.0,0.0,success,False,2026-08-19T21:17:42.432873+09:00
Equipment Insight,,,failed,False,2026-08-17T23:25:55.806145+09:00
Equipment Installment,10.0,0.0,success,False,2026-08-23T16:12:26.242265+09:00
Equipment Interest,,,failed,False,2026-08-23T13:45:59.921070+09:00
Equipment Item,260.0,0.0,success,False,2026-08-21T01:53:07.082720+09:00
Equipment Journal,140.0,0.0,success,False,2026-08-18T22:07:40.431986+09:00
Equipment Keeper,,,failed,False,2026-08-17T23:08:20.793662+09:00
Equipment Kit,140.0,12.0,success,False,2026-08-27T22:45:23.426349+09:00
Equipment Lab,60500.0,40.0,success,False,2026-08-17T23:05:06.987834+09:00
Equipment Label,320.0,42.0,success,False,2026-08-27T22:06:58.606007+09:00
Equipment Ledger,40.0,15.0,success,False,2026-08-17T22:49:21.662634+09:00
Equipment Lens,,,failed,False,2026-08-17T23:05:44.417197+09:00
Equipment Level,4400.0,100.0,success,False,2026-08-19T20:43:04.288794+09:00
Equipment Levy,,,failed,False,2026-08-23T13:46:02.473862+09:00
Equipment Link,110.0,12.0,success,False,2026-08-23T03:15:55.657138+09:00
Equipment List,2400.0,0.0,success,True,2026-08-19T22:03:17.563220+09:00
Equipment Loan,4400.0,52.0,success,False,2026-08-21T02:06:22.333595+09:00
Equipment Locator,170.0,11.0,success,False,2026-08-19T00:02:27.896414+09:00
Equipment Lock,210.0,97.0,success,False,2026-08-17T23:07:22.346415+09:00
Equipment Log,210.0,46.0,success,False,2026-08-19T13:23:14.484254+09:00
Equipment Loop,20.0,23.0,success,False,2026-08-17T23:11:03.494377+09:00
Equipment Manager,1600.0,1.0,success,False,2026-08-17T23:24:23.365405+09:00
Equipment Manual,720.0,5.0,success,False,2026-08-27T22:07:05.837486+09:00
Equipment Map,50.0,2.0,success,False,2026-08-17T23:30:21.472957+09:00
Equipment Marker,20.0,97.0,success,False,2026-08-23T13:26:57.143655+09:00
Equipment Markup,,,failed,False,2026-08-23T16:37:56.709879+09:00
Equipment Memo,,,failed,False,2026-08-21T00:25:45.592013+09:00
Equipment Message,,,failed,False,2026-08-27T23:11:01.656662+09:00
Equipment Meter,,,failed,False,2026-08-17T23:25:47.175267+09:00
Equipment Metrics,10.0,0.0,success,False,2026-08-17T23:06:14.261884+09:00
Equipment Monitor,260.0,14.0,success,False,2026-08-17T23:11:38.355115+09:00
Equipment Navigator,,,failed,False,2026-08-17T23:26:24.551704+09:00
Equipment Nexus,,,failed,False,2026-08-17T23:23:43.975283+09:00
Equipment Node,,,failed,False,2026-08-17T23:23:26.681151+09:00
Equipment Note,30.0,0.0,success,False,2026-08-19T13:24:49.306222+09:00
Equipment Notification,,,failed,False,2026-08-27T22:45:23.426349+09:00
Equipment Number,320.0,6.0,success,False,2026-08-23T03:15:44.979812+09:00
Equipment Office,14800.0,73.0,success,False,2026-08-19T00:02:51.849711+09:00
Equipment Ops,480.0,1.0,success,False,2026-08-17T23:06:26.824049+09:00
Equipment Order,90.0,2.0,success,False,2026-08-19T22:02:37.152847+09:00
Equipment Organizer,260.0,87.0,success,False,2026-08-17T23:25:39.196440+09:00
Equipment Overage,,,failed,False,2026-08-27T21:45:59.200970+09:00
Equipment Overdraft,,,failed,False,2026-08-23T15:50:59.628265+09:00
Equipment Overdue,,,failed,False,2026-08-27T21:45:59.200970+09:00
Equipment Panel,110.0,19.0,success,False,2026-08-17T23:25:24.044948+09:00
Equipment Pass,,,failed,False,2026-08-21T00:24:57.111152+09:00
Equipment Path,,,failed,False,2026-08-17T23:03:58.711434+09:00
Equipment Payoff,,,failed,False,2026-08-27T21:45:59.200970+09:00
Equipment Penalty,,,failed,False,2026-08-23T16:37:54.537855+09:00
Equipment Petition,,,failed,False,2026-08-21T01:00:20.571072+09:00
Equipment Pilot,260.0,71.0,success,False,2026-08-17T23:11:19.275980+09:00
Equipment Plan,170.0,1.0,success,False,2026-08-21T01:53:18.147315+09:00
Equipment Planner,170.0,1.0,success,False,2026-08-17T23:25:05.910381+09:00
Equipment Playbook,,,failed,False,2026-08-18T22:07:33.444344+09:00
Equipment Point,90.0,2.0,success,False,2026-08-17T23:30:08.040310+09:00
Equipment Portal,140.0,0.0,success,False,2026-08-17T23:24:54.415182+09:00
Equipment Price,170.0,7.0,success,False,2026-08-21T02:06:01.492109+09:00
Equipment Profile,20.0,0.0,success,False,2026-08-19T13:25:04.340704+09:00
Equipment Profit,,,failed,False,2026-08-23T02:52:51.254134+09:00
Equipment Proposal,20.0,3.0,success,False,2026-08-28T01:04:11.555424+09:00
Equipment Pulse,,,failed,False,2026-08-17T23:05:30.117127+09:00
Equipment Queue,,,failed,False,2026-08-19T21:17:57.500423+09:00
Equipment Quota,,,failed,False,2026-08-21T00:25:52.909138+09:00
Equipment Radar,260.0,12.0,success,False,2026-08-17T23:05:55.492568+09:00
Equipment Rail,260.0,100.0,success,False,2026-08-17T23:26:16.391059+09:00
Equipment Rate,70.0,2.0,success,False,2026-08-19T20:43:13.193243+09:00
Equipment Recap,,,failed,False,2026-08-21T01:00:31.922622+09:00
Equipment Receipt,50.0,10.0,success,False,2026-08-19T22:02:59.053365+09:00
Equipment Recorder,,,failed,False,2026-08-27T23:33:18.763574+09:00
Equipment Redemption,,,failed,False,2026-08-23T16:37:59.116023+09:00
Equipment Register,390.0,4.0,success,False,2026-08-17T23:26:38.652949+09:00
Equipment Registry,390.0,4.0,success,False,2026-08-18T22:08:04.928972+09:00
Equipment Relay,,,failed,False,2026-08-17T23:27:50.871251+09:00
Equipment Reminder,,,failed,False,2026-08-19T21:17:21.944279+09:00
Equipment Report,70.0,1.0,success,False,2026-08-19T13:22:59.111226+09:00
Equipment Repository,,,failed,False,2026-08-27T23:11:08.284499+09:00
Equipment Roadmap,,,failed,False,2026-08-18T22:08:43.049836+09:00
Equipment Roster,,,failed,False,2026-08-19T00:37:15.495159+09:00
Equipment Route,,,failed,False,2026-08-17T23:26:02.617332+09:00
Equipment Rule,,,failed,False,2026-08-23T03:15:59.188624+09:00
Equipment Sale,3600.0,46.0,success,False,2026-08-21T02:21:27.143708+09:00
Equipment Scale,50.0,100.0,success,False,2026-08-17T23:07:11.054257+09:00
Equipment Scanner,390.0,86.0,success,False,2026-08-27T23:53:12.173263+09:00
Equipment Scheduler,720.0,2.0,success,False,2026-08-17T23:04:23.573644+09:00
Equipment Scope,,,failed,False,2026-08-17T23:29:16.727834+09:00
Equipment Score,,,failed,False,2026-08-19T13:24:25.669672+09:00
Equipment Sentry,,,failed,False,2026-08-17T23:24:03.266981+09:00
Equipment Sheet,70.0,0.0,success,False,2026-08-19T13:23:50.629735+09:00
Equipment Shortfall,,,failed,False,2026-08-27T21:46:01.626926+09:00
Equipment Signal,,,failed,False,2026-08-17T23:29:01.871676+09:00
Equipment Slip,,,failed,False,2026-08-19T22:03:44.565114+09:00
Equipment Slot,210.0,0.0,success,False,2026-08-19T22:04:07.178529+09:00
Equipment Snapshot,,,failed,False,2026-08-18T22:07:49.432223+09:00
Equipment Stake,,,failed,False,2026-08-23T02:52:56.566002+09:00
Equipment Stamp,,,failed,False,2026-08-23T13:27:00.453108+09:00
Equipment Statement,10.0,0.0,success,False,2026-08-21T00:25:24.031302+09:00
Equipment Station,70.0,22.0,success,False,2026-08-17T23:24:10.330342+09:00
Equipment Status,320.0,0.0,success,False,2026-08-19T20:42:29.664942+09:00
Equipment Stub,,,failed,False,2026-08-21T00:25:15.691482+09:00
Equipment Studio,6600.0,100.0,success,False,2026-08-17T23:23:52.832374+09:00
Equipment Subsidy,20.0,0.0,success,False,2026-08-23T15:51:03.649898+09:00
Equipment Suite,,,failed,False,2026-08-17T23:06:48.111245+09:00
Equipment Sum,,,failed,False,2026-08-21T02:21:06.391588+09:00
Equipment Summary,40.0,0.0,success,False,2026-08-19T21:16:57.743794+09:00
Equipment Surtax,,,failed,False,2026-08-23T15:51:07.589062+09:00
Equipment Sync,,,failed,False,2026-08-17T23:27:09.313673+09:00
Equipment Tab,20.0,0.0,success,False,2026-08-21T00:26:05.533599+09:00
Equipment Table,720.0,99.0,success,False,2026-08-19T22:03:26.204468+09:00
Equipment Tag,880.0,100.0,success,False,2026-08-19T13:24:56.019665+09:00
Equipment Tally,,,failed,False,2026-08-21T00:25:29.281502+09:00
Equipment Tariff,,,failed,False,2026-08-21T02:37:31.175739+09:00
Equipment Tax,50.0,4.0,success,False,2026-08-21T02:06:11.713342+09:00
Equipment Ticket,10.0,2.0,success,False,2026-08-19T21:17:51.663250+09:00
Equipment Tier,,,failed,False,2026-08-28T00:47:00.263771+09:00
Equipment Timeline,,,failed,False,2026-08-19T21:17:11.439811+09:00
Equipment Timer,10.0,56.0,success,False,2026-08-28T00:23:11.653599+09:00
Equipment Toll,,,failed,False,2026-08-21T02:37:19.204094+09:00
Equipment Toolbox,,,failed,False,2026-08-28T00:23:17.850587+09:00
Equipment Toolkit,,,failed,False,2026-08-18T22:07:24.351116+09:00
Equipment Total,,,failed,False,2026-08-27T23:11:01.656662+09:00
Equipment Tracker,1300.0,92.0,success,False,2026-08-17T23:09:46.743330+09:00
Equipment Trail,320.0,100.0,success,False,2026-08-17T23:04:42.962346+09:00
Equipment Trend,20.0,0.0,success,False,2026-08-28T01:04:09.060597+09:00
Equipment Trial,70.0,77.0,success,False,2026-08-27T21:12:59.208111+09:00
Equipment Unit,90.0,4.0,success,False,2026-08-21T01:53:13.904514+09:00
Equipment Update,30.0,1.0,success,False,2026-08-19T20:43:19.095275+09:00
Equipment Value,210.0,26.0,success,False,2026-08-23T02:52:54.203392+09:00
Equipment Vault,20.0,17.0,success,False,2026-08-17T23:04:17.256447+09:00
Equipment Version,,,failed,False,2026-08-23T03:15:49.113628+09:00
Equipment View,30.0,2.0,success,False,2026-08-19T20:42:37.692999+09:00
Equipment Voucher,,,failed,False,2026-08-21T00:25:02.156940+09:00
Equipment Watch,2400.0,27.0,success,False,2026-08-17T23:03:45.434649+09:00
Equipment Wave,,,failed,False,2026-08-17T23:29:51.250400+09:00
Equipment Widget,,,failed,False,2026-08-27T23:11:04.616430+09:00
Equipment Workbench,,,failed,False,2026-08-18T22:07:14.456265+09:00
Equipment Worksheet,20.0,0.0,success,False,2026-08-27T22:07:09.283408+09:00
Equipment Workshop,1600.0,72.0,success,False,2026-08-28T00:23:14.492376+09:00
Equipment Yard,210.0,4.0,success,False,2026-08-19T00:37:00.689265+09:00
Equipment Zone,1300.0,79.0,success,False,2026-08-17T23:06:57.045511+09:00
Equity Alert,30.0,6.0,success,False,2026-08-21T01:43:31.469604+09:00
Equity Allowance,20.0,0.0,success,False,2026-08-21T02:36:37.228119+09:00
Equity Analyzer,10.0,46.0,success,False,2026-08-27T23:55:40.198338+09:00
Equity Asset,1000.0,2.0,success,False,2026-08-23T13:47:44.552149+09:00
Equity Atlas,70.0,0.0,success,False,2026-08-21T01:41:20.184116+09:00
Equity Badge,,,failed,False,2026-08-21T01:37:28.905967+09:00
Equity Balance,1300.0,3.0,success,False,2026-08-23T13:47:40.781383+09:00
Equity Base,390.0,1.0,success,False,2026-08-21T01:39:59.295312+09:00
Equity Beacon,,,failed,False,2026-08-21T01:38:59.099455+09:00
Equity Bill,30.0,0.0,success,False,2026-08-21T01:36:47.067872+09:00
Equity Bin,10.0,0.0,success,False,2026-08-21T01:43:42.058918+09:00
Equity Board,40.0,0.0,success,False,2026-08-21T01:40:12.068388+09:00
Equity Bridge,1600.0,4.0,success,False,2026-08-21T01:39:14.951697+09:00
Equity Brief,,,failed,False,2026-08-21T01:37:55.040790+09:00
Equity Bulletin,,,failed,False,2026-08-21T01:37:51.952894+09:00
Equity Calculator,12100.0,41.0,success,False,2026-08-27T23:34:10.423222+09:00
Equity Card,1600.0,0.0,success,True,2026-08-21T01:44:25.853714+09:00
Equity Cascade,,,failed,False,2026-08-21T01:39:07.193029+09:00
Equity Cash,1000.0,5.0,success,False,2026-08-21T02:29:36.697010+09:00
Equity Cashback,,,failed,False,2026-08-27T21:13:01.722363+09:00
Equity Center,320.0,0.0,success,False,2026-08-21T01:40:35.434951+09:00
Equity Chain,10.0,4.0,success,False,2026-08-21T01:41:06.507181+09:00
Equity Charge,210.0,0.0,success,False,2026-08-21T02:45:38.713397+09:00
Equity Chart,210.0,6.0,success,False,2026-08-21T01:43:34.239530+09:00
Equity Check,320.0,26.0,success,False,2026-08-21T01:44:35.810594+09:00
Equity Checker,320.0,26.0,success,False,2026-08-27T23:55:30.843972+09:00
Equity Code,720.0,0.0,success,False,2026-08-21T01:36:57.667235+09:00
Equity Comparison,20.0,21.0,success,False,2026-08-28T01:07:01.226912+09:00
Equity Confirmation,10.0,0.0,success,False,2026-08-21T01:38:16.172375+09:00
Equity Console,,,failed,False,2026-08-21T01:40:45.060160+09:00
Equity Contribution,590.0,0.0,success,False,2026-08-23T16:16:43.466007+09:00
Equity Core,720.0,14.0,success,False,2026-08-21T01:40:03.980146+09:00
Equity Cost,8100.0,0.0,success,True,2026-08-21T02:12:23.232619+09:00
Equity Counter,,,failed,False,2026-08-21T01:42:32.456630+09:00
Equity Coupon,10.0,5.0,success,False,2026-08-27T21:12:59.208111+09:00
Equity Deal,210.0,6.0,success,False,2026-08-21T01:55:59.445411+09:00
Equity Debt,40500.0,0.0,success,True,2026-08-21T02:29:22.487025+09:00
Equity Deck,10.0,4.0,success,False,2026-08-21T01:40:17.321567+09:00
Equity Desk,70.0,2.0,success,False,2026-08-21T01:38:40.726969+09:00
Equity Detail,20.0,0.0,success,False,2026-08-23T03:17:31.358374+09:00
Equity Detector,,,failed,False,2026-08-27T23:55:33.587403+09:00
Equity Directory,20.0,7.0,success,False,2026-08-21T01:42:17.039674+09:00
Equity Downpayment,,,failed,False,2026-08-27T21:46:03.878331+09:00
Equity Draft,,,failed,False,2026-08-21T01:36:14.078393+09:00
Equity Due,,,failed,False,2026-08-23T15:52:40.502270+09:00
Equity Duty,,,failed,False,2026-08-21T02:45:41.299406+09:00
Equity Engine,70.0,1.0,success,False,2026-08-21T01:41:33.473055+09:00
Equity Entry,10.0,0.0,success,False,2026-08-21T01:38:24.012895+09:00
Equity Estimate,20.0,54.0,success,False,2026-08-21T01:36:39.432784+09:00
Equity Estimator,390.0,22.0,success,False,2026-08-27T23:55:28.059641+09:00
Equity Fare,,,failed,False,2026-08-21T02:12:31.205964+09:00
Equity Fee,90.0,0.0,success,False,2026-08-21T01:55:46.721069+09:00
Equity Feed,110.0,3.0,success,False,2026-08-21T01:36:14.078393+09:00
Equity File,,,failed,False,2026-08-21T01:36:14.078393+09:00
Equity Fine,,,failed,False,2026-08-23T02:53:14.872547+09:00
Equity Flow,210.0,12.0,success,False,2026-08-21T01:38:34.046103+09:00
Equity Forge,20.0,31.0,success,False,2026-08-21T01:39:04.572787+09:00
Equity Form,110.0,2.0,success,False,2026-08-21T01:44:23.485240+09:00
Equity Frame,,,failed,False,2026-08-21T01:39:55.005229+09:00
Equity Fund,12100.0,14.0,success,False,2026-08-21T02:29:27.497336+09:00
Equity Gate,140.0,33.0,success,False,2026-08-21T01:41:14.289680+09:00
Equity Giveaway,,,failed,False,2026-08-27T21:13:10.326383+09:00
Equity Graph,320.0,1.0,success,False,2026-08-27T22:07:14.755817+09:00
Equity Grid,10.0,0.0,success,False,2026-08-21T01:39:35.935414+09:00
Equity Guarantee,30.0,7.0,success,False,2026-08-28T01:07:08.336538+09:00
Equity Guardian,10.0,0.0,success,False,2026-08-28T00:25:19.923690+09:00
Equity Helpdesk,,,failed,False,2026-08-27T22:46:40.495541+09:00
Equity Helper,,,failed,False,2026-08-28T00:25:23.676090+09:00
Equity History,170.0,0.0,success,False,2026-08-21T01:36:14.078393+09:00
Equity Hub,260.0,1.0,success,False,2026-08-21T01:38:38.622768+09:00
Equity Identifier,,,failed,False,2026-08-23T13:06:56.024749+09:00
Equity Inbox,,,failed,False,2026-08-21T01:43:25.178324+09:00
Equity Incentive,140.0,6.0,success,False,2026-08-27T21:13:04.814179+09:00
Equity Index,1300.0,4.0,success,False,2026-08-21T01:36:14.078393+09:00
Equity Interest,720.0,2.0,success,False,2026-08-23T13:47:44.552149+09:00
Equity Item,40.0,0.0,success,False,2026-08-21T01:55:39.411266+09:00
Equity Journal,110.0,0.0,success,False,2026-08-21T01:42:02.866390+09:00
Equity Keeper,,,failed,False,2026-08-21T01:41:22.153477+09:00
Equity Lab,1300.0,1.0,success,False,2026-08-21T01:40:26.570038+09:00
Equity Label,,,failed,False,2026-08-27T22:07:17.176446+09:00
Equity Ledger,30.0,1.0,success,False,2026-08-21T01:40:09.996962+09:00
Equity Level,40.0,0.0,success,False,2026-08-21T01:36:14.078393+09:00
Equity Levy,,,failed,False,2026-08-23T13:47:46.605419+09:00
Equity Line,60500.0,40.0,success,False,2026-08-21T01:43:59.593158+09:00
Equity Link,880.0,19.0,success,False,2026-08-23T03:17:25.053866+09:00
Equity List,1600.0,2.0,success,False,2026-08-21T01:36:59.790111+09:00
Equity Loan,12100.0,58.0,success,False,2026-08-21T02:12:35.738319+09:00
Equity Lobby,,,failed,False,2026-08-21T01:43:50.237250+09:00
Equity Locator,,,failed,False,2026-08-21T01:42:20.086183+09:00
Equity Locker,,,failed,False,2026-08-21T01:42:37.393096+09:00
Equity Log,2900.0,1.0,success,False,2026-08-21T01:44:16.668560+09:00
Equity Loop,,,failed,False,2026-08-21T01:39:32.953570+09:00
Equity Map,320.0,0.0,success,False,2026-08-21T01:39:52.762519+09:00
Equity Margin,390.0,5.0,success,False,2026-08-23T02:53:11.692862+09:00
Equity Memo,,,failed,False,2026-08-21T01:37:39.215530+09:00
Equity Monitor,40.0,1.0,success,False,2026-08-21T01:41:46.462785+09:00
Equity Nexus,,,failed,False,2026-08-21T01:41:18.223212+09:00
Equity Note,140.0,0.0,success,False,2026-08-21T01:36:14.078393+09:00
Equity Notification,,,failed,False,2026-08-27T22:46:29.671446+09:00
Equity Number,880.0,0.0,success,False,2026-08-23T03:17:17.631472+09:00
Equity Office,480.0,1.0,success,False,2026-08-21T01:42:29.387533+09:00
Equity Ops,,,failed,False,2026-08-21T01:41:56.935291+09:00
Equity Order,30.0,2.0,success,False,2026-08-21T01:36:44.739122+09:00
Equity Overdraft,20.0,12.0,success,False,2026-08-23T15:52:40.502270+09:00
Equity Overdue,,,failed,False,2026-08-27T21:46:01.626926+09:00
Equity Panel,10.0,0.0,success,False,2026-08-21T01:40:50.890695+09:00
Equity Pass,,,failed,False,2026-08-21T01:37:21.821672+09:00
Equity Passport,,,failed,False,2026-08-21T01:43:47.346655+09:00
Equity Path,,,failed,False,2026-08-21T01:39:45.118535+09:00
Equity Payoff,,,failed,False,2026-08-27T21:46:03.878331+09:00
Equity Petition,10.0,0.0,success,False,2026-08-21T01:38:12.819970+09:00
Equity Plan,480.0,11.0,success,False,2026-08-21T01:55:57.374575+09:00
Equity Planner,480.0,11.0,success,False,2026-08-21T01:41:42.095051+09:00
Equity Playbook,,,failed,False,2026-08-21T01:42:00.180241+09:00
Equity Point,2400.0,9.0,success,False,2026-08-21T01:39:47.385700+09:00
Equity Portal,720.0,0.0,success,False,2026-08-21T01:40:42.553901+09:00
Equity Preview,,,failed,False,2026-08-28T01:07:01.226912+09:00
Equity Profile,20.0,2.0,success,False,2026-08-21T01:36:14.078393+09:00
Equity Profit,110.0,2.0,success,False,2026-08-23T02:53:02.917433+09:00
Equity Proposal,20.0,0.0,success,False,2026-08-28T01:07:05.829192+09:00
Equity Quota,10.0,0.0,success,False,2026-08-21T01:37:41.835664+09:00
Equity Radar,,,failed,False,2026-08-21T01:38:45.431477+09:00
Equity Rate,480.0,17.0,success,False,2026-08-21T01:36:14.078393+09:00
Equity Receipt,30.0,0.0,success,False,2026-08-21T01:36:52.456000+09:00
Equity Redemption,1300.0,0.0,success,True,2026-08-23T16:40:16.940020+09:00
Equity Register,90.0,3.0,success,False,2026-08-21T01:41:54.360418+09:00
Equity Relay,,,failed,False,2026-08-21T01:38:48.053655+09:00
Equity Reminder,,,failed,False,2026-08-21T01:36:14.078393+09:00
Equity Report,590.0,12.0,success,False,2026-08-21T01:44:14.161023+09:00
Equity Repository,,,failed,False,2026-08-27T23:12:15.769681+09:00
Equity Ring,10.0,0.0,success,False,2026-08-21T01:41:12.264242+09:00
Equity Roll,170.0,0.0,success,False,2026-08-21T01:44:07.789434+09:00
Equity Route,140.0,10.0,success,False,2026-08-21T01:40:58.554709+09:00
Equity Rule,390.0,0.0,success,False,2026-08-23T03:17:28.989211+09:00
Equity Sale,1000.0,3.0,success,False,2026-08-21T02:29:40.223505+09:00
Equity Sample,30.0,0.0,success,False,2026-08-21T01:37:13.589246+09:00
Equity Scale,1000.0,1.0,success,False,2026-08-21T01:40:53.074721+09:00
Equity Scanner,40.0,19.0,success,False,2026-08-27T23:55:33.587403+09:00
Equity Score,260.0,0.0,success,False,2026-08-21T01:44:38.139446+09:00
Equity Sheet,50.0,0.0,success,False,2026-08-21T01:44:31.242398+09:00
Equity Signal,10.0,2.0,success,False,2026-08-21T01:39:18.143916+09:00
Equity Slip,,,failed,False,2026-08-21T01:37:07.808277+09:00
Equity Slot,,,failed,False,2026-08-21T01:37:19.276865+09:00
Equity Stake,1600.0,0.0,success,True,2026-08-23T02:53:08.936462+09:00
Equity Statement,18100.0,0.0,success,True,2026-08-21T01:37:34.913486+09:00
Equity Station,70.0,0.0,success,False,2026-08-21T01:40:28.771256+09:00
Equity Status,70.0,0.0,success,False,2026-08-21T01:36:14.078393+09:00
Equity Stub,90.0,0.0,success,False,2026-08-21T01:37:32.925946+09:00
Equity Studio,90.0,0.0,success,False,2026-08-21T01:40:23.040836+09:00
Equity Subsidy,10.0,0.0,success,False,2026-08-23T15:52:42.470276+09:00
Equity Sum,,,failed,False,2026-08-21T02:29:19.301672+09:00
Equity Summary,20.0,0.0,success,False,2026-08-21T01:36:14.078393+09:00
Equity Surtax,,,failed,False,2026-08-23T15:52:42.470276+09:00
Equity Tab,,,failed,False,2026-08-21T01:37:46.611348+09:00
Equity Table,90.0,6.0,success,False,2026-08-21T01:37:05.417257+09:00
Equity Tag,10.0,0.0,success,False,2026-08-21T01:36:14.078393+09:00
Equity Tariff,50.0,0.0,success,False,2026-08-21T02:36:41.492996+09:00
Equity Tax,880.0,1.0,success,False,2026-08-21T02:12:31.205964+09:00
Equity Terminal,10.0,4.0,success,False,2026-08-21T01:40:33.133691+09:00
Equity Ticker,210.0,0.0,success,False,2026-08-21T01:43:52.896076+09:00
Equity Ticket,140.0,2.0,success,False,2026-08-21T01:36:14.078393+09:00
Equity Tier,10.0,0.0,success,False,2026-08-28T00:47:59.038217+09:00
Equity Timeline,,,failed,False,2026-08-21T01:36:14.078393+09:00
Equity Timer,,,failed,False,2026-08-28T00:25:13.091211+09:00
Equity Toll,,,failed,False,2026-08-21T02:45:44.220380+09:00
Equity Toolbox,,,failed,False,2026-08-28T00:25:23.676090+09:00
Equity Total,2400.0,0.0,success,True,2026-08-27T23:12:08.197632+09:00
Equity Tracker,480.0,4.0,success,False,2026-08-21T01:38:31.485069+09:00
Equity Trend,30.0,3.0,success,False,2026-08-28T01:06:58.788190+09:00
Equity Trial,10.0,0.0,success,False,2026-08-27T21:13:01.722363+09:00
Equity Unit,110.0,0.0,success,False,2026-08-21T01:55:54.849778+09:00
Equity Update,20.0,20.0,success,False,2026-08-21T01:36:14.078393+09:00
Equity Value,4400.0,2.0,success,False,2026-08-23T02:53:06.849591+09:00
Equity Vault,50.0,5.0,success,False,2026-08-21T01:38:52.841882+09:00
Equity Version,,,failed,False,2026-08-23T03:17:21.558443+09:00
Equity View,10.0,0.0,success,False,2026-08-21T01:36:14.078393+09:00
Equity Voucher,,,failed,False,2026-08-21T01:37:26.126762+09:00
Equity Wallet,50.0,1.0,success,False,2026-08-27T22:46:36.036918+09:00
Equity Watch,260.0,1.0,success,False,2026-08-21T01:39:25.000691+09:00
Equity Wave,40.0,3.0,success,False,2026-08-21T01:39:42.723562+09:00
Equity Widget,,,failed,False,2026-08-27T23:12:13.072454+09:00
Equity Window,,,failed,False,2026-08-21T01:44:05.223042+09:00
Equity Workshop,20.0,2.0,success,False,2026-08-28T00:25:15.482285+09:00
Equity Zone,30.0,0.0,success,False,2026-08-21T01:40:39.778843+09:00
Escalation Advisory,,,failed,False,2026-08-21T01:03:18.814008+09:00
Escalation Alert,,,failed,False,2026-08-19T12:23:26.790500+09:00
Escalation Allowance,10.0,0.0,success,False,2026-08-21T02:41:49.318667+09:00
Escalation Almanac,,,failed,False,2026-08-18T22:05:11.798475+09:00
Escalation Analyzer,,,failed,False,2026-08-27T23:57:10.397260+09:00
Escalation Anchor,,,failed,False,2026-08-17T20:34:36.732015+09:00
Escalation Assistant,,,failed,False,2026-08-17T23:33:13.848442+09:00
Escalation Atlas,,,failed,False,2026-08-17T21:34:12.134068+09:00
Escalation Attribute,,,failed,False,2026-08-23T13:07:43.906174+09:00
Escalation Badge,,,failed,False,2026-08-21T00:30:25.028648+09:00
Escalation Base,,,failed,False,2026-08-17T21:30:22.425092+09:00
Escalation Bay,,,failed,False,2026-08-19T00:23:43.046041+09:00
Escalation Beacon,,,failed,False,2026-08-17T20:38:23.394205+09:00
Escalation Blueprint,,,failed,False,2026-08-18T22:05:00.347281+09:00
Escalation Board,40.0,1.0,success,False,2026-08-17T20:45:45.792269+09:00
Escalation Book,40.0,1.0,success,False,2026-08-19T21:54:53.460475+09:00
Escalation Bridge,,,failed,False,2026-08-17T20:35:35.063549+09:00
Escalation Brief,,,failed,False,2026-08-21T01:03:10.607434+09:00
Escalation Bulletin,,,failed,False,2026-08-21T01:03:04.478545+09:00
Escalation Calendar,,,failed,False,2026-08-19T00:04:42.603293+09:00
Escalation Card,10.0,0.0,success,False,2026-08-19T13:26:10.178451+09:00
Escalation Cascade,,,failed,False,2026-08-17T20:36:28.708934+09:00
Escalation Cash,,,failed,False,2026-08-21T02:26:29.042609+09:00
Escalation Catalog,,,failed,False,2026-08-19T21:11:27.369189+09:00
Escalation Category,,,failed,False,2026-08-23T13:07:43.906174+09:00
Escalation Center,,,failed,False,2026-08-17T20:40:34.523017+09:00
Escalation Chain,50.0,0.0,success,False,2026-08-17T21:40:47.686331+09:00
Escalation Charge,,,failed,False,2026-08-21T02:41:35.267281+09:00
Escalation Check,,,failed,False,2026-08-19T13:26:44.223162+09:00
Escalation Checker,,,failed,False,2026-08-27T23:57:04.136942+09:00
Escalation Checklist,90.0,0.0,success,False,2026-08-19T21:10:31.479524+09:00
Escalation Circular,,,failed,False,2026-08-21T01:03:15.171952+09:00
Escalation Cockpit,,,failed,False,2026-08-17T23:04:52.831664+09:00
Escalation Code,10.0,0.0,success,False,2026-08-19T21:54:19.584048+09:00
Escalation Codex,,,failed,False,2026-08-18T22:05:30.177500+09:00
Escalation Companion,,,failed,False,2026-08-17T23:24:19.906640+09:00
Escalation Comparison,,,failed,False,2026-08-28T01:07:11.009484+09:00
Escalation Compass,,,failed,False,2026-08-17T20:39:17.196343+09:00
Escalation Compendium,,,failed,False,2026-08-18T22:05:21.769406+09:00
Escalation Confirmation,,,failed,False,2026-08-21T01:03:27.651766+09:00
Escalation Console,,,failed,False,2026-08-17T20:37:59.877456+09:00
Escalation Core,10.0,0.0,success,False,2026-08-17T20:48:02.919436+09:00
Escalation Cost,720.0,0.0,success,False,2026-08-21T02:10:58.400903+09:00
Escalation Count,,,failed,False,2026-08-27T22:49:15.165017+09:00
Escalation Counter,,,failed,False,2026-08-19T00:05:21.948366+09:00
Escalation Dashboard,30.0,5.0,success,False,2026-08-17T23:24:01.156266+09:00
Escalation Deal,,,failed,False,2026-08-21T01:55:46.721069+09:00
Escalation Debt,,,failed,False,2026-08-21T02:26:21.259847+09:00
Escalation Deck,,,failed,False,2026-08-17T20:44:43.054193+09:00
Escalation Depot,,,failed,False,2026-08-19T00:05:11.440472+09:00
Escalation Desk,140.0,0.0,success,False,2026-08-17T20:42:32.290659+09:00
Escalation Detail,,,failed,False,2026-08-23T03:20:27.097448+09:00
Escalation Detector,,,failed,False,2026-08-27T23:57:10.397260+09:00
Escalation Diagram,50.0,0.0,success,False,2026-08-27T22:12:34.170808+09:00
Escalation Dial,,,failed,False,2026-08-17T20:36:02.767132+09:00
Escalation Digest,,,failed,False,2026-08-19T20:41:48.388385+09:00
Escalation Directory,,,failed,False,2026-08-19T00:04:50.750995+09:00
Escalation Dock,,,failed,False,2026-08-17T20:32:02.325008+09:00
Escalation Dossier,,,failed,False,2026-08-21T01:03:33.238339+09:00
Escalation Downpayment,,,failed,False,2026-08-27T21:48:18.349819+09:00
Escalation Draft,,,failed,False,2026-08-19T20:42:03.452660+09:00
Escalation Due,,,failed,False,2026-08-23T15:52:13.445418+09:00
Escalation Duty,,,failed,False,2026-08-21T02:41:38.667611+09:00
Escalation Engine,10.0,0.0,success,False,2026-08-17T23:14:05.238044+09:00
Escalation Entry,,,failed,False,2026-08-21T01:03:48.837789+09:00
Escalation Estimate,,,failed,False,2026-08-19T21:11:17.911454+09:00
Escalation Estimator,,,failed,False,2026-08-27T23:56:59.391700+09:00
Escalation Excerpt,,,failed,False,2026-08-21T01:03:43.052088+09:00
Escalation Extension,,,failed,False,2026-08-23T16:39:18.952764+09:00
Escalation Fare,,,failed,False,2026-08-21T02:11:04.805408+09:00
Escalation Fee,40.0,0.0,success,False,2026-08-21T01:55:28.445824+09:00
Escalation Feed,,,failed,False,2026-08-19T20:41:54.948325+09:00
Escalation File,,,failed,False,2026-08-19T20:41:16.586784+09:00
Escalation Finder,,,failed,False,2026-08-19T00:05:06.053297+09:00
Escalation Fine,,,failed,False,2026-08-23T02:55:57.484668+09:00
Escalation Flag,,,failed,False,2026-08-21T00:31:07.825329+09:00
Escalation Flow,90.0,1.0,success,False,2026-08-17T20:45:18.923986+09:00
Escalation Forge,,,failed,False,2026-08-17T20:37:28.424048+09:00
Escalation Form,170.0,0.0,success,False,2026-08-19T13:25:58.679936+09:00
Escalation Format,20.0,0.0,success,False,2026-08-23T13:07:48.964667+09:00
Escalation Frame,,,failed,False,2026-08-17T21:31:30.369012+09:00
Escalation Fund,,,failed,False,2026-08-21T02:26:26.896086+09:00
Escalation Gate,,,failed,False,2026-08-17T21:36:22.095100+09:00
Escalation Grade,,,failed,False,2026-08-21T00:30:49.324092+09:00
Escalation Graph,90.0,0.0,success,False,2026-08-27T22:12:17.686005+09:00
Escalation Grid,10.0,0.0,success,False,2026-08-17T21:41:28.759770+09:00
Escalation Guarantee,,,failed,False,2026-08-28T01:07:16.006245+09:00
Escalation Guard,,,failed,False,2026-08-17T20:48:37.567206+09:00
Escalation Guardian,,,failed,False,2026-08-28T00:26:09.270269+09:00
Escalation Guidebook,,,failed,False,2026-08-18T22:04:40.579410+09:00
Escalation Helper,,,failed,False,2026-08-28T00:26:12.300765+09:00
Escalation History,10.0,0.0,success,False,2026-08-19T20:41:06.982103+09:00
Escalation Hotline,,,failed,False,2026-08-19T21:11:39.725993+09:00
Escalation Hub,,,failed,False,2026-08-17T20:44:20.013961+09:00
Escalation Identifier,,,failed,False,2026-08-23T13:07:41.329341+09:00
Escalation Inbox,,,failed,False,2026-08-19T12:23:26.790500+09:00
Escalation Index,50.0,0.0,success,False,2026-08-19T21:10:42.484655+09:00
Escalation Insight,,,failed,False,2026-08-17T23:10:31.513884+09:00
Escalation Item,,,failed,False,2026-08-21T01:55:33.628108+09:00
Escalation Journal,,,failed,False,2026-08-18T22:04:21.198301+09:00
Escalation Keeper,,,failed,False,2026-08-17T21:32:03.436124+09:00
Escalation Lab,,,failed,False,2026-08-17T20:42:59.992193+09:00
Escalation Label,,,failed,False,2026-08-27T22:12:21.251456+09:00
Escalation Ledger,,,failed,False,2026-08-17T20:46:46.837602+09:00
Escalation Lens,,,failed,False,2026-08-17T21:32:40.946824+09:00
Escalation Level,260.0,0.0,success,False,2026-08-19T20:41:25.975881+09:00
Escalation Link,,,failed,False,2026-08-23T03:20:18.367542+09:00
Escalation List,260.0,0.0,success,False,2026-08-19T21:54:30.567883+09:00
Escalation Loan,,,failed,False,2026-08-21T02:11:11.149564+09:00
Escalation Locator,,,failed,False,2026-08-19T00:04:56.559247+09:00
Escalation Lock,,,failed,False,2026-08-17T21:34:42.632014+09:00
Escalation Log,50.0,1.0,success,False,2026-08-19T13:25:50.130591+09:00
Escalation Loop,20.0,0.0,success,False,2026-08-18T07:52:17.361320+09:00
Escalation Manager,320.0,0.0,success,False,2026-08-17T21:30:53.341117+09:00
Escalation Manual,,,failed,False,2026-08-27T22:12:29.300608+09:00
Escalation Map,110.0,0.0,success,False,2026-08-17T21:33:40.096792+09:00
Escalation Margin,,,failed,False,2026-08-23T02:55:53.099561+09:00
Escalation Memo,,,failed,False,2026-08-21T00:30:55.600635+09:00
Escalation Message,10.0,0.0,success,False,2026-08-27T23:14:41.720422+09:00
Escalation Meter,,,failed,False,2026-08-17T20:35:04.556306+09:00
Escalation Metrics,50.0,0.0,success,False,2026-08-17T23:23:41.484558+09:00
Escalation Monitor,,,failed,False,2026-08-17T23:23:24.651550+09:00
Escalation Navigator,,,failed,False,2026-08-17T23:12:05.919804+09:00
Escalation Nexus,,,failed,False,2026-08-17T21:35:16.200596+09:00
Escalation Node,,,failed,False,2026-08-17T21:37:24.355362+09:00
Escalation Note,,,failed,False,2026-08-19T13:27:15.417105+09:00
Escalation Notification,10.0,1.0,success,False,2026-08-27T22:49:12.101032+09:00
Escalation Number,40.0,0.0,success,False,2026-08-23T03:20:11.001534+09:00
Escalation Office,,,failed,False,2026-08-19T00:05:16.956026+09:00
Escalation Ops,10.0,,success,False,2026-08-17T23:24:44.637673+09:00
Escalation Order,10.0,0.0,success,False,2026-08-19T21:53:47.413598+09:00
Escalation Organizer,,,failed,False,2026-08-17T22:46:53.613180+09:00
Escalation Outline,,,failed,False,2026-08-27T22:29:00.404173+09:00
Escalation Overage,,,failed,False,2026-08-27T21:48:16.120561+09:00
Escalation Overdue,,,failed,False,2026-08-27T21:48:13.959890+09:00
Escalation Panel,,,failed,False,2026-08-17T20:37:00.325562+09:00
Escalation Pass,,,failed,False,2026-08-21T00:30:08.282339+09:00
Escalation Path,880.0,0.0,success,False,2026-08-17T21:36:50.527973+09:00
Escalation Payoff,,,failed,False,2026-08-27T21:48:16.120561+09:00
Escalation Penalty,,,failed,False,2026-08-23T16:39:14.026032+09:00
Escalation Petition,,,failed,False,2026-08-21T01:03:23.160959+09:00
Escalation Pilot,,,failed,False,2026-08-17T20:43:29.254301+09:00
Escalation Plan,260.0,1.0,success,False,2026-08-21T01:55:44.868962+09:00
Escalation Planner,,,failed,False,2026-08-17T23:08:52.279570+09:00
Escalation Playbook,,,failed,False,2026-08-18T22:04:08.939820+09:00
Escalation Point,480.0,0.0,success,False,2026-08-17T21:35:49.618076+09:00
Escalation Portal,10.0,0.0,success,False,2026-08-17T20:38:48.292759+09:00
Escalation Preview,10.0,,success,False,2026-08-28T01:07:13.467074+09:00
Escalation Profile,50.0,0.0,success,False,2026-08-19T13:27:42.741110+09:00
Escalation Profit,,,failed,False,2026-08-23T02:55:43.726129+09:00
Escalation Proposal,,,failed,False,2026-08-28T01:07:16.006245+09:00
Escalation Pulse,,,failed,False,2026-08-17T21:39:22.624237+09:00
Escalation Queue,20.0,0.0,success,False,2026-08-19T21:11:07.162763+09:00
Escalation Quota,,,failed,False,2026-08-21T00:31:01.051294+09:00
Escalation Radar,,,failed,False,2026-08-17T20:41:47.517366+09:00
Escalation Rail,,,failed,False,2026-08-18T07:52:44.350821+09:00
Escalation Rate,390.0,0.0,success,False,2026-08-19T20:41:36.001931+09:00
Escalation Recap,,,failed,False,2026-08-21T01:03:38.520377+09:00
Escalation Recorder,,,failed,False,2026-08-27T23:35:28.835803+09:00
Escalation Register,,,failed,False,2026-08-17T23:06:45.787789+09:00
Escalation Registry,,,failed,False,2026-08-18T22:04:51.222507+09:00
Escalation Relay,,,failed,False,2026-08-17T20:40:55.263419+09:00
Escalation Reminder,,,failed,False,2026-08-19T21:10:23.160245+09:00
Escalation Report,70.0,2.0,success,False,2026-08-19T13:25:22.323430+09:00
Escalation Repository,,,failed,False,2026-08-27T23:14:46.468120+09:00
Escalation Result,,,failed,False,2026-08-28T00:48:08.257780+09:00
Escalation Roadmap,20.0,0.0,success,False,2026-08-18T22:05:40.235062+09:00
Escalation Route,30.0,0.0,success,False,2026-08-17T20:33:10.817795+09:00
Escalation Rule,140.0,0.0,success,False,2026-08-23T03:20:22.973389+09:00
Escalation Sale,,,failed,False,2026-08-21T02:26:32.701256+09:00
Escalation Sample,,,failed,False,2026-08-19T21:55:12.102159+09:00
Escalation Scale,50.0,0.0,success,False,2026-08-17T20:34:11.615000+09:00
Escalation Scanner,,,failed,False,2026-08-27T23:57:04.136942+09:00
Escalation Scheduler,,,failed,False,2026-08-17T23:33:25.716051+09:00
Escalation Scope,,,failed,False,2026-08-18T07:52:03.741881+09:00
Escalation Score,,,failed,False,2026-08-19T13:27:04.208602+09:00
Escalation Sentry,,,failed,False,2026-08-17T21:33:13.463030+09:00
Escalation Sheet,70.0,1.0,success,False,2026-08-19T13:26:18.300818+09:00
Escalation Shortfall,,,failed,False,2026-08-27T21:48:20.717175+09:00
Escalation Signal,,,failed,False,2026-08-17T20:33:43.675774+09:00
Escalation Slot,,,failed,False,2026-08-19T21:55:20.954175+09:00
Escalation Snapshot,,,failed,False,2026-08-18T22:04:32.030179+09:00
Escalation Stage,40.0,1.0,success,False,2026-08-28T00:48:05.704808+09:00
Escalation Stake,,,failed,False,2026-08-23T02:55:50.022047+09:00
Escalation Statement,,,failed,False,2026-08-21T00:30:37.167399+09:00
Escalation Station,,,failed,False,2026-08-17T20:42:08.223187+09:00
Escalation Status,70.0,0.0,success,False,2026-08-19T20:40:46.834660+09:00
Escalation Stub,,,failed,False,2026-08-21T00:30:32.235715+09:00
Escalation Studio,,,failed,False,2026-08-17T20:43:56.267353+09:00
Escalation Suite,,,failed,False,2026-08-17T23:33:00.502135+09:00
Escalation Sum,,,failed,False,2026-08-21T02:26:18.130699+09:00
Escalation Summary,,,failed,False,2026-08-19T21:09:59.006110+09:00
Escalation Sync,,,failed,False,2026-08-17T20:46:07.350212+09:00
Escalation Tab,,,failed,False,2026-08-21T00:31:12.375379+09:00
Escalation Table,40.0,0.0,success,False,2026-08-19T21:54:39.483113+09:00
Escalation Tag,,,failed,False,2026-08-19T13:27:27.071698+09:00
Escalation Tally,,,failed,False,2026-08-21T00:30:44.450501+09:00
Escalation Tariff,,,failed,False,2026-08-21T02:41:51.779430+09:00
Escalation Tax,,,failed,False,2026-08-21T02:11:07.536158+09:00
Escalation Ticket,320.0,2.0,success,False,2026-08-19T21:10:55.875332+09:00
Escalation Tier,,,failed,False,2026-08-28T00:48:08.257780+09:00
Escalation Timeline,20.0,0.0,success,False,2026-08-19T21:10:11.430001+09:00
Escalation Timer,,,failed,False,2026-08-28T00:26:06.768927+09:00
Escalation Toll,,,failed,False,2026-08-21T02:41:45.973513+09:00
Escalation Toolbox,10.0,0.0,success,False,2026-08-28T00:26:12.300765+09:00
Escalation Toolkit,,,failed,False,2026-08-18T22:03:58.790181+09:00
Escalation Total,,,failed,False,2026-08-27T23:14:41.720422+09:00
Escalation Tracker,210.0,5.0,success,False,2026-08-17T20:47:19.659128+09:00
Escalation Trail,10.0,,success,False,2026-08-18T07:52:53.130004+09:00
Escalation Trend,,,failed,False,2026-08-28T01:07:08.336538+09:00
Escalation Trial,10.0,0.0,success,False,2026-08-27T21:17:18.938086+09:00
Escalation Unit,10.0,0.0,success,False,2026-08-21T01:55:42.683026+09:00
Escalation Update,10.0,0.0,success,False,2026-08-19T20:41:40.323358+09:00
Escalation Value,,,failed,False,2026-08-23T02:55:47.607915+09:00
Escalation Vault,,,failed,False,2026-08-17T20:40:13.744558+09:00
Escalation Version,,,failed,False,2026-08-23T03:20:15.434284+09:00
Escalation View,,,failed,False,2026-08-19T20:41:00.818648+09:00
Escalation Voucher,,,failed,False,2026-08-21T00:30:17.662990+09:00
Escalation Watch,,,failed,False,2026-08-17T20:32:39.820797+09:00
Escalation Wave,,,failed,False,2026-08-17T21:38:00.601683+09:00
Escalation Widget,,,failed,False,2026-08-27T23:14:44.010079+09:00
Escalation Workbench,,,failed,False,2026-08-18T22:03:49.519359+09:00
Escalation Zone,,,failed,False,2026-08-17T20:39:46.897200+09:00
Escrow Advance,590.0,2.0,success,False,2026-08-23T16:11:27.999005+09:00
Escrow Advisory,,,failed,False,2026-08-21T01:03:48.837789+09:00
Escrow Allowance,,,failed,False,2026-08-21T02:40:49.577434+09:00
Escrow Almanac,,,failed,False,2026-08-18T22:05:53.928204+09:00
Escrow Analyzer,,,failed,False,2026-08-27T23:51:21.141566+09:00
Escrow Anchor,,,failed,False,2026-08-17T20:38:26.412397+09:00
Escrow Announcement,,,failed,False,2026-08-27T23:31:29.961537+09:00
Escrow Arrears,,,failed,False,2026-08-23T16:11:27.999005+09:00
Escrow Asset,,,failed,False,2026-08-23T13:48:15.214978+09:00
Escrow Assistant,880.0,2.0,success,False,2026-08-17T23:14:59.429645+09:00
Escrow Atlas,,,failed,False,2026-08-17T20:37:21.758511+09:00
Escrow Attribute,,,failed,False,2026-08-23T13:08:42.186526+09:00
Escrow Badge,,,failed,False,2026-08-21T00:30:25.028648+09:00
Escrow Balance,1300.0,1.0,success,False,2026-08-23T13:48:13.167118+09:00
Escrow Base,,,failed,False,2026-08-17T20:34:07.278551+09:00
Escrow Beacon,,,failed,False,2026-08-17T20:41:53.253624+09:00
Escrow Bill,90.0,2.0,success,False,2026-08-19T21:51:45.660208+09:00
Escrow Blueprint,,,failed,False,2026-08-18T22:05:45.987777+09:00
Escrow Board,10.0,0.0,success,False,2026-08-18T07:43:31.933030+09:00
Escrow Book,20.0,3.0,success,False,2026-08-19T21:52:45.174751+09:00
Escrow Bridge,,,failed,False,2026-08-17T20:39:21.363517+09:00
Escrow Brief,,,failed,False,2026-08-21T01:03:38.520377+09:00
Escrow Bulletin,,,failed,False,2026-08-21T01:03:33.238339+09:00
Escrow Calculator,590.0,5.0,success,False,2026-08-27T23:31:33.268301+09:00
Escrow Calendar,10.0,0.0,success,False,2026-08-18T23:57:39.317157+09:00
Escrow Card,10.0,7.0,success,False,2026-08-19T13:31:03.415990+09:00
Escrow Cascade,,,failed,False,2026-08-17T20:40:17.203996+09:00
Escrow Cash,90.0,4.0,success,False,2026-08-21T02:24:30.364633+09:00
Escrow Catalog,,,failed,False,2026-08-19T21:08:21.181421+09:00
Escrow Category,,,failed,False,2026-08-23T13:08:40.061584+09:00
Escrow Center,40.0,2.0,success,False,2026-08-17T20:44:01.266186+09:00
Escrow Chain,,,failed,False,2026-08-17T20:33:18.087238+09:00
Escrow Charge,1900.0,3.0,success,False,2026-08-21T02:40:38.159052+09:00
Escrow Check,390.0,0.0,success,False,2026-08-19T13:31:24.471816+09:00
Escrow Checker,,,failed,False,2026-08-27T23:51:12.915875+09:00
Escrow Checklist,20.0,0.0,success,False,2026-08-19T21:07:33.171957+09:00
Escrow Circular,,,failed,False,2026-08-21T01:03:43.052088+09:00
Escrow Cockpit,,,failed,False,2026-08-17T23:09:40.999221+09:00
Escrow Code,1900.0,35.0,success,False,2026-08-19T21:52:10.666614+09:00
Escrow Codex,,,failed,False,2026-08-18T22:06:12.435541+09:00
Escrow Companion,,,failed,False,2026-08-17T23:13:01.440927+09:00
Escrow Comparison,,,failed,False,2026-08-28T01:02:16.682385+09:00
Escrow Compass,,,failed,False,2026-08-17T20:42:40.071307+09:00
Escrow Compendium,,,failed,False,2026-08-18T22:06:03.591349+09:00
Escrow Confirmation,,,failed,False,2026-08-21T01:03:59.232813+09:00
Escrow Console,,,failed,False,2026-08-17T20:41:22.469867+09:00
Escrow Contribution,,,failed,False,2026-08-23T16:11:24.096021+09:00
Escrow Core,,,failed,False,2026-08-17T20:33:05.160713+09:00
Escrow Cost,1900.0,3.0,success,False,2026-08-21T02:08:07.470140+09:00
Escrow Count,,,failed,False,2026-08-27T22:44:05.542192+09:00
Escrow Counter,,,failed,False,2026-08-18T23:58:41.085151+09:00
Escrow Dashboard,,,failed,False,2026-08-17T23:05:59.212452+09:00
Escrow Deal,70.0,12.0,success,False,2026-08-21T01:51:12.846846+09:00
Escrow Debt,10.0,0.0,success,False,2026-08-21T02:24:19.138497+09:00
Escrow Deck,,,failed,False,2026-08-17T21:30:27.922058+09:00
Escrow Depot,10.0,14.0,success,False,2026-08-18T23:58:19.517114+09:00
Escrow Desk,,,failed,False,2026-08-17T20:46:14.149623+09:00
Escrow Detail,,,failed,False,2026-08-23T03:21:07.842946+09:00
Escrow Detector,,,failed,False,2026-08-27T23:51:18.068433+09:00
Escrow Diagram,10.0,0.0,success,False,2026-08-27T22:08:33.849782+09:00
Escrow Dial,,,failed,False,2026-08-17T20:39:51.023967+09:00
Escrow Digest,,,failed,False,2026-08-19T20:38:30.453873+09:00
Escrow Directory,,,failed,False,2026-08-18T23:57:53.791592+09:00
Escrow Discount,,,failed,False,2026-08-23T16:11:16.199786+09:00
Escrow Dock,,,failed,False,2026-08-17T20:36:08.746361+09:00
Escrow Dossier,,,failed,False,2026-08-21T01:04:02.292645+09:00
Escrow Downpayment,,,failed,False,2026-08-27T21:46:21.323370+09:00
Escrow Draft,,,failed,False,2026-08-19T20:38:50.239529+09:00
Escrow Due,10.0,0.0,success,False,2026-08-23T15:52:52.908788+09:00
Escrow Duty,,,failed,False,2026-08-21T02:40:41.069615+09:00
Escrow Endowment,,,failed,False,2026-08-23T15:52:54.963093+09:00
Escrow Engine,,,failed,False,2026-08-17T23:06:06.115551+09:00
Escrow Entry,,,failed,False,2026-08-21T00:58:25.474774+09:00
Escrow Estimate,590.0,5.0,success,False,2026-08-19T21:08:11.674763+09:00
Escrow Estimator,590.0,5.0,success,False,2026-08-27T23:51:12.915875+09:00
Escrow Excerpt,,,failed,False,2026-08-21T01:04:15.866621+09:00
Escrow Extension,10.0,0.0,success,False,2026-08-23T16:37:28.808486+09:00
Escrow Fare,,,failed,False,2026-08-21T02:08:15.230542+09:00
Escrow Fee,1900.0,3.0,success,False,2026-08-21T01:50:57.666770+09:00
Escrow Feed,,,failed,False,2026-08-19T20:38:39.383467+09:00
Escrow Field,,,failed,False,2026-08-23T13:08:44.526296+09:00
Escrow File,20.0,0.0,success,False,2026-08-19T20:37:59.201045+09:00
Escrow Finder,,,failed,False,2026-08-18T23:58:11.366687+09:00
Escrow Fine,,,failed,False,2026-08-23T02:55:53.099561+09:00
Escrow Flag,,,failed,False,2026-08-21T00:31:07.825329+09:00
Escrow Flow,10.0,1.0,success,False,2026-08-18T07:52:37.222006+09:00
Escrow Forge,,,failed,False,2026-08-17T20:41:01.819842+09:00
Escrow Form,40.0,6.0,success,False,2026-08-19T13:30:54.229704+09:00
Escrow Format,,,failed,False,2026-08-23T13:08:46.542285+09:00
Escrow Frame,,,failed,False,2026-08-17T20:34:58.202084+09:00
Escrow Fund,880.0,3.0,success,False,2026-08-21T02:24:27.084847+09:00
Escrow Gate,,,failed,False,2026-08-18T07:52:17.361320+09:00
Escrow Generator,,,failed,False,2026-08-27T23:31:41.970749+09:00
Escrow Grade,,,failed,False,2026-08-21T00:30:51.297861+09:00
Escrow Graph,,,failed,False,2026-08-27T22:08:21.698192+09:00
Escrow Grid,,,failed,False,2026-08-17T20:33:48.971139+09:00
Escrow Guarantee,10.0,4.0,success,False,2026-08-28T01:02:23.926913+09:00
Escrow Guard,,,failed,False,2026-08-17T20:33:40.236931+09:00
Escrow Guardian,,,failed,False,2026-08-28T00:21:30.022858+09:00
Escrow Guidebook,,,failed,False,2026-08-18T22:05:27.658262+09:00
Escrow Helpdesk,,,failed,False,2026-08-27T22:44:08.062899+09:00
Escrow Helper,,,failed,False,2026-08-28T00:21:35.352628+09:00
Escrow History,20.0,0.0,success,False,2026-08-19T20:37:52.054454+09:00
Escrow Hotline,,,failed,False,2026-08-19T21:08:33.836263+09:00
Escrow Hub,50.0,15.0,success,False,2026-08-17T20:48:45.753465+09:00
Escrow Identifier,,,failed,False,2026-08-23T13:08:36.933873+09:00
Escrow Index,,,failed,False,2026-08-19T21:07:42.156894+09:00
Escrow Insight,,,failed,False,2026-08-17T23:14:48.085579+09:00
Escrow Installment,,,failed,False,2026-08-23T16:11:21.537507+09:00
Escrow Interest,210.0,0.0,success,False,2026-08-23T13:48:13.167118+09:00
Escrow Item,,,failed,False,2026-08-21T01:51:00.424955+09:00
Escrow Journal,,,failed,False,2026-08-18T22:05:10.153828+09:00
Escrow Keeper,,,failed,False,2026-08-17T20:35:25.429619+09:00
Escrow Kit,,,failed,False,2026-08-27T22:47:06.029080+09:00
Escrow Lab,20.0,15.0,success,False,2026-08-17T20:46:53.844827+09:00
Escrow Ledger,20.0,1.0,success,False,2026-08-17T20:31:58.373055+09:00
Escrow Lens,,,failed,False,2026-08-17T20:35:55.625501+09:00
Escrow Level,,,failed,False,2026-08-19T20:38:05.655570+09:00
Escrow Levy,,,failed,False,2026-08-23T13:48:17.793072+09:00
Escrow Link,90.0,1.0,success,False,2026-08-23T03:21:00.660532+09:00
Escrow List,20.0,2.0,success,False,2026-08-19T21:52:20.652566+09:00
Escrow Loan,260.0,34.0,success,False,2026-08-21T02:08:23.223151+09:00
Escrow Locator,,,failed,False,2026-08-18T23:58:01.279851+09:00
Escrow Lock,30.0,7.0,success,False,2026-08-17T20:37:55.339961+09:00
Escrow Log,,,failed,False,2026-08-19T13:30:48.441659+09:00
Escrow Loop,,,failed,False,2026-08-17T20:34:42.726088+09:00
Escrow Manager,50.0,0.0,success,False,2026-08-17T20:34:33.124318+09:00
Escrow Manual,,,failed,False,2026-08-27T22:08:26.678137+09:00
Escrow Map,,,failed,False,2026-08-17T20:36:55.192509+09:00
Escrow Margin,,,failed,False,2026-08-23T02:55:50.022047+09:00
Escrow Memo,,,failed,False,2026-08-21T00:30:55.600635+09:00
Escrow Message,,,failed,False,2026-08-27T23:09:56.910517+09:00
Escrow Meter,,,failed,False,2026-08-17T20:38:58.199942+09:00
Escrow Metrics,,,failed,False,2026-08-17T23:11:23.614440+09:00
Escrow Monitor,,,failed,False,2026-08-17T23:04:09.987003+09:00
Escrow Navigator,,,failed,False,2026-08-17T23:04:01.438390+09:00
Escrow Nexus,,,failed,False,2026-08-17T20:38:16.946588+09:00
Escrow Node,,,failed,False,2026-08-18T07:52:06.675931+09:00
Escrow Note,,,failed,False,2026-08-19T13:31:50.431005+09:00
Escrow Notification,,,failed,False,2026-08-27T22:47:06.029080+09:00
Escrow Number,320.0,1.0,success,False,2026-08-23T03:20:50.654201+09:00
Escrow Office,2400.0,1.0,success,False,2026-08-18T23:58:32.218218+09:00
Escrow Ops,,,failed,False,2026-08-17T23:07:47.336176+09:00
Escrow Order,20.0,0.0,success,False,2026-08-19T21:51:30.988224+09:00
Escrow Organizer,10.0,,success,False,2026-08-17T23:07:56.377169+09:00
Escrow Overage,170.0,1.0,success,False,2026-08-27T21:46:21.323370+09:00
Escrow Overdraft,10.0,0.0,success,False,2026-08-23T15:52:52.908788+09:00
Escrow Overdue,,,failed,False,2026-08-27T21:46:18.010185+09:00
Escrow Panel,,,failed,False,2026-08-17T20:40:41.186342+09:00
Escrow Pass,,,failed,False,2026-08-21T00:30:11.509086+09:00
Escrow Path,,,failed,False,2026-08-18T07:43:28.535953+09:00
Escrow Payoff,10.0,0.0,success,False,2026-08-27T21:46:18.010185+09:00
Escrow Penalty,,,failed,False,2026-08-23T16:37:26.596455+09:00
Escrow Petition,10.0,0.0,success,False,2026-08-21T01:03:53.377990+09:00
Escrow Pilot,,,failed,False,2026-08-17T20:47:28.313560+09:00
Escrow Plan,,,failed,False,2026-08-21T01:51:15.763734+09:00
Escrow Planner,,,failed,False,2026-08-17T23:13:11.418966+09:00
Escrow Playbook,,,failed,False,2026-08-18T22:05:00.347281+09:00
Escrow Point,10.0,0.0,success,False,2026-08-17T20:38:41.975413+09:00
Escrow Portal,,,failed,False,2026-08-17T20:42:12.704128+09:00
Escrow Preview,,,failed,False,2026-08-28T01:02:19.302633+09:00
Escrow Profile,170.0,0.0,success,False,2026-08-19T13:32:07.571238+09:00
Escrow Profit,,,failed,False,2026-08-23T02:55:38.114180+09:00
Escrow Proposal,,,failed,False,2026-08-28T01:02:19.302633+09:00
Escrow Pulse,,,failed,False,2026-08-17T20:32:46.505342+09:00
Escrow Queue,10.0,0.0,success,False,2026-08-19T21:08:00.939328+09:00
Escrow Quota,,,failed,False,2026-08-21T00:31:03.590955+09:00
Escrow Radar,,,failed,False,2026-08-17T20:45:24.269018+09:00
Escrow Rail,,,failed,False,2026-08-17T20:35:09.040915+09:00
Escrow Rate,20.0,5.0,success,False,2026-08-19T20:38:12.818207+09:00
Escrow Recap,,,failed,False,2026-08-21T01:04:08.971472+09:00
Escrow Receipt,70.0,0.0,success,False,2026-08-19T21:51:58.682281+09:00
Escrow Recorder,,,failed,False,2026-08-27T23:31:41.970749+09:00
Escrow Register,10.0,50.0,success,False,2026-08-17T23:11:16.019102+09:00
Escrow Registry,,,failed,False,2026-08-18T22:05:38.221943+09:00
Escrow Relay,,,failed,False,2026-08-17T20:44:22.162347+09:00
Escrow Reminder,,,failed,False,2026-08-19T21:07:21.562422+09:00
Escrow Report,20.0,0.0,success,False,2026-08-19T13:30:39.417389+09:00
Escrow Repository,,,failed,False,2026-08-27T23:10:02.620929+09:00
Escrow Roadmap,,,failed,False,2026-08-18T22:06:20.125556+09:00
Escrow Roster,,,failed,False,2026-08-19T00:37:30.886042+09:00
Escrow Route,,,failed,False,2026-08-17T20:37:05.313557+09:00
Escrow Rule,50.0,3.0,success,False,2026-08-23T03:21:04.390216+09:00
Escrow Sale,40.0,6.0,success,False,2026-08-21T02:24:33.883948+09:00
Escrow Sample,,,failed,False,2026-08-19T21:53:13.442826+09:00
Escrow Scale,,,failed,False,2026-08-17T20:38:04.703276+09:00
Escrow Scheduler,,,failed,False,2026-08-17T23:09:50.041087+09:00
Escrow Scope,,,failed,False,2026-08-17T20:35:40.356029+09:00
Escrow Score,,,failed,False,2026-08-19T13:31:41.202916+09:00
Escrow Sentry,,,failed,False,2026-08-17T20:36:21.712002+09:00
Escrow Sheet,,,failed,False,2026-08-19T13:31:09.832283+09:00
Escrow Shortfall,40.0,0.0,success,False,2026-08-27T21:46:26.203739+09:00
Escrow Signal,,,failed,False,2026-08-17T20:37:34.472176+09:00
Escrow Signature,,,failed,False,2026-08-23T13:28:07.800496+09:00
Escrow Slip,,,failed,False,2026-08-19T21:53:00.908408+09:00
Escrow Slot,,,failed,False,2026-08-19T21:53:27.023606+09:00
Escrow Snapshot,,,failed,False,2026-08-18T22:05:19.741515+09:00
Escrow Stage,,,failed,False,2026-08-28T00:45:52.715901+09:00
Escrow Stake,10.0,0.0,success,False,2026-08-23T02:55:47.607915+09:00
Escrow Stamp,,,failed,False,2026-08-23T13:28:07.800496+09:00
Escrow Statement,260.0,1.0,success,False,2026-08-21T00:30:37.167399+09:00
Escrow Station,,,failed,False,2026-08-17T20:45:50.172264+09:00
Escrow Status,20.0,0.0,success,False,2026-08-19T20:37:37.988161+09:00
Escrow Stipend,,,failed,False,2026-08-23T13:48:17.793072+09:00
Escrow Stub,,,failed,False,2026-08-21T00:30:32.235715+09:00
Escrow Studio,10.0,1.0,success,False,2026-08-17T20:48:09.439521+09:00
Escrow Subsidy,,,failed,False,2026-08-23T15:52:52.908788+09:00
Escrow Suite,,,failed,False,2026-08-17T23:08:06.421601+09:00
Escrow Sum,,,failed,False,2026-08-21T02:24:14.838617+09:00
Escrow Summary,,,failed,False,2026-08-19T21:07:00.753456+09:00
Escrow Surtax,,,failed,False,2026-08-23T15:52:54.963093+09:00
Escrow Sync,,,failed,False,2026-08-18T07:52:37.222006+09:00
Escrow Tab,50.0,5.0,success,False,2026-08-21T00:31:14.600161+09:00
Escrow Table,10.0,0.0,success,False,2026-08-19T21:52:35.745180+09:00
Escrow Tag,,,failed,False,2026-08-19T13:31:59.823844+09:00
Escrow Tally,,,failed,False,2026-08-21T00:30:44.450501+09:00
Escrow Tariff,,,failed,False,2026-08-21T02:40:59.157491+09:00
Escrow Tax,590.0,1.0,success,False,2026-08-21T02:08:19.202315+09:00
Escrow Ticket,10.0,18.0,success,False,2026-08-19T21:07:53.338438+09:00
Escrow Timeline,70.0,1.0,success,False,2026-08-19T21:07:11.433627+09:00
Escrow Timer,,,failed,False,2026-08-28T00:21:24.701670+09:00
Escrow Toll,,,failed,False,2026-08-21T02:40:47.085181+09:00
Escrow Toolbox,,,failed,False,2026-08-28T00:21:32.683664+09:00
Escrow Toolkit,,,failed,False,2026-08-18T22:04:49.273954+09:00
Escrow Total,,,failed,False,2026-08-27T23:09:56.910517+09:00
Escrow Tracker,20.0,7.0,success,False,2026-08-17T20:32:30.733040+09:00
Escrow Trail,,,failed,False,2026-08-17T20:34:17.127214+09:00
Escrow Trend,,,failed,False,2026-08-28T01:02:13.095205+09:00
Escrow Trial,,,failed,False,2026-08-27T21:14:16.452058+09:00
Escrow Unit,10.0,11.0,success,False,2026-08-21T01:51:06.981175+09:00
Escrow Update,10.0,0.0,success,False,2026-08-19T20:38:22.141016+09:00
Escrow Value,10.0,0.0,success,False,2026-08-23T02:55:41.389421+09:00
Escrow Vault,30.0,19.0,success,False,2026-08-17T20:43:32.566232+09:00
Escrow Version,,,failed,False,2026-08-23T03:20:52.959248+09:00
Escrow View,,,failed,False,2026-08-19T20:37:45.715949+09:00
Escrow Voucher,,,failed,False,2026-08-21T00:30:19.986675+09:00
Escrow Wallet,390.0,11.0,success,False,2026-08-27T22:44:05.542192+09:00
Escrow Watch,,,failed,False,2026-08-17T20:36:38.149505+09:00
Escrow Wave,,,failed,False,2026-08-17T20:31:35.680631+09:00
Escrow Widget,,,failed,False,2026-08-27T23:09:59.459850+09:00
Escrow Workbench,,,failed,False,2026-08-18T22:04:38.583463+09:00
Escrow Worksheet,10.0,0.0,success,False,2026-08-27T22:08:28.855798+09:00
Escrow Workshop,,,failed,False,2026-08-28T00:21:27.462723+09:00
Escrow Zone,,,failed,False,2026-08-17T20:43:05.974432+09:00
Estimate Advance,,,failed,False,2026-08-23T16:12:46.857371+09:00
Estimate Advisory,,,failed,False,2026-08-21T00:59:17.321844+09:00
Estimate Allowance,,,failed,False,2026-08-21T02:38:00.530165+09:00
Estimate Almanac,,,failed,False,2026-08-18T22:09:23.803071+09:00
Estimate Analyzer,,,failed,False,2026-08-27T23:52:37.462117+09:00
Estimate Anchor,,,failed,False,2026-08-17T23:03:58.711434+09:00
Estimate Announcement,,,failed,False,2026-08-27T23:32:47.063702+09:00
Estimate Arrears,,,failed,False,2026-08-23T16:12:43.953628+09:00
Estimate Assistant,,,failed,False,2026-08-17T23:04:33.261831+09:00
Estimate Atlas,,,failed,False,2026-08-17T23:08:30.361207+09:00
Estimate Attribute,,,failed,False,2026-08-23T13:05:53.628688+09:00
Estimate Balance,110.0,0.0,success,False,2026-08-23T13:46:16.255562+09:00
Estimate Base,,,failed,False,2026-08-17T23:03:37.118721+09:00
Estimate Beacon,10.0,11.0,success,False,2026-08-17T23:14:46.249386+09:00
Estimate Bill,1900.0,8.0,success,False,2026-08-19T22:00:50.592987+09:00
Estimate Blueprint,,,failed,False,2026-08-18T22:09:17.362565+09:00
Estimate Board,10.0,0.0,success,False,2026-08-17T23:32:25.255075+09:00
Estimate Book,1000.0,88.0,success,False,2026-08-19T22:01:39.954435+09:00
Estimate Bridge,,,failed,False,2026-08-17T23:29:51.250400+09:00
Estimate Brief,,,failed,False,2026-08-21T00:59:08.363801+09:00
Estimate Bulletin,,,failed,False,2026-08-21T00:59:03.951352+09:00
Estimate Cabinet,,,failed,False,2026-08-27T23:10:37.523000+09:00
Estimate Calculator,880.0,10.0,success,False,2026-08-27T23:32:47.063702+09:00
Estimate Calendar,,,failed,False,2026-08-18T23:52:29.838132+09:00
Estimate Card,20.0,0.0,success,False,2026-08-19T13:32:58.947587+09:00
Estimate Cascade,,,failed,False,2026-08-17T23:09:36.803243+09:00
Estimate Cash,,,failed,False,2026-08-21T02:21:55.234205+09:00
Estimate Cashback,,,failed,False,2026-08-27T21:15:16.328313+09:00
Estimate Category,,,failed,False,2026-08-23T13:05:51.104957+09:00
Estimate Center,,,failed,False,2026-08-17T23:33:03.029797+09:00
Estimate Chain,,,failed,False,2026-08-17T23:24:23.365405+09:00
Estimate Charge,210.0,1.0,success,False,2026-08-21T02:37:48.956315+09:00
Estimate Check,70.0,3.0,success,False,2026-08-19T13:33:22.206561+09:00
Estimate Checker,,,failed,False,2026-08-27T23:52:30.197940+09:00
Estimate Checklist,30.0,10.0,success,False,2026-08-19T21:15:17.337039+09:00
Estimate Circular,,,failed,False,2026-08-21T01:00:11.022856+09:00
Estimate Cockpit,,,failed,False,2026-08-17T23:27:09.313673+09:00
Estimate Code,20.0,0.0,success,False,2026-08-19T22:01:08.341225+09:00
Estimate Codex,,,failed,False,2026-08-18T22:09:39.839296+09:00
Estimate Companion,,,failed,False,2026-08-17T23:15:05.132671+09:00
Estimate Comparison,,,failed,False,2026-08-28T01:03:43.206787+09:00
Estimate Compass,,,failed,False,2026-08-17T23:29:16.727834+09:00
Estimate Compendium,,,failed,False,2026-08-18T22:09:32.067298+09:00
Estimate Confirmation,10.0,0.0,success,False,2026-08-21T00:58:22.319025+09:00
Estimate Console,,,failed,False,2026-08-17T23:08:52.279570+09:00
Estimate Contribution,,,failed,False,2026-08-23T16:12:41.676987+09:00
Estimate Core,,,failed,False,2026-08-17T23:32:05.926406+09:00
Estimate Cost,22200.0,1.0,success,False,2026-08-21T02:06:40.735071+09:00
Estimate Count,720.0,54.0,success,False,2026-08-27T22:44:52.843533+09:00
Estimate Counter,,,failed,False,2026-08-18T23:58:01.279851+09:00
Estimate Coupon,,,failed,False,2026-08-27T21:15:13.256077+09:00
Estimate Dashboard,,,failed,False,2026-08-17T23:08:11.112323+09:00
Estimate Deal,,,failed,False,2026-08-21T01:50:51.985309+09:00
Estimate Debt,,,failed,False,2026-08-21T02:21:48.463008+09:00
Estimate Deck,40.0,72.0,success,False,2026-08-17T23:05:17.262710+09:00
Estimate Depot,,,failed,False,2026-08-18T23:57:39.317157+09:00
Estimate Desk,,,failed,False,2026-08-17T23:28:43.740452+09:00
Estimate Detail,720.0,1.0,success,False,2026-08-23T03:16:36.835162+09:00
Estimate Detector,,,failed,False,2026-08-27T23:52:35.044281+09:00
Estimate Dial,,,failed,False,2026-08-17T23:03:34.150622+09:00
Estimate Digest,,,failed,False,2026-08-19T20:41:57.553937+09:00
Estimate Directory,,,failed,False,2026-08-18T23:57:07.963291+09:00
Estimate Discount,,,failed,False,2026-08-23T16:12:35.033809+09:00
Estimate Dock,,,failed,False,2026-08-17T23:04:52.831664+09:00
Estimate Dossier,,,failed,False,2026-08-21T00:58:27.692575+09:00
Estimate Draft,,,failed,False,2026-08-19T20:42:12.538195+09:00
Estimate Due,,,failed,False,2026-08-23T15:51:15.880461+09:00
Estimate Duty,140.0,2.0,success,False,2026-08-21T02:37:53.787359+09:00
Estimate Engine,,,failed,False,2026-08-17T23:26:10.639676+09:00
Estimate Entry,,,failed,False,2026-08-21T00:58:40.847726+09:00
Estimate Excerpt,,,failed,False,2026-08-21T00:58:36.711570+09:00
Estimate Extension,,,failed,False,2026-08-23T16:38:09.315163+09:00
Estimate Fare,390.0,5.0,success,False,2026-08-21T02:06:52.442398+09:00
Estimate Fee,880.0,0.0,success,False,2026-08-21T01:50:16.047866+09:00
Estimate Feed,,,failed,False,2026-08-19T20:42:06.894940+09:00
Estimate Field,,,failed,False,2026-08-23T13:05:58.112221+09:00
Estimate File,2900.0,3.0,success,False,2026-08-19T20:41:30.953351+09:00
Estimate Finder,,,failed,False,2026-08-18T23:57:31.846586+09:00
Estimate Fine,,,failed,False,2026-08-23T02:53:22.590239+09:00
Estimate Flag,,,failed,False,2026-08-21T00:36:42.590036+09:00
Estimate Flow,20.0,0.0,success,False,2026-08-17T23:11:32.053287+09:00
Estimate Forge,,,failed,False,2026-08-17T23:29:37.041815+09:00
Estimate Form,880.0,76.0,success,False,2026-08-19T13:32:52.541757+09:00
Estimate Format,1000.0,9.0,success,False,2026-08-23T13:06:00.621707+09:00
Estimate Frame,,,failed,False,2026-08-17T23:31:48.177682+09:00
Estimate Fund,,,failed,False,2026-08-21T02:21:52.863298+09:00
Estimate Gate,,,failed,False,2026-08-17T23:13:46.002975+09:00
Estimate Generator,390.0,61.0,success,False,2026-08-27T23:32:54.562632+09:00
Estimate Giveaway,,,failed,False,2026-08-27T21:15:18.698295+09:00
Estimate Grade,,,failed,False,2026-08-21T00:36:30.694005+09:00
Estimate Graph,20.0,0.0,success,False,2026-08-27T22:09:25.119437+09:00
Estimate Grid,,,failed,False,2026-08-17T23:30:36.598618+09:00
Estimate Guarantee,,,failed,False,2026-08-28T01:03:48.385418+09:00
Estimate Guard,,,failed,False,2026-08-17T23:27:50.871251+09:00
Estimate Guardian,,,failed,False,2026-08-28T00:22:52.095414+09:00
Estimate Guidebook,,,failed,False,2026-08-18T22:09:01.069434+09:00
Estimate Helpdesk,,,failed,False,2026-08-27T22:44:57.466905+09:00
Estimate Helper,10.0,42.0,success,False,2026-08-28T00:22:54.713063+09:00
Estimate History,,,failed,False,2026-08-19T20:41:22.304179+09:00
Estimate Hotline,,,failed,False,2026-08-19T21:16:21.953049+09:00
Estimate Hub,70.0,23.0,success,False,2026-08-17T23:28:19.331420+09:00
Estimate Identifier,,,failed,False,2026-08-23T13:05:48.567186+09:00
Estimate Inbox,,,failed,False,2026-08-19T12:25:43.100247+09:00
Estimate Incentive,,,failed,False,2026-08-27T21:15:16.328313+09:00
Estimate Index,20.0,29.0,success,False,2026-08-19T21:15:27.386619+09:00
Estimate Insight,,,failed,False,2026-08-17T23:26:52.800903+09:00
Estimate Installment,,,failed,False,2026-08-23T16:12:37.758659+09:00
Estimate Item,,,failed,False,2026-08-21T01:50:28.240015+09:00
Estimate Journal,,,failed,False,2026-08-18T22:08:43.049836+09:00
Estimate Keeper,,,failed,False,2026-08-17T23:15:22.052615+09:00
Estimate Lab,10.0,2.0,success,False,2026-08-17T23:12:27.386442+09:00
Estimate Ledger,,,failed,False,2026-08-17T23:10:52.063537+09:00
Estimate Lens,,,failed,False,2026-08-17T23:09:18.796206+09:00
Estimate Level,,,failed,False,2026-08-19T20:41:37.796650+09:00
Estimate Link,,,failed,False,2026-08-23T03:16:29.353172+09:00
Estimate List,50.0,3.0,success,False,2026-08-19T22:01:17.483163+09:00
Estimate Loan,1000.0,53.0,success,False,2026-08-21T02:07:02.181648+09:00
Estimate Locator,,,failed,False,2026-08-18T23:57:22.753165+09:00
Estimate Lock,,,failed,False,2026-08-17T23:14:27.748058+09:00
Estimate Log,140.0,0.0,success,False,2026-08-19T13:32:45.255500+09:00
Estimate Loop,,,failed,False,2026-08-17T23:05:44.417197+09:00
Estimate Manager,140.0,1.0,success,False,2026-08-17T23:25:55.806145+09:00
Estimate Map,110.0,1.0,success,False,2026-08-17T23:31:30.005121+09:00
Estimate Markup,,,failed,False,2026-08-23T16:38:05.799118+09:00
Estimate Memo,50.0,0.0,success,False,2026-08-21T00:36:35.821010+09:00
Estimate Message,50.0,0.0,success,False,2026-08-27T23:10:31.050648+09:00
Estimate Meter,,,failed,False,2026-08-17T23:23:26.681151+09:00
Estimate Metrics,,,failed,False,2026-08-17T23:13:28.338167+09:00
Estimate Monitor,,,failed,False,2026-08-17T23:06:26.824049+09:00
Estimate Navigator,,,failed,False,2026-08-17T23:27:23.938977+09:00
Estimate Nexus,,,failed,False,2026-08-17T23:25:00.626086+09:00
Estimate Node,,,failed,False,2026-08-17T23:24:44.637673+09:00
Estimate Note,320.0,5.0,success,False,2026-08-19T13:20:57.045829+09:00
Estimate Notification,,,failed,False,2026-08-27T22:44:43.447057+09:00
Estimate Number,2400.0,0.0,success,True,2026-08-23T03:16:19.788711+09:00
Estimate Office,10.0,11.0,success,False,2026-08-18T23:57:53.791592+09:00
Estimate Ops,,,failed,False,2026-08-17T23:09:57.644305+09:00
Estimate Organizer,,,failed,False,2026-08-17T23:26:38.652949+09:00
Estimate Overage,,,failed,False,2026-08-27T21:46:39.546965+09:00
Estimate Overdue,,,failed,False,2026-08-27T21:46:39.546965+09:00
Estimate Panel,,,failed,False,2026-08-17T23:33:28.426699+09:00
Estimate Pass,,,failed,False,2026-08-21T00:36:05.920603+09:00
Estimate Path,,,failed,False,2026-08-17T23:07:35.240679+09:00
Estimate Penalty,10.0,0.0,success,False,2026-08-23T16:38:03.608262+09:00
Estimate Petition,,,failed,False,2026-08-21T00:59:30.115655+09:00
Estimate Pilot,,,failed,False,2026-08-17T23:06:06.115551+09:00
Estimate Plan,320.0,6.0,success,False,2026-08-21T01:50:37.837516+09:00
Estimate Planner,,,failed,False,2026-08-17T23:26:24.551704+09:00
Estimate Playbook,,,failed,False,2026-08-18T22:08:34.595424+09:00
Estimate Point,6600.0,0.0,success,True,2026-08-17T23:31:17.212800+09:00
Estimate Portal,70.0,6.0,success,False,2026-08-17T23:33:13.848442+09:00
Estimate Preview,,,failed,False,2026-08-28T01:03:45.781044+09:00
Estimate Profile,20.0,12.0,success,False,2026-08-19T13:21:49.505722+09:00
Estimate Profit,480.0,0.0,success,False,2026-08-23T02:53:11.692862+09:00
Estimate Proposal,170.0,27.0,success,False,2026-08-28T01:03:45.781044+09:00
Estimate Pulse,,,failed,False,2026-08-17T23:12:51.339052+09:00
Estimate Quota,,,failed,False,2026-08-21T00:36:40.261906+09:00
Estimate Radar,,,failed,False,2026-08-17T23:13:09.056664+09:00
Estimate Rail,,,failed,False,2026-08-17T23:24:03.266981+09:00
Estimate Rate,210.0,1.0,success,False,2026-08-19T20:41:43.197527+09:00
Estimate Recap,,,failed,False,2026-08-21T00:59:26.114490+09:00
Estimate Receipt,90.0,39.0,success,False,2026-08-19T22:00:58.577087+09:00
Estimate Recorder,,,failed,False,2026-08-27T23:32:54.562632+09:00
Estimate Register,,,failed,False,2026-08-17T23:27:38.183762+09:00
Estimate Registry,,,failed,False,2026-08-18T22:09:09.487365+09:00
Estimate Relay,,,failed,False,2026-08-17T23:29:01.871676+09:00
Estimate Reminder,,,failed,False,2026-08-19T21:15:04.533430+09:00
Estimate Report,110.0,4.0,success,False,2026-08-19T13:32:37.235735+09:00
Estimate Repository,,,failed,False,2026-08-27T23:10:40.131699+09:00
Estimate Roadmap,,,failed,False,2026-08-18T22:09:49.300650+09:00
Estimate Roster,,,failed,False,2026-08-19T00:37:04.451901+09:00
Estimate Route,,,failed,False,2026-08-17T23:23:43.975283+09:00
Estimate Rule,390.0,0.0,success,False,2026-08-23T03:16:31.986562+09:00
Estimate Sale,50.0,4.0,success,False,2026-08-21T02:22:03.460496+09:00
Estimate Sample,320.0,67.0,success,False,2026-08-19T22:01:59.739197+09:00
Estimate Scale,,,failed,False,2026-08-17T23:10:33.409769+09:00
Estimate Scanner,,,failed,False,2026-08-27T23:52:32.506891+09:00
Estimate Scheduler,,,failed,False,2026-08-17T23:11:50.330995+09:00
Estimate Scope,,,failed,False,2026-08-17T23:30:21.472957+09:00
Estimate Score,110.0,1.0,success,False,2026-08-19T13:33:40.733972+09:00
Estimate Sentry,,,failed,False,2026-08-17T23:25:39.196440+09:00
Estimate Sheet,720.0,99.0,success,False,2026-08-19T13:33:08.765794+09:00
Estimate Signal,,,failed,False,2026-08-17T23:30:08.040310+09:00
Estimate Signature,,,failed,False,2026-08-23T13:27:05.347974+09:00
Estimate Slip,70.0,43.0,success,False,2026-08-19T22:01:51.400634+09:00
Estimate Slot,,,failed,False,2026-08-19T22:02:12.630536+09:00
Estimate Snapshot,,,failed,False,2026-08-18T22:08:52.301038+09:00
Estimate Stage,,,failed,False,2026-08-28T00:46:36.452526+09:00
Estimate Stake,,,failed,False,2026-08-23T02:53:17.402090+09:00
Estimate Stamp,40.0,46.0,success,False,2026-08-23T13:27:09.032773+09:00
Estimate Statement,40.0,0.0,success,False,2026-08-21T00:36:23.638187+09:00
Estimate Station,,,failed,False,2026-08-17T23:32:52.026751+09:00
Estimate Status,10.0,1.0,success,False,2026-08-19T20:41:03.972806+09:00
Estimate Stub,,,failed,False,2026-08-21T00:36:18.143483+09:00
Estimate Studio,,,failed,False,2026-08-17T23:32:37.778770+09:00
Estimate Suite,,,failed,False,2026-08-17T23:10:15.371250+09:00
Estimate Sum,1000.0,0.0,success,True,2026-08-21T02:21:41.084768+09:00
Estimate Summary,40.0,2.0,success,False,2026-08-19T21:14:39.007898+09:00
Estimate Sync,,,failed,False,2026-08-17T23:28:06.508675+09:00
Estimate Tab,90.0,0.0,success,False,2026-08-21T00:24:43.469777+09:00
Estimate Table,210.0,8.0,success,False,2026-08-19T22:01:27.807092+09:00
Estimate Tag,,,failed,False,2026-08-19T13:21:11.802983+09:00
Estimate Tally,,,failed,False,2026-08-21T00:36:26.230021+09:00
Estimate Tariff,50.0,9.0,success,False,2026-08-21T02:38:04.709344+09:00
Estimate Tax,27100.0,8.0,success,False,2026-08-21T02:06:57.377866+09:00
Estimate Tier,,,failed,False,2026-08-28T00:46:39.262631+09:00
Estimate Timeline,590.0,0.0,success,False,2026-08-19T21:14:49.838669+09:00
Estimate Timer,,,failed,False,2026-08-28T00:22:42.376773+09:00
Estimate Toll,140.0,0.0,success,False,2026-08-21T02:37:55.962761+09:00
Estimate Toolbox,,,failed,False,2026-08-28T00:22:54.713063+09:00
Estimate Toolkit,,,failed,False,2026-08-18T22:08:25.868252+09:00
Estimate Total,720.0,1.0,success,False,2026-08-27T23:10:34.837044+09:00
Estimate Tracker,50.0,23.0,success,False,2026-08-17T23:04:17.256447+09:00
Estimate Trail,,,failed,False,2026-08-17T23:12:08.094400+09:00
Estimate Trend,10.0,0.0,success,False,2026-08-28T01:03:40.758183+09:00
Estimate Trial,,,failed,False,2026-08-27T21:15:16.328313+09:00
Estimate Unit,,,failed,False,2026-08-21T01:50:49.145007+09:00
Estimate Update,,,failed,False,2026-08-19T20:41:51.151726+09:00
Estimate Value,12100.0,0.0,success,True,2026-08-23T02:53:14.872547+09:00
Estimate Vault,,,failed,False,2026-08-17T23:07:52.950180+09:00
Estimate Version,,,failed,False,2026-08-23T03:16:23.757716+09:00
Estimate View,,,failed,False,2026-08-19T20:41:13.496418+09:00
Estimate Voucher,50.0,0.0,success,False,2026-08-21T00:36:11.342304+09:00
Estimate Watch,,,failed,False,2026-08-17T23:11:13.383500+09:00
Estimate Wave,,,failed,False,2026-08-17T23:30:52.147668+09:00
Estimate Widget,,,failed,False,2026-08-27T23:10:37.523000+09:00
Estimate Workbench,,,failed,False,2026-08-18T22:08:19.564377+09:00
Estimate Worksheet,720.0,7.0,success,False,2026-08-27T22:09:28.492809+09:00
Estimate Zone,,,failed,False,2026-08-17T23:14:07.437972+09:00
Evaporator Advance,,,failed,False,2026-08-23T16:15:33.574414+09:00
Evaporator Advisory,,,failed,False,2026-08-21T01:03:36.375895+09:00
Evaporator Alert,,,failed,False,2026-08-19T21:10:38.305423+09:00
Evaporator Allowance,,,failed,False,2026-08-21T02:45:23.002534+09:00
Evaporator Analyzer,,,failed,False,2026-08-27T23:52:08.286767+09:00
Evaporator Arrears,,,failed,False,2026-08-23T16:15:31.472081+09:00
Evaporator Asset,,,failed,False,2026-08-23T13:47:09.314181+09:00
Evaporator Assistant,,,failed,False,2026-08-19T21:05:12.493876+09:00
Evaporator Atlas,,,failed,False,2026-08-19T21:04:19.743151+09:00
Evaporator Badge,,,failed,False,2026-08-21T00:27:57.987466+09:00
Evaporator Balance,,,failed,False,2026-08-23T13:47:07.330354+09:00
Evaporator Base,,,failed,False,2026-08-19T21:30:07.251599+09:00
Evaporator Bay,,,failed,False,2026-08-19T21:08:48.624997+09:00
Evaporator Beacon,,,failed,False,2026-08-19T21:19:21.338240+09:00
Evaporator Bill,,,failed,False,2026-08-19T22:03:30.282761+09:00
Evaporator Board,,,failed,False,2026-08-19T21:30:28.519556+09:00
Evaporator Book,,,failed,False,2026-08-19T22:04:20.465966+09:00
Evaporator Booth,,,failed,False,2026-08-19T21:08:15.358718+09:00
Evaporator Bridge,,,failed,False,2026-08-19T21:19:54.949155+09:00
Evaporator Brief,,,failed,False,2026-08-21T01:03:25.375031+09:00
Evaporator Bulletin,,,failed,False,2026-08-21T01:03:23.160959+09:00
Evaporator Calculator,20.0,9.0,success,False,2026-08-27T23:32:01.853038+09:00
Evaporator Calendar,,,failed,False,2026-08-19T21:07:04.594270+09:00
Evaporator Card,,,failed,False,2026-08-19T21:12:48.974552+09:00
Evaporator Cascade,,,failed,False,2026-08-19T21:19:44.972350+09:00
Evaporator Cash,,,failed,False,2026-08-21T02:29:19.301672+09:00
Evaporator Cashback,,,failed,False,2026-08-27T21:18:35.629474+09:00
Evaporator Catalog,20.0,36.0,success,False,2026-08-19T21:17:35.138769+09:00
Evaporator Center,,,failed,False,2026-08-19T21:31:14.747264+09:00
Evaporator Charge,,,failed,False,2026-08-21T02:45:13.542612+09:00
Evaporator Chart,,,failed,False,2026-08-19T21:10:50.221080+09:00
Evaporator Check,,,failed,False,2026-08-19T21:13:15.643031+09:00
Evaporator Checker,,,failed,False,2026-08-27T23:51:57.345982+09:00
Evaporator Checklist,,,failed,False,2026-08-19T21:16:33.965835+09:00
Evaporator Circular,,,failed,False,2026-08-21T01:03:30.050919+09:00
Evaporator Code,2400.0,1.0,success,False,2026-08-19T22:03:49.697196+09:00
Evaporator Companion,,,failed,False,2026-08-19T21:06:02.010882+09:00
Evaporator Comparison,,,failed,False,2026-08-28T01:03:45.781044+09:00
Evaporator Compass,,,failed,False,2026-08-19T21:19:09.949699+09:00
Evaporator Confirmation,,,failed,False,2026-08-21T01:03:45.407835+09:00
Evaporator Console,,,failed,False,2026-08-19T21:31:40.381854+09:00
Evaporator Converter,,,failed,False,2026-08-27T23:32:01.853038+09:00
Evaporator Core,2900.0,19.0,success,False,2026-08-19T21:30:16.349132+09:00
Evaporator Cost,50.0,28.0,success,False,2026-08-21T02:12:27.062318+09:00
Evaporator Count,,,failed,False,2026-08-27T22:51:39.171829+09:00
Evaporator Coupon,,,failed,False,2026-08-27T21:18:35.629474+09:00
Evaporator Deal,,,failed,False,2026-08-21T01:56:16.843249+09:00
Evaporator Debt,,,failed,False,2026-08-21T02:29:11.262958+09:00
Evaporator Deck,,,failed,False,2026-08-19T21:30:36.862882+09:00
Evaporator Desk,,,failed,False,2026-08-19T21:18:22.582804+09:00
Evaporator Detail,,,failed,False,2026-08-23T03:16:23.757716+09:00
Evaporator Detector,,,failed,False,2026-08-27T23:52:05.723363+09:00
Evaporator Diagram,480.0,0.0,success,False,2026-08-27T22:14:17.347960+09:00
Evaporator Digest,,,failed,False,2026-08-19T21:15:29.461766+09:00
Evaporator Directory,,,failed,False,2026-08-19T21:07:18.151537+09:00
Evaporator Discount,,,failed,False,2026-08-23T16:15:25.443589+09:00
Evaporator Dossier,,,failed,False,2026-08-21T01:03:51.285961+09:00
Evaporator Downpayment,,,failed,False,2026-08-27T21:49:45.629659+09:00
Evaporator Draft,,,failed,False,2026-08-19T21:15:49.735937+09:00
Evaporator Due,,,failed,False,2026-08-23T15:52:07.033808+09:00
Evaporator Duty,,,failed,False,2026-08-21T02:45:16.049005+09:00
Evaporator Engine,,,failed,False,2026-08-19T21:04:59.839669+09:00
Evaporator Entry,,,failed,False,2026-08-21T01:04:04.572867+09:00
Evaporator Estimate,,,failed,False,2026-08-19T21:17:25.572760+09:00
Evaporator Estimator,,,failed,False,2026-08-27T23:51:57.345982+09:00
Evaporator Excerpt,,,failed,False,2026-08-21T01:04:00.035751+09:00
Evaporator Fare,,,failed,False,2026-08-21T02:12:35.738319+09:00
Evaporator Fee,,,failed,False,2026-08-21T01:56:01.200736+09:00
Evaporator Feed,,,failed,False,2026-08-19T21:15:40.357740+09:00
Evaporator File,,,failed,False,2026-08-19T21:14:40.806707+09:00
Evaporator Finder,,,failed,False,2026-08-19T21:07:36.739108+09:00
Evaporator Fine,,,failed,False,2026-08-23T02:52:43.639669+09:00
Evaporator Flag,,,failed,False,2026-08-21T00:28:49.114338+09:00
Evaporator Flow,20.0,0.0,success,False,2026-08-19T21:18:01.862049+09:00
Evaporator Forge,,,failed,False,2026-08-19T21:19:32.635751+09:00
Evaporator Form,,,failed,False,2026-08-19T21:12:39.256118+09:00
Evaporator Frame,,,failed,False,2026-08-19T21:29:59.646453+09:00
Evaporator Fund,,,failed,False,2026-08-21T02:29:14.750230+09:00
Evaporator Gate,,,failed,False,2026-08-19T21:03:55.204280+09:00
Evaporator Giveaway,,,failed,False,2026-08-27T21:18:48.752837+09:00
Evaporator Grade,,,failed,False,2026-08-21T00:28:30.302130+09:00
Evaporator Grid,,,failed,False,2026-08-19T21:29:24.641827+09:00
Evaporator Guarantee,,,failed,False,2026-08-28T01:03:51.516264+09:00
Evaporator Guardian,,,failed,False,2026-08-28T00:22:31.262546+09:00
Evaporator Helpdesk,,,failed,False,2026-08-27T22:51:42.060485+09:00
Evaporator Helper,,,failed,False,2026-08-28T00:22:36.820060+09:00
Evaporator History,,,failed,False,2026-08-19T21:14:29.704334+09:00
Evaporator Hotline,,,failed,False,2026-08-19T21:17:45.288805+09:00
Evaporator Hub,,,failed,False,2026-08-19T21:18:11.999906+09:00
Evaporator Inbox,,,failed,False,2026-08-19T21:10:27.505284+09:00
Evaporator Incentive,,,failed,False,2026-08-27T21:18:45.597821+09:00
Evaporator Index,,,failed,False,2026-08-19T21:16:48.614230+09:00
Evaporator Installment,,,failed,False,2026-08-23T16:15:27.627511+09:00
Evaporator Item,,,failed,False,2026-08-21T01:56:03.758206+09:00
Evaporator Journal,,,failed,False,2026-08-19T21:06:44.412093+09:00
Evaporator Kiosk,,,failed,False,2026-08-19T21:08:25.447867+09:00
Evaporator Kit,40.0,34.0,success,False,2026-08-27T22:51:36.322343+09:00
Evaporator Lab,480.0,39.0,success,False,2026-08-19T21:30:51.810974+09:00
Evaporator Label,,,failed,False,2026-08-27T22:14:14.143197+09:00
Evaporator Ledger,,,failed,False,2026-08-19T21:30:22.896569+09:00
Evaporator Level,,,failed,False,2026-08-19T21:14:51.947092+09:00
Evaporator Line,40.0,0.0,success,False,2026-08-19T21:11:44.619551+09:00
Evaporator Link,,,failed,False,2026-08-23T03:16:15.944869+09:00
Evaporator List,,,failed,False,2026-08-19T22:03:59.574342+09:00
Evaporator Loan,,,failed,False,2026-08-21T02:12:43.354957+09:00
Evaporator Locator,,,failed,False,2026-08-19T21:07:27.526395+09:00
Evaporator Log,,,failed,False,2026-08-19T21:12:30.069108+09:00
Evaporator Loop,,,failed,False,2026-08-19T21:29:16.026683+09:00
Evaporator Manager,,,failed,False,2026-08-19T21:04:47.167430+09:00
Evaporator Manual,10.0,0.0,success,False,2026-08-27T22:14:14.143197+09:00
Evaporator Map,,,failed,False,2026-08-19T21:29:53.324584+09:00
Evaporator Margin,,,failed,False,2026-08-23T02:52:39.945062+09:00
Evaporator Markup,,,failed,False,2026-08-23T16:39:38.014835+09:00
Evaporator Memo,,,failed,False,2026-08-21T00:28:39.996166+09:00
Evaporator Message,,,failed,False,2026-08-27T23:09:56.910517+09:00
Evaporator Monitor,,,failed,False,2026-08-19T21:05:49.435162+09:00
Evaporator Nexus,,,failed,False,2026-08-19T21:04:08.048540+09:00
Evaporator Note,,,failed,False,2026-08-19T21:13:36.060170+09:00
Evaporator Notification,,,failed,False,2026-08-27T22:51:36.322343+09:00
Evaporator Number,,,failed,False,2026-08-23T03:16:04.926690+09:00
Evaporator Ops,,,failed,False,2026-08-19T21:06:25.471396+09:00
Evaporator Order,,,failed,False,2026-08-19T22:03:20.182030+09:00
Evaporator Overage,,,failed,False,2026-08-27T21:49:42.725472+09:00
Evaporator Overdue,,,failed,False,2026-08-27T21:49:38.109800+09:00
Evaporator Panel,70.0,0.0,success,False,2026-08-19T21:31:50.558670+09:00
Evaporator Pass,,,failed,False,2026-08-21T00:27:45.495734+09:00
Evaporator Path,,,failed,False,2026-08-19T21:29:40.498335+09:00
Evaporator Payoff,,,failed,False,2026-08-27T21:49:38.109800+09:00
Evaporator Petition,,,failed,False,2026-08-21T01:03:40.572054+09:00
Evaporator Plan,,,failed,False,2026-08-21T01:56:12.510800+09:00
Evaporator Planner,,,failed,False,2026-08-19T21:05:24.897505+09:00
Evaporator Playbook,,,failed,False,2026-08-19T21:06:35.637376+09:00
Evaporator Point,,,failed,False,2026-08-19T21:29:47.496953+09:00
Evaporator Portal,,,failed,False,2026-08-19T21:31:31.502788+09:00
Evaporator Post,,,failed,False,2026-08-19T21:09:00.850536+09:00
Evaporator Profile,,,failed,False,2026-08-19T21:13:59.350184+09:00
Evaporator Profit,,,failed,False,2026-08-23T02:52:33.355566+09:00
Evaporator Proposal,,,failed,False,2026-08-28T01:03:48.385418+09:00
Evaporator Queue,,,failed,False,2026-08-19T21:17:15.430061+09:00
Evaporator Quota,,,failed,False,2026-08-21T00:28:44.167575+09:00
Evaporator Radar,,,failed,False,2026-08-19T21:18:32.816387+09:00
Evaporator Rail,,,failed,False,2026-08-19T21:32:13.666054+09:00
Evaporator Rate,,,failed,False,2026-08-19T21:15:06.542256+09:00
Evaporator Recap,,,failed,False,2026-08-21T01:03:56.741736+09:00
Evaporator Receipt,,,failed,False,2026-08-19T22:03:39.900427+09:00
Evaporator Recorder,,,failed,False,2026-08-27T23:32:16.065535+09:00
Evaporator Register,,,failed,False,2026-08-19T21:06:13.197757+09:00
Evaporator Registry,,,failed,False,2026-08-19T21:06:52.977513+09:00
Evaporator Relay,,,failed,False,2026-08-19T21:18:42.622010+09:00
Evaporator Reminder,,,failed,False,2026-08-19T21:16:23.704707+09:00
Evaporator Report,,,failed,False,2026-08-19T21:12:20.631006+09:00
Evaporator Ring,,,failed,False,2026-08-19T21:03:41.880915+09:00
Evaporator Roster,,,failed,False,2026-08-19T21:10:18.944671+09:00
Evaporator Route,,,failed,False,2026-08-19T21:32:03.032645+09:00
Evaporator Rule,,,failed,False,2026-08-23T03:16:19.788711+09:00
Evaporator Sale,10.0,79.0,success,False,2026-08-21T02:29:22.487025+09:00
Evaporator Scale,,,failed,False,2026-08-19T21:31:56.342454+09:00
Evaporator Scheduler,,,failed,False,2026-08-19T21:05:37.228592+09:00
Evaporator Schematic,20.0,0.0,success,False,2026-08-27T22:29:30.000621+09:00
Evaporator Scope,,,failed,False,2026-08-19T21:29:10.316262+09:00
Evaporator Score,,,failed,False,2026-08-19T21:13:25.403661+09:00
Evaporator Serial,,,failed,False,2026-08-23T13:27:28.386352+09:00
Evaporator Sheet,,,failed,False,2026-08-19T21:12:59.685218+09:00
Evaporator Shortfall,,,failed,False,2026-08-27T21:49:45.629659+09:00
Evaporator Signal,,,failed,False,2026-08-19T21:20:07.240027+09:00
Evaporator Slip,,,failed,False,2026-08-19T22:04:30.317454+09:00
Evaporator Slot,,,failed,False,2026-08-19T22:04:57.454275+09:00
Evaporator Stake,,,failed,False,2026-08-23T02:52:37.533661+09:00
Evaporator Statement,,,failed,False,2026-08-21T00:28:15.750952+09:00
Evaporator Station,,,failed,False,2026-08-19T21:31:01.684338+09:00
Evaporator Status,,,failed,False,2026-08-19T21:14:09.280828+09:00
Evaporator Stub,,,failed,False,2026-08-21T00:28:09.542795+09:00
Evaporator Studio,,,failed,False,2026-08-19T21:30:45.595196+09:00
Evaporator Subsidy,,,failed,False,2026-08-23T15:52:10.396341+09:00
Evaporator Sum,,,failed,False,2026-08-21T02:29:07.517005+09:00
Evaporator Summary,,,failed,False,2026-08-19T21:16:02.434865+09:00
Evaporator Tab,,,failed,False,2026-08-21T00:28:59.306676+09:00
Evaporator Table,,,failed,False,2026-08-19T22:04:10.383393+09:00
Evaporator Tag,,,failed,False,2026-08-19T21:13:48.359259+09:00
Evaporator Tally,,,failed,False,2026-08-21T00:28:23.086581+09:00
Evaporator Tariff,,,failed,False,2026-08-21T02:45:25.368857+09:00
Evaporator Tax,,,failed,False,2026-08-21T02:12:39.261551+09:00
Evaporator Terminal,,,failed,False,2026-08-19T21:31:09.123245+09:00
Evaporator Ticker,,,failed,False,2026-08-19T21:11:31.992305+09:00
Evaporator Ticket,,,failed,False,2026-08-19T21:17:02.639874+09:00
Evaporator Tier,,,failed,False,2026-08-28T00:46:36.452526+09:00
Evaporator Timeline,,,failed,False,2026-08-19T21:16:11.566322+09:00
Evaporator Timer,,,failed,False,2026-08-28T00:22:26.191039+09:00
Evaporator Toll,,,failed,False,2026-08-21T02:45:19.238792+09:00
Evaporator Toolbox,,,failed,False,2026-08-28T00:22:34.191902+09:00
Evaporator Tracker,,,failed,False,2026-08-19T21:17:53.819858+09:00
Evaporator Trail,,,failed,False,2026-08-19T21:32:21.399233+09:00
Evaporator Trial,,,failed,False,2026-08-27T21:18:45.597821+09:00
Evaporator Unit,720.0,51.0,success,False,2026-08-21T01:56:06.760187+09:00
Evaporator Value,,,failed,False,2026-08-23T02:52:35.436753+09:00
Evaporator Vault,,,failed,False,2026-08-19T21:18:56.938365+09:00
Evaporator Version,,,failed,False,2026-08-23T03:16:13.014331+09:00
Evaporator View,,,failed,False,2026-08-19T21:14:19.651241+09:00
Evaporator Voucher,,,failed,False,2026-08-21T00:27:53.671746+09:00
Evaporator Watch,,,failed,False,2026-08-19T21:29:00.879622+09:00
Evaporator Wave,,,failed,False,2026-08-19T21:29:30.457441+09:00
Evaporator Widget,,,failed,False,2026-08-27T23:09:59.459850+09:00
Evaporator Window,,,failed,False,2026-08-19T21:11:55.349483+09:00
Evaporator Workshop,,,failed,False,2026-08-28T00:22:28.798439+09:00
Evaporator Yard,,,failed,False,2026-08-19T21:08:37.744349+09:00
Evaporator Zone,,,failed,False,2026-08-19T21:31:23.417988+09:00
Eviction Advance,,,failed,False,2026-08-23T16:15:37.311219+09:00
Eviction Advisory,,,failed,False,2026-08-21T01:02:05.845061+09:00
Eviction Alert,,,failed,False,2026-08-19T20:43:22.271749+09:00
Eviction Allowance,,,failed,False,2026-08-21T02:40:21.955150+09:00
Eviction Analyzer,,,failed,False,2026-08-27T23:58:43.283075+09:00
Eviction Announcement,,,failed,False,2026-08-27T23:36:25.651250+09:00
Eviction Arrears,,,failed,False,2026-08-23T16:15:37.311219+09:00
Eviction Assistant,1300.0,20.0,success,False,2026-08-19T20:39:35.461909+09:00
Eviction Attribute,,,failed,False,2026-08-23T13:07:29.372228+09:00
Eviction Badge,,,failed,False,2026-08-21T00:25:29.281502+09:00
Eviction Balance,,,failed,False,2026-08-23T13:47:35.441000+09:00
Eviction Base,,,failed,False,2026-08-19T20:48:48.411735+09:00
Eviction Beacon,,,failed,False,2026-08-19T20:47:22.248072+09:00
Eviction Bill,20.0,1.0,success,False,2026-08-19T22:05:17.062474+09:00
Eviction Board,,,failed,False,2026-08-19T20:49:04.250848+09:00
Eviction Book,2900.0,39.0,success,False,2026-08-19T22:06:04.414832+09:00
Eviction Brief,,,failed,False,2026-08-21T00:59:52.495839+09:00
Eviction Bulletin,,,failed,False,2026-08-21T00:59:50.492128+09:00
Eviction Calculator,,,failed,False,2026-08-27T23:36:29.882311+09:00
Eviction Calendar,,,failed,False,2026-08-19T20:41:03.972806+09:00
Eviction Cash,,,failed,False,2026-08-21T02:24:43.440499+09:00
Eviction Category,,,failed,False,2026-08-23T13:07:26.060181+09:00
Eviction Center,70.0,23.0,success,False,2026-08-19T20:49:38.357241+09:00
Eviction Charge,,,failed,False,2026-08-21T02:40:07.402959+09:00
Eviction Check,480.0,66.0,success,False,2026-08-19T20:45:10.019254+09:00
Eviction Checker,480.0,66.0,success,False,2026-08-27T23:58:34.382467+09:00
Eviction Circular,,,failed,False,2026-08-21T01:02:03.687665+09:00
Eviction Code,,,failed,False,2026-08-19T22:05:35.780904+09:00
Eviction Comparison,,,failed,False,2026-08-28T01:08:39.859150+09:00
Eviction Confirmation,,,failed,False,2026-08-21T01:00:09.157430+09:00
Eviction Cost,140.0,12.0,success,False,2026-08-21T02:09:00.837465+09:00
Eviction Count,,,failed,False,2026-08-27T22:50:09.773795+09:00
Eviction Deal,,,failed,False,2026-08-21T01:52:53.581920+09:00
Eviction Debt,,,failed,False,2026-08-21T02:24:33.883948+09:00
Eviction Desk,,,failed,False,2026-08-19T20:46:54.929939+09:00
Eviction Detail,,,failed,False,2026-08-23T03:19:40.807348+09:00
Eviction Detector,,,failed,False,2026-08-27T23:58:38.877794+09:00
Eviction Diagram,,,failed,False,2026-08-27T22:13:33.756180+09:00
Eviction Digest,,,failed,False,2026-08-19T20:46:21.996527+09:00
Eviction Dossier,,,failed,False,2026-08-21T01:00:13.557875+09:00
Eviction Downpayment,,,failed,False,2026-08-27T21:49:11.230615+09:00
Eviction Draft,10.0,0.0,success,False,2026-08-19T20:46:33.393422+09:00
Eviction Due,,,failed,False,2026-08-23T15:52:20.216125+09:00
Eviction Duty,20.0,0.0,success,False,2026-08-21T02:40:14.671503+09:00
Eviction Engine,,,failed,False,2026-08-19T20:39:26.869721+09:00
Eviction Entry,,,failed,False,2026-08-21T01:00:27.646290+09:00
Eviction Estimate,,,failed,False,2026-08-19T21:32:10.645735+09:00
Eviction Estimator,,,failed,False,2026-08-27T23:58:28.934840+09:00
Eviction Excerpt,,,failed,False,2026-08-21T01:02:14.395969+09:00
Eviction Extension,50.0,12.0,success,False,2026-08-23T16:39:38.014835+09:00
Eviction Fare,,,failed,False,2026-08-21T02:09:08.901398+09:00
Eviction Fee,140.0,4.0,success,False,2026-08-21T01:52:30.422416+09:00
Eviction Feed,,,failed,False,2026-08-19T20:46:27.543041+09:00
Eviction File,720.0,21.0,success,False,2026-08-19T20:46:02.034696+09:00
Eviction Fine,,,failed,False,2026-08-23T02:55:02.071314+09:00
Eviction Flag,,,failed,False,2026-08-21T00:26:13.350270+09:00
Eviction Flow,,,failed,False,2026-08-19T20:46:44.181940+09:00
Eviction Form,720.0,62.0,success,False,2026-08-19T20:44:44.192245+09:00
Eviction Format,,,failed,False,2026-08-23T13:07:32.830763+09:00
Eviction Fund,,,failed,False,2026-08-21T02:24:36.091430+09:00
Eviction Generator,,,failed,False,2026-08-27T23:36:29.882311+09:00
Eviction Grade,,,failed,False,2026-08-21T00:25:57.789837+09:00
Eviction Graph,,,failed,False,2026-08-27T22:13:24.343596+09:00
Eviction Grid,,,failed,False,2026-08-19T20:48:12.973996+09:00
Eviction Guardian,30.0,0.0,success,False,2026-08-28T00:27:12.240224+09:00
Eviction Helpdesk,,,failed,False,2026-08-27T22:50:16.948494+09:00
Eviction Helper,2400.0,35.0,success,False,2026-08-28T00:27:14.671575+09:00
Eviction History,110.0,31.0,success,False,2026-08-19T20:45:56.516624+09:00
Eviction Hub,,,failed,False,2026-08-19T20:46:49.166137+09:00
Eviction Identifier,,,failed,False,2026-08-23T13:07:23.083484+09:00
Eviction Index,,,failed,False,2026-08-19T21:31:54.531543+09:00
Eviction Installment,,,failed,False,2026-08-23T16:15:31.472081+09:00
Eviction Item,,,failed,False,2026-08-21T01:52:36.759473+09:00
Eviction Journal,,,failed,False,2026-08-19T20:40:40.887904+09:00
Eviction Ledger,,,failed,False,2026-08-19T20:49:01.783681+09:00
Eviction Link,,,failed,False,2026-08-23T03:19:32.678416+09:00
Eviction List,140.0,13.0,success,False,2026-08-19T22:05:46.180547+09:00
Eviction Loan,320.0,63.0,success,False,2026-08-21T02:09:16.825512+09:00
Eviction Log,,,failed,False,2026-08-19T20:44:35.831978+09:00
Eviction Manager,10.0,10.0,success,False,2026-08-19T20:39:21.250222+09:00
Eviction Manual,,,failed,False,2026-08-27T22:13:31.267961+09:00
Eviction Map,20.0,0.0,success,False,2026-08-19T20:48:37.662202+09:00
Eviction Margin,,,failed,False,2026-08-23T02:54:59.727215+09:00
Eviction Memo,20.0,10.0,success,False,2026-08-21T00:26:02.753353+09:00
Eviction Message,,,failed,False,2026-08-27T23:15:41.145408+09:00
Eviction Monitor,,,failed,False,2026-08-19T20:39:59.254826+09:00
Eviction Note,1000.0,38.0,success,False,2026-08-19T20:45:25.764339+09:00
Eviction Notification,40500.0,40.0,success,False,2026-08-27T22:50:03.051342+09:00
Eviction Number,30.0,20.0,success,False,2026-08-23T03:19:26.945614+09:00
Eviction Order,720.0,8.0,success,False,2026-08-19T22:05:04.840486+09:00
Eviction Outline,,,failed,False,2026-08-27T22:29:16.006701+09:00
Eviction Overage,,,failed,False,2026-08-27T21:49:08.437850+09:00
Eviction Overdue,,,failed,False,2026-08-27T21:49:04.119579+09:00
Eviction Panel,,,failed,False,2026-08-19T20:37:45.715949+09:00
Eviction Pass,10.0,0.0,success,False,2026-08-21T00:25:15.691482+09:00
Eviction Path,,,failed,False,2026-08-19T20:48:26.152213+09:00
Eviction Payoff,,,failed,False,2026-08-27T21:49:06.270483+09:00
Eviction Penalty,,,failed,False,2026-08-23T16:39:33.315090+09:00
Eviction Petition,320.0,4.0,success,False,2026-08-21T01:00:04.597458+09:00
Eviction Plan,20.0,3.0,success,False,2026-08-21T01:52:45.246437+09:00
Eviction Planner,,,failed,False,2026-08-19T20:39:43.818952+09:00
Eviction Playbook,,,failed,False,2026-08-19T20:40:35.383963+09:00
Eviction Portal,30.0,14.0,success,False,2026-08-19T20:37:28.019595+09:00
Eviction Post,,,failed,False,2026-08-19T20:42:25.910879+09:00
Eviction Profile,,,failed,False,2026-08-19T20:45:37.673361+09:00
Eviction Profit,,,failed,False,2026-08-23T02:54:52.135987+09:00
Eviction Quota,,,failed,False,2026-08-21T00:26:07.923229+09:00
Eviction Radar,,,failed,False,2026-08-19T20:47:00.737978+09:00
Eviction Rate,90.0,0.0,success,False,2026-08-19T20:46:10.724712+09:00
Eviction Recap,10.0,,success,False,2026-08-21T01:00:20.571072+09:00
Eviction Receipt,,,failed,False,2026-08-19T22:05:25.560581+09:00
Eviction Recorder,,,failed,False,2026-08-27T23:36:33.321869+09:00
Eviction Redemption,,,failed,False,2026-08-23T16:39:35.759045+09:00
Eviction Register,,,failed,False,2026-08-19T20:40:17.061535+09:00
Eviction Registry,,,failed,False,2026-08-19T20:40:49.478840+09:00
Eviction Relay,,,failed,False,2026-08-19T20:47:06.290958+09:00
Eviction Reminder,,,failed,False,2026-08-19T21:31:47.611554+09:00
Eviction Report,210.0,39.0,success,False,2026-08-19T20:44:26.671038+09:00
Eviction Repository,,,failed,False,2026-08-27T23:15:46.670229+09:00
Eviction Result,10.0,0.0,success,False,2026-08-28T00:48:49.804197+09:00
Eviction Roll,,,failed,False,2026-08-19T20:44:19.706681+09:00
Eviction Roster,,,failed,False,2026-08-19T20:43:08.672141+09:00
Eviction Rule,210.0,20.0,success,False,2026-08-23T03:19:37.789366+09:00
Eviction Sale,10.0,0.0,success,False,2026-08-21T02:24:48.796566+09:00
Eviction Sample,10.0,83.0,success,False,2026-08-19T22:06:26.107612+09:00
Eviction Scanner,,,failed,False,2026-08-27T23:58:38.877794+09:00
Eviction Scheduler,,,failed,False,2026-08-19T20:39:52.613613+09:00
Eviction Score,,,failed,False,2026-08-19T20:45:14.737555+09:00
Eviction Sheet,,,failed,False,2026-08-19T20:45:04.260812+09:00
Eviction Shortfall,,,failed,False,2026-08-27T21:49:13.443578+09:00
Eviction Signal,,,failed,False,2026-08-19T20:47:48.078194+09:00
Eviction Signature,,,failed,False,2026-08-23T13:27:51.587934+09:00
Eviction Slip,,,failed,False,2026-08-19T22:06:15.067471+09:00
Eviction Slot,,,failed,False,2026-08-19T22:06:38.426353+09:00
Eviction Stage,,,failed,False,2026-08-28T00:48:49.804197+09:00
Eviction Stake,,,failed,False,2026-08-23T02:54:57.045583+09:00
Eviction Statement,,,failed,False,2026-08-21T00:25:43.310750+09:00
Eviction Station,,,failed,False,2026-08-19T20:49:25.973595+09:00
Eviction Status,110.0,6.0,success,False,2026-08-19T20:45:45.249853+09:00
Eviction Stub,,,failed,False,2026-08-21T00:25:35.006393+09:00
Eviction Subsidy,,,failed,False,2026-08-23T15:52:20.216125+09:00
Eviction Sum,,,failed,False,2026-08-21T02:24:27.084847+09:00
Eviction Summary,210.0,3.0,success,False,2026-08-19T21:31:27.001536+09:00
Eviction Table,,,failed,False,2026-08-19T22:05:54.572880+09:00
Eviction Tag,,,failed,False,2026-08-19T20:45:32.308725+09:00
Eviction Tally,10.0,,success,False,2026-08-21T00:25:50.747055+09:00
Eviction Tariff,,,failed,False,2026-08-21T02:40:27.519765+09:00
Eviction Tax,,,failed,False,2026-08-21T02:09:12.482274+09:00
Eviction Terminal,,,failed,False,2026-08-19T20:49:32.682801+09:00
Eviction Ticket,,,failed,False,2026-08-19T21:32:01.105099+09:00
Eviction Timeline,110.0,7.0,success,False,2026-08-19T21:31:35.907614+09:00
Eviction Timer,,,failed,False,2026-08-28T00:27:09.738576+09:00
Eviction Toll,,,failed,False,2026-08-21T02:40:18.502872+09:00
Eviction Toolbox,,,failed,False,2026-08-28T00:27:12.240224+09:00
Eviction Total,,,failed,False,2026-08-27T23:15:43.697016+09:00
Eviction Tower,,,failed,False,2026-08-19T20:42:55.526386+09:00
Eviction Tracker,30.0,9.0,success,False,2026-08-19T20:46:39.045000+09:00
Eviction Trend,,,failed,False,2026-08-28T01:08:39.859150+09:00
Eviction Trial,70.0,1.0,success,False,2026-08-27T21:17:59.409089+09:00
Eviction Unit,,,failed,False,2026-08-21T01:52:41.314698+09:00
Eviction Update,20.0,0.0,success,False,2026-08-19T20:46:16.448832+09:00
Eviction Value,,,failed,False,2026-08-23T02:54:55.052160+09:00
Eviction Vault,,,failed,False,2026-08-19T20:47:10.772818+09:00
Eviction Version,,,failed,False,2026-08-23T03:19:30.157366+09:00
Eviction View,,,failed,False,2026-08-19T20:45:50.851524+09:00
Eviction Voucher,,,failed,False,2026-08-21T00:25:21.406032+09:00
Eviction Watch,,,failed,False,2026-08-19T20:47:51.523685+09:00
Eviction Wave,10.0,,success,False,2026-08-19T20:48:20.425473+09:00
Eviction Widget,,,failed,False,2026-08-27T23:15:43.697016+09:00
Eviction Window,,,failed,False,2026-08-19T20:44:10.013145+09:00
Eviction Worksheet,,,failed,False,2026-08-27T22:13:33.756180+09:00
Excess Advance,,,failed,False,2026-08-23T16:13:39.752452+09:00
Excess Advisory,,,failed,False,2026-08-21T01:02:25.178710+09:00
Excess Alert,,,failed,False,2026-08-21T00:46:47.041557+09:00
Excess Allowance,10.0,0.0,success,False,2026-08-21T02:40:38.159052+09:00
Excess Analyzer,,,failed,False,2026-08-27T23:51:26.937833+09:00
Excess Arrears,,,failed,False,2026-08-23T16:13:37.104049+09:00
Excess Asset,,,failed,False,2026-08-23T13:45:46.037867+09:00
Excess Assistant,,,failed,False,2026-08-21T00:45:22.913101+09:00
Excess Atlas,,,failed,False,2026-08-21T00:45:08.644829+09:00
Excess Attribute,,,failed,False,2026-08-23T13:09:25.406302+09:00
Excess Badge,,,failed,False,2026-08-21T00:49:54.532841+09:00
Excess Balance,140.0,0.0,success,False,2026-08-23T13:45:43.063828+09:00
Excess Base,70.0,3.0,success,False,2026-08-21T00:43:34.117910+09:00
Excess Bay,,,failed,False,2026-08-21T00:46:19.116405+09:00
Excess Beacon,,,failed,False,2026-08-21T00:50:48.093288+09:00
Excess Bill,170.0,1.0,success,False,2026-08-21T00:49:12.731444+09:00
Excess Board,,,failed,False,2026-08-21T00:43:46.604021+09:00
Excess Booth,,,failed,False,2026-08-21T00:46:10.718962+09:00
Excess Bridge,,,failed,False,2026-08-21T00:51:01.092563+09:00
Excess Brief,,,failed,False,2026-08-21T01:00:38.610881+09:00
Excess Bulletin,,,failed,False,2026-08-21T01:00:33.906602+09:00
Excess Calculator,20.0,14.0,success,False,2026-08-27T23:37:11.995923+09:00
Excess Calendar,,,failed,False,2026-08-21T00:45:50.178398+09:00
Excess Card,170.0,4.0,success,False,2026-08-21T00:47:36.977895+09:00
Excess Cascade,,,failed,False,2026-08-21T00:50:58.385493+09:00
Excess Cash,1000.0,3.0,success,False,2026-08-21T02:23:27.282211+09:00
Excess Category,,,failed,False,2026-08-23T13:09:19.095608+09:00
Excess Center,,,failed,False,2026-08-21T00:44:15.465135+09:00
Excess Chain,,,failed,False,2026-08-21T00:44:52.376787+09:00
Excess Charge,880.0,0.0,success,False,2026-08-21T02:40:25.117501+09:00
Excess Chart,,,failed,False,2026-08-21T00:46:54.280562+09:00
Excess Check,10.0,0.0,success,False,2026-08-21T00:47:44.020698+09:00
Excess Checker,,,failed,False,2026-08-27T23:51:18.068433+09:00
Excess Circular,,,failed,False,2026-08-21T01:02:23.111892+09:00
Excess Code,140.0,0.0,success,False,2026-08-21T00:49:20.798290+09:00
Excess Companion,,,failed,False,2026-08-21T00:45:35.455027+09:00
Excess Comparison,,,failed,False,2026-08-28T01:03:30.600111+09:00
Excess Compass,,,failed,False,2026-08-21T00:50:41.630976+09:00
Excess Confirmation,10.0,0.0,success,False,2026-08-21T01:00:52.686966+09:00
Excess Console,,,failed,False,2026-08-21T00:44:27.350497+09:00
Excess Contribution,260.0,1.0,success,False,2026-08-23T16:13:34.147754+09:00
Excess Copayment,,,failed,False,2026-08-23T16:38:47.783567+09:00
Excess Core,,,failed,False,2026-08-21T00:43:36.715710+09:00
Excess Cost,170.0,0.0,success,False,2026-08-21T02:06:07.596179+09:00
Excess Count,,,failed,False,2026-08-27T22:50:26.115784+09:00
Excess Counter,,,failed,False,2026-08-21T00:46:03.316699+09:00
Excess Deal,,,failed,False,2026-08-21T01:59:08.747160+09:00
Excess Debt,90.0,2.0,success,False,2026-08-21T02:23:20.274615+09:00
Excess Deck,,,failed,False,2026-08-21T00:43:54.085720+09:00
Excess Desk,,,failed,False,2026-08-21T00:50:26.220127+09:00
Excess Detail,,,failed,False,2026-08-23T03:22:01.031781+09:00
Excess Detector,,,failed,False,2026-08-27T23:51:24.335890+09:00
Excess Diagram,,,failed,False,2026-08-27T22:12:17.686005+09:00
Excess Directory,,,failed,False,2026-08-21T00:45:52.774285+09:00
Excess Dossier,,,failed,False,2026-08-21T01:00:56.888807+09:00
Excess Draft,,,failed,False,2026-08-21T00:48:36.635325+09:00
Excess Due,,,failed,False,2026-08-23T15:51:15.880461+09:00
Excess Duty,22200.0,0.0,success,True,2026-08-21T02:40:27.519765+09:00
Excess Engine,,,failed,False,2026-08-21T00:45:16.204972+09:00
Excess Entry,10.0,0.0,success,False,2026-08-21T01:01:09.555377+09:00
Excess Estimate,,,failed,False,2026-08-21T00:49:04.500727+09:00
Excess Estimator,,,failed,False,2026-08-27T23:51:18.068433+09:00
Excess Fare,90.0,0.0,success,False,2026-08-21T02:06:17.677670+09:00
Excess Fee,1000.0,3.0,success,False,2026-08-21T01:58:52.066039+09:00
Excess Feed,,,failed,False,2026-08-21T00:48:33.175763+09:00
Excess Field,10.0,0.0,success,False,2026-08-23T13:09:27.676904+09:00
Excess File,30.0,0.0,success,False,2026-08-21T00:48:15.897610+09:00
Excess Fine,,,failed,False,2026-08-23T02:56:03.136754+09:00
Excess Flow,110.0,2.0,success,False,2026-08-21T00:50:17.936305+09:00
Excess Forge,,,failed,False,2026-08-21T00:50:50.084554+09:00
Excess Form,30.0,0.0,success,False,2026-08-21T00:47:32.281403+09:00
Excess Format,10.0,0.0,success,False,2026-08-23T13:09:30.268446+09:00
Excess Frame,,,failed,False,2026-08-21T00:51:42.581125+09:00
Excess Fund,260.0,1.0,success,False,2026-08-21T02:23:24.043193+09:00
Excess Gate,,,failed,False,2026-08-21T00:45:01.205149+09:00
Excess Grid,,,failed,False,2026-08-21T00:51:22.640360+09:00
Excess Guarantee,10.0,0.0,success,False,2026-08-28T01:03:40.758183+09:00
Excess Guardian,,,failed,False,2026-08-28T00:21:58.401743+09:00
Excess Helpdesk,,,failed,False,2026-08-27T22:50:28.774616+09:00
Excess Helper,,,failed,False,2026-08-28T00:22:01.777271+09:00
Excess History,,,failed,False,2026-08-21T00:48:12.190063+09:00
Excess Hub,,,failed,False,2026-08-21T00:50:24.003386+09:00
Excess Identifier,,,failed,False,2026-08-23T13:09:19.095608+09:00
Excess Inbox,,,failed,False,2026-08-21T00:46:44.759034+09:00
Excess Index,,,failed,False,2026-08-21T00:48:57.806090+09:00
Excess Interest,260.0,0.0,success,False,2026-08-23T13:45:46.037867+09:00
Excess Item,170.0,0.0,success,False,2026-08-21T01:58:56.625492+09:00
Excess Journal,,,failed,False,2026-08-21T00:45:45.302081+09:00
Excess Keeper,,,failed,False,2026-08-21T00:45:10.747399+09:00
Excess Lab,20.0,0.0,success,False,2026-08-21T00:43:59.576313+09:00
Excess Label,,,failed,False,2026-08-27T22:12:11.460290+09:00
Excess Ledger,,,failed,False,2026-08-21T00:43:44.047110+09:00
Excess Level,30.0,0.0,success,False,2026-08-21T00:48:22.062191+09:00
Excess Levy,10.0,0.0,success,False,2026-08-23T13:45:48.186439+09:00
Excess Line,30.0,2.0,success,False,2026-08-21T00:47:13.306684+09:00
Excess Link,,,failed,False,2026-08-23T03:21:54.482997+09:00
Excess List,50.0,0.0,success,False,2026-08-21T00:49:24.098446+09:00
Excess Loan,30.0,13.0,success,False,2026-08-21T02:06:32.230213+09:00
Excess Lobby,,,failed,False,2026-08-21T00:47:05.432306+09:00
Excess Locator,,,failed,False,2026-08-21T00:45:54.993375+09:00
Excess Locker,,,failed,False,2026-08-21T00:46:06.764298+09:00
Excess Log,,,failed,False,2026-08-21T00:47:29.450326+09:00
Excess Loop,,,failed,False,2026-08-21T00:51:16.185060+09:00
Excess Manager,,,failed,False,2026-08-21T00:45:13.293562+09:00
Excess Manual,,,failed,False,2026-08-27T22:12:15.272381+09:00
Excess Map,,,failed,False,2026-08-21T00:51:35.796791+09:00
Excess Margin,110.0,2.0,success,False,2026-08-23T02:56:00.191983+09:00
Excess Markup,,,failed,False,2026-08-23T16:38:44.785975+09:00
Excess Memo,,,failed,False,2026-08-21T00:50:04.499348+09:00
Excess Monitor,10.0,51.0,success,False,2026-08-21T00:45:33.278488+09:00
Excess Nexus,,,failed,False,2026-08-21T00:45:03.734783+09:00
Excess Note,,,failed,False,2026-08-21T00:47:51.655449+09:00
Excess Notification,,,failed,False,2026-08-27T22:50:16.948494+09:00
Excess Number,110.0,0.0,success,False,2026-08-23T03:21:42.958973+09:00
Excess Office,90.0,0.0,success,False,2026-08-21T00:45:59.951643+09:00
Excess Ops,,,failed,False,2026-08-21T00:45:41.384268+09:00
Excess Order,50.0,0.0,success,False,2026-08-21T00:49:09.924663+09:00
Excess Outline,,,failed,False,2026-08-27T22:29:10.054268+09:00
Excess Outpost,,,failed,False,2026-08-21T00:46:26.587388+09:00
Excess Panel,320.0,52.0,success,False,2026-08-21T00:44:30.138587+09:00
Excess Pass,,,failed,False,2026-08-21T00:49:47.730802+09:00
Excess Passport,,,failed,False,2026-08-21T00:47:01.645682+09:00
Excess Path,,,failed,False,2026-08-21T00:51:31.068549+09:00
Excess Penalty,,,failed,False,2026-08-23T16:38:44.785975+09:00
Excess Petition,,,failed,False,2026-08-21T01:00:50.612821+09:00
Excess Plan,50.0,26.0,success,False,2026-08-21T01:59:06.761411+09:00
Excess Planner,,,failed,False,2026-08-21T00:45:26.531767+09:00
Excess Playbook,,,failed,False,2026-08-21T00:45:41.384268+09:00
Excess Plaza,,,failed,False,2026-08-21T00:46:29.176332+09:00
Excess Point,170.0,43.0,success,False,2026-08-21T00:51:33.449317+09:00
Excess Portal,20.0,0.0,success,False,2026-08-21T00:44:21.197874+09:00
Excess Post,,,failed,False,2026-08-21T00:46:23.702871+09:00
Excess Preview,,,failed,False,2026-08-28T01:03:33.167279+09:00
Excess Profile,,,failed,False,2026-08-21T00:48:00.969173+09:00
Excess Profit,170.0,0.0,success,False,2026-08-23T02:55:53.099561+09:00
Excess Proposal,,,failed,False,2026-08-28T01:03:37.882161+09:00
Excess Quota,,,failed,False,2026-08-21T00:50:07.130228+09:00
Excess Radar,,,failed,False,2026-08-21T00:50:29.679005+09:00
Excess Rail,,,failed,False,2026-08-21T00:44:42.710868+09:00
Excess Rate,140.0,0.0,success,False,2026-08-21T00:48:24.716353+09:00
Excess Recap,,,failed,False,2026-08-21T01:01:01.220689+09:00
Excess Receipt,,,failed,False,2026-08-21T00:49:18.470865+09:00
Excess Register,,,failed,False,2026-08-21T00:45:39.218297+09:00
Excess Relay,,,failed,False,2026-08-21T00:50:35.331865+09:00
Excess Reminder,,,failed,False,2026-08-21T00:48:51.829218+09:00
Excess Report,10.0,0.0,success,False,2026-08-21T00:47:26.672100+09:00
Excess Ring,,,failed,False,2026-08-21T00:44:54.956989+09:00
Excess Roll,,,failed,False,2026-08-21T00:47:19.116810+09:00
Excess Roster,,,failed,False,2026-08-21T00:46:42.116087+09:00
Excess Route,,,failed,False,2026-08-21T00:44:38.874906+09:00
Excess Rule,,,failed,False,2026-08-23T03:21:56.707046+09:00
Excess Sale,40.0,1.0,success,False,2026-08-21T02:23:33.552099+09:00
Excess Sample,,,failed,False,2026-08-21T00:49:37.584742+09:00
Excess Scale,,,failed,False,2026-08-21T00:44:36.517071+09:00
Excess Scope,,,failed,False,2026-08-21T00:51:13.532405+09:00
Excess Score,,,failed,False,2026-08-21T00:47:49.290523+09:00
Excess Sheet,10.0,9.0,success,False,2026-08-21T00:47:41.484784+09:00
Excess Shelf,,,failed,False,2026-08-21T00:46:39.668460+09:00
Excess Shortfall,10.0,0.0,success,False,2026-08-27T21:48:13.959890+09:00
Excess Signal,,,failed,False,2026-08-21T00:51:04.799989+09:00
Excess Slip,,,failed,False,2026-08-21T00:49:35.190382+09:00
Excess Slot,,,failed,False,2026-08-21T00:49:44.632195+09:00
Excess Stake,,,failed,False,2026-08-23T02:55:57.484668+09:00
Excess Statement,,,failed,False,2026-08-21T00:49:59.942955+09:00
Excess Station,10.0,0.0,success,False,2026-08-21T00:44:07.435932+09:00
Excess Status,30.0,0.0,success,False,2026-08-21T00:48:04.911148+09:00
Excess Stub,,,failed,False,2026-08-21T00:49:56.955669+09:00
Excess Studio,20.0,6.0,success,False,2026-08-21T00:43:57.229807+09:00
Excess Sum,,,failed,False,2026-08-21T02:23:11.717671+09:00
Excess Summary,,,failed,False,2026-08-21T00:48:40.223162+09:00
Excess Tab,,,failed,False,2026-08-21T00:50:13.056816+09:00
Excess Table,20.0,0.0,success,False,2026-08-21T00:49:29.914475+09:00
Excess Tag,,,failed,False,2026-08-21T00:47:54.639607+09:00
Excess Tariff,,,failed,False,2026-08-21T02:40:41.069615+09:00
Excess Tax,320.0,0.0,success,False,2026-08-21T02:06:27.364500+09:00
Excess Terminal,,,failed,False,2026-08-21T00:44:10.518978+09:00
Excess Ticker,,,failed,False,2026-08-21T00:47:07.675748+09:00
Excess Ticket,50.0,3.0,success,False,2026-08-21T00:49:01.997073+09:00
Excess Tier,,,failed,False,2026-08-28T00:46:19.889028+09:00
Excess Timeline,,,failed,False,2026-08-21T00:48:48.333943+09:00
Excess Toll,,,failed,False,2026-08-21T02:40:30.595557+09:00
Excess Toolbox,,,failed,False,2026-08-28T00:21:58.401743+09:00
Excess Total,,,failed,False,2026-08-27T23:16:11.688627+09:00
Excess Tower,20.0,0.0,success,False,2026-08-21T00:46:37.254114+09:00
Excess Tracker,,,failed,False,2026-08-21T00:50:15.253919+09:00
Excess Trail,,,failed,False,2026-08-21T00:44:48.876991+09:00
Excess Trend,,,failed,False,2026-08-28T01:03:30.600111+09:00
Excess Trial,,,failed,False,2026-08-27T21:17:03.008156+09:00
Excess Unit,,,failed,False,2026-08-21T01:58:58.757504+09:00
Excess Update,,,failed,False,2026-08-21T00:48:26.954363+09:00
Excess Value,110.0,0.0,success,False,2026-08-23T02:55:55.232894+09:00
Excess Vault,,,failed,False,2026-08-21T00:50:38.979933+09:00
Excess Version,,,failed,False,2026-08-23T03:21:47.880193+09:00
Excess View,,,failed,False,2026-08-21T00:48:07.260312+09:00
Excess Voucher,,,failed,False,2026-08-21T00:49:49.714688+09:00
Excess Watch,320.0,67.0,success,False,2026-08-21T00:51:10.614458+09:00
Excess Wave,,,failed,False,2026-08-21T00:51:25.324564+09:00
Excess Widget,,,failed,False,2026-08-27T23:16:13.930951+09:00
Excess Window,,,failed,False,2026-08-21T00:47:16.635421+09:00
Excess Worksheet,,,failed,False,2026-08-27T22:12:15.272381+09:00
Excess Yard,,,failed,False,2026-08-21T00:46:15.039620+09:00
Excess Zone,10.0,0.0,success,False,2026-08-21T00:44:18.522946+09:00
Exclusion Advance,,,failed,False,2026-08-23T16:13:47.418622+09:00
Exclusion Advisory,,,failed,False,2026-08-21T01:02:16.623580+09:00
Exclusion Alert,,,failed,False,2026-08-19T21:51:16.066048+09:00
Exclusion Allowance,10.0,0.0,success,False,2026-08-21T02:42:51.701755+09:00
Exclusion Analyzer,,,failed,False,2026-08-27T23:59:17.563745+09:00
Exclusion Arrears,,,failed,False,2026-08-23T16:13:45.288195+09:00
Exclusion Assistant,,,failed,False,2026-08-19T22:07:23.452103+09:00
Exclusion Atlas,,,failed,False,2026-08-19T22:06:41.403506+09:00
Exclusion Badge,,,failed,False,2026-08-21T00:36:37.815514+09:00
Exclusion Base,,,failed,False,2026-08-19T22:02:52.701278+09:00
Exclusion Bay,,,failed,False,2026-08-19T21:49:35.357194+09:00
Exclusion Beacon,,,failed,False,2026-08-19T22:00:33.480377+09:00
Exclusion Bill,720.0,0.0,success,False,2026-08-19T21:57:44.656511+09:00
Exclusion Bin,,,failed,False,2026-08-19T21:51:38.533092+09:00
Exclusion Board,,,failed,False,2026-08-19T22:03:23.353107+09:00
Exclusion Book,30.0,1.0,success,False,2026-08-19T21:58:34.362639+09:00
Exclusion Booth,,,failed,False,2026-08-19T21:49:03.135784+09:00
Exclusion Brief,,,failed,False,2026-08-21T01:00:20.571072+09:00
Exclusion Bulletin,,,failed,False,2026-08-21T01:00:16.070819+09:00
Exclusion Calendar,,,failed,False,2026-08-19T21:47:26.468483+09:00
Exclusion Card,,,failed,False,2026-08-19T21:53:40.177257+09:00
Exclusion Cascade,,,failed,False,2026-08-19T22:00:52.695969+09:00
Exclusion Cash,,,failed,False,2026-08-21T02:26:24.473700+09:00
Exclusion Category,20.0,0.0,success,False,2026-08-23T13:10:06.026404+09:00
Exclusion Center,,,failed,False,2026-08-19T22:04:23.242123+09:00
Exclusion Chain,,,failed,False,2026-08-19T22:05:58.265751+09:00
Exclusion Charge,,,failed,False,2026-08-21T02:42:44.475010+09:00
Exclusion Chart,,,failed,False,2026-08-19T21:51:25.452105+09:00
Exclusion Check,210.0,35.0,success,False,2026-08-19T21:54:03.410939+09:00
Exclusion Checker,,,failed,False,2026-08-27T23:59:12.622196+09:00
Exclusion Circular,,,failed,False,2026-08-21T01:02:14.395969+09:00
Exclusion Code,20.0,0.0,success,False,2026-08-19T21:58:05.672882+09:00
Exclusion Comparison,,,failed,False,2026-08-28T01:02:07.599938+09:00
Exclusion Confirmation,,,failed,False,2026-08-21T01:00:38.610881+09:00
Exclusion Contribution,,,failed,False,2026-08-23T16:13:42.146359+09:00
Exclusion Copayment,,,failed,False,2026-08-23T16:38:47.783567+09:00
Exclusion Core,,,failed,False,2026-08-19T22:03:05.892678+09:00
Exclusion Cost,20.0,30.0,success,False,2026-08-21T02:09:44.145059+09:00
Exclusion Count,,,failed,False,2026-08-27T22:49:51.876514+09:00
Exclusion Counter,,,failed,False,2026-08-19T21:48:37.941943+09:00
Exclusion Deal,,,failed,False,2026-08-21T01:52:37.407034+09:00
Exclusion Debt,,,failed,False,2026-08-21T02:26:18.130699+09:00
Exclusion Deck,,,failed,False,2026-08-19T22:03:32.806508+09:00
Exclusion Desk,,,failed,False,2026-08-19T21:59:39.418384+09:00
Exclusion Detail,,,failed,False,2026-08-23T03:23:37.132752+09:00
Exclusion Detector,,,failed,False,2026-08-27T23:59:17.563745+09:00
Exclusion Directory,,,failed,False,2026-08-19T21:47:40.553023+09:00
Exclusion Discount,,,failed,False,2026-08-23T16:13:37.104049+09:00
Exclusion Dossier,,,failed,False,2026-08-21T01:00:40.730981+09:00
Exclusion Downpayment,,,failed,False,2026-08-27T21:47:58.388035+09:00
Exclusion Draft,,,failed,False,2026-08-19T21:56:18.827565+09:00
Exclusion Duty,,,failed,False,2026-08-21T02:42:47.286881+09:00
Exclusion Engine,,,failed,False,2026-08-19T22:07:15.173390+09:00
Exclusion Entry,,,failed,False,2026-08-21T01:00:52.686966+09:00
Exclusion Estimate,,,failed,False,2026-08-19T21:57:22.115019+09:00
Exclusion Estimator,,,failed,False,2026-08-27T23:59:07.749698+09:00
Exclusion Excerpt,,,failed,False,2026-08-21T01:02:27.136036+09:00
Exclusion Fare,,,failed,False,2026-08-21T02:09:52.288046+09:00
Exclusion Fee,,,failed,False,2026-08-21T01:52:20.481419+09:00
Exclusion Feed,,,failed,False,2026-08-19T21:56:05.092972+09:00
Exclusion Field,,,failed,False,2026-08-23T13:10:10.835682+09:00
Exclusion File,110.0,0.0,success,False,2026-08-19T21:55:24.856436+09:00
Exclusion Finder,,,failed,False,2026-08-19T21:48:11.031110+09:00
Exclusion Fine,,,failed,False,2026-08-23T02:57:34.451765+09:00
Exclusion Flag,10.0,0.0,success,False,2026-08-21T00:24:59.301324+09:00
Exclusion Flow,,,failed,False,2026-08-19T21:59:19.992699+09:00
Exclusion Form,110.0,1.0,success,False,2026-08-19T21:53:29.207509+09:00
Exclusion Format,,,failed,False,2026-08-23T13:10:10.835682+09:00
Exclusion Frame,,,failed,False,2026-08-19T22:02:44.580219+09:00
Exclusion Fund,,,failed,False,2026-08-21T02:26:21.259847+09:00
Exclusion Gate,,,failed,False,2026-08-19T22:06:18.009667+09:00
Exclusion Generator,,,failed,False,2026-08-27T23:36:36.607319+09:00
Exclusion Grade,,,failed,False,2026-08-21T00:36:53.427787+09:00
Exclusion Grid,,,failed,False,2026-08-19T22:01:53.877884+09:00
Exclusion Guarantee,,,failed,False,2026-08-28T01:02:13.095205+09:00
Exclusion Guardian,,,failed,False,2026-08-28T00:27:40.381664+09:00
Exclusion Helpdesk,,,failed,False,2026-08-27T22:49:54.897946+09:00
Exclusion Helper,,,failed,False,2026-08-28T00:27:43.001225+09:00
Exclusion History,,,failed,False,2026-08-19T21:55:14.913375+09:00
Exclusion Hub,,,failed,False,2026-08-19T21:59:30.293970+09:00
Exclusion Identifier,,,failed,False,2026-08-23T13:10:06.026404+09:00
Exclusion Inbox,,,failed,False,2026-08-19T21:51:07.578329+09:00
Exclusion Index,10.0,0.0,success,False,2026-08-19T21:57:01.942587+09:00
Exclusion Installment,,,failed,False,2026-08-23T16:13:39.752452+09:00
Exclusion Item,,,failed,False,2026-08-21T01:52:23.674188+09:00
Exclusion Journal,,,failed,False,2026-08-19T21:46:58.234898+09:00
Exclusion Keeper,,,failed,False,2026-08-19T22:06:50.618817+09:00
Exclusion Kiosk,,,failed,False,2026-08-19T21:49:14.059786+09:00
Exclusion Lab,,,failed,False,2026-08-19T22:03:52.975095+09:00
Exclusion Label,,,failed,False,2026-08-27T22:11:39.650369+09:00
Exclusion Ledger,,,failed,False,2026-08-19T22:03:14.947098+09:00
Exclusion Level,,,failed,False,2026-08-19T21:55:34.064895+09:00
Exclusion Line,,,failed,False,2026-08-19T21:52:28.912563+09:00
Exclusion Link,,,failed,False,2026-08-23T03:23:31.641874+09:00
Exclusion List,1000.0,0.0,success,True,2026-08-19T21:58:17.004802+09:00
Exclusion Loan,,,failed,False,2026-08-21T02:09:56.008511+09:00
Exclusion Locator,,,failed,False,2026-08-19T21:47:52.868004+09:00
Exclusion Locker,,,failed,False,2026-08-19T21:48:50.657736+09:00
Exclusion Log,,,failed,False,2026-08-19T21:53:16.228732+09:00
Exclusion Manager,,,failed,False,2026-08-19T22:06:59.596356+09:00
Exclusion Manual,,,failed,False,2026-08-27T22:11:47.365503+09:00
Exclusion Map,,,failed,False,2026-08-19T22:02:34.302682+09:00
Exclusion Markup,,,failed,False,2026-08-23T16:38:44.785975+09:00
Exclusion Memo,,,failed,False,2026-08-21T00:24:46.055669+09:00
Exclusion Message,,,failed,False,2026-08-27T23:15:33.369822+09:00
Exclusion Monitor,,,failed,False,2026-08-19T21:46:01.527373+09:00
Exclusion Nexus,,,failed,False,2026-08-19T22:06:28.711407+09:00
Exclusion Note,,,failed,False,2026-08-19T21:54:25.677858+09:00
Exclusion Notification,,,failed,False,2026-08-27T22:49:44.992225+09:00
Exclusion Number,,,failed,False,2026-08-23T03:23:25.330676+09:00
Exclusion Order,590.0,1.0,success,False,2026-08-19T21:57:34.491231+09:00
Exclusion Outline,,,failed,False,2026-08-27T22:29:07.164636+09:00
Exclusion Outpost,,,failed,False,2026-08-19T21:50:00.809390+09:00
Exclusion Overage,,,failed,False,2026-08-27T21:47:56.115586+09:00
Exclusion Overdue,,,failed,False,2026-08-27T21:47:53.828940+09:00
Exclusion Panel,,,failed,False,2026-08-19T22:05:08.787907+09:00
Exclusion Pass,,,failed,False,2026-08-21T00:36:28.428699+09:00
Exclusion Path,10.0,0.0,success,False,2026-08-19T22:02:12.630536+09:00
Exclusion Payoff,,,failed,False,2026-08-27T21:47:53.828940+09:00
Exclusion Penalty,,,failed,False,2026-08-23T16:38:44.785975+09:00
Exclusion Petition,,,failed,False,2026-08-21T01:00:33.906602+09:00
Exclusion Plan,20.0,4.0,success,False,2026-08-21T01:52:34.182425+09:00
Exclusion Planner,,,failed,False,2026-08-19T22:07:32.899948+09:00
Exclusion Playbook,,,failed,False,2026-08-19T21:46:47.844671+09:00
Exclusion Point,,,failed,False,2026-08-19T22:02:25.837553+09:00
Exclusion Portal,,,failed,False,2026-08-19T22:04:45.902658+09:00
Exclusion Post,,,failed,False,2026-08-19T21:49:45.321625+09:00
Exclusion Preview,,,failed,False,2026-08-28T01:02:07.599938+09:00
Exclusion Profile,,,failed,False,2026-08-19T21:54:45.586270+09:00
Exclusion Profit,,,failed,False,2026-08-23T02:57:24.970560+09:00
Exclusion Proposal,,,failed,False,2026-08-28T01:02:10.416954+09:00
Exclusion Quota,,,failed,False,2026-08-21T00:24:54.126348+09:00
Exclusion Radar,,,failed,False,2026-08-19T21:59:52.671651+09:00
Exclusion Rate,30.0,0.0,success,False,2026-08-19T21:55:44.120814+09:00
Exclusion Recap,,,failed,False,2026-08-21T01:02:25.178710+09:00
Exclusion Receipt,,,failed,False,2026-08-19T21:57:56.725251+09:00
Exclusion Recorder,,,failed,False,2026-08-27T23:36:36.607319+09:00
Exclusion Register,10.0,1.0,success,False,2026-08-19T21:46:23.560668+09:00
Exclusion Registry,,,failed,False,2026-08-19T21:47:13.005766+09:00
Exclusion Relay,,,failed,False,2026-08-19T22:00:01.898557+09:00
Exclusion Reminder,,,failed,False,2026-08-19T21:56:53.361235+09:00
Exclusion Report,30.0,9.0,success,False,2026-08-19T21:53:02.852702+09:00
Exclusion Repository,,,failed,False,2026-08-27T23:15:41.145408+09:00
Exclusion Roll,,,failed,False,2026-08-19T21:52:53.016557+09:00
Exclusion Roster,,,failed,False,2026-08-19T21:50:57.841127+09:00
Exclusion Rule,140.0,2.0,success,False,2026-08-23T03:23:34.197835+09:00
Exclusion Sale,,,failed,False,2026-08-21T02:26:26.896086+09:00
Exclusion Sample,,,failed,False,2026-08-19T21:58:51.076600+09:00
Exclusion Scanner,,,failed,False,2026-08-27T23:59:17.563745+09:00
Exclusion Scheduler,,,failed,False,2026-08-19T22:07:56.620143+09:00
Exclusion Scope,,,failed,False,2026-08-19T22:01:31.900197+09:00
Exclusion Score,,,failed,False,2026-08-19T21:54:16.215789+09:00
Exclusion Sheet,,,failed,False,2026-08-19T21:53:54.593034+09:00
Exclusion Shelf,,,failed,False,2026-08-19T21:50:46.269760+09:00
Exclusion Shortfall,,,failed,False,2026-08-27T21:47:58.388035+09:00
Exclusion Signal,,,failed,False,2026-08-19T22:01:11.142813+09:00
Exclusion Signature,,,failed,False,2026-08-23T13:26:38.136224+09:00
Exclusion Slip,,,failed,False,2026-08-19T21:58:41.732793+09:00
Exclusion Slot,,,failed,False,2026-08-19T21:58:59.534733+09:00
Exclusion Stake,,,failed,False,2026-08-23T02:57:30.156609+09:00
Exclusion Stamp,,,failed,False,2026-08-23T13:26:40.982312+09:00
Exclusion Statement,,,failed,False,2026-08-21T00:36:44.968976+09:00
Exclusion Station,,,failed,False,2026-08-19T22:04:03.389101+09:00
Exclusion Status,20.0,0.0,success,False,2026-08-19T21:54:56.953854+09:00
Exclusion Stub,,,failed,False,2026-08-21T00:36:42.590036+09:00
Exclusion Studio,,,failed,False,2026-08-19T22:03:42.018748+09:00
Exclusion Sum,,,failed,False,2026-08-21T02:26:14.215239+09:00
Exclusion Summary,,,failed,False,2026-08-19T21:56:27.780319+09:00
Exclusion Tab,,,failed,False,2026-08-21T00:25:07.096192+09:00
Exclusion Table,70.0,0.0,success,False,2026-08-19T21:58:24.385772+09:00
Exclusion Tag,,,failed,False,2026-08-19T21:54:37.434657+09:00
Exclusion Tally,,,failed,False,2026-08-21T00:36:50.529911+09:00
Exclusion Tariff,10.0,0.0,success,False,2026-08-21T02:42:54.824749+09:00
Exclusion Tax,880.0,0.0,success,False,2026-08-21T02:09:52.288046+09:00
Exclusion Ticket,,,failed,False,2026-08-19T21:57:11.207151+09:00
Exclusion Timeline,,,failed,False,2026-08-19T21:56:40.008866+09:00
Exclusion Toll,,,failed,False,2026-08-21T02:42:49.671896+09:00
Exclusion Toolbox,,,failed,False,2026-08-28T00:27:43.001225+09:00
Exclusion Total,,,failed,False,2026-08-27T23:15:36.970228+09:00
Exclusion Tower,,,failed,False,2026-08-19T21:50:35.139639+09:00
Exclusion Tracker,30.0,0.0,success,False,2026-08-19T21:59:09.702480+09:00
Exclusion Trail,,,failed,False,2026-08-19T22:05:48.495667+09:00
Exclusion Trend,,,failed,False,2026-08-28T01:02:04.540661+09:00
Exclusion Trial,,,failed,False,2026-08-27T21:16:53.377302+09:00
Exclusion Unit,10.0,0.0,success,False,2026-08-21T01:52:30.422416+09:00
Exclusion Update,,,failed,False,2026-08-19T21:55:51.993679+09:00
Exclusion Value,,,failed,False,2026-08-23T02:57:27.142882+09:00
Exclusion Vault,,,failed,False,2026-08-19T22:00:12.371601+09:00
Exclusion Version,,,failed,False,2026-08-23T03:23:29.114948+09:00
Exclusion View,,,failed,False,2026-08-19T21:55:06.588963+09:00
Exclusion Voucher,,,failed,False,2026-08-21T00:36:33.618056+09:00
Exclusion Watch,,,failed,False,2026-08-19T22:01:20.262131+09:00
Exclusion Widget,,,failed,False,2026-08-27T23:15:36.970228+09:00
Exclusion Window,,,failed,False,2026-08-19T21:52:37.480660+09:00
Exclusion Worksheet,,,failed,False,2026-08-27T22:11:47.365503+09:00
Exclusion Yard,,,failed,False,2026-08-19T21:49:23.695269+09:00
Exclusion Zone,6600.0,5.0,success,False,2026-08-19T22:04:34.418517+09:00
Exhibitor Advance,,,failed,False,2026-08-23T16:11:06.629164+09:00
Exhibitor Advisory,,,failed,False,2026-08-21T01:02:27.136036+09:00
Exhibitor Allowance,,,failed,False,2026-08-21T02:42:20.398693+09:00
Exhibitor Almanac,,,failed,False,2026-08-18T22:02:40.368007+09:00
Exhibitor Analyzer,,,failed,False,2026-08-27T23:53:42.609151+09:00
Exhibitor Anchor,,,failed,False,2026-08-17T21:31:46.266854+09:00
Exhibitor Announcement,20.0,0.0,success,False,2026-08-27T23:33:29.170312+09:00
Exhibitor Arrears,,,failed,False,2026-08-23T16:11:06.629164+09:00
Exhibitor Assistant,,,failed,False,2026-08-17T23:29:05.712614+09:00
Exhibitor Atlas,,,failed,False,2026-08-17T20:40:24.654920+09:00
Exhibitor Attribute,,,failed,False,2026-08-23T13:09:05.713550+09:00
Exhibitor Badge,320.0,11.0,success,False,2026-08-21T00:26:07.923229+09:00
Exhibitor Balance,,,failed,False,2026-08-23T13:48:19.972957+09:00
Exhibitor Base,,,failed,False,2026-08-17T20:37:16.947301+09:00
Exhibitor Beacon,,,failed,False,2026-08-17T21:36:07.544663+09:00
Exhibitor Bill,,,failed,False,2026-08-19T22:04:20.465966+09:00
Exhibitor Blueprint,,,failed,False,2026-08-18T22:02:28.338577+09:00
Exhibitor Board,,,failed,False,2026-08-17T20:34:23.568448+09:00
Exhibitor Book,,,failed,False,2026-08-19T22:05:17.062474+09:00
Exhibitor Bridge,,,failed,False,2026-08-17T21:33:00.443260+09:00
Exhibitor Brief,,,failed,False,2026-08-21T01:00:42.748785+09:00
Exhibitor Bulletin,,,failed,False,2026-08-21T01:00:40.730981+09:00
Exhibitor Cabinet,,,failed,False,2026-08-27T23:11:25.184143+09:00
Exhibitor Calendar,,,failed,False,2026-08-19T00:03:21.455005+09:00
Exhibitor Card,30.0,0.0,success,False,2026-08-19T13:25:53.621438+09:00
Exhibitor Cascade,,,failed,False,2026-08-17T21:33:59.802696+09:00
Exhibitor Cash,,,failed,False,2026-08-21T02:26:24.473700+09:00
Exhibitor Cashback,,,failed,False,2026-08-27T21:13:18.101351+09:00
Exhibitor Catalog,,,failed,False,2026-08-19T21:20:05.379169+09:00
Exhibitor Category,,,failed,False,2026-08-23T13:09:03.594529+09:00
Exhibitor Center,10.0,24.0,success,False,2026-08-17T21:39:05.774100+09:00
Exhibitor Chain,,,failed,False,2026-08-17T20:44:27.303320+09:00
Exhibitor Charge,,,failed,False,2026-08-21T02:42:09.091272+09:00
Exhibitor Check,,,failed,False,2026-08-19T13:26:13.744102+09:00
Exhibitor Checker,,,failed,False,2026-08-27T23:53:34.112900+09:00
Exhibitor Checklist,20.0,3.0,success,False,2026-08-19T21:19:06.268561+09:00
Exhibitor Circular,,,failed,False,2026-08-21T01:02:25.178710+09:00
Exhibitor Cockpit,10.0,2.0,success,False,2026-08-17T23:04:05.706993+09:00
Exhibitor Code,,,failed,False,2026-08-19T22:04:42.218437+09:00
Exhibitor Codex,,,failed,False,2026-08-18T22:03:00.985111+09:00
Exhibitor Companion,,,failed,False,2026-08-17T23:30:26.611269+09:00
Exhibitor Comparison,,,failed,False,2026-08-28T01:04:25.098394+09:00
Exhibitor Compass,,,failed,False,2026-08-17T21:37:05.127331+09:00
Exhibitor Compendium,,,failed,False,2026-08-18T22:02:50.623197+09:00
Exhibitor Confirmation,,,failed,False,2026-08-21T01:00:58.878918+09:00
Exhibitor Console,,,failed,False,2026-08-17T21:35:33.419897+09:00
Exhibitor Contribution,,,failed,False,2026-08-23T16:17:15.012584+09:00
Exhibitor Core,,,failed,False,2026-08-17T20:36:17.521162+09:00
Exhibitor Cost,,,failed,False,2026-08-21T02:10:17.497387+09:00
Exhibitor Count,,,failed,False,2026-08-27T22:45:58.509654+09:00
Exhibitor Counter,10.0,100.0,success,False,2026-08-19T00:04:03.544716+09:00
Exhibitor Coupon,,,failed,False,2026-08-27T21:13:15.493972+09:00
Exhibitor Dashboard,50.0,10.0,success,False,2026-08-17T23:30:12.792820+09:00
Exhibitor Deal,,,failed,False,2026-08-21T01:54:08.146374+09:00
Exhibitor Debt,,,failed,False,2026-08-21T02:26:18.130699+09:00
Exhibitor Deck,,,failed,False,2026-08-17T20:33:30.325030+09:00
Exhibitor Depot,,,failed,False,2026-08-19T00:03:46.728628+09:00
Exhibitor Desk,,,failed,False,2026-08-18T07:52:49.362329+09:00
Exhibitor Detail,,,failed,False,2026-08-23T03:22:06.290002+09:00
Exhibitor Detector,,,failed,False,2026-08-27T23:53:39.725939+09:00
Exhibitor Diagram,,,failed,False,2026-08-27T22:07:37.591593+09:00
Exhibitor Dial,,,failed,False,2026-08-17T21:33:26.536272+09:00
Exhibitor Digest,,,failed,False,2026-08-19T20:44:29.865338+09:00
Exhibitor Directory,260.0,16.0,success,False,2026-08-19T00:03:25.935082+09:00
Exhibitor Discount,,,failed,False,2026-08-23T16:17:12.971292+09:00
Exhibitor Dock,,,failed,False,2026-08-17T20:47:45.474295+09:00
Exhibitor Dossier,,,failed,False,2026-08-21T01:01:03.307399+09:00
Exhibitor Draft,,,failed,False,2026-08-19T20:44:48.132741+09:00
Exhibitor Due,,,failed,False,2026-08-23T15:53:05.427640+09:00
Exhibitor Duty,,,failed,False,2026-08-21T02:42:14.230561+09:00
Exhibitor Engine,,,failed,False,2026-08-17T23:13:17.884356+09:00
Exhibitor Entry,,,failed,False,2026-08-21T01:01:13.751057+09:00
Exhibitor Estimate,,,failed,False,2026-08-19T21:19:52.858825+09:00
Exhibitor Estimator,,,failed,False,2026-08-27T23:53:29.478686+09:00
Exhibitor Fare,,,failed,False,2026-08-21T02:10:26.523271+09:00
Exhibitor Fee,30.0,0.0,success,False,2026-08-21T01:53:51.077986+09:00
Exhibitor Feed,,,failed,False,2026-08-19T20:44:35.831978+09:00
Exhibitor Field,,,failed,False,2026-08-23T13:09:07.907049+09:00
Exhibitor File,,,failed,False,2026-08-19T20:43:57.147560+09:00
Exhibitor Finder,,,failed,False,2026-08-19T00:03:41.244683+09:00
Exhibitor Fine,,,failed,False,2026-08-23T02:56:45.800075+09:00
Exhibitor Flag,,,failed,False,2026-08-21T00:26:43.816315+09:00
Exhibitor Flow,,,failed,False,2026-08-17T20:33:59.012811+09:00
Exhibitor Forge,,,failed,False,2026-08-17T21:35:00.218033+09:00
Exhibitor Form,20.0,8.0,success,False,2026-08-19T13:25:31.059454+09:00
Exhibitor Format,,,failed,False,2026-08-23T13:09:10.087594+09:00
Exhibitor Frame,,,failed,False,2026-08-17T20:38:11.520193+09:00
Exhibitor Fund,,,failed,False,2026-08-21T02:26:21.259847+09:00
Exhibitor Gate,,,failed,False,2026-08-17T20:41:58.937145+09:00
Exhibitor Giveaway,,,failed,False,2026-08-27T21:13:32.051431+09:00
Exhibitor Grade,,,failed,False,2026-08-21T00:26:28.007677+09:00
Exhibitor Graph,,,failed,False,2026-08-27T22:07:22.262130+09:00
Exhibitor Grid,,,failed,False,2026-08-17T20:45:09.617976+09:00
Exhibitor Guarantee,,,failed,False,2026-08-28T01:04:34.359127+09:00
Exhibitor Guard,,,failed,False,2026-08-17T20:36:48.387810+09:00
Exhibitor Guardian,,,failed,False,2026-08-28T00:23:35.070799+09:00
Exhibitor Guidebook,,,failed,False,2026-08-18T23:50:55.831862+09:00
Exhibitor Helpdesk,,,failed,False,2026-08-27T22:46:02.765409+09:00
Exhibitor Helper,,,failed,False,2026-08-28T00:23:37.982808+09:00
Exhibitor History,,,failed,False,2026-08-19T20:43:52.054689+09:00
Exhibitor Hub,320.0,11.0,success,False,2026-08-17T20:32:55.422953+09:00
Exhibitor Identifier,,,failed,False,2026-08-23T13:09:00.936814+09:00
Exhibitor Incentive,,,failed,False,2026-08-27T21:13:25.046826+09:00
Exhibitor Index,,,failed,False,2026-08-19T21:19:19.264899+09:00
Exhibitor Insight,10.0,,success,False,2026-08-17T23:09:43.652539+09:00
Exhibitor Installment,,,failed,False,2026-08-23T16:17:12.971292+09:00
Exhibitor Interest,,,failed,False,2026-08-23T13:48:23.745553+09:00
Exhibitor Item,,,failed,False,2026-08-21T01:53:55.864574+09:00
Exhibitor Journal,,,failed,False,2026-08-18T23:50:55.831862+09:00
Exhibitor Keeper,,,failed,False,2026-08-17T20:38:36.286112+09:00
Exhibitor Kit,70.0,37.0,success,False,2026-08-27T22:45:51.425899+09:00
Exhibitor Lab,10.0,0.0,success,False,2026-08-18T07:43:41.366664+09:00
Exhibitor Label,,,failed,False,2026-08-27T22:07:27.719925+09:00
Exhibitor Layout,,,failed,False,2026-08-27T22:28:39.838514+09:00
Exhibitor Ledger,,,failed,False,2026-08-17T20:35:18.626237+09:00
Exhibitor Lens,,,failed,False,2026-08-17T20:39:06.787331+09:00
Exhibitor Level,,,failed,False,2026-08-19T20:44:05.928260+09:00
Exhibitor Levy,,,failed,False,2026-08-23T13:48:23.745553+09:00
Exhibitor Link,10.0,14.0,success,False,2026-08-23T03:21:56.707046+09:00
Exhibitor List,1600.0,11.0,success,False,2026-08-19T22:04:53.715623+09:00
Exhibitor Loan,,,failed,False,2026-08-21T02:10:36.488938+09:00
Exhibitor Locator,,,failed,False,2026-08-19T00:03:31.307926+09:00
Exhibitor Lock,,,failed,False,2026-08-17T20:40:46.604989+09:00
Exhibitor Log,,,failed,False,2026-08-19T13:25:11.972380+09:00
Exhibitor Loop,,,failed,False,2026-08-17T20:45:55.190861+09:00
Exhibitor Manager,,,failed,False,2026-08-17T20:37:45.876313+09:00
Exhibitor Manual,320.0,1.0,success,False,2026-08-27T22:07:27.719925+09:00
Exhibitor Map,40.0,0.0,success,False,2026-08-17T20:39:59.910293+09:00
Exhibitor Margin,,,failed,False,2026-08-23T02:56:41.108127+09:00
Exhibitor Marker,,,failed,False,2026-08-23T13:28:10.942428+09:00
Exhibitor Markup,,,failed,False,2026-08-23T16:37:04.042408+09:00
Exhibitor Memo,,,failed,False,2026-08-21T00:26:33.622421+09:00
Exhibitor Meter,,,failed,False,2026-08-17T21:32:23.259221+09:00
Exhibitor Metrics,,,failed,False,2026-08-17T23:29:58.873666+09:00
Exhibitor Monitor,,,failed,False,2026-08-17T23:29:41.239949+09:00
Exhibitor Navigator,,,failed,False,2026-08-17T23:11:19.275980+09:00
Exhibitor Nexus,,,failed,False,2026-08-17T20:41:08.316613+09:00
Exhibitor Node,,,failed,False,2026-08-17T20:42:47.401639+09:00
Exhibitor Note,,,failed,False,2026-08-19T13:26:59.554690+09:00
Exhibitor Notification,,,failed,False,2026-08-27T22:45:51.425899+09:00
Exhibitor Number,,,failed,False,2026-08-23T03:21:52.337489+09:00
Exhibitor Office,,,failed,False,2026-08-19T00:03:57.643433+09:00
Exhibitor Ops,,,failed,False,2026-08-17T23:30:41.257118+09:00
Exhibitor Order,,,failed,False,2026-08-19T22:04:10.383393+09:00
Exhibitor Organizer,,,failed,False,2026-08-17T23:14:53.160605+09:00
Exhibitor Overdue,,,failed,False,2026-08-27T21:46:06.267558+09:00
Exhibitor Panel,,,failed,False,2026-08-17T21:34:29.947705+09:00
Exhibitor Pass,480.0,2.0,success,False,2026-08-21T00:25:57.789837+09:00
Exhibitor Path,,,failed,False,2026-08-17T20:42:18.152107+09:00
Exhibitor Penalty,,,failed,False,2026-08-23T16:37:04.042408+09:00
Exhibitor Petition,,,failed,False,2026-08-21T01:00:54.642749+09:00
Exhibitor Pilot,,,failed,False,2026-08-17T20:31:46.547401+09:00
Exhibitor Plan,,,failed,False,2026-08-21T01:54:04.879612+09:00
Exhibitor Planner,,,failed,False,2026-08-17T23:08:02.086738+09:00
Exhibitor Playbook,,,failed,False,2026-08-18T23:50:55.831862+09:00
Exhibitor Point,,,failed,False,2026-08-17T20:41:33.336783+09:00
Exhibitor Portal,390.0,7.0,success,False,2026-08-17T21:36:34.713232+09:00
Exhibitor Preview,,,failed,False,2026-08-28T01:04:28.102899+09:00
Exhibitor Profile,50.0,5.0,success,False,2026-08-19T13:27:18.608287+09:00
Exhibitor Profit,,,failed,False,2026-08-23T02:56:32.879910+09:00
Exhibitor Proposal,,,failed,False,2026-08-28T01:04:31.429165+09:00
Exhibitor Pulse,,,failed,False,2026-08-17T20:44:09.032273+09:00
Exhibitor Queue,,,failed,False,2026-08-19T21:19:43.238592+09:00
Exhibitor Quota,,,failed,False,2026-08-21T00:26:39.162393+09:00
Exhibitor Radar,,,failed,False,2026-08-17T21:41:42.015478+09:00
Exhibitor Rail,,,failed,False,2026-08-17T20:46:23.888336+09:00
Exhibitor Rank,,,failed,False,2026-08-28T00:47:05.716612+09:00
Exhibitor Rate,,,failed,False,2026-08-19T20:44:12.620754+09:00
Exhibitor Recap,,,failed,False,2026-08-21T01:01:07.549578+09:00
Exhibitor Receipt,,,failed,False,2026-08-19T22:04:30.317454+09:00
Exhibitor Recorder,,,failed,False,2026-08-27T23:33:31.795696+09:00
Exhibitor Register,,,failed,False,2026-08-17T23:05:55.492568+09:00
Exhibitor Registry,,,failed,False,2026-08-18T23:50:55.831862+09:00
Exhibitor Relay,,,failed,False,2026-08-17T21:39:44.948189+09:00
Exhibitor Reminder,,,failed,False,2026-08-19T21:18:53.314989+09:00
Exhibitor Report,,,failed,False,2026-08-19T13:25:01.891377+09:00
Exhibitor Repository,,,failed,False,2026-08-27T23:11:28.090319+09:00
Exhibitor Roadmap,,,failed,False,2026-08-18T22:03:11.971226+09:00
Exhibitor Roster,,,failed,False,2026-08-19T00:37:39.570439+09:00
Exhibitor Route,,,failed,False,2026-08-17T21:30:05.905035+09:00
Exhibitor Rule,,,failed,False,2026-08-23T03:22:03.644415+09:00
Exhibitor Sale,,,failed,False,2026-08-21T02:26:26.896086+09:00
Exhibitor Sample,,,failed,False,2026-08-19T22:05:38.259870+09:00
Exhibitor Scale,,,failed,False,2026-08-17T21:31:11.680234+09:00
Exhibitor Scanner,,,failed,False,2026-08-27T23:53:36.797572+09:00
Exhibitor Scheduler,,,failed,False,2026-08-17T23:29:23.485940+09:00
Exhibitor Scope,,,failed,False,2026-08-17T20:47:04.642239+09:00
Exhibitor Score,,,failed,False,2026-08-19T13:26:27.174031+09:00
Exhibitor Sentry,,,failed,False,2026-08-17T20:39:31.272188+09:00
Exhibitor Sheet,,,failed,False,2026-08-19T13:26:03.914310+09:00
Exhibitor Signal,,,failed,False,2026-08-17T21:30:38.829852+09:00
Exhibitor Signature,,,failed,False,2026-08-23T13:28:10.942428+09:00
Exhibitor Slip,,,failed,False,2026-08-19T22:05:28.406409+09:00
Exhibitor Slot,,,failed,False,2026-08-19T22:05:46.180547+09:00
Exhibitor Snapshot,,,failed,False,2026-08-18T23:50:55.831862+09:00
Exhibitor Stage,10.0,0.0,success,False,2026-08-28T00:47:03.149821+09:00
Exhibitor Stake,,,failed,False,2026-08-23T02:56:38.023044+09:00
Exhibitor Statement,,,failed,False,2026-08-21T00:26:18.251155+09:00
Exhibitor Station,,,failed,False,2026-08-18T07:43:54.848234+09:00
Exhibitor Status,,,failed,False,2026-08-19T20:43:39.981777+09:00
Exhibitor Streak,,,failed,False,2026-08-28T00:47:03.149821+09:00
Exhibitor Stub,,,failed,False,2026-08-21T00:26:13.350270+09:00
Exhibitor Studio,,,failed,False,2026-08-17T20:32:17.131006+09:00
Exhibitor Subsidy,,,failed,False,2026-08-23T15:53:05.427640+09:00
Exhibitor Suite,10.0,0.0,success,False,2026-08-17T23:28:48.980231+09:00
Exhibitor Sum,,,failed,False,2026-08-21T02:26:10.275506+09:00
Exhibitor Summary,,,failed,False,2026-08-19T21:18:28.771702+09:00
Exhibitor Sync,,,failed,False,2026-08-17T20:34:48.922886+09:00
Exhibitor Table,880.0,97.0,success,False,2026-08-19T22:05:04.840486+09:00
Exhibitor Tag,20.0,22.0,success,False,2026-08-19T13:27:07.663216+09:00
Exhibitor Tally,,,failed,False,2026-08-21T00:26:23.518919+09:00
Exhibitor Tariff,,,failed,False,2026-08-21T02:42:25.352468+09:00
Exhibitor Tax,,,failed,False,2026-08-21T02:10:31.589901+09:00
Exhibitor Ticket,20.0,0.0,success,False,2026-08-19T21:19:30.531478+09:00
Exhibitor Tier,,,failed,False,2026-08-28T00:47:05.716612+09:00
Exhibitor Timeline,,,failed,False,2026-08-19T21:18:40.810817+09:00
Exhibitor Timer,,,failed,False,2026-08-28T00:23:28.806149+09:00
Exhibitor Toll,,,failed,False,2026-08-21T02:42:16.992307+09:00
Exhibitor Toolbox,,,failed,False,2026-08-28T00:23:37.982808+09:00
Exhibitor Toolkit,,,failed,False,2026-08-18T23:50:55.831862+09:00
Exhibitor Total,,,failed,False,2026-08-27T23:11:19.629691+09:00
Exhibitor Tracker,,,failed,False,2026-08-17T20:35:48.969093+09:00
Exhibitor Trail,,,failed,False,2026-08-17T20:45:32.525368+09:00
Exhibitor Trend,,,failed,False,2026-08-28T01:04:22.068071+09:00
Exhibitor Trial,,,failed,False,2026-08-27T21:13:25.046826+09:00
Exhibitor Unit,,,failed,False,2026-08-21T01:54:02.992561+09:00
Exhibitor Update,,,failed,False,2026-08-19T20:44:23.661281+09:00
Exhibitor Value,,,failed,False,2026-08-23T02:56:35.195472+09:00
Exhibitor Vault,,,failed,False,2026-08-17T21:38:15.647846+09:00
Exhibitor Version,,,failed,False,2026-08-23T03:21:54.482997+09:00
Exhibitor View,,,failed,False,2026-08-19T20:43:44.541784+09:00
Exhibitor Voucher,,,failed,False,2026-08-21T00:26:02.753353+09:00
Exhibitor Wallet,,,failed,False,2026-08-27T22:45:55.749339+09:00
Exhibitor Watch,,,failed,False,2026-08-17T20:48:21.583177+09:00
Exhibitor Wave,,,failed,False,2026-08-17T20:43:14.638625+09:00
Exhibitor Widget,,,failed,False,2026-08-27T23:11:21.967752+09:00
Exhibitor Workbench,,,failed,False,2026-08-18T23:50:55.831862+09:00
Exhibitor Worksheet,,,failed,False,2026-08-27T22:07:30.403670+09:00
Exhibitor Workshop,,,failed,False,2026-08-28T00:23:32.387348+09:00
Exhibitor Zone,40.0,9.0,success,False,2026-08-17T21:37:42.380657+09:00
Expense Advance,170.0,3.0,success,False,2026-08-23T16:12:15.158683+09:00
Expense Advisory,,,failed,False,2026-08-21T01:08:18.401082+09:00
Expense Alert,,,failed,False,2026-08-19T12:24:44.570895+09:00
Expense Allowance,320.0,0.0,success,False,2026-08-21T02:36:41.492996+09:00
Expense Almanac,,,failed,False,2026-08-18T22:07:40.431986+09:00
Expense Analyzer,40.0,19.0,success,False,2026-08-27T23:53:48.068906+09:00
Expense Anchor,,,failed,False,2026-08-17T20:38:03.705761+09:00
Expense Arrears,,,failed,False,2026-08-23T16:12:15.158683+09:00
Expense Assistant,20.0,28.0,success,False,2026-08-17T23:06:48.111245+09:00
Expense Atlas,,,failed,False,2026-08-17T21:38:03.717082+09:00
Expense Attribute,,,failed,False,2026-08-23T13:05:15.223495+09:00
Expense Balance,70.0,3.0,success,False,2026-08-23T13:45:46.037867+09:00
Expense Base,10.0,2.0,success,False,2026-08-17T21:34:17.965302+09:00
Expense Beacon,,,failed,False,2026-08-17T20:41:20.787117+09:00
Expense Bill,590.0,18.0,success,False,2026-08-19T22:01:05.588899+09:00
Expense Blueprint,,,failed,False,2026-08-18T22:07:33.444344+09:00
Expense Board,,,failed,False,2026-08-17T21:30:57.458125+09:00
Expense Book,880.0,93.0,success,False,2026-08-19T22:01:57.019761+09:00
Expense Bridge,,,failed,False,2026-08-17T20:38:53.767345+09:00
Expense Brief,,,failed,False,2026-08-21T01:08:10.104042+09:00
Expense Bulletin,,,failed,False,2026-08-21T01:08:06.645069+09:00
Expense Cabinet,,,failed,False,2026-08-27T23:11:47.149537+09:00
Expense Calculator,1900.0,16.0,success,False,2026-08-27T23:33:37.262266+09:00
Expense Calendar,110.0,100.0,success,False,2026-08-19T00:04:18.277485+09:00
Expense Card,720.0,36.0,success,False,2026-08-19T13:30:35.292295+09:00
Expense Cascade,,,failed,False,2026-08-17T20:39:49.091027+09:00
Expense Cash,480.0,4.0,success,False,2026-08-21T02:30:59.342931+09:00
Expense Cashback,,,failed,False,2026-08-27T21:14:33.237385+09:00
Expense Catalog,,,failed,False,2026-08-19T21:18:17.728493+09:00
Expense Category,2400.0,8.0,success,False,2026-08-23T13:05:12.905502+09:00
Expense Center,590.0,21.0,success,False,2026-08-17T20:43:30.530213+09:00
Expense Chain,,,failed,False,2026-08-17T20:32:41.344957+09:00
Expense Charge,50.0,0.0,success,False,2026-08-21T02:45:41.299406+09:00
Expense Check,140.0,8.0,success,False,2026-08-19T13:30:50.408917+09:00
Expense Checker,,,failed,False,2026-08-27T23:53:36.797572+09:00
Expense Checklist,50.0,56.0,success,False,2026-08-19T21:17:31.409694+09:00
Expense Circular,,,failed,False,2026-08-21T01:08:15.676788+09:00
Expense Cockpit,,,failed,False,2026-08-17T23:25:55.806145+09:00
Expense Code,260.0,2.0,success,False,2026-08-19T22:01:27.807092+09:00
Expense Codex,,,failed,False,2026-08-18T22:07:55.686998+09:00
Expense Companion,,,failed,False,2026-08-17T23:04:36.399044+09:00
Expense Comparison,70.0,0.0,success,False,2026-08-28T01:04:09.060597+09:00
Expense Compass,,,failed,False,2026-08-17T20:42:11.427186+09:00
Expense Compendium,,,failed,False,2026-08-18T22:07:49.432223+09:00
Expense Confirmation,,,failed,False,2026-08-21T01:08:27.933703+09:00
Expense Console,,,failed,False,2026-08-17T20:41:00.568700+09:00
Expense Contribution,,,failed,False,2026-08-23T16:12:10.819899+09:00
Expense Converter,,,failed,False,2026-08-27T23:33:37.262266+09:00
Expense Copayment,,,failed,False,2026-08-23T16:37:45.266937+09:00
Expense Core,,,failed,False,2026-08-17T21:33:17.550972+09:00
Expense Cost,880.0,1.0,success,False,2026-08-21T02:14:55.250493+09:00
Expense Count,40.0,17.0,success,False,2026-08-27T22:46:40.495541+09:00
Expense Counter,40.0,17.0,success,False,2026-08-19T00:04:59.396392+09:00
Expense Coupon,,,failed,False,2026-08-27T21:14:30.241053+09:00
Expense Dashboard,320.0,26.0,success,False,2026-08-17T23:10:15.371250+09:00
Expense Deal,,,failed,False,2026-08-21T02:05:48.650139+09:00
Expense Debt,,,failed,False,2026-08-21T02:30:51.336298+09:00
Expense Deck,,,failed,False,2026-08-17T20:48:40.258747+09:00
Expense Depot,,,failed,False,2026-08-19T00:04:44.561310+09:00
Expense Desk,,,failed,False,2026-08-17T20:45:48.787557+09:00
Expense Detail,590.0,1.0,success,False,2026-08-23T03:15:24.852114+09:00
Expense Detector,,,failed,False,2026-08-27T23:53:42.609151+09:00
Expense Diagram,,,failed,False,2026-08-27T22:08:49.995304+09:00
Expense Dial,,,failed,False,2026-08-17T20:39:20.129592+09:00
Expense Digest,,,failed,False,2026-08-19T20:45:21.816276+09:00
Expense Directory,,,failed,False,2026-08-19T00:04:28.645558+09:00
Expense Discount,,,failed,False,2026-08-23T16:12:08.472275+09:00
Expense Dock,,,failed,False,2026-08-17T20:35:38.392873+09:00
Expense Dossier,,,failed,False,2026-08-21T01:08:31.890939+09:00
Expense Draft,,,failed,False,2026-08-19T20:45:37.673361+09:00
Expense Due,40.0,0.0,success,False,2026-08-23T15:50:46.818166+09:00
Expense Duty,,,failed,False,2026-08-21T02:36:33.361411+09:00
Expense Engine,10.0,29.0,success,False,2026-08-17T23:24:23.365405+09:00
Expense Entry,260.0,3.0,success,False,2026-08-21T01:08:45.073430+09:00
Expense Estimate,20.0,1.0,success,False,2026-08-19T21:18:07.179482+09:00
Expense Estimator,390.0,1.0,success,False,2026-08-27T23:53:36.797572+09:00
Expense Excerpt,,,failed,False,2026-08-21T01:08:40.341221+09:00
Expense Fare,,,failed,False,2026-08-21T02:15:10.297403+09:00
Expense Fee,170.0,0.0,success,False,2026-08-21T01:59:21.644967+09:00
Expense Feed,,,failed,False,2026-08-19T20:45:32.308725+09:00
Expense File,260.0,11.0,success,False,2026-08-19T20:44:50.684915+09:00
Expense Finder,10.0,43.0,success,False,2026-08-19T00:04:38.069566+09:00
Expense Fine,,,failed,False,2026-08-23T02:52:35.436753+09:00
Expense Flag,,,failed,False,2026-08-21T00:35:29.281212+09:00
Expense Flow,90.0,15.0,success,False,2026-08-17T21:30:24.502544+09:00
Expense Forge,,,failed,False,2026-08-17T20:40:36.395454+09:00
Expense Form,1600.0,25.0,success,False,2026-08-19T13:30:10.449633+09:00
Expense Format,1600.0,25.0,success,False,2026-08-23T13:05:20.503897+09:00
Expense Frame,,,failed,False,2026-08-17T21:35:18.423759+09:00
Expense Fund,140.0,1.0,success,False,2026-08-21T02:30:57.020640+09:00
Expense Gate,,,failed,False,2026-08-17T21:41:31.698252+09:00
Expense Giveaway,,,failed,False,2026-08-27T21:14:38.915931+09:00
Expense Graph,140.0,7.0,success,False,2026-08-27T22:08:36.718327+09:00
Expense Grid,,,failed,False,2026-08-17T20:33:16.020559+09:00
Expense Guard,,,failed,False,2026-08-17T21:33:42.291802+09:00
Expense Guardian,,,failed,False,2026-08-28T00:23:32.387348+09:00
Expense Guidebook,,,failed,False,2026-08-18T22:07:16.682645+09:00
Expense Helpdesk,,,failed,False,2026-08-27T22:46:40.495541+09:00
Expense Helper,,,failed,False,2026-08-28T00:23:35.070799+09:00
Expense History,,,failed,False,2026-08-19T20:44:44.192245+09:00
Expense Hotline,,,failed,False,2026-08-19T21:18:28.771702+09:00
Expense Hub,880.0,4.0,success,False,2026-08-17T20:48:06.680156+09:00
Expense Identifier,,,failed,False,2026-08-23T13:05:09.962757+09:00
Expense Incentive,,,failed,False,2026-08-27T21:14:36.415267+09:00
Expense Index,10.0,0.0,success,False,2026-08-19T21:17:38.869284+09:00
Expense Insight,,,failed,False,2026-08-17T23:25:39.196440+09:00
Expense Installment,,,failed,False,2026-08-23T16:12:10.819899+09:00
Expense Item,260.0,1.0,success,False,2026-08-21T01:59:26.364386+09:00
Expense Journal,320.0,62.0,success,False,2026-08-18T22:06:59.160335+09:00
Expense Keeper,10.0,44.0,success,False,2026-08-17T21:35:52.306880+09:00
Expense Kit,10.0,0.0,success,False,2026-08-27T22:46:32.374827+09:00
Expense Lab,,,failed,False,2026-08-17T20:46:12.433556+09:00
Expense Label,,,failed,False,2026-08-27T22:08:41.770881+09:00
Expense Ledger,590.0,82.0,success,False,2026-08-17T21:32:05.797514+09:00
Expense Lens,,,failed,False,2026-08-17T21:36:26.445152+09:00
Expense Level,,,failed,False,2026-08-19T20:44:56.793146+09:00
Expense Link,20.0,21.0,success,False,2026-08-23T03:15:14.062371+09:00
Expense List,1600.0,31.0,success,False,2026-08-19T22:01:39.954435+09:00
Expense Loan,10.0,48.0,success,False,2026-08-21T02:15:19.980644+09:00
Expense Locator,,,failed,False,2026-08-19T00:04:33.745752+09:00
Expense Lock,,,failed,False,2026-08-17T21:38:35.218560+09:00
Expense Log,390.0,93.0,success,False,2026-08-19T13:29:58.473439+09:00
Expense Loop,,,failed,False,2026-08-17T20:34:16.019094+09:00
Expense Manager,1900.0,15.0,success,False,2026-08-17T21:34:50.586670+09:00
Expense Manual,,,failed,False,2026-08-27T22:08:41.770881+09:00
Expense Map,,,failed,False,2026-08-17T21:37:30.311680+09:00
Expense Margin,70.0,0.0,success,False,2026-08-23T02:52:33.355566+09:00
Expense Marker,,,failed,False,2026-08-23T13:26:43.446955+09:00
Expense Markup,,,failed,False,2026-08-23T16:37:45.266937+09:00
Expense Memo,20.0,0.0,success,False,2026-08-21T00:35:19.738516+09:00
Expense Message,,,failed,False,2026-08-27T23:11:44.740129+09:00
Expense Meter,10.0,2.0,success,False,2026-08-17T20:38:24.877008+09:00
Expense Metrics,,,failed,False,2026-08-17T23:15:22.052615+09:00
Expense Monitor,260.0,38.0,success,False,2026-08-17T23:08:34.451093+09:00
Expense Navigator,,,failed,False,2026-08-17T23:26:10.639676+09:00
Expense Nexus,,,failed,False,2026-08-17T21:39:25.145394+09:00
Expense Node,,,failed,False,2026-08-18T07:52:58.974940+09:00
Expense Note,320.0,17.0,success,False,2026-08-19T13:31:05.950766+09:00
Expense Notification,,,failed,False,2026-08-27T22:46:29.671446+09:00
Expense Number,10.0,0.0,success,False,2026-08-23T03:15:06.713636+09:00
Expense Office,,,failed,False,2026-08-19T00:04:50.750995+09:00
Expense Ops,,,failed,False,2026-08-17T23:11:50.330995+09:00
Expense Order,10.0,0.0,success,False,2026-08-19T22:00:55.317910+09:00
Expense Organizer,40.0,92.0,success,False,2026-08-17T23:25:05.910381+09:00
Expense Overage,,,failed,False,2026-08-27T21:46:28.400647+09:00
Expense Overdraft,,,failed,False,2026-08-23T15:50:49.697674+09:00
Expense Overdue,,,failed,False,2026-08-27T21:46:26.203739+09:00
Expense Panel,,,failed,False,2026-08-17T20:40:15.034726+09:00
Expense Path,320.0,24.0,success,False,2026-08-18T07:52:33.463903+09:00
Expense Penalty,,,failed,False,2026-08-23T16:37:42.888726+09:00
Expense Petition,,,failed,False,2026-08-21T01:08:23.538465+09:00
Expense Pilot,,,failed,False,2026-08-17T20:46:49.856300+09:00
Expense Plan,590.0,73.0,success,False,2026-08-21T01:59:29.977509+09:00
Expense Planner,590.0,73.0,success,False,2026-08-17T23:24:44.637673+09:00
Expense Playbook,,,failed,False,2026-08-18T22:06:49.548592+09:00
Expense Point,2400.0,12.0,success,False,2026-08-17T21:40:51.783967+09:00
Expense Portal,210.0,15.0,success,False,2026-08-17T20:41:50.983322+09:00
Expense Preview,,,failed,False,2026-08-28T01:04:11.555424+09:00
Expense Profile,,,failed,False,2026-08-19T13:31:38.491721+09:00
Expense Proposal,10.0,0.0,success,False,2026-08-28T01:04:11.555424+09:00
Expense Pulse,,,failed,False,2026-08-17T20:32:07.300250+09:00
Expense Queue,,,failed,False,2026-08-19T21:17:57.500423+09:00
Expense Radar,,,failed,False,2026-08-17T20:44:45.631544+09:00
Expense Rail,,,failed,False,2026-08-17T20:34:38.143389+09:00
Expense Rate,90.0,0.0,success,False,2026-08-19T20:45:10.019254+09:00
Expense Recap,,,failed,False,2026-08-21T01:08:36.289589+09:00
Expense Receipt,2400.0,26.0,success,False,2026-08-19T22:01:17.483163+09:00
Expense Recorder,20.0,56.0,success,False,2026-08-27T23:33:41.786723+09:00
Expense Register,260.0,60.0,success,False,2026-08-17T23:26:24.551704+09:00
Expense Registry,,,failed,False,2026-08-18T22:07:24.351116+09:00
Expense Relay,,,failed,False,2026-08-17T20:43:58.581518+09:00
Expense Reminder,10.0,21.0,success,False,2026-08-19T21:17:18.865865+09:00
Expense Report,9900.0,26.0,success,False,2026-08-19T13:29:52.884526+09:00
Expense Repository,,,failed,False,2026-08-27T23:11:50.094156+09:00
Expense Roadmap,,,failed,False,2026-08-18T22:08:04.928972+09:00
Expense Roster,,,failed,False,2026-08-19T00:37:04.451901+09:00
Expense Route,,,failed,False,2026-08-17T20:36:35.862750+09:00
Expense Rule,90.0,1.0,success,False,2026-08-23T03:15:19.125629+09:00
Expense Sale,,,failed,False,2026-08-21T02:31:01.801994+09:00
Expense Sample,90.0,48.0,success,False,2026-08-19T22:02:19.043714+09:00
Expense Scale,,,failed,False,2026-08-17T20:37:32.011303+09:00
Expense Scanner,20.0,35.0,success,False,2026-08-27T23:53:39.725939+09:00
Expense Scheduler,,,failed,False,2026-08-17T23:13:46.002975+09:00
Expense Scope,,,failed,False,2026-08-17T20:35:06.364440+09:00
Expense Score,,,failed,False,2026-08-19T13:31:00.342217+09:00
Expense Sentry,,,failed,False,2026-08-17T21:36:52.396982+09:00
Expense Sheet,5400.0,46.0,success,False,2026-08-19T13:30:45.657035+09:00
Expense Shortfall,,,failed,False,2026-08-27T21:46:28.400647+09:00
Expense Signal,,,failed,False,2026-08-17T20:37:03.531282+09:00
Expense Signature,,,failed,False,2026-08-23T13:26:40.982312+09:00
Expense Slip,40.0,0.0,success,False,2026-08-19T22:02:09.365210+09:00
Expense Slot,,,failed,False,2026-08-19T22:02:31.549197+09:00
Expense Snapshot,,,failed,False,2026-08-18T22:07:07.445674+09:00
Expense Stage,,,failed,False,2026-08-28T00:47:00.263771+09:00
Expense Stamp,,,failed,False,2026-08-23T13:26:46.141852+09:00
Expense Statement,480.0,10.0,success,False,2026-08-21T00:35:13.915986+09:00
Expense Station,,,failed,False,2026-08-17T20:45:22.370262+09:00
Expense Status,10.0,0.0,success,False,2026-08-19T20:44:26.671038+09:00
Expense Stipend,30.0,0.0,success,False,2026-08-23T13:45:48.186439+09:00
Expense Stub,,,failed,False,2026-08-21T00:35:11.745138+09:00
Expense Studio,,,failed,False,2026-08-17T20:47:25.656493+09:00
Expense Subsidy,,,failed,False,2026-08-23T15:50:49.697674+09:00
Expense Suite,,,failed,False,2026-08-17T23:12:08.094400+09:00
Expense Sum,,,failed,False,2026-08-21T02:30:47.137745+09:00
Expense Summary,720.0,9.0,success,False,2026-08-19T21:16:57.743794+09:00
Expense Surtax,,,failed,False,2026-08-23T15:50:51.928952+09:00
Expense Sync,10.0,14.0,success,False,2026-08-17T21:31:33.014186+09:00
Expense Tab,,,failed,False,2026-08-21T00:35:29.281212+09:00
Expense Table,480.0,38.0,success,False,2026-08-19T22:01:48.957551+09:00
Expense Tag,,,failed,False,2026-08-19T13:31:17.650623+09:00
Expense Tally,10.0,30.0,success,False,2026-08-21T00:35:13.915986+09:00
Expense Tariff,,,failed,False,2026-08-21T02:36:44.892736+09:00
Expense Tax,1000.0,7.0,success,False,2026-08-21T02:15:15.095648+09:00
Expense Ticket,30.0,24.0,success,False,2026-08-19T21:17:49.852730+09:00
Expense Tier,,,failed,False,2026-08-28T00:47:00.263771+09:00
Expense Timeline,,,failed,False,2026-08-19T21:17:08.649893+09:00
Expense Timer,,,failed,False,2026-08-28T00:23:26.429201+09:00
Expense Toll,,,failed,False,2026-08-21T02:36:37.228119+09:00
Expense Toolbox,,,failed,False,2026-08-28T00:23:35.070799+09:00
Expense Toolkit,,,failed,False,2026-08-18T22:06:41.570881+09:00
Expense Total,3600.0,0.0,success,True,2026-08-27T23:11:47.149537+09:00
Expense Tracker,27100.0,49.0,success,False,2026-08-17T21:32:45.123730+09:00
Expense Trail,,,failed,False,2026-08-17T20:33:46.243100+09:00
Expense Trend,30.0,0.0,success,False,2026-08-28T01:04:09.060597+09:00
Expense Trial,,,failed,False,2026-08-27T21:14:33.237385+09:00
Expense Unit,,,failed,False,2026-08-21T01:59:26.364386+09:00
Expense Update,,,failed,False,2026-08-19T20:45:14.737555+09:00
Expense Value,30.0,0.0,success,False,2026-08-23T02:52:30.798474+09:00
Expense Vault,,,failed,False,2026-08-17T20:43:01.991108+09:00
Expense Version,,,failed,False,2026-08-23T03:15:10.473494+09:00
Expense View,10.0,4.0,success,False,2026-08-19T20:44:32.627645+09:00
Expense Wallet,70.0,49.0,success,False,2026-08-27T22:46:36.036918+09:00
Expense Watch,170.0,96.0,success,False,2026-08-17T20:36:06.570384+09:00
Expense Wave,,,failed,False,2026-08-18T07:52:25.028656+09:00
Expense Widget,10.0,,success,False,2026-08-27T23:11:47.149537+09:00
Expense Workbench,,,failed,False,2026-08-18T22:06:31.917725+09:00
Expense Worksheet,260.0,99.0,success,False,2026-08-27T22:08:46.567667+09:00
Expense Zone,,,failed,False,2026-08-17T20:42:34.302604+09:00
Extraction Advance,,,failed,False,2026-08-23T16:16:17.008573+09:00
Extraction Advisory,,,failed,False,2026-08-21T01:06:16.364943+09:00
Extraction Allowance,,,failed,False,2026-08-21T02:43:30.904154+09:00
Extraction Almanac,,,failed,False,2026-08-18T22:08:50.050771+09:00
Extraction Analyzer,,,failed,False,2026-08-27T23:58:08.716476+09:00
Extraction Anchor,,,failed,False,2026-08-17T23:11:11.238352+09:00
Extraction Arrears,,,failed,False,2026-08-23T16:16:13.507688+09:00
Extraction Asset,,,failed,False,2026-08-23T13:48:00.316866+09:00
Extraction Assistant,10.0,0.0,success,False,2026-08-17T23:11:46.496961+09:00
Extraction Atlas,,,failed,False,2026-08-17T23:15:18.258563+09:00
Extraction Attribute,,,failed,False,2026-08-23T13:08:56.247878+09:00
Extraction Badge,,,failed,False,2026-08-21T00:33:28.430853+09:00
Extraction Base,,,failed,False,2026-08-17T23:10:49.091693+09:00
Extraction Beacon,,,failed,False,2026-08-17T23:09:34.502992+09:00
Extraction Bill,10.0,0.0,success,False,2026-08-19T21:59:12.539055+09:00
Extraction Blueprint,,,failed,False,2026-08-18T22:08:40.228889+09:00
Extraction Board,590.0,92.0,success,False,2026-08-17T23:32:34.743858+09:00
Extraction Book,390.0,5.0,success,False,2026-08-19T22:00:04.199605+09:00
Extraction Bridge,50.0,8.0,success,False,2026-08-17T23:30:05.459796+09:00
Extraction Brief,,,failed,False,2026-08-21T01:06:07.369655+09:00
Extraction Bulletin,,,failed,False,2026-08-21T01:06:03.967646+09:00
Extraction Calculator,70.0,1.0,success,False,2026-08-27T23:36:17.600549+09:00
Extraction Calendar,,,failed,False,2026-08-18T23:59:36.900086+09:00
Extraction Card,,,failed,False,2026-08-19T13:31:50.431005+09:00
Extraction Cascade,,,failed,False,2026-08-17T23:03:55.937111+09:00
Extraction Cash,,,failed,False,2026-08-21T02:28:25.181498+09:00
Extraction Catalog,,,failed,False,2026-08-19T21:17:18.865865+09:00
Extraction Category,,,failed,False,2026-08-23T13:08:53.842629+09:00
Extraction Center,20.0,15.0,success,False,2026-08-17T23:33:13.848442+09:00
Extraction Chain,10.0,0.0,success,False,2026-08-17T23:24:40.372556+09:00
Extraction Charge,,,failed,False,2026-08-21T02:43:21.598191+09:00
Extraction Check,,,failed,False,2026-08-19T13:32:07.571238+09:00
Extraction Checker,,,failed,False,2026-08-27T23:58:03.075368+09:00
Extraction Checklist,,,failed,False,2026-08-19T21:16:16.247165+09:00
Extraction Circular,,,failed,False,2026-08-21T01:06:10.948985+09:00
Extraction Cockpit,,,failed,False,2026-08-17T23:27:21.585941+09:00
Extraction Code,590.0,1.0,success,False,2026-08-19T21:59:35.883958+09:00
Extraction Codex,,,failed,False,2026-08-18T22:09:07.653451+09:00
Extraction Companion,,,failed,False,2026-08-17T23:09:54.812310+09:00
Extraction Comparison,,,failed,False,2026-08-28T01:08:09.929341+09:00
Extraction Compass,,,failed,False,2026-08-17T23:29:34.686853+09:00
Extraction Compendium,,,failed,False,2026-08-18T22:08:59.053528+09:00
Extraction Confirmation,,,failed,False,2026-08-21T01:06:23.582625+09:00
Extraction Console,,,failed,False,2026-08-17T22:46:53.613180+09:00
Extraction Contribution,,,failed,False,2026-08-23T16:16:13.507688+09:00
Extraction Core,,,failed,False,2026-08-17T23:32:21.137516+09:00
Extraction Cost,390.0,10.0,success,False,2026-08-21T02:12:43.354957+09:00
Extraction Count,,,failed,False,2026-08-27T22:50:09.773795+09:00
Extraction Counter,,,failed,False,2026-08-19T00:00:34.964613+09:00
Extraction Dashboard,,,failed,False,2026-08-17T23:15:02.433018+09:00
Extraction Deal,,,failed,False,2026-08-21T01:57:38.284860+09:00
Extraction Debt,,,failed,False,2026-08-21T02:28:18.996082+09:00
Extraction Deck,,,failed,False,2026-08-17T23:12:24.724350+09:00
Extraction Depot,170.0,39.0,success,False,2026-08-19T00:00:16.279363+09:00
Extraction Desk,,,failed,False,2026-08-17T23:28:58.984040+09:00
Extraction Detail,,,failed,False,2026-08-23T03:22:30.618913+09:00
Extraction Detector,,,failed,False,2026-08-27T23:58:05.711455+09:00
Extraction Diagram,170.0,0.0,success,False,2026-08-27T22:14:02.180893+09:00
Extraction Dial,,,failed,False,2026-08-17T23:10:31.513884+09:00
Extraction Digest,,,failed,False,2026-08-19T20:45:29.456295+09:00
Extraction Directory,,,failed,False,2026-08-18T23:59:47.446594+09:00
Extraction Dock,,,failed,False,2026-08-17T23:12:05.919804+09:00
Extraction Dossier,,,failed,False,2026-08-21T01:06:30.195338+09:00
Extraction Downpayment,,,failed,False,2026-08-27T21:49:33.781529+09:00
Extraction Draft,,,failed,False,2026-08-19T20:45:45.249853+09:00
Extraction Due,,,failed,False,2026-08-23T15:52:40.502270+09:00
Extraction Duty,,,failed,False,2026-08-21T02:43:25.318568+09:00
Extraction Engine,30.0,1.0,success,False,2026-08-17T23:26:22.390418+09:00
Extraction Entry,10.0,0.0,success,False,2026-08-21T01:06:45.397337+09:00
Extraction Estimate,,,failed,False,2026-08-19T21:17:08.649893+09:00
Extraction Estimator,,,failed,False,2026-08-27T23:58:00.506831+09:00
Extraction Excerpt,,,failed,False,2026-08-21T01:06:42.544203+09:00
Extraction Fare,,,failed,False,2026-08-21T02:12:54.787375+09:00
Extraction Fee,40.0,4.0,success,False,2026-08-21T01:57:21.062358+09:00
Extraction Feed,,,failed,False,2026-08-19T20:45:35.048925+09:00
Extraction Field,,,failed,False,2026-08-23T13:09:00.936814+09:00
Extraction File,8100.0,6.0,success,False,2026-08-19T20:44:56.793146+09:00
Extraction Finder,,,failed,False,2026-08-19T00:00:08.120656+09:00
Extraction Fine,,,failed,False,2026-08-23T02:57:27.142882+09:00
Extraction Flag,,,failed,False,2026-08-21T00:34:09.449100+09:00
Extraction Flow,,,failed,False,2026-08-17T23:06:02.733299+09:00
Extraction Forge,,,failed,False,2026-08-17T23:29:49.351305+09:00
Extraction Form,210.0,0.0,success,False,2026-08-19T13:31:44.608385+09:00
Extraction Format,,,failed,False,2026-08-23T13:09:03.594529+09:00
Extraction Frame,14800.0,1.0,success,False,2026-08-17T23:32:05.926406+09:00
Extraction Fund,,,failed,False,2026-08-21T02:28:22.675348+09:00
Extraction Gate,,,failed,False,2026-08-17T23:08:28.176792+09:00
Extraction Grade,,,failed,False,2026-08-21T00:33:53.387508+09:00
Extraction Graph,,,failed,False,2026-08-27T22:13:53.849783+09:00
Extraction Grid,10.0,0.0,success,False,2026-08-17T23:30:49.193189+09:00
Extraction Guard,10.0,100.0,success,False,2026-08-17T23:28:04.378663+09:00
Extraction Guidebook,,,failed,False,2026-08-18T22:08:25.868252+09:00
Extraction Helpdesk,,,failed,False,2026-08-27T22:50:09.773795+09:00
Extraction Helper,10.0,0.0,success,False,2026-08-28T00:26:55.262283+09:00
Extraction History,40.0,0.0,success,False,2026-08-19T20:44:50.684915+09:00
Extraction Hotline,,,failed,False,2026-08-19T21:17:29.124164+09:00
Extraction Hub,50.0,1.0,success,False,2026-08-17T23:28:37.439215+09:00
Extraction Identifier,,,failed,False,2026-08-23T13:08:51.704947+09:00
Extraction Index,30.0,0.0,success,False,2026-08-19T21:16:30.496623+09:00
Extraction Insight,,,failed,False,2026-08-17T23:27:06.990402+09:00
Extraction Item,,,failed,False,2026-08-21T01:57:25.896991+09:00
Extraction Journal,30.0,0.0,success,False,2026-08-18T22:08:11.096453+09:00
Extraction Keeper,,,failed,False,2026-08-17T23:10:08.054607+09:00
Extraction Lab,3600.0,36.0,success,False,2026-08-17T23:07:07.612411+09:00
Extraction Ledger,,,failed,False,2026-08-17T23:05:14.518937+09:00
Extraction Lens,,,failed,False,2026-08-17T22:51:32.586910+09:00
Extraction Level,10.0,0.0,success,False,2026-08-19T20:45:06.240403+09:00
Extraction Levy,,,failed,False,2026-08-23T13:48:04.421871+09:00
Extraction Link,,,failed,False,2026-08-23T03:22:22.094995+09:00
Extraction List,70.0,9.0,success,False,2026-08-19T21:59:46.400279+09:00
Extraction Loan,,,failed,False,2026-08-21T02:13:04.369688+09:00
Extraction Locator,,,failed,False,2026-08-18T23:59:57.747609+09:00
Extraction Lock,,,failed,False,2026-08-17T23:09:15.899406+09:00
Extraction Log,,,failed,False,2026-08-19T13:31:24.471816+09:00
Extraction Loop,320.0,70.0,success,False,2026-08-17T23:12:45.983083+09:00
Extraction Manager,10.0,0.0,success,False,2026-08-17T23:26:06.305227+09:00
Extraction Manual,,,failed,False,2026-08-27T22:13:56.258937+09:00
Extraction Map,110.0,3.0,success,False,2026-08-17T23:31:45.267981+09:00
Extraction Margin,,,failed,False,2026-08-23T02:57:24.970560+09:00
Extraction Memo,,,failed,False,2026-08-21T00:33:58.463562+09:00
Extraction Message,,,failed,False,2026-08-27T23:15:33.369822+09:00
Extraction Meter,,,failed,False,2026-08-17T23:23:41.484558+09:00
Extraction Metrics,,,failed,False,2026-08-17T23:08:08.981233+09:00
Extraction Monitor,,,failed,False,2026-08-17T23:13:24.499414+09:00
Extraction Navigator,30.0,,success,False,2026-08-17T23:27:34.340862+09:00
Extraction Nexus,,,failed,False,2026-08-17T23:25:33.384672+09:00
Extraction Node,,,failed,False,2026-08-17T23:24:58.944526+09:00
Extraction Note,,,failed,False,2026-08-19T13:32:25.938189+09:00
Extraction Notification,,,failed,False,2026-08-27T22:50:03.051342+09:00
Extraction Number,1900.0,0.0,success,True,2026-08-23T03:22:14.563475+09:00
Extraction Office,,,failed,False,2026-08-19T00:00:25.348270+09:00
Extraction Ops,,,failed,False,2026-08-17T23:04:12.037031+09:00
Extraction Order,170.0,0.0,success,False,2026-08-19T21:59:04.972402+09:00
Extraction Organizer,,,failed,False,2026-08-17T23:26:50.492047+09:00
Extraction Outline,,,failed,False,2026-08-27T22:29:20.594574+09:00
Extraction Overage,,,failed,False,2026-08-27T21:49:31.660766+09:00
Extraction Overdue,,,failed,False,2026-08-27T21:49:27.090308+09:00
Extraction Panel,,,failed,False,2026-08-17T23:23:24.651550+09:00
Extraction Path,50.0,0.0,success,False,2026-08-17T23:14:25.326532+09:00
Extraction Payoff,,,failed,False,2026-08-27T21:49:29.301041+09:00
Extraction Penalty,,,failed,False,2026-08-23T16:39:47.689837+09:00
Extraction Petition,,,failed,False,2026-08-21T01:06:19.538829+09:00
Extraction Pilot,,,failed,False,2026-08-17T23:13:04.753315+09:00
Extraction Plan,90.0,0.0,success,False,2026-08-21T01:57:34.337774+09:00
Extraction Planner,,,failed,False,2026-08-17T23:26:36.000104+09:00
Extraction Playbook,,,failed,False,2026-08-18T22:08:02.449968+09:00
Extraction Point,1300.0,0.0,success,True,2026-08-17T23:31:27.985495+09:00
Extraction Portal,,,failed,False,2026-08-17T23:33:25.716051+09:00
Extraction Profile,,,failed,False,2026-08-19T13:32:45.255500+09:00
Extraction Profit,10.0,3.0,success,False,2026-08-23T02:57:17.363671+09:00
Extraction Proposal,,,failed,False,2026-08-28T01:08:15.051453+09:00
Extraction Pulse,,,failed,False,2026-08-17T23:07:32.474026+09:00
Extraction Queue,,,failed,False,2026-08-19T21:16:53.658254+09:00
Extraction Quota,,,failed,False,2026-08-21T00:34:04.071728+09:00
Extraction Radar,,,failed,False,2026-08-17T23:07:51.294970+09:00
Extraction Rail,,,failed,False,2026-08-17T23:24:19.906640+09:00
Extraction Rate,210.0,3.0,success,False,2026-08-19T20:45:12.440392+09:00
Extraction Recap,20.0,0.0,success,False,2026-08-21T01:06:33.871335+09:00
Extraction Receipt,,,failed,False,2026-08-19T21:59:23.737982+09:00
Extraction Recorder,,,failed,False,2026-08-27T23:36:23.122509+09:00
Extraction Register,,,failed,False,2026-08-17T23:27:48.723968+09:00
Extraction Registry,,,failed,False,2026-08-18T22:08:34.595424+09:00
Extraction Relay,,,failed,False,2026-08-17T23:29:14.907859+09:00
Extraction Reminder,,,failed,False,2026-08-19T21:16:06.341907+09:00
Extraction Report,110.0,1.0,success,False,2026-08-19T13:31:09.832283+09:00
Extraction Result,320.0,1.0,success,False,2026-08-28T00:48:27.212910+09:00
Extraction Roadmap,10.0,0.0,success,False,2026-08-18T22:09:15.023895+09:00
Extraction Route,,,failed,False,2026-08-17T23:23:57.574570+09:00
Extraction Rule,20.0,0.0,success,False,2026-08-23T03:22:26.114633+09:00
Extraction Sale,,,failed,False,2026-08-21T02:28:28.588606+09:00
Extraction Sample,110.0,3.0,success,False,2026-08-19T22:00:26.290780+09:00
Extraction Scale,,,failed,False,2026-08-17T23:04:50.362686+09:00
Extraction Scanner,,,failed,False,2026-08-27T23:58:03.075368+09:00
Extraction Scheduler,,,failed,False,2026-08-17T23:06:24.757707+09:00
Extraction Schematic,,,failed,False,2026-08-27T22:29:16.006701+09:00
Extraction Scope,,,failed,False,2026-08-17T23:30:33.375533+09:00
Extraction Score,10.0,0.0,success,False,2026-08-19T13:32:18.631834+09:00
Extraction Sentry,,,failed,False,2026-08-17T23:25:51.814430+09:00
Extraction Sheet,70.0,0.0,success,False,2026-08-19T13:31:59.823844+09:00
Extraction Shortfall,,,failed,False,2026-08-27T21:49:33.781529+09:00
Extraction Signal,,,failed,False,2026-08-17T23:30:19.900529+09:00
Extraction Signature,,,failed,False,2026-08-23T13:27:59.739210+09:00
Extraction Slip,,,failed,False,2026-08-19T22:00:16.178777+09:00
Extraction Slot,,,failed,False,2026-08-19T22:00:37.818778+09:00
Extraction Snapshot,,,failed,False,2026-08-18T22:08:17.707470+09:00
Extraction Stage,10.0,0.0,success,False,2026-08-28T00:48:27.212910+09:00
Extraction Stake,,,failed,False,2026-08-23T02:57:19.456946+09:00
Extraction Statement,,,failed,False,2026-08-21T00:33:39.786796+09:00
Extraction Station,10.0,16.0,success,False,2026-08-17T23:33:00.502135+09:00
Extraction Status,10.0,2.0,success,False,2026-08-19T20:44:32.627645+09:00
Extraction Stub,,,failed,False,2026-08-21T00:33:34.783519+09:00
Extraction Studio,,,failed,False,2026-08-17T23:32:49.252049+09:00
Extraction Subsidy,,,failed,False,2026-08-23T15:52:40.502270+09:00
Extraction Suite,,,failed,False,2026-08-17T23:04:29.933530+09:00
Extraction Sum,,,failed,False,2026-08-21T02:28:15.974883+09:00
Extraction Summary,70.0,3.0,success,False,2026-08-19T21:15:46.366866+09:00
Extraction Surtax,,,failed,False,2026-08-23T15:52:42.470276+09:00
Extraction Sync,,,failed,False,2026-08-17T23:28:17.323230+09:00
Extraction Tab,,,failed,False,2026-08-21T00:34:14.211470+09:00
Extraction Table,3600.0,6.0,success,False,2026-08-19T21:59:55.438905+09:00
Extraction Tag,,,failed,False,2026-08-19T13:32:37.235735+09:00
Extraction Tally,,,failed,False,2026-08-21T00:33:48.597432+09:00
Extraction Tariff,,,failed,False,2026-08-21T02:43:35.121601+09:00
Extraction Tax,110.0,2.0,success,False,2026-08-21T02:12:59.494269+09:00
Extraction Ticket,40.0,0.0,success,False,2026-08-19T21:16:41.047984+09:00
Extraction Timeline,20.0,0.0,success,False,2026-08-19T21:15:56.084621+09:00
Extraction Timer,,,failed,False,2026-08-28T00:26:50.285916+09:00
Extraction Toll,,,failed,False,2026-08-21T02:43:28.304823+09:00
Extraction Toolbox,,,failed,False,2026-08-28T00:26:55.262283+09:00
Extraction Toolkit,,,failed,False,2026-08-18T22:07:53.653114+09:00
Extraction Total,,,failed,False,2026-08-27T23:15:33.369822+09:00
Extraction Tracker,170.0,1.0,success,False,2026-08-17T23:11:27.104300+09:00
Extraction Trail,,,failed,False,2026-08-17T23:06:43.544679+09:00
Extraction Trend,,,failed,False,2026-08-28T01:08:07.317285+09:00
Extraction Trial,10.0,0.0,success,False,2026-08-27T21:18:29.046782+09:00
Extraction Unit,480.0,99.0,success,False,2026-08-21T01:57:30.255883+09:00
Extraction Update,10.0,0.0,success,False,2026-08-19T20:45:21.816276+09:00
Extraction Vault,,,failed,False,2026-08-17T23:14:44.117441+09:00
Extraction Version,,,failed,False,2026-08-23T03:22:18.461537+09:00
Extraction View,,,failed,False,2026-08-19T20:44:39.695908+09:00
Extraction Watch,1900.0,3.0,success,False,2026-08-17T23:05:41.457486+09:00
Extraction Wave,,,failed,False,2026-08-17T23:31:12.330432+09:00
Extraction Widget,,,failed,False,2026-08-27T23:15:36.970228+09:00
Extraction Workbench,,,failed,False,2026-08-18T22:07:47.344279+09:00
Extraction Worksheet,,,failed,False,2026-08-27T22:14:02.180893+09:00
Extraction Zone,590.0,1.0,success,False,2026-08-17T23:08:49.702335+09:00
Family Advisory,390.0,15.0,success,False,2026-08-21T01:05:40.713486+09:00
Family Allowance,5400.0,3.0,success,False,2026-08-21T02:38:25.978724+09:00
Family Almanac,30.0,23.0,success,False,2026-08-18T23:50:55.831862+09:00
Family Anchor,140.0,8.0,success,False,2026-08-17T23:14:14.412117+09:00
Family Announcement,2400.0,1.0,success,False,2026-08-27T23:32:26.212741+09:00
Family Asset,480.0,1.0,success,False,2026-08-23T13:46:55.595088+09:00
Family Assistant,1000.0,28.0,success,False,2026-08-17T23:14:51.389027+09:00
Family Atlas,50.0,20.0,success,False,2026-08-17T23:06:09.735984+09:00
Family Attribute,50.0,0.0,success,False,2026-08-23T13:06:31.775349+09:00
Family Badge,320.0,39.0,success,False,2026-08-21T00:32:18.028421+09:00
Family Base,1000.0,1.0,success,False,2026-08-17T23:13:53.612284+09:00
Family Beacon,10.0,0.0,success,False,2026-08-17T23:12:33.022666+09:00
Family Bill,170.0,1.0,success,False,2026-08-19T21:55:12.102159+09:00
Family Blueprint,70.0,0.0,success,False,2026-08-18T23:50:55.831862+09:00
Family Board,880.0,60.0,success,False,2026-08-17T23:04:36.399044+09:00
Family Book,4400.0,41.0,success,False,2026-08-19T21:56:01.385775+09:00
Family Bridge,1300.0,1.0,success,False,2026-08-17T22:48:03.176041+09:00
Family Brief,20.0,0.0,success,False,2026-08-21T01:05:28.222738+09:00
Family Bulletin,30.0,0.0,success,False,2026-08-21T01:05:25.449789+09:00
Family Calendar,18100.0,100.0,success,False,2026-08-18T23:59:40.785220+09:00
Family Card,49500.0,2.0,success,False,2026-08-19T13:22:55.768758+09:00
Family Cascade,,,failed,False,2026-08-17T23:07:18.335398+09:00
Family Cash,201000.0,2.0,success,False,2026-08-21T02:22:07.753021+09:00
Family Cashback,,,failed,False,2026-08-27T21:12:56.642443+09:00
Family Catalog,70.0,1.0,success,False,2026-08-19T21:11:50.782037+09:00
Family Category,260.0,0.0,success,False,2026-08-23T13:06:29.194377+09:00
Family Center,27100.0,3.0,success,False,2026-08-17T23:13:28.338167+09:00
Family Chain,590.0,52.0,success,False,2026-08-17T23:06:06.115551+09:00
Family Charge,210.0,34.0,success,False,2026-08-21T02:38:16.396053+09:00
Family Check,4400.0,0.0,success,True,2026-08-19T13:23:19.735168+09:00
Family Checklist,90.0,21.0,success,False,2026-08-19T21:10:58.611553+09:00
Family Circular,10.0,0.0,success,False,2026-08-21T01:05:32.279989+09:00
Family Cockpit,40.0,5.0,success,False,2026-08-17T23:07:35.240679+09:00
Family Code,9900.0,1.0,success,False,2026-08-19T21:55:31.155886+09:00
Family Codex,10.0,0.0,success,False,2026-08-18T21:11:26.018001+09:00
Family Companion,1000.0,0.0,success,True,2026-08-17T23:12:55.157000+09:00
Family Compass,880.0,3.0,success,False,2026-08-17T23:14:10.961193+09:00
Family Compendium,,,failed,False,2026-08-18T23:50:58.305454+09:00
Family Confirmation,10.0,0.0,success,False,2026-08-21T01:05:53.776527+09:00
Family Console,2400.0,91.0,success,False,2026-08-17T23:06:32.975995+09:00
Family Contribution,260.0,1.0,success,False,2026-08-23T16:14:21.823505+09:00
Family Core,1000.0,1.0,success,False,2026-08-17T23:10:15.371250+09:00
Family Cost,210.0,0.0,success,False,2026-08-21T02:06:27.364500+09:00
Family Count,720.0,2.0,success,False,2026-08-27T22:44:57.466905+09:00
Family Counter,720.0,2.0,success,False,2026-08-18T23:57:35.193051+09:00
Family Coupon,210.0,10.0,success,False,2026-08-27T21:12:56.642443+09:00
Family Dashboard,880.0,40.0,success,False,2026-08-17T23:05:51.247207+09:00
Family Deal,3600.0,21.0,success,False,2026-08-21T01:49:57.762710+09:00
Family Debt,170.0,5.0,success,False,2026-08-21T02:21:59.749711+09:00
Family Deck,140.0,2.0,success,False,2026-08-17T23:15:27.187478+09:00
Family Depot,2400.0,2.0,success,False,2026-08-18T23:57:13.406878+09:00
Family Desk,140.0,94.0,success,False,2026-08-17T23:12:30.403803+09:00
Family Detail,2900.0,0.0,success,True,2026-08-23T03:17:44.508741+09:00
Family Diagram,1300.0,1.0,success,False,2026-08-27T22:07:09.283408+09:00
Family Dial,,,failed,False,2026-08-17T23:13:32.470918+09:00
Family Digest,880.0,100.0,success,False,2026-08-19T20:41:00.818648+09:00
Family Directory,210.0,1.0,success,False,2026-08-18T23:59:51.056306+09:00
Family Discount,60500.0,6.0,success,False,2026-08-23T16:14:18.981651+09:00
Family Dock,70.0,27.0,success,False,2026-08-17T23:15:07.247244+09:00
Family Dossier,,,failed,False,2026-08-21T01:05:51.926035+09:00
Family Draft,30.0,0.0,success,False,2026-08-19T20:41:20.028487+09:00
Family Duty,590.0,0.0,success,False,2026-08-21T02:38:19.881796+09:00
Family Endowment,50.0,4.0,success,False,2026-08-23T15:51:47.066948+09:00
Family Engine,390.0,0.0,success,False,2026-08-17T23:03:58.711434+09:00
Family Entry,40.0,0.0,success,False,2026-08-21T01:06:12.457382+09:00
Family Estimate,10.0,5.0,success,False,2026-08-19T21:11:39.725993+09:00
Family Estimator,10.0,0.0,success,False,2026-08-27T23:51:51.958622+09:00
Family Excerpt,,,failed,False,2026-08-21T01:06:09.386639+09:00
Family Fare,201000.0,9.0,success,False,2026-08-21T02:06:36.583403+09:00
Family Fee,110.0,1.0,success,False,2026-08-21T01:57:03.804845+09:00
Family Feed,480.0,0.0,success,False,2026-08-19T20:41:10.828189+09:00
Family File,1000.0,1.0,success,False,2026-08-19T20:40:26.363458+09:00
Family Finder,3600.0,40.0,success,False,2026-08-18T23:57:00.632523+09:00
Family Fine,70.0,2.0,success,False,2026-08-23T02:53:52.134740+09:00
Family Flag,720.0,44.0,success,False,2026-08-21T00:32:59.208813+09:00
Family Flow,260.0,36.0,success,False,2026-08-17T23:09:23.779987+09:00
Family Forge,210.0,2.0,success,False,2026-08-17T23:08:54.682716+09:00
Family Form,1300.0,1.0,success,False,2026-08-19T13:22:09.591180+09:00
Family Format,1300.0,1.0,success,False,2026-08-23T13:06:36.915804+09:00
Family Frame,3600.0,97.0,success,False,2026-08-17T23:15:25.442488+09:00
Family Fund,49500.0,1.0,success,False,2026-08-21T02:22:03.460496+09:00
Family Gate,320.0,0.0,success,False,2026-08-17T23:11:35.407010+09:00
Family Generator,1000.0,0.0,success,True,2026-08-27T23:32:36.959010+09:00
Family Giveaway,40.0,46.0,success,False,2026-08-27T21:13:04.814179+09:00
Family Grade,,,failed,False,2026-08-21T00:32:43.028189+09:00
Family Grid,70.0,0.0,success,False,2026-08-17T23:12:11.666158+09:00
Family Guard,2400.0,79.0,success,False,2026-08-17T23:03:39.400104+09:00
Family Guardian,1900.0,2.0,success,False,2026-08-28T00:22:11.514597+09:00
Family Guidebook,5400.0,3.0,success,False,2026-08-18T23:50:58.305454+09:00
Family Helpdesk,,,failed,False,2026-08-27T22:45:00.824166+09:00
Family Helper,1900.0,9.0,success,False,2026-08-28T00:22:18.393624+09:00
Family History,22200.0,17.0,success,False,2026-08-19T20:40:17.061535+09:00
Family Hotline,70.0,20.0,success,False,2026-08-19T21:12:04.004296+09:00
Family Hub,14800.0,28.0,success,False,2026-08-17T23:05:21.665981+09:00
Family Identifier,550000.0,0.0,success,True,2026-08-23T13:06:27.049949+09:00
Family Incentive,20.0,0.0,success,False,2026-08-27T21:13:01.722363+09:00
Family Index,90.0,12.0,success,False,2026-08-19T21:11:07.162763+09:00
Family Insight,880.0,7.0,success,False,2026-08-17T23:12:51.339052+09:00
Family Installment,,,failed,False,2026-08-23T16:14:21.823505+09:00
Family Item,140.0,30.0,success,False,2026-08-21T01:57:08.672731+09:00
Family Journal,1300.0,29.0,success,False,2026-08-18T23:50:58.305454+09:00
Family Keeper,210.0,14.0,success,False,2026-08-17T23:13:13.553145+09:00
Family Kit,590.0,8.0,success,False,2026-08-27T22:44:52.843533+09:00
Family Lab,2900.0,2.0,success,False,2026-08-17T23:10:18.497736+09:00
Family Ledger,140.0,0.0,success,False,2026-08-17T23:08:38.142070+09:00
Family Lens,50.0,0.0,success,False,2026-08-17T23:06:52.573020+09:00
Family Level,1600.0,0.0,success,True,2026-08-19T20:40:32.306082+09:00
Family Link,2240000.0,1.0,success,False,2026-08-23T03:17:34.613762+09:00
Family List,720.0,1.0,success,False,2026-08-19T21:55:41.048712+09:00
Family Loan,1900.0,21.0,success,False,2026-08-21T02:06:47.400251+09:00
Family Lobby,40.0,0.0,success,False,2026-08-19T12:27:23.710394+09:00
Family Locator,12100.0,43.0,success,False,2026-08-18T23:59:57.747609+09:00
Family Lock,320.0,2.0,success,False,2026-08-17T23:12:14.829118+09:00
Family Log,260.0,0.0,success,False,2026-08-19T13:21:55.310171+09:00
Family Loop,50.0,7.0,success,False,2026-08-17T22:48:05.376281+09:00
Family Manager,1900.0,1.0,success,False,2026-08-17T23:09:36.803243+09:00
Family Manual,40.0,2.0,success,False,2026-08-27T22:07:05.837486+09:00
Family Map,9900.0,3.0,success,False,2026-08-17T23:08:34.451093+09:00
Family Margin,,,failed,False,2026-08-23T02:53:49.996059+09:00
Family Memo,50.0,0.0,success,False,2026-08-21T00:32:50.317142+09:00
Family Message,2400.0,27.0,success,False,2026-08-27T23:10:28.498213+09:00
Family Meter,110.0,0.0,success,False,2026-08-17T23:09:57.644305+09:00
Family Metrics,320.0,0.0,success,False,2026-08-17T23:11:16.019102+09:00
Family Monitor,110.0,10.0,success,False,2026-08-17T23:04:03.069082+09:00
Family Navigator,260.0,2.0,success,False,2026-08-17T23:14:27.748058+09:00
Family Nexus,170.0,6.0,success,False,2026-08-17T23:07:52.950180+09:00
Family Node,10.0,0.0,success,False,2026-08-17T23:13:11.418966+09:00
Family Note,720.0,1.0,success,False,2026-08-19T13:23:46.954730+09:00
Family Notification,170.0,0.0,success,False,2026-08-27T22:44:50.273695+09:00
Family Number,1600.0,0.0,success,True,2026-08-23T03:17:28.989211+09:00
Family Office,60500.0,20.0,success,False,2026-08-18T23:57:22.753165+09:00
Family Ops,70.0,0.0,success,False,2026-08-17T23:07:36.976637+09:00
Family Order,480.0,1.0,success,False,2026-08-19T21:55:03.832007+09:00
Family Organizer,1600.0,100.0,success,False,2026-08-17T23:05:44.417197+09:00
Family Overdue,,,failed,False,2026-08-27T21:45:56.763524+09:00
Family Panel,2400.0,0.0,success,True,2026-08-17T23:15:05.132671+09:00
Family Pass,1900.0,17.0,success,False,2026-08-21T00:32:06.767489+09:00
Family Path,390.0,7.0,success,False,2026-08-17T23:04:59.397693+09:00
Family Petition,320.0,3.0,success,False,2026-08-21T01:07:59.313235+09:00
Family Pilot,40.0,0.0,success,False,2026-08-17T23:03:41.404316+09:00
Family Plan,201000.0,12.0,success,False,2026-08-21T01:57:17.630744+09:00
Family Planner,201000.0,12.0,success,False,2026-08-17T23:11:13.383500+09:00
Family Playbook,30.0,0.0,success,False,2026-08-18T23:50:58.305454+09:00
Family Point,4400.0,2.0,success,False,2026-08-17T23:13:49.973223+09:00
Family Portal,110000.0,0.0,success,True,2026-08-17T23:08:13.716761+09:00
Family Profile,1000.0,0.0,success,True,2026-08-19T13:24:22.197081+09:00
Family Profit,,,failed,False,2026-08-23T02:53:42.896171+09:00
Family Pulse,390.0,0.0,success,False,2026-08-17T23:10:38.410164+09:00
Family Queue,,,failed,False,2026-08-19T21:11:27.369189+09:00
Family Quota,50.0,0.0,success,False,2026-08-21T00:32:54.976982+09:00
Family Radar,50.0,4.0,success,False,2026-08-17T23:10:58.652260+09:00
Family Rail,40.0,41.0,success,False,2026-08-17T23:11:32.053287+09:00
Family Rate,210.0,0.0,success,False,2026-08-19T20:40:40.887904+09:00
Family Recap,20.0,0.0,success,False,2026-08-21T01:06:03.967646+09:00
Family Receipt,50.0,0.0,success,False,2026-08-19T21:55:20.954175+09:00
Family Recorder,720.0,48.0,success,False,2026-08-27T23:32:40.029337+09:00
Family Register,6600.0,0.0,success,True,2026-08-17T23:09:22.045461+09:00
Family Registry,6600.0,0.0,success,True,2026-08-18T23:50:58.305454+09:00
Family Relay,90.0,2.0,success,False,2026-08-17T23:07:13.674847+09:00
Family Reminder,90.0,6.0,success,False,2026-08-19T21:10:42.484655+09:00
Family Report,390.0,2.0,success,False,2026-08-19T13:21:40.944519+09:00
Family Roadmap,30.0,0.0,success,False,2026-08-18T21:11:26.018001+09:00
Family Roster,170.0,0.0,success,False,2026-08-19T00:37:50.207260+09:00
Family Route,260.0,1.0,success,False,2026-08-17T23:04:17.256447+09:00
Family Rule,5400.0,61.0,success,False,2026-08-23T03:17:39.480043+09:00
Family Sale,1300.0,36.0,success,False,2026-08-21T02:22:13.751196+09:00
Family Sample,170.0,3.0,success,False,2026-08-19T21:56:23.940159+09:00
Family Scale,260.0,7.0,success,False,2026-08-17T23:08:17.909902+09:00
Family Scheduler,480.0,89.0,success,False,2026-08-17T23:09:40.999221+09:00
Family Scope,30.0,1.0,success,False,2026-08-17T23:04:59.397693+09:00
Family Score,320.0,8.0,success,False,2026-08-19T13:23:28.561494+09:00
Family Sentry,170.0,5.0,success,False,2026-08-17T23:14:48.085579+09:00
Family Sheet,170.0,10.0,success,False,2026-08-19T13:23:10.003028+09:00
Family Signal,20.0,0.0,success,False,2026-08-17T23:10:35.067749+09:00
Family Signature,170.0,0.0,success,False,2026-08-23T13:27:28.386352+09:00
Family Slip,20.0,31.0,success,False,2026-08-19T21:56:11.493537+09:00
Family Slot,210.0,15.0,success,False,2026-08-19T21:56:37.173014+09:00
Family Snapshot,320.0,1.0,success,False,2026-08-18T23:50:58.305454+09:00
Family Stake,140.0,0.0,success,False,2026-08-23T02:53:47.851129+09:00
Family Statement,480.0,0.0,success,False,2026-08-21T00:32:31.934653+09:00
Family Station,880.0,2.0,success,False,2026-08-17T23:06:29.811396+09:00
Family Status,6600.0,0.0,success,True,2026-08-19T20:39:59.254826+09:00
Family Stipend,10.0,0.0,success,False,2026-08-23T13:46:59.316345+09:00
Family Stub,,,failed,False,2026-08-21T00:32:24.105621+09:00
Family Studio,3600.0,2.0,success,False,2026-08-17T23:11:53.398319+09:00
Family Subsidy,50.0,3.0,success,False,2026-08-23T15:51:44.971205+09:00
Family Suite,3600.0,14.0,success,False,2026-08-17T23:07:56.377169+09:00
Family Sum,30.0,2.0,success,False,2026-08-21T02:21:52.863298+09:00
Family Summary,140.0,0.0,success,False,2026-08-19T21:10:23.160245+09:00
Family Sync,40.0,0.0,success,False,2026-08-17T23:10:55.434729+09:00
Family Tab,260.0,21.0,success,False,2026-08-21T00:33:03.712506+09:00
Family Table,9900.0,11.0,success,False,2026-08-19T21:55:49.933305+09:00
Family Tag,480.0,3.0,success,False,2026-08-19T13:24:10.018965+09:00
Family Tally,,,failed,False,2026-08-21T00:32:38.054061+09:00
Family Tariff,10.0,2.0,success,False,2026-08-21T02:38:28.246618+09:00
Family Tax,1600.0,2.0,success,False,2026-08-21T02:06:40.735071+09:00
Family Ticket,1900.0,15.0,success,False,2026-08-19T21:11:17.911454+09:00
Family Timeline,880.0,9.0,success,False,2026-08-19T21:10:33.360879+09:00
Family Token,140.0,2.0,success,False,2026-08-23T13:27:25.869179+09:00
Family Toll,,,failed,False,2026-08-21T02:38:23.344262+09:00
Family Toolbox,110.0,0.0,success,False,2026-08-28T00:22:15.974518+09:00
Family Toolkit,50.0,0.0,success,False,2026-08-18T23:50:58.305454+09:00
Family Tracker,3600.0,28.0,success,False,2026-08-17T23:14:31.375028+09:00
Family Trail,320.0,2.0,success,False,2026-08-17T23:10:00.779750+09:00
Family Trial,90.0,0.0,success,False,2026-08-27T21:12:59.208111+09:00
Family Unit,4400.0,2.0,success,False,2026-08-21T01:57:13.280090+09:00
Family Update,390.0,0.0,success,False,2026-08-19T20:40:49.478840+09:00
Family Value,18100.0,1.0,success,False,2026-08-23T02:53:45.297778+09:00
Family Vault,590.0,1.0,success,False,2026-08-17T23:05:27.218902+09:00
Family Version,170.0,2.0,success,False,2026-08-23T03:17:31.358374+09:00
Family View,14800.0,1.0,success,False,2026-08-19T20:40:06.734480+09:00
Family Voucher,320.0,100.0,success,False,2026-08-21T00:32:13.850788+09:00
Family Watch,1300.0,89.0,success,False,2026-08-17T23:08:58.203851+09:00
Family Wave,90.0,1.0,success,False,2026-08-17T23:06:52.573020+09:00
Family Widget,30.0,0.0,success,False,2026-08-27T23:10:31.050648+09:00
Family Workbench,,,failed,False,2026-08-18T23:50:58.305454+09:00
Family Worksheet,9900.0,1.0,success,False,2026-08-27T22:07:09.283408+09:00
Family Workshop,720.0,7.0,success,False,2026-08-28T00:22:09.034750+09:00
Family Zone,2400.0,1.0,success,False,2026-08-17T23:11:56.017978+09:00
Favor Advisory,,,failed,False,2026-08-21T01:09:36.550865+09:00
Favor Allowance,,,failed,False,2026-08-21T02:41:10.290966+09:00
Favor Analyzer,,,failed,False,2026-08-27T23:56:00.047193+09:00
Favor Assistant,,,failed,False,2026-08-19T13:22:52.997590+09:00
Favor Attribute,,,failed,False,2026-08-23T13:08:51.704947+09:00
Favor Bill,,,failed,False,2026-08-19T21:55:31.155886+09:00
Favor Bin,,,failed,False,2026-08-19T13:29:31.691093+09:00
Favor Board,,,failed,False,2026-08-19T13:38:06.946096+09:00
Favor Book,50.0,15.0,success,False,2026-08-19T21:56:27.780319+09:00
Favor Brief,,,failed,False,2026-08-21T01:09:29.468190+09:00
Favor Bulletin,,,failed,False,2026-08-21T01:09:26.967706+09:00
Favor Cabinet,,,failed,False,2026-08-27T23:12:46.818245+09:00
Favor Calendar,,,failed,False,2026-08-19T13:25:04.340704+09:00
Favor Card,170.0,56.0,success,False,2026-08-19T13:31:24.471816+09:00
Favor Cash,,,failed,False,2026-08-21T02:24:48.796566+09:00
Favor Cashback,,,failed,False,2026-08-27T21:14:25.842421+09:00
Favor Catalog,10.0,0.0,success,False,2026-08-19T21:09:25.998389+09:00
Favor Category,,,failed,False,2026-08-23T13:08:48.797339+09:00
Favor Center,70.0,2.0,success,False,2026-08-19T13:39:43.638809+09:00
Favor Charge,,,failed,False,2026-08-21T02:40:59.157491+09:00
Favor Checker,,,failed,False,2026-08-27T23:55:48.344302+09:00
Favor Checklist,,,failed,False,2026-08-19T21:08:25.447867+09:00
Favor Circular,,,failed,False,2026-08-21T01:09:34.280846+09:00
Favor Code,170.0,8.0,success,False,2026-08-19T21:55:51.993679+09:00
Favor Companion,,,failed,False,2026-08-19T13:23:44.398972+09:00
Favor Comparison,,,failed,False,2026-08-28T01:06:43.929748+09:00
Favor Confirmation,,,failed,False,2026-08-21T00:58:25.474774+09:00
Favor Console,,,failed,False,2026-08-19T13:40:23.135378+09:00
Favor Contribution,,,failed,False,2026-08-23T16:11:34.314985+09:00
Favor Cost,30.0,7.0,success,False,2026-08-21T02:08:23.223151+09:00
Favor Count,,,failed,False,2026-08-27T22:47:24.172994+09:00
Favor Counter,,,failed,False,2026-08-19T13:26:15.412219+09:00
Favor Coupon,2400.0,6.0,success,False,2026-08-27T21:14:19.073158+09:00
Favor Deal,30.0,32.0,success,False,2026-08-21T01:51:35.759053+09:00
Favor Debt,,,failed,False,2026-08-21T02:24:39.206528+09:00
Favor Desk,,,failed,False,2026-08-19T13:32:55.447680+09:00
Favor Detail,,,failed,False,2026-08-23T03:21:22.362914+09:00
Favor Detector,,,failed,False,2026-08-27T23:55:53.687521+09:00
Favor Digest,,,failed,False,2026-08-19T20:49:06.260858+09:00
Favor Directory,,,failed,False,2026-08-19T13:25:14.797860+09:00
Favor Discount,30.0,22.0,success,False,2026-08-23T16:11:27.999005+09:00
Favor Dossier,,,failed,False,2026-08-21T00:58:30.042414+09:00
Favor Draft,,,failed,False,2026-08-19T20:49:16.530394+09:00
Favor Due,,,failed,False,2026-08-23T15:53:10.362751+09:00
Favor Duty,,,failed,False,2026-08-21T02:41:02.522533+09:00
Favor Engine,,,failed,False,2026-08-19T13:22:01.413587+09:00
Favor Entry,,,failed,False,2026-08-21T00:58:42.850183+09:00
Favor Estimate,,,failed,False,2026-08-19T21:09:13.421479+09:00
Favor Estimator,,,failed,False,2026-08-27T23:55:42.824458+09:00
Favor Excerpt,,,failed,False,2026-08-21T00:58:38.777262+09:00
Favor Fare,,,failed,False,2026-08-21T02:08:33.058112+09:00
Favor Fee,10.0,14.0,success,False,2026-08-21T01:51:08.406585+09:00
Favor Feed,,,failed,False,2026-08-19T20:49:09.969574+09:00
Favor Field,1600.0,0.0,success,True,2026-08-23T13:08:56.247878+09:00
Favor File,,,failed,False,2026-08-19T20:48:46.011592+09:00
Favor Fine,,,failed,False,2026-08-23T02:56:03.136754+09:00
Favor Flow,10.0,0.0,success,False,2026-08-19T13:32:42.417252+09:00
Favor Format,,,failed,False,2026-08-23T13:08:58.766460+09:00
Favor Fund,,,failed,False,2026-08-21T02:24:43.440499+09:00
Favor Generator,,,failed,False,2026-08-27T23:34:29.939711+09:00
Favor Giveaway,,,failed,False,2026-08-27T21:14:33.237385+09:00
Favor Grid,,,failed,False,2026-08-19T13:35:34.985408+09:00
Favor Guarantee,10.0,,success,False,2026-08-28T01:06:51.354656+09:00
Favor Helpdesk,,,failed,False,2026-08-27T22:47:28.680273+09:00
Favor Helper,,,failed,False,2026-08-28T00:25:26.159240+09:00
Favor History,,,failed,False,2026-08-19T20:48:40.120494+09:00
Favor Hotline,10.0,0.0,success,False,2026-08-19T21:09:36.551386+09:00
Favor Hub,10.0,0.0,success,False,2026-08-19T13:32:49.484496+09:00
Favor Identifier,,,failed,False,2026-08-23T13:08:46.542285+09:00
Favor Incentive,,,failed,False,2026-08-27T21:14:30.241053+09:00
Favor Index,,,failed,False,2026-08-19T21:08:35.799168+09:00
Favor Installment,,,failed,False,2026-08-23T16:11:31.628533+09:00
Favor Item,,,failed,False,2026-08-21T01:51:22.429358+09:00
Favor Journal,,,failed,False,2026-08-19T13:24:49.306222+09:00
Favor Kit,10.0,0.0,success,False,2026-08-27T22:47:20.471641+09:00
Favor Label,40.0,100.0,success,False,2026-08-27T22:08:36.718327+09:00
Favor Ledger,,,failed,False,2026-08-19T13:37:53.958127+09:00
Favor Link,,,failed,False,2026-08-23T03:21:14.808090+09:00
Favor List,8100.0,20.0,success,False,2026-08-19T21:56:01.385775+09:00
Favor Loan,,,failed,False,2026-08-21T02:08:44.609671+09:00
Favor Locker,,,failed,False,2026-08-19T13:26:40.628357+09:00
Favor Manager,,,failed,False,2026-08-19T13:21:52.267675+09:00
Favor Map,10.0,0.0,success,False,2026-08-19T13:37:00.513744+09:00
Favor Margin,,,failed,False,2026-08-23T02:56:00.191983+09:00
Favor Markup,,,failed,False,2026-08-23T16:37:28.808486+09:00
Favor Memo,,,failed,False,2026-08-21T00:35:23.760596+09:00
Favor Message,20.0,44.0,success,False,2026-08-27T23:12:39.391295+09:00
Favor Monitor,,,failed,False,2026-08-19T13:23:25.617100+09:00
Favor Notification,,,failed,False,2026-08-27T22:47:10.971037+09:00
Favor Number,1600.0,0.0,success,True,2026-08-23T03:21:07.842946+09:00
Favor Office,20.0,0.0,success,False,2026-08-19T13:26:07.690748+09:00
Favor Ops,,,failed,False,2026-08-19T13:24:17.578330+09:00
Favor Order,70.0,34.0,success,False,2026-08-19T21:55:20.954175+09:00
Favor Overage,,,failed,False,2026-08-27T21:46:26.203739+09:00
Favor Overdraft,,,failed,False,2026-08-23T15:53:12.516993+09:00
Favor Panel,,,failed,False,2026-08-19T13:40:47.127510+09:00
Favor Petition,,,failed,False,2026-08-21T01:09:44.260038+09:00
Favor Plan,,,failed,False,2026-08-21T01:51:32.906314+09:00
Favor Planner,,,failed,False,2026-08-19T13:23:03.025983+09:00
Favor Point,20.0,0.0,success,False,2026-08-19T13:36:50.709528+09:00
Favor Portal,20.0,3.0,success,False,2026-08-19T13:40:14.970348+09:00
Favor Preview,,,failed,False,2026-08-28T01:06:48.738756+09:00
Favor Profit,,,failed,False,2026-08-23T02:55:53.099561+09:00
Favor Proposal,,,failed,False,2026-08-28T01:06:48.738756+09:00
Favor Queue,,,failed,False,2026-08-19T21:08:58.951614+09:00
Favor Recap,,,failed,False,2026-08-21T00:59:26.114490+09:00
Favor Receipt,10.0,0.0,success,False,2026-08-19T21:55:41.048712+09:00
Favor Redemption,,,failed,False,2026-08-23T16:37:31.309501+09:00
Favor Register,,,failed,False,2026-08-19T13:24:07.507599+09:00
Favor Registry,,,failed,False,2026-08-19T13:24:58.997710+09:00
Favor Reminder,,,failed,False,2026-08-19T21:08:15.358718+09:00
Favor Report,,,failed,False,2026-08-19T13:30:54.229704+09:00
Favor Repository,,,failed,False,2026-08-27T23:12:46.818245+09:00
Favor Route,,,failed,False,2026-08-19T13:41:17.239436+09:00
Favor Rule,,,failed,False,2026-08-23T03:21:18.514525+09:00
Favor Sale,10.0,29.0,success,False,2026-08-21T02:24:56.488655+09:00
Favor Sample,,,failed,False,2026-08-19T21:56:50.628145+09:00
Favor Scanner,,,failed,False,2026-08-27T23:55:48.344302+09:00
Favor Scheduler,,,failed,False,2026-08-19T13:23:16.958274+09:00
Favor Scope,,,failed,False,2026-08-19T13:35:15.943675+09:00
Favor Shelf,,,failed,False,2026-08-19T13:28:33.821561+09:00
Favor Shortfall,,,failed,False,2026-08-27T21:46:28.400647+09:00
Favor Slip,,,failed,False,2026-08-19T21:56:40.008866+09:00
Favor Slot,10.0,0.0,success,False,2026-08-19T21:57:01.942587+09:00
Favor Statement,,,failed,False,2026-08-21T00:35:13.915986+09:00
Favor Station,10.0,10.0,success,False,2026-08-19T13:39:18.013288+09:00
Favor Status,,,failed,False,2026-08-19T20:48:28.899410+09:00
Favor Subsidy,,,failed,False,2026-08-23T15:53:12.516993+09:00
Favor Sum,,,failed,False,2026-08-21T02:24:33.883948+09:00
Favor Summary,,,failed,False,2026-08-19T21:07:55.214041+09:00
Favor Table,390.0,99.0,success,False,2026-08-19T21:56:14.793890+09:00
Favor Tag,390.0,100.0,success,False,2026-08-19T13:32:13.743565+09:00
Favor Tariff,,,failed,False,2026-08-21T02:41:18.531749+09:00
Favor Tax,10.0,4.0,success,False,2026-08-21T02:08:41.527197+09:00
Favor Ticket,390.0,0.0,success,False,2026-08-19T21:08:48.624997+09:00
Favor Timeline,,,failed,False,2026-08-19T21:08:05.171033+09:00
Favor Toll,,,failed,False,2026-08-21T02:41:05.925111+09:00
Favor Toolbox,,,failed,False,2026-08-28T00:25:26.159240+09:00
Favor Total,,,failed,False,2026-08-27T23:12:39.391295+09:00
Favor Tracker,,,failed,False,2026-08-19T13:32:37.235735+09:00
Favor Trend,,,failed,False,2026-08-28T01:06:41.346901+09:00
Favor Trial,,,failed,False,2026-08-27T21:14:25.842421+09:00
Favor Unit,,,failed,False,2026-08-21T01:51:29.207159+09:00
Favor Update,,,failed,False,2026-08-19T20:49:01.783681+09:00
Favor Value,,,failed,False,2026-08-23T02:55:55.232894+09:00
Favor Version,,,failed,False,2026-08-23T03:21:12.022197+09:00
Favor View,,,failed,False,2026-08-19T20:48:35.358478+09:00
Favor Voucher,,,failed,False,2026-08-21T00:35:07.163921+09:00
Favor Watch,90.0,27.0,success,False,2026-08-19T13:35:09.228952+09:00
Favor Widget,,,failed,False,2026-08-27T23:12:44.367905+09:00
Favor Worksheet,,,failed,False,2026-08-27T22:08:41.770881+09:00
Favor Workshop,10.0,,success,False,2026-08-28T00:25:19.923690+09:00
Favor Zone,10.0,0.0,success,False,2026-08-19T13:39:57.462867+09:00
Feed Advance,,,failed,False,2026-08-23T16:17:10.658953+09:00
Feed Advisory,,,failed,False,2026-08-21T01:08:10.104042+09:00
Feed Allowance,,,failed,False,2026-08-21T02:39:49.190275+09:00
Feed Almanac,,,failed,False,2026-08-18T22:03:03.090691+09:00
Feed Analyzer,50.0,16.0,success,False,2026-08-27T23:54:55.608336+09:00
Feed Anchor,,,failed,False,2026-08-17T20:34:33.124318+09:00
Feed Arrears,,,failed,False,2026-08-23T16:17:10.658953+09:00
Feed Asset,,,failed,False,2026-08-23T13:48:06.578216+09:00
Feed Assistant,,,failed,False,2026-08-17T23:08:25.865498+09:00
Feed Atlas,,,failed,False,2026-08-17T21:34:09.721109+09:00
Feed Attribute,,,failed,False,2026-08-23T13:08:02.630104+09:00
Feed Base,50.0,1.0,success,False,2026-08-17T21:30:15.996537+09:00
Feed Beacon,,,failed,False,2026-08-17T20:38:16.946588+09:00
Feed Bill,40.0,1.0,success,False,2026-08-19T21:51:50.352396+09:00
Feed Blueprint,,,failed,False,2026-08-18T22:02:52.692456+09:00
Feed Board,260.0,11.0,success,False,2026-08-17T20:45:40.214755+09:00
Feed Book,5400.0,21.0,success,False,2026-08-19T21:52:48.982891+09:00
Feed Bridge,,,failed,False,2026-08-17T20:35:28.436030+09:00
Feed Brief,,,failed,False,2026-08-21T01:08:04.647718+09:00
Feed Bulletin,10.0,,success,False,2026-08-21T01:08:00.929637+09:00
Feed Calendar,30.0,0.0,success,False,2026-08-18T23:57:46.664132+09:00
Feed Card,390.0,3.0,success,False,2026-08-19T13:28:06.398636+09:00
Feed Cascade,,,failed,False,2026-08-17T20:36:22.753454+09:00
Feed Cash,20.0,8.0,success,False,2026-08-21T02:23:15.671365+09:00
Feed Cashback,,,failed,False,2026-08-27T21:13:32.051431+09:00
Feed Category,70.0,0.0,success,False,2026-08-23T13:07:59.189669+09:00
Feed Center,320.0,2.0,success,False,2026-08-17T20:40:31.600880+09:00
Feed Chain,320.0,13.0,success,False,2026-08-17T21:40:41.309160+09:00
Feed Charge,,,failed,False,2026-08-21T02:39:36.901337+09:00
Feed Check,590.0,1.0,success,False,2026-08-19T13:28:22.445633+09:00
Feed Checker,590.0,1.0,success,False,2026-08-27T23:54:48.967937+09:00
Feed Circular,,,failed,False,2026-08-21T01:08:07.982267+09:00
Feed Cockpit,,,failed,False,2026-08-17T23:28:13.719643+09:00
Feed Code,70.0,0.0,success,False,2026-08-19T21:52:13.387437+09:00
Feed Codex,,,failed,False,2026-08-18T22:03:28.331445+09:00
Feed Companion,,,failed,False,2026-08-17T23:06:22.536636+09:00
Feed Comparison,10.0,50.0,success,False,2026-08-28T01:05:50.050566+09:00
Feed Compass,10.0,0.0,success,False,2026-08-17T20:39:13.606540+09:00
Feed Compendium,30.0,1.0,success,False,2026-08-18T22:03:14.728477+09:00
Feed Confirmation,,,failed,False,2026-08-21T01:08:20.285219+09:00
Feed Console,,,failed,False,2026-08-17T20:37:57.626492+09:00
Feed Contribution,,,failed,False,2026-08-23T16:17:06.545040+09:00
Feed Converter,10.0,1.0,success,False,2026-08-27T23:33:58.782801+09:00
Feed Core,,,failed,False,2026-08-17T20:47:58.336807+09:00
Feed Cost,210.0,2.0,success,False,2026-08-21T02:06:47.400251+09:00
Feed Count,10.0,0.0,success,False,2026-08-27T22:46:36.036918+09:00
Feed Counter,10.0,0.0,success,False,2026-08-18T23:58:42.867449+09:00
Feed Coupon,50.0,17.0,success,False,2026-08-27T21:13:25.046826+09:00
Feed Dashboard,20.0,3.0,success,False,2026-08-17T23:11:44.690517+09:00
Feed Deal,,,failed,False,2026-08-21T02:00:00.574550+09:00
Feed Debt,,,failed,False,2026-08-21T02:23:08.764436+09:00
Feed Deck,20.0,0.0,success,False,2026-08-17T20:44:37.629482+09:00
Feed Depot,320.0,11.0,success,False,2026-08-18T23:58:25.855676+09:00
Feed Desk,10.0,0.0,success,False,2026-08-17T20:42:24.319818+09:00
Feed Detail,,,failed,False,2026-08-23T03:20:04.246790+09:00
Feed Detector,,,failed,False,2026-08-27T23:54:52.993731+09:00
Feed Dial,10.0,0.0,success,False,2026-08-17T20:35:59.491401+09:00
Feed Digest,10.0,17.0,success,False,2026-08-19T20:47:15.115131+09:00
Feed Directory,20.0,0.0,success,False,2026-08-18T23:57:56.092399+09:00
Feed Discount,,,failed,False,2026-08-23T16:17:00.383036+09:00
Feed Dock,10.0,0.0,success,False,2026-08-17T20:31:58.373055+09:00
Feed Dossier,,,failed,False,2026-08-21T01:08:25.718288+09:00
Feed Draft,,,failed,False,2026-08-19T20:47:25.892128+09:00
Feed Due,,,failed,False,2026-08-23T15:52:54.963093+09:00
Feed Duty,,,failed,False,2026-08-21T02:39:41.486000+09:00
Feed Engine,30.0,3.0,success,False,2026-08-17T23:27:19.198277+09:00
Feed Entry,10.0,0.0,success,False,2026-08-21T01:08:38.226777+09:00
Feed Estimator,,,failed,False,2026-08-27T23:54:45.435156+09:00
Feed Excerpt,,,failed,False,2026-08-21T01:08:34.212023+09:00
Feed Extension,110.0,8.0,success,False,2026-08-23T16:37:06.410620+09:00
Feed Fare,,,failed,False,2026-08-21T02:06:57.377866+09:00
Feed Fee,90.0,0.0,success,False,2026-08-21T01:59:43.959754+09:00
Feed Field,20.0,0.0,success,False,2026-08-23T13:08:05.055975+09:00
Feed File,170.0,0.0,success,False,2026-08-19T20:46:51.690221+09:00
Feed Finder,3600.0,16.0,success,False,2026-08-18T23:58:17.460804+09:00
Feed Fine,880.0,1.0,success,False,2026-08-23T02:54:59.727215+09:00
Feed Flag,,,failed,False,2026-08-21T00:34:21.181247+09:00
Feed Flow,880.0,0.0,success,False,2026-08-17T20:45:15.345040+09:00
Feed Forge,10.0,2.0,success,False,2026-08-17T20:37:24.505740+09:00
Feed Form,320.0,0.0,success,False,2026-08-19T13:27:59.144364+09:00
Feed Format,320.0,0.0,success,False,2026-08-23T13:08:07.144549+09:00
Feed Frame,320.0,70.0,success,False,2026-08-17T21:31:23.168898+09:00
Feed Fund,210.0,5.0,success,False,2026-08-21T02:23:11.717671+09:00
Feed Gate,260.0,67.0,success,False,2026-08-17T21:36:17.240271+09:00
Feed Generator,390.0,3.0,success,False,2026-08-27T23:34:03.746516+09:00
Feed Giveaway,,,failed,False,2026-08-27T21:13:46.392108+09:00
Feed Grade,,,failed,False,2026-08-21T00:34:07.252682+09:00
Feed Graph,,,failed,False,2026-08-27T22:07:37.591593+09:00
Feed Grid,110.0,4.0,success,False,2026-08-17T21:41:22.072079+09:00
Feed Guarantee,,,failed,False,2026-08-28T01:05:55.431564+09:00
Feed Guard,70.0,37.0,success,False,2026-08-17T20:48:31.729678+09:00
Feed Guardian,,,failed,False,2026-08-28T00:24:41.812871+09:00
Feed Guidebook,,,failed,False,2026-08-18T22:02:33.707465+09:00
Feed Helpdesk,,,failed,False,2026-08-27T22:46:36.036918+09:00
Feed Helper,10.0,0.0,success,False,2026-08-28T00:24:47.033463+09:00
Feed History,590.0,0.0,success,False,2026-08-19T20:46:47.302188+09:00
Feed Hub,170.0,11.0,success,False,2026-08-17T20:44:15.738532+09:00
Feed Identifier,,,failed,False,2026-08-23T13:07:55.793530+09:00
Feed Incentive,,,failed,False,2026-08-27T21:13:37.797342+09:00
Feed Index,20.0,2.0,success,False,2026-08-19T21:04:58.271286+09:00
Feed Insight,,,failed,False,2026-08-17T23:28:01.386512+09:00
Feed Installment,,,failed,False,2026-08-23T16:17:04.207592+09:00
Feed Item,210.0,39.0,success,False,2026-08-21T01:59:50.051478+09:00
Feed Journal,20.0,59.0,success,False,2026-08-18T23:50:58.305454+09:00
Feed Keeper,10.0,36.0,success,False,2026-08-17T21:31:56.784481+09:00
Feed Lab,390.0,11.0,success,False,2026-08-17T20:42:52.966707+09:00
Feed Label,260.0,3.0,success,False,2026-08-27T22:07:41.421571+09:00
Feed Layout,140.0,4.0,success,False,2026-08-27T22:28:39.838514+09:00
Feed Ledger,,,failed,False,2026-08-17T20:46:31.116711+09:00
Feed Lens,,,failed,False,2026-08-17T21:32:33.876836+09:00
Feed Level,20.0,0.0,success,False,2026-08-19T20:46:58.036522+09:00
Feed Levy,,,failed,False,2026-08-23T13:48:08.634446+09:00
Feed Link,1000.0,2.0,success,False,2026-08-23T03:19:56.707699+09:00
Feed List,110.0,0.0,success,False,2026-08-19T21:52:24.100892+09:00
Feed Loan,50.0,14.0,success,False,2026-08-21T02:07:11.746620+09:00
Feed Locator,,,failed,False,2026-08-18T23:58:07.902911+09:00
Feed Lock,140.0,79.0,success,False,2026-08-17T21:34:37.066296+09:00
Feed Log,590.0,10.0,success,False,2026-08-19T13:27:50.683202+09:00
Feed Loop,33100.0,1.0,success,False,2026-08-18T07:52:51.639177+09:00
Feed Manager,720.0,9.0,success,False,2026-08-17T21:30:47.592348+09:00
Feed Manual,,,failed,False,2026-08-27T22:07:45.490805+09:00
Feed Map,70.0,1.0,success,False,2026-08-17T21:33:36.085901+09:00
Feed Margin,,,failed,False,2026-08-23T02:54:57.045583+09:00
Feed Meter,720.0,1.0,success,False,2026-08-17T20:35:00.475766+09:00
Feed Metrics,,,failed,False,2026-08-17T23:04:27.580981+09:00
Feed Monitor,110.0,78.0,success,False,2026-08-17T23:10:06.483021+09:00
Feed Navigator,40.0,1.0,success,False,2026-08-17T23:28:37.439215+09:00
Feed Nexus,,,failed,False,2026-08-17T21:35:11.471835+09:00
Feed Node,,,failed,False,2026-08-17T21:37:17.917122+09:00
Feed Note,40.0,0.0,success,False,2026-08-19T13:28:43.746659+09:00
Feed Notification,20.0,0.0,success,False,2026-08-27T22:46:29.671446+09:00
Feed Number,110.0,0.0,success,False,2026-08-23T03:19:53.710314+09:00
Feed Office,50.0,0.0,success,False,2026-08-18T23:58:35.248777+09:00
Feed Ops,20.0,9.0,success,False,2026-08-17T23:13:22.671425+09:00
Feed Organizer,90.0,79.0,success,False,2026-08-17T23:27:47.140187+09:00
Feed Overdue,,,failed,False,2026-08-27T21:46:06.267558+09:00
Feed Panel,880.0,27.0,success,False,2026-08-17T20:36:56.303275+09:00
Feed Pass,30.0,14.0,success,False,2026-08-21T00:33:34.783519+09:00
Feed Path,20.0,0.0,success,False,2026-08-17T21:36:43.981322+09:00
Feed Petition,,,failed,False,2026-08-21T01:08:15.676788+09:00
Feed Pilot,90.0,2.0,success,False,2026-08-17T20:43:25.230587+09:00
Feed Plan,880.0,16.0,success,False,2026-08-21T01:59:51.080762+09:00
Feed Planner,880.0,16.0,success,False,2026-08-17T23:27:34.340862+09:00
Feed Playbook,,,failed,False,2026-08-18T23:50:58.305454+09:00
Feed Point,320.0,3.0,success,False,2026-08-17T21:35:44.584576+09:00
Feed Portal,90.0,30.0,success,False,2026-08-17T20:38:43.149907+09:00
Feed Preview,1900.0,17.0,success,False,2026-08-28T01:05:52.718366+09:00
Feed Profile,30.0,0.0,success,False,2026-08-19T13:29:02.484553+09:00
Feed Profit,,,failed,False,2026-08-23T02:54:52.135987+09:00
Feed Proposal,10.0,0.0,success,False,2026-08-28T01:05:52.718366+09:00
Feed Pulse,10.0,0.0,success,False,2026-08-17T21:39:15.761980+09:00
Feed Quota,,,failed,False,2026-08-21T00:34:16.638003+09:00
Feed Radar,10.0,0.0,success,False,2026-08-17T20:41:42.376478+09:00
Feed Rail,90.0,7.0,success,False,2026-08-18T07:43:44.841764+09:00
Feed Rank,50.0,0.0,success,False,2026-08-28T00:47:36.206546+09:00
Feed Rate,1900.0,0.0,success,True,2026-08-19T20:47:03.354167+09:00
Feed Recap,10.0,0.0,success,False,2026-08-21T01:08:29.808950+09:00
Feed Receipt,,,failed,False,2026-08-19T21:52:01.647797+09:00
Feed Recorder,,,failed,False,2026-08-27T23:34:03.746516+09:00
Feed Register,170.0,1.0,success,False,2026-08-17T23:28:54.506937+09:00
Feed Registry,,,failed,False,2026-08-18T22:02:44.404885+09:00
Feed Relay,,,failed,False,2026-08-17T20:40:52.069695+09:00
Feed Reminder,,,failed,False,2026-08-19T21:04:33.210036+09:00
Feed Report,70.0,0.0,success,False,2026-08-19T13:27:40.228305+09:00
Feed Repository,,,failed,False,2026-08-27T23:12:05.738890+09:00
Feed Roadmap,,,failed,False,2026-08-18T22:03:46.428497+09:00
Feed Roster,,,failed,False,2026-08-19T00:37:02.474717+09:00
Feed Route,,,failed,False,2026-08-17T20:33:08.305690+09:00
Feed Rule,,,failed,False,2026-08-23T03:20:00.686198+09:00
Feed Sale,140.0,15.0,success,False,2026-08-21T02:23:24.043193+09:00
Feed Sample,140.0,4.0,success,False,2026-08-19T21:53:16.228732+09:00
Feed Scale,320.0,98.0,success,False,2026-08-17T20:34:08.377719+09:00
Feed Scanner,1000.0,100.0,success,False,2026-08-27T23:54:48.967937+09:00
Feed Scheduler,,,failed,False,2026-08-17T23:15:16.385703+09:00
Feed Scope,30.0,49.0,success,False,2026-08-18T07:52:41.803734+09:00
Feed Score,10.0,3.0,success,False,2026-08-19T13:28:33.821561+09:00
Feed Sentry,,,failed,False,2026-08-17T21:33:08.992358+09:00
Feed Sheet,140.0,41.0,success,False,2026-08-19T13:28:12.912105+09:00
Feed Signal,10.0,0.0,success,False,2026-08-17T20:33:40.236931+09:00
Feed Slip,,,failed,False,2026-08-19T21:53:02.852702+09:00
Feed Slot,40.0,3.0,success,False,2026-08-19T21:53:29.207509+09:00
Feed Snapshot,,,failed,False,2026-08-18T23:50:58.305454+09:00
Feed Stake,,,failed,False,2026-08-23T02:54:55.052160+09:00
Feed Station,1000.0,52.0,success,False,2026-08-17T20:42:04.175878+09:00
Feed Status,50.0,0.0,success,False,2026-08-19T20:46:36.801455+09:00
Feed Stipend,,,failed,False,2026-08-23T13:48:08.634446+09:00
Feed Streak,,,failed,False,2026-08-28T00:47:36.206546+09:00
Feed Stub,,,failed,False,2026-08-21T00:33:50.963808+09:00
Feed Studio,90.0,4.0,success,False,2026-08-17T20:43:51.758171+09:00
Feed Subsidy,,,failed,False,2026-08-23T15:52:57.176155+09:00
Feed Suite,,,failed,False,2026-08-17T23:13:41.173741+09:00
Feed Sum,,,failed,False,2026-08-21T02:23:00.928674+09:00
Feed Summary,390.0,0.0,success,False,2026-08-19T21:04:08.048540+09:00
Feed Surtax,,,failed,False,2026-08-23T15:52:59.645505+09:00
Feed Sync,390.0,3.0,success,False,2026-08-17T20:46:03.469899+09:00
Feed Tab,260.0,11.0,success,False,2026-08-21T00:34:25.670499+09:00
Feed Table,1300.0,79.0,success,False,2026-08-19T21:52:37.480660+09:00
Feed Tag,320.0,0.0,success,False,2026-08-19T13:28:52.256085+09:00
Feed Tally,,,failed,False,2026-08-21T00:34:01.894402+09:00
Feed Tariff,6600.0,12.0,success,False,2026-08-21T02:39:52.714819+09:00
Feed Tax,10.0,0.0,success,False,2026-08-21T02:07:07.042559+09:00
Feed Tier,,,failed,False,2026-08-28T00:47:36.206546+09:00
Feed Toll,,,failed,False,2026-08-21T02:39:44.265069+09:00
Feed Toolbox,,,failed,False,2026-08-28T00:24:44.523713+09:00
Feed Toolkit,,,failed,False,2026-08-18T23:50:58.305454+09:00
Feed Tracker,140.0,5.0,success,False,2026-08-17T20:47:13.736905+09:00
Feed Trail,20.0,16.0,success,False,2026-08-17T21:41:53.145173+09:00
Feed Trend,10.0,0.0,success,False,2026-08-28T01:05:46.959097+09:00
Feed Trial,20.0,4.0,success,False,2026-08-27T21:13:37.797342+09:00
Feed Unit,390.0,8.0,success,False,2026-08-21T01:59:53.471915+09:00
Feed Update,70.0,0.0,success,False,2026-08-19T20:47:08.500238+09:00
Feed Value,40.0,0.0,success,False,2026-08-23T02:54:52.135987+09:00
Feed Vault,,,failed,False,2026-08-17T20:40:06.808560+09:00
Feed Version,,,failed,False,2026-08-23T03:19:53.710314+09:00
Feed View,260.0,3.0,success,False,2026-08-19T20:46:42.465530+09:00
Feed Voucher,,,failed,False,2026-08-21T00:33:39.786796+09:00
Feed Watch,390.0,3.0,success,False,2026-08-17T20:32:32.905502+09:00
Feed Wave,,,failed,False,2026-08-17T21:37:55.576177+09:00
Feed Widget,50.0,7.0,success,False,2026-08-27T23:12:02.088858+09:00
Feed Workbench,,,failed,False,2026-08-18T23:50:58.305454+09:00
Feed Worksheet,,,failed,False,2026-08-27T22:07:48.909558+09:00
Feed Workshop,,,failed,False,2026-08-28T00:24:39.235749+09:00
Feed Zone,880.0,24.0,success,False,2026-08-17T20:39:37.454360+09:00
Feedback Advisory,140.0,0.0,success,False,2026-08-21T01:00:56.888807+09:00
Feedback Allowance,,,failed,False,2026-08-21T02:39:20.009212+09:00
Feedback Almanac,,,failed,False,2026-08-18T22:03:00.985111+09:00
Feedback Analyzer,30.0,26.0,success,False,2026-08-27T23:53:48.068906+09:00
Feedback Anchor,,,failed,False,2026-08-17T20:40:52.985789+09:00
Feedback Assistant,1300.0,0.0,success,True,2026-08-17T23:11:44.690517+09:00
Feedback Atlas,,,failed,False,2026-08-18T07:43:44.841764+09:00
Feedback Attribute,,,failed,False,2026-08-23T13:07:48.964667+09:00
Feedback Base,,,failed,False,2026-08-17T20:35:18.626237+09:00
Feedback Beacon,,,failed,False,2026-08-18T07:52:33.463903+09:00
Feedback Blueprint,,,failed,False,2026-08-18T22:02:50.623197+09:00
Feedback Board,480.0,13.0,success,False,2026-08-17T20:32:17.131006+09:00
Feedback Book,880.0,58.0,success,False,2026-08-19T21:51:25.452105+09:00
Feedback Bridge,40.0,0.0,success,False,2026-08-17T20:41:42.376478+09:00
Feedback Brief,90.0,0.0,success,False,2026-08-21T01:00:50.612821+09:00
Feedback Bulletin,,,failed,False,2026-08-21T01:00:48.316316+09:00
Feedback Cabinet,,,failed,False,2026-08-27T23:11:28.090319+09:00
Feedback Calendar,10.0,2.0,success,False,2026-08-18T23:58:59.776089+09:00
Feedback Card,880.0,21.0,success,False,2026-08-19T13:26:13.744102+09:00
Feedback Cascade,30.0,0.0,success,False,2026-08-17T20:42:24.319818+09:00
Feedback Cash,,,failed,False,2026-08-21T02:22:45.760304+09:00
Feedback Cashback,,,failed,False,2026-08-27T21:13:10.326383+09:00
Feedback Catalog,10.0,0.0,success,False,2026-08-19T21:04:19.743151+09:00
Feedback Category,590.0,0.0,success,False,2026-08-23T13:07:46.002648+09:00
Feedback Center,110.0,1.0,success,False,2026-08-17T20:33:08.305690+09:00
Feedback Chain,20.0,17.0,success,False,2026-08-17T20:35:59.491401+09:00
Feedback Charge,,,failed,False,2026-08-21T02:39:07.071635+09:00
Feedback Check,110.0,5.0,success,False,2026-08-19T13:26:59.554690+09:00
Feedback Checker,110.0,5.0,success,False,2026-08-27T23:53:39.725939+09:00
Feedback Checklist,70.0,1.0,success,False,2026-08-19T21:06:23.756396+09:00
Feedback Circular,,,failed,False,2026-08-21T01:02:29.218317+09:00
Feedback Cockpit,,,failed,False,2026-08-17T23:08:25.865498+09:00
Feedback Code,320.0,0.0,success,False,2026-08-19T21:50:54.613076+09:00
Feedback Codex,,,failed,False,2026-08-18T22:03:21.744324+09:00
Feedback Companion,20.0,0.0,success,False,2026-08-17T23:09:52.206266+09:00
Feedback Comparison,,,failed,False,2026-08-28T01:04:31.429165+09:00
Feedback Compass,30.0,4.0,success,False,2026-08-18T07:52:23.466246+09:00
Feedback Compendium,,,failed,False,2026-08-18T22:03:11.971226+09:00
Feedback Confirmation,10.0,1.0,success,False,2026-08-21T01:01:05.241118+09:00
Feedback Console,,,failed,False,2026-08-17T20:43:51.758171+09:00
Feedback Core,,,failed,False,2026-08-17T20:34:23.568448+09:00
Feedback Cost,,,failed,False,2026-08-21T02:06:11.713342+09:00
Feedback Count,,,failed,False,2026-08-27T22:46:02.765409+09:00
Feedback Counter,110.0,1.0,success,False,2026-08-18T23:57:37.423450+09:00
Feedback Coupon,10.0,0.0,success,False,2026-08-27T21:13:04.814179+09:00
Feedback Dashboard,140.0,18.0,success,False,2026-08-17T23:14:59.429645+09:00
Feedback Deal,,,failed,False,2026-08-21T01:50:28.240015+09:00
Feedback Debt,,,failed,False,2026-08-21T02:22:32.305318+09:00
Feedback Deck,,,failed,False,2026-08-18T07:43:31.933030+09:00
Feedback Depot,,,failed,False,2026-08-18T23:57:15.984121+09:00
Feedback Desk,30.0,6.0,success,False,2026-08-17T20:35:25.429619+09:00
Feedback Detail,,,failed,False,2026-08-23T03:19:40.807348+09:00
Feedback Detector,30.0,33.0,success,False,2026-08-27T23:53:48.068906+09:00
Feedback Dial,,,failed,False,2026-08-17T20:42:04.175878+09:00
Feedback Digest,,,failed,False,2026-08-19T20:44:48.132741+09:00
Feedback Directory,,,failed,False,2026-08-18T23:59:08.925896+09:00
Feedback Discount,,,failed,False,2026-08-23T16:11:06.629164+09:00
Feedback Dock,,,failed,False,2026-08-17T20:38:43.149907+09:00
Feedback Dossier,,,failed,False,2026-08-21T01:01:09.555377+09:00
Feedback Draft,10.0,0.0,success,False,2026-08-19T20:45:04.260812+09:00
Feedback Due,,,failed,False,2026-08-23T15:52:48.928193+09:00
Feedback Duty,,,failed,False,2026-08-21T02:39:09.375307+09:00
Feedback Engine,20.0,0.0,success,False,2026-08-17T23:04:48.646277+09:00
Feedback Entry,,,failed,False,2026-08-21T01:01:20.027256+09:00
Feedback Estimate,,,failed,False,2026-08-19T21:04:08.048540+09:00
Feedback Estimator,,,failed,False,2026-08-27T23:53:36.797572+09:00
Feedback Fare,,,failed,False,2026-08-21T02:06:22.333595+09:00
Feedback Fee,10.0,0.0,success,False,2026-08-21T01:49:57.762710+09:00
Feedback Feed,20.0,0.0,success,False,2026-08-19T20:44:53.798353+09:00
Feedback File,260.0,0.0,success,False,2026-08-19T20:44:12.620754+09:00
Feedback Finder,50.0,7.0,success,False,2026-08-18T23:57:02.622913+09:00
Feedback Fine,,,failed,False,2026-08-23T02:54:45.895962+09:00
Feedback Flag,,,failed,False,2026-08-21T00:26:53.623558+09:00
Feedback Flow,90.0,5.0,success,False,2026-08-17T20:31:44.848533+09:00
Feedback Forge,,,failed,False,2026-08-17T20:43:25.230587+09:00
Feedback Form,22200.0,8.0,success,False,2026-08-19T13:26:03.914310+09:00
Feedback Format,22200.0,8.0,success,False,2026-08-23T13:07:51.086484+09:00
Feedback Frame,210.0,2.0,success,False,2026-08-17T20:36:14.881787+09:00
Feedback Fund,,,failed,False,2026-08-21T02:22:35.993251+09:00
Feedback Gate,,,failed,False,2026-08-17T20:33:08.305690+09:00
Feedback Generator,210.0,27.0,success,False,2026-08-27T23:33:31.795696+09:00
Feedback Giveaway,,,failed,False,2026-08-27T21:13:18.101351+09:00
Feedback Grade,,,failed,False,2026-08-21T00:26:39.162393+09:00
Feedback Graph,30.0,0.0,success,False,2026-08-27T22:07:17.176446+09:00
Feedback Grid,880.0,2.0,success,False,2026-08-17T20:36:22.753454+09:00
Feedback Guarantee,,,failed,False,2026-08-28T01:04:37.386068+09:00
Feedback Guard,,,failed,False,2026-08-17T20:34:48.922886+09:00
Feedback Guardian,,,failed,False,2026-08-28T00:23:37.982808+09:00
Feedback Guidebook,,,failed,False,2026-08-18T22:02:28.338577+09:00
Feedback Helpdesk,,,failed,False,2026-08-27T22:46:05.352618+09:00
Feedback Helper,,,failed,False,2026-08-28T00:23:49.555058+09:00
Feedback History,40.0,0.0,success,False,2026-08-19T20:44:03.742658+09:00
Feedback Hotline,10.0,0.0,success,False,2026-08-19T21:04:33.210036+09:00
Feedback Hub,4400.0,0.0,success,True,2026-08-18T07:52:20.987077+09:00
Feedback Identifier,,,failed,False,2026-08-23T13:07:46.002648+09:00
Feedback Inbox,10.0,20.0,success,False,2026-08-19T12:26:33.810025+09:00
Feedback Incentive,,,failed,False,2026-08-27T21:13:15.493972+09:00
Feedback Index,10.0,0.0,success,False,2026-08-19T21:03:23.930623+09:00
Feedback Insight,320.0,1.0,success,False,2026-08-17T23:04:05.706993+09:00
Feedback Item,10.0,0.0,success,False,2026-08-21T01:50:11.823899+09:00
Feedback Journal,40.0,0.0,success,False,2026-08-18T22:03:46.428497+09:00
Feedback Keeper,,,failed,False,2026-08-17T20:36:47.157974+09:00
Feedback Kit,20.0,11.0,success,False,2026-08-27T22:45:58.509654+09:00
Feedback Lab,210.0,1.0,success,False,2026-08-17T20:35:59.491401+09:00
Feedback Label,10.0,2.0,success,False,2026-08-27T22:07:19.639710+09:00
Feedback Ledger,,,failed,False,2026-08-17T20:33:30.325030+09:00
Feedback Lens,1000.0,1.0,success,False,2026-08-17T20:37:15.920679+09:00
Feedback Level,,,failed,False,2026-08-19T20:44:23.661281+09:00
Feedback Link,390.0,32.0,success,False,2026-08-23T03:19:32.678416+09:00
Feedback List,110.0,1.0,success,False,2026-08-19T21:51:07.578329+09:00
Feedback Loan,,,failed,False,2026-08-21T02:06:32.230213+09:00
Feedback Locator,10.0,5.0,success,False,2026-08-18T23:59:17.064429+09:00
Feedback Lock,40.0,43.0,success,False,2026-08-18T07:43:30.092641+09:00
Feedback Log,170.0,2.0,success,False,2026-08-19T13:25:53.621438+09:00
Feedback Loop,33100.0,1.0,success,False,2026-08-17T20:37:24.505740+09:00
Feedback Manager,170.0,13.0,success,False,2026-08-17T20:35:48.969093+09:00
Feedback Manual,30.0,8.0,success,False,2026-08-27T22:07:19.639710+09:00
Feedback Map,30.0,1.0,success,False,2026-08-18T07:43:30.092641+09:00
Feedback Margin,,,failed,False,2026-08-23T02:54:43.780312+09:00
Feedback Memo,20.0,0.0,success,False,2026-08-21T00:26:41.627536+09:00
Feedback Message,2900.0,0.0,success,True,2026-08-27T23:11:21.967752+09:00
Feedback Meter,20.0,2.0,success,False,2026-08-17T20:41:16.510977+09:00
Feedback Metrics,20.0,10.0,success,False,2026-08-17T23:08:06.421601+09:00
Feedback Monitor,210.0,57.0,success,False,2026-08-17T23:13:22.671425+09:00
Feedback Navigator,,,failed,False,2026-08-17T23:05:55.492568+09:00
Feedback Nexus,,,failed,False,2026-08-17T20:31:59.985806+09:00
Feedback Node,50.0,1.0,success,False,2026-08-17T20:34:08.377719+09:00
Feedback Note,260.0,1.0,success,False,2026-08-19T13:27:18.608287+09:00
Feedback Notification,20.0,1.0,success,False,2026-08-27T22:45:55.749339+09:00
Feedback Number,30.0,0.0,success,False,2026-08-23T03:19:26.945614+09:00
Feedback Office,70.0,3.0,success,False,2026-08-18T23:57:28.259874+09:00
Feedback Ops,,,failed,False,2026-08-17T23:04:09.987003+09:00
Feedback Order,50.0,5.0,success,False,2026-08-19T21:50:21.596797+09:00
Feedback Organizer,,,failed,False,2026-08-17T23:06:41.076830+09:00
Feedback Overdue,,,failed,False,2026-08-27T21:46:03.878331+09:00
Feedback Panel,480.0,1.0,success,False,2026-08-17T20:42:52.966707+09:00
Feedback Path,50.0,0.0,success,False,2026-08-17T20:33:41.175079+09:00
Feedback Petition,,,failed,False,2026-08-21T01:01:03.307399+09:00
Feedback Pilot,,,failed,False,2026-08-17T20:36:22.753454+09:00
Feedback Plan,50.0,3.0,success,False,2026-08-21T01:50:23.005803+09:00
Feedback Planner,50.0,3.0,success,False,2026-08-17T23:12:02.312580+09:00
Feedback Playbook,,,failed,False,2026-08-18T22:03:23.896977+09:00
Feedback Point,140.0,1.0,success,False,2026-08-17T20:32:32.905502+09:00
Feedback Portal,590.0,8.0,success,False,2026-08-18T07:43:42.936129+09:00
Feedback Preview,,,failed,False,2026-08-28T01:04:31.429165+09:00
Feedback Profile,90.0,15.0,success,False,2026-08-19T13:27:45.503275+09:00
Feedback Proposal,10.0,0.0,success,False,2026-08-28T01:04:34.359127+09:00
Feedback Pulse,110.0,27.0,success,False,2026-08-17T20:35:28.436030+09:00
Feedback Queue,590.0,0.0,success,False,2026-08-19T21:03:55.204280+09:00
Feedback Quota,,,failed,False,2026-08-21T00:26:46.014545+09:00
Feedback Radar,,,failed,False,2026-08-17T20:34:33.124318+09:00
Feedback Rail,,,failed,False,2026-08-17T20:37:57.626492+09:00
Feedback Rate,880.0,0.0,success,False,2026-08-19T20:44:29.865338+09:00
Feedback Recap,,,failed,False,2026-08-21T01:01:13.751057+09:00
Feedback Receipt,,,failed,False,2026-08-19T21:50:44.390054+09:00
Feedback Recorder,50.0,1.0,success,False,2026-08-27T23:33:37.262266+09:00
Feedback Redemption,,,failed,False,2026-08-23T16:37:08.695688+09:00
Feedback Register,480.0,6.0,success,False,2026-08-17T23:10:08.054607+09:00
Feedback Registry,480.0,6.0,success,False,2026-08-18T22:02:40.368007+09:00
Feedback Relay,110.0,4.0,success,False,2026-08-17T20:33:40.236931+09:00
Feedback Reminder,70.0,0.0,success,False,2026-08-19T21:06:11.173737+09:00
Feedback Report,720.0,2.0,success,False,2026-08-19T13:25:31.059454+09:00
Feedback Repository,10.0,5.0,success,False,2026-08-27T23:11:31.507435+09:00
Feedback Roadmap,,,failed,False,2026-08-18T22:03:44.456415+09:00
Feedback Roster,,,failed,False,2026-08-19T00:36:46.213084+09:00
Feedback Route,,,failed,False,2026-08-17T20:39:41.640400+09:00
Feedback Rule,140.0,5.0,success,False,2026-08-23T03:19:37.789366+09:00
Feedback Sale,,,failed,False,2026-08-21T02:22:48.105050+09:00
Feedback Sample,320.0,1.0,success,False,2026-08-19T21:51:50.352396+09:00
Feedback Scale,140.0,7.0,success,False,2026-08-17T20:40:32.567080+09:00
Feedback Scanner,170.0,19.0,success,False,2026-08-27T23:53:42.609151+09:00
Feedback Scheduler,,,failed,False,2026-08-17T23:06:22.536636+09:00
Feedback Scope,,,failed,False,2026-08-17T20:38:19.209708+09:00
Feedback Score,110.0,1.0,success,False,2026-08-19T13:27:07.663216+09:00
Feedback Sentry,,,failed,False,2026-08-17T20:37:45.876313+09:00
Feedback Sheet,720.0,5.0,success,False,2026-08-19T13:26:27.174031+09:00
Feedback Signal,170.0,0.0,success,False,2026-08-17T20:40:08.225876+09:00
Feedback Slip,110.0,0.0,success,False,2026-08-19T21:51:38.533092+09:00
Feedback Slot,,,failed,False,2026-08-19T21:52:04.287712+09:00
Feedback Snapshot,10.0,0.0,success,False,2026-08-18T22:03:58.790181+09:00
Feedback Stage,50.0,1.0,success,False,2026-08-28T00:47:03.149821+09:00
Feedback Statement,390.0,0.0,success,False,2026-08-21T00:26:28.007677+09:00
Feedback Station,1300.0,0.0,success,True,2026-08-17T20:34:58.202084+09:00
Feedback Status,90.0,1.0,success,False,2026-08-19T20:43:52.054689+09:00
Feedback Studio,2900.0,15.0,success,False,2026-08-18T07:43:31.933030+09:00
Feedback Suite,,,failed,False,2026-08-17T23:04:27.580981+09:00
Feedback Sum,,,failed,False,2026-08-21T02:22:28.218601+09:00
Feedback Summary,140.0,1.0,success,False,2026-08-19T21:05:47.568804+09:00
Feedback Surtax,,,failed,False,2026-08-23T15:52:52.908788+09:00
Feedback Sync,,,failed,False,2026-08-17T20:32:55.422953+09:00
Feedback Tab,170.0,5.0,success,False,2026-08-21T00:27:03.794080+09:00
Feedback Table,90.0,2.0,success,False,2026-08-19T21:51:16.066048+09:00
Feedback Tag,40.0,0.0,success,False,2026-08-19T13:27:35.770715+09:00
Feedback Tally,,,failed,False,2026-08-21T00:26:33.622421+09:00
Feedback Tariff,10.0,44.0,success,False,2026-08-21T02:39:23.092445+09:00
Feedback Tax,,,failed,False,2026-08-21T02:06:27.364500+09:00
Feedback Ticket,30.0,4.0,success,False,2026-08-19T21:03:38.962662+09:00
Feedback Timeline,10.0,0.0,success,False,2026-08-19T21:06:02.010882+09:00
Feedback Timer,,,failed,False,2026-08-28T00:23:35.070799+09:00
Feedback Token,,,failed,False,2026-08-23T13:27:56.242264+09:00
Feedback Toll,10.0,,success,False,2026-08-21T02:39:12.661070+09:00
Feedback Toolbox,,,failed,False,2026-08-28T00:23:47.118724+09:00
Feedback Toolkit,30.0,97.0,success,False,2026-08-18T22:03:14.728477+09:00
Feedback Total,,,failed,False,2026-08-27T23:11:25.184143+09:00
Feedback Tracker,390.0,14.0,success,False,2026-08-17T20:33:59.012811+09:00
Feedback Trail,,,failed,False,2026-08-17T20:36:56.303275+09:00
Feedback Trend,,,failed,False,2026-08-28T01:04:28.102899+09:00
Feedback Trial,10.0,0.0,success,False,2026-08-27T21:13:10.326383+09:00
Feedback Unit,50.0,0.0,success,False,2026-08-21T01:50:44.435250+09:00
Feedback Update,70.0,0.0,success,False,2026-08-19T20:44:35.831978+09:00
Feedback Value,40.0,0.0,success,False,2026-08-23T02:54:41.831535+09:00
Feedback Vault,,,failed,False,2026-08-17T20:32:32.905502+09:00
Feedback Version,,,failed,False,2026-08-23T03:19:30.157366+09:00
Feedback View,10.0,1.0,success,False,2026-08-19T20:43:57.147560+09:00
Feedback Watch,70.0,7.0,success,False,2026-08-17T20:39:15.324728+09:00
Feedback Wave,,,failed,False,2026-08-17T20:34:34.179062+09:00
Feedback Widget,320.0,17.0,success,False,2026-08-27T23:11:28.090319+09:00
Feedback Workbench,,,failed,False,2026-08-18T22:03:03.090691+09:00
Feedback Worksheet,50.0,2.0,success,False,2026-08-27T22:07:22.262130+09:00
Feedback Workshop,480.0,13.0,success,False,2026-08-28T00:23:35.070799+09:00
Feedback Zone,40.0,1.0,success,False,2026-08-17T20:31:58.373055+09:00
Fence Advisory,,,failed,False,2026-08-21T01:06:36.051415+09:00
Fence Alert,110.0,41.0,success,False,2026-08-19T22:00:16.178777+09:00
Fence Allowance,,,failed,False,2026-08-21T02:45:04.527835+09:00
Fence Analyzer,,,failed,False,2026-08-27T23:54:58.395846+09:00
Fence Arrears,,,failed,False,2026-08-23T16:16:29.053349+09:00
Fence Asset,20.0,4.0,success,False,2026-08-23T13:47:31.255092+09:00
Fence Assistant,,,failed,False,2026-08-19T21:55:18.484182+09:00
Fence Attribute,,,failed,False,2026-08-23T13:06:29.194377+09:00
Fence Badge,,,failed,False,2026-08-21T00:31:01.051294+09:00
Fence Base,390.0,100.0,success,False,2026-08-19T21:50:26.967968+09:00
Fence Beacon,,,failed,False,2026-08-19T21:47:30.295909+09:00
Fence Bill,,,failed,False,2026-08-19T22:06:09.459067+09:00
Fence Board,14800.0,100.0,success,False,2026-08-19T21:51:01.436792+09:00
Fence Book,720.0,8.0,success,False,2026-08-19T22:07:01.913828+09:00
Fence Bridge,480.0,2.0,success,False,2026-08-19T21:48:11.031110+09:00
Fence Brief,,,failed,False,2026-08-21T01:06:25.514755+09:00
Fence Bulletin,,,failed,False,2026-08-21T01:06:21.603341+09:00
Fence Calculator,14800.0,10.0,success,False,2026-08-27T23:33:49.410538+09:00
Fence Card,30.0,27.0,success,False,2026-08-19T22:02:16.192857+09:00
Fence Cascade,,,failed,False,2026-08-19T21:47:55.928943+09:00
Fence Cash,,,failed,False,2026-08-21T02:28:40.448172+09:00
Fence Category,10.0,9.0,success,False,2026-08-23T13:06:27.049949+09:00
Fence Chain,5400.0,99.0,success,False,2026-08-19T21:53:57.995655+09:00
Fence Charge,20.0,39.0,success,False,2026-08-21T02:44:54.822530+09:00
Fence Chart,10.0,0.0,success,False,2026-08-19T22:00:26.290780+09:00
Fence Check,90.0,7.0,success,False,2026-08-19T22:02:37.152847+09:00
Fence Checker,50.0,100.0,success,False,2026-08-27T23:54:52.993731+09:00
Fence Circular,,,failed,False,2026-08-21T01:06:31.516088+09:00
Fence Code,110.0,1.0,success,False,2026-08-19T22:06:32.723316+09:00
Fence Companion,,,failed,False,2026-08-19T21:55:54.779139+09:00
Fence Comparison,10.0,58.0,success,False,2026-08-28T01:06:21.038746+09:00
Fence Confirmation,,,failed,False,2026-08-21T01:06:48.856434+09:00
Fence Contribution,,,failed,False,2026-08-23T16:16:29.053349+09:00
Fence Core,20.0,4.0,success,False,2026-08-19T21:50:37.216187+09:00
Fence Cost,3600.0,100.0,success,False,2026-08-21T02:11:34.732367+09:00
Fence Count,,,failed,False,2026-08-27T22:46:02.765409+09:00
Fence Deal,,,failed,False,2026-08-21T01:54:58.367500+09:00
Fence Debt,,,failed,False,2026-08-21T02:28:33.010940+09:00
Fence Deck,2400.0,90.0,success,False,2026-08-19T21:51:10.797801+09:00
Fence Desk,70.0,72.0,success,False,2026-08-19T21:46:26.862344+09:00
Fence Detail,320.0,7.0,success,False,2026-08-23T03:16:31.986562+09:00
Fence Detector,70.0,35.0,success,False,2026-08-27T23:54:55.608336+09:00
Fence Diagram,590.0,0.0,success,False,2026-08-27T22:06:37.910338+09:00
Fence Discount,30.0,100.0,success,False,2026-08-23T16:16:24.189782+09:00
Fence Dossier,,,failed,False,2026-08-21T01:06:53.303863+09:00
Fence Downpayment,,,failed,False,2026-08-27T21:50:58.340520+09:00
Fence Draft,,,failed,False,2026-08-19T22:04:45.902658+09:00
Fence Due,,,failed,False,2026-08-23T15:52:26.691302+09:00
Fence Duty,,,failed,False,2026-08-21T02:44:59.003058+09:00
Fence Engine,,,failed,False,2026-08-19T21:55:09.455728+09:00
Fence Entry,90.0,86.0,success,False,2026-08-21T01:07:09.616987+09:00
Fence Estimate,720.0,74.0,success,False,2026-08-19T22:05:51.290848+09:00
Fence Estimator,1600.0,69.0,success,False,2026-08-27T23:54:48.967937+09:00
Fence Excerpt,,,failed,False,2026-08-21T01:07:05.419425+09:00
Fence Fare,,,failed,False,2026-08-21T02:11:43.167775+09:00
Fence Fee,,,failed,False,2026-08-21T01:54:40.308388+09:00
Fence Feed,,,failed,False,2026-08-19T22:04:34.418517+09:00
Fence File,,,failed,False,2026-08-19T22:03:52.975095+09:00
Fence Finder,20.0,69.0,success,False,2026-08-19T21:57:37.806809+09:00
Fence Fine,10.0,84.0,success,False,2026-08-23T02:52:37.533661+09:00
Fence Flag,480.0,97.0,success,False,2026-08-21T00:31:43.518986+09:00
Fence Flow,90.0,9.0,success,False,2026-08-19T21:46:03.788347+09:00
Fence Form,30.0,21.0,success,False,2026-08-19T22:02:05.634117+09:00
Fence Format,,,failed,False,2026-08-23T13:06:33.832553+09:00
Fence Frame,590.0,89.0,success,False,2026-08-19T21:50:15.861548+09:00
Fence Fund,40.0,9.0,success,False,2026-08-21T02:28:36.980709+09:00
Fence Gate,33100.0,100.0,success,False,2026-08-19T21:54:19.584048+09:00
Fence Grade,,,failed,False,2026-08-21T00:31:22.902026+09:00
Fence Grid,390.0,99.0,success,False,2026-08-19T21:49:16.162945+09:00
Fence Guarantee,70.0,27.0,success,False,2026-08-28T01:06:26.504545+09:00
Fence Guardian,720.0,67.0,success,False,2026-08-28T00:24:51.336275+09:00
Fence Harbor,,,failed,False,2026-08-19T21:59:23.737982+09:00
Fence Helpdesk,,,failed,False,2026-08-27T22:46:05.352618+09:00
Fence Helper,30.0,58.0,success,False,2026-08-28T00:24:56.382213+09:00
Fence History,110.0,3.0,success,False,2026-08-19T22:03:42.018748+09:00
Fence Hub,30.0,16.0,success,False,2026-08-19T21:46:13.716197+09:00
Fence Identifier,,,failed,False,2026-08-23T13:06:24.369926+09:00
Fence Inbox,,,failed,False,2026-08-19T22:00:04.199605+09:00
Fence Index,,,failed,False,2026-08-19T22:05:32.455871+09:00
Fence Installment,50.0,47.0,success,False,2026-08-23T16:16:26.754683+09:00
Fence Interest,,,failed,False,2026-08-23T13:47:27.498118+09:00
Fence Item,,,failed,False,2026-08-21T01:54:45.555150+09:00
Fence Journal,720.0,8.0,success,False,2026-08-19T21:56:44.387128+09:00
Fence Keeper,20.0,19.0,success,False,2026-08-19T21:54:48.895899+09:00
Fence Kit,1600.0,100.0,success,False,2026-08-27T22:45:55.749339+09:00
Fence Layout,170.0,21.0,success,False,2026-08-27T22:28:39.838514+09:00
Fence Ledger,,,failed,False,2026-08-19T21:50:49.199189+09:00
Fence Level,170.0,77.0,success,False,2026-08-19T22:04:03.389101+09:00
Fence Line,4400.0,66.0,success,False,2026-08-19T22:01:14.357219+09:00
Fence Link,1300.0,82.0,success,False,2026-08-23T03:16:23.757716+09:00
Fence List,10.0,32.0,success,False,2026-08-19T22:06:44.272499+09:00
Fence Loan,90.0,84.0,success,False,2026-08-21T02:11:46.716437+09:00
Fence Locator,,,failed,False,2026-08-19T21:57:24.591826+09:00
Fence Log,1300.0,87.0,success,False,2026-08-19T22:01:53.877884+09:00
Fence Loop,30.0,50.0,success,False,2026-08-19T21:49:05.079544+09:00
Fence Manager,40.0,77.0,success,False,2026-08-19T21:55:00.630940+09:00
Fence Manual,10.0,,success,False,2026-08-27T22:15:52.757907+09:00
Fence Map,50.0,7.0,success,False,2026-08-19T21:50:02.656663+09:00
Fence Margin,,,failed,False,2026-08-23T02:52:35.436753+09:00
Fence Marker,90.0,30.0,success,False,2026-08-23T13:27:46.545552+09:00
Fence Markup,,,failed,False,2026-08-23T16:40:09.543730+09:00
Fence Memo,,,failed,False,2026-08-21T00:31:30.142352+09:00
Fence Monitor,50.0,100.0,success,False,2026-08-19T21:55:47.244669+09:00
Fence Note,,,failed,False,2026-08-19T22:02:54.876263+09:00
Fence Notification,,,failed,False,2026-08-27T22:45:55.749339+09:00
Fence Number,170.0,100.0,success,False,2026-08-23T03:16:15.944869+09:00
Fence Ops,,,failed,False,2026-08-19T21:56:20.786748+09:00
Fence Order,30.0,86.0,success,False,2026-08-19T22:06:01.682265+09:00
Fence Outpost,,,failed,False,2026-08-19T21:59:01.960523+09:00
Fence Overage,,,failed,False,2026-08-27T21:50:56.215822+09:00
Fence Overdue,,,failed,False,2026-08-27T21:50:51.730845+09:00
Fence Panel,165000.0,100.0,success,False,2026-08-19T21:52:57.085670+09:00
Fence Pass,,,failed,False,2026-08-21T00:30:46.553076+09:00
Fence Path,,,failed,False,2026-08-19T21:49:39.376770+09:00
Fence Payoff,,,failed,False,2026-08-27T21:50:54.080102+09:00
Fence Penalty,,,failed,False,2026-08-23T16:40:09.543730+09:00
Fence Petition,,,failed,False,2026-08-21T01:06:45.397337+09:00
Fence Plan,1000.0,37.0,success,False,2026-08-21T01:54:53.118600+09:00
Fence Planner,1000.0,37.0,success,False,2026-08-19T21:55:28.451912+09:00
Fence Playbook,,,failed,False,2026-08-19T21:56:30.340313+09:00
Fence Point,590.0,19.0,success,False,2026-08-19T21:49:51.324073+09:00
Fence Preview,10.0,0.0,success,False,2026-08-28T01:06:21.038746+09:00
Fence Profile,70.0,73.0,success,False,2026-08-19T22:03:14.947098+09:00
Fence Profit,10.0,,success,False,2026-08-23T02:52:28.484811+09:00
Fence Proposal,50.0,8.0,success,False,2026-08-28T01:06:23.726095+09:00
Fence Quota,,,failed,False,2026-08-21T00:31:38.357083+09:00
Fence Radar,,,failed,False,2026-08-19T21:46:37.963751+09:00
Fence Rail,8100.0,100.0,success,False,2026-08-19T21:53:34.201182+09:00
Fence Rate,40.0,65.0,success,False,2026-08-19T22:04:13.367774+09:00
Fence Recap,,,failed,False,2026-08-21T01:06:58.606298+09:00
Fence Receipt,,,failed,False,2026-08-19T22:06:22.029176+09:00
Fence Register,40.0,0.0,success,False,2026-08-19T21:56:08.103899+09:00
Fence Registry,,,failed,False,2026-08-19T21:56:56.242658+09:00
Fence Relay,,,failed,False,2026-08-19T21:46:50.004607+09:00
Fence Reminder,,,failed,False,2026-08-19T22:05:22.514727+09:00
Fence Report,,,failed,False,2026-08-19T22:01:45.686906+09:00
Fence Roll,1900.0,100.0,success,False,2026-08-19T22:01:35.806950+09:00
Fence Rule,170.0,1.0,success,False,2026-08-23T03:16:29.353172+09:00
Fence Sale,1900.0,100.0,success,False,2026-08-21T02:28:46.160203+09:00
Fence Sample,170.0,98.0,success,False,2026-08-19T22:07:25.606827+09:00
Fence Scanner,,,failed,False,2026-08-27T23:54:52.993731+09:00
Fence Scheduler,,,failed,False,2026-08-19T21:55:36.980585+09:00
Fence Scope,50.0,58.0,success,False,2026-08-19T21:48:55.925505+09:00
Fence Score,90.0,49.0,success,False,2026-08-19T22:02:47.197172+09:00
Fence Sheet,590.0,100.0,success,False,2026-08-19T22:02:25.837553+09:00
Fence Signal,,,failed,False,2026-08-19T21:48:22.940977+09:00
Fence Slip,10.0,64.0,success,False,2026-08-19T22:07:18.055706+09:00
Fence Slot,320.0,100.0,success,False,2026-08-19T22:07:37.028999+09:00
Fence Statement,,,failed,False,2026-08-21T00:31:12.375379+09:00
Fence Status,,,failed,False,2026-08-19T22:03:23.353107+09:00
Fence Stub,,,failed,False,2026-08-21T00:31:05.602481+09:00
Fence Subsidy,,,failed,False,2026-08-23T15:52:28.857053+09:00
Fence Sum,,,failed,False,2026-08-21T02:28:33.010940+09:00
Fence Summary,880.0,0.0,success,False,2026-08-19T22:04:57.454275+09:00
Fence Tab,,,failed,False,2026-08-21T00:31:52.807063+09:00
Fence Table,260.0,90.0,success,False,2026-08-19T22:06:53.339068+09:00
Fence Tag,70.0,99.0,success,False,2026-08-19T22:03:05.892678+09:00
Fence Tally,,,failed,False,2026-08-21T00:31:17.519824+09:00
Fence Tariff,,,failed,False,2026-08-21T02:45:09.656384+09:00
Fence Tax,,,failed,False,2026-08-21T02:11:43.167775+09:00
Fence Ticket,,,failed,False,2026-08-19T22:05:40.444282+09:00
Fence Tier,,,failed,False,2026-08-28T00:47:45.290833+09:00
Fence Timeline,,,failed,False,2026-08-19T22:05:13.355108+09:00
Fence Toll,,,failed,False,2026-08-21T02:45:01.493449+09:00
Fence Toolbox,,,failed,False,2026-08-28T00:24:53.833495+09:00
Fence Tower,,,failed,False,2026-08-19T21:59:32.934011+09:00
Fence Tracker,1000.0,84.0,success,False,2026-08-19T22:07:58.722610+09:00
Fence Trail,90.0,58.0,success,False,2026-08-19T21:53:43.821939+09:00
Fence Trial,,,failed,False,2026-08-27T21:19:56.366947+09:00
Fence Unit,70.0,98.0,success,False,2026-08-21T01:54:48.965214+09:00
Fence Update,20.0,55.0,success,False,2026-08-19T22:04:23.242123+09:00
Fence Value,10.0,18.0,success,False,2026-08-23T02:52:30.798474+09:00
Fence Version,,,failed,False,2026-08-23T03:16:19.788711+09:00
Fence View,260.0,78.0,success,False,2026-08-19T22:03:32.806508+09:00
Fence Voucher,,,failed,False,2026-08-21T00:30:53.488074+09:00
Fence Watch,70.0,2.0,success,False,2026-08-19T21:48:40.966338+09:00
Fence Wave,70.0,95.0,success,False,2026-08-19T21:49:30.160580+09:00
Fence Window,1000.0,14.0,success,False,2026-08-19T22:01:23.897474+09:00
Fence Worksheet,,,failed,False,2026-08-27T22:15:55.055044+09:00
Fence Workshop,70.0,50.0,success,False,2026-08-28T00:24:47.033463+09:00
Fence Zone,170.0,16.0,success,False,2026-08-19T21:52:16.498900+09:00
Fertilizer Advisory,,,failed,False,2026-08-21T01:05:43.113119+09:00
Fertilizer Allowance,,,failed,False,2026-08-21T02:36:37.228119+09:00
Fertilizer Almanac,,,failed,False,2026-08-18T22:04:18.397619+09:00
Fertilizer Analyzer,10.0,100.0,success,False,2026-08-27T23:58:55.210944+09:00
Fertilizer Anchor,,,failed,False,2026-08-17T20:34:29.454165+09:00
Fertilizer Assistant,,,failed,False,2026-08-17T23:29:25.330773+09:00
Fertilizer Atlas,10.0,0.0,success,False,2026-08-17T21:34:01.777052+09:00
Fertilizer Attribute,,,failed,False,2026-08-23T13:06:13.755843+09:00
Fertilizer Badge,,,failed,False,2026-08-21T00:31:03.590955+09:00
Fertilizer Balance,70.0,100.0,success,False,2026-08-23T13:46:50.376234+09:00
Fertilizer Base,,,failed,False,2026-08-17T21:30:10.122952+09:00
Fertilizer Beacon,,,failed,False,2026-08-17T20:38:13.537846+09:00
Fertilizer Bill,110.0,0.0,success,False,2026-08-19T21:48:48.534569+09:00
Fertilizer Blueprint,,,failed,False,2026-08-18T22:04:07.158721+09:00
Fertilizer Board,90.0,0.0,success,False,2026-08-17T20:45:34.633599+09:00
Fertilizer Book,880.0,4.0,success,False,2026-08-19T21:49:45.321625+09:00
Fertilizer Bridge,10.0,0.0,success,False,2026-08-17T20:35:20.751202+09:00
Fertilizer Brief,,,failed,False,2026-08-21T01:05:29.532542+09:00
Fertilizer Bulletin,,,failed,False,2026-08-21T01:05:25.449789+09:00
Fertilizer Cabinet,,,failed,False,2026-08-27T23:15:41.145408+09:00
Fertilizer Calculator,4400.0,1.0,success,False,2026-08-27T23:36:29.882311+09:00
Fertilizer Calendar,140.0,12.0,success,False,2026-08-19T00:01:40.731758+09:00
Fertilizer Card,10.0,0.0,success,False,2026-08-19T13:28:19.124767+09:00
Fertilizer Cascade,,,failed,False,2026-08-17T20:36:18.497930+09:00
Fertilizer Cash,,,failed,False,2026-08-21T02:30:16.403499+09:00
Fertilizer Cashback,,,failed,False,2026-08-27T21:17:21.350185+09:00
Fertilizer Catalog,110.0,2.0,success,False,2026-08-19T21:03:23.930623+09:00
Fertilizer Category,30.0,1.0,success,False,2026-08-23T13:06:10.168774+09:00
Fertilizer Center,50.0,0.0,success,False,2026-08-17T20:40:27.760312+09:00
Fertilizer Chain,10.0,14.0,success,False,2026-08-17T21:40:01.418165+09:00
Fertilizer Charge,,,failed,False,2026-08-21T02:45:41.299406+09:00
Fertilizer Check,,,failed,False,2026-08-19T13:28:43.746659+09:00
Fertilizer Checker,,,failed,False,2026-08-27T23:58:52.704840+09:00
Fertilizer Circular,,,failed,False,2026-08-21T01:05:39.127217+09:00
Fertilizer Cockpit,,,failed,False,2026-08-17T23:11:21.548397+09:00
Fertilizer Code,110.0,8.0,success,False,2026-08-19T21:49:11.434209+09:00
Fertilizer Codex,,,failed,False,2026-08-18T22:04:38.583463+09:00
Fertilizer Companion,,,failed,False,2026-08-17T23:30:43.619577+09:00
Fertilizer Comparison,30.0,4.0,success,False,2026-08-28T01:09:06.544338+09:00
Fertilizer Compass,,,failed,False,2026-08-17T20:39:11.470645+09:00
Fertilizer Compendium,,,failed,False,2026-08-18T22:04:29.881802+09:00
Fertilizer Confirmation,,,failed,False,2026-08-21T01:05:55.165491+09:00
Fertilizer Console,,,failed,False,2026-08-17T20:37:49.257868+09:00
Fertilizer Converter,30.0,35.0,success,False,2026-08-27T23:36:33.321869+09:00
Fertilizer Core,,,failed,False,2026-08-17T20:47:50.375793+09:00
Fertilizer Cost,720.0,12.0,success,False,2026-08-21T02:13:43.743607+09:00
Fertilizer Count,,,failed,False,2026-08-27T22:49:57.314209+09:00
Fertilizer Counter,10.0,0.0,success,False,2026-08-19T00:02:27.896414+09:00
Fertilizer Coupon,30.0,2.0,success,False,2026-08-27T21:17:21.350185+09:00
Fertilizer Dashboard,40.0,1.0,success,False,2026-08-17T23:30:28.172183+09:00
Fertilizer Deal,,,failed,False,2026-08-21T02:05:48.650139+09:00
Fertilizer Debt,,,failed,False,2026-08-21T02:30:08.779542+09:00
Fertilizer Deck,,,failed,False,2026-08-17T20:44:32.138425+09:00
Fertilizer Depot,70.0,16.0,success,False,2026-08-19T00:02:12.644181+09:00
Fertilizer Desk,,,failed,False,2026-08-17T20:42:21.345142+09:00
Fertilizer Detail,,,failed,False,2026-08-23T03:16:26.068243+09:00
Fertilizer Detector,10.0,50.0,success,False,2026-08-27T23:58:55.210944+09:00
Fertilizer Dial,,,failed,False,2026-08-17T20:35:51.368204+09:00
Fertilizer Digest,,,failed,False,2026-08-19T20:46:42.465530+09:00
Fertilizer Directory,20.0,3.0,success,False,2026-08-19T00:01:49.817235+09:00
Fertilizer Discount,,,failed,False,2026-08-23T16:14:37.846068+09:00
Fertilizer Dock,,,failed,False,2026-08-17T20:31:52.293572+09:00
Fertilizer Dossier,,,failed,False,2026-08-21T01:06:02.674001+09:00
Fertilizer Downpayment,,,failed,False,2026-08-27T21:48:30.689545+09:00
Fertilizer Draft,,,failed,False,2026-08-19T20:46:51.690221+09:00
Fertilizer Due,,,failed,False,2026-08-23T15:51:44.971205+09:00
Fertilizer Duty,,,failed,False,2026-08-21T02:45:44.220380+09:00
Fertilizer Engine,,,failed,False,2026-08-17T23:08:02.086738+09:00
Fertilizer Entry,,,failed,False,2026-08-21T01:06:13.819084+09:00
Fertilizer Estimate,,,failed,False,2026-08-19T21:32:39.944567+09:00
Fertilizer Estimator,,,failed,False,2026-08-27T23:58:48.183628+09:00
Fertilizer Excerpt,,,failed,False,2026-08-21T01:06:09.386639+09:00
Fertilizer Fare,,,failed,False,2026-08-21T02:13:51.922112+09:00
Fertilizer Fee,,,failed,False,2026-08-21T01:57:30.255883+09:00
Fertilizer Feed,140.0,95.0,success,False,2026-08-19T20:46:47.302188+09:00
Fertilizer Field,390.0,53.0,success,False,2026-08-23T13:06:17.940469+09:00
Fertilizer File,,,failed,False,2026-08-19T20:46:20.200545+09:00
Fertilizer Finder,10.0,0.0,success,False,2026-08-19T00:02:06.599822+09:00
Fertilizer Fine,,,failed,False,2026-08-23T02:52:56.566002+09:00
Fertilizer Flag,50.0,100.0,success,False,2026-08-21T00:31:49.661501+09:00
Fertilizer Flow,,,failed,False,2026-08-17T20:45:12.889782+09:00
Fertilizer Forge,,,failed,False,2026-08-17T20:37:18.091212+09:00
Fertilizer Form,110.0,4.0,success,False,2026-08-19T13:28:10.656877+09:00
Fertilizer Frame,,,failed,False,2026-08-17T21:31:17.550614+09:00
Fertilizer Fund,210.0,0.0,success,False,2026-08-21T02:30:12.359355+09:00
Fertilizer Gate,50.0,0.0,success,False,2026-08-17T21:36:10.133574+09:00
Fertilizer Giveaway,,,failed,False,2026-08-27T21:17:29.346524+09:00
Fertilizer Grade,,,failed,False,2026-08-21T00:31:30.142352+09:00
Fertilizer Graph,10.0,0.0,success,False,2026-08-27T22:12:40.822062+09:00
Fertilizer Grid,,,failed,False,2026-08-17T21:41:16.664514+09:00
Fertilizer Guarantee,,,failed,False,2026-08-28T01:01:36.692864+09:00
Fertilizer Guard,,,failed,False,2026-08-17T20:48:26.612997+09:00
Fertilizer Guardian,,,failed,False,2026-08-28T00:27:27.697084+09:00
Fertilizer Guidebook,,,failed,False,2026-08-18T22:03:46.428497+09:00
Fertilizer Helper,,,failed,False,2026-08-28T00:27:31.291174+09:00
Fertilizer History,170.0,0.0,success,False,2026-08-19T20:46:13.766068+09:00
Fertilizer Hotline,,,failed,False,2026-08-19T21:03:38.962662+09:00
Fertilizer Hub,,,failed,False,2026-08-17T20:44:10.950266+09:00
Fertilizer Identifier,,,failed,False,2026-08-23T13:06:07.907385+09:00
Fertilizer Incentive,,,failed,False,2026-08-27T21:17:26.157906+09:00
Fertilizer Index,110.0,6.0,success,False,2026-08-19T21:32:36.347329+09:00
Fertilizer Insight,,,failed,False,2026-08-17T23:04:07.422993+09:00
Fertilizer Installment,,,failed,False,2026-08-23T16:14:40.533655+09:00
Fertilizer Item,,,failed,False,2026-08-21T01:57:38.284860+09:00
Fertilizer Journal,20.0,3.0,success,False,2026-08-18T22:03:11.971226+09:00
Fertilizer Keeper,,,failed,False,2026-08-17T21:31:52.108049+09:00
Fertilizer Kit,110.0,75.0,success,False,2026-08-27T22:49:54.897946+09:00
Fertilizer Lab,50.0,0.0,success,False,2026-08-17T20:42:49.578916+09:00
Fertilizer Label,480.0,2.0,success,False,2026-08-27T22:12:40.822062+09:00
Fertilizer Layout,,,failed,False,2026-08-27T22:29:10.054268+09:00
Fertilizer Ledger,,,failed,False,2026-08-17T20:46:27.690682+09:00
Fertilizer Lens,,,failed,False,2026-08-17T21:32:28.090728+09:00
Fertilizer Level,,,failed,False,2026-08-19T20:46:24.803660+09:00
Fertilizer Levy,,,failed,False,2026-08-23T13:46:52.749544+09:00
Fertilizer Link,10.0,15.0,success,False,2026-08-23T03:16:19.788711+09:00
Fertilizer List,320.0,2.0,success,False,2026-08-19T21:49:21.504748+09:00
Fertilizer Loan,30.0,2.0,success,False,2026-08-21T02:13:59.319117+09:00
Fertilizer Locator,,,failed,False,2026-08-19T00:01:57.884072+09:00
Fertilizer Lock,,,failed,False,2026-08-17T21:34:31.783933+09:00
Fertilizer Log,,,failed,False,2026-08-19T13:28:03.494645+09:00
Fertilizer Loop,,,failed,False,2026-08-18T07:53:06.257546+09:00
Fertilizer Manager,10.0,0.0,success,False,2026-08-17T21:30:43.453478+09:00
Fertilizer Manual,170.0,15.0,success,False,2026-08-27T22:12:43.537947+09:00
Fertilizer Map,6600.0,25.0,success,False,2026-08-17T21:33:30.231055+09:00
Fertilizer Margin,10.0,0.0,success,False,2026-08-23T02:52:54.203392+09:00
Fertilizer Marker,,,failed,False,2026-08-23T13:27:13.232233+09:00
Fertilizer Markup,,,failed,False,2026-08-23T16:39:07.006923+09:00
Fertilizer Memo,,,failed,False,2026-08-21T00:31:36.211701+09:00
Fertilizer Message,,,failed,False,2026-08-27T23:15:36.970228+09:00
Fertilizer Meter,40.0,62.0,success,False,2026-08-17T20:34:53.035348+09:00
Fertilizer Metrics,,,failed,False,2026-08-17T23:30:14.406427+09:00
Fertilizer Monitor,10.0,0.0,success,False,2026-08-17T23:30:01.630713+09:00
Fertilizer Navigator,,,failed,False,2026-08-17T23:05:57.160852+09:00
Fertilizer Nexus,,,failed,False,2026-08-17T21:35:06.399475+09:00
Fertilizer Node,,,failed,False,2026-08-17T21:37:08.932405+09:00
Fertilizer Note,,,failed,False,2026-08-19T13:29:00.478751+09:00
Fertilizer Notification,10.0,0.0,success,False,2026-08-27T22:49:54.897946+09:00
Fertilizer Number,5400.0,16.0,success,False,2026-08-23T03:16:07.985751+09:00
Fertilizer Office,20.0,0.0,success,False,2026-08-19T00:02:21.603583+09:00
Fertilizer Ops,,,failed,False,2026-08-17T23:31:05.763784+09:00
Fertilizer Order,50.0,85.0,success,False,2026-08-19T21:48:31.545228+09:00
Fertilizer Organizer,,,failed,False,2026-08-17T23:09:46.743330+09:00
Fertilizer Overage,,,failed,False,2026-08-27T21:48:28.268054+09:00
Fertilizer Overdue,,,failed,False,2026-08-27T21:48:23.216174+09:00
Fertilizer Panel,,,failed,False,2026-08-17T20:36:51.044622+09:00
Fertilizer Pass,,,failed,False,2026-08-21T00:30:51.297861+09:00
Fertilizer Path,,,failed,False,2026-08-17T21:36:38.708092+09:00
Fertilizer Payoff,,,failed,False,2026-08-27T21:48:25.630641+09:00
Fertilizer Penalty,,,failed,False,2026-08-23T16:39:07.006923+09:00
Fertilizer Petition,,,failed,False,2026-08-21T01:05:46.512536+09:00
Fertilizer Pilot,,,failed,False,2026-08-17T20:43:16.751377+09:00
Fertilizer Plan,70.0,13.0,success,False,2026-08-21T01:57:45.438381+09:00
Fertilizer Planner,,,failed,False,2026-08-17T23:14:53.160605+09:00
Fertilizer Playbook,,,failed,False,2026-08-18T22:03:00.985111+09:00
Fertilizer Point,,,failed,False,2026-08-17T21:35:38.144027+09:00
Fertilizer Portal,70.0,3.0,success,False,2026-08-17T20:38:37.912313+09:00
Fertilizer Preview,,,failed,False,2026-08-28T01:09:06.544338+09:00
Fertilizer Profile,,,failed,False,2026-08-19T13:29:31.691093+09:00
Fertilizer Profit,,,failed,False,2026-08-23T02:52:46.674301+09:00
Fertilizer Proposal,,,failed,False,2026-08-28T01:01:32.188675+09:00
Fertilizer Pulse,,,failed,False,2026-08-17T21:39:09.779186+09:00
Fertilizer Quota,,,failed,False,2026-08-21T00:31:41.208752+09:00
Fertilizer Radar,,,failed,False,2026-08-17T20:41:38.152103+09:00
Fertilizer Rail,,,failed,False,2026-08-18T07:52:10.902319+09:00
Fertilizer Rate,390.0,0.0,success,False,2026-08-19T20:46:27.543041+09:00
Fertilizer Recap,,,failed,False,2026-08-21T01:06:05.335895+09:00
Fertilizer Receipt,,,failed,False,2026-08-19T21:49:01.029648+09:00
Fertilizer Recorder,,,failed,False,2026-08-27T23:36:33.321869+09:00
Fertilizer Register,210.0,0.0,success,False,2026-08-17T23:13:01.440927+09:00
Fertilizer Registry,,,failed,False,2026-08-18T22:03:55.697842+09:00
Fertilizer Relay,,,failed,False,2026-08-17T20:40:49.686418+09:00
Fertilizer Reminder,,,failed,False,2026-08-19T21:32:34.534523+09:00
Fertilizer Report,50.0,4.0,success,False,2026-08-19T13:27:56.460670+09:00
Fertilizer Result,,,failed,False,2026-08-28T00:49:05.838031+09:00
Fertilizer Roadmap,,,failed,False,2026-08-18T22:04:49.273954+09:00
Fertilizer Roster,,,failed,False,2026-08-19T00:37:32.560227+09:00
Fertilizer Route,,,failed,False,2026-08-17T20:32:58.642411+09:00
Fertilizer Rule,,,failed,False,2026-08-23T03:16:23.757716+09:00
Fertilizer Sale,1900.0,100.0,success,False,2026-08-21T02:30:21.260254+09:00
Fertilizer Sample,90.0,9.0,success,False,2026-08-19T21:50:09.573666+09:00
Fertilizer Scale,90.0,73.0,success,False,2026-08-17T20:34:02.071546+09:00
Fertilizer Scanner,10.0,11.0,success,False,2026-08-27T23:58:52.704840+09:00
Fertilizer Scheduler,,,failed,False,2026-08-17T23:29:41.239949+09:00
Fertilizer Scope,,,failed,False,2026-08-18T07:52:56.677266+09:00
Fertilizer Score,,,failed,False,2026-08-19T13:28:52.256085+09:00
Fertilizer Sentry,,,failed,False,2026-08-17T21:33:04.357190+09:00
Fertilizer Sheet,,,failed,False,2026-08-19T13:28:33.821561+09:00
Fertilizer Shortfall,,,failed,False,2026-08-27T21:48:33.250783+09:00
Fertilizer Signal,,,failed,False,2026-08-17T20:33:33.696511+09:00
Fertilizer Slip,,,failed,False,2026-08-19T21:49:58.938963+09:00
Fertilizer Slot,,,failed,False,2026-08-19T21:50:21.596797+09:00
Fertilizer Snapshot,,,failed,False,2026-08-18T22:03:23.896977+09:00
Fertilizer Stage,,,failed,False,2026-08-28T00:49:05.838031+09:00
Fertilizer Stamp,,,failed,False,2026-08-23T13:27:16.161149+09:00
Fertilizer Statement,,,failed,False,2026-08-21T00:31:14.600161+09:00
Fertilizer Station,10.0,0.0,success,False,2026-08-17T20:42:01.579820+09:00
Fertilizer Status,70.0,0.0,success,False,2026-08-19T20:46:04.507912+09:00
Fertilizer Stub,,,failed,False,2026-08-21T00:31:09.970083+09:00
Fertilizer Studio,,,failed,False,2026-08-17T20:43:46.830313+09:00
Fertilizer Subsidy,590.0,0.0,success,False,2026-08-23T15:51:47.066948+09:00
Fertilizer Suite,,,failed,False,2026-08-17T23:29:07.663083+09:00
Fertilizer Sum,,,failed,False,2026-08-21T02:30:05.549953+09:00
Fertilizer Summary,,,failed,False,2026-08-19T21:32:28.691012+09:00
Fertilizer Surtax,,,failed,False,2026-08-23T15:51:49.176648+09:00
Fertilizer Sync,,,failed,False,2026-08-17T20:45:58.318950+09:00
Fertilizer Tab,320.0,71.0,success,False,2026-08-21T00:31:57.081328+09:00
Fertilizer Table,30.0,1.0,success,False,2026-08-19T21:49:35.357194+09:00
Fertilizer Tag,50.0,0.0,success,False,2026-08-19T13:29:15.231319+09:00
Fertilizer Tally,,,failed,False,2026-08-21T00:31:22.902026+09:00
Fertilizer Tariff,170.0,0.0,success,False,2026-08-21T02:36:44.892736+09:00
Fertilizer Tax,140.0,0.0,success,False,2026-08-21T02:13:55.363048+09:00
Fertilizer Ticket,,,failed,False,2026-08-19T21:32:38.095873+09:00
Fertilizer Tier,,,failed,False,2026-08-28T00:49:09.988603+09:00
Fertilizer Timeline,10.0,0.0,success,False,2026-08-19T21:32:32.734528+09:00
Fertilizer Timer,,,failed,False,2026-08-28T00:27:23.571229+09:00
Fertilizer Toll,,,failed,False,2026-08-21T02:36:33.361411+09:00
Fertilizer Toolbox,,,failed,False,2026-08-28T00:27:27.697084+09:00
Fertilizer Toolkit,,,failed,False,2026-08-18T22:02:50.623197+09:00
Fertilizer Total,,,failed,False,2026-08-27T23:15:36.970228+09:00
Fertilizer Tracker,20.0,1.0,success,False,2026-08-17T20:47:07.356899+09:00
Fertilizer Trail,,,failed,False,2026-08-17T21:41:47.180143+09:00
Fertilizer Trend,,,failed,False,2026-08-28T01:09:06.544338+09:00
Fertilizer Trial,10.0,0.0,success,False,2026-08-27T21:17:23.968001+09:00
Fertilizer Unit,70.0,12.0,success,False,2026-08-21T01:57:40.883576+09:00
Fertilizer Update,30.0,3.0,success,False,2026-08-19T20:46:33.393422+09:00
Fertilizer Value,170.0,4.0,success,False,2026-08-23T02:52:49.123666+09:00
Fertilizer Vault,,,failed,False,2026-08-17T20:40:03.112671+09:00
Fertilizer Version,,,failed,False,2026-08-23T03:16:13.014331+09:00
Fertilizer View,,,failed,False,2026-08-19T20:46:08.912085+09:00
Fertilizer Voucher,10.0,0.0,success,False,2026-08-21T00:30:57.917323+09:00
Fertilizer Watch,,,failed,False,2026-08-17T20:32:23.142780+09:00
Fertilizer Wave,,,failed,False,2026-08-17T21:37:46.877382+09:00
Fertilizer Widget,,,failed,False,2026-08-27T23:15:41.145408+09:00
Fertilizer Workbench,,,failed,False,2026-08-18T22:02:42.227147+09:00
Fertilizer Worksheet,70.0,0.0,success,False,2026-08-27T22:12:46.306034+09:00
Fertilizer Zone,,,failed,False,2026-08-17T20:39:33.830984+09:00
Filing Advance,,,failed,False,2026-08-23T16:14:05.017306+09:00
Filing Advisory,,,failed,False,2026-08-21T01:02:18.693445+09:00
Filing Allowance,,,failed,False,2026-08-21T02:39:46.933675+09:00
Filing Almanac,,,failed,False,2026-08-18T23:50:58.305454+09:00
Filing Analyzer,,,failed,False,2026-08-27T23:56:05.344982+09:00
Filing Anchor,,,failed,False,2026-08-17T20:40:55.263419+09:00
Filing Arrears,,,failed,False,2026-08-23T16:14:05.017306+09:00
Filing Assistant,260.0,2.0,success,False,2026-08-17T23:30:21.472957+09:00
Filing Atlas,,,failed,False,2026-08-18T07:52:25.028656+09:00
Filing Balance,,,failed,False,2026-08-23T13:46:52.749544+09:00
Filing Base,,,failed,False,2026-08-17T21:38:00.601683+09:00
Filing Beacon,,,failed,False,2026-08-17T20:44:20.013961+09:00
Filing Bill,,,failed,False,2026-08-19T21:48:00.610703+09:00
Filing Blueprint,,,failed,False,2026-08-18T23:50:58.305454+09:00
Filing Board,1900.0,73.0,success,False,2026-08-17T21:34:46.886716+09:00
Filing Book,2400.0,96.0,success,False,2026-08-19T21:49:09.518107+09:00
Filing Bridge,,,failed,False,2026-08-17T20:41:48.704350+09:00
Filing Brief,,,failed,False,2026-08-21T01:00:27.646290+09:00
Filing Bulletin,,,failed,False,2026-08-21T01:00:22.728561+09:00
Filing Cabinet,165000.0,100.0,success,False,2026-08-27T23:13:41.688189+09:00
Filing Calculator,50.0,1.0,success,False,2026-08-27T23:34:44.753648+09:00
Filing Calendar,880.0,9.0,success,False,2026-08-19T00:01:37.572111+09:00
Filing Card,4400.0,25.0,success,False,2026-08-19T13:40:29.386715+09:00
Filing Cascade,,,failed,False,2026-08-17T20:42:32.290659+09:00
Filing Cash,10.0,0.0,success,False,2026-08-21T02:24:23.153426+09:00
Filing Catalog,,,failed,False,2026-08-19T21:05:57.473217+09:00
Filing Center,1600.0,20.0,success,False,2026-08-17T20:46:46.837602+09:00
Filing Chain,,,failed,False,2026-08-17T20:36:04.789698+09:00
Filing Charge,1000.0,1.0,success,False,2026-08-21T02:39:34.519072+09:00
Filing Check,18100.0,4.0,success,False,2026-08-19T13:41:12.937543+09:00
Filing Checker,18100.0,4.0,success,False,2026-08-27T23:56:00.047193+09:00
Filing Checklist,170.0,14.0,success,False,2026-08-19T21:04:53.638566+09:00
Filing Circular,,,failed,False,2026-08-21T01:02:16.623580+09:00
Filing Cockpit,,,failed,False,2026-08-17T23:14:25.326532+09:00
Filing Code,590.0,1.0,success,False,2026-08-19T21:48:27.069382+09:00
Filing Codex,,,failed,False,2026-08-18T23:50:58.305454+09:00
Filing Companion,,,failed,False,2026-08-17T23:31:45.267981+09:00
Filing Comparison,,,failed,False,2026-08-28T01:05:50.050566+09:00
Filing Compass,,,failed,False,2026-08-17T20:45:18.923986+09:00
Filing Compendium,,,failed,False,2026-08-18T23:50:58.305454+09:00
Filing Confirmation,110.0,6.0,success,False,2026-08-21T01:00:42.748785+09:00
Filing Console,50.0,94.0,success,False,2026-08-17T20:43:56.267353+09:00
Filing Contribution,,,failed,False,2026-08-23T16:14:01.846183+09:00
Filing Converter,,,failed,False,2026-08-27T23:34:44.753648+09:00
Filing Core,,,failed,False,2026-08-17T21:36:50.527973+09:00
Filing Cost,320.0,64.0,success,False,2026-08-21T02:09:05.168889+09:00
Filing Count,,,failed,False,2026-08-27T22:48:31.695595+09:00
Filing Counter,260.0,1.0,success,False,2026-08-19T00:02:24.547164+09:00
Filing Dashboard,,,failed,False,2026-08-17T23:31:30.005121+09:00
Filing Deal,,,failed,False,2026-08-21T01:53:17.199833+09:00
Filing Debt,,,failed,False,2026-08-21T02:24:12.217966+09:00
Filing Deck,,,failed,False,2026-08-17T21:33:40.096792+09:00
Filing Depot,,,failed,False,2026-08-19T00:02:09.626106+09:00
Filing Desk,1000.0,100.0,success,False,2026-08-17T21:30:53.341117+09:00
Filing Detail,,,failed,False,2026-08-23T03:18:44.540602+09:00
Filing Detector,,,failed,False,2026-08-27T23:56:02.652689+09:00
Filing Diagram,20.0,0.0,success,False,2026-08-27T22:10:53.228398+09:00
Filing Dial,,,failed,False,2026-08-17T20:42:10.144192+09:00
Filing Digest,,,failed,False,2026-08-19T20:37:42.979136+09:00
Filing Directory,1900.0,0.0,success,True,2026-08-19T00:01:46.968095+09:00
Filing Discount,,,failed,False,2026-08-23T16:13:55.875301+09:00
Filing Dock,,,failed,False,2026-08-17T20:38:48.292759+09:00
Filing Dossier,,,failed,False,2026-08-21T01:00:44.838906+09:00
Filing Downpayment,,,failed,False,2026-08-27T21:47:15.270708+09:00
Filing Draft,,,failed,False,2026-08-19T20:37:59.201045+09:00
Filing Due,,,failed,False,2026-08-23T15:51:42.166674+09:00
Filing Duty,,,failed,False,2026-08-21T02:39:36.901337+09:00
Filing Engine,10.0,0.0,success,False,2026-08-17T23:11:11.238352+09:00
Filing Entry,,,failed,False,2026-08-21T01:00:56.888807+09:00
Filing Estimate,,,failed,False,2026-08-19T21:05:44.553245+09:00
Filing Estimator,,,failed,False,2026-08-27T23:55:53.687521+09:00
Filing Excerpt,,,failed,False,2026-08-21T01:02:29.218317+09:00
Filing Extension,880.0,2.0,success,False,2026-08-23T16:38:47.783567+09:00
Filing Fare,,,failed,False,2026-08-21T02:09:12.482274+09:00
Filing Fee,3600.0,0.0,success,True,2026-08-21T01:52:54.387860+09:00
Filing Feed,,,failed,False,2026-08-19T20:37:52.054454+09:00
Filing Finder,1300.0,4.0,success,False,2026-08-19T00:02:04.506577+09:00
Filing Fine,,,failed,False,2026-08-23T02:54:35.289098+09:00
Filing Flag,,,failed,False,2026-08-21T00:27:39.908231+09:00
Filing Flow,,,failed,False,2026-08-17T21:34:15.444697+09:00
Filing Forge,,,failed,False,2026-08-17T20:43:29.254301+09:00
Filing Form,880.0,3.0,success,False,2026-08-19T13:40:19.370480+09:00
Filing Frame,210.0,100.0,success,False,2026-08-17T21:39:22.624237+09:00
Filing Fund,10.0,0.0,success,False,2026-08-21T02:24:19.138497+09:00
Filing Gate,,,failed,False,2026-08-17T20:33:15.121215+09:00
Filing Generator,,,failed,False,2026-08-27T23:34:44.753648+09:00
Filing Grade,,,failed,False,2026-08-21T00:27:19.385133+09:00
Filing Graph,,,failed,False,2026-08-27T22:10:39.067015+09:00
Filing Grid,,,failed,False,2026-08-17T20:36:31.502472+09:00
Filing Guarantee,,,failed,False,2026-08-28T01:05:55.431564+09:00
Filing Guard,,,failed,False,2026-08-17T21:37:24.355362+09:00
Filing Guardian,,,failed,False,2026-08-28T00:25:15.482285+09:00
Filing Guidebook,,,failed,False,2026-08-18T23:50:58.305454+09:00
Filing Helpdesk,,,failed,False,2026-08-27T22:48:31.695595+09:00
Filing Helper,260.0,2.0,success,False,2026-08-28T00:25:19.923690+09:00
Filing History,6600.0,2.0,success,False,2026-08-19T20:49:28.954845+09:00
Filing Hotline,,,failed,False,2026-08-19T21:06:08.303688+09:00
Filing Hub,10.0,14.0,success,False,2026-08-17T21:33:13.463030+09:00
Filing Identifier,,,failed,False,2026-08-23T13:06:54.038616+09:00
Filing Index,8100.0,72.0,success,False,2026-08-19T21:05:05.946905+09:00
Filing Insight,10.0,0.0,success,False,2026-08-17T23:07:32.474026+09:00
Filing Installment,,,failed,False,2026-08-23T16:13:58.601282+09:00
Filing Item,,,failed,False,2026-08-21T01:52:58.378871+09:00
Filing Journal,,,failed,False,2026-08-18T23:50:58.305454+09:00
Filing Keeper,,,failed,False,2026-08-17T21:40:49.556938+09:00
Filing Kit,590.0,71.0,success,False,2026-08-27T22:48:25.660209+09:00
Filing Lab,,,failed,False,2026-08-17T21:31:30.369012+09:00
Filing Label,1900.0,91.0,success,False,2026-08-27T22:10:43.212581+09:00
Filing Ledger,,,failed,False,2026-08-17T21:35:49.618076+09:00
Filing Lens,,,failed,False,2026-08-17T21:41:28.759770+09:00
Filing Level,,,failed,False,2026-08-19T20:37:14.893241+09:00
Filing Levy,,,failed,False,2026-08-23T13:46:55.595088+09:00
Filing Link,10.0,0.0,success,False,2026-08-23T03:18:36.305827+09:00
Filing List,201000.0,0.0,success,True,2026-08-19T21:48:40.966338+09:00
Filing Loan,,,failed,False,2026-08-21T02:09:21.519694+09:00
Filing Locator,880.0,0.0,success,False,2026-08-19T00:01:53.326080+09:00
Filing Lock,6600.0,10.0,success,False,2026-08-18T07:43:38.150133+09:00
Filing Log,,,failed,False,2026-08-19T13:40:01.237122+09:00
Filing Loop,10.0,100.0,success,False,2026-08-17T20:37:29.909330+09:00
Filing Manager,246000.0,15.0,success,False,2026-08-17T21:38:32.905021+09:00
Filing Manual,90.0,0.0,success,False,2026-08-27T22:10:48.957356+09:00
Filing Map,1300.0,44.0,success,False,2026-08-18T07:43:44.841764+09:00
Filing Margin,40.0,6.0,success,False,2026-08-23T02:54:35.289098+09:00
Filing Markup,,,failed,False,2026-08-23T16:38:42.507764+09:00
Filing Memo,,,failed,False,2026-08-21T00:27:27.558535+09:00
Filing Message,,,failed,False,2026-08-27T23:13:31.938909+09:00
Filing Meter,,,failed,False,2026-08-17T20:41:19.373388+09:00
Filing Metrics,,,failed,False,2026-08-17T23:31:12.330432+09:00
Filing Monitor,,,failed,False,2026-08-17T23:30:49.193189+09:00
Filing Navigator,,,failed,False,2026-08-17T23:09:18.796206+09:00
Filing Nexus,30.0,3.0,success,False,2026-08-17T20:32:02.325008+09:00
Filing Node,,,failed,False,2026-08-17T20:34:15.100698+09:00
Filing Note,1900.0,5.0,success,False,2026-08-19T13:41:47.769675+09:00
Filing Notification,,,failed,False,2026-08-27T22:48:20.741854+09:00
Filing Number,2400.0,0.0,success,True,2026-08-23T03:18:29.464352+09:00
Filing Office,880.0,99.0,success,False,2026-08-19T00:02:18.071698+09:00
Filing Ops,10.0,0.0,success,False,2026-08-17T23:32:05.926406+09:00
Filing Order,320.0,36.0,success,False,2026-08-19T21:47:46.224144+09:00
Filing Organizer,22200.0,100.0,success,False,2026-08-17T23:12:45.983083+09:00
Filing Overage,,,failed,False,2026-08-27T21:47:15.270708+09:00
Filing Overdue,,,failed,False,2026-08-27T21:47:10.651342+09:00
Filing Panel,,,failed,False,2026-08-17T20:42:59.992193+09:00
Filing Path,10.0,0.0,success,False,2026-08-17T20:33:43.675774+09:00
Filing Payoff,,,failed,False,2026-08-27T21:47:13.030634+09:00
Filing Penalty,20.0,0.0,success,False,2026-08-23T16:38:42.507764+09:00
Filing Petition,2400.0,2.0,success,False,2026-08-21T01:00:38.610881+09:00
Filing Pilot,,,failed,False,2026-08-17T21:32:03.436124+09:00
Filing Plan,320.0,5.0,success,False,2026-08-21T01:53:12.594886+09:00
Filing Planner,320.0,5.0,success,False,2026-08-17T23:05:41.457486+09:00
Filing Playbook,,,failed,False,2026-08-18T23:50:58.305454+09:00
Filing Point,320.0,8.0,success,False,2026-08-17T20:32:39.820797+09:00
Filing Portal,1300.0,4.0,success,False,2026-08-17T20:44:43.054193+09:00
Filing Preview,,,failed,False,2026-08-28T01:05:52.718366+09:00
Filing Profile,720.0,1.0,success,False,2026-08-19T13:42:06.803998+09:00
Filing Profit,,,failed,False,2026-08-23T02:54:31.488130+09:00
Filing Proposal,,,failed,False,2026-08-28T01:05:55.431564+09:00
Filing Pulse,,,failed,False,2026-08-17T20:35:36.002153+09:00
Filing Queue,,,failed,False,2026-08-19T21:05:30.373866+09:00
Filing Quota,,,failed,False,2026-08-21T00:27:34.970005+09:00
Filing Radar,1000.0,0.0,success,True,2026-08-17T20:48:37.567206+09:00
Filing Rail,170.0,100.0,success,False,2026-08-17T20:37:59.877456+09:00
Filing Rate,390.0,36.0,success,False,2026-08-19T20:37:25.311012+09:00
Filing Recap,,,failed,False,2026-08-21T01:02:27.136036+09:00
Filing Receipt,880.0,57.0,success,False,2026-08-19T21:48:14.659198+09:00
Filing Recorder,,,failed,False,2026-08-27T23:34:49.517197+09:00
Filing Register,3600.0,2.0,success,False,2026-08-17T23:03:37.118721+09:00
Filing Registry,,,failed,False,2026-08-18T23:51:00.624021+09:00
Filing Relay,,,failed,False,2026-08-17T20:47:23.581270+09:00
Filing Reminder,,,failed,False,2026-08-19T21:04:40.695118+09:00
Filing Report,3600.0,0.0,success,True,2026-08-19T13:39:49.486851+09:00
Filing Repository,,,failed,False,2026-08-27T23:13:44.050852+09:00
Filing Result,,,failed,False,2026-08-28T00:47:41.403976+09:00
Filing Roadmap,,,failed,False,2026-08-18T23:51:00.624021+09:00
Filing Roster,,,failed,False,2026-08-19T00:38:22.287042+09:00
Filing Route,,,failed,False,2026-08-17T20:39:46.897200+09:00
Filing Rule,210.0,0.0,success,False,2026-08-23T03:18:41.681571+09:00
Filing Sale,,,failed,False,2026-08-21T02:24:27.084847+09:00
Filing Sample,,,failed,False,2026-08-19T21:49:30.160580+09:00
Filing Scale,390.0,10.0,success,False,2026-08-17T20:40:34.523017+09:00
Filing Scanner,14800.0,9.0,success,False,2026-08-27T23:56:00.047193+09:00
Filing Scheduler,,,failed,False,2026-08-17T23:30:36.598618+09:00
Filing Scope,,,failed,False,2026-08-17T20:38:23.394205+09:00
Filing Score,,,failed,False,2026-08-19T13:41:26.637679+09:00
Filing Sentry,,,failed,False,2026-08-18T07:52:33.463903+09:00
Filing Serial,,,failed,False,2026-08-23T13:27:31.185352+09:00
Filing Sheet,2900.0,45.0,success,False,2026-08-19T13:40:53.899440+09:00
Filing Shortfall,,,failed,False,2026-08-27T21:47:17.528863+09:00
Filing Signal,,,failed,False,2026-08-17T20:40:13.744558+09:00
Filing Signature,,,failed,False,2026-08-23T13:27:34.278860+09:00
Filing Slip,70.0,81.0,success,False,2026-08-19T21:49:18.898188+09:00
Filing Slot,480.0,31.0,success,False,2026-08-19T21:49:41.666387+09:00
Filing Snapshot,,,failed,False,2026-08-18T23:51:00.624021+09:00
Filing Stage,,,failed,False,2026-08-28T00:47:41.403976+09:00
Filing Stamp,260.0,56.0,success,False,2026-08-23T13:27:36.728702+09:00
Filing Statement,70.0,5.0,success,False,2026-08-21T00:27:00.975108+09:00
Filing Station,720.0,1.0,success,False,2026-08-17T21:30:22.425092+09:00
Filing Status,6600.0,0.0,success,True,2026-08-19T20:49:19.848949+09:00
Filing Streak,,,failed,False,2026-08-28T00:47:45.290833+09:00
Filing Studio,320.0,2.0,success,False,2026-08-17T21:32:40.946824+09:00
Filing Suite,50.0,3.0,success,False,2026-08-17T23:30:05.459796+09:00
Filing Sum,,,failed,False,2026-08-21T02:24:08.080909+09:00
Filing Summary,110.0,6.0,success,False,2026-08-19T21:04:13.651960+09:00
Filing Sync,,,failed,False,2026-08-17T21:35:16.200596+09:00
Filing Tab,2900.0,83.0,success,False,2026-08-21T00:27:48.036654+09:00
Filing Table,480.0,36.0,success,False,2026-08-19T21:48:58.615287+09:00
Filing Tag,8100.0,50.0,success,False,2026-08-19T13:41:55.083304+09:00
Filing Tally,,,failed,False,2026-08-21T00:27:09.364121+09:00
Filing Tariff,,,failed,False,2026-08-21T02:39:52.714819+09:00
Filing Tax,49500.0,37.0,success,False,2026-08-21T02:09:16.825512+09:00
Filing Ticket,140.0,11.0,success,False,2026-08-19T21:05:18.754911+09:00
Filing Timeline,50.0,0.0,success,False,2026-08-19T21:04:27.192873+09:00
Filing Timer,,,failed,False,2026-08-28T00:25:10.586444+09:00
Filing Toll,,,failed,False,2026-08-21T02:39:44.265069+09:00
Filing Toolbox,,,failed,False,2026-08-28T00:25:15.482285+09:00
Filing Toolkit,,,failed,False,2026-08-18T23:51:00.624021+09:00
Filing Total,170.0,0.0,success,False,2026-08-27T23:13:34.759239+09:00
Filing Tracker,480.0,0.0,success,False,2026-08-17T21:36:22.095100+09:00
Filing Trail,,,failed,False,2026-08-17T20:37:01.636634+09:00
Filing Trend,,,failed,False,2026-08-28T01:05:46.959097+09:00
Filing Trial,,,failed,False,2026-08-27T21:16:16.799513+09:00
Filing Unit,320.0,85.0,success,False,2026-08-21T01:53:07.082720+09:00
Filing Update,1300.0,1.0,success,False,2026-08-19T20:37:34.944185+09:00
Filing Value,20.0,1.0,success,False,2026-08-23T02:54:31.488130+09:00
Filing Vault,,,failed,False,2026-08-17T20:46:07.350212+09:00
Filing Version,,,failed,False,2026-08-23T03:18:33.193002+09:00
Filing View,,,failed,False,2026-08-19T20:49:23.220357+09:00
Filing Watch,,,failed,False,2026-08-17T20:39:18.247368+09:00
Filing Wave,,,failed,False,2026-08-17T20:34:36.732015+09:00
Filing Widget,,,failed,False,2026-08-27T23:13:34.759239+09:00
Filing Workbench,,,failed,False,2026-08-18T23:51:00.624021+09:00
Filing Worksheet,,,failed,False,2026-08-27T22:10:48.957356+09:00
Filing Workshop,720.0,23.0,success,False,2026-08-28T00:25:13.091211+09:00
Filing Zone,10.0,0.0,success,False,2026-08-17T20:45:46.874737+09:00
Filter Advisory,10.0,,success,False,2026-08-21T01:02:25.178710+09:00
Filter Alert,20.0,0.0,success,False,2026-08-19T21:32:32.734528+09:00
Filter Allowance,,,failed,False,2026-08-21T02:39:59.313025+09:00
Filter Analyzer,50.0,1.0,success,False,2026-08-27T23:56:16.956086+09:00
Filter Arrears,,,failed,False,2026-08-23T16:14:11.722628+09:00
Filter Asset,,,failed,False,2026-08-23T13:46:59.316345+09:00
Filter Assistant,10.0,0.0,success,False,2026-08-19T21:15:46.366866+09:00
Filter Atlas,110.0,100.0,success,False,2026-08-19T21:15:02.782218+09:00
Filter Badge,30.0,0.0,success,False,2026-08-21T00:27:09.364121+09:00
Filter Base,590.0,58.0,success,False,2026-08-19T21:10:55.875332+09:00
Filter Bay,40.0,44.0,success,False,2026-08-19T21:19:27.756536+09:00
Filter Beacon,,,failed,False,2026-08-19T21:08:11.674763+09:00
Filter Bill,,,failed,False,2026-08-19T21:48:40.966338+09:00
Filter Bin,110.0,91.0,success,False,2026-08-19T21:32:38.095873+09:00
Filter Board,320.0,14.0,success,False,2026-08-19T21:11:27.369189+09:00
Filter Book,260.0,3.0,success,False,2026-08-19T21:49:39.376770+09:00
Filter Booth,260.0,69.0,success,False,2026-08-19T21:18:51.088595+09:00
Filter Bridge,30.0,0.0,success,False,2026-08-19T21:08:43.971729+09:00
Filter Brief,,,failed,False,2026-08-21T01:00:38.610881+09:00
Filter Bulletin,,,failed,False,2026-08-21T01:00:36.022676+09:00
Filter Cabinet,260.0,99.0,success,False,2026-08-27T23:13:50.940196+09:00
Filter Calculator,480.0,1.0,success,False,2026-08-27T23:34:49.517197+09:00
Filter Calendar,140.0,4.0,success,False,2026-08-19T21:17:38.869284+09:00
Filter Card,1600.0,0.0,success,True,2026-08-19T21:32:58.231654+09:00
Filter Cascade,40.0,25.0,success,False,2026-08-19T21:08:31.191170+09:00
Filter Cash,,,failed,False,2026-08-21T02:24:36.091430+09:00
Filter Cashback,,,failed,False,2026-08-27T21:16:19.259868+09:00
Filter Catalog,210.0,8.0,success,False,2026-08-19T21:06:30.155036+09:00
Filter Center,2400.0,7.0,success,False,2026-08-19T21:12:35.619378+09:00
Filter Chain,170.0,47.0,success,False,2026-08-19T21:14:14.890297+09:00
Filter Charge,30.0,2.0,success,False,2026-08-21T02:39:46.933675+09:00
Filter Chart,170.0,0.0,success,False,2026-08-19T21:32:34.534523+09:00
Filter Check,320.0,1.0,success,False,2026-08-19T21:33:01.101175+09:00
Filter Checker,320.0,1.0,success,False,2026-08-27T23:56:05.344982+09:00
Filter Checklist,10.0,0.0,success,False,2026-08-19T21:05:30.373866+09:00
Filter Circular,480.0,34.0,success,False,2026-08-21T01:02:23.111892+09:00
Filter Code,210.0,1.0,success,False,2026-08-19T21:49:09.518107+09:00
Filter Companion,,,failed,False,2026-08-19T21:16:30.496623+09:00
Filter Comparison,260.0,9.0,success,False,2026-08-28T01:05:55.431564+09:00
Filter Compass,,,failed,False,2026-08-19T21:08:00.939328+09:00
Filter Confirmation,,,failed,False,2026-08-21T01:00:52.686966+09:00
Filter Console,20.0,0.0,success,False,2026-08-19T21:13:07.301000+09:00
Filter Contribution,,,failed,False,2026-08-23T16:14:08.408734+09:00
Filter Core,390.0,46.0,success,False,2026-08-19T21:11:07.162763+09:00
Filter Cost,390.0,10.0,success,False,2026-08-21T02:09:16.825512+09:00
Filter Count,70.0,0.0,success,False,2026-08-27T22:48:34.491281+09:00
Filter Counter,70.0,0.0,success,False,2026-08-19T21:18:26.718972+09:00
Filter Coupon,10.0,24.0,success,False,2026-08-27T21:16:16.799513+09:00
Filter Deal,50.0,81.0,success,False,2026-08-21T01:53:28.626980+09:00
Filter Debt,,,failed,False,2026-08-21T02:24:27.084847+09:00
Filter Deck,,,failed,False,2026-08-19T21:11:39.725993+09:00
Filter Desk,,,failed,False,2026-08-19T21:07:21.562422+09:00
Filter Detail,,,failed,False,2026-08-23T03:18:52.097037+09:00
Filter Detector,210.0,0.0,success,False,2026-08-27T23:56:11.954519+09:00
Filter Diagram,9900.0,0.0,success,True,2026-08-27T22:10:59.501612+09:00
Filter Digest,,,failed,False,2026-08-19T21:04:13.651960+09:00
Filter Directory,10.0,,success,False,2026-08-19T21:17:47.761016+09:00
Filter Discount,110.0,75.0,success,False,2026-08-23T16:14:05.017306+09:00
Filter Dossier,,,failed,False,2026-08-21T01:00:56.888807+09:00
Filter Downpayment,,,failed,False,2026-08-27T21:47:24.586892+09:00
Filter Draft,,,failed,False,2026-08-19T21:04:40.695118+09:00
Filter Due,,,failed,False,2026-08-23T15:51:44.971205+09:00
Filter Duty,,,failed,False,2026-08-21T02:39:49.190275+09:00
Filter Engine,9900.0,15.0,success,False,2026-08-19T21:15:37.050210+09:00
Filter Entry,,,failed,False,2026-08-21T01:01:09.555377+09:00
Filter Estimate,,,failed,False,2026-08-19T21:06:16.769807+09:00
Filter Estimator,,,failed,False,2026-08-27T23:56:02.652689+09:00
Filter Fare,,,failed,False,2026-08-21T02:09:26.864571+09:00
Filter Fee,,,failed,False,2026-08-21T01:53:12.594886+09:00
Filter Feed,9900.0,1.0,success,False,2026-08-19T21:04:27.192873+09:00
Filter File,170.0,0.0,success,False,2026-08-19T21:03:18.431019+09:00
Filter Finder,2900.0,14.0,success,False,2026-08-19T21:18:03.656517+09:00
Filter Flag,260.0,1.0,success,False,2026-08-21T00:28:03.957628+09:00
Filter Flow,390.0,23.0,success,False,2026-08-19T21:07:00.753456+09:00
Filter Form,390.0,2.0,success,False,2026-08-19T21:32:58.231654+09:00
Filter Format,20.0,0.0,success,False,2026-08-23T13:07:00.691919+09:00
Filter Fund,20.0,3.0,success,False,2026-08-21T02:24:33.883948+09:00
Filter Gate,110.0,1.0,success,False,2026-08-19T21:14:36.641890+09:00
Filter Giveaway,,,failed,False,2026-08-27T21:16:23.936714+09:00
Filter Grade,,,failed,False,2026-08-21T00:27:39.908231+09:00
Filter Graph,210.0,0.0,success,False,2026-08-27T22:10:48.957356+09:00
Filter Grid,390.0,82.0,success,False,2026-08-19T21:09:46.410901+09:00
Filter Guarantee,,,failed,False,2026-08-28T01:06:00.663079+09:00
Filter Guardian,590.0,39.0,success,False,2026-08-28T00:25:23.676090+09:00
Filter Helpdesk,,,failed,False,2026-08-27T22:48:37.138670+09:00
Filter Helper,30.0,0.0,success,False,2026-08-28T00:25:26.159240+09:00
Filter History,50.0,0.0,success,False,2026-08-19T21:33:06.191339+09:00
Filter Hotline,,,failed,False,2026-08-19T21:06:39.226294+09:00
Filter Hub,320.0,7.0,success,False,2026-08-19T21:07:11.433627+09:00
Filter Identifier,390.0,4.0,success,False,2026-08-23T13:06:56.024749+09:00
Filter Inbox,50.0,6.0,success,False,2026-08-19T21:32:30.611292+09:00
Filter Incentive,,,failed,False,2026-08-27T21:16:23.936714+09:00
Filter Index,390.0,25.0,success,False,2026-08-19T21:05:41.663242+09:00
Filter Installment,,,failed,False,2026-08-23T16:14:05.017306+09:00
Filter Item,2400.0,1.0,success,False,2026-08-21T01:53:17.199833+09:00
Filter Journal,,,failed,False,2026-08-19T21:17:18.865865+09:00
Filter Keeper,10.0,0.0,success,False,2026-08-19T21:15:13.442141+09:00
Filter Kiosk,,,failed,False,2026-08-19T21:19:03.809657+09:00
Filter Kit,1900.0,64.0,success,False,2026-08-27T22:48:31.695595+09:00
Filter Lab,1900.0,9.0,success,False,2026-08-19T21:12:02.105513+09:00
Filter Label,70.0,5.0,success,False,2026-08-27T22:10:53.228398+09:00
Filter Ledger,,,failed,False,2026-08-19T21:11:17.911454+09:00
Filter Level,140.0,5.0,success,False,2026-08-19T21:03:33.928340+09:00
Filter Levy,,,failed,False,2026-08-23T13:47:02.952399+09:00
Filter Line,3600.0,40.0,success,False,2026-08-19T21:32:47.158972+09:00
Filter Link,170.0,0.0,success,False,2026-08-23T03:18:48.364198+09:00
Filter List,1000.0,2.0,success,False,2026-08-19T21:49:18.898188+09:00
Filter Loan,,,failed,False,2026-08-21T02:09:35.775353+09:00
Filter Locker,,,failed,False,2026-08-19T21:18:38.634661+09:00
Filter Log,140.0,13.0,success,False,2026-08-19T21:32:55.348476+09:00
Filter Loop,210.0,1.0,success,False,2026-08-19T21:09:32.906956+09:00
Filter Manager,210.0,1.0,success,False,2026-08-19T21:15:25.328836+09:00
Filter Manual,320.0,90.0,success,False,2026-08-27T22:10:56.558080+09:00
Filter Map,390.0,0.0,success,False,2026-08-19T21:10:33.360879+09:00
Filter Markup,,,failed,False,2026-08-23T16:38:47.783567+09:00
Filter Memo,,,failed,False,2026-08-21T00:27:48.036654+09:00
Filter Message,320.0,0.0,success,False,2026-08-27T23:13:41.688189+09:00
Filter Monitor,390.0,30.0,success,False,2026-08-19T21:16:19.911294+09:00
Filter Nexus,590.0,100.0,success,False,2026-08-19T21:14:46.806152+09:00
Filter Note,880.0,19.0,success,False,2026-08-19T21:33:04.196015+09:00
Filter Notification,260.0,0.0,success,False,2026-08-27T22:48:31.695595+09:00
Filter Number,720.0,0.0,success,False,2026-08-23T03:18:41.681571+09:00
Filter Ops,,,failed,False,2026-08-19T21:16:57.743794+09:00
Filter Order,590.0,18.0,success,False,2026-08-19T21:48:27.069382+09:00
Filter Overage,,,failed,False,2026-08-27T21:47:19.918276+09:00
Filter Overdue,,,failed,False,2026-08-27T21:47:15.270708+09:00
Filter Panel,720.0,57.0,success,False,2026-08-19T21:13:21.149067+09:00
Filter Pass,49500.0,10.0,success,False,2026-08-21T00:26:49.726902+09:00
Filter Path,20.0,0.0,success,False,2026-08-19T21:10:11.430001+09:00
Filter Payoff,,,failed,False,2026-08-27T21:47:17.528863+09:00
Filter Penalty,,,failed,False,2026-08-23T16:38:44.785975+09:00
Filter Petition,,,failed,False,2026-08-21T01:00:50.612821+09:00
Filter Plan,50.0,3.0,success,False,2026-08-21T01:53:25.014716+09:00
Filter Playbook,,,failed,False,2026-08-19T21:17:08.649893+09:00
Filter Plaza,10.0,34.0,success,False,2026-08-19T21:20:03.565098+09:00
Filter Portal,320.0,0.0,success,False,2026-08-19T21:12:55.345811+09:00
Filter Post,40.0,0.0,success,False,2026-08-19T21:19:39.587475+09:00
Filter Preview,10.0,0.0,success,False,2026-08-28T01:05:58.030505+09:00
Filter Profile,30.0,37.0,success,False,2026-08-19T21:33:06.191339+09:00
Filter Proposal,,,failed,False,2026-08-28T01:06:00.663079+09:00
Filter Queue,,,failed,False,2026-08-19T21:06:08.303688+09:00
Filter Quota,,,failed,False,2026-08-21T00:27:55.902205+09:00
Filter Radar,90.0,3.0,success,False,2026-08-19T21:07:31.125995+09:00
Filter Rail,70.0,11.0,success,False,2026-08-19T21:13:54.945157+09:00
Filter Rate,720.0,20.0,success,False,2026-08-19T21:03:49.756847+09:00
Filter Recap,10.0,0.0,success,False,2026-08-21T01:01:01.220689+09:00
Filter Receipt,,,failed,False,2026-08-19T21:48:58.615287+09:00
Filter Recorder,210.0,0.0,success,False,2026-08-27T23:34:54.940798+09:00
Filter Register,480.0,100.0,success,False,2026-08-19T21:16:41.047984+09:00
Filter Registry,,,failed,False,2026-08-19T21:17:29.124164+09:00
Filter Relay,10.0,0.0,success,False,2026-08-19T21:07:40.402937+09:00
Filter Reminder,40.0,1.0,success,False,2026-08-19T21:05:18.754911+09:00
Filter Report,170.0,1.0,success,False,2026-08-19T21:32:52.200900+09:00
Filter Repository,,,failed,False,2026-08-27T23:13:53.622178+09:00
Filter Result,590.0,0.0,success,False,2026-08-28T00:47:48.349607+09:00
Filter Ring,320.0,26.0,success,False,2026-08-19T21:14:25.391974+09:00
Filter Roster,,,failed,False,2026-08-19T21:32:26.609245+09:00
Filter Route,10.0,4.0,success,False,2026-08-19T21:13:44.257474+09:00
Filter Rule,210.0,1.0,success,False,2026-08-23T03:18:52.097037+09:00
Filter Sale,210.0,56.0,success,False,2026-08-21T02:24:43.440499+09:00
Filter Sample,70.0,2.0,success,False,2026-08-19T21:50:06.175762+09:00
Filter Scale,40.0,8.0,success,False,2026-08-19T21:13:31.913325+09:00
Filter Scanner,390.0,0.0,success,False,2026-08-27T23:56:05.344982+09:00
Filter Scheduler,,,failed,False,2026-08-19T21:16:08.184183+09:00
Filter Schematic,70.0,0.0,success,False,2026-08-27T22:28:53.992967+09:00
Filter Scope,70.0,0.0,success,False,2026-08-19T21:09:22.382807+09:00
Filter Score,,,failed,False,2026-08-19T21:33:04.196015+09:00
Filter Serial,170.0,0.0,success,False,2026-08-23T13:27:34.278860+09:00
Filter Sheet,1300.0,62.0,success,False,2026-08-19T21:33:01.101175+09:00
Filter Shelf,20.0,5.0,success,False,2026-08-19T21:32:23.492274+09:00
Filter Shortfall,,,failed,False,2026-08-27T21:47:27.442070+09:00
Filter Signal,720.0,16.0,success,False,2026-08-19T21:08:54.298412+09:00
Filter Slip,,,failed,False,2026-08-19T21:49:55.952193+09:00
Filter Slot,480.0,8.0,success,False,2026-08-19T21:50:19.457736+09:00
Filter Statement,10.0,0.0,success,False,2026-08-21T00:27:27.558535+09:00
Filter Station,480.0,73.0,success,False,2026-08-19T21:12:12.315865+09:00
Filter Status,210.0,0.0,success,False,2026-08-19T21:33:06.191339+09:00
Filter Stub,,,failed,False,2026-08-21T00:27:19.385133+09:00
Filter Studio,210.0,2.0,success,False,2026-08-19T21:11:50.782037+09:00
Filter Sum,720.0,5.0,success,False,2026-08-21T02:24:23.153426+09:00
Filter Summary,10.0,0.0,success,False,2026-08-19T21:04:53.638566+09:00
Filter Tab,480.0,65.0,success,False,2026-08-21T00:28:11.670318+09:00
Filter Table,880.0,1.0,success,False,2026-08-19T21:49:30.160580+09:00
Filter Tag,260.0,21.0,success,False,2026-08-19T21:33:06.191339+09:00
Filter Tally,,,failed,False,2026-08-21T00:27:32.429911+09:00
Filter Tariff,,,failed,False,2026-08-21T02:40:01.670619+09:00
Filter Tax,,,failed,False,2026-08-21T02:09:31.680775+09:00
Filter Terminal,90.0,18.0,success,False,2026-08-19T21:12:26.316955+09:00
Filter Ticket,,,failed,False,2026-08-19T21:05:57.473217+09:00
Filter Timeline,,,failed,False,2026-08-19T21:05:05.946905+09:00
Filter Timer,50.0,28.0,success,False,2026-08-28T00:25:15.482285+09:00
Filter Toll,,,failed,False,2026-08-21T02:39:54.831624+09:00
Filter Toolbox,,,failed,False,2026-08-28T00:25:23.676090+09:00
Filter Total,10.0,0.0,success,False,2026-08-27T23:13:44.050852+09:00
Filter Tracker,320.0,20.0,success,False,2026-08-19T21:06:47.923280+09:00
Filter Trail,,,failed,False,2026-08-19T21:14:05.700076+09:00
Filter Trend,170.0,1.0,success,False,2026-08-28T01:05:55.431564+09:00
Filter Trial,,,failed,False,2026-08-27T21:16:21.669078+09:00
Filter Unit,1600.0,52.0,success,False,2026-08-21T01:53:20.957099+09:00
Filter Update,20.0,0.0,success,False,2026-08-19T21:04:01.717737+09:00
Filter Vault,20.0,1.0,success,False,2026-08-19T21:07:51.410434+09:00
Filter Version,10.0,0.0,success,False,2026-08-23T03:18:44.540602+09:00
Filter View,390.0,0.0,success,False,2026-08-19T21:33:06.191339+09:00
Filter Voucher,,,failed,False,2026-08-21T00:27:00.975108+09:00
Filter Watch,110.0,18.0,success,False,2026-08-19T21:09:08.250321+09:00
Filter Widget,30.0,0.0,success,False,2026-08-27T23:13:44.050852+09:00
Filter Window,1300.0,54.0,success,False,2026-08-19T21:32:49.180215+09:00
Filter Worksheet,,,failed,False,2026-08-27T22:10:59.501612+09:00
Filter Workshop,,,failed,False,2026-08-28T00:25:19.923690+09:00
Filter Yard,,,failed,False,2026-08-19T21:19:14.051362+09:00
Filter Zone,90.0,0.0,success,False,2026-08-19T21:12:45.437785+09:00
Filtration Advance,,,failed,False,2026-08-23T16:14:01.846183+09:00
Filtration Advisory,,,failed,False,2026-08-21T01:08:06.645069+09:00
Filtration Allowance,,,failed,False,2026-08-21T02:37:45.273746+09:00
Filtration Almanac,,,failed,False,2026-08-18T23:51:00.624021+09:00
Filtration Analyzer,,,failed,False,2026-08-27T23:57:12.985174+09:00
Filtration Anchor,,,failed,False,2026-08-18T22:03:32.090956+09:00
Filtration Arrears,,,failed,False,2026-08-23T16:13:58.601282+09:00
Filtration Assistant,,,failed,False,2026-08-18T22:10:20.360888+09:00
Filtration Atlas,,,failed,False,2026-08-18T22:09:34.112352+09:00
Filtration Badge,,,failed,False,2026-08-21T00:34:38.752919+09:00
Filtration Base,,,failed,False,2026-08-18T22:05:59.558657+09:00
Filtration Beacon,,,failed,False,2026-08-18T22:02:48.638128+09:00
Filtration Bill,,,failed,False,2026-08-19T21:57:51.707228+09:00
Filtration Blueprint,,,failed,False,2026-08-18T23:51:00.624021+09:00
Filtration Board,,,failed,False,2026-08-18T22:06:25.984558+09:00
Filtration Book,260.0,3.0,success,False,2026-08-19T21:58:39.226398+09:00
Filtration Bridge,,,failed,False,2026-08-18T22:03:21.744324+09:00
Filtration Brief,,,failed,False,2026-08-21T01:07:58.607843+09:00
Filtration Bulletin,,,failed,False,2026-08-21T01:07:56.327187+09:00
Filtration Cabinet,,,failed,False,2026-08-27T23:14:27.057874+09:00
Filtration Calculator,,,failed,False,2026-08-27T23:35:16.240815+09:00
Filtration Calendar,,,failed,False,2026-08-19T00:04:11.501446+09:00
Filtration Card,,,failed,False,2026-08-19T13:42:33.755752+09:00
Filtration Cascade,,,failed,False,2026-08-18T22:03:09.558659+09:00
Filtration Cash,,,failed,False,2026-08-21T02:21:16.859864+09:00
Filtration Cashback,,,failed,False,2026-08-27T21:16:23.936714+09:00
Filtration Catalog,210.0,8.0,success,False,2026-08-19T21:13:46.122895+09:00
Filtration Center,2400.0,7.0,success,False,2026-08-18T22:07:18.676319+09:00
Filtration Chain,,,failed,False,2026-08-18T22:08:54.791738+09:00
Filtration Charge,,,failed,False,2026-08-21T02:37:31.175739+09:00
Filtration Check,,,failed,False,2026-08-19T13:21:11.802983+09:00
Filtration Checker,,,failed,False,2026-08-27T23:57:04.136942+09:00
Filtration Checklist,,,failed,False,2026-08-19T21:12:47.142527+09:00
Filtration Circular,,,failed,False,2026-08-21T01:08:04.647718+09:00
Filtration Cockpit,,,failed,False,2026-08-18T22:11:16.114719+09:00
Filtration Code,,,failed,False,2026-08-19T21:58:11.207870+09:00
Filtration Codex,,,failed,False,2026-08-18T23:51:00.624021+09:00
Filtration Companion,,,failed,False,2026-08-18T22:11:43.174107+09:00
Filtration Comparison,,,failed,False,2026-08-28T01:07:35.564975+09:00
Filtration Compass,,,failed,False,2026-08-18T22:02:38.118746+09:00
Filtration Compendium,,,failed,False,2026-08-18T23:51:00.624021+09:00
Filtration Confirmation,,,failed,False,2026-08-21T01:08:15.676788+09:00
Filtration Console,,,failed,False,2026-08-18T22:07:42.473360+09:00
Filtration Contribution,,,failed,False,2026-08-23T16:13:58.601282+09:00
Filtration Core,10.0,0.0,success,False,2026-08-18T22:06:07.690995+09:00
Filtration Cost,,,failed,False,2026-08-21T02:15:19.980644+09:00
Filtration Counter,,,failed,False,2026-08-19T00:04:54.234777+09:00
Filtration Coupon,,,failed,False,2026-08-27T21:16:23.936714+09:00
Filtration Dashboard,,,failed,False,2026-08-18T22:11:27.427914+09:00
Filtration Deal,,,failed,False,2026-08-21T02:05:48.650139+09:00
Filtration Debt,,,failed,False,2026-08-21T02:21:11.057858+09:00
Filtration Deck,,,failed,False,2026-08-18T22:06:35.395449+09:00
Filtration Depot,140.0,96.0,success,False,2026-08-19T00:04:39.958803+09:00
Filtration Desk,,,failed,False,2026-08-18T23:51:00.624021+09:00
Filtration Detail,,,failed,False,2026-08-23T03:16:59.377666+09:00
Filtration Detector,,,failed,False,2026-08-27T23:57:10.397260+09:00
Filtration Diagram,9900.0,0.0,success,True,2026-08-27T22:11:11.911250+09:00
Filtration Dial,,,failed,False,2026-08-18T22:07:58.079048+09:00
Filtration Digest,,,failed,False,2026-08-19T20:41:20.028487+09:00
Filtration Directory,,,failed,False,2026-08-19T00:04:20.197700+09:00
Filtration Discount,,,failed,False,2026-08-23T16:13:52.514202+09:00
Filtration Dock,,,failed,False,2026-08-18T22:08:28.742242+09:00
Filtration Dossier,,,failed,False,2026-08-21T01:08:20.285219+09:00
Filtration Downpayment,,,failed,False,2026-08-27T21:47:35.080437+09:00
Filtration Draft,,,failed,False,2026-08-19T20:41:37.796650+09:00
Filtration Due,,,failed,False,2026-08-23T15:51:36.784233+09:00
Filtration Duty,,,failed,False,2026-08-21T02:37:35.054521+09:00
Filtration Engine,,,failed,False,2026-08-18T22:10:12.310168+09:00
Filtration Entry,,,failed,False,2026-08-21T01:08:31.890939+09:00
Filtration Estimate,,,failed,False,2026-08-19T21:13:34.097161+09:00
Filtration Estimator,,,failed,False,2026-08-27T23:57:04.136942+09:00
Filtration Excerpt,,,failed,False,2026-08-21T01:08:29.808950+09:00
Filtration Fare,,,failed,False,2026-08-21T02:15:23.867854+09:00
Filtration Fee,,,failed,False,2026-08-21T01:59:23.001944+09:00
Filtration Feed,,,failed,False,2026-08-19T20:41:30.953351+09:00
Filtration File,,,failed,False,2026-08-19T20:40:40.887904+09:00
Filtration Finder,,,failed,False,2026-08-19T00:04:35.680723+09:00
Filtration Fine,110.0,9.0,success,False,2026-08-23T02:53:22.590239+09:00
Filtration Flag,,,failed,False,2026-08-21T00:35:03.505181+09:00
Filtration Flow,390.0,23.0,success,False,2026-08-18T23:51:00.624021+09:00
Filtration Forge,,,failed,False,2026-08-18T22:02:59.013018+09:00
Filtration Form,,,failed,False,2026-08-19T13:42:19.343176+09:00
Filtration Frame,,,failed,False,2026-08-18T22:05:50.321080+09:00
Filtration Fund,,,failed,False,2026-08-21T02:21:14.623269+09:00
Filtration Gate,,,failed,False,2026-08-18T22:09:17.362565+09:00
Filtration Giveaway,,,failed,False,2026-08-27T21:16:28.518091+09:00
Filtration Grade,,,failed,False,2026-08-21T00:34:57.023815+09:00
Filtration Graph,210.0,1.0,success,False,2026-08-27T22:10:59.501612+09:00
Filtration Grid,390.0,82.0,success,False,2026-08-18T22:04:36.606049+09:00
Filtration Guarantee,,,failed,False,2026-08-28T01:07:41.597003+09:00
Filtration Guard,,,failed,False,2026-08-18T23:51:00.624021+09:00
Filtration Guardian,,,failed,False,2026-08-28T00:26:14.926541+09:00
Filtration Guidebook,,,failed,False,2026-08-18T23:51:00.624021+09:00
Filtration Helpdesk,,,failed,False,2026-08-27T22:48:58.866644+09:00
Filtration Helper,,,failed,False,2026-08-28T00:26:17.382290+09:00
Filtration History,50.0,0.0,success,False,2026-08-19T20:40:35.383963+09:00
Filtration Hotline,,,failed,False,2026-08-19T21:13:57.456241+09:00
Filtration Hub,320.0,7.0,success,False,2026-08-18T23:51:00.624021+09:00
Filtration Identifier,,,failed,False,2026-08-23T13:06:13.755843+09:00
Filtration Incentive,,,failed,False,2026-08-27T21:16:28.518091+09:00
Filtration Index,390.0,25.0,success,False,2026-08-19T21:12:57.141262+09:00
Filtration Insight,,,failed,False,2026-08-18T22:11:01.803326+09:00
Filtration Installment,,,failed,False,2026-08-23T16:13:55.875301+09:00
Filtration Item,,,failed,False,2026-08-21T01:59:26.364386+09:00
Filtration Journal,10.0,0.0,success,False,2026-08-18T23:51:00.624021+09:00
Filtration Keeper,,,failed,False,2026-08-18T22:09:49.300650+09:00
Filtration Kit,1900.0,64.0,success,False,2026-08-27T22:48:56.292769+09:00
Filtration Lab,1900.0,9.0,success,False,2026-08-18T22:06:52.142585+09:00
Filtration Label,30.0,3.0,success,False,2026-08-27T22:11:01.897181+09:00
Filtration Ledger,,,failed,False,2026-08-18T22:06:16.619003+09:00
Filtration Lens,,,failed,False,2026-08-18T22:05:42.226060+09:00
Filtration Level,140.0,5.0,success,False,2026-08-19T20:40:49.478840+09:00
Filtration Link,,,failed,False,2026-08-23T03:16:47.860821+09:00
Filtration List,,,failed,False,2026-08-19T21:58:22.475915+09:00
Filtration Loan,,,failed,False,2026-08-21T02:15:31.230859+09:00
Filtration Locator,,,failed,False,2026-08-19T00:04:28.645558+09:00
Filtration Lock,,,failed,False,2026-08-18T22:05:23.943754+09:00
Filtration Log,,,failed,False,2026-08-19T13:42:06.803998+09:00
Filtration Loop,,,failed,False,2026-08-18T22:04:25.779407+09:00
Filtration Manager,,,failed,False,2026-08-18T22:09:58.381010+09:00
Filtration Manual,,,failed,False,2026-08-27T22:11:05.293773+09:00
Filtration Map,,,failed,False,2026-08-18T22:05:33.744970+09:00
Filtration Markup,,,failed,False,2026-08-23T16:38:44.785975+09:00
Filtration Memo,,,failed,False,2026-08-21T00:34:59.250399+09:00
Filtration Message,,,failed,False,2026-08-27T23:14:19.159911+09:00
Filtration Meter,,,failed,False,2026-08-18T22:08:07.311207+09:00
Filtration Metrics,,,failed,False,2026-08-18T22:11:09.923371+09:00
Filtration Monitor,,,failed,False,2026-08-18T22:10:53.801114+09:00
Filtration Navigator,,,failed,False,2026-08-18T22:11:37.206712+09:00
Filtration Nexus,590.0,100.0,success,False,2026-08-18T22:09:25.652147+09:00
Filtration Node,,,failed,False,2026-08-18T22:09:09.487365+09:00
Filtration Note,,,failed,False,2026-08-19T13:21:58.772541+09:00
Filtration Notification,,,failed,False,2026-08-27T22:48:56.292769+09:00
Filtration Number,,,failed,False,2026-08-23T03:16:36.835162+09:00
Filtration Office,,,failed,False,2026-08-19T00:04:44.561310+09:00
Filtration Ops,,,failed,False,2026-08-18T22:12:02.089704+09:00
Filtration Order,,,failed,False,2026-08-19T21:57:41.163401+09:00
Filtration Organizer,,,failed,False,2026-08-18T22:10:45.324652+09:00
Filtration Overage,,,failed,False,2026-08-27T21:47:32.265892+09:00
Filtration Overdue,,,failed,False,2026-08-27T21:47:27.442070+09:00
Filtration Panel,,,failed,False,2026-08-18T22:07:49.432223+09:00
Filtration Pass,,,failed,False,2026-08-21T00:34:30.806569+09:00
Filtration Path,,,failed,False,2026-08-18T22:05:06.428384+09:00
Filtration Payoff,,,failed,False,2026-08-27T21:47:29.918815+09:00
Filtration Penalty,,,failed,False,2026-08-23T16:38:42.507764+09:00
Filtration Petition,,,failed,False,2026-08-21T01:08:10.104042+09:00
Filtration Pilot,,,failed,False,2026-08-18T23:51:00.624021+09:00
Filtration Plan,,,failed,False,2026-08-21T01:59:29.977509+09:00
Filtration Planner,,,failed,False,2026-08-18T22:10:27.962314+09:00
Filtration Playbook,,,failed,False,2026-08-18T22:12:23.623332+09:00
Filtration Point,590.0,12.0,success,False,2026-08-18T22:05:15.577232+09:00
Filtration Portal,,,failed,False,2026-08-18T22:07:36.107745+09:00
Filtration Preview,,,failed,False,2026-08-28T01:07:38.587205+09:00
Filtration Profile,,,failed,False,2026-08-19T13:22:59.111226+09:00
Filtration Profit,,,failed,False,2026-08-23T02:53:11.692862+09:00
Filtration Proposal,,,failed,False,2026-08-28T01:07:38.587205+09:00
Filtration Pulse,,,failed,False,2026-08-18T22:04:44.992531+09:00
Filtration Queue,,,failed,False,2026-08-19T21:13:21.149067+09:00
Filtration Radar,,,failed,False,2026-08-18T23:51:00.624021+09:00
Filtration Rail,,,failed,False,2026-08-18T22:08:36.440640+09:00
Filtration Rate,720.0,20.0,success,False,2026-08-19T20:41:03.972806+09:00
Filtration Recap,,,failed,False,2026-08-21T01:08:25.718288+09:00
Filtration Receipt,,,failed,False,2026-08-19T21:58:02.735072+09:00
Filtration Recorder,,,failed,False,2026-08-27T23:35:24.571352+09:00
Filtration Register,,,failed,False,2026-08-18T22:11:53.253087+09:00
Filtration Registry,,,failed,False,2026-08-18T23:51:00.624021+09:00
Filtration Relay,,,failed,False,2026-08-18T23:51:00.624021+09:00
Filtration Reminder,,,failed,False,2026-08-19T21:12:35.619378+09:00
Filtration Report,170.0,1.0,success,False,2026-08-19T13:41:59.783078+09:00
Filtration Repository,,,failed,False,2026-08-27T23:14:27.057874+09:00
Filtration Result,,,failed,False,2026-08-28T00:48:11.249121+09:00
Filtration Ring,,,failed,False,2026-08-18T22:09:03.479922+09:00
Filtration Roadmap,,,failed,False,2026-08-18T23:51:00.624021+09:00
Filtration Route,,,failed,False,2026-08-18T22:08:21.500006+09:00
Filtration Rule,,,failed,False,2026-08-23T03:16:51.782987+09:00
Filtration Sale,,,failed,False,2026-08-21T02:21:23.135425+09:00
Filtration Sample,20.0,0.0,success,False,2026-08-19T21:58:56.766000+09:00
Filtration Scale,40.0,8.0,success,False,2026-08-18T22:08:12.988621+09:00
Filtration Scanner,,,failed,False,2026-08-27T23:57:10.397260+09:00
Filtration Scheduler,,,failed,False,2026-08-18T22:10:36.115087+09:00
Filtration Schematic,,,failed,False,2026-08-27T22:28:53.992967+09:00
Filtration Scope,,,failed,False,2026-08-18T22:04:15.026557+09:00
Filtration Score,,,failed,False,2026-08-19T13:21:44.122863+09:00
Filtration Sentry,,,failed,False,2026-08-18T22:09:42.242317+09:00
Filtration Sheet,1300.0,62.0,success,False,2026-08-19T13:20:54.330811+09:00
Filtration Shortfall,,,failed,False,2026-08-27T21:47:35.080437+09:00
Filtration Signal,,,failed,False,2026-08-18T22:03:53.517132+09:00
Filtration Slip,,,failed,False,2026-08-19T21:58:48.612097+09:00
Filtration Slot,,,failed,False,2026-08-19T21:59:07.775168+09:00
Filtration Snapshot,,,failed,False,2026-08-18T23:51:02.851582+09:00
Filtration Stage,,,failed,False,2026-08-28T00:48:11.249121+09:00
Filtration Stake,,,failed,False,2026-08-23T02:53:17.402090+09:00
Filtration Station,480.0,73.0,success,False,2026-08-18T22:07:01.170489+09:00
Filtration Status,,,failed,False,2026-08-19T20:40:17.061535+09:00
Filtration Stub,,,failed,False,2026-08-21T00:34:42.810397+09:00
Filtration Studio,,,failed,False,2026-08-18T22:06:43.515975+09:00
Filtration Subsidy,,,failed,False,2026-08-23T15:51:39.388284+09:00
Filtration Suite,,,failed,False,2026-08-18T22:10:06.625362+09:00
Filtration Sum,,,failed,False,2026-08-21T02:21:02.332570+09:00
Filtration Summary,10.0,0.0,success,False,2026-08-19T21:12:15.731161+09:00
Filtration Sync,,,failed,False,2026-08-18T23:51:02.851582+09:00
Filtration Table,880.0,1.0,success,False,2026-08-19T21:58:30.244900+09:00
Filtration Tag,,,failed,False,2026-08-19T13:22:13.329978+09:00
Filtration Tally,,,failed,False,2026-08-21T00:34:53.693924+09:00
Filtration Tariff,,,failed,False,2026-08-21T02:37:48.956315+09:00
Filtration Tax,,,failed,False,2026-08-21T02:15:26.957875+09:00
Filtration Terminal,,,failed,False,2026-08-18T22:07:09.458547+09:00
Filtration Ticket,,,failed,False,2026-08-19T21:13:11.253613+09:00
Filtration Timeline,,,failed,False,2026-08-19T21:12:26.316955+09:00
Filtration Timer,,,failed,False,2026-08-28T00:26:12.300765+09:00
Filtration Toll,,,failed,False,2026-08-21T02:37:42.077569+09:00
Filtration Toolbox,,,failed,False,2026-08-28T00:26:17.382290+09:00
Filtration Toolkit,,,failed,False,2026-08-18T22:12:17.661018+09:00
Filtration Total,,,failed,False,2026-08-27T23:14:21.600576+09:00
Filtration Tracker,,,failed,False,2026-08-18T23:51:02.851582+09:00
Filtration Trail,,,failed,False,2026-08-18T22:08:45.047635+09:00
Filtration Trend,,,failed,False,2026-08-28T01:07:32.974301+09:00
Filtration Trial,,,failed,False,2026-08-27T21:16:26.164499+09:00
Filtration Unit,1600.0,52.0,success,False,2026-08-21T02:05:48.650139+09:00
Filtration Update,,,failed,False,2026-08-19T20:41:10.828189+09:00
Filtration Value,,,failed,False,2026-08-23T02:53:14.872547+09:00
Filtration Vault,,,failed,False,2026-08-18T22:02:28.338577+09:00
Filtration Version,,,failed,False,2026-08-23T03:16:39.334057+09:00
Filtration View,,,failed,False,2026-08-19T20:40:26.363458+09:00
Filtration Voucher,,,failed,False,2026-08-21T00:34:32.979761+09:00
Filtration Watch,,,failed,False,2026-08-18T22:04:03.001846+09:00
Filtration Wave,,,failed,False,2026-08-18T22:04:56.544925+09:00
Filtration Widget,,,failed,False,2026-08-27T23:14:21.600576+09:00
Filtration Workbench,,,failed,False,2026-08-18T22:12:10.821921+09:00
Filtration Worksheet,110.0,1.0,success,False,2026-08-27T22:11:07.504968+09:00
Filtration Workshop,,,failed,False,2026-08-28T00:26:14.926541+09:00
Filtration Zone,90.0,0.0,success,False,2026-08-18T22:07:26.351718+09:00
Financing Advance,10.0,0.0,success,False,2026-08-23T16:14:40.533655+09:00
Financing Advisory,110.0,16.0,success,False,2026-08-21T01:09:22.527514+09:00
Financing Allowance,,,failed,False,2026-08-21T02:38:43.386978+09:00
Financing Almanac,,,failed,False,2026-08-18T22:03:09.558659+09:00
Financing Analyzer,,,failed,False,2026-08-27T23:57:45.055012+09:00
Financing Anchor,,,failed,False,2026-08-17T21:38:10.743063+09:00
Financing Arrears,,,failed,False,2026-08-23T16:14:40.533655+09:00
Financing Asset,5400.0,41.0,success,False,2026-08-23T13:47:02.952399+09:00
Financing Assistant,,,failed,False,2026-08-17T23:11:16.019102+09:00
Financing Atlas,,,failed,False,2026-08-17T20:45:28.437462+09:00
Financing Attribute,,,failed,False,2026-08-23T13:06:47.092391+09:00
Financing Balance,110.0,1.0,success,False,2026-08-23T13:46:59.316345+09:00
Financing Base,,,failed,False,2026-08-17T20:42:15.711128+09:00
Financing Beacon,,,failed,False,2026-08-17T20:31:38.107939+09:00
Financing Bill,10.0,0.0,success,False,2026-08-19T22:00:41.038270+09:00
Financing Blueprint,,,failed,False,2026-08-18T22:02:59.013018+09:00
Financing Board,,,failed,False,2026-08-17T20:39:54.147287+09:00
Financing Book,320.0,74.0,success,False,2026-08-19T22:01:27.807092+09:00
Financing Bridge,2400.0,17.0,success,False,2026-08-17T21:39:37.908878+09:00
Financing Brief,,,failed,False,2026-08-21T01:09:12.434019+09:00
Financing Bulletin,,,failed,False,2026-08-21T01:09:08.778546+09:00
Financing Calculator,8100.0,37.0,success,False,2026-08-27T23:35:43.099138+09:00
Financing Calendar,,,failed,False,2026-08-18T23:57:31.846586+09:00
Financing Card,30.0,47.0,success,False,2026-08-19T13:25:31.059454+09:00
Financing Cascade,,,failed,False,2026-08-17T21:41:39.306179+09:00
Financing Cash,10.0,50.0,success,False,2026-08-21T02:22:35.993251+09:00
Financing Cashback,,,failed,False,2026-08-27T21:17:03.008156+09:00
Financing Catalog,,,failed,False,2026-08-19T21:16:57.743794+09:00
Financing Category,,,failed,False,2026-08-23T13:06:44.617990+09:00
Financing Center,50.0,7.0,success,False,2026-08-17T20:34:19.305897+09:00
Financing Chain,,,failed,False,2026-08-17T21:32:17.170130+09:00
Financing Charge,70.0,2.0,success,False,2026-08-21T02:38:35.767249+09:00
Financing Check,,,failed,False,2026-08-19T13:26:03.914310+09:00
Financing Checker,,,failed,False,2026-08-27T23:57:37.780075+09:00
Financing Checklist,,,failed,False,2026-08-19T21:15:58.285929+09:00
Financing Circular,,,failed,False,2026-08-21T01:09:17.934023+09:00
Financing Cockpit,,,failed,False,2026-08-17T23:31:19.808791+09:00
Financing Code,,,failed,False,2026-08-19T22:00:58.577087+09:00
Financing Codex,,,failed,False,2026-08-18T22:03:32.090956+09:00
Financing Companion,,,failed,False,2026-08-17T23:09:22.045461+09:00
Financing Comparison,,,failed,False,2026-08-28T01:08:07.317285+09:00
Financing Compass,,,failed,False,2026-08-17T20:32:49.512310+09:00
Financing Compendium,,,failed,False,2026-08-18T22:03:18.976552+09:00
Financing Confirmation,,,failed,False,2026-08-21T01:09:29.468190+09:00
Financing Console,,,failed,False,2026-08-18T07:52:08.139884+09:00
Financing Contribution,,,failed,False,2026-08-23T16:14:40.533655+09:00
Financing Core,,,failed,False,2026-08-17T20:41:27.066117+09:00
Financing Cost,3600.0,1.0,success,False,2026-08-21T02:06:57.377866+09:00
Financing Count,,,failed,False,2026-08-27T22:49:26.070118+09:00
Financing Counter,,,failed,False,2026-08-18T23:58:32.218218+09:00
Financing Coupon,,,failed,False,2026-08-27T21:17:03.008156+09:00
Financing Dashboard,,,failed,False,2026-08-17T23:14:31.375028+09:00
Financing Deal,210.0,29.0,success,False,2026-08-21T01:50:37.837516+09:00
Financing Debt,9900.0,10.0,success,False,2026-08-21T02:22:28.218601+09:00
Financing Deck,320.0,92.0,success,False,2026-08-17T20:39:04.557611+09:00
Financing Depot,,,failed,False,2026-08-18T23:58:15.272323+09:00
Financing Desk,,,failed,False,2026-08-17T20:36:40.845127+09:00
Financing Detail,,,failed,False,2026-08-23T03:18:07.042470+09:00
Financing Detector,,,failed,False,2026-08-27T23:57:42.673163+09:00
Financing Diagram,,,failed,False,2026-08-27T22:12:15.272381+09:00
Financing Dial,,,failed,False,2026-08-17T21:41:07.674308+09:00
Financing Digest,,,failed,False,2026-08-19T20:43:26.923996+09:00
Financing Directory,10.0,1.0,success,False,2026-08-18T23:57:42.935137+09:00
Financing Discount,,,failed,False,2026-08-23T16:14:37.846068+09:00
Financing Dock,,,failed,False,2026-08-17T21:35:24.685319+09:00
Financing Dossier,,,failed,False,2026-08-21T01:09:32.208799+09:00
Financing Downpayment,,,failed,False,2026-08-27T21:48:07.167837+09:00
Financing Draft,,,failed,False,2026-08-19T20:43:39.981777+09:00
Financing Due,,,failed,False,2026-08-23T15:51:49.176648+09:00
Financing Duty,,,failed,False,2026-08-21T02:38:37.938007+09:00
Financing Engine,260.0,86.0,success,False,2026-08-17T23:30:11.118322+09:00
Financing Entry,,,failed,False,2026-08-21T00:58:22.319025+09:00
Financing Estimate,10.0,13.0,success,False,2026-08-19T21:16:45.147013+09:00
Financing Estimator,8100.0,37.0,success,False,2026-08-27T23:57:37.780075+09:00
Financing Excerpt,,,failed,False,2026-08-21T01:09:42.916632+09:00
Financing Extension,140.0,31.0,success,False,2026-08-23T16:39:03.767500+09:00
Financing Fare,,,failed,False,2026-08-21T02:07:07.042559+09:00
Financing Fee,210.0,1.0,success,False,2026-08-21T01:50:11.823899+09:00
Financing Feed,,,failed,False,2026-08-19T20:43:33.378176+09:00
Financing Field,,,failed,False,2026-08-23T13:06:49.264367+09:00
Financing File,,,failed,False,2026-08-19T20:42:55.526386+09:00
Financing Finder,,,failed,False,2026-08-18T23:58:01.279851+09:00
Financing Fine,,,failed,False,2026-08-23T02:54:11.154631+09:00
Financing Flag,,,failed,False,2026-08-21T00:36:02.867452+09:00
Financing Flow,260.0,22.0,success,False,2026-08-17T20:39:25.387216+09:00
Financing Forge,,,failed,False,2026-08-18T07:53:03.495247+09:00
Financing Form,170.0,100.0,success,False,2026-08-19T13:25:11.972380+09:00
Financing Format,,,failed,False,2026-08-23T13:06:51.579478+09:00
Financing Frame,,,failed,False,2026-08-17T20:43:09.097865+09:00
Financing Fund,590.0,8.0,success,False,2026-08-21T02:22:32.305318+09:00
Financing Gate,,,failed,False,2026-08-17T20:47:35.936558+09:00
Financing Generator,480.0,47.0,success,False,2026-08-27T23:35:43.099138+09:00
Financing Giveaway,,,failed,False,2026-08-27T21:17:10.879829+09:00
Financing Grade,,,failed,False,2026-08-21T00:35:46.572141+09:00
Financing Graph,,,failed,False,2026-08-27T22:11:56.077657+09:00
Financing Grid,20.0,0.0,success,False,2026-08-17T21:32:53.372558+09:00
Financing Guarantee,320.0,52.0,success,False,2026-08-28T01:08:15.051453+09:00
Financing Guard,,,failed,False,2026-08-17T20:41:55.751231+09:00
Financing Guardian,,,failed,False,2026-08-28T00:26:39.760657+09:00
Financing Guidebook,,,failed,False,2026-08-18T22:02:38.118746+09:00
Financing Helpdesk,,,failed,False,2026-08-27T22:49:26.070118+09:00
Financing Helper,,,failed,False,2026-08-28T00:26:42.212784+09:00
Financing History,10.0,0.0,success,False,2026-08-19T20:42:43.732696+09:00
Financing Hotline,,,failed,False,2026-08-19T21:17:11.439811+09:00
Financing Hub,590.0,3.0,success,False,2026-08-17T20:38:32.473394+09:00
Financing Identifier,,,failed,False,2026-08-23T13:06:41.923671+09:00
Financing Incentive,,,failed,False,2026-08-27T21:17:07.956821+09:00
Financing Index,,,failed,False,2026-08-19T21:16:08.184183+09:00
Financing Insight,,,failed,False,2026-08-17T23:30:54.077179+09:00
Financing Installment,110.0,16.0,success,False,2026-08-23T16:14:37.846068+09:00
Financing Interest,40.0,2.0,success,False,2026-08-23T13:47:02.952399+09:00
Financing Item,,,failed,False,2026-08-21T01:50:23.005803+09:00
Financing Journal,,,failed,False,2026-08-18T23:51:02.851582+09:00
Financing Keeper,,,failed,False,2026-08-17T20:43:36.337910+09:00
Financing Lab,,,failed,False,2026-08-17T20:37:11.919122+09:00
Financing Label,,,failed,False,2026-08-27T22:11:56.077657+09:00
Financing Ledger,,,failed,False,2026-08-17T20:40:44.017242+09:00
Financing Lens,,,failed,False,2026-08-17T20:44:06.631034+09:00
Financing Level,,,failed,False,2026-08-19T20:43:01.232728+09:00
Financing Levy,,,failed,False,2026-08-23T13:47:05.237339+09:00
Financing Link,,,failed,False,2026-08-23T03:18:00.174345+09:00
Financing List,,,failed,False,2026-08-19T22:01:08.341225+09:00
Financing Loan,720.0,56.0,success,False,2026-08-21T02:07:20.173569+09:00
Financing Locator,,,failed,False,2026-08-18T23:57:53.791592+09:00
Financing Lock,,,failed,False,2026-08-17T20:45:52.903104+09:00
Financing Log,,,failed,False,2026-08-19T13:25:01.891377+09:00
Financing Loop,,,failed,False,2026-08-17T21:33:53.413747+09:00
Financing Manager,1300.0,7.0,success,False,2026-08-17T20:42:43.172174+09:00
Financing Manual,,,failed,False,2026-08-27T22:12:02.778487+09:00
Financing Map,,,failed,False,2026-08-17T20:44:54.516764+09:00
Financing Margin,1900.0,3.0,success,False,2026-08-23T02:54:08.933520+09:00
Financing Markup,,,failed,False,2026-08-23T16:39:03.767500+09:00
Financing Memo,,,failed,False,2026-08-21T00:35:52.521460+09:00
Financing Message,,,failed,False,2026-08-27T23:14:52.026245+09:00
Financing Meter,,,failed,False,2026-08-17T21:38:46.123803+09:00
Financing Metrics,,,failed,False,2026-08-17T23:07:36.976637+09:00
Financing Monitor,,,failed,False,2026-08-17T23:12:55.157000+09:00
Financing Navigator,,,failed,False,2026-08-17T23:31:33.228756+09:00
Financing Nexus,,,failed,False,2026-08-17T20:46:20.020027+09:00
Financing Node,,,failed,False,2026-08-17T21:30:00.229933+09:00
Financing Note,10.0,14.0,success,False,2026-08-19T13:26:27.174031+09:00
Financing Notification,,,failed,False,2026-08-27T22:49:17.563475+09:00
Financing Number,,,failed,False,2026-08-23T03:17:50.653872+09:00
Financing Office,90.0,1.0,success,False,2026-08-18T23:58:23.364762+09:00
Financing Ops,,,failed,False,2026-08-17T23:03:41.404316+09:00
Financing Order,,,failed,False,2026-08-19T22:00:29.201659+09:00
Financing Organizer,,,failed,False,2026-08-17T23:30:39.559752+09:00
Financing Outline,,,failed,False,2026-08-27T22:29:00.404173+09:00
Financing Overage,,,failed,False,2026-08-27T21:48:07.167837+09:00
Financing Overdraft,,,failed,False,2026-08-23T15:51:49.176648+09:00
Financing Overdue,,,failed,False,2026-08-27T21:48:00.691172+09:00
Financing Panel,,,failed,False,2026-08-18T07:52:19.092235+09:00
Financing Path,,,failed,False,2026-08-17T20:48:15.314618+09:00
Financing Payoff,,,failed,False,2026-08-27T21:48:04.359972+09:00
Financing Penalty,,,failed,False,2026-08-23T16:39:00.201041+09:00
Financing Petition,,,failed,False,2026-08-21T01:09:25.502385+09:00
Financing Pilot,,,failed,False,2026-08-17T20:37:39.748297+09:00
Financing Plan,390.0,7.0,success,False,2026-08-21T01:50:32.476329+09:00
Financing Planner,390.0,7.0,success,False,2026-08-17T23:30:24.350682+09:00
Financing Playbook,,,failed,False,2026-08-18T23:51:02.851582+09:00
Financing Point,,,failed,False,2026-08-17T20:46:59.199715+09:00
Financing Portal,1000.0,0.0,success,True,2026-08-17T20:32:12.868338+09:00
Financing Preview,,,failed,False,2026-08-28T01:08:09.929341+09:00
Financing Profile,,,failed,False,2026-08-19T13:27:07.663216+09:00
Financing Profit,320.0,1.0,success,False,2026-08-23T02:53:58.718739+09:00
Financing Proposal,1000.0,4.0,success,False,2026-08-28T01:08:09.929341+09:00
Financing Pulse,,,failed,False,2026-08-17T21:31:41.054400+09:00
Financing Queue,,,failed,False,2026-08-19T21:16:32.174515+09:00
Financing Quota,,,failed,False,2026-08-21T00:35:57.334663+09:00
Financing Radar,,,failed,False,2026-08-17T20:35:45.912195+09:00
Financing Rail,,,failed,False,2026-08-17T21:34:26.372304+09:00
Financing Rate,260.0,11.0,success,False,2026-08-19T20:43:13.193243+09:00
Financing Recap,,,failed,False,2026-08-21T01:09:36.550865+09:00
Financing Receipt,,,failed,False,2026-08-19T22:00:50.592987+09:00
Financing Recorder,,,failed,False,2026-08-27T23:35:50.995626+09:00
Financing Redemption,,,failed,False,2026-08-23T16:39:03.767500+09:00
Financing Register,,,failed,False,2026-08-17T23:31:50.854430+09:00
Financing Registry,,,failed,False,2026-08-18T22:02:48.638128+09:00
Financing Relay,,,failed,False,2026-08-17T20:34:44.892914+09:00
Financing Reminder,,,failed,False,2026-08-19T21:15:48.074960+09:00
Financing Report,30.0,2.0,success,False,2026-08-19T13:24:56.019665+09:00
Financing Repository,,,failed,False,2026-08-27T23:14:57.999766+09:00
Financing Result,,,failed,False,2026-08-28T00:48:23.790188+09:00
Financing Roadmap,10.0,0.0,success,False,2026-08-18T22:03:53.517132+09:00
Financing Route,,,failed,False,2026-08-17T21:36:30.682605+09:00
Financing Rule,,,failed,False,2026-08-23T03:18:03.824260+09:00
Financing Sale,,,failed,False,2026-08-21T02:22:40.576459+09:00
Financing Sample,,,failed,False,2026-08-19T22:01:48.957551+09:00
Financing Scale,10.0,0.0,success,False,2026-08-17T21:37:36.095439+09:00
Financing Scheduler,,,failed,False,2026-08-17T23:05:47.972316+09:00
Financing Scope,,,failed,False,2026-08-17T21:34:57.125142+09:00
Financing Score,,,failed,False,2026-08-19T13:26:13.744102+09:00
Financing Sentry,,,failed,False,2026-08-17T20:44:24.451216+09:00
Financing Sheet,,,failed,False,2026-08-19T13:25:53.621438+09:00
Financing Shortfall,,,failed,False,2026-08-27T21:48:09.369962+09:00
Financing Signal,,,failed,False,2026-08-17T21:36:59.022364+09:00
Financing Signature,,,failed,False,2026-08-23T13:27:34.278860+09:00
Financing Slip,,,failed,False,2026-08-19T22:01:39.954435+09:00
Financing Slot,,,failed,False,2026-08-19T22:01:59.739197+09:00
Financing Snapshot,,,failed,False,2026-08-18T21:11:26.018001+09:00
Financing Stage,320.0,6.0,success,False,2026-08-28T00:48:21.370495+09:00
Financing Stake,,,failed,False,2026-08-23T02:54:06.073801+09:00
Financing Statement,4400.0,9.0,success,False,2026-08-21T00:35:34.561312+09:00
Financing Station,,,failed,False,2026-08-17T20:36:12.301778+09:00
Financing Status,2400.0,0.0,success,True,2026-08-19T20:42:29.664942+09:00
Financing Stub,,,failed,False,2026-08-21T00:35:31.431507+09:00
Financing Studio,,,failed,False,2026-08-17T20:38:07.696860+09:00
Financing Subsidy,,,failed,False,2026-08-23T15:51:51.217465+09:00
Financing Suite,,,failed,False,2026-08-17T23:04:01.438390+09:00
Financing Sum,,,failed,False,2026-08-21T02:22:21.674947+09:00
Financing Summary,,,failed,False,2026-08-19T21:15:25.328836+09:00
Financing Surtax,,,failed,False,2026-08-23T15:51:51.217465+09:00
Financing Sync,,,failed,False,2026-08-17T20:40:20.065990+09:00
Financing Tab,,,failed,False,2026-08-21T00:36:05.920603+09:00
Financing Table,40.0,8.0,success,False,2026-08-19T22:01:17.483163+09:00
Financing Tag,,,failed,False,2026-08-19T13:26:59.554690+09:00
Financing Tally,,,failed,False,2026-08-21T00:35:39.216644+09:00
Financing Tariff,,,failed,False,2026-08-21T02:38:45.456500+09:00
Financing Tax,30.0,6.0,success,False,2026-08-21T02:07:11.746620+09:00
Financing Ticket,,,failed,False,2026-08-19T21:16:21.953049+09:00
Financing Tier,,,failed,False,2026-08-28T00:48:27.212910+09:00
Financing Timeline,,,failed,False,2026-08-19T21:15:37.050210+09:00
Financing Timer,,,failed,False,2026-08-28T00:26:37.162050+09:00
Financing Toll,,,failed,False,2026-08-21T02:38:41.018051+09:00
Financing Toolbox,,,failed,False,2026-08-28T00:26:42.212784+09:00
Financing Toolkit,,,failed,False,2026-08-18T23:51:02.851582+09:00
Financing Total,,,failed,False,2026-08-27T23:14:52.026245+09:00
Financing Tracker,,,failed,False,2026-08-17T20:41:06.345123+09:00
Financing Trail,,,failed,False,2026-08-17T21:33:22.663564+09:00
Financing Trend,,,failed,False,2026-08-28T01:08:07.317285+09:00
Financing Trial,,,failed,False,2026-08-27T21:17:07.956821+09:00
Financing Unit,,,failed,False,2026-08-21T01:50:44.435250+09:00
Financing Update,,,failed,False,2026-08-19T20:43:19.095275+09:00
Financing Value,,,failed,False,2026-08-23T02:54:03.941195+09:00
Financing Vault,,,failed,False,2026-08-17T20:33:54.236742+09:00
Financing Version,,,failed,False,2026-08-23T03:17:54.192615+09:00
Financing View,50.0,3.0,success,False,2026-08-19T20:42:37.692999+09:00
Financing Watch,1600.0,100.0,success,False,2026-08-17T21:36:00.741055+09:00
Financing Wave,,,failed,False,2026-08-17T21:30:33.048254+09:00
Financing Widget,,,failed,False,2026-08-27T23:14:55.579423+09:00
Financing Workbench,,,failed,False,2026-08-18T23:51:02.851582+09:00
Financing Worksheet,590.0,54.0,success,False,2026-08-27T22:12:11.460290+09:00
Financing Zone,,,failed,False,2026-08-17T20:33:24.231963+09:00
Firewall Advance,10.0,36.0,success,False,2026-08-23T16:14:33.783950+09:00
Firewall Advisory,70.0,30.0,success,False,2026-08-21T01:04:53.420072+09:00
Firewall Allowance,,,failed,False,2026-08-21T02:45:25.368857+09:00
Firewall Almanac,,,failed,False,2026-08-18T22:02:42.227147+09:00
Firewall Anchor,,,failed,False,2026-08-17T20:41:38.152103+09:00
Firewall Arrears,,,failed,False,2026-08-23T16:14:21.823505+09:00
Firewall Asset,,,failed,False,2026-08-23T13:46:45.487661+09:00
Firewall Assistant,,,failed,False,2026-08-17T23:28:11.546877+09:00
Firewall Atlas,,,failed,False,2026-08-17T20:31:52.293572+09:00
Firewall Attribute,,,failed,False,2026-08-23T13:05:53.628688+09:00
Firewall Badge,,,failed,False,2026-08-21T00:30:14.861916+09:00
Firewall Base,,,failed,False,2026-08-17T21:39:13.221117+09:00
Firewall Beacon,,,failed,False,2026-08-17T20:45:12.889782+09:00
Firewall Bill,10.0,0.0,success,False,2026-08-19T21:46:54.129984+09:00
Firewall Blueprint,10.0,12.0,success,False,2026-08-18T22:02:30.753417+09:00
Firewall Board,50.0,36.0,success,False,2026-08-17T21:35:38.144027+09:00
Firewall Book,140.0,26.0,success,False,2026-08-19T21:48:07.459723+09:00
Firewall Bridge,20.0,2.0,success,False,2026-08-17T20:42:21.345142+09:00
Firewall Brief,,,failed,False,2026-08-21T01:04:32.859141+09:00
Firewall Bulletin,,,failed,False,2026-08-21T01:04:28.874460+09:00
Firewall Calendar,,,failed,False,2026-08-19T00:00:38.616891+09:00
Firewall Card,40.0,1.0,success,False,2026-08-19T13:26:59.554690+09:00
Firewall Cascade,10.0,0.0,success,False,2026-08-17T20:43:16.751377+09:00
Firewall Cash,,,failed,False,2026-08-21T02:29:43.973308+09:00
Firewall Category,,,failed,False,2026-08-23T13:05:48.567186+09:00
Firewall Center,30.0,6.0,success,False,2026-08-17T20:47:50.375793+09:00
Firewall Chain,40.0,12.0,success,False,2026-08-17T20:36:52.122948+09:00
Firewall Charge,,,failed,False,2026-08-21T02:45:13.542612+09:00
Firewall Check,390.0,8.0,success,False,2026-08-19T13:27:18.608287+09:00
Firewall Checker,390.0,8.0,success,False,2026-08-27T23:58:28.934840+09:00
Firewall Circular,,,failed,False,2026-08-21T01:04:45.668721+09:00
Firewall Cockpit,10.0,0.0,success,False,2026-08-17T23:08:04.686791+09:00
Firewall Code,140.0,5.0,success,False,2026-08-19T21:47:24.408619+09:00
Firewall Codex,,,failed,False,2026-08-18T22:03:03.090691+09:00
Firewall Companion,,,failed,False,2026-08-17T23:29:43.400125+09:00
Firewall Comparison,170.0,23.0,success,False,2026-08-28T01:08:56.786303+09:00
Firewall Compass,,,failed,False,2026-08-17T20:45:58.318950+09:00
Firewall Compendium,,,failed,False,2026-08-18T22:02:52.692456+09:00
Firewall Confirmation,,,failed,False,2026-08-21T01:05:05.236354+09:00
Firewall Console,50.0,18.0,success,False,2026-08-17T20:44:32.138425+09:00
Firewall Core,70.0,14.0,success,False,2026-08-17T21:37:46.877382+09:00
Firewall Cost,320.0,47.0,success,False,2026-08-21T02:13:09.073610+09:00
Firewall Count,,,failed,False,2026-08-27T22:49:44.992225+09:00
Firewall Counter,,,failed,False,2026-08-19T00:01:28.091265+09:00
Firewall Dashboard,70.0,19.0,success,False,2026-08-17T23:29:25.330773+09:00
Firewall Deal,,,failed,False,2026-08-21T01:57:15.651579+09:00
Firewall Debt,,,failed,False,2026-08-21T02:29:36.697010+09:00
Firewall Deck,40.0,21.0,success,False,2026-08-17T21:34:34.023181+09:00
Firewall Depot,,,failed,False,2026-08-19T00:01:12.720919+09:00
Firewall Desk,10.0,,success,False,2026-08-17T21:31:52.108049+09:00
Firewall Detail,140.0,5.0,success,False,2026-08-23T03:15:51.596433+09:00
Firewall Detector,90.0,28.0,success,False,2026-08-27T23:58:38.877794+09:00
Firewall Diagram,2400.0,1.0,success,False,2026-08-27T22:12:21.251456+09:00
Firewall Dial,,,failed,False,2026-08-17T20:42:50.595044+09:00
Firewall Digest,,,failed,False,2026-08-19T20:46:00.045081+09:00
Firewall Directory,,,failed,False,2026-08-19T00:00:48.226412+09:00
Firewall Discount,,,failed,False,2026-08-23T16:14:18.981651+09:00
Firewall Dock,,,failed,False,2026-08-17T20:39:33.830984+09:00
Firewall Dossier,,,failed,False,2026-08-21T01:05:09.510273+09:00
Firewall Downpayment,,,failed,False,2026-08-27T21:48:11.561191+09:00
Firewall Draft,,,failed,False,2026-08-19T20:46:08.912085+09:00
Firewall Duty,,,failed,False,2026-08-21T02:45:16.049005+09:00
Firewall Engine,390.0,4.0,success,False,2026-08-17T23:04:23.573644+09:00
Firewall Entry,10.0,14.0,success,False,2026-08-21T01:05:29.532542+09:00
Firewall Estimate,,,failed,False,2026-08-19T21:32:10.645735+09:00
Firewall Excerpt,,,failed,False,2026-08-21T01:05:26.897512+09:00
Firewall Extension,320.0,1.0,success,False,2026-08-23T16:39:00.201041+09:00
Firewall Fare,,,failed,False,2026-08-21T02:13:20.223987+09:00
Firewall Fee,10.0,14.0,success,False,2026-08-21T01:56:56.625625+09:00
Firewall Feed,,,failed,False,2026-08-19T20:46:04.507912+09:00
Firewall Field,,,failed,False,2026-08-23T13:05:55.726817+09:00
Firewall File,30.0,5.0,success,False,2026-08-19T20:45:35.048925+09:00
Firewall Finder,10.0,35.0,success,False,2026-08-19T00:01:01.996823+09:00
Firewall Fine,,,failed,False,2026-08-23T02:52:35.436753+09:00
Firewall Flag,,,failed,False,2026-08-21T00:30:57.917323+09:00
Firewall Flow,20.0,2.0,success,False,2026-08-17T21:35:06.399475+09:00
Firewall Forge,,,failed,False,2026-08-17T20:44:11.907751+09:00
Firewall Form,10.0,0.0,success,False,2026-08-19T13:26:27.174031+09:00
Firewall Format,,,failed,False,2026-08-23T13:05:58.112221+09:00
Firewall Frame,,,failed,False,2026-08-17T21:41:16.664514+09:00
Firewall Fund,30.0,0.0,success,False,2026-08-21T02:29:40.223505+09:00
Firewall Gate,20.0,16.0,success,False,2026-08-17T20:34:02.071546+09:00
Firewall Generator,10.0,29.0,success,False,2026-08-27T23:36:25.651250+09:00
Firewall Grade,,,failed,False,2026-08-21T00:30:39.454023+09:00
Firewall Graph,,,failed,False,2026-08-27T22:12:02.778487+09:00
Firewall Grid,,,failed,False,2026-08-17T20:37:19.032635+09:00
Firewall Guard,40.0,22.0,success,False,2026-08-17T21:38:24.477715+09:00
Firewall Guidebook,,,failed,False,2026-08-18T23:51:02.851582+09:00
Firewall Helpdesk,,,failed,False,2026-08-27T22:49:44.992225+09:00
Firewall Helper,20.0,12.0,success,False,2026-08-28T00:27:17.609628+09:00
Firewall History,70.0,0.0,success,False,2026-08-19T20:45:25.764339+09:00
Firewall Hub,40.0,3.0,success,False,2026-08-17T21:34:03.414909+09:00
Firewall Identifier,,,failed,False,2026-08-23T13:05:45.716846+09:00
Firewall Index,,,failed,False,2026-08-19T21:31:56.342454+09:00
Firewall Insight,,,failed,False,2026-08-17T23:13:20.544847+09:00
Firewall Installment,,,failed,False,2026-08-23T16:14:18.981651+09:00
Firewall Item,,,failed,False,2026-08-21T01:57:02.115497+09:00
Firewall Journal,10.0,,success,False,2026-08-18T23:51:02.851582+09:00
Firewall Keeper,,,failed,False,2026-08-17T21:41:47.180143+09:00
Firewall Lab,50.0,28.0,success,False,2026-08-17T21:32:28.090728+09:00
Firewall Label,20.0,25.0,success,False,2026-08-27T22:12:11.460290+09:00
Firewall Ledger,,,failed,False,2026-08-17T21:36:38.708092+09:00
Firewall Lens,,,failed,False,2026-08-18T07:53:06.257546+09:00
Firewall Level,210.0,5.0,success,False,2026-08-19T20:45:40.802029+09:00
Firewall Link,40.0,21.0,success,False,2026-08-23T03:15:44.979812+09:00
Firewall List,210.0,15.0,success,False,2026-08-19T21:47:38.670449+09:00
Firewall Loan,,,failed,False,2026-08-21T02:13:28.177261+09:00
Firewall Locator,,,failed,False,2026-08-19T00:00:56.933054+09:00
Firewall Lock,10.0,0.0,success,False,2026-08-17T20:32:26.534581+09:00
Firewall Log,880.0,7.0,success,False,2026-08-19T13:26:13.744102+09:00
Firewall Loop,,,failed,False,2026-08-17T20:38:13.537846+09:00
Firewall Manager,880.0,15.0,success,False,2026-08-17T21:40:01.418165+09:00
Firewall Manual,20.0,2.0,success,False,2026-08-27T22:12:15.272381+09:00
Firewall Map,20.0,3.0,success,False,2026-08-18T07:52:58.974940+09:00
Firewall Markup,,,failed,False,2026-08-23T16:38:57.916604+09:00
Firewall Memo,,,failed,False,2026-08-21T00:30:46.553076+09:00
Firewall Message,40.0,0.0,success,False,2026-08-27T23:15:18.585578+09:00
Firewall Meter,,,failed,False,2026-08-17T20:42:01.579820+09:00
Firewall Metrics,10.0,4.0,success,False,2026-08-17T23:29:07.663083+09:00
Firewall Monitor,210.0,21.0,success,False,2026-08-17T23:28:52.290735+09:00
Firewall Navigator,,,failed,False,2026-08-17T23:14:57.452489+09:00
Firewall Nexus,,,failed,False,2026-08-17T20:33:01.756540+09:00
Firewall Node,40.0,12.0,success,False,2026-08-17T20:34:53.035348+09:00
Firewall Note,,,failed,False,2026-08-19T13:27:45.503275+09:00
Firewall Notification,30.0,0.0,success,False,2026-08-27T22:49:39.100911+09:00
Firewall Number,10.0,0.0,success,False,2026-08-23T03:15:35.333103+09:00
Firewall Office,110.0,54.0,success,False,2026-08-19T00:01:21.334255+09:00
Firewall Ops,,,failed,False,2026-08-17T23:30:01.630713+09:00
Firewall Order,,,failed,False,2026-08-19T21:46:45.064278+09:00
Firewall Organizer,,,failed,False,2026-08-17T23:06:14.261884+09:00
Firewall Overage,,,failed,False,2026-08-27T21:48:09.369962+09:00
Firewall Overdue,,,failed,False,2026-08-27T21:48:07.167837+09:00
Firewall Panel,110.0,15.0,success,False,2026-08-17T20:43:46.830313+09:00
Firewall Pass,70.0,0.0,success,False,2026-08-21T00:29:58.685573+09:00
Firewall Path,,,failed,False,2026-08-17T20:34:29.454165+09:00
Firewall Payoff,,,failed,False,2026-08-27T21:48:09.369962+09:00
Firewall Penalty,,,failed,False,2026-08-23T16:38:57.916604+09:00
Firewall Petition,,,failed,False,2026-08-21T01:05:02.312819+09:00
Firewall Pilot,,,failed,False,2026-08-17T21:33:04.357190+09:00
Firewall Plan,50.0,4.0,success,False,2026-08-21T01:57:08.672731+09:00
Firewall Planner,,,failed,False,2026-08-17T23:11:40.322748+09:00
Firewall Playbook,,,failed,False,2026-08-18T23:51:02.851582+09:00
Firewall Point,20.0,12.0,success,False,2026-08-17T20:33:33.696511+09:00
Firewall Portal,20.0,16.0,success,False,2026-08-17T20:45:34.633599+09:00
Firewall Preview,10.0,0.0,success,False,2026-08-28T01:09:01.288346+09:00
Firewall Profile,40.0,1.0,success,False,2026-08-19T13:28:03.494645+09:00
Firewall Proposal,10.0,0.0,success,False,2026-08-28T01:09:01.288346+09:00
Firewall Pulse,,,failed,False,2026-08-17T20:36:20.228244+09:00
Firewall Quota,,,failed,False,2026-08-21T00:30:53.488074+09:00
Firewall Radar,,,failed,False,2026-08-17T21:30:43.453478+09:00
Firewall Rail,,,failed,False,2026-08-17T20:38:40.859557+09:00
Firewall Rate,20.0,67.0,success,False,2026-08-19T20:45:48.837053+09:00
Firewall Recap,,,failed,False,2026-08-21T01:05:22.302548+09:00
Firewall Receipt,,,failed,False,2026-08-19T21:47:08.663103+09:00
Firewall Recorder,,,failed,False,2026-08-27T23:36:25.651250+09:00
Firewall Register,,,failed,False,2026-08-17T23:09:50.041087+09:00
Firewall Registry,20.0,1.0,success,False,2026-08-18T23:51:02.851582+09:00
Firewall Relay,,,failed,False,2026-08-17T20:48:26.612997+09:00
Firewall Reminder,,,failed,False,2026-08-19T21:31:47.611554+09:00
Firewall Report,50.0,15.0,success,False,2026-08-19T13:26:03.914310+09:00
Firewall Repository,,,failed,False,2026-08-27T23:15:28.257448+09:00
Firewall Result,,,failed,False,2026-08-28T00:48:57.800361+09:00
Firewall Roadmap,,,failed,False,2026-08-18T22:03:11.971226+09:00
Firewall Roster,,,failed,False,2026-08-19T00:37:21.857423+09:00
Firewall Route,90.0,12.0,success,False,2026-08-17T20:40:27.760312+09:00
Firewall Rule,2400.0,7.0,success,False,2026-08-23T03:15:49.113628+09:00
Firewall Sale,140.0,100.0,success,False,2026-08-21T02:29:49.445628+09:00
Firewall Sample,30.0,0.0,success,False,2026-08-19T21:48:34.329578+09:00
Firewall Scale,,,failed,False,2026-08-17T20:41:11.362619+09:00
Firewall Scanner,90.0,31.0,success,False,2026-08-27T23:58:34.382467+09:00
Firewall Scheduler,,,failed,False,2026-08-17T23:28:30.057187+09:00
Firewall Schematic,40.0,1.0,success,False,2026-08-27T22:29:00.404173+09:00
Firewall Scope,10.0,14.0,success,False,2026-08-17T20:39:11.470645+09:00
Firewall Score,,,failed,False,2026-08-19T13:27:35.770715+09:00
Firewall Sentry,20.0,0.0,success,False,2026-08-18T07:52:10.902319+09:00
Firewall Sheet,20.0,1.0,success,False,2026-08-19T13:27:07.663216+09:00
Firewall Shortfall,,,failed,False,2026-08-27T21:48:13.959890+09:00
Firewall Signal,,,failed,False,2026-08-17T20:40:49.686418+09:00
Firewall Signature,,,failed,False,2026-08-23T13:27:11.117738+09:00
Firewall Slip,,,failed,False,2026-08-19T21:48:19.671606+09:00
Firewall Slot,,,failed,False,2026-08-19T21:48:48.534569+09:00
Firewall Snapshot,,,failed,False,2026-08-18T23:51:02.851582+09:00
Firewall Statement,,,failed,False,2026-08-21T00:30:27.321926+09:00
Firewall Station,20.0,5.0,success,False,2026-08-17T21:31:17.550614+09:00
Firewall Status,110.0,0.0,success,False,2026-08-19T20:45:12.440392+09:00
Firewall Streak,,,failed,False,2026-08-28T00:48:57.800361+09:00
Firewall Stub,,,failed,False,2026-08-21T00:30:19.986675+09:00
Firewall Studio,90.0,0.0,success,False,2026-08-17T21:33:30.231055+09:00
Firewall Suite,10.0,31.0,success,False,2026-08-17T23:27:58.060156+09:00
Firewall Sum,,,failed,False,2026-08-21T02:29:31.555266+09:00
Firewall Summary,10.0,0.0,success,False,2026-08-19T21:31:29.606643+09:00
Firewall Sync,,,failed,False,2026-08-17T21:36:12.498401+09:00
Firewall Tab,40.0,15.0,success,False,2026-08-21T00:31:05.602481+09:00
Firewall Table,110.0,2.0,success,False,2026-08-19T21:47:49.967174+09:00
Firewall Tag,,,failed,False,2026-08-19T13:27:59.144364+09:00
Firewall Tally,,,failed,False,2026-08-21T00:30:34.487987+09:00
Firewall Tariff,,,failed,False,2026-08-21T02:45:28.044980+09:00
Firewall Tax,,,failed,False,2026-08-21T02:13:25.435180+09:00
Firewall Ticket,,,failed,False,2026-08-19T21:32:03.032645+09:00
Firewall Tier,,,failed,False,2026-08-28T00:48:57.800361+09:00
Firewall Timeline,,,failed,False,2026-08-19T21:31:38.211604+09:00
Firewall Timer,,,failed,False,2026-08-28T00:27:12.240224+09:00
Firewall Toll,,,failed,False,2026-08-21T02:45:19.238792+09:00
Firewall Toolbox,,,failed,False,2026-08-28T00:27:14.671575+09:00
Firewall Toolkit,10.0,18.0,success,False,2026-08-18T23:51:02.851582+09:00
Firewall Total,,,failed,False,2026-08-27T23:15:25.030230+09:00
Firewall Tracker,20.0,19.0,success,False,2026-08-17T21:37:10.762781+09:00
Firewall Trail,30.0,0.0,success,False,2026-08-17T20:37:49.257868+09:00
Firewall Trend,30.0,46.0,success,False,2026-08-28T01:08:56.786303+09:00
Firewall Trial,10.0,10.0,success,False,2026-08-27T21:17:10.879829+09:00
Firewall Unit,40.0,100.0,success,False,2026-08-21T01:57:05.042237+09:00
Firewall Update,260.0,9.0,success,False,2026-08-19T20:45:53.854460+09:00
Firewall Value,,,failed,False,2026-08-23T02:52:28.484811+09:00
Firewall Vault,,,failed,False,2026-08-17T20:47:09.255931+09:00
Firewall Version,30.0,9.0,success,False,2026-08-23T03:15:41.007114+09:00
Firewall View,10.0,0.0,success,False,2026-08-19T20:45:18.016255+09:00
Firewall Voucher,,,failed,False,2026-08-21T00:30:05.948049+09:00
Firewall Watch,50.0,67.0,success,False,2026-08-17T20:40:03.112671+09:00
Firewall Wave,,,failed,False,2026-08-17T20:35:20.751202+09:00
Firewall Widget,,,failed,False,2026-08-27T23:15:25.030230+09:00
Firewall Workbench,,,failed,False,2026-08-18T23:51:02.851582+09:00
Firewall Worksheet,,,failed,False,2026-08-27T22:12:17.686005+09:00
Firewall Workshop,,,failed,False,2026-08-28T00:27:12.240224+09:00
Firewall Zone,880.0,6.0,success,False,2026-08-17T20:46:27.690682+09:00
Fitness Advance,40.0,3.0,success,False,2026-08-23T16:15:17.461758+09:00
Fitness Advisory,,,failed,False,2026-08-21T01:04:45.668721+09:00
Fitness Alert,70.0,1.0,success,False,2026-08-19T21:57:24.591826+09:00
Fitness Allowance,40.0,0.0,success,False,2026-08-21T02:43:14.426169+09:00
Fitness Analyzer,10.0,34.0,success,False,2026-08-27T23:53:29.478686+09:00
Fitness Arrears,,,failed,False,2026-08-23T16:15:17.461758+09:00
Fitness Asset,,,failed,False,2026-08-23T13:46:47.656789+09:00
Fitness Assistant,260.0,9.0,success,False,2026-08-19T21:52:07.578129+09:00
Fitness Attribute,,,failed,False,2026-08-23T13:05:20.503897+09:00
Fitness Badge,90.0,3.0,success,False,2026-08-21T00:28:44.167575+09:00
Fitness Base,880.0,5.0,success,False,2026-08-19T21:46:50.004607+09:00
Fitness Bay,720.0,2.0,success,False,2026-08-19T21:55:49.933305+09:00
Fitness Beacon,,,failed,False,2026-08-19T22:06:12.556669+09:00
Fitness Bill,40.0,22.0,success,False,2026-08-19T22:03:17.563220+09:00
Fitness Board,4400.0,94.0,success,False,2026-08-19T21:47:34.110436+09:00
Fitness Book,1900.0,88.0,success,False,2026-08-19T22:04:07.178529+09:00
Fitness Bridge,260.0,7.0,success,False,2026-08-19T22:06:44.272499+09:00
Fitness Brief,10.0,0.0,success,False,2026-08-21T01:04:28.874460+09:00
Fitness Bulletin,,,failed,False,2026-08-21T01:04:22.356565+09:00
Fitness Calendar,3600.0,84.0,success,False,2026-08-19T21:54:10.446339+09:00
Fitness Card,590.0,31.0,success,False,2026-08-19T21:59:23.737982+09:00
Fitness Cascade,,,failed,False,2026-08-19T22:06:35.304978+09:00
Fitness Cash,10.0,0.0,success,False,2026-08-21T02:26:32.701256+09:00
Fitness Cashback,,,failed,False,2026-08-27T21:18:35.629474+09:00
Fitness Category,260.0,0.0,success,False,2026-08-23T13:05:17.487653+09:00
Fitness Center,301000.0,6.0,success,False,2026-08-19T21:48:55.925505+09:00
Fitness Chain,90500.0,21.0,success,False,2026-08-19T21:50:37.216187+09:00
Fitness Charge,90.0,7.0,success,False,2026-08-21T02:43:04.921789+09:00
Fitness Chart,390.0,18.0,success,False,2026-08-19T21:57:37.806809+09:00
Fitness Check,1000.0,3.0,success,False,2026-08-19T21:59:46.400279+09:00
Fitness Checker,1000.0,3.0,success,False,2026-08-27T23:53:21.557901+09:00
Fitness Circular,,,failed,False,2026-08-21T01:05:11.632109+09:00
Fitness Code,2400.0,72.0,success,False,2026-08-19T22:03:36.532480+09:00
Fitness Companion,90.0,2.0,success,False,2026-08-19T21:52:57.085670+09:00
Fitness Comparison,40.0,0.0,success,False,2026-08-28T01:05:00.784184+09:00
Fitness Confirmation,,,failed,False,2026-08-21T01:04:52.081586+09:00
Fitness Console,90.0,90.0,success,False,2026-08-19T21:49:30.160580+09:00
Fitness Contribution,,,failed,False,2026-08-23T16:15:12.953510+09:00
Fitness Core,1900.0,3.0,success,False,2026-08-19T21:47:01.107836+09:00
Fitness Cost,880.0,4.0,success,False,2026-08-21T02:09:31.680775+09:00
Fitness Count,480.0,14.0,success,False,2026-08-27T22:44:16.144123+09:00
Fitness Counter,480.0,14.0,success,False,2026-08-19T21:55:00.630940+09:00
Fitness Coupon,70.0,19.0,success,False,2026-08-27T21:18:35.629474+09:00
Fitness Deal,320.0,52.0,success,False,2026-08-21T01:52:06.168283+09:00
Fitness Debt,10.0,0.0,success,False,2026-08-21T02:26:24.473700+09:00
Fitness Deck,260.0,100.0,success,False,2026-08-19T21:47:46.224144+09:00
Fitness Desk,90.0,100.0,success,False,2026-08-19T22:05:22.514727+09:00
Fitness Detail,50.0,1.0,success,False,2026-08-23T03:24:25.190204+09:00
Fitness Detector,,,failed,False,2026-08-27T23:53:26.856284+09:00
Fitness Diagram,110.0,0.0,success,False,2026-08-27T22:14:21.289312+09:00
Fitness Directory,50.0,4.0,success,False,2026-08-19T21:54:19.584048+09:00
Fitness Discount,2900.0,90.0,success,False,2026-08-23T16:15:06.058154+09:00
Fitness Dossier,,,failed,False,2026-08-21T01:05:06.601547+09:00
Fitness Downpayment,,,failed,False,2026-08-27T21:49:45.629659+09:00
Fitness Draft,,,failed,False,2026-08-19T22:01:57.019761+09:00
Fitness Due,,,failed,False,2026-08-23T15:51:51.217465+09:00
Fitness Duty,880.0,1.0,success,False,2026-08-21T02:43:07.410836+09:00
Fitness Engine,30.0,1.0,success,False,2026-08-19T21:51:58.682281+09:00
Fitness Entry,,,failed,False,2026-08-21T01:05:28.222738+09:00
Fitness Estimate,,,failed,False,2026-08-19T22:02:59.053365+09:00
Fitness Estimator,,,failed,False,2026-08-27T23:53:16.393422+09:00
Fitness Excerpt,,,failed,False,2026-08-21T01:05:23.608566+09:00
Fitness Fare,10.0,2.0,success,False,2026-08-21T02:09:39.165114+09:00
Fitness Fee,590.0,1.0,success,False,2026-08-21T01:51:47.599222+09:00
Fitness Feed,320.0,1.0,success,False,2026-08-19T22:01:48.957551+09:00
Fitness File,2400.0,0.0,success,True,2026-08-19T22:01:05.588899+09:00
Fitness Finder,1000.0,1.0,success,False,2026-08-19T21:54:39.483113+09:00
Fitness Fine,140.0,1.0,success,False,2026-08-23T02:57:53.053705+09:00
Fitness Flag,40.0,100.0,success,False,2026-08-21T00:29:35.718141+09:00
Fitness Flow,390.0,8.0,success,False,2026-08-19T22:05:01.387918+09:00
Fitness Forge,1600.0,2.0,success,False,2026-08-19T22:06:22.029176+09:00
Fitness Form,1600.0,2.0,success,False,2026-08-19T21:59:12.539055+09:00
Fitness Format,1600.0,2.0,success,False,2026-08-23T13:05:25.615596+09:00
Fitness Frame,90.0,85.0,success,False,2026-08-19T21:46:37.963751+09:00
Fitness Fund,390.0,12.0,success,False,2026-08-21T02:26:29.042609+09:00
Fitness Giveaway,90.0,69.0,success,False,2026-08-27T21:18:48.752837+09:00
Fitness Grade,,,failed,False,2026-08-21T00:29:13.109702+09:00
Fitness Grid,1900.0,2.0,success,False,2026-08-19T22:07:41.945033+09:00
Fitness Guarantee,10.0,0.0,success,False,2026-08-28T01:05:08.626878+09:00
Fitness Guardian,20.0,0.0,success,False,2026-08-28T00:23:35.070799+09:00
Fitness Helpdesk,,,failed,False,2026-08-27T22:44:19.444390+09:00
Fitness Helper,390.0,20.0,success,False,2026-08-28T00:23:37.982808+09:00
Fitness History,140.0,0.0,success,False,2026-08-19T22:00:55.317910+09:00
Fitness Hub,18100.0,4.0,success,False,2026-08-19T22:05:13.355108+09:00
Fitness Identifier,,,failed,False,2026-08-23T13:05:15.223495+09:00
Fitness Incentive,1900.0,7.0,success,False,2026-08-27T21:18:45.597821+09:00
Fitness Index,590.0,49.0,success,False,2026-08-19T22:02:37.152847+09:00
Fitness Installment,,,failed,False,2026-08-23T16:15:09.158473+09:00
Fitness Item,1000.0,96.0,success,False,2026-08-21T01:51:54.787871+09:00
Fitness Journal,3600.0,100.0,success,False,2026-08-19T21:53:47.413598+09:00
Fitness Keeper,10.0,0.0,success,False,2026-08-19T21:51:30.988224+09:00
Fitness Kiosk,140.0,1.0,success,False,2026-08-19T21:55:28.451912+09:00
Fitness Kit,2900.0,99.0,success,False,2026-08-27T22:44:11.984469+09:00
Fitness Lab,49500.0,10.0,success,False,2026-08-19T21:48:14.659198+09:00
Fitness Layout,40.0,7.0,success,False,2026-08-27T22:29:30.000621+09:00
Fitness Ledger,,,failed,False,2026-08-19T21:47:20.280191+09:00
Fitness Level,4400.0,6.0,success,False,2026-08-19T22:01:14.357219+09:00
Fitness Levy,,,failed,False,2026-08-23T13:46:50.376234+09:00
Fitness Line,5400.0,11.0,success,False,2026-08-19T21:58:27.685601+09:00
Fitness Link,140.0,5.0,success,False,2026-08-23T03:24:21.370472+09:00
Fitness List,110.0,18.0,success,False,2026-08-19T22:03:44.565114+09:00
Fitness Loan,320.0,41.0,success,False,2026-08-21T02:09:47.667221+09:00
Fitness Locator,320.0,29.0,success,False,2026-08-19T21:54:30.567883+09:00
Fitness Locker,170.0,71.0,success,False,2026-08-19T21:55:09.455728+09:00
Fitness Log,720.0,72.0,success,False,2026-08-19T21:59:04.972402+09:00
Fitness Loop,720.0,100.0,success,False,2026-08-19T22:07:28.246340+09:00
Fitness Manager,1000.0,7.0,success,False,2026-08-19T21:51:42.287097+09:00
Fitness Manual,50.0,6.0,success,False,2026-08-27T22:14:17.347960+09:00
Fitness Map,320.0,13.0,success,False,2026-08-19T21:46:29.828345+09:00
Fitness Margin,,,failed,False,2026-08-23T02:57:53.053705+09:00
Fitness Memo,10.0,14.0,success,False,2026-08-21T00:29:21.936028+09:00
Fitness Message,260.0,4.0,success,False,2026-08-27T23:10:24.868971+09:00
Fitness Monitor,880.0,100.0,success,False,2026-08-19T21:52:45.174751+09:00
Fitness Note,9900.0,14.0,success,False,2026-08-19T22:00:04.199605+09:00
Fitness Notification,210.0,0.0,success,False,2026-08-27T22:44:08.062899+09:00
Fitness Number,110.0,8.0,success,False,2026-08-23T03:24:13.637906+09:00
Fitness Office,880.0,17.0,success,False,2026-08-19T21:54:48.895899+09:00
Fitness Ops,,,failed,False,2026-08-19T21:53:24.173556+09:00
Fitness Order,10.0,14.0,success,False,2026-08-19T22:03:08.515859+09:00
Fitness Outpost,,,failed,False,2026-08-19T21:56:11.493537+09:00
Fitness Overage,,,failed,False,2026-08-27T21:49:45.629659+09:00
Fitness Overdue,,,failed,False,2026-08-27T21:49:38.109800+09:00
Fitness Panel,50.0,29.0,success,False,2026-08-19T21:49:39.376770+09:00
Fitness Pass,90500.0,14.0,success,False,2026-08-21T00:28:30.302130+09:00
Fitness Passport,74000.0,1.0,success,False,2026-08-19T21:57:59.626776+09:00
Fitness Path,90.0,1.0,success,False,2026-08-19T21:46:03.788347+09:00
Fitness Payoff,10.0,0.0,success,False,2026-08-27T21:49:42.725472+09:00
Fitness Petition,10.0,,success,False,2026-08-21T01:05:18.575555+09:00
Fitness Plan,6600.0,26.0,success,False,2026-08-21T01:52:03.394231+09:00
Fitness Playbook,,,failed,False,2026-08-19T21:53:34.201182+09:00
Fitness Plaza,4400.0,2.0,success,False,2026-08-19T21:56:20.786748+09:00
Fitness Point,22200.0,8.0,success,False,2026-08-19T21:46:17.017433+09:00
Fitness Portal,1000.0,5.0,success,False,2026-08-19T21:49:18.898188+09:00
Fitness Post,210.0,1.0,success,False,2026-08-19T21:55:57.867275+09:00
Fitness Preview,,,failed,False,2026-08-28T01:05:03.424573+09:00
Fitness Profile,390.0,8.0,success,False,2026-08-19T22:00:26.290780+09:00
Fitness Profit,50.0,5.0,success,False,2026-08-23T02:57:45.364347+09:00
Fitness Proposal,20.0,0.0,success,False,2026-08-28T01:05:06.027579+09:00
Fitness Quota,,,failed,False,2026-08-21T00:29:27.962730+09:00
Fitness Radar,90.0,19.0,success,False,2026-08-19T22:05:35.780904+09:00
Fitness Rail,,,failed,False,2026-08-19T21:50:15.861548+09:00
Fitness Rate,50.0,2.0,success,False,2026-08-19T22:01:23.897474+09:00
Fitness Recap,10.0,0.0,success,False,2026-08-21T01:05:20.057524+09:00
Fitness Receipt,70.0,0.0,success,False,2026-08-19T22:03:26.204468+09:00
Fitness Recorder,10.0,87.0,success,False,2026-08-27T23:33:05.663722+09:00
Fitness Registry,320.0,3.0,success,False,2026-08-19T21:53:57.995655+09:00
Fitness Relay,90.0,0.0,success,False,2026-08-19T22:05:43.764657+09:00
Fitness Reminder,90.0,6.0,success,False,2026-08-19T22:02:29.042116+09:00
Fitness Report,390.0,1.0,success,False,2026-08-19T21:58:54.005326+09:00
Fitness Ring,49500.0,100.0,success,False,2026-08-19T21:50:49.199189+09:00
Fitness Roll,1000.0,100.0,success,False,2026-08-19T21:58:45.118789+09:00
Fitness Roster,10.0,0.0,success,False,2026-08-19T21:57:05.603826+09:00
Fitness Route,50.0,1.0,success,False,2026-08-19T21:50:02.656663+09:00
Fitness Rule,390.0,1.0,success,False,2026-08-23T03:24:21.370472+09:00
Fitness Sale,590.0,96.0,success,False,2026-08-21T02:26:36.939016+09:00
Fitness Scale,1000.0,100.0,success,False,2026-08-19T21:49:51.324073+09:00
Fitness Scanner,260.0,20.0,success,False,2026-08-27T23:53:23.914629+09:00
Fitness Scheduler,590.0,5.0,success,False,2026-08-19T21:52:31.796696+09:00
Fitness Scope,10.0,0.0,success,False,2026-08-19T22:07:18.055706+09:00
Fitness Score,480.0,0.0,success,False,2026-08-19T21:59:55.438905+09:00
Fitness Sheet,1300.0,80.0,success,False,2026-08-19T21:59:32.934011+09:00
Fitness Shortfall,,,failed,False,2026-08-27T21:49:48.123433+09:00
Fitness Signal,40.0,0.0,success,False,2026-08-19T22:06:53.339068+09:00
Fitness Signature,50.0,47.0,success,False,2026-08-23T13:27:09.032773+09:00
Fitness Slip,30.0,55.0,success,False,2026-08-19T22:04:17.404214+09:00
Fitness Slot,,,failed,False,2026-08-19T22:04:38.551336+09:00
Fitness Stake,,,failed,False,2026-08-23T02:57:50.579977+09:00
Fitness Statement,70.0,0.0,success,False,2026-08-21T00:28:59.306676+09:00
Fitness Station,8100.0,82.0,success,False,2026-08-19T21:48:27.069382+09:00
Fitness Status,720.0,0.0,success,False,2026-08-19T22:00:37.818778+09:00
Fitness Stipend,30.0,2.0,success,False,2026-08-23T13:46:50.376234+09:00
Fitness Streak,90.0,0.0,success,False,2026-08-28T00:47:13.320687+09:00
Fitness Stub,,,failed,False,2026-08-21T00:28:53.322616+09:00
Fitness Studio,135000.0,12.0,success,False,2026-08-19T21:48:00.610703+09:00
Fitness Subsidy,50.0,1.0,success,False,2026-08-23T15:51:53.307481+09:00
Fitness Sum,,,failed,False,2026-08-21T02:26:21.259847+09:00
Fitness Summary,170.0,0.0,success,False,2026-08-19T22:02:05.634117+09:00
Fitness Surtax,,,failed,False,2026-08-23T15:51:55.644106+09:00
Fitness Tab,480.0,27.0,success,False,2026-08-21T00:29:43.441391+09:00
Fitness Table,480.0,48.0,success,False,2026-08-19T22:03:56.439657+09:00
Fitness Tag,210.0,1.0,success,False,2026-08-19T22:00:16.178777+09:00
Fitness Tally,,,failed,False,2026-08-21T00:29:07.557420+09:00
Fitness Tariff,,,failed,False,2026-08-21T02:43:19.046773+09:00
Fitness Tax,70.0,0.0,success,False,2026-08-21T02:09:44.145059+09:00
Fitness Terminal,590.0,4.0,success,False,2026-08-19T21:48:40.966338+09:00
Fitness Ticker,10.0,0.0,success,False,2026-08-19T21:58:19.577733+09:00
Fitness Ticket,20.0,10.0,success,False,2026-08-19T22:02:47.197172+09:00
Fitness Tier,10.0,0.0,success,False,2026-08-28T00:47:13.320687+09:00
Fitness Timeline,1300.0,4.0,success,False,2026-08-19T22:02:16.192857+09:00
Fitness Timer,6600.0,72.0,success,False,2026-08-28T00:23:32.387348+09:00
Fitness Token,20.0,0.0,success,False,2026-08-23T13:27:09.032773+09:00
Fitness Toll,,,failed,False,2026-08-21T02:43:10.515094+09:00
Fitness Toolbox,10.0,,success,False,2026-08-28T00:23:37.982808+09:00
Fitness Total,880.0,11.0,success,False,2026-08-27T23:10:24.868971+09:00
Fitness Tower,1000.0,100.0,success,False,2026-08-19T21:56:48.069412+09:00
Fitness Tracker,135000.0,100.0,success,False,2026-08-19T22:04:49.676934+09:00
Fitness Trail,2400.0,4.0,success,False,2026-08-19T21:50:26.967968+09:00
Fitness Trend,2900.0,7.0,success,False,2026-08-28T01:04:57.702842+09:00
Fitness Trial,140.0,64.0,success,False,2026-08-27T21:18:45.597821+09:00
Fitness Unit,90.0,66.0,success,False,2026-08-21T01:51:57.784692+09:00
Fitness Update,590.0,40.0,success,False,2026-08-19T22:01:35.806950+09:00
Fitness Value,90.0,1.0,success,False,2026-08-23T02:57:47.800883+09:00
Fitness Vault,260.0,4.0,success,False,2026-08-19T22:05:51.290848+09:00
Fitness Version,,,failed,False,2026-08-23T03:24:18.387553+09:00
Fitness View,480.0,1.0,success,False,2026-08-19T22:00:47.598420+09:00
Fitness Voucher,140.0,85.0,success,False,2026-08-21T00:28:39.996166+09:00
Fitness Watch,60500.0,100.0,success,False,2026-08-19T22:07:06.557200+09:00
Fitness Widget,880.0,0.0,success,False,2026-08-27T23:10:28.498213+09:00
Fitness Window,20.0,0.0,success,False,2026-08-19T21:58:36.842594+09:00
Fitness Worksheet,110.0,13.0,success,False,2026-08-27T22:14:17.347960+09:00
Fitness Workshop,880.0,6.0,success,False,2026-08-28T00:23:32.387348+09:00
Fitness Yard,1900.0,4.0,success,False,2026-08-19T21:55:36.980585+09:00
Fitness Zone,33100.0,5.0,success,False,2026-08-19T21:49:09.518107+09:00
Fleet Advance,40.0,18.0,success,False,2026-08-23T16:13:37.104049+09:00
Fleet Advisory,10.0,15.0,success,False,2026-08-21T00:58:40.847726+09:00
Fleet Allowance,10.0,4.0,success,False,2026-08-21T02:40:21.955150+09:00
Fleet Almanac,,,failed,False,2026-08-18T22:05:47.884963+09:00
Fleet Analyzer,50.0,21.0,success,False,2026-08-27T23:52:13.665480+09:00
Fleet Anchor,,,failed,False,2026-08-18T07:52:17.361320+09:00
Fleet Announcement,,,failed,False,2026-08-27T23:32:26.212741+09:00
Fleet Arrears,,,failed,False,2026-08-23T16:13:34.147754+09:00
Fleet Asset,110.0,16.0,success,False,2026-08-23T13:46:16.255562+09:00
Fleet Assistant,590.0,3.0,success,False,2026-08-17T23:04:42.962346+09:00
Fleet Atlas,,,failed,False,2026-08-17T20:36:52.122948+09:00
Fleet Attribute,,,failed,False,2026-08-23T13:05:07.059909+09:00
Fleet Badge,20.0,5.0,success,False,2026-08-21T00:27:51.416222+09:00
Fleet Balance,10.0,0.0,success,False,2026-08-23T13:46:16.255562+09:00
Fleet Base,1600.0,7.0,success,False,2026-08-17T20:33:33.696511+09:00
Fleet Beacon,90.0,0.0,success,False,2026-08-17T20:31:46.547401+09:00
Fleet Bill,,,failed,False,2026-08-19T21:45:58.620929+09:00
Fleet Blueprint,,,failed,False,2026-08-18T22:05:38.221943+09:00
Fleet Board,2900.0,14.0,success,False,2026-08-18T07:52:37.222006+09:00
Fleet Book,590.0,18.0,success,False,2026-08-19T21:46:58.234898+09:00
Fleet Bridge,110.0,9.0,success,False,2026-08-18T07:52:03.741881+09:00
Fleet Brief,,,failed,False,2026-08-21T00:58:32.149871+09:00
Fleet Bulletin,,,failed,False,2026-08-21T00:58:27.692575+09:00
Fleet Calculator,70.0,26.0,success,False,2026-08-27T23:32:26.212741+09:00
Fleet Calendar,20.0,13.0,success,False,2026-08-18T23:57:35.193051+09:00
Fleet Card,27100.0,31.0,success,False,2026-08-19T13:21:15.307510+09:00
Fleet Cascade,,,failed,False,2026-08-17T20:32:39.820797+09:00
Fleet Cash,10.0,14.0,success,False,2026-08-21T02:24:19.138497+09:00
Fleet Cashback,,,failed,False,2026-08-27T21:16:21.669078+09:00
Fleet Catalog,20.0,10.0,success,False,2026-08-19T21:12:12.315865+09:00
Fleet Category,10.0,0.0,success,False,2026-08-23T13:05:04.506045+09:00
Fleet Center,2400.0,34.0,success,False,2026-08-17T20:34:23.568448+09:00
Fleet Chain,,,failed,False,2026-08-17T20:41:13.511022+09:00
Fleet Charge,1000.0,36.0,success,False,2026-08-21T02:40:11.455485+09:00
Fleet Check,2900.0,12.0,success,False,2026-08-19T13:22:01.413587+09:00
Fleet Checker,2900.0,12.0,success,False,2026-08-27T23:52:05.723363+09:00
Fleet Checklist,30.0,17.0,success,False,2026-08-19T21:11:17.911454+09:00
Fleet Circular,,,failed,False,2026-08-21T01:00:03.837469+09:00
Fleet Cockpit,30.0,17.0,success,False,2026-08-17T23:06:45.787789+09:00
Fleet Code,320.0,2.0,success,False,2026-08-19T21:46:20.188818+09:00
Fleet Codex,,,failed,False,2026-08-18T22:06:03.591349+09:00
Fleet Companion,10.0,13.0,success,False,2026-08-17T23:13:20.544847+09:00
Fleet Comparison,20.0,5.0,success,False,2026-08-28T01:03:25.191639+09:00
Fleet Compass,210.0,10.0,success,False,2026-08-17T20:32:55.422953+09:00
Fleet Compendium,,,failed,False,2026-08-18T22:05:55.715721+09:00
Fleet Confirmation,,,failed,False,2026-08-21T00:58:49.473587+09:00
Fleet Console,20.0,0.0,success,False,2026-08-18T07:43:31.933030+09:00
Fleet Core,14800.0,32.0,success,False,2026-08-17T20:32:26.534581+09:00
Fleet Cost,140.0,12.0,success,False,2026-08-21T02:08:19.202315+09:00
Fleet Count,480.0,0.0,success,False,2026-08-27T22:44:33.124302+09:00
Fleet Counter,,,failed,False,2026-08-18T23:57:07.963291+09:00
Fleet Coupon,20.0,10.0,success,False,2026-08-27T21:16:19.259868+09:00
Fleet Dashboard,480.0,22.0,success,False,2026-08-17T23:06:20.939022+09:00
Fleet Deal,70.0,23.0,success,False,2026-08-21T01:51:47.599222+09:00
Fleet Debt,10.0,4.0,success,False,2026-08-21T02:24:08.080909+09:00
Fleet Deck,70.0,6.0,success,False,2026-08-17T20:39:06.787331+09:00
Fleet Depot,170.0,2.0,success,False,2026-08-18T23:58:17.460804+09:00
Fleet Desk,50.0,15.0,success,False,2026-08-17T20:36:48.387810+09:00
Fleet Detail,,,failed,False,2026-08-23T03:15:32.798139+09:00
Fleet Detector,,,failed,False,2026-08-27T23:52:10.807826+09:00
Fleet Diagram,,,failed,False,2026-08-27T22:11:07.504968+09:00
Fleet Dial,,,failed,False,2026-08-17T20:32:02.325008+09:00
Fleet Digest,10.0,17.0,success,False,2026-08-19T20:41:03.972806+09:00
Fleet Directory,50.0,14.0,success,False,2026-08-18T23:57:46.664132+09:00
Fleet Discount,210.0,12.0,success,False,2026-08-23T16:13:26.521734+09:00
Fleet Dock,10.0,0.0,success,False,2026-08-17T20:43:46.830313+09:00
Fleet Dossier,,,failed,False,2026-08-21T00:58:54.317507+09:00
Fleet Downpayment,,,failed,False,2026-08-27T21:47:32.265892+09:00
Fleet Draft,,,failed,False,2026-08-19T20:41:22.304179+09:00
Fleet Duty,,,failed,False,2026-08-21T02:40:14.671503+09:00
Fleet Entry,10.0,0.0,success,False,2026-08-21T00:59:08.363801+09:00
Fleet Estimate,,,failed,False,2026-08-19T21:12:02.105513+09:00
Fleet Estimator,,,failed,False,2026-08-27T23:52:02.296949+09:00
Fleet Excerpt,,,failed,False,2026-08-21T00:59:03.951352+09:00
Fleet Extension,10.0,0.0,success,False,2026-08-23T16:38:38.724720+09:00
Fleet Fare,10.0,5.0,success,False,2026-08-21T02:08:27.719210+09:00
Fleet Fee,368000.0,82.0,success,False,2026-08-21T01:51:32.906314+09:00
Fleet Feed,368000.0,82.0,success,False,2026-08-19T20:41:13.496418+09:00
Fleet Field,1900.0,5.0,success,False,2026-08-23T13:05:12.905502+09:00
Fleet File,50.0,0.0,success,False,2026-08-19T20:40:28.949050+09:00
Fleet Finder,720.0,19.0,success,False,2026-08-18T23:58:04.745440+09:00
Fleet Fine,,,failed,False,2026-08-23T02:52:26.045301+09:00
Fleet Flag,30.0,1.0,success,False,2026-08-21T00:28:44.167575+09:00
Fleet Flow,170.0,23.0,success,False,2026-08-17T20:39:31.272188+09:00
Fleet Forge,20.0,0.0,success,False,2026-08-18T07:51:58.234946+09:00
Fleet Form,90.0,14.0,success,False,2026-08-19T13:20:57.045829+09:00
Fleet Format,,,failed,False,2026-08-23T13:05:15.223495+09:00
Fleet Frame,10.0,12.0,success,False,2026-08-17T20:34:29.454165+09:00
Fleet Fund,70.0,18.0,success,False,2026-08-21T02:24:14.838617+09:00
Fleet Gate,,,failed,False,2026-08-17T20:38:40.859557+09:00
Fleet Generator,10.0,21.0,success,False,2026-08-27T23:32:36.959010+09:00
Fleet Giveaway,,,failed,False,2026-08-27T21:16:26.164499+09:00
Fleet Grade,,,failed,False,2026-08-21T00:28:20.735517+09:00
Fleet Graph,,,failed,False,2026-08-27T22:10:59.501612+09:00
Fleet Grid,20.0,6.0,success,False,2026-08-17T20:41:38.152103+09:00
Fleet Guard,49500.0,25.0,success,False,2026-08-17T20:33:01.756540+09:00
Fleet Guardian,40.0,31.0,success,False,2026-08-28T00:22:28.798439+09:00
Fleet Guidebook,,,failed,False,2026-08-18T22:05:19.741515+09:00
Fleet Helpdesk,,,failed,False,2026-08-27T22:44:35.371350+09:00
Fleet Helper,70.0,6.0,success,False,2026-08-28T00:22:34.191902+09:00
Fleet History,50.0,0.0,success,False,2026-08-19T20:40:20.062336+09:00
Fleet Hotline,,,failed,False,2026-08-19T21:12:26.316955+09:00
Fleet Hub,3600.0,7.0,success,False,2026-08-17T20:38:36.286112+09:00
Fleet Identifier,,,failed,False,2026-08-23T13:05:00.300804+09:00
Fleet Incentive,20.0,7.0,success,False,2026-08-27T21:16:26.164499+09:00
Fleet Index,,,failed,False,2026-08-19T21:11:27.369189+09:00
Fleet Insight,1600.0,21.0,success,False,2026-08-17T23:04:46.904606+09:00
Fleet Installment,,,failed,False,2026-08-23T16:13:26.521734+09:00
Fleet Item,,,failed,False,2026-08-21T01:51:35.759053+09:00
Fleet Journal,30.0,0.0,success,False,2026-08-18T22:05:00.347281+09:00
Fleet Keeper,10.0,31.0,success,False,2026-08-17T20:34:53.035348+09:00
Fleet Kit,40.0,96.0,success,False,2026-08-27T22:44:24.073756+09:00
Fleet Lab,720.0,4.0,success,False,2026-08-17T20:37:16.947301+09:00
Fleet Label,10.0,9.0,success,False,2026-08-27T22:11:01.897181+09:00
Fleet Ledger,,,failed,False,2026-08-18T07:52:37.222006+09:00
Fleet Lens,,,failed,False,2026-08-17T20:35:22.813816+09:00
Fleet Level,210.0,0.0,success,False,2026-08-19T20:40:35.383963+09:00
Fleet Link,2900.0,8.0,success,False,2026-08-23T03:15:24.852114+09:00
Fleet List,1000.0,1.0,success,False,2026-08-19T21:46:33.632095+09:00
Fleet Loan,90.0,37.0,success,False,2026-08-21T02:08:41.527197+09:00
Fleet Locator,260.0,24.0,success,False,2026-08-18T23:57:56.092399+09:00
Fleet Lock,20.0,12.0,success,False,2026-08-17T20:37:19.032635+09:00
Fleet Locker,,,failed,False,2026-08-19T00:23:43.046041+09:00
Fleet Log,880.0,12.0,success,False,2026-08-19T13:25:04.340704+09:00
Fleet Loop,50.0,6.0,success,False,2026-08-17T20:42:21.345142+09:00
Fleet Manager,14800.0,14.0,success,False,2026-08-17T20:34:03.344800+09:00
Fleet Manual,20.0,3.0,success,False,2026-08-27T22:11:05.293773+09:00
Fleet Map,880.0,11.0,success,False,2026-08-17T20:36:20.228244+09:00
Fleet Margin,,,failed,False,2026-08-23T02:52:23.717366+09:00
Fleet Marker,1000.0,100.0,success,False,2026-08-23T13:26:55.054155+09:00
Fleet Markup,,,failed,False,2026-08-23T16:38:36.406605+09:00
Fleet Memo,,,failed,False,2026-08-21T00:28:30.302130+09:00
Fleet Message,,,failed,False,2026-08-27T23:10:17.409830+09:00
Fleet Meter,,,failed,False,2026-08-18T07:43:23.332018+09:00
Fleet Metrics,110.0,8.0,success,False,2026-08-17T23:11:40.322748+09:00
Fleet Monitor,170.0,25.0,success,False,2026-08-17T23:04:25.350258+09:00
Fleet Navigator,50.0,40.0,success,False,2026-08-17T23:06:37.704524+09:00
Fleet Nexus,,,failed,False,2026-08-17T20:37:51.221015+09:00
Fleet Node,,,failed,False,2026-08-17T20:39:33.830984+09:00
Fleet Note,140.0,20.0,success,False,2026-08-19T13:23:03.025983+09:00
Fleet Notification,,,failed,False,2026-08-27T22:44:19.444390+09:00
Fleet Number,720.0,3.0,success,False,2026-08-23T03:15:19.125629+09:00
Fleet Office,720.0,6.0,success,False,2026-08-18T23:52:29.838132+09:00
Fleet Ops,1900.0,8.0,success,False,2026-08-17T23:08:04.686791+09:00
Fleet Order,210.0,7.0,success,False,2026-08-19T21:54:30.567883+09:00
Fleet Organizer,10.0,29.0,success,False,2026-08-17T23:04:50.362686+09:00
Fleet Overage,,,failed,False,2026-08-27T21:47:29.918815+09:00
Fleet Overdue,,,failed,False,2026-08-27T21:47:24.586892+09:00
Fleet Panel,,,failed,False,2026-08-18T07:43:33.708043+09:00
Fleet Pass,320.0,56.0,success,False,2026-08-21T00:27:34.970005+09:00
Fleet Path,50.0,18.0,success,False,2026-08-17T20:39:11.470645+09:00
Fleet Payoff,,,failed,False,2026-08-27T21:47:27.442070+09:00
Fleet Penalty,,,failed,False,2026-08-23T16:38:33.746405+09:00
Fleet Petition,,,failed,False,2026-08-21T00:58:44.836971+09:00
Fleet Pilot,110.0,36.0,success,False,2026-08-17T20:37:47.401646+09:00
Fleet Plan,880.0,12.0,success,False,2026-08-21T01:51:43.156382+09:00
Fleet Planner,320.0,21.0,success,False,2026-08-17T23:10:31.513884+09:00
Fleet Playbook,,,failed,False,2026-08-18T22:04:51.222507+09:00
Fleet Point,140.0,3.0,success,False,2026-08-17T20:38:13.537846+09:00
Fleet Portal,1900.0,6.0,success,False,2026-08-17T20:32:21.226449+09:00
Fleet Preview,10.0,0.0,success,False,2026-08-28T01:03:27.794966+09:00
Fleet Profile,30.0,1.0,success,False,2026-08-19T13:23:25.617100+09:00
Fleet Profit,,,failed,False,2026-08-23T02:55:02.071314+09:00
Fleet Proposal,,,failed,False,2026-08-28T01:03:30.600111+09:00
Fleet Pulse,170.0,6.0,success,False,2026-08-17T20:40:51.053535+09:00
Fleet Queue,10.0,,success,False,2026-08-19T21:11:50.782037+09:00
Fleet Quota,,,failed,False,2026-08-21T00:28:35.603528+09:00
Fleet Radar,260.0,23.0,success,False,2026-08-17T20:35:50.076535+09:00
Fleet Rail,30.0,0.0,success,False,2026-08-17T20:42:50.595044+09:00
Fleet Rank,50.0,0.0,success,False,2026-08-28T00:46:30.511685+09:00
Fleet Rate,50.0,8.0,success,False,2026-08-19T20:40:42.900088+09:00
Fleet Recap,,,failed,False,2026-08-21T01:00:08.450743+09:00
Fleet Receipt,,,failed,False,2026-08-19T21:46:11.490049+09:00
Fleet Recorder,,,failed,False,2026-08-27T23:32:36.959010+09:00
Fleet Redemption,,,failed,False,2026-08-23T16:38:38.724720+09:00
Fleet Register,480.0,4.0,success,False,2026-08-17T23:08:30.361207+09:00
Fleet Registry,,,failed,False,2026-08-18T22:05:30.177500+09:00
Fleet Relay,10.0,8.0,success,False,2026-08-17T20:34:48.922886+09:00
Fleet Reminder,,,failed,False,2026-08-19T21:11:07.162763+09:00
Fleet Report,390.0,10.0,success,False,2026-08-19T13:24:56.019665+09:00
Fleet Roadmap,10.0,2.0,success,False,2026-08-18T22:06:14.738388+09:00
Fleet Roster,140.0,0.0,success,False,2026-08-19T00:36:38.202359+09:00
Fleet Route,140.0,15.0,success,False,2026-08-17T20:44:33.462366+09:00
Fleet Rule,,,failed,False,2026-08-23T03:15:28.674871+09:00
Fleet Sale,1600.0,64.0,success,False,2026-08-21T02:24:23.153426+09:00
Fleet Sample,10.0,0.0,success,False,2026-08-19T21:47:24.408619+09:00
Fleet Scale,170.0,49.0,success,False,2026-08-18T07:43:25.661274+09:00
Fleet Scanner,40.0,13.0,success,False,2026-08-27T23:52:05.723363+09:00
Fleet Scheduler,590.0,9.0,success,False,2026-08-17T23:10:04.608173+09:00
Fleet Scope,,,failed,False,2026-08-17T20:43:18.551816+09:00
Fleet Score,210.0,0.0,success,False,2026-08-19T13:22:52.997590+09:00
Fleet Sentry,,,failed,False,2026-08-17T20:35:52.510868+09:00
Fleet Sheet,260.0,4.0,success,False,2026-08-19T13:21:49.505722+09:00
Fleet Shortfall,,,failed,False,2026-08-27T21:47:35.080437+09:00
Fleet Signal,30.0,13.0,success,False,2026-08-17T20:45:12.889782+09:00
Fleet Slip,,,failed,False,2026-08-19T21:47:08.663103+09:00
Fleet Slot,,,failed,False,2026-08-19T21:47:40.553023+09:00
Fleet Snapshot,,,failed,False,2026-08-18T22:05:11.798475+09:00
Fleet Stake,,,failed,False,2026-08-23T02:55:10.666436+09:00
Fleet Stamp,,,failed,False,2026-08-23T13:26:57.143655+09:00
Fleet Statement,,,failed,False,2026-08-21T00:28:09.542795+09:00
Fleet Station,5400.0,4.0,success,False,2026-08-17T20:36:17.521162+09:00
Fleet Status,90.0,0.0,success,False,2026-08-19T20:40:02.454787+09:00
Fleet Stub,,,failed,False,2026-08-21T00:27:57.987466+09:00
Fleet Studio,320.0,0.0,success,False,2026-08-17T20:38:11.520193+09:00
Fleet Subsidy,,,failed,False,2026-08-23T15:51:20.195828+09:00
Fleet Suite,20.0,20.0,success,False,2026-08-17T23:08:23.954708+09:00
Fleet Sum,,,failed,False,2026-08-21T02:24:04.256033+09:00
Fleet Summary,20.0,4.0,success,False,2026-08-19T21:10:42.484655+09:00
Fleet Sync,70.0,20.0,success,False,2026-08-18T07:43:57.402622+09:00
Fleet Tab,170.0,6.0,success,False,2026-08-21T00:28:49.114338+09:00
Fleet Table,,,failed,False,2026-08-19T21:46:45.064278+09:00
Fleet Tag,70.0,14.0,success,False,2026-08-19T13:23:14.484254+09:00
Fleet Tally,,,failed,False,2026-08-21T00:28:13.699286+09:00
Fleet Tariff,,,failed,False,2026-08-21T02:40:27.519765+09:00
Fleet Tax,30.0,4.0,success,False,2026-08-21T02:08:33.058112+09:00
Fleet Ticket,880.0,36.0,success,False,2026-08-19T21:11:39.725993+09:00
Fleet Tier,,,failed,False,2026-08-28T00:46:30.511685+09:00
Fleet Timeline,,,failed,False,2026-08-19T21:10:55.875332+09:00
Fleet Timer,,,failed,False,2026-08-28T00:22:23.551401+09:00
Fleet Token,20.0,0.0,success,False,2026-08-23T13:26:55.054155+09:00
Fleet Toll,20.0,11.0,success,False,2026-08-21T02:40:18.502872+09:00
Fleet Toolbox,20.0,29.0,success,False,2026-08-28T00:22:31.262546+09:00
Fleet Toolkit,,,failed,False,2026-08-18T22:04:40.579410+09:00
Fleet Total,390.0,41.0,success,False,2026-08-27T23:10:17.409830+09:00
Fleet Tracker,12100.0,55.0,success,False,2026-08-17T20:31:52.293572+09:00
Fleet Trail,20.0,0.0,success,False,2026-08-17T20:42:01.579820+09:00
Fleet Trend,40.0,11.0,success,False,2026-08-28T01:03:21.195109+09:00
Fleet Trial,,,failed,False,2026-08-27T21:16:23.936714+09:00
Fleet Unit,70.0,1.0,success,False,2026-08-21T02:05:48.650139+09:00
Fleet Update,40.0,3.0,success,False,2026-08-19T20:40:53.028403+09:00
Fleet Value,70.0,6.0,success,False,2026-08-23T02:55:08.559599+09:00
Fleet Vault,,,failed,False,2026-08-17T20:34:01.116253+09:00
Fleet Version,20.0,0.0,success,False,2026-08-23T03:15:22.651664+09:00
Fleet View,3600.0,11.0,success,False,2026-08-19T20:40:08.745376+09:00
Fleet Voucher,,,failed,False,2026-08-21T00:27:42.259289+09:00
Fleet Wallet,,,failed,False,2026-08-27T22:44:27.817073+09:00
Fleet Watch,2900.0,32.0,success,False,2026-08-17T20:44:11.907751+09:00
Fleet Wave,110.0,42.0,success,False,2026-08-17T20:40:05.754832+09:00
Fleet Widget,10.0,0.0,success,False,2026-08-27T23:10:19.958354+09:00
Fleet Workbench,,,failed,False,2026-08-18T22:04:29.881802+09:00
Fleet Worksheet,,,failed,False,2026-08-27T22:11:05.293773+09:00
Fleet Yard,880.0,4.0,success,False,2026-08-19T00:36:36.073889+09:00
Fleet Zone,30.0,7.0,success,False,2026-08-17T20:33:30.325030+09:00
Flight Advance,90.0,4.0,success,False,2026-08-23T16:16:21.487176+09:00
Flight Advisory,1000.0,16.0,success,False,2026-08-21T01:06:19.538829+09:00
Flight Allowance,110.0,2.0,success,False,2026-08-21T02:43:35.121601+09:00
Flight Almanac,10.0,0.0,success,False,2026-08-18T22:08:59.053528+09:00
Flight Analyzer,70.0,2.0,success,False,2026-08-27T23:58:08.716476+09:00
Flight Anchor,,,failed,False,2026-08-17T23:30:19.900529+09:00
Flight Announcement,1900.0,0.0,success,True,2026-08-27T23:36:17.600549+09:00
Flight Arrears,,,failed,False,2026-08-23T16:16:17.008573+09:00
Flight Asset,,,failed,False,2026-08-23T13:48:04.421871+09:00
Flight Assistant,1600.0,5.0,success,False,2026-08-17T23:26:34.514876+09:00
Flight Atlas,480.0,3.0,success,False,2026-08-17T23:25:51.814430+09:00
Flight Attribute,,,failed,False,2026-08-23T13:09:00.936814+09:00
Flight Badge,320.0,31.0,success,False,2026-08-21T00:33:34.783519+09:00
Flight Balance,20.0,0.0,success,False,2026-08-23T13:48:00.316866+09:00
Flight Base,1900.0,10.0,success,False,2026-08-17T23:32:21.137516+09:00
Flight Beacon,30.0,2.0,success,False,2026-08-17T23:29:49.351305+09:00
Flight Bill,90.0,3.0,success,False,2026-08-19T21:59:23.737982+09:00
Flight Blueprint,40.0,0.0,success,False,2026-08-18T22:08:50.050771+09:00
Flight Board,9900.0,32.0,success,False,2026-08-17T23:12:24.724350+09:00
Flight Book,1000000.0,70.0,success,False,2026-08-19T22:00:16.178777+09:00
Flight Bridge,1300.0,0.0,success,True,2026-08-17T23:11:08.683373+09:00
Flight Brief,390.0,6.0,success,False,2026-08-21T01:06:10.948985+09:00
Flight Bulletin,,,failed,False,2026-08-21T01:06:07.369655+09:00
Flight Calculator,3600.0,7.0,success,False,2026-08-27T23:36:17.600549+09:00
Flight Calendar,1600.0,35.0,success,False,2026-08-18T23:59:47.446594+09:00
Flight Card,1600.0,23.0,success,False,2026-08-19T13:31:59.823844+09:00
Flight Cascade,,,failed,False,2026-08-17T23:30:05.459796+09:00
Flight Cash,210.0,4.0,success,False,2026-08-21T02:28:28.588606+09:00
Flight Cashback,390.0,43.0,success,False,2026-08-27T21:18:29.046782+09:00
Flight Catalog,30.0,1.0,success,False,2026-08-19T21:17:29.124164+09:00
Flight Category,320.0,0.0,success,False,2026-08-23T13:08:56.247878+09:00
Flight Center,60500.0,44.0,success,False,2026-08-17T23:08:49.702335+09:00
Flight Chain,210.0,5.0,success,False,2026-08-17T23:13:43.600383+09:00
Flight Charge,14800.0,55.0,success,False,2026-08-21T02:43:25.318568+09:00
Flight Check,74000.0,15.0,success,False,2026-08-19T13:32:18.631834+09:00
Flight Checker,74000.0,15.0,success,False,2026-08-27T23:58:03.075368+09:00
Flight Checklist,74000.0,15.0,success,False,2026-08-19T21:16:30.496623+09:00
Flight Circular,,,failed,False,2026-08-21T01:06:16.364943+09:00
Flight Cockpit,2400.0,30.0,success,False,2026-08-17T23:15:02.433018+09:00
Flight Code,12100.0,1.0,success,False,2026-08-19T21:59:46.400279+09:00
Flight Codex,,,failed,False,2026-08-18T22:09:15.023895+09:00
Flight Companion,320.0,4.0,success,False,2026-08-17T23:27:48.723968+09:00
Flight Comparison,14800.0,73.0,success,False,2026-08-28T01:08:15.051453+09:00
Flight Compass,260.0,11.0,success,False,2026-08-17T23:09:34.502992+09:00
Flight Compendium,,,failed,False,2026-08-18T22:09:07.653451+09:00
Flight Confirmation,3600.0,4.0,success,False,2026-08-21T01:06:30.195338+09:00
Flight Console,90.0,70.0,success,False,2026-08-17T23:23:24.651550+09:00
Flight Contribution,,,failed,False,2026-08-23T16:16:13.507688+09:00
Flight Core,480.0,2.0,success,False,2026-08-17T23:05:14.518937+09:00
Flight Cost,5400.0,25.0,success,False,2026-08-21T02:12:49.636286+09:00
Flight Count,140.0,4.0,success,False,2026-08-27T22:50:09.773795+09:00
Flight Counter,140.0,4.0,success,False,2026-08-19T00:00:40.903706+09:00
Flight Coupon,2900.0,68.0,success,False,2026-08-27T21:18:26.738212+09:00
Flight Dashboard,260.0,2.0,success,False,2026-08-17T23:27:34.340862+09:00
Flight Deal,74000.0,51.0,success,False,2026-08-21T01:57:40.883576+09:00
Flight Debt,,,failed,False,2026-08-21T02:28:22.675348+09:00
Flight Deck,27100.0,6.0,success,False,2026-08-17T23:32:49.252049+09:00
Flight Depot,70.0,7.0,success,False,2026-08-19T00:00:25.348270+09:00
Flight Desk,390.0,12.0,success,False,2026-08-17T23:07:51.294970+09:00
Flight Detail,14800.0,14.0,success,False,2026-08-23T03:22:34.004366+09:00
Flight Detector,1900.0,5.0,success,False,2026-08-27T23:58:05.711455+09:00
Flight Diagram,140.0,0.0,success,False,2026-08-27T22:14:08.565651+09:00
Flight Dial,6600.0,42.0,success,False,2026-08-17T23:23:41.484558+09:00
Flight Digest,,,failed,False,2026-08-19T20:45:35.048925+09:00
Flight Directory,50.0,4.0,success,False,2026-08-18T23:59:57.747609+09:00
Flight Discount,5400.0,69.0,success,False,2026-08-23T16:16:09.972976+09:00
Flight Dock,20.0,1.0,success,False,2026-08-17T23:24:19.906640+09:00
Flight Dossier,,,failed,False,2026-08-21T01:06:33.871335+09:00
Flight Downpayment,,,failed,False,2026-08-27T21:49:33.781529+09:00
Flight Draft,10.0,0.0,success,False,2026-08-19T20:45:50.851524+09:00
Flight Due,10.0,3.0,success,False,2026-08-23T15:52:40.502270+09:00
Flight Duty,90.0,0.0,success,False,2026-08-21T02:43:28.304823+09:00
Flight Engine,1300.0,3.0,success,False,2026-08-17T23:11:46.496961+09:00
Flight Entry,50.0,0.0,success,False,2026-08-21T01:06:48.856434+09:00
Flight Estimate,210.0,33.0,success,False,2026-08-19T21:17:18.865865+09:00
Flight Estimator,210.0,33.0,success,False,2026-08-27T23:58:03.075368+09:00
Flight Excerpt,,,failed,False,2026-08-21T01:06:45.397337+09:00
Flight Fare,14800.0,55.0,success,False,2026-08-21T02:12:59.494269+09:00
Flight Fee,480.0,22.0,success,False,2026-08-21T01:57:25.896991+09:00
Flight Feed,170.0,1.0,success,False,2026-08-19T20:45:45.249853+09:00
Flight Field,50.0,2.0,success,False,2026-08-23T13:09:03.594529+09:00
Flight File,90.0,0.0,success,False,2026-08-19T20:45:06.240403+09:00
Flight Finder,110000.0,51.0,success,False,2026-08-19T00:00:16.279363+09:00
Flight Fine,20.0,11.0,success,False,2026-08-23T02:57:27.142882+09:00
Flight Flag,390.0,13.0,success,False,2026-08-21T00:34:14.211470+09:00
Flight Flow,90.0,3.0,success,False,2026-08-17T23:28:37.439215+09:00
Flight Forge,260.0,0.0,success,False,2026-08-17T23:03:55.937111+09:00
Flight Form,880.0,3.0,success,False,2026-08-19T13:31:50.431005+09:00
Flight Format,880.0,3.0,success,False,2026-08-23T13:09:05.713550+09:00
Flight Frame,90.0,3.0,success,False,2026-08-17T23:10:49.091693+09:00
Flight Fund,590.0,0.0,success,False,2026-08-21T02:28:25.181498+09:00
Flight Gate,1300.0,9.0,success,False,2026-08-17T23:25:33.384672+09:00
Flight Giveaway,50.0,7.0,success,False,2026-08-27T21:18:45.597821+09:00
Flight Grade,,,failed,False,2026-08-21T00:33:58.463562+09:00
Flight Graph,170.0,9.0,success,False,2026-08-27T22:13:56.258937+09:00
Flight Grid,260.0,20.0,success,False,2026-08-17T23:07:32.474026+09:00
Flight Guarantee,20.0,44.0,success,False,2026-08-28T01:08:17.879931+09:00
Flight Guard,260.0,39.0,success,False,2026-08-17T23:11:27.104300+09:00
Flight Guardian,1900.0,19.0,success,False,2026-08-28T00:26:55.262283+09:00
Flight Guidebook,,,failed,False,2026-08-18T22:08:34.595424+09:00
Flight Helpdesk,,,failed,False,2026-08-27T22:50:16.948494+09:00
Flight Helper,3600.0,65.0,success,False,2026-08-28T00:26:55.262283+09:00
Flight History,5400.0,2.0,success,False,2026-08-19T20:44:56.793146+09:00
Flight Hotline,110.0,49.0,success,False,2026-08-19T21:17:38.869284+09:00
Flight Hub,110000.0,56.0,success,False,2026-08-17T23:13:04.753315+09:00
Flight Identifier,3600.0,13.0,success,False,2026-08-23T13:08:53.842629+09:00
Flight Incentive,10.0,0.0,success,False,2026-08-27T21:18:35.629474+09:00
Flight Index,90.0,6.0,success,False,2026-08-19T21:16:41.047984+09:00
Flight Insight,1600.0,13.0,success,False,2026-08-17T23:08:08.981233+09:00
Flight Installment,480.0,80.0,success,False,2026-08-23T16:16:13.507688+09:00
Flight Item,40.0,43.0,success,False,2026-08-21T01:57:30.255883+09:00
Flight Journal,210.0,19.0,success,False,2026-08-18T22:08:17.707470+09:00
Flight Keeper,20.0,0.0,success,False,2026-08-17T23:26:06.305227+09:00
Flight Lab,1300.0,3.0,success,False,2026-08-17T23:33:00.502135+09:00
Flight Ledger,,,failed,False,2026-08-17T23:32:34.743858+09:00
Flight Lens,,,failed,False,2026-08-17T23:32:05.926406+09:00
Flight Level,5400.0,3.0,success,False,2026-08-19T20:45:12.440392+09:00
Flight Levy,10.0,0.0,success,False,2026-08-23T13:48:04.421871+09:00
Flight Link,49500.0,25.0,success,False,2026-08-23T03:22:26.114633+09:00
Flight List,14800.0,10.0,success,False,2026-08-19T21:59:55.438905+09:00
Flight Loan,390.0,58.0,success,False,2026-08-21T02:13:04.369688+09:00
Flight Locator,6600.0,6.0,success,False,2026-08-19T00:00:08.120656+09:00
Flight Lock,90.0,3.0,success,False,2026-08-17T23:31:45.267981+09:00
Flight Log,9900.0,8.0,success,False,2026-08-19T13:31:44.608385+09:00
Flight Loop,50.0,2.0,success,False,2026-08-17T23:30:49.193189+09:00
Flight Manager,1900.0,3.0,success,False,2026-08-17T23:04:29.933530+09:00
Flight Manual,1000.0,4.0,success,False,2026-08-27T22:14:02.180893+09:00
Flight Map,49500.0,2.0,success,False,2026-08-17T22:51:32.586910+09:00
Flight Margin,,,failed,False,2026-08-23T02:57:27.142882+09:00
Flight Markup,,,failed,False,2026-08-23T16:39:50.503833+09:00
Flight Memo,10.0,4.0,success,False,2026-08-21T00:34:04.071728+09:00
Flight Message,210.0,0.0,success,False,2026-08-27T23:15:33.369822+09:00
Flight Meter,50.0,8.0,success,False,2026-08-17T23:04:50.362686+09:00
Flight Metrics,40.0,5.0,success,False,2026-08-17T23:27:21.585941+09:00
Flight Monitor,4400.0,7.0,success,False,2026-08-17T23:27:06.990402+09:00
Flight Navigator,74000.0,1.0,success,False,2026-08-17T23:09:54.812310+09:00
Flight Nexus,880.0,14.0,success,False,2026-08-17T23:15:18.258563+09:00
Flight Node,20.0,4.0,success,False,2026-08-17T23:08:28.176792+09:00
Flight Note,1600.0,1.0,success,False,2026-08-19T13:32:37.235735+09:00
Flight Notification,590.0,12.0,success,False,2026-08-27T22:50:07.511114+09:00
Flight Number,27100.0,2.0,success,False,2026-08-23T03:22:18.461537+09:00
Flight Office,1300.0,4.0,success,False,2026-08-19T00:00:34.964613+09:00
Flight Ops,3600.0,2.0,success,False,2026-08-17T23:28:04.378663+09:00
Flight Order,260.0,34.0,success,False,2026-08-19T21:59:12.539055+09:00
Flight Organizer,50.0,68.0,success,False,2026-08-17T23:13:24.499414+09:00
Flight Outline,70.0,0.0,success,False,2026-08-27T22:29:26.032496+09:00
Flight Overage,,,failed,False,2026-08-27T21:49:33.781529+09:00
Flight Overdue,,,failed,False,2026-08-27T21:49:29.301041+09:00
Flight Panel,1600.0,33.0,success,False,2026-08-17T23:10:31.513884+09:00
Flight Pass,12100.0,8.0,success,False,2026-08-21T00:33:20.736767+09:00
Flight Path,22200.0,2.0,success,False,2026-08-17T23:31:27.985495+09:00
Flight Payoff,,,failed,False,2026-08-27T21:49:31.660766+09:00
Flight Penalty,,,failed,False,2026-08-23T16:39:50.503833+09:00
Flight Petition,10.0,,success,False,2026-08-21T01:06:23.582625+09:00
Flight Pilot,2400.0,2.0,success,False,2026-08-17T23:28:58.984040+09:00
Flight Plan,165000.0,5.0,success,False,2026-08-21T01:57:38.284860+09:00
Flight Planner,165000.0,5.0,success,False,2026-08-17T23:06:24.757707+09:00
Flight Playbook,,,failed,False,2026-08-18T22:08:11.096453+09:00
Flight Point,2900.0,24.0,success,False,2026-08-17T23:09:15.899406+09:00
Flight Portal,390.0,39.0,success,False,2026-08-17T22:46:53.613180+09:00
Flight Preview,480.0,18.0,success,False,2026-08-28T01:08:15.051453+09:00
Flight Profile,210.0,0.0,success,False,2026-08-19T13:32:49.484496+09:00
Flight Profit,,,failed,False,2026-08-23T02:57:17.363671+09:00
Flight Proposal,40.0,1.0,success,False,2026-08-28T01:08:15.051453+09:00
Flight Pulse,170.0,8.0,success,False,2026-08-17T23:31:12.330432+09:00
Flight Queue,1600.0,1.0,success,False,2026-08-19T21:17:08.649893+09:00
Flight Quota,10.0,43.0,success,False,2026-08-21T00:34:09.449100+09:00
Flight Radar,9140000.0,1.0,success,False,2026-08-17T23:29:14.907859+09:00
Flight Rail,110.0,68.0,success,False,2026-08-17T23:06:43.544679+09:00
Flight Rate,5400.0,48.0,success,False,2026-08-19T20:45:21.816276+09:00
Flight Recap,70.0,0.0,success,False,2026-08-21T01:06:42.544203+09:00
Flight Receipt,480.0,1.0,success,False,2026-08-19T21:59:35.883958+09:00
Flight Redemption,1000.0,8.0,success,False,2026-08-23T16:39:53.377709+09:00
Flight Register,170.0,1.0,success,False,2026-08-17T23:04:12.037031+09:00
Flight Registry,170.0,1.0,success,False,2026-08-18T22:08:40.228889+09:00
Flight Relay,10.0,0.0,success,False,2026-08-17T23:14:44.117441+09:00
Flight Reminder,4400.0,0.0,success,True,2026-08-19T21:16:16.247165+09:00
Flight Report,18100.0,1.0,success,False,2026-08-19T13:31:24.471816+09:00
Flight Roadmap,,,failed,False,2026-08-18T22:09:23.803071+09:00
Flight Roster,260.0,0.0,success,False,2026-08-19T00:37:39.570439+09:00
Flight Route,9900.0,3.0,success,False,2026-08-17T23:12:05.919804+09:00
Flight Rule,1300.0,7.0,success,False,2026-08-23T03:22:30.618913+09:00
Flight Sale,14800.0,60.0,success,False,2026-08-21T02:28:33.010940+09:00
Flight Sample,20.0,0.0,success,False,2026-08-19T22:00:37.818778+09:00
Flight Scale,140.0,19.0,success,False,2026-08-17T23:23:57.574570+09:00
Flight Scanner,301000.0,43.0,success,False,2026-08-27T23:58:05.711455+09:00
Flight Scheduler,49500.0,6.0,success,False,2026-08-17T23:26:50.492047+09:00
Flight Schematic,,,failed,False,2026-08-27T22:29:20.594574+09:00
Flight Scope,14800.0,100.0,success,False,2026-08-17T23:12:45.983083+09:00
Flight Score,260.0,2.0,success,False,2026-08-19T13:32:25.938189+09:00
Flight Sentry,20.0,39.0,success,False,2026-08-17T23:10:08.054607+09:00
Flight Sheet,260.0,1.0,success,False,2026-08-19T13:32:07.571238+09:00
Flight Shortfall,,,failed,False,2026-08-27T21:49:35.975851+09:00
Flight Signal,110.0,1.0,success,False,2026-08-17T23:05:41.457486+09:00
Flight Signature,30.0,5.0,success,False,2026-08-23T13:27:59.739210+09:00
Flight Slip,30.0,0.0,success,False,2026-08-19T22:00:26.290780+09:00
Flight Slot,70.0,0.0,success,False,2026-08-19T22:00:47.598420+09:00
Flight Snapshot,,,failed,False,2026-08-18T22:08:25.868252+09:00
Flight Stage,2900.0,0.0,success,True,2026-08-28T00:48:27.212910+09:00
Flight Stake,,,failed,False,2026-08-23T02:57:21.827227+09:00
Flight Stamp,110.0,8.0,success,False,2026-08-23T13:28:03.127667+09:00
Flight Statement,20.0,1.0,success,False,2026-08-21T00:33:48.597432+09:00
Flight Station,320.0,1.0,success,False,2026-08-17T23:14:05.238044+09:00
Flight Status,823000.0,3.0,success,False,2026-08-19T20:44:39.695908+09:00
Flight Stipend,20.0,0.0,success,False,2026-08-23T13:48:04.421871+09:00
Flight Streak,20.0,2.0,success,False,2026-08-28T00:48:30.764034+09:00
Flight Stub,20.0,14.0,success,False,2026-08-21T00:33:39.786796+09:00
Flight Studio,1000000.0,25.0,success,False,2026-08-17T23:07:07.612411+09:00
Flight Subsidy,20.0,0.0,success,False,2026-08-23T15:52:42.470276+09:00
Flight Suite,210.0,94.0,success,False,2026-08-17T23:26:22.390418+09:00
Flight Sum,50.0,24.0,success,False,2026-08-21T02:28:18.996082+09:00
Flight Summary,320.0,3.0,success,False,2026-08-19T21:15:56.084621+09:00
Flight Surtax,,,failed,False,2026-08-23T15:52:42.470276+09:00
Flight Sync,30.0,1.0,success,False,2026-08-17T23:06:02.733299+09:00
Flight Tab,210.0,0.0,success,False,2026-08-21T00:34:18.922168+09:00
Flight Table,320.0,19.0,success,False,2026-08-19T22:00:04.199605+09:00
Flight Tag,1900.0,100.0,success,False,2026-08-19T13:32:45.255500+09:00
Flight Tally,,,failed,False,2026-08-21T00:33:53.387508+09:00
Flight Tariff,70.0,11.0,success,False,2026-08-21T02:43:37.252901+09:00
Flight Tax,1300.0,0.0,success,True,2026-08-21T02:12:59.494269+09:00
Flight Terminal,720.0,2.0,success,False,2026-08-17T23:33:13.848442+09:00
Flight Ticket,1830000.0,64.0,success,False,2026-08-19T21:16:53.658254+09:00
Flight Tier,20.0,1.0,success,False,2026-08-28T00:48:30.764034+09:00
Flight Timeline,320.0,1.0,success,False,2026-08-19T21:16:06.341907+09:00
Flight Timer,18100.0,3.0,success,False,2026-08-28T00:26:52.853264+09:00
Flight Toll,,,failed,False,2026-08-21T02:43:30.904154+09:00
Flight Toolbox,,,failed,False,2026-08-28T00:26:55.262283+09:00
Flight Toolkit,10.0,0.0,success,False,2026-08-18T22:08:02.449968+09:00
Flight Total,,,failed,False,2026-08-27T23:15:36.970228+09:00
Flight Tracker,5000000.0,2.0,success,False,2026-08-17T23:28:17.323230+09:00
Flight Trail,720.0,32.0,success,False,2026-08-17T23:24:40.372556+09:00
Flight Trend,260.0,13.0,success,False,2026-08-28T01:08:09.929341+09:00
Flight Trial,390.0,71.0,success,False,2026-08-27T21:18:29.046782+09:00
Flight Unit,260.0,0.0,success,False,2026-08-21T01:57:34.337774+09:00
Flight Update,8100.0,8.0,success,False,2026-08-19T20:45:29.456295+09:00
Flight Value,50.0,7.0,success,False,2026-08-23T02:57:19.456946+09:00
Flight Vault,30.0,1.0,success,False,2026-08-17T23:29:31.685360+09:00
Flight Version,,,failed,False,2026-08-23T03:22:22.094995+09:00
Flight View,40500.0,1.0,success,False,2026-08-19T20:44:50.684915+09:00
Flight Voucher,4400.0,93.0,success,False,2026-08-21T00:33:28.430853+09:00
Flight Watch,6600.0,8.0,success,False,2026-08-17T23:30:33.375533+09:00
Flight Wave,260.0,0.0,success,False,2026-08-17T23:14:25.326532+09:00
Flight Widget,90.0,6.0,success,False,2026-08-27T23:15:36.970228+09:00
Flight Workbench,,,failed,False,2026-08-18T22:07:53.653114+09:00
Flight Worksheet,260.0,0.0,success,False,2026-08-27T22:14:02.180893+09:00
Flight Zone,3600.0,5.0,success,False,2026-08-17T23:33:25.716051+09:00
Florist Advance,10.0,50.0,success,False,2026-08-23T16:13:47.418622+09:00
Florist Advisory,,,failed,False,2026-08-21T01:07:49.697646+09:00
Florist Allowance,,,failed,False,2026-08-21T02:37:22.596537+09:00
Florist Analyzer,,,failed,False,2026-08-27T23:56:59.391700+09:00
Florist Announcement,,,failed,False,2026-08-27T23:35:13.146180+09:00
Florist Arrears,,,failed,False,2026-08-23T16:13:45.288195+09:00
Florist Assistant,1300.0,4.0,success,False,2026-08-19T13:32:04.589089+09:00
Florist Attribute,,,failed,False,2026-08-23T13:06:05.538611+09:00
Florist Badge,50.0,59.0,success,False,2026-08-21T00:34:16.638003+09:00
Florist Balance,,,failed,False,2026-08-23T13:46:32.970542+09:00
Florist Base,,,failed,False,2026-08-19T13:27:18.608287+09:00
Florist Bill,170.0,83.0,success,False,2026-08-19T21:56:59.723896+09:00
Florist Board,170.0,41.0,success,False,2026-08-19T13:27:56.460670+09:00
Florist Book,480.0,100.0,success,False,2026-08-19T21:57:51.707228+09:00
Florist Booth,70.0,0.0,success,False,2026-08-19T13:35:12.097075+09:00
Florist Brief,,,failed,False,2026-08-21T01:07:41.387893+09:00
Florist Bulletin,,,failed,False,2026-08-21T01:07:39.342209+09:00
Florist Calendar,480.0,89.0,success,False,2026-08-19T13:33:40.733972+09:00
Florist Card,1300.0,100.0,success,False,2026-08-19T13:41:39.168311+09:00
Florist Cash,,,failed,False,2026-08-21T02:20:57.219379+09:00
Florist Cashback,,,failed,False,2026-08-27T21:16:16.799513+09:00
Florist Catalog,110.0,27.0,success,False,2026-08-19T21:12:47.142527+09:00
Florist Category,,,failed,False,2026-08-23T13:06:02.918045+09:00
Florist Center,110.0,25.0,success,False,2026-08-19T13:28:50.400701+09:00
Florist Charge,,,failed,False,2026-08-21T02:37:07.617432+09:00
Florist Check,,,failed,False,2026-08-19T13:41:59.783078+09:00
Florist Checker,,,failed,False,2026-08-27T23:56:53.046222+09:00
Florist Checklist,20.0,0.0,success,False,2026-08-19T21:11:53.117390+09:00
Florist Circular,,,failed,False,2026-08-21T01:07:45.419245+09:00
Florist Code,40.0,8.0,success,False,2026-08-19T21:57:19.204093+09:00
Florist Companion,,,failed,False,2026-08-19T13:32:40.491815+09:00
Florist Comparison,,,failed,False,2026-08-28T01:07:24.727084+09:00
Florist Confirmation,,,failed,False,2026-08-21T01:07:56.327187+09:00
Florist Console,,,failed,False,2026-08-19T13:29:29.454455+09:00
Florist Contribution,,,failed,False,2026-08-23T16:13:42.146359+09:00
Florist Cost,880.0,71.0,success,False,2026-08-21T02:14:50.093035+09:00
Florist Count,,,failed,False,2026-08-27T22:48:53.744553+09:00
Florist Counter,40.0,30.0,success,False,2026-08-19T13:34:20.014616+09:00
Florist Coupon,70.0,100.0,success,False,2026-08-27T21:16:10.166929+09:00
Florist Deal,50.0,100.0,success,False,2026-08-21T01:59:20.402285+09:00
Florist Debt,,,failed,False,2026-08-21T02:31:03.884559+09:00
Florist Desk,170.0,100.0,success,False,2026-08-19T13:22:13.329978+09:00
Florist Detail,,,failed,False,2026-08-23T03:16:31.986562+09:00
Florist Digest,,,failed,False,2026-08-19T20:40:35.383963+09:00
Florist Directory,50.0,22.0,success,False,2026-08-19T13:33:49.819535+09:00
Florist Discount,70.0,100.0,success,False,2026-08-23T16:13:37.104049+09:00
Florist Dossier,,,failed,False,2026-08-21T01:07:58.607843+09:00
Florist Downpayment,,,failed,False,2026-08-27T21:47:19.918276+09:00
Florist Draft,,,failed,False,2026-08-19T20:40:49.478840+09:00
Florist Due,,,failed,False,2026-08-23T15:51:28.689965+09:00
Florist Duty,,,failed,False,2026-08-21T02:37:11.292116+09:00
Florist Engine,,,failed,False,2026-08-19T13:31:52.943506+09:00
Florist Entry,,,failed,False,2026-08-21T01:08:10.104042+09:00
Florist Estimate,,,failed,False,2026-08-19T21:12:37.502456+09:00
Florist Estimator,,,failed,False,2026-08-27T23:56:50.543102+09:00
Florist Excerpt,,,failed,False,2026-08-21T01:08:07.982267+09:00
Florist Fare,,,failed,False,2026-08-21T02:15:06.129671+09:00
Florist Fee,,,failed,False,2026-08-21T01:59:06.761411+09:00
Florist Feed,,,failed,False,2026-08-19T20:40:42.900088+09:00
Florist Field,170.0,6.0,success,False,2026-08-23T13:06:07.907385+09:00
Florist File,,,failed,False,2026-08-19T20:39:59.254826+09:00
Florist Finder,10.0,61.0,success,False,2026-08-19T13:34:00.979457+09:00
Florist Fine,,,failed,False,2026-08-23T02:53:08.936462+09:00
Florist Flag,,,failed,False,2026-08-21T00:34:49.507039+09:00
Florist Flow,,,failed,False,2026-08-19T13:21:44.122863+09:00
Florist Form,720.0,88.0,success,False,2026-08-19T13:41:12.937543+09:00
Florist Format,,,failed,False,2026-08-23T13:06:10.168774+09:00
Florist Fund,,,failed,False,2026-08-21T02:20:53.673511+09:00
Florist Giveaway,,,failed,False,2026-08-27T21:16:21.669078+09:00
Florist Grade,,,failed,False,2026-08-21T00:34:35.312701+09:00
Florist Grid,,,failed,False,2026-08-19T13:25:53.621438+09:00
Florist Guarantee,,,failed,False,2026-08-28T01:07:32.974301+09:00
Florist Helpdesk,,,failed,False,2026-08-27T22:48:56.292769+09:00
Florist Helper,40.0,5.0,success,False,2026-08-28T00:26:12.300765+09:00
Florist History,70.0,0.0,success,False,2026-08-19T20:39:52.613613+09:00
Florist Hotline,,,failed,False,2026-08-19T21:12:57.141262+09:00
Florist Hub,1000.0,30.0,success,False,2026-08-19T13:21:58.772541+09:00
Florist Identifier,,,failed,False,2026-08-23T13:06:00.621707+09:00
Florist Incentive,,,failed,False,2026-08-27T21:16:19.259868+09:00
Florist Index,,,failed,False,2026-08-19T21:12:04.004296+09:00
Florist Installment,,,failed,False,2026-08-23T16:13:39.752452+09:00
Florist Item,,,failed,False,2026-08-21T01:59:08.747160+09:00
Florist Journal,,,failed,False,2026-08-19T13:33:08.765794+09:00
Florist Keeper,,,failed,False,2026-08-19T13:31:41.202916+09:00
Florist Kiosk,720.0,4.0,success,False,2026-08-19T13:35:21.181056+09:00
Florist Kit,170.0,100.0,success,False,2026-08-27T22:48:47.363219+09:00
Florist Ledger,,,failed,False,2026-08-19T13:27:45.503275+09:00
Florist Level,,,failed,False,2026-08-19T20:40:08.745376+09:00
Florist Link,,,failed,False,2026-08-23T03:16:26.068243+09:00
Florist List,110.0,32.0,success,False,2026-08-19T21:57:31.477256+09:00
Florist Loan,,,failed,False,2026-08-21T02:15:15.095648+09:00
Florist Locator,320.0,27.0,success,False,2026-08-19T13:33:54.731377+09:00
Florist Manager,170.0,2.0,success,False,2026-08-19T13:31:47.223941+09:00
Florist Manual,,,failed,False,2026-08-27T22:10:53.228398+09:00
Florist Map,70.0,28.0,success,False,2026-08-19T13:26:59.554690+09:00
Florist Margin,,,failed,False,2026-08-23T02:53:06.849591+09:00
Florist Markup,10.0,0.0,success,False,2026-08-23T16:38:38.724720+09:00
Florist Memo,,,failed,False,2026-08-21T00:34:40.769437+09:00
Florist Message,,,failed,False,2026-08-27T23:14:08.485077+09:00
Florist Monitor,,,failed,False,2026-08-19T13:32:31.593655+09:00
Florist Note,,,failed,False,2026-08-19T13:42:19.343176+09:00
Florist Notification,,,failed,False,2026-08-27T22:48:47.363219+09:00
Florist Number,320.0,96.0,success,False,2026-08-23T03:16:15.944869+09:00
Florist Office,40.0,14.0,success,False,2026-08-19T13:34:11.345054+09:00
Florist Ops,20.0,1.0,success,False,2026-08-19T13:32:52.541757+09:00
Florist Order,27100.0,100.0,success,False,2026-08-19T21:56:48.069412+09:00
Florist Overage,,,failed,False,2026-08-27T21:47:17.528863+09:00
Florist Overdue,,,failed,False,2026-08-27T21:47:15.270708+09:00
Florist Panel,,,failed,False,2026-08-19T13:29:43.800182+09:00
Florist Pass,,,failed,False,2026-08-21T00:34:07.252682+09:00
Florist Passport,,,failed,False,2026-08-19T13:39:03.234764+09:00
Florist Payoff,,,failed,False,2026-08-27T21:47:17.528863+09:00
Florist Penalty,,,failed,False,2026-08-23T16:38:36.406605+09:00
Florist Petition,,,failed,False,2026-08-21T01:07:51.915989+09:00
Florist Plan,,,failed,False,2026-08-21T01:59:17.074164+09:00
Florist Planner,30.0,67.0,success,False,2026-08-19T13:32:09.131651+09:00
Florist Point,,,failed,False,2026-08-19T13:26:27.174031+09:00
Florist Portal,,,failed,False,2026-08-19T13:29:07.755274+09:00
Florist Preview,,,failed,False,2026-08-28T01:07:27.619930+09:00
Florist Profile,10.0,8.0,success,False,2026-08-19T13:20:54.330811+09:00
Florist Profit,,,failed,False,2026-08-23T02:52:59.926815+09:00
Florist Proposal,90.0,66.0,success,False,2026-08-28T01:07:30.106939+09:00
Florist Queue,,,failed,False,2026-08-19T21:12:26.316955+09:00
Florist Quota,,,failed,False,2026-08-21T00:34:44.893530+09:00
Florist Rate,,,failed,False,2026-08-19T20:40:20.062336+09:00
Florist Recap,,,failed,False,2026-08-21T01:08:04.647718+09:00
Florist Receipt,20.0,35.0,success,False,2026-08-19T21:57:08.159846+09:00
Florist Register,,,failed,False,2026-08-19T13:32:47.690424+09:00
Florist Registry,,,failed,False,2026-08-19T13:33:37.732630+09:00
Florist Reminder,,,failed,False,2026-08-19T21:11:39.725993+09:00
Florist Report,,,failed,False,2026-08-19T13:40:38.246974+09:00
Florist Repository,,,failed,False,2026-08-27T23:14:19.159911+09:00
Florist Roll,20.0,100.0,success,False,2026-08-19T13:40:19.370480+09:00
Florist Roster,,,failed,False,2026-08-19T13:37:46.745101+09:00
Florist Route,,,failed,False,2026-08-19T13:30:02.018673+09:00
Florist Rule,20.0,6.0,success,False,2026-08-23T03:16:29.353172+09:00
Florist Sale,590.0,88.0,success,False,2026-08-21T02:21:00.139536+09:00
Florist Sample,,,failed,False,2026-08-19T21:58:14.220154+09:00
Florist Scheduler,,,failed,False,2026-08-19T13:32:19.751583+09:00
Florist Scope,,,failed,False,2026-08-19T13:25:11.972380+09:00
Florist Score,,,failed,False,2026-08-19T13:42:11.114118+09:00
Florist Shortfall,,,failed,False,2026-08-27T21:47:24.586892+09:00
Florist Slip,,,failed,False,2026-08-19T21:58:02.735072+09:00
Florist Slot,,,failed,False,2026-08-19T21:58:22.475915+09:00
Florist Statement,,,failed,False,2026-08-21T00:34:25.670499+09:00
Florist Station,210.0,4.0,success,False,2026-08-19T13:28:31.111585+09:00
Florist Status,,,failed,False,2026-08-19T20:39:35.461909+09:00
Florist Stub,,,failed,False,2026-08-21T00:34:21.181247+09:00
Florist Studio,5400.0,10.0,success,False,2026-08-19T13:28:10.656877+09:00
Florist Subsidy,,,failed,False,2026-08-23T15:51:31.238085+09:00
Florist Sum,,,failed,False,2026-08-21T02:31:01.801994+09:00
Florist Summary,,,failed,False,2026-08-19T21:11:17.911454+09:00
Florist Tab,720.0,0.0,success,False,2026-08-21T00:34:53.693924+09:00
Florist Table,480.0,96.0,success,False,2026-08-19T21:57:41.163401+09:00
Florist Tally,,,failed,False,2026-08-21T00:34:30.806569+09:00
Florist Tariff,,,failed,False,2026-08-21T02:37:27.000959+09:00
Florist Tax,,,failed,False,2026-08-21T02:15:10.297403+09:00
Florist Ticket,,,failed,False,2026-08-19T21:12:15.731161+09:00
Florist Timeline,,,failed,False,2026-08-19T21:11:27.369189+09:00
Florist Timer,,,failed,False,2026-08-28T00:26:03.782064+09:00
Florist Toll,,,failed,False,2026-08-21T02:37:15.297674+09:00
Florist Toolbox,40.0,94.0,success,False,2026-08-28T00:26:09.270269+09:00
Florist Total,,,failed,False,2026-08-27T23:14:12.324093+09:00
Florist Tracker,,,failed,False,2026-08-19T13:21:11.802983+09:00
Florist Trend,,,failed,False,2026-08-28T01:07:24.727084+09:00
Florist Trial,,,failed,False,2026-08-27T21:16:16.799513+09:00
Florist Unit,,,failed,False,2026-08-21T01:59:11.823228+09:00
Florist Update,,,failed,False,2026-08-19T20:40:26.363458+09:00
Florist Value,10.0,14.0,success,False,2026-08-23T02:52:59.926815+09:00
Florist Version,,,failed,False,2026-08-23T03:16:19.788711+09:00
Florist View,,,failed,False,2026-08-19T20:39:43.818952+09:00
Florist Voucher,70.0,35.0,success,False,2026-08-21T00:34:11.970110+09:00
Florist Watch,,,failed,False,2026-08-19T13:25:01.891377+09:00
Florist Widget,,,failed,False,2026-08-27T23:14:15.197354+09:00
Florist Worksheet,,,failed,False,2026-08-27T22:10:56.558080+09:00
Florist Workshop,4400.0,53.0,success,False,2026-08-28T00:26:06.768927+09:00
Florist Zone,20.0,0.0,success,False,2026-08-19T13:28:58.111204+09:00
Flue Advance,,,failed,False,2026-08-23T16:11:46.377478+09:00
Flue Advisory,,,failed,False,2026-08-21T01:09:12.434019+09:00
Flue Alert,10.0,0.0,success,False,2026-08-19T21:29:12.327035+09:00
Flue Allowance,12100.0,1.0,success,False,2026-08-21T02:39:20.009212+09:00
Flue Analyzer,390.0,100.0,success,False,2026-08-27T23:57:22.809432+09:00
Flue Arrears,,,failed,False,2026-08-23T16:11:46.377478+09:00
Flue Asset,,,failed,False,2026-08-23T13:48:23.745553+09:00
Flue Assistant,,,failed,False,2026-08-19T21:15:09.209545+09:00
Flue Atlas,,,failed,False,2026-08-19T21:14:23.234492+09:00
Flue Attribute,,,failed,False,2026-08-23T13:08:17.193422+09:00
Flue Badge,,,failed,False,2026-08-21T00:34:23.360801+09:00
Flue Base,,,failed,False,2026-08-19T21:10:20.581807+09:00
Flue Bay,10.0,,success,False,2026-08-19T21:18:46.381283+09:00
Flue Beacon,,,failed,False,2026-08-19T21:07:38.685875+09:00
Flue Bill,,,failed,False,2026-08-19T21:51:07.578329+09:00
Flue Bin,,,failed,False,2026-08-19T21:29:28.610068+09:00
Flue Board,,,failed,False,2026-08-19T21:10:51.939321+09:00
Flue Book,,,failed,False,2026-08-19T21:52:04.287712+09:00
Flue Brief,,,failed,False,2026-08-21T01:09:01.082637+09:00
Flue Bulletin,,,failed,False,2026-08-21T01:08:57.015500+09:00
Flue Calculator,40.0,0.0,success,False,2026-08-27T23:35:13.146180+09:00
Flue Calendar,,,failed,False,2026-08-19T21:17:05.944580+09:00
Flue Card,20.0,35.0,success,False,2026-08-19T21:30:39.077841+09:00
Flue Cash,,,failed,False,2026-08-21T02:22:21.674947+09:00
Flue Cashback,,,failed,False,2026-08-27T21:15:01.645543+09:00
Flue Catalog,,,failed,False,2026-08-19T21:05:54.912887+09:00
Flue Category,,,failed,False,2026-08-23T13:08:15.174863+09:00
Flue Center,,,failed,False,2026-08-19T21:11:59.918866+09:00
Flue Chain,10.0,17.0,success,False,2026-08-19T21:13:40.486879+09:00
Flue Charge,,,failed,False,2026-08-21T02:39:07.071635+09:00
Flue Chart,20.0,2.0,success,False,2026-08-19T21:29:21.643935+09:00
Flue Check,50.0,11.0,success,False,2026-08-19T21:30:56.024739+09:00
Flue Checker,,,failed,False,2026-08-27T23:57:16.212473+09:00
Flue Checklist,,,failed,False,2026-08-19T21:04:51.175636+09:00
Flue Circular,,,failed,False,2026-08-21T01:09:06.679370+09:00
Flue Code,,,failed,False,2026-08-19T21:51:28.846204+09:00
Flue Companion,,,failed,False,2026-08-19T21:15:54.238919+09:00
Flue Compass,,,failed,False,2026-08-19T21:07:29.278050+09:00
Flue Confirmation,,,failed,False,2026-08-21T01:09:20.076507+09:00
Flue Console,,,failed,False,2026-08-19T21:12:31.857265+09:00
Flue Cost,40.0,42.0,success,False,2026-08-21T02:15:10.297403+09:00
Flue Count,,,failed,False,2026-08-27T22:48:17.330576+09:00
Flue Coupon,,,failed,False,2026-08-27T21:14:58.792070+09:00
Flue Deal,,,failed,False,2026-08-21T01:58:46.875681+09:00
Flue Debt,,,failed,False,2026-08-21T02:22:10.235863+09:00
Flue Deck,,,failed,False,2026-08-19T21:11:04.489546+09:00
Flue Desk,,,failed,False,2026-08-19T21:06:46.189471+09:00
Flue Detail,10.0,0.0,success,False,2026-08-23T03:20:11.001534+09:00
Flue Diagram,30.0,0.0,success,False,2026-08-27T22:09:22.436426+09:00
Flue Digest,,,failed,False,2026-08-19T21:03:30.036000+09:00
Flue Directory,,,failed,False,2026-08-19T21:17:17.082757+09:00
Flue Discount,,,failed,False,2026-08-23T16:11:40.333627+09:00
Flue Dossier,,,failed,False,2026-08-21T01:09:25.502385+09:00
Flue Draft,20.0,0.0,success,False,2026-08-19T21:03:59.838072+09:00
Flue Due,,,failed,False,2026-08-23T15:53:12.516993+09:00
Flue Duty,,,failed,False,2026-08-21T02:39:09.375307+09:00
Flue Engine,,,failed,False,2026-08-19T21:14:58.322778+09:00
Flue Entry,,,failed,False,2026-08-21T01:09:34.280846+09:00
Flue Estimate,,,failed,False,2026-08-19T21:05:39.916573+09:00
Flue Estimator,,,failed,False,2026-08-27T23:57:12.985174+09:00
Flue Excerpt,,,failed,False,2026-08-21T01:09:32.208799+09:00
Flue Fare,,,failed,False,2026-08-21T02:15:19.980644+09:00
Flue Fee,,,failed,False,2026-08-21T01:58:35.810953+09:00
Flue Feed,,,failed,False,2026-08-19T21:03:45.298500+09:00
Flue Field,,,failed,False,2026-08-23T13:08:19.388505+09:00
Flue File,,,failed,False,2026-08-19T21:31:59.320296+09:00
Flue Finder,40.0,68.0,success,False,2026-08-19T21:17:37.116648+09:00
Flue Fine,,,failed,False,2026-08-23T02:54:55.052160+09:00
Flue Flag,,,failed,False,2026-08-21T00:34:57.023815+09:00
Flue Flow,20.0,0.0,success,False,2026-08-19T21:06:27.741536+09:00
Flue Form,,,failed,False,2026-08-19T21:30:33.343002+09:00
Flue Format,,,failed,False,2026-08-23T13:08:21.567126+09:00
Flue Fund,,,failed,False,2026-08-21T02:22:13.751196+09:00
Flue Gate,,,failed,False,2026-08-19T21:14:03.656959+09:00
Flue Giveaway,,,failed,False,2026-08-27T21:15:09.099124+09:00
Flue Grade,,,failed,False,2026-08-21T00:34:42.810397+09:00
Flue Grid,,,failed,False,2026-08-19T21:09:02.600791+09:00
Flue Guarantee,,,failed,False,2026-08-28T01:08:26.427990+09:00
Flue Guardian,,,failed,False,2026-08-28T00:26:31.699789+09:00
Flue Harbor,,,failed,False,2026-08-19T21:19:37.758100+09:00
Flue Helpdesk,,,failed,False,2026-08-27T22:48:17.330576+09:00
Flue Helper,,,failed,False,2026-08-28T00:26:34.139001+09:00
Flue History,10.0,0.0,success,False,2026-08-19T21:31:52.488938+09:00
Flue Hotline,10.0,,success,False,2026-08-19T21:06:06.633142+09:00
Flue Hub,,,failed,False,2026-08-19T21:06:37.485931+09:00
Flue Identifier,,,failed,False,2026-08-23T13:08:12.908274+09:00
Flue Inbox,,,failed,False,2026-08-19T21:29:05.227189+09:00
Flue Incentive,,,failed,False,2026-08-27T21:15:06.762141+09:00
Flue Index,,,failed,False,2026-08-19T21:05:03.787854+09:00
Flue Installment,,,failed,False,2026-08-23T16:11:44.096297+09:00
Flue Item,,,failed,False,2026-08-21T01:58:38.358988+09:00
Flue Journal,,,failed,False,2026-08-19T21:16:39.026055+09:00
Flue Keeper,170.0,36.0,success,False,2026-08-19T21:14:34.800336+09:00
Flue Kiosk,,,failed,False,2026-08-19T21:18:24.331096+09:00
Flue Kit,14800.0,35.0,success,False,2026-08-27T22:48:13.756184+09:00
Flue Label,,,failed,False,2026-08-27T22:09:18.738684+09:00
Flue Ledger,,,failed,False,2026-08-19T21:10:39.923410+09:00
Flue Level,,,failed,False,2026-08-19T21:32:08.265719+09:00
Flue Line,70.0,99.0,success,False,2026-08-19T21:29:55.661249+09:00
Flue Link,,,failed,False,2026-08-23T03:20:04.246790+09:00
Flue List,10.0,,success,False,2026-08-19T21:51:38.533092+09:00
Flue Loan,,,failed,False,2026-08-21T02:15:26.957875+09:00
Flue Lobby,,,failed,False,2026-08-19T21:29:42.361641+09:00
Flue Locator,,,failed,False,2026-08-19T21:17:27.324738+09:00
Flue Log,10.0,0.0,success,False,2026-08-19T21:30:24.987558+09:00
Flue Loop,,,failed,False,2026-08-19T21:08:52.385641+09:00
Flue Manager,,,failed,False,2026-08-19T21:14:44.485943+09:00
Flue Manual,,,failed,False,2026-08-27T22:09:18.738684+09:00
Flue Map,9900.0,0.0,success,True,2026-08-19T21:09:52.138956+09:00
Flue Marker,,,failed,False,2026-08-23T13:28:03.127667+09:00
Flue Markup,,,failed,False,2026-08-23T16:37:40.797403+09:00
Flue Memo,,,failed,False,2026-08-21T00:34:47.254019+09:00
Flue Message,,,failed,False,2026-08-27T23:13:50.940196+09:00
Flue Monitor,,,failed,False,2026-08-19T21:15:44.600624+09:00
Flue Nexus,,,failed,False,2026-08-19T21:14:12.923572+09:00
Flue Note,,,failed,False,2026-08-19T21:31:11.020553+09:00
Flue Notification,,,failed,False,2026-08-27T22:48:06.633980+09:00
Flue Number,,,failed,False,2026-08-23T03:19:56.707699+09:00
Flue Ops,,,failed,False,2026-08-19T21:16:14.581068+09:00
Flue Order,,,failed,False,2026-08-19T21:50:57.841127+09:00
Flue Outpost,,,failed,False,2026-08-19T21:19:11.883317+09:00
Flue Overdraft,,,failed,False,2026-08-23T15:53:12.516993+09:00
Flue Pass,260.0,0.0,success,False,2026-08-21T00:34:14.211470+09:00
Flue Passport,,,failed,False,2026-08-19T21:29:36.124531+09:00
Flue Path,,,failed,False,2026-08-19T21:09:29.663933+09:00
Flue Petition,,,failed,False,2026-08-21T01:09:17.934023+09:00
Flue Plan,,,failed,False,2026-08-21T01:58:44.645317+09:00
Flue Planner,,,failed,False,2026-08-19T21:15:22.705045+09:00
Flue Playbook,,,failed,False,2026-08-19T21:16:27.560091+09:00
Flue Plaza,,,failed,False,2026-08-19T21:19:23.397844+09:00
Flue Point,,,failed,False,2026-08-19T21:09:42.547953+09:00
Flue Portal,,,failed,False,2026-08-19T21:12:22.393942+09:00
Flue Post,,,failed,False,2026-08-19T21:19:01.988330+09:00
Flue Profile,,,failed,False,2026-08-19T21:31:25.099741+09:00
Flue Profit,,,failed,False,2026-08-23T02:54:45.895962+09:00
Flue Proposal,,,failed,False,2026-08-28T01:08:23.846955+09:00
Flue Queue,,,failed,False,2026-08-19T21:05:28.660617+09:00
Flue Quota,,,failed,False,2026-08-21T00:34:51.514854+09:00
Flue Radar,10.0,0.0,success,False,2026-08-19T21:06:56.055921+09:00
Flue Rail,,,failed,False,2026-08-19T21:13:17.515413+09:00
Flue Rate,1000.0,0.0,success,True,2026-08-19T21:32:15.548375+09:00
Flue Recap,,,failed,False,2026-08-21T01:09:29.468190+09:00
Flue Receipt,,,failed,False,2026-08-19T21:51:16.066048+09:00
Flue Recorder,,,failed,False,2026-08-27T23:35:16.240815+09:00
Flue Register,,,failed,False,2026-08-19T21:16:04.396422+09:00
Flue Registry,,,failed,False,2026-08-19T21:16:50.838174+09:00
Flue Relay,,,failed,False,2026-08-19T21:07:08.840903+09:00
Flue Reminder,,,failed,False,2026-08-19T21:04:38.364310+09:00
Flue Report,880.0,0.0,success,False,2026-08-19T21:30:18.297847+09:00
Flue Repository,,,failed,False,2026-08-27T23:13:58.602342+09:00
Flue Result,,,failed,False,2026-08-28T00:48:27.212910+09:00
Flue Ring,30.0,95.0,success,False,2026-08-19T21:13:52.940752+09:00
Flue Roll,,,failed,False,2026-08-19T21:30:12.319072+09:00
Flue Roster,,,failed,False,2026-08-19T21:20:12.462826+09:00
Flue Route,,,failed,False,2026-08-19T21:13:04.964598+09:00
Flue Rule,,,failed,False,2026-08-23T03:20:07.416918+09:00
Flue Sale,,,failed,False,2026-08-21T02:22:24.634972+09:00
Flue Sample,,,failed,False,2026-08-19T21:52:28.912563+09:00
Flue Scale,,,failed,False,2026-08-19T21:12:53.220290+09:00
Flue Scanner,,,failed,False,2026-08-27T23:57:19.436881+09:00
Flue Schematic,,,failed,False,2026-08-27T22:28:51.186281+09:00
Flue Scope,,,failed,False,2026-08-19T21:08:40.437861+09:00
Flue Score,,,failed,False,2026-08-19T21:31:03.580111+09:00
Flue Sheet,10.0,0.0,success,False,2026-08-19T21:30:47.462824+09:00
Flue Shelf,10.0,0.0,success,False,2026-08-19T21:20:00.703413+09:00
Flue Signal,,,failed,False,2026-08-19T21:08:19.397533+09:00
Flue Signature,,,failed,False,2026-08-23T13:28:03.127667+09:00
Flue Sketch,,,failed,False,2026-08-27T22:28:51.186281+09:00
Flue Slip,,,failed,False,2026-08-19T21:52:16.498900+09:00
Flue Slot,,,failed,False,2026-08-19T21:52:40.688622+09:00
Flue Stake,,,failed,False,2026-08-23T02:54:50.074152+09:00
Flue Status,10.0,0.0,success,False,2026-08-19T21:31:33.933839+09:00
Flue Stub,,,failed,False,2026-08-21T00:34:27.900194+09:00
Flue Subsidy,,,failed,False,2026-08-23T15:50:12.078414+09:00
Flue Sum,,,failed,False,2026-08-21T02:22:07.753021+09:00
Flue Summary,,,failed,False,2026-08-19T21:04:11.577084+09:00
Flue Table,,,failed,False,2026-08-19T21:51:54.755817+09:00
Flue Tag,10.0,0.0,success,False,2026-08-19T21:31:19.157381+09:00
Flue Tally,,,failed,False,2026-08-21T00:34:38.752919+09:00
Flue Tariff,,,failed,False,2026-08-21T02:39:23.092445+09:00
Flue Tax,30.0,0.0,success,False,2026-08-21T02:15:23.867854+09:00
Flue Terminal,480.0,86.0,success,False,2026-08-19T21:11:48.091080+09:00
Flue Ticker,,,failed,False,2026-08-19T21:29:49.422411+09:00
Flue Ticket,,,failed,False,2026-08-19T21:05:14.341737+09:00
Flue Timeline,6600.0,1.0,success,False,2026-08-19T21:04:24.508436+09:00
Flue Toll,,,failed,False,2026-08-21T02:39:16.897271+09:00
Flue Toolbox,,,failed,False,2026-08-28T00:26:34.139001+09:00
Flue Total,,,failed,False,2026-08-27T23:13:53.622178+09:00
Flue Tower,,,failed,False,2026-08-19T21:19:49.170898+09:00
Flue Tracker,2400.0,0.0,success,True,2026-08-19T21:06:15.149170+09:00
Flue Trail,,,failed,False,2026-08-19T21:13:29.995507+09:00
Flue Trial,,,failed,False,2026-08-27T21:15:01.645543+09:00
Flue Unit,,,failed,False,2026-08-21T01:58:40.468509+09:00
Flue Update,10.0,,success,False,2026-08-19T21:32:23.492274+09:00
Flue Value,,,failed,False,2026-08-23T02:54:48.016404+09:00
Flue Vault,,,failed,False,2026-08-19T21:07:19.840236+09:00
Flue Version,,,failed,False,2026-08-23T03:20:00.686198+09:00
Flue View,10.0,19.0,success,False,2026-08-19T21:31:43.962049+09:00
Flue Voucher,,,failed,False,2026-08-21T00:34:18.922168+09:00
Flue Watch,170.0,0.0,success,False,2026-08-19T21:08:29.245582+09:00
Flue Widget,,,failed,False,2026-08-27T23:13:56.060397+09:00
Flue Window,,,failed,False,2026-08-19T21:30:05.370784+09:00
Flue Worksheet,,,failed,False,2026-08-27T22:09:22.436426+09:00
Flue Workshop,,,failed,False,2026-08-28T00:26:31.699789+09:00
Flue Yard,,,failed,False,2026-08-19T21:18:34.619237+09:00
Flue Zone,10.0,2.0,success,False,2026-08-19T21:12:09.668415+09:00
Fluency Advisory,,,failed,False,2026-08-21T00:59:21.503880+09:00
Fluency Allowance,,,failed,False,2026-08-21T02:41:02.522533+09:00
Fluency Almanac,,,failed,False,2026-08-18T23:51:02.851582+09:00
Fluency Analyzer,,,failed,False,2026-08-27T23:52:42.913738+09:00
Fluency Anchor,,,failed,False,2026-08-18T22:02:30.753417+09:00
Fluency Announcement,,,failed,False,2026-08-27T23:32:47.063702+09:00
Fluency Assistant,,,failed,False,2026-08-18T22:09:35.906732+09:00
Fluency Atlas,,,failed,False,2026-08-18T22:08:48.035720+09:00
Fluency Attribute,,,failed,False,2026-08-23T13:08:12.908274+09:00
Fluency Badge,,,failed,False,2026-08-21T00:36:28.428699+09:00
Fluency Base,,,failed,False,2026-08-18T22:05:08.323728+09:00
Fluency Beacon,,,failed,False,2026-08-18T23:51:02.851582+09:00
Fluency Bill,,,failed,False,2026-08-19T22:00:58.577087+09:00
Fluency Blueprint,10.0,10.0,success,False,2026-08-18T22:12:19.566532+09:00
Fluency Board,,,failed,False,2026-08-18T22:05:35.647018+09:00
Fluency Book,880.0,29.0,success,False,2026-08-19T22:01:51.400634+09:00
Fluency Bridge,110.0,13.0,success,False,2026-08-18T23:51:02.851582+09:00
Fluency Brief,,,failed,False,2026-08-21T00:59:12.932532+09:00
Fluency Bulletin,,,failed,False,2026-08-21T00:59:08.363801+09:00
Fluency Calculator,320.0,0.0,success,False,2026-08-27T23:32:49.894310+09:00
Fluency Calendar,,,failed,False,2026-08-19T00:00:48.226412+09:00
Fluency Card,,,failed,False,2026-08-19T13:42:11.114118+09:00
Fluency Cascade,,,failed,False,2026-08-18T23:51:02.851582+09:00
Fluency Cash,,,failed,False,2026-08-21T02:25:03.924004+09:00
Fluency Cashback,,,failed,False,2026-08-27T21:19:54.141367+09:00
Fluency Catalog,,,failed,False,2026-08-19T21:16:21.953049+09:00
Fluency Category,,,failed,False,2026-08-23T13:08:09.181921+09:00
Fluency Center,90.0,18.0,success,False,2026-08-18T22:06:27.903433+09:00
Fluency Chain,,,failed,False,2026-08-18T22:08:07.311207+09:00
Fluency Charge,,,failed,False,2026-08-21T02:40:43.977421+09:00
Fluency Check,720.0,20.0,success,False,2026-08-19T13:42:33.755752+09:00
Fluency Checker,720.0,20.0,success,False,2026-08-27T23:52:32.506891+09:00
Fluency Checklist,170.0,4.0,success,False,2026-08-19T21:15:27.386619+09:00
Fluency Circular,,,failed,False,2026-08-21T00:59:28.178022+09:00
Fluency Cockpit,,,failed,False,2026-08-18T22:10:30.545293+09:00
Fluency Code,10.0,0.0,success,False,2026-08-19T22:01:17.483163+09:00
Fluency Codex,,,failed,False,2026-08-18T23:51:02.851582+09:00
Fluency Companion,,,failed,False,2026-08-18T22:10:56.062577+09:00
Fluency Comparison,,,failed,False,2026-08-28T01:03:45.781044+09:00
Fluency Compass,10.0,12.0,success,False,2026-08-18T23:51:02.851582+09:00
Fluency Compendium,,,failed,False,2026-08-18T23:51:05.096853+09:00
Fluency Confirmation,,,failed,False,2026-08-21T00:59:38.385269+09:00
Fluency Console,,,failed,False,2026-08-18T22:06:54.214613+09:00
Fluency Converter,,,failed,False,2026-08-27T23:32:54.562632+09:00
Fluency Core,,,failed,False,2026-08-18T22:05:17.781482+09:00
Fluency Cost,,,failed,False,2026-08-21T02:09:00.837465+09:00
Fluency Counter,20.0,0.0,success,False,2026-08-19T00:01:35.413805+09:00
Fluency Coupon,,,failed,False,2026-08-27T21:19:54.141367+09:00
Fluency Dashboard,,,failed,False,2026-08-18T22:10:38.085042+09:00
Fluency Deal,,,failed,False,2026-08-21T01:52:27.177299+09:00
Fluency Debt,,,failed,False,2026-08-21T02:24:52.539486+09:00
Fluency Deck,,,failed,False,2026-08-18T22:05:44.090365+09:00
Fluency Depot,,,failed,False,2026-08-19T00:01:18.833283+09:00
Fluency Desk,,,failed,False,2026-08-18T23:51:05.096853+09:00
Fluency Detail,,,failed,False,2026-08-23T03:20:42.703424+09:00
Fluency Detector,,,failed,False,2026-08-27T23:52:37.462117+09:00
Fluency Dial,,,failed,False,2026-08-18T22:07:12.146632+09:00
Fluency Digest,,,failed,False,2026-08-19T20:42:06.894940+09:00
Fluency Directory,,,failed,False,2026-08-19T00:00:54.845309+09:00
Fluency Dock,,,failed,False,2026-08-18T22:07:45.209206+09:00
Fluency Dossier,,,failed,False,2026-08-21T00:59:40.549783+09:00
Fluency Downpayment,,,failed,False,2026-08-27T21:50:56.215822+09:00
Fluency Draft,,,failed,False,2026-08-19T20:42:19.980728+09:00
Fluency Due,,,failed,False,2026-08-23T15:52:46.857399+09:00
Fluency Duty,10.0,0.0,success,False,2026-08-21T02:40:49.577434+09:00
Fluency Engine,,,failed,False,2026-08-18T22:09:27.931619+09:00
Fluency Entry,,,failed,False,2026-08-21T00:59:54.516148+09:00
Fluency Estimate,,,failed,False,2026-08-19T21:16:09.798326+09:00
Fluency Estimator,,,failed,False,2026-08-27T23:52:30.197940+09:00
Fluency Excerpt,,,failed,False,2026-08-21T01:01:57.606553+09:00
Fluency Fare,,,failed,False,2026-08-21T02:09:08.901398+09:00
Fluency Fee,,,failed,False,2026-08-21T01:52:04.897893+09:00
Fluency Feed,,,failed,False,2026-08-19T20:42:12.538195+09:00
Fluency Field,,,failed,False,2026-08-23T13:08:15.174863+09:00
Fluency File,,,failed,False,2026-08-19T20:41:37.796650+09:00
Fluency Finder,10.0,0.0,success,False,2026-08-19T00:01:12.720919+09:00
Fluency Fine,,,failed,False,2026-08-23T02:55:43.726129+09:00
Fluency Flag,,,failed,False,2026-08-21T00:24:43.469777+09:00
Fluency Flow,90.0,17.0,success,False,2026-08-18T23:51:05.096853+09:00
Fluency Forge,10.0,12.0,success,False,2026-08-18T23:51:05.096853+09:00
Fluency Form,,,failed,False,2026-08-19T13:41:59.783078+09:00
Fluency Format,,,failed,False,2026-08-23T13:08:17.193422+09:00
Fluency Frame,,,failed,False,2026-08-18T22:04:58.367673+09:00
Fluency Fund,,,failed,False,2026-08-21T02:25:01.097647+09:00
Fluency Gate,,,failed,False,2026-08-18T22:08:30.649181+09:00
Fluency Giveaway,,,failed,False,2026-08-27T21:19:58.870068+09:00
Fluency Grade,,,failed,False,2026-08-21T00:36:44.968976+09:00
Fluency Graph,590.0,2.0,success,False,2026-08-27T22:15:41.431097+09:00
Fluency Grid,50.0,1.0,success,False,2026-08-18T22:03:23.896977+09:00
Fluency Guarantee,10.0,1.0,success,False,2026-08-28T01:03:51.516264+09:00
Fluency Guard,,,failed,False,2026-08-18T23:51:05.096853+09:00
Fluency Guidebook,,,failed,False,2026-08-18T22:12:04.159201+09:00
Fluency Helpdesk,,,failed,False,2026-08-27T22:44:57.466905+09:00
Fluency Helper,10.0,29.0,success,False,2026-08-28T00:22:57.445324+09:00
Fluency History,,,failed,False,2026-08-19T20:41:30.953351+09:00
Fluency Hotline,,,failed,False,2026-08-19T21:16:32.174515+09:00
Fluency Hub,390.0,7.0,success,False,2026-08-18T23:51:05.096853+09:00
Fluency Identifier,,,failed,False,2026-08-23T13:08:07.144549+09:00
Fluency Incentive,,,failed,False,2026-08-27T21:19:58.870068+09:00
Fluency Index,10.0,0.0,success,False,2026-08-19T21:15:38.736251+09:00
Fluency Insight,,,failed,False,2026-08-18T22:10:14.241136+09:00
Fluency Item,,,failed,False,2026-08-21T01:52:12.646112+09:00
Fluency Journal,40.0,20.0,success,False,2026-08-18T22:11:45.045166+09:00
Fluency Keeper,,,failed,False,2026-08-18T22:09:03.479922+09:00
Fluency Kit,30.0,7.0,success,False,2026-08-27T22:44:50.273695+09:00
Fluency Lab,320.0,2.0,success,False,2026-08-18T22:06:01.196080+09:00
Fluency Label,,,failed,False,2026-08-27T22:15:49.874448+09:00
Fluency Ledger,,,failed,False,2026-08-18T22:05:25.774321+09:00
Fluency Lens,,,failed,False,2026-08-18T22:04:47.341629+09:00
Fluency Level,2400.0,3.0,success,False,2026-08-19T20:41:43.197527+09:00
Fluency Link,1300.0,1.0,success,False,2026-08-23T03:20:35.213515+09:00
Fluency List,10.0,0.0,success,False,2026-08-19T22:01:27.807092+09:00
Fluency Loan,,,failed,False,2026-08-21T02:09:12.482274+09:00
Fluency Locator,,,failed,False,2026-08-19T00:01:01.996823+09:00
Fluency Lock,,,failed,False,2026-08-18T22:04:27.693577+09:00
Fluency Log,110.0,14.0,success,False,2026-08-19T13:41:50.563536+09:00
Fluency Loop,,,failed,False,2026-08-18T22:03:11.971226+09:00
Fluency Manager,40.0,2.0,success,False,2026-08-18T22:09:11.269372+09:00
Fluency Manual,,,failed,False,2026-08-27T22:15:49.874448+09:00
Fluency Map,,,failed,False,2026-08-18T22:04:38.583463+09:00
Fluency Margin,,,failed,False,2026-08-23T02:55:41.389421+09:00
Fluency Markup,,,failed,False,2026-08-23T16:40:13.658560+09:00
Fluency Memo,,,failed,False,2026-08-21T00:36:48.316365+09:00
Fluency Meter,,,failed,False,2026-08-18T22:07:18.676319+09:00
Fluency Metrics,,,failed,False,2026-08-18T22:10:22.903886+09:00
Fluency Monitor,,,failed,False,2026-08-18T22:10:08.621452+09:00
Fluency Navigator,,,failed,False,2026-08-18T22:10:48.955418+09:00
Fluency Nexus,,,failed,False,2026-08-18T22:08:38.388583+09:00
Fluency Node,,,failed,False,2026-08-18T22:08:23.655372+09:00
Fluency Note,,,failed,False,2026-08-19T13:21:11.802983+09:00
Fluency Notification,,,failed,False,2026-08-27T22:44:46.439478+09:00
Fluency Number,,,failed,False,2026-08-23T03:20:27.097448+09:00
Fluency Office,,,failed,False,2026-08-19T00:01:28.091265+09:00
Fluency Ops,,,failed,False,2026-08-18T22:11:11.945944+09:00
Fluency Order,,,failed,False,2026-08-19T22:00:50.592987+09:00
Fluency Organizer,,,failed,False,2026-08-18T22:10:00.373367+09:00
Fluency Overage,,,failed,False,2026-08-27T21:50:54.080102+09:00
Fluency Overdue,,,failed,False,2026-08-27T21:50:49.400709+09:00
Fluency Panel,,,failed,False,2026-08-18T22:07:03.148226+09:00
Fluency Pass,3600.0,57.0,success,False,2026-08-21T00:36:18.143483+09:00
Fluency Path,20.0,11.0,success,False,2026-08-18T22:04:05.188286+09:00
Fluency Payoff,,,failed,False,2026-08-27T21:50:51.730845+09:00
Fluency Petition,,,failed,False,2026-08-21T00:59:34.151010+09:00
Fluency Pilot,,,failed,False,2026-08-18T23:51:05.096853+09:00
Fluency Plan,,,failed,False,2026-08-21T01:52:23.674188+09:00
Fluency Planner,10.0,39.0,success,False,2026-08-18T22:09:44.783040+09:00
Fluency Playbook,,,failed,False,2026-08-18T22:11:37.206712+09:00
Fluency Point,,,failed,False,2026-08-18T22:04:18.397619+09:00
Fluency Portal,,,failed,False,2026-08-18T22:06:45.698700+09:00
Fluency Profile,,,failed,False,2026-08-19T13:22:01.413587+09:00
Fluency Profit,,,failed,False,2026-08-23T02:55:35.353388+09:00
Fluency Pulse,,,failed,False,2026-08-18T22:03:44.456415+09:00
Fluency Queue,,,failed,False,2026-08-19T21:15:58.285929+09:00
Fluency Quota,,,failed,False,2026-08-21T00:36:53.427787+09:00
Fluency Radar,,,failed,False,2026-08-18T23:51:05.096853+09:00
Fluency Rail,,,failed,False,2026-08-18T22:07:51.533580+09:00
Fluency Rate,90.0,0.0,success,False,2026-08-19T20:41:51.151726+09:00
Fluency Recap,,,failed,False,2026-08-21T00:59:46.357323+09:00
Fluency Receipt,,,failed,False,2026-08-19T22:01:08.341225+09:00
Fluency Recorder,,,failed,False,2026-08-27T23:33:00.078931+09:00
Fluency Register,,,failed,False,2026-08-18T22:11:03.707718+09:00
Fluency Registry,,,failed,False,2026-08-18T22:12:10.821921+09:00
Fluency Relay,,,failed,False,2026-08-18T23:51:05.096853+09:00
Fluency Reminder,,,failed,False,2026-08-19T21:15:17.337039+09:00
Fluency Report,,,failed,False,2026-08-19T13:41:39.168311+09:00
Fluency Result,,,failed,False,2026-08-28T00:46:39.262631+09:00
Fluency Ring,,,failed,False,2026-08-18T22:08:15.553962+09:00
Fluency Roadmap,,,failed,False,2026-08-18T23:51:05.096853+09:00
Fluency Roster,,,failed,False,2026-08-19T00:37:06.709542+09:00
Fluency Route,170.0,50.0,success,False,2026-08-18T22:07:36.107745+09:00
Fluency Rule,,,failed,False,2026-08-23T03:20:39.175053+09:00
Fluency Sale,,,failed,False,2026-08-21T02:25:06.190150+09:00
Fluency Sample,,,failed,False,2026-08-19T22:02:09.365210+09:00
Fluency Scale,140.0,0.0,success,False,2026-08-18T22:07:28.261653+09:00
Fluency Scanner,,,failed,False,2026-08-27T23:52:35.044281+09:00
Fluency Scheduler,,,failed,False,2026-08-18T22:09:52.210960+09:00
Fluency Scope,,,failed,False,2026-08-18T22:03:00.985111+09:00
Fluency Score,70.0,6.0,success,False,2026-08-19T13:20:54.330811+09:00
Fluency Sentry,,,failed,False,2026-08-18T22:08:57.073323+09:00
Fluency Sheet,90.0,21.0,success,False,2026-08-19T13:42:25.449993+09:00
Fluency Shortfall,,,failed,False,2026-08-27T21:50:58.340520+09:00
Fluency Signal,,,failed,False,2026-08-18T22:02:40.368007+09:00
Fluency Slip,,,failed,False,2026-08-19T22:01:59.739197+09:00
Fluency Slot,,,failed,False,2026-08-19T22:02:22.489790+09:00
Fluency Snapshot,,,failed,False,2026-08-18T22:11:53.253087+09:00
Fluency Stage,10.0,0.0,success,False,2026-08-28T00:46:36.452526+09:00
Fluency Stake,,,failed,False,2026-08-23T02:55:38.114180+09:00
Fluency Statement,,,failed,False,2026-08-21T00:36:35.821010+09:00
Fluency Station,40.0,19.0,success,False,2026-08-18T22:06:09.670880+09:00
Fluency Status,,,failed,False,2026-08-19T20:41:13.496418+09:00
Fluency Stipend,,,failed,False,2026-08-23T13:48:06.578216+09:00
Fluency Streak,10.0,7.0,success,False,2026-08-28T00:46:39.262631+09:00
Fluency Stub,,,failed,False,2026-08-21T00:36:33.618056+09:00
Fluency Studio,10.0,9.0,success,False,2026-08-18T22:05:52.087342+09:00
Fluency Subsidy,,,failed,False,2026-08-23T15:52:48.928193+09:00
Fluency Suite,,,failed,False,2026-08-18T22:09:19.506375+09:00
Fluency Sum,,,failed,False,2026-08-21T02:24:48.796566+09:00
Fluency Summary,,,failed,False,2026-08-19T21:14:49.838669+09:00
Fluency Sync,,,failed,False,2026-08-18T23:51:05.096853+09:00
Fluency Tab,,,failed,False,2026-08-21T00:24:51.764822+09:00
Fluency Table,50.0,2.0,success,False,2026-08-19T22:01:39.954435+09:00
Fluency Tag,,,failed,False,2026-08-19T13:21:49.505722+09:00
Fluency Tally,,,failed,False,2026-08-21T00:36:40.261906+09:00
Fluency Tariff,,,failed,False,2026-08-21T02:41:05.925111+09:00
Fluency Tax,,,failed,False,2026-08-21T02:09:08.901398+09:00
Fluency Terminal,,,failed,False,2026-08-18T22:06:18.385841+09:00
Fluency Ticket,,,failed,False,2026-08-19T21:15:48.074960+09:00
Fluency Timeline,,,failed,False,2026-08-19T21:15:02.782218+09:00
Fluency Toll,,,failed,False,2026-08-21T02:40:59.157491+09:00
Fluency Toolbox,20.0,0.0,success,False,2026-08-28T00:22:54.713063+09:00
Fluency Toolkit,,,failed,False,2026-08-18T22:11:30.674698+09:00
Fluency Total,,,failed,False,2026-08-27T23:10:37.523000+09:00
Fluency Tracker,260.0,17.0,success,False,2026-08-18T23:51:05.096853+09:00
Fluency Trail,,,failed,False,2026-08-18T22:08:00.506560+09:00
Fluency Trend,,,failed,False,2026-08-28T01:03:43.206787+09:00
Fluency Trial,,,failed,False,2026-08-27T21:19:56.366947+09:00
Fluency Unit,,,failed,False,2026-08-21T01:52:16.580435+09:00
Fluency Update,,,failed,False,2026-08-19T20:41:57.553937+09:00
Fluency Value,,,failed,False,2026-08-23T02:55:35.353388+09:00
Fluency Vault,,,failed,False,2026-08-18T23:51:05.096853+09:00
Fluency Version,,,failed,False,2026-08-23T03:20:32.320134+09:00
Fluency View,,,failed,False,2026-08-19T20:41:22.304179+09:00
Fluency Voucher,,,failed,False,2026-08-21T00:36:23.638187+09:00
Fluency Watch,,,failed,False,2026-08-18T22:02:50.623197+09:00
Fluency Wave,,,failed,False,2026-08-18T22:03:55.697842+09:00
Fluency Widget,,,failed,False,2026-08-27T23:10:37.523000+09:00
Fluency Workbench,,,failed,False,2026-08-18T22:11:19.240583+09:00
Fluency Worksheet,210.0,11.0,success,False,2026-08-27T22:15:52.757907+09:00
Fluency Workshop,90.0,2.0,success,False,2026-08-28T00:22:52.095414+09:00
Fluency Zone,390.0,3.0,success,False,2026-08-18T22:06:37.464016+09:00
Fob Advisory,,,failed,False,2026-08-21T01:06:45.397337+09:00
Fob Alert,10.0,0.0,success,False,2026-08-19T21:16:16.247165+09:00
Fob Allowance,,,failed,False,2026-08-21T02:45:09.656384+09:00
Fob Analyzer,,,failed,False,2026-08-27T23:55:03.182011+09:00
Fob Asset,,,failed,False,2026-08-23T13:47:31.255092+09:00
Fob Assistant,,,failed,False,2026-08-19T21:10:55.875332+09:00
Fob Attribute,,,failed,False,2026-08-23T13:06:31.775349+09:00
Fob Badge,40.0,20.0,success,False,2026-08-21T00:31:05.602481+09:00
Fob Balance,,,failed,False,2026-08-23T13:47:27.498118+09:00
Fob Base,2900.0,0.0,success,True,2026-08-19T21:06:06.633142+09:00
Fob Beacon,,,failed,False,2026-08-19T21:31:35.907614+09:00
Fob Bill,,,failed,False,2026-08-19T22:06:22.029176+09:00
Fob Bin,,,failed,False,2026-08-19T21:16:41.047984+09:00
Fob Board,50.0,1.0,success,False,2026-08-19T21:06:39.226294+09:00
Fob Book,20.0,0.0,success,False,2026-08-19T22:07:18.055706+09:00
Fob Bridge,1000.0,0.0,success,True,2026-08-19T21:03:49.756847+09:00
Fob Brief,,,failed,False,2026-08-21T01:06:31.516088+09:00
Fob Bulletin,,,failed,False,2026-08-21T01:06:25.514755+09:00
Fob Calendar,,,failed,False,2026-08-19T21:12:43.604286+09:00
Fob Card,590.0,73.0,success,False,2026-08-19T21:18:26.718972+09:00
Fob Cascade,,,failed,False,2026-08-19T21:03:32.051785+09:00
Fob Cash,,,failed,False,2026-08-21T02:28:46.160203+09:00
Fob Cashback,,,failed,False,2026-08-27T21:19:56.366947+09:00
Fob Category,,,failed,False,2026-08-23T13:06:29.194377+09:00
Fob Center,,,failed,False,2026-08-19T21:07:40.402937+09:00
Fob Chain,2400.0,77.0,success,False,2026-08-19T21:09:18.934477+09:00
Fob Charge,590.0,3.0,success,False,2026-08-21T02:44:59.003058+09:00
Fob Chart,30.0,0.0,success,False,2026-08-19T21:16:27.560091+09:00
Fob Check,20.0,0.0,success,False,2026-08-19T21:18:48.274039+09:00
Fob Checker,,,failed,False,2026-08-27T23:54:52.993731+09:00
Fob Circular,,,failed,False,2026-08-21T01:06:36.051415+09:00
Fob Code,90.0,7.0,success,False,2026-08-19T22:06:41.403506+09:00
Fob Companion,,,failed,False,2026-08-19T21:11:37.631930+09:00
Fob Comparison,,,failed,False,2026-08-28T01:06:21.038746+09:00
Fob Compass,170.0,46.0,success,False,2026-08-19T21:31:27.001536+09:00
Fob Confirmation,,,failed,False,2026-08-21T01:06:53.303863+09:00
Fob Console,,,failed,False,2026-08-19T21:08:09.987838+09:00
Fob Contribution,,,failed,False,2026-08-23T16:16:29.053349+09:00
Fob Converter,10.0,0.0,success,False,2026-08-27T23:33:53.153275+09:00
Fob Core,,,failed,False,2026-08-19T21:06:16.769807+09:00
Fob Cost,1000.0,4.0,success,False,2026-08-21T02:11:38.732794+09:00
Fob Count,,,failed,False,2026-08-27T22:46:05.352618+09:00
Fob Counter,,,failed,False,2026-08-19T21:13:44.257474+09:00
Fob Coupon,,,failed,False,2026-08-27T21:19:54.141367+09:00
Fob Deal,10.0,0.0,success,False,2026-08-21T01:55:03.003035+09:00
Fob Debt,,,failed,False,2026-08-21T02:28:36.980709+09:00
Fob Deck,,,failed,False,2026-08-19T21:06:47.923280+09:00
Fob Desk,,,failed,False,2026-08-19T21:30:59.491804+09:00
Fob Detail,,,failed,False,2026-08-23T03:16:36.835162+09:00
Fob Detector,260.0,100.0,success,False,2026-08-27T23:54:58.395846+09:00
Fob Directory,,,failed,False,2026-08-19T21:12:55.345811+09:00
Fob Discount,10.0,2.0,success,False,2026-08-23T16:16:26.754683+09:00
Fob Dossier,,,failed,False,2026-08-21T01:06:58.606298+09:00
Fob Draft,,,failed,False,2026-08-19T21:29:44.160374+09:00
Fob Due,,,failed,False,2026-08-23T15:52:28.857053+09:00
Fob Duty,10.0,0.0,success,False,2026-08-21T02:45:01.493449+09:00
Fob Engine,,,failed,False,2026-08-19T21:10:42.484655+09:00
Fob Entry,210.0,82.0,success,False,2026-08-21T01:07:15.275377+09:00
Fob Estimate,,,failed,False,2026-08-19T21:30:26.736781+09:00
Fob Estimator,,,failed,False,2026-08-27T23:54:52.993731+09:00
Fob Excerpt,,,failed,False,2026-08-21T01:07:09.616987+09:00
Fob Fare,,,failed,False,2026-08-21T02:11:43.167775+09:00
Fob Fee,90.0,2.0,success,False,2026-08-21T01:54:45.555150+09:00
Fob Feed,,,failed,False,2026-08-19T21:29:38.081788+09:00
Fob File,30.0,0.0,success,False,2026-08-19T21:29:07.329786+09:00
Fob Finder,90.0,99.0,success,False,2026-08-19T21:13:19.288024+09:00
Fob Fine,,,failed,False,2026-08-23T02:52:39.945062+09:00
Fob Flag,20.0,0.0,success,False,2026-08-21T00:31:52.807063+09:00
Fob Flow,,,failed,False,2026-08-19T21:30:40.784781+09:00
Fob Forge,320.0,0.0,success,False,2026-08-19T21:31:45.728679+09:00
Fob Form,20.0,2.0,success,False,2026-08-19T21:18:14.475118+09:00
Fob Format,10.0,0.0,success,False,2026-08-23T13:06:36.915804+09:00
Fob Frame,,,failed,False,2026-08-19T21:05:54.912887+09:00
Fob Fund,,,failed,False,2026-08-21T02:28:40.448172+09:00
Fob Gate,720.0,100.0,success,False,2026-08-19T21:09:44.414904+09:00
Fob Generator,10.0,33.0,success,False,2026-08-27T23:33:58.782801+09:00
Fob Giveaway,,,failed,False,2026-08-27T21:20:01.117686+09:00
Fob Grade,,,failed,False,2026-08-21T00:31:30.142352+09:00
Fob Grid,,,failed,False,2026-08-19T21:04:53.638566+09:00
Fob Guarantee,,,failed,False,2026-08-28T01:06:26.504545+09:00
Fob Guardian,20.0,0.0,success,False,2026-08-28T00:24:53.833495+09:00
Fob Harbor,,,failed,False,2026-08-19T21:15:22.705045+09:00
Fob Helpdesk,,,failed,False,2026-08-27T22:46:05.352618+09:00
Fob Helper,,,failed,False,2026-08-28T00:24:56.382213+09:00
Fob History,10.0,0.0,success,False,2026-08-19T21:29:00.879622+09:00
Fob Hub,,,failed,False,2026-08-19T21:30:49.393699+09:00
Fob Identifier,,,failed,False,2026-08-23T13:06:27.049949+09:00
Fob Inbox,,,failed,False,2026-08-19T21:16:06.341907+09:00
Fob Incentive,,,failed,False,2026-08-27T21:19:58.870068+09:00
Fob Index,,,failed,False,2026-08-19T21:30:14.177717+09:00
Fob Installment,,,failed,False,2026-08-23T16:16:26.754683+09:00
Fob Item,40.0,1.0,success,False,2026-08-21T01:54:44.608475+09:00
Fob Journal,,,failed,False,2026-08-19T21:12:24.209579+09:00
Fob Keeper,,,failed,False,2026-08-19T21:10:20.581807+09:00
Fob Kiosk,10.0,22.0,success,False,2026-08-19T21:14:14.890297+09:00
Fob Kit,140.0,31.0,success,False,2026-08-27T22:45:58.509654+09:00
Fob Label,10.0,36.0,success,False,2026-08-27T22:15:52.757907+09:00
Fob Ledger,,,failed,False,2026-08-19T21:06:30.155036+09:00
Fob Level,,,failed,False,2026-08-19T21:29:16.026683+09:00
Fob Line,,,failed,False,2026-08-19T21:17:29.124164+09:00
Fob Link,,,failed,False,2026-08-23T03:16:26.068243+09:00
Fob List,110.0,0.0,success,False,2026-08-19T22:06:53.339068+09:00
Fob Loan,,,failed,False,2026-08-21T02:11:50.760630+09:00
Fob Locator,170.0,15.0,success,False,2026-08-19T21:13:07.301000+09:00
Fob Locker,20.0,8.0,success,False,2026-08-19T21:13:54.945157+09:00
Fob Log,320.0,3.0,success,False,2026-08-19T21:18:03.656517+09:00
Fob Loop,,,failed,False,2026-08-19T21:04:40.695118+09:00
Fob Manager,30.0,4.0,success,False,2026-08-19T21:10:31.479524+09:00
Fob Manual,,,failed,False,2026-08-27T22:15:55.055044+09:00
Fob Map,368000.0,43.0,success,False,2026-08-19T21:05:41.663242+09:00
Fob Margin,,,failed,False,2026-08-23T02:52:37.533661+09:00
Fob Markup,,,failed,False,2026-08-23T16:40:09.543730+09:00
Fob Memo,,,failed,False,2026-08-21T00:31:38.357083+09:00
Fob Monitor,10.0,45.0,success,False,2026-08-19T21:11:25.521014+09:00
Fob Nexus,,,failed,False,2026-08-19T21:09:55.427058+09:00
Fob Note,,,failed,False,2026-08-19T21:19:14.051362+09:00
Fob Notification,,,failed,False,2026-08-27T22:45:55.749339+09:00
Fob Number,260.0,4.0,success,False,2026-08-23T03:16:19.788711+09:00
Fob Ops,,,failed,False,2026-08-19T21:11:59.918866+09:00
Fob Order,90.0,12.0,success,False,2026-08-19T22:06:09.459067+09:00
Fob Outpost,,,failed,False,2026-08-19T21:15:00.223476+09:00
Fob Overage,,,failed,False,2026-08-27T21:50:58.340520+09:00
Fob Overdue,,,failed,False,2026-08-27T21:50:54.080102+09:00
Fob Panel,20.0,19.0,success,False,2026-08-19T21:08:21.181421+09:00
Fob Pass,50.0,44.0,success,False,2026-08-21T00:30:53.488074+09:00
Fob Passport,,,failed,False,2026-08-19T21:16:53.658254+09:00
Fob Path,,,failed,False,2026-08-19T21:05:15.949286+09:00
Fob Payoff,,,failed,False,2026-08-27T21:50:56.215822+09:00
Fob Penalty,,,failed,False,2026-08-23T16:40:09.543730+09:00
Fob Petition,,,failed,False,2026-08-21T01:06:48.856434+09:00
Fob Plan,,,failed,False,2026-08-21T01:54:58.367500+09:00
Fob Planner,,,failed,False,2026-08-19T21:11:07.162763+09:00
Fob Playbook,,,failed,False,2026-08-19T21:12:12.315865+09:00
Fob Plaza,,,failed,False,2026-08-19T21:15:11.193054+09:00
Fob Point,720.0,2.0,success,False,2026-08-19T21:05:30.373866+09:00
Fob Portal,,,failed,False,2026-08-19T21:08:00.939328+09:00
Fob Preview,,,failed,False,2026-08-28T01:06:23.726095+09:00
Fob Profile,,,failed,False,2026-08-19T21:19:39.587475+09:00
Fob Profit,,,failed,False,2026-08-23T02:52:30.798474+09:00
Fob Proposal,10.0,0.0,success,False,2026-08-28T01:06:26.504545+09:00
Fob Quota,,,failed,False,2026-08-21T00:31:43.518986+09:00
Fob Radar,,,failed,False,2026-08-19T21:31:05.316836+09:00
Fob Rail,,,failed,False,2026-08-19T21:08:54.298412+09:00
Fob Rate,170.0,2.0,success,False,2026-08-19T21:29:24.641827+09:00
Fob Recap,,,failed,False,2026-08-21T01:07:02.843245+09:00
Fob Receipt,,,failed,False,2026-08-19T22:06:32.723316+09:00
Fob Recorder,,,failed,False,2026-08-27T23:33:58.782801+09:00
Fob Register,,,failed,False,2026-08-19T21:11:48.091080+09:00
Fob Relay,10.0,2.0,success,False,2026-08-19T21:31:12.885816+09:00
Fob Reminder,,,failed,False,2026-08-19T21:30:05.370784+09:00
Fob Report,320.0,0.0,success,False,2026-08-19T21:17:55.830991+09:00
Fob Result,590.0,0.0,success,False,2026-08-28T00:47:45.290833+09:00
Fob Ring,70.0,82.0,success,False,2026-08-19T21:09:32.906956+09:00
Fob Roster,,,failed,False,2026-08-19T21:15:56.084621+09:00
Fob Route,,,failed,False,2026-08-19T21:08:42.108199+09:00
Fob Rule,,,failed,False,2026-08-23T03:16:31.986562+09:00
Fob Sale,480.0,1.0,success,False,2026-08-21T02:28:50.660826+09:00
Fob Sample,40.0,0.0,success,False,2026-08-19T22:07:37.028999+09:00
Fob Scanner,260.0,26.0,success,False,2026-08-27T23:54:55.608336+09:00
Fob Scheduler,,,failed,False,2026-08-19T21:11:14.866023+09:00
Fob Schematic,,,failed,False,2026-08-27T22:28:39.838514+09:00
Fob Scope,30.0,1.0,success,False,2026-08-19T21:04:27.192873+09:00
Fob Score,30.0,4.0,success,False,2026-08-19T21:19:03.809657+09:00
Fob Serial,,,failed,False,2026-08-23T13:27:43.093757+09:00
Fob Sheet,,,failed,False,2026-08-19T21:18:36.412771+09:00
Fob Shelf,,,failed,False,2026-08-19T21:15:44.600624+09:00
Fob Signal,50.0,0.0,success,False,2026-08-19T21:04:01.717737+09:00
Fob Slip,,,failed,False,2026-08-19T22:07:25.606827+09:00
Fob Slot,,,failed,False,2026-08-19T22:07:56.620143+09:00
Fob Stake,,,failed,False,2026-08-23T02:52:35.436753+09:00
Fob Statement,,,failed,False,2026-08-21T00:31:17.519824+09:00
Fob Station,,,failed,False,2026-08-19T21:07:21.562422+09:00
Fob Status,,,failed,False,2026-08-19T21:19:50.890463+09:00
Fob Sum,,,failed,False,2026-08-21T02:28:33.010940+09:00
Fob Summary,,,failed,False,2026-08-19T21:29:51.150185+09:00
Fob Table,10.0,0.0,success,False,2026-08-19T22:07:01.913828+09:00
Fob Tag,140.0,81.0,success,False,2026-08-19T21:19:25.343582+09:00
Fob Tally,,,failed,False,2026-08-21T00:31:22.902026+09:00
Fob Tariff,10.0,0.0,success,False,2026-08-21T02:45:09.656384+09:00
Fob Tax,20.0,0.0,success,False,2026-08-21T02:11:46.716437+09:00
Fob Terminal,,,failed,False,2026-08-19T21:07:31.125995+09:00
Fob Ticker,,,failed,False,2026-08-19T21:17:18.865865+09:00
Fob Ticket,170.0,1.0,success,False,2026-08-19T21:30:20.208348+09:00
Fob Tier,,,failed,False,2026-08-28T00:47:48.349607+09:00
Fob Timeline,,,failed,False,2026-08-19T21:29:57.691182+09:00
Fob Toll,,,failed,False,2026-08-21T02:45:04.527835+09:00
Fob Toolbox,,,failed,False,2026-08-28T00:24:56.382213+09:00
Fob Total,170.0,3.0,success,False,2026-08-27T23:11:44.740129+09:00
Fob Tower,,,failed,False,2026-08-19T21:15:33.096576+09:00
Fob Tracker,480.0,95.0,success,False,2026-08-19T21:30:35.144264+09:00
Fob Trail,10.0,0.0,success,False,2026-08-19T21:09:04.357233+09:00
Fob Trend,,,failed,False,2026-08-28T01:06:21.038746+09:00
Fob Trial,,,failed,False,2026-08-27T21:19:58.870068+09:00
Fob Unit,40.0,4.0,success,False,2026-08-21T01:54:53.118600+09:00
Fob Update,,,failed,False,2026-08-19T21:29:30.457441+09:00
Fob Value,1600.0,1.0,success,False,2026-08-23T02:52:33.355566+09:00
Fob Vault,,,failed,False,2026-08-19T21:31:19.157381+09:00
Fob Version,,,failed,False,2026-08-23T03:16:23.757716+09:00
Fob View,,,failed,False,2026-08-19T21:20:03.565098+09:00
Fob Voucher,,,failed,False,2026-08-21T00:31:01.051294+09:00
Fob Wallet,30.0,100.0,success,False,2026-08-27T22:46:02.765409+09:00
Fob Watch,12100.0,100.0,success,False,2026-08-19T21:04:13.651960+09:00
Fob Wave,,,failed,False,2026-08-19T21:05:05.946905+09:00
Fob Widget,,,failed,False,2026-08-27T23:11:44.740129+09:00
Fob Worksheet,,,failed,False,2026-08-27T22:06:37.910338+09:00
Fob Workshop,,,failed,False,2026-08-28T00:24:51.336275+09:00
Fob Zone,,,failed,False,2026-08-19T21:07:51.410434+09:00
Foreclosure Advance,,,failed,False,2026-08-23T16:17:10.658953+09:00
Foreclosure Alert,10.0,27.0,success,False,2026-08-21T01:36:01.282169+09:00
Foreclosure Allowance,,,failed,False,2026-08-21T02:37:53.787359+09:00
Foreclosure Analyzer,,,failed,False,2026-08-27T23:56:30.078148+09:00
Foreclosure Announcement,10.0,43.0,success,False,2026-08-27T23:34:39.372847+09:00
Foreclosure Arrears,,,failed,False,2026-08-23T16:17:06.545040+09:00
Foreclosure Asset,,,failed,False,2026-08-23T13:48:00.316866+09:00
Foreclosure Atlas,10.0,1.0,success,False,2026-08-21T01:42:22.878879+09:00
Foreclosure Badge,,,failed,False,2026-08-21T01:38:40.726969+09:00
Foreclosure Balance,10.0,0.0,success,False,2026-08-23T13:48:00.316866+09:00
Foreclosure Base,,,failed,False,2026-08-21T01:41:02.771886+09:00
Foreclosure Beacon,,,failed,False,2026-08-21T01:40:12.068388+09:00
Foreclosure Bill,10.0,0.0,success,False,2026-08-21T01:37:55.040790+09:00
Foreclosure Bin,,,failed,False,2026-08-21T01:36:01.282169+09:00
Foreclosure Board,,,failed,False,2026-08-21T01:41:14.289680+09:00
Foreclosure Bridge,,,failed,False,2026-08-21T01:40:26.570038+09:00
Foreclosure Brief,,,failed,False,2026-08-21T01:39:07.193029+09:00
Foreclosure Bulletin,,,failed,False,2026-08-21T01:39:01.261860+09:00
Foreclosure Cabinet,,,failed,False,2026-08-27T23:12:50.672441+09:00
Foreclosure Card,,,failed,False,2026-08-21T01:36:03.373183+09:00
Foreclosure Cascade,,,failed,False,2026-08-21T01:40:19.724237+09:00
Foreclosure Cash,10.0,9.0,success,False,2026-08-21T02:30:41.751111+09:00
Foreclosure Cashback,,,failed,False,2026-08-27T21:13:54.337464+09:00
Foreclosure Category,,,failed,False,2026-08-23T13:07:20.154329+09:00
Foreclosure Center,10.0,38.0,success,False,2026-08-21T01:41:35.548332+09:00
Foreclosure Chain,,,failed,False,2026-08-21T01:42:07.777661+09:00
Foreclosure Charge,90.0,1.0,success,False,2026-08-21T02:37:37.997164+09:00
Foreclosure Chart,90.0,0.0,success,False,2026-08-21T01:36:01.282169+09:00
Foreclosure Check,50.0,40.0,success,False,2026-08-21T01:36:03.373183+09:00
Foreclosure Checker,,,failed,False,2026-08-27T23:56:22.652242+09:00
Foreclosure Code,,,failed,False,2026-08-21T01:38:06.302240+09:00
Foreclosure Comparison,,,failed,False,2026-08-28T01:07:35.564975+09:00
Foreclosure Confirmation,,,failed,False,2026-08-21T01:39:27.131441+09:00
Foreclosure Console,,,failed,False,2026-08-21T01:41:46.462785+09:00
Foreclosure Contribution,,,failed,False,2026-08-23T16:17:04.207592+09:00
Foreclosure Core,,,failed,False,2026-08-21T01:41:06.507181+09:00
Foreclosure Cost,70.0,0.0,success,False,2026-08-21T02:13:28.177261+09:00
Foreclosure Count,10.0,0.0,success,False,2026-08-27T22:47:20.471641+09:00
Foreclosure Counter,,,failed,False,2026-08-21T01:43:45.085248+09:00
Foreclosure Coupon,,,failed,False,2026-08-27T21:13:54.337464+09:00
Foreclosure Deal,50.0,50.0,success,False,2026-08-21T01:57:02.115497+09:00
Foreclosure Debt,20.0,1.0,success,False,2026-08-21T02:30:33.788820+09:00
Foreclosure Deck,,,failed,False,2026-08-21T01:41:18.223212+09:00
Foreclosure Desk,,,failed,False,2026-08-21T01:39:52.762519+09:00
Foreclosure Detail,,,failed,False,2026-08-23T03:18:41.681571+09:00
Foreclosure Detector,,,failed,False,2026-08-27T23:56:27.794878+09:00
Foreclosure Directory,10.0,,success,False,2026-08-21T01:43:25.178324+09:00
Foreclosure Discount,10.0,0.0,success,False,2026-08-23T16:17:00.383036+09:00
Foreclosure Draft,,,failed,False,2026-08-21T01:37:24.140763+09:00
Foreclosure Due,,,failed,False,2026-08-23T15:52:50.933121+09:00
Foreclosure Duty,,,failed,False,2026-08-21T02:37:42.077569+09:00
Foreclosure Engine,,,failed,False,2026-08-21T01:42:37.393096+09:00
Foreclosure Entry,,,failed,False,2026-08-21T01:39:35.935414+09:00
Foreclosure Estimate,10.0,0.0,success,False,2026-08-21T01:37:46.611348+09:00
Foreclosure Estimator,,,failed,False,2026-08-27T23:56:22.652242+09:00
Foreclosure Extension,10.0,40.0,success,False,2026-08-23T16:37:06.410620+09:00
Foreclosure Fare,,,failed,False,2026-08-21T02:13:39.971656+09:00
Foreclosure Fee,260.0,1.0,success,False,2026-08-21T01:56:48.479807+09:00
Foreclosure Feed,,,failed,False,2026-08-21T01:37:21.821672+09:00
Foreclosure File,50.0,1.0,success,False,2026-08-21T01:37:05.417257+09:00
Foreclosure Fine,,,failed,False,2026-08-23T02:53:58.718739+09:00
Foreclosure Flow,,,failed,False,2026-08-21T01:39:45.118535+09:00
Foreclosure Forge,,,failed,False,2026-08-21T01:40:17.321567+09:00
Foreclosure Form,70.0,8.0,success,False,2026-08-21T01:36:03.373183+09:00
Foreclosure Format,70.0,8.0,success,False,2026-08-23T13:07:26.060181+09:00
Foreclosure Frame,,,failed,False,2026-08-21T01:41:00.703725+09:00
Foreclosure Fund,20.0,47.0,success,False,2026-08-21T02:30:37.873895+09:00
Foreclosure Gate,10.0,0.0,success,False,2026-08-21T01:42:13.880844+09:00
Foreclosure Giveaway,,,failed,False,2026-08-27T21:14:04.974327+09:00
Foreclosure Graph,50.0,0.0,success,False,2026-08-27T22:07:57.599246+09:00
Foreclosure Grid,,,failed,False,2026-08-21T01:40:42.553901+09:00
Foreclosure Guarantee,10.0,0.0,success,False,2026-08-28T01:07:44.108969+09:00
Foreclosure Guardian,,,failed,False,2026-08-28T00:25:51.267385+09:00
Foreclosure Helpdesk,,,failed,False,2026-08-27T22:47:24.172994+09:00
Foreclosure Helper,,,failed,False,2026-08-28T00:25:53.963495+09:00
Foreclosure History,50.0,3.0,success,False,2026-08-21T01:36:59.790111+09:00
Foreclosure Hub,140.0,9.0,success,False,2026-08-21T01:39:47.385700+09:00
Foreclosure Identifier,,,failed,False,2026-08-23T13:07:20.154329+09:00
Foreclosure Inbox,,,failed,False,2026-08-21T01:36:01.282169+09:00
Foreclosure Incentive,10.0,0.0,success,False,2026-08-27T21:13:56.719259+09:00
Foreclosure Index,10.0,0.0,success,False,2026-08-21T01:37:39.215530+09:00
Foreclosure Installment,,,failed,False,2026-08-23T16:17:04.207592+09:00
Foreclosure Interest,10.0,0.0,success,False,2026-08-23T13:48:00.316866+09:00
Foreclosure Item,,,failed,False,2026-08-21T01:56:51.063242+09:00
Foreclosure Journal,,,failed,False,2026-08-21T01:43:12.278953+09:00
Foreclosure Keeper,,,failed,False,2026-08-21T01:42:29.387533+09:00
Foreclosure Kit,10.0,,success,False,2026-08-27T22:47:10.971037+09:00
Foreclosure Lab,,,failed,False,2026-08-21T01:41:22.153477+09:00
Foreclosure Label,,,failed,False,2026-08-27T22:08:00.127291+09:00
Foreclosure Ledger,,,failed,False,2026-08-21T01:41:08.747647+09:00
Foreclosure Level,,,failed,False,2026-08-21T01:37:07.808277+09:00
Foreclosure Line,,,failed,False,2026-08-21T01:36:01.282169+09:00
Foreclosure Link,10.0,13.0,success,False,2026-08-23T03:18:33.193002+09:00
Foreclosure List,5400.0,21.0,success,False,2026-08-21T01:38:12.819970+09:00
Foreclosure Loan,1000.0,17.0,success,False,2026-08-21T02:13:47.898953+09:00
Foreclosure Lobby,,,failed,False,2026-08-21T01:36:01.282169+09:00
Foreclosure Locator,10.0,,success,False,2026-08-21T01:43:31.469604+09:00
Foreclosure Locker,,,failed,False,2026-08-21T01:43:50.237250+09:00
Foreclosure Log,,,failed,False,2026-08-21T01:36:03.373183+09:00
Foreclosure Loop,,,failed,False,2026-08-21T01:40:37.729948+09:00
Foreclosure Manual,10.0,,success,False,2026-08-27T22:08:02.909734+09:00
Foreclosure Map,110.0,28.0,success,False,2026-08-21T01:40:55.486600+09:00
Foreclosure Margin,,,failed,False,2026-08-23T02:53:56.783780+09:00
Foreclosure Memo,,,failed,False,2026-08-21T01:38:52.841882+09:00
Foreclosure Message,,,failed,False,2026-08-27T23:12:44.367905+09:00
Foreclosure Monitor,10.0,,success,False,2026-08-21T01:42:51.256978+09:00
Foreclosure Nexus,,,failed,False,2026-08-21T01:42:20.086183+09:00
Foreclosure Note,10.0,0.0,success,False,2026-08-21T01:36:39.432784+09:00
Foreclosure Notification,10.0,14.0,success,False,2026-08-27T22:47:08.510624+09:00
Foreclosure Number,90.0,3.0,success,False,2026-08-23T03:18:21.895981+09:00
Foreclosure Office,30.0,4.0,success,False,2026-08-21T01:43:42.058918+09:00
Foreclosure Ops,,,failed,False,2026-08-21T01:43:00.390217+09:00
Foreclosure Order,50.0,2.0,success,False,2026-08-21T01:37:51.952894+09:00
Foreclosure Overdraft,,,failed,False,2026-08-23T15:52:50.933121+09:00
Foreclosure Overdue,,,failed,False,2026-08-27T21:46:10.871215+09:00
Foreclosure Panel,,,failed,False,2026-08-21T01:41:48.955996+09:00
Foreclosure Pass,,,failed,False,2026-08-21T01:38:34.046103+09:00
Foreclosure Passport,,,failed,False,2026-08-21T01:36:01.282169+09:00
Foreclosure Path,,,failed,False,2026-08-21T01:40:50.890695+09:00
Foreclosure Payoff,10.0,5.0,success,False,2026-08-27T21:46:13.321425+09:00
Foreclosure Penalty,40.0,0.0,success,False,2026-08-23T16:37:04.042408+09:00
Foreclosure Petition,30.0,0.0,success,False,2026-08-21T01:39:25.000691+09:00
Foreclosure Plan,10.0,0.0,success,False,2026-08-21T01:56:56.625625+09:00
Foreclosure Planner,,,failed,False,2026-08-21T01:42:43.370438+09:00
Foreclosure Playbook,,,failed,False,2026-08-21T01:43:03.421356+09:00
Foreclosure Point,10.0,,success,False,2026-08-21T01:40:53.074721+09:00
Foreclosure Portal,,,failed,False,2026-08-21T01:41:44.452509+09:00
Foreclosure Preview,,,failed,False,2026-08-28T01:07:38.587205+09:00
Foreclosure Profile,,,failed,False,2026-08-21T01:36:47.067872+09:00
Foreclosure Profit,10.0,0.0,success,False,2026-08-23T02:53:49.996059+09:00
Foreclosure Proposal,10.0,0.0,success,False,2026-08-28T01:07:41.597003+09:00
Foreclosure Quota,,,failed,False,2026-08-21T01:38:54.698036+09:00
Foreclosure Radar,390.0,49.0,success,False,2026-08-21T01:39:55.005229+09:00
Foreclosure Rate,1600.0,0.0,success,True,2026-08-21T01:37:13.589246+09:00
Foreclosure Receipt,,,failed,False,2026-08-21T01:38:01.641770+09:00
Foreclosure Redemption,140.0,2.0,success,False,2026-08-23T16:37:06.410620+09:00
Foreclosure Register,,,failed,False,2026-08-21T01:42:58.216620+09:00
Foreclosure Relay,,,failed,False,2026-08-21T01:39:59.295312+09:00
Foreclosure Reminder,,,failed,False,2026-08-21T01:37:34.913486+09:00
Foreclosure Report,90.0,11.0,success,False,2026-08-21T01:36:03.373183+09:00
Foreclosure Repository,,,failed,False,2026-08-27T23:12:54.177935+09:00
Foreclosure Result,,,failed,False,2026-08-28T00:48:08.257780+09:00
Foreclosure Ring,,,failed,False,2026-08-21T01:42:11.023754+09:00
Foreclosure Roll,,,failed,False,2026-08-21T01:36:03.373183+09:00
Foreclosure Route,,,failed,False,2026-08-21T01:41:56.935291+09:00
Foreclosure Rule,90.0,8.0,success,False,2026-08-23T03:18:36.305827+09:00
Foreclosure Sale,2900.0,32.0,success,False,2026-08-21T02:30:47.137745+09:00
Foreclosure Sample,,,failed,False,2026-08-21T01:38:24.012895+09:00
Foreclosure Scale,,,failed,False,2026-08-21T01:41:54.360418+09:00
Foreclosure Scanner,,,failed,False,2026-08-27T23:56:25.215119+09:00
Foreclosure Score,,,failed,False,2026-08-21T01:36:03.373183+09:00
Foreclosure Sheet,,,failed,False,2026-08-21T01:36:03.373183+09:00
Foreclosure Signal,,,failed,False,2026-08-21T01:40:28.771256+09:00
Foreclosure Slip,10.0,0.0,success,False,2026-08-21T01:38:21.127852+09:00
Foreclosure Slot,,,failed,False,2026-08-21T01:38:31.485069+09:00
Foreclosure Stage,50.0,2.0,success,False,2026-08-28T00:48:08.257780+09:00
Foreclosure Stake,,,failed,False,2026-08-23T02:53:54.584586+09:00
Foreclosure Statement,210.0,0.0,success,False,2026-08-21T01:38:48.053655+09:00
Foreclosure Station,,,failed,False,2026-08-21T01:41:30.332578+09:00
Foreclosure Status,110.0,4.0,success,False,2026-08-21T01:36:52.456000+09:00
Foreclosure Stub,,,failed,False,2026-08-21T01:38:45.431477+09:00
Foreclosure Studio,,,failed,False,2026-08-21T01:41:20.184116+09:00
Foreclosure Subsidy,,,failed,False,2026-08-23T15:52:50.933121+09:00
Foreclosure Sum,,,failed,False,2026-08-21T02:30:27.978125+09:00
Foreclosure Summary,,,failed,False,2026-08-21T01:37:28.905967+09:00
Foreclosure Surtax,,,failed,False,2026-08-23T15:52:52.908788+09:00
Foreclosure Tab,,,failed,False,2026-08-21T01:38:59.099455+09:00
Foreclosure Table,,,failed,False,2026-08-21T01:38:16.172375+09:00
Foreclosure Tag,,,failed,False,2026-08-21T01:36:44.739122+09:00
Foreclosure Tariff,,,failed,False,2026-08-21T02:37:55.962761+09:00
Foreclosure Tax,720.0,7.0,success,False,2026-08-21T02:13:43.743607+09:00
Foreclosure Terminal,,,failed,False,2026-08-21T01:41:33.473055+09:00
Foreclosure Ticker,,,failed,False,2026-08-21T01:36:01.282169+09:00
Foreclosure Ticket,,,failed,False,2026-08-21T01:37:41.835664+09:00
Foreclosure Timeline,170.0,5.0,success,False,2026-08-21T01:37:30.941685+09:00
Foreclosure Timer,,,failed,False,2026-08-28T00:25:48.742639+09:00
Foreclosure Toll,,,failed,False,2026-08-21T02:37:45.273746+09:00
Foreclosure Toolbox,,,failed,False,2026-08-28T00:25:53.963495+09:00
Foreclosure Total,,,failed,False,2026-08-27T23:12:46.818245+09:00
Foreclosure Tracker,30.0,11.0,success,False,2026-08-21T01:39:38.707543+09:00
Foreclosure Trend,70.0,0.0,success,False,2026-08-28T01:07:35.564975+09:00
Foreclosure Trial,10.0,0.0,success,False,2026-08-27T21:13:56.719259+09:00
Foreclosure Unit,,,failed,False,2026-08-21T01:56:53.826149+09:00
Foreclosure Update,10.0,4.0,success,False,2026-08-21T01:37:16.023011+09:00
Foreclosure Value,10.0,0.0,success,False,2026-08-23T02:53:52.134740+09:00
Foreclosure Vault,10.0,,success,False,2026-08-21T01:40:03.980146+09:00
Foreclosure Version,,,failed,False,2026-08-23T03:18:29.464352+09:00
Foreclosure View,,,failed,False,2026-08-21T01:36:55.107278+09:00
Foreclosure Voucher,,,failed,False,2026-08-21T01:38:38.622768+09:00
Foreclosure Watch,40.0,8.0,success,False,2026-08-21T01:40:33.133691+09:00
Foreclosure Wave,10.0,3.0,success,False,2026-08-21T01:40:45.060160+09:00
Foreclosure Widget,10.0,,success,False,2026-08-27T23:12:50.672441+09:00
Foreclosure Window,,,failed,False,2026-08-21T01:36:03.373183+09:00
Foreclosure Worksheet,10.0,7.0,success,False,2026-08-27T22:08:06.352004+09:00
Foreclosure Workshop,10.0,0.0,success,False,2026-08-28T00:25:48.742639+09:00
Foreclosure Zone,,,failed,False,2026-08-21T01:41:39.026443+09:00
Formulary Advisory,,,failed,False,2026-08-21T01:04:11.301899+09:00
Formulary Allowance,,,failed,False,2026-08-21T02:44:07.576254+09:00
Formulary Almanac,,,failed,False,2026-08-18T22:07:42.473360+09:00
Formulary Analyzer,,,failed,False,2026-08-27T23:55:17.807220+09:00
Formulary Anchor,,,failed,False,2026-08-17T23:26:43.020316+09:00
Formulary Assistant,,,failed,False,2026-08-17T23:32:55.929904+09:00
Formulary Atlas,,,failed,False,2026-08-17T23:32:14.007104+09:00
Formulary Badge,,,failed,False,2026-08-21T00:30:11.509086+09:00
Formulary Base,,,failed,False,2026-08-17T23:28:30.057187+09:00
Formulary Beacon,,,failed,False,2026-08-17T23:26:16.391059+09:00
Formulary Bill,,,failed,False,2026-08-19T21:49:21.504748+09:00
Formulary Blueprint,,,failed,False,2026-08-18T22:07:36.107745+09:00
Formulary Board,,,failed,False,2026-08-17T23:13:17.884356+09:00
Formulary Book,30.0,38.0,success,False,2026-08-19T21:50:19.457736+09:00
Formulary Bridge,,,failed,False,2026-08-17T23:11:57.762151+09:00
Formulary Brief,,,failed,False,2026-08-21T01:03:59.232813+09:00
Formulary Bulletin,,,failed,False,2026-08-21T01:03:53.377990+09:00
Formulary Cabinet,,,failed,False,2026-08-27T23:12:39.391295+09:00
Formulary Calendar,,,failed,False,2026-08-18T23:58:41.085151+09:00
Formulary Card,,,failed,False,2026-08-19T13:32:19.751583+09:00
Formulary Cascade,,,failed,False,2026-08-17T23:26:30.057004+09:00
Formulary Cash,,,failed,False,2026-08-21T02:28:36.980709+09:00
Formulary Cashback,,,failed,False,2026-08-27T21:14:56.322045+09:00
Formulary Catalog,,,failed,False,2026-08-19T21:05:07.680797+09:00
Formulary Category,,,failed,False,2026-08-23T13:10:06.026404+09:00
Formulary Center,,,failed,False,2026-08-17T23:09:43.652539+09:00
Formulary Chain,,,failed,False,2026-08-17T23:14:35.084674+09:00
Formulary Charge,,,failed,False,2026-08-21T02:43:59.643244+09:00
Formulary Check,20.0,7.0,success,False,2026-08-19T13:32:40.491815+09:00
Formulary Checker,,,failed,False,2026-08-27T23:55:11.655418+09:00
Formulary Checklist,,,failed,False,2026-08-19T21:04:04.689181+09:00
Formulary Circular,,,failed,False,2026-08-21T01:04:02.292645+09:00
Formulary Cockpit,,,failed,False,2026-08-17T22:49:19.411310+09:00
Formulary Code,,,failed,False,2026-08-19T21:49:41.666387+09:00
Formulary Codex,,,failed,False,2026-08-18T22:08:00.506560+09:00
Formulary Companion,,,failed,False,2026-08-17T23:23:48.557902+09:00
Formulary Comparison,,,failed,False,2026-08-28T01:05:40.494261+09:00
Formulary Compass,10.0,,success,False,2026-08-17T23:10:22.607509+09:00
Formulary Compendium,,,failed,False,2026-08-18T22:07:51.533580+09:00
Formulary Confirmation,,,failed,False,2026-08-21T01:04:20.278964+09:00
Formulary Console,,,failed,False,2026-08-17T23:30:12.792820+09:00
Formulary Copayment,,,failed,False,2026-08-23T16:37:49.888860+09:00
Formulary Core,,,failed,False,2026-08-17T23:06:12.301553+09:00
Formulary Cost,,,failed,False,2026-08-21T02:12:23.232619+09:00
Formulary Count,,,failed,False,2026-08-27T22:47:28.680273+09:00
Formulary Counter,,,failed,False,2026-08-18T23:59:34.906916+09:00
Formulary Coupon,,,failed,False,2026-08-27T21:14:56.322045+09:00
Formulary Dashboard,,,failed,False,2026-08-17T23:23:32.991705+09:00
Formulary Deal,,,failed,False,2026-08-21T01:56:42.470423+09:00
Formulary Debt,,,failed,False,2026-08-21T02:28:28.588606+09:00
Formulary Deck,,,failed,False,2026-08-17T23:29:05.712614+09:00
Formulary Depot,,,failed,False,2026-08-18T23:59:14.499030+09:00
Formulary Desk,,,failed,False,2026-08-17T23:08:40.393362+09:00
Formulary Detail,,,failed,False,2026-08-23T03:24:05.243173+09:00
Formulary Detector,,,failed,False,2026-08-27T23:55:17.807220+09:00
Formulary Dial,,,failed,False,2026-08-17T23:30:26.611269+09:00
Formulary Digest,,,failed,False,2026-08-19T20:48:06.706582+09:00
Formulary Directory,,,failed,False,2026-08-18T23:58:49.693970+09:00
Formulary Discount,,,failed,False,2026-08-23T16:12:10.819899+09:00
Formulary Dock,,,failed,False,2026-08-17T23:30:56.654699+09:00
Formulary Dossier,10.0,0.0,success,False,2026-08-21T01:04:28.874460+09:00
Formulary Draft,,,failed,False,2026-08-19T20:48:20.425473+09:00
Formulary Due,,,failed,False,2026-08-23T15:50:44.796371+09:00
Formulary Duty,,,failed,False,2026-08-21T02:44:02.769477+09:00
Formulary Engine,,,failed,False,2026-08-17T23:12:33.022666+09:00
Formulary Entry,,,failed,False,2026-08-21T01:04:53.420072+09:00
Formulary Estimate,,,failed,False,2026-08-19T21:04:56.454622+09:00
Formulary Estimator,,,failed,False,2026-08-27T23:55:06.367292+09:00
Formulary Excerpt,,,failed,False,2026-08-21T01:04:44.330584+09:00
Formulary Extension,,,failed,False,2026-08-23T16:37:54.537855+09:00
Formulary Fare,,,failed,False,2026-08-21T02:12:27.062318+09:00
Formulary Fee,,,failed,False,2026-08-21T01:56:21.292165+09:00
Formulary Feed,,,failed,False,2026-08-19T20:48:12.973996+09:00
Formulary Field,,,failed,False,2026-08-23T13:10:10.835682+09:00
Formulary File,,,failed,False,2026-08-19T20:47:39.914949+09:00
Formulary Finder,10.0,19.0,success,False,2026-08-18T23:59:06.121375+09:00
Formulary Fine,,,failed,False,2026-08-23T02:58:03.774409+09:00
Formulary Flag,,,failed,False,2026-08-21T00:30:57.917323+09:00
Formulary Flow,,,failed,False,2026-08-17T23:24:52.278887+09:00
Formulary Forge,,,failed,False,2026-08-17T23:04:40.930662+09:00
Formulary Form,,,failed,False,2026-08-19T13:32:13.743565+09:00
Formulary Format,,,failed,False,2026-08-23T13:10:10.835682+09:00
Formulary Frame,,,failed,False,2026-08-17T23:11:38.355115+09:00
Formulary Fund,,,failed,False,2026-08-21T02:28:33.010940+09:00
Formulary Gate,,,failed,False,2026-08-17T23:31:53.116535+09:00
Formulary Generator,,,failed,False,2026-08-27T23:34:17.021271+09:00
Formulary Giveaway,,,failed,False,2026-08-27T21:15:06.762141+09:00
Formulary Grade,,,failed,False,2026-08-21T00:30:39.454023+09:00
Formulary Grid,,,failed,False,2026-08-17T23:08:20.793662+09:00
Formulary Guarantee,,,failed,False,2026-08-28T01:05:50.050566+09:00
Formulary Guard,,,failed,False,2026-08-17T23:12:17.050075+09:00
Formulary Guardian,,,failed,False,2026-08-28T00:24:53.833495+09:00
Formulary Guidebook,,,failed,False,2026-08-18T22:07:18.676319+09:00
Formulary Helpdesk,,,failed,False,2026-08-27T22:47:28.680273+09:00
Formulary Helper,,,failed,False,2026-08-28T00:24:56.382213+09:00
Formulary History,,,failed,False,2026-08-19T20:47:33.785997+09:00
Formulary Hotline,,,failed,False,2026-08-19T21:05:22.464454+09:00
Formulary Hub,,,failed,False,2026-08-17T23:13:55.425659+09:00
Formulary Identifier,,,failed,False,2026-08-23T13:10:06.026404+09:00
Formulary Incentive,,,failed,False,2026-08-27T21:15:01.645543+09:00
Formulary Index,,,failed,False,2026-08-19T21:04:15.563221+09:00
Formulary Insight,,,failed,False,2026-08-17T23:09:00.584407+09:00
Formulary Item,,,failed,False,2026-08-21T01:56:25.732902+09:00
Formulary Journal,10.0,0.0,success,False,2026-08-18T22:07:01.170489+09:00
Formulary Keeper,,,failed,False,2026-08-17T23:32:28.634296+09:00
Formulary Kit,20.0,6.0,success,False,2026-08-27T22:47:24.172994+09:00
Formulary Lab,,,failed,False,2026-08-17T23:29:23.485940+09:00
Formulary Label,,,failed,False,2026-08-27T22:09:13.645963+09:00
Formulary Ledger,,,failed,False,2026-08-17T23:28:48.980231+09:00
Formulary Lens,,,failed,False,2026-08-17T23:28:10.025737+09:00
Formulary Level,,,failed,False,2026-08-19T20:47:48.078194+09:00
Formulary Link,,,failed,False,2026-08-23T03:23:58.190781+09:00
Formulary List,260.0,2.0,success,False,2026-08-19T21:49:55.952193+09:00
Formulary Loan,,,failed,False,2026-08-21T02:12:35.738319+09:00
Formulary Locator,,,failed,False,2026-08-18T23:58:57.268328+09:00
Formulary Lock,,,failed,False,2026-08-17T23:27:58.060156+09:00
Formulary Log,,,failed,False,2026-08-19T13:32:04.589089+09:00
Formulary Loop,,,failed,False,2026-08-17T23:27:14.779355+09:00
Formulary Manager,260.0,4.0,success,False,2026-08-17T23:05:27.218902+09:00
Formulary Manual,30.0,0.0,success,False,2026-08-27T22:09:16.229025+09:00
Formulary Map,,,failed,False,2026-08-17T23:04:21.710025+09:00
Formulary Margin,,,failed,False,2026-08-23T02:58:01.593171+09:00
Formulary Marker,,,failed,False,2026-08-23T13:26:19.905298+09:00
Formulary Markup,,,failed,False,2026-08-23T16:37:49.888860+09:00
Formulary Memo,,,failed,False,2026-08-21T00:30:46.553076+09:00
Formulary Message,,,failed,False,2026-08-27T23:12:34.540185+09:00
Formulary Meter,,,failed,False,2026-08-17T23:05:51.247207+09:00
Formulary Metrics,,,failed,False,2026-08-17T23:33:34.870792+09:00
Formulary Monitor,,,failed,False,2026-08-17T23:33:20.357749+09:00
Formulary Navigator,110.0,3.0,success,False,2026-08-17T23:10:40.836813+09:00
Formulary Nexus,,,failed,False,2026-08-17T23:03:43.392480+09:00
Formulary Node,,,failed,False,2026-08-17T23:09:23.779987+09:00
Formulary Note,,,failed,False,2026-08-19T13:32:55.447680+09:00
Formulary Notification,,,failed,False,2026-08-27T22:47:20.471641+09:00
Formulary Number,10.0,0.0,success,False,2026-08-23T03:23:49.316132+09:00
Formulary Office,,,failed,False,2026-08-18T23:59:24.120788+09:00
Formulary Ops,,,failed,False,2026-08-17T23:24:10.330342+09:00
Formulary Order,,,failed,False,2026-08-19T21:49:09.518107+09:00
Formulary Organizer,,,failed,False,2026-08-17T23:14:14.412117+09:00
Formulary Panel,,,failed,False,2026-08-17T23:11:19.275980+09:00
Formulary Pass,,,failed,False,2026-08-21T00:29:58.685573+09:00
Formulary Path,,,failed,False,2026-08-17T23:27:45.087946+09:00
Formulary Penalty,,,failed,False,2026-08-23T16:37:47.617319+09:00
Formulary Petition,,,failed,False,2026-08-21T01:04:15.866621+09:00
Formulary Pilot,,,failed,False,2026-08-17T23:25:18.715654+09:00
Formulary Plan,70.0,1.0,success,False,2026-08-21T01:56:38.086153+09:00
Formulary Planner,,,failed,False,2026-08-17T23:07:22.346415+09:00
Formulary Playbook,,,failed,False,2026-08-18T22:06:54.214613+09:00
Formulary Point,,,failed,False,2026-08-17T23:10:02.526148+09:00
Formulary Portal,,,failed,False,2026-08-17T23:04:03.069082+09:00
Formulary Preview,,,failed,False,2026-08-28T01:05:44.373460+09:00
Formulary Profile,,,failed,False,2026-08-19T13:33:13.480936+09:00
Formulary Profit,,,failed,False,2026-08-23T02:57:57.265224+09:00
Formulary Proposal,,,failed,False,2026-08-28T01:05:46.959097+09:00
Formulary Pulse,,,failed,False,2026-08-17T23:27:29.516151+09:00
Formulary Queue,,,failed,False,2026-08-19T21:04:44.071622+09:00
Formulary Quota,,,failed,False,2026-08-21T00:30:51.297861+09:00
Formulary Radar,,,failed,False,2026-08-17T23:25:47.175267+09:00
Formulary Rail,,,failed,False,2026-08-17T23:07:39.486562+09:00
Formulary Rate,,,failed,False,2026-08-19T20:47:51.523685+09:00
Formulary Recap,,,failed,False,2026-08-21T01:04:32.859141+09:00
Formulary Receipt,,,failed,False,2026-08-19T21:49:32.440919+09:00
Formulary Redemption,,,failed,False,2026-08-23T16:37:52.353259+09:00
Formulary Register,,,failed,False,2026-08-17T23:05:03.232524+09:00
Formulary Registry,,,failed,False,2026-08-18T22:07:26.351718+09:00
Formulary Relay,,,failed,False,2026-08-17T23:15:28.966007+09:00
Formulary Reminder,,,failed,False,2026-08-19T21:03:51.507952+09:00
Formulary Report,,,failed,False,2026-08-19T13:31:52.943506+09:00
Formulary Repository,,,failed,False,2026-08-27T23:12:44.367905+09:00
Formulary Roadmap,,,failed,False,2026-08-18T22:08:07.311207+09:00
Formulary Roster,,,failed,False,2026-08-19T00:38:40.592975+09:00
Formulary Route,,,failed,False,2026-08-17T23:12:58.115072+09:00
Formulary Rule,,,failed,False,2026-08-23T03:24:01.511685+09:00
Formulary Sale,,,failed,False,2026-08-21T02:28:40.448172+09:00
Formulary Sample,,,failed,False,2026-08-19T21:50:44.390054+09:00
Formulary Scale,,,failed,False,2026-08-17T23:30:41.257118+09:00
Formulary Scanner,,,failed,False,2026-08-27T23:55:14.253857+09:00
Formulary Scheduler,,,failed,False,2026-08-17T23:33:06.954832+09:00
Formulary Scope,,,failed,False,2026-08-17T23:13:36.575210+09:00
Formulary Score,,,failed,False,2026-08-19T13:32:47.690424+09:00
Formulary Sentry,,,failed,False,2026-08-17T23:11:00.543955+09:00
Formulary Sheet,18100.0,1.0,success,False,2026-08-19T13:32:31.593655+09:00
Formulary Shortfall,,,failed,False,2026-08-27T21:46:34.931324+09:00
Formulary Signal,,,failed,False,2026-08-17T23:06:35.609380+09:00
Formulary Signature,,,failed,False,2026-08-23T13:26:17.496993+09:00
Formulary Slip,,,failed,False,2026-08-19T21:50:30.697464+09:00
Formulary Slot,,,failed,False,2026-08-19T21:50:54.613076+09:00
Formulary Snapshot,,,failed,False,2026-08-18T22:07:09.458547+09:00
Formulary Stamp,,,failed,False,2026-08-23T13:26:22.288872+09:00
Formulary Statement,,,failed,False,2026-08-21T00:30:27.321926+09:00
Formulary Station,,,failed,False,2026-08-17T23:14:51.389027+09:00
Formulary Status,50.0,1.0,success,False,2026-08-19T20:47:22.248072+09:00
Formulary Stub,,,failed,False,2026-08-21T00:30:19.986675+09:00
Formulary Studio,,,failed,False,2026-08-17T23:07:59.739195+09:00
Formulary Subsidy,,,failed,False,2026-08-23T15:50:46.818166+09:00
Formulary Suite,,,failed,False,2026-08-17T23:32:42.825846+09:00
Formulary Sum,,,failed,False,2026-08-21T02:28:25.181498+09:00
Formulary Summary,,,failed,False,2026-08-19T21:03:21.176777+09:00
Formulary Sync,,,failed,False,2026-08-17T23:06:54.696813+09:00
Formulary Tab,,,failed,False,2026-08-21T00:31:03.590955+09:00
Formulary Table,,,failed,False,2026-08-19T21:50:06.175762+09:00
Formulary Tag,,,failed,False,2026-08-19T13:33:02.578163+09:00
Formulary Tally,,,failed,False,2026-08-21T00:30:32.235715+09:00
Formulary Tariff,,,failed,False,2026-08-21T02:44:11.415890+09:00
Formulary Tax,,,failed,False,2026-08-21T02:12:31.205964+09:00
Formulary Ticket,,,failed,False,2026-08-19T21:04:31.572257+09:00
Formulary Tier,210.0,0.0,success,False,2026-08-28T00:47:36.206546+09:00
Formulary Timeline,,,failed,False,2026-08-19T21:03:36.529171+09:00
Formulary Token,,,failed,False,2026-08-23T13:26:17.496993+09:00
Formulary Toll,,,failed,False,2026-08-21T02:44:04.894763+09:00
Formulary Toolbox,,,failed,False,2026-08-28T00:24:53.833495+09:00
Formulary Toolkit,,,failed,False,2026-08-18T22:06:45.698700+09:00
Formulary Total,,,failed,False,2026-08-27T23:12:37.040829+09:00
Formulary Tracker,,,failed,False,2026-08-17T23:24:30.748337+09:00
Formulary Trail,,,failed,False,2026-08-17T23:31:19.808791+09:00
Formulary Trend,,,failed,False,2026-08-28T01:05:36.598647+09:00
Formulary Trial,,,failed,False,2026-08-27T21:14:58.792070+09:00
Formulary Unit,,,failed,False,2026-08-21T01:56:34.859851+09:00
Formulary Update,50.0,0.0,success,False,2026-08-19T20:47:58.897100+09:00
Formulary Value,,,failed,False,2026-08-23T02:57:57.265224+09:00
Formulary Vault,,,failed,False,2026-08-17T23:26:02.617332+09:00
Formulary Version,,,failed,False,2026-08-23T03:23:54.422715+09:00
Formulary View,,,failed,False,2026-08-19T20:47:28.016879+09:00
Formulary Voucher,,,failed,False,2026-08-21T00:30:05.948049+09:00
Formulary Watch,40.0,1.0,success,False,2026-08-17T23:27:00.420532+09:00
Formulary Wave,,,failed,False,2026-08-17T23:15:10.071233+09:00
Formulary Widget,,,failed,False,2026-08-27T23:12:39.391295+09:00
Formulary Workbench,,,failed,False,2026-08-18T22:06:37.464016+09:00
Formulary Workshop,,,failed,False,2026-08-28T00:24:51.336275+09:00
Formulary Zone,,,failed,False,2026-08-17T23:29:55.087176+09:00
Franchise Advance,,,failed,False,2026-08-23T16:12:32.773263+09:00
Franchise Advisory,20.0,14.0,success,False,2026-08-21T01:02:20.703041+09:00
Franchise Allowance,,,failed,False,2026-08-21T02:39:09.375307+09:00
Franchise Almanac,,,failed,False,2026-08-18T22:09:47.268840+09:00
Franchise Analyzer,10.0,43.0,success,False,2026-08-27T23:54:32.984482+09:00
Franchise Anchor,,,failed,False,2026-08-17T20:34:55.202462+09:00
Franchise Announcement,10.0,0.0,success,False,2026-08-27T23:33:44.180907+09:00
Franchise Arrears,,,failed,False,2026-08-23T16:12:32.773263+09:00
Franchise Asset,10.0,0.0,success,False,2026-08-23T13:45:39.021067+09:00
Franchise Assistant,30.0,21.0,success,False,2026-08-17T23:14:19.543456+09:00
Franchise Atlas,10.0,21.0,success,False,2026-08-17T20:33:08.305690+09:00
Franchise Attribute,,,failed,False,2026-08-23T13:07:46.002648+09:00
Franchise Badge,,,failed,False,2026-08-21T00:25:10.675439+09:00
Franchise Base,90.0,11.0,success,False,2026-08-17T21:30:45.538595+09:00
Franchise Beacon,30.0,27.0,success,False,2026-08-17T20:38:41.975413+09:00
Franchise Bill,40.0,3.0,success,False,2026-08-19T21:50:09.573666+09:00
Franchise Blueprint,10.0,33.0,success,False,2026-08-18T22:09:37.820706+09:00
Franchise Board,301000.0,1.0,success,False,2026-08-17T20:46:01.536512+09:00
Franchise Book,590.0,37.0,success,False,2026-08-19T21:51:07.578329+09:00
Franchise Bridge,,,failed,False,2026-08-17T20:35:55.625501+09:00
Franchise Brief,10.0,7.0,success,False,2026-08-21T01:00:33.906602+09:00
Franchise Bulletin,,,failed,False,2026-08-21T01:00:29.585982+09:00
Franchise Cabinet,,,failed,False,2026-08-27T23:11:44.740129+09:00
Franchise Calculator,30.0,18.0,success,False,2026-08-27T23:33:44.180907+09:00
Franchise Calendar,,,failed,False,2026-08-19T00:03:46.728628+09:00
Franchise Card,40.0,9.0,success,False,2026-08-19T13:26:07.690748+09:00
Franchise Cascade,,,failed,False,2026-08-17T20:36:55.192509+09:00
Franchise Cash,10.0,0.0,success,False,2026-08-21T02:22:32.305318+09:00
Franchise Cashback,,,failed,False,2026-08-27T21:13:01.722363+09:00
Franchise Catalog,40.0,36.0,success,False,2026-08-19T21:03:55.204280+09:00
Franchise Category,,,failed,False,2026-08-23T13:07:43.906174+09:00
Franchise Center,110.0,14.0,success,False,2026-08-17T20:40:51.053535+09:00
Franchise Chain,260.0,9.0,success,False,2026-08-17T20:37:57.626492+09:00
Franchise Charge,2900.0,3.0,success,False,2026-08-21T02:39:01.824838+09:00
Franchise Check,50.0,47.0,success,False,2026-08-19T13:26:40.628357+09:00
Franchise Checker,,,failed,False,2026-08-27T23:54:27.974840+09:00
Franchise Checklist,30.0,0.0,success,False,2026-08-19T21:14:29.704334+09:00
Franchise Circular,70.0,4.0,success,False,2026-08-21T01:02:18.693445+09:00
Franchise Cockpit,,,failed,False,2026-08-17T23:13:43.600383+09:00
Franchise Code,260.0,2.0,success,False,2026-08-19T21:50:33.278837+09:00
Franchise Codex,,,failed,False,2026-08-18T22:10:02.231985+09:00
Franchise Companion,,,failed,False,2026-08-17T23:12:20.668668+09:00
Franchise Comparison,40.0,42.0,success,False,2026-08-28T01:05:28.825650+09:00
Franchise Compass,10.0,18.0,success,False,2026-08-17T20:39:36.069990+09:00
Franchise Compendium,,,failed,False,2026-08-18T22:09:54.168922+09:00
Franchise Confirmation,,,failed,False,2026-08-21T01:00:48.316316+09:00
Franchise Console,,,failed,False,2026-08-17T20:38:14.865229+09:00
Franchise Contribution,,,failed,False,2026-08-23T16:12:29.296473+09:00
Franchise Core,30.0,9.0,success,False,2026-08-17T20:48:29.594833+09:00
Franchise Cost,2900.0,18.0,success,False,2026-08-21T02:10:36.488938+09:00
Franchise Count,,,failed,False,2026-08-27T22:46:08.024081+09:00
Franchise Counter,,,failed,False,2026-08-18T23:57:18.728861+09:00
Franchise Coupon,,,failed,False,2026-08-27T21:12:59.208111+09:00
Franchise Dashboard,40.0,8.0,success,False,2026-08-17T23:05:11.266926+09:00
Franchise Deal,90.0,18.0,success,False,2026-08-21T02:05:48.650139+09:00
Franchise Debt,,,failed,False,2026-08-21T02:22:24.634972+09:00
Franchise Deck,40.0,3.0,success,False,2026-08-17T20:45:14.001779+09:00
Franchise Depot,20.0,32.0,success,False,2026-08-19T00:04:20.197700+09:00
Franchise Desk,,,failed,False,2026-08-17T20:42:51.727520+09:00
Franchise Detail,110.0,7.0,success,False,2026-08-23T03:19:32.678416+09:00
Franchise Detector,,,failed,False,2026-08-27T23:54:30.615711+09:00
Franchise Diagram,40.0,0.0,success,False,2026-08-27T22:07:19.639710+09:00
Franchise Dial,,,failed,False,2026-08-17T20:36:21.712002+09:00
Franchise Digest,,,failed,False,2026-08-19T20:40:28.949050+09:00
Franchise Directory,1000.0,15.0,success,False,2026-08-19T00:03:57.643433+09:00
Franchise Discount,30.0,30.0,success,False,2026-08-23T16:12:29.296473+09:00
Franchise Dock,,,failed,False,2026-08-17T20:32:30.733040+09:00
Franchise Dossier,10.0,43.0,success,False,2026-08-21T01:00:52.686966+09:00
Franchise Downpayment,,,failed,False,2026-08-27T21:46:03.878331+09:00
Franchise Draft,10.0,0.0,success,False,2026-08-19T20:40:46.834660+09:00
Franchise Due,,,failed,False,2026-08-23T15:50:49.697674+09:00
Franchise Duty,,,failed,False,2026-08-21T02:39:04.967500+09:00
Franchise Engine,30.0,8.0,success,False,2026-08-17T23:10:28.342550+09:00
Franchise Entry,,,failed,False,2026-08-21T01:01:03.307399+09:00
Franchise Estimate,,,failed,False,2026-08-19T21:03:41.880915+09:00
Franchise Estimator,,,failed,False,2026-08-27T23:54:25.594721+09:00
Franchise Excerpt,,,failed,False,2026-08-21T01:00:58.878918+09:00
Franchise Extension,30.0,1.0,success,False,2026-08-23T16:38:09.315163+09:00
Franchise Fare,10.0,,success,False,2026-08-21T02:06:11.713342+09:00
Franchise Fee,2900.0,3.0,success,False,2026-08-21T01:53:51.077986+09:00
Franchise Feed,,,failed,False,2026-08-19T20:40:37.869711+09:00
Franchise File,,,failed,False,2026-08-19T20:39:55.789733+09:00
Franchise Finder,390.0,42.0,success,False,2026-08-19T00:04:14.172620+09:00
Franchise Fine,,,failed,False,2026-08-23T02:54:41.831535+09:00
Franchise Flag,30.0,1.0,success,False,2026-08-21T00:26:00.566845+09:00
Franchise Flow,40.0,5.0,success,False,2026-08-17T20:45:35.834234+09:00
Franchise Forge,,,failed,False,2026-08-17T20:37:51.221015+09:00
Franchise Form,110.0,6.0,success,False,2026-08-19T13:25:55.543115+09:00
Franchise Format,110.0,6.0,success,False,2026-08-23T13:07:48.964667+09:00
Franchise Frame,10.0,0.0,success,False,2026-08-18T07:52:20.987077+09:00
Franchise Fund,390.0,39.0,success,False,2026-08-21T02:22:28.218601+09:00
Franchise Gate,10.0,0.0,success,False,2026-08-17T20:35:00.475766+09:00
Franchise Giveaway,10.0,0.0,success,False,2026-08-27T21:13:10.326383+09:00
Franchise Grade,,,failed,False,2026-08-21T00:25:40.973918+09:00
Franchise Graph,,,failed,False,2026-08-27T22:07:14.755817+09:00
Franchise Grid,,,failed,False,2026-08-17T20:38:19.209708+09:00
Franchise Guarantee,,,failed,False,2026-08-28T01:05:34.038010+09:00
Franchise Guard,,,failed,False,2026-08-17T21:30:13.279777+09:00
Franchise Guardian,40.0,12.0,success,False,2026-08-28T00:24:22.351196+09:00
Franchise Guidebook,,,failed,False,2026-08-18T22:09:21.781956+09:00
Franchise Helpdesk,,,failed,False,2026-08-27T22:46:12.811571+09:00
Franchise Helper,,,failed,False,2026-08-28T00:24:27.565309+09:00
Franchise History,320.0,0.0,success,False,2026-08-19T20:39:47.752844+09:00
Franchise Hotline,,,failed,False,2026-08-19T21:04:08.048540+09:00
Franchise Hub,390.0,11.0,success,False,2026-08-17T20:44:33.462366+09:00
Franchise Identifier,,,failed,False,2026-08-23T13:07:41.329341+09:00
Franchise Incentive,,,failed,False,2026-08-27T21:13:10.326383+09:00
Franchise Index,30.0,11.0,success,False,2026-08-19T21:14:40.806707+09:00
Franchise Insight,,,failed,False,2026-08-17T23:06:41.076830+09:00
Franchise Installment,10.0,1.0,success,False,2026-08-23T16:12:29.296473+09:00
Franchise Item,,,failed,False,2026-08-21T01:53:55.864574+09:00
Franchise Journal,70.0,10.0,success,False,2026-08-18T22:09:05.854990+09:00
Franchise Keeper,10.0,,success,False,2026-08-18T07:43:44.841764+09:00
Franchise Kit,40.0,3.0,success,False,2026-08-27T22:46:05.352618+09:00
Franchise Lab,880.0,10.0,success,False,2026-08-17T20:43:18.551816+09:00
Franchise Label,10.0,0.0,success,False,2026-08-27T22:07:14.755817+09:00
Franchise Ledger,,,failed,False,2026-08-17T20:47:09.255931+09:00
Franchise Lens,10.0,10.0,success,False,2026-08-18T07:52:20.987077+09:00
Franchise Level,20.0,0.0,success,False,2026-08-19T20:40:02.454787+09:00
Franchise Levy,,,failed,False,2026-08-23T13:45:39.021067+09:00
Franchise Link,40.0,29.0,success,False,2026-08-23T03:19:26.945614+09:00
Franchise List,1600.0,33.0,success,False,2026-08-19T21:50:44.390054+09:00
Franchise Loan,880.0,32.0,success,False,2026-08-21T02:06:22.333595+09:00
Franchise Locator,320.0,6.0,success,False,2026-08-19T00:04:03.544716+09:00
Franchise Lock,10.0,29.0,success,False,2026-08-17T20:33:41.175079+09:00
Franchise Log,,,failed,False,2026-08-19T13:25:47.267780+09:00
Franchise Loop,10.0,0.0,success,False,2026-08-18T07:52:10.902319+09:00
Franchise Manager,590.0,3.0,success,False,2026-08-17T21:31:19.415531+09:00
Franchise Manual,110.0,10.0,success,False,2026-08-27T22:07:17.176446+09:00
Franchise Map,90.0,7.0,success,False,2026-08-17T20:32:36.001496+09:00
Franchise Margin,90.0,3.0,success,False,2026-08-23T02:54:41.831535+09:00
Franchise Markup,,,failed,False,2026-08-23T16:38:05.799118+09:00
Franchise Memo,,,failed,False,2026-08-21T00:25:45.592013+09:00
Franchise Meter,,,failed,False,2026-08-17T20:35:22.813816+09:00
Franchise Metrics,,,failed,False,2026-08-17T23:10:45.795183+09:00
Franchise Monitor,10.0,4.0,success,False,2026-08-17T22:50:36.545244+09:00
Franchise Navigator,20.0,36.0,success,False,2026-08-17T23:08:25.865498+09:00
Franchise Nexus,,,failed,False,2026-08-17T20:34:08.377719+09:00
Franchise Node,,,failed,False,2026-08-17T20:35:59.491401+09:00
Franchise Note,,,failed,False,2026-08-19T13:27:09.579518+09:00
Franchise Notification,,,failed,False,2026-08-27T22:46:02.765409+09:00
Franchise Number,110.0,5.0,success,False,2026-08-23T03:19:21.354912+09:00
Franchise Office,140.0,6.0,success,False,2026-08-18T23:57:02.622913+09:00
Franchise Ops,22200.0,45.0,success,False,2026-08-17T23:07:02.817989+09:00
Franchise Order,20.0,3.0,success,False,2026-08-19T21:49:58.938963+09:00
Franchise Organizer,,,failed,False,2026-08-17T23:12:02.312580+09:00
Franchise Overdue,,,failed,False,2026-08-27T21:46:01.626926+09:00
Franchise Panel,10.0,5.0,success,False,2026-08-17T20:37:21.758511+09:00
Franchise Pass,,,failed,False,2026-08-21T00:24:57.111152+09:00
Franchise Path,110.0,23.0,success,False,2026-08-17T20:35:28.436030+09:00
Franchise Payoff,,,failed,False,2026-08-27T21:46:01.626926+09:00
Franchise Penalty,,,failed,False,2026-08-23T16:38:03.608262+09:00
Franchise Petition,,,failed,False,2026-08-21T01:00:42.748785+09:00
Franchise Pilot,,,failed,False,2026-08-17T20:43:48.259554+09:00
Franchise Plan,90.0,15.0,success,False,2026-08-21T01:54:08.146374+09:00
Franchise Planner,90.0,15.0,success,False,2026-08-17T23:04:48.646277+09:00
Franchise Playbook,70.0,21.0,success,False,2026-08-18T22:08:57.073323+09:00
Franchise Point,210.0,26.0,success,False,2026-08-17T20:34:34.179062+09:00
Franchise Portal,2400.0,33.0,success,False,2026-08-17T20:39:12.627798+09:00
Franchise Preview,,,failed,False,2026-08-28T01:05:31.519640+09:00
Franchise Price,2900.0,18.0,success,False,2026-08-21T02:06:07.596179+09:00
Franchise Profile,30.0,14.0,success,False,2026-08-19T13:27:40.228305+09:00
Franchise Proposal,210.0,16.0,success,False,2026-08-28T01:05:34.038010+09:00
Franchise Pulse,,,failed,False,2026-08-17T20:37:24.505740+09:00
Franchise Queue,,,failed,False,2026-08-19T21:03:23.930623+09:00
Franchise Quota,,,failed,False,2026-08-21T00:25:52.909138+09:00
Franchise Radar,,,failed,False,2026-08-17T20:42:02.791525+09:00
Franchise Rail,,,failed,False,2026-08-18T07:43:28.535953+09:00
Franchise Rank,140.0,15.0,success,False,2026-08-28T00:47:30.269850+09:00
Franchise Rate,50.0,16.0,success,False,2026-08-19T20:40:13.253783+09:00
Franchise Recap,10.0,0.0,success,False,2026-08-21T01:02:29.218317+09:00
Franchise Receipt,,,failed,False,2026-08-19T21:50:21.596797+09:00
Franchise Register,320.0,6.0,success,False,2026-08-17T23:15:16.385703+09:00
Franchise Registry,320.0,6.0,success,False,2026-08-18T22:09:30.106481+09:00
Franchise Relay,30.0,14.0,success,False,2026-08-17T20:41:13.511022+09:00
Franchise Reminder,,,failed,False,2026-08-19T21:14:19.651241+09:00
Franchise Report,140.0,14.0,success,False,2026-08-19T13:25:14.797860+09:00
Franchise Repository,,,failed,False,2026-08-27T23:11:47.149537+09:00
Franchise Result,,,failed,False,2026-08-28T00:47:27.580109+09:00
Franchise Roadmap,,,failed,False,2026-08-18T22:10:10.353821+09:00
Franchise Roster,,,failed,False,2026-08-19T00:36:40.628841+09:00
Franchise Route,10.0,12.0,success,False,2026-08-17T20:33:36.115262+09:00
Franchise Rule,880.0,9.0,success,False,2026-08-23T03:19:30.157366+09:00
Franchise Sale,14800.0,62.0,success,False,2026-08-21T02:22:40.576459+09:00
Franchise Sample,20.0,0.0,success,False,2026-08-19T21:51:25.452105+09:00
Franchise Scale,30.0,18.0,success,False,2026-08-17T20:34:31.529799+09:00
Franchise Scanner,10.0,0.0,success,False,2026-08-27T23:54:30.615711+09:00
Franchise Scheduler,,,failed,False,2026-08-17T23:09:05.527725+09:00
Franchise Scope,,,failed,False,2026-08-17T20:31:55.017364+09:00
Franchise Score,10.0,4.0,success,False,2026-08-19T13:27:02.036577+09:00
Franchise Sentry,,,failed,False,2026-08-17T20:31:59.985806+09:00
Franchise Serial,10.0,0.0,success,False,2026-08-23T13:27:54.146441+09:00
Franchise Sheet,,,failed,False,2026-08-19T13:26:15.412219+09:00
Franchise Signal,10.0,1.0,success,False,2026-08-17T20:34:07.278551+09:00
Franchise Signature,,,failed,False,2026-08-23T13:26:15.190614+09:00
Franchise Slip,,,failed,False,2026-08-19T21:51:16.066048+09:00
Franchise Slot,10.0,0.0,success,False,2026-08-19T21:51:38.533092+09:00
Franchise Snapshot,,,failed,False,2026-08-18T22:09:13.055997+09:00
Franchise Stage,,,failed,False,2026-08-28T00:47:27.580109+09:00
Franchise Stake,,,failed,False,2026-08-23T02:54:38.259905+09:00
Franchise Statement,10.0,0.0,success,False,2026-08-21T00:25:24.031302+09:00
Franchise Station,20.0,17.0,success,False,2026-08-17T20:42:22.378966+09:00
Franchise Status,320.0,0.0,success,False,2026-08-19T20:39:30.002249+09:00
Franchise Stub,,,failed,False,2026-08-21T00:25:18.497443+09:00
Franchise Studio,110.0,6.0,success,False,2026-08-17T20:44:14.789024+09:00
Franchise Subsidy,,,failed,False,2026-08-23T15:50:51.928952+09:00
Franchise Suite,10.0,38.0,success,False,2026-08-17T23:07:23.914294+09:00
Franchise Sum,,,failed,False,2026-08-21T02:22:16.250751+09:00
Franchise Summary,10.0,0.0,success,False,2026-08-19T21:13:59.350184+09:00
Franchise Surtax,,,failed,False,2026-08-23T15:50:54.236884+09:00
Franchise Sync,,,failed,False,2026-08-17T20:46:29.220439+09:00
Franchise Table,,,failed,False,2026-08-19T21:50:54.613076+09:00
Franchise Tag,5400.0,0.0,success,True,2026-08-19T13:27:22.269137+09:00
Franchise Tally,,,failed,False,2026-08-21T00:25:32.620138+09:00
Franchise Tariff,,,failed,False,2026-08-21T02:39:16.897271+09:00
Franchise Tax,6600.0,3.0,success,False,2026-08-21T02:06:17.677670+09:00
Franchise Ticket,20.0,0.0,success,False,2026-08-19T21:14:51.947092+09:00
Franchise Tier,10.0,35.0,success,False,2026-08-28T00:47:30.269850+09:00
Franchise Timeline,20.0,0.0,success,False,2026-08-19T21:14:09.280828+09:00
Franchise Toll,,,failed,False,2026-08-21T02:39:07.071635+09:00
Franchise Toolbox,,,failed,False,2026-08-28T00:24:27.565309+09:00
Franchise Toolkit,10.0,21.0,success,False,2026-08-18T22:08:50.050771+09:00
Franchise Total,90.0,33.0,success,False,2026-08-27T23:11:42.330738+09:00
Franchise Tracker,70.0,2.0,success,False,2026-08-17T20:47:53.457764+09:00
Franchise Trail,,,failed,False,2026-08-18T07:43:30.092641+09:00
Franchise Trend,110.0,24.0,success,False,2026-08-28T01:05:28.825650+09:00
Franchise Trial,,,failed,False,2026-08-27T21:13:04.814179+09:00
Franchise Unit,30.0,1.0,success,False,2026-08-21T01:54:02.992561+09:00
Franchise Update,50.0,3.0,success,False,2026-08-19T20:40:22.983274+09:00
Franchise Value,260.0,4.0,success,False,2026-08-23T02:54:38.259905+09:00
Franchise Vault,,,failed,False,2026-08-17T20:40:29.235539+09:00
Franchise Version,,,failed,False,2026-08-23T03:19:24.648506+09:00
Franchise View,10.0,0.0,success,False,2026-08-19T20:39:37.927726+09:00
Franchise Voucher,,,failed,False,2026-08-21T00:25:04.867976+09:00
Franchise Watch,70.0,1.0,success,False,2026-08-17T20:33:05.160713+09:00
Franchise Wave,10.0,0.0,success,False,2026-08-17T20:36:22.753454+09:00
Franchise Widget,,,failed,False,2026-08-27T23:11:44.740129+09:00
Franchise Workbench,,,failed,False,2026-08-18T22:08:40.228889+09:00
Franchise Worksheet,10.0,24.0,success,False,2026-08-27T22:07:19.639710+09:00
Franchise Workshop,70.0,19.0,success,False,2026-08-28T00:24:22.351196+09:00
Franchise Zone,20.0,25.0,success,False,2026-08-17T20:40:05.754832+09:00
Fraud Advisory,170.0,1.0,success,False,2026-08-21T01:08:12.622841+09:00
Fraud Alert,6600.0,26.0,success,False,2026-08-19T22:03:52.975095+09:00
Fraud Allowance,,,failed,False,2026-08-21T02:38:23.344262+09:00
Fraud Analyzer,50.0,31.0,success,False,2026-08-27T23:56:43.300961+09:00
Fraud Assistant,70.0,36.0,success,False,2026-08-19T21:59:01.960523+09:00
Fraud Attribute,,,failed,False,2026-08-23T13:07:41.329341+09:00
Fraud Badge,,,failed,False,2026-08-21T00:33:10.095062+09:00
Fraud Beacon,,,failed,False,2026-08-19T21:51:54.755817+09:00
Fraud Bill,590.0,1.0,success,False,2026-08-19T21:48:37.941943+09:00
Fraud Bin,20.0,4.0,success,False,2026-08-19T22:04:13.367774+09:00
Fraud Board,10.0,0.0,success,False,2026-08-19T21:55:06.588963+09:00
Fraud Book,480.0,29.0,success,False,2026-08-19T21:49:37.354385+09:00
Fraud Brief,,,failed,False,2026-08-21T01:08:04.647718+09:00
Fraud Bulletin,,,failed,False,2026-08-21T01:08:00.929637+09:00
Fraud Cabinet,,,failed,False,2026-08-27T23:13:13.331600+09:00
Fraud Calculator,10.0,4.0,success,False,2026-08-27T23:34:49.517197+09:00
Fraud Card,12100.0,6.0,success,False,2026-08-19T22:05:58.265751+09:00
Fraud Cash,210.0,1.0,success,False,2026-08-21T02:21:00.139536+09:00
Fraud Category,50.0,0.0,success,False,2026-08-23T13:07:39.256451+09:00
Fraud Center,260.0,25.0,success,False,2026-08-19T21:56:08.103899+09:00
Fraud Chain,20.0,5.0,success,False,2026-08-19T21:57:47.268344+09:00
Fraud Charge,2400.0,1.0,success,False,2026-08-21T02:38:13.377279+09:00
Fraud Chart,20.0,0.0,success,False,2026-08-19T22:04:03.389101+09:00
Fraud Check,18100.0,4.0,success,False,2026-08-19T22:06:18.009667+09:00
Fraud Checker,18100.0,4.0,success,False,2026-08-27T23:56:38.183826+09:00
Fraud Circular,,,failed,False,2026-08-21T01:08:07.982267+09:00
Fraud Code,110.0,0.0,success,False,2026-08-19T21:49:03.135784+09:00
Fraud Companion,,,failed,False,2026-08-19T21:59:42.241525+09:00
Fraud Comparison,,,failed,False,2026-08-28T01:07:59.537409+09:00
Fraud Confirmation,,,failed,False,2026-08-21T01:08:23.538465+09:00
Fraud Console,,,failed,False,2026-08-19T21:56:44.387128+09:00
Fraud Copayment,,,failed,False,2026-08-23T16:37:21.516331+09:00
Fraud Core,,,failed,False,2026-08-19T21:54:48.895899+09:00
Fraud Cost,110.0,1.0,success,False,2026-08-21T02:14:02.511057+09:00
Fraud Count,20.0,1.0,success,False,2026-08-27T22:47:42.136854+09:00
Fraud Counter,20.0,1.0,success,False,2026-08-19T22:01:35.806950+09:00
Fraud Deal,,,failed,False,2026-08-21T01:57:38.284860+09:00
Fraud Debt,110.0,5.0,success,False,2026-08-21T02:31:03.884559+09:00
Fraud Deck,,,failed,False,2026-08-19T21:55:18.484182+09:00
Fraud Desk,20.0,9.0,success,False,2026-08-19T21:50:57.841127+09:00
Fraud Detail,,,failed,False,2026-08-23T03:19:12.816359+09:00
Fraud Detector,720.0,30.0,success,False,2026-08-27T23:56:43.300961+09:00
Fraud Diagram,20.0,0.0,success,False,2026-08-27T22:08:36.718327+09:00
Fraud Directory,,,failed,False,2026-08-19T22:00:52.695969+09:00
Fraud Dossier,,,failed,False,2026-08-21T01:08:27.933703+09:00
Fraud Draft,,,failed,False,2026-08-19T21:46:47.844671+09:00
Fraud Duty,,,failed,False,2026-08-21T02:38:16.396053+09:00
Fraud Engine,50.0,23.0,success,False,2026-08-19T21:58:54.005326+09:00
Fraud Entry,,,failed,False,2026-08-21T01:08:38.226777+09:00
Fraud Estimate,10.0,,success,False,2026-08-19T21:48:11.031110+09:00
Fraud Excerpt,,,failed,False,2026-08-21T01:08:34.212023+09:00
Fraud Fare,,,failed,False,2026-08-21T02:14:10.459291+09:00
Fraud Fee,40.0,0.0,success,False,2026-08-21T01:57:21.062358+09:00
Fraud Feed,,,failed,False,2026-08-19T21:46:35.740872+09:00
Fraud File,170.0,19.0,success,False,2026-08-19T22:07:56.620143+09:00
Fraud Finder,210.0,44.0,success,False,2026-08-19T22:01:14.357219+09:00
Fraud Fine,880.0,1.0,success,False,2026-08-23T02:54:23.224881+09:00
Fraud Flag,90.0,0.0,success,False,2026-08-21T00:33:53.387508+09:00
Fraud Flow,,,failed,False,2026-08-19T21:50:35.139639+09:00
Fraud Form,210.0,2.0,success,False,2026-08-19T22:05:48.495667+09:00
Fraud Format,210.0,2.0,success,False,2026-08-23T13:07:43.906174+09:00
Fraud Frame,,,failed,False,2026-08-19T21:54:25.677858+09:00
Fraud Fund,390.0,1.0,success,False,2026-08-21T02:20:57.219379+09:00
Fraud Gate,,,failed,False,2026-08-19T21:58:08.143234+09:00
Fraud Grade,,,failed,False,2026-08-21T00:33:34.783519+09:00
Fraud Graph,110.0,5.0,success,False,2026-08-27T22:08:24.051026+09:00
Fraud Grid,10.0,4.0,success,False,2026-08-19T21:53:29.207509+09:00
Fraud Guarantee,50.0,2.0,success,False,2026-08-28T01:08:02.108620+09:00
Fraud Guardian,30.0,3.0,success,False,2026-08-28T00:26:06.768927+09:00
Fraud Helpdesk,30.0,18.0,success,False,2026-08-27T22:47:42.136854+09:00
Fraud Helper,,,failed,False,2026-08-28T00:26:09.270269+09:00
Fraud History,110.0,1.0,success,False,2026-08-19T22:07:37.028999+09:00
Fraud Hub,70.0,12.0,success,False,2026-08-19T21:50:49.199189+09:00
Fraud Identifier,,,failed,False,2026-08-23T13:07:37.097248+09:00
Fraud Inbox,,,failed,False,2026-08-19T22:03:42.018748+09:00
Fraud Index,40.0,5.0,success,False,2026-08-19T21:47:43.048701+09:00
Fraud Item,40.0,0.0,success,False,2026-08-21T01:57:25.896991+09:00
Fraud Journal,30.0,3.0,success,False,2026-08-19T22:00:23.357458+09:00
Fraud Keeper,40.0,8.0,success,False,2026-08-19T21:58:34.362639+09:00
Fraud Lab,140.0,19.0,success,False,2026-08-19T21:55:34.064895+09:00
Fraud Label,20.0,0.0,success,False,2026-08-27T22:08:26.678137+09:00
Fraud Ledger,,,failed,False,2026-08-19T21:54:56.953854+09:00
Fraud Line,720.0,18.0,success,False,2026-08-19T22:04:57.454275+09:00
Fraud Link,390.0,3.0,success,False,2026-08-23T03:19:05.834960+09:00
Fraud List,480.0,2.0,success,False,2026-08-19T21:49:16.162945+09:00
Fraud Loan,2900.0,2.0,success,False,2026-08-21T02:14:13.791830+09:00
Fraud Lobby,,,failed,False,2026-08-19T22:04:34.418517+09:00
Fraud Locker,,,failed,False,2026-08-19T22:01:45.686906+09:00
Fraud Log,50.0,0.0,success,False,2026-08-19T22:05:40.444282+09:00
Fraud Loop,,,failed,False,2026-08-19T21:53:20.741685+09:00
Fraud Manager,320.0,4.0,success,False,2026-08-19T21:58:41.732793+09:00
Fraud Manual,10.0,8.0,success,False,2026-08-27T22:08:28.855798+09:00
Fraud Map,30.0,1.0,success,False,2026-08-19T21:54:16.215789+09:00
Fraud Margin,,,failed,False,2026-08-23T02:54:23.224881+09:00
Fraud Marker,90.0,17.0,success,False,2026-08-23T13:27:56.242264+09:00
Fraud Markup,,,failed,False,2026-08-23T16:37:18.649152+09:00
Fraud Memo,10.0,0.0,success,False,2026-08-21T00:33:39.786796+09:00
Fraud Message,1600.0,0.0,success,True,2026-08-27T23:13:06.155067+09:00
Fraud Monitor,590.0,25.0,success,False,2026-08-19T21:59:30.293970+09:00
Fraud Note,70.0,1.0,success,False,2026-08-19T22:06:41.403506+09:00
Fraud Notification,260.0,2.0,success,False,2026-08-27T22:47:31.900265+09:00
Fraud Number,1600.0,9.0,success,False,2026-08-23T03:18:56.291245+09:00
Fraud Ops,320.0,7.0,success,False,2026-08-19T22:00:01.898557+09:00
Fraud Order,260.0,1.0,success,False,2026-08-19T21:48:22.940977+09:00
Fraud Overdue,,,failed,False,2026-08-27T21:46:18.010185+09:00
Fraud Panel,,,failed,False,2026-08-19T21:56:53.361235+09:00
Fraud Passport,1900.0,0.0,success,True,2026-08-19T22:04:23.242123+09:00
Fraud Path,,,failed,False,2026-08-19T21:53:54.593034+09:00
Fraud Penalty,880.0,1.0,success,False,2026-08-23T16:37:16.360877+09:00
Fraud Petition,,,failed,False,2026-08-21T01:08:18.401082+09:00
Fraud Plan,10.0,9.0,success,False,2026-08-21T01:57:34.337774+09:00
Fraud Planner,,,failed,False,2026-08-19T21:59:09.702480+09:00
Fraud Playbook,10.0,50.0,success,False,2026-08-19T22:00:12.371601+09:00
Fraud Point,10.0,14.0,success,False,2026-08-19T21:54:06.004532+09:00
Fraud Portal,50.0,10.0,success,False,2026-08-19T21:56:30.340313+09:00
Fraud Post,30.0,2.0,success,False,2026-08-19T22:02:34.302682+09:00
Fraud Profile,110.0,4.0,success,False,2026-08-19T22:07:01.913828+09:00
Fraud Profit,,,failed,False,2026-08-23T02:54:15.524012+09:00
Fraud Quota,,,failed,False,2026-08-21T00:33:48.597432+09:00
Fraud Radar,10.0,36.0,success,False,2026-08-19T21:51:10.797801+09:00
Fraud Rail,,,failed,False,2026-08-19T21:57:24.591826+09:00
Fraud Rate,170.0,2.0,success,False,2026-08-19T21:46:13.716197+09:00
Fraud Recap,,,failed,False,2026-08-21T01:08:29.808950+09:00
Fraud Receipt,10.0,0.0,success,False,2026-08-19T21:48:50.657736+09:00
Fraud Recorder,,,failed,False,2026-08-27T23:34:54.940798+09:00
Fraud Redemption,,,failed,False,2026-08-23T16:37:24.399501+09:00
Fraud Register,140.0,10.0,success,False,2026-08-19T21:59:52.671651+09:00
Fraud Registry,30.0,6.0,success,False,2026-08-19T22:00:33.480377+09:00
Fraud Relay,,,failed,False,2026-08-19T21:51:20.233471+09:00
Fraud Reminder,,,failed,False,2026-08-19T21:47:26.468483+09:00
Fraud Report,14800.0,22.0,success,False,2026-08-19T22:05:32.455871+09:00
Fraud Repository,,,failed,False,2026-08-27T23:13:16.008786+09:00
Fraud Result,10.0,1.0,success,False,2026-08-28T00:48:11.249121+09:00
Fraud Ring,480.0,1.0,success,False,2026-08-19T21:57:56.725251+09:00
Fraud Roster,,,failed,False,2026-08-19T22:03:32.806508+09:00
Fraud Rule,140.0,6.0,success,False,2026-08-23T03:19:08.908804+09:00
Fraud Sale,260.0,1.0,success,False,2026-08-21T02:21:02.332570+09:00
Fraud Sample,30.0,0.0,success,False,2026-08-19T21:50:00.809390+09:00
Fraud Scale,110.0,1.0,success,False,2026-08-19T21:57:01.942587+09:00
Fraud Scanner,210.0,19.0,success,False,2026-08-27T23:56:38.183826+09:00
Fraud Scheduler,,,failed,False,2026-08-19T21:59:19.992699+09:00
Fraud Scope,10.0,3.0,success,False,2026-08-19T21:53:06.381329+09:00
Fraud Score,5400.0,21.0,success,False,2026-08-19T22:06:32.723316+09:00
Fraud Sheet,,,failed,False,2026-08-19T22:06:09.459067+09:00
Fraud Signal,,,failed,False,2026-08-19T21:52:40.688622+09:00
Fraud Signature,590.0,1.0,success,False,2026-08-23T13:27:56.242264+09:00
Fraud Slip,165000.0,0.0,success,True,2026-08-19T21:49:47.542279+09:00
Fraud Slot,,,failed,False,2026-08-19T21:50:13.072831+09:00
Fraud Stake,,,failed,False,2026-08-23T02:54:19.843201+09:00
Fraud Statement,170.0,0.0,success,False,2026-08-21T00:33:20.736767+09:00
Fraud Station,,,failed,False,2026-08-19T21:55:47.244669+09:00
Fraud Status,110.0,0.0,success,False,2026-08-19T22:07:15.173390+09:00
Fraud Stub,,,failed,False,2026-08-21T00:33:14.863078+09:00
Fraud Studio,,,failed,False,2026-08-19T21:55:24.856436+09:00
Fraud Sum,,,failed,False,2026-08-21T02:31:01.801994+09:00
Fraud Summary,10.0,0.0,success,False,2026-08-19T21:46:58.234898+09:00
Fraud Tab,,,failed,False,2026-08-21T00:33:58.463562+09:00
Fraud Table,,,failed,False,2026-08-19T21:49:26.172736+09:00
Fraud Tag,20.0,0.0,success,False,2026-08-19T22:06:50.618817+09:00
Fraud Tally,,,failed,False,2026-08-21T00:33:28.430853+09:00
Fraud Tariff,,,failed,False,2026-08-21T02:38:28.246618+09:00
Fraud Tax,9900.0,1.0,success,False,2026-08-21T02:14:10.459291+09:00
Fraud Terminal,,,failed,False,2026-08-19T21:55:54.779139+09:00
Fraud Ticker,,,failed,False,2026-08-19T22:04:45.902658+09:00
Fraud Ticket,70.0,1.0,success,False,2026-08-19T21:47:55.928943+09:00
Fraud Tier,,,failed,False,2026-08-28T00:48:15.950901+09:00
Fraud Timeline,,,failed,False,2026-08-19T21:47:13.005766+09:00
Fraud Toll,,,failed,False,2026-08-21T02:38:19.881796+09:00
Fraud Toolbox,,,failed,False,2026-08-28T00:26:06.768927+09:00
Fraud Total,,,failed,False,2026-08-27T23:13:09.078623+09:00
Fraud Tracker,90.0,30.0,success,False,2026-08-19T21:50:23.410812+09:00
Fraud Trail,10.0,,success,False,2026-08-19T21:57:34.491231+09:00
Fraud Trend,320.0,27.0,success,False,2026-08-28T01:07:55.638643+09:00
Fraud Trial,40.0,0.0,success,False,2026-08-27T21:14:19.073158+09:00
Fraud Unit,90.0,16.0,success,False,2026-08-21T02:05:48.650139+09:00
Fraud Update,90.0,4.0,success,False,2026-08-19T21:46:23.560668+09:00
Fraud Value,,,failed,False,2026-08-23T02:54:17.672874+09:00
Fraud Vault,,,failed,False,2026-08-19T21:51:28.846204+09:00
Fraud Version,,,failed,False,2026-08-23T03:19:01.069685+09:00
Fraud View,10.0,0.0,success,False,2026-08-19T22:07:23.452103+09:00
Fraud Watch,4400.0,2.0,success,False,2026-08-19T21:52:53.016557+09:00
Fraud Wave,,,failed,False,2026-08-19T21:53:43.821939+09:00
Fraud Widget,,,failed,False,2026-08-27T23:13:13.331600+09:00
Fraud Window,,,failed,False,2026-08-19T22:05:08.787907+09:00
Fraud Worksheet,,,failed,False,2026-08-27T22:08:33.849782+09:00
Fraud Workshop,10.0,8.0,success,False,2026-08-28T00:26:03.782064+09:00
Fraud Zone,,,failed,False,2026-08-19T21:56:18.827565+09:00
Freight Advance,170.0,4.0,success,False,2026-08-23T16:17:10.658953+09:00
Freight Advisory,,,failed,False,2026-08-21T01:09:04.636561+09:00
Freight Allowance,140.0,0.0,success,False,2026-08-21T02:45:28.044980+09:00
Freight Almanac,,,failed,False,2026-08-18T23:51:05.096853+09:00
Freight Analyzer,,,failed,False,2026-08-27T23:59:26.259431+09:00
Freight Anchor,20.0,0.0,success,False,2026-08-17T20:46:03.469899+09:00
Freight Announcement,,,failed,False,2026-08-27T23:37:06.230002+09:00
Freight Arrears,,,failed,False,2026-08-23T16:17:06.545040+09:00
Freight Asset,,,failed,False,2026-08-23T13:48:35.211056+09:00
Freight Assistant,30.0,3.0,success,False,2026-08-17T23:09:09.172246+09:00
Freight Atlas,,,failed,False,2026-08-17T20:36:59.320935+09:00
Freight Badge,,,failed,False,2026-08-21T00:36:05.920603+09:00
Freight Balance,10.0,0.0,success,False,2026-08-23T13:48:35.211056+09:00
Freight Base,90.0,4.0,success,False,2026-08-17T20:33:41.175079+09:00
Freight Beacon,,,failed,False,2026-08-17T21:31:56.784481+09:00
Freight Bill,720.0,3.0,success,False,2026-08-19T22:05:43.764657+09:00
Freight Blueprint,,,failed,False,2026-08-18T23:51:05.096853+09:00
Freight Board,210.0,43.0,success,False,2026-08-18T07:52:13.300527+09:00
Freight Book,90.0,17.0,success,False,2026-08-19T22:06:35.304978+09:00
Freight Bridge,170.0,5.0,success,False,2026-08-17T20:47:16.621554+09:00
Freight Brief,,,failed,False,2026-08-21T01:08:54.756215+09:00
Freight Bulletin,10.0,0.0,success,False,2026-08-21T01:08:47.143646+09:00
Freight Calculator,4400.0,26.0,success,False,2026-08-27T23:37:06.230002+09:00
Freight Calendar,50.0,25.0,success,False,2026-08-19T00:04:38.069566+09:00
Freight Card,40.0,0.0,success,False,2026-08-19T13:40:14.970348+09:00
Freight Cascade,,,failed,False,2026-08-17T20:48:34.410191+09:00
Freight Cash,,,failed,False,2026-08-21T02:30:51.336298+09:00
Freight Cashback,,,failed,False,2026-08-27T21:19:50.770385+09:00
Freight Category,20.0,25.0,success,False,2026-08-23T13:10:06.026404+09:00
Freight Center,2400.0,53.0,success,False,2026-08-17T21:34:39.149688+09:00
Freight Chain,70.0,8.0,success,False,2026-08-17T20:41:16.510977+09:00
Freight Charge,18100.0,4.0,success,False,2026-08-21T02:45:19.238792+09:00
Freight Check,140.0,22.0,success,False,2026-08-19T13:40:53.899440+09:00
Freight Checker,140.0,22.0,success,False,2026-08-27T23:59:23.650703+09:00
Freight Circular,10.0,0.0,success,False,2026-08-21T01:08:59.079967+09:00
Freight Cockpit,,,failed,False,2026-08-17T23:32:34.743858+09:00
Freight Code,170.0,12.0,success,False,2026-08-19T22:06:04.414832+09:00
Freight Codex,,,failed,False,2026-08-18T23:51:05.096853+09:00
Freight Companion,10.0,36.0,success,False,2026-08-17T23:07:07.612411+09:00
Freight Comparison,90.0,54.0,success,False,2026-08-28T01:09:01.288346+09:00
Freight Compass,110.0,10.0,success,False,2026-08-17T21:33:08.992358+09:00
Freight Compendium,,,failed,False,2026-08-18T23:51:05.096853+09:00
Freight Confirmation,140.0,3.0,success,False,2026-08-21T01:09:12.434019+09:00
Freight Console,20.0,2.0,success,False,2026-08-17T21:31:28.023870+09:00
Freight Contribution,,,failed,False,2026-08-23T16:17:06.545040+09:00
Freight Converter,,,failed,False,2026-08-27T23:37:11.995923+09:00
Freight Copayment,,,failed,False,2026-08-23T16:40:21.439904+09:00
Freight Core,50.0,9.0,success,False,2026-08-17T20:32:36.001496+09:00
Freight Cost,5400.0,9.0,success,False,2026-08-21T02:15:15.095648+09:00
Freight Count,,,failed,False,2026-08-27T22:51:42.060485+09:00
Freight Counter,,,failed,False,2026-08-19T00:05:16.956026+09:00
Freight Coupon,110.0,0.0,success,False,2026-08-27T21:19:50.770385+09:00
Freight Dashboard,40.0,17.0,success,False,2026-08-17T23:12:24.724350+09:00
Freight Deal,30.0,10.0,success,False,2026-08-21T01:59:58.362427+09:00
Freight Debt,,,failed,False,2026-08-21T02:30:41.751111+09:00
Freight Deck,30.0,1.0,success,False,2026-08-17T21:41:22.072079+09:00
Freight Depot,1000.0,3.0,success,False,2026-08-19T00:05:01.988375+09:00
Freight Desk,70.0,19.0,success,False,2026-08-17T21:37:21.496927+09:00
Freight Detail,,,failed,False,2026-08-23T03:24:36.035969+09:00
Freight Detector,,,failed,False,2026-08-27T23:59:26.259431+09:00
Freight Diagram,,,failed,False,2026-08-27T22:15:49.874448+09:00
Freight Dial,,,failed,False,2026-08-17T20:47:58.336807+09:00
Freight Digest,,,failed,False,2026-08-19T20:49:06.260858+09:00
Freight Directory,70.0,33.0,success,False,2026-08-19T00:04:42.603293+09:00
Freight Discount,720.0,2.0,success,False,2026-08-23T16:17:00.383036+09:00
Freight Dock,170.0,6.0,success,False,2026-08-17T20:43:55.064759+09:00
Freight Dossier,,,failed,False,2026-08-21T01:09:17.934023+09:00
Freight Downpayment,,,failed,False,2026-08-27T21:50:49.400709+09:00
Freight Draft,,,failed,False,2026-08-19T20:49:19.848949+09:00
Freight Due,,,failed,False,2026-08-23T15:53:08.210333+09:00
Freight Duty,140.0,0.0,success,False,2026-08-21T02:45:23.002534+09:00
Freight Engine,170.0,6.0,success,False,2026-08-17T23:31:27.985495+09:00
Freight Entry,20.0,0.0,success,False,2026-08-21T01:09:29.468190+09:00
Freight Estimate,480.0,53.0,success,False,2026-08-19T21:33:06.191339+09:00
Freight Estimator,4400.0,26.0,success,False,2026-08-27T23:59:20.883273+09:00
Freight Excerpt,,,failed,False,2026-08-21T01:09:25.502385+09:00
Freight Fare,40.0,7.0,success,False,2026-08-21T02:15:19.980644+09:00
Freight Fee,18100.0,4.0,success,False,2026-08-21T01:59:42.509744+09:00
Freight Feed,,,failed,False,2026-08-19T20:49:12.755513+09:00
Freight File,30.0,1.0,success,False,2026-08-19T20:48:46.011592+09:00
Freight Finder,1000.0,44.0,success,False,2026-08-19T00:04:56.559247+09:00
Freight Fine,10.0,0.0,success,False,2026-08-23T02:58:45.466254+09:00
Freight Flag,,,failed,False,2026-08-21T00:36:35.821010+09:00
Freight Flow,480.0,7.0,success,False,2026-08-18T01:28:07.797651+09:00
Freight Forge,10.0,16.0,success,False,2026-08-17T21:30:47.592348+09:00
Freight Form,20.0,4.0,success,False,2026-08-19T13:40:01.237122+09:00
Freight Format,,,failed,False,2026-08-23T13:10:08.705068+09:00
Freight Frame,210.0,13.0,success,False,2026-08-17T20:34:34.179062+09:00
Freight Fund,,,failed,False,2026-08-21T02:30:47.137745+09:00
Freight Gate,390.0,3.0,success,False,2026-08-17T20:38:43.149907+09:00
Freight Giveaway,,,failed,False,2026-08-27T21:19:58.870068+09:00
Freight Grade,,,failed,False,2026-08-21T00:36:21.244854+09:00
Freight Graph,,,failed,False,2026-08-27T22:15:29.214068+09:00
Freight Grid,10.0,0.0,success,False,2026-08-17T20:41:46.079279+09:00
Freight Guarantee,,,failed,False,2026-08-28T01:09:03.847299+09:00
Freight Guard,1600.0,11.0,success,False,2026-08-17T20:33:09.747000+09:00
Freight Guardian,,,failed,False,2026-08-28T00:27:40.381664+09:00
Freight Guidebook,,,failed,False,2026-08-18T23:51:05.096853+09:00
Freight Helpdesk,,,failed,False,2026-08-27T22:51:44.321364+09:00
Freight Helper,,,failed,False,2026-08-28T00:27:40.381664+09:00
Freight History,10.0,0.0,success,False,2026-08-19T20:48:40.120494+09:00
Freight Hub,1600.0,8.0,success,False,2026-08-17T21:40:41.309160+09:00
Freight Identifier,,,failed,False,2026-08-23T13:10:03.956535+09:00
Freight Incentive,,,failed,False,2026-08-27T21:19:56.366947+09:00
Freight Index,720.0,10.0,success,False,2026-08-19T21:33:04.196015+09:00
Freight Insight,,,failed,False,2026-08-17T23:32:21.137516+09:00
Freight Installment,,,failed,False,2026-08-23T16:17:04.207592+09:00
Freight Item,70.0,11.0,success,False,2026-08-21T01:59:47.241476+09:00
Freight Journal,110.0,3.0,success,False,2026-08-18T23:51:05.096853+09:00
Freight Keeper,,,failed,False,2026-08-17T20:35:00.475766+09:00
Freight Lab,30.0,0.0,success,False,2026-08-17T21:37:55.576177+09:00
Freight Label,90.0,7.0,success,False,2026-08-27T22:15:33.141509+09:00
Freight Layout,,,failed,False,2026-08-27T22:29:33.709708+09:00
Freight Ledger,,,failed,False,2026-08-18T07:52:01.229242+09:00
Freight Lens,,,failed,False,2026-08-17T20:35:28.436030+09:00
Freight Level,10.0,25.0,success,False,2026-08-19T20:48:51.281701+09:00
Freight Levy,,,failed,False,2026-08-23T13:48:38.413472+09:00
Freight Link,5400.0,28.0,success,False,2026-08-23T03:24:30.095281+09:00
Freight List,70.0,4.0,success,False,2026-08-19T22:06:12.556669+09:00
Freight Loan,10.0,1.0,success,False,2026-08-21T02:15:26.957875+09:00
Freight Locator,90.0,11.0,success,False,2026-08-19T00:04:50.750995+09:00
Freight Lock,20.0,17.0,success,False,2026-08-17T20:37:24.505740+09:00
Freight Log,70.0,4.0,success,False,2026-08-19T13:39:49.486851+09:00
Freight Loop,,,failed,False,2026-08-17T20:42:29.560038+09:00
Freight Manager,320.0,3.0,success,False,2026-08-17T20:34:08.377719+09:00
Freight Manual,,,failed,False,2026-08-27T22:15:33.141509+09:00
Freight Map,1000.0,8.0,success,False,2026-08-17T20:36:26.800121+09:00
Freight Marker,,,failed,False,2026-08-23T13:28:22.129962+09:00
Freight Markup,,,failed,False,2026-08-23T16:40:19.270826+09:00
Freight Memo,70.0,0.0,success,False,2026-08-21T00:36:26.230021+09:00
Freight Message,,,failed,False,2026-08-27T23:16:45.468022+09:00
Freight Meter,,,failed,False,2026-08-17T20:46:42.242736+09:00
Freight Metrics,70.0,6.0,success,False,2026-08-17T23:05:14.518937+09:00
Freight Monitor,30.0,10.0,success,False,2026-08-17T23:10:49.091693+09:00
Freight Navigator,40.0,3.0,success,False,2026-08-17T23:32:49.252049+09:00
Freight Nexus,,,failed,False,2026-08-17T20:37:57.626492+09:00
Freight Node,,,failed,False,2026-08-17T20:39:41.640400+09:00
Freight Note,140.0,0.0,success,False,2026-08-19T13:41:26.637679+09:00
Freight Notification,,,failed,False,2026-08-27T22:51:39.171829+09:00
Freight Number,70.0,10.0,success,False,2026-08-23T03:24:25.190204+09:00
Freight Office,140.0,3.0,success,False,2026-08-19T00:05:11.440472+09:00
Freight Ops,320.0,2.0,success,False,2026-08-17T23:14:05.238044+09:00
Freight Order,320.0,6.0,success,False,2026-08-19T22:05:35.780904+09:00
Freight Organizer,,,failed,False,2026-08-17T23:32:02.596672+09:00
Freight Overage,,,failed,False,2026-08-27T21:50:46.767806+09:00
Freight Overdue,,,failed,False,2026-08-27T21:50:44.551751+09:00
Freight Panel,10.0,34.0,success,False,2026-08-17T21:30:15.996537+09:00
Freight Pass,50.0,3.0,success,False,2026-08-21T00:35:54.809657+09:00
Freight Path,50.0,5.0,success,False,2026-08-17T20:39:15.324728+09:00
Freight Payoff,,,failed,False,2026-08-27T21:50:44.551751+09:00
Freight Penalty,,,failed,False,2026-08-23T16:40:19.270826+09:00
Freight Petition,,,failed,False,2026-08-21T01:09:06.679370+09:00
Freight Pilot,1600.0,4.0,success,False,2026-08-17T21:38:29.386806+09:00
Freight Plan,210.0,5.0,success,False,2026-08-21T01:59:53.471915+09:00
Freight Planner,210.0,5.0,success,False,2026-08-17T23:31:42.326204+09:00
Freight Playbook,,,failed,False,2026-08-18T23:51:05.096853+09:00
Freight Point,10.0,16.0,success,False,2026-08-17T20:38:19.209708+09:00
Freight Portal,260.0,11.0,success,False,2026-08-17T21:32:33.876836+09:00
Freight Preview,,,failed,False,2026-08-28T01:09:03.847299+09:00
Freight Profile,10.0,0.0,success,False,2026-08-19T13:41:55.083304+09:00
Freight Profit,,,failed,False,2026-08-23T02:58:35.873995+09:00
Freight Proposal,10.0,0.0,success,False,2026-08-28T01:09:03.847299+09:00
Freight Pulse,40.0,6.0,success,False,2026-08-17T20:40:52.985789+09:00
Freight Quota,,,failed,False,2026-08-21T00:36:30.694005+09:00
Freight Radar,320.0,3.0,success,False,2026-08-17T21:36:20.278504+09:00
Freight Rail,2400.0,0.0,success,True,2026-08-17T20:42:52.966707+09:00
Freight Rate,4400.0,22.0,success,False,2026-08-19T20:48:59.251157+09:00
Freight Recap,,,failed,False,2026-08-21T01:09:22.527514+09:00
Freight Receipt,50.0,1.0,success,False,2026-08-19T22:05:51.290848+09:00
Freight Recorder,,,failed,False,2026-08-27T23:37:16.371136+09:00
Freight Register,,,failed,False,2026-08-17T23:33:00.502135+09:00
Freight Registry,,,failed,False,2026-08-18T23:51:07.460052+09:00
Freight Relay,,,failed,False,2026-08-17T21:35:14.152571+09:00
Freight Reminder,,,failed,False,2026-08-19T21:33:04.196015+09:00
Freight Report,50.0,8.0,success,False,2026-08-19T13:39:34.156572+09:00
Freight Result,,,failed,False,2026-08-28T00:49:09.988603+09:00
Freight Roadmap,,,failed,False,2026-08-18T23:51:07.460052+09:00
Freight Roster,,,failed,False,2026-08-19T00:38:52.130938+09:00
Freight Route,1600.0,2.0,success,False,2026-08-17T20:44:37.629482+09:00
Freight Rule,,,failed,False,2026-08-23T03:24:33.433692+09:00
Freight Sale,480.0,4.0,success,False,2026-08-21T02:30:57.020640+09:00
Freight Sample,,,failed,False,2026-08-19T22:06:56.710970+09:00
Freight Scale,260.0,100.0,success,False,2026-08-17T20:45:42.370254+09:00
Freight Scanner,50.0,45.0,success,False,2026-08-27T23:59:23.650703+09:00
Freight Scheduler,140.0,4.0,success,False,2026-08-17T22:51:27.768654+09:00
Freight Scope,20.0,21.0,success,False,2026-08-17T20:43:25.230587+09:00
Freight Score,,,failed,False,2026-08-19T13:41:02.359276+09:00
Freight Sentry,,,failed,False,2026-08-17T20:36:00.761105+09:00
Freight Sheet,20.0,0.0,success,False,2026-08-19T13:40:29.386715+09:00
Freight Shortfall,,,failed,False,2026-08-27T21:50:51.730845+09:00
Freight Signal,,,failed,False,2026-08-17T20:45:15.345040+09:00
Freight Signature,,,failed,False,2026-08-23T13:28:22.129962+09:00
Freight Slip,30.0,1.0,success,False,2026-08-19T22:06:44.272499+09:00
Freight Slot,,,failed,False,2026-08-19T22:07:06.557200+09:00
Freight Snapshot,,,failed,False,2026-08-18T23:51:07.460052+09:00
Freight Stage,,,failed,False,2026-08-28T00:49:09.988603+09:00
Freight Stake,,,failed,False,2026-08-23T02:58:39.272586+09:00
Freight Statement,90.0,0.0,success,False,2026-08-21T00:36:14.044141+09:00
Freight Station,1000.0,2.0,success,False,2026-08-17T21:36:43.981322+09:00
Freight Status,170.0,0.0,success,False,2026-08-19T20:48:28.899410+09:00
Freight Streak,,,failed,False,2026-08-28T00:49:09.988603+09:00
Freight Stub,,,failed,False,2026-08-21T00:36:08.674469+09:00
Freight Studio,50.0,0.0,success,False,2026-08-17T21:39:19.495692+09:00
Freight Subsidy,70.0,0.0,success,False,2026-08-23T15:53:08.210333+09:00
Freight Suite,70.0,26.0,success,False,2026-08-17T23:14:22.352504+09:00
Freight Sum,,,failed,False,2026-08-21T02:30:37.873895+09:00
Freight Summary,,,failed,False,2026-08-19T21:33:01.101175+09:00
Freight Surtax,,,failed,False,2026-08-23T15:53:10.362751+09:00
Freight Sync,,,failed,False,2026-08-18T07:52:58.974940+09:00
Freight Tab,,,failed,False,2026-08-21T00:36:37.815514+09:00
Freight Table,40.0,38.0,success,False,2026-08-19T22:06:22.029176+09:00
Freight Tag,50.0,43.0,success,False,2026-08-19T13:41:43.922175+09:00
Freight Tally,,,failed,False,2026-08-21T00:36:18.143483+09:00
Freight Tariff,50.0,6.0,success,False,2026-08-21T02:45:31.753294+09:00
Freight Tax,210.0,1.0,success,False,2026-08-21T02:15:23.867854+09:00
Freight Terminal,2400.0,6.0,success,False,2026-08-17T23:11:27.104300+09:00
Freight Ticket,110.0,31.0,success,False,2026-08-19T21:33:06.191339+09:00
Freight Tier,,,failed,False,2026-08-28T00:49:13.140044+09:00
Freight Timeline,,,failed,False,2026-08-19T21:33:01.101175+09:00
Freight Timer,,,failed,False,2026-08-28T00:27:37.736040+09:00
Freight Toll,390.0,26.0,success,False,2026-08-21T02:45:25.368857+09:00
Freight Toolbox,10.0,100.0,success,False,2026-08-28T00:27:40.381664+09:00
Freight Toolkit,,,failed,False,2026-08-18T23:51:07.460052+09:00
Freight Total,10.0,2.0,success,False,2026-08-27T23:16:51.144125+09:00
Freight Tracker,4400.0,11.0,success,False,2026-08-17T20:31:59.985806+09:00
Freight Trail,2400.0,0.0,success,True,2026-08-17T20:42:06.946542+09:00
Freight Trend,50.0,8.0,success,False,2026-08-28T01:09:01.288346+09:00
Freight Trial,,,failed,False,2026-08-27T21:19:54.141367+09:00
Freight Unit,140.0,1.0,success,False,2026-08-21T01:59:50.051478+09:00
Freight Update,30.0,24.0,success,False,2026-08-19T20:49:04.250848+09:00
Freight Value,260.0,2.0,success,False,2026-08-23T02:58:39.272586+09:00
Freight Vault,90.0,8.0,success,False,2026-08-17T21:34:09.721109+09:00
Freight Version,,,failed,False,2026-08-23T03:24:25.190204+09:00
Freight View,2900.0,26.0,success,False,2026-08-19T20:48:35.358478+09:00
Freight Voucher,,,failed,False,2026-08-21T00:36:00.602558+09:00
Freight Watch,140.0,15.0,success,False,2026-08-17T20:44:15.738532+09:00
Freight Wave,210.0,8.0,success,False,2026-08-17T20:40:08.225876+09:00
Freight Widget,,,failed,False,2026-08-27T23:16:51.144125+09:00
Freight Workbench,,,failed,False,2026-08-18T23:51:07.460052+09:00
Freight Worksheet,,,failed,False,2026-08-27T22:15:41.431097+09:00
Freight Yard,1600.0,1.0,success,False,2026-08-19T00:38:38.551550+09:00
Freight Zone,480.0,2.0,success,False,2026-08-17T21:33:36.085901+09:00
Freon Alert,,,failed,False,2026-08-19T21:06:13.197757+09:00
Freon Base,,,failed,False,2026-08-19T21:17:35.138769+09:00
Freon Bay,,,failed,False,2026-08-19T21:04:22.708628+09:00
Freon Beacon,,,failed,False,2026-08-19T21:14:53.889746+09:00
Freon Bin,,,failed,False,2026-08-19T21:06:35.637376+09:00
Freon Board,,,failed,False,2026-08-19T21:18:01.862049+09:00
Freon Booth,,,failed,False,2026-08-19T21:03:45.298500+09:00
Freon Bridge,,,failed,False,2026-08-19T21:15:31.407245+09:00
Freon Card,,,failed,False,2026-08-19T21:08:17.191236+09:00
Freon Cascade,,,failed,False,2026-08-19T21:15:20.790094+09:00
Freon Cashback,,,failed,False,2026-08-27T21:17:10.879829+09:00
Freon Catalog,,,failed,False,2026-08-19T21:13:02.504471+09:00
Freon Chart,210.0,1.0,success,False,2026-08-19T21:06:25.471396+09:00
Freon Check,110.0,68.0,success,False,2026-08-19T21:08:37.744349+09:00
Freon Checklist,,,failed,False,2026-08-19T21:12:07.891173+09:00
Freon Compass,,,failed,False,2026-08-19T21:14:42.578262+09:00
Freon Console,,,failed,False,2026-08-19T21:19:47.057352+09:00
Freon Coupon,10.0,36.0,success,False,2026-08-27T21:17:07.956821+09:00
Freon Desk,,,failed,False,2026-08-19T21:14:01.404689+09:00
Freon Detail,,,failed,False,2026-08-23T03:24:05.243173+09:00
Freon Digest,,,failed,False,2026-08-19T21:11:02.607888+09:00
Freon Draft,,,failed,False,2026-08-19T21:11:23.723554+09:00
Freon Estimate,,,failed,False,2026-08-19T21:12:51.464479+09:00
Freon Feed,,,failed,False,2026-08-19T21:11:12.970448+09:00
Freon File,,,failed,False,2026-08-19T21:10:18.944671+09:00
Freon Flow,10.0,18.0,success,False,2026-08-19T21:13:38.700903+09:00
Freon Forge,10.0,0.0,success,False,2026-08-19T21:15:09.209545+09:00
Freon Form,,,failed,False,2026-08-19T21:08:07.894185+09:00
Freon Frame,,,failed,False,2026-08-19T21:17:25.572760+09:00
Freon Giveaway,,,failed,False,2026-08-27T21:17:14.401522+09:00
Freon Grid,,,failed,False,2026-08-19T21:16:25.825046+09:00
Freon History,30.0,0.0,success,False,2026-08-19T21:10:07.849360+09:00
Freon Hotline,,,failed,False,2026-08-19T21:13:15.643031+09:00
Freon Hub,,,failed,False,2026-08-19T21:13:50.204351+09:00
Freon Incentive,,,failed,False,2026-08-27T21:17:14.401522+09:00
Freon Index,,,failed,False,2026-08-19T21:12:20.631006+09:00
Freon Kiosk,,,failed,False,2026-08-19T21:03:58.078741+09:00
Freon Ledger,,,failed,False,2026-08-19T21:17:53.819858+09:00
Freon Level,110.0,9.0,success,False,2026-08-19T21:10:29.402308+09:00
Freon Line,210.0,20.0,success,False,2026-08-19T21:07:18.151537+09:00
Freon Link,,,failed,False,2026-08-23T03:23:58.190781+09:00
Freon Locker,,,failed,False,2026-08-19T21:03:27.831086+09:00
Freon Log,30.0,1.0,success,False,2026-08-19T21:07:57.029357+09:00
Freon Loop,,,failed,False,2026-08-19T21:16:11.566322+09:00
Freon Map,,,failed,False,2026-08-19T21:17:15.430061+09:00
Freon Note,,,failed,False,2026-08-19T21:09:00.850536+09:00
Freon Number,30.0,20.0,success,False,2026-08-23T03:23:49.316132+09:00
Freon Panel,,,failed,False,2026-08-19T21:19:58.668783+09:00
Freon Path,,,failed,False,2026-08-19T21:16:48.614230+09:00
Freon Point,,,failed,False,2026-08-19T21:17:02.639874+09:00
Freon Portal,,,failed,False,2026-08-19T21:19:35.712806+09:00
Freon Profile,,,failed,False,2026-08-19T21:09:27.813218+09:00
Freon Queue,,,failed,False,2026-08-19T21:12:41.804289+09:00
Freon Radar,,,failed,False,2026-08-19T21:14:11.257032+09:00
Freon Rate,,,failed,False,2026-08-19T21:10:38.305423+09:00
Freon Relay,,,failed,False,2026-08-19T21:14:21.531663+09:00
Freon Reminder,,,failed,False,2026-08-19T21:11:58.211530+09:00
Freon Report,,,failed,False,2026-08-19T21:07:47.829296+09:00
Freon Rule,,,failed,False,2026-08-23T03:24:01.511685+09:00
Freon Scale,480.0,100.0,success,False,2026-08-19T21:20:10.804990+09:00
Freon Scope,,,failed,False,2026-08-19T21:16:02.434865+09:00
Freon Score,,,failed,False,2026-08-19T21:08:50.261483+09:00
Freon Sheet,,,failed,False,2026-08-19T21:08:27.297609+09:00
Freon Shelf,,,failed,False,2026-08-19T21:05:37.228592+09:00
Freon Signal,,,failed,False,2026-08-19T21:15:42.753829+09:00
Freon Slot,,,failed,False,2026-08-19T22:00:23.357458+09:00
Freon Status,,,failed,False,2026-08-19T21:09:40.471721+09:00
Freon Summary,,,failed,False,2026-08-19T21:11:34.990271+09:00
Freon Tag,,,failed,False,2026-08-19T21:09:13.421479+09:00
Freon Ticker,,,failed,False,2026-08-19T21:07:06.926428+09:00
Freon Ticket,,,failed,False,2026-08-19T21:12:30.069108+09:00
Freon Timeline,,,failed,False,2026-08-19T21:11:44.619551+09:00
Freon Tracker,,,failed,False,2026-08-19T21:13:28.219579+09:00
Freon Trial,,,failed,False,2026-08-27T21:17:10.879829+09:00
Freon Update,,,failed,False,2026-08-19T21:10:50.221080+09:00
Freon Vault,,,failed,False,2026-08-19T21:14:31.473745+09:00
Freon Version,,,failed,False,2026-08-23T03:23:54.422715+09:00
Freon View,,,failed,False,2026-08-19T21:09:50.193216+09:00
Freon Watch,,,failed,False,2026-08-19T21:15:52.181697+09:00
Freon Wave,,,failed,False,2026-08-19T21:16:36.317434+09:00
Freon Window,,,failed,False,2026-08-19T21:07:27.526395+09:00
Freon Yard,,,failed,False,2026-08-19T21:04:09.833583+09:00
Freon Zone,,,failed,False,2026-08-19T21:19:23.397844+09:00
Fuel Advance,70.0,13.0,success,False,2026-08-23T16:13:24.161828+09:00
Fuel Advisory,140.0,0.0,success,False,2026-08-21T00:59:19.513950+09:00
Fuel Allowance,12100.0,1.0,success,False,2026-08-21T02:37:53.787359+09:00
Fuel Almanac,,,failed,False,2026-08-18T22:11:24.179554+09:00
Fuel Analyzer,140.0,59.0,success,False,2026-08-27T23:55:14.253857+09:00
Fuel Anchor,,,failed,False,2026-08-17T21:38:35.218560+09:00
Fuel Arrears,,,failed,False,2026-08-23T16:13:24.161828+09:00
Fuel Asset,10.0,0.0,success,False,2026-08-23T13:46:40.614274+09:00
Fuel Assistant,6600.0,11.0,success,False,2026-08-17T23:28:06.508675+09:00
Fuel Atlas,4400.0,10.0,success,False,2026-08-17T20:45:46.874737+09:00
Fuel Badge,20.0,0.0,success,False,2026-08-21T00:25:13.031282+09:00
Fuel Balance,110.0,27.0,success,False,2026-08-23T13:46:35.892255+09:00
Fuel Base,90.0,0.0,success,False,2026-08-17T20:42:34.302604+09:00
Fuel Bay,210.0,0.0,success,False,2026-08-19T00:37:28.610789+09:00
Fuel Beacon,,,failed,False,2026-08-17T20:32:03.329355+09:00
Fuel Bill,1000.0,2.0,success,False,2026-08-19T21:58:11.207870+09:00
Fuel Blueprint,,,failed,False,2026-08-18T22:11:13.751205+09:00
Fuel Board,90.0,61.0,success,False,2026-08-17T20:40:15.034726+09:00
Fuel Book,480.0,9.0,success,False,2026-08-19T21:58:56.766000+09:00
Fuel Bridge,260.0,6.0,success,False,2026-08-17T21:40:49.556938+09:00
Fuel Brief,,,failed,False,2026-08-21T00:59:10.591896+09:00
Fuel Bulletin,10.0,0.0,success,False,2026-08-21T00:59:06.391670+09:00
Fuel Cabinet,260.0,100.0,success,False,2026-08-27T23:13:03.121922+09:00
Fuel Calculator,49500.0,0.0,success,True,2026-08-27T23:34:22.055868+09:00
Fuel Calendar,40.0,0.0,success,False,2026-08-18T23:59:20.806892+09:00
Fuel Card,22200.0,53.0,success,False,2026-08-19T13:21:04.898366+09:00
Fuel Cascade,,,failed,False,2026-08-18T07:52:55.085793+09:00
Fuel Cash,30.0,3.0,success,False,2026-08-21T02:21:27.143708+09:00
Fuel Cashback,880.0,29.0,success,False,2026-08-27T21:15:37.893274+09:00
Fuel Catalog,,,failed,False,2026-08-19T21:14:07.516927+09:00
Fuel Center,1600.0,3.0,success,False,2026-08-17T20:34:38.143389+09:00
Fuel Chain,40.0,1.0,success,False,2026-08-17T21:32:45.123730+09:00
Fuel Charge,2900.0,4.0,success,False,2026-08-21T02:37:37.997164+09:00
Fuel Check,110000.0,0.0,success,True,2026-08-19T13:21:58.772541+09:00
Fuel Checker,110000.0,0.0,success,True,2026-08-27T23:55:06.367292+09:00
Fuel Checklist,,,failed,False,2026-08-19T21:13:11.253613+09:00
Fuel Circular,90.0,6.0,success,False,2026-08-21T01:01:51.697457+09:00
Fuel Cockpit,140.0,76.0,success,False,2026-08-17T23:07:52.950180+09:00
Fuel Code,210.0,0.0,success,False,2026-08-19T21:58:30.244900+09:00
Fuel Codex,,,failed,False,2026-08-18T22:11:41.345427+09:00
Fuel Companion,10.0,36.0,success,False,2026-08-17T23:29:34.686853+09:00
Fuel Comparison,2400.0,10.0,success,False,2026-08-28T01:05:17.423675+09:00
Fuel Compass,20.0,0.0,success,False,2026-08-17T20:33:16.020559+09:00
Fuel Compendium,,,failed,False,2026-08-18T22:11:34.911588+09:00
Fuel Confirmation,,,failed,False,2026-08-21T00:59:36.315785+09:00
Fuel Console,20.0,0.0,success,False,2026-08-17T20:31:29.603433+09:00
Fuel Contribution,10.0,0.0,success,False,2026-08-23T16:13:20.971458+09:00
Fuel Converter,720.0,6.0,success,False,2026-08-27T23:34:22.055868+09:00
Fuel Core,210.0,21.0,success,False,2026-08-17T20:41:48.704350+09:00
Fuel Cost,8100.0,1.0,success,False,2026-08-21T02:07:53.857202+09:00
Fuel Counter,720.0,100.0,success,False,2026-08-19T00:00:18.530849+09:00
Fuel Coupon,320.0,5.0,success,False,2026-08-27T21:15:37.893274+09:00
Fuel Dashboard,390.0,4.0,success,False,2026-08-17T23:29:16.727834+09:00
Fuel Deal,140.0,41.0,success,False,2026-08-21T01:51:50.568304+09:00
Fuel Debt,20.0,17.0,success,False,2026-08-21T02:21:16.859864+09:00
Fuel Deck,320.0,2.0,success,False,2026-08-17T20:39:20.129592+09:00
Fuel Depot,6600.0,3.0,success,False,2026-08-18T23:59:57.747609+09:00
Fuel Desk,90.0,1.0,success,False,2026-08-17T20:37:03.531282+09:00
Fuel Detail,50.0,3.0,success,False,2026-08-23T03:17:04.760167+09:00
Fuel Detector,50.0,31.0,success,False,2026-08-27T23:55:11.655418+09:00
Fuel Diagram,260.0,0.0,success,False,2026-08-27T22:10:10.749365+09:00
Fuel Dial,70.0,30.0,success,False,2026-08-17T21:41:31.698252+09:00
Fuel Digest,,,failed,False,2026-08-19T20:41:37.796650+09:00
Fuel Directory,50.0,1.0,success,False,2026-08-18T23:59:30.074918+09:00
Fuel Discount,1900.0,13.0,success,False,2026-08-23T16:13:18.611192+09:00
Fuel Dock,2900.0,1.0,success,False,2026-08-17T21:35:52.306880+09:00
Fuel Dossier,,,failed,False,2026-08-21T00:59:40.549783+09:00
Fuel Downpayment,,,failed,False,2026-08-27T21:46:44.901733+09:00
Fuel Draft,,,failed,False,2026-08-19T20:41:51.151726+09:00
Fuel Due,,,failed,False,2026-08-23T15:51:22.397294+09:00
Fuel Duty,3600.0,0.0,success,True,2026-08-21T02:37:45.273746+09:00
Fuel Engine,9900.0,62.0,success,False,2026-08-17T23:04:15.040980+09:00
Fuel Entry,10.0,0.0,success,False,2026-08-21T00:59:52.495839+09:00
Fuel Estimate,110.0,1.0,success,False,2026-08-19T21:13:57.456241+09:00
Fuel Estimator,40500.0,0.0,success,True,2026-08-27T23:55:03.182011+09:00
Fuel Excerpt,,,failed,False,2026-08-21T01:01:57.606553+09:00
Fuel Fare,10.0,0.0,success,False,2026-08-21T02:08:03.839367+09:00
Fuel Fee,170.0,0.0,success,False,2026-08-21T01:51:40.699894+09:00
Fuel Feed,390.0,6.0,success,False,2026-08-19T20:41:43.197527+09:00
Fuel File,60500.0,79.0,success,False,2026-08-19T20:41:03.972806+09:00
Fuel Finder,40500.0,1.0,success,False,2026-08-18T23:59:51.056306+09:00
Fuel Fine,30.0,2.0,success,False,2026-08-23T02:53:30.954147+09:00
Fuel Flag,20.0,31.0,success,False,2026-08-21T00:26:02.753353+09:00
Fuel Flow,880.0,5.0,success,False,2026-08-17T20:39:49.091027+09:00
Fuel Forge,70.0,46.0,success,False,2026-08-18T07:52:44.350821+09:00
Fuel Form,210.0,3.0,success,False,2026-08-19T13:20:54.330811+09:00
Fuel Frame,110.0,0.0,success,False,2026-08-17T20:43:30.530213+09:00
Fuel Fund,1000.0,1.0,success,False,2026-08-21T02:21:19.910090+09:00
Fuel Gate,260.0,3.0,success,False,2026-08-17T20:48:06.680156+09:00
Fuel Giveaway,50.0,0.0,success,False,2026-08-27T21:15:44.469109+09:00
Fuel Grade,,,failed,False,2026-08-21T00:25:43.310750+09:00
Fuel Graph,70.0,0.0,success,False,2026-08-27T22:09:58.164830+09:00
Fuel Grid,20.0,1.0,success,False,2026-08-17T21:33:17.550972+09:00
Fuel Guarantee,40.0,1.0,success,False,2026-08-28T01:05:22.748209+09:00
Fuel Guard,720.0,31.0,success,False,2026-08-17T20:42:10.144192+09:00
Fuel Guardian,260.0,1.0,success,False,2026-08-28T00:24:41.812871+09:00
Fuel Guidebook,,,failed,False,2026-08-18T22:10:59.912583+09:00
Fuel Helpdesk,,,failed,False,2026-08-27T22:47:56.654242+09:00
Fuel Helper,170.0,45.0,success,False,2026-08-28T00:24:47.033463+09:00
Fuel History,210.0,0.0,success,False,2026-08-19T20:40:49.478840+09:00
Fuel Hotline,20.0,0.0,success,False,2026-08-19T21:14:17.350894+09:00
Fuel Hub,8100.0,100.0,success,False,2026-08-17T20:38:51.261946+09:00
Fuel Incentive,40.0,3.0,success,False,2026-08-27T21:15:40.330625+09:00
Fuel Index,590.0,0.0,success,False,2026-08-19T21:13:21.149067+09:00
Fuel Insight,70.0,4.0,success,False,2026-08-17T23:13:09.056664+09:00
Fuel Installment,,,failed,False,2026-08-23T16:13:18.611192+09:00
Fuel Item,,,failed,False,2026-08-21T01:51:43.156382+09:00
Fuel Journal,5400.0,1.0,success,False,2026-08-18T22:10:43.266214+09:00
Fuel Keeper,,,failed,False,2026-08-17T20:43:57.612589+09:00
Fuel Kit,260.0,37.0,success,False,2026-08-27T22:47:50.980247+09:00
Fuel Lab,1300.0,24.0,success,False,2026-08-17T20:37:29.909330+09:00
Fuel Label,320.0,24.0,success,False,2026-08-27T22:09:58.164830+09:00
Fuel Ledger,20.0,1.0,success,False,2026-08-17T20:41:00.568700+09:00
Fuel Lens,,,failed,False,2026-08-17T20:44:21.106446+09:00
Fuel Level,1600.0,12.0,success,False,2026-08-19T20:41:10.828189+09:00
Fuel Levy,2400.0,0.0,success,True,2026-08-23T13:46:40.614274+09:00
Fuel Link,1600.0,1.0,success,False,2026-08-23T03:16:59.377666+09:00
Fuel List,210.0,0.0,success,False,2026-08-19T21:58:39.226398+09:00
Fuel Loan,110.0,18.0,success,False,2026-08-21T02:08:15.230542+09:00
Fuel Locator,320.0,7.0,success,False,2026-08-18T23:59:40.785220+09:00
Fuel Lock,1300.0,13.0,success,False,2026-08-17T20:46:12.433556+09:00
Fuel Log,1300.0,78.0,success,False,2026-08-19T13:35:44.896452+09:00
Fuel Loop,20.0,0.0,success,False,2026-08-17T21:34:15.444697+09:00
Fuel Manager,720.0,83.0,success,False,2026-08-17T20:43:01.991108+09:00
Fuel Map,8100.0,0.0,success,True,2026-08-17T20:45:22.370262+09:00
Fuel Margin,50.0,0.0,success,False,2026-08-23T02:53:25.456581+09:00
Fuel Markup,,,failed,False,2026-08-23T16:38:22.069097+09:00
Fuel Memo,,,failed,False,2026-08-21T00:25:47.755507+09:00
Fuel Message,,,failed,False,2026-08-27T23:12:54.177935+09:00
Fuel Meter,2400.0,97.0,success,False,2026-08-17T21:39:25.145394+09:00
Fuel Metrics,70.0,1.0,success,False,2026-08-17T23:28:58.984040+09:00
Fuel Monitor,590.0,22.0,success,False,2026-08-17T23:28:41.981102+09:00
Fuel Navigator,10.0,0.0,success,False,2026-08-17T23:14:46.249386+09:00
Fuel Nexus,140.0,5.0,success,False,2026-08-17T20:46:49.856300+09:00
Fuel Node,20.0,0.0,success,False,2026-08-17T21:30:24.502544+09:00
Fuel Note,,,failed,False,2026-08-19T13:22:59.111226+09:00
Fuel Notification,20.0,0.0,success,False,2026-08-27T22:47:50.980247+09:00
Fuel Number,170.0,0.0,success,False,2026-08-23T03:16:47.860821+09:00
Fuel Office,40.0,1.0,success,False,2026-08-19T00:00:08.120656+09:00
Fuel Ops,40.0,2.0,success,False,2026-08-17T23:29:51.250400+09:00
Fuel Order,260.0,10.0,success,False,2026-08-19T21:58:02.735072+09:00
Fuel Organizer,,,failed,False,2026-08-17T23:06:04.469497+09:00
Fuel Overage,,,failed,False,2026-08-27T21:46:44.901733+09:00
Fuel Overdraft,,,failed,False,2026-08-23T15:51:22.397294+09:00
Fuel Panel,170.0,1.0,success,False,2026-08-18T07:43:47.974817+09:00
Fuel Pass,450000.0,0.0,success,True,2026-08-21T00:24:59.301324+09:00
Fuel Path,20.0,0.0,success,False,2026-08-17T20:48:40.258747+09:00
Fuel Penalty,30.0,0.0,success,False,2026-08-23T16:38:19.079152+09:00
Fuel Petition,10.0,0.0,success,False,2026-08-21T00:59:32.095317+09:00
Fuel Pilot,210.0,1.0,success,False,2026-08-17T20:38:02.236902+09:00
Fuel Plan,1600.0,1.0,success,False,2026-08-21T01:51:54.787871+09:00
Fuel Planner,1600.0,1.0,success,False,2026-08-17T23:11:28.950122+09:00
Fuel Playbook,,,failed,False,2026-08-18T22:10:34.249457+09:00
Fuel Point,4400.0,2.0,success,False,2026-08-17T20:47:23.581270+09:00
Fuel Portal,70.0,0.0,success,False,2026-08-17T20:32:41.344957+09:00
Fuel Preview,10.0,0.0,success,False,2026-08-28T01:05:20.139067+09:00
Fuel Profile,10.0,1.0,success,False,2026-08-19T13:23:22.980764+09:00
Fuel Profit,10.0,2.0,success,False,2026-08-23T02:53:17.402090+09:00
Fuel Proposal,10.0,0.0,success,False,2026-08-28T01:05:20.139067+09:00
Fuel Pulse,140.0,29.0,success,False,2026-08-17T21:32:05.797514+09:00
Fuel Queue,260.0,0.0,success,False,2026-08-19T21:13:46.122895+09:00
Fuel Quota,880.0,0.0,success,False,2026-08-21T00:25:54.977191+09:00
Fuel Radar,1600.0,0.0,success,True,2026-08-17T20:36:04.789698+09:00
Fuel Rail,6600.0,39.0,success,False,2026-08-17T21:34:46.886716+09:00
Fuel Rate,3600.0,0.0,success,True,2026-08-19T20:41:20.028487+09:00
Fuel Recap,,,failed,False,2026-08-21T00:59:46.357323+09:00
Fuel Receipt,1600.0,1.0,success,False,2026-08-19T21:58:22.475915+09:00
Fuel Recorder,10.0,14.0,success,False,2026-08-27T23:34:29.939711+09:00
Fuel Redemption,,,failed,False,2026-08-23T16:38:24.543370+09:00
Fuel Register,2400.0,0.0,success,True,2026-08-17T23:09:36.803243+09:00
Fuel Registry,,,failed,False,2026-08-18T22:11:07.698009+09:00
Fuel Relay,1300.0,15.0,success,False,2026-08-17T20:35:06.364440+09:00
Fuel Reminder,50.0,1.0,success,False,2026-08-19T21:12:57.141262+09:00
Fuel Report,210.0,1.0,success,False,2026-08-19T13:35:27.432298+09:00
Fuel Repository,10.0,0.0,success,False,2026-08-27T23:13:06.155067+09:00
Fuel Roadmap,10.0,,success,False,2026-08-18T22:11:49.715981+09:00
Fuel Roster,30.0,0.0,success,False,2026-08-19T00:37:37.516387+09:00
Fuel Route,30.0,0.0,success,False,2026-08-17T21:36:52.396982+09:00
Fuel Rule,50.0,0.0,success,False,2026-08-23T03:17:02.268689+09:00
Fuel Sale,480.0,11.0,success,False,2026-08-21T02:21:30.317993+09:00
Fuel Sample,390.0,18.0,success,False,2026-08-19T21:46:07.673702+09:00
Fuel Scale,140.0,2.0,success,False,2026-08-17T21:38:03.717082+09:00
Fuel Scanner,480.0,1.0,success,False,2026-08-27T23:55:11.655418+09:00
Fuel Scheduler,260.0,3.0,success,False,2026-08-17T23:28:19.331420+09:00
Fuel Schematic,20.0,0.0,success,False,2026-08-27T22:28:51.186281+09:00
Fuel Scope,10.0,8.0,success,False,2026-08-17T21:35:18.423759+09:00
Fuel Score,30.0,0.0,success,False,2026-08-19T13:22:13.329978+09:00
Fuel Sentry,10.0,14.0,success,False,2026-08-17T20:44:45.631544+09:00
Fuel Sheet,90.0,8.0,success,False,2026-08-19T13:21:44.122863+09:00
Fuel Shortfall,,,failed,False,2026-08-27T21:46:47.630562+09:00
Fuel Signal,480.0,42.0,success,False,2026-08-17T21:37:26.190503+09:00
Fuel Slip,210.0,1.0,success,False,2026-08-19T21:45:53.420711+09:00
Fuel Slot,,,failed,False,2026-08-19T21:46:17.017433+09:00
Fuel Snapshot,10.0,,success,False,2026-08-18T22:10:51.704890+09:00
Fuel Stake,10.0,0.0,success,False,2026-08-23T02:53:22.590239+09:00
Fuel Statement,40.0,1.0,success,False,2026-08-21T00:25:26.988508+09:00
Fuel Station,246000.0,6.0,success,False,2026-08-17T20:36:35.862750+09:00
Fuel Status,320.0,0.0,success,False,2026-08-19T20:40:35.383963+09:00
Fuel Stipend,50.0,0.0,success,False,2026-08-23T13:46:40.614274+09:00
Fuel Stub,,,failed,False,2026-08-21T00:25:21.406032+09:00
Fuel Studio,1000.0,4.0,success,False,2026-08-17T20:38:24.877008+09:00
Fuel Subsidy,18100.0,0.0,success,True,2026-08-23T15:51:24.556081+09:00
Fuel Suite,40.0,7.0,success,False,2026-08-17T23:27:50.871251+09:00
Fuel Sum,,,failed,False,2026-08-21T02:21:14.623269+09:00
Fuel Summary,260.0,0.0,success,False,2026-08-19T21:12:35.619378+09:00
Fuel Surtax,,,failed,False,2026-08-23T15:51:28.689965+09:00
Fuel Sync,22200.0,100.0,success,False,2026-08-17T20:40:36.395454+09:00
Fuel Tab,2400.0,47.0,success,False,2026-08-21T00:26:07.923229+09:00
Fuel Table,170.0,0.0,success,False,2026-08-19T21:58:48.612097+09:00
Fuel Tag,590.0,17.0,success,False,2026-08-19T13:23:14.484254+09:00
Fuel Tally,,,failed,False,2026-08-21T00:25:35.006393+09:00
Fuel Tariff,720.0,7.0,success,False,2026-08-21T02:37:55.962761+09:00
Fuel Tax,18100.0,1.0,success,False,2026-08-21T02:08:11.666475+09:00
Fuel Terminal,1300.0,2.0,success,False,2026-08-17T20:35:36.002153+09:00
Fuel Ticket,590.0,9.0,success,False,2026-08-19T21:13:34.097161+09:00
Fuel Tier,,,failed,False,2026-08-28T00:47:30.269850+09:00
Fuel Timeline,10.0,0.0,success,False,2026-08-19T21:12:47.142527+09:00
Fuel Timer,40.0,2.0,success,False,2026-08-28T00:24:39.235749+09:00
Fuel Toll,,,failed,False,2026-08-21T02:37:48.956315+09:00
Fuel Toolbox,10.0,100.0,success,False,2026-08-28T00:24:44.523713+09:00
Fuel Toolkit,,,failed,False,2026-08-18T22:10:25.741480+09:00
Fuel Total,90.0,8.0,success,False,2026-08-27T23:12:56.649660+09:00
Fuel Tracker,3600.0,7.0,success,False,2026-08-17T20:41:20.787117+09:00
Fuel Trail,20.0,3.0,success,False,2026-08-17T21:33:42.291802+09:00
Fuel Trend,140.0,0.0,success,False,2026-08-28T01:05:14.146226+09:00
Fuel Trial,20.0,0.0,success,False,2026-08-27T21:15:40.330625+09:00
Fuel Unit,320.0,25.0,success,False,2026-08-21T01:51:52.747806+09:00
Fuel Update,1900.0,0.0,success,True,2026-08-19T20:41:30.953351+09:00
Fuel Value,210.0,0.0,success,False,2026-08-23T02:53:19.802959+09:00
Fuel Vault,50.0,75.0,success,False,2026-08-17T20:34:16.019094+09:00
Fuel Version,10.0,0.0,success,False,2026-08-23T03:16:51.782987+09:00
Fuel View,90.0,1.0,success,False,2026-08-19T20:40:40.887904+09:00
Fuel Voucher,5400.0,13.0,success,False,2026-08-21T00:25:07.096192+09:00
Fuel Wallet,210.0,3.0,success,False,2026-08-27T22:47:53.351609+09:00
Fuel Watch,368000.0,0.0,success,True,2026-08-17T21:36:24.237197+09:00
Fuel Wave,40.0,0.0,success,False,2026-08-17T21:30:57.458125+09:00
Fuel Widget,10.0,0.0,success,False,2026-08-27T23:13:00.467969+09:00
Fuel Workbench,,,failed,False,2026-08-18T22:10:18.505365+09:00
Fuel Worksheet,20.0,0.0,success,False,2026-08-27T22:10:01.202227+09:00
Fuel Workshop,10.0,0.0,success,False,2026-08-28T00:24:41.812871+09:00
Fuel Zone,4400.0,2.0,success,False,2026-08-17T20:33:46.243100+09:00
Fulfillment Advisory,,,failed,False,2026-08-21T01:03:30.050919+09:00
Fulfillment Allowance,,,failed,False,2026-08-21T02:42:54.824749+09:00
Fulfillment Almanac,,,failed,False,2026-08-18T22:12:17.661018+09:00
Fulfillment Analyzer,,,failed,False,2026-08-27T23:51:12.915875+09:00
Fulfillment Anchor,,,failed,False,2026-08-17T20:41:53.253624+09:00
Fulfillment Announcement,,,failed,False,2026-08-27T23:31:21.274329+09:00
Fulfillment Asset,,,failed,False,2026-08-23T13:48:10.648745+09:00
Fulfillment Assistant,90.0,1.0,success,False,2026-08-17T23:28:07.981645+09:00
Fulfillment Atlas,,,failed,False,2026-08-17T20:32:08.584337+09:00
Fulfillment Attribute,,,failed,False,2026-08-23T13:09:00.936814+09:00
Fulfillment Badge,,,failed,False,2026-08-21T00:29:58.685573+09:00
Fulfillment Balance,,,failed,False,2026-08-23T13:48:06.578216+09:00
Fulfillment Base,,,failed,False,2026-08-17T21:39:34.435552+09:00
Fulfillment Beacon,,,failed,False,2026-08-17T20:45:26.162726+09:00
Fulfillment Bill,,,failed,False,2026-08-19T21:51:01.436792+09:00
Fulfillment Blueprint,,,failed,False,2026-08-18T22:12:08.779533+09:00
Fulfillment Board,,,failed,False,2026-08-17T21:35:54.911296+09:00
Fulfillment Book,170.0,33.0,success,False,2026-08-19T21:51:58.682281+09:00
Fulfillment Bridge,210.0,19.0,success,False,2026-08-17T20:42:40.071307+09:00
Fulfillment Brief,,,failed,False,2026-08-21T01:03:20.927802+09:00
Fulfillment Bulletin,,,failed,False,2026-08-21T01:03:16.580684+09:00
Fulfillment Calculator,10.0,13.0,success,False,2026-08-27T23:31:24.795366+09:00
Fulfillment Calendar,,,failed,False,2026-08-18T23:52:29.838132+09:00
Fulfillment Card,,,failed,False,2026-08-19T13:39:01.193066+09:00
Fulfillment Cascade,,,failed,False,2026-08-17T20:43:32.566232+09:00
Fulfillment Cash,,,failed,False,2026-08-21T02:27:19.706336+09:00
Fulfillment Catalog,10.0,86.0,success,False,2026-08-19T21:07:42.156894+09:00
Fulfillment Category,,,failed,False,2026-08-23T13:08:58.766460+09:00
Fulfillment Center,22200.0,39.0,success,False,2026-08-17T20:48:09.439521+09:00
Fulfillment Chain,,,failed,False,2026-08-17T20:37:05.313557+09:00
Fulfillment Charge,,,failed,False,2026-08-21T02:42:44.475010+09:00
Fulfillment Check,10.0,0.0,success,False,2026-08-19T13:39:37.773489+09:00
Fulfillment Checker,,,failed,False,2026-08-27T23:51:04.044510+09:00
Fulfillment Checklist,,,failed,False,2026-08-19T21:06:49.674751+09:00
Fulfillment Circular,,,failed,False,2026-08-21T01:03:25.375031+09:00
Fulfillment Cockpit,,,failed,False,2026-08-17T23:07:56.377169+09:00
Fulfillment Code,,,failed,False,2026-08-19T21:51:23.149370+09:00
Fulfillment Codex,,,failed,False,2026-08-18T23:51:07.460052+09:00
Fulfillment Companion,,,failed,False,2026-08-17T23:29:37.041815+09:00
Fulfillment Comparison,,,failed,False,2026-08-28T01:02:07.599938+09:00
Fulfillment Compass,,,failed,False,2026-08-17T20:46:14.149623+09:00
Fulfillment Compendium,,,failed,False,2026-08-18T22:12:23.623332+09:00
Fulfillment Confirmation,,,failed,False,2026-08-21T01:03:38.520377+09:00
Fulfillment Console,,,failed,False,2026-08-17T20:44:46.784780+09:00
Fulfillment Core,,,failed,False,2026-08-17T21:38:05.775829+09:00
Fulfillment Cost,390.0,8.0,success,False,2026-08-21T02:11:30.479876+09:00
Fulfillment Count,,,failed,False,2026-08-27T22:51:48.588261+09:00
Fulfillment Counter,,,failed,False,2026-08-18T23:58:01.279851+09:00
Fulfillment Dashboard,50.0,23.0,success,False,2026-08-17T23:29:20.352796+09:00
Fulfillment Deal,,,failed,False,2026-08-21T01:55:59.445411+09:00
Fulfillment Debt,,,failed,False,2026-08-21T02:27:13.658425+09:00
Fulfillment Deck,,,failed,False,2026-08-17T21:34:53.019649+09:00
Fulfillment Depot,20.0,40.0,success,False,2026-08-18T23:57:42.935137+09:00
Fulfillment Desk,30.0,90.0,success,False,2026-08-17T21:32:11.115049+09:00
Fulfillment Detail,,,failed,False,2026-08-23T03:22:14.563475+09:00
Fulfillment Detector,,,failed,False,2026-08-27T23:51:10.379112+09:00
Fulfillment Diagram,,,failed,False,2026-08-27T22:15:25.153546+09:00
Fulfillment Dial,,,failed,False,2026-08-17T20:43:08.098438+09:00
Fulfillment Digest,,,failed,False,2026-08-19T20:37:59.201045+09:00
Fulfillment Directory,10.0,14.0,success,False,2026-08-18T23:57:13.406878+09:00
Fulfillment Discount,,,failed,False,2026-08-23T16:16:41.227574+09:00
Fulfillment Dock,,,failed,False,2026-08-17T20:39:51.023967+09:00
Fulfillment Dossier,,,failed,False,2026-08-21T01:03:43.052088+09:00
Fulfillment Downpayment,,,failed,False,2026-08-27T21:50:37.116413+09:00
Fulfillment Draft,,,failed,False,2026-08-19T20:38:12.818207+09:00
Fulfillment Due,,,failed,False,2026-08-23T15:52:48.928193+09:00
Fulfillment Duty,,,failed,False,2026-08-21T02:42:47.286881+09:00
Fulfillment Engine,1600.0,13.0,success,False,2026-08-17T23:04:17.256447+09:00
Fulfillment Entry,,,failed,False,2026-08-21T01:03:59.232813+09:00
Fulfillment Estimate,,,failed,False,2026-08-19T21:07:33.171957+09:00
Fulfillment Estimator,,,failed,False,2026-08-27T23:51:04.044510+09:00
Fulfillment Excerpt,,,failed,False,2026-08-21T01:03:53.377990+09:00
Fulfillment Fare,,,failed,False,2026-08-21T02:11:34.732367+09:00
Fulfillment Fee,210.0,5.0,success,False,2026-08-21T01:55:41.069694+09:00
Fulfillment Feed,,,failed,False,2026-08-19T20:38:05.655570+09:00
Fulfillment Field,,,failed,False,2026-08-23T13:09:03.594529+09:00
Fulfillment File,,,failed,False,2026-08-19T20:37:28.019595+09:00
Fulfillment Finder,10.0,32.0,success,False,2026-08-18T23:57:31.846586+09:00
Fulfillment Fine,,,failed,False,2026-08-23T02:57:10.108047+09:00
Fulfillment Flag,,,failed,False,2026-08-21T00:30:44.450501+09:00
Fulfillment Flow,10.0,10.0,success,False,2026-08-17T21:35:22.295985+09:00
Fulfillment Forge,,,failed,False,2026-08-17T20:44:23.108645+09:00
Fulfillment Form,20.0,7.0,success,False,2026-08-19T13:38:55.423036+09:00
Fulfillment Format,,,failed,False,2026-08-23T13:09:05.713550+09:00
Fulfillment Frame,,,failed,False,2026-08-17T21:41:34.183941+09:00
Fulfillment Fund,320.0,2.0,success,False,2026-08-21T02:27:17.411779+09:00
Fulfillment Gate,,,failed,False,2026-08-17T20:34:17.127214+09:00
Fulfillment Generator,,,failed,False,2026-08-27T23:31:29.961537+09:00
Fulfillment Grade,,,failed,False,2026-08-21T00:30:25.028648+09:00
Fulfillment Graph,,,failed,False,2026-08-27T22:15:12.426690+09:00
Fulfillment Grid,,,failed,False,2026-08-17T20:37:34.472176+09:00
Fulfillment Guarantee,,,failed,False,2026-08-28T01:02:13.095205+09:00
Fulfillment Guard,,,failed,False,2026-08-17T21:38:37.304138+09:00
Fulfillment Guardian,,,failed,False,2026-08-28T00:21:22.221803+09:00
Fulfillment Guidebook,,,failed,False,2026-08-18T22:11:49.715981+09:00
Fulfillment Helpdesk,,,failed,False,2026-08-27T22:51:48.588261+09:00
Fulfillment Helper,,,failed,False,2026-08-28T00:21:24.701670+09:00
Fulfillment History,,,failed,False,2026-08-19T20:37:14.893241+09:00
Fulfillment Hotline,,,failed,False,2026-08-19T21:07:53.338438+09:00
Fulfillment Hub,210.0,27.0,success,False,2026-08-17T21:34:20.474166+09:00
Fulfillment Identifier,,,failed,False,2026-08-23T13:08:53.842629+09:00
Fulfillment Index,,,failed,False,2026-08-19T21:07:00.753456+09:00
Fulfillment Insight,,,failed,False,2026-08-17T23:13:11.418966+09:00
Fulfillment Installment,,,failed,False,2026-08-23T16:16:41.227574+09:00
Fulfillment Interest,,,failed,False,2026-08-23T13:48:08.634446+09:00
Fulfillment Item,,,failed,False,2026-08-21T01:55:51.234317+09:00
Fulfillment Journal,,,failed,False,2026-08-18T22:11:34.911588+09:00
Fulfillment Keeper,,,failed,False,2026-08-18T07:52:17.361320+09:00
Fulfillment Kit,10.0,,success,False,2026-08-27T22:51:42.060485+09:00
Fulfillment Lab,880.0,25.0,success,False,2026-08-17T21:32:47.122898+09:00
Fulfillment Label,,,failed,False,2026-08-27T22:15:17.446247+09:00
Fulfillment Ledger,,,failed,False,2026-08-17T21:36:54.710856+09:00
Fulfillment Lens,,,failed,False,2026-08-18T07:53:01.701423+09:00
Fulfillment Level,,,failed,False,2026-08-19T20:37:37.988161+09:00
Fulfillment Levy,,,failed,False,2026-08-23T13:48:10.648745+09:00
Fulfillment Link,,,failed,False,2026-08-23T03:22:09.250404+09:00
Fulfillment List,,,failed,False,2026-08-19T21:51:34.255432+09:00
Fulfillment Loan,,,failed,False,2026-08-21T02:11:43.167775+09:00
Fulfillment Locator,,,failed,False,2026-08-18T23:57:22.753165+09:00
Fulfillment Lock,,,failed,False,2026-08-17T20:32:46.505342+09:00
Fulfillment Log,,,failed,False,2026-08-19T13:38:30.096101+09:00
Fulfillment Loop,,,failed,False,2026-08-17T20:38:31.317013+09:00
Fulfillment Manager,480.0,3.0,success,False,2026-08-17T21:40:59.899740+09:00
Fulfillment Manual,,,failed,False,2026-08-27T22:15:17.446247+09:00
Fulfillment Map,,,failed,False,2026-08-17T20:31:35.680631+09:00
Fulfillment Margin,,,failed,False,2026-08-23T02:57:06.282457+09:00
Fulfillment Marker,,,failed,False,2026-08-23T13:28:05.717329+09:00
Fulfillment Markup,,,failed,False,2026-08-23T16:40:11.516867+09:00
Fulfillment Memo,,,failed,False,2026-08-21T00:30:32.235715+09:00
Fulfillment Message,,,failed,False,2026-08-27T23:17:00.312671+09:00
Fulfillment Meter,,,failed,False,2026-08-17T20:42:12.704128+09:00
Fulfillment Metrics,10.0,4.0,success,False,2026-08-17T23:29:03.554808+09:00
Fulfillment Monitor,,,failed,False,2026-08-17T23:28:43.740452+09:00
Fulfillment Navigator,,,failed,False,2026-08-17T23:14:48.085579+09:00
Fulfillment Nexus,,,failed,False,2026-08-17T20:33:21.754611+09:00
Fulfillment Node,,,failed,False,2026-08-17T20:35:09.040915+09:00
Fulfillment Note,,,failed,False,2026-08-19T13:40:05.769727+09:00
Fulfillment Notification,10.0,0.0,success,False,2026-08-27T22:51:42.060485+09:00
Fulfillment Number,20.0,8.0,success,False,2026-08-23T03:22:01.031781+09:00
Fulfillment Office,10.0,22.0,success,False,2026-08-18T23:57:53.791592+09:00
Fulfillment Ops,,,failed,False,2026-08-17T23:29:51.250400+09:00
Fulfillment Order,1900.0,6.0,success,False,2026-08-19T21:50:52.634082+09:00
Fulfillment Organizer,,,failed,False,2026-08-17T23:06:06.115551+09:00
Fulfillment Overage,,,failed,False,2026-08-27T21:50:34.815891+09:00
Fulfillment Overdraft,,,failed,False,2026-08-23T15:52:50.933121+09:00
Fulfillment Overdue,,,failed,False,2026-08-27T21:50:29.028381+09:00
Fulfillment Panel,,,failed,False,2026-08-17T20:44:01.266186+09:00
Fulfillment Pass,,,failed,False,2026-08-21T00:29:43.441391+09:00
Fulfillment Path,,,failed,False,2026-08-17T20:34:42.726088+09:00
Fulfillment Payoff,,,failed,False,2026-08-27T21:50:32.673191+09:00
Fulfillment Penalty,,,failed,False,2026-08-23T16:40:11.516867+09:00
Fulfillment Petition,,,failed,False,2026-08-21T01:03:33.238339+09:00
Fulfillment Pilot,,,failed,False,2026-08-17T21:33:19.243075+09:00
Fulfillment Plan,90.0,4.0,success,False,2026-08-21T01:55:57.374575+09:00
Fulfillment Planner,90.0,4.0,success,False,2026-08-17T23:11:32.053287+09:00
Fulfillment Playbook,,,failed,False,2026-08-18T22:11:24.179554+09:00
Fulfillment Point,,,failed,False,2026-08-17T20:33:48.971139+09:00
Fulfillment Portal,20.0,26.0,success,False,2026-08-17T20:45:50.172264+09:00
Fulfillment Preview,,,failed,False,2026-08-28T01:02:10.416954+09:00
Fulfillment Profile,,,failed,False,2026-08-19T13:40:38.246974+09:00
Fulfillment Profit,,,failed,False,2026-08-23T02:56:59.964563+09:00
Fulfillment Pulse,,,failed,False,2026-08-17T20:36:38.149505+09:00
Fulfillment Queue,10.0,0.0,success,False,2026-08-19T21:07:23.410704+09:00
Fulfillment Quota,,,failed,False,2026-08-21T00:30:39.454023+09:00
Fulfillment Radar,,,failed,False,2026-08-17T21:31:00.206645+09:00
Fulfillment Rail,,,failed,False,2026-08-17T20:38:58.199942+09:00
Fulfillment Rate,8100.0,1.0,success,False,2026-08-19T20:37:45.715949+09:00
Fulfillment Recap,,,failed,False,2026-08-21T01:03:48.837789+09:00
Fulfillment Receipt,,,failed,False,2026-08-19T21:51:13.518825+09:00
Fulfillment Recorder,,,failed,False,2026-08-27T23:31:33.268301+09:00
Fulfillment Redemption,,,failed,False,2026-08-23T16:40:13.658560+09:00
Fulfillment Register,,,failed,False,2026-08-17T23:09:40.999221+09:00
Fulfillment Registry,,,failed,False,2026-08-18T22:12:02.089704+09:00
Fulfillment Relay,,,failed,False,2026-08-17T20:49:39.030080+09:00
Fulfillment Reminder,,,failed,False,2026-08-19T21:06:41.039569+09:00
Fulfillment Report,40.0,3.0,success,False,2026-08-19T13:38:17.915581+09:00
Fulfillment Result,,,failed,False,2026-08-28T00:45:49.582364+09:00
Fulfillment Roadmap,,,failed,False,2026-08-18T23:51:07.460052+09:00
Fulfillment Roster,,,failed,False,2026-08-19T00:37:42.157517+09:00
Fulfillment Route,,,failed,False,2026-08-17T20:40:41.186342+09:00
Fulfillment Rule,,,failed,False,2026-08-23T03:22:11.470893+09:00
Fulfillment Sale,,,failed,False,2026-08-21T02:27:26.146379+09:00
Fulfillment Sample,,,failed,False,2026-08-19T21:52:20.652566+09:00
Fulfillment Scale,,,failed,False,2026-08-17T20:41:22.469867+09:00
Fulfillment Scanner,,,failed,False,2026-08-27T23:51:07.494975+09:00
Fulfillment Scheduler,,,failed,False,2026-08-17T23:28:22.691550+09:00
Fulfillment Scope,,,failed,False,2026-08-17T20:39:21.363517+09:00
Fulfillment Score,10.0,0.0,success,False,2026-08-19T13:39:51.910868+09:00
Fulfillment Sentry,,,failed,False,2026-08-18T07:52:06.675931+09:00
Fulfillment Sheet,,,failed,False,2026-08-19T13:39:22.411617+09:00
Fulfillment Shortfall,,,failed,False,2026-08-27T21:50:37.116413+09:00
Fulfillment Signal,,,failed,False,2026-08-17T20:41:01.819842+09:00
Fulfillment Signature,,,failed,False,2026-08-23T13:28:03.127667+09:00
Fulfillment Slip,,,failed,False,2026-08-19T21:52:10.666614+09:00
Fulfillment Slot,,,failed,False,2026-08-19T21:52:35.745180+09:00
Fulfillment Snapshot,,,failed,False,2026-08-18T22:11:43.174107+09:00
Fulfillment Stage,30.0,6.0,success,False,2026-08-28T00:45:49.582364+09:00
Fulfillment Stake,,,failed,False,2026-08-23T02:57:04.274468+09:00
Fulfillment Stamp,,,failed,False,2026-08-23T13:28:05.717329+09:00
Fulfillment Statement,,,failed,False,2026-08-21T00:30:11.509086+09:00
Fulfillment Station,30.0,35.0,success,False,2026-08-17T21:31:39.058447+09:00
Fulfillment Status,1900.0,1.0,success,False,2026-08-19T20:49:28.954845+09:00
Fulfillment Stipend,,,failed,False,2026-08-23T13:48:13.167118+09:00
Fulfillment Streak,,,failed,False,2026-08-28T00:45:49.582364+09:00
Fulfillment Stub,,,failed,False,2026-08-21T00:30:03.627747+09:00
Fulfillment Studio,,,failed,False,2026-08-17T21:33:45.075228+09:00
Fulfillment Suite,,,failed,False,2026-08-17T23:27:53.024871+09:00
Fulfillment Sum,,,failed,False,2026-08-21T02:27:08.024014+09:00
Fulfillment Summary,,,failed,False,2026-08-19T21:06:20.590100+09:00
Fulfillment Surtax,,,failed,False,2026-08-23T15:52:52.908788+09:00
Fulfillment Sync,,,failed,False,2026-08-17T21:36:28.444275+09:00
Fulfillment Tab,,,failed,False,2026-08-21T00:30:51.297861+09:00
Fulfillment Table,10.0,85.0,success,False,2026-08-19T21:51:45.660208+09:00
Fulfillment Tag,,,failed,False,2026-08-19T13:40:19.370480+09:00
Fulfillment Tally,,,failed,False,2026-08-21T00:30:19.986675+09:00
Fulfillment Tariff,,,failed,False,2026-08-21T02:42:57.314001+09:00
Fulfillment Tax,,,failed,False,2026-08-21T02:11:38.732794+09:00
Fulfillment Ticket,,,failed,False,2026-08-19T21:07:11.433627+09:00
Fulfillment Tier,,,failed,False,2026-08-28T00:45:52.715901+09:00
Fulfillment Timeline,,,failed,False,2026-08-19T21:06:31.890613+09:00
Fulfillment Timer,,,failed,False,2026-08-28T00:21:17.081309+09:00
Fulfillment Toll,,,failed,False,2026-08-21T02:42:51.701755+09:00
Fulfillment Toolbox,,,failed,False,2026-08-28T00:21:22.221803+09:00
Fulfillment Toolkit,,,failed,False,2026-08-18T22:11:16.114719+09:00
Fulfillment Total,,,failed,False,2026-08-27T23:17:00.312671+09:00
Fulfillment Tracker,40.0,16.0,success,False,2026-08-17T21:37:32.627735+09:00
Fulfillment Trail,,,failed,False,2026-08-17T20:38:04.703276+09:00
Fulfillment Trend,,,failed,False,2026-08-28T01:02:07.599938+09:00
Fulfillment Trial,,,failed,False,2026-08-27T21:19:40.666664+09:00
Fulfillment Unit,,,failed,False,2026-08-21T01:55:54.849778+09:00
Fulfillment Update,,,failed,False,2026-08-19T20:37:52.054454+09:00
Fulfillment Value,110.0,1.0,success,False,2026-08-23T02:57:01.992920+09:00
Fulfillment Vault,,,failed,False,2026-08-17T20:47:28.313560+09:00
Fulfillment Version,,,failed,False,2026-08-23T03:22:06.290002+09:00
Fulfillment View,10.0,0.0,success,False,2026-08-19T20:49:35.865635+09:00
Fulfillment Voucher,,,failed,False,2026-08-21T00:29:50.648703+09:00
Fulfillment Watch,,,failed,False,2026-08-17T20:40:17.203996+09:00
Fulfillment Wave,10.0,29.0,success,False,2026-08-17T20:35:40.356029+09:00
Fulfillment Widget,,,failed,False,2026-08-27T23:09:53.622041+09:00
Fulfillment Workbench,,,failed,False,2026-08-18T22:11:07.698009+09:00
Fulfillment Worksheet,,,failed,False,2026-08-27T22:15:19.748218+09:00
Fulfillment Workshop,,,failed,False,2026-08-28T00:21:19.709791+09:00
Fulfillment Zone,,,failed,False,2026-08-17T20:46:53.844827+09:00
Fundraising Advance,,,failed,False,2026-08-23T16:16:38.945846+09:00
Fundraising Advisory,30.0,17.0,success,False,2026-08-21T01:03:04.478545+09:00
Fundraising Allowance,,,failed,False,2026-08-21T02:42:36.894313+09:00
Fundraising Almanac,,,failed,False,2026-08-18T22:11:27.427914+09:00
Fundraising Analyzer,,,failed,False,2026-08-27T23:50:54.897553+09:00
Fundraising Anchor,,,failed,False,2026-08-17T20:47:28.313560+09:00
Fundraising Announcement,70.0,2.0,success,False,2026-08-27T23:37:16.371136+09:00
Fundraising Asset,,,failed,False,2026-08-23T13:48:04.421871+09:00
Fundraising Assistant,110.0,5.0,success,False,2026-08-17T23:27:23.938977+09:00
Fundraising Atlas,,,failed,False,2026-08-17T20:38:04.703276+09:00
Fundraising Attribute,,,failed,False,2026-08-23T13:08:44.526296+09:00
Fundraising Badge,170.0,6.0,success,False,2026-08-21T00:29:15.711468+09:00
Fundraising Balance,,,failed,False,2026-08-23T13:48:04.421871+09:00
Fundraising Base,,,failed,False,2026-08-17T20:34:42.726088+09:00
Fundraising Beacon,,,failed,False,2026-08-17T21:33:19.243075+09:00
Fundraising Bill,,,failed,False,2026-08-19T21:49:55.952193+09:00
Fundraising Blueprint,40.0,4.0,success,False,2026-08-18T22:11:16.114719+09:00
Fundraising Board,390.0,18.0,success,False,2026-08-17T20:31:35.680631+09:00
Fundraising Book,480.0,76.0,success,False,2026-08-19T21:50:52.634082+09:00
Fundraising Bridge,,,failed,False,2026-08-17T20:49:39.030080+09:00
Fundraising Brief,30.0,3.0,success,False,2026-08-21T01:02:11.159896+09:00
Fundraising Bulletin,,,failed,False,2026-08-21T01:02:06.881859+09:00
Fundraising Calculator,30.0,8.0,success,False,2026-08-27T23:37:16.371136+09:00
Fundraising Calendar,880.0,100.0,success,False,2026-08-19T00:05:06.053297+09:00
Fundraising Card,880.0,81.0,success,False,2026-08-19T13:37:39.358157+09:00
Fundraising Cascade,,,failed,False,2026-08-17T21:31:02.177338+09:00
Fundraising Cash,,,failed,False,2026-08-21T02:26:56.391999+09:00
Fundraising Cashback,,,failed,False,2026-08-27T21:19:28.438229+09:00
Fundraising Catalog,590.0,27.0,success,False,2026-08-19T21:06:41.039569+09:00
Fundraising Category,,,failed,False,2026-08-23T13:08:40.061584+09:00
Fundraising Center,50.0,10.0,success,False,2026-08-17T21:35:54.911296+09:00
Fundraising Chain,,,failed,False,2026-08-17T20:42:12.704128+09:00
Fundraising Charge,,,failed,False,2026-08-21T02:42:27.655082+09:00
Fundraising Check,,,failed,False,2026-08-19T13:37:57.164882+09:00
Fundraising Checker,,,failed,False,2026-08-27T23:50:46.062882+09:00
Fundraising Checklist,40.0,18.0,success,False,2026-08-19T21:05:44.553245+09:00
Fundraising Circular,,,failed,False,2026-08-21T01:03:02.120644+09:00
Fundraising Cockpit,,,failed,False,2026-08-17T23:11:32.053287+09:00
Fundraising Code,110.0,4.0,success,False,2026-08-19T21:50:19.457736+09:00
Fundraising Codex,,,failed,False,2026-08-18T22:11:43.174107+09:00
Fundraising Companion,,,failed,False,2026-08-17T23:28:43.740452+09:00
Fundraising Comparison,10.0,0.0,success,False,2026-08-28T01:01:58.415917+09:00
Fundraising Compass,,,failed,False,2026-08-17T21:34:20.474166+09:00
Fundraising Compendium,,,failed,False,2026-08-18T22:11:34.911588+09:00
Fundraising Confirmation,,,failed,False,2026-08-21T01:03:12.514083+09:00
Fundraising Console,,,failed,False,2026-08-17T21:32:50.995270+09:00
Fundraising Contribution,,,failed,False,2026-08-23T16:16:38.945846+09:00
Fundraising Converter,,,failed,False,2026-08-27T23:37:16.371136+09:00
Fundraising Core,,,failed,False,2026-08-17T20:33:48.971139+09:00
Fundraising Cost,30.0,6.0,success,False,2026-08-21T02:11:07.536158+09:00
Fundraising Count,,,failed,False,2026-08-27T22:51:36.322343+09:00
Fundraising Counter,50.0,61.0,success,False,2026-08-18T23:57:00.632523+09:00
Fundraising Coupon,170.0,11.0,success,False,2026-08-27T21:19:26.078520+09:00
Fundraising Dashboard,110.0,23.0,success,False,2026-08-17T23:28:22.691550+09:00
Fundraising Deal,10.0,43.0,success,False,2026-08-21T01:55:44.868962+09:00
Fundraising Debt,,,failed,False,2026-08-21T02:26:43.792522+09:00
Fundraising Deck,90.0,33.0,success,False,2026-08-18T07:53:01.701423+09:00
Fundraising Depot,10.0,,success,False,2026-08-19T00:05:27.512092+09:00
Fundraising Desk,10.0,0.0,success,False,2026-08-17T21:38:40.825363+09:00
Fundraising Detail,,,failed,False,2026-08-23T03:21:54.482997+09:00
Fundraising Detector,,,failed,False,2026-08-27T23:50:52.077690+09:00
Fundraising Dial,,,failed,False,2026-08-17T21:30:30.781560+09:00
Fundraising Digest,,,failed,False,2026-08-19T20:49:35.865635+09:00
Fundraising Directory,50.0,2.0,success,False,2026-08-19T00:05:11.440472+09:00
Fundraising Dock,,,failed,False,2026-08-17T20:44:51.445524+09:00
Fundraising Dossier,,,failed,False,2026-08-21T01:03:16.580684+09:00
Fundraising Downpayment,,,failed,False,2026-08-27T21:50:20.259806+09:00
Fundraising Draft,,,failed,False,2026-08-19T20:37:28.019595+09:00
Fundraising Due,,,failed,False,2026-08-23T15:52:44.896002+09:00
Fundraising Duty,,,failed,False,2026-08-21T02:42:30.088898+09:00
Fundraising Endowment,,,failed,False,2026-08-23T15:52:46.857399+09:00
Fundraising Engine,,,failed,False,2026-08-17T23:08:13.716761+09:00
Fundraising Entry,,,failed,False,2026-08-21T01:03:30.050919+09:00
Fundraising Estimate,,,failed,False,2026-08-19T21:06:31.890613+09:00
Fundraising Estimator,,,failed,False,2026-08-27T23:50:42.966915+09:00
Fundraising Excerpt,,,failed,False,2026-08-21T01:03:25.375031+09:00
Fundraising Extension,,,failed,False,2026-08-23T16:40:11.516867+09:00
Fundraising Fare,,,failed,False,2026-08-21T02:11:15.261095+09:00
Fundraising Fee,30.0,15.0,success,False,2026-08-21T01:55:18.058502+09:00
Fundraising Feed,,,failed,False,2026-08-19T20:37:18.555970+09:00
Fundraising Field,,,failed,False,2026-08-23T13:08:46.542285+09:00
Fundraising File,,,failed,False,2026-08-19T20:49:12.755513+09:00
Fundraising Finder,,,failed,False,2026-08-19T00:05:21.948366+09:00
Fundraising Fine,,,failed,False,2026-08-23T02:56:50.179026+09:00
Fundraising Flag,,,failed,False,2026-08-21T00:30:03.627747+09:00
Fundraising Flow,,,failed,False,2026-08-18T07:52:27.935751+09:00
Fundraising Forge,,,failed,False,2026-08-17T21:32:15.070878+09:00
Fundraising Form,390.0,42.0,success,False,2026-08-19T13:37:25.441438+09:00
Fundraising Format,390.0,42.0,success,False,2026-08-23T13:08:48.797339+09:00
Fundraising Frame,,,failed,False,2026-08-17T20:35:44.075031+09:00
Fundraising Fund,140.0,18.0,success,False,2026-08-21T02:26:53.610271+09:00
Fundraising Gate,,,failed,False,2026-08-17T20:39:52.233588+09:00
Fundraising Generator,,,failed,False,2026-08-27T23:31:14.136748+09:00
Fundraising Giveaway,,,failed,False,2026-08-27T21:19:31.239406+09:00
Fundraising Grade,,,failed,False,2026-08-21T00:29:45.511428+09:00
Fundraising Graph,30.0,47.0,success,False,2026-08-27T22:14:48.502479+09:00
Fundraising Grid,10.0,41.0,success,False,2026-08-17T20:42:40.071307+09:00
Fundraising Guarantee,,,failed,False,2026-08-28T01:02:04.540661+09:00
Fundraising Guard,,,failed,False,2026-08-17T20:34:18.335664+09:00
Fundraising Guardian,,,failed,False,2026-08-28T00:21:09.151755+09:00
Fundraising Guidebook,,,failed,False,2026-08-18T22:11:01.803326+09:00
Fundraising Helpdesk,,,failed,False,2026-08-27T22:51:39.171829+09:00
Fundraising Helper,,,failed,False,2026-08-28T00:21:11.601666+09:00
Fundraising History,40.0,0.0,success,False,2026-08-19T20:49:09.969574+09:00
Fundraising Hotline,,,failed,False,2026-08-19T21:06:49.674751+09:00
Fundraising Hub,70.0,5.0,success,False,2026-08-18T07:52:35.571361+09:00
Fundraising Identifier,,,failed,False,2026-08-23T13:08:36.933873+09:00
Fundraising Incentive,,,failed,False,2026-08-27T21:19:31.239406+09:00
Fundraising Index,10.0,,success,False,2026-08-19T21:05:57.473217+09:00
Fundraising Insight,20.0,3.0,success,False,2026-08-17T23:04:17.256447+09:00
Fundraising Installment,,,failed,False,2026-08-23T16:16:35.923082+09:00
Fundraising Interest,,,failed,False,2026-08-23T13:48:04.421871+09:00
Fundraising Item,210.0,66.0,success,False,2026-08-21T01:55:30.531800+09:00
Fundraising Journal,10.0,2.0,success,False,2026-08-18T22:10:43.266214+09:00
Fundraising Keeper,,,failed,False,2026-08-17T20:36:11.237181+09:00
Fundraising Kit,320.0,59.0,success,False,2026-08-27T22:51:33.320373+09:00
Fundraising Lab,70.0,5.0,success,False,2026-08-17T21:39:34.435552+09:00
Fundraising Label,,,failed,False,2026-08-27T22:14:55.683786+09:00
Fundraising Ledger,,,failed,False,2026-08-17T20:32:46.505342+09:00
Fundraising Lens,,,failed,False,2026-08-17T20:36:39.507807+09:00
Fundraising Level,,,failed,False,2026-08-19T20:49:19.848949+09:00
Fundraising Link,170.0,52.0,success,False,2026-08-23T03:21:47.880193+09:00
Fundraising List,70.0,19.0,success,False,2026-08-19T21:50:30.697464+09:00
Fundraising Loan,,,failed,False,2026-08-21T02:11:23.948204+09:00
Fundraising Locator,,,failed,False,2026-08-19T00:05:16.956026+09:00
Fundraising Lock,,,failed,False,2026-08-17T20:38:31.317013+09:00
Fundraising Log,,,failed,False,2026-08-19T13:37:07.437416+09:00
Fundraising Loop,,,failed,False,2026-08-17T20:43:34.295212+09:00
Fundraising Manager,720.0,6.0,success,False,2026-08-17T20:35:09.040915+09:00
Fundraising Manual,10.0,29.0,success,False,2026-08-27T22:14:59.305692+09:00
Fundraising Map,10.0,0.0,success,False,2026-08-17T20:37:34.472176+09:00
Fundraising Margin,,,failed,False,2026-08-23T02:56:45.800075+09:00
Fundraising Memo,10.0,0.0,success,False,2026-08-21T00:29:50.648703+09:00
Fundraising Message,170.0,4.0,success,False,2026-08-27T23:16:45.468022+09:00
Fundraising Meter,320.0,64.0,success,False,2026-08-17T20:48:13.207047+09:00
Fundraising Metrics,70.0,10.0,success,False,2026-08-17T23:28:07.981645+09:00
Fundraising Monitor,,,failed,False,2026-08-17T23:27:53.024871+09:00
Fundraising Navigator,,,failed,False,2026-08-17T23:06:09.735984+09:00
Fundraising Nexus,,,failed,False,2026-08-17T20:38:58.199942+09:00
Fundraising Node,,,failed,False,2026-08-17T20:40:42.163784+09:00
Fundraising Note,10.0,0.0,success,False,2026-08-19T13:38:30.096101+09:00
Fundraising Notification,,,failed,False,2026-08-27T22:51:29.683445+09:00
Fundraising Number,20.0,2.0,success,False,2026-08-23T03:21:36.606838+09:00
Fundraising Office,50.0,17.0,success,False,2026-08-19T00:05:31.654702+09:00
Fundraising Ops,,,failed,False,2026-08-17T23:29:03.554808+09:00
Fundraising Order,10.0,50.0,success,False,2026-08-19T21:49:41.666387+09:00
Fundraising Organizer,30.0,27.0,success,False,2026-08-17T23:09:57.644305+09:00
Fundraising Overage,,,failed,False,2026-08-27T21:50:17.905826+09:00
Fundraising Overdraft,,,failed,False,2026-08-23T15:52:44.896002+09:00
Fundraising Overdue,,,failed,False,2026-08-27T21:50:13.120936+09:00
Fundraising Panel,,,failed,False,2026-08-17T21:31:39.058447+09:00
Fundraising Pass,,,failed,False,2026-08-21T00:29:02.215162+09:00
Fundraising Path,,,failed,False,2026-08-17T20:40:19.019495+09:00
Fundraising Payoff,,,failed,False,2026-08-27T21:50:15.580858+09:00
Fundraising Petition,,,failed,False,2026-08-21T01:03:06.374945+09:00
Fundraising Pilot,,,failed,False,2026-08-17T21:40:59.899740+09:00
Fundraising Plan,480.0,18.0,success,False,2026-08-21T01:55:42.683026+09:00
Fundraising Planner,480.0,18.0,success,False,2026-08-17T23:15:05.132671+09:00
Fundraising Playbook,20.0,31.0,success,False,2026-08-18T22:10:36.115087+09:00
Fundraising Point,,,failed,False,2026-08-17T20:39:23.919432+09:00
Fundraising Portal,90.0,38.0,success,False,2026-08-17T21:33:45.075228+09:00
Fundraising Preview,,,failed,False,2026-08-28T01:02:01.499945+09:00
Fundraising Profile,30.0,33.0,success,False,2026-08-19T13:39:03.234764+09:00
Fundraising Profit,140.0,31.0,success,False,2026-08-23T02:56:35.195472+09:00
Fundraising Proposal,260.0,2.0,success,False,2026-08-28T01:02:01.499945+09:00
Fundraising Pulse,,,failed,False,2026-08-17T20:41:53.253624+09:00
Fundraising Queue,,,failed,False,2026-08-19T21:06:20.590100+09:00
Fundraising Quota,,,failed,False,2026-08-21T00:29:58.685573+09:00
Fundraising Radar,,,failed,False,2026-08-17T21:37:32.627735+09:00
Fundraising Rail,,,failed,False,2026-08-17T20:44:01.266186+09:00
Fundraising Rank,,,failed,False,2026-08-28T00:45:49.582364+09:00
Fundraising Rate,,,failed,False,2026-08-19T20:49:25.973595+09:00
Fundraising Recap,,,failed,False,2026-08-21T01:03:20.927802+09:00
Fundraising Receipt,90.0,9.0,success,False,2026-08-19T21:50:06.175762+09:00
Fundraising Recorder,,,failed,False,2026-08-27T23:31:14.136748+09:00
Fundraising Redemption,,,failed,False,2026-08-23T16:40:11.516867+09:00
Fundraising Register,40.0,30.0,success,False,2026-08-17T23:13:11.418966+09:00
Fundraising Registry,,,failed,False,2026-08-18T22:11:07.698009+09:00
Fundraising Relay,,,failed,False,2026-08-17T21:36:28.444275+09:00
Fundraising Reminder,,,failed,False,2026-08-19T21:05:30.373866+09:00
Fundraising Report,110.0,9.0,success,False,2026-08-19T13:36:52.870932+09:00
Fundraising Repository,,,failed,False,2026-08-27T23:16:53.480733+09:00
Fundraising Result,,,failed,False,2026-08-28T00:45:46.736783+09:00
Fundraising Roadmap,20.0,14.0,success,False,2026-08-18T22:11:49.715981+09:00
Fundraising Route,,,failed,False,2026-08-17T20:45:50.172264+09:00
Fundraising Rule,,,failed,False,2026-08-23T03:21:52.337489+09:00
Fundraising Sale,170.0,24.0,success,False,2026-08-21T02:26:59.463760+09:00
Fundraising Scale,30.0,63.0,success,False,2026-08-17T20:46:53.844827+09:00
Fundraising Scheduler,,,failed,False,2026-08-17T23:27:41.420797+09:00
Fundraising Scope,,,failed,False,2026-08-17T20:44:23.108645+09:00
Fundraising Score,,,failed,False,2026-08-19T13:38:17.915581+09:00
Fundraising Sentry,,,failed,False,2026-08-17T20:37:08.027448+09:00
Fundraising Sheet,720.0,31.0,success,False,2026-08-19T13:37:46.745101+09:00
Fundraising Shortfall,,,failed,False,2026-08-27T21:50:22.560575+09:00
Fundraising Signal,,,failed,False,2026-08-17T20:46:16.531586+09:00
Fundraising Signature,,,failed,False,2026-08-23T13:27:59.739210+09:00
Fundraising Slip,,,failed,False,2026-08-19T21:51:05.479286+09:00
Fundraising Slot,,,failed,False,2026-08-19T21:51:23.149370+09:00
Fundraising Snapshot,,,failed,False,2026-08-18T22:10:53.801114+09:00
Fundraising Stage,110.0,6.0,success,False,2026-08-28T00:45:46.736783+09:00
Fundraising Stake,,,failed,False,2026-08-23T02:56:41.108127+09:00
Fundraising Statement,10.0,25.0,success,False,2026-08-21T00:29:30.583044+09:00
Fundraising Station,,,failed,False,2026-08-17T21:38:05.775829+09:00
Fundraising Status,20.0,0.0,success,False,2026-08-19T20:48:59.251157+09:00
Fundraising Streak,,,failed,False,2026-08-28T00:45:46.736783+09:00
Fundraising Stub,,,failed,False,2026-08-21T00:29:21.936028+09:00
Fundraising Studio,20.0,5.0,success,False,2026-08-17T21:41:34.183941+09:00
Fundraising Subsidy,,,failed,False,2026-08-23T15:52:46.857399+09:00
Fundraising Suite,,,failed,False,2026-08-17T23:27:09.313673+09:00
Fundraising Sum,,,failed,False,2026-08-21T02:26:41.708739+09:00
Fundraising Summary,10.0,10.0,success,False,2026-08-19T21:05:05.946905+09:00
Fundraising Surtax,,,failed,False,2026-08-23T15:52:48.928193+09:00
Fundraising Sync,,,failed,False,2026-08-17T20:32:08.584337+09:00
Fundraising Tab,,,failed,False,2026-08-21T00:30:11.509086+09:00
Fundraising Table,50.0,1.0,success,False,2026-08-19T21:50:41.490993+09:00
Fundraising Tag,10.0,0.0,success,False,2026-08-19T13:38:55.423036+09:00
Fundraising Tally,10.0,25.0,success,False,2026-08-21T00:29:35.718141+09:00
Fundraising Tariff,,,failed,False,2026-08-21T02:42:39.559962+09:00
Fundraising Tax,30.0,2.0,success,False,2026-08-21T02:11:18.638927+09:00
Fundraising Ticket,390.0,100.0,success,False,2026-08-19T21:06:08.303688+09:00
Fundraising Tier,,,failed,False,2026-08-28T00:45:49.582364+09:00
Fundraising Timeline,40.0,0.0,success,False,2026-08-19T21:05:18.754911+09:00
Fundraising Timer,,,failed,False,2026-08-28T00:21:06.843571+09:00
Fundraising Toll,,,failed,False,2026-08-21T02:42:34.441538+09:00
Fundraising Toolbox,,,failed,False,2026-08-28T00:21:09.151755+09:00
Fundraising Toolkit,70.0,34.0,success,False,2026-08-18T22:10:27.962314+09:00
Fundraising Total,30.0,0.0,success,False,2026-08-27T23:16:51.144125+09:00
Fundraising Tracker,590.0,64.0,success,False,2026-08-17T20:33:21.754611+09:00
Fundraising Trail,,,failed,False,2026-08-17T20:43:08.098438+09:00
Fundraising Trend,,,failed,False,2026-08-28T01:01:58.415917+09:00
Fundraising Trial,,,failed,False,2026-08-27T21:19:28.438229+09:00
Fundraising Unit,,,failed,False,2026-08-21T01:55:33.628108+09:00
Fundraising Update,70.0,3.0,success,False,2026-08-19T20:49:32.682801+09:00
Fundraising Value,,,failed,False,2026-08-23T02:56:38.023044+09:00
Fundraising Vault,,,failed,False,2026-08-17T21:35:22.295985+09:00
Fundraising Version,,,failed,False,2026-08-23T03:21:40.496452+09:00
Fundraising View,,,failed,False,2026-08-19T20:49:04.250848+09:00
Fundraising Voucher,,,failed,False,2026-08-21T00:29:07.557420+09:00
Fundraising Wallet,,,failed,False,2026-08-27T22:51:33.320373+09:00
Fundraising Watch,,,failed,False,2026-08-17T20:45:26.162726+09:00
Fundraising Wave,,,failed,False,2026-08-17T20:41:03.029394+09:00
Fundraising Widget,20.0,0.0,success,False,2026-08-27T23:16:51.144125+09:00
Fundraising Workbench,,,failed,False,2026-08-18T22:10:18.505365+09:00
Fundraising Worksheet,20.0,0.0,success,False,2026-08-27T22:14:59.305692+09:00
Fundraising Workshop,90.0,38.0,success,False,2026-08-28T00:21:06.843571+09:00
Fundraising Zone,70.0,10.0,success,False,2026-08-17T21:34:53.019649+09:00
Funnel Advisory,,,failed,False,2026-08-21T01:01:52.955831+09:00
Funnel Allowance,,,failed,False,2026-08-21T02:38:54.796216+09:00
Funnel Almanac,,,failed,False,2026-08-18T22:11:41.345427+09:00
Funnel Analyzer,,,failed,False,2026-08-27T23:55:21.576264+09:00
Funnel Anchor,,,failed,False,2026-08-17T21:36:24.237197+09:00
Funnel Assistant,,,failed,False,2026-08-17T23:28:19.331420+09:00
Funnel Atlas,,,failed,False,2026-08-17T20:43:57.612589+09:00
Funnel Attribute,,,failed,False,2026-08-23T13:06:24.369926+09:00
Funnel Badge,,,failed,False,2026-08-21T00:25:26.988508+09:00
Funnel Base,30.0,10.0,success,False,2026-08-17T20:41:00.568700+09:00
Funnel Beacon,,,failed,False,2026-08-18T07:52:55.085793+09:00
Funnel Bill,,,failed,False,2026-08-19T22:07:06.557200+09:00
Funnel Blueprint,40.0,13.0,success,False,2026-08-18T22:11:34.911588+09:00
Funnel Board,480.0,1.0,success,False,2026-08-17T20:38:24.877008+09:00
Funnel Book,140.0,18.0,success,False,2026-08-19T21:46:07.673702+09:00
Funnel Bridge,20.0,2.0,success,False,2026-08-17T21:37:26.190503+09:00
Funnel Brief,,,failed,False,2026-08-21T00:59:19.513950+09:00
Funnel Bulletin,,,failed,False,2026-08-21T00:59:15.258286+09:00
Funnel Calculator,70.0,24.0,success,False,2026-08-27T23:34:22.055868+09:00
Funnel Calendar,,,failed,False,2026-08-18T23:59:40.785220+09:00
Funnel Card,40.0,1.0,success,False,2026-08-19T13:37:00.513744+09:00
Funnel Cascade,,,failed,False,2026-08-17T21:38:35.218560+09:00
Funnel Cash,10.0,0.0,success,False,2026-08-21T02:23:20.274615+09:00
Funnel Category,,,failed,False,2026-08-23T13:06:20.755041+09:00
Funnel Center,320.0,18.0,success,False,2026-08-17T20:32:41.344957+09:00
Funnel Chain,10.0,0.0,success,False,2026-08-17T21:30:24.502544+09:00
Funnel Charge,,,failed,False,2026-08-21T02:38:45.456500+09:00
Funnel Check,,,failed,False,2026-08-19T13:37:39.358157+09:00
Funnel Checker,,,failed,False,2026-08-27T23:55:11.655418+09:00
Funnel Circular,,,failed,False,2026-08-21T00:59:32.095317+09:00
Funnel Cockpit,4400.0,55.0,success,False,2026-08-17T23:14:46.249386+09:00
Funnel Code,20.0,2.0,success,False,2026-08-19T22:07:28.246340+09:00
Funnel Codex,,,failed,False,2026-08-18T22:11:59.574853+09:00
Funnel Companion,,,failed,False,2026-08-17T23:29:51.250400+09:00
Funnel Comparison,20.0,0.0,success,False,2026-08-28T01:05:20.139067+09:00
Funnel Compass,,,failed,False,2026-08-18T07:52:44.350821+09:00
Funnel Compendium,,,failed,False,2026-08-18T22:11:49.715981+09:00
Funnel Confirmation,,,failed,False,2026-08-21T00:59:46.357323+09:00
Funnel Console,,,failed,False,2026-08-17T21:41:28.759770+09:00
Funnel Core,40.0,13.0,success,False,2026-08-17T20:40:15.034726+09:00
Funnel Cost,90.0,10.0,success,False,2026-08-21T02:08:03.839367+09:00
Funnel Count,,,failed,False,2026-08-27T22:47:59.631121+09:00
Funnel Counter,10.0,0.0,success,False,2026-08-19T00:00:34.964613+09:00
Funnel Dashboard,390.0,12.0,success,False,2026-08-17T23:29:34.686853+09:00
Funnel Deal,,,failed,False,2026-08-21T01:52:04.897893+09:00
Funnel Debt,,,failed,False,2026-08-21T02:23:08.764436+09:00
Funnel Deck,90.0,0.0,success,False,2026-08-17T20:37:29.909330+09:00
Funnel Depot,,,failed,False,2026-08-19T00:00:18.530849+09:00
Funnel Desk,,,failed,False,2026-08-17T20:35:06.364440+09:00
Funnel Detail,,,failed,False,2026-08-23T03:17:50.653872+09:00
Funnel Detector,,,failed,False,2026-08-27T23:55:17.807220+09:00
Funnel Diagram,6600.0,1.0,success,False,2026-08-27T22:10:19.864578+09:00
Funnel Dial,,,failed,False,2026-08-17T21:38:03.717082+09:00
Funnel Digest,,,failed,False,2026-08-19T20:48:40.120494+09:00
Funnel Directory,10.0,0.0,success,False,2026-08-18T23:59:47.446594+09:00
Funnel Dock,,,failed,False,2026-08-17T21:33:40.096792+09:00
Funnel Dossier,,,failed,False,2026-08-21T00:59:50.492128+09:00
Funnel Downpayment,,,failed,False,2026-08-27T21:46:49.880048+09:00
Funnel Draft,,,failed,False,2026-08-19T20:48:51.281701+09:00
Funnel Due,,,failed,False,2026-08-23T15:51:24.556081+09:00
Funnel Duty,,,failed,False,2026-08-21T02:38:47.806400+09:00
Funnel Engine,20.0,23.0,success,False,2026-08-17T23:11:28.950122+09:00
Funnel Entry,10.0,0.0,success,False,2026-08-21T00:59:58.992040+09:00
Funnel Estimate,,,failed,False,2026-08-19T21:33:06.191339+09:00
Funnel Estimator,,,failed,False,2026-08-27T23:55:06.367292+09:00
Funnel Excerpt,,,failed,False,2026-08-21T01:02:03.687665+09:00
Funnel Extension,40.0,96.0,success,False,2026-08-23T16:38:29.056767+09:00
Funnel Fare,50.0,0.0,success,False,2026-08-21T02:08:15.230542+09:00
Funnel Fee,,,failed,False,2026-08-21T01:51:52.747806+09:00
Funnel Feed,1000.0,0.0,success,True,2026-08-19T20:48:46.011592+09:00
Funnel File,,,failed,False,2026-08-19T20:48:20.425473+09:00
Funnel Finder,10.0,24.0,success,False,2026-08-19T00:00:08.120656+09:00
Funnel Fine,,,failed,False,2026-08-23T02:54:11.154631+09:00
Funnel Flag,,,failed,False,2026-08-21T00:26:13.350270+09:00
Funnel Flow,590.0,12.0,success,False,2026-08-17T20:38:02.236902+09:00
Funnel Forge,50.0,11.0,success,False,2026-08-17T21:40:49.556938+09:00
Funnel Form,210.0,14.0,success,False,2026-08-19T13:36:52.870932+09:00
Funnel Format,210.0,14.0,success,False,2026-08-23T13:06:29.194377+09:00
Funnel Frame,,,failed,False,2026-08-17T20:41:48.704350+09:00
Funnel Fund,,,failed,False,2026-08-21T02:23:15.671365+09:00
Funnel Gate,20.0,0.0,success,False,2026-08-17T20:45:46.874737+09:00
Funnel Generator,50.0,36.0,success,False,2026-08-27T23:34:29.939711+09:00
Funnel Grade,,,failed,False,2026-08-21T00:25:54.977191+09:00
Funnel Graph,1300.0,1.0,success,False,2026-08-27T22:10:01.202227+09:00
Funnel Grid,,,failed,False,2026-08-17T21:30:57.458125+09:00
Funnel Guarantee,,,failed,False,2026-08-28T01:05:28.825650+09:00
Funnel Guard,50.0,0.0,success,False,2026-08-17T20:40:36.395454+09:00
Funnel Guardian,,,failed,False,2026-08-28T00:24:47.033463+09:00
Funnel Guidebook,,,failed,False,2026-08-18T22:11:13.751205+09:00
Funnel Helpdesk,,,failed,False,2026-08-27T22:47:59.631121+09:00
Funnel Helper,,,failed,False,2026-08-28T00:24:51.336275+09:00
Funnel History,10.0,0.0,success,False,2026-08-19T20:48:09.734804+09:00
Funnel Hub,110.0,3.0,success,False,2026-08-17T20:37:01.636634+09:00
Funnel Identifier,,,failed,False,2026-08-23T13:06:17.940469+09:00
Funnel Index,,,failed,False,2026-08-19T21:33:01.101175+09:00
Funnel Insight,,,failed,False,2026-08-17T23:07:51.294970+09:00
Funnel Item,20.0,30.0,success,False,2026-08-21T01:51:54.787871+09:00
Funnel Journal,,,failed,False,2026-08-18T22:10:59.912583+09:00
Funnel Keeper,,,failed,False,2026-08-17T20:42:10.144192+09:00
Funnel Kit,3600.0,36.0,success,False,2026-08-27T22:47:56.654242+09:00
Funnel Lab,3600.0,20.0,success,False,2026-08-17T20:35:36.002153+09:00
Funnel Ledger,,,failed,False,2026-08-17T20:39:18.247368+09:00
Funnel Lens,20.0,18.0,success,False,2026-08-17T20:42:34.302604+09:00
Funnel Level,20.0,14.0,success,False,2026-08-19T20:48:26.152213+09:00
Funnel Link,50.0,36.0,success,False,2026-08-23T03:17:44.508741+09:00
Funnel List,40.0,1.0,success,False,2026-08-19T22:07:41.945033+09:00
Funnel Loan,,,failed,False,2026-08-21T02:08:23.223151+09:00
Funnel Locator,,,failed,False,2026-08-18T23:59:57.747609+09:00
Funnel Lock,10.0,0.0,success,False,2026-08-17T20:44:21.106446+09:00
Funnel Log,,,failed,False,2026-08-19T13:36:19.763333+09:00
Funnel Loop,10.0,0.0,success,False,2026-08-17T21:32:05.797514+09:00
Funnel Manager,50.0,8.0,success,False,2026-08-17T20:41:19.373388+09:00
Funnel Manual,,,failed,False,2026-08-27T22:10:10.749365+09:00
Funnel Map,390.0,15.0,success,False,2026-08-17T20:43:30.530213+09:00
Funnel Margin,,,failed,False,2026-08-23T02:54:08.933520+09:00
Funnel Marker,,,failed,False,2026-08-23T13:27:13.232233+09:00
Funnel Memo,,,failed,False,2026-08-21T00:26:02.753353+09:00
Funnel Message,,,failed,False,2026-08-27T23:13:00.467969+09:00
Funnel Meter,,,failed,False,2026-08-17T21:36:52.396982+09:00
Funnel Metrics,480.0,11.0,success,False,2026-08-17T23:29:16.727834+09:00
Funnel Monitor,,,failed,False,2026-08-17T23:28:58.984040+09:00
Funnel Navigator,10.0,70.0,success,False,2026-08-17T23:09:36.803243+09:00
Funnel Nexus,,,failed,False,2026-08-17T20:44:43.054193+09:00
Funnel Node,,,failed,False,2026-08-17T20:46:49.856300+09:00
Funnel Note,,,failed,False,2026-08-19T13:37:57.164882+09:00
Funnel Notification,,,failed,False,2026-08-27T22:47:53.351609+09:00
Funnel Number,,,failed,False,2026-08-23T03:17:31.358374+09:00
Funnel Office,,,failed,False,2026-08-19T00:00:25.348270+09:00
Funnel Ops,,,failed,False,2026-08-17T23:30:08.040310+09:00
Funnel Order,40.0,37.0,success,False,2026-08-19T22:06:56.710970+09:00
Funnel Organizer,70.0,91.0,success,False,2026-08-17T23:13:09.056664+09:00
Funnel Overage,,,failed,False,2026-08-27T21:46:47.630562+09:00
Funnel Overdraft,,,failed,False,2026-08-23T15:51:26.748439+09:00
Funnel Panel,30.0,2.0,success,False,2026-08-17T21:39:25.145394+09:00
Funnel Pass,,,failed,False,2026-08-21T00:25:13.031282+09:00
Funnel Path,,,failed,False,2026-08-17T20:46:12.433556+09:00
Funnel Petition,,,failed,False,2026-08-21T00:59:40.549783+09:00
Funnel Pilot,110.0,28.0,success,False,2026-08-17T20:36:04.789698+09:00
Funnel Plan,170.0,55.0,success,False,2026-08-21T01:52:03.394231+09:00
Funnel Planner,170.0,55.0,success,False,2026-08-17T23:06:04.469497+09:00
Funnel Playbook,,,failed,False,2026-08-18T22:10:51.704890+09:00
Funnel Point,30.0,0.0,success,False,2026-08-17T20:45:22.370262+09:00
Funnel Portal,10.0,1.0,success,False,2026-08-18T07:43:47.974817+09:00
Funnel Preview,40.0,26.0,success,False,2026-08-28T01:05:22.748209+09:00
Funnel Profile,,,failed,False,2026-08-19T13:38:30.096101+09:00
Funnel Profit,140.0,8.0,success,False,2026-08-23T02:53:56.783780+09:00
Funnel Proposal,,,failed,False,2026-08-28T01:05:26.346049+09:00
Funnel Pulse,30.0,13.0,success,False,2026-08-17T20:48:40.258747+09:00
Funnel Quota,,,failed,False,2026-08-21T00:26:07.923229+09:00
Funnel Radar,,,failed,False,2026-08-17T20:34:15.100698+09:00
Funnel Rail,,,failed,False,2026-08-17T21:32:45.123730+09:00
Funnel Rate,50.0,1.0,success,False,2026-08-19T20:48:32.959283+09:00
Funnel Recap,,,failed,False,2026-08-21T01:02:50.394287+09:00
Funnel Receipt,,,failed,False,2026-08-19T22:07:18.055706+09:00
Funnel Register,,,failed,False,2026-08-17T23:03:58.711434+09:00
Funnel Registry,,,failed,False,2026-08-18T22:11:24.179554+09:00
Funnel Relay,,,failed,False,2026-08-17T20:33:15.121215+09:00
Funnel Reminder,,,failed,False,2026-08-19T21:33:01.101175+09:00
Funnel Report,480.0,15.0,success,False,2026-08-19T13:36:00.987511+09:00
Funnel Repository,,,failed,False,2026-08-27T23:13:09.078623+09:00
Funnel Result,,,failed,False,2026-08-28T00:47:30.269850+09:00
Funnel Roadmap,10.0,13.0,success,False,2026-08-18T22:12:08.779533+09:00
Funnel Roster,,,failed,False,2026-08-19T00:37:50.207260+09:00
Funnel Route,,,failed,False,2026-08-17T21:34:46.886716+09:00
Funnel Rule,,,failed,False,2026-08-23T03:17:46.671515+09:00
Funnel Sale,33100.0,13.0,success,False,2026-08-21T02:23:24.043193+09:00
Funnel Sample,90.0,15.0,success,False,2026-08-19T21:46:29.828345+09:00
Funnel Scale,20.0,0.0,success,False,2026-08-17T21:35:52.306880+09:00
Funnel Scanner,,,failed,False,2026-08-27T23:55:14.253857+09:00
Funnel Scheduler,,,failed,False,2026-08-17T23:28:41.981102+09:00
Funnel Scope,10.0,5.0,success,False,2026-08-17T21:33:17.550972+09:00
Funnel Score,,,failed,False,2026-08-19T13:37:46.745101+09:00
Funnel Sentry,,,failed,False,2026-08-17T20:43:01.991108+09:00
Funnel Sheet,390.0,2.0,success,False,2026-08-19T13:37:25.441438+09:00
Funnel Shortfall,,,failed,False,2026-08-27T21:46:52.310844+09:00
Funnel Signal,,,failed,False,2026-08-17T21:35:18.423759+09:00
Funnel Slip,,,failed,False,2026-08-19T21:46:17.017433+09:00
Funnel Slot,,,failed,False,2026-08-19T21:46:42.037661+09:00
Funnel Snapshot,,,failed,False,2026-08-18T22:11:05.779319+09:00
Funnel Stage,720.0,5.0,success,False,2026-08-28T00:47:30.269850+09:00
Funnel Stake,320.0,0.0,success,False,2026-08-23T02:54:06.073801+09:00
Funnel Stamp,,,failed,False,2026-08-23T13:27:13.232233+09:00
Funnel Statement,,,failed,False,2026-08-21T00:25:43.310750+09:00
Funnel Station,,,failed,False,2026-08-17T20:34:38.143389+09:00
Funnel Status,50.0,2.0,success,False,2026-08-19T20:47:58.897100+09:00
Funnel Stub,,,failed,False,2026-08-21T00:25:35.006393+09:00
Funnel Studio,50.0,9.0,success,False,2026-08-17T20:36:31.502472+09:00
Funnel Subsidy,,,failed,False,2026-08-23T15:51:28.689965+09:00
Funnel Suite,90.0,4.0,success,False,2026-08-17T23:28:06.508675+09:00
Funnel Sum,,,failed,False,2026-08-21T02:23:05.228659+09:00
Funnel Summary,10.0,0.0,success,False,2026-08-19T21:32:58.231654+09:00
Funnel Surtax,,,failed,False,2026-08-23T15:51:31.238085+09:00
Funnel Sync,,,failed,False,2026-08-17T20:38:51.261946+09:00
Funnel Table,70.0,8.0,success,False,2026-08-19T21:45:53.420711+09:00
Funnel Tag,40.0,0.0,success,False,2026-08-19T13:38:13.390546+09:00
Funnel Tally,,,failed,False,2026-08-21T00:25:47.755507+09:00
Funnel Tariff,,,failed,False,2026-08-21T02:38:57.143403+09:00
Funnel Tax,,,failed,False,2026-08-21T02:08:19.202315+09:00
Funnel Ticket,,,failed,False,2026-08-19T21:33:04.196015+09:00
Funnel Timeline,10.0,6.0,success,False,2026-08-19T21:32:58.231654+09:00
Funnel Toll,,,failed,False,2026-08-21T02:38:51.441238+09:00
Funnel Toolbox,10.0,21.0,success,False,2026-08-28T00:24:51.336275+09:00
Funnel Toolkit,10.0,29.0,success,False,2026-08-18T22:10:43.266214+09:00
Funnel Total,,,failed,False,2026-08-27T23:13:03.121922+09:00
Funnel Tracker,390.0,26.0,success,False,2026-08-17T20:39:46.897200+09:00
Funnel Trail,,,failed,False,2026-08-17T21:31:33.014186+09:00
Funnel Trend,,,failed,False,2026-08-28T01:05:17.423675+09:00
Funnel Trial,,,failed,False,2026-08-27T21:15:44.469109+09:00
Funnel Unit,,,failed,False,2026-08-21T01:51:50.568304+09:00
Funnel Update,,,failed,False,2026-08-19T20:48:37.662202+09:00
Funnel Value,10.0,0.0,success,False,2026-08-23T02:53:58.718739+09:00
Funnel Vault,,,failed,False,2026-08-17T20:32:03.329355+09:00
Funnel Version,10.0,0.0,success,False,2026-08-23T03:17:39.480043+09:00
Funnel View,260.0,1.0,success,False,2026-08-19T20:48:02.759483+09:00
Funnel Voucher,,,failed,False,2026-08-21T00:25:21.406032+09:00
Funnel Watch,,,failed,False,2026-08-17T21:34:15.444697+09:00
Funnel Wave,20.0,0.0,success,False,2026-08-17T20:47:23.581270+09:00
Funnel Widget,10.0,7.0,success,False,2026-08-27T23:13:03.121922+09:00
Funnel Workbench,,,failed,False,2026-08-18T22:10:34.249457+09:00
Funnel Worksheet,,,failed,False,2026-08-27T22:10:16.912585+09:00
Funnel Workshop,10.0,19.0,success,False,2026-08-28T00:24:44.523713+09:00
Funnel Zone,70.0,0.0,success,False,2026-08-17T20:31:29.603433+09:00
Furnace Advance,,,failed,False,2026-08-23T16:14:33.783950+09:00
Furnace Allowance,,,failed,False,2026-08-21T02:40:25.117501+09:00
Furnace Almanac,,,failed,False,2026-08-18T23:51:07.460052+09:00
Furnace Analyzer,20.0,100.0,success,False,2026-08-27T23:56:30.078148+09:00
Furnace Anchor,,,failed,False,2026-08-18T22:05:02.516248+09:00
Furnace Arrears,,,failed,False,2026-08-23T16:14:33.783950+09:00
Furnace Asset,,,failed,False,2026-08-23T13:47:09.314181+09:00
Furnace Assistant,50.0,36.0,success,False,2026-08-18T22:11:24.179554+09:00
Furnace Atlas,,,failed,False,2026-08-18T22:10:34.249457+09:00
Furnace Attribute,,,failed,False,2026-08-23T13:07:07.950459+09:00
Furnace Badge,,,failed,False,2026-08-21T00:28:00.116915+09:00
Furnace Balance,,,failed,False,2026-08-23T13:47:07.330354+09:00
Furnace Base,210.0,67.0,success,False,2026-08-18T22:07:07.445674+09:00
Furnace Beacon,,,failed,False,2026-08-18T22:04:21.198301+09:00
Furnace Bill,10.0,0.0,success,False,2026-08-19T21:50:02.656663+09:00
Furnace Blueprint,70.0,0.0,success,False,2026-08-18T23:51:07.460052+09:00
Furnace Board,480.0,100.0,success,False,2026-08-18T22:07:30.618042+09:00
Furnace Book,210.0,16.0,success,False,2026-08-19T21:51:01.436792+09:00
Furnace Bridge,40.0,0.0,success,False,2026-08-18T22:04:51.222507+09:00
Furnace Brief,,,failed,False,2026-08-21T01:01:05.241118+09:00
Furnace Bulletin,,,failed,False,2026-08-21T01:01:01.220689+09:00
Furnace Cabinet,140.0,13.0,success,False,2026-08-27T23:14:01.250377+09:00
Furnace Calculator,210.0,39.0,success,False,2026-08-27T23:34:57.472203+09:00
Furnace Calendar,,,failed,False,2026-08-19T00:02:15.189621+09:00
Furnace Card,110.0,8.0,success,False,2026-08-19T13:42:30.376897+09:00
Furnace Cascade,,,failed,False,2026-08-18T22:04:40.579410+09:00
Furnace Cash,,,failed,False,2026-08-21T02:25:09.393326+09:00
Furnace Cashback,,,failed,False,2026-08-27T21:16:33.171675+09:00
Furnace Catalog,10.0,38.0,success,False,2026-08-19T21:07:40.402937+09:00
Furnace Category,,,failed,False,2026-08-23T13:07:04.865387+09:00
Furnace Center,,,failed,False,2026-08-18T22:08:19.564377+09:00
Furnace Chain,70.0,33.0,success,False,2026-08-18T22:09:56.131275+09:00
Furnace Charge,110.0,1.0,success,False,2026-08-21T02:40:14.671503+09:00
Furnace Check,260.0,58.0,success,False,2026-08-19T13:20:58.742668+09:00
Furnace Checker,,,failed,False,2026-08-27T23:56:25.215119+09:00
Furnace Checklist,20.0,12.0,success,False,2026-08-19T21:06:47.923280+09:00
Furnace Cockpit,,,failed,False,2026-08-18T22:12:21.706710+09:00
Furnace Code,480.0,0.0,success,False,2026-08-19T21:50:26.967968+09:00
Furnace Codex,,,failed,False,2026-08-18T23:51:07.460052+09:00
Furnace Companion,,,failed,False,2026-08-18T23:51:07.460052+09:00
Furnace Comparison,50.0,63.0,success,False,2026-08-28T01:06:18.481825+09:00
Furnace Compass,,,failed,False,2026-08-18T22:04:08.939820+09:00
Furnace Compendium,,,failed,False,2026-08-18T23:51:07.460052+09:00
Furnace Confirmation,,,failed,False,2026-08-21T01:01:17.697392+09:00
Furnace Console,,,failed,False,2026-08-18T22:08:43.049836+09:00
Furnace Copayment,,,failed,False,2026-08-23T16:38:55.641714+09:00
Furnace Core,110.0,0.0,success,False,2026-08-18T22:07:14.456265+09:00
Furnace Cost,3600.0,75.0,success,False,2026-08-21T02:09:47.667221+09:00
Furnace Count,,,failed,False,2026-08-27T22:48:47.363219+09:00
Furnace Counter,90.0,0.0,success,False,2026-08-19T00:03:01.180289+09:00
Furnace Coupon,10.0,27.0,success,False,2026-08-27T21:16:28.518091+09:00
Furnace Dashboard,,,failed,False,2026-08-18T23:51:07.460052+09:00
Furnace Deal,260.0,98.0,success,False,2026-08-21T01:54:08.146374+09:00
Furnace Debt,,,failed,False,2026-08-21T02:25:03.924004+09:00
Furnace Deck,6600.0,0.0,success,True,2026-08-18T22:07:40.431986+09:00
Furnace Depot,20.0,66.0,success,False,2026-08-19T00:02:45.246378+09:00
Furnace Desk,10.0,0.0,success,False,2026-08-18T22:03:16.704658+09:00
Furnace Detail,,,failed,False,2026-08-23T03:19:19.103854+09:00
Furnace Detector,,,failed,False,2026-08-27T23:56:27.794878+09:00
Furnace Diagram,1000.0,0.0,success,True,2026-08-27T22:11:22.688416+09:00
Furnace Dial,10.0,0.0,success,False,2026-08-18T22:08:59.053528+09:00
Furnace Digest,,,failed,False,2026-08-19T20:38:59.819787+09:00
Furnace Directory,,,failed,False,2026-08-19T00:02:24.547164+09:00
Furnace Discount,70.0,100.0,success,False,2026-08-23T16:14:21.823505+09:00
Furnace Dock,10.0,0.0,success,False,2026-08-18T22:09:32.067298+09:00
Furnace Dossier,,,failed,False,2026-08-21T01:01:22.274781+09:00
Furnace Downpayment,,,failed,False,2026-08-27T21:47:39.871299+09:00
Furnace Draft,260.0,1.0,success,False,2026-08-19T20:39:18.061361+09:00
Furnace Due,,,failed,False,2026-08-23T15:51:49.176648+09:00
Furnace Duty,10.0,14.0,success,False,2026-08-21T02:40:18.502872+09:00
Furnace Engine,110.0,0.0,success,False,2026-08-18T22:11:13.751205+09:00
Furnace Entry,,,failed,False,2026-08-21T01:01:32.949178+09:00
Furnace Estimate,110.0,17.0,success,False,2026-08-19T21:07:31.125995+09:00
Furnace Estimator,10.0,,success,False,2026-08-27T23:56:22.652242+09:00
Furnace Fare,,,failed,False,2026-08-21T02:09:56.008511+09:00
Furnace Fee,,,failed,False,2026-08-21T01:53:49.077325+09:00
Furnace Feed,170.0,0.0,success,False,2026-08-19T20:39:07.135209+09:00
Furnace File,,,failed,False,2026-08-19T20:38:22.141016+09:00
Furnace Finder,1600.0,49.0,success,False,2026-08-19T00:02:39.195734+09:00
Furnace Fine,,,failed,False,2026-08-23T02:54:55.052160+09:00
Furnace Flag,10.0,0.0,success,False,2026-08-21T00:28:53.322616+09:00
Furnace Flow,40.0,11.0,success,False,2026-08-18T22:02:46.582498+09:00
Furnace Forge,880.0,78.0,success,False,2026-08-18T22:04:32.030179+09:00
Furnace Form,20.0,0.0,success,False,2026-08-19T13:42:14.783829+09:00
Furnace Format,,,failed,False,2026-08-23T13:07:10.531607+09:00
Furnace Frame,20.0,18.0,success,False,2026-08-18T22:06:59.160335+09:00
Furnace Fund,,,failed,False,2026-08-21T02:25:06.190150+09:00
Furnace Gate,110.0,2.0,success,False,2026-08-18T22:10:18.505365+09:00
Furnace Giveaway,10.0,86.0,success,False,2026-08-27T21:16:38.075410+09:00
Furnace Grade,,,failed,False,2026-08-21T00:28:32.365756+09:00
Furnace Graph,,,failed,False,2026-08-27T22:11:07.504968+09:00
Furnace Grid,,,failed,False,2026-08-18T22:05:47.884963+09:00
Furnace Guarantee,,,failed,False,2026-08-28T01:06:23.726095+09:00
Furnace Guard,20.0,0.0,success,False,2026-08-18T23:51:07.460052+09:00
Furnace Guardian,720.0,51.0,success,False,2026-08-28T00:25:34.855882+09:00
Furnace Guidebook,,,failed,False,2026-08-18T23:51:07.460052+09:00
Furnace Helpdesk,,,failed,False,2026-08-27T22:48:53.744553+09:00
Furnace Helper,170.0,27.0,success,False,2026-08-28T00:25:39.840423+09:00
Furnace History,50.0,0.0,success,False,2026-08-19T20:38:12.818207+09:00
Furnace Hotline,,,failed,False,2026-08-19T21:07:51.410434+09:00
Furnace Hub,,,failed,False,2026-08-18T22:02:54.576094+09:00
Furnace Identifier,,,failed,False,2026-08-23T13:07:04.865387+09:00
Furnace Incentive,10.0,71.0,success,False,2026-08-27T21:16:38.075410+09:00
Furnace Index,,,failed,False,2026-08-19T21:07:00.753456+09:00
Furnace Insight,,,failed,False,2026-08-18T22:12:06.505434+09:00
Furnace Installment,10.0,29.0,success,False,2026-08-23T16:14:21.823505+09:00
Furnace Item,,,failed,False,2026-08-21T01:53:54.647379+09:00
Furnace Journal,10.0,,success,False,2026-08-18T23:51:07.460052+09:00
Furnace Keeper,10.0,0.0,success,False,2026-08-18T22:10:51.704890+09:00
Furnace Kit,110.0,100.0,success,False,2026-08-27T22:48:44.890397+09:00
Furnace Lab,1900.0,79.0,success,False,2026-08-18T22:07:55.686998+09:00
Furnace Label,1900.0,0.0,success,True,2026-08-27T22:11:11.911250+09:00
Furnace Ledger,,,failed,False,2026-08-18T22:07:24.351116+09:00
Furnace Lens,,,failed,False,2026-08-18T22:06:49.548592+09:00
Furnace Level,50.0,0.0,success,False,2026-08-19T20:38:30.453873+09:00
Furnace Link,,,failed,False,2026-08-23T03:19:12.816359+09:00
Furnace List,10.0,45.0,success,False,2026-08-19T21:50:41.490993+09:00
Furnace Loan,50.0,72.0,success,False,2026-08-21T02:10:04.981055+09:00
Furnace Locator,,,failed,False,2026-08-19T00:02:30.122335+09:00
Furnace Lock,20.0,0.0,success,False,2026-08-18T22:06:31.917725+09:00
Furnace Log,,,failed,False,2026-08-19T13:42:06.803998+09:00
Furnace Loop,10.0,0.0,success,False,2026-08-18T22:05:40.235062+09:00
Furnace Manager,10.0,3.0,success,False,2026-08-18T22:10:58.146959+09:00
Furnace Manual,1000.0,0.0,success,True,2026-08-27T22:11:11.911250+09:00
Furnace Map,20.0,0.0,success,False,2026-08-18T22:06:41.570881+09:00
Furnace Markup,,,failed,False,2026-08-23T16:38:55.641714+09:00
Furnace Memo,,,failed,False,2026-08-21T00:28:42.115555+09:00
Furnace Message,,,failed,False,2026-08-27T23:13:56.060397+09:00
Furnace Meter,20.0,30.0,success,False,2026-08-18T22:09:07.653451+09:00
Furnace Metrics,,,failed,False,2026-08-18T22:12:15.534077+09:00
Furnace Monitor,70.0,34.0,success,False,2026-08-18T22:11:59.574853+09:00
Furnace Navigator,,,failed,False,2026-08-18T23:51:07.460052+09:00
Furnace Nexus,,,failed,False,2026-08-18T22:10:25.741480+09:00
Furnace Node,,,failed,False,2026-08-18T22:10:10.353821+09:00
Furnace Note,,,failed,False,2026-08-19T13:21:55.310171+09:00
Furnace Notification,,,failed,False,2026-08-27T22:48:41.593169+09:00
Furnace Number,20.0,5.0,success,False,2026-08-23T03:19:05.834960+09:00
Furnace Office,,,failed,False,2026-08-19T00:02:56.248931+09:00
Furnace Ops,,,failed,False,2026-08-18T23:51:07.460052+09:00
Furnace Order,,,failed,False,2026-08-19T21:49:51.324073+09:00
Furnace Organizer,,,failed,False,2026-08-18T22:11:47.554399+09:00
Furnace Overage,,,failed,False,2026-08-27T21:47:37.465636+09:00
Furnace Overdue,,,failed,False,2026-08-27T21:47:32.265892+09:00
Furnace Panel,320.0,2.0,success,False,2026-08-18T22:08:50.050771+09:00
Furnace Pass,,,failed,False,2026-08-21T00:27:48.036654+09:00
Furnace Path,,,failed,False,2026-08-18T22:06:14.738388+09:00
Furnace Payoff,,,failed,False,2026-08-27T21:47:35.080437+09:00
Furnace Penalty,,,failed,False,2026-08-23T16:38:53.252652+09:00
Furnace Petition,,,failed,False,2026-08-21T01:01:15.556861+09:00
Furnace Pilot,480.0,44.0,success,False,2026-08-18T22:03:05.761687+09:00
Furnace Plan,40.0,18.0,success,False,2026-08-21T01:54:04.879612+09:00
Furnace Planner,,,failed,False,2026-08-18T22:11:32.522772+09:00
Furnace Playbook,,,failed,False,2026-08-18T23:51:07.460052+09:00
Furnace Point,40.0,0.0,success,False,2026-08-18T22:06:23.871734+09:00
Furnace Portal,,,failed,False,2026-08-18T22:08:34.595424+09:00
Furnace Preview,,,failed,False,2026-08-28T01:06:18.481825+09:00
Furnace Profile,,,failed,False,2026-08-19T13:22:55.768758+09:00
Furnace Profit,,,failed,False,2026-08-23T02:54:45.895962+09:00
Furnace Proposal,,,failed,False,2026-08-28T01:06:21.038746+09:00
Furnace Pulse,,,failed,False,2026-08-18T22:05:55.715721+09:00
Furnace Queue,,,failed,False,2026-08-19T21:07:21.562422+09:00
Furnace Quota,,,failed,False,2026-08-21T00:28:46.684495+09:00
Furnace Radar,,,failed,False,2026-08-18T22:03:28.331445+09:00
Furnace Rail,,,failed,False,2026-08-18T22:09:39.839296+09:00
Furnace Rate,20.0,19.0,success,False,2026-08-19T20:38:39.383467+09:00
Furnace Receipt,,,failed,False,2026-08-19T21:50:15.861548+09:00
Furnace Recorder,,,failed,False,2026-08-27T23:34:59.997959+09:00
Furnace Redemption,,,failed,False,2026-08-23T16:38:55.641714+09:00
Furnace Register,320.0,100.0,success,False,2026-08-18T23:51:07.460052+09:00
Furnace Registry,,,failed,False,2026-08-18T23:51:10.058671+09:00
Furnace Relay,480.0,90.0,success,False,2026-08-18T22:03:49.519359+09:00
Furnace Reminder,,,failed,False,2026-08-19T21:06:39.226294+09:00
Furnace Report,20.0,15.0,success,False,2026-08-19T13:41:55.083304+09:00
Furnace Repository,,,failed,False,2026-08-27T23:14:03.822687+09:00
Furnace Ring,50.0,0.0,success,False,2026-08-18T22:10:02.231985+09:00
Furnace Roadmap,,,failed,False,2026-08-18T23:51:10.058671+09:00
Furnace Roster,,,failed,False,2026-08-19T00:38:36.857956+09:00
Furnace Route,,,failed,False,2026-08-18T22:09:23.803071+09:00
Furnace Rule,,,failed,False,2026-08-23T03:19:15.336839+09:00
Furnace Sale,4400.0,100.0,success,False,2026-08-21T02:25:13.538662+09:00
Furnace Sample,,,failed,False,2026-08-19T21:51:23.149370+09:00
Furnace Scale,170.0,0.0,success,False,2026-08-18T22:09:15.023895+09:00
Furnace Scanner,,,failed,False,2026-08-27T23:56:25.215119+09:00
Furnace Scheduler,,,failed,False,2026-08-18T22:11:41.345427+09:00
Furnace Schematic,320.0,0.0,success,False,2026-08-27T22:28:53.992967+09:00
Furnace Scope,,,failed,False,2026-08-18T22:05:30.177500+09:00
Furnace Score,,,failed,False,2026-08-19T13:21:40.944519+09:00
Furnace Sentry,,,failed,False,2026-08-18T22:10:41.322709+09:00
Furnace Serial,10.0,0.0,success,False,2026-08-23T13:27:43.093757+09:00
Furnace Sheet,,,failed,False,2026-08-19T13:20:50.883072+09:00
Furnace Shortfall,,,failed,False,2026-08-27T21:47:39.871299+09:00
Furnace Signal,,,failed,False,2026-08-18T22:05:11.798475+09:00
Furnace Slip,,,failed,False,2026-08-19T21:51:13.518825+09:00
Furnace Slot,,,failed,False,2026-08-19T21:51:30.988224+09:00
Furnace Snapshot,,,failed,False,2026-08-18T23:51:10.058671+09:00
Furnace Stake,,,failed,False,2026-08-23T02:54:50.074152+09:00
Furnace Statement,,,failed,False,2026-08-21T00:28:17.964653+09:00
Furnace Station,,,failed,False,2026-08-18T22:08:02.449968+09:00
Furnace Status,,,failed,False,2026-08-19T20:37:57.270685+09:00
Furnace Stub,,,failed,False,2026-08-21T00:28:11.670318+09:00
Furnace Studio,10.0,1.0,success,False,2026-08-18T22:07:47.344279+09:00
Furnace Subsidy,,,failed,False,2026-08-23T15:51:51.217465+09:00
Furnace Suite,,,failed,False,2026-08-18T22:11:05.779319+09:00
Furnace Sum,,,failed,False,2026-08-21T02:24:56.488655+09:00
Furnace Summary,,,failed,False,2026-08-19T21:06:16.769807+09:00
Furnace Surtax,,,failed,False,2026-08-23T15:51:51.217465+09:00
Furnace Sync,,,failed,False,2026-08-18T22:02:35.560643+09:00
Furnace Tab,,,failed,False,2026-08-21T00:29:02.215162+09:00
Furnace Table,30.0,0.0,success,False,2026-08-19T21:50:52.634082+09:00
Furnace Tag,1300.0,0.0,success,True,2026-08-19T13:22:09.591180+09:00
Furnace Tally,,,failed,False,2026-08-21T00:28:23.086581+09:00
Furnace Tariff,,,failed,False,2026-08-21T02:40:27.519765+09:00
Furnace Tax,10.0,0.0,success,False,2026-08-21T02:10:00.502849+09:00
Furnace Terminal,,,failed,False,2026-08-18T22:08:11.096453+09:00
Furnace Ticket,,,failed,False,2026-08-19T21:07:11.433627+09:00
Furnace Timeline,,,failed,False,2026-08-19T21:06:30.155036+09:00
Furnace Timer,40.0,0.0,success,False,2026-08-28T00:25:29.232687+09:00
Furnace Toll,,,failed,False,2026-08-21T02:40:21.955150+09:00
Furnace Toolbox,,,failed,False,2026-08-28T00:25:34.855882+09:00
Furnace Toolkit,,,failed,False,2026-08-18T23:51:10.058671+09:00
Furnace Total,,,failed,False,2026-08-27T23:13:58.602342+09:00
Furnace Tracker,3600.0,0.0,success,True,2026-08-18T21:06:03.853095+09:00
Furnace Trail,90.0,1.0,success,False,2026-08-18T22:09:47.268840+09:00
Furnace Trend,,,failed,False,2026-08-28T01:06:10.302074+09:00
Furnace Trial,,,failed,False,2026-08-27T21:16:33.171675+09:00
Furnace Unit,480.0,100.0,success,False,2026-08-21T01:54:02.992561+09:00
Furnace Update,30.0,14.0,success,False,2026-08-19T20:38:50.239529+09:00
Furnace Value,,,failed,False,2026-08-23T02:54:48.016404+09:00
Furnace Vault,,,failed,False,2026-08-18T22:04:00.845205+09:00
Furnace Version,,,failed,False,2026-08-23T03:19:08.908804+09:00
Furnace View,,,failed,False,2026-08-19T20:38:03.591827+09:00
Furnace Voucher,,,failed,False,2026-08-21T00:27:55.902205+09:00
Furnace Watch,,,failed,False,2026-08-18T22:05:21.769406+09:00
Furnace Wave,,,failed,False,2026-08-18T22:06:05.649081+09:00
Furnace Widget,,,failed,False,2026-08-27T23:14:01.250377+09:00
Furnace Workbench,,,failed,False,2026-08-18T23:51:10.058671+09:00
Furnace Worksheet,,,failed,False,2026-08-27T22:11:14.702550+09:00
Furnace Workshop,30.0,1.0,success,False,2026-08-28T00:25:31.999960+09:00
Furnace Zone,90.0,25.0,success,False,2026-08-18T22:08:25.868252+09:00
Gallery Advance,10.0,0.0,success,False,2026-08-23T16:13:52.514202+09:00
Gallery Advisory,,,failed,False,2026-08-21T01:07:51.915989+09:00
Gallery Allowance,,,failed,False,2026-08-21T02:37:27.000959+09:00
Gallery Analyzer,40.0,5.0,success,False,2026-08-27T23:57:04.136942+09:00
Gallery Announcement,10.0,0.0,success,False,2026-08-27T23:35:13.146180+09:00
Gallery Arrears,,,failed,False,2026-08-23T16:13:47.418622+09:00
Gallery Asset,,,failed,False,2026-08-23T13:46:40.614274+09:00
Gallery Assistant,3600.0,2.0,success,False,2026-08-19T12:24:58.043642+09:00
Gallery Atlas,20.0,2.0,success,False,2026-08-19T12:24:44.570895+09:00
Gallery Attribute,,,failed,False,2026-08-23T13:06:07.907385+09:00
Gallery Badge,,,failed,False,2026-08-21T00:34:21.181247+09:00
Gallery Balance,10.0,0.0,success,False,2026-08-23T13:46:35.892255+09:00
Gallery Base,390.0,2.0,success,False,2026-08-19T12:27:54.241154+09:00
Gallery Beacon,,,failed,False,2026-08-19T12:27:18.963883+09:00
Gallery Bill,,,failed,False,2026-08-19T21:57:08.159846+09:00
Gallery Board,170.0,29.0,success,False,2026-08-19T12:22:54.076804+09:00
Gallery Book,1900.0,7.0,success,False,2026-08-19T21:58:02.735072+09:00
Gallery Bridge,40.0,1.0,success,False,2026-08-19T12:27:27.714904+09:00
Gallery Brief,,,failed,False,2026-08-21T01:07:45.419245+09:00
Gallery Bulletin,,,failed,False,2026-08-21T01:07:41.387893+09:00
Gallery Calendar,880.0,4.0,success,False,2026-08-19T12:25:43.100247+09:00
Gallery Card,880.0,21.0,success,False,2026-08-19T13:41:47.769675+09:00
Gallery Cascade,,,failed,False,2026-08-19T12:27:23.710394+09:00
Gallery Cash,30.0,0.0,success,False,2026-08-21T02:21:00.139536+09:00
Gallery Cashback,,,failed,False,2026-08-27T21:16:16.799513+09:00
Gallery Catalog,110.0,2.0,success,False,2026-08-19T21:12:57.141262+09:00
Gallery Category,40.0,0.0,success,False,2026-08-23T13:06:05.538611+09:00
Gallery Center,2900.0,2.0,success,False,2026-08-19T12:23:36.492658+09:00
Gallery Chain,30.0,38.0,success,False,2026-08-19T12:24:09.089995+09:00
Gallery Charge,,,failed,False,2026-08-21T02:37:11.292116+09:00
Gallery Check,1600.0,98.0,success,False,2026-08-19T13:42:11.114118+09:00
Gallery Checker,,,failed,False,2026-08-27T23:56:56.552521+09:00
Gallery Checklist,20.0,1.0,success,False,2026-08-19T21:12:04.004296+09:00
Gallery Circular,,,failed,False,2026-08-21T01:07:49.697646+09:00
Gallery Code,590.0,0.0,success,False,2026-08-19T21:57:27.705045+09:00
Gallery Companion,10.0,0.0,success,False,2026-08-19T12:25:21.965141+09:00
Gallery Comparison,,,failed,False,2026-08-28T01:07:27.619930+09:00
Gallery Compass,210.0,4.0,success,False,2026-08-19T12:27:13.663496+09:00
Gallery Confirmation,,,failed,False,2026-08-21T01:07:58.607843+09:00
Gallery Console,,,failed,False,2026-08-19T12:23:48.028309+09:00
Gallery Contribution,,,failed,False,2026-08-23T16:13:45.288195+09:00
Gallery Core,10.0,1.0,success,False,2026-08-19T12:22:47.160144+09:00
Gallery Cost,10.0,0.0,success,False,2026-08-21T02:14:55.250493+09:00
Gallery Count,90.0,0.0,success,False,2026-08-27T22:48:56.292769+09:00
Gallery Counter,90.0,0.0,success,False,2026-08-19T12:25:55.231488+09:00
Gallery Coupon,40.0,4.0,success,False,2026-08-27T21:16:16.799513+09:00
Gallery Deal,70.0,2.0,success,False,2026-08-21T01:59:23.001944+09:00
Gallery Debt,590.0,75.0,success,False,2026-08-21T02:20:53.673511+09:00
Gallery Deck,210.0,7.0,success,False,2026-08-19T12:23:01.868954+09:00
Gallery Desk,70.0,98.0,success,False,2026-08-19T12:27:02.281369+09:00
Gallery Detail,70.0,3.0,success,False,2026-08-23T03:16:39.334057+09:00
Gallery Detector,,,failed,False,2026-08-27T23:56:59.391700+09:00
Gallery Diagram,20.0,0.0,success,False,2026-08-27T22:11:01.897181+09:00
Gallery Digest,,,failed,False,2026-08-19T20:40:42.900088+09:00
Gallery Directory,20.0,1.0,success,False,2026-08-19T12:25:46.286307+09:00
Gallery Discount,10.0,0.0,success,False,2026-08-23T16:13:39.752452+09:00
Gallery Dossier,,,failed,False,2026-08-21T01:08:04.647718+09:00
Gallery Downpayment,,,failed,False,2026-08-27T21:47:24.586892+09:00
Gallery Draft,,,failed,False,2026-08-19T20:41:03.972806+09:00
Gallery Due,,,failed,False,2026-08-23T15:51:31.238085+09:00
Gallery Duty,10.0,0.0,success,False,2026-08-21T02:37:15.297674+09:00
Gallery Endowment,,,failed,False,2026-08-23T15:51:36.784233+09:00
Gallery Engine,10.0,0.0,success,False,2026-08-19T12:24:52.766988+09:00
Gallery Entry,40.0,3.0,success,False,2026-08-21T01:08:15.676788+09:00
Gallery Estimate,,,failed,False,2026-08-19T21:12:47.142527+09:00
Gallery Estimator,,,failed,False,2026-08-27T23:56:53.046222+09:00
Gallery Excerpt,,,failed,False,2026-08-21T01:08:10.104042+09:00
Gallery Fare,,,failed,False,2026-08-21T02:15:10.297403+09:00
Gallery Fee,20.0,0.0,success,False,2026-08-21T01:59:08.747160+09:00
Gallery Feed,,,failed,False,2026-08-19T20:40:49.478840+09:00
Gallery Field,320.0,2.0,success,False,2026-08-23T13:06:10.168774+09:00
Gallery File,1000.0,9.0,success,False,2026-08-19T20:40:08.745376+09:00
Gallery Finder,20.0,0.0,success,False,2026-08-19T12:25:50.876922+09:00
Gallery Fine,10.0,3.0,success,False,2026-08-23T02:53:11.692862+09:00
Gallery Flag,1000.0,5.0,success,False,2026-08-21T00:34:53.693924+09:00
Gallery Flow,50.0,0.0,success,False,2026-08-19T12:26:57.441352+09:00
Gallery Forge,,,failed,False,2026-08-19T12:27:18.963883+09:00
Gallery Form,70.0,0.0,success,False,2026-08-19T13:41:39.168311+09:00
Gallery Format,70.0,3.0,success,False,2026-08-23T13:06:13.755843+09:00
Gallery Frame,5400.0,100.0,success,False,2026-08-19T12:27:54.241154+09:00
Gallery Fund,,,failed,False,2026-08-21T02:20:57.219379+09:00
Gallery Gate,140.0,0.0,success,False,2026-08-19T12:24:32.971008+09:00
Gallery Giveaway,,,failed,False,2026-08-27T21:16:23.936714+09:00
Gallery Grade,,,failed,False,2026-08-21T00:34:38.752919+09:00
Gallery Graph,50.0,0.0,success,False,2026-08-27T22:10:48.957356+09:00
Gallery Grid,590.0,4.0,success,False,2026-08-19T12:27:39.796113+09:00
Gallery Guarantee,,,failed,False,2026-08-28T01:07:32.974301+09:00
Gallery Guardian,260.0,0.0,success,False,2026-08-28T00:26:09.270269+09:00
Gallery Helpdesk,,,failed,False,2026-08-27T22:48:56.292769+09:00
Gallery Helper,20.0,1.0,success,False,2026-08-28T00:26:12.300765+09:00
Gallery History,170.0,1.0,success,False,2026-08-19T20:39:59.254826+09:00
Gallery Hotline,,,failed,False,2026-08-19T21:13:11.253613+09:00
Gallery Hub,390.0,0.0,success,False,2026-08-19T12:26:57.441352+09:00
Gallery Identifier,,,failed,False,2026-08-23T13:06:02.918045+09:00
Gallery Incentive,,,failed,False,2026-08-27T21:16:21.669078+09:00
Gallery Index,70.0,0.0,success,False,2026-08-19T21:12:15.731161+09:00
Gallery Installment,,,failed,False,2026-08-23T16:13:42.146359+09:00
Gallery Item,390.0,99.0,success,False,2026-08-21T01:59:11.823228+09:00
Gallery Journal,10.0,63.0,success,False,2026-08-19T12:25:38.632283+09:00
Gallery Keeper,10.0,0.0,success,False,2026-08-19T12:24:48.425289+09:00
Gallery Kit,70.0,12.0,success,False,2026-08-27T22:48:53.744553+09:00
Gallery Lab,2900.0,14.0,success,False,2026-08-19T12:23:14.200437+09:00
Gallery Label,260.0,1.0,success,False,2026-08-27T22:10:53.228398+09:00
Gallery Layout,590.0,3.0,success,False,2026-08-27T22:28:53.992967+09:00
Gallery Ledger,,,failed,False,2026-08-19T12:22:54.076804+09:00
Gallery Level,40.0,0.0,success,False,2026-08-19T20:40:20.062336+09:00
Gallery Link,210.0,3.0,success,False,2026-08-23T03:16:29.353172+09:00
Gallery List,170.0,1.0,success,False,2026-08-19T21:57:41.163401+09:00
Gallery Loan,10.0,5.0,success,False,2026-08-21T02:15:19.980644+09:00
Gallery Locator,210.0,1.0,success,False,2026-08-19T12:25:46.286307+09:00
Gallery Log,30.0,2.0,success,False,2026-08-19T13:41:12.937543+09:00
Gallery Loop,10.0,1.0,success,False,2026-08-19T12:27:36.694411+09:00
Gallery Manager,1000.0,4.0,success,False,2026-08-19T12:24:48.425289+09:00
Gallery Manual,,,failed,False,2026-08-27T22:10:56.558080+09:00
Gallery Map,1300.0,4.0,success,False,2026-08-19T12:27:49.196174+09:00
Gallery Margin,40.0,0.0,success,False,2026-08-23T02:53:08.936462+09:00
Gallery Markup,,,failed,False,2026-08-23T16:38:38.724720+09:00
Gallery Memo,,,failed,False,2026-08-21T00:34:42.810397+09:00
Gallery Message,880.0,0.0,success,False,2026-08-27T23:14:12.324093+09:00
Gallery Monitor,170.0,8.0,success,False,2026-08-19T12:25:02.021725+09:00
Gallery Nexus,10.0,0.0,success,False,2026-08-19T12:24:37.833597+09:00
Gallery Note,14800.0,0.0,success,True,2026-08-19T13:42:33.755752+09:00
Gallery Notification,20.0,0.0,success,False,2026-08-27T22:48:47.363219+09:00
Gallery Number,170.0,0.0,success,False,2026-08-23T03:16:19.788711+09:00
Gallery Office,210.0,8.0,success,False,2026-08-19T12:25:50.876922+09:00
Gallery Ops,,,failed,False,2026-08-19T12:25:27.149314+09:00
Gallery Order,20.0,0.0,success,False,2026-08-19T21:56:59.723896+09:00
Gallery Overage,,,failed,False,2026-08-27T21:47:19.918276+09:00
Gallery Overdraft,,,failed,False,2026-08-23T15:51:31.238085+09:00
Gallery Overdue,,,failed,False,2026-08-27T21:47:17.528863+09:00
Gallery Panel,170.0,24.0,success,False,2026-08-19T12:23:48.028309+09:00
Gallery Pass,8100.0,5.0,success,False,2026-08-21T00:34:11.970110+09:00
Gallery Path,10.0,0.0,success,False,2026-08-19T12:27:46.282540+09:00
Gallery Payoff,,,failed,False,2026-08-27T21:47:17.528863+09:00
Gallery Penalty,,,failed,False,2026-08-23T16:38:38.724720+09:00
Gallery Petition,,,failed,False,2026-08-21T01:07:56.327187+09:00
Gallery Plan,260.0,1.0,success,False,2026-08-21T01:59:20.402285+09:00
Gallery Planner,140.0,47.0,success,False,2026-08-19T12:24:58.043642+09:00
Gallery Playbook,,,failed,False,2026-08-19T12:25:34.182508+09:00
Gallery Point,90.0,18.0,success,False,2026-08-19T12:27:49.196174+09:00
Gallery Portal,50.0,1.0,success,False,2026-08-19T12:23:40.274403+09:00
Gallery Preview,90.0,1.0,success,False,2026-08-28T01:07:30.106939+09:00
Gallery Profile,70.0,0.0,success,False,2026-08-19T13:21:11.802983+09:00
Gallery Profit,,,failed,False,2026-08-23T02:52:59.926815+09:00
Gallery Proposal,20.0,0.0,success,False,2026-08-28T01:07:32.974301+09:00
Gallery Queue,,,failed,False,2026-08-19T21:12:37.502456+09:00
Gallery Quota,,,failed,False,2026-08-21T00:34:49.507039+09:00
Gallery Radar,,,failed,False,2026-08-19T12:27:05.323167+09:00
Gallery Rail,5400.0,100.0,success,False,2026-08-19T12:24:05.330216+09:00
Gallery Rate,50.0,17.0,success,False,2026-08-19T20:40:26.363458+09:00
Gallery Recap,20.0,1.0,success,False,2026-08-21T01:08:07.982267+09:00
Gallery Receipt,,,failed,False,2026-08-19T21:57:19.204093+09:00
Gallery Register,10.0,5.0,success,False,2026-08-19T12:25:27.149314+09:00
Gallery Registry,,,failed,False,2026-08-19T12:25:38.632283+09:00
Gallery Relay,,,failed,False,2026-08-19T12:27:05.323167+09:00
Gallery Reminder,10.0,0.0,success,False,2026-08-19T21:11:53.117390+09:00
Gallery Report,40.0,0.0,success,False,2026-08-19T13:40:58.883457+09:00
Gallery Roster,20.0,1.0,success,False,2026-08-19T12:26:30.202611+09:00
Gallery Route,10.0,0.0,success,False,2026-08-19T12:23:56.615526+09:00
Gallery Rule,110.0,0.0,success,False,2026-08-23T03:16:31.986562+09:00
Gallery Sale,4400.0,3.0,success,False,2026-08-21T02:21:06.391588+09:00
Gallery Sample,480.0,3.0,success,False,2026-08-19T21:58:22.475915+09:00
Gallery Scale,,,failed,False,2026-08-19T12:23:56.615526+09:00
Gallery Scanner,140.0,8.0,success,False,2026-08-27T23:56:56.552521+09:00
Gallery Scheduler,,,failed,False,2026-08-19T12:25:02.021725+09:00
Gallery Scope,30.0,79.0,success,False,2026-08-19T12:27:36.694411+09:00
Gallery Score,10.0,0.0,success,False,2026-08-19T13:42:19.343176+09:00
Gallery Sheet,70.0,0.0,success,False,2026-08-19T13:41:59.783078+09:00
Gallery Shortfall,,,failed,False,2026-08-27T21:47:27.442070+09:00
Gallery Signal,,,failed,False,2026-08-19T12:27:27.714904+09:00
Gallery Slip,,,failed,False,2026-08-19T21:58:14.220154+09:00
Gallery Slot,,,failed,False,2026-08-19T21:58:32.626205+09:00
Gallery Stake,,,failed,False,2026-08-23T02:53:06.849591+09:00
Gallery Station,110.0,1.0,success,False,2026-08-19T12:23:14.200437+09:00
Gallery Status,30.0,0.0,success,False,2026-08-19T20:39:43.818952+09:00
Gallery Stub,,,failed,False,2026-08-21T00:34:25.670499+09:00
Gallery Studio,1600.0,2.0,success,False,2026-08-19T12:23:01.868954+09:00
Gallery Subsidy,,,failed,False,2026-08-23T15:51:33.860172+09:00
Gallery Sum,,,failed,False,2026-08-21T02:31:03.884559+09:00
Gallery Summary,,,failed,False,2026-08-19T21:11:27.369189+09:00
Gallery Surtax,,,failed,False,2026-08-23T15:51:39.388284+09:00
Gallery Table,260.0,99.0,success,False,2026-08-19T21:57:51.707228+09:00
Gallery Tag,90500.0,0.0,success,True,2026-08-19T13:20:54.330811+09:00
Gallery Tally,10.0,0.0,success,False,2026-08-21T00:34:35.312701+09:00
Gallery Tariff,,,failed,False,2026-08-21T02:37:31.175739+09:00
Gallery Tax,,,failed,False,2026-08-21T02:15:15.095648+09:00
Gallery Ticket,260.0,7.0,success,False,2026-08-19T21:12:26.316955+09:00
Gallery Tier,,,failed,False,2026-08-28T00:48:11.249121+09:00
Gallery Timeline,30.0,0.0,success,False,2026-08-19T21:11:39.725993+09:00
Gallery Toll,,,failed,False,2026-08-21T02:37:22.596537+09:00
Gallery Toolbox,,,failed,False,2026-08-28T00:26:12.300765+09:00
Gallery Total,10.0,0.0,success,False,2026-08-27T23:14:15.197354+09:00
Gallery Tracker,90.0,81.0,success,False,2026-08-19T12:26:55.574795+09:00
Gallery Trail,,,failed,False,2026-08-19T12:24:09.089995+09:00
Gallery Trend,170.0,1.0,success,False,2026-08-28T01:07:24.727084+09:00
Gallery Trial,10.0,6.0,success,False,2026-08-27T21:16:19.259868+09:00
Gallery Unit,480.0,4.0,success,False,2026-08-21T01:59:17.074164+09:00
Gallery Update,1600.0,8.0,success,False,2026-08-19T20:40:35.383963+09:00
Gallery Value,70.0,1.0,success,False,2026-08-23T02:53:02.917433+09:00
Gallery Vault,12100.0,5.0,success,False,2026-08-19T12:27:08.334680+09:00
Gallery Version,50.0,0.0,success,False,2026-08-23T03:16:26.068243+09:00
Gallery View,3600.0,2.0,success,False,2026-08-19T20:39:52.613613+09:00
Gallery Voucher,,,failed,False,2026-08-21T00:34:16.638003+09:00
Gallery Watch,480.0,88.0,success,False,2026-08-19T12:27:31.967553+09:00
Gallery Wave,90.0,1.0,success,False,2026-08-19T12:27:46.282540+09:00
Gallery Widget,590.0,3.0,success,False,2026-08-27T23:14:15.197354+09:00
Gallery Worksheet,,,failed,False,2026-08-27T22:10:59.501612+09:00
Gallery Workshop,140.0,2.0,success,False,2026-08-28T00:26:06.768927+09:00
Gallery Zone,110.0,0.0,success,False,2026-08-19T12:23:36.492658+09:00
Garage Advisory,,,failed,False,2026-08-21T01:03:45.407835+09:00
Garage Alert,30.0,34.0,success,False,2026-08-21T00:07:33.633888+09:00
Garage Allowance,,,failed,False,2026-08-21T02:42:44.475010+09:00
Garage Analyzer,,,failed,False,2026-08-27T23:52:57.703687+09:00
Garage Announcement,10.0,1.0,success,False,2026-08-27T23:32:36.959010+09:00
Garage Arrears,,,failed,False,2026-08-23T16:14:49.657074+09:00
Garage Asset,,,failed,False,2026-08-23T13:46:35.892255+09:00
Garage Assistant,390.0,20.0,success,False,2026-08-21T00:06:08.424463+09:00
Garage Atlas,390.0,9.0,success,False,2026-08-21T00:05:56.272120+09:00
Garage Badge,70.0,3.0,success,False,2026-08-21T00:27:32.429911+09:00
Garage Base,260.0,58.0,success,False,2026-08-21T00:11:31.112963+09:00
Garage Bay,1600.0,6.0,success,False,2026-08-21T00:07:05.249232+09:00
Garage Beacon,10.0,14.0,success,False,2026-08-21T00:10:41.968767+09:00
Garage Bill,390.0,4.0,success,False,2026-08-21T00:09:53.180945+09:00
Garage Bin,1000.0,99.0,success,False,2026-08-21T00:07:44.849905+09:00
Garage Board,590.0,100.0,success,False,2026-08-21T00:11:41.126262+09:00
Garage Book,720.0,26.0,success,False,2026-08-21T00:10:06.230079+09:00
Garage Booth,30.0,18.0,success,False,2026-08-21T00:06:59.654665+09:00
Garage Bridge,40.0,1.0,success,False,2026-08-21T00:10:55.494824+09:00
Garage Brief,,,failed,False,2026-08-21T01:03:36.375895+09:00
Garage Bulletin,,,failed,False,2026-08-21T01:03:33.238339+09:00
Garage Calendar,170.0,6.0,success,False,2026-08-21T00:06:39.076451+09:00
Garage Card,260.0,4.0,success,False,2026-08-21T00:08:22.856324+09:00
Garage Cascade,170.0,2.0,success,False,2026-08-21T00:10:51.522547+09:00
Garage Cash,40.0,10.0,success,False,2026-08-21T02:25:53.601509+09:00
Garage Center,12100.0,7.0,success,False,2026-08-19T22:41:50.846543+09:00
Garage Chain,210.0,44.0,success,False,2026-08-21T00:05:42.702163+09:00
Garage Charge,20.0,1.0,success,False,2026-08-21T02:42:34.441538+09:00
Garage Chart,20.0,2.0,success,False,2026-08-21T00:07:41.757493+09:00
Garage Check,170.0,7.0,success,False,2026-08-21T00:08:32.112101+09:00
Garage Checker,170.0,7.0,success,False,2026-08-27T23:52:45.278124+09:00
Garage Circular,50.0,0.0,success,False,2026-08-21T01:03:40.572054+09:00
Garage Code,1900.0,28.0,success,False,2026-08-21T00:09:59.655575+09:00
Garage Comparison,170.0,62.0,success,False,2026-08-28T01:04:40.087199+09:00
Garage Confirmation,,,failed,False,2026-08-21T01:03:56.741736+09:00
Garage Console,40.0,5.0,success,False,2026-08-21T00:05:23.895920+09:00
Garage Core,170.0,2.0,success,False,2026-08-21T00:11:33.849438+09:00
Garage Cost,1600.0,100.0,success,False,2026-08-21T02:08:48.919404+09:00
Garage Counter,320.0,100.0,success,False,2026-08-21T00:06:55.425363+09:00
Garage Deal,390.0,11.0,success,False,2026-08-21T01:51:26.021065+09:00
Garage Debt,,,failed,False,2026-08-21T02:25:47.031494+09:00
Garage Deck,260.0,95.0,success,False,2026-08-21T00:11:47.014910+09:00
Garage Desk,590.0,100.0,success,False,2026-08-21T00:10:27.698876+09:00
Garage Detail,880.0,12.0,success,False,2026-08-23T03:23:49.316132+09:00
Garage Detector,20.0,43.0,success,False,2026-08-27T23:52:54.402675+09:00
Garage Diagram,70.0,1.0,success,False,2026-08-27T22:13:56.258937+09:00
Garage Directory,20.0,0.0,success,False,2026-08-21T00:06:41.845552+09:00
Garage Discount,1000.0,47.0,success,False,2026-08-23T16:14:44.482791+09:00
Garage Dossier,,,failed,False,2026-08-21T01:04:00.035751+09:00
Garage Downpayment,,,failed,False,2026-08-27T21:49:29.301041+09:00
Garage Draft,30.0,34.0,success,False,2026-08-21T00:09:15.337380+09:00
Garage Due,,,failed,False,2026-08-23T15:51:44.971205+09:00
Garage Duty,20.0,0.0,success,False,2026-08-21T02:42:39.559962+09:00
Garage Engine,2900.0,12.0,success,False,2026-08-21T00:06:05.500178+09:00
Garage Entry,210.0,10.0,success,False,2026-08-21T01:04:18.102523+09:00
Garage Estimate,260.0,55.0,success,False,2026-08-21T00:09:38.850867+09:00
Garage Estimator,260.0,55.0,success,False,2026-08-27T23:52:42.913738+09:00
Garage Excerpt,,,failed,False,2026-08-21T01:04:13.537026+09:00
Garage Fare,,,failed,False,2026-08-21T02:08:56.102085+09:00
Garage Fee,50.0,0.0,success,False,2026-08-21T01:50:54.648591+09:00
Garage Feed,10.0,0.0,success,False,2026-08-21T00:09:11.987938+09:00
Garage Field,40.0,0.0,success,False,2026-08-23T13:04:50.850524+09:00
Garage File,90.0,5.0,success,False,2026-08-21T00:09:00.299581+09:00
Garage Fine,20.0,0.0,success,False,2026-08-23T02:57:36.512424+09:00
Garage Flag,260.0,99.0,success,False,2026-08-21T00:28:23.086581+09:00
Garage Flow,390.0,8.0,success,False,2026-08-21T00:10:20.448306+09:00
Garage Forge,140.0,6.0,success,False,2026-08-21T00:10:46.000113+09:00
Garage Form,40.0,0.0,success,False,2026-08-21T00:08:19.938205+09:00
Garage Format,,,failed,False,2026-08-23T13:04:54.297618+09:00
Garage Frame,1300.0,56.0,success,False,2026-08-21T00:11:27.452285+09:00
Garage Fund,40.0,0.0,success,False,2026-08-21T02:25:50.623607+09:00
Garage Gate,3600.0,96.0,success,False,2026-08-21T00:05:49.318712+09:00
Garage Grade,,,failed,False,2026-08-21T00:28:00.116915+09:00
Garage Grid,70.0,67.0,success,False,2026-08-21T00:11:09.626115+09:00
Garage Guarantee,,,failed,False,2026-08-28T01:04:49.164769+09:00
Garage Guardian,50.0,23.0,success,False,2026-08-28T00:23:14.492376+09:00
Garage Helpdesk,,,failed,False,2026-08-27T22:51:44.321364+09:00
Garage Helper,170.0,16.0,success,False,2026-08-28T00:23:21.269207+09:00
Garage History,50.0,0.0,success,False,2026-08-21T00:08:56.538180+09:00
Garage Hub,880.0,9.0,success,False,2026-08-21T00:10:23.316441+09:00
Garage Identifier,,,failed,False,2026-08-23T13:04:45.223955+09:00
Garage Inbox,10.0,79.0,success,False,2026-08-21T00:07:30.087170+09:00
Garage Index,10.0,0.0,success,False,2026-08-21T00:09:33.821521+09:00
Garage Installment,,,failed,False,2026-08-23T16:14:44.482791+09:00
Garage Item,590.0,37.0,success,False,2026-08-21T01:51:06.981175+09:00
Garage Journal,5400.0,0.0,success,True,2026-08-21T00:06:33.457247+09:00
Garage Keeper,210.0,20.0,success,False,2026-08-21T00:05:58.957091+09:00
Garage Lab,1000.0,2.0,success,False,2026-08-21T00:11:53.848385+09:00
Garage Label,170.0,99.0,success,False,2026-08-27T22:13:48.271988+09:00
Garage Layout,1000.0,16.0,success,False,2026-08-27T22:29:30.000621+09:00
Garage Ledger,,,failed,False,2026-08-21T00:11:37.455869+09:00
Garage Level,320.0,18.0,success,False,2026-08-21T00:09:02.871951+09:00
Garage Levy,,,failed,False,2026-08-23T13:46:40.614274+09:00
Garage Line,480.0,9.0,success,False,2026-08-21T00:07:59.311862+09:00
Garage Link,210.0,6.0,success,False,2026-08-23T03:23:43.125766+09:00
Garage List,260.0,92.0,success,False,2026-08-21T00:10:01.982446+09:00
Garage Loan,260.0,43.0,success,False,2026-08-21T02:09:05.168889+09:00
Garage Lobby,70.0,0.0,success,False,2026-08-21T00:07:51.744677+09:00
Garage Locator,2400.0,6.0,success,False,2026-08-21T00:06:45.845117+09:00
Garage Locker,2900.0,100.0,success,False,2026-08-21T00:06:57.541230+09:00
Garage Log,390.0,100.0,success,False,2026-08-21T00:08:16.662845+09:00
Garage Loop,210.0,29.0,success,False,2026-08-21T00:11:07.276592+09:00
Garage Manager,320.0,15.0,success,False,2026-08-21T00:06:02.924923+09:00
Garage Manual,880.0,4.0,success,False,2026-08-27T22:13:53.849783+09:00
Garage Map,590.0,2.0,success,False,2026-08-21T00:11:23.626216+09:00
Garage Marker,140.0,36.0,success,False,2026-08-23T13:27:00.453108+09:00
Garage Markup,,,failed,False,2026-08-23T16:39:21.186657+09:00
Garage Memo,,,failed,False,2026-08-21T00:28:11.670318+09:00
Garage Message,10.0,2.0,success,False,2026-08-27T23:10:05.739440+09:00
Garage Monitor,90.0,36.0,success,False,2026-08-21T00:06:19.535864+09:00
Garage Nexus,30.0,1.0,success,False,2026-08-21T00:05:53.181576+09:00
Garage Note,10.0,0.0,success,False,2026-08-21T00:08:39.923175+09:00
Garage Notification,,,failed,False,2026-08-27T22:51:36.322343+09:00
Garage Number,320.0,44.0,success,False,2026-08-23T03:23:40.065475+09:00
Garage Office,1600.0,46.0,success,False,2026-08-21T00:06:52.239933+09:00
Garage Ops,50.0,4.0,success,False,2026-08-21T00:06:28.229778+09:00
Garage Order,210.0,25.0,success,False,2026-08-21T00:09:42.716549+09:00
Garage Outpost,,,failed,False,2026-08-21T00:07:10.102459+09:00
Garage Overage,,,failed,False,2026-08-27T21:49:27.090308+09:00
Garage Overdue,,,failed,False,2026-08-27T21:49:22.679951+09:00
Garage Panel,1900.0,100.0,success,False,2026-08-21T00:05:26.838977+09:00
Garage Pass,90.0,1.0,success,False,2026-08-21T00:27:15.534212+09:00
Garage Passport,,,failed,False,2026-08-21T00:07:47.780593+09:00
Garage Path,20.0,0.0,success,False,2026-08-21T00:11:18.069642+09:00
Garage Payoff,,,failed,False,2026-08-27T21:49:24.879038+09:00
Garage Penalty,,,failed,False,2026-08-23T16:39:21.186657+09:00
Garage Petition,,,failed,False,2026-08-21T01:03:51.285961+09:00
Garage Plan,9900.0,100.0,success,False,2026-08-21T01:51:12.846846+09:00
Garage Planner,320.0,35.0,success,False,2026-08-21T00:06:10.990572+09:00
Garage Playbook,,,failed,False,2026-08-21T00:06:31.070365+09:00
Garage Plaza,320.0,26.0,success,False,2026-08-21T00:07:13.344965+09:00
Garage Point,480.0,4.0,success,False,2026-08-21T00:11:21.339663+09:00
Garage Portal,480.0,51.0,success,False,2026-08-21T00:05:21.567045+09:00
Garage Post,170.0,51.0,success,False,2026-08-21T00:07:07.636475+09:00
Garage Preview,,,failed,False,2026-08-28T01:04:42.727086+09:00
Garage Profile,90.0,13.0,success,False,2026-08-21T00:08:45.670716+09:00
Garage Profit,,,failed,False,2026-08-23T02:57:27.142882+09:00
Garage Proposal,,,failed,False,2026-08-28T01:04:46.455885+09:00
Garage Quota,,,failed,False,2026-08-21T00:28:17.964653+09:00
Garage Radar,70.0,1.0,success,False,2026-08-21T00:10:31.102119+09:00
Garage Rail,590.0,95.0,success,False,2026-08-21T00:05:36.511484+09:00
Garage Rate,50.0,2.0,success,False,2026-08-21T00:09:06.463923+09:00
Garage Recap,,,failed,False,2026-08-21T01:04:08.971472+09:00
Garage Receipt,110.0,93.0,success,False,2026-08-21T00:09:56.547234+09:00
Garage Recorder,,,failed,False,2026-08-27T23:32:42.762901+09:00
Garage Redemption,,,failed,False,2026-08-23T16:39:25.527330+09:00
Garage Register,260.0,52.0,success,False,2026-08-21T00:06:26.162440+09:00
Garage Relay,,,failed,False,2026-08-21T00:10:34.597077+09:00
Garage Reminder,,,failed,False,2026-08-21T00:09:30.468859+09:00
Garage Report,70.0,6.0,success,False,2026-08-21T00:08:12.228304+09:00
Garage Ring,170.0,49.0,success,False,2026-08-21T00:05:45.974525+09:00
Garage Roll,480.0,100.0,success,False,2026-08-21T00:08:09.199254+09:00
Garage Roster,,,failed,False,2026-08-21T00:07:26.703840+09:00
Garage Route,70.0,3.0,success,False,2026-08-21T00:05:32.052210+09:00
Garage Rule,,,failed,False,2026-08-23T03:23:46.825883+09:00
Garage Sale,201000.0,7.0,success,False,2026-08-21T02:25:59.297290+09:00
Garage Sample,90.0,33.0,success,False,2026-08-21T00:10:10.668873+09:00
Garage Scale,210.0,45.0,success,False,2026-08-21T00:05:29.824761+09:00
Garage Scanner,30.0,46.0,success,False,2026-08-27T23:52:49.352062+09:00
Garage Scope,10.0,0.0,success,False,2026-08-21T00:11:04.008018+09:00
Garage Score,170.0,0.0,success,False,2026-08-21T00:08:35.535549+09:00
Garage Sheet,110.0,94.0,success,False,2026-08-21T00:08:26.557259+09:00
Garage Shelf,27100.0,100.0,success,False,2026-08-21T00:07:23.788027+09:00
Garage Shortfall,,,failed,False,2026-08-27T21:49:31.660766+09:00
Garage Signal,10.0,39.0,success,False,2026-08-21T00:10:58.171885+09:00
Garage Slip,,,failed,False,2026-08-21T00:10:08.386733+09:00
Garage Slot,720.0,95.0,success,False,2026-08-21T00:10:12.835483+09:00
Garage Stake,,,failed,False,2026-08-23T02:57:32.152196+09:00
Garage Statement,10.0,0.0,success,False,2026-08-21T00:27:45.495734+09:00
Garage Station,720.0,5.0,success,False,2026-08-21T00:11:58.658369+09:00
Garage Status,320.0,1.0,success,False,2026-08-21T00:08:47.899784+09:00
Garage Stub,,,failed,False,2026-08-21T00:27:39.908231+09:00
Garage Studio,5400.0,3.0,success,False,2026-08-21T00:11:51.224044+09:00
Garage Sum,,,failed,False,2026-08-21T02:25:44.046093+09:00
Garage Summary,,,failed,False,2026-08-21T00:09:23.484193+09:00
Garage Tab,20.0,0.0,success,False,2026-08-21T00:28:32.365756+09:00
Garage Table,1900.0,100.0,success,False,2026-08-21T00:10:04.105660+09:00
Garage Tag,260.0,89.0,success,False,2026-08-21T00:08:43.301972+09:00
Garage Tally,,,failed,False,2026-08-21T00:27:53.671746+09:00
Garage Tariff,,,failed,False,2026-08-21T02:42:47.286881+09:00
Garage Tax,480.0,3.0,success,False,2026-08-21T02:09:00.837465+09:00
Garage Terminal,390.0,10.0,success,False,2026-08-21T00:12:01.439565+09:00
Garage Ticker,,,failed,False,2026-08-21T00:07:55.712848+09:00
Garage Ticket,90.0,5.0,success,False,2026-08-21T00:09:36.388404+09:00
Garage Timeline,,,failed,False,2026-08-21T00:09:26.936437+09:00
Garage Token,10.0,0.0,success,False,2026-08-23T13:26:57.143655+09:00
Garage Toll,,,failed,False,2026-08-21T02:42:41.863985+09:00
Garage Toolbox,590.0,100.0,success,False,2026-08-28T00:23:17.850587+09:00
Garage Tower,90.0,10.0,success,False,2026-08-21T00:07:19.615144+09:00
Garage Tracker,1000.0,18.0,success,False,2026-08-21T00:10:14.810334+09:00
Garage Trail,110.0,1.0,success,False,2026-08-21T00:05:39.660885+09:00
Garage Trend,70.0,11.0,success,False,2026-08-28T01:04:37.386068+09:00
Garage Trial,10.0,32.0,success,False,2026-08-27T21:18:10.943632+09:00
Garage Unit,1000.0,100.0,success,False,2026-08-21T01:51:15.763734+09:00
Garage Update,210.0,48.0,success,False,2026-08-21T00:09:09.007645+09:00
Garage Value,50.0,5.0,success,False,2026-08-23T02:57:30.156609+09:00
Garage Vault,30.0,6.0,success,False,2026-08-21T00:10:37.172281+09:00
Garage Version,390.0,10.0,success,False,2026-08-23T03:23:43.125766+09:00
Garage View,90.0,2.0,success,False,2026-08-21T00:08:50.298724+09:00
Garage Voucher,10.0,7.0,success,False,2026-08-21T00:27:24.500136+09:00
Garage Watch,720.0,18.0,success,False,2026-08-21T00:11:01.156571+09:00
Garage Wave,10.0,1.0,success,False,2026-08-21T00:11:12.755377+09:00
Garage Widget,,,failed,False,2026-08-27T23:10:09.258839+09:00
Garage Window,4400.0,100.0,success,False,2026-08-21T00:08:03.129328+09:00
Garage Worksheet,20.0,3.0,success,False,2026-08-27T22:13:56.258937+09:00
Garage Yard,110.0,0.0,success,False,2026-08-21T00:07:02.641295+09:00
Garage Zone,260.0,19.0,success,False,2026-08-19T23:13:53.160538+09:00
Garden Advisory,,,failed,False,2026-08-21T01:03:04.478545+09:00
Garden Alert,10.0,14.0,success,False,2026-08-21T00:07:05.249232+09:00
Garden Allowance,,,failed,False,2026-08-21T02:42:11.511377+09:00
Garden Analyzer,,,failed,False,2026-08-27T23:52:26.282518+09:00
Garden Announcement,,,failed,False,2026-08-27T23:31:58.292490+09:00
Garden Assistant,390.0,17.0,success,False,2026-08-21T00:05:39.660885+09:00
Garden Atlas,880.0,20.0,success,False,2026-08-21T00:05:23.895920+09:00
Garden Attribute,,,failed,False,2026-08-23T13:10:08.705068+09:00
Garden Base,320.0,100.0,success,False,2026-08-21T00:10:58.171885+09:00
Garden Bay,8100.0,4.0,success,False,2026-08-21T00:06:41.845552+09:00
Garden Beacon,10.0,19.0,success,False,2026-08-21T00:10:12.835483+09:00
Garden Bill,170.0,0.0,success,False,2026-08-21T00:09:11.987938+09:00
Garden Board,480.0,96.0,success,False,2026-08-21T00:11:09.626115+09:00
Garden Book,6600.0,100.0,success,False,2026-08-21T00:09:30.468859+09:00
Garden Booth,1600.0,90.0,success,False,2026-08-21T00:06:33.457247+09:00
Garden Bridge,8100.0,100.0,success,False,2026-08-21T00:10:20.448306+09:00
Garden Brief,,,failed,False,2026-08-21T01:02:09.128989+09:00
Garden Bulletin,,,failed,False,2026-08-21T01:02:06.881859+09:00
Garden Calendar,2900.0,99.0,success,False,2026-08-21T00:06:10.990572+09:00
Garden Card,480.0,77.0,success,False,2026-08-21T00:07:44.849905+09:00
Garden Cascade,70.0,74.0,success,False,2026-08-21T00:10:17.224400+09:00
Garden Cash,40.0,1.0,success,False,2026-08-21T02:25:13.538662+09:00
Garden Cashback,10.0,40.0,success,False,2026-08-27T21:17:47.451913+09:00
Garden Category,40.0,1.0,success,False,2026-08-23T13:10:08.705068+09:00
Garden Center,201000.0,14.0,success,False,2026-08-21T00:11:27.452285+09:00
Garden Chain,590.0,100.0,success,False,2026-08-21T00:12:04.000178+09:00
Garden Charge,50.0,17.0,success,False,2026-08-21T02:41:59.910977+09:00
Garden Chart,260.0,39.0,success,False,2026-08-21T00:07:07.636475+09:00
Garden Check,70.0,36.0,success,False,2026-08-21T00:07:51.744677+09:00
Garden Checker,70.0,36.0,success,False,2026-08-27T23:52:13.665480+09:00
Garden Circular,2400.0,12.0,success,False,2026-08-21T01:03:02.120644+09:00
Garden Code,720.0,0.0,success,False,2026-08-21T00:09:19.692750+09:00
Garden Confirmation,,,failed,False,2026-08-21T01:03:10.607434+09:00
Garden Console,40.0,100.0,success,False,2026-08-21T00:11:41.126262+09:00
Garden Core,480.0,8.0,success,False,2026-08-21T00:11:01.156571+09:00
Garden Cost,260.0,23.0,success,False,2026-08-21T02:08:03.839367+09:00
Garden Counter,90.0,84.0,success,False,2026-08-21T00:06:28.229778+09:00
Garden Coupon,140.0,5.0,success,False,2026-08-27T21:17:47.451913+09:00
Garden Deal,390.0,99.0,success,False,2026-08-21T01:50:28.240015+09:00
Garden Debt,,,failed,False,2026-08-21T02:25:03.924004+09:00
Garden Deck,6600.0,100.0,success,False,2026-08-21T00:11:12.755377+09:00
Garden Desk,480.0,88.0,success,False,2026-08-21T00:09:59.655575+09:00
Garden Detail,90.0,3.0,success,False,2026-08-23T03:23:25.330676+09:00
Garden Detector,,,failed,False,2026-08-27T23:52:22.402919+09:00
Garden Diagram,480.0,4.0,success,False,2026-08-27T22:13:31.267961+09:00
Garden Directory,110.0,4.0,success,False,2026-08-21T00:06:15.045348+09:00
Garden Discount,1300.0,39.0,success,False,2026-08-23T16:14:33.783950+09:00
Garden Dossier,,,failed,False,2026-08-21T01:03:15.171952+09:00
Garden Downpayment,,,failed,False,2026-08-27T21:49:06.270483+09:00
Garden Draft,10.0,85.0,success,False,2026-08-21T00:08:43.301972+09:00
Garden Duty,110.0,1.0,success,False,2026-08-21T02:42:06.283895+09:00
Garden Engine,70.0,25.0,success,False,2026-08-21T00:05:36.511484+09:00
Garden Entry,480.0,11.0,success,False,2026-08-21T01:03:27.651766+09:00
Garden Estimate,20.0,10.0,success,False,2026-08-21T00:09:02.871951+09:00
Garden Estimator,10.0,,success,False,2026-08-27T23:52:10.807826+09:00
Garden Excerpt,,,failed,False,2026-08-21T01:03:23.160959+09:00
Garden Fare,70.0,5.0,success,False,2026-08-21T02:08:11.666475+09:00
Garden Fee,50.0,10.0,success,False,2026-08-21T02:00:08.168331+09:00
Garden Feed,590.0,99.0,success,False,2026-08-21T00:08:39.923175+09:00
Garden File,590.0,1.0,success,False,2026-08-21T00:08:26.557259+09:00
Garden Fine,2900.0,43.0,success,False,2026-08-23T02:57:15.173266+09:00
Garden Flag,18100.0,100.0,success,False,2026-08-21T00:27:06.966469+09:00
Garden Flow,320.0,9.0,success,False,2026-08-21T00:09:53.180945+09:00
Garden Forge,20.0,7.0,success,False,2026-08-21T00:10:14.810334+09:00
Garden Form,480.0,85.0,success,False,2026-08-21T00:07:41.757493+09:00
Garden Format,480.0,85.0,success,False,2026-08-23T13:10:14.601516+09:00
Garden Frame,1900.0,100.0,success,False,2026-08-21T00:10:55.494824+09:00
Garden Fund,390.0,9.0,success,False,2026-08-21T02:25:09.393326+09:00
Garden Gate,60500.0,100.0,success,False,2026-08-19T23:13:53.160538+09:00
Garden Giveaway,70.0,48.0,success,False,2026-08-27T21:17:53.742550+09:00
Garden Grade,,,failed,False,2026-08-21T00:26:43.816315+09:00
Garden Grid,1000.0,100.0,success,False,2026-08-21T00:10:39.439345+09:00
Garden Guardian,720.0,1.0,success,False,2026-08-28T00:22:54.713063+09:00
Garden Helpdesk,,,failed,False,2026-08-27T22:51:25.477545+09:00
Garden Helper,1300.0,51.0,success,False,2026-08-28T00:23:00.112605+09:00
Garden History,480.0,15.0,success,False,2026-08-21T00:08:22.856324+09:00
Garden Hub,1000.0,21.0,success,False,2026-08-21T00:09:56.547234+09:00
Garden Identifier,260.0,24.0,success,False,2026-08-23T13:10:06.026404+09:00
Garden Inbox,,,failed,False,2026-08-21T00:07:02.641295+09:00
Garden Incentive,,,failed,False,2026-08-27T21:17:51.217476+09:00
Garden Index,140.0,0.0,success,False,2026-08-21T00:08:56.538180+09:00
Garden Installment,,,failed,False,2026-08-23T16:14:33.783950+09:00
Garden Item,2400.0,100.0,success,False,2026-08-21T01:50:02.348824+09:00
Garden Journal,8100.0,42.0,success,False,2026-08-21T00:06:05.500178+09:00
Garden Keeper,720.0,14.0,success,False,2026-08-21T00:05:26.838977+09:00
Garden Kit,4400.0,100.0,success,False,2026-08-27T22:51:13.312396+09:00
Garden Lab,1300.0,39.0,success,False,2026-08-21T00:11:18.069642+09:00
Garden Label,390.0,99.0,success,False,2026-08-27T22:13:20.966698+09:00
Garden Layout,18100.0,19.0,success,False,2026-08-27T22:29:26.032496+09:00
Garden Ledger,10.0,0.0,success,False,2026-08-21T00:11:04.008018+09:00
Garden Level,6600.0,82.0,success,False,2026-08-21T00:08:29.674648+09:00
Garden Line,2900.0,88.0,success,False,2026-08-21T00:07:19.615144+09:00
Garden Link,260.0,31.0,success,False,2026-08-23T03:23:19.130954+09:00
Garden List,210.0,13.0,success,False,2026-08-21T00:09:23.484193+09:00
Garden Loan,880.0,8.0,success,False,2026-08-21T02:08:23.223151+09:00
Garden Lobby,210.0,0.0,success,False,2026-08-21T00:07:13.344965+09:00
Garden Locator,,,failed,False,2026-08-21T00:06:19.535864+09:00
Garden Locker,320.0,100.0,success,False,2026-08-21T00:06:31.070365+09:00
Garden Log,880.0,99.0,success,False,2026-08-21T00:07:38.957051+09:00
Garden Loop,320.0,87.0,success,False,2026-08-21T00:10:34.597077+09:00
Garden Manager,390.0,1.0,success,False,2026-08-21T00:05:32.052210+09:00
Garden Manual,110.0,44.0,success,False,2026-08-27T22:13:24.343596+09:00
Garden Map,1600.0,2.0,success,False,2026-08-21T00:10:51.522547+09:00
Garden Memo,10.0,5.0,success,False,2026-08-21T00:26:49.726902+09:00
Garden Message,70.0,2.0,success,False,2026-08-27T23:16:56.229281+09:00
Garden Monitor,50.0,18.0,success,False,2026-08-21T00:05:49.318712+09:00
Garden Nexus,,,failed,False,2026-08-21T00:05:21.567045+09:00
Garden Note,210.0,10.0,success,False,2026-08-21T00:08:03.129328+09:00
Garden Notification,,,failed,False,2026-08-27T22:51:07.925641+09:00
Garden Number,390.0,10.0,success,False,2026-08-23T03:23:11.854221+09:00
Garden Office,22200.0,100.0,success,False,2026-08-21T00:06:22.845965+09:00
Garden Ops,260.0,0.0,success,False,2026-08-21T00:05:58.957091+09:00
Garden Order,70.0,74.0,success,False,2026-08-21T00:09:06.463923+09:00
Garden Outpost,30.0,2.0,success,False,2026-08-21T00:06:48.646021+09:00
Garden Overage,,,failed,False,2026-08-27T21:49:04.119579+09:00
Garden Overdue,,,failed,False,2026-08-27T21:48:57.191063+09:00
Garden Panel,3600.0,100.0,success,False,2026-08-21T00:11:44.764762+09:00
Garden Pass,210.0,3.0,success,False,2026-08-21T00:26:15.934316+09:00
Garden Passport,20.0,2.0,success,False,2026-08-21T00:07:10.102459+09:00
Garden Path,9900.0,97.0,success,False,2026-08-21T00:10:46.000113+09:00
Garden Payoff,,,failed,False,2026-08-27T21:48:59.482652+09:00
Garden Petition,20.0,69.0,success,False,2026-08-21T01:02:18.161248+09:00
Garden Plan,22200.0,49.0,success,False,2026-08-21T01:50:16.047866+09:00
Garden Planner,22200.0,49.0,success,False,2026-08-21T00:05:42.702163+09:00
Garden Playbook,,,failed,False,2026-08-21T00:06:02.924923+09:00
Garden Plaza,33100.0,4.0,success,False,2026-08-21T00:06:48.646021+09:00
Garden Point,9900.0,65.0,success,False,2026-08-21T00:10:48.719546+09:00
Garden Portal,170.0,19.0,success,False,2026-08-21T00:11:37.455869+09:00
Garden Post,2900.0,100.0,success,False,2026-08-21T00:06:45.845117+09:00
Garden Preview,70.0,4.0,success,False,2026-08-28T01:04:22.068071+09:00
Garden Profile,50.0,25.0,success,False,2026-08-21T00:08:09.199254+09:00
Garden Profit,70.0,7.0,success,False,2026-08-23T02:57:06.282457+09:00
Garden Quota,,,failed,False,2026-08-21T00:26:55.838634+09:00
Garden Radar,,,failed,False,2026-08-21T00:10:01.982446+09:00
Garden Rail,5400.0,100.0,success,False,2026-08-21T00:11:53.848385+09:00
Garden Rate,140.0,5.0,success,False,2026-08-21T00:08:32.112101+09:00
Garden Recap,10.0,0.0,success,False,2026-08-21T01:03:18.814008+09:00
Garden Receipt,,,failed,False,2026-08-21T00:09:15.337380+09:00
Garden Recorder,,,failed,False,2026-08-27T23:32:16.065535+09:00
Garden Register,50.0,0.0,success,False,2026-08-21T00:05:56.272120+09:00
Garden Relay,,,failed,False,2026-08-21T00:10:04.105660+09:00
Garden Reminder,10.0,100.0,success,False,2026-08-21T00:08:53.382830+09:00
Garden Report,140.0,0.0,success,False,2026-08-21T00:07:33.633888+09:00
Garden Ring,1300.0,100.0,success,False,2026-08-19T22:41:50.846543+09:00
Garden Roll,1000.0,46.0,success,False,2026-08-21T00:07:30.087170+09:00
Garden Roster,,,failed,False,2026-08-21T00:06:59.654665+09:00
Garden Route,27100.0,10.0,success,False,2026-08-21T00:11:51.224044+09:00
Garden Rule,320.0,63.0,success,False,2026-08-23T03:23:22.521378+09:00
Garden Sale,4400.0,100.0,success,False,2026-08-21T02:25:19.750628+09:00
Garden Sample,140.0,66.0,success,False,2026-08-21T00:09:38.850867+09:00
Garden Scale,18100.0,93.0,success,False,2026-08-21T00:11:47.014910+09:00
Garden Scanner,50.0,5.0,success,False,2026-08-27T23:52:16.469073+09:00
Garden Scope,70.0,41.0,success,False,2026-08-21T00:10:31.102119+09:00
Garden Score,90.0,0.0,success,False,2026-08-21T00:07:59.311862+09:00
Garden Sheet,1600.0,100.0,success,False,2026-08-21T00:07:47.780593+09:00
Garden Shortfall,,,failed,False,2026-08-27T21:49:08.437850+09:00
Garden Signal,10.0,0.0,success,False,2026-08-21T00:10:23.316441+09:00
Garden Slip,20.0,21.0,success,False,2026-08-21T00:09:36.388404+09:00
Garden Slot,14800.0,9.0,success,False,2026-08-21T00:09:42.716549+09:00
Garden Stake,27100.0,100.0,success,False,2026-08-23T02:57:10.108047+09:00
Garden Statement,30.0,6.0,success,False,2026-08-21T00:26:36.041366+09:00
Garden Station,2900.0,88.0,success,False,2026-08-21T00:11:21.339663+09:00
Garden Status,210.0,99.0,success,False,2026-08-21T00:08:12.228304+09:00
Garden Studio,27100.0,46.0,success,False,2026-08-21T00:11:15.329507+09:00
Garden Subsidy,,,failed,False,2026-08-23T15:51:39.388284+09:00
Garden Sum,,,failed,False,2026-08-21T02:25:01.097647+09:00
Garden Summary,10.0,0.0,success,False,2026-08-21T00:08:47.899784+09:00
Garden Tab,720.0,8.0,success,False,2026-08-21T00:27:15.534212+09:00
Garden Table,40500.0,100.0,success,False,2026-08-21T00:09:26.936437+09:00
Garden Tag,880.0,100.0,success,False,2026-08-21T00:08:06.282154+09:00
Garden Tally,,,failed,False,2026-08-21T00:26:39.162393+09:00
Garden Tariff,,,failed,False,2026-08-21T02:42:14.230561+09:00
Garden Tax,210.0,2.0,success,False,2026-08-21T02:08:15.230542+09:00
Garden Terminal,50.0,2.0,success,False,2026-08-21T00:11:23.626216+09:00
Garden Ticker,,,failed,False,2026-08-21T00:07:16.411531+09:00
Garden Ticket,390.0,12.0,success,False,2026-08-21T00:09:00.299581+09:00
Garden Tier,1600.0,47.0,success,False,2026-08-28T00:46:54.511345+09:00
Garden Timeline,50.0,39.0,success,False,2026-08-21T00:08:50.298724+09:00
Garden Timer,720.0,100.0,success,False,2026-08-28T00:22:49.083106+09:00
Garden Toll,40.0,100.0,success,False,2026-08-21T02:42:09.091272+09:00
Garden Toolbox,260.0,100.0,success,False,2026-08-28T00:22:57.445324+09:00
Garden Total,10.0,19.0,success,False,2026-08-27T23:17:00.312671+09:00
Garden Tower,40500.0,50.0,success,False,2026-08-21T00:06:55.425363+09:00
Garden Tracker,390.0,28.0,success,False,2026-08-21T00:09:46.713564+09:00
Garden Trail,1000.0,3.0,success,False,2026-08-21T00:12:01.439565+09:00
Garden Trial,40.0,4.0,success,False,2026-08-27T21:17:51.217476+09:00
Garden Unit,720.0,70.0,success,False,2026-08-21T01:50:44.435250+09:00
Garden Update,170.0,11.0,success,False,2026-08-21T00:08:35.535549+09:00
Garden Vault,110.0,41.0,success,False,2026-08-21T00:10:08.386733+09:00
Garden Version,10.0,0.0,success,False,2026-08-23T03:23:15.682212+09:00
Garden View,40500.0,3.0,success,False,2026-08-21T00:08:16.662845+09:00
Garden Watch,390.0,53.0,success,False,2026-08-21T00:10:27.698876+09:00
Garden Wave,40.0,1.0,success,False,2026-08-21T00:10:41.968767+09:00
Garden Widget,20.0,32.0,success,False,2026-08-27T23:17:02.463785+09:00
Garden Window,9900.0,100.0,success,False,2026-08-21T00:07:26.703840+09:00
Garden Worksheet,590.0,4.0,success,False,2026-08-27T22:13:27.898794+09:00
Garden Workshop,3600.0,100.0,success,False,2026-08-28T00:22:52.095414+09:00
Garden Yard,1300.0,21.0,success,False,2026-08-21T00:06:39.076451+09:00
Garden Zone,49500.0,6.0,success,False,2026-08-21T00:11:33.849438+09:00
Garment Advance,,,failed,False,2026-08-23T16:11:08.956491+09:00
Garment Advisory,,,failed,False,2026-08-21T01:07:59.313235+09:00
Garment Allowance,,,failed,False,2026-08-21T02:44:02.769477+09:00
Garment Almanac,,,failed,False,2026-08-18T23:51:10.058671+09:00
Garment Analyzer,,,failed,False,2026-08-27T23:52:05.723363+09:00
Garment Anchor,,,failed,False,2026-08-17T23:10:35.067749+09:00
Garment Announcement,,,failed,False,2026-08-27T23:32:33.346775+09:00
Garment Arrears,,,failed,False,2026-08-23T16:11:06.629164+09:00
Garment Assistant,,,failed,False,2026-08-17T23:11:13.383500+09:00
Garment Atlas,,,failed,False,2026-08-17T23:14:48.085579+09:00
Garment Attribute,,,failed,False,2026-08-23T13:09:39.563884+09:00
Garment Badge,,,failed,False,2026-08-21T00:32:24.105621+09:00
Garment Balance,10.0,5.0,success,False,2026-08-23T13:48:32.031008+09:00
Garment Base,,,failed,False,2026-08-17T23:10:15.371250+09:00
Garment Beacon,,,failed,False,2026-08-17T23:08:54.682716+09:00
Garment Bill,90.0,7.0,success,False,2026-08-19T21:55:20.954175+09:00
Garment Blueprint,,,failed,False,2026-08-18T23:51:10.058671+09:00
Garment Board,140.0,10.0,success,False,2026-08-17T23:26:24.551704+09:00
Garment Book,50.0,18.0,success,False,2026-08-19T21:56:11.493537+09:00
Garment Bridge,,,failed,False,2026-08-17T23:23:29.892589+09:00
Garment Brief,,,failed,False,2026-08-21T01:05:32.279989+09:00
Garment Bulletin,,,failed,False,2026-08-21T01:05:28.222738+09:00
Garment Cabinet,90.0,100.0,success,False,2026-08-27T23:10:34.837044+09:00
Garment Calculator,10.0,2.0,success,False,2026-08-27T23:32:33.346775+09:00
Garment Calendar,,,failed,False,2026-08-18T23:59:51.056306+09:00
Garment Card,90.0,15.0,success,False,2026-08-19T13:23:10.003028+09:00
Garment Cascade,,,failed,False,2026-08-17T23:03:34.150622+09:00
Garment Cash,,,failed,False,2026-08-21T02:28:46.160203+09:00
Garment Cashback,,,failed,False,2026-08-27T21:12:59.208111+09:00
Garment Catalog,90.0,9.0,success,False,2026-08-19T21:12:02.105513+09:00
Garment Category,90.0,0.0,success,False,2026-08-23T13:09:37.494287+09:00
Garment Center,8100.0,6.0,success,False,2026-08-17T23:27:09.313673+09:00
Garment Chain,20.0,3.0,success,False,2026-08-17T23:28:43.740452+09:00
Garment Charge,,,failed,False,2026-08-21T02:43:53.941468+09:00
Garment Check,110.0,1.0,success,False,2026-08-19T13:23:28.561494+09:00
Garment Checker,110.0,1.0,success,False,2026-08-27T23:51:57.345982+09:00
Garment Checklist,,,failed,False,2026-08-19T21:11:07.162763+09:00
Garment Circular,,,failed,False,2026-08-21T01:05:40.713486+09:00
Garment Cockpit,,,failed,False,2026-08-17T23:31:17.212800+09:00
Garment Code,70.0,0.0,success,False,2026-08-19T21:55:41.048712+09:00
Garment Codex,,,failed,False,2026-08-18T21:11:26.018001+09:00
Garment Companion,,,failed,False,2026-08-17T23:09:22.045461+09:00
Garment Comparison,,,failed,False,2026-08-28T01:02:54.819638+09:00
Garment Compass,,,failed,False,2026-08-17T23:33:15.463532+09:00
Garment Compendium,,,failed,False,2026-08-18T23:51:10.058671+09:00
Garment Confirmation,,,failed,False,2026-08-21T01:05:51.926035+09:00
Garment Console,,,failed,False,2026-08-17T23:15:05.132671+09:00
Garment Core,20.0,0.0,success,False,2026-08-17T23:26:10.639676+09:00
Garment Cost,320.0,7.0,success,False,2026-08-21T02:12:49.636286+09:00
Garment Count,,,failed,False,2026-08-27T22:45:00.824166+09:00
Garment Counter,50.0,1.0,success,False,2026-08-19T00:00:44.927785+09:00
Garment Coupon,590.0,23.0,success,False,2026-08-27T21:12:56.642443+09:00
Garment Dashboard,,,failed,False,2026-08-17T23:14:27.748058+09:00
Garment Deal,,,failed,False,2026-08-21T01:57:25.896991+09:00
Garment Debt,,,failed,False,2026-08-21T02:28:36.980709+09:00
Garment Deck,,,failed,False,2026-08-17T23:11:53.398319+09:00
Garment Depot,,,failed,False,2026-08-19T00:00:28.920086+09:00
Garment Desk,10.0,39.0,success,False,2026-08-17T23:32:52.026751+09:00
Garment Detail,210.0,0.0,success,False,2026-08-23T03:23:34.197835+09:00
Garment Detector,,,failed,False,2026-08-27T23:52:02.296949+09:00
Garment Diagram,,,failed,False,2026-08-27T22:07:14.755817+09:00
Garment Dial,,,failed,False,2026-08-17T23:09:57.644305+09:00
Garment Digest,,,failed,False,2026-08-19T20:41:10.828189+09:00
Garment Directory,10.0,2.0,success,False,2026-08-18T23:59:57.747609+09:00
Garment Discount,10.0,43.0,success,False,2026-08-23T16:17:12.971292+09:00
Garment Dock,,,failed,False,2026-08-17T23:11:32.053287+09:00
Garment Dossier,,,failed,False,2026-08-21T01:06:03.967646+09:00
Garment Draft,,,failed,False,2026-08-19T20:41:30.953351+09:00
Garment Due,,,failed,False,2026-08-23T15:53:08.210333+09:00
Garment Duty,,,failed,False,2026-08-21T02:43:57.292345+09:00
Garment Engine,,,failed,False,2026-08-17T23:30:08.040310+09:00
Garment Entry,,,failed,False,2026-08-21T01:06:16.364943+09:00
Garment Estimate,,,failed,False,2026-08-19T21:11:50.782037+09:00
Garment Estimator,,,failed,False,2026-08-27T23:51:54.683905+09:00
Garment Excerpt,,,failed,False,2026-08-21T01:06:12.457382+09:00
Garment Fare,,,failed,False,2026-08-21T02:12:59.494269+09:00
Garment Fee,,,failed,False,2026-08-21T01:57:08.672731+09:00
Garment Feed,,,failed,False,2026-08-19T20:41:20.028487+09:00
Garment Field,70.0,0.0,success,False,2026-08-23T13:09:42.107006+09:00
Garment File,,,failed,False,2026-08-19T20:40:32.306082+09:00
Garment Finder,,,failed,False,2026-08-19T00:00:18.530849+09:00
Garment Fine,,,failed,False,2026-08-23T02:57:55.201782+09:00
Garment Flag,,,failed,False,2026-08-21T00:33:03.712506+09:00
Garment Flow,,,failed,False,2026-08-17T23:05:21.665981+09:00
Garment Forge,,,failed,False,2026-08-17T23:33:31.331574+09:00
Garment Form,40.0,23.0,success,False,2026-08-19T13:22:55.768758+09:00
Garment Format,,,failed,False,2026-08-23T13:09:44.174186+09:00
Garment Frame,10.0,82.0,success,False,2026-08-17T23:25:55.806145+09:00
Garment Fund,,,failed,False,2026-08-21T02:28:40.448172+09:00
Garment Gate,,,failed,False,2026-08-17T23:07:52.950180+09:00
Garment Giveaway,,,failed,False,2026-08-27T21:13:04.814179+09:00
Garment Grade,,,failed,False,2026-08-21T00:32:47.883810+09:00
Garment Grid,140.0,2.0,success,False,2026-08-17T23:24:26.895595+09:00
Garment Guarantee,,,failed,False,2026-08-28T01:03:01.405243+09:00
Garment Guard,210.0,9.0,success,False,2026-08-17T23:32:11.092346+09:00
Garment Guardian,,,failed,False,2026-08-28T00:22:15.974518+09:00
Garment Guidebook,,,failed,False,2026-08-18T23:51:10.058671+09:00
Garment Helpdesk,,,failed,False,2026-08-27T22:45:05.269508+09:00
Garment Helper,50.0,0.0,success,False,2026-08-28T00:22:21.008845+09:00
Garment History,2400.0,5.0,success,False,2026-08-19T20:40:26.363458+09:00
Garment Hotline,,,failed,False,2026-08-19T21:12:15.731161+09:00
Garment Hub,480.0,2.0,success,False,2026-08-17T23:32:40.699548+09:00
Garment Identifier,,,failed,False,2026-08-23T13:09:35.316031+09:00
Garment Incentive,,,failed,False,2026-08-27T21:13:04.814179+09:00
Garment Index,,,failed,False,2026-08-19T21:11:17.911454+09:00
Garment Insight,,,failed,False,2026-08-17T23:30:52.147668+09:00
Garment Installment,,,failed,False,2026-08-23T16:17:15.012584+09:00
Garment Item,590.0,12.0,success,False,2026-08-21T01:57:13.280090+09:00
Garment Journal,,,failed,False,2026-08-18T23:51:10.058671+09:00
Garment Keeper,10.0,80.0,success,False,2026-08-17T23:09:36.803243+09:00
Garment Kit,50.0,80.0,success,False,2026-08-27T22:44:52.843533+09:00
Garment Lab,390.0,3.0,success,False,2026-08-17T23:06:29.811396+09:00
Garment Label,1000.0,59.0,success,False,2026-08-27T22:07:05.837486+09:00
Garment Ledger,,,failed,False,2026-08-17T23:04:36.399044+09:00
Garment Lens,,,failed,False,2026-08-17T23:15:25.442488+09:00
Garment Level,,,failed,False,2026-08-19T20:40:40.887904+09:00
Garment Link,10.0,0.0,success,False,2026-08-23T03:23:29.114948+09:00
Garment List,210.0,0.0,success,False,2026-08-19T21:55:49.933305+09:00
Garment Loan,30.0,38.0,success,False,2026-08-21T02:13:04.369688+09:00
Garment Locator,,,failed,False,2026-08-19T00:00:08.120656+09:00
Garment Lock,170.0,55.0,success,False,2026-08-17T23:08:34.451093+09:00
Garment Log,,,failed,False,2026-08-19T13:22:09.591180+09:00
Garment Loop,20.0,3.0,success,False,2026-08-17T23:12:11.666158+09:00
Garment Manager,30.0,10.0,success,False,2026-08-17T23:29:51.250400+09:00
Garment Manual,,,failed,False,2026-08-27T22:07:09.283408+09:00
Garment Map,20.0,0.0,success,False,2026-08-17T23:25:39.196440+09:00
Garment Margin,,,failed,False,2026-08-23T02:57:53.053705+09:00
Garment Markup,,,failed,False,2026-08-23T16:37:01.033816+09:00
Garment Memo,,,failed,False,2026-08-21T00:32:52.523477+09:00
Garment Message,,,failed,False,2026-08-27T23:10:31.050648+09:00
Garment Meter,,,failed,False,2026-08-17T23:27:53.024871+09:00
Garment Metrics,,,failed,False,2026-08-17T23:07:35.240679+09:00
Garment Monitor,,,failed,False,2026-08-17T23:12:51.339052+09:00
Garment Navigator,,,failed,False,2026-08-17T23:31:33.228756+09:00
Garment Nexus,,,failed,False,2026-08-17T23:29:16.727834+09:00
Garment Node,,,failed,False,2026-08-17T23:29:01.871676+09:00
Garment Note,,,failed,False,2026-08-19T13:24:10.018965+09:00
Garment Notification,,,failed,False,2026-08-27T22:44:52.843533+09:00
Garment Number,30.0,0.0,success,False,2026-08-23T03:23:25.330676+09:00
Garment Office,140.0,8.0,success,False,2026-08-19T00:00:34.964613+09:00
Garment Ops,,,failed,False,2026-08-17T23:03:39.400104+09:00
Garment Order,210.0,6.0,success,False,2026-08-19T21:55:12.102159+09:00
Garment Organizer,260.0,100.0,success,False,2026-08-17T23:30:36.598618+09:00
Garment Overdraft,,,failed,False,2026-08-23T15:53:08.210333+09:00
Garment Overdue,,,failed,False,2026-08-27T21:45:59.200970+09:00
Garment Panel,320.0,8.0,success,False,2026-08-17T23:27:41.420797+09:00
Garment Pass,,,failed,False,2026-08-21T00:32:13.850788+09:00
Garment Path,,,failed,False,2026-08-17T23:13:49.973223+09:00
Garment Petition,,,failed,False,2026-08-21T01:05:53.776527+09:00
Garment Pilot,,,failed,False,2026-08-17T23:12:30.403803+09:00
Garment Plan,,,failed,False,2026-08-21T01:57:21.062358+09:00
Garment Planner,,,failed,False,2026-08-17T23:30:24.350682+09:00
Garment Playbook,,,failed,False,2026-08-18T23:51:10.058671+09:00
Garment Point,30.0,0.0,success,False,2026-08-17T23:25:05.910381+09:00
Garment Portal,,,failed,False,2026-08-17T23:27:23.938977+09:00
Garment Preview,,,failed,False,2026-08-28T01:02:58.141304+09:00
Garment Profile,40.0,2.0,success,False,2026-08-19T13:24:45.773598+09:00
Garment Profit,,,failed,False,2026-08-23T02:57:47.800883+09:00
Garment Proposal,,,failed,False,2026-08-28T01:02:58.141304+09:00
Garment Pulse,,,failed,False,2026-08-17T23:06:48.111245+09:00
Garment Queue,,,failed,False,2026-08-19T21:11:39.725993+09:00
Garment Quota,10.0,,success,False,2026-08-21T00:32:57.061306+09:00
Garment Radar,,,failed,False,2026-08-17T23:07:13.674847+09:00
Garment Rail,720.0,100.0,success,False,2026-08-17T23:28:22.691550+09:00
Garment Rate,,,failed,False,2026-08-19T20:40:49.478840+09:00
Garment Recap,,,failed,False,2026-08-21T01:06:09.386639+09:00
Garment Receipt,,,failed,False,2026-08-19T21:55:28.451912+09:00
Garment Recorder,,,failed,False,2026-08-27T23:32:40.029337+09:00
Garment Redemption,,,failed,False,2026-08-23T16:37:04.042408+09:00
Garment Register,,,failed,False,2026-08-17T23:31:48.177682+09:00
Garment Registry,,,failed,False,2026-08-18T23:51:10.058671+09:00
Garment Relay,,,failed,False,2026-08-17T23:33:04.806706+09:00
Garment Reminder,,,failed,False,2026-08-19T21:10:55.875332+09:00
Garment Report,20.0,0.0,success,False,2026-08-19T13:21:55.310171+09:00
Garment Roadmap,,,failed,False,2026-08-18T22:02:38.118746+09:00
Garment Roster,,,failed,False,2026-08-19T00:38:15.765840+09:00
Garment Route,,,failed,False,2026-08-17T23:28:06.508675+09:00
Garment Rule,10.0,,success,False,2026-08-23T03:23:31.641874+09:00
Garment Sale,320.0,41.0,success,False,2026-08-21T02:28:50.660826+09:00
Garment Sample,390.0,3.0,success,False,2026-08-19T21:56:37.173014+09:00
Garment Scale,20.0,85.0,success,False,2026-08-17T23:04:17.256447+09:00
Garment Scanner,10.0,0.0,success,False,2026-08-27T23:51:57.345982+09:00
Garment Scheduler,,,failed,False,2026-08-17T23:05:44.417197+09:00
Garment Scope,,,failed,False,2026-08-17T23:24:03.266981+09:00
Garment Score,,,failed,False,2026-08-19T13:23:46.954730+09:00
Garment Sentry,10.0,,success,False,2026-08-17T23:29:37.041815+09:00
Garment Sheet,30.0,10.0,success,False,2026-08-19T13:23:19.735168+09:00
Garment Signal,,,failed,False,2026-08-17T23:23:45.943375+09:00
Garment Slip,4400.0,57.0,success,False,2026-08-19T21:56:23.940159+09:00
Garment Slot,,,failed,False,2026-08-19T21:56:48.069412+09:00
Garment Snapshot,,,failed,False,2026-08-18T23:51:10.058671+09:00
Garment Stage,320.0,38.0,success,False,2026-08-28T00:46:09.802311+09:00
Garment Statement,,,failed,False,2026-08-21T00:32:38.054061+09:00
Garment Station,1000.0,2.0,success,False,2026-08-17T23:26:55.594772+09:00
Garment Status,10.0,0.0,success,False,2026-08-19T20:40:06.734480+09:00
Garment Stub,,,failed,False,2026-08-21T00:32:31.934653+09:00
Garment Studio,320.0,9.0,success,False,2026-08-17T23:26:38.652949+09:00
Garment Subsidy,,,failed,False,2026-08-23T15:53:08.210333+09:00
Garment Suite,,,failed,False,2026-08-17T23:03:58.711434+09:00
Garment Sum,,,failed,False,2026-08-21T02:28:36.980709+09:00
Garment Summary,,,failed,False,2026-08-19T21:10:33.360879+09:00
Garment Surtax,,,failed,False,2026-08-23T15:53:10.362751+09:00
Garment Sync,,,failed,False,2026-08-17T23:32:25.255075+09:00
Garment Tab,,,failed,False,2026-08-21T00:33:08.035106+09:00
Garment Table,140.0,47.0,success,False,2026-08-19T21:56:01.385775+09:00
Garment Tag,18100.0,100.0,success,False,2026-08-19T13:24:22.197081+09:00
Garment Tally,,,failed,False,2026-08-21T00:32:43.028189+09:00
Garment Tariff,,,failed,False,2026-08-21T02:44:04.894763+09:00
Garment Tax,50.0,0.0,success,False,2026-08-21T02:13:04.369688+09:00
Garment Ticket,10.0,74.0,success,False,2026-08-19T21:11:27.369189+09:00
Garment Tier,,,failed,False,2026-08-28T00:46:12.619703+09:00
Garment Timeline,,,failed,False,2026-08-19T21:10:42.484655+09:00
Garment Timer,,,failed,False,2026-08-28T00:22:09.034750+09:00
Garment Toll,,,failed,False,2026-08-21T02:43:59.643244+09:00
Garment Toolbox,,,failed,False,2026-08-28T00:22:18.393624+09:00
Garment Toolkit,,,failed,False,2026-08-18T23:51:10.058671+09:00
Garment Total,,,failed,False,2026-08-27T23:10:31.050648+09:00
Garment Tracker,50.0,58.0,success,False,2026-08-17T23:10:55.434729+09:00
Garment Trail,10.0,0.0,success,False,2026-08-17T23:06:06.115551+09:00
Garment Trend,5400.0,67.0,success,False,2026-08-28T01:02:54.819638+09:00
Garment Trial,,,failed,False,2026-08-27T21:13:01.722363+09:00
Garment Unit,140.0,7.0,success,False,2026-08-21T01:57:17.630744+09:00
Garment Update,10.0,0.0,success,False,2026-08-19T20:41:00.818648+09:00
Garment Value,,,failed,False,2026-08-23T02:57:47.800883+09:00
Garment Vault,1000.0,61.0,success,False,2026-08-17T23:14:10.961193+09:00
Garment Version,,,failed,False,2026-08-23T03:23:29.114948+09:00
Garment View,,,failed,False,2026-08-19T20:40:17.061535+09:00
Garment Voucher,,,failed,False,2026-08-21T00:32:18.028421+09:00
Garment Watch,1000000.0,100.0,success,False,2026-08-17T23:04:56.078956+09:00
Garment Wave,,,failed,False,2026-08-17T23:24:49.201687+09:00
Garment Widget,,,failed,False,2026-08-27T23:10:34.837044+09:00
Garment Workbench,,,failed,False,2026-08-18T23:51:10.058671+09:00
Garment Worksheet,20.0,0.0,success,False,2026-08-27T22:07:09.283408+09:00
Garment Workshop,3600.0,99.0,success,False,2026-08-28T00:22:11.514597+09:00
Garment Zone,480.0,2.0,success,False,2026-08-17T23:08:13.716761+09:00
Garnishment Advance,,,failed,False,2026-08-23T16:13:14.533515+09:00
Garnishment Advisory,,,failed,False,2026-08-21T01:26:37.625507+09:00
Garnishment Alert,,,failed,False,2026-08-21T01:22:07.036293+09:00
Garnishment Allowance,,,failed,False,2026-08-21T02:42:09.091272+09:00
Garnishment Analyzer,,,failed,False,2026-08-27T23:58:48.183628+09:00
Garnishment Arrears,,,failed,False,2026-08-23T16:13:10.832744+09:00
Garnishment Assistant,,,failed,False,2026-08-21T01:19:45.031880+09:00
Garnishment Atlas,,,failed,False,2026-08-21T01:19:25.139986+09:00
Garnishment Attribute,,,failed,False,2026-08-23T13:09:42.107006+09:00
Garnishment Badge,,,failed,False,2026-08-21T01:25:58.145790+09:00
Garnishment Balance,20.0,14.0,success,False,2026-08-23T13:45:43.063828+09:00
Garnishment Base,,,failed,False,2026-08-21T01:17:33.437690+09:00
Garnishment Bay,,,failed,False,2026-08-21T01:21:27.496774+09:00
Garnishment Beacon,,,failed,False,2026-08-21T01:16:18.467523+09:00
Garnishment Bill,,,failed,False,2026-08-21T01:25:03.878404+09:00
Garnishment Bin,,,failed,False,2026-08-21T01:22:23.798217+09:00
Garnishment Board,,,failed,False,2026-08-21T01:17:46.814722+09:00
Garnishment Booth,,,failed,False,2026-08-21T01:23:16.298800+09:00
Garnishment Bridge,,,failed,False,2026-08-21T01:16:36.813672+09:00
Garnishment Brief,,,failed,False,2026-08-21T01:26:29.214274+09:00
Garnishment Bulletin,,,failed,False,2026-08-21T01:26:22.503532+09:00
Garnishment Cabinet,,,failed,False,2026-08-27T23:15:13.027326+09:00
Garnishment Calculator,480.0,1.0,success,False,2026-08-27T23:36:17.600549+09:00
Garnishment Card,,,failed,False,2026-08-21T01:23:35.707284+09:00
Garnishment Cascade,,,failed,False,2026-08-21T01:16:28.829039+09:00
Garnishment Cash,,,failed,False,2026-08-21T02:25:31.969034+09:00
Garnishment Category,,,failed,False,2026-08-23T13:09:39.563884+09:00
Garnishment Center,,,failed,False,2026-08-21T01:18:16.729979+09:00
Garnishment Chain,,,failed,False,2026-08-21T01:19:03.432303+09:00
Garnishment Charge,,,failed,False,2026-08-21T02:41:56.534428+09:00
Garnishment Chart,,,failed,False,2026-08-21T01:22:16.671736+09:00
Garnishment Check,480.0,6.0,success,False,2026-08-21T01:23:35.707284+09:00
Garnishment Checker,,,failed,False,2026-08-27T23:58:43.283075+09:00
Garnishment Circular,,,failed,False,2026-08-21T01:26:31.620928+09:00
Garnishment Code,,,failed,False,2026-08-21T01:25:04.622255+09:00
Garnishment Companion,,,failed,False,2026-08-21T01:21:07.466451+09:00
Garnishment Comparison,,,failed,False,2026-08-28T01:01:42.257433+09:00
Garnishment Compass,,,failed,False,2026-08-21T01:16:13.958396+09:00
Garnishment Confirmation,,,failed,False,2026-08-21T01:15:16.012738+09:00
Garnishment Console,,,failed,False,2026-08-21T01:18:33.036529+09:00
Garnishment Contribution,,,failed,False,2026-08-23T16:13:08.662730+09:00
Garnishment Core,,,failed,False,2026-08-21T01:17:38.451621+09:00
Garnishment Cost,,,failed,False,2026-08-21T02:08:44.609671+09:00
Garnishment Count,,,failed,False,2026-08-27T22:49:29.573658+09:00
Garnishment Counter,,,failed,False,2026-08-21T01:21:00.134067+09:00
Garnishment Deal,,,failed,False,2026-08-21T01:51:27.074379+09:00
Garnishment Debt,,,failed,False,2026-08-21T02:25:24.803683+09:00
Garnishment Deck,,,failed,False,2026-08-21T01:17:52.131047+09:00
Garnishment Desk,,,failed,False,2026-08-21T01:15:49.368632+09:00
Garnishment Detail,,,failed,False,2026-08-23T03:22:53.557175+09:00
Garnishment Detector,,,failed,False,2026-08-27T23:58:45.722079+09:00
Garnishment Diagram,,,failed,False,2026-08-27T22:11:07.504968+09:00
Garnishment Directory,,,failed,False,2026-08-21T01:20:39.645097+09:00
Garnishment Discount,,,failed,False,2026-08-23T16:13:03.003819+09:00
Garnishment Downpayment,,,failed,False,2026-08-27T21:47:29.918815+09:00
Garnishment Draft,,,failed,False,2026-08-21T01:24:42.065324+09:00
Garnishment Due,,,failed,False,2026-08-23T15:51:03.649898+09:00
Garnishment Duty,,,failed,False,2026-08-21T02:41:59.910977+09:00
Garnishment Endowment,,,failed,False,2026-08-23T15:51:09.680113+09:00
Garnishment Engine,,,failed,False,2026-08-21T01:19:38.759789+09:00
Garnishment Entry,,,failed,False,2026-08-21T01:15:30.378271+09:00
Garnishment Estimate,,,failed,False,2026-08-21T01:24:51.973946+09:00
Garnishment Estimator,,,failed,False,2026-08-27T23:58:38.877794+09:00
Garnishment Extension,,,failed,False,2026-08-23T16:38:31.502720+09:00
Garnishment Fare,,,failed,False,2026-08-21T02:08:52.269018+09:00
Garnishment Fee,140.0,0.0,success,False,2026-08-21T01:51:12.846846+09:00
Garnishment Feed,,,failed,False,2026-08-21T01:24:42.065324+09:00
Garnishment Field,,,failed,False,2026-08-23T13:09:44.174186+09:00
Garnishment File,,,failed,False,2026-08-21T01:24:42.065324+09:00
Garnishment Fine,,,failed,False,2026-08-23T02:57:04.274468+09:00
Garnishment Flow,,,failed,False,2026-08-21T01:15:40.132892+09:00
Garnishment Forge,,,failed,False,2026-08-21T01:16:22.039842+09:00
Garnishment Form,110.0,4.0,success,False,2026-08-21T01:23:05.026470+09:00
Garnishment Format,,,failed,False,2026-08-23T13:09:46.403136+09:00
Garnishment Frame,,,failed,False,2026-08-21T01:17:27.975074+09:00
Garnishment Fund,,,failed,False,2026-08-21T02:25:28.596275+09:00
Garnishment Gate,,,failed,False,2026-08-21T01:19:12.546892+09:00
Garnishment Graph,,,failed,False,2026-08-27T22:10:56.558080+09:00
Garnishment Grid,,,failed,False,2026-08-21T01:16:58.879155+09:00
Garnishment Guarantee,,,failed,False,2026-08-28T01:01:48.581211+09:00
Garnishment Guardian,,,failed,False,2026-08-28T00:27:23.571229+09:00
Garnishment Helpdesk,,,failed,False,2026-08-27T22:49:29.573658+09:00
Garnishment Helper,,,failed,False,2026-08-28T00:27:27.697084+09:00
Garnishment History,,,failed,False,2026-08-21T01:23:50.887102+09:00
Garnishment Hub,,,failed,False,2026-08-21T01:15:46.981049+09:00
Garnishment Identifier,,,failed,False,2026-08-23T13:09:39.563884+09:00
Garnishment Inbox,,,failed,False,2026-08-21T01:22:03.238360+09:00
Garnishment Index,,,failed,False,2026-08-21T01:24:49.055361+09:00
Garnishment Installment,,,failed,False,2026-08-23T16:13:06.452746+09:00
Garnishment Item,,,failed,False,2026-08-21T01:51:26.021065+09:00
Garnishment Journal,,,failed,False,2026-08-21T01:20:23.926123+09:00
Garnishment Keeper,,,failed,False,2026-08-21T01:19:29.603335+09:00
Garnishment Lab,,,failed,False,2026-08-21T01:17:59.788687+09:00
Garnishment Label,,,failed,False,2026-08-27T22:10:59.501612+09:00
Garnishment Ledger,,,failed,False,2026-08-21T01:35:17.900497+09:00
Garnishment Level,,,failed,False,2026-08-21T01:24:42.065324+09:00
Garnishment Line,,,failed,False,2026-08-21T01:22:41.888615+09:00
Garnishment Link,,,failed,False,2026-08-23T03:22:45.099275+09:00
Garnishment List,,,failed,False,2026-08-21T01:25:14.873207+09:00
Garnishment Loan,,,failed,False,2026-08-21T02:09:00.837465+09:00
Garnishment Lobby,,,failed,False,2026-08-21T01:22:31.268942+09:00
Garnishment Locator,,,failed,False,2026-08-21T01:20:45.332631+09:00
Garnishment Locker,,,failed,False,2026-08-21T01:21:06.488842+09:00
Garnishment Log,,,failed,False,2026-08-21T01:22:59.410874+09:00
Garnishment Loop,,,failed,False,2026-08-21T01:16:53.151150+09:00
Garnishment Manager,,,failed,False,2026-08-21T01:19:32.138069+09:00
Garnishment Manual,,,failed,False,2026-08-27T22:11:01.897181+09:00
Garnishment Map,,,failed,False,2026-08-21T01:17:21.753159+09:00
Garnishment Margin,,,failed,False,2026-08-23T02:57:01.992920+09:00
Garnishment Memo,,,failed,False,2026-08-21T01:26:12.180385+09:00
Garnishment Message,,,failed,False,2026-08-27T23:15:07.984003+09:00
Garnishment Monitor,,,failed,False,2026-08-21T01:19:57.563871+09:00
Garnishment Nexus,,,failed,False,2026-08-21T01:19:18.289018+09:00
Garnishment Note,,,failed,False,2026-08-21T01:23:35.707284+09:00
Garnishment Notification,50.0,4.0,success,False,2026-08-27T22:49:17.563475+09:00
Garnishment Number,40.0,25.0,success,False,2026-08-23T03:22:34.004366+09:00
Garnishment Office,10.0,2.0,success,False,2026-08-21T01:20:54.963946+09:00
Garnishment Ops,,,failed,False,2026-08-21T01:20:11.987698+09:00
Garnishment Order,880.0,1.0,success,False,2026-08-21T01:25:01.384940+09:00
Garnishment Outpost,,,failed,False,2026-08-21T01:21:39.012967+09:00
Garnishment Overage,,,failed,False,2026-08-27T21:47:27.442070+09:00
Garnishment Overdraft,,,failed,False,2026-08-23T15:51:05.565275+09:00
Garnishment Overdue,,,failed,False,2026-08-27T21:47:24.586892+09:00
Garnishment Panel,,,failed,False,2026-08-21T01:18:37.282523+09:00
Garnishment Pass,,,failed,False,2026-08-21T01:25:38.275036+09:00
Garnishment Passport,,,failed,False,2026-08-21T01:22:29.239348+09:00
Garnishment Path,,,failed,False,2026-08-21T01:17:10.053741+09:00
Garnishment Payoff,,,failed,False,2026-08-27T21:47:24.586892+09:00
Garnishment Penalty,,,failed,False,2026-08-23T16:38:24.543370+09:00
Garnishment Petition,10.0,0.0,success,False,2026-08-21T01:26:44.593664+09:00
Garnishment Plan,,,failed,False,2026-08-21T01:51:32.906314+09:00
Garnishment Planner,,,failed,False,2026-08-21T01:19:47.370775+09:00
Garnishment Playbook,,,failed,False,2026-08-21T01:20:20.986675+09:00
Garnishment Point,,,failed,False,2026-08-21T01:17:18.123686+09:00
Garnishment Portal,,,failed,False,2026-08-21T01:18:26.670234+09:00
Garnishment Preview,,,failed,False,2026-08-28T01:01:42.257433+09:00
Garnishment Profile,,,failed,False,2026-08-21T01:23:45.473669+09:00
Garnishment Profit,,,failed,False,2026-08-23T02:56:45.800075+09:00
Garnishment Quota,,,failed,False,2026-08-21T01:26:13.869304+09:00
Garnishment Radar,,,failed,False,2026-08-21T01:15:55.134469+09:00
Garnishment Rail,,,failed,False,2026-08-21T01:18:54.031046+09:00
Garnishment Rate,,,failed,False,2026-08-21T01:24:42.065324+09:00
Garnishment Recap,,,failed,False,2026-08-21T01:15:26.988997+09:00
Garnishment Receipt,,,failed,False,2026-08-21T01:25:07.930638+09:00
Garnishment Recorder,,,failed,False,2026-08-27T23:36:23.122509+09:00
Garnishment Redemption,,,failed,False,2026-08-23T16:38:29.056767+09:00
Garnishment Register,,,failed,False,2026-08-21T01:20:05.793508+09:00
Garnishment Relay,,,failed,False,2026-08-21T01:16:00.251742+09:00
Garnishment Reminder,,,failed,False,2026-08-21T01:24:44.835275+09:00
Garnishment Report,,,failed,False,2026-08-21T01:22:57.277421+09:00
Garnishment Repository,,,failed,False,2026-08-27T23:15:15.489365+09:00
Garnishment Result,,,failed,False,2026-08-28T00:49:09.988603+09:00
Garnishment Ring,,,failed,False,2026-08-21T01:19:09.689487+09:00
Garnishment Roll,,,failed,False,2026-08-21T01:22:51.659146+09:00
Garnishment Roster,,,failed,False,2026-08-21T01:21:58.894123+09:00
Garnishment Route,,,failed,False,2026-08-21T01:18:44.582130+09:00
Garnishment Rule,40.0,6.0,success,False,2026-08-23T03:22:48.132111+09:00
Garnishment Sale,,,failed,False,2026-08-21T02:25:35.476201+09:00
Garnishment Sample,,,failed,False,2026-08-21T01:25:29.935757+09:00
Garnishment Scale,,,failed,False,2026-08-21T01:18:41.534623+09:00
Garnishment Scanner,,,failed,False,2026-08-27T23:58:45.722079+09:00
Garnishment Scope,,,failed,False,2026-08-21T01:16:49.260472+09:00
Garnishment Score,,,failed,False,2026-08-21T01:23:35.707284+09:00
Garnishment Sheet,,,failed,False,2026-08-21T01:23:35.707284+09:00
Garnishment Shelf,,,failed,False,2026-08-21T01:21:56.081167+09:00
Garnishment Shortfall,,,failed,False,2026-08-27T21:47:32.265892+09:00
Garnishment Signal,,,failed,False,2026-08-21T01:16:40.172400+09:00
Garnishment Signature,,,failed,False,2026-08-23T13:26:15.190614+09:00
Garnishment Slip,,,failed,False,2026-08-21T01:25:40.979194+09:00
Garnishment Slot,,,failed,False,2026-08-21T01:25:49.214024+09:00
Garnishment Stage,,,failed,False,2026-08-28T00:49:05.838031+09:00
Garnishment Stake,,,failed,False,2026-08-23T02:56:53.736848+09:00
Garnishment Statement,,,failed,False,2026-08-21T01:26:08.809687+09:00
Garnishment Station,,,failed,False,2026-08-21T01:18:06.021081+09:00
Garnishment Status,10.0,9.0,success,False,2026-08-21T01:23:47.982205+09:00
Garnishment Stub,,,failed,False,2026-08-21T01:26:01.379135+09:00
Garnishment Studio,,,failed,False,2026-08-21T01:17:54.187315+09:00
Garnishment Subsidy,,,failed,False,2026-08-23T15:51:07.589062+09:00
Garnishment Sum,,,failed,False,2026-08-21T02:25:13.538662+09:00
Garnishment Summary,,,failed,False,2026-08-21T01:24:42.065324+09:00
Garnishment Surtax,,,failed,False,2026-08-23T15:51:11.788135+09:00
Garnishment Tab,,,failed,False,2026-08-21T01:26:19.673494+09:00
Garnishment Table,,,failed,False,2026-08-21T01:25:37.604117+09:00
Garnishment Tag,,,failed,False,2026-08-21T01:23:39.665157+09:00
Garnishment Tariff,,,failed,False,2026-08-21T02:42:11.511377+09:00
Garnishment Tax,390.0,24.0,success,False,2026-08-21T02:08:56.102085+09:00
Garnishment Terminal,,,failed,False,2026-08-21T01:18:10.686176+09:00
Garnishment Ticker,,,failed,False,2026-08-21T01:22:36.440068+09:00
Garnishment Ticket,,,failed,False,2026-08-21T01:24:52.705656+09:00
Garnishment Timeline,,,failed,False,2026-08-21T01:24:42.065324+09:00
Garnishment Timer,,,failed,False,2026-08-28T00:27:21.214223+09:00
Garnishment Toll,,,failed,False,2026-08-21T02:42:02.551252+09:00
Garnishment Toolbox,,,failed,False,2026-08-28T00:27:23.571229+09:00
Garnishment Total,,,failed,False,2026-08-27T23:15:10.643747+09:00
Garnishment Tower,,,failed,False,2026-08-21T01:21:51.595086+09:00
Garnishment Tracker,,,failed,False,2026-08-21T01:15:35.859983+09:00
Garnishment Trail,,,failed,False,2026-08-21T01:19:00.586921+09:00
Garnishment Trend,,,failed,False,2026-08-28T01:01:39.377915+09:00
Garnishment Trial,,,failed,False,2026-08-27T21:16:19.259868+09:00
Garnishment Unit,,,failed,False,2026-08-21T01:51:29.207159+09:00
Garnishment Update,,,failed,False,2026-08-21T01:24:42.065324+09:00
Garnishment Value,,,failed,False,2026-08-23T02:56:50.179026+09:00
Garnishment Vault,,,failed,False,2026-08-21T01:16:06.736603+09:00
Garnishment Version,,,failed,False,2026-08-23T03:22:39.014022+09:00
Garnishment View,,,failed,False,2026-08-21T01:23:52.904904+09:00
Garnishment Voucher,,,failed,False,2026-08-21T01:25:43.368101+09:00
Garnishment Watch,,,failed,False,2026-08-21T01:16:44.690020+09:00
Garnishment Wave,,,failed,False,2026-08-21T01:17:06.015996+09:00
Garnishment Widget,,,failed,False,2026-08-27T23:15:13.027326+09:00
Garnishment Window,,,failed,False,2026-08-21T01:22:46.544366+09:00
Garnishment Worksheet,40.0,0.0,success,False,2026-08-27T22:11:05.293773+09:00
Garnishment Yard,,,failed,False,2026-08-21T01:21:24.061904+09:00
Garnishment Zone,,,failed,False,2026-08-21T01:18:21.129763+09:00
Gate Advance,110.0,1.0,success,False,2026-08-23T16:13:26.521734+09:00
Gate Advisory,10.0,0.0,success,False,2026-08-21T01:02:14.395969+09:00
Gate Alert,30.0,100.0,success,False,2026-08-21T00:46:35.033553+09:00
Gate Allowance,,,failed,False,2026-08-21T02:40:18.502872+09:00
Gate Analyzer,10.0,0.0,success,False,2026-08-27T23:51:15.530091+09:00
Gate Announcement,260.0,1.0,success,False,2026-08-27T23:37:06.230002+09:00
Gate Arrears,,,failed,False,2026-08-23T16:13:24.161828+09:00
Gate Assistant,70.0,98.0,success,False,2026-08-21T00:45:03.734783+09:00
Gate Atlas,10.0,0.0,success,False,2026-08-21T00:44:48.876991+09:00
Gate Base,50.0,6.0,success,False,2026-08-21T00:51:25.324564+09:00
Gate Beacon,,,failed,False,2026-08-21T00:50:26.220127+09:00
Gate Bill,170.0,0.0,success,False,2026-08-21T00:48:51.829218+09:00
Gate Board,880.0,67.0,success,False,2026-08-21T00:51:40.152987+09:00
Gate Bridge,8100.0,9.0,success,False,2026-08-21T00:50:38.979933+09:00
Gate Brief,,,failed,False,2026-08-21T01:00:18.302882+09:00
Gate Bulletin,,,failed,False,2026-08-21T01:00:11.561504+09:00
Gate Cabinet,20.0,6.0,success,False,2026-08-27T23:16:07.710810+09:00
Gate Calendar,40.0,0.0,success,False,2026-08-21T00:45:39.218297+09:00
Gate Card,2400.0,3.0,success,False,2026-08-21T00:47:16.635421+09:00
Gate Cascade,50.0,0.0,success,False,2026-08-21T00:50:35.331865+09:00
Gate Cash,40.0,4.0,success,False,2026-08-21T02:23:05.228659+09:00
Gate Center,720.0,1.0,success,False,2026-08-21T00:43:54.085720+09:00
Gate Chain,3600.0,37.0,success,False,2026-08-21T00:44:30.138587+09:00
Gate Charge,260.0,0.0,success,False,2026-08-21T02:40:04.485559+09:00
Gate Check,3600.0,1.0,success,False,2026-08-21T00:47:26.672100+09:00
Gate Checker,3600.0,1.0,success,False,2026-08-27T23:51:10.379112+09:00
Gate Circular,,,failed,False,2026-08-21T01:02:12.129826+09:00
Gate Code,2900.0,7.0,success,False,2026-08-21T00:49:01.997073+09:00
Gate Companion,,,failed,False,2026-08-21T00:45:19.199440+09:00
Gate Comparison,,,failed,False,2026-08-28T01:03:16.681055+09:00
Gate Confirmation,,,failed,False,2026-08-21T01:00:33.906602+09:00
Gate Console,,,failed,False,2026-08-21T00:44:07.435932+09:00
Gate Core,30.0,0.0,success,False,2026-08-21T00:51:31.068549+09:00
Gate Cost,480.0,91.0,success,False,2026-08-21T02:15:26.957875+09:00
Gate Count,110.0,1.0,success,False,2026-08-27T22:50:07.511114+09:00
Gate Counter,110.0,29.0,success,False,2026-08-21T00:45:50.178398+09:00
Gate Deal,,,failed,False,2026-08-21T01:58:46.875681+09:00
Gate Debt,,,failed,False,2026-08-21T02:22:54.942838+09:00
Gate Deck,5400.0,100.0,success,False,2026-08-21T00:51:42.581125+09:00
Gate Desk,20.0,13.0,success,False,2026-08-21T00:50:07.130228+09:00
Gate Detail,480.0,3.0,success,False,2026-08-23T03:21:40.496452+09:00
Gate Diagram,2400.0,0.0,success,True,2026-08-27T22:11:56.077657+09:00
Gate Directory,10.0,0.0,success,False,2026-08-21T00:45:41.384268+09:00
Gate Discount,,,failed,False,2026-08-23T16:13:18.611192+09:00
Gate Dossier,,,failed,False,2026-08-21T01:00:38.610881+09:00
Gate Downpayment,,,failed,False,2026-08-27T21:48:00.691172+09:00
Gate Draft,,,failed,False,2026-08-21T00:48:15.897610+09:00
Gate Due,,,failed,False,2026-08-23T15:51:05.565275+09:00
Gate Duty,140.0,0.0,success,False,2026-08-21T02:40:07.402959+09:00
Gate Endowment,,,failed,False,2026-08-23T15:51:11.788135+09:00
Gate Engine,140.0,91.0,success,False,2026-08-21T00:45:01.205149+09:00
Gate Entry,8100.0,34.0,success,False,2026-08-21T01:00:50.612821+09:00
Gate Estimator,10.0,0.0,success,False,2026-08-27T23:51:07.494975+09:00
Gate Excerpt,,,failed,False,2026-08-21T01:02:25.178710+09:00
Gate Fare,20.0,0.0,success,False,2026-08-21T02:15:31.230859+09:00
Gate Fee,3600.0,0.0,success,True,2026-08-21T01:58:35.810953+09:00
Gate File,70.0,0.0,success,False,2026-08-21T00:47:57.951273+09:00
Gate Fine,10.0,0.0,success,False,2026-08-23T02:55:50.022047+09:00
Gate Flow,390.0,0.0,success,False,2026-08-21T00:50:02.185546+09:00
Gate Forge,,,failed,False,2026-08-21T00:50:33.252784+09:00
Gate Form,6600.0,1.0,success,False,2026-08-21T00:47:13.306684+09:00
Gate Frame,2900.0,100.0,success,False,2026-08-21T00:51:22.640360+09:00
Gate Fund,480.0,0.0,success,False,2026-08-21T02:22:58.653942+09:00
Gate Graph,30.0,0.0,success,False,2026-08-27T22:11:39.650369+09:00
Gate Guardian,8100.0,28.0,success,False,2026-08-28T00:21:45.963780+09:00
Gate Harbor,30.0,2.0,success,False,2026-08-21T00:46:15.039620+09:00
Gate Helpdesk,50.0,0.0,success,False,2026-08-27T22:50:09.773795+09:00
Gate Helper,50.0,39.0,success,False,2026-08-28T00:21:49.130858+09:00
Gate History,90.0,1.0,success,False,2026-08-21T00:47:51.655449+09:00
Gate Hub,5400.0,3.0,success,False,2026-08-21T00:50:04.499348+09:00
Gate Identifier,,,failed,False,2026-08-23T13:09:14.949045+09:00
Gate Inbox,,,failed,False,2026-08-21T00:46:29.176332+09:00
Gate Index,20.0,0.0,success,False,2026-08-21T00:48:33.175763+09:00
Gate Installment,,,failed,False,2026-08-23T16:13:20.971458+09:00
Gate Item,880.0,0.0,success,False,2026-08-21T01:58:38.358988+09:00
Gate Journal,50.0,1.0,success,False,2026-08-21T00:45:33.278488+09:00
Gate Keeper,165000.0,1.0,success,False,2026-08-21T00:44:52.376787+09:00
Gate Kit,3600.0,100.0,success,False,2026-08-27T22:50:07.511114+09:00
Gate Lab,1300.0,1.0,success,False,2026-08-21T00:43:39.738116+09:00
Gate Label,30.0,15.0,success,False,2026-08-27T22:11:47.365503+09:00
Gate Level,390.0,11.0,success,False,2026-08-21T00:48:00.969173+09:00
Gate Levy,,,failed,False,2026-08-23T13:45:43.063828+09:00
Gate Line,1600.0,99.0,success,False,2026-08-21T00:46:54.280562+09:00
Gate Link,210.0,13.0,success,False,2026-08-23T03:21:28.061139+09:00
Gate List,170.0,1.0,success,False,2026-08-21T00:49:07.202034+09:00
Gate Loan,140.0,40.0,success,False,2026-08-21T02:15:38.407419+09:00
Gate Lobby,20.0,0.0,success,False,2026-08-21T00:46:44.759034+09:00
Gate Locator,30.0,4.0,success,False,2026-08-21T00:45:45.302081+09:00
Gate Locker,590.0,100.0,success,False,2026-08-21T00:45:52.774285+09:00
Gate Log,18100.0,1.0,success,False,2026-08-21T00:47:10.612469+09:00
Gate Loop,260.0,99.0,success,False,2026-08-21T00:50:58.385493+09:00
Gate Manager,590.0,2.0,success,False,2026-08-21T00:44:58.799520+09:00
Gate Manual,3600.0,1.0,success,False,2026-08-27T22:11:50.573955+09:00
Gate Map,390.0,0.0,success,False,2026-08-21T00:51:18.988117+09:00
Gate Margin,,,failed,False,2026-08-23T02:55:47.607915+09:00
Gate Marker,40.0,6.0,success,False,2026-08-23T13:28:22.129962+09:00
Gate Markup,,,failed,False,2026-08-23T16:38:38.724720+09:00
Gate Memo,,,failed,False,2026-08-21T00:49:47.730802+09:00
Gate Message,10.0,0.0,success,False,2026-08-27T23:16:01.473407+09:00
Gate Monitor,480.0,11.0,success,False,2026-08-21T00:45:13.293562+09:00
Gate Nexus,,,failed,False,2026-08-21T00:44:42.710868+09:00
Gate Note,12100.0,3.0,success,False,2026-08-21T00:47:34.415597+09:00
Gate Notification,390.0,2.0,success,False,2026-08-27T22:50:03.051342+09:00
Gate Number,2900.0,56.0,success,False,2026-08-23T03:21:18.514525+09:00
Gate Office,720.0,8.0,success,False,2026-08-21T00:45:47.976857+09:00
Gate Ops,20.0,1.0,success,False,2026-08-21T00:45:26.531767+09:00
Gate Outpost,,,failed,False,2026-08-21T00:46:10.718962+09:00
Gate Overage,,,failed,False,2026-08-27T21:47:58.388035+09:00
Gate Overdraft,,,failed,False,2026-08-23T15:51:07.589062+09:00
Gate Overdue,,,failed,False,2026-08-27T21:47:53.828940+09:00
Gate Panel,1600.0,100.0,success,False,2026-08-21T00:44:10.518978+09:00
Gate Pass,27100.0,1.0,success,False,2026-08-21T00:49:27.660795+09:00
Gate Passport,10.0,0.0,success,False,2026-08-21T00:46:42.116087+09:00
Gate Path,70.0,2.0,success,False,2026-08-21T00:51:10.614458+09:00
Gate Payoff,,,failed,False,2026-08-27T21:47:56.115586+09:00
Gate Penalty,,,failed,False,2026-08-23T16:38:36.406605+09:00
Gate Petition,10.0,0.0,success,False,2026-08-21T01:00:29.585982+09:00
Gate Plan,590.0,43.0,success,False,2026-08-21T01:58:44.645317+09:00
Gate Planner,590.0,43.0,success,False,2026-08-21T00:45:08.644829+09:00
Gate Playbook,,,failed,False,2026-08-21T00:45:30.035458+09:00
Gate Plaza,480.0,1.0,success,False,2026-08-21T00:46:12.825751+09:00
Gate Point,320.0,1.0,success,False,2026-08-21T00:51:13.532405+09:00
Gate Portal,2400.0,3.0,success,False,2026-08-21T00:44:03.384423+09:00
Gate Preview,,,failed,False,2026-08-28T01:03:21.195109+09:00
Gate Profile,90.0,39.0,success,False,2026-08-21T00:47:41.484784+09:00
Gate Profit,10.0,0.0,success,False,2026-08-23T02:55:38.114180+09:00
Gate Proposal,,,failed,False,2026-08-28T01:03:25.191639+09:00
Gate Quota,,,failed,False,2026-08-21T00:49:52.271441+09:00
Gate Radar,,,failed,False,2026-08-21T00:50:13.056816+09:00
Gate Rail,1300.0,85.0,success,False,2026-08-21T00:44:23.943990+09:00
Gate Rate,390.0,28.0,success,False,2026-08-21T00:48:04.911148+09:00
Gate Recap,10.0,0.0,success,False,2026-08-21T01:02:23.111892+09:00
Gate Receipt,110.0,0.0,success,False,2026-08-21T00:48:57.806090+09:00
Gate Recorder,,,failed,False,2026-08-27T23:37:11.995923+09:00
Gate Register,6600.0,1.0,success,False,2026-08-21T00:45:22.913101+09:00
Gate Relay,40.0,77.0,success,False,2026-08-21T00:50:15.253919+09:00
Gate Reminder,,,failed,False,2026-08-21T00:48:30.052376+09:00
Gate Report,90.0,0.0,success,False,2026-08-21T00:47:05.432306+09:00
Gate Ring,1900.0,20.0,success,False,2026-08-21T00:44:36.517071+09:00
Gate Roll,140.0,50.0,success,False,2026-08-21T00:47:01.645682+09:00
Gate Rule,110.0,4.0,success,False,2026-08-23T03:21:36.606838+09:00
Gate Sale,210.0,100.0,success,False,2026-08-21T02:23:08.764436+09:00
Gate Sample,480.0,44.0,success,False,2026-08-21T00:49:18.470865+09:00
Gate Scale,20.0,0.0,success,False,2026-08-21T00:44:15.465135+09:00
Gate Scanner,390.0,3.0,success,False,2026-08-27T23:51:10.379112+09:00
Gate Schematic,70.0,0.0,success,False,2026-08-27T22:29:07.164636+09:00
Gate Scope,40.0,0.0,success,False,2026-08-21T00:50:50.084554+09:00
Gate Score,2900.0,0.0,success,True,2026-08-21T00:47:29.450326+09:00
Gate Sheet,3600.0,62.0,success,False,2026-08-21T00:47:23.165444+09:00
Gate Shelf,20.0,79.0,success,False,2026-08-21T00:46:23.702871+09:00
Gate Shortfall,,,failed,False,2026-08-27T21:48:00.691172+09:00
Gate Signal,210.0,0.0,success,False,2026-08-21T00:50:45.127530+09:00
Gate Slip,20.0,16.0,success,False,2026-08-21T00:49:12.731444+09:00
Gate Slot,260.0,14.0,success,False,2026-08-21T00:49:20.798290+09:00
Gate Stake,140.0,100.0,success,False,2026-08-23T02:55:43.726129+09:00
Gate Statement,,,failed,False,2026-08-21T00:49:44.632195+09:00
Gate Station,720.0,9.0,success,False,2026-08-21T00:43:44.047110+09:00
Gate Status,260.0,0.0,success,False,2026-08-21T00:47:44.020698+09:00
Gate Stub,,,failed,False,2026-08-21T00:49:41.369493+09:00
Gate Studio,590.0,1.0,success,False,2026-08-21T00:43:34.117910+09:00
Gate Subsidy,,,failed,False,2026-08-23T15:51:09.680113+09:00
Gate Sum,,,failed,False,2026-08-21T02:22:48.105050+09:00
Gate Summary,10.0,0.0,success,False,2026-08-21T00:48:22.062191+09:00
Gate Surtax,,,failed,False,2026-08-23T15:51:15.880461+09:00
Gate Tab,30.0,5.0,success,False,2026-08-21T00:49:54.532841+09:00
Gate Table,480.0,62.0,success,False,2026-08-21T00:49:09.924663+09:00
Gate Tag,260.0,19.0,success,False,2026-08-21T00:47:36.977895+09:00
Gate Tariff,,,failed,False,2026-08-21T02:40:21.955150+09:00
Gate Tax,40.0,0.0,success,False,2026-08-21T02:15:35.751133+09:00
Gate Ticker,10.0,0.0,success,False,2026-08-21T00:46:52.072318+09:00
Gate Timer,590.0,40.0,success,False,2026-08-28T00:21:40.685047+09:00
Gate Token,720.0,1.0,success,False,2026-08-23T13:28:19.840300+09:00
Gate Toll,720.0,1.0,success,False,2026-08-21T02:40:11.455485+09:00
Gate Toolbox,,,failed,False,2026-08-28T00:21:45.963780+09:00
Gate Total,30.0,1.0,success,False,2026-08-27T23:16:01.473407+09:00
Gate Tower,22200.0,4.0,success,False,2026-08-21T00:46:21.529361+09:00
Gate Tracker,1300.0,96.0,success,False,2026-08-21T00:49:56.955669+09:00
Gate Trail,40.0,0.0,success,False,2026-08-21T00:44:27.350497+09:00
Gate Trial,40.0,0.0,success,False,2026-08-27T21:16:53.377302+09:00
Gate Unit,260.0,6.0,success,False,2026-08-21T01:58:41.656184+09:00
Gate Update,170.0,0.0,success,False,2026-08-21T00:48:09.704229+09:00
Gate Value,390.0,34.0,success,False,2026-08-23T02:55:41.389421+09:00
Gate Vault,390.0,0.0,success,False,2026-08-21T00:50:21.320378+09:00
Gate Version,,,failed,False,2026-08-23T03:21:22.362914+09:00
Gate View,2400.0,4.0,success,False,2026-08-21T00:47:49.290523+09:00
Gate Voucher,20.0,5.0,success,False,2026-08-21T00:49:29.914475+09:00
Gate Wallet,720.0,23.0,success,False,2026-08-27T22:50:07.511114+09:00
Gate Watch,390.0,12.0,success,False,2026-08-21T00:50:48.093288+09:00
Gate Wave,480.0,26.0,success,False,2026-08-21T00:51:07.998109+09:00
Gate Widget,,,failed,False,2026-08-27T23:16:04.692896+09:00
Gate Window,880.0,56.0,success,False,2026-08-21T00:46:56.943275+09:00
Gate Worksheet,,,failed,False,2026-08-27T22:11:50.573955+09:00
Gate Workshop,30.0,0.0,success,False,2026-08-28T00:21:43.222424+09:00
Gate Zone,170.0,0.0,success,False,2026-08-21T00:43:57.229807+09:00
Gauge Alert,,,failed,False,2026-08-19T21:07:36.739108+09:00
Gauge Allowance,,,failed,False,2026-08-21T02:43:59.643244+09:00
Gauge Analyzer,,,failed,False,2026-08-27T23:51:10.379112+09:00
Gauge Assistant,,,failed,False,2026-08-19T21:31:23.417988+09:00
Gauge Atlas,,,failed,False,2026-08-19T21:30:54.257177+09:00
Gauge Attribute,,,failed,False,2026-08-23T13:05:23.446570+09:00
Gauge Base,10.0,49.0,success,False,2026-08-19T21:19:00.035786+09:00
Gauge Beacon,,,failed,False,2026-08-19T21:16:25.825046+09:00
Gauge Bill,,,failed,False,2026-08-19T22:00:33.480377+09:00
Gauge Bin,,,failed,False,2026-08-19T21:07:57.029357+09:00
Gauge Board,260.0,22.0,success,False,2026-08-19T21:19:35.712806+09:00
Gauge Book,40.0,0.0,success,False,2026-08-19T22:01:20.262131+09:00
Gauge Bridge,20.0,10.0,success,False,2026-08-19T21:17:02.639874+09:00
Gauge Brief,,,failed,False,2026-08-21T01:01:25.263035+09:00
Gauge Bulletin,,,failed,False,2026-08-21T01:01:20.027256+09:00
Gauge Cabinet,20.0,100.0,success,False,2026-08-27T23:16:21.897779+09:00
Gauge Calendar,,,failed,False,2026-08-19T21:03:58.078741+09:00
Gauge Card,320.0,12.0,success,False,2026-08-19T21:09:50.193216+09:00
Gauge Cascade,,,failed,False,2026-08-19T21:16:48.614230+09:00
Gauge Cash,10.0,0.0,success,False,2026-08-21T02:27:43.385895+09:00
Gauge Cashback,,,failed,False,2026-08-27T21:17:34.468079+09:00
Gauge Catalog,10.0,0.0,success,False,2026-08-19T21:14:31.473745+09:00
Gauge Category,,,failed,False,2026-08-23T13:05:20.503897+09:00
Gauge Center,1300.0,67.0,success,False,2026-08-19T21:29:19.590151+09:00
Gauge Chain,720.0,56.0,success,False,2026-08-19T21:30:22.896569+09:00
Gauge Charge,20.0,4.0,success,False,2026-08-21T02:43:50.740440+09:00
Gauge Chart,14800.0,1.0,success,False,2026-08-19T21:07:47.829296+09:00
Gauge Check,390.0,55.0,success,False,2026-08-19T21:10:18.944671+09:00
Gauge Checker,390.0,55.0,success,False,2026-08-27T23:51:00.030552+09:00
Gauge Checklist,,,failed,False,2026-08-19T21:13:38.700903+09:00
Gauge Code,20.0,0.0,success,False,2026-08-19T22:00:52.695969+09:00
Gauge Companion,,,failed,False,2026-08-19T21:31:59.320296+09:00
Gauge Compass,90.0,57.0,success,False,2026-08-19T21:16:11.566322+09:00
Gauge Confirmation,,,failed,False,2026-08-21T01:01:39.197827+09:00
Gauge Console,30.0,48.0,success,False,2026-08-19T21:29:40.498335+09:00
Gauge Converter,320.0,0.0,success,False,2026-08-27T23:37:11.995923+09:00
Gauge Core,,,failed,False,2026-08-19T21:19:09.949699+09:00
Gauge Cost,30.0,1.0,success,False,2026-08-21T02:11:01.471090+09:00
Gauge Count,,,failed,False,2026-08-27T22:50:39.556744+09:00
Gauge Counter,320.0,83.0,success,False,2026-08-19T21:04:59.839669+09:00
Gauge Coupon,,,failed,False,2026-08-27T21:17:31.626510+09:00
Gauge Deal,,,failed,False,2026-08-21T01:54:29.413822+09:00
Gauge Debt,,,failed,False,2026-08-21T02:27:35.877276+09:00
Gauge Deck,,,failed,False,2026-08-19T21:19:47.057352+09:00
Gauge Desk,,,failed,False,2026-08-19T21:15:31.407245+09:00
Gauge Detail,30.0,0.0,success,False,2026-08-23T03:24:46.219726+09:00
Gauge Detector,,,failed,False,2026-08-27T23:51:07.494975+09:00
Gauge Diagram,320.0,0.0,success,False,2026-08-27T22:13:09.872881+09:00
Gauge Directory,,,failed,False,2026-08-19T21:04:09.833583+09:00
Gauge Discount,,,failed,False,2026-08-23T16:14:37.846068+09:00
Gauge Dossier,,,failed,False,2026-08-21T01:01:41.528292+09:00
Gauge Downpayment,,,failed,False,2026-08-27T21:48:46.666341+09:00
Gauge Draft,,,failed,False,2026-08-19T21:12:51.464479+09:00
Gauge Duty,,,failed,False,2026-08-21T02:43:53.941468+09:00
Gauge Engine,20.0,0.0,success,False,2026-08-19T21:31:17.357360+09:00
Gauge Entry,,,failed,False,2026-08-21T01:02:00.042656+09:00
Gauge Estimate,20.0,0.0,success,False,2026-08-19T21:14:21.531663+09:00
Gauge Estimator,,,failed,False,2026-08-27T23:51:00.030552+09:00
Gauge Excerpt,,,failed,False,2026-08-21T01:02:52.646086+09:00
Gauge Fare,,,failed,False,2026-08-21T02:11:07.536158+09:00
Gauge Fee,,,failed,False,2026-08-21T02:05:48.650139+09:00
Gauge Feed,,,failed,False,2026-08-19T21:12:39.256118+09:00
Gauge File,30.0,56.0,success,False,2026-08-19T21:11:44.619551+09:00
Gauge Fine,,,failed,False,2026-08-23T02:58:14.811642+09:00
Gauge Flag,,,failed,False,2026-08-21T00:26:39.162393+09:00
Gauge Flow,20.0,0.0,success,False,2026-08-19T21:15:06.542256+09:00
Gauge Forge,10.0,0.0,success,False,2026-08-19T21:16:36.317434+09:00
Gauge Form,140.0,12.0,success,False,2026-08-19T21:09:40.471721+09:00
Gauge Format,,,failed,False,2026-08-23T13:05:30.348326+09:00
Gauge Frame,20.0,8.0,success,False,2026-08-19T21:18:42.622010+09:00
Gauge Fund,,,failed,False,2026-08-21T02:27:38.390107+09:00
Gauge Gate,10.0,35.0,success,False,2026-08-19T21:30:36.862882+09:00
Gauge Giveaway,,,failed,False,2026-08-27T21:17:40.328757+09:00
Gauge Grade,,,failed,False,2026-08-21T00:26:25.580219+09:00
Gauge Graph,590.0,0.0,success,False,2026-08-27T22:12:55.481525+09:00
Gauge Grid,,,failed,False,2026-08-19T21:17:53.819858+09:00
Gauge Helpdesk,,,failed,False,2026-08-27T22:50:43.878395+09:00
Gauge Helper,,,failed,False,2026-08-28T00:21:35.352628+09:00
Gauge History,30.0,1.0,success,False,2026-08-19T21:11:31.992305+09:00
Gauge Hotline,,,failed,False,2026-08-19T21:14:42.578262+09:00
Gauge Hub,,,failed,False,2026-08-19T21:15:20.790094+09:00
Gauge Identifier,,,failed,False,2026-08-23T13:05:17.487653+09:00
Gauge Inbox,,,failed,False,2026-08-19T21:07:27.526395+09:00
Gauge Incentive,,,failed,False,2026-08-27T21:17:37.644775+09:00
Gauge Index,10.0,0.0,success,False,2026-08-19T21:13:50.204351+09:00
Gauge Item,,,failed,False,2026-08-21T01:54:15.077260+09:00
Gauge Journal,,,failed,False,2026-08-19T21:03:27.831086+09:00
Gauge Keeper,,,failed,False,2026-08-19T21:31:01.684338+09:00
Gauge Kit,1300.0,100.0,success,False,2026-08-27T22:50:33.048353+09:00
Gauge Lab,20.0,0.0,success,False,2026-08-19T21:20:10.804990+09:00
Gauge Label,140.0,39.0,success,False,2026-08-27T22:13:01.149795+09:00
Gauge Ledger,,,failed,False,2026-08-19T21:19:21.338240+09:00
Gauge Level,8100.0,61.0,success,False,2026-08-19T21:11:58.211530+09:00
Gauge Line,320.0,46.0,success,False,2026-08-19T21:08:37.744349+09:00
Gauge Link,30.0,40.0,success,False,2026-08-23T03:24:42.957554+09:00
Gauge List,260.0,2.0,success,False,2026-08-19T22:01:01.799694+09:00
Gauge Loan,10.0,0.0,success,False,2026-08-21T02:11:15.261095+09:00
Gauge Locator,10.0,46.0,success,False,2026-08-19T21:04:22.708628+09:00
Gauge Log,,,failed,False,2026-08-19T21:09:25.998389+09:00
Gauge Loop,,,failed,False,2026-08-19T21:17:45.288805+09:00
Gauge Manager,,,failed,False,2026-08-19T21:31:09.123245+09:00
Gauge Manual,260.0,40.0,success,False,2026-08-27T22:13:04.123105+09:00
Gauge Map,1000.0,0.0,success,True,2026-08-19T21:18:32.816387+09:00
Gauge Margin,,,failed,False,2026-08-23T02:58:11.410981+09:00
Gauge Memo,,,failed,False,2026-08-21T00:26:30.376720+09:00
Gauge Message,,,failed,False,2026-08-27T23:16:11.688627+09:00
Gauge Monitor,90.0,68.0,success,False,2026-08-19T21:31:50.558670+09:00
Gauge Nexus,,,failed,False,2026-08-19T21:30:45.595196+09:00
Gauge Note,,,failed,False,2026-08-19T21:10:38.305423+09:00
Gauge Notification,,,failed,False,2026-08-27T22:50:33.048353+09:00
Gauge Number,590.0,0.0,success,False,2026-08-23T03:24:36.035969+09:00
Gauge Office,,,failed,False,2026-08-19T21:04:49.568415+09:00
Gauge Ops,,,failed,False,2026-08-19T21:32:13.666054+09:00
Gauge Order,50.0,1.0,success,False,2026-08-19T22:00:23.357458+09:00
Gauge Overage,,,failed,False,2026-08-27T21:48:42.861590+09:00
Gauge Overdue,,,failed,False,2026-08-27T21:48:38.041939+09:00
Gauge Panel,480.0,84.0,success,False,2026-08-19T21:29:47.496953+09:00
Gauge Pass,,,failed,False,2026-08-21T00:25:52.909138+09:00
Gauge Payoff,,,failed,False,2026-08-27T21:48:40.249889+09:00
Gauge Petition,,,failed,False,2026-08-21T01:01:32.949178+09:00
Gauge Plan,10.0,0.0,success,False,2026-08-21T01:54:25.472983+09:00
Gauge Playbook,,,failed,False,2026-08-19T21:32:21.399233+09:00
Gauge Point,90.0,0.0,success,False,2026-08-19T21:18:22.582804+09:00
Gauge Portal,,,failed,False,2026-08-19T21:29:34.148902+09:00
Gauge Profile,3600.0,100.0,success,False,2026-08-19T21:11:02.607888+09:00
Gauge Profit,,,failed,False,2026-08-23T02:58:03.774409+09:00
Gauge Queue,,,failed,False,2026-08-19T21:14:11.257032+09:00
Gauge Radar,,,failed,False,2026-08-19T21:15:42.753829+09:00
Gauge Rail,6600.0,1.0,success,False,2026-08-19T21:30:10.428031+09:00
Gauge Rate,20.0,0.0,success,False,2026-08-19T21:12:07.891173+09:00
Gauge Recap,,,failed,False,2026-08-21T01:01:47.037702+09:00
Gauge Receipt,,,failed,False,2026-08-19T22:00:43.745625+09:00
Gauge Recorder,,,failed,False,2026-08-27T23:37:11.995923+09:00
Gauge Register,,,failed,False,2026-08-19T21:32:06.209951+09:00
Gauge Registry,,,failed,False,2026-08-19T21:03:41.880915+09:00
Gauge Relay,,,failed,False,2026-08-19T21:15:52.181697+09:00
Gauge Reminder,,,failed,False,2026-08-19T21:13:25.403661+09:00
Gauge Report,390.0,0.0,success,False,2026-08-19T21:09:13.421479+09:00
Gauge Result,,,failed,False,2026-08-28T00:45:59.297593+09:00
Gauge Ring,390.0,15.0,success,False,2026-08-19T21:30:31.013934+09:00
Gauge Roll,590.0,77.0,success,False,2026-08-19T21:09:00.850536+09:00
Gauge Roster,,,failed,False,2026-08-19T21:07:18.151537+09:00
Gauge Route,,,failed,False,2026-08-19T21:30:03.373519+09:00
Gauge Rule,30.0,12.0,success,False,2026-08-23T03:24:42.957554+09:00
Gauge Sale,210.0,91.0,success,False,2026-08-21T02:27:47.388523+09:00
Gauge Sample,10.0,3.0,success,False,2026-08-19T22:01:42.804571+09:00
Gauge Scale,720.0,52.0,success,False,2026-08-19T21:29:53.324584+09:00
Gauge Scheduler,,,failed,False,2026-08-19T21:31:40.381854+09:00
Gauge Schematic,,,failed,False,2026-08-27T22:29:16.006701+09:00
Gauge Scope,,,failed,False,2026-08-19T21:17:35.138769+09:00
Gauge Score,40.0,0.0,success,False,2026-08-19T21:10:29.402308+09:00
Gauge Serial,,,failed,False,2026-08-23T13:27:02.624073+09:00
Gauge Sheet,1000.0,23.0,success,False,2026-08-19T21:10:05.581791+09:00
Gauge Shortfall,,,failed,False,2026-08-27T21:48:49.180539+09:00
Gauge Signal,,,failed,False,2026-08-19T21:17:15.430061+09:00
Gauge Slip,,,failed,False,2026-08-19T22:01:31.900197+09:00
Gauge Slot,,,failed,False,2026-08-19T22:01:53.877884+09:00
Gauge Stake,,,failed,False,2026-08-23T02:58:08.701487+09:00
Gauge Statement,,,failed,False,2026-08-21T00:26:15.934316+09:00
Gauge Station,880.0,0.0,success,False,2026-08-19T21:29:00.879622+09:00
Gauge Status,,,failed,False,2026-08-19T21:11:12.970448+09:00
Gauge Studio,,,failed,False,2026-08-19T21:19:58.668783+09:00
Gauge Sum,,,failed,False,2026-08-21T02:27:33.001702+09:00
Gauge Summary,,,failed,False,2026-08-19T21:13:02.504471+09:00
Gauge Table,480.0,2.0,success,False,2026-08-19T22:01:11.142813+09:00
Gauge Tag,,,failed,False,2026-08-19T21:10:50.221080+09:00
Gauge Tally,,,failed,False,2026-08-21T00:26:21.311990+09:00
Gauge Tariff,,,failed,False,2026-08-21T02:44:02.769477+09:00
Gauge Tax,,,failed,False,2026-08-21T02:11:11.149564+09:00
Gauge Terminal,70.0,71.0,success,False,2026-08-19T21:29:10.316262+09:00
Gauge Ticker,,,failed,False,2026-08-19T21:08:27.297609+09:00
Gauge Ticket,,,failed,False,2026-08-19T21:14:01.404689+09:00
Gauge Timeline,20.0,0.0,success,False,2026-08-19T21:13:15.643031+09:00
Gauge Toll,,,failed,False,2026-08-21T02:43:57.292345+09:00
Gauge Toolbox,,,failed,False,2026-08-28T00:21:32.683664+09:00
Gauge Total,,,failed,False,2026-08-27T23:16:13.930951+09:00
Gauge Tracker,210.0,5.0,success,False,2026-08-19T21:14:53.889746+09:00
Gauge Trail,,,failed,False,2026-08-19T21:30:16.349132+09:00
Gauge Trial,,,failed,False,2026-08-27T21:17:37.644775+09:00
Gauge Unit,260.0,2.0,success,False,2026-08-21T01:54:20.819048+09:00
Gauge Update,10.0,0.0,success,False,2026-08-19T21:12:20.631006+09:00
Gauge Value,90.0,17.0,success,False,2026-08-23T02:58:06.031542+09:00
Gauge Vault,,,failed,False,2026-08-19T21:16:02.434865+09:00
Gauge Version,10.0,0.0,success,False,2026-08-23T03:24:40.640287+09:00
Gauge View,170.0,0.0,success,False,2026-08-19T21:11:21.991848+09:00
Gauge Voucher,,,failed,False,2026-08-21T00:26:00.566845+09:00
Gauge Watch,590.0,37.0,success,False,2026-08-19T21:17:25.572760+09:00
Gauge Widget,140.0,1.0,success,False,2026-08-27T23:16:13.930951+09:00
Gauge Window,90.0,34.0,success,False,2026-08-19T21:08:50.261483+09:00
Gauge Worksheet,,,failed,False,2026-08-27T22:13:09.872881+09:00
Gauge Workshop,,,failed,False,2026-08-28T00:21:27.462723+09:00
Gauge Zone,10.0,0.0,success,False,2026-08-19T21:29:26.779055+09:00
Glossary Advisory,,,failed,False,2026-08-21T01:06:03.967646+09:00
Glossary Allowance,,,failed,False,2026-08-21T02:43:21.598191+09:00
Glossary Almanac,,,failed,False,2026-08-18T22:08:25.868252+09:00
Glossary Analyzer,,,failed,False,2026-08-27T23:58:03.075368+09:00
Glossary Anchor,,,failed,False,2026-08-18T22:10:58.146959+09:00
Glossary Asset,,,failed,False,2026-08-23T13:48:00.316866+09:00
Glossary Assistant,,,failed,False,2026-08-18T22:05:30.177500+09:00
Glossary Atlas,10.0,0.0,success,False,2026-08-18T22:04:29.881802+09:00
Glossary Attribute,,,failed,False,2026-08-23T13:08:48.797339+09:00
Glossary Badge,,,failed,False,2026-08-21T00:33:10.095062+09:00
Glossary Base,,,failed,False,2026-08-18T23:51:10.058671+09:00
Glossary Beacon,,,failed,False,2026-08-18T22:10:25.741480+09:00
Glossary Bill,30.0,0.0,success,False,2026-08-19T21:58:45.118789+09:00
Glossary Blueprint,,,failed,False,2026-08-18T22:08:17.707470+09:00
Glossary Board,20.0,0.0,success,False,2026-08-18T23:51:10.058671+09:00
Glossary Book,2400.0,1.0,success,False,2026-08-19T21:59:35.883958+09:00
Glossary Bridge,,,failed,False,2026-08-18T22:10:51.704890+09:00
Glossary Brief,,,failed,False,2026-08-21T01:05:53.776527+09:00
Glossary Bulletin,,,failed,False,2026-08-21T01:05:38.366293+09:00
Glossary Calendar,,,failed,False,2026-08-18T23:59:11.751475+09:00
Glossary Card,50.0,0.0,success,False,2026-08-19T13:31:09.832283+09:00
Glossary Cascade,,,failed,False,2026-08-18T22:10:41.322709+09:00
Glossary Cash,,,failed,False,2026-08-21T02:28:15.974883+09:00
Glossary Cashback,,,failed,False,2026-08-27T21:18:16.007823+09:00
Glossary Catalog,,,failed,False,2026-08-19T21:16:41.047984+09:00
Glossary Category,,,failed,False,2026-08-23T13:08:44.526296+09:00
Glossary Center,,,failed,False,2026-08-18T23:51:10.058671+09:00
Glossary Chain,,,failed,False,2026-08-18T22:03:28.331445+09:00
Glossary Charge,,,failed,False,2026-08-21T02:43:10.515094+09:00
Glossary Check,,,failed,False,2026-08-19T13:31:44.608385+09:00
Glossary Checker,,,failed,False,2026-08-27T23:57:57.910775+09:00
Glossary Checklist,,,failed,False,2026-08-19T21:15:46.366866+09:00
Glossary Circular,,,failed,False,2026-08-21T01:05:51.926035+09:00
Glossary Cockpit,,,failed,False,2026-08-18T22:06:29.857370+09:00
Glossary Code,50.0,0.0,success,False,2026-08-19T21:59:04.972402+09:00
Glossary Codex,,,failed,False,2026-08-18T22:08:43.049836+09:00
Glossary Companion,,,failed,False,2026-08-18T22:06:56.515623+09:00
Glossary Comparison,,,failed,False,2026-08-28T01:08:07.317285+09:00
Glossary Compass,,,failed,False,2026-08-18T22:10:16.418477+09:00
Glossary Compendium,,,failed,False,2026-08-18T22:08:34.595424+09:00
Glossary Confirmation,,,failed,False,2026-08-21T01:06:10.948985+09:00
Glossary Console,,,failed,False,2026-08-18T23:51:10.058671+09:00
Glossary Contribution,,,failed,False,2026-08-23T16:16:06.207689+09:00
Glossary Core,,,failed,False,2026-08-18T23:51:10.058671+09:00
Glossary Cost,,,failed,False,2026-08-21T02:12:35.738319+09:00
Glossary Count,,,failed,False,2026-08-27T22:50:03.051342+09:00
Glossary Counter,,,failed,False,2026-08-19T00:00:08.120656+09:00
Glossary Coupon,,,failed,False,2026-08-27T21:18:13.822548+09:00
Glossary Dashboard,,,failed,False,2026-08-18T22:06:41.570881+09:00
Glossary Deal,,,failed,False,2026-08-21T01:57:25.896991+09:00
Glossary Debt,,,failed,False,2026-08-21T02:28:03.624635+09:00
Glossary Deck,,,failed,False,2026-08-18T23:51:12.499703+09:00
Glossary Depot,10.0,0.0,success,False,2026-08-18T23:59:47.446594+09:00
Glossary Desk,,,failed,False,2026-08-18T22:09:47.268840+09:00
Glossary Detail,,,failed,False,2026-08-23T03:22:18.461537+09:00
Glossary Detector,,,failed,False,2026-08-27T23:58:00.506831+09:00
Glossary Dial,,,failed,False,2026-08-18T23:51:12.499703+09:00
Glossary Digest,,,failed,False,2026-08-19T20:45:06.240403+09:00
Glossary Directory,,,failed,False,2026-08-18T23:59:20.806892+09:00
Glossary Discount,,,failed,False,2026-08-23T16:16:03.366904+09:00
Glossary Dock,,,failed,False,2026-08-18T22:02:54.576094+09:00
Glossary Dossier,,,failed,False,2026-08-21T01:06:16.364943+09:00
Glossary Downpayment,,,failed,False,2026-08-27T21:49:27.090308+09:00
Glossary Draft,,,failed,False,2026-08-19T20:45:21.816276+09:00
Glossary Due,,,failed,False,2026-08-23T15:52:37.821939+09:00
Glossary Duty,,,failed,False,2026-08-21T02:43:14.426169+09:00
Glossary Engine,,,failed,False,2026-08-18T22:05:19.741515+09:00
Glossary Entry,260.0,0.0,success,False,2026-08-21T01:06:30.195338+09:00
Glossary Estimate,,,failed,False,2026-08-19T21:16:30.496623+09:00
Glossary Estimator,,,failed,False,2026-08-27T23:57:57.910775+09:00
Glossary Excerpt,,,failed,False,2026-08-21T01:06:23.582625+09:00
Glossary Fare,,,failed,False,2026-08-21T02:12:39.261551+09:00
Glossary Fee,,,failed,False,2026-08-21T01:57:06.498210+09:00
Glossary Feed,,,failed,False,2026-08-19T20:45:14.737555+09:00
Glossary Field,10.0,0.0,success,False,2026-08-23T13:08:51.704947+09:00
Glossary File,20.0,0.0,success,False,2026-08-19T20:44:32.627645+09:00
Glossary Finder,,,failed,False,2026-08-18T23:59:36.900086+09:00
Glossary Fine,,,failed,False,2026-08-23T02:57:17.363671+09:00
Glossary Flag,,,failed,False,2026-08-21T00:33:53.387508+09:00
Glossary Flow,,,failed,False,2026-08-18T22:09:23.803071+09:00
Glossary Forge,,,failed,False,2026-08-18T22:10:34.249457+09:00
Glossary Form,,,failed,False,2026-08-19T13:31:05.950766+09:00
Glossary Format,1000.0,0.0,success,True,2026-08-23T13:08:53.842629+09:00
Glossary Frame,,,failed,False,2026-08-18T23:51:12.499703+09:00
Glossary Fund,,,failed,False,2026-08-21T02:28:12.321639+09:00
Glossary Gate,,,failed,False,2026-08-18T22:04:07.158721+09:00
Glossary Generator,50.0,2.0,success,False,2026-08-27T23:36:17.600549+09:00
Glossary Giveaway,,,failed,False,2026-08-27T21:18:26.738212+09:00
Glossary Grade,,,failed,False,2026-08-21T00:33:37.107629+09:00
Glossary Grid,,,failed,False,2026-08-18T22:11:41.345427+09:00
Glossary Guard,,,failed,False,2026-08-18T22:08:59.053528+09:00
Glossary Guardian,,,failed,False,2026-08-28T00:26:47.602211+09:00
Glossary Guidebook,,,failed,False,2026-08-18T22:08:02.449968+09:00
Glossary Helpdesk,,,failed,False,2026-08-27T22:50:07.511114+09:00
Glossary Helper,,,failed,False,2026-08-28T00:26:52.853264+09:00
Glossary History,260.0,0.0,success,False,2026-08-19T20:44:26.671038+09:00
Glossary Hotline,,,failed,False,2026-08-19T21:16:53.658254+09:00
Glossary Hub,260.0,1.0,success,False,2026-08-18T22:09:32.067298+09:00
Glossary Identifier,,,failed,False,2026-08-23T13:08:42.186526+09:00
Glossary Incentive,,,failed,False,2026-08-27T21:18:26.738212+09:00
Glossary Index,390.0,0.0,success,False,2026-08-19T21:15:56.084621+09:00
Glossary Insight,,,failed,False,2026-08-18T22:06:12.435541+09:00
Glossary Installment,,,failed,False,2026-08-23T16:16:03.366904+09:00
Glossary Item,720.0,0.0,success,False,2026-08-21T01:57:10.227780+09:00
Glossary Journal,,,failed,False,2026-08-18T22:07:47.344279+09:00
Glossary Keeper,,,failed,False,2026-08-18T22:04:49.273954+09:00
Glossary Kit,,,failed,False,2026-08-27T22:50:00.330096+09:00
Glossary Lab,,,failed,False,2026-08-18T23:51:12.499703+09:00
Glossary Label,,,failed,False,2026-08-27T22:13:43.125947+09:00
Glossary Layout,140.0,0.0,success,False,2026-08-27T22:29:16.006701+09:00
Glossary Ledger,,,failed,False,2026-08-18T23:51:12.499703+09:00
Glossary Lens,,,failed,False,2026-08-18T23:51:12.499703+09:00
Glossary Level,,,failed,False,2026-08-19T20:44:39.695908+09:00
Glossary Link,50.0,0.0,success,False,2026-08-23T03:22:11.470893+09:00
Glossary List,1900.0,0.0,success,True,2026-08-19T21:59:12.539055+09:00
Glossary Loan,,,failed,False,2026-08-21T02:12:49.636286+09:00
Glossary Locator,,,failed,False,2026-08-18T23:59:30.074918+09:00
Glossary Lock,,,failed,False,2026-08-18T22:12:21.706710+09:00
Glossary Log,,,failed,False,2026-08-19T13:30:57.828554+09:00
Glossary Loop,,,failed,False,2026-08-18T22:11:32.522772+09:00
Glossary Manager,10.0,0.0,success,False,2026-08-18T22:05:00.347281+09:00
Glossary Map,,,failed,False,2026-08-18T23:51:12.499703+09:00
Glossary Memo,,,failed,False,2026-08-21T00:33:43.074758+09:00
Glossary Metrics,,,failed,False,2026-08-18T22:06:20.125556+09:00
Glossary Monitor,,,failed,False,2026-08-18T22:06:03.591349+09:00
Glossary Navigator,,,failed,False,2026-08-18T22:06:49.548592+09:00
Glossary Nexus,,,failed,False,2026-08-18T22:04:21.198301+09:00
Glossary Node,,,failed,False,2026-08-18T22:03:58.790181+09:00
Glossary Note,,,failed,False,2026-08-19T13:32:02.705004+09:00
Glossary Notification,,,failed,False,2026-08-27T22:50:00.330096+09:00
Glossary Number,,,failed,False,2026-08-23T03:22:03.644415+09:00
Glossary Office,,,failed,False,2026-08-18T23:59:57.747609+09:00
Glossary Ops,,,failed,False,2026-08-18T22:07:14.456265+09:00
Glossary Order,10.0,1.0,success,False,2026-08-19T21:58:36.842594+09:00
Glossary Organizer,,,failed,False,2026-08-18T22:05:55.715721+09:00
Glossary Overage,,,failed,False,2026-08-27T21:49:24.879038+09:00
Glossary Overdue,,,failed,False,2026-08-27T21:49:20.358831+09:00
Glossary Panel,,,failed,False,2026-08-18T23:51:12.499703+09:00
Glossary Path,,,failed,False,2026-08-18T22:12:06.505434+09:00
Glossary Payoff,,,failed,False,2026-08-27T21:49:22.679951+09:00
Glossary Petition,,,failed,False,2026-08-21T01:06:07.369655+09:00
Glossary Pilot,,,failed,False,2026-08-18T22:09:37.820706+09:00
Glossary Plan,,,failed,False,2026-08-21T01:57:21.062358+09:00
Glossary Planner,,,failed,False,2026-08-18T22:05:38.221943+09:00
Glossary Playbook,,,failed,False,2026-08-18T22:07:38.070107+09:00
Glossary Point,,,failed,False,2026-08-18T22:12:13.672404+09:00
Glossary Portal,,,failed,False,2026-08-18T23:51:12.499703+09:00
Glossary Preview,,,failed,False,2026-08-28T01:08:07.317285+09:00
Glossary Profile,,,failed,False,2026-08-19T13:32:18.631834+09:00
Glossary Profit,,,failed,False,2026-08-23T02:57:13.068042+09:00
Glossary Pulse,,,failed,False,2026-08-18T22:11:47.554399+09:00
Glossary Queue,,,failed,False,2026-08-19T21:16:19.911294+09:00
Glossary Quota,,,failed,False,2026-08-21T00:33:48.597432+09:00
Glossary Radar,,,failed,False,2026-08-18T22:09:56.131275+09:00
Glossary Rail,,,failed,False,2026-08-18T22:03:05.761687+09:00
Glossary Rate,,,failed,False,2026-08-19T20:44:50.684915+09:00
Glossary Recap,,,failed,False,2026-08-21T01:06:19.538829+09:00
Glossary Receipt,,,failed,False,2026-08-19T21:58:54.005326+09:00
Glossary Register,,,failed,False,2026-08-18T22:07:05.348378+09:00
Glossary Registry,,,failed,False,2026-08-18T22:08:11.096453+09:00
Glossary Relay,,,failed,False,2026-08-18T22:10:02.231985+09:00
Glossary Reminder,,,failed,False,2026-08-19T21:15:37.050210+09:00
Glossary Report,110.0,0.0,success,False,2026-08-19T13:30:50.408917+09:00
Glossary Repository,,,failed,False,2026-08-27T23:15:33.369822+09:00
Glossary Ring,,,failed,False,2026-08-18T22:03:49.519359+09:00
Glossary Roadmap,,,failed,False,2026-08-18T22:08:50.050771+09:00
Glossary Roster,,,failed,False,2026-08-19T00:37:34.373704+09:00
Glossary Route,,,failed,False,2026-08-18T22:02:44.404885+09:00
Glossary Rule,,,failed,False,2026-08-23T03:22:14.563475+09:00
Glossary Sale,,,failed,False,2026-08-21T02:28:18.996082+09:00
Glossary Sample,1600.0,0.0,success,True,2026-08-19T21:59:55.438905+09:00
Glossary Scale,,,failed,False,2026-08-18T22:02:33.707465+09:00
Glossary Scanner,,,failed,False,2026-08-27T23:58:00.506831+09:00
Glossary Scheduler,,,failed,False,2026-08-18T22:05:45.987777+09:00
Glossary Scope,,,failed,False,2026-08-18T22:11:21.547380+09:00
Glossary Score,,,failed,False,2026-08-19T13:31:50.431005+09:00
Glossary Sentry,,,failed,False,2026-08-18T22:04:40.579410+09:00
Glossary Sheet,260.0,0.0,success,False,2026-08-19T13:31:38.491721+09:00
Glossary Shortfall,,,failed,False,2026-08-27T21:49:29.301041+09:00
Glossary Signal,,,failed,False,2026-08-18T22:11:05.779319+09:00
Glossary Slip,,,failed,False,2026-08-19T21:59:46.400279+09:00
Glossary Slot,,,failed,False,2026-08-19T22:00:08.446877+09:00
Glossary Snapshot,,,failed,False,2026-08-18T22:07:55.686998+09:00
Glossary Stake,,,failed,False,2026-08-23T02:57:15.173266+09:00
Glossary Statement,,,failed,False,2026-08-21T00:33:20.736767+09:00
Glossary Station,,,failed,False,2026-08-18T23:51:12.499703+09:00
Glossary Status,,,failed,False,2026-08-19T20:44:05.928260+09:00
Glossary Stub,,,failed,False,2026-08-21T00:33:14.863078+09:00
Glossary Studio,10.0,2.0,success,False,2026-08-18T23:51:12.499703+09:00
Glossary Suite,,,failed,False,2026-08-18T22:05:11.798475+09:00
Glossary Sum,,,failed,False,2026-08-21T02:28:00.693334+09:00
Glossary Summary,,,failed,False,2026-08-19T21:15:11.193054+09:00
Glossary Sync,,,failed,False,2026-08-18T22:09:15.023895+09:00
Glossary Tab,,,failed,False,2026-08-21T00:33:58.463562+09:00
Glossary Table,480.0,0.0,success,False,2026-08-19T21:59:23.737982+09:00
Glossary Tag,,,failed,False,2026-08-19T13:32:07.571238+09:00
Glossary Tally,,,failed,False,2026-08-21T00:33:28.430853+09:00
Glossary Tariff,,,failed,False,2026-08-21T02:43:25.318568+09:00
Glossary Tax,70.0,0.0,success,False,2026-08-21T02:12:43.354957+09:00
Glossary Terminal,,,failed,False,2026-08-18T23:51:12.499703+09:00
Glossary Ticket,,,failed,False,2026-08-19T21:16:06.341907+09:00
Glossary Timeline,,,failed,False,2026-08-19T21:15:22.705045+09:00
Glossary Toll,,,failed,False,2026-08-21T02:43:19.046773+09:00
Glossary Toolbox,,,failed,False,2026-08-28T00:26:50.285916+09:00
Glossary Toolkit,,,failed,False,2026-08-18T22:07:30.618042+09:00
Glossary Total,,,failed,False,2026-08-27T23:15:30.690091+09:00
Glossary Tracker,,,failed,False,2026-08-18T22:09:07.653451+09:00
Glossary Trail,,,failed,False,2026-08-18T22:03:14.728477+09:00
Glossary Trial,,,failed,False,2026-08-27T21:18:16.007823+09:00
Glossary Unit,,,failed,False,2026-08-21T01:57:17.630744+09:00
Glossary Update,,,failed,False,2026-08-19T20:44:56.793146+09:00
Glossary Vault,,,failed,False,2026-08-18T22:10:10.353821+09:00
Glossary Version,,,failed,False,2026-08-23T03:22:09.250404+09:00
Glossary View,10.0,,success,False,2026-08-19T20:44:16.708983+09:00
Glossary Watch,,,failed,False,2026-08-18T22:11:13.751205+09:00
Glossary Wave,,,failed,False,2026-08-18T22:11:59.574853+09:00
Glossary Widget,10.0,14.0,success,False,2026-08-27T23:15:30.690091+09:00
Glossary Workbench,,,failed,False,2026-08-18T22:07:21.490302+09:00
Glossary Workshop,,,failed,False,2026-08-28T00:26:47.602211+09:00
Glossary Zone,,,failed,False,2026-08-18T23:51:12.499703+09:00
Grace Advance,70.0,0.0,success,False,2026-08-23T16:15:17.461758+09:00
Grace Advisory,20.0,0.0,success,False,2026-08-21T01:05:11.632109+09:00
Grace Alert,,,failed,False,2026-08-21T00:08:12.228304+09:00
Grace Allowance,,,failed,False,2026-08-21T02:43:10.515094+09:00
Grace Analyzer,,,failed,False,2026-08-27T23:53:26.856284+09:00
Grace Arrears,,,failed,False,2026-08-23T16:15:12.953510+09:00
Grace Assistant,,,failed,False,2026-08-21T00:06:35.659041+09:00
Grace Atlas,50.0,0.0,success,False,2026-08-21T00:06:26.162440+09:00
Grace Attribute,,,failed,False,2026-08-23T13:05:17.487653+09:00
Grace Badge,170.0,0.0,success,False,2026-08-21T00:28:39.996166+09:00
Grace Balance,50.0,3.0,success,False,2026-08-23T13:46:45.487661+09:00
Grace Bay,14800.0,35.0,success,False,2026-08-21T00:07:33.633888+09:00
Grace Beacon,,,failed,False,2026-08-21T00:11:12.755377+09:00
Grace Bill,90.0,0.0,success,False,2026-08-21T00:10:14.810334+09:00
Grace Bin,170.0,5.0,success,False,2026-08-21T00:08:19.938205+09:00
Grace Board,70.0,17.0,success,False,2026-08-21T00:05:23.895920+09:00
Grace Book,2900.0,24.0,success,False,2026-08-21T00:10:34.597077+09:00
Grace Booth,880.0,0.0,success,False,2026-08-21T00:07:23.788027+09:00
Grace Bridge,1600.0,1.0,success,False,2026-08-21T00:11:23.626216+09:00
Grace Brief,,,failed,False,2026-08-21T01:04:22.356565+09:00
Grace Bulletin,20.0,29.0,success,False,2026-08-21T01:04:18.102523+09:00
Grace Calculator,880.0,0.0,success,False,2026-08-27T23:33:00.078931+09:00
Grace Card,4400.0,2.0,success,False,2026-08-21T00:08:53.382830+09:00
Grace Cascade,,,failed,False,2026-08-21T00:11:18.069642+09:00
Grace Cash,30.0,0.0,success,False,2026-08-21T02:26:29.042609+09:00
Grace Cashback,,,failed,False,2026-08-27T21:18:35.629474+09:00
Grace Category,10.0,0.0,success,False,2026-08-23T13:05:15.223495+09:00
Grace Center,2400.0,2.0,success,False,2026-08-21T00:05:42.702163+09:00
Grace Chain,70.0,20.0,success,False,2026-08-21T00:06:10.990572+09:00
Grace Charge,20.0,0.0,success,False,2026-08-21T02:42:59.558136+09:00
Grace Chart,50.0,0.0,success,False,2026-08-21T00:08:16.662845+09:00
Grace Check,20.0,0.0,success,False,2026-08-21T00:09:02.871951+09:00
Grace Checker,,,failed,False,2026-08-27T23:53:16.393422+09:00
Grace Circular,,,failed,False,2026-08-21T01:04:35.050629+09:00
Grace Code,390.0,11.0,success,False,2026-08-21T00:10:20.448306+09:00
Grace Companion,,,failed,False,2026-08-21T00:06:48.646021+09:00
Grace Comparison,,,failed,False,2026-08-28T01:05:00.784184+09:00
Grace Confirmation,,,failed,False,2026-08-21T01:05:18.575555+09:00
Grace Console,10.0,64.0,success,False,2026-08-21T00:05:53.181576+09:00
Grace Contribution,,,failed,False,2026-08-23T16:15:09.158473+09:00
Grace Copayment,,,failed,False,2026-08-23T16:39:33.315090+09:00
Grace Cost,90.0,0.0,success,False,2026-08-21T02:09:26.864571+09:00
Grace Count,,,failed,False,2026-08-27T22:44:16.144123+09:00
Grace Counter,20.0,0.0,success,False,2026-08-21T00:07:16.411531+09:00
Grace Coupon,10.0,0.0,success,False,2026-08-27T21:18:29.046782+09:00
Grace Deal,50.0,1.0,success,False,2026-08-21T01:52:03.394231+09:00
Grace Debt,60500.0,0.0,success,True,2026-08-21T02:26:21.259847+09:00
Grace Deck,20.0,0.0,success,False,2026-08-21T00:05:26.838977+09:00
Grace Desk,10.0,83.0,success,False,2026-08-21T00:10:58.171885+09:00
Grace Detail,140.0,1.0,success,False,2026-08-23T03:24:21.370472+09:00
Grace Detector,,,failed,False,2026-08-27T23:53:23.914629+09:00
Grace Diagram,40.0,0.0,success,False,2026-08-27T22:14:17.347960+09:00
Grace Directory,20.0,0.0,success,False,2026-08-21T00:07:05.249232+09:00
Grace Discount,10.0,43.0,success,False,2026-08-23T16:15:06.058154+09:00
Grace Dossier,,,failed,False,2026-08-21T01:04:52.081586+09:00
Grace Downpayment,,,failed,False,2026-08-27T21:49:45.629659+09:00
Grace Draft,,,failed,False,2026-08-21T00:09:53.180945+09:00
Grace Duty,,,failed,False,2026-08-21T02:43:04.921789+09:00
Grace Endowment,,,failed,False,2026-08-23T15:51:53.307481+09:00
Grace Engine,90.0,1.0,success,False,2026-08-21T00:06:33.457247+09:00
Grace Entry,,,failed,False,2026-08-21T01:05:23.608566+09:00
Grace Estimate,,,failed,False,2026-08-21T00:10:10.668873+09:00
Grace Estimator,,,failed,False,2026-08-27T23:53:16.393422+09:00
Grace Excerpt,,,failed,False,2026-08-21T01:05:20.057524+09:00
Grace Extension,40.0,45.0,success,False,2026-08-23T16:39:35.759045+09:00
Grace Fare,50.0,1.0,success,False,2026-08-21T02:09:35.775353+09:00
Grace Fee,50.0,1.0,success,False,2026-08-21T01:51:43.156382+09:00
Grace Feed,,,failed,False,2026-08-21T00:09:46.713564+09:00
Grace File,70.0,0.0,success,False,2026-08-21T00:09:33.821521+09:00
Grace Fine,50.0,54.0,success,False,2026-08-23T02:57:53.053705+09:00
Grace Flag,590.0,32.0,success,False,2026-08-21T00:29:27.962730+09:00
Grace Flow,140.0,0.0,success,False,2026-08-21T00:10:48.719546+09:00
Grace Forge,90.0,2.0,success,False,2026-08-21T00:11:15.329507+09:00
Grace Form,140.0,11.0,success,False,2026-08-21T00:08:50.298724+09:00
Grace Format,10.0,0.0,success,False,2026-08-23T13:05:23.446570+09:00
Grace Frame,1000.0,90.0,success,False,2026-08-21T00:12:01.439565+09:00
Grace Fund,4400.0,3.0,success,False,2026-08-21T02:26:24.473700+09:00
Grace Gate,2900.0,7.0,success,False,2026-08-21T00:06:19.535864+09:00
Grace Giveaway,,,failed,False,2026-08-27T21:18:45.597821+09:00
Grace Grade,,,failed,False,2026-08-21T00:29:07.557420+09:00
Grace Grid,,,failed,False,2026-08-21T00:11:41.126262+09:00
Grace Guarantee,,,failed,False,2026-08-28T01:05:06.027579+09:00
Grace Guardian,70.0,0.0,success,False,2026-08-28T00:23:32.387348+09:00
Grace Harbor,590.0,1.0,success,False,2026-08-21T00:07:51.744677+09:00
Grace Helpdesk,,,failed,False,2026-08-27T22:44:16.144123+09:00
Grace Helper,,,failed,False,2026-08-28T00:23:37.982808+09:00
Grace History,30.0,0.0,success,False,2026-08-21T00:09:30.468859+09:00
Grace Hub,260.0,1.0,success,False,2026-08-21T00:10:51.522547+09:00
Grace Identifier,,,failed,False,2026-08-23T13:05:12.905502+09:00
Grace Inbox,,,failed,False,2026-08-21T00:08:06.282154+09:00
Grace Incentive,,,failed,False,2026-08-27T21:18:45.597821+09:00
Grace Index,10.0,0.0,success,False,2026-08-21T00:10:06.230079+09:00
Grace Installment,,,failed,False,2026-08-23T16:15:06.058154+09:00
Grace Interest,,,failed,False,2026-08-23T13:46:47.656789+09:00
Grace Item,590.0,0.0,success,False,2026-08-21T01:51:52.747806+09:00
Grace Journal,140.0,26.0,success,False,2026-08-21T00:06:59.654665+09:00
Grace Keeper,40.0,1.0,success,False,2026-08-21T00:06:28.229778+09:00
Grace Kiosk,260.0,1.0,success,False,2026-08-21T00:07:26.703840+09:00
Grace Lab,1000.0,2.0,success,False,2026-08-21T00:05:32.052210+09:00
Grace Ledger,20.0,0.0,success,False,2026-08-19T23:13:53.160538+09:00
Grace Level,5400.0,100.0,success,False,2026-08-21T00:09:36.388404+09:00
Grace Levy,140.0,0.0,success,False,2026-08-23T13:46:47.656789+09:00
Grace Line,2400.0,22.0,success,False,2026-08-21T00:08:32.112101+09:00
Grace Link,8100.0,0.0,success,True,2026-08-23T03:24:18.387553+09:00
Grace List,110.0,0.0,success,False,2026-08-21T00:10:27.698876+09:00
Grace Loan,3600.0,23.0,success,False,2026-08-21T02:09:44.145059+09:00
Grace Lobby,210.0,0.0,success,False,2026-08-21T00:08:26.557259+09:00
Grace Locator,,,failed,False,2026-08-21T00:07:07.636475+09:00
Grace Locker,,,failed,False,2026-08-21T00:07:19.615144+09:00
Grace Log,30.0,0.0,success,False,2026-08-21T00:08:47.899784+09:00
Grace Loop,30.0,0.0,success,False,2026-08-21T00:11:37.455869+09:00
Grace Manager,,,failed,False,2026-08-21T00:06:31.070365+09:00
Grace Manual,10.0,0.0,success,False,2026-08-27T22:14:14.143197+09:00
Grace Map,590.0,0.0,success,False,2026-08-21T00:11:58.658369+09:00
Grace Margin,10.0,0.0,success,False,2026-08-23T02:57:50.579977+09:00
Grace Memo,20.0,0.0,success,False,2026-08-21T00:29:13.109702+09:00
Grace Message,390.0,9.0,success,False,2026-08-27T23:10:19.958354+09:00
Grace Monitor,20.0,55.0,success,False,2026-08-21T00:06:45.845117+09:00
Grace Nexus,,,failed,False,2026-08-21T00:06:22.845965+09:00
Grace Note,12100.0,1.0,success,False,2026-08-21T00:09:09.007645+09:00
Grace Notification,,,failed,False,2026-08-27T22:44:05.542192+09:00
Grace Number,260.0,0.0,success,False,2026-08-23T03:24:09.830834+09:00
Grace Office,140.0,1.0,success,False,2026-08-21T00:07:13.344965+09:00
Grace Ops,10.0,0.0,success,False,2026-08-21T00:06:55.425363+09:00
Grace Order,30.0,1.0,success,False,2026-08-21T00:10:12.835483+09:00
Grace Outpost,,,failed,False,2026-08-21T00:07:41.757493+09:00
Grace Overage,,,failed,False,2026-08-27T21:49:42.725472+09:00
Grace Overdue,,,failed,False,2026-08-27T21:49:38.109800+09:00
Grace Panel,50.0,30.0,success,False,2026-08-21T00:05:56.272120+09:00
Grace Pass,210.0,0.0,success,False,2026-08-21T00:28:23.086581+09:00
Grace Passport,20.0,0.0,success,False,2026-08-21T00:08:22.856324+09:00
Grace Path,140.0,1.0,success,False,2026-08-21T00:11:51.224044+09:00
Grace Payoff,,,failed,False,2026-08-27T21:49:38.109800+09:00
Grace Penalty,,,failed,False,2026-08-23T16:39:33.315090+09:00
Grace Petition,10.0,0.0,success,False,2026-08-21T01:04:45.668721+09:00
Grace Plan,320.0,15.0,success,False,2026-08-21T01:51:57.784692+09:00
Grace Planner,320.0,15.0,success,False,2026-08-21T00:06:39.076451+09:00
Grace Playbook,,,failed,False,2026-08-21T00:06:57.541230+09:00
Grace Plaza,4400.0,4.0,success,False,2026-08-21T00:07:47.780593+09:00
Grace Point,5400.0,2.0,success,False,2026-08-21T00:11:53.848385+09:00
Grace Portal,2400.0,0.0,success,True,2026-08-21T00:05:49.318712+09:00
Grace Post,40.0,0.0,success,False,2026-08-21T00:07:38.957051+09:00
Grace Preview,10.0,0.0,success,False,2026-08-28T01:05:00.784184+09:00
Grace Profile,20.0,0.0,success,False,2026-08-21T00:09:15.337380+09:00
Grace Profit,10.0,0.0,success,False,2026-08-23T02:57:43.117346+09:00
Grace Proposal,,,failed,False,2026-08-28T01:05:03.424573+09:00
Grace Quota,,,failed,False,2026-08-21T00:29:21.936028+09:00
Grace Radar,10.0,0.0,success,False,2026-08-21T00:11:01.156571+09:00
Grace Rail,,,failed,False,2026-08-21T00:06:05.500178+09:00
Grace Rate,20.0,0.0,success,False,2026-08-21T00:09:38.850867+09:00
Grace Recap,30.0,0.0,success,False,2026-08-21T01:05:06.601547+09:00
Grace Receipt,,,failed,False,2026-08-21T00:10:17.224400+09:00
Grace Register,50.0,0.0,success,False,2026-08-21T00:06:52.239933+09:00
Grace Relay,,,failed,False,2026-08-21T00:11:04.008018+09:00
Grace Reminder,,,failed,False,2026-08-21T00:10:04.105660+09:00
Grace Report,390.0,0.0,success,False,2026-08-21T00:08:45.670716+09:00
Grace Ring,390.0,92.0,success,False,2026-08-21T00:06:15.045348+09:00
Grace Roll,50.0,0.0,success,False,2026-08-21T00:08:43.301972+09:00
Grace Roster,,,failed,False,2026-08-21T00:08:03.129328+09:00
Grace Route,90.0,0.0,success,False,2026-08-21T00:06:02.924923+09:00
Grace Rule,140.0,0.0,success,False,2026-08-23T03:24:21.370472+09:00
Grace Sale,590.0,97.0,success,False,2026-08-21T02:26:32.701256+09:00
Grace Sample,720.0,1.0,success,False,2026-08-21T00:10:39.439345+09:00
Grace Scale,390.0,0.0,success,False,2026-08-21T00:05:58.957091+09:00
Grace Scanner,,,failed,False,2026-08-27T23:53:21.557901+09:00
Grace Scope,10.0,0.0,success,False,2026-08-21T00:11:33.849438+09:00
Grace Score,33100.0,0.0,success,True,2026-08-21T00:09:06.463923+09:00
Grace Sheet,110.0,7.0,success,False,2026-08-21T00:08:56.538180+09:00
Grace Shelf,,,failed,False,2026-08-21T00:07:59.311862+09:00
Grace Shortfall,,,failed,False,2026-08-27T21:49:45.629659+09:00
Grace Signal,,,failed,False,2026-08-21T00:11:27.452285+09:00
Grace Slip,10.0,0.0,success,False,2026-08-21T00:10:37.172281+09:00
Grace Slot,20.0,4.0,success,False,2026-08-21T00:10:41.968767+09:00
Grace Stake,10.0,0.0,success,False,2026-08-23T02:57:47.800883+09:00
Grace Statement,10.0,0.0,success,False,2026-08-21T00:28:53.322616+09:00
Grace Station,170.0,0.0,success,False,2026-08-21T00:05:36.511484+09:00
Grace Status,40.0,0.0,success,False,2026-08-21T00:09:19.692750+09:00
Grace Stub,,,failed,False,2026-08-21T00:28:44.167575+09:00
Grace Studio,4400.0,4.0,success,False,2026-08-21T00:05:29.824761+09:00
Grace Sum,20.0,0.0,success,False,2026-08-21T02:26:18.130699+09:00
Grace Summary,20.0,0.0,success,False,2026-08-21T00:09:59.655575+09:00
Grace Tab,1300.0,0.0,success,True,2026-08-21T00:29:35.718141+09:00
Grace Table,590.0,16.0,success,False,2026-08-21T00:10:31.102119+09:00
Grace Tag,,,failed,False,2026-08-21T00:09:11.987938+09:00
Grace Tally,,,failed,False,2026-08-21T00:28:59.306676+09:00
Grace Tariff,,,failed,False,2026-08-21T02:43:14.426169+09:00
Grace Tax,110.0,0.0,success,False,2026-08-21T02:09:39.165114+09:00
Grace Terminal,,,failed,False,2026-08-21T00:05:39.660885+09:00
Grace Ticker,,,failed,False,2026-08-21T00:08:29.674648+09:00
Grace Ticket,50.0,4.0,success,False,2026-08-21T00:10:08.386733+09:00
Grace Timeline,10.0,0.0,success,False,2026-08-21T00:10:01.982446+09:00
Grace Timer,110.0,0.0,success,False,2026-08-28T00:23:28.806149+09:00
Grace Token,40.0,1.0,success,False,2026-08-23T13:27:09.032773+09:00
Grace Toll,,,failed,False,2026-08-21T02:43:07.410836+09:00
Grace Toolbox,,,failed,False,2026-08-28T00:23:35.070799+09:00
Grace Tower,2900.0,3.0,success,False,2026-08-21T00:07:55.712848+09:00
Grace Tracker,140.0,1.0,success,False,2026-08-21T00:10:46.000113+09:00
Grace Trail,140.0,0.0,success,False,2026-08-21T00:06:08.424463+09:00
Grace Trend,10.0,0.0,success,False,2026-08-28T01:04:57.702842+09:00
Grace Trial,90.0,0.0,success,False,2026-08-27T21:18:35.629474+09:00
Grace Unit,40.0,16.0,success,False,2026-08-21T01:51:54.787871+09:00
Grace Update,590.0,0.0,success,False,2026-08-21T00:09:42.716549+09:00
Grace Value,70.0,0.0,success,False,2026-08-23T02:57:45.364347+09:00
Grace Vault,,,failed,False,2026-08-21T00:11:07.276592+09:00
Grace Version,10.0,0.0,success,False,2026-08-23T03:24:13.637906+09:00
Grace View,1000.0,3.0,success,False,2026-08-21T00:09:26.936437+09:00
Grace Voucher,,,failed,False,2026-08-21T00:28:30.302130+09:00
Grace Watch,480.0,51.0,success,False,2026-08-21T00:11:31.112963+09:00
Grace Wave,1900.0,0.0,success,True,2026-08-21T00:11:44.764762+09:00
Grace Widget,,,failed,False,2026-08-27T23:10:28.498213+09:00
Grace Window,170.0,7.0,success,False,2026-08-21T00:08:39.923175+09:00
Grace Worksheet,10.0,0.0,success,False,2026-08-27T22:14:17.347960+09:00
Grace Yard,140.0,0.0,success,False,2026-08-21T00:07:30.087170+09:00
Grace Zone,50.0,0.0,success,False,2026-08-21T00:05:45.974525+09:00
Grading Advisory,,,failed,False,2026-08-21T00:59:03.951352+09:00
Grading Allowance,,,failed,False,2026-08-21T02:39:34.519072+09:00
Grading Almanac,,,failed,False,2026-08-18T22:05:50.321080+09:00
Grading Analyzer,,,failed,False,2026-08-27T23:58:14.186756+09:00
Grading Anchor,,,failed,False,2026-08-17T20:41:27.066117+09:00
Grading Announcement,,,failed,False,2026-08-27T23:36:10.117910+09:00
Grading Assistant,110.0,1.0,success,False,2026-08-17T23:32:27.078253+09:00
Grading Atlas,,,failed,False,2026-08-17T20:31:36.969919+09:00
Grading Attribute,,,failed,False,2026-08-23T13:07:07.950459+09:00
Grading Badge,,,failed,False,2026-08-21T00:36:35.821010+09:00
Grading Base,,,failed,False,2026-08-17T21:38:46.123803+09:00
Grading Beacon,,,failed,False,2026-08-17T20:44:54.516764+09:00
Grading Bill,,,failed,False,2026-08-19T22:03:08.515859+09:00
Grading Blueprint,,,failed,False,2026-08-18T22:05:42.226060+09:00
Grading Board,390.0,6.0,success,False,2026-08-17T21:35:24.685319+09:00
Grading Book,1000.0,32.0,success,False,2026-08-19T22:03:59.574342+09:00
Grading Bridge,,,failed,False,2026-08-17T20:42:13.997557+09:00
Grading Brief,,,failed,False,2026-08-21T00:58:54.317507+09:00
Grading Bulletin,,,failed,False,2026-08-21T00:58:49.473587+09:00
Grading Calculator,90500.0,0.0,success,True,2026-08-27T23:36:10.117910+09:00
Grading Calendar,590.0,0.0,success,False,2026-08-18T23:59:51.056306+09:00
Grading Card,33100.0,55.0,success,False,2026-08-19T13:28:41.334086+09:00
Grading Cascade,,,failed,False,2026-08-17T20:43:09.097865+09:00
Grading Cash,,,failed,False,2026-08-21T02:23:48.995246+09:00
Grading Catalog,,,failed,False,2026-08-19T21:19:43.238592+09:00
Grading Category,720.0,0.0,success,False,2026-08-23T13:07:04.865387+09:00
Grading Center,480.0,7.0,success,False,2026-08-17T20:47:33.914967+09:00
Grading Chain,,,failed,False,2026-08-17T20:36:40.845127+09:00
Grading Charge,,,failed,False,2026-08-21T02:39:23.092445+09:00
Grading Chart,8100.0,0.0,success,True,2026-08-19T12:23:14.200437+09:00
Grading Check,9900.0,0.0,success,True,2026-08-19T13:28:58.111204+09:00
Grading Checker,9900.0,0.0,success,True,2026-08-27T23:58:05.711455+09:00
Grading Checklist,320.0,4.0,success,False,2026-08-19T21:18:38.634661+09:00
Grading Circular,,,failed,False,2026-08-21T01:00:08.450743+09:00
Grading Cockpit,,,failed,False,2026-08-17T23:14:10.961193+09:00
Grading Code,260.0,0.0,success,False,2026-08-19T22:03:30.282761+09:00
Grading Codex,,,failed,False,2026-08-18T22:06:07.690995+09:00
Grading Companion,,,failed,False,2026-08-17T23:33:31.331574+09:00
Grading Comparison,,,failed,False,2026-08-28T01:08:26.427990+09:00
Grading Compass,,,failed,False,2026-08-17T20:45:51.407426+09:00
Grading Compendium,,,failed,False,2026-08-18T22:05:59.558657+09:00
Grading Confirmation,,,failed,False,2026-08-21T00:59:12.932532+09:00
Grading Console,10.0,33.0,success,False,2026-08-17T20:44:24.451216+09:00
Grading Converter,3600.0,0.0,success,True,2026-08-27T23:36:10.117910+09:00
Grading Core,,,failed,False,2026-08-17T21:37:36.095439+09:00
Grading Cost,260.0,4.0,success,False,2026-08-21T02:08:11.666475+09:00
Grading Count,,,failed,False,2026-08-27T22:49:51.876514+09:00
Grading Counter,,,failed,False,2026-08-19T00:00:44.927785+09:00
Grading Dashboard,,,failed,False,2026-08-17T23:33:17.146702+09:00
Grading Deal,,,failed,False,2026-08-21T01:51:57.784692+09:00
Grading Debt,,,failed,False,2026-08-21T02:23:37.293511+09:00
Grading Deck,,,failed,False,2026-08-17T21:34:24.214520+09:00
Grading Depot,,,failed,False,2026-08-19T00:00:28.920086+09:00
Grading Desk,10.0,43.0,success,False,2026-08-17T21:31:41.054400+09:00
Grading Detail,,,failed,False,2026-08-23T03:19:01.069685+09:00
Grading Detector,,,failed,False,2026-08-27T23:58:08.716476+09:00
Grading Dial,,,failed,False,2026-08-17T20:42:41.908187+09:00
Grading Digest,,,failed,False,2026-08-19T20:45:14.737555+09:00
Grading Directory,,,failed,False,2026-08-19T00:00:01.654497+09:00
Grading Discount,,,failed,False,2026-08-23T16:15:01.314751+09:00
Grading Dock,10.0,0.0,success,False,2026-08-17T20:39:25.387216+09:00
Grading Dossier,,,failed,False,2026-08-21T00:59:17.321844+09:00
Grading Downpayment,,,failed,False,2026-08-27T21:48:40.249889+09:00
Grading Draft,22200.0,0.0,success,True,2026-08-19T20:45:32.308725+09:00
Grading Due,,,failed,False,2026-08-23T15:52:07.033808+09:00
Grading Duty,,,failed,False,2026-08-21T02:39:27.182357+09:00
Grading Engine,,,failed,False,2026-08-17T23:10:55.434729+09:00
Grading Entry,,,failed,False,2026-08-21T00:59:36.315785+09:00
Grading Estimate,140.0,3.0,success,False,2026-08-19T21:19:30.531478+09:00
Grading Estimator,,,failed,False,2026-08-27T23:58:03.075368+09:00
Grading Excerpt,,,failed,False,2026-08-21T01:01:51.697457+09:00
Grading Extension,,,failed,False,2026-08-23T16:39:25.527330+09:00
Grading Fare,,,failed,False,2026-08-21T02:08:19.202315+09:00
Grading Fee,50.0,1.0,success,False,2026-08-21T01:51:27.074379+09:00
Grading Feed,,,failed,False,2026-08-19T20:45:25.764339+09:00
Grading File,,,failed,False,2026-08-19T20:44:44.192245+09:00
Grading Finder,,,failed,False,2026-08-19T00:00:18.530849+09:00
Grading Flag,,,failed,False,2026-08-21T00:24:57.111152+09:00
Grading Flow,,,failed,False,2026-08-17T21:34:55.256705+09:00
Grading Forge,,,failed,False,2026-08-17T20:44:04.848400+09:00
Grading Form,480.0,0.0,success,False,2026-08-19T13:28:31.111585+09:00
Grading Format,480.0,0.0,success,False,2026-08-23T13:07:10.531607+09:00
Grading Frame,,,failed,False,2026-08-17T21:41:04.521769+09:00
Grading Fund,,,failed,False,2026-08-21T02:23:42.049826+09:00
Grading Gate,,,failed,False,2026-08-17T20:33:51.962760+09:00
Grading Graph,210.0,2.0,success,False,2026-08-27T22:12:52.289733+09:00
Grading Grid,170.0,0.0,success,False,2026-08-17T20:37:11.919122+09:00
Grading Guard,27100.0,86.0,success,False,2026-08-17T21:38:08.965654+09:00
Grading Guardian,,,failed,False,2026-08-28T00:26:57.692425+09:00
Grading Guidebook,,,failed,False,2026-08-18T22:05:23.943754+09:00
Grading Helper,260.0,1.0,success,False,2026-08-28T00:27:00.787784+09:00
Grading History,2900.0,0.0,success,True,2026-08-19T20:44:35.831978+09:00
Grading Hotline,,,failed,False,2026-08-19T21:19:52.858825+09:00
Grading Hub,,,failed,False,2026-08-17T21:33:48.082783+09:00
Grading Identifier,,,failed,False,2026-08-23T13:07:04.865387+09:00
Grading Index,320.0,1.0,success,False,2026-08-19T21:18:51.088595+09:00
Grading Insight,,,failed,False,2026-08-17T23:07:18.335398+09:00
Grading Item,,,failed,False,2026-08-21T01:51:40.699894+09:00
Grading Journal,,,failed,False,2026-08-18T22:05:06.428384+09:00
Grading Keeper,,,failed,False,2026-08-17T21:41:36.452024+09:00
Grading Lab,390.0,1.0,success,False,2026-08-17T21:32:17.170130+09:00
Grading Ledger,,,failed,False,2026-08-17T21:36:30.682605+09:00
Grading Lens,,,failed,False,2026-08-18T07:52:19.092235+09:00
Grading Level,8100.0,11.0,success,False,2026-08-19T20:44:53.798353+09:00
Grading Link,,,failed,False,2026-08-23T03:18:56.291245+09:00
Grading List,3600.0,0.0,success,True,2026-08-19T22:03:39.900427+09:00
Grading Loan,,,failed,False,2026-08-21T02:08:27.719210+09:00
Grading Locator,,,failed,False,2026-08-19T00:00:12.518097+09:00
Grading Lock,,,failed,False,2026-08-17T20:32:12.868338+09:00
Grading Log,260.0,1.0,success,False,2026-08-19T13:28:15.783876+09:00
Grading Loop,,,failed,False,2026-08-17T20:38:06.157627+09:00
Grading Manager,,,failed,False,2026-08-17T21:39:37.908878+09:00
Grading Manual,590.0,1.0,success,False,2026-08-27T22:12:55.481525+09:00
Grading Map,480.0,1.0,success,False,2026-08-18T07:52:06.675931+09:00
Grading Markup,,,failed,False,2026-08-23T16:39:18.952764+09:00
Grading Memo,,,failed,False,2026-08-21T00:24:39.947545+09:00
Grading Message,,,failed,False,2026-08-27T23:15:15.489365+09:00
Grading Meter,,,failed,False,2026-08-17T20:41:54.470071+09:00
Grading Metrics,90.0,0.0,success,False,2026-08-17T23:33:04.806706+09:00
Grading Monitor,210.0,84.0,success,False,2026-08-17T23:32:54.129749+09:00
Grading Navigator,,,failed,False,2026-08-17T23:08:58.203851+09:00
Grading Nexus,,,failed,False,2026-08-17T20:32:47.475978+09:00
Grading Node,,,failed,False,2026-08-17T20:34:43.926118+09:00
Grading Note,,,failed,False,2026-08-19T13:29:29.454455+09:00
Grading Notification,,,failed,False,2026-08-27T22:49:42.275363+09:00
Grading Number,5400.0,0.0,success,True,2026-08-23T03:18:48.364198+09:00
Grading Office,,,failed,False,2026-08-19T00:00:38.616891+09:00
Grading Ops,,,failed,False,2026-08-17T23:23:29.892589+09:00
Grading Order,,,failed,False,2026-08-19T22:02:59.053365+09:00
Grading Organizer,,,failed,False,2026-08-17T23:12:30.403803+09:00
Grading Outline,,,failed,False,2026-08-27T22:29:10.054268+09:00
Grading Overage,,,failed,False,2026-08-27T21:48:38.041939+09:00
Grading Overdue,,,failed,False,2026-08-27T21:48:33.250783+09:00
Grading Panel,110.0,60.0,success,False,2026-08-17T20:43:36.337910+09:00
Grading Pass,,,failed,False,2026-08-21T00:36:26.230021+09:00
Grading Path,,,failed,False,2026-08-17T20:34:19.305897+09:00
Grading Payoff,,,failed,False,2026-08-27T21:48:35.689301+09:00
Grading Penalty,,,failed,False,2026-08-23T16:39:18.952764+09:00
Grading Petition,,,failed,False,2026-08-21T00:59:08.363801+09:00
Grading Pilot,,,failed,False,2026-08-17T21:32:53.372558+09:00
Grading Plan,1600.0,8.0,success,False,2026-08-21T01:51:52.747806+09:00
Grading Planner,,,failed,False,2026-08-17T23:05:24.872109+09:00
Grading Playbook,,,failed,False,2026-08-18T22:04:53.198463+09:00
Grading Point,5400.0,1.0,success,False,2026-08-17T20:33:23.313632+09:00
Grading Portal,50.0,0.0,success,False,2026-08-17T20:45:28.437462+09:00
Grading Preview,,,failed,False,2026-08-28T01:08:29.646959+09:00
Grading Profile,70.0,0.0,success,False,2026-08-19T13:29:52.884526+09:00
Grading Pulse,4400.0,1.0,success,False,2026-08-17T20:36:12.301778+09:00
Grading Queue,,,failed,False,2026-08-19T21:19:17.312411+09:00
Grading Quota,,,failed,False,2026-08-21T00:24:49.316489+09:00
Grading Radar,,,failed,False,2026-08-17T21:30:33.048254+09:00
Grading Rail,,,failed,False,2026-08-17T20:38:32.473394+09:00
Grading Rank,10.0,0.0,success,False,2026-08-28T00:48:41.501339+09:00
Grading Rate,260.0,5.0,success,False,2026-08-19T20:45:04.260812+09:00
Grading Recap,,,failed,False,2026-08-21T00:59:28.178022+09:00
Grading Receipt,,,failed,False,2026-08-19T22:03:20.182030+09:00
Grading Recorder,,,failed,False,2026-08-27T23:36:17.600549+09:00
Grading Redemption,,,failed,False,2026-08-23T16:39:23.209795+09:00
Grading Register,10.0,0.0,success,False,2026-08-17T22:48:05.376281+09:00
Grading Registry,,,failed,False,2026-08-18T22:05:32.001911+09:00
Grading Relay,,,failed,False,2026-08-17T20:48:15.314618+09:00
Grading Reminder,,,failed,False,2026-08-19T21:18:28.771702+09:00
Grading Report,1900.0,1.0,success,False,2026-08-19T13:28:08.778125+09:00
Grading Repository,,,failed,False,2026-08-27T23:15:28.257448+09:00
Grading Result,12100.0,0.0,success,True,2026-08-28T00:48:41.501339+09:00
Grading Roadmap,,,failed,False,2026-08-18T22:06:16.619003+09:00
Grading Roster,10.0,0.0,success,False,2026-08-19T00:38:36.857956+09:00
Grading Route,,,failed,False,2026-08-17T20:40:20.065990+09:00
Grading Rule,260.0,0.0,success,False,2026-08-23T03:18:56.291245+09:00
Grading Sale,50.0,0.0,success,False,2026-08-21T02:23:51.443965+09:00
Grading Sample,70.0,0.0,success,False,2026-08-19T22:04:20.465966+09:00
Grading Scale,49500.0,1.0,success,False,2026-08-17T20:41:06.345123+09:00
Grading Scanner,1300.0,3.0,success,False,2026-08-27T23:58:08.716476+09:00
Grading Scheduler,,,failed,False,2026-08-17T23:32:40.699548+09:00
Grading Scope,210.0,0.0,success,False,2026-08-17T20:38:59.956902+09:00
Grading Score,2900.0,0.0,success,True,2026-08-19T13:29:07.755274+09:00
Grading Sentry,,,failed,False,2026-08-18T07:52:46.019796+09:00
Grading Sheet,8100.0,3.0,success,False,2026-08-19T13:28:50.400701+09:00
Grading Shortfall,,,failed,False,2026-08-27T21:48:42.861590+09:00
Grading Signal,,,failed,False,2026-08-17T20:40:44.017242+09:00
Grading Slip,590.0,0.0,success,False,2026-08-19T22:04:10.383393+09:00
Grading Slot,,,failed,False,2026-08-19T22:04:26.155627+09:00
Grading Snapshot,,,failed,False,2026-08-18T22:05:13.758359+09:00
Grading Stage,,,failed,False,2026-08-28T00:48:34.201373+09:00
Grading Stamp,2400.0,11.0,success,False,2026-08-23T13:27:46.545552+09:00
Grading Statement,,,failed,False,2026-08-21T00:36:42.590036+09:00
Grading Station,30.0,0.0,success,False,2026-08-17T21:31:05.600589+09:00
Grading Status,480.0,0.0,success,False,2026-08-19T20:44:19.706681+09:00
Grading Stipend,,,failed,False,2026-08-23T13:47:18.876098+09:00
Grading Stub,,,failed,False,2026-08-21T00:36:40.261906+09:00
Grading Studio,20.0,0.0,success,False,2026-08-17T21:33:20.961288+09:00
Grading Suite,320.0,12.0,success,False,2026-08-17T23:32:11.092346+09:00
Grading Sum,,,failed,False,2026-08-21T02:23:33.552099+09:00
Grading Summary,110.0,0.0,success,False,2026-08-19T21:18:07.179482+09:00
Grading Sync,,,failed,False,2026-08-17T21:35:58.459168+09:00
Grading Tab,20.0,0.0,success,False,2026-08-21T00:25:02.156940+09:00
Grading Table,1900.0,0.0,success,True,2026-08-19T22:03:44.565114+09:00
Grading Tag,260.0,5.0,success,False,2026-08-19T13:29:43.800182+09:00
Grading Tally,,,failed,False,2026-08-21T00:36:48.316365+09:00
Grading Tariff,,,failed,False,2026-08-21T02:39:41.486000+09:00
Grading Tax,,,failed,False,2026-08-21T02:08:23.223151+09:00
Grading Ticket,,,failed,False,2026-08-19T21:19:06.268561+09:00
Grading Timeline,,,failed,False,2026-08-19T21:18:17.728493+09:00
Grading Timer,,,failed,False,2026-08-28T00:26:57.692425+09:00
Grading Toll,,,failed,False,2026-08-21T02:39:30.658601+09:00
Grading Toolbox,,,failed,False,2026-08-28T00:26:57.692425+09:00
Grading Toolkit,,,failed,False,2026-08-18T22:04:44.992531+09:00
Grading Total,,,failed,False,2026-08-27T23:15:18.585578+09:00
Grading Tracker,2900.0,6.0,success,False,2026-08-17T21:36:57.018160+09:00
Grading Trail,,,failed,False,2026-08-17T20:37:38.706086+09:00
Grading Trend,,,failed,False,2026-08-28T01:08:26.427990+09:00
Grading Trial,,,failed,False,2026-08-27T21:17:34.468079+09:00
Grading Unit,20.0,0.0,success,False,2026-08-21T01:51:47.599222+09:00
Grading Update,,,failed,False,2026-08-19T20:45:10.019254+09:00
Grading Vault,,,failed,False,2026-08-17T20:46:56.962156+09:00
Grading Version,,,failed,False,2026-08-23T03:18:52.097037+09:00
Grading View,2400.0,0.0,success,True,2026-08-19T20:44:26.671038+09:00
Grading Voucher,,,failed,False,2026-08-21T00:36:30.694005+09:00
Grading Watch,,,failed,False,2026-08-17T20:39:54.147287+09:00
Grading Wave,,,failed,False,2026-08-17T20:35:12.658616+09:00
Grading Widget,,,failed,False,2026-08-27T23:15:18.585578+09:00
Grading Workbench,,,failed,False,2026-08-18T22:04:34.092675+09:00
Grading Worksheet,480.0,6.0,success,False,2026-08-27T22:13:01.149795+09:00
Grading Zone,90.0,2.0,success,False,2026-08-17T20:46:20.020027+09:00
Grant Advance,1900.0,15.0,success,False,2026-08-23T16:15:27.627511+09:00
Grant Advisory,30.0,16.0,success,False,2026-08-21T01:03:59.232813+09:00
Grant Allowance,20.0,0.0,success,False,2026-08-21T02:42:16.992307+09:00
Grant Almanac,,,failed,False,2026-08-18T22:06:23.871734+09:00
Grant Analyzer,,,failed,False,2026-08-27T23:57:28.605750+09:00
Grant Anchor,,,failed,False,2026-08-17T21:36:47.272145+09:00
Grant Announcement,110.0,3.0,success,False,2026-08-27T23:35:38.281742+09:00
Grant Arrears,,,failed,False,2026-08-23T16:15:27.627511+09:00
Grant Asset,,,failed,False,2026-08-23T13:47:40.781383+09:00
Grant Assistant,880.0,26.0,success,False,2026-08-17T23:24:01.156266+09:00
Grant Atlas,320.0,36.0,success,False,2026-08-17T20:44:20.013961+09:00
Grant Attribute,,,failed,False,2026-08-23T13:07:59.189669+09:00
Grant Badge,,,failed,False,2026-08-21T00:31:12.375379+09:00
Grant Balance,20.0,0.0,success,False,2026-08-23T13:47:38.660404+09:00
Grant Base,50.0,4.0,success,False,2026-08-17T20:41:17.748242+09:00
Grant Beacon,110.0,1.0,success,False,2026-08-18T07:52:15.038723+09:00
Grant Bill,320.0,0.0,success,False,2026-08-19T21:55:18.484182+09:00
Grant Blueprint,,,failed,False,2026-08-18T22:06:14.738388+09:00
Grant Board,30.0,0.0,success,False,2026-08-17T20:38:48.292759+09:00
Grant Book,1300.0,31.0,success,False,2026-08-19T21:56:11.493537+09:00
Grant Bridge,140.0,1.0,success,False,2026-08-17T21:37:57.485180+09:00
Grant Brief,,,failed,False,2026-08-21T01:03:48.837789+09:00
Grant Bulletin,,,failed,False,2026-08-21T01:03:43.052088+09:00
Grant Cabinet,40.0,0.0,success,False,2026-08-27T23:14:55.579423+09:00
Grant Calculator,170.0,4.0,success,False,2026-08-27T23:35:38.281742+09:00
Grant Calendar,320.0,2.0,success,False,2026-08-19T00:05:29.382308+09:00
Grant Card,260.0,1.0,success,False,2026-08-19T13:28:00.720814+09:00
Grant Cascade,,,failed,False,2026-08-17T21:39:22.624237+09:00
Grant Cash,5400.0,43.0,success,False,2026-08-21T02:26:56.391999+09:00
Grant Cashback,,,failed,False,2026-08-27T21:17:34.468079+09:00
Grant Catalog,30.0,7.0,success,False,2026-08-19T21:12:55.345811+09:00
Grant Category,,,failed,False,2026-08-23T13:07:55.793530+09:00
Grant Center,390.0,2.0,success,False,2026-08-17T20:33:10.817795+09:00
Grant Chain,,,failed,False,2026-08-17T21:30:53.341117+09:00
Grant Charge,20.0,1.0,success,False,2026-08-21T02:42:09.091272+09:00
Grant Check,320.0,4.0,success,False,2026-08-19T13:28:15.783876+09:00
Grant Checker,320.0,4.0,success,False,2026-08-27T23:57:19.436881+09:00
Grant Checklist,30.0,4.0,success,False,2026-08-19T21:12:02.105513+09:00
Grant Circular,,,failed,False,2026-08-21T01:03:53.377990+09:00
Grant Cockpit,,,failed,False,2026-08-17T23:08:30.361207+09:00
Grant Code,90.0,0.0,success,False,2026-08-19T21:55:36.980585+09:00
Grant Codex,,,failed,False,2026-08-18T22:06:41.570881+09:00
Grant Companion,,,failed,False,2026-08-17T23:25:53.472363+09:00
Grant Comparison,,,failed,False,2026-08-28T01:07:27.619930+09:00
Grant Compass,880.0,14.0,success,False,2026-08-18T07:52:03.741881+09:00
Grant Compendium,,,failed,False,2026-08-18T22:06:31.917725+09:00
Grant Confirmation,20.0,0.0,success,False,2026-08-21T01:04:08.971472+09:00
Grant Console,,,failed,False,2026-08-18T07:52:53.130004+09:00
Grant Contribution,320.0,1.0,success,False,2026-08-23T16:15:25.443589+09:00
Grant Core,210.0,2.0,success,False,2026-08-17T20:40:33.502804+09:00
Grant Cost,20.0,0.0,success,False,2026-08-21T02:11:27.429616+09:00
Grant Count,12100.0,0.0,success,True,2026-08-27T22:49:32.762391+09:00
Grant Counter,,,failed,False,2026-08-18T23:57:49.004373+09:00
Grant Coupon,,,failed,False,2026-08-27T21:17:31.626510+09:00
Grant Dashboard,70.0,18.0,success,False,2026-08-17T23:25:36.258312+09:00
Grant Deal,10.0,0.0,success,False,2026-08-21T01:56:03.758206+09:00
Grant Debt,260.0,73.0,success,False,2026-08-21T02:26:43.792522+09:00
Grant Deck,,,failed,False,2026-08-17T20:37:59.877456+09:00
Grant Depot,260.0,4.0,success,False,2026-08-18T23:57:31.846586+09:00
Grant Desk,10.0,62.0,success,False,2026-08-17T20:35:35.063549+09:00
Grant Detail,,,failed,False,2026-08-23T03:20:56.810289+09:00
Grant Detector,,,failed,False,2026-08-27T23:57:22.809432+09:00
Grant Dial,10.0,0.0,success,False,2026-08-17T21:38:32.905021+09:00
Grant Digest,,,failed,False,2026-08-19T20:42:39.884460+09:00
Grant Directory,140.0,26.0,success,False,2026-08-18T23:52:26.670134+09:00
Grant Discount,30.0,3.0,success,False,2026-08-23T16:15:20.225326+09:00
Grant Dock,,,failed,False,2026-08-17T21:34:12.134068+09:00
Grant Dossier,,,failed,False,2026-08-21T01:04:13.537026+09:00
Grant Downpayment,,,failed,False,2026-08-27T21:48:38.041939+09:00
Grant Draft,10.0,0.0,success,False,2026-08-19T20:43:01.232728+09:00
Grant Due,10.0,3.0,success,False,2026-08-23T15:52:20.216125+09:00
Grant Duty,,,failed,False,2026-08-21T02:42:11.511377+09:00
Grant Endowment,,,failed,False,2026-08-23T15:52:22.475978+09:00
Grant Engine,320.0,1.0,success,False,2026-08-17T23:04:50.362686+09:00
Grant Entry,70.0,0.0,success,False,2026-08-21T01:04:35.050629+09:00
Grant Estimate,,,failed,False,2026-08-19T21:12:45.437785+09:00
Grant Estimator,10.0,1.0,success,False,2026-08-27T23:57:16.212473+09:00
Grant Excerpt,,,failed,False,2026-08-21T01:04:24.715250+09:00
Grant Extension,210.0,4.0,success,False,2026-08-23T16:39:30.994856+09:00
Grant Fare,,,failed,False,2026-08-21T02:11:30.479876+09:00
Grant Fee,110.0,2.0,success,False,2026-08-21T01:55:57.374575+09:00
Grant Feed,50.0,13.0,success,False,2026-08-19T20:42:48.667396+09:00
Grant Field,1300.0,3.0,success,False,2026-08-23T13:08:02.630104+09:00
Grant File,40.0,0.0,success,False,2026-08-19T20:42:17.170868+09:00
Grant Finder,2900.0,23.0,success,False,2026-08-18T23:57:18.728861+09:00
Grant Fine,20.0,0.0,success,False,2026-08-23T02:56:21.131414+09:00
Grant Flag,70.0,36.0,success,False,2026-08-21T00:32:00.759395+09:00
Grant Flow,110.0,3.0,success,False,2026-08-17T20:38:21.061174+09:00
Grant Forge,10.0,0.0,success,False,2026-08-17T21:41:25.564008+09:00
Grant Form,1900.0,4.0,success,False,2026-08-19T13:27:53.720083+09:00
Grant Format,1900.0,4.0,success,False,2026-08-23T13:08:05.055975+09:00
Grant Frame,140.0,3.0,success,False,2026-08-17T20:42:08.223187+09:00
Grant Fund,1900.0,22.0,success,False,2026-08-21T02:26:47.668193+09:00
Grant Gate,1000.0,3.0,success,False,2026-08-17T20:46:04.855118+09:00
Grant Giveaway,10.0,24.0,success,False,2026-08-27T21:17:40.328757+09:00
Grant Grade,,,failed,False,2026-08-21T00:31:38.357083+09:00
Grant Graph,590.0,3.0,success,False,2026-08-27T22:12:46.306034+09:00
Grant Grid,,,failed,False,2026-08-17T21:31:30.369012+09:00
Grant Guarantee,10.0,2.0,success,False,2026-08-28T01:07:32.974301+09:00
Grant Guard,10.0,0.0,success,False,2026-08-17T20:40:53.994191+09:00
Grant Guardian,210.0,4.0,success,False,2026-08-28T00:26:20.204001+09:00
Grant Guidebook,,,failed,False,2026-08-18T22:05:55.715721+09:00
Grant Helpdesk,,,failed,False,2026-08-27T22:49:32.762391+09:00
Grant Helper,30.0,10.0,success,False,2026-08-28T00:26:22.903465+09:00
Grant History,260.0,4.0,success,False,2026-08-19T20:42:09.827682+09:00
Grant Hotline,,,failed,False,2026-08-19T21:13:07.301000+09:00
Grant Hub,1000.0,30.0,success,False,2026-08-17T20:37:28.424048+09:00
Grant Identifier,,,failed,False,2026-08-23T13:07:53.746009+09:00
Grant Incentive,90.0,4.0,success,False,2026-08-27T21:17:37.644775+09:00
Grant Index,40.0,1.0,success,False,2026-08-19T21:12:12.315865+09:00
Grant Insight,,,failed,False,2026-08-17T23:13:46.002975+09:00
Grant Installment,,,failed,False,2026-08-23T16:15:22.615283+09:00
Grant Interest,30.0,9.0,success,False,2026-08-23T13:47:40.781383+09:00
Grant Item,,,failed,False,2026-08-21T01:55:59.445411+09:00
Grant Journal,30.0,0.0,success,False,2026-08-18T22:05:38.221943+09:00
Grant Keeper,,,failed,False,2026-08-17T20:42:32.290659+09:00
Grant Kit,10.0,1.0,success,False,2026-08-27T22:49:29.573658+09:00
Grant Lab,110.0,1.0,success,False,2026-08-17T20:36:02.767132+09:00
Grant Label,40.0,30.0,success,False,2026-08-27T22:12:52.289733+09:00
Grant Ledger,70.0,0.0,success,False,2026-08-17T20:39:43.687132+09:00
Grant Lens,,,failed,False,2026-08-17T20:42:59.992193+09:00
Grant Level,20.0,0.0,success,False,2026-08-19T20:42:21.972075+09:00
Grant Link,110.0,6.0,success,False,2026-08-23T03:20:50.654201+09:00
Grant List,480.0,8.0,success,False,2026-08-19T21:55:49.933305+09:00
Grant Loan,6600.0,35.0,success,False,2026-08-21T02:11:38.732794+09:00
Grant Locator,20.0,24.0,success,False,2026-08-18T23:57:07.963291+09:00
Grant Lock,140.0,4.0,success,False,2026-08-17T20:44:38.858684+09:00
Grant Log,720.0,2.0,success,False,2026-08-19T13:27:40.228305+09:00
Grant Loop,30.0,0.0,success,False,2026-08-17T21:32:40.946824+09:00
Grant Manager,3600.0,15.0,success,False,2026-08-17T20:41:47.517366+09:00
Grant Manual,50.0,0.0,success,False,2026-08-27T22:12:52.289733+09:00
Grant Map,880.0,5.0,success,False,2026-08-17T20:43:56.267353+09:00
Grant Margin,,,failed,False,2026-08-23T02:56:17.565255+09:00
Grant Memo,10.0,0.0,success,False,2026-08-21T00:31:47.591094+09:00
Grant Message,10.0,0.0,success,False,2026-08-27T23:14:52.026245+09:00
Grant Meter,10.0,0.0,success,False,2026-08-17T21:37:24.355362+09:00
Grant Metrics,10.0,2.0,success,False,2026-08-17T23:25:00.626086+09:00
Grant Monitor,90.0,8.0,success,False,2026-08-17T23:24:40.372556+09:00
Grant Navigator,90.0,11.0,success,False,2026-08-17T23:15:22.052615+09:00
Grant Nexus,110.0,0.0,success,False,2026-08-17T20:45:18.923986+09:00
Grant Node,,,failed,False,2026-08-17T20:47:19.659128+09:00
Grant Note,320.0,0.0,success,False,2026-08-19T13:28:36.830433+09:00
Grant Notification,70.0,2.0,success,False,2026-08-27T22:49:26.070118+09:00
Grant Number,590.0,0.0,success,False,2026-08-23T03:20:42.703424+09:00
Grant Office,880.0,1.0,success,False,2026-08-18T23:57:39.317157+09:00
Grant Ops,,,failed,False,2026-08-17T23:26:08.164356+09:00
Grant Order,40.0,0.0,success,False,2026-08-19T21:55:12.102159+09:00
Grant Organizer,,,failed,False,2026-08-17T23:06:45.787789+09:00
Grant Outline,30.0,13.0,success,False,2026-08-27T22:29:07.164636+09:00
Grant Overage,,,failed,False,2026-08-27T21:48:35.689301+09:00
Grant Overdue,,,failed,False,2026-08-27T21:48:30.689545+09:00
Grant Panel,30.0,0.0,success,False,2026-08-17T21:40:47.686331+09:00
Grant Pass,590.0,2.0,success,False,2026-08-21T00:31:01.051294+09:00
Grant Path,320.0,3.0,success,False,2026-08-17T20:46:46.837602+09:00
Grant Payoff,,,failed,False,2026-08-27T21:48:33.250783+09:00
Grant Penalty,,,failed,False,2026-08-23T16:39:25.527330+09:00
Grant Petition,30.0,0.0,success,False,2026-08-21T01:04:02.292645+09:00
Grant Pilot,210.0,11.0,success,False,2026-08-17T20:36:28.708934+09:00
Grant Plan,260.0,8.0,success,False,2026-08-21T01:55:53.001580+09:00
Grant Planner,50.0,6.0,success,False,2026-08-17T23:12:05.919804+09:00
Grant Playbook,,,failed,False,2026-08-18T22:05:30.177500+09:00
Grant Point,590.0,2.0,success,False,2026-08-17T20:45:45.792269+09:00
Grant Portal,2900.0,12.0,success,False,2026-08-18T07:52:44.350821+09:00
Grant Preview,,,failed,False,2026-08-28T01:07:30.106939+09:00
Grant Profile,40.0,0.0,success,False,2026-08-19T13:28:55.054153+09:00
Grant Profit,30.0,6.0,success,False,2026-08-23T02:56:08.739557+09:00
Grant Proposal,2900.0,5.0,success,False,2026-08-28T01:07:32.974301+09:00
Grant Pulse,,,failed,False,2026-08-17T21:30:18.085086+09:00
Grant Queue,10.0,0.0,success,False,2026-08-19T21:12:35.619378+09:00
Grant Quota,,,failed,False,2026-08-21T00:31:52.807063+09:00
Grant Radar,40.0,3.0,success,False,2026-08-17T20:34:35.742752+09:00
Grant Rail,40.0,1.0,success,False,2026-08-17T21:33:10.630129+09:00
Grant Rate,50.0,0.0,success,False,2026-08-19T20:42:29.664942+09:00
Grant Recap,,,failed,False,2026-08-21T01:04:20.278964+09:00
Grant Receipt,50.0,0.0,success,False,2026-08-19T21:55:28.451912+09:00
Grant Recorder,,,failed,False,2026-08-27T23:35:43.099138+09:00
Grant Register,260.0,4.0,success,False,2026-08-17T23:10:09.982693+09:00
Grant Registry,260.0,4.0,success,False,2026-08-18T22:06:03.591349+09:00
Grant Relay,,,failed,False,2026-08-17T20:33:43.675774+09:00
Grant Reminder,,,failed,False,2026-08-19T21:11:50.782037+09:00
Grant Report,480.0,1.0,success,False,2026-08-19T13:27:22.269137+09:00
Grant Repository,20.0,26.0,success,False,2026-08-27T23:14:57.999766+09:00
Grant Result,,,failed,False,2026-08-28T00:48:11.249121+09:00
Grant Roadmap,,,failed,False,2026-08-18T22:06:49.548592+09:00
Grant Roster,10.0,0.0,success,False,2026-08-19T00:37:08.393662+09:00
Grant Route,,,failed,False,2026-08-17T21:35:16.200596+09:00
Grant Rule,590.0,0.0,success,False,2026-08-23T03:20:52.959248+09:00
Grant Sale,110.0,9.0,success,False,2026-08-21T02:26:59.463760+09:00
Grant Sample,1000.0,3.0,success,False,2026-08-19T21:56:32.690388+09:00
Grant Scale,20.0,0.0,success,False,2026-08-17T21:36:22.095100+09:00
Grant Scanner,20.0,13.0,success,False,2026-08-27T23:57:19.436881+09:00
Grant Scheduler,,,failed,False,2026-08-17T23:24:19.906640+09:00
Grant Scope,,,failed,False,2026-08-17T21:33:37.652467+09:00
Grant Score,50.0,0.0,success,False,2026-08-19T13:28:26.877196+09:00
Grant Sentry,,,failed,False,2026-08-17T20:43:26.313536+09:00
Grant Sheet,90.0,0.0,success,False,2026-08-19T13:28:08.778125+09:00
Grant Shortfall,,,failed,False,2026-08-27T21:48:40.249889+09:00
Grant Signal,10.0,0.0,success,False,2026-08-17T21:35:46.466784+09:00
Grant Slip,,,failed,False,2026-08-19T21:56:23.940159+09:00
Grant Slot,,,failed,False,2026-08-19T21:56:48.069412+09:00
Grant Snapshot,,,failed,False,2026-08-18T22:05:47.884963+09:00
Grant Stage,10.0,0.0,success,False,2026-08-28T00:48:11.249121+09:00
Grant Stake,10.0,0.0,success,False,2026-08-23T02:56:14.910502+09:00
Grant Stamp,90.0,0.0,success,False,2026-08-23T13:27:51.587934+09:00
Grant Statement,50.0,0.0,success,False,2026-08-21T00:31:26.827984+09:00
Grant Station,5400.0,14.0,success,False,2026-08-17T20:35:04.556306+09:00
Grant Status,260.0,0.0,success,False,2026-08-19T20:41:54.948325+09:00
Grant Stipend,210.0,8.0,success,False,2026-08-23T13:47:44.552149+09:00
Grant Stub,,,failed,False,2026-08-21T00:31:17.519824+09:00
Grant Studio,140.0,1.0,success,False,2026-08-17T20:37:00.325562+09:00
Grant Subsidy,590.0,4.0,success,False,2026-08-23T15:52:22.475978+09:00
Grant Suite,50.0,17.0,success,False,2026-08-17T23:23:41.484558+09:00
Grant Sum,,,failed,False,2026-08-21T02:26:41.708739+09:00
Grant Summary,30.0,0.0,success,False,2026-08-19T21:11:25.521014+09:00
Grant Sync,,,failed,False,2026-08-17T20:39:17.196343+09:00
Grant Tab,,,failed,False,2026-08-21T00:32:06.767489+09:00
Grant Table,210.0,5.0,success,False,2026-08-19T21:55:57.867275+09:00
Grant Tag,,,failed,False,2026-08-19T13:28:46.213071+09:00
Grant Tally,,,failed,False,2026-08-21T00:31:34.132172+09:00
Grant Tariff,,,failed,False,2026-08-21T02:42:20.398693+09:00
Grant Tax,390.0,1.0,success,False,2026-08-21T02:11:34.732367+09:00
Grant Ticket,,,failed,False,2026-08-19T21:12:24.209579+09:00
Grant Timeline,140.0,2.0,success,False,2026-08-19T21:11:37.631930+09:00
Grant Timer,,,failed,False,2026-08-28T00:26:17.382290+09:00
Grant Toll,,,failed,False,2026-08-21T02:42:14.230561+09:00
Grant Toolbox,110.0,72.0,success,False,2026-08-28T00:26:22.903465+09:00
Grant Toolkit,,,failed,False,2026-08-18T22:05:19.741515+09:00
Grant Total,880.0,0.0,success,False,2026-08-27T23:14:52.026245+09:00
Grant Tracker,720.0,35.0,success,False,2026-08-17T20:40:10.157299+09:00
Grant Trail,90.0,3.0,success,False,2026-08-17T21:32:03.436124+09:00
Grant Trend,,,failed,False,2026-08-28T01:07:24.727084+09:00
Grant Trial,10.0,0.0,success,False,2026-08-27T21:17:34.468079+09:00
Grant Unit,,,failed,False,2026-08-21T01:56:01.200736+09:00
Grant Update,210.0,0.0,success,False,2026-08-19T20:42:34.910732+09:00
Grant Value,40.0,11.0,success,False,2026-08-23T02:56:12.259379+09:00
Grant Vault,20.0,11.0,success,False,2026-08-17T20:32:38.453320+09:00
Grant Version,,,failed,False,2026-08-23T03:20:46.771409+09:00
Grant View,1900.0,1.0,success,False,2026-08-19T20:42:03.452660+09:00
Grant Voucher,20.0,0.0,success,False,2026-08-21T00:31:07.825329+09:00
Grant Wallet,10.0,0.0,success,False,2026-08-27T22:49:29.573658+09:00
Grant Watch,3600.0,42.0,success,False,2026-08-17T21:34:42.632014+09:00
Grant Wave,10.0,0.0,success,False,2026-08-17T20:48:00.384731+09:00
Grant Widget,,,failed,False,2026-08-27T23:14:55.579423+09:00
Grant Workbench,10.0,,success,False,2026-08-18T22:05:11.798475+09:00
Grant Worksheet,,,failed,False,2026-08-27T22:12:55.481525+09:00
Grant Workshop,110.0,8.0,success,False,2026-08-28T00:26:20.204001+09:00
Grant Zone,30.0,0.0,success,False,2026-08-17T20:32:02.325008+09:00
Grazing Advance,,,failed,False,2026-08-23T16:11:31.628533+09:00
Grazing Allowance,,,failed,False,2026-08-21T02:42:57.314001+09:00
Grazing Almanac,,,failed,False,2026-08-18T22:04:56.544925+09:00
Grazing Analyzer,,,failed,False,2026-08-27T23:54:15.015364+09:00
Grazing Anchor,,,failed,False,2026-08-17T20:39:06.787331+09:00
Grazing Arrears,,,failed,False,2026-08-23T16:11:27.999005+09:00
Grazing Asset,,,failed,False,2026-08-23T13:48:35.211056+09:00
Grazing Assistant,,,failed,False,2026-08-17T23:30:41.257118+09:00
Grazing Atlas,,,failed,False,2026-08-17T21:39:44.948189+09:00
Grazing Attribute,,,failed,False,2026-08-23T13:09:19.095608+09:00
Grazing Badge,,,failed,False,2026-08-21T00:27:19.385133+09:00
Grazing Balance,,,failed,False,2026-08-23T13:48:32.031008+09:00
Grazing Base,,,failed,False,2026-08-17T21:35:33.419897+09:00
Grazing Beacon,,,failed,False,2026-08-17T20:42:18.152107+09:00
Grazing Bill,10.0,0.0,success,False,2026-08-19T22:06:26.107612+09:00
Grazing Blueprint,,,failed,False,2026-08-18T22:04:47.341629+09:00
Grazing Board,14800.0,97.0,success,False,2026-08-17T21:32:23.259221+09:00
Grazing Book,70.0,98.0,success,False,2026-08-19T22:07:21.096531+09:00
Grazing Bridge,,,failed,False,2026-08-17T20:39:59.910293+09:00
Grazing Brief,,,failed,False,2026-08-21T01:01:25.263035+09:00
Grazing Bulletin,,,failed,False,2026-08-21T01:01:22.274781+09:00
Grazing Calculator,140.0,2.0,success,False,2026-08-27T23:33:41.786723+09:00
Grazing Calendar,,,failed,False,2026-08-19T00:04:44.561310+09:00
Grazing Card,10.0,0.0,success,False,2026-08-19T13:28:19.124767+09:00
Grazing Cascade,,,failed,False,2026-08-17T20:40:46.604989+09:00
Grazing Cash,,,failed,False,2026-08-21T02:27:05.386441+09:00
Grazing Cashback,,,failed,False,2026-08-27T21:13:56.719259+09:00
Grazing Center,,,failed,False,2026-08-17T20:44:27.303320+09:00
Grazing Chain,20.0,0.0,success,False,2026-08-17T20:33:59.012811+09:00
Grazing Charge,,,failed,False,2026-08-21T02:42:47.286881+09:00
Grazing Check,,,failed,False,2026-08-19T13:28:41.334086+09:00
Grazing Checker,,,failed,False,2026-08-27T23:54:10.053801+09:00
Grazing Cockpit,,,failed,False,2026-08-17T23:09:26.162855+09:00
Grazing Code,,,failed,False,2026-08-19T22:06:47.930339+09:00
Grazing Codex,,,failed,False,2026-08-18T22:05:17.781482+09:00
Grazing Companion,,,failed,False,2026-08-17T23:32:15.494443+09:00
Grazing Comparison,,,failed,False,2026-08-28T01:04:51.979139+09:00
Grazing Compass,,,failed,False,2026-08-17T20:43:14.638625+09:00
Grazing Compendium,,,failed,False,2026-08-18T22:05:08.323728+09:00
Grazing Confirmation,,,failed,False,2026-08-21T01:01:41.528292+09:00
Grazing Console,,,failed,False,2026-08-17T20:41:58.937145+09:00
Grazing Contribution,,,failed,False,2026-08-23T16:11:24.096021+09:00
Grazing Core,,,failed,False,2026-08-17T21:34:28.165323+09:00
Grazing Cost,,,failed,False,2026-08-21T02:11:01.471090+09:00
Grazing Counter,210.0,0.0,success,False,2026-08-19T00:05:21.948366+09:00
Grazing Coupon,,,failed,False,2026-08-27T21:13:54.337464+09:00
Grazing Dashboard,,,failed,False,2026-08-17T23:31:53.116535+09:00
Grazing Deal,,,failed,False,2026-08-21T01:55:06.085634+09:00
Grazing Debt,,,failed,False,2026-08-21T02:26:56.391999+09:00
Grazing Deck,,,failed,False,2026-08-17T21:31:11.680234+09:00
Grazing Depot,50.0,0.0,success,False,2026-08-19T00:05:13.902876+09:00
Grazing Desk,,,failed,False,2026-08-17T20:47:00.954455+09:00
Grazing Detail,,,failed,False,2026-08-23T03:22:53.557175+09:00
Grazing Detector,,,failed,False,2026-08-27T23:54:15.015364+09:00
Grazing Diagram,,,failed,False,2026-08-27T22:08:06.352004+09:00
Grazing Dial,,,failed,False,2026-08-17T20:40:24.654920+09:00
Grazing Digest,,,failed,False,2026-08-19T20:46:00.045081+09:00
Grazing Directory,,,failed,False,2026-08-19T00:04:54.234777+09:00
Grazing Discount,,,failed,False,2026-08-23T16:11:21.537507+09:00
Grazing Dock,,,failed,False,2026-08-17T20:36:47.157974+09:00
Grazing Dossier,,,failed,False,2026-08-21T01:01:44.513558+09:00
Grazing Draft,,,failed,False,2026-08-19T20:46:08.912085+09:00
Grazing Due,,,failed,False,2026-08-23T15:53:12.516993+09:00
Grazing Duty,,,failed,False,2026-08-21T02:42:51.701755+09:00
Grazing Endowment,,,failed,False,2026-08-23T15:50:14.677980+09:00
Grazing Engine,,,failed,False,2026-08-17T23:05:51.247207+09:00
Grazing Entry,,,failed,False,2026-08-21T01:02:57.004719+09:00
Grazing Estimate,,,failed,False,2026-08-19T21:31:47.611554+09:00
Grazing Estimator,,,failed,False,2026-08-27T23:54:07.466946+09:00
Grazing Excerpt,,,failed,False,2026-08-21T01:02:52.646086+09:00
Grazing Extension,,,failed,False,2026-08-23T16:37:26.596455+09:00
Grazing Fare,,,failed,False,2026-08-21T02:11:04.805408+09:00
Grazing Fee,70.0,0.0,success,False,2026-08-21T01:54:45.555150+09:00
Grazing Feed,,,failed,False,2026-08-19T20:46:04.507912+09:00
Grazing Field,1300.0,1.0,success,False,2026-08-23T13:09:22.371145+09:00
Grazing File,,,failed,False,2026-08-19T20:45:32.308725+09:00
Grazing Finder,,,failed,False,2026-08-19T00:05:06.053297+09:00
Grazing Fine,,,failed,False,2026-08-23T02:57:19.456946+09:00
Grazing Flag,,,failed,False,2026-08-21T00:28:13.699286+09:00
Grazing Flow,30.0,0.0,success,False,2026-08-17T21:31:46.266854+09:00
Grazing Forge,,,failed,False,2026-08-17T20:41:33.336783+09:00
Grazing Form,,,failed,False,2026-08-19T13:28:10.656877+09:00
Grazing Format,,,failed,False,2026-08-23T13:09:25.406302+09:00
Grazing Frame,140.0,8.0,success,False,2026-08-17T21:36:34.713232+09:00
Grazing Fund,,,failed,False,2026-08-21T02:26:59.463760+09:00
Grazing Gate,,,failed,False,2026-08-18T07:52:30.485728+09:00
Grazing Giveaway,,,failed,False,2026-08-27T21:14:09.355453+09:00
Grazing Grade,,,failed,False,2026-08-21T00:27:51.416222+09:00
Grazing Grid,,,failed,False,2026-08-17T20:34:22.385109+09:00
Grazing Guarantee,,,failed,False,2026-08-28T01:04:57.702842+09:00
Grazing Guard,,,failed,False,2026-08-17T21:35:00.218033+09:00
Grazing Guardian,,,failed,False,2026-08-28T00:24:03.733784+09:00
Grazing Guidebook,,,failed,False,2026-08-18T22:04:27.693577+09:00
Grazing Helpdesk,,,failed,False,2026-08-27T22:46:32.374827+09:00
Grazing Helper,,,failed,False,2026-08-28T00:24:10.123784+09:00
Grazing History,,,failed,False,2026-08-19T20:45:25.764339+09:00
Grazing Hub,,,failed,False,2026-08-17T21:30:38.829852+09:00
Grazing Identifier,,,failed,False,2026-08-23T13:09:17.043261+09:00
Grazing Incentive,,,failed,False,2026-08-27T21:14:04.974327+09:00
Grazing Index,,,failed,False,2026-08-19T21:31:29.606643+09:00
Grazing Insight,,,failed,False,2026-08-17T23:14:35.084674+09:00
Grazing Installment,,,failed,False,2026-08-23T16:11:24.096021+09:00
Grazing Interest,,,failed,False,2026-08-23T13:48:35.211056+09:00
Grazing Item,20.0,0.0,success,False,2026-08-21T01:54:48.965214+09:00
Grazing Journal,,,failed,False,2026-08-18T22:04:05.188286+09:00
Grazing Keeper,,,failed,False,2026-08-17T21:37:02.739524+09:00
Grazing Kit,30.0,32.0,success,False,2026-08-27T22:46:27.298392+09:00
Grazing Lab,,,failed,False,2026-08-17T20:47:45.474295+09:00
Grazing Layout,,,failed,False,2026-08-27T22:28:42.749169+09:00
Grazing Ledger,,,failed,False,2026-08-17T21:33:26.536272+09:00
Grazing Lens,,,failed,False,2026-08-17T21:37:42.380657+09:00
Grazing Level,,,failed,False,2026-08-19T20:45:37.673361+09:00
Grazing Levy,,,failed,False,2026-08-23T13:48:35.211056+09:00
Grazing Link,,,failed,False,2026-08-23T03:22:42.501986+09:00
Grazing List,,,failed,False,2026-08-19T22:06:56.710970+09:00
Grazing Loan,,,failed,False,2026-08-21T02:11:11.149564+09:00
Grazing Locator,,,failed,False,2026-08-19T00:04:59.396392+09:00
Grazing Lock,,,failed,False,2026-08-17T21:41:12.952922+09:00
Grazing Log,,,failed,False,2026-08-19T13:28:03.494645+09:00
Grazing Loop,,,failed,False,2026-08-17T20:35:18.626237+09:00
Grazing Manager,,,failed,False,2026-08-17T21:36:05.315924+09:00
Grazing Manual,,,failed,False,2026-08-27T22:08:02.909734+09:00
Grazing Map,210.0,5.0,success,False,2026-08-17T21:39:05.774100+09:00
Grazing Memo,,,failed,False,2026-08-21T00:27:57.987466+09:00
Grazing Meter,,,failed,False,2026-08-17T20:39:31.272188+09:00
Grazing Metrics,,,failed,False,2026-08-17T23:31:35.615532+09:00
Grazing Monitor,,,failed,False,2026-08-17T23:31:21.435106+09:00
Grazing Navigator,,,failed,False,2026-08-17T23:03:45.434649+09:00
Grazing Nexus,,,failed,False,2026-08-17T21:41:42.015478+09:00
Grazing Node,,,failed,False,2026-08-17T20:31:44.848533+09:00
Grazing Note,,,failed,False,2026-08-19T13:29:00.478751+09:00
Grazing Notification,,,failed,False,2026-08-27T22:46:23.139331+09:00
Grazing Number,,,failed,False,2026-08-23T03:22:34.004366+09:00
Grazing Office,,,failed,False,2026-08-19T00:05:18.968119+09:00
Grazing Ops,,,failed,False,2026-08-17T23:32:28.634296+09:00
Grazing Order,,,failed,False,2026-08-19T22:06:15.067471+09:00
Grazing Organizer,,,failed,False,2026-08-17T23:07:39.486562+09:00
Grazing Overage,,,failed,False,2026-08-27T21:46:13.321425+09:00
Grazing Overdraft,,,failed,False,2026-08-23T15:50:12.078414+09:00
Grazing Overdue,,,failed,False,2026-08-27T21:46:10.871215+09:00
Grazing Panel,,,failed,False,2026-08-17T20:41:08.316613+09:00
Grazing Pass,,,failed,False,2026-08-21T00:27:00.975108+09:00
Grazing Path,,,failed,False,2026-08-18T07:43:41.366664+09:00
Grazing Penalty,,,failed,False,2026-08-23T16:37:21.516331+09:00
Grazing Petition,,,failed,False,2026-08-21T01:01:35.076961+09:00
Grazing Pilot,,,failed,False,2026-08-17T20:48:21.583177+09:00
Grazing Plan,110.0,3.0,success,False,2026-08-21T02:05:48.650139+09:00
Grazing Planner,,,failed,False,2026-08-17T23:12:58.115072+09:00
Grazing Playbook,,,failed,False,2026-08-18T22:03:53.517132+09:00
Grazing Point,,,failed,False,2026-08-18T07:43:51.559731+09:00
Grazing Portal,,,failed,False,2026-08-17T20:42:46.441273+09:00
Grazing Preview,,,failed,False,2026-08-28T01:04:54.734993+09:00
Grazing Profile,,,failed,False,2026-08-19T13:29:29.454455+09:00
Grazing Profit,,,failed,False,2026-08-23T02:57:13.068042+09:00
Grazing Proposal,,,failed,False,2026-08-28T01:04:54.734993+09:00
Grazing Pulse,,,failed,False,2026-08-17T20:33:27.108642+09:00
Grazing Quota,,,failed,False,2026-08-21T00:28:03.957628+09:00
Grazing Radar,,,failed,False,2026-08-17T20:45:55.190861+09:00
Grazing Rail,,,failed,False,2026-08-17T20:35:48.969093+09:00
Grazing Rate,20.0,0.0,success,False,2026-08-19T20:45:48.837053+09:00
Grazing Recap,,,failed,False,2026-08-21T01:01:54.342698+09:00
Grazing Receipt,,,failed,False,2026-08-19T22:06:38.426353+09:00
Grazing Recorder,,,failed,False,2026-08-27T23:33:44.180907+09:00
Grazing Register,,,failed,False,2026-08-17T23:11:00.543955+09:00
Grazing Registry,,,failed,False,2026-08-18T22:04:36.606049+09:00
Grazing Relay,,,failed,False,2026-08-17T20:45:09.617976+09:00
Grazing Reminder,,,failed,False,2026-08-19T21:31:21.634231+09:00
Grazing Report,,,failed,False,2026-08-19T13:27:56.460670+09:00
Grazing Result,,,failed,False,2026-08-28T00:47:13.320687+09:00
Grazing Roadmap,,,failed,False,2026-08-18T22:05:25.774321+09:00
Grazing Route,,,failed,False,2026-08-17T20:37:45.876313+09:00
Grazing Rule,,,failed,False,2026-08-23T03:22:45.099275+09:00
Grazing Sale,,,failed,False,2026-08-21T02:27:08.024014+09:00
Grazing Sample,,,failed,False,2026-08-19T22:07:52.466558+09:00
Grazing Scale,,,failed,False,2026-08-17T20:38:35.163236+09:00
Grazing Scanner,,,failed,False,2026-08-27T23:54:12.617602+09:00
Grazing Scheduler,,,failed,False,2026-08-17T23:30:56.654699+09:00
Grazing Scope,,,failed,False,2026-08-17T20:36:14.881787+09:00
Grazing Score,,,failed,False,2026-08-19T13:28:52.256085+09:00
Grazing Sentry,,,failed,False,2026-08-17T21:38:13.718334+09:00
Grazing Sheet,,,failed,False,2026-08-19T13:28:31.111585+09:00
Grazing Shortfall,,,failed,False,2026-08-27T21:46:15.571619+09:00
Grazing Signal,,,failed,False,2026-08-17T20:38:11.520193+09:00
Grazing Slip,,,failed,False,2026-08-19T22:07:32.899948+09:00
Grazing Slot,,,failed,False,2026-08-19T21:45:58.620929+09:00
Grazing Snapshot,,,failed,False,2026-08-18T22:04:15.026557+09:00
Grazing Stage,,,failed,False,2026-08-28T00:47:13.320687+09:00
Grazing Stake,,,failed,False,2026-08-23T02:57:15.173266+09:00
Grazing Statement,,,failed,False,2026-08-21T00:27:34.970005+09:00
Grazing Station,720.0,9.0,success,False,2026-08-17T20:46:23.888336+09:00
Grazing Status,,,failed,False,2026-08-19T20:45:10.019254+09:00
Grazing Stub,,,failed,False,2026-08-21T00:27:27.558535+09:00
Grazing Studio,,,failed,False,2026-08-17T21:30:05.905035+09:00
Grazing Subsidy,,,failed,False,2026-08-23T15:50:14.677980+09:00
Grazing Suite,,,failed,False,2026-08-17T23:30:26.611269+09:00
Grazing Sum,,,failed,False,2026-08-21T02:26:53.610271+09:00
Grazing Summary,,,failed,False,2026-08-19T21:31:07.393138+09:00
Grazing Surtax,,,failed,False,2026-08-23T15:50:16.987712+09:00
Grazing Sync,,,failed,False,2026-08-17T21:33:00.443260+09:00
Grazing Tab,,,failed,False,2026-08-21T00:28:20.735517+09:00
Grazing Table,49500.0,39.0,success,False,2026-08-19T22:07:10.998735+09:00
Grazing Tag,,,failed,False,2026-08-19T13:29:15.231319+09:00
Grazing Tally,,,failed,False,2026-08-21T00:27:42.259289+09:00
Grazing Tariff,,,failed,False,2026-08-21T02:42:59.558136+09:00
Grazing Tax,320.0,0.0,success,False,2026-08-21T02:11:07.536158+09:00
Grazing Ticket,,,failed,False,2026-08-19T21:31:38.211604+09:00
Grazing Timeline,,,failed,False,2026-08-19T21:31:12.885816+09:00
Grazing Timer,,,failed,False,2026-08-28T00:24:01.160084+09:00
Grazing Toll,,,failed,False,2026-08-21T02:42:54.824749+09:00
Grazing Toolbox,,,failed,False,2026-08-28T00:24:07.652921+09:00
Grazing Toolkit,,,failed,False,2026-08-18T22:03:44.456415+09:00
Grazing Total,,,failed,False,2026-08-27T23:11:47.149537+09:00
Grazing Tracker,,,failed,False,2026-08-17T21:33:56.834131+09:00
Grazing Trail,170.0,0.0,success,False,2026-08-17T20:34:48.922886+09:00
Grazing Trend,,,failed,False,2026-08-28T01:04:49.164769+09:00
Grazing Trial,,,failed,False,2026-08-27T21:13:56.719259+09:00
Grazing Unit,,,failed,False,2026-08-21T01:54:58.367500+09:00
Grazing Update,,,failed,False,2026-08-19T20:45:53.854460+09:00
Grazing Vault,,,failed,False,2026-08-17T20:44:07.827451+09:00
Grazing Version,,,failed,False,2026-08-23T03:22:39.014022+09:00
Grazing View,,,failed,False,2026-08-19T20:45:18.016255+09:00
Grazing Voucher,,,failed,False,2026-08-21T00:27:09.364121+09:00
Grazing Watch,,,failed,False,2026-08-17T20:37:15.920679+09:00
Grazing Wave,,,failed,False,2026-08-17T20:32:17.131006+09:00
Grazing Widget,,,failed,False,2026-08-27T23:11:47.149537+09:00
Grazing Workbench,,,failed,False,2026-08-18T22:03:21.744324+09:00
Grazing Worksheet,,,failed,False,2026-08-27T22:08:02.909734+09:00
Grazing Workshop,10.0,4.0,success,False,2026-08-28T00:24:03.733784+09:00
Grazing Zone,20.0,0.0,success,False,2026-08-17T20:43:42.299051+09:00
Greenhouse Advance,,,failed,False,2026-08-23T16:16:29.053349+09:00
Greenhouse Advisory,,,failed,False,2026-08-21T01:09:26.967706+09:00
Greenhouse Allowance,,,failed,False,2026-08-21T02:39:49.190275+09:00
Greenhouse Almanac,,,failed,False,2026-08-18T22:10:38.085042+09:00
Greenhouse Analyzer,,,failed,False,2026-08-27T23:51:51.958622+09:00
Greenhouse Anchor,480.0,100.0,success,False,2026-08-17T20:36:48.387810+09:00
Greenhouse Arrears,,,failed,False,2026-08-23T16:16:26.754683+09:00
Greenhouse Asset,,,failed,False,2026-08-23T13:47:51.726767+09:00
Greenhouse Assistant,90.0,1.0,success,False,2026-08-17T23:24:54.415182+09:00
Greenhouse Atlas,,,failed,False,2026-08-17T21:36:36.847955+09:00
Greenhouse Attribute,,,failed,False,2026-08-23T13:07:39.256451+09:00
Greenhouse Balance,210.0,18.0,success,False,2026-08-23T13:47:49.087746+09:00
Greenhouse Base,1600.0,100.0,success,False,2026-08-17T21:33:02.340741+09:00
Greenhouse Beacon,,,failed,False,2026-08-17T20:40:26.535789+09:00
Greenhouse Bill,10.0,0.0,success,False,2026-08-19T21:58:02.735072+09:00
Greenhouse Blueprint,6600.0,100.0,success,False,2026-08-18T22:10:32.480742+09:00
Greenhouse Board,260.0,19.0,success,False,2026-08-17T20:48:23.905428+09:00
Greenhouse Book,880.0,58.0,success,False,2026-08-19T21:58:48.612097+09:00
Greenhouse Bridge,,,failed,False,2026-08-17T20:37:47.401646+09:00
Greenhouse Brief,,,failed,False,2026-08-21T01:09:17.934023+09:00
Greenhouse Bulletin,10.0,0.0,success,False,2026-08-21T01:09:15.818493+09:00
Greenhouse Calculator,170.0,2.0,success,False,2026-08-27T23:31:53.599891+09:00
Greenhouse Calendar,70.0,64.0,success,False,2026-08-18T23:58:49.693970+09:00
Greenhouse Card,40.0,98.0,success,False,2026-08-19T13:38:06.946096+09:00
Greenhouse Cascade,,,failed,False,2026-08-17T20:38:36.286112+09:00
Greenhouse Cash,,,failed,False,2026-08-21T02:23:37.293511+09:00
Greenhouse Cashback,,,failed,False,2026-08-27T21:19:26.078520+09:00
Greenhouse Catalog,140.0,43.0,success,False,2026-08-19T21:12:59.685218+09:00
Greenhouse Category,,,failed,False,2026-08-23T13:07:37.097248+09:00
Greenhouse Center,110.0,15.0,success,False,2026-08-17T20:42:19.428112+09:00
Greenhouse Chain,,,failed,False,2026-08-18T07:52:56.677266+09:00
Greenhouse Charge,,,failed,False,2026-08-21T02:39:34.519072+09:00
Greenhouse Check,10.0,0.0,success,False,2026-08-19T13:38:33.395376+09:00
Greenhouse Checker,,,failed,False,2026-08-27T23:51:43.048579+09:00
Greenhouse Checklist,10.0,21.0,success,False,2026-08-19T21:12:04.004296+09:00
Greenhouse Circular,90.0,92.0,success,False,2026-08-21T01:09:22.527514+09:00
Greenhouse Cockpit,30.0,0.0,success,False,2026-08-17T23:10:22.607509+09:00
Greenhouse Code,210.0,0.0,success,False,2026-08-19T21:58:22.475915+09:00
Greenhouse Codex,,,failed,False,2026-08-18T22:10:58.146959+09:00
Greenhouse Companion,10.0,,success,False,2026-08-17T23:26:31.743192+09:00
Greenhouse Comparison,10.0,88.0,success,False,2026-08-28T01:03:04.018813+09:00
Greenhouse Compass,10.0,0.0,success,False,2026-08-17T20:41:09.985510+09:00
Greenhouse Compendium,,,failed,False,2026-08-18T22:10:48.955418+09:00
Greenhouse Confirmation,,,failed,False,2026-08-21T01:09:34.280846+09:00
Greenhouse Console,10.0,50.0,success,False,2026-08-17T20:40:01.743309+09:00
Greenhouse Contribution,,,failed,False,2026-08-23T16:16:24.189782+09:00
Greenhouse Core,30.0,1.0,success,False,2026-08-17T21:31:49.761986+09:00
Greenhouse Cost,1600.0,100.0,success,False,2026-08-21T02:07:37.270032+09:00
Greenhouse Count,,,failed,False,2026-08-27T22:44:05.542192+09:00
Greenhouse Counter,,,failed,False,2026-08-18T23:59:44.805528+09:00
Greenhouse Coupon,10.0,22.0,success,False,2026-08-27T21:19:20.192831+09:00
Greenhouse Dashboard,210.0,6.0,success,False,2026-08-17T23:26:18.163850+09:00
Greenhouse Deal,210.0,100.0,success,False,2026-08-21T01:51:06.981175+09:00
Greenhouse Debt,,,failed,False,2026-08-21T02:23:31.419607+09:00
Greenhouse Deck,590.0,100.0,success,False,2026-08-17T20:47:04.642239+09:00
Greenhouse Depot,70.0,68.0,success,False,2026-08-18T23:59:24.120788+09:00
Greenhouse Desk,90.0,100.0,success,False,2026-08-17T20:44:29.668652+09:00
Greenhouse Detail,70.0,37.0,success,False,2026-08-23T03:19:37.789366+09:00
Greenhouse Detector,,,failed,False,2026-08-27T23:51:51.958622+09:00
Greenhouse Diagram,1900.0,0.0,success,True,2026-08-27T22:15:03.740456+09:00
Greenhouse Dial,,,failed,False,2026-08-17T20:38:12.491374+09:00
Greenhouse Digest,,,failed,False,2026-08-19T20:39:47.752844+09:00
Greenhouse Directory,40.0,0.0,success,False,2026-08-18T23:58:57.268328+09:00
Greenhouse Discount,140.0,100.0,success,False,2026-08-23T16:16:21.487176+09:00
Greenhouse Dock,,,failed,False,2026-08-17T20:34:23.568448+09:00
Greenhouse Dossier,,,failed,False,2026-08-21T01:09:36.550865+09:00
Greenhouse Downpayment,,,failed,False,2026-08-27T21:50:17.905826+09:00
Greenhouse Draft,,,failed,False,2026-08-19T20:40:02.454787+09:00
Greenhouse Due,,,failed,False,2026-08-23T15:52:35.720858+09:00
Greenhouse Duty,,,failed,False,2026-08-21T02:39:41.486000+09:00
Greenhouse Engine,,,failed,False,2026-08-17T23:06:57.045511+09:00
Greenhouse Entry,,,failed,False,2026-08-21T00:58:30.042414+09:00
Greenhouse Estimate,10.0,38.0,success,False,2026-08-19T21:12:47.142527+09:00
Greenhouse Estimator,,,failed,False,2026-08-27T23:51:38.023281+09:00
Greenhouse Excerpt,,,failed,False,2026-08-21T00:58:25.474774+09:00
Greenhouse Fare,,,failed,False,2026-08-21T02:07:46.443072+09:00
Greenhouse Fee,,,failed,False,2026-08-21T01:50:37.837516+09:00
Greenhouse Feed,2900.0,100.0,success,False,2026-08-19T20:39:52.613613+09:00
Greenhouse File,,,failed,False,2026-08-19T20:39:14.214038+09:00
Greenhouse Finder,,,failed,False,2026-08-18T23:59:14.499030+09:00
Greenhouse Fine,,,failed,False,2026-08-23T02:54:50.074152+09:00
Greenhouse Flag,70.0,7.0,success,False,2026-08-21T00:35:36.889482+09:00
Greenhouse Flow,,,failed,False,2026-08-17T20:47:45.474295+09:00
Greenhouse Forge,,,failed,False,2026-08-17T20:39:32.550443+09:00
Greenhouse Form,70.0,14.0,success,False,2026-08-19T13:37:50.110679+09:00
Greenhouse Format,,,failed,False,2026-08-23T13:07:41.329341+09:00
Greenhouse Frame,2400.0,100.0,success,False,2026-08-17T21:33:59.802696+09:00
Greenhouse Fund,50.0,4.0,success,False,2026-08-21T02:23:33.552099+09:00
Greenhouse Gate,20.0,45.0,success,False,2026-08-17T21:39:05.774100+09:00
Greenhouse Giveaway,20.0,7.0,success,False,2026-08-27T21:19:28.438229+09:00
Greenhouse Graph,50.0,26.0,success,False,2026-08-27T22:14:48.502479+09:00
Greenhouse Grid,,,failed,False,2026-08-17T20:31:46.547401+09:00
Greenhouse Guard,,,failed,False,2026-08-17T21:32:25.465592+09:00
Greenhouse Guardian,10.0,0.0,success,False,2026-08-28T00:22:09.034750+09:00
Greenhouse Guidebook,,,failed,False,2026-08-18T22:10:14.241136+09:00
Greenhouse Helpdesk,,,failed,False,2026-08-27T22:44:08.062899+09:00
Greenhouse Helper,70.0,6.0,success,False,2026-08-28T00:22:15.974518+09:00
Greenhouse History,260.0,8.0,success,False,2026-08-19T20:39:03.354865+09:00
Greenhouse Hotline,,,failed,False,2026-08-19T21:13:13.092758+09:00
Greenhouse Hub,50.0,1.0,success,False,2026-08-17T20:46:26.563596+09:00
Greenhouse Identifier,,,failed,False,2026-08-23T13:07:32.830763+09:00
Greenhouse Incentive,,,failed,False,2026-08-27T21:19:28.438229+09:00
Greenhouse Index,10.0,0.0,success,False,2026-08-19T21:12:17.710681+09:00
Greenhouse Insight,,,failed,False,2026-08-17T23:15:28.966007+09:00
Greenhouse Installment,,,failed,False,2026-08-23T16:16:24.189782+09:00
Greenhouse Item,140.0,96.0,success,False,2026-08-21T01:50:51.985309+09:00
Greenhouse Journal,20.0,76.0,success,False,2026-08-18T22:10:00.373367+09:00
Greenhouse Keeper,30.0,0.0,success,False,2026-08-17T21:34:29.947705+09:00
Greenhouse Kit,33100.0,100.0,success,False,2026-08-27T22:51:48.588261+09:00
Greenhouse Lab,390.0,4.0,success,False,2026-08-17T20:45:10.862003+09:00
Greenhouse Label,40.0,53.0,success,False,2026-08-27T22:14:48.502479+09:00
Greenhouse Layout,3600.0,9.0,success,False,2026-08-27T22:29:33.709708+09:00
Greenhouse Ledger,,,failed,False,2026-08-17T21:30:41.512165+09:00
Greenhouse Lens,,,failed,False,2026-08-17T21:35:02.943607+09:00
Greenhouse Level,20.0,0.0,success,False,2026-08-19T20:39:21.250222+09:00
Greenhouse Levy,,,failed,False,2026-08-23T13:47:56.055627+09:00
Greenhouse Link,20.0,7.0,success,False,2026-08-23T03:19:30.157366+09:00
Greenhouse List,10.0,0.0,success,False,2026-08-19T21:58:32.626205+09:00
Greenhouse Loan,40.0,34.0,success,False,2026-08-21T02:07:58.916446+09:00
Greenhouse Locator,,,failed,False,2026-08-18T23:59:06.121375+09:00
Greenhouse Lock,210.0,42.0,success,False,2026-08-17T21:37:05.127331+09:00
Greenhouse Log,10.0,13.0,success,False,2026-08-19T13:37:39.358157+09:00
Greenhouse Loop,20.0,94.0,success,False,2026-08-17T20:32:57.689274+09:00
Greenhouse Manager,720.0,1.0,success,False,2026-08-17T21:33:26.536272+09:00
Greenhouse Manual,50.0,61.0,success,False,2026-08-27T22:14:55.683786+09:00
Greenhouse Map,110.0,0.0,success,False,2026-08-17T21:36:07.544663+09:00
Greenhouse Memo,,,failed,False,2026-08-21T00:35:29.281212+09:00
Greenhouse Message,,,failed,False,2026-08-27T23:09:59.459850+09:00
Greenhouse Meter,,,failed,False,2026-08-17T20:37:16.947301+09:00
Greenhouse Metrics,,,failed,False,2026-08-17T23:26:04.596222+09:00
Greenhouse Monitor,70.0,45.0,success,False,2026-08-17T23:25:47.175267+09:00
Greenhouse Navigator,,,failed,False,2026-08-17T23:04:42.962346+09:00
Greenhouse Nexus,,,failed,False,2026-08-17T21:37:44.992622+09:00
Greenhouse Node,,,failed,False,2026-08-17T21:41:14.862117+09:00
Greenhouse Note,,,failed,False,2026-08-19T13:39:03.234764+09:00
Greenhouse Notification,,,failed,False,2026-08-27T22:51:48.588261+09:00
Greenhouse Number,30.0,2.0,success,False,2026-08-23T03:19:24.648506+09:00
Greenhouse Office,320.0,97.0,success,False,2026-08-18T23:59:34.906916+09:00
Greenhouse Ops,,,failed,False,2026-08-17T23:26:46.063928+09:00
Greenhouse Order,20.0,100.0,success,False,2026-08-19T21:57:53.749303+09:00
Greenhouse Organizer,,,failed,False,2026-08-17T23:08:44.294677+09:00
Greenhouse Overage,,,failed,False,2026-08-27T21:50:15.580858+09:00
Greenhouse Overdue,,,failed,False,2026-08-27T21:50:13.120936+09:00
Greenhouse Panel,590.0,100.0,success,False,2026-08-17T20:39:09.333217+09:00
Greenhouse Pass,,,failed,False,2026-08-21T00:35:11.745138+09:00
Greenhouse Path,30.0,56.0,success,False,2026-08-17T21:39:57.727763+09:00
Greenhouse Payoff,,,failed,False,2026-08-27T21:50:13.120936+09:00
Greenhouse Penalty,,,failed,False,2026-08-23T16:40:00.457844+09:00
Greenhouse Petition,,,failed,False,2026-08-21T01:09:29.468190+09:00
Greenhouse Pilot,,,failed,False,2026-08-17T20:45:33.619281+09:00
Greenhouse Plan,6600.0,100.0,success,False,2026-08-21T01:51:00.424955+09:00
Greenhouse Planner,6600.0,100.0,success,False,2026-08-17T23:13:55.425659+09:00
Greenhouse Playbook,,,failed,False,2026-08-18T22:09:52.210960+09:00
Greenhouse Point,,,failed,False,2026-08-17T21:38:15.647846+09:00
Greenhouse Portal,210.0,9.0,success,False,2026-08-17T20:40:48.754907+09:00
Greenhouse Preview,,,failed,False,2026-08-28T01:03:06.788782+09:00
Greenhouse Profile,170.0,55.0,success,False,2026-08-19T13:39:43.638809+09:00
Greenhouse Profit,50.0,0.0,success,False,2026-08-23T02:54:43.780312+09:00
Greenhouse Proposal,50.0,2.0,success,False,2026-08-28T01:03:06.788782+09:00
Greenhouse Pulse,,,failed,False,2026-08-18T07:52:30.485728+09:00
Greenhouse Queue,,,failed,False,2026-08-19T21:12:37.502456+09:00
Greenhouse Radar,,,failed,False,2026-08-17T20:43:44.073906+09:00
Greenhouse Rail,,,failed,False,2026-08-17T20:33:31.328442+09:00
Greenhouse Rank,,,failed,False,2026-08-28T00:46:16.444390+09:00
Greenhouse Rate,10.0,30.0,success,False,2026-08-19T20:39:30.002249+09:00
Greenhouse Recap,,,failed,False,2026-08-21T01:09:44.260038+09:00
Greenhouse Receipt,,,failed,False,2026-08-19T21:58:14.220154+09:00
Greenhouse Recorder,,,failed,False,2026-08-27T23:32:01.853038+09:00
Greenhouse Register,50.0,13.0,success,False,2026-08-17T23:11:59.928630+09:00
Greenhouse Registry,,,failed,False,2026-08-18T22:10:22.903886+09:00
Greenhouse Relay,,,failed,False,2026-08-17T20:42:47.401639+09:00
Greenhouse Reminder,,,failed,False,2026-08-19T21:11:53.117390+09:00
Greenhouse Report,90.0,11.0,success,False,2026-08-19T13:37:32.755916+09:00
Greenhouse Roadmap,,,failed,False,2026-08-18T22:11:03.707718+09:00
Greenhouse Roster,,,failed,False,2026-08-19T00:39:00.049194+09:00
Greenhouse Route,,,failed,False,2026-08-17T20:35:19.683482+09:00
Greenhouse Rule,,,failed,False,2026-08-23T03:19:32.678416+09:00
Greenhouse Sale,33100.0,100.0,success,False,2026-08-21T02:23:45.182895+09:00
Greenhouse Sample,40.0,34.0,success,False,2026-08-19T21:59:07.775168+09:00
Greenhouse Scale,,,failed,False,2026-08-17T20:36:17.521162+09:00
Greenhouse Scanner,,,failed,False,2026-08-27T23:51:48.203996+09:00
Greenhouse Scheduler,,,failed,False,2026-08-17T23:25:24.044948+09:00
Greenhouse Scope,,,failed,False,2026-08-17T20:34:01.116253+09:00
Greenhouse Score,10.0,7.0,success,False,2026-08-19T13:38:58.073256+09:00
Greenhouse Sentry,,,failed,False,2026-08-17T21:35:36.118436+09:00
Greenhouse Sheet,880.0,100.0,success,False,2026-08-19T13:38:21.044998+09:00
Greenhouse Shortfall,,,failed,False,2026-08-27T21:50:20.259806+09:00
Greenhouse Signal,,,failed,False,2026-08-17T20:35:50.076535+09:00
Greenhouse Slip,,,failed,False,2026-08-19T21:58:59.534733+09:00
Greenhouse Slot,,,failed,False,2026-08-19T21:59:15.845213+09:00
Greenhouse Snapshot,,,failed,False,2026-08-18T22:10:08.621452+09:00
Greenhouse Stage,30.0,29.0,success,False,2026-08-28T00:46:12.619703+09:00
Greenhouse Stake,,,failed,False,2026-08-23T02:54:48.016404+09:00
Greenhouse Statement,,,failed,False,2026-08-21T00:35:19.738516+09:00
Greenhouse Station,50.0,4.0,success,False,2026-08-17T20:44:09.032273+09:00
Greenhouse Status,140.0,0.0,success,False,2026-08-19T20:38:42.409315+09:00
Greenhouse Studio,720.0,5.0,success,False,2026-08-17T20:45:55.190861+09:00
Greenhouse Subsidy,50.0,4.0,success,False,2026-08-23T15:52:37.821939+09:00
Greenhouse Suite,,,failed,False,2026-08-17T23:24:32.888927+09:00
Greenhouse Sum,,,failed,False,2026-08-21T02:23:27.282211+09:00
Greenhouse Summary,,,failed,False,2026-08-19T21:11:29.135916+09:00
Greenhouse Sync,,,failed,False,2026-08-17T21:30:05.905035+09:00
Greenhouse Tab,,,failed,False,2026-08-21T00:35:43.096296+09:00
Greenhouse Table,1900.0,100.0,success,False,2026-08-19T21:58:39.226398+09:00
Greenhouse Tag,,,failed,False,2026-08-19T13:39:26.336599+09:00
Greenhouse Tariff,,,failed,False,2026-08-21T02:39:52.714819+09:00
Greenhouse Tax,20.0,0.0,success,False,2026-08-21T02:07:53.857202+09:00
Greenhouse Ticket,110.0,16.0,success,False,2026-08-19T21:12:28.088394+09:00
Greenhouse Timeline,10.0,0.0,success,False,2026-08-19T21:11:41.705907+09:00
Greenhouse Timer,90.0,58.0,success,False,2026-08-28T00:22:01.777271+09:00
Greenhouse Toll,,,failed,False,2026-08-21T02:39:44.265069+09:00
Greenhouse Toolbox,,,failed,False,2026-08-28T00:22:11.514597+09:00
Greenhouse Toolkit,,,failed,False,2026-08-18T22:09:44.783040+09:00
Greenhouse Tracker,70.0,18.0,success,False,2026-08-17T21:31:15.457583+09:00
Greenhouse Trail,20.0,0.0,success,False,2026-08-17T20:32:21.226449+09:00
Greenhouse Trial,20.0,12.0,success,False,2026-08-27T21:19:26.078520+09:00
Greenhouse Unit,20.0,76.0,success,False,2026-08-21T01:50:57.666770+09:00
Greenhouse Update,50.0,0.0,success,False,2026-08-19T20:39:37.927726+09:00
Greenhouse Value,,,failed,False,2026-08-23T02:54:45.895962+09:00
Greenhouse Vault,,,failed,False,2026-08-17T20:42:00.146835+09:00
Greenhouse Version,,,failed,False,2026-08-23T03:19:26.945614+09:00
Greenhouse View,30.0,15.0,success,False,2026-08-19T20:38:53.768635+09:00
Greenhouse Voucher,10.0,38.0,success,False,2026-08-21T00:35:13.915986+09:00
Greenhouse Watch,30.0,4.0,success,False,2026-08-17T20:34:51.045190+09:00
Greenhouse Wave,20.0,16.0,success,False,2026-08-17T21:41:44.845375+09:00
Greenhouse Widget,,,failed,False,2026-08-27T23:10:05.739440+09:00
Greenhouse Workbench,320.0,100.0,success,False,2026-08-18T22:09:35.906732+09:00
Greenhouse Worksheet,40.0,0.0,success,False,2026-08-27T22:14:59.305692+09:00
Greenhouse Workshop,90.0,100.0,success,False,2026-08-28T00:22:04.244333+09:00
Greenhouse Zone,40.0,1.0,success,False,2026-08-17T20:41:35.724700+09:00
Grid Advance,720.0,22.0,success,False,2026-08-23T16:13:37.104049+09:00
Grid Advisory,,,failed,False,2026-08-21T01:01:57.606553+09:00
Grid Allowance,,,failed,False,2026-08-21T02:39:01.824838+09:00
Grid Almanac,,,failed,False,2026-08-18T22:12:08.779533+09:00
Grid Analyzer,50.0,36.0,success,False,2026-08-27T23:55:28.059641+09:00
Grid Anchor,30.0,5.0,success,False,2026-08-17T21:33:13.463030+09:00
Grid Arrears,,,failed,False,2026-08-23T16:13:34.147754+09:00
Grid Asset,90.0,0.0,success,False,2026-08-23T13:46:45.487661+09:00
Grid Assistant,30.0,0.0,success,False,2026-08-17T23:13:09.056664+09:00
Grid Atlas,1600.0,0.0,success,True,2026-08-17T20:41:19.373388+09:00
Grid Attribute,,,failed,False,2026-08-23T13:06:31.775349+09:00
Grid Balance,320.0,4.0,success,False,2026-08-23T13:46:43.137504+09:00
Grid Base,1300.0,40.0,success,False,2026-08-17T20:38:23.394205+09:00
Grid Beacon,,,failed,False,2026-08-17T21:37:26.190503+09:00
Grid Bill,20.0,5.0,success,False,2026-08-19T22:07:41.945033+09:00
Grid Board,1600.0,77.0,success,False,2026-08-17T20:35:36.002153+09:00
Grid Book,5400.0,90.0,success,False,2026-08-19T21:46:42.037661+09:00
Grid Bridge,110.0,0.0,success,False,2026-08-17T21:34:15.444697+09:00
Grid Brief,20.0,0.0,success,False,2026-08-21T00:59:40.549783+09:00
Grid Bulletin,,,failed,False,2026-08-21T00:59:36.315785+09:00
Grid Cabinet,140.0,100.0,success,False,2026-08-27T23:13:16.008786+09:00
Grid Calculator,2400.0,0.0,success,True,2026-08-27T23:34:29.939711+09:00
Grid Calendar,260.0,65.0,success,False,2026-08-19T00:00:08.120656+09:00
Grid Card,3600.0,2.0,success,False,2026-08-19T13:37:46.745101+09:00
Grid Cascade,,,failed,False,2026-08-17T21:35:18.423759+09:00
Grid Cash,20.0,40.0,success,False,2026-08-21T02:23:33.552099+09:00
Grid Category,,,failed,False,2026-08-23T13:06:29.194377+09:00
Grid Center,480.0,0.0,success,False,2026-08-17T21:41:28.759770+09:00
Grid Chain,20.0,59.0,success,False,2026-08-17T20:45:46.874737+09:00
Grid Charge,320.0,4.0,success,False,2026-08-21T02:38:54.796216+09:00
Grid Check,1000.0,1.0,success,False,2026-08-19T13:38:13.390546+09:00
Grid Checker,1000.0,1.0,success,False,2026-08-27T23:55:21.576264+09:00
Grid Circular,40.0,0.0,success,False,2026-08-21T01:01:55.292277+09:00
Grid Cockpit,10.0,0.0,success,False,2026-08-17T23:29:49.351305+09:00
Grid Code,2400.0,0.0,success,True,2026-08-19T21:46:03.788347+09:00
Grid Codex,10.0,0.0,success,False,2026-08-18T22:12:21.706710+09:00
Grid Companion,,,failed,False,2026-08-17T23:11:11.238352+09:00
Grid Comparison,170.0,0.0,success,False,2026-08-28T01:05:26.346049+09:00
Grid Compass,1000.0,0.0,success,True,2026-08-17T21:38:35.218560+09:00
Grid Compendium,,,failed,False,2026-08-18T22:12:15.534077+09:00
Grid Confirmation,10.0,0.0,success,False,2026-08-21T00:59:56.543467+09:00
Grid Console,20.0,1.0,success,False,2026-08-17T21:36:50.527973+09:00
Grid Contribution,,,failed,False,2026-08-23T16:13:30.945408+09:00
Grid Copayment,,,failed,False,2026-08-23T16:38:29.056767+09:00
Grid Core,590.0,0.0,success,False,2026-08-17T20:37:29.909330+09:00
Grid Cost,70.0,0.0,success,False,2026-08-21T02:08:19.202315+09:00
Grid Counter,170.0,0.0,success,False,2026-08-19T00:00:59.808882+09:00
Grid Dashboard,720.0,22.0,success,False,2026-08-17T23:03:58.711434+09:00
Grid Deal,10.0,0.0,success,False,2026-08-21T01:52:20.481419+09:00
Grid Debt,,,failed,False,2026-08-21T02:23:24.043193+09:00
Grid Deck,110.0,79.0,success,False,2026-08-17T20:34:38.143389+09:00
Grid Depot,,,failed,False,2026-08-19T00:00:44.927785+09:00
Grid Desk,50.0,79.0,success,False,2026-08-17T20:32:03.329355+09:00
Grid Detail,50.0,0.0,success,False,2026-08-23T03:18:03.824260+09:00
Grid Detector,110.0,0.0,success,False,2026-08-27T23:55:28.059641+09:00
Grid Diagram,590.0,0.0,success,False,2026-08-27T22:10:26.332247+09:00
Grid Dial,,,failed,False,2026-08-17T21:34:46.886716+09:00
Grid Digest,,,failed,False,2026-08-19T20:48:59.251157+09:00
Grid Directory,40.0,0.0,success,False,2026-08-19T00:00:18.530849+09:00
Grid Discount,,,failed,False,2026-08-23T16:13:26.521734+09:00
Grid Dock,,,failed,False,2026-08-17T21:30:22.425092+09:00
Grid Dossier,,,failed,False,2026-08-21T00:59:58.992040+09:00
Grid Downpayment,,,failed,False,2026-08-27T21:46:57.331452+09:00
Grid Draft,140.0,0.0,success,False,2026-08-19T20:49:09.969574+09:00
Grid Due,,,failed,False,2026-08-23T15:51:28.689965+09:00
Grid Duty,,,failed,False,2026-08-21T02:38:57.143403+09:00
Grid Engine,480.0,1.0,success,False,2026-08-17T23:28:41.981102+09:00
Grid Entry,,,failed,False,2026-08-21T01:00:13.557875+09:00
Grid Estimator,20.0,3.0,success,False,2026-08-27T23:55:17.807220+09:00
Grid Excerpt,,,failed,False,2026-08-21T01:02:10.080773+09:00
Grid Extension,260.0,0.0,success,False,2026-08-23T16:38:31.502720+09:00
Grid Fare,,,failed,False,2026-08-21T02:08:27.719210+09:00
Grid Fee,70.0,2.0,success,False,2026-08-21T01:52:03.394231+09:00
Grid File,260.0,1.0,success,False,2026-08-19T20:48:37.662202+09:00
Grid Finder,5400.0,0.0,success,True,2026-08-19T00:00:34.964613+09:00
Grid Fine,20.0,0.0,success,False,2026-08-23T02:54:17.672874+09:00
Grid Flag,40.0,17.0,success,False,2026-08-21T00:26:28.007677+09:00
Grid Flow,720.0,1.0,success,False,2026-08-17T20:35:06.364440+09:00
Grid Forge,50.0,0.0,success,False,2026-08-17T21:36:24.237197+09:00
Grid Form,4400.0,2.0,success,False,2026-08-19T13:37:36.286521+09:00
Grid Format,4400.0,2.0,success,False,2026-08-23T13:06:36.915804+09:00
Grid Frame,1900.0,50.0,success,False,2026-08-17T20:39:18.247368+09:00
Grid Fund,390.0,16.0,success,False,2026-08-21T02:23:31.419607+09:00
Grid Gate,110.0,59.0,success,False,2026-08-17T20:43:01.991108+09:00
Grid Grade,,,failed,False,2026-08-21T00:26:13.350270+09:00
Grid Graph,1300.0,4.0,success,False,2026-08-27T22:10:16.912585+09:00
Grid Guarantee,,,failed,False,2026-08-28T01:05:34.038010+09:00
Grid Guard,1000.0,36.0,success,False,2026-08-17T20:38:02.236902+09:00
Grid Guardian,70.0,1.0,success,False,2026-08-28T00:24:53.833495+09:00
Grid Guidebook,,,failed,False,2026-08-18T22:11:41.345427+09:00
Grid Helpdesk,,,failed,False,2026-08-27T22:48:06.633980+09:00
Grid Helper,90.0,2.0,success,False,2026-08-28T00:24:56.382213+09:00
Grid History,70.0,0.0,success,False,2026-08-19T20:48:32.959283+09:00
Grid Hotline,,,failed,False,2026-08-19T21:03:49.756847+09:00
Grid Hub,590.0,2.0,success,False,2026-08-17T20:34:15.100698+09:00
Grid Identifier,1900.0,0.0,success,True,2026-08-23T13:06:27.049949+09:00
Grid Index,210.0,0.0,success,False,2026-08-19T21:33:06.191339+09:00
Grid Insight,110.0,8.0,success,False,2026-08-17T23:29:34.686853+09:00
Grid Installment,,,failed,False,2026-08-23T16:13:30.945408+09:00
Grid Item,390.0,0.0,success,False,2026-08-21T01:52:06.168283+09:00
Grid Journal,1600.0,100.0,success,False,2026-08-18T22:11:24.179554+09:00
Grid Keeper,40.0,0.0,success,False,2026-08-17T20:39:46.897200+09:00
Grid Lab,320.0,0.0,success,False,2026-08-17T20:32:41.344957+09:00
Grid Label,110.0,25.0,success,False,2026-08-27T22:10:16.912585+09:00
Grid Ledger,,,failed,False,2026-08-17T20:36:31.502472+09:00
Grid Lens,390.0,2.0,success,False,2026-08-17T20:40:13.744558+09:00
Grid Level,260.0,1.0,success,False,2026-08-19T20:48:40.120494+09:00
Grid Levy,10.0,0.0,success,False,2026-08-23T13:46:45.487661+09:00
Grid Link,590.0,2.0,success,False,2026-08-23T03:17:54.192615+09:00
Grid List,390.0,0.0,success,False,2026-08-19T21:46:17.017433+09:00
Grid Loan,390.0,55.0,success,False,2026-08-21T02:08:37.852191+09:00
Grid Locator,1600.0,1.0,success,False,2026-08-19T00:00:25.348270+09:00
Grid Lock,1900.0,1.0,success,False,2026-08-17T20:41:48.704350+09:00
Grid Log,720.0,1.0,success,False,2026-08-19T13:37:25.441438+09:00
Grid Loop,30.0,1.0,success,False,2026-08-17T20:47:23.581270+09:00
Grid Manager,170.0,1.0,success,False,2026-08-17T20:38:51.261946+09:00
Grid Manual,40.0,0.0,success,False,2026-08-27T22:10:19.864578+09:00
Grid Map,9900.0,0.0,success,True,2026-08-17T20:41:00.568700+09:00
Grid Margin,390.0,0.0,success,False,2026-08-23T02:54:15.524012+09:00
Grid Marker,590.0,3.0,success,False,2026-08-23T13:27:20.193084+09:00
Grid Markup,,,failed,False,2026-08-23T16:38:26.896926+09:00
Grid Memo,50.0,43.0,success,False,2026-08-21T00:26:18.251155+09:00
Grid Message,10.0,0.0,success,False,2026-08-27T23:13:06.155067+09:00
Grid Metrics,10.0,4.0,success,False,2026-08-17T23:09:36.803243+09:00
Grid Monitor,590.0,7.0,success,False,2026-08-17T23:14:46.249386+09:00
Grid Navigator,210.0,0.0,success,False,2026-08-17T23:30:08.040310+09:00
Grid Nexus,10.0,0.0,success,False,2026-08-17T20:42:10.144192+09:00
Grid Node,170.0,0.0,success,False,2026-08-17T20:43:57.612589+09:00
Grid Note,590.0,57.0,success,False,2026-08-19T13:38:51.605801+09:00
Grid Notification,,,failed,False,2026-08-27T22:47:59.631121+09:00
Grid Number,8100.0,55.0,success,False,2026-08-23T03:17:46.671515+09:00
Grid Office,140.0,3.0,success,False,2026-08-19T00:00:51.306672+09:00
Grid Ops,70.0,0.0,success,False,2026-08-17T23:05:44.417197+09:00
Grid Organizer,480.0,99.0,success,False,2026-08-17T23:29:16.727834+09:00
Grid Overage,,,failed,False,2026-08-27T21:46:54.698818+09:00
Grid Overdraft,,,failed,False,2026-08-23T15:51:31.238085+09:00
Grid Overdue,,,failed,False,2026-08-27T21:46:49.880048+09:00
Grid Panel,3600.0,100.0,success,False,2026-08-17T21:35:49.618076+09:00
Grid Pass,70.0,1.0,success,False,2026-08-21T00:25:35.006393+09:00
Grid Path,320.0,19.0,success,False,2026-08-17T20:43:29.254301+09:00
Grid Payoff,,,failed,False,2026-08-27T21:46:52.310844+09:00
Grid Penalty,170.0,0.0,success,False,2026-08-23T16:38:26.896926+09:00
Grid Petition,,,failed,False,2026-08-21T00:59:52.495839+09:00
Grid Pilot,50.0,1.0,success,False,2026-08-17T20:33:15.121215+09:00
Grid Plan,1900.0,23.0,success,False,2026-08-21T01:52:17.382086+09:00
Grid Planner,1900.0,23.0,success,False,2026-08-17T23:28:58.984040+09:00
Grid Playbook,,,failed,False,2026-08-18T22:11:13.751205+09:00
Grid Point,2400.0,1.0,success,False,2026-08-17T20:42:34.302604+09:00
Grid Portal,170.0,5.0,success,False,2026-08-17T21:38:00.601683+09:00
Grid Preview,170.0,16.0,success,False,2026-08-28T01:05:28.825650+09:00
Grid Profile,110.0,0.0,success,False,2026-08-19T13:39:22.411617+09:00
Grid Profit,30.0,11.0,success,False,2026-08-23T02:54:08.933520+09:00
Grid Proposal,,,failed,False,2026-08-28T01:05:31.519640+09:00
Grid Pulse,50.0,2.0,success,False,2026-08-17T20:45:22.370262+09:00
Grid Quota,,,failed,False,2026-08-21T00:26:23.518919+09:00
Grid Radar,90.0,1.0,success,False,2026-08-18T07:52:44.350821+09:00
Grid Rail,140.0,18.0,success,False,2026-08-17T20:48:06.680156+09:00
Grid Rate,30.0,0.0,success,False,2026-08-19T20:48:46.011592+09:00
Grid Recap,10.0,0.0,success,False,2026-08-21T01:02:07.931527+09:00
Grid Receipt,,,failed,False,2026-08-19T21:45:53.420711+09:00
Grid Recorder,,,failed,False,2026-08-27T23:34:34.248381+09:00
Grid Redemption,,,failed,False,2026-08-23T16:38:31.502720+09:00
Grid Register,110.0,25.0,success,False,2026-08-17T23:30:21.472957+09:00
Grid Registry,110.0,25.0,success,False,2026-08-18T22:11:47.554399+09:00
Grid Relay,30.0,13.0,success,False,2026-08-18T07:52:55.085793+09:00
Grid Reminder,,,failed,False,2026-08-19T21:33:04.196015+09:00
Grid Report,140.0,0.0,success,False,2026-08-19T13:37:00.513744+09:00
Grid Repository,,,failed,False,2026-08-27T23:13:16.008786+09:00
Grid Roadmap,,,failed,False,2026-08-18T23:51:12.499703+09:00
Grid Rule,480.0,6.0,success,False,2026-08-23T03:17:56.844473+09:00
Grid Sale,140.0,77.0,success,False,2026-08-21T02:23:37.293511+09:00
Grid Sample,720.0,0.0,success,False,2026-08-19T21:47:05.219311+09:00
Grid Scale,1900.0,40.0,success,False,2026-08-17T21:32:45.123730+09:00
Grid Scanner,260.0,0.0,success,False,2026-08-27T23:55:24.915525+09:00
Grid Scheduler,720.0,5.0,success,False,2026-08-17T23:07:51.294970+09:00
Grid Schematic,,,failed,False,2026-08-27T22:28:51.186281+09:00
Grid Scope,50.0,0.0,success,False,2026-08-17T20:48:40.258747+09:00
Grid Score,50.0,0.0,success,False,2026-08-19T13:38:30.096101+09:00
Grid Sentry,40.0,2.0,success,False,2026-08-17T20:40:34.523017+09:00
Grid Sheet,2900.0,84.0,success,False,2026-08-19T13:37:53.958127+09:00
Grid Shortfall,,,failed,False,2026-08-27T21:46:57.331452+09:00
Grid Signal,40.0,2.0,success,False,2026-08-17T21:32:05.797514+09:00
Grid Signature,,,failed,False,2026-08-23T13:27:16.161149+09:00
Grid Slip,,,failed,False,2026-08-19T21:46:50.004607+09:00
Grid Slot,210.0,4.0,success,False,2026-08-19T21:47:20.280191+09:00
Grid Snapshot,,,failed,False,2026-08-18T22:11:32.522772+09:00
Grid Stake,,,failed,False,2026-08-23T02:54:13.248458+09:00
Grid Stamp,480.0,45.0,success,False,2026-08-23T13:27:22.703282+09:00
Grid Statement,,,failed,False,2026-08-21T00:26:02.753353+09:00
Grid Station,3600.0,1.0,success,False,2026-08-17T20:31:29.603433+09:00
Grid Status,2900.0,1.0,success,False,2026-08-19T20:48:17.948513+09:00
Grid Stub,,,failed,False,2026-08-21T00:25:54.977191+09:00
Grid Studio,9900.0,3.0,success,False,2026-08-17T20:33:46.243100+09:00
Grid Subsidy,,,failed,False,2026-08-23T15:51:33.860172+09:00
Grid Suite,720.0,11.0,success,False,2026-08-17T23:06:04.469497+09:00
Grid Sum,70.0,0.0,success,False,2026-08-21T02:23:20.274615+09:00
Grid Summary,90.0,0.0,success,False,2026-08-19T21:33:01.101175+09:00
Grid Surtax,,,failed,False,2026-08-23T15:51:36.784233+09:00
Grid Sync,260.0,0.0,success,False,2026-08-17T20:36:04.789698+09:00
Grid Tag,30.0,0.0,success,False,2026-08-19T13:39:01.193066+09:00
Grid Tally,,,failed,False,2026-08-21T00:26:07.923229+09:00
Grid Tariff,50.0,1.0,success,False,2026-08-21T02:39:07.071635+09:00
Grid Tax,10.0,2.0,success,False,2026-08-21T02:08:33.058112+09:00
Grid Tier,20.0,0.0,success,False,2026-08-28T00:47:32.809688+09:00
Grid Timer,50.0,4.0,success,False,2026-08-28T00:24:51.336275+09:00
Grid Token,50.0,2.0,success,False,2026-08-23T13:27:13.232233+09:00
Grid Toll,,,failed,False,2026-08-21T02:38:59.400124+09:00
Grid Toolbox,,,failed,False,2026-08-28T00:24:56.382213+09:00
Grid Toolkit,10.0,0.0,success,False,2026-08-18T22:11:05.779319+09:00
Grid Total,10.0,0.0,success,False,2026-08-27T23:13:09.078623+09:00
Grid Tracker,1000.0,0.0,success,True,2026-08-17T20:37:01.636634+09:00
Grid Trail,30.0,43.0,success,False,2026-08-17T20:46:49.856300+09:00
Grid Trend,70.0,0.0,success,False,2026-08-28T01:05:26.346049+09:00
Grid Trial,20.0,0.0,success,False,2026-08-27T21:15:49.145755+09:00
Grid Unit,320.0,1.0,success,False,2026-08-21T01:52:08.240457+09:00
Grid Update,50.0,0.0,success,False,2026-08-19T20:48:51.281701+09:00
Grid Value,590.0,2.0,success,False,2026-08-23T02:54:11.154631+09:00
Grid Vault,10.0,0.0,success,False,2026-08-17T21:40:49.556938+09:00
Grid Version,20.0,0.0,success,False,2026-08-23T03:17:50.653872+09:00
Grid View,5400.0,0.0,success,True,2026-08-19T20:48:26.152213+09:00
Grid Voucher,,,failed,False,2026-08-21T00:25:40.973918+09:00
Grid Watch,8100.0,3.0,success,False,2026-08-17T21:30:57.458125+09:00
Grid Wave,210.0,0.0,success,False,2026-08-17T20:44:21.106446+09:00
Grid Widget,90.0,3.0,success,False,2026-08-27T23:13:13.331600+09:00
Grid Workbench,,,failed,False,2026-08-18T22:10:59.912583+09:00
Grid Worksheet,320.0,1.0,success,False,2026-08-27T22:10:23.604541+09:00
Grid Workshop,10.0,0.0,success,False,2026-08-28T00:24:51.336275+09:00
Grid Zone,590.0,3.0,success,False,2026-08-17T21:39:25.145394+09:00
Grievance Advisory,,,failed,False,2026-08-21T01:20:18.165253+09:00
Grievance Alert,10.0,,success,False,2026-08-21T01:15:38.767814+09:00
Grievance Allowance,50.0,2.0,success,False,2026-08-21T02:45:16.049005+09:00
Grievance Analyzer,,,failed,False,2026-08-27T23:55:11.655418+09:00
Grievance Assistant,10.0,0.0,success,False,2026-08-21T01:25:20.517112+09:00
Grievance Atlas,,,failed,False,2026-08-21T01:25:20.517112+09:00
Grievance Attribute,,,failed,False,2026-08-23T13:06:38.895978+09:00
Grievance Badge,,,failed,False,2026-08-21T01:19:32.138069+09:00
Grievance Base,,,failed,False,2026-08-21T01:22:33.143231+09:00
Grievance Bay,,,failed,False,2026-08-21T01:26:18.948182+09:00
Grievance Beacon,,,failed,False,2026-08-21T01:21:27.496774+09:00
Grievance Bill,,,failed,False,2026-08-21T01:18:40.477010+09:00
Grievance Bin,,,failed,False,2026-08-21T01:15:46.981049+09:00
Grievance Board,50.0,0.0,success,False,2026-08-21T01:22:49.559882+09:00
Grievance Booth,,,failed,False,2026-08-21T01:26:07.605523+09:00
Grievance Bridge,,,failed,False,2026-08-21T01:21:39.994879+09:00
Grievance Brief,,,failed,False,2026-08-21T01:20:03.244208+09:00
Grievance Bulletin,,,failed,False,2026-08-21T01:20:01.120246+09:00
Grievance Cabinet,,,failed,False,2026-08-27T23:11:50.094156+09:00
Grievance Calendar,,,failed,False,2026-08-21T01:25:28.581838+09:00
Grievance Card,140.0,94.0,success,False,2026-08-21T01:16:42.417120+09:00
Grievance Cascade,,,failed,False,2026-08-21T01:21:34.003833+09:00
Grievance Cash,,,failed,False,2026-08-21T02:28:54.304303+09:00
Grievance Category,90.0,0.0,success,False,2026-08-23T13:06:33.832553+09:00
Grievance Center,10.0,0.0,success,False,2026-08-21T01:23:59.922943+09:00
Grievance Chain,,,failed,False,2026-08-21T01:25:20.517112+09:00
Grievance Charge,,,failed,False,2026-08-21T02:45:09.656384+09:00
Grievance Chart,,,failed,False,2026-08-21T01:15:44.374236+09:00
Grievance Check,140.0,0.0,success,False,2026-08-21T01:16:53.151150+09:00
Grievance Checker,,,failed,False,2026-08-27T23:55:03.182011+09:00
Grievance Circular,,,failed,False,2026-08-21T01:20:09.112300+09:00
Grievance Code,10.0,0.0,success,False,2026-08-21T01:18:50.592866+09:00
Grievance Companion,,,failed,False,2026-08-21T01:25:03.878404+09:00
Grievance Comparison,,,failed,False,2026-08-28T01:06:26.504545+09:00
Grievance Compass,,,failed,False,2026-08-21T01:21:21.287654+09:00
Grievance Confirmation,,,failed,False,2026-08-21T01:20:28.588615+09:00
Grievance Console,,,failed,False,2026-08-21T01:23:59.922943+09:00
Grievance Core,,,failed,False,2026-08-21T01:22:35.639513+09:00
Grievance Cost,,,failed,False,2026-08-21T02:11:46.716437+09:00
Grievance Count,,,failed,False,2026-08-27T22:46:12.811571+09:00
Grievance Counter,,,failed,False,2026-08-21T01:26:01.379135+09:00
Grievance Deal,,,failed,False,2026-08-21T01:55:16.985544+09:00
Grievance Debt,,,failed,False,2026-08-21T02:28:46.160203+09:00
Grievance Deck,,,failed,False,2026-08-21T01:22:55.105207+09:00
Grievance Desk,70.0,0.0,success,False,2026-08-21T01:20:58.036999+09:00
Grievance Detail,20.0,0.0,success,False,2026-08-23T03:16:47.860821+09:00
Grievance Detector,,,failed,False,2026-08-27T23:55:06.367292+09:00
Grievance Diagram,,,failed,False,2026-08-27T22:06:51.467328+09:00
Grievance Directory,,,failed,False,2026-08-21T01:25:45.514354+09:00
Grievance Draft,,,failed,False,2026-08-21T01:17:57.482592+09:00
Grievance Due,,,failed,False,2026-08-23T15:52:31.168291+09:00
Grievance Duty,,,failed,False,2026-08-21T02:45:09.656384+09:00
Grievance Engine,,,failed,False,2026-08-21T01:25:20.517112+09:00
Grievance Entry,70.0,0.0,success,False,2026-08-21T01:20:36.811619+09:00
Grievance Estimate,,,failed,False,2026-08-21T01:18:29.664706+09:00
Grievance Estimator,,,failed,False,2026-08-27T23:54:58.395846+09:00
Grievance Extension,,,failed,False,2026-08-23T16:40:13.658560+09:00
Grievance Fare,10.0,6.0,success,False,2026-08-21T02:11:55.079933+09:00
Grievance Fee,20.0,0.0,success,False,2026-08-21T01:54:58.367500+09:00
Grievance Feed,,,failed,False,2026-08-21T01:35:17.900497+09:00
Grievance Field,,,failed,False,2026-08-23T13:06:41.923671+09:00
Grievance File,3600.0,1.0,success,False,2026-08-21T01:17:36.062470+09:00
Grievance Fine,,,failed,False,2026-08-23T02:52:49.123666+09:00
Grievance Flow,,,failed,False,2026-08-21T01:20:45.332631+09:00
Grievance Forge,,,failed,False,2026-08-21T01:21:31.170741+09:00
Grievance Form,2900.0,1.0,success,False,2026-08-21T01:16:36.813672+09:00
Grievance Format,2900.0,1.0,success,False,2026-08-23T13:06:44.617990+09:00
Grievance Frame,,,failed,False,2026-08-21T01:22:31.268942+09:00
Grievance Fund,,,failed,False,2026-08-21T02:28:50.660826+09:00
Grievance Gate,,,failed,False,2026-08-21T01:25:20.517112+09:00
Grievance Generator,,,failed,False,2026-08-27T23:34:03.746516+09:00
Grievance Graph,,,failed,False,2026-08-27T22:06:37.910338+09:00
Grievance Grid,,,failed,False,2026-08-21T01:22:01.103254+09:00
Grievance Guarantee,,,failed,False,2026-08-28T01:06:43.929748+09:00
Grievance Guardian,,,failed,False,2026-08-28T00:24:58.982196+09:00
Grievance Helpdesk,,,failed,False,2026-08-27T22:46:12.811571+09:00
Grievance Helper,,,failed,False,2026-08-28T00:25:01.797092+09:00
Grievance History,260.0,0.0,success,False,2026-08-21T01:17:30.839165+09:00
Grievance Hub,,,failed,False,2026-08-21T01:20:51.576504+09:00
Grievance Identifier,,,failed,False,2026-08-23T13:06:31.775349+09:00
Grievance Inbox,,,failed,False,2026-08-21T01:15:31.943617+09:00
Grievance Index,,,failed,False,2026-08-21T01:18:16.729979+09:00
Grievance Item,,,failed,False,2026-08-21T01:55:03.003035+09:00
Grievance Journal,210.0,100.0,success,False,2026-08-21T01:25:20.517112+09:00
Grievance Keeper,,,failed,False,2026-08-21T01:25:20.517112+09:00
Grievance Kit,,,failed,False,2026-08-27T22:46:05.352618+09:00
Grievance Lab,,,failed,False,2026-08-21T01:23:03.958708+09:00
Grievance Label,,,failed,False,2026-08-27T22:06:42.047958+09:00
Grievance Ledger,,,failed,False,2026-08-21T01:22:43.322610+09:00
Grievance Level,,,failed,False,2026-08-21T01:17:41.245351+09:00
Grievance Line,20.0,0.0,success,False,2026-08-21T01:16:10.496497+09:00
Grievance Link,40.0,0.0,success,False,2026-08-23T03:16:39.334057+09:00
Grievance List,1900.0,0.0,success,True,2026-08-21T01:18:56.365360+09:00
Grievance Loan,,,failed,False,2026-08-21T02:12:01.712721+09:00
Grievance Lobby,,,failed,False,2026-08-21T01:15:57.558147+09:00
Grievance Locator,,,failed,False,2026-08-21T01:25:38.275036+09:00
Grievance Locker,,,failed,False,2026-08-21T01:26:04.709927+09:00
Grievance Log,70.0,1.0,success,False,2026-08-21T01:16:32.710448+09:00
Grievance Loop,,,failed,False,2026-08-21T01:21:56.845957+09:00
Grievance Manager,90.0,4.0,success,False,2026-08-21T01:25:20.517112+09:00
Grievance Manual,20.0,2.0,success,False,2026-08-27T22:06:46.717056+09:00
Grievance Map,,,failed,False,2026-08-21T01:22:27.198742+09:00
Grievance Memo,,,failed,False,2026-08-21T01:21:07.466451+09:00
Grievance Message,140.0,9.0,success,False,2026-08-27T23:11:47.149537+09:00
Grievance Monitor,,,failed,False,2026-08-21T01:25:20.517112+09:00
Grievance Nexus,,,failed,False,2026-08-21T01:25:20.517112+09:00
Grievance Note,50.0,0.0,success,False,2026-08-21T01:17:02.274965+09:00
Grievance Notification,,,failed,False,2026-08-27T22:46:05.352618+09:00
Grievance Number,390.0,0.0,success,False,2026-08-23T03:16:31.986562+09:00
Grievance Office,90.0,0.0,success,False,2026-08-21T01:25:46.762620+09:00
Grievance Ops,,,failed,False,2026-08-21T01:25:20.517112+09:00
Grievance Order,,,failed,False,2026-08-21T01:18:34.503460+09:00
Grievance Overdue,,,failed,False,2026-08-27T21:45:54.192033+09:00
Grievance Panel,20.0,0.0,success,False,2026-08-21T01:23:59.922943+09:00
Grievance Pass,,,failed,False,2026-08-21T01:19:23.070915+09:00
Grievance Passport,1900.0,0.0,success,True,2026-08-21T01:15:52.922484+09:00
Grievance Path,,,failed,False,2026-08-21T01:22:09.935224+09:00
Grievance Petition,110.0,0.0,success,False,2026-08-21T01:20:23.926123+09:00
Grievance Plan,,,failed,False,2026-08-21T01:55:12.213842+09:00
Grievance Planner,,,failed,False,2026-08-21T01:25:20.517112+09:00
Grievance Playbook,,,failed,False,2026-08-21T01:25:20.517112+09:00
Grievance Point,,,failed,False,2026-08-21T01:22:20.767459+09:00
Grievance Portal,18100.0,0.0,success,True,2026-08-21T01:23:59.922943+09:00
Grievance Preview,,,failed,False,2026-08-28T01:06:29.246910+09:00
Grievance Profile,10.0,0.0,success,False,2026-08-21T01:17:14.231029+09:00
Grievance Profit,,,failed,False,2026-08-23T02:52:37.533661+09:00
Grievance Proposal,,,failed,False,2026-08-28T01:06:41.346901+09:00
Grievance Quota,,,failed,False,2026-08-21T01:19:51.249504+09:00
Grievance Radar,,,failed,False,2026-08-21T01:21:04.299416+09:00
Grievance Rail,,,failed,False,2026-08-21T01:23:59.922943+09:00
Grievance Rate,20.0,0.0,success,False,2026-08-21T01:17:43.825232+09:00
Grievance Recap,,,failed,False,2026-08-21T01:20:34.277114+09:00
Grievance Receipt,20.0,0.0,success,False,2026-08-21T01:18:44.582130+09:00
Grievance Recorder,,,failed,False,2026-08-27T23:34:03.746516+09:00
Grievance Register,6600.0,0.0,success,True,2026-08-21T01:25:20.517112+09:00
Grievance Registry,,,failed,False,2026-08-21T01:25:39.259226+09:00
Grievance Relay,,,failed,False,2026-08-21T01:21:10.960024+09:00
Grievance Reminder,10.0,0.0,success,False,2026-08-21T01:18:13.948377+09:00
Grievance Report,720.0,1.0,success,False,2026-08-21T01:16:26.293455+09:00
Grievance Repository,,,failed,False,2026-08-27T23:11:52.510647+09:00
Grievance Result,20.0,0.0,success,False,2026-08-28T00:47:48.349607+09:00
Grievance Ring,,,failed,False,2026-08-21T01:25:20.517112+09:00
Grievance Roll,,,failed,False,2026-08-21T01:16:21.248035+09:00
Grievance Roster,,,failed,False,2026-08-21T01:15:30.378271+09:00
Grievance Route,,,failed,False,2026-08-21T01:23:59.922943+09:00
Grievance Rule,,,failed,False,2026-08-23T03:16:44.260724+09:00
Grievance Sale,20.0,0.0,success,False,2026-08-21T02:28:57.894422+09:00
Grievance Sample,20.0,0.0,success,False,2026-08-21T01:19:12.546892+09:00
Grievance Scale,,,failed,False,2026-08-21T01:23:59.922943+09:00
Grievance Scanner,,,failed,False,2026-08-27T23:55:06.367292+09:00
Grievance Scope,,,failed,False,2026-08-21T01:21:53.775872+09:00
Grievance Score,,,failed,False,2026-08-21T01:16:56.595304+09:00
Grievance Sheet,20.0,0.0,success,False,2026-08-21T01:16:47.227660+09:00
Grievance Shelf,,,failed,False,2026-08-21T01:15:25.336646+09:00
Grievance Signal,,,failed,False,2026-08-21T01:21:42.147576+09:00
Grievance Slip,,,failed,False,2026-08-21T01:19:07.466825+09:00
Grievance Slot,,,failed,False,2026-08-21T01:19:16.110446+09:00
Grievance Stage,260.0,7.0,success,False,2026-08-28T00:47:48.349607+09:00
Grievance Stake,,,failed,False,2026-08-23T02:52:43.639669+09:00
Grievance Statement,110.0,1.0,success,False,2026-08-21T01:19:38.759789+09:00
Grievance Station,,,failed,False,2026-08-21T01:23:59.922943+09:00
Grievance Status,6600.0,0.0,success,True,2026-08-21T01:17:22.537676+09:00
Grievance Stub,,,failed,False,2026-08-21T01:19:35.649490+09:00
Grievance Studio,,,failed,False,2026-08-21T01:22:59.410874+09:00
Grievance Sum,,,failed,False,2026-08-21T02:28:46.160203+09:00
Grievance Summary,10.0,0.0,success,False,2026-08-21T01:18:04.111706+09:00
Grievance Tab,10.0,0.0,success,False,2026-08-21T01:19:54.964370+09:00
Grievance Table,,,failed,False,2026-08-21T01:19:00.586921+09:00
Grievance Tag,,,failed,False,2026-08-21T01:17:06.015996+09:00
Grievance Tariff,,,failed,False,2026-08-21T02:45:19.238792+09:00
Grievance Tax,480.0,38.0,success,False,2026-08-21T02:11:57.284997+09:00
Grievance Terminal,,,failed,False,2026-08-21T01:23:59.922943+09:00
Grievance Ticker,,,failed,False,2026-08-21T01:16:05.290341+09:00
Grievance Ticket,70.0,7.0,success,False,2026-08-21T01:18:23.588658+09:00
Grievance Timeline,50.0,2.0,success,False,2026-08-21T01:18:06.634708+09:00
Grievance Toll,,,failed,False,2026-08-21T02:45:13.542612+09:00
Grievance Toolbox,,,failed,False,2026-08-28T00:24:58.982196+09:00
Grievance Total,,,failed,False,2026-08-27T23:11:47.149537+09:00
Grievance Tracker,590.0,2.0,success,False,2026-08-21T01:20:42.577799+09:00
Grievance Trail,,,failed,False,2026-08-21T01:23:59.922943+09:00
Grievance Trend,,,failed,False,2026-08-28T01:06:26.504545+09:00
Grievance Trial,,,failed,False,2026-08-27T21:20:01.117686+09:00
Grievance Unit,,,failed,False,2026-08-21T01:55:06.085634+09:00
Grievance Update,30.0,0.0,success,False,2026-08-21T01:17:49.809423+09:00
Grievance Value,,,failed,False,2026-08-23T02:52:39.945062+09:00
Grievance Vault,,,failed,False,2026-08-21T01:21:16.120431+09:00
Grievance Version,,,failed,False,2026-08-23T03:16:36.835162+09:00
Grievance View,,,failed,False,2026-08-21T01:17:27.975074+09:00
Grievance Voucher,,,failed,False,2026-08-21T01:19:27.364478+09:00
Grievance Watch,,,failed,False,2026-08-21T01:21:49.678224+09:00
Grievance Wave,,,failed,False,2026-08-21T01:22:07.036293+09:00
Grievance Widget,,,failed,False,2026-08-27T23:11:50.094156+09:00
Grievance Window,20.0,0.0,success,False,2026-08-21T01:16:15.267590+09:00
Grievance Worksheet,,,failed,False,2026-08-27T22:06:51.467328+09:00
Grievance Workshop,,,failed,False,2026-08-28T00:24:56.382213+09:00
Grievance Yard,,,failed,False,2026-08-21T01:26:16.302709+09:00
Grievance Zone,,,failed,False,2026-08-21T01:23:59.922943+09:00
Grooming Advance,,,failed,False,2026-08-23T16:11:24.096021+09:00
Grooming Advisory,,,failed,False,2026-08-21T01:06:23.582625+09:00
Grooming Allowance,50.0,0.0,success,False,2026-08-21T02:44:22.791251+09:00
Grooming Almanac,,,failed,False,2026-08-18T22:03:30.222566+09:00
Grooming Analyzer,,,failed,False,2026-08-27T23:52:30.197940+09:00
Grooming Anchor,,,failed,False,2026-08-17T23:13:49.973223+09:00
Grooming Announcement,,,failed,False,2026-08-27T23:32:49.894310+09:00
Grooming Arrears,,,failed,False,2026-08-23T16:11:21.537507+09:00
Grooming Assistant,320.0,3.0,success,False,2026-08-17T23:14:27.748058+09:00
Grooming Atlas,,,failed,False,2026-08-17T23:05:44.417197+09:00
Grooming Badge,,,failed,False,2026-08-21T00:33:08.035106+09:00
Grooming Balance,,,failed,False,2026-08-23T13:48:38.413472+09:00
Grooming Base,,,failed,False,2026-08-17T23:13:28.338167+09:00
Grooming Beacon,,,failed,False,2026-08-17T23:12:11.666158+09:00
Grooming Bill,20.0,0.0,success,False,2026-08-19T21:56:48.069412+09:00
Grooming Blueprint,,,failed,False,2026-08-18T22:03:18.976552+09:00
Grooming Board,30.0,21.0,success,False,2026-08-17T23:27:23.938977+09:00
Grooming Book,480.0,83.0,success,False,2026-08-19T21:57:41.163401+09:00
Grooming Bridge,,,failed,False,2026-08-17T23:24:49.201687+09:00
Grooming Brief,,,failed,False,2026-08-21T01:06:16.364943+09:00
Grooming Bulletin,,,failed,False,2026-08-21T01:06:12.457382+09:00
Grooming Calculator,,,failed,False,2026-08-27T23:32:54.562632+09:00
Grooming Calendar,30.0,10.0,success,False,2026-08-19T00:00:59.808882+09:00
Grooming Card,170.0,98.0,success,False,2026-08-19T13:25:01.891377+09:00
Grooming Cascade,,,failed,False,2026-08-17T23:06:48.111245+09:00
Grooming Cash,,,failed,False,2026-08-21T02:29:14.750230+09:00
Grooming Cashback,,,failed,False,2026-08-27T21:13:18.101351+09:00
Grooming Catalog,10.0,68.0,success,False,2026-08-19T21:13:31.913325+09:00
Grooming Category,20.0,0.0,success,False,2026-08-23T13:09:58.883939+09:00
Grooming Center,720.0,3.0,success,False,2026-08-17T23:28:06.508675+09:00
Grooming Chain,,,failed,False,2026-08-17T23:29:51.250400+09:00
Grooming Charge,320.0,1.0,success,False,2026-08-21T02:44:13.647823+09:00
Grooming Check,170.0,0.0,success,False,2026-08-19T13:25:31.059454+09:00
Grooming Checker,,,failed,False,2026-08-27T23:52:16.469073+09:00
Grooming Checklist,390.0,24.0,success,False,2026-08-19T21:12:35.619378+09:00
Grooming Circular,,,failed,False,2026-08-21T01:06:19.538829+09:00
Grooming Cockpit,,,failed,False,2026-08-17T23:32:25.255075+09:00
Grooming Code,70.0,0.0,success,False,2026-08-19T21:57:08.159846+09:00
Grooming Codex,,,failed,False,2026-08-18T22:04:00.845205+09:00
Grooming Companion,,,failed,False,2026-08-17T23:12:27.386442+09:00
Grooming Comparison,,,failed,False,2026-08-28T01:03:11.397241+09:00
Grooming Compass,,,failed,False,2026-08-17T23:24:03.266981+09:00
Grooming Compendium,,,failed,False,2026-08-18T22:03:51.381490+09:00
Grooming Confirmation,,,failed,False,2026-08-21T01:06:33.871335+09:00
Grooming Console,,,failed,False,2026-08-17T23:06:06.115551+09:00
Grooming Contribution,,,failed,False,2026-08-23T16:11:16.199786+09:00
Grooming Copayment,,,failed,False,2026-08-23T16:37:14.050450+09:00
Grooming Core,10.0,,success,False,2026-08-17T23:27:09.313673+09:00
Grooming Cost,260.0,23.0,success,False,2026-08-21T02:13:25.435180+09:00
Grooming Count,,,failed,False,2026-08-27T22:45:28.853044+09:00
Grooming Counter,,,failed,False,2026-08-19T00:01:46.968095+09:00
Grooming Coupon,90.0,24.0,success,False,2026-08-27T21:13:18.101351+09:00
Grooming Dashboard,,,failed,False,2026-08-17T23:05:21.665981+09:00
Grooming Deal,,,failed,False,2026-08-21T01:57:57.210014+09:00
Grooming Debt,,,failed,False,2026-08-21T02:29:07.517005+09:00
Grooming Deck,10.0,0.0,success,False,2026-08-17T23:15:05.132671+09:00
Grooming Depot,210.0,20.0,success,False,2026-08-19T00:01:32.528747+09:00
Grooming Desk,10.0,100.0,success,False,2026-08-17T23:23:29.892589+09:00
Grooming Detail,,,failed,False,2026-08-23T03:23:58.190781+09:00
Grooming Detector,,,failed,False,2026-08-27T23:52:26.282518+09:00
Grooming Dial,,,failed,False,2026-08-17T23:13:11.418966+09:00
Grooming Digest,,,failed,False,2026-08-19T20:42:12.538195+09:00
Grooming Directory,,,failed,False,2026-08-19T00:01:10.174789+09:00
Grooming Discount,50.0,74.0,success,False,2026-08-23T16:11:13.672713+09:00
Grooming Dock,,,failed,False,2026-08-17T23:14:48.085579+09:00
Grooming Dossier,,,failed,False,2026-08-21T01:06:42.544203+09:00
Grooming Draft,,,failed,False,2026-08-19T20:42:25.910879+09:00
Grooming Due,,,failed,False,2026-08-23T15:50:12.078414+09:00
Grooming Duty,,,failed,False,2026-08-21T02:44:16.067023+09:00
Grooming Engine,,,failed,False,2026-08-17T23:31:17.212800+09:00
Grooming Entry,,,failed,False,2026-08-21T01:06:56.173532+09:00
Grooming Estimate,,,failed,False,2026-08-19T21:13:21.149067+09:00
Grooming Estimator,,,failed,False,2026-08-27T23:52:13.665480+09:00
Grooming Excerpt,,,failed,False,2026-08-21T01:06:51.131996+09:00
Grooming Fare,,,failed,False,2026-08-21T02:13:28.177261+09:00
Grooming Fee,880.0,18.0,success,False,2026-08-21T01:57:40.883576+09:00
Grooming Feed,,,failed,False,2026-08-19T20:42:17.170868+09:00
Grooming File,,,failed,False,2026-08-19T20:41:40.323358+09:00
Grooming Finder,,,failed,False,2026-08-19T00:01:24.646371+09:00
Grooming Fine,,,failed,False,2026-08-23T02:58:06.031542+09:00
Grooming Flag,70.0,30.0,success,False,2026-08-21T00:33:48.597432+09:00
Grooming Flow,,,failed,False,2026-08-17T23:08:54.682716+09:00
Grooming Forge,,,failed,False,2026-08-17T23:24:26.895595+09:00
Grooming Form,30.0,45.0,success,False,2026-08-19T13:24:52.365790+09:00
Grooming Frame,10.0,100.0,success,False,2026-08-17T23:26:55.594772+09:00
Grooming Fund,,,failed,False,2026-08-21T02:29:11.262958+09:00
Grooming Gate,20.0,0.0,success,False,2026-08-17T23:11:13.383500+09:00
Grooming Giveaway,,,failed,False,2026-08-27T21:13:37.797342+09:00
Grooming Grade,,,failed,False,2026-08-21T00:33:32.477901+09:00
Grooming Grid,,,failed,False,2026-08-17T23:25:55.806145+09:00
Grooming Guarantee,,,failed,False,2026-08-28T01:03:16.681055+09:00
Grooming Guard,,,failed,False,2026-08-17T23:33:04.806706+09:00
Grooming Guardian,,,failed,False,2026-08-28T00:22:31.262546+09:00
Grooming Guidebook,,,failed,False,2026-08-18T22:02:56.704517+09:00
Grooming Helpdesk,,,failed,False,2026-08-27T22:45:32.227130+09:00
Grooming Helper,320.0,100.0,success,False,2026-08-28T00:22:36.820060+09:00
Grooming History,20.0,0.0,success,False,2026-08-19T20:41:36.001931+09:00
Grooming Hotline,40.0,1.0,success,False,2026-08-19T21:13:46.122895+09:00
Grooming Hub,260.0,2.0,success,False,2026-08-17T23:33:31.331574+09:00
Grooming Identifier,,,failed,False,2026-08-23T13:09:55.014275+09:00
Grooming Incentive,,,failed,False,2026-08-27T21:13:32.051431+09:00
Grooming Index,,,failed,False,2026-08-19T21:12:45.437785+09:00
Grooming Insight,,,failed,False,2026-08-17T23:32:11.092346+09:00
Grooming Installment,,,failed,False,2026-08-23T16:11:13.672713+09:00
Grooming Item,40.0,25.0,success,False,2026-08-21T02:05:51.453888+09:00
Grooming Journal,10.0,0.0,success,False,2026-08-18T22:02:35.560643+09:00
Grooming Keeper,,,failed,False,2026-08-17T23:12:51.339052+09:00
Grooming Kit,14800.0,99.0,success,False,2026-08-27T22:45:23.426349+09:00
Grooming Lab,1300.0,20.0,success,False,2026-08-17T23:09:57.644305+09:00
Grooming Label,10.0,0.0,success,False,2026-08-27T22:07:22.262130+09:00
Grooming Ledger,,,failed,False,2026-08-17T23:08:13.716761+09:00
Grooming Lens,,,failed,False,2026-08-17T23:06:26.824049+09:00
Grooming Level,90.0,0.0,success,False,2026-08-19T20:41:48.388385+09:00
Grooming Link,,,failed,False,2026-08-23T03:23:49.316132+09:00
Grooming List,140.0,1.0,success,False,2026-08-19T21:57:19.204093+09:00
Grooming Loan,70.0,7.0,success,False,2026-08-21T02:13:39.971656+09:00
Grooming Locator,,,failed,False,2026-08-19T00:01:18.833283+09:00
Grooming Lock,,,failed,False,2026-08-17T23:11:50.330995+09:00
Grooming Log,,,failed,False,2026-08-19T13:24:45.773598+09:00
Grooming Loop,880.0,100.0,success,False,2026-08-17T23:15:25.442488+09:00
Grooming Manager,20.0,1.0,success,False,2026-08-17T23:30:52.147668+09:00
Grooming Manual,30.0,10.0,success,False,2026-08-27T22:07:27.719925+09:00
Grooming Map,10.0,0.0,success,False,2026-08-17T23:26:38.652949+09:00
Grooming Margin,,,failed,False,2026-08-23T02:58:03.774409+09:00
Grooming Markup,,,failed,False,2026-08-23T16:37:11.760359+09:00
Grooming Memo,,,failed,False,2026-08-21T00:33:37.107629+09:00
Grooming Message,10.0,0.0,success,False,2026-08-27T23:10:47.155079+09:00
Grooming Meter,,,failed,False,2026-08-17T23:29:01.871676+09:00
Grooming Metrics,,,failed,False,2026-08-17T23:10:55.434729+09:00
Grooming Monitor,,,failed,False,2026-08-17T23:03:39.400104+09:00
Grooming Navigator,,,failed,False,2026-08-17T23:32:40.699548+09:00
Grooming Nexus,,,failed,False,2026-08-17T23:30:21.472957+09:00
Grooming Node,,,failed,False,2026-08-17T23:30:08.040310+09:00
Grooming Note,,,failed,False,2026-08-19T13:25:58.679936+09:00
Grooming Notification,,,failed,False,2026-08-27T22:45:15.401077+09:00
Grooming Number,,,failed,False,2026-08-23T03:23:46.825883+09:00
Grooming Office,20.0,3.0,success,False,2026-08-19T00:01:37.572111+09:00
Grooming Ops,,,failed,False,2026-08-17T23:07:13.674847+09:00
Grooming Order,,,failed,False,2026-08-19T21:56:32.690388+09:00
Grooming Organizer,110.0,98.0,success,False,2026-08-17T23:31:48.177682+09:00
Grooming Overdraft,,,failed,False,2026-08-23T15:50:14.677980+09:00
Grooming Overdue,,,failed,False,2026-08-27T21:46:03.878331+09:00
Grooming Panel,,,failed,False,2026-08-17T23:28:43.740452+09:00
Grooming Path,,,failed,False,2026-08-17T23:04:36.399044+09:00
Grooming Penalty,,,failed,False,2026-08-23T16:37:08.695688+09:00
Grooming Petition,10.0,0.0,success,False,2026-08-21T01:06:30.195338+09:00
Grooming Pilot,,,failed,False,2026-08-17T22:48:03.176041+09:00
Grooming Plan,40.0,10.0,success,False,2026-08-21T01:57:52.664433+09:00
Grooming Planner,,,failed,False,2026-08-17T23:31:30.005121+09:00
Grooming Playbook,10.0,0.0,success,False,2026-08-18T21:06:03.853095+09:00
Grooming Point,590.0,19.0,success,False,2026-08-17T23:26:24.551704+09:00
Grooming Portal,40.0,11.0,success,False,2026-08-17T23:28:22.691550+09:00
Grooming Preview,,,failed,False,2026-08-28T01:03:11.397241+09:00
Grooming Profile,,,failed,False,2026-08-19T13:26:18.300818+09:00
Grooming Profit,,,failed,False,2026-08-23T02:57:59.639367+09:00
Grooming Proposal,,,failed,False,2026-08-28T01:03:14.001062+09:00
Grooming Pulse,,,failed,False,2026-08-17T23:10:15.371250+09:00
Grooming Queue,,,failed,False,2026-08-19T21:13:11.253613+09:00
Grooming Quota,,,failed,False,2026-08-21T00:33:43.074758+09:00
Grooming Radar,,,failed,False,2026-08-17T23:10:35.067749+09:00
Grooming Rail,,,failed,False,2026-08-17T23:29:37.041815+09:00
Grooming Rate,,,failed,False,2026-08-19T20:41:54.948325+09:00
Grooming Recap,,,failed,False,2026-08-21T01:06:46.678178+09:00
Grooming Receipt,,,failed,False,2026-08-19T21:56:59.723896+09:00
Grooming Recorder,,,failed,False,2026-08-27T23:33:00.078931+09:00
Grooming Redemption,,,failed,False,2026-08-23T16:37:16.360877+09:00
Grooming Register,30.0,0.0,success,False,2026-08-17T23:32:52.026751+09:00
Grooming Registry,,,failed,False,2026-08-18T22:03:07.731550+09:00
Grooming Relay,,,failed,False,2026-08-17T23:23:45.943375+09:00
Grooming Reminder,,,failed,False,2026-08-19T21:12:26.316955+09:00
Grooming Report,320.0,1.0,success,False,2026-08-19T13:24:22.197081+09:00
Grooming Result,,,failed,False,2026-08-28T00:46:24.719309+09:00
Grooming Roadmap,,,failed,False,2026-08-18T22:04:12.568895+09:00
Grooming Roster,,,failed,False,2026-08-19T00:38:34.534111+09:00
Grooming Route,,,failed,False,2026-08-17T23:29:16.727834+09:00
Grooming Rule,,,failed,False,2026-08-23T03:23:54.422715+09:00
Grooming Sale,90.0,25.0,success,False,2026-08-21T02:29:19.301672+09:00
Grooming Sample,,,failed,False,2026-08-19T21:58:02.735072+09:00
Grooming Scale,,,failed,False,2026-08-17T23:07:52.950180+09:00
Grooming Scanner,,,failed,False,2026-08-27T23:52:22.402919+09:00
Grooming Scheduler,,,failed,False,2026-08-17T23:09:18.796206+09:00
Grooming Scope,,,failed,False,2026-08-17T23:25:39.196440+09:00
Grooming Score,,,failed,False,2026-08-19T13:25:50.130591+09:00
Grooming Sentry,,,failed,False,2026-08-17T23:30:36.598618+09:00
Grooming Sheet,30.0,3.0,success,False,2026-08-19T13:25:11.972380+09:00
Grooming Signal,,,failed,False,2026-08-17T23:25:05.910381+09:00
Grooming Slip,,,failed,False,2026-08-19T21:57:51.707228+09:00
Grooming Slot,,,failed,False,2026-08-19T21:58:11.207870+09:00
Grooming Snapshot,,,failed,False,2026-08-18T22:02:46.582498+09:00
Grooming Stage,480.0,0.0,success,False,2026-08-28T00:46:19.889028+09:00
Grooming Statement,,,failed,False,2026-08-21T00:33:17.387160+09:00
Grooming Station,880.0,66.0,success,False,2026-08-17T23:27:50.871251+09:00
Grooming Status,50.0,0.0,success,False,2026-08-19T20:41:20.028487+09:00
Grooming Streak,,,failed,False,2026-08-28T00:46:24.719309+09:00
Grooming Stub,,,failed,False,2026-08-21T00:33:12.400590+09:00
Grooming Studio,5400.0,4.0,success,False,2026-08-17T23:27:41.420797+09:00
Grooming Subsidy,,,failed,False,2026-08-23T15:50:16.987712+09:00
Grooming Suite,50.0,8.0,success,False,2026-08-17T23:07:35.240679+09:00
Grooming Sum,,,failed,False,2026-08-21T02:29:01.889757+09:00
Grooming Summary,,,failed,False,2026-08-19T21:12:02.105513+09:00
Grooming Surtax,,,failed,False,2026-08-23T15:50:19.459391+09:00
Grooming Sync,,,failed,False,2026-08-17T23:33:15.463532+09:00
Grooming Tab,50.0,34.0,success,False,2026-08-21T00:33:55.661658+09:00
Grooming Table,5400.0,100.0,success,False,2026-08-19T21:57:27.705045+09:00
Grooming Tag,,,failed,False,2026-08-19T13:26:10.178451+09:00
Grooming Tally,,,failed,False,2026-08-21T00:33:25.139045+09:00
Grooming Tariff,,,failed,False,2026-08-21T02:44:28.484946+09:00
Grooming Tax,,,failed,False,2026-08-21T02:13:34.693364+09:00
Grooming Ticket,,,failed,False,2026-08-19T21:12:57.141262+09:00
Grooming Tier,,,failed,False,2026-08-28T00:46:27.391148+09:00
Grooming Timeline,,,failed,False,2026-08-19T21:12:15.731161+09:00
Grooming Timer,,,failed,False,2026-08-28T00:22:28.798439+09:00
Grooming Toll,,,failed,False,2026-08-21T02:44:18.914187+09:00
Grooming Toolbox,,,failed,False,2026-08-28T00:22:34.191902+09:00
Grooming Toolkit,,,failed,False,2026-08-18T23:51:12.499703+09:00
Grooming Total,,,failed,False,2026-08-27T23:10:47.155079+09:00
Grooming Tracker,,,failed,False,2026-08-17T23:14:10.961193+09:00
Grooming Trail,880.0,1.0,success,False,2026-08-17T23:09:36.803243+09:00
Grooming Trend,,,failed,False,2026-08-28T01:03:06.788782+09:00
Grooming Trial,10.0,0.0,success,False,2026-08-27T21:13:25.046826+09:00
Grooming Unit,,,failed,False,2026-08-21T01:57:50.113408+09:00
Grooming Update,10.0,0.0,success,False,2026-08-19T20:42:03.452660+09:00
Grooming Value,,,failed,False,2026-08-23T02:58:01.593171+09:00
Grooming Vault,,,failed,False,2026-08-17T23:04:56.078956+09:00
Grooming Version,,,failed,False,2026-08-23T03:23:46.825883+09:00
Grooming View,,,failed,False,2026-08-19T20:41:30.953351+09:00
Grooming Voucher,20.0,10.0,success,False,2026-08-21T00:33:03.712506+09:00
Grooming Watch,,,failed,False,2026-08-17T23:08:34.451093+09:00
Grooming Wave,,,failed,False,2026-08-17T23:26:10.639676+09:00
Grooming Widget,,,failed,False,2026-08-27T23:10:50.264630+09:00
Grooming Workbench,,,failed,False,2026-08-18T23:51:12.499703+09:00
Grooming Worksheet,70.0,0.0,success,False,2026-08-27T22:07:30.403670+09:00
Grooming Workshop,90.0,7.0,success,False,2026-08-28T00:22:31.262546+09:00
Grooming Zone,260.0,0.0,success,False,2026-08-17T23:11:32.053287+09:00
Guest Advance,,,failed,False,2026-08-23T16:15:40.537214+09:00
Guest Advisory,,,failed,False,2026-08-21T01:04:24.715250+09:00
Guest Allowance,30.0,0.0,success,False,2026-08-21T02:42:36.894313+09:00
Guest Almanac,,,failed,False,2026-08-18T22:07:07.445674+09:00
Guest Analyzer,,,failed,False,2026-08-27T23:57:33.676197+09:00
Guest Anchor,30.0,0.0,success,False,2026-08-17T21:31:28.023870+09:00
Guest Arrears,,,failed,False,2026-08-23T16:15:37.311219+09:00
Guest Assistant,390.0,1.0,success,False,2026-08-17T23:13:43.600383+09:00
Guest Atlas,,,failed,False,2026-08-17T20:40:10.157299+09:00
Guest Attribute,,,failed,False,2026-08-23T13:08:09.181921+09:00
Guest Badge,260.0,45.0,success,False,2026-08-21T00:31:47.591094+09:00
Guest Balance,,,failed,False,2026-08-23T13:47:44.552149+09:00
Guest Base,10.0,1.0,success,False,2026-08-17T20:37:00.325562+09:00
Guest Beacon,,,failed,False,2026-08-17T21:35:46.466784+09:00
Guest Bill,320.0,0.0,success,False,2026-08-19T21:56:11.493537+09:00
Guest Blueprint,,,failed,False,2026-08-18T22:06:59.160335+09:00
Guest Board,140.0,44.0,success,False,2026-08-17T20:34:11.615000+09:00
Guest Book,18100.0,100.0,success,False,2026-08-19T21:57:05.603826+09:00
Guest Bridge,40.0,4.0,success,False,2026-08-17T21:32:36.544768+09:00
Guest Brief,,,failed,False,2026-08-21T01:04:13.537026+09:00
Guest Bulletin,,,failed,False,2026-08-21T01:04:08.971472+09:00
Guest Calendar,90.0,14.0,success,False,2026-08-18T23:57:39.317157+09:00
Guest Card,1300.0,7.0,success,False,2026-08-19T13:28:46.213071+09:00
Guest Cascade,,,failed,False,2026-08-17T21:33:37.652467+09:00
Guest Cash,,,failed,False,2026-08-21T02:27:17.411779+09:00
Guest Cashback,,,failed,False,2026-08-27T21:17:40.328757+09:00
Guest Catalog,,,failed,False,2026-08-19T21:13:54.945157+09:00
Guest Category,20.0,0.0,success,False,2026-08-23T13:08:07.144549+09:00
Guest Center,1600.0,2.0,success,False,2026-08-17T21:38:29.386806+09:00
Guest Chain,,,failed,False,2026-08-17T20:44:17.126543+09:00
Guest Charge,260.0,41.0,success,False,2026-08-21T02:42:25.352468+09:00
Guest Check,5400.0,100.0,success,False,2026-08-19T13:29:02.484553+09:00
Guest Checker,5400.0,100.0,success,False,2026-08-27T23:57:31.093402+09:00
Guest Checklist,90.0,65.0,success,False,2026-08-19T21:12:55.345811+09:00
Guest Circular,,,failed,False,2026-08-21T01:04:18.102523+09:00
Guest Cockpit,,,failed,False,2026-08-17T23:26:08.164356+09:00
Guest Code,210.0,0.0,success,False,2026-08-19T21:56:32.690388+09:00
Guest Codex,,,failed,False,2026-08-18T22:07:24.351116+09:00
Guest Companion,,,failed,False,2026-08-17T23:11:50.330995+09:00
Guest Comparison,,,failed,False,2026-08-28T01:07:38.587205+09:00
Guest Compass,70.0,3.0,success,False,2026-08-17T21:36:47.272145+09:00
Guest Compendium,50.0,2.0,success,False,2026-08-18T22:07:14.456265+09:00
Guest Confirmation,40.0,1.0,success,False,2026-08-21T01:05:11.632109+09:00
Guest Console,,,failed,False,2026-08-17T21:35:14.152571+09:00
Guest Converter,,,failed,False,2026-08-27T23:35:43.099138+09:00
Guest Core,10.0,7.0,success,False,2026-08-17T20:36:02.767132+09:00
Guest Cost,30.0,0.0,success,False,2026-08-21T02:11:43.167775+09:00
Guest Count,480.0,17.0,success,False,2026-08-27T22:49:39.100911+09:00
Guest Counter,480.0,17.0,success,False,2026-08-18T23:58:38.723569+09:00
Guest Coupon,40.0,8.0,success,False,2026-08-27T21:17:40.328757+09:00
Guest Dashboard,30.0,3.0,success,False,2026-08-17T23:04:29.933530+09:00
Guest Deal,,,failed,False,2026-08-21T01:56:25.732902+09:00
Guest Debt,,,failed,False,2026-08-21T02:27:05.386441+09:00
Guest Deck,20.0,11.0,success,False,2026-08-17T20:33:10.817795+09:00
Guest Depot,10.0,0.0,success,False,2026-08-18T23:58:19.517114+09:00
Guest Desk,20.0,63.0,success,False,2026-08-18T07:52:15.038723+09:00
Guest Detail,30.0,0.0,success,False,2026-08-23T03:21:18.514525+09:00
Guest Dial,,,failed,False,2026-08-17T21:33:10.630129+09:00
Guest Digest,,,failed,False,2026-08-19T20:43:22.271749+09:00
Guest Directory,210.0,9.0,success,False,2026-08-18T23:57:49.004373+09:00
Guest Discount,10.0,3.0,success,False,2026-08-23T16:15:31.472081+09:00
Guest Dock,70.0,2.0,success,False,2026-08-17T20:47:19.659128+09:00
Guest Dossier,,,failed,False,2026-08-21T01:04:41.877436+09:00
Guest Downpayment,,,failed,False,2026-08-27T21:48:52.496958+09:00
Guest Draft,,,failed,False,2026-08-19T20:43:36.722310+09:00
Guest Due,,,failed,False,2026-08-23T15:52:22.475978+09:00
Guest Duty,50.0,0.0,success,False,2026-08-21T02:42:27.655082+09:00
Guest Engine,10.0,0.0,success,False,2026-08-17T23:24:40.372556+09:00
Guest Entry,140.0,1.0,success,False,2026-08-21T01:05:08.043022+09:00
Guest Estimate,20.0,0.0,success,False,2026-08-19T21:13:44.257474+09:00
Guest Estimator,,,failed,False,2026-08-27T23:57:28.605750+09:00
Guest Excerpt,,,failed,False,2026-08-21T01:04:52.081586+09:00
Guest Extension,,,failed,False,2026-08-23T16:39:35.759045+09:00
Guest Fare,,,failed,False,2026-08-21T02:11:46.716437+09:00
Guest Fee,210.0,0.0,success,False,2026-08-21T01:56:06.760187+09:00
Guest Feed,,,failed,False,2026-08-19T20:43:28.887944+09:00
Guest Field,10.0,0.0,success,False,2026-08-23T13:08:12.908274+09:00
Guest File,40.0,0.0,success,False,2026-08-19T20:42:48.667396+09:00
Guest Finder,10.0,3.0,success,False,2026-08-18T23:58:11.366687+09:00
Guest Fine,,,failed,False,2026-08-23T02:56:35.195472+09:00
Guest Flag,210.0,4.0,success,False,2026-08-21T00:32:31.934653+09:00
Guest Flow,320.0,10.0,success,False,2026-08-17T20:33:42.611240+09:00
Guest Forge,,,failed,False,2026-08-17T21:34:42.632014+09:00
Guest Form,260.0,3.0,success,False,2026-08-19T13:28:36.830433+09:00
Guest Format,,,failed,False,2026-08-23T13:08:15.174863+09:00
Guest Frame,50.0,76.0,success,False,2026-08-17T20:37:59.877456+09:00
Guest Fund,10.0,0.0,success,False,2026-08-21T02:27:13.658425+09:00
Guest Gate,50.0,5.0,success,False,2026-08-17T20:41:47.517366+09:00
Guest Giveaway,,,failed,False,2026-08-27T21:17:51.217476+09:00
Guest Grade,,,failed,False,2026-08-21T00:32:11.459467+09:00
Guest Graph,,,failed,False,2026-08-27T22:13:01.149795+09:00
Guest Grid,20.0,2.0,success,False,2026-08-17T20:44:38.858684+09:00
Guest Guarantee,,,failed,False,2026-08-28T01:07:44.108969+09:00
Guest Guard,50.0,0.0,success,False,2026-08-17T20:36:28.708934+09:00
Guest Guardian,10.0,0.0,success,False,2026-08-28T00:26:29.201404+09:00
Guest Guidebook,390.0,18.0,success,False,2026-08-18T22:06:41.570881+09:00
Guest Helpdesk,,,failed,False,2026-08-27T22:49:39.100911+09:00
Guest Helper,70.0,3.0,success,False,2026-08-28T00:26:31.699789+09:00
Guest History,110.0,0.0,success,False,2026-08-19T20:42:39.884460+09:00
Guest Hotline,,,failed,False,2026-08-19T21:14:05.700076+09:00
Guest Hub,140.0,13.0,success,False,2026-08-17T20:32:38.453320+09:00
Guest Identifier,,,failed,False,2026-08-23T13:08:05.055975+09:00
Guest Incentive,50.0,0.0,success,False,2026-08-27T21:17:47.451913+09:00
Guest Index,10.0,0.0,success,False,2026-08-19T21:13:07.301000+09:00
Guest Insight,20.0,10.0,success,False,2026-08-17T23:25:53.472363+09:00
Guest Installment,,,failed,False,2026-08-23T16:15:33.574414+09:00
Guest Interest,,,failed,False,2026-08-23T13:47:44.552149+09:00
Guest Item,10.0,0.0,success,False,2026-08-21T01:56:12.510800+09:00
Guest Journal,30.0,100.0,success,False,2026-08-18T22:06:23.871734+09:00
Guest Keeper,70.0,57.0,success,False,2026-08-17T20:38:21.061174+09:00
Guest Kit,170.0,69.0,success,False,2026-08-27T22:49:35.364614+09:00
Guest Lab,201000.0,19.0,success,False,2026-08-18T07:52:41.803734+09:00
Guest Label,30.0,12.0,success,False,2026-08-27T22:13:04.123105+09:00
Guest Layout,20.0,0.0,success,False,2026-08-27T22:29:10.054268+09:00
Guest Ledger,320.0,3.0,success,False,2026-08-17T20:35:03.370957+09:00
Guest Lens,140.0,43.0,success,False,2026-08-17T20:38:48.292759+09:00
Guest Level,,,failed,False,2026-08-19T20:42:59.296448+09:00
Guest Levy,,,failed,False,2026-08-23T13:47:49.087746+09:00
Guest Link,260.0,5.0,success,False,2026-08-23T03:21:12.022197+09:00
Guest List,14800.0,4.0,success,False,2026-08-19T21:56:48.069412+09:00
Guest Loan,20.0,12.0,success,False,2026-08-21T02:11:55.079933+09:00
Guest Lobby,50.0,1.0,success,False,2026-08-19T12:24:52.766988+09:00
Guest Locator,20.0,2.0,success,False,2026-08-18T23:57:58.396596+09:00
Guest Lock,390.0,7.0,success,False,2026-08-17T20:40:33.502804+09:00
Guest Log,3600.0,1.0,success,False,2026-08-19T13:28:22.445633+09:00
Guest Loop,,,failed,False,2026-08-17T20:45:45.792269+09:00
Guest Manager,2900.0,16.0,success,False,2026-08-17T20:37:28.424048+09:00
Guest Manual,140.0,7.0,success,False,2026-08-27T22:13:09.872881+09:00
Guest Map,210.0,0.0,success,False,2026-08-17T20:39:43.687132+09:00
Guest Markup,,,failed,False,2026-08-23T16:39:33.315090+09:00
Guest Memo,,,failed,False,2026-08-21T00:32:18.028421+09:00
Guest Message,590.0,4.0,success,False,2026-08-27T23:14:57.999766+09:00
Guest Meter,,,failed,False,2026-08-17T21:31:59.895065+09:00
Guest Metrics,10.0,0.0,success,False,2026-08-17T23:10:09.982693+09:00
Guest Monitor,,,failed,False,2026-08-17T23:15:18.258563+09:00
Guest Navigator,10.0,6.0,success,False,2026-08-17T23:26:22.390418+09:00
Guest Nexus,,,failed,False,2026-08-17T20:40:53.994191+09:00
Guest Node,,,failed,False,2026-08-17T20:42:32.290659+09:00
Guest Note,720.0,5.0,success,False,2026-08-19T13:29:35.607135+09:00
Guest Notification,40.0,2.0,success,False,2026-08-27T22:49:32.762391+09:00
Guest Number,260.0,0.0,success,False,2026-08-23T03:21:00.660532+09:00
Guest Office,110.0,0.0,success,False,2026-08-18T23:58:29.314698+09:00
Guest Ops,10.0,4.0,success,False,2026-08-17T23:06:24.757707+09:00
Guest Order,170.0,0.0,success,False,2026-08-19T21:55:57.867275+09:00
Guest Organizer,,,failed,False,2026-08-17T23:25:36.258312+09:00
Guest Overage,,,failed,False,2026-08-27T21:48:49.180539+09:00
Guest Overdraft,,,failed,False,2026-08-23T15:52:24.692181+09:00
Guest Overdue,,,failed,False,2026-08-27T21:48:42.861590+09:00
Guest Panel,140.0,0.0,success,False,2026-08-17T21:34:12.134068+09:00
Guest Pass,3600.0,4.0,success,False,2026-08-21T00:31:34.132172+09:00
Guest Path,20.0,5.0,success,False,2026-08-17T20:42:08.223187+09:00
Guest Payoff,,,failed,False,2026-08-27T21:48:46.666341+09:00
Guest Penalty,,,failed,False,2026-08-23T16:39:30.994856+09:00
Guest Petition,,,failed,False,2026-08-21T01:04:35.050629+09:00
Guest Pilot,20.0,0.0,success,False,2026-08-18T07:52:03.741881+09:00
Guest Plan,320.0,11.0,success,False,2026-08-21T01:56:21.292165+09:00
Guest Planner,320.0,11.0,success,False,2026-08-17T23:24:58.944526+09:00
Guest Playbook,,,failed,False,2026-08-18T22:06:12.435541+09:00
Guest Point,1000.0,8.0,success,False,2026-08-17T20:41:17.748242+09:00
Guest Portal,1300.0,2.0,success,False,2026-08-17T21:36:22.095100+09:00
Guest Preview,10.0,0.0,success,False,2026-08-28T01:07:38.587205+09:00
Guest Profile,1900.0,0.0,success,True,2026-08-19T13:29:58.473439+09:00
Guest Profit,,,failed,False,2026-08-23T02:56:24.253545+09:00
Guest Proposal,,,failed,False,2026-08-28T01:07:41.597003+09:00
Guest Pulse,30.0,19.0,success,False,2026-08-17T20:43:56.267353+09:00
Guest Queue,20.0,19.0,success,False,2026-08-19T21:13:31.913325+09:00
Guest Quota,,,failed,False,2026-08-21T00:32:24.105621+09:00
Guest Radar,20.0,2.0,success,False,2026-08-17T21:41:25.564008+09:00
Guest Rail,,,failed,False,2026-08-17T20:46:04.855118+09:00
Guest Rate,30.0,0.0,success,False,2026-08-19T20:43:08.672141+09:00
Guest Recap,,,failed,False,2026-08-21T01:04:56.218179+09:00
Guest Receipt,90.0,39.0,success,False,2026-08-19T21:56:20.786748+09:00
Guest Recorder,,,failed,False,2026-08-27T23:35:50.995626+09:00
Guest Redemption,,,failed,False,2026-08-23T16:39:33.315090+09:00
Guest Register,1300.0,16.0,success,False,2026-08-17T23:26:36.000104+09:00
Guest Registry,1300.0,16.0,success,False,2026-08-18T22:06:49.548592+09:00
Guest Relay,,,failed,False,2026-08-17T21:39:22.624237+09:00
Guest Reminder,,,failed,False,2026-08-19T21:12:45.437785+09:00
Guest Report,720.0,0.0,success,False,2026-08-19T13:28:12.912105+09:00
Guest Repository,,,failed,False,2026-08-27T23:15:07.984003+09:00
Guest Roadmap,,,failed,False,2026-08-18T22:07:30.618042+09:00
Guest Roster,10.0,0.0,success,False,2026-08-19T00:37:20.289190+09:00
Guest Route,,,failed,False,2026-08-17T20:48:37.567206+09:00
Guest Rule,40.0,0.0,success,False,2026-08-23T03:21:14.808090+09:00
Guest Sale,30.0,94.0,success,False,2026-08-21T02:27:19.706336+09:00
Guest Sample,,,failed,False,2026-08-19T21:57:27.705045+09:00
Guest Scale,,,failed,False,2026-08-17T21:30:50.388708+09:00
Guest Scanner,,,failed,False,2026-08-27T23:57:31.093402+09:00
Guest Scheduler,,,failed,False,2026-08-17T23:08:28.176792+09:00
Guest Scope,,,failed,False,2026-08-17T20:46:46.837602+09:00
Guest Score,10.0,4.0,success,False,2026-08-19T13:29:22.570342+09:00
Guest Sentry,,,failed,False,2026-08-17T20:39:17.196343+09:00
Guest Sheet,50.0,54.0,success,False,2026-08-19T13:28:55.054153+09:00
Guest Shortfall,,,failed,False,2026-08-27T21:48:54.950777+09:00
Guest Signal,,,failed,False,2026-08-17T21:30:18.085086+09:00
Guest Signature,320.0,1.0,success,False,2026-08-23T13:27:54.146441+09:00
Guest Slip,110.0,0.0,success,False,2026-08-19T21:57:19.204093+09:00
Guest Slot,20.0,0.0,success,False,2026-08-19T21:57:37.806809+09:00
Guest Snapshot,,,failed,False,2026-08-18T22:06:31.917725+09:00
Guest Stake,,,failed,False,2026-08-23T02:56:29.364559+09:00
Guest Stamp,10.0,35.0,success,False,2026-08-23T13:27:56.242264+09:00
Guest Statement,,,failed,False,2026-08-21T00:32:00.759395+09:00
Guest Station,110.0,1.0,success,False,2026-08-18T07:52:53.130004+09:00
Guest Status,50.0,0.0,success,False,2026-08-19T20:42:27.783446+09:00
Guest Stipend,,,failed,False,2026-08-23T13:47:49.087746+09:00
Guest Stub,,,failed,False,2026-08-21T00:31:52.807063+09:00
Guest Studio,90.0,0.0,success,False,2026-08-17T20:32:00.957216+09:00
Guest Suite,8100.0,14.0,success,False,2026-08-17T23:06:43.544679+09:00
Guest Sum,,,failed,False,2026-08-21T02:27:02.067893+09:00
Guest Summary,10.0,0.0,success,False,2026-08-19T21:12:24.209579+09:00
Guest Surtax,,,failed,False,2026-08-23T15:52:26.691302+09:00
Guest Sync,,,failed,False,2026-08-17T20:34:35.742752+09:00
Guest Tab,170.0,0.0,success,False,2026-08-21T00:32:38.054061+09:00
Guest Table,590.0,48.0,success,False,2026-08-19T21:56:56.242658+09:00
Guest Tag,110.0,22.0,success,False,2026-08-19T13:29:49.322759+09:00
Guest Tally,,,failed,False,2026-08-21T00:32:06.767489+09:00
Guest Tariff,,,failed,False,2026-08-21T02:42:39.559962+09:00
Guest Tax,10.0,4.0,success,False,2026-08-21T02:11:50.760630+09:00
Guest Ticket,320.0,2.0,success,False,2026-08-19T21:13:19.288024+09:00
Guest Tier,,,failed,False,2026-08-28T00:48:15.950901+09:00
Guest Timeline,,,failed,False,2026-08-19T21:12:35.619378+09:00
Guest Token,50.0,0.0,success,False,2026-08-23T13:27:54.146441+09:00
Guest Toll,,,failed,False,2026-08-21T02:42:34.441538+09:00
Guest Toolbox,,,failed,False,2026-08-28T00:26:31.699789+09:00
Guest Toolkit,,,failed,False,2026-08-18T22:06:03.591349+09:00
Guest Total,70.0,1.0,success,False,2026-08-27T23:15:00.482378+09:00
Guest Tracker,390.0,6.0,success,False,2026-08-17T20:35:35.063549+09:00
Guest Trail,,,failed,False,2026-08-17T20:45:16.547101+09:00
Guest Trend,20.0,3.0,success,False,2026-08-28T01:07:35.564975+09:00
Guest Trial,,,failed,False,2026-08-27T21:17:47.451913+09:00
Guest Unit,70.0,2.0,success,False,2026-08-21T01:56:16.843249+09:00
Guest Update,110.0,0.0,success,False,2026-08-19T20:43:16.240040+09:00
Guest Value,140.0,2.0,success,False,2026-08-23T02:56:26.483203+09:00
Guest Vault,,,failed,False,2026-08-17T21:37:57.485180+09:00
Guest Version,,,failed,False,2026-08-23T03:21:04.390216+09:00
Guest View,140.0,6.0,success,False,2026-08-19T20:42:34.910732+09:00
Guest Voucher,140.0,6.0,success,False,2026-08-21T00:31:38.357083+09:00
Guest Wallet,22200.0,100.0,success,False,2026-08-27T22:49:35.364614+09:00
Guest Watch,135000.0,100.0,success,False,2026-08-17T20:48:00.384731+09:00
Guest Wave,,,failed,False,2026-08-17T20:42:54.961047+09:00
Guest Widget,,,failed,False,2026-08-27T23:15:00.482378+09:00
Guest Workbench,,,failed,False,2026-08-18T22:05:55.715721+09:00
Guest Zone,50.0,1.0,success,False,2026-08-17T21:37:24.355362+09:00
Guestlist Advisory,,,failed,False,2026-08-21T01:01:47.037702+09:00
Guestlist Allowance,,,failed,False,2026-08-21T02:44:18.914187+09:00
Guestlist Analyzer,,,failed,False,2026-08-27T23:51:26.937833+09:00
Guestlist Assistant,,,failed,False,2026-08-19T13:29:19.231161+09:00
Guestlist Atlas,,,failed,False,2026-08-19T13:28:33.821561+09:00
Guestlist Badge,,,failed,False,2026-08-21T00:26:25.580219+09:00
Guestlist Base,,,failed,False,2026-08-19T13:23:44.398972+09:00
Guestlist Bill,,,failed,False,2026-08-19T22:01:11.142813+09:00
Guestlist Board,,,failed,False,2026-08-19T13:24:29.465553+09:00
Guestlist Book,1000.0,31.0,success,False,2026-08-19T22:02:02.684993+09:00
Guestlist Brief,,,failed,False,2026-08-21T01:01:39.197827+09:00
Guestlist Bulletin,,,failed,False,2026-08-21T01:01:32.949178+09:00
Guestlist Calculator,,,failed,False,2026-08-27T23:31:14.136748+09:00
Guestlist Calendar,,,failed,False,2026-08-19T13:31:09.832283+09:00
Guestlist Cash,,,failed,False,2026-08-21T02:28:15.974883+09:00
Guestlist Catalog,,,failed,False,2026-08-19T21:15:06.542256+09:00
Guestlist Center,,,failed,False,2026-08-19T13:25:55.543115+09:00
Guestlist Charge,,,failed,False,2026-08-21T02:44:11.415890+09:00
Guestlist Chart,,,failed,False,2026-08-19T13:34:22.181534+09:00
Guestlist Check,,,failed,False,2026-08-19T13:38:06.946096+09:00
Guestlist Checker,,,failed,False,2026-08-27T23:51:18.068433+09:00
Guestlist Checklist,,,failed,False,2026-08-19T21:14:11.257032+09:00
Guestlist Code,,,failed,False,2026-08-19T22:01:31.900197+09:00
Guestlist Companion,,,failed,False,2026-08-19T13:30:10.449633+09:00
Guestlist Comparison,,,failed,False,2026-08-28T01:03:04.018813+09:00
Guestlist Confirmation,,,failed,False,2026-08-21T01:02:00.042656+09:00
Guestlist Console,,,failed,False,2026-08-19T13:26:40.628357+09:00
Guestlist Cost,,,failed,False,2026-08-21T02:11:27.429616+09:00
Guestlist Count,,,failed,False,2026-08-27T22:50:57.800091+09:00
Guestlist Counter,,,failed,False,2026-08-19T13:32:07.571238+09:00
Guestlist Deal,,,failed,False,2026-08-21T01:55:06.085634+09:00
Guestlist Debt,,,failed,False,2026-08-21T02:28:08.522679+09:00
Guestlist Deck,,,failed,False,2026-08-19T13:24:52.365790+09:00
Guestlist Desk,,,failed,False,2026-08-19T13:40:14.970348+09:00
Guestlist Detail,,,failed,False,2026-08-23T03:15:10.473494+09:00
Guestlist Detector,,,failed,False,2026-08-27T23:51:24.335890+09:00
Guestlist Diagram,,,failed,False,2026-08-27T22:13:31.267961+09:00
Guestlist Digest,,,failed,False,2026-08-19T20:41:33.167361+09:00
Guestlist Directory,,,failed,False,2026-08-19T13:31:24.471816+09:00
Guestlist Dossier,,,failed,False,2026-08-21T01:02:57.004719+09:00
Guestlist Downpayment,,,failed,False,2026-08-27T21:49:06.270483+09:00
Guestlist Draft,,,failed,False,2026-08-19T20:41:45.467674+09:00
Guestlist Due,,,failed,False,2026-08-23T15:51:47.066948+09:00
Guestlist Duty,,,failed,False,2026-08-21T02:44:13.647823+09:00
Guestlist Engine,,,failed,False,2026-08-19T13:29:02.484553+09:00
Guestlist Entry,,,failed,False,2026-08-21T01:02:15.382494+09:00
Guestlist Estimate,,,failed,False,2026-08-19T21:14:53.889746+09:00
Guestlist Estimator,,,failed,False,2026-08-27T23:51:15.530091+09:00
Guestlist Excerpt,,,failed,False,2026-08-21T01:03:02.120644+09:00
Guestlist Extension,,,failed,False,2026-08-23T16:39:21.186657+09:00
Guestlist Fare,,,failed,False,2026-08-21T02:11:34.732367+09:00
Guestlist Fee,,,failed,False,2026-08-21T01:54:44.608475+09:00
Guestlist Feed,,,failed,False,2026-08-19T20:41:40.323358+09:00
Guestlist Field,,,failed,False,2026-08-23T13:05:41.403029+09:00
Guestlist File,,,failed,False,2026-08-19T20:40:53.028403+09:00
Guestlist Fine,,,failed,False,2026-08-23T02:58:35.873995+09:00
Guestlist Flag,,,failed,False,2026-08-21T00:27:06.966469+09:00
Guestlist Flow,,,failed,False,2026-08-19T13:39:49.486851+09:00
Guestlist Form,,,failed,False,2026-08-19T13:37:36.286521+09:00
Guestlist Format,,,failed,False,2026-08-23T13:05:43.515456+09:00
Guestlist Frame,,,failed,False,2026-08-19T13:23:25.617100+09:00
Guestlist Fund,,,failed,False,2026-08-21T02:28:12.321639+09:00
Guestlist Generator,,,failed,False,2026-08-27T23:31:21.274329+09:00
Guestlist Graph,,,failed,False,2026-08-27T22:13:20.966698+09:00
Guestlist Grid,,,failed,False,2026-08-19T13:21:52.267675+09:00
Guestlist Guardian,,,failed,False,2026-08-28T00:21:49.130858+09:00
Guestlist Helpdesk,,,failed,False,2026-08-27T22:51:00.093213+09:00
Guestlist Helper,,,failed,False,2026-08-28T00:21:55.786008+09:00
Guestlist History,,,failed,False,2026-08-19T20:40:46.834660+09:00
Guestlist Hotline,,,failed,False,2026-08-19T21:15:19.107238+09:00
Guestlist Hub,,,failed,False,2026-08-19T13:40:01.237122+09:00
Guestlist Identifier,,,failed,False,2026-08-23T13:05:36.623967+09:00
Guestlist Index,,,failed,False,2026-08-19T21:14:21.531663+09:00
Guestlist Item,,,failed,False,2026-08-21T01:54:53.118600+09:00
Guestlist Journal,,,failed,False,2026-08-19T13:30:57.828554+09:00
Guestlist Keeper,,,failed,False,2026-08-19T13:28:43.746659+09:00
Guestlist Label,,,failed,False,2026-08-27T22:13:24.343596+09:00
Guestlist Layout,,,failed,False,2026-08-27T22:29:26.032496+09:00
Guestlist Ledger,,,failed,False,2026-08-19T13:24:17.578330+09:00
Guestlist Level,,,failed,False,2026-08-19T20:41:06.982103+09:00
Guestlist Levy,,,failed,False,2026-08-23T13:46:50.376234+09:00
Guestlist Link,,,failed,False,2026-08-23T03:15:03.447052+09:00
Guestlist Loan,,,failed,False,2026-08-21T02:11:38.732794+09:00
Guestlist Log,,,failed,False,2026-08-19T13:37:14.131003+09:00
Guestlist Manager,10.0,79.0,success,False,2026-08-19T13:28:55.054153+09:00
Guestlist Map,,,failed,False,2026-08-19T13:23:16.958274+09:00
Guestlist Markup,,,failed,False,2026-08-23T16:39:18.952764+09:00
Guestlist Memo,,,failed,False,2026-08-21T00:26:49.726902+09:00
Guestlist Message,,,failed,False,2026-08-27T23:16:30.238245+09:00
Guestlist Monitor,,,failed,False,2026-08-19T13:29:58.473439+09:00
Guestlist Note,,,failed,False,2026-08-19T13:38:51.605801+09:00
Guestlist Notification,,,failed,False,2026-08-27T22:50:55.041515+09:00
Guestlist Number,,,failed,False,2026-08-23T03:14:51.168783+09:00
Guestlist Office,10.0,8.0,success,False,2026-08-19T13:31:59.823844+09:00
Guestlist Ops,,,failed,False,2026-08-19T13:30:42.478470+09:00
Guestlist Order,,,failed,False,2026-08-19T22:01:01.799694+09:00
Guestlist Overage,,,failed,False,2026-08-27T21:49:04.119579+09:00
Guestlist Overdue,,,failed,False,2026-08-27T21:48:59.482652+09:00
Guestlist Panel,,,failed,False,2026-08-19T13:27:02.036577+09:00
Guestlist Pass,,,failed,False,2026-08-21T00:26:15.934316+09:00
Guestlist Passport,,,failed,False,2026-08-19T13:35:17.832639+09:00
Guestlist Payoff,,,failed,False,2026-08-27T21:49:01.717649+09:00
Guestlist Penalty,,,failed,False,2026-08-23T16:39:16.961219+09:00
Guestlist Petition,,,failed,False,2026-08-21T01:01:54.342698+09:00
Guestlist Plan,,,failed,False,2026-08-21T01:55:03.003035+09:00
Guestlist Planner,,,failed,False,2026-08-19T13:29:31.691093+09:00
Guestlist Playbook,,,failed,False,2026-08-19T13:30:50.408917+09:00
Guestlist Point,,,failed,False,2026-08-19T13:23:05.373596+09:00
Guestlist Portal,,,failed,False,2026-08-19T13:26:15.412219+09:00
Guestlist Preview,,,failed,False,2026-08-28T01:03:06.788782+09:00
Guestlist Profit,,,failed,False,2026-08-23T02:58:24.249422+09:00
Guestlist Proposal,,,failed,False,2026-08-28T01:03:11.397241+09:00
Guestlist Queue,,,failed,False,2026-08-19T21:14:42.578262+09:00
Guestlist Quota,,,failed,False,2026-08-21T00:26:55.838634+09:00
Guestlist Rate,,,failed,False,2026-08-19T20:41:16.586784+09:00
Guestlist Recap,,,failed,False,2026-08-21T01:02:09.128989+09:00
Guestlist Receipt,,,failed,False,2026-08-19T22:01:20.262131+09:00
Guestlist Recorder,,,failed,False,2026-08-27T23:31:21.274329+09:00
Guestlist Register,,,failed,False,2026-08-19T13:30:30.638587+09:00
Guestlist Registry,,,failed,False,2026-08-19T13:31:03.415990+09:00
Guestlist Reminder,,,failed,False,2026-08-19T21:14:01.404689+09:00
Guestlist Report,,,failed,False,2026-08-19T13:37:00.513744+09:00
Guestlist Repository,,,failed,False,2026-08-27T23:16:37.182537+09:00
Guestlist Route,,,failed,False,2026-08-19T13:27:22.269137+09:00
Guestlist Rule,,,failed,False,2026-08-23T03:15:06.713636+09:00
Guestlist Sale,,,failed,False,2026-08-21T02:28:22.675348+09:00
Guestlist Sample,,,failed,False,2026-08-19T22:02:25.837553+09:00
Guestlist Scanner,,,failed,False,2026-08-27T23:51:21.141566+09:00
Guestlist Scheduler,,,failed,False,2026-08-19T13:29:49.322759+09:00
Guestlist Scope,,,failed,False,2026-08-19T13:20:58.742668+09:00
Guestlist Sheet,,,failed,False,2026-08-19T13:37:53.958127+09:00
Guestlist Shortfall,,,failed,False,2026-08-27T21:49:08.437850+09:00
Guestlist Slip,,,failed,False,2026-08-19T22:02:12.630536+09:00
Guestlist Slot,,,failed,False,2026-08-19T22:02:34.302682+09:00
Guestlist Stage,,,failed,False,2026-08-28T00:46:09.802311+09:00
Guestlist Stake,,,failed,False,2026-08-23T02:58:29.711332+09:00
Guestlist Statement,,,failed,False,2026-08-21T00:26:36.041366+09:00
Guestlist Station,,,failed,False,2026-08-19T13:25:14.797860+09:00
Guestlist Status,,,failed,False,2026-08-19T20:40:28.949050+09:00
Guestlist Sum,,,failed,False,2026-08-21T02:28:03.624635+09:00
Guestlist Summary,,,failed,False,2026-08-19T21:13:38.700903+09:00
Guestlist Tab,,,failed,False,2026-08-21T00:27:15.534212+09:00
Guestlist Table,,,failed,False,2026-08-19T22:01:53.877884+09:00
Guestlist Tally,,,failed,False,2026-08-21T00:26:39.162393+09:00
Guestlist Tariff,,,failed,False,2026-08-21T02:44:22.791251+09:00
Guestlist Tax,,,failed,False,2026-08-21T02:11:38.732794+09:00
Guestlist Ticket,,,failed,False,2026-08-19T21:14:31.473745+09:00
Guestlist Tier,,,failed,False,2026-08-28T00:46:12.619703+09:00
Guestlist Timeline,,,failed,False,2026-08-19T21:13:50.204351+09:00
Guestlist Timer,,,failed,False,2026-08-28T00:21:43.222424+09:00
Guestlist Toll,,,failed,False,2026-08-21T02:44:16.067023+09:00
Guestlist Toolbox,,,failed,False,2026-08-28T00:21:51.591333+09:00
Guestlist Total,,,failed,False,2026-08-27T23:16:34.240680+09:00
Guestlist Tracker,,,failed,False,2026-08-19T13:39:34.156572+09:00
Guestlist Trend,,,failed,False,2026-08-28T01:03:04.018813+09:00
Guestlist Trial,,,failed,False,2026-08-27T21:17:53.742550+09:00
Guestlist Unit,,,failed,False,2026-08-21T01:54:58.367500+09:00
Guestlist Update,,,failed,False,2026-08-19T20:41:25.975881+09:00
Guestlist Value,,,failed,False,2026-08-23T02:58:27.713523+09:00
Guestlist Vault,,,failed,False,2026-08-19T13:41:02.359276+09:00
Guestlist Version,,,failed,False,2026-08-23T03:14:55.080924+09:00
Guestlist View,,,failed,False,2026-08-19T20:40:37.869711+09:00
Guestlist Voucher,,,failed,False,2026-08-21T00:26:21.311990+09:00
Guestlist Watch,,,failed,False,2026-08-19T13:42:37.156031+09:00
Guestlist Widget,,,failed,False,2026-08-27T23:16:37.182537+09:00
Guestlist Worksheet,,,failed,False,2026-08-27T22:13:27.898794+09:00
Guestlist Zone,,,failed,False,2026-08-19T13:26:07.690748+09:00
Hallway Advisory,,,failed,False,2026-08-21T01:06:58.606298+09:00
Hallway Alert,,,failed,False,2026-08-19T22:00:55.317910+09:00
Hallway Allowance,,,failed,False,2026-08-21T02:45:25.368857+09:00
Hallway Analyzer,,,failed,False,2026-08-27T23:55:21.576264+09:00
Hallway Assistant,,,failed,False,2026-08-19T21:55:54.779139+09:00
Hallway Attribute,,,failed,False,2026-08-23T13:06:47.092391+09:00
Hallway Badge,,,failed,False,2026-08-21T00:31:22.902026+09:00
Hallway Beacon,,,failed,False,2026-08-19T21:48:22.940977+09:00
Hallway Bill,,,failed,False,2026-08-19T22:06:53.339068+09:00
Hallway Board,20.0,80.0,success,False,2026-08-19T21:51:42.287097+09:00
Hallway Book,,,failed,False,2026-08-19T22:07:56.620143+09:00
Hallway Booth,,,failed,False,2026-08-19T21:58:54.005326+09:00
Hallway Bridge,880.0,3.0,success,False,2026-08-19T21:49:05.079544+09:00
Hallway Brief,,,failed,False,2026-08-21T01:06:48.856434+09:00
Hallway Bulletin,,,failed,False,2026-08-21T01:06:45.397337+09:00
Hallway Card,,,failed,False,2026-08-19T22:02:54.876263+09:00
Hallway Cascade,,,failed,False,2026-08-19T21:48:55.925505+09:00
Hallway Cash,,,failed,False,2026-08-21T02:29:07.517005+09:00
Hallway Category,,,failed,False,2026-08-23T13:06:44.617990+09:00
Hallway Center,,,failed,False,2026-08-19T21:52:57.085670+09:00
Hallway Charge,,,failed,False,2026-08-21T02:45:16.049005+09:00
Hallway Chart,,,failed,False,2026-08-19T22:01:05.588899+09:00
Hallway Check,,,failed,False,2026-08-19T22:03:14.947098+09:00
Hallway Checker,,,failed,False,2026-08-27T23:55:11.655418+09:00
Hallway Circular,,,failed,False,2026-08-21T01:06:53.303863+09:00
Hallway Code,10.0,0.0,success,False,2026-08-19T22:07:15.173390+09:00
Hallway Companion,,,failed,False,2026-08-19T21:56:44.387128+09:00
Hallway Comparison,,,failed,False,2026-08-28T01:06:41.346901+09:00
Hallway Confirmation,,,failed,False,2026-08-21T01:07:07.368570+09:00
Hallway Console,2900.0,100.0,success,False,2026-08-19T21:53:34.201182+09:00
Hallway Cost,,,failed,False,2026-08-21T02:11:57.284997+09:00
Hallway Counter,14800.0,1.0,success,False,2026-08-19T21:58:34.362639+09:00
Hallway Deal,,,failed,False,2026-08-21T01:55:33.628108+09:00
Hallway Debt,,,failed,False,2026-08-21T02:28:57.894422+09:00
Hallway Desk,720.0,100.0,success,False,2026-08-19T21:47:16.114306+09:00
Hallway Detail,,,failed,False,2026-08-23T03:17:04.760167+09:00
Hallway Detector,,,failed,False,2026-08-27T23:55:17.807220+09:00
Hallway Diagram,,,failed,False,2026-08-27T22:07:05.837486+09:00
Hallway Directory,,,failed,False,2026-08-19T21:57:56.725251+09:00
Hallway Dossier,,,failed,False,2026-08-21T01:07:15.275377+09:00
Hallway Draft,,,failed,False,2026-08-19T22:05:32.455871+09:00
Hallway Duty,260.0,0.0,success,False,2026-08-21T02:45:19.238792+09:00
Hallway Engine,,,failed,False,2026-08-19T21:55:47.244669+09:00
Hallway Entry,1300.0,87.0,success,False,2026-08-21T01:07:29.159320+09:00
Hallway Estimate,,,failed,False,2026-08-19T22:06:32.723316+09:00
Hallway Estimator,,,failed,False,2026-08-27T23:55:06.367292+09:00
Hallway Excerpt,,,failed,False,2026-08-21T01:07:24.154176+09:00
Hallway Extension,50.0,30.0,success,False,2026-08-23T16:40:13.658560+09:00
Hallway Fare,,,failed,False,2026-08-21T02:12:06.796728+09:00
Hallway Fee,,,failed,False,2026-08-21T01:55:09.652280+09:00
Hallway Feed,210.0,97.0,success,False,2026-08-19T22:05:22.514727+09:00
Hallway Field,,,failed,False,2026-08-23T13:06:49.264367+09:00
Hallway File,,,failed,False,2026-08-19T22:04:34.418517+09:00
Hallway Flag,,,failed,False,2026-08-21T00:32:11.459467+09:00
Hallway Flow,,,failed,False,2026-08-19T21:46:47.844671+09:00
Hallway Forge,,,failed,False,2026-08-19T21:48:40.966338+09:00
Hallway Form,,,failed,False,2026-08-19T22:02:47.197172+09:00
Hallway Format,,,failed,False,2026-08-23T13:06:51.579478+09:00
Hallway Fund,,,failed,False,2026-08-21T02:29:01.889757+09:00
Hallway Grade,,,failed,False,2026-08-21T00:31:52.807063+09:00
Hallway Grid,,,failed,False,2026-08-19T21:50:02.656663+09:00
Hallway Guarantee,,,failed,False,2026-08-28T01:06:51.354656+09:00
Hallway Guardian,,,failed,False,2026-08-28T00:25:05.172390+09:00
Hallway Helpdesk,,,failed,False,2026-08-27T22:46:23.139331+09:00
Hallway Helper,,,failed,False,2026-08-28T00:25:07.962787+09:00
Hallway History,,,failed,False,2026-08-19T22:04:23.242123+09:00
Hallway Hub,,,failed,False,2026-08-19T21:47:01.107836+09:00
Hallway Identifier,,,failed,False,2026-08-23T13:06:41.923671+09:00
Hallway Index,,,failed,False,2026-08-19T22:06:09.459067+09:00
Hallway Item,,,failed,False,2026-08-21T01:55:16.985544+09:00
Hallway Kiosk,,,failed,False,2026-08-19T21:59:01.960523+09:00
Hallway Label,,,failed,False,2026-08-27T22:06:51.467328+09:00
Hallway Layout,140.0,1.0,success,False,2026-08-27T22:28:39.838514+09:00
Hallway Ledger,,,failed,False,2026-08-19T21:51:28.846204+09:00
Hallway Level,,,failed,False,2026-08-19T22:04:45.902658+09:00
Hallway Line,20.0,0.0,success,False,2026-08-19T22:01:53.877884+09:00
Hallway Link,,,failed,False,2026-08-23T03:16:51.782987+09:00
Hallway List,,,failed,False,2026-08-19T22:07:25.606827+09:00
Hallway Loan,10.0,,success,False,2026-08-21T02:12:15.174959+09:00
Hallway Locator,,,failed,False,2026-08-19T21:58:08.143234+09:00
Hallway Locker,720.0,98.0,success,False,2026-08-19T21:58:45.118789+09:00
Hallway Log,,,failed,False,2026-08-19T22:02:34.302682+09:00
Hallway Loop,,,failed,False,2026-08-19T21:49:47.542279+09:00
Hallway Manager,,,failed,False,2026-08-19T21:55:36.980585+09:00
Hallway Manual,,,failed,False,2026-08-27T22:06:55.016444+09:00
Hallway Map,320.0,0.0,success,False,2026-08-19T21:50:49.199189+09:00
Hallway Margin,,,failed,False,2026-08-23T02:52:54.203392+09:00
Hallway Memo,,,failed,False,2026-08-21T00:31:57.081328+09:00
Hallway Monitor,5400.0,0.0,success,True,2026-08-19T21:56:30.340313+09:00
Hallway Nexus,,,failed,False,2026-08-19T21:55:09.455728+09:00
Hallway Note,,,failed,False,2026-08-19T22:03:32.806508+09:00
Hallway Notification,,,failed,False,2026-08-27T22:46:12.811571+09:00
Hallway Number,10.0,0.0,success,False,2026-08-23T03:16:44.260724+09:00
Hallway Order,,,failed,False,2026-08-19T22:06:41.403506+09:00
Hallway Outpost,,,failed,False,2026-08-19T21:59:42.241525+09:00
Hallway Overdue,,,failed,False,2026-08-27T21:45:56.763524+09:00
Hallway Panel,9900.0,100.0,success,False,2026-08-19T21:53:43.821939+09:00
Hallway Pass,135000.0,1.0,success,False,2026-08-21T00:31:12.375379+09:00
Hallway Path,,,failed,False,2026-08-19T21:50:26.967968+09:00
Hallway Petition,,,failed,False,2026-08-21T01:07:02.843245+09:00
Hallway Plan,20.0,0.0,success,False,2026-08-21T01:55:30.531800+09:00
Hallway Planner,,,failed,False,2026-08-19T21:56:08.103899+09:00
Hallway Point,,,failed,False,2026-08-19T21:50:37.216187+09:00
Hallway Portal,,,failed,False,2026-08-19T21:53:20.741685+09:00
Hallway Post,,,failed,False,2026-08-19T21:59:32.934011+09:00
Hallway Preview,,,failed,False,2026-08-28T01:06:43.929748+09:00
Hallway Profile,,,failed,False,2026-08-19T22:03:52.975095+09:00
Hallway Profit,,,failed,False,2026-08-23T02:52:46.674301+09:00
Hallway Proposal,,,failed,False,2026-08-28T01:06:48.738756+09:00
Hallway Quota,,,failed,False,2026-08-21T00:32:06.767489+09:00
Hallway Radar,,,failed,False,2026-08-19T21:47:30.295909+09:00
Hallway Rail,50.0,98.0,success,False,2026-08-19T21:54:16.215789+09:00
Hallway Rate,,,failed,False,2026-08-19T22:04:57.454275+09:00
Hallway Recap,,,failed,False,2026-08-21T01:07:19.627545+09:00
Hallway Receipt,,,failed,False,2026-08-19T22:07:01.913828+09:00
Hallway Register,,,failed,False,2026-08-19T21:56:53.361235+09:00
Hallway Registry,,,failed,False,2026-08-19T21:57:37.806809+09:00
Hallway Relay,,,failed,False,2026-08-19T21:47:43.048701+09:00
Hallway Reminder,,,failed,False,2026-08-19T22:06:01.682265+09:00
Hallway Report,,,failed,False,2026-08-19T22:02:25.837553+09:00
Hallway Roll,,,failed,False,2026-08-19T22:02:16.192857+09:00
Hallway Route,,,failed,False,2026-08-19T21:54:06.004532+09:00
Hallway Rule,,,failed,False,2026-08-23T03:16:59.377666+09:00
Hallway Sale,,,failed,False,2026-08-21T02:29:11.262958+09:00
Hallway Sample,,,failed,False,2026-08-19T21:46:13.716197+09:00
Hallway Scanner,,,failed,False,2026-08-27T23:55:14.253857+09:00
Hallway Scheduler,,,failed,False,2026-08-19T21:56:20.786748+09:00
Hallway Scope,,,failed,False,2026-08-19T21:49:37.354385+09:00
Hallway Score,,,failed,False,2026-08-19T22:03:23.353107+09:00
Hallway Sheet,,,failed,False,2026-08-19T22:03:05.892678+09:00
Hallway Signal,,,failed,False,2026-08-19T21:49:16.162945+09:00
Hallway Slip,,,failed,False,2026-08-19T21:46:03.788347+09:00
Hallway Slot,,,failed,False,2026-08-19T21:46:26.862344+09:00
Hallway Statement,,,failed,False,2026-08-21T00:31:38.357083+09:00
Hallway Station,20.0,80.0,success,False,2026-08-19T21:52:28.912563+09:00
Hallway Status,,,failed,False,2026-08-19T22:04:03.389101+09:00
Hallway Stub,,,failed,False,2026-08-21T00:31:30.142352+09:00
Hallway Sum,,,failed,False,2026-08-21T02:28:54.304303+09:00
Hallway Summary,,,failed,False,2026-08-19T22:05:40.444282+09:00
Hallway Tab,10.0,67.0,success,False,2026-08-21T00:32:18.028421+09:00
Hallway Table,60500.0,100.0,success,False,2026-08-19T22:07:37.028999+09:00
Hallway Tag,,,failed,False,2026-08-19T22:03:42.018748+09:00
Hallway Tally,,,failed,False,2026-08-21T00:31:43.518986+09:00
Hallway Tariff,,,failed,False,2026-08-21T02:45:28.044980+09:00
Hallway Tax,,,failed,False,2026-08-21T02:12:10.627447+09:00
Hallway Ticker,,,failed,False,2026-08-19T22:01:45.686906+09:00
Hallway Ticket,,,failed,False,2026-08-19T22:06:18.009667+09:00
Hallway Timeline,40.0,0.0,success,False,2026-08-19T22:05:48.495667+09:00
Hallway Toll,,,failed,False,2026-08-21T02:45:23.002534+09:00
Hallway Toolbox,,,failed,False,2026-08-28T00:25:07.962787+09:00
Hallway Tracker,,,failed,False,2026-08-19T21:46:37.963751+09:00
Hallway Unit,4400.0,100.0,success,False,2026-08-21T01:55:28.445824+09:00
Hallway Update,10.0,69.0,success,False,2026-08-19T22:05:13.355108+09:00
Hallway Value,,,failed,False,2026-08-23T02:52:49.123666+09:00
Hallway Vault,,,failed,False,2026-08-19T21:47:55.928943+09:00
Hallway Version,,,failed,False,2026-08-23T03:16:47.860821+09:00
Hallway View,480.0,1.0,success,False,2026-08-19T22:04:13.367774+09:00
Hallway Voucher,,,failed,False,2026-08-21T00:31:17.519824+09:00
Hallway Watch,,,failed,False,2026-08-19T21:49:26.172736+09:00
Hallway Window,1000.0,26.0,success,False,2026-08-19T22:02:05.634117+09:00
Hallway Worksheet,,,failed,False,2026-08-27T22:06:58.606007+09:00
Hallway Workshop,,,failed,False,2026-08-28T00:25:01.797092+09:00
Hallway Zone,,,failed,False,2026-08-19T21:53:06.381329+09:00
Handoff Advisory,,,failed,False,2026-08-21T01:21:49.678224+09:00
Handoff Alert,,,failed,False,2026-08-21T01:17:10.053741+09:00
Handoff Allowance,,,failed,False,2026-08-21T02:37:35.054521+09:00
Handoff Analyzer,,,failed,False,2026-08-27T23:56:22.652242+09:00
Handoff Assistant,,,failed,False,2026-08-21T01:26:11.047777+09:00
Handoff Atlas,,,failed,False,2026-08-21T01:25:46.762620+09:00
Handoff Badge,,,failed,False,2026-08-21T01:21:04.299416+09:00
Handoff Base,,,failed,False,2026-08-21T01:25:09.054235+09:00
Handoff Bay,,,failed,False,2026-08-21T01:16:26.293455+09:00
Handoff Beacon,,,failed,False,2026-08-21T01:22:55.105207+09:00
Handoff Bill,,,failed,False,2026-08-21T01:20:09.112300+09:00
Handoff Bin,,,failed,False,2026-08-21T01:17:24.597618+09:00
Handoff Board,,,failed,False,2026-08-21T01:25:10.989666+09:00
Handoff Booth,,,failed,False,2026-08-21T01:16:10.496497+09:00
Handoff Bridge,,,failed,False,2026-08-21T01:23:09.410692+09:00
Handoff Brief,,,failed,False,2026-08-21T01:21:39.994879+09:00
Handoff Bulletin,,,failed,False,2026-08-21T01:21:34.003833+09:00
Handoff Calendar,,,failed,False,2026-08-21T01:15:31.943617+09:00
Handoff Card,,,failed,False,2026-08-21T01:18:13.374383+09:00
Handoff Cascade,,,failed,False,2026-08-21T01:23:01.482269+09:00
Handoff Cash,,,failed,False,2026-08-21T02:30:27.978125+09:00
Handoff Category,,,failed,False,2026-08-23T13:07:14.038929+09:00
Handoff Center,,,failed,False,2026-08-21T01:25:10.989666+09:00
Handoff Chain,,,failed,False,2026-08-21T01:25:40.979194+09:00
Handoff Charge,10.0,,success,False,2026-08-21T02:37:19.204094+09:00
Handoff Chart,,,failed,False,2026-08-21T01:17:22.537676+09:00
Handoff Check,,,failed,False,2026-08-21T01:18:21.687046+09:00
Handoff Checker,,,failed,False,2026-08-27T23:56:16.956086+09:00
Handoff Circular,,,failed,False,2026-08-21T01:21:42.147576+09:00
Handoff Code,,,failed,False,2026-08-21T01:20:20.986675+09:00
Handoff Comparison,,,failed,False,2026-08-28T01:07:27.619930+09:00
Handoff Compass,,,failed,False,2026-08-21T01:22:48.599352+09:00
Handoff Confirmation,,,failed,False,2026-08-21T01:21:56.845957+09:00
Handoff Console,,,failed,False,2026-08-21T01:25:10.989666+09:00
Handoff Core,,,failed,False,2026-08-21T01:25:09.054235+09:00
Handoff Cost,,,failed,False,2026-08-21T02:13:15.591815+09:00
Handoff Count,,,failed,False,2026-08-27T22:47:08.510624+09:00
Handoff Counter,,,failed,False,2026-08-21T01:15:57.558147+09:00
Handoff Deal,,,failed,False,2026-08-21T01:56:48.479807+09:00
Handoff Debt,,,failed,False,2026-08-21T02:30:16.403499+09:00
Handoff Deck,,,failed,False,2026-08-21T01:25:10.989666+09:00
Handoff Desk,,,failed,False,2026-08-21T01:22:29.239348+09:00
Handoff Detail,,,failed,False,2026-08-23T03:18:25.372913+09:00
Handoff Detector,,,failed,False,2026-08-27T23:56:20.084184+09:00
Handoff Diagram,170.0,0.0,success,False,2026-08-27T22:08:00.127291+09:00
Handoff Directory,,,failed,False,2026-08-21T01:15:38.767814+09:00
Handoff Draft,,,failed,False,2026-08-21T01:19:29.603335+09:00
Handoff Due,,,failed,False,2026-08-23T15:52:46.857399+09:00
Handoff Duty,,,failed,False,2026-08-21T02:37:22.596537+09:00
Handoff Engine,,,failed,False,2026-08-21T01:26:08.809687+09:00
Handoff Entry,,,failed,False,2026-08-21T01:22:03.238360+09:00
Handoff Estimate,70.0,72.0,success,False,2026-08-21T01:20:01.120246+09:00
Handoff Fare,,,failed,False,2026-08-21T02:13:20.223987+09:00
Handoff Fee,,,failed,False,2026-08-21T01:56:25.732902+09:00
Handoff Feed,,,failed,False,2026-08-21T01:21:05.247176+09:00
Handoff File,20.0,0.0,success,False,2026-08-21T01:19:07.466825+09:00
Handoff Fine,,,failed,False,2026-08-23T02:53:49.996059+09:00
Handoff Flow,,,failed,False,2026-08-21T01:22:20.767459+09:00
Handoff Forge,,,failed,False,2026-08-21T01:22:58.534719+09:00
Handoff Form,,,failed,False,2026-08-21T01:18:06.634708+09:00
Handoff Format,,,failed,False,2026-08-23T13:07:20.154329+09:00
Handoff Frame,,,failed,False,2026-08-21T01:23:53.804797+09:00
Handoff Fund,,,failed,False,2026-08-21T02:30:21.260254+09:00
Handoff Gate,,,failed,False,2026-08-21T01:25:49.214024+09:00
Handoff Graph,,,failed,False,2026-08-27T22:07:48.909558+09:00
Handoff Grid,,,failed,False,2026-08-21T01:23:38.443967+09:00
Handoff Guarantee,,,failed,False,2026-08-28T01:07:35.564975+09:00
Handoff Guardian,,,failed,False,2026-08-28T00:25:44.811086+09:00
Handoff Helper,,,failed,False,2026-08-28T00:25:48.742639+09:00
Handoff History,,,failed,False,2026-08-21T01:19:00.586921+09:00
Handoff Hub,,,failed,False,2026-08-21T01:22:27.198742+09:00
Handoff Identifier,,,failed,False,2026-08-23T13:07:14.038929+09:00
Handoff Inbox,,,failed,False,2026-08-21T01:17:06.015996+09:00
Handoff Index,,,failed,False,2026-08-21T01:19:49.395013+09:00
Handoff Item,,,failed,False,2026-08-21T01:56:34.859851+09:00
Handoff Journal,,,failed,False,2026-08-21T01:15:25.336646+09:00
Handoff Keeper,,,failed,False,2026-08-21T01:26:01.379135+09:00
Handoff Kit,,,failed,False,2026-08-27T22:47:06.029080+09:00
Handoff Lab,,,failed,False,2026-08-21T01:25:10.989666+09:00
Handoff Label,,,failed,False,2026-08-27T22:07:54.366638+09:00
Handoff Ledger,,,failed,False,2026-08-21T01:25:10.989666+09:00
Handoff Level,,,failed,False,2026-08-21T01:19:09.689487+09:00
Handoff Line,,,failed,False,2026-08-21T01:17:43.825232+09:00
Handoff Link,,,failed,False,2026-08-23T03:18:18.334398+09:00
Handoff List,,,failed,False,2026-08-21T01:20:28.588615+09:00
Handoff Loan,,,failed,False,2026-08-21T02:13:28.177261+09:00
Handoff Lobby,,,failed,False,2026-08-21T01:17:36.062470+09:00
Handoff Locator,,,failed,False,2026-08-21T01:15:44.374236+09:00
Handoff Locker,,,failed,False,2026-08-21T01:16:03.338785+09:00
Handoff Log,,,failed,False,2026-08-21T01:17:59.788687+09:00
Handoff Loop,,,failed,False,2026-08-21T01:23:30.836605+09:00
Handoff Manager,,,failed,False,2026-08-21T01:26:02.106014+09:00
Handoff Manual,,,failed,False,2026-08-27T22:07:54.366638+09:00
Handoff Map,10.0,3.0,success,False,2026-08-21T01:23:54.627834+09:00
Handoff Margin,,,failed,False,2026-08-23T02:53:47.851129+09:00
Handoff Memo,,,failed,False,2026-08-21T01:21:21.287654+09:00
Handoff Message,,,failed,False,2026-08-27T23:12:34.540185+09:00
Handoff Monitor,,,failed,False,2026-08-21T01:26:25.836028+09:00
Handoff Nexus,,,failed,False,2026-08-21T01:25:53.521014+09:00
Handoff Note,10.0,0.0,success,False,2026-08-21T01:18:34.503460+09:00
Handoff Notification,,,failed,False,2026-08-27T22:47:02.636160+09:00
Handoff Number,,,failed,False,2026-08-23T03:18:07.042470+09:00
Handoff Office,,,failed,False,2026-08-21T01:15:52.922484+09:00
Handoff Ops,,,failed,False,2026-08-21T01:26:44.593664+09:00
Handoff Order,,,failed,False,2026-08-21T01:20:03.244208+09:00
Handoff Overdue,,,failed,False,2026-08-27T21:46:08.601206+09:00
Handoff Panel,,,failed,False,2026-08-21T01:25:10.989666+09:00
Handoff Pass,,,failed,False,2026-08-21T01:20:51.576504+09:00
Handoff Passport,,,failed,False,2026-08-21T01:17:30.839165+09:00
Handoff Path,,,failed,False,2026-08-21T01:23:45.473669+09:00
Handoff Penalty,,,failed,False,2026-08-23T16:40:23.481453+09:00
Handoff Petition,,,failed,False,2026-08-21T01:21:51.595086+09:00
Handoff Plan,10.0,0.0,success,False,2026-08-21T01:56:46.597919+09:00
Handoff Planner,,,failed,False,2026-08-21T01:26:17.676069+09:00
Handoff Playbook,,,failed,False,2026-08-21T01:26:47.452980+09:00
Handoff Point,40.0,0.0,success,False,2026-08-21T01:35:17.900497+09:00
Handoff Portal,,,failed,False,2026-08-21T01:25:10.989666+09:00
Handoff Post,,,failed,False,2026-08-21T01:16:32.710448+09:00
Handoff Preview,,,failed,False,2026-08-28T01:07:30.106939+09:00
Handoff Profile,,,failed,False,2026-08-21T01:18:42.442648+09:00
Handoff Profit,,,failed,False,2026-08-23T02:53:39.940635+09:00
Handoff Proposal,,,failed,False,2026-08-28T01:07:32.974301+09:00
Handoff Quota,,,failed,False,2026-08-21T01:21:25.005948+09:00
Handoff Radar,,,failed,False,2026-08-21T01:22:33.143231+09:00
Handoff Rail,,,failed,False,2026-08-21T01:25:11.979955+09:00
Handoff Rate,,,failed,False,2026-08-21T01:19:16.110446+09:00
Handoff Recap,,,failed,False,2026-08-21T01:22:01.103254+09:00
Handoff Receipt,,,failed,False,2026-08-21T01:20:10.961863+09:00
Handoff Register,,,failed,False,2026-08-21T01:26:35.509450+09:00
Handoff Registry,,,failed,False,2026-08-21T01:15:26.988997+09:00
Handoff Relay,20.0,0.0,success,False,2026-08-21T01:22:35.639513+09:00
Handoff Reminder,,,failed,False,2026-08-21T01:19:45.031880+09:00
Handoff Report,320.0,1.0,success,False,2026-08-21T01:17:57.482592+09:00
Handoff Repository,,,failed,False,2026-08-27T23:12:44.367905+09:00
Handoff Result,,,failed,False,2026-08-28T00:48:05.704808+09:00
Handoff Ring,,,failed,False,2026-08-21T01:25:45.514354+09:00
Handoff Roll,,,failed,False,2026-08-21T01:17:52.131047+09:00
Handoff Roster,,,failed,False,2026-08-21T01:23:07.832051+09:00
Handoff Route,,,failed,False,2026-08-21T01:25:10.989666+09:00
Handoff Rule,,,failed,False,2026-08-23T03:18:21.895981+09:00
Handoff Sale,,,failed,False,2026-08-21T02:30:30.378357+09:00
Handoff Sample,,,failed,False,2026-08-21T01:20:42.577799+09:00
Handoff Scale,,,failed,False,2026-08-21T01:25:10.989666+09:00
Handoff Scanner,,,failed,False,2026-08-27T23:56:16.956086+09:00
Handoff Scope,,,failed,False,2026-08-21T01:23:27.807599+09:00
Handoff Score,,,failed,False,2026-08-21T01:18:29.664706+09:00
Handoff Sheet,40.0,21.0,success,False,2026-08-21T01:18:16.729979+09:00
Handoff Shelf,,,failed,False,2026-08-21T01:16:55.800452+09:00
Handoff Signal,,,failed,False,2026-08-21T01:23:13.753288+09:00
Handoff Slip,,,failed,False,2026-08-21T01:20:36.811619+09:00
Handoff Slot,,,failed,False,2026-08-21T01:20:45.332631+09:00
Handoff Stage,,,failed,False,2026-08-28T00:48:05.704808+09:00
Handoff Stake,,,failed,False,2026-08-23T02:53:42.896171+09:00
Handoff Statement,,,failed,False,2026-08-21T01:21:13.489274+09:00
Handoff Station,,,failed,False,2026-08-21T01:25:10.989666+09:00
Handoff Status,,,failed,False,2026-08-21T01:18:50.592866+09:00
Handoff Stub,,,failed,False,2026-08-21T01:21:10.960024+09:00
Handoff Studio,,,failed,False,2026-08-21T01:25:10.989666+09:00
Handoff Sum,,,failed,False,2026-08-21T02:30:12.359355+09:00
Handoff Summary,10.0,0.0,success,False,2026-08-21T01:19:35.649490+09:00
Handoff Tab,,,failed,False,2026-08-21T01:21:31.170741+09:00
Handoff Table,,,failed,False,2026-08-21T01:20:30.866856+09:00
Handoff Tag,,,failed,False,2026-08-21T01:18:39.603435+09:00
Handoff Tariff,,,failed,False,2026-08-21T02:37:37.997164+09:00
Handoff Tax,,,failed,False,2026-08-21T02:13:25.435180+09:00
Handoff Terminal,,,failed,False,2026-08-21T01:25:10.989666+09:00
Handoff Ticker,,,failed,False,2026-08-21T01:17:38.451621+09:00
Handoff Ticket,,,failed,False,2026-08-21T01:19:54.964370+09:00
Handoff Timeline,,,failed,False,2026-08-21T01:19:38.759789+09:00
Handoff Timer,,,failed,False,2026-08-28T00:25:39.840423+09:00
Handoff Toll,,,failed,False,2026-08-21T02:37:31.175739+09:00
Handoff Toolbox,,,failed,False,2026-08-28T00:25:44.811086+09:00
Handoff Total,,,failed,False,2026-08-27T23:12:37.040829+09:00
Handoff Tower,,,failed,False,2026-08-21T01:16:50.383045+09:00
Handoff Tracker,,,failed,False,2026-08-21T01:22:09.935224+09:00
Handoff Trail,,,failed,False,2026-08-21T01:25:39.259226+09:00
Handoff Trend,,,failed,False,2026-08-28T01:07:27.619930+09:00
Handoff Trial,,,failed,False,2026-08-27T21:13:49.979348+09:00
Handoff Unit,,,failed,False,2026-08-21T01:56:41.739952+09:00
Handoff Update,,,failed,False,2026-08-21T01:19:23.070915+09:00
Handoff Value,,,failed,False,2026-08-23T02:53:39.940635+09:00
Handoff Vault,,,failed,False,2026-08-21T01:22:43.322610+09:00
Handoff Version,,,failed,False,2026-08-23T03:18:09.441113+09:00
Handoff View,,,failed,False,2026-08-21T01:18:54.031046+09:00
Handoff Voucher,,,failed,False,2026-08-21T01:20:57.396338+09:00
Handoff Watch,10.0,0.0,success,False,2026-08-21T01:35:17.900497+09:00
Handoff Wave,,,failed,False,2026-08-21T01:23:43.267024+09:00
Handoff Widget,,,failed,False,2026-08-27T23:12:39.391295+09:00
Handoff Window,,,failed,False,2026-08-21T01:17:49.809423+09:00
Handoff Worksheet,,,failed,False,2026-08-27T22:07:57.599246+09:00
Handoff Workshop,,,failed,False,2026-08-28T00:25:42.430031+09:00
Handoff Yard,,,failed,False,2026-08-21T01:16:18.467523+09:00
Handoff Zone,,,failed,False,2026-08-21T01:25:10.989666+09:00
Harvest Advance,,,failed,False,2026-08-23T16:16:55.140069+09:00
Harvest Advisory,,,failed,False,2026-08-21T01:08:23.538465+09:00
Harvest Allowance,,,failed,False,2026-08-21T02:45:01.493449+09:00
Harvest Almanac,,,failed,False,2026-08-18T23:51:12.499703+09:00
Harvest Analyzer,,,failed,False,2026-08-27T23:59:17.563745+09:00
Harvest Anchor,40.0,0.0,success,False,2026-08-17T21:37:21.496927+09:00
Harvest Announcement,,,failed,False,2026-08-27T23:36:50.925534+09:00
Harvest Arrears,,,failed,False,2026-08-23T16:16:51.381360+09:00
Harvest Asset,30.0,0.0,success,False,2026-08-23T13:48:27.768488+09:00
Harvest Assistant,50.0,50.0,success,False,2026-08-17T23:30:19.900529+09:00
Harvest Atlas,70.0,0.0,success,False,2026-08-17T20:44:37.629482+09:00
Harvest Attribute,,,failed,False,2026-08-23T13:09:53.012547+09:00
Harvest Base,20.0,0.0,success,False,2026-08-17T20:41:46.079279+09:00
Harvest Beacon,,,failed,False,2026-08-18T07:52:58.974940+09:00
Harvest Bill,,,failed,False,2026-08-19T22:04:07.178529+09:00
Harvest Blueprint,,,failed,False,2026-08-18T23:51:12.499703+09:00
Harvest Board,210.0,67.0,success,False,2026-08-17T20:39:15.324728+09:00
Harvest Book,1300.0,18.0,success,False,2026-08-19T22:05:01.387918+09:00
Harvest Bridge,110.0,0.0,success,False,2026-08-17T21:38:29.386806+09:00
Harvest Brief,,,failed,False,2026-08-21T01:08:12.622841+09:00
Harvest Bulletin,10.0,75.0,success,False,2026-08-21T01:08:07.982267+09:00
Harvest Calculator,70.0,0.0,success,False,2026-08-27T23:36:50.925534+09:00
Harvest Calendar,320.0,6.0,success,False,2026-08-19T00:03:29.017691+09:00
Harvest Card,110.0,0.0,success,False,2026-08-19T13:37:53.958127+09:00
Harvest Cascade,,,failed,False,2026-08-17T21:40:41.309160+09:00
Harvest Cash,20.0,1.0,success,False,2026-08-21T02:30:12.359355+09:00
Harvest Cashback,,,failed,False,2026-08-27T21:19:36.835808+09:00
Harvest Category,,,failed,False,2026-08-23T13:09:46.403136+09:00
Harvest Center,5400.0,17.0,success,False,2026-08-17T20:33:41.175079+09:00
Harvest Chain,260.0,48.0,success,False,2026-08-17T21:31:28.023870+09:00
Harvest Charge,,,failed,False,2026-08-21T02:44:49.670355+09:00
Harvest Check,40.0,0.0,success,False,2026-08-19T13:38:30.096101+09:00
Harvest Checker,,,failed,False,2026-08-27T23:59:07.749698+09:00
Harvest Circular,,,failed,False,2026-08-21T01:08:18.401082+09:00
Harvest Cockpit,,,failed,False,2026-08-17T23:14:25.326532+09:00
Harvest Code,590.0,15.0,success,False,2026-08-19T22:04:26.155627+09:00
Harvest Codex,,,failed,False,2026-08-18T23:51:12.499703+09:00
Harvest Companion,,,failed,False,2026-08-17T23:31:45.267981+09:00
Harvest Comparison,,,failed,False,2026-08-28T01:08:47.729422+09:00
Harvest Compass,10.0,0.0,success,False,2026-08-17T20:31:59.985806+09:00
Harvest Compendium,,,failed,False,2026-08-18T23:51:12.499703+09:00
Harvest Confirmation,,,failed,False,2026-08-21T01:08:31.890939+09:00
Harvest Console,,,failed,False,2026-08-18T07:52:13.300527+09:00
Harvest Contribution,,,failed,False,2026-08-23T16:16:48.615272+09:00
Harvest Converter,,,failed,False,2026-08-27T23:36:50.925534+09:00
Harvest Core,20.0,0.0,success,False,2026-08-17T20:40:52.985789+09:00
Harvest Cost,90.0,23.0,success,False,2026-08-21T02:14:27.987170+09:00
Harvest Count,,,failed,False,2026-08-27T22:51:25.477545+09:00
Harvest Counter,,,failed,False,2026-08-19T00:04:18.277485+09:00
Harvest Coupon,170.0,35.0,success,False,2026-08-27T21:19:33.782503+09:00
Harvest Dashboard,40.0,10.0,success,False,2026-08-17T23:31:27.985495+09:00
Harvest Deal,210.0,21.0,success,False,2026-08-21T01:59:26.364386+09:00
Harvest Debt,10.0,,success,False,2026-08-21T02:30:05.549953+09:00
Harvest Deck,,,failed,False,2026-08-17T20:38:19.209708+09:00
Harvest Depot,1300.0,2.0,success,False,2026-08-19T00:04:01.106556+09:00
Harvest Desk,10.0,100.0,success,False,2026-08-17T20:36:00.761105+09:00
Harvest Detail,,,failed,False,2026-08-23T03:24:05.243173+09:00
Harvest Detector,,,failed,False,2026-08-27T23:59:12.622196+09:00
Harvest Diagram,,,failed,False,2026-08-27T22:15:19.748218+09:00
Harvest Dial,,,failed,False,2026-08-17T21:39:19.495692+09:00
Harvest Digest,,,failed,False,2026-08-19T20:48:17.948513+09:00
Harvest Directory,,,failed,False,2026-08-19T00:03:34.698010+09:00
Harvest Dock,,,failed,False,2026-08-17T21:34:39.149688+09:00
Harvest Dossier,,,failed,False,2026-08-21T01:08:34.212023+09:00
Harvest Downpayment,,,failed,False,2026-08-27T21:50:34.815891+09:00
Harvest Draft,,,failed,False,2026-08-19T20:48:28.899410+09:00
Harvest Due,,,failed,False,2026-08-23T15:52:59.645505+09:00
Harvest Duty,,,failed,False,2026-08-21T02:44:54.822530+09:00
Harvest Engine,140.0,1.0,success,False,2026-08-17T23:11:08.683373+09:00
Harvest Entry,,,failed,False,2026-08-21T01:08:49.317162+09:00
Harvest Estimate,,,failed,False,2026-08-19T21:32:52.200900+09:00
Harvest Estimator,,,failed,False,2026-08-27T23:59:02.052548+09:00
Harvest Excerpt,,,failed,False,2026-08-21T01:08:42.694211+09:00
Harvest Extension,90.0,10.0,success,False,2026-08-23T16:40:16.940020+09:00
Harvest Fare,9900.0,2.0,success,False,2026-08-21T02:14:36.179977+09:00
Harvest Fee,30.0,3.0,success,False,2026-08-21T01:59:13.927606+09:00
Harvest Feed,210.0,12.0,success,False,2026-08-19T20:48:23.205403+09:00
Harvest Field,2400.0,4.0,success,False,2026-08-23T13:09:55.014275+09:00
Harvest File,4400.0,0.0,success,True,2026-08-19T20:47:51.523685+09:00
Harvest Finder,,,failed,False,2026-08-19T00:03:50.601023+09:00
Harvest Fine,1900.0,1.0,success,False,2026-08-23T02:58:24.249422+09:00
Harvest Flag,30.0,61.0,success,False,2026-08-21T00:35:54.809657+09:00
Harvest Flow,50.0,1.0,success,False,2026-08-17T20:38:46.053243+09:00
Harvest Forge,20.0,11.0,success,False,2026-08-18T01:28:07.797651+09:00
Harvest Form,30.0,0.0,success,False,2026-08-19T13:37:44.092675+09:00
Harvest Format,,,failed,False,2026-08-23T13:09:58.883939+09:00
Harvest Frame,30.0,0.0,success,False,2026-08-17T20:42:29.560038+09:00
Harvest Fund,880.0,3.0,success,False,2026-08-21T02:30:08.779542+09:00
Harvest Gate,320.0,1.0,success,False,2026-08-17T20:46:42.242736+09:00
Harvest Giveaway,,,failed,False,2026-08-27T21:19:40.666664+09:00
Harvest Grade,,,failed,False,2026-08-21T00:35:39.216644+09:00
Harvest Graph,,,failed,False,2026-08-27T22:15:06.045574+09:00
Harvest Grid,,,failed,False,2026-08-17T21:31:59.895065+09:00
Harvest Guarantee,,,failed,False,2026-08-28T01:08:52.515259+09:00
Harvest Guard,320.0,48.0,success,False,2026-08-17T20:41:16.510977+09:00
Harvest Guardian,10.0,0.0,success,False,2026-08-28T00:27:31.291174+09:00
Harvest Guidebook,,,failed,False,2026-08-18T22:12:19.566532+09:00
Harvest Helpdesk,,,failed,False,2026-08-27T22:51:29.683445+09:00
Harvest Helper,90.0,1.0,success,False,2026-08-28T00:27:35.071119+09:00
Harvest History,70.0,0.0,success,False,2026-08-19T20:47:43.737608+09:00
Harvest Hub,1900.0,1.0,success,False,2026-08-17T20:37:58.727524+09:00
Harvest Identifier,,,failed,False,2026-08-23T13:09:46.403136+09:00
Harvest Incentive,,,failed,False,2026-08-27T21:19:40.666664+09:00
Harvest Index,1300.0,0.0,success,True,2026-08-19T21:32:49.180215+09:00
Harvest Insight,260.0,3.0,success,False,2026-08-17T23:07:30.676472+09:00
Harvest Item,140.0,1.0,success,False,2026-08-21T01:59:17.804525+09:00
Harvest Journal,90.0,1.0,success,False,2026-08-18T22:12:06.505434+09:00
Harvest Keeper,140.0,50.0,success,False,2026-08-17T20:42:54.961047+09:00
Harvest Kit,90.0,32.0,success,False,2026-08-27T22:51:22.989955+09:00
Harvest Lab,260.0,1.0,success,False,2026-08-17T20:36:26.800121+09:00
Harvest Label,2400.0,89.0,success,False,2026-08-27T22:15:12.426690+09:00
Harvest Ledger,10.0,0.0,success,False,2026-08-17T20:40:08.225876+09:00
Harvest Lens,,,failed,False,2026-08-17T20:43:25.230587+09:00
Harvest Level,30.0,0.0,success,False,2026-08-19T20:47:55.040652+09:00
Harvest Levy,20.0,0.0,success,False,2026-08-23T13:48:32.031008+09:00
Harvest Link,2900.0,5.0,success,False,2026-08-23T03:23:58.190781+09:00
Harvest List,30.0,0.0,success,False,2026-08-19T22:04:38.551336+09:00
Harvest Loan,170.0,28.0,success,False,2026-08-21T02:14:45.406179+09:00
Harvest Locator,,,failed,False,2026-08-19T00:03:43.919454+09:00
Harvest Lock,,,failed,False,2026-08-17T20:45:16.547101+09:00
Harvest Log,170.0,0.0,success,False,2026-08-19T13:37:36.286521+09:00
Harvest Loop,480.0,39.0,success,False,2026-08-17T21:33:08.992358+09:00
Harvest Manager,140.0,5.0,success,False,2026-08-17T20:42:06.946542+09:00
Harvest Manual,10.0,0.0,success,False,2026-08-27T22:15:17.446247+09:00
Harvest Map,590.0,0.0,success,False,2026-08-17T20:44:17.126543+09:00
Harvest Markup,,,failed,False,2026-08-23T16:40:13.658560+09:00
Harvest Memo,,,failed,False,2026-08-21T00:35:46.572141+09:00
Harvest Message,70.0,3.0,success,False,2026-08-27T23:16:30.238245+09:00
Harvest Meter,,,failed,False,2026-08-17T21:37:57.485180+09:00
Harvest Metrics,,,failed,False,2026-08-17T23:31:10.385394+09:00
Harvest Monitor,50.0,4.0,success,False,2026-08-17T23:30:49.193189+09:00
Harvest Navigator,,,failed,False,2026-08-17T23:09:15.899406+09:00
Harvest Nexus,,,failed,False,2026-08-17T20:45:42.370254+09:00
Harvest Node,,,failed,False,2026-08-17T20:48:00.384731+09:00
Harvest Note,,,failed,False,2026-08-19T13:39:01.193066+09:00
Harvest Notification,,,failed,False,2026-08-27T22:51:13.312396+09:00
Harvest Number,110.0,1.0,success,False,2026-08-23T03:23:49.316132+09:00
Harvest Office,70.0,3.0,success,False,2026-08-19T00:04:07.444762+09:00
Harvest Ops,,,failed,False,2026-08-17T23:32:02.596672+09:00
Harvest Order,70.0,18.0,success,False,2026-08-19T22:03:56.439657+09:00
Harvest Organizer,,,failed,False,2026-08-17T23:12:41.358995+09:00
Harvest Overage,,,failed,False,2026-08-27T21:50:32.673191+09:00
Harvest Overdraft,10.0,,success,False,2026-08-23T15:53:03.221395+09:00
Harvest Overdue,,,failed,False,2026-08-27T21:50:26.760837+09:00
Harvest Panel,50.0,3.0,success,False,2026-08-17T21:41:22.072079+09:00
Harvest Path,210.0,2.0,success,False,2026-08-17T20:47:16.621554+09:00
Harvest Payoff,,,failed,False,2026-08-27T21:50:29.028381+09:00
Harvest Petition,,,failed,False,2026-08-21T01:08:27.933703+09:00
Harvest Pilot,,,failed,False,2026-08-17T20:36:59.320935+09:00
Harvest Plan,210.0,6.0,success,False,2026-08-21T01:59:26.364386+09:00
Harvest Planner,210.0,6.0,success,False,2026-08-17T23:05:39.217461+09:00
Harvest Playbook,,,failed,False,2026-08-18T22:11:56.316205+09:00
Harvest Point,1300.0,6.0,success,False,2026-08-17T20:46:04.855118+09:00
Harvest Portal,70.0,0.0,success,False,2026-08-18T07:52:01.229242+09:00
Harvest Preview,,,failed,False,2026-08-28T01:08:47.729422+09:00
Harvest Profile,,,failed,False,2026-08-19T13:39:34.156572+09:00
Harvest Profit,720.0,8.0,success,False,2026-08-23T02:58:11.410981+09:00
Harvest Proposal,,,failed,False,2026-08-28T01:08:52.515259+09:00
Harvest Pulse,,,failed,False,2026-08-17T21:30:50.388708+09:00
Harvest Quota,10.0,0.0,success,False,2026-08-21T00:35:49.197244+09:00
Harvest Radar,,,failed,False,2026-08-17T20:35:00.475766+09:00
Harvest Rail,20.0,5.0,success,False,2026-08-17T21:33:36.085901+09:00
Harvest Rate,90.0,2.0,success,False,2026-08-19T20:48:02.759483+09:00
Harvest Recap,,,failed,False,2026-08-21T01:08:38.226777+09:00
Harvest Receipt,,,failed,False,2026-08-19T22:04:17.404214+09:00
Harvest Recorder,,,failed,False,2026-08-27T23:36:57.640483+09:00
Harvest Register,90.0,0.0,success,False,2026-08-17T22:51:32.586910+09:00
Harvest Registry,,,failed,False,2026-08-18T23:51:14.808282+09:00
Harvest Relay,,,failed,False,2026-08-17T20:34:09.472739+09:00
Harvest Reminder,,,failed,False,2026-08-19T21:32:47.158972+09:00
Harvest Report,480.0,0.0,success,False,2026-08-19T13:37:25.441438+09:00
Harvest Repository,10.0,0.0,success,False,2026-08-27T23:16:37.182537+09:00
Harvest Result,,,failed,False,2026-08-28T00:48:57.800361+09:00
Harvest Roadmap,,,failed,False,2026-08-18T23:51:14.808282+09:00
Harvest Route,10.0,0.0,success,False,2026-08-17T21:35:44.584576+09:00
Harvest Rule,,,failed,False,2026-08-23T03:24:01.511685+09:00
Harvest Sale,1000.0,34.0,success,False,2026-08-21T02:30:21.260254+09:00
Harvest Sample,,,failed,False,2026-08-19T22:05:25.560581+09:00
Harvest Scale,30.0,84.0,success,False,2026-08-17T21:36:47.272145+09:00
Harvest Scanner,,,failed,False,2026-08-27T23:59:12.622196+09:00
Harvest Scheduler,,,failed,False,2026-08-17T23:30:33.375533+09:00
Harvest Scope,10.0,0.0,success,False,2026-08-17T21:34:09.721109+09:00
Harvest Score,,,failed,False,2026-08-19T13:38:51.605801+09:00
Harvest Sentry,,,failed,False,2026-08-17T20:43:55.064759+09:00
Harvest Sheet,30.0,39.0,success,False,2026-08-19T13:38:13.390546+09:00
Harvest Shortfall,,,failed,False,2026-08-27T21:50:37.116413+09:00
Harvest Signal,10.0,,success,False,2026-08-17T21:36:20.278504+09:00
Harvest Slip,,,failed,False,2026-08-19T22:05:13.355108+09:00
Harvest Slot,70.0,15.0,success,False,2026-08-19T22:05:35.780904+09:00
Harvest Snapshot,,,failed,False,2026-08-18T22:12:13.672404+09:00
Harvest Stage,140.0,0.0,success,False,2026-08-28T00:48:57.800361+09:00
Harvest Stake,10.0,0.0,success,False,2026-08-23T02:58:18.393651+09:00
Harvest Statement,,,failed,False,2026-08-21T00:35:31.431507+09:00
Harvest Station,3600.0,12.0,success,False,2026-08-17T20:35:32.317442+09:00
Harvest Status,140.0,0.0,success,False,2026-08-19T20:47:30.914414+09:00
Harvest Studio,480.0,2.0,success,False,2026-08-17T20:37:26.547523+09:00
Harvest Subsidy,,,failed,False,2026-08-23T15:53:03.221395+09:00
Harvest Suite,110.0,0.0,success,False,2026-08-17T23:30:03.516281+09:00
Harvest Sum,,,failed,False,2026-08-21T02:30:00.318623+09:00
Harvest Summary,90.0,0.0,success,False,2026-08-19T21:32:39.944567+09:00
Harvest Sync,,,failed,False,2026-08-17T20:39:41.640400+09:00
Harvest Tab,320.0,0.0,success,False,2026-08-21T00:36:00.602558+09:00
Harvest Table,14800.0,100.0,success,False,2026-08-19T22:04:49.676934+09:00
Harvest Tag,70.0,1.0,success,False,2026-08-19T13:39:22.411617+09:00
Harvest Tally,,,failed,False,2026-08-21T00:35:34.561312+09:00
Harvest Tariff,,,failed,False,2026-08-21T02:45:04.527835+09:00
Harvest Tax,210.0,2.0,success,False,2026-08-21T02:14:40.877635+09:00
Harvest Ticket,170.0,0.0,success,False,2026-08-19T21:32:52.200900+09:00
Harvest Timeline,12100.0,6.0,success,False,2026-08-19T21:32:44.531306+09:00
Harvest Timer,12100.0,6.0,success,False,2026-08-28T00:27:23.571229+09:00
Harvest Toll,10.0,0.0,success,False,2026-08-21T02:44:59.003058+09:00
Harvest Toolbox,,,failed,False,2026-08-28T00:27:31.291174+09:00
Harvest Toolkit,,,failed,False,2026-08-18T22:11:47.554399+09:00
Harvest Total,,,failed,False,2026-08-27T23:16:30.238245+09:00
Harvest Tracker,720.0,18.0,success,False,2026-08-17T20:40:32.567080+09:00
Harvest Trail,1900.0,9.0,success,False,2026-08-17T21:32:36.544768+09:00
Harvest Trend,,,failed,False,2026-08-28T01:08:42.554310+09:00
Harvest Trial,70.0,1.0,success,False,2026-08-27T21:19:40.666664+09:00
Harvest Unit,10.0,0.0,success,False,2026-08-21T01:59:21.644967+09:00
Harvest Update,30.0,1.0,success,False,2026-08-19T20:48:09.734804+09:00
Harvest Value,3600.0,1.0,success,False,2026-08-23T02:58:14.811642+09:00
Harvest Vault,,,failed,False,2026-08-17T20:33:09.747000+09:00
Harvest Version,,,failed,False,2026-08-23T03:23:54.422715+09:00
Harvest View,1300.0,3.0,success,False,2026-08-19T20:47:36.057637+09:00
Harvest Watch,260.0,18.0,success,False,2026-08-17T21:35:14.152571+09:00
Harvest Wave,,,failed,False,2026-08-17T20:48:34.410191+09:00
Harvest Widget,10.0,31.0,success,False,2026-08-27T23:16:34.240680+09:00
Harvest Workbench,10.0,6.0,success,False,2026-08-18T22:11:39.333366+09:00
Harvest Worksheet,110.0,0.0,success,False,2026-08-27T22:15:17.446247+09:00
Harvest Zone,50.0,1.0,success,False,2026-08-17T20:32:36.001496+09:00
Haul Advance,,,failed,False,2026-08-23T16:11:44.096297+09:00
Haul Advisory,,,failed,False,2026-08-21T01:08:57.015500+09:00
Haul Allowance,,,failed,False,2026-08-21T02:39:07.071635+09:00
Haul Analyzer,,,failed,False,2026-08-27T23:57:16.212473+09:00
Haul Arrears,,,failed,False,2026-08-23T16:11:40.333627+09:00
Haul Assistant,,,failed,False,2026-08-19T00:37:06.709542+09:00
Haul Atlas,,,failed,False,2026-08-19T00:37:00.689265+09:00
Haul Attribute,,,failed,False,2026-08-23T13:08:09.181921+09:00
Haul Badge,,,failed,False,2026-08-21T00:34:09.449100+09:00
Haul Balance,,,failed,False,2026-08-23T13:48:19.972957+09:00
Haul Base,,,failed,False,2026-08-19T00:38:36.857956+09:00
Haul Beacon,,,failed,False,2026-08-19T00:38:05.344215+09:00
Haul Bill,,,failed,False,2026-08-19T21:50:35.139639+09:00
Haul Board,20.0,29.0,success,False,2026-08-19T00:38:43.028128+09:00
Haul Book,40.0,1.0,success,False,2026-08-19T21:51:28.846204+09:00
Haul Bridge,,,failed,False,2026-08-19T00:38:13.320545+09:00
Haul Brief,,,failed,False,2026-08-21T01:08:47.143646+09:00
Haul Bulletin,,,failed,False,2026-08-21T01:08:42.694211+09:00
Haul Calculator,20.0,7.0,success,False,2026-08-27T23:35:07.655977+09:00
Haul Calendar,,,failed,False,2026-08-19T00:37:25.342982+09:00
Haul Card,,,failed,False,2026-08-19T13:33:05.427843+09:00
Haul Cascade,,,failed,False,2026-08-19T00:38:10.697868+09:00
Haul Cash,,,failed,False,2026-08-21T02:22:07.753021+09:00
Haul Cashback,,,failed,False,2026-08-27T21:14:54.146372+09:00
Haul Catalog,,,failed,False,2026-08-19T21:05:14.341737+09:00
Haul Category,,,failed,False,2026-08-23T13:08:07.144549+09:00
Haul Center,20.0,26.0,success,False,2026-08-19T00:38:54.065235+09:00
Haul Chain,170.0,100.0,success,False,2026-08-19T00:36:48.669353+09:00
Haul Charge,,,failed,False,2026-08-21T02:38:59.400124+09:00
Haul Check,40.0,0.0,success,False,2026-08-19T13:33:39.488989+09:00
Haul Checker,,,failed,False,2026-08-27T23:57:10.397260+09:00
Haul Checklist,,,failed,False,2026-08-19T21:04:11.577084+09:00
Haul Circular,,,failed,False,2026-08-21T01:08:51.801540+09:00
Haul Code,20.0,0.0,success,False,2026-08-19T21:50:57.841127+09:00
Haul Companion,,,failed,False,2026-08-19T00:37:15.495159+09:00
Haul Comparison,,,failed,False,2026-08-28T01:08:17.879931+09:00
Haul Compass,,,failed,False,2026-08-19T00:38:02.838044+09:00
Haul Confirmation,,,failed,False,2026-08-21T01:09:06.679370+09:00
Haul Console,,,failed,False,2026-08-19T00:39:01.577403+09:00
Haul Core,10.0,7.0,success,False,2026-08-19T00:38:38.551550+09:00
Haul Cost,110.0,7.0,success,False,2026-08-21T02:14:55.250493+09:00
Haul Count,,,failed,False,2026-08-27T22:48:06.633980+09:00
Haul Counter,,,failed,False,2026-08-19T00:37:32.560227+09:00
Haul Coupon,10.0,3.0,success,False,2026-08-27T21:14:49.306471+09:00
Haul Deal,,,failed,False,2026-08-21T01:58:38.358988+09:00
Haul Debt,,,failed,False,2026-08-21T02:21:55.234205+09:00
Haul Deck,,,failed,False,2026-08-19T00:38:45.524694+09:00
Haul Desk,10.0,,success,False,2026-08-19T00:37:53.742610+09:00
Haul Detail,,,failed,False,2026-08-23T03:20:00.686198+09:00
Haul Digest,,,failed,False,2026-08-19T20:37:49.991412+09:00
Haul Directory,,,failed,False,2026-08-19T00:37:25.342982+09:00
Haul Discount,170.0,1.0,success,False,2026-08-23T16:11:37.487376+09:00
Haul Dossier,,,failed,False,2026-08-21T01:09:12.434019+09:00
Haul Draft,,,failed,False,2026-08-19T20:38:03.591827+09:00
Haul Due,,,failed,False,2026-08-23T15:53:10.362751+09:00
Haul Duty,,,failed,False,2026-08-21T02:39:01.824838+09:00
Haul Engine,,,failed,False,2026-08-19T00:37:06.709542+09:00
Haul Entry,,,failed,False,2026-08-21T01:09:25.502385+09:00
Haul Estimate,,,failed,False,2026-08-19T21:05:03.787854+09:00
Haul Estimator,,,failed,False,2026-08-27T23:57:10.397260+09:00
Haul Excerpt,,,failed,False,2026-08-21T01:09:20.076507+09:00
Haul Extension,,,failed,False,2026-08-23T16:37:40.797403+09:00
Haul Fare,,,failed,False,2026-08-21T02:15:06.129671+09:00
Haul Fee,,,failed,False,2026-08-21T01:58:19.228464+09:00
Haul Feed,,,failed,False,2026-08-19T20:37:57.270685+09:00
Haul Field,,,failed,False,2026-08-23T13:08:12.908274+09:00
Haul File,,,failed,False,2026-08-19T20:49:39.996845+09:00
Haul Finder,10.0,14.0,success,False,2026-08-19T00:37:28.610789+09:00
Haul Fine,,,failed,False,2026-08-23T02:54:48.016404+09:00
Haul Flag,,,failed,False,2026-08-21T00:34:42.810397+09:00
Haul Flow,,,failed,False,2026-08-19T00:37:50.207260+09:00
Haul Forge,,,failed,False,2026-08-19T00:38:08.562035+09:00
Haul Form,,,failed,False,2026-08-19T13:32:58.947587+09:00
Haul Format,,,failed,False,2026-08-23T13:08:15.174863+09:00
Haul Frame,,,failed,False,2026-08-19T00:38:34.534111+09:00
Haul Fund,,,failed,False,2026-08-21T02:21:59.749711+09:00
Haul Gate,10.0,0.0,success,False,2026-08-19T00:36:52.729176+09:00
Haul Giveaway,10.0,,success,False,2026-08-27T21:15:01.645543+09:00
Haul Grade,,,failed,False,2026-08-21T00:34:27.900194+09:00
Haul Grid,,,failed,False,2026-08-19T00:38:24.169663+09:00
Haul Guarantee,,,failed,False,2026-08-28T01:08:23.846955+09:00
Haul Helpdesk,,,failed,False,2026-08-27T22:48:13.756184+09:00
Haul Helper,20.0,54.0,success,False,2026-08-28T00:26:31.699789+09:00
Haul History,,,failed,False,2026-08-19T20:49:35.865635+09:00
Haul Hotline,,,failed,False,2026-08-19T21:05:28.660617+09:00
Haul Hub,390.0,3.0,success,False,2026-08-19T00:37:53.742610+09:00
Haul Identifier,,,failed,False,2026-08-23T13:08:05.055975+09:00
Haul Incentive,,,failed,False,2026-08-27T21:14:58.792070+09:00
Haul Index,,,failed,False,2026-08-19T21:04:24.508436+09:00
Haul Installment,,,failed,False,2026-08-23T16:11:37.487376+09:00
Haul Item,,,failed,False,2026-08-21T01:58:27.155216+09:00
Haul Journal,10.0,0.0,success,False,2026-08-19T00:37:21.857423+09:00
Haul Keeper,,,failed,False,2026-08-19T00:37:02.474717+09:00
Haul Kit,30.0,73.0,success,False,2026-08-27T22:48:03.762773+09:00
Haul Lab,30.0,100.0,success,False,2026-08-19T00:38:48.376369+09:00
Haul Label,,,failed,False,2026-08-27T22:09:16.229025+09:00
Haul Ledger,,,failed,False,2026-08-19T00:38:40.592975+09:00
Haul Level,,,failed,False,2026-08-19T20:37:25.311012+09:00
Haul Levy,,,failed,False,2026-08-23T13:48:23.745553+09:00
Haul Link,30.0,27.0,success,False,2026-08-23T03:19:53.710314+09:00
Haul List,,,failed,False,2026-08-19T21:51:07.578329+09:00
Haul Loan,,,failed,False,2026-08-21T02:15:15.095648+09:00
Haul Log,,,failed,False,2026-08-19T13:32:49.484496+09:00
Haul Loop,140.0,12.0,success,False,2026-08-19T00:38:22.287042+09:00
Haul Manager,,,failed,False,2026-08-19T00:37:04.451901+09:00
Haul Margin,,,failed,False,2026-08-23T02:54:45.895962+09:00
Haul Markup,,,failed,False,2026-08-23T16:37:37.262949+09:00
Haul Memo,,,failed,False,2026-08-21T00:34:32.979761+09:00
Haul Message,,,failed,False,2026-08-27T23:13:41.688189+09:00
Haul Monitor,20.0,0.0,success,False,2026-08-19T00:37:13.789014+09:00
Haul Nexus,,,failed,False,2026-08-19T00:36:57.137576+09:00
Haul Note,,,failed,False,2026-08-19T13:33:51.668880+09:00
Haul Notification,,,failed,False,2026-08-27T22:48:03.762773+09:00
Haul Number,20.0,13.0,success,False,2026-08-23T03:19:44.954715+09:00
Haul Office,10.0,0.0,success,False,2026-08-19T00:37:30.886042+09:00
Haul Ops,,,failed,False,2026-08-19T00:37:20.289190+09:00
Haul Order,,,failed,False,2026-08-19T21:50:23.410812+09:00
Haul Overdraft,,,failed,False,2026-08-23T15:53:10.362751+09:00
Haul Pass,170.0,0.0,success,False,2026-08-21T00:33:58.463562+09:00
Haul Path,,,failed,False,2026-08-19T00:38:30.061657+09:00
Haul Penalty,,,failed,False,2026-08-23T16:37:37.262949+09:00
Haul Petition,,,failed,False,2026-08-21T01:09:01.082637+09:00
Haul Plan,,,failed,False,2026-08-21T01:58:35.810953+09:00
Haul Planner,10.0,0.0,success,False,2026-08-19T00:37:08.393662+09:00
Haul Playbook,,,failed,False,2026-08-19T00:37:21.857423+09:00
Haul Point,,,failed,False,2026-08-19T00:38:32.004718+09:00
Haul Portal,,,failed,False,2026-08-19T00:39:00.049194+09:00
Haul Profile,,,failed,False,2026-08-19T13:34:06.788909+09:00
Haul Profit,,,failed,False,2026-08-23T02:54:41.831535+09:00
Haul Proposal,,,failed,False,2026-08-28T01:08:20.327245+09:00
Haul Queue,,,failed,False,2026-08-19T21:04:51.175636+09:00
Haul Quota,,,failed,False,2026-08-21T00:34:38.752919+09:00
Haul Radar,,,failed,False,2026-08-19T00:37:55.750406+09:00
Haul Rail,,,failed,False,2026-08-19T00:36:42.974778+09:00
Haul Rate,50.0,11.0,success,False,2026-08-19T20:37:34.944185+09:00
Haul Recap,,,failed,False,2026-08-21T01:09:17.934023+09:00
Haul Receipt,,,failed,False,2026-08-19T21:50:46.269760+09:00
Haul Recorder,,,failed,False,2026-08-27T23:35:13.146180+09:00
Haul Register,,,failed,False,2026-08-19T00:37:17.107740+09:00
Haul Relay,,,failed,False,2026-08-19T00:37:59.032888+09:00
Haul Reminder,,,failed,False,2026-08-19T21:03:59.838072+09:00
Haul Report,,,failed,False,2026-08-19T13:32:42.417252+09:00
Haul Repository,,,failed,False,2026-08-27T23:13:53.622178+09:00
Haul Result,,,failed,False,2026-08-28T00:48:23.790188+09:00
Haul Ring,,,failed,False,2026-08-19T00:36:50.417664+09:00
Haul Roster,,,failed,False,2026-08-19T00:37:46.702224+09:00
Haul Route,210.0,1.0,success,False,2026-08-19T00:36:40.628841+09:00
Haul Rule,,,failed,False,2026-08-23T03:19:56.707699+09:00
Haul Sale,110.0,15.0,success,False,2026-08-21T02:22:10.235863+09:00
Haul Sample,,,failed,False,2026-08-19T21:51:54.755817+09:00
Haul Scale,,,failed,False,2026-08-19T00:36:38.202359+09:00
Haul Scope,,,failed,False,2026-08-19T00:38:18.682483+09:00
Haul Score,,,failed,False,2026-08-19T13:33:46.951331+09:00
Haul Sheet,,,failed,False,2026-08-19T13:33:22.206561+09:00
Haul Signal,,,failed,False,2026-08-19T00:38:15.765840+09:00
Haul Signature,,,failed,False,2026-08-23T13:27:59.739210+09:00
Haul Slip,10.0,0.0,success,False,2026-08-19T21:51:42.287097+09:00
Haul Slot,,,failed,False,2026-08-19T21:52:04.287712+09:00
Haul Stage,,,failed,False,2026-08-28T00:48:21.370495+09:00
Haul Stake,,,failed,False,2026-08-23T02:54:43.780312+09:00
Haul Statement,,,failed,False,2026-08-21T00:34:18.922168+09:00
Haul Station,,,failed,False,2026-08-19T00:38:50.428870+09:00
Haul Status,,,failed,False,2026-08-19T20:49:23.220357+09:00
Haul Stub,,,failed,False,2026-08-21T00:34:14.211470+09:00
Haul Studio,,,failed,False,2026-08-19T00:38:48.376369+09:00
Haul Subsidy,,,failed,False,2026-08-23T15:53:12.516993+09:00
Haul Sum,,,failed,False,2026-08-21T02:21:48.463008+09:00
Haul Summary,,,failed,False,2026-08-19T21:03:30.036000+09:00
Haul Surtax,,,failed,False,2026-08-23T15:53:12.516993+09:00
Haul Tab,,,failed,False,2026-08-21T00:34:47.254019+09:00
Haul Table,,,failed,False,2026-08-19T21:51:20.233471+09:00
Haul Tag,,,failed,False,2026-08-19T13:33:57.418081+09:00
Haul Tally,,,failed,False,2026-08-21T00:34:23.360801+09:00
Haul Tariff,,,failed,False,2026-08-21T02:39:12.661070+09:00
Haul Tax,,,failed,False,2026-08-21T02:15:10.297403+09:00
Haul Terminal,,,failed,False,2026-08-19T00:38:52.130938+09:00
Haul Ticket,10.0,0.0,success,False,2026-08-19T21:04:38.364310+09:00
Haul Tier,,,failed,False,2026-08-28T00:48:23.790188+09:00
Haul Timeline,,,failed,False,2026-08-19T21:03:47.017770+09:00
Haul Toll,,,failed,False,2026-08-21T02:39:04.967500+09:00
Haul Toolbox,,,failed,False,2026-08-28T00:26:29.201404+09:00
Haul Total,,,failed,False,2026-08-27T23:13:44.050852+09:00
Haul Tracker,170.0,3.0,success,False,2026-08-19T00:37:50.207260+09:00
Haul Trail,50.0,4.0,success,False,2026-08-19T00:36:46.213084+09:00
Haul Trend,30.0,0.0,success,False,2026-08-28T01:08:17.879931+09:00
Haul Trial,,,failed,False,2026-08-27T21:14:56.322045+09:00
Haul Unit,70.0,2.0,success,False,2026-08-21T01:58:31.192900+09:00
Haul Update,,,failed,False,2026-08-19T20:37:42.979136+09:00
Haul Value,,,failed,False,2026-08-23T02:54:41.831535+09:00
Haul Vault,90.0,0.0,success,False,2026-08-19T00:38:01.073734+09:00
Haul Version,,,failed,False,2026-08-23T03:19:49.312069+09:00
Haul View,,,failed,False,2026-08-19T20:49:28.954845+09:00
Haul Voucher,,,failed,False,2026-08-21T00:34:04.071728+09:00
Haul Wave,,,failed,False,2026-08-19T00:38:27.005898+09:00
Haul Widget,,,failed,False,2026-08-27T23:13:50.940196+09:00
Haul Worksheet,,,failed,False,2026-08-27T22:09:16.229025+09:00
Haul Zone,,,failed,False,2026-08-19T00:38:56.335177+09:00
Haulage Advance,,,failed,False,2026-08-23T16:15:27.627511+09:00
Haulage Advisory,,,failed,False,2026-08-21T01:07:26.518810+09:00
Haulage Allowance,,,failed,False,2026-08-21T02:38:09.773029+09:00
Haulage Almanac,,,failed,False,2026-08-18T22:06:47.457116+09:00
Haulage Analyzer,,,failed,False,2026-08-27T23:50:40.068524+09:00
Haulage Anchor,,,failed,False,2026-08-17T23:06:59.361333+09:00
Haulage Arrears,,,failed,False,2026-08-23T16:15:25.443589+09:00
Haulage Asset,,,failed,False,2026-08-23T13:47:13.508679+09:00
Haulage Assistant,,,failed,False,2026-08-17T23:07:41.199314+09:00
Haulage Atlas,,,failed,False,2026-08-17T23:11:21.548397+09:00
Haulage Attribute,,,failed,False,2026-08-23T13:06:51.579478+09:00
Haulage Badge,,,failed,False,2026-08-21T00:33:08.035106+09:00
Haulage Balance,,,failed,False,2026-08-23T13:47:11.410642+09:00
Haulage Base,,,failed,False,2026-08-17T23:06:37.704524+09:00
Haulage Beacon,,,failed,False,2026-08-17T23:05:09.501218+09:00
Haulage Bill,,,failed,False,2026-08-19T21:52:48.982891+09:00
Haulage Blueprint,,,failed,False,2026-08-18T22:06:39.446315+09:00
Haulage Board,,,failed,False,2026-08-17T23:27:17.370245+09:00
Haulage Book,,,failed,False,2026-08-19T21:53:52.421179+09:00
Haulage Bridge,,,failed,False,2026-08-17T23:24:32.888927+09:00
Haulage Brief,,,failed,False,2026-08-21T01:07:17.420617+09:00
Haulage Bulletin,,,failed,False,2026-08-21T01:07:11.720033+09:00
Haulage Calculator,20.0,39.0,success,False,2026-08-27T23:36:57.640483+09:00
Haulage Calendar,,,failed,False,2026-08-19T00:03:41.244683+09:00
Haulage Card,,,failed,False,2026-08-19T13:31:59.823844+09:00
Haulage Cascade,,,failed,False,2026-08-17T23:12:18.901964+09:00
Haulage Cash,,,failed,False,2026-08-21T02:21:23.135425+09:00
Haulage Catalog,,,failed,False,2026-08-19T21:07:34.937888+09:00
Haulage Category,,,failed,False,2026-08-23T13:06:49.264367+09:00
Haulage Center,,,failed,False,2026-08-17T23:27:58.060156+09:00
Haulage Chain,,,failed,False,2026-08-17T23:29:41.239949+09:00
Haulage Charge,390.0,2.0,success,False,2026-08-21T02:37:55.962761+09:00
Haulage Check,,,failed,False,2026-08-19T13:32:13.743565+09:00
Haulage Checker,,,failed,False,2026-08-27T23:59:30.142774+09:00
Haulage Checklist,,,failed,False,2026-08-19T21:06:41.039569+09:00
Haulage Circular,,,failed,False,2026-08-21T01:07:21.862187+09:00
Haulage Cockpit,,,failed,False,2026-08-17T23:32:15.494443+09:00
Haulage Code,,,failed,False,2026-08-19T21:53:16.228732+09:00
Haulage Codex,,,failed,False,2026-08-18T22:07:03.148226+09:00
Haulage Companion,,,failed,False,2026-08-17T23:05:32.537259+09:00
Haulage Comparison,10.0,86.0,success,False,2026-08-28T01:02:07.599938+09:00
Haulage Compass,,,failed,False,2026-08-17T23:23:55.589084+09:00
Haulage Compendium,,,failed,False,2026-08-18T22:06:56.515623+09:00
Haulage Confirmation,,,failed,False,2026-08-21T01:07:33.646226+09:00
Haulage Console,,,failed,False,2026-08-17T23:11:40.322748+09:00
Haulage Core,,,failed,False,2026-08-17T23:27:00.420532+09:00
Haulage Cost,110.0,11.0,success,False,2026-08-21T02:14:55.250493+09:00
Haulage Count,,,failed,False,2026-08-27T22:50:47.949618+09:00
Haulage Counter,,,failed,False,2026-08-19T00:04:30.591993+09:00
Haulage Dashboard,,,failed,False,2026-08-17T23:11:03.494377+09:00
Haulage Deal,,,failed,False,2026-08-21T01:59:08.747160+09:00
Haulage Debt,,,failed,False,2026-08-21T02:21:14.623269+09:00
Haulage Deck,,,failed,False,2026-08-17T23:08:23.954708+09:00
Haulage Depot,50.0,1.0,success,False,2026-08-19T00:04:14.172620+09:00
Haulage Desk,,,failed,False,2026-08-17T23:33:38.106132+09:00
Haulage Detail,,,failed,False,2026-08-23T03:17:56.844473+09:00
Haulage Detector,,,failed,False,2026-08-27T23:59:32.969820+09:00
Haulage Diagram,10.0,0.0,success,False,2026-08-27T22:13:48.271988+09:00
Haulage Dial,,,failed,False,2026-08-17T23:06:14.261884+09:00
Haulage Digest,,,failed,False,2026-08-19T20:48:37.662202+09:00
Haulage Directory,10.0,35.0,success,False,2026-08-19T00:03:46.728628+09:00
Haulage Discount,,,failed,False,2026-08-23T16:15:20.225326+09:00
Haulage Dock,,,failed,False,2026-08-17T23:08:02.086738+09:00
Haulage Dossier,,,failed,False,2026-08-21T01:07:39.342209+09:00
Haulage Downpayment,,,failed,False,2026-08-27T21:49:20.358831+09:00
Haulage Draft,,,failed,False,2026-08-19T20:48:48.411735+09:00
Haulage Due,,,failed,False,2026-08-23T15:52:10.396341+09:00
Haulage Duty,,,failed,False,2026-08-21T02:38:04.709344+09:00
Haulage Engine,,,failed,False,2026-08-17T23:31:05.763784+09:00
Haulage Entry,,,failed,False,2026-08-21T01:07:49.697646+09:00
Haulage Estimate,,,failed,False,2026-08-19T21:07:25.102552+09:00
Haulage Estimator,,,failed,False,2026-08-27T23:59:26.259431+09:00
Haulage Excerpt,,,failed,False,2026-08-21T01:07:45.419245+09:00
Haulage Extension,,,failed,False,2026-08-23T16:39:35.759045+09:00
Haulage Fare,,,failed,False,2026-08-21T02:15:10.297403+09:00
Haulage Fee,110.0,2.0,success,False,2026-08-21T01:58:55.002196+09:00
Haulage Feed,,,failed,False,2026-08-19T20:48:43.191337+09:00
Haulage Field,,,failed,False,2026-08-23T13:06:56.024749+09:00
Haulage File,,,failed,False,2026-08-19T20:48:12.973996+09:00
Haulage Finder,,,failed,False,2026-08-19T00:04:03.544716+09:00
Haulage Fine,,,failed,False,2026-08-23T02:53:52.134740+09:00
Haulage Flag,,,failed,False,2026-08-21T00:33:50.963808+09:00
Haulage Flow,,,failed,False,2026-08-17T23:14:19.543456+09:00
Haulage Forge,,,failed,False,2026-08-17T23:24:12.955458+09:00
Haulage Form,,,failed,False,2026-08-19T13:31:47.223941+09:00
Haulage Frame,,,failed,False,2026-08-17T23:26:46.063928+09:00
Haulage Fund,,,failed,False,2026-08-21T02:21:16.859864+09:00
Haulage Gate,,,failed,False,2026-08-17T23:04:07.422993+09:00
Haulage Grade,,,failed,False,2026-08-21T00:33:32.477901+09:00
Haulage Graph,,,failed,False,2026-08-27T22:13:36.218618+09:00
Haulage Grid,,,failed,False,2026-08-17T23:25:50.019139+09:00
Haulage Guarantee,,,failed,False,2026-08-28T01:02:13.095205+09:00
Haulage Guard,,,failed,False,2026-08-17T23:32:55.929904+09:00
Haulage Guardian,,,failed,False,2026-08-28T00:21:02.971988+09:00
Haulage Guidebook,,,failed,False,2026-08-18T22:06:18.385841+09:00
Haulage Helpdesk,,,failed,False,2026-08-27T22:50:55.041515+09:00
Haulage Helper,,,failed,False,2026-08-28T00:21:06.843571+09:00
Haulage History,,,failed,False,2026-08-19T20:48:06.706582+09:00
Haulage Hotline,,,failed,False,2026-08-19T21:07:45.336017+09:00
Haulage Hub,2400.0,4.0,success,False,2026-08-17T23:33:20.357749+09:00
Haulage Identifier,,,failed,False,2026-08-23T13:06:47.092391+09:00
Haulage Index,10.0,14.0,success,False,2026-08-19T21:06:51.339410+09:00
Haulage Insight,,,failed,False,2026-08-17T23:31:54.862824+09:00
Haulage Installment,,,failed,False,2026-08-23T16:15:22.615283+09:00
Haulage Item,,,failed,False,2026-08-21T01:58:57.371926+09:00
Haulage Journal,,,failed,False,2026-08-18T22:06:01.196080+09:00
Haulage Keeper,,,failed,False,2026-08-17T23:05:57.160852+09:00
Haulage Lab,,,failed,False,2026-08-17T23:15:12.775041+09:00
Haulage Layout,,,failed,False,2026-08-27T22:29:26.032496+09:00
Haulage Ledger,,,failed,False,2026-08-17T23:13:36.575210+09:00
Haulage Lens,,,failed,False,2026-08-17T23:11:59.928630+09:00
Haulage Level,,,failed,False,2026-08-19T20:48:23.205403+09:00
Haulage Levy,,,failed,False,2026-08-23T13:47:13.508679+09:00
Haulage Link,,,failed,False,2026-08-23T03:17:46.671515+09:00
Haulage List,,,failed,False,2026-08-19T21:53:27.023606+09:00
Haulage Loan,10.0,,success,False,2026-08-21T02:15:19.980644+09:00
Haulage Locator,,,failed,False,2026-08-19T00:03:57.643433+09:00
Haulage Lock,,,failed,False,2026-08-17T23:04:46.904606+09:00
Haulage Log,,,failed,False,2026-08-19T13:31:41.202916+09:00
Haulage Loop,,,failed,False,2026-08-17T23:08:44.294677+09:00
Haulage Manager,20.0,8.0,success,False,2026-08-17T23:30:43.619577+09:00
Haulage Manual,,,failed,False,2026-08-27T22:13:39.158515+09:00
Haulage Map,,,failed,False,2026-08-17T23:26:31.743192+09:00
Haulage Margin,,,failed,False,2026-08-23T02:53:47.851129+09:00
Haulage Marker,,,failed,False,2026-08-23T13:27:46.545552+09:00
Haulage Markup,,,failed,False,2026-08-23T16:39:33.315090+09:00
Haulage Memo,,,failed,False,2026-08-21T00:33:37.107629+09:00
Haulage Message,,,failed,False,2026-08-27T23:16:11.688627+09:00
Haulage Meter,,,failed,False,2026-08-17T23:28:48.980231+09:00
Haulage Metrics,,,failed,False,2026-08-17T23:03:48.755656+09:00
Haulage Monitor,,,failed,False,2026-08-17T23:09:26.162855+09:00
Haulage Navigator,,,failed,False,2026-08-17T23:32:31.687734+09:00
Haulage Nexus,,,failed,False,2026-08-17T23:30:14.406427+09:00
Haulage Node,,,failed,False,2026-08-17T23:29:58.873666+09:00
Haulage Note,,,failed,False,2026-08-19T13:32:31.593655+09:00
Haulage Notification,,,failed,False,2026-08-27T22:50:43.878395+09:00
Haulage Number,,,failed,False,2026-08-23T03:17:39.480043+09:00
Haulage Office,,,failed,False,2026-08-19T00:04:20.197700+09:00
Haulage Ops,,,failed,False,2026-08-17T23:12:38.430162+09:00
Haulage Order,,,failed,False,2026-08-19T21:52:35.745180+09:00
Haulage Organizer,,,failed,False,2026-08-17T23:31:38.790135+09:00
Haulage Overage,,,failed,False,2026-08-27T21:49:18.001663+09:00
Haulage Overdraft,,,failed,False,2026-08-23T15:52:10.396341+09:00
Haulage Overdue,,,failed,False,2026-08-27T21:49:13.443578+09:00
Haulage Panel,,,failed,False,2026-08-17T23:28:30.057187+09:00
Haulage Path,,,failed,False,2026-08-17T23:10:24.973922+09:00
Haulage Payoff,,,failed,False,2026-08-27T21:49:15.770523+09:00
Haulage Penalty,,,failed,False,2026-08-23T16:39:30.994856+09:00
Haulage Petition,,,failed,False,2026-08-21T01:07:29.159320+09:00
Haulage Pilot,,,failed,False,2026-08-17T23:09:02.276027+09:00
Haulage Plan,40.0,4.0,success,False,2026-08-21T01:59:06.761411+09:00
Haulage Planner,40.0,4.0,success,False,2026-08-17T23:31:21.435106+09:00
Haulage Playbook,,,failed,False,2026-08-18T22:05:52.087342+09:00
Haulage Point,,,failed,False,2026-08-17T23:26:18.163850+09:00
Haulage Portal,,,failed,False,2026-08-17T23:28:11.546877+09:00
Haulage Preview,,,failed,False,2026-08-28T01:02:10.416954+09:00
Haulage Profile,,,failed,False,2026-08-19T13:32:47.690424+09:00
Haulage Profit,,,failed,False,2026-08-23T02:53:39.940635+09:00
Haulage Proposal,10.0,7.0,success,False,2026-08-28T01:02:10.416954+09:00
Haulage Pulse,,,failed,False,2026-08-17T23:15:30.972429+09:00
Haulage Queue,,,failed,False,2026-08-19T21:07:13.159437+09:00
Haulage Quota,,,failed,False,2026-08-21T00:33:46.093002+09:00
Haulage Radar,,,failed,False,2026-08-17T22:50:34.703098+09:00
Haulage Rail,,,failed,False,2026-08-17T23:29:25.330773+09:00
Haulage Rate,50.0,6.0,success,False,2026-08-19T20:48:28.899410+09:00
Haulage Recap,,,failed,False,2026-08-21T01:07:43.373010+09:00
Haulage Receipt,,,failed,False,2026-08-19T21:53:00.908408+09:00
Haulage Recorder,,,failed,False,2026-08-27T23:37:06.230002+09:00
Haulage Register,,,failed,False,2026-08-17T23:32:45.524936+09:00
Haulage Registry,,,failed,False,2026-08-18T22:06:27.903433+09:00
Haulage Relay,,,failed,False,2026-08-17T23:23:36.709980+09:00
Haulage Reminder,,,failed,False,2026-08-19T21:06:33.819352+09:00
Haulage Report,,,failed,False,2026-08-19T13:31:17.650623+09:00
Haulage Result,,,failed,False,2026-08-28T00:45:46.736783+09:00
Haulage Roadmap,,,failed,False,2026-08-18T22:07:12.146632+09:00
Haulage Roster,,,failed,False,2026-08-19T00:37:59.032888+09:00
Haulage Route,20.0,1.0,success,False,2026-08-17T23:29:07.663083+09:00
Haulage Rule,,,failed,False,2026-08-23T03:17:54.192615+09:00
Haulage Sale,,,failed,False,2026-08-21T02:21:27.143708+09:00
Haulage Sample,,,failed,False,2026-08-19T21:54:13.234763+09:00
Haulage Scale,,,failed,False,2026-08-17T23:13:17.884356+09:00
Haulage Scanner,,,failed,False,2026-08-27T23:59:32.969820+09:00
Haulage Scheduler,,,failed,False,2026-08-17T23:14:36.904616+09:00
Haulage Scope,,,failed,False,2026-08-17T23:25:26.285868+09:00
Haulage Score,,,failed,False,2026-08-19T13:32:23.096151+09:00
Haulage Sentry,,,failed,False,2026-08-17T23:30:28.172183+09:00
Haulage Serial,,,failed,False,2026-08-23T13:27:40.734961+09:00
Haulage Sheet,,,failed,False,2026-08-19T13:32:04.589089+09:00
Haulage Shortfall,,,failed,False,2026-08-27T21:49:24.879038+09:00
Haulage Signal,,,failed,False,2026-08-17T23:24:54.415182+09:00
Haulage Slip,,,failed,False,2026-08-19T21:54:03.410939+09:00
Haulage Slot,,,failed,False,2026-08-19T21:54:22.632140+09:00
Haulage Snapshot,,,failed,False,2026-08-18T22:06:09.670880+09:00
Haulage Stage,,,failed,False,2026-08-28T00:45:46.736783+09:00
Haulage Stake,,,failed,False,2026-08-23T02:53:45.297778+09:00
Haulage Statement,,,failed,False,2026-08-21T00:33:17.387160+09:00
Haulage Station,,,failed,False,2026-08-17T23:27:47.140187+09:00
Haulage Status,,,failed,False,2026-08-19T20:47:55.040652+09:00
Haulage Stub,,,failed,False,2026-08-21T00:33:12.400590+09:00
Haulage Studio,,,failed,False,2026-08-17T23:27:32.625137+09:00
Haulage Subsidy,,,failed,False,2026-08-23T15:52:13.445418+09:00
Haulage Suite,,,failed,False,2026-08-17T23:12:59.903146+09:00
Haulage Sum,,,failed,False,2026-08-21T02:21:11.057858+09:00
Haulage Summary,,,failed,False,2026-08-19T21:06:11.173737+09:00
Haulage Surtax,,,failed,False,2026-08-23T15:52:15.458518+09:00
Haulage Sync,,,failed,False,2026-08-17T23:33:09.699963+09:00
Haulage Tab,,,failed,False,2026-08-21T00:33:55.661658+09:00
Haulage Table,,,failed,False,2026-08-19T21:53:40.177257+09:00
Haulage Tag,,,failed,False,2026-08-19T13:32:42.417252+09:00
Haulage Tally,,,failed,False,2026-08-21T00:33:25.139045+09:00
Haulage Tariff,40.0,1.0,success,False,2026-08-21T02:38:13.377279+09:00
Haulage Tax,,,failed,False,2026-08-21T02:15:15.095648+09:00
Haulage Ticket,,,failed,False,2026-08-19T21:07:02.698289+09:00
Haulage Timeline,,,failed,False,2026-08-19T21:06:23.756396+09:00
Haulage Timer,,,failed,False,2026-08-28T00:20:59.096636+09:00
Haulage Toll,,,failed,False,2026-08-21T02:38:06.910707+09:00
Haulage Toolbox,,,failed,False,2026-08-28T00:21:06.843571+09:00
Haulage Toolkit,,,failed,False,2026-08-18T22:05:44.090365+09:00
Haulage Total,,,failed,False,2026-08-27T23:16:13.930951+09:00
Haulage Tracker,,,failed,False,2026-08-17T23:07:23.914294+09:00
Haulage Trail,,,failed,False,2026-08-17T23:14:53.160605+09:00
Haulage Trend,,,failed,False,2026-08-28T01:02:07.599938+09:00
Haulage Trial,,,failed,False,2026-08-27T21:18:05.577940+09:00
Haulage Unit,90.0,0.0,success,False,2026-08-21T01:59:00.317369+09:00
Haulage Update,,,failed,False,2026-08-19T20:48:35.358478+09:00
Haulage Value,,,failed,False,2026-08-23T02:53:42.896171+09:00
Haulage Vault,,,failed,False,2026-08-17T23:10:43.579186+09:00
Haulage Version,,,failed,False,2026-08-23T03:17:44.508741+09:00
Haulage View,,,failed,False,2026-08-19T20:47:58.897100+09:00
Haulage Watch,,,failed,False,2026-08-17T23:13:59.220189+09:00
Haulage Wave,,,failed,False,2026-08-17T23:26:04.596222+09:00
Haulage Widget,,,failed,False,2026-08-27T23:16:13.930951+09:00
Haulage Workbench,,,failed,False,2026-08-18T22:05:35.647018+09:00
Haulage Worksheet,,,failed,False,2026-08-27T22:13:43.125947+09:00
Haulage Workshop,,,failed,False,2026-08-28T00:21:02.971988+09:00
Haulage Zone,,,failed,False,2026-08-17T23:04:23.573644+09:00
Headcount Advance,,,failed,False,2026-08-23T16:11:34.314985+09:00
Headcount Advisory,,,failed,False,2026-08-21T01:23:12.871826+09:00
Headcount Alert,320.0,1.0,success,False,2026-08-21T01:18:37.282523+09:00
Headcount Allowance,,,failed,False,2026-08-21T02:38:51.441238+09:00
Headcount Analyzer,,,failed,False,2026-08-27T23:57:04.136942+09:00
Headcount Announcement,,,failed,False,2026-08-27T23:34:59.997959+09:00
Headcount Arrears,,,failed,False,2026-08-23T16:11:31.628533+09:00
Headcount Asset,,,failed,False,2026-08-23T13:48:15.214978+09:00
Headcount Assistant,,,failed,False,2026-08-21T01:16:08.180396+09:00
Headcount Atlas,,,failed,False,2026-08-21T01:15:46.981049+09:00
Headcount Attribute,,,failed,False,2026-08-23T13:07:55.793530+09:00
Headcount Badge,,,failed,False,2026-08-21T01:22:29.239348+09:00
Headcount Balance,,,failed,False,2026-08-23T13:48:13.167118+09:00
Headcount Base,,,failed,False,2026-08-21T01:25:39.259226+09:00
Headcount Bay,,,failed,False,2026-08-21T01:17:52.131047+09:00
Headcount Beacon,,,failed,False,2026-08-21T01:24:58.248386+09:00
Headcount Bill,,,failed,False,2026-08-21T01:21:39.012967+09:00
Headcount Bin,,,failed,False,2026-08-21T01:18:50.592866+09:00
Headcount Board,50.0,0.0,success,False,2026-08-21T01:25:49.214024+09:00
Headcount Booth,,,failed,False,2026-08-21T01:17:38.451621+09:00
Headcount Bridge,20.0,2.0,success,False,2026-08-21T01:25:00.165555+09:00
Headcount Brief,,,failed,False,2026-08-21T01:23:01.482269+09:00
Headcount Bulletin,,,failed,False,2026-08-21T01:22:57.277421+09:00
Headcount Cabinet,,,failed,False,2026-08-27T23:13:34.759239+09:00
Headcount Calculator,90.0,9.0,success,False,2026-08-27T23:34:59.997959+09:00
Headcount Calendar,,,failed,False,2026-08-21T01:23:07.832051+09:00
Headcount Card,,,failed,False,2026-08-21T01:19:38.759789+09:00
Headcount Cascade,,,failed,False,2026-08-21T01:24:58.248386+09:00
Headcount Cash,,,failed,False,2026-08-21T02:21:38.988991+09:00
Headcount Category,,,failed,False,2026-08-23T13:07:53.746009+09:00
Headcount Center,,,failed,False,2026-08-21T01:26:12.180385+09:00
Headcount Chain,,,failed,False,2026-08-21T01:15:26.988997+09:00
Headcount Charge,,,failed,False,2026-08-21T02:38:43.386978+09:00
Headcount Chart,40.0,4.0,success,False,2026-08-21T01:18:42.442648+09:00
Headcount Check,,,failed,False,2026-08-21T01:19:49.395013+09:00
Headcount Checker,,,failed,False,2026-08-27T23:56:56.552521+09:00
Headcount Circular,,,failed,False,2026-08-21T01:23:09.410692+09:00
Headcount Code,,,failed,False,2026-08-21T01:21:46.110216+09:00
Headcount Companion,,,failed,False,2026-08-21T01:16:28.829039+09:00
Headcount Comparison,,,failed,False,2026-08-28T01:08:09.929341+09:00
Headcount Compass,,,failed,False,2026-08-21T01:24:04.926797+09:00
Headcount Confirmation,,,failed,False,2026-08-21T01:23:27.807599+09:00
Headcount Console,,,failed,False,2026-08-21T01:26:25.836028+09:00
Headcount Contribution,,,failed,False,2026-08-23T16:11:27.999005+09:00
Headcount Core,,,failed,False,2026-08-21T01:25:40.979194+09:00
Headcount Cost,40.0,2.0,success,False,2026-08-21T02:14:27.987170+09:00
Headcount Counter,20.0,100.0,success,False,2026-08-21T01:17:30.839165+09:00
Headcount Deal,,,failed,False,2026-08-21T01:58:12.628800+09:00
Headcount Debt,,,failed,False,2026-08-21T02:21:27.143708+09:00
Headcount Deck,,,failed,False,2026-08-21T01:25:53.521014+09:00
Headcount Desk,,,failed,False,2026-08-21T01:23:52.904904+09:00
Headcount Detail,,,failed,False,2026-08-23T03:19:37.789366+09:00
Headcount Detector,,,failed,False,2026-08-27T23:56:59.391700+09:00
Headcount Diagram,,,failed,False,2026-08-27T22:09:07.960139+09:00
Headcount Directory,,,failed,False,2026-08-21T01:17:06.015996+09:00
Headcount Discount,,,failed,False,2026-08-23T16:11:21.537507+09:00
Headcount Draft,,,failed,False,2026-08-21T01:20:57.396338+09:00
Headcount Duty,,,failed,False,2026-08-21T02:38:45.456500+09:00
Headcount Engine,,,failed,False,2026-08-21T01:16:03.338785+09:00
Headcount Entry,,,failed,False,2026-08-21T01:23:38.443967+09:00
Headcount Estimate,,,failed,False,2026-08-21T01:21:31.170741+09:00
Headcount Estimator,,,failed,False,2026-08-27T23:56:53.046222+09:00
Headcount Extension,,,failed,False,2026-08-23T16:37:34.255373+09:00
Headcount Fare,,,failed,False,2026-08-21T02:14:36.179977+09:00
Headcount Fee,,,failed,False,2026-08-21T01:57:54.921820+09:00
Headcount Feed,,,failed,False,2026-08-21T01:20:48.632862+09:00
Headcount File,,,failed,False,2026-08-21T01:20:30.866856+09:00
Headcount Flow,,,failed,False,2026-08-21T01:23:45.473669+09:00
Headcount Forge,,,failed,False,2026-08-21T01:24:58.248386+09:00
Headcount Form,20.0,6.0,success,False,2026-08-21T01:19:35.649490+09:00
Headcount Format,,,failed,False,2026-08-23T13:07:59.189669+09:00
Headcount Frame,,,failed,False,2026-08-21T01:25:11.979955+09:00
Headcount Fund,,,failed,False,2026-08-21T02:21:33.857873+09:00
Headcount Gate,,,failed,False,2026-08-21T01:15:36.930840+09:00
Headcount Graph,30.0,0.0,success,False,2026-08-27T22:08:49.995304+09:00
Headcount Grid,,,failed,False,2026-08-21T01:25:00.165555+09:00
Headcount Harbor,,,failed,False,2026-08-21T01:23:11.451788+09:00
Headcount Helper,,,failed,False,2026-08-28T00:26:22.903465+09:00
Headcount History,,,failed,False,2026-08-21T01:20:28.588615+09:00
Headcount Hub,,,failed,False,2026-08-21T01:35:17.900497+09:00
Headcount Identifier,,,failed,False,2026-08-23T13:07:51.086484+09:00
Headcount Inbox,,,failed,False,2026-08-21T01:18:33.036529+09:00
Headcount Index,110.0,0.0,success,False,2026-08-21T01:21:19.183876+09:00
Headcount Installment,,,failed,False,2026-08-23T16:11:24.096021+09:00
Headcount Interest,,,failed,False,2026-08-23T13:48:15.214978+09:00
Headcount Item,,,failed,False,2026-08-21T01:58:00.854013+09:00
Headcount Journal,,,failed,False,2026-08-21T01:16:50.383045+09:00
Headcount Keeper,,,failed,False,2026-08-21T01:15:52.922484+09:00
Headcount Lab,,,failed,False,2026-08-21T01:25:58.145790+09:00
Headcount Label,,,failed,False,2026-08-27T22:08:54.322972+09:00
Headcount Ledger,,,failed,False,2026-08-21T01:25:45.514354+09:00
Headcount Level,,,failed,False,2026-08-21T01:20:36.811619+09:00
Headcount Levy,,,failed,False,2026-08-23T13:48:17.793072+09:00
Headcount Line,,,failed,False,2026-08-21T01:19:09.689487+09:00
Headcount Link,,,failed,False,2026-08-23T03:19:30.157366+09:00
Headcount List,20.0,1.0,success,False,2026-08-21T01:21:51.595086+09:00
Headcount Loan,,,failed,False,2026-08-21T02:14:45.406179+09:00
Headcount Lobby,,,failed,False,2026-08-21T01:19:00.586921+09:00
Headcount Locator,,,failed,False,2026-08-21T01:17:10.053741+09:00
Headcount Locker,,,failed,False,2026-08-21T01:17:33.437690+09:00
Headcount Log,,,failed,False,2026-08-21T01:19:29.603335+09:00
Headcount Loop,,,failed,False,2026-08-21T01:25:00.165555+09:00
Headcount Manager,,,failed,False,2026-08-21T01:15:54.545452+09:00
Headcount Manual,,,failed,False,2026-08-27T22:09:01.274163+09:00
Headcount Map,,,failed,False,2026-08-21T01:25:00.165555+09:00
Headcount Margin,,,failed,False,2026-08-23T02:54:35.289098+09:00
Headcount Markup,,,failed,False,2026-08-23T16:37:28.808486+09:00
Headcount Memo,,,failed,False,2026-08-21T01:22:41.888615+09:00
Headcount Message,,,failed,False,2026-08-27T23:13:25.257331+09:00
Headcount Monitor,,,failed,False,2026-08-21T01:16:26.293455+09:00
Headcount Nexus,,,failed,False,2026-08-21T01:15:43.149064+09:00
Headcount Note,,,failed,False,2026-08-21T01:19:57.563871+09:00
Headcount Notification,,,failed,False,2026-08-27T22:47:53.351609+09:00
Headcount Number,10.0,0.0,success,False,2026-08-23T03:19:24.648506+09:00
Headcount Office,,,failed,False,2026-08-21T01:17:21.753159+09:00
Headcount Ops,,,failed,False,2026-08-21T01:16:42.417120+09:00
Headcount Order,,,failed,False,2026-08-21T01:21:34.003833+09:00
Headcount Outpost,,,failed,False,2026-08-21T01:23:11.451788+09:00
Headcount Overage,,,failed,False,2026-08-27T21:46:30.971214+09:00
Headcount Panel,,,failed,False,2026-08-21T01:26:29.214274+09:00
Headcount Pass,,,failed,False,2026-08-21T01:22:20.767459+09:00
Headcount Passport,,,failed,False,2026-08-21T01:18:54.031046+09:00
Headcount Path,,,failed,False,2026-08-21T01:25:05.827415+09:00
Headcount Penalty,,,failed,False,2026-08-23T16:37:28.808486+09:00
Headcount Petition,,,failed,False,2026-08-21T01:35:17.900497+09:00
Headcount Plan,50.0,20.0,success,False,2026-08-21T01:58:06.326002+09:00
Headcount Planner,50.0,20.0,success,False,2026-08-21T01:16:13.958396+09:00
Headcount Playbook,,,failed,False,2026-08-21T01:16:44.690020+09:00
Headcount Plaza,,,failed,False,2026-08-21T01:18:06.021081+09:00
Headcount Point,,,failed,False,2026-08-21T01:25:07.930638+09:00
Headcount Portal,50.0,0.0,success,False,2026-08-21T01:26:19.673494+09:00
Headcount Post,,,failed,False,2026-08-21T01:17:57.482592+09:00
Headcount Preview,,,failed,False,2026-08-28T01:08:09.929341+09:00
Headcount Profile,,,failed,False,2026-08-21T01:20:08.075194+09:00
Headcount Proposal,10.0,0.0,success,False,2026-08-28T01:08:15.051453+09:00
Headcount Quota,,,failed,False,2026-08-21T01:22:48.599352+09:00
Headcount Radar,,,failed,False,2026-08-21T01:23:50.887102+09:00
Headcount Rail,,,failed,False,2026-08-21T01:26:47.452980+09:00
Headcount Rate,,,failed,False,2026-08-21T01:20:39.645097+09:00
Headcount Recap,10.0,,success,False,2026-08-21T01:23:30.836605+09:00
Headcount Receipt,,,failed,False,2026-08-21T01:21:42.147576+09:00
Headcount Recorder,,,failed,False,2026-08-27T23:35:04.726489+09:00
Headcount Register,20.0,0.0,success,False,2026-08-21T01:16:36.813672+09:00
Headcount Registry,,,failed,False,2026-08-21T01:16:56.595304+09:00
Headcount Relay,,,failed,False,2026-08-21T01:24:58.248386+09:00
Headcount Reminder,,,failed,False,2026-08-21T01:21:13.489274+09:00
Headcount Report,260.0,14.0,success,False,2026-08-21T01:19:25.139986+09:00
Headcount Repository,,,failed,False,2026-08-27T23:13:34.759239+09:00
Headcount Ring,,,failed,False,2026-08-21T01:15:31.943617+09:00
Headcount Roll,,,failed,False,2026-08-21T01:19:23.070915+09:00
Headcount Roster,20.0,0.0,success,False,2026-08-21T01:18:24.600947+09:00
Headcount Route,,,failed,False,2026-08-21T01:26:39.674761+09:00
Headcount Rule,,,failed,False,2026-08-23T03:19:32.678416+09:00
Headcount Sale,,,failed,False,2026-08-21T02:21:41.084768+09:00
Headcount Sample,,,failed,False,2026-08-21T01:22:03.238360+09:00
Headcount Scale,,,failed,False,2026-08-21T01:26:35.509450+09:00
Headcount Scanner,,,failed,False,2026-08-27T23:56:59.391700+09:00
Headcount Scope,,,failed,False,2026-08-21T01:25:00.165555+09:00
Headcount Score,,,failed,False,2026-08-21T01:19:54.083744+09:00
Headcount Sheet,40.0,1.0,success,False,2026-08-21T01:19:45.031880+09:00
Headcount Shelf,,,failed,False,2026-08-21T01:18:21.129763+09:00
Headcount Shortfall,,,failed,False,2026-08-27T21:46:34.931324+09:00
Headcount Signal,,,failed,False,2026-08-21T01:25:00.165555+09:00
Headcount Slip,,,failed,False,2026-08-21T01:22:00.506036+09:00
Headcount Slot,,,failed,False,2026-08-21T01:22:09.935224+09:00
Headcount Statement,,,failed,False,2026-08-21T01:22:36.440068+09:00
Headcount Station,,,failed,False,2026-08-21T01:26:04.709927+09:00
Headcount Status,,,failed,False,2026-08-21T01:20:11.987698+09:00
Headcount Stipend,,,failed,False,2026-08-23T13:48:19.972957+09:00
Headcount Stub,,,failed,False,2026-08-21T01:22:33.143231+09:00
Headcount Studio,,,failed,False,2026-08-21T01:25:43.368101+09:00
Headcount Subsidy,,,failed,False,2026-08-23T15:53:05.427640+09:00
Headcount Sum,,,failed,False,2026-08-21T02:21:23.135425+09:00
Headcount Summary,10.0,0.0,success,False,2026-08-21T01:21:03.266778+09:00
Headcount Surtax,,,failed,False,2026-08-23T15:53:08.210333+09:00
Headcount Tab,,,failed,False,2026-08-21T01:22:53.742962+09:00
Headcount Table,20.0,1.0,success,False,2026-08-21T01:21:56.845957+09:00
Headcount Tag,,,failed,False,2026-08-21T01:20:03.244208+09:00
Headcount Tariff,,,failed,False,2026-08-21T02:38:54.796216+09:00
Headcount Tax,10.0,0.0,success,False,2026-08-21T02:14:40.877635+09:00
Headcount Terminal,,,failed,False,2026-08-21T01:26:08.809687+09:00
Headcount Ticker,,,failed,False,2026-08-21T01:19:03.432303+09:00
Headcount Ticket,,,failed,False,2026-08-21T01:21:24.061904+09:00
Headcount Tier,,,failed,False,2026-08-28T00:48:21.370495+09:00
Headcount Timeline,,,failed,False,2026-08-21T01:21:06.488842+09:00
Headcount Toll,,,failed,False,2026-08-21T02:38:47.806400+09:00
Headcount Toolbox,,,failed,False,2026-08-28T00:26:20.204001+09:00
Headcount Total,10.0,3.0,success,False,2026-08-27T23:13:28.057978+09:00
Headcount Tower,,,failed,False,2026-08-21T01:18:16.729979+09:00
Headcount Tracker,110.0,17.0,success,False,2026-08-21T01:23:35.044251+09:00
Headcount Trail,,,failed,False,2026-08-21T01:15:16.012738+09:00
Headcount Trend,,,failed,False,2026-08-28T01:08:07.317285+09:00
Headcount Trial,,,failed,False,2026-08-27T21:14:38.915931+09:00
Headcount Unit,,,failed,False,2026-08-21T01:58:02.709797+09:00
Headcount Update,,,failed,False,2026-08-21T01:20:45.332631+09:00
Headcount Value,,,failed,False,2026-08-23T02:54:35.289098+09:00
Headcount Vault,,,failed,False,2026-08-21T01:24:58.248386+09:00
Headcount Version,,,failed,False,2026-08-23T03:19:26.945614+09:00
Headcount View,,,failed,False,2026-08-21T01:20:20.986675+09:00
Headcount Voucher,,,failed,False,2026-08-21T01:22:23.798217+09:00
Headcount Watch,,,failed,False,2026-08-21T01:25:00.165555+09:00
Headcount Wave,,,failed,False,2026-08-21T01:25:01.384940+09:00
Headcount Widget,,,failed,False,2026-08-27T23:13:31.938909+09:00
Headcount Window,,,failed,False,2026-08-21T01:19:16.110446+09:00
Headcount Worksheet,,,failed,False,2026-08-27T22:09:05.119901+09:00
Headcount Yard,,,failed,False,2026-08-21T01:35:17.900497+09:00
Headcount Zone,,,failed,False,2026-08-21T01:26:17.676069+09:00
Hearing Advisory,10.0,6.0,success,False,2026-08-21T00:58:40.847726+09:00
Hearing Allowance,10.0,0.0,success,False,2026-08-21T02:39:12.661070+09:00
Hearing Almanac,,,failed,False,2026-08-18T22:05:06.428384+09:00
Hearing Analyzer,20.0,51.0,success,False,2026-08-27T23:58:03.075368+09:00
Hearing Anchor,,,failed,False,2026-08-17T20:45:52.903104+09:00
Hearing Announcement,20.0,0.0,success,False,2026-08-27T23:35:57.257837+09:00
Hearing Assistant,590.0,100.0,success,False,2026-08-17T23:09:22.045461+09:00
Hearing Atlas,10.0,0.0,success,False,2026-08-17T20:36:40.845127+09:00
Hearing Attribute,,,failed,False,2026-08-23T13:07:00.691919+09:00
Hearing Badge,,,failed,False,2026-08-21T00:36:14.044141+09:00
Hearing Base,30.0,7.0,success,False,2026-08-17T20:33:23.313632+09:00
Hearing Beacon,,,failed,False,2026-08-17T21:31:41.054400+09:00
Hearing Bill,10.0,0.0,success,False,2026-08-19T22:02:19.043714+09:00
Hearing Blueprint,,,failed,False,2026-08-18T22:04:53.198463+09:00
Hearing Board,90.0,0.0,success,False,2026-08-18T07:52:19.092235+09:00
Hearing Book,,,failed,False,2026-08-19T22:03:11.253996+09:00
Hearing Bridge,,,failed,False,2026-08-17T20:46:56.962156+09:00
Hearing Brief,20.0,0.0,success,False,2026-08-21T00:58:32.149871+09:00
Hearing Bulletin,,,failed,False,2026-08-21T00:58:27.692575+09:00
Hearing Cabinet,,,failed,False,2026-08-27T23:15:15.489365+09:00
Hearing Calendar,70.0,0.0,success,False,2026-08-18T23:59:06.121375+09:00
Hearing Card,20.0,26.0,success,False,2026-08-19T13:27:56.460670+09:00
Hearing Cascade,,,failed,False,2026-08-17T20:48:15.314618+09:00
Hearing Cash,,,failed,False,2026-08-21T02:23:27.282211+09:00
Hearing Catalog,,,failed,False,2026-08-19T21:18:38.634661+09:00
Hearing Center,,,failed,False,2026-08-17T21:34:24.214520+09:00
Hearing Chain,70.0,30.0,success,False,2026-08-17T20:41:06.345123+09:00
Hearing Charge,40.0,13.0,success,False,2026-08-21T02:39:01.824838+09:00
Hearing Check,,,failed,False,2026-08-19T13:28:08.778125+09:00
Hearing Checker,590.0,20.0,success,False,2026-08-27T23:57:57.910775+09:00
Hearing Checklist,20.0,1.0,success,False,2026-08-19T21:17:49.852730+09:00
Hearing Circular,,,failed,False,2026-08-21T01:00:03.837469+09:00
Hearing Cockpit,,,failed,False,2026-08-17T23:32:40.699548+09:00
Hearing Code,10.0,0.0,success,False,2026-08-19T22:02:41.688719+09:00
Hearing Codex,,,failed,False,2026-08-18T22:05:23.943754+09:00
Hearing Companion,10.0,0.0,success,False,2026-08-17T23:07:18.335398+09:00
Hearing Comparison,,,failed,False,2026-08-28T01:08:20.327245+09:00
Hearing Compass,,,failed,False,2026-08-17T21:32:53.372558+09:00
Hearing Compendium,,,failed,False,2026-08-18T22:05:15.577232+09:00
Hearing Confirmation,,,failed,False,2026-08-21T00:58:49.473587+09:00
Hearing Console,,,failed,False,2026-08-17T21:31:05.600589+09:00
Hearing Core,10.0,0.0,success,False,2026-08-17T20:32:12.868338+09:00
Hearing Cost,110.0,58.0,success,False,2026-08-21T02:07:46.443072+09:00
Hearing Count,,,failed,False,2026-08-27T22:49:39.100911+09:00
Hearing Counter,,,failed,False,2026-08-19T00:00:01.654497+09:00
Hearing Dashboard,,,failed,False,2026-08-17T23:12:30.403803+09:00
Hearing Deal,,,failed,False,2026-08-21T01:51:35.759053+09:00
Hearing Debt,,,failed,False,2026-08-21T02:23:15.671365+09:00
Hearing Deck,,,failed,False,2026-08-17T21:41:04.521769+09:00
Hearing Depot,260.0,30.0,success,False,2026-08-18T23:59:40.785220+09:00
Hearing Desk,,,failed,False,2026-08-17T21:36:59.022364+09:00
Hearing Detail,,,failed,False,2026-08-23T03:18:44.540602+09:00
Hearing Detector,10.0,19.0,success,False,2026-08-27T23:58:00.506831+09:00
Hearing Diagram,390.0,3.0,success,False,2026-08-27T22:12:46.306034+09:00
Hearing Dial,,,failed,False,2026-08-17T20:47:35.936558+09:00
Hearing Digest,,,failed,False,2026-08-19T20:44:35.831978+09:00
Hearing Directory,10.0,16.0,success,False,2026-08-18T23:59:14.499030+09:00
Hearing Discount,50.0,100.0,success,False,2026-08-23T16:14:49.657074+09:00
Hearing Dock,,,failed,False,2026-08-17T20:43:36.337910+09:00
Hearing Dossier,,,failed,False,2026-08-21T00:58:54.317507+09:00
Hearing Downpayment,,,failed,False,2026-08-27T21:48:30.689545+09:00
Hearing Draft,,,failed,False,2026-08-19T20:44:53.798353+09:00
Hearing Due,,,failed,False,2026-08-23T15:51:59.728812+09:00
Hearing Duty,,,failed,False,2026-08-21T02:39:07.071635+09:00
Hearing Engine,,,failed,False,2026-08-17T23:31:33.228756+09:00
Hearing Entry,,,failed,False,2026-08-21T00:59:08.363801+09:00
Hearing Estimate,,,failed,False,2026-08-19T21:18:28.771702+09:00
Hearing Estimator,,,failed,False,2026-08-27T23:57:57.910775+09:00
Hearing Excerpt,,,failed,False,2026-08-21T00:59:03.951352+09:00
Hearing Extension,,,failed,False,2026-08-23T16:39:16.961219+09:00
Hearing Fare,,,failed,False,2026-08-21T02:07:53.857202+09:00
Hearing Fee,140.0,1.0,success,False,2026-08-21T01:51:15.763734+09:00
Hearing Feed,,,failed,False,2026-08-19T20:44:44.192245+09:00
Hearing File,,,failed,False,2026-08-19T20:44:03.742658+09:00
Hearing Finder,,,failed,False,2026-08-18T23:59:30.074918+09:00
Hearing Fine,,,failed,False,2026-08-23T02:54:31.488130+09:00
Hearing Flag,,,failed,False,2026-08-21T00:36:44.968976+09:00
Hearing Flow,,,failed,False,2026-08-17T21:41:36.452024+09:00
Hearing Forge,,,failed,False,2026-08-17T21:30:33.048254+09:00
Hearing Form,70.0,0.0,success,False,2026-08-19T13:27:42.741110+09:00
Hearing Format,,,failed,False,2026-08-23T13:07:02.783000+09:00
Hearing Frame,,,failed,False,2026-08-17T20:34:19.305897+09:00
Hearing Fund,,,failed,False,2026-08-21T02:23:20.274615+09:00
Hearing Gate,20.0,49.0,success,False,2026-08-17T20:38:32.473394+09:00
Hearing Grade,,,failed,False,2026-08-21T00:36:30.694005+09:00
Hearing Graph,210.0,6.0,success,False,2026-08-27T22:12:34.170808+09:00
Hearing Grid,,,failed,False,2026-08-17T20:41:27.066117+09:00
Hearing Guard,90.0,56.0,success,False,2026-08-17T20:32:47.475978+09:00
Hearing Guardian,170.0,13.0,success,False,2026-08-28T00:26:52.853264+09:00
Hearing Guidebook,,,failed,False,2026-08-18T22:04:34.092675+09:00
Hearing Helpdesk,,,failed,False,2026-08-27T22:49:42.275363+09:00
Hearing Helper,390.0,89.0,success,False,2026-08-28T00:26:55.262283+09:00
Hearing History,20.0,0.0,success,False,2026-08-19T20:43:57.147560+09:00
Hearing Hotline,10.0,7.0,success,False,2026-08-19T21:18:53.314989+09:00
Hearing Hub,390.0,37.0,success,False,2026-08-17T21:39:37.908878+09:00
Hearing Identifier,,,failed,False,2026-08-23T13:06:58.194774+09:00
Hearing Index,,,failed,False,2026-08-19T21:17:57.500423+09:00
Hearing Insight,,,failed,False,2026-08-17T23:32:27.078253+09:00
Hearing Installment,,,failed,False,2026-08-23T16:14:53.191797+09:00
Hearing Item,,,failed,False,2026-08-21T01:51:22.429358+09:00
Hearing Journal,590.0,29.0,success,False,2026-08-18T22:04:12.568895+09:00
Hearing Keeper,,,failed,False,2026-08-17T20:34:43.926118+09:00
Hearing Lab,1300.0,21.0,success,False,2026-08-17T21:37:36.095439+09:00
Hearing Ledger,,,failed,False,2026-08-18T07:52:06.675931+09:00
Hearing Lens,,,failed,False,2026-08-17T20:35:15.216607+09:00
Hearing Level,,,failed,False,2026-08-19T20:44:12.620754+09:00
Hearing Link,1600.0,0.0,success,True,2026-08-23T03:18:36.305827+09:00
Hearing List,9900.0,1.0,success,False,2026-08-19T22:02:50.225246+09:00
Hearing Loan,,,failed,False,2026-08-21T02:08:07.470140+09:00
Hearing Locator,,,failed,False,2026-08-18T23:59:24.120788+09:00
Hearing Lock,,,failed,False,2026-08-17T20:37:11.919122+09:00
Hearing Log,,,failed,False,2026-08-19T13:27:27.071698+09:00
Hearing Loop,5400.0,96.0,success,False,2026-08-17T20:42:15.711128+09:00
Hearing Manager,70.0,0.0,success,False,2026-08-17T20:33:54.236742+09:00
Hearing Manual,,,failed,False,2026-08-27T22:12:43.537947+09:00
Hearing Map,260.0,1.0,success,False,2026-08-17T20:36:12.301778+09:00
Hearing Memo,,,failed,False,2026-08-21T00:36:35.821010+09:00
Hearing Message,,,failed,False,2026-08-27T23:15:07.984003+09:00
Hearing Meter,20.0,19.0,success,False,2026-08-17T20:46:20.020027+09:00
Hearing Metrics,,,failed,False,2026-08-17T23:05:24.872109+09:00
Hearing Monitor,210.0,83.0,success,False,2026-08-17T23:10:58.652260+09:00
Hearing Navigator,,,failed,False,2026-08-17T23:32:54.129749+09:00
Hearing Nexus,,,failed,False,2026-08-17T20:37:39.748297+09:00
Hearing Node,,,failed,False,2026-08-17T20:39:25.387216+09:00
Hearing Note,210.0,0.0,success,False,2026-08-19T13:28:31.111585+09:00
Hearing Notification,20.0,0.0,success,False,2026-08-27T22:49:35.364614+09:00
Hearing Number,390.0,2.0,success,False,2026-08-23T03:18:29.464352+09:00
Hearing Office,320.0,6.0,success,False,2026-08-18T23:59:51.056306+09:00
Hearing Ops,,,failed,False,2026-08-17T23:14:14.412117+09:00
Hearing Order,30.0,4.0,success,False,2026-08-19T22:02:09.365210+09:00
Hearing Organizer,,,failed,False,2026-08-17T23:32:11.092346+09:00
Hearing Outline,,,failed,False,2026-08-27T22:29:07.164636+09:00
Hearing Overage,,,failed,False,2026-08-27T21:48:28.268054+09:00
Hearing Overdue,,,failed,False,2026-08-27T21:48:23.216174+09:00
Hearing Panel,50.0,0.0,success,False,2026-08-17T21:30:00.229933+09:00
Hearing Pass,,,failed,False,2026-08-21T00:36:05.920603+09:00
Hearing Path,1000.0,0.0,success,True,2026-08-17T20:39:04.557611+09:00
Hearing Payoff,,,failed,False,2026-08-27T21:48:25.630641+09:00
Hearing Penalty,,,failed,False,2026-08-23T16:39:14.026032+09:00
Hearing Petition,90.0,1.0,success,False,2026-08-21T00:58:44.836971+09:00
Hearing Pilot,,,failed,False,2026-08-17T21:38:08.965654+09:00
Hearing Plan,40.0,34.0,success,False,2026-08-21T01:51:32.906314+09:00
Hearing Planner,,,failed,False,2026-08-17T23:31:50.854430+09:00
Hearing Playbook,,,failed,False,2026-08-18T22:04:03.001846+09:00
Hearing Point,1600.0,8.0,success,False,2026-08-17T20:38:07.696860+09:00
Hearing Portal,140.0,1.0,success,False,2026-08-17T21:32:17.170130+09:00
Hearing Preview,,,failed,False,2026-08-28T01:08:23.846955+09:00
Hearing Profile,20.0,0.0,success,False,2026-08-19T13:28:50.400701+09:00
Hearing Profit,,,failed,False,2026-08-23T02:54:26.725947+09:00
Hearing Pulse,480.0,5.0,success,False,2026-08-17T20:40:44.017242+09:00
Hearing Queue,,,failed,False,2026-08-19T21:18:17.728493+09:00
Hearing Quota,,,failed,False,2026-08-21T00:36:40.261906+09:00
Hearing Radar,,,failed,False,2026-08-17T21:35:58.459168+09:00
Hearing Rail,,,failed,False,2026-08-17T20:42:41.908187+09:00
Hearing Rate,20.0,4.0,success,False,2026-08-19T20:44:19.706681+09:00
Hearing Recap,10.0,0.0,success,False,2026-08-21T01:00:08.450743+09:00
Hearing Receipt,,,failed,False,2026-08-19T22:02:31.549197+09:00
Hearing Recorder,10.0,16.0,success,False,2026-08-27T23:36:04.672816+09:00
Hearing Register,30.0,6.0,success,False,2026-08-17T23:33:04.806706+09:00
Hearing Registry,,,failed,False,2026-08-18T22:04:44.992531+09:00
Hearing Relay,,,failed,False,2026-08-17T21:34:55.256705+09:00
Hearing Reminder,,,failed,False,2026-08-19T21:17:38.869284+09:00
Hearing Report,90.0,7.0,success,False,2026-08-19T13:27:15.417105+09:00
Hearing Repository,,,failed,False,2026-08-27T23:15:15.489365+09:00
Hearing Result,140.0,1.0,success,False,2026-08-28T00:48:30.764034+09:00
Hearing Roadmap,,,failed,False,2026-08-18T22:05:33.744970+09:00
Hearing Roster,,,failed,False,2026-08-19T00:38:24.169663+09:00
Hearing Route,,,failed,False,2026-08-17T20:44:24.451216+09:00
Hearing Rule,50.0,0.0,success,False,2026-08-23T03:18:41.681571+09:00
Hearing Sale,10.0,95.0,success,False,2026-08-21T02:23:31.419607+09:00
Hearing Scale,110.0,3.0,success,False,2026-08-17T20:45:28.437462+09:00
Hearing Scanner,,,failed,False,2026-08-27T23:58:00.506831+09:00
Hearing Scheduler,,,failed,False,2026-08-17T23:03:41.404316+09:00
Hearing Scope,50.0,34.0,success,False,2026-08-17T20:43:09.097865+09:00
Hearing Score,50.0,5.0,success,False,2026-08-19T13:28:19.124767+09:00
Hearing Sentry,,,failed,False,2026-08-17T20:35:45.912195+09:00
Hearing Sheet,1600.0,0.0,success,True,2026-08-19T13:28:00.720814+09:00
Hearing Shortfall,,,failed,False,2026-08-27T21:48:30.689545+09:00
Hearing Signal,10.0,0.0,success,False,2026-08-17T20:44:54.516764+09:00
Hearing Slip,,,failed,False,2026-08-19T22:03:20.182030+09:00
Hearing Slot,,,failed,False,2026-08-19T22:03:39.900427+09:00
Hearing Snapshot,,,failed,False,2026-08-18T22:04:25.779407+09:00
Hearing Stage,30.0,1.0,success,False,2026-08-28T00:48:30.764034+09:00
Hearing Stake,,,failed,False,2026-08-23T02:54:28.936816+09:00
Hearing Statement,10.0,0.0,success,False,2026-08-21T00:36:23.638187+09:00
Hearing Station,30.0,11.0,success,False,2026-08-17T21:36:30.682605+09:00
Hearing Status,1000.0,0.0,success,True,2026-08-19T20:43:44.541784+09:00
Hearing Stub,,,failed,False,2026-08-21T00:36:18.143483+09:00
Hearing Studio,40.0,14.0,success,False,2026-08-17T21:38:46.123803+09:00
Hearing Subsidy,,,failed,False,2026-08-23T15:52:04.916947+09:00
Hearing Suite,30.0,29.0,success,False,2026-08-17T23:14:31.375028+09:00
Hearing Sum,,,failed,False,2026-08-21T02:23:08.764436+09:00
Hearing Summary,20.0,0.0,success,False,2026-08-19T21:17:21.944279+09:00
Hearing Sync,,,failed,False,2026-08-18T07:53:03.495247+09:00
Hearing Tab,,,failed,False,2026-08-21T00:36:48.316365+09:00
Hearing Table,20.0,0.0,success,False,2026-08-19T22:02:59.053365+09:00
Hearing Tag,,,failed,False,2026-08-19T13:28:41.334086+09:00
Hearing Tally,,,failed,False,2026-08-21T00:36:26.230021+09:00
Hearing Tariff,,,failed,False,2026-08-21T02:39:16.897271+09:00
Hearing Tax,,,failed,False,2026-08-21T02:08:03.839367+09:00
Hearing Ticket,10.0,13.0,success,False,2026-08-19T21:18:07.179482+09:00
Hearing Timeline,,,failed,False,2026-08-19T21:17:31.409694+09:00
Hearing Timer,50.0,1.0,success,False,2026-08-28T00:26:50.285916+09:00
Hearing Toll,,,failed,False,2026-08-21T02:39:09.375307+09:00
Hearing Toolbox,,,failed,False,2026-08-28T00:26:55.262283+09:00
Hearing Toolkit,,,failed,False,2026-08-18T22:03:51.381490+09:00
Hearing Total,,,failed,False,2026-08-27T23:15:10.643747+09:00
Hearing Tracker,1600.0,52.0,success,False,2026-08-17T20:31:38.107939+09:00
Hearing Trail,,,failed,False,2026-08-17T20:41:55.751231+09:00
Hearing Trend,,,failed,False,2026-08-28T01:08:20.327245+09:00
Hearing Trial,390.0,2.0,success,False,2026-08-27T21:17:23.968001+09:00
Hearing Unit,50.0,42.0,success,False,2026-08-21T01:51:26.021065+09:00
Hearing Update,20.0,2.0,success,False,2026-08-19T20:44:29.865338+09:00
Hearing Vault,10.0,0.0,success,False,2026-08-17T21:33:53.413747+09:00
Hearing Version,,,failed,False,2026-08-23T03:18:33.193002+09:00
Hearing View,50.0,6.0,success,False,2026-08-19T20:43:52.054689+09:00
Hearing Voucher,10.0,7.0,success,False,2026-08-21T00:36:11.342304+09:00
Hearing Watch,30.0,0.0,success,False,2026-08-17T20:44:04.848400+09:00
Hearing Wave,,,failed,False,2026-08-17T20:39:54.147287+09:00
Hearing Widget,,,failed,False,2026-08-27T23:15:13.027326+09:00
Hearing Workbench,,,failed,False,2026-08-18T22:03:32.090956+09:00
Hearing Worksheet,40.0,0.0,success,False,2026-08-27T22:12:46.306034+09:00
Hearing Zone,320.0,11.0,success,False,2026-08-17T21:33:22.663564+09:00
Heater Advance,,,failed,False,2026-08-23T16:11:56.492802+09:00
Heater Advisory,,,failed,False,2026-08-21T01:03:16.580684+09:00
Heater Alert,,,failed,False,2026-08-19T21:17:49.852730+09:00
Heater Allowance,,,failed,False,2026-08-21T02:43:40.530663+09:00
Heater Analyzer,,,failed,False,2026-08-27T23:54:48.967937+09:00
Heater Arrears,,,failed,False,2026-08-23T16:11:52.886405+09:00
Heater Asset,,,failed,False,2026-08-23T13:45:24.772737+09:00
Heater Assistant,,,failed,False,2026-08-19T21:12:28.088394+09:00
Heater Atlas,,,failed,False,2026-08-19T21:11:41.705907+09:00
Heater Attribute,,,failed,False,2026-08-23T13:09:53.012547+09:00
Heater Badge,,,failed,False,2026-08-21T00:28:56.685784+09:00
Heater Base,110.0,19.0,success,False,2026-08-19T21:07:33.171957+09:00
Heater Bay,170.0,35.0,success,False,2026-08-19T21:16:08.184183+09:00
Heater Beacon,,,failed,False,2026-08-19T21:04:58.271286+09:00
Heater Bill,880.0,6.0,success,False,2026-08-19T21:46:54.129984+09:00
Heater Board,1300.0,64.0,success,False,2026-08-19T21:08:03.467133+09:00
Heater Book,30.0,0.0,success,False,2026-08-19T21:48:04.651670+09:00
Heater Bridge,,,failed,False,2026-08-19T21:05:32.048024+09:00
Heater Brief,,,failed,False,2026-08-21T01:03:06.374945+09:00
Heater Bulletin,,,failed,False,2026-08-21T01:02:18.161248+09:00
Heater Calculator,1600.0,12.0,success,False,2026-08-27T23:33:58.782801+09:00
Heater Calendar,,,failed,False,2026-08-19T21:14:17.350894+09:00
Heater Card,90.0,1.0,success,False,2026-08-19T21:20:05.379169+09:00
Heater Cascade,,,failed,False,2026-08-19T21:05:22.464454+09:00
Heater Cash,,,failed,False,2026-08-21T02:27:53.442278+09:00
Heater Cashback,,,failed,False,2026-08-27T21:14:30.241053+09:00
Heater Category,10.0,0.0,success,False,2026-08-23T13:09:46.403136+09:00
Heater Center,20.0,63.0,success,False,2026-08-19T21:09:10.178555+09:00
Heater Charge,70.0,26.0,success,False,2026-08-21T02:43:28.304823+09:00
Heater Chart,40.0,0.0,success,False,2026-08-19T21:17:57.500423+09:00
Heater Check,70.0,10.0,success,False,2026-08-19T21:30:59.491804+09:00
Heater Checker,,,failed,False,2026-08-27T23:54:35.399736+09:00
Heater Circular,70.0,44.0,success,False,2026-08-21T01:03:12.514083+09:00
Heater Code,70.0,0.0,success,False,2026-08-19T21:47:24.408619+09:00
Heater Companion,,,failed,False,2026-08-19T21:13:13.092758+09:00
Heater Comparison,90.0,72.0,success,False,2026-08-28T01:05:20.139067+09:00
Heater Compass,,,failed,False,2026-08-19T21:04:44.071622+09:00
Heater Confirmation,,,failed,False,2026-08-21T01:03:25.375031+09:00
Heater Console,170.0,98.0,success,False,2026-08-19T21:09:48.311531+09:00
Heater Contribution,,,failed,False,2026-08-23T16:11:49.502531+09:00
Heater Core,22200.0,30.0,success,False,2026-08-19T21:07:45.336017+09:00
Heater Cost,1300.0,25.0,success,False,2026-08-21T02:11:43.167775+09:00
Heater Count,,,failed,False,2026-08-27T22:47:02.636160+09:00
Heater Counter,40.0,61.0,success,False,2026-08-19T21:15:13.442141+09:00
Heater Coupon,10.0,36.0,success,False,2026-08-27T21:14:25.842421+09:00
Heater Deal,320.0,87.0,success,False,2026-08-21T01:55:59.445411+09:00
Heater Debt,,,failed,False,2026-08-21T02:27:47.388523+09:00
Heater Deck,1600.0,100.0,success,False,2026-08-19T21:08:13.592372+09:00
Heater Desk,4400.0,100.0,success,False,2026-08-19T21:03:53.179213+09:00
Heater Detail,,,failed,False,2026-08-23T03:23:34.197835+09:00
Heater Detector,22200.0,84.0,success,False,2026-08-27T23:54:45.435156+09:00
Heater Diagram,390.0,0.0,success,False,2026-08-27T22:08:46.567667+09:00
Heater Directory,,,failed,False,2026-08-19T21:14:27.953850+09:00
Heater Discount,210.0,100.0,success,False,2026-08-23T16:11:46.377478+09:00
Heater Dossier,,,failed,False,2026-08-21T01:03:30.050919+09:00
Heater Downpayment,,,failed,False,2026-08-27T21:46:28.400647+09:00
Heater Draft,50.0,0.0,success,False,2026-08-19T21:32:30.611292+09:00
Heater Due,,,failed,False,2026-08-23T15:50:26.316180+09:00
Heater Duty,480.0,0.0,success,False,2026-08-21T02:43:30.904154+09:00
Heater Endowment,,,failed,False,2026-08-23T15:50:28.386707+09:00
Heater Engine,9900.0,0.0,success,True,2026-08-19T21:12:15.731161+09:00
Heater Entry,,,failed,False,2026-08-21T01:03:45.407835+09:00
Heater Estimate,10.0,0.0,success,False,2026-08-19T21:32:44.531306+09:00
Heater Estimator,,,failed,False,2026-08-27T23:54:35.399736+09:00
Heater Excerpt,,,failed,False,2026-08-21T01:03:40.572054+09:00
Heater Fare,,,failed,False,2026-08-21T02:11:50.760630+09:00
Heater Fee,,,failed,False,2026-08-21T01:55:41.069694+09:00
Heater Feed,,,failed,False,2026-08-19T21:32:28.691012+09:00
Heater Field,,,failed,False,2026-08-23T13:09:55.014275+09:00
Heater File,10.0,0.0,success,False,2026-08-19T21:32:01.105099+09:00
Heater Finder,,,failed,False,2026-08-19T21:14:49.838669+09:00
Heater Fine,20.0,70.0,success,False,2026-08-23T02:57:45.364347+09:00
Heater Flag,,,failed,False,2026-08-21T00:29:45.511428+09:00
Heater Flow,110.0,6.0,success,False,2026-08-19T21:03:21.176777+09:00
Heater Forge,,,failed,False,2026-08-19T21:05:07.680797+09:00
Heater Form,,,failed,False,2026-08-19T21:19:52.858825+09:00
Heater Format,,,failed,False,2026-08-23T13:09:55.014275+09:00
Heater Frame,90.0,41.0,success,False,2026-08-19T21:07:23.410704+09:00
Heater Fund,,,failed,False,2026-08-21T02:27:51.067603+09:00
Heater Gate,70.0,18.0,success,False,2026-08-19T21:11:19.546080+09:00
Heater Giveaway,10.0,,success,False,2026-08-27T21:14:36.415267+09:00
Heater Grade,,,failed,False,2026-08-21T00:29:24.926650+09:00
Heater Graph,30.0,0.0,success,False,2026-08-27T22:08:33.849782+09:00
Heater Grid,1300.0,67.0,success,False,2026-08-19T21:06:33.819352+09:00
Heater Guarantee,,,failed,False,2026-08-28T01:05:26.346049+09:00
Heater Guardian,170.0,25.0,success,False,2026-08-28T00:24:29.963051+09:00
Heater Helpdesk,,,failed,False,2026-08-27T22:47:02.636160+09:00
Heater Helper,2400.0,8.0,success,False,2026-08-28T00:24:32.431629+09:00
Heater History,90.0,0.0,success,False,2026-08-19T21:31:54.531543+09:00
Heater Hub,480.0,8.0,success,False,2026-08-19T21:03:36.529171+09:00
Heater Identifier,,,failed,False,2026-08-23T13:09:44.174186+09:00
Heater Inbox,,,failed,False,2026-08-19T21:17:42.432873+09:00
Heater Incentive,,,failed,False,2026-08-27T21:14:33.237385+09:00
Heater Index,20.0,6.0,success,False,2026-08-19T21:32:39.944567+09:00
Heater Installment,,,failed,False,2026-08-23T16:11:49.502531+09:00
Heater Item,,,failed,False,2026-08-21T01:55:51.234317+09:00
Heater Journal,,,failed,False,2026-08-19T21:13:57.456241+09:00
Heater Keeper,,,failed,False,2026-08-19T21:11:53.117390+09:00
Heater Kiosk,,,failed,False,2026-08-19T21:15:48.074960+09:00
Heater Kit,1000.0,42.0,success,False,2026-08-27T22:46:56.250105+09:00
Heater Lab,720.0,96.0,success,False,2026-08-19T21:08:33.836263+09:00
Heater Label,1000.0,0.0,success,True,2026-08-27T22:08:36.718327+09:00
Heater Ledger,40.0,0.0,success,False,2026-08-19T21:07:53.338438+09:00
Heater Level,30.0,0.0,success,False,2026-08-19T21:32:10.645735+09:00
Heater Line,140.0,8.0,success,False,2026-08-19T21:18:53.314989+09:00
Heater Link,,,failed,False,2026-08-23T03:23:29.114948+09:00
Heater List,,,failed,False,2026-08-19T21:47:38.670449+09:00
Heater Loan,,,failed,False,2026-08-21T02:11:57.284997+09:00
Heater Lobby,,,failed,False,2026-08-19T21:18:28.771702+09:00
Heater Locator,,,failed,False,2026-08-19T21:14:39.007898+09:00
Heater Locker,140.0,0.0,success,False,2026-08-19T21:15:27.386619+09:00
Heater Log,170.0,100.0,success,False,2026-08-19T21:19:43.238592+09:00
Heater Loop,260.0,25.0,success,False,2026-08-19T21:06:23.756396+09:00
Heater Manager,,,failed,False,2026-08-19T21:12:04.004296+09:00
Heater Manual,390.0,38.0,success,False,2026-08-27T22:08:41.770881+09:00
Heater Map,201000.0,5.0,success,False,2026-08-19T21:07:13.159437+09:00
Heater Margin,,,failed,False,2026-08-23T02:57:43.117346+09:00
Heater Memo,,,failed,False,2026-08-21T00:29:30.583044+09:00
Heater Monitor,1600.0,75.0,success,False,2026-08-19T21:12:57.141262+09:00
Heater Note,,,failed,False,2026-08-19T21:31:12.885816+09:00
Heater Notification,,,failed,False,2026-08-27T22:46:56.250105+09:00
Heater Number,30.0,3.0,success,False,2026-08-23T03:23:22.521378+09:00
Heater Office,880.0,100.0,success,False,2026-08-19T21:15:02.782218+09:00
Heater Ops,,,failed,False,2026-08-19T21:13:34.097161+09:00
Heater Order,20.0,89.0,success,False,2026-08-19T21:46:42.037661+09:00
Heater Outpost,,,failed,False,2026-08-19T21:16:32.174515+09:00
Heater Panel,14800.0,100.0,success,False,2026-08-19T21:10:02.424096+09:00
Heater Pass,,,failed,False,2026-08-21T00:28:42.115555+09:00
Heater Path,,,failed,False,2026-08-19T21:06:51.339410+09:00
Heater Payoff,,,failed,False,2026-08-27T21:46:26.203739+09:00
Heater Petition,,,failed,False,2026-08-21T01:03:20.927802+09:00
Heater Plan,,,failed,False,2026-08-21T01:55:57.374575+09:00
Heater Planner,,,failed,False,2026-08-19T21:12:37.502456+09:00
Heater Playbook,,,failed,False,2026-08-19T21:13:46.122895+09:00
Heater Point,170.0,23.0,success,False,2026-08-19T21:07:02.698289+09:00
Heater Portal,10.0,64.0,success,False,2026-08-19T21:09:34.510109+09:00
Heater Post,20.0,0.0,success,False,2026-08-19T21:16:21.953049+09:00
Heater Preview,,,failed,False,2026-08-28T01:05:20.139067+09:00
Heater Profile,,,failed,False,2026-08-19T21:31:29.606643+09:00
Heater Profit,,,failed,False,2026-08-23T02:57:38.722026+09:00
Heater Proposal,,,failed,False,2026-08-28T01:05:22.748209+09:00
Heater Quota,,,failed,False,2026-08-21T00:29:39.530878+09:00
Heater Radar,,,failed,False,2026-08-19T21:04:06.353252+09:00
Heater Rate,320.0,61.0,success,False,2026-08-19T21:32:17.835679+09:00
Heater Recap,,,failed,False,2026-08-21T01:03:36.375895+09:00
Heater Receipt,,,failed,False,2026-08-19T21:47:08.663103+09:00
Heater Recorder,,,failed,False,2026-08-27T23:34:03.746516+09:00
Heater Register,5400.0,100.0,success,False,2026-08-19T21:13:23.011051+09:00
Heater Registry,,,failed,False,2026-08-19T21:14:07.516927+09:00
Heater Relay,590.0,53.0,success,False,2026-08-19T21:04:17.654082+09:00
Heater Reminder,,,failed,False,2026-08-19T21:32:38.095873+09:00
Heater Report,,,failed,False,2026-08-19T21:19:30.531478+09:00
Heater Result,,,failed,False,2026-08-28T00:47:27.580109+09:00
Heater Roll,320.0,67.0,success,False,2026-08-19T21:19:17.312411+09:00
Heater Roster,,,failed,False,2026-08-19T21:17:31.409694+09:00
Heater Route,,,failed,False,2026-08-19T21:10:24.800768+09:00
Heater Rule,,,failed,False,2026-08-23T03:23:31.641874+09:00
Heater Sale,18100.0,100.0,success,False,2026-08-21T02:28:00.693334+09:00
Heater Sample,,,failed,False,2026-08-19T21:48:31.545228+09:00
Heater Scale,,,failed,False,2026-08-19T21:10:13.375829+09:00
Heater Scanner,40.0,16.0,success,False,2026-08-27T23:54:40.654466+09:00
Heater Schematic,30.0,0.0,success,False,2026-08-27T22:28:42.749169+09:00
Heater Scope,,,failed,False,2026-08-19T21:06:11.173737+09:00
Heater Score,,,failed,False,2026-08-19T21:31:07.393138+09:00
Heater Sheet,260.0,57.0,success,False,2026-08-19T21:30:49.393699+09:00
Heater Signal,20.0,0.0,success,False,2026-08-19T21:05:47.568804+09:00
Heater Slip,,,failed,False,2026-08-19T21:48:17.560358+09:00
Heater Slot,,,failed,False,2026-08-19T21:48:48.534569+09:00
Heater Stake,,,failed,False,2026-08-23T02:57:40.926366+09:00
Heater Statement,10.0,,success,False,2026-08-21T00:29:10.279905+09:00
Heater Station,20.0,40.0,success,False,2026-08-19T21:08:46.825044+09:00
Heater Status,30.0,2.0,success,False,2026-08-19T21:31:38.211604+09:00
Heater Stub,,,failed,False,2026-08-21T00:29:02.215162+09:00
Heater Studio,,,failed,False,2026-08-19T21:08:23.714003+09:00
Heater Sum,,,failed,False,2026-08-21T02:27:43.385895+09:00
Heater Summary,,,failed,False,2026-08-19T21:32:34.534523+09:00
Heater Surtax,,,failed,False,2026-08-23T15:50:30.977463+09:00
Heater Tab,40.0,1.0,success,False,2026-08-21T00:29:53.018137+09:00
Heater Table,590.0,94.0,success,False,2026-08-19T21:47:49.967174+09:00
Heater Tag,,,failed,False,2026-08-19T21:31:21.634231+09:00
Heater Tally,,,failed,False,2026-08-21T00:29:15.711468+09:00
Heater Tariff,,,failed,False,2026-08-21T02:43:44.053859+09:00
Heater Tax,,,failed,False,2026-08-21T02:11:55.079933+09:00
Heater Terminal,50.0,2.0,success,False,2026-08-19T21:08:56.210906+09:00
Heater Ticker,,,failed,False,2026-08-19T21:18:38.634661+09:00
Heater Ticket,,,failed,False,2026-08-19T21:32:42.554846+09:00
Heater Tier,,,failed,False,2026-08-28T00:47:27.580109+09:00
Heater Timeline,,,failed,False,2026-08-19T21:32:36.347329+09:00
Heater Timer,480.0,100.0,success,False,2026-08-28T00:24:27.565309+09:00
Heater Toll,,,failed,False,2026-08-21T02:43:35.121601+09:00
Heater Toolbox,,,failed,False,2026-08-28T00:24:29.963051+09:00
Heater Total,,,failed,False,2026-08-27T23:12:13.072454+09:00
Heater Tracker,,,failed,False,2026-08-19T21:32:47.158972+09:00
Heater Trend,10.0,100.0,success,False,2026-08-28T01:05:17.423675+09:00
Heater Trial,,,failed,False,2026-08-27T21:14:30.241053+09:00
Heater Unit,2900.0,71.0,success,False,2026-08-21T01:55:54.849778+09:00
Heater Update,,,failed,False,2026-08-19T21:32:26.609245+09:00
Heater Value,30.0,0.0,success,False,2026-08-23T02:57:38.722026+09:00
Heater Vault,,,failed,False,2026-08-19T21:04:31.572257+09:00
Heater Version,,,failed,False,2026-08-23T03:23:25.330676+09:00
Heater View,,,failed,False,2026-08-19T21:31:47.611554+09:00
Heater Voucher,,,failed,False,2026-08-21T00:28:49.114338+09:00
Heater Watch,40.0,38.0,success,False,2026-08-19T21:06:00.178861+09:00
Heater Wave,50.0,30.0,success,False,2026-08-19T21:06:41.039569+09:00
Heater Widget,,,failed,False,2026-08-27T23:12:15.769681+09:00
Heater Window,720.0,42.0,success,False,2026-08-19T21:19:06.268561+09:00
Heater Worksheet,,,failed,False,2026-08-27T22:08:46.567667+09:00
Heater Workshop,2900.0,100.0,success,False,2026-08-28T00:24:27.565309+09:00
Heater Yard,,,failed,False,2026-08-19T21:15:58.285929+09:00
Heater Zone,30.0,1.0,success,False,2026-08-19T21:09:24.314607+09:00
Hinge Advance,,,failed,False,2026-08-23T16:14:08.408734+09:00
Hinge Advisory,,,failed,False,2026-08-21T01:02:52.646086+09:00
Hinge Alert,,,failed,False,2026-08-19T21:06:04.880535+09:00
Hinge Allowance,,,failed,False,2026-08-21T02:43:16.744782+09:00
Hinge Analyzer,,,failed,False,2026-08-27T23:59:30.142774+09:00
Hinge Arrears,,,failed,False,2026-08-23T16:14:05.017306+09:00
Hinge Assistant,30.0,0.0,success,False,2026-08-19T21:30:16.349132+09:00
Hinge Atlas,,,failed,False,2026-08-19T21:29:47.496953+09:00
Hinge Badge,50.0,0.0,success,False,2026-08-21T00:24:59.301324+09:00
Hinge Base,110.0,7.0,success,False,2026-08-19T21:17:25.572760+09:00
Hinge Bay,140.0,0.0,success,False,2026-08-19T21:04:09.833583+09:00
Hinge Beacon,,,failed,False,2026-08-19T21:14:42.578262+09:00
Hinge Bill,,,failed,False,2026-08-19T21:58:51.076600+09:00
Hinge Bin,50.0,100.0,success,False,2026-08-19T21:06:25.471396+09:00
Hinge Board,90.0,14.0,success,False,2026-08-19T21:17:53.819858+09:00
Hinge Book,210.0,3.0,success,False,2026-08-19T21:59:39.418384+09:00
Hinge Booth,,,failed,False,2026-08-19T21:03:27.831086+09:00
Hinge Bridge,110.0,0.0,success,False,2026-08-19T21:15:20.790094+09:00
Hinge Brief,,,failed,False,2026-08-21T01:00:48.316316+09:00
Hinge Bulletin,,,failed,False,2026-08-21T01:00:44.838906+09:00
Hinge Cabinet,40500.0,100.0,success,False,2026-08-27T23:15:53.344715+09:00
Hinge Calendar,,,failed,False,2026-08-19T21:31:31.502788+09:00
Hinge Card,50.0,41.0,success,False,2026-08-19T21:08:07.894185+09:00
Hinge Cascade,,,failed,False,2026-08-19T21:15:09.209545+09:00
Hinge Cash,,,failed,False,2026-08-21T02:26:47.668193+09:00
Hinge Cashback,,,failed,False,2026-08-27T21:17:07.956821+09:00
Hinge Catalog,50.0,22.0,success,False,2026-08-19T21:12:51.464479+09:00
Hinge Center,20.0,3.0,success,False,2026-08-19T21:19:00.035786+09:00
Hinge Chain,320.0,59.0,success,False,2026-08-19T21:29:19.590151+09:00
Hinge Charge,,,failed,False,2026-08-21T02:43:07.410836+09:00
Hinge Chart,10.0,0.0,success,False,2026-08-19T21:06:13.197757+09:00
Hinge Check,10.0,27.0,success,False,2026-08-19T21:08:27.297609+09:00
Hinge Checker,260.0,30.0,success,False,2026-08-27T23:59:23.650703+09:00
Hinge Checklist,,,failed,False,2026-08-19T21:11:58.211530+09:00
Hinge Circular,,,failed,False,2026-08-21T01:02:27.136036+09:00
Hinge Code,1300.0,0.0,success,True,2026-08-19T21:59:07.775168+09:00
Hinge Companion,,,failed,False,2026-08-19T21:30:45.595196+09:00
Hinge Compass,,,failed,False,2026-08-19T21:14:31.473745+09:00
Hinge Confirmation,,,failed,False,2026-08-21T01:01:03.307399+09:00
Hinge Console,,,failed,False,2026-08-19T21:19:35.712806+09:00
Hinge Contribution,,,failed,False,2026-08-23T16:14:01.846183+09:00
Hinge Core,50.0,0.0,success,False,2026-08-19T21:17:35.138769+09:00
Hinge Cost,,,failed,False,2026-08-21T02:10:13.973101+09:00
Hinge Count,,,failed,False,2026-08-27T22:50:03.051342+09:00
Hinge Coupon,210.0,1.0,success,False,2026-08-27T21:17:03.008156+09:00
Hinge Deal,210.0,2.0,success,False,2026-08-21T01:53:20.957099+09:00
Hinge Debt,,,failed,False,2026-08-21T02:26:41.708739+09:00
Hinge Desk,140.0,100.0,success,False,2026-08-19T21:13:50.204351+09:00
Hinge Detail,170.0,12.0,success,False,2026-08-23T03:24:01.511685+09:00
Hinge Detector,10.0,12.0,success,False,2026-08-27T23:59:26.259431+09:00
Hinge Diagram,210.0,0.0,success,False,2026-08-27T22:12:21.251456+09:00
Hinge Digest,,,failed,False,2026-08-19T21:10:50.221080+09:00
Hinge Directory,,,failed,False,2026-08-19T21:31:40.381854+09:00
Hinge Discount,1600.0,1.0,success,False,2026-08-23T16:13:58.601282+09:00
Hinge Dossier,,,failed,False,2026-08-21T01:01:07.549578+09:00
Hinge Downpayment,,,failed,False,2026-08-27T21:48:13.959890+09:00
Hinge Draft,,,failed,False,2026-08-19T21:11:12.970448+09:00
Hinge Due,,,failed,False,2026-08-23T15:51:24.556081+09:00
Hinge Duty,,,failed,False,2026-08-21T02:43:10.515094+09:00
Hinge Engine,,,failed,False,2026-08-19T21:30:10.428031+09:00
Hinge Entry,,,failed,False,2026-08-21T01:01:17.697392+09:00
Hinge Estimate,,,failed,False,2026-08-19T21:12:41.804289+09:00
Hinge Estimator,,,failed,False,2026-08-27T23:59:23.650703+09:00
Hinge Fare,,,failed,False,2026-08-21T02:10:17.497387+09:00
Hinge Fee,90.0,1.0,success,False,2026-08-21T01:52:58.378871+09:00
Hinge Feed,40.0,0.0,success,False,2026-08-19T21:11:02.607888+09:00
Hinge File,,,failed,False,2026-08-19T21:10:07.849360+09:00
Hinge Finder,320.0,32.0,success,False,2026-08-19T21:31:59.320296+09:00
Hinge Fine,,,failed,False,2026-08-23T02:57:47.800883+09:00
Hinge Flag,,,failed,False,2026-08-21T00:25:47.755507+09:00
Hinge Flow,,,failed,False,2026-08-19T21:13:28.219579+09:00
Hinge Forge,,,failed,False,2026-08-19T21:14:53.889746+09:00
Hinge Form,90.0,0.0,success,False,2026-08-19T21:07:57.029357+09:00
Hinge Frame,590.0,100.0,success,False,2026-08-19T21:17:15.430061+09:00
Hinge Fund,20.0,0.0,success,False,2026-08-21T02:26:43.792522+09:00
Hinge Gate,33100.0,100.0,success,False,2026-08-19T21:29:34.148902+09:00
Hinge Giveaway,,,failed,False,2026-08-27T21:17:14.401522+09:00
Hinge Grade,,,failed,False,2026-08-21T00:25:26.988508+09:00
Hinge Graph,,,failed,False,2026-08-27T22:12:11.460290+09:00
Hinge Grid,,,failed,False,2026-08-19T21:16:14.581068+09:00
Hinge Helper,1000.0,4.0,success,False,2026-08-28T00:21:06.843571+09:00
Hinge History,210.0,14.0,success,False,2026-08-19T21:09:50.193216+09:00
Hinge Hotline,30.0,0.0,success,False,2026-08-19T21:13:02.504471+09:00
Hinge Hub,,,failed,False,2026-08-19T21:13:38.700903+09:00
Hinge Identifier,,,failed,False,2026-08-23T13:04:45.223955+09:00
Hinge Inbox,70.0,0.0,success,False,2026-08-19T21:05:49.435162+09:00
Hinge Incentive,,,failed,False,2026-08-27T21:17:10.879829+09:00
Hinge Index,,,failed,False,2026-08-19T21:12:07.891173+09:00
Hinge Installment,,,failed,False,2026-08-23T16:14:01.846183+09:00
Hinge Item,70.0,100.0,success,False,2026-08-21T01:53:07.082720+09:00
Hinge Journal,,,failed,False,2026-08-19T21:31:17.357360+09:00
Hinge Keeper,,,failed,False,2026-08-19T21:29:55.661249+09:00
Hinge Kiosk,,,failed,False,2026-08-19T21:03:45.298500+09:00
Hinge Kit,390.0,92.0,success,False,2026-08-27T22:50:00.330096+09:00
Hinge Lab,,,failed,False,2026-08-19T21:18:22.582804+09:00
Hinge Label,20.0,2.0,success,False,2026-08-27T22:12:15.272381+09:00
Hinge Ledger,,,failed,False,2026-08-19T21:17:45.288805+09:00
Hinge Level,,,failed,False,2026-08-19T21:10:18.944671+09:00
Hinge Line,720.0,2.0,success,False,2026-08-19T21:07:06.926428+09:00
Hinge Link,110.0,6.0,success,False,2026-08-23T03:23:54.422715+09:00
Hinge List,,,failed,False,2026-08-19T21:59:19.992699+09:00
Hinge Loan,,,failed,False,2026-08-21T02:10:26.523271+09:00
Hinge Locator,720.0,16.0,success,False,2026-08-19T21:31:50.558670+09:00
Hinge Locker,70.0,18.0,success,False,2026-08-19T21:32:21.399233+09:00
Hinge Log,30.0,3.0,success,False,2026-08-19T21:07:47.829296+09:00
Hinge Loop,90.0,19.0,success,False,2026-08-19T21:16:02.434865+09:00
Hinge Manager,,,failed,False,2026-08-19T21:30:03.373519+09:00
Hinge Manual,,,failed,False,2026-08-27T22:12:17.686005+09:00
Hinge Map,40.0,0.0,success,False,2026-08-19T21:17:02.639874+09:00
Hinge Margin,,,failed,False,2026-08-23T02:57:45.364347+09:00
Hinge Markup,,,failed,False,2026-08-23T16:38:55.641714+09:00
Hinge Memo,,,failed,False,2026-08-21T00:25:32.620138+09:00
Hinge Message,1600.0,0.0,success,True,2026-08-27T23:15:49.054288+09:00
Hinge Monitor,140.0,51.0,success,False,2026-08-19T21:30:39.077841+09:00
Hinge Nexus,,,failed,False,2026-08-19T21:29:40.498335+09:00
Hinge Note,720.0,0.0,success,False,2026-08-19T21:08:50.261483+09:00
Hinge Number,210.0,1.0,success,False,2026-08-23T03:23:46.825883+09:00
Hinge Ops,,,failed,False,2026-08-19T21:31:03.580111+09:00
Hinge Order,,,failed,False,2026-08-19T21:58:41.732793+09:00
Hinge Overage,,,failed,False,2026-08-27T21:48:11.561191+09:00
Hinge Overdue,,,failed,False,2026-08-27T21:48:09.369962+09:00
Hinge Panel,320.0,47.0,success,False,2026-08-19T21:19:47.057352+09:00
Hinge Pass,,,failed,False,2026-08-21T00:24:46.055669+09:00
Hinge Path,,,failed,False,2026-08-19T21:16:36.317434+09:00
Hinge Payoff,,,failed,False,2026-08-27T21:48:11.561191+09:00
Hinge Petition,,,failed,False,2026-08-21T01:00:58.878918+09:00
Hinge Plan,,,failed,False,2026-08-21T01:53:14.865292+09:00
Hinge Planner,,,failed,False,2026-08-19T21:30:24.987558+09:00
Hinge Playbook,,,failed,False,2026-08-19T21:31:09.123245+09:00
Hinge Point,1000.0,0.0,success,True,2026-08-19T21:16:48.614230+09:00
Hinge Portal,10.0,21.0,success,False,2026-08-19T21:19:23.397844+09:00
Hinge Post,,,failed,False,2026-08-19T21:04:22.708628+09:00
Hinge Profile,9900.0,1.0,success,False,2026-08-19T21:09:13.421479+09:00
Hinge Profit,20.0,0.0,success,False,2026-08-23T02:57:40.926366+09:00
Hinge Queue,,,failed,False,2026-08-19T21:12:30.069108+09:00
Hinge Quota,,,failed,False,2026-08-21T00:25:40.973918+09:00
Hinge Radar,,,failed,False,2026-08-19T21:14:01.404689+09:00
Hinge Rail,320.0,18.0,success,False,2026-08-19T21:29:05.227189+09:00
Hinge Rate,70.0,61.0,success,False,2026-08-19T21:10:29.402308+09:00
Hinge Recap,,,failed,False,2026-08-21T01:01:11.672775+09:00
Hinge Receipt,,,failed,False,2026-08-19T21:58:59.534733+09:00
Hinge Registry,,,failed,False,2026-08-19T21:31:23.417988+09:00
Hinge Relay,,,failed,False,2026-08-19T21:14:11.257032+09:00
Hinge Reminder,,,failed,False,2026-08-19T21:11:46.371328+09:00
Hinge Report,480.0,0.0,success,False,2026-08-19T21:07:36.739108+09:00
Hinge Ring,14800.0,90.0,success,False,2026-08-19T21:29:26.779055+09:00
Hinge Roster,,,failed,False,2026-08-19T21:05:37.228592+09:00
Hinge Route,30.0,0.0,success,False,2026-08-19T21:20:10.804990+09:00
Hinge Rule,,,failed,False,2026-08-23T03:23:58.190781+09:00
Hinge Sale,110.0,46.0,success,False,2026-08-21T02:26:53.610271+09:00
Hinge Sample,,,failed,False,2026-08-19T22:00:01.898557+09:00
Hinge Scale,,,failed,False,2026-08-19T21:19:58.668783+09:00
Hinge Scanner,,,failed,False,2026-08-27T23:59:23.650703+09:00
Hinge Scheduler,,,failed,False,2026-08-19T21:30:31.013934+09:00
Hinge Schematic,,,failed,False,2026-08-27T22:29:07.164636+09:00
Hinge Scope,,,failed,False,2026-08-19T21:15:52.181697+09:00
Hinge Score,50.0,0.0,success,False,2026-08-19T21:08:37.744349+09:00
Hinge Sheet,10.0,20.0,success,False,2026-08-19T21:08:17.191236+09:00
Hinge Shelf,1000.0,100.0,success,False,2026-08-19T21:05:26.715187+09:00
Hinge Shortfall,,,failed,False,2026-08-27T21:48:16.120561+09:00
Hinge Signal,260.0,0.0,success,False,2026-08-19T21:15:31.407245+09:00
Hinge Slip,,,failed,False,2026-08-19T21:59:52.671651+09:00
Hinge Slot,260.0,88.0,success,False,2026-08-19T22:00:12.371601+09:00
Hinge Stake,,,failed,False,2026-08-23T02:57:43.117346+09:00
Hinge Statement,,,failed,False,2026-08-21T00:25:13.031282+09:00
Hinge Station,10.0,0.0,success,False,2026-08-19T21:18:32.816387+09:00
Hinge Status,170.0,0.0,success,False,2026-08-19T21:09:27.813218+09:00
Hinge Stub,,,failed,False,2026-08-21T00:25:04.867976+09:00
Hinge Subsidy,,,failed,False,2026-08-23T15:51:26.748439+09:00
Hinge Sum,,,failed,False,2026-08-21T02:26:39.495067+09:00
Hinge Summary,,,failed,False,2026-08-19T21:11:23.723554+09:00
Hinge Surtax,,,failed,False,2026-08-23T15:51:31.238085+09:00
Hinge Tab,50.0,0.0,success,False,2026-08-21T00:25:54.977191+09:00
Hinge Table,1300.0,100.0,success,False,2026-08-19T21:59:30.293970+09:00
Hinge Tag,,,failed,False,2026-08-19T21:09:00.850536+09:00
Hinge Tally,,,failed,False,2026-08-21T00:25:18.497443+09:00
Hinge Tariff,,,failed,False,2026-08-21T02:43:19.046773+09:00
Hinge Tax,10.0,0.0,success,False,2026-08-21T02:10:21.556989+09:00
Hinge Terminal,,,failed,False,2026-08-19T21:18:46.381283+09:00
Hinge Ticker,20.0,0.0,success,False,2026-08-19T21:06:52.977513+09:00
Hinge Ticket,20.0,0.0,success,False,2026-08-19T21:12:20.631006+09:00
Hinge Timeline,,,failed,False,2026-08-19T21:11:34.990271+09:00
Hinge Toll,,,failed,False,2026-08-21T02:43:14.426169+09:00
Hinge Toolbox,,,failed,False,2026-08-28T00:21:02.971988+09:00
Hinge Total,,,failed,False,2026-08-27T23:15:49.054288+09:00
Hinge Tracker,70.0,16.0,success,False,2026-08-19T21:13:17.515413+09:00
Hinge Trail,,,failed,False,2026-08-19T21:29:10.316262+09:00
Hinge Trial,110.0,2.0,success,False,2026-08-27T21:17:10.879829+09:00
Hinge Unit,20.0,8.0,success,False,2026-08-21T01:53:10.453555+09:00
Hinge Update,390.0,0.0,success,False,2026-08-19T21:10:38.305423+09:00
Hinge Value,20.0,0.0,success,False,2026-08-23T02:57:43.117346+09:00
Hinge Vault,,,failed,False,2026-08-19T21:14:21.531663+09:00
Hinge Version,,,failed,False,2026-08-23T03:23:49.316132+09:00
Hinge View,,,failed,False,2026-08-19T21:09:40.471721+09:00
Hinge Voucher,50.0,2.0,success,False,2026-08-21T00:24:51.764822+09:00
Hinge Watch,50.0,43.0,success,False,2026-08-19T21:15:42.753829+09:00
Hinge Wave,,,failed,False,2026-08-19T21:16:25.825046+09:00
Hinge Widget,,,failed,False,2026-08-27T23:15:53.344715+09:00
Hinge Window,9900.0,100.0,success,False,2026-08-19T21:07:18.151537+09:00
Hinge Worksheet,,,failed,False,2026-08-27T22:12:21.251456+09:00
Hinge Workshop,,,failed,False,2026-08-28T00:20:59.096636+09:00
Hinge Yard,,,failed,False,2026-08-19T21:03:58.078741+09:00
Hinge Zone,70.0,0.0,success,False,2026-08-19T21:19:09.949699+09:00
Hold Advisory,,,failed,False,2026-08-21T01:23:09.410692+09:00
Hold Alert,,,failed,False,2026-08-21T01:18:34.503460+09:00
Hold Allowance,,,failed,False,2026-08-21T02:38:45.456500+09:00
Hold Analyzer,,,failed,False,2026-08-27T23:56:59.391700+09:00
Hold Announcement,,,failed,False,2026-08-27T23:34:57.472203+09:00
Hold Asset,70.0,4.0,success,False,2026-08-23T13:48:13.167118+09:00
Hold Assistant,30.0,0.0,success,False,2026-08-21T01:16:03.338785+09:00
Hold Atlas,,,failed,False,2026-08-21T01:15:43.149064+09:00
Hold Attribute,,,failed,False,2026-08-23T13:07:51.086484+09:00
Hold Badge,,,failed,False,2026-08-21T01:22:23.798217+09:00
Hold Balance,720.0,0.0,success,False,2026-08-23T13:48:10.648745+09:00
Hold Base,20.0,18.0,success,False,2026-08-21T01:25:11.979955+09:00
Hold Bay,90.0,4.0,success,False,2026-08-21T01:35:17.900497+09:00
Hold Beacon,,,failed,False,2026-08-21T01:25:00.165555+09:00
Hold Bill,170.0,0.0,success,False,2026-08-21T01:21:34.003833+09:00
Hold Bin,30.0,32.0,success,False,2026-08-21T01:18:42.442648+09:00
Hold Board,1000.0,2.0,success,False,2026-08-21T01:25:45.514354+09:00
Hold Booth,10.0,0.0,success,False,2026-08-21T01:17:36.062470+09:00
Hold Bridge,2900.0,0.0,success,True,2026-08-21T01:25:00.165555+09:00
Hold Brief,320.0,0.0,success,False,2026-08-21T01:22:58.534719+09:00
Hold Bulletin,,,failed,False,2026-08-21T01:22:53.742962+09:00
Hold Calculator,480.0,0.0,success,False,2026-08-27T23:34:59.997959+09:00
Hold Calendar,390.0,1.0,success,False,2026-08-21T01:16:56.595304+09:00
Hold Card,2400.0,25.0,success,False,2026-08-21T01:19:35.649490+09:00
Hold Cascade,,,failed,False,2026-08-21T01:25:00.165555+09:00
Hold Cash,720.0,7.0,success,False,2026-08-21T02:21:27.143708+09:00
Hold Category,,,failed,False,2026-08-23T13:07:51.086484+09:00
Hold Center,320.0,3.0,success,False,2026-08-21T01:26:08.809687+09:00
Hold Chain,301000.0,100.0,success,False,2026-08-21T01:15:25.336646+09:00
Hold Charge,480.0,1.0,success,False,2026-08-21T02:38:37.938007+09:00
Hold Chart,140.0,2.0,success,False,2026-08-21T01:18:39.603435+09:00
Hold Check,880.0,0.0,success,False,2026-08-21T01:19:45.031880+09:00
Hold Checker,,,failed,False,2026-08-27T23:56:53.046222+09:00
Hold Circular,,,failed,False,2026-08-21T01:23:01.482269+09:00
Hold Code,210.0,0.0,success,False,2026-08-21T01:21:42.147576+09:00
Hold Companion,,,failed,False,2026-08-21T01:16:26.293455+09:00
Hold Comparison,,,failed,False,2026-08-28T01:08:07.317285+09:00
Hold Compass,170.0,1.0,success,False,2026-08-21T01:24:08.790137+09:00
Hold Confirmation,,,failed,False,2026-08-21T01:35:17.900497+09:00
Hold Console,,,failed,False,2026-08-21T01:26:19.673494+09:00
Hold Core,20.0,0.0,success,False,2026-08-21T01:25:39.259226+09:00
Hold Cost,1900.0,0.0,success,True,2026-08-21T02:14:24.666160+09:00
Hold Count,10.0,0.0,success,False,2026-08-27T22:47:53.351609+09:00
Hold Counter,,,failed,False,2026-08-21T01:17:24.597618+09:00
Hold Deal,10.0,0.0,success,False,2026-08-21T01:58:02.709797+09:00
Hold Debt,50.0,0.0,success,False,2026-08-21T02:21:19.910090+09:00
Hold Deck,30.0,0.0,success,False,2026-08-21T01:25:49.214024+09:00
Hold Desk,30.0,100.0,success,False,2026-08-21T01:35:17.900497+09:00
Hold Detail,,,failed,False,2026-08-23T03:19:30.157366+09:00
Hold Detector,10.0,0.0,success,False,2026-08-27T23:56:56.552521+09:00
Hold Diagram,,,failed,False,2026-08-27T22:09:01.274163+09:00
Hold Directory,,,failed,False,2026-08-21T01:16:58.879155+09:00
Hold Draft,50.0,1.0,success,False,2026-08-21T01:20:48.632862+09:00
Hold Duty,,,failed,False,2026-08-21T02:38:41.018051+09:00
Hold Engine,10.0,9.0,success,False,2026-08-21T01:15:55.134469+09:00
Hold Entry,4400.0,0.0,success,True,2026-08-21T01:23:30.836605+09:00
Hold Estimate,,,failed,False,2026-08-21T01:21:25.005948+09:00
Hold Estimator,,,failed,False,2026-08-27T23:56:50.543102+09:00
Hold Extension,20.0,5.0,success,False,2026-08-23T16:37:31.309501+09:00
Hold Fare,40.0,61.0,success,False,2026-08-21T02:14:27.987170+09:00
Hold Fee,720.0,0.0,success,False,2026-08-21T01:57:44.659244+09:00
Hold Feed,,,failed,False,2026-08-21T01:20:45.332631+09:00
Hold File,170.0,52.0,success,False,2026-08-21T01:20:28.588615+09:00
Hold Flow,10.0,0.0,success,False,2026-08-21T01:23:35.044251+09:00
Hold Forge,,,failed,False,2026-08-21T01:25:00.165555+09:00
Hold Form,880.0,0.0,success,False,2026-08-21T01:19:29.603335+09:00
Hold Format,,,failed,False,2026-08-23T13:07:55.793530+09:00
Hold Frame,720.0,16.0,success,False,2026-08-21T01:35:17.900497+09:00
Hold Fund,70.0,0.0,success,False,2026-08-21T02:21:23.135425+09:00
Hold Gate,170.0,39.0,success,False,2026-08-21T01:15:31.943617+09:00
Hold Graph,20.0,0.0,success,False,2026-08-27T22:08:46.567667+09:00
Hold Grid,,,failed,False,2026-08-21T01:24:52.705656+09:00
Hold Guarantee,,,failed,False,2026-08-28T01:08:09.929341+09:00
Hold Harbor,20.0,6.0,success,False,2026-08-21T01:23:11.451788+09:00
Hold Helper,,,failed,False,2026-08-28T00:26:20.204001+09:00
Hold History,20.0,0.0,success,False,2026-08-21T01:20:20.986675+09:00
Hold Hub,10.0,0.0,success,False,2026-08-21T01:23:45.473669+09:00
Hold Identifier,,,failed,False,2026-08-23T13:07:48.964667+09:00
Hold Inbox,,,failed,False,2026-08-21T01:18:26.670234+09:00
Hold Index,20.0,0.0,success,False,2026-08-21T01:21:13.489274+09:00
Hold Interest,70.0,12.0,success,False,2026-08-23T13:48:13.167118+09:00
Hold Item,590.0,0.0,success,False,2026-08-21T01:57:52.664433+09:00
Hold Journal,,,failed,False,2026-08-21T01:23:07.832051+09:00
Hold Keeper,10.0,63.0,success,False,2026-08-21T01:15:46.981049+09:00
Hold Lab,10.0,1.0,success,False,2026-08-21T01:25:43.368101+09:00
Hold Label,210.0,60.0,success,False,2026-08-27T22:08:49.995304+09:00
Hold Ledger,,,failed,False,2026-08-21T01:25:40.979194+09:00
Hold Level,140.0,80.0,success,False,2026-08-21T01:20:30.866856+09:00
Hold Levy,,,failed,False,2026-08-23T13:48:15.214978+09:00
Hold Line,1000.0,4.0,success,False,2026-08-21T01:19:07.466825+09:00
Hold Link,10.0,0.0,success,False,2026-08-23T03:19:24.648506+09:00
Hold List,50.0,0.0,success,False,2026-08-21T01:21:48.565459+09:00
Hold Loan,60500.0,47.0,success,False,2026-08-21T02:14:36.179977+09:00
Hold Lobby,,,failed,False,2026-08-21T01:18:54.031046+09:00
Hold Locator,,,failed,False,2026-08-21T01:17:06.015996+09:00
Hold Locker,10.0,20.0,success,False,2026-08-21T01:17:30.839165+09:00
Hold Log,50.0,1.0,success,False,2026-08-21T01:19:25.139986+09:00
Hold Loop,,,failed,False,2026-08-21T01:25:00.165555+09:00
Hold Manager,2400.0,3.0,success,False,2026-08-21T01:15:52.243294+09:00
Hold Manual,,,failed,False,2026-08-27T22:08:49.995304+09:00
Hold Map,390.0,0.0,success,False,2026-08-21T01:25:09.973684+09:00
Hold Margin,20.0,0.0,success,False,2026-08-23T02:54:35.289098+09:00
Hold Memo,10.0,0.0,success,False,2026-08-21T01:22:36.440068+09:00
Hold Message,170.0,5.0,success,False,2026-08-27T23:13:21.065060+09:00
Hold Monitor,70.0,37.0,success,False,2026-08-21T01:16:18.467523+09:00
Hold Nexus,,,failed,False,2026-08-21T01:15:36.930840+09:00
Hold Note,590.0,0.0,success,False,2026-08-21T01:19:54.083744+09:00
Hold Notification,10.0,0.0,success,False,2026-08-27T22:47:50.980247+09:00
Hold Number,2400.0,0.0,success,True,2026-08-23T03:19:21.354912+09:00
Hold Office,480.0,6.0,success,False,2026-08-21T01:17:18.123686+09:00
Hold Ops,,,failed,False,2026-08-21T01:16:36.813672+09:00
Hold Order,210.0,0.0,success,False,2026-08-21T01:21:31.170741+09:00
Hold Outpost,,,failed,False,2026-08-21T01:17:57.482592+09:00
Hold Overage,,,failed,False,2026-08-27T21:46:30.971214+09:00
Hold Panel,,,failed,False,2026-08-21T01:26:25.836028+09:00
Hold Pass,140.0,0.0,success,False,2026-08-21T01:22:09.935224+09:00
Hold Passport,480.0,14.0,success,False,2026-08-21T01:18:50.592866+09:00
Hold Path,,,failed,False,2026-08-21T01:25:01.384940+09:00
Hold Penalty,10.0,0.0,success,False,2026-08-23T16:37:26.596455+09:00
Hold Petition,,,failed,False,2026-08-21T01:23:12.871826+09:00
Hold Plan,50.0,1.0,success,False,2026-08-21T01:58:00.854013+09:00
Hold Planner,,,failed,False,2026-08-21T01:16:08.180396+09:00
Hold Playbook,,,failed,False,2026-08-21T01:16:42.417120+09:00
Hold Plaza,,,failed,False,2026-08-21T01:23:11.451788+09:00
Hold Point,1600.0,1.0,success,False,2026-08-21T01:25:05.827415+09:00
Hold Portal,50.0,0.0,success,False,2026-08-21T01:26:17.676069+09:00
Hold Post,110.0,3.0,success,False,2026-08-21T01:17:52.131047+09:00
Hold Profile,,,failed,False,2026-08-21T01:20:03.244208+09:00
Hold Profit,,,failed,False,2026-08-23T02:54:28.936816+09:00
Hold Quota,,,failed,False,2026-08-21T01:22:41.888615+09:00
Hold Radar,30.0,0.0,success,False,2026-08-21T01:23:52.904904+09:00
Hold Rail,110.0,55.0,success,False,2026-08-21T01:26:37.625507+09:00
Hold Rate,3350000.0,1.0,success,False,2026-08-21T01:20:36.811619+09:00
Hold Recap,,,failed,False,2026-08-21T01:23:27.807599+09:00
Hold Receipt,,,failed,False,2026-08-21T01:21:39.012967+09:00
Hold Recorder,30.0,1.0,success,False,2026-08-27T23:35:04.726489+09:00
Hold Register,210.0,0.0,success,False,2026-08-21T01:16:28.829039+09:00
Hold Registry,,,failed,False,2026-08-21T01:16:50.383045+09:00
Hold Relay,140.0,57.0,success,False,2026-08-21T01:23:50.887102+09:00
Hold Reminder,,,failed,False,2026-08-21T01:21:06.488842+09:00
Hold Report,70.0,0.0,success,False,2026-08-21T01:19:23.070915+09:00
Hold Repository,,,failed,False,2026-08-27T23:13:31.938909+09:00
Hold Ring,720.0,91.0,success,False,2026-08-21T01:15:26.988997+09:00
Hold Roll,70.0,0.0,success,False,2026-08-21T01:19:16.110446+09:00
Hold Roster,,,failed,False,2026-08-21T01:18:21.687046+09:00
Hold Route,,,failed,False,2026-08-21T01:26:35.509450+09:00
Hold Rule,,,failed,False,2026-08-23T03:19:26.945614+09:00
Hold Sale,140.0,1.0,success,False,2026-08-21T02:21:33.857873+09:00
Hold Sample,,,failed,False,2026-08-21T01:22:01.103254+09:00
Hold Scale,,,failed,False,2026-08-21T01:26:29.214274+09:00
Hold Scope,20.0,2.0,success,False,2026-08-21T01:25:00.165555+09:00
Hold Score,,,failed,False,2026-08-21T01:19:49.395013+09:00
Hold Sheet,140.0,30.0,success,False,2026-08-21T01:19:38.759789+09:00
Hold Shelf,140.0,81.0,success,False,2026-08-21T01:18:16.729979+09:00
Hold Signal,50.0,0.0,success,False,2026-08-21T01:25:00.165555+09:00
Hold Slip,30.0,0.0,success,False,2026-08-21T01:21:56.845957+09:00
Hold Slot,50.0,4.0,success,False,2026-08-21T01:22:03.238360+09:00
Hold Statement,1300.0,0.0,success,True,2026-08-21T01:22:33.143231+09:00
Hold Station,210.0,6.0,success,False,2026-08-21T01:25:58.145790+09:00
Hold Status,260.0,0.0,success,False,2026-08-21T01:20:09.112300+09:00
Hold Stub,,,failed,False,2026-08-21T01:22:29.239348+09:00
Hold Studio,720.0,4.0,success,False,2026-08-21T01:25:53.521014+09:00
Hold Sum,10.0,0.0,success,False,2026-08-21T02:21:16.859864+09:00
Hold Summary,,,failed,False,2026-08-21T01:20:57.396338+09:00
Hold Tab,170.0,1.0,success,False,2026-08-21T01:22:48.599352+09:00
Hold Table,480.0,100.0,success,False,2026-08-21T01:21:51.595086+09:00
Hold Tag,390.0,63.0,success,False,2026-08-21T01:19:57.563871+09:00
Hold Tariff,,,failed,False,2026-08-21T02:38:47.806400+09:00
Hold Tax,27100.0,0.0,success,True,2026-08-21T02:14:32.398981+09:00
Hold Terminal,,,failed,False,2026-08-21T01:26:04.709927+09:00
Hold Ticker,20.0,0.0,success,False,2026-08-21T01:19:00.586921+09:00
Hold Ticket,390.0,16.0,success,False,2026-08-21T01:21:19.183876+09:00
Hold Timeline,,,failed,False,2026-08-21T01:21:03.266778+09:00
Hold Timer,2900.0,0.0,success,True,2026-08-28T00:26:14.926541+09:00
Hold Toll,,,failed,False,2026-08-21T02:38:43.386978+09:00
Hold Toolbox,,,failed,False,2026-08-28T00:26:17.382290+09:00
Hold Total,,,failed,False,2026-08-27T23:13:25.257331+09:00
Hold Tower,,,failed,False,2026-08-21T01:18:13.374383+09:00
Hold Tracker,,,failed,False,2026-08-21T01:23:38.443967+09:00
Hold Trail,,,failed,False,2026-08-21T01:26:47.452980+09:00
Hold Trend,20.0,0.0,success,False,2026-08-28T01:08:04.607830+09:00
Hold Trial,10.0,0.0,success,False,2026-08-27T21:14:33.237385+09:00
Hold Unit,40.0,5.0,success,False,2026-08-21T01:57:54.921820+09:00
Hold Update,10.0,0.0,success,False,2026-08-21T01:20:39.645097+09:00
Hold Vault,10.0,0.0,success,False,2026-08-21T01:25:00.165555+09:00
Hold Version,,,failed,False,2026-08-23T03:19:21.354912+09:00
Hold View,110.0,0.0,success,False,2026-08-21T01:20:11.987698+09:00
Hold Voucher,,,failed,False,2026-08-21T01:22:20.767459+09:00
Hold Watch,320.0,90.0,success,False,2026-08-21T01:25:00.165555+09:00
Hold Wave,20.0,5.0,success,False,2026-08-21T01:24:59.173649+09:00
Hold Widget,,,failed,False,2026-08-27T23:13:28.057978+09:00
Hold Window,,,failed,False,2026-08-21T01:19:09.689487+09:00
Hold Worksheet,,,failed,False,2026-08-27T22:08:54.322972+09:00
Hold Yard,,,failed,False,2026-08-21T01:17:43.825232+09:00
Hold Zone,10.0,0.0,success,False,2026-08-21T01:26:13.869304+09:00
Homework Advance,,,failed,False,2026-08-23T16:16:06.207689+09:00
Homework Advisory,,,failed,False,2026-08-21T01:04:32.859141+09:00
Homework Allowance,,,failed,False,2026-08-21T02:37:07.617432+09:00
Homework Analyzer,,,failed,False,2026-08-27T23:52:57.703687+09:00
Homework Announcement,590.0,0.0,success,False,2026-08-27T23:32:49.894310+09:00
Homework Arrears,,,failed,False,2026-08-23T16:16:06.207689+09:00
Homework Assistant,590.0,12.0,success,False,2026-08-19T00:00:51.306672+09:00
Homework Atlas,,,failed,False,2026-08-19T00:00:16.279363+09:00
Homework Attribute,,,failed,False,2026-08-23T13:06:51.579478+09:00
Homework Badge,10.0,37.0,success,False,2026-08-21T00:29:18.901587+09:00
Homework Base,30.0,46.0,success,False,2026-08-19T00:05:29.382308+09:00
Homework Beacon,10.0,,success,False,2026-08-19T00:04:01.106556+09:00
Homework Bill,,,failed,False,2026-08-19T22:05:28.406409+09:00
Homework Board,320.0,10.0,success,False,2026-08-18T23:57:18.728861+09:00
Homework Book,1600.0,55.0,success,False,2026-08-19T22:06:15.067471+09:00
Homework Bridge,,,failed,False,2026-08-19T00:04:23.577898+09:00
Homework Brief,,,failed,False,2026-08-21T01:04:22.356565+09:00
Homework Bulletin,,,failed,False,2026-08-21T01:04:15.866621+09:00
Homework Calculator,390.0,3.0,success,False,2026-08-27T23:32:49.894310+09:00
Homework Calendar,720.0,70.0,success,False,2026-08-19T00:02:09.626106+09:00
Homework Card,70.0,4.0,success,False,2026-08-19T13:40:14.970348+09:00
Homework Cascade,,,failed,False,2026-08-19T00:04:18.277485+09:00
Homework Cash,10.0,0.0,success,False,2026-08-21T02:30:24.474717+09:00
Homework Cashback,,,failed,False,2026-08-27T21:19:20.192831+09:00
Homework Catalog,,,failed,False,2026-08-19T21:19:21.338240+09:00
Homework Category,,,failed,False,2026-08-23T13:06:47.092391+09:00
Homework Center,260.0,7.0,success,False,2026-08-18T23:58:19.517114+09:00
Homework Chain,,,failed,False,2026-08-18T23:59:36.900086+09:00
Homework Charge,,,failed,False,2026-08-21T02:36:58.611410+09:00
Homework Check,1600.0,8.0,success,False,2026-08-19T13:40:47.127510+09:00
Homework Checker,1600.0,8.0,success,False,2026-08-27T23:52:49.352062+09:00
Homework Checklist,590.0,35.0,success,False,2026-08-19T21:18:19.882315+09:00
Homework Circular,,,failed,False,2026-08-21T01:04:28.874460+09:00
Homework Code,8100.0,0.0,success,True,2026-08-19T22:05:48.495667+09:00
Homework Companion,,,failed,False,2026-08-19T00:01:24.646371+09:00
Homework Comparison,,,failed,False,2026-08-28T01:04:19.597729+09:00
Homework Compass,,,failed,False,2026-08-19T00:03:50.601023+09:00
Homework Confirmation,,,failed,False,2026-08-21T01:04:53.420072+09:00
Homework Console,,,failed,False,2026-08-18T23:58:46.816942+09:00
Homework Core,,,failed,False,2026-08-19T00:05:33.402476+09:00
Homework Cost,,,failed,False,2026-08-21T02:13:34.693364+09:00
Homework Count,10.0,0.0,success,False,2026-08-27T22:44:33.124302+09:00
Homework Counter,,,failed,False,2026-08-19T00:02:56.248931+09:00
Homework Coupon,70.0,0.0,success,False,2026-08-27T21:19:13.437251+09:00
Homework Deal,30.0,7.0,success,False,2026-08-21T01:57:21.062358+09:00
Homework Debt,,,failed,False,2026-08-21T02:30:16.403499+09:00
Homework Deck,,,failed,False,2026-08-18T23:57:28.259874+09:00
Homework Depot,37200000.0,18.0,success,False,2026-08-19T00:02:39.195734+09:00
Homework Desk,1000.0,100.0,success,False,2026-08-19T00:03:23.645450+09:00
Homework Detail,,,failed,False,2026-08-23T03:17:31.358374+09:00
Homework Detector,,,failed,False,2026-08-27T23:52:54.402675+09:00
Homework Digest,,,failed,False,2026-08-19T20:42:59.296448+09:00
Homework Directory,30.0,2.0,success,False,2026-08-19T00:02:15.189621+09:00
Homework Discount,,,failed,False,2026-08-23T16:16:00.073730+09:00
Homework Dossier,,,failed,False,2026-08-21T01:05:02.312819+09:00
Homework Downpayment,,,failed,False,2026-08-27T21:50:17.905826+09:00
Homework Draft,,,failed,False,2026-08-19T20:43:13.193243+09:00
Homework Due,320.0,0.0,success,False,2026-08-23T15:52:22.475978+09:00
Homework Duty,,,failed,False,2026-08-21T02:37:01.944995+09:00
Homework Engine,10.0,0.0,success,False,2026-08-19T00:00:40.903706+09:00
Homework Entry,,,failed,False,2026-08-21T01:05:23.608566+09:00
Homework Estimate,,,failed,False,2026-08-19T21:19:08.211207+09:00
Homework Estimator,,,failed,False,2026-08-27T23:52:45.278124+09:00
Homework Excerpt,,,failed,False,2026-08-21T01:05:09.510273+09:00
Homework Extension,170.0,8.0,success,False,2026-08-23T16:39:58.056757+09:00
Homework Fare,,,failed,False,2026-08-21T02:13:39.971656+09:00
Homework Fee,,,failed,False,2026-08-21T01:57:02.115497+09:00
Homework Feed,,,failed,False,2026-08-19T20:43:04.288794+09:00
Homework Field,,,failed,False,2026-08-23T13:06:54.038616+09:00
Homework File,260.0,90.0,success,False,2026-08-19T20:42:27.783446+09:00
Homework Finder,50.0,22.0,success,False,2026-08-19T00:02:30.122335+09:00
Homework Fine,,,failed,False,2026-08-23T02:53:25.456581+09:00
Homework Flag,,,failed,False,2026-08-21T00:30:08.282339+09:00
Homework Flow,10.0,,success,False,2026-08-19T00:03:06.405993+09:00
Homework Forge,,,failed,False,2026-08-19T00:04:07.444762+09:00
Homework Form,50.0,2.0,success,False,2026-08-19T13:39:57.462867+09:00
Homework Format,90.0,0.0,success,False,2026-08-23T13:06:56.024749+09:00
Homework Frame,70.0,2.0,success,False,2026-08-19T00:05:23.888896+09:00
Homework Fund,,,failed,False,2026-08-21T02:30:21.260254+09:00
Homework Gate,140.0,34.0,success,False,2026-08-18T23:59:57.747609+09:00
Homework Generator,140.0,17.0,success,False,2026-08-27T23:32:54.562632+09:00
Homework Giveaway,,,failed,False,2026-08-27T21:19:26.078520+09:00
Homework Grade,,,failed,False,2026-08-21T00:29:47.975164+09:00
Homework Graph,30.0,0.0,success,False,2026-08-27T22:14:45.094035+09:00
Homework Grid,90.0,2.0,success,False,2026-08-19T00:04:56.559247+09:00
Homework Guardian,,,failed,False,2026-08-28T00:23:11.653599+09:00
Homework Helpdesk,,,failed,False,2026-08-27T22:44:35.371350+09:00
Homework Helper,,,failed,False,2026-08-28T00:23:14.492376+09:00
Homework History,390.0,0.0,success,False,2026-08-19T20:42:19.980728+09:00
Homework Hotline,1000.0,4.0,success,False,2026-08-19T21:19:32.635751+09:00
Homework Hub,2900.0,3.0,success,False,2026-08-19T00:03:16.369023+09:00
Homework Identifier,,,failed,False,2026-08-23T13:06:44.617990+09:00
Homework Incentive,40.0,1.0,success,False,2026-08-27T21:19:26.078520+09:00
Homework Index,20.0,0.0,success,False,2026-08-19T21:18:32.816387+09:00
Homework Installment,,,failed,False,2026-08-23T16:16:00.073730+09:00
Homework Item,,,failed,False,2026-08-21T01:57:06.498210+09:00
Homework Journal,480.0,63.0,success,False,2026-08-19T00:01:53.326080+09:00
Homework Keeper,10.0,43.0,success,False,2026-08-19T00:00:25.348270+09:00
Homework Kit,140.0,8.0,success,False,2026-08-27T22:44:24.073756+09:00
Homework Lab,70.0,0.0,success,False,2026-08-18T23:57:49.004373+09:00
Homework Label,110.0,25.0,success,False,2026-08-27T22:14:48.502479+09:00
Homework Ledger,,,failed,False,2026-08-18T23:57:07.963291+09:00
Homework Level,,,failed,False,2026-08-19T20:42:32.517249+09:00
Homework Link,60500.0,1.0,success,False,2026-08-23T03:17:25.053866+09:00
Homework List,320.0,3.0,success,False,2026-08-19T22:05:58.265751+09:00
Homework Loan,,,failed,False,2026-08-21T02:13:47.898953+09:00
Homework Locator,,,failed,False,2026-08-19T00:02:24.547164+09:00
Homework Log,390.0,50.0,success,False,2026-08-19T13:39:49.486851+09:00
Homework Loop,,,failed,False,2026-08-19T00:04:50.750995+09:00
Homework Manager,720.0,0.0,success,False,2026-08-19T00:00:31.381271+09:00
Homework Manual,10.0,38.0,success,False,2026-08-27T22:14:48.502479+09:00
Homework Map,70.0,1.0,success,False,2026-08-19T00:05:18.968119+09:00
Homework Marker,30.0,2.0,success,False,2026-08-23T13:27:46.545552+09:00
Homework Markup,,,failed,False,2026-08-23T16:39:55.880493+09:00
Homework Memo,,,failed,False,2026-08-21T00:29:53.018137+09:00
Homework Message,140.0,0.0,success,False,2026-08-27T23:10:24.868971+09:00
Homework Monitor,368000.0,1.0,success,False,2026-08-19T00:01:14.805570+09:00
Homework Nexus,,,failed,False,2026-08-19T00:00:08.120656+09:00
Homework Note,590.0,1.0,success,False,2026-08-19T13:41:17.239436+09:00
Homework Notification,10.0,0.0,success,False,2026-08-27T22:44:19.444390+09:00
Homework Number,90.0,7.0,success,False,2026-08-23T03:17:17.631472+09:00
Homework Office,40.0,12.0,success,False,2026-08-19T00:02:45.246378+09:00
Homework Ops,,,failed,False,2026-08-19T00:01:37.572111+09:00
Homework Order,20.0,2.0,success,False,2026-08-19T22:05:19.679261+09:00
Homework Overage,,,failed,False,2026-08-27T21:50:15.580858+09:00
Homework Overdue,,,failed,False,2026-08-27T21:50:10.340173+09:00
Homework Panel,,,failed,False,2026-08-18T23:58:54.171473+09:00
Homework Pass,2400.0,7.0,success,False,2026-08-21T00:29:05.314041+09:00
Homework Path,,,failed,False,2026-08-19T00:05:07.956398+09:00
Homework Payoff,,,failed,False,2026-08-27T21:50:13.120936+09:00
Homework Penalty,,,failed,False,2026-08-23T16:39:53.377709+09:00
Homework Petition,10.0,0.0,success,False,2026-08-21T01:04:45.668721+09:00
Homework Plan,260.0,21.0,success,False,2026-08-21T01:57:15.651579+09:00
Homework Planner,3600.0,99.0,success,False,2026-08-19T00:00:56.933054+09:00
Homework Playbook,,,failed,False,2026-08-19T00:01:43.287513+09:00
Homework Point,,,failed,False,2026-08-19T00:05:13.902876+09:00
Homework Portal,480.0,0.0,success,False,2026-08-18T23:58:38.723569+09:00
Homework Preview,,,failed,False,2026-08-28T01:04:22.068071+09:00
Homework Profile,70.0,0.0,success,False,2026-08-19T13:41:55.083304+09:00
Homework Profit,,,failed,False,2026-08-23T02:53:14.872547+09:00
Homework Proposal,,,failed,False,2026-08-28T01:04:22.068071+09:00
Homework Queue,,,failed,False,2026-08-19T21:18:56.938365+09:00
Homework Quota,,,failed,False,2026-08-21T00:30:01.129618+09:00
Homework Radar,,,failed,False,2026-08-19T00:03:29.017691+09:00
Homework Rail,,,failed,False,2026-08-18T23:59:20.806892+09:00
Homework Rate,,,failed,False,2026-08-19T20:42:39.884460+09:00
Homework Recap,,,failed,False,2026-08-21T01:05:06.601547+09:00
Homework Receipt,,,failed,False,2026-08-19T22:05:38.259870+09:00
Homework Recorder,10.0,0.0,success,False,2026-08-27T23:33:00.078931+09:00
Homework Register,70.0,0.0,success,False,2026-08-19T00:01:30.427864+09:00
Homework Registry,,,failed,False,2026-08-19T00:02:00.292816+09:00
Homework Relay,,,failed,False,2026-08-19T00:03:34.698010+09:00
Homework Reminder,480.0,11.0,success,False,2026-08-19T21:18:08.963564+09:00
Homework Report,50.0,0.0,success,False,2026-08-19T13:39:34.156572+09:00
Homework Repository,,,failed,False,2026-08-27T23:10:34.837044+09:00
Homework Result,10.0,0.0,success,False,2026-08-28T00:47:00.263771+09:00
Homework Ring,,,failed,False,2026-08-18T23:59:47.446594+09:00
Homework Roster,10.0,0.0,success,False,2026-08-19T00:38:08.562035+09:00
Homework Route,,,failed,False,2026-08-18T23:59:11.751475+09:00
Homework Rule,170.0,0.0,success,False,2026-08-23T03:17:28.989211+09:00
Homework Sale,50.0,0.0,success,False,2026-08-21T02:30:27.978125+09:00
Homework Sample,30.0,0.0,success,False,2026-08-19T22:06:38.426353+09:00
Homework Scale,,,failed,False,2026-08-18T23:59:02.629298+09:00
Homework Scanner,6600.0,1.0,success,False,2026-08-27T23:52:49.352062+09:00
Homework Scheduler,590.0,24.0,success,False,2026-08-19T00:01:04.506360+09:00
Homework Scope,,,failed,False,2026-08-19T00:04:42.603293+09:00
Homework Score,,,failed,False,2026-08-19T13:41:02.359276+09:00
Homework Sheet,1900.0,39.0,success,False,2026-08-19T13:40:29.386715+09:00
Homework Shortfall,,,failed,False,2026-08-27T21:50:20.259806+09:00
Homework Signal,,,failed,False,2026-08-19T00:04:33.745752+09:00
Homework Slip,50.0,1.0,success,False,2026-08-19T22:06:28.711407+09:00
Homework Slot,,,failed,False,2026-08-19T22:06:50.618817+09:00
Homework Stake,,,failed,False,2026-08-23T02:53:19.802959+09:00
Homework Statement,,,failed,False,2026-08-21T00:29:32.816021+09:00
Homework Station,260.0,98.0,success,False,2026-08-18T23:57:58.396596+09:00
Homework Status,70.0,0.0,success,False,2026-08-19T20:42:06.894940+09:00
Homework Streak,,,failed,False,2026-08-28T00:47:00.263771+09:00
Homework Stub,,,failed,False,2026-08-21T00:29:24.926650+09:00
Homework Studio,1900.0,1.0,success,False,2026-08-18T23:57:39.317157+09:00
Homework Sum,,,failed,False,2026-08-21T02:30:12.359355+09:00
Homework Summary,30.0,0.0,success,False,2026-08-19T21:17:51.663250+09:00
Homework Tab,90.0,37.0,success,False,2026-08-21T00:30:17.662990+09:00
Homework Table,1000.0,100.0,success,False,2026-08-19T22:06:07.056181+09:00
Homework Tag,,,failed,False,2026-08-19T13:41:43.922175+09:00
Homework Tally,,,failed,False,2026-08-21T00:29:39.530878+09:00
Homework Tariff,,,failed,False,2026-08-21T02:37:15.297674+09:00
Homework Tax,,,failed,False,2026-08-21T02:13:43.743607+09:00
Homework Terminal,,,failed,False,2026-08-18T23:58:07.902911+09:00
Homework Ticket,40.0,0.0,success,False,2026-08-19T21:18:42.622010+09:00
Homework Timeline,40.0,0.0,success,False,2026-08-19T21:17:59.528469+09:00
Homework Timer,260.0,41.0,success,False,2026-08-28T00:23:05.201958+09:00
Homework Toll,,,failed,False,2026-08-21T02:37:05.084488+09:00
Homework Toolbox,10.0,64.0,success,False,2026-08-28T00:23:11.653599+09:00
Homework Total,,,failed,False,2026-08-27T23:10:28.498213+09:00
Homework Tracker,2900.0,59.0,success,False,2026-08-19T00:03:01.180289+09:00
Homework Trail,,,failed,False,2026-08-18T23:59:27.223478+09:00
Homework Trend,,,failed,False,2026-08-28T01:04:14.556573+09:00
Homework Trial,,,failed,False,2026-08-27T21:19:20.192831+09:00
Homework Unit,,,failed,False,2026-08-21T01:57:08.672731+09:00
Homework Update,30.0,0.0,success,False,2026-08-19T20:42:46.732728+09:00
Homework Value,110.0,0.0,success,False,2026-08-23T02:53:17.402090+09:00
Homework Vault,,,failed,False,2026-08-19T00:03:43.919454+09:00
Homework Version,,,failed,False,2026-08-23T03:17:21.558443+09:00
Homework View,,,failed,False,2026-08-19T20:42:14.870990+09:00
Homework Voucher,40.0,0.0,success,False,2026-08-21T00:29:10.279905+09:00
Homework Watch,390.0,97.0,success,False,2026-08-19T00:04:38.069566+09:00
Homework Wave,,,failed,False,2026-08-19T00:05:01.988375+09:00
Homework Widget,10.0,0.0,success,False,2026-08-27T23:10:28.498213+09:00
Homework Worksheet,390.0,13.0,success,False,2026-08-27T22:14:55.683786+09:00
Homework Workshop,110.0,18.0,success,False,2026-08-28T00:23:08.180984+09:00
Homework Zone,70.0,11.0,success,False,2026-08-18T23:58:29.314698+09:00
Honeymoon Advance,,,failed,False,2026-08-23T16:14:33.783950+09:00
Honeymoon Alert,,,failed,False,2026-08-19T13:33:51.668880+09:00
Honeymoon Allowance,,,failed,False,2026-08-21T02:43:47.739499+09:00
Honeymoon Analyzer,,,failed,False,2026-08-27T23:50:54.897553+09:00
Honeymoon Announcement,,,failed,False,2026-08-27T23:36:57.640483+09:00
Honeymoon Assistant,,,failed,False,2026-08-19T13:28:46.213071+09:00
Honeymoon Attribute,,,failed,False,2026-08-23T13:05:12.905502+09:00
Honeymoon Badge,,,failed,False,2026-08-21T00:25:32.620138+09:00
Honeymoon Balance,,,failed,False,2026-08-23T13:46:27.908972+09:00
Honeymoon Beacon,,,failed,False,2026-08-19T13:40:47.127510+09:00
Honeymoon Bill,,,failed,False,2026-08-19T21:59:39.418384+09:00
Honeymoon Board,,,failed,False,2026-08-19T13:23:44.398972+09:00
Honeymoon Book,,,failed,False,2026-08-19T22:00:33.480377+09:00
Honeymoon Bridge,,,failed,False,2026-08-19T13:41:43.922175+09:00
Honeymoon Brief,,,failed,False,2026-08-21T01:01:07.549578+09:00
Honeymoon Bulletin,,,failed,False,2026-08-21T01:01:03.307399+09:00
Honeymoon Calculator,,,failed,False,2026-08-27T23:36:57.640483+09:00
Honeymoon Calendar,,,failed,False,2026-08-19T13:30:50.408917+09:00
Honeymoon Cascade,,,failed,False,2026-08-19T13:41:26.637679+09:00
Honeymoon Cash,,,failed,False,2026-08-21T02:27:26.146379+09:00
Honeymoon Cashback,,,failed,False,2026-08-27T21:17:23.968001+09:00
Honeymoon Catalog,,,failed,False,2026-08-19T21:13:38.700903+09:00
Honeymoon Category,,,failed,False,2026-08-23T13:05:09.962757+09:00
Honeymoon Center,,,failed,False,2026-08-19T13:25:08.614186+09:00
Honeymoon Chain,,,failed,False,2026-08-19T13:27:22.269137+09:00
Honeymoon Charge,,,failed,False,2026-08-21T02:43:37.252901+09:00
Honeymoon Check,,,failed,False,2026-08-19T13:37:36.286521+09:00
Honeymoon Checker,,,failed,False,2026-08-27T23:50:46.062882+09:00
Honeymoon Checklist,,,failed,False,2026-08-19T21:12:41.804289+09:00
Honeymoon Code,,,failed,False,2026-08-19T22:00:01.898557+09:00
Honeymoon Companion,,,failed,False,2026-08-19T13:29:31.691093+09:00
Honeymoon Compass,,,failed,False,2026-08-19T13:40:29.386715+09:00
Honeymoon Confirmation,,,failed,False,2026-08-21T01:01:20.027256+09:00
Honeymoon Console,,,failed,False,2026-08-19T13:25:55.543115+09:00
Honeymoon Contribution,,,failed,False,2026-08-23T16:14:21.823505+09:00
Honeymoon Converter,,,failed,False,2026-08-27T23:36:57.640483+09:00
Honeymoon Core,,,failed,False,2026-08-19T13:23:16.958274+09:00
Honeymoon Cost,,,failed,False,2026-08-21T02:10:45.957047+09:00
Honeymoon Count,,,failed,False,2026-08-27T22:50:28.774616+09:00
Honeymoon Counter,,,failed,False,2026-08-19T13:31:44.608385+09:00
Honeymoon Coupon,,,failed,False,2026-08-27T21:17:21.350185+09:00
Honeymoon Deal,,,failed,False,2026-08-21T01:54:08.146374+09:00
Honeymoon Debt,,,failed,False,2026-08-21T02:27:19.706336+09:00
Honeymoon Desk,,,failed,False,2026-08-19T13:39:34.156572+09:00
Honeymoon Detail,,,failed,False,2026-08-23T03:24:33.433692+09:00
Honeymoon Digest,,,failed,False,2026-08-19T20:41:00.818648+09:00
Honeymoon Directory,,,failed,False,2026-08-19T13:30:57.828554+09:00
Honeymoon Discount,,,failed,False,2026-08-23T16:14:18.981651+09:00
Honeymoon Dossier,,,failed,False,2026-08-21T01:01:25.263035+09:00
Honeymoon Downpayment,,,failed,False,2026-08-27T21:48:35.689301+09:00
Honeymoon Draft,,,failed,False,2026-08-19T20:41:16.586784+09:00
Honeymoon Due,,,failed,False,2026-08-23T15:51:39.388284+09:00
Honeymoon Duty,,,failed,False,2026-08-21T02:43:40.530663+09:00
Honeymoon Engine,,,failed,False,2026-08-19T13:28:33.821561+09:00
Honeymoon Entry,,,failed,False,2026-08-21T01:01:35.076961+09:00
Honeymoon Estimate,,,failed,False,2026-08-19T21:13:28.219579+09:00
Honeymoon Estimator,,,failed,False,2026-08-27T23:50:42.966915+09:00
Honeymoon Extension,,,failed,False,2026-08-23T16:39:07.006923+09:00
Honeymoon Fare,,,failed,False,2026-08-21T02:10:51.896971+09:00
Honeymoon Fee,,,failed,False,2026-08-21T01:53:46.295961+09:00
Honeymoon Feed,,,failed,False,2026-08-19T20:41:06.982103+09:00
Honeymoon File,,,failed,False,2026-08-19T20:40:22.983274+09:00
Honeymoon Fine,,,failed,False,2026-08-23T02:58:01.593171+09:00
Honeymoon Flow,,,failed,False,2026-08-19T13:38:58.073256+09:00
Honeymoon Forge,,,failed,False,2026-08-19T13:41:02.359276+09:00
Honeymoon Form,,,failed,False,2026-08-19T13:36:50.709528+09:00
Honeymoon Format,,,failed,False,2026-08-23T13:05:17.487653+09:00
Honeymoon Frame,,,failed,False,2026-08-19T13:22:55.768758+09:00
Honeymoon Fund,,,failed,False,2026-08-21T02:27:23.796384+09:00
Honeymoon Gate,,,failed,False,2026-08-19T13:27:50.683202+09:00
Honeymoon Generator,,,failed,False,2026-08-27T23:37:06.230002+09:00
Honeymoon Giveaway,,,failed,False,2026-08-27T21:17:29.346524+09:00
Honeymoon Grade,,,failed,False,2026-08-21T00:26:00.566845+09:00
Honeymoon Grid,,,failed,False,2026-08-19T13:42:37.156031+09:00
Honeymoon Guardian,,,failed,False,2026-08-28T00:21:19.709791+09:00
Honeymoon Helpdesk,,,failed,False,2026-08-27T22:50:28.774616+09:00
Honeymoon Helper,,,failed,False,2026-08-28T00:21:24.701670+09:00
Honeymoon History,,,failed,False,2026-08-19T20:40:13.253783+09:00
Honeymoon Hotline,,,failed,False,2026-08-19T21:13:50.204351+09:00
Honeymoon Hub,,,failed,False,2026-08-19T13:39:18.013288+09:00
Honeymoon Identifier,,,failed,False,2026-08-23T13:05:04.506045+09:00
Honeymoon Inbox,,,failed,False,2026-08-19T13:33:44.098374+09:00
Honeymoon Incentive,,,failed,False,2026-08-27T21:17:29.346524+09:00
Honeymoon Index,,,failed,False,2026-08-19T21:12:51.464479+09:00
Honeymoon Installment,,,failed,False,2026-08-23T16:14:21.823505+09:00
Honeymoon Interest,,,failed,False,2026-08-23T13:46:30.859150+09:00
Honeymoon Item,,,failed,False,2026-08-21T01:53:51.077986+09:00
Honeymoon Journal,,,failed,False,2026-08-19T13:30:30.638587+09:00
Honeymoon Kit,,,failed,False,2026-08-27T22:50:21.429751+09:00
Honeymoon Lab,,,failed,False,2026-08-19T13:24:29.465553+09:00
Honeymoon Ledger,,,failed,False,2026-08-19T13:23:25.617100+09:00
Honeymoon Level,,,failed,False,2026-08-19T20:40:32.306082+09:00
Honeymoon Levy,,,failed,False,2026-08-23T13:46:32.970542+09:00
Honeymoon Line,,,failed,False,2026-08-19T13:35:17.832639+09:00
Honeymoon Link,,,failed,False,2026-08-23T03:24:25.190204+09:00
Honeymoon List,,,failed,False,2026-08-19T22:00:12.371601+09:00
Honeymoon Loan,,,failed,False,2026-08-21T02:10:58.400903+09:00
Honeymoon Log,,,failed,False,2026-08-19T13:36:10.470400+09:00
Honeymoon Loop,,,failed,False,2026-08-19T13:42:30.376897+09:00
Honeymoon Manager,,,failed,False,2026-08-19T13:28:22.445633+09:00
Honeymoon Manual,,,failed,False,2026-08-27T22:12:46.306034+09:00
Honeymoon Map,,,failed,False,2026-08-19T13:22:04.691766+09:00
Honeymoon Margin,,,failed,False,2026-08-23T02:57:59.639367+09:00
Honeymoon Markup,,,failed,False,2026-08-23T16:39:03.767500+09:00
Honeymoon Memo,,,failed,False,2026-08-21T00:26:05.533599+09:00
Honeymoon Message,,,failed,False,2026-08-27T23:16:04.692896+09:00
Honeymoon Monitor,,,failed,False,2026-08-19T13:29:19.231161+09:00
Honeymoon Nexus,,,failed,False,2026-08-19T13:27:59.144364+09:00
Honeymoon Note,,,failed,False,2026-08-19T13:37:53.958127+09:00
Honeymoon Notification,,,failed,False,2026-08-27T22:50:21.429751+09:00
Honeymoon Number,,,failed,False,2026-08-23T03:24:18.387553+09:00
Honeymoon Office,,,failed,False,2026-08-19T13:31:24.471816+09:00
Honeymoon Ops,,,failed,False,2026-08-19T13:29:58.473439+09:00
Honeymoon Order,,,failed,False,2026-08-19T21:59:30.293970+09:00
Honeymoon Outline,,,failed,False,2026-08-27T22:29:13.251110+09:00
Honeymoon Overage,,,failed,False,2026-08-27T21:48:33.250783+09:00
Honeymoon Overdue,,,failed,False,2026-08-27T21:48:28.268054+09:00
Honeymoon Panel,,,failed,False,2026-08-19T13:26:07.690748+09:00
Honeymoon Pass,,,failed,False,2026-08-21T00:25:18.497443+09:00
Honeymoon Path,,,failed,False,2026-08-19T13:21:15.307510+09:00
Honeymoon Payoff,,,failed,False,2026-08-27T21:48:30.689545+09:00
Honeymoon Penalty,,,failed,False,2026-08-23T16:39:03.767500+09:00
Honeymoon Petition,,,failed,False,2026-08-21T01:01:17.697392+09:00
Honeymoon Plan,,,failed,False,2026-08-21T01:54:04.879612+09:00
Honeymoon Planner,,,failed,False,2026-08-19T13:28:55.054153+09:00
Honeymoon Point,,,failed,False,2026-08-19T13:21:52.267675+09:00
Honeymoon Portal,,,failed,False,2026-08-19T13:25:50.130591+09:00
Honeymoon Preview,,,failed,False,2026-08-28T01:02:37.016845+09:00
Honeymoon Profit,,,failed,False,2026-08-23T02:57:55.201782+09:00
Honeymoon Queue,,,failed,False,2026-08-19T21:13:15.643031+09:00
Honeymoon Radar,,,failed,False,2026-08-19T13:39:49.486851+09:00
Honeymoon Rail,,,failed,False,2026-08-19T13:27:02.036577+09:00
Honeymoon Rate,,,failed,False,2026-08-19T20:40:37.869711+09:00
Honeymoon Receipt,,,failed,False,2026-08-19T21:59:50.117537+09:00
Honeymoon Redemption,,,failed,False,2026-08-23T16:39:03.767500+09:00
Honeymoon Register,,,failed,False,2026-08-19T13:29:49.322759+09:00
Honeymoon Registry,,,failed,False,2026-08-19T13:30:42.478470+09:00
Honeymoon Relay,,,failed,False,2026-08-19T13:40:01.237122+09:00
Honeymoon Reminder,,,failed,False,2026-08-19T21:12:30.069108+09:00
Honeymoon Report,,,failed,False,2026-08-19T13:35:50.277889+09:00
Honeymoon Repository,,,failed,False,2026-08-27T23:16:11.688627+09:00
Honeymoon Roll,,,failed,False,2026-08-19T13:35:34.985408+09:00
Honeymoon Route,,,failed,False,2026-08-19T13:26:40.628357+09:00
Honeymoon Rule,,,failed,False,2026-08-23T03:24:30.095281+09:00
Honeymoon Sale,,,failed,False,2026-08-21T02:27:29.296336+09:00
Honeymoon Sample,,,failed,False,2026-08-19T22:00:52.695969+09:00
Honeymoon Scheduler,,,failed,False,2026-08-19T13:29:02.484553+09:00
Honeymoon Scope,,,failed,False,2026-08-19T13:42:14.783829+09:00
Honeymoon Score,,,failed,False,2026-08-19T13:37:44.092675+09:00
Honeymoon Sheet,,,failed,False,2026-08-19T13:37:14.131003+09:00
Honeymoon Shortfall,,,failed,False,2026-08-27T21:48:38.041939+09:00
Honeymoon Signal,,,failed,False,2026-08-19T13:41:55.083304+09:00
Honeymoon Slip,,,failed,False,2026-08-19T22:00:43.745625+09:00
Honeymoon Slot,,,failed,False,2026-08-19T22:01:01.799694+09:00
Honeymoon Statement,,,failed,False,2026-08-21T00:25:47.755507+09:00
Honeymoon Station,,,failed,False,2026-08-19T13:24:52.365790+09:00
Honeymoon Status,,,failed,False,2026-08-19T20:39:55.789733+09:00
Honeymoon Stipend,,,failed,False,2026-08-23T13:46:35.892255+09:00
Honeymoon Stub,,,failed,False,2026-08-21T00:25:40.973918+09:00
Honeymoon Studio,,,failed,False,2026-08-19T13:24:17.578330+09:00
Honeymoon Subsidy,,,failed,False,2026-08-23T15:51:42.166674+09:00
Honeymoon Sum,,,failed,False,2026-08-21T02:27:17.411779+09:00
Honeymoon Summary,,,failed,False,2026-08-19T21:12:07.891173+09:00
Honeymoon Table,,,failed,False,2026-08-19T22:00:23.357458+09:00
Honeymoon Tally,,,failed,False,2026-08-21T00:25:52.909138+09:00
Honeymoon Tariff,,,failed,False,2026-08-21T02:43:50.740440+09:00
Honeymoon Tax,,,failed,False,2026-08-21T02:10:55.409815+09:00
Honeymoon Ticker,,,failed,False,2026-08-19T13:35:09.228952+09:00
Honeymoon Ticket,,,failed,False,2026-08-19T21:13:02.504471+09:00
Honeymoon Tier,,,failed,False,2026-08-28T00:45:55.588446+09:00
Honeymoon Timeline,,,failed,False,2026-08-19T21:12:20.631006+09:00
Honeymoon Timer,,,failed,False,2026-08-28T00:21:14.040617+09:00
Honeymoon Toll,,,failed,False,2026-08-21T02:43:44.053859+09:00
Honeymoon Toolbox,,,failed,False,2026-08-28T00:21:22.221803+09:00
Honeymoon Total,,,failed,False,2026-08-27T23:16:04.692896+09:00
Honeymoon Tracker,,,failed,False,2026-08-19T13:38:51.605801+09:00
Honeymoon Trail,,,failed,False,2026-08-19T13:27:09.579518+09:00
Honeymoon Trial,,,failed,False,2026-08-27T21:17:26.157906+09:00
Honeymoon Unit,,,failed,False,2026-08-21T01:54:02.992561+09:00
Honeymoon Update,,,failed,False,2026-08-19T20:40:46.834660+09:00
Honeymoon Value,,,failed,False,2026-08-23T02:57:57.265224+09:00
Honeymoon Version,,,failed,False,2026-08-23T03:24:21.370472+09:00
Honeymoon View,,,failed,False,2026-08-19T20:40:06.734480+09:00
Honeymoon Voucher,,,failed,False,2026-08-21T00:25:26.988508+09:00
Honeymoon Wallet,,,failed,False,2026-08-27T22:50:26.115784+09:00
Honeymoon Watch,,,failed,False,2026-08-19T13:42:03.157163+09:00
Honeymoon Wave,,,failed,False,2026-08-19T13:20:58.742668+09:00
Honeymoon Widget,,,failed,False,2026-08-27T23:16:07.710810+09:00
Honeymoon Window,,,failed,False,2026-08-19T13:35:23.963790+09:00
Honeymoon Worksheet,,,failed,False,2026-08-27T22:12:52.289733+09:00
Honeymoon Zone,,,failed,False,2026-08-19T13:25:22.323430+09:00
Housekeeping Advance,,,failed,False,2026-08-23T16:13:47.418622+09:00
Housekeeping Advisory,,,failed,False,2026-08-21T01:02:07.931527+09:00
Housekeeping Allowance,20.0,0.0,success,False,2026-08-21T02:39:16.897271+09:00
Housekeeping Almanac,,,failed,False,2026-08-18T23:51:14.808282+09:00
Housekeeping Analyzer,,,failed,False,2026-08-27T23:55:42.824458+09:00
Housekeeping Anchor,,,failed,False,2026-08-17T20:47:23.581270+09:00
Housekeeping Arrears,,,failed,False,2026-08-23T16:13:45.288195+09:00
Housekeeping Assistant,1300.0,4.0,success,False,2026-08-17T23:14:46.249386+09:00
Housekeeping Atlas,,,failed,False,2026-08-17T20:38:02.236902+09:00
Housekeeping Attribute,,,failed,False,2026-08-23T13:06:41.923671+09:00
Housekeeping Badge,30.0,77.0,success,False,2026-08-21T00:26:13.350270+09:00
Housekeeping Base,,,failed,False,2026-08-17T20:34:36.732015+09:00
Housekeeping Beacon,,,failed,False,2026-08-17T21:33:13.463030+09:00
Housekeeping Bill,30.0,4.0,success,False,2026-08-19T21:46:29.828345+09:00
Housekeeping Blueprint,,,failed,False,2026-08-18T23:51:14.808282+09:00
Housekeeping Board,90.0,63.0,success,False,2026-08-17T20:31:29.603433+09:00
Housekeeping Book,2400.0,55.0,success,False,2026-08-19T21:47:34.110436+09:00
Housekeeping Bridge,,,failed,False,2026-08-17T20:48:40.258747+09:00
Housekeeping Brief,,,failed,False,2026-08-21T00:59:56.543467+09:00
Housekeeping Bulletin,,,failed,False,2026-08-21T00:59:52.495839+09:00
Housekeeping Cabinet,50.0,100.0,success,False,2026-08-27T23:13:21.065060+09:00
Housekeeping Calendar,40.0,88.0,success,False,2026-08-19T00:00:44.927785+09:00
Housekeeping Card,170.0,57.0,success,False,2026-08-19T13:38:51.605801+09:00
Housekeeping Cascade,,,failed,False,2026-08-17T21:30:53.341117+09:00
Housekeeping Cash,10.0,6.0,success,False,2026-08-21T02:23:48.995246+09:00
Housekeeping Catalog,,,failed,False,2026-08-19T21:04:29.917389+09:00
Housekeeping Category,30.0,0.0,success,False,2026-08-23T13:06:38.895978+09:00
Housekeeping Center,30.0,1.0,success,False,2026-08-17T21:35:49.618076+09:00
Housekeeping Chain,,,failed,False,2026-08-17T20:42:10.144192+09:00
Housekeeping Charge,90.0,9.0,success,False,2026-08-21T02:39:04.967500+09:00
Housekeeping Check,50.0,15.0,success,False,2026-08-19T13:39:22.411617+09:00
Housekeeping Checker,50.0,15.0,success,False,2026-08-27T23:55:30.843972+09:00
Housekeeping Checklist,2400.0,45.0,success,False,2026-08-19T21:03:18.431019+09:00
Housekeeping Circular,,,failed,False,2026-08-21T01:02:05.845061+09:00
Housekeeping Cockpit,,,failed,False,2026-08-17T23:30:21.472957+09:00
Housekeeping Code,140.0,2.0,success,False,2026-08-19T21:46:50.004607+09:00
Housekeeping Codex,,,failed,False,2026-08-18T23:51:14.808282+09:00
Housekeeping Companion,,,failed,False,2026-08-17T23:12:51.339052+09:00
Housekeeping Comparison,,,failed,False,2026-08-28T01:05:34.038010+09:00
Housekeeping Compass,,,failed,False,2026-08-17T21:34:15.444697+09:00
Housekeeping Compendium,,,failed,False,2026-08-18T23:51:14.808282+09:00
Housekeeping Confirmation,,,failed,False,2026-08-21T01:00:13.557875+09:00
Housekeeping Console,,,failed,False,2026-08-17T21:32:40.946824+09:00
Housekeeping Contribution,,,failed,False,2026-08-23T16:13:42.146359+09:00
Housekeeping Core,,,failed,False,2026-08-17T20:33:46.243100+09:00
Housekeeping Cost,390.0,41.0,success,False,2026-08-21T02:08:37.852191+09:00
Housekeeping Count,,,failed,False,2026-08-27T22:48:13.756184+09:00
Housekeeping Counter,,,failed,False,2026-08-19T00:01:32.528747+09:00
Housekeeping Dashboard,30.0,13.0,success,False,2026-08-17T23:05:44.417197+09:00
Housekeeping Deal,10.0,14.0,success,False,2026-08-21T01:52:41.314698+09:00
Housekeeping Debt,,,failed,False,2026-08-21T02:23:42.049826+09:00
Housekeeping Deck,,,failed,False,2026-08-18T07:43:47.974817+09:00
Housekeeping Depot,,,failed,False,2026-08-19T00:01:14.805570+09:00
Housekeeping Desk,50.0,0.0,success,False,2026-08-17T21:38:32.905021+09:00
Housekeeping Detail,,,failed,False,2026-08-23T03:18:18.334398+09:00
Housekeeping Detector,,,failed,False,2026-08-27T23:55:40.198338+09:00
Housekeeping Diagram,20.0,0.0,success,False,2026-08-27T22:10:35.314261+09:00
Housekeeping Dial,,,failed,False,2026-08-17T21:30:22.425092+09:00
Housekeeping Digest,,,failed,False,2026-08-19T20:49:19.848949+09:00
Housekeeping Directory,,,failed,False,2026-08-19T00:00:51.306672+09:00
Housekeeping Discount,,,failed,False,2026-08-23T16:13:37.104049+09:00
Housekeeping Dock,,,failed,False,2026-08-17T20:44:43.054193+09:00
Housekeeping Dossier,,,failed,False,2026-08-21T01:00:18.302882+09:00
Housekeeping Downpayment,,,failed,False,2026-08-27T21:47:05.962227+09:00
Housekeeping Draft,,,failed,False,2026-08-19T20:49:28.954845+09:00
Housekeeping Due,,,failed,False,2026-08-23T15:51:36.784233+09:00
Housekeeping Duty,3600.0,1.0,success,False,2026-08-21T02:39:09.375307+09:00
Housekeeping Engine,,,failed,False,2026-08-17T23:29:14.907859+09:00
Housekeeping Entry,,,failed,False,2026-08-21T01:00:31.922622+09:00
Housekeeping Estimate,10.0,57.0,success,False,2026-08-19T21:04:15.563221+09:00
Housekeeping Estimator,,,failed,False,2026-08-27T23:55:28.059641+09:00
Housekeeping Excerpt,,,failed,False,2026-08-21T01:02:14.395969+09:00
Housekeeping Extension,,,failed,False,2026-08-23T16:38:38.724720+09:00
Housekeeping Fare,,,failed,False,2026-08-21T02:08:44.609671+09:00
Housekeeping Fee,40.0,12.0,success,False,2026-08-21T01:52:20.481419+09:00
Housekeeping Feed,,,failed,False,2026-08-19T20:49:23.220357+09:00
Housekeeping Field,,,failed,False,2026-08-23T13:06:44.617990+09:00
Housekeeping File,30.0,2.0,success,False,2026-08-19T20:48:59.251157+09:00
Housekeeping Finder,,,failed,False,2026-08-19T00:01:10.174789+09:00
Housekeeping Fine,,,failed,False,2026-08-23T02:54:26.725947+09:00
Housekeeping Flag,,,failed,False,2026-08-21T00:26:46.014545+09:00
Housekeeping Flow,,,failed,False,2026-08-18T07:52:44.350821+09:00
Housekeeping Forge,,,failed,False,2026-08-17T21:32:03.436124+09:00
Housekeeping Form,210.0,1.0,success,False,2026-08-19T13:38:30.096101+09:00
Housekeeping Format,210.0,1.0,success,False,2026-08-23T13:06:47.092391+09:00
Housekeeping Frame,,,failed,False,2026-08-17T20:35:36.002153+09:00
Housekeeping Fund,,,failed,False,2026-08-21T02:23:45.182895+09:00
Housekeeping Gate,,,failed,False,2026-08-17T20:39:46.897200+09:00
Housekeeping Grade,,,failed,False,2026-08-21T00:26:30.376720+09:00
Housekeeping Graph,,,failed,False,2026-08-27T22:10:26.332247+09:00
Housekeeping Grid,,,failed,False,2026-08-17T20:42:34.302604+09:00
Housekeeping Guarantee,,,failed,False,2026-08-28T01:05:40.494261+09:00
Housekeeping Guard,,,failed,False,2026-08-17T20:34:15.100698+09:00
Housekeeping Guardian,,,failed,False,2026-08-28T00:25:01.797092+09:00
Housekeeping Guidebook,,,failed,False,2026-08-18T22:12:15.534077+09:00
Housekeeping Helpdesk,,,failed,False,2026-08-27T22:48:13.756184+09:00
Housekeeping Helper,210.0,34.0,success,False,2026-08-28T00:25:05.172390+09:00
Housekeeping History,40.0,0.0,success,False,2026-08-19T20:48:51.281701+09:00
Housekeeping Hotline,,,failed,False,2026-08-19T21:04:42.466598+09:00
Housekeeping Hub,,,failed,False,2026-08-18T07:52:55.085793+09:00
Housekeeping Identifier,,,failed,False,2026-08-23T13:06:36.915804+09:00
Housekeeping Index,10.0,0.0,success,False,2026-08-19T21:03:33.928340+09:00
Housekeeping Insight,,,failed,False,2026-08-17T23:30:08.040310+09:00
Housekeeping Installment,,,failed,False,2026-08-23T16:13:39.752452+09:00
Housekeeping Item,1600.0,47.0,success,False,2026-08-21T01:52:23.674188+09:00
Housekeeping Journal,50.0,65.0,success,False,2026-08-18T22:11:59.574853+09:00
Housekeeping Keeper,,,failed,False,2026-08-17T20:36:04.789698+09:00
Housekeeping Kit,110.0,100.0,success,False,2026-08-27T22:48:06.633980+09:00
Housekeeping Lab,170.0,1.0,success,False,2026-08-17T21:39:25.145394+09:00
Housekeeping Label,,,failed,False,2026-08-27T22:10:29.150854+09:00
Housekeeping Ledger,,,failed,False,2026-08-17T20:32:41.344957+09:00
Housekeeping Lens,,,failed,False,2026-08-17T20:36:31.502472+09:00
Housekeeping Level,,,failed,False,2026-08-19T20:49:04.250848+09:00
Housekeeping Levy,,,failed,False,2026-08-23T13:46:50.376234+09:00
Housekeeping Link,,,failed,False,2026-08-23T03:18:09.441113+09:00
Housekeeping List,260.0,40.0,success,False,2026-08-19T21:47:05.219311+09:00
Housekeeping Loan,,,failed,False,2026-08-21T02:08:52.269018+09:00
Housekeeping Locator,,,failed,False,2026-08-19T00:00:59.808882+09:00
Housekeeping Lock,,,failed,False,2026-08-17T20:38:23.394205+09:00
Housekeeping Log,50.0,28.0,success,False,2026-08-19T13:38:13.390546+09:00
Housekeeping Loop,,,failed,False,2026-08-17T20:43:29.254301+09:00
Housekeeping Manager,2900.0,5.0,success,False,2026-08-17T20:35:06.364440+09:00
Housekeeping Manual,110.0,19.0,success,False,2026-08-27T22:10:29.150854+09:00
Housekeeping Map,70.0,2.0,success,False,2026-08-17T20:37:29.909330+09:00
Housekeeping Markup,,,failed,False,2026-08-23T16:38:33.746405+09:00
Housekeeping Memo,10.0,0.0,success,False,2026-08-21T00:26:36.041366+09:00
Housekeeping Message,40.0,0.0,success,False,2026-08-27T23:13:16.008786+09:00
Housekeeping Meter,,,failed,False,2026-08-17T20:48:02.919436+09:00
Housekeeping Metrics,10.0,0.0,success,False,2026-08-17T23:11:11.238352+09:00
Housekeeping Monitor,,,failed,False,2026-08-17T23:03:55.937111+09:00
Housekeeping Navigator,,,failed,False,2026-08-17T23:30:36.598618+09:00
Housekeeping Nexus,,,failed,False,2026-08-17T20:38:51.261946+09:00
Housekeeping Node,,,failed,False,2026-08-17T20:40:34.523017+09:00
Housekeeping Note,22200.0,0.0,success,True,2026-08-19T13:39:51.910868+09:00
Housekeeping Notification,,,failed,False,2026-08-27T22:48:06.633980+09:00
Housekeeping Number,110.0,18.0,success,False,2026-08-23T03:18:00.174345+09:00
Housekeeping Office,320.0,11.0,success,False,2026-08-19T00:01:24.646371+09:00
Housekeeping Ops,,,failed,False,2026-08-17T23:07:35.240679+09:00
Housekeeping Order,,,failed,False,2026-08-19T21:46:17.017433+09:00
Housekeeping Organizer,50.0,100.0,success,False,2026-08-17T23:29:49.351305+09:00
Housekeeping Overage,,,failed,False,2026-08-27T21:47:03.271568+09:00
Housekeeping Overdue,,,failed,False,2026-08-27T21:46:57.331452+09:00
Housekeeping Panel,,,failed,False,2026-08-17T21:31:33.014186+09:00
Housekeeping Pass,,,failed,False,2026-08-21T00:26:02.753353+09:00
Housekeeping Path,,,failed,False,2026-08-17T20:40:13.744558+09:00
Housekeeping Payoff,,,failed,False,2026-08-27T21:47:00.631100+09:00
Housekeeping Penalty,,,failed,False,2026-08-23T16:38:31.502720+09:00
Housekeeping Petition,,,failed,False,2026-08-21T01:00:09.157430+09:00
Housekeeping Pilot,,,failed,False,2026-08-17T21:40:49.556938+09:00
Housekeeping Plan,170.0,61.0,success,False,2026-08-21T01:52:36.759473+09:00
Housekeeping Planner,170.0,61.0,success,False,2026-08-17T23:29:34.686853+09:00
Housekeeping Playbook,,,failed,False,2026-08-18T22:11:47.554399+09:00
Housekeeping Point,50.0,1.0,success,False,2026-08-17T20:39:18.247368+09:00
Housekeeping Portal,20.0,14.0,success,False,2026-08-17T21:33:40.096792+09:00
Housekeeping Preview,,,failed,False,2026-08-28T01:05:36.598647+09:00
Housekeeping Profile,210.0,1.0,success,False,2026-08-19T13:40:19.370480+09:00
Housekeeping Profit,,,failed,False,2026-08-23T02:54:17.672874+09:00
Housekeeping Proposal,10.0,0.0,success,False,2026-08-28T01:05:36.598647+09:00
Housekeeping Pulse,,,failed,False,2026-08-17T20:41:48.704350+09:00
Housekeeping Queue,,,failed,False,2026-08-19T21:04:01.717737+09:00
Housekeeping Quota,,,failed,False,2026-08-21T00:26:41.627536+09:00
Housekeeping Radar,,,failed,False,2026-08-17T21:37:26.190503+09:00
Housekeeping Rail,,,failed,False,2026-08-17T20:43:57.612589+09:00
Housekeeping Rate,170.0,23.0,success,False,2026-08-19T20:49:09.969574+09:00
Housekeeping Recap,,,failed,False,2026-08-21T01:00:22.728561+09:00
Housekeeping Receipt,10.0,76.0,success,False,2026-08-19T21:46:37.963751+09:00
Housekeeping Register,140.0,2.0,success,False,2026-08-17T23:30:52.147668+09:00
Housekeeping Registry,,,failed,False,2026-08-18T22:12:21.706710+09:00
Housekeeping Relay,,,failed,False,2026-08-17T21:36:24.237197+09:00
Housekeeping Reminder,70.0,9.0,success,False,2026-08-19T21:33:06.191339+09:00
Housekeeping Report,210.0,1.0,success,False,2026-08-19T13:37:53.958127+09:00
Housekeeping Repository,,,failed,False,2026-08-27T23:13:25.257331+09:00
Housekeeping Result,,,failed,False,2026-08-28T00:47:36.206546+09:00
Housekeeping Roadmap,,,failed,False,2026-08-18T23:51:14.808282+09:00
Housekeeping Roster,30.0,2.0,success,False,2026-08-19T00:38:05.344215+09:00
Housekeeping Route,,,failed,False,2026-08-17T20:45:46.874737+09:00
Housekeeping Rule,1000.0,2.0,success,False,2026-08-23T03:18:14.803596+09:00
Housekeeping Sale,10.0,0.0,success,False,2026-08-21T02:23:55.522760+09:00
Housekeeping Sample,,,failed,False,2026-08-19T21:48:00.610703+09:00
Housekeeping Scale,,,failed,False,2026-08-17T20:46:49.856300+09:00
Housekeeping Scanner,,,failed,False,2026-08-27T23:55:33.587403+09:00
Housekeeping Scheduler,,,failed,False,2026-08-17T23:09:34.502992+09:00
Housekeeping Scope,,,failed,False,2026-08-17T20:44:20.013961+09:00
Housekeeping Score,,,failed,False,2026-08-19T13:39:37.773489+09:00
Housekeeping Sentry,,,failed,False,2026-08-17T20:37:01.636634+09:00
Housekeeping Sheet,70.0,62.0,success,False,2026-08-19T13:39:01.193066+09:00
Housekeeping Shortfall,,,failed,False,2026-08-27T21:47:05.962227+09:00
Housekeeping Signal,,,failed,False,2026-08-17T20:46:07.350212+09:00
Housekeeping Signature,,,failed,False,2026-08-23T13:27:25.869179+09:00
Housekeeping Slip,,,failed,False,2026-08-19T21:47:46.224144+09:00
Housekeeping Slot,,,failed,False,2026-08-19T21:48:17.560358+09:00
Housekeeping Snapshot,,,failed,False,2026-08-18T22:12:06.505434+09:00
Housekeeping Stage,,,failed,False,2026-08-28T00:47:36.206546+09:00
Housekeeping Stake,,,failed,False,2026-08-23T02:54:23.224881+09:00
Housekeeping Stamp,,,failed,False,2026-08-23T13:27:28.386352+09:00
Housekeeping Statement,,,failed,False,2026-08-21T00:26:23.518919+09:00
Housekeeping Station,70.0,100.0,success,False,2026-08-17T21:38:00.601683+09:00
Housekeeping Status,40.0,0.0,success,False,2026-08-19T20:48:40.120494+09:00
Housekeeping Stub,,,failed,False,2026-08-21T00:26:15.934316+09:00
Housekeeping Studio,20.0,0.0,success,False,2026-08-17T21:41:28.759770+09:00
Housekeeping Subsidy,,,failed,False,2026-08-23T15:51:39.388284+09:00
Housekeeping Suite,,,failed,False,2026-08-17T23:07:51.294970+09:00
Housekeeping Sum,,,failed,False,2026-08-21T02:23:37.293511+09:00
Housekeeping Summary,140.0,2.0,success,False,2026-08-19T21:33:06.191339+09:00
Housekeeping Sync,,,failed,False,2026-08-17T20:32:03.329355+09:00
Housekeeping Table,20.0,28.0,success,False,2026-08-19T21:47:20.280191+09:00
Housekeeping Tag,,,failed,False,2026-08-19T13:40:01.237122+09:00
Housekeeping Tally,,,failed,False,2026-08-21T00:26:25.580219+09:00
Housekeeping Tariff,,,failed,False,2026-08-21T02:39:20.009212+09:00
Housekeeping Tax,10.0,0.0,success,False,2026-08-21T02:08:48.919404+09:00
Housekeeping Ticket,10.0,0.0,success,False,2026-08-19T21:03:49.756847+09:00
Housekeeping Timeline,,,failed,False,2026-08-19T21:33:06.191339+09:00
Housekeeping Timer,,,failed,False,2026-08-28T00:24:56.382213+09:00
Housekeeping Token,,,failed,False,2026-08-23T13:27:25.869179+09:00
Housekeeping Toll,,,failed,False,2026-08-21T02:39:12.661070+09:00
Housekeeping Toolbox,40.0,23.0,success,False,2026-08-28T00:25:01.797092+09:00
Housekeeping Toolkit,,,failed,False,2026-08-18T22:11:41.345427+09:00
Housekeeping Total,,,failed,False,2026-08-27T23:13:18.509120+09:00
Housekeeping Tracker,20.0,18.0,success,False,2026-08-17T20:33:15.121215+09:00
Housekeeping Trail,,,failed,False,2026-08-17T20:42:59.992193+09:00
Housekeeping Trend,,,failed,False,2026-08-28T01:05:31.519640+09:00
Housekeeping Trial,,,failed,False,2026-08-27T21:15:54.960799+09:00
Housekeeping Unit,40.0,1.0,success,False,2026-08-21T01:52:30.422416+09:00
Housekeeping Update,,,failed,False,2026-08-19T20:49:12.755513+09:00
Housekeeping Value,,,failed,False,2026-08-23T02:54:19.843201+09:00
Housekeeping Vault,,,failed,False,2026-08-17T21:35:18.423759+09:00
Housekeeping Version,,,failed,False,2026-08-23T03:18:07.042470+09:00
Housekeeping View,,,failed,False,2026-08-19T20:48:46.011592+09:00
Housekeeping Voucher,,,failed,False,2026-08-21T00:26:07.923229+09:00
Housekeeping Watch,,,failed,False,2026-08-17T20:45:22.370262+09:00
Housekeeping Wave,,,failed,False,2026-08-17T20:40:55.263419+09:00
Housekeeping Widget,,,failed,False,2026-08-27T23:13:21.065060+09:00
Housekeeping Workbench,,,failed,False,2026-08-18T22:11:32.522772+09:00
Housekeeping Worksheet,70.0,6.0,success,False,2026-08-27T22:10:31.579374+09:00
Housekeeping Workshop,210.0,0.0,success,False,2026-08-28T00:24:58.982196+09:00
Housekeeping Zone,,,failed,False,2026-08-17T21:34:46.886716+09:00
Humidifier Advance,50.0,81.0,success,False,2026-08-23T16:13:06.452746+09:00
Humidifier Advisory,,,failed,False,2026-08-21T01:01:57.606553+09:00
Humidifier Alert,,,failed,False,2026-08-19T21:32:06.209951+09:00
Humidifier Allowance,,,failed,False,2026-08-21T02:41:56.534428+09:00
Humidifier Analyzer,,,failed,False,2026-08-27T23:58:43.283075+09:00
Humidifier Arrears,,,failed,False,2026-08-23T16:13:03.003819+09:00
Humidifier Assistant,,,failed,False,2026-08-19T21:19:23.397844+09:00
Humidifier Atlas,,,failed,False,2026-08-19T21:18:34.619237+09:00
Humidifier Attribute,,,failed,False,2026-08-23T13:09:37.494287+09:00
Humidifier Badge,,,failed,False,2026-08-21T00:35:54.809657+09:00
Humidifier Base,50.0,40.0,success,False,2026-08-19T21:14:31.473745+09:00
Humidifier Bay,,,failed,False,2026-08-19T21:30:54.257177+09:00
Humidifier Beacon,,,failed,False,2026-08-19T21:11:58.211530+09:00
Humidifier Bill,,,failed,False,2026-08-19T21:55:51.993679+09:00
Humidifier Bin,,,failed,False,2026-08-19T21:32:21.399233+09:00
Humidifier Board,90.0,60.0,success,False,2026-08-19T21:15:09.209545+09:00
Humidifier Book,,,failed,False,2026-08-19T21:56:53.361235+09:00
Humidifier Booth,,,failed,False,2026-08-19T21:30:31.013934+09:00
Humidifier Bridge,,,failed,False,2026-08-19T21:12:31.857265+09:00
Humidifier Brief,,,failed,False,2026-08-21T00:59:38.385269+09:00
Humidifier Bulletin,,,failed,False,2026-08-21T00:59:34.151010+09:00
Humidifier Cabinet,210.0,100.0,success,False,2026-08-27T23:15:07.984003+09:00
Humidifier Calculator,90.0,3.0,success,False,2026-08-27T23:36:10.117910+09:00
Humidifier Calendar,,,failed,False,2026-08-19T21:29:40.498335+09:00
Humidifier Card,10.0,16.0,success,False,2026-08-19T21:05:26.715187+09:00
Humidifier Cascade,,,failed,False,2026-08-19T21:12:22.393942+09:00
Humidifier Cash,,,failed,False,2026-08-21T02:25:19.750628+09:00
Humidifier Cashback,,,failed,False,2026-08-27T21:16:10.166929+09:00
Humidifier Catalog,,,failed,False,2026-08-19T21:10:07.849360+09:00
Humidifier Category,10.0,0.0,success,False,2026-08-23T13:09:35.316031+09:00
Humidifier Center,,,failed,False,2026-08-19T21:16:14.581068+09:00
Humidifier Charge,,,failed,False,2026-08-21T02:41:45.973513+09:00
Humidifier Chart,110.0,0.0,success,False,2026-08-19T21:32:13.666054+09:00
Humidifier Check,110.0,99.0,success,False,2026-08-19T21:05:52.966416+09:00
Humidifier Checker,110.0,99.0,success,False,2026-08-27T23:58:34.382467+09:00
Humidifier Checklist,,,failed,False,2026-08-19T21:09:02.600791+09:00
Humidifier Circular,,,failed,False,2026-08-21T01:01:55.292277+09:00
Humidifier Code,,,failed,False,2026-08-19T21:56:18.827565+09:00
Humidifier Companion,,,failed,False,2026-08-19T21:20:10.804990+09:00
Humidifier Comparison,210.0,60.0,success,False,2026-08-28T01:01:36.692864+09:00
Humidifier Compass,,,failed,False,2026-08-19T21:11:46.371328+09:00
Humidifier Confirmation,,,failed,False,2026-08-21T00:59:54.516148+09:00
Humidifier Console,170.0,45.0,success,False,2026-08-19T21:16:50.838174+09:00
Humidifier Contribution,,,failed,False,2026-08-23T16:13:03.003819+09:00
Humidifier Copayment,,,failed,False,2026-08-23T16:38:24.543370+09:00
Humidifier Core,10.0,46.0,success,False,2026-08-19T21:14:44.485943+09:00
Humidifier Cost,720.0,86.0,success,False,2026-08-21T02:08:27.719210+09:00
Humidifier Count,,,failed,False,2026-08-27T22:49:17.563475+09:00
Humidifier Counter,,,failed,False,2026-08-19T21:30:18.297847+09:00
Humidifier Coupon,10.0,25.0,success,False,2026-08-27T21:16:07.337495+09:00
Humidifier Deal,480.0,90.0,success,False,2026-08-21T01:51:26.021065+09:00
Humidifier Debt,,,failed,False,2026-08-21T02:25:06.190150+09:00
Humidifier Deck,,,failed,False,2026-08-19T21:15:20.790094+09:00
Humidifier Desk,1900.0,100.0,success,False,2026-08-19T21:11:04.489546+09:00
Humidifier Detail,,,failed,False,2026-08-23T03:22:39.014022+09:00
Humidifier Detector,90.0,72.0,success,False,2026-08-27T23:58:38.877794+09:00
Humidifier Diagram,390.0,2.0,success,False,2026-08-27T22:10:59.501612+09:00
Humidifier Digest,,,failed,False,2026-08-19T21:07:57.029357+09:00
Humidifier Directory,,,failed,False,2026-08-19T21:29:49.422411+09:00
Humidifier Discount,10.0,100.0,success,False,2026-08-23T16:12:54.608017+09:00
Humidifier Dossier,,,failed,False,2026-08-21T00:59:58.992040+09:00
Humidifier Downpayment,,,failed,False,2026-08-27T21:47:24.586892+09:00
Humidifier Draft,,,failed,False,2026-08-19T21:08:17.191236+09:00
Humidifier Due,,,failed,False,2026-08-23T15:50:57.538266+09:00
Humidifier Duty,,,failed,False,2026-08-21T02:41:49.318667+09:00
Humidifier Endowment,,,failed,False,2026-08-23T15:51:03.649898+09:00
Humidifier Engine,,,failed,False,2026-08-19T21:19:11.883317+09:00
Humidifier Entry,,,failed,False,2026-08-21T01:00:11.561504+09:00
Humidifier Estimate,,,failed,False,2026-08-19T21:09:52.138956+09:00
Humidifier Estimator,,,failed,False,2026-08-27T23:58:28.934840+09:00
Humidifier Excerpt,,,failed,False,2026-08-21T01:02:10.080773+09:00
Humidifier Fare,,,failed,False,2026-08-21T02:08:41.527197+09:00
Humidifier Fee,,,failed,False,2026-08-21T01:50:54.648591+09:00
Humidifier Feed,,,failed,False,2026-08-19T21:08:07.894185+09:00
Humidifier Field,,,failed,False,2026-08-23T13:09:39.563884+09:00
Humidifier File,,,failed,False,2026-08-19T21:07:18.151537+09:00
Humidifier Finder,,,failed,False,2026-08-19T21:30:03.373519+09:00
Humidifier Fine,,,failed,False,2026-08-23T02:56:50.179026+09:00
Humidifier Flag,,,failed,False,2026-08-21T00:36:26.230021+09:00
Humidifier Flow,,,failed,False,2026-08-19T21:10:39.923410+09:00
Humidifier Forge,,,failed,False,2026-08-19T21:12:07.891173+09:00
Humidifier Form,,,failed,False,2026-08-19T21:05:12.493876+09:00
Humidifier Format,,,failed,False,2026-08-23T13:09:42.107006+09:00
Humidifier Frame,10.0,33.0,success,False,2026-08-19T21:14:21.531663+09:00
Humidifier Fund,,,failed,False,2026-08-21T02:25:09.393326+09:00
Humidifier Giveaway,,,failed,False,2026-08-27T21:16:19.259868+09:00
Humidifier Grade,,,failed,False,2026-08-21T00:36:14.044141+09:00
Humidifier Graph,,,failed,False,2026-08-27T22:10:48.957356+09:00
Humidifier Grid,,,failed,False,2026-08-19T21:13:28.219579+09:00
Humidifier Guarantee,,,failed,False,2026-08-28T01:01:42.257433+09:00
Humidifier Guardian,210.0,98.0,success,False,2026-08-28T00:27:21.214223+09:00
Humidifier Harbor,,,failed,False,2026-08-19T21:31:25.099741+09:00
Humidifier Helpdesk,,,failed,False,2026-08-27T22:49:26.070118+09:00
Humidifier Helper,70.0,14.0,success,False,2026-08-28T00:27:23.571229+09:00
Humidifier History,10.0,0.0,success,False,2026-08-19T21:07:06.926428+09:00
Humidifier Hotline,,,failed,False,2026-08-19T21:10:20.581807+09:00
Humidifier Hub,,,failed,False,2026-08-19T21:10:51.939321+09:00
Humidifier Identifier,,,failed,False,2026-08-23T13:09:32.906091+09:00
Humidifier Inbox,,,failed,False,2026-08-19T21:31:59.320296+09:00
Humidifier Incentive,,,failed,False,2026-08-27T21:16:16.799513+09:00
Humidifier Index,,,failed,False,2026-08-19T21:09:15.467375+09:00
Humidifier Installment,,,failed,False,2026-08-23T16:12:59.279314+09:00
Humidifier Item,,,failed,False,2026-08-21T01:51:06.981175+09:00
Humidifier Journal,,,failed,False,2026-08-19T21:29:26.779055+09:00
Humidifier Keeper,,,failed,False,2026-08-19T21:18:46.381283+09:00
Humidifier Kiosk,,,failed,False,2026-08-19T21:30:39.077841+09:00
Humidifier Kit,480.0,100.0,success,False,2026-08-27T22:49:17.563475+09:00
Humidifier Lab,390.0,63.0,success,False,2026-08-19T21:15:42.753829+09:00
Humidifier Label,,,failed,False,2026-08-27T22:10:53.228398+09:00
Humidifier Ledger,,,failed,False,2026-08-19T21:14:58.322778+09:00
Humidifier Level,90.0,17.0,success,False,2026-08-19T21:07:27.526395+09:00
Humidifier Line,70.0,14.0,success,False,2026-08-19T21:04:09.833583+09:00
Humidifier Link,,,failed,False,2026-08-23T03:22:30.618913+09:00
Humidifier List,,,failed,False,2026-08-19T21:56:27.780319+09:00
Humidifier Loan,,,failed,False,2026-08-21T02:08:48.919404+09:00
Humidifier Lobby,,,failed,False,2026-08-19T21:03:45.298500+09:00
Humidifier Locator,,,failed,False,2026-08-19T21:29:55.661249+09:00
Humidifier Locker,,,failed,False,2026-08-19T21:30:24.987558+09:00
Humidifier Log,,,failed,False,2026-08-19T21:05:02.074506+09:00
Humidifier Loop,,,failed,False,2026-08-19T21:13:17.515413+09:00
Humidifier Manager,,,failed,False,2026-08-19T21:19:00.035786+09:00
Humidifier Manual,720.0,30.0,success,False,2026-08-27T22:10:53.228398+09:00
Humidifier Map,,,failed,False,2026-08-19T21:14:11.257032+09:00
Humidifier Margin,,,failed,False,2026-08-23T02:56:45.800075+09:00
Humidifier Markup,,,failed,False,2026-08-23T16:38:22.069097+09:00
Humidifier Memo,,,failed,False,2026-08-21T00:36:16.111706+09:00
Humidifier Message,,,failed,False,2026-08-27T23:15:00.482378+09:00
Humidifier Monitor,140.0,100.0,success,False,2026-08-19T21:19:58.668783+09:00
Humidifier Nexus,,,failed,False,2026-08-19T21:18:22.582804+09:00
Humidifier Note,,,failed,False,2026-08-19T21:06:15.149170+09:00
Humidifier Notification,,,failed,False,2026-08-27T22:49:15.165017+09:00
Humidifier Number,,,failed,False,2026-08-23T03:22:26.114633+09:00
Humidifier Office,1600.0,100.0,success,False,2026-08-19T21:30:10.428031+09:00
Humidifier Ops,,,failed,False,2026-08-19T21:29:10.316262+09:00
Humidifier Order,,,failed,False,2026-08-19T21:55:44.120814+09:00
Humidifier Outpost,,,failed,False,2026-08-19T21:31:11.020553+09:00
Humidifier Overage,,,failed,False,2026-08-27T21:47:19.918276+09:00
Humidifier Overdraft,,,failed,False,2026-08-23T15:50:59.628265+09:00
Humidifier Overdue,,,failed,False,2026-08-27T21:47:15.270708+09:00
Humidifier Panel,70.0,87.0,success,False,2026-08-19T21:17:05.944580+09:00
Humidifier Pass,,,failed,False,2026-08-21T00:35:43.096296+09:00
Humidifier Passport,,,failed,False,2026-08-19T21:03:30.036000+09:00
Humidifier Path,,,failed,False,2026-08-19T21:13:50.204351+09:00
Humidifier Payoff,,,failed,False,2026-08-27T21:47:17.528863+09:00
Humidifier Petition,,,failed,False,2026-08-21T00:59:50.492128+09:00
Humidifier Plan,,,failed,False,2026-08-21T01:51:12.846846+09:00
Humidifier Playbook,,,failed,False,2026-08-19T21:29:19.590151+09:00
Humidifier Plaza,,,failed,False,2026-08-19T21:31:17.357360+09:00
Humidifier Point,,,failed,False,2026-08-19T21:14:01.404689+09:00
Humidifier Portal,,,failed,False,2026-08-19T21:16:36.317434+09:00
Humidifier Post,,,failed,False,2026-08-19T21:31:03.580111+09:00
Humidifier Preview,,,failed,False,2026-08-28T01:01:36.692864+09:00
Humidifier Price,2900.0,100.0,success,False,2026-08-21T02:08:37.852191+09:00
Humidifier Profile,,,failed,False,2026-08-19T21:06:37.485931+09:00
Humidifier Profit,,,failed,False,2026-08-23T02:56:38.023044+09:00
Humidifier Proposal,,,failed,False,2026-08-28T01:01:39.377915+09:00
Humidifier Queue,,,failed,False,2026-08-19T21:09:40.471721+09:00
Humidifier Quota,,,failed,False,2026-08-21T00:36:21.244854+09:00
Humidifier Radar,,,failed,False,2026-08-19T21:11:12.970448+09:00
Humidifier Rail,,,failed,False,2026-08-19T21:17:37.116648+09:00
Humidifier Rate,70.0,61.0,success,False,2026-08-19T21:07:38.685875+09:00
Humidifier Recap,,,failed,False,2026-08-21T01:02:07.931527+09:00
Humidifier Receipt,10.0,0.0,success,False,2026-08-19T21:56:05.092972+09:00
Humidifier Recorder,,,failed,False,2026-08-27T23:36:17.600549+09:00
Humidifier Registry,,,failed,False,2026-08-19T21:29:34.148902+09:00
Humidifier Relay,30.0,43.0,success,False,2026-08-19T21:11:23.723554+09:00
Humidifier Reminder,,,failed,False,2026-08-19T21:08:50.261483+09:00
Humidifier Report,,,failed,False,2026-08-19T21:04:49.568415+09:00
Humidifier Repository,,,failed,False,2026-08-27T23:15:10.643747+09:00
Humidifier Result,,,failed,False,2026-08-28T00:49:05.838031+09:00
Humidifier Roll,,,failed,False,2026-08-19T21:04:36.711918+09:00
Humidifier Roster,,,failed,False,2026-08-19T21:31:52.488938+09:00
Humidifier Route,,,failed,False,2026-08-19T21:17:27.324738+09:00
Humidifier Rule,,,failed,False,2026-08-23T03:22:34.004366+09:00
Humidifier Sale,1300.0,100.0,success,False,2026-08-21T02:25:24.803683+09:00
Humidifier Sample,,,failed,False,2026-08-19T21:57:11.207151+09:00
Humidifier Scale,110.0,14.0,success,False,2026-08-19T21:17:17.082757+09:00
Humidifier Scanner,,,failed,False,2026-08-27T23:58:34.382467+09:00
Humidifier Schematic,20.0,0.0,success,False,2026-08-27T22:28:56.801982+09:00
Humidifier Scope,,,failed,False,2026-08-19T21:13:02.504471+09:00
Humidifier Score,,,failed,False,2026-08-19T21:06:04.880535+09:00
Humidifier Sheet,,,failed,False,2026-08-19T21:05:37.228592+09:00
Humidifier Shelf,20.0,20.0,success,False,2026-08-19T21:31:43.962049+09:00
Humidifier Shortfall,,,failed,False,2026-08-27T21:47:27.442070+09:00
Humidifier Signal,,,failed,False,2026-08-19T21:12:41.804289+09:00
Humidifier Slip,,,failed,False,2026-08-19T21:57:01.942587+09:00
Humidifier Slot,,,failed,False,2026-08-19T21:57:24.591826+09:00
Humidifier Stake,,,failed,False,2026-08-23T02:56:43.732981+09:00
Humidifier Statement,,,failed,False,2026-08-21T00:36:02.867452+09:00
Humidifier Station,,,failed,False,2026-08-19T21:15:52.181697+09:00
Humidifier Status,,,failed,False,2026-08-19T21:06:44.412093+09:00
Humidifier Stub,,,failed,False,2026-08-21T00:36:00.602558+09:00
Humidifier Studio,10.0,,success,False,2026-08-19T21:15:31.407245+09:00
Humidifier Subsidy,,,failed,False,2026-08-23T15:51:01.656182+09:00
Humidifier Sum,,,failed,False,2026-08-21T02:25:03.924004+09:00
Humidifier Summary,,,failed,False,2026-08-19T21:08:27.297609+09:00
Humidifier Surtax,,,failed,False,2026-08-23T15:51:05.565275+09:00
Humidifier Tab,110.0,74.0,success,False,2026-08-21T00:36:30.694005+09:00
Humidifier Table,1600.0,100.0,success,False,2026-08-19T21:56:40.008866+09:00
Humidifier Tag,,,failed,False,2026-08-19T21:06:27.741536+09:00
Humidifier Tally,,,failed,False,2026-08-21T00:36:08.674469+09:00
Humidifier Tariff,,,failed,False,2026-08-21T02:41:59.910977+09:00
Humidifier Tax,,,failed,False,2026-08-21T02:08:44.609671+09:00
Humidifier Terminal,,,failed,False,2026-08-19T21:16:04.396422+09:00
Humidifier Ticker,,,failed,False,2026-08-19T21:03:58.078741+09:00
Humidifier Ticket,,,failed,False,2026-08-19T21:09:27.813218+09:00
Humidifier Tier,,,failed,False,2026-08-28T00:49:09.988603+09:00
Humidifier Timeline,,,failed,False,2026-08-19T21:08:40.437861+09:00
Humidifier Timer,480.0,100.0,success,False,2026-08-28T00:27:17.609628+09:00
Humidifier Toll,,,failed,False,2026-08-21T02:41:51.779430+09:00
Humidifier Toolbox,,,failed,False,2026-08-28T00:27:21.214223+09:00
Humidifier Total,,,failed,False,2026-08-27T23:15:04.402308+09:00
Humidifier Tower,210.0,100.0,success,False,2026-08-19T21:31:33.933839+09:00
Humidifier Tracker,,,failed,False,2026-08-19T21:10:29.402308+09:00
Humidifier Trail,,,failed,False,2026-08-19T21:17:45.288805+09:00
Humidifier Trend,,,failed,False,2026-08-28T01:01:32.188675+09:00
Humidifier Trial,,,failed,False,2026-08-27T21:16:10.166929+09:00
Humidifier Unit,170.0,77.0,success,False,2026-08-21T01:51:15.763734+09:00
Humidifier Update,,,failed,False,2026-08-19T21:07:47.829296+09:00
Humidifier Value,,,failed,False,2026-08-23T02:56:41.108127+09:00
Humidifier Vault,,,failed,False,2026-08-19T21:11:34.990271+09:00
Humidifier Version,,,failed,False,2026-08-23T03:22:30.618913+09:00
Humidifier View,,,failed,False,2026-08-19T21:06:56.055921+09:00
Humidifier Voucher,,,failed,False,2026-08-21T00:35:49.197244+09:00
Humidifier Watch,,,failed,False,2026-08-19T21:12:51.464479+09:00
Humidifier Wave,,,failed,False,2026-08-19T21:13:38.700903+09:00
Humidifier Widget,,,failed,False,2026-08-27T23:15:04.402308+09:00
Humidifier Window,,,failed,False,2026-08-19T21:04:22.708628+09:00
Humidifier Worksheet,,,failed,False,2026-08-27T22:10:56.558080+09:00
Humidifier Workshop,,,failed,False,2026-08-28T00:27:17.609628+09:00
Humidifier Yard,,,failed,False,2026-08-19T21:30:45.595196+09:00
Humidifier Zone,,,failed,False,2026-08-19T21:16:25.825046+09:00
Hygiene Advance,40.0,4.0,success,False,2026-08-23T16:11:21.537507+09:00
Hygiene Advisory,,,failed,False,2026-08-21T01:06:19.538829+09:00
Hygiene Allowance,,,failed,False,2026-08-21T02:44:18.914187+09:00
Hygiene Almanac,,,failed,False,2026-08-18T22:03:18.976552+09:00
Hygiene Analyzer,,,failed,False,2026-08-27T23:52:26.282518+09:00
Hygiene Anchor,,,failed,False,2026-08-17T23:24:49.201687+09:00
Hygiene Announcement,,,failed,False,2026-08-27T23:32:47.063702+09:00
Hygiene Arrears,,,failed,False,2026-08-23T16:11:16.199786+09:00
Hygiene Assistant,880.0,9.0,success,False,2026-08-17T23:31:17.212800+09:00
Hygiene Atlas,,,failed,False,2026-08-17T23:30:21.472957+09:00
Hygiene Attribute,,,failed,False,2026-08-23T13:09:58.883939+09:00
Hygiene Badge,10.0,1.0,success,False,2026-08-21T00:33:03.712506+09:00
Hygiene Balance,10.0,14.0,success,False,2026-08-23T13:48:38.413472+09:00
Hygiene Base,,,failed,False,2026-08-17T23:26:55.594772+09:00
Hygiene Beacon,,,failed,False,2026-08-17T23:24:03.266981+09:00
Hygiene Bill,,,failed,False,2026-08-19T21:56:32.690388+09:00
Hygiene Blueprint,,,failed,False,2026-08-18T22:03:07.731550+09:00
Hygiene Board,1300.0,100.0,success,False,2026-08-17T23:08:13.716761+09:00
Hygiene Book,320.0,66.0,success,False,2026-08-19T21:57:27.705045+09:00
Hygiene Bridge,,,failed,False,2026-08-17T23:06:48.111245+09:00
Hygiene Brief,10.0,64.0,success,False,2026-08-21T01:06:12.457382+09:00
Hygiene Bulletin,,,failed,False,2026-08-21T01:06:09.386639+09:00
Hygiene Calculator,,,failed,False,2026-08-27T23:32:49.894310+09:00
Hygiene Calendar,40.0,36.0,success,False,2026-08-19T00:00:51.306672+09:00
Hygiene Card,70.0,8.0,success,False,2026-08-19T13:24:52.365790+09:00
Hygiene Cascade,,,failed,False,2026-08-17T23:24:26.895595+09:00
Hygiene Cash,,,failed,False,2026-08-21T02:29:11.262958+09:00
Hygiene Cashback,,,failed,False,2026-08-27T21:13:18.101351+09:00
Hygiene Catalog,,,failed,False,2026-08-19T21:13:21.149067+09:00
Hygiene Category,40.0,0.0,success,False,2026-08-23T13:09:55.014275+09:00
Hygiene Center,170.0,1.0,success,False,2026-08-17T23:04:17.256447+09:00
Hygiene Chain,,,failed,False,2026-08-17T23:09:36.803243+09:00
Hygiene Charge,30.0,26.0,success,False,2026-08-21T02:44:13.647823+09:00
Hygiene Check,480.0,2.0,success,False,2026-08-19T13:25:11.972380+09:00
Hygiene Checker,480.0,2.0,success,False,2026-08-27T23:52:13.665480+09:00
Hygiene Checklist,720.0,19.0,success,False,2026-08-19T21:12:26.316955+09:00
Hygiene Circular,,,failed,False,2026-08-21T01:06:16.364943+09:00
Hygiene Cockpit,,,failed,False,2026-08-17T23:10:55.434729+09:00
Hygiene Code,260.0,16.0,success,False,2026-08-19T21:56:59.723896+09:00
Hygiene Codex,,,failed,False,2026-08-18T22:03:51.381490+09:00
Hygiene Companion,,,failed,False,2026-08-17T23:32:40.699548+09:00
Hygiene Comparison,,,failed,False,2026-08-28T01:03:06.788782+09:00
Hygiene Compass,,,failed,False,2026-08-17T23:04:56.078956+09:00
Hygiene Compendium,,,failed,False,2026-08-18T22:03:30.222566+09:00
Hygiene Confirmation,,,failed,False,2026-08-21T01:06:30.195338+09:00
Hygiene Console,,,failed,False,2026-08-17T23:28:22.691550+09:00
Hygiene Copayment,,,failed,False,2026-08-23T16:37:11.760359+09:00
Hygiene Core,10.0,7.0,success,False,2026-08-17T23:13:28.338167+09:00
Hygiene Cost,2400.0,24.0,success,False,2026-08-21T02:13:20.223987+09:00
Hygiene Count,,,failed,False,2026-08-27T22:45:23.426349+09:00
Hygiene Counter,,,failed,False,2026-08-19T00:01:37.572111+09:00
Hygiene Coupon,,,failed,False,2026-08-27T21:13:15.493972+09:00
Hygiene Dashboard,20.0,4.0,success,False,2026-08-17T23:32:25.255075+09:00
Hygiene Deal,,,failed,False,2026-08-21T01:57:52.664433+09:00
Hygiene Debt,,,failed,False,2026-08-21T02:29:01.889757+09:00
Hygiene Deck,,,failed,False,2026-08-17T23:27:23.938977+09:00
Hygiene Depot,1000.0,96.0,success,False,2026-08-19T00:01:24.646371+09:00
Hygiene Desk,,,failed,False,2026-08-17T22:48:03.176041+09:00
Hygiene Detail,,,failed,False,2026-08-23T03:23:54.422715+09:00
Hygiene Detector,20.0,61.0,success,False,2026-08-27T23:52:22.402919+09:00
Hygiene Dial,,,failed,False,2026-08-17T23:28:43.740452+09:00
Hygiene Digest,,,failed,False,2026-08-19T20:42:03.452660+09:00
Hygiene Directory,,,failed,False,2026-08-19T00:00:59.808882+09:00
Hygiene Discount,3600.0,4.0,success,False,2026-08-23T16:11:11.053977+09:00
Hygiene Dock,,,failed,False,2026-08-17T23:29:16.727834+09:00
Hygiene Dossier,,,failed,False,2026-08-21T01:06:33.871335+09:00
Hygiene Draft,,,failed,False,2026-08-19T20:42:17.170868+09:00
Hygiene Due,,,failed,False,2026-08-23T15:50:12.078414+09:00
Hygiene Duty,,,failed,False,2026-08-21T02:44:16.067023+09:00
Hygiene Engine,,,failed,False,2026-08-17T23:07:35.240679+09:00
Hygiene Entry,,,failed,False,2026-08-21T01:06:51.131996+09:00
Hygiene Estimate,,,failed,False,2026-08-19T21:13:11.253613+09:00
Hygiene Estimator,,,failed,False,2026-08-27T23:52:10.807826+09:00
Hygiene Excerpt,,,failed,False,2026-08-21T01:06:46.678178+09:00
Hygiene Fare,,,failed,False,2026-08-21T02:13:28.177261+09:00
Hygiene Fee,30.0,6.0,success,False,2026-08-21T01:57:38.284860+09:00
Hygiene Feed,260.0,1.0,success,False,2026-08-19T20:42:12.538195+09:00
Hygiene File,,,failed,False,2026-08-19T20:41:36.001931+09:00
Hygiene Finder,,,failed,False,2026-08-19T00:01:18.833283+09:00
Hygiene Fine,,,failed,False,2026-08-23T02:58:03.774409+09:00
Hygiene Flag,,,failed,False,2026-08-21T00:33:43.074758+09:00
Hygiene Flow,20.0,2.0,success,False,2026-08-17T23:33:15.463532+09:00
Hygiene Forge,,,failed,False,2026-08-17T23:12:11.666158+09:00
Hygiene Form,20.0,5.0,success,False,2026-08-19T13:24:45.773598+09:00
Hygiene Frame,,,failed,False,2026-08-17T23:06:26.824049+09:00
Hygiene Fund,,,failed,False,2026-08-21T02:29:07.517005+09:00
Hygiene Gate,40.0,1.0,success,False,2026-08-17T23:30:08.040310+09:00
Hygiene Giveaway,,,failed,False,2026-08-27T21:13:32.051431+09:00
Hygiene Grade,,,failed,False,2026-08-21T00:33:25.139045+09:00
Hygiene Graph,,,failed,False,2026-08-27T22:07:19.639710+09:00
Hygiene Grid,,,failed,False,2026-08-17T23:15:25.442488+09:00
Hygiene Guard,90.0,2.0,success,False,2026-08-17T23:07:13.674847+09:00
Hygiene Guardian,,,failed,False,2026-08-28T00:22:31.262546+09:00
Hygiene Guidebook,,,failed,False,2026-08-18T22:02:46.582498+09:00
Hygiene Helpdesk,,,failed,False,2026-08-27T22:45:28.853044+09:00
Hygiene Helper,110.0,23.0,success,False,2026-08-28T00:22:34.191902+09:00
Hygiene History,210.0,0.0,success,False,2026-08-19T20:41:30.953351+09:00
Hygiene Hotline,,,failed,False,2026-08-19T21:13:31.913325+09:00
Hygiene Hub,880.0,54.0,success,False,2026-08-17T23:08:54.682716+09:00
Hygiene Identifier,,,failed,False,2026-08-23T13:09:53.012547+09:00
Hygiene Incentive,,,failed,False,2026-08-27T21:13:25.046826+09:00
Hygiene Index,320.0,7.0,success,False,2026-08-19T21:12:35.619378+09:00
Hygiene Insight,,,failed,False,2026-08-17T23:03:39.400104+09:00
Hygiene Installment,,,failed,False,2026-08-23T16:11:13.672713+09:00
Hygiene Item,1600.0,18.0,success,False,2026-08-21T01:57:45.438381+09:00
Hygiene Journal,70.0,2.0,success,False,2026-08-18T21:06:03.853095+09:00
Hygiene Keeper,,,failed,False,2026-08-17T23:30:36.598618+09:00
Hygiene Kit,18100.0,78.0,success,False,2026-08-27T22:45:15.401077+09:00
Hygiene Lab,6600.0,100.0,success,False,2026-08-17T23:27:41.420797+09:00
Hygiene Label,70.0,66.0,success,False,2026-08-27T22:07:22.262130+09:00
Hygiene Ledger,,,failed,False,2026-08-17T23:27:09.313673+09:00
Hygiene Lens,,,failed,False,2026-08-17T23:26:38.652949+09:00
Hygiene Level,210.0,5.0,success,False,2026-08-19T20:41:43.197527+09:00
Hygiene Link,110.0,11.0,success,False,2026-08-23T03:23:46.825883+09:00
Hygiene List,390.0,7.0,success,False,2026-08-19T21:57:08.159846+09:00
Hygiene Loan,,,failed,False,2026-08-21T02:13:34.693364+09:00
Hygiene Locator,20.0,0.0,success,False,2026-08-19T00:01:10.174789+09:00
Hygiene Lock,30.0,11.0,success,False,2026-08-17T23:26:24.551704+09:00
Hygiene Log,30.0,16.0,success,False,2026-08-19T13:24:22.197081+09:00
Hygiene Loop,,,failed,False,2026-08-17T23:25:39.196440+09:00
Hygiene Manager,590.0,4.0,success,False,2026-08-17T23:12:51.339052+09:00
Hygiene Manual,20.0,3.0,success,False,2026-08-27T22:07:22.262130+09:00
Hygiene Map,20.0,0.0,success,False,2026-08-17T23:11:50.330995+09:00
Hygiene Margin,,,failed,False,2026-08-23T02:58:01.593171+09:00
Hygiene Markup,,,failed,False,2026-08-23T16:37:08.695688+09:00
Hygiene Memo,10.0,0.0,success,False,2026-08-21T00:33:32.477901+09:00
Hygiene Message,30.0,0.0,success,False,2026-08-27T23:10:42.851763+09:00
Hygiene Meter,110.0,51.0,success,False,2026-08-17T23:13:11.418966+09:00
Hygiene Metrics,50.0,0.0,success,False,2026-08-17T23:32:11.092346+09:00
Hygiene Monitor,90.0,7.0,success,False,2026-08-17T23:31:48.177682+09:00
Hygiene Navigator,,,failed,False,2026-08-17T23:05:21.665981+09:00
Hygiene Nexus,,,failed,False,2026-08-17T23:11:13.383500+09:00
Hygiene Node,,,failed,False,2026-08-17T23:03:58.711434+09:00
Hygiene Note,,,failed,False,2026-08-19T13:25:50.130591+09:00
Hygiene Notification,,,failed,False,2026-08-27T22:45:10.355251+09:00
Hygiene Number,,,failed,False,2026-08-23T03:23:43.125766+09:00
Hygiene Office,590.0,13.0,success,False,2026-08-19T00:01:32.528747+09:00
Hygiene Ops,,,failed,False,2026-08-17T23:32:52.026751+09:00
Hygiene Order,20.0,3.0,success,False,2026-08-19T21:56:23.940159+09:00
Hygiene Organizer,140.0,99.0,success,False,2026-08-17T23:09:18.796206+09:00
Hygiene Overdraft,,,failed,False,2026-08-23T15:50:12.078414+09:00
Hygiene Overdue,,,failed,False,2026-08-27T21:46:03.878331+09:00
Hygiene Panel,480.0,100.0,success,False,2026-08-17T23:06:06.115551+09:00
Hygiene Path,,,failed,False,2026-08-17T23:26:10.639676+09:00
Hygiene Penalty,,,failed,False,2026-08-23T16:37:06.410620+09:00
Hygiene Petition,,,failed,False,2026-08-21T01:06:23.582625+09:00
Hygiene Pilot,,,failed,False,2026-08-17T23:33:31.331574+09:00
Hygiene Plan,1900.0,22.0,success,False,2026-08-21T01:57:50.113408+09:00
Hygiene Planner,,,failed,False,2026-08-17T23:14:27.748058+09:00
Hygiene Playbook,,,failed,False,2026-08-18T23:51:14.808282+09:00
Hygiene Point,110.0,0.0,success,False,2026-08-17T23:04:36.399044+09:00
Hygiene Portal,70.0,3.0,success,False,2026-08-17T23:11:32.053287+09:00
Hygiene Preview,,,failed,False,2026-08-28T01:03:11.397241+09:00
Hygiene Profile,,,failed,False,2026-08-19T13:26:10.178451+09:00
Hygiene Profit,,,failed,False,2026-08-23T02:57:57.265224+09:00
Hygiene Proposal,,,failed,False,2026-08-28T01:03:11.397241+09:00
Hygiene Pulse,,,failed,False,2026-08-17T23:25:55.806145+09:00
Hygiene Queue,,,failed,False,2026-08-19T21:12:57.141262+09:00
Hygiene Quota,,,failed,False,2026-08-21T00:33:37.107629+09:00
Hygiene Radar,,,failed,False,2026-08-17T23:23:29.892589+09:00
Hygiene Rail,,,failed,False,2026-08-17T23:14:48.085579+09:00
Hygiene Rate,8100.0,1.0,success,False,2026-08-19T20:41:48.388385+09:00
Hygiene Recap,,,failed,False,2026-08-21T01:06:42.544203+09:00
Hygiene Receipt,,,failed,False,2026-08-19T21:56:48.069412+09:00
Hygiene Recorder,,,failed,False,2026-08-27T23:33:00.078931+09:00
Hygiene Redemption,,,failed,False,2026-08-23T16:37:14.050450+09:00
Hygiene Register,2900.0,12.0,success,False,2026-08-17T23:12:30.403803+09:00
Hygiene Registry,,,failed,False,2026-08-18T22:02:56.704517+09:00
Hygiene Relay,,,failed,False,2026-08-17T23:10:35.067749+09:00
Hygiene Reminder,50.0,2.0,success,False,2026-08-19T21:12:15.731161+09:00
Hygiene Report,170.0,5.0,success,False,2026-08-19T13:24:10.018965+09:00
Hygiene Result,,,failed,False,2026-08-28T00:46:19.889028+09:00
Hygiene Roadmap,,,failed,False,2026-08-18T22:04:00.845205+09:00
Hygiene Roster,,,failed,False,2026-08-19T00:38:32.004718+09:00
Hygiene Route,10.0,,success,False,2026-08-17T23:07:52.950180+09:00
Hygiene Rule,480.0,6.0,success,False,2026-08-23T03:23:49.316132+09:00
Hygiene Sale,40.0,100.0,success,False,2026-08-21T02:29:14.750230+09:00
Hygiene Sample,,,failed,False,2026-08-19T21:57:51.707228+09:00
Hygiene Scale,30.0,8.0,success,False,2026-08-17T23:29:01.871676+09:00
Hygiene Scanner,10.0,40.0,success,False,2026-08-27T23:52:16.469073+09:00
Hygiene Scheduler,,,failed,False,2026-08-17T23:31:33.228756+09:00
Hygiene Scope,,,failed,False,2026-08-17T23:08:34.451093+09:00
Hygiene Score,110.0,1.0,success,False,2026-08-19T13:25:31.059454+09:00
Hygiene Sentry,,,failed,False,2026-08-17T23:05:44.417197+09:00
Hygiene Sheet,590.0,86.0,success,False,2026-08-19T13:25:01.891377+09:00
Hygiene Signal,,,failed,False,2026-08-17T23:13:49.973223+09:00
Hygiene Slip,40.0,100.0,success,False,2026-08-19T21:57:41.163401+09:00
Hygiene Slot,,,failed,False,2026-08-19T21:58:02.735072+09:00
Hygiene Snapshot,,,failed,False,2026-08-18T22:02:35.560643+09:00
Hygiene Stage,,,failed,False,2026-08-28T00:46:19.889028+09:00
Hygiene Statement,,,failed,False,2026-08-21T00:33:12.400590+09:00
Hygiene Station,1000.0,93.0,success,False,2026-08-17T23:09:57.644305+09:00
Hygiene Status,20.0,0.0,success,False,2026-08-19T20:41:10.828189+09:00
Hygiene Streak,,,failed,False,2026-08-28T00:46:24.719309+09:00
Hygiene Stub,,,failed,False,2026-08-21T00:33:08.035106+09:00
Hygiene Studio,20.0,9.0,success,False,2026-08-17T23:15:05.132671+09:00
Hygiene Subsidy,,,failed,False,2026-08-23T15:50:14.677980+09:00
Hygiene Suite,30.0,1.0,success,False,2026-08-17T23:30:52.147668+09:00
Hygiene Sum,,,failed,False,2026-08-21T02:28:57.894422+09:00
Hygiene Summary,20.0,0.0,success,False,2026-08-19T21:11:50.782037+09:00
Hygiene Surtax,,,failed,False,2026-08-23T15:50:16.987712+09:00
Hygiene Sync,,,failed,False,2026-08-17T23:14:10.961193+09:00
Hygiene Tab,320.0,37.0,success,False,2026-08-21T00:33:48.597432+09:00
Hygiene Table,20.0,0.0,success,False,2026-08-19T21:57:19.204093+09:00
Hygiene Tag,20.0,7.0,success,False,2026-08-19T13:25:58.679936+09:00
Hygiene Tally,,,failed,False,2026-08-21T00:33:17.387160+09:00
Hygiene Tariff,,,failed,False,2026-08-21T02:44:22.791251+09:00
Hygiene Tax,,,failed,False,2026-08-21T02:13:28.177261+09:00
Hygiene Ticket,,,failed,False,2026-08-19T21:12:45.437785+09:00
Hygiene Tier,110.0,2.0,success,False,2026-08-28T00:46:24.719309+09:00
Hygiene Timeline,,,failed,False,2026-08-19T21:12:02.105513+09:00
Hygiene Timer,30.0,0.0,success,False,2026-08-28T00:22:26.191039+09:00
Hygiene Toll,,,failed,False,2026-08-21T02:44:16.067023+09:00
Hygiene Toolbox,10.0,4.0,success,False,2026-08-28T00:22:31.262546+09:00
Hygiene Toolkit,,,failed,False,2026-08-18T23:51:14.808282+09:00
Hygiene Tracker,140.0,11.0,success,False,2026-08-17T23:33:04.806706+09:00
Hygiene Trail,,,failed,False,2026-08-17T23:29:37.041815+09:00
Hygiene Trend,20.0,0.0,success,False,2026-08-28T01:03:04.018813+09:00
Hygiene Trial,,,failed,False,2026-08-27T21:13:18.101351+09:00
Hygiene Unit,50.0,8.0,success,False,2026-08-21T02:05:51.453888+09:00
Hygiene Update,10.0,76.0,success,False,2026-08-19T20:41:57.553937+09:00
Hygiene Value,10.0,0.0,success,False,2026-08-23T02:57:59.639367+09:00
Hygiene Vault,,,failed,False,2026-08-17T23:23:45.943375+09:00
Hygiene Version,,,failed,False,2026-08-23T03:23:46.825883+09:00
Hygiene View,,,failed,False,2026-08-19T20:41:20.028487+09:00
Hygiene Voucher,,,failed,False,2026-08-21T00:32:57.061306+09:00
Hygiene Watch,10.0,0.0,success,False,2026-08-17T23:25:05.910381+09:00
Hygiene Wave,,,failed,False,2026-08-17T23:10:15.371250+09:00
Hygiene Widget,,,failed,False,2026-08-27T23:10:47.155079+09:00
Hygiene Workbench,,,failed,False,2026-08-18T23:51:14.808282+09:00
Hygiene Worksheet,720.0,1.0,success,False,2026-08-27T22:07:27.719925+09:00
Hygiene Workshop,70.0,7.0,success,False,2026-08-28T00:22:28.798439+09:00
Hygiene Zone,260.0,10.0,success,False,2026-08-17T23:28:06.508675+09:00
Idiom Advisory,,,failed,False,2026-08-21T01:09:34.280846+09:00
Idiom Alert,,,failed,False,2026-08-19T21:29:49.422411+09:00
Idiom Allowance,,,failed,False,2026-08-21T02:40:01.670619+09:00
Idiom Analyzer,,,failed,False,2026-08-27T23:57:42.673163+09:00
Idiom Assistant,,,failed,False,2026-08-19T21:16:04.396422+09:00
Idiom Atlas,,,failed,False,2026-08-19T21:15:22.705045+09:00
Idiom Attribute,,,failed,False,2026-08-23T13:08:42.186526+09:00
Idiom Badge,,,failed,False,2026-08-21T00:34:51.514854+09:00
Idiom Base,10.0,0.0,success,False,2026-08-19T21:11:14.866023+09:00
Idiom Bay,,,failed,False,2026-08-19T21:19:49.170898+09:00
Idiom Beacon,,,failed,False,2026-08-19T21:08:29.245582+09:00
Idiom Bin,,,failed,False,2026-08-19T21:30:05.370784+09:00
Idiom Board,50.0,0.0,success,False,2026-08-19T21:11:46.371328+09:00
Idiom Book,2900.0,86.0,success,False,2026-08-19T21:53:20.741685+09:00
Idiom Booth,,,failed,False,2026-08-19T21:19:11.883317+09:00
Idiom Bridge,590.0,0.0,success,False,2026-08-19T21:09:02.600791+09:00
Idiom Brief,,,failed,False,2026-08-21T01:09:26.967706+09:00
Idiom Bulletin,,,failed,False,2026-08-21T01:09:25.502385+09:00
Idiom Card,320.0,10.0,success,False,2026-08-19T21:31:17.357360+09:00
Idiom Cascade,,,failed,False,2026-08-19T21:08:52.385641+09:00
Idiom Cash,,,failed,False,2026-08-21T02:23:08.764436+09:00
Idiom Cashback,,,failed,False,2026-08-27T21:15:18.698295+09:00
Idiom Catalog,,,failed,False,2026-08-19T21:06:46.189471+09:00
Idiom Category,,,failed,False,2026-08-23T13:08:40.061584+09:00
Idiom Chain,,,failed,False,2026-08-19T21:14:34.800336+09:00
Idiom Charge,,,failed,False,2026-08-21T02:39:49.190275+09:00
Idiom Chart,320.0,3.0,success,False,2026-08-19T21:29:55.661249+09:00
Idiom Check,110.0,0.0,success,False,2026-08-19T21:31:33.933839+09:00
Idiom Checker,110.0,0.0,success,False,2026-08-27T23:57:33.676197+09:00
Idiom Checklist,,,failed,False,2026-08-19T21:05:52.966416+09:00
Idiom Circular,,,failed,False,2026-08-21T01:09:32.208799+09:00
Idiom Companion,,,failed,False,2026-08-19T21:16:50.838174+09:00
Idiom Comparison,210.0,0.0,success,False,2026-08-28T01:08:32.525331+09:00
Idiom Compass,,,failed,False,2026-08-19T21:08:19.397533+09:00
Idiom Confirmation,,,failed,False,2026-08-21T01:09:44.260038+09:00
Idiom Console,,,failed,False,2026-08-19T21:13:28.219579+09:00
Idiom Converter,10.0,0.0,success,False,2026-08-27T23:35:28.835803+09:00
Idiom Core,,,failed,False,2026-08-19T21:11:25.521014+09:00
Idiom Cost,,,failed,False,2026-08-21T02:06:11.713342+09:00
Idiom Count,,,failed,False,2026-08-27T22:48:37.138670+09:00
Idiom Counter,,,failed,False,2026-08-19T21:18:46.381283+09:00
Idiom Coupon,,,failed,False,2026-08-27T21:15:16.328313+09:00
Idiom Deal,50.0,0.0,success,False,2026-08-21T01:59:23.833736+09:00
Idiom Debt,,,failed,False,2026-08-21T02:22:58.653942+09:00
Idiom Deck,,,failed,False,2026-08-19T21:11:59.918866+09:00
Idiom Desk,,,failed,False,2026-08-19T21:07:38.685875+09:00
Idiom Detail,,,failed,False,2026-08-23T03:20:50.654201+09:00
Idiom Detector,10.0,0.0,success,False,2026-08-27T23:57:42.673163+09:00
Idiom Digest,,,failed,False,2026-08-19T21:04:38.364310+09:00
Idiom Directory,,,failed,False,2026-08-19T21:18:03.656517+09:00
Idiom Dossier,,,failed,False,2026-08-21T00:58:25.474774+09:00
Idiom Draft,,,failed,False,2026-08-19T21:05:02.074506+09:00
Idiom Duty,,,failed,False,2026-08-21T02:39:52.714819+09:00
Idiom Engine,,,failed,False,2026-08-19T21:15:54.238919+09:00
Idiom Entry,,,failed,False,2026-08-21T00:58:38.777262+09:00
Idiom Excerpt,,,failed,False,2026-08-21T00:58:34.367334+09:00
Idiom Fare,,,failed,False,2026-08-21T02:06:22.333595+09:00
Idiom Fee,,,failed,False,2026-08-21T01:59:11.823228+09:00
Idiom Feed,,,failed,False,2026-08-19T21:04:49.568415+09:00
Idiom Field,,,failed,False,2026-08-23T13:08:44.526296+09:00
Idiom File,,,failed,False,2026-08-19T21:03:45.298500+09:00
Idiom Finder,260.0,0.0,success,False,2026-08-19T21:18:24.331096+09:00
Idiom Fine,,,failed,False,2026-08-23T02:55:24.224280+09:00
Idiom Flow,,,failed,False,2026-08-19T21:07:19.840236+09:00
Idiom Forge,,,failed,False,2026-08-19T21:08:40.437861+09:00
Idiom Form,,,failed,False,2026-08-19T21:31:11.020553+09:00
Idiom Format,,,failed,False,2026-08-23T13:08:46.542285+09:00
Idiom Frame,,,failed,False,2026-08-19T21:11:04.489546+09:00
Idiom Fund,,,failed,False,2026-08-21T02:23:00.928674+09:00
Idiom Gate,,,failed,False,2026-08-19T21:14:58.322778+09:00
Idiom Generator,320.0,0.0,success,False,2026-08-27T23:35:28.835803+09:00
Idiom Giveaway,,,failed,False,2026-08-27T21:15:22.797193+09:00
Idiom Harbor,,,failed,False,2026-08-19T21:29:12.327035+09:00
Idiom Helper,,,failed,False,2026-08-28T00:26:47.602211+09:00
Idiom History,70.0,0.0,success,False,2026-08-19T21:03:30.036000+09:00
Idiom Hotline,,,failed,False,2026-08-19T21:06:56.055921+09:00
Idiom Hub,,,failed,False,2026-08-19T21:07:29.278050+09:00
Idiom Identifier,,,failed,False,2026-08-23T13:08:36.933873+09:00
Idiom Inbox,,,failed,False,2026-08-19T21:29:42.361641+09:00
Idiom Incentive,,,failed,False,2026-08-27T21:15:22.797193+09:00
Idiom Index,10.0,0.0,success,False,2026-08-19T21:06:04.880535+09:00
Idiom Item,,,failed,False,2026-08-21T01:59:10.014934+09:00
Idiom Journal,20.0,0.0,success,False,2026-08-19T21:17:37.116648+09:00
Idiom Keeper,,,failed,False,2026-08-19T21:15:33.096576+09:00
Idiom Kiosk,,,failed,False,2026-08-19T21:19:23.397844+09:00
Idiom Kit,,,failed,False,2026-08-27T22:48:34.491281+09:00
Idiom Lab,,,failed,False,2026-08-19T21:12:22.393942+09:00
Idiom Label,,,failed,False,2026-08-27T22:09:38.149454+09:00
Idiom Ledger,,,failed,False,2026-08-19T21:11:34.990271+09:00
Idiom Level,,,failed,False,2026-08-19T21:03:59.838072+09:00
Idiom Line,170.0,0.0,success,False,2026-08-19T21:30:33.343002+09:00
Idiom Link,,,failed,False,2026-08-23T03:20:39.175053+09:00
Idiom List,12100.0,7.0,success,False,2026-08-19T21:52:53.016557+09:00
Idiom Loan,,,failed,False,2026-08-21T02:06:36.583403+09:00
Idiom Lobby,,,failed,False,2026-08-19T21:30:18.297847+09:00
Idiom Locator,,,failed,False,2026-08-19T21:18:11.999906+09:00
Idiom Locker,,,failed,False,2026-08-19T21:19:01.988330+09:00
Idiom Log,,,failed,False,2026-08-19T21:31:03.580111+09:00
Idiom Loop,10.0,0.0,success,False,2026-08-19T21:09:52.138956+09:00
Idiom Manager,10.0,,success,False,2026-08-19T21:15:44.600624+09:00
Idiom Map,,,failed,False,2026-08-19T21:10:51.939321+09:00
Idiom Margin,,,failed,False,2026-08-23T02:55:21.397263+09:00
Idiom Markup,,,failed,False,2026-08-23T16:37:49.888860+09:00
Idiom Memo,,,failed,False,2026-08-21T00:35:07.163921+09:00
Idiom Monitor,,,failed,False,2026-08-19T21:16:39.026055+09:00
Idiom Nexus,10.0,0.0,success,False,2026-08-19T21:15:09.209545+09:00
Idiom Note,,,failed,False,2026-08-19T21:31:52.488938+09:00
Idiom Notification,,,failed,False,2026-08-27T22:48:34.491281+09:00
Idiom Number,480.0,0.0,success,False,2026-08-23T03:20:32.320134+09:00
Idiom Office,,,failed,False,2026-08-19T21:18:34.619237+09:00
Idiom Ops,,,failed,False,2026-08-19T21:17:17.082757+09:00
Idiom Panel,,,failed,False,2026-08-19T21:13:40.486879+09:00
Idiom Pass,,,failed,False,2026-08-21T00:34:40.769437+09:00
Idiom Passport,,,failed,False,2026-08-19T21:30:12.319072+09:00
Idiom Path,,,failed,False,2026-08-19T21:10:29.402308+09:00
Idiom Penalty,,,failed,False,2026-08-23T16:37:49.888860+09:00
Idiom Petition,,,failed,False,2026-08-21T01:09:42.916632+09:00
Idiom Plan,110.0,0.0,success,False,2026-08-21T01:59:20.402285+09:00
Idiom Playbook,,,failed,False,2026-08-19T21:17:27.324738+09:00
Idiom Plaza,,,failed,False,2026-08-19T21:29:05.227189+09:00
Idiom Portal,,,failed,False,2026-08-19T21:13:17.515413+09:00
Idiom Post,,,failed,False,2026-08-19T21:20:00.703413+09:00
Idiom Profile,,,failed,False,2026-08-19T21:32:08.265719+09:00
Idiom Profit,,,failed,False,2026-08-23T02:55:10.666436+09:00
Idiom Queue,,,failed,False,2026-08-19T21:06:27.741536+09:00
Idiom Radar,,,failed,False,2026-08-19T21:07:49.558493+09:00
Idiom Rail,,,failed,False,2026-08-19T21:14:12.923572+09:00
Idiom Rate,,,failed,False,2026-08-19T21:04:11.577084+09:00
Idiom Recap,,,failed,False,2026-08-21T00:59:23.990159+09:00
Idiom Recorder,,,failed,False,2026-08-27T23:35:28.835803+09:00
Idiom Redemption,,,failed,False,2026-08-23T16:37:54.537855+09:00
Idiom Register,,,failed,False,2026-08-19T21:17:05.944580+09:00
Idiom Relay,,,failed,False,2026-08-19T21:07:58.848698+09:00
Idiom Reminder,,,failed,False,2026-08-19T21:05:39.916573+09:00
Idiom Rendering,,,failed,False,2026-08-27T22:28:53.992967+09:00
Idiom Report,,,failed,False,2026-08-19T21:30:56.024739+09:00
Idiom Repository,,,failed,False,2026-08-27T23:14:19.159911+09:00
Idiom Ring,90.0,0.0,success,False,2026-08-19T21:14:44.485943+09:00
Idiom Roll,,,failed,False,2026-08-19T21:30:47.462824+09:00
Idiom Roster,,,failed,False,2026-08-19T21:29:36.124531+09:00
Idiom Route,,,failed,False,2026-08-19T21:14:03.656959+09:00
Idiom Rule,,,failed,False,2026-08-23T03:20:42.703424+09:00
Idiom Sale,50.0,0.0,success,False,2026-08-21T02:23:11.717671+09:00
Idiom Sample,90500.0,6.0,success,False,2026-08-19T21:53:43.821939+09:00
Idiom Scale,,,failed,False,2026-08-19T21:13:52.940752+09:00
Idiom Scanner,,,failed,False,2026-08-27T23:57:37.780075+09:00
Idiom Scheduler,,,failed,False,2026-08-19T21:16:27.560091+09:00
Idiom Scope,,,failed,False,2026-08-19T21:09:42.547953+09:00
Idiom Score,30.0,0.0,success,False,2026-08-19T21:31:43.962049+09:00
Idiom Sheet,3600.0,2.0,success,False,2026-08-19T21:31:25.099741+09:00
Idiom Shelf,,,failed,False,2026-08-19T21:29:28.610068+09:00
Idiom Signal,,,failed,False,2026-08-19T21:09:15.467375+09:00
Idiom Statement,,,failed,False,2026-08-21T00:34:57.023815+09:00
Idiom Station,,,failed,False,2026-08-19T21:12:31.857265+09:00
Idiom Status,,,failed,False,2026-08-19T21:32:15.548375+09:00
Idiom Studio,30.0,4.0,success,False,2026-08-19T21:12:09.668415+09:00
Idiom Sum,,,failed,False,2026-08-21T02:22:54.942838+09:00
Idiom Summary,,,failed,False,2026-08-19T21:05:14.341737+09:00
Idiom Table,170.0,0.0,success,False,2026-08-19T21:53:02.852702+09:00
Idiom Tag,,,failed,False,2026-08-19T21:31:59.320296+09:00
Idiom Tariff,,,failed,False,2026-08-21T02:40:04.485559+09:00
Idiom Tax,,,failed,False,2026-08-21T02:06:27.364500+09:00
Idiom Terminal,,,failed,False,2026-08-19T21:12:41.804289+09:00
Idiom Ticker,,,failed,False,2026-08-19T21:30:24.987558+09:00
Idiom Timeline,,,failed,False,2026-08-19T21:05:26.715187+09:00
Idiom Toll,,,failed,False,2026-08-21T02:39:59.313025+09:00
Idiom Toolbox,,,failed,False,2026-08-28T00:26:47.602211+09:00
Idiom Total,,,failed,False,2026-08-27T23:14:12.324093+09:00
Idiom Tower,10.0,2.0,success,False,2026-08-19T21:29:21.643935+09:00
Idiom Tracker,,,failed,False,2026-08-19T21:07:08.840903+09:00
Idiom Trail,,,failed,False,2026-08-19T21:14:23.234492+09:00
Idiom Trial,,,failed,False,2026-08-27T21:15:18.698295+09:00
Idiom Unit,,,failed,False,2026-08-21T01:59:17.074164+09:00
Idiom Update,,,failed,False,2026-08-19T21:04:24.508436+09:00
Idiom Value,,,failed,False,2026-08-23T02:55:13.896073+09:00
Idiom Vault,,,failed,False,2026-08-19T21:08:09.987838+09:00
Idiom Version,,,failed,False,2026-08-23T03:20:35.213515+09:00
Idiom View,,,failed,False,2026-08-19T21:32:23.492274+09:00
Idiom Voucher,,,failed,False,2026-08-21T00:34:44.893530+09:00
Idiom Watch,10.0,0.0,success,False,2026-08-19T21:09:29.663933+09:00
Idiom Widget,,,failed,False,2026-08-27T23:14:15.197354+09:00
Idiom Window,,,failed,False,2026-08-19T21:30:39.077841+09:00
Idiom Worksheet,3600.0,2.0,success,False,2026-08-27T22:09:41.685906+09:00
Idiom Workshop,,,failed,False,2026-08-28T00:26:44.575613+09:00
Idiom Yard,,,failed,False,2026-08-19T21:19:37.758100+09:00
Idiom Zone,,,failed,False,2026-08-19T21:13:04.964598+09:00
Igniter Advisory,,,failed,False,2026-08-21T01:09:44.260038+09:00
Igniter Alert,0.0,,success,False,2026-08-19T21:30:03.373519+09:00
Igniter Allowance,,,failed,False,2026-08-21T02:40:07.402959+09:00
Igniter Analyzer,,,failed,False,2026-08-27T23:57:45.055012+09:00
Igniter Assistant,,,failed,False,2026-08-19T21:16:27.560091+09:00
Igniter Atlas,,,failed,False,2026-08-19T21:15:44.600624+09:00
Igniter Attribute,,,failed,False,2026-08-23T13:08:46.542285+09:00
Igniter Base,,,failed,False,2026-08-19T21:11:34.990271+09:00
Igniter Bay,,,failed,False,2026-08-19T21:20:12.462826+09:00
Igniter Beacon,,,failed,False,2026-08-19T21:08:52.385641+09:00
Igniter Bill,,,failed,False,2026-08-19T21:52:37.480660+09:00
Igniter Bin,,,failed,False,2026-08-19T21:30:18.297847+09:00
Igniter Board,10.0,13.0,success,False,2026-08-19T21:12:09.668415+09:00
Igniter Book,,,failed,False,2026-08-19T21:53:43.821939+09:00
Igniter Booth,,,failed,False,2026-08-19T21:19:37.758100+09:00
Igniter Bridge,,,failed,False,2026-08-19T21:09:29.663933+09:00
Igniter Brief,,,failed,False,2026-08-21T01:09:34.280846+09:00
Igniter Bulletin,,,failed,False,2026-08-21T01:09:32.208799+09:00
Igniter Cabinet,,,failed,False,2026-08-27T23:14:19.159911+09:00
Igniter Calendar,,,failed,False,2026-08-19T21:18:11.999906+09:00
Igniter Card,,,failed,False,2026-08-19T21:31:33.933839+09:00
Igniter Cascade,,,failed,False,2026-08-19T21:09:15.467375+09:00
Igniter Cash,,,failed,False,2026-08-21T02:23:20.274615+09:00
Igniter Cashback,,,failed,False,2026-08-27T21:15:22.797193+09:00
Igniter Catalog,,,failed,False,2026-08-19T21:07:06.926428+09:00
Igniter Category,,,failed,False,2026-08-23T13:08:44.526296+09:00
Igniter Chain,,,failed,False,2026-08-19T21:14:58.322778+09:00
Igniter Charge,,,failed,False,2026-08-21T02:39:54.831624+09:00
Igniter Chart,,,failed,False,2026-08-19T21:30:12.319072+09:00
Igniter Check,,,failed,False,2026-08-19T21:31:52.488938+09:00
Igniter Checker,,,failed,False,2026-08-27T23:57:37.780075+09:00
Igniter Checklist,,,failed,False,2026-08-19T21:06:15.149170+09:00
Igniter Circular,,,failed,False,2026-08-21T01:09:36.550865+09:00
Igniter Code,10.0,0.0,success,False,2026-08-19T21:53:02.852702+09:00
Igniter Companion,,,failed,False,2026-08-19T21:17:17.082757+09:00
Igniter Compass,,,failed,False,2026-08-19T21:08:40.437861+09:00
Igniter Confirmation,,,failed,False,2026-08-21T00:58:30.042414+09:00
Igniter Console,,,failed,False,2026-08-19T21:13:52.940752+09:00
Igniter Core,,,failed,False,2026-08-19T21:11:46.371328+09:00
Igniter Cost,10.0,11.0,success,False,2026-08-21T02:06:22.333595+09:00
Igniter Count,,,failed,False,2026-08-27T22:48:41.593169+09:00
Igniter Counter,,,failed,False,2026-08-19T21:19:11.883317+09:00
Igniter Coupon,,,failed,False,2026-08-27T21:15:18.698295+09:00
Igniter Deal,,,failed,False,2026-08-21T02:05:51.453888+09:00
Igniter Debt,,,failed,False,2026-08-21T02:23:08.764436+09:00
Igniter Deck,10.0,,success,False,2026-08-19T21:12:22.393942+09:00
Igniter Desk,,,failed,False,2026-08-19T21:07:58.848698+09:00
Igniter Detail,,,failed,False,2026-08-23T03:20:56.810289+09:00
Igniter Detector,,,failed,False,2026-08-27T23:57:45.055012+09:00
Igniter Diagram,20.0,0.0,success,False,2026-08-27T22:09:51.279815+09:00
Igniter Digest,,,failed,False,2026-08-19T21:05:02.074506+09:00
Igniter Directory,,,failed,False,2026-08-19T21:18:24.331096+09:00
Igniter Discount,,,failed,False,2026-08-23T16:12:05.670450+09:00
Igniter Dossier,,,failed,False,2026-08-21T00:58:34.367334+09:00
Igniter Draft,,,failed,False,2026-08-19T21:05:26.715187+09:00
Igniter Due,,,failed,False,2026-08-23T15:50:23.768923+09:00
Igniter Duty,,,failed,False,2026-08-21T02:40:01.670619+09:00
Igniter Engine,10.0,4.0,success,False,2026-08-19T21:16:14.581068+09:00
Igniter Entry,,,failed,False,2026-08-21T00:58:47.378244+09:00
Igniter Estimate,,,failed,False,2026-08-19T21:06:56.055921+09:00
Igniter Estimator,,,failed,False,2026-08-27T23:57:37.780075+09:00
Igniter Excerpt,,,failed,False,2026-08-21T00:58:42.850183+09:00
Igniter Fare,,,failed,False,2026-08-21T02:06:36.583403+09:00
Igniter Fee,,,failed,False,2026-08-21T01:59:17.074164+09:00
Igniter Feed,,,failed,False,2026-08-19T21:05:14.341737+09:00
Igniter Field,,,failed,False,2026-08-23T13:08:48.797339+09:00
Igniter File,,,failed,False,2026-08-19T21:04:11.577084+09:00
Igniter Finder,,,failed,False,2026-08-19T21:18:46.381283+09:00
Igniter Fine,,,failed,False,2026-08-23T02:55:31.768897+09:00
Igniter Flow,,,failed,False,2026-08-19T21:07:38.685875+09:00
Igniter Form,,,failed,False,2026-08-19T21:31:25.099741+09:00
Igniter Format,,,failed,False,2026-08-23T13:08:53.842629+09:00
Igniter Frame,,,failed,False,2026-08-19T21:11:25.521014+09:00
Igniter Fund,,,failed,False,2026-08-21T02:23:11.717671+09:00
Igniter Gate,,,failed,False,2026-08-19T21:15:20.790094+09:00
Igniter Giveaway,,,failed,False,2026-08-27T21:15:29.439407+09:00
Igniter Grade,,,failed,False,2026-08-21T00:35:09.628137+09:00
Igniter Guarantee,,,failed,False,2026-08-28T01:08:39.859150+09:00
Igniter Guardian,,,failed,False,2026-08-28T00:26:47.602211+09:00
Igniter Harbor,,,failed,False,2026-08-19T21:29:28.610068+09:00
Igniter Helpdesk,,,failed,False,2026-08-27T22:48:44.890397+09:00
Igniter Helper,,,failed,False,2026-08-28T00:26:52.853264+09:00
Igniter History,,,failed,False,2026-08-19T21:03:58.078741+09:00
Igniter Hotline,,,failed,False,2026-08-19T21:07:19.840236+09:00
Igniter Hub,,,failed,False,2026-08-19T21:07:49.558493+09:00
Igniter Identifier,,,failed,False,2026-08-23T13:08:42.186526+09:00
Igniter Inbox,,,failed,False,2026-08-19T21:29:55.661249+09:00
Igniter Incentive,,,failed,False,2026-08-27T21:15:25.200797+09:00
Igniter Index,,,failed,False,2026-08-19T21:06:27.741536+09:00
Igniter Item,,,failed,False,2026-08-21T01:59:20.402285+09:00
Igniter Journal,,,failed,False,2026-08-19T21:17:55.830991+09:00
Igniter Keeper,,,failed,False,2026-08-19T21:15:54.238919+09:00
Igniter Kiosk,,,failed,False,2026-08-19T21:19:49.170898+09:00
Igniter Kit,90.0,79.0,success,False,2026-08-27T22:48:37.138670+09:00
Igniter Lab,,,failed,False,2026-08-19T21:12:41.804289+09:00
Igniter Label,,,failed,False,2026-08-27T22:09:41.685906+09:00
Igniter Ledger,,,failed,False,2026-08-19T21:11:59.918866+09:00
Igniter Level,,,failed,False,2026-08-19T21:04:24.508436+09:00
Igniter Line,,,failed,False,2026-08-19T21:30:47.462824+09:00
Igniter Link,,,failed,False,2026-08-23T03:20:46.771409+09:00
Igniter List,,,failed,False,2026-08-19T21:53:20.741685+09:00
Igniter Loan,,,failed,False,2026-08-21T02:06:44.237427+09:00
Igniter Lobby,,,failed,False,2026-08-19T21:30:33.343002+09:00
Igniter Locator,,,failed,False,2026-08-19T21:18:34.619237+09:00
Igniter Locker,,,failed,False,2026-08-19T21:19:23.397844+09:00
Igniter Log,10.0,0.0,success,False,2026-08-19T21:31:17.357360+09:00
Igniter Manager,,,failed,False,2026-08-19T21:16:04.396422+09:00
Igniter Manual,,,failed,False,2026-08-27T22:09:48.398152+09:00
Igniter Map,,,failed,False,2026-08-19T21:11:14.866023+09:00
Igniter Markup,,,failed,False,2026-08-23T16:37:54.537855+09:00
Igniter Memo,,,failed,False,2026-08-21T00:35:11.745138+09:00
Igniter Message,,,failed,False,2026-08-27T23:14:15.197354+09:00
Igniter Monitor,,,failed,False,2026-08-19T21:17:05.944580+09:00
Igniter Nexus,,,failed,False,2026-08-19T21:15:31.407245+09:00
Igniter Note,,,failed,False,2026-08-19T21:32:08.265719+09:00
Igniter Notification,,,failed,False,2026-08-27T22:48:37.138670+09:00
Igniter Number,,,failed,False,2026-08-23T03:20:39.175053+09:00
Igniter Office,,,failed,False,2026-08-19T21:19:01.988330+09:00
Igniter Ops,,,failed,False,2026-08-19T21:17:37.116648+09:00
Igniter Order,,,failed,False,2026-08-19T21:52:28.912563+09:00
Igniter Outpost,,,failed,False,2026-08-19T21:29:12.327035+09:00
Igniter Panel,,,failed,False,2026-08-19T21:14:03.656959+09:00
Igniter Pass,,,failed,False,2026-08-21T00:34:49.507039+09:00
Igniter Passport,,,failed,False,2026-08-19T21:30:24.987558+09:00
Igniter Path,,,failed,False,2026-08-19T21:10:51.939321+09:00
Igniter Penalty,,,failed,False,2026-08-23T16:37:52.353259+09:00
Igniter Petition,,,failed,False,2026-08-21T00:58:25.474774+09:00
Igniter Plan,,,failed,False,2026-08-21T01:59:26.364386+09:00
Igniter Planner,,,failed,False,2026-08-19T21:16:39.026055+09:00
Igniter Playbook,,,failed,False,2026-08-19T21:17:47.761016+09:00
Igniter Plaza,,,failed,False,2026-08-19T21:29:21.643935+09:00
Igniter Portal,,,failed,False,2026-08-19T21:13:40.486879+09:00
Igniter Post,,,failed,False,2026-08-19T21:29:05.227189+09:00
Igniter Profile,,,failed,False,2026-08-19T21:32:23.492274+09:00
Igniter Profit,,,failed,False,2026-08-23T02:55:17.140000+09:00
Igniter Proposal,,,failed,False,2026-08-28T01:08:35.196750+09:00
Igniter Queue,,,failed,False,2026-08-19T21:06:46.189471+09:00
Igniter Radar,,,failed,False,2026-08-19T21:08:09.987838+09:00
Igniter Rail,,,failed,False,2026-08-19T21:14:34.800336+09:00
Igniter Rate,,,failed,False,2026-08-19T21:04:38.364310+09:00
Igniter Recap,,,failed,False,2026-08-21T00:59:26.114490+09:00
Igniter Receipt,,,failed,False,2026-08-19T21:52:53.016557+09:00
Igniter Redemption,,,failed,False,2026-08-23T16:37:56.709879+09:00
Igniter Register,10.0,,success,False,2026-08-19T21:17:27.324738+09:00
Igniter Registry,,,failed,False,2026-08-19T21:18:01.862049+09:00
Igniter Relay,,,failed,False,2026-08-19T21:08:19.397533+09:00
Igniter Reminder,,,failed,False,2026-08-19T21:06:04.880535+09:00
Igniter Report,,,failed,False,2026-08-19T21:31:11.020553+09:00
Igniter Repository,,,failed,False,2026-08-27T23:14:21.600576+09:00
Igniter Result,,,failed,False,2026-08-28T00:48:41.501339+09:00
Igniter Ring,,,failed,False,2026-08-19T21:15:09.209545+09:00
Igniter Roll,,,failed,False,2026-08-19T21:31:03.580111+09:00
Igniter Roster,,,failed,False,2026-08-19T21:29:49.422411+09:00
Igniter Route,,,failed,False,2026-08-19T21:14:23.234492+09:00
Igniter Rule,,,failed,False,2026-08-23T03:20:52.959248+09:00
Igniter Sale,,,failed,False,2026-08-21T02:23:24.043193+09:00
Igniter Sample,,,failed,False,2026-08-19T21:54:06.004532+09:00
Igniter Scale,,,failed,False,2026-08-19T21:14:12.923572+09:00
Igniter Scanner,,,failed,False,2026-08-27T23:57:42.673163+09:00
Igniter Scheduler,,,failed,False,2026-08-19T21:16:50.838174+09:00
Igniter Schematic,10.0,0.0,success,False,2026-08-27T22:28:53.992967+09:00
Igniter Scope,,,failed,False,2026-08-19T21:10:07.849360+09:00
Igniter Score,,,failed,False,2026-08-19T21:31:59.320296+09:00
Igniter Serial,,,failed,False,2026-08-23T13:28:10.942428+09:00
Igniter Sheet,,,failed,False,2026-08-19T21:31:43.962049+09:00
Igniter Shelf,,,failed,False,2026-08-19T21:29:42.361641+09:00
Igniter Signal,,,failed,False,2026-08-19T21:09:42.547953+09:00
Igniter Slip,,,failed,False,2026-08-19T21:53:54.593034+09:00
Igniter Slot,,,failed,False,2026-08-19T21:54:16.215789+09:00
Igniter Statement,,,failed,False,2026-08-21T00:35:03.505181+09:00
Igniter Station,,,failed,False,2026-08-19T21:12:53.220290+09:00
Igniter Status,,,failed,False,2026-08-19T21:03:30.036000+09:00
Igniter Studio,,,failed,False,2026-08-19T21:12:31.857265+09:00
Igniter Sum,,,failed,False,2026-08-21T02:23:00.928674+09:00
Igniter Summary,,,failed,False,2026-08-19T21:05:39.916573+09:00
Igniter Table,,,failed,False,2026-08-19T21:53:29.207509+09:00
Igniter Tag,,,failed,False,2026-08-19T21:32:15.548375+09:00
Igniter Tariff,,,failed,False,2026-08-21T02:40:11.455485+09:00
Igniter Tax,,,failed,False,2026-08-21T02:06:40.735071+09:00
Igniter Terminal,,,failed,False,2026-08-19T21:13:04.964598+09:00
Igniter Ticker,,,failed,False,2026-08-19T21:30:39.077841+09:00
Igniter Ticket,,,failed,False,2026-08-19T21:06:37.485931+09:00
Igniter Timeline,,,failed,False,2026-08-19T21:05:52.966416+09:00
Igniter Timer,,,failed,False,2026-08-28T00:26:44.575613+09:00
Igniter Toll,,,failed,False,2026-08-21T02:40:04.485559+09:00
Igniter Toolbox,,,failed,False,2026-08-28T00:26:50.285916+09:00
Igniter Total,,,failed,False,2026-08-27T23:14:15.197354+09:00
Igniter Tower,,,failed,False,2026-08-19T21:29:36.124531+09:00
Igniter Tracker,,,failed,False,2026-08-19T21:07:29.278050+09:00
Igniter Trail,,,failed,False,2026-08-19T21:14:44.485943+09:00
Igniter Trial,,,failed,False,2026-08-27T21:15:22.797193+09:00
Igniter Unit,30.0,23.0,success,False,2026-08-21T01:59:23.833736+09:00
Igniter Update,,,failed,False,2026-08-19T21:04:49.568415+09:00
Igniter Value,,,failed,False,2026-08-23T02:55:21.397263+09:00
Igniter Vault,,,failed,False,2026-08-19T21:08:29.245582+09:00
Igniter Version,,,failed,False,2026-08-23T03:20:42.703424+09:00
Igniter View,,,failed,False,2026-08-19T21:03:45.298500+09:00
Igniter Watch,,,failed,False,2026-08-19T21:09:52.138956+09:00
Igniter Widget,,,failed,False,2026-08-27T23:14:19.159911+09:00
Igniter Window,,,failed,False,2026-08-19T21:30:56.024739+09:00
Igniter Workshop,,,failed,False,2026-08-28T00:26:47.602211+09:00
Igniter Yard,,,failed,False,2026-08-19T21:20:00.703413+09:00
Igniter Zone,,,failed,False,2026-08-19T21:13:28.219579+09:00
Immunization Advance,,,failed,False,2026-08-23T16:14:37.846068+09:00
Immunization Advisory,10.0,0.0,success,False,2026-08-21T01:08:59.079967+09:00
Immunization Allowance,10.0,,success,False,2026-08-21T02:38:28.246618+09:00
Immunization Almanac,,,failed,False,2026-08-18T23:51:14.808282+09:00
Immunization Analyzer,,,failed,False,2026-08-27T23:57:33.676197+09:00
Immunization Anchor,,,failed,False,2026-08-17T23:33:17.146702+09:00
Immunization Announcement,,,failed,False,2026-08-27T23:35:38.281742+09:00
Immunization Arrears,,,failed,False,2026-08-23T16:14:33.783950+09:00
Immunization Assistant,,,failed,False,2026-08-17T23:29:38.825411+09:00
Immunization Atlas,,,failed,False,2026-08-17T23:28:46.712952+09:00
Immunization Attribute,,,failed,False,2026-08-23T13:06:33.832553+09:00
Immunization Badge,,,failed,False,2026-08-21T00:35:16.287713+09:00
Immunization Base,,,failed,False,2026-08-17T23:25:18.715654+09:00
Immunization Beacon,,,failed,False,2026-08-17T23:32:54.129749+09:00
Immunization Bill,10.0,0.0,success,False,2026-08-19T21:59:46.400279+09:00
Immunization Blueprint,,,failed,False,2026-08-18T23:51:14.808282+09:00
Immunization Board,10.0,0.0,success,False,2026-08-17T23:15:27.187478+09:00
Immunization Book,390.0,13.0,success,False,2026-08-19T22:00:41.038270+09:00
Immunization Bridge,,,failed,False,2026-08-17T23:14:14.412117+09:00
Immunization Brief,,,failed,False,2026-08-21T01:08:49.317162+09:00
Immunization Bulletin,,,failed,False,2026-08-21T01:08:45.073430+09:00
Immunization Cabinet,,,failed,False,2026-08-27T23:14:49.427940+09:00
Immunization Calculator,260.0,1.0,success,False,2026-08-27T23:35:38.281742+09:00
Immunization Calendar,165000.0,1.0,success,False,2026-08-19T00:05:27.512092+09:00
Immunization Card,5400.0,0.0,success,True,2026-08-19T13:24:22.197081+09:00
Immunization Cascade,,,failed,False,2026-08-17T23:33:06.954832+09:00
Immunization Cash,,,failed,False,2026-08-21T02:22:13.751196+09:00
Immunization Cashback,,,failed,False,2026-08-27T21:16:53.377302+09:00
Immunization Catalog,,,failed,False,2026-08-19T21:15:58.285929+09:00
Immunization Category,10.0,0.0,success,False,2026-08-23T13:06:31.775349+09:00
Immunization Center,390.0,10.0,success,False,2026-08-17T23:11:53.398319+09:00
Immunization Chain,,,failed,False,2026-08-17T23:04:19.754704+09:00
Immunization Charge,,,failed,False,2026-08-21T02:38:19.881796+09:00
Immunization Chart,165000.0,1.0,success,False,2026-08-19T12:27:18.963883+09:00
Immunization Check,30.0,3.0,success,False,2026-08-19T13:24:56.019665+09:00
Immunization Checker,,,failed,False,2026-08-27T23:57:31.093402+09:00
Immunization Checklist,70.0,1.0,success,False,2026-08-19T21:15:02.782218+09:00
Immunization Circular,,,failed,False,2026-08-21T01:08:54.756215+09:00
Immunization Cockpit,,,failed,False,2026-08-17T23:05:51.247207+09:00
Immunization Code,70.0,0.0,success,False,2026-08-19T22:00:08.446877+09:00
Immunization Codex,,,failed,False,2026-08-18T22:02:38.118746+09:00
Immunization Companion,,,failed,False,2026-08-17T23:30:54.077179+09:00
Immunization Comparison,,,failed,False,2026-08-28T01:08:02.108620+09:00
Immunization Compass,,,failed,False,2026-08-17T23:12:33.022666+09:00
Immunization Compendium,,,failed,False,2026-08-18T21:11:26.018001+09:00
Immunization Confirmation,,,failed,False,2026-08-21T01:09:08.778546+09:00
Immunization Console,,,failed,False,2026-08-17T23:26:55.594772+09:00
Immunization Copayment,,,failed,False,2026-08-23T16:38:57.916604+09:00
Immunization Core,,,failed,False,2026-08-17T23:08:38.142070+09:00
Immunization Cost,880.0,11.0,success,False,2026-08-21T02:06:32.230213+09:00
Immunization Count,,,failed,False,2026-08-27T22:49:15.165017+09:00
Immunization Counter,,,failed,False,2026-08-18T23:57:42.935137+09:00
Immunization Coupon,,,failed,False,2026-08-27T21:16:53.377302+09:00
Immunization Dashboard,30.0,0.0,success,False,2026-08-17T23:30:39.559752+09:00
Immunization Deal,,,failed,False,2026-08-21T01:50:02.348824+09:00
Immunization Debt,,,failed,False,2026-08-21T02:22:03.460496+09:00
Immunization Deck,,,failed,False,2026-08-17T23:25:59.230175+09:00
Immunization Depot,,,failed,False,2026-08-18T23:57:22.753165+09:00
Immunization Desk,,,failed,False,2026-08-17T23:10:58.652260+09:00
Immunization Detail,,,failed,False,2026-08-23T03:17:46.671515+09:00
Immunization Detector,,,failed,False,2026-08-27T23:57:33.676197+09:00
Immunization Diagram,260.0,0.0,success,False,2026-08-27T22:11:50.573955+09:00
Immunization Dial,,,failed,False,2026-08-17T23:27:13.113305+09:00
Immunization Digest,,,failed,False,2026-08-19T20:42:43.732696+09:00
Immunization Directory,,,failed,False,2026-08-19T00:05:31.654702+09:00
Immunization Discount,,,failed,False,2026-08-23T16:14:21.823505+09:00
Immunization Dock,,,failed,False,2026-08-17T23:27:42.956477+09:00
Immunization Dossier,,,failed,False,2026-08-21T01:09:15.818493+09:00
Immunization Downpayment,,,failed,False,2026-08-27T21:47:56.115586+09:00
Immunization Draft,,,failed,False,2026-08-19T20:43:01.232728+09:00
Immunization Due,40.0,0.0,success,False,2026-08-23T15:51:44.971205+09:00
Immunization Duty,,,failed,False,2026-08-21T02:38:23.344262+09:00
Immunization Engine,,,failed,False,2026-08-17T23:14:51.389027+09:00
Immunization Entry,,,failed,False,2026-08-21T01:09:26.967706+09:00
Immunization Estimate,,,failed,False,2026-08-19T21:15:48.074960+09:00
Immunization Estimator,,,failed,False,2026-08-27T23:57:28.605750+09:00
Immunization Excerpt,,,failed,False,2026-08-21T01:09:22.527514+09:00
Immunization Extension,,,failed,False,2026-08-23T16:39:00.201041+09:00
Immunization Fare,,,failed,False,2026-08-21T02:06:40.735071+09:00
Immunization Fee,10.0,5.0,success,False,2026-08-21T02:00:00.574550+09:00
Immunization Feed,,,failed,False,2026-08-19T20:42:55.526386+09:00
Immunization Field,,,failed,False,2026-08-23T13:06:36.915804+09:00
Immunization File,,,failed,False,2026-08-19T20:42:19.980728+09:00
Immunization Finder,10.0,79.0,success,False,2026-08-18T23:57:13.406878+09:00
Immunization Fine,,,failed,False,2026-08-23T02:53:56.783780+09:00
Immunization Flag,,,failed,False,2026-08-21T00:35:34.561312+09:00
Immunization Flow,,,failed,False,2026-08-17T23:31:50.854430+09:00
Immunization Forge,,,failed,False,2026-08-17T23:07:18.335398+09:00
Immunization Form,1300.0,1.0,success,False,2026-08-19T13:24:14.979285+09:00
Immunization Format,,,failed,False,2026-08-23T13:06:38.895978+09:00
Immunization Frame,,,failed,False,2026-08-17T23:13:53.612284+09:00
Immunization Fund,,,failed,False,2026-08-21T02:22:07.753021+09:00
Immunization Gate,,,failed,False,2026-08-17T23:28:25.880563+09:00
Immunization Giveaway,,,failed,False,2026-08-27T21:17:00.727259+09:00
Immunization Graph,20.0,0.0,success,False,2026-08-27T22:11:36.968554+09:00
Immunization Grid,,,failed,False,2026-08-17T23:10:38.410164+09:00
Immunization Guard,,,failed,False,2026-08-17T23:14:31.375028+09:00
Immunization Guardian,,,failed,False,2026-08-28T00:26:34.139001+09:00
Immunization Guidebook,,,failed,False,2026-08-18T23:51:14.808282+09:00
Immunization Helpdesk,,,failed,False,2026-08-27T22:49:15.165017+09:00
Immunization Helper,,,failed,False,2026-08-28T00:26:37.162050+09:00
Immunization History,590.0,0.0,success,False,2026-08-19T20:42:12.538195+09:00
Immunization Hotline,50.0,1.0,success,False,2026-08-19T21:16:08.184183+09:00
Immunization Hub,,,failed,False,2026-08-17T23:03:41.404316+09:00
Immunization Identifier,,,failed,False,2026-08-23T13:06:29.194377+09:00
Immunization Incentive,,,failed,False,2026-08-27T21:17:00.727259+09:00
Immunization Index,,,failed,False,2026-08-19T21:15:13.442141+09:00
Immunization Insight,,,failed,False,2026-08-17T23:11:16.019102+09:00
Immunization Installment,,,failed,False,2026-08-23T16:14:21.823505+09:00
Immunization Item,,,failed,False,2026-08-21T01:59:59.476692+09:00
Immunization Journal,20.0,2.0,success,False,2026-08-18T23:51:14.808282+09:00
Immunization Keeper,,,failed,False,2026-08-17T23:29:03.554808+09:00
Immunization Lab,,,failed,False,2026-08-17T23:26:13.004123+09:00
Immunization Label,,,failed,False,2026-08-27T22:11:39.650369+09:00
Immunization Ledger,,,failed,False,2026-08-17T23:25:43.129443+09:00
Immunization Lens,,,failed,False,2026-08-17T23:24:52.278887+09:00
Immunization Level,,,failed,False,2026-08-19T20:42:25.910879+09:00
Immunization Link,480.0,0.0,success,False,2026-08-23T03:17:39.480043+09:00
Immunization List,260.0,3.0,success,False,2026-08-19T22:00:20.280558+09:00
Immunization Loan,,,failed,False,2026-08-21T02:06:52.442398+09:00
Immunization Locator,,,failed,False,2026-08-18T23:57:00.632523+09:00
Immunization Lock,,,failed,False,2026-08-17T23:24:26.895595+09:00
Immunization Log,20.0,0.0,success,False,2026-08-19T13:23:50.629735+09:00
Immunization Loop,,,failed,False,2026-08-17T23:23:29.892589+09:00
Immunization Manager,,,failed,False,2026-08-17T23:07:56.377169+09:00
Immunization Manual,90.0,0.0,success,False,2026-08-27T22:11:47.365503+09:00
Immunization Map,10.0,0.0,success,False,2026-08-17T23:06:52.573020+09:00
Immunization Margin,,,failed,False,2026-08-23T02:53:52.134740+09:00
Immunization Markup,,,failed,False,2026-08-23T16:38:57.916604+09:00
Immunization Memo,,,failed,False,2026-08-21T00:35:29.281212+09:00
Immunization Message,,,failed,False,2026-08-27T23:14:44.010079+09:00
Immunization Meter,,,failed,False,2026-08-17T23:08:17.909902+09:00
Immunization Metrics,,,failed,False,2026-08-17T23:30:24.350682+09:00
Immunization Monitor,,,failed,False,2026-08-17T23:30:11.118322+09:00
Immunization Navigator,,,failed,False,2026-08-17T23:12:55.157000+09:00
Immunization Nexus,,,failed,False,2026-08-17T23:06:09.735984+09:00
Immunization Node,,,failed,False,2026-08-17T23:11:35.407010+09:00
Immunization Note,,,failed,False,2026-08-19T13:25:11.972380+09:00
Immunization Notification,,,failed,False,2026-08-27T22:49:12.101032+09:00
Immunization Number,40.0,2.0,success,False,2026-08-23T03:17:31.358374+09:00
Immunization Office,70.0,24.0,success,False,2026-08-18T23:57:35.193051+09:00
Immunization Ops,,,failed,False,2026-08-17T23:31:19.808791+09:00
Immunization Order,,,failed,False,2026-08-19T21:59:35.883958+09:00
Immunization Organizer,,,failed,False,2026-08-17T23:04:03.069082+09:00
Immunization Outline,,,failed,False,2026-08-27T22:28:56.801982+09:00
Immunization Overage,,,failed,False,2026-08-27T21:47:56.115586+09:00
Immunization Overdue,,,failed,False,2026-08-27T21:47:50.200871+09:00
Immunization Panel,10.0,46.0,success,False,2026-08-17T23:13:32.470918+09:00
Immunization Pass,10.0,0.0,success,False,2026-08-21T00:35:11.745138+09:00
Immunization Passport,40.0,0.0,success,False,2026-08-19T12:27:23.710394+09:00
Immunization Path,,,failed,False,2026-08-17T23:24:07.376365+09:00
Immunization Payoff,,,failed,False,2026-08-27T21:47:53.828940+09:00
Immunization Penalty,,,failed,False,2026-08-23T16:38:55.641714+09:00
Immunization Petition,,,failed,False,2026-08-21T01:09:04.636561+09:00
Immunization Pilot,,,failed,False,2026-08-17T23:32:14.007104+09:00
Immunization Plan,30.0,0.0,success,False,2026-08-21T01:49:57.762710+09:00
Immunization Planner,,,failed,False,2026-08-17T23:09:40.999221+09:00
Immunization Playbook,,,failed,False,2026-08-18T23:51:14.808282+09:00
Immunization Point,,,failed,False,2026-08-17T23:12:11.666158+09:00
Immunization Portal,590.0,1.0,success,False,2026-08-17T23:06:32.975995+09:00
Immunization Preview,,,failed,False,2026-08-28T01:08:02.108620+09:00
Immunization Profile,10.0,0.0,success,False,2026-08-19T13:25:53.621438+09:00
Immunization Profit,,,failed,False,2026-08-23T02:53:45.297778+09:00
Immunization Pulse,,,failed,False,2026-08-17T23:23:48.557902+09:00
Immunization Queue,,,failed,False,2026-08-19T21:15:38.736251+09:00
Immunization Radar,,,failed,False,2026-08-17T23:32:27.078253+09:00
Immunization Rail,,,failed,False,2026-08-17T23:10:00.779750+09:00
Immunization Rate,70.0,0.0,success,False,2026-08-19T20:42:29.664942+09:00
Immunization Recap,,,failed,False,2026-08-21T01:09:17.934023+09:00
Immunization Receipt,,,failed,False,2026-08-19T21:59:58.757000+09:00
Immunization Recorder,,,failed,False,2026-08-27T23:35:43.099138+09:00
Immunization Register,27100.0,0.0,success,True,2026-08-17T23:07:36.976637+09:00
Immunization Registry,720.0,2.0,success,False,2026-08-18T23:51:14.808282+09:00
Immunization Relay,,,failed,False,2026-08-17T23:05:27.218902+09:00
Immunization Reminder,10.0,0.0,success,False,2026-08-19T21:14:49.838669+09:00
Immunization Report,260.0,1.0,success,False,2026-08-19T13:23:40.624873+09:00
Immunization Repository,,,failed,False,2026-08-27T23:14:49.427940+09:00
Immunization Result,,,failed,False,2026-08-28T00:48:18.570201+09:00
Immunization Roadmap,,,failed,False,2026-08-18T22:02:48.638128+09:00
Immunization Roster,,,failed,False,2026-08-19T00:37:53.742610+09:00
Immunization Route,210.0,0.0,success,False,2026-08-17T23:15:07.247244+09:00
Immunization Rule,,,failed,False,2026-08-23T03:17:44.508741+09:00
Immunization Sale,,,failed,False,2026-08-21T02:22:16.250751+09:00
Immunization Sample,,,failed,False,2026-08-19T22:00:58.577087+09:00
Immunization Scale,,,failed,False,2026-08-17T23:27:26.699527+09:00
Immunization Scanner,10.0,,success,False,2026-08-27T23:57:31.093402+09:00
Immunization Scheduler,320.0,2.0,success,False,2026-08-17T23:29:55.087176+09:00
Immunization Scope,,,failed,False,2026-08-17T23:03:34.150622+09:00
Immunization Score,,,failed,False,2026-08-19T13:25:01.891377+09:00
Immunization Sentry,,,failed,False,2026-08-17T23:13:13.553145+09:00
Immunization Serial,,,failed,False,2026-08-23T13:27:25.869179+09:00
Immunization Sheet,50.0,1.0,success,False,2026-08-19T13:24:45.773598+09:00
Immunization Shortfall,,,failed,False,2026-08-27T21:47:58.388035+09:00
Immunization Signal,,,failed,False,2026-08-17T23:08:58.203851+09:00
Immunization Signature,,,failed,False,2026-08-23T13:27:31.185352+09:00
Immunization Slip,,,failed,False,2026-08-19T22:00:50.592987+09:00
Immunization Slot,,,failed,False,2026-08-19T22:01:08.341225+09:00
Immunization Snapshot,,,failed,False,2026-08-18T23:51:14.808282+09:00
Immunization Stage,,,failed,False,2026-08-28T00:48:18.570201+09:00
Immunization Stake,,,failed,False,2026-08-23T02:53:49.996059+09:00
Immunization Stamp,,,failed,False,2026-08-23T13:27:31.185352+09:00
Immunization Statement,260.0,0.0,success,False,2026-08-21T00:35:19.738516+09:00
Immunization Station,30.0,7.0,success,False,2026-08-17T23:04:39.264131+09:00
Immunization Status,390.0,0.0,success,False,2026-08-19T20:41:57.553937+09:00
Immunization Studio,,,failed,False,2026-08-17T23:10:18.497736+09:00
Immunization Subsidy,,,failed,False,2026-08-23T15:51:47.066948+09:00
Immunization Suite,,,failed,False,2026-08-17T23:29:20.352796+09:00
Immunization Sum,,,failed,False,2026-08-21T02:21:55.234205+09:00
Immunization Summary,320.0,0.0,success,False,2026-08-19T21:14:27.953850+09:00
Immunization Sync,,,failed,False,2026-08-17T23:09:23.779987+09:00
Immunization Tab,,,failed,False,2026-08-21T00:35:39.216644+09:00
Immunization Table,880.0,0.0,success,False,2026-08-19T22:00:29.201659+09:00
Immunization Tag,,,failed,False,2026-08-19T13:25:31.059454+09:00
Immunization Tally,,,failed,False,2026-08-21T00:35:23.760596+09:00
Immunization Tariff,,,failed,False,2026-08-21T02:38:33.089549+09:00
Immunization Tax,,,failed,False,2026-08-21T02:06:47.400251+09:00
Immunization Ticket,,,failed,False,2026-08-19T21:15:25.328836+09:00
Immunization Timeline,90.0,6.0,success,False,2026-08-19T21:14:39.007898+09:00
Immunization Timer,,,failed,False,2026-08-28T00:26:31.699789+09:00
Immunization Toll,,,failed,False,2026-08-21T02:38:25.978724+09:00
Immunization Toolbox,,,failed,False,2026-08-28T00:26:34.139001+09:00
Immunization Toolkit,10.0,2.0,success,False,2026-08-18T23:51:14.808282+09:00
Immunization Total,,,failed,False,2026-08-27T23:14:46.468120+09:00
Immunization Tracker,70.0,8.0,success,False,2026-08-17T23:31:33.228756+09:00
Immunization Trail,,,failed,False,2026-08-17T23:27:53.024871+09:00
Immunization Trend,,,failed,False,2026-08-28T01:07:59.537409+09:00
Immunization Trial,,,failed,False,2026-08-27T21:16:57.719069+09:00
Immunization Unit,30.0,0.0,success,False,2026-08-21T02:00:06.443014+09:00
Immunization Update,70.0,2.0,success,False,2026-08-19T20:42:37.692999+09:00
Immunization Value,,,failed,False,2026-08-23T02:53:47.851129+09:00
Immunization Vault,,,failed,False,2026-08-17T23:32:42.825846+09:00
Immunization Version,,,failed,False,2026-08-23T03:17:34.613762+09:00
Immunization View,,,failed,False,2026-08-19T20:42:03.452660+09:00
Immunization Voucher,,,failed,False,2026-08-21T00:35:13.915986+09:00
Immunization Wallet,,,failed,False,2026-08-27T22:49:15.165017+09:00
Immunization Watch,,,failed,False,2026-08-17T23:33:31.331574+09:00
Immunization Wave,,,failed,False,2026-08-17T23:04:59.397693+09:00
Immunization Widget,,,failed,False,2026-08-27T23:14:46.468120+09:00
Immunization Workbench,,,failed,False,2026-08-18T23:51:14.808282+09:00
Immunization Worksheet,20.0,0.0,success,False,2026-08-27T22:11:47.365503+09:00
Immunization Workshop,10.0,0.0,success,False,2026-08-28T00:26:31.699789+09:00
Immunization Zone,,,failed,False,2026-08-17T23:26:41.280182+09:00
Impact Advance,30.0,85.0,success,False,2026-08-23T16:11:27.999005+09:00
Impact Allowance,,,failed,False,2026-08-21T02:42:51.701755+09:00
Impact Almanac,,,failed,False,2026-08-18T22:04:36.606049+09:00
Impact Analyzer,50.0,3.0,success,False,2026-08-27T23:54:12.617602+09:00
Impact Anchor,140.0,61.0,success,False,2026-08-17T20:40:46.604989+09:00
Impact Arrears,,,failed,False,2026-08-23T16:11:24.096021+09:00
Impact Asset,1900.0,2.0,success,False,2026-08-23T13:48:35.211056+09:00
Impact Assistant,10.0,0.0,success,False,2026-08-17T23:30:26.611269+09:00
Impact Atlas,210.0,1.0,success,False,2026-08-18T07:52:30.485728+09:00
Impact Badge,,,failed,False,2026-08-21T00:27:03.794080+09:00
Impact Base,170.0,8.0,success,False,2026-08-17T21:37:42.380657+09:00
Impact Beacon,140.0,1.0,success,False,2026-08-17T20:44:09.032273+09:00
Impact Bill,,,failed,False,2026-08-19T22:06:07.056181+09:00
Impact Blueprint,40.0,0.0,success,False,2026-08-18T22:04:27.693577+09:00
Impact Board,590.0,44.0,success,False,2026-08-17T21:34:28.165323+09:00
Impact Book,880.0,22.0,success,False,2026-08-19T22:06:56.710970+09:00
Impact Bridge,880.0,1.0,success,False,2026-08-17T20:41:33.336783+09:00
Impact Brief,50.0,0.0,success,False,2026-08-21T01:01:20.027256+09:00
Impact Bulletin,,,failed,False,2026-08-21T01:01:15.556861+09:00
Impact Calculator,480.0,0.0,success,False,2026-08-27T23:33:41.786723+09:00
Impact Calendar,320.0,5.0,success,False,2026-08-19T00:04:35.680723+09:00
Impact Card,260.0,2.0,success,False,2026-08-19T13:28:03.494645+09:00
Impact Cascade,10.0,0.0,success,False,2026-08-17T20:42:18.152107+09:00
Impact Cash,20.0,0.0,success,False,2026-08-21T02:26:56.391999+09:00
Impact Cashback,,,failed,False,2026-08-27T21:13:54.337464+09:00
Impact Center,6600.0,2.0,success,False,2026-08-17T20:46:23.888336+09:00
Impact Chain,170.0,2.0,success,False,2026-08-17T20:35:48.969093+09:00
Impact Charge,20.0,0.0,success,False,2026-08-21T02:42:41.863985+09:00
Impact Check,210.0,1.0,success,False,2026-08-19T13:28:19.124767+09:00
Impact Checker,,,failed,False,2026-08-27T23:54:07.466946+09:00
Impact Cockpit,,,failed,False,2026-08-17T23:14:35.084674+09:00
Impact Code,390.0,6.0,success,False,2026-08-19T22:06:26.107612+09:00
Impact Codex,,,failed,False,2026-08-18T22:04:58.367673+09:00
Impact Companion,,,failed,False,2026-08-17T23:31:53.116535+09:00
Impact Comparison,20.0,0.0,success,False,2026-08-28T01:04:49.164769+09:00
Impact Compass,110.0,2.0,success,False,2026-08-17T20:45:09.617976+09:00
Impact Compendium,,,failed,False,2026-08-18T22:04:47.341629+09:00
Impact Confirmation,,,failed,False,2026-08-21T01:01:32.949178+09:00
Impact Console,,,failed,False,2026-08-17T20:43:42.299051+09:00
Impact Contribution,20.0,0.0,success,False,2026-08-23T16:11:21.537507+09:00
Impact Copayment,,,failed,False,2026-08-23T16:37:21.516331+09:00
Impact Core,1300.0,16.0,success,False,2026-08-17T21:36:34.713232+09:00
Impact Cost,720.0,0.0,success,False,2026-08-21T02:10:55.409815+09:00
Impact Counter,210.0,0.0,success,False,2026-08-19T00:05:13.902876+09:00
Impact Coupon,30.0,5.0,success,False,2026-08-27T21:13:49.979348+09:00
Impact Dashboard,590.0,7.0,success,False,2026-08-17T23:31:35.615532+09:00
Impact Deal,210.0,46.0,success,False,2026-08-21T01:54:58.367500+09:00
Impact Debt,10.0,0.0,success,False,2026-08-21T02:26:47.668193+09:00
Impact Deck,260.0,97.0,success,False,2026-08-17T21:33:26.536272+09:00
Impact Depot,10.0,0.0,success,False,2026-08-19T00:04:59.396392+09:00
Impact Desk,40.0,53.0,success,False,2026-08-17T21:30:38.829852+09:00
Impact Detail,590.0,2.0,success,False,2026-08-23T03:22:42.501986+09:00
Impact Detector,170.0,23.0,success,False,2026-08-27T23:54:10.053801+09:00
Impact Diagram,260.0,1.0,success,False,2026-08-27T22:08:02.909734+09:00
Impact Dial,720.0,0.0,success,False,2026-08-17T20:41:58.937145+09:00
Impact Digest,,,failed,False,2026-08-19T20:45:48.837053+09:00
Impact Directory,40.0,6.0,success,False,2026-08-19T00:04:39.958803+09:00
Impact Dock,10.0,100.0,success,False,2026-08-17T20:38:35.163236+09:00
Impact Dossier,,,failed,False,2026-08-21T01:01:35.076961+09:00
Impact Draft,10.0,0.0,success,False,2026-08-19T20:46:00.045081+09:00
Impact Due,,,failed,False,2026-08-23T15:53:10.362751+09:00
Impact Duty,70.0,64.0,success,False,2026-08-21T02:42:44.475010+09:00
Impact Endowment,,,failed,False,2026-08-23T15:50:12.078414+09:00
Impact Engine,880.0,0.0,success,False,2026-08-17T23:11:19.275980+09:00
Impact Entry,,,failed,False,2026-08-21T01:01:54.342698+09:00
Impact Estimate,40.0,14.0,success,False,2026-08-19T21:31:29.606643+09:00
Impact Estimator,40.0,14.0,success,False,2026-08-27T23:54:04.696724+09:00
Impact Excerpt,,,failed,False,2026-08-21T01:01:44.513558+09:00
Impact Fare,,,failed,False,2026-08-21T02:11:01.471090+09:00
Impact Fee,1600.0,0.0,success,True,2026-08-21T01:54:37.378039+09:00
Impact Feed,40.0,58.0,success,False,2026-08-19T20:45:53.854460+09:00
Impact File,70.0,0.0,success,False,2026-08-19T20:45:18.016255+09:00
Impact Finder,50.0,1.0,success,False,2026-08-19T00:04:54.234777+09:00
Impact Fine,,,failed,False,2026-08-23T02:57:15.173266+09:00
Impact Flag,70.0,27.0,success,False,2026-08-21T00:27:57.987466+09:00
Impact Flow,170.0,2.0,success,False,2026-08-17T21:33:59.802696+09:00
Impact Forge,170.0,1.0,success,False,2026-08-17T20:43:14.638625+09:00
Impact Form,140.0,0.0,success,False,2026-08-19T13:27:56.460670+09:00
Impact Format,140.0,0.0,success,False,2026-08-23T13:09:19.095608+09:00
Impact Frame,27100.0,0.0,success,True,2026-08-17T21:39:05.774100+09:00
Impact Fund,2900.0,4.0,success,False,2026-08-21T02:26:53.610271+09:00
Impact Gate,70.0,16.0,success,False,2026-08-17T20:32:55.422953+09:00
Impact Giveaway,,,failed,False,2026-08-27T21:13:56.719259+09:00
Impact Grade,,,failed,False,2026-08-21T00:27:34.970005+09:00
Impact Graph,1300.0,3.0,success,False,2026-08-27T22:07:54.366638+09:00
Impact Grid,210.0,1.0,success,False,2026-08-17T20:36:14.881787+09:00
Impact Guarantee,40.0,0.0,success,False,2026-08-28T01:04:54.734993+09:00
Impact Guard,720.0,5.0,success,False,2026-08-17T21:37:05.127331+09:00
Impact Guardian,,,failed,False,2026-08-28T00:24:01.160084+09:00
Impact Guidebook,,,failed,False,2026-08-18T22:04:05.188286+09:00
Impact Helpdesk,110.0,5.0,success,False,2026-08-27T22:46:27.298392+09:00
Impact Helper,10.0,0.0,success,False,2026-08-28T00:24:07.652921+09:00
Impact History,50.0,0.0,success,False,2026-08-19T20:45:10.019254+09:00
Impact Hub,18100.0,6.0,success,False,2026-08-17T21:33:00.443260+09:00
Impact Identifier,,,failed,False,2026-08-23T13:09:17.043261+09:00
Impact Incentive,20.0,0.0,success,False,2026-08-27T21:13:56.719259+09:00
Impact Index,140.0,1.0,success,False,2026-08-19T21:31:12.885816+09:00
Impact Insight,90.0,1.0,success,False,2026-08-17T23:07:41.199314+09:00
Impact Installment,,,failed,False,2026-08-23T16:11:16.199786+09:00
Impact Item,,,failed,False,2026-08-21T01:54:42.335376+09:00
Impact Journal,720.0,3.0,success,False,2026-08-18T22:03:44.456415+09:00
Impact Keeper,,,failed,False,2026-08-17T21:39:44.948189+09:00
Impact Kit,320.0,100.0,success,False,2026-08-27T22:46:20.664142+09:00
Impact Lab,3600.0,0.0,success,True,2026-08-17T21:31:11.680234+09:00
Impact Label,1300.0,11.0,success,False,2026-08-27T22:07:57.599246+09:00
Impact Ledger,20.0,0.0,success,False,2026-08-17T21:35:33.419897+09:00
Impact Lens,170.0,1.0,success,False,2026-08-17T21:41:12.952922+09:00
Impact Level,320.0,2.0,success,False,2026-08-19T20:45:25.764339+09:00
Impact Link,260.0,1.0,success,False,2026-08-23T03:22:34.004366+09:00
Impact List,90.0,21.0,success,False,2026-08-19T22:06:38.426353+09:00
Impact Loan,210.0,23.0,success,False,2026-08-21T02:11:07.536158+09:00
Impact Locator,,,failed,False,2026-08-19T00:04:44.561310+09:00
Impact Lock,70.0,70.0,success,False,2026-08-18T07:43:41.366664+09:00
Impact Log,90.0,0.0,success,False,2026-08-19T13:27:45.503275+09:00
Impact Loop,1000.0,1.0,success,False,2026-08-17T20:37:15.920679+09:00
Impact Manager,390.0,2.0,success,False,2026-08-17T21:38:13.718334+09:00
Impact Manual,720.0,54.0,success,False,2026-08-27T22:07:57.599246+09:00
Impact Map,4400.0,1.0,success,False,2026-08-18T07:43:51.559731+09:00
Impact Markup,,,failed,False,2026-08-23T16:37:21.516331+09:00
Impact Memo,,,failed,False,2026-08-21T00:27:42.259289+09:00
Impact Meter,720.0,1.0,success,False,2026-08-17T20:41:08.316613+09:00
Impact Metrics,480.0,3.0,success,False,2026-08-17T23:31:21.435106+09:00
Impact Monitor,170.0,4.0,success,False,2026-08-17T23:30:56.654699+09:00
Impact Navigator,40.0,3.0,success,False,2026-08-17T23:09:26.162855+09:00
Impact Nexus,170.0,1.0,success,False,2026-08-17T20:31:44.848533+09:00
Impact Node,,,failed,False,2026-08-17T20:33:59.012811+09:00
Impact Note,70.0,0.0,success,False,2026-08-19T13:28:43.746659+09:00
Impact Notification,,,failed,False,2026-08-27T22:46:20.664142+09:00
Impact Number,260.0,0.0,success,False,2026-08-23T03:22:26.114633+09:00
Impact Office,720.0,10.0,success,False,2026-08-19T00:05:07.956398+09:00
Impact Ops,390.0,0.0,success,False,2026-08-17T23:32:15.494443+09:00
Impact Order,90.0,4.0,success,False,2026-08-19T22:05:54.572880+09:00
Impact Organizer,50.0,81.0,success,False,2026-08-17T23:12:58.115072+09:00
Impact Overdue,,,failed,False,2026-08-27T21:46:10.871215+09:00
Impact Panel,480.0,20.0,success,False,2026-08-17T20:42:46.441273+09:00
Impact Path,70.0,0.0,success,False,2026-08-17T20:33:27.108642+09:00
Impact Penalty,,,failed,False,2026-08-23T16:37:18.649152+09:00
Impact Petition,10.0,0.0,success,False,2026-08-21T01:01:30.993537+09:00
Impact Pilot,70.0,4.0,success,False,2026-08-17T21:31:46.266854+09:00
Impact Plan,480.0,0.0,success,False,2026-08-21T01:54:48.965214+09:00
Impact Planner,480.0,0.0,success,False,2026-08-17T23:05:55.492568+09:00
Impact Playbook,10.0,11.0,success,False,2026-08-18T22:03:21.744324+09:00
Impact Point,1900.0,0.0,success,True,2026-08-17T20:32:17.131006+09:00
Impact Portal,720.0,1.0,success,False,2026-08-17T20:44:27.303320+09:00
Impact Preview,20.0,0.0,success,False,2026-08-28T01:04:49.164769+09:00
Impact Profile,140.0,1.0,success,False,2026-08-19T13:29:00.478751+09:00
Impact Profit,10.0,0.0,success,False,2026-08-23T02:57:06.282457+09:00
Impact Proposal,10.0,2.0,success,False,2026-08-28T01:04:51.979139+09:00
Impact Pulse,140.0,0.0,success,False,2026-08-17T20:35:18.626237+09:00
Impact Quota,,,failed,False,2026-08-21T00:27:51.416222+09:00
Impact Radar,70.0,0.0,success,False,2026-08-17T20:48:21.583177+09:00
Impact Rail,20.0,11.0,success,False,2026-08-17T20:37:45.876313+09:00
Impact Rate,90.0,0.0,success,False,2026-08-19T20:45:32.308725+09:00
Impact Receipt,10.0,0.0,success,False,2026-08-19T22:06:15.067471+09:00
Impact Register,320.0,1.0,success,False,2026-08-17T23:03:45.434649+09:00
Impact Registry,320.0,1.0,success,False,2026-08-18T22:04:15.026557+09:00
Impact Relay,,,failed,False,2026-08-17T20:47:00.954455+09:00
Impact Reminder,,,failed,False,2026-08-19T21:31:07.393138+09:00
Impact Report,5400.0,9.0,success,False,2026-08-19T13:27:35.770715+09:00
Impact Repository,20.0,0.0,success,False,2026-08-27T23:11:47.149537+09:00
Impact Result,390.0,0.0,success,False,2026-08-28T00:47:13.320687+09:00
Impact Roadmap,30.0,2.0,success,False,2026-08-18T22:05:08.323728+09:00
Impact Route,10.0,3.0,success,False,2026-08-17T20:39:31.272188+09:00
Impact Rule,110.0,0.0,success,False,2026-08-23T03:22:39.014022+09:00
Impact Sale,50.0,91.0,success,False,2026-08-21T02:26:59.463760+09:00
Impact Scale,390.0,1.0,success,False,2026-08-17T20:40:24.654920+09:00
Impact Scanner,90.0,30.0,success,False,2026-08-27T23:54:07.466946+09:00
Impact Scheduler,,,failed,False,2026-08-17T23:30:41.257118+09:00
Impact Scope,480.0,0.0,success,False,2026-08-17T20:38:11.520193+09:00
Impact Score,5400.0,1.0,success,False,2026-08-19T13:28:31.111585+09:00
Impact Sentry,,,failed,False,2026-08-17T21:41:42.015478+09:00
Impact Sheet,90.0,5.0,success,False,2026-08-19T13:28:10.656877+09:00
Impact Signal,20.0,4.0,success,False,2026-08-17T20:39:59.910293+09:00
Impact Snapshot,50.0,0.0,success,False,2026-08-18T22:03:53.517132+09:00
Impact Stake,,,failed,False,2026-08-23T02:57:13.068042+09:00
Impact Statement,2900.0,0.0,success,True,2026-08-21T00:27:22.208885+09:00
Impact Station,50.0,0.0,success,False,2026-08-17T21:30:05.905035+09:00
Impact Status,50.0,0.0,success,False,2026-08-19T20:44:53.798353+09:00
Impact Stub,,,failed,False,2026-08-21T00:27:12.597515+09:00
Impact Studio,2400.0,1.0,success,False,2026-08-17T21:32:23.259221+09:00
Impact Subsidy,,,failed,False,2026-08-23T15:53:12.516993+09:00
Impact Suite,210.0,0.0,success,False,2026-08-17T23:30:12.792820+09:00
Impact Sum,,,failed,False,2026-08-21T02:26:43.792522+09:00
Impact Summary,90.0,0.0,success,False,2026-08-19T21:30:49.393699+09:00
Impact Sync,90.0,55.0,success,False,2026-08-17T21:35:00.218033+09:00
Impact Tab,210.0,0.0,success,False,2026-08-21T00:28:09.542795+09:00
Impact Table,170.0,1.0,success,False,2026-08-19T22:06:47.930339+09:00
Impact Tag,30.0,2.0,success,False,2026-08-19T13:28:52.256085+09:00
Impact Tally,,,failed,False,2026-08-21T00:27:27.558535+09:00
Impact Tariff,20.0,3.0,success,False,2026-08-21T02:42:54.824749+09:00
Impact Tax,880.0,0.0,success,False,2026-08-21T02:11:04.805408+09:00
Impact Ticket,590.0,16.0,success,False,2026-08-19T21:31:21.634231+09:00
Impact Timeline,20.0,0.0,success,False,2026-08-19T21:30:59.491804+09:00
Impact Timer,20.0,2.0,success,False,2026-08-28T00:23:58.859062+09:00
Impact Toll,,,failed,False,2026-08-21T02:42:49.671896+09:00
Impact Toolbox,110.0,4.0,success,False,2026-08-28T00:24:03.733784+09:00
Impact Toolkit,50.0,47.0,success,False,2026-08-18T22:03:09.558659+09:00
Impact Total,2900.0,35.0,success,False,2026-08-27T23:11:44.740129+09:00
Impact Tracker,320.0,1.0,success,False,2026-08-17T21:36:05.315924+09:00
Impact Trail,40.0,14.0,success,False,2026-08-17T20:36:47.157974+09:00
Impact Trend,,,failed,False,2026-08-28T01:04:46.455885+09:00
Impact Trial,590.0,1.0,success,False,2026-08-27T21:13:54.337464+09:00
Impact Unit,260.0,3.0,success,False,2026-08-21T01:54:45.555150+09:00
Impact Update,20.0,0.0,success,False,2026-08-19T20:45:40.802029+09:00
Impact Vault,10.0,0.0,success,False,2026-08-17T20:45:55.190861+09:00
Impact Version,,,failed,False,2026-08-23T03:22:30.618913+09:00
Impact View,90.0,1.0,success,False,2026-08-19T20:45:04.260812+09:00
Impact Wallet,260.0,89.0,success,False,2026-08-27T22:46:23.139331+09:00
Impact Watch,110.0,36.0,success,False,2026-08-17T20:39:06.787331+09:00
Impact Wave,390.0,4.0,success,False,2026-08-17T20:34:22.385109+09:00
Impact Widget,,,failed,False,2026-08-27T23:11:44.740129+09:00
Impact Workbench,,,failed,False,2026-08-18T22:02:59.013018+09:00
Impact Worksheet,,,failed,False,2026-08-27T22:08:00.127291+09:00
Impact Workshop,140.0,2.0,success,False,2026-08-28T00:23:58.859062+09:00
Impact Zone,5400.0,2.0,success,False,2026-08-17T20:45:32.525368+09:00
Impressioning Advisory,,,failed,False,2026-08-21T01:07:21.862187+09:00
Impressioning Alert,,,failed,False,2026-08-19T21:17:08.649893+09:00
Impressioning Allowance,,,failed,False,2026-08-21T02:36:44.892736+09:00
Impressioning Analyzer,,,failed,False,2026-08-27T23:55:48.344302+09:00
Impressioning Assistant,,,failed,False,2026-08-19T21:11:37.631930+09:00
Impressioning Base,,,failed,False,2026-08-19T21:06:47.923280+09:00
Impressioning Bay,,,failed,False,2026-08-19T21:15:22.705045+09:00
Impressioning Beacon,,,failed,False,2026-08-19T21:03:59.838072+09:00
Impressioning Bill,,,failed,False,2026-08-19T22:07:56.620143+09:00
Impressioning Bin,,,failed,False,2026-08-19T21:17:29.124164+09:00
Impressioning Board,,,failed,False,2026-08-19T21:07:21.562422+09:00
Impressioning Book,,,failed,False,2026-08-19T21:46:47.844671+09:00
Impressioning Booth,,,failed,False,2026-08-19T21:14:46.806152+09:00
Impressioning Bridge,,,failed,False,2026-08-19T21:04:40.695118+09:00
Impressioning Brief,,,failed,False,2026-08-21T01:07:11.720033+09:00
Impressioning Bulletin,,,failed,False,2026-08-21T01:07:07.368570+09:00
Impressioning Calendar,,,failed,False,2026-08-19T21:13:29.995507+09:00
Impressioning Card,,,failed,False,2026-08-19T21:19:14.051362+09:00
Impressioning Cascade,,,failed,False,2026-08-19T21:04:27.192873+09:00
Impressioning Cash,,,failed,False,2026-08-21T02:29:43.973308+09:00
Impressioning Center,,,failed,False,2026-08-19T21:08:19.397533+09:00
Impressioning Charge,,,failed,False,2026-08-21T02:45:44.220380+09:00
Impressioning Chart,,,failed,False,2026-08-19T21:17:18.865865+09:00
Impressioning Check,,,failed,False,2026-08-19T21:19:37.758100+09:00
Impressioning Checker,,,failed,False,2026-08-27T23:55:33.587403+09:00
Impressioning Circular,,,failed,False,2026-08-21T01:07:17.420617+09:00
Impressioning Code,,,failed,False,2026-08-19T21:46:13.716197+09:00
Impressioning Companion,,,failed,False,2026-08-19T21:12:24.209579+09:00
Impressioning Comparison,,,failed,False,2026-08-28T01:07:05.829192+09:00
Impressioning Compass,,,failed,False,2026-08-19T21:03:47.017770+09:00
Impressioning Confirmation,,,failed,False,2026-08-21T01:07:31.229292+09:00
Impressioning Console,,,failed,False,2026-08-19T21:08:54.298412+09:00
Impressioning Core,,,failed,False,2026-08-19T21:06:57.837919+09:00
Impressioning Cost,,,failed,False,2026-08-21T02:12:31.205964+09:00
Impressioning Count,,,failed,False,2026-08-27T22:46:42.853394+09:00
Impressioning Counter,,,failed,False,2026-08-19T21:14:25.391974+09:00
Impressioning Deal,,,failed,False,2026-08-21T01:55:53.001580+09:00
Impressioning Debt,,,failed,False,2026-08-21T02:29:36.697010+09:00
Impressioning Deck,,,failed,False,2026-08-19T21:07:31.125995+09:00
Impressioning Desk,,,failed,False,2026-08-19T21:31:27.001536+09:00
Impressioning Detail,,,failed,False,2026-08-23T03:17:44.508741+09:00
Impressioning Detector,,,failed,False,2026-08-27T23:55:42.824458+09:00
Impressioning Diagram,,,failed,False,2026-08-27T22:07:27.719925+09:00
Impressioning Dossier,,,failed,False,2026-08-21T01:07:35.741700+09:00
Impressioning Draft,,,failed,False,2026-08-19T21:30:12.319072+09:00
Impressioning Duty,,,failed,False,2026-08-21T02:36:37.228119+09:00
Impressioning Engine,,,failed,False,2026-08-19T21:11:25.521014+09:00
Impressioning Entry,,,failed,False,2026-08-21T01:07:47.643040+09:00
Impressioning Estimate,,,failed,False,2026-08-19T21:30:56.024739+09:00
Impressioning Estimator,,,failed,False,2026-08-27T23:55:33.587403+09:00
Impressioning Excerpt,,,failed,False,2026-08-21T01:07:43.373010+09:00
Impressioning Fare,,,failed,False,2026-08-21T02:12:35.738319+09:00
Impressioning Fee,,,failed,False,2026-08-21T01:55:51.234317+09:00
Impressioning Feed,,,failed,False,2026-08-19T21:30:05.370784+09:00
Impressioning Field,,,failed,False,2026-08-23T13:06:58.194774+09:00
Impressioning File,40.0,97.0,success,False,2026-08-19T21:29:36.124531+09:00
Impressioning Flag,,,failed,False,2026-08-21T00:32:43.028189+09:00
Impressioning Flow,,,failed,False,2026-08-19T21:31:12.885816+09:00
Impressioning Forge,,,failed,False,2026-08-19T21:04:13.651960+09:00
Impressioning Form,,,failed,False,2026-08-19T21:19:01.988330+09:00
Impressioning Format,,,failed,False,2026-08-23T13:07:00.691919+09:00
Impressioning Fund,,,failed,False,2026-08-21T02:29:40.223505+09:00
Impressioning Gate,,,failed,False,2026-08-19T21:10:31.479524+09:00
Impressioning Grade,,,failed,False,2026-08-21T00:32:24.105621+09:00
Impressioning Grid,,,failed,False,2026-08-19T21:05:41.663242+09:00
Impressioning Guarantee,,,failed,False,2026-08-28T01:07:13.467074+09:00
Impressioning Guardian,,,failed,False,2026-08-28T00:25:23.676090+09:00
Impressioning Helpdesk,,,failed,False,2026-08-27T22:46:48.643972+09:00
Impressioning Helper,,,failed,False,2026-08-28T00:25:26.159240+09:00
Impressioning History,,,failed,False,2026-08-19T21:29:28.610068+09:00
Impressioning Hub,,,failed,False,2026-08-19T21:31:19.157381+09:00
Impressioning Identifier,,,failed,False,2026-08-23T13:06:58.194774+09:00
Impressioning Inbox,,,failed,False,2026-08-19T21:16:53.658254+09:00
Impressioning Index,,,failed,False,2026-08-19T21:30:40.784781+09:00
Impressioning Item,,,failed,False,2026-08-21T01:55:54.849778+09:00
Impressioning Journal,,,failed,False,2026-08-19T21:13:07.301000+09:00
Impressioning Keeper,,,failed,False,2026-08-19T21:11:04.489546+09:00
Impressioning Kiosk,,,failed,False,2026-08-19T21:15:00.223476+09:00
Impressioning Kit,480.0,90.0,success,False,2026-08-27T22:46:40.495541+09:00
Impressioning Lab,,,failed,False,2026-08-19T21:07:51.410434+09:00
Impressioning Label,,,failed,False,2026-08-27T22:07:19.639710+09:00
Impressioning Ledger,,,failed,False,2026-08-19T21:07:08.840903+09:00
Impressioning Level,,,failed,False,2026-08-19T21:29:44.160374+09:00
Impressioning Levy,,,failed,False,2026-08-23T13:47:49.087746+09:00
Impressioning Line,,,failed,False,2026-08-19T21:18:03.656517+09:00
Impressioning Link,,,failed,False,2026-08-23T03:17:31.358374+09:00
Impressioning List,,,failed,False,2026-08-19T21:46:26.862344+09:00
Impressioning Loan,,,failed,False,2026-08-21T02:12:43.354957+09:00
Impressioning Locator,,,failed,False,2026-08-19T21:13:54.945157+09:00
Impressioning Log,,,failed,False,2026-08-19T21:18:48.274039+09:00
Impressioning Loop,,,failed,False,2026-08-19T21:05:28.660617+09:00
Impressioning Manager,,,failed,False,2026-08-19T21:11:14.866023+09:00
Impressioning Manual,,,failed,False,2026-08-27T22:07:22.262130+09:00
Impressioning Memo,,,failed,False,2026-08-21T00:32:28.890378+09:00
Impressioning Monitor,,,failed,False,2026-08-19T21:12:12.315865+09:00
Impressioning Note,,,failed,False,2026-08-19T21:20:03.565098+09:00
Impressioning Number,,,failed,False,2026-08-23T03:17:25.053866+09:00
Impressioning Office,,,failed,False,2026-08-19T21:14:14.890297+09:00
Impressioning Ops,,,failed,False,2026-08-19T21:12:43.604286+09:00
Impressioning Order,,,failed,False,2026-08-19T22:07:37.028999+09:00
Impressioning Overdue,,,failed,False,2026-08-27T21:46:03.878331+09:00
Impressioning Panel,,,failed,False,2026-08-19T21:09:04.357233+09:00
Impressioning Petition,,,failed,False,2026-08-21T01:07:26.518810+09:00
Impressioning Plan,,,failed,False,2026-08-21T01:56:01.200736+09:00
Impressioning Planner,,,failed,False,2026-08-19T21:11:48.091080+09:00
Impressioning Playbook,,,failed,False,2026-08-19T21:12:53.220290+09:00
Impressioning Portal,,,failed,False,2026-08-19T21:08:42.108199+09:00
Impressioning Post,,,failed,False,2026-08-19T21:15:33.096576+09:00
Impressioning Preview,,,failed,False,2026-08-28T01:07:08.336538+09:00
Impressioning Profile,,,failed,False,2026-08-19T21:29:07.329786+09:00
Impressioning Profit,,,failed,False,2026-08-23T02:53:08.936462+09:00
Impressioning Proposal,,,failed,False,2026-08-28T01:07:11.009484+09:00
Impressioning Quota,,,failed,False,2026-08-21T00:32:38.054061+09:00
Impressioning Radar,,,failed,False,2026-08-19T21:31:35.907614+09:00
Impressioning Rail,,,failed,False,2026-08-19T21:09:44.414904+09:00
Impressioning Rate,,,failed,False,2026-08-19T21:29:51.150185+09:00
Impressioning Recap,,,failed,False,2026-08-21T01:07:41.387893+09:00
Impressioning Receipt,,,failed,False,2026-08-19T21:46:01.527373+09:00
Impressioning Register,,,failed,False,2026-08-19T21:12:33.528106+09:00
Impressioning Registry,,,failed,False,2026-08-19T21:13:19.288024+09:00
Impressioning Relay,,,failed,False,2026-08-19T21:31:45.728679+09:00
Impressioning Reminder,,,failed,False,2026-08-19T21:30:35.144264+09:00
Impressioning Report,,,failed,False,2026-08-19T21:18:36.412771+09:00
Impressioning Result,,,failed,False,2026-08-28T00:47:59.038217+09:00
Impressioning Roll,,,failed,False,2026-08-19T21:18:26.718972+09:00
Impressioning Roster,,,failed,False,2026-08-19T21:16:41.047984+09:00
Impressioning Route,,,failed,False,2026-08-19T21:09:29.663933+09:00
Impressioning Rule,,,failed,False,2026-08-23T03:17:34.613762+09:00
Impressioning Sale,,,failed,False,2026-08-21T02:29:47.040271+09:00
Impressioning Sample,,,failed,False,2026-08-19T21:47:16.114306+09:00
Impressioning Scale,,,failed,False,2026-08-19T21:09:18.934477+09:00
Impressioning Scanner,,,failed,False,2026-08-27T23:55:40.198338+09:00
Impressioning Scheduler,,,failed,False,2026-08-19T21:11:59.918866+09:00
Impressioning Scope,,,failed,False,2026-08-19T21:05:15.949286+09:00
Impressioning Score,,,failed,False,2026-08-19T21:19:49.170898+09:00
Impressioning Sheet,,,failed,False,2026-08-19T21:19:25.343582+09:00
Impressioning Shelf,,,failed,False,2026-08-19T21:16:27.560091+09:00
Impressioning Signal,,,failed,False,2026-08-19T21:04:53.638566+09:00
Impressioning Slip,,,failed,False,2026-08-19T21:47:01.107836+09:00
Impressioning Slot,,,failed,False,2026-08-19T21:47:30.295909+09:00
Impressioning Stage,,,failed,False,2026-08-28T00:47:59.038217+09:00
Impressioning Stake,,,failed,False,2026-08-23T02:53:14.872547+09:00
Impressioning Statement,,,failed,False,2026-08-21T00:32:11.459467+09:00
Impressioning Station,,,failed,False,2026-08-19T21:07:58.848698+09:00
Impressioning Status,,,failed,False,2026-08-19T21:29:16.026683+09:00
Impressioning Stipend,,,failed,False,2026-08-23T13:47:51.726767+09:00
Impressioning Stub,,,failed,False,2026-08-21T00:32:03.646563+09:00
Impressioning Sum,,,failed,False,2026-08-21T02:29:27.497336+09:00
Impressioning Summary,,,failed,False,2026-08-19T21:30:20.208348+09:00
Impressioning Tab,,,failed,False,2026-08-21T00:32:47.883810+09:00
Impressioning Table,,,failed,False,2026-08-19T21:46:35.740872+09:00
Impressioning Tag,,,failed,False,2026-08-19T21:20:12.462826+09:00
Impressioning Tally,,,failed,False,2026-08-21T00:32:15.885792+09:00
Impressioning Tariff,,,failed,False,2026-08-21T02:36:47.930212+09:00
Impressioning Tax,,,failed,False,2026-08-21T02:12:39.261551+09:00
Impressioning Terminal,,,failed,False,2026-08-19T21:08:09.987838+09:00
Impressioning Ticket,,,failed,False,2026-08-19T21:30:49.393699+09:00
Impressioning Timeline,,,failed,False,2026-08-19T21:30:26.736781+09:00
Impressioning Toll,,,failed,False,2026-08-21T02:36:41.492996+09:00
Impressioning Toolbox,,,failed,False,2026-08-28T00:25:26.159240+09:00
Impressioning Tower,,,failed,False,2026-08-19T21:16:16.247165+09:00
Impressioning Tracker,,,failed,False,2026-08-19T21:31:05.316836+09:00
Impressioning Trail,,,failed,False,2026-08-19T21:09:55.427058+09:00
Impressioning Trend,,,failed,False,2026-08-28T01:07:01.226912+09:00
Impressioning Trial,,,failed,False,2026-08-27T21:13:10.326383+09:00
Impressioning Unit,,,failed,False,2026-08-21T01:55:59.445411+09:00
Impressioning Update,,,failed,False,2026-08-19T21:29:57.691182+09:00
Impressioning Value,,,failed,False,2026-08-23T02:53:11.692862+09:00
Impressioning Vault,,,failed,False,2026-08-19T21:03:32.051785+09:00
Impressioning Version,,,failed,False,2026-08-23T03:17:28.989211+09:00
Impressioning View,,,failed,False,2026-08-19T21:29:21.643935+09:00
Impressioning Watch,,,failed,False,2026-08-19T21:05:03.787854+09:00
Impressioning Wave,,,failed,False,2026-08-19T21:05:54.912887+09:00
Impressioning Widget,,,failed,False,2026-08-27T23:12:15.769681+09:00
Impressioning Worksheet,,,failed,False,2026-08-27T22:07:22.262130+09:00
Impressioning Workshop,,,failed,False,2026-08-28T00:25:23.676090+09:00
Impressioning Yard,,,failed,False,2026-08-19T21:15:11.193054+09:00
Impressioning Zone,,,failed,False,2026-08-19T21:08:31.191170+09:00
Incident Advisory,,,failed,False,2026-08-21T01:02:16.623580+09:00
Incident Alert,390.0,4.0,success,False,2026-08-19T12:23:36.492658+09:00
Incident Allowance,,,failed,False,2026-08-21T02:41:51.779430+09:00
Incident Almanac,,,failed,False,2026-08-18T22:02:46.582498+09:00
Incident Analyzer,10.0,7.0,success,False,2026-08-27T23:52:13.665480+09:00
Incident Anchor,,,failed,False,2026-08-17T20:33:43.675774+09:00
Incident Announcement,,,failed,False,2026-08-27T23:32:40.029337+09:00
Incident Assistant,,,failed,False,2026-08-17T23:08:52.279570+09:00
Incident Atlas,,,failed,False,2026-08-17T21:33:13.463030+09:00
Incident Attribute,,,failed,False,2026-08-23T13:07:46.002648+09:00
Incident Badge,,,failed,False,2026-08-21T00:25:29.281502+09:00
Incident Base,40.0,3.0,success,False,2026-08-17T20:48:02.919436+09:00
Incident Beacon,,,failed,False,2026-08-17T20:37:28.424048+09:00
Incident Blueprint,,,failed,False,2026-08-18T22:02:35.560643+09:00
Incident Board,110.0,31.0,success,False,2026-08-17T20:44:43.054193+09:00
Incident Book,480.0,53.0,success,False,2026-08-19T21:55:00.630940+09:00
Incident Bridge,880.0,0.0,success,False,2026-08-17T20:34:36.732015+09:00
Incident Brief,,,failed,False,2026-08-21T01:00:20.571072+09:00
Incident Bulletin,10.0,0.0,success,False,2026-08-21T01:00:16.070819+09:00
Incident Calendar,,,failed,False,2026-08-19T00:00:28.920086+09:00
Incident Card,90.0,3.0,success,False,2026-08-19T13:24:10.018965+09:00
Incident Cascade,,,failed,False,2026-08-17T20:35:35.063549+09:00
Incident Cash,,,failed,False,2026-08-21T02:26:02.985234+09:00
Incident Catalog,,,failed,False,2026-08-19T21:11:39.725993+09:00
Incident Category,260.0,1.0,success,False,2026-08-23T13:07:43.906174+09:00
Incident Center,,,failed,False,2026-08-17T20:39:43.687132+09:00
Incident Chain,,,failed,False,2026-08-17T21:38:32.905021+09:00
Incident Charge,3600.0,0.0,success,True,2026-08-21T02:41:38.667611+09:00
Incident Check,40.0,13.0,success,False,2026-08-19T13:24:45.773598+09:00
Incident Checker,,,failed,False,2026-08-27T23:52:05.723363+09:00
Incident Checklist,30.0,13.0,success,False,2026-08-19T21:10:42.484655+09:00
Incident Circular,,,failed,False,2026-08-21T01:02:14.395969+09:00
Incident Cockpit,,,failed,False,2026-08-17T23:08:02.086738+09:00
Incident Code,70.0,0.0,success,False,2026-08-19T21:54:30.567883+09:00
Incident Codex,,,failed,False,2026-08-18T22:03:07.731550+09:00
Incident Companion,,,failed,False,2026-08-17T23:06:45.787789+09:00
Incident Comparison,,,failed,False,2026-08-28T01:03:01.405243+09:00
Incident Compass,,,failed,False,2026-08-17T20:38:23.394205+09:00
Incident Compendium,,,failed,False,2026-08-18T22:02:56.704517+09:00
Incident Confirmation,,,failed,False,2026-08-21T01:00:36.022676+09:00
Incident Console,,,failed,False,2026-08-17T20:37:00.325562+09:00
Incident Core,10.0,11.0,success,False,2026-08-17T20:46:46.837602+09:00
Incident Cost,40.0,0.0,success,False,2026-08-21T02:09:56.008511+09:00
Incident Count,20.0,2.0,success,False,2026-08-27T22:45:10.355251+09:00
Incident Counter,50.0,17.0,success,False,2026-08-19T00:01:18.833283+09:00
Incident Dashboard,260.0,12.0,success,False,2026-08-17T23:03:39.400104+09:00
Incident Deal,,,failed,False,2026-08-21T01:53:38.487807+09:00
Incident Debt,,,failed,False,2026-08-21T02:25:53.601509+09:00
Incident Deck,,,failed,False,2026-08-17T20:43:56.267353+09:00
Incident Depot,,,failed,False,2026-08-19T00:00:59.808882+09:00
Incident Desk,20.0,15.0,success,False,2026-08-17T20:41:47.517366+09:00
Incident Detail,260.0,0.0,success,False,2026-08-23T03:20:32.320134+09:00
Incident Detector,260.0,7.0,success,False,2026-08-27T23:52:10.807826+09:00
Incident Diagram,40.0,0.0,success,False,2026-08-27T22:07:19.639710+09:00
Incident Dial,,,failed,False,2026-08-17T20:35:04.556306+09:00
Incident Digest,,,failed,False,2026-08-19T20:41:43.197527+09:00
Incident Directory,,,failed,False,2026-08-19T00:00:34.964613+09:00
Incident Dock,,,failed,False,2026-08-18T07:43:57.402622+09:00
Incident Dossier,,,failed,False,2026-08-21T01:00:40.730981+09:00
Incident Draft,,,failed,False,2026-08-19T20:41:57.553937+09:00
Incident Due,,,failed,False,2026-08-23T15:52:15.458518+09:00
Incident Duty,10.0,0.0,success,False,2026-08-21T02:41:45.973513+09:00
Incident Engine,,,failed,False,2026-08-17T23:04:23.573644+09:00
Incident Entry,,,failed,False,2026-08-21T01:00:50.612821+09:00
Incident Estimate,,,failed,False,2026-08-19T21:11:27.369189+09:00
Incident Estimator,,,failed,False,2026-08-27T23:52:02.296949+09:00
Incident Excerpt,,,failed,False,2026-08-21T01:02:25.178710+09:00
Incident Extension,,,failed,False,2026-08-23T16:37:01.033816+09:00
Incident Fare,,,failed,False,2026-08-21T02:10:04.981055+09:00
Incident Fee,30.0,0.0,success,False,2026-08-21T01:53:18.147315+09:00
Incident Feed,70.0,0.0,success,False,2026-08-19T20:41:48.388385+09:00
Incident File,30.0,3.0,success,False,2026-08-19T20:41:10.828189+09:00
Incident Finder,,,failed,False,2026-08-19T00:00:54.845309+09:00
Incident Fine,,,failed,False,2026-08-23T02:56:00.191983+09:00
Incident Flag,,,failed,False,2026-08-21T00:26:15.934316+09:00
Incident Flow,40.0,8.0,success,False,2026-08-17T20:44:20.013961+09:00
Incident Forge,,,failed,False,2026-08-17T20:36:28.708934+09:00
Incident Form,1000.0,15.0,success,False,2026-08-19T13:23:46.954730+09:00
Incident Format,1000.0,15.0,success,False,2026-08-23T13:07:48.964667+09:00
Incident Frame,,,failed,False,2026-08-17T21:30:22.425092+09:00
Incident Fund,,,failed,False,2026-08-21T02:25:59.297290+09:00
Incident Gate,,,failed,False,2026-08-17T21:35:16.200596+09:00
Incident Generator,,,failed,False,2026-08-27T23:32:47.063702+09:00
Incident Grade,,,failed,False,2026-08-21T00:25:57.789837+09:00
Incident Graph,320.0,0.0,success,False,2026-08-27T22:07:09.283408+09:00
Incident Grid,,,failed,False,2026-08-18T01:28:09.694093+09:00
Incident Guard,,,failed,False,2026-08-17T20:47:19.659128+09:00
Incident Guardian,,,failed,False,2026-08-28T00:22:23.551401+09:00
Incident Guidebook,,,failed,False,2026-08-18T22:04:51.222507+09:00
Incident Helpdesk,20.0,29.0,success,False,2026-08-27T22:45:15.401077+09:00
Incident Helper,,,failed,False,2026-08-28T00:22:28.798439+09:00
Incident History,70.0,0.0,success,False,2026-08-19T20:41:00.818648+09:00
Incident Hotline,110.0,0.0,success,False,2026-08-19T21:11:50.782037+09:00
Incident Hub,40.0,11.0,success,False,2026-08-17T20:43:29.254301+09:00
Incident Identifier,260.0,1.0,success,False,2026-08-23T13:07:41.329341+09:00
Incident Index,40.0,0.0,success,False,2026-08-19T21:10:55.875332+09:00
Incident Insight,10.0,40.0,success,False,2026-08-17T23:03:53.626473+09:00
Incident Item,,,failed,False,2026-08-21T01:53:20.957099+09:00
Incident Journal,,,failed,False,2026-08-18T22:04:32.030179+09:00
Incident Keeper,,,failed,False,2026-08-17T21:30:53.341117+09:00
Incident Kit,,,failed,False,2026-08-27T22:45:05.269508+09:00
Incident Lab,,,failed,False,2026-08-17T20:42:08.223187+09:00
Incident Label,,,failed,False,2026-08-27T22:07:14.755817+09:00
Incident Ledger,,,failed,False,2026-08-17T20:45:45.792269+09:00
Incident Lens,20.0,0.0,success,False,2026-08-17T21:31:30.369012+09:00
Incident Level,170.0,2.0,success,False,2026-08-19T20:41:20.028487+09:00
Incident Link,,,failed,False,2026-08-23T03:20:22.973389+09:00
Incident List,260.0,0.0,success,False,2026-08-19T21:54:39.483113+09:00
Incident Loan,10.0,0.0,success,False,2026-08-21T02:10:13.973101+09:00
Incident Locator,,,failed,False,2026-08-19T00:00:44.927785+09:00
Incident Lock,,,failed,False,2026-08-17T21:33:40.096792+09:00
Incident Log,880.0,7.0,success,False,2026-08-19T13:23:28.561494+09:00
Incident Loop,20.0,0.0,success,False,2026-08-18T07:43:33.708043+09:00
Incident Manager,1900.0,8.0,success,False,2026-08-17T20:48:37.567206+09:00
Incident Manual,,,failed,False,2026-08-27T22:07:14.755817+09:00
Incident Map,1000.0,0.0,success,True,2026-08-17T21:32:40.946824+09:00
Incident Margin,,,failed,False,2026-08-23T02:55:57.484668+09:00
Incident Memo,10.0,0.0,success,False,2026-08-21T00:26:02.753353+09:00
Incident Message,,,failed,False,2026-08-27T23:10:37.523000+09:00
Incident Meter,260.0,66.0,success,False,2026-08-17T20:34:11.615000+09:00
Incident Metrics,50.0,6.0,success,False,2026-08-17T23:04:52.831664+09:00
Incident Monitor,110.0,17.0,success,False,2026-08-17T23:10:31.513884+09:00
Incident Navigator,,,failed,False,2026-08-17T23:05:39.217461+09:00
Incident Nexus,,,failed,False,2026-08-17T21:34:12.134068+09:00
Incident Node,10.0,0.0,success,False,2026-08-17T21:36:22.095100+09:00
Incident Note,50.0,1.0,success,False,2026-08-19T13:25:01.891377+09:00
Incident Notification,210.0,3.0,success,False,2026-08-27T22:45:00.824166+09:00
Incident Number,720.0,10.0,success,False,2026-08-23T03:20:15.434284+09:00
Incident Office,,,failed,False,2026-08-19T00:01:10.174789+09:00
Incident Ops,,,failed,False,2026-08-17T23:05:21.665981+09:00
Incident Order,,,failed,False,2026-08-19T21:53:57.995655+09:00
Incident Organizer,10.0,11.0,success,False,2026-08-17T23:06:12.301553+09:00
Incident Overdue,,,failed,False,2026-08-27T21:46:01.626926+09:00
Incident Panel,,,failed,False,2026-08-17T20:36:02.767132+09:00
Incident Pass,,,failed,False,2026-08-21T00:25:15.691482+09:00
Incident Path,,,failed,False,2026-08-17T21:35:49.618076+09:00
Incident Petition,,,failed,False,2026-08-21T01:00:31.922622+09:00
Incident Pilot,,,failed,False,2026-08-17T20:42:32.290659+09:00
Incident Plan,70.0,13.0,success,False,2026-08-21T01:53:31.985132+09:00
Incident Planner,,,failed,False,2026-08-17T23:11:38.355115+09:00
Incident Playbook,140.0,39.0,success,False,2026-08-18T22:04:21.198301+09:00
Incident Point,140.0,0.0,success,False,2026-08-17T21:34:42.632014+09:00
Incident Portal,50.0,16.0,success,False,2026-08-17T20:37:59.877456+09:00
Incident Preview,,,failed,False,2026-08-28T01:03:04.018813+09:00
Incident Profile,,,failed,False,2026-08-19T13:25:31.059454+09:00
Incident Profit,,,failed,False,2026-08-23T02:55:47.607915+09:00
Incident Proposal,246000.0,0.0,success,True,2026-08-28T01:03:06.788782+09:00
Incident Pulse,70.0,0.0,success,False,2026-08-17T21:38:00.601683+09:00
Incident Queue,10.0,0.0,success,False,2026-08-19T21:11:17.911454+09:00
Incident Quota,,,failed,False,2026-08-21T00:26:10.737162+09:00
Incident Radar,,,failed,False,2026-08-17T20:40:55.263419+09:00
Incident Rail,10.0,0.0,success,False,2026-08-18T07:43:57.402622+09:00
Incident Rate,8100.0,0.0,success,True,2026-08-19T20:41:30.953351+09:00
Incident Recap,,,failed,False,2026-08-21T01:02:23.111892+09:00
Incident Recorder,10.0,0.0,success,False,2026-08-27T23:32:49.894310+09:00
Incident Register,390.0,10.0,success,False,2026-08-17T23:09:46.743330+09:00
Incident Registry,,,failed,False,2026-08-18T21:06:03.853095+09:00
Incident Relay,20.0,1.0,success,False,2026-08-17T20:40:13.744558+09:00
Incident Reminder,,,failed,False,2026-08-19T21:10:31.479524+09:00
Incident Report,49500.0,5.0,success,False,2026-08-19T13:23:19.735168+09:00
Incident Repository,,,failed,False,2026-08-27T23:10:47.155079+09:00
Incident Result,,,failed,False,2026-08-28T00:46:16.444390+09:00
Incident Roadmap,,,failed,False,2026-08-18T22:03:18.976552+09:00
Incident Roster,,,failed,False,2026-08-19T00:36:52.729176+09:00
Incident Route,10.0,0.0,success,False,2026-08-17T20:32:02.325008+09:00
Incident Rule,,,failed,False,2026-08-23T03:20:22.973389+09:00
Incident Sale,,,failed,False,2026-08-21T02:26:06.975454+09:00
Incident Scale,,,failed,False,2026-08-17T20:33:10.817795+09:00
Incident Scanner,30.0,0.0,success,False,2026-08-27T23:52:08.286767+09:00
Incident Scheduler,,,failed,False,2026-08-17T22:46:53.613180+09:00
Incident Scope,,,failed,False,2026-08-18T07:43:33.708043+09:00
Incident Score,10.0,0.0,success,False,2026-08-19T13:24:52.365790+09:00
Incident Sentry,,,failed,False,2026-08-17T21:32:03.436124+09:00
Incident Sheet,30.0,5.0,success,False,2026-08-19T13:24:22.197081+09:00
Incident Signal,20.0,1.0,success,False,2026-08-17T20:32:39.820797+09:00
Incident Signature,,,failed,False,2026-08-23T13:27:51.587934+09:00
Incident Slip,10.0,1.0,success,False,2026-08-19T21:55:12.102159+09:00
Incident Snapshot,,,failed,False,2026-08-18T22:04:40.579410+09:00
Incident Stage,,,failed,False,2026-08-28T00:46:12.619703+09:00
Incident Stake,,,failed,False,2026-08-23T02:55:53.099561+09:00
Incident Statement,170.0,2.0,success,False,2026-08-21T00:25:45.592013+09:00
Incident Station,,,failed,False,2026-08-17T20:41:19.373388+09:00
Incident Status,90.0,1.0,success,False,2026-08-19T20:40:40.887904+09:00
Incident Streak,,,failed,False,2026-08-28T00:46:16.444390+09:00
Incident Stub,,,failed,False,2026-08-21T00:25:38.806657+09:00
Incident Studio,50.0,0.0,success,False,2026-08-17T20:42:59.992193+09:00
Incident Suite,,,failed,False,2026-08-17T23:05:44.417197+09:00
Incident Sum,,,failed,False,2026-08-21T02:25:50.623607+09:00
Incident Summary,210.0,1.0,success,False,2026-08-19T21:10:11.430001+09:00
Incident Sync,,,failed,False,2026-08-17T20:45:18.923986+09:00
Incident Table,40.0,20.0,success,False,2026-08-19T21:54:53.460475+09:00
Incident Tag,10.0,0.0,success,False,2026-08-19T13:25:11.972380+09:00
Incident Tally,,,failed,False,2026-08-21T00:25:50.747055+09:00
Incident Tariff,,,failed,False,2026-08-21T02:41:56.534428+09:00
Incident Tax,8100.0,0.0,success,True,2026-08-21T02:10:09.458176+09:00
Incident Ticket,320.0,9.0,success,False,2026-08-19T21:11:07.162763+09:00
Incident Tier,,,failed,False,2026-08-28T00:46:19.889028+09:00
Incident Timeline,170.0,2.0,success,False,2026-08-19T21:10:23.160245+09:00
Incident Timer,,,failed,False,2026-08-28T00:22:18.393624+09:00
Incident Toll,,,failed,False,2026-08-21T02:41:49.318667+09:00
Incident Toolbox,,,failed,False,2026-08-28T00:22:26.191039+09:00
Incident Toolkit,,,failed,False,2026-08-18T22:04:08.939820+09:00
Incident Total,30.0,0.0,success,False,2026-08-27T23:10:40.131699+09:00
Incident Tracker,590.0,44.0,success,False,2026-08-17T20:46:07.350212+09:00
Incident Trail,,,failed,False,2026-08-18T07:43:59.355214+09:00
Incident Trend,20.0,1.0,success,False,2026-08-28T01:03:01.405243+09:00
Incident Trial,10.0,0.0,success,False,2026-08-27T21:13:04.814179+09:00
Incident Unit,10.0,1.0,success,False,2026-08-21T01:53:25.014716+09:00
Incident Update,110.0,0.0,success,False,2026-08-19T20:41:36.001931+09:00
Incident Value,,,failed,False,2026-08-23T02:55:50.022047+09:00
Incident Vault,,,failed,False,2026-08-17T20:39:17.196343+09:00
Incident Version,,,failed,False,2026-08-23T03:20:18.367542+09:00
Incident View,30.0,1.0,success,False,2026-08-19T20:40:49.478840+09:00
Incident Voucher,,,failed,False,2026-08-21T00:25:24.031302+09:00
Incident Watch,30.0,0.0,success,False,2026-08-18T07:43:31.933030+09:00
Incident Wave,880.0,0.0,success,False,2026-08-17T21:36:50.527973+09:00
Incident Widget,,,failed,False,2026-08-27T23:10:42.851763+09:00
Incident Workbench,10.0,4.0,success,False,2026-08-18T22:03:58.790181+09:00
Incident Worksheet,,,failed,False,2026-08-27T22:07:17.176446+09:00
Incident Workshop,,,failed,False,2026-08-28T00:22:21.008845+09:00
Incident Zone,10.0,0.0,success,False,2026-08-17T20:38:48.292759+09:00
Indemnity Advance,,,failed,False,2026-08-23T16:12:41.676987+09:00
Indemnity Advisory,,,failed,False,2026-08-21T00:59:06.391670+09:00
Indemnity Alert,,,failed,False,2026-08-19T21:47:40.553023+09:00
Indemnity Allowance,10.0,0.0,success,False,2026-08-21T02:41:21.123178+09:00
Indemnity Analyzer,,,failed,False,2026-08-27T23:58:18.988715+09:00
Indemnity Arrears,,,failed,False,2026-08-23T16:12:37.758659+09:00
Indemnity Assistant,,,failed,False,2026-08-19T22:04:13.367774+09:00
Indemnity Atlas,,,failed,False,2026-08-19T22:03:32.806508+09:00
Indemnity Balance,,,failed,False,2026-08-23T13:45:29.589427+09:00
Indemnity Base,,,failed,False,2026-08-19T21:59:52.671651+09:00
Indemnity Beacon,,,failed,False,2026-08-19T21:57:34.491231+09:00
Indemnity Bill,110.0,0.0,success,False,2026-08-19T21:54:37.434657+09:00
Indemnity Board,50.0,37.0,success,False,2026-08-19T22:00:23.357458+09:00
Indemnity Book,,,failed,False,2026-08-19T21:55:24.856436+09:00
Indemnity Booth,,,failed,False,2026-08-19T22:07:15.173390+09:00
Indemnity Bridge,,,failed,False,2026-08-19T21:58:08.143234+09:00
Indemnity Brief,,,failed,False,2026-08-21T00:58:57.845239+09:00
Indemnity Bulletin,,,failed,False,2026-08-21T00:58:52.318728+09:00
Indemnity Cabinet,,,failed,False,2026-08-27T23:14:52.026245+09:00
Indemnity Calculator,4400.0,3.0,success,False,2026-08-27T23:35:57.257837+09:00
Indemnity Calendar,,,failed,False,2026-08-19T22:05:58.265751+09:00
Indemnity Card,20.0,0.0,success,False,2026-08-19T21:50:13.072831+09:00
Indemnity Cash,,,failed,False,2026-08-21T02:24:36.091430+09:00
Indemnity Center,,,failed,False,2026-08-19T22:01:20.262131+09:00
Indemnity Chain,,,failed,False,2026-08-19T22:02:54.876263+09:00
Indemnity Charge,50.0,2.0,success,False,2026-08-21T02:41:05.925111+09:00
Indemnity Chart,,,failed,False,2026-08-19T21:47:52.868004+09:00
Indemnity Check,90.0,0.0,success,False,2026-08-19T21:50:35.139639+09:00
Indemnity Checker,,,failed,False,2026-08-27T23:58:08.716476+09:00
Indemnity Circular,,,failed,False,2026-08-21T01:00:08.450743+09:00
Indemnity Code,,,failed,False,2026-08-19T21:54:56.953854+09:00
Indemnity Comparison,,,failed,False,2026-08-28T01:09:01.288346+09:00
Indemnity Confirmation,,,failed,False,2026-08-21T00:59:15.258286+09:00
Indemnity Console,,,failed,False,2026-08-19T22:01:53.877884+09:00
Indemnity Contribution,90.0,0.0,success,False,2026-08-23T16:12:35.033809+09:00
Indemnity Copayment,,,failed,False,2026-08-23T16:38:14.137829+09:00
Indemnity Core,,,failed,False,2026-08-19T22:00:01.898557+09:00
Indemnity Cost,110.0,4.0,success,False,2026-08-21T02:07:48.773154+09:00
Indemnity Counter,,,failed,False,2026-08-19T22:06:50.618817+09:00
Indemnity Deal,,,failed,False,2026-08-21T01:50:28.240015+09:00
Indemnity Debt,,,failed,False,2026-08-21T02:24:27.084847+09:00
Indemnity Deck,,,failed,False,2026-08-19T22:00:33.480377+09:00
Indemnity Desk,,,failed,False,2026-08-19T21:56:40.008866+09:00
Indemnity Detail,,,failed,False,2026-08-23T03:22:06.290002+09:00
Indemnity Detector,,,failed,False,2026-08-27T23:58:18.988715+09:00
Indemnity Directory,,,failed,False,2026-08-19T22:06:07.056181+09:00
Indemnity Dossier,,,failed,False,2026-08-21T00:59:19.513950+09:00
Indemnity Downpayment,,,failed,False,2026-08-27T21:47:05.962227+09:00
Indemnity Draft,20.0,2.0,success,False,2026-08-19T21:53:02.852702+09:00
Indemnity Due,,,failed,False,2026-08-23T15:50:46.818166+09:00
Indemnity Duty,,,failed,False,2026-08-21T02:41:14.911892+09:00
Indemnity Engine,,,failed,False,2026-08-19T22:04:03.389101+09:00
Indemnity Entry,,,failed,False,2026-08-21T00:59:38.385269+09:00
Indemnity Estimate,,,failed,False,2026-08-19T21:54:16.215789+09:00
Indemnity Estimator,,,failed,False,2026-08-27T23:58:08.716476+09:00
Indemnity Excerpt,,,failed,False,2026-08-21T01:01:51.697457+09:00
Indemnity Extension,,,failed,False,2026-08-23T16:38:16.847667+09:00
Indemnity Fare,,,failed,False,2026-08-21T02:07:58.916446+09:00
Indemnity Fee,140.0,4.0,success,False,2026-08-21T01:50:02.348824+09:00
Indemnity Feed,,,failed,False,2026-08-19T21:52:53.016557+09:00
Indemnity File,,,failed,False,2026-08-19T21:52:04.287712+09:00
Indemnity Finder,,,failed,False,2026-08-19T22:06:28.711407+09:00
Indemnity Fine,,,failed,False,2026-08-23T02:56:24.253545+09:00
Indemnity Flag,,,failed,False,2026-08-21T00:35:49.197244+09:00
Indemnity Flow,,,failed,False,2026-08-19T21:56:18.827565+09:00
Indemnity Form,8100.0,3.0,success,False,2026-08-19T21:50:00.809390+09:00
Indemnity Format,8100.0,3.0,success,False,2026-08-23T13:09:19.095608+09:00
Indemnity Frame,,,failed,False,2026-08-19T21:59:39.418384+09:00
Indemnity Fund,90.0,1.0,success,False,2026-08-21T02:24:30.364633+09:00
Indemnity Gate,,,failed,False,2026-08-19T22:03:14.947098+09:00
Indemnity Generator,,,failed,False,2026-08-27T23:36:01.279667+09:00
Indemnity Grade,,,failed,False,2026-08-21T00:35:31.431507+09:00
Indemnity Guardian,,,failed,False,2026-08-28T00:27:06.057605+09:00
Indemnity Helpdesk,,,failed,False,2026-08-27T22:49:12.101032+09:00
Indemnity Helper,,,failed,False,2026-08-28T00:27:09.738576+09:00
Indemnity History,10.0,,success,False,2026-08-19T21:51:50.352396+09:00
Indemnity Hub,,,failed,False,2026-08-19T21:56:30.340313+09:00
Indemnity Identifier,,,failed,False,2026-08-23T13:09:17.043261+09:00
Indemnity Inbox,,,failed,False,2026-08-19T21:47:26.468483+09:00
Indemnity Index,,,failed,False,2026-08-19T21:53:54.593034+09:00
Indemnity Installment,,,failed,False,2026-08-23T16:12:32.773263+09:00
Indemnity Interest,10.0,0.0,success,False,2026-08-23T13:45:29.589427+09:00
Indemnity Item,,,failed,False,2026-08-21T01:50:11.823899+09:00
Indemnity Journal,,,failed,False,2026-08-19T22:05:40.444282+09:00
Indemnity Keeper,,,failed,False,2026-08-19T22:03:42.018748+09:00
Indemnity Kiosk,,,failed,False,2026-08-19T22:07:23.452103+09:00
Indemnity Lab,10.0,,success,False,2026-08-19T22:00:52.695969+09:00
Indemnity Label,,,failed,False,2026-08-27T22:10:29.150854+09:00
Indemnity Ledger,,,failed,False,2026-08-19T22:00:12.371601+09:00
Indemnity Level,70.0,2.0,success,False,2026-08-19T21:52:13.387437+09:00
Indemnity Levy,,,failed,False,2026-08-23T13:45:33.532917+09:00
Indemnity Line,,,failed,False,2026-08-19T21:49:03.135784+09:00
Indemnity Link,,,failed,False,2026-08-23T03:22:01.031781+09:00
Indemnity List,,,failed,False,2026-08-19T21:55:06.588963+09:00
Indemnity Loan,50.0,5.0,success,False,2026-08-21T02:08:07.470140+09:00
Indemnity Lobby,,,failed,False,2026-08-19T21:48:37.941943+09:00
Indemnity Locator,,,failed,False,2026-08-19T22:06:18.009667+09:00
Indemnity Locker,,,failed,False,2026-08-19T22:06:59.596356+09:00
Indemnity Log,,,failed,False,2026-08-19T21:49:47.542279+09:00
Indemnity Manager,,,failed,False,2026-08-19T22:03:52.975095+09:00
Indemnity Manual,,,failed,False,2026-08-27T22:10:31.579374+09:00
Indemnity Map,,,failed,False,2026-08-19T21:59:30.293970+09:00
Indemnity Margin,,,failed,False,2026-08-23T02:56:21.131414+09:00
Indemnity Memo,,,failed,False,2026-08-21T00:35:36.889482+09:00
Indemnity Message,,,failed,False,2026-08-27T23:14:46.468120+09:00
Indemnity Monitor,,,failed,False,2026-08-19T22:04:45.902658+09:00
Indemnity Nexus,,,failed,False,2026-08-19T22:03:23.353107+09:00
Indemnity Note,70.0,1.0,success,False,2026-08-19T21:50:57.841127+09:00
Indemnity Notification,,,failed,False,2026-08-27T22:49:02.475082+09:00
Indemnity Number,20.0,5.0,success,False,2026-08-23T03:21:52.337489+09:00
Indemnity Office,,,failed,False,2026-08-19T22:06:41.403506+09:00
Indemnity Ops,,,failed,False,2026-08-19T22:05:19.679261+09:00
Indemnity Overage,,,failed,False,2026-08-27T21:47:03.271568+09:00
Indemnity Overdraft,,,failed,False,2026-08-23T15:50:49.697674+09:00
Indemnity Overdue,,,failed,False,2026-08-27T21:47:00.631100+09:00
Indemnity Panel,,,failed,False,2026-08-19T22:02:02.684993+09:00
Indemnity Passport,,,failed,False,2026-08-19T21:48:19.671606+09:00
Indemnity Path,,,failed,False,2026-08-19T21:59:09.702480+09:00
Indemnity Payoff,,,failed,False,2026-08-27T21:47:03.271568+09:00
Indemnity Penalty,,,failed,False,2026-08-23T16:38:11.972867+09:00
Indemnity Petition,,,failed,False,2026-08-21T00:59:10.591896+09:00
Indemnity Plan,2900.0,9.0,success,False,2026-08-21T01:50:23.005803+09:00
Indemnity Planner,,,failed,False,2026-08-19T22:04:23.242123+09:00
Indemnity Playbook,,,failed,False,2026-08-19T22:05:32.455871+09:00
Indemnity Point,,,failed,False,2026-08-19T21:59:19.992699+09:00
Indemnity Portal,,,failed,False,2026-08-19T22:01:45.686906+09:00
Indemnity Profile,,,failed,False,2026-08-19T21:51:16.066048+09:00
Indemnity Profit,,,failed,False,2026-08-23T02:56:08.739557+09:00
Indemnity Proposal,,,failed,False,2026-08-28T01:09:03.847299+09:00
Indemnity Quota,,,failed,False,2026-08-21T00:35:43.096296+09:00
Indemnity Radar,,,failed,False,2026-08-19T21:56:53.361235+09:00
Indemnity Rate,20.0,0.0,success,False,2026-08-19T21:52:28.912563+09:00
Indemnity Recap,,,failed,False,2026-08-21T00:59:32.095317+09:00
Indemnity Receipt,30.0,0.0,success,False,2026-08-19T21:54:45.586270+09:00
Indemnity Recorder,,,failed,False,2026-08-27T23:36:01.279667+09:00
Indemnity Register,,,failed,False,2026-08-19T22:05:08.787907+09:00
Indemnity Registry,,,failed,False,2026-08-19T22:05:48.495667+09:00
Indemnity Relay,,,failed,False,2026-08-19T21:57:01.942587+09:00
Indemnity Reminder,,,failed,False,2026-08-19T21:53:40.177257+09:00
Indemnity Report,70.0,0.0,success,False,2026-08-19T21:49:37.354385+09:00
Indemnity Repository,,,failed,False,2026-08-27T23:14:55.579423+09:00
Indemnity Result,,,failed,False,2026-08-28T00:48:52.338706+09:00
Indemnity Roll,,,failed,False,2026-08-19T21:49:23.695269+09:00
Indemnity Roster,,,failed,False,2026-08-19T21:47:13.005766+09:00
Indemnity Rule,30.0,0.0,success,False,2026-08-23T03:22:03.644415+09:00
Indemnity Sale,,,failed,False,2026-08-21T02:24:39.206528+09:00
Indemnity Sample,30.0,8.0,success,False,2026-08-19T21:55:44.120814+09:00
Indemnity Scanner,,,failed,False,2026-08-27T23:58:14.186756+09:00
Indemnity Scheduler,,,failed,False,2026-08-19T22:04:34.418517+09:00
Indemnity Scope,,,failed,False,2026-08-19T21:58:34.362639+09:00
Indemnity Score,,,failed,False,2026-08-19T21:50:46.269760+09:00
Indemnity Sheet,,,failed,False,2026-08-19T21:50:23.410812+09:00
Indemnity Shortfall,,,failed,False,2026-08-27T21:47:08.253611+09:00
Indemnity Signal,,,failed,False,2026-08-19T21:58:17.004802+09:00
Indemnity Signature,,,failed,False,2026-08-23T13:28:19.840300+09:00
Indemnity Slot,,,failed,False,2026-08-19T21:55:54.779139+09:00
Indemnity Stage,,,failed,False,2026-08-28T00:48:52.338706+09:00
Indemnity Stake,,,failed,False,2026-08-23T02:56:17.565255+09:00
Indemnity Statement,90.0,1.0,success,False,2026-08-21T00:35:29.281212+09:00
Indemnity Station,,,failed,False,2026-08-19T22:01:01.799694+09:00
Indemnity Status,,,failed,False,2026-08-19T21:51:28.846204+09:00
Indemnity Subsidy,,,failed,False,2026-08-23T15:50:49.697674+09:00
Indemnity Sum,,,failed,False,2026-08-21T02:24:19.138497+09:00
Indemnity Summary,,,failed,False,2026-08-19T21:53:20.741685+09:00
Indemnity Tab,,,failed,False,2026-08-21T00:35:54.809657+09:00
Indemnity Table,,,failed,False,2026-08-19T21:55:14.913375+09:00
Indemnity Tag,,,failed,False,2026-08-19T21:51:07.578329+09:00
Indemnity Tariff,,,failed,False,2026-08-21T02:41:24.321159+09:00
Indemnity Tax,390.0,1.0,success,False,2026-08-21T02:08:03.839367+09:00
Indemnity Terminal,,,failed,False,2026-08-19T22:01:11.142813+09:00
Indemnity Ticker,,,failed,False,2026-08-19T21:48:50.657736+09:00
Indemnity Ticket,,,failed,False,2026-08-19T21:54:03.410939+09:00
Indemnity Tier,,,failed,False,2026-08-28T00:48:57.800361+09:00
Indemnity Timeline,,,failed,False,2026-08-19T21:53:29.207509+09:00
Indemnity Toll,,,failed,False,2026-08-21T02:41:18.531749+09:00
Indemnity Toolbox,,,failed,False,2026-08-28T00:27:09.738576+09:00
Indemnity Total,,,failed,False,2026-08-27T23:14:49.427940+09:00
Indemnity Tracker,,,failed,False,2026-08-19T21:56:05.092972+09:00
Indemnity Trail,,,failed,False,2026-08-19T22:02:44.580219+09:00
Indemnity Trial,,,failed,False,2026-08-27T21:15:51.614768+09:00
Indemnity Unit,,,failed,False,2026-08-21T01:50:44.435250+09:00
Indemnity Update,,,failed,False,2026-08-19T21:52:37.480660+09:00
Indemnity Value,210.0,1.0,success,False,2026-08-23T02:56:12.259379+09:00
Indemnity Vault,,,failed,False,2026-08-19T21:57:14.341308+09:00
Indemnity Version,,,failed,False,2026-08-23T03:21:56.707046+09:00
Indemnity View,,,failed,False,2026-08-19T21:51:38.533092+09:00
Indemnity Watch,,,failed,False,2026-08-19T21:58:24.385772+09:00
Indemnity Wave,,,failed,False,2026-08-19T21:59:01.960523+09:00
Indemnity Widget,,,failed,False,2026-08-27T23:14:49.427940+09:00
Indemnity Window,,,failed,False,2026-08-19T21:49:14.059786+09:00
Indemnity Worksheet,,,failed,False,2026-08-27T22:10:31.579374+09:00
Inquiry Advisory,,,failed,False,2026-08-21T01:20:48.632862+09:00
Inquiry Alert,,,failed,False,2026-08-21T01:16:11.158685+09:00
Inquiry Allowance,,,failed,False,2026-08-21T02:37:05.084488+09:00
Inquiry Analyzer,,,failed,False,2026-08-27T23:52:54.402675+09:00
Inquiry Announcement,,,failed,False,2026-08-27T23:32:47.063702+09:00
Inquiry Assistant,,,failed,False,2026-08-21T01:25:09.973684+09:00
Inquiry Atlas,,,failed,False,2026-08-21T01:24:15.065137+09:00
Inquiry Attribute,,,failed,False,2026-08-23T13:06:49.264367+09:00
Inquiry Badge,,,failed,False,2026-08-21T01:20:01.120246+09:00
Inquiry Base,27100.0,1.0,success,False,2026-08-21T01:23:05.026470+09:00
Inquiry Bay,,,failed,False,2026-08-21T01:15:20.827497+09:00
Inquiry Beacon,,,failed,False,2026-08-21T01:21:53.775872+09:00
Inquiry Bill,,,failed,False,2026-08-21T01:19:12.546892+09:00
Inquiry Bin,,,failed,False,2026-08-21T01:16:22.039842+09:00
Inquiry Board,90.0,0.0,success,False,2026-08-21T01:23:24.077688+09:00
Inquiry Booth,,,failed,False,2026-08-21T01:26:35.509450+09:00
Inquiry Bridge,30.0,0.0,success,False,2026-08-21T01:22:07.036293+09:00
Inquiry Brief,10.0,0.0,success,False,2026-08-21T01:23:14.366280+09:00
Inquiry Bulletin,,,failed,False,2026-08-21T01:20:34.277114+09:00
Inquiry Card,320.0,6.0,success,False,2026-08-21T01:17:14.231029+09:00
Inquiry Cascade,,,failed,False,2026-08-21T01:22:01.103254+09:00
Inquiry Cash,,,failed,False,2026-08-21T02:30:21.260254+09:00
Inquiry Category,20.0,0.0,success,False,2026-08-23T13:06:44.617990+09:00
Inquiry Center,30.0,0.0,success,False,2026-08-21T01:23:52.904904+09:00
Inquiry Chain,,,failed,False,2026-08-21T01:24:33.847860+09:00
Inquiry Charge,,,failed,False,2026-08-21T02:36:50.213443+09:00
Inquiry Chart,590.0,0.0,success,False,2026-08-21T01:16:15.267590+09:00
Inquiry Check,50.0,5.0,success,False,2026-08-21T01:17:27.975074+09:00
Inquiry Checker,,,failed,False,2026-08-27T23:52:45.278124+09:00
Inquiry Circular,,,failed,False,2026-08-21T01:20:42.577799+09:00
Inquiry Code,140.0,0.0,success,False,2026-08-21T01:19:23.070915+09:00
Inquiry Companion,,,failed,False,2026-08-21T01:25:29.935757+09:00
Inquiry Comparison,,,failed,False,2026-08-28T01:04:14.556573+09:00
Inquiry Compass,,,failed,False,2026-08-21T01:21:49.678224+09:00
Inquiry Confirmation,,,failed,False,2026-08-21T01:20:58.036999+09:00
Inquiry Console,,,failed,False,2026-08-21T01:24:10.673777+09:00
Inquiry Converter,,,failed,False,2026-08-27T23:32:49.894310+09:00
Inquiry Core,,,failed,False,2026-08-21T01:23:16.298800+09:00
Inquiry Cost,,,failed,False,2026-08-21T02:13:28.177261+09:00
Inquiry Count,,,failed,False,2026-08-27T22:44:27.817073+09:00
Inquiry Counter,30.0,0.0,success,False,2026-08-21T01:26:25.836028+09:00
Inquiry Deal,,,failed,False,2026-08-21T01:57:15.651579+09:00
Inquiry Debt,,,failed,False,2026-08-21T02:30:12.359355+09:00
Inquiry Deck,,,failed,False,2026-08-21T01:23:27.807599+09:00
Inquiry Desk,70.0,4.0,success,False,2026-08-21T01:23:14.366280+09:00
Inquiry Detail,260.0,0.0,success,False,2026-08-23T03:17:28.989211+09:00
Inquiry Detector,,,failed,False,2026-08-27T23:52:49.352062+09:00
Inquiry Diagram,,,failed,False,2026-08-27T22:14:55.683786+09:00
Inquiry Directory,,,failed,False,2026-08-21T01:26:12.180385+09:00
Inquiry Downpayment,,,failed,False,2026-08-27T21:50:15.580858+09:00
Inquiry Draft,,,failed,False,2026-08-21T01:18:31.327971+09:00
Inquiry Due,,,failed,False,2026-08-23T15:52:22.475978+09:00
Inquiry Duty,,,failed,False,2026-08-21T02:36:58.611410+09:00
Inquiry Engine,,,failed,False,2026-08-21T01:25:07.930638+09:00
Inquiry Entry,,,failed,False,2026-08-21T01:21:10.960024+09:00
Inquiry Estimate,,,failed,False,2026-08-21T01:19:03.432303+09:00
Inquiry Estimator,,,failed,False,2026-08-27T23:52:42.913738+09:00
Inquiry Fare,,,failed,False,2026-08-21T02:13:39.971656+09:00
Inquiry Fee,40.0,1.0,success,False,2026-08-21T01:56:59.891240+09:00
Inquiry Feed,,,failed,False,2026-08-21T01:18:23.588658+09:00
Inquiry Field,1000.0,0.0,success,True,2026-08-23T13:06:51.579478+09:00
Inquiry File,40.0,3.0,success,False,2026-08-21T01:18:04.111706+09:00
Inquiry Fine,140.0,0.0,success,False,2026-08-23T02:53:22.590239+09:00
Inquiry Flow,,,failed,False,2026-08-21T01:21:22.199165+09:00
Inquiry Forge,,,failed,False,2026-08-21T01:21:58.894123+09:00
Inquiry Form,1900.0,9.0,success,False,2026-08-21T01:23:07.832051+09:00
Inquiry Format,1900.0,9.0,success,False,2026-08-23T13:06:54.038616+09:00
Inquiry Frame,,,failed,False,2026-08-21T01:22:59.410874+09:00
Inquiry Fund,10.0,,success,False,2026-08-21T02:30:16.403499+09:00
Inquiry Gate,,,failed,False,2026-08-21T01:24:47.056451+09:00
Inquiry Generator,10.0,10.0,success,False,2026-08-27T23:32:54.562632+09:00
Inquiry Graph,,,failed,False,2026-08-27T22:14:41.092865+09:00
Inquiry Grid,,,failed,False,2026-08-21T01:22:36.440068+09:00
Inquiry Guardian,,,failed,False,2026-08-28T00:23:08.180984+09:00
Inquiry Helpdesk,,,failed,False,2026-08-27T22:44:33.124302+09:00
Inquiry Helper,,,failed,False,2026-08-28T00:23:11.653599+09:00
Inquiry History,480.0,0.0,success,False,2026-08-21T01:35:17.900497+09:00
Inquiry Hub,720.0,0.0,success,False,2026-08-21T01:21:27.496774+09:00
Inquiry Identifier,,,failed,False,2026-08-23T13:06:41.923671+09:00
Inquiry Inbox,,,failed,False,2026-08-21T01:16:05.290341+09:00
Inquiry Index,10.0,,success,False,2026-08-21T01:18:50.592866+09:00
Inquiry Item,,,failed,False,2026-08-21T01:57:02.115497+09:00
Inquiry Journal,1300.0,6.0,success,False,2026-08-21T01:25:58.145790+09:00
Inquiry Keeper,,,failed,False,2026-08-21T01:24:59.173649+09:00
Inquiry Lab,140.0,1.0,success,False,2026-08-21T01:23:32.476935+09:00
Inquiry Label,,,failed,False,2026-08-27T22:14:45.094035+09:00
Inquiry Ledger,,,failed,False,2026-08-21T01:23:16.966517+09:00
Inquiry Level,,,failed,False,2026-08-21T01:18:06.634708+09:00
Inquiry Line,30.0,0.0,success,False,2026-08-21T01:16:44.690020+09:00
Inquiry Link,10.0,7.0,success,False,2026-08-23T03:17:21.558443+09:00
Inquiry List,90.0,0.0,success,False,2026-08-21T01:19:27.364478+09:00
Inquiry Loan,,,failed,False,2026-08-21T02:13:43.743607+09:00
Inquiry Lobby,,,failed,False,2026-08-21T01:16:32.710448+09:00
Inquiry Locator,,,failed,False,2026-08-21T01:26:13.869304+09:00
Inquiry Locker,,,failed,False,2026-08-21T01:26:31.620928+09:00
Inquiry Log,70.0,2.0,success,False,2026-08-21T01:17:02.274965+09:00
Inquiry Loop,,,failed,False,2026-08-21T01:22:31.268942+09:00
Inquiry Manager,10.0,0.0,success,False,2026-08-21T01:25:03.878404+09:00
Inquiry Manual,,,failed,False,2026-08-27T22:14:48.502479+09:00
Inquiry Map,30.0,0.0,success,False,2026-08-21T01:22:56.412529+09:00
Inquiry Markup,,,failed,False,2026-08-23T16:39:53.377709+09:00
Inquiry Memo,30.0,0.0,success,False,2026-08-21T01:20:18.165253+09:00
Inquiry Monitor,,,failed,False,2026-08-21T01:25:39.259226+09:00
Inquiry Nexus,,,failed,False,2026-08-21T01:24:45.500076+09:00
Inquiry Note,30.0,0.0,success,False,2026-08-21T01:17:36.062470+09:00
Inquiry Notification,,,failed,False,2026-08-27T22:44:19.444390+09:00
Inquiry Number,880.0,1.0,success,False,2026-08-23T03:17:09.077548+09:00
Inquiry Office,210.0,0.0,success,False,2026-08-21T01:26:22.503532+09:00
Inquiry Ops,,,failed,False,2026-08-21T01:25:38.275036+09:00
Inquiry Order,480.0,0.0,success,False,2026-08-21T01:19:07.466825+09:00
Inquiry Outpost,,,failed,False,2026-08-21T01:15:34.329365+09:00
Inquiry Overage,,,failed,False,2026-08-27T21:50:13.120936+09:00
Inquiry Overdue,,,failed,False,2026-08-27T21:50:06.831063+09:00
Inquiry Panel,30.0,0.0,success,False,2026-08-21T01:24:15.065137+09:00
Inquiry Pass,,,failed,False,2026-08-21T01:19:52.973842+09:00
Inquiry Passport,480.0,2.0,success,False,2026-08-21T01:16:26.293455+09:00
Inquiry Path,,,failed,False,2026-08-21T01:22:46.544366+09:00
Inquiry Payoff,,,failed,False,2026-08-27T21:50:10.340173+09:00
Inquiry Penalty,,,failed,False,2026-08-23T16:39:53.377709+09:00
Inquiry Petition,10.0,0.0,success,False,2026-08-21T01:20:51.576504+09:00
Inquiry Plan,40.0,1.0,success,False,2026-08-21T01:57:10.227780+09:00
Inquiry Planner,40.0,1.0,success,False,2026-08-21T01:25:14.873207+09:00
Inquiry Playbook,,,failed,False,2026-08-21T01:25:53.521014+09:00
Inquiry Plaza,,,failed,False,2026-08-21T01:15:36.930840+09:00
Inquiry Point,40.0,1.0,success,False,2026-08-21T01:22:51.659146+09:00
Inquiry Portal,40.0,0.0,success,False,2026-08-21T01:24:10.673777+09:00
Inquiry Preview,,,failed,False,2026-08-28T01:04:19.597729+09:00
Inquiry Profile,,,failed,False,2026-08-21T01:17:46.814722+09:00
Inquiry Profit,,,failed,False,2026-08-23T02:53:11.692862+09:00
Inquiry Proposal,70.0,0.0,success,False,2026-08-28T01:04:22.068071+09:00
Inquiry Quota,,,failed,False,2026-08-21T01:20:23.926123+09:00
Inquiry Radar,,,failed,False,2026-08-21T01:21:36.121318+09:00
Inquiry Rail,170.0,0.0,success,False,2026-08-21T01:24:25.353806+09:00
Inquiry Rate,,,failed,False,2026-08-21T01:18:13.948377+09:00
Inquiry Recap,,,failed,False,2026-08-21T01:21:04.299416+09:00
Inquiry Receipt,10.0,0.0,success,False,2026-08-21T01:19:18.289018+09:00
Inquiry Recorder,,,failed,False,2026-08-27T23:32:54.562632+09:00
Inquiry Register,70.0,2.0,success,False,2026-08-21T01:25:45.514354+09:00
Inquiry Relay,,,failed,False,2026-08-21T01:21:39.994879+09:00
Inquiry Reminder,,,failed,False,2026-08-21T01:18:44.582130+09:00
Inquiry Report,390.0,0.0,success,False,2026-08-21T01:16:56.595304+09:00
Inquiry Repository,,,failed,False,2026-08-27T23:10:31.050648+09:00
Inquiry Result,30.0,0.0,success,False,2026-08-28T00:46:54.511345+09:00
Inquiry Ring,,,failed,False,2026-08-21T01:24:44.835275+09:00
Inquiry Roll,,,failed,False,2026-08-21T01:16:53.151150+09:00
Inquiry Roster,,,failed,False,2026-08-21T01:15:58.855612+09:00
Inquiry Route,,,failed,False,2026-08-21T01:24:20.816528+09:00
Inquiry Rule,,,failed,False,2026-08-23T03:17:25.053866+09:00
Inquiry Sale,,,failed,False,2026-08-21T02:30:24.474717+09:00
Inquiry Sample,40.0,0.0,success,False,2026-08-21T01:19:41.393995+09:00
Inquiry Scale,,,failed,False,2026-08-21T01:24:17.387114+09:00
Inquiry Scanner,,,failed,False,2026-08-27T23:52:49.352062+09:00
Inquiry Scheduler,0.0,,success,False,2026-08-21T01:25:37.604117+09:00
Inquiry Scope,,,failed,False,2026-08-21T01:22:27.198742+09:00
Inquiry Score,10.0,18.0,success,False,2026-08-21T01:17:33.437690+09:00
Inquiry Sheet,210.0,3.0,success,False,2026-08-21T01:17:22.537676+09:00
Inquiry Shelf,,,failed,False,2026-08-21T01:15:52.243294+09:00
Inquiry Shortfall,,,failed,False,2026-08-27T21:50:17.905826+09:00
Inquiry Signal,,,failed,False,2026-08-21T01:22:16.671736+09:00
Inquiry Slip,,,failed,False,2026-08-21T01:19:35.649490+09:00
Inquiry Slot,,,failed,False,2026-08-21T01:21:07.466451+09:00
Inquiry Stage,70.0,1.0,success,False,2026-08-28T00:46:54.511345+09:00
Inquiry Stake,,,failed,False,2026-08-23T02:53:17.402090+09:00
Inquiry Statement,590.0,0.0,success,False,2026-08-21T01:20:09.112300+09:00
Inquiry Station,90.0,3.0,success,False,2026-08-21T01:23:43.267024+09:00
Inquiry Status,590.0,0.0,success,False,2026-08-21T01:17:49.809423+09:00
Inquiry Stub,,,failed,False,2026-08-21T01:20:05.793508+09:00
Inquiry Studio,,,failed,False,2026-08-21T01:23:33.921690+09:00
Inquiry Sum,,,failed,False,2026-08-21T02:30:08.779542+09:00
Inquiry Summary,10.0,1.0,success,False,2026-08-21T01:18:36.012476+09:00
Inquiry Tab,,,failed,False,2026-08-21T01:20:28.588615+09:00
Inquiry Table,50.0,0.0,success,False,2026-08-21T01:19:32.138069+09:00
Inquiry Tag,,,failed,False,2026-08-21T01:17:41.245351+09:00
Inquiry Tariff,,,failed,False,2026-08-21T02:37:07.617432+09:00
Inquiry Tax,,,failed,False,2026-08-21T02:13:39.971656+09:00
Inquiry Terminal,,,failed,False,2026-08-21T01:23:47.982205+09:00
Inquiry Ticker,,,failed,False,2026-08-21T01:16:40.172400+09:00
Inquiry Ticket,30.0,0.0,success,False,2026-08-21T01:18:56.365360+09:00
Inquiry Tier,,,failed,False,2026-08-28T00:47:00.263771+09:00
Inquiry Timeline,,,failed,False,2026-08-21T01:18:40.477010+09:00
Inquiry Timer,,,failed,False,2026-08-28T00:23:02.722044+09:00
Inquiry Toll,,,failed,False,2026-08-21T02:37:01.944995+09:00
Inquiry Toolbox,,,failed,False,2026-08-28T00:23:11.653599+09:00
Inquiry Total,,,failed,False,2026-08-27T23:10:24.868971+09:00
Inquiry Tower,,,failed,False,2026-08-21T01:15:49.368632+09:00
Inquiry Tracker,90.0,3.0,success,False,2026-08-21T01:21:17.954324+09:00
Inquiry Trail,,,failed,False,2026-08-21T01:24:15.065137+09:00
Inquiry Trend,,,failed,False,2026-08-28T01:04:14.556573+09:00
Inquiry Trial,10.0,,success,False,2026-08-27T21:19:20.192831+09:00
Inquiry Unit,70.0,0.0,success,False,2026-08-21T01:57:06.498210+09:00
Inquiry Update,,,failed,False,2026-08-21T01:18:19.084511+09:00
Inquiry Value,,,failed,False,2026-08-23T02:53:14.872547+09:00
Inquiry Vault,10.0,,success,False,2026-08-21T01:21:46.110216+09:00
Inquiry Version,,,failed,False,2026-08-23T03:17:17.631472+09:00
Inquiry View,,,failed,False,2026-08-21T01:17:54.187315+09:00
Inquiry Voucher,,,failed,False,2026-08-21T01:19:54.964370+09:00
Inquiry Watch,,,failed,False,2026-08-21T01:22:20.767459+09:00
Inquiry Wave,,,failed,False,2026-08-21T01:22:38.712146+09:00
Inquiry Widget,,,failed,False,2026-08-27T23:10:28.498213+09:00
Inquiry Window,10.0,0.0,success,False,2026-08-21T01:16:47.227660+09:00
Inquiry Worksheet,30.0,0.0,success,False,2026-08-27T22:14:55.683786+09:00
Inquiry Yard,,,failed,False,2026-08-21T01:15:16.012738+09:00
Inquiry Zone,10.0,0.0,success,False,2026-08-21T01:23:54.627834+09:00
Inspection Advance,,,failed,False,2026-08-23T16:11:11.053977+09:00
Inspection Advisory,,,failed,False,2026-08-21T00:58:49.473587+09:00
Inspection Allowance,10.0,0.0,success,False,2026-08-21T02:36:37.228119+09:00
Inspection Almanac,,,failed,False,2026-08-18T22:02:35.560643+09:00
Inspection Analyzer,,,failed,False,2026-08-27T23:52:10.807826+09:00
Inspection Anchor,,,failed,False,2026-08-17T20:33:01.756540+09:00
Inspection Announcement,,,failed,False,2026-08-27T23:32:40.029337+09:00
Inspection Arrears,,,failed,False,2026-08-23T16:11:11.053977+09:00
Inspection Assistant,320.0,0.0,success,False,2026-08-17T22:48:05.376281+09:00
Inspection Atlas,210.0,31.0,success,False,2026-08-17T21:32:31.405261+09:00
Inspection Attribute,,,failed,False,2026-08-23T13:05:12.905502+09:00
Inspection Badge,320.0,45.0,success,False,2026-08-21T00:24:49.316489+09:00
Inspection Base,,,failed,False,2026-08-17T20:47:09.255931+09:00
Inspection Beacon,,,failed,False,2026-08-17T20:36:55.192509+09:00
Inspection Bill,10.0,0.0,success,False,2026-08-19T21:48:04.651670+09:00
Inspection Blueprint,,,failed,False,2026-08-18T21:06:03.853095+09:00
Inspection Board,170.0,1.0,success,False,2026-08-17T20:44:14.789024+09:00
Inspection Book,2900.0,15.0,success,False,2026-08-19T21:49:11.434209+09:00
Inspection Bridge,1300.0,1.0,success,False,2026-08-17T20:34:03.344800+09:00
Inspection Brief,10.0,0.0,success,False,2026-08-21T00:58:40.847726+09:00
Inspection Bulletin,,,failed,False,2026-08-21T00:58:36.711570+09:00
Inspection Calculator,10.0,0.0,success,False,2026-08-27T23:32:40.029337+09:00
Inspection Calendar,20.0,0.0,success,False,2026-08-18T23:57:46.664132+09:00
Inspection Card,390.0,24.0,success,False,2026-08-19T13:21:49.505722+09:00
Inspection Cascade,,,failed,False,2026-08-17T20:34:55.202462+09:00
Inspection Cash,,,failed,False,2026-08-21T02:21:52.863298+09:00
Inspection Cashback,,,failed,False,2026-08-27T21:13:04.814179+09:00
Inspection Catalog,,,failed,False,2026-08-19T21:10:58.611553+09:00
Inspection Category,40.0,0.0,success,False,2026-08-23T13:05:07.059909+09:00
Inspection Center,720.0,17.0,success,False,2026-08-17T20:39:12.627798+09:00
Inspection Chain,,,failed,False,2026-08-18T07:43:25.661274+09:00
Inspection Charge,590.0,0.0,success,False,2026-08-21T02:38:04.709344+09:00
Inspection Check,1300.0,11.0,success,False,2026-08-19T13:22:52.997590+09:00
Inspection Checker,1300.0,11.0,success,False,2026-08-27T23:52:02.296949+09:00
Inspection Checklist,1900.0,10.0,success,False,2026-08-19T21:10:02.424096+09:00
Inspection Circular,,,failed,False,2026-08-21T01:00:03.837469+09:00
Inspection Cockpit,,,failed,False,2026-08-17T23:04:03.069082+09:00
Inspection Code,390.0,2.0,success,False,2026-08-19T21:48:34.329578+09:00
Inspection Codex,,,failed,False,2026-08-18T22:02:56.704517+09:00
Inspection Companion,,,failed,False,2026-08-17T23:06:04.469497+09:00
Inspection Comparison,,,failed,False,2026-08-28T01:02:13.095205+09:00
Inspection Compass,,,failed,False,2026-08-17T20:37:51.221015+09:00
Inspection Compendium,,,failed,False,2026-08-18T22:02:46.582498+09:00
Inspection Confirmation,10.0,6.0,success,False,2026-08-21T00:58:57.845239+09:00
Inspection Console,,,failed,False,2026-08-17T20:36:21.712002+09:00
Inspection Core,,,failed,False,2026-08-17T20:46:01.536512+09:00
Inspection Cost,880.0,18.0,success,False,2026-08-21T02:06:07.596179+09:00
Inspection Count,,,failed,False,2026-08-27T22:45:10.355251+09:00
Inspection Counter,,,failed,False,2026-08-18T23:57:00.632523+09:00
Inspection Coupon,140.0,68.0,success,False,2026-08-27T21:13:01.722363+09:00
Inspection Dashboard,90.0,6.0,success,False,2026-08-17T23:04:07.422993+09:00
Inspection Deal,,,failed,False,2026-08-21T01:51:32.906314+09:00
Inspection Debt,,,failed,False,2026-08-21T02:21:44.938268+09:00
Inspection Deck,1000.0,16.0,success,False,2026-08-17T20:43:18.551816+09:00
Inspection Depot,390.0,3.0,success,False,2026-08-18T23:58:25.855676+09:00
Inspection Desk,50.0,62.0,success,False,2026-08-17T20:41:13.511022+09:00
Inspection Detail,,,failed,False,2026-08-23T03:15:51.596433+09:00
Inspection Detector,,,failed,False,2026-08-27T23:52:08.286767+09:00
Inspection Dial,,,failed,False,2026-08-17T20:34:31.529799+09:00
Inspection Digest,,,failed,False,2026-08-19T20:39:21.250222+09:00
Inspection Directory,,,failed,False,2026-08-18T23:57:56.092399+09:00
Inspection Discount,40.0,39.0,success,False,2026-08-23T16:11:06.629164+09:00
Inspection Dock,,,failed,False,2026-08-18T07:43:23.332018+09:00
Inspection Dossier,,,failed,False,2026-08-21T00:59:01.913298+09:00
Inspection Draft,,,failed,False,2026-08-19T20:39:37.927726+09:00
Inspection Due,320.0,1.0,success,False,2026-08-23T15:50:51.928952+09:00
Inspection Duty,110.0,0.0,success,False,2026-08-21T02:38:06.910707+09:00
Inspection Engine,40.0,3.0,success,False,2026-08-17T22:48:03.176041+09:00
Inspection Entry,,,failed,False,2026-08-21T00:59:17.321844+09:00
Inspection Estimate,,,failed,False,2026-08-19T21:10:44.368255+09:00
Inspection Estimator,,,failed,False,2026-08-27T23:52:02.296949+09:00
Inspection Excerpt,,,failed,False,2026-08-21T00:59:12.932532+09:00
Inspection Extension,50.0,1.0,success,False,2026-08-23T16:37:08.695688+09:00
Inspection Fare,,,failed,False,2026-08-21T02:06:22.333595+09:00
Inspection Fee,880.0,2.0,success,False,2026-08-21T01:51:12.065747+09:00
Inspection Feed,,,failed,False,2026-08-19T20:39:30.002249+09:00
Inspection File,140.0,1.0,success,False,2026-08-19T20:38:42.409315+09:00
Inspection Finder,,,failed,False,2026-08-18T23:58:17.460804+09:00
Inspection Fine,20.0,2.0,success,False,2026-08-23T02:52:46.674301+09:00
Inspection Flag,,,failed,False,2026-08-21T00:25:13.031282+09:00
Inspection Flow,140.0,3.0,success,False,2026-08-17T20:43:48.259554+09:00
Inspection Forge,,,failed,False,2026-08-17T20:35:55.625501+09:00
Inspection Form,1600.0,24.0,success,False,2026-08-19T13:21:11.802983+09:00
Inspection Frame,20.0,25.0,success,False,2026-08-17T20:48:29.594833+09:00
Inspection Fund,,,failed,False,2026-08-21T02:21:48.463008+09:00
Inspection Gate,50.0,3.0,success,False,2026-08-17T21:34:34.023181+09:00
Inspection Generator,,,failed,False,2026-08-27T23:32:47.063702+09:00
Inspection Giveaway,,,failed,False,2026-08-27T21:13:15.493972+09:00
Inspection Grade,,,failed,False,2026-08-21T00:24:54.126348+09:00
Inspection Graph,,,failed,False,2026-08-27T22:07:09.283408+09:00
Inspection Grid,10.0,58.0,success,False,2026-08-18T07:43:33.708043+09:00
Inspection Guarantee,,,failed,False,2026-08-28T01:02:19.302633+09:00
Inspection Guard,,,failed,False,2026-08-17T20:46:29.220439+09:00
Inspection Guardian,,,failed,False,2026-08-28T00:22:21.008845+09:00
Inspection Guidebook,,,failed,False,2026-08-18T22:03:00.985111+09:00
Inspection Helpdesk,,,failed,False,2026-08-27T22:45:10.355251+09:00
Inspection Helper,20.0,3.0,success,False,2026-08-28T00:20:56.154840+09:00
Inspection History,590.0,2.0,success,False,2026-08-19T20:38:33.715363+09:00
Inspection Hotline,,,failed,False,2026-08-19T21:11:09.453565+09:00
Inspection Hub,210.0,11.0,success,False,2026-08-17T20:42:50.595044+09:00
Inspection Identifier,,,failed,False,2026-08-23T13:05:04.506045+09:00
Inspection Incentive,,,failed,False,2026-08-27T21:13:15.493972+09:00
Inspection Index,,,failed,False,2026-08-19T21:10:13.375829+09:00
Inspection Insight,,,failed,False,2026-08-17T22:48:05.376281+09:00
Inspection Installment,,,failed,False,2026-08-23T16:11:08.956491+09:00
Inspection Item,170.0,0.0,success,False,2026-08-21T01:51:15.763734+09:00
Inspection Journal,20.0,2.0,success,False,2026-08-18T22:02:42.227147+09:00
Inspection Keeper,,,failed,False,2026-08-17T21:30:13.279777+09:00
Inspection Kit,170.0,52.0,success,False,2026-08-27T22:45:00.824166+09:00
Inspection Lab,390.0,6.0,success,False,2026-08-17T20:41:41.231730+09:00
Inspection Label,480.0,69.0,success,False,2026-08-27T22:07:14.755817+09:00
Inspection Ledger,10.0,0.0,success,False,2026-08-17T20:45:14.001779+09:00
Inspection Lens,110.0,65.0,success,False,2026-08-17T21:30:45.538595+09:00
Inspection Level,390.0,4.0,success,False,2026-08-19T20:38:53.768635+09:00
Inspection Levy,,,failed,False,2026-08-23T13:45:43.063828+09:00
Inspection Link,480.0,2.0,success,False,2026-08-23T03:15:41.007114+09:00
Inspection List,260.0,6.0,success,False,2026-08-19T21:48:48.534569+09:00
Inspection Loan,,,failed,False,2026-08-21T02:06:32.230213+09:00
Inspection Locator,,,failed,False,2026-08-18T23:58:04.745440+09:00
Inspection Lock,,,failed,False,2026-08-17T21:33:05.832312+09:00
Inspection Log,170.0,39.0,success,False,2026-08-19T13:20:57.045829+09:00
Inspection Loop,40.0,77.0,success,False,2026-08-18T07:43:33.708043+09:00
Inspection Manager,6600.0,8.0,success,False,2026-08-17T20:47:53.457764+09:00
Inspection Manual,480.0,1.0,success,False,2026-08-27T22:07:17.176446+09:00
Inspection Map,90.0,0.0,success,False,2026-08-17T21:31:54.606698+09:00
Inspection Markup,,,failed,False,2026-08-23T16:37:04.042408+09:00
Inspection Memo,50.0,0.0,success,False,2026-08-21T00:24:59.301324+09:00
Inspection Message,10.0,0.0,success,False,2026-08-27T23:10:34.837044+09:00
Inspection Meter,,,failed,False,2026-08-17T20:33:36.115262+09:00
Inspection Metrics,,,failed,False,2026-08-17T23:04:15.040980+09:00
Inspection Monitor,30.0,7.0,success,False,2026-08-17T23:04:46.904606+09:00
Inspection Navigator,10.0,0.0,success,False,2026-08-17T23:03:39.400104+09:00
Inspection Nexus,,,failed,False,2026-08-17T21:33:32.175377+09:00
Inspection Node,,,failed,False,2026-08-17T21:35:41.309233+09:00
Inspection Note,170.0,5.0,success,False,2026-08-19T13:23:14.484254+09:00
Inspection Notification,50.0,0.0,success,False,2026-08-27T22:45:00.824166+09:00
Inspection Number,140.0,10.0,success,False,2026-08-23T03:15:35.333103+09:00
Inspection Office,480.0,6.0,success,False,2026-08-18T23:58:35.248777+09:00
Inspection Ops,20.0,8.0,success,False,2026-08-17T23:05:57.160852+09:00
Inspection Order,90.0,5.0,success,False,2026-08-19T21:47:49.967174+09:00
Inspection Organizer,,,failed,False,2026-08-17T23:04:59.397693+09:00
Inspection Overdue,20.0,0.0,success,False,2026-08-27T21:46:01.626926+09:00
Inspection Panel,720.0,84.0,success,False,2026-08-17T20:35:22.813816+09:00
Inspection Pass,720.0,5.0,success,False,2026-08-21T00:25:10.675439+09:00
Inspection Path,20.0,0.0,success,False,2026-08-17T21:35:08.893531+09:00
Inspection Penalty,,,failed,False,2026-08-23T16:37:04.042408+09:00
Inspection Petition,,,failed,False,2026-08-21T00:58:52.318728+09:00
Inspection Pilot,,,failed,False,2026-08-17T20:42:02.791525+09:00
Inspection Plan,480.0,4.0,success,False,2026-08-21T01:51:26.021065+09:00
Inspection Planner,480.0,4.0,success,False,2026-08-17T23:07:59.739195+09:00
Inspection Playbook,,,failed,False,2026-08-18T22:02:30.753417+09:00
Inspection Point,1600.0,38.0,success,False,2026-08-17T21:34:03.414909+09:00
Inspection Portal,720.0,0.0,success,False,2026-08-17T20:37:19.032635+09:00
Inspection Preview,,,failed,False,2026-08-28T01:02:13.095205+09:00
Inspection Profile,40.0,0.0,success,False,2026-08-19T13:23:44.398972+09:00
Inspection Profit,,,failed,False,2026-08-23T02:52:33.355566+09:00
Inspection Proposal,,,failed,False,2026-08-28T01:02:16.682385+09:00
Inspection Pulse,,,failed,False,2026-08-18T07:43:35.299259+09:00
Inspection Queue,20.0,1.0,success,False,2026-08-19T21:10:33.360879+09:00
Inspection Quota,,,failed,False,2026-08-21T00:25:07.096192+09:00
Inspection Radar,,,failed,False,2026-08-17T20:40:29.235539+09:00
Inspection Rail,,,failed,False,2026-08-17T20:31:29.603433+09:00
Inspection Rate,40.0,5.0,success,False,2026-08-19T20:39:03.354865+09:00
Inspection Recap,,,failed,False,2026-08-21T01:00:08.450743+09:00
Inspection Receipt,210.0,9.0,success,False,2026-08-19T21:48:19.671606+09:00
Inspection Recorder,,,failed,False,2026-08-27T23:32:47.063702+09:00
Inspection Register,720.0,13.0,success,False,2026-08-17T23:05:51.247207+09:00
Inspection Registry,,,failed,False,2026-08-18T22:03:11.971226+09:00
Inspection Relay,,,failed,False,2026-08-17T20:39:36.069990+09:00
Inspection Reminder,10.0,0.0,success,False,2026-08-19T21:09:46.410901+09:00
Inspection Report,8100.0,3.0,success,False,2026-08-19T13:22:09.591180+09:00
Inspection Repository,,,failed,False,2026-08-27T23:10:42.851763+09:00
Inspection Result,390.0,0.0,success,False,2026-08-28T00:45:46.736783+09:00
Inspection Roadmap,,,failed,False,2026-08-18T22:03:07.731550+09:00
Inspection Roster,,,failed,False,2026-08-19T00:36:40.628841+09:00
Inspection Route,720.0,1.0,success,False,2026-08-18T07:43:33.708043+09:00
Inspection Rule,50.0,0.0,success,False,2026-08-23T03:15:49.113628+09:00
Inspection Sale,,,failed,False,2026-08-21T02:21:59.749711+09:00
Inspection Sample,320.0,1.0,success,False,2026-08-19T21:45:53.420711+09:00
Inspection Scale,260.0,2.0,success,False,2026-08-17T20:32:30.733040+09:00
Inspection Scanner,70.0,50.0,success,False,2026-08-27T23:52:05.723363+09:00
Inspection Scheduler,1000.0,5.0,success,False,2026-08-17T22:50:36.545244+09:00
Inspection Scope,390.0,100.0,success,False,2026-08-17T20:32:03.329355+09:00
Inspection Score,50.0,0.0,success,False,2026-08-19T13:23:03.025983+09:00
Inspection Sentry,,,failed,False,2026-08-17T21:31:19.415531+09:00
Inspection Sheet,720.0,56.0,success,False,2026-08-19T13:22:01.413587+09:00
Inspection Signal,,,failed,False,2026-08-17T20:31:55.017364+09:00
Inspection Slip,40.0,2.0,success,False,2026-08-19T21:49:23.695269+09:00
Inspection Slot,,,failed,False,2026-08-19T21:45:53.420711+09:00
Inspection Snapshot,,,failed,False,2026-08-18T22:02:52.692456+09:00
Inspection Stage,70.0,4.0,success,False,2026-08-28T00:45:46.736783+09:00
Inspection Stake,,,failed,False,2026-08-23T02:52:37.533661+09:00
Inspection Stamp,480.0,100.0,success,False,2026-08-23T13:26:17.496993+09:00
Inspection Statement,10.0,0.0,success,False,2026-08-21T00:24:39.947545+09:00
Inspection Station,8100.0,13.0,success,False,2026-08-17T20:40:51.053535+09:00
Inspection Status,480.0,1.0,success,False,2026-08-19T20:38:12.818207+09:00
Inspection Stipend,,,failed,False,2026-08-23T13:45:43.063828+09:00
Inspection Stub,,,failed,False,2026-08-21T00:24:54.126348+09:00
Inspection Studio,,,failed,False,2026-08-17T20:42:22.378966+09:00
Inspection Subsidy,,,failed,False,2026-08-23T15:50:54.236884+09:00
Inspection Suite,,,failed,False,2026-08-17T23:06:14.261884+09:00
Inspection Sum,,,failed,False,2026-08-21T02:21:38.988991+09:00
Inspection Summary,50.0,3.0,success,False,2026-08-19T21:09:24.314607+09:00
Inspection Surtax,,,failed,False,2026-08-23T15:50:12.078414+09:00
Inspection Sync,,,failed,False,2026-08-17T20:44:33.462366+09:00
Inspection Tab,,,failed,False,2026-08-21T00:25:21.406032+09:00
Inspection Table,880.0,100.0,success,False,2026-08-19T21:49:01.029648+09:00
Inspection Tag,1900.0,98.0,success,False,2026-08-19T13:23:25.617100+09:00
Inspection Tally,,,failed,False,2026-08-21T00:24:46.055669+09:00
Inspection Tariff,,,failed,False,2026-08-21T02:36:41.492996+09:00
Inspection Tax,10.0,0.0,success,False,2026-08-21T02:06:27.364500+09:00
Inspection Ticket,320.0,2.0,success,False,2026-08-19T21:10:24.800768+09:00
Inspection Timeline,10.0,0.0,success,False,2026-08-19T21:09:34.510109+09:00
Inspection Timer,590.0,8.0,success,False,2026-08-28T00:22:18.393624+09:00
Inspection Token,,,failed,False,2026-08-23T13:26:15.190614+09:00
Inspection Toll,,,failed,False,2026-08-21T02:36:33.361411+09:00
Inspection Toolbox,10.0,0.0,success,False,2026-08-28T00:22:23.551401+09:00
Inspection Toolkit,320.0,5.0,success,False,2026-08-18T22:05:42.226060+09:00
Inspection Total,,,failed,False,2026-08-27T23:10:37.523000+09:00
Inspection Tracker,90.0,17.0,success,False,2026-08-17T20:45:35.834234+09:00
Inspection Trail,,,failed,False,2026-08-18T07:43:25.661274+09:00
Inspection Trend,,,failed,False,2026-08-28T01:02:10.416954+09:00
Inspection Trial,,,failed,False,2026-08-27T21:13:10.326383+09:00
Inspection Unit,70.0,4.0,success,False,2026-08-21T01:51:22.429358+09:00
Inspection Update,20.0,0.0,success,False,2026-08-19T20:39:09.333161+09:00
Inspection Value,10.0,0.0,success,False,2026-08-23T02:52:35.436753+09:00
Inspection Vault,,,failed,False,2026-08-17T20:38:41.975413+09:00
Inspection Version,,,failed,False,2026-08-23T03:15:38.644159+09:00
Inspection View,,,failed,False,2026-08-19T20:38:24.406986+09:00
Inspection Voucher,,,failed,False,2026-08-21T00:24:39.947545+09:00
Inspection Watch,,,failed,False,2026-08-18T07:43:31.933030+09:00
Inspection Wave,,,failed,False,2026-08-18T07:43:23.332018+09:00
Inspection Widget,,,failed,False,2026-08-27T23:10:40.131699+09:00
Inspection Workbench,30.0,71.0,success,False,2026-08-18T22:05:32.001911+09:00
Inspection Worksheet,10.0,9.0,success,False,2026-08-27T22:07:17.176446+09:00
Inspection Workshop,,,failed,False,2026-08-28T00:22:21.008845+09:00
Inspection Zone,70.0,0.0,success,False,2026-08-17T20:38:14.865229+09:00
Insulation Advance,,,failed,False,2026-08-23T16:15:25.443589+09:00
Insulation Advisory,,,failed,False,2026-08-21T01:07:21.862187+09:00
Insulation Allowance,10.0,20.0,success,False,2026-08-21T02:38:06.910707+09:00
Insulation Almanac,,,failed,False,2026-08-18T22:06:39.446315+09:00
Insulation Analyzer,10.0,60.0,success,False,2026-08-27T23:59:32.969820+09:00
Insulation Anchor,880.0,86.0,success,False,2026-08-18T22:09:13.055997+09:00
Insulation Arrears,,,failed,False,2026-08-23T16:15:25.443589+09:00
Insulation Asset,,,failed,False,2026-08-23T13:47:13.508679+09:00
Insulation Assistant,10.0,0.0,success,False,2026-08-18T22:03:00.985111+09:00
Insulation Atlas,,,failed,False,2026-08-18T23:51:14.808282+09:00
Insulation Attribute,,,failed,False,2026-08-23T13:06:49.264367+09:00
Insulation Badge,,,failed,False,2026-08-21T00:33:03.712506+09:00
Insulation Base,20.0,39.0,success,False,2026-08-18T22:11:03.707718+09:00
Insulation Beacon,,,failed,False,2026-08-18T22:08:38.388583+09:00
Insulation Bill,,,failed,False,2026-08-19T21:52:35.745180+09:00
Insulation Blueprint,,,failed,False,2026-08-18T22:06:27.903433+09:00
Insulation Board,49500.0,100.0,success,False,2026-08-18T22:11:30.674698+09:00
Insulation Book,50.0,22.0,success,False,2026-08-19T21:53:40.177257+09:00
Insulation Bridge,,,failed,False,2026-08-18T22:09:05.854990+09:00
Insulation Brief,,,failed,False,2026-08-21T01:07:11.720033+09:00
Insulation Bulletin,,,failed,False,2026-08-21T01:07:07.368570+09:00
Insulation Cabinet,390.0,99.0,success,False,2026-08-27T23:16:13.930951+09:00
Insulation Calculator,6600.0,6.0,success,False,2026-08-27T23:36:57.640483+09:00
Insulation Calendar,,,failed,False,2026-08-19T00:03:31.307926+09:00
Insulation Card,30.0,4.0,success,False,2026-08-19T13:31:47.223941+09:00
Insulation Cascade,,,failed,False,2026-08-18T22:08:57.073323+09:00
Insulation Cash,,,failed,False,2026-08-21T02:21:19.910090+09:00
Insulation Cashback,10.0,,success,False,2026-08-27T21:18:01.606713+09:00
Insulation Catalog,10.0,7.0,success,False,2026-08-19T21:07:25.102552+09:00
Insulation Category,20.0,1.0,success,False,2026-08-23T13:06:47.092391+09:00
Insulation Center,10.0,27.0,success,False,2026-08-18T22:12:19.566532+09:00
Insulation Chain,,,failed,False,2026-08-18T23:51:18.948954+09:00
Insulation Charge,210.0,0.0,success,False,2026-08-21T02:37:53.787359+09:00
Insulation Check,170.0,25.0,success,False,2026-08-19T13:32:04.589089+09:00
Insulation Checker,50.0,63.0,success,False,2026-08-27T23:59:26.259431+09:00
Insulation Checklist,30.0,0.0,success,False,2026-08-19T21:06:33.819352+09:00
Insulation Circular,,,failed,False,2026-08-21T01:07:17.420617+09:00
Insulation Cockpit,,,failed,False,2026-08-18T22:04:27.693577+09:00
Insulation Code,210.0,3.0,success,False,2026-08-19T21:53:00.908408+09:00
Insulation Codex,,,failed,False,2026-08-18T22:06:56.515623+09:00
Insulation Companion,,,failed,False,2026-08-18T22:04:58.367673+09:00
Insulation Compass,,,failed,False,2026-08-18T22:08:32.701996+09:00
Insulation Compendium,,,failed,False,2026-08-18T22:06:47.457116+09:00
Insulation Confirmation,,,failed,False,2026-08-21T01:07:31.229292+09:00
Insulation Console,,,failed,False,2026-08-18T23:51:18.948954+09:00
Insulation Contribution,,,failed,False,2026-08-23T16:15:22.615283+09:00
Insulation Converter,10.0,,success,False,2026-08-27T23:36:57.640483+09:00
Insulation Core,50.0,5.0,success,False,2026-08-18T22:11:11.945944+09:00
Insulation Cost,3600.0,95.0,success,False,2026-08-21T02:14:50.093035+09:00
Insulation Count,,,failed,False,2026-08-27T22:50:47.949618+09:00
Insulation Counter,,,failed,False,2026-08-19T00:04:20.197700+09:00
Insulation Coupon,10.0,38.0,success,False,2026-08-27T21:17:59.409089+09:00
Insulation Dashboard,,,failed,False,2026-08-18T22:04:38.583463+09:00
Insulation Deal,110.0,100.0,success,False,2026-08-21T01:59:06.761411+09:00
Insulation Debt,,,failed,False,2026-08-21T02:21:11.057858+09:00
Insulation Deck,,,failed,False,2026-08-18T22:11:39.333366+09:00
Insulation Depot,210.0,73.0,success,False,2026-08-19T00:04:03.544716+09:00
Insulation Desk,,,failed,False,2026-08-18T22:08:00.506560+09:00
Insulation Detail,140.0,2.0,success,False,2026-08-23T03:17:54.192615+09:00
Insulation Detector,50.0,100.0,success,False,2026-08-27T23:59:32.969820+09:00
Insulation Diagram,1000.0,0.0,success,True,2026-08-27T22:13:43.125947+09:00
Insulation Dial,,,failed,False,2026-08-18T23:51:18.948954+09:00
Insulation Digest,,,failed,False,2026-08-19T20:48:35.358478+09:00
Insulation Directory,10.0,0.0,success,False,2026-08-19T00:03:41.244683+09:00
Insulation Discount,50.0,80.0,success,False,2026-08-23T16:15:17.461758+09:00
Insulation Dock,,,failed,False,2026-08-18T23:51:18.948954+09:00
Insulation Dossier,,,failed,False,2026-08-21T01:07:33.646226+09:00
Insulation Downpayment,,,failed,False,2026-08-27T21:49:18.001663+09:00
Insulation Draft,,,failed,False,2026-08-19T20:48:43.191337+09:00
Insulation Due,,,failed,False,2026-08-23T15:52:07.033808+09:00
Insulation Duty,,,failed,False,2026-08-21T02:37:55.962761+09:00
Insulation Engine,,,failed,False,2026-08-18T22:02:50.623197+09:00
Insulation Entry,,,failed,False,2026-08-21T01:07:45.419245+09:00
Insulation Estimate,110.0,68.0,success,False,2026-08-19T21:07:13.159437+09:00
Insulation Estimator,6600.0,6.0,success,False,2026-08-27T23:59:26.259431+09:00
Insulation Excerpt,,,failed,False,2026-08-21T01:07:43.373010+09:00
Insulation Fare,,,failed,False,2026-08-21T02:15:06.129671+09:00
Insulation Fee,20.0,15.0,success,False,2026-08-21T01:58:46.875681+09:00
Insulation Feed,,,failed,False,2026-08-19T20:48:40.120494+09:00
Insulation Field,,,failed,False,2026-08-23T13:06:54.038616+09:00
Insulation File,20.0,48.0,success,False,2026-08-19T20:48:06.706582+09:00
Insulation Finder,,,failed,False,2026-08-19T00:03:57.643433+09:00
Insulation Fine,10.0,0.0,success,False,2026-08-23T02:53:47.851129+09:00
Insulation Flag,,,failed,False,2026-08-21T00:33:46.093002+09:00
Insulation Flow,,,failed,False,2026-08-18T22:07:38.070107+09:00
Insulation Forge,,,failed,False,2026-08-18T22:08:48.035720+09:00
Insulation Form,480.0,98.0,success,False,2026-08-19T13:31:41.202916+09:00
Insulation Format,,,failed,False,2026-08-23T13:06:56.024749+09:00
Insulation Frame,40.0,52.0,success,False,2026-08-18T22:10:58.146959+09:00
Insulation Fund,50.0,15.0,success,False,2026-08-21T02:21:14.623269+09:00
Insulation Gate,,,failed,False,2026-08-18T23:51:18.948954+09:00
Insulation Giveaway,,,failed,False,2026-08-27T21:18:10.943632+09:00
Insulation Grade,,,failed,False,2026-08-21T00:33:25.139045+09:00
Insulation Graph,90.0,0.0,success,False,2026-08-27T22:13:33.756180+09:00
Insulation Grid,,,failed,False,2026-08-18T22:09:54.168922+09:00
Insulation Guarantee,,,failed,False,2026-08-28T01:02:10.416954+09:00
Insulation Guard,260.0,38.0,success,False,2026-08-18T22:07:12.146632+09:00
Insulation Guardian,,,failed,False,2026-08-28T00:21:02.971988+09:00
Insulation Guidebook,,,failed,False,2026-08-18T22:06:09.670880+09:00
Insulation Helpdesk,,,failed,False,2026-08-27T22:50:47.949618+09:00
Insulation Helper,170.0,7.0,success,False,2026-08-28T00:21:06.843571+09:00
Insulation History,20.0,0.0,success,False,2026-08-19T20:47:58.897100+09:00
Insulation Hotline,10.0,,success,False,2026-08-19T21:07:34.937888+09:00
Insulation Hub,260.0,70.0,success,False,2026-08-18T22:07:45.209206+09:00
Insulation Identifier,,,failed,False,2026-08-23T13:06:44.617990+09:00
Insulation Incentive,30.0,53.0,success,False,2026-08-27T21:18:05.577940+09:00
Insulation Index,10.0,0.0,success,False,2026-08-19T21:06:41.039569+09:00
Insulation Insight,,,failed,False,2026-08-18T22:04:05.188286+09:00
Insulation Installment,20.0,55.0,success,False,2026-08-23T16:15:20.225326+09:00
Insulation Item,,,failed,False,2026-08-21T01:58:55.002196+09:00
Insulation Journal,10.0,0.0,success,False,2026-08-18T22:05:52.087342+09:00
Insulation Keeper,,,failed,False,2026-08-18T23:51:18.948954+09:00
Insulation Kit,1300.0,64.0,success,False,2026-08-27T22:50:43.878395+09:00
Insulation Lab,40.0,55.0,success,False,2026-08-18T22:11:56.316205+09:00
Insulation Label,10.0,2.0,success,False,2026-08-27T22:13:36.218618+09:00
Insulation Layout,390.0,0.0,success,False,2026-08-27T22:29:26.032496+09:00
Insulation Ledger,,,failed,False,2026-08-18T22:11:21.547380+09:00
Insulation Lens,,,failed,False,2026-08-18T22:10:48.955418+09:00
Insulation Level,480.0,5.0,success,False,2026-08-19T20:48:12.973996+09:00
Insulation Link,,,failed,False,2026-08-23T03:17:44.508741+09:00
Insulation List,480.0,0.0,success,False,2026-08-19T21:53:16.228732+09:00
Insulation Loan,20.0,38.0,success,False,2026-08-21T02:15:15.095648+09:00
Insulation Locator,,,failed,False,2026-08-19T00:03:46.728628+09:00
Insulation Lock,70.0,43.0,success,False,2026-08-18T22:10:32.480742+09:00
Insulation Log,,,failed,False,2026-08-19T13:31:24.471816+09:00
Insulation Loop,20.0,0.0,success,False,2026-08-18T22:09:44.783040+09:00
Insulation Manager,20.0,0.0,success,False,2026-08-18T22:02:30.753417+09:00
Insulation Manual,20.0,0.0,success,False,2026-08-27T22:13:36.218618+09:00
Insulation Map,70.0,4.0,success,False,2026-08-18T22:10:38.085042+09:00
Insulation Margin,,,failed,False,2026-08-23T02:53:45.297778+09:00
Insulation Markup,,,failed,False,2026-08-23T16:39:30.994856+09:00
Insulation Memo,,,failed,False,2026-08-21T00:33:32.477901+09:00
Insulation Meter,720.0,100.0,success,False,2026-08-18T23:51:18.948954+09:00
Insulation Metrics,,,failed,False,2026-08-18T22:04:18.397619+09:00
Insulation Monitor,1300.0,65.0,success,False,2026-08-18T22:03:55.697842+09:00
Insulation Navigator,,,failed,False,2026-08-18T22:04:47.341629+09:00
Insulation Nexus,,,failed,False,2026-08-18T23:51:18.948954+09:00
Insulation Node,,,failed,False,2026-08-18T23:51:18.948954+09:00
Insulation Note,,,failed,False,2026-08-19T13:32:23.096151+09:00
Insulation Notification,,,failed,False,2026-08-27T22:50:39.556744+09:00
Insulation Number,70.0,9.0,success,False,2026-08-23T03:17:34.613762+09:00
Insulation Office,,,failed,False,2026-08-19T00:04:14.172620+09:00
Insulation Ops,,,failed,False,2026-08-18T22:05:17.781482+09:00
Insulation Order,,,failed,False,2026-08-19T21:52:24.100892+09:00
Insulation Organizer,,,failed,False,2026-08-18T22:03:44.456415+09:00
Insulation Overage,,,failed,False,2026-08-27T21:49:15.770523+09:00
Insulation Overdue,,,failed,False,2026-08-27T21:49:11.230615+09:00
Insulation Panel,14800.0,100.0,success,False,2026-08-18T23:51:18.948954+09:00
Insulation Path,,,failed,False,2026-08-18T22:10:16.418477+09:00
Insulation Payoff,,,failed,False,2026-08-27T21:49:13.443578+09:00
Insulation Petition,,,failed,False,2026-08-21T01:07:26.518810+09:00
Insulation Pilot,,,failed,False,2026-08-18T22:07:53.653114+09:00
Insulation Plan,50.0,3.0,success,False,2026-08-21T01:59:00.317369+09:00
Insulation Planner,,,failed,False,2026-08-18T22:03:11.971226+09:00
Insulation Playbook,,,failed,False,2026-08-18T22:05:44.090365+09:00
Insulation Point,110.0,46.0,success,False,2026-08-18T22:10:22.903886+09:00
Insulation Portal,10.0,7.0,success,False,2026-08-18T23:51:18.948954+09:00
Insulation Profile,20.0,28.0,success,False,2026-08-19T13:32:42.417252+09:00
Insulation Profit,,,failed,False,2026-08-23T02:53:36.421361+09:00
Insulation Proposal,,,failed,False,2026-08-28T01:02:10.416954+09:00
Insulation Pulse,,,failed,False,2026-08-18T22:10:00.373367+09:00
Insulation Queue,,,failed,False,2026-08-19T21:07:02.698289+09:00
Insulation Quota,,,failed,False,2026-08-21T00:33:37.107629+09:00
Insulation Radar,,,failed,False,2026-08-18T22:08:09.141836+09:00
Insulation Rail,,,failed,False,2026-08-18T23:51:18.948954+09:00
Insulation Rate,1300.0,19.0,success,False,2026-08-19T20:48:23.205403+09:00
Insulation Recap,,,failed,False,2026-08-21T01:07:39.342209+09:00
Insulation Receipt,,,failed,False,2026-08-19T21:52:48.982891+09:00
Insulation Register,20.0,5.0,success,False,2026-08-18T22:05:08.323728+09:00
Insulation Registry,20.0,5.0,success,False,2026-08-18T22:06:18.385841+09:00
Insulation Relay,20.0,94.0,success,False,2026-08-18T22:08:17.707470+09:00
Insulation Reminder,,,failed,False,2026-08-19T21:06:23.756396+09:00
Insulation Report,50.0,6.0,success,False,2026-08-19T13:31:08.046594+09:00
Insulation Result,,,failed,False,2026-08-28T00:45:46.736783+09:00
Insulation Ring,590.0,17.0,success,False,2026-08-18T23:51:18.948954+09:00
Insulation Roadmap,,,failed,False,2026-08-18T22:07:03.148226+09:00
Insulation Roster,,,failed,False,2026-08-19T00:37:55.750406+09:00
Insulation Route,,,failed,False,2026-08-18T23:51:18.948954+09:00
Insulation Rule,10.0,3.0,success,False,2026-08-23T03:17:46.671515+09:00
Insulation Sale,480.0,100.0,success,False,2026-08-21T02:21:23.135425+09:00
Insulation Sample,40.0,65.0,success,False,2026-08-19T21:54:03.410939+09:00
Insulation Scale,20.0,1.0,success,False,2026-08-18T23:51:18.948954+09:00
Insulation Scanner,,,failed,False,2026-08-27T23:59:30.142774+09:00
Insulation Scheduler,,,failed,False,2026-08-18T22:03:23.896977+09:00
Insulation Scope,,,failed,False,2026-08-18T22:09:35.906732+09:00
Insulation Score,40.0,0.0,success,False,2026-08-19T13:32:13.743565+09:00
Insulation Sentry,,,failed,False,2026-08-18T23:51:18.948954+09:00
Insulation Sheet,14800.0,100.0,success,False,2026-08-19T13:31:59.823844+09:00
Insulation Shortfall,,,failed,False,2026-08-27T21:49:20.358831+09:00
Insulation Signal,,,failed,False,2026-08-18T22:09:21.781956+09:00
Insulation Slip,30.0,6.0,success,False,2026-08-19T21:53:52.421179+09:00
Insulation Slot,30.0,0.0,success,False,2026-08-19T21:54:13.234763+09:00
Insulation Snapshot,,,failed,False,2026-08-18T22:06:01.196080+09:00
Insulation Stage,,,failed,False,2026-08-28T00:45:46.736783+09:00
Insulation Stake,,,failed,False,2026-08-23T02:53:42.896171+09:00
Insulation Statement,10.0,2.0,success,False,2026-08-21T00:33:12.400590+09:00
Insulation Station,140.0,7.0,success,False,2026-08-18T22:12:04.159201+09:00
Insulation Status,,,failed,False,2026-08-19T20:47:48.078194+09:00
Insulation Stub,,,failed,False,2026-08-21T00:33:08.035106+09:00
Insulation Studio,70.0,100.0,success,False,2026-08-18T22:11:45.045166+09:00
Insulation Subsidy,140.0,59.0,success,False,2026-08-23T15:52:10.396341+09:00
Insulation Suite,,,failed,False,2026-08-18T22:02:40.368007+09:00
Insulation Sum,,,failed,False,2026-08-21T02:21:06.391588+09:00
Insulation Summary,,,failed,False,2026-08-19T21:06:00.178861+09:00
Insulation Sync,,,failed,False,2026-08-18T22:07:28.261653+09:00
Insulation Tab,210.0,18.0,success,False,2026-08-21T00:33:50.963808+09:00
Insulation Table,140.0,8.0,success,False,2026-08-19T21:53:27.023606+09:00
Insulation Tag,,,failed,False,2026-08-19T13:32:31.593655+09:00
Insulation Tally,,,failed,False,2026-08-21T00:33:17.387160+09:00
Insulation Tariff,,,failed,False,2026-08-21T02:38:09.773029+09:00
Insulation Tax,20.0,0.0,success,False,2026-08-21T02:15:10.297403+09:00
Insulation Terminal,880.0,100.0,success,False,2026-08-18T22:12:13.672404+09:00
Insulation Ticket,10.0,0.0,success,False,2026-08-19T21:06:51.339410+09:00
Insulation Tier,,,failed,False,2026-08-28T00:45:49.582364+09:00
Insulation Timeline,,,failed,False,2026-08-19T21:06:11.173737+09:00
Insulation Toll,,,failed,False,2026-08-21T02:38:04.709344+09:00
Insulation Toolbox,,,failed,False,2026-08-28T00:21:02.971988+09:00
Insulation Toolkit,,,failed,False,2026-08-18T22:05:35.647018+09:00
Insulation Total,,,failed,False,2026-08-27T23:16:11.688627+09:00
Insulation Tracker,,,failed,False,2026-08-18T22:07:21.490302+09:00
Insulation Trail,,,failed,False,2026-08-18T23:51:18.948954+09:00
Insulation Trial,,,failed,False,2026-08-27T21:18:05.577940+09:00
Insulation Unit,170.0,7.0,success,False,2026-08-21T01:58:57.371926+09:00
Insulation Update,10.0,0.0,success,False,2026-08-19T20:48:28.899410+09:00
Insulation Value,480.0,21.0,success,False,2026-08-23T02:53:39.940635+09:00
Insulation Vault,,,failed,False,2026-08-18T22:08:23.655372+09:00
Insulation Version,,,failed,False,2026-08-23T03:17:39.480043+09:00
Insulation View,,,failed,False,2026-08-19T20:47:55.040652+09:00
Insulation Voucher,10.0,52.0,success,False,2026-08-21T00:32:59.208813+09:00
Insulation Watch,,,failed,False,2026-08-18T22:09:30.106481+09:00
Insulation Wave,,,failed,False,2026-08-18T22:10:08.621452+09:00
Insulation Widget,,,failed,False,2026-08-27T23:16:13.930951+09:00
Insulation Workbench,,,failed,False,2026-08-18T22:05:25.774321+09:00
Insulation Worksheet,40.0,0.0,success,False,2026-08-27T22:13:39.158515+09:00
Insulation Workshop,70.0,1.0,success,False,2026-08-28T00:20:59.096636+09:00
Insulation Zone,90.0,1.0,success,False,2026-08-18T23:51:18.948954+09:00
Insurance Advance,2900.0,33.0,success,False,2026-08-23T16:11:52.886405+09:00
Insurance Advisory,390.0,16.0,success,False,2026-08-21T01:02:18.693445+09:00
Insurance Allowance,140.0,6.0,success,False,2026-08-21T02:42:06.283895+09:00
Insurance Almanac,10.0,86.0,success,False,2026-08-18T22:06:45.698700+09:00
Insurance Analyzer,10.0,35.0,success,False,2026-08-27T23:51:57.345982+09:00
Insurance Anchor,30.0,15.0,success,False,2026-08-17T21:37:42.380657+09:00
Insurance Announcement,10.0,0.0,success,False,2026-08-27T23:32:20.228429+09:00
Insurance Arrears,30.0,0.0,success,False,2026-08-23T16:11:49.502531+09:00
Insurance Asset,90.0,8.0,success,False,2026-08-23T13:45:24.772737+09:00
Insurance Assistant,480.0,16.0,success,False,2026-08-17T23:28:30.057187+09:00
Insurance Atlas,20.0,33.0,success,False,2026-08-17T20:44:58.380838+09:00
Insurance Attribute,,,failed,False,2026-08-23T13:08:53.842629+09:00
Insurance Badge,30.0,9.0,success,False,2026-08-21T00:25:43.310750+09:00
Insurance Balance,90.0,26.0,success,False,2026-08-23T13:45:20.654502+09:00
Insurance Base,170.0,1.0,success,False,2026-08-17T20:41:57.166662+09:00
Insurance Beacon,90.0,27.0,success,False,2026-08-18T07:43:38.150133+09:00
Insurance Bill,1900.0,10.0,success,False,2026-08-19T21:46:42.037661+09:00
Insurance Blueprint,,,failed,False,2026-08-18T22:06:37.464016+09:00
Insurance Board,1000.0,11.0,success,False,2026-08-17T20:39:28.862436+09:00
Insurance Book,1300.0,38.0,success,False,2026-08-19T21:47:49.967174+09:00
Insurance Bridge,40.0,11.0,success,False,2026-08-17T21:39:02.253193+09:00
Insurance Brief,10.0,12.0,success,False,2026-08-21T01:00:27.646290+09:00
Insurance Bulletin,30.0,0.0,success,False,2026-08-21T01:00:25.578415+09:00
Insurance Calculator,14800.0,61.0,success,False,2026-08-27T23:32:20.228429+09:00
Insurance Calendar,40.0,2.0,success,False,2026-08-18T23:57:35.193051+09:00
Insurance Card,14800.0,9.0,success,False,2026-08-19T13:21:55.310171+09:00
Insurance Cascade,,,failed,False,2026-08-17T21:41:12.952922+09:00
Insurance Cash,320.0,22.0,success,False,2026-08-21T02:26:10.275506+09:00
Insurance Cashback,210.0,35.0,success,False,2026-08-27T21:12:51.148194+09:00
Insurance Catalog,30.0,13.0,success,False,2026-08-19T21:11:27.369189+09:00
Insurance Category,1300.0,9.0,success,False,2026-08-23T13:08:51.704947+09:00
Insurance Center,1300.0,15.0,success,False,2026-08-17T20:33:56.397010+09:00
Insurance Chain,20.0,8.0,success,False,2026-08-17T21:31:44.399230+09:00
Insurance Charge,480.0,15.0,success,False,2026-08-21T02:41:56.534428+09:00
Insurance Check,201000.0,32.0,success,False,2026-08-19T13:22:59.111226+09:00
Insurance Checker,201000.0,32.0,success,False,2026-08-27T23:51:51.958622+09:00
Insurance Checklist,90.0,8.0,success,False,2026-08-19T21:10:33.360879+09:00
Insurance Circular,140.0,16.0,success,False,2026-08-21T01:02:16.623580+09:00
Insurance Cockpit,,,failed,False,2026-08-17T23:12:51.339052+09:00
Insurance Code,5400.0,4.0,success,False,2026-08-19T21:47:08.663103+09:00
Insurance Codex,,,failed,False,2026-08-18T22:07:03.148226+09:00
Insurance Companion,390.0,18.0,success,False,2026-08-17T23:29:58.873666+09:00
Insurance Compass,20.0,9.0,success,False,2026-08-17T20:32:14.147491+09:00
Insurance Compendium,,,failed,False,2026-08-18T22:06:54.214613+09:00
Insurance Confirmation,1300.0,3.0,success,False,2026-08-21T01:00:42.748785+09:00
Insurance Console,,,failed,False,2026-08-18T07:43:57.402622+09:00
Insurance Contribution,170.0,2.0,success,False,2026-08-23T16:11:49.502531+09:00
Insurance Copayment,4400.0,7.0,success,False,2026-08-23T16:37:01.033816+09:00
Insurance Core,1300.0,33.0,success,False,2026-08-17T20:41:07.425187+09:00
Insurance Cost,5400.0,11.0,success,False,2026-08-21T02:10:04.981055+09:00
Insurance Count,,,failed,False,2026-08-27T22:44:52.843533+09:00
Insurance Counter,40.0,16.0,success,False,2026-08-18T23:58:32.218218+09:00
Insurance Coupon,90.0,35.0,success,False,2026-08-27T21:12:46.088803+09:00
Insurance Dashboard,880.0,42.0,success,False,2026-08-17T23:29:41.239949+09:00
Insurance Deal,390.0,47.0,success,False,2026-08-21T01:53:51.077986+09:00
Insurance Debt,50.0,5.0,success,False,2026-08-21T02:26:02.985234+09:00
Insurance Deck,20.0,13.0,success,False,2026-08-17T20:38:35.163236+09:00
Insurance Depot,1000.0,38.0,success,False,2026-08-18T23:58:15.272323+09:00
Insurance Desk,1000.0,4.0,success,False,2026-08-17T20:36:14.881787+09:00
Insurance Detail,1600.0,25.0,success,False,2026-08-23T03:21:52.337489+09:00
Insurance Detector,,,failed,False,2026-08-27T23:51:54.683905+09:00
Insurance Dial,10.0,0.0,success,False,2026-08-17T21:39:40.995935+09:00
Insurance Digest,20.0,9.0,success,False,2026-08-19T20:40:40.887904+09:00
Insurance Directory,170.0,14.0,success,False,2026-08-18T23:57:42.935137+09:00
Insurance Discount,1000.0,22.0,success,False,2026-08-23T16:11:44.096297+09:00
Insurance Dock,,,failed,False,2026-08-17T21:35:00.218033+09:00
Insurance Dossier,,,failed,False,2026-08-21T01:00:48.316316+09:00
Insurance Downpayment,,,failed,False,2026-08-27T21:45:59.200970+09:00
Insurance Draft,30.0,4.0,success,False,2026-08-19T20:41:00.818648+09:00
Insurance Due,70.0,18.0,success,False,2026-08-23T15:50:26.316180+09:00
Insurance Duty,70.0,3.0,success,False,2026-08-21T02:41:59.910977+09:00
Insurance Endowment,2900.0,14.0,success,False,2026-08-23T15:50:26.316180+09:00
Insurance Engine,260.0,66.0,success,False,2026-08-17T23:09:36.803243+09:00
Insurance Entry,70.0,0.0,success,False,2026-08-21T01:00:58.878918+09:00
Insurance Estimate,2900.0,57.0,success,False,2026-08-19T21:11:17.911454+09:00
Insurance Estimator,2400.0,64.0,success,False,2026-08-27T23:51:48.203996+09:00
Insurance Excerpt,,,failed,False,2026-08-21T01:02:29.218317+09:00
Insurance Extension,110.0,18.0,success,False,2026-08-23T16:37:01.033816+09:00
Insurance Fare,,,failed,False,2026-08-21T02:10:09.458176+09:00
Insurance Fee,1000.0,12.0,success,False,2026-08-21T01:53:25.014716+09:00
Insurance Feed,,,failed,False,2026-08-19T20:40:49.478840+09:00
Insurance Field,90.0,7.0,success,False,2026-08-23T13:08:58.766460+09:00
Insurance File,390.0,11.0,success,False,2026-08-19T20:40:06.734480+09:00
Insurance Finder,2400.0,65.0,success,False,2026-08-18T23:58:04.745440+09:00
Insurance Fine,1300.0,4.0,success,False,2026-08-23T02:56:32.879910+09:00
Insurance Flag,110.0,26.0,success,False,2026-08-21T00:26:23.518919+09:00
Insurance Flow,1300.0,21.0,success,False,2026-08-17T20:39:05.666395+09:00
Insurance Forge,,,failed,False,2026-08-18T07:43:51.559731+09:00
Insurance Form,1600.0,11.0,success,False,2026-08-19T13:21:40.944519+09:00
Insurance Format,1600.0,11.0,success,False,2026-08-23T13:09:00.936814+09:00
Insurance Frame,320.0,2.0,success,False,2026-08-17T20:42:46.441273+09:00
Insurance Fund,880.0,7.0,success,False,2026-08-21T02:26:06.975454+09:00
Insurance Gate,,,failed,False,2026-08-17T20:47:00.954455+09:00
Insurance Generator,110.0,40.0,success,False,2026-08-27T23:32:33.346775+09:00
Insurance Giveaway,,,failed,False,2026-08-27T21:12:59.208111+09:00
Insurance Grade,,,failed,False,2026-08-21T00:26:10.737162+09:00
Insurance Grid,70.0,11.0,success,False,2026-08-17T21:32:20.148818+09:00
Insurance Guard,390.0,3.0,success,False,2026-08-17T20:41:30.101842+09:00
Insurance Guardian,210.0,13.0,success,False,2026-08-28T00:22:09.034750+09:00
Insurance Guidebook,,,failed,False,2026-08-18T22:06:18.385841+09:00
Insurance Helpdesk,70.0,7.0,success,False,2026-08-27T22:44:57.466905+09:00
Insurance Helper,390.0,33.0,success,False,2026-08-28T00:22:11.514597+09:00
Insurance History,2400.0,4.0,success,False,2026-08-19T20:39:59.254826+09:00
Insurance Hotline,1300.0,61.0,success,False,2026-08-19T21:11:39.725993+09:00
Insurance Hub,3600.0,10.0,success,False,2026-08-17T20:38:08.924079+09:00
Insurance Identifier,,,failed,False,2026-08-23T13:08:48.797339+09:00
Insurance Incentive,210.0,45.0,success,False,2026-08-27T21:12:56.642443+09:00
Insurance Index,140.0,3.0,success,False,2026-08-19T21:10:44.368255+09:00
Insurance Insight,320.0,8.0,success,False,2026-08-17T23:05:44.417197+09:00
Insurance Installment,140.0,60.0,success,False,2026-08-23T16:11:46.377478+09:00
Insurance Interest,8100.0,1.0,success,False,2026-08-23T13:45:24.772737+09:00
Insurance Item,320.0,54.0,success,False,2026-08-21T01:53:31.985132+09:00
Insurance Journal,5400.0,1.0,success,False,2026-08-18T22:05:59.558657+09:00
Insurance Keeper,,,failed,False,2026-08-17T20:43:14.638625+09:00
Insurance Kit,40.0,19.0,success,False,2026-08-27T22:44:46.439478+09:00
Insurance Lab,720.0,6.0,success,False,2026-08-17T20:36:47.157974+09:00
Insurance Label,90.0,8.0,success,False,2026-08-27T22:06:55.016444+09:00
Insurance Ledger,90.0,0.0,success,False,2026-08-17T20:40:21.350341+09:00
Insurance Lens,,,failed,False,2026-08-17T20:43:38.857738+09:00
Insurance Level,210.0,23.0,success,False,2026-08-19T20:40:17.061535+09:00
Insurance Levy,260.0,12.0,success,False,2026-08-23T13:45:24.772737+09:00
Insurance Link,720.0,16.0,success,False,2026-08-23T03:21:42.958973+09:00
Insurance List,480.0,24.0,success,False,2026-08-19T21:47:24.408619+09:00
Insurance Loan,4400.0,22.0,success,False,2026-08-21T02:10:17.497387+09:00
Insurance Locator,210.0,39.0,success,False,2026-08-18T23:57:53.791592+09:00
Insurance Lock,70.0,95.0,success,False,2026-08-17T20:45:32.525368+09:00
Insurance Log,5400.0,4.0,success,False,2026-08-19T13:21:04.898366+09:00
Insurance Loop,,,failed,False,2026-08-17T21:33:24.629057+09:00
Insurance Manager,1000.0,3.0,success,False,2026-08-17T20:42:16.988485+09:00
Insurance Manual,90.0,17.0,success,False,2026-08-27T22:06:55.016444+09:00
Insurance Map,170.0,3.0,success,False,2026-08-17T20:44:27.303320+09:00
Insurance Markup,,,failed,False,2026-08-23T16:37:01.033816+09:00
Insurance Memo,260.0,7.0,success,False,2026-08-21T00:26:13.350270+09:00
Insurance Message,260.0,0.0,success,False,2026-08-27T23:10:24.868971+09:00
Insurance Meter,10.0,21.0,success,False,2026-08-17T21:38:13.718334+09:00
Insurance Metrics,90.0,9.0,success,False,2026-08-17T23:29:23.485940+09:00
Insurance Monitor,210.0,3.0,success,False,2026-08-17T23:29:05.712614+09:00
Insurance Navigator,590.0,13.0,success,False,2026-08-17T23:07:35.240679+09:00
Insurance Nexus,30.0,7.0,success,False,2026-08-17T20:45:54.147634+09:00
Insurance Node,,,failed,False,2026-08-17T20:48:18.389398+09:00
Insurance Note,390.0,3.0,success,False,2026-08-19T13:23:19.735168+09:00
Insurance Notification,50.0,1.0,success,False,2026-08-27T22:44:43.447057+09:00
Insurance Number,5400.0,10.0,success,False,2026-08-23T03:21:32.618577+09:00
Insurance Office,4400.0,16.0,success,False,2026-08-18T23:58:23.364762+09:00
Insurance Ops,590.0,9.0,success,False,2026-08-17T23:23:32.991705+09:00
Insurance Order,70.0,30.0,success,False,2026-08-19T21:46:29.828345+09:00
Insurance Organizer,10.0,43.0,success,False,2026-08-17T23:11:13.383500+09:00
Insurance Overdraft,10.0,14.0,success,False,2026-08-23T15:50:26.316180+09:00
Insurance Overdue,,,failed,False,2026-08-27T21:45:56.763524+09:00
Insurance Panel,390.0,16.0,success,False,2026-08-17T21:41:42.015478+09:00
Insurance Pass,390.0,4.0,success,False,2026-08-21T00:25:29.281502+09:00
Insurance Path,50.0,8.0,success,False,2026-08-17T20:47:39.394205+09:00
Insurance Payoff,10.0,0.0,success,False,2026-08-27T21:45:56.763524+09:00
Insurance Penalty,170.0,7.0,success,False,2026-08-23T16:37:34.255373+09:00
Insurance Petition,10.0,0.0,success,False,2026-08-21T01:00:40.730981+09:00
Insurance Pilot,590.0,28.0,success,False,2026-08-17T20:37:15.920679+09:00
Insurance Plan,6600.0,44.0,success,False,2026-08-21T01:53:42.905283+09:00
Insurance Planner,6600.0,44.0,success,False,2026-08-17T23:03:58.711434+09:00
Insurance Playbook,10.0,1.0,success,False,2026-08-18T22:05:52.087342+09:00
Insurance Point,3600.0,1.0,success,False,2026-08-17T20:46:22.420312+09:00
Insurance Portal,2400.0,20.0,success,False,2026-08-17T20:31:41.996994+09:00
Insurance Profile,70.0,5.0,success,False,2026-08-19T13:23:46.954730+09:00
Insurance Profit,210.0,5.0,success,False,2026-08-23T02:56:21.131414+09:00
Insurance Pulse,,,failed,False,2026-08-17T21:31:08.679950+09:00
Insurance Queue,,,failed,False,2026-08-19T21:11:07.162763+09:00
Insurance Quota,140.0,78.0,success,False,2026-08-21T00:26:18.251155+09:00
Insurance Radar,10.0,22.0,success,False,2026-08-17T20:35:16.626138+09:00
Insurance Rail,,,failed,False,2026-08-17T21:33:56.834131+09:00
Insurance Rate,3600.0,50.0,success,False,2026-08-19T20:40:26.363458+09:00
Insurance Recap,,,failed,False,2026-08-21T01:02:27.136036+09:00
Insurance Receipt,390.0,5.0,success,False,2026-08-19T21:46:54.129984+09:00
Insurance Recorder,,,failed,False,2026-08-27T23:32:33.346775+09:00
Insurance Register,720.0,21.0,success,False,2026-08-17T22:49:21.662634+09:00
Insurance Registry,720.0,21.0,success,False,2026-08-18T22:06:27.903433+09:00
Insurance Relay,,,failed,False,2026-08-17T20:34:22.385109+09:00
Insurance Reminder,40.0,4.0,success,False,2026-08-19T21:10:23.160245+09:00
Insurance Report,590.0,6.0,success,False,2026-08-19T13:20:50.883072+09:00
Insurance Repository,390.0,2.0,success,False,2026-08-27T23:10:31.050648+09:00
Insurance Result,40.0,3.0,success,False,2026-08-28T00:46:09.802311+09:00
Insurance Roadmap,20.0,0.0,success,False,2026-08-18T22:02:28.338577+09:00
Insurance Roster,,,failed,False,2026-08-19T00:37:32.560227+09:00
Insurance Route,,,failed,False,2026-08-17T21:36:05.315924+09:00
Insurance Rule,320.0,3.0,success,False,2026-08-23T03:21:47.880193+09:00
Insurance Sale,2900.0,21.0,success,False,2026-08-21T02:26:14.215239+09:00
Insurance Sample,170.0,6.0,success,False,2026-08-19T21:48:17.560358+09:00
Insurance Scale,70.0,21.0,success,False,2026-08-17T21:37:02.739524+09:00
Insurance Scheduler,,,failed,False,2026-08-17T23:28:48.980231+09:00
Insurance Scope,210.0,3.0,success,False,2026-08-17T21:34:28.165323+09:00
Insurance Score,880.0,17.0,success,False,2026-08-19T13:23:10.003028+09:00
Insurance Sentry,,,failed,False,2026-08-17T20:44:07.827451+09:00
Insurance Sheet,14800.0,100.0,success,False,2026-08-19T13:22:09.591180+09:00
Insurance Shortfall,480.0,50.0,success,False,2026-08-27T21:45:59.200970+09:00
Insurance Signal,,,failed,False,2026-08-17T21:36:32.684484+09:00
Insurance Slip,390.0,6.0,success,False,2026-08-19T21:48:04.651670+09:00
Insurance Slot,,,failed,False,2026-08-19T21:48:31.545228+09:00
Insurance Snapshot,260.0,41.0,success,False,2026-08-18T22:06:07.690995+09:00
Insurance Stake,,,failed,False,2026-08-23T02:56:29.364559+09:00
Insurance Stamp,140.0,2.0,success,False,2026-08-23T13:28:07.800496+09:00
Insurance Statement,480.0,10.0,success,False,2026-08-21T00:25:57.789837+09:00
Insurance Station,170.0,7.0,success,False,2026-08-17T20:35:47.352548+09:00
Insurance Status,1900.0,6.0,success,False,2026-08-19T20:39:41.503731+09:00
Insurance Stub,,,failed,False,2026-08-21T00:25:50.747055+09:00
Insurance Studio,260.0,5.0,success,False,2026-08-17T20:37:44.009684+09:00
Insurance Subsidy,590.0,36.0,success,False,2026-08-23T15:50:26.316180+09:00
Insurance Suite,90.0,18.0,success,False,2026-08-17T23:28:11.546877+09:00
Insurance Sum,70.0,5.0,success,False,2026-08-21T02:25:59.297290+09:00
Insurance Summary,170.0,7.0,success,False,2026-08-19T21:09:59.006110+09:00
Insurance Surtax,,,failed,False,2026-08-23T15:50:28.386707+09:00
Insurance Sync,,,failed,False,2026-08-17T20:39:57.613991+09:00
Insurance Table,320.0,6.0,success,False,2026-08-19T21:47:38.670449+09:00
Insurance Tag,720.0,15.0,success,False,2026-08-19T13:23:28.561494+09:00
Insurance Tally,,,failed,False,2026-08-21T00:26:02.753353+09:00
Insurance Tariff,320.0,5.0,success,False,2026-08-21T02:42:11.511377+09:00
Insurance Tax,1900.0,8.0,success,False,2026-08-21T02:10:13.973101+09:00
Insurance Ticket,1000.0,6.0,success,False,2026-08-19T21:10:58.611553+09:00
Insurance Tier,210.0,7.0,success,False,2026-08-28T00:46:09.802311+09:00
Insurance Timeline,50.0,12.0,success,False,2026-08-19T21:10:11.430001+09:00
Insurance Timer,,,failed,False,2026-08-28T00:22:01.777271+09:00
Insurance Toll,,,failed,False,2026-08-21T02:42:02.551252+09:00
Insurance Toolbox,,,failed,False,2026-08-28T00:22:09.034750+09:00
Insurance Toolkit,590.0,7.0,success,False,2026-08-18T22:05:42.226060+09:00
Insurance Total,30.0,15.0,success,False,2026-08-27T23:10:28.498213+09:00
Insurance Tracker,720.0,31.0,success,False,2026-08-17T20:40:46.604989+09:00
Insurance Trail,20.0,36.0,success,False,2026-08-17T21:32:57.336519+09:00
Insurance Trial,1000.0,1.0,success,False,2026-08-27T21:12:56.642443+09:00
Insurance Unit,260.0,46.0,success,False,2026-08-21T01:53:35.907769+09:00
Insurance Update,390.0,28.0,success,False,2026-08-19T20:40:32.306082+09:00
Insurance Value,1300.0,8.0,success,False,2026-08-23T02:56:24.253545+09:00
Insurance Vault,50.0,8.0,success,False,2026-08-17T20:33:27.108642+09:00
Insurance Version,,,failed,False,2026-08-23T03:21:36.606838+09:00
Insurance View,90.0,26.0,success,False,2026-08-19T20:39:50.711958+09:00
Insurance Voucher,140.0,10.0,success,False,2026-08-21T00:25:38.806657+09:00
Insurance Wallet,260.0,34.0,success,False,2026-08-27T22:44:50.273695+09:00
Insurance Watch,6600.0,60.0,success,False,2026-08-17T21:35:30.145341+09:00
Insurance Wave,1000.0,6.0,success,False,2026-08-17T21:30:02.792774+09:00
Insurance Widget,10.0,0.0,success,False,2026-08-27T23:10:28.498213+09:00
Insurance Workbench,20.0,36.0,success,False,2026-08-18T22:05:33.744970+09:00
Insurance Worksheet,40.0,6.0,success,False,2026-08-27T22:06:58.606007+09:00
Insurance Workshop,320.0,50.0,success,False,2026-08-28T00:22:04.244333+09:00
Insurance Zone,1600.0,6.0,success,False,2026-08-17T20:32:53.240136+09:00
Insured Advance,,,failed,False,2026-08-23T16:14:33.783950+09:00
Insured Advisory,,,failed,False,2026-08-21T01:02:52.646086+09:00
Insured Alert,,,failed,False,2026-08-21T00:47:57.951273+09:00
Insured Allowance,,,failed,False,2026-08-21T02:41:51.779430+09:00
Insured Analyzer,,,failed,False,2026-08-27T23:52:08.286767+09:00
Insured Announcement,,,failed,False,2026-08-27T23:31:46.551451+09:00
Insured Arrears,,,failed,False,2026-08-23T16:14:21.823505+09:00
Insured Asset,90.0,8.0,success,False,2026-08-23T13:46:16.255562+09:00
Insured Assistant,,,failed,False,2026-08-21T00:46:10.718962+09:00
Insured Atlas,,,failed,False,2026-08-21T00:45:57.527663+09:00
Insured Badge,10.0,0.0,success,False,2026-08-21T00:51:04.799989+09:00
Insured Balance,,,failed,False,2026-08-23T13:46:12.042463+09:00
Insured Base,,,failed,False,2026-08-21T00:44:48.876991+09:00
Insured Bay,,,failed,False,2026-08-21T00:47:23.165444+09:00
Insured Beacon,,,failed,False,2026-08-21T00:43:49.917491+09:00
Insured Bill,,,failed,False,2026-08-21T00:50:21.320378+09:00
Insured Board,,,failed,False,2026-08-21T00:45:03.734783+09:00
Insured Booth,,,failed,False,2026-08-21T00:47:10.612469+09:00
Insured Bridge,,,failed,False,2026-08-21T00:44:03.384423+09:00
Insured Brief,,,failed,False,2026-08-21T01:01:44.513558+09:00
Insured Bulletin,,,failed,False,2026-08-21T01:01:39.197827+09:00
Insured Card,14800.0,9.0,success,False,2026-08-21T00:48:51.829218+09:00
Insured Cascade,,,failed,False,2026-08-21T00:43:59.576313+09:00
Insured Cash,320.0,22.0,success,False,2026-08-21T02:24:52.539486+09:00
Insured Cashback,,,failed,False,2026-08-27T21:17:37.644775+09:00
Insured Category,,,failed,False,2026-08-23T13:10:01.579263+09:00
Insured Center,,,failed,False,2026-08-21T00:45:22.913101+09:00
Insured Chain,,,failed,False,2026-08-21T00:45:47.976857+09:00
Insured Charge,,,failed,False,2026-08-21T02:41:38.667611+09:00
Insured Chart,,,failed,False,2026-08-21T00:48:00.969173+09:00
Insured Check,201000.0,32.0,success,False,2026-08-21T00:48:57.806090+09:00
Insured Checker,201000.0,32.0,success,False,2026-08-27T23:52:02.296949+09:00
Insured Circular,,,failed,False,2026-08-21T01:01:47.037702+09:00
Insured Code,5400.0,4.0,success,False,2026-08-21T00:50:29.679005+09:00
Insured Companion,,,failed,False,2026-08-21T00:46:23.702871+09:00
Insured Compass,,,failed,False,2026-08-21T00:43:46.604021+09:00
Insured Confirmation,,,failed,False,2026-08-21T01:02:06.881859+09:00
Insured Console,,,failed,False,2026-08-21T00:45:33.278488+09:00
Insured Contribution,,,failed,False,2026-08-23T16:14:18.981651+09:00
Insured Copayment,,,failed,False,2026-08-23T16:39:03.767500+09:00
Insured Core,,,failed,False,2026-08-21T00:44:54.956989+09:00
Insured Cost,5400.0,11.0,success,False,2026-08-21T02:07:41.553019+09:00
Insured Count,,,failed,False,2026-08-27T22:51:05.430430+09:00
Insured Counter,,,failed,False,2026-08-21T00:47:05.432306+09:00
Insured Coupon,,,failed,False,2026-08-27T21:17:34.468079+09:00
Insured Deal,,,failed,False,2026-08-21T02:00:06.443014+09:00
Insured Debt,50.0,5.0,success,False,2026-08-21T02:24:39.206528+09:00
Insured Deck,,,failed,False,2026-08-21T00:45:06.062419+09:00
Insured Desk,,,failed,False,2026-08-21T00:51:40.152987+09:00
Insured Detail,,,failed,False,2026-08-23T03:23:07.645674+09:00
Insured Detector,,,failed,False,2026-08-27T23:52:05.723363+09:00
Insured Directory,,,failed,False,2026-08-21T00:46:47.041557+09:00
Insured Discount,,,failed,False,2026-08-23T16:14:15.763731+09:00
Insured Dossier,,,failed,False,2026-08-21T01:02:09.128989+09:00
Insured Downpayment,,,failed,False,2026-08-27T21:48:54.950777+09:00
Insured Draft,,,failed,False,2026-08-21T00:49:52.271441+09:00
Insured Due,,,failed,False,2026-08-23T15:51:26.748439+09:00
Insured Duty,,,failed,False,2026-08-21T02:41:45.973513+09:00
Insured Endowment,,,failed,False,2026-08-23T15:51:33.860172+09:00
Insured Engine,,,failed,False,2026-08-21T00:46:06.764298+09:00
Insured Entry,,,failed,False,2026-08-21T01:02:18.161248+09:00
Insured Estimate,,,failed,False,2026-08-21T00:50:13.056816+09:00
Insured Excerpt,,,failed,False,2026-08-21T01:03:04.478545+09:00
Insured Extension,,,failed,False,2026-08-23T16:39:07.006923+09:00
Insured Fare,,,failed,False,2026-08-21T02:07:48.773154+09:00
Insured Fee,,,failed,False,2026-08-21T01:59:53.471915+09:00
Insured Feed,,,failed,False,2026-08-21T00:49:49.714688+09:00
Insured File,,,failed,False,2026-08-21T00:49:35.190382+09:00
Insured Fine,,,failed,False,2026-08-23T02:57:04.274468+09:00
Insured Flow,,,failed,False,2026-08-21T00:51:31.068549+09:00
Insured Forge,,,failed,False,2026-08-21T00:43:54.085720+09:00
Insured Form,,,failed,False,2026-08-21T00:48:44.199856+09:00
Insured Frame,10.0,5.0,success,False,2026-08-21T00:44:45.180563+09:00
Insured Fund,880.0,7.0,success,False,2026-08-21T02:24:48.796566+09:00
Insured Gate,,,failed,False,2026-08-21T00:45:52.774285+09:00
Insured Giveaway,,,failed,False,2026-08-27T21:17:40.328757+09:00
Insured Graph,,,failed,False,2026-08-27T22:13:04.123105+09:00
Insured Grid,,,failed,False,2026-08-21T00:44:23.943990+09:00
Insured Guardian,,,failed,False,2026-08-28T00:22:39.734824+09:00
Insured Helpdesk,,,failed,False,2026-08-27T22:51:07.925641+09:00
Insured Helper,,,failed,False,2026-08-28T00:22:42.376773+09:00
Insured History,,,failed,False,2026-08-21T00:49:27.660795+09:00
Insured Hub,3600.0,10.0,success,False,2026-08-21T00:51:35.796791+09:00
Insured Identifier,,,failed,False,2026-08-23T13:10:01.579263+09:00
Insured Inbox,,,failed,False,2026-08-21T00:47:54.639607+09:00
Insured Incentive,,,failed,False,2026-08-27T21:17:40.328757+09:00
Insured Index,,,failed,False,2026-08-21T00:50:07.130228+09:00
Insured Installment,,,failed,False,2026-08-23T16:14:18.981651+09:00
Insured Interest,8100.0,1.0,success,False,2026-08-23T13:46:16.255562+09:00
Insured Item,320.0,54.0,success,False,2026-08-21T01:59:55.077631+09:00
Insured Journal,,,failed,False,2026-08-21T00:46:37.254114+09:00
Insured Keeper,,,failed,False,2026-08-21T00:45:59.951643+09:00
Insured Lab,,,failed,False,2026-08-21T00:45:13.293562+09:00
Insured Ledger,,,failed,False,2026-08-21T00:44:58.799520+09:00
Insured Level,,,failed,False,2026-08-21T00:49:37.584742+09:00
Insured Line,,,failed,False,2026-08-21T00:48:22.062191+09:00
Insured Link,,,failed,False,2026-08-23T03:23:00.689817+09:00
Insured List,,,failed,False,2026-08-21T00:50:33.252784+09:00
Insured Loan,4400.0,22.0,success,False,2026-08-21T02:07:58.916446+09:00
Insured Lobby,,,failed,False,2026-08-21T00:48:15.897610+09:00
Insured Locator,,,failed,False,2026-08-21T00:46:52.072318+09:00
Insured Locker,,,failed,False,2026-08-21T00:47:07.675748+09:00
Insured Log,,,failed,False,2026-08-21T00:48:40.223162+09:00
Insured Loop,,,failed,False,2026-08-21T00:44:21.197874+09:00
Insured Manager,,,failed,False,2026-08-21T00:46:03.316699+09:00
Insured Manual,,,failed,False,2026-08-27T22:13:13.048056+09:00
Insured Map,,,failed,False,2026-08-21T00:44:42.710868+09:00
Insured Margin,,,failed,False,2026-08-23T02:57:01.992920+09:00
Insured Markup,,,failed,False,2026-08-23T16:39:03.767500+09:00
Insured Memo,,,failed,False,2026-08-21T00:51:16.185060+09:00
Insured Message,,,failed,False,2026-08-27T23:16:51.144125+09:00
Insured Monitor,,,failed,False,2026-08-21T00:46:21.529361+09:00
Insured Nexus,,,failed,False,2026-08-21T00:45:54.993375+09:00
Insured Note,,,failed,False,2026-08-21T00:49:07.202034+09:00
Insured Notification,,,failed,False,2026-08-27T22:51:00.093213+09:00
Insured Number,5400.0,10.0,success,False,2026-08-23T03:22:53.557175+09:00
Insured Office,,,failed,False,2026-08-21T00:47:01.645682+09:00
Insured Ops,,,failed,False,2026-08-21T00:46:31.440534+09:00
Insured Order,,,failed,False,2026-08-21T00:50:17.936305+09:00
Insured Overage,,,failed,False,2026-08-27T21:48:52.496958+09:00
Insured Overdraft,,,failed,False,2026-08-23T15:51:28.689965+09:00
Insured Overdue,,,failed,False,2026-08-27T21:48:46.666341+09:00
Insured Panel,,,failed,False,2026-08-21T00:45:35.455027+09:00
Insured Pass,,,failed,False,2026-08-21T00:50:54.055448+09:00
Insured Passport,,,failed,False,2026-08-21T00:48:09.704229+09:00
Insured Path,,,failed,False,2026-08-21T00:44:32.272154+09:00
Insured Payoff,,,failed,False,2026-08-27T21:48:49.180539+09:00
Insured Penalty,,,failed,False,2026-08-23T16:39:03.767500+09:00
Insured Petition,,,failed,False,2026-08-21T01:02:00.042656+09:00
Insured Plan,6600.0,44.0,success,False,2026-08-21T01:59:59.476692+09:00
Insured Planner,10.0,1.0,success,False,2026-08-21T00:46:15.039620+09:00
Insured Playbook,,,failed,False,2026-08-21T00:46:35.033553+09:00
Insured Point,,,failed,False,2026-08-21T00:44:36.517071+09:00
Insured Portal,2400.0,20.0,success,False,2026-08-21T00:45:30.035458+09:00
Insured Post,2400.0,1.0,success,False,2026-08-21T00:47:29.450326+09:00
Insured Profile,,,failed,False,2026-08-21T00:49:15.446712+09:00
Insured Profit,210.0,5.0,success,False,2026-08-23T02:56:45.800075+09:00
Insured Quota,10.0,43.0,success,False,2026-08-21T00:51:18.988117+09:00
Insured Radar,,,failed,False,2026-08-21T00:43:34.117910+09:00
Insured Rail,,,failed,False,2026-08-21T00:45:45.302081+09:00
Insured Rate,3600.0,50.0,success,False,2026-08-21T00:49:41.369493+09:00
Insured Recap,,,failed,False,2026-08-21T01:02:13.283707+09:00
Insured Receipt,,,failed,False,2026-08-21T00:50:24.003386+09:00
Insured Recorder,,,failed,False,2026-08-27T23:31:58.292490+09:00
Insured Register,,,failed,False,2026-08-21T00:46:29.176332+09:00
Insured Relay,,,failed,False,2026-08-21T00:43:36.715710+09:00
Insured Reminder,,,failed,False,2026-08-21T00:50:02.185546+09:00
Insured Report,,,failed,False,2026-08-21T00:48:36.635325+09:00
Insured Repository,,,failed,False,2026-08-27T23:16:56.229281+09:00
Insured Ring,,,failed,False,2026-08-21T00:45:50.178398+09:00
Insured Roll,,,failed,False,2026-08-21T00:48:30.052376+09:00
Insured Roster,,,failed,False,2026-08-21T00:47:49.290523+09:00
Insured Route,,,failed,False,2026-08-21T00:45:41.384268+09:00
Insured Rule,,,failed,False,2026-08-23T03:23:04.042146+09:00
Insured Sale,,,failed,False,2026-08-21T02:24:56.488655+09:00
Insured Sample,,,failed,False,2026-08-21T00:50:45.127530+09:00
Insured Scale,,,failed,False,2026-08-21T00:45:39.218297+09:00
Insured Scope,,,failed,False,2026-08-21T00:44:15.465135+09:00
Insured Score,,,failed,False,2026-08-21T00:49:04.500727+09:00
Insured Sheet,,,failed,False,2026-08-21T00:48:54.666046+09:00
Insured Shortfall,,,failed,False,2026-08-27T21:48:57.191063+09:00
Insured Signal,,,failed,False,2026-08-21T00:44:10.518978+09:00
Insured Signature,90.0,2.0,success,False,2026-08-23T13:26:38.136224+09:00
Insured Slip,,,failed,False,2026-08-21T00:50:41.630976+09:00
Insured Slot,10.0,0.0,success,False,2026-08-21T00:50:50.084554+09:00
Insured Stake,,,failed,False,2026-08-23T02:56:59.964563+09:00
Insured Stamp,50.0,6.0,success,False,2026-08-23T13:26:40.982312+09:00
Insured Statement,20.0,1.0,success,False,2026-08-21T00:51:13.532405+09:00
Insured Station,,,failed,False,2026-08-21T00:45:16.204972+09:00
Insured Status,1900.0,6.0,success,False,2026-08-21T00:49:18.470865+09:00
Insured Stub,,,failed,False,2026-08-21T00:51:07.998109+09:00
Insured Studio,,,failed,False,2026-08-21T00:45:08.644829+09:00
Insured Subsidy,,,failed,False,2026-08-23T15:51:31.238085+09:00
Insured Sum,70.0,5.0,success,False,2026-08-21T02:24:36.091430+09:00
Insured Summary,,,failed,False,2026-08-21T00:49:56.955669+09:00
Insured Surtax,,,failed,False,2026-08-23T15:51:36.784233+09:00
Insured Tab,,,failed,False,2026-08-21T00:51:25.324564+09:00
Insured Table,,,failed,False,2026-08-21T00:50:38.979933+09:00
Insured Tag,,,failed,False,2026-08-21T00:49:12.731444+09:00
Insured Tariff,,,failed,False,2026-08-21T02:41:56.534428+09:00
Insured Tax,,,failed,False,2026-08-21T02:07:53.857202+09:00
Insured Terminal,20.0,0.0,success,False,2026-08-21T00:45:19.199440+09:00
Insured Ticker,,,failed,False,2026-08-21T00:48:18.650216+09:00
Insured Ticket,,,failed,False,2026-08-21T00:50:09.781883+09:00
Insured Timeline,,,failed,False,2026-08-21T00:49:59.942955+09:00
Insured Timer,,,failed,False,2026-08-28T00:22:34.191902+09:00
Insured Toll,,,failed,False,2026-08-21T02:41:49.318667+09:00
Insured Toolbox,,,failed,False,2026-08-28T00:22:42.376773+09:00
Insured Total,,,failed,False,2026-08-27T23:16:51.144125+09:00
Insured Tracker,,,failed,False,2026-08-21T00:51:27.534494+09:00
Insured Trail,,,failed,False,2026-08-21T00:45:47.976857+09:00
Insured Trend,,,failed,False,2026-08-28T01:04:09.060597+09:00
Insured Trial,,,failed,False,2026-08-27T21:17:37.644775+09:00
Insured Unit,,,failed,False,2026-08-21T02:00:00.574550+09:00
Insured Update,,,failed,False,2026-08-21T00:49:47.730802+09:00
Insured Value,1300.0,8.0,success,False,2026-08-23T02:56:53.736848+09:00
Insured Vault,,,failed,False,2026-08-21T00:43:39.738116+09:00
Insured Version,,,failed,False,2026-08-23T03:22:56.392022+09:00
Insured View,,,failed,False,2026-08-21T00:49:24.098446+09:00
Insured Voucher,,,failed,False,2026-08-21T00:50:58.385493+09:00
Insured Wallet,,,failed,False,2026-08-27T22:51:05.430430+09:00
Insured Watch,,,failed,False,2026-08-21T00:44:13.071089+09:00
Insured Wave,,,failed,False,2026-08-21T00:44:30.138587+09:00
Insured Widget,,,failed,False,2026-08-27T23:16:53.480733+09:00
Insured Window,,,failed,False,2026-08-21T00:48:26.954363+09:00
Insured Yard,,,failed,False,2026-08-21T00:47:19.116810+09:00
Insured Zone,1600.0,6.0,success,False,2026-08-21T00:45:26.531767+09:00
Intake Advance,,,failed,False,2026-08-23T16:12:01.471109+09:00
Intake Advisory,,,failed,False,2026-08-21T00:59:08.363801+09:00
Intake Allowance,,,failed,False,2026-08-21T02:41:59.910977+09:00
Intake Almanac,,,failed,False,2026-08-18T22:07:05.348378+09:00
Intake Analyzer,,,failed,False,2026-08-27T23:56:27.794878+09:00
Intake Anchor,,,failed,False,2026-08-17T20:48:26.612997+09:00
Intake Arrears,,,failed,False,2026-08-23T16:11:58.973572+09:00
Intake Assistant,90.0,0.0,success,False,2026-08-17T23:05:59.212452+09:00
Intake Atlas,,,failed,False,2026-08-17T20:38:40.859557+09:00
Intake Base,,,failed,False,2026-08-17T20:35:22.813816+09:00
Intake Beacon,,,failed,False,2026-08-17T21:34:03.414909+09:00
Intake Bill,,,failed,False,2026-08-19T21:57:44.656511+09:00
Intake Blueprint,,,failed,False,2026-08-18T22:06:56.515623+09:00
Intake Board,20.0,2.0,success,False,2026-08-17T20:32:26.534581+09:00
Intake Book,,,failed,False,2026-08-19T21:58:32.626205+09:00
Intake Bridge,70.0,18.0,success,False,2026-08-17T21:30:43.453478+09:00
Intake Brief,,,failed,False,2026-08-21T00:58:59.914106+09:00
Intake Bulletin,,,failed,False,2026-08-21T00:58:54.317507+09:00
Intake Cabinet,,,failed,False,2026-08-27T23:13:16.008786+09:00
Intake Calendar,40.0,0.0,success,False,2026-08-19T00:01:21.334255+09:00
Intake Card,10.0,0.0,success,False,2026-08-19T13:32:47.690424+09:00
Intake Cascade,,,failed,False,2026-08-17T21:31:54.606698+09:00
Intake Cash,,,failed,False,2026-08-21T02:25:44.046093+09:00
Intake Cashback,,,failed,False,2026-08-27T21:14:56.322045+09:00
Intake Catalog,10.0,3.0,success,False,2026-08-19T21:11:41.705907+09:00
Intake Center,1000.0,0.0,success,True,2026-08-17T21:36:38.708092+09:00
Intake Chain,,,failed,False,2026-08-17T20:42:50.595044+09:00
Intake Charge,10.0,0.0,success,False,2026-08-21T02:41:49.318667+09:00
Intake Check,,,failed,False,2026-08-19T13:33:05.427843+09:00
Intake Checker,,,failed,False,2026-08-27T23:56:22.652242+09:00
Intake Checklist,70.0,2.0,success,False,2026-08-19T21:10:46.722805+09:00
Intake Circular,,,failed,False,2026-08-21T01:00:08.450743+09:00
Intake Cockpit,,,failed,False,2026-08-17T23:04:46.904606+09:00
Intake Code,70.0,0.0,success,False,2026-08-19T21:58:05.672882+09:00
Intake Codex,,,failed,False,2026-08-18T22:07:21.490302+09:00
Intake Companion,,,failed,False,2026-08-17T23:03:51.188489+09:00
Intake Comparison,10.0,,success,False,2026-08-28T01:07:13.467074+09:00
Intake Compass,,,failed,False,2026-08-17T21:35:08.893531+09:00
Intake Compendium,,,failed,False,2026-08-18T22:07:14.456265+09:00
Intake Confirmation,,,failed,False,2026-08-21T00:59:19.513950+09:00
Intake Console,,,failed,False,2026-08-17T21:33:30.231055+09:00
Intake Contribution,,,failed,False,2026-08-23T16:11:56.492802+09:00
Intake Core,,,failed,False,2026-08-17T20:34:29.454165+09:00
Intake Cost,30.0,0.0,success,False,2026-08-21T02:09:12.482274+09:00
Intake Count,,,failed,False,2026-08-27T22:47:50.980247+09:00
Intake Counter,,,failed,False,2026-08-18T23:57:46.664132+09:00
Intake Coupon,20.0,16.0,success,False,2026-08-27T21:14:54.146372+09:00
Intake Dashboard,30.0,13.0,success,False,2026-08-17T23:09:27.800960+09:00
Intake Deal,,,failed,False,2026-08-21T01:52:30.422416+09:00
Intake Debt,,,failed,False,2026-08-21T02:25:35.476201+09:00
Intake Deck,,,failed,False,2026-08-18T07:43:59.355214+09:00
Intake Depot,,,failed,False,2026-08-18T23:57:26.188855+09:00
Intake Desk,140.0,2.0,success,False,2026-08-17T21:40:01.418165+09:00
Intake Detail,,,failed,False,2026-08-23T03:22:14.563475+09:00
Intake Detector,,,failed,False,2026-08-27T23:56:27.794878+09:00
Intake Dial,,,failed,False,2026-08-17T21:31:17.550614+09:00
Intake Digest,,,failed,False,2026-08-19T20:37:40.051699+09:00
Intake Directory,,,failed,False,2026-08-19T00:01:28.091265+09:00
Intake Discount,10.0,22.0,success,False,2026-08-23T16:11:49.502531+09:00
Intake Dock,,,failed,False,2026-08-17T20:45:35.834234+09:00
Intake Dossier,,,failed,False,2026-08-21T00:59:30.115655+09:00
Intake Draft,,,failed,False,2026-08-19T20:37:57.270685+09:00
Intake Due,,,failed,False,2026-08-23T15:50:23.768923+09:00
Intake Duty,,,failed,False,2026-08-21T02:41:51.779430+09:00
Intake Engine,1000.0,25.0,success,False,2026-08-17T23:13:59.220189+09:00
Intake Entry,,,failed,False,2026-08-21T00:59:43.831495+09:00
Intake Estimate,,,failed,False,2026-08-19T21:11:29.135916+09:00
Intake Excerpt,,,failed,False,2026-08-21T01:01:52.955831+09:00
Intake Extension,20.0,73.0,success,False,2026-08-23T16:37:47.617319+09:00
Intake Fare,,,failed,False,2026-08-21T02:09:26.864571+09:00
Intake Fee,20.0,0.0,success,False,2026-08-21T01:52:08.240457+09:00
Intake Feed,,,failed,False,2026-08-19T20:37:49.991412+09:00
Intake File,20.0,0.0,success,False,2026-08-19T20:38:10.418620+09:00
Intake Finder,,,failed,False,2026-08-18T23:57:15.984121+09:00
Intake Fine,,,failed,False,2026-08-23T02:56:41.108127+09:00
Intake Flag,,,failed,False,2026-08-21T00:27:30.325740+09:00
Intake Flow,110.0,20.0,success,False,2026-08-17T20:31:52.293572+09:00
Intake Forge,390.0,73.0,success,False,2026-08-17T21:33:04.357190+09:00
Intake Form,5400.0,16.0,success,False,2026-08-19T13:32:42.417252+09:00
Intake Frame,,,failed,False,2026-08-17T20:36:20.228244+09:00
Intake Fund,,,failed,False,2026-08-21T02:25:39.755040+09:00
Intake Gate,110.0,0.0,success,False,2026-08-17T20:40:29.235539+09:00
Intake Giveaway,,,failed,False,2026-08-27T21:15:01.645543+09:00
Intake Grade,,,failed,False,2026-08-21T00:27:03.794080+09:00
Intake Graph,,,failed,False,2026-08-27T22:09:13.645963+09:00
Intake Grid,,,failed,False,2026-08-17T20:43:18.551816+09:00
Intake Guarantee,,,failed,False,2026-08-28T01:07:19.474773+09:00
Intake Guard,30.0,70.0,success,False,2026-08-17T20:34:55.202462+09:00
Intake Guidebook,,,failed,False,2026-08-18T22:06:39.446315+09:00
Intake Helpdesk,,,failed,False,2026-08-27T22:47:53.351609+09:00
Intake Helper,,,failed,False,2026-08-28T00:25:48.742639+09:00
Intake History,,,failed,False,2026-08-19T20:38:01.262466+09:00
Intake Hotline,10.0,0.0,success,False,2026-08-19T21:11:55.349483+09:00
Intake Hub,20.0,0.0,success,False,2026-08-18T07:43:23.332018+09:00
Intake Identifier,,,failed,False,2026-08-23T13:09:14.949045+09:00
Intake Inbox,10.0,94.0,success,False,2026-08-19T12:22:54.076804+09:00
Intake Incentive,,,failed,False,2026-08-27T21:15:01.645543+09:00
Intake Index,,,failed,False,2026-08-19T21:11:00.361566+09:00
Intake Insight,,,failed,False,2026-08-17T23:10:24.973922+09:00
Intake Installment,,,failed,False,2026-08-23T16:11:52.886405+09:00
Intake Item,,,failed,False,2026-08-21T01:52:12.646112+09:00
Intake Journal,,,failed,False,2026-08-18T22:06:20.125556+09:00
Intake Keeper,,,failed,False,2026-08-17T20:36:52.122948+09:00
Intake Kit,880.0,92.0,success,False,2026-08-27T22:47:46.388657+09:00
Intake Lab,,,failed,False,2026-08-17T21:41:16.664514+09:00
Intake Label,10.0,0.0,success,False,2026-08-27T22:09:13.645963+09:00
Intake Ledger,,,failed,False,2026-08-17T20:33:33.696511+09:00
Intake Lens,,,failed,False,2026-08-17T20:37:19.032635+09:00
Intake Level,10.0,0.0,success,False,2026-08-19T20:38:18.738836+09:00
Intake Link,,,failed,False,2026-08-23T03:22:06.290002+09:00
Intake List,40.0,0.0,success,False,2026-08-19T21:58:14.220154+09:00
Intake Loan,,,failed,False,2026-08-21T02:09:35.775353+09:00
Intake Locator,,,failed,False,2026-08-18T23:57:02.622913+09:00
Intake Lock,,,failed,False,2026-08-17T20:39:11.470645+09:00
Intake Log,40.0,0.0,success,False,2026-08-19T13:32:31.593655+09:00
Intake Loop,,,failed,False,2026-08-17T20:44:11.907751+09:00
Intake Manager,110.0,1.0,success,False,2026-08-17T20:35:52.510868+09:00
Intake Manual,20.0,0.0,success,False,2026-08-27T22:09:16.229025+09:00
Intake Map,590.0,3.0,success,False,2026-08-17T20:38:13.537846+09:00
Intake Markup,,,failed,False,2026-08-23T16:37:42.888726+09:00
Intake Memo,90.0,1.0,success,False,2026-08-21T00:27:12.597515+09:00
Intake Message,,,failed,False,2026-08-27T23:13:06.155067+09:00
Intake Meter,,,failed,False,2026-08-17T21:30:10.122952+09:00
Intake Metrics,,,failed,False,2026-08-17T23:05:34.845009+09:00
Intake Monitor,,,failed,False,2026-08-17T23:07:47.336176+09:00
Intake Navigator,10.0,1.0,success,False,2026-08-17T23:11:59.928630+09:00
Intake Nexus,,,failed,False,2026-08-17T20:39:36.069990+09:00
Intake Node,,,failed,False,2026-08-17T20:41:13.511022+09:00
Intake Note,90.0,5.0,success,False,2026-08-19T13:33:39.488989+09:00
Intake Notification,,,failed,False,2026-08-27T22:47:42.136854+09:00
Intake Number,70.0,4.0,success,False,2026-08-23T03:22:01.031781+09:00
Intake Office,480.0,2.0,success,False,2026-08-18T23:57:37.423450+09:00
Intake Ops,,,failed,False,2026-08-17T23:11:05.439479+09:00
Intake Order,1000.0,1.0,success,False,2026-08-19T21:57:31.477256+09:00
Intake Organizer,,,failed,False,2026-08-17T23:15:30.972429+09:00
Intake Panel,,,failed,False,2026-08-17T21:32:28.090728+09:00
Intake Pass,,,failed,False,2026-08-21T00:26:28.007677+09:00
Intake Path,,,failed,False,2026-08-17T20:40:51.053535+09:00
Intake Penalty,,,failed,False,2026-08-23T16:37:42.888726+09:00
Intake Petition,,,failed,False,2026-08-21T00:59:15.258286+09:00
Intake Pilot,,,failed,False,2026-08-17T21:41:49.444267+09:00
Intake Plan,50.0,1.0,success,False,2026-08-21T01:52:23.674188+09:00
Intake Planner,,,failed,False,2026-08-17T23:08:44.294677+09:00
Intake Playbook,,,failed,False,2026-08-18T22:06:12.435541+09:00
Intake Point,40.0,0.0,success,False,2026-08-17T20:40:05.754832+09:00
Intake Portal,170.0,2.0,success,False,2026-08-17T21:34:34.023181+09:00
Intake Preview,,,failed,False,2026-08-28T01:07:16.006245+09:00
Intake Profile,,,failed,False,2026-08-19T13:33:51.668880+09:00
Intake Profit,,,failed,False,2026-08-23T02:56:29.364559+09:00
Intake Proposal,,,failed,False,2026-08-28T01:07:19.474773+09:00
Intake Pulse,,,failed,False,2026-08-17T20:42:21.345142+09:00
Intake Queue,40.0,41.0,success,False,2026-08-19T21:11:21.991848+09:00
Intake Quota,10.0,0.0,success,False,2026-08-21T00:27:22.208885+09:00
Intake Radar,,,failed,False,2026-08-17T21:38:24.477715+09:00
Intake Rail,,,failed,False,2026-08-17T20:44:33.462366+09:00
Intake Rate,40.0,0.0,success,False,2026-08-19T20:37:22.627194+09:00
Intake Recap,,,failed,False,2026-08-21T00:59:34.151010+09:00
Intake Receipt,,,failed,False,2026-08-19T21:57:53.749303+09:00
Intake Recorder,,,failed,False,2026-08-27T23:34:49.517197+09:00
Intake Register,50.0,95.0,success,False,2026-08-17T23:06:41.076830+09:00
Intake Registry,,,failed,False,2026-08-18T22:06:47.457116+09:00
Intake Relay,,,failed,False,2026-08-17T21:37:10.762781+09:00
Intake Reminder,10.0,18.0,success,False,2026-08-19T21:10:34.981799+09:00
Intake Report,110.0,0.0,success,False,2026-08-19T13:32:23.096151+09:00
Intake Repository,,,failed,False,2026-08-27T23:13:18.509120+09:00
Intake Result,10.0,0.0,success,False,2026-08-28T00:48:02.582128+09:00
Intake Roadmap,,,failed,False,2026-08-18T22:07:30.618042+09:00
Intake Roster,,,failed,False,2026-08-19T00:37:42.157517+09:00
Intake Route,,,failed,False,2026-08-17T20:46:29.220439+09:00
Intake Rule,,,failed,False,2026-08-23T03:22:09.250404+09:00
Intake Sale,10.0,6.0,success,False,2026-08-21T02:25:47.031494+09:00
Intake Sample,,,failed,False,2026-08-19T21:58:51.076600+09:00
Intake Scale,,,failed,False,2026-08-17T20:47:50.375793+09:00
Intake Scanner,,,failed,False,2026-08-27T23:56:25.215119+09:00
Intake Scheduler,50.0,2.0,success,False,2026-08-17T23:03:51.188489+09:00
Intake Scope,,,failed,False,2026-08-17T20:45:12.889782+09:00
Intake Score,,,failed,False,2026-08-19T13:33:13.480936+09:00
Intake Sentry,,,failed,False,2026-08-17T20:37:51.221015+09:00
Intake Sheet,590.0,2.0,success,False,2026-08-19T13:32:55.447680+09:00
Intake Signal,,,failed,False,2026-08-17T20:47:09.255931+09:00
Intake Signature,10.0,,success,False,2026-08-23T13:26:38.136224+09:00
Intake Slip,,,failed,False,2026-08-19T21:58:41.732793+09:00
Intake Slot,,,failed,False,2026-08-19T21:58:59.534733+09:00
Intake Snapshot,,,failed,False,2026-08-18T22:06:29.857370+09:00
Intake Stage,20.0,18.0,success,False,2026-08-28T00:48:02.582128+09:00
Intake Stake,,,failed,False,2026-08-23T02:56:35.195472+09:00
Intake Stamp,,,failed,False,2026-08-23T13:26:40.982312+09:00
Intake Statement,,,failed,False,2026-08-21T00:26:46.014545+09:00
Intake Station,30.0,0.0,success,False,2026-08-17T21:39:13.221117+09:00
Intake Status,,,failed,False,2026-08-19T20:37:47.819235+09:00
Intake Stub,,,failed,False,2026-08-21T00:26:43.816315+09:00
Intake Studio,10.0,0.0,success,False,2026-08-18T07:51:58.234946+09:00
Intake Suite,,,failed,False,2026-08-17T23:11:23.614440+09:00
Intake Sum,,,failed,False,2026-08-21T02:25:31.969034+09:00
Intake Summary,50.0,0.0,success,False,2026-08-19T21:10:16.662476+09:00
Intake Sync,,,failed,False,2026-08-17T20:33:01.756540+09:00
Intake Tab,140.0,100.0,success,False,2026-08-21T00:24:46.055669+09:00
Intake Table,10.0,0.0,success,False,2026-08-19T21:58:24.385772+09:00
Intake Tag,,,failed,False,2026-08-19T13:33:44.098374+09:00
Intake Tally,,,failed,False,2026-08-21T00:26:53.623558+09:00
Intake Tariff,,,failed,False,2026-08-21T02:42:02.551252+09:00
Intake Tax,,,failed,False,2026-08-21T02:09:31.680775+09:00
Intake Ticket,,,failed,False,2026-08-19T21:11:11.315009+09:00
Intake Timeline,,,failed,False,2026-08-19T21:10:24.800768+09:00
Intake Toll,,,failed,False,2026-08-21T02:41:56.534428+09:00
Intake Toolbox,,,failed,False,2026-08-28T00:25:48.742639+09:00
Intake Toolkit,,,failed,False,2026-08-18T22:06:01.196080+09:00
Intake Total,,,failed,False,2026-08-27T23:13:09.078623+09:00
Intake Tracker,90.0,9.0,success,False,2026-08-17T20:34:03.344800+09:00
Intake Trail,,,failed,False,2026-08-17T20:43:48.259554+09:00
Intake Trend,,,failed,False,2026-08-28T01:07:11.009484+09:00
Intake Trial,,,failed,False,2026-08-27T21:14:58.792070+09:00
Intake Unit,50.0,1.0,success,False,2026-08-21T01:52:16.580435+09:00
Intake Update,,,failed,False,2026-08-19T20:37:31.186118+09:00
Intake Value,50.0,0.0,success,False,2026-08-23T02:56:32.879910+09:00
Intake Vault,,,failed,False,2026-08-17T21:36:12.498401+09:00
Intake Version,,,failed,False,2026-08-23T03:22:03.644415+09:00
Intake View,30.0,1.0,success,False,2026-08-19T20:37:54.785730+09:00
Intake Watch,,,failed,False,2026-08-17T20:45:58.318950+09:00
Intake Wave,,,failed,False,2026-08-17T20:41:38.152103+09:00
Intake Widget,,,failed,False,2026-08-27T23:13:13.331600+09:00
Intake Workbench,,,failed,False,2026-08-18T22:05:53.928204+09:00
Intake Worksheet,,,failed,False,2026-08-27T22:09:16.229025+09:00
Intake Zone,30.0,0.0,success,False,2026-08-17T21:35:38.144027+09:00
Interaction Advisory,,,failed,False,2026-08-21T01:02:50.394287+09:00
Interaction Alert,,,failed,False,2026-08-19T12:26:33.810025+09:00
Interaction Allowance,,,failed,False,2026-08-21T02:41:28.147668+09:00
Interaction Almanac,,,failed,False,2026-08-18T23:51:18.948954+09:00
Interaction Analyzer,10.0,0.0,success,False,2026-08-27T23:53:00.851680+09:00
Interaction Anchor,,,failed,False,2026-08-17T23:30:56.654699+09:00
Interaction Assistant,,,failed,False,2026-08-17T23:27:17.370245+09:00
Interaction Atlas,,,failed,False,2026-08-17T23:26:30.057004+09:00
Interaction Attribute,,,failed,False,2026-08-23T13:08:27.240954+09:00
Interaction Badge,,,failed,False,2026-08-21T00:36:53.427787+09:00
Interaction Base,,,failed,False,2026-08-17T23:32:55.929904+09:00
Interaction Beacon,,,failed,False,2026-08-17T23:30:28.172183+09:00
Interaction Bill,,,failed,False,2026-08-19T22:01:59.739197+09:00
Interaction Blueprint,,,failed,False,2026-08-18T23:51:18.948954+09:00
Interaction Board,8100.0,91.0,success,False,2026-08-17T23:14:16.588426+09:00
Interaction Book,5400.0,82.0,success,False,2026-08-19T22:02:50.225246+09:00
Interaction Bridge,,,failed,False,2026-08-17T23:12:59.903146+09:00
Interaction Brief,,,failed,False,2026-08-21T00:59:46.357323+09:00
Interaction Bulletin,,,failed,False,2026-08-21T00:59:40.549783+09:00
Interaction Calendar,,,failed,False,2026-08-19T00:01:32.528747+09:00
Interaction Card,1000.0,31.0,success,False,2026-08-19T13:21:58.772541+09:00
Interaction Cascade,,,failed,False,2026-08-17T23:30:43.619577+09:00
Interaction Cash,,,failed,False,2026-08-21T02:25:31.969034+09:00
Interaction Cashback,,,failed,False,2026-08-26T22:29:12.332951+09:00
Interaction Catalog,,,failed,False,2026-08-19T21:17:33.160544+09:00
Interaction Category,,,failed,False,2026-08-23T13:08:24.927067+09:00
Interaction Center,90.0,8.0,success,False,2026-08-17T23:10:40.836813+09:00
Interaction Chain,10.0,0.0,success,False,2026-08-17T23:15:28.966007+09:00
Interaction Charge,,,failed,False,2026-08-21T02:41:14.911892+09:00
Interaction Check,390.0,2.0,success,False,2026-08-19T13:23:03.025983+09:00
Interaction Checker,18100.0,1.0,success,False,2026-08-27T23:52:49.352062+09:00
Interaction Checklist,,,failed,False,2026-08-19T21:16:32.174515+09:00
Interaction Circular,,,failed,False,2026-08-21T01:01:57.606553+09:00
Interaction Cockpit,,,failed,False,2026-08-17T23:04:23.573644+09:00
Interaction Code,30.0,2.0,success,False,2026-08-19T22:02:22.489790+09:00
Interaction Codex,,,failed,False,2026-08-18T23:51:21.045994+09:00
Interaction Companion,,,failed,False,2026-08-17T23:28:30.057187+09:00
Interaction Comparison,,,failed,False,2026-08-28T01:03:55.063070+09:00
Interaction Compass,10.0,0.0,success,False,2026-08-17T23:11:21.548397+09:00
Interaction Compendium,,,failed,False,2026-08-18T23:51:21.045994+09:00
Interaction Confirmation,,,failed,False,2026-08-21T01:00:01.570868+09:00
Interaction Console,,,failed,False,2026-08-17T23:24:10.330342+09:00
Interaction Core,,,failed,False,2026-08-17T23:07:22.346415+09:00
Interaction Cost,,,failed,False,2026-08-21T02:09:21.519694+09:00
Interaction Count,,,failed,False,2026-08-27T22:45:10.355251+09:00
Interaction Counter,,,failed,False,2026-08-19T00:02:21.603583+09:00
Interaction Coupon,,,failed,False,2026-08-27T21:20:04.514316+09:00
Interaction Dashboard,2400.0,20.0,success,False,2026-08-17T23:28:11.546877+09:00
Interaction Deal,,,failed,False,2026-08-21T01:52:58.378871+09:00
Interaction Debt,,,failed,False,2026-08-21T02:25:19.750628+09:00
Interaction Deck,,,failed,False,2026-08-17T23:33:20.357749+09:00
Interaction Depot,,,failed,False,2026-08-19T00:02:06.599822+09:00
Interaction Desk,,,failed,False,2026-08-17T23:09:46.743330+09:00
Interaction Detail,30.0,0.0,success,False,2026-08-23T03:21:07.842946+09:00
Interaction Detector,,,failed,False,2026-08-27T23:52:57.703687+09:00
Interaction Dial,,,failed,False,2026-08-17T23:24:30.748337+09:00
Interaction Digest,,,failed,False,2026-08-19T20:42:46.732728+09:00
Interaction Directory,,,failed,False,2026-08-19T00:01:40.731758+09:00
Interaction Dock,,,failed,False,2026-08-17T23:25:24.044948+09:00
Interaction Dossier,,,failed,False,2026-08-21T01:00:07.021185+09:00
Interaction Draft,,,failed,False,2026-08-19T20:43:04.288794+09:00
Interaction Due,,,failed,False,2026-08-23T15:52:50.933121+09:00
Interaction Duty,,,failed,False,2026-08-21T02:41:18.531749+09:00
Interaction Engine,20.0,0.0,success,False,2026-08-17T23:13:36.575210+09:00
Interaction Entry,,,failed,False,2026-08-21T01:00:20.571072+09:00
Interaction Estimate,,,failed,False,2026-08-19T21:17:21.944279+09:00
Interaction Estimator,,,failed,False,2026-08-27T23:52:45.278124+09:00
Interaction Excerpt,,,failed,False,2026-08-21T01:00:16.070819+09:00
Interaction Fare,,,failed,False,2026-08-21T02:09:31.680775+09:00
Interaction Fee,,,failed,False,2026-08-21T01:52:36.759473+09:00
Interaction Feed,,,failed,False,2026-08-19T20:42:55.526386+09:00
Interaction Field,40.0,0.0,success,False,2026-08-23T13:08:30.246419+09:00
Interaction File,10.0,0.0,success,False,2026-08-19T20:42:19.980728+09:00
Interaction Finder,10.0,1.0,success,False,2026-08-19T00:01:57.884072+09:00
Interaction Fine,,,failed,False,2026-08-23T02:56:03.136754+09:00
Interaction Flag,,,failed,False,2026-08-21T00:25:24.031302+09:00
Interaction Flow,480.0,10.0,success,False,2026-08-17T23:29:25.330773+09:00
Interaction Forge,,,failed,False,2026-08-17T23:05:55.492568+09:00
Interaction Form,720.0,21.0,success,False,2026-08-19T13:21:49.505722+09:00
Interaction Format,,,failed,False,2026-08-23T13:08:34.053815+09:00
Interaction Frame,10.0,0.0,success,False,2026-08-17T23:12:34.850967+09:00
Interaction Fund,,,failed,False,2026-08-21T02:25:24.803683+09:00
Interaction Gate,,,failed,False,2026-08-17T23:26:16.391059+09:00
Interaction Giveaway,,,failed,False,2026-08-27T21:12:46.088803+09:00
Interaction Grade,,,failed,False,2026-08-21T00:25:04.867976+09:00
Interaction Graph,260.0,0.0,success,False,2026-08-27T22:06:42.047958+09:00
Interaction Grid,320.0,2.0,success,False,2026-08-17T23:09:26.162855+09:00
Interaction Guarantee,,,failed,False,2026-08-28T01:04:04.391433+09:00
Interaction Guard,,,failed,False,2026-08-17T23:13:17.884356+09:00
Interaction Guardian,,,failed,False,2026-08-28T00:23:05.201958+09:00
Interaction Guidebook,,,failed,False,2026-08-18T23:51:21.045994+09:00
Interaction Helpdesk,,,failed,False,2026-08-27T22:45:15.401077+09:00
Interaction Helper,,,failed,False,2026-08-28T00:23:11.653599+09:00
Interaction History,480.0,3.0,success,False,2026-08-19T20:42:12.538195+09:00
Interaction Hotline,,,failed,False,2026-08-19T21:17:42.432873+09:00
Interaction Hub,110.0,1.0,success,False,2026-08-17T23:14:53.160605+09:00
Interaction Identifier,,,failed,False,2026-08-23T13:08:21.567126+09:00
Interaction Incentive,,,failed,False,2026-08-26T22:29:34.366294+09:00
Interaction Index,30.0,0.0,success,False,2026-08-19T21:16:45.147013+09:00
Interaction Insight,20.0,1.0,success,False,2026-08-17T23:10:04.608173+09:00
Interaction Item,,,failed,False,2026-08-21T01:52:41.314698+09:00
Interaction Journal,720.0,1.0,success,False,2026-08-18T23:51:21.045994+09:00
Interaction Keeper,,,failed,False,2026-08-17T23:26:43.020316+09:00
Interaction Lab,320.0,0.0,success,False,2026-08-17T23:33:34.870792+09:00
Interaction Label,,,failed,False,2026-08-27T22:06:42.047958+09:00
Interaction Ledger,,,failed,False,2026-08-17T23:33:09.699963+09:00
Interaction Lens,140.0,2.0,success,False,2026-08-17T23:32:45.524936+09:00
Interaction Level,90.0,0.0,success,False,2026-08-19T20:42:25.910879+09:00
Interaction Link,,,failed,False,2026-08-23T03:20:56.810289+09:00
Interaction List,110.0,7.0,success,False,2026-08-19T22:02:31.549197+09:00
Interaction Loan,,,failed,False,2026-08-21T02:09:44.145059+09:00
Interaction Locator,,,failed,False,2026-08-19T00:01:49.817235+09:00
Interaction Lock,,,failed,False,2026-08-17T23:32:28.634296+09:00
Interaction Log,4400.0,0.0,success,True,2026-08-19T13:21:11.802983+09:00
Interaction Loop,30.0,0.0,success,False,2026-08-17T23:31:38.790135+09:00
Interaction Manager,110.0,2.0,success,False,2026-08-17T23:06:35.609380+09:00
Interaction Manual,,,failed,False,2026-08-27T22:06:46.717056+09:00
Interaction Map,60500.0,1.0,success,False,2026-08-17T23:05:30.117127+09:00
Interaction Margin,,,failed,False,2026-08-23T02:56:00.191983+09:00
Interaction Memo,,,failed,False,2026-08-21T00:25:10.675439+09:00
Interaction Message,30.0,0.0,success,False,2026-08-27T23:10:47.155079+09:00
Interaction Meter,,,failed,False,2026-08-17T23:06:57.045511+09:00
Interaction Metrics,40.0,1.0,success,False,2026-08-17T23:27:58.060156+09:00
Interaction Monitor,,,failed,False,2026-08-17T23:27:45.087946+09:00
Interaction Navigator,,,failed,False,2026-08-17T23:11:38.355115+09:00
Interaction Nexus,,,failed,False,2026-08-17T23:04:42.962346+09:00
Interaction Node,,,failed,False,2026-08-17T23:10:22.607509+09:00
Interaction Note,,,failed,False,2026-08-19T13:23:22.980764+09:00
Interaction Notification,,,failed,False,2026-08-27T22:45:05.269508+09:00
Interaction Number,30.0,0.0,success,False,2026-08-23T03:20:50.654201+09:00
Interaction Office,10.0,7.0,success,False,2026-08-19T00:02:12.644181+09:00
Interaction Ops,,,failed,False,2026-08-17T23:28:48.980231+09:00
Interaction Order,110.0,0.0,success,False,2026-08-19T22:01:51.400634+09:00
Interaction Organizer,,,failed,False,2026-08-17T23:15:12.775041+09:00
Interaction Overdue,,,failed,False,2026-08-27T21:45:54.192033+09:00
Interaction Panel,8100.0,72.0,success,False,2026-08-17T23:12:17.050075+09:00
Interaction Pass,,,failed,False,2026-08-21T00:36:44.968976+09:00
Interaction Path,,,failed,False,2026-08-17T23:32:15.494443+09:00
Interaction Petition,,,failed,False,2026-08-21T00:59:56.543467+09:00
Interaction Pilot,,,failed,False,2026-08-17T23:29:41.239949+09:00
Interaction Plan,10.0,0.0,success,False,2026-08-21T01:52:53.581920+09:00
Interaction Planner,,,failed,False,2026-08-17T23:08:20.793662+09:00
Interaction Playbook,,,failed,False,2026-08-18T23:51:21.045994+09:00
Interaction Point,110.0,0.0,success,False,2026-08-17T23:11:03.494377+09:00
Interaction Portal,390.0,6.0,success,False,2026-08-17T23:05:06.987834+09:00
Interaction Preview,,,failed,False,2026-08-28T01:04:00.519509+09:00
Interaction Profile,,,failed,False,2026-08-19T13:23:50.629735+09:00
Interaction Profit,,,failed,False,2026-08-23T02:55:53.099561+09:00
Interaction Proposal,,,failed,False,2026-08-28T01:04:04.391433+09:00
Interaction Pulse,,,failed,False,2026-08-17T23:31:54.862824+09:00
Interaction Queue,,,failed,False,2026-08-19T21:17:11.439811+09:00
Interaction Quota,,,failed,False,2026-08-21T00:25:18.497443+09:00
Interaction Radar,,,failed,False,2026-08-17T23:29:58.873666+09:00
Interaction Rail,,,failed,False,2026-08-17T23:08:40.393362+09:00
Interaction Rate,170.0,2.0,success,False,2026-08-19T20:42:32.517249+09:00
Interaction Recap,,,failed,False,2026-08-21T01:02:12.129826+09:00
Interaction Receipt,,,failed,False,2026-08-19T22:02:09.365210+09:00
Interaction Recorder,10.0,0.0,success,False,2026-08-27T23:33:13.459329+09:00
Interaction Register,10.0,0.0,success,False,2026-08-17T23:06:14.261884+09:00
Interaction Registry,,,failed,False,2026-08-18T23:51:21.045994+09:00
Interaction Relay,,,failed,False,2026-08-17T23:04:05.706993+09:00
Interaction Reminder,,,failed,False,2026-08-19T21:16:21.953049+09:00
Interaction Report,40.0,1.0,success,False,2026-08-19T13:20:54.330811+09:00
Interaction Repository,,,failed,False,2026-08-27T23:10:55.756193+09:00
Interaction Result,,,failed,False,2026-08-28T00:46:47.850580+09:00
Interaction Roadmap,,,failed,False,2026-08-18T23:51:21.045994+09:00
Interaction Roster,,,failed,False,2026-08-19T00:37:17.107740+09:00
Interaction Route,,,failed,False,2026-08-17T23:13:55.425659+09:00
Interaction Rule,,,failed,False,2026-08-23T03:21:04.390216+09:00
Interaction Sale,,,failed,False,2026-08-21T02:25:35.476201+09:00
Interaction Sample,,,failed,False,2026-08-19T22:03:11.253996+09:00
Interaction Scale,10.0,0.0,success,False,2026-08-17T23:24:54.415182+09:00
Interaction Scanner,10.0,0.0,success,False,2026-08-27T23:52:54.402675+09:00
Interaction Scheduler,,,failed,False,2026-08-17T23:27:29.516151+09:00
Interaction Scope,,,failed,False,2026-08-17T23:14:36.904616+09:00
Interaction Score,210.0,4.0,success,False,2026-08-19T13:23:14.484254+09:00
Interaction Sentry,,,failed,False,2026-08-17T23:11:57.762151+09:00
Interaction Sheet,,,failed,False,2026-08-19T13:22:13.329978+09:00
Interaction Signal,,,failed,False,2026-08-17T23:07:41.199314+09:00
Interaction Signature,,,failed,False,2026-08-23T13:27:59.739210+09:00
Interaction Slip,,,failed,False,2026-08-19T22:03:03.584652+09:00
Interaction Slot,,,failed,False,2026-08-19T22:03:20.182030+09:00
Interaction Snapshot,,,failed,False,2026-08-18T23:51:21.045994+09:00
Interaction Stake,,,failed,False,2026-08-23T02:55:57.484668+09:00
Interaction Statement,10.0,0.0,success,False,2026-08-21T00:24:51.764822+09:00
Interaction Station,,,failed,False,2026-08-17T22:49:21.662634+09:00
Interaction Status,70.0,0.0,success,False,2026-08-19T20:41:57.553937+09:00
Interaction Stub,,,failed,False,2026-08-21T00:24:43.469777+09:00
Interaction Studio,2900.0,1.0,success,False,2026-08-17T23:09:02.276027+09:00
Interaction Suite,,,failed,False,2026-08-17T23:27:00.420532+09:00
Interaction Sum,,,failed,False,2026-08-21T02:25:13.538662+09:00
Interaction Summary,40.0,0.0,success,False,2026-08-19T21:15:58.285929+09:00
Interaction Sync,,,failed,False,2026-08-17T23:08:02.086738+09:00
Interaction Tab,,,failed,False,2026-08-21T00:25:32.620138+09:00
Interaction Table,90.0,6.0,success,False,2026-08-19T22:02:41.688719+09:00
Interaction Tag,,,failed,False,2026-08-19T13:23:40.624873+09:00
Interaction Tally,,,failed,False,2026-08-21T00:24:57.111152+09:00
Interaction Tariff,,,failed,False,2026-08-21T02:41:32.223715+09:00
Interaction Tax,,,failed,False,2026-08-21T02:09:39.165114+09:00
Interaction Ticket,,,failed,False,2026-08-19T21:16:59.496910+09:00
Interaction Tier,,,failed,False,2026-08-28T00:46:47.850580+09:00
Interaction Timeline,1900.0,12.0,success,False,2026-08-19T21:16:09.798326+09:00
Interaction Timer,,,failed,False,2026-08-28T00:23:02.722044+09:00
Interaction Toll,,,failed,False,2026-08-21T02:41:24.321159+09:00
Interaction Toolbox,,,failed,False,2026-08-28T00:23:08.180984+09:00
Interaction Toolkit,30.0,0.0,success,False,2026-08-18T22:12:17.661018+09:00
Interaction Total,,,failed,False,2026-08-27T23:10:47.155079+09:00
Interaction Tracker,110.0,1.0,success,False,2026-08-17T23:29:05.712614+09:00
Interaction Trail,,,failed,False,2026-08-17T23:25:47.175267+09:00
Interaction Trend,,,failed,False,2026-08-28T01:03:55.063070+09:00
Interaction Trial,,,failed,False,2026-08-26T22:29:25.643786+09:00
Interaction Unit,,,failed,False,2026-08-21T01:52:45.246437+09:00
Interaction Update,10.0,0.0,success,False,2026-08-19T20:42:37.692999+09:00
Interaction Value,20.0,0.0,success,False,2026-08-23T02:55:55.232894+09:00
Interaction Vault,,,failed,False,2026-08-17T23:30:12.792820+09:00
Interaction Version,,,failed,False,2026-08-23T03:20:52.959248+09:00
Interaction View,260.0,0.0,success,False,2026-08-19T20:42:06.894940+09:00
Interaction Voucher,,,failed,False,2026-08-21T00:36:48.316365+09:00
Interaction Watch,320.0,80.0,success,False,2026-08-17T23:31:21.435106+09:00
Interaction Wave,,,failed,False,2026-08-17T23:03:45.434649+09:00
Interaction Widget,210.0,1.0,success,False,2026-08-27T23:10:50.264630+09:00
Interaction Workbench,,,failed,False,2026-08-18T22:12:10.821921+09:00
Interaction Worksheet,1900.0,9.0,success,False,2026-08-27T22:06:51.467328+09:00
Interaction Workshop,,,failed,False,2026-08-28T00:23:02.722044+09:00
Interaction Zone,210.0,0.0,success,False,2026-08-17T23:23:52.832374+09:00
Intercom Alert,,,failed,False,2026-08-19T21:10:27.505284+09:00
Intercom Allowance,,,failed,False,2026-08-21T02:41:24.321159+09:00
Intercom Analyzer,,,failed,False,2026-08-27T23:51:51.958622+09:00
Intercom Announcement,110.0,7.0,success,False,2026-08-27T23:31:29.961537+09:00
Intercom Assistant,,,failed,False,2026-08-19T21:04:59.839669+09:00
Intercom Atlas,,,failed,False,2026-08-19T21:04:08.048540+09:00
Intercom Badge,50.0,0.0,success,False,2026-08-21T00:25:40.973918+09:00
Intercom Base,10.0,30.0,success,False,2026-08-19T21:29:59.646453+09:00
Intercom Bay,,,failed,False,2026-08-19T21:08:37.744349+09:00
Intercom Beacon,10.0,97.0,success,False,2026-08-19T21:19:09.949699+09:00
Intercom Bill,,,failed,False,2026-08-19T22:03:20.182030+09:00
Intercom Board,40.0,29.0,success,False,2026-08-19T21:30:22.896569+09:00
Intercom Book,90.0,0.0,success,False,2026-08-19T22:04:10.383393+09:00
Intercom Booth,,,failed,False,2026-08-19T21:08:05.171033+09:00
Intercom Bridge,,,failed,False,2026-08-19T21:19:44.972350+09:00
Intercom Brief,,,failed,False,2026-08-21T01:01:17.697392+09:00
Intercom Bulletin,,,failed,False,2026-08-21T01:01:13.751057+09:00
Intercom Calendar,10.0,29.0,success,False,2026-08-19T21:06:52.977513+09:00
Intercom Card,40.0,39.0,success,False,2026-08-19T21:12:39.256118+09:00
Intercom Cascade,,,failed,False,2026-08-19T21:19:32.635751+09:00
Intercom Cash,,,failed,False,2026-08-21T02:24:14.838617+09:00
Intercom Cashback,,,failed,False,2026-08-27T21:17:21.350185+09:00
Intercom Catalog,,,failed,False,2026-08-19T21:17:25.572760+09:00
Intercom Center,,,failed,False,2026-08-19T21:31:09.123245+09:00
Intercom Chain,,,failed,False,2026-08-19T21:32:21.399233+09:00
Intercom Charge,,,failed,False,2026-08-21T02:41:14.911892+09:00
Intercom Check,,,failed,False,2026-08-19T21:12:59.685218+09:00
Intercom Checker,,,failed,False,2026-08-27T23:51:43.048579+09:00
Intercom Checklist,140.0,8.0,success,False,2026-08-19T21:16:23.704707+09:00
Intercom Code,140.0,3.0,success,False,2026-08-19T22:03:39.900427+09:00
Intercom Companion,,,failed,False,2026-08-19T21:05:49.435162+09:00
Intercom Comparison,50.0,39.0,success,False,2026-08-28T01:03:43.206787+09:00
Intercom Compass,,,failed,False,2026-08-19T21:18:56.938365+09:00
Intercom Confirmation,,,failed,False,2026-08-21T01:01:30.993537+09:00
Intercom Core,,,failed,False,2026-08-19T21:30:07.251599+09:00
Intercom Cost,5400.0,51.0,success,False,2026-08-21T02:07:07.042559+09:00
Intercom Count,,,failed,False,2026-08-27T22:50:55.041515+09:00
Intercom Coupon,10.0,9.0,success,False,2026-08-27T21:17:21.350185+09:00
Intercom Deal,,,failed,False,2026-08-21T01:56:12.510800+09:00
Intercom Debt,,,failed,False,2026-08-21T02:24:08.080909+09:00
Intercom Deck,,,failed,False,2026-08-19T21:30:31.013934+09:00
Intercom Desk,110.0,79.0,success,False,2026-08-19T21:18:11.999906+09:00
Intercom Detail,,,failed,False,2026-08-23T03:16:19.788711+09:00
Intercom Diagram,140.0,1.0,success,False,2026-08-27T22:12:55.481525+09:00
Intercom Digest,,,failed,False,2026-08-19T21:15:19.107238+09:00
Intercom Directory,140.0,2.0,success,False,2026-08-19T21:07:04.594270+09:00
Intercom Dossier,,,failed,False,2026-08-21T01:01:35.076961+09:00
Intercom Downpayment,,,failed,False,2026-08-27T21:48:35.689301+09:00
Intercom Draft,,,failed,False,2026-08-19T21:15:40.357740+09:00
Intercom Duty,10.0,,success,False,2026-08-21T02:41:18.531749+09:00
Intercom Engine,,,failed,False,2026-08-19T21:04:47.167430+09:00
Intercom Entry,40.0,96.0,success,False,2026-08-21T01:01:49.387114+09:00
Intercom Estimate,,,failed,False,2026-08-19T21:17:15.430061+09:00
Intercom Estimator,,,failed,False,2026-08-27T23:51:43.048579+09:00
Intercom Fare,,,failed,False,2026-08-21T02:07:16.373051+09:00
Intercom Fee,,,failed,False,2026-08-21T01:55:59.445411+09:00
Intercom Feed,,,failed,False,2026-08-19T21:15:29.461766+09:00
Intercom File,,,failed,False,2026-08-19T21:14:29.704334+09:00
Intercom Finder,,,failed,False,2026-08-19T21:07:27.526395+09:00
Intercom Flag,,,failed,False,2026-08-21T00:26:21.311990+09:00
Intercom Flow,,,failed,False,2026-08-19T21:17:53.819858+09:00
Intercom Forge,,,failed,False,2026-08-19T21:19:21.338240+09:00
Intercom Form,90.0,48.0,success,False,2026-08-19T21:12:30.069108+09:00
Intercom Frame,40.0,27.0,success,False,2026-08-19T21:29:53.324584+09:00
Intercom Fund,,,failed,False,2026-08-21T02:24:12.217966+09:00
Intercom Gate,1300.0,100.0,success,False,2026-08-19T21:03:41.880915+09:00
Intercom Giveaway,,,failed,False,2026-08-27T21:17:29.346524+09:00
Intercom Grade,,,failed,False,2026-08-21T00:26:05.533599+09:00
Intercom Grid,,,failed,False,2026-08-19T21:29:16.026683+09:00
Intercom Guarantee,,,failed,False,2026-08-28T01:03:48.385418+09:00
Intercom Guardian,,,failed,False,2026-08-28T00:22:23.551401+09:00
Intercom Helpdesk,1000.0,11.0,success,False,2026-08-27T22:50:57.800091+09:00
Intercom Helper,,,failed,False,2026-08-28T00:22:28.798439+09:00
Intercom History,90.0,6.0,success,False,2026-08-19T21:14:19.651241+09:00
Intercom Hotline,,,failed,False,2026-08-19T21:17:35.138769+09:00
Intercom Hub,30.0,85.0,success,False,2026-08-19T21:18:01.862049+09:00
Intercom Inbox,320.0,16.0,success,False,2026-08-19T21:10:18.944671+09:00
Intercom Incentive,,,failed,False,2026-08-27T21:17:26.157906+09:00
Intercom Index,,,failed,False,2026-08-19T21:16:33.965835+09:00
Intercom Item,,,failed,False,2026-08-21T01:56:01.200736+09:00
Intercom Journal,10.0,0.0,success,False,2026-08-19T21:06:35.637376+09:00
Intercom Kiosk,,,failed,False,2026-08-19T21:08:15.358718+09:00
Intercom Kit,320.0,100.0,success,False,2026-08-27T22:50:47.949618+09:00
Intercom Lab,20.0,0.0,success,False,2026-08-19T21:30:45.595196+09:00
Intercom Label,,,failed,False,2026-08-27T22:12:46.306034+09:00
Intercom Ledger,,,failed,False,2026-08-19T21:30:16.349132+09:00
Intercom Level,,,failed,False,2026-08-19T21:14:40.806707+09:00
Intercom Line,90.0,23.0,success,False,2026-08-19T21:11:31.992305+09:00
Intercom Link,70.0,80.0,success,False,2026-08-23T03:16:13.014331+09:00
Intercom List,90.0,10.0,success,False,2026-08-19T22:03:49.697196+09:00
Intercom Loan,,,failed,False,2026-08-21T02:07:29.886940+09:00
Intercom Locator,,,failed,False,2026-08-19T21:07:18.151537+09:00
Intercom Log,20.0,16.0,success,False,2026-08-19T21:12:20.631006+09:00
Intercom Loop,,,failed,False,2026-08-19T21:29:10.316262+09:00
Intercom Manager,,,failed,False,2026-08-19T21:04:33.210036+09:00
Intercom Manual,110.0,7.0,success,False,2026-08-27T22:12:52.289733+09:00
Intercom Map,40.0,1.0,success,False,2026-08-19T21:29:47.496953+09:00
Intercom Memo,,,failed,False,2026-08-21T00:26:10.737162+09:00
Intercom Message,110.0,22.0,success,False,2026-08-27T23:09:53.622041+09:00
Intercom Monitor,260.0,97.0,success,False,2026-08-19T21:05:37.228592+09:00
Intercom Nexus,,,failed,False,2026-08-19T21:03:55.204280+09:00
Intercom Note,1000.0,0.0,success,True,2026-08-19T21:13:25.403661+09:00
Intercom Notification,170.0,2.0,success,False,2026-08-27T22:50:43.878395+09:00
Intercom Number,320.0,1.0,success,False,2026-08-23T03:15:59.188624+09:00
Intercom Ops,,,failed,False,2026-08-19T21:06:13.197757+09:00
Intercom Order,,,failed,False,2026-08-19T22:03:11.253996+09:00
Intercom Outpost,,,failed,False,2026-08-19T21:09:00.850536+09:00
Intercom Overage,,,failed,False,2026-08-27T21:48:33.250783+09:00
Intercom Overdue,,,failed,False,2026-08-27T21:48:28.268054+09:00
Intercom Panel,390.0,78.0,success,False,2026-08-19T21:31:40.381854+09:00
Intercom Pass,,,failed,False,2026-08-21T00:25:26.988508+09:00
Intercom Path,,,failed,False,2026-08-19T21:29:30.457441+09:00
Intercom Payoff,,,failed,False,2026-08-27T21:48:30.689545+09:00
Intercom Petition,,,failed,False,2026-08-21T01:01:28.263811+09:00
Intercom Plan,260.0,36.0,success,False,2026-08-21T01:56:06.760187+09:00
Intercom Planner,,,failed,False,2026-08-19T21:05:12.493876+09:00
Intercom Playbook,,,failed,False,2026-08-19T21:06:25.471396+09:00
Intercom Point,90.0,16.0,success,False,2026-08-19T21:29:40.498335+09:00
Intercom Portal,70.0,2.0,success,False,2026-08-19T21:31:23.417988+09:00
Intercom Post,320.0,100.0,success,False,2026-08-19T21:08:48.624997+09:00
Intercom Preview,,,failed,False,2026-08-28T01:03:45.781044+09:00
Intercom Profile,20.0,10.0,success,False,2026-08-19T21:13:48.359259+09:00
Intercom Profit,,,failed,False,2026-08-23T02:52:30.798474+09:00
Intercom Proposal,,,failed,False,2026-08-28T01:03:48.385418+09:00
Intercom Queue,,,failed,False,2026-08-19T21:17:02.639874+09:00
Intercom Radar,,,failed,False,2026-08-19T21:18:22.582804+09:00
Intercom Rail,,,failed,False,2026-08-19T21:32:03.032645+09:00
Intercom Rate,10.0,7.0,success,False,2026-08-19T21:14:51.947092+09:00
Intercom Receipt,,,failed,False,2026-08-19T22:03:30.282761+09:00
Intercom Recorder,10.0,54.0,success,False,2026-08-27T23:31:41.970749+09:00
Intercom Register,,,failed,False,2026-08-19T21:06:02.010882+09:00
Intercom Registry,,,failed,False,2026-08-19T21:06:44.412093+09:00
Intercom Relay,20.0,37.0,success,False,2026-08-19T21:18:32.816387+09:00
Intercom Reminder,,,failed,False,2026-08-19T21:16:11.566322+09:00
Intercom Report,140.0,15.0,success,False,2026-08-19T21:12:05.902513+09:00
Intercom Ring,260.0,99.0,success,False,2026-08-19T21:03:27.831086+09:00
Intercom Roster,,,failed,False,2026-08-19T21:10:05.581791+09:00
Intercom Route,,,failed,False,2026-08-19T21:31:56.342454+09:00
Intercom Rule,,,failed,False,2026-08-23T03:16:15.944869+09:00
Intercom Sale,320.0,95.0,success,False,2026-08-21T02:24:23.153426+09:00
Intercom Scale,10.0,21.0,success,False,2026-08-19T21:31:50.558670+09:00
Intercom Scheduler,,,failed,False,2026-08-19T21:05:24.897505+09:00
Intercom Schematic,40.0,5.0,success,False,2026-08-27T22:29:16.006701+09:00
Intercom Scope,,,failed,False,2026-08-19T21:29:00.879622+09:00
Intercom Score,,,failed,False,2026-08-19T21:13:15.643031+09:00
Intercom Sheet,,,failed,False,2026-08-19T21:12:48.974552+09:00
Intercom Shortfall,,,failed,False,2026-08-27T21:48:38.041939+09:00
Intercom Signal,,,failed,False,2026-08-19T21:19:54.949155+09:00
Intercom Slip,,,failed,False,2026-08-19T22:04:20.465966+09:00
Intercom Slot,,,failed,False,2026-08-19T22:04:42.218437+09:00
Intercom Statement,,,failed,False,2026-08-21T00:25:54.977191+09:00
Intercom Station,170.0,79.0,success,False,2026-08-19T21:30:51.810974+09:00
Intercom Status,1900.0,2.0,success,False,2026-08-19T21:13:59.350184+09:00
Intercom Stub,,,failed,False,2026-08-21T00:25:47.755507+09:00
Intercom Studio,50.0,36.0,success,False,2026-08-19T21:30:36.862882+09:00
Intercom Sum,,,failed,False,2026-08-21T02:24:04.256033+09:00
Intercom Summary,,,failed,False,2026-08-19T21:15:49.735937+09:00
Intercom Table,30.0,14.0,success,False,2026-08-19T22:03:59.574342+09:00
Intercom Tag,70.0,2.0,success,False,2026-08-19T21:13:36.060170+09:00
Intercom Tally,30.0,72.0,success,False,2026-08-21T00:26:00.566845+09:00
Intercom Tariff,,,failed,False,2026-08-21T02:41:28.147668+09:00
Intercom Tax,,,failed,False,2026-08-21T02:07:20.173569+09:00
Intercom Terminal,10.0,8.0,success,False,2026-08-19T21:31:01.684338+09:00
Intercom Ticker,,,failed,False,2026-08-19T21:11:21.991848+09:00
Intercom Ticket,260.0,26.0,success,False,2026-08-19T21:16:48.614230+09:00
Intercom Tier,,,failed,False,2026-08-28T00:46:36.452526+09:00
Intercom Timeline,,,failed,False,2026-08-19T21:16:02.434865+09:00
Intercom Toll,,,failed,False,2026-08-21T02:41:21.123178+09:00
Intercom Toolbox,,,failed,False,2026-08-28T00:22:26.191039+09:00
Intercom Tracker,70.0,4.0,success,False,2026-08-19T21:17:45.288805+09:00
Intercom Trail,,,failed,False,2026-08-19T21:32:13.666054+09:00
Intercom Trial,50.0,55.0,success,False,2026-08-27T21:17:23.968001+09:00
Intercom Unit,260.0,100.0,success,False,2026-08-21T01:56:03.758206+09:00
Intercom Value,1600.0,0.0,success,True,2026-08-23T02:52:33.355566+09:00
Intercom Vault,,,failed,False,2026-08-19T21:18:42.622010+09:00
Intercom Version,10.0,0.0,success,False,2026-08-23T03:16:04.926690+09:00
Intercom View,,,failed,False,2026-08-19T21:14:09.280828+09:00
Intercom Voucher,,,failed,False,2026-08-21T00:25:35.006393+09:00
Intercom Watch,20.0,70.0,success,False,2026-08-19T21:20:07.240027+09:00
Intercom Wave,10.0,93.0,success,False,2026-08-19T21:29:24.641827+09:00
Intercom Widget,480.0,5.0,success,False,2026-08-27T23:09:59.459850+09:00
Intercom Window,30.0,79.0,success,False,2026-08-19T21:11:44.619551+09:00
Intercom Worksheet,,,failed,False,2026-08-27T22:12:52.289733+09:00
Intercom Yard,,,failed,False,2026-08-19T21:08:27.297609+09:00
Intercom Zone,20.0,93.0,success,False,2026-08-19T21:31:14.747264+09:00
Internship Advance,,,failed,False,2026-08-23T16:11:31.628533+09:00
Internship Alert,70.0,3.0,success,False,2026-08-21T01:36:42.310879+09:00
Internship Allowance,390.0,0.0,success,False,2026-08-21T02:38:47.806400+09:00
Internship Analyzer,,,failed,False,2026-08-27T23:56:59.391700+09:00
Internship Announcement,90.0,0.0,success,False,2026-08-27T23:34:57.472203+09:00
Internship Arrears,,,failed,False,2026-08-23T16:11:27.999005+09:00
Internship Asset,,,failed,False,2026-08-23T13:48:15.214978+09:00
Internship Atlas,20.0,0.0,success,False,2026-08-21T01:43:34.239530+09:00
Internship Attribute,,,failed,False,2026-08-23T13:07:53.746009+09:00
Internship Badge,210.0,2.0,success,False,2026-08-21T01:39:49.686792+09:00
Internship Balance,,,failed,False,2026-08-23T13:48:13.167118+09:00
Internship Base,10.0,0.0,success,False,2026-08-21T01:42:02.866390+09:00
Internship Beacon,,,failed,False,2026-08-21T01:41:14.289680+09:00
Internship Bill,50.0,0.0,success,False,2026-08-21T01:39:07.193029+09:00
Internship Board,110.0,9.0,success,False,2026-08-21T01:42:13.880844+09:00
Internship Bridge,260.0,0.0,success,False,2026-08-21T01:41:22.153477+09:00
Internship Brief,10.0,0.0,success,False,2026-08-21T01:40:19.724237+09:00
Internship Bulletin,,,failed,False,2026-08-21T01:40:17.321567+09:00
Internship Cabinet,,,failed,False,2026-08-27T23:13:31.938909+09:00
Internship Calculator,30.0,0.0,success,False,2026-08-27T23:34:59.997959+09:00
Internship Card,110.0,3.0,success,False,2026-08-21T01:37:30.941685+09:00
Internship Cascade,,,failed,False,2026-08-21T01:41:20.184116+09:00
Internship Cash,,,failed,False,2026-08-21T02:21:33.857873+09:00
Internship Cashback,,,failed,False,2026-08-27T21:14:33.237385+09:00
Internship Category,20.0,0.0,success,False,2026-08-23T13:07:51.086484+09:00
Internship Center,50.0,1.0,success,False,2026-08-21T01:42:40.721389+09:00
Internship Chain,,,failed,False,2026-08-21T01:43:14.953756+09:00
Internship Charge,,,failed,False,2026-08-21T02:38:41.018051+09:00
Internship Chart,20.0,0.0,success,False,2026-08-21T01:36:47.067872+09:00
Internship Check,,,failed,False,2026-08-21T01:37:37.070410+09:00
Internship Checker,,,failed,False,2026-08-27T23:56:53.046222+09:00
Internship Code,720.0,25.0,success,False,2026-08-21T01:39:18.143916+09:00
Internship Comparison,,,failed,False,2026-08-28T01:08:07.317285+09:00
Internship Confirmation,40.0,0.0,success,False,2026-08-21T01:40:35.434951+09:00
Internship Console,,,failed,False,2026-08-21T01:42:51.256978+09:00
Internship Contribution,,,failed,False,2026-08-23T16:11:24.096021+09:00
Internship Core,10.0,0.0,success,False,2026-08-21T01:42:05.228292+09:00
Internship Cost,40.0,1.0,success,False,2026-08-21T02:14:24.666160+09:00
Internship Count,10.0,,success,False,2026-08-27T22:47:56.654242+09:00
Internship Counter,,,failed,False,2026-08-21T01:35:59.252508+09:00
Internship Coupon,,,failed,False,2026-08-27T21:14:33.237385+09:00
Internship Deal,,,failed,False,2026-08-21T01:58:06.326002+09:00
Internship Debt,,,failed,False,2026-08-21T02:21:23.135425+09:00
Internship Deck,,,failed,False,2026-08-21T01:42:20.086183+09:00
Internship Desk,110.0,3.0,success,False,2026-08-21T01:40:55.486600+09:00
Internship Detail,,,failed,False,2026-08-23T03:19:32.678416+09:00
Internship Diagram,20.0,0.0,success,False,2026-08-27T22:09:05.119901+09:00
Internship Directory,20.0,0.0,success,False,2026-08-21T01:35:59.252508+09:00
Internship Discount,,,failed,False,2026-08-23T16:11:16.199786+09:00
Internship Draft,10.0,2.0,success,False,2026-08-21T01:38:38.622768+09:00
Internship Due,,,failed,False,2026-08-23T15:53:05.427640+09:00
Internship Duty,320.0,0.0,success,False,2026-08-21T02:38:43.386978+09:00
Internship Endowment,,,failed,False,2026-08-23T15:53:08.210333+09:00
Internship Engine,,,failed,False,2026-08-21T01:43:50.237250+09:00
Internship Entry,,,failed,False,2026-08-21T01:40:42.553901+09:00
Internship Estimate,,,failed,False,2026-08-21T01:38:59.099455+09:00
Internship Estimator,10.0,0.0,success,False,2026-08-27T23:56:53.046222+09:00
Internship Extension,140.0,0.0,success,False,2026-08-23T16:37:34.255373+09:00
Internship Fare,,,failed,False,2026-08-21T02:14:32.398981+09:00
Internship Fee,210.0,0.0,success,False,2026-08-21T01:57:50.113408+09:00
Internship Feed,,,failed,False,2026-08-21T01:38:34.046103+09:00
Internship File,1000.0,0.0,success,True,2026-08-21T01:38:16.172375+09:00
Internship Flow,,,failed,False,2026-08-21T01:40:48.434359+09:00
Internship Forge,,,failed,False,2026-08-21T01:41:18.223212+09:00
Internship Form,2400.0,1.0,success,False,2026-08-21T01:37:28.905967+09:00
Internship Format,2400.0,1.0,success,False,2026-08-23T13:07:59.189669+09:00
Internship Frame,,,failed,False,2026-08-21T01:42:00.180241+09:00
Internship Fund,480.0,3.0,success,False,2026-08-21T02:21:27.143708+09:00
Internship Gate,90.0,1.0,success,False,2026-08-21T01:43:25.178324+09:00
Internship Giveaway,,,failed,False,2026-08-27T21:14:38.915931+09:00
Internship Graph,,,failed,False,2026-08-27T22:08:49.995304+09:00
Internship Grid,,,failed,False,2026-08-21T01:41:44.452509+09:00
Internship Guarantee,,,failed,False,2026-08-28T01:08:15.051453+09:00
Internship Helpdesk,,,failed,False,2026-08-27T22:47:59.631121+09:00
Internship Helper,,,failed,False,2026-08-28T00:26:20.204001+09:00
Internship History,880.0,4.0,success,False,2026-08-21T01:38:12.819970+09:00
Internship Hub,590.0,3.0,success,False,2026-08-21T01:40:53.074721+09:00
Internship Identifier,,,failed,False,2026-08-23T13:07:51.086484+09:00
Internship Inbox,,,failed,False,2026-08-21T01:36:39.432784+09:00
Internship Incentive,,,failed,False,2026-08-27T21:14:38.915931+09:00
Internship Index,20.0,0.0,success,False,2026-08-21T01:38:52.841882+09:00
Internship Installment,,,failed,False,2026-08-23T16:11:21.537507+09:00
Internship Interest,30.0,0.0,success,False,2026-08-23T13:48:13.167118+09:00
Internship Item,,,failed,False,2026-08-21T01:57:54.921820+09:00
Internship Journal,260.0,2.0,success,False,2026-08-21T01:44:31.242398+09:00
Internship Keeper,,,failed,False,2026-08-21T01:43:42.058918+09:00
Internship Kit,90.0,1.0,success,False,2026-08-27T22:47:53.351609+09:00
Internship Lab,2900.0,8.0,success,False,2026-08-21T01:42:29.387533+09:00
Internship Label,,,failed,False,2026-08-27T22:08:49.995304+09:00
Internship Ledger,,,failed,False,2026-08-21T01:42:11.023754+09:00
Internship Level,50.0,0.0,success,False,2026-08-21T01:38:21.127852+09:00
Internship Levy,,,failed,False,2026-08-23T13:48:17.793072+09:00
Internship Link,170.0,13.0,success,False,2026-08-23T03:19:26.945614+09:00
Internship List,4400.0,2.0,success,False,2026-08-21T01:39:21.617747+09:00
Internship Loan,30.0,42.0,success,False,2026-08-21T02:14:40.877635+09:00
Internship Locator,50.0,4.0,success,False,2026-08-21T01:35:59.252508+09:00
Internship Locker,,,failed,False,2026-08-21T01:35:59.252508+09:00
Internship Log,110.0,0.0,success,False,2026-08-21T01:37:24.140763+09:00
Internship Loop,,,failed,False,2026-08-21T01:41:39.026443+09:00
Internship Manual,140.0,2.0,success,False,2026-08-27T22:08:54.322972+09:00
Internship Map,390.0,0.0,success,False,2026-08-21T01:41:56.935291+09:00
Internship Memo,10.0,0.0,success,False,2026-08-21T01:40:03.980146+09:00
Internship Message,50.0,0.0,success,False,2026-08-27T23:13:25.257331+09:00
Internship Monitor,,,failed,False,2026-08-21T01:44:07.789434+09:00
Internship Nexus,170.0,1.0,success,False,2026-08-21T01:43:27.778790+09:00
Internship Note,10.0,0.0,success,False,2026-08-21T01:37:46.611348+09:00
Internship Notification,50.0,1.0,success,False,2026-08-27T22:47:50.980247+09:00
Internship Number,20.0,0.0,success,False,2026-08-23T03:19:21.354912+09:00
Internship Office,1000.0,3.0,success,False,2026-08-21T01:35:59.252508+09:00
Internship Ops,,,failed,False,2026-08-21T01:44:23.485240+09:00
Internship Order,10.0,2.0,success,False,2026-08-21T01:39:01.261860+09:00
Internship Overage,,,failed,False,2026-08-27T21:46:30.971214+09:00
Internship Panel,50.0,2.0,success,False,2026-08-21T01:42:53.677401+09:00
Internship Pass,20.0,0.0,success,False,2026-08-21T01:39:45.118535+09:00
Internship Path,260.0,2.0,success,False,2026-08-21T01:41:48.955996+09:00
Internship Petition,,,failed,False,2026-08-21T01:40:33.133691+09:00
Internship Plan,390.0,2.0,success,False,2026-08-21T01:58:02.709797+09:00
Internship Planner,390.0,2.0,success,False,2026-08-21T01:43:59.593158+09:00
Internship Playbook,10.0,0.0,success,False,2026-08-21T01:44:25.853714+09:00
Internship Point,,,failed,False,2026-08-21T01:41:52.008026+09:00
Internship Portal,22200.0,8.0,success,False,2026-08-21T01:42:48.869153+09:00
Internship Preview,10.0,0.0,success,False,2026-08-28T01:08:09.929341+09:00
Internship Profile,210.0,0.0,success,False,2026-08-21T01:37:55.040790+09:00
Internship Profit,,,failed,False,2026-08-23T02:54:31.488130+09:00
Internship Proposal,390.0,1.0,success,False,2026-08-28T01:08:09.929341+09:00
Internship Quota,,,failed,False,2026-08-21T01:40:07.956384+09:00
Internship Radar,0.0,,success,False,2026-08-21T01:41:00.703725+09:00
Internship Rate,70.0,1.0,success,False,2026-08-21T01:38:24.012895+09:00
Internship Receipt,,,failed,False,2026-08-21T01:39:12.504942+09:00
Internship Recorder,,,failed,False,2026-08-27T23:35:04.726489+09:00
Internship Register,480.0,5.0,success,False,2026-08-21T01:44:16.668560+09:00
Internship Relay,,,failed,False,2026-08-21T01:41:02.771886+09:00
Internship Reminder,,,failed,False,2026-08-21T01:38:48.053655+09:00
Internship Report,8100.0,0.0,success,True,2026-08-21T01:37:21.821672+09:00
Internship Repository,20.0,0.0,success,False,2026-08-27T23:13:34.759239+09:00
Internship Result,50.0,0.0,success,False,2026-08-28T00:48:18.570201+09:00
Internship Ring,,,failed,False,2026-08-21T01:43:18.678031+09:00
Internship Route,,,failed,False,2026-08-21T01:43:00.390217+09:00
Internship Rule,,,failed,False,2026-08-23T03:19:30.157366+09:00
Internship Sale,,,failed,False,2026-08-21T02:21:38.988991+09:00
Internship Sample,880.0,1.0,success,False,2026-08-21T01:39:35.935414+09:00
Internship Scale,,,failed,False,2026-08-21T01:42:58.216620+09:00
Internship Score,,,failed,False,2026-08-21T01:37:41.835664+09:00
Internship Sheet,50.0,0.0,success,False,2026-08-21T01:37:34.913486+09:00
Internship Shortfall,,,failed,False,2026-08-27T21:46:34.931324+09:00
Internship Signal,,,failed,False,2026-08-21T01:41:25.621539+09:00
Internship Slip,,,failed,False,2026-08-21T01:39:30.579891+09:00
Internship Slot,,,failed,False,2026-08-21T01:39:38.707543+09:00
Internship Stage,210.0,4.0,success,False,2026-08-28T00:48:18.570201+09:00
Internship Statement,20.0,0.0,success,False,2026-08-21T01:39:59.295312+09:00
Internship Station,,,failed,False,2026-08-21T01:42:32.456630+09:00
Internship Status,110.0,0.0,success,False,2026-08-21T01:38:01.641770+09:00
Internship Stipend,6600.0,10.0,success,False,2026-08-23T13:48:17.793072+09:00
Internship Stub,,,failed,False,2026-08-21T01:39:55.005229+09:00
Internship Studio,5400.0,0.0,success,True,2026-08-21T01:42:22.878879+09:00
Internship Subsidy,30.0,1.0,success,False,2026-08-23T15:53:05.427640+09:00
Internship Sum,,,failed,False,2026-08-21T02:21:19.910090+09:00
Internship Summary,140.0,0.0,success,False,2026-08-21T01:38:40.726969+09:00
Internship Tab,,,failed,False,2026-08-21T01:40:12.068388+09:00
Internship Table,,,failed,False,2026-08-21T01:39:27.131441+09:00
Internship Tag,,,failed,False,2026-08-21T01:37:48.907066+09:00
Internship Tariff,,,failed,False,2026-08-21T02:38:51.441238+09:00
Internship Tax,2900.0,5.0,success,False,2026-08-21T02:14:36.179977+09:00
Internship Terminal,,,failed,False,2026-08-21T01:42:37.393096+09:00
Internship Ticket,,,failed,False,2026-08-21T01:38:54.698036+09:00
Internship Tier,,,failed,False,2026-08-28T00:48:18.570201+09:00
Internship Timeline,90.0,0.0,success,False,2026-08-21T01:38:45.431477+09:00
Internship Toll,,,failed,False,2026-08-21T02:38:45.456500+09:00
Internship Toolbox,,,failed,False,2026-08-28T00:26:20.204001+09:00
Internship Total,110.0,0.0,success,False,2026-08-27T23:13:25.257331+09:00
Internship Tracker,2400.0,2.0,success,False,2026-08-21T01:40:45.060160+09:00
Internship Trend,,,failed,False,2026-08-28T01:08:07.317285+09:00
Internship Trial,,,failed,False,2026-08-27T21:14:36.415267+09:00
Internship Unit,20.0,0.0,success,False,2026-08-21T01:58:00.854013+09:00
Internship Update,90.0,7.0,success,False,2026-08-21T01:38:31.485069+09:00
Internship Value,70.0,0.0,success,False,2026-08-23T02:54:31.488130+09:00
Internship Vault,,,failed,False,2026-08-21T01:41:06.507181+09:00
Internship Version,,,failed,False,2026-08-23T03:19:24.648506+09:00
Internship View,,,failed,False,2026-08-21T01:38:06.302240+09:00
Internship Voucher,,,failed,False,2026-08-21T01:39:47.385700+09:00
Internship Watch,720.0,2.0,success,False,2026-08-21T01:41:33.473055+09:00
Internship Wave,,,failed,False,2026-08-21T01:41:46.462785+09:00
Internship Widget,,,failed,False,2026-08-27T23:13:28.057978+09:00
Internship Worksheet,30.0,0.0,success,False,2026-08-27T22:09:01.274163+09:00
Internship Workshop,90.0,1.0,success,False,2026-08-28T00:26:14.926541+09:00
Internship Zone,10.0,3.0,success,False,2026-08-21T01:42:43.370438+09:00
Interpreter Advance,,,failed,False,2026-08-23T16:11:44.096297+09:00
Interpreter Advisory,,,failed,False,2026-08-21T00:58:30.042414+09:00
Interpreter Alert,,,failed,False,2026-08-19T21:32:32.734528+09:00
Interpreter Allowance,,,failed,False,2026-08-21T02:41:24.321159+09:00
Interpreter Analyzer,,,failed,False,2026-08-27T23:56:05.344982+09:00
Interpreter Arrears,,,failed,False,2026-08-23T16:11:40.333627+09:00
Interpreter Assistant,30.0,3.0,success,False,2026-08-19T21:19:19.264899+09:00
Interpreter Atlas,,,failed,False,2026-08-19T21:18:30.637363+09:00
Interpreter Attribute,,,failed,False,2026-08-23T13:09:00.936814+09:00
Interpreter Badge,50.0,11.0,success,False,2026-08-21T00:35:16.287713+09:00
Interpreter Balance,,,failed,False,2026-08-23T13:48:32.031008+09:00
Interpreter Base,,,failed,False,2026-08-19T21:14:29.704334+09:00
Interpreter Bay,,,failed,False,2026-08-19T21:31:29.606643+09:00
Interpreter Beacon,,,failed,False,2026-08-19T21:11:55.349483+09:00
Interpreter Bill,,,failed,False,2026-08-19T21:56:01.385775+09:00
Interpreter Board,10.0,0.0,success,False,2026-08-19T21:15:04.533430+09:00
Interpreter Book,260.0,14.0,success,False,2026-08-19T21:57:01.942587+09:00
Interpreter Booth,880.0,8.0,success,False,2026-08-19T21:31:07.393138+09:00
Interpreter Bridge,,,failed,False,2026-08-19T21:12:28.088394+09:00
Interpreter Brief,,,failed,False,2026-08-21T01:09:44.260038+09:00
Interpreter Bulletin,,,failed,False,2026-08-21T01:09:36.550865+09:00
Interpreter Calendar,,,failed,False,2026-08-19T21:30:14.177717+09:00
Interpreter Card,320.0,0.0,success,False,2026-08-19T21:05:24.897505+09:00
Interpreter Cascade,,,failed,False,2026-08-19T21:12:17.710681+09:00
Interpreter Cash,,,failed,False,2026-08-21T02:25:03.924004+09:00
Interpreter Cashback,,,failed,False,2026-08-27T21:14:30.241053+09:00
Interpreter Catalog,,,failed,False,2026-08-19T21:10:05.581791+09:00
Interpreter Category,,,failed,False,2026-08-23T13:08:58.766460+09:00
Interpreter Center,40.0,3.0,success,False,2026-08-19T21:16:09.798326+09:00
Interpreter Chain,,,failed,False,2026-08-19T21:17:51.663250+09:00
Interpreter Charge,,,failed,False,2026-08-21T02:41:10.290966+09:00
Interpreter Chart,,,failed,False,2026-08-19T21:32:34.534523+09:00
Interpreter Check,,,failed,False,2026-08-19T21:05:47.568804+09:00
Interpreter Checker,,,failed,False,2026-08-27T23:56:00.047193+09:00
Interpreter Checklist,,,failed,False,2026-08-19T21:08:58.951614+09:00
Interpreter Circular,,,failed,False,2026-08-21T00:59:23.990159+09:00
Interpreter Code,4400.0,14.0,success,False,2026-08-19T21:56:27.780319+09:00
Interpreter Companion,,,failed,False,2026-08-19T21:20:05.379169+09:00
Interpreter Comparison,,,failed,False,2026-08-28T01:06:51.354656+09:00
Interpreter Compass,,,failed,False,2026-08-19T21:11:44.619551+09:00
Interpreter Confirmation,,,failed,False,2026-08-21T00:58:38.777262+09:00
Interpreter Console,90.0,16.0,success,False,2026-08-19T21:16:46.731573+09:00
Interpreter Core,,,failed,False,2026-08-19T21:14:40.806707+09:00
Interpreter Cost,90.0,20.0,success,False,2026-08-21T02:08:41.527197+09:00
Interpreter Count,,,failed,False,2026-08-27T22:47:31.900265+09:00
Interpreter Counter,,,failed,False,2026-08-19T21:30:51.810974+09:00
Interpreter Coupon,,,failed,False,2026-08-27T21:14:30.241053+09:00
Interpreter Deal,,,failed,False,2026-08-21T01:51:47.599222+09:00
Interpreter Debt,,,failed,False,2026-08-21T02:24:56.488655+09:00
Interpreter Deck,,,failed,False,2026-08-19T21:15:19.107238+09:00
Interpreter Desk,20.0,0.0,success,False,2026-08-19T21:11:00.361566+09:00
Interpreter Detail,,,failed,False,2026-08-23T03:21:40.496452+09:00
Interpreter Detector,,,failed,False,2026-08-27T23:56:02.652689+09:00
Interpreter Digest,,,failed,False,2026-08-19T21:07:55.214041+09:00
Interpreter Directory,30.0,9.0,success,False,2026-08-19T21:30:20.208348+09:00
Interpreter Discount,,,failed,False,2026-08-23T16:11:37.487376+09:00
Interpreter Dossier,,,failed,False,2026-08-21T00:58:42.850183+09:00
Interpreter Downpayment,,,failed,False,2026-08-27T21:46:30.971214+09:00
Interpreter Draft,,,failed,False,2026-08-19T21:08:13.592372+09:00
Interpreter Due,,,failed,False,2026-08-23T15:50:12.078414+09:00
Interpreter Duty,390.0,1.0,success,False,2026-08-21T02:41:18.531749+09:00
Interpreter Engine,,,failed,False,2026-08-19T21:19:08.211207+09:00
Interpreter Entry,,,failed,False,2026-08-21T00:58:57.845239+09:00
Interpreter Estimate,,,failed,False,2026-08-19T21:09:50.193216+09:00
Interpreter Estimator,,,failed,False,2026-08-27T23:55:53.687521+09:00
Interpreter Excerpt,,,failed,False,2026-08-21T00:58:52.318728+09:00
Interpreter Extension,10.0,6.0,success,False,2026-08-23T16:37:37.262949+09:00
Interpreter Fare,,,failed,False,2026-08-21T02:08:48.919404+09:00
Interpreter Fee,70.0,10.0,success,False,2026-08-21T01:51:32.906314+09:00
Interpreter Feed,,,failed,False,2026-08-19T21:08:05.171033+09:00
Interpreter Field,10.0,0.0,success,False,2026-08-23T13:09:03.594529+09:00
Interpreter File,20.0,0.0,success,False,2026-08-19T21:07:16.203533+09:00
Interpreter Finder,,,failed,False,2026-08-19T21:30:35.144264+09:00
Interpreter Fine,,,failed,False,2026-08-23T02:56:12.259379+09:00
Interpreter Flag,,,failed,False,2026-08-21T00:35:36.889482+09:00
Interpreter Flow,,,failed,False,2026-08-19T21:10:38.305423+09:00
Interpreter Forge,,,failed,False,2026-08-19T21:12:05.902513+09:00
Interpreter Form,90.0,0.0,success,False,2026-08-19T21:05:10.807996+09:00
Interpreter Format,,,failed,False,2026-08-23T13:09:07.907049+09:00
Interpreter Frame,,,failed,False,2026-08-19T21:14:19.651241+09:00
Interpreter Fund,,,failed,False,2026-08-21T02:25:01.097647+09:00
Interpreter Gate,,,failed,False,2026-08-19T21:18:08.963564+09:00
Interpreter Giveaway,,,failed,False,2026-08-27T21:14:36.415267+09:00
Interpreter Graph,,,failed,False,2026-08-27T22:08:41.770881+09:00
Interpreter Grid,,,failed,False,2026-08-19T21:13:25.403661+09:00
Interpreter Guarantee,,,failed,False,2026-08-28T01:07:01.226912+09:00
Interpreter Helpdesk,,,failed,False,2026-08-27T22:47:31.900265+09:00
Interpreter Helper,,,failed,False,2026-08-28T00:25:31.999960+09:00
Interpreter History,70.0,0.0,success,False,2026-08-19T21:07:02.698289+09:00
Interpreter Hotline,20.0,37.0,success,False,2026-08-19T21:10:16.662476+09:00
Interpreter Hub,50.0,95.0,success,False,2026-08-19T21:10:46.722805+09:00
Interpreter Identifier,,,failed,False,2026-08-23T13:08:56.247878+09:00
Interpreter Inbox,,,failed,False,2026-08-19T21:32:30.611292+09:00
Interpreter Incentive,,,failed,False,2026-08-27T21:14:36.415267+09:00
Interpreter Index,,,failed,False,2026-08-19T21:09:13.421479+09:00
Interpreter Installment,,,failed,False,2026-08-23T16:11:37.487376+09:00
Interpreter Item,,,failed,False,2026-08-21T01:51:35.759053+09:00
Interpreter Journal,140.0,3.0,success,False,2026-08-19T21:29:59.646453+09:00
Interpreter Keeper,,,failed,False,2026-08-19T21:18:40.810817+09:00
Interpreter Kit,,,failed,False,2026-08-27T22:47:24.172994+09:00
Interpreter Lab,70.0,0.0,success,False,2026-08-19T21:15:40.357740+09:00
Interpreter Label,,,failed,False,2026-08-27T22:08:46.567667+09:00
Interpreter Ledger,,,failed,False,2026-08-19T21:14:51.947092+09:00
Interpreter Level,,,failed,False,2026-08-19T21:07:25.102552+09:00
Interpreter Line,170.0,27.0,success,False,2026-08-19T21:04:06.353252+09:00
Interpreter Link,10.0,7.0,success,False,2026-08-23T03:21:28.061139+09:00
Interpreter List,50.0,13.0,success,False,2026-08-19T21:56:40.008866+09:00
Interpreter Loan,,,failed,False,2026-08-21T02:08:56.102085+09:00
Interpreter Lobby,,,failed,False,2026-08-19T21:03:38.962662+09:00
Interpreter Locker,,,failed,False,2026-08-19T21:30:59.491804+09:00
Interpreter Log,,,failed,False,2026-08-19T21:04:58.271286+09:00
Interpreter Loop,,,failed,False,2026-08-19T21:13:13.092758+09:00
Interpreter Manager,110.0,5.0,success,False,2026-08-19T21:18:53.314989+09:00
Interpreter Manual,,,failed,False,2026-08-27T22:08:46.567667+09:00
Interpreter Map,,,failed,False,2026-08-19T21:14:09.280828+09:00
Interpreter Margin,,,failed,False,2026-08-23T02:56:08.739557+09:00
Interpreter Markup,,,failed,False,2026-08-23T16:37:34.255373+09:00
Interpreter Memo,,,failed,False,2026-08-21T00:35:31.431507+09:00
Interpreter Message,,,failed,False,2026-08-27T23:12:46.818245+09:00
Interpreter Monitor,,,failed,False,2026-08-19T21:19:54.949155+09:00
Interpreter Nexus,,,failed,False,2026-08-19T21:18:19.882315+09:00
Interpreter Note,4400.0,0.0,success,True,2026-08-19T21:06:11.173737+09:00
Interpreter Notification,,,failed,False,2026-08-27T22:47:24.172994+09:00
Interpreter Number,90.0,22.0,success,False,2026-08-23T03:21:18.514525+09:00
Interpreter Office,40.0,17.0,success,False,2026-08-19T21:30:42.715680+09:00
Interpreter Ops,,,failed,False,2026-08-19T21:29:44.160374+09:00
Interpreter Order,,,failed,False,2026-08-19T21:55:51.993679+09:00
Interpreter Overage,,,failed,False,2026-08-27T21:46:28.400647+09:00
Interpreter Overdraft,,,failed,False,2026-08-23T15:50:14.677980+09:00
Interpreter Panel,,,failed,False,2026-08-19T21:16:59.496910+09:00
Interpreter Passport,,,failed,False,2026-08-19T21:03:23.930623+09:00
Interpreter Path,20.0,0.0,success,False,2026-08-19T21:13:48.359259+09:00
Interpreter Payoff,,,failed,False,2026-08-27T21:46:28.400647+09:00
Interpreter Penalty,,,failed,False,2026-08-23T16:37:31.309501+09:00
Interpreter Petition,,,failed,False,2026-08-21T00:58:34.367334+09:00
Interpreter Plan,,,failed,False,2026-08-21T01:51:43.156382+09:00
Interpreter Playbook,,,failed,False,2026-08-19T21:29:51.150185+09:00
Interpreter Point,,,failed,False,2026-08-19T21:13:59.350184+09:00
Interpreter Portal,880.0,1.0,success,False,2026-08-19T21:16:33.965835+09:00
Interpreter Post,,,failed,False,2026-08-19T21:31:38.211604+09:00
Interpreter Preview,,,failed,False,2026-08-28T01:06:54.096928+09:00
Interpreter Profile,10.0,0.0,success,False,2026-08-19T21:06:33.819352+09:00
Interpreter Profit,,,failed,False,2026-08-23T02:56:00.191983+09:00
Interpreter Proposal,,,failed,False,2026-08-28T01:06:58.788190+09:00
Interpreter Queue,,,failed,False,2026-08-19T21:09:36.551386+09:00
Interpreter Radar,,,failed,False,2026-08-19T21:11:11.315009+09:00
Interpreter Rail,,,failed,False,2026-08-19T21:17:33.160544+09:00
Interpreter Rate,50.0,8.0,success,False,2026-08-19T21:07:34.937888+09:00
Interpreter Recap,,,failed,False,2026-08-21T00:59:26.114490+09:00
Interpreter Receipt,,,failed,False,2026-08-19T21:56:14.793890+09:00
Interpreter Recorder,,,failed,False,2026-08-27T23:34:34.248381+09:00
Interpreter Register,20.0,2.0,success,False,2026-08-19T21:29:38.081788+09:00
Interpreter Registry,50.0,3.0,success,False,2026-08-19T21:30:07.251599+09:00
Interpreter Relay,,,failed,False,2026-08-19T21:11:21.991848+09:00
Interpreter Reminder,,,failed,False,2026-08-19T21:08:48.624997+09:00
Interpreter Report,,,failed,False,2026-08-19T21:04:44.071622+09:00
Interpreter Repository,,,failed,False,2026-08-27T23:12:56.649660+09:00
Interpreter Roll,,,failed,False,2026-08-19T21:04:33.210036+09:00
Interpreter Roster,20.0,1.0,success,False,2026-08-19T21:32:26.609245+09:00
Interpreter Route,,,failed,False,2026-08-19T21:17:23.744501+09:00
Interpreter Rule,,,failed,False,2026-08-23T03:21:32.618577+09:00
Interpreter Sale,,,failed,False,2026-08-21T02:25:06.190150+09:00
Interpreter Sample,,,failed,False,2026-08-19T21:57:22.115019+09:00
Interpreter Scale,,,failed,False,2026-08-19T21:17:13.210771+09:00
Interpreter Scanner,,,failed,False,2026-08-27T23:56:02.652689+09:00
Interpreter Scope,,,failed,False,2026-08-19T21:12:59.685218+09:00
Interpreter Score,,,failed,False,2026-08-19T21:06:02.010882+09:00
Interpreter Sheet,,,failed,False,2026-08-19T21:05:35.157530+09:00
Interpreter Shelf,,,failed,False,2026-08-19T21:32:17.835679+09:00
Interpreter Shortfall,,,failed,False,2026-08-27T21:46:30.971214+09:00
Interpreter Signal,,,failed,False,2026-08-19T21:12:39.256118+09:00
Interpreter Slip,,,failed,False,2026-08-19T21:57:11.207151+09:00
Interpreter Slot,,,failed,False,2026-08-19T21:57:34.491231+09:00
Interpreter Stake,,,failed,False,2026-08-23T02:56:06.421775+09:00
Interpreter Stamp,,,failed,False,2026-08-23T13:28:13.588297+09:00
Interpreter Statement,10.0,0.0,success,False,2026-08-21T00:35:19.738516+09:00
Interpreter Station,,,failed,False,2026-08-19T21:15:49.735937+09:00
Interpreter Status,,,failed,False,2026-08-19T21:06:42.695560+09:00
Interpreter Stipend,,,failed,False,2026-08-23T13:48:35.211056+09:00
Interpreter Studio,,,failed,False,2026-08-19T21:15:29.461766+09:00
Interpreter Subsidy,,,failed,False,2026-08-23T15:50:14.677980+09:00
Interpreter Sum,,,failed,False,2026-08-21T02:24:48.796566+09:00
Interpreter Summary,40.0,0.0,success,False,2026-08-19T21:08:25.447867+09:00
Interpreter Surtax,,,failed,False,2026-08-23T15:50:19.459391+09:00
Interpreter Tab,,,failed,False,2026-08-21T00:35:43.096296+09:00
Interpreter Table,,,failed,False,2026-08-19T21:56:50.628145+09:00
Interpreter Tag,,,failed,False,2026-08-19T21:06:23.756396+09:00
Interpreter Tariff,,,failed,False,2026-08-21T02:41:28.147668+09:00
Interpreter Tax,,,failed,False,2026-08-21T02:08:52.269018+09:00
Interpreter Terminal,10.0,0.0,success,False,2026-08-19T21:16:00.282567+09:00
Interpreter Ticker,,,failed,False,2026-08-19T21:03:53.179213+09:00
Interpreter Ticket,,,failed,False,2026-08-19T21:09:25.998389+09:00
Interpreter Tier,,,failed,False,2026-08-28T00:47:59.038217+09:00
Interpreter Timeline,,,failed,False,2026-08-19T21:08:35.799168+09:00
Interpreter Token,,,failed,False,2026-08-23T13:28:10.942428+09:00
Interpreter Toll,,,failed,False,2026-08-21T02:41:21.123178+09:00
Interpreter Toolbox,,,failed,False,2026-08-28T00:25:29.232687+09:00
Interpreter Total,0.0,,success,False,2026-08-27T23:12:46.818245+09:00
Interpreter Tracker,,,failed,False,2026-08-19T21:10:27.505284+09:00
Interpreter Trail,,,failed,False,2026-08-19T21:17:42.432873+09:00
Interpreter Trend,,,failed,False,2026-08-28T01:06:48.738756+09:00
Interpreter Trial,,,failed,False,2026-08-27T21:14:33.237385+09:00
Interpreter Unit,10.0,6.0,success,False,2026-08-21T01:51:40.699894+09:00
Interpreter Update,,,failed,False,2026-08-19T21:07:45.336017+09:00
Interpreter Value,,,failed,False,2026-08-23T02:56:03.136754+09:00
Interpreter Vault,40.0,11.0,success,False,2026-08-19T21:11:31.992305+09:00
Interpreter Version,,,failed,False,2026-08-23T03:21:22.362914+09:00
Interpreter View,210.0,0.0,success,False,2026-08-19T21:06:51.339410+09:00
Interpreter Voucher,,,failed,False,2026-08-21T00:35:13.915986+09:00
Interpreter Watch,,,failed,False,2026-08-19T21:12:48.974552+09:00
Interpreter Wave,,,failed,False,2026-08-19T21:13:36.060170+09:00
Interpreter Widget,,,failed,False,2026-08-27T23:12:50.672441+09:00
Interpreter Window,,,failed,False,2026-08-19T21:04:19.743151+09:00
Interpreter Worksheet,,,failed,False,2026-08-27T22:08:49.995304+09:00
Interpreter Workshop,30.0,2.0,success,False,2026-08-28T00:25:26.159240+09:00
Interpreter Yard,,,failed,False,2026-08-19T21:31:21.634231+09:00
Interpreter Zone,,,failed,False,2026-08-19T21:16:23.704707+09:00
Interview Advance,,,failed,False,2026-08-23T16:13:14.533515+09:00
Interview Advisory,,,failed,False,2026-08-21T00:58:57.845239+09:00
Interview Allowance,,,failed,False,2026-08-21T02:38:35.767249+09:00
Interview Almanac,,,failed,False,2026-08-18T22:10:43.266214+09:00
Interview Analyzer,20.0,39.0,success,False,2026-08-27T23:54:58.395846+09:00
Interview Anchor,30.0,0.0,success,False,2026-08-17T20:33:16.020559+09:00
Interview Announcement,20.0,2.0,success,False,2026-08-27T23:34:10.423222+09:00
Interview Arrears,,,failed,False,2026-08-23T16:13:14.533515+09:00
Interview Asset,,,failed,False,2026-08-23T13:46:30.859150+09:00
Interview Assistant,480.0,28.0,success,False,2026-08-17T23:15:02.433018+09:00
Interview Atlas,,,failed,False,2026-08-17T21:32:45.123730+09:00
Interview Badge,,,failed,False,2026-08-21T00:24:39.947545+09:00
Interview Balance,,,failed,False,2026-08-23T13:46:27.908972+09:00
Interview Base,90.0,1.0,success,False,2026-08-17T20:47:25.656493+09:00
Interview Beacon,,,failed,False,2026-08-17T20:37:03.531282+09:00
Interview Bill,10.0,0.0,success,False,2026-08-19T22:05:54.572880+09:00
Interview Blueprint,10.0,0.0,success,False,2026-08-18T22:10:34.249457+09:00
Interview Board,480.0,1.0,success,False,2026-08-17T20:44:21.106446+09:00
Interview Book,1000.0,65.0,success,False,2026-08-19T22:06:47.930339+09:00
Interview Bridge,90.0,5.0,success,False,2026-08-17T20:34:16.019094+09:00
Interview Brief,140.0,0.0,success,False,2026-08-21T00:58:47.378244+09:00
Interview Bulletin,,,failed,False,2026-08-21T00:58:44.836971+09:00
Interview Cabinet,,,failed,False,2026-08-27T23:12:50.672441+09:00
Interview Calendar,110.0,13.0,success,False,2026-08-18T23:58:38.723569+09:00
Interview Card,260.0,11.0,success,False,2026-08-19T13:35:12.097075+09:00
Interview Cascade,,,failed,False,2026-08-17T20:35:06.364440+09:00
Interview Cash,10.0,0.0,success,False,2026-08-21T02:22:48.105050+09:00
Interview Cashback,,,failed,False,2026-08-27T21:15:31.900187+09:00
Interview Center,260.0,2.0,success,False,2026-08-17T20:39:20.129592+09:00
Interview Chain,,,failed,False,2026-08-17T21:38:03.717082+09:00
Interview Charge,,,failed,False,2026-08-21T02:38:25.978724+09:00
Interview Check,30.0,15.0,success,False,2026-08-19T13:35:27.432298+09:00
Interview Checker,30.0,15.0,success,False,2026-08-27T23:54:52.993731+09:00
Interview Circular,,,failed,False,2026-08-21T01:00:06.148655+09:00
Interview Cockpit,,,failed,False,2026-08-17T23:28:19.331420+09:00
Interview Code,14800.0,11.0,success,False,2026-08-19T22:06:12.556669+09:00
Interview Codex,,,failed,False,2026-08-18T22:10:59.912583+09:00
Interview Companion,,,failed,False,2026-08-17T23:13:09.056664+09:00
Interview Comparison,,,failed,False,2026-08-28T01:05:06.027579+09:00
Interview Compass,,,failed,False,2026-08-17T20:38:02.236902+09:00
Interview Compendium,,,failed,False,2026-08-18T22:10:51.704890+09:00
Interview Confirmation,390.0,0.0,success,False,2026-08-21T00:59:06.391670+09:00
Interview Console,,,failed,False,2026-08-17T20:36:35.862750+09:00
Interview Contribution,,,failed,False,2026-08-23T16:13:10.832744+09:00
Interview Core,10.0,0.0,success,False,2026-08-17T20:46:12.433556+09:00
Interview Cost,20.0,5.0,success,False,2026-08-21T02:07:34.217644+09:00
Interview Count,,,failed,False,2026-08-27T22:47:46.388657+09:00
Interview Counter,,,failed,False,2026-08-18T23:59:30.074918+09:00
Interview Coupon,,,failed,False,2026-08-27T21:15:29.439407+09:00
Interview Dashboard,40.0,3.0,success,False,2026-08-17T23:06:04.469497+09:00
Interview Deal,,,failed,False,2026-08-21T01:51:27.074379+09:00
Interview Debt,,,failed,False,2026-08-21T02:22:35.993251+09:00
Interview Deck,50.0,4.0,success,False,2026-08-17T20:43:30.530213+09:00
Interview Depot,,,failed,False,2026-08-18T23:59:11.751475+09:00
Interview Desk,480.0,11.0,success,False,2026-08-17T20:41:20.787117+09:00
Interview Detail,320.0,0.0,success,False,2026-08-23T03:17:21.558443+09:00
Interview Detector,,,failed,False,2026-08-27T23:54:55.608336+09:00
Interview Diagram,110.0,0.0,success,False,2026-08-27T22:09:58.164830+09:00
Interview Dial,,,failed,False,2026-08-17T20:34:38.143389+09:00
Interview Digest,10.0,0.0,success,False,2026-08-19T20:47:58.897100+09:00
Interview Directory,,,failed,False,2026-08-18T23:58:46.816942+09:00
Interview Discount,,,failed,False,2026-08-23T16:13:06.452746+09:00
Interview Dock,,,failed,False,2026-08-18T07:43:47.974817+09:00
Interview Dossier,,,failed,False,2026-08-21T00:59:12.932532+09:00
Interview Draft,70.0,0.0,success,False,2026-08-19T20:48:12.973996+09:00
Interview Duty,,,failed,False,2026-08-21T02:38:28.246618+09:00
Interview Engine,,,failed,False,2026-08-17T23:27:21.585941+09:00
Interview Entry,10.0,0.0,success,False,2026-08-21T00:59:32.095317+09:00
Interview Estimate,,,failed,False,2026-08-19T21:32:55.348476+09:00
Interview Estimator,,,failed,False,2026-08-27T23:54:48.967937+09:00
Interview Excerpt,30.0,0.0,success,False,2026-08-21T00:59:21.503880+09:00
Interview Extension,40.0,30.0,success,False,2026-08-23T16:38:19.079152+09:00
Interview Fare,,,failed,False,2026-08-21T02:07:41.553019+09:00
Interview Fee,50.0,0.0,success,False,2026-08-21T01:51:22.429358+09:00
Interview Feed,10.0,0.0,success,False,2026-08-19T20:48:06.706582+09:00
Interview File,4400.0,96.0,success,False,2026-08-19T20:47:33.785997+09:00
Interview Finder,,,failed,False,2026-08-18T23:59:02.629298+09:00
Interview Fine,,,failed,False,2026-08-23T02:53:49.996059+09:00
Interview Flag,,,failed,False,2026-08-21T00:25:29.281502+09:00
Interview Flow,260.0,6.0,success,False,2026-08-17T20:43:57.612589+09:00
Interview Forge,20.0,1.0,success,False,2026-08-17T20:36:06.570384+09:00
Interview Form,4400.0,3.0,success,False,2026-08-19T13:34:25.531210+09:00
Interview Format,4400.0,3.0,success,False,2026-08-23T13:06:17.940469+09:00
Interview Frame,720.0,0.0,success,False,2026-08-17T20:48:40.258747+09:00
Interview Fund,10.0,0.0,success,False,2026-08-21T02:22:40.576459+09:00
Interview Gate,110.0,0.0,success,False,2026-08-17T21:34:46.886716+09:00
Interview Generator,50.0,23.0,success,False,2026-08-27T23:34:17.021271+09:00
Interview Giveaway,,,failed,False,2026-08-27T21:15:34.818716+09:00
Interview Grade,,,failed,False,2026-08-21T00:25:07.096192+09:00
Interview Graph,20.0,0.0,success,False,2026-08-27T22:09:48.398152+09:00
Interview Grid,140.0,1.0,success,False,2026-08-17T21:38:35.218560+09:00
Interview Guarantee,50.0,4.0,success,False,2026-08-28T01:05:14.146226+09:00
Interview Guard,320.0,2.0,success,False,2026-08-17T20:46:49.856300+09:00
Interview Guardian,30.0,0.0,success,False,2026-08-28T00:24:32.431629+09:00
Interview Guidebook,5400.0,5.0,success,False,2026-08-18T22:10:18.505365+09:00
Interview Helpdesk,,,failed,False,2026-08-27T22:47:46.388657+09:00
Interview Helper,1600.0,34.0,success,False,2026-08-28T00:24:36.830973+09:00
Interview History,70.0,0.0,success,False,2026-08-19T20:47:28.016879+09:00
Interview Hub,110.0,5.0,success,False,2026-08-17T20:43:01.991108+09:00
Interview Inbox,,,failed,False,2026-08-19T12:26:06.734544+09:00
Interview Incentive,,,failed,False,2026-08-27T21:15:34.818716+09:00
Interview Index,30.0,1.0,success,False,2026-08-19T21:32:49.180215+09:00
Interview Insight,170.0,1.0,success,False,2026-08-17T23:28:06.508675+09:00
Interview Installment,,,failed,False,2026-08-23T16:13:08.662730+09:00
Interview Interest,10.0,0.0,success,False,2026-08-23T13:46:27.908972+09:00
Interview Item,,,failed,False,2026-08-21T01:51:26.021065+09:00
Interview Journal,260.0,1.0,success,False,2026-08-18T22:10:04.357387+09:00
Interview Keeper,,,failed,False,2026-08-17T21:30:24.502544+09:00
Interview Kit,210.0,12.0,success,False,2026-08-27T22:47:42.136854+09:00
Interview Lab,170.0,13.0,success,False,2026-08-17T20:41:50.983322+09:00
Interview Ledger,,,failed,False,2026-08-17T20:45:22.370262+09:00
Interview Lens,40.0,1.0,success,False,2026-08-17T21:30:57.458125+09:00
Interview Level,90.0,0.0,success,False,2026-08-19T20:47:36.057637+09:00
Interview Levy,,,failed,False,2026-08-23T13:46:32.970542+09:00
Interview Link,320.0,15.0,success,False,2026-08-23T03:17:13.101010+09:00
Interview List,260.0,1.0,success,False,2026-08-19T22:06:26.107612+09:00
Interview Loan,,,failed,False,2026-08-21T02:07:48.773154+09:00
Interview Locator,,,failed,False,2026-08-18T23:58:54.171473+09:00
Interview Lock,,,failed,False,2026-08-17T21:33:17.550972+09:00
Interview Log,170.0,0.0,success,False,2026-08-19T13:34:20.014616+09:00
Interview Loop,210.0,0.0,success,False,2026-08-17T21:40:51.783967+09:00
Interview Manager,880.0,3.0,success,False,2026-08-17T20:48:06.680156+09:00
Interview Manual,10.0,0.0,success,False,2026-08-27T22:09:51.279815+09:00
Interview Map,70.0,0.0,success,False,2026-08-17T21:32:05.797514+09:00
Interview Margin,,,failed,False,2026-08-23T02:53:47.851129+09:00
Interview Memo,70.0,0.0,success,False,2026-08-21T00:25:15.691482+09:00
Interview Message,880.0,0.0,success,False,2026-08-27T23:12:44.367905+09:00
Interview Meter,,,failed,False,2026-08-17T20:33:46.243100+09:00
Interview Metrics,20.0,2.0,success,False,2026-08-17T23:11:28.950122+09:00
Interview Monitor,10.0,2.0,success,False,2026-08-17T23:04:15.040980+09:00
Interview Navigator,10.0,14.0,success,False,2026-08-17T23:28:41.981102+09:00
Interview Nexus,1900.0,0.0,success,True,2026-08-17T21:33:42.291802+09:00
Interview Node,210.0,3.0,success,False,2026-08-17T21:35:52.306880+09:00
Interview Note,1300.0,4.0,success,False,2026-08-19T13:36:00.987511+09:00
Interview Notification,480.0,0.0,success,False,2026-08-27T22:47:34.273654+09:00
Interview Number,50.0,0.0,success,False,2026-08-23T03:17:04.760167+09:00
Interview Office,1000.0,0.0,success,True,2026-08-18T23:59:20.806892+09:00
Interview Ops,,,failed,False,2026-08-17T23:07:52.950180+09:00
Interview Order,30.0,0.0,success,False,2026-08-19T22:05:43.764657+09:00
Interview Organizer,30.0,15.0,success,False,2026-08-17T23:27:50.871251+09:00
Interview Outline,260.0,1.0,success,False,2026-08-27T22:28:51.186281+09:00
Interview Overdue,,,failed,False,2026-08-27T21:46:42.401025+09:00
Interview Panel,14800.0,0.0,success,True,2026-08-17T20:35:38.392873+09:00
Interview Pass,720.0,1.0,success,False,2026-08-21T00:36:48.316365+09:00
Interview Path,10.0,0.0,success,False,2026-08-17T21:35:18.423759+09:00
Interview Penalty,,,failed,False,2026-08-23T16:38:14.137829+09:00
Interview Petition,10.0,0.0,success,False,2026-08-21T00:59:01.913298+09:00
Interview Pilot,1600.0,15.0,success,False,2026-08-17T20:42:11.427186+09:00
Interview Plan,590.0,3.0,success,False,2026-08-21T01:51:35.759053+09:00
Interview Planner,590.0,3.0,success,False,2026-08-17T23:27:38.183762+09:00
Interview Playbook,40.0,14.0,success,False,2026-08-18T22:09:56.131275+09:00
Interview Point,210.0,3.0,success,False,2026-08-17T21:34:17.965302+09:00
Interview Portal,140.0,6.0,success,False,2026-08-17T20:37:32.011303+09:00
Interview Preview,20.0,1.0,success,False,2026-08-28T01:05:08.626878+09:00
Interview Profile,320.0,1.0,success,False,2026-08-19T13:36:52.870932+09:00
Interview Profit,,,failed,False,2026-08-23T02:53:39.940635+09:00
Interview Proposal,70.0,0.0,success,False,2026-08-28T01:05:11.238913+09:00
Interview Pulse,,,failed,False,2026-08-17T21:37:26.190503+09:00
Interview Quota,,,failed,False,2026-08-21T00:25:21.406032+09:00
Interview Radar,10.0,10.0,success,False,2026-08-17T20:40:36.395454+09:00
Interview Rail,,,failed,False,2026-08-17T21:41:31.698252+09:00
Interview Rank,110.0,2.0,success,False,2026-08-28T00:47:27.580109+09:00
Interview Rate,40.0,0.0,success,False,2026-08-19T20:47:43.737608+09:00
Interview Recap,30.0,1.0,success,False,2026-08-21T00:59:26.114490+09:00
Interview Receipt,10.0,0.0,success,False,2026-08-19T22:06:04.414832+09:00
Interview Recorder,390.0,100.0,success,False,2026-08-27T23:34:17.021271+09:00
Interview Register,50.0,2.0,success,False,2026-08-17T23:29:01.871676+09:00
Interview Registry,,,failed,False,2026-08-18T22:10:27.962314+09:00
Interview Relay,,,failed,False,2026-08-17T20:39:49.091027+09:00
Interview Reminder,110.0,0.0,success,False,2026-08-19T21:32:47.158972+09:00
Interview Report,720.0,0.0,success,False,2026-08-19T13:34:06.788909+09:00
Interview Repository,10.0,2.0,success,False,2026-08-27T23:12:54.177935+09:00
Interview Result,720.0,0.0,success,False,2026-08-28T00:47:24.969957+09:00
Interview Roadmap,20.0,3.0,success,False,2026-08-18T22:11:07.698009+09:00
Interview Roster,20.0,3.0,success,False,2026-08-19T00:37:42.157517+09:00
Interview Route,,,failed,False,2026-08-17T20:31:29.603433+09:00
Interview Rule,170.0,5.0,success,False,2026-08-23T03:17:17.631472+09:00
Interview Sale,880.0,10.0,success,False,2026-08-21T02:22:51.042353+09:00
Interview Sample,1600.0,3.0,success,False,2026-08-19T22:07:06.557200+09:00
Interview Scale,40.0,6.0,success,False,2026-08-17T20:32:41.344957+09:00
Interview Scanner,,,failed,False,2026-08-27T23:54:55.608336+09:00
Interview Scheduler,5400.0,5.0,success,False,2026-08-17T23:09:54.812310+09:00
Interview Scope,10.0,0.0,success,False,2026-08-18T07:52:55.085793+09:00
Interview Score,170.0,8.0,success,False,2026-08-19T13:35:44.896452+09:00
Interview Sentry,,,failed,False,2026-08-17T21:31:33.014186+09:00
Interview Sheet,590.0,2.0,success,False,2026-08-19T13:35:17.832639+09:00
Interview Signal,30.0,5.0,success,False,2026-08-17T20:32:03.329355+09:00
Interview Signature,,,failed,False,2026-08-23T13:27:11.117738+09:00
Interview Slip,50.0,0.0,success,False,2026-08-19T22:06:56.710970+09:00
Interview Slot,880.0,1.0,success,False,2026-08-19T22:07:21.096531+09:00
Interview Snapshot,50.0,2.0,success,False,2026-08-18T22:10:10.353821+09:00
Interview Stage,1000.0,0.0,success,True,2026-08-28T00:47:24.969957+09:00
Interview Stake,,,failed,False,2026-08-23T02:53:45.297778+09:00
Interview Statement,70.0,1.0,success,False,2026-08-21T00:24:54.126348+09:00
Interview Station,30.0,0.0,success,False,2026-08-17T20:41:00.568700+09:00
Interview Status,320.0,0.0,success,False,2026-08-19T20:47:15.115131+09:00
Interview Stipend,,,failed,False,2026-08-23T13:46:32.970542+09:00
Interview Stub,,,failed,False,2026-08-21T00:24:46.055669+09:00
Interview Studio,590.0,2.0,success,False,2026-08-17T20:42:34.302604+09:00
Interview Suite,50.0,13.0,success,False,2026-08-17T23:08:11.112323+09:00
Interview Sum,,,failed,False,2026-08-21T02:22:32.305318+09:00
Interview Summary,1000.0,1.0,success,False,2026-08-19T21:32:42.554846+09:00
Interview Sync,,,failed,False,2026-08-17T20:44:45.631544+09:00
Interview Tab,,,failed,False,2026-08-21T00:25:35.006393+09:00
Interview Table,320.0,30.0,success,False,2026-08-19T22:06:35.304978+09:00
Interview Tag,,,failed,False,2026-08-19T13:36:19.763333+09:00
Interview Tally,10.0,0.0,success,False,2026-08-21T00:25:02.156940+09:00
Interview Tariff,,,failed,False,2026-08-21T02:38:37.938007+09:00
Interview Tax,590.0,0.0,success,False,2026-08-21T02:07:46.443072+09:00
Interview Ticket,,,failed,False,2026-08-19T21:32:52.200900+09:00
Interview Timeline,90.0,0.0,success,False,2026-08-19T21:32:44.531306+09:00
Interview Timer,720.0,0.0,success,False,2026-08-28T00:24:27.565309+09:00
Interview Toll,,,failed,False,2026-08-21T02:38:33.089549+09:00
Interview Toolbox,10.0,3.0,success,False,2026-08-28T00:24:32.431629+09:00
Interview Toolkit,40.0,4.0,success,False,2026-08-18T22:09:47.268840+09:00
Interview Total,,,failed,False,2026-08-27T23:12:44.367905+09:00
Interview Tracker,480.0,7.0,success,False,2026-08-17T20:45:48.787557+09:00
Interview Trail,20.0,0.0,success,False,2026-08-17T21:39:25.145394+09:00
Interview Trend,40.0,1.0,success,False,2026-08-28T01:05:03.424573+09:00
Interview Trial,70.0,11.0,success,False,2026-08-27T21:15:31.900187+09:00
Interview Unit,10.0,0.0,success,False,2026-08-21T01:51:29.207159+09:00
Interview Update,70.0,1.0,success,False,2026-08-19T20:47:51.523685+09:00
Interview Value,,,failed,False,2026-08-23T02:53:42.896171+09:00
Interview Vault,20.0,9.0,success,False,2026-08-17T20:38:51.261946+09:00
Interview Version,,,failed,False,2026-08-23T03:17:09.077548+09:00
Interview View,90.0,2.0,success,False,2026-08-19T20:47:22.248072+09:00
Interview Voucher,,,failed,False,2026-08-21T00:36:50.529911+09:00
Interview Watch,140.0,88.0,success,False,2026-08-18T07:52:44.350821+09:00
Interview Wave,,,failed,False,2026-08-17T21:36:24.237197+09:00
Interview Widget,,,failed,False,2026-08-27T23:12:46.818245+09:00
Interview Workbench,,,failed,False,2026-08-18T22:09:39.839296+09:00
Interview Worksheet,170.0,2.0,success,False,2026-08-27T22:09:51.279815+09:00
Interview Workshop,320.0,21.0,success,False,2026-08-28T00:24:29.963051+09:00
Interview Zone,50.0,0.0,success,False,2026-08-17T20:38:24.877008+09:00
Inventory Advance,10.0,7.0,success,False,2026-08-23T16:11:27.999005+09:00
Inventory Allowance,110.0,1.0,success,False,2026-08-21T02:37:37.997164+09:00
Inventory Almanac,,,failed,False,2026-08-18T22:04:00.845205+09:00
Inventory Analyzer,20.0,21.0,success,False,2026-08-27T23:52:35.044281+09:00
Inventory Anchor,,,failed,False,2026-08-17T20:32:46.505342+09:00
Inventory Arrears,,,failed,False,2026-08-23T16:11:24.096021+09:00
Inventory Asset,880.0,6.0,success,False,2026-08-23T13:45:20.654502+09:00
Inventory Assistant,1000.0,2.0,success,False,2026-08-17T23:06:59.361333+09:00
Inventory Atlas,,,failed,False,2026-08-18T07:43:25.661274+09:00
Inventory Attribute,,,failed,False,2026-08-23T13:05:15.223495+09:00
Inventory Balance,260.0,1.0,success,False,2026-08-23T13:45:27.370408+09:00
Inventory Base,8100.0,20.0,success,False,2026-08-17T20:38:14.865229+09:00
Inventory Beacon,,,failed,False,2026-08-17T20:36:38.149505+09:00
Inventory Bill,40.0,12.0,success,False,2026-08-19T21:47:49.967174+09:00
Inventory Bin,320.0,50.0,success,False,2026-08-19T12:23:40.274403+09:00
Inventory Blueprint,,,failed,False,2026-08-18T22:03:51.381490+09:00
Inventory Board,70.0,70.0,success,False,2026-08-17T20:35:22.813816+09:00
Inventory Book,1600.0,63.0,success,False,2026-08-19T21:49:01.029648+09:00
Inventory Bridge,20.0,1.0,success,False,2026-08-17T20:33:48.971139+09:00
Inventory Brief,,,failed,False,2026-08-21T01:01:15.556861+09:00
Inventory Bulletin,,,failed,False,2026-08-21T01:01:13.751057+09:00
Inventory Calculator,590.0,11.0,success,False,2026-08-27T23:33:00.078931+09:00
Inventory Calendar,50.0,13.0,success,False,2026-08-18T23:58:04.745440+09:00
Inventory Card,880.0,38.0,success,False,2026-08-19T13:22:52.997590+09:00
Inventory Cascade,,,failed,False,2026-08-17T20:34:40.569545+09:00
Inventory Cash,20.0,0.0,success,False,2026-08-21T02:21:33.857873+09:00
Inventory Cashback,,,failed,False,2026-08-26T22:29:12.332951+09:00
Inventory Catalog,70.0,21.0,success,False,2026-08-19T21:03:36.529171+09:00
Inventory Category,170.0,6.0,success,False,2026-08-23T13:05:15.223495+09:00
Inventory Center,260.0,5.0,success,False,2026-08-17T20:38:58.199942+09:00
Inventory Chain,10.0,0.0,success,False,2026-08-17T20:35:32.317442+09:00
Inventory Charge,70.0,7.0,success,False,2026-08-21T02:37:22.596537+09:00
Inventory Check,9900.0,3.0,success,False,2026-08-19T13:23:14.484254+09:00
Inventory Checker,9900.0,3.0,success,False,2026-08-27T23:52:26.282518+09:00
Inventory Checklist,1000.0,48.0,success,False,2026-08-19T21:12:55.345811+09:00
Inventory Cockpit,,,failed,False,2026-08-17T22:51:32.586910+09:00
Inventory Code,210.0,7.0,success,False,2026-08-19T21:48:17.560358+09:00
Inventory Codex,,,failed,False,2026-08-18T22:04:23.726026+09:00
Inventory Companion,,,failed,False,2026-08-17T23:04:46.904606+09:00
Inventory Comparison,20.0,1.0,success,False,2026-08-28T01:03:14.001062+09:00
Inventory Compass,,,failed,False,2026-08-17T20:37:34.472176+09:00
Inventory Compendium,,,failed,False,2026-08-18T22:04:12.568895+09:00
Inventory Confirmation,30.0,2.0,success,False,2026-08-21T01:01:30.993537+09:00
Inventory Console,20.0,3.0,success,False,2026-08-17T20:36:08.746361+09:00
Inventory Contribution,10.0,0.0,success,False,2026-08-23T16:11:21.537507+09:00
Inventory Copayment,,,failed,False,2026-08-23T16:37:18.649152+09:00
Inventory Core,,,failed,False,2026-08-17T20:37:19.032635+09:00
Inventory Cost,2400.0,4.0,success,False,2026-08-21T02:06:11.713342+09:00
Inventory Count,2400.0,14.0,success,False,2026-08-27T22:45:32.227130+09:00
Inventory Counter,2400.0,14.0,success,False,2026-08-18T23:57:13.406878+09:00
Inventory Coupon,,,failed,False,2026-08-27T21:13:25.046826+09:00
Inventory Dashboard,1600.0,23.0,success,False,2026-08-17T23:10:24.973922+09:00
Inventory Deal,20.0,3.0,success,False,2026-08-21T01:50:11.823899+09:00
Inventory Debt,,,failed,False,2026-08-21T02:21:23.135425+09:00
Inventory Deck,,,failed,False,2026-08-17T20:34:29.454165+09:00
Inventory Depot,,,failed,False,2026-08-18T23:58:42.867449+09:00
Inventory Desk,20.0,78.0,success,False,2026-08-17T20:31:52.293572+09:00
Inventory Detail,30.0,3.0,success,False,2026-08-23T03:14:42.643964+09:00
Inventory Detector,,,failed,False,2026-08-27T23:52:32.506891+09:00
Inventory Dial,,,failed,False,2026-08-17T20:34:17.127214+09:00
Inventory Digest,,,failed,False,2026-08-19T20:42:06.894940+09:00
Inventory Directory,10.0,0.0,success,False,2026-08-18T23:58:15.272323+09:00
Inventory Discount,30.0,6.0,success,False,2026-08-23T16:11:16.199786+09:00
Inventory Dock,,,failed,False,2026-08-18T07:43:25.661274+09:00
Inventory Dossier,,,failed,False,2026-08-21T01:01:32.949178+09:00
Inventory Draft,,,failed,False,2026-08-19T20:42:19.980728+09:00
Inventory Due,,,failed,False,2026-08-23T15:50:14.677980+09:00
Inventory Duty,70.0,0.0,success,False,2026-08-21T02:37:31.175739+09:00
Inventory Engine,40.0,10.0,success,False,2026-08-17T23:07:02.817989+09:00
Inventory Entry,170.0,6.0,success,False,2026-08-21T01:01:47.037702+09:00
Inventory Estimate,110.0,2.0,success,False,2026-08-19T21:03:21.176777+09:00
Inventory Estimator,,,failed,False,2026-08-27T23:52:22.402919+09:00
Inventory Fare,,,failed,False,2026-08-21T02:06:27.364500+09:00
Inventory Fee,50.0,0.0,success,False,2026-08-21T01:54:45.555150+09:00
Inventory Feed,40.0,13.0,success,False,2026-08-19T20:42:14.870990+09:00
Inventory File,1300.0,0.0,success,True,2026-08-19T20:41:37.796650+09:00
Inventory Finder,70.0,6.0,success,False,2026-08-18T23:58:35.248777+09:00
Inventory Fine,,,failed,False,2026-08-23T02:53:08.936462+09:00
Inventory Flag,,,failed,False,2026-08-21T00:27:03.794080+09:00
Inventory Flow,320.0,16.0,success,False,2026-08-17T20:34:55.202462+09:00
Inventory Forge,20.0,0.0,success,False,2026-08-17T20:35:40.356029+09:00
Inventory Form,2400.0,52.0,success,False,2026-08-19T13:22:01.413587+09:00
Inventory Frame,30.0,2.0,success,False,2026-08-17T20:39:12.627798+09:00
Inventory Fund,,,failed,False,2026-08-21T02:21:30.317993+09:00
Inventory Gate,,,failed,False,2026-08-17T20:32:38.453320+09:00
Inventory Giveaway,10.0,,success,False,2026-08-27T21:12:51.148194+09:00
Inventory Grade,,,failed,False,2026-08-21T00:26:43.816315+09:00
Inventory Graph,210.0,5.0,success,False,2026-08-27T22:06:42.047958+09:00
Inventory Grid,390.0,2.0,success,False,2026-08-17T20:36:00.761105+09:00
Inventory Guard,,,failed,False,2026-08-17T20:37:51.221015+09:00
Inventory Guardian,20.0,0.0,success,False,2026-08-28T00:22:36.820060+09:00
Inventory Guidebook,,,failed,False,2026-08-18T22:03:16.704658+09:00
Inventory Helpdesk,10.0,71.0,success,False,2026-08-27T22:45:37.997038+09:00
Inventory Helper,1000.0,2.0,success,False,2026-08-28T00:22:42.376773+09:00
Inventory History,110.0,0.0,success,False,2026-08-19T20:41:33.167361+09:00
Inventory Hotline,,,failed,False,2026-08-19T21:03:51.507952+09:00
Inventory Hub,1300.0,0.0,success,True,2026-08-17T20:34:03.344800+09:00
Inventory Identifier,,,failed,False,2026-08-23T13:05:12.905502+09:00
Inventory Incentive,,,failed,False,2026-08-27T21:12:46.088803+09:00
Inventory Index,40.0,0.0,success,False,2026-08-19T21:13:11.253613+09:00
Inventory Insight,110.0,12.0,success,False,2026-08-17T23:04:36.399044+09:00
Inventory Installment,,,failed,False,2026-08-23T16:11:21.537507+09:00
Inventory Item,880.0,5.0,success,False,2026-08-21T01:54:53.118600+09:00
Inventory Journal,170.0,19.0,success,False,2026-08-18T22:02:56.704517+09:00
Inventory Keeper,110.0,35.0,success,False,2026-08-17T20:39:36.069990+09:00
Inventory Kit,260.0,4.0,success,False,2026-08-27T22:45:28.853044+09:00
Inventory Lab,2900.0,20.0,success,False,2026-08-17T20:32:26.534581+09:00
Inventory Label,1000.0,87.0,success,False,2026-08-27T22:06:46.717056+09:00
Inventory Layout,170.0,29.0,success,False,2026-08-27T22:28:39.838514+09:00
Inventory Ledger,390.0,33.0,success,False,2026-08-17T20:36:20.228244+09:00
Inventory Lens,,,failed,False,2026-08-17T20:40:05.754832+09:00
Inventory Level,1000.0,1.0,success,False,2026-08-19T20:41:45.467674+09:00
Inventory Link,170.0,3.0,success,False,2026-08-23T03:16:07.985751+09:00
Inventory List,5400.0,21.0,success,False,2026-08-19T21:48:31.545228+09:00
Inventory Loan,390.0,36.0,success,False,2026-08-21T02:06:36.583403+09:00
Inventory Locator,170.0,3.0,success,False,2026-08-18T23:58:25.855676+09:00
Inventory Lock,70.0,0.0,success,False,2026-08-18T07:43:57.402622+09:00
Inventory Log,720.0,78.0,success,False,2026-08-19T13:21:49.505722+09:00
Inventory Loop,,,failed,False,2026-08-17T20:36:59.320935+09:00
Inventory Manager,3600.0,8.0,success,False,2026-08-17T20:38:40.859557+09:00
Inventory Manual,110.0,14.0,success,False,2026-08-27T22:06:51.467328+09:00
Inventory Map,210.0,12.0,success,False,2026-08-18T01:28:09.694093+09:00
Inventory Margin,30.0,2.0,success,False,2026-08-23T02:53:06.849591+09:00
Inventory Markup,10.0,3.0,success,False,2026-08-23T16:37:16.360877+09:00
Inventory Memo,20.0,2.0,success,False,2026-08-21T00:26:49.726902+09:00
Inventory Message,,,failed,False,2026-08-27T23:10:50.264630+09:00
Inventory Meter,,,failed,False,2026-08-17T20:33:18.087238+09:00
Inventory Metrics,210.0,8.0,success,False,2026-08-17T23:05:21.665981+09:00
Inventory Monitor,320.0,28.0,success,False,2026-08-17T23:08:46.290392+09:00
Inventory Navigator,10.0,5.0,success,False,2026-08-17T23:04:50.362686+09:00
Inventory Nexus,,,failed,False,2026-08-18T07:43:23.332018+09:00
Inventory Node,,,failed,False,2026-08-17T20:33:42.611240+09:00
Inventory Note,210.0,1.0,success,False,2026-08-19T13:23:40.624873+09:00
Inventory Notification,10.0,2.0,success,False,2026-08-27T22:45:23.426349+09:00
Inventory Number,390.0,10.0,success,False,2026-08-23T03:15:59.188624+09:00
Inventory Office,320.0,10.0,success,False,2026-08-18T23:52:29.838132+09:00
Inventory Ops,140.0,5.0,success,False,2026-08-17T23:11:59.928630+09:00
Inventory Order,320.0,11.0,success,False,2026-08-19T21:47:38.670449+09:00
Inventory Organizer,480.0,24.0,success,False,2026-08-17T23:08:49.702335+09:00
Inventory Overage,40.0,3.0,success,False,2026-08-27T21:45:56.763524+09:00
Inventory Overdraft,,,failed,False,2026-08-23T15:50:16.987712+09:00
Inventory Overdue,,,failed,False,2026-08-27T21:45:54.192033+09:00
Inventory Panel,50.0,0.0,success,False,2026-08-17T20:35:09.040915+09:00
Inventory Path,10.0,0.0,success,False,2026-08-17T20:33:09.747000+09:00
Inventory Penalty,,,failed,False,2026-08-23T16:37:14.050450+09:00
Inventory Petition,,,failed,False,2026-08-21T01:01:28.263811+09:00
Inventory Pilot,,,failed,False,2026-08-17T20:33:01.756540+09:00
Inventory Plan,3600.0,34.0,success,False,2026-08-21T01:50:02.348824+09:00
Inventory Planner,3600.0,34.0,success,False,2026-08-17T23:06:02.733299+09:00
Inventory Playbook,,,failed,False,2026-08-18T22:02:46.582498+09:00
Inventory Point,20.0,14.0,success,False,2026-08-17T20:32:00.957216+09:00
Inventory Portal,1300.0,13.0,success,False,2026-08-17T20:37:05.313557+09:00
Inventory Preview,20.0,2.0,success,False,2026-08-28T01:03:16.681055+09:00
Inventory Profile,1600.0,0.0,success,True,2026-08-19T13:24:17.578330+09:00
Inventory Profit,90.0,1.0,success,False,2026-08-23T02:52:59.926815+09:00
Inventory Proposal,10.0,0.0,success,False,2026-08-28T01:03:16.681055+09:00
Inventory Pulse,,,failed,False,2026-08-17T20:35:03.370957+09:00
Inventory Queue,,,failed,False,2026-08-19T21:13:31.913325+09:00
Inventory Quota,,,failed,False,2026-08-21T00:26:53.623558+09:00
Inventory Radar,,,failed,False,2026-08-18T07:43:28.535953+09:00
Inventory Rail,,,failed,False,2026-08-17T20:37:26.547523+09:00
Inventory Rate,70.0,0.0,success,False,2026-08-19T20:41:51.151726+09:00
Inventory Receipt,170.0,12.0,success,False,2026-08-19T21:48:04.651670+09:00
Inventory Recorder,20.0,14.0,success,False,2026-08-27T23:33:05.663722+09:00
Inventory Redemption,,,failed,False,2026-08-23T16:37:18.649152+09:00
Inventory Register,880.0,34.0,success,False,2026-08-17T23:03:53.626473+09:00
Inventory Registry,,,failed,False,2026-08-18T22:03:30.222566+09:00
Inventory Relay,,,failed,False,2026-08-18T01:28:07.797651+09:00
Inventory Reminder,,,failed,False,2026-08-19T21:12:45.437785+09:00
Inventory Report,2400.0,10.0,success,False,2026-08-19T13:21:11.802983+09:00
Inventory Repository,10.0,7.0,success,False,2026-08-27T23:11:01.656662+09:00
Inventory Roadmap,,,failed,False,2026-08-18T22:04:34.092675+09:00
Inventory Roster,,,failed,False,2026-08-19T00:36:46.213084+09:00
Inventory Route,,,failed,False,2026-08-18T07:43:23.332018+09:00
Inventory Rule,50.0,2.0,success,False,2026-08-23T03:14:39.191196+09:00
Inventory Sale,1000.0,16.0,success,False,2026-08-21T02:21:38.988991+09:00
Inventory Sample,880.0,48.0,success,False,2026-08-19T21:49:21.504748+09:00
Inventory Scale,720.0,25.0,success,False,2026-08-17T20:32:08.584337+09:00
Inventory Scanner,1600.0,100.0,success,False,2026-08-27T23:52:30.197940+09:00
Inventory Scheduler,,,failed,False,2026-08-17T23:03:39.400104+09:00
Inventory Scope,10.0,0.0,success,False,2026-08-17T20:37:58.727524+09:00
Inventory Score,,,failed,False,2026-08-19T13:23:25.617100+09:00
Inventory Sentry,,,failed,False,2026-08-17T20:40:29.235539+09:00
Inventory Serial,10.0,,success,False,2026-08-23T13:26:32.402839+09:00
Inventory Sheet,3600.0,82.0,success,False,2026-08-19T13:23:03.025983+09:00
Inventory Shortfall,10.0,0.0,success,False,2026-08-27T21:45:59.200970+09:00
Inventory Signal,,,failed,False,2026-08-17T20:31:35.680631+09:00
Inventory Signature,,,failed,False,2026-08-23T13:26:35.864064+09:00
Inventory Slip,70.0,71.0,success,False,2026-08-19T21:49:11.434209+09:00
Inventory Slot,590.0,0.0,success,False,2026-08-19T21:49:32.440919+09:00
Inventory Snapshot,70.0,5.0,success,False,2026-08-18T22:03:07.731550+09:00
Inventory Stage,20.0,15.0,success,False,2026-08-28T00:46:24.719309+09:00
Inventory Stake,,,failed,False,2026-08-23T02:53:02.917433+09:00
Inventory Stamp,110.0,75.0,success,False,2026-08-23T13:26:15.190614+09:00
Inventory Statement,90.0,1.0,success,False,2026-08-21T00:26:33.622421+09:00
Inventory Station,,,failed,False,2026-08-18T07:43:33.708043+09:00
Inventory Status,260.0,2.0,success,False,2026-08-19T20:41:13.496418+09:00
Inventory Studio,70.0,0.0,success,False,2026-08-17T20:33:36.115262+09:00
Inventory Suite,,,failed,False,2026-08-17T23:12:18.901964+09:00
Inventory Sum,,,failed,False,2026-08-21T02:21:19.910090+09:00
Inventory Summary,140.0,4.0,success,False,2026-08-19T21:12:26.316955+09:00
Inventory Surtax,,,failed,False,2026-08-23T15:50:21.646134+09:00
Inventory Sync,210.0,19.0,success,False,2026-08-17T20:35:52.510868+09:00
Inventory Tab,480.0,0.0,success,False,2026-08-21T00:27:12.597515+09:00
Inventory Table,390.0,21.0,success,False,2026-08-19T21:48:44.866696+09:00
Inventory Tag,1300.0,100.0,success,False,2026-08-19T13:24:07.507599+09:00
Inventory Tally,390.0,7.0,success,False,2026-08-21T00:26:39.162393+09:00
Inventory Tariff,,,failed,False,2026-08-21T02:37:45.273746+09:00
Inventory Tax,390.0,2.0,success,False,2026-08-21T02:06:32.230213+09:00
Inventory Ticker,,,failed,False,2026-08-19T12:22:54.076804+09:00
Inventory Ticket,50.0,42.0,success,False,2026-08-19T21:13:21.149067+09:00
Inventory Tier,,,failed,False,2026-08-28T00:46:30.511685+09:00
Inventory Timeline,10.0,0.0,success,False,2026-08-19T21:12:35.619378+09:00
Inventory Timer,,,failed,False,2026-08-28T00:22:31.262546+09:00
Inventory Token,,,failed,False,2026-08-23T13:26:35.864064+09:00
Inventory Toll,,,failed,False,2026-08-21T02:37:35.054521+09:00
Inventory Toolbox,,,failed,False,2026-08-28T00:22:39.734824+09:00
Inventory Toolkit,,,failed,False,2026-08-18T22:02:35.560643+09:00
Inventory Total,320.0,10.0,success,False,2026-08-27T23:10:50.264630+09:00
Inventory Tracker,1900.0,79.0,success,False,2026-08-17T20:36:52.122948+09:00
Inventory Trail,,,failed,False,2026-08-17T20:36:26.800121+09:00
Inventory Trend,40.0,2.0,success,False,2026-08-28T01:03:11.397241+09:00
Inventory Trial,,,failed,False,2026-08-26T22:29:25.643786+09:00
Inventory Unit,210.0,3.0,success,False,2026-08-21T01:49:57.762710+09:00
Inventory Update,390.0,3.0,success,False,2026-08-19T20:41:59.995024+09:00
Inventory Value,4400.0,2.0,success,False,2026-08-23T02:52:59.926815+09:00
Inventory Vault,,,failed,False,2026-08-17T20:38:26.412397+09:00
Inventory Version,,,failed,False,2026-08-23T03:16:04.926690+09:00
Inventory View,320.0,1.0,success,False,2026-08-19T20:41:22.304179+09:00
Inventory Watch,70.0,23.0,success,False,2026-08-18T07:43:33.708043+09:00
Inventory Wave,10.0,14.0,success,False,2026-08-17T20:34:09.472739+09:00
Inventory Widget,20.0,26.0,success,False,2026-08-27T23:10:55.756193+09:00
Inventory Workbench,,,failed,False,2026-08-18T21:06:03.853095+09:00
Inventory Worksheet,170.0,38.0,success,False,2026-08-27T22:06:55.016444+09:00
Inventory Zone,,,failed,False,2026-08-17T20:38:04.703276+09:00
Investigation Advisory,,,failed,False,2026-08-21T01:02:57.004719+09:00
Investigation Alert,10.0,3.0,success,False,2026-08-21T00:06:57.541230+09:00
Investigation Allowance,,,failed,False,2026-08-21T02:42:02.551252+09:00
Investigation Analyzer,,,failed,False,2026-08-27T23:52:13.665480+09:00
Investigation Announcement,,,failed,False,2026-08-27T23:31:53.599891+09:00
Investigation Assistant,320.0,7.0,success,False,2026-08-21T00:05:29.824761+09:00
Investigation Atlas,,,failed,False,2026-08-19T22:41:50.846543+09:00
Investigation Base,,,failed,False,2026-08-21T00:10:48.719546+09:00
Investigation Bay,,,failed,False,2026-08-21T00:06:33.457247+09:00
Investigation Beacon,,,failed,False,2026-08-21T00:10:06.230079+09:00
Investigation Bill,20.0,0.0,success,False,2026-08-21T00:09:00.299581+09:00
Investigation Board,4400.0,1.0,success,False,2026-08-21T00:10:58.171885+09:00
Investigation Book,14800.0,95.0,success,False,2026-08-21T00:09:19.692750+09:00
Investigation Booth,,,failed,False,2026-08-21T00:06:26.162440+09:00
Investigation Bridge,,,failed,False,2026-08-21T00:10:12.835483+09:00
Investigation Brief,10.0,0.0,success,False,2026-08-21T01:01:54.342698+09:00
Investigation Bulletin,,,failed,False,2026-08-21T01:01:47.037702+09:00
Investigation Calendar,,,failed,False,2026-08-21T00:06:02.924923+09:00
Investigation Card,40.0,0.0,success,False,2026-08-21T00:07:33.633888+09:00
Investigation Cascade,,,failed,False,2026-08-21T00:10:10.668873+09:00
Investigation Cash,20.0,0.0,success,False,2026-08-21T02:25:01.097647+09:00
Investigation Category,,,failed,False,2026-08-23T13:10:03.956535+09:00
Investigation Center,40.0,1.0,success,False,2026-08-21T00:11:18.069642+09:00
Investigation Chain,,,failed,False,2026-08-21T00:11:51.224044+09:00
Investigation Charge,90.0,0.0,success,False,2026-08-21T02:41:49.318667+09:00
Investigation Chart,390.0,0.0,success,False,2026-08-21T00:06:59.654665+09:00
Investigation Check,140.0,2.0,success,False,2026-08-21T00:07:41.757493+09:00
Investigation Checker,,,failed,False,2026-08-27T23:52:05.723363+09:00
Investigation Circular,,,failed,False,2026-08-21T01:02:54.788235+09:00
Investigation Code,90.0,0.0,success,False,2026-08-21T00:09:09.007645+09:00
Investigation Comparison,,,failed,False,2026-08-28T01:04:11.555424+09:00
Investigation Confirmation,,,failed,False,2026-08-21T01:02:13.283707+09:00
Investigation Console,,,failed,False,2026-08-21T00:11:31.112963+09:00
Investigation Core,10.0,0.0,success,False,2026-08-21T00:10:51.522547+09:00
Investigation Cost,50.0,6.0,success,False,2026-08-21T02:07:48.773154+09:00
Investigation Count,,,failed,False,2026-08-27T22:51:07.925641+09:00
Investigation Counter,,,failed,False,2026-08-21T00:06:19.535864+09:00
Investigation Deal,,,failed,False,2026-08-21T01:50:02.348824+09:00
Investigation Debt,,,failed,False,2026-08-21T02:24:52.539486+09:00
Investigation Deck,20.0,100.0,success,False,2026-08-21T00:11:04.008018+09:00
Investigation Desk,110.0,0.0,success,False,2026-08-21T00:09:46.713564+09:00
Investigation Detail,,,failed,False,2026-08-23T03:23:15.682212+09:00
Investigation Detector,,,failed,False,2026-08-27T23:52:10.807826+09:00
Investigation Diagram,30.0,0.0,success,False,2026-08-27T22:13:20.966698+09:00
Investigation Directory,,,failed,False,2026-08-21T00:06:05.500178+09:00
Investigation Dossier,10.0,0.0,success,False,2026-08-21T01:02:15.382494+09:00
Investigation Downpayment,,,failed,False,2026-08-27T21:48:59.482652+09:00
Investigation Draft,,,failed,False,2026-08-21T00:08:32.112101+09:00
Investigation Due,,,failed,False,2026-08-23T15:51:31.238085+09:00
Investigation Duty,,,failed,False,2026-08-21T02:41:51.779430+09:00
Investigation Engine,,,failed,False,2026-08-21T00:05:23.895920+09:00
Investigation Entry,,,failed,False,2026-08-21T01:03:15.171952+09:00
Investigation Estimate,,,failed,False,2026-08-21T00:08:53.382830+09:00
Investigation Estimator,,,failed,False,2026-08-27T23:52:02.296949+09:00
Investigation Excerpt,,,failed,False,2026-08-21T01:03:10.607434+09:00
Investigation Extension,,,failed,False,2026-08-23T16:39:10.446274+09:00
Investigation Fare,,,failed,False,2026-08-21T02:07:58.916446+09:00
Investigation Fee,50.0,4.0,success,False,2026-08-21T02:00:00.574550+09:00
Investigation Feed,,,failed,False,2026-08-21T00:08:29.674648+09:00
Investigation File,4400.0,4.0,success,False,2026-08-21T00:08:12.228304+09:00
Investigation Fine,,,failed,False,2026-08-23T02:57:10.108047+09:00
Investigation Flag,,,failed,False,2026-08-21T00:26:46.014545+09:00
Investigation Flow,,,failed,False,2026-08-21T00:09:38.850867+09:00
Investigation Forge,,,failed,False,2026-08-21T00:10:08.386733+09:00
Investigation Form,320.0,1.0,success,False,2026-08-21T00:07:30.087170+09:00
Investigation Frame,,,failed,False,2026-08-21T00:10:46.000113+09:00
Investigation Fund,,,failed,False,2026-08-21T02:24:56.488655+09:00
Investigation Gate,,,failed,False,2026-08-21T00:12:01.439565+09:00
Investigation Generator,,,failed,False,2026-08-27T23:31:58.292490+09:00
Investigation Grade,,,failed,False,2026-08-21T00:26:30.376720+09:00
Investigation Graph,20.0,6.0,success,False,2026-08-27T22:13:09.872881+09:00
Investigation Grid,,,failed,False,2026-08-21T00:10:27.698876+09:00
Investigation Guarantee,,,failed,False,2026-08-28T01:04:19.597729+09:00
Investigation Guardian,10.0,7.0,success,False,2026-08-28T00:22:42.376773+09:00
Investigation Helpdesk,,,failed,False,2026-08-27T22:51:13.312396+09:00
Investigation Helper,,,failed,False,2026-08-28T00:22:52.095414+09:00
Investigation History,1000.0,0.0,success,True,2026-08-21T00:08:09.199254+09:00
Investigation Hub,30.0,8.0,success,False,2026-08-21T00:09:42.716549+09:00
Investigation Identifier,,,failed,False,2026-08-23T13:10:03.956535+09:00
Investigation Inbox,,,failed,False,2026-08-21T00:06:55.425363+09:00
Investigation Index,,,failed,False,2026-08-21T00:08:47.899784+09:00
Investigation Item,,,failed,False,2026-08-21T01:59:59.476692+09:00
Investigation Journal,210.0,1.0,success,False,2026-08-21T00:05:56.272120+09:00
Investigation Keeper,,,failed,False,2026-08-19T23:13:53.160538+09:00
Investigation Kiosk,,,failed,False,2026-08-21T00:06:28.229778+09:00
Investigation Kit,210.0,29.0,success,False,2026-08-27T22:51:05.430430+09:00
Investigation Lab,3600.0,1.0,success,False,2026-08-21T00:11:09.626115+09:00
Investigation Ledger,,,failed,False,2026-08-21T00:10:55.494824+09:00
Investigation Level,10.0,0.0,success,False,2026-08-21T00:08:19.938205+09:00
Investigation Line,70.0,1.0,success,False,2026-08-21T00:07:13.344965+09:00
Investigation Link,,,failed,False,2026-08-23T03:23:07.645674+09:00
Investigation List,140.0,0.0,success,False,2026-08-21T00:09:11.987938+09:00
Investigation Loan,,,failed,False,2026-08-21T02:08:07.470140+09:00
Investigation Lobby,,,failed,False,2026-08-21T00:07:07.636475+09:00
Investigation Locator,,,failed,False,2026-08-21T00:06:08.424463+09:00
Investigation Locker,,,failed,False,2026-08-21T00:06:22.845965+09:00
Investigation Log,70.0,2.0,success,False,2026-08-21T00:07:26.703840+09:00
Investigation Loop,,,failed,False,2026-08-21T00:10:23.316441+09:00
Investigation Manager,390.0,1.0,success,False,2026-08-21T00:05:21.567045+09:00
Investigation Manual,110.0,6.0,success,False,2026-08-27T22:13:16.015424+09:00
Investigation Map,170.0,0.0,success,False,2026-08-21T00:10:41.968767+09:00
Investigation Margin,,,failed,False,2026-08-23T02:57:06.282457+09:00
Investigation Memo,10.0,0.0,success,False,2026-08-21T00:26:36.041366+09:00
Investigation Message,,,failed,False,2026-08-27T23:16:53.480733+09:00
Investigation Monitor,,,failed,False,2026-08-21T00:05:39.660885+09:00
Investigation Nexus,,,failed,False,2026-08-21T00:12:04.000178+09:00
Investigation Note,170.0,0.0,success,False,2026-08-21T00:07:47.780593+09:00
Investigation Notification,,,failed,False,2026-08-27T22:51:05.430430+09:00
Investigation Number,110.0,23.0,success,False,2026-08-23T03:23:00.689817+09:00
Investigation Office,480.0,3.0,success,False,2026-08-21T00:06:15.045348+09:00
Investigation Ops,,,failed,False,2026-08-21T00:05:49.318712+09:00
Investigation Order,30.0,0.0,success,False,2026-08-21T00:08:56.538180+09:00
Investigation Outline,40.0,0.0,success,False,2026-08-27T22:29:26.032496+09:00
Investigation Outpost,,,failed,False,2026-08-21T00:06:39.076451+09:00
Investigation Overage,,,failed,False,2026-08-27T21:48:54.950777+09:00
Investigation Overdraft,,,failed,False,2026-08-23T15:51:33.860172+09:00
Investigation Overdue,,,failed,False,2026-08-27T21:48:49.180539+09:00
Investigation Panel,50.0,0.0,success,False,2026-08-21T00:11:33.849438+09:00
Investigation Passport,,,failed,False,2026-08-21T00:07:05.249232+09:00
Investigation Path,,,failed,False,2026-08-21T00:10:37.172281+09:00
Investigation Payoff,,,failed,False,2026-08-27T21:48:52.496958+09:00
Investigation Petition,,,failed,False,2026-08-21T01:02:09.128989+09:00
Investigation Plan,390.0,1.0,success,False,2026-08-21T02:00:08.168331+09:00
Investigation Planner,390.0,1.0,success,False,2026-08-21T00:05:32.052210+09:00
Investigation Playbook,,,failed,False,2026-08-21T00:05:53.181576+09:00
Investigation Plaza,,,failed,False,2026-08-21T00:06:41.845552+09:00
Investigation Point,,,failed,False,2026-08-21T00:10:39.439345+09:00
Investigation Portal,30.0,2.0,success,False,2026-08-21T00:11:23.626216+09:00
Investigation Post,210.0,2.0,success,False,2026-08-21T00:06:35.659041+09:00
Investigation Preview,,,failed,False,2026-08-28T01:04:14.556573+09:00
Investigation Profile,70.0,1.0,success,False,2026-08-21T00:07:59.311862+09:00
Investigation Profit,,,failed,False,2026-08-23T02:56:59.964563+09:00
Investigation Proposal,10.0,0.0,success,False,2026-08-28T01:04:19.597729+09:00
Investigation Quota,,,failed,False,2026-08-21T00:26:41.627536+09:00
Investigation Radar,,,failed,False,2026-08-21T00:09:53.180945+09:00
Investigation Rail,,,failed,False,2026-08-21T00:11:44.764762+09:00
Investigation Rate,,,failed,False,2026-08-21T00:08:22.856324+09:00
Investigation Recap,,,failed,False,2026-08-21T01:03:04.478545+09:00
Investigation Receipt,,,failed,False,2026-08-21T00:09:02.871951+09:00
Investigation Recorder,,,failed,False,2026-08-27T23:32:01.853038+09:00
Investigation Register,30.0,0.0,success,False,2026-08-21T00:05:45.974525+09:00
Investigation Relay,,,failed,False,2026-08-21T00:09:56.547234+09:00
Investigation Reminder,,,failed,False,2026-08-21T00:08:45.670716+09:00
Investigation Report,6600.0,1.0,success,False,2026-08-21T00:07:23.788027+09:00
Investigation Repository,,,failed,False,2026-08-27T23:17:00.312671+09:00
Investigation Result,260.0,0.0,success,False,2026-08-28T00:46:47.850580+09:00
Investigation Ring,,,failed,False,2026-08-21T00:11:58.658369+09:00
Investigation Roll,20.0,0.0,success,False,2026-08-21T00:07:16.411531+09:00
Investigation Roster,,,failed,False,2026-08-21T00:06:52.239933+09:00
Investigation Route,,,failed,False,2026-08-21T00:11:41.126262+09:00
Investigation Rule,40.0,0.0,success,False,2026-08-23T03:23:11.854221+09:00
Investigation Sale,,,failed,False,2026-08-21T02:25:06.190150+09:00
Investigation Sample,70.0,0.0,success,False,2026-08-21T00:09:26.936437+09:00
Investigation Scale,,,failed,False,2026-08-21T00:11:37.455869+09:00
Investigation Scanner,,,failed,False,2026-08-27T23:52:08.286767+09:00
Investigation Scope,170.0,0.0,success,False,2026-08-21T00:10:20.448306+09:00
Investigation Score,,,failed,False,2026-08-21T00:07:44.849905+09:00
Investigation Sheet,90.0,0.0,success,False,2026-08-21T00:07:38.957051+09:00
Investigation Shelf,,,failed,False,2026-08-21T00:06:52.239933+09:00
Investigation Shortfall,,,failed,False,2026-08-27T21:49:01.717649+09:00
Investigation Signal,10.0,0.0,success,False,2026-08-21T00:10:14.810334+09:00
Investigation Signature,,,failed,False,2026-08-23T13:26:40.982312+09:00
Investigation Slip,30.0,0.0,success,False,2026-08-21T00:09:23.484193+09:00
Investigation Slot,,,failed,False,2026-08-21T00:09:33.821521+09:00
Investigation Stage,170.0,0.0,success,False,2026-08-28T00:46:44.536375+09:00
Investigation Stake,,,failed,False,2026-08-23T02:57:04.274468+09:00
Investigation Stamp,30.0,8.0,success,False,2026-08-23T13:26:43.446955+09:00
Investigation Statement,110.0,0.0,success,False,2026-08-21T00:26:21.311990+09:00
Investigation Station,140.0,34.0,success,False,2026-08-21T00:11:12.755377+09:00
Investigation Status,170.0,0.0,success,False,2026-08-21T00:08:03.129328+09:00
Investigation Studio,,,failed,False,2026-08-21T00:11:07.276592+09:00
Investigation Subsidy,,,failed,False,2026-08-23T15:51:36.784233+09:00
Investigation Sum,,,failed,False,2026-08-21T02:24:43.440499+09:00
Investigation Summary,140.0,1.0,success,False,2026-08-21T00:08:35.535549+09:00
Investigation Table,170.0,41.0,success,False,2026-08-21T00:09:15.337380+09:00
Investigation Tag,,,failed,False,2026-08-21T00:07:55.712848+09:00
Investigation Tally,,,failed,False,2026-08-21T00:26:25.580219+09:00
Investigation Tariff,,,failed,False,2026-08-21T02:42:06.283895+09:00
Investigation Tax,1600.0,17.0,success,False,2026-08-21T02:08:03.839367+09:00
Investigation Terminal,,,failed,False,2026-08-21T00:11:15.329507+09:00
Investigation Ticker,,,failed,False,2026-08-21T00:07:10.102459+09:00
Investigation Ticket,,,failed,False,2026-08-21T00:08:50.298724+09:00
Investigation Timeline,140.0,0.0,success,False,2026-08-21T00:08:39.923175+09:00
Investigation Timer,,,failed,False,2026-08-28T00:22:39.734824+09:00
Investigation Toll,,,failed,False,2026-08-21T02:41:56.534428+09:00
Investigation Toolbox,,,failed,False,2026-08-28T00:22:49.083106+09:00
Investigation Total,,,failed,False,2026-08-27T23:16:53.480733+09:00
Investigation Tower,,,failed,False,2026-08-21T00:06:48.646021+09:00
Investigation Tracker,20.0,8.0,success,False,2026-08-21T00:09:36.388404+09:00
Investigation Trail,,,failed,False,2026-08-21T00:11:47.014910+09:00
Investigation Trend,,,failed,False,2026-08-28T01:04:11.555424+09:00
Investigation Trial,30.0,0.0,success,False,2026-08-27T21:17:40.328757+09:00
Investigation Unit,390.0,1.0,success,False,2026-08-21T02:00:06.443014+09:00
Investigation Update,110.0,0.0,success,False,2026-08-21T00:08:26.557259+09:00
Investigation Value,,,failed,False,2026-08-23T02:57:01.992920+09:00
Investigation Vault,,,failed,False,2026-08-21T00:09:59.655575+09:00
Investigation Version,,,failed,False,2026-08-23T03:23:04.042146+09:00
Investigation View,,,failed,False,2026-08-21T00:08:06.282154+09:00
Investigation Watch,,,failed,False,2026-08-21T00:10:17.224400+09:00
Investigation Wave,,,failed,False,2026-08-21T00:10:31.102119+09:00
Investigation Widget,,,failed,False,2026-08-27T23:16:56.229281+09:00
Investigation Window,,,failed,False,2026-08-21T00:07:16.411531+09:00
Investigation Worksheet,40.0,0.0,success,False,2026-08-27T22:13:20.966698+09:00
Investigation Yard,,,failed,False,2026-08-21T00:06:31.070365+09:00
Investigation Zone,10.0,0.0,success,False,2026-08-21T00:11:21.339663+09:00
Invitation Advance,,,failed,False,2026-08-23T16:15:40.537214+09:00
Invitation Advisory,,,failed,False,2026-08-21T01:02:07.931527+09:00
Invitation Alert,,,failed,False,2026-08-19T13:28:26.877196+09:00
Invitation Allowance,,,failed,False,2026-08-21T02:40:25.117501+09:00
Invitation Analyzer,,,failed,False,2026-08-27T23:58:45.722079+09:00
Invitation Arrears,,,failed,False,2026-08-23T16:15:37.311219+09:00
Invitation Assistant,,,failed,False,2026-08-19T13:21:04.898366+09:00
Invitation Atlas,,,failed,False,2026-08-19T13:42:06.803998+09:00
Invitation Attribute,,,failed,False,2026-08-23T13:07:29.372228+09:00
Invitation Badge,20.0,12.0,success,False,2026-08-21T00:25:35.006393+09:00
Invitation Base,30.0,15.0,success,False,2026-08-19T13:36:47.380431+09:00
Invitation Beacon,,,failed,False,2026-08-19T13:33:08.765794+09:00
Invitation Bill,20.0,0.0,success,False,2026-08-19T22:05:25.560581+09:00
Invitation Board,260.0,47.0,success,False,2026-08-19T13:37:32.755916+09:00
Invitation Book,320.0,43.0,success,False,2026-08-19T22:06:15.067471+09:00
Invitation Bridge,,,failed,False,2026-08-19T13:33:49.819535+09:00
Invitation Brief,,,failed,False,2026-08-21T00:59:56.543467+09:00
Invitation Bulletin,,,failed,False,2026-08-21T00:59:52.495839+09:00
Invitation Calculator,,,failed,False,2026-08-27T23:36:29.882311+09:00
Invitation Calendar,5400.0,4.0,success,False,2026-08-19T13:24:22.197081+09:00
Invitation Cascade,,,failed,False,2026-08-19T13:33:40.733972+09:00
Invitation Cash,,,failed,False,2026-08-21T02:24:48.796566+09:00
Invitation Cashback,,,failed,False,2026-08-27T21:17:59.409089+09:00
Invitation Category,,,failed,False,2026-08-23T13:07:29.372228+09:00
Invitation Center,30.0,25.0,success,False,2026-08-19T13:38:55.423036+09:00
Invitation Chain,10.0,0.0,success,False,2026-08-19T13:41:12.937543+09:00
Invitation Charge,,,failed,False,2026-08-21T02:40:14.671503+09:00
Invitation Chart,50.0,9.0,success,False,2026-08-19T13:28:41.334086+09:00
Invitation Check,,,failed,False,2026-08-19T13:31:08.046594+09:00
Invitation Checker,,,failed,False,2026-08-27T23:58:38.877794+09:00
Invitation Circular,10.0,11.0,success,False,2026-08-21T01:02:05.845061+09:00
Invitation Code,12100.0,0.0,success,True,2026-08-19T22:05:46.180547+09:00
Invitation Companion,,,failed,False,2026-08-19T13:22:59.111226+09:00
Invitation Comparison,,,failed,False,2026-08-28T01:08:42.554310+09:00
Invitation Compass,,,failed,False,2026-08-19T13:33:02.578163+09:00
Invitation Confirmation,1600.0,100.0,success,False,2026-08-21T01:00:13.557875+09:00
Invitation Console,,,failed,False,2026-08-19T13:39:37.773489+09:00
Invitation Core,,,failed,False,2026-08-19T13:36:52.870932+09:00
Invitation Cost,70.0,74.0,success,False,2026-08-21T02:09:05.168889+09:00
Invitation Count,,,failed,False,2026-08-27T22:50:16.948494+09:00
Invitation Counter,,,failed,False,2026-08-19T13:25:31.059454+09:00
Invitation Coupon,90.0,13.0,success,False,2026-08-27T21:17:56.289470+09:00
Invitation Deal,10.0,91.0,success,False,2026-08-21T01:52:57.109358+09:00
Invitation Debt,,,failed,False,2026-08-21T02:24:36.091430+09:00
Invitation Deck,,,failed,False,2026-08-19T13:37:39.358157+09:00
Invitation Desk,,,failed,False,2026-08-19T13:32:31.593655+09:00
Invitation Detail,,,failed,False,2026-08-23T03:19:40.807348+09:00
Invitation Detector,,,failed,False,2026-08-27T23:58:43.283075+09:00
Invitation Digest,,,failed,False,2026-08-19T20:46:27.543041+09:00
Invitation Directory,10.0,0.0,success,False,2026-08-19T13:24:45.773598+09:00
Invitation Discount,30.0,59.0,success,False,2026-08-23T16:15:31.472081+09:00
Invitation Dossier,,,failed,False,2026-08-21T01:00:20.571072+09:00
Invitation Downpayment,,,failed,False,2026-08-27T21:49:13.443578+09:00
Invitation Draft,210.0,15.0,success,False,2026-08-19T20:46:39.045000+09:00
Invitation Due,,,failed,False,2026-08-23T15:52:20.216125+09:00
Invitation Duty,20.0,0.0,success,False,2026-08-21T02:40:18.502872+09:00
Invitation Engine,,,failed,False,2026-08-19T13:20:54.330811+09:00
Invitation Entry,,,failed,False,2026-08-21T01:00:31.922622+09:00
Invitation Estimate,,,failed,False,2026-08-19T21:32:17.835679+09:00
Invitation Estimator,,,failed,False,2026-08-27T23:58:34.382467+09:00
Invitation Excerpt,,,failed,False,2026-08-21T01:02:16.623580+09:00
Invitation Extension,,,failed,False,2026-08-23T16:39:38.014835+09:00
Invitation Fare,,,failed,False,2026-08-21T02:09:12.482274+09:00
Invitation Fee,40.0,69.0,success,False,2026-08-21T01:52:36.759473+09:00
Invitation Feed,,,failed,False,2026-08-19T20:46:33.393422+09:00
Invitation File,30.0,24.0,success,False,2026-08-19T20:46:06.697629+09:00
Invitation Fine,,,failed,False,2026-08-23T02:55:08.559599+09:00
Invitation Flag,,,failed,False,2026-08-21T00:26:18.251155+09:00
Invitation Flow,20.0,4.0,success,False,2026-08-19T13:32:09.131651+09:00
Invitation Forge,,,failed,False,2026-08-19T13:33:37.732630+09:00
Invitation Form,260.0,13.0,success,False,2026-08-19T13:30:45.657035+09:00
Invitation Format,6600.0,17.0,success,False,2026-08-23T13:07:37.097248+09:00
Invitation Frame,1000.0,41.0,success,False,2026-08-19T13:36:00.987511+09:00
Invitation Fund,,,failed,False,2026-08-21T02:24:43.440499+09:00
Invitation Gate,,,failed,False,2026-08-19T13:41:47.769675+09:00
Invitation Generator,49500.0,98.0,success,False,2026-08-27T23:36:33.321869+09:00
Invitation Giveaway,20.0,0.0,success,False,2026-08-27T21:18:05.577940+09:00
Invitation Grade,,,failed,False,2026-08-21T00:26:02.753353+09:00
Invitation Graph,,,failed,False,2026-08-27T22:13:27.898794+09:00
Invitation Grid,,,failed,False,2026-08-19T13:34:28.843739+09:00
Invitation Helpdesk,,,failed,False,2026-08-27T22:50:16.948494+09:00
Invitation Helper,,,failed,False,2026-08-28T00:27:14.671575+09:00
Invitation History,,,failed,False,2026-08-19T20:46:02.034696+09:00
Invitation Hub,110.0,6.0,success,False,2026-08-19T13:32:19.751583+09:00
Invitation Identifier,,,failed,False,2026-08-23T13:07:26.060181+09:00
Invitation Inbox,10.0,0.0,success,False,2026-08-19T13:28:15.783876+09:00
Invitation Incentive,,,failed,False,2026-08-27T21:18:01.606713+09:00
Invitation Index,,,failed,False,2026-08-19T21:32:01.105099+09:00
Invitation Installment,,,failed,False,2026-08-23T16:15:33.574414+09:00
Invitation Interest,,,failed,False,2026-08-23T13:47:35.441000+09:00
Invitation Item,,,failed,False,2026-08-21T01:52:41.314698+09:00
Invitation Journal,40.0,35.0,success,False,2026-08-19T13:23:50.629735+09:00
Invitation Keeper,,,failed,False,2026-08-19T13:42:19.343176+09:00
Invitation Lab,30.0,4.0,success,False,2026-08-19T13:37:57.164882+09:00
Invitation Label,140.0,95.0,success,False,2026-08-27T22:13:31.267961+09:00
Invitation Ledger,,,failed,False,2026-08-19T13:37:07.437416+09:00
Invitation Line,2900.0,1.0,success,False,2026-08-19T13:29:43.800182+09:00
Invitation Link,2900.0,9.0,success,False,2026-08-23T03:19:32.678416+09:00
Invitation List,880.0,10.0,success,False,2026-08-19T22:05:54.572880+09:00
Invitation Loan,,,failed,False,2026-08-21T02:09:21.519694+09:00
Invitation Log,,,failed,False,2026-08-19T13:30:39.417389+09:00
Invitation Loop,,,failed,False,2026-08-19T13:34:20.014616+09:00
Invitation Manager,880.0,1.0,success,False,2026-08-19T13:42:30.376897+09:00
Invitation Map,260.0,51.0,success,False,2026-08-19T13:35:47.282228+09:00
Invitation Margin,,,failed,False,2026-08-23T02:55:02.071314+09:00
Invitation Markup,,,failed,False,2026-08-23T16:39:35.759045+09:00
Invitation Memo,40.0,11.0,success,False,2026-08-21T00:26:07.923229+09:00
Invitation Monitor,,,failed,False,2026-08-19T13:22:09.591180+09:00
Invitation Nexus,,,failed,False,2026-08-19T13:41:59.783078+09:00
Invitation Note,390.0,8.0,success,False,2026-08-19T13:31:38.491721+09:00
Invitation Number,140.0,4.0,success,False,2026-08-23T03:19:30.157366+09:00
Invitation Office,20.0,32.0,success,False,2026-08-19T13:25:11.972380+09:00
Invitation Ops,,,failed,False,2026-08-19T13:23:19.735168+09:00
Invitation Order,390.0,100.0,success,False,2026-08-19T22:05:17.062474+09:00
Invitation Overage,,,failed,False,2026-08-27T21:49:11.230615+09:00
Invitation Overdue,,,failed,False,2026-08-27T21:49:06.270483+09:00
Invitation Panel,10.0,0.0,success,False,2026-08-19T13:39:51.910868+09:00
Invitation Pass,90.0,41.0,success,False,2026-08-21T00:25:21.406032+09:00
Invitation Passport,30.0,85.0,success,False,2026-08-19T13:28:58.111204+09:00
Invitation Path,,,failed,False,2026-08-19T13:35:21.181056+09:00
Invitation Payoff,,,failed,False,2026-08-27T21:49:08.437850+09:00
Invitation Petition,,,failed,False,2026-08-21T01:00:09.157430+09:00
Invitation Plan,90.0,15.0,success,False,2026-08-21T01:52:53.581920+09:00
Invitation Planner,90.0,15.0,success,False,2026-08-19T13:21:44.122863+09:00
Invitation Playbook,,,failed,False,2026-08-19T13:23:28.561494+09:00
Invitation Point,,,failed,False,2026-08-19T13:35:27.432298+09:00
Invitation Portal,20.0,13.0,success,False,2026-08-19T13:39:26.336599+09:00
Invitation Preview,30.0,60.0,success,False,2026-08-28T01:08:42.554310+09:00
Invitation Profit,,,failed,False,2026-08-23T02:54:55.052160+09:00
Invitation Quota,,,failed,False,2026-08-21T00:26:13.350270+09:00
Invitation Radar,,,failed,False,2026-08-19T13:32:40.491815+09:00
Invitation Rail,,,failed,False,2026-08-19T13:40:38.246974+09:00
Invitation Rate,170.0,8.0,success,False,2026-08-19T20:46:16.448832+09:00
Invitation Recap,10.0,,success,False,2026-08-21T01:00:22.728561+09:00
Invitation Receipt,,,failed,False,2026-08-19T22:05:35.780904+09:00
Invitation Register,90.0,4.0,success,False,2026-08-19T13:23:10.003028+09:00
Invitation Registry,,,failed,False,2026-08-19T13:24:10.018965+09:00
Invitation Relay,,,failed,False,2026-08-19T13:32:47.690424+09:00
Invitation Reminder,480.0,29.0,success,False,2026-08-19T21:31:54.531543+09:00
Invitation Report,30.0,0.0,success,False,2026-08-19T13:30:13.142544+09:00
Invitation Result,,,failed,False,2026-08-28T00:48:49.804197+09:00
Invitation Roll,210.0,50.0,success,False,2026-08-19T13:30:02.018673+09:00
Invitation Route,,,failed,False,2026-08-19T13:40:19.370480+09:00
Invitation Rule,,,failed,False,2026-08-23T03:19:37.789366+09:00
Invitation Sale,70.0,87.0,success,False,2026-08-21T02:24:52.539486+09:00
Invitation Sample,2900.0,76.0,success,False,2026-08-19T22:06:38.426353+09:00
Invitation Scanner,20.0,0.0,success,False,2026-08-27T23:58:38.877794+09:00
Invitation Scheduler,,,failed,False,2026-08-19T13:21:58.772541+09:00
Invitation Scope,,,failed,False,2026-08-19T13:34:11.345054+09:00
Invitation Score,30.0,0.0,success,False,2026-08-19T13:31:17.650623+09:00
Invitation Sheet,140.0,54.0,success,False,2026-08-19T13:31:00.342217+09:00
Invitation Shortfall,,,failed,False,2026-08-27T21:49:15.770523+09:00
Invitation Signal,70.0,0.0,success,False,2026-08-19T13:33:54.731377+09:00
Invitation Signature,20.0,47.0,success,False,2026-08-23T13:27:51.587934+09:00
Invitation Slip,140.0,35.0,success,False,2026-08-19T22:06:26.107612+09:00
Invitation Slot,,,failed,False,2026-08-19T22:06:47.930339+09:00
Invitation Stage,10.0,0.0,success,False,2026-08-28T00:48:49.804197+09:00
Invitation Stake,,,failed,False,2026-08-23T02:54:59.727215+09:00
Invitation Statement,40.0,0.0,success,False,2026-08-21T00:25:50.747055+09:00
Invitation Station,50.0,31.0,success,False,2026-08-19T13:38:17.915581+09:00
Invitation Status,110.0,0.0,success,False,2026-08-19T20:45:50.851524+09:00
Invitation Stub,,,failed,False,2026-08-21T00:25:43.310750+09:00
Invitation Studio,320.0,26.0,success,False,2026-08-19T13:37:46.745101+09:00
Invitation Sum,,,failed,False,2026-08-21T02:24:33.883948+09:00
Invitation Summary,10.0,0.0,success,False,2026-08-19T21:31:35.907614+09:00
Invitation Table,70.0,61.0,success,False,2026-08-19T22:06:04.414832+09:00
Invitation Tally,,,failed,False,2026-08-21T00:25:57.789837+09:00
Invitation Tariff,,,failed,False,2026-08-21T02:40:30.595557+09:00
Invitation Tax,,,failed,False,2026-08-21T02:09:16.825512+09:00
Invitation Ticker,,,failed,False,2026-08-19T13:29:22.570342+09:00
Invitation Ticket,590.0,99.0,success,False,2026-08-19T21:32:08.265719+09:00
Invitation Tier,,,failed,False,2026-08-28T00:48:52.338706+09:00
Invitation Timeline,1600.0,75.0,success,False,2026-08-19T21:31:45.728679+09:00
Invitation Timer,,,failed,False,2026-08-28T00:27:09.738576+09:00
Invitation Toll,,,failed,False,2026-08-21T02:40:21.955150+09:00
Invitation Toolbox,,,failed,False,2026-08-28T00:27:14.671575+09:00
Invitation Tracker,18100.0,0.0,success,True,2026-08-19T13:32:04.589089+09:00
Invitation Trail,,,failed,False,2026-08-19T13:40:58.883457+09:00
Invitation Trend,,,failed,False,2026-08-28T01:08:39.859150+09:00
Invitation Trial,,,failed,False,2026-08-27T21:18:01.606713+09:00
Invitation Unit,,,failed,False,2026-08-21T01:52:45.246437+09:00
Invitation Update,10.0,0.0,success,False,2026-08-19T20:46:21.996527+09:00
Invitation Value,,,failed,False,2026-08-23T02:54:57.045583+09:00
Invitation Vault,,,failed,False,2026-08-19T13:32:52.541757+09:00
Invitation Version,,,failed,False,2026-08-23T03:19:30.157366+09:00
Invitation View,,,failed,False,2026-08-19T20:45:56.516624+09:00
Invitation Voucher,20.0,0.0,success,False,2026-08-21T00:25:29.281502+09:00
Invitation Watch,90.0,35.0,success,False,2026-08-19T13:34:00.979457+09:00
Invitation Wave,,,failed,False,2026-08-19T13:35:12.097075+09:00
Invitation Window,,,failed,False,2026-08-19T13:29:52.884526+09:00
Invitation Worksheet,210.0,0.0,success,False,2026-08-27T22:13:33.756180+09:00
Invitation Workshop,390.0,3.0,success,False,2026-08-28T00:27:12.240224+09:00
Invitation Zone,,,failed,False,2026-08-19T13:39:03.234764+09:00
Invite Advance,,,failed,False,2026-08-23T16:13:58.601282+09:00
Invite Advisory,,,failed,False,2026-08-21T01:02:23.111892+09:00
Invite Alert,,,failed,False,2026-08-19T13:33:22.206561+09:00
Invite Allowance,,,failed,False,2026-08-21T02:43:04.921789+09:00
Invite Assistant,,,failed,False,2026-08-19T13:28:12.912105+09:00
Invite Atlas,,,failed,False,2026-08-19T13:27:40.228305+09:00
Invite Attribute,,,failed,False,2026-08-23T13:10:16.613560+09:00
Invite Badge,,,failed,False,2026-08-21T00:36:50.529911+09:00
Invite Base,,,failed,False,2026-08-19T13:21:52.267675+09:00
Invite Beacon,,,failed,False,2026-08-19T13:40:01.237122+09:00
Invite Bill,,,failed,False,2026-08-19T21:58:17.004802+09:00
Invite Board,260.0,47.0,success,False,2026-08-19T13:23:05.373596+09:00
Invite Book,320.0,43.0,success,False,2026-08-19T21:58:59.534733+09:00
Invite Bridge,10.0,0.0,success,False,2026-08-19T13:40:47.127510+09:00
Invite Brief,,,failed,False,2026-08-21T01:00:33.906602+09:00
Invite Bulletin,,,failed,False,2026-08-21T01:00:29.585982+09:00
Invite Calendar,5400.0,4.0,success,False,2026-08-19T13:30:10.449633+09:00
Invite Cascade,,,failed,False,2026-08-19T13:40:29.386715+09:00
Invite Cash,10.0,0.0,success,False,2026-08-21T02:26:36.939016+09:00
Invite Cashback,,,failed,False,2026-08-27T21:17:00.727259+09:00
Invite Catalog,,,failed,False,2026-08-19T21:12:07.891173+09:00
Invite Category,,,failed,False,2026-08-23T13:10:14.601516+09:00
Invite Center,,,failed,False,2026-08-19T13:24:29.465553+09:00
Invite Chain,,,failed,False,2026-08-19T13:26:40.628357+09:00
Invite Charge,,,failed,False,2026-08-21T02:42:54.824749+09:00
Invite Chart,,,failed,False,2026-08-19T13:33:39.488989+09:00
Invite Check,,,failed,False,2026-08-19T13:36:50.709528+09:00
Invite Checklist,,,failed,False,2026-08-19T21:11:12.970448+09:00
Invite Circular,,,failed,False,2026-08-21T01:02:18.693445+09:00
Invite Code,12100.0,0.0,success,True,2026-08-19T21:58:32.626205+09:00
Invite Companion,,,failed,False,2026-08-19T13:28:55.054153+09:00
Invite Comparison,10.0,0.0,success,False,2026-08-28T01:02:13.095205+09:00
Invite Compass,,,failed,False,2026-08-19T13:39:49.486851+09:00
Invite Confirmation,1600.0,100.0,success,False,2026-08-21T01:00:48.316316+09:00
Invite Console,,,failed,False,2026-08-19T13:25:08.614186+09:00
Invite Contribution,,,failed,False,2026-08-23T16:13:55.875301+09:00
Invite Core,,,failed,False,2026-08-19T13:22:04.691766+09:00
Invite Cost,,,failed,False,2026-08-21T02:09:56.008511+09:00
Invite Count,110.0,0.0,success,False,2026-08-27T22:49:57.314209+09:00
Invite Counter,50.0,0.0,success,False,2026-08-19T13:31:03.415990+09:00
Invite Coupon,,,failed,False,2026-08-27T21:16:57.719069+09:00
Invite Deal,,,failed,False,2026-08-21T01:52:58.378871+09:00
Invite Debt,,,failed,False,2026-08-21T02:26:29.042609+09:00
Invite Deck,,,failed,False,2026-08-19T13:23:16.958274+09:00
Invite Desk,320.0,7.0,success,False,2026-08-19T13:38:51.605801+09:00
Invite Detail,,,failed,False,2026-08-23T03:23:46.825883+09:00
Invite Diagram,,,failed,False,2026-08-27T22:12:11.460290+09:00
Invite Digest,,,failed,False,2026-08-19T20:40:22.983274+09:00
Invite Directory,,,failed,False,2026-08-19T13:30:30.638587+09:00
Invite Discount,,,failed,False,2026-08-23T16:13:47.418622+09:00
Invite Dossier,,,failed,False,2026-08-21T01:00:52.686966+09:00
Invite Downpayment,,,failed,False,2026-08-27T21:48:07.167837+09:00
Invite Draft,210.0,15.0,success,False,2026-08-19T20:40:37.869711+09:00
Invite Due,,,failed,False,2026-08-23T15:51:22.397294+09:00
Invite Duty,10.0,0.0,success,False,2026-08-21T02:42:57.314001+09:00
Invite Engine,,,failed,False,2026-08-19T13:28:06.398636+09:00
Invite Entry,,,failed,False,2026-08-21T01:01:03.307399+09:00
Invite Estimate,,,failed,False,2026-08-19T21:11:58.211530+09:00
Invite Excerpt,,,failed,False,2026-08-21T01:00:58.878918+09:00
Invite Fare,,,failed,False,2026-08-21T02:10:04.981055+09:00
Invite Fee,,,failed,False,2026-08-21T01:52:37.407034+09:00
Invite Feed,,,failed,False,2026-08-19T20:40:32.306082+09:00
Invite File,,,failed,False,2026-08-19T20:39:47.752844+09:00
Invite Fine,,,failed,False,2026-08-23T02:57:40.926366+09:00
Invite Flag,,,failed,False,2026-08-21T00:25:21.406032+09:00
Invite Flow,,,failed,False,2026-08-19T13:38:13.390546+09:00
Invite Forge,10.0,0.0,success,False,2026-08-19T13:40:14.970348+09:00
Invite Form,6600.0,17.0,success,False,2026-08-19T13:35:34.985408+09:00
Invite Frame,210.0,31.0,success,False,2026-08-19T13:21:15.307510+09:00
Invite Fund,10.0,7.0,success,False,2026-08-21T02:26:32.701256+09:00
Invite Gate,,,failed,False,2026-08-19T13:27:09.579518+09:00
Invite Giveaway,20.0,0.0,success,False,2026-08-27T21:17:03.008156+09:00
Invite Grade,,,failed,False,2026-08-21T00:24:59.301324+09:00
Invite Graph,,,failed,False,2026-08-27T22:11:50.573955+09:00
Invite Grid,,,failed,False,2026-08-19T13:42:03.157163+09:00
Invite Guarantee,,,failed,False,2026-08-28T01:02:19.302633+09:00
Invite Helper,,,failed,False,2026-08-28T00:20:59.096636+09:00
Invite History,20.0,14.0,success,False,2026-08-19T20:39:41.503731+09:00
Invite Hotline,,,failed,False,2026-08-19T21:12:20.631006+09:00
Invite Hub,110.0,6.0,success,False,2026-08-19T13:38:21.044998+09:00
Invite Identifier,,,failed,False,2026-08-23T13:10:10.835682+09:00
Invite Inbox,10.0,0.0,success,False,2026-08-19T13:33:05.427843+09:00
Invite Incentive,,,failed,False,2026-08-27T21:17:03.008156+09:00
Invite Index,10.0,0.0,success,False,2026-08-19T21:11:23.723554+09:00
Invite Installment,,,failed,False,2026-08-23T16:13:52.514202+09:00
Invite Item,,,failed,False,2026-08-21T01:52:45.246437+09:00
Invite Journal,,,failed,False,2026-08-19T13:29:49.322759+09:00
Invite Keeper,,,failed,False,2026-08-19T13:27:50.683202+09:00
Invite Kit,390.0,25.0,success,False,2026-08-27T22:49:54.897946+09:00
Invite Lab,480.0,2.0,success,False,2026-08-19T13:23:44.398972+09:00
Invite Label,140.0,95.0,success,False,2026-08-27T22:11:56.077657+09:00
Invite Layout,1000.0,100.0,success,False,2026-08-27T22:29:07.164636+09:00
Invite Ledger,,,failed,False,2026-08-19T13:22:55.768758+09:00
Invite Level,,,failed,False,2026-08-19T20:39:55.789733+09:00
Invite Line,2900.0,1.0,success,False,2026-08-19T13:34:15.397109+09:00
Invite Link,2900.0,9.0,success,False,2026-08-23T03:23:40.065475+09:00
Invite List,880.0,10.0,success,False,2026-08-19T21:58:41.732793+09:00
Invite Loan,,,failed,False,2026-08-21T02:10:13.973101+09:00
Invite Log,50.0,0.0,success,False,2026-08-19T13:35:23.963790+09:00
Invite Loop,,,failed,False,2026-08-19T13:41:55.083304+09:00
Invite Manager,880.0,1.0,success,False,2026-08-19T13:27:59.144364+09:00
Invite Manual,,,failed,False,2026-08-27T22:12:02.778487+09:00
Invite Map,260.0,51.0,success,False,2026-08-19T13:20:58.742668+09:00
Invite Margin,,,failed,False,2026-08-23T02:57:38.722026+09:00
Invite Marker,10.0,86.0,success,False,2026-08-23T13:26:46.141852+09:00
Invite Markup,,,failed,False,2026-08-23T16:38:50.541482+09:00
Invite Memo,,,failed,False,2026-08-21T00:25:07.096192+09:00
Invite Message,3600.0,8.0,success,False,2026-08-27T23:15:41.145408+09:00
Invite Monitor,,,failed,False,2026-08-19T13:28:46.213071+09:00
Invite Nexus,,,failed,False,2026-08-19T13:27:22.269137+09:00
Invite Note,390.0,8.0,success,False,2026-08-19T13:37:14.131003+09:00
Invite Notification,260.0,0.0,success,False,2026-08-27T22:49:54.897946+09:00
Invite Number,140.0,4.0,success,False,2026-08-23T03:23:37.132752+09:00
Invite Office,,,failed,False,2026-08-19T13:30:57.828554+09:00
Invite Ops,,,failed,False,2026-08-19T13:29:19.231161+09:00
Invite Order,390.0,100.0,success,False,2026-08-19T21:58:05.672882+09:00
Invite Overage,,,failed,False,2026-08-27T21:48:04.359972+09:00
Invite Overdue,,,failed,False,2026-08-27T21:47:58.388035+09:00
Invite Panel,10.0,0.0,success,False,2026-08-19T13:25:22.323430+09:00
Invite Pass,20.0,24.0,success,False,2026-08-21T00:36:42.590036+09:00
Invite Passport,,,failed,False,2026-08-19T13:33:51.668880+09:00
Invite Path,,,failed,False,2026-08-19T13:42:30.376897+09:00
Invite Payoff,,,failed,False,2026-08-27T21:48:00.691172+09:00
Invite Penalty,,,failed,False,2026-08-23T16:38:47.783567+09:00
Invite Petition,,,failed,False,2026-08-21T01:00:44.838906+09:00
Invite Plan,,,failed,False,2026-08-21T01:52:54.387860+09:00
Invite Planner,,,failed,False,2026-08-19T13:28:22.445633+09:00
Invite Playbook,,,failed,False,2026-08-19T13:29:31.691093+09:00
Invite Point,,,failed,False,2026-08-19T13:42:37.156031+09:00
Invite Portal,20.0,1.0,success,False,2026-08-19T13:24:58.997710+09:00
Invite Preview,10.0,8.0,success,False,2026-08-28T01:02:16.682385+09:00
Invite Profit,,,failed,False,2026-08-23T02:57:34.451765+09:00
Invite Proposal,,,failed,False,2026-08-28T01:02:16.682385+09:00
Invite Queue,10.0,,success,False,2026-08-19T21:11:46.371328+09:00
Invite Quota,,,failed,False,2026-08-21T00:25:13.031282+09:00
Invite Radar,,,failed,False,2026-08-19T13:38:58.073256+09:00
Invite Rail,,,failed,False,2026-08-19T13:26:07.690748+09:00
Invite Rate,170.0,8.0,success,False,2026-08-19T20:40:06.734480+09:00
Invite Recap,,,failed,False,2026-08-21T01:02:52.646086+09:00
Invite Receipt,,,failed,False,2026-08-19T21:58:24.385772+09:00
Invite Redemption,,,failed,False,2026-08-23T16:38:53.252652+09:00
Invite Register,90.0,4.0,success,False,2026-08-19T13:29:02.484553+09:00
Invite Registry,,,failed,False,2026-08-19T13:29:58.473439+09:00
Invite Relay,,,failed,False,2026-08-19T13:39:18.013288+09:00
Invite Reminder,480.0,29.0,success,False,2026-08-19T21:11:02.607888+09:00
Invite Report,,,failed,False,2026-08-19T13:35:17.832639+09:00
Invite Result,,,failed,False,2026-08-28T00:45:46.736783+09:00
Invite Roll,,,failed,False,2026-08-19T13:35:09.228952+09:00
Invite Route,20.0,0.0,success,False,2026-08-19T13:25:55.543115+09:00
Invite Rule,,,failed,False,2026-08-23T03:23:43.125766+09:00
Invite Sale,70.0,87.0,success,False,2026-08-21T02:26:39.495067+09:00
Invite Sample,2900.0,76.0,success,False,2026-08-19T21:59:19.992699+09:00
Invite Scheduler,,,failed,False,2026-08-19T13:28:33.821561+09:00
Invite Scope,,,failed,False,2026-08-19T13:41:43.922175+09:00
Invite Score,,,failed,False,2026-08-19T13:37:00.513744+09:00
Invite Sheet,,,failed,False,2026-08-19T13:36:19.763333+09:00
Invite Shortfall,,,failed,False,2026-08-27T21:48:09.369962+09:00
Invite Signal,10.0,0.0,success,False,2026-08-19T13:41:02.359276+09:00
Invite Signature,,,failed,False,2026-08-23T13:26:43.446955+09:00
Invite Slip,,,failed,False,2026-08-19T21:59:09.702480+09:00
Invite Slot,,,failed,False,2026-08-19T21:59:30.293970+09:00
Invite Stage,,,failed,False,2026-08-28T00:45:46.736783+09:00
Invite Stake,,,failed,False,2026-08-23T02:57:36.512424+09:00
Invite Stamp,210.0,84.0,success,False,2026-08-23T13:26:46.141852+09:00
Invite Statement,,,failed,False,2026-08-21T00:24:46.055669+09:00
Invite Station,,,failed,False,2026-08-19T13:24:07.507599+09:00
Invite Status,110.0,0.0,success,False,2026-08-19T20:39:24.748166+09:00
Invite Stub,,,failed,False,2026-08-21T00:36:53.427787+09:00
Invite Studio,320.0,26.0,success,False,2026-08-19T13:23:25.617100+09:00
Invite Sum,,,failed,False,2026-08-21T02:26:26.896086+09:00
Invite Summary,,,failed,False,2026-08-19T21:10:39.923410+09:00
Invite Surtax,,,failed,False,2026-08-23T15:51:24.556081+09:00
Invite Tab,,,failed,False,2026-08-21T00:25:26.988508+09:00
Invite Table,70.0,61.0,success,False,2026-08-19T21:58:51.076600+09:00
Invite Tally,,,failed,False,2026-08-21T00:24:54.126348+09:00
Invite Tariff,,,failed,False,2026-08-21T02:43:07.410836+09:00
Invite Tax,,,failed,False,2026-08-21T02:10:09.458176+09:00
Invite Ticker,,,failed,False,2026-08-19T13:34:03.969558+09:00
Invite Ticket,590.0,99.0,success,False,2026-08-19T21:11:34.990271+09:00
Invite Tier,,,failed,False,2026-08-28T00:45:49.582364+09:00
Invite Timeline,1600.0,75.0,success,False,2026-08-19T21:10:50.221080+09:00
Invite Toll,,,failed,False,2026-08-21T02:42:59.558136+09:00
Invite Toolbox,,,failed,False,2026-08-28T00:20:56.154840+09:00
Invite Total,,,failed,False,2026-08-27T23:15:43.697016+09:00
Invite Tracker,18100.0,0.0,success,True,2026-08-19T13:37:53.958127+09:00
Invite Trail,,,failed,False,2026-08-19T13:26:15.412219+09:00
Invite Trend,,,failed,False,2026-08-28T01:02:10.416954+09:00
Invite Trial,,,failed,False,2026-08-27T21:17:00.727259+09:00
Invite Unit,,,failed,False,2026-08-21T02:05:51.453888+09:00
Invite Update,,,failed,False,2026-08-19T20:40:13.253783+09:00
Invite Value,,,failed,False,2026-08-23T02:57:34.451765+09:00
Invite Vault,,,failed,False,2026-08-19T13:39:34.156572+09:00
Invite Version,,,failed,False,2026-08-23T03:23:40.065475+09:00
Invite View,,,failed,False,2026-08-19T20:39:32.642664+09:00
Invite Voucher,,,failed,False,2026-08-21T00:36:44.968976+09:00
Invite Watch,90.0,35.0,success,False,2026-08-19T13:41:26.637679+09:00
Invite Wave,,,failed,False,2026-08-19T13:42:14.783829+09:00
Invite Widget,10.0,0.0,success,False,2026-08-27T23:15:43.697016+09:00
Invite Window,10.0,3.0,success,False,2026-08-19T13:34:22.181534+09:00
Invite Worksheet,,,failed,False,2026-08-27T22:12:11.460290+09:00
Invite Zone,10.0,0.0,success,False,2026-08-19T13:24:52.365790+09:00
Invoice Advance,720.0,7.0,success,False,2026-08-23T16:15:57.304809+09:00
Invoice Advisory,,,failed,False,2026-08-21T01:05:23.608566+09:00
Invoice Allowance,10.0,0.0,success,False,2026-08-21T02:42:59.558136+09:00
Invoice Almanac,,,failed,False,2026-08-18T22:08:11.096453+09:00
Invoice Analyzer,20.0,26.0,success,False,2026-08-27T23:57:50.336082+09:00
Invoice Anchor,,,failed,False,2026-08-17T20:42:06.946542+09:00
Invoice Arrears,2400.0,1.0,success,False,2026-08-23T16:15:54.401659+09:00
Invoice Assistant,170.0,15.0,success,False,2026-08-17T23:04:29.933530+09:00
Invoice Atlas,20.0,4.0,success,False,2026-08-17T20:32:38.453320+09:00
Invoice Attribute,,,failed,False,2026-08-23T13:08:27.240954+09:00
Invoice Badge,,,failed,False,2026-08-21T00:32:38.054061+09:00
Invoice Balance,320.0,4.0,success,False,2026-08-23T13:47:56.055627+09:00
Invoice Base,110.0,52.0,success,False,2026-08-17T21:40:47.686331+09:00
Invoice Beacon,,,failed,False,2026-08-17T20:45:42.370254+09:00
Invoice Bill,12100.0,26.0,success,False,2026-08-19T21:57:37.806809+09:00
Invoice Blueprint,20.0,47.0,success,False,2026-08-18T22:08:02.449968+09:00
Invoice Board,10.0,59.0,success,False,2026-08-17T21:36:20.278504+09:00
Invoice Book,14800.0,100.0,success,False,2026-08-19T21:58:30.244900+09:00
Invoice Bridge,10.0,14.0,success,False,2026-08-17T20:42:54.961047+09:00
Invoice Brief,,,failed,False,2026-08-21T01:05:06.601547+09:00
Invoice Bulletin,,,failed,False,2026-08-21T01:04:52.081586+09:00
Invoice Cabinet,,,failed,False,2026-08-27T23:15:18.585578+09:00
Invoice Calculator,480.0,26.0,success,False,2026-08-27T23:35:57.257837+09:00
Invoice Calendar,40.0,9.0,success,False,2026-08-18T23:58:54.171473+09:00
Invoice Card,170.0,42.0,success,False,2026-08-19T13:30:35.292295+09:00
Invoice Cascade,,,failed,False,2026-08-17T20:43:55.064759+09:00
Invoice Cash,50.0,30.0,success,False,2026-08-21T02:27:47.388523+09:00
Invoice Cashback,,,failed,False,2026-08-27T21:17:59.409089+09:00
Invoice Catalog,10.0,25.0,success,False,2026-08-19T21:15:25.328836+09:00
Invoice Category,50.0,1.0,success,False,2026-08-23T13:08:27.240954+09:00
Invoice Center,40.0,22.0,success,False,2026-08-17T20:48:34.410191+09:00
Invoice Chain,10.0,55.0,success,False,2026-08-17T20:37:26.547523+09:00
Invoice Charge,590.0,48.0,success,False,2026-08-21T02:42:49.671896+09:00
Invoice Check,2400.0,4.0,success,False,2026-08-19T13:30:50.408917+09:00
Invoice Checker,2400.0,4.0,success,False,2026-08-27T23:57:45.055012+09:00
Invoice Checklist,70.0,21.0,success,False,2026-08-19T21:14:25.391974+09:00
Invoice Circular,,,failed,False,2026-08-21T01:05:20.057524+09:00
Invoice Cockpit,10.0,52.0,success,False,2026-08-17T23:27:06.990402+09:00
Invoice Code,480.0,13.0,success,False,2026-08-19T21:57:59.626776+09:00
Invoice Codex,,,failed,False,2026-08-18T22:08:25.868252+09:00
Invoice Companion,,,failed,False,2026-08-17T23:15:02.433018+09:00
Invoice Comparison,20.0,32.0,success,False,2026-08-28T01:07:55.638643+09:00
Invoice Compass,10.0,33.0,success,False,2026-08-17T20:46:42.242736+09:00
Invoice Compendium,,,failed,False,2026-08-18T22:08:17.707470+09:00
Invoice Confirmation,140.0,2.0,success,False,2026-08-21T01:05:32.279989+09:00
Invoice Console,,,failed,False,2026-08-17T20:45:16.547101+09:00
Invoice Converter,90.0,47.0,success,False,2026-08-27T23:35:57.257837+09:00
Invoice Core,,,failed,False,2026-08-17T21:38:29.386806+09:00
Invoice Cost,260.0,13.0,success,False,2026-08-21T02:12:10.627447+09:00
Invoice Count,30.0,11.0,success,False,2026-08-27T22:49:54.897946+09:00
Invoice Counter,30.0,11.0,success,False,2026-08-18T23:59:47.446594+09:00
Invoice Coupon,,,failed,False,2026-08-27T21:17:56.289470+09:00
Invoice Dashboard,320.0,20.0,success,False,2026-08-17T23:08:08.981233+09:00
Invoice Deal,,,failed,False,2026-08-21T01:56:56.625625+09:00
Invoice Debt,10.0,6.0,success,False,2026-08-21T02:27:35.877276+09:00
Invoice Deck,,,failed,False,2026-08-17T21:35:14.152571+09:00
Invoice Depot,,,failed,False,2026-08-18T23:59:30.074918+09:00
Invoice Desk,10.0,32.0,success,False,2026-08-17T21:32:36.544768+09:00
Invoice Detail,1900.0,7.0,success,False,2026-08-23T03:21:54.482997+09:00
Invoice Detector,10.0,0.0,success,False,2026-08-27T23:57:47.525165+09:00
Invoice Dial,,,failed,False,2026-08-17T20:43:26.313536+09:00
Invoice Digest,,,failed,False,2026-08-19T20:44:16.708983+09:00
Invoice Directory,,,failed,False,2026-08-18T23:59:02.629298+09:00
Invoice Discount,4400.0,19.0,success,False,2026-08-23T16:15:47.536999+09:00
Invoice Dock,,,failed,False,2026-08-17T20:40:10.157299+09:00
Invoice Dossier,,,failed,False,2026-08-21T01:05:40.713486+09:00
Invoice Downpayment,20.0,0.0,success,False,2026-08-27T21:49:11.230615+09:00
Invoice Draft,1600.0,25.0,success,False,2026-08-19T20:44:32.627645+09:00
Invoice Due,720.0,2.0,success,False,2026-08-23T15:52:31.168291+09:00
Invoice Duty,,,failed,False,2026-08-21T02:42:51.701755+09:00
Invoice Engine,20.0,27.0,success,False,2026-08-17T23:26:08.164356+09:00
Invoice Entry,170.0,5.0,success,False,2026-08-21T01:05:51.926035+09:00
Invoice Estimate,260.0,91.0,success,False,2026-08-19T21:15:13.442141+09:00
Invoice Estimator,,,failed,False,2026-08-27T23:57:42.673163+09:00
Invoice Excerpt,,,failed,False,2026-08-21T01:05:53.776527+09:00
Invoice Extension,20.0,29.0,success,False,2026-08-23T16:39:43.377708+09:00
Invoice Fare,,,failed,False,2026-08-21T02:12:19.408855+09:00
Invoice Fee,320.0,15.0,success,False,2026-08-21T01:56:46.597919+09:00
Invoice Feed,,,failed,False,2026-08-19T20:44:26.671038+09:00
Invoice Field,90.0,12.0,success,False,2026-08-23T13:08:30.246419+09:00
Invoice File,390.0,31.0,success,False,2026-08-19T20:43:48.362624+09:00
Invoice Finder,40.0,22.0,success,False,2026-08-18T23:59:20.806892+09:00
Invoice Fine,,,failed,False,2026-08-23T02:57:04.274468+09:00
Invoice Flag,,,failed,False,2026-08-21T00:33:12.400590+09:00
Invoice Flow,170.0,33.0,success,False,2026-08-17T21:35:46.466784+09:00
Invoice Forge,10.0,30.0,success,False,2026-08-17T20:44:38.858684+09:00
Invoice Form,27100.0,52.0,success,False,2026-08-19T13:30:10.449633+09:00
Invoice Format,27100.0,52.0,success,False,2026-08-23T13:08:34.053815+09:00
Invoice Frame,10.0,67.0,success,False,2026-08-18T07:52:53.130004+09:00
Invoice Fund,390.0,48.0,success,False,2026-08-21T02:27:38.390107+09:00
Invoice Gate,,,failed,False,2026-08-17T20:34:35.742752+09:00
Invoice Giveaway,,,failed,False,2026-08-27T21:18:05.577940+09:00
Invoice Grade,,,failed,False,2026-08-21T00:32:57.061306+09:00
Invoice Graph,140.0,29.0,success,False,2026-08-27T22:13:24.343596+09:00
Invoice Grid,20.0,70.0,success,False,2026-08-17T20:37:58.727524+09:00
Invoice Guarantee,10.0,17.0,success,False,2026-08-28T01:08:02.108620+09:00
Invoice Guard,10.0,37.0,success,False,2026-08-17T21:39:19.495692+09:00
Invoice Guardian,,,failed,False,2026-08-28T00:26:39.760657+09:00
Invoice Guidebook,,,failed,False,2026-08-18T22:07:47.344279+09:00
Invoice Helpdesk,,,failed,False,2026-08-27T22:49:54.897946+09:00
Invoice Helper,,,failed,False,2026-08-28T00:26:42.212784+09:00
Invoice History,170.0,1.0,success,False,2026-08-19T20:43:41.671766+09:00
Invoice Hotline,,,failed,False,2026-08-19T21:15:37.050210+09:00
Invoice Hub,320.0,30.0,success,False,2026-08-17T21:34:39.149688+09:00
Invoice Identifier,1000.0,9.0,success,False,2026-08-23T13:08:24.927067+09:00
Invoice Incentive,,,failed,False,2026-08-27T21:18:01.606713+09:00
Invoice Index,30.0,17.0,success,False,2026-08-19T21:14:36.641890+09:00
Invoice Insight,20.0,19.0,success,False,2026-08-17T23:26:50.492047+09:00
Invoice Installment,30.0,10.0,success,False,2026-08-23T16:15:50.711564+09:00
Invoice Interest,110.0,1.0,success,False,2026-08-23T13:47:58.149011+09:00
Invoice Item,1900.0,4.0,success,False,2026-08-21T01:56:48.479807+09:00
Invoice Journal,140.0,26.0,success,False,2026-08-18T22:07:30.618042+09:00
Invoice Keeper,30.0,56.0,success,False,2026-08-18T07:43:44.841764+09:00
Invoice Lab,110.0,17.0,success,False,2026-08-17T21:33:10.630129+09:00
Invoice Label,170.0,23.0,success,False,2026-08-27T22:13:27.898794+09:00
Invoice Layout,1900.0,100.0,success,False,2026-08-27T22:29:13.251110+09:00
Invoice Ledger,210.0,31.0,success,False,2026-08-17T21:37:21.496927+09:00
Invoice Lens,,,failed,False,2026-08-18T07:52:41.803734+09:00
Invoice Level,10.0,0.0,success,False,2026-08-19T20:43:53.666341+09:00
Invoice Link,390.0,26.0,success,False,2026-08-23T03:21:42.958973+09:00
Invoice List,590.0,6.0,success,False,2026-08-19T21:58:11.207870+09:00
Invoice Loan,390.0,58.0,success,False,2026-08-21T02:12:23.232619+09:00
Invoice Locator,,,failed,False,2026-08-18T23:59:11.751475+09:00
Invoice Lock,,,failed,False,2026-08-17T20:33:10.817795+09:00
Invoice Log,170.0,43.0,success,False,2026-08-19T13:29:58.473439+09:00
Invoice Loop,,,failed,False,2026-08-17T20:38:46.053243+09:00
Invoice Manager,2900.0,11.0,success,False,2026-08-17T21:41:25.564008+09:00
Invoice Manual,720.0,48.0,success,False,2026-08-27T22:13:31.267961+09:00
Invoice Map,30.0,7.0,success,False,2026-08-17T20:32:00.957216+09:00
Invoice Margin,20.0,0.0,success,False,2026-08-23T02:57:01.992920+09:00
Invoice Markup,10.0,0.0,success,False,2026-08-23T16:39:41.135046+09:00
Invoice Memo,210.0,7.0,success,False,2026-08-21T00:33:01.322590+09:00
Invoice Message,210.0,4.0,success,False,2026-08-27T23:15:13.027326+09:00
Invoice Meter,,,failed,False,2026-08-17T20:42:29.560038+09:00
Invoice Metrics,,,failed,False,2026-08-17T23:13:24.499414+09:00
Invoice Monitor,70.0,22.0,success,False,2026-08-17T23:06:24.757707+09:00
Invoice Navigator,,,failed,False,2026-08-17T23:27:21.585941+09:00
Invoice Nexus,,,failed,False,2026-08-17T20:33:42.611240+09:00
Invoice Node,,,failed,False,2026-08-17T20:35:32.317442+09:00
Invoice Note,590.0,43.0,success,False,2026-08-19T13:31:05.950766+09:00
Invoice Notification,50.0,3.0,success,False,2026-08-27T22:49:44.992225+09:00
Invoice Number,14800.0,6.0,success,False,2026-08-23T03:21:36.606838+09:00
Invoice Office,260.0,40.0,success,False,2026-08-18T23:59:40.785220+09:00
Invoice Ops,,,failed,False,2026-08-17T23:09:54.812310+09:00
Invoice Order,320.0,61.0,success,False,2026-08-19T21:57:27.705045+09:00
Invoice Organizer,140.0,99.0,success,False,2026-08-17T23:26:36.000104+09:00
Invoice Overage,,,failed,False,2026-08-27T21:49:08.437850+09:00
Invoice Overdraft,,,failed,False,2026-08-23T15:52:31.168291+09:00
Invoice Overdue,1900.0,5.0,success,False,2026-08-27T21:49:04.119579+09:00
Invoice Panel,10.0,26.0,success,False,2026-08-17T20:44:17.126543+09:00
Invoice Pass,,,failed,False,2026-08-21T00:32:24.105621+09:00
Invoice Path,40.0,17.0,success,False,2026-08-17T20:35:03.370957+09:00
Invoice Payoff,,,failed,False,2026-08-27T21:49:06.270483+09:00
Invoice Penalty,70.0,0.0,success,False,2026-08-23T16:39:38.014835+09:00
Invoice Petition,,,failed,False,2026-08-21T01:05:28.222738+09:00
Invoice Pilot,20.0,33.0,success,False,2026-08-17T21:33:37.652467+09:00
Invoice Plan,90.0,26.0,success,False,2026-08-21T01:56:53.826149+09:00
Invoice Planner,90.0,26.0,success,False,2026-08-17T23:26:22.390418+09:00
Invoice Playbook,,,failed,False,2026-08-18T22:07:21.490302+09:00
Invoice Point,10.0,8.0,success,False,2026-08-17T20:34:09.472739+09:00
Invoice Portal,27100.0,2.0,success,False,2026-08-17T20:46:04.855118+09:00
Invoice Preview,140.0,8.0,success,False,2026-08-28T01:07:59.537409+09:00
Invoice Profile,50.0,11.0,success,False,2026-08-19T13:31:38.491721+09:00
Invoice Profit,,,failed,False,2026-08-23T02:56:50.179026+09:00
Invoice Pulse,,,failed,False,2026-08-17T20:37:00.325562+09:00
Invoice Queue,20.0,13.0,success,False,2026-08-19T21:15:00.223476+09:00
Invoice Quota,,,failed,False,2026-08-21T00:33:05.849456+09:00
Invoice Radar,390.0,41.0,success,False,2026-08-17T21:31:28.023870+09:00
Invoice Rail,,,failed,False,2026-08-17T20:39:17.196343+09:00
Invoice Recap,10.0,5.0,success,False,2026-08-21T01:07:59.313235+09:00
Invoice Receipt,12100.0,80.0,success,False,2026-08-19T21:57:47.268344+09:00
Invoice Recorder,10.0,33.0,success,False,2026-08-27T23:36:01.279667+09:00
Invoice Register,390.0,22.0,success,False,2026-08-17T23:27:38.183762+09:00
Invoice Registry,390.0,22.0,success,False,2026-08-18T22:07:55.686998+09:00
Invoice Relay,,,failed,False,2026-08-17T21:30:18.085086+09:00
Invoice Reminder,590.0,13.0,success,False,2026-08-19T21:14:14.890297+09:00
Invoice Report,320.0,8.0,success,False,2026-08-19T13:29:49.322759+09:00
Invoice Repository,10.0,16.0,success,False,2026-08-27T23:15:18.585578+09:00
Invoice Result,,,failed,False,2026-08-28T00:48:21.370495+09:00
Invoice Roadmap,,,failed,False,2026-08-18T22:08:34.595424+09:00
Invoice Roster,,,failed,False,2026-08-19T00:37:30.886042+09:00
Invoice Route,,,failed,False,2026-08-17T20:40:53.994191+09:00
Invoice Rule,70.0,6.0,success,False,2026-08-23T03:21:52.337489+09:00
Invoice Sale,14800.0,66.0,success,False,2026-08-21T02:27:51.067603+09:00
Invoice Sample,18100.0,91.0,success,False,2026-08-19T21:58:45.118789+09:00
Invoice Scale,,,failed,False,2026-08-17T20:41:46.079279+09:00
Invoice Scanner,1300.0,37.0,success,False,2026-08-27T23:57:45.055012+09:00
Invoice Scheduler,170.0,6.0,success,False,2026-08-17T23:11:46.496961+09:00
Invoice Scope,,,failed,False,2026-08-17T20:39:43.687132+09:00
Invoice Score,,,failed,False,2026-08-19T13:30:57.828554+09:00
Invoice Sentry,,,failed,False,2026-08-18T07:43:35.299259+09:00
Invoice Serial,10.0,0.0,success,False,2026-08-23T13:27:56.242264+09:00
Invoice Sheet,1000.0,100.0,success,False,2026-08-19T13:30:42.478470+09:00
Invoice Shortfall,,,failed,False,2026-08-27T21:49:13.443578+09:00
Invoice Signal,,,failed,False,2026-08-17T20:41:17.748242+09:00
Invoice Slip,480.0,100.0,success,False,2026-08-19T21:58:36.842594+09:00
Invoice Slot,,,failed,False,2026-08-19T21:58:56.766000+09:00
Invoice Snapshot,10.0,0.0,success,False,2026-08-18T22:07:38.070107+09:00
Invoice Stage,,,failed,False,2026-08-28T00:48:18.570201+09:00
Invoice Stake,,,failed,False,2026-08-23T02:56:59.964563+09:00
Invoice Statement,1000.0,38.0,success,False,2026-08-21T00:32:47.883810+09:00
Invoice Station,,,failed,False,2026-08-17T21:31:59.895065+09:00
Invoice Status,480.0,5.0,success,False,2026-08-19T20:43:28.887944+09:00
Invoice Streak,,,failed,False,2026-08-28T00:48:21.370495+09:00
Invoice Stub,30.0,51.0,success,False,2026-08-21T00:32:43.028189+09:00
Invoice Studio,70.0,14.0,success,False,2026-08-17T21:34:12.134068+09:00
Invoice Subsidy,,,failed,False,2026-08-23T15:52:33.187171+09:00
Invoice Suite,10.0,7.0,success,False,2026-08-17T23:10:08.054607+09:00
Invoice Sum,10.0,11.0,success,False,2026-08-21T02:27:33.001702+09:00
Invoice Summary,720.0,6.0,success,False,2026-08-19T21:13:54.945157+09:00
Invoice Surtax,,,failed,False,2026-08-23T15:52:35.720858+09:00
Invoice Sync,10.0,20.0,success,False,2026-08-17T21:36:47.272145+09:00
Invoice Tab,140.0,69.0,success,False,2026-08-21T00:33:17.387160+09:00
Invoice Table,390.0,10.0,success,False,2026-08-19T21:58:19.577733+09:00
Invoice Tag,590.0,0.0,success,False,2026-08-19T13:31:09.832283+09:00
Invoice Tally,1000.0,12.0,success,False,2026-08-21T00:32:52.523477+09:00
Invoice Tariff,,,failed,False,2026-08-21T02:43:04.921789+09:00
Invoice Tax,22200.0,11.0,success,False,2026-08-21T02:12:23.232619+09:00
Invoice Ticket,320.0,55.0,success,False,2026-08-19T21:14:46.806152+09:00
Invoice Timeline,50.0,0.0,success,False,2026-08-19T21:14:05.700076+09:00
Invoice Timer,,,failed,False,2026-08-28T00:26:37.162050+09:00
Invoice Toll,70.0,0.0,success,False,2026-08-21T02:42:54.824749+09:00
Invoice Toolbox,,,failed,False,2026-08-28T00:26:42.212784+09:00
Invoice Toolkit,,,failed,False,2026-08-18T22:07:14.456265+09:00
Invoice Total,260.0,5.0,success,False,2026-08-27T23:15:15.489365+09:00
Invoice Tracker,2400.0,34.0,success,False,2026-08-17T21:37:57.485180+09:00
Invoice Trail,,,failed,False,2026-08-17T20:38:21.061174+09:00
Invoice Trend,,,failed,False,2026-08-28T01:07:55.638643+09:00
Invoice Trial,20.0,30.0,success,False,2026-08-27T21:18:01.606713+09:00
Invoice Unit,40.0,1.0,success,False,2026-08-21T01:56:51.063242+09:00
Invoice Update,70.0,5.0,success,False,2026-08-19T20:44:10.013145+09:00
Invoice Value,590.0,0.0,success,False,2026-08-23T02:56:53.736848+09:00
Invoice Vault,,,failed,False,2026-08-17T20:48:00.384731+09:00
Invoice Version,,,failed,False,2026-08-23T03:21:40.496452+09:00
Invoice View,880.0,5.0,success,False,2026-08-19T20:43:36.722310+09:00
Invoice Voucher,260.0,21.0,success,False,2026-08-21T00:32:28.890378+09:00
Invoice Wallet,30.0,83.0,success,False,2026-08-27T22:49:51.876514+09:00
Invoice Watch,50.0,7.0,success,False,2026-08-17T20:40:33.502804+09:00
Invoice Wave,260.0,36.0,success,False,2026-08-17T20:36:00.761105+09:00
Invoice Widget,,,failed,False,2026-08-27T23:15:15.489365+09:00
Invoice Workbench,10.0,8.0,success,False,2026-08-18T22:07:05.348378+09:00
Invoice Worksheet,20.0,44.0,success,False,2026-08-27T22:13:33.756180+09:00
Invoice Zone,,,failed,False,2026-08-17T20:47:16.621554+09:00
Irrigation Advance,,,failed,False,2026-08-23T16:13:39.752452+09:00
Irrigation Advisory,,,failed,False,2026-08-21T01:02:50.394287+09:00
Irrigation Allowance,,,failed,False,2026-08-21T02:39:04.967500+09:00
Irrigation Almanac,,,failed,False,2026-08-18T22:08:52.301038+09:00
Irrigation Analyzer,,,failed,False,2026-08-27T23:55:30.843972+09:00
Irrigation Anchor,,,failed,False,2026-08-17T21:32:05.797514+09:00
Irrigation Arrears,,,failed,False,2026-08-23T16:13:37.104049+09:00
Irrigation Asset,,,failed,False,2026-08-23T13:46:45.487661+09:00
Irrigation Assistant,50.0,1.0,success,False,2026-08-17T23:06:52.573020+09:00
Irrigation Atlas,70.0,12.0,success,False,2026-08-17T20:40:34.523017+09:00
Irrigation Attribute,,,failed,False,2026-08-23T13:06:33.832553+09:00
Irrigation Badge,,,failed,False,2026-08-21T00:25:54.977191+09:00
Irrigation Balance,,,failed,False,2026-08-23T13:46:43.137504+09:00
Irrigation Base,,,failed,False,2026-08-17T20:37:29.909330+09:00
Irrigation Beacon,,,failed,False,2026-08-17T21:36:24.237197+09:00
Irrigation Bill,50.0,0.0,success,False,2026-08-19T21:45:53.420711+09:00
Irrigation Blueprint,50.0,5.0,success,False,2026-08-18T22:08:43.049836+09:00
Irrigation Board,50.0,3.0,success,False,2026-08-17T20:34:38.143389+09:00
Irrigation Book,210.0,65.0,success,False,2026-08-19T21:46:50.004607+09:00
Irrigation Booth,,,failed,False,2026-08-19T00:23:44.917101+09:00
Irrigation Bridge,140.0,0.0,success,False,2026-08-17T21:33:13.463030+09:00
Irrigation Brief,,,failed,False,2026-08-21T00:59:43.831495+09:00
Irrigation Bulletin,,,failed,False,2026-08-21T00:59:40.549783+09:00
Irrigation Cabinet,30.0,31.0,success,False,2026-08-27T23:13:16.008786+09:00
Irrigation Calculator,320.0,4.0,success,False,2026-08-27T23:34:29.939711+09:00
Irrigation Calendar,10.0,0.0,success,False,2026-08-19T00:00:18.530849+09:00
Irrigation Card,20.0,0.0,success,False,2026-08-19T13:32:58.947587+09:00
Irrigation Cascade,,,failed,False,2026-08-17T21:34:15.444697+09:00
Irrigation Cash,,,failed,False,2026-08-21T02:23:37.293511+09:00
Irrigation Cashback,,,failed,False,2026-08-27T21:15:49.145755+09:00
Irrigation Catalog,20.0,46.0,success,False,2026-08-19T21:03:49.756847+09:00
Irrigation Category,,,failed,False,2026-08-23T13:06:31.775349+09:00
Irrigation Center,70.0,8.0,success,False,2026-08-17T21:39:25.145394+09:00
Irrigation Chain,,,failed,False,2026-08-17T20:44:43.054193+09:00
Irrigation Charge,,,failed,False,2026-08-21T02:38:57.143403+09:00
Irrigation Check,170.0,22.0,success,False,2026-08-19T13:33:37.732630+09:00
Irrigation Checker,,,failed,False,2026-08-27T23:55:24.915525+09:00
Irrigation Circular,210.0,11.0,success,False,2026-08-21T01:01:57.606553+09:00
Irrigation Cockpit,,,failed,False,2026-08-17T23:03:58.711434+09:00
Irrigation Code,40.0,0.0,success,False,2026-08-19T21:46:17.017433+09:00
Irrigation Codex,,,failed,False,2026-08-18T22:09:09.487365+09:00
Irrigation Companion,,,failed,False,2026-08-17T23:04:39.264131+09:00
Irrigation Comparison,,,failed,False,2026-08-28T01:05:28.825650+09:00
Irrigation Compass,,,failed,False,2026-08-17T21:37:26.190503+09:00
Irrigation Compendium,,,failed,False,2026-08-18T22:09:01.069434+09:00
Irrigation Confirmation,,,failed,False,2026-08-21T00:59:58.992040+09:00
Irrigation Console,,,failed,False,2026-08-17T21:35:49.618076+09:00
Irrigation Contribution,,,failed,False,2026-08-23T16:13:34.147754+09:00
Irrigation Core,50.0,5.0,success,False,2026-08-17T20:36:31.502472+09:00
Irrigation Cost,590.0,48.0,success,False,2026-08-21T02:08:23.223151+09:00
Irrigation Count,,,failed,False,2026-08-27T22:48:06.633980+09:00
Irrigation Counter,,,failed,False,2026-08-19T00:01:10.174789+09:00
Irrigation Coupon,,,failed,False,2026-08-27T21:15:49.145755+09:00
Irrigation Dashboard,170.0,0.0,success,False,2026-08-17T23:10:18.497736+09:00
Irrigation Deal,,,failed,False,2026-08-21T01:52:27.177299+09:00
Irrigation Debt,,,failed,False,2026-08-21T02:23:31.419607+09:00
Irrigation Deck,,,failed,False,2026-08-17T20:33:46.243100+09:00
Irrigation Depot,590.0,94.0,success,False,2026-08-19T00:00:51.306672+09:00
Irrigation Desk,,,failed,False,2026-08-18T07:52:01.229242+09:00
Irrigation Detail,50.0,0.0,success,False,2026-08-23T03:18:07.042470+09:00
Irrigation Detector,,,failed,False,2026-08-27T23:55:28.059641+09:00
Irrigation Diagram,590.0,0.0,success,False,2026-08-27T22:10:29.150854+09:00
Irrigation Dial,,,failed,False,2026-08-17T21:33:40.096792+09:00
Irrigation Digest,,,failed,False,2026-08-19T20:47:43.737608+09:00
Irrigation Directory,20.0,0.0,success,False,2026-08-19T00:00:25.348270+09:00
Irrigation Discount,30.0,100.0,success,False,2026-08-23T16:13:30.945408+09:00
Irrigation Dock,,,failed,False,2026-08-17T20:48:02.919436+09:00
Irrigation Dossier,,,failed,False,2026-08-21T01:00:04.597458+09:00
Irrigation Downpayment,,,failed,False,2026-08-27T21:46:57.331452+09:00
Irrigation Draft,,,failed,False,2026-08-19T20:47:58.897100+09:00
Irrigation Due,,,failed,False,2026-08-23T15:51:31.238085+09:00
Irrigation Duty,390.0,0.0,success,False,2026-08-21T02:38:59.400124+09:00
Irrigation Engine,90.0,20.0,success,False,2026-08-17T23:13:09.056664+09:00
Irrigation Entry,,,failed,False,2026-08-21T01:00:18.302882+09:00
Irrigation Estimate,30.0,48.0,success,False,2026-08-19T21:03:33.928340+09:00
Irrigation Estimator,10.0,38.0,success,False,2026-08-27T23:55:21.576264+09:00
Irrigation Excerpt,,,failed,False,2026-08-21T01:00:13.557875+09:00
Irrigation Extension,50.0,88.0,success,False,2026-08-23T16:38:33.746405+09:00
Irrigation Fare,,,failed,False,2026-08-21T02:08:33.058112+09:00
Irrigation Fee,20.0,1.0,success,False,2026-08-21T01:52:06.168283+09:00
Irrigation Feed,10.0,57.0,success,False,2026-08-19T20:47:51.523685+09:00
Irrigation Field,1000.0,41.0,success,False,2026-08-23T13:06:36.915804+09:00
Irrigation File,,,failed,False,2026-08-19T20:47:22.248072+09:00
Irrigation Finder,,,failed,False,2026-08-19T00:00:44.927785+09:00
Irrigation Fine,,,failed,False,2026-08-23T02:54:19.843201+09:00
Irrigation Flag,50.0,100.0,success,False,2026-08-21T00:26:33.622421+09:00
Irrigation Flow,30.0,0.0,success,False,2026-08-17T20:34:15.100698+09:00
Irrigation Forge,,,failed,False,2026-08-17T21:35:18.423759+09:00
Irrigation Form,90.0,0.0,success,False,2026-08-19T13:32:52.541757+09:00
Irrigation Format,,,failed,False,2026-08-23T13:06:38.895978+09:00
Irrigation Frame,,,failed,False,2026-08-17T20:38:23.394205+09:00
Irrigation Fund,10.0,9.0,success,False,2026-08-21T02:23:33.552099+09:00
Irrigation Gate,320.0,19.0,success,False,2026-08-17T20:42:10.144192+09:00
Irrigation Generator,50.0,79.0,success,False,2026-08-27T23:34:34.248381+09:00
Irrigation Giveaway,,,failed,False,2026-08-27T21:15:54.960799+09:00
Irrigation Grade,,,failed,False,2026-08-21T00:26:18.251155+09:00
Irrigation Graph,20.0,1.0,success,False,2026-08-27T22:10:16.912585+09:00
Irrigation Grid,210.0,100.0,success,False,2026-08-17T20:45:22.370262+09:00
Irrigation Guarantee,,,failed,False,2026-08-28T01:05:34.038010+09:00
Irrigation Guard,,,failed,False,2026-08-17T20:37:01.636634+09:00
Irrigation Guardian,,,failed,False,2026-08-28T00:24:56.382213+09:00
Irrigation Guidebook,,,failed,False,2026-08-18T22:08:28.742242+09:00
Irrigation Helpdesk,,,failed,False,2026-08-27T22:48:06.633980+09:00
Irrigation Helper,210.0,27.0,success,False,2026-08-28T00:24:58.982196+09:00
Irrigation History,390.0,0.0,success,False,2026-08-19T20:47:15.115131+09:00
Irrigation Hotline,,,failed,False,2026-08-19T21:04:01.717737+09:00
Irrigation Hub,210.0,59.0,success,False,2026-08-17T20:33:15.121215+09:00
Irrigation Identifier,,,failed,False,2026-08-23T13:06:29.194377+09:00
Irrigation Incentive,,,failed,False,2026-08-27T21:15:51.614768+09:00
Irrigation Index,10.0,0.0,success,False,2026-08-19T21:32:52.200900+09:00
Irrigation Insight,,,failed,False,2026-08-17T23:09:34.502992+09:00
Irrigation Installment,,,failed,False,2026-08-23T16:13:30.945408+09:00
Irrigation Item,90.0,72.0,success,False,2026-08-21T01:52:08.240457+09:00
Irrigation Journal,40.0,3.0,success,False,2026-08-18T22:08:12.988621+09:00
Irrigation Keeper,,,failed,False,2026-08-17T20:38:51.261946+09:00
Irrigation Kit,1600.0,100.0,success,False,2026-08-27T22:48:03.762773+09:00
Irrigation Lab,,,failed,False,2026-08-17T20:31:29.603433+09:00
Irrigation Label,,,failed,False,2026-08-27T22:10:19.864578+09:00
Irrigation Ledger,,,failed,False,2026-08-17T20:35:36.002153+09:00
Irrigation Lens,,,failed,False,2026-08-17T20:39:18.247368+09:00
Irrigation Level,10.0,0.0,success,False,2026-08-19T20:47:28.016879+09:00
Irrigation Levy,,,failed,False,2026-08-23T13:46:47.656789+09:00
Irrigation Link,,,failed,False,2026-08-23T03:17:56.844473+09:00
Irrigation List,10.0,10.0,success,False,2026-08-19T21:46:29.828345+09:00
Irrigation Loan,20.0,0.0,success,False,2026-08-21T02:08:41.527197+09:00
Irrigation Locator,140.0,100.0,success,False,2026-08-19T00:00:34.964613+09:00
Irrigation Lock,,,failed,False,2026-08-17T20:40:55.263419+09:00
Irrigation Log,,,failed,False,2026-08-19T13:32:45.255500+09:00
Irrigation Loop,20.0,25.0,success,False,2026-08-17T20:46:12.433556+09:00
Irrigation Manager,110.0,2.0,success,False,2026-08-17T20:38:02.236902+09:00
Irrigation Manual,880.0,8.0,success,False,2026-08-27T22:10:23.604541+09:00
Irrigation Map,260.0,9.0,success,False,2026-08-17T20:40:13.744558+09:00
Irrigation Margin,,,failed,False,2026-08-23T02:54:17.672874+09:00
Irrigation Marker,,,failed,False,2026-08-23T13:27:22.703282+09:00
Irrigation Markup,,,failed,False,2026-08-23T16:38:29.056767+09:00
Irrigation Memo,,,failed,False,2026-08-21T00:26:23.518919+09:00
Irrigation Message,,,failed,False,2026-08-27T23:13:09.078623+09:00
Irrigation Meter,590.0,41.0,success,False,2026-08-17T21:32:45.123730+09:00
Irrigation Metrics,,,failed,False,2026-08-17T23:15:25.442488+09:00
Irrigation Monitor,90.0,33.0,success,False,2026-08-17T23:08:34.451093+09:00
Irrigation Navigator,,,failed,False,2026-08-17T23:11:11.238352+09:00
Irrigation Nexus,,,failed,False,2026-08-17T20:41:19.373388+09:00
Irrigation Node,140.0,100.0,success,False,2026-08-17T20:43:01.991108+09:00
Irrigation Note,,,failed,False,2026-08-19T13:33:49.819535+09:00
Irrigation Notification,20.0,0.0,success,False,2026-08-27T22:47:59.631121+09:00
Irrigation Number,40.0,0.0,success,False,2026-08-23T03:17:50.653872+09:00
Irrigation Office,2900.0,1.0,success,False,2026-08-19T00:00:59.808882+09:00
Irrigation Ops,,,failed,False,2026-08-17T23:11:53.398319+09:00
Irrigation Order,50.0,7.0,success,False,2026-08-19T22:07:41.945033+09:00
Irrigation Organizer,20.0,67.0,success,False,2026-08-17T23:14:46.249386+09:00
Irrigation Overage,,,failed,False,2026-08-27T21:46:57.331452+09:00
Irrigation Overdraft,,,failed,False,2026-08-23T15:51:33.860172+09:00
Irrigation Overdue,,,failed,False,2026-08-27T21:46:52.310844+09:00
Irrigation Panel,140.0,100.0,success,False,2026-08-17T21:34:46.886716+09:00
Irrigation Pass,,,failed,False,2026-08-21T00:25:40.973918+09:00
Irrigation Path,,,failed,False,2026-08-17T20:42:34.302604+09:00
Irrigation Payoff,,,failed,False,2026-08-27T21:46:54.698818+09:00
Irrigation Penalty,,,failed,False,2026-08-23T16:38:26.896926+09:00
Irrigation Petition,,,failed,False,2026-08-21T00:59:56.543467+09:00
Irrigation Pilot,10.0,0.0,success,False,2026-08-17T20:32:03.329355+09:00
Irrigation Plan,1000.0,19.0,success,False,2026-08-21T01:52:20.481419+09:00
Irrigation Planner,1000.0,19.0,success,False,2026-08-17T23:07:51.294970+09:00
Irrigation Playbook,,,failed,False,2026-08-18T22:08:04.928972+09:00
Irrigation Point,140.0,17.0,success,False,2026-08-17T20:41:48.704350+09:00
Irrigation Portal,70.0,0.0,success,False,2026-08-17T21:36:50.527973+09:00
Irrigation Preview,,,failed,False,2026-08-28T01:05:31.519640+09:00
Irrigation Profile,,,failed,False,2026-08-19T13:34:00.979457+09:00
Irrigation Profit,,,failed,False,2026-08-23T02:54:11.154631+09:00
Irrigation Proposal,10.0,11.0,success,False,2026-08-28T01:05:34.038010+09:00
Irrigation Pulse,,,failed,False,2026-08-17T20:44:21.106446+09:00
Irrigation Queue,,,failed,False,2026-08-19T21:03:18.431019+09:00
Irrigation Quota,,,failed,False,2026-08-21T00:26:28.007677+09:00
Irrigation Radar,,,failed,False,2026-08-18T07:52:06.675931+09:00
Irrigation Rail,,,failed,False,2026-08-17T20:46:49.856300+09:00
Irrigation Rate,40.0,0.0,success,False,2026-08-19T20:47:33.785997+09:00
Irrigation Recap,,,failed,False,2026-08-21T01:02:10.080773+09:00
Irrigation Receipt,,,failed,False,2026-08-19T21:46:03.788347+09:00
Irrigation Recorder,,,failed,False,2026-08-27T23:34:34.248381+09:00
Irrigation Register,,,failed,False,2026-08-17T23:05:44.417197+09:00
Irrigation Registry,,,failed,False,2026-08-18T22:08:36.440640+09:00
Irrigation Relay,30.0,78.0,success,False,2026-08-17T21:40:49.556938+09:00
Irrigation Reminder,,,failed,False,2026-08-19T21:32:49.180215+09:00
Irrigation Report,40.0,0.0,success,False,2026-08-19T13:32:40.491815+09:00
Irrigation Repository,,,failed,False,2026-08-27T23:13:18.509120+09:00
Irrigation Result,70.0,0.0,success,False,2026-08-28T00:47:32.809688+09:00
Irrigation Roadmap,,,failed,False,2026-08-18T22:09:17.362565+09:00
Irrigation Roster,,,failed,False,2026-08-19T00:37:00.689265+09:00
Irrigation Route,30.0,3.0,success,False,2026-08-17T21:30:22.425092+09:00
Irrigation Rule,,,failed,False,2026-08-23T03:18:03.824260+09:00
Irrigation Sale,70.0,90.0,success,False,2026-08-21T02:23:42.049826+09:00
Irrigation Sample,,,failed,False,2026-08-19T21:47:20.280191+09:00
Irrigation Scale,,,failed,False,2026-08-17T21:31:33.014186+09:00
Irrigation Scanner,,,failed,False,2026-08-27T23:55:28.059641+09:00
Irrigation Scheduler,1000.0,2.0,success,False,2026-08-17T23:13:49.973223+09:00
Irrigation Schematic,590.0,0.0,success,False,2026-08-27T22:28:51.186281+09:00
Irrigation Scope,,,failed,False,2026-08-17T20:47:23.581270+09:00
Irrigation Score,,,failed,False,2026-08-19T13:33:40.733972+09:00
Irrigation Sentry,,,failed,False,2026-08-17T20:39:46.897200+09:00
Irrigation Sheet,10.0,21.0,success,False,2026-08-19T13:33:08.765794+09:00
Irrigation Shortfall,,,failed,False,2026-08-27T21:47:00.631100+09:00
Irrigation Signal,,,failed,False,2026-08-17T21:30:57.458125+09:00
Irrigation Signature,,,failed,False,2026-08-23T13:27:20.193084+09:00
Irrigation Slip,,,failed,False,2026-08-19T21:47:05.219311+09:00
Irrigation Slot,,,failed,False,2026-08-19T21:47:34.110436+09:00
Irrigation Snapshot,,,failed,False,2026-08-18T22:08:19.564377+09:00
Irrigation Stage,,,failed,False,2026-08-28T00:47:32.809688+09:00
Irrigation Stake,480.0,100.0,success,False,2026-08-23T02:54:15.524012+09:00
Irrigation Stamp,,,failed,False,2026-08-23T13:27:25.869179+09:00
Irrigation Statement,,,failed,False,2026-08-21T00:26:07.923229+09:00
Irrigation Station,2900.0,16.0,success,False,2026-08-18T07:43:47.974817+09:00
Irrigation Status,20.0,0.0,success,False,2026-08-19T20:47:06.290958+09:00
Irrigation Studio,,,failed,False,2026-08-17T20:32:41.344957+09:00
Irrigation Subsidy,50.0,0.0,success,False,2026-08-23T15:51:36.784233+09:00
Irrigation Suite,,,failed,False,2026-08-17T23:12:11.666158+09:00
Irrigation Sum,,,failed,False,2026-08-21T02:23:24.043193+09:00
Irrigation Summary,,,failed,False,2026-08-19T21:32:44.531306+09:00
Irrigation Sync,,,failed,False,2026-08-17T20:35:06.364440+09:00
Irrigation Table,50.0,44.0,success,False,2026-08-19T21:46:42.037661+09:00
Irrigation Tag,,,failed,False,2026-08-19T13:33:54.731377+09:00
Irrigation Tally,,,failed,False,2026-08-21T00:26:13.350270+09:00
Irrigation Tariff,,,failed,False,2026-08-21T02:39:09.375307+09:00
Irrigation Tax,40.0,0.0,success,False,2026-08-21T02:08:37.852191+09:00
Irrigation Ticket,,,failed,False,2026-08-19T21:32:55.348476+09:00
Irrigation Timeline,10.0,0.0,success,False,2026-08-19T21:32:47.158972+09:00
Irrigation Timer,4400.0,100.0,success,False,2026-08-28T00:24:51.336275+09:00
Irrigation Token,,,failed,False,2026-08-23T13:27:16.161149+09:00
Irrigation Toll,,,failed,False,2026-08-21T02:39:01.824838+09:00
Irrigation Toolbox,20.0,10.0,success,False,2026-08-28T00:24:56.382213+09:00
Irrigation Toolkit,,,failed,False,2026-08-18T22:07:58.079048+09:00
Irrigation Total,,,failed,False,2026-08-27T23:13:13.331600+09:00
Irrigation Tracker,20.0,79.0,success,False,2026-08-17T20:36:04.789698+09:00
Irrigation Trail,,,failed,False,2026-08-17T20:45:46.874737+09:00
Irrigation Trend,,,failed,False,2026-08-28T01:05:26.346049+09:00
Irrigation Trial,,,failed,False,2026-08-27T21:15:51.614768+09:00
Irrigation Unit,90.0,97.0,success,False,2026-08-21T01:52:17.382086+09:00
Irrigation Update,,,failed,False,2026-08-19T20:47:39.914949+09:00
Irrigation Value,30.0,92.0,success,False,2026-08-23T02:54:13.248458+09:00
Irrigation Vault,70.0,98.0,success,False,2026-08-17T21:38:35.218560+09:00
Irrigation Version,,,failed,False,2026-08-23T03:17:54.192615+09:00
Irrigation View,,,failed,False,2026-08-19T20:47:10.772818+09:00
Irrigation Voucher,,,failed,False,2026-08-21T00:25:47.755507+09:00
Irrigation Watch,10.0,18.0,success,False,2026-08-17T20:48:40.258747+09:00
Irrigation Wave,,,failed,False,2026-08-17T20:43:29.254301+09:00
Irrigation Widget,,,failed,False,2026-08-27T23:13:16.008786+09:00
Irrigation Workbench,,,failed,False,2026-08-18T22:07:49.432223+09:00
Irrigation Worksheet,20.0,0.0,success,False,2026-08-27T22:10:26.332247+09:00
Irrigation Workshop,110.0,1.0,success,False,2026-08-28T00:24:53.833495+09:00
Irrigation Zone,170.0,48.0,success,False,2026-08-17T21:38:00.601683+09:00
Itinerary Advance,,,failed,False,2026-08-23T16:14:44.482791+09:00
Itinerary Advisory,,,failed,False,2026-08-21T01:06:02.674001+09:00
Itinerary Allowance,,,failed,False,2026-08-21T02:36:50.213443+09:00
Itinerary Almanac,,,failed,False,2026-08-18T22:04:49.273954+09:00
Itinerary Analyzer,,,failed,False,2026-08-27T23:59:02.052548+09:00
Itinerary Anchor,,,failed,False,2026-08-18T07:52:56.677266+09:00
Itinerary Assistant,10.0,0.0,success,False,2026-08-17T23:09:46.743330+09:00
Itinerary Atlas,,,failed,False,2026-08-17T21:30:43.453478+09:00
Itinerary Badge,,,failed,False,2026-08-21T00:31:19.573899+09:00
Itinerary Balance,,,failed,False,2026-08-23T13:46:52.749544+09:00
Itinerary Base,,,failed,False,2026-08-17T20:45:34.633599+09:00
Itinerary Beacon,,,failed,False,2026-08-17T20:35:20.751202+09:00
Itinerary Bill,10.0,0.0,success,False,2026-08-19T21:49:21.504748+09:00
Itinerary Blueprint,,,failed,False,2026-08-18T22:04:38.583463+09:00
Itinerary Board,90.0,31.0,success,False,2026-08-17T20:42:49.578916+09:00
Itinerary Book,480.0,37.0,success,False,2026-08-19T21:50:21.596797+09:00
Itinerary Bridge,,,failed,False,2026-08-17T20:32:23.142780+09:00
Itinerary Brief,,,failed,False,2026-08-21T01:07:59.313235+09:00
Itinerary Bulletin,,,failed,False,2026-08-21T01:05:43.113119+09:00
Itinerary Calculator,30.0,8.0,success,False,2026-08-27T23:36:33.321869+09:00
Itinerary Calendar,170.0,65.0,success,False,2026-08-19T00:02:06.599822+09:00
Itinerary Card,390.0,90.0,success,False,2026-08-19T13:28:52.256085+09:00
Itinerary Cascade,,,failed,False,2026-08-17T20:33:33.696511+09:00
Itinerary Cash,,,failed,False,2026-08-21T02:30:27.978125+09:00
Itinerary Cashback,,,failed,False,2026-08-27T21:17:26.157906+09:00
Itinerary Catalog,,,failed,False,2026-08-19T21:04:06.353252+09:00
Itinerary Center,,,failed,False,2026-08-17T20:37:49.257868+09:00
Itinerary Chain,,,failed,False,2026-08-17T21:36:10.133574+09:00
Itinerary Charge,,,failed,False,2026-08-21T02:36:37.228119+09:00
Itinerary Check,390.0,5.0,success,False,2026-08-19T13:29:15.231319+09:00
Itinerary Checker,390.0,5.0,success,False,2026-08-27T23:58:55.210944+09:00
Itinerary Circular,,,failed,False,2026-08-21T01:05:55.165491+09:00
Itinerary Cockpit,,,failed,False,2026-08-17T23:30:43.619577+09:00
Itinerary Code,30.0,1.0,success,False,2026-08-19T21:49:45.321625+09:00
Itinerary Codex,,,failed,False,2026-08-18T22:05:10.153828+09:00
Itinerary Companion,,,failed,False,2026-08-17T23:07:43.866571+09:00
Itinerary Comparison,,,failed,False,2026-08-28T01:01:32.188675+09:00
Itinerary Compass,,,failed,False,2026-08-17T20:36:18.497930+09:00
Itinerary Compendium,,,failed,False,2026-08-18T22:04:58.367673+09:00
Itinerary Confirmation,140.0,1.0,success,False,2026-08-21T01:06:09.386639+09:00
Itinerary Console,,,failed,False,2026-08-17T20:34:53.035348+09:00
Itinerary Converter,1000.0,0.0,success,True,2026-08-27T23:36:36.607319+09:00
Itinerary Core,,,failed,False,2026-08-17T20:44:32.138425+09:00
Itinerary Cost,90.0,3.0,success,False,2026-08-21T02:13:55.363048+09:00
Itinerary Counter,,,failed,False,2026-08-19T00:02:51.849711+09:00
Itinerary Coupon,,,failed,False,2026-08-27T21:17:26.157906+09:00
Itinerary Dashboard,,,failed,False,2026-08-17T23:12:59.903146+09:00
Itinerary Deal,,,failed,False,2026-08-21T01:57:57.210014+09:00
Itinerary Debt,,,failed,False,2026-08-21T02:30:21.260254+09:00
Itinerary Deck,,,failed,False,2026-08-17T20:42:01.579820+09:00
Itinerary Depot,,,failed,False,2026-08-19T00:02:36.291033+09:00
Itinerary Desk,,,failed,False,2026-08-17T20:40:03.112671+09:00
Itinerary Detail,590.0,2.0,success,False,2026-08-23T03:16:39.334057+09:00
Itinerary Detector,,,failed,False,2026-08-27T23:59:02.052548+09:00
Itinerary Dial,,,failed,False,2026-08-17T20:32:58.642411+09:00
Itinerary Digest,,,failed,False,2026-08-19T20:46:58.036522+09:00
Itinerary Directory,,,failed,False,2026-08-19T00:02:12.644181+09:00
Itinerary Discount,,,failed,False,2026-08-23T16:14:40.533655+09:00
Itinerary Dock,,,failed,False,2026-08-17T21:40:01.418165+09:00
Itinerary Dossier,,,failed,False,2026-08-21T01:06:12.457382+09:00
Itinerary Downpayment,,,failed,False,2026-08-27T21:48:35.689301+09:00
Itinerary Draft,70.0,2.0,success,False,2026-08-19T20:47:08.500238+09:00
Itinerary Due,,,failed,False,2026-08-23T15:51:49.176648+09:00
Itinerary Duty,,,failed,False,2026-08-21T02:36:44.892736+09:00
Itinerary Engine,,,failed,False,2026-08-17T23:29:41.239949+09:00
Itinerary Entry,,,failed,False,2026-08-21T01:06:25.514755+09:00
Itinerary Estimate,,,failed,False,2026-08-19T21:03:53.179213+09:00
Itinerary Estimator,,,failed,False,2026-08-27T23:58:55.210944+09:00
Itinerary Excerpt,,,failed,False,2026-08-21T01:06:21.603341+09:00
Itinerary Extension,,,failed,False,2026-08-23T16:39:14.026032+09:00
Itinerary Fare,,,failed,False,2026-08-21T02:13:59.319117+09:00
Itinerary Fee,,,failed,False,2026-08-21T01:57:45.438381+09:00
Itinerary Feed,,,failed,False,2026-08-19T20:47:03.354167+09:00
Itinerary File,20.0,14.0,success,False,2026-08-19T20:46:33.393422+09:00
Itinerary Finder,10.0,34.0,success,False,2026-08-19T00:02:27.896414+09:00
Itinerary Flag,,,failed,False,2026-08-21T00:32:08.971513+09:00
Itinerary Flow,,,failed,False,2026-08-17T20:42:19.428112+09:00
Itinerary Forge,,,failed,False,2026-08-17T20:34:25.476328+09:00
Itinerary Form,1300.0,28.0,success,False,2026-08-19T13:28:43.746659+09:00
Itinerary Frame,,,failed,False,2026-08-17T20:46:27.690682+09:00
Itinerary Fund,,,failed,False,2026-08-21T02:30:24.474717+09:00
Itinerary Gate,,,failed,False,2026-08-17T21:33:04.357190+09:00
Itinerary Generator,6600.0,44.0,success,False,2026-08-27T23:36:36.607319+09:00
Itinerary Giveaway,,,failed,False,2026-08-27T21:17:34.468079+09:00
Itinerary Grade,,,failed,False,2026-08-21T00:31:49.661501+09:00
Itinerary Grid,,,failed,False,2026-08-17T21:36:38.708092+09:00
Itinerary Guarantee,,,failed,False,2026-08-28T01:01:42.257433+09:00
Itinerary Guard,,,failed,False,2026-08-17T20:45:12.889782+09:00
Itinerary Guidebook,,,failed,False,2026-08-18T22:04:18.397619+09:00
Itinerary Helpdesk,,,failed,False,2026-08-27T22:50:03.051342+09:00
Itinerary Helper,50.0,50.0,success,False,2026-08-28T00:27:35.071119+09:00
Itinerary History,,,failed,False,2026-08-19T20:46:27.543041+09:00
Itinerary Hotline,,,failed,False,2026-08-19T21:04:17.654082+09:00
Itinerary Hub,,,failed,False,2026-08-17T20:41:38.152103+09:00
Itinerary Incentive,,,failed,False,2026-08-27T21:17:31.626510+09:00
Itinerary Index,,,failed,False,2026-08-19T21:32:42.554846+09:00
Itinerary Insight,,,failed,False,2026-08-17T23:30:28.172183+09:00
Itinerary Installment,,,failed,False,2026-08-23T16:14:40.533655+09:00
Itinerary Item,50.0,5.0,success,False,2026-08-21T02:05:51.453888+09:00
Itinerary Journal,20.0,81.0,success,False,2026-08-18T22:03:55.697842+09:00
Itinerary Keeper,,,failed,False,2026-08-17T20:47:07.356899+09:00
Itinerary Lab,10.0,8.0,success,False,2026-08-17T20:40:27.760312+09:00
Itinerary Ledger,,,failed,False,2026-08-17T20:43:46.830313+09:00
Itinerary Lens,,,failed,False,2026-08-17T20:47:47.373505+09:00
Itinerary Level,,,failed,False,2026-08-19T20:46:39.045000+09:00
Itinerary Link,10.0,3.0,success,False,2026-08-23T03:16:29.353172+09:00
Itinerary List,480.0,4.0,success,False,2026-08-19T21:49:58.938963+09:00
Itinerary Loan,,,failed,False,2026-08-21T02:14:07.166822+09:00
Itinerary Locator,,,failed,False,2026-08-19T00:02:21.603583+09:00
Itinerary Lock,,,failed,False,2026-08-17T21:31:17.550614+09:00
Itinerary Log,,,failed,False,2026-08-19T13:28:31.111585+09:00
Itinerary Loop,,,failed,False,2026-08-17T21:37:46.877382+09:00
Itinerary Manager,170.0,13.0,success,False,2026-08-17T20:45:56.929111+09:00
Itinerary Map,1300.0,9.0,success,False,2026-08-17T21:30:08.257838+09:00
Itinerary Marker,,,failed,False,2026-08-23T13:27:20.193084+09:00
Itinerary Markup,,,failed,False,2026-08-23T16:39:10.446274+09:00
Itinerary Memo,,,failed,False,2026-08-21T00:31:54.895534+09:00
Itinerary Message,,,failed,False,2026-08-27T23:15:41.145408+09:00
Itinerary Meter,,,failed,False,2026-08-17T20:31:49.556843+09:00
Itinerary Metrics,,,failed,False,2026-08-17T23:05:57.160852+09:00
Itinerary Monitor,,,failed,False,2026-08-17T23:11:21.548397+09:00
Itinerary Navigator,,,failed,False,2026-08-17T23:31:05.763784+09:00
Itinerary Nexus,,,failed,False,2026-08-17T21:31:52.108049+09:00
Itinerary Node,,,failed,False,2026-08-17T21:34:01.777052+09:00
Itinerary Note,,,failed,False,2026-08-19T13:29:46.780078+09:00
Itinerary Notification,,,failed,False,2026-08-27T22:49:57.314209+09:00
Itinerary Number,1000.0,2.0,success,False,2026-08-23T03:16:23.757716+09:00
Itinerary Office,,,failed,False,2026-08-19T00:02:41.985677+09:00
Itinerary Ops,,,failed,False,2026-08-17T23:14:36.904616+09:00
Itinerary Order,,,failed,False,2026-08-19T21:49:11.434209+09:00
Itinerary Organizer,90.0,36.0,success,False,2026-08-17T23:30:14.406427+09:00
Itinerary Outline,90.0,30.0,success,False,2026-08-27T22:29:13.251110+09:00
Itinerary Overage,,,failed,False,2026-08-27T21:48:35.689301+09:00
Itinerary Overdue,,,failed,False,2026-08-27T21:48:30.689545+09:00
Itinerary Panel,,,failed,False,2026-08-17T20:34:02.071546+09:00
Itinerary Pass,,,failed,False,2026-08-21T00:31:09.970083+09:00
Itinerary Path,,,failed,False,2026-08-17T21:33:28.260657+09:00
Itinerary Payoff,,,failed,False,2026-08-27T21:48:33.250783+09:00
Itinerary Penalty,,,failed,False,2026-08-23T16:39:07.006923+09:00
Itinerary Petition,,,failed,False,2026-08-21T01:06:05.335895+09:00
Itinerary Pilot,,,failed,False,2026-08-17T20:40:49.686418+09:00
Itinerary Plan,1900.0,17.0,success,False,2026-08-21T01:57:54.921820+09:00
Itinerary Planner,14800.0,41.0,success,False,2026-08-17T23:30:01.630713+09:00
Itinerary Playbook,,,failed,False,2026-08-18T22:03:44.456415+09:00
Itinerary Point,10.0,2.0,success,False,2026-08-17T21:32:28.090728+09:00
Itinerary Portal,,,failed,False,2026-08-17T20:35:51.368204+09:00
Itinerary Preview,,,failed,False,2026-08-28T01:01:36.692864+09:00
Itinerary Profile,,,failed,False,2026-08-19T13:30:05.934954+09:00
Itinerary Profit,,,failed,False,2026-08-23T02:52:54.203392+09:00
Itinerary Proposal,40.0,2.0,success,False,2026-08-28T01:01:39.377915+09:00
Itinerary Pulse,,,failed,False,2026-08-17T21:35:38.144027+09:00
Itinerary Queue,,,failed,False,2026-08-19T21:03:38.962662+09:00
Itinerary Quota,,,failed,False,2026-08-21T00:32:03.646563+09:00
Itinerary Radar,,,failed,False,2026-08-17T20:39:11.470645+09:00
Itinerary Rail,,,failed,False,2026-08-17T21:38:18.723173+09:00
Itinerary Rate,,,failed,False,2026-08-19T20:46:47.302188+09:00
Itinerary Recap,,,failed,False,2026-08-21T01:06:17.673460+09:00
Itinerary Receipt,590.0,3.0,success,False,2026-08-19T21:49:35.357194+09:00
Itinerary Redemption,,,failed,False,2026-08-23T16:39:14.026032+09:00
Itinerary Register,,,failed,False,2026-08-17T23:31:23.198788+09:00
Itinerary Registry,,,failed,False,2026-08-18T22:04:27.693577+09:00
Itinerary Relay,,,failed,False,2026-08-17T20:38:13.537846+09:00
Itinerary Reminder,,,failed,False,2026-08-19T21:32:39.944567+09:00
Itinerary Report,90.0,1.0,success,False,2026-08-19T13:28:19.124767+09:00
Itinerary Repository,,,failed,False,2026-08-27T23:15:46.670229+09:00
Itinerary Roadmap,,,failed,False,2026-08-18T22:05:17.781482+09:00
Itinerary Roster,,,failed,False,2026-08-19T00:37:37.516387+09:00
Itinerary Route,50.0,2.0,success,False,2026-08-17T21:41:47.180143+09:00
Itinerary Rule,,,failed,False,2026-08-23T03:16:31.986562+09:00
Itinerary Sale,,,failed,False,2026-08-21T02:30:30.378357+09:00
Itinerary Sample,4400.0,7.0,success,False,2026-08-19T21:50:44.390054+09:00
Itinerary Scale,,,failed,False,2026-08-18T07:52:08.139884+09:00
Itinerary Scanner,,,failed,False,2026-08-27T23:58:58.371988+09:00
Itinerary Scheduler,,,failed,False,2026-08-17T23:04:07.422993+09:00
Itinerary Scope,,,failed,False,2026-08-17T21:39:09.779186+09:00
Itinerary Score,,,failed,False,2026-08-19T13:29:31.691093+09:00
Itinerary Sentry,,,failed,False,2026-08-17T20:48:26.612997+09:00
Itinerary Sheet,210.0,48.0,success,False,2026-08-19T13:29:00.478751+09:00
Itinerary Shortfall,,,failed,False,2026-08-27T21:48:38.041939+09:00
Itinerary Signal,,,failed,False,2026-08-18T07:53:06.257546+09:00
Itinerary Signature,,,failed,False,2026-08-23T13:27:20.193084+09:00
Itinerary Slip,,,failed,False,2026-08-19T21:50:33.278837+09:00
Itinerary Slot,,,failed,False,2026-08-19T21:50:54.613076+09:00
Itinerary Snapshot,,,failed,False,2026-08-18T22:04:05.188286+09:00
Itinerary Stage,,,failed,False,2026-08-28T00:49:09.988603+09:00
Itinerary Stamp,,,failed,False,2026-08-23T13:27:22.703282+09:00
Itinerary Statement,10.0,0.0,success,False,2026-08-21T00:31:36.211701+09:00
Itinerary Station,,,failed,False,2026-08-17T20:39:33.830984+09:00
Itinerary Status,10.0,1.0,success,False,2026-08-19T20:46:20.200545+09:00
Itinerary Stub,,,failed,False,2026-08-21T00:31:30.142352+09:00
Itinerary Studio,,,failed,False,2026-08-17T20:41:11.362619+09:00
Itinerary Suite,,,failed,False,2026-08-17T23:14:53.160605+09:00
Itinerary Sum,,,failed,False,2026-08-21T02:30:16.403499+09:00
Itinerary Summary,110.0,0.0,success,False,2026-08-19T21:32:36.347329+09:00
Itinerary Sync,,,failed,False,2026-08-17T20:43:16.751377+09:00
Itinerary Tab,,,failed,False,2026-08-21T00:32:15.885792+09:00
Itinerary Table,210.0,10.0,success,False,2026-08-19T21:50:09.573666+09:00
Itinerary Tag,,,failed,False,2026-08-19T13:29:56.430090+09:00
Itinerary Tally,,,failed,False,2026-08-21T00:31:41.208752+09:00
Itinerary Tariff,,,failed,False,2026-08-21T02:36:53.900229+09:00
Itinerary Tax,,,failed,False,2026-08-21T02:14:02.511057+09:00
Itinerary Ticket,1300.0,23.0,success,False,2026-08-19T21:03:23.930623+09:00
Itinerary Tier,,,failed,False,2026-08-28T00:49:13.140044+09:00
Itinerary Timeline,50.0,31.0,success,False,2026-08-19T21:32:38.095873+09:00
Itinerary Timer,,,failed,False,2026-08-28T00:27:27.697084+09:00
Itinerary Token,,,failed,False,2026-08-23T13:27:16.161149+09:00
Itinerary Toll,,,failed,False,2026-08-21T02:36:47.930212+09:00
Itinerary Toolbox,,,failed,False,2026-08-28T00:27:35.071119+09:00
Itinerary Toolkit,,,failed,False,2026-08-18T22:03:23.896977+09:00
Itinerary Total,,,failed,False,2026-08-27T23:15:43.697016+09:00
Itinerary Tracker,140.0,6.0,success,False,2026-08-17T20:44:10.950266+09:00
Itinerary Trail,,,failed,False,2026-08-17T21:37:08.932405+09:00
Itinerary Trend,,,failed,False,2026-08-28T01:01:32.188675+09:00
Itinerary Trial,,,failed,False,2026-08-27T21:17:29.346524+09:00
Itinerary Unit,,,failed,False,2026-08-21T01:57:50.113408+09:00
Itinerary Update,210.0,0.0,success,False,2026-08-19T20:46:51.690221+09:00
Itinerary Value,,,failed,False,2026-08-23T02:52:56.566002+09:00
Itinerary Vault,,,failed,False,2026-08-17T20:37:18.091212+09:00
Itinerary Version,,,failed,False,2026-08-23T03:16:26.068243+09:00
Itinerary View,210.0,4.0,success,False,2026-08-19T20:46:24.803660+09:00
Itinerary Voucher,,,failed,False,2026-08-21T00:31:14.600161+09:00
Itinerary Wallet,,,failed,False,2026-08-27T22:50:00.330096+09:00
Itinerary Watch,,,failed,False,2026-08-17T21:41:16.664514+09:00
Itinerary Wave,,,failed,False,2026-08-17T21:34:31.783933+09:00
Itinerary Widget,,,failed,False,2026-08-27T23:15:43.697016+09:00
Itinerary Workbench,,,failed,False,2026-08-18T22:03:11.971226+09:00
Itinerary Worksheet,50.0,2.0,success,False,2026-08-27T22:12:55.481525+09:00
Itinerary Workshop,,,failed,False,2026-08-28T00:27:31.291174+09:00
Itinerary Zone,,,failed,False,2026-08-17T20:36:51.044622+09:00
Jobsite Advisory,,,failed,False,2026-08-21T01:06:09.386639+09:00
Jobsite Allowance,,,failed,False,2026-08-21T02:37:01.944995+09:00
Jobsite Almanac,,,failed,False,2026-08-18T22:05:10.153828+09:00
Jobsite Analyzer,,,failed,False,2026-08-27T23:59:07.749698+09:00
Jobsite Anchor,,,failed,False,2026-08-17T21:41:16.664514+09:00
Jobsite Announcement,,,failed,False,2026-08-27T23:36:33.321869+09:00
Jobsite Asset,,,failed,False,2026-08-23T13:46:59.316345+09:00
Jobsite Assistant,10.0,17.0,success,False,2026-08-17T23:04:07.422993+09:00
Jobsite Atlas,,,failed,False,2026-08-17T20:47:07.356899+09:00
Jobsite Badge,,,failed,False,2026-08-21T00:31:36.211701+09:00
Jobsite Balance,,,failed,False,2026-08-23T13:46:55.595088+09:00
Jobsite Base,,,failed,False,2026-08-17T20:43:46.830313+09:00
Jobsite Beacon,,,failed,False,2026-08-17T20:33:33.696511+09:00
Jobsite Bill,,,failed,False,2026-08-19T21:49:41.666387+09:00
Jobsite Blueprint,,,failed,False,2026-08-18T22:04:58.367673+09:00
Jobsite Board,20.0,68.0,success,False,2026-08-17T20:41:11.362619+09:00
Jobsite Book,,,failed,False,2026-08-19T21:50:44.390054+09:00
Jobsite Bridge,,,failed,False,2026-08-18T07:53:06.257546+09:00
Jobsite Brief,,,failed,False,2026-08-21T01:06:02.674001+09:00
Jobsite Bulletin,,,failed,False,2026-08-21T01:05:55.165491+09:00
Jobsite Calendar,,,failed,False,2026-08-19T00:02:21.603583+09:00
Jobsite Card,,,failed,False,2026-08-19T13:29:15.231319+09:00
Jobsite Cascade,,,failed,False,2026-08-18T07:52:56.677266+09:00
Jobsite Cash,,,failed,False,2026-08-21T02:30:33.788820+09:00
Jobsite Cashback,,,failed,False,2026-08-27T21:17:31.626510+09:00
Jobsite Catalog,,,failed,False,2026-08-19T21:04:31.572257+09:00
Jobsite Center,,,failed,False,2026-08-17T20:35:51.368204+09:00
Jobsite Chain,,,failed,False,2026-08-17T21:34:01.777052+09:00
Jobsite Charge,,,failed,False,2026-08-21T02:36:47.930212+09:00
Jobsite Check,10.0,0.0,success,False,2026-08-19T13:29:46.780078+09:00
Jobsite Checker,,,failed,False,2026-08-27T23:58:58.371988+09:00
Jobsite Checklist,10.0,12.0,success,False,2026-08-19T21:03:23.930623+09:00
Jobsite Circular,,,failed,False,2026-08-21T01:06:05.335895+09:00
Jobsite Cockpit,,,failed,False,2026-08-17T23:31:05.763784+09:00
Jobsite Code,,,failed,False,2026-08-19T21:50:09.573666+09:00
Jobsite Codex,,,failed,False,2026-08-18T22:05:27.658262+09:00
Jobsite Companion,10.0,19.0,success,False,2026-08-17T23:14:36.904616+09:00
Jobsite Comparison,,,failed,False,2026-08-28T01:01:39.377915+09:00
Jobsite Compass,,,failed,False,2026-08-17T20:34:25.476328+09:00
Jobsite Compendium,,,failed,False,2026-08-18T22:05:17.781482+09:00
Jobsite Confirmation,,,failed,False,2026-08-21T01:06:17.673460+09:00
Jobsite Console,,,failed,False,2026-08-17T20:32:58.642411+09:00
Jobsite Core,,,failed,False,2026-08-17T20:42:49.578916+09:00
Jobsite Cost,,,failed,False,2026-08-21T02:13:59.319117+09:00
Jobsite Count,,,failed,False,2026-08-27T22:50:07.511114+09:00
Jobsite Counter,,,failed,False,2026-08-19T00:03:06.405993+09:00
Jobsite Coupon,,,failed,False,2026-08-27T21:17:29.346524+09:00
Jobsite Dashboard,,,failed,False,2026-08-17T23:07:43.866571+09:00
Jobsite Deal,,,failed,False,2026-08-21T01:58:05.254245+09:00
Jobsite Debt,,,failed,False,2026-08-21T02:30:27.978125+09:00
Jobsite Deck,,,failed,False,2026-08-17T20:40:27.760312+09:00
Jobsite Depot,10.0,,success,False,2026-08-19T00:02:51.849711+09:00
Jobsite Desk,40.0,100.0,success,False,2026-08-17T20:38:13.537846+09:00
Jobsite Detail,,,failed,False,2026-08-23T03:16:47.860821+09:00
Jobsite Detector,,,failed,False,2026-08-27T23:59:07.749698+09:00
Jobsite Diagram,,,failed,False,2026-08-27T22:13:04.123105+09:00
Jobsite Dial,,,failed,False,2026-08-18T07:52:08.139884+09:00
Jobsite Digest,,,failed,False,2026-08-19T20:47:08.500238+09:00
Jobsite Directory,10.0,,success,False,2026-08-19T00:02:27.896414+09:00
Jobsite Dock,,,failed,False,2026-08-17T21:37:08.932405+09:00
Jobsite Dossier,,,failed,False,2026-08-21T01:06:21.603341+09:00
Jobsite Downpayment,,,failed,False,2026-08-27T21:48:40.249889+09:00
Jobsite Draft,,,failed,False,2026-08-19T20:47:17.630061+09:00
Jobsite Due,,,failed,False,2026-08-23T15:51:49.176648+09:00
Jobsite Duty,,,failed,False,2026-08-21T02:36:50.213443+09:00
Jobsite Engine,,,failed,False,2026-08-17T23:29:58.873666+09:00
Jobsite Entry,,,failed,False,2026-08-21T01:06:36.051415+09:00
Jobsite Estimate,,,failed,False,2026-08-19T21:04:17.654082+09:00
Jobsite Estimator,,,failed,False,2026-08-27T23:58:58.371988+09:00
Jobsite Excerpt,,,failed,False,2026-08-21T01:06:31.516088+09:00
Jobsite Fare,,,failed,False,2026-08-21T02:14:07.166822+09:00
Jobsite Fee,,,failed,False,2026-08-21T01:57:50.113408+09:00
Jobsite Feed,,,failed,False,2026-08-19T20:47:10.772818+09:00
Jobsite File,,,failed,False,2026-08-19T20:46:44.181940+09:00
Jobsite Finder,,,failed,False,2026-08-19T00:02:41.985677+09:00
Jobsite Fine,,,failed,False,2026-08-23T02:53:06.849591+09:00
Jobsite Flag,,,failed,False,2026-08-21T00:32:20.380964+09:00
Jobsite Flow,,,failed,False,2026-08-17T20:40:49.686418+09:00
Jobsite Forge,,,failed,False,2026-08-17T20:32:23.142780+09:00
Jobsite Form,,,failed,False,2026-08-19T13:29:00.478751+09:00
Jobsite Frame,,,failed,False,2026-08-17T20:44:32.138425+09:00
Jobsite Fund,,,failed,False,2026-08-21T02:30:30.378357+09:00
Jobsite Gate,,,failed,False,2026-08-17T21:30:41.512165+09:00
Jobsite Giveaway,,,failed,False,2026-08-27T21:17:37.644775+09:00
Jobsite Grade,,,failed,False,2026-08-21T00:32:03.646563+09:00
Jobsite Graph,,,failed,False,2026-08-27T22:12:52.289733+09:00
Jobsite Grid,,,failed,False,2026-08-17T21:34:31.783933+09:00
Jobsite Guarantee,,,failed,False,2026-08-28T01:01:45.010115+09:00
Jobsite Guard,,,failed,False,2026-08-17T20:43:16.751377+09:00
Jobsite Guardian,,,failed,False,2026-08-28T00:27:35.071119+09:00
Jobsite Guidebook,,,failed,False,2026-08-18T22:04:38.583463+09:00
Jobsite Helper,,,failed,False,2026-08-28T00:27:37.736040+09:00
Jobsite History,,,failed,False,2026-08-19T20:46:39.045000+09:00
Jobsite Hotline,,,failed,False,2026-08-19T21:04:44.071622+09:00
Jobsite Hub,,,failed,False,2026-08-17T20:40:03.112671+09:00
Jobsite Incentive,,,failed,False,2026-08-27T21:17:37.644775+09:00
Jobsite Index,,,failed,False,2026-08-19T21:03:38.962662+09:00
Jobsite Insight,,,failed,False,2026-08-17T23:30:43.619577+09:00
Jobsite Item,,,failed,False,2026-08-21T01:57:52.664433+09:00
Jobsite Journal,30.0,100.0,success,False,2026-08-18T22:04:18.397619+09:00
Jobsite Keeper,,,failed,False,2026-08-17T20:45:10.862003+09:00
Jobsite Kit,,,failed,False,2026-08-27T22:50:03.051342+09:00
Jobsite Lab,,,failed,False,2026-08-17T20:38:37.912313+09:00
Jobsite Layout,10.0,7.0,success,False,2026-08-27T22:29:13.251110+09:00
Jobsite Ledger,,,failed,False,2026-08-17T20:42:01.579820+09:00
Jobsite Lens,,,failed,False,2026-08-17T20:45:34.633599+09:00
Jobsite Level,,,failed,False,2026-08-19T20:46:49.166137+09:00
Jobsite Link,,,failed,False,2026-08-23T03:16:39.334057+09:00
Jobsite List,10.0,0.0,success,False,2026-08-19T21:50:21.596797+09:00
Jobsite Loan,,,failed,False,2026-08-21T02:14:13.791830+09:00
Jobsite Locator,,,failed,False,2026-08-19T00:02:36.291033+09:00
Jobsite Lock,,,failed,False,2026-08-17T20:47:47.373505+09:00
Jobsite Log,,,failed,False,2026-08-19T13:28:52.256085+09:00
Jobsite Loop,,,failed,False,2026-08-17T21:35:36.118436+09:00
Jobsite Manager,20.0,2.0,success,False,2026-08-17T20:44:10.950266+09:00
Jobsite Manual,,,failed,False,2026-08-27T22:12:55.481525+09:00
Jobsite Map,,,failed,False,2026-08-17T20:46:27.690682+09:00
Jobsite Marker,260.0,100.0,success,False,2026-08-23T13:27:25.869179+09:00
Jobsite Markup,,,failed,False,2026-08-23T16:39:14.026032+09:00
Jobsite Memo,,,failed,False,2026-08-21T00:32:08.971513+09:00
Jobsite Message,,,failed,False,2026-08-27T23:15:43.697016+09:00
Jobsite Meter,,,failed,False,2026-08-17T21:41:47.180143+09:00
Jobsite Metrics,,,failed,False,2026-08-17T23:12:59.903146+09:00
Jobsite Monitor,,,failed,False,2026-08-17T23:05:57.160852+09:00
Jobsite Navigator,,,failed,False,2026-08-17T23:31:23.198788+09:00
Jobsite Nexus,,,failed,False,2026-08-17T20:48:26.612997+09:00
Jobsite Node,,,failed,False,2026-08-17T21:31:52.108049+09:00
Jobsite Note,,,failed,False,2026-08-19T13:30:05.934954+09:00
Jobsite Notification,,,failed,False,2026-08-27T22:50:00.330096+09:00
Jobsite Number,10.0,0.0,success,False,2026-08-23T03:16:29.353172+09:00
Jobsite Office,90.0,44.0,success,False,2026-08-19T00:02:58.410814+09:00
Jobsite Ops,,,failed,False,2026-08-17T23:09:27.800960+09:00
Jobsite Order,,,failed,False,2026-08-19T21:49:35.357194+09:00
Jobsite Organizer,20.0,91.0,success,False,2026-08-17T23:30:28.172183+09:00
Jobsite Overage,,,failed,False,2026-08-27T21:48:38.041939+09:00
Jobsite Overdue,,,failed,False,2026-08-27T21:48:33.250783+09:00
Jobsite Panel,,,failed,False,2026-08-17T20:31:49.556843+09:00
Jobsite Pass,,,failed,False,2026-08-21T00:31:19.573899+09:00
Jobsite Path,,,failed,False,2026-08-17T21:31:17.550614+09:00
Jobsite Payoff,,,failed,False,2026-08-27T21:48:35.689301+09:00
Jobsite Penalty,,,failed,False,2026-08-23T16:39:10.446274+09:00
Jobsite Petition,,,failed,False,2026-08-21T01:06:12.457382+09:00
Jobsite Pilot,,,failed,False,2026-08-17T20:39:11.470645+09:00
Jobsite Plan,,,failed,False,2026-08-21T01:58:02.709797+09:00
Jobsite Planner,20.0,79.0,success,False,2026-08-17T23:30:14.406427+09:00
Jobsite Playbook,,,failed,False,2026-08-18T22:04:05.188286+09:00
Jobsite Point,,,failed,False,2026-08-17T21:30:08.257838+09:00
Jobsite Portal,,,failed,False,2026-08-17T20:34:02.071546+09:00
Jobsite Preview,,,failed,False,2026-08-28T01:01:42.257433+09:00
Jobsite Profile,10.0,,success,False,2026-08-19T13:30:39.417389+09:00
Jobsite Profit,,,failed,False,2026-08-23T02:52:56.566002+09:00
Jobsite Proposal,,,failed,False,2026-08-28T01:01:42.257433+09:00
Jobsite Pulse,,,failed,False,2026-08-17T21:33:28.260657+09:00
Jobsite Queue,,,failed,False,2026-08-19T21:04:06.353252+09:00
Jobsite Quota,,,failed,False,2026-08-21T00:32:15.885792+09:00
Jobsite Radar,,,failed,False,2026-08-17T20:37:18.091212+09:00
Jobsite Rail,,,failed,False,2026-08-17T21:36:10.133574+09:00
Jobsite Rate,,,failed,False,2026-08-19T20:46:58.036522+09:00
Jobsite Recap,,,failed,False,2026-08-21T01:06:25.514755+09:00
Jobsite Receipt,,,failed,False,2026-08-19T21:49:58.938963+09:00
Jobsite Recorder,,,failed,False,2026-08-27T23:36:40.825682+09:00
Jobsite Register,10.0,71.0,success,False,2026-08-17T23:31:38.790135+09:00
Jobsite Registry,,,failed,False,2026-08-18T22:04:47.341629+09:00
Jobsite Relay,,,failed,False,2026-08-17T20:36:18.497930+09:00
Jobsite Reminder,,,failed,False,2026-08-19T21:32:44.531306+09:00
Jobsite Report,,,failed,False,2026-08-19T13:28:43.746659+09:00
Jobsite Roadmap,,,failed,False,2026-08-18T22:05:35.647018+09:00
Jobsite Roster,,,failed,False,2026-08-19T00:37:39.570439+09:00
Jobsite Route,,,failed,False,2026-08-17T21:38:18.723173+09:00
Jobsite Rule,,,failed,False,2026-08-23T03:16:44.260724+09:00
Jobsite Sale,,,failed,False,2026-08-21T02:30:37.873895+09:00
Jobsite Scale,,,failed,False,2026-08-17T21:39:57.727763+09:00
Jobsite Scanner,,,failed,False,2026-08-27T23:59:02.052548+09:00
Jobsite Scheduler,,,failed,False,2026-08-17T23:11:21.548397+09:00
Jobsite Scope,,,failed,False,2026-08-17T21:36:38.708092+09:00
Jobsite Score,,,failed,False,2026-08-19T13:29:56.430090+09:00
Jobsite Sentry,50.0,63.0,success,False,2026-08-17T20:45:56.929111+09:00
Jobsite Sheet,,,failed,False,2026-08-19T13:29:29.454455+09:00
Jobsite Shortfall,,,failed,False,2026-08-27T21:48:42.861590+09:00
Jobsite Signal,,,failed,False,2026-08-17T21:39:09.779186+09:00
Jobsite Signature,,,failed,False,2026-08-23T13:27:22.703282+09:00
Jobsite Slip,,,failed,False,2026-08-19T21:50:54.613076+09:00
Jobsite Slot,,,failed,False,2026-08-19T21:51:16.066048+09:00
Jobsite Snapshot,,,failed,False,2026-08-18T22:04:27.693577+09:00
Jobsite Stake,,,failed,False,2026-08-23T02:53:02.917433+09:00
Jobsite Stamp,,,failed,False,2026-08-23T13:27:28.386352+09:00
Jobsite Statement,,,failed,False,2026-08-21T00:31:49.661501+09:00
Jobsite Station,,,failed,False,2026-08-17T20:37:49.257868+09:00
Jobsite Status,,,failed,False,2026-08-19T20:46:27.543041+09:00
Jobsite Stipend,,,failed,False,2026-08-23T13:47:02.952399+09:00
Jobsite Streak,,,failed,False,2026-08-28T00:49:13.140044+09:00
Jobsite Stub,,,failed,False,2026-08-21T00:31:41.208752+09:00
Jobsite Studio,,,failed,False,2026-08-17T20:39:33.830984+09:00
Jobsite Suite,,,failed,False,2026-08-17T23:09:46.743330+09:00
Jobsite Sum,,,failed,False,2026-08-21T02:30:24.474717+09:00
Jobsite Summary,,,failed,False,2026-08-19T21:32:39.944567+09:00
Jobsite Surtax,,,failed,False,2026-08-23T15:51:53.307481+09:00
Jobsite Sync,,,failed,False,2026-08-17T20:41:38.152103+09:00
Jobsite Tab,,,failed,False,2026-08-21T00:32:28.890378+09:00
Jobsite Table,260.0,100.0,success,False,2026-08-19T21:50:33.278837+09:00
Jobsite Tag,,,failed,False,2026-08-19T13:30:30.638587+09:00
Jobsite Tally,,,failed,False,2026-08-21T00:31:54.895534+09:00
Jobsite Tariff,,,failed,False,2026-08-21T02:37:05.084488+09:00
Jobsite Tax,,,failed,False,2026-08-21T02:14:10.459291+09:00
Jobsite Ticket,,,failed,False,2026-08-19T21:03:53.179213+09:00
Jobsite Timeline,,,failed,False,2026-08-19T21:32:42.554846+09:00
Jobsite Timer,,,failed,False,2026-08-28T00:27:31.291174+09:00
Jobsite Token,,,failed,False,2026-08-23T13:27:20.193084+09:00
Jobsite Toll,,,failed,False,2026-08-21T02:36:53.900229+09:00
Jobsite Toolbox,260.0,100.0,success,False,2026-08-28T00:27:37.736040+09:00
Jobsite Toolkit,,,failed,False,2026-08-18T22:03:55.697842+09:00
Jobsite Total,,,failed,False,2026-08-27T23:15:46.670229+09:00
Jobsite Tracker,10.0,43.0,success,False,2026-08-17T20:42:19.428112+09:00
Jobsite Trail,,,failed,False,2026-08-17T21:35:06.399475+09:00
Jobsite Trend,,,failed,False,2026-08-28T01:01:36.692864+09:00
Jobsite Trial,,,failed,False,2026-08-27T21:17:34.468079+09:00
Jobsite Unit,,,failed,False,2026-08-21T01:57:57.210014+09:00
Jobsite Update,,,failed,False,2026-08-19T20:47:03.354167+09:00
Jobsite Value,,,failed,False,2026-08-23T02:52:59.926815+09:00
Jobsite Vault,,,failed,False,2026-08-17T20:35:20.751202+09:00
Jobsite Version,,,failed,False,2026-08-23T03:16:31.986562+09:00
Jobsite View,,,failed,False,2026-08-19T20:46:33.393422+09:00
Jobsite Voucher,,,failed,False,2026-08-21T00:31:30.142352+09:00
Jobsite Watch,10.0,100.0,success,False,2026-08-17T21:37:46.877382+09:00
Jobsite Wave,,,failed,False,2026-08-17T21:32:28.090728+09:00
Jobsite Widget,,,failed,False,2026-08-27T23:15:46.670229+09:00
Jobsite Workbench,70.0,100.0,success,False,2026-08-18T22:03:44.456415+09:00
Jobsite Worksheet,,,failed,False,2026-08-27T22:13:01.149795+09:00
Jobsite Zone,,,failed,False,2026-08-17T20:34:53.035348+09:00
Kennel Advance,,,failed,False,2026-08-23T16:16:03.366904+09:00
Kennel Advisory,,,failed,False,2026-08-21T01:04:28.874460+09:00
Kennel Allowance,,,failed,False,2026-08-21T02:37:01.944995+09:00
Kennel Analyzer,,,failed,False,2026-08-27T23:52:54.402675+09:00
Kennel Announcement,,,failed,False,2026-08-27T23:32:42.762901+09:00
Kennel Arrears,,,failed,False,2026-08-23T16:16:00.073730+09:00
Kennel Asset,,,failed,False,2026-08-23T13:47:23.462533+09:00
Kennel Assistant,1900.0,4.0,success,False,2026-08-19T00:00:40.903706+09:00
Kennel Atlas,30.0,100.0,success,False,2026-08-19T00:00:08.120656+09:00
Kennel Attribute,,,failed,False,2026-08-23T13:06:44.617990+09:00
Kennel Badge,,,failed,False,2026-08-21T00:29:10.279905+09:00
Kennel Balance,,,failed,False,2026-08-23T13:47:18.876098+09:00
Kennel Base,90.0,99.0,success,False,2026-08-19T00:05:23.888896+09:00
Kennel Beacon,,,failed,False,2026-08-19T00:03:50.601023+09:00
Kennel Bill,,,failed,False,2026-08-19T22:05:19.679261+09:00
Kennel Board,480.0,26.0,success,False,2026-08-18T23:57:07.963291+09:00
Kennel Book,50.0,29.0,success,False,2026-08-19T22:06:07.056181+09:00
Kennel Bridge,40.0,1.0,success,False,2026-08-19T00:04:18.277485+09:00
Kennel Brief,,,failed,False,2026-08-21T01:04:15.866621+09:00
Kennel Bulletin,,,failed,False,2026-08-21T01:04:11.301899+09:00
Kennel Calculator,,,failed,False,2026-08-27T23:32:47.063702+09:00
Kennel Calendar,,,failed,False,2026-08-19T00:02:00.292816+09:00
Kennel Card,170.0,29.0,success,False,2026-08-19T13:39:57.462867+09:00
Kennel Cascade,,,failed,False,2026-08-19T00:04:07.444762+09:00
Kennel Cash,,,failed,False,2026-08-21T02:30:16.403499+09:00
Kennel Cashback,,,failed,False,2026-08-27T21:19:13.437251+09:00
Kennel Catalog,,,failed,False,2026-08-19T21:19:08.211207+09:00
Kennel Category,,,failed,False,2026-08-23T13:06:41.923671+09:00
Kennel Center,20.0,14.0,success,False,2026-08-18T23:58:07.902911+09:00
Kennel Chain,110.0,93.0,success,False,2026-08-18T23:59:27.223478+09:00
Kennel Charge,,,failed,False,2026-08-21T02:36:47.930212+09:00
Kennel Check,,,failed,False,2026-08-19T13:40:29.386715+09:00
Kennel Checker,,,failed,False,2026-08-27T23:52:42.913738+09:00
Kennel Checklist,10.0,54.0,success,False,2026-08-19T21:18:08.963564+09:00
Kennel Circular,,,failed,False,2026-08-21T01:04:22.356565+09:00
Kennel Code,,,failed,False,2026-08-19T22:05:38.259870+09:00
Kennel Companion,,,failed,False,2026-08-19T00:01:14.805570+09:00
Kennel Comparison,,,failed,False,2026-08-28T01:04:14.556573+09:00
Kennel Compass,,,failed,False,2026-08-19T00:03:43.919454+09:00
Kennel Confirmation,,,failed,False,2026-08-21T01:04:45.668721+09:00
Kennel Console,,,failed,False,2026-08-18T23:58:38.723569+09:00
Kennel Copayment,,,failed,False,2026-08-23T16:39:53.377709+09:00
Kennel Core,,,failed,False,2026-08-19T00:05:29.382308+09:00
Kennel Cost,880.0,37.0,success,False,2026-08-21T02:13:25.435180+09:00
Kennel Count,,,failed,False,2026-08-27T22:44:24.073756+09:00
Kennel Counter,,,failed,False,2026-08-19T00:02:45.246378+09:00
Kennel Coupon,,,failed,False,2026-08-27T21:19:11.248734+09:00
Kennel Deal,,,failed,False,2026-08-21T01:57:10.227780+09:00
Kennel Debt,,,failed,False,2026-08-21T02:30:08.779542+09:00
Kennel Deck,480.0,100.0,success,False,2026-08-18T23:57:18.728861+09:00
Kennel Depot,110.0,7.0,success,False,2026-08-19T00:02:30.122335+09:00
Kennel Desk,30.0,100.0,success,False,2026-08-19T00:03:16.369023+09:00
Kennel Detail,,,failed,False,2026-08-23T03:17:25.053866+09:00
Kennel Detector,,,failed,False,2026-08-27T23:52:49.352062+09:00
Kennel Diagram,10.0,0.0,success,False,2026-08-27T22:14:55.683786+09:00
Kennel Digest,,,failed,False,2026-08-19T20:42:46.732728+09:00
Kennel Directory,10.0,36.0,success,False,2026-08-19T00:02:09.626106+09:00
Kennel Discount,,,failed,False,2026-08-23T16:15:54.401659+09:00
Kennel Dossier,,,failed,False,2026-08-21T01:05:18.575555+09:00
Kennel Downpayment,,,failed,False,2026-08-27T21:50:13.120936+09:00
Kennel Draft,,,failed,False,2026-08-19T20:43:04.288794+09:00
Kennel Due,,,failed,False,2026-08-23T15:52:20.216125+09:00
Kennel Duty,20.0,1.0,success,False,2026-08-21T02:36:50.213443+09:00
Kennel Engine,40.0,0.0,success,False,2026-08-19T00:00:34.964613+09:00
Kennel Entry,,,failed,False,2026-08-21T01:05:09.510273+09:00
Kennel Estimate,,,failed,False,2026-08-19T21:18:56.938365+09:00
Kennel Estimator,,,failed,False,2026-08-27T23:52:37.462117+09:00
Kennel Excerpt,,,failed,False,2026-08-21T01:05:06.601547+09:00
Kennel Extension,10.0,82.0,success,False,2026-08-23T16:39:55.880493+09:00
Kennel Fare,,,failed,False,2026-08-21T02:13:34.693364+09:00
Kennel Fee,90.0,19.0,success,False,2026-08-21T01:56:55.992066+09:00
Kennel Feed,,,failed,False,2026-08-19T20:42:59.296448+09:00
Kennel Field,70.0,3.0,success,False,2026-08-23T13:06:49.264367+09:00
Kennel File,,,failed,False,2026-08-19T20:42:21.972075+09:00
Kennel Finder,10.0,50.0,success,False,2026-08-19T00:02:24.547164+09:00
Kennel Fine,,,failed,False,2026-08-23T02:53:19.802959+09:00
Kennel Flag,,,failed,False,2026-08-21T00:30:01.129618+09:00
Kennel Flow,,,failed,False,2026-08-19T00:03:01.180289+09:00
Kennel Forge,,,failed,False,2026-08-19T00:04:01.106556+09:00
Kennel Form,,,failed,False,2026-08-19T13:39:49.486851+09:00
Kennel Format,,,failed,False,2026-08-23T13:06:51.579478+09:00
Kennel Frame,10.0,74.0,success,False,2026-08-19T00:05:18.968119+09:00
Kennel Fund,,,failed,False,2026-08-21T02:30:12.359355+09:00
Kennel Gate,390.0,100.0,success,False,2026-08-18T23:59:47.446594+09:00
Kennel Giveaway,,,failed,False,2026-08-27T21:19:20.192831+09:00
Kennel Grade,,,failed,False,2026-08-21T00:29:39.530878+09:00
Kennel Grid,,,failed,False,2026-08-19T00:04:50.750995+09:00
Kennel Guardian,,,failed,False,2026-08-28T00:23:05.201958+09:00
Kennel Helpdesk,,,failed,False,2026-08-27T22:44:27.817073+09:00
Kennel Helper,40.0,6.0,success,False,2026-08-28T00:23:11.653599+09:00
Kennel History,,,failed,False,2026-08-19T20:42:14.870990+09:00
Kennel Hotline,,,failed,False,2026-08-19T21:19:21.338240+09:00
Kennel Hub,,,failed,False,2026-08-19T00:03:06.405993+09:00
Kennel Identifier,,,failed,False,2026-08-23T13:06:38.895978+09:00
Kennel Incentive,,,failed,False,2026-08-27T21:19:20.192831+09:00
Kennel Index,,,failed,False,2026-08-19T21:18:19.882315+09:00
Kennel Installment,,,failed,False,2026-08-23T16:15:57.304809+09:00
Kennel Interest,,,failed,False,2026-08-23T13:47:23.462533+09:00
Kennel Item,,,failed,False,2026-08-21T01:56:59.891240+09:00
Kennel Journal,50.0,0.0,success,False,2026-08-19T00:01:43.287513+09:00
Kennel Keeper,90.0,0.0,success,False,2026-08-19T00:00:16.279363+09:00
Kennel Kit,50.0,100.0,success,False,2026-08-27T22:44:19.444390+09:00
Kennel Lab,1600.0,72.0,success,False,2026-08-18T23:57:39.317157+09:00
Kennel Label,,,failed,False,2026-08-27T22:14:41.092865+09:00
Kennel Layout,20.0,3.0,success,False,2026-08-27T22:29:33.709708+09:00
Kennel Ledger,,,failed,False,2026-08-19T00:05:33.402476+09:00
Kennel Level,,,failed,False,2026-08-19T20:42:27.783446+09:00
Kennel Levy,,,failed,False,2026-08-23T13:47:27.498118+09:00
Kennel Link,140.0,13.0,success,False,2026-08-23T03:17:17.631472+09:00
Kennel List,,,failed,False,2026-08-19T22:05:48.495667+09:00
Kennel Loan,,,failed,False,2026-08-21T02:13:43.743607+09:00
Kennel Locator,10.0,,success,False,2026-08-19T00:02:15.189621+09:00
Kennel Log,30.0,1.0,success,False,2026-08-19T13:39:34.156572+09:00
Kennel Loop,,,failed,False,2026-08-19T00:04:42.603293+09:00
Kennel Manager,480.0,8.0,success,False,2026-08-19T00:00:25.348270+09:00
Kennel Manual,,,failed,False,2026-08-27T22:14:45.094035+09:00
Kennel Map,,,failed,False,2026-08-19T00:05:13.902876+09:00
Kennel Markup,,,failed,False,2026-08-23T16:39:53.377709+09:00
Kennel Memo,,,failed,False,2026-08-21T00:29:47.975164+09:00
Kennel Message,,,failed,False,2026-08-27T23:10:19.958354+09:00
Kennel Monitor,,,failed,False,2026-08-19T00:01:04.506360+09:00
Kennel Nexus,,,failed,False,2026-08-18T23:59:57.747609+09:00
Kennel Note,,,failed,False,2026-08-19T13:41:02.359276+09:00
Kennel Notification,,,failed,False,2026-08-27T22:44:16.144123+09:00
Kennel Number,,,failed,False,2026-08-23T03:17:04.760167+09:00
Kennel Office,,,failed,False,2026-08-19T00:02:39.195734+09:00
Kennel Ops,,,failed,False,2026-08-19T00:01:30.427864+09:00
Kennel Order,10.0,0.0,success,False,2026-08-19T22:05:04.840486+09:00
Kennel Overage,,,failed,False,2026-08-27T21:50:10.340173+09:00
Kennel Overdue,,,failed,False,2026-08-27T21:50:04.473862+09:00
Kennel Panel,5400.0,100.0,success,False,2026-08-18T23:58:46.816942+09:00
Kennel Pass,,,failed,False,2026-08-21T00:28:56.685784+09:00
Kennel Path,,,failed,False,2026-08-19T00:05:01.988375+09:00
Kennel Payoff,,,failed,False,2026-08-27T21:50:06.831063+09:00
Kennel Penalty,,,failed,False,2026-08-23T16:39:50.503833+09:00
Kennel Petition,,,failed,False,2026-08-21T01:05:11.632109+09:00
Kennel Plan,50.0,87.0,success,False,2026-08-21T01:57:06.498210+09:00
Kennel Planner,,,failed,False,2026-08-19T00:00:51.306672+09:00
Kennel Playbook,,,failed,False,2026-08-19T00:01:37.572111+09:00
Kennel Point,,,failed,False,2026-08-19T00:05:07.956398+09:00
Kennel Portal,,,failed,False,2026-08-18T23:58:29.314698+09:00
Kennel Preview,,,failed,False,2026-08-28T01:04:14.556573+09:00
Kennel Profile,,,failed,False,2026-08-19T13:41:43.922175+09:00
Kennel Profit,,,failed,False,2026-08-23T02:53:06.849591+09:00
Kennel Proposal,,,failed,False,2026-08-28T01:04:19.597729+09:00
Kennel Queue,,,failed,False,2026-08-19T21:18:42.622010+09:00
Kennel Quota,,,failed,False,2026-08-21T00:29:53.018137+09:00
Kennel Radar,,,failed,False,2026-08-19T00:03:23.645450+09:00
Kennel Rail,,,failed,False,2026-08-18T23:59:11.751475+09:00
Kennel Rate,,,failed,False,2026-08-19T20:42:32.517249+09:00
Kennel Recap,,,failed,False,2026-08-21T01:05:02.312819+09:00
Kennel Receipt,,,failed,False,2026-08-19T22:05:28.406409+09:00
Kennel Recorder,,,failed,False,2026-08-27T23:32:54.562632+09:00
Kennel Register,140.0,3.0,success,False,2026-08-19T00:01:24.646371+09:00
Kennel Registry,,,failed,False,2026-08-19T00:01:53.326080+09:00
Kennel Relay,,,failed,False,2026-08-19T00:03:29.017691+09:00
Kennel Reminder,,,failed,False,2026-08-19T21:17:59.528469+09:00
Kennel Report,,,failed,False,2026-08-19T13:39:18.013288+09:00
Kennel Ring,,,failed,False,2026-08-18T23:59:36.900086+09:00
Kennel Roster,,,failed,False,2026-08-19T00:38:05.344215+09:00
Kennel Route,,,failed,False,2026-08-18T23:59:02.629298+09:00
Kennel Rule,,,failed,False,2026-08-23T03:17:21.558443+09:00
Kennel Sale,1600.0,100.0,success,False,2026-08-21T02:30:21.260254+09:00
Kennel Sample,,,failed,False,2026-08-19T22:06:28.711407+09:00
Kennel Scale,,,failed,False,2026-08-18T23:58:54.171473+09:00
Kennel Scanner,,,failed,False,2026-08-27T23:52:45.278124+09:00
Kennel Scheduler,,,failed,False,2026-08-19T00:00:59.808882+09:00
Kennel Scope,,,failed,False,2026-08-19T00:04:38.069566+09:00
Kennel Score,,,failed,False,2026-08-19T13:40:47.127510+09:00
Kennel Sheet,,,failed,False,2026-08-19T13:40:14.970348+09:00
Kennel Shortfall,,,failed,False,2026-08-27T21:50:15.580858+09:00
Kennel Signal,,,failed,False,2026-08-19T00:04:23.577898+09:00
Kennel Slip,,,failed,False,2026-08-19T22:06:18.009667+09:00
Kennel Slot,,,failed,False,2026-08-19T22:06:38.426353+09:00
Kennel Stake,,,failed,False,2026-08-23T02:53:14.872547+09:00
Kennel Statement,,,failed,False,2026-08-21T00:29:24.926650+09:00
Kennel Station,10.0,,success,False,2026-08-18T23:57:49.004373+09:00
Kennel Status,,,failed,False,2026-08-19T20:41:59.995024+09:00
Kennel Stub,,,failed,False,2026-08-21T00:29:18.901587+09:00
Kennel Studio,50.0,0.0,success,False,2026-08-18T23:57:28.259874+09:00
Kennel Sum,,,failed,False,2026-08-21T02:30:05.549953+09:00
Kennel Summary,,,failed,False,2026-08-19T21:17:45.288805+09:00
Kennel Tab,,,failed,False,2026-08-21T00:30:08.282339+09:00
Kennel Table,320.0,100.0,success,False,2026-08-19T22:05:58.265751+09:00
Kennel Tag,90.0,58.0,success,False,2026-08-19T13:41:26.637679+09:00
Kennel Tally,,,failed,False,2026-08-21T00:29:32.816021+09:00
Kennel Tariff,,,failed,False,2026-08-21T02:37:05.084488+09:00
Kennel Tax,50.0,1.0,success,False,2026-08-21T02:13:39.971656+09:00
Kennel Terminal,,,failed,False,2026-08-18T23:57:58.396596+09:00
Kennel Ticket,,,failed,False,2026-08-19T21:18:32.816387+09:00
Kennel Tier,,,failed,False,2026-08-28T00:47:00.263771+09:00
Kennel Timeline,,,failed,False,2026-08-19T21:17:51.663250+09:00
Kennel Timer,,,failed,False,2026-08-28T00:23:02.722044+09:00
Kennel Toll,,,failed,False,2026-08-21T02:36:58.611410+09:00
Kennel Toolbox,10.0,67.0,success,False,2026-08-28T00:23:08.180984+09:00
Kennel Total,,,failed,False,2026-08-27T23:10:24.868971+09:00
Kennel Tracker,,,failed,False,2026-08-19T00:02:56.248931+09:00
Kennel Trail,,,failed,False,2026-08-18T23:59:20.806892+09:00
Kennel Trial,,,failed,False,2026-08-27T21:19:13.437251+09:00
Kennel Unit,,,failed,False,2026-08-21T01:57:02.115497+09:00
Kennel Update,,,failed,False,2026-08-19T20:42:39.884460+09:00
Kennel Value,,,failed,False,2026-08-23T02:53:11.692862+09:00
Kennel Vault,,,failed,False,2026-08-19T00:03:34.698010+09:00
Kennel Version,,,failed,False,2026-08-23T03:17:09.077548+09:00
Kennel View,,,failed,False,2026-08-19T20:42:06.894940+09:00
Kennel Voucher,,,failed,False,2026-08-21T00:29:05.314041+09:00
Kennel Watch,20.0,83.0,success,False,2026-08-19T00:04:33.745752+09:00
Kennel Wave,,,failed,False,2026-08-19T00:04:56.559247+09:00
Kennel Widget,,,failed,False,2026-08-27T23:10:24.868971+09:00
Kennel Worksheet,,,failed,False,2026-08-27T22:14:48.502479+09:00
Kennel Zone,10.0,1.0,success,False,2026-08-18T23:58:19.517114+09:00
Key Advance,90.0,11.0,success,False,2026-08-23T16:14:15.763731+09:00
Key Alert,50.0,11.0,success,False,2026-08-21T00:06:48.646021+09:00
Key Allowance,20.0,0.0,success,False,2026-08-21T02:41:32.223715+09:00
Key Analyzer,1000.0,3.0,success,False,2026-08-27T23:51:54.683905+09:00
Key Announcement,,,failed,False,2026-08-27T23:31:33.268301+09:00
Key Arrears,,,failed,False,2026-08-23T16:14:11.722628+09:00
Key Asset,2400.0,3.0,success,False,2026-08-23T13:46:12.042463+09:00
Key Atlas,20.0,1.0,success,False,2026-08-21T00:11:53.848385+09:00
Key Attribute,1300.0,0.0,success,True,2026-08-23T13:09:55.014275+09:00
Key Badge,210.0,40.0,success,False,2026-08-21T00:25:47.755507+09:00
Key Balance,390.0,10.0,success,False,2026-08-23T13:46:02.473862+09:00
Key Base,6600.0,0.0,success,True,2026-08-21T00:10:37.172281+09:00
Key Bay,1600.0,4.0,success,False,2026-08-21T00:06:22.845965+09:00
Key Beacon,10.0,0.0,success,False,2026-08-21T00:09:53.180945+09:00
Key Bill,70.0,1.0,success,False,2026-08-21T00:08:47.899784+09:00
Key Board,2240000.0,95.0,success,False,2026-08-21T00:10:46.000113+09:00
Key Book,2400.0,4.0,success,False,2026-08-21T00:09:06.463923+09:00
Key Booth,30.0,16.0,success,False,2026-08-21T00:06:10.990572+09:00
Key Bridge,12100.0,1.0,success,False,2026-08-21T00:10:04.105660+09:00
Key Brief,,,failed,False,2026-08-21T01:01:25.263035+09:00
Key Bulletin,,,failed,False,2026-08-21T01:01:20.027256+09:00
Key Cabinet,8100.0,100.0,success,False,2026-08-27T23:16:41.409509+09:00
Key Calendar,390.0,0.0,success,False,2026-08-21T00:05:49.318712+09:00
Key Card,27100.0,11.0,success,False,2026-08-21T00:07:19.615144+09:00
Key Cascade,,,failed,False,2026-08-21T00:10:01.982446+09:00
Key Cash,1300.0,9.0,success,False,2026-08-21T02:24:27.084847+09:00
Key Cashback,,,failed,False,2026-08-27T21:17:26.157906+09:00
Key Category,70.0,0.0,success,False,2026-08-23T13:09:53.012547+09:00
Key Center,12100.0,5.0,success,False,2026-08-21T00:11:07.276592+09:00
Key Charge,90.0,7.0,success,False,2026-08-21T02:41:21.123178+09:00
Key Chart,1900.0,11.0,success,False,2026-08-21T00:06:52.239933+09:00
Key Check,9900.0,6.0,success,False,2026-08-21T00:07:26.703840+09:00
Key Checker,9900.0,6.0,success,False,2026-08-27T23:51:51.958622+09:00
Key Code,18100.0,5.0,success,False,2026-08-21T00:08:53.382830+09:00
Key Companion,,,failed,False,2026-08-21T00:05:29.824761+09:00
Key Confirmation,10.0,5.0,success,False,2026-08-21T01:01:39.197827+09:00
Key Console,50.0,11.0,success,False,2026-08-21T00:11:15.329507+09:00
Key Contribution,590.0,0.0,success,False,2026-08-23T16:14:08.408734+09:00
Key Core,1300.0,20.0,success,False,2026-08-21T00:10:39.439345+09:00
Key Cost,320.0,58.0,success,False,2026-08-21T02:07:16.373051+09:00
Key Count,1300.0,2.0,success,False,2026-08-27T22:50:57.800091+09:00
Key Counter,1300.0,2.0,success,False,2026-08-21T00:06:05.500178+09:00
Key Coupon,30.0,2.0,success,False,2026-08-27T21:17:23.968001+09:00
Key Deal,260.0,20.0,success,False,2026-08-21T01:59:50.051478+09:00
Key Debt,10.0,20.0,success,False,2026-08-21T02:24:14.838617+09:00
Key Deck,110.0,42.0,success,False,2026-08-21T00:10:48.719546+09:00
Key Desk,590.0,3.0,success,False,2026-08-21T00:09:33.821521+09:00
Key Detail,3600.0,0.0,success,True,2026-08-23T03:22:48.132111+09:00
Key Diagram,720.0,0.0,success,False,2026-08-27T22:13:01.149795+09:00
Key Directory,40.0,0.0,success,False,2026-08-21T00:05:53.181576+09:00
Key Discount,260.0,46.0,success,False,2026-08-23T16:14:01.846183+09:00
Key Dossier,,,failed,False,2026-08-21T01:01:44.513558+09:00
Key Downpayment,,,failed,False,2026-08-27T21:48:40.249889+09:00
Key Draft,10.0,2.0,success,False,2026-08-21T00:08:19.938205+09:00
Key Due,,,failed,False,2026-08-23T15:51:22.397294+09:00
Key Duty,140.0,0.0,success,False,2026-08-21T02:41:24.321159+09:00
Key Engine,390.0,3.0,success,False,2026-08-21T00:12:04.000178+09:00
Key Entry,9900.0,9.0,success,False,2026-08-21T01:02:00.042656+09:00
Key Estimate,,,failed,False,2026-08-21T00:08:43.301972+09:00
Key Estimator,,,failed,False,2026-08-27T23:51:48.203996+09:00
Key Excerpt,,,failed,False,2026-08-21T01:02:52.646086+09:00
Key Fare,,,failed,False,2026-08-21T02:07:24.034599+09:00
Key Fee,70.0,11.0,success,False,2026-08-21T01:59:37.170622+09:00
Key Feed,70.0,6.0,success,False,2026-08-21T00:08:16.662845+09:00
Key Field,1300.0,0.0,success,True,2026-08-23T13:09:58.883939+09:00
Key File,4400.0,3.0,success,False,2026-08-21T00:07:59.311862+09:00
Key Fine,70.0,82.0,success,False,2026-08-23T02:56:43.732981+09:00
Key Flag,210.0,21.0,success,False,2026-08-21T00:26:25.580219+09:00
Key Flow,320.0,14.0,success,False,2026-08-21T00:09:23.484193+09:00
Key Forge,590.0,35.0,success,False,2026-08-21T00:09:56.547234+09:00
Key Form,720.0,33.0,success,False,2026-08-21T00:07:16.411531+09:00
Key Frame,5400.0,1.0,success,False,2026-08-21T00:10:34.597077+09:00
Key Fund,720.0,1.0,success,False,2026-08-21T02:24:23.153426+09:00
Key Gate,1300.0,4.0,success,False,2026-08-21T00:11:44.764762+09:00
Key Giveaway,260.0,1.0,success,False,2026-08-27T21:17:31.626510+09:00
Key Grade,,,failed,False,2026-08-21T00:26:10.737162+09:00
Key Grid,70.0,0.0,success,False,2026-08-21T00:10:14.810334+09:00
Key Guardian,720.0,0.0,success,False,2026-08-28T00:22:26.191039+09:00
Key Harbor,320.0,10.0,success,False,2026-08-21T00:06:33.457247+09:00
Key Helpdesk,,,failed,False,2026-08-27T22:51:00.093213+09:00
Key Helper,1600.0,5.0,success,False,2026-08-28T00:22:31.262546+09:00
Key History,210.0,0.0,success,False,2026-08-21T00:07:55.712848+09:00
Key Hub,880.0,5.0,success,False,2026-08-21T00:09:30.468859+09:00
Key Identifier,2900.0,75.0,success,False,2026-08-23T13:09:46.403136+09:00
Key Inbox,70.0,0.0,success,False,2026-08-21T00:06:45.845117+09:00
Key Incentive,20.0,0.0,success,False,2026-08-27T21:17:31.626510+09:00
Key Index,590.0,0.0,success,False,2026-08-21T00:08:32.112101+09:00
Key Installment,,,failed,False,2026-08-23T16:14:05.017306+09:00
Key Item,720.0,0.0,success,False,2026-08-21T01:59:39.898712+09:00
Key Journal,90.0,21.0,success,False,2026-08-21T00:05:42.702163+09:00
Key Keeper,2400.0,100.0,success,False,2026-08-21T00:11:58.658369+09:00
Key Kit,590.0,66.0,success,False,2026-08-27T22:50:55.041515+09:00
Key Lab,3600.0,65.0,success,False,2026-08-21T00:10:55.494824+09:00
Key Label,3600.0,100.0,success,False,2026-08-27T22:12:52.289733+09:00
Key Ledger,110.0,83.0,success,False,2026-08-21T00:10:41.968767+09:00
Key Level,1000.0,7.0,success,False,2026-08-21T00:08:03.129328+09:00
Key Levy,10.0,0.0,success,False,2026-08-23T13:46:12.042463+09:00
Key Line,12100.0,5.0,success,False,2026-08-21T00:07:02.641295+09:00
Key Link,6600.0,15.0,success,False,2026-08-23T03:22:42.501986+09:00
Key List,590.0,4.0,success,False,2026-08-21T00:08:56.538180+09:00
Key Loan,320.0,25.0,success,False,2026-08-21T02:07:37.270032+09:00
Key Lobby,,,failed,False,2026-08-21T00:06:57.541230+09:00
Key Locator,880.0,100.0,success,False,2026-08-21T00:05:56.272120+09:00
Key Locker,12100.0,100.0,success,False,2026-08-21T00:06:08.424463+09:00
Key Log,1900.0,6.0,success,False,2026-08-21T00:07:13.344965+09:00
Key Loop,9900.0,34.0,success,False,2026-08-21T00:10:12.835483+09:00
Key Manager,3600.0,4.0,success,False,2026-08-21T00:12:01.439565+09:00
Key Manual,110.0,0.0,success,False,2026-08-27T22:12:55.481525+09:00
Key Map,22200.0,3.0,success,False,2026-08-21T00:10:31.102119+09:00
Key Margin,,,failed,False,2026-08-23T02:56:41.108127+09:00
Key Marker,880.0,100.0,success,False,2026-08-23T13:26:32.402839+09:00
Key Markup,,,failed,False,2026-08-23T16:38:57.916604+09:00
Key Memo,20.0,1.0,success,False,2026-08-21T00:26:15.934316+09:00
Key Message,5400.0,1.0,success,False,2026-08-27T23:16:37.182537+09:00
Key Monitor,110.0,10.0,success,False,2026-08-21T00:05:26.838977+09:00
Key Nexus,50.0,0.0,success,False,2026-08-21T00:11:47.014910+09:00
Key Notification,30.0,0.0,success,False,2026-08-27T22:50:55.041515+09:00
Key Number,1600.0,3.0,success,False,2026-08-23T03:22:34.004366+09:00
Key Office,4400.0,100.0,success,False,2026-08-21T00:06:02.924923+09:00
Key Ops,480.0,2.0,success,False,2026-08-21T00:05:36.511484+09:00
Key Order,320.0,22.0,success,False,2026-08-21T00:08:45.670716+09:00
Key Outpost,70.0,0.0,success,False,2026-08-21T00:06:28.229778+09:00
Key Overage,,,failed,False,2026-08-27T21:48:38.041939+09:00
Key Overdue,,,failed,False,2026-08-27T21:48:33.250783+09:00
Key Panel,880.0,17.0,success,False,2026-08-21T00:11:18.069642+09:00
Key Pass,6600.0,6.0,success,False,2026-08-21T00:25:35.006393+09:00
Key Passport,20.0,0.0,success,False,2026-08-21T00:06:55.425363+09:00
Key Path,2400.0,1.0,success,False,2026-08-21T00:10:20.448306+09:00
Key Payoff,,,failed,False,2026-08-27T21:48:35.689301+09:00
Key Penalty,,,failed,False,2026-08-23T16:38:57.916604+09:00
Key Petition,,,failed,False,2026-08-21T01:01:35.076961+09:00
Key Plan,6600.0,3.0,success,False,2026-08-21T01:59:47.241476+09:00
Key Planner,6600.0,3.0,success,False,2026-08-19T23:13:53.160538+09:00
Key Playbook,,,failed,False,2026-08-21T00:05:39.660885+09:00
Key Plaza,1300.0,3.0,success,False,2026-08-21T00:06:31.070365+09:00
Key Point,27100.0,2.0,success,False,2026-08-21T00:10:23.316441+09:00
Key Portal,1600.0,27.0,success,False,2026-08-21T00:11:12.755377+09:00
Key Post,480.0,3.0,success,False,2026-08-21T00:06:26.162440+09:00
Key Profile,480.0,2.0,success,False,2026-08-21T00:07:41.757493+09:00
Key Profit,480.0,1.0,success,False,2026-08-23T02:56:32.879910+09:00
Key Quota,,,failed,False,2026-08-21T00:26:21.311990+09:00
Key Radar,170.0,8.0,success,False,2026-08-21T00:09:36.388404+09:00
Key Rail,210.0,100.0,success,False,2026-08-21T00:11:31.112963+09:00
Key Rate,480.0,0.0,success,False,2026-08-21T00:08:06.282154+09:00
Key Recap,,,failed,False,2026-08-21T01:01:47.037702+09:00
Key Receipt,70.0,1.0,success,False,2026-08-21T00:08:50.298724+09:00
Key Recorder,1300.0,11.0,success,False,2026-08-27T23:31:46.551451+09:00
Key Redemption,480.0,1.0,success,False,2026-08-23T16:39:00.201041+09:00
Key Register,1600.0,7.0,success,False,2026-08-21T00:05:32.052210+09:00
Key Relay,110.0,20.0,success,False,2026-08-21T00:09:38.850867+09:00
Key Reminder,320.0,25.0,success,False,2026-08-21T00:08:29.674648+09:00
Key Report,1300.0,0.0,success,True,2026-08-21T00:07:10.102459+09:00
Key Ring,74000.0,100.0,success,False,2026-08-21T00:11:41.126262+09:00
Key Roll,390.0,10.0,success,False,2026-08-21T00:07:07.636475+09:00
Key Roster,20.0,0.0,success,False,2026-08-21T00:06:41.845552+09:00
Key Route,170.0,0.0,success,False,2026-08-21T00:11:27.452285+09:00
Key Rule,320.0,0.0,success,False,2026-08-23T03:22:45.099275+09:00
Key Sale,480.0,8.0,success,False,2026-08-21T02:24:33.883948+09:00
Key Sample,170.0,3.0,success,False,2026-08-21T00:09:11.987938+09:00
Key Scale,1900.0,3.0,success,False,2026-08-21T00:11:21.339663+09:00
Key Scheduler,,,failed,False,2026-08-21T00:05:21.567045+09:00
Key Schematic,,,failed,False,2026-08-27T22:29:16.006701+09:00
Key Scope,50.0,0.0,success,False,2026-08-21T00:10:10.668873+09:00
Key Score,70.0,0.0,success,False,2026-08-21T00:07:30.087170+09:00
Key Serial,1300.0,1.0,success,False,2026-08-23T13:26:25.215433+09:00
Key Sheet,1600.0,0.0,success,True,2026-08-21T00:07:23.788027+09:00
Key Shelf,1300.0,100.0,success,False,2026-08-21T00:06:39.076451+09:00
Key Shortfall,,,failed,False,2026-08-27T21:48:42.861590+09:00
Key Signal,1600.0,18.0,success,False,2026-08-21T00:10:06.230079+09:00
Key Signature,40500.0,7.0,success,False,2026-08-23T13:26:30.213560+09:00
Key Slip,50.0,26.0,success,False,2026-08-21T00:09:09.007645+09:00
Key Slot,1900.0,6.0,success,False,2026-08-21T00:09:15.337380+09:00
Key Stake,170.0,81.0,success,False,2026-08-23T02:56:38.023044+09:00
Key Stamp,320.0,96.0,success,False,2026-08-23T13:26:35.864064+09:00
Key Statement,110.0,0.0,success,False,2026-08-21T00:26:00.566845+09:00
Key Station,1300.0,25.0,success,False,2026-08-21T00:11:01.156571+09:00
Key Status,140.0,0.0,success,False,2026-08-21T00:07:44.849905+09:00
Key Stub,20.0,0.0,success,False,2026-08-21T00:25:54.977191+09:00
Key Studio,3600.0,13.0,success,False,2026-08-21T00:10:51.522547+09:00
Key Subsidy,,,failed,False,2026-08-23T15:51:22.397294+09:00
Key Sum,,,failed,False,2026-08-21T02:24:12.217966+09:00
Key Summary,170.0,0.0,success,False,2026-08-21T00:08:22.856324+09:00
Key Surtax,,,failed,False,2026-08-23T15:51:26.748439+09:00
Key Table,1300.0,100.0,success,False,2026-08-21T00:09:00.299581+09:00
Key Tag,22200.0,100.0,success,False,2026-08-21T00:07:38.957051+09:00
Key Tally,1000.0,2.0,success,False,2026-08-21T00:26:05.533599+09:00
Key Tariff,,,failed,False,2026-08-21T02:41:35.267281+09:00
Key Tax,320.0,4.0,success,False,2026-08-21T02:07:34.217644+09:00
Key Terminal,210.0,0.0,success,False,2026-08-21T00:11:04.008018+09:00
Key Ticker,390.0,1.0,success,False,2026-08-21T00:06:59.654665+09:00
Key Ticket,140.0,11.0,success,False,2026-08-21T00:08:35.535549+09:00
Key Tier,10.0,0.0,success,False,2026-08-28T00:46:39.262631+09:00
Key Timeline,70.0,0.0,success,False,2026-08-21T00:08:26.557259+09:00
Key Timer,30.0,22.0,success,False,2026-08-28T00:22:23.551401+09:00
Key Token,320.0,4.0,success,False,2026-08-23T13:26:27.447056+09:00
Key Toll,10.0,0.0,success,False,2026-08-21T02:41:28.147668+09:00
Key Toolbox,,,failed,False,2026-08-28T00:22:28.798439+09:00
Key Total,50.0,39.0,success,False,2026-08-27T23:16:37.182537+09:00
Key Tower,6600.0,6.0,success,False,2026-08-21T00:06:35.659041+09:00
Key Tracker,8100.0,95.0,success,False,2026-08-21T00:09:19.692750+09:00
Key Trail,30.0,1.0,success,False,2026-08-21T00:11:33.849438+09:00
Key Trial,70.0,0.0,success,False,2026-08-27T21:17:29.346524+09:00
Key Unit,140.0,53.0,success,False,2026-08-21T01:59:42.509744+09:00
Key Update,140.0,0.0,success,False,2026-08-21T00:08:09.199254+09:00
Key Value,5400.0,0.0,success,True,2026-08-23T02:56:35.195472+09:00
Key Version,50.0,0.0,success,False,2026-08-23T03:22:39.014022+09:00
Key View,22200.0,12.0,success,False,2026-08-21T00:07:51.744677+09:00
Key Voucher,20.0,6.0,success,False,2026-08-21T00:25:40.973918+09:00
Key Watch,1600.0,90.0,success,False,2026-08-21T00:10:08.386733+09:00
Key Wave,260.0,7.0,success,False,2026-08-21T00:10:17.224400+09:00
Key Widget,10.0,0.0,success,False,2026-08-27T23:16:41.409509+09:00
Key Window,2900.0,84.0,success,False,2026-08-21T00:07:05.249232+09:00
Key Worksheet,50.0,0.0,success,False,2026-08-27T22:13:01.149795+09:00
Key Yard,40.0,20.0,success,False,2026-08-21T00:06:19.535864+09:00
Key Zone,1000.0,45.0,success,False,2026-08-21T00:11:09.626115+09:00
Keyless Advance,,,failed,False,2026-08-23T16:16:03.366904+09:00
Keyless Advisory,,,failed,False,2026-08-21T01:06:07.369655+09:00
Keyless Alert,,,failed,False,2026-08-19T21:15:33.096576+09:00
Keyless Allowance,,,failed,False,2026-08-21T02:44:16.067023+09:00
Keyless Analyzer,,,failed,False,2026-08-27T23:54:27.974840+09:00
Keyless Arrears,,,failed,False,2026-08-23T16:16:03.366904+09:00
Keyless Assistant,,,failed,False,2026-08-19T21:10:11.430001+09:00
Keyless Atlas,,,failed,False,2026-08-19T21:09:18.934477+09:00
Keyless Attribute,,,failed,False,2026-08-23T13:06:10.168774+09:00
Keyless Badge,,,failed,False,2026-08-21T00:30:17.662990+09:00
Keyless Base,,,failed,False,2026-08-19T21:05:15.949286+09:00
Keyless Beacon,,,failed,False,2026-08-19T21:31:07.393138+09:00
Keyless Bill,,,failed,False,2026-08-19T22:05:01.387918+09:00
Keyless Bin,,,failed,False,2026-08-19T21:15:56.084621+09:00
Keyless Board,,,failed,False,2026-08-19T21:05:57.473217+09:00
Keyless Book,,,failed,False,2026-08-19T22:05:51.290848+09:00
Keyless Bridge,,,failed,False,2026-08-19T21:31:27.001536+09:00
Keyless Brief,,,failed,False,2026-08-21T01:05:55.165491+09:00
Keyless Bulletin,,,failed,False,2026-08-21T01:05:46.512536+09:00
Keyless Calendar,,,failed,False,2026-08-19T21:12:02.105513+09:00
Keyless Card,27100.0,11.0,success,False,2026-08-19T21:17:47.761016+09:00
Keyless Cascade,,,failed,False,2026-08-19T21:31:21.634231+09:00
Keyless Cash,,,failed,False,2026-08-21T02:27:53.442278+09:00
Keyless Cashback,,,failed,False,2026-08-27T21:19:31.239406+09:00
Keyless Category,,,failed,False,2026-08-23T13:06:07.907385+09:00
Keyless Center,,,failed,False,2026-08-19T21:06:57.837919+09:00
Keyless Chain,,,failed,False,2026-08-19T21:08:31.191170+09:00
Keyless Charge,,,failed,False,2026-08-21T02:44:07.576254+09:00
Keyless Chart,,,failed,False,2026-08-19T21:15:46.366866+09:00
Keyless Check,10.0,0.0,success,False,2026-08-19T21:18:03.656517+09:00
Keyless Checker,,,failed,False,2026-08-27T23:54:23.137775+09:00
Keyless Circular,,,failed,False,2026-08-21T01:06:03.967646+09:00
Keyless Code,90.0,41.0,success,False,2026-08-19T22:05:22.514727+09:00
Keyless Companion,,,failed,False,2026-08-19T21:10:55.875332+09:00
Keyless Compass,,,failed,False,2026-08-19T21:30:59.491804+09:00
Keyless Confirmation,,,failed,False,2026-08-21T01:06:13.819084+09:00
Keyless Console,,,failed,False,2026-08-19T21:07:31.125995+09:00
Keyless Core,,,failed,False,2026-08-19T21:05:30.373866+09:00
Keyless Cost,,,failed,False,2026-08-21T02:10:51.896971+09:00
Keyless Count,,,failed,False,2026-08-27T22:45:23.426349+09:00
Keyless Counter,,,failed,False,2026-08-19T21:12:55.345811+09:00
Keyless Coupon,,,failed,False,2026-08-27T21:19:28.438229+09:00
Keyless Deal,,,failed,False,2026-08-21T01:54:02.992561+09:00
Keyless Debt,,,failed,False,2026-08-21T02:27:43.385895+09:00
Keyless Deck,,,failed,False,2026-08-19T21:06:06.633142+09:00
Keyless Desk,,,failed,False,2026-08-19T21:30:28.519556+09:00
Keyless Detail,,,failed,False,2026-08-23T03:15:38.644159+09:00
Keyless Detector,,,failed,False,2026-08-27T23:54:25.594721+09:00
Keyless Diagram,,,failed,False,2026-08-27T22:15:25.153546+09:00
Keyless Directory,,,failed,False,2026-08-19T21:12:12.315865+09:00
Keyless Discount,,,failed,False,2026-08-23T16:15:57.304809+09:00
Keyless Dossier,,,failed,False,2026-08-21T01:06:17.673460+09:00
Keyless Downpayment,,,failed,False,2026-08-27T21:50:34.815891+09:00
Keyless Draft,,,failed,False,2026-08-19T21:29:16.026683+09:00
Keyless Duty,,,failed,False,2026-08-21T02:44:11.415890+09:00
Keyless Engine,,,failed,False,2026-08-19T21:09:59.006110+09:00
Keyless Entry,12100.0,86.0,success,False,2026-08-21T01:06:33.871335+09:00
Keyless Estimate,,,failed,False,2026-08-19T21:29:57.691182+09:00
Keyless Estimator,,,failed,False,2026-08-27T23:54:15.015364+09:00
Keyless Excerpt,,,failed,False,2026-08-21T01:06:30.195338+09:00
Keyless Fare,,,failed,False,2026-08-21T02:10:58.400903+09:00
Keyless Fee,,,failed,False,2026-08-21T01:53:31.985132+09:00
Keyless Feed,,,failed,False,2026-08-19T21:29:07.329786+09:00
Keyless Field,,,failed,False,2026-08-23T13:06:13.755843+09:00
Keyless File,,,failed,False,2026-08-19T21:19:39.587475+09:00
Keyless Finder,,,failed,False,2026-08-19T21:12:33.528106+09:00
Keyless Fine,,,failed,False,2026-08-23T02:58:43.358109+09:00
Keyless Flag,,,failed,False,2026-08-21T00:31:01.051294+09:00
Keyless Flow,,,failed,False,2026-08-19T21:30:14.177717+09:00
Keyless Form,,,failed,False,2026-08-19T21:17:37.116648+09:00
Keyless Frame,,,failed,False,2026-08-19T21:05:05.946905+09:00
Keyless Fund,,,failed,False,2026-08-21T02:27:47.388523+09:00
Keyless Gate,10.0,77.0,success,False,2026-08-19T21:08:54.298412+09:00
Keyless Generator,,,failed,False,2026-08-27T23:33:41.786723+09:00
Keyless Giveaway,,,failed,False,2026-08-27T21:19:36.835808+09:00
Keyless Grade,,,failed,False,2026-08-21T00:30:41.620130+09:00
Keyless Graph,,,failed,False,2026-08-27T22:15:12.426690+09:00
Keyless Grid,,,failed,False,2026-08-19T21:04:01.717737+09:00
Keyless Guardian,,,failed,False,2026-08-28T00:24:22.351196+09:00
Keyless Helpdesk,,,failed,False,2026-08-27T22:45:28.853044+09:00
Keyless Helper,,,failed,False,2026-08-28T00:24:27.565309+09:00
Keyless History,,,failed,False,2026-08-19T21:19:27.756536+09:00
Keyless Hub,70.0,1.0,success,False,2026-08-19T21:30:20.208348+09:00
Keyless Identifier,,,failed,False,2026-08-23T13:06:05.538611+09:00
Keyless Inbox,,,failed,False,2026-08-19T21:15:22.705045+09:00
Keyless Incentive,,,failed,False,2026-08-27T21:19:33.782503+09:00
Keyless Index,,,failed,False,2026-08-19T21:29:44.160374+09:00
Keyless Installment,,,failed,False,2026-08-23T16:15:57.304809+09:00
Keyless Item,,,failed,False,2026-08-21T01:53:38.487807+09:00
Keyless Journal,,,failed,False,2026-08-19T21:11:37.631930+09:00
Keyless Keeper,10.0,57.0,success,False,2026-08-19T21:09:32.906956+09:00
Keyless Kiosk,,,failed,False,2026-08-19T21:13:29.995507+09:00
Keyless Kit,320.0,100.0,success,False,2026-08-27T22:45:15.401077+09:00
Keyless Lab,,,failed,False,2026-08-19T21:06:30.155036+09:00
Keyless Ledger,,,failed,False,2026-08-19T21:05:41.663242+09:00
Keyless Level,,,failed,False,2026-08-19T21:19:50.890463+09:00
Keyless Line,,,failed,False,2026-08-19T21:16:41.047984+09:00
Keyless Link,,,failed,False,2026-08-23T03:15:28.674871+09:00
Keyless List,,,failed,False,2026-08-19T22:05:32.455871+09:00
Keyless Loan,,,failed,False,2026-08-21T02:11:04.805408+09:00
Keyless Lobby,,,failed,False,2026-08-19T21:16:16.247165+09:00
Keyless Locator,,,failed,False,2026-08-19T21:12:24.209579+09:00
Keyless Locker,260.0,100.0,success,False,2026-08-19T21:13:07.301000+09:00
Keyless Log,,,failed,False,2026-08-19T21:17:29.124164+09:00
Keyless Loop,,,failed,False,2026-08-19T21:03:49.756847+09:00
Keyless Manager,,,failed,False,2026-08-19T21:09:44.414904+09:00
Keyless Manual,,,failed,False,2026-08-27T22:15:17.446247+09:00
Keyless Map,,,failed,False,2026-08-19T21:04:53.638566+09:00
Keyless Markup,,,failed,False,2026-08-23T16:39:55.880493+09:00
Keyless Memo,,,failed,False,2026-08-21T00:30:49.324092+09:00
Keyless Monitor,,,failed,False,2026-08-19T21:10:42.484655+09:00
Keyless Nexus,,,failed,False,2026-08-19T21:09:04.357233+09:00
Keyless Note,,,failed,False,2026-08-19T21:18:26.718972+09:00
Keyless Notification,,,failed,False,2026-08-27T22:45:10.355251+09:00
Keyless Number,,,failed,False,2026-08-23T03:15:22.651664+09:00
Keyless Office,,,failed,False,2026-08-19T21:12:43.604286+09:00
Keyless Ops,,,failed,False,2026-08-19T21:11:17.911454+09:00
Keyless Order,,,failed,False,2026-08-19T22:04:49.676934+09:00
Keyless Overage,,,failed,False,2026-08-27T21:50:32.673191+09:00
Keyless Overdue,,,failed,False,2026-08-27T21:50:26.760837+09:00
Keyless Panel,,,failed,False,2026-08-19T21:07:40.402937+09:00
Keyless Pass,,,failed,False,2026-08-21T00:30:01.129618+09:00
Keyless Passport,,,failed,False,2026-08-19T21:16:06.341907+09:00
Keyless Path,,,failed,False,2026-08-19T21:04:27.192873+09:00
Keyless Payoff,,,failed,False,2026-08-27T21:50:29.028381+09:00
Keyless Penalty,,,failed,False,2026-08-23T16:39:55.880493+09:00
Keyless Petition,,,failed,False,2026-08-21T01:06:10.948985+09:00
Keyless Plan,,,failed,False,2026-08-21T01:53:54.647379+09:00
Keyless Planner,,,failed,False,2026-08-19T21:10:20.581807+09:00
Keyless Playbook,,,failed,False,2026-08-19T21:11:25.521014+09:00
Keyless Point,,,failed,False,2026-08-19T21:04:40.695118+09:00
Keyless Portal,,,failed,False,2026-08-19T21:07:21.562422+09:00
Keyless Price,,,failed,False,2026-08-21T02:10:55.409815+09:00
Keyless Profile,,,failed,False,2026-08-19T21:18:51.088595+09:00
Keyless Profit,,,failed,False,2026-08-23T02:58:33.536123+09:00
Keyless Quota,,,failed,False,2026-08-21T00:30:53.488074+09:00
Keyless Radar,,,failed,False,2026-08-19T21:30:35.144264+09:00
Keyless Rate,,,failed,False,2026-08-19T21:20:03.565098+09:00
Keyless Recap,,,failed,False,2026-08-21T01:06:21.603341+09:00
Keyless Receipt,,,failed,False,2026-08-19T22:05:13.355108+09:00
Keyless Recorder,,,failed,False,2026-08-27T23:33:41.786723+09:00
Keyless Register,,,failed,False,2026-08-19T21:11:07.162763+09:00
Keyless Registry,,,failed,False,2026-08-19T21:11:48.091080+09:00
Keyless Relay,50.0,42.0,success,False,2026-08-19T21:30:40.784781+09:00
Keyless Reminder,,,failed,False,2026-08-19T21:29:38.081788+09:00
Keyless Report,,,failed,False,2026-08-19T21:17:18.865865+09:00
Keyless Ring,,,failed,False,2026-08-19T21:08:42.108199+09:00
Keyless Roll,,,failed,False,2026-08-19T21:17:08.649893+09:00
Keyless Roster,,,failed,False,2026-08-19T21:15:11.193054+09:00
Keyless Rule,,,failed,False,2026-08-23T03:15:35.333103+09:00
Keyless Sale,,,failed,False,2026-08-21T02:27:57.187073+09:00
Keyless Sample,,,failed,False,2026-08-19T22:06:09.459067+09:00
Keyless Scanner,70.0,6.0,success,False,2026-08-27T23:54:25.594721+09:00
Keyless Scheduler,,,failed,False,2026-08-19T21:10:31.479524+09:00
Keyless Schematic,,,failed,False,2026-08-27T22:28:37.219396+09:00
Keyless Scope,,,failed,False,2026-08-19T21:03:33.928340+09:00
Keyless Score,,,failed,False,2026-08-19T21:18:14.475118+09:00
Keyless Sheet,,,failed,False,2026-08-19T21:17:55.830991+09:00
Keyless Shelf,,,failed,False,2026-08-19T21:15:00.223476+09:00
Keyless Shortfall,,,failed,False,2026-08-27T21:50:37.116413+09:00
Keyless Signal,10.0,0.0,success,False,2026-08-19T21:31:35.907614+09:00
Keyless Signature,10.0,0.0,success,False,2026-08-23T13:27:28.386352+09:00
Keyless Slip,,,failed,False,2026-08-19T22:06:01.682265+09:00
Keyless Slot,20.0,100.0,success,False,2026-08-19T22:06:22.029176+09:00
Keyless Stake,,,failed,False,2026-08-23T02:58:35.873995+09:00
Keyless Statement,,,failed,False,2026-08-21T00:30:29.735189+09:00
Keyless Station,,,failed,False,2026-08-19T21:06:39.226294+09:00
Keyless Status,,,failed,False,2026-08-19T21:19:03.809657+09:00
Keyless Stub,,,failed,False,2026-08-21T00:30:22.823388+09:00
Keyless Sum,,,failed,False,2026-08-21T02:27:38.390107+09:00
Keyless Summary,,,failed,False,2026-08-19T21:29:24.641827+09:00
Keyless Tab,,,failed,False,2026-08-21T00:31:07.825329+09:00
Keyless Table,,,failed,False,2026-08-19T22:05:43.764657+09:00
Keyless Tag,,,failed,False,2026-08-19T21:18:36.412771+09:00
Keyless Tally,,,failed,False,2026-08-21T00:30:37.167399+09:00
Keyless Tariff,,,failed,False,2026-08-21T02:44:18.914187+09:00
Keyless Tax,,,failed,False,2026-08-21T02:11:01.471090+09:00
Keyless Terminal,,,failed,False,2026-08-19T21:06:47.923280+09:00
Keyless Ticker,,,failed,False,2026-08-19T21:16:30.496623+09:00
Keyless Ticket,,,failed,False,2026-08-19T21:29:51.150185+09:00
Keyless Tier,,,failed,False,2026-08-28T00:47:32.809688+09:00
Keyless Timeline,,,failed,False,2026-08-19T21:29:30.457441+09:00
Keyless Timer,,,failed,False,2026-08-28T00:24:19.907536+09:00
Keyless Token,,,failed,False,2026-08-23T13:27:28.386352+09:00
Keyless Toll,,,failed,False,2026-08-21T02:44:13.647823+09:00
Keyless Toolbox,,,failed,False,2026-08-28T00:24:27.565309+09:00
Keyless Tracker,,,failed,False,2026-08-19T21:30:07.251599+09:00
Keyless Trail,,,failed,False,2026-08-19T21:08:21.181421+09:00
Keyless Trial,,,failed,False,2026-08-27T21:19:33.782503+09:00
Keyless Unit,,,failed,False,2026-08-21T01:53:46.295961+09:00
Keyless Update,,,failed,False,2026-08-19T21:29:00.879622+09:00
Keyless Value,,,failed,False,2026-08-23T02:58:35.873995+09:00
Keyless Vault,,,failed,False,2026-08-19T21:30:49.393699+09:00
Keyless Version,,,failed,False,2026-08-23T03:15:24.852114+09:00
Keyless View,,,failed,False,2026-08-19T21:19:14.051362+09:00
Keyless Voucher,,,failed,False,2026-08-21T00:30:08.282339+09:00
Keyless Watch,50.0,11.0,success,False,2026-08-19T21:31:45.728679+09:00
Keyless Wave,10.0,,success,False,2026-08-19T21:04:13.651960+09:00
Keyless Window,,,failed,False,2026-08-19T21:16:53.658254+09:00
Keyless Workshop,,,failed,False,2026-08-28T00:24:22.351196+09:00
Keyless Zone,,,failed,False,2026-08-19T21:07:11.433627+09:00
Keypad Advisory,,,failed,False,2026-08-21T01:06:17.673460+09:00
Keypad Alert,,,failed,False,2026-08-19T21:15:40.357740+09:00
Keypad Allowance,,,failed,False,2026-08-21T02:38:19.881796+09:00
Keypad Analyzer,,,failed,False,2026-08-27T23:53:51.631383+09:00
Keypad Asset,,,failed,False,2026-08-23T13:47:46.605419+09:00
Keypad Assistant,,,failed,False,2026-08-19T21:10:16.662476+09:00
Keypad Atlas,,,failed,False,2026-08-19T21:09:25.998389+09:00
Keypad Badge,,,failed,False,2026-08-21T00:31:09.970083+09:00
Keypad Base,,,failed,False,2026-08-19T21:05:24.897505+09:00
Keypad Beacon,,,failed,False,2026-08-19T21:31:47.611554+09:00
Keypad Bill,,,failed,False,2026-08-19T21:46:33.632095+09:00
Keypad Bin,,,failed,False,2026-08-19T21:16:00.282567+09:00
Keypad Board,210.0,28.0,success,False,2026-08-19T21:06:02.010882+09:00
Keypad Book,10.0,7.0,success,False,2026-08-19T21:47:40.553023+09:00
Keypad Bridge,,,failed,False,2026-08-19T21:32:10.645735+09:00
Keypad Brief,,,failed,False,2026-08-21T01:06:09.386639+09:00
Keypad Bulletin,,,failed,False,2026-08-21T01:06:05.335895+09:00
Keypad Calendar,,,failed,False,2026-08-19T21:12:05.902513+09:00
Keypad Card,170.0,64.0,success,False,2026-08-19T21:17:51.663250+09:00
Keypad Cascade,,,failed,False,2026-08-19T21:32:03.032645+09:00
Keypad Cash,,,failed,False,2026-08-21T02:21:16.859864+09:00
Keypad Cashback,,,failed,False,2026-08-27T21:19:46.309866+09:00
Keypad Category,,,failed,False,2026-08-23T13:07:14.038929+09:00
Keypad Center,,,failed,False,2026-08-19T21:07:04.594270+09:00
Keypad Chain,,,failed,False,2026-08-19T21:08:35.799168+09:00
Keypad Charge,,,failed,False,2026-08-21T02:38:09.773029+09:00
Keypad Chart,10.0,0.0,success,False,2026-08-19T21:15:49.735937+09:00
Keypad Check,320.0,0.0,success,False,2026-08-19T21:18:08.963564+09:00
Keypad Checker,320.0,0.0,success,False,2026-08-27T23:53:39.725939+09:00
Keypad Circular,,,failed,False,2026-08-21T01:06:13.819084+09:00
Keypad Companion,,,failed,False,2026-08-19T21:11:00.361566+09:00
Keypad Comparison,,,failed,False,2026-08-28T01:04:54.734993+09:00
Keypad Compass,,,failed,False,2026-08-19T21:31:40.381854+09:00
Keypad Confirmation,,,failed,False,2026-08-21T01:06:25.514755+09:00
Keypad Console,,,failed,False,2026-08-19T21:07:36.739108+09:00
Keypad Core,,,failed,False,2026-08-19T21:05:35.157530+09:00
Keypad Cost,50.0,18.0,success,False,2026-08-21T02:14:27.987170+09:00
Keypad Count,,,failed,False,2026-08-27T22:45:23.426349+09:00
Keypad Counter,,,failed,False,2026-08-19T21:12:59.685218+09:00
Keypad Coupon,,,failed,False,2026-08-27T21:19:46.309866+09:00
Keypad Deal,,,failed,False,2026-08-21T01:58:34.274743+09:00
Keypad Debt,,,failed,False,2026-08-21T02:21:06.391588+09:00
Keypad Deck,,,failed,False,2026-08-19T21:06:13.197757+09:00
Keypad Desk,,,failed,False,2026-08-19T21:31:07.393138+09:00
Keypad Detail,,,failed,False,2026-08-23T03:18:36.305827+09:00
Keypad Detector,,,failed,False,2026-08-27T23:53:48.068906+09:00
Keypad Diagram,90.0,0.0,success,False,2026-08-27T22:15:52.757907+09:00
Keypad Directory,,,failed,False,2026-08-19T21:12:17.710681+09:00
Keypad Discount,,,failed,False,2026-08-23T16:16:31.573856+09:00
Keypad Dossier,,,failed,False,2026-08-21T01:06:31.516088+09:00
Keypad Downpayment,,,failed,False,2026-08-27T21:50:51.730845+09:00
Keypad Draft,,,failed,False,2026-08-19T21:29:53.324584+09:00
Keypad Due,,,failed,False,2026-08-23T15:52:37.821939+09:00
Keypad Duty,,,failed,False,2026-08-21T02:38:13.377279+09:00
Keypad Engine,,,failed,False,2026-08-19T21:10:05.581791+09:00
Keypad Entry,480.0,100.0,success,False,2026-08-21T01:06:48.856434+09:00
Keypad Estimate,,,failed,False,2026-08-19T21:30:36.862882+09:00
Keypad Estimator,,,failed,False,2026-08-27T23:53:36.797572+09:00
Keypad Excerpt,,,failed,False,2026-08-21T01:06:44.007854+09:00
Keypad Fare,,,failed,False,2026-08-21T02:14:36.179977+09:00
Keypad Fee,,,failed,False,2026-08-21T01:58:12.628800+09:00
Keypad Feed,,,failed,False,2026-08-19T21:29:44.160374+09:00
Keypad File,10.0,0.0,success,False,2026-08-19T21:19:44.972350+09:00
Keypad Fine,,,failed,False,2026-08-23T02:54:11.154631+09:00
Keypad Flag,,,failed,False,2026-08-21T00:31:57.081328+09:00
Keypad Flow,,,failed,False,2026-08-19T21:30:51.810974+09:00
Keypad Forge,,,failed,False,2026-08-19T21:31:56.342454+09:00
Keypad Form,,,failed,False,2026-08-19T21:17:42.432873+09:00
Keypad Frame,10.0,0.0,success,False,2026-08-19T21:05:12.493876+09:00
Keypad Fund,,,failed,False,2026-08-21T02:21:11.057858+09:00
Keypad Gate,1600.0,100.0,success,False,2026-08-19T21:08:58.951614+09:00
Keypad Generator,10.0,0.0,success,False,2026-08-27T23:33:29.170312+09:00
Keypad Giveaway,,,failed,False,2026-08-27T21:19:56.366947+09:00
Keypad Grade,,,failed,False,2026-08-21T00:31:36.211701+09:00
Keypad Grid,,,failed,False,2026-08-19T21:04:08.048540+09:00
Keypad Guarantee,,,failed,False,2026-08-28T01:05:00.784184+09:00
Keypad Guardian,,,failed,False,2026-08-28T00:23:49.555058+09:00
Keypad Helpdesk,,,failed,False,2026-08-27T22:45:28.853044+09:00
Keypad Helper,,,failed,False,2026-08-28T00:23:56.463149+09:00
Keypad History,20.0,0.0,success,False,2026-08-19T21:19:30.531478+09:00
Keypad Hub,10.0,0.0,success,False,2026-08-19T21:31:01.684338+09:00
Keypad Identifier,,,failed,False,2026-08-23T13:07:10.531607+09:00
Keypad Inbox,,,failed,False,2026-08-19T21:15:29.461766+09:00
Keypad Incentive,,,failed,False,2026-08-27T21:19:54.141367+09:00
Keypad Index,,,failed,False,2026-08-19T21:30:22.896569+09:00
Keypad Installment,,,failed,False,2026-08-23T16:16:31.573856+09:00
Keypad Item,,,failed,False,2026-08-21T01:58:16.207160+09:00
Keypad Journal,10.0,80.0,success,False,2026-08-19T21:11:44.619551+09:00
Keypad Keeper,,,failed,False,2026-08-19T21:09:36.551386+09:00
Keypad Kiosk,,,failed,False,2026-08-19T21:13:36.060170+09:00
Keypad Kit,20.0,50.0,success,False,2026-08-27T22:45:10.355251+09:00
Keypad Lab,,,failed,False,2026-08-19T21:06:35.637376+09:00
Keypad Label,,,failed,False,2026-08-27T22:15:41.431097+09:00
Keypad Ledger,,,failed,False,2026-08-19T21:05:49.435162+09:00
Keypad Level,,,failed,False,2026-08-19T21:19:54.949155+09:00
Keypad Levy,,,failed,False,2026-08-23T13:47:49.087746+09:00
Keypad Line,,,failed,False,2026-08-19T21:16:46.731573+09:00
Keypad Link,,,failed,False,2026-08-23T03:18:29.464352+09:00
Keypad List,,,failed,False,2026-08-19T21:47:13.005766+09:00
Keypad Loan,,,failed,False,2026-08-21T02:14:45.406179+09:00
Keypad Lobby,,,failed,False,2026-08-19T21:16:23.704707+09:00
Keypad Locator,,,failed,False,2026-08-19T21:12:28.088394+09:00
Keypad Locker,110.0,99.0,success,False,2026-08-19T21:13:13.092758+09:00
Keypad Log,10.0,32.0,success,False,2026-08-19T21:17:33.160544+09:00
Keypad Loop,,,failed,False,2026-08-19T21:03:55.204280+09:00
Keypad Manager,,,failed,False,2026-08-19T21:09:50.193216+09:00
Keypad Manual,110.0,55.0,success,False,2026-08-27T22:15:41.431097+09:00
Keypad Map,50.0,0.0,success,False,2026-08-19T21:04:59.839669+09:00
Keypad Margin,,,failed,False,2026-08-23T02:54:08.933520+09:00
Keypad Markup,,,failed,False,2026-08-23T16:40:11.516867+09:00
Keypad Memo,,,failed,False,2026-08-21T00:31:43.518986+09:00
Keypad Message,50.0,0.0,success,False,2026-08-27T23:11:01.656662+09:00
Keypad Monitor,40.0,29.0,success,False,2026-08-19T21:10:46.722805+09:00
Keypad Nexus,,,failed,False,2026-08-19T21:09:13.421479+09:00
Keypad Note,70.0,7.0,success,False,2026-08-19T21:18:30.637363+09:00
Keypad Notification,,,failed,False,2026-08-27T22:45:10.355251+09:00
Keypad Number,8100.0,71.0,success,False,2026-08-23T03:18:21.895981+09:00
Keypad Office,,,failed,False,2026-08-19T21:12:48.974552+09:00
Keypad Ops,,,failed,False,2026-08-19T21:11:21.991848+09:00
Keypad Order,20.0,23.0,success,False,2026-08-19T21:46:23.560668+09:00
Keypad Overage,,,failed,False,2026-08-27T21:50:49.400709+09:00
Keypad Overdue,,,failed,False,2026-08-27T21:50:46.767806+09:00
Keypad Panel,110.0,26.0,success,False,2026-08-19T21:07:47.829296+09:00
Keypad Pass,,,failed,False,2026-08-21T00:30:57.917323+09:00
Keypad Passport,,,failed,False,2026-08-19T21:16:09.798326+09:00
Keypad Path,,,failed,False,2026-08-19T21:04:33.210036+09:00
Keypad Payoff,,,failed,False,2026-08-27T21:50:49.400709+09:00
Keypad Petition,,,failed,False,2026-08-21T01:06:21.603341+09:00
Keypad Plan,,,failed,False,2026-08-21T01:58:27.155216+09:00
Keypad Planner,10.0,,success,False,2026-08-19T21:10:27.505284+09:00
Keypad Playbook,,,failed,False,2026-08-19T21:11:31.992305+09:00
Keypad Point,,,failed,False,2026-08-19T21:04:47.167430+09:00
Keypad Portal,,,failed,False,2026-08-19T21:07:25.102552+09:00
Keypad Preview,,,failed,False,2026-08-28T01:04:57.702842+09:00
Keypad Profile,,,failed,False,2026-08-19T21:18:56.938365+09:00
Keypad Profit,,,failed,False,2026-08-23T02:53:58.718739+09:00
Keypad Proposal,,,failed,False,2026-08-28T01:04:57.702842+09:00
Keypad Quota,,,failed,False,2026-08-21T00:31:49.661501+09:00
Keypad Radar,,,failed,False,2026-08-19T21:31:14.747264+09:00
Keypad Rail,,,failed,False,2026-08-19T21:08:15.358718+09:00
Keypad Rate,20.0,2.0,success,False,2026-08-19T21:20:07.240027+09:00
Keypad Recap,,,failed,False,2026-08-21T01:06:36.051415+09:00
Keypad Receipt,,,failed,False,2026-08-19T21:46:45.064278+09:00
Keypad Register,10.0,7.0,success,False,2026-08-19T21:11:11.315009+09:00
Keypad Registry,,,failed,False,2026-08-19T21:11:55.349483+09:00
Keypad Relay,50.0,29.0,success,False,2026-08-19T21:31:23.417988+09:00
Keypad Reminder,,,failed,False,2026-08-19T21:30:14.177717+09:00
Keypad Report,,,failed,False,2026-08-19T21:17:23.744501+09:00
Keypad Ring,2900.0,100.0,success,False,2026-08-19T21:08:48.624997+09:00
Keypad Roll,,,failed,False,2026-08-19T21:17:13.210771+09:00
Keypad Roster,,,failed,False,2026-08-19T21:15:19.107238+09:00
Keypad Route,,,failed,False,2026-08-19T21:08:05.171033+09:00
Keypad Rule,,,failed,False,2026-08-23T03:18:33.193002+09:00
Keypad Sale,20.0,0.0,success,False,2026-08-21T02:21:19.910090+09:00
Keypad Sample,,,failed,False,2026-08-19T21:48:07.459723+09:00
Keypad Scale,,,failed,False,2026-08-19T21:07:55.214041+09:00
Keypad Scanner,50.0,8.0,success,False,2026-08-27T23:53:42.609151+09:00
Keypad Scheduler,,,failed,False,2026-08-19T21:10:38.305423+09:00
Keypad Schematic,50.0,0.0,success,False,2026-08-27T22:28:37.219396+09:00
Keypad Scope,,,failed,False,2026-08-19T21:03:41.880915+09:00
Keypad Score,,,failed,False,2026-08-19T21:18:19.882315+09:00
Keypad Sheet,20.0,35.0,success,False,2026-08-19T21:17:59.528469+09:00
Keypad Shelf,,,failed,False,2026-08-19T21:15:06.542256+09:00
Keypad Shortfall,,,failed,False,2026-08-27T21:50:54.080102+09:00
Keypad Signal,,,failed,False,2026-08-19T21:32:17.835679+09:00
Keypad Signature,,,failed,False,2026-08-23T13:27:51.587934+09:00
Keypad Slip,,,failed,False,2026-08-19T21:47:52.868004+09:00
Keypad Slot,,,failed,False,2026-08-19T21:48:19.671606+09:00
Keypad Stake,,,failed,False,2026-08-23T02:54:06.073801+09:00
Keypad Statement,,,failed,False,2026-08-21T00:31:22.902026+09:00
Keypad Station,,,failed,False,2026-08-19T21:06:42.695560+09:00
Keypad Status,10.0,0.0,success,False,2026-08-19T21:19:08.211207+09:00
Keypad Sum,,,failed,False,2026-08-21T02:21:02.332570+09:00
Keypad Summary,,,failed,False,2026-08-19T21:29:59.646453+09:00
Keypad Table,20.0,48.0,success,False,2026-08-19T21:47:26.468483+09:00
Keypad Tag,,,failed,False,2026-08-19T21:18:40.810817+09:00
Keypad Tally,,,failed,False,2026-08-21T00:31:30.142352+09:00
Keypad Tariff,,,failed,False,2026-08-21T02:38:23.344262+09:00
Keypad Tax,,,failed,False,2026-08-21T02:14:40.877635+09:00
Keypad Terminal,30.0,7.0,success,False,2026-08-19T21:06:52.977513+09:00
Keypad Ticker,,,failed,False,2026-08-19T21:16:33.965835+09:00
Keypad Ticket,,,failed,False,2026-08-19T21:30:28.519556+09:00
Keypad Tier,,,failed,False,2026-08-28T00:47:13.320687+09:00
Keypad Timeline,,,failed,False,2026-08-19T21:30:07.251599+09:00
Keypad Timer,20.0,52.0,success,False,2026-08-28T00:23:47.118724+09:00
Keypad Toll,,,failed,False,2026-08-21T02:38:16.396053+09:00
Keypad Toolbox,,,failed,False,2026-08-28T00:23:53.902588+09:00
Keypad Total,,,failed,False,2026-08-27T23:11:04.616430+09:00
Keypad Tracker,10.0,6.0,success,False,2026-08-19T21:30:42.715680+09:00
Keypad Trail,,,failed,False,2026-08-19T21:08:25.447867+09:00
Keypad Trend,,,failed,False,2026-08-28T01:04:51.979139+09:00
Keypad Trial,,,failed,False,2026-08-27T21:19:50.770385+09:00
Keypad Unit,,,failed,False,2026-08-21T01:58:19.228464+09:00
Keypad Update,70.0,0.0,success,False,2026-08-19T21:29:38.081788+09:00
Keypad Value,,,failed,False,2026-08-23T02:54:03.941195+09:00
Keypad Vault,170.0,61.0,success,False,2026-08-19T21:31:29.606643+09:00
Keypad Version,10.0,0.0,success,False,2026-08-23T03:18:25.372913+09:00
Keypad View,20.0,0.0,success,False,2026-08-19T21:19:19.264899+09:00
Keypad Voucher,,,failed,False,2026-08-21T00:31:05.602481+09:00
Keypad Watch,320.0,33.0,success,False,2026-08-19T21:03:27.831086+09:00
Keypad Wave,,,failed,False,2026-08-19T21:04:19.743151+09:00
Keypad Widget,10.0,0.0,success,False,2026-08-27T23:11:08.284499+09:00
Keypad Window,,,failed,False,2026-08-19T21:16:59.496910+09:00
Keypad Zone,,,failed,False,2026-08-19T21:07:16.203533+09:00
Keyway Advisory,,,failed,False,2026-08-21T01:06:07.369655+09:00
Keyway Allowance,,,failed,False,2026-08-21T02:43:25.318568+09:00
Keyway Almanac,,,failed,False,2026-08-18T22:08:34.595424+09:00
Keyway Analyzer,,,failed,False,2026-08-27T23:58:03.075368+09:00
Keyway Anchor,,,failed,False,2026-08-18T22:11:05.779319+09:00
Keyway Assistant,,,failed,False,2026-08-18T22:05:38.221943+09:00
Keyway Atlas,,,failed,False,2026-08-18T22:04:40.579410+09:00
Keyway Attribute,,,failed,False,2026-08-23T13:08:51.704947+09:00
Keyway Badge,,,failed,False,2026-08-21T00:33:14.863078+09:00
Keyway Base,,,failed,False,2026-08-18T23:51:21.045994+09:00
Keyway Beacon,,,failed,False,2026-08-18T22:10:34.249457+09:00
Keyway Bill,,,failed,False,2026-08-19T21:58:54.005326+09:00
Keyway Blueprint,,,failed,False,2026-08-18T22:08:25.868252+09:00
Keyway Board,,,failed,False,2026-08-18T23:51:21.045994+09:00
Keyway Book,,,failed,False,2026-08-19T21:59:46.400279+09:00
Keyway Bridge,40.0,0.0,success,False,2026-08-18T22:10:58.146959+09:00
Keyway Brief,,,failed,False,2026-08-21T01:05:51.926035+09:00
Keyway Bulletin,,,failed,False,2026-08-21T01:05:53.776527+09:00
Keyway Calendar,,,failed,False,2026-08-18T23:59:20.806892+09:00
Keyway Card,,,failed,False,2026-08-19T13:31:38.491721+09:00
Keyway Cascade,,,failed,False,2026-08-18T22:10:51.704890+09:00
Keyway Cash,,,failed,False,2026-08-21T02:28:18.996082+09:00
Keyway Catalog,,,failed,False,2026-08-19T21:16:53.658254+09:00
Keyway Category,,,failed,False,2026-08-23T13:08:48.797339+09:00
Keyway Center,110.0,0.0,success,False,2026-08-18T23:51:21.045994+09:00
Keyway Chain,,,failed,False,2026-08-18T22:03:46.428497+09:00
Keyway Charge,,,failed,False,2026-08-21T02:43:14.426169+09:00
Keyway Check,,,failed,False,2026-08-19T13:31:50.431005+09:00
Keyway Checker,,,failed,False,2026-08-27T23:58:00.506831+09:00
Keyway Checklist,,,failed,False,2026-08-19T21:15:56.084621+09:00
Keyway Circular,,,failed,False,2026-08-21T01:06:03.967646+09:00
Keyway Cockpit,,,failed,False,2026-08-18T22:06:41.570881+09:00
Keyway Code,,,failed,False,2026-08-19T21:59:12.539055+09:00
Keyway Codex,,,failed,False,2026-08-18T22:08:50.050771+09:00
Keyway Companion,,,failed,False,2026-08-18T22:07:05.348378+09:00
Keyway Compass,,,failed,False,2026-08-18T22:10:25.741480+09:00
Keyway Compendium,,,failed,False,2026-08-18T22:08:40.228889+09:00
Keyway Confirmation,,,failed,False,2026-08-21T01:06:16.364943+09:00
Keyway Console,,,failed,False,2026-08-18T23:51:21.045994+09:00
Keyway Core,,,failed,False,2026-08-18T23:51:21.045994+09:00
Keyway Cost,,,failed,False,2026-08-21T02:12:35.738319+09:00
Keyway Counter,,,failed,False,2026-08-19T00:00:18.530849+09:00
Keyway Dashboard,,,failed,False,2026-08-18T22:06:49.548592+09:00
Keyway Deal,,,failed,False,2026-08-21T01:57:30.255883+09:00
Keyway Debt,,,failed,False,2026-08-21T02:28:12.321639+09:00
Keyway Deck,,,failed,False,2026-08-18T23:51:21.045994+09:00
Keyway Depot,,,failed,False,2026-08-18T23:59:57.747609+09:00
Keyway Desk,,,failed,False,2026-08-18T22:09:56.131275+09:00
Keyway Detail,,,failed,False,2026-08-23T03:22:22.094995+09:00
Keyway Detector,,,failed,False,2026-08-27T23:58:03.075368+09:00
Keyway Diagram,720.0,0.0,success,False,2026-08-27T22:13:56.258937+09:00
Keyway Digest,,,failed,False,2026-08-19T20:45:14.737555+09:00
Keyway Directory,,,failed,False,2026-08-18T23:59:30.074918+09:00
Keyway Discount,,,failed,False,2026-08-23T16:16:03.366904+09:00
Keyway Dock,,,failed,False,2026-08-18T22:03:03.090691+09:00
Keyway Dossier,,,failed,False,2026-08-21T01:06:19.538829+09:00
Keyway Downpayment,,,failed,False,2026-08-27T21:49:29.301041+09:00
Keyway Due,,,failed,False,2026-08-23T15:52:37.821939+09:00
Keyway Duty,,,failed,False,2026-08-21T02:43:19.046773+09:00
Keyway Engine,,,failed,False,2026-08-18T22:05:30.177500+09:00
Keyway Entry,,,failed,False,2026-08-21T01:06:33.871335+09:00
Keyway Estimate,,,failed,False,2026-08-19T21:16:41.047984+09:00
Keyway Estimator,,,failed,False,2026-08-27T23:57:57.910775+09:00
Keyway Excerpt,,,failed,False,2026-08-21T01:06:30.195338+09:00
Keyway Fare,,,failed,False,2026-08-21T02:12:43.354957+09:00
Keyway Fee,,,failed,False,2026-08-21T01:57:10.227780+09:00
Keyway Feed,,,failed,False,2026-08-19T20:45:21.816276+09:00
Keyway Field,,,failed,False,2026-08-23T13:08:53.842629+09:00
Keyway File,4400.0,3.0,success,False,2026-08-19T20:44:39.695908+09:00
Keyway Finder,,,failed,False,2026-08-18T23:59:47.446594+09:00
Keyway Fine,70.0,82.0,success,False,2026-08-23T02:57:19.456946+09:00
Keyway Flag,,,failed,False,2026-08-21T00:33:58.463562+09:00
Keyway Flow,,,failed,False,2026-08-18T22:09:32.067298+09:00
Keyway Forge,,,failed,False,2026-08-18T22:10:41.322709+09:00
Keyway Form,720.0,33.0,success,False,2026-08-19T13:31:09.832283+09:00
Keyway Format,,,failed,False,2026-08-23T13:08:56.247878+09:00
Keyway Frame,,,failed,False,2026-08-18T23:51:21.045994+09:00
Keyway Fund,,,failed,False,2026-08-21T02:28:15.974883+09:00
Keyway Gate,,,failed,False,2026-08-18T22:04:21.198301+09:00
Keyway Grade,,,failed,False,2026-08-21T00:33:43.074758+09:00
Keyway Grid,,,failed,False,2026-08-18T22:11:47.554399+09:00
Keyway Guard,,,failed,False,2026-08-18T22:09:07.653451+09:00
Keyway Guidebook,,,failed,False,2026-08-18T22:08:11.096453+09:00
Keyway Helper,,,failed,False,2026-08-28T00:26:52.853264+09:00
Keyway History,,,failed,False,2026-08-19T20:44:32.627645+09:00
Keyway Hotline,,,failed,False,2026-08-19T21:17:08.649893+09:00
Keyway Hub,880.0,5.0,success,False,2026-08-18T22:09:37.820706+09:00
Keyway Identifier,10.0,7.0,success,False,2026-08-23T13:08:44.526296+09:00
Keyway Index,,,failed,False,2026-08-19T21:16:06.341907+09:00
Keyway Insight,,,failed,False,2026-08-18T22:06:20.125556+09:00
Keyway Installment,,,failed,False,2026-08-23T16:16:06.207689+09:00
Keyway Item,,,failed,False,2026-08-21T01:57:17.630744+09:00
Keyway Journal,,,failed,False,2026-08-18T22:07:53.653114+09:00
Keyway Keeper,,,failed,False,2026-08-18T22:05:00.347281+09:00
Keyway Kit,590.0,66.0,success,False,2026-08-27T22:50:03.051342+09:00
Keyway Lab,,,failed,False,2026-08-18T23:51:21.045994+09:00
Keyway Label,,,failed,False,2026-08-27T22:13:48.271988+09:00
Keyway Ledger,,,failed,False,2026-08-18T23:51:21.045994+09:00
Keyway Lens,,,failed,False,2026-08-18T23:51:21.045994+09:00
Keyway Level,,,failed,False,2026-08-19T20:44:50.684915+09:00
Keyway Link,,,failed,False,2026-08-23T03:22:14.563475+09:00
Keyway List,,,failed,False,2026-08-19T21:59:23.737982+09:00
Keyway Loan,,,failed,False,2026-08-21T02:12:54.787375+09:00
Keyway Locator,,,failed,False,2026-08-18T23:59:36.900086+09:00
Keyway Lock,390.0,29.0,success,False,2026-08-18T23:51:21.045994+09:00
Keyway Log,,,failed,False,2026-08-19T13:31:05.950766+09:00
Keyway Loop,,,failed,False,2026-08-18T22:11:41.345427+09:00
Keyway Manager,,,failed,False,2026-08-18T22:05:11.798475+09:00
Keyway Manual,,,failed,False,2026-08-27T22:13:53.849783+09:00
Keyway Map,,,failed,False,2026-08-18T23:51:21.045994+09:00
Keyway Markup,,,failed,False,2026-08-23T16:39:47.689837+09:00
Keyway Meter,,,failed,False,2026-08-18T22:02:33.707465+09:00
Keyway Metrics,,,failed,False,2026-08-18T22:06:29.857370+09:00
Keyway Monitor,,,failed,False,2026-08-18T22:06:12.435541+09:00
Keyway Navigator,,,failed,False,2026-08-18T22:06:56.515623+09:00
Keyway Nexus,,,failed,False,2026-08-18T22:04:29.881802+09:00
Keyway Node,,,failed,False,2026-08-18T22:04:07.158721+09:00
Keyway Note,,,failed,False,2026-08-19T13:32:07.571238+09:00
Keyway Number,,,failed,False,2026-08-23T03:22:09.250404+09:00
Keyway Office,,,failed,False,2026-08-19T00:00:08.120656+09:00
Keyway Ops,,,failed,False,2026-08-18T22:07:21.490302+09:00
Keyway Order,,,failed,False,2026-08-19T21:58:45.118789+09:00
Keyway Organizer,30.0,97.0,success,False,2026-08-18T22:06:03.591349+09:00
Keyway Overage,,,failed,False,2026-08-27T21:49:27.090308+09:00
Keyway Overdue,,,failed,False,2026-08-27T21:49:22.679951+09:00
Keyway Panel,,,failed,False,2026-08-18T23:51:23.817197+09:00
Keyway Path,,,failed,False,2026-08-18T22:12:13.672404+09:00
Keyway Payoff,,,failed,False,2026-08-27T21:49:24.879038+09:00
Keyway Petition,,,failed,False,2026-08-21T01:06:10.948985+09:00
Keyway Pilot,,,failed,False,2026-08-18T22:09:47.268840+09:00
Keyway Plan,,,failed,False,2026-08-21T01:57:25.896991+09:00
Keyway Planner,,,failed,False,2026-08-18T22:05:45.987777+09:00
Keyway Playbook,,,failed,False,2026-08-18T22:07:47.344279+09:00
Keyway Point,,,failed,False,2026-08-18T22:12:21.706710+09:00
Keyway Portal,,,failed,False,2026-08-18T23:51:23.817197+09:00
Keyway Profile,,,failed,False,2026-08-19T13:32:25.938189+09:00
Keyway Profit,,,failed,False,2026-08-23T02:57:13.068042+09:00
Keyway Pulse,,,failed,False,2026-08-18T22:11:59.574853+09:00
Keyway Queue,,,failed,False,2026-08-19T21:16:30.496623+09:00
Keyway Quota,,,failed,False,2026-08-21T00:33:53.387508+09:00
Keyway Radar,,,failed,False,2026-08-18T22:10:02.231985+09:00
Keyway Rail,,,failed,False,2026-08-18T22:03:14.728477+09:00
Keyway Rate,,,failed,False,2026-08-19T20:44:56.793146+09:00
Keyway Recap,,,failed,False,2026-08-21T01:06:23.582625+09:00
Keyway Receipt,,,failed,False,2026-08-19T21:59:04.972402+09:00
Keyway Register,,,failed,False,2026-08-18T22:07:14.456265+09:00
Keyway Registry,,,failed,False,2026-08-18T22:08:17.707470+09:00
Keyway Relay,,,failed,False,2026-08-18T22:10:10.353821+09:00
Keyway Reminder,,,failed,False,2026-08-19T21:15:46.366866+09:00
Keyway Report,,,failed,False,2026-08-19T13:30:57.828554+09:00
Keyway Repository,,,failed,False,2026-08-27T23:15:36.970228+09:00
Keyway Ring,,,failed,False,2026-08-18T22:03:58.790181+09:00
Keyway Roadmap,,,failed,False,2026-08-18T22:08:59.053528+09:00
Keyway Roster,,,failed,False,2026-08-19T00:37:37.516387+09:00
Keyway Route,,,failed,False,2026-08-18T22:02:54.576094+09:00
Keyway Rule,,,failed,False,2026-08-23T03:22:18.461537+09:00
Keyway Sale,,,failed,False,2026-08-21T02:28:22.675348+09:00
Keyway Sample,,,failed,False,2026-08-19T22:00:04.199605+09:00
Keyway Scale,,,failed,False,2026-08-18T22:02:44.404885+09:00
Keyway Scanner,,,failed,False,2026-08-27T23:58:00.506831+09:00
Keyway Scheduler,,,failed,False,2026-08-18T22:05:55.715721+09:00
Keyway Schematic,,,failed,False,2026-08-27T22:29:16.006701+09:00
Keyway Scope,,,failed,False,2026-08-18T22:11:32.522772+09:00
Keyway Score,,,failed,False,2026-08-19T13:32:02.705004+09:00
Keyway Sentry,,,failed,False,2026-08-18T22:04:49.273954+09:00
Keyway Sheet,,,failed,False,2026-08-19T13:31:44.608385+09:00
Keyway Shortfall,,,failed,False,2026-08-27T21:49:31.660766+09:00
Keyway Signal,,,failed,False,2026-08-18T22:11:13.751205+09:00
Keyway Signature,,,failed,False,2026-08-23T13:27:59.739210+09:00
Keyway Slip,,,failed,False,2026-08-19T21:59:55.438905+09:00
Keyway Slot,110.0,4.0,success,False,2026-08-19T22:00:16.178777+09:00
Keyway Snapshot,,,failed,False,2026-08-18T22:08:02.449968+09:00
Keyway Stake,10.0,50.0,success,False,2026-08-23T02:57:17.363671+09:00
Keyway Statement,,,failed,False,2026-08-21T00:33:28.430853+09:00
Keyway Station,,,failed,False,2026-08-18T23:51:23.817197+09:00
Keyway Status,,,failed,False,2026-08-19T20:44:16.708983+09:00
Keyway Stub,,,failed,False,2026-08-21T00:33:20.736767+09:00
Keyway Studio,,,failed,False,2026-08-18T23:51:23.817197+09:00
Keyway Suite,,,failed,False,2026-08-18T22:05:19.741515+09:00
Keyway Sum,,,failed,False,2026-08-21T02:28:03.624635+09:00
Keyway Summary,,,failed,False,2026-08-19T21:15:22.705045+09:00
Keyway Sync,,,failed,False,2026-08-18T22:09:23.803071+09:00
Keyway Tab,,,failed,False,2026-08-21T00:34:04.071728+09:00
Keyway Table,1300.0,100.0,success,False,2026-08-19T21:59:35.883958+09:00
Keyway Tag,,,failed,False,2026-08-19T13:32:18.631834+09:00
Keyway Tally,,,failed,False,2026-08-21T00:33:34.783519+09:00
Keyway Tariff,,,failed,False,2026-08-21T02:43:28.304823+09:00
Keyway Tax,,,failed,False,2026-08-21T02:12:49.636286+09:00
Keyway Terminal,,,failed,False,2026-08-18T23:51:23.817197+09:00
Keyway Ticket,,,failed,False,2026-08-19T21:16:19.911294+09:00
Keyway Timeline,,,failed,False,2026-08-19T21:15:37.050210+09:00
Keyway Toll,,,failed,False,2026-08-21T02:43:21.598191+09:00
Keyway Toolbox,,,failed,False,2026-08-28T00:26:52.853264+09:00
Keyway Toolkit,,,failed,False,2026-08-18T22:07:38.070107+09:00
Keyway Tracker,,,failed,False,2026-08-18T22:09:15.023895+09:00
Keyway Trail,,,failed,False,2026-08-18T22:03:28.331445+09:00
Keyway Trial,,,failed,False,2026-08-27T21:18:26.738212+09:00
Keyway Unit,,,failed,False,2026-08-21T01:57:21.062358+09:00
Keyway Update,,,failed,False,2026-08-19T20:45:06.240403+09:00
Keyway Vault,,,failed,False,2026-08-18T22:10:16.418477+09:00
Keyway Version,,,failed,False,2026-08-23T03:22:11.470893+09:00
Keyway View,,,failed,False,2026-08-19T20:44:23.661281+09:00
Keyway Watch,,,failed,False,2026-08-18T22:11:21.547380+09:00
Keyway Wave,,,failed,False,2026-08-18T22:12:06.505434+09:00
Keyway Widget,,,failed,False,2026-08-27T23:15:33.369822+09:00
Keyway Workbench,,,failed,False,2026-08-18T22:07:30.618042+09:00
Keyway Worksheet,,,failed,False,2026-08-27T22:13:56.258937+09:00
Keyway Workshop,,,failed,False,2026-08-28T00:26:47.602211+09:00
Keyway Zone,,,failed,False,2026-08-18T23:51:23.817197+09:00
Knowledge Advisory,,,failed,False,2026-08-21T01:04:32.859141+09:00
Knowledge Allowance,,,failed,False,2026-08-21T02:45:16.049005+09:00
Knowledge Almanac,,,failed,False,2026-08-18T23:51:23.817197+09:00
Knowledge Analyzer,,,failed,False,2026-08-27T23:58:34.382467+09:00
Knowledge Anchor,,,failed,False,2026-08-17T20:43:18.551816+09:00
Knowledge Announcement,,,failed,False,2026-08-27T23:36:17.600549+09:00
Knowledge Asset,210.0,1.0,success,False,2026-08-23T13:46:43.137504+09:00
Knowledge Assistant,320.0,8.0,success,False,2026-08-17T23:27:58.060156+09:00
Knowledge Atlas,880.0,1.0,success,False,2026-08-17T20:34:03.344800+09:00
Knowledge Attribute,,,failed,False,2026-08-23T13:05:45.716846+09:00
Knowledge Badge,30.0,0.0,success,False,2026-08-21T00:29:58.685573+09:00
Knowledge Base,33100.0,15.0,success,False,2026-08-18T07:53:06.257546+09:00
Knowledge Beacon,0.0,,success,False,2026-08-17T20:47:09.255931+09:00
Knowledge Blueprint,10.0,5.0,success,False,2026-08-18T23:51:23.817197+09:00
Knowledge Board,2400.0,0.0,success,True,2026-08-17T21:37:46.877382+09:00
Knowledge Book,4400.0,50.0,success,False,2026-08-19T21:47:38.670449+09:00
Knowledge Bridge,480.0,2.0,success,False,2026-08-17T20:44:11.907751+09:00
Knowledge Brief,480.0,5.0,success,False,2026-08-21T01:04:20.278964+09:00
Knowledge Bulletin,,,failed,False,2026-08-21T01:04:15.866621+09:00
Knowledge Calendar,10.0,0.0,success,False,2026-08-19T00:00:22.759146+09:00
Knowledge Card,170.0,5.0,success,False,2026-08-19T13:26:13.744102+09:00
Knowledge Cascade,10.0,0.0,success,False,2026-08-17T20:45:12.889782+09:00
Knowledge Cash,,,failed,False,2026-08-21T02:29:36.697010+09:00
Knowledge Category,90.0,1.0,success,False,2026-08-23T13:05:43.515456+09:00
Knowledge Center,6600.0,1.0,success,False,2026-08-17T21:31:17.550614+09:00
Knowledge Chain,30.0,0.0,success,False,2026-08-17T20:38:40.859557+09:00
Knowledge Charge,20.0,1.0,success,False,2026-08-21T02:45:09.656384+09:00
Knowledge Check,2900.0,0.0,success,True,2026-08-19T13:26:59.554690+09:00
Knowledge Checker,2900.0,0.0,success,True,2026-08-27T23:58:26.225716+09:00
Knowledge Circular,,,failed,False,2026-08-21T01:04:28.874460+09:00
Knowledge Cockpit,,,failed,False,2026-08-17T23:13:20.544847+09:00
Knowledge Codex,,,failed,False,2026-08-18T22:02:42.227147+09:00
Knowledge Companion,20.0,0.0,success,False,2026-08-17T23:29:25.330773+09:00
Knowledge Compass,30.0,0.0,success,False,2026-08-17T20:48:26.612997+09:00
Knowledge Compendium,30.0,27.0,success,False,2026-08-18T22:02:30.753417+09:00
Knowledge Confirmation,,,failed,False,2026-08-21T01:04:53.420072+09:00
Knowledge Console,,,failed,False,2026-08-17T20:46:27.690682+09:00
Knowledge Core,210.0,2.0,success,False,2026-08-17T21:41:16.664514+09:00
Knowledge Cost,50.0,0.0,success,False,2026-08-21T02:13:04.369688+09:00
Knowledge Count,10.0,0.0,success,False,2026-08-27T22:49:42.275363+09:00
Knowledge Counter,,,failed,False,2026-08-19T00:01:12.720919+09:00
Knowledge Dashboard,10.0,7.0,success,False,2026-08-17T23:29:07.663083+09:00
Knowledge Deal,,,failed,False,2026-08-21T01:57:06.498210+09:00
Knowledge Debt,90.0,1.0,success,False,2026-08-21T02:29:27.497336+09:00
Knowledge Deck,30.0,0.0,success,False,2026-08-17T21:36:38.708092+09:00
Knowledge Depot,320.0,0.0,success,False,2026-08-19T00:00:56.933054+09:00
Knowledge Desk,70.0,8.0,success,False,2026-08-17T21:34:03.414909+09:00
Knowledge Detail,10.0,0.0,success,False,2026-08-23T03:15:44.979812+09:00
Knowledge Detector,,,failed,False,2026-08-27T23:58:34.382467+09:00
Knowledge Diagram,170.0,0.0,success,False,2026-08-27T22:12:15.272381+09:00
Knowledge Dial,,,failed,False,2026-08-17T20:44:33.462366+09:00
Knowledge Digest,10.0,0.0,success,False,2026-08-19T20:45:48.837053+09:00
Knowledge Directory,10.0,2.0,success,False,2026-08-19T00:00:31.381271+09:00
Knowledge Discount,,,failed,False,2026-08-23T16:14:11.722628+09:00
Knowledge Dock,170.0,4.0,success,False,2026-08-17T20:41:11.362619+09:00
Knowledge Dossier,,,failed,False,2026-08-21T01:05:02.312819+09:00
Knowledge Downpayment,,,failed,False,2026-08-27T21:48:09.369962+09:00
Knowledge Draft,,,failed,False,2026-08-19T20:46:00.045081+09:00
Knowledge Duty,,,failed,False,2026-08-21T02:45:13.542612+09:00
Knowledge Engine,170.0,6.0,success,False,2026-08-17T23:10:04.608173+09:00
Knowledge Entry,,,failed,False,2026-08-21T01:05:22.302548+09:00
Knowledge Estimate,,,failed,False,2026-08-19T21:31:56.342454+09:00
Knowledge Excerpt,,,failed,False,2026-08-21T01:05:09.510273+09:00
Knowledge Extension,30.0,0.0,success,False,2026-08-23T16:38:57.916604+09:00
Knowledge Fare,,,failed,False,2026-08-21T02:13:09.073610+09:00
Knowledge Fee,40.0,0.0,success,False,2026-08-21T01:56:51.063242+09:00
Knowledge Feed,30.0,7.0,success,False,2026-08-19T20:45:53.854460+09:00
Knowledge Field,390.0,0.0,success,False,2026-08-23T13:05:51.104957+09:00
Knowledge File,50.0,2.0,success,False,2026-08-19T20:45:18.016255+09:00
Knowledge Finder,30.0,1.0,success,False,2026-08-19T00:00:48.226412+09:00
Knowledge Flag,,,failed,False,2026-08-21T00:30:46.553076+09:00
Knowledge Flow,260.0,4.0,success,False,2026-08-17T21:37:10.762781+09:00
Knowledge Forge,30.0,1.0,success,False,2026-08-17T20:45:58.318950+09:00
Knowledge Form,390.0,0.0,success,False,2026-08-19T13:26:03.914310+09:00
Knowledge Format,10.0,1.0,success,False,2026-08-23T13:05:53.628688+09:00
Knowledge Frame,20.0,1.0,success,False,2026-08-18T07:52:58.974940+09:00
Knowledge Fund,110.0,0.0,success,False,2026-08-21T02:29:31.555266+09:00
Knowledge Gate,22200.0,0.0,success,True,2026-08-17T20:35:52.510868+09:00
Knowledge Generator,20.0,2.0,success,False,2026-08-27T23:36:23.122509+09:00
Knowledge Grade,,,failed,False,2026-08-21T00:30:27.321926+09:00
Knowledge Grid,480.0,0.0,success,False,2026-08-17T20:39:11.470645+09:00
Knowledge Guard,,,failed,False,2026-08-17T21:41:47.180143+09:00
Knowledge Guardian,720.0,0.0,success,False,2026-08-28T00:27:12.240224+09:00
Knowledge Guidebook,,,failed,False,2026-08-18T23:51:23.817197+09:00
Knowledge Helper,,,failed,False,2026-08-28T00:27:14.671575+09:00
Knowledge History,480.0,24.0,success,False,2026-08-19T20:45:12.440392+09:00
Knowledge Hub,40500.0,2.0,success,False,2026-08-17T21:36:12.498401+09:00
Knowledge Identifier,,,failed,False,2026-08-23T13:05:41.403029+09:00
Knowledge Index,90.0,0.0,success,False,2026-08-19T21:31:38.211604+09:00
Knowledge Insight,390.0,1.0,success,False,2026-08-17T23:06:20.939022+09:00
Knowledge Item,50.0,0.0,success,False,2026-08-21T01:56:55.992066+09:00
Knowledge Journal,880.0,3.0,success,False,2026-08-18T23:51:23.817197+09:00
Knowledge Keeper,480.0,1.0,success,False,2026-08-17T20:31:52.293572+09:00
Knowledge Lab,1600.0,1.0,success,False,2026-08-17T21:34:34.023181+09:00
Knowledge Label,10.0,0.0,success,False,2026-08-27T22:12:02.778487+09:00
Knowledge Ledger,,,failed,False,2026-08-17T21:39:13.221117+09:00
Knowledge Lens,320.0,0.0,success,False,2026-08-17T20:32:26.534581+09:00
Knowledge Level,1600.0,0.0,success,True,2026-08-19T20:45:25.764339+09:00
Knowledge Link,6600.0,0.0,success,True,2026-08-23T03:15:35.333103+09:00
Knowledge List,110.0,0.0,success,False,2026-08-19T21:47:08.663103+09:00
Knowledge Loan,,,failed,False,2026-08-21T02:13:20.223987+09:00
Knowledge Locator,10.0,0.0,success,False,2026-08-19T00:00:38.616891+09:00
Knowledge Lock,10.0,0.0,success,False,2026-08-17T20:34:29.454165+09:00
Knowledge Log,10.0,3.0,success,False,2026-08-19T13:25:53.621438+09:00
Knowledge Loop,70.0,1.0,success,False,2026-08-17T20:40:03.112671+09:00
Knowledge Manager,1300.0,3.0,success,False,2026-08-18T07:52:10.902319+09:00
Knowledge Manual,,,failed,False,2026-08-27T22:12:02.778487+09:00
Knowledge Map,8100.0,2.0,success,False,2026-08-17T20:33:33.696511+09:00
Knowledge Memo,,,failed,False,2026-08-21T00:30:34.487987+09:00
Knowledge Meter,10.0,0.0,success,False,2026-08-17T20:43:46.830313+09:00
Knowledge Metrics,10.0,2.0,success,False,2026-08-17T23:28:52.290735+09:00
Knowledge Monitor,10.0,0.0,success,False,2026-08-17T23:28:34.893276+09:00
Knowledge Navigator,880.0,0.0,success,False,2026-08-17T23:08:04.686791+09:00
Knowledge Nexus,720.0,1.0,success,False,2026-08-17T20:34:53.035348+09:00
Knowledge Node,40.0,1.0,success,False,2026-08-17T20:36:52.122948+09:00
Knowledge Note,210.0,2.0,success,False,2026-08-19T13:27:18.608287+09:00
Knowledge Notification,,,failed,False,2026-08-27T22:49:35.364614+09:00
Knowledge Office,40.0,1.0,success,False,2026-08-19T00:01:01.996823+09:00
Knowledge Ops,140.0,1.0,success,False,2026-08-17T23:29:43.400125+09:00
Knowledge Organizer,210.0,3.0,success,False,2026-08-17T23:11:40.322748+09:00
Knowledge Outline,,,failed,False,2026-08-27T22:29:07.164636+09:00
Knowledge Overage,,,failed,False,2026-08-27T21:48:07.167837+09:00
Knowledge Overdue,,,failed,False,2026-08-27T21:48:00.691172+09:00
Knowledge Panel,8100.0,4.0,success,False,2026-08-17T20:45:34.633599+09:00
Knowledge Pass,20.0,7.0,success,False,2026-08-21T00:29:45.511428+09:00
Knowledge Path,110.0,3.0,success,False,2026-08-17T20:36:20.228244+09:00
Knowledge Payoff,,,failed,False,2026-08-27T21:48:04.359972+09:00
Knowledge Petition,,,failed,False,2026-08-21T01:04:45.668721+09:00
Knowledge Pilot,90.0,18.0,success,False,2026-08-17T21:35:06.399475+09:00
Knowledge Plan,30.0,3.0,success,False,2026-08-21T01:57:02.115497+09:00
Knowledge Planner,10.0,2.0,success,False,2026-08-17T23:04:25.350258+09:00
Knowledge Playbook,,,failed,False,2026-08-18T23:51:23.817197+09:00
Knowledge Point,2900.0,3.0,success,False,2026-08-17T20:35:22.813816+09:00
Knowledge Portal,1600.0,1.0,success,False,2026-08-17T20:47:50.375793+09:00
Knowledge Preview,,,failed,False,2026-08-28T01:08:56.786303+09:00
Knowledge Profile,90.0,0.0,success,False,2026-08-19T13:27:50.683202+09:00
Knowledge Pulse,50.0,5.0,success,False,2026-08-17T20:38:13.537846+09:00
Knowledge Quota,,,failed,False,2026-08-21T00:30:39.454023+09:00
Knowledge Radar,10.0,0.0,success,False,2026-08-17T21:33:04.357190+09:00
Knowledge Rail,,,failed,False,2026-08-17T20:40:27.760312+09:00
Knowledge Rank,10.0,0.0,success,False,2026-08-28T00:48:57.800361+09:00
Knowledge Rate,30.0,0.0,success,False,2026-08-19T20:45:35.048925+09:00
Knowledge Recap,20.0,1.0,success,False,2026-08-21T01:05:05.236354+09:00
Knowledge Register,30.0,0.0,success,False,2026-08-17T23:14:57.452489+09:00
Knowledge Registry,,,failed,False,2026-08-18T23:51:23.817197+09:00
Knowledge Relay,40.0,0.0,success,False,2026-08-17T21:31:52.108049+09:00
Knowledge Reminder,,,failed,False,2026-08-19T21:31:29.606643+09:00
Knowledge Report,40.0,0.0,success,False,2026-08-19T13:25:47.267780+09:00
Knowledge Repository,590.0,6.0,success,False,2026-08-27T23:15:25.030230+09:00
Knowledge Roadmap,10.0,5.0,success,False,2026-08-18T22:02:52.692456+09:00
Knowledge Roster,,,failed,False,2026-08-19T00:37:17.107740+09:00
Knowledge Route,,,failed,False,2026-08-17T20:42:01.579820+09:00
Knowledge Rule,20.0,0.0,success,False,2026-08-23T03:15:41.007114+09:00
Knowledge Sale,,,failed,False,2026-08-21T02:29:40.223505+09:00
Knowledge Sample,10.0,0.0,success,False,2026-08-19T21:48:07.459723+09:00
Knowledge Scale,210.0,0.0,success,False,2026-08-17T20:42:50.595044+09:00
Knowledge Scanner,,,failed,False,2026-08-27T23:58:28.934840+09:00
Knowledge Scheduler,,,failed,False,2026-08-17T23:28:11.546877+09:00
Knowledge Scope,40.0,1.0,success,False,2026-08-17T20:40:49.686418+09:00
Knowledge Score,40.0,0.0,success,False,2026-08-19T13:27:09.579518+09:00
Knowledge Sentry,10.0,0.0,success,False,2026-08-17T20:33:01.756540+09:00
Knowledge Sheet,70.0,0.0,success,False,2026-08-19T13:26:27.174031+09:00
Knowledge Shortfall,,,failed,False,2026-08-27T21:48:11.561191+09:00
Knowledge Signal,,,failed,False,2026-08-17T20:42:21.345142+09:00
Knowledge Slip,,,failed,False,2026-08-19T21:47:52.868004+09:00
Knowledge Slot,,,failed,False,2026-08-19T21:48:19.671606+09:00
Knowledge Snapshot,,,failed,False,2026-08-18T23:51:23.817197+09:00
Knowledge Statement,210.0,0.0,success,False,2026-08-21T00:30:14.861916+09:00
Knowledge Station,210.0,1.0,success,False,2026-08-17T21:33:30.231055+09:00
Knowledge Status,170.0,3.0,success,False,2026-08-19T20:44:53.798353+09:00
Knowledge Streak,10.0,0.0,success,False,2026-08-28T00:48:52.338706+09:00
Knowledge Stub,,,failed,False,2026-08-21T00:30:05.948049+09:00
Knowledge Studio,480.0,3.0,success,False,2026-08-17T21:35:38.144027+09:00
Knowledge Suite,2400.0,9.0,success,False,2026-08-17T23:27:47.140187+09:00
Knowledge Sum,,,failed,False,2026-08-21T02:29:22.487025+09:00
Knowledge Summary,50.0,1.0,success,False,2026-08-19T21:31:14.747264+09:00
Knowledge Sync,880.0,1.0,success,False,2026-08-17T21:38:24.477715+09:00
Knowledge Tab,20.0,0.0,success,False,2026-08-21T00:30:53.488074+09:00
Knowledge Table,50.0,7.0,success,False,2026-08-19T21:47:24.408619+09:00
Knowledge Tag,20.0,0.0,success,False,2026-08-19T13:27:40.228305+09:00
Knowledge Tally,,,failed,False,2026-08-21T00:30:22.823388+09:00
Knowledge Tariff,,,failed,False,2026-08-21T02:45:23.002534+09:00
Knowledge Tax,210.0,3.0,success,False,2026-08-21T02:13:15.591815+09:00
Knowledge Ticket,10.0,0.0,success,False,2026-08-19T21:31:47.611554+09:00
Knowledge Tier,,,failed,False,2026-08-28T00:48:57.800361+09:00
Knowledge Timeline,20.0,0.0,success,False,2026-08-19T21:31:21.634231+09:00
Knowledge Toll,,,failed,False,2026-08-21T02:45:16.049005+09:00
Knowledge Toolbox,10.0,6.0,success,False,2026-08-28T00:27:14.671575+09:00
Knowledge Toolkit,10.0,21.0,success,False,2026-08-18T23:51:23.817197+09:00
Knowledge Tracker,260.0,4.0,success,False,2026-08-17T21:40:01.418165+09:00
Knowledge Trail,70.0,8.0,success,False,2026-08-17T20:39:33.830984+09:00
Knowledge Trend,,,failed,False,2026-08-28T01:08:52.515259+09:00
Knowledge Trial,10.0,2.0,success,False,2026-08-27T21:17:03.008156+09:00
Knowledge Unit,50.0,0.0,success,False,2026-08-21T02:05:51.453888+09:00
Knowledge Update,260.0,0.0,success,False,2026-08-19T20:45:40.802029+09:00
Knowledge Value,390.0,0.0,success,False,2026-08-23T02:52:26.045301+09:00
Knowledge Vault,720.0,2.0,success,False,2026-08-17T21:30:43.453478+09:00
Knowledge Version,10.0,0.0,success,False,2026-08-23T03:15:32.798139+09:00
Knowledge View,30.0,2.0,success,False,2026-08-19T20:45:04.260812+09:00
Knowledge Voucher,,,failed,False,2026-08-21T00:29:53.018137+09:00
Knowledge Watch,70.0,16.0,success,False,2026-08-17T20:41:38.152103+09:00
Knowledge Wave,1000.0,7.0,success,False,2026-08-17T20:37:19.032635+09:00
Knowledge Widget,10.0,10.0,success,False,2026-08-27T23:15:18.585578+09:00
Knowledge Workbench,10.0,5.0,success,False,2026-08-18T23:51:23.817197+09:00
Knowledge Worksheet,,,failed,False,2026-08-27T22:12:11.460290+09:00
Knowledge Workshop,30.0,0.0,success,False,2026-08-28T00:27:09.738576+09:00
Knowledge Zone,480.0,0.0,success,False,2026-08-17T21:30:10.122952+09:00
Ladder Alert,,,failed,False,2026-08-19T21:07:47.829296+09:00
Ladder Allowance,,,failed,False,2026-08-21T02:44:13.647823+09:00
Ladder Analyzer,,,failed,False,2026-08-27T23:51:21.141566+09:00
Ladder Assistant,10.0,0.0,success,False,2026-08-19T21:31:31.502788+09:00
Ladder Atlas,10.0,100.0,success,False,2026-08-19T21:31:01.684338+09:00
Ladder Base,260.0,100.0,success,False,2026-08-19T21:19:09.949699+09:00
Ladder Beacon,,,failed,False,2026-08-19T21:16:36.317434+09:00
Ladder Bill,40.0,0.0,success,False,2026-08-19T22:00:52.695969+09:00
Ladder Bin,90.0,13.0,success,False,2026-08-19T21:08:07.894185+09:00
Ladder Board,590.0,38.0,success,False,2026-08-19T21:19:47.057352+09:00
Ladder Book,170.0,42.0,success,False,2026-08-19T22:01:42.804571+09:00
Ladder Bridge,390.0,23.0,success,False,2026-08-19T21:17:15.430061+09:00
Ladder Brief,,,failed,False,2026-08-21T01:01:30.993537+09:00
Ladder Bulletin,,,failed,False,2026-08-21T01:01:28.263811+09:00
Ladder Cabinet,320.0,100.0,success,False,2026-08-27T23:16:34.240680+09:00
Ladder Calendar,,,failed,False,2026-08-19T21:04:09.833583+09:00
Ladder Cascade,,,failed,False,2026-08-19T21:17:02.639874+09:00
Ladder Cash,10.0,2.0,success,False,2026-08-21T02:28:08.522679+09:00
Ladder Catalog,10.0,0.0,success,False,2026-08-19T21:14:42.578262+09:00
Ladder Center,20.0,27.0,success,False,2026-08-19T21:29:26.779055+09:00
Ladder Chain,390.0,56.0,success,False,2026-08-19T21:30:31.013934+09:00
Ladder Charge,20.0,0.0,success,False,2026-08-21T02:44:04.894763+09:00
Ladder Chart,390.0,0.0,success,False,2026-08-19T21:07:57.029357+09:00
Ladder Check,70.0,79.0,success,False,2026-08-19T21:10:27.505284+09:00
Ladder Checker,,,failed,False,2026-08-27T23:51:15.530091+09:00
Ladder Checklist,320.0,78.0,success,False,2026-08-19T21:13:50.204351+09:00
Ladder Code,480.0,0.0,success,False,2026-08-19T22:01:11.142813+09:00
Ladder Companion,10.0,43.0,success,False,2026-08-19T21:32:06.209951+09:00
Ladder Compass,,,failed,False,2026-08-19T21:16:25.825046+09:00
Ladder Confirmation,,,failed,False,2026-08-21T01:01:47.037702+09:00
Ladder Console,10.0,100.0,success,False,2026-08-19T21:29:47.496953+09:00
Ladder Core,,,failed,False,2026-08-19T21:19:21.338240+09:00
Ladder Cost,1600.0,42.0,success,False,2026-08-21T02:11:18.638927+09:00
Ladder Count,,,failed,False,2026-08-27T22:50:55.041515+09:00
Ladder Counter,20.0,0.0,success,False,2026-08-19T21:05:12.493876+09:00
Ladder Deal,480.0,100.0,success,False,2026-08-21T01:54:58.367500+09:00
Ladder Debt,,,failed,False,2026-08-21T02:28:00.693334+09:00
Ladder Deck,390.0,85.0,success,False,2026-08-19T21:19:58.668783+09:00
Ladder Desk,8100.0,100.0,success,False,2026-08-19T21:15:42.753829+09:00
Ladder Detail,110.0,7.0,success,False,2026-08-23T03:15:03.447052+09:00
Ladder Diagram,12100.0,0.0,success,True,2026-08-27T22:13:27.898794+09:00
Ladder Directory,,,failed,False,2026-08-19T21:04:22.708628+09:00
Ladder Dossier,,,failed,False,2026-08-21T01:01:54.342698+09:00
Ladder Downpayment,,,failed,False,2026-08-27T21:49:01.717649+09:00
Ladder Draft,10.0,0.0,success,False,2026-08-19T21:13:02.504471+09:00
Ladder Duty,,,failed,False,2026-08-21T02:44:07.576254+09:00
Ladder Engine,110.0,16.0,success,False,2026-08-19T21:31:23.417988+09:00
Ladder Entry,10.0,0.0,success,False,2026-08-21T01:02:09.128989+09:00
Ladder Estimate,,,failed,False,2026-08-19T21:14:31.473745+09:00
Ladder Estimator,,,failed,False,2026-08-27T23:51:12.915875+09:00
Ladder Excerpt,,,failed,False,2026-08-21T01:02:57.004719+09:00
Ladder Fare,,,failed,False,2026-08-21T02:11:27.429616+09:00
Ladder Fee,,,failed,False,2026-08-21T01:54:37.378039+09:00
Ladder Feed,,,failed,False,2026-08-19T21:12:48.974552+09:00
Ladder File,20.0,0.0,success,False,2026-08-19T21:11:55.349483+09:00
Ladder Fine,,,failed,False,2026-08-23T02:58:29.711332+09:00
Ladder Flag,50.0,11.0,success,False,2026-08-21T00:26:49.726902+09:00
Ladder Flow,110.0,2.0,success,False,2026-08-19T21:15:19.107238+09:00
Ladder Form,140.0,1.0,success,False,2026-08-19T21:09:50.193216+09:00
Ladder Format,140.0,1.0,success,False,2026-08-23T13:05:39.073326+09:00
Ladder Frame,4400.0,6.0,success,False,2026-08-19T21:19:00.035786+09:00
Ladder Fund,,,failed,False,2026-08-21T02:28:03.624635+09:00
Ladder Gate,390.0,100.0,success,False,2026-08-19T21:30:45.595196+09:00
Ladder Grade,,,failed,False,2026-08-21T00:26:36.041366+09:00
Ladder Guardian,20.0,100.0,success,False,2026-08-28T00:21:43.222424+09:00
Ladder Helpdesk,,,failed,False,2026-08-27T22:50:57.800091+09:00
Ladder Helper,260.0,99.0,success,False,2026-08-28T00:21:49.130858+09:00
Ladder History,90.0,0.0,success,False,2026-08-19T21:11:44.619551+09:00
Ladder Hotline,,,failed,False,2026-08-19T21:14:53.889746+09:00
Ladder Hub,30.0,34.0,success,False,2026-08-19T21:15:31.407245+09:00
Ladder Identifier,,,failed,False,2026-08-23T13:05:32.456522+09:00
Ladder Inbox,,,failed,False,2026-08-19T21:07:36.739108+09:00
Ladder Index,,,failed,False,2026-08-19T21:14:01.404689+09:00
Ladder Item,,,failed,False,2026-08-21T01:54:42.335376+09:00
Ladder Journal,,,failed,False,2026-08-19T21:03:41.880915+09:00
Ladder Keeper,40.0,66.0,success,False,2026-08-19T21:31:09.123245+09:00
Ladder Kit,110.0,99.0,success,False,2026-08-27T22:50:55.041515+09:00
Ladder Lab,50.0,0.0,success,False,2026-08-19T21:29:00.879622+09:00
Ladder Label,320.0,97.0,success,False,2026-08-27T22:13:16.015424+09:00
Ladder Ledger,,,failed,False,2026-08-19T21:19:35.712806+09:00
Ladder Level,4400.0,100.0,success,False,2026-08-19T21:12:07.891173+09:00
Ladder Line,720.0,26.0,success,False,2026-08-19T21:08:50.261483+09:00
Ladder List,30.0,3.0,success,False,2026-08-19T22:01:20.262131+09:00
Ladder Loan,1900.0,66.0,success,False,2026-08-21T02:11:34.732367+09:00
Ladder Locator,140.0,0.0,success,False,2026-08-19T21:04:36.711918+09:00
Ladder Log,90.0,50.0,success,False,2026-08-19T21:09:40.471721+09:00
Ladder Manager,,,failed,False,2026-08-19T21:31:14.747264+09:00
Ladder Manual,50.0,97.0,success,False,2026-08-27T22:13:20.966698+09:00
Ladder Map,140.0,0.0,success,False,2026-08-19T21:18:42.622010+09:00
Ladder Margin,,,failed,False,2026-08-23T02:58:27.713523+09:00
Ladder Memo,,,failed,False,2026-08-21T00:26:39.162393+09:00
Ladder Message,,,failed,False,2026-08-27T23:16:26.018143+09:00
Ladder Monitor,,,failed,False,2026-08-19T21:31:59.320296+09:00
Ladder Nexus,,,failed,False,2026-08-19T21:30:54.257177+09:00
Ladder Note,170.0,5.0,success,False,2026-08-19T21:10:50.221080+09:00
Ladder Notification,,,failed,False,2026-08-27T22:50:47.949618+09:00
Ladder Number,320.0,6.0,success,False,2026-08-23T03:14:42.643964+09:00
Ladder Office,210.0,100.0,success,False,2026-08-19T21:04:59.839669+09:00
Ladder Ops,20.0,0.0,success,False,2026-08-19T21:32:21.399233+09:00
Ladder Order,70.0,99.0,success,False,2026-08-19T22:00:43.745625+09:00
Ladder Overage,,,failed,False,2026-08-27T21:48:59.482652+09:00
Ladder Overdue,,,failed,False,2026-08-27T21:48:54.950777+09:00
Ladder Panel,50.0,3.0,success,False,2026-08-19T21:29:53.324584+09:00
Ladder Path,20.0,0.0,success,False,2026-08-19T21:18:22.582804+09:00
Ladder Payoff,,,failed,False,2026-08-27T21:48:57.191063+09:00
Ladder Petition,,,failed,False,2026-08-21T01:01:41.528292+09:00
Ladder Plan,390.0,5.0,success,False,2026-08-21T01:54:53.118600+09:00
Ladder Planner,390.0,5.0,success,False,2026-08-19T21:31:40.381854+09:00
Ladder Playbook,,,failed,False,2026-08-19T21:03:27.831086+09:00
Ladder Point,110.0,9.0,success,False,2026-08-19T21:18:32.816387+09:00
Ladder Portal,10.0,0.0,success,False,2026-08-19T21:29:40.498335+09:00
Ladder Preview,,,failed,False,2026-08-28T01:03:04.018813+09:00
Ladder Profile,30.0,0.0,success,False,2026-08-19T21:11:12.970448+09:00
Ladder Profit,,,failed,False,2026-08-23T02:58:22.138968+09:00
Ladder Proposal,,,failed,False,2026-08-28T01:03:04.018813+09:00
Ladder Queue,,,failed,False,2026-08-19T21:14:21.531663+09:00
Ladder Radar,30.0,0.0,success,False,2026-08-19T21:15:52.181697+09:00
Ladder Rail,1300.0,87.0,success,False,2026-08-19T21:30:16.349132+09:00
Ladder Rate,260.0,95.0,success,False,2026-08-19T21:12:20.631006+09:00
Ladder Recap,,,failed,False,2026-08-21T01:02:00.042656+09:00
Ladder Receipt,,,failed,False,2026-08-19T22:01:01.799694+09:00
Ladder Recorder,,,failed,False,2026-08-27T23:31:16.874593+09:00
Ladder Register,140.0,96.0,success,False,2026-08-19T21:32:13.666054+09:00
Ladder Registry,,,failed,False,2026-08-19T21:03:55.204280+09:00
Ladder Relay,70.0,0.0,success,False,2026-08-19T21:16:02.434865+09:00
Ladder Reminder,,,failed,False,2026-08-19T21:13:38.700903+09:00
Ladder Report,10.0,5.0,success,False,2026-08-19T21:09:25.998389+09:00
Ladder Ring,260.0,35.0,success,False,2026-08-19T21:30:36.862882+09:00
Ladder Roster,,,failed,False,2026-08-19T21:07:27.526395+09:00
Ladder Route,20.0,1.0,success,False,2026-08-19T21:30:10.428031+09:00
Ladder Rule,320.0,7.0,success,False,2026-08-23T03:14:59.429482+09:00
Ladder Sale,1600.0,100.0,success,False,2026-08-21T02:28:12.321639+09:00
Ladder Sample,20.0,55.0,success,False,2026-08-19T22:02:02.684993+09:00
Ladder Scale,170.0,15.0,success,False,2026-08-19T21:30:03.373519+09:00
Ladder Scheduler,,,failed,False,2026-08-19T21:31:50.558670+09:00
Ladder Schematic,170.0,0.0,success,False,2026-08-27T22:29:20.594574+09:00
Ladder Sheet,210.0,1.0,success,False,2026-08-19T21:10:18.944671+09:00
Ladder Shortfall,,,failed,False,2026-08-27T21:49:04.119579+09:00
Ladder Signal,,,failed,False,2026-08-19T21:17:25.572760+09:00
Ladder Slip,40.0,60.0,success,False,2026-08-19T22:01:53.877884+09:00
Ladder Slot,30.0,100.0,success,False,2026-08-19T22:02:12.630536+09:00
Ladder Stake,,,failed,False,2026-08-23T02:58:27.713523+09:00
Ladder Statement,30.0,0.0,success,False,2026-08-21T00:26:25.580219+09:00
Ladder Station,50.0,35.0,success,False,2026-08-19T21:29:10.316262+09:00
Ladder Status,,,failed,False,2026-08-19T21:11:21.991848+09:00
Ladder Studio,30.0,0.0,success,False,2026-08-19T21:20:10.804990+09:00
Ladder Sum,10.0,0.0,success,False,2026-08-21T02:27:53.442278+09:00
Ladder Summary,,,failed,False,2026-08-19T21:13:15.643031+09:00
Ladder Tab,,,failed,False,2026-08-21T00:26:55.838634+09:00
Ladder Table,480.0,100.0,success,False,2026-08-19T22:01:31.900197+09:00
Ladder Tag,1600.0,100.0,success,False,2026-08-19T21:11:02.607888+09:00
Ladder Tally,,,failed,False,2026-08-21T00:26:30.376720+09:00
Ladder Tariff,,,failed,False,2026-08-21T02:44:16.067023+09:00
Ladder Tax,90.0,2.0,success,False,2026-08-21T02:11:30.479876+09:00
Ladder Terminal,20.0,16.0,success,False,2026-08-19T21:29:19.590151+09:00
Ladder Ticker,,,failed,False,2026-08-19T21:08:37.744349+09:00
Ladder Ticket,20.0,3.0,success,False,2026-08-19T21:14:11.257032+09:00
Ladder Timeline,110.0,1.0,success,False,2026-08-19T21:13:25.403661+09:00
Ladder Toll,,,failed,False,2026-08-21T02:44:11.415890+09:00
Ladder Toolbox,90.0,84.0,success,False,2026-08-28T00:21:45.963780+09:00
Ladder Total,,,failed,False,2026-08-27T23:16:30.238245+09:00
Ladder Tracker,480.0,50.0,success,False,2026-08-19T21:15:06.542256+09:00
Ladder Trail,170.0,1.0,success,False,2026-08-19T21:30:22.896569+09:00
Ladder Trial,50.0,32.0,success,False,2026-08-27T21:17:47.451913+09:00
Ladder Unit,390.0,100.0,success,False,2026-08-21T01:54:44.608475+09:00
Ladder Update,10.0,0.0,success,False,2026-08-19T21:12:30.069108+09:00
Ladder Value,1000.0,1.0,success,False,2026-08-23T02:58:24.249422+09:00
Ladder Vault,,,failed,False,2026-08-19T21:16:11.566322+09:00
Ladder View,30.0,0.0,success,False,2026-08-19T21:11:31.992305+09:00
Ladder Watch,70.0,66.0,success,False,2026-08-19T21:17:35.138769+09:00
Ladder Widget,,,failed,False,2026-08-27T23:16:34.240680+09:00
Ladder Window,1000.0,98.0,success,False,2026-08-19T21:09:00.850536+09:00
Ladder Worksheet,390.0,0.0,success,False,2026-08-27T22:13:24.343596+09:00
Ladder Workshop,,,failed,False,2026-08-28T00:21:40.685047+09:00
Ladder Zone,,,failed,False,2026-08-19T21:29:34.148902+09:00
Landlord Advance,,,failed,False,2026-08-23T16:15:01.314751+09:00
Landlord Advisory,10.0,23.0,success,False,2026-08-21T01:04:04.572867+09:00
Landlord Alert,10.0,,success,False,2026-08-21T00:07:51.744677+09:00
Landlord Allowance,30.0,1.0,success,False,2026-08-21T02:42:54.824749+09:00
Landlord Analyzer,,,failed,False,2026-08-27T23:53:12.173263+09:00
Landlord Announcement,,,failed,False,2026-08-27T23:32:42.762901+09:00
Landlord Arrears,10.0,0.0,success,False,2026-08-23T16:15:01.314751+09:00
Landlord Asset,,,failed,False,2026-08-23T13:46:43.137504+09:00
Landlord Assistant,170.0,16.0,success,False,2026-08-21T00:06:22.845965+09:00
Landlord Atlas,,,failed,False,2026-08-21T00:06:08.424463+09:00
Landlord Attribute,,,failed,False,2026-08-23T13:05:04.506045+09:00
Landlord Badge,,,failed,False,2026-08-21T00:28:00.116915+09:00
Landlord Balance,,,failed,False,2026-08-23T13:46:40.614274+09:00
Landlord Base,,,failed,False,2026-08-21T00:11:47.014910+09:00
Landlord Bay,,,failed,False,2026-08-21T00:07:16.411531+09:00
Landlord Beacon,,,failed,False,2026-08-21T00:10:58.171885+09:00
Landlord Bill,140.0,7.0,success,False,2026-08-21T00:10:04.105660+09:00
Landlord Bin,,,failed,False,2026-08-21T00:07:59.311862+09:00
Landlord Board,135000.0,27.0,success,False,2026-08-21T00:11:58.658369+09:00
Landlord Book,110.0,100.0,success,False,2026-08-21T00:10:14.810334+09:00
Landlord Booth,,,failed,False,2026-08-21T00:07:07.636475+09:00
Landlord Bridge,,,failed,False,2026-08-21T00:11:07.276592+09:00
Landlord Brief,,,failed,False,2026-08-21T01:03:56.741736+09:00
Landlord Bulletin,,,failed,False,2026-08-21T01:03:51.285961+09:00
Landlord Calculator,210.0,36.0,success,False,2026-08-27T23:32:47.063702+09:00
Landlord Card,30.0,5.0,success,False,2026-08-21T00:08:39.923175+09:00
Landlord Cascade,,,failed,False,2026-08-21T00:11:04.008018+09:00
Landlord Cash,,,failed,False,2026-08-21T02:26:10.275506+09:00
Landlord Category,,,failed,False,2026-08-23T13:04:57.008398+09:00
Landlord Center,,,failed,False,2026-08-21T00:05:26.838977+09:00
Landlord Chain,,,failed,False,2026-08-21T00:05:56.272120+09:00
Landlord Charge,20.0,10.0,success,False,2026-08-21T02:42:47.286881+09:00
Landlord Chart,70.0,4.0,success,False,2026-08-21T00:07:55.712848+09:00
Landlord Check,590.0,20.0,success,False,2026-08-21T00:08:45.670716+09:00
Landlord Checker,590.0,20.0,success,False,2026-08-27T23:52:57.703687+09:00
Landlord Circular,,,failed,False,2026-08-21T01:04:00.035751+09:00
Landlord Code,50.0,0.0,success,False,2026-08-21T00:10:08.386733+09:00
Landlord Companion,,,failed,False,2026-08-21T00:06:33.457247+09:00
Landlord Comparison,,,failed,False,2026-08-28T01:04:49.164769+09:00
Landlord Confirmation,30.0,7.0,success,False,2026-08-21T01:04:18.102523+09:00
Landlord Console,,,failed,False,2026-08-21T00:05:36.511484+09:00
Landlord Core,,,failed,False,2026-08-21T00:11:51.224044+09:00
Landlord Cost,140.0,17.0,success,False,2026-08-21T02:09:05.168889+09:00
Landlord Count,,,failed,False,2026-08-27T22:51:51.167010+09:00
Landlord Counter,,,failed,False,2026-08-21T00:07:02.641295+09:00
Landlord Deal,,,failed,False,2026-08-21T01:51:40.699894+09:00
Landlord Debt,30.0,8.0,success,False,2026-08-21T02:26:02.985234+09:00
Landlord Deck,20.0,11.0,success,False,2026-08-21T00:12:01.439565+09:00
Landlord Desk,20.0,11.0,success,False,2026-08-21T00:10:39.439345+09:00
Landlord Detail,,,failed,False,2026-08-23T03:24:05.243173+09:00
Landlord Detector,,,failed,False,2026-08-27T23:53:07.557701+09:00
Landlord Directory,20.0,21.0,success,False,2026-08-21T00:06:55.425363+09:00
Landlord Discount,10.0,11.0,success,False,2026-08-23T16:14:53.191797+09:00
Landlord Dossier,,,failed,False,2026-08-21T01:04:22.356565+09:00
Landlord Downpayment,,,failed,False,2026-08-27T21:49:35.975851+09:00
Landlord Draft,,,failed,False,2026-08-21T00:09:33.821521+09:00
Landlord Due,,,failed,False,2026-08-23T15:51:47.066948+09:00
Landlord Duty,880.0,10.0,success,False,2026-08-21T02:42:49.671896+09:00
Landlord Engine,,,failed,False,2026-08-21T00:06:19.535864+09:00
Landlord Entry,30.0,0.0,success,False,2026-08-21T01:04:41.877436+09:00
Landlord Estimate,,,failed,False,2026-08-21T00:09:59.655575+09:00
Landlord Estimator,,,failed,False,2026-08-27T23:52:54.402675+09:00
Landlord Excerpt,,,failed,False,2026-08-21T01:05:11.632109+09:00
Landlord Fare,,,failed,False,2026-08-21T02:09:12.482274+09:00
Landlord Fee,170.0,15.0,success,False,2026-08-21T01:51:26.021065+09:00
Landlord Feed,,,failed,False,2026-08-21T00:09:30.468859+09:00
Landlord Field,,,failed,False,2026-08-23T13:05:07.059909+09:00
Landlord File,,,failed,False,2026-08-21T00:09:11.987938+09:00
Landlord Fine,390.0,0.0,success,False,2026-08-23T02:57:43.117346+09:00
Landlord Flag,20.0,13.0,success,False,2026-08-21T00:28:53.322616+09:00
Landlord Flow,,,failed,False,2026-08-21T00:10:34.597077+09:00
Landlord Forge,,,failed,False,2026-08-21T00:11:01.156571+09:00
Landlord Form,590.0,45.0,success,False,2026-08-21T00:08:35.535549+09:00
Landlord Format,,,failed,False,2026-08-23T13:05:09.962757+09:00
Landlord Frame,,,failed,False,2026-08-21T00:11:41.126262+09:00
Landlord Fund,,,failed,False,2026-08-21T02:26:06.975454+09:00
Landlord Gate,,,failed,False,2026-08-21T00:06:02.924923+09:00
Landlord Generator,10.0,0.0,success,False,2026-08-27T23:32:49.894310+09:00
Landlord Grade,,,failed,False,2026-08-21T00:28:32.365756+09:00
Landlord Grid,,,failed,False,2026-08-21T00:11:23.626216+09:00
Landlord Guarantee,10.0,52.0,success,False,2026-08-28T01:04:54.734993+09:00
Landlord Guardian,10.0,0.0,success,False,2026-08-28T00:23:24.069179+09:00
Landlord Harbor,,,failed,False,2026-08-21T00:07:30.087170+09:00
Landlord Helpdesk,,,failed,False,2026-08-27T22:51:51.167010+09:00
Landlord Helper,390.0,48.0,success,False,2026-08-28T00:23:26.429201+09:00
Landlord History,40.0,3.0,success,False,2026-08-21T00:09:09.007645+09:00
Landlord Hub,90.0,31.0,success,False,2026-08-21T00:10:37.172281+09:00
Landlord Identifier,,,failed,False,2026-08-23T13:04:54.297618+09:00
Landlord Inbox,,,failed,False,2026-08-21T00:07:47.780593+09:00
Landlord Index,,,failed,False,2026-08-21T00:09:46.713564+09:00
Landlord Installment,,,failed,False,2026-08-23T16:14:53.191797+09:00
Landlord Interest,10.0,0.0,success,False,2026-08-23T13:46:40.614274+09:00
Landlord Item,,,failed,False,2026-08-21T01:51:29.207159+09:00
Landlord Journal,,,failed,False,2026-08-21T00:06:45.845117+09:00
Landlord Keeper,,,failed,False,2026-08-21T00:06:10.990572+09:00
Landlord Kit,10.0,36.0,success,False,2026-08-27T22:51:44.321364+09:00
Landlord Lab,40.0,30.0,success,False,2026-08-19T22:41:53.355833+09:00
Landlord Ledger,140.0,100.0,success,False,2026-08-21T00:11:53.848385+09:00
Landlord Level,,,failed,False,2026-08-21T00:09:15.337380+09:00
Landlord Levy,10.0,0.0,success,False,2026-08-23T13:46:43.137504+09:00
Landlord Line,10.0,15.0,success,False,2026-08-21T00:08:16.662845+09:00
Landlord Link,720.0,7.0,success,False,2026-08-23T03:23:58.190781+09:00
Landlord List,210.0,15.0,success,False,2026-08-21T00:10:10.668873+09:00
Landlord Loan,140.0,41.0,success,False,2026-08-21T02:09:21.519694+09:00
Landlord Lobby,10.0,1.0,success,False,2026-08-21T00:08:09.199254+09:00
Landlord Locator,10.0,14.0,success,False,2026-08-21T00:06:57.541230+09:00
Landlord Locker,,,failed,False,2026-08-21T00:07:05.249232+09:00
Landlord Log,10.0,26.0,success,False,2026-08-21T00:08:29.674648+09:00
Landlord Loop,,,failed,False,2026-08-21T00:11:21.339663+09:00
Landlord Manager,70.0,20.0,success,False,2026-08-21T00:06:15.045348+09:00
Landlord Manual,10.0,21.0,success,False,2026-08-27T22:14:02.180893+09:00
Landlord Map,140.0,3.0,success,False,2026-08-21T00:11:37.455869+09:00
Landlord Margin,,,failed,False,2026-08-23T02:57:40.926366+09:00
Landlord Markup,,,failed,False,2026-08-23T16:39:28.081272+09:00
Landlord Memo,,,failed,False,2026-08-21T00:28:39.996166+09:00
Landlord Message,,,failed,False,2026-08-27T23:10:12.340839+09:00
Landlord Monitor,,,failed,False,2026-08-21T00:06:31.070365+09:00
Landlord Nexus,,,failed,False,2026-08-21T00:06:05.500178+09:00
Landlord Note,,,failed,False,2026-08-21T00:08:50.298724+09:00
Landlord Notification,10.0,1.0,success,False,2026-08-27T22:51:44.321364+09:00
Landlord Number,140.0,8.0,success,False,2026-08-23T03:23:49.316132+09:00
Landlord Office,320.0,1.0,success,False,2026-08-21T00:06:59.654665+09:00
Landlord Ops,,,failed,False,2026-08-21T00:06:39.076451+09:00
Landlord Order,,,failed,False,2026-08-21T00:10:01.982446+09:00
Landlord Outpost,,,failed,False,2026-08-21T00:07:23.788027+09:00
Landlord Overage,,,failed,False,2026-08-27T21:49:33.781529+09:00
Landlord Overdraft,,,failed,False,2026-08-23T15:51:47.066948+09:00
Landlord Overdue,,,failed,False,2026-08-27T21:49:31.660766+09:00
Landlord Panel,,,failed,False,2026-08-21T00:05:39.660885+09:00
Landlord Pass,,,failed,False,2026-08-21T00:27:45.495734+09:00
Landlord Passport,,,failed,False,2026-08-21T00:08:03.129328+09:00
Landlord Path,,,failed,False,2026-08-21T00:11:31.112963+09:00
Landlord Payoff,,,failed,False,2026-08-27T21:49:31.660766+09:00
Landlord Penalty,,,failed,False,2026-08-23T16:39:25.527330+09:00
Landlord Petition,30.0,4.0,success,False,2026-08-21T01:04:13.537026+09:00
Landlord Plan,,,failed,False,2026-08-21T01:51:27.074379+09:00
Landlord Planner,,,failed,False,2026-08-21T00:06:26.162440+09:00
Landlord Playbook,,,failed,False,2026-08-21T00:06:41.845552+09:00
Landlord Plaza,,,failed,False,2026-08-21T00:07:26.703840+09:00
Landlord Point,,,failed,False,2026-08-21T00:11:33.849438+09:00
Landlord Portal,1300.0,15.0,success,False,2026-08-21T00:05:32.052210+09:00
Landlord Post,,,failed,False,2026-08-21T00:07:19.615144+09:00
Landlord Preview,,,failed,False,2026-08-28T01:04:51.979139+09:00
Landlord Profile,10.0,0.0,success,False,2026-08-21T00:09:00.299581+09:00
Landlord Profit,10.0,7.0,success,False,2026-08-23T02:57:36.512424+09:00
Landlord Proposal,,,failed,False,2026-08-28T01:04:51.979139+09:00
Landlord Quota,,,failed,False,2026-08-21T00:28:46.684495+09:00
Landlord Radar,10.0,7.0,success,False,2026-08-21T00:10:41.968767+09:00
Landlord Rail,,,failed,False,2026-08-21T00:05:49.318712+09:00
Landlord Rate,170.0,3.0,success,False,2026-08-21T00:09:23.484193+09:00
Landlord Recap,,,failed,False,2026-08-21T01:04:35.050629+09:00
Landlord Receipt,110.0,66.0,success,False,2026-08-21T00:10:06.230079+09:00
Landlord Register,3600.0,2.0,success,False,2026-08-21T00:06:35.659041+09:00
Landlord Relay,,,failed,False,2026-08-21T00:10:46.000113+09:00
Landlord Reminder,,,failed,False,2026-08-21T00:09:42.716549+09:00
Landlord Report,1000.0,16.0,success,False,2026-08-21T00:08:26.557259+09:00
Landlord Repository,,,failed,False,2026-08-27T23:10:19.958354+09:00
Landlord Ring,,,failed,False,2026-08-21T00:05:58.957091+09:00
Landlord Roll,10.0,,success,False,2026-08-21T00:08:22.856324+09:00
Landlord Roster,,,failed,False,2026-08-21T00:07:44.849905+09:00
Landlord Route,,,failed,False,2026-08-21T00:05:45.974525+09:00
Landlord Rule,,,failed,False,2026-08-23T03:24:01.511685+09:00
Landlord Sale,20.0,37.0,success,False,2026-08-21T02:26:14.215239+09:00
Landlord Sample,,,failed,False,2026-08-21T00:10:23.316441+09:00
Landlord Scale,,,failed,False,2026-08-21T00:05:42.702163+09:00
Landlord Scanner,,,failed,False,2026-08-27T23:53:00.851680+09:00
Landlord Scope,,,failed,False,2026-08-21T00:11:15.329507+09:00
Landlord Score,,,failed,False,2026-08-21T00:08:47.899784+09:00
Landlord Sheet,,,failed,False,2026-08-21T00:08:43.301972+09:00
Landlord Shelf,,,failed,False,2026-08-21T00:07:38.957051+09:00
Landlord Shortfall,,,failed,False,2026-08-27T21:49:35.975851+09:00
Landlord Signal,,,failed,False,2026-08-21T00:11:09.626115+09:00
Landlord Signature,50.0,4.0,success,False,2026-08-23T13:27:02.624073+09:00
Landlord Slip,,,failed,False,2026-08-21T00:10:17.224400+09:00
Landlord Slot,,,failed,False,2026-08-21T00:10:27.698876+09:00
Landlord Stake,,,failed,False,2026-08-23T02:57:38.722026+09:00
Landlord Statement,880.0,17.0,success,False,2026-08-21T00:28:15.750952+09:00
Landlord Station,390.0,34.0,success,False,2026-08-21T00:05:21.567045+09:00
Landlord Status,390.0,0.0,success,False,2026-08-21T00:09:02.871951+09:00
Landlord Stipend,,,failed,False,2026-08-23T13:46:45.487661+09:00
Landlord Stub,,,failed,False,2026-08-21T00:28:11.670318+09:00
Landlord Studio,4400.0,41.0,success,False,2026-08-19T22:41:50.846543+09:00
Landlord Subsidy,10.0,3.0,success,False,2026-08-23T15:51:49.176648+09:00
Landlord Sum,,,failed,False,2026-08-21T02:25:59.297290+09:00
Landlord Summary,,,failed,False,2026-08-21T00:09:36.388404+09:00
Landlord Surtax,,,failed,False,2026-08-23T15:51:49.176648+09:00
Landlord Tab,,,failed,False,2026-08-21T00:28:59.306676+09:00
Landlord Table,,,failed,False,2026-08-21T00:10:12.835483+09:00
Landlord Tag,,,failed,False,2026-08-21T00:08:53.382830+09:00
Landlord Tally,,,failed,False,2026-08-21T00:28:23.086581+09:00
Landlord Tariff,,,failed,False,2026-08-21T02:42:57.314001+09:00
Landlord Tax,3600.0,18.0,success,False,2026-08-21T02:09:16.825512+09:00
Landlord Terminal,20.0,10.0,success,False,2026-08-21T00:05:23.895920+09:00
Landlord Ticker,,,failed,False,2026-08-21T00:08:12.228304+09:00
Landlord Ticket,10.0,0.0,success,False,2026-08-21T00:09:56.547234+09:00
Landlord Tier,,,failed,False,2026-08-28T00:47:08.445911+09:00
Landlord Timeline,,,failed,False,2026-08-21T00:09:38.850867+09:00
Landlord Timer,,,failed,False,2026-08-28T00:23:17.850587+09:00
Landlord Toll,,,failed,False,2026-08-21T02:42:51.701755+09:00
Landlord Toolbox,10.0,30.0,success,False,2026-08-28T00:23:26.429201+09:00
Landlord Total,,,failed,False,2026-08-27T23:10:14.890839+09:00
Landlord Tower,10.0,0.0,success,False,2026-08-21T00:07:33.633888+09:00
Landlord Tracker,30.0,55.0,success,False,2026-08-21T00:10:31.102119+09:00
Landlord Trail,,,failed,False,2026-08-21T00:05:53.181576+09:00
Landlord Trend,,,failed,False,2026-08-28T01:04:46.455885+09:00
Landlord Trial,10.0,0.0,success,False,2026-08-27T21:18:26.738212+09:00
Landlord Unit,,,failed,False,2026-08-21T01:51:35.759053+09:00
Landlord Update,30.0,13.0,success,False,2026-08-21T00:09:26.936437+09:00
Landlord Value,,,failed,False,2026-08-23T02:57:36.512424+09:00
Landlord Vault,,,failed,False,2026-08-21T00:10:48.719546+09:00
Landlord Version,,,failed,False,2026-08-23T03:23:54.422715+09:00
Landlord View,,,failed,False,2026-08-21T00:09:06.463923+09:00
Landlord Voucher,,,failed,False,2026-08-21T00:27:53.671746+09:00
Landlord Wallet,,,failed,False,2026-08-27T22:51:48.588261+09:00
Landlord Watch,170.0,21.0,success,False,2026-08-21T00:11:12.755377+09:00
Landlord Wave,,,failed,False,2026-08-21T00:11:27.452285+09:00
Landlord Widget,,,failed,False,2026-08-27T23:10:17.409830+09:00
Landlord Window,,,failed,False,2026-08-21T00:08:19.938205+09:00
Landlord Worksheet,10.0,0.0,success,False,2026-08-27T22:14:08.565651+09:00
Landlord Workshop,10.0,3.0,success,False,2026-08-28T00:23:21.269207+09:00
Landlord Yard,,,failed,False,2026-08-21T00:07:13.344965+09:00
Landlord Zone,2900.0,8.0,success,False,2026-08-21T00:05:29.824761+09:00
Landscaping Advance,,,failed,False,2026-08-23T16:12:46.857371+09:00
Landscaping Advisory,,,failed,False,2026-08-21T00:59:15.258286+09:00
Landscaping Alert,,,failed,False,2026-08-19T20:48:28.899410+09:00
Landscaping Allowance,,,failed,False,2026-08-21T02:41:32.223715+09:00
Landscaping Analyzer,,,failed,False,2026-08-27T23:58:26.225716+09:00
Landscaping Arrears,,,failed,False,2026-08-23T16:12:43.953628+09:00
Landscaping Assistant,210.0,14.0,success,False,2026-08-19T20:45:40.802029+09:00
Landscaping Attribute,,,failed,False,2026-08-23T13:09:22.371145+09:00
Landscaping Balance,90.0,13.0,success,False,2026-08-23T13:45:33.532917+09:00
Landscaping Base,20.0,90.0,success,False,2026-08-19T20:42:27.783446+09:00
Landscaping Bill,590.0,100.0,success,False,2026-08-19T21:54:56.953854+09:00
Landscaping Bin,140.0,100.0,success,False,2026-08-19T20:48:40.120494+09:00
Landscaping Board,590.0,87.0,success,False,2026-08-19T20:42:48.667396+09:00
Landscaping Book,1900.0,75.0,success,False,2026-08-19T21:55:44.120814+09:00
Landscaping Brief,,,failed,False,2026-08-21T00:59:06.391670+09:00
Landscaping Bulletin,,,failed,False,2026-08-21T00:59:01.913298+09:00
Landscaping Calculator,1600.0,7.0,success,False,2026-08-27T23:36:01.279667+09:00
Landscaping Calendar,590.0,55.0,success,False,2026-08-19T20:46:36.801455+09:00
Landscaping Card,590.0,100.0,success,False,2026-08-19T20:49:35.865635+09:00
Landscaping Cash,10.0,,success,False,2026-08-21T02:24:52.539486+09:00
Landscaping Cashback,,,failed,False,2026-08-27T21:15:54.960799+09:00
Landscaping Catalog,90.0,16.0,success,False,2026-08-19T21:08:50.261483+09:00
Landscaping Category,,,failed,False,2026-08-23T13:09:19.095608+09:00
Landscaping Center,720.0,39.0,success,False,2026-08-19T20:43:36.722310+09:00
Landscaping Charge,,,failed,False,2026-08-21T02:41:21.123178+09:00
Landscaping Chart,,,failed,False,2026-08-19T20:48:35.358478+09:00
Landscaping Check,,,failed,False,2026-08-19T20:37:22.627194+09:00
Landscaping Checker,,,failed,False,2026-08-27T23:58:18.988715+09:00
Landscaping Checklist,70.0,57.0,success,False,2026-08-19T21:07:58.848698+09:00
Landscaping Circular,,,failed,False,2026-08-21T01:00:11.022856+09:00
Landscaping Code,70.0,1.0,success,False,2026-08-19T21:55:14.913375+09:00
Landscaping Comparison,,,failed,False,2026-08-28T01:09:03.847299+09:00
Landscaping Confirmation,,,failed,False,2026-08-21T00:59:30.115655+09:00
Landscaping Contribution,,,failed,False,2026-08-23T16:12:43.953628+09:00
Landscaping Core,,,failed,False,2026-08-19T20:42:34.910732+09:00
Landscaping Cost,4400.0,35.0,success,False,2026-08-21T02:08:03.839367+09:00
Landscaping Coupon,70.0,2.0,success,False,2026-08-27T21:15:54.960799+09:00
Landscaping Deal,,,failed,False,2026-08-21T01:50:46.788824+09:00
Landscaping Debt,,,failed,False,2026-08-21T02:24:39.206528+09:00
Landscaping Deck,390.0,62.0,success,False,2026-08-19T20:42:59.296448+09:00
Landscaping Detail,720.0,10.0,success,False,2026-08-23T03:22:18.461537+09:00
Landscaping Detector,,,failed,False,2026-08-27T23:58:23.732862+09:00
Landscaping Diagram,720.0,1.0,success,False,2026-08-27T22:10:43.212581+09:00
Landscaping Digest,,,failed,False,2026-08-19T20:39:07.135209+09:00
Landscaping Directory,50.0,6.0,success,False,2026-08-19T20:46:42.465530+09:00
Landscaping Discount,70.0,59.0,success,False,2026-08-23T16:12:37.758659+09:00
Landscaping Dossier,,,failed,False,2026-08-21T00:59:34.151010+09:00
Landscaping Downpayment,,,failed,False,2026-08-27T21:47:10.651342+09:00
Landscaping Draft,,,failed,False,2026-08-19T20:39:24.748166+09:00
Landscaping Due,,,failed,False,2026-08-23T15:50:51.928952+09:00
Landscaping Duty,2900.0,2.0,success,False,2026-08-21T02:41:24.321159+09:00
Landscaping Entry,10.0,3.0,success,False,2026-08-21T00:59:48.261603+09:00
Landscaping Estimate,590.0,55.0,success,False,2026-08-19T21:08:40.437861+09:00
Landscaping Estimator,50.0,52.0,success,False,2026-08-27T23:58:18.988715+09:00
Landscaping Excerpt,,,failed,False,2026-08-21T01:01:55.292277+09:00
Landscaping Fare,,,failed,False,2026-08-21T02:08:11.666475+09:00
Landscaping Fee,70.0,25.0,success,False,2026-08-21T01:50:23.005803+09:00
Landscaping Feed,,,failed,False,2026-08-19T20:39:18.061361+09:00
Landscaping Field,1300.0,9.0,success,False,2026-08-23T13:09:25.406302+09:00
Landscaping File,,,failed,False,2026-08-19T20:38:26.547735+09:00
Landscaping Finder,10.0,45.0,success,False,2026-08-19T20:46:51.690221+09:00
Landscaping Fine,,,failed,False,2026-08-23T02:56:32.879910+09:00
Landscaping Flag,720.0,100.0,success,False,2026-08-21T00:36:00.602558+09:00
Landscaping Form,9900.0,3.0,success,False,2026-08-19T20:49:28.954845+09:00
Landscaping Format,9900.0,3.0,success,False,2026-08-23T13:09:27.676904+09:00
Landscaping Fund,,,failed,False,2026-08-21T02:24:43.440499+09:00
Landscaping Generator,480.0,23.0,success,False,2026-08-27T23:36:04.672816+09:00
Landscaping Giveaway,20.0,6.0,success,False,2026-08-27T21:16:00.984636+09:00
Landscaping Grade,,,failed,False,2026-08-21T00:35:43.096296+09:00
Landscaping Graph,390.0,15.0,success,False,2026-08-27T22:10:31.579374+09:00
Landscaping Grid,590.0,94.0,success,False,2026-08-19T20:41:45.467674+09:00
Landscaping Guarantee,10.0,18.0,success,False,2026-08-28T01:09:06.544338+09:00
Landscaping Helpdesk,,,failed,False,2026-08-27T22:49:15.165017+09:00
Landscaping Helper,880.0,57.0,success,False,2026-08-28T00:27:14.671575+09:00
Landscaping History,320.0,6.0,success,False,2026-08-19T20:38:18.738836+09:00
Landscaping Hotline,,,failed,False,2026-08-19T21:09:02.600791+09:00
Landscaping Hub,,,failed,False,2026-08-19T20:39:50.711958+09:00
Landscaping Identifier,,,failed,False,2026-08-23T13:09:19.095608+09:00
Landscaping Inbox,,,failed,False,2026-08-19T20:48:23.205403+09:00
Landscaping Incentive,,,failed,False,2026-08-27T21:16:00.984636+09:00
Landscaping Index,,,failed,False,2026-08-19T21:08:07.894185+09:00
Landscaping Installment,,,failed,False,2026-08-23T16:12:41.676987+09:00
Landscaping Item,170.0,99.0,success,False,2026-08-21T01:50:28.240015+09:00
Landscaping Journal,480.0,14.0,success,False,2026-08-19T20:46:24.803660+09:00
Landscaping Keeper,,,failed,False,2026-08-19T20:45:21.816276+09:00
Landscaping Label,,,failed,False,2026-08-27T22:10:35.314261+09:00
Landscaping Layout,1300.0,7.0,success,False,2026-08-27T22:28:56.801982+09:00
Landscaping Ledger,,,failed,False,2026-08-19T20:42:39.884460+09:00
Landscaping Level,880.0,65.0,success,False,2026-08-19T20:38:36.542684+09:00
Landscaping Link,,,failed,False,2026-08-23T03:22:11.470893+09:00
Landscaping List,210.0,1.0,success,False,2026-08-19T21:55:24.856436+09:00
Landscaping Loan,320.0,65.0,success,False,2026-08-21T02:08:19.202315+09:00
Landscaping Locator,,,failed,False,2026-08-19T20:46:47.302188+09:00
Landscaping Log,90.0,59.0,success,False,2026-08-19T20:49:23.220357+09:00
Landscaping Manager,480.0,7.0,success,False,2026-08-19T20:45:29.456295+09:00
Landscaping Manual,70.0,29.0,success,False,2026-08-27T22:10:39.067015+09:00
Landscaping Map,1000.0,7.0,success,False,2026-08-19T20:42:14.870990+09:00
Landscaping Margin,,,failed,False,2026-08-23T02:56:29.364559+09:00
Landscaping Markup,,,failed,False,2026-08-23T16:38:16.847667+09:00
Landscaping Memo,,,failed,False,2026-08-21T00:35:49.197244+09:00
Landscaping Message,,,failed,False,2026-08-27T23:14:52.026245+09:00
Landscaping Monitor,,,failed,False,2026-08-19T20:46:00.045081+09:00
Landscaping Note,,,failed,False,2026-08-19T20:37:42.979136+09:00
Landscaping Notification,,,failed,False,2026-08-27T22:49:08.559687+09:00
Landscaping Number,70.0,42.0,success,False,2026-08-23T03:22:03.644415+09:00
Landscaping Office,480.0,7.0,success,False,2026-08-19T20:46:58.036522+09:00
Landscaping Ops,,,failed,False,2026-08-19T20:46:13.766068+09:00
Landscaping Order,,,failed,False,2026-08-19T21:54:45.586270+09:00
Landscaping Overage,,,failed,False,2026-08-27T21:47:08.253611+09:00
Landscaping Overdue,,,failed,False,2026-08-27T21:47:05.962227+09:00
Landscaping Path,880.0,78.0,success,False,2026-08-19T20:41:59.995024+09:00
Landscaping Payoff,,,failed,False,2026-08-27T21:47:08.253611+09:00
Landscaping Penalty,,,failed,False,2026-08-23T16:38:14.137829+09:00
Landscaping Petition,,,failed,False,2026-08-21T00:59:19.513950+09:00
Landscaping Plan,8100.0,31.0,success,False,2026-08-21T01:50:49.145007+09:00
Landscaping Planner,8100.0,31.0,success,False,2026-08-19T20:45:48.837053+09:00
Landscaping Playbook,,,failed,False,2026-08-19T20:46:20.200545+09:00
Landscaping Preview,,,failed,False,2026-08-28T01:09:06.544338+09:00
Landscaping Profile,110.0,15.0,success,False,2026-08-19T20:37:57.270685+09:00
Landscaping Profit,,,failed,False,2026-08-23T02:56:21.131414+09:00
Landscaping Proposal,70.0,60.0,success,False,2026-08-28T01:09:06.544338+09:00
Landscaping Queue,,,failed,False,2026-08-19T21:08:29.245582+09:00
Landscaping Quota,,,failed,False,2026-08-21T00:35:54.809657+09:00
Landscaping Rate,170.0,32.0,success,False,2026-08-19T20:38:46.605593+09:00
Landscaping Recap,,,failed,False,2026-08-21T00:59:38.385269+09:00
Landscaping Receipt,90.0,96.0,success,False,2026-08-19T21:55:06.588963+09:00
Landscaping Recorder,,,failed,False,2026-08-27T23:36:04.672816+09:00
Landscaping Register,,,failed,False,2026-08-19T20:46:08.912085+09:00
Landscaping Registry,,,failed,False,2026-08-19T20:46:30.162701+09:00
Landscaping Reminder,,,failed,False,2026-08-19T21:07:49.558493+09:00
Landscaping Report,170.0,1.0,success,False,2026-08-19T20:49:16.530394+09:00
Landscaping Repository,,,failed,False,2026-08-27T23:14:57.999766+09:00
Landscaping Result,,,failed,False,2026-08-28T00:48:57.800361+09:00
Landscaping Roster,,,failed,False,2026-08-19T20:48:17.948513+09:00
Landscaping Route,,,failed,False,2026-08-19T20:44:16.708983+09:00
Landscaping Rule,,,failed,False,2026-08-23T03:22:14.563475+09:00
Landscaping Sale,210.0,60.0,success,False,2026-08-21T02:24:56.488655+09:00
Landscaping Sample,320.0,38.0,success,False,2026-08-19T21:56:05.092972+09:00
Landscaping Scanner,,,failed,False,2026-08-27T23:58:23.732862+09:00
Landscaping Scheduler,,,failed,False,2026-08-19T20:45:53.854460+09:00
Landscaping Score,,,failed,False,2026-08-19T20:37:34.944185+09:00
Landscaping Sheet,590.0,99.0,success,False,2026-08-19T20:49:38.357241+09:00
Landscaping Shortfall,,,failed,False,2026-08-27T21:47:13.030634+09:00
Landscaping Slip,,,failed,False,2026-08-19T21:55:54.779139+09:00
Landscaping Slot,,,failed,False,2026-08-19T21:56:18.827565+09:00
Landscaping Stage,,,failed,False,2026-08-28T00:48:57.800361+09:00
Landscaping Stake,2400.0,100.0,success,False,2026-08-23T02:56:26.483203+09:00
Landscaping Statement,,,failed,False,2026-08-21T00:35:31.431507+09:00
Landscaping Status,,,failed,False,2026-08-19T20:38:03.591827+09:00
Landscaping Studio,,,failed,False,2026-08-19T20:43:08.672141+09:00
Landscaping Subsidy,,,failed,False,2026-08-23T15:50:54.236884+09:00
Landscaping Sum,,,failed,False,2026-08-21T02:24:36.091430+09:00
Landscaping Summary,20.0,2.0,success,False,2026-08-19T21:07:29.278050+09:00
Landscaping Tab,,,failed,False,2026-08-21T00:36:05.920603+09:00
Landscaping Table,,,failed,False,2026-08-19T21:55:34.064895+09:00
Landscaping Tally,,,failed,False,2026-08-21T00:35:36.889482+09:00
Landscaping Tariff,,,failed,False,2026-08-21T02:41:35.267281+09:00
Landscaping Tax,10.0,2.0,success,False,2026-08-21T02:08:15.230542+09:00
Landscaping Ticker,,,failed,False,2026-08-19T20:48:59.251157+09:00
Landscaping Ticket,,,failed,False,2026-08-19T21:08:17.191236+09:00
Landscaping Tier,,,failed,False,2026-08-28T00:49:02.800291+09:00
Landscaping Timeline,,,failed,False,2026-08-19T21:07:38.685875+09:00
Landscaping Timer,1600.0,37.0,success,False,2026-08-28T00:27:09.738576+09:00
Landscaping Toll,,,failed,False,2026-08-21T02:41:28.147668+09:00
Landscaping Toolbox,,,failed,False,2026-08-28T00:27:12.240224+09:00
Landscaping Total,,,failed,False,2026-08-27T23:14:52.026245+09:00
Landscaping Tracker,,,failed,False,2026-08-19T20:39:32.642664+09:00
Landscaping Trend,,,failed,False,2026-08-28T01:09:03.847299+09:00
Landscaping Trial,,,failed,False,2026-08-27T21:16:00.984636+09:00
Landscaping Unit,,,failed,False,2026-08-21T01:50:49.145007+09:00
Landscaping Update,,,failed,False,2026-08-19T20:38:57.092601+09:00
Landscaping Value,110.0,1.0,success,False,2026-08-23T02:56:24.253545+09:00
Landscaping Version,,,failed,False,2026-08-23T03:22:06.290002+09:00
Landscaping View,3600.0,2.0,success,False,2026-08-19T20:38:10.418620+09:00
Landscaping Voucher,,,failed,False,2026-08-21T00:35:23.760596+09:00
Landscaping Watch,,,failed,False,2026-08-19T20:41:25.975881+09:00
Landscaping Widget,,,failed,False,2026-08-27T23:14:55.579423+09:00
Landscaping Window,,,failed,False,2026-08-19T20:49:06.260858+09:00
Landscaping Worksheet,480.0,0.0,success,False,2026-08-27T22:10:39.067015+09:00
Landscaping Workshop,5400.0,13.0,success,False,2026-08-28T00:27:09.738576+09:00
Lapse Advance,,,failed,False,2026-08-23T16:17:06.545040+09:00
Lapse Advisory,,,failed,False,2026-08-21T01:07:49.697646+09:00
Lapse Alert,,,failed,False,2026-08-19T22:02:54.876263+09:00
Lapse Allowance,,,failed,False,2026-08-21T02:37:45.273746+09:00
Lapse Analyzer,,,failed,False,2026-08-27T23:56:27.794878+09:00
Lapse Announcement,,,failed,False,2026-08-27T23:34:34.248381+09:00
Lapse Arrears,,,failed,False,2026-08-23T16:17:04.207592+09:00
Lapse Assistant,,,failed,False,2026-08-19T21:58:08.143234+09:00
Lapse Atlas,,,failed,False,2026-08-19T21:57:24.591826+09:00
Lapse Badge,,,failed,False,2026-08-21T00:32:40.998784+09:00
Lapse Bill,10.0,0.0,success,False,2026-08-19T21:47:16.114306+09:00
Lapse Bin,,,failed,False,2026-08-19T22:03:14.947098+09:00
Lapse Board,,,failed,False,2026-08-19T21:54:06.004532+09:00
Lapse Book,20.0,37.0,success,False,2026-08-19T21:48:22.940977+09:00
Lapse Bridge,,,failed,False,2026-08-19T21:51:20.233471+09:00
Lapse Brief,,,failed,False,2026-08-21T01:07:43.373010+09:00
Lapse Bulletin,,,failed,False,2026-08-21T01:07:39.342209+09:00
Lapse Cabinet,,,failed,False,2026-08-27T23:12:50.672441+09:00
Lapse Calendar,,,failed,False,2026-08-19T21:59:42.241525+09:00
Lapse Card,10.0,0.0,success,False,2026-08-19T22:04:57.454275+09:00
Lapse Cascade,,,failed,False,2026-08-19T21:51:10.797801+09:00
Lapse Cash,,,failed,False,2026-08-21T02:30:37.873895+09:00
Lapse Category,,,failed,False,2026-08-23T13:07:20.154329+09:00
Lapse Center,,,failed,False,2026-08-19T21:55:09.455728+09:00
Lapse Chain,,,failed,False,2026-08-19T21:56:44.387128+09:00
Lapse Charge,,,failed,False,2026-08-21T02:37:35.054521+09:00
Lapse Chart,,,failed,False,2026-08-19T22:03:05.892678+09:00
Lapse Check,,,failed,False,2026-08-19T22:05:19.679261+09:00
Lapse Checker,,,failed,False,2026-08-27T23:56:22.652242+09:00
Lapse Circular,,,failed,False,2026-08-21T01:07:47.643040+09:00
Lapse Code,,,failed,False,2026-08-19T21:47:43.048701+09:00
Lapse Companion,,,failed,False,2026-08-19T21:58:41.732793+09:00
Lapse Comparison,,,failed,False,2026-08-28T01:07:35.564975+09:00
Lapse Compass,,,failed,False,2026-08-19T21:50:37.216187+09:00
Lapse Confirmation,,,failed,False,2026-08-21T01:07:58.607843+09:00
Lapse Console,,,failed,False,2026-08-19T21:55:34.064895+09:00
Lapse Contribution,,,failed,False,2026-08-23T16:17:04.207592+09:00
Lapse Cost,,,failed,False,2026-08-21T02:13:25.435180+09:00
Lapse Count,,,failed,False,2026-08-27T22:47:10.971037+09:00
Lapse Counter,10.0,0.0,success,False,2026-08-19T22:00:33.480377+09:00
Lapse Deal,,,failed,False,2026-08-21T01:56:56.625625+09:00
Lapse Debt,,,failed,False,2026-08-21T02:30:30.378357+09:00
Lapse Deck,,,failed,False,2026-08-19T21:54:16.215789+09:00
Lapse Desk,,,failed,False,2026-08-19T21:49:47.542279+09:00
Lapse Detail,,,failed,False,2026-08-23T03:18:36.305827+09:00
Lapse Detector,,,failed,False,2026-08-27T23:56:25.215119+09:00
Lapse Directory,,,failed,False,2026-08-19T21:59:52.671651+09:00
Lapse Discount,,,failed,False,2026-08-23T16:16:57.987177+09:00
Lapse Dossier,,,failed,False,2026-08-21T01:08:00.929637+09:00
Lapse Due,,,failed,False,2026-08-23T15:52:48.928193+09:00
Lapse Duty,,,failed,False,2026-08-21T02:37:37.997164+09:00
Lapse Endowment,,,failed,False,2026-08-23T15:52:50.933121+09:00
Lapse Engine,,,failed,False,2026-08-19T21:57:56.725251+09:00
Lapse Entry,,,failed,False,2026-08-21T01:08:12.622841+09:00
Lapse Estimate,,,failed,False,2026-08-19T21:46:47.844671+09:00
Lapse Estimator,,,failed,False,2026-08-27T23:56:20.084184+09:00
Lapse Excerpt,,,failed,False,2026-08-21T01:08:07.982267+09:00
Lapse Extension,,,failed,False,2026-08-23T16:37:06.410620+09:00
Lapse Fare,,,failed,False,2026-08-21T02:13:34.693364+09:00
Lapse Fee,10.0,1.0,success,False,2026-08-21T01:56:46.597919+09:00
Lapse Feed,,,failed,False,2026-08-19T22:07:23.452103+09:00
Lapse File,,,failed,False,2026-08-19T22:06:41.403506+09:00
Lapse Finder,,,failed,False,2026-08-19T22:00:12.371601+09:00
Lapse Fine,,,failed,False,2026-08-23T02:53:56.783780+09:00
Lapse Flag,,,failed,False,2026-08-21T00:33:14.863078+09:00
Lapse Flow,,,failed,False,2026-08-19T21:49:26.172736+09:00
Lapse Form,,,failed,False,2026-08-19T22:04:45.902658+09:00
Lapse Format,,,failed,False,2026-08-23T13:07:23.083484+09:00
Lapse Fund,,,failed,False,2026-08-21T02:30:33.788820+09:00
Lapse Gate,,,failed,False,2026-08-19T21:57:05.603826+09:00
Lapse Grade,,,failed,False,2026-08-21T00:33:01.322590+09:00
Lapse Graph,,,failed,False,2026-08-27T22:07:57.599246+09:00
Lapse Grid,,,failed,False,2026-08-19T21:52:16.498900+09:00
Lapse Guarantee,,,failed,False,2026-08-28T01:07:41.597003+09:00
Lapse Guardian,,,failed,False,2026-08-28T00:25:48.742639+09:00
Lapse Helpdesk,,,failed,False,2026-08-27T22:47:20.471641+09:00
Lapse Helper,,,failed,False,2026-08-28T00:25:53.963495+09:00
Lapse History,,,failed,False,2026-08-19T22:06:32.723316+09:00
Lapse Hub,10.0,0.0,success,False,2026-08-19T21:49:37.354385+09:00
Lapse Identifier,,,failed,False,2026-08-23T13:07:17.768470+09:00
Lapse Inbox,,,failed,False,2026-08-19T22:02:47.197172+09:00
Lapse Index,,,failed,False,2026-08-19T21:46:26.862344+09:00
Lapse Installment,,,failed,False,2026-08-23T16:17:00.383036+09:00
Lapse Item,,,failed,False,2026-08-21T01:56:48.479807+09:00
Lapse Journal,10.0,0.0,success,False,2026-08-19T21:59:19.992699+09:00
Lapse Keeper,,,failed,False,2026-08-19T21:57:34.491231+09:00
Lapse Label,,,failed,False,2026-08-27T22:07:57.599246+09:00
Lapse Ledger,,,failed,False,2026-08-19T21:53:54.593034+09:00
Lapse Level,,,failed,False,2026-08-19T22:06:50.618817+09:00
Lapse Line,,,failed,False,2026-08-19T22:03:52.975095+09:00
Lapse Link,,,failed,False,2026-08-23T03:18:29.464352+09:00
Lapse List,,,failed,False,2026-08-19T21:47:55.928943+09:00
Lapse Loan,,,failed,False,2026-08-21T02:13:43.743607+09:00
Lapse Lobby,,,failed,False,2026-08-19T22:03:32.806508+09:00
Lapse Locator,,,failed,False,2026-08-19T22:00:01.898557+09:00
Lapse Log,,,failed,False,2026-08-19T22:04:34.418517+09:00
Lapse Loop,,,failed,False,2026-08-19T21:52:07.578129+09:00
Lapse Manager,,,failed,False,2026-08-19T21:57:47.268344+09:00
Lapse Manual,,,failed,False,2026-08-27T22:08:00.127291+09:00
Lapse Map,,,failed,False,2026-08-19T21:53:06.381329+09:00
Lapse Margin,,,failed,False,2026-08-23T02:53:54.584586+09:00
Lapse Memo,,,failed,False,2026-08-21T00:33:05.849456+09:00
Lapse Message,,,failed,False,2026-08-27T23:12:39.391295+09:00
Lapse Monitor,,,failed,False,2026-08-19T21:58:34.362639+09:00
Lapse Nexus,,,failed,False,2026-08-19T21:57:14.341308+09:00
Lapse Note,,,failed,False,2026-08-19T22:05:40.444282+09:00
Lapse Notification,10.0,0.0,success,False,2026-08-27T22:47:08.510624+09:00
Lapse Number,,,failed,False,2026-08-23T03:18:21.895981+09:00
Lapse Ops,,,failed,False,2026-08-19T21:59:01.960523+09:00
Lapse Overdraft,,,failed,False,2026-08-23T15:52:50.933121+09:00
Lapse Overdue,,,failed,False,2026-08-27T21:46:10.871215+09:00
Lapse Panel,,,failed,False,2026-08-19T21:55:47.244669+09:00
Lapse Pass,20.0,0.0,success,False,2026-08-21T00:32:28.890378+09:00
Lapse Passport,,,failed,False,2026-08-19T22:03:23.353107+09:00
Lapse Path,,,failed,False,2026-08-19T21:52:40.688622+09:00
Lapse Penalty,,,failed,False,2026-08-23T16:37:04.042408+09:00
Lapse Petition,,,failed,False,2026-08-21T01:07:54.087465+09:00
Lapse Plan,20.0,0.0,success,False,2026-08-21T01:56:53.826149+09:00
Lapse Planner,,,failed,False,2026-08-19T21:58:17.004802+09:00
Lapse Playbook,,,failed,False,2026-08-19T21:59:09.702480+09:00
Lapse Point,,,failed,False,2026-08-19T21:52:53.016557+09:00
Lapse Portal,,,failed,False,2026-08-19T21:55:24.856436+09:00
Lapse Post,,,failed,False,2026-08-19T22:01:35.806950+09:00
Lapse Preview,,,failed,False,2026-08-28T01:07:35.564975+09:00
Lapse Profile,20.0,0.0,success,False,2026-08-19T22:06:01.682265+09:00
Lapse Profit,,,failed,False,2026-08-23T02:53:45.297778+09:00
Lapse Quota,,,failed,False,2026-08-21T00:33:10.095062+09:00
Lapse Radar,,,failed,False,2026-08-19T21:50:00.809390+09:00
Lapse Rail,,,failed,False,2026-08-19T21:56:18.827565+09:00
Lapse Rate,9900.0,0.0,success,True,2026-08-19T22:07:01.913828+09:00
Lapse Recap,50.0,0.0,success,False,2026-08-21T01:08:06.645069+09:00
Lapse Receipt,,,failed,False,2026-08-19T21:47:30.295909+09:00
Lapse Redemption,,,failed,False,2026-08-23T16:37:06.410620+09:00
Lapse Register,,,failed,False,2026-08-19T21:58:54.005326+09:00
Lapse Registry,,,failed,False,2026-08-19T21:59:32.934011+09:00
Lapse Relay,,,failed,False,2026-08-19T21:50:13.072831+09:00
Lapse Reminder,,,failed,False,2026-08-19T21:46:13.716197+09:00
Lapse Report,,,failed,False,2026-08-19T22:04:23.242123+09:00
Lapse Repository,,,failed,False,2026-08-27T23:12:54.177935+09:00
Lapse Roster,,,failed,False,2026-08-19T22:02:34.302682+09:00
Lapse Route,,,failed,False,2026-08-19T21:56:08.103899+09:00
Lapse Rule,,,failed,False,2026-08-23T03:18:33.193002+09:00
Lapse Sale,,,failed,False,2026-08-21T02:30:41.751111+09:00
Lapse Sample,,,failed,False,2026-08-19T21:48:50.657736+09:00
Lapse Scale,,,failed,False,2026-08-19T21:55:54.779139+09:00
Lapse Scanner,,,failed,False,2026-08-27T23:56:22.652242+09:00
Lapse Scheduler,,,failed,False,2026-08-19T21:58:27.685601+09:00
Lapse Scope,,,failed,False,2026-08-19T21:51:54.755817+09:00
Lapse Score,,,failed,False,2026-08-19T22:05:32.455871+09:00
Lapse Sheet,,,failed,False,2026-08-19T22:05:08.787907+09:00
Lapse Signal,,,failed,False,2026-08-19T21:51:28.846204+09:00
Lapse Slip,,,failed,False,2026-08-19T21:48:37.941943+09:00
Lapse Slot,,,failed,False,2026-08-19T21:49:05.079544+09:00
Lapse Stage,,,failed,False,2026-08-28T00:48:05.704808+09:00
Lapse Stake,,,failed,False,2026-08-23T02:53:52.134740+09:00
Lapse Statement,,,failed,False,2026-08-21T00:32:52.523477+09:00
Lapse Status,,,failed,False,2026-08-19T22:06:09.459067+09:00
Lapse Stub,,,failed,False,2026-08-21T00:32:47.883810+09:00
Lapse Subsidy,,,failed,False,2026-08-23T15:52:50.933121+09:00
Lapse Sum,,,failed,False,2026-08-21T02:30:24.474717+09:00
Lapse Summary,,,failed,False,2026-08-19T22:07:56.620143+09:00
Lapse Surtax,,,failed,False,2026-08-23T15:52:52.908788+09:00
Lapse Tab,,,failed,False,2026-08-21T00:33:20.736767+09:00
Lapse Table,,,failed,False,2026-08-19T21:48:11.031110+09:00
Lapse Tag,,,failed,False,2026-08-19T22:05:48.495667+09:00
Lapse Tally,,,failed,False,2026-08-21T00:32:57.061306+09:00
Lapse Tariff,,,failed,False,2026-08-21T02:37:53.787359+09:00
Lapse Tax,,,failed,False,2026-08-21T02:13:39.971656+09:00
Lapse Ticker,,,failed,False,2026-08-19T22:03:42.018748+09:00
Lapse Ticket,,,failed,False,2026-08-19T21:46:35.740872+09:00
Lapse Timeline,,,failed,False,2026-08-19T21:46:01.527373+09:00
Lapse Timer,590.0,5.0,success,False,2026-08-28T00:25:44.811086+09:00
Lapse Toll,,,failed,False,2026-08-21T02:37:42.077569+09:00
Lapse Toolbox,,,failed,False,2026-08-28T00:25:51.267385+09:00
Lapse Total,,,failed,False,2026-08-27T23:12:44.367905+09:00
Lapse Tracker,,,failed,False,2026-08-19T21:49:16.162945+09:00
Lapse Trail,,,failed,False,2026-08-19T21:56:30.340313+09:00
Lapse Trend,10.0,0.0,success,False,2026-08-28T01:07:32.974301+09:00
Lapse Trial,,,failed,False,2026-08-27T21:13:54.337464+09:00
Lapse Unit,,,failed,False,2026-08-21T01:56:51.063242+09:00
Lapse Update,110.0,0.0,success,False,2026-08-19T22:07:15.173390+09:00
Lapse Value,,,failed,False,2026-08-23T02:53:49.996059+09:00
Lapse Vault,,,failed,False,2026-08-19T21:50:23.410812+09:00
Lapse Version,,,failed,False,2026-08-23T03:18:25.372913+09:00
Lapse View,,,failed,False,2026-08-19T22:06:18.009667+09:00
Lapse Voucher,,,failed,False,2026-08-21T00:32:34.737926+09:00
Lapse Watch,,,failed,False,2026-08-19T21:51:42.287097+09:00
Lapse Widget,10.0,0.0,success,False,2026-08-27T23:12:46.818245+09:00
Lapse Window,,,failed,False,2026-08-19T22:04:03.389101+09:00
Lapse Worksheet,,,failed,False,2026-08-27T22:08:02.909734+09:00
Latency Advisory,,,failed,False,2026-08-21T01:08:57.015500+09:00
Latency Allowance,,,failed,False,2026-08-21T02:39:20.009212+09:00
Latency Almanac,,,failed,False,2026-08-18T22:09:44.783040+09:00
Latency Analyzer,40.0,12.0,success,False,2026-08-27T23:51:32.749499+09:00
Latency Anchor,,,failed,False,2026-08-17T20:42:49.578916+09:00
Latency Announcement,,,failed,False,2026-08-27T23:31:33.268301+09:00
Latency Assistant,,,failed,False,2026-08-17T23:10:40.836813+09:00
Latency Atlas,,,failed,False,2026-08-17T20:33:31.328442+09:00
Latency Base,,,failed,False,2026-08-17T21:41:44.845375+09:00
Latency Beacon,,,failed,False,2026-08-17T20:46:26.563596+09:00
Latency Bill,,,failed,False,2026-08-19T21:56:50.628145+09:00
Latency Blueprint,,,failed,False,2026-08-18T22:09:35.906732+09:00
Latency Board,,,failed,False,2026-08-17T21:37:08.932405+09:00
Latency Book,170.0,4.0,success,False,2026-08-19T21:57:41.163401+09:00
Latency Bridge,,,failed,False,2026-08-17T20:43:44.073906+09:00
Latency Brief,,,failed,False,2026-08-21T01:08:45.073430+09:00
Latency Bulletin,,,failed,False,2026-08-21T01:08:40.341221+09:00
Latency Calculator,390.0,1.0,success,False,2026-08-27T23:31:37.799226+09:00
Latency Calendar,,,failed,False,2026-08-18T23:57:42.935137+09:00
Latency Card,,,failed,False,2026-08-19T13:36:10.470400+09:00
Latency Cascade,,,failed,False,2026-08-17T20:44:29.668652+09:00
Latency Cash,,,failed,False,2026-08-21T02:23:05.228659+09:00
Latency Catalog,,,failed,False,2026-08-19T21:11:41.705907+09:00
Latency Category,,,failed,False,2026-08-23T13:07:20.154329+09:00
Latency Center,,,failed,False,2026-08-17T21:30:41.512165+09:00
Latency Chain,,,failed,False,2026-08-17T20:38:12.491374+09:00
Latency Charge,10.0,0.0,success,False,2026-08-21T02:39:07.071635+09:00
Latency Check,2900.0,6.0,success,False,2026-08-19T13:36:57.023796+09:00
Latency Checker,2900.0,6.0,success,False,2026-08-27T23:51:26.937833+09:00
Latency Checklist,,,failed,False,2026-08-19T21:10:44.368255+09:00
Latency Circular,,,failed,False,2026-08-21T01:08:49.317162+09:00
Latency Cockpit,,,failed,False,2026-08-17T23:24:54.415182+09:00
Latency Code,10.0,0.0,success,False,2026-08-19T21:57:08.159846+09:00
Latency Codex,,,failed,False,2026-08-18T22:10:00.373367+09:00
Latency Companion,,,failed,False,2026-08-17T23:08:44.294677+09:00
Latency Comparison,40.0,0.0,success,False,2026-08-28T01:02:51.015649+09:00
Latency Compass,,,failed,False,2026-08-17T20:47:47.373505+09:00
Latency Compendium,,,failed,False,2026-08-18T22:09:54.168922+09:00
Latency Confirmation,,,failed,False,2026-08-21T01:09:04.636561+09:00
Latency Console,,,failed,False,2026-08-17T20:45:56.929111+09:00
Latency Converter,,,failed,False,2026-08-27T23:31:41.970749+09:00
Latency Core,,,failed,False,2026-08-17T21:39:57.727763+09:00
Latency Cost,20.0,2.0,success,False,2026-08-21T02:07:02.181648+09:00
Latency Counter,10.0,16.0,success,False,2026-08-18T23:58:42.867449+09:00
Latency Dashboard,30.0,31.0,success,False,2026-08-17T23:13:59.220189+09:00
Latency Deal,,,failed,False,2026-08-21T01:50:23.005803+09:00
Latency Debt,,,failed,False,2026-08-21T02:22:54.942838+09:00
Latency Deck,,,failed,False,2026-08-17T21:36:10.133574+09:00
Latency Depot,,,failed,False,2026-08-18T23:58:23.364762+09:00
Latency Desk,,,failed,False,2026-08-17T21:33:28.260657+09:00
Latency Detail,,,failed,False,2026-08-23T03:19:19.103854+09:00
Latency Detector,50.0,25.0,success,False,2026-08-27T23:51:32.749499+09:00
Latency Diagram,50.0,0.0,success,False,2026-08-27T22:14:41.092865+09:00
Latency Dial,,,failed,False,2026-08-17T20:44:10.950266+09:00
Latency Digest,,,failed,False,2026-08-19T20:38:42.409315+09:00
Latency Directory,,,failed,False,2026-08-18T23:57:56.092399+09:00
Latency Dock,,,failed,False,2026-08-17T20:40:48.754907+09:00
Latency Dossier,,,failed,False,2026-08-21T01:09:08.778546+09:00
Latency Downpayment,,,failed,False,2026-08-27T21:50:02.290136+09:00
Latency Draft,,,failed,False,2026-08-19T20:39:03.354865+09:00
Latency Duty,,,failed,False,2026-08-21T02:39:09.375307+09:00
Latency Engine,,,failed,False,2026-08-17T23:23:36.709980+09:00
Latency Entry,,,failed,False,2026-08-21T01:09:22.527514+09:00
Latency Estimate,,,failed,False,2026-08-19T21:11:29.135916+09:00
Latency Estimator,,,failed,False,2026-08-27T23:51:24.335890+09:00
Latency Excerpt,,,failed,False,2026-08-21T01:09:20.076507+09:00
Latency Fare,,,failed,False,2026-08-21T02:07:16.373051+09:00
Latency Fee,,,failed,False,2026-08-21T02:00:06.443014+09:00
Latency Feed,,,failed,False,2026-08-19T20:38:53.768635+09:00
Latency File,10.0,0.0,success,False,2026-08-19T20:38:07.942341+09:00
Latency Finder,10.0,18.0,success,False,2026-08-18T23:58:15.272323+09:00
Latency Fine,,,failed,False,2026-08-23T02:54:38.259905+09:00
Latency Flag,,,failed,False,2026-08-21T00:35:16.287713+09:00
Latency Flow,,,failed,False,2026-08-17T21:36:36.847955+09:00
Latency Forge,,,failed,False,2026-08-17T20:45:33.619281+09:00
Latency Form,,,failed,False,2026-08-19T13:35:47.282228+09:00
Latency Format,,,failed,False,2026-08-23T13:07:26.060181+09:00
Latency Frame,,,failed,False,2026-08-18T07:52:30.485728+09:00
Latency Fund,,,failed,False,2026-08-21T02:23:00.928674+09:00
Latency Gate,,,failed,False,2026-08-17T20:35:19.683482+09:00
Latency Generator,10.0,21.0,success,False,2026-08-27T23:31:46.551451+09:00
Latency Grade,,,failed,False,2026-08-21T00:35:09.628137+09:00
Latency Graph,140.0,1.0,success,False,2026-08-27T22:14:28.911513+09:00
Latency Grid,,,failed,False,2026-08-17T20:38:37.912313+09:00
Latency Guarantee,,,failed,False,2026-08-28T01:02:58.141304+09:00
Latency Guard,,,failed,False,2026-08-17T21:41:14.862117+09:00
Latency Guardian,,,failed,False,2026-08-28T00:21:51.591333+09:00
Latency Guidebook,,,failed,False,2026-08-18T22:09:19.506375+09:00
Latency Helpdesk,,,failed,False,2026-08-27T22:51:42.060485+09:00
Latency Helper,,,failed,False,2026-08-28T00:21:55.786008+09:00
Latency History,10.0,0.0,success,False,2026-08-19T20:38:01.262466+09:00
Latency Hotline,,,failed,False,2026-08-19T21:11:53.117390+09:00
Latency Hub,,,failed,False,2026-08-17T21:35:36.118436+09:00
Latency Identifier,,,failed,False,2026-08-23T13:07:20.154329+09:00
Latency Index,,,failed,False,2026-08-19T21:10:58.611553+09:00
Latency Insight,,,failed,False,2026-08-17T23:24:32.888927+09:00
Latency Item,,,failed,False,2026-08-21T01:49:57.762710+09:00
Latency Journal,,,failed,False,2026-08-18T22:09:05.854990+09:00
Latency Keeper,,,failed,False,2026-08-18T07:52:56.677266+09:00
Latency Lab,20.0,0.0,success,False,2026-08-17T21:34:01.777052+09:00
Latency Label,50.0,0.0,success,False,2026-08-27T22:14:32.870267+09:00
Latency Ledger,,,failed,False,2026-08-17T21:38:18.723173+09:00
Latency Lens,,,failed,False,2026-08-17T20:31:49.556843+09:00
Latency Level,20.0,1.0,success,False,2026-08-19T20:38:14.851338+09:00
Latency Link,,,failed,False,2026-08-23T03:19:12.816359+09:00
Latency List,,,failed,False,2026-08-19T21:57:22.115019+09:00
Latency Loan,,,failed,False,2026-08-21T02:07:24.034599+09:00
Latency Locator,,,failed,False,2026-08-18T23:58:04.745440+09:00
Latency Lock,,,failed,False,2026-08-17T20:34:01.116253+09:00
Latency Log,,,failed,False,2026-08-19T13:35:34.985408+09:00
Latency Loop,,,failed,False,2026-08-17T20:39:32.550443+09:00
Latency Manager,10.0,1.0,success,False,2026-08-18T07:53:06.257546+09:00
Latency Manual,,,failed,False,2026-08-27T22:14:35.571737+09:00
Latency Map,110.0,6.0,success,False,2026-08-17T20:32:57.689274+09:00
Latency Margin,,,failed,False,2026-08-23T02:54:38.259905+09:00
Latency Memo,,,failed,False,2026-08-21T00:35:11.745138+09:00
Latency Message,,,failed,False,2026-08-27T23:17:00.312671+09:00
Latency Meter,70.0,6.0,success,False,2026-08-17T20:43:15.863986+09:00
Latency Metrics,110.0,4.0,success,False,2026-08-17T23:06:57.045511+09:00
Latency Monitor,880.0,10.0,success,False,2026-08-17T23:12:17.050075+09:00
Latency Navigator,,,failed,False,2026-08-17T23:25:24.044948+09:00
Latency Nexus,,,failed,False,2026-08-17T20:34:25.476328+09:00
Latency Node,,,failed,False,2026-08-17T20:36:17.521162+09:00
Latency Note,,,failed,False,2026-08-19T13:37:32.755916+09:00
Latency Notification,,,failed,False,2026-08-27T22:51:33.320373+09:00
Latency Number,110.0,0.0,success,False,2026-08-23T03:19:01.069685+09:00
Latency Office,,,failed,False,2026-08-18T23:58:32.218218+09:00
Latency Ops,,,failed,False,2026-08-17T23:15:30.972429+09:00
Latency Order,,,failed,False,2026-08-19T21:56:37.173014+09:00
Latency Organizer,,,failed,False,2026-08-17T23:24:10.330342+09:00
Latency Overage,,,failed,False,2026-08-27T21:50:00.180912+09:00
Latency Overdue,,,failed,False,2026-08-27T21:49:55.360701+09:00
Latency Panel,,,failed,False,2026-08-17T20:45:10.862003+09:00
Latency Pass,,,failed,False,2026-08-21T00:34:53.693924+09:00
Latency Path,10.0,0.0,success,False,2026-08-17T20:35:50.076535+09:00
Latency Payoff,,,failed,False,2026-08-27T21:49:57.609346+09:00
Latency Penalty,,,failed,False,2026-08-23T16:39:53.377709+09:00
Latency Petition,,,failed,False,2026-08-21T01:08:59.079967+09:00
Latency Pilot,,,failed,False,2026-08-17T21:34:31.783933+09:00
Latency Plan,,,failed,False,2026-08-21T01:50:16.047866+09:00
Latency Planner,,,failed,False,2026-08-17T23:23:52.832374+09:00
Latency Playbook,,,failed,False,2026-08-18T22:08:57.073323+09:00
Latency Point,,,failed,False,2026-08-17T20:34:51.045190+09:00
Latency Portal,,,failed,False,2026-08-17T20:47:04.642239+09:00
Latency Preview,10.0,,success,False,2026-08-28T01:02:54.819638+09:00
Latency Profile,260.0,0.0,success,False,2026-08-19T13:37:50.110679+09:00
Latency Proposal,,,failed,False,2026-08-28T01:02:54.819638+09:00
Latency Pulse,,,failed,False,2026-08-17T20:37:47.401646+09:00
Latency Queue,,,failed,False,2026-08-19T21:11:19.546080+09:00
Latency Radar,,,failed,False,2026-08-17T21:32:25.465592+09:00
Latency Rail,,,failed,False,2026-08-17T20:40:01.743309+09:00
Latency Rate,110.0,0.0,success,False,2026-08-19T20:38:24.406986+09:00
Latency Recap,0.0,,success,False,2026-08-21T01:09:15.818493+09:00
Latency Receipt,,,failed,False,2026-08-19T21:56:59.723896+09:00
Latency Recorder,,,failed,False,2026-08-27T23:31:46.551451+09:00
Latency Register,,,failed,False,2026-08-17T23:25:50.019139+09:00
Latency Registry,,,failed,False,2026-08-18T22:09:27.931619+09:00
Latency Relay,,,failed,False,2026-08-17T21:31:15.457583+09:00
Latency Reminder,,,failed,False,2026-08-19T21:10:34.981799+09:00
Latency Report,50.0,3.0,success,False,2026-08-19T13:35:21.181056+09:00
Latency Repository,,,failed,False,2026-08-27T23:09:56.910517+09:00
Latency Result,,,failed,False,2026-08-28T00:46:06.331363+09:00
Latency Roadmap,,,failed,False,2026-08-18T22:10:08.621452+09:00
Latency Route,,,failed,False,2026-08-17T20:41:35.724700+09:00
Latency Rule,,,failed,False,2026-08-23T03:19:15.336839+09:00
Latency Sale,,,failed,False,2026-08-21T02:23:11.717671+09:00
Latency Sample,,,failed,False,2026-08-19T21:58:02.735072+09:00
Latency Scale,20.0,0.0,success,False,2026-08-17T20:42:19.428112+09:00
Latency Scheduler,,,failed,False,2026-08-17T23:05:06.987834+09:00
Latency Scope,,,failed,False,2026-08-17T20:40:26.535789+09:00
Latency Score,20.0,1.0,success,False,2026-08-19T13:37:14.131003+09:00
Latency Sentry,,,failed,False,2026-08-17T20:32:21.226449+09:00
Latency Sheet,,,failed,False,2026-08-19T13:36:47.380431+09:00
Latency Shortfall,,,failed,False,2026-08-27T21:50:04.473862+09:00
Latency Signal,30.0,0.0,success,False,2026-08-17T20:42:00.146835+09:00
Latency Slip,,,failed,False,2026-08-19T21:57:53.749303+09:00
Latency Slot,,,failed,False,2026-08-19T21:58:14.220154+09:00
Latency Snapshot,,,failed,False,2026-08-18T22:09:13.055997+09:00
Latency Statement,,,failed,False,2026-08-21T00:35:03.505181+09:00
Latency Station,,,failed,False,2026-08-17T21:33:02.340741+09:00
Latency Status,,,failed,False,2026-08-19T20:37:47.819235+09:00
Latency Studio,140.0,4.0,success,False,2026-08-17T21:35:02.943607+09:00
Latency Suite,,,failed,False,2026-08-17T22:49:21.662634+09:00
Latency Sum,,,failed,False,2026-08-21T02:22:51.042353+09:00
Latency Summary,,,failed,False,2026-08-19T21:10:13.375829+09:00
Latency Surtax,,,failed,False,2026-08-23T15:52:33.187171+09:00
Latency Sync,10.0,2.0,success,False,2026-08-17T21:37:44.992622+09:00
Latency Table,30.0,0.0,success,False,2026-08-19T21:57:31.477256+09:00
Latency Tag,,,failed,False,2026-08-19T13:37:44.092675+09:00
Latency Tariff,,,failed,False,2026-08-21T02:39:23.092445+09:00
Latency Tax,10.0,0.0,success,False,2026-08-21T02:07:20.173569+09:00
Latency Ticker,,,failed,False,2026-08-19T12:25:27.149314+09:00
Latency Ticket,,,failed,False,2026-08-19T21:11:09.453565+09:00
Latency Tier,,,failed,False,2026-08-28T00:46:09.802311+09:00
Latency Timeline,,,failed,False,2026-08-19T21:10:24.800768+09:00
Latency Toll,,,failed,False,2026-08-21T02:39:12.661070+09:00
Latency Toolbox,,,failed,False,2026-08-28T00:21:55.786008+09:00
Latency Toolkit,,,failed,False,2026-08-18T22:08:48.035720+09:00
Latency Total,,,failed,False,2026-08-27T23:17:00.312671+09:00
Latency Tracker,70.0,23.0,success,False,2026-08-17T21:39:09.779186+09:00
Latency Trail,,,failed,False,2026-08-17T20:39:09.333217+09:00
Latency Trend,,,failed,False,2026-08-28T01:02:51.015649+09:00
Latency Trial,,,failed,False,2026-08-27T21:19:08.961232+09:00
Latency Unit,90.0,0.0,success,False,2026-08-21T01:50:44.435250+09:00
Latency Update,,,failed,False,2026-08-19T20:38:33.715363+09:00
Latency Vault,10.0,,success,False,2026-08-17T21:30:08.257838+09:00
Latency Version,,,failed,False,2026-08-23T03:19:08.908804+09:00
Latency View,,,failed,False,2026-08-19T20:37:54.785730+09:00
Latency Watch,10.0,0.0,success,False,2026-08-17T20:41:09.985510+09:00
Latency Wave,,,failed,False,2026-08-17T20:36:51.044622+09:00
Latency Widget,,,failed,False,2026-08-27T23:09:53.622041+09:00
Latency Workbench,,,failed,False,2026-08-18T22:08:38.388583+09:00
Latency Worksheet,,,failed,False,2026-08-27T22:14:38.233626+09:00
Latency Workshop,,,failed,False,2026-08-28T00:21:49.130858+09:00
Latency Zone,10.0,0.0,success,False,2026-08-17T20:48:23.905428+09:00
Laundry Advisory,,,failed,False,2026-08-21T01:03:38.520377+09:00
Laundry Alert,110.0,7.0,success,False,2026-08-21T00:07:26.703840+09:00
Laundry Allowance,480.0,0.0,success,False,2026-08-21T02:42:39.559962+09:00
Laundry Analyzer,,,failed,False,2026-08-27T23:52:49.352062+09:00
Laundry Announcement,,,failed,False,2026-08-27T23:32:33.346775+09:00
Laundry Arrears,,,failed,False,2026-08-23T16:14:44.482791+09:00
Laundry Asset,,,failed,False,2026-08-23T13:46:32.970542+09:00
Laundry Assistant,880.0,5.0,success,False,2026-08-21T00:06:02.924923+09:00
Laundry Atlas,10.0,6.0,success,False,2026-08-21T00:05:49.318712+09:00
Laundry Badge,,,failed,False,2026-08-21T00:27:15.534212+09:00
Laundry Balance,50.0,3.0,success,False,2026-08-23T13:46:30.859150+09:00
Laundry Base,140.0,99.0,success,False,2026-08-21T00:11:23.626216+09:00
Laundry Bay,390.0,4.0,success,False,2026-08-21T00:07:02.641295+09:00
Laundry Beacon,,,failed,False,2026-08-21T00:10:37.172281+09:00
Laundry Bill,590.0,3.0,success,False,2026-08-21T00:09:38.850867+09:00
Laundry Bin,12100.0,100.0,success,False,2026-08-21T00:07:38.957051+09:00
Laundry Board,880.0,89.0,success,False,2026-08-21T00:11:33.849438+09:00
Laundry Book,720.0,53.0,success,False,2026-08-21T00:10:01.982446+09:00
Laundry Booth,20.0,34.0,success,False,2026-08-21T00:06:55.425363+09:00
Laundry Bridge,70.0,5.0,success,False,2026-08-21T00:10:48.719546+09:00
Laundry Brief,,,failed,False,2026-08-21T01:03:27.651766+09:00
Laundry Bulletin,,,failed,False,2026-08-21T01:03:23.160959+09:00
Laundry Cabinet,27100.0,100.0,success,False,2026-08-27T23:10:09.258839+09:00
Laundry Calculator,40.0,0.0,success,False,2026-08-27T23:32:33.346775+09:00
Laundry Calendar,110.0,6.0,success,False,2026-08-21T00:06:33.457247+09:00
Laundry Card,1900.0,3.0,success,False,2026-08-21T00:08:16.662845+09:00
Laundry Cascade,,,failed,False,2026-08-21T00:10:41.968767+09:00
Laundry Cash,110.0,5.0,success,False,2026-08-21T02:25:47.031494+09:00
Laundry Cashback,10.0,0.0,success,False,2026-08-27T21:18:01.606713+09:00
Laundry Center,8100.0,67.0,success,False,2026-08-21T00:11:58.658369+09:00
Laundry Chain,70.0,24.0,success,False,2026-08-21T00:05:36.511484+09:00
Laundry Charge,390.0,7.0,success,False,2026-08-21T02:42:27.655082+09:00
Laundry Chart,320.0,90.0,success,False,2026-08-21T00:07:30.087170+09:00
Laundry Check,110.0,1.0,success,False,2026-08-21T00:08:22.856324+09:00
Laundry Checker,110.0,1.0,success,False,2026-08-27T23:52:37.462117+09:00
Laundry Circular,,,failed,False,2026-08-21T01:03:33.238339+09:00
Laundry Code,165000.0,100.0,success,False,2026-08-21T00:09:53.180945+09:00
Laundry Comparison,10.0,8.0,success,False,2026-08-28T01:04:37.386068+09:00
Laundry Confirmation,,,failed,False,2026-08-21T01:03:48.837789+09:00
Laundry Console,20.0,99.0,success,False,2026-08-19T23:13:53.160538+09:00
Laundry Core,10.0,2.0,success,False,2026-08-21T00:11:27.452285+09:00
Laundry Cost,480.0,5.0,success,False,2026-08-21T02:08:41.527197+09:00
Laundry Count,590.0,100.0,success,False,2026-08-27T22:51:39.171829+09:00
Laundry Counter,590.0,100.0,success,False,2026-08-21T00:06:48.646021+09:00
Laundry Coupon,210.0,34.0,success,False,2026-08-27T21:17:59.409089+09:00
Laundry Deal,390.0,100.0,success,False,2026-08-21T01:51:15.763734+09:00
Laundry Debt,,,failed,False,2026-08-21T02:25:39.755040+09:00
Laundry Deck,70.0,4.0,success,False,2026-08-21T00:11:37.455869+09:00
Laundry Desk,70.0,97.0,success,False,2026-08-21T00:10:20.448306+09:00
Laundry Detail,50.0,3.0,success,False,2026-08-23T03:23:43.125766+09:00
Laundry Detector,,,failed,False,2026-08-27T23:52:45.278124+09:00
Laundry Diagram,50.0,48.0,success,False,2026-08-27T22:13:53.849783+09:00
Laundry Directory,10.0,0.0,success,False,2026-08-21T00:06:35.659041+09:00
Laundry Discount,50.0,26.0,success,False,2026-08-23T16:14:44.482791+09:00
Laundry Dossier,,,failed,False,2026-08-21T01:03:51.285961+09:00
Laundry Downpayment,,,failed,False,2026-08-27T21:49:24.879038+09:00
Laundry Draft,10.0,0.0,success,False,2026-08-21T00:09:09.007645+09:00
Laundry Due,,,failed,False,2026-08-23T15:51:44.971205+09:00
Laundry Duty,260.0,2.0,success,False,2026-08-21T02:42:30.088898+09:00
Laundry Engine,,,failed,False,2026-08-21T00:05:58.957091+09:00
Laundry Entry,,,failed,False,2026-08-21T01:04:08.971472+09:00
Laundry Estimate,,,failed,False,2026-08-21T00:09:33.821521+09:00
Laundry Estimator,,,failed,False,2026-08-27T23:52:35.044281+09:00
Laundry Excerpt,,,failed,False,2026-08-21T01:04:02.292645+09:00
Laundry Extension,30.0,22.0,success,False,2026-08-23T16:39:23.209795+09:00
Laundry Fare,,,failed,False,2026-08-21T02:08:48.919404+09:00
Laundry Fee,170.0,4.0,success,False,2026-08-21T01:50:46.788824+09:00
Laundry Feed,,,failed,False,2026-08-21T00:09:06.463923+09:00
Laundry File,20.0,0.0,success,False,2026-08-21T00:08:53.382830+09:00
Laundry Fine,,,failed,False,2026-08-23T02:57:32.152196+09:00
Laundry Flag,,,failed,False,2026-08-21T00:28:11.670318+09:00
Laundry Flow,480.0,2.0,success,False,2026-08-21T00:10:14.810334+09:00
Laundry Forge,,,failed,False,2026-08-21T00:10:39.439345+09:00
Laundry Form,320.0,8.0,success,False,2026-08-21T00:08:12.228304+09:00
Laundry Frame,170.0,92.0,success,False,2026-08-21T00:11:21.339663+09:00
Laundry Fund,40.0,13.0,success,False,2026-08-21T02:25:44.046093+09:00
Laundry Gate,70.0,2.0,success,False,2026-08-21T00:05:42.702163+09:00
Laundry Giveaway,,,failed,False,2026-08-27T21:18:10.943632+09:00
Laundry Grade,,,failed,False,2026-08-21T00:27:48.036654+09:00
Laundry Grid,,,failed,False,2026-08-21T00:11:04.008018+09:00
Laundry Guarantee,,,failed,False,2026-08-28T01:04:42.727086+09:00
Laundry Guardian,,,failed,False,2026-08-28T00:23:11.653599+09:00
Laundry Helpdesk,,,failed,False,2026-08-27T22:51:42.060485+09:00
Laundry Helper,720.0,30.0,success,False,2026-08-28T00:23:14.492376+09:00
Laundry History,140.0,0.0,success,False,2026-08-21T00:08:47.899784+09:00
Laundry Hub,14800.0,7.0,success,False,2026-08-21T00:10:17.224400+09:00
Laundry Identifier,,,failed,False,2026-08-23T13:04:45.223955+09:00
Laundry Inbox,,,failed,False,2026-08-21T00:07:23.788027+09:00
Laundry Incentive,,,failed,False,2026-08-27T21:18:05.577940+09:00
Laundry Index,20.0,0.0,success,False,2026-08-21T00:09:26.936437+09:00
Laundry Interest,,,failed,False,2026-08-23T13:46:30.859150+09:00
Laundry Item,880.0,79.0,success,False,2026-08-21T01:50:57.666770+09:00
Laundry Journal,10.0,24.0,success,False,2026-08-21T00:06:28.229778+09:00
Laundry Keeper,30.0,76.0,success,False,2026-08-21T00:05:56.272120+09:00
Laundry Kit,1000.0,96.0,success,False,2026-08-27T22:51:36.322343+09:00
Laundry Lab,9900.0,12.0,success,False,2026-08-21T00:11:47.014910+09:00
Laundry Label,3600.0,100.0,success,False,2026-08-27T22:13:43.125947+09:00
Laundry Layout,880.0,16.0,success,False,2026-08-27T22:29:26.032496+09:00
Laundry Ledger,20.0,0.0,success,False,2026-08-21T00:11:31.112963+09:00
Laundry Level,10.0,12.0,success,False,2026-08-21T00:08:56.538180+09:00
Laundry Levy,,,failed,False,2026-08-23T13:46:35.892255+09:00
Laundry Line,9900.0,96.0,success,False,2026-08-21T00:07:51.744677+09:00
Laundry Link,720.0,2.0,success,False,2026-08-23T03:23:40.065475+09:00
Laundry List,4400.0,0.0,success,True,2026-08-21T00:09:56.547234+09:00
Laundry Loan,,,failed,False,2026-08-21T02:08:56.102085+09:00
Laundry Lobby,30.0,1.0,success,False,2026-08-21T00:07:44.849905+09:00
Laundry Locator,210.0,14.0,success,False,2026-08-21T00:06:39.076451+09:00
Laundry Locker,1600.0,34.0,success,False,2026-08-21T00:06:52.239933+09:00
Laundry Log,50.0,3.0,success,False,2026-08-21T00:08:09.199254+09:00
Laundry Loop,1600.0,75.0,success,False,2026-08-21T00:11:01.156571+09:00
Laundry Manager,480.0,1.0,success,False,2026-08-21T00:05:58.957091+09:00
Laundry Manual,140.0,5.0,success,False,2026-08-27T22:13:43.125947+09:00
Laundry Map,320.0,4.0,success,False,2026-08-21T00:11:18.069642+09:00
Laundry Markup,,,failed,False,2026-08-23T16:39:18.952764+09:00
Laundry Memo,,,failed,False,2026-08-21T00:27:53.671746+09:00
Laundry Message,30.0,0.0,success,False,2026-08-27T23:10:02.620929+09:00
Laundry Monitor,30.0,1.0,success,False,2026-08-21T00:06:10.990572+09:00
Laundry Nexus,,,failed,False,2026-08-21T00:05:45.974525+09:00
Laundry Note,1900.0,1.0,success,False,2026-08-21T00:08:32.112101+09:00
Laundry Notification,10.0,0.0,success,False,2026-08-27T22:51:33.320373+09:00
Laundry Number,70.0,16.0,success,False,2026-08-23T03:23:34.197835+09:00
Laundry Office,170.0,3.0,success,False,2026-08-21T00:06:45.845117+09:00
Laundry Ops,,,failed,False,2026-08-21T00:06:22.845965+09:00
Laundry Order,90.0,26.0,success,False,2026-08-21T00:09:36.388404+09:00
Laundry Outpost,,,failed,False,2026-08-21T00:07:05.249232+09:00
Laundry Overage,,,failed,False,2026-08-27T21:49:22.679951+09:00
Laundry Overdue,,,failed,False,2026-08-27T21:49:18.001663+09:00
Laundry Panel,40.0,44.0,success,False,2026-08-21T00:05:21.567045+09:00
Laundry Pass,50.0,3.0,success,False,2026-08-21T00:26:55.838634+09:00
Laundry Passport,,,failed,False,2026-08-21T00:07:41.757493+09:00
Laundry Path,,,failed,False,2026-08-21T00:11:09.626115+09:00
Laundry Payoff,,,failed,False,2026-08-27T21:49:20.358831+09:00
Laundry Penalty,,,failed,False,2026-08-23T16:39:18.952764+09:00
Laundry Petition,,,failed,False,2026-08-21T01:03:43.052088+09:00
Laundry Plan,720.0,20.0,success,False,2026-08-21T01:51:12.065747+09:00
Laundry Planner,720.0,20.0,success,False,2026-08-21T00:06:05.500178+09:00
Laundry Playbook,,,failed,False,2026-08-21T00:06:26.162440+09:00
Laundry Plaza,90.0,5.0,success,False,2026-08-21T00:07:07.636475+09:00
Laundry Point,6600.0,5.0,success,False,2026-08-21T00:11:15.329507+09:00
Laundry Portal,170.0,5.0,success,False,2026-08-19T22:41:50.846543+09:00
Laundry Post,880.0,29.0,success,False,2026-08-21T00:07:02.641295+09:00
Laundry Preview,,,failed,False,2026-08-28T01:04:40.087199+09:00
Laundry Profile,70.0,41.0,success,False,2026-08-21T00:08:39.923175+09:00
Laundry Profit,10.0,3.0,success,False,2026-08-23T02:57:21.827227+09:00
Laundry Proposal,90.0,5.0,success,False,2026-08-28T01:04:40.087199+09:00
Laundry Quota,,,failed,False,2026-08-21T00:28:00.116915+09:00
Laundry Radar,,,failed,False,2026-08-21T00:10:23.316441+09:00
Laundry Rail,390.0,100.0,success,False,2026-08-21T00:05:29.824761+09:00
Laundry Rate,320.0,5.0,success,False,2026-08-21T00:09:00.299581+09:00
Laundry Recap,,,failed,False,2026-08-21T01:03:56.741736+09:00
Laundry Receipt,260.0,64.0,success,False,2026-08-21T00:09:46.713564+09:00
Laundry Recorder,,,failed,False,2026-08-27T23:32:40.029337+09:00
Laundry Redemption,,,failed,False,2026-08-23T16:39:21.186657+09:00
Laundry Register,210.0,0.0,success,False,2026-08-21T00:06:19.535864+09:00
Laundry Registry,,,failed,False,2026-08-21T00:06:31.070365+09:00
Laundry Relay,10.0,0.0,success,False,2026-08-21T00:10:27.698876+09:00
Laundry Reminder,90.0,5.0,success,False,2026-08-21T00:09:23.484193+09:00
Laundry Report,30.0,0.0,success,False,2026-08-21T00:08:06.282154+09:00
Laundry Ring,90.0,57.0,success,False,2026-08-21T00:05:39.660885+09:00
Laundry Roll,210.0,73.0,success,False,2026-08-21T00:07:59.311862+09:00
Laundry Roster,,,failed,False,2026-08-21T00:07:19.615144+09:00
Laundry Route,20.0,8.0,success,False,2026-08-21T00:05:26.838977+09:00
Laundry Rule,390.0,71.0,success,False,2026-08-23T03:23:43.125766+09:00
Laundry Sale,320.0,91.0,success,False,2026-08-21T02:25:50.623607+09:00
Laundry Sample,20.0,36.0,success,False,2026-08-21T00:10:06.230079+09:00
Laundry Scale,720.0,100.0,success,False,2026-08-21T00:05:23.895920+09:00
Laundry Scanner,10.0,0.0,success,False,2026-08-27T23:52:42.913738+09:00
Laundry Scope,,,failed,False,2026-08-21T00:10:58.171885+09:00
Laundry Score,,,failed,False,2026-08-21T00:08:26.557259+09:00
Laundry Sheet,27100.0,100.0,success,False,2026-08-21T00:08:19.938205+09:00
Laundry Shortfall,,,failed,False,2026-08-27T21:49:27.090308+09:00
Laundry Signal,,,failed,False,2026-08-21T00:10:51.522547+09:00
Laundry Slip,320.0,19.0,success,False,2026-08-21T00:10:04.105660+09:00
Laundry Slot,20.0,0.0,success,False,2026-08-21T00:10:08.386733+09:00
Laundry Stake,,,failed,False,2026-08-23T02:57:27.142882+09:00
Laundry Stamp,140.0,99.0,success,False,2026-08-23T13:27:00.453108+09:00
Laundry Statement,10.0,0.0,success,False,2026-08-21T00:27:32.429911+09:00
Laundry Station,9900.0,41.0,success,False,2026-08-21T00:11:51.224044+09:00
Laundry Status,20.0,0.0,success,False,2026-08-21T00:08:43.301972+09:00
Laundry Stipend,,,failed,False,2026-08-23T13:46:35.892255+09:00
Laundry Stub,,,failed,False,2026-08-21T00:27:24.500136+09:00
Laundry Studio,1600.0,7.0,success,False,2026-08-21T00:11:44.764762+09:00
Laundry Sum,,,failed,False,2026-08-21T02:25:35.476201+09:00
Laundry Summary,,,failed,False,2026-08-21T00:09:11.987938+09:00
Laundry Tab,880.0,100.0,success,False,2026-08-21T00:28:17.964653+09:00
Laundry Table,4400.0,100.0,success,False,2026-08-21T00:09:59.655575+09:00
Laundry Tag,1900.0,86.0,success,False,2026-08-21T00:08:35.535549+09:00
Laundry Tally,,,failed,False,2026-08-21T00:27:39.908231+09:00
Laundry Tariff,10.0,0.0,success,False,2026-08-21T02:42:41.863985+09:00
Laundry Tax,170.0,1.0,success,False,2026-08-21T02:08:52.269018+09:00
Laundry Terminal,110.0,2.0,success,False,2026-08-21T00:11:53.848385+09:00
Laundry Ticker,,,failed,False,2026-08-21T00:07:47.780593+09:00
Laundry Ticket,320.0,1.0,success,False,2026-08-21T00:09:30.468859+09:00
Laundry Tier,10.0,100.0,success,False,2026-08-28T00:47:03.149821+09:00
Laundry Timeline,10.0,0.0,success,False,2026-08-21T00:09:19.692750+09:00
Laundry Timer,8100.0,5.0,success,False,2026-08-28T00:23:05.201958+09:00
Laundry Token,590.0,24.0,success,False,2026-08-23T13:26:57.143655+09:00
Laundry Toll,,,failed,False,2026-08-21T02:42:34.441538+09:00
Laundry Toolbox,,,failed,False,2026-08-28T00:23:14.492376+09:00
Laundry Tower,1600.0,100.0,success,False,2026-08-21T00:07:13.344965+09:00
Laundry Tracker,210.0,0.0,success,False,2026-08-21T00:10:10.668873+09:00
Laundry Trail,,,failed,False,2026-08-21T00:05:32.052210+09:00
Laundry Trend,110.0,8.0,success,False,2026-08-28T01:04:34.359127+09:00
Laundry Trial,10.0,34.0,success,False,2026-08-27T21:18:05.577940+09:00
Laundry Unit,1900.0,100.0,success,False,2026-08-21T02:05:51.453888+09:00
Laundry Update,30.0,25.0,success,False,2026-08-21T00:09:02.871951+09:00
Laundry Value,50.0,3.0,success,False,2026-08-23T02:57:24.970560+09:00
Laundry Vault,50.0,4.0,success,False,2026-08-21T00:10:31.102119+09:00
Laundry Version,,,failed,False,2026-08-23T03:23:37.132752+09:00
Laundry View,4400.0,0.0,success,True,2026-08-21T00:08:45.670716+09:00
Laundry Voucher,210.0,8.0,success,False,2026-08-21T00:27:06.966469+09:00
Laundry Watch,50.0,3.0,success,False,2026-08-21T00:10:55.494824+09:00
Laundry Wave,1000.0,2.0,success,False,2026-08-21T00:11:07.276592+09:00
Laundry Widget,,,failed,False,2026-08-27T23:10:05.739440+09:00
Laundry Window,170.0,59.0,success,False,2026-08-21T00:07:55.712848+09:00
Laundry Worksheet,110.0,15.0,success,False,2026-08-27T22:13:48.271988+09:00
Laundry Yard,590.0,3.0,success,False,2026-08-21T00:06:59.654665+09:00
Laundry Zone,9900.0,4.0,success,False,2026-08-21T00:12:01.439565+09:00
Lease Advance,,,failed,False,2026-08-23T16:11:13.672713+09:00
Lease Advisory,320.0,9.0,success,False,2026-08-21T01:08:18.401082+09:00
Lease Allowance,30.0,5.0,success,False,2026-08-21T02:38:33.089549+09:00
Lease Almanac,,,failed,False,2026-08-18T23:51:23.817197+09:00
Lease Analyzer,20.0,13.0,success,False,2026-08-27T23:56:47.564941+09:00
Lease Anchor,,,failed,False,2026-08-17T20:47:16.621554+09:00
Lease Arrears,10.0,0.0,success,False,2026-08-23T16:11:13.672713+09:00
Lease Asset,720.0,2.0,success,False,2026-08-23T13:48:06.578216+09:00
Lease Assistant,140.0,3.0,success,False,2026-08-17T23:31:27.985495+09:00
Lease Atlas,90.0,90.0,success,False,2026-08-17T20:37:57.626492+09:00
Lease Attribute,,,failed,False,2026-08-23T13:07:43.906174+09:00
Lease Badge,,,failed,False,2026-08-21T00:33:14.863078+09:00
Lease Balance,20.0,1.0,success,False,2026-08-23T13:48:06.578216+09:00
Lease Base,10.0,3.0,success,False,2026-08-17T20:34:34.179062+09:00
Lease Beacon,,,failed,False,2026-08-17T21:33:08.992358+09:00
Lease Bill,170.0,17.0,success,False,2026-08-19T21:48:50.657736+09:00
Lease Blueprint,,,failed,False,2026-08-18T23:51:23.817197+09:00
Lease Board,90.0,15.0,success,False,2026-08-18T07:52:01.229242+09:00
Lease Book,90.0,27.0,success,False,2026-08-19T21:49:47.542279+09:00
Lease Bridge,,,failed,False,2026-08-17T20:48:34.410191+09:00
Lease Brief,,,failed,False,2026-08-21T01:08:07.982267+09:00
Lease Bulletin,,,failed,False,2026-08-21T01:08:04.647718+09:00
Lease Cabinet,,,failed,False,2026-08-27T23:13:18.509120+09:00
Lease Calculator,33100.0,14.0,success,False,2026-08-27T23:34:54.940798+09:00
Lease Calendar,10.0,,success,False,2026-08-19T00:04:33.745752+09:00
Lease Card,390.0,70.0,success,False,2026-08-19T13:40:01.237122+09:00
Lease Cascade,,,failed,False,2026-08-17T21:30:47.592348+09:00
Lease Cash,140.0,20.0,success,False,2026-08-21T02:21:06.391588+09:00
Lease Cashback,,,failed,False,2026-08-27T21:14:19.073158+09:00
Lease Category,,,failed,False,2026-08-23T13:07:41.329341+09:00
Lease Center,40500.0,4.0,success,False,2026-08-17T21:35:44.584576+09:00
Lease Chain,,,failed,False,2026-08-17T20:42:06.946542+09:00
Lease Charge,170.0,3.0,success,False,2026-08-21T02:38:19.881796+09:00
Lease Check,880.0,23.0,success,False,2026-08-19T13:40:29.386715+09:00
Lease Checker,880.0,23.0,success,False,2026-08-27T23:56:43.300961+09:00
Lease Circular,,,failed,False,2026-08-21T01:08:12.622841+09:00
Lease Cockpit,,,failed,False,2026-08-17T23:05:14.518937+09:00
Lease Code,90.0,1.0,success,False,2026-08-19T21:49:16.162945+09:00
Lease Codex,,,failed,False,2026-08-18T23:51:23.817197+09:00
Lease Companion,70.0,13.0,success,False,2026-08-17T23:32:49.252049+09:00
Lease Comparison,1300.0,72.0,success,False,2026-08-28T01:08:02.108620+09:00
Lease Compass,1000.0,22.0,success,False,2026-08-17T21:34:09.721109+09:00
Lease Compendium,,,failed,False,2026-08-18T23:51:23.817197+09:00
Lease Confirmation,10.0,7.0,success,False,2026-08-21T01:08:25.718288+09:00
Lease Console,,,failed,False,2026-08-17T21:32:33.876836+09:00
Lease Converter,,,failed,False,2026-08-27T23:34:54.940798+09:00
Lease Core,,,failed,False,2026-08-17T20:33:41.175079+09:00
Lease Cost,1000.0,16.0,success,False,2026-08-21T02:14:07.166822+09:00
Lease Count,20.0,0.0,success,False,2026-08-27T22:47:46.388657+09:00
Lease Counter,,,failed,False,2026-08-19T00:05:11.440472+09:00
Lease Coupon,,,failed,False,2026-08-27T21:14:16.452058+09:00
Lease Dashboard,,,failed,False,2026-08-17T23:32:34.743858+09:00
Lease Deal,40500.0,79.0,success,False,2026-08-21T01:57:45.438381+09:00
Lease Debt,40.0,3.0,success,False,2026-08-21T02:21:00.139536+09:00
Lease Deck,,,failed,False,2026-08-18T07:52:13.300527+09:00
Lease Depot,720.0,3.0,success,False,2026-08-19T00:04:56.559247+09:00
Lease Desk,10.0,59.0,success,False,2026-08-17T21:38:29.386806+09:00
Lease Detail,170.0,4.0,success,False,2026-08-23T03:19:19.103854+09:00
Lease Detector,,,failed,False,2026-08-27T23:56:47.564941+09:00
Lease Diagram,30.0,0.0,success,False,2026-08-27T22:08:41.770881+09:00
Lease Dial,,,failed,False,2026-08-17T21:30:15.996537+09:00
Lease Digest,,,failed,False,2026-08-19T20:49:04.250848+09:00
Lease Directory,10.0,,success,False,2026-08-19T00:04:38.069566+09:00
Lease Discount,50.0,27.0,success,False,2026-08-23T16:11:08.956491+09:00
Lease Dock,,,failed,False,2026-08-17T20:44:37.629482+09:00
Lease Dossier,,,failed,False,2026-08-21T01:08:29.808950+09:00
Lease Downpayment,320.0,26.0,success,False,2026-08-27T21:46:28.400647+09:00
Lease Draft,210.0,36.0,success,False,2026-08-19T20:49:12.755513+09:00
Lease Due,10.0,0.0,success,False,2026-08-23T15:52:59.645505+09:00
Lease Duty,20.0,2.0,success,False,2026-08-21T02:38:23.344262+09:00
Lease Engine,90.0,1.0,success,False,2026-08-17T23:14:22.352504+09:00
Lease Entry,50.0,2.0,success,False,2026-08-21T01:08:42.694211+09:00
Lease Estimate,33100.0,14.0,success,False,2026-08-19T21:33:06.191339+09:00
Lease Estimator,320.0,43.0,success,False,2026-08-27T23:56:38.183826+09:00
Lease Excerpt,,,failed,False,2026-08-21T01:08:38.226777+09:00
Lease Extension,3600.0,30.0,success,False,2026-08-23T16:37:26.596455+09:00
Lease Fare,10.0,2.0,success,False,2026-08-21T02:14:13.791830+09:00
Lease Fee,880.0,2.0,success,False,2026-08-21T01:57:22.977623+09:00
Lease Feed,,,failed,False,2026-08-19T20:49:06.260858+09:00
Lease File,50.0,1.0,success,False,2026-08-19T20:48:40.120494+09:00
Lease Finder,720.0,71.0,success,False,2026-08-19T00:04:50.750995+09:00
Lease Fine,,,failed,False,2026-08-23T02:54:28.936816+09:00
Lease Flag,,,failed,False,2026-08-21T00:33:58.463562+09:00
Lease Flow,,,failed,False,2026-08-18T07:52:58.974940+09:00
Lease Forge,,,failed,False,2026-08-17T21:31:56.784481+09:00
Lease Form,1300.0,83.0,success,False,2026-08-19T13:39:49.486851+09:00
Lease Format,1300.0,83.0,success,False,2026-08-23T13:07:48.964667+09:00
Lease Frame,,,failed,False,2026-08-17T20:35:28.436030+09:00
Lease Fund,70.0,5.0,success,False,2026-08-21T02:21:02.332570+09:00
Lease Gate,,,failed,False,2026-08-17T20:39:41.640400+09:00
Lease Generator,590.0,76.0,success,False,2026-08-27T23:34:54.940798+09:00
Lease Giveaway,,,failed,False,2026-08-27T21:14:30.241053+09:00
Lease Grade,,,failed,False,2026-08-21T00:33:39.786796+09:00
Lease Graph,,,failed,False,2026-08-27T22:08:28.855798+09:00
Lease Grid,,,failed,False,2026-08-17T20:42:29.560038+09:00
Lease Guarantee,320.0,8.0,success,False,2026-08-28T01:08:04.607830+09:00
Lease Guard,110.0,3.0,success,False,2026-08-17T20:34:09.472739+09:00
Lease Guardian,,,failed,False,2026-08-28T00:26:09.270269+09:00
Lease Guidebook,,,failed,False,2026-08-18T23:51:23.817197+09:00
Lease Helpdesk,,,failed,False,2026-08-27T22:47:46.388657+09:00
Lease Helper,,,failed,False,2026-08-28T00:26:12.300765+09:00
Lease History,70.0,2.0,success,False,2026-08-19T20:48:35.358478+09:00
Lease Hub,110.0,17.0,success,False,2026-08-18T01:28:07.797651+09:00
Lease Identifier,,,failed,False,2026-08-23T13:07:41.329341+09:00
Lease Incentive,720.0,29.0,success,False,2026-08-27T21:14:25.842421+09:00
Lease Index,30.0,32.0,success,False,2026-08-19T21:33:04.196015+09:00
Lease Insight,20.0,12.0,success,False,2026-08-17T23:10:49.091693+09:00
Lease Installment,30.0,2.0,success,False,2026-08-23T16:11:08.956491+09:00
Lease Item,90.0,37.0,success,False,2026-08-21T01:57:30.255883+09:00
Lease Journal,10.0,0.0,success,False,2026-08-18T23:51:26.495575+09:00
Lease Keeper,,,failed,False,2026-08-17T20:36:00.761105+09:00
Lease Kit,30.0,4.0,success,False,2026-08-27T22:47:42.136854+09:00
Lease Lab,720.0,44.0,success,False,2026-08-17T21:39:19.495692+09:00
Lease Label,10.0,29.0,success,False,2026-08-27T22:08:33.849782+09:00
Lease Ledger,390.0,18.0,success,False,2026-08-17T20:32:36.001496+09:00
Lease Lens,50.0,44.0,success,False,2026-08-17T20:36:26.800121+09:00
Lease Level,,,failed,False,2026-08-19T20:48:46.011592+09:00
Lease Levy,,,failed,False,2026-08-23T13:48:08.634446+09:00
Lease Link,14800.0,7.0,success,False,2026-08-23T03:19:12.816359+09:00
Lease List,90.0,20.0,success,False,2026-08-19T21:49:26.172736+09:00
Lease Loan,480.0,23.0,success,False,2026-08-21T02:14:19.948102+09:00
Lease Locator,210.0,7.0,success,False,2026-08-19T00:04:42.603293+09:00
Lease Lock,2400.0,17.0,success,False,2026-08-17T20:38:19.209708+09:00
Lease Log,70.0,4.0,success,False,2026-08-19T13:39:34.156572+09:00
Lease Loop,90.0,20.0,success,False,2026-08-17T20:43:25.230587+09:00
Lease Manager,1600.0,5.0,success,False,2026-08-17T20:35:00.475766+09:00
Lease Manual,,,failed,False,2026-08-27T22:08:36.718327+09:00
Lease Map,110.0,0.0,success,False,2026-08-17T20:37:26.547523+09:00
Lease Markup,,,failed,False,2026-08-23T16:37:24.399501+09:00
Lease Memo,,,failed,False,2026-08-21T00:33:46.093002+09:00
Lease Message,,,failed,False,2026-08-27T23:13:09.078623+09:00
Lease Meter,,,failed,False,2026-08-17T20:47:58.336807+09:00
Lease Metrics,,,failed,False,2026-08-17T23:32:21.137516+09:00
Lease Monitor,140.0,41.0,success,False,2026-08-17T23:32:02.596672+09:00
Lease Navigator,210.0,99.0,success,False,2026-08-17T23:12:24.724350+09:00
Lease Nexus,,,failed,False,2026-08-17T20:38:43.149907+09:00
Lease Node,,,failed,False,2026-08-17T20:40:32.567080+09:00
Lease Note,110.0,1.0,success,False,2026-08-19T13:41:02.359276+09:00
Lease Notification,10.0,0.0,success,False,2026-08-27T22:47:34.273654+09:00
Lease Number,140.0,1.0,success,False,2026-08-23T03:19:05.834960+09:00
Lease Office,60500.0,5.0,success,False,2026-08-19T00:05:01.988375+09:00
Lease Ops,,,failed,False,2026-08-17T23:33:00.502135+09:00
Lease Order,20.0,0.0,success,False,2026-08-19T21:48:37.941943+09:00
Lease Organizer,,,failed,False,2026-08-17T22:51:27.768654+09:00
Lease Overage,,,failed,False,2026-08-27T21:46:26.203739+09:00
Lease Overdraft,,,failed,False,2026-08-23T15:53:03.221395+09:00
Lease Overdue,,,failed,False,2026-08-27T21:46:21.323370+09:00
Lease Panel,,,failed,False,2026-08-17T21:31:28.023870+09:00
Lease Path,20.0,11.0,success,False,2026-08-17T20:40:08.225876+09:00
Lease Payoff,110.0,25.0,success,False,2026-08-27T21:46:26.203739+09:00
Lease Penalty,40.0,2.0,success,False,2026-08-23T16:37:21.516331+09:00
Lease Petition,,,failed,False,2026-08-21T01:08:23.538465+09:00
Lease Pilot,210.0,67.0,success,False,2026-08-17T21:40:41.309160+09:00
Lease Plan,12100.0,39.0,success,False,2026-08-21T01:57:40.883576+09:00
Lease Planner,,,failed,False,2026-08-17T23:09:09.172246+09:00
Lease Playbook,,,failed,False,2026-08-18T23:51:26.495575+09:00
Lease Point,320.0,16.0,success,False,2026-08-17T20:39:15.324728+09:00
Lease Portal,1000.0,58.0,success,False,2026-08-17T21:33:36.085901+09:00
Lease Preview,,,failed,False,2026-08-28T01:08:02.108620+09:00
Lease Profile,50.0,25.0,success,False,2026-08-19T13:41:43.922175+09:00
Lease Profit,10.0,4.0,success,False,2026-08-23T02:54:19.843201+09:00
Lease Proposal,140.0,9.0,success,False,2026-08-28T01:08:04.607830+09:00
Lease Pulse,,,failed,False,2026-08-17T20:41:46.079279+09:00
Lease Quota,,,failed,False,2026-08-21T00:33:53.387508+09:00
Lease Radar,10.0,0.0,success,False,2026-08-17T21:37:21.496927+09:00
Lease Rail,,,failed,False,2026-08-17T20:43:55.064759+09:00
Lease Rate,1600.0,13.0,success,False,2026-08-19T20:48:51.281701+09:00
Lease Recap,,,failed,False,2026-08-21T01:08:34.212023+09:00
Lease Receipt,90.0,78.0,success,False,2026-08-19T21:49:03.135784+09:00
Lease Recorder,,,failed,False,2026-08-27T23:34:57.472203+09:00
Lease Register,880.0,3.0,success,False,2026-08-17T23:07:07.612411+09:00
Lease Registry,880.0,3.0,success,False,2026-08-18T23:51:26.495575+09:00
Lease Relay,,,failed,False,2026-08-17T21:36:20.278504+09:00
Lease Reminder,,,failed,False,2026-08-19T21:33:01.101175+09:00
Lease Report,70.0,4.0,success,False,2026-08-19T13:39:22.411617+09:00
Lease Repository,,,failed,False,2026-08-27T23:13:21.065060+09:00
Lease Roadmap,,,failed,False,2026-08-18T23:51:26.495575+09:00
Lease Roster,,,failed,False,2026-08-19T00:38:50.428870+09:00
Lease Route,390.0,18.0,success,False,2026-08-17T20:45:42.370254+09:00
Lease Rule,210.0,5.0,success,False,2026-08-23T03:19:15.336839+09:00
Lease Sale,590.0,35.0,success,False,2026-08-21T02:21:14.623269+09:00
Lease Sample,720.0,87.0,success,False,2026-08-19T21:50:13.072831+09:00
Lease Scale,,,failed,False,2026-08-17T20:46:42.242736+09:00
Lease Scanner,30.0,20.0,success,False,2026-08-27T23:56:43.300961+09:00
Lease Scheduler,,,failed,False,2026-08-17T23:31:42.326204+09:00
Lease Scope,,,failed,False,2026-08-17T20:44:15.738532+09:00
Lease Score,50.0,11.0,success,False,2026-08-19T13:40:53.899440+09:00
Lease Sentry,,,failed,False,2026-08-17T20:36:59.320935+09:00
Lease Serial,,,failed,False,2026-08-23T13:27:56.242264+09:00
Lease Sheet,20.0,31.0,success,False,2026-08-19T13:40:14.970348+09:00
Lease Shortfall,,,failed,False,2026-08-27T21:46:28.400647+09:00
Lease Signal,,,failed,False,2026-08-17T20:46:03.469899+09:00
Lease Signature,20.0,9.0,success,False,2026-08-23T13:27:59.739210+09:00
Lease Slip,,,failed,False,2026-08-19T21:50:00.809390+09:00
Lease Slot,,,failed,False,2026-08-19T21:50:23.410812+09:00
Lease Snapshot,,,failed,False,2026-08-18T23:51:26.495575+09:00
Lease Stage,,,failed,False,2026-08-28T00:48:11.249121+09:00
Lease Stake,,,failed,False,2026-08-23T02:54:23.224881+09:00
Lease Statement,170.0,31.0,success,False,2026-08-21T00:33:28.430853+09:00
Lease Station,10.0,5.0,success,False,2026-08-17T21:37:55.576177+09:00
Lease Status,90.0,18.0,success,False,2026-08-19T20:48:23.205403+09:00
Lease Stipend,,,failed,False,2026-08-23T13:48:10.648745+09:00
Lease Stub,,,failed,False,2026-08-21T00:33:20.736767+09:00
Lease Studio,480.0,33.0,success,False,2026-08-17T21:41:22.072079+09:00
Lease Subsidy,20.0,1.0,success,False,2026-08-23T15:53:03.221395+09:00
Lease Suite,210.0,47.0,success,False,2026-08-17T23:31:10.385394+09:00
Lease Sum,,,failed,False,2026-08-21T02:20:53.673511+09:00
Lease Summary,110.0,3.0,success,False,2026-08-19T21:32:58.231654+09:00
Lease Surtax,,,failed,False,2026-08-23T15:53:05.427640+09:00
Lease Sync,,,failed,False,2026-08-17T20:31:59.985806+09:00
Lease Tab,20.0,1.0,success,False,2026-08-21T00:34:04.071728+09:00
Lease Table,90.0,0.0,success,False,2026-08-19T21:49:37.354385+09:00
Lease Tag,10.0,0.0,success,False,2026-08-19T13:41:26.637679+09:00
Lease Tally,,,failed,False,2026-08-21T00:33:34.783519+09:00
Lease Tariff,,,failed,False,2026-08-21T02:38:35.767249+09:00
Lease Tax,880.0,3.0,success,False,2026-08-21T02:14:16.325639+09:00
Lease Ticket,,,failed,False,2026-08-19T21:33:04.196015+09:00
Lease Timeline,,,failed,False,2026-08-19T21:33:01.101175+09:00
Lease Timer,,,failed,False,2026-08-28T00:26:03.782064+09:00
Lease Toll,,,failed,False,2026-08-21T02:38:28.246618+09:00
Lease Toolbox,,,failed,False,2026-08-28T00:26:09.270269+09:00
Lease Toolkit,,,failed,False,2026-08-18T23:51:26.495575+09:00
Lease Total,,,failed,False,2026-08-27T23:13:13.331600+09:00
Lease Tracker,1300.0,19.0,success,False,2026-08-17T20:33:09.747000+09:00
Lease Trail,,,failed,False,2026-08-17T20:42:52.966707+09:00
Lease Trend,40.0,1.0,success,False,2026-08-28T01:07:59.537409+09:00
Lease Trial,,,failed,False,2026-08-27T21:14:19.073158+09:00
Lease Unit,480.0,26.0,success,False,2026-08-21T01:57:38.284860+09:00
Lease Update,40.0,13.0,success,False,2026-08-19T20:48:59.251157+09:00
Lease Vault,,,failed,False,2026-08-17T21:35:14.152571+09:00
Lease Version,,,failed,False,2026-08-23T03:19:08.908804+09:00
Lease View,,,failed,False,2026-08-19T20:48:28.899410+09:00
Lease Voucher,,,failed,False,2026-08-21T00:33:10.095062+09:00
Lease Watch,1600.0,33.0,success,False,2026-08-17T20:45:15.345040+09:00
Lease Wave,20.0,13.0,success,False,2026-08-17T20:40:52.985789+09:00
Lease Widget,,,failed,False,2026-08-27T23:13:16.008786+09:00
Lease Workbench,,,failed,False,2026-08-18T23:51:26.495575+09:00
Lease Worksheet,70.0,2.0,success,False,2026-08-27T22:08:41.770881+09:00
Lease Workshop,390.0,38.0,success,False,2026-08-28T00:26:06.768927+09:00
Lease Zone,20.0,10.0,success,False,2026-08-17T21:34:39.149688+09:00
Leave Advance,20.0,0.0,success,False,2026-08-23T16:15:22.615283+09:00
Leave Advisory,,,failed,False,2026-08-21T00:59:21.503880+09:00
Leave Allowance,590.0,0.0,success,False,2026-08-21T02:39:52.714819+09:00
Leave Almanac,,,failed,False,2026-08-18T22:06:25.984558+09:00
Leave Analyzer,,,failed,False,2026-08-27T23:58:23.732862+09:00
Leave Anchor,,,failed,False,2026-08-17T20:38:06.157627+09:00
Leave Announcement,110.0,0.0,success,False,2026-08-27T23:36:17.600549+09:00
Leave Arrears,10.0,0.0,success,False,2026-08-23T16:15:20.225326+09:00
Leave Assistant,,,failed,False,2026-08-17T23:32:54.129749+09:00
Leave Atlas,,,failed,False,2026-08-17T21:38:08.965654+09:00
Leave Badge,10.0,0.0,success,False,2026-08-21T00:36:50.529911+09:00
Leave Balance,1000.0,3.0,success,False,2026-08-23T13:47:18.876098+09:00
Leave Base,30.0,0.0,success,False,2026-08-17T21:34:24.214520+09:00
Leave Beacon,,,failed,False,2026-08-17T20:41:24.809383+09:00
Leave Bill,50.0,1.0,success,False,2026-08-19T22:03:44.565114+09:00
Leave Blueprint,,,failed,False,2026-08-18T22:06:16.619003+09:00
Leave Board,2900.0,19.0,success,False,2026-08-17T21:31:02.177338+09:00
Leave Book,590.0,23.0,success,False,2026-08-19T22:04:38.551336+09:00
Leave Bridge,,,failed,False,2026-08-17T20:38:59.956902+09:00
Leave Brief,,,failed,False,2026-08-21T00:59:12.932532+09:00
Leave Bulletin,,,failed,False,2026-08-21T00:59:08.363801+09:00
Leave Calculator,4400.0,1.0,success,False,2026-08-27T23:36:17.600549+09:00
Leave Calendar,1600.0,5.0,success,False,2026-08-19T00:00:28.920086+09:00
Leave Card,3600.0,100.0,success,False,2026-08-19T13:29:22.570342+09:00
Leave Cascade,,,failed,False,2026-08-17T20:39:52.233588+09:00
Leave Cash,10.0,1.0,success,False,2026-08-21T02:24:04.256033+09:00
Leave Category,90.0,0.0,success,False,2026-08-23T13:07:14.038929+09:00
Leave Center,30.0,1.0,success,False,2026-08-17T20:43:34.295212+09:00
Leave Chain,40.0,26.0,success,False,2026-08-17T20:32:47.475978+09:00
Leave Charge,,,failed,False,2026-08-21T02:39:41.486000+09:00
Leave Check,320.0,0.0,success,False,2026-08-19T13:29:52.884526+09:00
Leave Checker,,,failed,False,2026-08-27T23:58:14.186756+09:00
Leave Checklist,20.0,12.0,success,False,2026-08-19T21:19:27.756536+09:00
Leave Circular,590.0,0.0,success,False,2026-08-21T00:59:28.178022+09:00
Leave Cockpit,,,failed,False,2026-08-17T22:48:05.376281+09:00
Leave Code,110.0,0.0,success,False,2026-08-19T22:04:07.178529+09:00
Leave Codex,,,failed,False,2026-08-18T22:06:43.515975+09:00
Leave Companion,,,failed,False,2026-08-17T23:23:48.557902+09:00
Leave Comparison,,,failed,False,2026-08-28T01:08:32.525331+09:00
Leave Compass,,,failed,False,2026-08-17T20:42:13.997557+09:00
Leave Compendium,,,failed,False,2026-08-18T22:06:35.395449+09:00
Leave Confirmation,10.0,0.0,success,False,2026-08-21T00:59:36.315785+09:00
Leave Console,10.0,0.0,success,False,2026-08-17T20:41:06.345123+09:00
Leave Contribution,,,failed,False,2026-08-23T16:15:17.461758+09:00
Leave Converter,,,failed,False,2026-08-27T23:36:17.600549+09:00
Leave Core,,,failed,False,2026-08-17T21:33:20.961288+09:00
Leave Cost,,,failed,False,2026-08-21T02:08:27.719210+09:00
Leave Count,50.0,1.0,success,False,2026-08-27T22:49:57.314209+09:00
Leave Counter,50.0,1.0,success,False,2026-08-19T00:01:18.833283+09:00
Leave Dashboard,110.0,13.0,success,False,2026-08-17T23:23:29.892589+09:00
Leave Deal,,,failed,False,2026-08-21T01:52:12.646112+09:00
Leave Debt,,,failed,False,2026-08-21T02:23:55.522760+09:00
Leave Deck,,,failed,False,2026-08-17T20:49:41.074252+09:00
Leave Depot,,,failed,False,2026-08-19T00:00:59.808882+09:00
Leave Desk,20.0,0.0,success,False,2026-08-17T20:45:51.407426+09:00
Leave Detail,320.0,0.0,success,False,2026-08-23T03:19:15.336839+09:00
Leave Detector,,,failed,False,2026-08-27T23:58:23.732862+09:00
Leave Diagram,14800.0,0.0,success,True,2026-08-27T22:13:13.048056+09:00
Leave Dial,,,failed,False,2026-08-17T20:39:23.919432+09:00
Leave Digest,,,failed,False,2026-08-19T20:45:45.249853+09:00
Leave Directory,,,failed,False,2026-08-19T00:00:34.964613+09:00
Leave Dock,,,failed,False,2026-08-17T20:35:44.075031+09:00
Leave Dossier,,,failed,False,2026-08-21T00:59:40.549783+09:00
Leave Downpayment,,,failed,False,2026-08-27T21:48:52.496958+09:00
Leave Draft,,,failed,False,2026-08-19T20:45:56.516624+09:00
Leave Due,210.0,0.0,success,False,2026-08-23T15:52:13.445418+09:00
Leave Duty,590.0,0.0,success,False,2026-08-21T02:39:44.265069+09:00
Leave Engine,,,failed,False,2026-08-17T23:12:30.403803+09:00
Leave Entry,20.0,2.0,success,False,2026-08-21T00:59:52.495839+09:00
Leave Estimate,,,failed,False,2026-08-19T21:31:07.393138+09:00
Leave Estimator,10.0,0.0,success,False,2026-08-27T23:58:14.186756+09:00
Leave Excerpt,,,failed,False,2026-08-21T01:01:57.606553+09:00
Leave Extension,480.0,0.0,success,False,2026-08-23T16:39:30.994856+09:00
Leave Fare,10.0,0.0,success,False,2026-08-21T02:08:37.852191+09:00
Leave Fee,10.0,0.0,success,False,2026-08-21T01:51:54.787871+09:00
Leave Feed,10.0,0.0,success,False,2026-08-19T20:45:50.851524+09:00
Leave File,390.0,7.0,success,False,2026-08-19T20:45:14.737555+09:00
Leave Finder,10.0,0.0,success,False,2026-08-19T00:00:54.845309+09:00
Leave Fine,,,failed,False,2026-08-23T02:54:45.895962+09:00
Leave Flag,20.0,0.0,success,False,2026-08-21T00:25:21.406032+09:00
Leave Flow,170.0,12.0,success,False,2026-08-17T21:30:30.781560+09:00
Leave Forge,,,failed,False,2026-08-17T20:40:44.017242+09:00
Leave Form,12100.0,3.0,success,False,2026-08-19T13:29:07.755274+09:00
Leave Format,12100.0,3.0,success,False,2026-08-23T13:07:20.154329+09:00
Leave Frame,90.0,36.0,success,False,2026-08-17T21:35:24.685319+09:00
Leave Fund,,,failed,False,2026-08-21T02:23:59.841123+09:00
Leave Gate,40.0,12.0,success,False,2026-08-17T21:41:36.452024+09:00
Leave Grade,,,failed,False,2026-08-21T00:25:02.156940+09:00
Leave Graph,140.0,0.0,success,False,2026-08-27T22:13:04.123105+09:00
Leave Grid,,,failed,False,2026-08-17T20:33:23.313632+09:00
Leave Guard,110.0,97.0,success,False,2026-08-17T21:33:48.082783+09:00
Leave Guardian,,,failed,False,2026-08-28T00:27:00.787784+09:00
Leave Guidebook,,,failed,False,2026-08-18T22:05:57.658157+09:00
Leave Helpdesk,,,failed,False,2026-08-27T22:49:57.314209+09:00
Leave Helper,,,failed,False,2026-08-28T00:27:03.530965+09:00
Leave History,50.0,1.0,success,False,2026-08-19T20:45:10.019254+09:00
Leave Hub,20.0,7.0,success,False,2026-08-17T20:48:15.314618+09:00
Leave Identifier,90.0,25.0,success,False,2026-08-23T13:07:10.531607+09:00
Leave Index,,,failed,False,2026-08-19T21:19:43.238592+09:00
Leave Insight,10.0,0.0,success,False,2026-08-17T23:08:58.203851+09:00
Leave Installment,,,failed,False,2026-08-23T16:15:12.953510+09:00
Leave Item,10.0,0.0,success,False,2026-08-21T01:51:50.568304+09:00
Leave Journal,10.0,0.0,success,False,2026-08-18T22:05:42.226060+09:00
Leave Keeper,,,failed,False,2026-08-17T21:35:58.459168+09:00
Leave Lab,50.0,0.0,success,False,2026-08-17T20:46:20.020027+09:00
Leave Label,20.0,0.0,success,False,2026-08-27T22:13:04.123105+09:00
Leave Ledger,90.0,0.0,success,False,2026-08-17T21:32:17.170130+09:00
Leave Lens,0.0,,success,False,2026-08-17T21:36:30.682605+09:00
Leave Level,10.0,0.0,success,False,2026-08-19T20:45:25.764339+09:00
Leave Link,90.0,8.0,success,False,2026-08-23T03:19:08.908804+09:00
Leave List,140.0,0.0,success,False,2026-08-19T22:04:17.404214+09:00
Leave Loan,,,failed,False,2026-08-21T02:08:44.609671+09:00
Leave Locator,,,failed,False,2026-08-19T00:00:44.927785+09:00
Leave Lock,170.0,7.0,success,False,2026-08-17T21:38:40.825363+09:00
Leave Log,90.0,1.0,success,False,2026-08-19T13:28:58.111204+09:00
Leave Loop,,,failed,False,2026-08-17T20:34:19.305897+09:00
Leave Manager,320.0,9.0,success,False,2026-08-17T21:34:55.256705+09:00
Leave Manual,320.0,0.0,success,False,2026-08-27T22:13:09.872881+09:00
Leave Map,90.0,2.0,success,False,2026-08-17T21:37:36.095439+09:00
Leave Margin,2400.0,0.0,success,True,2026-08-23T02:54:43.780312+09:00
Leave Memo,70.0,0.0,success,False,2026-08-21T00:25:10.675439+09:00
Leave Message,5400.0,10.0,success,False,2026-08-27T23:15:28.257448+09:00
Leave Meter,,,failed,False,2026-08-17T20:38:32.473394+09:00
Leave Metrics,,,failed,False,2026-08-17T23:33:31.331574+09:00
Leave Monitor,260.0,13.0,success,False,2026-08-17T23:33:17.146702+09:00
Leave Navigator,,,failed,False,2026-08-17T23:10:38.410164+09:00
Leave Nexus,,,failed,False,2026-08-17T21:39:37.908878+09:00
Leave Node,50.0,0.0,success,False,2026-08-18T07:52:46.019796+09:00
Leave Note,3600.0,1.0,success,False,2026-08-19T13:30:13.142544+09:00
Leave Notification,320.0,0.0,success,False,2026-08-27T22:49:51.876514+09:00
Leave Number,110.0,0.0,success,False,2026-08-23T03:19:01.069685+09:00
Leave Office,1300.0,0.0,success,True,2026-08-19T00:01:10.174789+09:00
Leave Ops,,,failed,False,2026-08-17T23:24:07.376365+09:00
Leave Order,210.0,0.0,success,False,2026-08-19T22:03:36.532480+09:00
Leave Organizer,10.0,18.0,success,False,2026-08-17T23:14:10.961193+09:00
Leave Outline,390.0,5.0,success,False,2026-08-27T22:29:13.251110+09:00
Leave Overage,,,failed,False,2026-08-27T21:48:49.180539+09:00
Leave Overdraft,,,failed,False,2026-08-23T15:52:13.445418+09:00
Leave Overdue,,,failed,False,2026-08-27T21:48:42.861590+09:00
Leave Panel,,,failed,False,2026-08-17T20:40:19.019495+09:00
Leave Pass,170.0,0.0,success,False,2026-08-21T00:36:42.590036+09:00
Leave Path,10.0,0.0,success,False,2026-08-18T07:52:17.361320+09:00
Leave Payoff,,,failed,False,2026-08-27T21:48:46.666341+09:00
Leave Penalty,10.0,0.0,success,False,2026-08-23T16:39:23.209795+09:00
Leave Petition,4400.0,1.0,success,False,2026-08-21T00:59:32.095317+09:00
Leave Pilot,,,failed,False,2026-08-17T20:46:56.962156+09:00
Leave Plan,1000.0,2.0,success,False,2026-08-21T01:52:04.897893+09:00
Leave Planner,3600.0,8.0,success,False,2026-08-17T23:07:13.674847+09:00
Leave Playbook,,,failed,False,2026-08-18T22:05:32.001911+09:00
Leave Point,50.0,0.0,success,False,2026-08-17T21:41:04.521769+09:00
Leave Portal,1300.0,6.0,success,False,2026-08-17T20:41:54.470071+09:00
Leave Preview,10.0,0.0,success,False,2026-08-28T01:08:32.525331+09:00
Leave Price,,,failed,False,2026-08-21T02:08:33.058112+09:00
Leave Profile,30.0,0.0,success,False,2026-08-19T13:30:45.657035+09:00
Leave Proposal,20.0,0.0,success,False,2026-08-28T01:08:32.525331+09:00
Leave Pulse,10.0,0.0,success,False,2026-08-17T20:32:10.469810+09:00
Leave Queue,70.0,0.0,success,False,2026-08-19T21:20:05.379169+09:00
Leave Quota,70.0,0.0,success,False,2026-08-21T00:25:15.691482+09:00
Leave Radar,,,failed,False,2026-08-17T20:44:51.445524+09:00
Leave Rail,,,failed,False,2026-08-17T20:34:43.926118+09:00
Leave Rate,40.0,0.0,success,False,2026-08-19T20:45:32.308725+09:00
Leave Recap,,,failed,False,2026-08-21T00:59:46.357323+09:00
Leave Receipt,,,failed,False,2026-08-19T22:03:56.439657+09:00
Leave Recorder,480.0,5.0,success,False,2026-08-27T23:36:23.122509+09:00
Leave Redemption,,,failed,False,2026-08-23T16:39:28.081272+09:00
Leave Register,590.0,3.0,success,False,2026-08-17T23:04:59.397693+09:00
Leave Registry,,,failed,False,2026-08-18T22:06:07.690995+09:00
Leave Relay,,,failed,False,2026-08-17T20:44:04.848400+09:00
Leave Reminder,40.0,0.0,success,False,2026-08-19T21:19:17.312411+09:00
Leave Report,480.0,2.0,success,False,2026-08-19T13:28:50.400701+09:00
Leave Repository,,,failed,False,2026-08-27T23:15:33.369822+09:00
Leave Result,,,failed,False,2026-08-28T00:48:41.501339+09:00
Leave Roadmap,,,failed,False,2026-08-18T22:06:52.142585+09:00
Leave Roster,320.0,2.0,success,False,2026-08-19T00:38:43.028128+09:00
Leave Route,10.0,0.0,success,False,2026-08-17T20:36:40.845127+09:00
Leave Rule,2400.0,0.0,success,True,2026-08-23T03:19:12.816359+09:00
Leave Sale,,,failed,False,2026-08-21T02:24:08.080909+09:00
Leave Scale,,,failed,False,2026-08-17T20:37:38.706086+09:00
Leave Scanner,30.0,17.0,success,False,2026-08-27T23:58:18.988715+09:00
Leave Scheduler,320.0,6.0,success,False,2026-08-17T23:33:04.806706+09:00
Leave Scope,,,failed,False,2026-08-17T20:35:12.658616+09:00
Leave Score,24900000.0,0.0,success,True,2026-08-19T13:30:02.018673+09:00
Leave Sentry,,,failed,False,2026-08-17T21:36:57.018160+09:00
Leave Sheet,210.0,1.0,success,False,2026-08-19T13:29:43.800182+09:00
Leave Shortfall,,,failed,False,2026-08-27T21:48:54.950777+09:00
Leave Signal,,,failed,False,2026-08-17T20:37:08.027448+09:00
Leave Signature,10.0,0.0,success,False,2026-08-23T13:27:46.545552+09:00
Leave Slip,210.0,0.0,success,False,2026-08-19T22:04:53.715623+09:00
Leave Slot,,,failed,False,2026-08-19T22:05:17.062474+09:00
Leave Snapshot,,,failed,False,2026-08-18T22:05:50.321080+09:00
Leave Stage,110.0,0.0,success,False,2026-08-28T00:48:41.501339+09:00
Leave Statement,90.0,0.0,success,False,2026-08-21T00:24:49.316489+09:00
Leave Station,880.0,0.0,success,False,2026-08-17T20:45:28.437462+09:00
Leave Status,320.0,0.0,success,False,2026-08-19T20:44:50.684915+09:00
Leave Stipend,,,failed,False,2026-08-23T13:47:27.498118+09:00
Leave Stub,,,failed,False,2026-08-21T00:24:39.947545+09:00
Leave Studio,10.0,1.0,success,False,2026-08-17T20:47:33.914967+09:00
Leave Subsidy,10.0,,success,False,2026-08-23T15:52:15.458518+09:00
Leave Suite,,,failed,False,2026-08-17T23:32:40.699548+09:00
Leave Sum,,,failed,False,2026-08-21T02:23:51.443965+09:00
Leave Summary,110.0,0.0,success,False,2026-08-19T21:18:51.088595+09:00
Leave Sync,,,failed,False,2026-08-17T21:31:41.054400+09:00
Leave Tab,140.0,0.0,success,False,2026-08-21T00:25:29.281502+09:00
Leave Table,210.0,11.0,success,False,2026-08-19T22:04:26.155627+09:00
Leave Tag,,,failed,False,2026-08-19T13:30:39.417389+09:00
Leave Tally,,,failed,False,2026-08-21T00:24:57.111152+09:00
Leave Tariff,,,failed,False,2026-08-21T02:39:54.831624+09:00
Leave Tax,90.0,3.0,success,False,2026-08-21T02:08:41.527197+09:00
Leave Ticket,20.0,4.0,success,False,2026-08-19T21:19:52.858825+09:00
Leave Tier,,,failed,False,2026-08-28T00:48:45.489712+09:00
Leave Timeline,,,failed,False,2026-08-19T21:19:06.268561+09:00
Leave Timer,,,failed,False,2026-08-28T00:27:00.787784+09:00
Leave Toll,,,failed,False,2026-08-21T02:39:46.933675+09:00
Leave Toolbox,,,failed,False,2026-08-28T00:27:03.530965+09:00
Leave Toolkit,,,failed,False,2026-08-18T22:05:23.943754+09:00
Leave Total,,,failed,False,2026-08-27T23:15:28.257448+09:00
Leave Tracker,2900.0,15.0,success,False,2026-08-17T21:32:50.995270+09:00
Leave Trail,260.0,0.0,success,False,2026-08-17T20:33:51.962760+09:00
Leave Trend,,,failed,False,2026-08-28T01:08:29.646959+09:00
Leave Trial,,,failed,False,2026-08-27T21:17:40.328757+09:00
Leave Unit,,,failed,False,2026-08-21T01:52:03.394231+09:00
Leave Update,210.0,0.0,success,False,2026-08-19T20:45:37.673361+09:00
Leave Value,,,failed,False,2026-08-23T02:54:38.259905+09:00
Leave Vault,,,failed,False,2026-08-17T20:43:09.097865+09:00
Leave Version,,,failed,False,2026-08-23T03:19:05.834960+09:00
Leave View,,,failed,False,2026-08-19T20:45:04.260812+09:00
Leave Voucher,,,failed,False,2026-08-21T00:36:48.316365+09:00
Leave Wallet,,,failed,False,2026-08-27T22:49:54.897946+09:00
Leave Watch,20.0,0.0,success,False,2026-08-17T20:36:11.237181+09:00
Leave Wave,,,failed,False,2026-08-18T07:52:06.675931+09:00
Leave Widget,,,failed,False,2026-08-27T23:15:30.690091+09:00
Leave Workbench,,,failed,False,2026-08-18T22:05:13.758359+09:00
Leave Worksheet,50.0,1.0,success,False,2026-08-27T22:13:13.048056+09:00
Leave Zone,,,failed,False,2026-08-17T20:42:41.908187+09:00
Ledger Advance,,,failed,False,2026-08-23T16:17:12.971292+09:00
Ledger Advisory,30.0,0.0,success,False,2026-08-21T01:08:25.718288+09:00
Ledger Allowance,,,failed,False,2026-08-21T02:40:01.670619+09:00
Ledger Almanac,,,failed,False,2026-08-18T22:03:46.428497+09:00
Ledger Analyzer,,,failed,False,2026-08-27T23:55:03.182011+09:00
Ledger Anchor,40.0,79.0,success,False,2026-08-18T07:43:44.841764+09:00
Ledger Arrears,,,failed,False,2026-08-23T16:17:12.971292+09:00
Ledger Asset,40.0,7.0,success,False,2026-08-23T13:48:10.648745+09:00
Ledger Assistant,50.0,0.0,success,False,2026-08-17T22:51:27.768654+09:00
Ledger Atlas,10.0,0.0,success,False,2026-08-17T20:35:00.475766+09:00
Ledger Attribute,,,failed,False,2026-08-23T13:08:07.144549+09:00
Ledger Balance,8100.0,1.0,success,False,2026-08-23T13:48:08.634446+09:00
Ledger Base,50.0,1.0,success,False,2026-08-18T07:52:01.229242+09:00
Ledger Beacon,,,failed,False,2026-08-17T20:35:28.436030+09:00
Ledger Bill,90.0,0.0,success,False,2026-08-19T21:52:24.100892+09:00
Ledger Board,8100.0,4.0,success,False,2026-08-17T20:42:52.966707+09:00
Ledger Book,22200.0,97.0,success,False,2026-08-19T21:53:29.207509+09:00
Ledger Bridge,90.0,12.0,success,False,2026-08-17T20:32:32.905502+09:00
Ledger Brief,20.0,0.0,success,False,2026-08-21T01:08:15.676788+09:00
Ledger Bulletin,,,failed,False,2026-08-21T01:08:10.104042+09:00
Ledger Cabinet,20.0,92.0,success,False,2026-08-27T23:12:08.197632+09:00
Ledger Calendar,50.0,86.0,success,False,2026-08-18T23:58:17.460804+09:00
Ledger Card,1600.0,60.0,success,False,2026-08-19T13:28:33.821561+09:00
Ledger Cascade,,,failed,False,2026-08-17T20:33:40.236931+09:00
Ledger Cash,1000.0,43.0,success,False,2026-08-21T02:23:31.419607+09:00
Ledger Category,,,failed,False,2026-08-23T13:08:07.144549+09:00
Ledger Center,40.0,1.0,success,False,2026-08-17T20:37:57.626492+09:00
Ledger Chain,140.0,24.0,success,False,2026-08-17T20:39:41.640400+09:00
Ledger Charge,50.0,9.0,success,False,2026-08-21T02:39:49.190275+09:00
Ledger Check,110.0,92.0,success,False,2026-08-19T13:28:52.256085+09:00
Ledger Checker,110.0,92.0,success,False,2026-08-27T23:54:55.608336+09:00
Ledger Circular,,,failed,False,2026-08-21T01:08:20.285219+09:00
Ledger Cockpit,,,failed,False,2026-08-17T23:06:22.536636+09:00
Ledger Code,320.0,12.0,success,False,2026-08-19T21:52:48.982891+09:00
Ledger Codex,,,failed,False,2026-08-18T22:04:07.158721+09:00
Ledger Companion,,,failed,False,2026-08-17T23:14:05.238044+09:00
Ledger Comparison,40.0,41.0,success,False,2026-08-28T01:05:55.431564+09:00
Ledger Compass,,,failed,False,2026-08-17T20:36:22.753454+09:00
Ledger Compendium,,,failed,False,2026-08-18T22:03:58.790181+09:00
Ledger Confirmation,140.0,0.0,success,False,2026-08-21T01:08:34.212023+09:00
Ledger Console,,,failed,False,2026-08-17T20:34:58.202084+09:00
Ledger Contribution,,,failed,False,2026-08-23T16:17:10.658953+09:00
Ledger Converter,,,failed,False,2026-08-27T23:34:03.746516+09:00
Ledger Core,10.0,10.0,success,False,2026-08-18T07:52:13.300527+09:00
Ledger Cost,170.0,31.0,success,False,2026-08-21T02:07:02.181648+09:00
Ledger Count,,,failed,False,2026-08-27T22:46:42.853394+09:00
Ledger Counter,,,failed,False,2026-08-18T23:59:08.925896+09:00
Ledger Dashboard,70.0,3.0,success,False,2026-08-17T23:07:07.612411+09:00
Ledger Deal,30.0,100.0,success,False,2026-08-21T01:59:59.476692+09:00
Ledger Debt,110.0,4.0,success,False,2026-08-21T02:23:24.043193+09:00
Ledger Deck,1000.0,12.0,success,False,2026-08-17T20:42:04.175878+09:00
Ledger Depot,,,failed,False,2026-08-18T23:58:52.034754+09:00
Ledger Desk,390.0,85.0,success,False,2026-08-17T20:40:06.808560+09:00
Ledger Detail,260.0,1.0,success,False,2026-08-23T03:20:15.434284+09:00
Ledger Detector,,,failed,False,2026-08-27T23:54:58.395846+09:00
Ledger Dial,,,failed,False,2026-08-17T20:33:08.305690+09:00
Ledger Digest,,,failed,False,2026-08-19T20:47:30.914414+09:00
Ledger Directory,,,failed,False,2026-08-18T23:58:25.855676+09:00
Ledger Discount,260.0,65.0,success,False,2026-08-23T16:17:06.545040+09:00
Ledger Dock,,,failed,False,2026-08-17T20:42:06.946542+09:00
Ledger Dossier,,,failed,False,2026-08-21T01:08:38.226777+09:00
Ledger Draft,,,failed,False,2026-08-19T20:47:43.737608+09:00
Ledger Due,,,failed,False,2026-08-23T15:52:57.176155+09:00
Ledger Duty,,,failed,False,2026-08-21T02:39:52.714819+09:00
Ledger Endowment,,,failed,False,2026-08-23T15:53:03.221395+09:00
Ledger Engine,10.0,0.0,success,False,2026-08-17T23:15:16.385703+09:00
Ledger Entry,2400.0,9.0,success,False,2026-08-21T01:08:51.801540+09:00
Ledger Estimator,,,failed,False,2026-08-27T23:54:52.993731+09:00
Ledger Excerpt,,,failed,False,2026-08-21T01:08:47.143646+09:00
Ledger Fare,,,failed,False,2026-08-21T02:07:16.373051+09:00
Ledger Fee,720.0,1.0,success,False,2026-08-21T01:59:50.051478+09:00
Ledger Field,,,failed,False,2026-08-23T13:08:09.181921+09:00
Ledger File,210.0,51.0,success,False,2026-08-19T20:47:08.500238+09:00
Ledger Finder,,,failed,False,2026-08-18T23:58:42.867449+09:00
Ledger Fine,,,failed,False,2026-08-23T02:55:10.666436+09:00
Ledger Flag,,,failed,False,2026-08-21T00:34:35.312701+09:00
Ledger Flow,50.0,4.0,success,False,2026-08-17T20:42:24.319818+09:00
Ledger Forge,30.0,0.0,success,False,2026-08-17T20:34:33.124318+09:00
Ledger Form,12100.0,9.0,success,False,2026-08-19T13:28:22.445633+09:00
Ledger Format,12100.0,9.0,success,False,2026-08-23T13:08:12.908274+09:00
Ledger Frame,90.0,13.0,success,False,2026-08-17T20:32:36.001496+09:00
Ledger Fund,30.0,0.0,success,False,2026-08-21T02:23:27.282211+09:00
Ledger Gate,110.0,26.0,success,False,2026-08-17T20:36:56.303275+09:00
Ledger Generator,30.0,20.0,success,False,2026-08-27T23:34:06.441052+09:00
Ledger Grade,,,failed,False,2026-08-21T00:34:21.181247+09:00
Ledger Graph,20.0,2.0,success,False,2026-08-27T22:07:45.490805+09:00
Ledger Guarantee,,,failed,False,2026-08-28T01:06:00.663079+09:00
Ledger Guard,90.0,6.0,success,False,2026-08-18T07:52:23.466246+09:00
Ledger Guardian,30.0,0.0,success,False,2026-08-28T00:24:47.033463+09:00
Ledger Guidebook,,,failed,False,2026-08-18T22:03:03.090691+09:00
Ledger Helpdesk,30.0,6.0,success,False,2026-08-27T22:46:42.853394+09:00
Ledger Helper,,,failed,False,2026-08-28T00:24:53.833495+09:00
Ledger History,70.0,0.0,success,False,2026-08-19T20:47:03.354167+09:00
Ledger Hub,50.0,0.0,success,False,2026-08-17T20:41:42.376478+09:00
Ledger Identifier,,,failed,False,2026-08-23T13:08:05.055975+09:00
Ledger Index,20.0,37.0,success,False,2026-08-19T21:05:35.157530+09:00
Ledger Insight,590.0,1.0,success,False,2026-08-17T23:11:44.690517+09:00
Ledger Installment,,,failed,False,2026-08-23T16:17:06.545040+09:00
Ledger Interest,10.0,7.0,success,False,2026-08-23T13:48:08.634446+09:00
Ledger Item,170.0,0.0,success,False,2026-08-21T01:59:53.471915+09:00
Ledger Journal,3600.0,49.0,success,False,2026-08-18T22:02:42.227147+09:00
Ledger Keeper,90.0,11.0,success,False,2026-08-17T20:33:08.305690+09:00
Ledger Kit,10.0,48.0,success,False,2026-08-27T22:46:36.036918+09:00
Ledger Lab,210.0,2.0,success,False,2026-08-17T20:40:31.600880+09:00
Ledger Label,10.0,0.0,success,False,2026-08-27T22:07:48.909558+09:00
Ledger Layout,50.0,81.0,success,False,2026-08-27T22:28:42.749169+09:00
Ledger Lens,40.0,2.0,success,False,2026-08-17T20:33:41.175079+09:00
Ledger Level,50.0,16.0,success,False,2026-08-19T20:47:15.115131+09:00
Ledger Levy,,,failed,False,2026-08-23T13:48:13.167118+09:00
Ledger Link,140.0,25.0,success,False,2026-08-23T03:20:07.416918+09:00
Ledger List,260.0,0.0,success,False,2026-08-19T21:53:02.852702+09:00
Ledger Loan,2400.0,21.0,success,False,2026-08-21T02:07:24.034599+09:00
Ledger Locator,,,failed,False,2026-08-18T23:58:35.248777+09:00
Ledger Lock,1600.0,100.0,success,False,2026-08-17T20:35:28.436030+09:00
Ledger Log,30.0,33.0,success,False,2026-08-19T13:28:12.912105+09:00
Ledger Loop,,,failed,False,2026-08-17T20:40:52.985789+09:00
Ledger Manager,170.0,3.0,success,False,2026-08-17T20:31:59.985806+09:00
Ledger Manual,140.0,25.0,success,False,2026-08-27T22:07:54.366638+09:00
Ledger Map,90.0,1.0,success,False,2026-08-17T20:34:34.179062+09:00
Ledger Memo,10.0,48.0,success,False,2026-08-21T00:34:25.670499+09:00
Ledger Meter,,,failed,False,2026-08-17T20:31:58.373055+09:00
Ledger Metrics,,,failed,False,2026-08-17T23:12:24.724350+09:00
Ledger Monitor,10.0,33.0,success,False,2026-08-17T23:05:14.518937+09:00
Ledger Navigator,,,failed,False,2026-08-17T23:13:22.671425+09:00
Ledger Nexus,10.0,0.0,success,False,2026-08-17T20:35:59.491401+09:00
Ledger Node,10.0,7.0,success,False,2026-08-17T20:37:57.626492+09:00
Ledger Note,880.0,34.0,success,False,2026-08-19T13:29:19.231161+09:00
Ledger Notification,10.0,5.0,success,False,2026-08-27T22:46:36.036918+09:00
Ledger Number,170.0,0.0,success,False,2026-08-23T03:20:00.686198+09:00
Ledger Office,140.0,38.0,success,False,2026-08-18T23:58:59.776089+09:00
Ledger Ops,,,failed,False,2026-08-17T23:08:49.702335+09:00
Ledger Organizer,,,failed,False,2026-08-17T23:04:27.580981+09:00
Ledger Overdraft,,,failed,False,2026-08-23T15:52:59.645505+09:00
Ledger Overdue,,,failed,False,2026-08-27T21:46:08.601206+09:00
Ledger Panel,390.0,100.0,success,False,2026-08-17T20:34:08.377719+09:00
Ledger Pass,10.0,46.0,success,False,2026-08-21T00:33:50.963808+09:00
Ledger Path,,,failed,False,2026-08-17T20:37:24.505740+09:00
Ledger Petition,,,failed,False,2026-08-21T01:08:29.808950+09:00
Ledger Pilot,,,failed,False,2026-08-17T20:40:52.069695+09:00
Ledger Plan,,,failed,False,2026-08-21T02:00:00.574550+09:00
Ledger Planner,10.0,100.0,success,False,2026-08-17T23:10:06.483021+09:00
Ledger Playbook,,,failed,False,2026-08-18T22:02:30.753417+09:00
Ledger Point,40.0,0.0,success,False,2026-08-17T20:36:26.800121+09:00
Ledger Portal,30.0,5.0,success,False,2026-08-17T20:35:59.491401+09:00
Ledger Preview,,,failed,False,2026-08-28T01:05:58.030505+09:00
Ledger Profile,,,failed,False,2026-08-19T13:29:49.322759+09:00
Ledger Profit,,,failed,False,2026-08-23T02:54:57.045583+09:00
Ledger Proposal,,,failed,False,2026-08-28T01:05:58.030505+09:00
Ledger Pulse,,,failed,False,2026-08-17T20:39:15.324728+09:00
Ledger Quota,,,failed,False,2026-08-21T00:34:30.806569+09:00
Ledger Radar,,,failed,False,2026-08-17T20:39:13.606540+09:00
Ledger Rail,20.0,0.0,success,False,2026-08-17T20:41:16.510977+09:00
Ledger Rate,10.0,0.0,success,False,2026-08-19T20:47:17.630061+09:00
Ledger Recap,,,failed,False,2026-08-21T01:08:42.694211+09:00
Ledger Receipt,140.0,63.0,success,False,2026-08-19T21:52:37.480660+09:00
Ledger Recorder,,,failed,False,2026-08-27T23:34:06.441052+09:00
Ledger Register,590.0,95.0,success,False,2026-08-17T23:08:06.421601+09:00
Ledger Registry,,,failed,False,2026-08-18T22:03:14.728477+09:00
Ledger Relay,,,failed,False,2026-08-17T20:38:16.946588+09:00
Ledger Reminder,,,failed,False,2026-08-19T21:05:10.807996+09:00
Ledger Report,480.0,1.0,success,False,2026-08-19T13:28:06.398636+09:00
Ledger Repository,,,failed,False,2026-08-27T23:12:13.072454+09:00
Ledger Roadmap,10.0,8.0,success,False,2026-08-18T22:04:21.198301+09:00
Ledger Rule,90.0,0.0,success,False,2026-08-23T03:20:11.001534+09:00
Ledger Sale,2400.0,27.0,success,False,2026-08-21T02:23:33.552099+09:00
Ledger Sample,880.0,51.0,success,False,2026-08-19T21:53:54.593034+09:00
Ledger Scale,,,failed,False,2026-08-18T07:43:42.936129+09:00
Ledger Scanner,70.0,10.0,success,False,2026-08-27T23:54:58.395846+09:00
Ledger Scheduler,,,failed,False,2026-08-17T23:10:49.091693+09:00
Ledger Scope,,,failed,False,2026-08-17T20:41:46.079279+09:00
Ledger Score,10.0,0.0,success,False,2026-08-19T13:29:02.484553+09:00
Ledger Sentry,,,failed,False,2026-08-17T20:34:08.377719+09:00
Ledger Sheet,1900.0,77.0,success,False,2026-08-19T13:28:43.746659+09:00
Ledger Signal,,,failed,False,2026-08-18T07:43:54.848234+09:00
Ledger Slip,,,failed,False,2026-08-19T21:53:40.177257+09:00
Ledger Slot,,,failed,False,2026-08-19T21:54:03.410939+09:00
Ledger Snapshot,,,failed,False,2026-08-18T22:02:52.692456+09:00
Ledger Stake,50.0,0.0,success,False,2026-08-23T02:55:04.865137+09:00
Ledger Statement,1300.0,1.0,success,False,2026-08-21T00:34:11.970110+09:00
Ledger Station,,,failed,False,2026-08-17T20:39:37.454360+09:00
Ledger Status,170.0,2.0,success,False,2026-08-19T20:46:51.690221+09:00
Ledger Stipend,,,failed,False,2026-08-23T13:48:13.167118+09:00
Ledger Stub,,,failed,False,2026-08-21T00:34:07.252682+09:00
Ledger Studio,30.0,0.0,success,False,2026-08-17T20:41:15.125085+09:00
Ledger Subsidy,,,failed,False,2026-08-23T15:52:59.645505+09:00
Ledger Suite,50.0,5.0,success,False,2026-08-17T23:09:09.172246+09:00
Ledger Sum,110.0,0.0,success,False,2026-08-21T02:23:15.671365+09:00
Ledger Summary,50.0,0.0,success,False,2026-08-19T21:04:44.071622+09:00
Ledger Sync,880.0,7.0,success,False,2026-08-17T20:43:22.316757+09:00
Ledger Tab,,,failed,False,2026-08-21T00:34:40.769437+09:00
Ledger Table,720.0,55.0,success,False,2026-08-19T21:53:16.228732+09:00
Ledger Tag,20.0,8.0,success,False,2026-08-19T13:29:31.691093+09:00
Ledger Tally,2400.0,1.0,success,False,2026-08-21T00:34:16.638003+09:00
Ledger Tariff,,,failed,False,2026-08-21T02:40:04.485559+09:00
Ledger Tax,390.0,7.0,success,False,2026-08-21T02:07:20.173569+09:00
Ledger Toll,,,failed,False,2026-08-21T02:39:54.831624+09:00
Ledger Toolbox,,,failed,False,2026-08-28T00:24:51.336275+09:00
Ledger Toolkit,10.0,3.0,success,False,2026-08-18T23:51:26.495575+09:00
Ledger Tracker,70.0,13.0,success,False,2026-08-18T01:28:07.797651+09:00
Ledger Trail,,,failed,False,2026-08-17T20:40:32.567080+09:00
Ledger Trend,,,failed,False,2026-08-28T01:05:52.718366+09:00
Ledger Trial,,,failed,False,2026-08-27T21:13:49.979348+09:00
Ledger Unit,10.0,0.0,success,False,2026-08-21T01:59:58.362427+09:00
Ledger Update,480.0,7.0,success,False,2026-08-19T20:47:25.892128+09:00
Ledger Value,20.0,2.0,success,False,2026-08-23T02:54:59.727215+09:00
Ledger Vault,260.0,19.0,success,False,2026-08-17T20:37:24.505740+09:00
Ledger Version,40.0,35.0,success,False,2026-08-23T03:20:04.246790+09:00
Ledger View,70.0,1.0,success,False,2026-08-19T20:46:58.036522+09:00
Ledger Voucher,110.0,21.0,success,False,2026-08-21T00:33:55.661658+09:00
Ledger Watch,50.0,9.0,success,False,2026-08-17T20:42:24.319818+09:00
Ledger Wave,,,failed,False,2026-08-17T20:38:19.209708+09:00
Ledger Widget,,,failed,False,2026-08-27T23:12:08.197632+09:00
Ledger Workbench,,,failed,False,2026-08-18T23:51:26.495575+09:00
Ledger Worksheet,50.0,43.0,success,False,2026-08-27T22:07:54.366638+09:00
Ledger Workshop,,,failed,False,2026-08-28T00:24:47.033463+09:00
Ledger Zone,,,failed,False,2026-08-17T20:36:56.303275+09:00
Lever Advisory,,,failed,False,2026-08-21T01:09:06.679370+09:00
Lever Alert,,,failed,False,2026-08-19T21:29:05.227189+09:00
Lever Allowance,,,failed,False,2026-08-21T02:39:16.897271+09:00
Lever Analyzer,,,failed,False,2026-08-27T23:57:19.436881+09:00
Lever Assistant,,,failed,False,2026-08-19T21:14:58.322778+09:00
Lever Atlas,10.0,0.0,success,False,2026-08-19T21:14:12.923572+09:00
Lever Attribute,,,failed,False,2026-08-23T13:08:15.174863+09:00
Lever Badge,,,failed,False,2026-08-21T00:34:18.922168+09:00
Lever Base,70.0,0.0,success,False,2026-08-19T21:10:07.849360+09:00
Lever Bay,,,failed,False,2026-08-19T21:18:34.619237+09:00
Lever Beacon,140.0,3.0,success,False,2026-08-19T21:07:29.278050+09:00
Lever Bill,,,failed,False,2026-08-19T21:50:57.841127+09:00
Lever Bin,,,failed,False,2026-08-19T21:29:21.643935+09:00
Lever Book,110.0,7.0,success,False,2026-08-19T21:51:54.755817+09:00
Lever Brief,,,failed,False,2026-08-21T01:08:57.015500+09:00
Lever Bulletin,,,failed,False,2026-08-21T01:08:51.801540+09:00
Lever Calendar,,,failed,False,2026-08-19T21:16:50.838174+09:00
Lever Card,4400.0,0.0,success,True,2026-08-19T21:30:33.343002+09:00
Lever Cash,,,failed,False,2026-08-21T02:22:13.751196+09:00
Lever Cashback,,,failed,False,2026-08-27T21:14:58.792070+09:00
Lever Catalog,,,failed,False,2026-08-19T21:05:39.916573+09:00
Lever Category,10.0,0.0,success,False,2026-08-23T13:08:12.908274+09:00
Lever Center,70.0,3.0,success,False,2026-08-19T21:11:48.091080+09:00
Lever Chain,260.0,99.0,success,False,2026-08-19T21:13:29.995507+09:00
Lever Charge,90.0,18.0,success,False,2026-08-21T02:39:04.967500+09:00
Lever Chart,50.0,0.0,success,False,2026-08-19T21:29:12.327035+09:00
Lever Check,170.0,16.0,success,False,2026-08-19T21:30:47.462824+09:00
Lever Checker,,,failed,False,2026-08-27T23:57:12.985174+09:00
Lever Checklist,,,failed,False,2026-08-19T21:04:38.364310+09:00
Lever Circular,,,failed,False,2026-08-21T01:09:01.082637+09:00
Lever Code,70.0,0.0,success,False,2026-08-19T21:51:16.066048+09:00
Lever Comparison,,,failed,False,2026-08-28T01:08:20.327245+09:00
Lever Compass,,,failed,False,2026-08-19T21:07:19.840236+09:00
Lever Confirmation,,,failed,False,2026-08-21T01:09:17.934023+09:00
Lever Console,,,failed,False,2026-08-19T21:12:22.393942+09:00
Lever Cost,170.0,7.0,success,False,2026-08-21T02:15:06.129671+09:00
Lever Count,,,failed,False,2026-08-27T22:48:13.756184+09:00
Lever Coupon,10.0,0.0,success,False,2026-08-27T21:14:56.322045+09:00
Lever Deal,,,failed,False,2026-08-21T01:58:44.645317+09:00
Lever Debt,20.0,0.0,success,False,2026-08-21T02:22:07.753021+09:00
Lever Deck,,,failed,False,2026-08-19T21:10:51.939321+09:00
Lever Detail,,,failed,False,2026-08-23T03:20:07.416918+09:00
Lever Diagram,2400.0,0.0,success,True,2026-08-27T22:09:22.436426+09:00
Lever Directory,,,failed,False,2026-08-19T21:17:05.944580+09:00
Lever Discount,,,failed,False,2026-08-23T16:11:40.333627+09:00
Lever Dossier,,,failed,False,2026-08-21T01:09:20.076507+09:00
Lever Due,,,failed,False,2026-08-23T15:53:10.362751+09:00
Lever Duty,,,failed,False,2026-08-21T02:39:07.071635+09:00
Lever Engine,30.0,0.0,success,False,2026-08-19T21:14:44.485943+09:00
Lever Entry,90.0,50.0,success,False,2026-08-21T01:09:32.208799+09:00
Lever Estimate,,,failed,False,2026-08-19T21:05:28.660617+09:00
Lever Excerpt,,,failed,False,2026-08-21T01:09:29.468190+09:00
Lever Fare,,,failed,False,2026-08-21T02:15:15.095648+09:00
Lever Fee,,,failed,False,2026-08-21T01:58:34.274743+09:00
Lever Feed,,,failed,False,2026-08-19T21:03:30.036000+09:00
Lever Field,,,failed,False,2026-08-23T13:08:17.193422+09:00
Lever File,720.0,94.0,success,False,2026-08-19T21:31:52.488938+09:00
Lever Finder,10.0,0.0,success,False,2026-08-19T21:17:27.324738+09:00
Lever Fine,,,failed,False,2026-08-23T02:54:52.135987+09:00
Lever Flag,,,failed,False,2026-08-21T00:34:51.514854+09:00
Lever Form,30.0,13.0,success,False,2026-08-19T21:30:26.736781+09:00
Lever Format,,,failed,False,2026-08-23T13:08:19.388505+09:00
Lever Frame,90.0,2.0,success,False,2026-08-19T21:09:55.427058+09:00
Lever Fund,20.0,0.0,success,False,2026-08-21T02:22:10.235863+09:00
Lever Gate,390.0,86.0,success,False,2026-08-19T21:13:52.940752+09:00
Lever Giveaway,,,failed,False,2026-08-27T21:15:06.762141+09:00
Lever Grade,,,failed,False,2026-08-21T00:34:38.752919+09:00
Lever Grid,,,failed,False,2026-08-19T21:08:52.385641+09:00
Lever Guarantee,,,failed,False,2026-08-28T01:08:23.846955+09:00
Lever Harbor,,,failed,False,2026-08-19T21:19:25.343582+09:00
Lever Helper,,,failed,False,2026-08-28T00:26:34.139001+09:00
Lever History,170.0,0.0,success,False,2026-08-19T21:31:43.962049+09:00
Lever Hotline,,,failed,False,2026-08-19T21:05:54.912887+09:00
Lever Hub,90.0,0.0,success,False,2026-08-19T21:06:27.741536+09:00
Lever Identifier,,,failed,False,2026-08-23T13:08:09.181921+09:00
Lever Inbox,,,failed,False,2026-08-19T21:20:12.462826+09:00
Lever Incentive,,,failed,False,2026-08-27T21:15:01.645543+09:00
Lever Index,,,failed,False,2026-08-19T21:04:51.175636+09:00
Lever Item,,,failed,False,2026-08-21T01:58:35.810953+09:00
Lever Journal,,,failed,False,2026-08-19T21:16:27.560091+09:00
Lever Keeper,,,failed,False,2026-08-19T21:14:23.234492+09:00
Lever Kit,170.0,7.0,success,False,2026-08-27T22:48:06.633980+09:00
Lever Ledger,,,failed,False,2026-08-19T21:10:31.479524+09:00
Lever Level,90.0,0.0,success,False,2026-08-19T21:31:59.320296+09:00
Lever Line,30.0,9.0,success,False,2026-08-19T21:29:49.422411+09:00
Lever Link,90.0,1.0,success,False,2026-08-23T03:20:00.686198+09:00
Lever List,,,failed,False,2026-08-19T21:51:28.846204+09:00
Lever Loan,50.0,54.0,success,False,2026-08-21T02:15:23.867854+09:00
Lever Lobby,,,failed,False,2026-08-19T21:29:36.124531+09:00
Lever Locator,,,failed,False,2026-08-19T21:17:17.082757+09:00
Lever Log,,,failed,False,2026-08-19T21:30:18.297847+09:00
Lever Loop,40.0,2.0,success,False,2026-08-19T21:08:40.437861+09:00
Lever Manager,,,failed,False,2026-08-19T21:14:34.800336+09:00
Lever Manual,,,failed,False,2026-08-27T22:09:18.738684+09:00
Lever Map,10.0,0.0,success,False,2026-08-19T21:09:42.547953+09:00
Lever Memo,,,failed,False,2026-08-21T00:34:42.810397+09:00
Lever Message,,,failed,False,2026-08-27T23:13:50.940196+09:00
Lever Monitor,,,failed,False,2026-08-19T21:15:33.096576+09:00
Lever Nexus,,,failed,False,2026-08-19T21:14:03.656959+09:00
Lever Note,,,failed,False,2026-08-19T21:31:03.580111+09:00
Lever Number,,,failed,False,2026-08-23T03:19:53.710314+09:00
Lever Ops,,,failed,False,2026-08-19T21:16:04.396422+09:00
Lever Order,110.0,0.0,success,False,2026-08-19T21:50:46.269760+09:00
Lever Outpost,,,failed,False,2026-08-19T21:19:01.988330+09:00
Lever Overdraft,,,failed,False,2026-08-23T15:53:12.516993+09:00
Lever Panel,30.0,2.0,success,False,2026-08-19T21:12:31.857265+09:00
Lever Pass,20.0,5.0,success,False,2026-08-21T00:34:09.449100+09:00
Lever Passport,,,failed,False,2026-08-19T21:29:28.610068+09:00
Lever Path,,,failed,False,2026-08-19T21:09:15.467375+09:00
Lever Petition,,,failed,False,2026-08-21T01:09:12.434019+09:00
Lever Plan,10.0,2.0,success,False,2026-08-21T01:58:40.468509+09:00
Lever Planner,,,failed,False,2026-08-19T21:15:11.193054+09:00
Lever Playbook,,,failed,False,2026-08-19T21:16:14.581068+09:00
Lever Plaza,,,failed,False,2026-08-19T21:19:11.883317+09:00
Lever Point,70.0,2.0,success,False,2026-08-19T21:09:29.663933+09:00
Lever Portal,140.0,18.0,success,False,2026-08-19T21:12:09.668415+09:00
Lever Post,20.0,0.0,success,False,2026-08-19T21:18:48.274039+09:00
Lever Profile,40.0,3.0,success,False,2026-08-19T21:31:19.157381+09:00
Lever Profit,,,failed,False,2026-08-23T02:54:43.780312+09:00
Lever Proposal,,,failed,False,2026-08-28T01:08:23.846955+09:00
Lever Queue,,,failed,False,2026-08-19T21:05:14.341737+09:00
Lever Quota,,,failed,False,2026-08-21T00:34:47.254019+09:00
Lever Radar,10.0,0.0,success,False,2026-08-19T21:06:46.189471+09:00
Lever Rail,30.0,0.0,success,False,2026-08-19T21:13:04.964598+09:00
Lever Rate,20.0,0.0,success,False,2026-08-19T21:32:08.265719+09:00
Lever Recap,,,failed,False,2026-08-21T01:09:25.502385+09:00
Lever Receipt,,,failed,False,2026-08-19T21:51:07.578329+09:00
Lever Register,,,failed,False,2026-08-19T21:15:54.238919+09:00
Lever Relay,,,failed,False,2026-08-19T21:06:56.055921+09:00
Lever Reminder,,,failed,False,2026-08-19T21:04:24.508436+09:00
Lever Report,90.0,2.0,success,False,2026-08-19T21:30:12.319072+09:00
Lever Repository,,,failed,False,2026-08-27T23:13:56.060397+09:00
Lever Ring,90.0,12.0,success,False,2026-08-19T21:13:40.486879+09:00
Lever Roll,,,failed,False,2026-08-19T21:30:05.370784+09:00
Lever Roster,,,failed,False,2026-08-19T21:20:00.703413+09:00
Lever Route,,,failed,False,2026-08-19T21:12:53.220290+09:00
Lever Rule,3600.0,6.0,success,False,2026-08-23T03:20:04.246790+09:00
Lever Sale,,,failed,False,2026-08-21T02:22:21.674947+09:00
Lever Sample,30.0,0.0,success,False,2026-08-19T21:52:16.498900+09:00
Lever Scale,210.0,1.0,success,False,2026-08-19T21:12:43.604286+09:00
Lever Scanner,,,failed,False,2026-08-27T23:57:16.212473+09:00
Lever Schematic,,,failed,False,2026-08-27T22:28:51.186281+09:00
Lever Scope,90.0,24.0,success,False,2026-08-19T21:08:29.245582+09:00
Lever Score,590.0,0.0,success,False,2026-08-19T21:30:56.024739+09:00
Lever Sheet,,,failed,False,2026-08-19T21:30:39.077841+09:00
Lever Shelf,,,failed,False,2026-08-19T21:19:49.170898+09:00
Lever Signal,,,failed,False,2026-08-19T21:08:09.987838+09:00
Lever Signature,,,failed,False,2026-08-23T13:28:03.127667+09:00
Lever Sketch,70.0,0.0,success,False,2026-08-27T22:28:51.186281+09:00
Lever Slip,,,failed,False,2026-08-19T21:52:04.287712+09:00
Lever Slot,,,failed,False,2026-08-19T21:52:28.912563+09:00
Lever Stake,10.0,0.0,success,False,2026-08-23T02:54:48.016404+09:00
Lever Statement,,,failed,False,2026-08-21T00:34:27.900194+09:00
Lever Status,70.0,2.0,success,False,2026-08-19T21:31:25.099741+09:00
Lever Stub,,,failed,False,2026-08-21T00:34:23.360801+09:00
Lever Subsidy,,,failed,False,2026-08-23T15:53:12.516993+09:00
Lever Sum,,,failed,False,2026-08-21T02:21:59.749711+09:00
Lever Summary,,,failed,False,2026-08-19T21:03:59.838072+09:00
Lever Table,40.0,87.0,success,False,2026-08-19T21:51:38.533092+09:00
Lever Tag,,,failed,False,2026-08-19T21:31:11.020553+09:00
Lever Tally,,,failed,False,2026-08-21T00:34:32.979761+09:00
Lever Tariff,,,failed,False,2026-08-21T02:39:20.009212+09:00
Lever Tax,70.0,2.0,success,False,2026-08-21T02:15:19.980644+09:00
Lever Ticker,,,failed,False,2026-08-19T21:29:42.361641+09:00
Lever Ticket,,,failed,False,2026-08-19T21:05:03.787854+09:00
Lever Tier,,,failed,False,2026-08-28T00:48:27.212910+09:00
Lever Timeline,10.0,,success,False,2026-08-19T21:04:11.577084+09:00
Lever Toll,,,failed,False,2026-08-21T02:39:09.375307+09:00
Lever Toolbox,,,failed,False,2026-08-28T00:26:31.699789+09:00
Lever Total,,,failed,False,2026-08-27T23:13:50.940196+09:00
Lever Tower,70.0,0.0,success,False,2026-08-19T21:19:37.758100+09:00
Lever Tracker,,,failed,False,2026-08-19T21:06:06.633142+09:00
Lever Trail,,,failed,False,2026-08-19T21:13:17.515413+09:00
Lever Trial,,,failed,False,2026-08-27T21:15:01.645543+09:00
Lever Unit,20.0,0.0,success,False,2026-08-21T01:58:35.066746+09:00
Lever Update,,,failed,False,2026-08-19T21:32:15.548375+09:00
Lever Value,,,failed,False,2026-08-23T02:54:45.895962+09:00
Lever Vault,,,failed,False,2026-08-19T21:07:08.840903+09:00
Lever Version,,,failed,False,2026-08-23T03:19:56.707699+09:00
Lever View,,,failed,False,2026-08-19T21:31:33.933839+09:00
Lever Voucher,,,failed,False,2026-08-21T00:34:14.211470+09:00
Lever Watch,90.0,13.0,success,False,2026-08-19T21:08:19.397533+09:00
Lever Widget,,,failed,False,2026-08-27T23:13:53.622178+09:00
Lever Window,720.0,100.0,success,False,2026-08-19T21:29:55.661249+09:00
Lever Workshop,,,failed,False,2026-08-28T00:26:29.201404+09:00
Lever Yard,,,failed,False,2026-08-19T21:18:24.331096+09:00
Lever Zone,,,failed,False,2026-08-19T21:11:59.918866+09:00
Liability Advance,,,failed,False,2026-08-23T16:13:18.611192+09:00
Liability Advisory,,,failed,False,2026-08-21T01:02:50.394287+09:00
Liability Alert,,,failed,False,2026-08-19T21:49:37.354385+09:00
Liability Allowance,,,failed,False,2026-08-21T02:42:11.511377+09:00
Liability Analyzer,,,failed,False,2026-08-27T23:58:52.704840+09:00
Liability Arrears,,,failed,False,2026-08-23T16:13:14.533515+09:00
Liability Assistant,,,failed,False,2026-08-19T22:05:48.495667+09:00
Liability Atlas,,,failed,False,2026-08-19T22:05:08.787907+09:00
Liability Attribute,,,failed,False,2026-08-23T13:09:44.174186+09:00
Liability Badge,,,failed,False,2026-08-21T00:35:57.334663+09:00
Liability Balance,50.0,0.0,success,False,2026-08-23T13:45:43.063828+09:00
Liability Base,,,failed,False,2026-08-19T22:01:20.262131+09:00
Liability Beacon,,,failed,False,2026-08-19T21:59:01.960523+09:00
Liability Bill,170.0,0.0,success,False,2026-08-19T21:56:05.092972+09:00
Liability Bin,,,failed,False,2026-08-19T21:50:00.809390+09:00
Liability Board,,,failed,False,2026-08-19T22:01:53.877884+09:00
Liability Book,20.0,0.0,success,False,2026-08-19T21:57:01.942587+09:00
Liability Bridge,,,failed,False,2026-08-19T21:59:30.293970+09:00
Liability Brief,,,failed,False,2026-08-21T00:59:43.831495+09:00
Liability Bulletin,,,failed,False,2026-08-21T00:59:38.385269+09:00
Liability Cabinet,,,failed,False,2026-08-27T23:15:15.489365+09:00
Liability Calculator,90.0,3.0,success,False,2026-08-27T23:36:23.122509+09:00
Liability Calendar,,,failed,False,2026-08-19T22:07:32.899948+09:00
Liability Card,50.0,11.0,success,False,2026-08-19T21:51:50.352396+09:00
Liability Cascade,,,failed,False,2026-08-19T21:59:19.992699+09:00
Liability Cash,50.0,0.0,success,False,2026-08-21T02:25:35.476201+09:00
Liability Cashback,,,failed,False,2026-08-27T21:16:19.259868+09:00
Liability Category,50.0,3.0,success,False,2026-08-23T13:09:42.107006+09:00
Liability Center,,,failed,False,2026-08-19T22:02:52.701278+09:00
Liability Chain,,,failed,False,2026-08-19T22:04:23.242123+09:00
Liability Charge,40.0,0.0,success,False,2026-08-21T02:41:59.910977+09:00
Liability Chart,40.0,0.0,success,False,2026-08-19T21:49:45.321625+09:00
Liability Check,90.0,0.0,success,False,2026-08-19T21:52:13.387437+09:00
Liability Checker,,,failed,False,2026-08-27T23:58:43.283075+09:00
Liability Circular,,,failed,False,2026-08-21T01:01:57.606553+09:00
Liability Code,10.0,0.0,success,False,2026-08-19T21:56:27.780319+09:00
Liability Companion,,,failed,False,2026-08-19T22:06:28.711407+09:00
Liability Comparison,,,failed,False,2026-08-28T01:01:42.257433+09:00
Liability Confirmation,,,failed,False,2026-08-21T00:59:58.992040+09:00
Liability Console,,,failed,False,2026-08-19T22:03:23.353107+09:00
Liability Contribution,,,failed,False,2026-08-23T16:13:10.832744+09:00
Liability Copayment,,,failed,False,2026-08-23T16:38:29.056767+09:00
Liability Cost,170.0,10.0,success,False,2026-08-21T02:08:48.919404+09:00
Liability Counter,,,failed,False,2026-08-19T21:46:35.740872+09:00
Liability Coupon,,,failed,False,2026-08-27T21:16:19.259868+09:00
Liability Deal,,,failed,False,2026-08-21T01:51:40.699894+09:00
Liability Debt,390.0,1.0,success,False,2026-08-21T02:25:28.596275+09:00
Liability Deck,,,failed,False,2026-08-19T22:02:02.684993+09:00
Liability Desk,,,failed,False,2026-08-19T21:58:17.004802+09:00
Liability Detail,,,failed,False,2026-08-23T03:22:56.392022+09:00
Liability Detector,,,failed,False,2026-08-27T23:58:48.183628+09:00
Liability Diagram,,,failed,False,2026-08-27T22:11:07.504968+09:00
Liability Directory,,,failed,False,2026-08-19T22:07:56.620143+09:00
Liability Discount,,,failed,False,2026-08-23T16:13:06.452746+09:00
Liability Dossier,,,failed,False,2026-08-21T01:00:01.570868+09:00
Liability Downpayment,,,failed,False,2026-08-27T21:47:32.265892+09:00
Liability Draft,,,failed,False,2026-08-19T21:54:45.586270+09:00
Liability Due,,,failed,False,2026-08-23T15:51:05.565275+09:00
Liability Duty,,,failed,False,2026-08-21T02:42:02.551252+09:00
Liability Endowment,,,failed,False,2026-08-23T15:51:11.788135+09:00
Liability Engine,,,failed,False,2026-08-19T22:05:40.444282+09:00
Liability Entry,20.0,0.0,success,False,2026-08-21T01:00:18.302882+09:00
Liability Estimate,20.0,14.0,success,False,2026-08-19T21:55:44.120814+09:00
Liability Estimator,,,failed,False,2026-08-27T23:58:43.283075+09:00
Liability Excerpt,,,failed,False,2026-08-21T01:00:11.561504+09:00
Liability Extension,10.0,6.0,success,False,2026-08-23T16:38:31.502720+09:00
Liability Fare,,,failed,False,2026-08-21T02:08:56.102085+09:00
Liability Fee,40.0,0.0,success,False,2026-08-21T01:51:26.021065+09:00
Liability Feed,,,failed,False,2026-08-19T21:54:37.434657+09:00
Liability Field,,,failed,False,2026-08-23T13:09:46.403136+09:00
Liability File,,,failed,False,2026-08-19T21:53:54.593034+09:00
Liability Fine,,,failed,False,2026-08-23T02:57:06.282457+09:00
Liability Flag,,,failed,False,2026-08-21T00:36:30.694005+09:00
Liability Flow,,,failed,False,2026-08-19T21:57:56.725251+09:00
Liability Forge,,,failed,False,2026-08-19T21:59:09.702480+09:00
Liability Form,880.0,23.0,success,False,2026-08-19T21:51:38.533092+09:00
Liability Format,880.0,23.0,success,False,2026-08-23T13:09:53.012547+09:00
Liability Fund,10.0,0.0,success,False,2026-08-21T02:25:31.969034+09:00
Liability Gate,,,failed,False,2026-08-19T22:04:45.902658+09:00
Liability Giveaway,,,failed,False,2026-08-27T21:16:26.164499+09:00
Liability Grade,,,failed,False,2026-08-21T00:36:16.111706+09:00
Liability Graph,,,failed,False,2026-08-27T22:10:59.501612+09:00
Liability Grid,,,failed,False,2026-08-19T22:00:23.357458+09:00
Liability Guarantee,50.0,0.0,success,False,2026-08-28T01:01:48.581211+09:00
Liability Guardian,,,failed,False,2026-08-28T00:27:23.571229+09:00
Liability Harbor,,,failed,False,2026-08-19T21:48:37.941943+09:00
Liability Helpdesk,,,failed,False,2026-08-27T22:49:32.762391+09:00
Liability Helper,,,failed,False,2026-08-28T00:27:27.697084+09:00
Liability History,,,failed,False,2026-08-19T21:53:40.177257+09:00
Liability Hub,,,failed,False,2026-08-19T21:58:05.672882+09:00
Liability Identifier,,,failed,False,2026-08-23T13:09:39.563884+09:00
Liability Inbox,,,failed,False,2026-08-19T21:49:23.695269+09:00
Liability Incentive,,,failed,False,2026-08-27T21:16:23.936714+09:00
Liability Index,20.0,0.0,success,False,2026-08-19T21:55:24.856436+09:00
Liability Installment,,,failed,False,2026-08-23T16:13:08.662730+09:00
Liability Interest,,,failed,False,2026-08-23T13:45:46.037867+09:00
Liability Item,90.0,0.0,success,False,2026-08-21T01:51:29.207159+09:00
Liability Journal,,,failed,False,2026-08-19T22:07:15.173390+09:00
Liability Keeper,,,failed,False,2026-08-19T22:05:19.679261+09:00
Liability Kiosk,,,failed,False,2026-08-19T21:47:13.005766+09:00
Liability Label,,,failed,False,2026-08-27T22:11:01.897181+09:00
Liability Ledger,40.0,0.0,success,False,2026-08-19T22:01:45.686906+09:00
Liability Level,,,failed,False,2026-08-19T21:54:03.410939+09:00
Liability Line,10.0,7.0,success,False,2026-08-19T21:50:46.269760+09:00
Liability Link,,,failed,False,2026-08-23T03:22:48.132111+09:00
Liability List,590.0,1.0,success,False,2026-08-19T21:56:40.008866+09:00
Liability Loan,390.0,4.0,success,False,2026-08-21T02:09:05.168889+09:00
Liability Locator,,,failed,False,2026-08-19T21:46:01.527373+09:00
Liability Locker,,,failed,False,2026-08-19T21:46:47.844671+09:00
Liability Log,,,failed,False,2026-08-19T21:51:25.452105+09:00
Liability Loop,,,failed,False,2026-08-19T22:00:12.371601+09:00
Liability Manager,30.0,0.0,success,False,2026-08-19T22:05:32.455871+09:00
Liability Manual,,,failed,False,2026-08-27T22:11:05.293773+09:00
Liability Map,,,failed,False,2026-08-19T22:01:01.799694+09:00
Liability Margin,10.0,0.0,success,False,2026-08-23T02:57:04.274468+09:00
Liability Markup,,,failed,False,2026-08-23T16:38:26.896926+09:00
Liability Memo,,,failed,False,2026-08-21T00:36:21.244854+09:00
Liability Message,,,failed,False,2026-08-27T23:15:10.643747+09:00
Liability Monitor,,,failed,False,2026-08-19T22:06:18.009667+09:00
Liability Nexus,,,failed,False,2026-08-19T22:04:57.454275+09:00
Liability Note,30.0,0.0,success,False,2026-08-19T21:52:37.480660+09:00
Liability Notification,,,failed,False,2026-08-27T22:49:26.070118+09:00
Liability Number,30.0,3.0,success,False,2026-08-23T03:22:39.014022+09:00
Liability Office,,,failed,False,2026-08-19T21:46:23.560668+09:00
Liability Ops,,,failed,False,2026-08-19T22:06:50.618817+09:00
Liability Order,1000.0,14.0,success,False,2026-08-19T21:55:51.993679+09:00
Liability Overage,,,failed,False,2026-08-27T21:47:29.918815+09:00
Liability Overdraft,,,failed,False,2026-08-23T15:51:07.589062+09:00
Liability Overdue,,,failed,False,2026-08-27T21:47:24.586892+09:00
Liability Panel,,,failed,False,2026-08-19T22:03:32.806508+09:00
Liability Pass,,,failed,False,2026-08-21T00:35:49.197244+09:00
Liability Passport,,,failed,False,2026-08-19T21:50:13.072831+09:00
Liability Path,,,failed,False,2026-08-19T22:00:43.745625+09:00
Liability Payoff,,,failed,False,2026-08-27T21:47:27.442070+09:00
Liability Penalty,,,failed,False,2026-08-23T16:38:26.896926+09:00
Liability Petition,,,failed,False,2026-08-21T00:59:54.516148+09:00
Liability Plan,20.0,6.0,success,False,2026-08-21T01:51:27.074379+09:00
Liability Planner,,,failed,False,2026-08-19T22:05:58.265751+09:00
Liability Playbook,,,failed,False,2026-08-19T22:06:59.596356+09:00
Liability Point,,,failed,False,2026-08-19T22:00:52.695969+09:00
Liability Portal,,,failed,False,2026-08-19T22:03:14.947098+09:00
Liability Post,,,failed,False,2026-08-19T21:47:52.868004+09:00
Liability Preview,,,failed,False,2026-08-28T01:01:45.010115+09:00
Liability Profile,10.0,0.0,success,False,2026-08-19T21:53:02.852702+09:00
Liability Profit,,,failed,False,2026-08-23T02:56:50.179026+09:00
Liability Quota,,,failed,False,2026-08-21T00:36:26.230021+09:00
Liability Radar,,,failed,False,2026-08-19T21:58:24.385772+09:00
Liability Rate,30.0,7.0,success,False,2026-08-19T21:54:16.215789+09:00
Liability Recap,,,failed,False,2026-08-21T01:02:10.080773+09:00
Liability Receipt,,,failed,False,2026-08-19T21:56:18.827565+09:00
Liability Recorder,,,failed,False,2026-08-27T23:36:25.651250+09:00
Liability Register,40.0,0.0,success,False,2026-08-19T22:06:41.403506+09:00
Liability Registry,,,failed,False,2026-08-19T22:07:23.452103+09:00
Liability Relay,,,failed,False,2026-08-19T21:58:34.362639+09:00
Liability Reminder,,,failed,False,2026-08-19T21:55:14.913375+09:00
Liability Report,90.0,1.0,success,False,2026-08-19T21:51:16.066048+09:00
Liability Repository,,,failed,False,2026-08-27T23:15:15.489365+09:00
Liability Result,,,failed,False,2026-08-28T00:49:09.988603+09:00
Liability Ring,,,failed,False,2026-08-19T22:04:34.418517+09:00
Liability Roll,,,failed,False,2026-08-19T21:51:07.578329+09:00
Liability Roster,,,failed,False,2026-08-19T21:49:14.059786+09:00
Liability Route,,,failed,False,2026-08-19T22:03:52.975095+09:00
Liability Rule,390.0,0.0,success,False,2026-08-23T03:22:53.557175+09:00
Liability Sale,,,failed,False,2026-08-21T02:25:39.755040+09:00
Liability Sample,90.0,0.0,success,False,2026-08-19T21:57:24.591826+09:00
Liability Scale,20.0,0.0,success,False,2026-08-19T22:03:42.018748+09:00
Liability Scanner,,,failed,False,2026-08-27T23:58:45.722079+09:00
Liability Scheduler,,,failed,False,2026-08-19T22:06:07.056181+09:00
Liability Scope,,,failed,False,2026-08-19T22:00:01.898557+09:00
Liability Score,10.0,0.0,success,False,2026-08-19T21:52:28.912563+09:00
Liability Sheet,40.0,0.0,success,False,2026-08-19T21:52:04.287712+09:00
Liability Shelf,,,failed,False,2026-08-19T21:49:03.135784+09:00
Liability Shortfall,,,failed,False,2026-08-27T21:47:35.080437+09:00
Liability Signal,,,failed,False,2026-08-19T21:59:39.418384+09:00
Liability Signature,,,failed,False,2026-08-23T13:26:15.190614+09:00
Liability Slip,50.0,3.0,success,False,2026-08-19T21:57:11.207151+09:00
Liability Slot,,,failed,False,2026-08-19T21:57:34.491231+09:00
Liability Stage,,,failed,False,2026-08-28T00:49:09.988603+09:00
Liability Stake,,,failed,False,2026-08-23T02:57:01.992920+09:00
Liability Statement,260.0,4.0,success,False,2026-08-21T00:36:08.674469+09:00
Liability Status,30.0,1.0,success,False,2026-08-19T21:53:16.228732+09:00
Liability Stub,,,failed,False,2026-08-21T00:36:02.867452+09:00
Liability Subsidy,,,failed,False,2026-08-23T15:51:09.680113+09:00
Liability Sum,,,failed,False,2026-08-21T02:25:19.750628+09:00
Liability Summary,,,failed,False,2026-08-19T21:54:56.953854+09:00
Liability Surtax,,,failed,False,2026-08-23T15:51:15.880461+09:00
Liability Tab,,,failed,False,2026-08-21T00:36:35.821010+09:00
Liability Table,,,failed,False,2026-08-19T21:56:53.361235+09:00
Liability Tag,,,failed,False,2026-08-19T21:52:53.016557+09:00
Liability Tally,,,failed,False,2026-08-21T00:36:14.044141+09:00
Liability Tariff,,,failed,False,2026-08-21T02:42:14.230561+09:00
Liability Tax,9900.0,1.0,success,False,2026-08-21T02:09:00.837465+09:00
Liability Terminal,,,failed,False,2026-08-19T22:02:44.580219+09:00
Liability Ticker,,,failed,False,2026-08-19T21:50:35.139639+09:00
Liability Ticket,,,failed,False,2026-08-19T21:55:34.064895+09:00
Liability Tier,,,failed,False,2026-08-28T00:49:13.140044+09:00
Liability Timeline,,,failed,False,2026-08-19T21:55:06.588963+09:00
Liability Timer,,,failed,False,2026-08-28T00:27:21.214223+09:00
Liability Toll,,,failed,False,2026-08-21T02:42:09.091272+09:00
Liability Toolbox,,,failed,False,2026-08-28T00:27:27.697084+09:00
Liability Total,,,failed,False,2026-08-27T23:15:13.027326+09:00
Liability Tower,,,failed,False,2026-08-19T21:48:50.657736+09:00
Liability Tracker,,,failed,False,2026-08-19T21:57:47.268344+09:00
Liability Trail,,,failed,False,2026-08-19T22:04:13.367774+09:00
Liability Trend,,,failed,False,2026-08-28T01:01:42.257433+09:00
Liability Trial,10.0,0.0,success,False,2026-08-27T21:16:21.669078+09:00
Liability Unit,,,failed,False,2026-08-21T01:51:32.906314+09:00
Liability Update,,,failed,False,2026-08-19T21:54:25.677858+09:00
Liability Value,70.0,0.0,success,False,2026-08-23T02:56:53.736848+09:00
Liability Vault,,,failed,False,2026-08-19T21:58:41.732793+09:00
Liability Version,,,failed,False,2026-08-23T03:22:42.501986+09:00
Liability View,,,failed,False,2026-08-19T21:53:29.207509+09:00
Liability Voucher,,,failed,False,2026-08-21T00:35:54.809657+09:00
Liability Watch,,,failed,False,2026-08-19T21:59:52.671651+09:00
Liability Widget,,,failed,False,2026-08-27T23:15:13.027326+09:00
Liability Window,,,failed,False,2026-08-19T21:50:57.841127+09:00
Liability Worksheet,,,failed,False,2026-08-27T22:11:07.504968+09:00
Liability Zone,,,failed,False,2026-08-19T22:03:05.892678+09:00
License Advance,,,failed,False,2026-08-23T16:12:54.608017+09:00
License Advisory,70.0,5.0,success,False,2026-08-21T01:01:51.697457+09:00
License Allowance,20.0,0.0,success,False,2026-08-21T02:41:38.667611+09:00
License Analyzer,10.0,9.0,success,False,2026-08-27T23:58:28.934840+09:00
License Arrears,,,failed,False,2026-08-23T16:12:51.127665+09:00
License Asset,,,failed,False,2026-08-23T13:45:39.021067+09:00
License Assistant,90.0,1.0,success,False,2026-08-19T12:27:05.323167+09:00
License Atlas,,,failed,False,2026-08-19T12:26:55.574795+09:00
License Attribute,,,failed,False,2026-08-23T13:09:27.676904+09:00
License Balance,,,failed,False,2026-08-23T13:45:36.815787+09:00
License Base,40.0,0.0,success,False,2026-08-19T12:25:57.716794+09:00
License Beacon,,,failed,False,2026-08-19T12:25:02.021725+09:00
License Bill,40.0,0.0,success,False,2026-08-19T21:55:14.913375+09:00
License Board,1900.0,0.0,success,True,2026-08-19T12:26:06.734544+09:00
License Book,880.0,5.0,success,False,2026-08-19T21:56:05.092972+09:00
License Bridge,40.0,0.0,success,False,2026-08-19T12:25:27.149314+09:00
License Brief,,,failed,False,2026-08-21T00:59:15.258286+09:00
License Bulletin,,,failed,False,2026-08-21T00:59:10.591896+09:00
License Cabinet,,,failed,False,2026-08-27T23:15:00.482378+09:00
License Calculator,27100.0,2.0,success,False,2026-08-27T23:36:04.672816+09:00
License Calendar,,,failed,False,2026-08-19T12:27:36.694411+09:00
License Card,2900.0,0.0,success,True,2026-08-19T13:34:25.531210+09:00
License Cascade,,,failed,False,2026-08-19T12:25:21.965141+09:00
License Cash,,,failed,False,2026-08-21T02:25:01.097647+09:00
License Cashback,,,failed,False,2026-08-27T21:16:00.984636+09:00
License Catalog,10.0,0.0,success,False,2026-08-19T21:09:15.467375+09:00
License Category,2400.0,1.0,success,False,2026-08-23T13:09:25.406302+09:00
License Center,3600.0,4.0,success,False,2026-08-19T12:26:22.946559+09:00
License Chain,,,failed,False,2026-08-19T12:26:47.247206+09:00
License Charge,260.0,0.0,success,False,2026-08-21T02:41:28.147668+09:00
License Check,90500.0,0.0,success,True,2026-08-19T13:35:17.832639+09:00
License Checker,90500.0,0.0,success,True,2026-08-27T23:58:23.732862+09:00
License Checklist,70.0,1.0,success,False,2026-08-19T21:08:17.191236+09:00
License Circular,,,failed,False,2026-08-21T00:59:28.178022+09:00
License Code,8100.0,1.0,success,False,2026-08-19T21:55:34.064895+09:00
License Companion,,,failed,False,2026-08-19T12:27:18.963883+09:00
License Comparison,110.0,2.0,success,False,2026-08-28T01:09:06.544338+09:00
License Compass,,,failed,False,2026-08-19T12:24:58.043642+09:00
License Confirmation,40.0,1.0,success,False,2026-08-21T00:59:38.385269+09:00
License Console,,,failed,False,2026-08-19T12:26:33.810025+09:00
License Contribution,,,failed,False,2026-08-23T16:12:46.857371+09:00
License Core,210.0,4.0,success,False,2026-08-19T12:26:02.355075+09:00
License Cost,1600.0,0.0,success,True,2026-08-21T02:08:11.666475+09:00
License Count,40.0,0.0,success,False,2026-08-27T22:49:15.165017+09:00
License Counter,,,failed,False,2026-08-19T12:27:49.196174+09:00
License Coupon,,,failed,False,2026-08-27T21:15:54.960799+09:00
License Deal,320.0,13.0,success,False,2026-08-21T01:50:54.648591+09:00
License Debt,,,failed,False,2026-08-21T02:24:52.539486+09:00
License Deck,10.0,0.0,success,False,2026-08-19T12:26:11.426688+09:00
License Desk,10.0,9.0,success,False,2026-08-19T12:24:48.425289+09:00
License Detail,880.0,0.0,success,False,2026-08-23T03:22:26.114633+09:00
License Detector,30.0,1.0,success,False,2026-08-27T23:58:26.225716+09:00
License Digest,,,failed,False,2026-08-19T20:39:24.748166+09:00
License Directory,110.0,0.0,success,False,2026-08-19T12:27:39.796113+09:00
License Discount,20.0,6.0,success,False,2026-08-23T16:12:43.953628+09:00
License Dossier,,,failed,False,2026-08-21T00:59:43.831495+09:00
License Downpayment,,,failed,False,2026-08-27T21:47:15.270708+09:00
License Draft,,,failed,False,2026-08-19T20:39:41.503731+09:00
License Due,,,failed,False,2026-08-23T15:50:54.236884+09:00
License Duty,10.0,0.0,success,False,2026-08-21T02:41:32.223715+09:00
License Engine,30.0,0.0,success,False,2026-08-19T12:27:02.281369+09:00
License Entry,,,failed,False,2026-08-21T00:59:54.516148+09:00
License Estimate,,,failed,False,2026-08-19T21:09:02.600791+09:00
License Estimator,,,failed,False,2026-08-27T23:58:23.732862+09:00
License Excerpt,,,failed,False,2026-08-21T01:02:50.394287+09:00
License Extension,320.0,0.0,success,False,2026-08-23T16:38:22.069097+09:00
License Fare,,,failed,False,2026-08-21T02:08:19.202315+09:00
License Fee,6600.0,1.0,success,False,2026-08-21T01:50:37.837516+09:00
License Feed,,,failed,False,2026-08-19T20:39:32.642664+09:00
License Field,10.0,0.0,success,False,2026-08-23T13:09:30.268446+09:00
License File,1600.0,0.0,success,True,2026-08-19T20:38:46.605593+09:00
License Finder,480.0,4.0,success,False,2026-08-19T12:27:46.282540+09:00
License Fine,480.0,2.0,success,False,2026-08-23T02:56:38.023044+09:00
License Flag,170.0,0.0,success,False,2026-08-21T00:36:08.674469+09:00
License Flow,10.0,2.0,success,False,2026-08-19T12:24:37.833597+09:00
License Forge,,,failed,False,2026-08-19T12:25:21.965141+09:00
License Form,33100.0,0.0,success,True,2026-08-19T13:34:15.397109+09:00
License Format,33100.0,0.0,success,True,2026-08-23T13:09:32.906091+09:00
License Frame,880.0,100.0,success,False,2026-08-19T12:25:55.231488+09:00
License Fund,20.0,2.0,success,False,2026-08-21T02:24:56.488655+09:00
License Gate,70.0,6.0,success,False,2026-08-19T12:26:50.558135+09:00
License Generator,1000.0,1.0,success,False,2026-08-27T23:36:10.117910+09:00
License Giveaway,30.0,0.0,success,False,2026-08-27T21:16:07.337495+09:00
License Grade,,,failed,False,2026-08-21T00:35:54.809657+09:00
License Grid,,,failed,False,2026-08-19T12:25:43.100247+09:00
License Guarantee,,,failed,False,2026-08-28T01:01:32.188675+09:00
License Guardian,,,failed,False,2026-08-28T00:27:14.671575+09:00
License Helpdesk,,,failed,False,2026-08-27T22:49:15.165017+09:00
License Helper,,,failed,False,2026-08-28T00:27:17.609628+09:00
License History,1000.0,17.0,success,False,2026-08-19T20:38:36.542684+09:00
License Hotline,,,failed,False,2026-08-19T21:09:27.813218+09:00
License Hub,170.0,5.0,success,False,2026-08-19T12:24:44.570895+09:00
License Identifier,3600.0,0.0,success,True,2026-08-23T13:09:22.371145+09:00
License Incentive,,,failed,False,2026-08-27T21:16:07.337495+09:00
License Index,,,failed,False,2026-08-19T21:08:29.245582+09:00
License Installment,,,failed,False,2026-08-23T16:12:43.953628+09:00
License Item,20.0,0.0,success,False,2026-08-21T01:50:49.145007+09:00
License Journal,,,failed,False,2026-08-19T12:27:31.967553+09:00
License Keeper,10.0,23.0,success,False,2026-08-19T12:26:57.441352+09:00
License Lab,110.0,8.0,success,False,2026-08-19T12:26:15.531413+09:00
License Label,4400.0,0.0,success,True,2026-08-27T22:10:39.067015+09:00
License Ledger,,,failed,False,2026-08-19T12:26:02.355075+09:00
License Level,260.0,0.0,success,False,2026-08-19T20:38:57.092601+09:00
License Levy,,,failed,False,2026-08-23T13:45:39.021067+09:00
License Link,320.0,1.0,success,False,2026-08-23T03:22:18.461537+09:00
License List,720.0,1.0,success,False,2026-08-19T21:55:44.120814+09:00
License Loan,1000.0,6.0,success,False,2026-08-21T02:08:33.058112+09:00
License Locator,140.0,1.0,success,False,2026-08-19T12:27:39.796113+09:00
License Log,20.0,0.0,success,False,2026-08-19T13:34:06.788909+09:00
License Loop,,,failed,False,2026-08-19T12:25:43.100247+09:00
License Manager,2400.0,7.0,success,False,2026-08-19T12:27:02.281369+09:00
License Manual,110.0,2.0,success,False,2026-08-27T22:10:43.212581+09:00
License Map,50.0,0.0,success,False,2026-08-19T12:25:55.231488+09:00
License Markup,,,failed,False,2026-08-23T16:38:19.079152+09:00
License Memo,10.0,2.0,success,False,2026-08-21T00:36:00.602558+09:00
License Message,20.0,0.0,success,False,2026-08-27T23:14:55.579423+09:00
License Monitor,170.0,12.0,success,False,2026-08-19T12:27:13.663496+09:00
License Nexus,,,failed,False,2026-08-19T12:26:55.574795+09:00
License Note,20.0,0.0,success,False,2026-08-19T13:35:44.896452+09:00
License Notification,720.0,0.0,success,False,2026-08-27T22:49:12.101032+09:00
License Number,12100.0,0.0,success,True,2026-08-23T03:22:09.250404+09:00
License Office,74000.0,3.0,success,False,2026-08-19T12:27:46.282540+09:00
License Ops,,,failed,False,2026-08-19T12:27:23.710394+09:00
License Order,590.0,1.0,success,False,2026-08-19T21:55:06.588963+09:00
License Overage,10.0,0.0,success,False,2026-08-27T21:47:13.030634+09:00
License Overdue,,,failed,False,2026-08-27T21:47:08.253611+09:00
License Panel,20.0,0.0,success,False,2026-08-19T12:26:33.810025+09:00
License Passport,390.0,3.0,success,False,2026-08-19T12:23:56.615526+09:00
License Path,10.0,2.0,success,False,2026-08-19T12:25:46.286307+09:00
License Payoff,,,failed,False,2026-08-27T21:47:10.651342+09:00
License Penalty,90.0,1.0,success,False,2026-08-23T16:38:16.847667+09:00
License Petition,,,failed,False,2026-08-21T00:59:34.151010+09:00
License Plan,170.0,3.0,success,False,2026-08-21T01:50:57.666770+09:00
License Planner,,,failed,False,2026-08-19T12:27:08.334680+09:00
License Playbook,,,failed,False,2026-08-19T12:27:27.714904+09:00
License Point,9900.0,3.0,success,False,2026-08-19T12:25:50.876922+09:00
License Portal,6600.0,0.0,success,True,2026-08-19T12:26:30.202611+09:00
License Profile,20.0,0.0,success,False,2026-08-19T13:36:19.763333+09:00
License Profit,,,failed,False,2026-08-23T02:56:26.483203+09:00
License Proposal,20.0,0.0,success,False,2026-08-28T01:09:06.544338+09:00
License Queue,,,failed,False,2026-08-19T21:08:50.261483+09:00
License Quota,70.0,0.0,success,False,2026-08-21T00:36:05.920603+09:00
License Radar,,,failed,False,2026-08-19T12:24:52.766988+09:00
License Rail,,,failed,False,2026-08-19T12:26:41.238307+09:00
License Rate,50.0,0.0,success,False,2026-08-19T20:39:07.135209+09:00
License Recap,,,failed,False,2026-08-21T00:59:48.261603+09:00
License Receipt,1900.0,0.0,success,True,2026-08-19T21:55:24.856436+09:00
License Recorder,,,failed,False,2026-08-27T23:36:10.117910+09:00
License Redemption,,,failed,False,2026-08-23T16:38:19.079152+09:00
License Register,8100.0,1.0,success,False,2026-08-19T12:27:23.710394+09:00
License Registry,8100.0,1.0,success,False,2026-08-19T12:27:31.967553+09:00
License Relay,,,failed,False,2026-08-19T12:24:52.766988+09:00
License Reminder,10.0,0.0,success,False,2026-08-19T21:08:07.894185+09:00
License Report,320.0,5.0,success,False,2026-08-19T13:33:57.418081+09:00
License Repository,10.0,4.0,success,False,2026-08-27T23:15:00.482378+09:00
License Result,210.0,0.0,success,False,2026-08-28T00:49:02.800291+09:00
License Roster,,,failed,False,2026-08-19T12:23:36.492658+09:00
License Route,50.0,1.0,success,False,2026-08-19T12:26:41.238307+09:00
License Rule,320.0,0.0,success,False,2026-08-23T03:22:22.094995+09:00
License Sale,110.0,2.0,success,False,2026-08-21T02:25:03.924004+09:00
License Sample,320.0,2.0,success,False,2026-08-19T21:56:30.340313+09:00
License Scale,,,failed,False,2026-08-19T12:26:37.096559+09:00
License Scanner,1300.0,20.0,success,False,2026-08-27T23:58:26.225716+09:00
License Scheduler,40.0,1.0,success,False,2026-08-19T12:27:13.663496+09:00
License Scope,40.0,0.0,success,False,2026-08-19T12:25:38.632283+09:00
License Score,10.0,0.0,success,False,2026-08-19T13:35:23.963790+09:00
License Sheet,20.0,0.0,success,False,2026-08-19T13:35:09.228952+09:00
License Shortfall,,,failed,False,2026-08-27T21:47:15.270708+09:00
License Signal,,,failed,False,2026-08-19T12:25:34.182508+09:00
License Signature,140.0,0.0,success,False,2026-08-23T13:28:22.129962+09:00
License Slip,20.0,0.0,success,False,2026-08-19T21:56:18.827565+09:00
License Slot,70.0,2.0,success,False,2026-08-19T21:56:40.008866+09:00
License Stage,,,failed,False,2026-08-28T00:48:57.800361+09:00
License Stake,,,failed,False,2026-08-23T02:56:32.879910+09:00
License Stamp,140.0,41.0,success,False,2026-08-23T13:28:22.129962+09:00
License Statement,30.0,0.0,success,False,2026-08-21T00:35:43.096296+09:00
License Station,30.0,0.0,success,False,2026-08-19T12:26:17.646351+09:00
License Status,18100.0,0.0,success,True,2026-08-19T20:38:18.738836+09:00
License Stub,,,failed,False,2026-08-21T00:35:36.889482+09:00
License Studio,110.0,1.0,success,False,2026-08-19T12:26:11.426688+09:00
License Subsidy,,,failed,False,2026-08-23T15:50:57.538266+09:00
License Sum,,,failed,False,2026-08-21T02:24:43.440499+09:00
License Summary,1300.0,0.0,success,True,2026-08-19T21:07:49.558493+09:00
License Surtax,,,failed,False,2026-08-23T15:50:57.538266+09:00
License Tab,1000.0,2.0,success,False,2026-08-21T00:36:14.044141+09:00
License Table,30.0,0.0,success,False,2026-08-19T21:55:54.779139+09:00
License Tag,880.0,13.0,success,False,2026-08-19T13:35:50.277889+09:00
License Tally,,,failed,False,2026-08-21T00:35:49.197244+09:00
License Tariff,,,failed,False,2026-08-21T02:41:45.973513+09:00
License Tax,320.0,1.0,success,False,2026-08-21T02:08:23.223151+09:00
License Ticket,320.0,16.0,success,False,2026-08-19T21:08:40.437861+09:00
License Tier,50.0,0.0,success,False,2026-08-28T00:49:02.800291+09:00
License Timeline,,,failed,False,2026-08-19T21:07:58.848698+09:00
License Timer,,,failed,False,2026-08-28T00:27:12.240224+09:00
License Toll,40.0,0.0,success,False,2026-08-21T02:41:35.267281+09:00
License Toolbox,,,failed,False,2026-08-28T00:27:14.671575+09:00
License Total,210.0,32.0,success,False,2026-08-27T23:14:57.999766+09:00
License Tracker,90500.0,0.0,success,True,2026-08-19T12:24:37.833597+09:00
License Trail,70.0,0.0,success,False,2026-08-19T12:26:44.704983+09:00
License Trial,390.0,0.0,success,False,2026-08-27T21:16:00.984636+09:00
License Unit,110.0,2.0,success,False,2026-08-21T02:05:51.453888+09:00
License Update,2400.0,1.0,success,False,2026-08-19T20:39:18.061361+09:00
License Value,30.0,1.0,success,False,2026-08-23T02:56:29.364559+09:00
License Vault,210.0,11.0,success,False,2026-08-19T12:24:58.043642+09:00
License Version,140.0,1.0,success,False,2026-08-23T03:22:14.563475+09:00
License View,320.0,0.0,success,False,2026-08-19T20:38:26.547735+09:00
License Wallet,210.0,98.0,success,False,2026-08-27T22:49:12.101032+09:00
License Watch,50.0,50.0,success,False,2026-08-19T12:25:34.182508+09:00
License Wave,,,failed,False,2026-08-19T12:25:46.286307+09:00
License Widget,,,failed,False,2026-08-27T23:14:57.999766+09:00
License Worksheet,,,failed,False,2026-08-27T22:10:48.957356+09:00
License Zone,,,failed,False,2026-08-19T12:26:26.109725+09:00
Licensing Advance,,,failed,False,2026-08-23T16:11:16.199786+09:00
Licensing Allowance,,,failed,False,2026-08-21T02:42:41.863985+09:00
Licensing Almanac,,,failed,False,2026-08-18T22:04:05.188286+09:00
Licensing Analyzer,,,failed,False,2026-08-27T23:54:07.466946+09:00
Licensing Anchor,,,failed,False,2026-08-17T20:41:33.336783+09:00
Licensing Arrears,,,failed,False,2026-08-23T16:11:13.672713+09:00
Licensing Asset,,,failed,False,2026-08-23T13:48:32.031008+09:00
Licensing Assistant,90.0,1.0,success,False,2026-08-17T23:04:05.706993+09:00
Licensing Atlas,,,failed,False,2026-08-17T20:31:44.848533+09:00
Licensing Balance,,,failed,False,2026-08-23T13:48:27.768488+09:00
Licensing Base,,,failed,False,2026-08-18T07:43:54.848234+09:00
Licensing Beacon,,,failed,False,2026-08-17T20:45:09.617976+09:00
Licensing Bill,40.0,0.0,success,False,2026-08-19T22:05:38.259870+09:00
Licensing Blueprint,,,failed,False,2026-08-18T22:03:53.517132+09:00
Licensing Board,1900.0,0.0,success,True,2026-08-17T21:35:33.419897+09:00
Licensing Book,880.0,5.0,success,False,2026-08-19T22:06:26.107612+09:00
Licensing Bridge,,,failed,False,2026-08-17T20:42:18.152107+09:00
Licensing Brief,,,failed,False,2026-08-21T01:01:09.555377+09:00
Licensing Bulletin,,,failed,False,2026-08-21T01:01:05.241118+09:00
Licensing Cabinet,,,failed,False,2026-08-27T23:11:42.330738+09:00
Licensing Calculator,27100.0,2.0,success,False,2026-08-27T23:33:37.262266+09:00
Licensing Calendar,,,failed,False,2026-08-19T00:04:11.501446+09:00
Licensing Card,,,failed,False,2026-08-19T13:27:35.770715+09:00
Licensing Cascade,,,failed,False,2026-08-17T20:43:14.638625+09:00
Licensing Cash,,,failed,False,2026-08-21T02:26:43.792522+09:00
Licensing Cashback,,,failed,False,2026-08-27T21:13:49.979348+09:00
Licensing Center,3600.0,4.0,success,False,2026-08-17T20:47:45.474295+09:00
Licensing Chain,,,failed,False,2026-08-17T20:36:47.157974+09:00
Licensing Charge,,,failed,False,2026-08-21T02:42:34.441538+09:00
Licensing Check,90500.0,0.0,success,True,2026-08-19T13:27:56.460670+09:00
Licensing Checker,,,failed,False,2026-08-27T23:53:59.228828+09:00
Licensing Cockpit,,,failed,False,2026-08-17T23:30:56.654699+09:00
Licensing Code,8100.0,1.0,success,False,2026-08-19T22:05:54.572880+09:00
Licensing Codex,,,failed,False,2026-08-18T22:04:27.693577+09:00
Licensing Companion,,,failed,False,2026-08-17T23:09:26.162855+09:00
Licensing Comparison,,,failed,False,2026-08-28T01:04:42.727086+09:00
Licensing Compass,,,failed,False,2026-08-17T20:45:55.190861+09:00
Licensing Compendium,,,failed,False,2026-08-18T22:04:15.026557+09:00
Licensing Confirmation,,,failed,False,2026-08-21T01:01:22.274781+09:00
Licensing Console,,,failed,False,2026-08-17T20:44:27.303320+09:00
Licensing Copayment,,,failed,False,2026-08-23T16:37:16.360877+09:00
Licensing Core,,,failed,False,2026-08-17T21:37:42.380657+09:00
Licensing Cost,1600.0,0.0,success,True,2026-08-21T02:10:45.957047+09:00
Licensing Count,,,failed,False,2026-08-27T22:46:20.664142+09:00
Licensing Counter,,,failed,False,2026-08-19T00:04:54.234777+09:00
Licensing Coupon,,,failed,False,2026-08-27T21:13:46.392108+09:00
Licensing Dashboard,260.0,10.0,success,False,2026-08-17T23:07:41.199314+09:00
Licensing Deal,320.0,13.0,success,False,2026-08-21T01:54:42.335376+09:00
Licensing Debt,,,failed,False,2026-08-21T02:26:39.495067+09:00
Licensing Deck,,,failed,False,2026-08-17T21:34:28.165323+09:00
Licensing Depot,,,failed,False,2026-08-19T00:04:39.958803+09:00
Licensing Desk,,,failed,False,2026-08-17T21:31:46.266854+09:00
Licensing Detail,,,failed,False,2026-08-23T03:22:30.618913+09:00
Licensing Detector,,,failed,False,2026-08-27T23:54:04.696724+09:00
Licensing Dial,,,failed,False,2026-08-17T20:42:46.441273+09:00
Licensing Digest,,,failed,False,2026-08-19T20:45:25.764339+09:00
Licensing Directory,110.0,0.0,success,False,2026-08-19T00:04:20.197700+09:00
Licensing Discount,,,failed,False,2026-08-23T16:11:11.053977+09:00
Licensing Dock,,,failed,False,2026-08-17T20:39:31.272188+09:00
Licensing Dossier,,,failed,False,2026-08-21T01:01:25.263035+09:00
Licensing Draft,,,failed,False,2026-08-19T20:45:40.802029+09:00
Licensing Due,,,failed,False,2026-08-23T15:53:08.210333+09:00
Licensing Duty,,,failed,False,2026-08-21T02:42:36.894313+09:00
Licensing Engine,,,failed,False,2026-08-17T23:29:58.873666+09:00
Licensing Entry,,,failed,False,2026-08-21T01:01:39.197827+09:00
Licensing Estimate,,,failed,False,2026-08-19T21:31:07.393138+09:00
Licensing Estimator,,,failed,False,2026-08-27T23:53:51.631383+09:00
Licensing Extension,10.0,0.0,success,False,2026-08-23T16:37:21.516331+09:00
Licensing Fare,,,failed,False,2026-08-21T02:10:51.896971+09:00
Licensing Fee,6600.0,1.0,success,False,2026-08-21T01:54:24.486907+09:00
Licensing Feed,,,failed,False,2026-08-19T20:45:32.308725+09:00
Licensing File,,,failed,False,2026-08-19T20:44:53.798353+09:00
Licensing Finder,,,failed,False,2026-08-19T00:04:35.680723+09:00
Licensing Fine,,,failed,False,2026-08-23T02:57:10.108047+09:00
Licensing Flag,,,failed,False,2026-08-21T00:27:34.970005+09:00
Licensing Flow,,,failed,False,2026-08-17T21:35:00.218033+09:00
Licensing Forge,,,failed,False,2026-08-17T20:44:09.032273+09:00
Licensing Form,33100.0,0.0,success,True,2026-08-19T13:27:18.608287+09:00
Licensing Frame,,,failed,False,2026-08-18T07:43:41.366664+09:00
Licensing Fund,,,failed,False,2026-08-21T02:26:41.708739+09:00
Licensing Gate,,,failed,False,2026-08-17T20:33:59.012811+09:00
Licensing Generator,,,failed,False,2026-08-27T23:33:41.786723+09:00
Licensing Giveaway,,,failed,False,2026-08-27T21:13:54.337464+09:00
Licensing Grade,,,failed,False,2026-08-21T00:27:12.597515+09:00
Licensing Graph,,,failed,False,2026-08-27T22:07:45.490805+09:00
Licensing Grid,,,failed,False,2026-08-17T20:37:15.920679+09:00
Licensing Guarantee,,,failed,False,2026-08-28T01:04:49.164769+09:00
Licensing Guard,,,failed,False,2026-08-17T21:38:13.718334+09:00
Licensing Guardian,,,failed,False,2026-08-28T00:23:56.463149+09:00
Licensing Guidebook,,,failed,False,2026-08-18T22:03:21.744324+09:00
Licensing Helpdesk,,,failed,False,2026-08-27T22:46:23.139331+09:00
Licensing Helper,,,failed,False,2026-08-28T00:23:58.859062+09:00
Licensing History,1000.0,17.0,success,False,2026-08-19T20:44:48.132741+09:00
Licensing Hub,170.0,5.0,success,False,2026-08-17T21:33:59.802696+09:00
Licensing Identifier,,,failed,False,2026-08-23T13:09:14.949045+09:00
Licensing Incentive,,,failed,False,2026-08-27T21:13:49.979348+09:00
Licensing Index,,,failed,False,2026-08-19T21:30:49.393699+09:00
Licensing Insight,,,failed,False,2026-08-17T23:30:41.257118+09:00
Licensing Installment,,,failed,False,2026-08-23T16:11:11.053977+09:00
Licensing Interest,,,failed,False,2026-08-23T13:48:32.031008+09:00
Licensing Item,,,failed,False,2026-08-21T01:54:29.413822+09:00
Licensing Journal,10.0,0.0,success,False,2026-08-18T22:02:59.013018+09:00
Licensing Keeper,,,failed,False,2026-08-17T20:31:44.848533+09:00
Licensing Kit,,,failed,False,2026-08-27T22:46:08.024081+09:00
Licensing Lab,,,failed,False,2026-08-17T21:32:23.259221+09:00
Licensing Label,,,failed,False,2026-08-27T22:07:48.909558+09:00
Licensing Ledger,,,failed,False,2026-08-17T21:36:34.713232+09:00
Licensing Lens,,,failed,False,2026-08-18T07:43:35.299259+09:00
Licensing Level,,,failed,False,2026-08-19T20:45:04.260812+09:00
Licensing Levy,,,failed,False,2026-08-23T13:48:32.031008+09:00
Licensing Link,320.0,1.0,success,False,2026-08-23T03:22:22.094995+09:00
Licensing List,720.0,1.0,success,False,2026-08-19T22:06:07.056181+09:00
Licensing Loan,,,failed,False,2026-08-21T02:10:58.400903+09:00
Licensing Locator,,,failed,False,2026-08-19T00:04:28.645558+09:00
Licensing Lock,,,failed,False,2026-08-17T20:32:17.131006+09:00
Licensing Log,,,failed,False,2026-08-19T13:27:07.663216+09:00
Licensing Loop,,,failed,False,2026-08-17T20:38:11.520193+09:00
Licensing Manager,2400.0,7.0,success,False,2026-08-18T07:52:30.485728+09:00
Licensing Manual,110.0,2.0,success,False,2026-08-27T22:07:54.366638+09:00
Licensing Map,,,failed,False,2026-08-18T07:43:35.299259+09:00
Licensing Margin,,,failed,False,2026-08-23T02:57:06.282457+09:00
Licensing Markup,,,failed,False,2026-08-23T16:37:14.050450+09:00
Licensing Memo,,,failed,False,2026-08-21T00:27:22.208885+09:00
Licensing Message,,,failed,False,2026-08-27T23:11:34.108403+09:00
Licensing Meter,,,failed,False,2026-08-17T20:41:58.937145+09:00
Licensing Metrics,10.0,0.0,success,False,2026-08-17T23:07:41.199314+09:00
Licensing Monitor,,,failed,False,2026-08-17T23:05:55.492568+09:00
Licensing Navigator,,,failed,False,2026-08-17T23:31:21.435106+09:00
Licensing Nexus,,,failed,False,2026-08-17T20:32:55.422953+09:00
Licensing Node,,,failed,False,2026-08-17T20:34:48.922886+09:00
Licensing Note,,,failed,False,2026-08-19T13:28:10.656877+09:00
Licensing Notification,,,failed,False,2026-08-27T22:46:08.024081+09:00
Licensing Office,74000.0,3.0,success,False,2026-08-19T00:04:47.180412+09:00
Licensing Ops,,,failed,False,2026-08-17T23:03:45.434649+09:00
Licensing Order,20.0,0.0,success,False,2026-08-19T22:05:25.560581+09:00
Licensing Organizer,,,failed,False,2026-08-17T23:30:26.611269+09:00
Licensing Overdraft,,,failed,False,2026-08-23T15:53:10.362751+09:00
Licensing Overdue,,,failed,False,2026-08-27T21:46:08.601206+09:00
Licensing Panel,,,failed,False,2026-08-17T20:43:42.299051+09:00
Licensing Path,,,failed,False,2026-08-17T20:34:22.385109+09:00
Licensing Penalty,,,failed,False,2026-08-23T16:37:11.760359+09:00
Licensing Petition,,,failed,False,2026-08-21T01:01:20.027256+09:00
Licensing Pilot,,,failed,False,2026-08-17T21:33:00.443260+09:00
Licensing Plan,170.0,3.0,success,False,2026-08-21T01:54:37.378039+09:00
Licensing Planner,,,failed,False,2026-08-17T23:30:12.792820+09:00
Licensing Playbook,,,failed,False,2026-08-18T22:02:50.623197+09:00
Licensing Point,,,failed,False,2026-08-17T20:33:30.325030+09:00
Licensing Portal,6600.0,0.0,success,True,2026-08-17T20:45:32.525368+09:00
Licensing Preview,,,failed,False,2026-08-28T01:04:42.727086+09:00
Licensing Profile,,,failed,False,2026-08-19T13:28:31.111585+09:00
Licensing Profit,,,failed,False,2026-08-23T02:56:59.964563+09:00
Licensing Proposal,20.0,0.0,success,False,2026-08-28T01:04:46.455885+09:00
Licensing Pulse,,,failed,False,2026-08-17T20:36:14.881787+09:00
Licensing Quota,,,failed,False,2026-08-21T00:27:30.325740+09:00
Licensing Radar,,,failed,False,2026-08-17T21:30:38.829852+09:00
Licensing Rail,,,failed,False,2026-08-17T20:38:35.163236+09:00
Licensing Rate,50.0,0.0,success,False,2026-08-19T20:45:10.019254+09:00
Licensing Receipt,,,failed,False,2026-08-19T22:05:46.180547+09:00
Licensing Redemption,,,failed,False,2026-08-23T16:37:18.649152+09:00
Licensing Register,8100.0,1.0,success,False,2026-08-17T23:31:38.790135+09:00
Licensing Registry,8100.0,1.0,success,False,2026-08-18T22:03:44.456415+09:00
Licensing Relay,,,failed,False,2026-08-17T20:48:21.583177+09:00
Licensing Reminder,,,failed,False,2026-08-19T21:30:42.715680+09:00
Licensing Report,320.0,5.0,success,False,2026-08-19T13:26:59.554690+09:00
Licensing Repository,,,failed,False,2026-08-27T23:11:44.740129+09:00
Licensing Result,,,failed,False,2026-08-28T00:47:08.445911+09:00
Licensing Roadmap,,,failed,False,2026-08-18T22:04:36.606049+09:00
Licensing Roster,,,failed,False,2026-08-19T00:37:46.702224+09:00
Licensing Route,,,failed,False,2026-08-17T20:40:24.654920+09:00
Licensing Rule,,,failed,False,2026-08-23T03:22:26.114633+09:00
Licensing Sale,,,failed,False,2026-08-21T02:26:47.668193+09:00
Licensing Sample,,,failed,False,2026-08-19T22:06:47.930339+09:00
Licensing Scale,,,failed,False,2026-08-17T20:41:08.316613+09:00
Licensing Scanner,,,failed,False,2026-08-27T23:54:02.041371+09:00
Licensing Scheduler,,,failed,False,2026-08-17T23:05:55.492568+09:00
Licensing Scope,,,failed,False,2026-08-17T20:39:06.787331+09:00
Licensing Score,,,failed,False,2026-08-19T13:28:03.494645+09:00
Licensing Sentry,,,failed,False,2026-08-18T07:52:23.466246+09:00
Licensing Serial,,,failed,False,2026-08-23T13:28:13.588297+09:00
Licensing Sheet,,,failed,False,2026-08-19T13:27:45.503275+09:00
Licensing Signal,,,failed,False,2026-08-17T20:40:46.604989+09:00
Licensing Slip,,,failed,False,2026-08-19T22:06:38.426353+09:00
Licensing Snapshot,,,failed,False,2026-08-18T22:03:09.558659+09:00
Licensing Stage,,,failed,False,2026-08-28T00:47:08.445911+09:00
Licensing Stake,,,failed,False,2026-08-23T02:57:04.274468+09:00
Licensing Stamp,,,failed,False,2026-08-23T13:28:15.741943+09:00
Licensing Statement,30.0,0.0,success,False,2026-08-21T00:26:53.623558+09:00
Licensing Station,,,failed,False,2026-08-17T21:31:11.680234+09:00
Licensing Status,18100.0,0.0,success,True,2026-08-19T20:44:29.865338+09:00
Licensing Studio,,,failed,False,2026-08-17T21:33:26.536272+09:00
Licensing Subsidy,,,failed,False,2026-08-23T15:53:10.362751+09:00
Licensing Suite,,,failed,False,2026-08-17T23:04:05.706993+09:00
Licensing Sum,,,failed,False,2026-08-21T02:26:36.939016+09:00
Licensing Summary,,,failed,False,2026-08-19T21:19:52.858825+09:00
Licensing Surtax,,,failed,False,2026-08-23T15:50:12.078414+09:00
Licensing Sync,,,failed,False,2026-08-17T21:36:07.544663+09:00
Licensing Tab,,,failed,False,2026-08-21T00:27:42.259289+09:00
Licensing Table,,,failed,False,2026-08-19T22:06:15.067471+09:00
Licensing Tag,,,failed,False,2026-08-19T13:28:19.124767+09:00
Licensing Tally,,,failed,False,2026-08-21T00:27:03.794080+09:00
Licensing Tariff,,,failed,False,2026-08-21T02:42:44.475010+09:00
Licensing Tax,320.0,1.0,success,False,2026-08-21T02:10:55.409815+09:00
Licensing Ticket,,,failed,False,2026-08-19T21:30:59.491804+09:00
Licensing Tier,,,failed,False,2026-08-28T00:47:13.320687+09:00
Licensing Timeline,10.0,0.0,success,False,2026-08-19T21:20:05.379169+09:00
Licensing Timer,,,failed,False,2026-08-28T00:23:49.555058+09:00
Licensing Toll,,,failed,False,2026-08-21T02:42:39.559962+09:00
Licensing Toolbox,,,failed,False,2026-08-28T00:23:58.859062+09:00
Licensing Toolkit,20.0,0.0,success,False,2026-08-18T22:02:40.368007+09:00
Licensing Total,,,failed,False,2026-08-27T23:11:39.748613+09:00
Licensing Tracker,40.0,8.0,success,False,2026-08-17T21:37:05.127331+09:00
Licensing Trail,,,failed,False,2026-08-17T20:37:45.876313+09:00
Licensing Trend,,,failed,False,2026-08-28T01:04:40.087199+09:00
Licensing Trial,,,failed,False,2026-08-27T21:13:49.979348+09:00
Licensing Unit,110.0,2.0,success,False,2026-08-21T01:54:32.681048+09:00
Licensing Update,2400.0,1.0,success,False,2026-08-19T20:45:18.016255+09:00
Licensing Value,,,failed,False,2026-08-23T02:57:01.992920+09:00
Licensing Vault,210.0,11.0,success,False,2026-08-17T20:47:00.954455+09:00
Licensing Version,,,failed,False,2026-08-23T03:22:22.094995+09:00
Licensing View,,,failed,False,2026-08-19T20:44:35.831978+09:00
Licensing Wallet,,,failed,False,2026-08-27T22:46:12.811571+09:00
Licensing Watch,,,failed,False,2026-08-17T20:39:59.910293+09:00
Licensing Wave,,,failed,False,2026-08-17T20:35:18.626237+09:00
Licensing Widget,,,failed,False,2026-08-27T23:11:39.748613+09:00
Licensing Workbench,,,failed,False,2026-08-18T22:02:28.338577+09:00
Licensing Worksheet,,,failed,False,2026-08-27T22:07:54.366638+09:00
Licensing Workshop,,,failed,False,2026-08-28T00:23:53.902588+09:00
Licensing Zone,,,failed,False,2026-08-17T20:46:23.888336+09:00
Lien Advisory,,,failed,False,2026-08-21T01:08:57.015500+09:00
Lien Allowance,,,failed,False,2026-08-21T02:40:27.519765+09:00
Lien Almanac,,,failed,False,2026-08-18T22:05:00.347281+09:00
Lien Analyzer,,,failed,False,2026-08-27T23:55:24.915525+09:00
Lien Anchor,,,failed,False,2026-08-17T21:34:37.066296+09:00
Lien Announcement,,,failed,False,2026-08-27T23:34:10.423222+09:00
Lien Arrears,,,failed,False,2026-08-23T16:11:11.053977+09:00
Lien Asset,,,failed,False,2026-08-23T13:48:19.972957+09:00
Lien Assistant,,,failed,False,2026-08-17T23:06:22.536636+09:00
Lien Atlas,,,failed,False,2026-08-17T20:42:24.319818+09:00
Lien Attribute,,,failed,False,2026-08-23T13:08:24.927067+09:00
Lien Badge,10.0,100.0,success,False,2026-08-21T00:34:35.312701+09:00
Lien Balance,6600.0,0.0,success,True,2026-08-23T13:48:17.793072+09:00
Lien Base,10.0,0.0,success,False,2026-08-17T20:39:37.454360+09:00
Lien Beacon,10.0,36.0,success,False,2026-08-17T21:39:15.761980+09:00
Lien Bill,,,failed,False,2026-08-19T21:53:52.421179+09:00
Lien Blueprint,,,failed,False,2026-08-18T22:04:49.273954+09:00
Lien Board,,,failed,False,2026-08-17T20:36:56.303275+09:00
Lien Book,70.0,14.0,success,False,2026-08-19T21:54:45.586270+09:00
Lien Bridge,,,failed,False,2026-08-17T21:35:44.584576+09:00
Lien Brief,,,failed,False,2026-08-21T01:08:47.143646+09:00
Lien Bulletin,,,failed,False,2026-08-21T01:08:42.694211+09:00
Lien Cabinet,9900.0,100.0,success,False,2026-08-27T23:12:25.065400+09:00
Lien Calculator,40.0,2.0,success,False,2026-08-27T23:34:10.423222+09:00
Lien Calendar,,,failed,False,2026-08-18T23:59:17.064429+09:00
Lien Card,110.0,5.0,success,False,2026-08-19T13:29:56.430090+09:00
Lien Cascade,,,failed,False,2026-08-17T21:36:43.981322+09:00
Lien Cash,30.0,0.0,success,False,2026-08-21T02:23:59.841123+09:00
Lien Catalog,,,failed,False,2026-08-19T21:07:34.937888+09:00
Lien Category,,,failed,False,2026-08-23T13:08:21.567126+09:00
Lien Center,10.0,0.0,success,False,2026-08-18T07:43:42.936129+09:00
Lien Chain,,,failed,False,2026-08-17T20:47:13.736905+09:00
Lien Charge,590.0,0.0,success,False,2026-08-21T02:40:14.671503+09:00
Lien Check,1900.0,33.0,success,False,2026-08-19T13:30:30.638587+09:00
Lien Checker,1900.0,33.0,success,False,2026-08-27T23:55:17.807220+09:00
Lien Checklist,,,failed,False,2026-08-19T21:06:42.695560+09:00
Lien Circular,,,failed,False,2026-08-21T01:08:51.801540+09:00
Lien Cockpit,,,failed,False,2026-08-17T23:29:46.030396+09:00
Lien Code,210.0,0.0,success,False,2026-08-19T21:54:13.234763+09:00
Lien Codex,,,failed,False,2026-08-18T22:05:19.741515+09:00
Lien Companion,,,failed,False,2026-08-17T23:04:09.987003+09:00
Lien Comparison,,,failed,False,2026-08-28T01:06:10.302074+09:00
Lien Compass,,,failed,False,2026-08-17T21:41:22.072079+09:00
Lien Compendium,,,failed,False,2026-08-18T22:05:10.153828+09:00
Lien Confirmation,,,failed,False,2026-08-21T01:09:06.679370+09:00
Lien Console,,,failed,False,2026-08-17T21:38:26.629916+09:00
Lien Copayment,,,failed,False,2026-08-23T16:37:18.649152+09:00
Lien Core,,,failed,False,2026-08-17T20:38:43.149907+09:00
Lien Cost,10.0,0.0,success,False,2026-08-21T02:07:37.270032+09:00
Lien Count,,,failed,False,2026-08-27T22:46:59.897454+09:00
Lien Counter,30.0,0.0,success,False,2026-08-19T00:00:16.279363+09:00
Lien Dashboard,,,failed,False,2026-08-17T23:09:52.206266+09:00
Lien Deal,,,failed,False,2026-08-21T01:50:49.145007+09:00
Lien Debt,110.0,0.0,success,False,2026-08-21T02:23:51.443965+09:00
Lien Deck,,,failed,False,2026-08-17T20:35:59.491401+09:00
Lien Depot,,,failed,False,2026-08-18T23:59:53.624295+09:00
Lien Desk,,,failed,False,2026-08-17T20:33:40.236931+09:00
Lien Detail,20.0,0.0,success,False,2026-08-23T03:20:42.703424+09:00
Lien Detector,10.0,3.0,success,False,2026-08-27T23:55:21.576264+09:00
Lien Dial,,,failed,False,2026-08-17T21:36:17.240271+09:00
Lien Digest,,,failed,False,2026-08-19T20:48:17.948513+09:00
Lien Directory,,,failed,False,2026-08-18T23:59:27.223478+09:00
Lien Dock,,,failed,False,2026-08-17T21:31:56.784481+09:00
Lien Dossier,30.0,16.0,success,False,2026-08-21T01:09:08.778546+09:00
Lien Draft,,,failed,False,2026-08-19T20:48:28.899410+09:00
Lien Due,30.0,0.0,success,False,2026-08-23T15:53:05.427640+09:00
Lien Duty,,,failed,False,2026-08-21T02:40:18.502872+09:00
Lien Engine,,,failed,False,2026-08-17T23:28:34.893276+09:00
Lien Entry,,,failed,False,2026-08-21T01:09:25.502385+09:00
Lien Estimate,,,failed,False,2026-08-19T21:07:25.102552+09:00
Lien Estimator,,,failed,False,2026-08-27T23:55:14.253857+09:00
Lien Excerpt,,,failed,False,2026-08-21T01:09:20.076507+09:00
Lien Extension,10.0,0.0,success,False,2026-08-23T16:37:24.399501+09:00
Lien Fare,,,failed,False,2026-08-21T02:07:48.773154+09:00
Lien Fee,480.0,0.0,success,False,2026-08-21T01:50:16.047866+09:00
Lien Feed,,,failed,False,2026-08-19T20:48:23.205403+09:00
Lien Field,20.0,0.0,success,False,2026-08-23T13:08:27.240954+09:00
Lien File,720.0,21.0,success,False,2026-08-19T20:47:48.078194+09:00
Lien Finder,50.0,55.0,success,False,2026-08-18T23:59:44.805528+09:00
Lien Fine,,,failed,False,2026-08-23T02:55:35.353388+09:00
Lien Flag,10.0,0.0,success,False,2026-08-21T00:35:03.505181+09:00
Lien Flow,,,failed,False,2026-08-17T20:36:22.753454+09:00
Lien Forge,,,failed,False,2026-08-17T21:37:55.576177+09:00
Lien Form,480.0,18.0,success,False,2026-08-19T13:29:46.780078+09:00
Lien Format,480.0,18.0,success,False,2026-08-23T13:08:30.246419+09:00
Lien Frame,,,failed,False,2026-08-17T20:40:31.600880+09:00
Lien Fund,40.0,2.0,success,False,2026-08-21T02:23:55.522760+09:00
Lien Gate,,,failed,False,2026-08-17T20:44:14.789024+09:00
Lien Generator,,,failed,False,2026-08-27T23:34:17.021271+09:00
Lien Grid,,,failed,False,2026-08-17T20:47:53.457764+09:00
Lien Guarantee,10.0,0.0,success,False,2026-08-28T01:06:21.038746+09:00
Lien Guard,10.0,10.0,success,False,2026-08-17T20:39:13.606540+09:00
Lien Guardian,,,failed,False,2026-08-28T00:25:01.797092+09:00
Lien Guidebook,,,failed,False,2026-08-18T22:04:29.881802+09:00
Lien Helpdesk,,,failed,False,2026-08-27T22:47:02.636160+09:00
Lien Helper,,,failed,False,2026-08-28T00:25:05.172390+09:00
Lien History,30.0,13.0,success,False,2026-08-19T20:47:39.914949+09:00
Lien Hotline,,,failed,False,2026-08-19T21:07:47.829296+09:00
Lien Hub,390.0,9.0,success,False,2026-08-17T20:35:25.429619+09:00
Lien Identifier,,,failed,False,2026-08-23T13:08:19.388505+09:00
Lien Index,10.0,10.0,success,False,2026-08-19T21:06:51.339410+09:00
Lien Insight,,,failed,False,2026-08-17T23:29:29.429883+09:00
Lien Installment,,,failed,False,2026-08-23T16:11:08.956491+09:00
Lien Interest,30.0,0.0,success,False,2026-08-23T13:48:17.793072+09:00
Lien Item,,,failed,False,2026-08-21T01:50:23.005803+09:00
Lien Journal,,,failed,False,2026-08-18T22:04:07.158721+09:00
Lien Keeper,,,failed,False,2026-08-17T20:40:52.069695+09:00
Lien Kit,,,failed,False,2026-08-27T22:46:56.250105+09:00
Lien Lab,70.0,2.0,success,False,2026-08-17T20:34:07.278551+09:00
Lien Label,,,failed,False,2026-08-27T22:08:02.909734+09:00
Lien Ledger,20.0,0.0,success,False,2026-08-17T20:37:55.339961+09:00
Lien Lens,,,failed,False,2026-08-17T20:41:15.125085+09:00
Lien Level,,,failed,False,2026-08-19T20:47:55.040652+09:00
Lien Levy,210.0,10.0,success,False,2026-08-23T13:48:19.972957+09:00
Lien Link,50.0,9.0,success,False,2026-08-23T03:20:35.213515+09:00
Lien List,20.0,0.0,success,False,2026-08-19T21:54:25.677858+09:00
Lien Loan,1000.0,9.0,success,False,2026-08-21T02:07:58.916446+09:00
Lien Locator,,,failed,False,2026-08-18T23:59:36.900086+09:00
Lien Lock,,,failed,False,2026-08-17T20:42:51.727520+09:00
Lien Log,10.0,0.0,success,False,2026-08-19T13:29:31.691093+09:00
Lien Loop,,,failed,False,2026-08-17T21:30:15.996537+09:00
Lien Manager,90.0,5.0,success,False,2026-08-17T20:40:06.808560+09:00
Lien Manual,,,failed,False,2026-08-27T22:08:06.352004+09:00
Lien Map,70.0,0.0,success,False,2026-08-17T20:42:04.175878+09:00
Lien Markup,,,failed,False,2026-08-23T16:37:16.360877+09:00
Lien Memo,,,failed,False,2026-08-21T00:34:57.023815+09:00
Lien Message,,,failed,False,2026-08-27T23:12:15.769681+09:00
Lien Meter,,,failed,False,2026-08-17T21:35:11.471835+09:00
Lien Metrics,,,failed,False,2026-08-17T23:14:59.429645+09:00
Lien Monitor,,,failed,False,2026-08-17T23:08:06.421601+09:00
Lien Navigator,,,failed,False,2026-08-17T23:30:03.516281+09:00
Lien Nexus,,,failed,False,2026-08-17T20:43:22.316757+09:00
Lien Node,,,failed,False,2026-08-17T20:45:15.345040+09:00
Lien Note,110.0,0.0,success,False,2026-08-19T13:30:48.441659+09:00
Lien Notification,30.0,3.0,success,False,2026-08-27T22:46:50.983424+09:00
Lien Number,70.0,7.0,success,False,2026-08-23T03:20:27.097448+09:00
Lien Office,30.0,7.0,success,False,2026-08-19T00:00:05.096380+09:00
Lien Ops,,,failed,False,2026-08-17T23:11:27.104300+09:00
Lien Order,40.0,4.0,success,False,2026-08-19T21:53:40.177257+09:00
Lien Organizer,,,failed,False,2026-08-17T23:29:09.953642+09:00
Lien Overdue,,,failed,False,2026-08-27T21:46:13.321425+09:00
Lien Panel,,,failed,False,2026-08-17T21:37:17.917122+09:00
Lien Pass,,,failed,False,2026-08-21T00:34:25.670499+09:00
Lien Path,,,failed,False,2026-08-17T20:44:36.649130+09:00
Lien Payoff,140.0,1.0,success,False,2026-08-27T21:46:13.321425+09:00
Lien Penalty,,,failed,False,2026-08-23T16:37:14.050450+09:00
Lien Petition,20.0,27.0,success,False,2026-08-21T01:09:01.082637+09:00
Lien Pilot,,,failed,False,2026-08-17T20:34:33.124318+09:00
Lien Plan,10.0,0.0,success,False,2026-08-21T01:50:32.476329+09:00
Lien Planner,,,failed,False,2026-08-17T23:28:54.506937+09:00
Lien Playbook,,,failed,False,2026-08-18T22:03:55.697842+09:00
Lien Point,,,failed,False,2026-08-17T20:43:51.758171+09:00
Lien Portal,10.0,0.0,success,False,2026-08-17T21:40:37.066671+09:00
Lien Preview,,,failed,False,2026-08-28T01:06:18.481825+09:00
Lien Profile,,,failed,False,2026-08-19T13:31:03.415990+09:00
Lien Profit,,,failed,False,2026-08-23T02:55:21.397263+09:00
Lien Proposal,,,failed,False,2026-08-28T01:06:21.038746+09:00
Lien Pulse,,,failed,False,2026-08-17T20:46:31.116711+09:00
Lien Queue,,,failed,False,2026-08-19T21:07:16.203533+09:00
Lien Radar,,,failed,False,2026-08-17T20:32:32.905502+09:00
Lien Rail,,,failed,False,2026-08-17T21:30:47.592348+09:00
Lien Rate,,,failed,False,2026-08-19T20:48:02.759483+09:00
Lien Recap,,,failed,False,2026-08-21T01:09:15.818493+09:00
Lien Receipt,30.0,0.0,success,False,2026-08-19T21:54:03.410939+09:00
Lien Recorder,,,failed,False,2026-08-27T23:34:17.021271+09:00
Lien Redemption,10.0,0.0,success,False,2026-08-23T16:37:21.516331+09:00
Lien Register,170.0,5.0,success,False,2026-08-17T23:30:16.319777+09:00
Lien Registry,90.0,3.0,success,False,2026-08-18T22:04:40.579410+09:00
Lien Relay,10.0,,success,False,2026-08-18T07:52:40.105947+09:00
Lien Reminder,,,failed,False,2026-08-19T21:06:33.819352+09:00
Lien Report,1300.0,3.0,success,False,2026-08-19T13:29:15.231319+09:00
Lien Repository,,,failed,False,2026-08-27T23:12:29.033332+09:00
Lien Result,,,failed,False,2026-08-28T00:47:45.290833+09:00
Lien Roadmap,,,failed,False,2026-08-18T22:05:27.658262+09:00
Lien Roster,,,failed,False,2026-08-19T00:37:21.857423+09:00
Lien Route,,,failed,False,2026-08-17T21:33:08.992358+09:00
Lien Rule,90.0,0.0,success,False,2026-08-23T03:20:39.175053+09:00
Lien Sale,1900.0,1.0,success,False,2026-08-21T02:24:08.080909+09:00
Lien Sample,10.0,0.0,success,False,2026-08-19T21:55:03.832007+09:00
Lien Scale,,,failed,False,2026-08-17T21:34:05.861065+09:00
Lien Scanner,20.0,2.0,success,False,2026-08-27T23:55:21.576264+09:00
Lien Scheduler,,,failed,False,2026-08-17T23:13:22.671425+09:00
Lien Scope,10.0,0.0,success,False,2026-08-17T21:31:23.168898+09:00
Lien Score,,,failed,False,2026-08-19T13:30:42.478470+09:00
Lien Sentry,,,failed,False,2026-08-17T20:41:42.376478+09:00
Lien Sheet,30.0,2.0,success,False,2026-08-19T13:30:05.934954+09:00
Lien Signal,40.0,0.0,success,False,2026-08-17T21:33:32.175377+09:00
Lien Signature,10.0,57.0,success,False,2026-08-23T13:28:03.127667+09:00
Lien Snapshot,,,failed,False,2026-08-18T22:04:21.198301+09:00
Lien Stage,210.0,0.0,success,False,2026-08-28T00:47:45.290833+09:00
Lien Stake,,,failed,False,2026-08-23T02:55:28.144750+09:00
Lien Stamp,10.0,1.0,success,False,2026-08-23T13:28:03.127667+09:00
Lien Statement,110.0,4.0,success,False,2026-08-21T00:34:44.893530+09:00
Lien Station,,,failed,False,2026-08-17T20:33:08.305690+09:00
Lien Status,260.0,2.0,success,False,2026-08-19T20:47:30.914414+09:00
Lien Stub,,,failed,False,2026-08-21T00:34:40.769437+09:00
Lien Studio,110.0,33.0,success,False,2026-08-17T20:34:58.202084+09:00
Lien Suite,10.0,100.0,success,False,2026-08-17T23:11:44.690517+09:00
Lien Sum,,,failed,False,2026-08-21T02:23:48.995246+09:00
Lien Summary,20.0,0.0,success,False,2026-08-19T21:06:11.173737+09:00
Lien Sync,,,failed,False,2026-08-17T20:37:21.758511+09:00
Lien Table,10.0,0.0,success,False,2026-08-19T21:54:37.434657+09:00
Lien Tag,,,failed,False,2026-08-19T13:30:57.828554+09:00
Lien Tally,,,failed,False,2026-08-21T00:34:49.507039+09:00
Lien Tariff,,,failed,False,2026-08-21T02:40:30.595557+09:00
Lien Tax,9900.0,12.0,success,False,2026-08-21T02:07:53.857202+09:00
Lien Ticket,,,failed,False,2026-08-19T21:07:04.594270+09:00
Lien Timeline,20.0,0.0,success,False,2026-08-19T21:06:23.756396+09:00
Lien Timer,,,failed,False,2026-08-28T00:24:58.982196+09:00
Lien Toll,,,failed,False,2026-08-21T02:40:25.117501+09:00
Lien Toolbox,,,failed,False,2026-08-28T00:25:05.172390+09:00
Lien Toolkit,,,failed,False,2026-08-18T22:03:46.428497+09:00
Lien Total,,,failed,False,2026-08-27T23:12:19.702811+09:00
Lien Tracker,110.0,23.0,success,False,2026-08-17T20:38:16.946588+09:00
Lien Trail,,,failed,False,2026-08-17T20:48:31.729678+09:00
Lien Trend,,,failed,False,2026-08-28T01:06:07.510525+09:00
Lien Trial,10.0,2.0,success,False,2026-08-27T21:14:04.974327+09:00
Lien Unit,170.0,5.0,success,False,2026-08-21T01:50:49.145007+09:00
Lien Update,,,failed,False,2026-08-19T20:48:09.734804+09:00
Lien Value,10.0,0.0,success,False,2026-08-23T02:55:24.224280+09:00
Lien Vault,,,failed,False,2026-08-18T07:52:51.639177+09:00
Lien Version,,,failed,False,2026-08-23T03:20:32.320134+09:00
Lien View,,,failed,False,2026-08-19T20:47:36.057637+09:00
Lien Voucher,,,failed,False,2026-08-21T00:34:30.806569+09:00
Lien Watch,,,failed,False,2026-08-17T21:32:33.876836+09:00
Lien Wave,30.0,1.0,success,False,2026-08-17T20:45:40.214755+09:00
Lien Widget,,,failed,False,2026-08-27T23:12:19.702811+09:00
Lien Workbench,,,failed,False,2026-08-18T22:03:23.896977+09:00
Lien Worksheet,,,failed,False,2026-08-27T22:08:10.673360+09:00
Lien Workshop,10.0,0.0,success,False,2026-08-28T00:24:58.982196+09:00
Lien Zone,,,failed,False,2026-08-17T21:41:53.145173+09:00
Lighting Advisory,10.0,0.0,success,False,2026-08-21T01:09:44.260038+09:00
Lighting Allowance,10.0,0.0,success,False,2026-08-21T02:41:18.531749+09:00
Lighting Analyzer,,,failed,False,2026-08-27T23:56:02.652689+09:00
Lighting Asset,40.0,1.0,success,False,2026-08-23T13:48:32.031008+09:00
Lighting Assistant,1900.0,18.0,success,False,2026-08-19T12:26:26.109725+09:00
Lighting Atlas,,,failed,False,2026-08-19T12:26:15.531413+09:00
Lighting Attribute,,,failed,False,2026-08-23T13:08:56.247878+09:00
Lighting Balance,2400.0,8.0,success,False,2026-08-23T13:48:27.768488+09:00
Lighting Base,1000.0,53.0,success,False,2026-08-19T12:24:58.043642+09:00
Lighting Beacon,1900.0,50.0,success,False,2026-08-19T12:23:48.028309+09:00
Lighting Bill,165000.0,1.0,success,False,2026-08-19T21:55:41.048712+09:00
Lighting Board,40500.0,46.0,success,False,2026-08-19T12:25:21.965141+09:00
Lighting Book,590.0,53.0,success,False,2026-08-19T21:56:40.008866+09:00
Lighting Bridge,1900.0,21.0,success,False,2026-08-19T12:24:05.330216+09:00
Lighting Brief,,,failed,False,2026-08-21T01:09:34.280846+09:00
Lighting Bulletin,10.0,0.0,success,False,2026-08-21T01:09:29.468190+09:00
Lighting Calculator,1600.0,17.0,success,False,2026-08-27T23:34:29.939711+09:00
Lighting Calendar,590.0,100.0,success,False,2026-08-19T12:26:50.558135+09:00
Lighting Card,1300.0,2.0,success,False,2026-08-19T13:31:41.202916+09:00
Lighting Cascade,,,failed,False,2026-08-19T12:23:56.615526+09:00
Lighting Cash,110.0,12.0,success,False,2026-08-21T02:24:56.488655+09:00
Lighting Cashback,,,failed,False,2026-08-27T21:14:25.842421+09:00
Lighting Catalog,1000.0,65.0,success,False,2026-08-19T21:09:36.551386+09:00
Lighting Category,210.0,25.0,success,False,2026-08-23T13:08:51.704947+09:00
Lighting Center,2400.0,44.0,success,False,2026-08-19T12:25:38.632283+09:00
Lighting Chain,1300.0,100.0,success,False,2026-08-19T12:26:02.355075+09:00
Lighting Charge,880.0,90.0,success,False,2026-08-21T02:41:02.522533+09:00
Lighting Check,880.0,5.0,success,False,2026-08-19T13:31:59.823844+09:00
Lighting Checker,880.0,5.0,success,False,2026-08-27T23:55:48.344302+09:00
Lighting Checklist,20.0,0.0,success,False,2026-08-19T21:08:35.799168+09:00
Lighting Circular,3600.0,31.0,success,False,2026-08-21T01:09:36.550865+09:00
Lighting Code,2900.0,4.0,success,False,2026-08-19T21:56:01.385775+09:00
Lighting Companion,,,failed,False,2026-08-19T12:26:37.096559+09:00
Lighting Comparison,140.0,31.0,success,False,2026-08-28T01:06:48.738756+09:00
Lighting Compass,880.0,32.0,success,False,2026-08-19T12:23:40.274403+09:00
Lighting Confirmation,,,failed,False,2026-08-21T00:58:30.042414+09:00
Lighting Console,3600.0,100.0,success,False,2026-08-19T12:25:46.286307+09:00
Lighting Converter,480.0,64.0,success,False,2026-08-27T23:34:29.939711+09:00
Lighting Core,1300.0,4.0,success,False,2026-08-19T12:24:58.043642+09:00
Lighting Cost,590.0,21.0,success,False,2026-08-21T02:08:27.719210+09:00
Lighting Count,720.0,84.0,success,False,2026-08-27T22:47:24.172994+09:00
Lighting Counter,390.0,4.0,success,False,2026-08-19T12:27:02.281369+09:00
Lighting Coupon,20.0,17.0,success,False,2026-08-27T21:14:25.842421+09:00
Lighting Deal,480.0,99.0,success,False,2026-08-21T01:51:40.699894+09:00
Lighting Debt,,,failed,False,2026-08-21T02:24:43.440499+09:00
Lighting Deck,14800.0,100.0,success,False,2026-08-19T12:25:21.965141+09:00
Lighting Desk,1600.0,100.0,success,False,2026-08-19T12:23:26.790500+09:00
Lighting Detail,320.0,3.0,success,False,2026-08-23T03:21:28.061139+09:00
Lighting Detector,12100.0,37.0,success,False,2026-08-27T23:56:00.047193+09:00
Lighting Diagram,5400.0,2.0,success,False,2026-08-27T22:08:46.567667+09:00
Lighting Digest,210.0,56.0,success,False,2026-08-19T20:49:09.969574+09:00
Lighting Directory,30.0,11.0,success,False,2026-08-19T12:26:50.558135+09:00
Lighting Discount,880.0,100.0,success,False,2026-08-23T16:11:31.628533+09:00
Lighting Dossier,,,failed,False,2026-08-21T00:58:34.367334+09:00
Lighting Draft,,,failed,False,2026-08-19T20:49:23.220357+09:00
Lighting Due,,,failed,False,2026-08-23T15:53:12.516993+09:00
Lighting Duty,,,failed,False,2026-08-21T02:41:05.925111+09:00
Lighting Engine,1900.0,11.0,success,False,2026-08-19T12:26:22.946559+09:00
Lighting Entry,9900.0,100.0,success,False,2026-08-21T00:58:47.378244+09:00
Lighting Estimate,50.0,8.0,success,False,2026-08-19T21:09:25.998389+09:00
Lighting Estimator,50.0,8.0,success,False,2026-08-27T23:55:48.344302+09:00
Lighting Excerpt,,,failed,False,2026-08-21T00:58:42.850183+09:00
Lighting Extension,140.0,36.0,success,False,2026-08-23T16:37:34.255373+09:00
Lighting Fare,1300.0,1.0,success,False,2026-08-21T02:08:41.527197+09:00
Lighting Fee,,,failed,False,2026-08-21T01:51:22.429358+09:00
Lighting Feed,,,failed,False,2026-08-19T20:49:16.530394+09:00
Lighting Field,5400.0,0.0,success,True,2026-08-23T13:08:58.766460+09:00
Lighting File,170.0,18.0,success,False,2026-08-19T20:48:48.411735+09:00
Lighting Finder,210.0,3.0,success,False,2026-08-19T12:26:57.441352+09:00
Lighting Fine,,,failed,False,2026-08-23T02:56:06.421775+09:00
Lighting Flow,3600.0,26.0,success,False,2026-08-19T12:23:01.868954+09:00
Lighting Forge,1000.0,1.0,success,False,2026-08-19T12:23:48.028309+09:00
Lighting Form,720.0,2.0,success,False,2026-08-19T13:31:24.471816+09:00
Lighting Format,,,failed,False,2026-08-23T13:09:00.936814+09:00
Lighting Frame,1000.0,86.0,success,False,2026-08-19T12:24:52.766988+09:00
Lighting Fund,,,failed,False,2026-08-21T02:24:48.796566+09:00
Lighting Gate,4400.0,9.0,success,False,2026-08-19T12:26:11.426688+09:00
Lighting Generator,2400.0,92.0,success,False,2026-08-27T23:34:34.248381+09:00
Lighting Giveaway,,,failed,False,2026-08-27T21:14:33.237385+09:00
Lighting Grade,,,failed,False,2026-08-21T00:35:23.760596+09:00
Lighting Graph,30.0,0.0,success,False,2026-08-27T22:08:36.718327+09:00
Lighting Grid,480.0,34.0,success,False,2026-08-19T12:24:37.833597+09:00
Lighting Guarantee,,,failed,False,2026-08-28T01:06:54.096928+09:00
Lighting Helpdesk,,,failed,False,2026-08-27T22:47:28.680273+09:00
Lighting Helper,,,failed,False,2026-08-28T00:25:29.232687+09:00
Lighting History,1000.0,1.0,success,False,2026-08-19T20:48:46.011592+09:00
Lighting Hotline,,,failed,False,2026-08-19T21:09:50.193216+09:00
Lighting Hub,8100.0,46.0,success,False,2026-08-19T12:23:14.200437+09:00
Lighting Identifier,,,failed,False,2026-08-23T13:08:48.797339+09:00
Lighting Incentive,,,failed,False,2026-08-27T21:14:30.241053+09:00
Lighting Index,320.0,1.0,success,False,2026-08-19T21:08:48.624997+09:00
Lighting Installment,,,failed,False,2026-08-23T16:11:34.314985+09:00
Lighting Item,590.0,31.0,success,False,2026-08-21T01:51:29.207159+09:00
Lighting Journal,50.0,0.0,success,False,2026-08-19T12:26:47.247206+09:00
Lighting Keeper,10.0,0.0,success,False,2026-08-19T12:26:17.646351+09:00
Lighting Kit,4400.0,92.0,success,False,2026-08-27T22:47:20.471641+09:00
Lighting Lab,5400.0,2.0,success,False,2026-08-19T12:25:34.182508+09:00
Lighting Label,1000.0,2.0,success,False,2026-08-27T22:08:36.718327+09:00
Lighting Layout,2900.0,2.0,success,False,2026-08-27T22:28:46.749186+09:00
Lighting Ledger,,,failed,False,2026-08-19T12:25:02.021725+09:00
Lighting Level,590.0,2.0,success,False,2026-08-19T20:48:55.006137+09:00
Lighting Link,5400.0,9.0,success,False,2026-08-23T03:21:18.514525+09:00
Lighting List,590.0,3.0,success,False,2026-08-19T21:56:14.793890+09:00
Lighting Loan,390.0,50.0,success,False,2026-08-21T02:08:48.919404+09:00
Lighting Locator,590.0,8.0,success,False,2026-08-19T12:26:55.574795+09:00
Lighting Log,140.0,55.0,success,False,2026-08-19T13:31:08.046594+09:00
Lighting Loop,880.0,21.0,success,False,2026-08-19T12:24:32.971008+09:00
Lighting Manager,720.0,4.0,success,False,2026-08-19T12:26:17.646351+09:00
Lighting Manual,720.0,3.0,success,False,2026-08-27T22:08:41.770881+09:00
Lighting Map,673000.0,0.0,success,True,2026-08-19T12:24:48.425289+09:00
Lighting Margin,,,failed,False,2026-08-23T02:56:03.136754+09:00
Lighting Markup,,,failed,False,2026-08-23T16:37:31.309501+09:00
Lighting Memo,,,failed,False,2026-08-21T00:35:23.760596+09:00
Lighting Monitor,1300.0,96.0,success,False,2026-08-19T12:26:33.810025+09:00
Lighting Nexus,,,failed,False,2026-08-19T12:26:11.426688+09:00
Lighting Note,2400.0,0.0,success,True,2026-08-19T13:32:13.743565+09:00
Lighting Notification,1300.0,2.0,success,False,2026-08-27T22:47:20.471641+09:00
Lighting Number,1900.0,50.0,success,False,2026-08-23T03:21:12.022197+09:00
Lighting Office,8100.0,100.0,success,False,2026-08-19T12:27:02.281369+09:00
Lighting Ops,210.0,1.0,success,False,2026-08-19T12:26:41.238307+09:00
Lighting Order,260.0,49.0,success,False,2026-08-19T21:55:31.155886+09:00
Lighting Overdraft,,,failed,False,2026-08-23T15:53:12.516993+09:00
Lighting Panel,9900.0,100.0,success,False,2026-08-19T12:25:50.876922+09:00
Lighting Path,5400.0,7.0,success,False,2026-08-19T12:24:44.570895+09:00
Lighting Petition,,,failed,False,2026-08-21T00:58:25.474774+09:00
Lighting Plan,2900.0,8.0,success,False,2026-08-21T01:51:35.759053+09:00
Lighting Planner,3600.0,24.0,success,False,2026-08-19T12:26:30.202611+09:00
Lighting Playbook,,,failed,False,2026-08-19T12:26:44.704983+09:00
Lighting Point,9900.0,63.0,success,False,2026-08-19T12:24:48.425289+09:00
Lighting Portal,480.0,0.0,success,False,2026-08-19T12:25:46.286307+09:00
Lighting Preview,,,failed,False,2026-08-28T01:06:48.738756+09:00
Lighting Price,390.0,91.0,success,False,2026-08-21T02:08:33.058112+09:00
Lighting Profile,1300.0,100.0,success,False,2026-08-19T13:32:37.235735+09:00
Lighting Profit,10.0,,success,False,2026-08-23T02:55:55.232894+09:00
Lighting Proposal,90.0,61.0,success,False,2026-08-28T01:06:51.354656+09:00
Lighting Queue,390.0,15.0,success,False,2026-08-19T21:09:13.421479+09:00
Lighting Radar,49500.0,1.0,success,False,2026-08-19T12:23:26.790500+09:00
Lighting Rail,1900.0,100.0,success,False,2026-08-19T12:25:57.716794+09:00
Lighting Rate,390.0,10.0,success,False,2026-08-19T20:49:01.783681+09:00
Lighting Recap,,,failed,False,2026-08-21T00:59:26.114490+09:00
Lighting Receipt,,,failed,False,2026-08-19T21:55:51.993679+09:00
Lighting Register,260.0,2.0,success,False,2026-08-19T12:26:41.238307+09:00
Lighting Registry,,,failed,False,2026-08-19T12:26:47.247206+09:00
Lighting Relay,1000.0,81.0,success,False,2026-08-19T12:23:36.492658+09:00
Lighting Reminder,,,failed,False,2026-08-19T21:08:25.447867+09:00
Lighting Report,210.0,0.0,success,False,2026-08-19T13:31:03.415990+09:00
Lighting Repository,,,failed,False,2026-08-27T23:12:50.672441+09:00
Lighting Roster,90.0,0.0,success,False,2026-08-19T12:27:36.694411+09:00
Lighting Route,,,failed,False,2026-08-19T12:25:55.231488+09:00
Lighting Rule,260.0,0.0,success,False,2026-08-23T03:21:22.362914+09:00
Lighting Sale,4400.0,100.0,success,False,2026-08-21T02:25:01.097647+09:00
Lighting Sample,320.0,29.0,success,False,2026-08-19T21:57:01.942587+09:00
Lighting Scale,1600.0,10.0,success,False,2026-08-19T12:25:55.231488+09:00
Lighting Scanner,880.0,12.0,success,False,2026-08-27T23:55:53.687521+09:00
Lighting Scheduler,4400.0,0.0,success,True,2026-08-19T12:26:30.202611+09:00
Lighting Scope,,,failed,False,2026-08-19T12:24:32.971008+09:00
Lighting Score,880.0,5.0,success,False,2026-08-19T13:32:07.571238+09:00
Lighting Sheet,2400.0,41.0,success,False,2026-08-19T13:31:50.431005+09:00
Lighting Signal,1000.0,8.0,success,False,2026-08-19T12:24:05.330216+09:00
Lighting Slip,,,failed,False,2026-08-19T21:56:50.628145+09:00
Lighting Slot,260.0,13.0,success,False,2026-08-19T21:57:11.207151+09:00
Lighting Stage,40500.0,100.0,success,False,2026-08-28T00:47:53.734178+09:00
Lighting Stake,1600.0,100.0,success,False,2026-08-23T02:56:00.191983+09:00
Lighting Statement,,,failed,False,2026-08-21T00:35:16.287713+09:00
Lighting Station,1000.0,52.0,success,False,2026-08-19T12:25:34.182508+09:00
Lighting Status,590.0,0.0,success,False,2026-08-19T20:48:35.358478+09:00
Lighting Studio,9900.0,33.0,success,False,2026-08-19T12:25:27.149314+09:00
Lighting Subsidy,,,failed,False,2026-08-23T15:50:12.078414+09:00
Lighting Sum,,,failed,False,2026-08-21T02:24:39.206528+09:00
Lighting Summary,,,failed,False,2026-08-19T21:08:05.171033+09:00
Lighting Table,12100.0,100.0,success,False,2026-08-19T21:56:27.780319+09:00
Lighting Tag,1600.0,3.0,success,False,2026-08-19T13:32:23.096151+09:00
Lighting Tariff,,,failed,False,2026-08-21T02:41:21.123178+09:00
Lighting Tax,20.0,0.0,success,False,2026-08-21T02:08:44.609671+09:00
Lighting Ticket,880.0,6.0,success,False,2026-08-19T21:08:58.951614+09:00
Lighting Tier,,,failed,False,2026-08-28T00:47:59.038217+09:00
Lighting Timeline,170.0,0.0,success,False,2026-08-19T21:08:15.358718+09:00
Lighting Timer,1900.0,90.0,success,False,2026-08-28T00:25:19.923690+09:00
Lighting Toll,,,failed,False,2026-08-21T02:41:10.290966+09:00
Lighting Toolbox,,,failed,False,2026-08-28T00:25:26.159240+09:00
Lighting Total,,,failed,False,2026-08-27T23:12:44.367905+09:00
Lighting Tracker,110000.0,1.0,success,False,2026-08-19T12:23:01.868954+09:00
Lighting Trail,6600.0,8.0,success,False,2026-08-19T12:26:02.355075+09:00
Lighting Trend,2400.0,94.0,success,False,2026-08-28T01:06:43.929748+09:00
Lighting Trial,,,failed,False,2026-08-27T21:14:30.241053+09:00
Lighting Unit,2900.0,28.0,success,False,2026-08-21T01:51:32.906314+09:00
Lighting Update,320.0,23.0,success,False,2026-08-19T20:49:06.260858+09:00
Lighting Value,9900.0,100.0,success,False,2026-08-23T02:55:57.484668+09:00
Lighting Vault,1300.0,88.0,success,False,2026-08-19T12:23:40.274403+09:00
Lighting Version,2400.0,0.0,success,True,2026-08-23T03:21:14.808090+09:00
Lighting View,8100.0,5.0,success,False,2026-08-19T20:48:40.120494+09:00
Lighting Voucher,30.0,25.0,success,False,2026-08-21T00:35:09.628137+09:00
Lighting Watch,4400.0,93.0,success,False,2026-08-19T12:24:09.089995+09:00
Lighting Wave,22200.0,2.0,success,False,2026-08-19T12:24:37.833597+09:00
Lighting Widget,30.0,0.0,success,False,2026-08-27T23:12:46.818245+09:00
Lighting Worksheet,720.0,1.0,success,False,2026-08-27T22:08:46.567667+09:00
Lighting Workshop,390.0,23.0,success,False,2026-08-28T00:25:23.676090+09:00
Lighting Zone,9900.0,8.0,success,False,2026-08-19T12:25:43.100247+09:00
Liner Advance,,,failed,False,2026-08-23T16:13:42.146359+09:00
Liner Advisory,,,failed,False,2026-08-21T01:07:41.387893+09:00
Liner Alert,,,failed,False,2026-08-19T21:05:32.048024+09:00
Liner Allowance,,,failed,False,2026-08-21T02:37:11.292116+09:00
Liner Analyzer,,,failed,False,2026-08-27T23:56:56.552521+09:00
Liner Arrears,,,failed,False,2026-08-23T16:13:39.752452+09:00
Liner Assistant,,,failed,False,2026-08-19T21:31:54.531543+09:00
Liner Atlas,,,failed,False,2026-08-19T21:31:21.634231+09:00
Liner Attribute,,,failed,False,2026-08-23T13:06:00.621707+09:00
Liner Badge,,,failed,False,2026-08-21T00:34:07.252682+09:00
Liner Base,480.0,15.0,success,False,2026-08-19T21:16:57.743794+09:00
Liner Bay,,,failed,False,2026-08-19T21:03:36.529171+09:00
Liner Beacon,,,failed,False,2026-08-19T21:14:17.350894+09:00
Liner Bill,90.0,0.0,success,False,2026-08-19T21:56:37.173014+09:00
Liner Bin,30.0,96.0,success,False,2026-08-19T21:06:00.178861+09:00
Liner Board,1600.0,27.0,success,False,2026-08-19T21:17:31.409694+09:00
Liner Book,50.0,5.0,success,False,2026-08-19T21:57:31.477256+09:00
Liner Bridge,,,failed,False,2026-08-19T21:14:49.838669+09:00
Liner Brief,30.0,56.0,success,False,2026-08-21T01:07:33.646226+09:00
Liner Bulletin,,,failed,False,2026-08-21T01:07:29.159320+09:00
Liner Cabinet,9900.0,100.0,success,False,2026-08-27T23:14:12.324093+09:00
Liner Calculator,90.0,24.0,success,False,2026-08-27T23:35:07.655977+09:00
Liner Calendar,10.0,0.0,success,False,2026-08-19T21:32:39.944567+09:00
Liner Card,30.0,6.0,success,False,2026-08-19T21:07:42.156894+09:00
Liner Cascade,,,failed,False,2026-08-19T21:14:39.007898+09:00
Liner Cash,,,failed,False,2026-08-21T02:31:03.884559+09:00
Liner Cashback,,,failed,False,2026-08-27T21:16:10.166929+09:00
Liner Catalog,,,failed,False,2026-08-19T21:12:28.088394+09:00
Liner Category,,,failed,False,2026-08-23T13:05:58.112221+09:00
Liner Center,,,failed,False,2026-08-19T21:18:28.771702+09:00
Liner Chain,10.0,0.0,success,False,2026-08-19T21:30:49.393699+09:00
Liner Charge,110.0,9.0,success,False,2026-08-21T02:36:58.611410+09:00
Liner Chart,60500.0,0.0,success,True,2026-08-19T21:05:44.553245+09:00
Liner Check,10.0,0.0,success,False,2026-08-19T21:08:03.467133+09:00
Liner Checker,,,failed,False,2026-08-27T23:56:47.564941+09:00
Liner Checklist,,,failed,False,2026-08-19T21:11:27.369189+09:00
Liner Circular,10.0,0.0,success,False,2026-08-21T01:07:39.342209+09:00
Liner Code,110.0,34.0,success,False,2026-08-19T21:56:59.723896+09:00
Liner Companion,,,failed,False,2026-08-19T21:32:26.609245+09:00
Liner Comparison,,,failed,False,2026-08-28T01:07:22.099845+09:00
Liner Compass,,,failed,False,2026-08-19T21:14:07.516927+09:00
Liner Confirmation,,,failed,False,2026-08-21T01:07:49.697646+09:00
Liner Console,,,failed,False,2026-08-19T21:19:06.268561+09:00
Liner Contribution,,,failed,False,2026-08-23T16:13:37.104049+09:00
Liner Core,,,failed,False,2026-08-19T21:17:11.439811+09:00
Liner Cost,50.0,5.0,success,False,2026-08-21T02:14:40.877635+09:00
Liner Count,,,failed,False,2026-08-27T22:48:47.363219+09:00
Liner Counter,,,failed,False,2026-08-19T21:32:52.200900+09:00
Liner Coupon,,,failed,False,2026-08-27T21:16:07.337495+09:00
Liner Deal,,,failed,False,2026-08-21T01:59:10.014934+09:00
Liner Debt,,,failed,False,2026-08-21T02:30:59.342931+09:00
Liner Deck,1900.0,26.0,success,False,2026-08-19T21:17:42.432873+09:00
Liner Desk,,,failed,False,2026-08-19T21:13:23.011051+09:00
Liner Detail,,,failed,False,2026-08-23T03:16:26.068243+09:00
Liner Detector,,,failed,False,2026-08-27T23:56:53.046222+09:00
Liner Diagram,50.0,0.0,success,False,2026-08-27T22:10:53.228398+09:00
Liner Digest,,,failed,False,2026-08-19T21:10:23.160245+09:00
Liner Directory,,,failed,False,2026-08-19T21:32:42.554846+09:00
Liner Discount,110.0,60.0,success,False,2026-08-23T16:13:30.945408+09:00
Liner Dossier,,,failed,False,2026-08-21T01:07:51.915989+09:00
Liner Downpayment,,,failed,False,2026-08-27T21:47:17.528863+09:00
Liner Draft,,,failed,False,2026-08-19T21:10:44.368255+09:00
Liner Due,,,failed,False,2026-08-23T15:51:24.556081+09:00
Liner Duty,,,failed,False,2026-08-21T02:37:05.084488+09:00
Liner Engine,880.0,23.0,success,False,2026-08-19T21:31:47.611554+09:00
Liner Entry,,,failed,False,2026-08-21T01:08:04.647718+09:00
Liner Estimate,,,failed,False,2026-08-19T21:12:15.731161+09:00
Liner Estimator,,,failed,False,2026-08-27T23:56:47.564941+09:00
Liner Excerpt,,,failed,False,2026-08-21T01:08:00.929637+09:00
Liner Fare,10.0,0.0,success,False,2026-08-21T02:14:50.093035+09:00
Liner Fee,,,failed,False,2026-08-21T01:58:57.371926+09:00
Liner Feed,,,failed,False,2026-08-19T21:10:33.360879+09:00
Liner Field,170.0,100.0,success,False,2026-08-23T13:06:02.918045+09:00
Liner File,50.0,52.0,success,False,2026-08-19T21:09:34.510109+09:00
Liner Finder,,,failed,False,2026-08-19T21:32:47.158972+09:00
Liner Flag,,,failed,False,2026-08-21T00:34:40.769437+09:00
Liner Flow,20.0,2.0,success,False,2026-08-19T21:12:57.141262+09:00
Liner Forge,,,failed,False,2026-08-19T21:14:27.953850+09:00
Liner Form,170.0,1.0,success,False,2026-08-19T21:07:33.171957+09:00
Liner Format,,,failed,False,2026-08-23T13:06:05.538611+09:00
Liner Frame,50.0,42.0,success,False,2026-08-19T21:16:45.147013+09:00
Liner Fund,,,failed,False,2026-08-21T02:31:01.801994+09:00
Liner Gate,10.0,18.0,success,False,2026-08-19T21:31:07.393138+09:00
Liner Giveaway,,,failed,False,2026-08-27T21:16:16.799513+09:00
Liner Grade,,,failed,False,2026-08-21T00:34:25.670499+09:00
Liner Graph,480.0,0.0,success,False,2026-08-27T22:10:43.212581+09:00
Liner Grid,10.0,53.0,success,False,2026-08-19T21:15:48.074960+09:00
Liner Guarantee,,,failed,False,2026-08-28T01:07:27.619930+09:00
Liner Helpdesk,,,failed,False,2026-08-27T22:48:53.744553+09:00
Liner Helper,,,failed,False,2026-08-28T00:26:06.768927+09:00
Liner History,,,failed,False,2026-08-19T21:09:22.382807+09:00
Liner Hotline,,,failed,False,2026-08-19T21:12:37.502456+09:00
Liner Hub,,,failed,False,2026-08-19T21:13:11.253613+09:00
Liner Identifier,,,failed,False,2026-08-23T13:05:55.726817+09:00
Liner Inbox,,,failed,False,2026-08-19T21:05:22.464454+09:00
Liner Incentive,,,failed,False,2026-08-27T21:16:16.799513+09:00
Liner Index,,,failed,False,2026-08-19T21:11:39.725993+09:00
Liner Installment,,,failed,False,2026-08-23T16:13:34.147754+09:00
Liner Item,,,failed,False,2026-08-21T01:59:00.317369+09:00
Liner Journal,,,failed,False,2026-08-19T21:32:36.347329+09:00
Liner Keeper,,,failed,False,2026-08-19T21:31:29.606643+09:00
Liner Kit,720.0,26.0,success,False,2026-08-27T22:48:44.890397+09:00
Liner Lab,,,failed,False,2026-08-19T21:17:57.500423+09:00
Liner Label,90.0,29.0,success,False,2026-08-27T22:10:43.212581+09:00
Liner Ledger,,,failed,False,2026-08-19T21:17:21.944279+09:00
Liner Level,10.0,69.0,success,False,2026-08-19T21:09:46.410901+09:00
Liner Link,10.0,0.0,success,False,2026-08-23T03:16:15.944869+09:00
Liner List,30.0,13.0,success,False,2026-08-19T21:57:08.159846+09:00
Liner Loan,,,failed,False,2026-08-21T02:15:06.129671+09:00
Liner Locator,,,failed,False,2026-08-19T21:32:44.531306+09:00
Liner Locker,,,failed,False,2026-08-19T21:32:55.348476+09:00
Liner Log,,,failed,False,2026-08-19T21:07:23.410704+09:00
Liner Loop,,,failed,False,2026-08-19T21:15:38.736251+09:00
Liner Manager,18100.0,2.0,success,False,2026-08-19T21:31:38.211604+09:00
Liner Manual,,,failed,False,2026-08-27T22:10:48.957356+09:00
Liner Map,110.0,0.0,success,False,2026-08-19T21:16:32.174515+09:00
Liner Markup,,,failed,False,2026-08-23T16:38:36.406605+09:00
Liner Message,,,failed,False,2026-08-27T23:14:03.822687+09:00
Liner Monitor,,,failed,False,2026-08-19T21:32:17.835679+09:00
Liner Nexus,,,failed,False,2026-08-19T21:31:12.885816+09:00
Liner Note,3600.0,0.0,success,True,2026-08-19T21:08:23.714003+09:00
Liner Notification,,,failed,False,2026-08-27T22:48:41.593169+09:00
Liner Number,20.0,0.0,success,False,2026-08-23T03:16:07.985751+09:00
Liner Ops,,,failed,False,2026-08-19T21:32:30.611292+09:00
Liner Order,,,failed,False,2026-08-19T21:56:23.940159+09:00
Liner Outpost,,,failed,False,2026-08-19T21:04:04.689181+09:00
Liner Overage,,,failed,False,2026-08-27T21:47:15.270708+09:00
Liner Overdue,,,failed,False,2026-08-27T21:47:10.651342+09:00
Liner Panel,1000.0,34.0,success,False,2026-08-19T21:19:17.312411+09:00
Liner Pass,20.0,30.0,success,False,2026-08-21T00:33:55.661658+09:00
Liner Path,,,failed,False,2026-08-19T21:16:08.184183+09:00
Liner Payoff,,,failed,False,2026-08-27T21:47:13.030634+09:00
Liner Penalty,,,failed,False,2026-08-23T16:38:33.746405+09:00
Liner Petition,,,failed,False,2026-08-21T01:07:45.419245+09:00
Liner Plan,10.0,1.0,success,False,2026-08-21T01:59:08.747160+09:00
Liner Planner,,,failed,False,2026-08-19T21:32:01.105099+09:00
Liner Playbook,,,failed,False,2026-08-19T21:32:34.534523+09:00
Liner Point,10.0,66.0,success,False,2026-08-19T21:16:21.953049+09:00
Liner Portal,10.0,0.0,success,False,2026-08-19T21:18:53.314989+09:00
Liner Post,,,failed,False,2026-08-19T21:03:51.507952+09:00
Liner Preview,,,failed,False,2026-08-28T01:07:24.727084+09:00
Liner Profile,140.0,47.0,success,False,2026-08-19T21:08:43.971729+09:00
Liner Profit,,,failed,False,2026-08-23T02:52:54.203392+09:00
Liner Proposal,,,failed,False,2026-08-28T01:07:27.619930+09:00
Liner Queue,,,failed,False,2026-08-19T21:12:04.004296+09:00
Liner Quota,,,failed,False,2026-08-21T00:34:35.312701+09:00
Liner Radar,,,failed,False,2026-08-19T21:13:34.097161+09:00
Liner Rail,14800.0,100.0,success,False,2026-08-19T21:19:52.858825+09:00
Liner Rate,110.0,1.0,success,False,2026-08-19T21:10:02.424096+09:00
Liner Recap,,,failed,False,2026-08-21T01:07:56.327187+09:00
Liner Receipt,,,failed,False,2026-08-19T21:56:48.069412+09:00
Liner Register,,,failed,False,2026-08-19T21:32:28.691012+09:00
Liner Registry,,,failed,False,2026-08-19T21:32:38.095873+09:00
Liner Relay,,,failed,False,2026-08-19T21:13:46.122895+09:00
Liner Reminder,,,failed,False,2026-08-19T21:11:19.546080+09:00
Liner Report,,,failed,False,2026-08-19T21:07:13.159437+09:00
Liner Repository,,,failed,False,2026-08-27T23:14:15.197354+09:00
Liner Ring,390.0,51.0,success,False,2026-08-19T21:30:59.491804+09:00
Liner Roll,260.0,72.0,success,False,2026-08-19T21:07:00.753456+09:00
Liner Roster,,,failed,False,2026-08-19T21:05:07.680797+09:00
Liner Route,10.0,0.0,success,False,2026-08-19T21:19:43.238592+09:00
Liner Rule,,,failed,False,2026-08-23T03:16:23.757716+09:00
Liner Sale,40.0,52.0,success,False,2026-08-21T02:20:53.673511+09:00
Liner Sample,30.0,7.0,success,False,2026-08-19T21:57:53.749303+09:00
Liner Scale,12100.0,29.0,success,False,2026-08-19T21:19:30.531478+09:00
Liner Scanner,50.0,1.0,success,False,2026-08-27T23:56:50.543102+09:00
Liner Scheduler,,,failed,False,2026-08-19T21:32:10.645735+09:00
Liner Schematic,,,failed,False,2026-08-27T22:28:53.992967+09:00
Liner Scope,,,failed,False,2026-08-19T21:15:25.328836+09:00
Liner Score,,,failed,False,2026-08-19T21:08:13.592372+09:00
Liner Sheet,12100.0,2.0,success,False,2026-08-19T21:07:53.338438+09:00
Liner Shelf,27100.0,100.0,success,False,2026-08-19T21:04:56.454622+09:00
Liner Shortfall,,,failed,False,2026-08-27T21:47:19.918276+09:00
Liner Signal,,,failed,False,2026-08-19T21:15:02.782218+09:00
Liner Slip,20.0,3.0,success,False,2026-08-19T21:57:41.163401+09:00
Liner Slot,40500.0,0.0,success,True,2026-08-19T21:58:02.735072+09:00
Liner Station,,,failed,False,2026-08-19T21:18:07.179482+09:00
Liner Status,6600.0,1.0,success,False,2026-08-19T21:08:56.210906+09:00
Liner Stub,,,failed,False,2026-08-21T00:34:11.970110+09:00
Liner Studio,50.0,0.0,success,False,2026-08-19T21:17:49.852730+09:00
Liner Subsidy,,,failed,False,2026-08-23T15:51:28.689965+09:00
Liner Sum,,,failed,False,2026-08-21T02:30:57.020640+09:00
Liner Summary,10.0,0.0,success,False,2026-08-19T21:10:58.611553+09:00
Liner Surtax,,,failed,False,2026-08-23T15:51:31.238085+09:00
Liner Tab,10.0,0.0,success,False,2026-08-21T00:34:44.893530+09:00
Liner Table,50.0,0.0,success,False,2026-08-19T21:57:19.204093+09:00
Liner Tag,,,failed,False,2026-08-19T21:08:33.836263+09:00
Liner Tally,,,failed,False,2026-08-21T00:34:21.181247+09:00
Liner Tariff,,,failed,False,2026-08-21T02:37:15.297674+09:00
Liner Tax,,,failed,False,2026-08-21T02:14:55.250493+09:00
Liner Terminal,,,failed,False,2026-08-19T21:18:17.728493+09:00
Liner Ticket,110.0,27.0,success,False,2026-08-19T21:11:53.117390+09:00
Liner Timeline,,,failed,False,2026-08-19T21:11:09.453565+09:00
Liner Toll,,,failed,False,2026-08-21T02:37:07.617432+09:00
Liner Toolbox,,,failed,False,2026-08-28T00:26:06.768927+09:00
Liner Total,,,failed,False,2026-08-27T23:14:08.485077+09:00
Liner Tracker,10.0,0.0,success,False,2026-08-19T21:12:47.142527+09:00
Liner Trail,,,failed,False,2026-08-19T21:20:05.379169+09:00
Liner Trend,10.0,0.0,success,False,2026-08-28T01:07:19.474773+09:00
Liner Trial,,,failed,False,2026-08-27T21:16:10.166929+09:00
Liner Unit,30.0,7.0,success,False,2026-08-21T01:59:06.761411+09:00
Liner Update,,,failed,False,2026-08-19T21:10:13.375829+09:00
Liner Value,,,failed,False,2026-08-23T02:52:56.566002+09:00
Liner Vault,,,failed,False,2026-08-19T21:13:57.456241+09:00
Liner Version,,,failed,False,2026-08-23T03:16:13.014331+09:00
Liner View,,,failed,False,2026-08-19T21:09:08.250321+09:00
Liner Voucher,,,failed,False,2026-08-21T00:34:01.894402+09:00
Liner Watch,10.0,0.0,success,False,2026-08-19T21:15:13.442141+09:00
Liner Wave,,,failed,False,2026-08-19T21:15:58.285929+09:00
Liner Widget,,,failed,False,2026-08-27T23:14:08.485077+09:00
Liner Window,720.0,65.0,success,False,2026-08-19T21:06:49.674751+09:00
Liner Worksheet,,,failed,False,2026-08-27T22:10:48.957356+09:00
Liner Workshop,,,failed,False,2026-08-28T00:26:03.782064+09:00
Liner Yard,20.0,5.0,success,False,2026-08-19T21:03:21.176777+09:00
Liner Zone,,,failed,False,2026-08-19T21:18:38.634661+09:00
Linguist Advance,,,failed,False,2026-08-23T16:13:30.945408+09:00
Linguist Advisory,,,failed,False,2026-08-21T01:02:12.129826+09:00
Linguist Alert,,,failed,False,2026-08-19T21:04:09.833583+09:00
Linguist Allowance,,,failed,False,2026-08-21T02:42:34.441538+09:00
Linguist Analyzer,,,failed,False,2026-08-27T23:59:02.052548+09:00
Linguist Arrears,,,failed,False,2026-08-23T16:13:26.521734+09:00
Linguist Assistant,,,failed,False,2026-08-19T21:29:10.316262+09:00
Linguist Atlas,,,failed,False,2026-08-19T21:19:47.057352+09:00
Linguist Badge,,,failed,False,2026-08-21T00:36:26.230021+09:00
Linguist Balance,,,failed,False,2026-08-23T13:45:55.611142+09:00
Linguist Base,,,failed,False,2026-08-19T21:15:42.753829+09:00
Linguist Beacon,,,failed,False,2026-08-19T21:13:02.504471+09:00
Linguist Bill,,,failed,False,2026-08-19T21:57:11.207151+09:00
Linguist Bin,,,failed,False,2026-08-19T21:04:36.711918+09:00
Linguist Board,,,failed,False,2026-08-19T21:16:14.581068+09:00
Linguist Book,1900.0,91.0,success,False,2026-08-19T21:58:05.672882+09:00
Linguist Booth,,,failed,False,2026-08-19T21:31:17.357360+09:00
Linguist Bridge,,,failed,False,2026-08-19T21:13:38.700903+09:00
Linguist Brief,,,failed,False,2026-08-21T01:00:07.021185+09:00
Linguist Bulletin,,,failed,False,2026-08-21T01:00:01.570868+09:00
Linguist Calendar,,,failed,False,2026-08-19T21:30:24.987558+09:00
Linguist Card,,,failed,False,2026-08-19T21:06:35.637376+09:00
Linguist Cascade,,,failed,False,2026-08-19T21:13:28.219579+09:00
Linguist Cash,,,failed,False,2026-08-21T02:26:02.985234+09:00
Linguist Cashback,,,failed,False,2026-08-27T21:16:33.171675+09:00
Linguist Catalog,,,failed,False,2026-08-19T21:11:12.970448+09:00
Linguist Category,,,failed,False,2026-08-23T13:10:01.579263+09:00
Linguist Center,90.0,4.0,success,False,2026-08-19T21:17:25.572760+09:00
Linguist Chain,,,failed,False,2026-08-19T21:19:00.035786+09:00
Linguist Charge,,,failed,False,2026-08-21T02:42:25.352468+09:00
Linguist Chart,,,failed,False,2026-08-19T21:04:22.708628+09:00
Linguist Check,,,failed,False,2026-08-19T21:06:56.055921+09:00
Linguist Checker,,,failed,False,2026-08-27T23:58:58.371988+09:00
Linguist Checklist,,,failed,False,2026-08-19T21:10:18.944671+09:00
Linguist Circular,,,failed,False,2026-08-21T01:00:11.561504+09:00
Linguist Code,,,failed,False,2026-08-19T21:57:34.491231+09:00
Linguist Companion,,,failed,False,2026-08-19T21:29:40.498335+09:00
Linguist Comparison,,,failed,False,2026-08-28T01:01:58.415917+09:00
Linguist Compass,,,failed,False,2026-08-19T21:12:51.464479+09:00
Linguist Confirmation,,,failed,False,2026-08-21T01:00:25.578415+09:00
Linguist Console,,,failed,False,2026-08-19T21:17:53.819858+09:00
Linguist Core,,,failed,False,2026-08-19T21:15:52.181697+09:00
Linguist Cost,,,failed,False,2026-08-21T02:09:16.825512+09:00
Linguist Count,,,failed,False,2026-08-27T22:49:39.100911+09:00
Linguist Counter,,,failed,False,2026-08-19T21:31:03.580111+09:00
Linguist Coupon,,,failed,False,2026-08-27T21:16:28.518091+09:00
Linguist Deal,,,failed,False,2026-08-21T01:52:08.240457+09:00
Linguist Debt,,,failed,False,2026-08-21T02:25:53.601509+09:00
Linguist Deck,,,failed,False,2026-08-19T21:16:25.825046+09:00
Linguist Desk,,,failed,False,2026-08-19T21:12:07.891173+09:00
Linguist Detail,,,failed,False,2026-08-23T03:23:19.130954+09:00
Linguist Digest,,,failed,False,2026-08-19T21:09:02.600791+09:00
Linguist Directory,10.0,27.0,success,False,2026-08-19T21:30:31.013934+09:00
Linguist Discount,,,failed,False,2026-08-23T16:13:20.971458+09:00
Linguist Dossier,,,failed,False,2026-08-21T01:00:29.585982+09:00
Linguist Downpayment,,,failed,False,2026-08-27T21:47:44.451127+09:00
Linguist Draft,,,failed,False,2026-08-19T21:09:27.813218+09:00
Linguist Due,,,failed,False,2026-08-23T15:51:18.067623+09:00
Linguist Duty,,,failed,False,2026-08-21T02:42:27.655082+09:00
Linguist Engine,,,failed,False,2026-08-19T21:29:05.227189+09:00
Linguist Entry,,,failed,False,2026-08-21T01:00:40.730981+09:00
Linguist Estimate,,,failed,False,2026-08-19T21:11:02.607888+09:00
Linguist Estimator,,,failed,False,2026-08-27T23:58:55.210944+09:00
Linguist Excerpt,,,failed,False,2026-08-21T01:02:20.703041+09:00
Linguist Fare,,,failed,False,2026-08-21T02:09:26.864571+09:00
Linguist Fee,,,failed,False,2026-08-21T01:51:54.787871+09:00
Linguist Feed,,,failed,False,2026-08-19T21:09:15.467375+09:00
Linguist File,,,failed,False,2026-08-19T21:08:17.191236+09:00
Linguist Finder,10.0,29.0,success,False,2026-08-19T21:30:45.595196+09:00
Linguist Fine,,,failed,False,2026-08-23T02:57:19.456946+09:00
Linguist Flag,,,failed,False,2026-08-21T00:36:53.427787+09:00
Linguist Flow,,,failed,False,2026-08-19T21:11:46.371328+09:00
Linguist Forge,,,failed,False,2026-08-19T21:13:17.515413+09:00
Linguist Form,,,failed,False,2026-08-19T21:06:25.471396+09:00
Linguist Frame,,,failed,False,2026-08-19T21:15:31.407245+09:00
Linguist Fund,,,failed,False,2026-08-21T02:25:59.297290+09:00
Linguist Gate,,,failed,False,2026-08-19T21:19:23.397844+09:00
Linguist Giveaway,,,failed,False,2026-08-27T21:16:45.829850+09:00
Linguist Grade,,,failed,False,2026-08-21T00:36:42.590036+09:00
Linguist Grid,,,failed,False,2026-08-19T21:14:31.473745+09:00
Linguist Helpdesk,,,failed,False,2026-08-27T22:49:42.275363+09:00
Linguist Helper,,,failed,False,2026-08-28T00:27:37.736040+09:00
Linguist History,,,failed,False,2026-08-19T21:08:07.894185+09:00
Linguist Hotline,,,failed,False,2026-08-19T21:11:23.723554+09:00
Linguist Hub,170.0,4.0,success,False,2026-08-19T21:11:58.211530+09:00
Linguist Identifier,,,failed,False,2026-08-23T13:10:01.579263+09:00
Linguist Inbox,,,failed,False,2026-08-19T21:03:58.078741+09:00
Linguist Incentive,,,failed,False,2026-08-27T21:16:38.075410+09:00
Linguist Index,,,failed,False,2026-08-19T21:10:29.402308+09:00
Linguist Installment,,,failed,False,2026-08-23T16:13:24.161828+09:00
Linguist Item,,,failed,False,2026-08-21T01:51:57.784692+09:00
Linguist Journal,1600.0,4.0,success,False,2026-08-19T21:30:10.428031+09:00
Linguist Keeper,,,failed,False,2026-08-19T21:19:58.668783+09:00
Linguist Lab,,,failed,False,2026-08-19T21:16:50.838174+09:00
Linguist Ledger,,,failed,False,2026-08-19T21:16:04.396422+09:00
Linguist Level,,,failed,False,2026-08-19T21:08:27.297609+09:00
Linguist Line,,,failed,False,2026-08-19T21:05:26.715187+09:00
Linguist Link,140.0,1.0,success,False,2026-08-23T03:23:15.682212+09:00
Linguist List,3600.0,0.0,success,True,2026-08-19T21:57:44.656511+09:00
Linguist Loan,,,failed,False,2026-08-21T02:09:35.775353+09:00
Linguist Lobby,,,failed,False,2026-08-19T21:05:02.074506+09:00
Linguist Locker,,,failed,False,2026-08-19T21:31:09.123245+09:00
Linguist Log,,,failed,False,2026-08-19T21:06:15.149170+09:00
Linguist Loop,,,failed,False,2026-08-19T21:14:21.531663+09:00
Linguist Manager,,,failed,False,2026-08-19T21:20:10.804990+09:00
Linguist Manual,,,failed,False,2026-08-27T22:11:25.706912+09:00
Linguist Map,880.0,0.0,success,False,2026-08-19T21:15:20.790094+09:00
Linguist Markup,,,failed,False,2026-08-23T16:38:36.406605+09:00
Linguist Memo,,,failed,False,2026-08-21T00:36:44.968976+09:00
Linguist Message,,,failed,False,2026-08-27T23:15:25.030230+09:00
Linguist Monitor,,,failed,False,2026-08-19T21:29:34.148902+09:00
Linguist Nexus,,,failed,False,2026-08-19T21:19:35.712806+09:00
Linguist Note,,,failed,False,2026-08-19T21:07:18.151537+09:00
Linguist Notification,,,failed,False,2026-08-27T22:49:35.364614+09:00
Linguist Number,,,failed,False,2026-08-23T03:23:07.645674+09:00
Linguist Office,,,failed,False,2026-08-19T21:30:54.257177+09:00
Linguist Ops,,,failed,False,2026-08-19T21:29:55.661249+09:00
Linguist Order,,,failed,False,2026-08-19T21:57:01.942587+09:00
Linguist Overage,,,failed,False,2026-08-27T21:47:44.451127+09:00
Linguist Overdue,,,failed,False,2026-08-27T21:47:39.871299+09:00
Linguist Panel,,,failed,False,2026-08-19T21:18:01.862049+09:00
Linguist Pass,,,failed,False,2026-08-21T00:36:16.111706+09:00
Linguist Passport,,,failed,False,2026-08-19T21:04:49.568415+09:00
Linguist Path,,,failed,False,2026-08-19T21:14:53.889746+09:00
Linguist Payoff,,,failed,False,2026-08-27T21:47:42.128898+09:00
Linguist Penalty,,,failed,False,2026-08-23T16:38:36.406605+09:00
Linguist Petition,,,failed,False,2026-08-21T01:00:20.571072+09:00
Linguist Plan,,,failed,False,2026-08-21T01:52:06.168283+09:00
Linguist Planner,,,failed,False,2026-08-19T21:29:19.590151+09:00
Linguist Playbook,,,failed,False,2026-08-19T21:30:03.373519+09:00
Linguist Point,140.0,7.0,success,False,2026-08-19T21:15:09.209545+09:00
Linguist Portal,20.0,2.0,success,False,2026-08-19T21:17:45.288805+09:00
Linguist Post,,,failed,False,2026-08-19T21:31:52.488938+09:00
Linguist Preview,,,failed,False,2026-08-28T01:01:58.415917+09:00
Linguist Profile,,,failed,False,2026-08-19T21:07:36.739108+09:00
Linguist Profit,,,failed,False,2026-08-23T02:57:13.068042+09:00
Linguist Queue,,,failed,False,2026-08-19T21:10:51.939321+09:00
Linguist Quota,,,failed,False,2026-08-21T00:36:50.529911+09:00
Linguist Radar,,,failed,False,2026-08-19T21:12:22.393942+09:00
Linguist Rail,,,failed,False,2026-08-19T21:18:34.619237+09:00
Linguist Rate,,,failed,False,2026-08-19T21:08:40.437861+09:00
Linguist Recap,,,failed,False,2026-08-21T01:00:33.906602+09:00
Linguist Receipt,,,failed,False,2026-08-19T21:57:22.115019+09:00
Linguist Register,,,failed,False,2026-08-19T21:29:49.422411+09:00
Linguist Registry,,,failed,False,2026-08-19T21:30:16.349132+09:00
Linguist Relay,,,failed,False,2026-08-19T21:12:31.857265+09:00
Linguist Reminder,,,failed,False,2026-08-19T21:10:07.849360+09:00
Linguist Report,,,failed,False,2026-08-19T21:06:04.880535+09:00
Linguist Repository,,,failed,False,2026-08-27T23:15:30.690091+09:00
Linguist Ring,,,failed,False,2026-08-19T21:19:09.949699+09:00
Linguist Roll,,,failed,False,2026-08-19T21:05:52.966416+09:00
Linguist Roster,,,failed,False,2026-08-19T21:03:45.298500+09:00
Linguist Route,,,failed,False,2026-08-19T21:18:22.582804+09:00
Linguist Rule,,,failed,False,2026-08-23T03:23:19.130954+09:00
Linguist Sale,,,failed,False,2026-08-21T02:26:06.975454+09:00
Linguist Sample,,,failed,False,2026-08-19T21:58:24.385772+09:00
Linguist Scheduler,,,failed,False,2026-08-19T21:29:26.779055+09:00
Linguist Scope,590.0,0.0,success,False,2026-08-19T21:14:11.257032+09:00
Linguist Score,,,failed,False,2026-08-19T21:07:06.926428+09:00
Linguist Sheet,,,failed,False,2026-08-19T21:06:44.412093+09:00
Linguist Shelf,,,failed,False,2026-08-19T21:03:30.036000+09:00
Linguist Shortfall,,,failed,False,2026-08-27T21:47:47.331734+09:00
Linguist Signal,,,failed,False,2026-08-19T21:13:50.204351+09:00
Linguist Signature,,,failed,False,2026-08-23T13:26:27.447056+09:00
Linguist Slip,,,failed,False,2026-08-19T21:58:17.004802+09:00
Linguist Slot,,,failed,False,2026-08-19T21:58:34.362639+09:00
Linguist Stake,,,failed,False,2026-08-23T02:57:15.173266+09:00
Linguist Stamp,,,failed,False,2026-08-23T13:26:32.402839+09:00
Linguist Statement,,,failed,False,2026-08-21T00:36:33.618056+09:00
Linguist Station,,,failed,False,2026-08-19T21:17:05.944580+09:00
Linguist Status,,,failed,False,2026-08-19T21:07:47.829296+09:00
Linguist Stipend,,,failed,False,2026-08-23T13:45:59.921070+09:00
Linguist Stub,,,failed,False,2026-08-21T00:36:28.428699+09:00
Linguist Studio,,,failed,False,2026-08-19T21:16:36.317434+09:00
Linguist Subsidy,,,failed,False,2026-08-23T15:51:18.067623+09:00
Linguist Sum,,,failed,False,2026-08-21T02:25:50.623607+09:00
Linguist Summary,,,failed,False,2026-08-19T21:09:40.471721+09:00
Linguist Tab,,,failed,False,2026-08-21T00:24:46.055669+09:00
Linguist Table,,,failed,False,2026-08-19T21:57:56.725251+09:00
Linguist Tag,,,failed,False,2026-08-19T21:07:27.526395+09:00
Linguist Tally,,,failed,False,2026-08-21T00:36:37.815514+09:00
Linguist Tariff,,,failed,False,2026-08-21T02:42:36.894313+09:00
Linguist Tax,,,failed,False,2026-08-21T02:09:31.680775+09:00
Linguist Terminal,,,failed,False,2026-08-19T21:17:15.430061+09:00
Linguist Ticker,,,failed,False,2026-08-19T21:05:12.493876+09:00
Linguist Ticket,,,failed,False,2026-08-19T21:10:39.923410+09:00
Linguist Timeline,,,failed,False,2026-08-19T21:09:52.138956+09:00
Linguist Token,,,failed,False,2026-08-23T13:26:25.215433+09:00
Linguist Toll,,,failed,False,2026-08-21T02:42:30.088898+09:00
Linguist Toolbox,,,failed,False,2026-08-28T00:27:37.736040+09:00
Linguist Total,,,failed,False,2026-08-27T23:15:25.030230+09:00
Linguist Tracker,,,failed,False,2026-08-19T21:11:34.990271+09:00
Linguist Trail,,,failed,False,2026-08-19T21:18:46.381283+09:00
Linguist Trial,,,failed,False,2026-08-27T21:16:38.075410+09:00
Linguist Unit,,,failed,False,2026-08-21T01:52:03.394231+09:00
Linguist Update,,,failed,False,2026-08-19T21:08:50.261483+09:00
Linguist Vault,,,failed,False,2026-08-19T21:12:41.804289+09:00
Linguist Version,,,failed,False,2026-08-23T03:23:11.854221+09:00
Linguist View,,,failed,False,2026-08-19T21:07:57.029357+09:00
Linguist Voucher,,,failed,False,2026-08-21T00:36:21.244854+09:00
Linguist Wallet,,,failed,False,2026-08-27T22:49:39.100911+09:00
Linguist Watch,,,failed,False,2026-08-19T21:14:01.404689+09:00
Linguist Wave,,,failed,False,2026-08-19T21:14:42.578262+09:00
Linguist Widget,10.0,0.0,success,False,2026-08-27T23:15:28.257448+09:00
Linguist Window,,,failed,False,2026-08-19T21:05:37.228592+09:00
Linguist Worksheet,,,failed,False,2026-08-27T22:11:25.706912+09:00
Linguist Workshop,,,failed,False,2026-08-28T00:27:35.071119+09:00
Linguist Yard,,,failed,False,2026-08-19T21:31:31.502788+09:00
Linguist Zone,,,failed,False,2026-08-19T21:17:35.138769+09:00
Listing Advance,20.0,46.0,success,False,2026-08-23T16:12:10.819899+09:00
Listing Advisory,10.0,3.0,success,False,2026-08-21T01:08:06.645069+09:00
Listing Allowance,10.0,,success,False,2026-08-21T02:45:41.299406+09:00
Listing Almanac,,,failed,False,2026-08-18T22:07:16.682645+09:00
Listing Analyzer,90.0,47.0,success,False,2026-08-27T23:53:39.725939+09:00
Listing Anchor,,,failed,False,2026-08-17T20:40:36.395454+09:00
Listing Announcement,90.0,0.0,success,False,2026-08-27T23:33:31.795696+09:00
Listing Arrears,,,failed,False,2026-08-23T16:12:08.472275+09:00
Listing Asset,,,failed,False,2026-08-23T13:45:46.037867+09:00
Listing Assistant,390.0,2.0,success,False,2026-08-17T23:24:03.266981+09:00
Listing Atlas,,,failed,False,2026-08-18T07:52:58.974940+09:00
Listing Attribute,,,failed,False,2026-08-23T13:05:07.059909+09:00
Listing Base,,,failed,False,2026-08-17T21:37:30.311680+09:00
Listing Beacon,20.0,13.0,success,False,2026-08-17T20:43:58.581518+09:00
Listing Bill,,,failed,False,2026-08-19T22:00:37.818778+09:00
Listing Blueprint,,,failed,False,2026-08-18T22:07:07.445674+09:00
Listing Board,260.0,39.0,success,False,2026-08-17T21:34:17.965302+09:00
Listing Book,70.0,18.0,success,False,2026-08-19T22:01:27.807092+09:00
Listing Bridge,10.0,6.0,success,False,2026-08-17T20:41:20.787117+09:00
Listing Brief,,,failed,False,2026-08-21T01:07:58.607843+09:00
Listing Bulletin,,,failed,False,2026-08-21T01:07:54.087465+09:00
Listing Cabinet,,,failed,False,2026-08-27T23:11:44.740129+09:00
Listing Calculator,20.0,9.0,success,False,2026-08-27T23:33:31.795696+09:00
Listing Calendar,210.0,56.0,success,False,2026-08-19T00:03:53.943426+09:00
Listing Card,480.0,2.0,success,False,2026-08-19T13:29:52.884526+09:00
Listing Cascade,,,failed,False,2026-08-17T20:42:11.427186+09:00
Listing Cash,,,failed,False,2026-08-21T02:30:47.137745+09:00
Listing Cashback,,,failed,False,2026-08-27T21:14:25.842421+09:00
Listing Catalog,,,failed,False,2026-08-19T21:17:49.852730+09:00
Listing Category,260.0,0.0,success,False,2026-08-23T13:05:04.506045+09:00
Listing Center,260.0,2.0,success,False,2026-08-17T20:46:12.433556+09:00
Listing Chain,,,failed,False,2026-08-17T20:35:38.392873+09:00
Listing Charge,,,failed,False,2026-08-21T02:45:31.753294+09:00
Listing Check,110.0,20.0,success,False,2026-08-19T13:30:10.449633+09:00
Listing Checker,110.0,20.0,success,False,2026-08-27T23:53:29.478686+09:00
Listing Checklist,170.0,39.0,success,False,2026-08-19T21:16:57.743794+09:00
Listing Circular,,,failed,False,2026-08-21T01:08:04.647718+09:00
Listing Cockpit,,,failed,False,2026-08-17T23:08:34.451093+09:00
Listing Code,720.0,0.0,success,False,2026-08-19T22:00:58.577087+09:00
Listing Codex,,,failed,False,2026-08-18T22:07:33.444344+09:00
Listing Companion,,,failed,False,2026-08-17T23:25:55.806145+09:00
Listing Comparison,,,failed,False,2026-08-28T01:04:04.391433+09:00
Listing Compass,,,failed,False,2026-08-17T20:44:45.631544+09:00
Listing Compendium,,,failed,False,2026-08-18T22:07:24.351116+09:00
Listing Confirmation,,,failed,False,2026-08-21T01:08:15.676788+09:00
Listing Console,,,failed,False,2026-08-17T20:43:30.530213+09:00
Listing Core,10.0,7.0,success,False,2026-08-17T21:36:26.445152+09:00
Listing Cost,40.0,0.0,success,False,2026-08-21T02:14:40.877635+09:00
Listing Count,,,failed,False,2026-08-27T22:46:32.374827+09:00
Listing Counter,,,failed,False,2026-08-19T00:04:38.069566+09:00
Listing Coupon,,,failed,False,2026-08-27T21:14:19.073158+09:00
Listing Dashboard,110.0,6.0,success,False,2026-08-17T23:25:39.196440+09:00
Listing Deal,,,failed,False,2026-08-21T01:59:26.364386+09:00
Listing Debt,70.0,0.0,success,False,2026-08-21T02:30:37.873895+09:00
Listing Deck,,,failed,False,2026-08-17T21:33:17.550972+09:00
Listing Depot,,,failed,False,2026-08-19T00:04:28.645558+09:00
Listing Desk,,,failed,False,2026-08-17T21:30:24.502544+09:00
Listing Detail,390.0,0.0,success,False,2026-08-23T03:15:10.473494+09:00
Listing Detector,,,failed,False,2026-08-27T23:53:36.797572+09:00
Listing Diagram,260.0,1.0,success,False,2026-08-27T22:08:41.770881+09:00
Listing Dial,,,failed,False,2026-08-17T20:41:50.983322+09:00
Listing Digest,,,failed,False,2026-08-19T20:45:04.260812+09:00
Listing Directory,880.0,4.0,success,False,2026-08-19T00:04:01.106556+09:00
Listing Discount,10.0,0.0,success,False,2026-08-23T16:12:01.471109+09:00
Listing Dock,10.0,2.0,success,False,2026-08-17T20:38:24.877008+09:00
Listing Dossier,,,failed,False,2026-08-21T01:08:18.401082+09:00
Listing Downpayment,,,failed,False,2026-08-27T21:46:26.203739+09:00
Listing Draft,20.0,0.0,success,False,2026-08-19T20:45:14.737555+09:00
Listing Due,,,failed,False,2026-08-23T15:50:44.796371+09:00
Listing Duty,,,failed,False,2026-08-21T02:45:36.117852+09:00
Listing Engine,90.0,15.0,success,False,2026-08-17T23:04:56.078956+09:00
Listing Entry,,,failed,False,2026-08-21T01:08:31.890939+09:00
Listing Estimate,,,failed,False,2026-08-19T21:17:38.869284+09:00
Listing Estimator,,,failed,False,2026-08-27T23:53:29.478686+09:00
Listing Excerpt,,,failed,False,2026-08-21T01:08:27.933703+09:00
Listing Extension,90.0,1.0,success,False,2026-08-23T16:37:45.266937+09:00
Listing Fare,,,failed,False,2026-08-21T02:14:50.093035+09:00
Listing Fee,880.0,2.0,success,False,2026-08-21T01:59:11.823228+09:00
Listing Feed,10.0,7.0,success,False,2026-08-19T20:45:10.019254+09:00
Listing Field,,,failed,False,2026-08-23T13:05:09.962757+09:00
Listing File,1000.0,0.0,success,True,2026-08-19T20:44:26.671038+09:00
Listing Finder,590.0,9.0,success,False,2026-08-19T00:04:18.277485+09:00
Listing Fine,,,failed,False,2026-08-23T02:52:30.798474+09:00
Listing Flag,5400.0,34.0,success,False,2026-08-21T00:35:16.287713+09:00
Listing Flow,10.0,15.0,success,False,2026-08-17T21:33:42.291802+09:00
Listing Forge,20.0,5.0,success,False,2026-08-17T20:43:01.991108+09:00
Listing Form,90.0,1.0,success,False,2026-08-19T13:29:35.607135+09:00
Listing Format,1900.0,1.0,success,False,2026-08-23T13:05:12.905502+09:00
Listing Frame,210.0,35.0,success,False,2026-08-17T21:38:35.218560+09:00
Listing Fund,50.0,4.0,success,False,2026-08-21T02:30:41.751111+09:00
Listing Gate,10.0,10.0,success,False,2026-08-17T20:32:41.344957+09:00
Listing Generator,3600.0,5.0,success,False,2026-08-27T23:33:37.262266+09:00
Listing Giveaway,,,failed,False,2026-08-27T21:14:33.237385+09:00
Listing Graph,,,failed,False,2026-08-27T22:08:26.678137+09:00
Listing Grid,140.0,2.0,success,False,2026-08-17T20:36:06.570384+09:00
Listing Guarantee,,,failed,False,2026-08-28T01:04:09.060597+09:00
Listing Guard,10.0,0.0,success,False,2026-08-17T21:36:52.396982+09:00
Listing Guardian,,,failed,False,2026-08-28T00:23:26.429201+09:00
Listing Guidebook,,,failed,False,2026-08-18T22:06:52.142585+09:00
Listing Helpdesk,,,failed,False,2026-08-27T22:46:32.374827+09:00
Listing Helper,,,failed,False,2026-08-28T00:23:28.806149+09:00
Listing History,110.0,1.0,success,False,2026-08-19T20:44:19.706681+09:00
Listing Hotline,,,failed,False,2026-08-19T21:17:57.500423+09:00
Listing Hub,70.0,15.0,success,False,2026-08-17T21:32:45.123730+09:00
Listing Identifier,,,failed,False,2026-08-23T13:04:57.008398+09:00
Listing Incentive,,,failed,False,2026-08-27T21:14:30.241053+09:00
Listing Index,2900.0,0.0,success,True,2026-08-19T21:17:11.439811+09:00
Listing Insight,,,failed,False,2026-08-17T23:13:49.973223+09:00
Listing Installment,,,failed,False,2026-08-23T16:12:05.670450+09:00
Listing Interest,4400.0,1.0,success,False,2026-08-23T13:45:43.063828+09:00
Listing Item,2400.0,0.0,success,True,2026-08-21T01:59:13.927606+09:00
Listing Journal,,,failed,False,2026-08-18T22:06:35.395449+09:00
Listing Keeper,,,failed,False,2026-08-17T21:39:28.354494+09:00
Listing Kiosk,,,failed,False,2026-08-19T00:23:43.046041+09:00
Listing Kit,50.0,34.0,success,False,2026-08-27T22:46:27.298392+09:00
Listing Lab,720.0,7.0,success,False,2026-08-17T21:30:57.458125+09:00
Listing Label,720.0,18.0,success,False,2026-08-27T22:08:28.855798+09:00
Listing Layout,210.0,1.0,success,False,2026-08-27T22:28:42.749169+09:00
Listing Ledger,,,failed,False,2026-08-17T21:35:20.515813+09:00
Listing Lens,10.0,16.0,success,False,2026-08-17T21:40:51.783967+09:00
Listing Level,260.0,0.0,success,False,2026-08-19T20:44:32.627645+09:00
Listing Link,390.0,2.0,success,False,2026-08-23T03:15:03.447052+09:00
Listing Loan,,,failed,False,2026-08-21T02:15:06.129671+09:00
Listing Locator,,,failed,False,2026-08-19T00:04:11.501446+09:00
Listing Lock,,,failed,False,2026-08-18T07:52:25.028656+09:00
Listing Log,,,failed,False,2026-08-19T13:29:22.570342+09:00
Listing Loop,880.0,9.0,success,False,2026-08-17T20:37:03.531282+09:00
Listing Manager,260.0,6.0,success,False,2026-08-17T21:38:03.717082+09:00
Listing Manual,390.0,0.0,success,False,2026-08-27T22:08:33.849782+09:00
Listing Map,6600.0,0.0,success,True,2026-08-18T07:52:33.463903+09:00
Listing Markup,,,failed,False,2026-08-23T16:37:40.797403+09:00
Listing Memo,,,failed,False,2026-08-21T00:35:13.915986+09:00
Listing Message,,,failed,False,2026-08-27T23:11:39.748613+09:00
Listing Meter,,,failed,False,2026-08-17T20:41:00.568700+09:00
Listing Metrics,,,failed,False,2026-08-17T23:25:05.910381+09:00
Listing Monitor,,,failed,False,2026-08-17T23:24:49.201687+09:00
Listing Navigator,,,failed,False,2026-08-17T23:15:22.052615+09:00
Listing Nexus,,,failed,False,2026-08-17T20:31:33.560642+09:00
Listing Node,,,failed,False,2026-08-17T20:33:47.539654+09:00
Listing Note,,,failed,False,2026-08-19T13:30:45.657035+09:00
Listing Notification,,,failed,False,2026-08-27T22:46:23.139331+09:00
Listing Number,4400.0,0.0,success,True,2026-08-23T03:14:55.080924+09:00
Listing Office,1000.0,10.0,success,False,2026-08-19T00:04:33.745752+09:00
Listing Ops,,,failed,False,2026-08-17T23:26:10.639676+09:00
Listing Order,1300.0,0.0,success,True,2026-08-19T22:00:26.290780+09:00
Listing Organizer,10.0,0.0,success,False,2026-08-17T23:06:48.111245+09:00
Listing Overage,,,failed,False,2026-08-27T21:46:26.203739+09:00
Listing Overdue,,,failed,False,2026-08-27T21:46:21.323370+09:00
Listing Panel,210.0,93.0,success,False,2026-08-17T20:42:36.789908+09:00
Listing Path,,,failed,False,2026-08-17T20:33:16.020559+09:00
Listing Payoff,,,failed,False,2026-08-27T21:46:26.203739+09:00
Listing Penalty,,,failed,False,2026-08-23T16:37:40.797403+09:00
Listing Petition,,,failed,False,2026-08-21T01:08:10.104042+09:00
Listing Pilot,,,failed,False,2026-08-17T21:31:33.014186+09:00
Listing Plan,30.0,6.0,success,False,2026-08-21T01:59:23.001944+09:00
Listing Planner,,,failed,False,2026-08-17T23:12:08.094400+09:00
Listing Playbook,,,failed,False,2026-08-18T22:06:23.871734+09:00
Listing Point,390.0,0.0,success,False,2026-08-17T20:32:07.300250+09:00
Listing Portal,110.0,2.0,success,False,2026-08-17T20:44:21.106446+09:00
Listing Preview,90.0,3.0,success,False,2026-08-28T01:04:04.391433+09:00
Listing Profile,,,failed,False,2026-08-19T13:31:00.342217+09:00
Listing Profit,40.0,0.0,success,False,2026-08-23T02:52:23.717366+09:00
Listing Proposal,50.0,10.0,success,False,2026-08-28T01:04:09.060597+09:00
Listing Pulse,10.0,21.0,success,False,2026-08-17T20:35:08.080059+09:00
Listing Queue,,,failed,False,2026-08-19T21:17:31.409694+09:00
Listing Quota,,,failed,False,2026-08-21T00:35:16.287713+09:00
Listing Radar,,,failed,False,2026-08-17T20:48:06.680156+09:00
Listing Rail,,,failed,False,2026-08-17T20:37:32.011303+09:00
Listing Rank,,,failed,False,2026-08-28T00:47:00.263771+09:00
Listing Rate,110.0,0.0,success,False,2026-08-19T20:44:44.192245+09:00
Listing Recap,,,failed,False,2026-08-21T01:08:23.538465+09:00
Listing Receipt,,,failed,False,2026-08-19T22:00:47.598420+09:00
Listing Register,110.0,8.0,success,False,2026-08-17T23:10:15.371250+09:00
Listing Registry,,,failed,False,2026-08-18T22:06:59.160335+09:00
Listing Relay,,,failed,False,2026-08-17T20:46:51.703605+09:00
Listing Reminder,,,failed,False,2026-08-19T21:16:45.147013+09:00
Listing Report,90.0,3.0,success,False,2026-08-19T13:29:07.755274+09:00
Listing Repository,,,failed,False,2026-08-27T23:11:47.149537+09:00
Listing Result,10.0,0.0,success,False,2026-08-28T00:46:54.511345+09:00
Listing Roadmap,10.0,0.0,success,False,2026-08-18T22:07:40.431986+09:00
Listing Roster,,,failed,False,2026-08-19T00:36:57.137576+09:00
Listing Route,,,failed,False,2026-08-17T20:39:20.129592+09:00
Listing Rule,2900.0,0.0,success,True,2026-08-23T03:15:06.713636+09:00
Listing Sale,50.0,6.0,success,False,2026-08-21T02:30:51.336298+09:00
Listing Sample,110.0,5.0,success,False,2026-08-19T22:01:48.957551+09:00
Listing Scale,,,failed,False,2026-08-17T20:40:15.034726+09:00
Listing Scanner,70.0,20.0,success,False,2026-08-27T23:53:34.112900+09:00
Listing Scheduler,10.0,,success,False,2026-08-17T23:24:23.365405+09:00
Listing Scope,,,failed,False,2026-08-17T20:38:03.705761+09:00
Listing Score,170.0,2.0,success,False,2026-08-19T13:30:35.292295+09:00
Listing Sentry,,,failed,False,2026-08-17T21:41:31.698252+09:00
Listing Sheet,260.0,8.0,success,False,2026-08-19T13:30:02.018673+09:00
Listing Shortfall,10.0,,success,False,2026-08-27T21:46:28.400647+09:00
Listing Signal,,,failed,False,2026-08-17T20:39:49.091027+09:00
Listing Signature,,,failed,False,2026-08-23T13:26:38.136224+09:00
Listing Slip,,,failed,False,2026-08-19T22:01:39.954435+09:00
Listing Slot,,,failed,False,2026-08-19T22:01:57.019761+09:00
Listing Snapshot,,,failed,False,2026-08-18T22:06:43.515975+09:00
Listing Stage,10.0,0.0,success,False,2026-08-28T00:46:54.511345+09:00
Listing Stake,,,failed,False,2026-08-23T02:52:26.045301+09:00
Listing Stamp,,,failed,False,2026-08-23T13:26:40.982312+09:00
Listing Statement,,,failed,False,2026-08-21T00:35:07.163921+09:00
Listing Station,,,failed,False,2026-08-17T20:48:44.119140+09:00
Listing Status,260.0,0.0,success,False,2026-08-19T20:44:03.742658+09:00
Listing Studio,10.0,10.0,success,False,2026-08-17T21:32:05.797514+09:00
Listing Subsidy,,,failed,False,2026-08-23T15:50:46.818166+09:00
Listing Suite,,,failed,False,2026-08-17T23:23:43.975283+09:00
Listing Sum,,,failed,False,2026-08-21T02:30:33.788820+09:00
Listing Summary,70.0,0.0,success,False,2026-08-19T21:16:19.911294+09:00
Listing Sync,210.0,5.0,success,False,2026-08-17T21:34:50.586670+09:00
Listing Table,720.0,0.0,success,False,2026-08-19T22:01:17.483163+09:00
Listing Tag,720.0,0.0,success,False,2026-08-19T13:30:50.408917+09:00
Listing Tally,,,failed,False,2026-08-21T00:35:09.628137+09:00
Listing Tariff,,,failed,False,2026-08-21T02:36:33.361411+09:00
Listing Tax,,,failed,False,2026-08-21T02:14:55.250493+09:00
Listing Ticket,,,failed,False,2026-08-19T21:17:21.944279+09:00
Listing Tier,,,failed,False,2026-08-28T00:47:00.263771+09:00
Listing Timeline,20.0,0.0,success,False,2026-08-19T21:16:30.496623+09:00
Listing Timer,,,failed,False,2026-08-28T00:23:21.269207+09:00
Listing Toll,,,failed,False,2026-08-21T02:45:38.713397+09:00
Listing Toolbox,20.0,2.0,success,False,2026-08-28T00:23:26.429201+09:00
Listing Toolkit,70.0,40.0,success,False,2026-08-18T22:06:14.738388+09:00
Listing Total,,,failed,False,2026-08-27T23:11:42.330738+09:00
Listing Tracker,880.0,11.0,success,False,2026-08-17T21:35:52.306880+09:00
Listing Trail,,,failed,False,2026-08-17T20:36:35.862750+09:00
Listing Trend,,,failed,False,2026-08-28T01:04:00.519509+09:00
Listing Trial,,,failed,False,2026-08-27T21:14:30.241053+09:00
Listing Unit,,,failed,False,2026-08-21T01:59:20.402285+09:00
Listing Update,40.0,0.0,success,False,2026-08-19T20:44:50.684915+09:00
Listing Value,22200.0,10.0,success,False,2026-08-23T02:52:23.717366+09:00
Listing Vault,10.0,0.0,success,False,2026-08-17T20:45:48.787557+09:00
Listing Version,,,failed,False,2026-08-23T03:14:59.429482+09:00
Listing View,8100.0,11.0,success,False,2026-08-19T20:44:10.013145+09:00
Listing Watch,880.0,18.0,success,False,2026-08-17T20:38:53.767345+09:00
Listing Wave,,,failed,False,2026-08-17T20:34:16.019094+09:00
Listing Widget,170.0,9.0,success,False,2026-08-27T23:11:42.330738+09:00
Listing Workbench,,,failed,False,2026-08-18T22:06:05.649081+09:00
Listing Worksheet,140.0,1.0,success,False,2026-08-27T22:08:36.718327+09:00
Listing Zone,,,failed,False,2026-08-17T20:45:22.370262+09:00
Litigation Advance,140.0,63.0,success,False,2026-08-23T16:15:37.311219+09:00
Litigation Advisory,10.0,0.0,success,False,2026-08-21T01:05:30.928954+09:00
Litigation Alert,10.0,5.0,success,False,2026-08-19T21:58:08.143234+09:00
Litigation Allowance,,,failed,False,2026-08-21T02:43:44.053859+09:00
Litigation Analyzer,,,failed,False,2026-08-27T23:53:59.228828+09:00
Litigation Arrears,10.0,0.0,success,False,2026-08-23T16:15:33.574414+09:00
Litigation Asset,,,failed,False,2026-08-23T13:46:59.316345+09:00
Litigation Assistant,880.0,5.0,success,False,2026-08-19T21:52:57.085670+09:00
Litigation Atlas,,,failed,False,2026-08-19T21:52:07.578129+09:00
Litigation Badge,,,failed,False,2026-08-21T00:29:32.816021+09:00
Litigation Balance,,,failed,False,2026-08-23T13:46:55.595088+09:00
Litigation Base,,,failed,False,2026-08-19T21:47:46.224144+09:00
Litigation Bay,,,failed,False,2026-08-19T21:56:32.690388+09:00
Litigation Beacon,,,failed,False,2026-08-19T22:06:53.339068+09:00
Litigation Bill,10.0,0.0,success,False,2026-08-19T22:03:56.439657+09:00
Litigation Bin,,,failed,False,2026-08-19T21:58:27.685601+09:00
Litigation Board,,,failed,False,2026-08-19T21:48:27.069382+09:00
Litigation Book,70.0,99.0,success,False,2026-08-19T22:04:49.676934+09:00
Litigation Booth,,,failed,False,2026-08-19T21:55:57.867275+09:00
Litigation Bridge,,,failed,False,2026-08-19T22:07:25.606827+09:00
Litigation Brief,30.0,0.0,success,False,2026-08-21T01:05:23.608566+09:00
Litigation Bulletin,,,failed,False,2026-08-21T01:05:09.510273+09:00
Litigation Cabinet,,,failed,False,2026-08-27T23:10:47.155079+09:00
Litigation Calculator,90.0,8.0,success,False,2026-08-27T23:33:18.763574+09:00
Litigation Calendar,40.0,24.0,success,False,2026-08-19T21:54:48.895899+09:00
Litigation Card,,,failed,False,2026-08-19T22:00:04.199605+09:00
Litigation Cascade,,,failed,False,2026-08-19T22:07:18.055706+09:00
Litigation Cash,10.0,,success,False,2026-08-21T02:27:02.067893+09:00
Litigation Center,10.0,0.0,success,False,2026-08-19T21:49:39.376770+09:00
Litigation Chain,,,failed,False,2026-08-19T21:51:20.233471+09:00
Litigation Charge,10.0,2.0,success,False,2026-08-21T02:43:35.121601+09:00
Litigation Chart,30.0,1.0,success,False,2026-08-19T21:58:19.577733+09:00
Litigation Check,140.0,4.0,success,False,2026-08-19T22:00:26.290780+09:00
Litigation Checker,,,failed,False,2026-08-27T23:53:42.609151+09:00
Litigation Circular,,,failed,False,2026-08-21T01:05:26.897512+09:00
Litigation Code,,,failed,False,2026-08-19T22:04:17.404214+09:00
Litigation Companion,10.0,18.0,success,False,2026-08-19T21:53:43.821939+09:00
Litigation Comparison,,,failed,False,2026-08-28T01:05:20.139067+09:00
Litigation Compass,,,failed,False,2026-08-19T22:06:44.272499+09:00
Litigation Confirmation,,,failed,False,2026-08-21T01:05:38.366293+09:00
Litigation Console,,,failed,False,2026-08-19T21:50:15.861548+09:00
Litigation Copayment,,,failed,False,2026-08-23T16:39:43.377708+09:00
Litigation Core,,,failed,False,2026-08-19T21:48:00.610703+09:00
Litigation Cost,880.0,1.0,success,False,2026-08-21T02:10:04.981055+09:00
Litigation Count,,,failed,False,2026-08-27T22:44:43.447057+09:00
Litigation Counter,,,failed,False,2026-08-19T21:55:36.980585+09:00
Litigation Deal,,,failed,False,2026-08-21T01:52:50.056270+09:00
Litigation Debt,90.0,25.0,success,False,2026-08-21T02:26:53.610271+09:00
Litigation Deck,,,failed,False,2026-08-19T21:48:40.966338+09:00
Litigation Desk,,,failed,False,2026-08-19T22:06:01.682265+09:00
Litigation Detail,,,failed,False,2026-08-23T03:14:46.268297+09:00
Litigation Detector,,,failed,False,2026-08-27T23:53:51.631383+09:00
Litigation Diagram,,,failed,False,2026-08-27T22:14:41.092865+09:00
Litigation Directory,,,failed,False,2026-08-19T21:55:00.630940+09:00
Litigation Dossier,,,failed,False,2026-08-21T01:05:46.512536+09:00
Litigation Downpayment,,,failed,False,2026-08-27T21:50:04.473862+09:00
Litigation Draft,,,failed,False,2026-08-19T22:02:37.152847+09:00
Litigation Due,,,failed,False,2026-08-23T15:52:02.827883+09:00
Litigation Duty,,,failed,False,2026-08-21T02:43:37.252901+09:00
Litigation Engine,,,failed,False,2026-08-19T21:52:40.688622+09:00
Litigation Entry,,,failed,False,2026-08-21T01:06:07.369655+09:00
Litigation Estimate,,,failed,False,2026-08-19T22:03:36.532480+09:00
Litigation Estimator,,,failed,False,2026-08-27T23:53:39.725939+09:00
Litigation Excerpt,,,failed,False,2026-08-21T01:06:03.967646+09:00
Litigation Extension,10.0,0.0,success,False,2026-08-23T16:39:45.505448+09:00
Litigation Fare,,,failed,False,2026-08-21T02:10:13.973101+09:00
Litigation Fee,210.0,3.0,success,False,2026-08-21T01:52:30.422416+09:00
Litigation Feed,,,failed,False,2026-08-19T22:02:29.042116+09:00
Litigation Field,10.0,0.0,success,False,2026-08-23T13:05:39.073326+09:00
Litigation File,170.0,1.0,success,False,2026-08-19T22:01:45.686906+09:00
Litigation Finder,,,failed,False,2026-08-19T21:55:18.484182+09:00
Litigation Fine,,,failed,False,2026-08-23T02:58:08.701487+09:00
Litigation Flag,,,failed,False,2026-08-21T00:30:25.028648+09:00
Litigation Flow,,,failed,False,2026-08-19T22:05:43.764657+09:00
Litigation Forge,,,failed,False,2026-08-19T22:07:06.557200+09:00
Litigation Form,50.0,3.0,success,False,2026-08-19T21:59:55.438905+09:00
Litigation Format,,,failed,False,2026-08-23T13:05:41.403029+09:00
Litigation Frame,,,failed,False,2026-08-19T21:47:34.110436+09:00
Litigation Fund,2900.0,15.0,success,False,2026-08-21T02:26:59.463760+09:00
Litigation Gate,,,failed,False,2026-08-19T21:51:42.287097+09:00
Litigation Grade,,,failed,False,2026-08-21T00:30:01.129618+09:00
Litigation Graph,,,failed,False,2026-08-27T22:14:32.870267+09:00
Litigation Grid,,,failed,False,2026-08-19T21:46:29.828345+09:00
Litigation Guarantee,70.0,1.0,success,False,2026-08-28T01:05:26.346049+09:00
Litigation Guardian,1000.0,10.0,success,False,2026-08-28T00:24:01.160084+09:00
Litigation Helpdesk,,,failed,False,2026-08-27T22:44:46.439478+09:00
Litigation Helper,,,failed,False,2026-08-28T00:24:03.733784+09:00
Litigation History,320.0,0.0,success,False,2026-08-19T22:01:35.806950+09:00
Litigation Hub,,,failed,False,2026-08-19T22:05:51.290848+09:00
Litigation Identifier,,,failed,False,2026-08-23T13:05:32.456522+09:00
Litigation Inbox,,,failed,False,2026-08-19T21:57:59.626776+09:00
Litigation Index,10.0,10.0,success,False,2026-08-19T22:03:17.563220+09:00
Litigation Installment,,,failed,False,2026-08-23T16:15:31.472081+09:00
Litigation Interest,10.0,2.0,success,False,2026-08-23T13:46:55.595088+09:00
Litigation Item,,,failed,False,2026-08-21T01:52:34.182425+09:00
Litigation Journal,20.0,4.0,success,False,2026-08-19T21:54:30.567883+09:00
Litigation Keeper,,,failed,False,2026-08-19T21:52:16.498900+09:00
Litigation Kiosk,,,failed,False,2026-08-19T21:56:08.103899+09:00
Litigation Kit,,,failed,False,2026-08-27T22:44:39.489901+09:00
Litigation Lab,,,failed,False,2026-08-19T21:49:05.079544+09:00
Litigation Label,,,failed,False,2026-08-27T22:14:35.571737+09:00
Litigation Ledger,,,failed,False,2026-08-19T21:48:14.659198+09:00
Litigation Level,,,failed,False,2026-08-19T22:01:57.019761+09:00
Litigation Line,,,failed,False,2026-08-19T21:59:01.960523+09:00
Litigation Link,,,failed,False,2026-08-23T03:24:46.219726+09:00
Litigation List,50.0,16.0,success,False,2026-08-19T22:04:26.155627+09:00
Litigation Loan,480.0,44.0,success,False,2026-08-21T02:10:21.556989+09:00
Litigation Locator,,,failed,False,2026-08-19T21:55:09.455728+09:00
Litigation Locker,10.0,33.0,success,False,2026-08-19T21:55:47.244669+09:00
Litigation Log,10.0,5.0,success,False,2026-08-19T21:59:42.241525+09:00
Litigation Loop,,,failed,False,2026-08-19T21:46:17.017433+09:00
Litigation Manager,260.0,3.0,success,False,2026-08-19T21:52:31.796696+09:00
Litigation Manual,10.0,0.0,success,False,2026-08-27T22:14:38.233626+09:00
Litigation Map,,,failed,False,2026-08-19T21:47:16.114306+09:00
Litigation Margin,,,failed,False,2026-08-23T02:58:06.031542+09:00
Litigation Memo,,,failed,False,2026-08-21T00:30:08.282339+09:00
Litigation Message,,,failed,False,2026-08-27T23:10:40.131699+09:00
Litigation Monitor,10.0,57.0,success,False,2026-08-19T21:53:34.201182+09:00
Litigation Nexus,,,failed,False,2026-08-19T21:51:58.682281+09:00
Litigation Note,,,failed,False,2026-08-19T22:00:47.598420+09:00
Litigation Notification,20.0,0.0,success,False,2026-08-27T22:44:35.371350+09:00
Litigation Number,10.0,6.0,success,False,2026-08-23T03:24:42.957554+09:00
Litigation Office,320.0,33.0,success,False,2026-08-19T21:55:28.451912+09:00
Litigation Ops,,,failed,False,2026-08-19T21:54:06.004532+09:00
Litigation Order,170.0,0.0,success,False,2026-08-19T22:03:44.565114+09:00
Litigation Outline,10.0,,success,False,2026-08-27T22:29:33.709708+09:00
Litigation Outpost,,,failed,False,2026-08-19T21:56:56.242658+09:00
Litigation Overage,,,failed,False,2026-08-27T21:50:02.290136+09:00
Litigation Overdue,,,failed,False,2026-08-27T21:49:57.609346+09:00
Litigation Panel,10.0,0.0,success,False,2026-08-19T21:50:26.967968+09:00
Litigation Pass,,,failed,False,2026-08-21T00:29:18.901587+09:00
Litigation Path,,,failed,False,2026-08-19T21:46:50.004607+09:00
Litigation Payoff,,,failed,False,2026-08-27T21:50:00.180912+09:00
Litigation Penalty,,,failed,False,2026-08-23T16:39:41.135046+09:00
Litigation Petition,,,failed,False,2026-08-21T01:05:40.713486+09:00
Litigation Plan,70.0,3.0,success,False,2026-08-21T01:52:45.246437+09:00
Litigation Planner,,,failed,False,2026-08-19T21:53:06.381329+09:00
Litigation Playbook,,,failed,False,2026-08-19T21:54:19.584048+09:00
Litigation Point,10.0,4.0,success,False,2026-08-19T21:47:01.107836+09:00
Litigation Portal,90.0,4.0,success,False,2026-08-19T21:50:02.656663+09:00
Litigation Post,,,failed,False,2026-08-19T21:56:44.387128+09:00
Litigation Preview,,,failed,False,2026-08-28T01:05:22.748209+09:00
Litigation Profile,20.0,0.0,success,False,2026-08-19T22:01:05.588899+09:00
Litigation Profit,,,failed,False,2026-08-23T02:57:59.639367+09:00
Litigation Proposal,,,failed,False,2026-08-28T01:05:26.346049+09:00
Litigation Quota,,,failed,False,2026-08-21T00:30:17.662990+09:00
Litigation Radar,,,failed,False,2026-08-19T22:06:12.556669+09:00
Litigation Rate,20.0,0.0,success,False,2026-08-19T22:02:05.634117+09:00
Litigation Recap,,,failed,False,2026-08-21T01:05:51.926035+09:00
Litigation Receipt,,,failed,False,2026-08-19T22:04:07.178529+09:00
Litigation Recorder,,,failed,False,2026-08-27T23:33:24.139257+09:00
Litigation Register,20.0,0.0,success,False,2026-08-19T21:53:57.995655+09:00
Litigation Registry,,,failed,False,2026-08-19T21:54:39.483113+09:00
Litigation Relay,,,failed,False,2026-08-19T22:06:22.029176+09:00
Litigation Reminder,10.0,,success,False,2026-08-19T22:03:08.515859+09:00
Litigation Report,140.0,2.0,success,False,2026-08-19T21:59:32.934011+09:00
Litigation Repository,,,failed,False,2026-08-27T23:10:50.264630+09:00
Litigation Result,,,failed,False,2026-08-28T00:47:20.872913+09:00
Litigation Roll,,,failed,False,2026-08-19T21:59:23.737982+09:00
Litigation Roster,,,failed,False,2026-08-19T21:57:47.268344+09:00
Litigation Route,,,failed,False,2026-08-19T21:50:49.199189+09:00
Litigation Rule,,,failed,False,2026-08-23T03:14:42.643964+09:00
Litigation Sale,,,failed,False,2026-08-21T02:27:05.386441+09:00
Litigation Sample,,,failed,False,2026-08-19T22:05:13.355108+09:00
Litigation Scale,,,failed,False,2026-08-19T21:50:37.216187+09:00
Litigation Scanner,,,failed,False,2026-08-27T23:53:48.068906+09:00
Litigation Scheduler,,,failed,False,2026-08-19T21:53:24.173556+09:00
Litigation Scope,,,failed,False,2026-08-19T21:46:03.788347+09:00
Litigation Score,,,failed,False,2026-08-19T22:00:37.818778+09:00
Litigation Sheet,,,failed,False,2026-08-19T22:00:16.178777+09:00
Litigation Shortfall,,,failed,False,2026-08-27T21:50:06.831063+09:00
Litigation Signal,,,failed,False,2026-08-19T22:07:41.945033+09:00
Litigation Slip,,,failed,False,2026-08-19T22:05:01.387918+09:00
Litigation Slot,,,failed,False,2026-08-19T22:05:22.514727+09:00
Litigation Stage,320.0,1.0,success,False,2026-08-28T00:47:16.982525+09:00
Litigation Stake,,,failed,False,2026-08-23T02:58:03.774409+09:00
Litigation Statement,20.0,0.0,success,False,2026-08-21T00:29:47.975164+09:00
Litigation Station,,,failed,False,2026-08-19T21:49:18.898188+09:00
Litigation Status,70.0,0.0,success,False,2026-08-19T22:01:14.357219+09:00
Litigation Stub,,,failed,False,2026-08-21T00:29:43.441391+09:00
Litigation Studio,,,failed,False,2026-08-19T21:48:55.925505+09:00
Litigation Subsidy,,,failed,False,2026-08-23T15:52:04.916947+09:00
Litigation Sum,,,failed,False,2026-08-21T02:26:47.668193+09:00
Litigation Summary,20.0,1.0,success,False,2026-08-19T22:02:47.197172+09:00
Litigation Surtax,,,failed,False,2026-08-23T15:52:07.033808+09:00
Litigation Tab,,,failed,False,2026-08-21T00:30:29.735189+09:00
Litigation Table,,,failed,False,2026-08-19T22:04:38.551336+09:00
Litigation Tag,,,failed,False,2026-08-19T22:00:55.317910+09:00
Litigation Tally,,,failed,False,2026-08-21T00:29:55.538883+09:00
Litigation Tariff,,,failed,False,2026-08-21T02:43:47.739499+09:00
Litigation Tax,590.0,6.0,success,False,2026-08-21T02:10:17.497387+09:00
Litigation Terminal,,,failed,False,2026-08-19T21:49:30.160580+09:00
Litigation Ticker,,,failed,False,2026-08-19T21:58:54.005326+09:00
Litigation Ticket,,,failed,False,2026-08-19T22:03:26.204468+09:00
Litigation Timeline,140.0,3.0,success,False,2026-08-19T22:02:59.053365+09:00
Litigation Timer,,,failed,False,2026-08-28T00:23:56.463149+09:00
Litigation Toll,,,failed,False,2026-08-21T02:43:40.530663+09:00
Litigation Toolbox,,,failed,False,2026-08-28T00:24:03.733784+09:00
Litigation Total,,,failed,False,2026-08-27T23:10:42.851763+09:00
Litigation Tracker,260.0,10.0,success,False,2026-08-19T22:05:35.780904+09:00
Litigation Trail,,,failed,False,2026-08-19T21:51:10.797801+09:00
Litigation Trend,,,failed,False,2026-08-28T01:05:17.423675+09:00
Litigation Trial,110.0,3.0,success,False,2026-08-27T21:19:05.213789+09:00
Litigation Unit,20.0,0.0,success,False,2026-08-21T01:52:40.677259+09:00
Litigation Update,40.0,1.0,success,False,2026-08-19T22:02:16.192857+09:00
Litigation Value,,,failed,False,2026-08-23T02:58:01.593171+09:00
Litigation Vault,,,failed,False,2026-08-19T22:06:35.304978+09:00
Litigation Version,,,failed,False,2026-08-23T03:24:46.219726+09:00
Litigation View,,,failed,False,2026-08-19T22:01:23.897474+09:00
Litigation Voucher,,,failed,False,2026-08-21T00:29:27.962730+09:00
Litigation Watch,,,failed,False,2026-08-19T22:07:58.722610+09:00
Litigation Wave,,,failed,False,2026-08-19T21:46:37.963751+09:00
Litigation Widget,,,failed,False,2026-08-27T23:10:42.851763+09:00
Litigation Window,,,failed,False,2026-08-19T21:59:12.539055+09:00
Litigation Worksheet,,,failed,False,2026-08-27T22:14:38.233626+09:00
Litigation Workshop,,,failed,False,2026-08-28T00:23:58.859062+09:00
Litigation Yard,,,failed,False,2026-08-19T21:56:20.786748+09:00
Litigation Zone,,,failed,False,2026-08-19T21:49:51.324073+09:00
Livestock Advance,,,failed,False,2026-08-23T16:15:33.574414+09:00
Livestock Advisory,,,failed,False,2026-08-21T01:04:08.971472+09:00
Livestock Allowance,,,failed,False,2026-08-21T02:42:25.352468+09:00
Livestock Almanac,,,failed,False,2026-08-18T22:06:41.570881+09:00
Livestock Analyzer,,,failed,False,2026-08-27T23:57:31.093402+09:00
Livestock Anchor,,,failed,False,2026-08-17T21:34:42.632014+09:00
Livestock Announcement,,,failed,False,2026-08-27T23:35:38.281742+09:00
Livestock Arrears,,,failed,False,2026-08-23T16:15:31.472081+09:00
Livestock Asset,,,failed,False,2026-08-23T13:47:40.781383+09:00
Livestock Assistant,1000.0,0.0,success,True,2026-08-17T23:24:19.906640+09:00
Livestock Atlas,,,failed,False,2026-08-17T20:42:32.290659+09:00
Livestock Attribute,,,failed,False,2026-08-23T13:08:02.630104+09:00
Livestock Badge,,,failed,False,2026-08-21T00:31:26.827984+09:00
Livestock Balance,,,failed,False,2026-08-23T13:47:40.781383+09:00
Livestock Base,,,failed,False,2026-08-17T20:39:43.687132+09:00
Livestock Beacon,,,failed,False,2026-08-17T21:39:22.624237+09:00
Livestock Bill,90.0,0.0,success,False,2026-08-19T21:55:36.980585+09:00
Livestock Blueprint,,,failed,False,2026-08-18T22:06:31.917725+09:00
Livestock Board,260.0,7.0,success,False,2026-08-17T20:37:00.325562+09:00
Livestock Book,90.0,74.0,success,False,2026-08-19T21:56:32.690388+09:00
Livestock Bridge,20.0,0.0,success,False,2026-08-17T21:35:46.466784+09:00
Livestock Brief,,,failed,False,2026-08-21T01:03:59.232813+09:00
Livestock Bulletin,,,failed,False,2026-08-21T01:03:53.377990+09:00
Livestock Calculator,110.0,3.0,success,False,2026-08-27T23:35:38.281742+09:00
Livestock Calendar,20.0,0.0,success,False,2026-08-18T23:57:07.963291+09:00
Livestock Card,1000.0,0.0,success,True,2026-08-19T13:28:15.783876+09:00
Livestock Cascade,,,failed,False,2026-08-17T21:36:47.272145+09:00
Livestock Cash,,,failed,False,2026-08-21T02:27:02.067893+09:00
Livestock Cashback,,,failed,False,2026-08-27T21:17:37.644775+09:00
Livestock Catalog,30.0,12.0,success,False,2026-08-19T21:13:21.149067+09:00
Livestock Category,,,failed,False,2026-08-23T13:08:02.630104+09:00
Livestock Center,260.0,1.0,success,False,2026-08-18T07:52:41.803734+09:00
Livestock Chain,10.0,0.0,success,False,2026-08-17T20:47:19.659128+09:00
Livestock Charge,,,failed,False,2026-08-21T02:42:14.230561+09:00
Livestock Check,,,failed,False,2026-08-19T13:28:36.830433+09:00
Livestock Checker,,,failed,False,2026-08-27T23:57:22.809432+09:00
Livestock Checklist,,,failed,False,2026-08-19T21:12:24.209579+09:00
Livestock Circular,10.0,0.0,success,False,2026-08-21T01:04:02.292645+09:00
Livestock Cockpit,,,failed,False,2026-08-17T23:15:22.052615+09:00
Livestock Code,20.0,0.0,success,False,2026-08-19T21:55:57.867275+09:00
Livestock Codex,,,failed,False,2026-08-18T22:06:59.160335+09:00
Livestock Companion,,,failed,False,2026-08-17T23:26:08.164356+09:00
Livestock Comparison,,,failed,False,2026-08-28T01:07:30.106939+09:00
Livestock Compass,,,failed,False,2026-08-17T21:41:25.564008+09:00
Livestock Compendium,,,failed,False,2026-08-18T22:06:49.548592+09:00
Livestock Confirmation,,,failed,False,2026-08-21T01:04:20.278964+09:00
Livestock Console,,,failed,False,2026-08-17T21:38:32.905021+09:00
Livestock Core,,,failed,False,2026-08-17T20:38:48.292759+09:00
Livestock Cost,40.0,3.0,success,False,2026-08-21T02:11:30.479876+09:00
Livestock Count,,,failed,False,2026-08-27T22:49:32.762391+09:00
Livestock Counter,30.0,47.0,success,False,2026-08-18T23:58:11.366687+09:00
Livestock Coupon,10.0,0.0,success,False,2026-08-27T21:17:34.468079+09:00
Livestock Dashboard,10.0,7.0,success,False,2026-08-17T23:25:53.472363+09:00
Livestock Deal,10.0,,success,False,2026-08-21T01:56:12.510800+09:00
Livestock Debt,,,failed,False,2026-08-21T02:26:56.391999+09:00
Livestock Deck,,,failed,False,2026-08-17T20:36:02.767132+09:00
Livestock Depot,,,failed,False,2026-08-18T23:57:49.004373+09:00
Livestock Desk,,,failed,False,2026-08-17T20:33:43.675774+09:00
Livestock Detail,,,failed,False,2026-08-23T03:21:07.842946+09:00
Livestock Detector,,,failed,False,2026-08-27T23:57:28.605750+09:00
Livestock Dial,,,failed,False,2026-08-17T21:36:22.095100+09:00
Livestock Digest,,,failed,False,2026-08-19T20:43:01.232728+09:00
Livestock Directory,20.0,0.0,success,False,2026-08-18T23:57:18.728861+09:00
Livestock Discount,10.0,2.0,success,False,2026-08-23T16:15:25.443589+09:00
Livestock Dock,,,failed,False,2026-08-17T21:31:59.895065+09:00
Livestock Dossier,,,failed,False,2026-08-21T01:04:24.715250+09:00
Livestock Downpayment,,,failed,False,2026-08-27T21:48:42.861590+09:00
Livestock Duty,,,failed,False,2026-08-21T02:42:16.992307+09:00
Livestock Engine,,,failed,False,2026-08-17T23:12:05.919804+09:00
Livestock Entry,,,failed,False,2026-08-21T01:04:41.877436+09:00
Livestock Estimate,,,failed,False,2026-08-19T21:13:07.301000+09:00
Livestock Estimator,,,failed,False,2026-08-27T23:57:19.436881+09:00
Livestock Excerpt,,,failed,False,2026-08-21T01:04:44.330584+09:00
Livestock Extension,50.0,0.0,success,False,2026-08-23T16:39:33.315090+09:00
Livestock Fare,,,failed,False,2026-08-21T02:11:38.732794+09:00
Livestock Fee,,,failed,False,2026-08-21T01:56:01.200736+09:00
Livestock Field,30.0,0.0,success,False,2026-08-23T13:08:05.055975+09:00
Livestock File,,,failed,False,2026-08-19T20:42:29.664942+09:00
Livestock Finder,10.0,11.0,success,False,2026-08-18T23:57:39.317157+09:00
Livestock Fine,,,failed,False,2026-08-23T02:56:26.483203+09:00
Livestock Flag,90.0,100.0,success,False,2026-08-21T00:32:13.850788+09:00
Livestock Flow,,,failed,False,2026-08-17T20:36:28.708934+09:00
Livestock Forge,,,failed,False,2026-08-17T21:37:57.485180+09:00
Livestock Form,20.0,0.0,success,False,2026-08-19T13:28:06.398636+09:00
Livestock Format,,,failed,False,2026-08-23T13:08:07.144549+09:00
Livestock Frame,,,failed,False,2026-08-17T20:40:33.502804+09:00
Livestock Fund,70.0,20.0,success,False,2026-08-21T02:26:59.463760+09:00
Livestock Gate,880.0,100.0,success,False,2026-08-17T20:44:17.126543+09:00
Livestock Giveaway,10.0,0.0,success,False,2026-08-27T21:17:40.328757+09:00
Livestock Grade,,,failed,False,2026-08-21T00:31:52.807063+09:00
Livestock Graph,,,failed,False,2026-08-27T22:12:52.289733+09:00
Livestock Grid,10.0,20.0,success,False,2026-08-17T20:48:00.384731+09:00
Livestock Guarantee,,,failed,False,2026-08-28T01:07:38.587205+09:00
Livestock Guard,27100.0,1.0,success,False,2026-08-17T20:39:17.196343+09:00
Livestock Guardian,27100.0,1.0,success,False,2026-08-28T00:26:22.903465+09:00
Livestock Guidebook,,,failed,False,2026-08-18T22:06:12.435541+09:00
Livestock Helper,,,failed,False,2026-08-28T00:26:26.682078+09:00
Livestock History,50.0,14.0,success,False,2026-08-19T20:42:21.972075+09:00
Livestock Hotline,,,failed,False,2026-08-19T21:13:31.913325+09:00
Livestock Hub,70.0,2.0,success,False,2026-08-17T20:35:35.063549+09:00
Livestock Identifier,260.0,1.0,success,False,2026-08-23T13:07:59.189669+09:00
Livestock Incentive,,,failed,False,2026-08-27T21:17:40.328757+09:00
Livestock Index,10.0,0.0,success,False,2026-08-19T21:12:35.619378+09:00
Livestock Insight,,,failed,False,2026-08-17T23:08:30.361207+09:00
Livestock Installment,,,failed,False,2026-08-23T16:15:27.627511+09:00
Livestock Item,,,failed,False,2026-08-21T01:55:53.001580+09:00
Livestock Journal,90.0,8.0,success,False,2026-08-18T22:05:55.715721+09:00
Livestock Keeper,50.0,0.0,success,False,2026-08-17T20:40:53.994191+09:00
Livestock Lab,,,failed,False,2026-08-17T20:34:11.615000+09:00
Livestock Label,,,failed,False,2026-08-27T22:12:55.481525+09:00
Livestock Layout,,,failed,False,2026-08-27T22:29:07.164636+09:00
Livestock Ledger,,,failed,False,2026-08-17T20:37:59.877456+09:00
Livestock Lens,20.0,11.0,success,False,2026-08-17T20:41:17.748242+09:00
Livestock Level,,,failed,False,2026-08-19T20:42:34.910732+09:00
Livestock Levy,,,failed,False,2026-08-23T13:47:44.552149+09:00
Livestock Link,260.0,0.0,success,False,2026-08-23T03:20:56.810289+09:00
Livestock List,140.0,0.0,success,False,2026-08-19T21:56:11.493537+09:00
Livestock Loan,590.0,24.0,success,False,2026-08-21T02:11:46.716437+09:00
Livestock Locator,,,failed,False,2026-08-18T23:57:31.846586+09:00
Livestock Lock,10.0,100.0,success,False,2026-08-17T20:42:54.961047+09:00
Livestock Log,,,failed,False,2026-08-19T13:28:00.720814+09:00
Livestock Loop,70.0,0.0,success,False,2026-08-17T21:30:18.085086+09:00
Livestock Manager,480.0,2.0,success,False,2026-08-17T20:40:10.157299+09:00
Livestock Manual,10.0,0.0,success,False,2026-08-27T22:13:01.149795+09:00
Livestock Map,50.0,2.0,success,False,2026-08-17T20:42:08.223187+09:00
Livestock Margin,,,failed,False,2026-08-23T02:56:24.253545+09:00
Livestock Marker,390.0,100.0,success,False,2026-08-23T13:27:54.146441+09:00
Livestock Markup,,,failed,False,2026-08-23T16:39:28.081272+09:00
Livestock Memo,,,failed,False,2026-08-21T00:32:00.759395+09:00
Livestock Message,,,failed,False,2026-08-27T23:14:55.579423+09:00
Livestock Meter,,,failed,False,2026-08-17T21:35:16.200596+09:00
Livestock Metrics,,,failed,False,2026-08-17T23:25:36.258312+09:00
Livestock Monitor,170.0,7.0,success,False,2026-08-17T23:25:00.626086+09:00
Livestock Navigator,,,failed,False,2026-08-17T23:10:09.982693+09:00
Livestock Nexus,,,failed,False,2026-08-17T20:43:26.313536+09:00
Livestock Node,,,failed,False,2026-08-17T20:45:18.923986+09:00
Livestock Note,,,failed,False,2026-08-19T13:28:55.054153+09:00
Livestock Notification,,,failed,False,2026-08-27T22:49:29.573658+09:00
Livestock Number,90.0,0.0,success,False,2026-08-23T03:20:50.654201+09:00
Livestock Office,110.0,0.0,success,False,2026-08-18T23:57:58.396596+09:00
Livestock Ops,,,failed,False,2026-08-17T23:26:22.390418+09:00
Livestock Order,,,failed,False,2026-08-19T21:55:28.451912+09:00
Livestock Organizer,,,failed,False,2026-08-17T23:13:43.600383+09:00
Livestock Overage,,,failed,False,2026-08-27T21:48:40.249889+09:00
Livestock Overdue,,,failed,False,2026-08-27T21:48:35.689301+09:00
Livestock Panel,1000.0,100.0,success,False,2026-08-17T21:37:24.355362+09:00
Livestock Pass,,,failed,False,2026-08-21T00:31:12.375379+09:00
Livestock Path,,,failed,False,2026-08-17T20:44:38.858684+09:00
Livestock Payoff,,,failed,False,2026-08-27T21:48:38.041939+09:00
Livestock Penalty,,,failed,False,2026-08-23T16:39:28.081272+09:00
Livestock Petition,,,failed,False,2026-08-21T01:04:13.537026+09:00
Livestock Pilot,,,failed,False,2026-08-17T20:34:35.742752+09:00
Livestock Plan,,,failed,False,2026-08-21T01:56:06.760187+09:00
Livestock Planner,20.0,98.0,success,False,2026-08-17T23:06:45.787789+09:00
Livestock Playbook,,,failed,False,2026-08-18T22:05:45.987777+09:00
Livestock Point,,,failed,False,2026-08-17T20:43:56.267353+09:00
Livestock Portal,70.0,2.0,success,False,2026-08-17T21:40:47.686331+09:00
Livestock Preview,,,failed,False,2026-08-28T01:07:32.974301+09:00
Livestock Profile,,,failed,False,2026-08-19T13:29:22.570342+09:00
Livestock Profit,,,failed,False,2026-08-23T02:56:14.910502+09:00
Livestock Proposal,10.0,0.0,success,False,2026-08-28T01:07:35.564975+09:00
Livestock Pulse,,,failed,False,2026-08-17T20:46:46.837602+09:00
Livestock Queue,,,failed,False,2026-08-19T21:12:55.345811+09:00
Livestock Quota,,,failed,False,2026-08-21T00:32:06.767489+09:00
Livestock Radar,,,failed,False,2026-08-17T20:32:38.453320+09:00
Livestock Rail,,,failed,False,2026-08-17T21:30:50.388708+09:00
Livestock Rate,,,failed,False,2026-08-19T20:42:39.884460+09:00
Livestock Recap,,,failed,False,2026-08-21T01:04:35.050629+09:00
Livestock Receipt,20.0,65.0,success,False,2026-08-19T21:55:49.933305+09:00
Livestock Recorder,,,failed,False,2026-08-27T23:35:43.099138+09:00
Livestock Register,170.0,1.0,success,False,2026-08-17T23:04:33.261831+09:00
Livestock Registry,10.0,0.0,success,False,2026-08-18T22:06:23.871734+09:00
Livestock Relay,,,failed,False,2026-08-18T07:52:03.741881+09:00
Livestock Reminder,,,failed,False,2026-08-19T21:12:12.315865+09:00
Livestock Report,140.0,1.0,success,False,2026-08-19T13:27:50.683202+09:00
Livestock Repository,,,failed,False,2026-08-27T23:15:00.482378+09:00
Livestock Roadmap,,,failed,False,2026-08-18T22:07:07.445674+09:00
Livestock Roster,,,failed,False,2026-08-19T00:37:13.789014+09:00
Livestock Route,,,failed,False,2026-08-17T21:33:10.630129+09:00
Livestock Rule,,,failed,False,2026-08-23T03:21:00.660532+09:00
Livestock Sale,5400.0,14.0,success,False,2026-08-21T02:27:08.024014+09:00
Livestock Sample,20.0,0.0,success,False,2026-08-19T21:56:56.242658+09:00
Livestock Scale,2900.0,100.0,success,False,2026-08-17T21:34:12.134068+09:00
Livestock Scanner,20.0,100.0,success,False,2026-08-27T23:57:28.605750+09:00
Livestock Scheduler,,,failed,False,2026-08-17T23:24:40.372556+09:00
Livestock Scope,,,failed,False,2026-08-17T21:31:30.369012+09:00
Livestock Score,,,failed,False,2026-08-19T13:28:46.213071+09:00
Livestock Sentry,,,failed,False,2026-08-17T20:41:47.517366+09:00
Livestock Sheet,,,failed,False,2026-08-19T13:28:26.877196+09:00
Livestock Shortfall,,,failed,False,2026-08-27T21:48:46.666341+09:00
Livestock Signal,,,failed,False,2026-08-17T21:33:37.652467+09:00
Livestock Slip,,,failed,False,2026-08-19T21:56:48.069412+09:00
Livestock Slot,,,failed,False,2026-08-19T21:57:05.603826+09:00
Livestock Snapshot,,,failed,False,2026-08-18T22:06:03.591349+09:00
Livestock Stake,,,failed,False,2026-08-23T02:56:21.131414+09:00
Livestock Stamp,,,failed,False,2026-08-23T13:27:54.146441+09:00
Livestock Statement,,,failed,False,2026-08-21T00:31:38.357083+09:00
Livestock Station,10.0,4.0,success,False,2026-08-17T20:33:10.817795+09:00
Livestock Status,,,failed,False,2026-08-19T20:42:09.827682+09:00
Livestock Stub,,,failed,False,2026-08-21T00:31:34.132172+09:00
Livestock Studio,,,failed,False,2026-08-17T20:35:04.556306+09:00
Livestock Subsidy,40.0,1.0,success,False,2026-08-23T15:52:22.475978+09:00
Livestock Suite,,,failed,False,2026-08-17T23:23:57.574570+09:00
Livestock Sum,,,failed,False,2026-08-21T02:26:47.668193+09:00
Livestock Summary,,,failed,False,2026-08-19T21:11:50.782037+09:00
Livestock Sync,,,failed,False,2026-08-17T20:37:28.424048+09:00
Livestock Tab,,,failed,False,2026-08-21T00:32:18.028421+09:00
Livestock Table,,,failed,False,2026-08-19T21:56:20.786748+09:00
Livestock Tag,590.0,99.0,success,False,2026-08-19T13:29:02.484553+09:00
Livestock Tally,,,failed,False,2026-08-21T00:31:47.591094+09:00
Livestock Tariff,,,failed,False,2026-08-21T02:42:30.088898+09:00
Livestock Tax,50.0,1.0,success,False,2026-08-21T02:11:43.167775+09:00
Livestock Ticket,,,failed,False,2026-08-19T21:12:45.437785+09:00
Livestock Tier,,,failed,False,2026-08-28T00:48:15.950901+09:00
Livestock Timeline,,,failed,False,2026-08-19T21:12:02.105513+09:00
Livestock Timer,,,failed,False,2026-08-28T00:26:20.204001+09:00
Livestock Toll,,,failed,False,2026-08-21T02:42:20.398693+09:00
Livestock Toolbox,,,failed,False,2026-08-28T00:26:26.682078+09:00
Livestock Toolkit,,,failed,False,2026-08-18T22:05:38.221943+09:00
Livestock Total,,,failed,False,2026-08-27T23:14:55.579423+09:00
Livestock Tracker,480.0,98.0,success,False,2026-08-17T20:38:21.061174+09:00
Livestock Trail,8100.0,82.0,success,False,2026-08-17T20:48:37.567206+09:00
Livestock Trend,,,failed,False,2026-08-28T01:07:30.106939+09:00
Livestock Trial,,,failed,False,2026-08-27T21:17:40.328757+09:00
Livestock Unit,260.0,0.0,success,False,2026-08-21T01:56:03.758206+09:00
Livestock Update,20.0,9.0,success,False,2026-08-19T20:42:48.667396+09:00
Livestock Value,50.0,2.0,success,False,2026-08-23T02:56:17.565255+09:00
Livestock Vault,,,failed,False,2026-08-18T07:52:15.038723+09:00
Livestock Version,,,failed,False,2026-08-23T03:20:52.959248+09:00
Livestock View,20.0,0.0,success,False,2026-08-19T20:42:17.170868+09:00
Livestock Voucher,,,failed,False,2026-08-21T00:31:17.519824+09:00
Livestock Watch,,,failed,False,2026-08-17T21:32:36.544768+09:00
Livestock Wave,,,failed,False,2026-08-17T20:45:45.792269+09:00
Livestock Widget,,,failed,False,2026-08-27T23:14:57.999766+09:00
Livestock Workbench,10.0,0.0,success,False,2026-08-18T22:05:30.177500+09:00
Livestock Worksheet,40.0,0.0,success,False,2026-08-27T22:13:01.149795+09:00
Livestock Workshop,,,failed,False,2026-08-28T00:26:22.903465+09:00
Livestock Yard,90.0,7.0,success,False,2026-08-19T00:36:57.137576+09:00
Livestock Zone,10.0,0.0,success,False,2026-08-18T07:52:53.130004+09:00
Localization Advance,,,failed,False,2026-08-23T16:14:33.783950+09:00
Localization Allowance,,,failed,False,2026-08-21T02:40:18.502872+09:00
Localization Almanac,,,failed,False,2026-08-18T23:51:26.495575+09:00
Localization Analyzer,,,failed,False,2026-08-27T23:56:25.215119+09:00
Localization Anchor,,,failed,False,2026-08-18T22:04:42.771017+09:00
Localization Arrears,,,failed,False,2026-08-23T16:14:21.823505+09:00
Localization Asset,10.0,5.0,success,False,2026-08-23T13:47:07.330354+09:00
Localization Assistant,20.0,3.0,success,False,2026-08-18T22:11:05.779319+09:00
Localization Atlas,,,failed,False,2026-08-18T22:10:18.505365+09:00
Localization Attribute,,,failed,False,2026-08-23T13:07:04.865387+09:00
Localization Badge,,,failed,False,2026-08-21T00:27:48.036654+09:00
Localization Balance,,,failed,False,2026-08-23T13:47:05.237339+09:00
Localization Base,,,failed,False,2026-08-18T22:06:49.548592+09:00
Localization Beacon,,,failed,False,2026-08-18T22:04:00.845205+09:00
Localization Bill,,,failed,False,2026-08-19T21:49:39.376770+09:00
Localization Blueprint,,,failed,False,2026-08-18T23:51:26.495575+09:00
Localization Board,,,failed,False,2026-08-18T22:07:14.456265+09:00
Localization Book,390.0,0.0,success,False,2026-08-19T21:50:41.490993+09:00
Localization Bridge,,,failed,False,2026-08-18T22:04:32.030179+09:00
Localization Brief,,,failed,False,2026-08-21T01:00:56.888807+09:00
Localization Bulletin,,,failed,False,2026-08-21T01:00:52.686966+09:00
Localization Calculator,,,failed,False,2026-08-27T23:34:54.940798+09:00
Localization Calendar,,,failed,False,2026-08-19T00:02:00.292816+09:00
Localization Card,,,failed,False,2026-08-19T13:42:06.803998+09:00
Localization Cascade,,,failed,False,2026-08-18T22:04:23.726026+09:00
Localization Cash,,,failed,False,2026-08-21T02:25:03.924004+09:00
Localization Cashback,,,failed,False,2026-08-27T21:16:28.518091+09:00
Localization Catalog,,,failed,False,2026-08-19T21:07:21.562422+09:00
Localization Category,10.0,0.0,success,False,2026-08-23T13:07:02.783000+09:00
Localization Center,,,failed,False,2026-08-18T22:08:04.928972+09:00
Localization Chain,,,failed,False,2026-08-18T22:09:39.839296+09:00
Localization Charge,,,failed,False,2026-08-21T02:40:04.485559+09:00
Localization Check,,,failed,False,2026-08-19T13:42:30.376897+09:00
Localization Checker,,,failed,False,2026-08-27T23:56:20.084184+09:00
Localization Checklist,10.0,5.0,success,False,2026-08-19T21:06:30.155036+09:00
Localization Circular,,,failed,False,2026-08-21T01:01:01.220689+09:00
Localization Cockpit,,,failed,False,2026-08-18T22:12:06.505434+09:00
Localization Code,110.0,2.0,success,False,2026-08-19T21:50:06.175762+09:00
Localization Codex,,,failed,False,2026-08-18T23:51:26.495575+09:00
Localization Companion,,,failed,False,2026-08-18T23:51:26.495575+09:00
Localization Comparison,,,failed,False,2026-08-28T01:06:07.510525+09:00
Localization Compass,,,failed,False,2026-08-18T22:03:49.519359+09:00
Localization Compendium,,,failed,False,2026-08-18T23:51:26.495575+09:00
Localization Confirmation,,,failed,False,2026-08-21T01:01:11.672775+09:00
Localization Console,,,failed,False,2026-08-18T22:08:25.868252+09:00
Localization Converter,,,failed,False,2026-08-27T23:34:57.472203+09:00
Localization Core,,,failed,False,2026-08-18T22:06:59.160335+09:00
Localization Cost,40.0,12.0,success,False,2026-08-21T02:09:39.165114+09:00
Localization Count,,,failed,False,2026-08-27T22:48:44.890397+09:00
Localization Counter,,,failed,False,2026-08-19T00:02:48.631996+09:00
Localization Coupon,,,failed,False,2026-08-27T21:16:26.164499+09:00
Localization Dashboard,50.0,2.0,success,False,2026-08-18T22:12:15.534077+09:00
Localization Deal,,,failed,False,2026-08-21T01:54:02.992561+09:00
Localization Debt,,,failed,False,2026-08-21T02:24:52.539486+09:00
Localization Deck,,,failed,False,2026-08-18T22:07:24.351116+09:00
Localization Depot,,,failed,False,2026-08-19T00:02:34.221000+09:00
Localization Desk,,,failed,False,2026-08-18T22:02:54.576094+09:00
Localization Detail,,,failed,False,2026-08-23T03:19:12.816359+09:00
Localization Detector,,,failed,False,2026-08-27T23:56:25.215119+09:00
Localization Diagram,,,failed,False,2026-08-27T22:11:11.911250+09:00
Localization Dial,,,failed,False,2026-08-18T22:08:43.049836+09:00
Localization Digest,,,failed,False,2026-08-19T20:38:39.383467+09:00
Localization Directory,,,failed,False,2026-08-19T00:02:09.626106+09:00
Localization Discount,,,failed,False,2026-08-23T16:14:15.763731+09:00
Localization Dock,,,failed,False,2026-08-18T22:09:15.023895+09:00
Localization Dossier,,,failed,False,2026-08-21T01:01:15.556861+09:00
Localization Downpayment,,,failed,False,2026-08-27T21:47:35.080437+09:00
Localization Draft,,,failed,False,2026-08-19T20:38:59.819787+09:00
Localization Due,,,failed,False,2026-08-23T15:51:47.066948+09:00
Localization Duty,,,failed,False,2026-08-21T02:40:07.402959+09:00
Localization Engine,,,failed,False,2026-08-18T22:10:59.912583+09:00
Localization Entry,,,failed,False,2026-08-21T01:01:25.263035+09:00
Localization Estimate,,,failed,False,2026-08-19T21:07:11.433627+09:00
Localization Estimator,,,failed,False,2026-08-27T23:56:16.956086+09:00
Localization Fare,,,failed,False,2026-08-21T02:09:47.667221+09:00
Localization Fee,,,failed,False,2026-08-21T01:53:35.907769+09:00
Localization Feed,,,failed,False,2026-08-19T20:38:50.239529+09:00
Localization File,140.0,3.0,success,False,2026-08-19T20:38:03.591827+09:00
Localization Finder,,,failed,False,2026-08-19T00:02:24.547164+09:00
Localization Fine,,,failed,False,2026-08-23T02:54:50.074152+09:00
Localization Flag,,,failed,False,2026-08-21T00:28:42.115555+09:00
Localization Flow,,,failed,False,2026-08-18T21:06:03.853095+09:00
Localization Forge,,,failed,False,2026-08-18T22:04:08.939820+09:00
Localization Form,10.0,0.0,success,False,2026-08-19T13:41:55.083304+09:00
Localization Format,10.0,0.0,success,False,2026-08-23T13:07:07.950459+09:00
Localization Frame,,,failed,False,2026-08-18T22:06:41.570881+09:00
Localization Fund,,,failed,False,2026-08-21T02:24:56.488655+09:00
Localization Gate,,,failed,False,2026-08-18T22:10:04.357387+09:00
Localization Generator,10.0,24.0,success,False,2026-08-27T23:34:57.472203+09:00
Localization Giveaway,,,failed,False,2026-08-27T21:16:33.171675+09:00
Localization Grade,,,failed,False,2026-08-21T00:28:17.964653+09:00
Localization Graph,,,failed,False,2026-08-27T22:11:01.897181+09:00
Localization Grid,,,failed,False,2026-08-18T22:05:30.177500+09:00
Localization Guarantee,,,failed,False,2026-08-28T01:06:18.481825+09:00
Localization Guard,,,failed,False,2026-08-18T23:51:26.495575+09:00
Localization Guardian,,,failed,False,2026-08-28T00:25:31.999960+09:00
Localization Guidebook,,,failed,False,2026-08-18T23:51:26.495575+09:00
Localization Helpdesk,,,failed,False,2026-08-27T22:48:47.363219+09:00
Localization Helper,,,failed,False,2026-08-28T00:25:34.855882+09:00
Localization History,10.0,0.0,success,False,2026-08-19T20:37:57.270685+09:00
Localization Hotline,,,failed,False,2026-08-19T21:07:31.125995+09:00
Localization Hub,10.0,2.0,success,False,2026-08-18T22:02:35.560643+09:00
Localization Identifier,,,failed,False,2026-08-23T13:07:00.691919+09:00
Localization Incentive,,,failed,False,2026-08-27T21:16:33.171675+09:00
Localization Index,10.0,0.0,success,False,2026-08-19T21:06:39.226294+09:00
Localization Insight,,,failed,False,2026-08-18T22:11:47.554399+09:00
Localization Installment,,,failed,False,2026-08-23T16:14:18.981651+09:00
Localization Item,,,failed,False,2026-08-21T01:53:38.487807+09:00
Localization Journal,,,failed,False,2026-08-18T23:51:26.495575+09:00
Localization Keeper,,,failed,False,2026-08-18T22:10:34.249457+09:00
Localization Kit,30.0,4.0,success,False,2026-08-27T22:48:41.593169+09:00
Localization Lab,90.0,4.0,success,False,2026-08-18T22:07:40.431986+09:00
Localization Label,,,failed,False,2026-08-27T22:11:05.293773+09:00
Localization Ledger,,,failed,False,2026-08-18T22:07:07.445674+09:00
Localization Lens,,,failed,False,2026-08-18T22:06:31.917725+09:00
Localization Level,,,failed,False,2026-08-19T20:38:12.818207+09:00
Localization Levy,,,failed,False,2026-08-23T13:47:07.330354+09:00
Localization Link,10.0,19.0,success,False,2026-08-23T03:19:05.834960+09:00
Localization List,10.0,0.0,success,False,2026-08-19T21:50:19.457736+09:00
Localization Loan,,,failed,False,2026-08-21T02:09:56.008511+09:00
Localization Locator,,,failed,False,2026-08-19T00:02:18.071698+09:00
Localization Lock,,,failed,False,2026-08-18T22:06:14.738388+09:00
Localization Log,,,failed,False,2026-08-19T13:41:47.769675+09:00
Localization Loop,,,failed,False,2026-08-18T22:05:21.769406+09:00
Localization Manager,480.0,4.0,success,False,2026-08-18T22:10:41.322709+09:00
Localization Manual,,,failed,False,2026-08-27T22:11:07.504968+09:00
Localization Map,2900.0,4.0,success,False,2026-08-18T22:06:23.871734+09:00
Localization Margin,,,failed,False,2026-08-23T02:54:48.016404+09:00
Localization Markup,,,failed,False,2026-08-23T16:38:53.252652+09:00
Localization Memo,,,failed,False,2026-08-21T00:28:26.135871+09:00
Localization Message,,,failed,False,2026-08-27T23:13:53.622178+09:00
Localization Meter,,,failed,False,2026-08-18T22:08:50.050771+09:00
Localization Metrics,10.0,0.0,success,False,2026-08-18T22:11:59.574853+09:00
Localization Monitor,,,failed,False,2026-08-18T22:11:41.345427+09:00
Localization Navigator,,,failed,False,2026-08-18T22:12:21.706710+09:00
Localization Nexus,,,failed,False,2026-08-18T22:10:10.353821+09:00
Localization Node,,,failed,False,2026-08-18T22:09:56.131275+09:00
Localization Note,,,failed,False,2026-08-19T13:20:58.742668+09:00
Localization Notification,,,failed,False,2026-08-27T22:48:37.138670+09:00
Localization Number,,,failed,False,2026-08-23T03:18:56.291245+09:00
Localization Office,,,failed,False,2026-08-19T00:02:39.195734+09:00
Localization Ops,,,failed,False,2026-08-18T23:51:26.495575+09:00
Localization Order,,,failed,False,2026-08-19T21:49:30.160580+09:00
Localization Organizer,,,failed,False,2026-08-18T22:11:32.522772+09:00
Localization Overage,,,failed,False,2026-08-27T21:47:35.080437+09:00
Localization Overdue,,,failed,False,2026-08-27T21:47:29.918815+09:00
Localization Panel,,,failed,False,2026-08-18T22:08:34.595424+09:00
Localization Pass,,,failed,False,2026-08-21T00:27:32.429911+09:00
Localization Path,,,failed,False,2026-08-18T22:05:55.715721+09:00
Localization Payoff,,,failed,False,2026-08-27T21:47:32.265892+09:00
Localization Penalty,,,failed,False,2026-08-23T16:38:53.252652+09:00
Localization Petition,,,failed,False,2026-08-21T01:01:09.555377+09:00
Localization Pilot,,,failed,False,2026-08-18T22:02:46.582498+09:00
Localization Plan,40.0,1.0,success,False,2026-08-21T01:53:55.864574+09:00
Localization Planner,,,failed,False,2026-08-18T22:11:13.751205+09:00
Localization Playbook,,,failed,False,2026-08-18T23:51:26.495575+09:00
Localization Point,10.0,0.0,success,False,2026-08-18T22:06:05.649081+09:00
Localization Portal,,,failed,False,2026-08-18T22:08:19.564377+09:00
Localization Preview,,,failed,False,2026-08-28T01:06:10.302074+09:00
Localization Profile,,,failed,False,2026-08-19T13:21:55.310171+09:00
Localization Profit,,,failed,False,2026-08-23T02:54:41.831535+09:00
Localization Proposal,,,failed,False,2026-08-28T01:06:18.481825+09:00
Localization Pulse,,,failed,False,2026-08-18T22:05:40.235062+09:00
Localization Queue,,,failed,False,2026-08-19T21:07:00.753456+09:00
Localization Quota,,,failed,False,2026-08-21T00:28:32.365756+09:00
Localization Radar,,,failed,False,2026-08-18T22:03:05.761687+09:00
Localization Rail,,,failed,False,2026-08-18T22:09:23.803071+09:00
Localization Rate,50.0,1.0,success,False,2026-08-19T20:38:22.141016+09:00
Localization Recap,,,failed,False,2026-08-21T01:01:17.697392+09:00
Localization Receipt,,,failed,False,2026-08-19T21:49:51.324073+09:00
Localization Recorder,,,failed,False,2026-08-27T23:34:59.997959+09:00
Localization Register,,,failed,False,2026-08-18T23:51:26.495575+09:00
Localization Registry,,,failed,False,2026-08-18T23:51:29.203299+09:00
Localization Relay,,,failed,False,2026-08-18T22:03:16.704658+09:00
Localization Reminder,,,failed,False,2026-08-19T21:06:16.769807+09:00
Localization Report,,,failed,False,2026-08-19T13:41:26.637679+09:00
Localization Repository,,,failed,False,2026-08-27T23:14:01.250377+09:00
Localization Result,,,failed,False,2026-08-28T00:47:53.734178+09:00
Localization Ring,50.0,0.0,success,False,2026-08-18T22:09:47.268840+09:00
Localization Roadmap,,,failed,False,2026-08-18T23:51:29.203299+09:00
Localization Route,,,failed,False,2026-08-18T22:09:07.653451+09:00
Localization Rule,,,failed,False,2026-08-23T03:19:08.908804+09:00
Localization Sale,,,failed,False,2026-08-21T02:25:06.190150+09:00
Localization Sample,10.0,,success,False,2026-08-19T21:51:01.436792+09:00
Localization Scale,,,failed,False,2026-08-18T22:08:59.053528+09:00
Localization Scanner,,,failed,False,2026-08-27T23:56:22.652242+09:00
Localization Scheduler,,,failed,False,2026-08-18T22:11:24.179554+09:00
Localization Scope,,,failed,False,2026-08-18T22:05:11.798475+09:00
Localization Score,,,failed,False,2026-08-19T13:20:50.883072+09:00
Localization Sentry,,,failed,False,2026-08-18T22:10:25.741480+09:00
Localization Sheet,,,failed,False,2026-08-19T13:42:14.783829+09:00
Localization Shortfall,,,failed,False,2026-08-27T21:47:37.465636+09:00
Localization Signal,2900.0,0.0,success,True,2026-08-18T22:04:51.222507+09:00
Localization Slip,,,failed,False,2026-08-19T21:50:52.634082+09:00
Localization Slot,,,failed,False,2026-08-19T21:51:13.518825+09:00
Localization Snapshot,,,failed,False,2026-08-18T23:51:29.203299+09:00
Localization Stage,,,failed,False,2026-08-28T00:47:53.734178+09:00
Localization Stake,,,failed,False,2026-08-23T02:54:45.895962+09:00
Localization Statement,,,failed,False,2026-08-21T00:28:00.116915+09:00
Localization Station,10.0,4.0,success,False,2026-08-18T22:07:47.344279+09:00
Localization Status,,,failed,False,2026-08-19T20:37:42.979136+09:00
Localization Stub,,,failed,False,2026-08-21T00:27:55.902205+09:00
Localization Studio,30.0,9.0,success,False,2026-08-18T22:07:30.618042+09:00
Localization Subsidy,,,failed,False,2026-08-23T15:51:49.176648+09:00
Localization Suite,10.0,0.0,success,False,2026-08-18T22:10:51.704890+09:00
Localization Sum,,,failed,False,2026-08-21T02:24:48.796566+09:00
Localization Summary,,,failed,False,2026-08-19T21:05:57.473217+09:00
Localization Sync,,,failed,False,2026-08-18T23:51:29.203299+09:00
Localization Tab,,,failed,False,2026-08-21T00:28:46.684495+09:00
Localization Table,20.0,1.0,success,False,2026-08-19T21:50:30.697464+09:00
Localization Tag,20.0,14.0,success,False,2026-08-19T13:21:40.944519+09:00
Localization Tally,,,failed,False,2026-08-21T00:28:11.670318+09:00
Localization Tariff,,,failed,False,2026-08-21T02:40:21.955150+09:00
Localization Tax,,,failed,False,2026-08-21T02:09:52.288046+09:00
Localization Terminal,,,failed,False,2026-08-18T22:07:55.686998+09:00
Localization Ticket,,,failed,False,2026-08-19T21:06:47.923280+09:00
Localization Timeline,,,failed,False,2026-08-19T21:06:06.633142+09:00
Localization Toll,,,failed,False,2026-08-21T02:40:14.671503+09:00
Localization Toolbox,10.0,0.0,success,False,2026-08-28T00:25:31.999960+09:00
Localization Toolkit,10.0,4.0,success,False,2026-08-18T23:51:29.203299+09:00
Localization Total,,,failed,False,2026-08-27T23:13:56.060397+09:00
Localization Tracker,201000.0,33.0,success,False,2026-08-18T23:51:29.203299+09:00
Localization Trail,,,failed,False,2026-08-18T22:09:32.067298+09:00
Localization Trend,,,failed,False,2026-08-28T01:06:05.018602+09:00
Localization Trial,,,failed,False,2026-08-27T21:16:28.518091+09:00
Localization Unit,,,failed,False,2026-08-21T01:53:49.077325+09:00
Localization Update,10.0,5.0,success,False,2026-08-19T20:38:30.453873+09:00
Localization Value,,,failed,False,2026-08-23T02:54:43.780312+09:00
Localization Vault,,,failed,False,2026-08-18T22:03:30.222566+09:00
Localization Version,,,failed,False,2026-08-23T03:19:01.069685+09:00
Localization View,20.0,0.0,success,False,2026-08-19T20:37:49.991412+09:00
Localization Voucher,,,failed,False,2026-08-21T00:27:39.908231+09:00
Localization Watch,,,failed,False,2026-08-18T22:05:02.516248+09:00
Localization Wave,,,failed,False,2026-08-18T22:05:47.884963+09:00
Localization Widget,,,failed,False,2026-08-27T23:13:58.602342+09:00
Localization Workbench,,,failed,False,2026-08-18T23:51:29.203299+09:00
Localization Worksheet,,,failed,False,2026-08-27T22:11:11.911250+09:00
Localization Workshop,10.0,5.0,success,False,2026-08-28T00:25:29.232687+09:00
Localization Zone,,,failed,False,2026-08-18T22:08:11.096453+09:00
Location Advance,,,failed,False,2026-08-23T16:12:05.670450+09:00
Location Advisory,20.0,3.0,success,False,2026-08-21T01:09:26.967706+09:00
Location Allowance,170.0,0.0,success,False,2026-08-21T02:39:52.714819+09:00
Location Analyzer,210.0,12.0,success,False,2026-08-27T23:57:37.780075+09:00
Location Arrears,,,failed,False,2026-08-23T16:12:05.670450+09:00
Location Assistant,170.0,1.0,success,False,2026-08-19T12:26:55.574795+09:00
Location Atlas,140.0,86.0,success,False,2026-08-19T12:26:47.247206+09:00
Location Attribute,40.0,0.0,success,False,2026-08-23T13:08:36.933873+09:00
Location Badge,40.0,0.0,success,False,2026-08-21T00:34:40.769437+09:00
Location Balance,30.0,67.0,success,False,2026-08-23T13:48:32.031008+09:00
Location Base,1600.0,2.0,success,False,2026-08-19T12:25:50.876922+09:00
Location Beacon,880.0,28.0,success,False,2026-08-19T12:24:52.766988+09:00
Location Bill,,,failed,False,2026-08-19T21:51:54.755817+09:00
Location Board,390.0,3.0,success,False,2026-08-19T12:25:55.231488+09:00
Location Book,1600.0,37.0,success,False,2026-08-19T21:52:53.016557+09:00
Location Bridge,20.0,0.0,success,False,2026-08-19T12:24:58.043642+09:00
Location Brief,20.0,0.0,success,False,2026-08-21T01:09:20.076507+09:00
Location Bulletin,,,failed,False,2026-08-21T01:09:15.818493+09:00
Location Calendar,170.0,1.0,success,False,2026-08-19T12:27:23.710394+09:00
Location Card,590.0,41.0,success,False,2026-08-19T13:33:39.488989+09:00
Location Cascade,,,failed,False,2026-08-19T12:24:58.043642+09:00
Location Cash,,,failed,False,2026-08-21T02:22:58.653942+09:00
Location Cashback,,,failed,False,2026-08-27T21:15:16.328313+09:00
Location Catalog,,,failed,False,2026-08-19T21:06:27.741536+09:00
Location Category,140.0,0.0,success,False,2026-08-23T13:08:34.053815+09:00
Location Center,140.0,1.0,success,False,2026-08-19T12:26:11.426688+09:00
Location Chain,90.0,43.0,success,False,2026-08-19T12:26:37.096559+09:00
Location Charge,4400.0,17.0,success,False,2026-08-21T02:39:41.486000+09:00
Location Check,5400.0,7.0,success,False,2026-08-19T13:33:51.668880+09:00
Location Checker,5400.0,7.0,success,False,2026-08-27T23:57:33.676197+09:00
Location Checklist,480.0,0.0,success,False,2026-08-19T21:05:28.660617+09:00
Location Circular,,,failed,False,2026-08-21T01:09:25.502385+09:00
Location Code,2400.0,0.0,success,True,2026-08-19T21:52:13.387437+09:00
Location Companion,20.0,0.0,success,False,2026-08-19T12:27:05.323167+09:00
Location Comparison,140.0,3.0,success,False,2026-08-28T01:08:32.525331+09:00
Location Compass,1600.0,6.0,success,False,2026-08-19T12:24:48.425289+09:00
Location Confirmation,90.0,0.0,success,False,2026-08-21T01:09:34.280846+09:00
Location Console,210.0,14.0,success,False,2026-08-19T12:26:22.946559+09:00
Location Contribution,,,failed,False,2026-08-23T16:12:01.471109+09:00
Location Converter,260.0,0.0,success,False,2026-08-27T23:35:24.571352+09:00
Location Core,880.0,0.0,success,False,2026-08-19T12:25:50.876922+09:00
Location Cost,50.0,0.0,success,False,2026-08-21T02:15:35.751133+09:00
Location Count,260.0,0.0,success,False,2026-08-27T22:48:34.491281+09:00
Location Counter,260.0,0.0,success,False,2026-08-19T12:27:39.796113+09:00
Location Coupon,10.0,13.0,success,False,2026-08-27T21:15:13.256077+09:00
Location Deal,20.0,10.0,success,False,2026-08-21T01:59:17.074164+09:00
Location Debt,,,failed,False,2026-08-21T02:22:48.105050+09:00
Location Deck,50.0,0.0,success,False,2026-08-19T12:25:57.716794+09:00
Location Desk,50.0,9.0,success,False,2026-08-19T12:24:32.971008+09:00
Location Detail,1000.0,1.0,success,False,2026-08-23T03:20:39.175053+09:00
Location Diagram,480.0,4.0,success,False,2026-08-27T22:09:41.685906+09:00
Location Digest,,,failed,False,2026-08-19T20:38:10.418620+09:00
Location Directory,110.0,0.0,success,False,2026-08-19T12:27:27.714904+09:00
Location Discount,210.0,41.0,success,False,2026-08-23T16:11:56.492802+09:00
Location Dossier,8100.0,7.0,success,False,2026-08-21T01:09:42.916632+09:00
Location Downpayment,,,failed,False,2026-08-27T21:46:42.401025+09:00
Location Draft,,,failed,False,2026-08-19T20:38:26.547735+09:00
Location Due,,,failed,False,2026-08-23T15:50:21.646134+09:00
Location Duty,,,failed,False,2026-08-21T02:39:46.933675+09:00
Location Engine,50.0,17.0,success,False,2026-08-19T12:26:55.574795+09:00
Location Entry,10.0,0.0,success,False,2026-08-21T00:58:30.042414+09:00
Location Estimate,,,failed,False,2026-08-19T21:06:15.149170+09:00
Location Estimator,10.0,0.0,success,False,2026-08-27T23:57:31.093402+09:00
Location Excerpt,,,failed,False,2026-08-21T00:58:25.474774+09:00
Location Extension,880.0,2.0,success,False,2026-08-23T16:37:52.353259+09:00
Location Fare,,,failed,False,2026-08-21T02:06:11.713342+09:00
Location Fee,170.0,1.0,success,False,2026-08-21T01:59:01.512881+09:00
Location Feed,30.0,0.0,success,False,2026-08-19T20:38:18.738836+09:00
Location Field,70.0,1.0,success,False,2026-08-23T13:08:40.061584+09:00
Location File,320.0,1.0,success,False,2026-08-19T20:37:42.979136+09:00
Location Finder,12100.0,19.0,success,False,2026-08-19T12:27:31.967553+09:00
Location Fine,,,failed,False,2026-08-23T02:55:17.140000+09:00
Location Flow,,,failed,False,2026-08-19T12:24:09.089995+09:00
Location Forge,,,failed,False,2026-08-19T12:24:52.766988+09:00
Location Form,320.0,0.0,success,False,2026-08-19T13:33:22.206561+09:00
Location Format,170.0,0.0,success,False,2026-08-23T13:08:42.186526+09:00
Location Frame,90.0,58.0,success,False,2026-08-19T12:25:46.286307+09:00
Location Fund,,,failed,False,2026-08-21T02:22:54.942838+09:00
Location Gate,30.0,0.0,success,False,2026-08-19T12:26:41.238307+09:00
Location Generator,1000.0,0.0,success,True,2026-08-27T23:35:24.571352+09:00
Location Giveaway,,,failed,False,2026-08-27T21:15:18.698295+09:00
Location Grade,,,failed,False,2026-08-21T00:34:59.250399+09:00
Location Graph,70.0,0.0,success,False,2026-08-27T22:09:28.492809+09:00
Location Grid,170.0,1.0,success,False,2026-08-19T12:25:34.182508+09:00
Location Helpdesk,,,failed,False,2026-08-27T22:48:37.138670+09:00
Location Helper,70.0,4.0,success,False,2026-08-28T00:26:44.575613+09:00
Location History,12100.0,1.0,success,False,2026-08-19T20:37:34.944185+09:00
Location Hotline,,,failed,False,2026-08-19T21:06:37.485931+09:00
Location Hub,1600.0,3.0,success,False,2026-08-19T12:24:32.971008+09:00
Location Identifier,1600.0,1.0,success,False,2026-08-23T13:08:30.246419+09:00
Location Incentive,10.0,2.0,success,False,2026-08-27T21:15:18.698295+09:00
Location Index,70.0,2.0,success,False,2026-08-19T21:05:39.916573+09:00
Location Installment,,,failed,False,2026-08-23T16:11:58.973572+09:00
Location Item,140.0,23.0,success,False,2026-08-21T01:59:08.747160+09:00
Location Journal,10.0,0.0,success,False,2026-08-19T12:27:18.963883+09:00
Location Keeper,,,failed,False,2026-08-19T12:26:47.247206+09:00
Location Kit,30.0,0.0,success,False,2026-08-27T22:48:31.695595+09:00
Location Lab,480.0,0.0,success,False,2026-08-19T12:26:02.355075+09:00
Location Label,210.0,8.0,success,False,2026-08-27T22:09:32.047106+09:00
Location Ledger,,,failed,False,2026-08-19T12:25:55.231488+09:00
Location Level,70.0,21.0,success,False,2026-08-19T20:37:49.991412+09:00
Location Link,1600.0,2.0,success,False,2026-08-23T03:20:32.320134+09:00
Location List,480.0,0.0,success,False,2026-08-19T21:52:28.912563+09:00
Location Loan,20.0,33.0,success,False,2026-08-21T02:06:22.333595+09:00
Location Locator,480.0,20.0,success,False,2026-08-19T12:27:31.967553+09:00
Location Log,390.0,0.0,success,False,2026-08-19T13:33:05.427843+09:00
Location Loop,260.0,0.0,success,False,2026-08-19T12:25:27.149314+09:00
Location Manager,1900.0,2.0,success,False,2026-08-19T12:26:50.558135+09:00
Location Map,368000.0,3.0,success,False,2026-08-19T12:25:43.100247+09:00
Location Marker,2900.0,1.0,success,False,2026-08-23T13:28:10.942428+09:00
Location Markup,,,failed,False,2026-08-23T16:37:47.617319+09:00
Location Memo,,,failed,False,2026-08-21T00:35:01.453915+09:00
Location Message,1900.0,1.0,success,False,2026-08-27T23:14:03.822687+09:00
Location Monitor,140.0,16.0,success,False,2026-08-19T12:27:02.281369+09:00
Location Nexus,,,failed,False,2026-08-19T12:26:44.704983+09:00
Location Note,110.0,0.0,success,False,2026-08-19T13:34:06.788909+09:00
Location Notification,320.0,0.0,success,False,2026-08-27T22:48:25.660209+09:00
Location Number,6600.0,24.0,success,False,2026-08-23T03:20:22.973389+09:00
Location Office,5400.0,5.0,success,False,2026-08-19T12:27:36.694411+09:00
Location Ops,,,failed,False,2026-08-19T12:27:13.663496+09:00
Location Order,480.0,1.0,success,False,2026-08-19T21:51:38.533092+09:00
Location Panel,590.0,1.0,success,False,2026-08-19T12:26:22.946559+09:00
Location Pass,40.0,2.0,success,False,2026-08-21T00:34:30.806569+09:00
Location Path,390.0,0.0,success,False,2026-08-19T12:25:38.632283+09:00
Location Penalty,,,failed,False,2026-08-23T16:37:47.617319+09:00
Location Petition,,,failed,False,2026-08-21T01:09:32.208799+09:00
Location Plan,2900.0,11.0,success,False,2026-08-21T01:59:10.014934+09:00
Location Planner,2900.0,11.0,success,False,2026-08-19T12:26:57.441352+09:00
Location Playbook,,,failed,False,2026-08-19T12:27:13.663496+09:00
Location Point,1900.0,1.0,success,False,2026-08-19T12:25:43.100247+09:00
Location Portal,140.0,14.0,success,False,2026-08-19T12:26:17.646351+09:00
Location Preview,10.0,0.0,success,False,2026-08-28T01:08:32.525331+09:00
Location Price,210.0,7.0,success,False,2026-08-21T02:06:07.596179+09:00
Location Profile,110.0,1.0,success,False,2026-08-19T13:34:25.531210+09:00
Location Profit,,,failed,False,2026-08-23T02:55:04.865137+09:00
Location Proposal,20.0,2.0,success,False,2026-08-28T01:08:32.525331+09:00
Location Queue,,,failed,False,2026-08-19T21:06:06.633142+09:00
Location Radar,140.0,1.0,success,False,2026-08-19T12:24:37.833597+09:00
Location Rail,33100.0,4.0,success,False,2026-08-19T12:26:33.810025+09:00
Location Rank,,,failed,False,2026-08-28T00:48:34.201373+09:00
Location Rate,20.0,0.0,success,False,2026-08-19T20:37:57.270685+09:00
Location Recap,10.0,0.0,success,False,2026-08-21T01:09:44.260038+09:00
Location Receipt,,,failed,False,2026-08-19T21:52:04.287712+09:00
Location Recorder,110.0,24.0,success,False,2026-08-27T23:35:28.835803+09:00
Location Redemption,,,failed,False,2026-08-23T16:37:52.353259+09:00
Location Register,140.0,0.0,success,False,2026-08-19T12:27:08.334680+09:00
Location Registry,140.0,0.0,success,False,2026-08-19T12:27:23.710394+09:00
Location Relay,1000.0,0.0,success,True,2026-08-19T12:24:44.570895+09:00
Location Reminder,140.0,1.0,success,False,2026-08-19T21:05:14.341737+09:00
Location Report,210.0,1.0,success,False,2026-08-19T13:32:55.447680+09:00
Location Repository,,,failed,False,2026-08-27T23:14:15.197354+09:00
Location Roster,,,failed,False,2026-08-19T12:23:01.868954+09:00
Location Route,210.0,5.0,success,False,2026-08-19T12:26:30.202611+09:00
Location Rule,,,failed,False,2026-08-23T03:20:35.213515+09:00
Location Sale,110.0,7.0,success,False,2026-08-21T02:23:05.228659+09:00
Location Sample,170.0,0.0,success,False,2026-08-19T21:53:20.741685+09:00
Location Scale,170.0,0.0,success,False,2026-08-19T12:26:26.109725+09:00
Location Scheduler,,,failed,False,2026-08-19T12:27:02.281369+09:00
Location Scope,10.0,0.0,success,False,2026-08-19T12:25:21.965141+09:00
Location Score,110.0,11.0,success,False,2026-08-19T13:33:57.418081+09:00
Location Sheet,110.0,0.0,success,False,2026-08-19T13:33:46.951331+09:00
Location Signal,6600.0,2.0,success,False,2026-08-19T12:25:02.021725+09:00
Location Slip,720.0,0.0,success,False,2026-08-19T21:53:02.852702+09:00
Location Slot,10.0,0.0,success,False,2026-08-19T21:53:29.207509+09:00
Location Stage,40.0,17.0,success,False,2026-08-28T00:48:30.764034+09:00
Location Stake,,,failed,False,2026-08-23T02:55:10.666436+09:00
Location Stamp,140.0,7.0,success,False,2026-08-23T13:28:10.942428+09:00
Location Statement,140.0,0.0,success,False,2026-08-21T00:34:51.514854+09:00
Location Station,320.0,2.0,success,False,2026-08-19T12:26:06.734544+09:00
Location Status,260.0,2.0,success,False,2026-08-19T20:49:38.357241+09:00
Location Stub,,,failed,False,2026-08-21T00:34:44.893530+09:00
Location Studio,3600.0,24.0,success,False,2026-08-19T12:26:02.355075+09:00
Location Sum,,,failed,False,2026-08-21T02:22:45.760304+09:00
Location Summary,40.0,0.0,success,False,2026-08-19T21:04:51.175636+09:00
Location Table,1300.0,58.0,success,False,2026-08-19T21:52:40.688622+09:00
Location Tag,4400.0,90.0,success,False,2026-08-19T13:34:15.397109+09:00
Location Tariff,,,failed,False,2026-08-21T02:39:59.313025+09:00
Location Tax,720.0,4.0,success,False,2026-08-21T02:06:17.677670+09:00
Location Ticket,320.0,5.0,success,False,2026-08-19T21:05:52.966416+09:00
Location Tier,10.0,0.0,success,False,2026-08-28T00:48:34.201373+09:00
Location Timeline,720.0,0.0,success,False,2026-08-19T21:05:02.074506+09:00
Location Toll,40.0,1.0,success,False,2026-08-21T02:39:49.190275+09:00
Location Toolbox,,,failed,False,2026-08-28T00:26:44.575613+09:00
Location Total,320.0,2.0,success,False,2026-08-27T23:14:08.485077+09:00
Location Tracker,201000.0,33.0,success,False,2026-08-19T12:24:05.330216+09:00
Location Trail,170.0,2.0,success,False,2026-08-19T12:26:33.810025+09:00
Location Trend,260.0,4.0,success,False,2026-08-28T01:08:29.646959+09:00
Location Trial,10.0,0.0,success,False,2026-08-27T21:15:16.328313+09:00
Location Unit,260.0,0.0,success,False,2026-08-21T01:59:11.823228+09:00
Location Update,5400.0,2.0,success,False,2026-08-19T20:38:03.591827+09:00
Location Value,50.0,0.0,success,False,2026-08-23T02:55:08.559599+09:00
Location Vault,480.0,0.0,success,False,2026-08-19T12:24:44.570895+09:00
Location Version,170.0,14.0,success,False,2026-08-23T03:20:27.097448+09:00
Location View,590.0,5.0,success,False,2026-08-19T20:37:22.627194+09:00
Location Voucher,10.0,5.0,success,False,2026-08-21T00:34:35.312701+09:00
Location Watch,390.0,74.0,success,False,2026-08-19T12:25:21.965141+09:00
Location Wave,30.0,0.0,success,False,2026-08-19T12:25:34.182508+09:00
Location Widget,260.0,0.0,success,False,2026-08-27T23:14:12.324093+09:00
Location Worksheet,140.0,0.0,success,False,2026-08-27T22:09:38.149454+09:00
Location Zone,90.0,0.0,success,False,2026-08-19T12:26:15.531413+09:00
Lockout Advance,,,failed,False,2026-08-23T16:17:06.545040+09:00
Lockout Advisory,,,failed,False,2026-08-21T01:04:56.218179+09:00
Lockout Allowance,,,failed,False,2026-08-21T02:43:40.530663+09:00
Lockout Almanac,,,failed,False,2026-08-18T23:51:29.203299+09:00
Lockout Analyzer,10.0,49.0,success,False,2026-08-27T23:51:48.203996+09:00
Lockout Anchor,,,failed,False,2026-08-18T22:04:12.568895+09:00
Lockout Announcement,,,failed,False,2026-08-27T23:31:58.292490+09:00
Lockout Arrears,,,failed,False,2026-08-23T16:17:04.207592+09:00
Lockout Assistant,,,failed,False,2026-08-18T22:10:43.266214+09:00
Lockout Atlas,,,failed,False,2026-08-18T22:09:58.381010+09:00
Lockout Attribute,,,failed,False,2026-08-23T13:09:22.371145+09:00
Lockout Base,,,failed,False,2026-08-18T22:06:25.984558+09:00
Lockout Beacon,,,failed,False,2026-08-18T22:03:18.976552+09:00
Lockout Bill,,,failed,False,2026-08-19T21:54:00.654442+09:00
Lockout Blueprint,,,failed,False,2026-08-18T23:51:29.203299+09:00
Lockout Board,320.0,100.0,success,False,2026-08-18T22:06:52.142585+09:00
Lockout Book,20.0,54.0,success,False,2026-08-19T21:54:53.460475+09:00
Lockout Bridge,,,failed,False,2026-08-18T22:04:00.845205+09:00
Lockout Brief,,,failed,False,2026-08-21T01:04:44.330584+09:00
Lockout Bulletin,,,failed,False,2026-08-21T01:04:35.050629+09:00
Lockout Calculator,,,failed,False,2026-08-27T23:32:01.853038+09:00
Lockout Calendar,,,failed,False,2026-08-18T23:58:38.723569+09:00
Lockout Card,,,failed,False,2026-08-19T13:42:19.343176+09:00
Lockout Cascade,,,failed,False,2026-08-18T22:03:51.381490+09:00
Lockout Cash,,,failed,False,2026-08-21T02:28:18.996082+09:00
Lockout Cashback,,,failed,False,2026-08-27T21:20:04.514316+09:00
Lockout Catalog,,,failed,False,2026-08-19T21:10:33.360879+09:00
Lockout Center,40.0,68.0,success,False,2026-08-18T22:07:42.473360+09:00
Lockout Chain,30.0,87.0,success,False,2026-08-18T22:09:17.362565+09:00
Lockout Charge,10.0,14.0,success,False,2026-08-21T02:43:30.904154+09:00
Lockout Check,,,failed,False,2026-08-19T13:20:50.883072+09:00
Lockout Checker,,,failed,False,2026-08-27T23:51:38.023281+09:00
Lockout Checklist,10.0,,success,False,2026-08-19T21:09:32.906956+09:00
Lockout Circular,,,failed,False,2026-08-21T01:04:41.877436+09:00
Lockout Cockpit,,,failed,False,2026-08-18T22:11:41.345427+09:00
Lockout Code,50.0,1.0,success,False,2026-08-19T21:54:22.632140+09:00
Lockout Codex,,,failed,False,2026-08-18T23:51:29.203299+09:00
Lockout Companion,,,failed,False,2026-08-18T22:12:08.779533+09:00
Lockout Comparison,,,failed,False,2026-08-28T01:02:34.403760+09:00
Lockout Compass,,,failed,False,2026-08-18T22:03:07.731550+09:00
Lockout Compendium,,,failed,False,2026-08-18T23:51:29.203299+09:00
Lockout Confirmation,,,failed,False,2026-08-21T01:05:08.043022+09:00
Lockout Console,,,failed,False,2026-08-18T22:08:04.928972+09:00
Lockout Contribution,,,failed,False,2026-08-23T16:17:00.383036+09:00
Lockout Copayment,,,failed,False,2026-08-23T16:40:21.439904+09:00
Lockout Core,,,failed,False,2026-08-18T22:06:35.395449+09:00
Lockout Cost,20.0,39.0,success,False,2026-08-21T02:12:23.232619+09:00
Lockout Count,,,failed,False,2026-08-27T22:44:39.489901+09:00
Lockout Counter,10.0,0.0,success,False,2026-08-18T23:59:30.074918+09:00
Lockout Coupon,10.0,0.0,success,False,2026-08-27T21:20:01.117686+09:00
Lockout Dashboard,,,failed,False,2026-08-18T22:11:49.715981+09:00
Lockout Deal,,,failed,False,2026-08-21T01:56:55.992066+09:00
Lockout Debt,,,failed,False,2026-08-21T02:28:12.321639+09:00
Lockout Deck,,,failed,False,2026-08-18T22:07:01.170489+09:00
Lockout Depot,,,failed,False,2026-08-18T23:59:11.751475+09:00
Lockout Desk,,,failed,False,2026-08-18T21:11:26.018001+09:00
Lockout Detail,,,failed,False,2026-08-23T03:23:11.854221+09:00
Lockout Detector,,,failed,False,2026-08-27T23:51:43.048579+09:00
Lockout Diagram,,,failed,False,2026-08-27T22:06:46.717056+09:00
Lockout Dial,,,failed,False,2026-08-18T22:08:19.564377+09:00
Lockout Digest,,,failed,False,2026-08-19T20:39:59.254826+09:00
Lockout Directory,,,failed,False,2026-08-18T23:58:46.816942+09:00
Lockout Discount,,,failed,False,2026-08-23T16:16:57.987177+09:00
Lockout Dock,,,failed,False,2026-08-18T22:08:52.301038+09:00
Lockout Dossier,,,failed,False,2026-08-21T01:05:20.057524+09:00
Lockout Draft,10.0,0.0,success,False,2026-08-19T20:40:17.061535+09:00
Lockout Due,,,failed,False,2026-08-23T15:53:03.221395+09:00
Lockout Duty,,,failed,False,2026-08-21T02:43:35.121601+09:00
Lockout Engine,,,failed,False,2026-08-18T22:10:36.115087+09:00
Lockout Entry,10.0,0.0,success,False,2026-08-21T01:05:32.279989+09:00
Lockout Estimate,,,failed,False,2026-08-19T21:10:23.160245+09:00
Lockout Estimator,,,failed,False,2026-08-27T23:51:35.408395+09:00
Lockout Excerpt,,,failed,False,2026-08-21T01:05:29.532542+09:00
Lockout Fare,,,failed,False,2026-08-21T02:12:27.062318+09:00
Lockout Fee,70.0,12.0,success,False,2026-08-21T01:56:41.739952+09:00
Lockout Feed,,,failed,False,2026-08-19T20:40:08.745376+09:00
Lockout Field,,,failed,False,2026-08-23T13:09:25.406302+09:00
Lockout File,,,failed,False,2026-08-19T20:39:26.869721+09:00
Lockout Finder,,,failed,False,2026-08-18T23:59:02.629298+09:00
Lockout Fine,,,failed,False,2026-08-23T02:57:38.722026+09:00
Lockout Flag,,,failed,False,2026-08-21T00:32:18.028421+09:00
Lockout Flow,,,failed,False,2026-08-18T23:51:29.203299+09:00
Lockout Forge,,,failed,False,2026-08-18T22:03:30.222566+09:00
Lockout Form,30.0,0.0,success,False,2026-08-19T13:42:06.803998+09:00
Lockout Format,,,failed,False,2026-08-23T13:09:27.676904+09:00
Lockout Frame,,,failed,False,2026-08-18T22:06:16.619003+09:00
Lockout Fund,,,failed,False,2026-08-21T02:28:15.974883+09:00
Lockout Gate,49500.0,100.0,success,False,2026-08-18T22:09:39.839296+09:00
Lockout Giveaway,,,failed,False,2026-08-26T22:29:25.643786+09:00
Lockout Grade,,,failed,False,2026-08-21T00:32:00.759395+09:00
Lockout Graph,,,failed,False,2026-08-27T22:15:52.757907+09:00
Lockout Grid,,,failed,False,2026-08-18T22:05:06.428384+09:00
Lockout Guarantee,,,failed,False,2026-08-28T01:02:39.668408+09:00
Lockout Guard,10.0,100.0,success,False,2026-08-18T23:51:29.203299+09:00
Lockout Guardian,,,failed,False,2026-08-28T00:21:55.786008+09:00
Lockout Guidebook,,,failed,False,2026-08-18T23:51:29.203299+09:00
Lockout Helpdesk,,,failed,False,2026-08-27T22:44:43.447057+09:00
Lockout Helper,,,failed,False,2026-08-28T00:22:01.777271+09:00
Lockout History,20.0,,success,False,2026-08-19T20:39:18.061361+09:00
Lockout Hotline,,,failed,False,2026-08-19T21:10:44.368255+09:00
Lockout Hub,2900.0,20.0,success,False,2026-08-18T23:51:29.203299+09:00
Lockout Identifier,,,failed,False,2026-08-23T13:09:17.043261+09:00
Lockout Incentive,,,failed,False,2026-08-26T22:29:25.643786+09:00
Lockout Index,,,failed,False,2026-08-19T21:09:46.410901+09:00
Lockout Insight,,,failed,False,2026-08-18T22:11:24.179554+09:00
Lockout Installment,,,failed,False,2026-08-23T16:17:00.383036+09:00
Lockout Item,,,failed,False,2026-08-21T01:56:46.597919+09:00
Lockout Journal,,,failed,False,2026-08-18T23:51:29.203299+09:00
Lockout Keeper,,,failed,False,2026-08-18T22:10:12.310168+09:00
Lockout Kit,8100.0,100.0,success,False,2026-08-27T22:44:33.124302+09:00
Lockout Lab,,,failed,False,2026-08-18T22:07:16.682645+09:00
Lockout Label,50.0,100.0,success,False,2026-08-27T22:06:37.910338+09:00
Lockout Ledger,,,failed,False,2026-08-18T22:06:43.515975+09:00
Lockout Lens,,,failed,False,2026-08-18T22:06:05.649081+09:00
Lockout Level,,,failed,False,2026-08-19T20:39:35.461909+09:00
Lockout Levy,,,failed,False,2026-08-23T13:48:27.768488+09:00
Lockout Link,,,failed,False,2026-08-23T03:23:04.042146+09:00
Lockout List,10.0,2.0,success,False,2026-08-19T21:54:34.064665+09:00
Lockout Loan,,,failed,False,2026-08-21T02:12:35.738319+09:00
Lockout Locator,,,failed,False,2026-08-18T23:58:57.268328+09:00
Lockout Lock,1000.0,100.0,success,False,2026-08-18T22:05:50.321080+09:00
Lockout Log,10.0,68.0,success,False,2026-08-19T13:41:55.083304+09:00
Lockout Loop,,,failed,False,2026-08-18T22:04:53.198463+09:00
Lockout Manager,,,failed,False,2026-08-18T22:10:18.505365+09:00
Lockout Manual,10.0,,success,False,2026-08-27T22:06:37.910338+09:00
Lockout Map,30.0,0.0,success,False,2026-08-18T22:05:57.658157+09:00
Lockout Margin,,,failed,False,2026-08-23T02:57:38.722026+09:00
Lockout Markup,,,failed,False,2026-08-23T16:40:21.439904+09:00
Lockout Memo,,,failed,False,2026-08-21T00:32:06.767489+09:00
Lockout Message,,,failed,False,2026-08-27T23:10:14.890839+09:00
Lockout Meter,,,failed,False,2026-08-18T22:08:28.742242+09:00
Lockout Metrics,,,failed,False,2026-08-18T22:11:34.911588+09:00
Lockout Monitor,,,failed,False,2026-08-18T22:11:16.114719+09:00
Lockout Navigator,,,failed,False,2026-08-18T22:12:02.089704+09:00
Lockout Nexus,,,failed,False,2026-08-18T22:09:49.300650+09:00
Lockout Node,,,failed,False,2026-08-18T22:09:32.067298+09:00
Lockout Note,,,failed,False,2026-08-19T13:21:44.122863+09:00
Lockout Notification,,,failed,False,2026-08-27T22:44:33.124302+09:00
Lockout Number,,,failed,False,2026-08-23T03:22:56.392022+09:00
Lockout Office,,,failed,False,2026-08-18T23:59:20.806892+09:00
Lockout Ops,,,failed,False,2026-08-18T22:12:21.706710+09:00
Lockout Order,10.0,5.0,success,False,2026-08-19T21:53:47.413598+09:00
Lockout Organizer,,,failed,False,2026-08-18T22:11:07.698009+09:00
Lockout Overdue,,,failed,False,2026-08-27T21:50:56.215822+09:00
Lockout Panel,260.0,100.0,success,False,2026-08-18T22:08:12.988621+09:00
Lockout Path,,,failed,False,2026-08-18T22:05:32.001911+09:00
Lockout Penalty,,,failed,False,2026-08-23T16:40:19.270826+09:00
Lockout Petition,,,failed,False,2026-08-21T01:04:52.081586+09:00
Lockout Pilot,,,failed,False,2026-08-18T23:51:29.203299+09:00
Lockout Plan,,,failed,False,2026-08-21T01:56:51.063242+09:00
Lockout Planner,,,failed,False,2026-08-18T22:10:53.801114+09:00
Lockout Playbook,,,failed,False,2026-08-18T23:51:29.203299+09:00
Lockout Point,70.0,51.0,success,False,2026-08-18T22:05:40.235062+09:00
Lockout Portal,,,failed,False,2026-08-18T22:07:55.686998+09:00
Lockout Profile,,,failed,False,2026-08-19T13:22:09.591180+09:00
Lockout Profit,,,failed,False,2026-08-23T02:57:32.152196+09:00
Lockout Pulse,,,failed,False,2026-08-18T22:05:13.758359+09:00
Lockout Queue,,,failed,False,2026-08-19T21:10:13.375829+09:00
Lockout Quota,,,failed,False,2026-08-21T00:32:13.850788+09:00
Lockout Radar,,,failed,False,2026-08-18T22:02:38.118746+09:00
Lockout Rail,10.0,100.0,success,False,2026-08-18T22:09:01.069434+09:00
Lockout Rate,10.0,0.0,success,False,2026-08-19T20:39:43.818952+09:00
Lockout Recap,,,failed,False,2026-08-21T01:05:25.449789+09:00
Lockout Receipt,,,failed,False,2026-08-19T21:54:10.446339+09:00
Lockout Recorder,,,failed,False,2026-08-27T23:32:16.065535+09:00
Lockout Register,20.0,49.0,success,False,2026-08-18T22:12:15.534077+09:00
Lockout Registry,,,failed,False,2026-08-18T23:51:29.203299+09:00
Lockout Relay,880.0,26.0,success,False,2026-08-18T22:02:46.582498+09:00
Lockout Reminder,,,failed,False,2026-08-19T21:09:22.382807+09:00
Lockout Report,170.0,2.0,success,False,2026-08-19T13:41:47.769675+09:00
Lockout Repository,,,failed,False,2026-08-27T23:10:19.958354+09:00
Lockout Result,,,failed,False,2026-08-28T00:46:02.758073+09:00
Lockout Ring,20.0,19.0,success,False,2026-08-18T22:09:25.652147+09:00
Lockout Roadmap,,,failed,False,2026-08-18T23:51:29.203299+09:00
Lockout Roster,,,failed,False,2026-08-19T00:37:59.032888+09:00
Lockout Route,,,failed,False,2026-08-18T22:08:43.049836+09:00
Lockout Rule,,,failed,False,2026-08-23T03:23:07.645674+09:00
Lockout Sale,,,failed,False,2026-08-21T02:28:22.675348+09:00
Lockout Sample,,,failed,False,2026-08-19T21:55:12.102159+09:00
Lockout Scale,,,failed,False,2026-08-18T22:08:34.595424+09:00
Lockout Scanner,,,failed,False,2026-08-27T23:51:38.023281+09:00
Lockout Scheduler,,,failed,False,2026-08-18T22:10:59.912583+09:00
Lockout Scope,10.0,,success,False,2026-08-18T22:04:42.771017+09:00
Lockout Score,,,failed,False,2026-08-19T13:21:04.898366+09:00
Lockout Sentry,,,failed,False,2026-08-18T22:10:04.357387+09:00
Lockout Sheet,,,failed,False,2026-08-19T13:42:30.376897+09:00
Lockout Signal,,,failed,False,2026-08-18T22:04:23.726026+09:00
Lockout Slot,30.0,100.0,success,False,2026-08-19T21:55:20.954175+09:00
Lockout Snapshot,,,failed,False,2026-08-18T23:51:31.690554+09:00
Lockout Stage,,,failed,False,2026-08-28T00:46:02.758073+09:00
Lockout Stake,,,failed,False,2026-08-23T02:57:36.512424+09:00
Lockout Statement,,,failed,False,2026-08-21T00:31:47.591094+09:00
Lockout Station,2400.0,100.0,success,False,2026-08-18T22:07:26.351718+09:00
Lockout Status,720.0,17.0,success,False,2026-08-19T20:38:59.819787+09:00
Lockout Stub,,,failed,False,2026-08-21T00:31:38.357083+09:00
Lockout Studio,2400.0,7.0,success,False,2026-08-18T22:07:07.445674+09:00
Lockout Suite,10.0,0.0,success,False,2026-08-18T22:10:27.962314+09:00
Lockout Sum,,,failed,False,2026-08-21T02:28:08.522679+09:00
Lockout Summary,10.0,,success,False,2026-08-19T21:08:54.298412+09:00
Lockout Sync,,,failed,False,2026-08-18T23:51:31.690554+09:00
Lockout Tab,,,failed,False,2026-08-21T00:32:26.715092+09:00
Lockout Table,,,failed,False,2026-08-19T21:54:42.461641+09:00
Lockout Tag,5400.0,100.0,success,False,2026-08-19T13:21:55.310171+09:00
Lockout Tally,,,failed,False,2026-08-21T00:31:54.895534+09:00
Lockout Tariff,,,failed,False,2026-08-21T02:43:44.053859+09:00
Lockout Tax,,,failed,False,2026-08-21T02:12:31.205964+09:00
Lockout Terminal,,,failed,False,2026-08-18T22:07:33.444344+09:00
Lockout Ticket,,,failed,False,2026-08-19T21:09:59.006110+09:00
Lockout Timeline,,,failed,False,2026-08-19T21:09:08.250321+09:00
Lockout Timer,2400.0,42.0,success,False,2026-08-28T00:21:49.130858+09:00
Lockout Token,,,failed,False,2026-08-23T13:28:13.588297+09:00
Lockout Toll,,,failed,False,2026-08-21T02:43:37.252901+09:00
Lockout Toolbox,10.0,82.0,success,False,2026-08-28T00:21:58.401743+09:00
Lockout Toolkit,,,failed,False,2026-08-18T23:51:31.690554+09:00
Lockout Total,,,failed,False,2026-08-27T23:10:17.409830+09:00
Lockout Tracker,480.0,12.0,success,False,2026-08-18T23:51:31.690554+09:00
Lockout Trail,10.0,0.0,success,False,2026-08-18T22:09:09.487365+09:00
Lockout Trend,10.0,,success,False,2026-08-28T01:02:34.403760+09:00
Lockout Trial,,,failed,False,2026-08-26T22:29:12.332951+09:00
Lockout Unit,20.0,8.0,success,False,2026-08-21T01:56:48.479807+09:00
Lockout Update,10.0,0.0,success,False,2026-08-19T20:39:50.711958+09:00
Lockout Value,,,failed,False,2026-08-23T02:57:34.451765+09:00
Lockout Vault,,,failed,False,2026-08-18T22:02:56.704517+09:00
Lockout Version,,,failed,False,2026-08-23T03:23:00.689817+09:00
Lockout View,,,failed,False,2026-08-19T20:39:09.333161+09:00
Lockout Voucher,,,failed,False,2026-08-21T00:31:26.827984+09:00
Lockout Watch,210.0,0.0,success,False,2026-08-18T22:04:34.092675+09:00
Lockout Wave,,,failed,False,2026-08-18T22:05:23.943754+09:00
Lockout Widget,,,failed,False,2026-08-27T23:10:17.409830+09:00
Lockout Workbench,,,failed,False,2026-08-18T23:51:31.690554+09:00
Lockout Worksheet,,,failed,False,2026-08-27T22:06:42.047958+09:00
Lockout Workshop,,,failed,False,2026-08-28T00:21:51.591333+09:00
Lockout Zone,10.0,0.0,success,False,2026-08-18T22:07:49.432223+09:00
Locksmith Advance,,,failed,False,2026-08-23T16:12:59.279314+09:00
Locksmith Advisory,,,failed,False,2026-08-21T01:01:51.697457+09:00
Locksmith Alert,10.0,,success,False,2026-08-21T00:45:54.993375+09:00
Locksmith Allowance,,,failed,False,2026-08-21T02:39:30.658601+09:00
Locksmith Arrears,,,failed,False,2026-08-23T16:12:54.608017+09:00
Locksmith Assistant,70.0,43.0,success,False,2026-08-21T00:44:15.465135+09:00
Locksmith Atlas,,,failed,False,2026-08-21T00:43:59.576313+09:00
Locksmith Attribute,,,failed,False,2026-08-23T13:08:56.247878+09:00
Locksmith Badge,50.0,13.0,success,False,2026-08-21T00:48:44.199856+09:00
Locksmith Base,,,failed,False,2026-08-21T00:50:35.331865+09:00
Locksmith Beacon,,,failed,False,2026-08-21T00:49:44.632195+09:00
Locksmith Bill,720.0,0.0,success,False,2026-08-21T00:48:00.969173+09:00
Locksmith Bin,,,failed,False,2026-08-21T00:45:59.951643+09:00
Locksmith Board,,,failed,False,2026-08-21T00:50:50.084554+09:00
Locksmith Bridge,,,failed,False,2026-08-21T00:49:54.532841+09:00
Locksmith Brief,,,failed,False,2026-08-21T00:59:19.513950+09:00
Locksmith Bulletin,,,failed,False,2026-08-21T00:59:15.258286+09:00
Locksmith Calendar,,,failed,False,2026-08-21T00:44:58.799520+09:00
Locksmith Card,70.0,72.0,success,False,2026-08-21T00:46:35.033553+09:00
Locksmith Cascade,20.0,26.0,success,False,2026-08-21T00:49:52.271441+09:00
Locksmith Cash,,,failed,False,2026-08-21T02:22:07.753021+09:00
Locksmith Cashback,,,failed,False,2026-08-27T21:16:21.669078+09:00
Locksmith Category,,,failed,False,2026-08-23T13:08:53.842629+09:00
Locksmith Center,90.0,29.0,success,False,2026-08-21T00:51:16.185060+09:00
Locksmith Chain,10.0,16.0,success,False,2026-08-21T00:43:39.738116+09:00
Locksmith Charge,6600.0,55.0,success,False,2026-08-21T02:39:16.897271+09:00
Locksmith Chart,,,failed,False,2026-08-21T00:45:57.527663+09:00
Locksmith Check,,,failed,False,2026-08-21T00:46:39.668460+09:00
Locksmith Checker,,,failed,False,2026-08-27T23:59:32.969820+09:00
Locksmith Circular,,,failed,False,2026-08-21T00:59:32.095317+09:00
Locksmith Code,40.0,14.0,success,False,2026-08-21T00:48:09.704229+09:00
Locksmith Companion,,,failed,False,2026-08-21T00:44:32.272154+09:00
Locksmith Confirmation,,,failed,False,2026-08-21T00:59:43.831495+09:00
Locksmith Console,,,failed,False,2026-08-21T00:51:27.534494+09:00
Locksmith Contribution,,,failed,False,2026-08-23T16:12:51.127665+09:00
Locksmith Copayment,,,failed,False,2026-08-23T16:38:24.543370+09:00
Locksmith Core,,,failed,False,2026-08-21T00:50:41.630976+09:00
Locksmith Cost,6600.0,55.0,success,False,2026-08-21T02:14:32.398981+09:00
Locksmith Counter,,,failed,False,2026-08-21T00:45:16.204972+09:00
Locksmith Coupon,20.0,58.0,success,False,2026-08-27T21:16:19.259868+09:00
Locksmith Deal,170.0,54.0,success,False,2026-08-21T01:58:00.854013+09:00
Locksmith Debt,,,failed,False,2026-08-21T02:21:55.234205+09:00
Locksmith Deck,,,failed,False,2026-08-21T00:50:54.055448+09:00
Locksmith Desk,,,failed,False,2026-08-21T00:49:24.098446+09:00
Locksmith Detail,,,failed,False,2026-08-23T03:20:50.654201+09:00
Locksmith Directory,110.0,39.0,success,False,2026-08-21T00:45:01.205149+09:00
Locksmith Discount,30.0,71.0,success,False,2026-08-23T16:12:46.857371+09:00
Locksmith Dossier,,,failed,False,2026-08-21T00:59:48.261603+09:00
Locksmith Downpayment,,,failed,False,2026-08-27T21:47:37.465636+09:00
Locksmith Draft,,,failed,False,2026-08-21T00:47:32.281403+09:00
Locksmith Due,,,failed,False,2026-08-23T15:50:49.697674+09:00
Locksmith Duty,,,failed,False,2026-08-21T02:39:20.009212+09:00
Locksmith Engine,10.0,0.0,success,False,2026-08-21T00:44:13.071089+09:00
Locksmith Entry,,,failed,False,2026-08-21T00:59:58.992040+09:00
Locksmith Estimate,70.0,87.0,success,False,2026-08-21T00:47:54.639607+09:00
Locksmith Estimator,,,failed,False,2026-08-27T23:59:30.142774+09:00
Locksmith Excerpt,,,failed,False,2026-08-21T01:02:03.687665+09:00
Locksmith Fare,,,failed,False,2026-08-21T02:14:40.877635+09:00
Locksmith Fee,6600.0,55.0,success,False,2026-08-21T01:57:45.438381+09:00
Locksmith Feed,,,failed,False,2026-08-21T00:47:26.672100+09:00
Locksmith Field,,,failed,False,2026-08-23T13:08:58.766460+09:00
Locksmith File,2900.0,4.0,success,False,2026-08-21T00:47:10.612469+09:00
Locksmith Fine,,,failed,False,2026-08-23T02:55:10.666436+09:00
Locksmith Flow,,,failed,False,2026-08-21T00:49:15.446712+09:00
Locksmith Forge,,,failed,False,2026-08-21T00:49:49.714688+09:00
Locksmith Form,,,failed,False,2026-08-21T00:46:31.440534+09:00
Locksmith Format,,,failed,False,2026-08-23T13:09:03.594529+09:00
Locksmith Frame,,,failed,False,2026-08-21T00:50:33.252784+09:00
Locksmith Fund,,,failed,False,2026-08-21T02:21:59.749711+09:00
Locksmith Gate,,,failed,False,2026-08-21T00:43:49.917491+09:00
Locksmith Giveaway,,,failed,False,2026-08-27T21:16:28.518091+09:00
Locksmith Grid,,,failed,False,2026-08-21T00:50:13.056816+09:00
Locksmith Guarantee,590.0,10.0,success,False,2026-08-28T01:03:01.405243+09:00
Locksmith Guardian,,,failed,False,2026-08-28T00:21:19.709791+09:00
Locksmith Helpdesk,,,failed,False,2026-08-27T22:49:51.876514+09:00
Locksmith Helper,70.0,41.0,success,False,2026-08-28T00:21:22.221803+09:00
Locksmith History,40.0,14.0,success,False,2026-08-21T00:47:07.675748+09:00
Locksmith Hub,10.0,33.0,success,False,2026-08-21T00:49:18.470865+09:00
Locksmith Identifier,,,failed,False,2026-08-23T13:08:51.704947+09:00
Locksmith Inbox,,,failed,False,2026-08-21T00:45:52.774285+09:00
Locksmith Incentive,,,failed,False,2026-08-27T21:16:26.164499+09:00
Locksmith Index,,,failed,False,2026-08-21T00:47:46.608049+09:00
Locksmith Installment,,,failed,False,2026-08-23T16:12:46.857371+09:00
Locksmith Item,,,failed,False,2026-08-21T01:57:50.113408+09:00
Locksmith Journal,40.0,0.0,success,False,2026-08-21T00:44:48.876991+09:00
Locksmith Keeper,,,failed,False,2026-08-21T00:44:03.384423+09:00
Locksmith Lab,30.0,32.0,success,False,2026-08-21T00:51:04.799989+09:00
Locksmith Ledger,170.0,3.0,success,False,2026-08-21T00:50:45.127530+09:00
Locksmith Level,,,failed,False,2026-08-21T00:47:13.306684+09:00
Locksmith Levy,,,failed,False,2026-08-23T13:45:27.370408+09:00
Locksmith Line,10.0,0.0,success,False,2026-08-21T00:46:15.039620+09:00
Locksmith Link,30.0,10.0,success,False,2026-08-23T03:20:42.703424+09:00
Locksmith List,,,failed,False,2026-08-21T00:48:12.190063+09:00
Locksmith Loan,,,failed,False,2026-08-21T02:14:50.093035+09:00
Locksmith Lobby,,,failed,False,2026-08-21T00:46:06.764298+09:00
Locksmith Locator,260.0,69.0,success,False,2026-08-21T00:45:06.062419+09:00
Locksmith Locker,10.0,73.0,success,False,2026-08-21T00:45:19.199440+09:00
Locksmith Log,,,failed,False,2026-08-21T00:46:29.176332+09:00
Locksmith Loop,,,failed,False,2026-08-21T00:50:09.781883+09:00
Locksmith Manager,10.0,14.0,success,False,2026-08-21T00:44:10.518978+09:00
Locksmith Manual,10.0,90.0,success,False,2026-08-27T22:11:07.504968+09:00
Locksmith Map,,,failed,False,2026-08-21T00:50:29.679005+09:00
Locksmith Markup,,,failed,False,2026-08-23T16:38:22.069097+09:00
Locksmith Memo,,,failed,False,2026-08-21T00:48:57.806090+09:00
Locksmith Message,,,failed,False,2026-08-27T23:15:41.145408+09:00
Locksmith Monitor,,,failed,False,2026-08-21T00:44:27.350497+09:00
Locksmith Nexus,,,failed,False,2026-08-21T00:43:54.085720+09:00
Locksmith Note,,,failed,False,2026-08-21T00:46:47.041557+09:00
Locksmith Notification,,,failed,False,2026-08-27T22:49:42.275363+09:00
Locksmith Number,590.0,74.0,success,False,2026-08-23T03:20:32.320134+09:00
Locksmith Office,110.0,36.0,success,False,2026-08-21T00:45:10.747399+09:00
Locksmith Ops,,,failed,False,2026-08-21T00:44:42.710868+09:00
Locksmith Order,,,failed,False,2026-08-21T00:47:57.951273+09:00
Locksmith Overage,,,failed,False,2026-08-27T21:47:35.080437+09:00
Locksmith Overdue,,,failed,False,2026-08-27T21:47:32.265892+09:00
Locksmith Panel,10.0,,success,False,2026-08-21T00:51:31.068549+09:00
Locksmith Pass,,,failed,False,2026-08-21T00:48:33.175763+09:00
Locksmith Passport,,,failed,False,2026-08-21T00:46:03.316699+09:00
Locksmith Path,,,failed,False,2026-08-21T00:50:21.320378+09:00
Locksmith Payoff,,,failed,False,2026-08-27T21:47:32.265892+09:00
Locksmith Penalty,,,failed,False,2026-08-23T16:38:22.069097+09:00
Locksmith Petition,,,failed,False,2026-08-21T00:59:38.385269+09:00
Locksmith Plan,,,failed,False,2026-08-21T01:57:54.921820+09:00
Locksmith Planner,,,failed,False,2026-08-21T00:44:21.197874+09:00
Locksmith Playbook,,,failed,False,2026-08-21T00:44:45.180563+09:00
Locksmith Point,,,failed,False,2026-08-21T00:50:24.003386+09:00
Locksmith Portal,,,failed,False,2026-08-21T00:51:25.324564+09:00
Locksmith Profile,,,failed,False,2026-08-21T00:46:54.280562+09:00
Locksmith Profit,,,failed,False,2026-08-23T02:54:59.727215+09:00
Locksmith Quota,,,failed,False,2026-08-21T00:49:04.500727+09:00
Locksmith Radar,,,failed,False,2026-08-21T00:49:27.660795+09:00
Locksmith Rail,,,failed,False,2026-08-21T00:51:42.581125+09:00
Locksmith Rate,170.0,53.0,success,False,2026-08-21T00:47:19.116810+09:00
Locksmith Recap,10.0,,success,False,2026-08-21T01:02:50.394287+09:00
Locksmith Receipt,110.0,77.0,success,False,2026-08-21T00:48:07.260312+09:00
Locksmith Register,90.0,35.0,success,False,2026-08-21T00:44:36.517071+09:00
Locksmith Registry,,,failed,False,2026-08-21T00:44:54.956989+09:00
Locksmith Relay,,,failed,False,2026-08-21T00:49:29.914475+09:00
Locksmith Reminder,,,failed,False,2026-08-21T00:47:44.020698+09:00
Locksmith Report,,,failed,False,2026-08-21T00:46:23.702871+09:00
Locksmith Ring,30.0,4.0,success,False,2026-08-21T00:43:46.604021+09:00
Locksmith Roll,,,failed,False,2026-08-21T00:46:21.529361+09:00
Locksmith Roster,,,failed,False,2026-08-21T00:45:50.178398+09:00
Locksmith Route,,,failed,False,2026-08-21T00:51:40.152987+09:00
Locksmith Rule,,,failed,False,2026-08-23T03:20:46.771409+09:00
Locksmith Sale,480.0,29.0,success,False,2026-08-21T02:22:10.235863+09:00
Locksmith Sample,,,failed,False,2026-08-21T00:48:26.954363+09:00
Locksmith Scale,,,failed,False,2026-08-21T00:51:35.796791+09:00
Locksmith Scanner,10.0,100.0,success,False,2026-08-27T23:59:35.243773+09:00
Locksmith Scheduler,,,failed,False,2026-08-21T00:44:23.943990+09:00
Locksmith Scope,90.0,72.0,success,False,2026-08-21T00:50:07.130228+09:00
Locksmith Score,,,failed,False,2026-08-21T00:46:44.759034+09:00
Locksmith Sheet,,,failed,False,2026-08-21T00:46:37.254114+09:00
Locksmith Shortfall,,,failed,False,2026-08-27T21:47:39.871299+09:00
Locksmith Signal,,,failed,False,2026-08-21T00:49:59.942955+09:00
Locksmith Signature,,,failed,False,2026-08-23T13:28:17.743262+09:00
Locksmith Slip,,,failed,False,2026-08-21T00:48:22.062191+09:00
Locksmith Slot,,,failed,False,2026-08-21T00:48:30.052376+09:00
Locksmith Stake,,,failed,False,2026-08-23T02:55:04.865137+09:00
Locksmith Statement,,,failed,False,2026-08-21T00:48:54.666046+09:00
Locksmith Station,,,failed,False,2026-08-21T00:51:07.998109+09:00
Locksmith Status,10.0,0.0,success,False,2026-08-21T00:46:56.943275+09:00
Locksmith Stub,,,failed,False,2026-08-21T00:48:48.333943+09:00
Locksmith Studio,90.0,3.0,success,False,2026-08-21T00:50:58.385493+09:00
Locksmith Subsidy,,,failed,False,2026-08-23T15:50:51.928952+09:00
Locksmith Sum,,,failed,False,2026-08-21T02:21:52.863298+09:00
Locksmith Summary,,,failed,False,2026-08-21T00:47:34.415597+09:00
Locksmith Tab,,,failed,False,2026-08-21T00:49:07.202034+09:00
Locksmith Table,20.0,0.0,success,False,2026-08-21T00:48:18.650216+09:00
Locksmith Tag,,,failed,False,2026-08-21T00:46:52.072318+09:00
Locksmith Tariff,,,failed,False,2026-08-21T02:39:34.519072+09:00
Locksmith Tax,,,failed,False,2026-08-21T02:14:45.406179+09:00
Locksmith Terminal,,,failed,False,2026-08-21T00:51:10.614458+09:00
Locksmith Ticker,,,failed,False,2026-08-21T00:46:10.718962+09:00
Locksmith Ticket,,,failed,False,2026-08-21T00:47:49.290523+09:00
Locksmith Timeline,,,failed,False,2026-08-21T00:47:36.977895+09:00
Locksmith Timer,,,failed,False,2026-08-28T00:21:14.040617+09:00
Locksmith Toll,,,failed,False,2026-08-21T02:39:23.092445+09:00
Locksmith Toolbox,50.0,98.0,success,False,2026-08-28T00:21:19.709791+09:00
Locksmith Total,,,failed,False,2026-08-27T23:15:41.145408+09:00
Locksmith Tracker,,,failed,False,2026-08-21T00:49:09.924663+09:00
Locksmith Trail,,,failed,False,2026-08-21T00:43:36.715710+09:00
Locksmith Trial,,,failed,False,2026-08-27T21:16:23.936714+09:00
Locksmith Unit,10.0,49.0,success,False,2026-08-21T01:57:52.664433+09:00
Locksmith Update,,,failed,False,2026-08-21T00:47:23.165444+09:00
Locksmith Value,,,failed,False,2026-08-23T02:55:02.071314+09:00
Locksmith Vault,,,failed,False,2026-08-21T00:49:37.584742+09:00
Locksmith Version,,,failed,False,2026-08-23T03:20:35.213515+09:00
Locksmith View,,,failed,False,2026-08-21T00:47:05.432306+09:00
Locksmith Voucher,,,failed,False,2026-08-21T00:48:40.223162+09:00
Locksmith Watch,,,failed,False,2026-08-21T00:50:02.185546+09:00
Locksmith Wave,,,failed,False,2026-08-21T00:50:17.936305+09:00
Locksmith Widget,40.0,6.0,success,False,2026-08-27T23:15:43.697016+09:00
Locksmith Window,,,failed,False,2026-08-21T00:46:19.116405+09:00
Locksmith Worksheet,,,failed,False,2026-08-27T22:11:11.911250+09:00
Locksmith Workshop,50.0,6.0,success,False,2026-08-28T00:21:17.081309+09:00
Locksmith Zone,390.0,6.0,success,False,2026-08-21T00:51:18.988117+09:00
Logbook Advisory,,,failed,False,2026-08-21T01:06:31.516088+09:00
Logbook Allowance,,,failed,False,2026-08-21T02:38:28.246618+09:00
Logbook Almanac,,,failed,False,2026-08-18T22:12:19.566532+09:00
Logbook Analyzer,,,failed,False,2026-08-27T23:54:02.041371+09:00
Logbook Anchor,,,failed,False,2026-08-17T23:28:04.378663+09:00
Logbook Asset,,,failed,False,2026-08-23T13:47:51.726767+09:00
Logbook Assistant,,,failed,False,2026-08-17T23:23:57.574570+09:00
Logbook Atlas,,,failed,False,2026-08-17T23:33:25.716051+09:00
Logbook Badge,,,failed,False,2026-08-21T00:31:30.142352+09:00
Logbook Balance,,,failed,False,2026-08-23T13:47:49.087746+09:00
Logbook Base,,,failed,False,2026-08-17T23:30:03.516281+09:00
Logbook Beacon,,,failed,False,2026-08-17T23:27:34.340862+09:00
Logbook Bill,,,failed,False,2026-08-19T21:47:08.663103+09:00
Logbook Blueprint,,,failed,False,2026-08-18T22:12:13.672404+09:00
Logbook Board,,,failed,False,2026-08-17T23:11:27.104300+09:00
Logbook Bridge,,,failed,False,2026-08-17T23:10:08.054607+09:00
Logbook Brief,,,failed,False,2026-08-21T01:06:21.603341+09:00
Logbook Bulletin,,,failed,False,2026-08-21T01:06:17.673460+09:00
Logbook Cabinet,,,failed,False,2026-08-27T23:11:17.164347+09:00
Logbook Calendar,,,failed,False,2026-08-19T00:03:34.698010+09:00
Logbook Card,40.0,0.0,success,False,2026-08-19T13:22:52.997590+09:00
Logbook Cascade,,,failed,False,2026-08-17T23:27:48.723968+09:00
Logbook Cash,,,failed,False,2026-08-21T02:21:27.143708+09:00
Logbook Cashback,,,failed,False,2026-08-27T21:19:54.141367+09:00
Logbook Category,,,failed,False,2026-08-23T13:07:17.768470+09:00
Logbook Center,,,failed,False,2026-08-17T23:07:47.336176+09:00
Logbook Chain,,,failed,False,2026-08-17T23:12:41.358995+09:00
Logbook Charge,,,failed,False,2026-08-21T02:38:19.881796+09:00
Logbook Check,1600.0,4.0,success,False,2026-08-19T13:23:16.958274+09:00
Logbook Checker,1600.0,4.0,success,False,2026-08-27T23:53:51.631383+09:00
Logbook Circular,,,failed,False,2026-08-21T01:06:25.514755+09:00
Logbook Cockpit,,,failed,False,2026-08-17T23:14:05.238044+09:00
Logbook Code,,,failed,False,2026-08-19T21:47:40.553023+09:00
Logbook Codex,,,failed,False,2026-08-18T23:51:31.690554+09:00
Logbook Companion,,,failed,False,2026-08-17T23:25:51.814430+09:00
Logbook Comparison,,,failed,False,2026-08-28T01:05:00.784184+09:00
Logbook Compass,,,failed,False,2026-08-17T23:08:28.176792+09:00
Logbook Compendium,,,failed,False,2026-08-18T23:51:31.690554+09:00
Logbook Confirmation,,,failed,False,2026-08-21T01:06:44.007854+09:00
Logbook Console,,,failed,False,2026-08-17T23:31:42.326204+09:00
Logbook Converter,,,failed,False,2026-08-27T23:33:29.170312+09:00
Logbook Core,,,failed,False,2026-08-17T23:04:12.037031+09:00
Logbook Cost,20.0,7.0,success,False,2026-08-21T02:14:40.877635+09:00
Logbook Count,,,failed,False,2026-08-27T22:45:32.227130+09:00
Logbook Counter,,,failed,False,2026-08-19T00:04:23.577898+09:00
Logbook Coupon,,,failed,False,2026-08-27T21:19:54.141367+09:00
Logbook Dashboard,,,failed,False,2026-08-17T23:25:33.384672+09:00
Logbook Deal,,,failed,False,2026-08-21T01:58:40.468509+09:00
Logbook Debt,,,failed,False,2026-08-21T02:21:19.910090+09:00
Logbook Deck,30.0,52.0,success,False,2026-08-17T23:30:33.375533+09:00
Logbook Depot,,,failed,False,2026-08-19T00:04:07.444762+09:00
Logbook Desk,,,failed,False,2026-08-17T23:06:43.544679+09:00
Logbook Detail,,,failed,False,2026-08-23T03:18:48.364198+09:00
Logbook Detector,,,failed,False,2026-08-27T23:53:59.228828+09:00
Logbook Dial,,,failed,False,2026-08-17T23:32:02.596672+09:00
Logbook Digest,,,failed,False,2026-08-19T20:44:56.793146+09:00
Logbook Directory,,,failed,False,2026-08-19T00:03:41.244683+09:00
Logbook Dock,,,failed,False,2026-08-17T23:32:34.743858+09:00
Logbook Dossier,,,failed,False,2026-08-21T01:06:48.856434+09:00
Logbook Downpayment,,,failed,False,2026-08-27T21:50:58.340520+09:00
Logbook Draft,,,failed,False,2026-08-19T20:45:12.440392+09:00
Logbook Due,,,failed,False,2026-08-23T15:52:40.502270+09:00
Logbook Duty,,,failed,False,2026-08-21T02:38:23.344262+09:00
Logbook Engine,20.0,6.0,success,False,2026-08-17T23:10:49.091693+09:00
Logbook Entry,2400.0,1.0,success,False,2026-08-21T01:07:02.843245+09:00
Logbook Estimate,,,failed,False,2026-08-19T21:31:01.684338+09:00
Logbook Excerpt,,,failed,False,2026-08-21T01:06:58.606298+09:00
Logbook Fare,,,failed,False,2026-08-21T02:14:50.093035+09:00
Logbook Fee,,,failed,False,2026-08-21T01:58:27.155216+09:00
Logbook Feed,,,failed,False,2026-08-19T20:45:06.240403+09:00
Logbook File,20.0,83.0,success,False,2026-08-19T20:44:23.661281+09:00
Logbook Finder,,,failed,False,2026-08-19T00:03:57.643433+09:00
Logbook Fine,,,failed,False,2026-08-23T02:54:19.843201+09:00
Logbook Flag,,,failed,False,2026-08-21T00:32:15.885792+09:00
Logbook Flow,,,failed,False,2026-08-17T23:26:34.514876+09:00
Logbook Forge,,,failed,False,2026-08-17T23:15:18.258563+09:00
Logbook Form,720.0,5.0,success,False,2026-08-19T13:22:01.413587+09:00
Logbook Format,720.0,5.0,success,False,2026-08-23T13:07:23.083484+09:00
Logbook Frame,,,failed,False,2026-08-17T23:09:52.206266+09:00
Logbook Fund,,,failed,False,2026-08-21T02:21:23.135425+09:00
Logbook Gate,,,failed,False,2026-08-17T23:33:11.202195+09:00
Logbook Giveaway,,,failed,False,2026-08-27T21:20:01.117686+09:00
Logbook Grade,,,failed,False,2026-08-21T00:31:57.081328+09:00
Logbook Graph,10.0,0.0,success,False,2026-08-27T22:15:49.874448+09:00
Logbook Grid,,,failed,False,2026-08-17T23:06:22.536636+09:00
Logbook Guarantee,,,failed,False,2026-08-28T01:05:08.626878+09:00
Logbook Guard,20.0,6.0,success,False,2026-08-17T23:10:31.513884+09:00
Logbook Guardian,,,failed,False,2026-08-28T00:23:58.859062+09:00
Logbook Guidebook,,,failed,False,2026-08-18T22:11:56.316205+09:00
Logbook Helpdesk,,,failed,False,2026-08-27T22:45:37.997038+09:00
Logbook Helper,90.0,4.0,success,False,2026-08-28T00:24:01.160084+09:00
Logbook History,30.0,17.0,success,False,2026-08-19T20:44:16.708983+09:00
Logbook Hub,,,failed,False,2026-08-17T23:12:02.312580+09:00
Logbook Identifier,,,failed,False,2026-08-23T13:07:17.768470+09:00
Logbook Incentive,,,failed,False,2026-08-27T21:19:58.870068+09:00
Logbook Index,,,failed,False,2026-08-19T21:30:42.715680+09:00
Logbook Insight,,,failed,False,2026-08-17T23:07:07.612411+09:00
Logbook Item,,,failed,False,2026-08-21T01:58:34.274743+09:00
Logbook Journal,1300.0,4.0,success,False,2026-08-18T22:11:39.333366+09:00
Logbook Keeper,,,failed,False,2026-08-17T23:33:40.972373+09:00
Logbook Lab,50.0,18.0,success,False,2026-08-17T23:30:45.182553+09:00
Logbook Ledger,,,failed,False,2026-08-17T23:30:16.319777+09:00
Logbook Lens,,,failed,False,2026-08-17T23:29:46.030396+09:00
Logbook Level,,,failed,False,2026-08-19T20:44:32.627645+09:00
Logbook Levy,,,failed,False,2026-08-23T13:47:56.055627+09:00
Logbook Link,,,failed,False,2026-08-23T03:18:41.681571+09:00
Logbook List,,,failed,False,2026-08-19T21:47:52.868004+09:00
Logbook Loan,8100.0,72.0,success,False,2026-08-21T02:14:55.250493+09:00
Logbook Locator,,,failed,False,2026-08-19T00:03:50.601023+09:00
Logbook Lock,,,failed,False,2026-08-17T23:29:31.685360+09:00
Logbook Log,60500.0,31.0,success,False,2026-08-19T13:21:52.267675+09:00
Logbook Loop,,,failed,False,2026-08-17T23:28:37.439215+09:00
Logbook Manager,20.0,5.0,success,False,2026-08-17T22:51:27.768654+09:00
Logbook Manual,20.0,25.0,success,False,2026-08-27T22:15:52.757907+09:00
Logbook Map,10.0,2.0,success,False,2026-08-17T23:14:59.429645+09:00
Logbook Margin,,,failed,False,2026-08-23T02:54:15.524012+09:00
Logbook Memo,,,failed,False,2026-08-21T00:32:03.646563+09:00
Logbook Meter,,,failed,False,2026-08-17T23:03:53.626473+09:00
Logbook Metrics,,,failed,False,2026-08-17T23:24:58.944526+09:00
Logbook Monitor,,,failed,False,2026-08-17T23:24:40.372556+09:00
Logbook Navigator,,,failed,False,2026-08-17T23:08:49.702335+09:00
Logbook Nexus,,,failed,False,2026-08-17T23:14:22.352504+09:00
Logbook Node,,,failed,False,2026-08-17T23:07:30.676472+09:00
Logbook Note,,,failed,False,2026-08-19T13:23:44.398972+09:00
Logbook Notification,,,failed,False,2026-08-27T22:45:23.426349+09:00
Logbook Number,140.0,1.0,success,False,2026-08-23T03:18:33.193002+09:00
Logbook Office,70.0,70.0,success,False,2026-08-19T00:04:14.172620+09:00
Logbook Ops,,,failed,False,2026-08-17T23:26:06.305227+09:00
Logbook Organizer,30.0,100.0,success,False,2026-08-17T23:12:20.668668+09:00
Logbook Overage,,,failed,False,2026-08-27T21:50:56.215822+09:00
Logbook Overdue,,,failed,False,2026-08-27T21:50:51.730845+09:00
Logbook Panel,,,failed,False,2026-08-17T23:09:32.191803+09:00
Logbook Pass,,,failed,False,2026-08-21T00:31:17.519824+09:00
Logbook Path,,,failed,False,2026-08-17T23:29:14.907859+09:00
Logbook Payoff,,,failed,False,2026-08-27T21:50:54.080102+09:00
Logbook Petition,,,failed,False,2026-08-21T01:06:36.051415+09:00
Logbook Pilot,8100.0,94.0,success,False,2026-08-17T23:26:50.492047+09:00
Logbook Plan,,,failed,False,2026-08-21T01:58:35.810953+09:00
Logbook Planner,,,failed,False,2026-08-17T23:05:14.518937+09:00
Logbook Playbook,,,failed,False,2026-08-18T22:11:32.522772+09:00
Logbook Point,,,failed,False,2026-08-17T23:08:08.981233+09:00
Logbook Portal,40.0,0.0,success,False,2026-08-17T23:14:44.117441+09:00
Logbook Preview,,,failed,False,2026-08-28T01:05:03.424573+09:00
Logbook Profile,,,failed,False,2026-08-19T13:24:17.578330+09:00
Logbook Profit,,,failed,False,2026-08-23T02:54:08.933520+09:00
Logbook Proposal,10.0,0.0,success,False,2026-08-28T01:05:06.027579+09:00
Logbook Pulse,,,failed,False,2026-08-17T23:28:54.506937+09:00
Logbook Quota,,,failed,False,2026-08-21T00:32:11.459467+09:00
Logbook Radar,,,failed,False,2026-08-17T23:27:06.990402+09:00
Logbook Rail,,,failed,False,2026-08-17T23:05:39.217461+09:00
Logbook Rate,,,failed,False,2026-08-19T20:44:39.695908+09:00
Logbook Recap,50.0,2.0,success,False,2026-08-21T01:06:53.303863+09:00
Logbook Receipt,,,failed,False,2026-08-19T21:47:26.468483+09:00
Logbook Register,70.0,15.0,success,False,2026-08-17T23:15:32.901211+09:00
Logbook Registry,,,failed,False,2026-08-18T22:12:06.505434+09:00
Logbook Relay,,,failed,False,2026-08-17T23:13:43.600383+09:00
Logbook Reminder,,,failed,False,2026-08-19T21:30:36.862882+09:00
Logbook Report,50.0,4.0,success,False,2026-08-19T13:21:15.307510+09:00
Logbook Repository,,,failed,False,2026-08-27T23:11:19.629691+09:00
Logbook Roadmap,,,failed,False,2026-08-18T23:51:31.690554+09:00
Logbook Roster,,,failed,False,2026-08-19T00:38:38.551550+09:00
Logbook Route,,,failed,False,2026-08-17T23:11:08.683373+09:00
Logbook Rule,,,failed,False,2026-08-23T03:18:44.540602+09:00
Logbook Sale,,,failed,False,2026-08-21T02:21:30.317993+09:00
Logbook Sample,480.0,31.0,success,False,2026-08-19T21:48:48.534569+09:00
Logbook Scale,,,failed,False,2026-08-17T23:32:21.137516+09:00
Logbook Scanner,,,failed,False,2026-08-27T23:53:51.631383+09:00
Logbook Scheduler,,,failed,False,2026-08-17T23:24:15.710246+09:00
Logbook Scope,,,failed,False,2026-08-17T23:11:46.496961+09:00
Logbook Score,,,failed,False,2026-08-19T13:23:25.617100+09:00
Logbook Sentry,,,failed,False,2026-08-17T23:09:09.172246+09:00
Logbook Sheet,5400.0,9.0,success,False,2026-08-19T13:23:05.373596+09:00
Logbook Signal,,,failed,False,2026-08-17T23:04:29.933530+09:00
Logbook Signature,,,failed,False,2026-08-23T13:27:51.587934+09:00
Logbook Slip,,,failed,False,2026-08-19T21:48:34.329578+09:00
Logbook Slot,,,failed,False,2026-08-19T21:49:03.135784+09:00
Logbook Snapshot,,,failed,False,2026-08-18T22:11:47.554399+09:00
Logbook Stake,,,failed,False,2026-08-23T02:54:13.248458+09:00
Logbook Statement,,,failed,False,2026-08-21T00:31:43.518986+09:00
Logbook Station,,,failed,False,2026-08-17T23:13:04.753315+09:00
Logbook Status,110.0,0.0,success,False,2026-08-19T20:44:00.282785+09:00
Logbook Stub,,,failed,False,2026-08-21T00:31:36.211701+09:00
Logbook Studio,,,failed,False,2026-08-17T23:06:02.733299+09:00
Logbook Suite,50.0,4.0,success,False,2026-08-17T23:23:41.484558+09:00
Logbook Sum,,,failed,False,2026-08-21T02:21:14.623269+09:00
Logbook Summary,30.0,3.0,success,False,2026-08-19T21:30:22.896569+09:00
Logbook Sync,,,failed,False,2026-08-17T23:04:50.362686+09:00
Logbook Tab,,,failed,False,2026-08-21T00:32:20.380964+09:00
Logbook Table,20.0,9.0,success,False,2026-08-19T21:48:07.459723+09:00
Logbook Tag,,,failed,False,2026-08-19T13:24:07.507599+09:00
Logbook Tally,,,failed,False,2026-08-21T00:31:49.661501+09:00
Logbook Tariff,,,failed,False,2026-08-21T02:38:35.767249+09:00
Logbook Tax,320.0,67.0,success,False,2026-08-21T02:14:55.250493+09:00
Logbook Terminal,,,failed,False,2026-08-17T23:31:10.385394+09:00
Logbook Ticket,,,failed,False,2026-08-19T21:30:51.810974+09:00
Logbook Timeline,,,failed,False,2026-08-19T21:30:28.519556+09:00
Logbook Timer,,,failed,False,2026-08-28T00:23:53.902588+09:00
Logbook Toll,,,failed,False,2026-08-21T02:38:25.978724+09:00
Logbook Toolbox,,,failed,False,2026-08-28T00:24:01.160084+09:00
Logbook Toolkit,,,failed,False,2026-08-18T22:11:21.547380+09:00
Logbook Tracker,590.0,33.0,success,False,2026-08-17T23:26:20.273293+09:00
Logbook Trail,,,failed,False,2026-08-17T23:32:47.059992+09:00
Logbook Trend,,,failed,False,2026-08-28T01:04:57.702842+09:00
Logbook Trial,,,failed,False,2026-08-27T21:19:56.366947+09:00
Logbook Unit,,,failed,False,2026-08-21T01:58:32.976972+09:00
Logbook Update,90.0,0.0,success,False,2026-08-19T20:44:48.132741+09:00
Logbook Value,,,failed,False,2026-08-23T02:54:11.154631+09:00
Logbook Vault,,,failed,False,2026-08-17T23:27:19.198277+09:00
Logbook Version,10.0,0.0,success,False,2026-08-23T03:18:36.305827+09:00
Logbook View,,,failed,False,2026-08-19T20:44:05.928260+09:00
Logbook Voucher,,,failed,False,2026-08-21T00:31:22.902026+09:00
Logbook Watch,,,failed,False,2026-08-17T23:28:17.323230+09:00
Logbook Wave,,,failed,False,2026-08-17T23:13:24.499414+09:00
Logbook Widget,,,failed,False,2026-08-27T23:11:14.046678+09:00
Logbook Workbench,,,failed,False,2026-08-18T22:11:11.945944+09:00
Logbook Worksheet,,,failed,False,2026-08-27T22:15:55.055044+09:00
Logbook Workshop,,,failed,False,2026-08-28T00:23:56.463149+09:00
Logbook Zone,,,failed,False,2026-08-17T23:31:27.985495+09:00
Logistics Advance,,,failed,False,2026-08-23T16:12:20.898327+09:00
Logistics Advisory,10.0,16.0,success,False,2026-08-21T01:02:07.931527+09:00
Logistics Allowance,,,failed,False,2026-08-21T02:42:36.894313+09:00
Logistics Almanac,,,failed,False,2026-08-18T22:08:32.701996+09:00
Logistics Analyzer,,,failed,False,2026-08-27T23:56:47.564941+09:00
Logistics Anchor,,,failed,False,2026-08-17T20:42:51.727520+09:00
Logistics Arrears,,,failed,False,2026-08-23T16:12:18.349007+09:00
Logistics Asset,90.0,2.0,success,False,2026-08-23T13:45:27.370408+09:00
Logistics Assistant,3600.0,3.0,success,False,2026-08-17T23:32:18.106895+09:00
Logistics Atlas,,,failed,False,2026-08-17T20:33:40.236931+09:00
Logistics Attribute,,,failed,False,2026-08-23T13:09:35.316031+09:00
Logistics Badge,70.0,22.0,success,False,2026-08-21T00:36:37.815514+09:00
Logistics Base,50.0,2.0,success,False,2026-08-17T21:41:49.444267+09:00
Logistics Beacon,10.0,,success,False,2026-08-17T20:46:29.220439+09:00
Logistics Bill,170.0,3.0,success,False,2026-08-19T21:59:26.927876+09:00
Logistics Blueprint,10.0,4.0,success,False,2026-08-18T22:08:25.868252+09:00
Logistics Board,110.0,5.0,success,False,2026-08-17T21:37:17.917122+09:00
Logistics Book,1000.0,73.0,success,False,2026-08-19T22:00:23.357458+09:00
Logistics Bridge,140.0,0.0,success,False,2026-08-17T20:43:48.259554+09:00
Logistics Brief,20.0,7.0,success,False,2026-08-21T00:59:54.516148+09:00
Logistics Bulletin,,,failed,False,2026-08-21T00:59:50.492128+09:00
Logistics Calculator,170.0,17.0,success,False,2026-08-27T23:34:57.472203+09:00
Logistics Calendar,90.0,5.0,success,False,2026-08-19T00:02:41.985677+09:00
Logistics Card,50.0,12.0,success,False,2026-08-19T13:35:09.228952+09:00
Logistics Cascade,,,failed,False,2026-08-17T20:44:36.649130+09:00
Logistics Cash,,,failed,False,2026-08-21T02:26:24.473700+09:00
Logistics Catalog,,,failed,False,2026-08-19T21:13:48.359259+09:00
Logistics Category,50.0,2.0,success,False,2026-08-23T13:09:32.906091+09:00
Logistics Center,3600.0,9.0,success,False,2026-08-17T21:30:45.538595+09:00
Logistics Chain,390.0,6.0,success,False,2026-08-17T20:38:14.865229+09:00
Logistics Charge,260.0,4.0,success,False,2026-08-21T02:42:27.655082+09:00
Logistics Check,110.0,2.0,success,False,2026-08-19T13:35:23.963790+09:00
Logistics Checker,110.0,2.0,success,False,2026-08-27T23:56:38.183826+09:00
Logistics Checklist,70.0,3.0,success,False,2026-08-19T21:12:47.142527+09:00
Logistics Circular,,,failed,False,2026-08-21T01:02:03.687665+09:00
Logistics Cockpit,10.0,13.0,success,False,2026-08-17T23:07:26.971457+09:00
Logistics Code,140.0,3.0,success,False,2026-08-19T21:59:50.117537+09:00
Logistics Codex,,,failed,False,2026-08-18T22:08:50.050771+09:00
Logistics Companion,,,failed,False,2026-08-17T23:33:22.514665+09:00
Logistics Comparison,20.0,5.0,success,False,2026-08-28T01:07:35.564975+09:00
Logistics Compass,,,failed,False,2026-08-17T20:47:53.457764+09:00
Logistics Compendium,,,failed,False,2026-08-18T22:08:40.228889+09:00
Logistics Confirmation,,,failed,False,2026-08-21T01:00:11.561504+09:00
Logistics Console,,,failed,False,2026-08-17T20:46:01.536512+09:00
Logistics Contribution,,,failed,False,2026-08-23T16:12:18.349007+09:00
Logistics Core,50.0,7.0,success,False,2026-08-17T21:40:37.066671+09:00
Logistics Cost,1300.0,2.0,success,False,2026-08-21T02:10:00.502849+09:00
Logistics Counter,,,failed,False,2026-08-19T00:03:25.935082+09:00
Logistics Dashboard,1000.0,16.0,success,False,2026-08-17T23:33:11.202195+09:00
Logistics Deal,,,failed,False,2026-08-21T02:05:51.453888+09:00
Logistics Debt,,,failed,False,2026-08-21T02:26:18.130699+09:00
Logistics Deck,,,failed,False,2026-08-17T21:36:17.240271+09:00
Logistics Depot,170.0,7.0,success,False,2026-08-19T00:03:12.143780+09:00
Logistics Desk,10.0,8.0,success,False,2026-08-17T21:33:32.175377+09:00
Logistics Detail,390.0,7.0,success,False,2026-08-23T03:22:56.392022+09:00
Logistics Detector,,,failed,False,2026-08-27T23:56:43.300961+09:00
Logistics Diagram,170.0,0.0,success,False,2026-08-27T22:09:41.685906+09:00
Logistics Dial,,,failed,False,2026-08-17T20:44:14.789024+09:00
Logistics Digest,20.0,,success,False,2026-08-19T20:39:14.214038+09:00
Logistics Directory,70.0,25.0,success,False,2026-08-19T00:02:51.849711+09:00
Logistics Discount,,,failed,False,2026-08-23T16:12:15.158683+09:00
Logistics Dock,30.0,3.0,success,False,2026-08-17T20:40:52.069695+09:00
Logistics Dossier,,,failed,False,2026-08-21T01:00:16.070819+09:00
Logistics Draft,,,failed,False,2026-08-19T20:39:32.642664+09:00
Logistics Due,10.0,1.0,success,False,2026-08-23T15:50:40.596656+09:00
Logistics Duty,1900.0,2.0,success,False,2026-08-21T02:42:30.088898+09:00
Logistics Engine,10.0,0.0,success,False,2026-08-17T23:03:48.755656+09:00
Logistics Entry,,,failed,False,2026-08-21T01:00:29.585982+09:00
Logistics Estimate,20.0,32.0,success,False,2026-08-19T21:13:36.060170+09:00
Logistics Estimator,10.0,52.0,success,False,2026-08-27T23:56:38.183826+09:00
Logistics Excerpt,,,failed,False,2026-08-21T01:02:14.395969+09:00
Logistics Fare,,,failed,False,2026-08-21T02:10:09.458176+09:00
Logistics Fee,390.0,2.0,success,False,2026-08-21T01:53:02.269948+09:00
Logistics Feed,,,failed,False,2026-08-19T20:39:24.748166+09:00
Logistics Field,480.0,3.0,success,False,2026-08-23T13:09:37.494287+09:00
Logistics File,10.0,3.0,success,False,2026-08-19T20:38:36.542684+09:00
Logistics Finder,,,failed,False,2026-08-19T00:03:06.405993+09:00
Logistics Fine,,,failed,False,2026-08-23T02:57:15.173266+09:00
Logistics Flag,20.0,43.0,success,False,2026-08-21T00:24:59.301324+09:00
Logistics Flow,1900.0,6.0,success,False,2026-08-17T21:36:40.900045+09:00
Logistics Forge,,,failed,False,2026-08-17T20:45:40.214755+09:00
Logistics Form,170.0,5.0,success,False,2026-08-19T13:34:22.181534+09:00
Logistics Format,10.0,0.0,success,False,2026-08-23T13:09:37.494287+09:00
Logistics Frame,,,failed,False,2026-08-18T07:52:13.300527+09:00
Logistics Fund,110.0,9.0,success,False,2026-08-21T02:26:21.259847+09:00
Logistics Gate,170.0,6.0,success,False,2026-08-17T20:35:25.429619+09:00
Logistics Grade,,,failed,False,2026-08-21T00:36:53.427787+09:00
Logistics Graph,390.0,1.0,success,False,2026-08-27T22:09:28.492809+09:00
Logistics Grid,,,failed,False,2026-08-17T20:38:41.975413+09:00
Logistics Guarantee,,,failed,False,2026-08-28T01:07:41.597003+09:00
Logistics Guard,,,failed,False,2026-08-17T21:41:19.053416+09:00
Logistics Guidebook,,,failed,False,2026-08-18T22:08:09.141836+09:00
Logistics Helpdesk,,,failed,False,2026-08-27T22:48:13.756184+09:00
Logistics Helper,260.0,3.0,success,False,2026-08-28T00:26:06.768927+09:00
Logistics History,320.0,0.0,success,False,2026-08-19T20:38:26.547735+09:00
Logistics Hotline,,,failed,False,2026-08-19T21:13:59.350184+09:00
Logistics Hub,3600.0,6.0,success,False,2026-08-17T21:35:41.309233+09:00
Logistics Identifier,,,failed,False,2026-08-23T13:09:30.268446+09:00
Logistics Index,2400.0,1.0,success,False,2026-08-19T21:12:59.685218+09:00
Logistics Insight,880.0,5.0,success,False,2026-08-17T23:12:38.430162+09:00
Logistics Installment,,,failed,False,2026-08-23T16:12:15.158683+09:00
Logistics Item,,,failed,False,2026-08-21T01:53:10.453555+09:00
Logistics Journal,320.0,4.0,success,False,2026-08-18T22:07:53.653114+09:00
Logistics Keeper,,,failed,False,2026-08-18T07:52:40.105947+09:00
Logistics Kit,70.0,9.0,success,False,2026-08-27T22:48:06.633980+09:00
Logistics Lab,480.0,3.0,success,False,2026-08-17T21:34:05.861065+09:00
Logistics Ledger,,,failed,False,2026-08-17T21:38:26.629916+09:00
Logistics Lens,10.0,2.0,success,False,2026-08-17T20:31:55.017364+09:00
Logistics Level,,,failed,False,2026-08-19T20:38:46.605593+09:00
Logistics Levy,,,failed,False,2026-08-23T13:45:29.589427+09:00
Logistics Link,170.0,7.0,success,False,2026-08-23T03:22:48.132111+09:00
Logistics List,210.0,6.0,success,False,2026-08-19T21:59:58.757000+09:00
Logistics Loan,,,failed,False,2026-08-21T02:10:17.497387+09:00
Logistics Locator,,,failed,False,2026-08-19T00:02:58.410814+09:00
Logistics Lock,,,failed,False,2026-08-17T20:34:07.278551+09:00
Logistics Log,50.0,1.0,success,False,2026-08-19T13:34:15.397109+09:00
Logistics Loop,1000.0,5.0,success,False,2026-08-17T20:39:37.454360+09:00
Logistics Manager,9900.0,5.0,success,False,2026-08-18T07:52:51.639177+09:00
Logistics Manual,50.0,0.0,success,False,2026-08-27T22:09:32.047106+09:00
Logistics Map,2900.0,1.0,success,False,2026-08-17T20:33:05.160713+09:00
Logistics Markup,,,failed,False,2026-08-23T16:37:56.709879+09:00
Logistics Memo,30.0,5.0,success,False,2026-08-21T00:24:46.055669+09:00
Logistics Message,30.0,0.0,success,False,2026-08-27T23:13:31.938909+09:00
Logistics Meter,,,failed,False,2026-08-17T20:43:22.316757+09:00
Logistics Metrics,170.0,2.0,success,False,2026-08-17T23:32:58.780092+09:00
Logistics Monitor,50.0,13.0,success,False,2026-08-17T23:32:47.059992+09:00
Logistics Navigator,,,failed,False,2026-08-17T23:14:19.543456+09:00
Logistics Nexus,,,failed,False,2026-08-17T20:34:31.529799+09:00
Logistics Node,210.0,0.0,success,False,2026-08-17T20:36:21.712002+09:00
Logistics Note,210.0,2.0,success,False,2026-08-19T13:35:50.277889+09:00
Logistics Notification,,,failed,False,2026-08-27T22:48:03.762773+09:00
Logistics Number,260.0,11.0,success,False,2026-08-23T03:22:39.014022+09:00
Logistics Office,880.0,2.0,success,False,2026-08-19T00:03:21.455005+09:00
Logistics Ops,4400.0,5.0,success,False,2026-08-17T23:33:38.106132+09:00
Logistics Order,390.0,6.0,success,False,2026-08-19T21:59:15.845213+09:00
Logistics Organizer,,,failed,False,2026-08-17T23:05:34.845009+09:00
Logistics Overdraft,,,failed,False,2026-08-23T15:50:42.648286+09:00
Logistics Panel,,,failed,False,2026-08-17T20:45:14.001779+09:00
Logistics Pass,,,failed,False,2026-08-21T00:36:28.428699+09:00
Logistics Path,,,failed,False,2026-08-17T20:35:55.625501+09:00
Logistics Penalty,,,failed,False,2026-08-23T16:37:54.537855+09:00
Logistics Petition,,,failed,False,2026-08-21T01:00:07.021185+09:00
Logistics Pilot,1000.0,6.0,success,False,2026-08-17T21:34:37.066296+09:00
Logistics Plan,3600.0,5.0,success,False,2026-08-21T01:53:18.147315+09:00
Logistics Planner,3600.0,5.0,success,False,2026-08-17T23:11:05.439479+09:00
Logistics Playbook,,,failed,False,2026-08-18T22:07:45.209206+09:00
Logistics Point,320.0,6.0,success,False,2026-08-17T20:34:58.202084+09:00
Logistics Portal,880.0,16.0,success,False,2026-08-17T20:47:13.736905+09:00
Logistics Preview,,,failed,False,2026-08-28T01:07:38.587205+09:00
Logistics Profile,90.0,7.0,success,False,2026-08-19T13:36:50.709528+09:00
Logistics Profit,,,failed,False,2026-08-23T02:57:04.274468+09:00
Logistics Proposal,30.0,4.0,success,False,2026-08-28T01:07:41.597003+09:00
Logistics Pulse,,,failed,False,2026-08-17T20:37:55.339961+09:00
Logistics Queue,,,failed,False,2026-08-19T21:13:23.011051+09:00
Logistics Quota,,,failed,False,2026-08-21T00:24:51.764822+09:00
Logistics Radar,,,failed,False,2026-08-17T21:32:31.405261+09:00
Logistics Rail,1600.0,5.0,success,False,2026-08-17T20:40:06.808560+09:00
Logistics Rate,70.0,21.0,success,False,2026-08-19T20:38:57.092601+09:00
Logistics Recap,,,failed,False,2026-08-21T01:00:20.571072+09:00
Logistics Receipt,70.0,32.0,success,False,2026-08-19T21:59:39.418384+09:00
Logistics Recorder,,,failed,False,2026-08-27T23:35:04.726489+09:00
Logistics Redemption,,,failed,False,2026-08-23T16:37:59.116023+09:00
Logistics Register,90.0,18.0,success,False,2026-08-17T23:09:05.527725+09:00
Logistics Registry,,,failed,False,2026-08-18T22:08:17.707470+09:00
Logistics Relay,,,failed,False,2026-08-17T21:31:19.415531+09:00
Logistics Reminder,,,failed,False,2026-08-19T21:12:37.502456+09:00
Logistics Report,320.0,14.0,success,False,2026-08-19T13:34:03.969558+09:00
Logistics Repository,,,failed,False,2026-08-27T23:13:44.050852+09:00
Logistics Roadmap,260.0,7.0,success,False,2026-08-18T22:08:59.053528+09:00
Logistics Roster,,,failed,False,2026-08-19T00:38:01.073734+09:00
Logistics Route,260.0,13.0,success,False,2026-08-17T20:41:41.231730+09:00
Logistics Rule,,,failed,False,2026-08-23T03:22:53.557175+09:00
Logistics Sale,2400.0,11.0,success,False,2026-08-21T02:26:26.896086+09:00
Logistics Sample,20.0,0.0,success,False,2026-08-19T22:00:43.745625+09:00
Logistics Scale,90.0,8.0,success,False,2026-08-17T20:42:22.378966+09:00
Logistics Scanner,260.0,29.0,success,False,2026-08-27T23:56:43.300961+09:00
Logistics Scheduler,320.0,11.0,success,False,2026-08-17T23:32:31.687734+09:00
Logistics Scope,210.0,0.0,success,False,2026-08-17T20:40:31.600880+09:00
Logistics Score,,,failed,False,2026-08-19T13:35:34.985408+09:00
Logistics Sentry,,,failed,False,2026-08-17T20:32:30.733040+09:00
Logistics Sheet,70.0,2.0,success,False,2026-08-19T13:35:15.943675+09:00
Logistics Signal,,,failed,False,2026-08-17T20:42:02.791525+09:00
Logistics Slip,,,failed,False,2026-08-19T22:00:33.480377+09:00
Logistics Slot,,,failed,False,2026-08-19T22:00:52.695969+09:00
Logistics Snapshot,,,failed,False,2026-08-18T22:08:02.449968+09:00
Logistics Stake,,,failed,False,2026-08-23T02:57:10.108047+09:00
Logistics Statement,,,failed,False,2026-08-21T00:36:44.968976+09:00
Logistics Station,30.0,1.0,success,False,2026-08-17T21:33:05.832312+09:00
Logistics Status,70.0,5.0,success,False,2026-08-19T20:38:07.942341+09:00
Logistics Stub,,,failed,False,2026-08-21T00:36:40.261906+09:00
Logistics Studio,30.0,6.0,success,False,2026-08-17T21:35:11.471835+09:00
Logistics Subsidy,,,failed,False,2026-08-23T15:50:42.648286+09:00
Logistics Suite,10.0,34.0,success,False,2026-08-17T23:31:54.862824+09:00
Logistics Sum,,,failed,False,2026-08-21T02:26:14.215239+09:00
Logistics Summary,30.0,1.0,success,False,2026-08-19T21:12:17.710681+09:00
Logistics Surtax,,,failed,False,2026-08-23T15:50:46.818166+09:00
Logistics Sync,,,failed,False,2026-08-17T21:37:49.733247+09:00
Logistics Tab,,,failed,False,2026-08-21T00:25:04.867976+09:00
Logistics Table,70.0,1.0,success,False,2026-08-19T22:00:12.371601+09:00
Logistics Tag,,,failed,False,2026-08-19T13:36:10.470400+09:00
Logistics Tally,,,failed,False,2026-08-21T00:36:50.529911+09:00
Logistics Tariff,,,failed,False,2026-08-21T02:42:39.559962+09:00
Logistics Tax,50.0,1.0,success,False,2026-08-21T02:10:13.973101+09:00
Logistics Ticket,10.0,13.0,success,False,2026-08-19T21:13:13.092758+09:00
Logistics Timeline,30.0,1.0,success,False,2026-08-19T21:12:28.088394+09:00
Logistics Timer,,,failed,False,2026-08-28T00:26:01.082990+09:00
Logistics Toll,,,failed,False,2026-08-21T02:42:34.441538+09:00
Logistics Toolbox,10.0,34.0,success,False,2026-08-28T00:26:03.782064+09:00
Logistics Toolkit,10.0,26.0,success,False,2026-08-18T22:07:38.070107+09:00
Logistics Total,,,failed,False,2026-08-27T23:13:34.759239+09:00
Logistics Tracker,170.0,20.0,success,False,2026-08-17T21:39:15.761980+09:00
Logistics Trail,,,failed,False,2026-08-17T20:39:12.627798+09:00
Logistics Trend,390.0,23.0,success,False,2026-08-28T01:07:35.564975+09:00
Logistics Trial,,,failed,False,2026-08-27T21:15:18.698295+09:00
Logistics Unit,390.0,4.0,success,False,2026-08-21T01:53:14.865292+09:00
Logistics Update,110.0,14.0,success,False,2026-08-19T20:39:03.354865+09:00
Logistics Vault,,,failed,False,2026-08-17T21:30:13.279777+09:00
Logistics Version,10.0,0.0,success,False,2026-08-23T03:22:42.501986+09:00
Logistics View,,,failed,False,2026-08-19T20:38:14.851338+09:00
Logistics Voucher,10.0,0.0,success,False,2026-08-21T00:36:33.618056+09:00
Logistics Watch,110.0,32.0,success,False,2026-08-17T20:41:15.125085+09:00
Logistics Wave,,,failed,False,2026-08-17T20:36:55.192509+09:00
Logistics Widget,,,failed,False,2026-08-27T23:13:41.688189+09:00
Logistics Workbench,,,failed,False,2026-08-18T22:07:28.261653+09:00
Logistics Worksheet,30.0,0.0,success,False,2026-08-27T22:09:38.149454+09:00
Logistics Workshop,140.0,8.0,success,False,2026-08-28T00:26:01.082990+09:00
Logistics Zone,170.0,2.0,success,False,2026-08-17T20:48:29.594833+09:00
Loss Alert,,,failed,False,2026-08-19T21:54:45.586270+09:00
Loss Allowance,140.0,0.0,success,False,2026-08-21T02:44:07.576254+09:00
Loss Analyzer,,,failed,False,2026-08-27T23:51:15.530091+09:00
Loss Asset,320.0,0.0,success,False,2026-08-23T13:46:45.487661+09:00
Loss Assistant,,,failed,False,2026-08-19T21:49:14.059786+09:00
Loss Atlas,,,failed,False,2026-08-19T21:48:19.671606+09:00
Loss Beacon,,,failed,False,2026-08-19T22:03:30.282761+09:00
Loss Bill,70.0,0.0,success,False,2026-08-19T22:00:43.745625+09:00
Loss Bin,,,failed,False,2026-08-19T21:55:06.588963+09:00
Loss Board,20.0,0.0,success,False,2026-08-19T22:06:28.711407+09:00
Loss Book,480.0,87.0,success,False,2026-08-19T22:01:31.900197+09:00
Loss Bridge,90.0,0.0,success,False,2026-08-19T22:04:03.389101+09:00
Loss Brief,,,failed,False,2026-08-21T01:01:28.263811+09:00
Loss Bulletin,,,failed,False,2026-08-21T01:01:22.274781+09:00
Loss Calculator,720.0,1.0,success,False,2026-08-27T23:37:16.371136+09:00
Loss Calendar,,,failed,False,2026-08-19T21:51:07.578329+09:00
Loss Card,260.0,100.0,success,False,2026-08-19T21:56:53.361235+09:00
Loss Cascade,,,failed,False,2026-08-19T22:03:49.697196+09:00
Loss Cash,260.0,0.0,success,False,2026-08-21T02:28:00.693334+09:00
Loss Center,90.0,4.0,success,False,2026-08-19T22:07:32.899948+09:00
Loss Chain,10.0,10.0,success,False,2026-08-19T21:47:26.468483+09:00
Loss Charge,10.0,0.0,success,False,2026-08-21T02:43:59.643244+09:00
Loss Chart,210.0,3.0,success,False,2026-08-19T21:54:56.953854+09:00
Loss Check,210.0,1.0,success,False,2026-08-19T21:57:11.207151+09:00
Loss Checker,210.0,1.0,success,False,2026-08-27T23:51:10.379112+09:00
Loss Code,170.0,0.0,success,False,2026-08-19T22:01:01.799694+09:00
Loss Companion,,,failed,False,2026-08-19T21:49:58.938963+09:00
Loss Comparison,,,failed,False,2026-08-28T01:02:58.141304+09:00
Loss Confirmation,,,failed,False,2026-08-21T01:01:41.528292+09:00
Loss Console,,,failed,False,2026-08-19T21:46:13.716197+09:00
Loss Copayment,,,failed,False,2026-08-23T16:39:14.026032+09:00
Loss Cost,390.0,0.0,success,False,2026-08-21T02:11:15.261095+09:00
Loss Count,70.0,0.0,success,False,2026-08-27T22:50:55.041515+09:00
Loss Counter,70.0,0.0,success,False,2026-08-19T21:52:04.287712+09:00
Loss Deal,40.0,0.0,success,False,2026-08-21T01:54:44.608475+09:00
Loss Debt,30.0,7.0,success,False,2026-08-21T02:27:51.067603+09:00
Loss Deck,,,failed,False,2026-08-19T22:06:41.403506+09:00
Loss Desk,,,failed,False,2026-08-19T22:02:44.580219+09:00
Loss Detail,,,failed,False,2026-08-23T03:14:55.080924+09:00
Loss Detector,20.0,4.0,success,False,2026-08-27T23:51:15.530091+09:00
Loss Directory,,,failed,False,2026-08-19T21:51:16.066048+09:00
Loss Dossier,,,failed,False,2026-08-21T01:01:47.037702+09:00
Loss Downpayment,,,failed,False,2026-08-27T21:48:57.191063+09:00
Loss Draft,170.0,0.0,success,False,2026-08-19T21:59:19.992699+09:00
Loss Duty,,,failed,False,2026-08-21T02:44:02.769477+09:00
Loss Engine,,,failed,False,2026-08-19T21:49:03.135784+09:00
Loss Entry,20.0,8.0,success,False,2026-08-21T01:02:06.881859+09:00
Loss Estimate,40.0,0.0,success,False,2026-08-19T22:00:23.357458+09:00
Loss Estimator,,,failed,False,2026-08-27T23:51:07.494975+09:00
Loss Excerpt,,,failed,False,2026-08-21T01:02:54.788235+09:00
Loss Extension,10.0,0.0,success,False,2026-08-23T16:39:16.961219+09:00
Loss Fare,,,failed,False,2026-08-21T02:11:18.638927+09:00
Loss Fee,,,failed,False,2026-08-21T01:54:29.413822+09:00
Loss Feed,,,failed,False,2026-08-19T21:59:07.775168+09:00
Loss File,30.0,0.0,success,False,2026-08-19T21:58:32.626205+09:00
Loss Fine,,,failed,False,2026-08-23T02:58:27.713523+09:00
Loss Flag,90.0,0.0,success,False,2026-08-21T00:26:43.816315+09:00
Loss Flow,,,failed,False,2026-08-19T22:02:25.837553+09:00
Loss Forge,,,failed,False,2026-08-19T22:03:39.900427+09:00
Loss Form,260.0,0.0,success,False,2026-08-19T21:56:40.008866+09:00
Loss Format,260.0,0.0,success,False,2026-08-23T13:05:36.623967+09:00
Loss Fund,70.0,2.0,success,False,2026-08-21T02:27:57.187073+09:00
Loss Gate,,,failed,False,2026-08-19T21:47:52.868004+09:00
Loss Grade,,,failed,False,2026-08-21T00:26:30.376720+09:00
Loss Graph,480.0,0.0,success,False,2026-08-27T22:13:09.872881+09:00
Loss Grid,20.0,0.0,success,False,2026-08-19T22:04:57.454275+09:00
Loss Guardian,,,failed,False,2026-08-28T00:21:40.685047+09:00
Loss Helpdesk,,,failed,False,2026-08-27T22:50:55.041515+09:00
Loss Helper,,,failed,False,2026-08-28T00:21:43.222424+09:00
Loss History,140.0,0.0,success,False,2026-08-19T21:58:24.385772+09:00
Loss Hub,,,failed,False,2026-08-19T22:02:34.302682+09:00
Loss Identifier,,,failed,False,2026-08-23T13:05:30.348326+09:00
Loss Inbox,,,failed,False,2026-08-19T21:54:37.434657+09:00
Loss Index,10.0,0.0,success,False,2026-08-19T22:00:01.898557+09:00
Loss Item,170.0,0.0,success,False,2026-08-21T01:54:32.681048+09:00
Loss Journal,20.0,100.0,success,False,2026-08-19T21:50:46.269760+09:00
Loss Keeper,,,failed,False,2026-08-19T21:48:34.329578+09:00
Loss Lab,,,failed,False,2026-08-19T22:06:59.596356+09:00
Loss Label,,,failed,False,2026-08-27T22:13:13.048056+09:00
Loss Ledger,10.0,2.0,success,False,2026-08-19T22:06:18.009667+09:00
Loss Level,30.0,0.0,success,False,2026-08-19T21:58:41.732793+09:00
Loss Line,1000.0,0.0,success,True,2026-08-19T21:55:44.120814+09:00
Loss Link,20.0,0.0,success,False,2026-08-23T03:14:42.643964+09:00
Loss List,10.0,0.0,success,False,2026-08-19T22:01:11.142813+09:00
Loss Loan,110.0,1.0,success,False,2026-08-21T02:11:27.429616+09:00
Loss Locator,,,failed,False,2026-08-19T21:51:25.452105+09:00
Loss Locker,,,failed,False,2026-08-19T21:52:13.387437+09:00
Loss Log,4400.0,0.0,success,True,2026-08-19T21:56:27.780319+09:00
Loss Loop,,,failed,False,2026-08-19T22:04:45.902658+09:00
Loss Manager,10.0,0.0,success,False,2026-08-19T21:48:50.657736+09:00
Loss Manual,,,failed,False,2026-08-27T22:13:16.015424+09:00
Loss Map,70.0,0.0,success,False,2026-08-19T22:05:40.444282+09:00
Loss Memo,10.0,0.0,success,False,2026-08-21T00:26:36.041366+09:00
Loss Message,590.0,38.0,success,False,2026-08-27T23:16:21.897779+09:00
Loss Monitor,20.0,1.0,success,False,2026-08-19T21:49:45.321625+09:00
Loss Nexus,,,failed,False,2026-08-19T21:48:07.459723+09:00
Loss Note,30.0,60.0,success,False,2026-08-19T21:57:34.491231+09:00
Loss Notification,30.0,0.0,success,False,2026-08-27T22:50:43.878395+09:00
Loss Number,50.0,0.0,success,False,2026-08-23T03:24:46.219726+09:00
Loss Office,10.0,0.0,success,False,2026-08-19T21:51:50.352396+09:00
Loss Ops,,,failed,False,2026-08-19T21:50:23.410812+09:00
Loss Order,110.0,0.0,success,False,2026-08-19T22:00:33.480377+09:00
Loss Outline,,,failed,False,2026-08-27T22:29:20.594574+09:00
Loss Overage,,,failed,False,2026-08-27T21:48:54.950777+09:00
Loss Overdue,,,failed,False,2026-08-27T21:48:49.180539+09:00
Loss Pass,70.0,1.0,success,False,2026-08-21T00:26:00.566845+09:00
Loss Path,1300.0,1.0,success,False,2026-08-19T22:05:19.679261+09:00
Loss Payoff,,,failed,False,2026-08-27T21:48:52.496958+09:00
Loss Petition,,,failed,False,2026-08-21T01:01:39.197827+09:00
Loss Plan,110.0,4.0,success,False,2026-08-21T01:54:45.555150+09:00
Loss Planner,,,failed,False,2026-08-19T21:49:23.695269+09:00
Loss Playbook,,,failed,False,2026-08-19T21:50:35.139639+09:00
Loss Point,70.0,0.0,success,False,2026-08-19T22:05:28.406409+09:00
Loss Portal,10.0,0.0,success,False,2026-08-19T21:46:01.527373+09:00
Loss Post,10.0,0.0,success,False,2026-08-19T21:53:16.228732+09:00
Loss Preview,,,failed,False,2026-08-28T01:02:58.141304+09:00
Loss Profile,10.0,0.0,success,False,2026-08-19T21:57:56.725251+09:00
Loss Profit,720.0,1.0,success,False,2026-08-23T02:58:14.811642+09:00
Loss Proposal,,,failed,False,2026-08-28T01:03:01.405243+09:00
Loss Quota,,,failed,False,2026-08-21T00:26:39.162393+09:00
Loss Radar,,,failed,False,2026-08-19T22:02:52.701278+09:00
Loss Rate,390.0,0.0,success,False,2026-08-19T21:58:51.076600+09:00
Loss Recap,,,failed,False,2026-08-21T01:01:54.342698+09:00
Loss Receipt,20.0,0.0,success,False,2026-08-19T22:00:52.695969+09:00
Loss Recorder,,,failed,False,2026-08-27T23:37:19.077435+09:00
Loss Register,30.0,4.0,success,False,2026-08-19T21:50:13.072831+09:00
Loss Registry,,,failed,False,2026-08-19T21:50:57.841127+09:00
Loss Relay,,,failed,False,2026-08-19T22:03:03.584652+09:00
Loss Reminder,,,failed,False,2026-08-19T21:59:50.117537+09:00
Loss Report,40500.0,0.0,success,True,2026-08-19T21:56:14.793890+09:00
Loss Repository,,,failed,False,2026-08-27T23:16:34.240680+09:00
Loss Result,,,failed,False,2026-08-28T00:46:06.331363+09:00
Loss Roll,170.0,7.0,success,False,2026-08-19T21:56:05.092972+09:00
Loss Roster,,,failed,False,2026-08-19T21:54:25.677858+09:00
Loss Route,,,failed,False,2026-08-19T21:46:47.844671+09:00
Loss Rule,,,failed,False,2026-08-23T03:14:51.168783+09:00
Loss Sale,590.0,0.0,success,False,2026-08-21T02:28:03.624635+09:00
Loss Sample,,,failed,False,2026-08-19T22:01:53.877884+09:00
Loss Scale,720.0,0.0,success,False,2026-08-19T21:46:35.740872+09:00
Loss Scheduler,,,failed,False,2026-08-19T21:49:35.357194+09:00
Loss Scope,,,failed,False,2026-08-19T22:04:30.317454+09:00
Loss Score,70.0,0.0,success,False,2026-08-19T21:57:22.115019+09:00
Loss Serial,,,failed,False,2026-08-23T13:27:09.032773+09:00
Loss Sheet,70.0,0.0,success,False,2026-08-19T21:57:01.942587+09:00
Loss Shortfall,,,failed,False,2026-08-27T21:48:59.482652+09:00
Loss Signal,720.0,14.0,success,False,2026-08-19T22:04:13.367774+09:00
Loss Signature,,,failed,False,2026-08-23T13:27:11.117738+09:00
Loss Slip,,,failed,False,2026-08-19T22:01:42.804571+09:00
Loss Slot,10.0,0.0,success,False,2026-08-19T22:02:02.684993+09:00
Loss Stage,,,failed,False,2026-08-28T00:46:02.758073+09:00
Loss Stake,10.0,0.0,success,False,2026-08-23T02:58:22.138968+09:00
Loss Statement,210.0,11.0,success,False,2026-08-21T00:26:21.311990+09:00
Loss Station,,,failed,False,2026-08-19T22:07:15.173390+09:00
Loss Status,90.0,0.0,success,False,2026-08-19T21:58:05.672882+09:00
Loss Sum,,,failed,False,2026-08-21T02:27:47.388523+09:00
Loss Summary,20.0,0.0,success,False,2026-08-19T21:59:30.293970+09:00
Loss Surtax,,,failed,False,2026-08-23T15:51:47.066948+09:00
Loss Table,50.0,0.0,success,False,2026-08-19T22:01:20.262131+09:00
Loss Tag,20.0,10.0,success,False,2026-08-19T21:57:44.656511+09:00
Loss Tally,,,failed,False,2026-08-21T00:26:25.580219+09:00
Loss Tariff,,,failed,False,2026-08-21T02:44:11.415890+09:00
Loss Tax,320.0,0.0,success,False,2026-08-21T02:11:23.948204+09:00
Loss Terminal,,,failed,False,2026-08-19T22:07:23.452103+09:00
Loss Ticker,10.0,,success,False,2026-08-19T21:55:31.155886+09:00
Loss Ticket,,,failed,False,2026-08-19T22:00:12.371601+09:00
Loss Tier,,,failed,False,2026-08-28T00:46:09.802311+09:00
Loss Timeline,40.0,1.0,success,False,2026-08-19T21:59:39.418384+09:00
Loss Toll,,,failed,False,2026-08-21T02:44:04.894763+09:00
Loss Toolbox,,,failed,False,2026-08-28T00:21:43.222424+09:00
Loss Total,12100.0,2.0,success,False,2026-08-27T23:16:26.018143+09:00
Loss Tracker,170.0,0.0,success,False,2026-08-19T22:02:12.630536+09:00
Loss Trail,,,failed,False,2026-08-19T21:47:13.005766+09:00
Loss Trend,50.0,0.0,success,False,2026-08-28T01:02:54.819638+09:00
Loss Trial,,,failed,False,2026-08-27T21:17:47.451913+09:00
Loss Unit,20.0,0.0,success,False,2026-08-21T01:54:37.378039+09:00
Loss Update,10.0,0.0,success,False,2026-08-19T21:58:59.534733+09:00
Loss Value,210.0,0.0,success,False,2026-08-23T02:58:18.393651+09:00
Loss Vault,,,failed,False,2026-08-19T22:03:14.947098+09:00
Loss View,,,failed,False,2026-08-19T21:58:17.004802+09:00
Loss Watch,10.0,4.0,success,False,2026-08-19T22:04:23.242123+09:00
Loss Wave,,,failed,False,2026-08-19T22:05:08.787907+09:00
Loss Widget,,,failed,False,2026-08-27T23:16:26.018143+09:00
Loss Window,,,failed,False,2026-08-19T21:55:51.993679+09:00
Loss Worksheet,,,failed,False,2026-08-27T22:13:16.015424+09:00
Loss Workshop,,,failed,False,2026-08-28T00:21:38.214311+09:00
Loss Zone,,,failed,False,2026-08-19T22:07:56.620143+09:00
Loyalty Advance,,,failed,False,2026-08-23T16:13:52.514202+09:00
Loyalty Advisory,,,failed,False,2026-08-21T01:03:25.375031+09:00
Loyalty Allowance,20.0,1.0,success,False,2026-08-21T02:38:23.344262+09:00
Loyalty Almanac,,,failed,False,2026-08-18T22:07:18.676319+09:00
Loyalty Analyzer,,,failed,False,2026-08-27T23:50:52.077690+09:00
Loyalty Anchor,,,failed,False,2026-08-17T20:32:57.689274+09:00
Loyalty Announcement,,,failed,False,2026-08-27T23:32:01.853038+09:00
Loyalty Arrears,,,failed,False,2026-08-23T16:13:45.288195+09:00
Loyalty Assistant,,,failed,False,2026-08-17T23:04:46.904606+09:00
Loyalty Atlas,,,failed,False,2026-08-17T21:32:25.465592+09:00
Loyalty Attribute,,,failed,False,2026-08-23T13:05:20.503897+09:00
Loyalty Badge,390.0,1.0,success,False,2026-08-21T00:28:30.302130+09:00
Loyalty Balance,10.0,11.0,success,False,2026-08-23T13:46:21.678760+09:00
Loyalty Base,,,failed,False,2026-08-17T20:47:04.642239+09:00
Loyalty Beacon,,,failed,False,2026-08-17T20:36:48.387810+09:00
Loyalty Bill,,,failed,False,2026-08-19T21:53:37.602067+09:00
Loyalty Blueprint,,,failed,False,2026-08-18T22:07:12.146632+09:00
Loyalty Board,30.0,0.0,success,False,2026-08-17T20:44:09.032273+09:00
Loyalty Book,1000.0,17.0,success,False,2026-08-19T21:54:34.064665+09:00
Loyalty Bridge,,,failed,False,2026-08-17T20:34:01.116253+09:00
Loyalty Brief,,,failed,False,2026-08-21T01:03:16.580684+09:00
Loyalty Bulletin,,,failed,False,2026-08-21T01:03:12.514083+09:00
Loyalty Calculator,70.0,0.0,success,False,2026-08-27T23:32:06.818889+09:00
Loyalty Calendar,,,failed,False,2026-08-18T23:58:25.855676+09:00
Loyalty Card,27100.0,69.0,success,False,2026-08-19T13:23:14.484254+09:00
Loyalty Cascade,20.0,0.0,success,False,2026-08-17T20:34:51.045190+09:00
Loyalty Cash,40.0,2.0,success,False,2026-08-21T02:21:41.084768+09:00
Loyalty Cashback,50.0,16.0,success,False,2026-08-27T21:16:28.518091+09:00
Loyalty Catalog,,,failed,False,2026-08-19T21:08:13.592372+09:00
Loyalty Category,,,failed,False,2026-08-23T13:05:17.487653+09:00
Loyalty Center,320.0,4.0,success,False,2026-08-17T20:39:06.787331+09:00
Loyalty Chain,50.0,61.0,success,False,2026-08-17T21:37:44.992622+09:00
Loyalty Charge,,,failed,False,2026-08-21T02:38:13.377279+09:00
Loyalty Check,390.0,16.0,success,False,2026-08-19T13:23:40.624873+09:00
Loyalty Checker,390.0,16.0,success,False,2026-08-27T23:50:42.966915+09:00
Loyalty Checklist,10.0,0.0,success,False,2026-08-19T21:07:23.410704+09:00
Loyalty Circular,,,failed,False,2026-08-21T01:03:20.927802+09:00
Loyalty Cockpit,,,failed,False,2026-08-17T23:11:59.928630+09:00
Loyalty Code,140.0,0.0,success,False,2026-08-19T21:54:00.654442+09:00
Loyalty Codex,,,failed,False,2026-08-18T22:07:38.070107+09:00
Loyalty Companion,10.0,0.0,success,False,2026-08-17T23:07:23.914294+09:00
Loyalty Comparison,,,failed,False,2026-08-28T01:02:16.682385+09:00
Loyalty Compass,10.0,0.0,success,False,2026-08-17T20:37:47.401646+09:00
Loyalty Compendium,,,failed,False,2026-08-18T22:07:28.261653+09:00
Loyalty Confirmation,,,failed,False,2026-08-21T00:58:30.042414+09:00
Loyalty Console,,,failed,False,2026-08-17T20:36:17.521162+09:00
Loyalty Contribution,10.0,10.0,success,False,2026-08-23T16:13:42.146359+09:00
Loyalty Converter,,,failed,False,2026-08-27T23:32:06.818889+09:00
Loyalty Core,,,failed,False,2026-08-17T20:45:55.190861+09:00
Loyalty Cost,70.0,6.0,success,False,2026-08-21T02:07:58.916446+09:00
Loyalty Count,,,failed,False,2026-08-27T22:44:16.144123+09:00
Loyalty Counter,140.0,4.0,success,False,2026-08-18T23:59:17.064429+09:00
Loyalty Coupon,110.0,9.0,success,False,2026-08-27T21:16:28.518091+09:00
Loyalty Dashboard,90.0,26.0,success,False,2026-08-17T23:08:23.954708+09:00
Loyalty Deal,50.0,10.0,success,False,2026-08-21T01:51:29.207159+09:00
Loyalty Debt,,,failed,False,2026-08-21T02:21:30.317993+09:00
Loyalty Deck,,,failed,False,2026-08-17T20:43:15.863986+09:00
Loyalty Depot,10.0,,success,False,2026-08-18T23:58:59.776089+09:00
Loyalty Desk,10.0,0.0,success,False,2026-08-17T20:41:09.985510+09:00
Loyalty Detail,30.0,3.0,success,False,2026-08-23T03:14:51.168783+09:00
Loyalty Detector,10.0,0.0,success,False,2026-08-27T23:50:46.062882+09:00
Loyalty Diagram,,,failed,False,2026-08-27T22:11:25.706912+09:00
Loyalty Dial,,,failed,False,2026-08-17T20:34:23.568448+09:00
Loyalty Digest,,,failed,False,2026-08-19T20:40:20.062336+09:00
Loyalty Directory,,,failed,False,2026-08-18T23:58:35.248777+09:00
Loyalty Discount,720.0,1.0,success,False,2026-08-23T16:13:37.104049+09:00
Loyalty Dock,,,failed,False,2026-08-18T07:43:28.535953+09:00
Loyalty Dossier,,,failed,False,2026-08-21T00:58:34.367334+09:00
Loyalty Downpayment,,,failed,False,2026-08-27T21:47:42.128898+09:00
Loyalty Draft,,,failed,False,2026-08-19T20:40:35.383963+09:00
Loyalty Duty,1000.0,0.0,success,True,2026-08-21T02:38:16.396053+09:00
Loyalty Engine,110.0,43.0,success,False,2026-08-17T23:08:40.393362+09:00
Loyalty Entry,,,failed,False,2026-08-21T00:58:47.378244+09:00
Loyalty Estimate,,,failed,False,2026-08-19T21:08:03.467133+09:00
Loyalty Estimator,,,failed,False,2026-08-27T23:50:40.068524+09:00
Loyalty Excerpt,,,failed,False,2026-08-21T00:58:42.850183+09:00
Loyalty Extension,,,failed,False,2026-08-23T16:38:44.785975+09:00
Loyalty Fare,,,failed,False,2026-08-21T02:08:07.470140+09:00
Loyalty Fee,260.0,0.0,success,False,2026-08-21T01:51:06.981175+09:00
Loyalty Feed,,,failed,False,2026-08-19T20:40:28.949050+09:00
Loyalty File,,,failed,False,2026-08-19T20:39:43.818952+09:00
Loyalty Finder,,,failed,False,2026-08-18T23:58:52.034754+09:00
Loyalty Fine,,,failed,False,2026-08-23T02:54:03.941195+09:00
Loyalty Flag,20.0,0.0,success,False,2026-08-21T00:29:18.901587+09:00
Loyalty Flow,10.0,29.0,success,False,2026-08-17T20:43:44.073906+09:00
Loyalty Forge,30.0,0.0,success,False,2026-08-17T20:35:50.076535+09:00
Loyalty Form,40.0,3.0,success,False,2026-08-19T13:23:03.025983+09:00
Loyalty Format,,,failed,False,2026-08-23T13:05:25.615596+09:00
Loyalty Frame,,,failed,False,2026-08-17T20:48:23.905428+09:00
Loyalty Fund,140.0,21.0,success,False,2026-08-21T02:21:33.857873+09:00
Loyalty Gate,10.0,0.0,success,False,2026-08-17T21:34:29.947705+09:00
Loyalty Generator,10.0,2.0,success,False,2026-08-27T23:32:16.065535+09:00
Loyalty Giveaway,,,failed,False,2026-08-27T21:16:38.075410+09:00
Loyalty Grade,,,failed,False,2026-08-21T00:28:56.685784+09:00
Loyalty Graph,,,failed,False,2026-08-27T22:11:11.911250+09:00
Loyalty Grid,10.0,4.0,success,False,2026-08-17T21:38:15.647846+09:00
Loyalty Guarantee,,,failed,False,2026-08-28T01:02:19.302633+09:00
Loyalty Guard,,,failed,False,2026-08-17T20:46:26.563596+09:00
Loyalty Guardian,,,failed,False,2026-08-28T00:21:11.601666+09:00
Loyalty Guidebook,,,failed,False,2026-08-18T22:06:54.214613+09:00
Loyalty Helpdesk,,,failed,False,2026-08-27T22:44:19.444390+09:00
Loyalty Helper,10.0,14.0,success,False,2026-08-28T00:21:14.040617+09:00
Loyalty History,20.0,0.0,success,False,2026-08-19T20:39:37.927726+09:00
Loyalty Hotline,,,failed,False,2026-08-19T21:08:23.714003+09:00
Loyalty Hub,260.0,8.0,success,False,2026-08-17T20:42:47.401639+09:00
Loyalty Identifier,,,failed,False,2026-08-23T13:05:15.223495+09:00
Loyalty Incentive,170.0,10.0,success,False,2026-08-27T21:16:33.171675+09:00
Loyalty Index,30.0,5.0,success,False,2026-08-19T21:07:34.937888+09:00
Loyalty Insight,30.0,0.0,success,False,2026-08-17T23:04:42.962346+09:00
Loyalty Installment,,,failed,False,2026-08-23T16:13:39.752452+09:00
Loyalty Item,,,failed,False,2026-08-21T01:51:12.065747+09:00
Loyalty Journal,,,failed,False,2026-08-18T22:06:37.464016+09:00
Loyalty Keeper,,,failed,False,2026-08-17T21:30:05.905035+09:00
Loyalty Kit,10.0,11.0,success,False,2026-08-27T22:44:08.062899+09:00
Loyalty Lab,590.0,2.0,success,False,2026-08-17T20:41:35.724700+09:00
Loyalty Label,30.0,1.0,success,False,2026-08-27T22:11:11.911250+09:00
Loyalty Ledger,20.0,0.0,success,False,2026-08-17T20:45:09.617976+09:00
Loyalty Lens,90.0,1.0,success,False,2026-08-17T21:30:41.512165+09:00
Loyalty Level,170.0,1.0,success,False,2026-08-19T20:39:52.613613+09:00
Loyalty Link,90.0,4.0,success,False,2026-08-23T03:14:42.643964+09:00
Loyalty List,70.0,5.0,success,False,2026-08-19T21:54:13.234763+09:00
Loyalty Loan,210.0,22.0,success,False,2026-08-21T02:08:15.230542+09:00
Loyalty Locator,,,failed,False,2026-08-18T23:58:42.867449+09:00
Loyalty Lock,10.0,0.0,success,False,2026-08-17T21:33:02.340741+09:00
Loyalty Log,,,failed,False,2026-08-19T13:22:52.997590+09:00
Loyalty Loop,1000.0,21.0,success,False,2026-08-17T21:39:44.948189+09:00
Loyalty Manager,260.0,4.0,success,False,2026-08-17T20:47:45.474295+09:00
Loyalty Manual,,,failed,False,2026-08-27T22:11:14.702550+09:00
Loyalty Map,,,failed,False,2026-08-17T21:31:49.761986+09:00
Loyalty Margin,,,failed,False,2026-08-23T02:53:58.718739+09:00
Loyalty Marker,,,failed,False,2026-08-23T13:27:00.453108+09:00
Loyalty Markup,,,failed,False,2026-08-23T16:38:42.507764+09:00
Loyalty Memo,,,failed,False,2026-08-21T00:29:05.314041+09:00
Loyalty Message,260.0,1.0,success,False,2026-08-27T23:10:09.258839+09:00
Loyalty Meter,30.0,0.0,success,False,2026-08-17T20:33:30.325030+09:00
Loyalty Metrics,40.0,18.0,success,False,2026-08-17T23:05:32.537259+09:00
Loyalty Monitor,10.0,29.0,success,False,2026-08-17T23:06:37.704524+09:00
Loyalty Navigator,,,failed,False,2026-08-17T23:06:37.704524+09:00
Loyalty Nexus,,,failed,False,2026-08-17T21:33:26.536272+09:00
Loyalty Node,,,failed,False,2026-08-17T21:35:33.419897+09:00
Loyalty Note,20.0,0.0,success,False,2026-08-19T13:24:14.979285+09:00
Loyalty Notification,,,failed,False,2026-08-27T22:44:08.062899+09:00
Loyalty Number,590.0,0.0,success,False,2026-08-23T03:17:56.844473+09:00
Loyalty Office,,,failed,False,2026-08-18T23:59:08.925896+09:00
Loyalty Ops,10.0,10.0,success,False,2026-08-17T23:10:06.483021+09:00
Loyalty Order,260.0,2.0,success,False,2026-08-19T21:53:27.023606+09:00
Loyalty Organizer,,,failed,False,2026-08-17T23:10:22.607509+09:00
Loyalty Overage,,,failed,False,2026-08-27T21:47:39.871299+09:00
Loyalty Overdraft,,,failed,False,2026-08-23T15:51:22.397294+09:00
Loyalty Overdue,,,failed,False,2026-08-27T21:47:35.080437+09:00
Loyalty Panel,10.0,3.0,success,False,2026-08-17T20:35:19.683482+09:00
Loyalty Pass,140.0,28.0,success,False,2026-08-21T00:28:13.699286+09:00
Loyalty Path,10.0,0.0,success,False,2026-08-17T21:35:02.943607+09:00
Loyalty Payoff,,,failed,False,2026-08-27T21:47:37.465636+09:00
Loyalty Penalty,170.0,0.0,success,False,2026-08-23T16:38:42.507764+09:00
Loyalty Petition,,,failed,False,2026-08-21T00:58:22.319025+09:00
Loyalty Pilot,,,failed,False,2026-08-17T20:41:58.937145+09:00
Loyalty Plan,27100.0,26.0,success,False,2026-08-21T01:51:22.429358+09:00
Loyalty Planner,,,failed,False,2026-08-17T23:15:28.966007+09:00
Loyalty Playbook,,,failed,False,2026-08-18T22:06:27.903433+09:00
Loyalty Point,3600.0,8.0,success,False,2026-08-17T21:33:59.802696+09:00
Loyalty Portal,90.0,18.0,success,False,2026-08-17T20:37:16.947301+09:00
Loyalty Preview,,,failed,False,2026-08-28T01:02:16.682385+09:00
Loyalty Profile,10.0,4.0,success,False,2026-08-19T13:24:49.306222+09:00
Loyalty Profit,,,failed,False,2026-08-23T02:53:49.996059+09:00
Loyalty Proposal,,,failed,False,2026-08-28T01:02:19.302633+09:00
Loyalty Pulse,,,failed,False,2026-08-17T21:37:05.127331+09:00
Loyalty Queue,,,failed,False,2026-08-19T21:07:55.214041+09:00
Loyalty Quota,,,failed,False,2026-08-21T00:29:10.279905+09:00
Loyalty Radar,,,failed,False,2026-08-17T20:40:26.535789+09:00
Loyalty Rail,,,failed,False,2026-08-17T21:41:14.862117+09:00
Loyalty Rate,90.0,0.0,success,False,2026-08-19T20:40:02.454787+09:00
Loyalty Recap,,,failed,False,2026-08-21T00:59:26.114490+09:00
Loyalty Receipt,,,failed,False,2026-08-19T21:53:52.421179+09:00
Loyalty Recorder,,,failed,False,2026-08-27T23:32:20.228429+09:00
Loyalty Redemption,90.0,3.0,success,False,2026-08-23T16:38:44.785975+09:00
Loyalty Register,,,failed,False,2026-08-17T23:13:36.575210+09:00
Loyalty Registry,,,failed,False,2026-08-18T22:07:03.148226+09:00
Loyalty Relay,,,failed,False,2026-08-17T20:39:32.550443+09:00
Loyalty Reminder,,,failed,False,2026-08-19T21:07:13.159437+09:00
Loyalty Report,40.0,40.0,success,False,2026-08-19T13:22:01.413587+09:00
Loyalty Roadmap,,,failed,False,2026-08-18T22:07:45.209206+09:00
Loyalty Route,,,failed,False,2026-08-18T07:43:25.661274+09:00
Loyalty Rule,140.0,0.0,success,False,2026-08-23T03:14:46.268297+09:00
Loyalty Sale,70.0,10.0,success,False,2026-08-21T02:21:44.938268+09:00
Loyalty Sample,70.0,0.0,success,False,2026-08-19T21:54:53.460475+09:00
Loyalty Scale,40.0,0.0,success,False,2026-08-17T20:32:21.226449+09:00
Loyalty Scheduler,,,failed,False,2026-08-17T23:03:48.755656+09:00
Loyalty Scope,,,failed,False,2026-08-17T21:41:44.845375+09:00
Loyalty Score,40.0,2.0,success,False,2026-08-19T13:24:07.507599+09:00
Loyalty Sentry,,,failed,False,2026-08-17T21:31:15.457583+09:00
Loyalty Sheet,,,failed,False,2026-08-19T13:23:22.980764+09:00
Loyalty Shortfall,,,failed,False,2026-08-27T21:47:42.128898+09:00
Loyalty Signal,,,failed,False,2026-08-17T20:31:46.547401+09:00
Loyalty Slip,,,failed,False,2026-08-19T21:54:42.461641+09:00
Loyalty Slot,,,failed,False,2026-08-19T21:55:03.832007+09:00
Loyalty Snapshot,,,failed,False,2026-08-18T22:06:45.698700+09:00
Loyalty Stake,,,failed,False,2026-08-23T02:53:56.783780+09:00
Loyalty Stamp,320.0,100.0,success,False,2026-08-23T13:27:02.624073+09:00
Loyalty Statement,720.0,0.0,success,False,2026-08-21T00:28:42.115555+09:00
Loyalty Station,10.0,,success,False,2026-08-17T20:40:48.754907+09:00
Loyalty Status,880.0,0.0,success,False,2026-08-19T20:39:21.250222+09:00
Loyalty Stipend,,,failed,False,2026-08-23T13:46:24.718234+09:00
Loyalty Streak,20.0,0.0,success,False,2026-08-28T00:45:49.582364+09:00
Loyalty Stub,,,failed,False,2026-08-21T00:28:35.603528+09:00
Loyalty Studio,1000.0,1.0,success,False,2026-08-17T20:42:18.152107+09:00
Loyalty Subsidy,,,failed,False,2026-08-23T15:51:24.556081+09:00
Loyalty Suite,10.0,36.0,success,False,2026-08-17T23:10:24.973922+09:00
Loyalty Sum,,,failed,False,2026-08-21T02:21:27.143708+09:00
Loyalty Summary,40.0,0.0,success,False,2026-08-19T21:06:51.339410+09:00
Loyalty Surtax,,,failed,False,2026-08-23T15:51:26.748439+09:00
Loyalty Sync,,,failed,False,2026-08-17T20:44:29.668652+09:00
Loyalty Tab,90.0,0.0,success,False,2026-08-21T00:29:24.926650+09:00
Loyalty Table,,,failed,False,2026-08-19T21:54:22.632140+09:00
Loyalty Tag,50.0,29.0,success,False,2026-08-19T13:24:25.669672+09:00
Loyalty Tally,,,failed,False,2026-08-21T00:28:49.114338+09:00
Loyalty Tariff,,,failed,False,2026-08-21T02:38:25.978724+09:00
Loyalty Tax,480.0,2.0,success,False,2026-08-21T02:08:11.666475+09:00
Loyalty Ticket,90.0,1.0,success,False,2026-08-19T21:07:45.336017+09:00
Loyalty Tier,390.0,7.0,success,False,2026-08-28T00:45:49.582364+09:00
Loyalty Timeline,,,failed,False,2026-08-19T21:07:02.698289+09:00
Loyalty Timer,,,failed,False,2026-08-28T00:21:06.843571+09:00
Loyalty Token,260.0,2.0,success,False,2026-08-23T13:27:00.453108+09:00
Loyalty Toll,,,failed,False,2026-08-21T02:38:19.881796+09:00
Loyalty Toolbox,10.0,,success,False,2026-08-28T00:21:11.601666+09:00
Loyalty Toolkit,,,failed,False,2026-08-18T22:06:18.385841+09:00
Loyalty Total,,,failed,False,2026-08-27T23:10:12.340839+09:00
Loyalty Tracker,70.0,27.0,success,False,2026-08-17T20:45:33.619281+09:00
Loyalty Trail,,,failed,False,2026-08-17T21:39:05.774100+09:00
Loyalty Trend,10.0,10.0,success,False,2026-08-28T01:02:13.095205+09:00
Loyalty Trial,,,failed,False,2026-08-27T21:16:33.171675+09:00
Loyalty Unit,,,failed,False,2026-08-21T02:05:51.453888+09:00
Loyalty Update,,,failed,False,2026-08-19T20:40:13.253783+09:00
Loyalty Value,480.0,0.0,success,False,2026-08-23T02:53:54.584586+09:00
Loyalty Vault,,,failed,False,2026-08-17T20:38:36.286112+09:00
Loyalty Version,,,failed,False,2026-08-23T03:14:39.191196+09:00
Loyalty View,,,failed,False,2026-08-19T20:39:30.002249+09:00
Loyalty Voucher,170.0,8.0,success,False,2026-08-21T00:28:20.735517+09:00
Loyalty Watch,10.0,78.0,success,False,2026-08-18T07:43:54.848234+09:00
Loyalty Wave,,,failed,False,2026-08-17T21:36:07.544663+09:00
Loyalty Widget,10.0,21.0,success,False,2026-08-27T23:10:12.340839+09:00
Loyalty Workbench,,,failed,False,2026-08-18T22:06:09.670880+09:00
Loyalty Worksheet,,,failed,False,2026-08-27T22:11:22.688416+09:00
Loyalty Workshop,,,failed,False,2026-08-28T00:21:09.151755+09:00
Loyalty Zone,30.0,7.0,success,False,2026-08-17T20:38:11.520193+09:00
Mailbox Advance,,,failed,False,2026-08-23T16:13:08.662730+09:00
Mailbox Advisory,,,failed,False,2026-08-21T01:02:50.394287+09:00
Mailbox Alert,1000.0,65.0,success,False,2026-08-21T00:46:06.764298+09:00
Mailbox Allowance,,,failed,False,2026-08-21T02:39:46.933675+09:00
Mailbox Analyzer,210.0,7.0,success,False,2026-08-27T23:50:54.897553+09:00
Mailbox Arrears,,,failed,False,2026-08-23T16:13:08.662730+09:00
Mailbox Asset,,,failed,False,2026-08-23T13:45:33.532917+09:00
Mailbox Assistant,390.0,12.0,success,False,2026-08-21T00:44:32.272154+09:00
Mailbox Atlas,,,failed,False,2026-08-21T00:44:15.465135+09:00
Mailbox Attribute,,,failed,False,2026-08-23T13:09:07.907049+09:00
Mailbox Badge,,,failed,False,2026-08-21T00:49:01.997073+09:00
Mailbox Balance,,,failed,False,2026-08-23T13:45:29.589427+09:00
Mailbox Base,390.0,100.0,success,False,2026-08-21T00:50:54.055448+09:00
Mailbox Beacon,,,failed,False,2026-08-21T00:49:59.942955+09:00
Mailbox Bill,,,failed,False,2026-08-21T00:48:18.650216+09:00
Mailbox Bin,40.0,96.0,success,False,2026-08-21T00:46:12.825751+09:00
Mailbox Board,720.0,21.0,success,False,2026-08-21T00:51:07.998109+09:00
Mailbox Bridge,390.0,3.0,success,False,2026-08-21T00:50:09.781883+09:00
Mailbox Brief,,,failed,False,2026-08-21T00:59:43.831495+09:00
Mailbox Bulletin,,,failed,False,2026-08-21T00:59:38.385269+09:00
Mailbox Cabinet,260.0,100.0,success,False,2026-08-27T23:15:53.344715+09:00
Mailbox Calendar,390.0,1.0,success,False,2026-08-21T00:45:10.747399+09:00
Mailbox Card,1300.0,53.0,success,False,2026-08-21T00:46:47.041557+09:00
Mailbox Cascade,,,failed,False,2026-08-21T00:50:04.499348+09:00
Mailbox Cash,720.0,0.0,success,False,2026-08-21T02:22:24.634972+09:00
Mailbox Category,,,failed,False,2026-08-23T13:09:05.713550+09:00
Mailbox Center,6600.0,6.0,success,False,2026-08-21T00:51:31.068549+09:00
Mailbox Chain,,,failed,False,2026-08-21T00:43:59.576313+09:00
Mailbox Charge,,,failed,False,2026-08-21T02:39:34.519072+09:00
Mailbox Chart,,,failed,False,2026-08-21T00:46:10.718962+09:00
Mailbox Check,14800.0,7.0,success,False,2026-08-21T00:46:54.280562+09:00
Mailbox Checker,14800.0,7.0,success,False,2026-08-27T23:50:46.062882+09:00
Mailbox Circular,,,failed,False,2026-08-21T01:01:57.606553+09:00
Mailbox Code,170.0,77.0,success,False,2026-08-21T00:48:24.716353+09:00
Mailbox Companion,210.0,0.0,success,False,2026-08-21T00:44:48.876991+09:00
Mailbox Confirmation,,,failed,False,2026-08-21T00:59:58.992040+09:00
Mailbox Console,,,failed,False,2026-08-21T00:51:42.581125+09:00
Mailbox Contribution,,,failed,False,2026-08-23T16:13:06.452746+09:00
Mailbox Core,,,failed,False,2026-08-21T00:50:58.385493+09:00
Mailbox Cost,12100.0,23.0,success,False,2026-08-21T02:14:50.093035+09:00
Mailbox Count,10.0,0.0,success,False,2026-08-27T22:49:57.314209+09:00
Mailbox Counter,,,failed,False,2026-08-21T00:45:30.035458+09:00
Mailbox Deal,,,failed,False,2026-08-21T01:58:16.207160+09:00
Mailbox Debt,,,failed,False,2026-08-21T02:22:13.751196+09:00
Mailbox Deck,,,failed,False,2026-08-21T00:51:10.614458+09:00
Mailbox Desk,1600.0,15.0,success,False,2026-08-21T00:49:41.369493+09:00
Mailbox Detail,480.0,1.0,success,False,2026-08-23T03:21:04.390216+09:00
Mailbox Diagram,90.0,0.0,success,False,2026-08-27T22:11:31.963952+09:00
Mailbox Directory,10.0,8.0,success,False,2026-08-21T00:45:16.204972+09:00
Mailbox Discount,170.0,20.0,success,False,2026-08-23T16:12:59.279314+09:00
Mailbox Dossier,,,failed,False,2026-08-21T01:00:04.597458+09:00
Mailbox Downpayment,,,failed,False,2026-08-27T21:47:44.451127+09:00
Mailbox Draft,12100.0,2.0,success,False,2026-08-21T00:47:46.608049+09:00
Mailbox Due,,,failed,False,2026-08-23T15:50:54.236884+09:00
Mailbox Duty,,,failed,False,2026-08-21T02:39:36.901337+09:00
Mailbox Engine,,,failed,False,2026-08-21T00:44:27.350497+09:00
Mailbox Entry,,,failed,False,2026-08-21T01:00:18.302882+09:00
Mailbox Estimate,,,failed,False,2026-08-21T00:48:09.704229+09:00
Mailbox Estimator,,,failed,False,2026-08-27T23:50:42.966915+09:00
Mailbox Excerpt,,,failed,False,2026-08-21T01:00:13.557875+09:00
Mailbox Extension,720.0,8.0,success,False,2026-08-23T16:38:31.502720+09:00
Mailbox Fare,,,failed,False,2026-08-21T02:15:06.129671+09:00
Mailbox Fee,10.0,10.0,success,False,2026-08-21T01:58:00.854013+09:00
Mailbox Feed,,,failed,False,2026-08-21T00:47:41.484784+09:00
Mailbox Field,,,failed,False,2026-08-23T13:09:10.087594+09:00
Mailbox File,30.0,26.0,success,False,2026-08-21T00:47:26.672100+09:00
Mailbox Fine,,,failed,False,2026-08-23T02:55:24.224280+09:00
Mailbox Flow,,,failed,False,2026-08-21T00:49:29.914475+09:00
Mailbox Forge,140.0,33.0,success,False,2026-08-21T00:50:02.185546+09:00
Mailbox Form,4400.0,22.0,success,False,2026-08-21T00:46:42.116087+09:00
Mailbox Format,6600.0,1.0,success,False,2026-08-23T13:09:12.775055+09:00
Mailbox Frame,140.0,84.0,success,False,2026-08-21T00:50:48.093288+09:00
Mailbox Fund,40.0,4.0,success,False,2026-08-21T02:22:21.674947+09:00
Mailbox Gate,260.0,51.0,success,False,2026-08-21T00:44:07.435932+09:00
Mailbox Graph,,,failed,False,2026-08-27T22:11:14.702550+09:00
Mailbox Grid,,,failed,False,2026-08-21T00:50:26.220127+09:00
Mailbox Guardian,,,failed,False,2026-08-28T00:21:27.462723+09:00
Mailbox Helper,320.0,7.0,success,False,2026-08-28T00:21:30.022858+09:00
Mailbox History,260.0,1.0,success,False,2026-08-21T00:47:23.165444+09:00
Mailbox Hub,1900.0,4.0,success,False,2026-08-21T00:49:37.584742+09:00
Mailbox Identifier,,,failed,False,2026-08-23T13:09:03.594529+09:00
Mailbox Inbox,40500.0,1.0,success,False,2026-08-21T00:46:03.316699+09:00
Mailbox Index,90.0,1.0,success,False,2026-08-21T00:48:00.969173+09:00
Mailbox Installment,,,failed,False,2026-08-23T16:13:03.003819+09:00
Mailbox Item,10.0,3.0,success,False,2026-08-21T01:58:02.709797+09:00
Mailbox Journal,,,failed,False,2026-08-21T00:45:06.062419+09:00
Mailbox Keeper,,,failed,False,2026-08-21T00:44:18.522946+09:00
Mailbox Kit,2400.0,100.0,success,False,2026-08-27T22:49:54.897946+09:00
Mailbox Lab,,,failed,False,2026-08-21T00:51:18.988117+09:00
Mailbox Label,8100.0,100.0,success,False,2026-08-27T22:11:14.702550+09:00
Mailbox Layout,880.0,3.0,success,False,2026-08-27T22:29:00.404173+09:00
Mailbox Ledger,,,failed,False,2026-08-21T00:51:01.092563+09:00
Mailbox Level,,,failed,False,2026-08-21T00:47:32.281403+09:00
Mailbox Levy,,,failed,False,2026-08-23T13:45:36.815787+09:00
Mailbox Line,590.0,2.0,success,False,2026-08-21T00:46:26.587388+09:00
Mailbox Link,1300.0,2.0,success,False,2026-08-23T03:20:56.810289+09:00
Mailbox List,18100.0,30.0,success,False,2026-08-21T00:48:30.052376+09:00
Mailbox Loan,,,failed,False,2026-08-21T02:15:15.095648+09:00
Mailbox Lobby,10.0,0.0,success,False,2026-08-21T00:46:21.529361+09:00
Mailbox Locator,1900.0,2.0,success,False,2026-08-21T00:45:19.199440+09:00
Mailbox Locker,590.0,100.0,success,False,2026-08-21T00:45:33.278488+09:00
Mailbox Log,2400.0,1.0,success,False,2026-08-21T00:46:39.668460+09:00
Mailbox Loop,,,failed,False,2026-08-21T00:50:24.003386+09:00
Mailbox Manager,3600.0,12.0,success,False,2026-08-21T00:44:23.943990+09:00
Mailbox Manual,,,failed,False,2026-08-27T22:11:22.688416+09:00
Mailbox Map,1300.0,0.0,success,True,2026-08-21T00:50:45.127530+09:00
Mailbox Margin,,,failed,False,2026-08-23T02:55:21.397263+09:00
Mailbox Memo,,,failed,False,2026-08-21T00:49:15.446712+09:00
Mailbox Message,3600.0,3.0,success,False,2026-08-27T23:15:46.670229+09:00
Mailbox Monitor,880.0,17.0,success,False,2026-08-21T00:44:45.180563+09:00
Mailbox Nexus,,,failed,False,2026-08-21T00:44:13.071089+09:00
Mailbox Note,,,failed,False,2026-08-21T00:47:01.645682+09:00
Mailbox Notification,1600.0,10.0,success,False,2026-08-27T22:49:51.876514+09:00
Mailbox Number,12100.0,100.0,success,False,2026-08-23T03:20:50.654201+09:00
Mailbox Office,1900.0,100.0,success,False,2026-08-21T00:45:26.531767+09:00
Mailbox Ops,,,failed,False,2026-08-21T00:44:58.799520+09:00
Mailbox Order,18100.0,12.0,success,False,2026-08-21T00:48:12.190063+09:00
Mailbox Overage,,,failed,False,2026-08-27T21:47:42.128898+09:00
Mailbox Overdue,,,failed,False,2026-08-27T21:47:37.465636+09:00
Mailbox Panel,170.0,38.0,success,False,2026-08-21T00:43:36.715710+09:00
Mailbox Pass,,,failed,False,2026-08-21T00:48:54.666046+09:00
Mailbox Passport,,,failed,False,2026-08-21T00:46:19.116405+09:00
Mailbox Path,,,failed,False,2026-08-21T00:50:35.331865+09:00
Mailbox Payoff,,,failed,False,2026-08-27T21:47:39.871299+09:00
Mailbox Penalty,,,failed,False,2026-08-23T16:38:26.896926+09:00
Mailbox Petition,10.0,2.0,success,False,2026-08-21T00:59:54.516148+09:00
Mailbox Plan,880.0,1.0,success,False,2026-08-21T01:58:12.628800+09:00
Mailbox Planner,,,failed,False,2026-08-21T00:44:36.517071+09:00
Mailbox Playbook,,,failed,False,2026-08-21T00:45:01.205149+09:00
Mailbox Point,1300.0,2.0,success,False,2026-08-21T00:50:41.630976+09:00
Mailbox Portal,,,failed,False,2026-08-21T00:51:40.152987+09:00
Mailbox Preview,,,failed,False,2026-08-28T01:03:04.018813+09:00
Mailbox Profile,1900.0,5.0,success,False,2026-08-21T00:47:10.612469+09:00
Mailbox Profit,110.0,16.0,success,False,2026-08-23T02:55:10.666436+09:00
Mailbox Proposal,,,failed,False,2026-08-28T01:03:04.018813+09:00
Mailbox Quota,110.0,1.0,success,False,2026-08-21T00:49:18.470865+09:00
Mailbox Radar,,,failed,False,2026-08-21T00:49:44.632195+09:00
Mailbox Rail,2900.0,7.0,success,False,2026-08-21T00:43:49.917491+09:00
Mailbox Rate,10.0,2.0,success,False,2026-08-21T00:47:34.415597+09:00
Mailbox Recap,,,failed,False,2026-08-21T01:02:10.080773+09:00
Mailbox Receipt,,,failed,False,2026-08-21T00:48:22.062191+09:00
Mailbox Register,9900.0,4.0,success,False,2026-08-21T00:44:52.376787+09:00
Mailbox Registry,,,failed,False,2026-08-21T00:45:08.644829+09:00
Mailbox Relay,,,failed,False,2026-08-21T00:49:49.714688+09:00
Mailbox Reminder,320.0,3.0,success,False,2026-08-21T00:47:57.951273+09:00
Mailbox Report,10.0,4.0,success,False,2026-08-21T00:46:37.254114+09:00
Mailbox Ring,210.0,81.0,success,False,2026-08-21T00:44:03.384423+09:00
Mailbox Roll,,,failed,False,2026-08-21T00:46:35.033553+09:00
Mailbox Roster,,,failed,False,2026-08-21T00:45:59.951643+09:00
Mailbox Route,,,failed,False,2026-08-21T00:43:44.047110+09:00
Mailbox Rule,2400.0,0.0,success,True,2026-08-23T03:21:00.660532+09:00
Mailbox Sale,9900.0,100.0,success,False,2026-08-21T02:22:32.305318+09:00
Mailbox Sample,590.0,9.0,success,False,2026-08-21T00:48:44.199856+09:00
Mailbox Scale,,,failed,False,2026-08-21T00:43:39.738116+09:00
Mailbox Scanner,1300.0,10.0,success,False,2026-08-27T23:50:52.077690+09:00
Mailbox Scheduler,,,failed,False,2026-08-21T00:44:38.874906+09:00
Mailbox Scope,,,failed,False,2026-08-21T00:50:21.320378+09:00
Mailbox Score,,,failed,False,2026-08-21T00:46:56.943275+09:00
Mailbox Sheet,,,failed,False,2026-08-21T00:46:52.072318+09:00
Mailbox Shortfall,,,failed,False,2026-08-27T21:47:47.331734+09:00
Mailbox Signal,110.0,100.0,success,False,2026-08-21T00:50:13.056816+09:00
Mailbox Signature,8100.0,21.0,success,False,2026-08-23T13:28:17.743262+09:00
Mailbox Slip,260.0,61.0,success,False,2026-08-21T00:48:40.223162+09:00
Mailbox Slot,4400.0,100.0,success,False,2026-08-21T00:48:48.333943+09:00
Mailbox Stake,320.0,100.0,success,False,2026-08-23T02:55:17.140000+09:00
Mailbox Statement,,,failed,False,2026-08-21T00:49:09.924663+09:00
Mailbox Station,110.0,92.0,success,False,2026-08-21T00:51:22.640360+09:00
Mailbox Status,320.0,0.0,success,False,2026-08-21T00:47:13.306684+09:00
Mailbox Stub,,,failed,False,2026-08-21T00:49:07.202034+09:00
Mailbox Studio,,,failed,False,2026-08-21T00:51:16.185060+09:00
Mailbox Sum,,,failed,False,2026-08-21T02:22:10.235863+09:00
Mailbox Summary,,,failed,False,2026-08-21T00:47:49.290523+09:00
Mailbox Tab,,,failed,False,2026-08-21T00:49:20.798290+09:00
Mailbox Table,260.0,99.0,success,False,2026-08-21T00:48:33.175763+09:00
Mailbox Tag,1600.0,17.0,success,False,2026-08-21T00:47:07.675748+09:00
Mailbox Tariff,,,failed,False,2026-08-21T02:39:49.190275+09:00
Mailbox Tax,,,failed,False,2026-08-21T02:15:10.297403+09:00
Mailbox Terminal,,,failed,False,2026-08-21T00:51:27.534494+09:00
Mailbox Ticker,,,failed,False,2026-08-21T00:46:23.702871+09:00
Mailbox Ticket,,,failed,False,2026-08-21T00:48:07.260312+09:00
Mailbox Timeline,,,failed,False,2026-08-21T00:47:51.655449+09:00
Mailbox Token,110.0,1.0,success,False,2026-08-23T13:28:17.743262+09:00
Mailbox Toll,,,failed,False,2026-08-21T02:39:44.265069+09:00
Mailbox Toolbox,720.0,4.0,success,False,2026-08-28T00:21:27.462723+09:00
Mailbox Total,,,failed,False,2026-08-27T23:15:49.054288+09:00
Mailbox Tracker,74000.0,16.0,success,False,2026-08-21T00:49:27.660795+09:00
Mailbox Trail,260.0,6.0,success,False,2026-08-21T00:43:54.085720+09:00
Mailbox Trial,90.0,10.0,success,False,2026-08-27T21:16:28.518091+09:00
Mailbox Unit,50.0,100.0,success,False,2026-08-21T01:58:06.326002+09:00
Mailbox Update,390.0,0.0,success,False,2026-08-21T00:47:36.977895+09:00
Mailbox Value,,,failed,False,2026-08-23T02:55:13.896073+09:00
Mailbox Vault,140.0,93.0,success,False,2026-08-21T00:49:52.271441+09:00
Mailbox Version,,,failed,False,2026-08-23T03:20:52.959248+09:00
Mailbox View,1000.0,1.0,success,False,2026-08-21T00:47:16.635421+09:00
Mailbox Voucher,10.0,0.0,success,False,2026-08-21T00:48:57.806090+09:00
Mailbox Watch,,,failed,False,2026-08-21T00:50:15.253919+09:00
Mailbox Wave,,,failed,False,2026-08-21T00:50:33.252784+09:00
Mailbox Widget,,,failed,False,2026-08-27T23:15:49.054288+09:00
Mailbox Window,1600.0,2.0,success,False,2026-08-21T00:46:31.440534+09:00
Mailbox Worksheet,70.0,37.0,success,False,2026-08-27T22:11:25.706912+09:00
Mailbox Zone,,,failed,False,2026-08-21T00:51:33.449317+09:00
Mailroom Advisory,,,failed,False,2026-08-21T01:05:09.510273+09:00
Mailroom Alert,,,failed,False,2026-08-19T21:57:47.268344+09:00
Mailroom Allowance,,,failed,False,2026-08-21T02:43:28.304823+09:00
Mailroom Analyzer,,,failed,False,2026-08-27T23:53:36.797572+09:00
Mailroom Asset,,,failed,False,2026-08-23T13:46:52.749544+09:00
Mailroom Assistant,170.0,4.0,success,False,2026-08-19T21:52:31.796696+09:00
Mailroom Badge,,,failed,False,2026-08-21T00:29:13.109702+09:00
Mailroom Base,,,failed,False,2026-08-19T21:47:20.280191+09:00
Mailroom Bay,,,failed,False,2026-08-19T21:56:11.493537+09:00
Mailroom Beacon,,,failed,False,2026-08-19T22:06:35.304978+09:00
Mailroom Bill,,,failed,False,2026-08-19T22:03:36.532480+09:00
Mailroom Bin,,,failed,False,2026-08-19T21:58:08.143234+09:00
Mailroom Board,,,failed,False,2026-08-19T21:48:00.610703+09:00
Mailroom Book,20.0,8.0,success,False,2026-08-19T22:04:26.155627+09:00
Mailroom Booth,,,failed,False,2026-08-19T21:55:36.980585+09:00
Mailroom Bridge,,,failed,False,2026-08-19T22:07:06.557200+09:00
Mailroom Brief,,,failed,False,2026-08-21T01:05:02.312819+09:00
Mailroom Bulletin,,,failed,False,2026-08-21T01:05:18.575555+09:00
Mailroom Cabinet,20.0,99.0,success,False,2026-08-27T23:10:37.523000+09:00
Mailroom Calendar,,,failed,False,2026-08-19T21:54:30.567883+09:00
Mailroom Card,,,failed,False,2026-08-19T21:59:46.400279+09:00
Mailroom Cascade,,,failed,False,2026-08-19T22:06:53.339068+09:00
Mailroom Cash,,,failed,False,2026-08-21T02:26:41.708739+09:00
Mailroom Category,,,failed,False,2026-08-23T13:05:25.615596+09:00
Mailroom Center,,,failed,False,2026-08-19T21:49:18.898188+09:00
Mailroom Chain,,,failed,False,2026-08-19T21:51:01.436792+09:00
Mailroom Charge,,,failed,False,2026-08-21T02:43:16.744782+09:00
Mailroom Chart,,,failed,False,2026-08-19T21:57:59.626776+09:00
Mailroom Check,,,failed,False,2026-08-19T22:00:04.199605+09:00
Mailroom Checker,,,failed,False,2026-08-27T23:53:29.478686+09:00
Mailroom Circular,,,failed,False,2026-08-21T01:05:06.601547+09:00
Mailroom Code,,,failed,False,2026-08-19T22:03:56.439657+09:00
Mailroom Companion,,,failed,False,2026-08-19T21:53:24.173556+09:00
Mailroom Comparison,,,failed,False,2026-08-28T01:05:08.626878+09:00
Mailroom Confirmation,,,failed,False,2026-08-21T01:05:28.222738+09:00
Mailroom Console,,,failed,False,2026-08-19T21:49:51.324073+09:00
Mailroom Contribution,,,failed,False,2026-08-23T16:15:22.615283+09:00
Mailroom Core,,,failed,False,2026-08-19T21:47:34.110436+09:00
Mailroom Cost,,,failed,False,2026-08-21T02:09:47.667221+09:00
Mailroom Count,,,failed,False,2026-08-27T22:44:27.817073+09:00
Mailroom Counter,,,failed,False,2026-08-19T21:55:18.484182+09:00
Mailroom Deal,,,failed,False,2026-08-21T01:52:23.674188+09:00
Mailroom Debt,,,failed,False,2026-08-21T02:26:36.939016+09:00
Mailroom Deck,,,failed,False,2026-08-19T21:48:14.659198+09:00
Mailroom Desk,10.0,50.0,success,False,2026-08-19T22:05:43.764657+09:00
Mailroom Detail,,,failed,False,2026-08-23T03:24:40.640287+09:00
Mailroom Detector,,,failed,False,2026-08-27T23:53:36.797572+09:00
Mailroom Diagram,,,failed,False,2026-08-27T22:14:28.911513+09:00
Mailroom Directory,,,failed,False,2026-08-19T21:54:39.483113+09:00
Mailroom Discount,,,failed,False,2026-08-23T16:15:17.461758+09:00
Mailroom Dossier,,,failed,False,2026-08-21T01:05:30.928954+09:00
Mailroom Downpayment,,,failed,False,2026-08-27T21:49:53.079168+09:00
Mailroom Draft,,,failed,False,2026-08-19T22:02:16.192857+09:00
Mailroom Due,,,failed,False,2026-08-23T15:51:55.644106+09:00
Mailroom Duty,,,failed,False,2026-08-21T02:43:21.598191+09:00
Mailroom Engine,,,failed,False,2026-08-19T21:52:16.498900+09:00
Mailroom Entry,,,failed,False,2026-08-21T01:05:53.776527+09:00
Mailroom Estimate,,,failed,False,2026-08-19T22:03:17.563220+09:00
Mailroom Estimator,,,failed,False,2026-08-27T23:53:26.856284+09:00
Mailroom Excerpt,,,failed,False,2026-08-21T01:05:38.366293+09:00
Mailroom Fare,,,failed,False,2026-08-21T02:09:56.008511+09:00
Mailroom Fee,,,failed,False,2026-08-21T01:52:06.168283+09:00
Mailroom Feed,,,failed,False,2026-08-19T22:02:05.634117+09:00
Mailroom File,,,failed,False,2026-08-19T22:01:23.897474+09:00
Mailroom Finder,,,failed,False,2026-08-19T21:55:00.630940+09:00
Mailroom Fine,,,failed,False,2026-08-23T02:57:59.639367+09:00
Mailroom Flag,,,failed,False,2026-08-21T00:30:03.627747+09:00
Mailroom Flow,,,failed,False,2026-08-19T22:05:22.514727+09:00
Mailroom Forge,,,failed,False,2026-08-19T22:06:44.272499+09:00
Mailroom Form,,,failed,False,2026-08-19T21:59:32.934011+09:00
Mailroom Format,,,failed,False,2026-08-23T13:05:32.456522+09:00
Mailroom Frame,,,failed,False,2026-08-19T21:47:01.107836+09:00
Mailroom Fund,10.0,0.0,success,False,2026-08-21T02:26:39.495067+09:00
Mailroom Gate,,,failed,False,2026-08-19T21:51:20.233471+09:00
Mailroom Grade,,,failed,False,2026-08-21T00:29:43.441391+09:00
Mailroom Grid,,,failed,False,2026-08-19T21:46:03.788347+09:00
Mailroom Guarantee,,,failed,False,2026-08-28T01:05:17.423675+09:00
Mailroom Guardian,,,failed,False,2026-08-28T00:23:49.555058+09:00
Mailroom Helpdesk,,,failed,False,2026-08-27T22:44:33.124302+09:00
Mailroom Helper,,,failed,False,2026-08-28T00:23:56.463149+09:00
Mailroom History,,,failed,False,2026-08-19T22:01:14.357219+09:00
Mailroom Hub,,,failed,False,2026-08-19T22:05:35.780904+09:00
Mailroom Identifier,,,failed,False,2026-08-23T13:05:23.446570+09:00
Mailroom Inbox,,,failed,False,2026-08-19T21:57:37.806809+09:00
Mailroom Index,,,failed,False,2026-08-19T22:02:59.053365+09:00
Mailroom Installment,,,failed,False,2026-08-23T16:15:20.225326+09:00
Mailroom Item,,,failed,False,2026-08-21T01:52:08.240457+09:00
Mailroom Journal,,,failed,False,2026-08-19T21:54:10.446339+09:00
Mailroom Keeper,,,failed,False,2026-08-19T21:51:58.682281+09:00
Mailroom Kiosk,,,failed,False,2026-08-19T21:55:49.933305+09:00
Mailroom Kit,,,failed,False,2026-08-27T22:44:24.073756+09:00
Mailroom Lab,,,failed,False,2026-08-19T21:48:40.966338+09:00
Mailroom Label,,,failed,False,2026-08-27T22:14:21.289312+09:00
Mailroom Layout,10.0,0.0,success,False,2026-08-27T22:29:33.709708+09:00
Mailroom Ledger,,,failed,False,2026-08-19T21:47:46.224144+09:00
Mailroom Level,,,failed,False,2026-08-19T22:01:35.806950+09:00
Mailroom Line,,,failed,False,2026-08-19T21:58:45.118789+09:00
Mailroom Link,,,failed,False,2026-08-23T03:24:33.433692+09:00
Mailroom List,,,failed,False,2026-08-19T22:04:07.178529+09:00
Mailroom Loan,,,failed,False,2026-08-21T02:10:00.502849+09:00
Mailroom Locator,,,failed,False,2026-08-19T21:54:48.895899+09:00
Mailroom Locker,30.0,82.0,success,False,2026-08-19T21:55:28.451912+09:00
Mailroom Log,,,failed,False,2026-08-19T21:59:23.737982+09:00
Mailroom Loop,,,failed,False,2026-08-19T22:07:58.722610+09:00
Mailroom Manager,50.0,0.0,success,False,2026-08-19T21:52:07.578129+09:00
Mailroom Manual,,,failed,False,2026-08-27T22:14:23.666536+09:00
Mailroom Map,,,failed,False,2026-08-19T21:46:50.004607+09:00
Mailroom Margin,,,failed,False,2026-08-23T02:57:57.265224+09:00
Mailroom Memo,,,failed,False,2026-08-21T00:29:47.975164+09:00
Mailroom Message,,,failed,False,2026-08-27T23:10:31.050648+09:00
Mailroom Monitor,,,failed,False,2026-08-19T21:53:06.381329+09:00
Mailroom Nexus,,,failed,False,2026-08-19T21:51:30.988224+09:00
Mailroom Note,,,failed,False,2026-08-19T22:00:26.290780+09:00
Mailroom Notification,,,failed,False,2026-08-27T22:44:19.444390+09:00
Mailroom Number,,,failed,False,2026-08-23T03:24:25.190204+09:00
Mailroom Office,90.0,45.0,success,False,2026-08-19T21:55:09.455728+09:00
Mailroom Ops,,,failed,False,2026-08-19T21:53:47.413598+09:00
Mailroom Order,,,failed,False,2026-08-19T22:03:26.204468+09:00
Mailroom Outpost,,,failed,False,2026-08-19T21:56:32.690388+09:00
Mailroom Overage,,,failed,False,2026-08-27T21:49:50.641192+09:00
Mailroom Overdue,,,failed,False,2026-08-27T21:49:48.123433+09:00
Mailroom Panel,,,failed,False,2026-08-19T21:50:02.656663+09:00
Mailroom Pass,,,failed,False,2026-08-21T00:28:59.306676+09:00
Mailroom Path,,,failed,False,2026-08-19T21:46:29.828345+09:00
Mailroom Payoff,,,failed,False,2026-08-27T21:49:48.123433+09:00
Mailroom Petition,,,failed,False,2026-08-21T01:05:23.608566+09:00
Mailroom Plan,,,failed,False,2026-08-21T01:52:20.481419+09:00
Mailroom Playbook,,,failed,False,2026-08-19T21:53:57.995655+09:00
Mailroom Plaza,,,failed,False,2026-08-19T21:56:48.069412+09:00
Mailroom Point,,,failed,False,2026-08-19T21:46:37.963751+09:00
Mailroom Portal,,,failed,False,2026-08-19T21:49:39.376770+09:00
Mailroom Post,,,failed,False,2026-08-19T21:56:20.786748+09:00
Mailroom Preview,,,failed,False,2026-08-28T01:05:11.238913+09:00
Mailroom Profile,,,failed,False,2026-08-19T22:00:47.598420+09:00
Mailroom Profit,,,failed,False,2026-08-23T02:57:53.053705+09:00
Mailroom Proposal,,,failed,False,2026-08-28T01:05:14.146226+09:00
Mailroom Quota,,,failed,False,2026-08-21T00:29:55.538883+09:00
Mailroom Radar,,,failed,False,2026-08-19T22:05:51.290848+09:00
Mailroom Rail,,,failed,False,2026-08-19T21:50:37.216187+09:00
Mailroom Rate,,,failed,False,2026-08-19T22:01:48.957551+09:00
Mailroom Recap,,,failed,False,2026-08-21T01:05:40.713486+09:00
Mailroom Receipt,,,failed,False,2026-08-19T22:03:44.565114+09:00
Mailroom Recorder,,,failed,False,2026-08-27T23:33:18.763574+09:00
Mailroom Register,10.0,,success,False,2026-08-19T21:53:34.201182+09:00
Mailroom Registry,,,failed,False,2026-08-19T21:54:19.584048+09:00
Mailroom Relay,,,failed,False,2026-08-19T22:06:04.414832+09:00
Mailroom Reminder,,,failed,False,2026-08-19T22:02:47.197172+09:00
Mailroom Report,,,failed,False,2026-08-19T21:59:12.539055+09:00
Mailroom Roll,,,failed,False,2026-08-19T21:59:04.972402+09:00
Mailroom Roster,,,failed,False,2026-08-19T21:57:24.591826+09:00
Mailroom Route,,,failed,False,2026-08-19T21:50:26.967968+09:00
Mailroom Rule,,,failed,False,2026-08-23T03:24:36.035969+09:00
Mailroom Sale,,,failed,False,2026-08-21T02:26:43.792522+09:00
Mailroom Scale,10.0,100.0,success,False,2026-08-19T21:50:15.861548+09:00
Mailroom Scanner,50.0,60.0,success,False,2026-08-27T23:53:34.112900+09:00
Mailroom Scheduler,,,failed,False,2026-08-19T21:52:57.085670+09:00
Mailroom Scope,,,failed,False,2026-08-19T22:07:41.945033+09:00
Mailroom Score,,,failed,False,2026-08-19T22:00:16.178777+09:00
Mailroom Sheet,,,failed,False,2026-08-19T21:59:55.438905+09:00
Mailroom Shelf,20.0,100.0,success,False,2026-08-19T21:57:14.341308+09:00
Mailroom Shortfall,,,failed,False,2026-08-27T21:49:55.360701+09:00
Mailroom Signal,,,failed,False,2026-08-19T22:07:18.055706+09:00
Mailroom Signature,,,failed,False,2026-08-23T13:27:11.117738+09:00
Mailroom Slip,,,failed,False,2026-08-19T22:04:38.551336+09:00
Mailroom Slot,,,failed,False,2026-08-19T22:05:01.387918+09:00
Mailroom Statement,,,failed,False,2026-08-21T00:29:27.962730+09:00
Mailroom Station,,,failed,False,2026-08-19T21:48:55.925505+09:00
Mailroom Status,,,failed,False,2026-08-19T22:00:55.317910+09:00
Mailroom Stub,,,failed,False,2026-08-21T00:29:18.901587+09:00
Mailroom Studio,10.0,0.0,success,False,2026-08-19T21:48:27.069382+09:00
Mailroom Subsidy,,,failed,False,2026-08-23T15:51:57.634783+09:00
Mailroom Sum,,,failed,False,2026-08-21T02:26:32.701256+09:00
Mailroom Summary,,,failed,False,2026-08-19T22:02:29.042116+09:00
Mailroom Tab,,,failed,False,2026-08-21T00:30:08.282339+09:00
Mailroom Table,70.0,100.0,success,False,2026-08-19T22:04:17.404214+09:00
Mailroom Tag,,,failed,False,2026-08-19T22:00:37.818778+09:00
Mailroom Tally,,,failed,False,2026-08-21T00:29:32.816021+09:00
Mailroom Tariff,,,failed,False,2026-08-21T02:43:30.904154+09:00
Mailroom Tax,,,failed,False,2026-08-21T02:10:00.502849+09:00
Mailroom Terminal,,,failed,False,2026-08-19T21:49:05.079544+09:00
Mailroom Ticker,,,failed,False,2026-08-19T21:58:36.842594+09:00
Mailroom Ticket,,,failed,False,2026-08-19T22:03:08.515859+09:00
Mailroom Timeline,,,failed,False,2026-08-19T22:02:37.152847+09:00
Mailroom Timer,,,failed,False,2026-08-28T00:23:37.982808+09:00
Mailroom Toll,,,failed,False,2026-08-21T02:43:25.318568+09:00
Mailroom Toolbox,,,failed,False,2026-08-28T00:23:53.902588+09:00
Mailroom Total,,,failed,False,2026-08-27T23:10:34.837044+09:00
Mailroom Tracker,,,failed,False,2026-08-19T22:05:13.355108+09:00
Mailroom Trail,,,failed,False,2026-08-19T21:50:49.199189+09:00
Mailroom Trend,,,failed,False,2026-08-28T01:05:08.626878+09:00
Mailroom Trial,,,failed,False,2026-08-27T21:18:52.051068+09:00
Mailroom Unit,,,failed,False,2026-08-21T01:52:17.382086+09:00
Mailroom Update,,,failed,False,2026-08-19T22:01:57.019761+09:00
Mailroom Value,,,failed,False,2026-08-23T02:57:55.201782+09:00
Mailroom Vault,,,failed,False,2026-08-19T22:06:12.556669+09:00
Mailroom Version,,,failed,False,2026-08-23T03:24:30.095281+09:00
Mailroom View,,,failed,False,2026-08-19T22:01:05.588899+09:00
Mailroom Voucher,,,failed,False,2026-08-21T00:29:05.314041+09:00
Mailroom Watch,,,failed,False,2026-08-19T22:07:28.246340+09:00
Mailroom Wave,,,failed,False,2026-08-19T21:46:17.017433+09:00
Mailroom Widget,,,failed,False,2026-08-27T23:10:34.837044+09:00
Mailroom Window,,,failed,False,2026-08-19T21:58:54.005326+09:00
Mailroom Worksheet,,,failed,False,2026-08-27T22:14:23.666536+09:00
Mailroom Yard,,,failed,False,2026-08-19T21:55:57.867275+09:00
Mailroom Zone,,,failed,False,2026-08-19T21:49:30.160580+09:00
Maintenance Advance,,,failed,False,2026-08-23T16:11:06.629164+09:00
Maintenance Advisory,110.0,1.0,success,False,2026-08-21T00:58:49.473587+09:00
Maintenance Allowance,320.0,0.0,success,False,2026-08-21T02:36:50.213443+09:00
Maintenance Almanac,,,failed,False,2026-08-18T22:02:28.338577+09:00
Maintenance Analyzer,,,failed,False,2026-08-27T23:52:57.703687+09:00
Maintenance Anchor,,,failed,False,2026-08-17T20:33:54.236742+09:00
Maintenance Announcement,170.0,0.0,success,False,2026-08-27T23:33:13.459329+09:00
Maintenance Arrears,170.0,0.0,success,False,2026-08-23T16:11:40.333627+09:00
Maintenance Asset,720.0,14.0,success,False,2026-08-23T13:45:27.370408+09:00
Maintenance Assistant,2900.0,2.0,success,False,2026-08-17T23:03:41.404316+09:00
Maintenance Atlas,,,failed,False,2026-08-17T20:32:47.475978+09:00
Maintenance Attribute,,,failed,False,2026-08-23T13:05:45.716846+09:00
Maintenance Badge,110.0,37.0,success,False,2026-08-21T00:26:02.753353+09:00
Maintenance Balance,170.0,0.0,success,False,2026-08-23T13:45:24.772737+09:00
Maintenance Base,50.0,3.0,success,False,2026-08-18T07:43:30.092641+09:00
Maintenance Beacon,,,failed,False,2026-08-17T20:37:39.748297+09:00
Maintenance Bill,720.0,0.0,success,False,2026-08-19T21:48:44.866696+09:00
Maintenance Blueprint,,,failed,False,2026-08-18T22:05:02.516248+09:00
Maintenance Board,260.0,40.0,success,False,2026-08-17T20:35:18.626237+09:00
Maintenance Book,880.0,47.0,success,False,2026-08-19T21:49:41.666387+09:00
Maintenance Bridge,390.0,1.0,success,False,2026-08-17T20:34:44.892914+09:00
Maintenance Brief,,,failed,False,2026-08-21T00:58:40.847726+09:00
Maintenance Bulletin,20.0,0.0,success,False,2026-08-21T00:58:36.711570+09:00
Maintenance Cabinet,90.0,93.0,success,False,2026-08-27T23:11:17.164347+09:00
Maintenance Calculator,9900.0,4.0,success,False,2026-08-27T23:33:13.459329+09:00
Maintenance Calendar,260.0,21.0,success,False,2026-08-18T23:58:15.272323+09:00
Maintenance Card,260.0,18.0,success,False,2026-08-19T13:20:58.742668+09:00
Maintenance Cascade,,,failed,False,2026-08-17T20:35:45.912195+09:00
Maintenance Cash,,,failed,False,2026-08-21T02:21:59.749711+09:00
Maintenance Cashback,,,failed,False,2026-08-27T21:13:15.493972+09:00
Maintenance Catalog,20.0,2.0,success,False,2026-08-19T21:04:31.572257+09:00
Maintenance Category,90.0,2.0,success,False,2026-08-23T13:05:43.515456+09:00
Maintenance Center,480.0,3.0,success,False,2026-08-17T20:32:07.300250+09:00
Maintenance Chain,210.0,40.0,success,False,2026-08-17T20:37:39.748297+09:00
Maintenance Charge,2400.0,0.0,success,True,2026-08-21T02:36:37.228119+09:00
Maintenance Check,720.0,7.0,success,False,2026-08-19T13:21:55.310171+09:00
Maintenance Checker,720.0,7.0,success,False,2026-08-27T23:52:45.278124+09:00
Maintenance Checklist,1600.0,43.0,success,False,2026-08-19T21:03:21.176777+09:00
Maintenance Circular,,,failed,False,2026-08-21T01:00:03.837469+09:00
Maintenance Cockpit,,,failed,False,2026-08-17T23:03:37.118721+09:00
Maintenance Code,260.0,0.0,success,False,2026-08-19T21:49:11.434209+09:00
Maintenance Codex,,,failed,False,2026-08-18T22:02:50.623197+09:00
Maintenance Companion,,,failed,False,2026-08-17T22:49:21.662634+09:00
Maintenance Comparison,20.0,0.0,success,False,2026-08-28T01:01:48.581211+09:00
Maintenance Compass,,,failed,False,2026-08-18T07:43:25.661274+09:00
Maintenance Compendium,,,failed,False,2026-08-18T22:02:40.368007+09:00
Maintenance Confirmation,,,failed,False,2026-08-21T00:58:59.914106+09:00
Maintenance Console,70.0,4.0,success,False,2026-08-17T20:37:14.189830+09:00
Maintenance Contribution,10.0,0.0,success,False,2026-08-23T16:11:40.333627+09:00
Maintenance Core,,,failed,False,2026-08-18T07:43:31.933030+09:00
Maintenance Cost,3600.0,0.0,success,True,2026-08-21T02:06:17.677670+09:00
Maintenance Count,,,failed,False,2026-08-27T22:45:55.749339+09:00
Maintenance Counter,50.0,6.0,success,False,2026-08-18T23:57:13.406878+09:00
Maintenance Coupon,10.0,0.0,success,False,2026-08-27T21:13:15.493972+09:00
Maintenance Dashboard,590.0,20.0,success,False,2026-08-17T23:04:05.706993+09:00
Maintenance Deal,,,failed,False,2026-08-21T01:51:43.156382+09:00
Maintenance Debt,30.0,1.0,success,False,2026-08-21T02:21:48.463008+09:00
Maintenance Deck,1900.0,34.0,success,False,2026-08-17T20:34:23.568448+09:00
Maintenance Depot,210.0,1.0,success,False,2026-08-18T23:58:49.693970+09:00
Maintenance Desk,70.0,82.0,success,False,2026-08-17T20:31:46.547401+09:00
Maintenance Detail,140.0,9.0,success,False,2026-08-23T03:16:04.926690+09:00
Maintenance Detector,,,failed,False,2026-08-27T23:52:54.402675+09:00
Maintenance Dial,,,failed,False,2026-08-17T20:35:15.216607+09:00
Maintenance Digest,,,failed,False,2026-08-19T20:39:18.061361+09:00
Maintenance Directory,10.0,5.0,success,False,2026-08-18T23:58:23.364762+09:00
Maintenance Discount,,,failed,False,2026-08-23T16:11:37.487376+09:00
Maintenance Dock,140.0,14.0,success,False,2026-08-18T07:43:38.150133+09:00
Maintenance Dossier,,,failed,False,2026-08-21T00:59:03.951352+09:00
Maintenance Draft,20.0,0.0,success,False,2026-08-19T20:39:35.461909+09:00
Maintenance Due,260.0,0.0,success,False,2026-08-23T15:50:23.768923+09:00
Maintenance Duty,70.0,0.0,success,False,2026-08-21T02:36:41.492996+09:00
Maintenance Engine,2400.0,6.0,success,False,2026-08-17T23:05:21.665981+09:00
Maintenance Entry,20.0,0.0,success,False,2026-08-21T00:59:17.321844+09:00
Maintenance Estimate,50.0,1.0,success,False,2026-08-19T21:04:17.654082+09:00
Maintenance Estimator,10.0,0.0,success,False,2026-08-27T23:52:42.913738+09:00
Maintenance Excerpt,,,failed,False,2026-08-21T00:59:12.932532+09:00
Maintenance Extension,20.0,0.0,success,False,2026-08-23T16:37:06.410620+09:00
Maintenance Fare,,,failed,False,2026-08-21T02:06:27.364500+09:00
Maintenance Fee,4400.0,0.0,success,True,2026-08-21T01:51:26.021065+09:00
Maintenance Feed,4400.0,0.0,success,True,2026-08-19T20:39:26.869721+09:00
Maintenance Field,70.0,0.0,success,False,2026-08-23T13:05:48.567186+09:00
Maintenance File,110.0,3.0,success,False,2026-08-19T20:38:39.383467+09:00
Maintenance Finder,,,failed,False,2026-08-18T23:58:41.085151+09:00
Maintenance Fine,,,failed,False,2026-08-23T02:52:54.203392+09:00
Maintenance Flag,40.0,9.0,success,False,2026-08-21T00:24:49.316489+09:00
Maintenance Flow,20.0,12.0,success,False,2026-08-17T20:34:48.922886+09:00
Maintenance Forge,,,failed,False,2026-08-17T20:36:43.272468+09:00
Maintenance Form,1000.0,7.0,success,False,2026-08-19T13:20:50.883072+09:00
Maintenance Format,1000.0,7.0,success,False,2026-08-23T13:05:53.628688+09:00
Maintenance Frame,10.0,0.0,success,False,2026-08-18T07:43:30.092641+09:00
Maintenance Fund,210.0,0.0,success,False,2026-08-21T02:21:52.863298+09:00
Maintenance Gate,90.0,30.0,success,False,2026-08-17T20:34:43.926118+09:00
Maintenance Giveaway,,,failed,False,2026-08-27T21:13:25.046826+09:00
Maintenance Grade,,,failed,False,2026-08-21T00:26:23.518919+09:00
Maintenance Graph,90.0,1.0,success,False,2026-08-27T22:07:19.639710+09:00
Maintenance Grid,,,failed,False,2026-08-17T20:38:06.157627+09:00
Maintenance Guarantee,90.0,0.0,success,False,2026-08-28T01:01:55.633503+09:00
Maintenance Guard,,,failed,False,2026-08-18T07:43:23.332018+09:00
Maintenance Guardian,,,failed,False,2026-08-28T00:22:57.445324+09:00
Maintenance Guidebook,,,failed,False,2026-08-18T22:04:42.771017+09:00
Maintenance Helpdesk,70.0,23.0,success,False,2026-08-27T22:45:58.509654+09:00
Maintenance Helper,720.0,5.0,success,False,2026-08-28T00:23:02.722044+09:00
Maintenance History,320.0,5.0,success,False,2026-08-19T20:38:30.453873+09:00
Maintenance Hotline,40.0,2.0,success,False,2026-08-19T21:04:44.071622+09:00
Maintenance Hub,170.0,2.0,success,False,2026-08-17T20:33:59.012811+09:00
Maintenance Identifier,,,failed,False,2026-08-23T13:05:41.403029+09:00
Maintenance Incentive,,,failed,False,2026-08-27T21:13:25.046826+09:00
Maintenance Index,50.0,3.0,success,False,2026-08-19T21:03:36.529171+09:00
Maintenance Insight,10.0,14.0,success,False,2026-08-17T23:04:21.710025+09:00
Maintenance Installment,,,failed,False,2026-08-23T16:11:37.487376+09:00
Maintenance Item,390.0,1.0,success,False,2026-08-21T01:51:32.906314+09:00
Maintenance Journal,110.0,53.0,success,False,2026-08-18T22:04:23.726026+09:00
Maintenance Keeper,10.0,3.0,success,False,2026-08-18T07:43:59.355214+09:00
Maintenance Kit,1900.0,16.0,success,False,2026-08-27T22:45:51.425899+09:00
Maintenance Lab,320.0,5.0,success,False,2026-08-17T20:32:21.226449+09:00
Maintenance Label,210.0,67.0,success,False,2026-08-27T22:07:22.262130+09:00
Maintenance Ledger,50.0,0.0,success,False,2026-08-17T20:36:17.521162+09:00
Maintenance Lens,,,failed,False,2026-08-18T07:43:28.535953+09:00
Maintenance Level,390.0,1.0,success,False,2026-08-19T20:38:50.239529+09:00
Maintenance Levy,20.0,0.0,success,False,2026-08-23T13:45:29.589427+09:00
Maintenance Link,90.0,1.0,success,False,2026-08-23T03:15:55.657138+09:00
Maintenance List,260.0,16.0,success,False,2026-08-19T21:49:21.504748+09:00
Maintenance Loan,8100.0,2.0,success,False,2026-08-21T02:06:36.583403+09:00
Maintenance Locator,,,failed,False,2026-08-18T23:58:32.218218+09:00
Maintenance Lock,210.0,32.0,success,False,2026-08-17T20:33:23.313632+09:00
Maintenance Log,1600.0,67.0,success,False,2026-08-19T13:23:10.003028+09:00
Maintenance Loop,50.0,0.0,success,False,2026-08-17T20:38:59.956902+09:00
Maintenance Manager,6600.0,6.0,success,False,2026-08-17T20:31:38.107939+09:00
Maintenance Manual,1900.0,8.0,success,False,2026-08-27T22:07:27.719925+09:00
Maintenance Map,40.0,0.0,success,False,2026-08-17T20:32:12.868338+09:00
Maintenance Markup,,,failed,False,2026-08-23T16:37:04.042408+09:00
Maintenance Memo,20.0,0.0,success,False,2026-08-21T00:26:28.007677+09:00
Maintenance Message,2900.0,0.0,success,True,2026-08-27T23:11:08.284499+09:00
Maintenance Meter,10.0,78.0,success,False,2026-08-17T20:34:20.444490+09:00
Maintenance Metrics,140.0,5.0,success,False,2026-08-17T23:04:03.069082+09:00
Maintenance Monitor,210.0,8.0,success,False,2026-08-17T23:05:24.872109+09:00
Maintenance Navigator,,,failed,False,2026-08-17T22:48:03.176041+09:00
Maintenance Nexus,,,failed,False,2026-08-17T20:33:51.962760+09:00
Maintenance Node,,,failed,False,2026-08-17T20:35:45.912195+09:00
Maintenance Note,140.0,1.0,success,False,2026-08-19T13:22:55.768758+09:00
Maintenance Notification,480.0,0.0,success,False,2026-08-27T22:45:43.680386+09:00
Maintenance Number,210.0,1.0,success,False,2026-08-23T03:15:49.113628+09:00
Maintenance Office,4400.0,3.0,success,False,2026-08-18T23:57:00.632523+09:00
Maintenance Ops,,,failed,False,2026-08-17T22:48:05.376281+09:00
Maintenance Order,720.0,2.0,success,False,2026-08-19T21:48:31.545228+09:00
Maintenance Organizer,10.0,92.0,success,False,2026-08-17T23:07:11.054257+09:00
Maintenance Overdraft,,,failed,False,2026-08-23T15:50:23.768923+09:00
Maintenance Overdue,110.0,0.0,success,False,2026-08-27T21:46:03.878331+09:00
Maintenance Panel,320.0,5.0,success,False,2026-08-17T20:36:13.174234+09:00
Maintenance Pass,,,failed,False,2026-08-21T00:25:50.747055+09:00
Maintenance Path,40.0,0.0,success,False,2026-08-17T20:35:12.658616+09:00
Maintenance Penalty,10.0,0.0,success,False,2026-08-23T16:37:01.033816+09:00
Maintenance Petition,110.0,0.0,success,False,2026-08-21T00:58:54.317507+09:00
Maintenance Pilot,,,failed,False,2026-08-17T20:32:55.422953+09:00
Maintenance Plan,9900.0,19.0,success,False,2026-08-21T01:51:30.454681+09:00
Maintenance Planner,9900.0,19.0,success,False,2026-08-17T23:07:32.474026+09:00
Maintenance Playbook,,,failed,False,2026-08-18T22:04:08.939820+09:00
Maintenance Point,110.0,2.0,success,False,2026-08-17T20:34:19.305897+09:00
Maintenance Portal,3600.0,1.0,success,False,2026-08-18T07:43:30.092641+09:00
Maintenance Preview,,,failed,False,2026-08-28T01:01:51.337076+09:00
Maintenance Profile,20.0,1.0,success,False,2026-08-19T13:23:19.735168+09:00
Maintenance Profit,,,failed,False,2026-08-23T02:52:39.945062+09:00
Maintenance Proposal,70.0,9.0,success,False,2026-08-28T01:01:55.633503+09:00
Maintenance Pulse,10.0,6.0,success,False,2026-08-17T20:37:11.919122+09:00
Maintenance Queue,,,failed,False,2026-08-19T21:04:06.353252+09:00
Maintenance Quota,,,failed,False,2026-08-21T00:24:39.947545+09:00
Maintenance Radar,10.0,13.0,success,False,2026-08-18T07:43:30.092641+09:00
Maintenance Rail,1300.0,3.0,success,False,2026-08-18T07:43:49.584727+09:00
Maintenance Rate,210.0,0.0,success,False,2026-08-19T20:38:59.819787+09:00
Maintenance Recap,,,failed,False,2026-08-21T01:00:11.022856+09:00
Maintenance Receipt,260.0,8.0,success,False,2026-08-19T21:48:58.615287+09:00
Maintenance Recorder,,,failed,False,2026-08-27T23:33:18.763574+09:00
Maintenance Register,320.0,6.0,success,False,2026-08-17T23:05:17.262710+09:00
Maintenance Registry,10.0,7.0,success,False,2026-08-18T22:04:53.198463+09:00
Maintenance Relay,,,failed,False,2026-08-17T20:32:44.310093+09:00
Maintenance Reminder,260.0,0.0,success,False,2026-08-19T21:06:57.837919+09:00
Maintenance Report,1300.0,8.0,success,False,2026-08-19T13:22:59.111226+09:00
Maintenance Repository,,,failed,False,2026-08-27T23:11:17.164347+09:00
Maintenance Result,10.0,0.0,success,False,2026-08-28T00:46:36.452526+09:00
Maintenance Roadmap,10.0,20.0,success,False,2026-08-18T21:06:03.853095+09:00
Maintenance Roster,50.0,7.0,success,False,2026-08-19T00:37:23.570326+09:00
Maintenance Route,20.0,9.0,success,False,2026-08-17T20:32:12.868338+09:00
Maintenance Rule,90.0,2.0,success,False,2026-08-23T03:15:59.188624+09:00
Maintenance Sale,,,failed,False,2026-08-21T02:22:03.460496+09:00
Maintenance Sample,10.0,0.0,success,False,2026-08-19T21:50:09.573666+09:00
Maintenance Scale,20.0,0.0,success,False,2026-08-17T20:33:24.231963+09:00
Maintenance Scanner,70.0,9.0,success,False,2026-08-27T23:52:49.352062+09:00
Maintenance Scheduler,4400.0,2.0,success,False,2026-08-17T23:05:24.872109+09:00
Maintenance Scope,70.0,4.0,success,False,2026-08-18T07:43:33.708043+09:00
Maintenance Score,,,failed,False,2026-08-19T13:22:04.691766+09:00
Maintenance Sentry,,,failed,False,2026-08-17T20:31:38.107939+09:00
Maintenance Sheet,320.0,54.0,success,False,2026-08-19T13:21:40.944519+09:00
Maintenance Signal,,,failed,False,2026-08-17T20:32:49.512310+09:00
Maintenance Signature,,,failed,False,2026-08-23T13:26:15.190614+09:00
Maintenance Slip,90.0,59.0,success,False,2026-08-19T21:49:55.952193+09:00
Maintenance Slot,110.0,0.0,success,False,2026-08-19T21:50:21.596797+09:00
Maintenance Snapshot,,,failed,False,2026-08-18T22:04:32.030179+09:00
Maintenance Stage,260.0,0.0,success,False,2026-08-28T00:46:36.452526+09:00
Maintenance Stake,,,failed,False,2026-08-23T02:52:46.674301+09:00
Maintenance Statement,30.0,0.0,success,False,2026-08-21T00:26:13.350270+09:00
Maintenance Station,140.0,9.0,success,False,2026-08-18T07:43:25.661274+09:00
Maintenance Status,170.0,0.0,success,False,2026-08-19T20:38:10.418620+09:00
Maintenance Stipend,10.0,0.0,success,False,2026-08-23T13:45:33.532917+09:00
Maintenance Streak,,,failed,False,2026-08-28T00:46:36.452526+09:00
Maintenance Stub,,,failed,False,2026-08-21T00:26:07.923229+09:00
Maintenance Studio,,,failed,False,2026-08-17T20:33:30.325030+09:00
Maintenance Subsidy,,,failed,False,2026-08-23T15:50:26.316180+09:00
Maintenance Suite,10.0,30.0,success,False,2026-08-17T23:03:41.404316+09:00
Maintenance Sum,,,failed,False,2026-08-21T02:21:41.084768+09:00
Maintenance Summary,50.0,0.0,success,False,2026-08-19T21:06:39.226294+09:00
Maintenance Sync,,,failed,False,2026-08-17T20:35:48.969093+09:00
Maintenance Tab,260.0,1.0,success,False,2026-08-21T00:24:43.469777+09:00
Maintenance Table,390.0,28.0,success,False,2026-08-19T21:49:32.440919+09:00
Maintenance Tag,390.0,100.0,success,False,2026-08-19T13:23:10.003028+09:00
Maintenance Tally,,,failed,False,2026-08-21T00:26:18.251155+09:00
Maintenance Tariff,,,failed,False,2026-08-21T02:36:53.900229+09:00
Maintenance Tax,50.0,0.0,success,False,2026-08-21T02:06:32.230213+09:00
Maintenance Ticket,210.0,16.0,success,False,2026-08-19T21:03:51.507952+09:00
Maintenance Tier,,,failed,False,2026-08-28T00:46:39.262631+09:00
Maintenance Timeline,20.0,0.0,success,False,2026-08-19T21:06:47.923280+09:00
Maintenance Timer,390.0,0.0,success,False,2026-08-28T00:22:52.095414+09:00
Maintenance Token,50.0,0.0,success,False,2026-08-23T13:26:15.190614+09:00
Maintenance Toll,,,failed,False,2026-08-21T02:36:47.930212+09:00
Maintenance Toolbox,50.0,100.0,success,False,2026-08-28T00:23:00.112605+09:00
Maintenance Toolkit,40.0,97.0,success,False,2026-08-18T22:04:00.845205+09:00
Maintenance Total,720.0,28.0,success,False,2026-08-27T23:11:14.046678+09:00
Maintenance Tracker,1300.0,25.0,success,False,2026-08-17T20:36:48.387810+09:00
Maintenance Trail,10.0,0.0,success,False,2026-08-17T20:38:32.473394+09:00
Maintenance Trend,,,failed,False,2026-08-28T01:01:48.581211+09:00
Maintenance Trial,20.0,0.0,success,False,2026-08-27T21:13:18.101351+09:00
Maintenance Unit,320.0,2.0,success,False,2026-08-21T01:51:35.759053+09:00
Maintenance Update,260.0,1.0,success,False,2026-08-19T20:39:07.135209+09:00
Maintenance Value,10.0,0.0,success,False,2026-08-23T02:52:43.639669+09:00
Maintenance Vault,,,failed,False,2026-08-17T20:31:33.560642+09:00
Maintenance Version,20.0,0.0,success,False,2026-08-23T03:15:51.596433+09:00
Maintenance View,110.0,2.0,success,False,2026-08-19T20:38:22.141016+09:00
Maintenance Voucher,20.0,0.0,success,False,2026-08-21T00:25:57.789837+09:00
Maintenance Wallet,,,failed,False,2026-08-27T22:45:51.425899+09:00
Maintenance Watch,720.0,18.0,success,False,2026-08-17T20:31:38.107939+09:00
Maintenance Wave,,,failed,False,2026-08-17T20:36:12.301778+09:00
Maintenance Widget,10.0,0.0,success,False,2026-08-27T23:11:14.046678+09:00
Maintenance Workbench,40.0,96.0,success,False,2026-08-18T22:03:49.519359+09:00
Maintenance Worksheet,50.0,29.0,success,False,2026-08-27T22:07:27.719925+09:00
Maintenance Workshop,1300.0,3.0,success,False,2026-08-28T00:22:54.713063+09:00
Maintenance Zone,110.0,1.0,success,False,2026-08-18T07:43:30.092641+09:00
Major Alert,50.0,0.0,success,False,2026-08-21T01:41:44.452509+09:00
Major Allowance,,,failed,False,2026-08-21T02:43:28.304823+09:00
Major Analyzer,,,failed,False,2026-08-27T23:59:35.243773+09:00
Major Arrears,,,failed,False,2026-08-23T16:14:15.763731+09:00
Major Atlas,70.0,26.0,success,False,2026-08-21T01:39:42.723562+09:00
Major Attribute,,,failed,False,2026-08-23T13:04:50.850524+09:00
Major Badge,140.0,11.0,success,False,2026-08-21T01:35:40.970939+09:00
Major Base,40.0,1.0,success,False,2026-08-21T01:38:08.891636+09:00
Major Bay,590.0,1.0,success,False,2026-08-21T01:41:12.264242+09:00
Major Beacon,,,failed,False,2026-08-21T01:37:11.320785+09:00
Major Bill,70.0,0.0,success,False,2026-08-21T01:44:11.369887+09:00
Major Board,70.0,0.0,success,False,2026-08-21T01:38:24.012895+09:00
Major Bridge,590.0,0.0,success,False,2026-08-21T01:37:24.140763+09:00
Major Brief,,,failed,False,2026-08-21T01:35:40.970939+09:00
Major Bulletin,,,failed,False,2026-08-21T01:35:40.970939+09:00
Major Calculator,1900.0,0.0,success,True,2026-08-27T23:36:44.866320+09:00
Major Calendar,70.0,0.0,success,False,2026-08-21T01:40:37.729948+09:00
Major Card,390.0,27.0,success,False,2026-08-21T01:42:32.456630+09:00
Major Cascade,,,failed,False,2026-08-21T01:37:19.276865+09:00
Major Cash,170.0,4.0,success,False,2026-08-21T02:27:02.067893+09:00
Major Center,70.0,0.0,success,False,2026-08-21T01:38:48.053655+09:00
Major Chain,110.0,1.0,success,False,2026-08-21T01:39:27.131441+09:00
Major Charge,20.0,0.0,success,False,2026-08-21T02:43:16.744782+09:00
Major Chart,140.0,0.0,success,False,2026-08-21T01:41:48.955996+09:00
Major Check,30.0,2.0,success,False,2026-08-21T01:42:40.721389+09:00
Major Checker,,,failed,False,2026-08-27T23:59:30.142774+09:00
Major Code,260.0,0.0,success,False,2026-08-21T01:44:20.732547+09:00
Major Companion,10.0,0.0,success,False,2026-08-21T01:40:15.311910+09:00
Major Compass,10.0,0.0,success,False,2026-08-21T01:37:07.808277+09:00
Major Confirmation,,,failed,False,2026-08-21T01:35:40.970939+09:00
Major Console,,,failed,False,2026-08-21T01:38:57.072218+09:00
Major Contribution,880.0,0.0,success,False,2026-08-23T16:14:11.722628+09:00
Major Core,390.0,17.0,success,False,2026-08-21T01:38:16.172375+09:00
Major Cost,70.0,0.0,success,False,2026-08-21T02:10:21.556989+09:00
Major Count,,,failed,False,2026-08-27T22:50:07.511114+09:00
Major Counter,50.0,1.0,success,False,2026-08-21T01:40:55.486600+09:00
Major Deal,590.0,0.0,success,False,2026-08-21T01:53:31.985132+09:00
Major Debt,20.0,15.0,success,False,2026-08-21T02:26:53.610271+09:00
Major Deck,,,failed,False,2026-08-21T01:38:26.164281+09:00
Major Desk,,,failed,False,2026-08-21T01:36:50.253581+09:00
Major Detail,210.0,0.0,success,False,2026-08-23T03:24:13.637906+09:00
Major Detector,,,failed,False,2026-08-27T23:59:32.969820+09:00
Major Diagram,20.0,0.0,success,False,2026-08-27T22:12:40.822062+09:00
Major Directory,10.0,24.0,success,False,2026-08-21T01:40:39.778843+09:00
Major Discount,320.0,10.0,success,False,2026-08-23T16:14:05.017306+09:00
Major Downpayment,,,failed,False,2026-08-27T21:48:20.717175+09:00
Major Draft,140.0,0.0,success,False,2026-08-21T01:43:34.239530+09:00
Major Due,,,failed,False,2026-08-23T15:51:28.689965+09:00
Major Duty,90.0,0.0,success,False,2026-08-21T02:43:19.046773+09:00
Major Endowment,,,failed,False,2026-08-23T15:51:36.784233+09:00
Major Engine,40.0,0.0,success,False,2026-08-21T01:39:55.005229+09:00
Major Entry,10.0,8.0,success,False,2026-08-21T01:35:40.970939+09:00
Major Estimate,,,failed,False,2026-08-21T01:44:01.894856+09:00
Major Estimator,,,failed,False,2026-08-27T23:59:26.259431+09:00
Major Extension,,,failed,False,2026-08-23T16:39:00.201041+09:00
Major Fare,,,failed,False,2026-08-21T02:10:31.589901+09:00
Major Fee,,,failed,False,2026-08-21T01:53:14.865292+09:00
Major Feed,50.0,0.0,success,False,2026-08-21T01:43:27.778790+09:00
Major Field,590.0,1.0,success,False,2026-08-23T13:04:54.297618+09:00
Major File,70.0,3.0,success,False,2026-08-21T01:43:07.474360+09:00
Major Fine,10.0,0.0,success,False,2026-08-23T02:57:53.053705+09:00
Major Flow,480.0,36.0,success,False,2026-08-21T01:36:42.310879+09:00
Major Forge,,,failed,False,2026-08-21T01:37:16.023011+09:00
Major Form,110.0,0.0,success,False,2026-08-21T01:42:27.221916+09:00
Major Format,10.0,0.0,success,False,2026-08-23T13:04:57.008398+09:00
Major Frame,40.0,5.0,success,False,2026-08-21T01:38:06.302240+09:00
Major Fund,260.0,2.0,success,False,2026-08-21T02:26:56.391999+09:00
Major Gate,90.0,1.0,success,False,2026-08-21T01:39:32.953570+09:00
Major Graph,10.0,0.0,success,False,2026-08-27T22:12:21.251456+09:00
Major Grid,110.0,0.0,success,False,2026-08-21T01:37:41.835664+09:00
Major Helpdesk,,,failed,False,2026-08-27T22:50:09.773795+09:00
Major Helper,40.0,17.0,success,False,2026-08-28T00:21:11.601666+09:00
Major History,4400.0,8.0,success,False,2026-08-21T01:43:03.421356+09:00
Major Hub,390.0,0.0,success,False,2026-08-21T01:36:47.067872+09:00
Major Identifier,,,failed,False,2026-08-23T13:04:48.308189+09:00
Major Index,9900.0,2.0,success,False,2026-08-21T01:43:52.896076+09:00
Major Installment,,,failed,False,2026-08-23T16:14:08.408734+09:00
Major Item,110.0,0.0,success,False,2026-08-21T01:53:18.147315+09:00
Major Journal,210.0,3.0,success,False,2026-08-21T01:40:31.088878+09:00
Major Keeper,,,failed,False,2026-08-21T01:39:47.385700+09:00
Major Lab,320.0,4.0,success,False,2026-08-21T01:38:35.952865+09:00
Major Ledger,,,failed,False,2026-08-21T01:38:18.535087+09:00
Major Level,170.0,38.0,success,False,2026-08-21T01:43:12.278953+09:00
Major Link,720.0,2.0,success,False,2026-08-23T03:24:05.243173+09:00
Major List,3600.0,19.0,success,False,2026-08-21T01:44:25.853714+09:00
Major Loan,210.0,7.0,success,False,2026-08-21T02:10:41.178409+09:00
Major Locator,,,failed,False,2026-08-21T01:40:45.060160+09:00
Major Locker,,,failed,False,2026-08-21T01:40:58.554709+09:00
Major Log,30.0,0.0,success,False,2026-08-21T01:42:22.878879+09:00
Major Loop,30.0,14.0,success,False,2026-08-21T01:37:37.070410+09:00
Major Manual,10.0,0.0,success,False,2026-08-27T22:12:29.300608+09:00
Major Map,1000.0,2.0,success,False,2026-08-21T01:37:57.190809+09:00
Major Margin,,,failed,False,2026-08-23T02:57:53.053705+09:00
Major Memo,,,failed,False,2026-08-21T01:35:40.970939+09:00
Major Monitor,50.0,42.0,success,False,2026-08-21T01:40:09.996962+09:00
Major Nexus,,,failed,False,2026-08-21T01:39:38.707543+09:00
Major Note,480.0,0.0,success,False,2026-08-21T01:42:46.013630+09:00
Major Notification,,,failed,False,2026-08-27T22:50:03.051342+09:00
Major Number,140.0,0.0,success,False,2026-08-23T03:23:58.190781+09:00
Major Office,210.0,0.0,success,False,2026-08-21T01:40:50.890695+09:00
Major Ops,,,failed,False,2026-08-21T01:40:23.040836+09:00
Major Order,480.0,0.0,success,False,2026-08-21T01:44:05.223042+09:00
Major Outline,,,failed,False,2026-08-27T22:29:10.054268+09:00
Major Overage,,,failed,False,2026-08-27T21:48:18.349819+09:00
Major Overdue,,,failed,False,2026-08-27T21:48:13.959890+09:00
Major Panel,30.0,0.0,success,False,2026-08-21T01:39:01.261860+09:00
Major Pass,140.0,2.0,success,False,2026-08-21T01:35:40.970939+09:00
Major Path,40.0,0.0,success,False,2026-08-21T01:37:48.907066+09:00
Major Payoff,,,failed,False,2026-08-27T21:48:16.120561+09:00
Major Penalty,1000.0,0.0,success,True,2026-08-23T16:38:55.641714+09:00
Major Petition,10.0,0.0,success,False,2026-08-21T01:35:40.970939+09:00
Major Plan,170.0,1.0,success,False,2026-08-21T01:53:28.626980+09:00
Major Planner,170.0,1.0,success,False,2026-08-21T01:40:01.747780+09:00
Major Playbook,,,failed,False,2026-08-21T01:40:28.771256+09:00
Major Point,320.0,0.0,success,False,2026-08-21T01:37:55.040790+09:00
Major Portal,590.0,0.0,success,False,2026-08-21T01:38:54.698036+09:00
Major Profile,70.0,0.0,success,False,2026-08-21T01:42:53.677401+09:00
Major Profit,30.0,0.0,success,False,2026-08-23T02:57:45.364347+09:00
Major Quota,,,failed,False,2026-08-21T01:35:40.970939+09:00
Major Radar,10.0,0.0,success,False,2026-08-21T01:36:55.107278+09:00
Major Rate,40.0,0.0,success,False,2026-08-21T01:43:18.678031+09:00
Major Receipt,,,failed,False,2026-08-21T01:44:14.161023+09:00
Major Register,40.0,0.0,success,False,2026-08-21T01:40:19.724237+09:00
Major Relay,,,failed,False,2026-08-21T01:36:59.790111+09:00
Major Reminder,,,failed,False,2026-08-21T01:43:47.346655+09:00
Major Report,70.0,0.0,success,False,2026-08-21T01:42:17.039674+09:00
Major Ring,30.0,59.0,success,False,2026-08-21T01:39:30.579891+09:00
Major Roll,20.0,0.0,success,False,2026-08-21T01:42:13.880844+09:00
Major Roster,10.0,0.0,success,False,2026-08-21T01:41:39.026443+09:00
Major Route,90.0,0.0,success,False,2026-08-21T01:39:12.504942+09:00
Major Rule,110.0,0.0,success,False,2026-08-23T03:24:09.830834+09:00
Major Sale,1900.0,13.0,success,False,2026-08-21T02:27:05.386441+09:00
Major Sample,,,failed,False,2026-08-21T01:44:38.139446+09:00
Major Scale,33100.0,7.0,success,False,2026-08-21T01:39:04.572787+09:00
Major Scanner,,,failed,False,2026-08-27T23:59:30.142774+09:00
Major Score,90.0,0.0,success,False,2026-08-21T01:42:43.370438+09:00
Major Sheet,90.0,3.0,success,False,2026-08-21T01:42:34.994206+09:00
Major Shortfall,,,failed,False,2026-08-27T21:48:23.216174+09:00
Major Signal,10.0,10.0,success,False,2026-08-21T01:37:26.126762+09:00
Major Slip,10.0,0.0,success,False,2026-08-21T01:44:33.537295+09:00
Major Slot,260.0,4.0,success,False,2026-08-21T01:35:40.970939+09:00
Major Stake,40.0,0.0,success,False,2026-08-23T02:57:50.579977+09:00
Major Statement,40.0,0.0,success,False,2026-08-21T01:35:40.970939+09:00
Major Station,90.0,0.0,success,False,2026-08-21T01:38:40.726969+09:00
Major Status,50.0,0.0,success,False,2026-08-21T01:42:55.803836+09:00
Major Stipend,,,failed,False,2026-08-23T13:46:24.718234+09:00
Major Stub,,,failed,False,2026-08-21T01:35:40.970939+09:00
Major Studio,1300.0,2.0,success,False,2026-08-21T01:38:34.046103+09:00
Major Subsidy,,,failed,False,2026-08-23T15:51:33.860172+09:00
Major Sum,,,failed,False,2026-08-21T02:26:47.668193+09:00
Major Summary,10.0,0.0,success,False,2026-08-21T01:43:39.038620+09:00
Major Tab,260.0,1.0,success,False,2026-08-21T01:35:40.970939+09:00
Major Table,170.0,45.0,success,False,2026-08-21T01:44:28.935205+09:00
Major Tag,,,failed,False,2026-08-21T01:42:51.256978+09:00
Major Tariff,,,failed,False,2026-08-21T02:43:30.904154+09:00
Major Tax,40.0,0.0,success,False,2026-08-21T02:10:36.488938+09:00
Major Terminal,110.0,0.0,success,False,2026-08-21T01:38:42.867462+09:00
Major Ticket,880.0,1.0,success,False,2026-08-21T01:43:56.070004+09:00
Major Timeline,20.0,0.0,success,False,2026-08-21T01:43:45.085248+09:00
Major Toll,20.0,0.0,success,False,2026-08-21T02:43:25.318568+09:00
Major Toolbox,,,failed,False,2026-08-28T00:21:09.151755+09:00
Major Total,,,failed,False,2026-08-27T23:15:55.855078+09:00
Major Tracker,10.0,0.0,success,False,2026-08-21T01:36:36.837653+09:00
Major Trial,70.0,0.0,success,False,2026-08-27T21:17:14.401522+09:00
Major Unit,90.0,0.0,success,False,2026-08-21T01:53:25.014716+09:00
Major Update,1000.0,0.0,success,True,2026-08-21T01:43:23.087757+09:00
Major Value,70.0,0.0,success,False,2026-08-23T02:57:47.800883+09:00
Major Vault,210.0,4.0,success,False,2026-08-21T01:37:02.343165+09:00
Major Version,480.0,0.0,success,False,2026-08-23T03:24:01.511685+09:00
Major View,10.0,0.0,success,False,2026-08-21T01:42:58.216620+09:00
Major Voucher,70.0,26.0,success,False,2026-08-21T01:35:40.970939+09:00
Major Wave,170.0,1.0,success,False,2026-08-21T01:37:44.630220+09:00
Major Widget,,,failed,False,2026-08-27T23:15:58.535794+09:00
Major Worksheet,,,failed,False,2026-08-27T22:12:34.170808+09:00
Major Workshop,10.0,10.0,success,False,2026-08-28T00:21:06.843571+09:00
Major Zone,50.0,0.0,success,False,2026-08-21T01:38:50.640665+09:00
Mandate Advance,,,failed,False,2026-08-23T16:13:30.945408+09:00
Mandate Advisory,,,failed,False,2026-08-21T01:02:16.623580+09:00
Mandate Alert,10.0,0.0,success,False,2026-08-21T00:46:37.254114+09:00
Mandate Allowance,,,failed,False,2026-08-21T02:40:21.955150+09:00
Mandate Analyzer,,,failed,False,2026-08-27T23:51:18.068433+09:00
Mandate Arrears,,,failed,False,2026-08-23T16:13:26.521734+09:00
Mandate Assistant,,,failed,False,2026-08-21T00:45:08.644829+09:00
Mandate Atlas,,,failed,False,2026-08-21T00:44:52.376787+09:00
Mandate Badge,,,failed,False,2026-08-21T00:49:41.369493+09:00
Mandate Base,,,failed,False,2026-08-21T00:51:31.068549+09:00
Mandate Beacon,,,failed,False,2026-08-21T00:50:33.252784+09:00
Mandate Bill,10.0,0.0,success,False,2026-08-21T00:48:57.806090+09:00
Mandate Board,,,failed,False,2026-08-21T00:51:42.581125+09:00
Mandate Bridge,,,failed,False,2026-08-21T00:50:45.127530+09:00
Mandate Brief,,,failed,False,2026-08-21T01:00:22.728561+09:00
Mandate Bulletin,,,failed,False,2026-08-21T01:00:18.302882+09:00
Mandate Calendar,,,failed,False,2026-08-21T00:45:41.384268+09:00
Mandate Card,70.0,0.0,success,False,2026-08-21T00:47:23.165444+09:00
Mandate Cascade,,,failed,False,2026-08-21T00:50:38.979933+09:00
Mandate Cash,1000.0,0.0,success,True,2026-08-21T02:23:08.764436+09:00
Mandate Center,,,failed,False,2026-08-21T00:43:57.229807+09:00
Mandate Chain,,,failed,False,2026-08-21T00:44:36.517071+09:00
Mandate Charge,2900.0,0.0,success,True,2026-08-21T02:40:07.402959+09:00
Mandate Chart,,,failed,False,2026-08-21T00:46:39.668460+09:00
Mandate Check,50.0,0.0,success,False,2026-08-21T00:47:29.450326+09:00
Mandate Checker,,,failed,False,2026-08-27T23:51:10.379112+09:00
Mandate Circular,,,failed,False,2026-08-21T01:02:14.395969+09:00
Mandate Code,20.0,0.0,success,False,2026-08-21T00:49:07.202034+09:00
Mandate Companion,,,failed,False,2026-08-21T00:45:22.913101+09:00
Mandate Comparison,,,failed,False,2026-08-28T01:03:21.195109+09:00
Mandate Compass,,,failed,False,2026-08-21T00:50:26.220127+09:00
Mandate Confirmation,,,failed,False,2026-08-21T01:00:38.610881+09:00
Mandate Console,,,failed,False,2026-08-21T00:44:10.518978+09:00
Mandate Copayment,,,failed,False,2026-08-23T16:38:42.507764+09:00
Mandate Core,,,failed,False,2026-08-21T00:51:33.449317+09:00
Mandate Cost,,,failed,False,2026-08-21T02:15:26.957875+09:00
Mandate Count,,,failed,False,2026-08-27T22:50:09.773795+09:00
Mandate Counter,,,failed,False,2026-08-21T00:45:52.774285+09:00
Mandate Deal,,,failed,False,2026-08-21T01:58:53.203684+09:00
Mandate Debt,,,failed,False,2026-08-21T02:22:58.653942+09:00
Mandate Deck,,,failed,False,2026-08-21T00:43:34.117910+09:00
Mandate Desk,,,failed,False,2026-08-21T00:50:13.056816+09:00
Mandate Detail,,,failed,False,2026-08-23T03:21:42.958973+09:00
Mandate Detector,,,failed,False,2026-08-27T23:51:15.530091+09:00
Mandate Directory,,,failed,False,2026-08-21T00:45:45.302081+09:00
Mandate Discount,,,failed,False,2026-08-23T16:13:20.971458+09:00
Mandate Dossier,,,failed,False,2026-08-21T01:00:40.730981+09:00
Mandate Downpayment,,,failed,False,2026-08-27T21:48:00.691172+09:00
Mandate Draft,10.0,0.0,success,False,2026-08-21T00:48:22.062191+09:00
Mandate Due,,,failed,False,2026-08-23T15:51:07.589062+09:00
Mandate Duty,,,failed,False,2026-08-21T02:40:11.455485+09:00
Mandate Endowment,,,failed,False,2026-08-23T15:51:15.880461+09:00
Mandate Engine,,,failed,False,2026-08-21T00:45:03.734783+09:00
Mandate Entry,,,failed,False,2026-08-21T01:00:52.686966+09:00
Mandate Estimate,,,failed,False,2026-08-21T00:48:48.333943+09:00
Mandate Excerpt,,,failed,False,2026-08-21T01:02:27.136036+09:00
Mandate Extension,10.0,0.0,success,False,2026-08-23T16:38:44.785975+09:00
Mandate Fare,,,failed,False,2026-08-21T02:15:35.751133+09:00
Mandate Fee,70.0,0.0,success,False,2026-08-21T01:58:38.358988+09:00
Mandate Feed,,,failed,False,2026-08-21T00:48:15.897610+09:00
Mandate File,20.0,0.0,success,False,2026-08-21T00:48:00.969173+09:00
Mandate Fine,,,failed,False,2026-08-23T02:55:53.099561+09:00
Mandate Flow,,,failed,False,2026-08-21T00:50:04.499348+09:00
Mandate Forge,,,failed,False,2026-08-21T00:50:35.331865+09:00
Mandate Form,2900.0,0.0,success,True,2026-08-21T00:47:16.635421+09:00
Mandate Frame,,,failed,False,2026-08-21T00:51:25.324564+09:00
Mandate Fund,110.0,1.0,success,False,2026-08-21T02:23:05.228659+09:00
Mandate Gate,,,failed,False,2026-08-21T00:44:42.710868+09:00
Mandate Generator,,,failed,False,2026-08-27T23:37:11.995923+09:00
Mandate Grid,,,failed,False,2026-08-21T00:51:04.799989+09:00
Mandate Guarantee,,,failed,False,2026-08-28T01:03:30.600111+09:00
Mandate Guardian,,,failed,False,2026-08-28T00:21:45.963780+09:00
Mandate Harbor,,,failed,False,2026-08-21T00:46:21.529361+09:00
Mandate Helpdesk,,,failed,False,2026-08-27T22:50:16.948494+09:00
Mandate Helper,,,failed,False,2026-08-28T00:21:51.591333+09:00
Mandate History,50.0,0.0,success,False,2026-08-21T00:47:54.639607+09:00
Mandate Hub,70.0,0.0,success,False,2026-08-21T00:50:07.130228+09:00
Mandate Identifier,,,failed,False,2026-08-23T13:09:17.043261+09:00
Mandate Inbox,,,failed,False,2026-08-21T00:46:35.033553+09:00
Mandate Index,,,failed,False,2026-08-21T00:48:36.635325+09:00
Mandate Installment,,,failed,False,2026-08-23T16:13:24.161828+09:00
Mandate Item,10.0,0.0,success,False,2026-08-21T01:58:41.656184+09:00
Mandate Journal,,,failed,False,2026-08-21T00:45:35.455027+09:00
Mandate Keeper,,,failed,False,2026-08-21T00:44:58.799520+09:00
Mandate Lab,,,failed,False,2026-08-21T00:43:44.047110+09:00
Mandate Label,40.0,1.0,success,False,2026-08-27T22:11:50.573955+09:00
Mandate Ledger,,,failed,False,2026-08-21T00:51:40.152987+09:00
Mandate Level,,,failed,False,2026-08-21T00:48:04.911148+09:00
Mandate Levy,,,failed,False,2026-08-23T13:45:43.063828+09:00
Mandate Line,,,failed,False,2026-08-21T00:46:56.943275+09:00
Mandate Link,20.0,0.0,success,False,2026-08-23T03:21:36.606838+09:00
Mandate List,170.0,0.0,success,False,2026-08-21T00:49:09.924663+09:00
Mandate Loan,40.0,27.0,success,False,2026-08-21T02:06:07.596179+09:00
Mandate Lobby,,,failed,False,2026-08-21T00:46:52.072318+09:00
Mandate Locator,,,failed,False,2026-08-21T00:45:45.302081+09:00
Mandate Locker,,,failed,False,2026-08-21T00:45:54.993375+09:00
Mandate Log,,,failed,False,2026-08-21T00:47:13.306684+09:00
Mandate Loop,,,failed,False,2026-08-21T00:51:01.092563+09:00
Mandate Manager,50.0,0.0,success,False,2026-08-21T00:45:01.205149+09:00
Mandate Manual,,,failed,False,2026-08-27T22:11:50.573955+09:00
Mandate Map,20.0,0.0,success,False,2026-08-21T00:51:22.640360+09:00
Mandate Margin,,,failed,False,2026-08-23T02:55:50.022047+09:00
Mandate Markup,,,failed,False,2026-08-23T16:38:38.724720+09:00
Mandate Memo,,,failed,False,2026-08-21T00:49:52.271441+09:00
Mandate Monitor,,,failed,False,2026-08-21T00:45:19.199440+09:00
Mandate Nexus,,,failed,False,2026-08-21T00:44:48.876991+09:00
Mandate Note,,,failed,False,2026-08-21T00:47:36.977895+09:00
Mandate Notification,,,failed,False,2026-08-27T22:50:07.511114+09:00
Mandate Number,110.0,0.0,success,False,2026-08-23T03:21:22.362914+09:00
Mandate Office,,,failed,False,2026-08-21T00:45:50.178398+09:00
Mandate Ops,,,failed,False,2026-08-21T00:45:30.035458+09:00
Mandate Order,1900.0,0.0,success,True,2026-08-21T00:48:51.829218+09:00
Mandate Outline,,,failed,False,2026-08-27T22:29:10.054268+09:00
Mandate Outpost,,,failed,False,2026-08-21T00:46:12.825751+09:00
Mandate Overage,,,failed,False,2026-08-27T21:48:00.691172+09:00
Mandate Overdraft,,,failed,False,2026-08-23T15:51:09.680113+09:00
Mandate Overdue,,,failed,False,2026-08-27T21:47:56.115586+09:00
Mandate Panel,,,failed,False,2026-08-21T00:44:15.465135+09:00
Mandate Pass,,,failed,False,2026-08-21T00:49:29.914475+09:00
Mandate Passport,,,failed,False,2026-08-21T00:46:44.759034+09:00
Mandate Path,,,failed,False,2026-08-21T00:51:13.532405+09:00
Mandate Payoff,,,failed,False,2026-08-27T21:47:58.388035+09:00
Mandate Penalty,10.0,0.0,success,False,2026-08-23T16:38:38.724720+09:00
Mandate Petition,10.0,0.0,success,False,2026-08-21T01:00:33.906602+09:00
Mandate Plan,10.0,0.0,success,False,2026-08-21T01:58:46.875681+09:00
Mandate Planner,,,failed,False,2026-08-21T00:45:10.747399+09:00
Mandate Playbook,,,failed,False,2026-08-21T00:45:33.278488+09:00
Mandate Plaza,,,failed,False,2026-08-21T00:46:15.039620+09:00
Mandate Point,,,failed,False,2026-08-21T00:51:18.988117+09:00
Mandate Portal,10.0,0.0,success,False,2026-08-21T00:44:07.435932+09:00
Mandate Post,,,failed,False,2026-08-21T00:46:10.718962+09:00
Mandate Preview,,,failed,False,2026-08-28T01:03:25.191639+09:00
Mandate Profile,,,failed,False,2026-08-21T00:47:44.020698+09:00
Mandate Profit,,,failed,False,2026-08-23T02:55:41.389421+09:00
Mandate Proposal,10.0,0.0,success,False,2026-08-28T01:03:27.794966+09:00
Mandate Quota,,,failed,False,2026-08-21T00:49:54.532841+09:00
Mandate Radar,,,failed,False,2026-08-21T00:50:15.253919+09:00
Mandate Rail,,,failed,False,2026-08-21T00:44:27.350497+09:00
Mandate Rate,,,failed,False,2026-08-21T00:48:09.704229+09:00
Mandate Recap,,,failed,False,2026-08-21T01:02:25.178710+09:00
Mandate Receipt,,,failed,False,2026-08-21T00:49:01.997073+09:00
Mandate Recorder,,,failed,False,2026-08-27T23:37:11.995923+09:00
Mandate Register,,,failed,False,2026-08-21T00:45:26.531767+09:00
Mandate Relay,,,failed,False,2026-08-21T00:50:17.936305+09:00
Mandate Reminder,,,failed,False,2026-08-21T00:48:33.175763+09:00
Mandate Report,140.0,0.0,success,False,2026-08-21T00:47:10.612469+09:00
Mandate Repository,,,failed,False,2026-08-27T23:16:07.710810+09:00
Mandate Ring,,,failed,False,2026-08-21T00:44:38.874906+09:00
Mandate Roll,,,failed,False,2026-08-21T00:47:05.432306+09:00
Mandate Roster,,,failed,False,2026-08-21T00:46:29.176332+09:00
Mandate Route,,,failed,False,2026-08-21T00:44:23.943990+09:00
Mandate Rule,50.0,0.0,success,False,2026-08-23T03:21:40.496452+09:00
Mandate Sale,,,failed,False,2026-08-21T02:23:15.671365+09:00
Mandate Sample,40.0,0.0,success,False,2026-08-21T00:49:20.798290+09:00
Mandate Scale,,,failed,False,2026-08-21T00:44:18.522946+09:00
Mandate Scope,,,failed,False,2026-08-21T00:50:58.385493+09:00
Mandate Score,,,failed,False,2026-08-21T00:47:32.281403+09:00
Mandate Sheet,,,failed,False,2026-08-21T00:47:26.672100+09:00
Mandate Shelf,,,failed,False,2026-08-21T00:46:26.587388+09:00
Mandate Shortfall,,,failed,False,2026-08-27T21:48:04.359972+09:00
Mandate Signal,,,failed,False,2026-08-21T00:50:48.093288+09:00
Mandate Signature,10.0,0.0,success,False,2026-08-23T13:28:19.840300+09:00
Mandate Slip,,,failed,False,2026-08-21T00:49:18.470865+09:00
Mandate Slot,,,failed,False,2026-08-21T00:49:27.660795+09:00
Mandate Stage,,,failed,False,2026-08-28T00:46:12.619703+09:00
Mandate Stake,,,failed,False,2026-08-23T02:55:47.607915+09:00
Mandate Statement,10.0,0.0,success,False,2026-08-21T00:49:47.730802+09:00
Mandate Station,,,failed,False,2026-08-21T00:43:46.604021+09:00
Mandate Status,50.0,0.0,success,False,2026-08-21T00:47:49.290523+09:00
Mandate Stub,,,failed,False,2026-08-21T00:49:44.632195+09:00
Mandate Studio,,,failed,False,2026-08-21T00:43:39.738116+09:00
Mandate Subsidy,,,failed,False,2026-08-23T15:51:11.788135+09:00
Mandate Sum,,,failed,False,2026-08-21T02:22:54.942838+09:00
Mandate Summary,20.0,0.0,success,False,2026-08-21T00:48:24.716353+09:00
Mandate Surtax,,,failed,False,2026-08-23T15:51:15.880461+09:00
Mandate Tab,210.0,0.0,success,False,2026-08-21T00:49:56.955669+09:00
Mandate Table,,,failed,False,2026-08-21T00:49:12.731444+09:00
Mandate Tag,,,failed,False,2026-08-21T00:47:41.484784+09:00
Mandate Tariff,,,failed,False,2026-08-21T02:40:25.117501+09:00
Mandate Tax,30.0,0.0,success,False,2026-08-21T02:15:38.407419+09:00
Mandate Terminal,,,failed,False,2026-08-21T00:43:54.085720+09:00
Mandate Ticker,,,failed,False,2026-08-21T00:46:54.280562+09:00
Mandate Ticket,,,failed,False,2026-08-21T00:48:44.199856+09:00
Mandate Timeline,10.0,0.0,success,False,2026-08-21T00:48:26.954363+09:00
Mandate Timer,,,failed,False,2026-08-28T00:21:43.222424+09:00
Mandate Toll,,,failed,False,2026-08-21T02:40:18.502872+09:00
Mandate Toolbox,,,failed,False,2026-08-28T00:21:49.130858+09:00
Mandate Total,,,failed,False,2026-08-27T23:16:04.692896+09:00
Mandate Tower,,,failed,False,2026-08-21T00:46:23.702871+09:00
Mandate Tracker,20.0,0.0,success,False,2026-08-21T00:50:02.185546+09:00
Mandate Trail,,,failed,False,2026-08-21T00:44:30.138587+09:00
Mandate Trend,,,failed,False,2026-08-28T01:03:16.681055+09:00
Mandate Trial,,,failed,False,2026-08-27T21:16:57.719069+09:00
Mandate Unit,,,failed,False,2026-08-21T01:58:44.645317+09:00
Mandate Update,40.0,0.0,success,False,2026-08-21T00:48:12.190063+09:00
Mandate Value,10.0,0.0,success,False,2026-08-23T02:55:43.726129+09:00
Mandate Vault,,,failed,False,2026-08-21T00:50:24.003386+09:00
Mandate Version,,,failed,False,2026-08-23T03:21:28.061139+09:00
Mandate View,,,failed,False,2026-08-21T00:47:51.655449+09:00
Mandate Voucher,,,failed,False,2026-08-21T00:49:35.190382+09:00
Mandate Watch,10.0,5.0,success,False,2026-08-21T00:50:50.084554+09:00
Mandate Wave,,,failed,False,2026-08-21T00:51:10.614458+09:00
Mandate Widget,,,failed,False,2026-08-27T23:16:04.692896+09:00
Mandate Window,,,failed,False,2026-08-21T00:47:01.645682+09:00
Mandate Worksheet,,,failed,False,2026-08-27T22:11:56.077657+09:00
Mandate Workshop,,,failed,False,2026-08-28T00:21:45.963780+09:00
Mandate Zone,,,failed,False,2026-08-21T00:44:03.384423+09:00
Manifest Advance,,,failed,False,2026-08-23T16:14:05.017306+09:00
Manifest Advisory,,,failed,False,2026-08-21T01:02:16.623580+09:00
Manifest Allowance,,,failed,False,2026-08-21T02:39:44.265069+09:00
Manifest Almanac,,,failed,False,2026-08-18T23:51:31.690554+09:00
Manifest Analyzer,,,failed,False,2026-08-27T23:56:02.652689+09:00
Manifest Anchor,,,failed,False,2026-08-17T20:41:48.704350+09:00
Manifest Arrears,,,failed,False,2026-08-23T16:14:01.846183+09:00
Manifest Assistant,,,failed,False,2026-08-17T23:07:32.474026+09:00
Manifest Atlas,,,failed,False,2026-08-17T20:32:02.325008+09:00
Manifest Base,,,failed,False,2026-08-17T21:39:22.624237+09:00
Manifest Beacon,,,failed,False,2026-08-17T20:45:18.923986+09:00
Manifest Bill,40.0,2.0,success,False,2026-08-19T21:47:46.224144+09:00
Manifest Blueprint,,,failed,False,2026-08-18T23:51:31.690554+09:00
Manifest Board,1600.0,68.0,success,False,2026-08-17T21:35:49.618076+09:00
Manifest Book,27100.0,97.0,success,False,2026-08-19T21:48:58.615287+09:00
Manifest Bridge,,,failed,False,2026-08-17T20:42:32.290659+09:00
Manifest Brief,,,failed,False,2026-08-21T01:00:22.728561+09:00
Manifest Bulletin,,,failed,False,2026-08-21T01:00:18.302882+09:00
Manifest Cabinet,10.0,100.0,success,False,2026-08-27T23:13:34.759239+09:00
Manifest Calendar,90.0,74.0,success,False,2026-08-19T00:01:30.427864+09:00
Manifest Card,1000.0,98.0,success,False,2026-08-19T13:21:40.944519+09:00
Manifest Cascade,,,failed,False,2026-08-17T20:43:29.254301+09:00
Manifest Cash,50.0,1.0,success,False,2026-08-21T02:24:19.138497+09:00
Manifest Catalog,,,failed,False,2026-08-19T21:05:44.553245+09:00
Manifest Category,10.0,0.0,success,False,2026-08-23T13:06:54.038616+09:00
Manifest Center,10.0,2.0,success,False,2026-08-17T20:48:02.919436+09:00
Manifest Chain,,,failed,False,2026-08-17T20:37:01.636634+09:00
Manifest Charge,70.0,0.0,success,False,2026-08-21T02:39:30.658601+09:00
Manifest Check,880.0,25.0,success,False,2026-08-19T13:22:04.691766+09:00
Manifest Checker,880.0,25.0,success,False,2026-08-27T23:55:53.687521+09:00
Manifest Checklist,30.0,4.0,success,False,2026-08-19T21:04:40.695118+09:00
Manifest Circular,,,failed,False,2026-08-21T01:02:14.395969+09:00
Manifest Cockpit,,,failed,False,2026-08-17T23:31:12.330432+09:00
Manifest Code,480.0,1.0,success,False,2026-08-19T21:48:14.659198+09:00
Manifest Companion,,,failed,False,2026-08-17T23:05:17.262710+09:00
Manifest Comparison,10.0,0.0,success,False,2026-08-28T01:05:46.959097+09:00
Manifest Compass,,,failed,False,2026-08-17T20:46:07.350212+09:00
Manifest Compendium,,,failed,False,2026-08-18T23:51:31.690554+09:00
Manifest Confirmation,,,failed,False,2026-08-21T01:00:38.610881+09:00
Manifest Console,,,failed,False,2026-08-17T20:44:43.054193+09:00
Manifest Contribution,,,failed,False,2026-08-23T16:13:58.601282+09:00
Manifest Converter,,,failed,False,2026-08-27T23:34:44.753648+09:00
Manifest Core,10.0,1.0,success,False,2026-08-17T21:38:00.601683+09:00
Manifest Cost,20.0,0.0,success,False,2026-08-21T02:09:00.837465+09:00
Manifest Count,,,failed,False,2026-08-27T22:48:25.660209+09:00
Manifest Counter,,,failed,False,2026-08-19T00:02:18.071698+09:00
Manifest Dashboard,,,failed,False,2026-08-17T23:10:52.063537+09:00
Manifest Deal,,,failed,False,2026-08-21T01:53:12.594886+09:00
Manifest Debt,,,failed,False,2026-08-21T02:24:08.080909+09:00
Manifest Deck,40.0,100.0,success,False,2026-08-17T21:34:46.886716+09:00
Manifest Depot,,,failed,False,2026-08-19T00:02:04.506577+09:00
Manifest Desk,10.0,0.0,success,False,2026-08-17T21:32:03.436124+09:00
Manifest Detail,,,failed,False,2026-08-23T03:18:41.681571+09:00
Manifest Detector,,,failed,False,2026-08-27T23:56:00.047193+09:00
Manifest Diagram,,,failed,False,2026-08-27T22:10:48.957356+09:00
Manifest Dial,,,failed,False,2026-08-17T20:42:59.992193+09:00
Manifest Digest,30.0,1.0,success,False,2026-08-19T20:37:34.944185+09:00
Manifest Directory,,,failed,False,2026-08-19T00:01:37.572111+09:00
Manifest Discount,,,failed,False,2026-08-23T16:13:55.875301+09:00
Manifest Dock,,,failed,False,2026-08-17T20:39:46.897200+09:00
Manifest Dossier,,,failed,False,2026-08-21T01:00:42.748785+09:00
Manifest Downpayment,,,failed,False,2026-08-27T21:47:15.270708+09:00
Manifest Draft,,,failed,False,2026-08-19T20:37:52.054454+09:00
Manifest Due,,,failed,False,2026-08-23T15:51:42.166674+09:00
Manifest Duty,,,failed,False,2026-08-21T02:39:34.519072+09:00
Manifest Engine,10.0,0.0,success,False,2026-08-17T23:30:05.459796+09:00
Manifest Entry,20.0,0.0,success,False,2026-08-21T01:00:52.686966+09:00
Manifest Estimate,,,failed,False,2026-08-19T21:05:30.373866+09:00
Manifest Estimator,,,failed,False,2026-08-27T23:55:48.344302+09:00
Manifest Excerpt,,,failed,False,2026-08-21T01:02:27.136036+09:00
Manifest Extension,110.0,1.0,success,False,2026-08-23T16:38:44.785975+09:00
Manifest Fare,10.0,1.0,success,False,2026-08-21T02:09:08.901398+09:00
Manifest Fee,70.0,0.0,success,False,2026-08-21T01:52:50.056270+09:00
Manifest Feed,,,failed,False,2026-08-19T20:37:45.715949+09:00
Manifest File,2400.0,0.0,success,True,2026-08-19T20:38:50.239529+09:00
Manifest Finder,880.0,0.0,success,False,2026-08-19T00:01:53.326080+09:00
Manifest Fine,10.0,0.0,success,False,2026-08-23T02:54:35.289098+09:00
Manifest Flag,10.0,0.0,success,False,2026-08-21T00:27:34.970005+09:00
Manifest Flow,10.0,0.0,success,False,2026-08-17T21:35:16.200596+09:00
Manifest Forge,20.0,0.0,success,False,2026-08-17T20:44:20.013961+09:00
Manifest Form,320.0,9.0,success,False,2026-08-19T13:20:58.742668+09:00
Manifest Frame,,,failed,False,2026-08-17T21:41:28.759770+09:00
Manifest Fund,,,failed,False,2026-08-21T02:24:12.217966+09:00
Manifest Gate,,,failed,False,2026-08-17T20:34:15.100698+09:00
Manifest Generator,14800.0,2.0,success,False,2026-08-27T23:34:44.753648+09:00
Manifest Grade,,,failed,False,2026-08-21T00:27:09.364121+09:00
Manifest Graph,,,failed,False,2026-08-27T22:10:39.067015+09:00
Manifest Grid,,,failed,False,2026-08-17T20:37:29.909330+09:00
Manifest Guarantee,,,failed,False,2026-08-28T01:05:55.431564+09:00
Manifest Guard,,,failed,False,2026-08-17T21:38:32.905021+09:00
Manifest Guardian,10.0,,success,False,2026-08-28T00:25:13.091211+09:00
Manifest Guidebook,,,failed,False,2026-08-18T23:51:31.690554+09:00
Manifest Helpdesk,,,failed,False,2026-08-27T22:48:31.695595+09:00
Manifest Helper,,,failed,False,2026-08-28T00:25:15.482285+09:00
Manifest History,90.0,0.0,success,False,2026-08-19T20:38:39.383467+09:00
Manifest Hotline,,,failed,False,2026-08-19T21:05:57.473217+09:00
Manifest Hub,2400.0,0.0,success,True,2026-08-17T21:34:15.444697+09:00
Manifest Identifier,,,failed,False,2026-08-23T13:06:51.579478+09:00
Manifest Index,10.0,0.0,success,False,2026-08-19T21:04:53.638566+09:00
Manifest Insight,,,failed,False,2026-08-17T23:30:52.147668+09:00
Manifest Installment,,,failed,False,2026-08-23T16:13:58.601282+09:00
Manifest Item,70.0,52.0,success,False,2026-08-21T01:52:54.387860+09:00
Manifest Journal,8100.0,100.0,success,False,2026-08-18T23:51:31.690554+09:00
Manifest Keeper,,,failed,False,2026-08-18T07:52:33.463903+09:00
Manifest Lab,110.0,0.0,success,False,2026-08-17T21:32:40.946824+09:00
Manifest Label,40.0,0.0,success,False,2026-08-27T22:10:39.067015+09:00
Manifest Ledger,10.0,0.0,success,False,2026-08-17T21:36:50.527973+09:00
Manifest Lens,,,failed,False,2026-08-18T07:43:44.841764+09:00
Manifest Level,70.0,0.0,success,False,2026-08-19T20:38:59.819787+09:00
Manifest Link,40.0,2.0,success,False,2026-08-23T03:18:33.193002+09:00
Manifest List,1300.0,1.0,success,False,2026-08-19T21:48:27.069382+09:00
Manifest Loan,,,failed,False,2026-08-21T02:09:16.825512+09:00
Manifest Locator,,,failed,False,2026-08-19T00:01:46.968095+09:00
Manifest Lock,10.0,0.0,success,False,2026-08-17T20:32:39.820797+09:00
Manifest Log,70.0,0.0,success,False,2026-08-19T13:20:50.883072+09:00
Manifest Loop,,,failed,False,2026-08-17T20:38:23.394205+09:00
Manifest Manager,110.0,0.0,success,False,2026-08-17T21:40:49.556938+09:00
Manifest Manual,,,failed,False,2026-08-27T22:10:43.212581+09:00
Manifest Map,110.0,0.0,success,False,2026-08-18T07:43:38.150133+09:00
Manifest Markup,,,failed,False,2026-08-23T16:38:42.507764+09:00
Manifest Memo,,,failed,False,2026-08-21T00:27:19.385133+09:00
Manifest Message,110.0,1.0,success,False,2026-08-27T23:13:28.057978+09:00
Manifest Meter,,,failed,False,2026-08-17T20:42:10.144192+09:00
Manifest Metrics,,,failed,False,2026-08-17T23:03:37.118721+09:00
Manifest Monitor,10.0,,success,False,2026-08-17T23:09:15.899406+09:00
Manifest Navigator,,,failed,False,2026-08-17T23:31:30.005121+09:00
Manifest Nexus,,,failed,False,2026-08-17T20:33:15.121215+09:00
Manifest Node,,,failed,False,2026-08-17T20:35:04.556306+09:00
Manifest Note,260.0,14.0,success,False,2026-08-19T13:23:05.373596+09:00
Manifest Notification,,,failed,False,2026-08-27T22:48:17.330576+09:00
Manifest Number,1600.0,2.0,success,False,2026-08-23T03:18:25.372913+09:00
Manifest Office,20.0,0.0,success,False,2026-08-19T00:02:09.626106+09:00
Manifest Ops,,,failed,False,2026-08-17T23:03:37.118721+09:00
Manifest Order,140.0,2.0,success,False,2026-08-19T21:47:34.110436+09:00
Manifest Organizer,10.0,0.0,success,False,2026-08-17T23:30:36.598618+09:00
Manifest Overage,,,failed,False,2026-08-27T21:47:13.030634+09:00
Manifest Overdue,,,failed,False,2026-08-27T21:47:08.253611+09:00
Manifest Panel,10.0,6.0,success,False,2026-08-17T20:43:57.612589+09:00
Manifest Path,40.0,0.0,success,False,2026-08-17T20:34:36.732015+09:00
Manifest Payoff,,,failed,False,2026-08-27T21:47:10.651342+09:00
Manifest Penalty,,,failed,False,2026-08-23T16:38:38.724720+09:00
Manifest Petition,10.0,0.0,success,False,2026-08-21T01:00:36.022676+09:00
Manifest Pilot,110.0,0.0,success,False,2026-08-17T21:33:13.463030+09:00
Manifest Plan,480.0,93.0,success,False,2026-08-21T01:53:07.082720+09:00
Manifest Planner,480.0,93.0,success,False,2026-08-17T23:30:21.472957+09:00
Manifest Playbook,,,failed,False,2026-08-18T23:51:31.690554+09:00
Manifest Point,,,failed,False,2026-08-17T20:33:43.675774+09:00
Manifest Portal,480.0,1.0,success,False,2026-08-17T20:45:46.874737+09:00
Manifest Preview,20.0,0.0,success,False,2026-08-28T01:05:50.050566+09:00
Manifest Profile,210.0,0.0,success,False,2026-08-19T13:23:28.561494+09:00
Manifest Profit,,,failed,False,2026-08-23T02:54:28.936816+09:00
Manifest Proposal,10.0,0.0,success,False,2026-08-28T01:05:52.718366+09:00
Manifest Pulse,,,failed,False,2026-08-17T20:36:31.502472+09:00
Manifest Queue,,,failed,False,2026-08-19T21:05:18.754911+09:00
Manifest Quota,,,failed,False,2026-08-21T00:27:27.558535+09:00
Manifest Radar,10.0,0.0,success,False,2026-08-17T21:30:53.341117+09:00
Manifest Rail,,,failed,False,2026-08-17T20:38:51.261946+09:00
Manifest Rate,10.0,0.0,success,False,2026-08-19T20:37:14.893241+09:00
Manifest Recap,50.0,1.0,success,False,2026-08-21T01:02:25.178710+09:00
Manifest Receipt,,,failed,False,2026-08-19T21:48:00.610703+09:00
Manifest Register,,,failed,False,2026-08-17T23:31:48.177682+09:00
Manifest Registry,10.0,0.0,success,False,2026-08-18T23:51:31.690554+09:00
Manifest Relay,,,failed,False,2026-08-17T20:48:37.567206+09:00
Manifest Reminder,,,failed,False,2026-08-19T21:04:27.192873+09:00
Manifest Report,140.0,0.0,success,False,2026-08-19T13:39:37.773489+09:00
Manifest Repository,20.0,0.0,success,False,2026-08-27T23:13:41.688189+09:00
Manifest Roadmap,,,failed,False,2026-08-18T22:02:35.560643+09:00
Manifest Roster,,,failed,False,2026-08-19T00:38:22.287042+09:00
Manifest Route,10.0,0.0,success,False,2026-08-17T20:40:34.523017+09:00
Manifest Rule,390.0,1.0,success,False,2026-08-23T03:18:36.305827+09:00
Manifest Sale,,,failed,False,2026-08-21T02:24:23.153426+09:00
Manifest Sample,140.0,0.0,success,False,2026-08-19T21:49:18.898188+09:00
Manifest Scale,,,failed,False,2026-08-17T20:41:19.373388+09:00
Manifest Scanner,110.0,2.0,success,False,2026-08-27T23:56:00.047193+09:00
Manifest Scheduler,,,failed,False,2026-08-17T23:05:41.457486+09:00
Manifest Scope,20.0,0.0,success,False,2026-08-17T20:39:18.247368+09:00
Manifest Score,10.0,0.0,success,False,2026-08-19T13:22:55.768758+09:00
Manifest Sentry,,,failed,False,2026-08-18T07:52:25.028656+09:00
Manifest Serial,1000.0,0.0,success,True,2026-08-23T13:27:31.185352+09:00
Manifest Sheet,140.0,28.0,success,False,2026-08-19T13:21:55.310171+09:00
Manifest Shortfall,,,failed,False,2026-08-27T21:47:15.270708+09:00
Manifest Signal,,,failed,False,2026-08-17T20:40:55.263419+09:00
Manifest Signature,,,failed,False,2026-08-23T13:27:31.185352+09:00
Manifest Slip,,,failed,False,2026-08-19T21:49:09.518107+09:00
Manifest Slot,10.0,29.0,success,False,2026-08-19T21:49:32.440919+09:00
Manifest Snapshot,,,failed,False,2026-08-18T23:51:31.690554+09:00
Manifest Stage,20.0,2.0,success,False,2026-08-28T00:47:41.403976+09:00
Manifest Stamp,,,failed,False,2026-08-23T13:27:34.278860+09:00
Manifest Statement,140.0,40.0,success,False,2026-08-21T00:26:49.726902+09:00
Manifest Station,210.0,1.0,success,False,2026-08-17T21:31:30.369012+09:00
Manifest Status,40.0,0.0,success,False,2026-08-19T20:38:22.141016+09:00
Manifest Studio,1300.0,3.0,success,False,2026-08-17T21:33:40.096792+09:00
Manifest Suite,20.0,1.0,success,False,2026-08-17T23:03:55.937111+09:00
Manifest Sum,,,failed,False,2026-08-21T02:24:04.256033+09:00
Manifest Summary,320.0,2.0,success,False,2026-08-19T21:04:01.717737+09:00
Manifest Sync,,,failed,False,2026-08-17T21:36:22.095100+09:00
Manifest Tab,880.0,1.0,success,False,2026-08-21T00:27:39.908231+09:00
Manifest Table,50.0,1.0,success,False,2026-08-19T21:48:44.866696+09:00
Manifest Tag,20.0,1.0,success,False,2026-08-19T13:23:19.735168+09:00
Manifest Tally,,,failed,False,2026-08-21T00:27:00.975108+09:00
Manifest Tariff,,,failed,False,2026-08-21T02:39:46.933675+09:00
Manifest Tax,,,failed,False,2026-08-21T02:09:12.482274+09:00
Manifest Terminal,,,failed,False,2026-08-17T23:09:54.812310+09:00
Manifest Ticket,480.0,19.0,success,False,2026-08-19T21:05:05.946905+09:00
Manifest Timeline,70.0,0.0,success,False,2026-08-19T21:04:13.651960+09:00
Manifest Timer,,,failed,False,2026-08-28T00:25:07.962787+09:00
Manifest Toll,,,failed,False,2026-08-21T02:39:36.901337+09:00
Manifest Toolbox,,,failed,False,2026-08-28T00:25:15.482285+09:00
Manifest Toolkit,,,failed,False,2026-08-18T23:51:31.690554+09:00
Manifest Total,,,failed,False,2026-08-27T23:13:31.938909+09:00
Manifest Tracker,4400.0,0.0,success,True,2026-08-17T21:37:24.355362+09:00
Manifest Trail,,,failed,False,2026-08-17T20:37:59.877456+09:00
Manifest Trend,90.0,0.0,success,False,2026-08-28T01:05:44.373460+09:00
Manifest Trial,30.0,0.0,success,False,2026-08-27T21:16:10.166929+09:00
Manifest Unit,,,failed,False,2026-08-21T01:52:58.378871+09:00
Manifest Update,30.0,0.0,success,False,2026-08-19T20:37:25.311012+09:00
Manifest Vault,,,failed,False,2026-08-17T20:47:23.581270+09:00
Manifest Version,110.0,0.0,success,False,2026-08-23T03:18:29.464352+09:00
Manifest View,50.0,0.0,success,False,2026-08-19T20:38:30.453873+09:00
Manifest Watch,140.0,1.0,success,False,2026-08-17T20:40:13.744558+09:00
Manifest Wave,,,failed,False,2026-08-17T20:35:36.002153+09:00
Manifest Widget,,,failed,False,2026-08-27T23:13:34.759239+09:00
Manifest Workbench,,,failed,False,2026-08-18T22:12:21.706710+09:00
Manifest Worksheet,140.0,89.0,success,False,2026-08-27T22:10:48.957356+09:00
Manifest Workshop,260.0,21.0,success,False,2026-08-28T00:25:10.586444+09:00
Manifest Zone,50.0,0.0,success,False,2026-08-17T20:46:46.837602+09:00
Manifold Advisory,10.0,0.0,success,False,2026-08-21T01:03:02.120644+09:00
Manifold Alert,,,failed,False,2026-08-19T21:09:00.850536+09:00
Manifold Allowance,,,failed,False,2026-08-21T02:44:37.347457+09:00
Manifold Analyzer,10.0,52.0,success,False,2026-08-27T23:51:35.408395+09:00
Manifold Asset,,,failed,False,2026-08-23T13:46:52.749544+09:00
Manifold Assistant,,,failed,False,2026-08-19T21:03:27.831086+09:00
Manifold Atlas,90.0,0.0,success,False,2026-08-19T21:31:56.342454+09:00
Manifold Attribute,,,failed,False,2026-08-23T13:05:51.104957+09:00
Manifold Base,170.0,57.0,success,False,2026-08-19T21:29:10.316262+09:00
Manifold Beacon,,,failed,False,2026-08-19T21:17:53.819858+09:00
Manifold Bill,,,failed,False,2026-08-19T22:02:02.684993+09:00
Manifold Bin,,,failed,False,2026-08-19T21:09:25.998389+09:00
Manifold Board,10.0,49.0,success,False,2026-08-19T21:29:30.457441+09:00
Manifold Book,480.0,6.0,success,False,2026-08-19T22:02:52.701278+09:00
Manifold Bridge,,,failed,False,2026-08-19T21:18:22.582804+09:00
Manifold Brief,,,failed,False,2026-08-21T01:02:57.004719+09:00
Manifold Bulletin,,,failed,False,2026-08-21T01:02:00.042656+09:00
Manifold Cabinet,170.0,96.0,success,False,2026-08-27T23:16:51.144125+09:00
Manifold Calculator,20.0,0.0,success,False,2026-08-27T23:31:24.795366+09:00
Manifold Calendar,,,failed,False,2026-08-19T21:05:37.228592+09:00
Manifold Card,,,failed,False,2026-08-19T21:11:21.991848+09:00
Manifold Cash,,,failed,False,2026-08-21T02:28:33.010940+09:00
Manifold Cashback,,,failed,False,2026-08-27T21:17:59.409089+09:00
Manifold Catalog,,,failed,False,2026-08-19T21:16:02.434865+09:00
Manifold Category,,,failed,False,2026-08-23T13:05:48.567186+09:00
Manifold Center,10.0,6.0,success,False,2026-08-19T21:30:16.349132+09:00
Manifold Chain,,,failed,False,2026-08-19T21:31:23.417988+09:00
Manifold Charge,,,failed,False,2026-08-21T02:44:22.791251+09:00
Manifold Chart,70.0,0.0,success,False,2026-08-19T21:09:13.421479+09:00
Manifold Check,,,failed,False,2026-08-19T21:11:44.619551+09:00
Manifold Checker,,,failed,False,2026-08-27T23:51:29.405566+09:00
Manifold Checklist,,,failed,False,2026-08-19T21:15:06.542256+09:00
Manifold Circular,,,failed,False,2026-08-21T01:02:59.724963+09:00
Manifold Code,20.0,0.0,success,False,2026-08-19T22:02:22.489790+09:00
Manifold Companion,,,failed,False,2026-08-19T21:04:22.708628+09:00
Manifold Comparison,,,failed,False,2026-08-28T01:03:14.001062+09:00
Manifold Confirmation,,,failed,False,2026-08-21T01:02:18.161248+09:00
Manifold Console,,,failed,False,2026-08-19T21:30:36.862882+09:00
Manifold Converter,390.0,61.0,success,False,2026-08-27T23:31:29.961537+09:00
Manifold Core,,,failed,False,2026-08-19T21:29:19.590151+09:00
Manifold Cost,70.0,4.0,success,False,2026-08-21T02:11:43.167775+09:00
Manifold Count,,,failed,False,2026-08-27T22:51:07.925641+09:00
Manifold Counter,,,failed,False,2026-08-19T21:06:35.637376+09:00
Manifold Coupon,,,failed,False,2026-08-27T21:17:59.409089+09:00
Manifold Deal,,,failed,False,2026-08-21T01:55:33.628108+09:00
Manifold Debt,,,failed,False,2026-08-21T02:28:25.181498+09:00
Manifold Deck,,,failed,False,2026-08-19T21:29:40.498335+09:00
Manifold Desk,,,failed,False,2026-08-19T21:17:02.639874+09:00
Manifold Detail,,,failed,False,2026-08-23T03:15:28.674871+09:00
Manifold Detector,,,failed,False,2026-08-27T23:51:32.749499+09:00
Manifold Diagram,320.0,0.0,success,False,2026-08-27T22:13:43.125947+09:00
Manifold Digest,,,failed,False,2026-08-19T21:13:59.350184+09:00
Manifold Directory,,,failed,False,2026-08-19T21:05:49.435162+09:00
Manifold Discount,,,failed,False,2026-08-23T16:14:53.191797+09:00
Manifold Dossier,,,failed,False,2026-08-21T01:03:10.607434+09:00
Manifold Downpayment,,,failed,False,2026-08-27T21:49:20.358831+09:00
Manifold Draft,,,failed,False,2026-08-19T21:14:21.531663+09:00
Manifold Due,,,failed,False,2026-08-23T15:51:51.217465+09:00
Manifold Duty,,,failed,False,2026-08-21T02:44:28.484946+09:00
Manifold Engine,4400.0,16.0,success,False,2026-08-19T21:32:21.399233+09:00
Manifold Entry,,,failed,False,2026-08-21T01:03:23.160959+09:00
Manifold Estimate,,,failed,False,2026-08-19T21:15:52.181697+09:00
Manifold Estimator,,,failed,False,2026-08-27T23:51:26.937833+09:00
Manifold Excerpt,,,failed,False,2026-08-21T01:03:18.814008+09:00
Manifold Fare,,,failed,False,2026-08-21T02:11:50.760630+09:00
Manifold Fee,,,failed,False,2026-08-21T01:55:09.652280+09:00
Manifold Feed,,,failed,False,2026-08-19T21:14:11.257032+09:00
Manifold Field,10.0,0.0,success,False,2026-08-23T13:05:53.628688+09:00
Manifold File,,,failed,False,2026-08-19T21:13:15.643031+09:00
Manifold Finder,,,failed,False,2026-08-19T21:06:13.197757+09:00
Manifold Fine,,,failed,False,2026-08-23T02:58:45.466254+09:00
Manifold Flag,,,failed,False,2026-08-21T00:27:45.495734+09:00
Manifold Flow,210.0,42.0,success,False,2026-08-19T21:16:36.317434+09:00
Manifold Form,,,failed,False,2026-08-19T21:11:11.315009+09:00
Manifold Format,,,failed,False,2026-08-23T13:05:55.726817+09:00
Manifold Frame,,,failed,False,2026-08-19T21:29:00.879622+09:00
Manifold Fund,20.0,10.0,success,False,2026-08-21T02:28:28.588606+09:00
Manifold Gate,590.0,1.0,success,False,2026-08-19T21:31:40.381854+09:00
Manifold Giveaway,,,failed,False,2026-08-27T21:18:05.577940+09:00
Manifold Grade,,,failed,False,2026-08-21T00:27:24.500136+09:00
Manifold Graph,70.0,0.0,success,False,2026-08-27T22:13:33.756180+09:00
Manifold Grid,,,failed,False,2026-08-19T21:19:21.338240+09:00
Manifold Guarantee,,,failed,False,2026-08-28T01:03:25.191639+09:00
Manifold Helpdesk,,,failed,False,2026-08-27T22:51:07.925641+09:00
Manifold Helper,,,failed,False,2026-08-28T00:22:04.244333+09:00
Manifold History,,,failed,False,2026-08-19T21:13:02.504471+09:00
Manifold Hotline,,,failed,False,2026-08-19T21:16:11.566322+09:00
Manifold Hub,,,failed,False,2026-08-19T21:16:48.614230+09:00
Manifold Identifier,,,failed,False,2026-08-23T13:05:43.515456+09:00
Manifold Inbox,,,failed,False,2026-08-19T21:08:48.624997+09:00
Manifold Incentive,,,failed,False,2026-08-27T21:18:05.577940+09:00
Manifold Index,,,failed,False,2026-08-19T21:15:19.107238+09:00
Manifold Item,,,failed,False,2026-08-21T01:55:13.516814+09:00
Manifold Journal,,,failed,False,2026-08-19T21:05:12.493876+09:00
Manifold Keeper,,,failed,False,2026-08-19T21:32:06.209951+09:00
Manifold Kit,260.0,56.0,success,False,2026-08-27T22:51:05.430430+09:00
Manifold Lab,320.0,6.0,success,False,2026-08-19T21:29:53.324584+09:00
Manifold Label,,,failed,False,2026-08-27T22:13:36.218618+09:00
Manifold Ledger,,,failed,False,2026-08-19T21:29:24.641827+09:00
Manifold Level,,,failed,False,2026-08-19T21:13:25.403661+09:00
Manifold Line,110.0,4.0,success,False,2026-08-19T21:10:18.944671+09:00
Manifold Link,,,failed,False,2026-08-23T03:15:22.651664+09:00
Manifold List,,,failed,False,2026-08-19T22:02:34.302682+09:00
Manifold Loan,,,failed,False,2026-08-21T02:11:57.284997+09:00
Manifold Locator,,,failed,False,2026-08-19T21:06:04.880535+09:00
Manifold Locker,,,failed,False,2026-08-19T21:06:44.412093+09:00
Manifold Log,,,failed,False,2026-08-19T21:11:02.607888+09:00
Manifold Loop,,,failed,False,2026-08-19T21:19:09.949699+09:00
Manifold Manager,,,failed,False,2026-08-19T21:32:13.666054+09:00
Manifold Manual,90.0,43.0,success,False,2026-08-27T22:13:39.158515+09:00
Manifold Map,50.0,1.0,success,False,2026-08-19T21:20:10.804990+09:00
Manifold Markup,,,failed,False,2026-08-23T16:39:25.527330+09:00
Manifold Memo,,,failed,False,2026-08-21T00:27:30.325740+09:00
Manifold Message,,,failed,False,2026-08-27T23:16:41.409509+09:00
Manifold Monitor,,,failed,False,2026-08-19T21:04:09.833583+09:00
Manifold Nexus,10.0,5.0,success,False,2026-08-19T21:31:50.558670+09:00
Manifold Note,,,failed,False,2026-08-19T21:12:07.891173+09:00
Manifold Notification,,,failed,False,2026-08-27T22:51:00.093213+09:00
Manifold Number,,,failed,False,2026-08-23T03:15:14.062371+09:00
Manifold Ops,,,failed,False,2026-08-19T21:04:47.167430+09:00
Manifold Order,,,failed,False,2026-08-19T22:01:51.400634+09:00
Manifold Overage,,,failed,False,2026-08-27T21:49:15.770523+09:00
Manifold Overdue,,,failed,False,2026-08-27T21:49:11.230615+09:00
Manifold Panel,50.0,10.0,success,False,2026-08-19T21:30:45.595196+09:00
Manifold Path,,,failed,False,2026-08-19T21:19:47.057352+09:00
Manifold Payoff,,,failed,False,2026-08-27T21:49:13.443578+09:00
Manifold Penalty,,,failed,False,2026-08-23T16:39:23.209795+09:00
Manifold Petition,,,failed,False,2026-08-21T01:02:15.382494+09:00
Manifold Plan,,,failed,False,2026-08-21T01:55:30.531800+09:00
Manifold Playbook,,,failed,False,2026-08-19T21:04:59.839669+09:00
Manifold Point,,,failed,False,2026-08-19T21:19:58.668783+09:00
Manifold Portal,,,failed,False,2026-08-19T21:30:31.013934+09:00
Manifold Profile,,,failed,False,2026-08-19T21:12:30.069108+09:00
Manifold Profit,,,failed,False,2026-08-23T02:58:35.873995+09:00
Manifold Proposal,,,failed,False,2026-08-28T01:03:21.195109+09:00
Manifold Queue,,,failed,False,2026-08-19T21:15:40.357740+09:00
Manifold Quota,,,failed,False,2026-08-21T00:27:37.591897+09:00
Manifold Radar,,,failed,False,2026-08-19T21:17:15.430061+09:00
Manifold Rail,40.0,14.0,success,False,2026-08-19T21:31:09.123245+09:00
Manifold Rate,,,failed,False,2026-08-19T21:13:36.060170+09:00
Manifold Recap,,,failed,False,2026-08-21T01:03:15.171952+09:00
Manifold Receipt,,,failed,False,2026-08-19T22:02:12.630536+09:00
Manifold Recorder,,,failed,False,2026-08-27T23:31:37.799226+09:00
Manifold Register,,,failed,False,2026-08-19T21:04:36.711918+09:00
Manifold Registry,,,failed,False,2026-08-19T21:05:26.715187+09:00
Manifold Relay,10.0,0.0,success,False,2026-08-19T21:17:25.572760+09:00
Manifold Reminder,,,failed,False,2026-08-19T21:14:53.889746+09:00
Manifold Report,,,failed,False,2026-08-19T21:10:50.221080+09:00
Manifold Ring,170.0,5.0,success,False,2026-08-19T21:31:31.502788+09:00
Manifold Roster,,,failed,False,2026-08-19T21:08:37.744349+09:00
Manifold Route,,,failed,False,2026-08-19T21:31:01.684338+09:00
Manifold Rule,20.0,14.0,success,False,2026-08-23T03:15:24.852114+09:00
Manifold Sale,10.0,43.0,success,False,2026-08-21T02:28:36.980709+09:00
Manifold Sample,40.0,7.0,success,False,2026-08-19T22:03:14.947098+09:00
Manifold Scale,,,failed,False,2026-08-19T21:30:54.257177+09:00
Manifold Scheduler,,,failed,False,2026-08-19T21:03:55.204280+09:00
Manifold Schematic,30.0,0.0,success,False,2026-08-27T22:29:26.032496+09:00
Manifold Scope,,,failed,False,2026-08-19T21:19:00.035786+09:00
Manifold Score,,,failed,False,2026-08-19T21:11:55.349483+09:00
Manifold Sheet,,,failed,False,2026-08-19T21:11:31.992305+09:00
Manifold Shortfall,,,failed,False,2026-08-27T21:49:22.679951+09:00
Manifold Signal,,,failed,False,2026-08-19T21:18:32.816387+09:00
Manifold Slip,,,failed,False,2026-08-19T22:03:03.584652+09:00
Manifold Slot,,,failed,False,2026-08-19T22:03:23.353107+09:00
Manifold Stake,,,failed,False,2026-08-23T02:58:43.358109+09:00
Manifold Statement,10.0,0.0,success,False,2026-08-21T00:27:06.966469+09:00
Manifold Station,50.0,4.0,success,False,2026-08-19T21:29:59.646453+09:00
Manifold Status,,,failed,False,2026-08-19T21:12:39.256118+09:00
Manifold Stub,,,failed,False,2026-08-21T00:26:55.838634+09:00
Manifold Studio,720.0,0.0,success,False,2026-08-19T21:29:47.496953+09:00
Manifold Subsidy,,,failed,False,2026-08-23T15:51:53.307481+09:00
Manifold Sum,,,failed,False,2026-08-21T02:28:22.675348+09:00
Manifold Summary,,,failed,False,2026-08-19T21:14:31.473745+09:00
Manifold Surtax,,,failed,False,2026-08-23T15:51:55.644106+09:00
Manifold Tab,,,failed,False,2026-08-21T00:27:53.671746+09:00
Manifold Table,90.0,0.0,success,False,2026-08-19T22:02:44.580219+09:00
Manifold Tag,,,failed,False,2026-08-19T21:12:20.631006+09:00
Manifold Tally,,,failed,False,2026-08-21T00:27:15.534212+09:00
Manifold Tariff,,,failed,False,2026-08-21T02:44:40.179717+09:00
Manifold Tax,,,failed,False,2026-08-21T02:11:55.079933+09:00
Manifold Terminal,,,failed,False,2026-08-19T21:30:10.428031+09:00
Manifold Ticket,,,failed,False,2026-08-19T21:15:29.461766+09:00
Manifold Tier,10.0,,success,False,2026-08-28T00:46:16.444390+09:00
Manifold Timeline,,,failed,False,2026-08-19T21:14:42.578262+09:00
Manifold Toll,,,failed,False,2026-08-21T02:44:32.833058+09:00
Manifold Toolbox,,,failed,False,2026-08-28T00:22:04.244333+09:00
Manifold Total,,,failed,False,2026-08-27T23:16:41.409509+09:00
Manifold Tower,,,failed,False,2026-08-19T21:08:15.358718+09:00
Manifold Tracker,,,failed,False,2026-08-19T21:16:23.704707+09:00
Manifold Trail,720.0,4.0,success,False,2026-08-19T21:31:14.747264+09:00
Manifold Trial,10.0,0.0,success,False,2026-08-27T21:18:01.606713+09:00
Manifold Unit,70.0,89.0,success,False,2026-08-21T01:55:28.445824+09:00
Manifold Update,,,failed,False,2026-08-19T21:13:50.204351+09:00
Manifold Value,1600.0,100.0,success,False,2026-08-23T02:58:39.272586+09:00
Manifold Vault,,,failed,False,2026-08-19T21:17:35.138769+09:00
Manifold Version,,,failed,False,2026-08-23T03:15:19.125629+09:00
Manifold View,,,failed,False,2026-08-19T21:12:48.974552+09:00
Manifold Watch,,,failed,False,2026-08-19T21:18:42.622010+09:00
Manifold Wave,0.0,,success,False,2026-08-19T21:19:32.635751+09:00
Manifold Widget,,,failed,False,2026-08-27T23:16:45.468022+09:00
Manifold Window,,,failed,False,2026-08-19T21:10:27.505284+09:00
Manifold Worksheet,,,failed,False,2026-08-27T22:13:39.158515+09:00
Manifold Workshop,,,failed,False,2026-08-28T00:21:58.401743+09:00
Manifold Zone,,,failed,False,2026-08-19T21:30:22.896569+09:00
Manuscript Advance,,,failed,False,2026-08-23T16:16:35.923082+09:00
Manuscript Advisory,,,failed,False,2026-08-21T01:02:59.724963+09:00
Manuscript Allowance,,,failed,False,2026-08-21T02:42:27.655082+09:00
Manuscript Almanac,,,failed,False,2026-08-18T22:11:01.803326+09:00
Manuscript Analyzer,,,failed,False,2026-08-27T23:50:46.062882+09:00
Manuscript Anchor,,,failed,False,2026-08-17T21:32:15.070878+09:00
Manuscript Announcement,,,failed,False,2026-08-27T23:37:11.995923+09:00
Manuscript Asset,,,failed,False,2026-08-23T13:48:04.421871+09:00
Manuscript Assistant,10.0,0.0,success,False,2026-08-17T23:13:32.470918+09:00
Manuscript Atlas,,,failed,False,2026-08-17T20:40:42.163784+09:00
Manuscript Attribute,,,failed,False,2026-08-23T13:08:36.933873+09:00
Manuscript Badge,,,failed,False,2026-08-21T00:28:53.322616+09:00
Manuscript Base,,,failed,False,2026-08-17T20:37:38.706086+09:00
Manuscript Beacon,,,failed,False,2026-08-17T21:36:28.444275+09:00
Manuscript Bill,,,failed,False,2026-08-19T21:49:18.898188+09:00
Manuscript Blueprint,,,failed,False,2026-08-18T22:10:53.801114+09:00
Manuscript Board,,,failed,False,2026-08-17T20:34:42.726088+09:00
Manuscript Book,5400.0,39.0,success,False,2026-08-19T21:50:19.457736+09:00
Manuscript Bridge,,,failed,False,2026-08-17T21:33:20.961288+09:00
Manuscript Brief,,,failed,False,2026-08-21T01:01:56.777468+09:00
Manuscript Bulletin,,,failed,False,2026-08-21T01:01:49.387114+09:00
Manuscript Calendar,,,failed,False,2026-08-19T00:04:44.561310+09:00
Manuscript Card,,,failed,False,2026-08-19T13:36:52.870932+09:00
Manuscript Cascade,,,failed,False,2026-08-17T21:34:20.474166+09:00
Manuscript Cash,,,failed,False,2026-08-21T02:26:43.792522+09:00
Manuscript Catalog,,,failed,False,2026-08-19T21:06:08.303688+09:00
Manuscript Category,,,failed,False,2026-08-23T13:08:34.053815+09:00
Manuscript Center,2900.0,3.0,success,False,2026-08-17T21:39:34.435552+09:00
Manuscript Chain,,,failed,False,2026-08-17T20:44:51.445524+09:00
Manuscript Charge,,,failed,False,2026-08-21T02:42:16.992307+09:00
Manuscript Check,90.0,48.0,success,False,2026-08-19T13:37:25.441438+09:00
Manuscript Checker,90.0,48.0,success,False,2026-08-27T23:50:40.068524+09:00
Manuscript Checklist,20.0,2.0,success,False,2026-08-19T21:05:07.680797+09:00
Manuscript Circular,,,failed,False,2026-08-21T01:02:54.788235+09:00
Manuscript Cockpit,,,failed,False,2026-08-17T23:27:53.024871+09:00
Manuscript Code,,,failed,False,2026-08-19T21:49:41.666387+09:00
Manuscript Codex,140.0,3.0,success,False,2026-08-18T22:11:16.114719+09:00
Manuscript Companion,,,failed,False,2026-08-17T23:11:35.407010+09:00
Manuscript Comparison,10.0,0.0,success,False,2026-08-28T01:01:55.633503+09:00
Manuscript Compass,,,failed,False,2026-08-17T21:37:32.627735+09:00
Manuscript Compendium,,,failed,False,2026-08-18T22:11:07.698009+09:00
Manuscript Confirmation,,,failed,False,2026-08-21T01:02:13.283707+09:00
Manuscript Console,,,failed,False,2026-08-17T21:35:58.459168+09:00
Manuscript Contribution,,,failed,False,2026-08-23T16:16:35.923082+09:00
Manuscript Converter,20.0,1.0,success,False,2026-08-27T23:37:16.371136+09:00
Manuscript Core,,,failed,False,2026-08-17T20:36:39.507807+09:00
Manuscript Cost,,,failed,False,2026-08-21T02:11:01.471090+09:00
Manuscript Count,,,failed,False,2026-08-27T22:51:29.683445+09:00
Manuscript Counter,,,failed,False,2026-08-19T00:05:21.948366+09:00
Manuscript Dashboard,,,failed,False,2026-08-17T23:04:19.754704+09:00
Manuscript Deal,,,failed,False,2026-08-21T01:55:30.531800+09:00
Manuscript Debt,,,failed,False,2026-08-21T02:26:39.495067+09:00
Manuscript Deck,,,failed,False,2026-08-17T20:33:48.971139+09:00
Manuscript Depot,,,failed,False,2026-08-19T00:05:11.440472+09:00
Manuscript Desk,,,failed,False,2026-08-18T07:52:27.935751+09:00
Manuscript Detail,,,failed,False,2026-08-23T03:21:40.496452+09:00
Manuscript Detector,,,failed,False,2026-08-27T23:50:42.966915+09:00
Manuscript Dial,,,failed,False,2026-08-17T21:33:48.082783+09:00
Manuscript Digest,,,failed,False,2026-08-19T20:49:19.848949+09:00
Manuscript Directory,,,failed,False,2026-08-19T00:04:50.750995+09:00
Manuscript Dock,,,failed,False,2026-08-17T20:48:13.207047+09:00
Manuscript Dossier,,,failed,False,2026-08-21T01:02:18.161248+09:00
Manuscript Downpayment,,,failed,False,2026-08-27T21:50:13.120936+09:00
Manuscript Draft,4400.0,0.0,success,True,2026-08-19T20:49:32.682801+09:00
Manuscript Due,,,failed,False,2026-08-23T15:52:42.470276+09:00
Manuscript Duty,,,failed,False,2026-08-21T02:42:20.398693+09:00
Manuscript Endowment,,,failed,False,2026-08-23T15:52:44.896002+09:00
Manuscript Engine,50.0,0.0,success,False,2026-08-17T23:26:55.594772+09:00
Manuscript Entry,,,failed,False,2026-08-21T01:03:16.580684+09:00
Manuscript Estimate,,,failed,False,2026-08-19T21:06:00.178861+09:00
Manuscript Estimator,,,failed,False,2026-08-27T23:59:32.969820+09:00
Manuscript Excerpt,,,failed,False,2026-08-21T01:03:12.514083+09:00
Manuscript Extension,,,failed,False,2026-08-23T16:40:09.543730+09:00
Manuscript Fare,,,failed,False,2026-08-21T02:11:04.805408+09:00
Manuscript Fee,20.0,0.0,success,False,2026-08-21T01:55:03.003035+09:00
Manuscript Feed,,,failed,False,2026-08-19T20:49:25.973595+09:00
Manuscript Field,,,failed,False,2026-08-23T13:08:40.061584+09:00
Manuscript File,90.0,3.0,success,False,2026-08-19T20:48:59.251157+09:00
Manuscript Finder,30.0,24.0,success,False,2026-08-19T00:05:06.053297+09:00
Manuscript Fine,,,failed,False,2026-08-23T02:56:38.023044+09:00
Manuscript Flag,,,failed,False,2026-08-21T00:29:45.511428+09:00
Manuscript Flow,,,failed,False,2026-08-17T20:34:18.335664+09:00
Manuscript Forge,,,failed,False,2026-08-17T21:35:22.295985+09:00
Manuscript Form,3600.0,7.0,success,False,2026-08-19T13:36:47.380431+09:00
Manuscript Format,3600.0,7.0,success,False,2026-08-23T13:08:42.186526+09:00
Manuscript Frame,40.0,37.0,success,False,2026-08-17T20:38:31.317013+09:00
Manuscript Fund,,,failed,False,2026-08-21T02:26:41.708739+09:00
Manuscript Gate,,,failed,False,2026-08-17T20:42:13.997557+09:00
Manuscript Grade,,,failed,False,2026-08-21T00:29:21.936028+09:00
Manuscript Grid,880.0,0.0,success,False,2026-08-17T20:45:26.162726+09:00
Manuscript Guarantee,,,failed,False,2026-08-28T01:01:58.415917+09:00
Manuscript Guard,,,failed,False,2026-08-17T20:37:08.027448+09:00
Manuscript Guardian,,,failed,False,2026-08-28T00:21:02.971988+09:00
Manuscript Guidebook,,,failed,False,2026-08-18T22:10:36.115087+09:00
Manuscript Helpdesk,,,failed,False,2026-08-27T22:51:33.320373+09:00
Manuscript Helper,,,failed,False,2026-08-28T00:21:06.843571+09:00
Manuscript History,390.0,0.0,success,False,2026-08-19T20:48:55.006137+09:00
Manuscript Hotline,,,failed,False,2026-08-19T21:06:20.590100+09:00
Manuscript Hub,10.0,0.0,success,False,2026-08-17T20:33:21.754611+09:00
Manuscript Identifier,,,failed,False,2026-08-23T13:08:30.246419+09:00
Manuscript Index,,,failed,False,2026-08-19T21:05:18.754911+09:00
Manuscript Insight,,,failed,False,2026-08-17T23:27:41.420797+09:00
Manuscript Installment,,,failed,False,2026-08-23T16:16:31.573856+09:00
Manuscript Item,,,failed,False,2026-08-21T01:55:08.355431+09:00
Manuscript Journal,390.0,20.0,success,False,2026-08-18T22:10:18.505365+09:00
Manuscript Keeper,,,failed,False,2026-08-17T20:38:58.199942+09:00
Manuscript Kit,,,failed,False,2026-08-27T22:51:25.477545+09:00
Manuscript Lab,10.0,17.0,success,False,2026-08-17T20:31:36.969919+09:00
Manuscript Label,30.0,3.0,success,False,2026-08-27T22:14:45.094035+09:00
Manuscript Ledger,,,failed,False,2026-08-17T20:35:44.075031+09:00
Manuscript Lens,,,failed,False,2026-08-17T20:39:23.919432+09:00
Manuscript Level,,,failed,False,2026-08-19T20:49:04.250848+09:00
Manuscript Link,140.0,4.0,success,False,2026-08-23T03:21:32.618577+09:00
Manuscript List,,,failed,False,2026-08-19T21:49:55.952193+09:00
Manuscript Loan,,,failed,False,2026-08-21T02:11:11.149564+09:00
Manuscript Locator,,,failed,False,2026-08-19T00:04:59.396392+09:00
Manuscript Lock,,,failed,False,2026-08-17T20:41:03.029394+09:00
Manuscript Log,,,failed,False,2026-08-19T13:36:00.987511+09:00
Manuscript Loop,,,failed,False,2026-08-17T20:46:16.531586+09:00
Manuscript Manager,170.0,4.0,success,False,2026-08-17T20:38:04.703276+09:00
Manuscript Manual,,,failed,False,2026-08-27T22:14:48.502479+09:00
Manuscript Map,110.0,0.0,success,False,2026-08-17T20:40:19.019495+09:00
Manuscript Marker,,,failed,False,2026-08-23T13:27:59.739210+09:00
Manuscript Markup,,,failed,False,2026-08-23T16:40:05.179166+09:00
Manuscript Memo,,,failed,False,2026-08-21T00:29:30.583044+09:00
Manuscript Message,,,failed,False,2026-08-27T23:16:41.409509+09:00
Manuscript Meter,,,failed,False,2026-08-17T21:32:50.995270+09:00
Manuscript Metrics,,,failed,False,2026-08-17T23:10:00.779750+09:00
Manuscript Monitor,,,failed,False,2026-08-17T23:15:07.247244+09:00
Manuscript Navigator,,,failed,False,2026-08-17T23:28:07.981645+09:00
Manuscript Nexus,,,failed,False,2026-08-17T20:41:24.809383+09:00
Manuscript Node,,,failed,False,2026-08-17T20:43:08.098438+09:00
Manuscript Note,70.0,16.0,success,False,2026-08-19T13:37:46.745101+09:00
Manuscript Notification,,,failed,False,2026-08-27T22:51:25.477545+09:00
Manuscript Number,140.0,0.0,success,False,2026-08-23T03:21:22.362914+09:00
Manuscript Office,,,failed,False,2026-08-19T00:05:16.956026+09:00
Manuscript Ops,,,failed,False,2026-08-17T23:06:09.735984+09:00
Manuscript Order,10.0,0.0,success,False,2026-08-19T21:49:09.518107+09:00
Manuscript Organizer,,,failed,False,2026-08-17T23:27:23.938977+09:00
Manuscript Outline,170.0,2.0,success,False,2026-08-27T22:29:30.000621+09:00
Manuscript Overage,,,failed,False,2026-08-27T21:50:10.340173+09:00
Manuscript Overdue,,,failed,False,2026-08-27T21:50:06.831063+09:00
Manuscript Panel,,,failed,False,2026-08-17T21:34:53.019649+09:00
Manuscript Pass,,,failed,False,2026-08-21T00:28:42.115555+09:00
Manuscript Path,,,failed,False,2026-08-17T20:42:40.071307+09:00
Manuscript Payoff,,,failed,False,2026-08-27T21:50:10.340173+09:00
Manuscript Penalty,,,failed,False,2026-08-23T16:40:05.179166+09:00
Manuscript Petition,,,failed,False,2026-08-21T01:02:11.159896+09:00
Manuscript Pilot,,,failed,False,2026-08-17T20:32:10.469810+09:00
Manuscript Plan,,,failed,False,2026-08-21T01:55:28.445824+09:00
Manuscript Planner,,,failed,False,2026-08-17T23:27:13.113305+09:00
Manuscript Playbook,,,failed,False,2026-08-18T22:10:12.310168+09:00
Manuscript Point,,,failed,False,2026-08-17T20:41:54.470071+09:00
Manuscript Portal,30.0,10.0,success,False,2026-08-17T21:36:57.018160+09:00
Manuscript Preview,,,failed,False,2026-08-28T01:01:55.633503+09:00
Manuscript Profile,,,failed,False,2026-08-19T13:38:17.915581+09:00
Manuscript Profit,,,failed,False,2026-08-23T02:56:26.483203+09:00
Manuscript Proposal,20.0,7.0,success,False,2026-08-28T01:01:58.415917+09:00
Manuscript Pulse,,,failed,False,2026-08-17T20:44:23.108645+09:00
Manuscript Queue,,,failed,False,2026-08-19T21:05:44.553245+09:00
Manuscript Quota,,,failed,False,2026-08-21T00:29:35.718141+09:00
Manuscript Radar,,,failed,False,2026-08-18T07:52:35.571361+09:00
Manuscript Rail,,,failed,False,2026-08-17T20:46:53.844827+09:00
Manuscript Recap,,,failed,False,2026-08-21T01:03:06.374945+09:00
Manuscript Receipt,,,failed,False,2026-08-19T21:49:32.440919+09:00
Manuscript Register,,,failed,False,2026-08-17T23:28:22.691550+09:00
Manuscript Registry,,,failed,False,2026-08-18T22:10:43.266214+09:00
Manuscript Relay,,,failed,False,2026-08-17T21:40:59.899740+09:00
Manuscript Reminder,,,failed,False,2026-08-19T21:04:56.454622+09:00
Manuscript Report,390.0,3.0,success,False,2026-08-19T13:35:44.896452+09:00
Manuscript Repository,10.0,0.0,success,False,2026-08-27T23:16:51.144125+09:00
Manuscript Roadmap,,,failed,False,2026-08-18T22:11:27.427914+09:00
Manuscript Roster,,,failed,False,2026-08-19T00:37:28.610789+09:00
Manuscript Route,,,failed,False,2026-08-17T21:30:30.781560+09:00
Manuscript Rule,,,failed,False,2026-08-23T03:21:36.606838+09:00
Manuscript Sale,90.0,57.0,success,False,2026-08-21T02:26:47.668193+09:00
Manuscript Sample,720.0,1.0,success,False,2026-08-19T21:50:41.490993+09:00
Manuscript Scale,,,failed,False,2026-08-17T21:31:39.058447+09:00
Manuscript Scanner,30.0,31.0,success,False,2026-08-27T23:50:40.068524+09:00
Manuscript Scheduler,,,failed,False,2026-08-17T23:08:13.716761+09:00
Manuscript Scope,,,failed,False,2026-08-17T20:47:33.914967+09:00
Manuscript Score,20.0,9.0,success,False,2026-08-19T13:37:39.358157+09:00
Manuscript Sentry,,,failed,False,2026-08-17T20:39:52.233588+09:00
Manuscript Sheet,1300.0,3.0,success,False,2026-08-19T13:37:07.437416+09:00
Manuscript Shortfall,,,failed,False,2026-08-27T21:50:15.580858+09:00
Manuscript Signal,,,failed,False,2026-08-17T21:31:02.177338+09:00
Manuscript Slip,,,failed,False,2026-08-19T21:50:30.697464+09:00
Manuscript Slot,,,failed,False,2026-08-19T21:50:52.634082+09:00
Manuscript Snapshot,,,failed,False,2026-08-18T22:10:27.962314+09:00
Manuscript Stage,,,failed,False,2026-08-28T00:45:40.942680+09:00
Manuscript Stake,,,failed,False,2026-08-23T02:56:32.879910+09:00
Manuscript Statement,,,failed,False,2026-08-21T00:29:07.557420+09:00
Manuscript Station,,,failed,False,2026-08-18T07:53:01.701423+09:00
Manuscript Status,320.0,0.0,success,False,2026-08-19T20:48:43.191337+09:00
Manuscript Stipend,,,failed,False,2026-08-23T13:48:04.421871+09:00
Manuscript Stub,,,failed,False,2026-08-21T00:29:02.215162+09:00
Manuscript Studio,10.0,4.0,success,False,2026-08-17T20:32:46.505342+09:00
Manuscript Subsidy,,,failed,False,2026-08-23T15:52:44.896002+09:00
Manuscript Suite,,,failed,False,2026-08-17T23:06:29.811396+09:00
Manuscript Sum,,,failed,False,2026-08-21T02:26:36.939016+09:00
Manuscript Summary,10.0,3.0,success,False,2026-08-19T21:04:29.917389+09:00
Manuscript Sync,,,failed,False,2026-08-17T20:35:09.040915+09:00
Manuscript Tab,,,failed,False,2026-08-21T00:29:50.648703+09:00
Manuscript Table,40.0,2.0,success,False,2026-08-19T21:50:06.175762+09:00
Manuscript Tag,,,failed,False,2026-08-19T13:37:57.164882+09:00
Manuscript Tally,,,failed,False,2026-08-21T00:29:15.711468+09:00
Manuscript Tariff,,,failed,False,2026-08-21T02:42:30.088898+09:00
Manuscript Tax,,,failed,False,2026-08-21T02:11:07.536158+09:00
Manuscript Ticket,,,failed,False,2026-08-19T21:05:32.048024+09:00
Manuscript Timeline,30.0,0.0,success,False,2026-08-19T21:04:42.466598+09:00
Manuscript Timer,,,failed,False,2026-08-28T00:20:59.096636+09:00
Manuscript Toll,,,failed,False,2026-08-21T02:42:25.352468+09:00
Manuscript Toolbox,,,failed,False,2026-08-28T00:21:06.843571+09:00
Manuscript Toolkit,,,failed,False,2026-08-18T22:10:04.357387+09:00
Manuscript Total,,,failed,False,2026-08-27T23:16:41.409509+09:00
Manuscript Tracker,90.0,6.0,success,False,2026-08-17T20:36:11.237181+09:00
Manuscript Trail,,,failed,False,2026-08-17T20:45:50.172264+09:00
Manuscript Trend,,,failed,False,2026-08-28T01:01:51.337076+09:00
Manuscript Trial,,,failed,False,2026-08-27T21:19:26.078520+09:00
Manuscript Unit,,,failed,False,2026-08-21T01:55:13.516814+09:00
Manuscript Update,,,failed,False,2026-08-19T20:49:16.530394+09:00
Manuscript Value,,,failed,False,2026-08-23T02:56:29.364559+09:00
Manuscript Vault,,,failed,False,2026-08-17T21:38:40.825363+09:00
Manuscript Version,10.0,0.0,success,False,2026-08-23T03:21:28.061139+09:00
Manuscript View,,,failed,False,2026-08-19T20:48:48.411735+09:00
Manuscript Voucher,,,failed,False,2026-08-21T00:28:46.684495+09:00
Manuscript Watch,,,failed,False,2026-08-17T20:49:39.030080+09:00
Manuscript Wave,,,failed,False,2026-08-17T20:43:34.295212+09:00
Manuscript Widget,,,failed,False,2026-08-27T23:16:45.468022+09:00
Manuscript Workbench,,,failed,False,2026-08-18T22:09:58.381010+09:00
Manuscript Worksheet,10.0,4.0,success,False,2026-08-27T22:14:48.502479+09:00
Manuscript Workshop,30.0,7.0,success,False,2026-08-28T00:20:59.096636+09:00
Manuscript Zone,,,failed,False,2026-08-17T21:38:08.965654+09:00
Markdown Advisory,,,failed,False,2026-08-21T01:06:05.335895+09:00
Markdown Allowance,20.0,0.0,success,False,2026-08-21T02:36:53.900229+09:00
Markdown Almanac,,,failed,False,2026-08-18T22:04:58.367673+09:00
Markdown Analyzer,10.0,0.0,success,False,2026-08-27T23:59:07.749698+09:00
Markdown Anchor,590.0,1.0,success,False,2026-08-18T07:53:06.257546+09:00
Markdown Announcement,,,failed,False,2026-08-27T23:36:33.321869+09:00
Markdown Assistant,,,failed,False,2026-08-17T23:30:01.630713+09:00
Markdown Atlas,,,failed,False,2026-08-17T20:48:26.612997+09:00
Markdown Base,,,failed,False,2026-08-17T20:44:32.138425+09:00
Markdown Beacon,,,failed,False,2026-08-17T20:34:25.476328+09:00
Markdown Bill,,,failed,False,2026-08-19T21:49:35.357194+09:00
Markdown Blueprint,,,failed,False,2026-08-18T22:04:47.341629+09:00
Markdown Board,,,failed,False,2026-08-17T20:42:01.579820+09:00
Markdown Book,320.0,0.0,success,False,2026-08-19T21:50:33.278837+09:00
Markdown Bridge,,,failed,False,2026-08-18T07:52:56.677266+09:00
Markdown Brief,,,failed,False,2026-08-21T01:05:55.165491+09:00
Markdown Bulletin,,,failed,False,2026-08-21T01:07:59.313235+09:00
Markdown Calculator,390.0,0.0,success,False,2026-08-27T23:36:33.321869+09:00
Markdown Calendar,170.0,0.0,success,False,2026-08-19T00:02:12.644181+09:00
Markdown Card,170.0,0.0,success,False,2026-08-19T13:29:00.478751+09:00
Markdown Cascade,,,failed,False,2026-08-17T20:32:23.142780+09:00
Markdown Cash,,,failed,False,2026-08-21T02:30:30.378357+09:00
Markdown Cashback,,,failed,False,2026-08-27T21:17:29.346524+09:00
Markdown Catalog,,,failed,False,2026-08-19T21:04:17.654082+09:00
Markdown Center,720.0,1.0,success,False,2026-08-17T20:36:51.044622+09:00
Markdown Chain,,,failed,False,2026-08-17T21:35:06.399475+09:00
Markdown Charge,,,failed,False,2026-08-21T02:36:44.892736+09:00
Markdown Check,590.0,0.0,success,False,2026-08-19T13:29:29.454455+09:00
Markdown Checker,590.0,0.0,success,False,2026-08-27T23:58:58.371988+09:00
Markdown Circular,,,failed,False,2026-08-21T01:06:02.674001+09:00
Markdown Cockpit,,,failed,False,2026-08-17T23:12:59.903146+09:00
Markdown Code,6600.0,5.0,success,False,2026-08-19T21:49:58.938963+09:00
Markdown Codex,10.0,1.0,success,False,2026-08-18T22:05:17.781482+09:00
Markdown Companion,,,failed,False,2026-08-17T23:31:23.198788+09:00
Markdown Comparison,20.0,1.0,success,False,2026-08-28T01:01:36.692864+09:00
Markdown Compass,,,failed,False,2026-08-17T20:35:20.751202+09:00
Markdown Compendium,,,failed,False,2026-08-18T22:05:10.153828+09:00
Markdown Confirmation,,,failed,False,2026-08-21T01:06:12.457382+09:00
Markdown Console,40.0,0.0,success,False,2026-08-17T20:34:02.071546+09:00
Markdown Core,,,failed,False,2026-08-17T20:43:46.830313+09:00
Markdown Cost,20.0,0.0,success,False,2026-08-21T02:13:59.319117+09:00
Markdown Count,,,failed,False,2026-08-27T22:50:03.051342+09:00
Markdown Counter,10.0,0.0,success,False,2026-08-19T00:02:58.410814+09:00
Markdown Coupon,,,failed,False,2026-08-27T21:17:26.157906+09:00
Markdown Dashboard,30.0,2.0,success,False,2026-08-17T23:31:05.763784+09:00
Markdown Deal,,,failed,False,2026-08-21T01:58:02.709797+09:00
Markdown Debt,,,failed,False,2026-08-21T02:30:24.474717+09:00
Markdown Deck,20.0,2.0,success,False,2026-08-17T20:41:11.362619+09:00
Markdown Depot,,,failed,False,2026-08-19T00:02:41.985677+09:00
Markdown Desk,,,failed,False,2026-08-17T20:39:11.470645+09:00
Markdown Detail,390.0,0.0,success,False,2026-08-23T03:16:44.260724+09:00
Markdown Detector,10.0,0.0,success,False,2026-08-27T23:59:02.052548+09:00
Markdown Dial,,,failed,False,2026-08-17T20:31:49.556843+09:00
Markdown Digest,,,failed,False,2026-08-19T20:47:03.354167+09:00
Markdown Directory,20.0,0.0,success,False,2026-08-19T00:02:21.603583+09:00
Markdown Dock,,,failed,False,2026-08-17T21:38:18.723173+09:00
Markdown Dossier,,,failed,False,2026-08-21T01:06:17.673460+09:00
Markdown Downpayment,,,failed,False,2026-08-27T21:48:38.041939+09:00
Markdown Draft,,,failed,False,2026-08-19T20:47:10.772818+09:00
Markdown Duty,,,failed,False,2026-08-21T02:36:47.930212+09:00
Markdown Engine,30.0,0.0,success,False,2026-08-17T23:09:46.743330+09:00
Markdown Entry,,,failed,False,2026-08-21T01:06:31.516088+09:00
Markdown Estimate,,,failed,False,2026-08-19T21:04:06.353252+09:00
Markdown Estimator,,,failed,False,2026-08-27T23:58:55.210944+09:00
Markdown Excerpt,,,failed,False,2026-08-21T01:06:25.514755+09:00
Markdown Extension,1300.0,1.0,success,False,2026-08-23T16:39:16.961219+09:00
Markdown Fare,,,failed,False,2026-08-21T02:14:02.511057+09:00
Markdown Fee,,,failed,False,2026-08-21T02:05:51.453888+09:00
Markdown Feed,,,failed,False,2026-08-19T20:47:08.500238+09:00
Markdown File,49500.0,0.0,success,True,2026-08-19T20:46:39.045000+09:00
Markdown Finder,,,failed,False,2026-08-19T00:02:36.291033+09:00
Markdown Flag,,,failed,False,2026-08-21T00:32:15.885792+09:00
Markdown Flow,70.0,2.0,success,False,2026-08-17T20:41:38.152103+09:00
Markdown Forge,10.0,2.0,success,False,2026-08-17T20:33:33.696511+09:00
Markdown Form,90.0,1.0,success,False,2026-08-19T13:28:52.256085+09:00
Markdown Frame,10.0,2.0,success,False,2026-08-17T20:45:34.633599+09:00
Markdown Fund,,,failed,False,2026-08-21T02:30:27.978125+09:00
Markdown Gate,,,failed,False,2026-08-17T21:31:52.108049+09:00
Markdown Giveaway,,,failed,False,2026-08-27T21:17:37.644775+09:00
Markdown Grade,,,failed,False,2026-08-21T00:31:54.895534+09:00
Markdown Graph,720.0,2.0,success,False,2026-08-27T22:12:46.306034+09:00
Markdown Grid,90.0,1.0,success,False,2026-08-17T21:35:38.144027+09:00
Markdown Guarantee,,,failed,False,2026-08-28T01:01:42.257433+09:00
Markdown Guard,,,failed,False,2026-08-17T20:44:10.950266+09:00
Markdown Guardian,,,failed,False,2026-08-28T00:27:35.071119+09:00
Markdown Guidebook,,,failed,False,2026-08-18T22:04:27.693577+09:00
Markdown Helper,260.0,4.0,success,False,2026-08-28T00:27:37.736040+09:00
Markdown History,50.0,0.0,success,False,2026-08-19T20:46:33.393422+09:00
Markdown Hotline,,,failed,False,2026-08-19T21:04:31.572257+09:00
Markdown Hub,,,failed,False,2026-08-17T20:40:49.686418+09:00
Markdown Incentive,,,failed,False,2026-08-27T21:17:34.468079+09:00
Markdown Index,170.0,1.0,success,False,2026-08-19T21:03:23.930623+09:00
Markdown Insight,,,failed,False,2026-08-17T23:05:57.160852+09:00
Markdown Item,480.0,1.0,success,False,2026-08-21T01:57:50.113408+09:00
Markdown Journal,30.0,0.0,success,False,2026-08-18T22:04:05.188286+09:00
Markdown Keeper,,,failed,False,2026-08-17T20:45:56.929111+09:00
Markdown Lab,,,failed,False,2026-08-17T20:39:33.830984+09:00
Markdown Label,480.0,0.0,success,False,2026-08-27T22:12:52.289733+09:00
Markdown Ledger,,,failed,False,2026-08-17T20:42:49.578916+09:00
Markdown Lens,,,failed,False,2026-08-17T20:46:27.690682+09:00
Markdown Level,,,failed,False,2026-08-19T20:46:44.181940+09:00
Markdown Link,33100.0,3.0,success,False,2026-08-23T03:16:31.986562+09:00
Markdown List,14800.0,2.0,success,False,2026-08-19T21:50:09.573666+09:00
Markdown Loan,,,failed,False,2026-08-21T02:14:10.459291+09:00
Markdown Locator,,,failed,False,2026-08-19T00:02:27.896414+09:00
Markdown Lock,,,failed,False,2026-08-17T21:30:08.257838+09:00
Markdown Log,30.0,0.0,success,False,2026-08-19T13:28:43.746659+09:00
Markdown Loop,30.0,0.0,success,False,2026-08-17T21:36:38.708092+09:00
Markdown Manager,50.0,0.0,success,False,2026-08-17T20:45:10.862003+09:00
Markdown Manual,140.0,2.0,success,False,2026-08-27T22:12:55.481525+09:00
Markdown Map,480.0,4.0,success,False,2026-08-17T20:47:47.373505+09:00
Markdown Marker,30.0,1.0,success,False,2026-08-23T13:27:22.703282+09:00
Markdown Memo,70.0,0.0,success,False,2026-08-21T00:32:03.646563+09:00
Markdown Message,20.0,1.0,success,False,2026-08-27T23:15:43.697016+09:00
Markdown Meter,,,failed,False,2026-08-18T07:52:08.139884+09:00
Markdown Metrics,,,failed,False,2026-08-17T23:30:43.619577+09:00
Markdown Monitor,,,failed,False,2026-08-17T23:30:28.172183+09:00
Markdown Navigator,30.0,1.0,success,False,2026-08-17T23:07:43.866571+09:00
Markdown Nexus,,,failed,False,2026-08-17T21:30:43.453478+09:00
Markdown Node,20.0,0.0,success,False,2026-08-17T21:33:04.357190+09:00
Markdown Note,4400.0,1.0,success,False,2026-08-19T13:29:56.430090+09:00
Markdown Notification,10.0,0.0,success,False,2026-08-27T22:50:00.330096+09:00
Markdown Number,210.0,3.0,success,False,2026-08-23T03:16:26.068243+09:00
Markdown Office,70.0,0.0,success,False,2026-08-19T00:02:51.849711+09:00
Markdown Ops,,,failed,False,2026-08-17T23:31:38.790135+09:00
Markdown Order,,,failed,False,2026-08-19T21:49:21.504748+09:00
Markdown Organizer,10.0,1.0,success,False,2026-08-17T23:11:21.548397+09:00
Markdown Outline,110.0,1.0,success,False,2026-08-27T22:29:13.251110+09:00
Markdown Overage,,,failed,False,2026-08-27T21:48:35.689301+09:00
Markdown Overdue,,,failed,False,2026-08-27T21:48:33.250783+09:00
Markdown Panel,110.0,1.0,success,False,2026-08-17T20:32:58.642411+09:00
Markdown Path,30.0,0.0,success,False,2026-08-17T21:32:28.090728+09:00
Markdown Payoff,,,failed,False,2026-08-27T21:48:33.250783+09:00
Markdown Petition,,,failed,False,2026-08-21T01:06:09.386639+09:00
Markdown Pilot,,,failed,False,2026-08-17T20:40:03.112671+09:00
Markdown Plan,10.0,1.0,success,False,2026-08-21T01:57:57.210014+09:00
Markdown Planner,30.0,6.0,success,False,2026-08-17T23:04:07.422993+09:00
Markdown Playbook,,,failed,False,2026-08-18T22:03:55.697842+09:00
Markdown Point,50.0,6.0,success,False,2026-08-17T21:31:17.550614+09:00
Markdown Portal,,,failed,False,2026-08-17T20:34:53.035348+09:00
Markdown Preview,33100.0,1.0,success,False,2026-08-28T01:01:39.377915+09:00
Markdown Profile,,,failed,False,2026-08-19T13:30:30.638587+09:00
Markdown Profit,,,failed,False,2026-08-23T02:52:54.203392+09:00
Markdown Proposal,,,failed,False,2026-08-28T01:01:42.257433+09:00
Markdown Pulse,,,failed,False,2026-08-17T21:34:31.783933+09:00
Markdown Queue,,,failed,False,2026-08-19T21:03:53.179213+09:00
Markdown Quota,10.0,2.0,success,False,2026-08-21T00:32:08.971513+09:00
Markdown Radar,,,failed,False,2026-08-17T20:38:13.537846+09:00
Markdown Rail,,,failed,False,2026-08-17T21:37:08.932405+09:00
Markdown Rank,,,failed,False,2026-08-28T00:49:13.140044+09:00
Markdown Rate,70.0,0.0,success,False,2026-08-19T20:46:49.166137+09:00
Markdown Recap,,,failed,False,2026-08-21T01:06:21.603341+09:00
Markdown Receipt,,,failed,False,2026-08-19T21:49:41.666387+09:00
Markdown Recorder,,,failed,False,2026-08-27T23:36:36.607319+09:00
Markdown Redemption,,,failed,False,2026-08-23T16:39:14.026032+09:00
Markdown Register,,,failed,False,2026-08-17T23:14:36.904616+09:00
Markdown Registry,,,failed,False,2026-08-18T22:04:38.583463+09:00
Markdown Relay,,,failed,False,2026-08-17T20:37:18.091212+09:00
Markdown Reminder,,,failed,False,2026-08-19T21:32:42.554846+09:00
Markdown Report,170.0,1.0,success,False,2026-08-19T13:28:31.111585+09:00
Markdown Result,,,failed,False,2026-08-28T00:49:13.140044+09:00
Markdown Roadmap,30.0,0.0,success,False,2026-08-18T22:05:27.658262+09:00
Markdown Roster,,,failed,False,2026-08-19T00:37:39.570439+09:00
Markdown Route,,,failed,False,2026-08-17T21:39:57.727763+09:00
Markdown Rule,480.0,6.0,success,False,2026-08-23T03:16:39.334057+09:00
Markdown Sale,170.0,22.0,success,False,2026-08-21T02:30:33.788820+09:00
Markdown Sample,480.0,1.0,success,False,2026-08-19T21:50:54.613076+09:00
Markdown Scale,,,failed,False,2026-08-17T21:41:47.180143+09:00
Markdown Scanner,,,failed,False,2026-08-27T23:58:58.371988+09:00
Markdown Scheduler,,,failed,False,2026-08-17T23:30:14.406427+09:00
Markdown Scope,,,failed,False,2026-08-17T21:37:46.877382+09:00
Markdown Score,,,failed,False,2026-08-19T13:29:46.780078+09:00
Markdown Sentry,,,failed,False,2026-08-17T20:47:07.356899+09:00
Markdown Sheet,210.0,4.0,success,False,2026-08-19T13:29:15.231319+09:00
Markdown Shortfall,,,failed,False,2026-08-27T21:48:40.249889+09:00
Markdown Signal,10.0,0.0,success,False,2026-08-17T21:41:16.664514+09:00
Markdown Signature,,,failed,False,2026-08-23T13:27:20.193084+09:00
Markdown Slip,,,failed,False,2026-08-19T21:50:44.390054+09:00
Markdown Slot,,,failed,False,2026-08-19T21:51:05.479286+09:00
Markdown Snapshot,,,failed,False,2026-08-18T22:04:18.397619+09:00
Markdown Stage,,,failed,False,2026-08-28T00:49:09.988603+09:00
Markdown Stamp,,,failed,False,2026-08-23T13:27:25.869179+09:00
Markdown Statement,,,failed,False,2026-08-21T00:31:41.208752+09:00
Markdown Station,,,failed,False,2026-08-17T20:38:37.912313+09:00
Markdown Status,10.0,3.0,success,False,2026-08-19T20:46:21.996527+09:00
Markdown Studio,90.0,0.0,success,False,2026-08-17T20:40:27.760312+09:00
Markdown Suite,,,failed,False,2026-08-17T23:29:41.239949+09:00
Markdown Sum,30.0,0.0,success,False,2026-08-21T02:30:21.260254+09:00
Markdown Summary,210.0,1.0,success,False,2026-08-19T21:32:38.095873+09:00
Markdown Surtax,,,failed,False,2026-08-23T15:51:51.217465+09:00
Markdown Sync,10.0,0.0,success,False,2026-08-17T20:42:19.428112+09:00
Markdown Table,49500.0,3.0,success,False,2026-08-19T21:50:21.596797+09:00
Markdown Tag,880.0,2.0,success,False,2026-08-19T13:30:05.934954+09:00
Markdown Tally,,,failed,False,2026-08-21T00:31:49.661501+09:00
Markdown Tariff,,,failed,False,2026-08-21T02:37:01.944995+09:00
Markdown Tax,,,failed,False,2026-08-21T02:14:07.166822+09:00
Markdown Ticket,,,failed,False,2026-08-19T21:03:38.962662+09:00
Markdown Tier,,,failed,False,2026-08-28T00:49:13.140044+09:00
Markdown Timeline,320.0,0.0,success,False,2026-08-19T21:32:39.944567+09:00
Markdown Timer,,,failed,False,2026-08-28T00:27:31.291174+09:00
Markdown Token,,,failed,False,2026-08-23T13:27:16.161149+09:00
Markdown Toll,,,failed,False,2026-08-21T02:36:50.213443+09:00
Markdown Toolbox,30.0,2.0,success,False,2026-08-28T00:27:35.071119+09:00
Markdown Toolkit,,,failed,False,2026-08-18T22:03:44.456415+09:00
Markdown Total,,,failed,False,2026-08-27T23:15:43.697016+09:00
Markdown Tracker,,,failed,False,2026-08-17T20:43:16.751377+09:00
Markdown Trail,,,failed,False,2026-08-17T21:36:10.133574+09:00
Markdown Trend,,,failed,False,2026-08-28T01:01:32.188675+09:00
Markdown Trial,,,failed,False,2026-08-27T21:17:31.626510+09:00
Markdown Unit,,,failed,False,2026-08-21T01:57:52.664433+09:00
Markdown Update,,,failed,False,2026-08-19T20:46:58.036522+09:00
Markdown Value,10.0,2.0,success,False,2026-08-23T02:52:56.566002+09:00
Markdown Vault,30.0,0.0,success,False,2026-08-17T20:36:18.497930+09:00
Markdown Version,70.0,2.0,success,False,2026-08-23T03:16:29.353172+09:00
Markdown View,40500.0,1.0,success,False,2026-08-19T20:46:27.543041+09:00
Markdown Voucher,,,failed,False,2026-08-21T00:31:19.573899+09:00
Markdown Watch,,,failed,False,2026-08-17T21:39:09.779186+09:00
Markdown Wave,,,failed,False,2026-08-17T21:33:28.260657+09:00
Markdown Workbench,,,failed,False,2026-08-18T22:03:23.896977+09:00
Markdown Worksheet,,,failed,False,2026-08-27T22:12:55.481525+09:00
Markdown Zone,10.0,0.0,success,False,2026-08-17T20:35:51.368204+09:00
Masterkey Advance,,,failed,False,2026-08-23T16:13:58.601282+09:00
Masterkey Advisory,,,failed,False,2026-08-21T01:08:04.647718+09:00
Masterkey Allowance,,,failed,False,2026-08-21T02:37:42.077569+09:00
Masterkey Almanac,,,failed,False,2026-08-18T23:51:31.690554+09:00
Masterkey Analyzer,,,failed,False,2026-08-27T23:57:10.397260+09:00
Masterkey Anchor,,,failed,False,2026-08-18T22:03:21.744324+09:00
Masterkey Arrears,,,failed,False,2026-08-23T16:13:58.601282+09:00
Masterkey Assistant,,,failed,False,2026-08-18T22:10:12.310168+09:00
Masterkey Atlas,,,failed,False,2026-08-18T22:09:25.652147+09:00
Masterkey Badge,,,failed,False,2026-08-21T00:34:32.979761+09:00
Masterkey Base,0.0,,success,False,2026-08-18T22:05:50.321080+09:00
Masterkey Beacon,,,failed,False,2026-08-18T22:02:38.118746+09:00
Masterkey Bill,,,failed,False,2026-08-19T21:57:41.163401+09:00
Masterkey Blueprint,,,failed,False,2026-08-18T23:51:31.690554+09:00
Masterkey Board,,,failed,False,2026-08-18T22:06:16.619003+09:00
Masterkey Book,480.0,18.0,success,False,2026-08-19T21:58:30.244900+09:00
Masterkey Bridge,,,failed,False,2026-08-18T22:03:09.558659+09:00
Masterkey Brief,,,failed,False,2026-08-21T01:07:56.327187+09:00
Masterkey Bulletin,,,failed,False,2026-08-21T01:07:51.915989+09:00
Masterkey Cabinet,,,failed,False,2026-08-27T23:14:21.600576+09:00
Masterkey Calculator,,,failed,False,2026-08-27T23:35:16.240815+09:00
Masterkey Calendar,,,failed,False,2026-08-19T00:04:03.544716+09:00
Masterkey Card,,,failed,False,2026-08-19T13:42:19.343176+09:00
Masterkey Cascade,,,failed,False,2026-08-18T22:02:59.013018+09:00
Masterkey Cash,,,failed,False,2026-08-21T02:21:14.623269+09:00
Masterkey Cashback,,,failed,False,2026-08-27T21:16:23.936714+09:00
Masterkey Catalog,,,failed,False,2026-08-19T21:13:34.097161+09:00
Masterkey Category,,,failed,False,2026-08-23T13:06:13.755843+09:00
Masterkey Center,,,failed,False,2026-08-18T22:07:09.458547+09:00
Masterkey Chain,,,failed,False,2026-08-18T22:08:45.047635+09:00
Masterkey Charge,,,failed,False,2026-08-21T02:37:27.000959+09:00
Masterkey Check,,,failed,False,2026-08-19T13:20:54.330811+09:00
Masterkey Checker,,,failed,False,2026-08-27T23:57:04.136942+09:00
Masterkey Checklist,,,failed,False,2026-08-19T21:12:35.619378+09:00
Masterkey Circular,,,failed,False,2026-08-21T01:07:58.607843+09:00
Masterkey Cockpit,,,failed,False,2026-08-18T22:11:09.923371+09:00
Masterkey Code,,,failed,False,2026-08-19T21:58:02.735072+09:00
Masterkey Codex,,,failed,False,2026-08-18T23:51:31.690554+09:00
Masterkey Companion,,,failed,False,2026-08-18T22:11:37.206712+09:00
Masterkey Comparison,,,failed,False,2026-08-28T01:07:32.974301+09:00
Masterkey Compass,,,failed,False,2026-08-18T22:02:28.338577+09:00
Masterkey Compendium,,,failed,False,2026-08-18T23:51:34.443590+09:00
Masterkey Confirmation,,,failed,False,2026-08-21T01:08:10.104042+09:00
Masterkey Console,,,failed,False,2026-08-18T22:07:36.107745+09:00
Masterkey Contribution,,,failed,False,2026-08-23T16:13:55.875301+09:00
Masterkey Core,,,failed,False,2026-08-18T22:05:59.558657+09:00
Masterkey Cost,,,failed,False,2026-08-21T02:15:15.095648+09:00
Masterkey Count,,,failed,False,2026-08-27T22:48:58.866644+09:00
Masterkey Counter,,,failed,False,2026-08-19T00:04:44.561310+09:00
Masterkey Coupon,,,failed,False,2026-08-27T21:16:21.669078+09:00
Masterkey Dashboard,,,failed,False,2026-08-18T22:11:16.114719+09:00
Masterkey Deal,,,failed,False,2026-08-21T01:59:29.977509+09:00
Masterkey Debt,,,failed,False,2026-08-21T02:21:02.332570+09:00
Masterkey Deck,,,failed,False,2026-08-18T22:06:25.984558+09:00
Masterkey Depot,,,failed,False,2026-08-19T00:04:35.680723+09:00
Masterkey Desk,,,failed,False,2026-08-18T23:51:34.443590+09:00
Masterkey Detail,,,failed,False,2026-08-23T03:16:51.782987+09:00
Masterkey Diagram,,,failed,False,2026-08-27T22:11:07.504968+09:00
Masterkey Dial,,,failed,False,2026-08-18T22:07:51.533580+09:00
Masterkey Digest,70.0,0.0,success,False,2026-08-19T20:41:13.496418+09:00
Masterkey Directory,,,failed,False,2026-08-19T00:04:11.501446+09:00
Masterkey Discount,,,failed,False,2026-08-23T16:13:47.418622+09:00
Masterkey Dock,,,failed,False,2026-08-18T22:08:21.500006+09:00
Masterkey Dossier,,,failed,False,2026-08-21T01:08:15.676788+09:00
Masterkey Downpayment,,,failed,False,2026-08-27T21:47:32.265892+09:00
Masterkey Draft,,,failed,False,2026-08-19T20:41:30.953351+09:00
Masterkey Due,,,failed,False,2026-08-23T15:51:36.784233+09:00
Masterkey Duty,,,failed,False,2026-08-21T02:37:31.175739+09:00
Masterkey Engine,,,failed,False,2026-08-18T22:10:06.625362+09:00
Masterkey Entry,,,failed,False,2026-08-21T01:08:29.808950+09:00
Masterkey Estimate,,,failed,False,2026-08-19T21:13:23.011051+09:00
Masterkey Excerpt,,,failed,False,2026-08-21T01:08:25.718288+09:00
Masterkey Fare,,,failed,False,2026-08-21T02:15:23.867854+09:00
Masterkey Fee,,,failed,False,2026-08-21T01:59:20.402285+09:00
Masterkey Feed,,,failed,False,2026-08-19T20:41:20.028487+09:00
Masterkey File,,,failed,False,2026-08-19T20:40:35.383963+09:00
Masterkey Finder,,,failed,False,2026-08-19T00:04:28.645558+09:00
Masterkey Fine,,,failed,False,2026-08-23T02:53:19.802959+09:00
Masterkey Flag,,,failed,False,2026-08-21T00:35:01.453915+09:00
Masterkey Flow,,,failed,False,2026-08-18T23:51:34.443590+09:00
Masterkey Forge,,,failed,False,2026-08-18T22:02:48.638128+09:00
Masterkey Form,,,failed,False,2026-08-19T13:42:11.114118+09:00
Masterkey Frame,,,failed,False,2026-08-18T22:05:42.226060+09:00
Masterkey Fund,,,failed,False,2026-08-21T02:21:11.057858+09:00
Masterkey Gate,,,failed,False,2026-08-18T22:09:11.269372+09:00
Masterkey Generator,170.0,0.0,success,False,2026-08-27T23:35:20.435817+09:00
Masterkey Giveaway,,,failed,False,2026-08-27T21:16:28.518091+09:00
Masterkey Grade,,,failed,False,2026-08-21T00:34:53.693924+09:00
Masterkey Graph,,,failed,False,2026-08-27T22:10:59.501612+09:00
Masterkey Grid,,,failed,False,2026-08-18T22:04:25.779407+09:00
Masterkey Guarantee,,,failed,False,2026-08-28T01:07:38.587205+09:00
Masterkey Guard,,,failed,False,2026-08-18T23:51:34.443590+09:00
Masterkey Guardian,,,failed,False,2026-08-28T00:26:14.926541+09:00
Masterkey Guidebook,,,failed,False,2026-08-18T23:51:34.443590+09:00
Masterkey Helpdesk,,,failed,False,2026-08-27T22:48:58.866644+09:00
Masterkey Helper,,,failed,False,2026-08-28T00:26:17.382290+09:00
Masterkey History,,,failed,False,2026-08-19T20:40:26.363458+09:00
Masterkey Hotline,,,failed,False,2026-08-19T21:13:46.122895+09:00
Masterkey Hub,,,failed,False,2026-08-18T23:51:34.443590+09:00
Masterkey Identifier,,,failed,False,2026-08-23T13:06:10.168774+09:00
Masterkey Incentive,,,failed,False,2026-08-27T21:16:26.164499+09:00
Masterkey Index,,,failed,False,2026-08-19T21:12:47.142527+09:00
Masterkey Insight,,,failed,False,2026-08-18T22:10:53.801114+09:00
Masterkey Installment,,,failed,False,2026-08-23T16:13:52.514202+09:00
Masterkey Item,,,failed,False,2026-08-21T01:59:23.001944+09:00
Masterkey Journal,,,failed,False,2026-08-18T22:12:23.623332+09:00
Masterkey Keeper,,,failed,False,2026-08-18T22:09:42.242317+09:00
Masterkey Kit,,,failed,False,2026-08-27T22:48:56.292769+09:00
Masterkey Lab,,,failed,False,2026-08-18T22:06:45.698700+09:00
Masterkey Label,,,failed,False,2026-08-27T22:11:01.897181+09:00
Masterkey Ledger,,,failed,False,2026-08-18T22:06:07.690995+09:00
Masterkey Lens,,,failed,False,2026-08-18T22:05:33.744970+09:00
Masterkey Level,,,failed,False,2026-08-19T20:40:40.887904+09:00
Masterkey Link,,,failed,False,2026-08-23T03:16:44.260724+09:00
Masterkey List,,,failed,False,2026-08-19T21:58:11.207870+09:00
Masterkey Loan,,,failed,False,2026-08-21T02:15:26.957875+09:00
Masterkey Locator,,,failed,False,2026-08-19T00:04:20.197700+09:00
Masterkey Lock,2900.0,41.0,success,False,2026-08-18T22:05:15.577232+09:00
Masterkey Log,,,failed,False,2026-08-19T13:41:59.783078+09:00
Masterkey Loop,,,failed,False,2026-08-18T22:04:15.026557+09:00
Masterkey Manager,,,failed,False,2026-08-18T22:09:49.300650+09:00
Masterkey Manual,,,failed,False,2026-08-27T22:11:01.897181+09:00
Masterkey Map,,,failed,False,2026-08-18T22:05:23.943754+09:00
Masterkey Markup,,,failed,False,2026-08-23T16:38:44.785975+09:00
Masterkey Memo,,,failed,False,2026-08-21T00:34:57.023815+09:00
Masterkey Message,,,failed,False,2026-08-27T23:14:15.197354+09:00
Masterkey Meter,,,failed,False,2026-08-18T22:07:58.079048+09:00
Masterkey Metrics,,,failed,False,2026-08-18T22:11:01.803326+09:00
Masterkey Monitor,,,failed,False,2026-08-18T22:10:45.324652+09:00
Masterkey Navigator,,,failed,False,2026-08-18T22:11:27.427914+09:00
Masterkey Nexus,,,failed,False,2026-08-18T22:09:17.362565+09:00
Masterkey Node,,,failed,False,2026-08-18T22:09:03.479922+09:00
Masterkey Note,,,failed,False,2026-08-19T13:21:44.122863+09:00
Masterkey Notification,,,failed,False,2026-08-27T22:48:56.292769+09:00
Masterkey Number,,,failed,False,2026-08-23T03:16:31.986562+09:00
Masterkey Office,,,failed,False,2026-08-19T00:04:39.958803+09:00
Masterkey Ops,,,failed,False,2026-08-18T22:11:53.253087+09:00
Masterkey Order,,,failed,False,2026-08-19T21:57:27.705045+09:00
Masterkey Organizer,,,failed,False,2026-08-18T22:10:36.115087+09:00
Masterkey Overage,,,failed,False,2026-08-27T21:47:29.918815+09:00
Masterkey Overdue,,,failed,False,2026-08-27T21:47:24.586892+09:00
Masterkey Panel,,,failed,False,2026-08-18T22:07:42.473360+09:00
Masterkey Pass,,,failed,False,2026-08-21T00:34:25.670499+09:00
Masterkey Path,,,failed,False,2026-08-18T22:04:56.544925+09:00
Masterkey Payoff,,,failed,False,2026-08-27T21:47:27.442070+09:00
Masterkey Penalty,,,failed,False,2026-08-23T16:38:42.507764+09:00
Masterkey Petition,,,failed,False,2026-08-21T01:08:06.645069+09:00
Masterkey Pilot,,,failed,False,2026-08-18T23:51:34.443590+09:00
Masterkey Plan,,,failed,False,2026-08-21T02:05:51.453888+09:00
Masterkey Planner,,,failed,False,2026-08-18T22:10:20.360888+09:00
Masterkey Playbook,,,failed,False,2026-08-18T22:12:17.661018+09:00
Masterkey Point,,,failed,False,2026-08-18T22:05:06.428384+09:00
Masterkey Portal,,,failed,False,2026-08-18T22:07:26.351718+09:00
Masterkey Preview,,,failed,False,2026-08-28T01:07:35.564975+09:00
Masterkey Profile,,,failed,False,2026-08-19T13:22:13.329978+09:00
Masterkey Profit,,,failed,False,2026-08-23T02:53:08.936462+09:00
Masterkey Proposal,,,failed,False,2026-08-28T01:07:38.587205+09:00
Masterkey Pulse,,,failed,False,2026-08-18T22:04:36.606049+09:00
Masterkey Queue,,,failed,False,2026-08-19T21:13:11.253613+09:00
Masterkey Radar,,,failed,False,2026-08-18T23:51:34.443590+09:00
Masterkey Rail,,,failed,False,2026-08-18T22:08:28.742242+09:00
Masterkey Rate,,,failed,False,2026-08-19T20:40:49.478840+09:00
Masterkey Recap,,,failed,False,2026-08-21T01:08:20.285219+09:00
Masterkey Receipt,,,failed,False,2026-08-19T21:57:51.707228+09:00
Masterkey Recorder,,,failed,False,2026-08-27T23:35:20.435817+09:00
Masterkey Register,,,failed,False,2026-08-18T22:11:43.174107+09:00
Masterkey Registry,,,failed,False,2026-08-18T23:51:34.443590+09:00
Masterkey Relay,,,failed,False,2026-08-18T23:51:34.443590+09:00
Masterkey Reminder,,,failed,False,2026-08-19T21:12:26.316955+09:00
Masterkey Report,,,failed,False,2026-08-19T13:41:47.769675+09:00
Masterkey Repository,,,failed,False,2026-08-27T23:14:27.057874+09:00
Masterkey Ring,,,failed,False,2026-08-18T22:08:54.791738+09:00
Masterkey Roadmap,,,failed,False,2026-08-18T23:51:34.443590+09:00
Masterkey Roster,,,failed,False,2026-08-19T00:37:32.560227+09:00
Masterkey Route,,,failed,False,2026-08-18T22:08:12.988621+09:00
Masterkey Rule,,,failed,False,2026-08-23T03:16:47.860821+09:00
Masterkey Sale,,,failed,False,2026-08-21T02:21:16.859864+09:00
Masterkey Sample,,,failed,False,2026-08-19T21:58:48.612097+09:00
Masterkey Scale,,,failed,False,2026-08-18T22:08:07.311207+09:00
Masterkey Scanner,,,failed,False,2026-08-27T23:57:04.136942+09:00
Masterkey Scheduler,,,failed,False,2026-08-18T22:10:30.545293+09:00
Masterkey Schematic,,,failed,False,2026-08-27T22:28:53.992967+09:00
Masterkey Scope,,,failed,False,2026-08-18T22:04:03.001846+09:00
Masterkey Score,,,failed,False,2026-08-19T13:21:11.802983+09:00
Masterkey Sentry,,,failed,False,2026-08-18T22:09:34.112352+09:00
Masterkey Sheet,,,failed,False,2026-08-19T13:42:33.755752+09:00
Masterkey Shortfall,,,failed,False,2026-08-27T21:47:35.080437+09:00
Masterkey Signal,,,failed,False,2026-08-18T22:03:32.090956+09:00
Masterkey Slip,,,failed,False,2026-08-19T21:58:39.226398+09:00
Masterkey Slot,10.0,,success,False,2026-08-19T21:58:59.534733+09:00
Masterkey Snapshot,,,failed,False,2026-08-18T23:51:34.443590+09:00
Masterkey Stake,,,failed,False,2026-08-23T02:53:14.872547+09:00
Masterkey Statement,,,failed,False,2026-08-21T00:34:42.810397+09:00
Masterkey Station,,,failed,False,2026-08-18T22:06:52.142585+09:00
Masterkey Status,,,failed,False,2026-08-19T20:40:08.745376+09:00
Masterkey Stub,,,failed,False,2026-08-21T00:34:38.752919+09:00
Masterkey Studio,110.0,1.0,success,False,2026-08-18T22:06:37.464016+09:00
Masterkey Suite,,,failed,False,2026-08-18T22:09:58.381010+09:00
Masterkey Sum,,,failed,False,2026-08-21T02:21:00.139536+09:00
Masterkey Summary,,,failed,False,2026-08-19T21:12:04.004296+09:00
Masterkey Sync,,,failed,False,2026-08-18T23:51:34.443590+09:00
Masterkey Table,,,failed,False,2026-08-19T21:58:22.475915+09:00
Masterkey Tag,,,failed,False,2026-08-19T13:21:58.772541+09:00
Masterkey Tally,,,failed,False,2026-08-21T00:34:47.254019+09:00
Masterkey Tariff,,,failed,False,2026-08-21T02:37:45.273746+09:00
Masterkey Tax,,,failed,False,2026-08-21T02:15:23.867854+09:00
Masterkey Terminal,,,failed,False,2026-08-18T22:07:01.170489+09:00
Masterkey Ticket,,,failed,False,2026-08-19T21:12:57.141262+09:00
Masterkey Timeline,,,failed,False,2026-08-19T21:12:15.731161+09:00
Masterkey Toll,,,failed,False,2026-08-21T02:37:35.054521+09:00
Masterkey Toolbox,,,failed,False,2026-08-28T00:26:14.926541+09:00
Masterkey Toolkit,,,failed,False,2026-08-18T22:12:10.821921+09:00
Masterkey Total,,,failed,False,2026-08-27T23:14:19.159911+09:00
Masterkey Tracker,,,failed,False,2026-08-18T23:51:34.443590+09:00
Masterkey Trail,,,failed,False,2026-08-18T22:08:36.440640+09:00
Masterkey Trend,,,failed,False,2026-08-28T01:07:32.974301+09:00
Masterkey Trial,,,failed,False,2026-08-27T21:16:23.936714+09:00
Masterkey Unit,,,failed,False,2026-08-21T01:59:26.364386+09:00
Masterkey Update,,,failed,False,2026-08-19T20:41:03.972806+09:00
Masterkey Value,,,failed,False,2026-08-23T02:53:11.692862+09:00
Masterkey Vault,,,failed,False,2026-08-18T23:51:34.443590+09:00
Masterkey Version,,,failed,False,2026-08-23T03:16:36.835162+09:00
Masterkey View,,,failed,False,2026-08-19T20:40:20.062336+09:00
Masterkey Voucher,,,failed,False,2026-08-21T00:34:30.806569+09:00
Masterkey Watch,,,failed,False,2026-08-18T22:03:53.517132+09:00
Masterkey Wave,,,failed,False,2026-08-18T22:04:44.992531+09:00
Masterkey Widget,,,failed,False,2026-08-27T23:14:21.600576+09:00
Masterkey Workbench,,,failed,False,2026-08-18T22:12:02.089704+09:00
Masterkey Worksheet,,,failed,False,2026-08-27T22:11:05.293773+09:00
Masterkey Workshop,,,failed,False,2026-08-28T00:26:12.300765+09:00
Masterkey Zone,,,failed,False,2026-08-18T22:07:18.676319+09:00
Material Advance,33100.0,15.0,success,False,2026-08-23T16:11:40.333627+09:00
Material Advisory,,,failed,False,2026-08-21T01:02:52.646086+09:00
Material Allowance,50.0,0.0,success,False,2026-08-21T02:43:14.426169+09:00
Material Almanac,,,failed,False,2026-08-18T22:05:44.090365+09:00
Material Analyzer,90.0,57.0,success,False,2026-08-27T23:54:30.615711+09:00
Material Anchor,20.0,1.0,success,False,2026-08-17T20:34:22.385109+09:00
Material Arrears,,,failed,False,2026-08-23T16:11:40.333627+09:00
Material Asset,480.0,1.0,success,False,2026-08-23T13:48:38.413472+09:00
Material Assistant,390.0,0.0,success,False,2026-08-17T23:14:35.084674+09:00
Material Atlas,210.0,30.0,success,False,2026-08-17T21:33:56.834131+09:00
Material Attribute,20.0,0.0,success,False,2026-08-23T13:09:32.906091+09:00
Material Badge,720.0,9.0,success,False,2026-08-21T00:27:57.987466+09:00
Material Balance,8100.0,2.0,success,False,2026-08-23T13:48:38.413472+09:00
Material Base,880.0,1.0,success,False,2026-08-17T21:30:02.792774+09:00
Material Beacon,,,failed,False,2026-08-17T20:38:08.924079+09:00
Material Bill,33100.0,3.0,success,False,2026-08-19T22:07:21.096531+09:00
Material Bin,590.0,100.0,success,False,2026-08-19T12:22:54.076804+09:00
Material Blueprint,20.0,0.0,success,False,2026-08-18T22:05:33.744970+09:00
Material Board,4400.0,7.0,success,False,2026-08-17T20:45:32.525368+09:00
Material Book,1300.0,17.0,success,False,2026-08-19T21:46:20.188818+09:00
Material Bridge,720.0,2.0,success,False,2026-08-17T20:35:18.626237+09:00
Material Brief,,,failed,False,2026-08-21T01:01:44.513558+09:00
Material Bulletin,70.0,18.0,success,False,2026-08-21T01:01:41.528292+09:00
Material Cabinet,1600.0,90.0,success,False,2026-08-27T23:12:02.088858+09:00
Material Calculator,5400.0,6.0,success,False,2026-08-27T23:33:49.410538+09:00
Material Calendar,1600.0,2.0,success,False,2026-08-19T00:05:16.956026+09:00
Material Card,1900.0,6.0,success,False,2026-08-19T13:29:15.231319+09:00
Material Cascade,,,failed,False,2026-08-17T20:36:14.881787+09:00
Material Cash,,,failed,False,2026-08-21T02:27:26.146379+09:00
Material Cashback,,,failed,False,2026-08-27T21:14:11.708321+09:00
Material Category,320.0,0.0,success,False,2026-08-23T13:09:30.268446+09:00
Material Center,480.0,1.0,success,False,2026-08-17T20:40:24.654920+09:00
Material Chain,50.0,12.0,success,False,2026-08-17T21:39:44.948189+09:00
Material Charge,390.0,1.0,success,False,2026-08-21T02:43:04.921789+09:00
Material Check,390.0,5.0,success,False,2026-08-19T13:29:43.800182+09:00
Material Checker,390.0,5.0,success,False,2026-08-27T23:54:23.137775+09:00
Material Circular,590.0,2.0,success,False,2026-08-21T01:01:49.387114+09:00
Material Cockpit,,,failed,False,2026-08-17T23:32:28.634296+09:00
Material Code,1300.0,0.0,success,True,2026-08-19T22:07:52.466558+09:00
Material Codex,10.0,0.0,success,False,2026-08-18T22:05:59.558657+09:00
Material Companion,20.0,0.0,success,False,2026-08-17T23:12:34.850967+09:00
Material Comparison,320.0,2.0,success,False,2026-08-28T01:05:03.424573+09:00
Material Compass,40.0,0.0,success,False,2026-08-17T20:39:05.666395+09:00
Material Compendium,30.0,0.0,success,False,2026-08-18T22:05:52.087342+09:00
Material Confirmation,30.0,0.0,success,False,2026-08-21T01:02:09.128989+09:00
Material Console,,,failed,False,2026-08-17T20:37:45.876313+09:00
Material Converter,90.0,1.0,success,False,2026-08-27T23:33:49.410538+09:00
Material Core,70.0,0.0,success,False,2026-08-17T20:47:39.394205+09:00
Material Cost,4400.0,0.0,success,True,2026-08-21T02:11:15.261095+09:00
Material Count,170.0,6.0,success,False,2026-08-27T22:46:42.853394+09:00
Material Counter,170.0,6.0,success,False,2026-08-18T23:57:26.188855+09:00
Material Coupon,90.0,0.0,success,False,2026-08-27T21:14:09.355453+09:00
Material Dashboard,1600.0,7.0,success,False,2026-08-17T23:05:30.117127+09:00
Material Deal,10.0,0.0,success,False,2026-08-21T01:55:33.628108+09:00
Material Debt,10.0,0.0,success,False,2026-08-21T02:27:17.411779+09:00
Material Deck,12100.0,100.0,success,False,2026-08-17T20:44:27.303320+09:00
Material Depot,14800.0,46.0,success,False,2026-08-18T23:57:00.632523+09:00
Material Desk,320.0,71.0,success,False,2026-08-17T20:42:16.988485+09:00
Material Detail,880.0,9.0,success,False,2026-08-23T03:23:07.645674+09:00
Material Detector,260.0,95.0,success,False,2026-08-27T23:54:27.974840+09:00
Material Diagram,260.0,0.0,success,False,2026-08-27T22:08:24.051026+09:00
Material Dial,,,failed,False,2026-08-17T20:35:48.969093+09:00
Material Digest,,,failed,False,2026-08-19T20:46:21.996527+09:00
Material Directory,20.0,1.0,success,False,2026-08-19T00:05:21.948366+09:00
Material Discount,320.0,87.0,success,False,2026-08-23T16:11:34.314985+09:00
Material Dock,20.0,1.0,success,False,2026-08-17T20:31:44.848533+09:00
Material Dossier,,,failed,False,2026-08-21T01:02:11.159896+09:00
Material Downpayment,,,failed,False,2026-08-27T21:46:18.010185+09:00
Material Draft,,,failed,False,2026-08-19T20:46:33.393422+09:00
Material Due,,,failed,False,2026-08-23T15:50:16.987712+09:00
Material Duty,20.0,0.0,success,False,2026-08-21T02:43:07.410836+09:00
Material Engine,260.0,0.0,success,False,2026-08-17T23:31:19.808791+09:00
Material Entry,110.0,0.0,success,False,2026-08-21T01:03:06.374945+09:00
Material Estimate,480.0,7.0,success,False,2026-08-19T21:32:26.609245+09:00
Material Estimator,210.0,52.0,success,False,2026-08-27T23:54:23.137775+09:00
Material Excerpt,,,failed,False,2026-08-21T01:03:04.478545+09:00
Material Extension,210.0,1.0,success,False,2026-08-23T16:37:31.309501+09:00
Material Fare,,,failed,False,2026-08-21T02:11:23.948204+09:00
Material Fee,210.0,0.0,success,False,2026-08-21T01:55:09.652280+09:00
Material Feed,260.0,100.0,success,False,2026-08-19T20:46:27.543041+09:00
Material Field,1000.0,3.0,success,False,2026-08-23T13:09:32.906091+09:00
Material File,4400.0,0.0,success,True,2026-08-19T20:46:04.507912+09:00
Material Finder,110.0,9.0,success,False,2026-08-19T00:05:31.654702+09:00
Material Fine,10.0,0.0,success,False,2026-08-23T02:57:32.152196+09:00
Material Flag,2900.0,100.0,success,False,2026-08-21T00:28:49.114338+09:00
Material Flow,1600.0,9.0,success,False,2026-08-17T20:44:58.380838+09:00
Material Forge,20.0,0.0,success,False,2026-08-17T20:37:15.920679+09:00
Material Form,480.0,2.0,success,False,2026-08-19T13:29:00.478751+09:00
Material Format,70.0,0.0,success,False,2026-08-23T13:09:35.316031+09:00
Material Frame,110.0,29.0,success,False,2026-08-17T21:31:11.680234+09:00
Material Fund,40.0,6.0,success,False,2026-08-21T02:27:23.796384+09:00
Material Gate,1000.0,12.0,success,False,2026-08-17T21:36:05.315924+09:00
Material Giveaway,10.0,0.0,success,False,2026-08-27T21:14:16.452058+09:00
Material Grade,,,failed,False,2026-08-21T00:28:26.135871+09:00
Material Graph,140.0,0.0,success,False,2026-08-27T22:08:10.673360+09:00
Material Grid,480.0,3.0,success,False,2026-08-17T21:41:12.952922+09:00
Material Guarantee,20.0,0.0,success,False,2026-08-28T01:05:08.626878+09:00
Material Guard,10.0,26.0,success,False,2026-08-17T20:48:21.583177+09:00
Material Guardian,10.0,0.0,success,False,2026-08-28T00:24:14.921300+09:00
Material Guidebook,,,failed,False,2026-08-18T22:05:15.577232+09:00
Material Helpdesk,,,failed,False,2026-08-27T22:46:42.853394+09:00
Material Helper,50.0,0.0,success,False,2026-08-28T00:24:17.222604+09:00
Material History,390.0,0.0,success,False,2026-08-19T20:45:56.516624+09:00
Material Hub,2900.0,0.0,success,True,2026-08-17T20:44:07.827451+09:00
Material Identifier,1000.0,5.0,success,False,2026-08-23T13:09:27.676904+09:00
Material Incentive,210.0,0.0,success,False,2026-08-27T21:14:16.452058+09:00
Material Index,1900.0,8.0,success,False,2026-08-19T21:32:10.645735+09:00
Material Insight,110.0,1.0,success,False,2026-08-17T23:32:15.494443+09:00
Material Installment,,,failed,False,2026-08-23T16:11:37.487376+09:00
Material Item,720.0,0.0,success,False,2026-08-21T01:55:13.516814+09:00
Material Journal,2400.0,61.0,success,False,2026-08-18T22:04:56.544925+09:00
Material Keeper,20.0,0.0,success,False,2026-08-17T21:31:46.266854+09:00
Material Kit,880.0,19.0,success,False,2026-08-27T22:46:36.036918+09:00
Material Lab,2400.0,3.0,success,False,2026-08-17T20:42:46.441273+09:00
Material Label,1000.0,29.0,success,False,2026-08-27T22:08:10.673360+09:00
Material Layout,140.0,0.0,success,False,2026-08-27T22:28:42.749169+09:00
Material Ledger,720.0,0.0,success,False,2026-08-17T20:46:23.888336+09:00
Material Lens,1000.0,62.0,success,False,2026-08-17T21:32:23.259221+09:00
Material Level,170.0,5.0,success,False,2026-08-19T20:46:06.697629+09:00
Material Levy,20.0,0.0,success,False,2026-08-23T13:48:40.375741+09:00
Material Link,110.0,0.0,success,False,2026-08-23T03:23:00.689817+09:00
Material List,9900.0,0.0,success,True,2026-08-19T21:45:58.620929+09:00
Material Loan,70.0,16.0,success,False,2026-08-21T02:11:30.479876+09:00
Material Locator,,,failed,False,2026-08-19T00:05:27.512092+09:00
Material Lock,210.0,0.0,success,False,2026-08-17T21:34:28.165323+09:00
Material Log,90.0,2.0,success,False,2026-08-19T13:28:50.400701+09:00
Material Loop,70.0,5.0,success,False,2026-08-18T07:43:51.559731+09:00
Material Manager,1300.0,2.0,success,False,2026-08-17T21:30:37.005083+09:00
Material Manual,70.0,0.0,success,False,2026-08-27T22:08:16.098998+09:00
Material Map,480.0,1.0,success,False,2026-08-17T21:33:24.629057+09:00
Material Markup,90.0,6.0,success,False,2026-08-23T16:37:28.808486+09:00
Material Memo,70.0,1.0,success,False,2026-08-21T00:28:35.603528+09:00
Material Meter,30.0,37.0,success,False,2026-08-17T20:34:46.285590+09:00
Material Metrics,10.0,0.0,success,False,2026-08-17T23:11:00.543955+09:00
Material Monitor,70.0,2.0,success,False,2026-08-17T23:03:45.434649+09:00
Material Navigator,,,failed,False,2026-08-17T23:32:42.825846+09:00
Material Nexus,390.0,0.0,success,False,2026-08-17T21:35:00.218033+09:00
Material Node,50.0,0.0,success,False,2026-08-17T21:37:02.739524+09:00
Material Note,210.0,4.0,success,False,2026-08-19T13:30:05.934954+09:00
Material Notification,70.0,1.0,success,False,2026-08-27T22:46:32.374827+09:00
Material Number,590.0,3.0,success,False,2026-08-23T03:22:53.557175+09:00
Material Office,90.0,7.0,success,False,2026-08-18T23:57:15.984121+09:00
Material Ops,20.0,9.0,success,False,2026-08-17T23:07:22.346415+09:00
Material Order,480.0,4.0,success,False,2026-08-19T22:07:10.998735+09:00
Material Organizer,140.0,100.0,success,False,2026-08-17T23:31:53.116535+09:00
Material Overdraft,,,failed,False,2026-08-23T15:50:19.459391+09:00
Material Overdue,,,failed,False,2026-08-27T21:46:15.571619+09:00
Material Panel,170.0,50.0,success,False,2026-08-17T20:36:47.157974+09:00
Material Pass,50.0,0.0,success,False,2026-08-21T00:27:42.259289+09:00
Material Path,390.0,100.0,success,False,2026-08-17T21:36:34.713232+09:00
Material Payoff,,,failed,False,2026-08-27T21:46:15.571619+09:00
Material Penalty,10.0,10.0,success,False,2026-08-23T16:37:28.808486+09:00
Material Petition,,,failed,False,2026-08-21T01:02:54.788235+09:00
Material Pilot,50.0,1.0,success,False,2026-08-17T20:43:14.638625+09:00
Material Plan,3600.0,11.0,success,False,2026-08-21T01:55:30.531800+09:00
Material Planner,1900.0,5.0,success,False,2026-08-17T23:31:35.615532+09:00
Material Playbook,70.0,0.0,success,False,2026-08-18T22:04:47.341629+09:00
Material Point,880.0,1.0,success,False,2026-08-17T21:35:30.145341+09:00
Material Portal,70.0,1.0,success,False,2026-08-17T20:38:35.163236+09:00
Material Preview,210.0,1.0,success,False,2026-08-28T01:05:06.027579+09:00
Material Profile,70.0,0.0,success,False,2026-08-19T13:30:39.417389+09:00
Material Profit,20.0,0.0,success,False,2026-08-23T02:57:21.827227+09:00
Material Proposal,70.0,13.0,success,False,2026-08-28T01:05:06.027579+09:00
Material Pulse,,,failed,False,2026-08-17T21:39:02.253193+09:00
Material Quota,,,failed,False,2026-08-21T00:28:42.115555+09:00
Material Radar,,,failed,False,2026-08-17T20:41:33.336783+09:00
Material Rail,40.0,3.0,success,False,2026-08-18T07:52:27.935751+09:00
Material Rate,320.0,0.0,success,False,2026-08-19T20:46:13.766068+09:00
Material Recap,,,failed,False,2026-08-21T01:02:13.283707+09:00
Material Receipt,590.0,9.0,success,False,2026-08-19T22:07:28.246340+09:00
Material Recorder,50.0,0.0,success,False,2026-08-27T23:33:53.153275+09:00
Material Register,320.0,30.0,success,False,2026-08-17T23:32:55.929904+09:00
Material Registry,,,failed,False,2026-08-18T22:05:25.774321+09:00
Material Relay,10.0,0.0,success,False,2026-08-17T20:40:46.604989+09:00
Material Reminder,10.0,0.0,success,False,2026-08-19T21:32:01.105099+09:00
Material Report,210.0,0.0,success,False,2026-08-19T13:28:41.334086+09:00
Material Repository,20.0,0.0,success,False,2026-08-27T23:12:02.088858+09:00
Material Result,70.0,0.0,success,False,2026-08-28T00:47:16.982525+09:00
Material Roadmap,10.0,0.0,success,False,2026-08-18T22:06:09.670880+09:00
Material Roster,70.0,32.0,success,False,2026-08-19T00:38:05.344215+09:00
Material Route,20.0,0.0,success,False,2026-08-17T20:32:55.422953+09:00
Material Rule,20.0,0.0,success,False,2026-08-23T03:23:04.042146+09:00
Material Sale,320.0,74.0,success,False,2026-08-21T02:27:29.296336+09:00
Material Sample,1600.0,23.0,success,False,2026-08-19T21:46:45.064278+09:00
Material Scale,260.0,48.0,success,False,2026-08-17T20:33:59.012811+09:00
Material Scanner,210.0,30.0,success,False,2026-08-27T23:54:25.594721+09:00
Material Scheduler,40.0,8.0,success,False,2026-08-17T23:09:23.779987+09:00
Material Scope,70.0,0.0,success,False,2026-08-18T07:43:41.366664+09:00
Material Score,,,failed,False,2026-08-19T13:29:56.430090+09:00
Material Sentry,,,failed,False,2026-08-17T21:32:57.336519+09:00
Material Sheet,2900.0,91.0,success,False,2026-08-19T13:29:29.454455+09:00
Material Signal,,,failed,False,2026-08-17T20:33:27.108642+09:00
Material Slip,140.0,0.0,success,False,2026-08-19T21:46:33.632095+09:00
Material Slot,110.0,0.0,success,False,2026-08-19T21:46:54.129984+09:00
Material Snapshot,,,failed,False,2026-08-18T22:05:08.323728+09:00
Material Stage,70.0,6.0,success,False,2026-08-28T00:47:16.982525+09:00
Material Stake,,,failed,False,2026-08-23T02:57:27.142882+09:00
Material Statement,140.0,0.0,success,False,2026-08-21T00:28:13.699286+09:00
Material Station,90.0,5.0,success,False,2026-08-17T20:41:57.166662+09:00
Material Status,2900.0,0.0,success,True,2026-08-19T20:45:45.249853+09:00
Material Stub,,,failed,False,2026-08-21T00:28:03.957628+09:00
Material Studio,3600.0,6.0,success,False,2026-08-17T20:43:42.299051+09:00
Material Subsidy,,,failed,False,2026-08-23T15:50:19.459391+09:00
Material Suite,10.0,96.0,success,False,2026-08-17T23:07:39.486562+09:00
Material Sum,,,failed,False,2026-08-21T02:27:13.658425+09:00
Material Summary,90.0,0.0,success,False,2026-08-19T21:31:47.611554+09:00
Material Surtax,,,failed,False,2026-08-23T15:50:23.768923+09:00
Material Sync,,,failed,False,2026-08-17T20:45:54.147634+09:00
Material Tab,1000.0,0.0,success,True,2026-08-21T00:28:56.685784+09:00
Material Table,2400.0,10.0,success,False,2026-08-19T21:46:07.673702+09:00
Material Tag,590.0,55.0,success,False,2026-08-19T13:30:13.142544+09:00
Material Tally,,,failed,False,2026-08-21T00:28:20.735517+09:00
Material Tariff,,,failed,False,2026-08-21T02:43:16.744782+09:00
Material Tax,30.0,1.0,success,False,2026-08-21T02:11:27.429616+09:00
Material Ticket,30.0,0.0,success,False,2026-08-19T21:32:17.835679+09:00
Material Tier,,,failed,False,2026-08-28T00:47:20.872913+09:00
Material Timeline,50.0,1.0,success,False,2026-08-19T21:31:54.531543+09:00
Material Timer,390.0,0.0,success,False,2026-08-28T00:24:12.580711+09:00
Material Toll,,,failed,False,2026-08-21T02:43:10.515094+09:00
Material Toolbox,50.0,55.0,success,False,2026-08-28T00:24:17.222604+09:00
Material Toolkit,10.0,0.0,success,False,2026-08-18T22:04:36.606049+09:00
Material Total,50.0,1.0,success,False,2026-08-27T23:11:52.510647+09:00
Material Tracker,590.0,13.0,success,False,2026-08-17T20:47:00.954455+09:00
Material Trail,110.0,24.0,success,False,2026-08-17T21:41:42.015478+09:00
Material Trend,70.0,1.0,success,False,2026-08-28T01:05:00.784184+09:00
Material Trial,170.0,0.0,success,False,2026-08-27T21:14:11.708321+09:00
Material Unit,110.0,0.0,success,False,2026-08-21T01:55:28.445824+09:00
Material Update,70.0,0.0,success,False,2026-08-19T20:46:16.448832+09:00
Material Value,720.0,0.0,success,False,2026-08-23T02:57:24.970560+09:00
Material Vault,50.0,0.0,success,False,2026-08-17T20:39:59.910293+09:00
Material Version,50.0,0.0,success,False,2026-08-23T03:22:56.392022+09:00
Material View,390.0,0.0,success,False,2026-08-19T20:45:50.851524+09:00
Material Voucher,30.0,3.0,success,False,2026-08-21T00:27:51.416222+09:00
Material Watch,880.0,12.0,success,False,2026-08-17T20:32:17.131006+09:00
Material Wave,260.0,17.0,success,False,2026-08-17T21:37:42.380657+09:00
Material Widget,590.0,0.0,success,False,2026-08-27T23:11:58.068235+09:00
Material Workbench,10.0,54.0,success,False,2026-08-18T22:04:25.779407+09:00
Material Worksheet,720.0,1.0,success,False,2026-08-27T22:08:21.698192+09:00
Material Workshop,480.0,37.0,success,False,2026-08-28T00:24:12.580711+09:00
Material Yard,590.0,22.0,success,False,2026-08-19T00:37:50.207260+09:00
Material Zone,210.0,5.0,success,False,2026-08-17T20:39:31.272188+09:00
Matter Advance,,,failed,False,2026-08-23T16:13:34.147754+09:00
Matter Advisory,10.0,0.0,success,False,2026-08-21T01:07:29.159320+09:00
Matter Allowance,,,failed,False,2026-08-21T02:36:58.611410+09:00
Matter Almanac,,,failed,False,2026-08-18T23:51:34.443590+09:00
Matter Analyzer,,,failed,False,2026-08-27T23:56:50.543102+09:00
Matter Anchor,,,failed,False,2026-08-17T20:31:38.107939+09:00
Matter Arrears,,,failed,False,2026-08-23T16:13:34.147754+09:00
Matter Asset,,,failed,False,2026-08-23T13:46:27.908972+09:00
Matter Assistant,20.0,4.0,success,False,2026-08-17T23:27:42.956477+09:00
Matter Atlas,,,failed,False,2026-08-17T21:31:05.600589+09:00
Matter Attribute,,,failed,False,2026-08-23T13:05:51.104957+09:00
Matter Badge,30.0,1.0,success,False,2026-08-21T00:33:48.597432+09:00
Matter Balance,320.0,1.0,success,False,2026-08-23T13:46:24.718234+09:00
Matter Base,110.0,4.0,success,False,2026-08-17T20:45:52.903104+09:00
Matter Beacon,,,failed,False,2026-08-17T20:35:45.912195+09:00
Matter Bill,,,failed,False,2026-08-19T21:56:01.385775+09:00
Matter Blueprint,,,failed,False,2026-08-18T22:12:23.623332+09:00
Matter Board,260.0,7.0,success,False,2026-08-17T20:43:12.470155+09:00
Matter Book,320.0,22.0,success,False,2026-08-19T21:56:59.723896+09:00
Matter Bridge,2900.0,100.0,success,False,2026-08-17T20:32:49.512310+09:00
Matter Brief,,,failed,False,2026-08-21T01:07:19.627545+09:00
Matter Bulletin,,,failed,False,2026-08-21T01:07:15.275377+09:00
Matter Cabinet,,,failed,False,2026-08-27T23:14:03.822687+09:00
Matter Calendar,10.0,0.0,success,False,2026-08-19T00:03:31.307926+09:00
Matter Card,90.0,7.0,success,False,2026-08-19T13:40:38.246974+09:00
Matter Cascade,,,failed,False,2026-08-17T20:33:54.236742+09:00
Matter Cash,,,failed,False,2026-08-21T02:30:57.020640+09:00
Matter Catalog,10.0,0.0,success,False,2026-08-19T21:11:53.117390+09:00
Matter Category,170.0,0.0,success,False,2026-08-23T13:05:48.567186+09:00
Matter Center,20.0,1.0,success,False,2026-08-17T20:38:07.696860+09:00
Matter Chain,10.0,0.0,success,False,2026-08-17T21:36:32.684484+09:00
Matter Charge,,,failed,False,2026-08-21T02:36:47.930212+09:00
Matter Check,,,failed,False,2026-08-19T13:41:12.937543+09:00
Matter Checker,,,failed,False,2026-08-27T23:56:43.300961+09:00
Matter Checklist,,,failed,False,2026-08-19T21:10:58.611553+09:00
Matter Circular,,,failed,False,2026-08-21T01:07:24.154176+09:00
Matter Cockpit,,,failed,False,2026-08-17T23:06:12.301553+09:00
Matter Code,210.0,0.0,success,False,2026-08-19T21:56:23.940159+09:00
Matter Codex,,,failed,False,2026-08-18T23:51:34.443590+09:00
Matter Companion,,,failed,False,2026-08-17T23:29:03.554808+09:00
Matter Comparison,,,failed,False,2026-08-28T01:07:16.006245+09:00
Matter Compass,,,failed,False,2026-08-17T20:36:40.845127+09:00
Matter Compendium,,,failed,False,2026-08-18T23:51:34.443590+09:00
Matter Confirmation,,,failed,False,2026-08-21T01:07:39.342209+09:00
Matter Console,,,failed,False,2026-08-17T20:35:15.216607+09:00
Matter Core,30.0,2.0,success,False,2026-08-17T20:44:54.516764+09:00
Matter Cost,20.0,0.0,success,False,2026-08-21T02:14:27.987170+09:00
Matter Count,20.0,0.0,success,False,2026-08-27T22:48:41.593169+09:00
Matter Counter,,,failed,False,2026-08-19T00:04:20.197700+09:00
Matter Dashboard,40.0,8.0,success,False,2026-08-17T23:28:46.712952+09:00
Matter Deal,,,failed,False,2026-08-21T01:59:00.317369+09:00
Matter Debt,,,failed,False,2026-08-21T02:30:47.137745+09:00
Matter Deck,,,failed,False,2026-08-17T20:42:15.711128+09:00
Matter Depot,,,failed,False,2026-08-19T00:04:03.544716+09:00
Matter Desk,,,failed,False,2026-08-17T20:40:20.065990+09:00
Matter Detail,,,failed,False,2026-08-23T03:16:13.014331+09:00
Matter Detector,40.0,10.0,success,False,2026-08-27T23:56:47.564941+09:00
Matter Diagram,1300.0,0.0,success,True,2026-08-27T22:10:43.212581+09:00
Matter Dial,,,failed,False,2026-08-17T20:33:24.231963+09:00
Matter Digest,,,failed,False,2026-08-19T20:40:02.454787+09:00
Matter Directory,,,failed,False,2026-08-19T00:03:38.462918+09:00
Matter Discount,10.0,7.0,success,False,2026-08-23T16:13:24.161828+09:00
Matter Dock,,,failed,False,2026-08-17T21:41:07.674308+09:00
Matter Dossier,,,failed,False,2026-08-21T01:07:41.387893+09:00
Matter Downpayment,,,failed,False,2026-08-27T21:47:13.030634+09:00
Matter Draft,,,failed,False,2026-08-19T20:40:20.062336+09:00
Matter Due,,,failed,False,2026-08-23T15:51:22.397294+09:00
Matter Duty,,,failed,False,2026-08-21T02:36:50.213443+09:00
Matter Endowment,,,failed,False,2026-08-23T15:51:24.556081+09:00
Matter Engine,20.0,0.0,success,False,2026-08-17T23:15:07.247244+09:00
Matter Entry,,,failed,False,2026-08-21T01:07:51.915989+09:00
Matter Estimate,,,failed,False,2026-08-19T21:11:41.705907+09:00
Matter Estimator,,,failed,False,2026-08-27T23:56:38.183826+09:00
Matter Excerpt,,,failed,False,2026-08-21T01:07:49.697646+09:00
Matter Extension,70.0,1.0,success,False,2026-08-23T16:38:36.406605+09:00
Matter Fare,,,failed,False,2026-08-21T02:14:36.179977+09:00
Matter Fee,,,failed,False,2026-08-21T01:58:44.645317+09:00
Matter Feed,,,failed,False,2026-08-19T20:40:08.745376+09:00
Matter Field,70.0,0.0,success,False,2026-08-23T13:05:55.726817+09:00
Matter File,90.0,1.0,success,False,2026-08-19T20:39:30.002249+09:00
Matter Finder,,,failed,False,2026-08-19T00:03:53.943426+09:00
Matter Flag,10.0,4.0,success,False,2026-08-21T00:34:25.670499+09:00
Matter Flow,390.0,6.0,success,False,2026-08-17T20:42:43.172174+09:00
Matter Forge,10.0,0.0,success,False,2026-08-17T20:34:44.892914+09:00
Matter Form,390.0,21.0,success,False,2026-08-19T13:40:19.370480+09:00
Matter Format,,,failed,False,2026-08-23T13:05:58.112221+09:00
Matter Frame,40.0,71.0,success,False,2026-08-17T20:46:59.199715+09:00
Matter Fund,,,failed,False,2026-08-21T02:30:51.336298+09:00
Matter Gate,20.0,43.0,success,False,2026-08-17T21:33:22.663564+09:00
Matter Grade,,,failed,False,2026-08-21T00:34:11.970110+09:00
Matter Graph,390.0,0.0,success,False,2026-08-27T22:10:35.314261+09:00
Matter Grid,,,failed,False,2026-08-17T21:36:59.022364+09:00
Matter Guarantee,,,failed,False,2026-08-28T01:07:22.099845+09:00
Matter Guard,,,failed,False,2026-08-17T20:45:30.439940+09:00
Matter Guardian,,,failed,False,2026-08-28T00:26:01.082990+09:00
Matter Guidebook,,,failed,False,2026-08-18T22:12:10.821921+09:00
Matter Helpdesk,,,failed,False,2026-08-27T22:48:44.890397+09:00
Matter Helper,,,failed,False,2026-08-28T00:26:03.782064+09:00
Matter History,90.0,0.0,success,False,2026-08-19T20:39:21.250222+09:00
Matter Hotline,,,failed,False,2026-08-19T21:12:04.004296+09:00
Matter Hub,9900.0,100.0,success,False,2026-08-17T20:41:55.751231+09:00
Matter Identifier,,,failed,False,2026-08-23T13:05:45.716846+09:00
Matter Index,,,failed,False,2026-08-19T21:11:09.453565+09:00
Matter Insight,,,failed,False,2026-08-17T23:11:35.407010+09:00
Matter Installment,,,failed,False,2026-08-23T16:13:26.521734+09:00
Matter Interest,,,failed,False,2026-08-23T13:46:27.908972+09:00
Matter Item,30.0,38.0,success,False,2026-08-21T01:58:46.875681+09:00
Matter Journal,880.0,0.0,success,False,2026-08-18T22:11:53.253087+09:00
Matter Keeper,,,failed,False,2026-08-17T20:47:35.936558+09:00
Matter Lab,3600.0,4.0,success,False,2026-08-17T20:40:44.017242+09:00
Matter Label,20.0,0.0,success,False,2026-08-27T22:10:35.314261+09:00
Matter Ledger,,,failed,False,2026-08-17T20:44:06.631034+09:00
Matter Lens,,,failed,False,2026-08-17T20:48:15.314618+09:00
Matter Level,,,failed,False,2026-08-19T20:39:37.927726+09:00
Matter Levy,,,failed,False,2026-08-23T13:46:30.859150+09:00
Matter Link,720.0,7.0,success,False,2026-08-23T03:16:04.926690+09:00
Matter List,90.0,4.0,success,False,2026-08-19T21:56:37.173014+09:00
Matter Loan,70.0,64.0,success,False,2026-08-21T02:14:45.406179+09:00
Matter Locator,,,failed,False,2026-08-19T00:03:46.728628+09:00
Matter Lock,210.0,99.0,success,False,2026-08-17T21:31:41.054400+09:00
Matter Log,,,failed,False,2026-08-19T13:40:05.769727+09:00
Matter Loop,,,failed,False,2026-08-17T21:38:10.743063+09:00
Matter Manager,480.0,32.0,success,False,2026-08-17T20:46:20.020027+09:00
Matter Manual,,,failed,False,2026-08-27T22:10:39.067015+09:00
Matter Map,140.0,1.0,success,False,2026-08-17T21:30:33.048254+09:00
Matter Margin,,,failed,False,2026-08-23T02:52:54.203392+09:00
Matter Markup,,,failed,False,2026-08-23T16:38:31.502720+09:00
Matter Memo,,,failed,False,2026-08-21T00:34:16.638003+09:00
Matter Message,,,failed,False,2026-08-27T23:13:58.602342+09:00
Matter Meter,20.0,63.0,success,False,2026-08-17T20:32:12.868338+09:00
Matter Metrics,,,failed,False,2026-08-17T23:28:25.880563+09:00
Matter Monitor,10.0,92.0,success,False,2026-08-17T23:28:10.025737+09:00
Matter Navigator,,,failed,False,2026-08-17T23:13:13.553145+09:00
Matter Nexus,,,failed,False,2026-08-17T21:32:17.170130+09:00
Matter Node,20.0,2.0,success,False,2026-08-17T21:34:26.372304+09:00
Matter Note,320.0,0.0,success,False,2026-08-19T13:41:47.769675+09:00
Matter Notification,,,failed,False,2026-08-27T22:48:37.138670+09:00
Matter Number,260.0,1.0,success,False,2026-08-23T03:15:55.657138+09:00
Matter Office,30.0,1.0,success,False,2026-08-19T00:04:11.501446+09:00
Matter Ops,,,failed,False,2026-08-17T23:29:23.485940+09:00
Matter Order,,,failed,False,2026-08-19T21:55:49.933305+09:00
Matter Organizer,10.0,0.0,success,False,2026-08-17T23:04:21.710025+09:00
Matter Overage,,,failed,False,2026-08-27T21:47:10.651342+09:00
Matter Overdraft,,,failed,False,2026-08-23T15:51:22.397294+09:00
Matter Overdue,,,failed,False,2026-08-27T21:47:05.962227+09:00
Matter Panel,30.0,90.0,success,False,2026-08-17T20:34:20.444490+09:00
Matter Path,,,failed,False,2026-08-17T21:33:53.413747+09:00
Matter Payoff,,,failed,False,2026-08-27T21:47:08.253611+09:00
Matter Penalty,,,failed,False,2026-08-23T16:38:29.056767+09:00
Matter Petition,,,failed,False,2026-08-21T01:07:33.646226+09:00
Matter Pilot,,,failed,False,2026-08-17T20:41:06.345123+09:00
Matter Plan,20.0,2.0,success,False,2026-08-21T01:58:57.371926+09:00
Matter Planner,,,failed,False,2026-08-17T23:10:00.779750+09:00
Matter Playbook,,,failed,False,2026-08-18T22:11:43.174107+09:00
Matter Point,140.0,67.0,success,False,2026-08-17T21:32:53.372558+09:00
Matter Portal,20.0,3.0,success,False,2026-08-17T20:36:12.301778+09:00
Matter Preview,,,failed,False,2026-08-28T01:07:16.006245+09:00
Matter Profile,,,failed,False,2026-08-19T13:42:11.114118+09:00
Matter Profit,,,failed,False,2026-08-23T02:52:46.674301+09:00
Matter Proposal,,,failed,False,2026-08-28T01:07:19.474773+09:00
Matter Pulse,,,failed,False,2026-08-17T21:36:00.741055+09:00
Matter Queue,,,failed,False,2026-08-19T21:11:29.135916+09:00
Matter Quota,,,failed,False,2026-08-21T00:34:21.181247+09:00
Matter Radar,,,failed,False,2026-08-17T20:39:25.387216+09:00
Matter Rail,,,failed,False,2026-08-17T21:38:46.123803+09:00
Matter Rate,20.0,0.0,success,False,2026-08-19T20:39:43.818952+09:00
Matter Recap,,,failed,False,2026-08-21T01:07:45.419245+09:00
Matter Receipt,,,failed,False,2026-08-19T21:56:11.493537+09:00
Matter Recorder,,,failed,False,2026-08-27T23:35:07.655977+09:00
Matter Register,,,failed,False,2026-08-17T23:07:59.739195+09:00
Matter Registry,,,failed,False,2026-08-18T22:12:17.661018+09:00
Matter Relay,170.0,100.0,success,False,2026-08-17T20:38:33.752321+09:00
Matter Reminder,,,failed,False,2026-08-19T21:10:44.368255+09:00
Matter Report,50.0,5.0,success,False,2026-08-19T13:39:51.910868+09:00
Matter Repository,,,failed,False,2026-08-27T23:14:08.485077+09:00
Matter Result,,,failed,False,2026-08-28T00:48:05.704808+09:00
Matter Roadmap,20.0,0.0,success,False,2026-08-18T23:51:34.443590+09:00
Matter Roster,,,failed,False,2026-08-19T00:37:26.885782+09:00
Matter Route,,,failed,False,2026-08-18T07:43:49.584727+09:00
Matter Rule,,,failed,False,2026-08-23T03:16:07.985751+09:00
Matter Sale,10.0,92.0,success,False,2026-08-21T02:30:59.342931+09:00
Matter Sample,30.0,0.0,success,False,2026-08-19T21:57:19.204093+09:00
Matter Scale,40.0,1.0,success,False,2026-08-18T07:43:38.150133+09:00
Matter Scanner,30.0,35.0,success,False,2026-08-27T23:56:43.300961+09:00
Matter Scheduler,,,failed,False,2026-08-17T23:27:56.034352+09:00
Matter Scope,,,failed,False,2026-08-17T21:39:37.908878+09:00
Matter Score,,,failed,False,2026-08-19T13:41:39.168311+09:00
Matter Sentry,,,failed,False,2026-08-17T21:30:00.229933+09:00
Matter Serial,10.0,0.0,success,False,2026-08-23T13:27:09.032773+09:00
Matter Sheet,40.0,0.0,success,False,2026-08-19T13:40:58.883457+09:00
Matter Shortfall,,,failed,False,2026-08-27T21:47:13.030634+09:00
Matter Signal,,,failed,False,2026-08-18T07:52:46.019796+09:00
Matter Signature,,,failed,False,2026-08-23T13:27:09.032773+09:00
Matter Slip,,,failed,False,2026-08-19T21:57:08.159846+09:00
Matter Slot,20.0,0.0,success,False,2026-08-19T21:57:31.477256+09:00
Matter Snapshot,,,failed,False,2026-08-18T22:12:02.089704+09:00
Matter Stage,,,failed,False,2026-08-28T00:48:05.704808+09:00
Matter Stake,,,failed,False,2026-08-23T02:52:51.254134+09:00
Matter Statement,90.0,0.0,success,False,2026-08-21T00:34:01.894402+09:00
Matter Station,30.0,48.0,success,False,2026-08-17T20:39:54.147287+09:00
Matter Status,50.0,0.0,success,False,2026-08-19T20:38:59.819787+09:00
Matter Stub,,,failed,False,2026-08-21T00:33:55.661658+09:00
Matter Studio,390.0,0.0,success,False,2026-08-17T20:41:27.066117+09:00
Matter Subsidy,,,failed,False,2026-08-23T15:51:24.556081+09:00
Matter Suite,30.0,20.0,success,False,2026-08-17T23:27:26.699527+09:00
Matter Sum,,,failed,False,2026-08-21T02:30:41.751111+09:00
Matter Summary,90.0,0.0,success,False,2026-08-19T21:10:24.800768+09:00
Matter Surtax,,,failed,False,2026-08-23T15:51:26.748439+09:00
Matter Sync,,,failed,False,2026-08-17T20:43:36.337910+09:00
Matter Tab,,,failed,False,2026-08-21T00:34:30.806569+09:00
Matter Table,260.0,2.0,success,False,2026-08-19T21:56:50.628145+09:00
Matter Tag,10.0,5.0,success,False,2026-08-19T13:41:59.783078+09:00
Matter Tally,,,failed,False,2026-08-21T00:34:07.252682+09:00
Matter Tariff,,,failed,False,2026-08-21T02:37:05.084488+09:00
Matter Tax,,,failed,False,2026-08-21T02:14:45.406179+09:00
Matter Ticket,10.0,0.0,success,False,2026-08-19T21:11:19.546080+09:00
Matter Timeline,20.0,0.0,success,False,2026-08-19T21:10:33.360879+09:00
Matter Timer,,,failed,False,2026-08-28T00:25:56.872854+09:00
Matter Toll,,,failed,False,2026-08-21T02:36:53.900229+09:00
Matter Toolbox,,,failed,False,2026-08-28T00:26:01.082990+09:00
Matter Toolkit,,,failed,False,2026-08-18T22:11:37.206712+09:00
Matter Total,10.0,100.0,success,False,2026-08-27T23:14:01.250377+09:00
Matter Tracker,140.0,9.0,success,False,2026-08-17T20:44:25.446111+09:00
Matter Trail,,,failed,False,2026-08-17T21:37:39.097196+09:00
Matter Trend,,,failed,False,2026-08-28T01:07:13.467074+09:00
Matter Trial,50.0,0.0,success,False,2026-08-27T21:16:07.337495+09:00
Matter Unit,110.0,4.0,success,False,2026-08-21T01:58:53.203684+09:00
Matter Update,50.0,0.0,success,False,2026-08-19T20:39:52.613613+09:00
Matter Value,260.0,1.0,success,False,2026-08-23T02:52:49.123666+09:00
Matter Vault,10.0,0.0,success,False,2026-08-17T20:37:39.748297+09:00
Matter Version,70.0,1.0,success,False,2026-08-23T03:15:59.188624+09:00
Matter View,,,failed,False,2026-08-19T20:39:09.333161+09:00
Matter Voucher,,,failed,False,2026-08-21T00:33:43.074758+09:00
Matter Watch,,,failed,False,2026-08-17T21:41:39.306179+09:00
Matter Wave,4400.0,4.0,success,False,2026-08-17T21:34:57.125142+09:00
Matter Widget,,,failed,False,2026-08-27T23:14:01.250377+09:00
Matter Workbench,,,failed,False,2026-08-18T22:11:27.427914+09:00
Matter Worksheet,880.0,1.0,success,False,2026-08-27T22:10:43.212581+09:00
Matter Zone,,,failed,False,2026-08-17T20:37:11.919122+09:00
Meal Advance,,,failed,False,2026-08-23T16:14:01.846183+09:00
Meal Advisory,,,failed,False,2026-08-21T01:03:51.285961+09:00
Meal Allowance,2900.0,0.0,success,True,2026-08-21T02:44:54.822530+09:00
Meal Almanac,,,failed,False,2026-08-18T23:51:34.443590+09:00
Meal Analyzer,40.0,19.0,success,False,2026-08-27T23:58:18.988715+09:00
Meal Anchor,,,failed,False,2026-08-17T23:30:43.619577+09:00
Meal Announcement,,,failed,False,2026-08-27T23:36:01.279667+09:00
Meal Arrears,,,failed,False,2026-08-23T16:14:01.846183+09:00
Meal Asset,,,failed,False,2026-08-23T13:46:30.859150+09:00
Meal Assistant,135000.0,35.0,success,False,2026-08-17T23:27:03.515384+09:00
Meal Atlas,,,failed,False,2026-08-17T23:26:18.163850+09:00
Meal Badge,,,failed,False,2026-08-21T00:29:05.314041+09:00
Meal Balance,260.0,38.0,success,False,2026-08-23T13:46:24.718234+09:00
Meal Base,140.0,95.0,success,False,2026-08-17T23:32:45.524936+09:00
Meal Beacon,,,failed,False,2026-08-17T23:30:14.406427+09:00
Meal Bill,170.0,0.0,success,False,2026-08-19T22:06:59.596356+09:00
Meal Blueprint,20.0,0.0,success,False,2026-08-18T23:51:37.603365+09:00
Meal Board,260.0,61.0,success,False,2026-08-17T23:07:23.914294+09:00
Meal Book,720.0,16.0,success,False,2026-08-19T21:45:58.620929+09:00
Meal Bridge,20.0,4.0,success,False,2026-08-17T23:05:57.160852+09:00
Meal Brief,,,failed,False,2026-08-21T01:03:40.572054+09:00
Meal Bulletin,,,failed,False,2026-08-21T01:03:36.375895+09:00
Meal Calculator,880.0,18.0,success,False,2026-08-27T23:36:04.672816+09:00
Meal Calendar,880.0,98.0,success,False,2026-08-18T23:59:08.925896+09:00
Meal Card,1600.0,8.0,success,False,2026-08-19T13:24:25.669672+09:00
Meal Cascade,,,failed,False,2026-08-17T23:30:30.158673+09:00
Meal Cash,,,failed,False,2026-08-21T02:29:01.889757+09:00
Meal Cashback,,,failed,False,2026-08-27T21:16:45.829850+09:00
Meal Center,260.0,0.0,success,False,2026-08-17T22:50:34.703098+09:00
Meal Chain,140.0,33.0,success,False,2026-08-17T23:08:44.294677+09:00
Meal Charge,90.0,0.0,success,False,2026-08-21T02:44:40.179717+09:00
Meal Check,210.0,3.0,success,False,2026-08-19T13:24:56.019665+09:00
Meal Checker,210.0,3.0,success,False,2026-08-27T23:58:08.716476+09:00
Meal Circular,,,failed,False,2026-08-21T01:03:45.407835+09:00
Meal Cockpit,,,failed,False,2026-08-17T23:10:06.483021+09:00
Meal Code,140.0,1.0,success,False,2026-08-19T22:07:21.096531+09:00
Meal Codex,,,failed,False,2026-08-18T23:51:37.603365+09:00
Meal Companion,20.0,1.0,success,False,2026-08-17T23:28:11.546877+09:00
Meal Comparison,10.0,21.0,success,False,2026-08-28T01:08:39.859150+09:00
Meal Compass,,,failed,False,2026-08-17T23:04:07.422993+09:00
Meal Compendium,,,failed,False,2026-08-18T23:51:37.603365+09:00
Meal Confirmation,,,failed,False,2026-08-21T01:04:00.035751+09:00
Meal Console,,,failed,False,2026-08-17T23:23:55.589084+09:00
Meal Contribution,,,failed,False,2026-08-23T16:13:58.601282+09:00
Meal Copayment,,,failed,False,2026-08-23T16:38:50.541482+09:00
Meal Core,,,failed,False,2026-08-17T23:12:38.430162+09:00
Meal Cost,210.0,5.0,success,False,2026-08-21T02:12:31.205964+09:00
Meal Count,320.0,6.0,success,False,2026-08-27T22:49:29.573658+09:00
Meal Counter,320.0,6.0,success,False,2026-08-19T00:00:05.096380+09:00
Meal Coupon,720.0,7.0,success,False,2026-08-27T21:16:45.829850+09:00
Meal Dashboard,,,failed,False,2026-08-17T23:28:01.386512+09:00
Meal Deal,27100.0,23.0,success,False,2026-08-21T01:56:38.086153+09:00
Meal Debt,10.0,0.0,success,False,2026-08-21T02:28:57.894422+09:00
Meal Deck,,,failed,False,2026-08-17T23:33:09.699963+09:00
Meal Depot,10.0,0.0,success,False,2026-08-18T23:59:44.805528+09:00
Meal Desk,10.0,100.0,success,False,2026-08-17T23:14:57.452489+09:00
Meal Detail,,,failed,False,2026-08-23T03:15:14.062371+09:00
Meal Detector,246000.0,100.0,success,False,2026-08-27T23:58:14.186756+09:00
Meal Diagram,40.0,1.0,success,False,2026-08-27T22:11:39.650369+09:00
Meal Dial,10.0,0.0,success,False,2026-08-17T23:24:12.955458+09:00
Meal Digest,,,failed,False,2026-08-19T20:44:48.132741+09:00
Meal Directory,,,failed,False,2026-08-18T23:59:17.064429+09:00
Meal Discount,260.0,58.0,success,False,2026-08-23T16:13:52.514202+09:00
Meal Dock,,,failed,False,2026-08-17T23:24:56.223636+09:00
Meal Dossier,,,failed,False,2026-08-21T01:04:04.572867+09:00
Meal Downpayment,,,failed,False,2026-08-27T21:47:53.828940+09:00
Meal Draft,,,failed,False,2026-08-19T20:45:06.240403+09:00
Meal Due,10.0,0.0,success,False,2026-08-23T15:51:28.689965+09:00
Meal Duty,,,failed,False,2026-08-21T02:44:44.036553+09:00
Meal Engine,10.0,0.0,success,False,2026-08-17T23:06:37.704524+09:00
Meal Entry,10.0,7.0,success,False,2026-08-21T01:04:22.356565+09:00
Meal Estimate,,,failed,False,2026-08-19T21:30:51.810974+09:00
Meal Estimator,,,failed,False,2026-08-27T23:58:05.711455+09:00
Meal Excerpt,,,failed,False,2026-08-21T01:04:15.866621+09:00
Meal Fare,40.0,0.0,success,False,2026-08-21T02:12:39.261551+09:00
Meal Fee,90.0,0.0,success,False,2026-08-21T01:56:19.157693+09:00
Meal Feed,590.0,35.0,success,False,2026-08-19T20:44:53.798353+09:00
Meal File,10.0,0.0,success,False,2026-08-19T20:44:12.620754+09:00
Meal Finder,390.0,3.0,success,False,2026-08-18T23:59:34.906916+09:00
Meal Fine,,,failed,False,2026-08-23T02:58:45.466254+09:00
Meal Flag,,,failed,False,2026-08-21T00:29:53.018137+09:00
Meal Flow,20.0,28.0,success,False,2026-08-17T23:29:07.663083+09:00
Meal Forge,,,failed,False,2026-08-17T23:11:23.614440+09:00
Meal Form,260.0,1.0,success,False,2026-08-19T13:24:14.979285+09:00
Meal Format,260.0,1.0,success,False,2026-08-23T13:05:36.623967+09:00
Meal Frame,,,failed,False,2026-08-17T23:05:32.537259+09:00
Meal Fund,40.0,3.0,success,False,2026-08-21T02:28:57.894422+09:00
Meal Gate,90.0,29.0,success,False,2026-08-17T23:26:04.596222+09:00
Meal Generator,1000.0,21.0,success,False,2026-08-27T23:36:04.672816+09:00
Meal Giveaway,10.0,0.0,success,False,2026-08-27T21:16:53.377302+09:00
Meal Grade,,,failed,False,2026-08-21T00:29:32.816021+09:00
Meal Graph,,,failed,False,2026-08-27T22:11:25.706912+09:00
Meal Grid,,,failed,False,2026-08-17T23:14:41.375835+09:00
Meal Guard,10.0,0.0,success,False,2026-08-17T23:06:20.939022+09:00
Meal Guardian,,,failed,False,2026-08-28T00:27:00.787784+09:00
Meal Guidebook,,,failed,False,2026-08-18T23:51:37.603365+09:00
Meal Helper,210.0,77.0,success,False,2026-08-28T00:27:03.530965+09:00
Meal History,,,failed,False,2026-08-19T20:44:05.928260+09:00
Meal Hub,590.0,4.0,success,False,2026-08-17T23:08:04.686791+09:00
Meal Identifier,,,failed,False,2026-08-23T13:05:30.348326+09:00
Meal Incentive,,,failed,False,2026-08-27T21:16:49.739310+09:00
Meal Index,,,failed,False,2026-08-19T21:30:35.144264+09:00
Meal Insight,,,failed,False,2026-08-17T23:15:12.775041+09:00
Meal Installment,,,failed,False,2026-08-23T16:13:55.875301+09:00
Meal Interest,,,failed,False,2026-08-23T13:46:27.908972+09:00
Meal Item,170.0,10.0,success,False,2026-08-21T01:56:21.292165+09:00
Meal Journal,140.0,100.0,success,False,2026-08-18T23:51:37.603365+09:00
Meal Keeper,10.0,100.0,success,False,2026-08-17T23:26:31.743192+09:00
Meal Kit,22200.0,100.0,success,False,2026-08-27T22:49:26.070118+09:00
Meal Lab,140.0,1.0,success,False,2026-08-17T23:33:20.357749+09:00
Meal Label,30.0,99.0,success,False,2026-08-27T22:11:31.963952+09:00
Meal Ledger,,,failed,False,2026-08-17T23:32:58.780092+09:00
Meal Lens,,,failed,False,2026-08-17T23:32:31.687734+09:00
Meal Level,,,failed,False,2026-08-19T20:44:23.661281+09:00
Meal Levy,,,failed,False,2026-08-23T13:46:30.859150+09:00
Meal Link,10.0,0.0,success,False,2026-08-23T03:15:03.447052+09:00
Meal List,1300.0,26.0,success,False,2026-08-19T22:07:32.899948+09:00
Meal Loan,,,failed,False,2026-08-21T02:12:49.636286+09:00
Meal Locator,,,failed,False,2026-08-18T23:59:27.223478+09:00
Meal Lock,,,failed,False,2026-08-17T23:32:18.106895+09:00
Meal Log,390.0,52.0,success,False,2026-08-19T13:23:50.629735+09:00
Meal Loop,,,failed,False,2026-08-17T23:31:23.198788+09:00
Meal Manager,720.0,4.0,success,False,2026-08-17T23:11:59.928630+09:00
Meal Manual,,,failed,False,2026-08-27T22:11:36.968554+09:00
Meal Map,590.0,1.0,success,False,2026-08-17T23:11:03.494377+09:00
Meal Markup,,,failed,False,2026-08-23T16:38:47.783567+09:00
Meal Memo,,,failed,False,2026-08-21T00:29:39.530878+09:00
Meal Message,,,failed,False,2026-08-27T23:15:00.482378+09:00
Meal Meter,20.0,7.0,success,False,2026-08-17T23:12:18.901964+09:00
Meal Metrics,10.0,0.0,success,False,2026-08-17T23:27:47.140187+09:00
Meal Monitor,,,failed,False,2026-08-17T23:27:32.625137+09:00
Meal Navigator,,,failed,False,2026-08-17T23:04:25.350258+09:00
Meal Nexus,,,failed,False,2026-08-17T23:10:24.973922+09:00
Meal Node,,,failed,False,2026-08-17T23:15:30.972429+09:00
Meal Note,,,failed,False,2026-08-19T13:25:14.797860+09:00
Meal Notification,,,failed,False,2026-08-27T22:49:17.563475+09:00
Meal Number,,,failed,False,2026-08-23T03:14:55.080924+09:00
Meal Office,20.0,2.0,success,False,2026-08-18T23:59:53.624295+09:00
Meal Ops,,,failed,False,2026-08-17T23:28:34.893276+09:00
Meal Order,3600.0,84.0,success,False,2026-08-19T22:06:47.930339+09:00
Meal Organizer,110.0,80.0,success,False,2026-08-17T23:08:23.954708+09:00
Meal Outline,50.0,0.0,success,False,2026-08-27T22:28:56.801982+09:00
Meal Overage,,,failed,False,2026-08-27T21:47:50.200871+09:00
Meal Overdraft,,,failed,False,2026-08-23T15:51:31.238085+09:00
Meal Overdue,,,failed,False,2026-08-27T21:47:44.451127+09:00
Meal Panel,10.0,0.0,success,False,2026-08-17T23:05:09.501218+09:00
Meal Pass,480.0,2.0,success,False,2026-08-21T00:28:49.114338+09:00
Meal Path,10.0,4.0,success,False,2026-08-17T23:31:54.862824+09:00
Meal Payoff,,,failed,False,2026-08-27T21:47:47.331734+09:00
Meal Penalty,480.0,0.0,success,False,2026-08-23T16:38:47.783567+09:00
Meal Petition,,,failed,False,2026-08-21T01:03:56.741736+09:00
Meal Pilot,,,failed,False,2026-08-17T23:29:29.429883+09:00
Meal Plan,90500.0,100.0,success,False,2026-08-21T01:56:34.859851+09:00
Meal Planner,90500.0,100.0,success,False,2026-08-17T23:13:41.173741+09:00
Meal Playbook,,,failed,False,2026-08-18T23:51:37.603365+09:00
Meal Point,140.0,1.0,success,False,2026-08-17T23:03:48.755656+09:00
Meal Portal,140.0,0.0,success,False,2026-08-17T23:10:43.579186+09:00
Meal Preview,,,failed,False,2026-08-28T01:08:42.554310+09:00
Meal Profile,,,failed,False,2026-08-19T13:25:55.543115+09:00
Meal Profit,,,failed,False,2026-08-23T02:58:35.873995+09:00
Meal Proposal,,,failed,False,2026-08-28T01:08:42.554310+09:00
Meal Pulse,,,failed,False,2026-08-17T23:31:38.790135+09:00
Meal Quota,,,failed,False,2026-08-21T00:29:45.511428+09:00
Meal Radar,,,failed,False,2026-08-17T23:29:43.400125+09:00
Meal Rail,,,failed,False,2026-08-17T23:13:59.220189+09:00
Meal Rate,140.0,0.0,success,False,2026-08-19T20:44:29.865338+09:00
Meal Recap,,,failed,False,2026-08-21T01:04:11.301899+09:00
Meal Receipt,210.0,8.0,success,False,2026-08-19T22:07:10.998735+09:00
Meal Recorder,10.0,0.0,success,False,2026-08-27T23:36:10.117910+09:00
Meal Redemption,,,failed,False,2026-08-23T16:38:50.541482+09:00
Meal Register,20.0,11.0,success,False,2026-08-17T23:11:40.322748+09:00
Meal Registry,20.0,11.0,success,False,2026-08-18T23:51:37.603365+09:00
Meal Relay,,,failed,False,2026-08-17T23:09:50.041087+09:00
Meal Reminder,210.0,2.0,success,False,2026-08-19T21:30:28.519556+09:00
Meal Report,30.0,0.0,success,False,2026-08-19T13:23:40.624873+09:00
Meal Repository,,,failed,False,2026-08-27T23:15:10.643747+09:00
Meal Roadmap,,,failed,False,2026-08-18T23:51:37.603365+09:00
Meal Roster,50.0,1.0,success,False,2026-08-19T00:37:02.474717+09:00
Meal Route,,,failed,False,2026-08-17T23:06:59.361333+09:00
Meal Rule,,,failed,False,2026-08-23T03:15:06.713636+09:00
Meal Sale,,,failed,False,2026-08-21T02:29:07.517005+09:00
Meal Sample,480.0,4.0,success,False,2026-08-19T21:46:23.560668+09:00
Meal Scale,110.0,88.0,success,False,2026-08-17T23:24:32.888927+09:00
Meal Scanner,480.0,45.0,success,False,2026-08-27T23:58:08.716476+09:00
Meal Scheduler,590.0,17.0,success,False,2026-08-17T23:27:17.370245+09:00
Meal Scope,,,failed,False,2026-08-17T23:07:43.866571+09:00
Meal Score,10.0,0.0,success,False,2026-08-19T13:25:04.340704+09:00
Meal Sentry,,,failed,False,2026-08-17T23:04:46.904606+09:00
Meal Sheet,140.0,13.0,success,False,2026-08-19T13:24:49.306222+09:00
Meal Shortfall,,,failed,False,2026-08-27T21:47:53.828940+09:00
Meal Signal,,,failed,False,2026-08-17T23:13:01.440927+09:00
Meal Slip,,,failed,False,2026-08-19T21:46:11.490049+09:00
Meal Slot,,,failed,False,2026-08-19T21:46:33.632095+09:00
Meal Snapshot,,,failed,False,2026-08-18T23:51:37.603365+09:00
Meal Stake,,,failed,False,2026-08-23T02:58:43.358109+09:00
Meal Stamp,40.0,12.0,success,False,2026-08-23T13:27:09.032773+09:00
Meal Statement,,,failed,False,2026-08-21T00:29:18.901587+09:00
Meal Station,480.0,7.0,success,False,2026-08-17T23:09:05.527725+09:00
Meal Status,20.0,0.0,success,False,2026-08-19T20:43:53.666341+09:00
Meal Stipend,210.0,1.0,success,False,2026-08-23T13:46:32.970542+09:00
Meal Stub,880.0,6.0,success,False,2026-08-21T00:29:10.279905+09:00
Meal Studio,20.0,0.0,success,False,2026-08-17T23:14:19.543456+09:00
Meal Subsidy,390.0,1.0,success,False,2026-08-23T15:51:33.860172+09:00
Meal Suite,880.0,4.0,success,False,2026-08-17T23:26:46.063928+09:00
Meal Sum,,,failed,False,2026-08-21T02:28:54.304303+09:00
Meal Summary,20.0,2.0,success,False,2026-08-19T21:30:14.177717+09:00
Meal Surtax,,,failed,False,2026-08-23T15:51:36.784233+09:00
Meal Sync,,,failed,False,2026-08-17T23:13:20.544847+09:00
Meal Tab,70.0,5.0,success,False,2026-08-21T00:30:01.129618+09:00
Meal Table,390.0,78.0,success,False,2026-08-19T22:07:52.466558+09:00
Meal Tag,,,failed,False,2026-08-19T13:25:47.267780+09:00
Meal Tally,10.0,0.0,success,False,2026-08-21T00:29:24.926650+09:00
Meal Tariff,,,failed,False,2026-08-21T02:44:59.003058+09:00
Meal Tax,210.0,0.0,success,False,2026-08-21T02:12:43.354957+09:00
Meal Ticket,4400.0,10.0,success,False,2026-08-19T21:30:42.715680+09:00
Meal Tier,,,failed,False,2026-08-28T00:48:45.489712+09:00
Meal Timeline,,,failed,False,2026-08-19T21:30:20.208348+09:00
Meal Timer,18100.0,11.0,success,False,2026-08-28T00:27:00.787784+09:00
Meal Token,170.0,58.0,success,False,2026-08-23T13:27:02.624073+09:00
Meal Toll,,,failed,False,2026-08-21T02:44:49.670355+09:00
Meal Toolbox,,,failed,False,2026-08-28T00:27:03.530965+09:00
Meal Toolkit,,,failed,False,2026-08-18T23:51:37.603365+09:00
Meal Total,,,failed,False,2026-08-27T23:15:04.402308+09:00
Meal Tracker,2400.0,24.0,success,False,2026-08-17T23:28:52.290735+09:00
Meal Trail,20.0,28.0,success,False,2026-08-17T23:25:26.285868+09:00
Meal Trend,,,failed,False,2026-08-28T01:08:39.859150+09:00
Meal Trial,,,failed,False,2026-08-27T21:16:49.739310+09:00
Meal Unit,20.0,0.0,success,False,2026-08-21T01:56:25.732902+09:00
Meal Update,,,failed,False,2026-08-19T20:44:39.695908+09:00
Meal Value,,,failed,False,2026-08-23T02:58:39.272586+09:00
Meal Vault,,,failed,False,2026-08-17T23:30:01.630713+09:00
Meal View,260.0,0.0,success,False,2026-08-19T20:44:00.282785+09:00
Meal Voucher,4400.0,100.0,success,False,2026-08-21T00:28:56.685784+09:00
Meal Wallet,20.0,2.0,success,False,2026-08-27T22:49:29.573658+09:00
Meal Watch,40.0,23.0,success,False,2026-08-17T23:31:05.763784+09:00
Meal Wave,,,failed,False,2026-08-17T23:09:27.800960+09:00
Meal Widget,,,failed,False,2026-08-27T23:15:04.402308+09:00
Meal Workbench,,,failed,False,2026-08-18T23:51:37.603365+09:00
Meal Worksheet,210.0,1.0,success,False,2026-08-27T22:11:36.968554+09:00
Meal Zone,170.0,67.0,success,False,2026-08-17T23:23:36.709980+09:00
Medication Advance,10.0,5.0,success,False,2026-08-23T16:14:49.657074+09:00
Medication Advisory,,,failed,False,2026-08-21T01:02:52.646086+09:00
Medication Allowance,,,failed,False,2026-08-21T02:41:14.911892+09:00
Medication Almanac,,,failed,False,2026-08-18T22:03:28.331445+09:00
Medication Analyzer,,,failed,False,2026-08-27T23:56:47.564941+09:00
Medication Anchor,,,failed,False,2026-08-17T23:10:09.982693+09:00
Medication Announcement,,,failed,False,2026-08-27T23:35:07.655977+09:00
Medication Arrears,,,failed,False,2026-08-23T16:14:49.657074+09:00
Medication Asset,,,failed,False,2026-08-23T13:47:15.992604+09:00
Medication Assistant,135000.0,35.0,success,False,2026-08-17T23:10:52.063537+09:00
Medication Atlas,,,failed,False,2026-08-17T23:14:25.326532+09:00
Medication Badge,,,failed,False,2026-08-21T00:29:21.936028+09:00
Medication Balance,260.0,60.0,success,False,2026-08-23T13:47:15.992604+09:00
Medication Base,,,failed,False,2026-08-17T23:09:54.812310+09:00
Medication Beacon,,,failed,False,2026-08-17T23:08:30.361207+09:00
Medication Bill,70.0,0.0,success,False,2026-08-19T21:52:07.578129+09:00
Medication Blueprint,,,failed,False,2026-08-18T22:03:16.704658+09:00
Medication Board,6600.0,1.0,success,False,2026-08-17T23:28:04.378663+09:00
Medication Book,880.0,84.0,success,False,2026-08-19T21:53:13.442826+09:00
Medication Bridge,50.0,7.0,success,False,2026-08-17T23:25:53.472363+09:00
Medication Brief,,,failed,False,2026-08-21T01:01:44.513558+09:00
Medication Bulletin,,,failed,False,2026-08-21T01:01:39.197827+09:00
Medication Cabinet,880.0,100.0,success,False,2026-08-27T23:14:27.057874+09:00
Medication Calculator,1900.0,2.0,success,False,2026-08-27T23:35:13.146180+09:00
Medication Calendar,480.0,100.0,success,False,2026-08-19T00:03:38.462918+09:00
Medication Card,6600.0,15.0,success,False,2026-08-19T13:24:10.018965+09:00
Medication Cascade,50.0,2.0,success,False,2026-08-17T23:15:22.052615+09:00
Medication Cash,,,failed,False,2026-08-21T02:25:53.601509+09:00
Medication Cashback,,,failed,False,2026-08-27T21:17:00.727259+09:00
Medication Catalog,,,failed,False,2026-08-19T21:09:46.410901+09:00
Medication Category,480.0,1.0,success,False,2026-08-23T13:07:23.083484+09:00
Medication Center,301000.0,9.0,success,False,2026-08-17T23:28:58.984040+09:00
Medication Chain,,,failed,False,2026-08-17T23:30:33.375533+09:00
Medication Charge,,,failed,False,2026-08-21T02:41:02.522533+09:00
Medication Check,8100.0,26.0,success,False,2026-08-19T13:24:29.465553+09:00
Medication Checker,14800.0,4.0,success,False,2026-08-27T23:56:43.300961+09:00
Medication Checklist,320.0,98.0,success,False,2026-08-19T21:08:43.971729+09:00
Medication Circular,,,failed,False,2026-08-21T01:01:49.387114+09:00
Medication Cockpit,,,failed,False,2026-08-17T23:33:03.029797+09:00
Medication Code,390.0,1.0,success,False,2026-08-19T21:52:31.796696+09:00
Medication Codex,,,failed,False,2026-08-18T22:03:58.790181+09:00
Medication Companion,10.0,0.0,success,False,2026-08-17T23:08:52.279570+09:00
Medication Comparison,9900.0,1.0,success,False,2026-08-28T01:06:48.738756+09:00
Medication Compass,,,failed,False,2026-08-17T23:25:00.626086+09:00
Medication Compendium,1300.0,15.0,success,False,2026-08-18T22:03:49.519359+09:00
Medication Confirmation,,,failed,False,2026-08-21T01:02:06.881859+09:00
Medication Console,,,failed,False,2026-08-17T23:14:44.117441+09:00
Medication Converter,390.0,2.0,success,False,2026-08-27T23:35:13.146180+09:00
Medication Copayment,,,failed,False,2026-08-23T16:39:07.006923+09:00
Medication Core,,,failed,False,2026-08-17T23:27:50.871251+09:00
Medication Cost,880.0,18.0,success,False,2026-08-21T02:10:31.589901+09:00
Medication Count,50.0,4.0,success,False,2026-08-27T22:49:02.475082+09:00
Medication Counter,110.0,93.0,success,False,2026-08-19T00:04:28.645558+09:00
Medication Coupon,5400.0,68.0,success,False,2026-08-27T21:16:57.719069+09:00
Medication Dashboard,,,failed,False,2026-08-17T23:14:05.238044+09:00
Medication Deal,,,failed,False,2026-08-21T01:54:58.367500+09:00
Medication Debt,,,failed,False,2026-08-21T02:25:47.031494+09:00
Medication Deck,,,failed,False,2026-08-17T23:11:28.950122+09:00
Medication Depot,1000.0,2.0,success,False,2026-08-19T00:04:07.444762+09:00
Medication Desk,,,failed,False,2026-08-17T23:24:19.906640+09:00
Medication Detail,,,failed,False,2026-08-23T03:19:53.710314+09:00
Medication Detector,,,failed,False,2026-08-27T23:56:47.564941+09:00
Medication Diagram,90.0,0.0,success,False,2026-08-27T22:11:56.077657+09:00
Medication Dial,,,failed,False,2026-08-17T23:09:34.502992+09:00
Medication Digest,,,failed,False,2026-08-19T20:40:32.306082+09:00
Medication Directory,140.0,5.0,success,False,2026-08-19T00:03:43.919454+09:00
Medication Discount,3600.0,45.0,success,False,2026-08-23T16:14:44.482791+09:00
Medication Dock,,,failed,False,2026-08-17T23:11:11.238352+09:00
Medication Dossier,,,failed,False,2026-08-21T01:02:11.159896+09:00
Medication Downpayment,,,failed,False,2026-08-27T21:48:00.691172+09:00
Medication Draft,,,failed,False,2026-08-19T20:40:49.478840+09:00
Medication Due,,,failed,False,2026-08-23T15:52:02.827883+09:00
Medication Duty,,,failed,False,2026-08-21T02:41:05.925111+09:00
Medication Engine,,,failed,False,2026-08-17T23:32:05.926406+09:00
Medication Entry,10.0,0.0,success,False,2026-08-21T01:03:06.374945+09:00
Medication Estimate,,,failed,False,2026-08-19T21:09:32.906956+09:00
Medication Excerpt,,,failed,False,2026-08-21T01:03:04.478545+09:00
Medication Extension,,,failed,False,2026-08-23T16:39:07.006923+09:00
Medication Fare,,,failed,False,2026-08-21T02:10:36.488938+09:00
Medication Fee,2400.0,1.0,success,False,2026-08-21T01:54:40.308388+09:00
Medication Feed,,,failed,False,2026-08-19T20:40:40.887904+09:00
Medication Field,18100.0,4.0,success,False,2026-08-23T13:07:29.372228+09:00
Medication File,390.0,1.0,success,False,2026-08-19T20:39:55.789733+09:00
Medication Finder,2900.0,10.0,success,False,2026-08-19T00:04:01.106556+09:00
Medication Fine,,,failed,False,2026-08-23T02:55:28.144750+09:00
Medication Flag,,,failed,False,2026-08-21T00:30:11.509086+09:00
Medication Flow,,,failed,False,2026-08-17T23:04:52.831664+09:00
Medication Forge,,,failed,False,2026-08-17T23:25:36.258312+09:00
Medication Form,590.0,4.0,success,False,2026-08-19T13:23:46.954730+09:00
Medication Format,590.0,4.0,success,False,2026-08-23T13:07:29.372228+09:00
Medication Frame,,,failed,False,2026-08-17T23:27:38.183762+09:00
Medication Fund,,,failed,False,2026-08-21T02:25:50.623607+09:00
Medication Gate,,,failed,False,2026-08-17T23:07:32.474026+09:00
Medication Giveaway,,,failed,False,2026-08-27T21:17:07.956821+09:00
Medication Grade,,,failed,False,2026-08-21T00:29:50.648703+09:00
Medication Graph,170.0,0.0,success,False,2026-08-27T22:11:39.650369+09:00
Medication Grid,30.0,51.0,success,False,2026-08-17T23:26:36.000104+09:00
Medication Guarantee,,,failed,False,2026-08-28T01:06:54.096928+09:00
Medication Guard,,,failed,False,2026-08-17T23:23:24.651550+09:00
Medication Guardian,50.0,18.0,success,False,2026-08-28T00:25:53.963495+09:00
Medication Guidebook,,,failed,False,2026-08-18T22:02:54.576094+09:00
Medication Helpdesk,,,failed,False,2026-08-27T22:49:08.559687+09:00
Medication Helper,260.0,33.0,success,False,2026-08-28T00:25:56.872854+09:00
Medication History,12100.0,0.0,success,True,2026-08-19T20:39:50.711958+09:00
Medication Hotline,110.0,39.0,success,False,2026-08-19T21:09:59.006110+09:00
Medication Hub,10.0,1.0,success,False,2026-08-17T23:24:01.156266+09:00
Medication Identifier,40500.0,1.0,success,False,2026-08-23T13:07:23.083484+09:00
Medication Incentive,,,failed,False,2026-08-27T21:17:03.008156+09:00
Medication Index,1300.0,2.0,success,False,2026-08-19T21:08:54.298412+09:00
Medication Insight,,,failed,False,2026-08-17T23:32:49.252049+09:00
Medication Installment,,,failed,False,2026-08-23T16:14:44.482791+09:00
Medication Item,,,failed,False,2026-08-21T01:54:45.555150+09:00
Medication Journal,140.0,90.0,success,False,2026-08-18T22:02:33.707465+09:00
Medication Keeper,10.0,100.0,success,False,2026-08-17T23:09:15.899406+09:00
Medication Lab,30.0,3.0,success,False,2026-08-17T23:06:02.733299+09:00
Medication Label,1900.0,55.0,success,False,2026-08-27T22:11:47.365503+09:00
Medication Ledger,,,failed,False,2026-08-17T23:04:15.040980+09:00
Medication Lens,,,failed,False,2026-08-17T23:15:02.433018+09:00
Medication Level,90.0,1.0,success,False,2026-08-19T20:40:06.734480+09:00
Medication Link,,,failed,False,2026-08-23T03:19:44.954715+09:00
Medication List,12100.0,4.0,success,False,2026-08-19T21:52:45.174751+09:00
Medication Loan,,,failed,False,2026-08-21T02:10:45.957047+09:00
Medication Locator,880.0,4.0,success,False,2026-08-19T00:03:53.943426+09:00
Medication Lock,140.0,100.0,success,False,2026-08-17T23:08:11.112323+09:00
Medication Locker,90.0,100.0,success,False,2026-08-19T00:38:36.857956+09:00
Medication Log,1600.0,99.0,success,False,2026-08-19T13:23:28.561494+09:00
Medication Loop,,,failed,False,2026-08-17T23:11:50.330995+09:00
Medication Manager,170.0,4.0,success,False,2026-08-17T23:31:45.267981+09:00
Medication Manual,30.0,20.0,success,False,2026-08-27T22:11:50.573955+09:00
Medication Map,40.0,0.0,success,False,2026-08-17T23:27:21.585941+09:00
Medication Margin,,,failed,False,2026-08-23T02:55:28.144750+09:00
Medication Markup,,,failed,False,2026-08-23T16:39:03.767500+09:00
Medication Memo,,,failed,False,2026-08-21T00:29:55.538883+09:00
Medication Message,,,failed,False,2026-08-27T23:14:19.159911+09:00
Medication Meter,,,failed,False,2026-08-17T23:29:49.351305+09:00
Medication Metrics,,,failed,False,2026-08-17T23:07:11.054257+09:00
Medication Monitor,320.0,3.0,success,False,2026-08-17T23:12:24.724350+09:00
Medication Navigator,,,failed,False,2026-08-17T23:33:13.848442+09:00
Medication Nexus,,,failed,False,2026-08-17T23:31:12.330432+09:00
Medication Node,,,failed,False,2026-08-17T23:30:49.193189+09:00
Medication Note,20.0,11.0,success,False,2026-08-19T13:24:58.997710+09:00
Medication Notification,20.0,14.0,success,False,2026-08-27T22:48:58.866644+09:00
Medication Number,140.0,5.0,success,False,2026-08-23T03:19:37.789366+09:00
Medication Office,,,failed,False,2026-08-19T00:04:18.277485+09:00
Medication Ops,,,failed,False,2026-08-17T22:46:53.613180+09:00
Medication Order,9900.0,13.0,success,False,2026-08-19T21:51:58.682281+09:00
Medication Organizer,12100.0,100.0,success,False,2026-08-17T23:32:37.778770+09:00
Medication Overage,,,failed,False,2026-08-27T21:47:58.388035+09:00
Medication Overdue,,,failed,False,2026-08-27T21:47:56.115586+09:00
Medication Panel,20.0,4.0,success,False,2026-08-17T23:29:34.686853+09:00
Medication Pass,170.0,2.0,success,False,2026-08-21T00:29:07.557420+09:00
Medication Path,,,failed,False,2026-08-17T23:13:28.338167+09:00
Medication Payoff,,,failed,False,2026-08-27T21:47:56.115586+09:00
Medication Petition,,,failed,False,2026-08-21T01:02:00.042656+09:00
Medication Pilot,,,failed,False,2026-08-17T23:12:05.919804+09:00
Medication Plan,480.0,87.0,success,False,2026-08-21T01:54:53.118600+09:00
Medication Planner,480.0,87.0,success,False,2026-08-17T23:32:21.137516+09:00
Medication Playbook,,,failed,False,2026-08-18T21:06:03.853095+09:00
Medication Point,,,failed,False,2026-08-17T23:27:06.990402+09:00
Medication Portal,320.0,1.0,success,False,2026-08-17T23:29:14.907859+09:00
Medication Preview,,,failed,False,2026-08-28T01:06:51.354656+09:00
Medication Profile,210.0,4.0,success,False,2026-08-19T13:25:22.323430+09:00
Medication Profit,,,failed,False,2026-08-23T02:55:13.896073+09:00
Medication Proposal,,,failed,False,2026-08-28T01:06:54.096928+09:00
Medication Pulse,,,failed,False,2026-08-17T23:06:24.757707+09:00
Medication Queue,,,failed,False,2026-08-19T21:09:22.382807+09:00
Medication Quota,,,failed,False,2026-08-21T00:30:03.627747+09:00
Medication Radar,,,failed,False,2026-08-17T23:06:45.787789+09:00
Medication Rail,,,failed,False,2026-08-17T23:30:19.900529+09:00
Medication Rate,10.0,0.0,success,False,2026-08-19T20:40:17.061535+09:00
Medication Recap,,,failed,False,2026-08-21T01:02:13.283707+09:00
Medication Receipt,110.0,3.0,success,False,2026-08-19T21:52:20.652566+09:00
Medication Recorder,,,failed,False,2026-08-27T23:35:13.146180+09:00
Medication Redemption,,,failed,False,2026-08-23T16:39:07.006923+09:00
Medication Register,40.0,3.0,success,False,2026-08-17T23:33:25.716051+09:00
Medication Registry,20.0,0.0,success,False,2026-08-18T22:03:05.761687+09:00
Medication Relay,,,failed,False,2026-08-17T23:24:44.637673+09:00
Medication Reminder,2900.0,78.0,success,False,2026-08-19T21:08:31.191170+09:00
Medication Report,70.0,0.0,success,False,2026-08-19T13:23:19.735168+09:00
Medication Repository,,,failed,False,2026-08-27T23:14:27.057874+09:00
Medication Roadmap,,,failed,False,2026-08-18T22:04:08.939820+09:00
Medication Roster,,,failed,False,2026-08-19T00:38:56.335177+09:00
Medication Route,3600.0,0.0,success,True,2026-08-17T23:30:05.459796+09:00
Medication Rule,20.0,1.0,success,False,2026-08-23T03:19:49.312069+09:00
Medication Sale,20.0,50.0,success,False,2026-08-21T02:25:59.297290+09:00
Medication Sample,320.0,6.0,success,False,2026-08-19T21:53:37.602067+09:00
Medication Scale,110.0,100.0,success,False,2026-08-17T23:03:55.937111+09:00
Medication Scanner,170.0,72.0,success,False,2026-08-27T23:56:43.300961+09:00
Medication Scheduler,1000.0,21.0,success,False,2026-08-17T23:05:17.262710+09:00
Medication Scope,,,failed,False,2026-08-17T23:26:22.390418+09:00
Medication Score,20.0,0.0,success,False,2026-08-19T13:24:52.365790+09:00
Medication Sentry,,,failed,False,2026-08-17T23:31:30.005121+09:00
Medication Serial,,,failed,False,2026-08-23T13:27:46.545552+09:00
Medication Sheet,720.0,81.0,success,False,2026-08-19T13:24:17.578330+09:00
Medication Shortfall,,,failed,False,2026-08-27T21:48:04.359972+09:00
Medication Signal,,,failed,False,2026-08-17T23:26:08.164356+09:00
Medication Signature,10.0,0.0,success,False,2026-08-23T13:27:48.876436+09:00
Medication Slip,50.0,0.0,success,False,2026-08-19T21:53:24.173556+09:00
Medication Slot,,,failed,False,2026-08-19T21:53:47.413598+09:00
Medication Snapshot,,,failed,False,2026-08-18T22:02:44.404885+09:00
Medication Stake,,,failed,False,2026-08-23T02:55:24.224280+09:00
Medication Statement,30.0,0.0,success,False,2026-08-21T00:29:35.718141+09:00
Medication Station,1900.0,0.0,success,True,2026-08-17T23:28:41.981102+09:00
Medication Status,30.0,0.0,success,False,2026-08-19T20:39:32.642664+09:00
Medication Stipend,,,failed,False,2026-08-23T13:47:23.462533+09:00
Medication Streak,,,failed,False,2026-08-28T00:48:02.582128+09:00
Medication Stub,,,failed,False,2026-08-21T00:29:27.962730+09:00
Medication Studio,,,failed,False,2026-08-17T23:28:17.323230+09:00
Medication Subsidy,20.0,7.0,success,False,2026-08-23T15:52:04.916947+09:00
Medication Suite,,,failed,False,2026-08-17T23:03:34.150622+09:00
Medication Sum,,,failed,False,2026-08-21T02:25:44.046093+09:00
Medication Summary,90.0,0.0,success,False,2026-08-19T21:08:11.674763+09:00
Medication Sync,10.0,1.0,success,False,2026-08-17T23:23:43.975283+09:00
Medication Tab,390.0,3.0,success,False,2026-08-21T00:30:17.662990+09:00
Medication Table,170.0,29.0,success,False,2026-08-19T21:52:57.085670+09:00
Medication Tag,170.0,4.0,success,False,2026-08-19T13:25:08.614186+09:00
Medication Tally,,,failed,False,2026-08-21T00:29:43.441391+09:00
Medication Tariff,320.0,0.0,success,False,2026-08-21T02:41:18.531749+09:00
Medication Tax,,,failed,False,2026-08-21T02:10:41.178409+09:00
Medication Ticket,390.0,0.0,success,False,2026-08-19T21:09:08.250321+09:00
Medication Timeline,40.0,0.0,success,False,2026-08-19T21:08:21.181421+09:00
Medication Timer,880.0,46.0,success,False,2026-08-28T00:25:51.267385+09:00
Medication Toll,,,failed,False,2026-08-21T02:41:10.290966+09:00
Medication Toolbox,,,failed,False,2026-08-28T00:25:56.872854+09:00
Medication Toolkit,,,failed,False,2026-08-18T23:51:37.603365+09:00
Medication Total,10.0,0.0,success,False,2026-08-27T23:14:19.159911+09:00
Medication Tracker,1600.0,99.0,success,False,2026-08-17T23:10:33.409769+09:00
Medication Trail,,,failed,False,2026-08-17T23:05:41.457486+09:00
Medication Trend,,,failed,False,2026-08-28T01:06:43.929748+09:00
Medication Trial,260.0,16.0,success,False,2026-08-27T21:17:00.727259+09:00
Medication Unit,320.0,1.0,success,False,2026-08-21T01:54:48.965214+09:00
Medication Update,30.0,1.0,success,False,2026-08-19T20:40:26.363458+09:00
Medication Value,,,failed,False,2026-08-23T02:55:17.140000+09:00
Medication Vault,20.0,81.0,success,False,2026-08-17T23:13:46.002975+09:00
Medication Version,,,failed,False,2026-08-23T03:19:40.807348+09:00
Medication View,,,failed,False,2026-08-19T20:39:41.503731+09:00
Medication Voucher,,,failed,False,2026-08-21T00:29:13.109702+09:00
Medication Watch,30.0,60.0,success,False,2026-08-17T23:04:33.261831+09:00
Medication Wave,,,failed,False,2026-08-17T23:26:52.800903+09:00
Medication Widget,10.0,1.0,success,False,2026-08-27T23:14:21.600576+09:00
Medication Workbench,,,failed,False,2026-08-18T23:51:37.603365+09:00
Medication Worksheet,70.0,23.0,success,False,2026-08-27T22:11:50.573955+09:00
Medication Workshop,10.0,13.0,success,False,2026-08-28T00:25:53.963495+09:00
Medication Zone,10.0,0.0,success,False,2026-08-17T23:07:51.294970+09:00
Membership Advance,,,failed,False,2026-08-23T16:11:06.629164+09:00
Membership Advisory,,,failed,False,2026-08-21T01:05:32.279989+09:00
Membership Allowance,,,failed,False,2026-08-21T02:38:28.246618+09:00
Membership Almanac,,,failed,False,2026-08-18T22:07:38.070107+09:00
Membership Analyzer,,,failed,False,2026-08-27T23:50:54.897553+09:00
Membership Anchor,,,failed,False,2026-08-17T20:38:36.286112+09:00
Membership Announcement,50.0,0.0,success,False,2026-08-27T23:31:50.398588+09:00
Membership Arrears,,,failed,False,2026-08-23T16:15:40.537214+09:00
Membership Assistant,50.0,0.0,success,False,2026-08-17T23:03:48.755656+09:00
Membership Atlas,,,failed,False,2026-08-17T21:39:05.774100+09:00
Membership Badge,590.0,10.0,success,False,2026-08-21T00:32:13.850788+09:00
Membership Balance,,,failed,False,2026-08-23T13:47:18.876098+09:00
Membership Base,90.0,1.0,success,False,2026-08-17T21:35:02.943607+09:00
Membership Beacon,,,failed,False,2026-08-17T20:42:00.146835+09:00
Membership Bill,90.0,1.0,success,False,2026-08-19T21:54:00.654442+09:00
Membership Blueprint,10.0,0.0,success,False,2026-08-18T22:07:28.261653+09:00
Membership Board,18100.0,1.0,success,False,2026-08-17T21:31:49.761986+09:00
Membership Book,480.0,2.0,success,False,2026-08-19T21:54:53.460475+09:00
Membership Bridge,,,failed,False,2026-08-17T20:39:32.550443+09:00
Membership Brief,,,failed,False,2026-08-21T01:05:25.449789+09:00
Membership Bulletin,,,failed,False,2026-08-21T01:05:20.057524+09:00
Membership Calculator,40.0,1.0,success,False,2026-08-27T23:31:50.398588+09:00
Membership Calendar,40.0,4.0,success,False,2026-08-18T23:58:32.218218+09:00
Membership Card,18100.0,22.0,success,False,2026-08-19T13:22:09.591180+09:00
Membership Cascade,,,failed,False,2026-08-17T20:40:26.535789+09:00
Membership Cash,,,failed,False,2026-08-21T02:21:48.463008+09:00
Membership Cashback,,,failed,False,2026-08-27T21:12:56.642443+09:00
Membership Catalog,,,failed,False,2026-08-19T21:08:35.799168+09:00
Membership Center,8100.0,0.0,success,True,2026-08-17T20:44:09.032273+09:00
Membership Chain,,,failed,False,2026-08-17T20:33:31.328442+09:00
Membership Charge,170.0,0.0,success,False,2026-08-21T02:38:19.881796+09:00
Membership Check,2900.0,11.0,success,False,2026-08-19T13:23:10.003028+09:00
Membership Checker,20.0,3.0,success,False,2026-08-27T23:50:46.062882+09:00
Membership Checklist,,,failed,False,2026-08-19T21:07:45.336017+09:00
Membership Circular,,,failed,False,2026-08-21T01:05:28.222738+09:00
Membership Cockpit,,,failed,False,2026-08-17T23:15:28.966007+09:00
Membership Code,480.0,0.0,success,False,2026-08-19T21:54:22.632140+09:00
Membership Codex,,,failed,False,2026-08-18T22:07:53.653114+09:00
Membership Companion,,,failed,False,2026-08-17T23:14:16.588426+09:00
Membership Comparison,30.0,2.0,success,False,2026-08-28T01:02:19.302633+09:00
Membership Compass,,,failed,False,2026-08-17T20:42:47.401639+09:00
Membership Compendium,,,failed,False,2026-08-18T22:07:45.209206+09:00
Membership Confirmation,140.0,0.0,success,False,2026-08-21T01:07:59.313235+09:00
Membership Console,,,failed,False,2026-08-17T20:41:35.724700+09:00
Membership Contribution,260.0,1.0,success,False,2026-08-23T16:15:37.311219+09:00
Membership Core,1900.0,0.0,success,True,2026-08-17T21:33:59.802696+09:00
Membership Cost,2900.0,0.0,success,True,2026-08-21T02:07:29.886940+09:00
Membership Count,1300.0,0.0,success,True,2026-08-27T22:44:57.466905+09:00
Membership Counter,1300.0,0.0,success,True,2026-08-18T23:59:24.120788+09:00
Membership Coupon,170.0,2.0,success,False,2026-08-27T21:12:51.148194+09:00
Membership Dashboard,480.0,10.0,success,False,2026-08-17T23:07:23.914294+09:00
Membership Deal,320.0,12.0,success,False,2026-08-21T01:50:57.666770+09:00
Membership Debt,,,failed,False,2026-08-21T02:21:41.084768+09:00
Membership Deck,,,failed,False,2026-08-17T21:30:41.512165+09:00
Membership Depot,,,failed,False,2026-08-18T23:59:06.121375+09:00
Membership Desk,70.0,16.0,success,False,2026-08-17T20:46:26.563596+09:00
Membership Detail,880.0,0.0,success,False,2026-08-23T03:18:18.334398+09:00
Membership Detector,,,failed,False,2026-08-27T23:50:54.897553+09:00
Membership Dial,,,failed,False,2026-08-17T20:40:01.743309+09:00
Membership Digest,,,failed,False,2026-08-19T20:39:30.002249+09:00
Membership Directory,1900.0,4.0,success,False,2026-08-18T23:58:41.085151+09:00
Membership Discount,390.0,7.0,success,False,2026-08-23T16:15:31.472081+09:00
Membership Dock,,,failed,False,2026-08-17T20:36:17.521162+09:00
Membership Dossier,,,failed,False,2026-08-21T01:05:53.776527+09:00
Membership Downpayment,,,failed,False,2026-08-27T21:45:59.200970+09:00
Membership Draft,,,failed,False,2026-08-19T20:39:47.752844+09:00
Membership Due,880.0,0.0,success,False,2026-08-23T15:52:18.208311+09:00
Membership Duty,,,failed,False,2026-08-21T02:38:23.344262+09:00
Membership Engine,,,failed,False,2026-08-17T23:12:17.050075+09:00
Membership Entry,90.0,1.0,success,False,2026-08-21T01:06:09.386639+09:00
Membership Estimate,,,failed,False,2026-08-19T21:08:23.714003+09:00
Membership Estimator,,,failed,False,2026-08-27T23:50:42.966915+09:00
Membership Excerpt,,,failed,False,2026-08-21T01:06:05.335895+09:00
Membership Extension,70.0,0.0,success,False,2026-08-23T16:37:04.042408+09:00
Membership Fare,,,failed,False,2026-08-21T02:07:37.270032+09:00
Membership Fee,4400.0,0.0,success,True,2026-08-21T01:50:28.240015+09:00
Membership Feed,,,failed,False,2026-08-19T20:39:37.927726+09:00
Membership File,40.0,0.0,success,False,2026-08-19T20:38:53.768635+09:00
Membership Finder,,,failed,False,2026-08-18T23:58:57.268328+09:00
Membership Fine,,,failed,False,2026-08-23T02:54:08.933520+09:00
Membership Flag,,,failed,False,2026-08-21T00:32:54.976982+09:00
Membership Flow,,,failed,False,2026-08-17T21:31:15.457583+09:00
Membership Forge,,,failed,False,2026-08-17T20:41:09.985510+09:00
Membership Form,2400.0,6.0,success,False,2026-08-19T13:21:55.310171+09:00
Membership Format,2400.0,6.0,success,False,2026-08-23T13:07:00.691919+09:00
Membership Frame,,,failed,False,2026-08-17T21:36:07.544663+09:00
Membership Fund,,,failed,False,2026-08-21T02:21:44.938268+09:00
Membership Gate,50.0,1.0,success,False,2026-08-18T07:51:58.234946+09:00
Membership Generator,10.0,0.0,success,False,2026-08-27T23:31:53.599891+09:00
Membership Giveaway,30.0,0.0,success,False,2026-08-27T21:13:01.722363+09:00
Membership Grade,,,failed,False,2026-08-21T00:32:38.054061+09:00
Membership Graph,,,failed,False,2026-08-27T22:06:55.016444+09:00
Membership Grid,10.0,10.0,success,False,2026-08-17T20:34:01.116253+09:00
Membership Guarantee,,,failed,False,2026-08-28T01:02:23.926913+09:00
Membership Guard,,,failed,False,2026-08-17T21:34:29.947705+09:00
Membership Guardian,2400.0,7.0,success,False,2026-08-28T00:21:14.040617+09:00
Membership Guidebook,,,failed,False,2026-08-18T22:07:12.146632+09:00
Membership Helpdesk,,,failed,False,2026-08-27T22:44:57.466905+09:00
Membership Helper,,,failed,False,2026-08-28T00:21:19.709791+09:00
Membership History,40.0,0.0,success,False,2026-08-19T20:38:42.409315+09:00
Membership Hotline,,,failed,False,2026-08-19T21:08:46.825044+09:00
Membership Hub,6600.0,6.0,success,False,2026-08-17T21:30:08.257838+09:00
Membership Identifier,,,failed,False,2026-08-23T13:06:58.194774+09:00
Membership Incentive,50.0,4.0,success,False,2026-08-27T21:12:59.208111+09:00
Membership Index,210.0,1.0,success,False,2026-08-19T21:07:55.214041+09:00
Membership Insight,,,failed,False,2026-08-17T23:08:44.294677+09:00
Membership Installment,,,failed,False,2026-08-23T16:15:33.574414+09:00
Membership Interest,170.0,0.0,success,False,2026-08-23T13:47:18.876098+09:00
Membership Item,,,failed,False,2026-08-21T01:50:32.476329+09:00
Membership Journal,,,failed,False,2026-08-18T22:06:54.214613+09:00
Membership Keeper,,,failed,False,2026-08-17T21:36:36.847955+09:00
Membership Kit,4400.0,43.0,success,False,2026-08-27T22:44:50.273695+09:00
Membership Lab,,,failed,False,2026-08-17T20:47:04.642239+09:00
Membership Label,,,failed,False,2026-08-27T22:06:55.016444+09:00
Membership Ledger,70.0,3.0,success,False,2026-08-17T21:33:02.340741+09:00
Membership Lens,,,failed,False,2026-08-17T21:37:08.932405+09:00
Membership Level,720.0,4.0,success,False,2026-08-19T20:39:03.354865+09:00
Membership Levy,,,failed,False,2026-08-23T13:47:23.462533+09:00
Membership Link,1600.0,1.0,success,False,2026-08-23T03:18:09.441113+09:00
Membership List,1600.0,0.0,success,True,2026-08-19T21:54:34.064665+09:00
Membership Loan,260.0,39.0,success,False,2026-08-21T02:07:46.443072+09:00
Membership Locator,,,failed,False,2026-08-18T23:58:49.693970+09:00
Membership Lock,,,failed,False,2026-08-17T21:39:57.727763+09:00
Membership Log,201000.0,0.0,success,True,2026-08-19T13:21:40.944519+09:00
Membership Loop,,,failed,False,2026-08-17T20:34:51.045190+09:00
Membership Manager,480.0,4.0,success,False,2026-08-17T21:35:36.118436+09:00
Membership Manual,30.0,0.0,success,False,2026-08-27T22:06:58.606007+09:00
Membership Map,1600.0,7.0,success,False,2026-08-17T21:38:15.647846+09:00
Membership Margin,,,failed,False,2026-08-23T02:54:06.073801+09:00
Membership Markup,,,failed,False,2026-08-23T16:37:01.033816+09:00
Membership Memo,,,failed,False,2026-08-21T00:32:43.028189+09:00
Membership Message,210.0,0.0,success,False,2026-08-27T23:09:59.459850+09:00
Membership Meter,,,failed,False,2026-08-17T20:39:09.333217+09:00
Membership Metrics,10.0,0.0,success,False,2026-08-17T23:12:34.850967+09:00
Membership Monitor,,,failed,False,2026-08-17T23:05:32.537259+09:00
Membership Navigator,,,failed,False,2026-08-17T23:10:22.607509+09:00
Membership Nexus,,,failed,False,2026-08-17T21:41:14.862117+09:00
Membership Node,,,failed,False,2026-08-18T07:43:59.355214+09:00
Membership Note,,,failed,False,2026-08-19T13:23:28.561494+09:00
Membership Notification,,,failed,False,2026-08-27T22:44:46.439478+09:00
Membership Number,4400.0,0.0,success,True,2026-08-23T03:18:03.824260+09:00
Membership Office,170.0,2.0,success,False,2026-08-18T23:59:14.499030+09:00
Membership Ops,,,failed,False,2026-08-17T23:09:02.276027+09:00
Membership Order,,,failed,False,2026-08-19T21:53:52.421179+09:00
Membership Organizer,,,failed,False,2026-08-17T23:13:55.425659+09:00
Membership Overage,,,failed,False,2026-08-27T21:45:59.200970+09:00
Membership Overdraft,,,failed,False,2026-08-23T15:52:18.208311+09:00
Membership Overdue,,,failed,False,2026-08-27T21:45:56.763524+09:00
Membership Panel,,,failed,False,2026-08-17T20:40:48.754907+09:00
Membership Pass,390.0,3.0,success,False,2026-08-21T00:32:00.759395+09:00
Membership Path,,,failed,False,2026-08-18T07:43:31.933030+09:00
Membership Payoff,,,failed,False,2026-08-27T21:45:56.763524+09:00
Membership Penalty,,,failed,False,2026-08-23T16:39:38.014835+09:00
Membership Petition,,,failed,False,2026-08-21T01:05:40.713486+09:00
Membership Pilot,,,failed,False,2026-08-17T20:47:47.373505+09:00
Membership Plan,720.0,3.0,success,False,2026-08-21T01:50:51.985309+09:00
Membership Planner,,,failed,False,2026-08-17T23:06:57.045511+09:00
Membership Playbook,,,failed,False,2026-08-18T22:06:45.698700+09:00
Membership Point,320.0,1.0,success,False,2026-08-17T21:41:44.845375+09:00
Membership Portal,135000.0,0.0,success,True,2026-08-17T20:42:19.428112+09:00
Membership Preview,,,failed,False,2026-08-28T01:02:19.302633+09:00
Membership Profile,1300.0,0.0,success,True,2026-08-19T13:24:10.018965+09:00
Membership Profit,,,failed,False,2026-08-23T02:53:56.783780+09:00
Membership Proposal,10.0,10.0,success,False,2026-08-28T01:02:23.926913+09:00
Membership Pulse,,,failed,False,2026-08-17T20:32:57.689274+09:00
Membership Queue,,,failed,False,2026-08-19T21:08:13.592372+09:00
Membership Quota,,,failed,False,2026-08-21T00:32:50.317142+09:00
Membership Radar,,,failed,False,2026-08-17T20:45:33.619281+09:00
Membership Rail,,,failed,False,2026-08-17T20:35:19.683482+09:00
Membership Rate,480.0,2.0,success,False,2026-08-19T20:39:14.214038+09:00
Membership Recap,,,failed,False,2026-08-21T01:05:51.926035+09:00
Membership Receipt,70.0,2.0,success,False,2026-08-19T21:54:13.234763+09:00
Membership Recorder,,,failed,False,2026-08-27T23:31:58.292490+09:00
Membership Redemption,,,failed,False,2026-08-23T16:37:01.033816+09:00
Membership Register,1600.0,1.0,success,False,2026-08-17T23:04:42.962346+09:00
Membership Registry,1600.0,1.0,success,False,2026-08-18T22:07:18.676319+09:00
Membership Relay,,,failed,False,2026-08-17T20:44:29.668652+09:00
Membership Reminder,50.0,0.0,success,False,2026-08-19T21:07:34.937888+09:00
Membership Report,170.0,1.0,success,False,2026-08-19T13:21:04.898366+09:00
Membership Repository,,,failed,False,2026-08-27T23:10:05.739440+09:00
Membership Roadmap,10.0,0.0,success,False,2026-08-18T22:08:00.506560+09:00
Membership Roll,170.0,1.0,success,False,2026-08-19T12:24:32.971008+09:00
Membership Roster,260.0,2.0,success,False,2026-08-19T00:37:55.750406+09:00
Membership Route,,,failed,False,2026-08-17T20:37:16.947301+09:00
Membership Rule,90.0,0.0,success,False,2026-08-23T03:18:14.803596+09:00
Membership Sale,320.0,6.0,success,False,2026-08-21T02:21:55.234205+09:00
Membership Sample,10.0,0.0,success,False,2026-08-19T21:55:14.913375+09:00
Membership Scale,,,failed,False,2026-08-17T20:38:12.491374+09:00
Membership Scheduler,,,failed,False,2026-08-17T23:11:03.494377+09:00
Membership Scope,,,failed,False,2026-08-17T20:35:50.076535+09:00
Membership Score,,,failed,False,2026-08-19T13:23:19.735168+09:00
Membership Sentry,,,failed,False,2026-08-17T21:37:44.992622+09:00
Membership Sheet,50.0,2.0,success,False,2026-08-19T13:22:59.111226+09:00
Membership Shortfall,,,failed,False,2026-08-27T21:46:01.626926+09:00
Membership Signal,,,failed,False,2026-08-17T20:37:47.401646+09:00
Membership Slip,40.0,0.0,success,False,2026-08-19T21:55:03.832007+09:00
Membership Slot,,,failed,False,2026-08-19T21:55:20.954175+09:00
Membership Snapshot,,,failed,False,2026-08-18T22:07:03.148226+09:00
Membership Stake,,,failed,False,2026-08-23T02:54:03.941195+09:00
Membership Statement,110.0,1.0,success,False,2026-08-21T00:32:26.715092+09:00
Membership Station,,,failed,False,2026-08-17T20:45:56.929111+09:00
Membership Status,390.0,0.0,success,False,2026-08-19T20:38:24.406986+09:00
Membership Stipend,10.0,0.0,success,False,2026-08-23T13:47:27.498118+09:00
Membership Stub,,,failed,False,2026-08-21T00:32:18.028421+09:00
Membership Studio,,,failed,False,2026-08-17T20:48:23.905428+09:00
Membership Subsidy,,,failed,False,2026-08-23T15:52:18.208311+09:00
Membership Suite,50.0,3.0,success,False,2026-08-17T23:09:26.162855+09:00
Membership Sum,,,failed,False,2026-08-21T02:21:33.857873+09:00
Membership Summary,10.0,0.0,success,False,2026-08-19T21:07:13.159437+09:00
Membership Surtax,,,failed,False,2026-08-23T15:52:20.216125+09:00
Membership Sync,,,failed,False,2026-08-17T21:32:25.465592+09:00
Membership Tab,40.0,4.0,success,False,2026-08-21T00:32:59.208813+09:00
Membership Table,390.0,0.0,success,False,2026-08-19T21:54:42.461641+09:00
Membership Tag,2400.0,2.0,success,False,2026-08-19T13:23:46.954730+09:00
Membership Tally,,,failed,False,2026-08-21T00:32:31.934653+09:00
Membership Tariff,,,failed,False,2026-08-21T02:38:33.089549+09:00
Membership Tax,40.0,8.0,success,False,2026-08-21T02:07:41.553019+09:00
Membership Ticket,210.0,4.0,success,False,2026-08-19T21:08:03.467133+09:00
Membership Tier,880.0,1.0,success,False,2026-08-28T00:45:52.715901+09:00
Membership Timeline,,,failed,False,2026-08-19T21:07:23.410704+09:00
Membership Timer,,,failed,False,2026-08-28T00:21:11.601666+09:00
Membership Toll,,,failed,False,2026-08-21T02:38:25.978724+09:00
Membership Toolbox,10.0,29.0,success,False,2026-08-28T00:21:17.081309+09:00
Membership Toolkit,9900.0,27.0,success,False,2026-08-18T22:06:37.464016+09:00
Membership Total,10.0,0.0,success,False,2026-08-27T23:09:59.459850+09:00
Membership Tracker,210.0,32.0,success,False,2026-08-17T21:33:28.260657+09:00
Membership Trail,,,failed,False,2026-08-17T20:34:23.568448+09:00
Membership Trend,,,failed,False,2026-08-28T01:02:16.682385+09:00
Membership Trial,40.0,8.0,success,False,2026-08-27T21:12:56.642443+09:00
Membership Unit,,,failed,False,2026-08-21T01:50:49.145007+09:00
Membership Update,210.0,0.0,success,False,2026-08-19T20:39:21.250222+09:00
Membership Value,590.0,63.0,success,False,2026-08-23T02:53:58.718739+09:00
Membership Vault,140.0,20.0,success,False,2026-08-17T20:43:44.073906+09:00
Membership Version,,,failed,False,2026-08-23T03:18:07.042470+09:00
Membership View,10.0,,success,False,2026-08-19T20:38:33.715363+09:00
Membership Voucher,70.0,0.0,success,False,2026-08-21T00:32:06.767489+09:00
Membership Watch,,,failed,False,2026-08-17T20:36:48.387810+09:00
Membership Wave,10.0,0.0,success,False,2026-08-17T20:31:46.547401+09:00
Membership Widget,50.0,1.0,success,False,2026-08-27T23:10:02.620929+09:00
Membership Workbench,,,failed,False,2026-08-18T22:06:27.903433+09:00
Membership Worksheet,40.0,0.0,success,False,2026-08-27T22:07:05.837486+09:00
Membership Workshop,140.0,5.0,success,False,2026-08-28T00:21:11.601666+09:00
Membership Zone,,,failed,False,2026-08-17T20:43:15.863986+09:00
Memorial Advance,30.0,0.0,success,False,2026-08-23T16:16:43.466007+09:00
Memorial Advisory,,,failed,False,2026-08-21T01:06:53.303863+09:00
Memorial Allowance,,,failed,False,2026-08-21T02:38:43.386978+09:00
Memorial Almanac,,,failed,False,2026-08-18T23:51:37.603365+09:00
Memorial Analyzer,,,failed,False,2026-08-27T23:54:10.053801+09:00
Memorial Anchor,8100.0,7.0,success,False,2026-08-17T23:28:37.439215+09:00
Memorial Announcement,320.0,100.0,success,False,2026-08-27T23:33:31.795696+09:00
Memorial Assistant,1300.0,3.0,success,False,2026-08-17T23:24:40.372556+09:00
Memorial Atlas,,,failed,False,2026-08-17T23:23:41.484558+09:00
Memorial Badge,140.0,99.0,success,False,2026-08-21T00:31:57.081328+09:00
Memorial Balance,,,failed,False,2026-08-23T13:47:56.055627+09:00
Memorial Base,30.0,30.0,success,False,2026-08-17T23:30:33.375533+09:00
Memorial Beacon,210.0,6.0,success,False,2026-08-17T23:28:04.378663+09:00
Memorial Bill,320.0,0.0,success,False,2026-08-19T21:48:07.459723+09:00
Memorial Blueprint,,,failed,False,2026-08-18T23:51:37.603365+09:00
Memorial Board,390.0,100.0,success,False,2026-08-17T23:13:04.753315+09:00
Memorial Book,22200.0,100.0,success,False,2026-08-19T21:49:14.059786+09:00
Memorial Bridge,14800.0,4.0,success,False,2026-08-17T23:11:46.496961+09:00
Memorial Brief,,,failed,False,2026-08-21T01:06:44.007854+09:00
Memorial Bulletin,40.0,100.0,success,False,2026-08-21T01:06:36.051415+09:00
Memorial Cabinet,140.0,99.0,success,False,2026-08-27T23:11:21.967752+09:00
Memorial Calendar,140.0,1.0,success,False,2026-08-19T00:04:03.544716+09:00
Memorial Card,8100.0,100.0,success,False,2026-08-19T13:23:44.398972+09:00
Memorial Cascade,,,failed,False,2026-08-17T23:28:17.323230+09:00
Memorial Cash,,,failed,False,2026-08-21T02:21:44.938268+09:00
Memorial Cashback,,,failed,False,2026-08-27T21:20:01.117686+09:00
Memorial Category,,,failed,False,2026-08-23T13:07:23.083484+09:00
Memorial Center,1900.0,7.0,success,False,2026-08-17T23:09:32.191803+09:00
Memorial Chain,880.0,100.0,success,False,2026-08-17T23:14:22.352504+09:00
Memorial Charge,,,failed,False,2026-08-21T02:38:33.089549+09:00
Memorial Check,,,failed,False,2026-08-19T13:24:17.578330+09:00
Memorial Checker,,,failed,False,2026-08-27T23:54:04.696724+09:00
Memorial Circular,,,failed,False,2026-08-21T01:06:48.856434+09:00
Memorial Cockpit,,,failed,False,2026-08-17T23:15:32.901211+09:00
Memorial Code,20.0,1.0,success,False,2026-08-19T21:48:34.329578+09:00
Memorial Codex,,,failed,False,2026-08-18T23:51:37.603365+09:00
Memorial Companion,,,failed,False,2026-08-17T23:26:20.273293+09:00
Memorial Comparison,,,failed,False,2026-08-28T01:05:08.626878+09:00
Memorial Compass,10.0,61.0,success,False,2026-08-17T23:10:08.054607+09:00
Memorial Compendium,,,failed,False,2026-08-18T23:51:37.603365+09:00
Memorial Confirmation,,,failed,False,2026-08-21T01:07:02.843245+09:00
Memorial Console,,,failed,False,2026-08-17T23:32:21.137516+09:00
Memorial Contribution,320.0,22.0,success,False,2026-08-23T16:16:41.227574+09:00
Memorial Core,10.0,0.0,success,False,2026-08-17T23:05:59.212452+09:00
Memorial Cost,40.0,7.0,success,False,2026-08-21T02:14:55.250493+09:00
Memorial Count,,,failed,False,2026-08-27T22:45:43.680386+09:00
Memorial Counter,10.0,0.0,success,False,2026-08-19T00:04:47.180412+09:00
Memorial Coupon,,,failed,False,2026-08-27T21:19:58.870068+09:00
Memorial Dashboard,10.0,0.0,success,False,2026-08-17T23:26:06.305227+09:00
Memorial Deal,110.0,0.0,success,False,2026-08-21T01:58:55.002196+09:00
Memorial Debt,,,failed,False,2026-08-21T02:21:38.988991+09:00
Memorial Deck,,,failed,False,2026-08-17T23:31:10.385394+09:00
Memorial Depot,,,failed,False,2026-08-19T00:04:35.680723+09:00
Memorial Desk,90.0,17.0,success,False,2026-08-17T23:08:28.176792+09:00
Memorial Detail,,,failed,False,2026-08-23T03:19:05.834960+09:00
Memorial Detector,,,failed,False,2026-08-27T23:54:10.053801+09:00
Memorial Dial,10.0,0.0,success,False,2026-08-17T23:32:34.743858+09:00
Memorial Digest,,,failed,False,2026-08-19T20:45:29.456295+09:00
Memorial Directory,30.0,1.0,success,False,2026-08-19T00:04:14.172620+09:00
Memorial Discount,30.0,0.0,success,False,2026-08-23T16:16:38.945846+09:00
Memorial Dock,,,failed,False,2026-08-17T23:33:00.502135+09:00
Memorial Dossier,,,failed,False,2026-08-21T01:07:07.368570+09:00
Memorial Draft,30.0,0.0,success,False,2026-08-19T20:45:40.802029+09:00
Memorial Due,,,failed,False,2026-08-23T15:52:42.470276+09:00
Memorial Duty,,,failed,False,2026-08-21T02:38:37.938007+09:00
Memorial Endowment,10.0,0.0,success,False,2026-08-23T15:52:42.470276+09:00
Memorial Engine,590.0,0.0,success,False,2026-08-17T23:12:20.668668+09:00
Memorial Entry,,,failed,False,2026-08-21T01:07:21.862187+09:00
Memorial Estimate,,,failed,False,2026-08-19T21:31:29.606643+09:00
Memorial Estimator,,,failed,False,2026-08-27T23:54:02.041371+09:00
Memorial Excerpt,,,failed,False,2026-08-21T01:07:17.420617+09:00
Memorial Fare,,,failed,False,2026-08-21T02:15:10.297403+09:00
Memorial Fee,,,failed,False,2026-08-21T01:58:38.358988+09:00
Memorial Feed,,,failed,False,2026-08-19T20:45:35.048925+09:00
Memorial Field,12100.0,3.0,success,False,2026-08-23T13:07:26.060181+09:00
Memorial File,20.0,1.0,success,False,2026-08-19T20:44:53.798353+09:00
Memorial Finder,10.0,22.0,success,False,2026-08-19T00:04:30.591993+09:00
Memorial Fine,10.0,0.0,success,False,2026-08-23T02:54:28.936816+09:00
Memorial Flag,720.0,100.0,success,False,2026-08-21T00:32:40.998784+09:00
Memorial Flow,,,failed,False,2026-08-17T23:27:06.990402+09:00
Memorial Forge,,,failed,False,2026-08-17T23:04:29.933530+09:00
Memorial Form,210.0,5.0,success,False,2026-08-19T13:23:25.617100+09:00
Memorial Format,210.0,5.0,success,False,2026-08-23T13:07:29.372228+09:00
Memorial Frame,880.0,99.0,success,False,2026-08-17T23:11:27.104300+09:00
Memorial Fund,880.0,4.0,success,False,2026-08-21T02:21:41.084768+09:00
Memorial Gate,1600.0,1.0,success,False,2026-08-17T23:33:40.972373+09:00
Memorial Generator,30.0,17.0,success,False,2026-08-27T23:33:37.262266+09:00
Memorial Giveaway,,,failed,False,2026-08-26T22:29:25.643786+09:00
Memorial Grade,,,failed,False,2026-08-21T00:32:20.380964+09:00
Memorial Grid,,,failed,False,2026-08-17T23:08:08.981233+09:00
Memorial Guarantee,,,failed,False,2026-08-28T01:05:14.146226+09:00
Memorial Guard,40.0,27.0,success,False,2026-08-17T23:12:02.312580+09:00
Memorial Guardian,,,failed,False,2026-08-28T00:24:07.652921+09:00
Memorial Guidebook,,,failed,False,2026-08-18T23:51:37.603365+09:00
Memorial Helpdesk,,,failed,False,2026-08-27T22:45:43.680386+09:00
Memorial Helper,,,failed,False,2026-08-28T00:24:10.123784+09:00
Memorial History,170.0,0.0,success,False,2026-08-19T20:44:48.132741+09:00
Memorial Hub,20.0,0.0,success,False,2026-08-17T23:13:43.600383+09:00
Memorial Identifier,,,failed,False,2026-08-23T13:07:23.083484+09:00
Memorial Incentive,,,failed,False,2026-08-26T22:29:12.332951+09:00
Memorial Index,10.0,0.0,success,False,2026-08-19T21:31:14.747264+09:00
Memorial Insight,,,failed,False,2026-08-17T23:08:49.702335+09:00
Memorial Installment,,,failed,False,2026-08-23T16:16:41.227574+09:00
Memorial Item,880.0,100.0,success,False,2026-08-21T01:58:43.901709+09:00
Memorial Journal,140.0,99.0,success,False,2026-08-18T22:12:13.672404+09:00
Memorial Keeper,,,failed,False,2026-08-17T23:23:57.574570+09:00
Memorial Kit,10.0,100.0,success,False,2026-08-27T22:45:37.997038+09:00
Memorial Lab,720.0,40.0,success,False,2026-08-17T23:31:27.985495+09:00
Memorial Layout,50.0,44.0,success,False,2026-08-27T22:28:39.838514+09:00
Memorial Ledger,10.0,100.0,success,False,2026-08-17T23:30:45.182553+09:00
Memorial Lens,20.0,2.0,success,False,2026-08-17T23:30:16.319777+09:00
Memorial Level,,,failed,False,2026-08-19T20:45:06.240403+09:00
Memorial Link,90.0,0.0,success,False,2026-08-23T03:18:56.291245+09:00
Memorial List,140.0,0.0,success,False,2026-08-19T21:48:48.534569+09:00
Memorial Loan,,,failed,False,2026-08-21T02:15:19.980644+09:00
Memorial Locator,,,failed,False,2026-08-19T00:04:23.577898+09:00
Memorial Lock,,,failed,False,2026-08-17T23:30:03.516281+09:00
Memorial Log,20.0,18.0,success,False,2026-08-19T13:23:16.958274+09:00
Memorial Loop,40.0,0.0,success,False,2026-08-17T23:29:09.953642+09:00
Memorial Manager,,,failed,False,2026-08-17T23:05:11.266926+09:00
Memorial Manual,,,failed,False,2026-08-27T22:06:46.717056+09:00
Memorial Map,1900.0,0.0,success,True,2026-08-17T23:04:12.037031+09:00
Memorial Memo,,,failed,False,2026-08-21T00:32:28.890378+09:00
Memorial Message,1900.0,52.0,success,False,2026-08-27T23:11:17.164347+09:00
Memorial Meter,,,failed,False,2026-08-17T23:05:34.845009+09:00
Memorial Metrics,,,failed,False,2026-08-17T23:25:51.814430+09:00
Memorial Monitor,,,failed,False,2026-08-17T23:25:33.384672+09:00
Memorial Navigator,,,failed,False,2026-08-17T23:10:28.342550+09:00
Memorial Nexus,20.0,0.0,success,False,2026-08-17T22:51:27.768654+09:00
Memorial Node,,,failed,False,2026-08-17T23:09:09.172246+09:00
Memorial Note,210.0,62.0,success,False,2026-08-19T13:24:49.306222+09:00
Memorial Notification,10.0,1.0,success,False,2026-08-27T22:45:37.997038+09:00
Memorial Number,90.0,2.0,success,False,2026-08-23T03:18:48.364198+09:00
Memorial Office,210.0,2.0,success,False,2026-08-19T00:04:42.603293+09:00
Memorial Ops,,,failed,False,2026-08-17T23:26:34.514876+09:00
Memorial Order,170.0,1.0,success,False,2026-08-19T21:47:52.868004+09:00
Memorial Organizer,,,failed,False,2026-08-17T23:14:01.287138+09:00
Memorial Overdue,,,failed,False,2026-08-27T21:45:54.192033+09:00
Memorial Panel,,,failed,False,2026-08-17T23:11:08.683373+09:00
Memorial Pass,30.0,3.0,success,False,2026-08-21T00:31:43.518986+09:00
Memorial Path,30.0,0.0,success,False,2026-08-17T23:29:46.030396+09:00
Memorial Petition,10.0,0.0,success,False,2026-08-21T01:06:58.606298+09:00
Memorial Pilot,,,failed,False,2026-08-17T23:27:19.198277+09:00
Memorial Plan,1300.0,18.0,success,False,2026-08-21T01:58:50.893233+09:00
Memorial Planner,1300.0,18.0,success,False,2026-08-17T23:07:02.817989+09:00
Memorial Playbook,,,failed,False,2026-08-18T22:12:04.159201+09:00
Memorial Point,320.0,1.0,success,False,2026-08-17T23:09:52.206266+09:00
Memorial Portal,1600.0,1.0,success,False,2026-08-17T23:03:53.626473+09:00
Memorial Preview,10.0,,success,False,2026-08-28T01:05:11.238913+09:00
Memorial Profile,10.0,0.0,success,False,2026-08-19T13:25:04.340704+09:00
Memorial Profit,10.0,,success,False,2026-08-23T02:54:17.672874+09:00
Memorial Proposal,10.0,0.0,success,False,2026-08-28T01:05:14.146226+09:00
Memorial Pulse,10.0,0.0,success,False,2026-08-17T23:29:31.685360+09:00
Memorial Quota,,,failed,False,2026-08-21T00:32:34.737926+09:00
Memorial Radar,,,failed,False,2026-08-17T23:27:34.340862+09:00
Memorial Rail,,,failed,False,2026-08-17T23:07:30.676472+09:00
Memorial Rate,,,failed,False,2026-08-19T20:45:12.440392+09:00
Memorial Recap,,,failed,False,2026-08-21T01:07:11.720033+09:00
Memorial Receipt,,,failed,False,2026-08-19T21:48:19.671606+09:00
Memorial Register,50.0,6.0,success,False,2026-08-17T23:04:50.362686+09:00
Memorial Registry,50.0,6.0,success,False,2026-08-18T23:51:37.603365+09:00
Memorial Relay,,,failed,False,2026-08-17T23:15:18.258563+09:00
Memorial Reminder,,,failed,False,2026-08-19T21:31:07.393138+09:00
Memorial Report,20.0,0.0,success,False,2026-08-19T13:23:03.025983+09:00
Memorial Repository,10.0,0.0,success,False,2026-08-27T23:11:25.184143+09:00
Memorial Roadmap,,,failed,False,2026-08-18T23:51:37.603365+09:00
Memorial Roster,10.0,0.0,success,False,2026-08-19T00:38:45.524694+09:00
Memorial Route,10.0,0.0,success,False,2026-08-17T23:12:41.358995+09:00
Memorial Rule,,,failed,False,2026-08-23T03:19:01.069685+09:00
Memorial Sale,720.0,15.0,success,False,2026-08-21T02:21:48.463008+09:00
Memorial Sample,140.0,20.0,success,False,2026-08-19T21:49:35.357194+09:00
Memorial Scale,,,failed,False,2026-08-17T23:32:47.059992+09:00
Memorial Scanner,,,failed,False,2026-08-27T23:54:07.466946+09:00
Memorial Scheduler,,,failed,False,2026-08-17T23:24:58.944526+09:00
Memorial Scope,,,failed,False,2026-08-17T23:13:24.499414+09:00
Memorial Score,390.0,0.0,success,False,2026-08-19T13:24:25.669672+09:00
Memorial Sentry,,,failed,False,2026-08-17T23:10:45.795183+09:00
Memorial Sheet,50.0,20.0,success,False,2026-08-19T13:24:07.507599+09:00
Memorial Signal,,,failed,False,2026-08-17T23:06:22.536636+09:00
Memorial Slip,,,failed,False,2026-08-19T21:49:23.695269+09:00
Memorial Slot,,,failed,False,2026-08-19T21:49:45.321625+09:00
Memorial Snapshot,,,failed,False,2026-08-18T22:12:19.566532+09:00
Memorial Stage,20.0,0.0,success,False,2026-08-28T00:47:16.982525+09:00
Memorial Stake,90.0,100.0,success,False,2026-08-23T02:54:23.224881+09:00
Memorial Statement,70.0,53.0,success,False,2026-08-21T00:32:08.971513+09:00
Memorial Station,720.0,2.0,success,False,2026-08-17T23:14:41.375835+09:00
Memorial Status,30.0,24.0,success,False,2026-08-19T20:44:29.865338+09:00
Memorial Stub,,,failed,False,2026-08-21T00:32:03.646563+09:00
Memorial Studio,90.0,0.0,success,False,2026-08-17T23:07:47.336176+09:00
Memorial Suite,,,failed,False,2026-08-17T23:24:15.710246+09:00
Memorial Sum,,,failed,False,2026-08-21T02:21:30.317993+09:00
Memorial Summary,,,failed,False,2026-08-19T21:30:51.810974+09:00
Memorial Sync,,,failed,False,2026-08-17T23:06:43.544679+09:00
Memorial Tab,30.0,5.0,success,False,2026-08-21T00:32:45.504063+09:00
Memorial Table,1000.0,91.0,success,False,2026-08-19T21:49:03.135784+09:00
Memorial Tag,110.0,100.0,success,False,2026-08-19T13:24:58.997710+09:00
Memorial Tally,,,failed,False,2026-08-21T00:32:15.885792+09:00
Memorial Tariff,,,failed,False,2026-08-21T02:38:45.456500+09:00
Memorial Tax,,,failed,False,2026-08-21T02:15:15.095648+09:00
Memorial Ticket,480.0,31.0,success,False,2026-08-19T21:31:21.634231+09:00
Memorial Tier,,,failed,False,2026-08-28T00:47:20.872913+09:00
Memorial Timeline,20.0,0.0,success,False,2026-08-19T21:31:01.684338+09:00
Memorial Toll,,,failed,False,2026-08-21T02:38:41.018051+09:00
Memorial Toolbox,,,failed,False,2026-08-28T00:24:07.652921+09:00
Memorial Toolkit,,,failed,False,2026-08-18T22:11:56.316205+09:00
Memorial Tracker,,,failed,False,2026-08-17T23:26:50.492047+09:00
Memorial Trail,320.0,1.0,success,False,2026-08-17T23:33:11.202195+09:00
Memorial Trend,,,failed,False,2026-08-28T01:05:06.027579+09:00
Memorial Trial,10.0,0.0,success,False,2026-08-27T21:20:04.514316+09:00
Memorial Unit,2900.0,2.0,success,False,2026-08-21T01:58:44.645317+09:00
Memorial Update,20.0,0.0,success,False,2026-08-19T20:45:18.016255+09:00
Memorial Vault,170.0,36.0,success,False,2026-08-17T23:27:48.723968+09:00
Memorial Version,,,failed,False,2026-08-23T03:18:52.097037+09:00
Memorial View,170.0,2.0,success,False,2026-08-19T20:44:39.695908+09:00
Memorial Voucher,,,failed,False,2026-08-21T00:31:49.661501+09:00
Memorial Watch,170.0,87.0,success,False,2026-08-17T23:28:54.506937+09:00
Memorial Wave,,,failed,False,2026-08-17T23:14:59.429645+09:00
Memorial Widget,,,failed,False,2026-08-27T23:11:21.967752+09:00
Memorial Workbench,,,failed,False,2026-08-18T22:11:47.554399+09:00
Memorial Worksheet,,,failed,False,2026-08-27T22:06:46.717056+09:00
Memorial Workshop,,,failed,False,2026-08-28T00:24:03.733784+09:00
Memorial Zone,10.0,0.0,success,False,2026-08-17T23:32:02.596672+09:00
Mentorship Advance,,,failed,False,2026-08-23T16:16:09.972976+09:00
Mentorship Alert,,,failed,False,2026-08-21T01:41:52.008026+09:00
Mentorship Allowance,,,failed,False,2026-08-21T02:44:22.791251+09:00
Mentorship Analyzer,,,failed,False,2026-08-27T23:54:30.615711+09:00
Mentorship Arrears,,,failed,False,2026-08-23T16:16:06.207689+09:00
Mentorship Atlas,,,failed,False,2026-08-21T01:39:49.686792+09:00
Mentorship Attribute,,,failed,False,2026-08-23T13:06:17.940469+09:00
Mentorship Badge,260.0,50.0,success,False,2026-08-21T01:36:27.523314+09:00
Mentorship Base,,,failed,False,2026-08-21T01:38:18.535087+09:00
Mentorship Beacon,,,failed,False,2026-08-21T01:37:19.276865+09:00
Mentorship Bill,,,failed,False,2026-08-21T01:44:16.668560+09:00
Mentorship Board,,,failed,False,2026-08-21T01:38:31.485069+09:00
Mentorship Bridge,,,failed,False,2026-08-21T01:37:28.905967+09:00
Mentorship Brief,,,failed,False,2026-08-21T01:36:27.523314+09:00
Mentorship Bulletin,,,failed,False,2026-08-21T01:36:27.523314+09:00
Mentorship Cabinet,,,failed,False,2026-08-27T23:11:21.967752+09:00
Mentorship Card,,,failed,False,2026-08-21T01:42:37.393096+09:00
Mentorship Cascade,,,failed,False,2026-08-21T01:37:26.126762+09:00
Mentorship Cash,,,failed,False,2026-08-21T02:28:00.693334+09:00
Mentorship Cashback,,,failed,False,2026-08-27T21:19:33.782503+09:00
Mentorship Category,,,failed,False,2026-08-23T13:06:13.755843+09:00
Mentorship Center,,,failed,False,2026-08-21T01:38:52.841882+09:00
Mentorship Chain,,,failed,False,2026-08-21T01:39:32.953570+09:00
Mentorship Charge,,,failed,False,2026-08-21T02:44:13.647823+09:00
Mentorship Chart,,,failed,False,2026-08-21T01:41:54.360418+09:00
Mentorship Check,,,failed,False,2026-08-21T01:42:46.013630+09:00
Mentorship Checker,,,failed,False,2026-08-27T23:54:25.594721+09:00
Mentorship Code,,,failed,False,2026-08-21T01:44:28.935205+09:00
Mentorship Companion,,,failed,False,2026-08-21T01:40:23.040836+09:00
Mentorship Comparison,,,failed,False,2026-08-28T01:05:52.718366+09:00
Mentorship Compass,,,failed,False,2026-08-21T01:37:13.589246+09:00
Mentorship Confirmation,,,failed,False,2026-08-21T01:36:27.523314+09:00
Mentorship Console,,,failed,False,2026-08-21T01:39:04.572787+09:00
Mentorship Contribution,,,failed,False,2026-08-23T16:16:03.366904+09:00
Mentorship Core,,,failed,False,2026-08-21T01:38:21.127852+09:00
Mentorship Cost,20.0,7.0,success,False,2026-08-21T02:10:58.400903+09:00
Mentorship Count,,,failed,False,2026-08-27T22:45:28.853044+09:00
Mentorship Counter,,,failed,False,2026-08-21T01:41:00.703725+09:00
Mentorship Coupon,,,failed,False,2026-08-27T21:19:33.782503+09:00
Mentorship Deal,,,failed,False,2026-08-21T01:54:08.146374+09:00
Mentorship Debt,,,failed,False,2026-08-21T02:27:53.442278+09:00
Mentorship Deck,,,failed,False,2026-08-21T01:38:35.952865+09:00
Mentorship Desk,,,failed,False,2026-08-21T01:36:57.667235+09:00
Mentorship Detail,,,failed,False,2026-08-23T03:15:44.979812+09:00
Mentorship Detector,,,failed,False,2026-08-27T23:54:30.615711+09:00
Mentorship Diagram,,,failed,False,2026-08-27T22:15:25.153546+09:00
Mentorship Directory,,,failed,False,2026-08-21T01:40:48.434359+09:00
Mentorship Discount,,,failed,False,2026-08-23T16:16:00.073730+09:00
Mentorship Downpayment,,,failed,False,2026-08-27T21:50:39.210391+09:00
Mentorship Draft,,,failed,False,2026-08-21T01:43:42.058918+09:00
Mentorship Due,,,failed,False,2026-08-23T15:52:20.216125+09:00
Mentorship Duty,,,failed,False,2026-08-21T02:44:16.067023+09:00
Mentorship Endowment,,,failed,False,2026-08-23T15:52:22.475978+09:00
Mentorship Engine,,,failed,False,2026-08-21T01:40:01.747780+09:00
Mentorship Entry,,,failed,False,2026-08-21T01:36:39.432784+09:00
Mentorship Estimate,,,failed,False,2026-08-21T01:44:07.789434+09:00
Mentorship Estimator,,,failed,False,2026-08-27T23:54:25.594721+09:00
Mentorship Extension,,,failed,False,2026-08-23T16:40:02.738352+09:00
Mentorship Fare,,,failed,False,2026-08-21T02:11:04.805408+09:00
Mentorship Fee,110.0,3.0,success,False,2026-08-21T01:53:46.295961+09:00
Mentorship Feed,,,failed,False,2026-08-21T01:43:39.038620+09:00
Mentorship Field,,,failed,False,2026-08-23T13:06:17.940469+09:00
Mentorship File,,,failed,False,2026-08-21T01:43:14.953756+09:00
Mentorship Fine,,,failed,False,2026-08-23T02:58:49.315026+09:00
Mentorship Flow,,,failed,False,2026-08-21T01:36:50.253581+09:00
Mentorship Forge,,,failed,False,2026-08-21T01:37:21.821672+09:00
Mentorship Form,480.0,3.0,success,False,2026-08-21T01:42:34.994206+09:00
Mentorship Frame,,,failed,False,2026-08-21T01:38:12.819970+09:00
Mentorship Fund,,,failed,False,2026-08-21T02:27:57.187073+09:00
Mentorship Gate,,,failed,False,2026-08-21T01:39:42.723562+09:00
Mentorship Giveaway,,,failed,False,2026-08-27T21:19:40.666664+09:00
Mentorship Graph,,,failed,False,2026-08-27T22:15:17.446247+09:00
Mentorship Grid,,,failed,False,2026-08-21T01:37:46.611348+09:00
Mentorship Guarantee,,,failed,False,2026-08-28T01:05:58.030505+09:00
Mentorship Guardian,,,failed,False,2026-08-28T00:24:27.565309+09:00
Mentorship Helpdesk,,,failed,False,2026-08-27T22:45:32.227130+09:00
Mentorship Helper,,,failed,False,2026-08-28T00:24:29.963051+09:00
Mentorship History,,,failed,False,2026-08-21T01:43:12.278953+09:00
Mentorship Hub,1600.0,1.0,success,False,2026-08-21T01:36:52.456000+09:00
Mentorship Identifier,,,failed,False,2026-08-23T13:06:10.168774+09:00
Mentorship Incentive,,,failed,False,2026-08-27T21:19:36.835808+09:00
Mentorship Index,10.0,0.0,success,False,2026-08-21T01:43:59.593158+09:00
Mentorship Installment,,,failed,False,2026-08-23T16:16:03.366904+09:00
Mentorship Item,,,failed,False,2026-08-21T01:53:54.647379+09:00
Mentorship Journal,110.0,11.0,success,False,2026-08-21T01:40:35.434951+09:00
Mentorship Keeper,,,failed,False,2026-08-21T01:39:52.762519+09:00
Mentorship Kit,,,failed,False,2026-08-27T22:45:23.426349+09:00
Mentorship Lab,,,failed,False,2026-08-21T01:38:42.867462+09:00
Mentorship Label,,,failed,False,2026-08-27T22:15:19.748218+09:00
Mentorship Ledger,,,failed,False,2026-08-21T01:38:26.164281+09:00
Mentorship Level,,,failed,False,2026-08-21T01:43:23.087757+09:00
Mentorship Link,,,failed,False,2026-08-23T03:15:38.644159+09:00
Mentorship List,,,failed,False,2026-08-21T01:44:31.242398+09:00
Mentorship Loan,,,failed,False,2026-08-21T02:11:11.149564+09:00
Mentorship Locator,,,failed,False,2026-08-21T01:40:50.890695+09:00
Mentorship Locker,,,failed,False,2026-08-21T01:41:02.771886+09:00
Mentorship Log,,,failed,False,2026-08-21T01:42:29.387533+09:00
Mentorship Loop,,,failed,False,2026-08-21T01:37:44.630220+09:00
Mentorship Manual,50.0,5.0,success,False,2026-08-27T22:15:25.153546+09:00
Mentorship Map,260.0,2.0,success,False,2026-08-21T01:38:08.891636+09:00
Mentorship Margin,,,failed,False,2026-08-23T02:58:45.466254+09:00
Mentorship Markup,,,failed,False,2026-08-23T16:39:58.056757+09:00
Mentorship Memo,,,failed,False,2026-08-21T01:36:27.523314+09:00
Mentorship Message,,,failed,False,2026-08-27T23:11:17.164347+09:00
Mentorship Monitor,,,failed,False,2026-08-21T01:40:17.321567+09:00
Mentorship Nexus,,,failed,False,2026-08-21T01:39:45.118535+09:00
Mentorship Note,,,failed,False,2026-08-21T01:42:51.256978+09:00
Mentorship Notification,,,failed,False,2026-08-27T22:45:15.401077+09:00
Mentorship Office,,,failed,False,2026-08-21T01:40:58.554709+09:00
Mentorship Ops,,,failed,False,2026-08-21T01:40:31.088878+09:00
Mentorship Order,,,failed,False,2026-08-21T01:44:14.161023+09:00
Mentorship Overage,,,failed,False,2026-08-27T21:50:37.116413+09:00
Mentorship Overdue,,,failed,False,2026-08-27T21:50:32.673191+09:00
Mentorship Panel,,,failed,False,2026-08-21T01:39:07.193029+09:00
Mentorship Pass,,,failed,False,2026-08-21T01:36:27.523314+09:00
Mentorship Path,,,failed,False,2026-08-21T01:37:57.190809+09:00
Mentorship Payoff,,,failed,False,2026-08-27T21:50:34.815891+09:00
Mentorship Penalty,,,failed,False,2026-08-23T16:39:58.056757+09:00
Mentorship Petition,,,failed,False,2026-08-21T01:36:27.523314+09:00
Mentorship Plan,170.0,10.0,success,False,2026-08-21T01:54:04.879612+09:00
Mentorship Planner,,,failed,False,2026-08-21T01:40:09.996962+09:00
Mentorship Playbook,,,failed,False,2026-08-21T01:40:33.133691+09:00
Mentorship Point,,,failed,False,2026-08-21T01:38:01.641770+09:00
Mentorship Portal,40500.0,0.0,success,True,2026-08-21T01:38:59.099455+09:00
Mentorship Preview,,,failed,False,2026-08-28T01:05:52.718366+09:00
Mentorship Profile,,,failed,False,2026-08-21T01:42:58.216620+09:00
Mentorship Profit,,,failed,False,2026-08-23T02:58:35.873995+09:00
Mentorship Proposal,10.0,0.0,success,False,2026-08-28T01:05:55.431564+09:00
Mentorship Quota,,,failed,False,2026-08-21T01:36:27.523314+09:00
Mentorship Radar,,,failed,False,2026-08-21T01:37:02.343165+09:00
Mentorship Rate,,,failed,False,2026-08-21T01:43:25.178324+09:00
Mentorship Receipt,,,failed,False,2026-08-21T01:44:23.485240+09:00
Mentorship Recorder,,,failed,False,2026-08-27T23:33:41.786723+09:00
Mentorship Register,140.0,2.0,success,False,2026-08-21T01:40:26.570038+09:00
Mentorship Relay,,,failed,False,2026-08-21T01:37:05.417257+09:00
Mentorship Reminder,,,failed,False,2026-08-21T01:43:56.070004+09:00
Mentorship Report,110.0,0.0,success,False,2026-08-21T01:42:27.221916+09:00
Mentorship Repository,,,failed,False,2026-08-27T23:11:25.184143+09:00
Mentorship Result,,,failed,False,2026-08-28T00:47:32.809688+09:00
Mentorship Ring,,,failed,False,2026-08-21T01:39:35.935414+09:00
Mentorship Roster,,,failed,False,2026-08-21T01:41:44.452509+09:00
Mentorship Route,,,failed,False,2026-08-21T01:39:18.143916+09:00
Mentorship Rule,,,failed,False,2026-08-23T03:15:41.007114+09:00
Mentorship Sale,,,failed,False,2026-08-21T02:28:03.624635+09:00
Mentorship Sample,,,failed,False,2026-08-21T01:36:27.523314+09:00
Mentorship Scale,,,failed,False,2026-08-21T01:39:14.951697+09:00
Mentorship Scanner,,,failed,False,2026-08-27T23:54:27.974840+09:00
Mentorship Scheduler,,,failed,False,2026-08-21T01:40:15.311910+09:00
Mentorship Score,,,failed,False,2026-08-21T01:42:48.869153+09:00
Mentorship Sheet,,,failed,False,2026-08-21T01:42:40.721389+09:00
Mentorship Shortfall,,,failed,False,2026-08-27T21:50:39.210391+09:00
Mentorship Signal,,,failed,False,2026-08-21T01:37:32.925946+09:00
Mentorship Slip,,,failed,False,2026-08-21T01:44:38.139446+09:00
Mentorship Slot,,,failed,False,2026-08-21T01:36:27.523314+09:00
Mentorship Stage,,,failed,False,2026-08-28T00:47:30.269850+09:00
Mentorship Stake,,,failed,False,2026-08-23T02:58:43.358109+09:00
Mentorship Statement,40.0,1.0,success,False,2026-08-21T01:36:27.523314+09:00
Mentorship Station,,,failed,False,2026-08-21T01:38:45.431477+09:00
Mentorship Status,,,failed,False,2026-08-21T01:43:00.390217+09:00
Mentorship Stipend,,,failed,False,2026-08-23T13:47:13.508679+09:00
Mentorship Streak,,,failed,False,2026-08-28T00:47:32.809688+09:00
Mentorship Stub,,,failed,False,2026-08-21T01:36:27.523314+09:00
Mentorship Studio,,,failed,False,2026-08-21T01:38:38.622768+09:00
Mentorship Subsidy,,,failed,False,2026-08-23T15:52:20.216125+09:00
Mentorship Sum,,,failed,False,2026-08-21T02:27:47.388523+09:00
Mentorship Summary,,,failed,False,2026-08-21T01:43:47.346655+09:00
Mentorship Tab,,,failed,False,2026-08-21T01:36:27.523314+09:00
Mentorship Table,,,failed,False,2026-08-21T01:44:35.810594+09:00
Mentorship Tag,,,failed,False,2026-08-21T01:42:55.803836+09:00
Mentorship Tariff,,,failed,False,2026-08-21T02:44:28.484946+09:00
Mentorship Tax,,,failed,False,2026-08-21T02:11:07.536158+09:00
Mentorship Terminal,,,failed,False,2026-08-21T01:38:50.640665+09:00
Mentorship Ticket,,,failed,False,2026-08-21T01:44:05.223042+09:00
Mentorship Timeline,,,failed,False,2026-08-21T01:43:50.237250+09:00
Mentorship Toll,,,failed,False,2026-08-21T02:44:18.914187+09:00
Mentorship Toolbox,,,failed,False,2026-08-28T00:24:29.963051+09:00
Mentorship Total,,,failed,False,2026-08-27T23:11:19.629691+09:00
Mentorship Tracker,,,failed,False,2026-08-21T01:36:44.739122+09:00
Mentorship Trend,,,failed,False,2026-08-28T01:05:50.050566+09:00
Mentorship Trial,,,failed,False,2026-08-27T21:19:36.835808+09:00
Mentorship Unit,,,failed,False,2026-08-21T01:54:02.992561+09:00
Mentorship Update,10.0,0.0,success,False,2026-08-21T01:43:31.469604+09:00
Mentorship Value,,,failed,False,2026-08-23T02:58:39.272586+09:00
Mentorship Vault,,,failed,False,2026-08-21T01:37:11.320785+09:00
Mentorship Version,,,failed,False,2026-08-23T03:15:35.333103+09:00
Mentorship View,,,failed,False,2026-08-21T01:43:07.474360+09:00
Mentorship Voucher,,,failed,False,2026-08-21T01:36:27.523314+09:00
Mentorship Wave,,,failed,False,2026-08-21T01:37:51.952894+09:00
Mentorship Widget,,,failed,False,2026-08-27T23:11:19.629691+09:00
Mentorship Window,,,failed,False,2026-08-21T01:42:17.039674+09:00
Mentorship Worksheet,70.0,12.0,success,False,2026-08-27T22:15:25.153546+09:00
Mentorship Workshop,140.0,16.0,success,False,2026-08-28T00:24:27.565309+09:00
Mentorship Yard,,,failed,False,2026-08-21T01:41:16.296353+09:00
Mentorship Zone,,,failed,False,2026-08-21T01:38:54.698036+09:00
Menu Advance,,,failed,False,2026-08-23T16:17:15.012584+09:00
Menu Advisory,10.0,0.0,success,False,2026-08-21T01:02:23.111892+09:00
Menu Allowance,,,failed,False,2026-08-21T02:42:14.230561+09:00
Menu Almanac,,,failed,False,2026-08-18T23:51:39.388505+09:00
Menu Analyzer,10.0,12.0,success,False,2026-08-27T23:53:36.797572+09:00
Menu Anchor,140.0,1.0,success,False,2026-08-17T21:33:59.802696+09:00
Menu Announcement,10.0,13.0,success,False,2026-08-27T23:33:24.139257+09:00
Menu Arrears,,,failed,False,2026-08-23T16:17:12.971292+09:00
Menu Assistant,1900.0,0.0,success,True,2026-08-17T23:28:48.980231+09:00
Menu Atlas,210.0,3.0,success,False,2026-08-17T20:41:58.937145+09:00
Menu Attribute,70.0,0.0,success,False,2026-08-23T13:09:00.936814+09:00
Menu Badge,20.0,0.0,success,False,2026-08-21T00:25:57.789837+09:00
Menu Base,170.0,35.0,success,False,2026-08-17T20:39:06.787331+09:00
Menu Beacon,,,failed,False,2026-08-17T21:38:15.647846+09:00
Menu Bill,22200.0,8.0,success,False,2026-08-19T22:03:59.574342+09:00
Menu Blueprint,10.0,0.0,success,False,2026-08-18T23:51:39.388505+09:00
Menu Board,14800.0,100.0,success,False,2026-08-17T20:36:17.521162+09:00
Menu Book,4400.0,100.0,success,False,2026-08-19T22:04:53.715623+09:00
Menu Bridge,40.0,2.0,success,False,2026-08-17T21:35:00.218033+09:00
Menu Brief,,,failed,False,2026-08-21T01:00:36.022676+09:00
Menu Bulletin,,,failed,False,2026-08-21T01:00:31.922622+09:00
Menu Calculator,320.0,4.0,success,False,2026-08-27T23:33:24.139257+09:00
Menu Calendar,210.0,78.0,success,False,2026-08-19T00:03:04.417889+09:00
Menu Card,40500.0,27.0,success,False,2026-08-19T13:25:11.972380+09:00
Menu Cascade,140.0,1.0,success,False,2026-08-17T21:36:07.544663+09:00
Menu Cash,10.0,0.0,success,False,2026-08-21T02:26:18.130699+09:00
Menu Cashback,,,failed,False,2026-08-27T21:13:15.493972+09:00
Menu Catalog,260.0,26.0,success,False,2026-08-19T21:19:43.238592+09:00
Menu Category,590.0,0.0,success,False,2026-08-23T13:08:58.766460+09:00
Menu Center,30.0,3.0,success,False,2026-08-18T07:43:54.848234+09:00
Menu Chain,10.0,0.0,success,False,2026-08-17T20:46:23.888336+09:00
Menu Charge,70.0,0.0,success,False,2026-08-21T02:42:02.551252+09:00
Menu Check,480.0,0.0,success,False,2026-08-19T13:25:53.621438+09:00
Menu Checker,480.0,0.0,success,False,2026-08-27T23:53:29.478686+09:00
Menu Checklist,110.0,13.0,success,False,2026-08-19T21:18:40.810817+09:00
Menu Circular,1300.0,16.0,success,False,2026-08-21T01:02:20.703041+09:00
Menu Cockpit,20.0,0.0,success,False,2026-08-17T23:09:43.652539+09:00
Menu Code,720.0,5.0,success,False,2026-08-19T22:04:20.465966+09:00
Menu Codex,,,failed,False,2026-08-18T22:02:40.368007+09:00
Menu Companion,480.0,0.0,success,False,2026-08-17T23:30:12.792820+09:00
Menu Comparison,70.0,0.0,success,False,2026-08-28T01:04:22.068071+09:00
Menu Compass,20.0,6.0,success,False,2026-08-17T21:39:44.948189+09:00
Menu Compendium,10.0,37.0,success,False,2026-08-18T22:02:28.338577+09:00
Menu Confirmation,20.0,53.0,success,False,2026-08-21T01:00:50.612821+09:00
Menu Console,1000.0,0.0,success,True,2026-08-17T21:37:42.380657+09:00
Menu Contribution,,,failed,False,2026-08-23T16:17:12.971292+09:00
Menu Core,30.0,0.0,success,False,2026-08-17T20:38:11.520193+09:00
Menu Cost,2400.0,4.0,success,False,2026-08-21T02:10:09.458176+09:00
Menu Count,50.0,60.0,success,False,2026-08-27T22:45:51.425899+09:00
Menu Counter,50.0,60.0,success,False,2026-08-19T00:03:46.728628+09:00
Menu Coupon,90.0,5.0,success,False,2026-08-27T21:13:10.326383+09:00
Menu Dashboard,480.0,6.0,success,False,2026-08-17T23:29:58.873666+09:00
Menu Deal,210.0,3.0,success,False,2026-08-21T01:54:02.992561+09:00
Menu Debt,,,failed,False,2026-08-21T02:26:06.975454+09:00
Menu Deck,320.0,2.0,success,False,2026-08-17T20:35:18.626237+09:00
Menu Depot,320.0,21.0,success,False,2026-08-19T00:03:31.307926+09:00
Menu Desk,30.0,51.0,success,False,2026-08-17T20:32:55.422953+09:00
Menu Detail,320.0,0.0,success,False,2026-08-23T03:21:56.707046+09:00
Menu Detector,,,failed,False,2026-08-27T23:53:34.112900+09:00
Menu Diagram,50.0,2.0,success,False,2026-08-27T22:07:30.403670+09:00
Menu Dial,40.0,0.0,success,False,2026-08-17T21:35:33.419897+09:00
Menu Digest,,,failed,False,2026-08-19T20:44:12.620754+09:00
Menu Directory,10.0,2.0,success,False,2026-08-19T00:03:09.712807+09:00
Menu Discount,20.0,2.0,success,False,2026-08-23T16:17:10.658953+09:00
Menu Dock,1000.0,3.0,success,False,2026-08-17T21:31:11.680234+09:00
Menu Dossier,,,failed,False,2026-08-21T01:00:54.642749+09:00
Menu Draft,1900.0,1.0,success,False,2026-08-19T20:44:29.865338+09:00
Menu Duty,,,failed,False,2026-08-21T02:42:06.283895+09:00
Menu Engine,20.0,8.0,success,False,2026-08-17T23:06:12.301553+09:00
Menu Entry,140.0,0.0,success,False,2026-08-21T01:01:07.549578+09:00
Menu Estimate,,,failed,False,2026-08-19T21:19:30.531478+09:00
Menu Estimator,,,failed,False,2026-08-27T23:53:26.856284+09:00
Menu Extension,40.0,0.0,success,False,2026-08-23T16:37:04.042408+09:00
Menu Fare,1000.0,12.0,success,False,2026-08-21T02:10:17.497387+09:00
Menu Fee,10.0,0.0,success,False,2026-08-21T01:53:35.907769+09:00
Menu Feed,170.0,1.0,success,False,2026-08-19T20:44:23.661281+09:00
Menu Field,390.0,2.0,success,False,2026-08-23T13:09:03.594529+09:00
Menu File,1900.0,28.0,success,False,2026-08-19T20:43:44.541784+09:00
Menu Finder,90.0,0.0,success,False,2026-08-19T00:03:25.935082+09:00
Menu Fine,260.0,6.0,success,False,2026-08-23T02:56:38.023044+09:00
Menu Flag,20.0,0.0,success,False,2026-08-21T00:26:33.622421+09:00
Menu Flow,720.0,4.0,success,False,2026-08-17T20:35:50.076535+09:00
Menu Forge,30.0,0.0,success,False,2026-08-17T21:37:05.127331+09:00
Menu Form,1000.0,72.0,success,False,2026-08-19T13:25:01.891377+09:00
Menu Format,1000.0,72.0,success,False,2026-08-23T13:09:05.713550+09:00
Menu Frame,720.0,100.0,success,False,2026-08-17T20:39:59.910293+09:00
Menu Fund,10.0,0.0,success,False,2026-08-21T02:26:10.275506+09:00
Menu Gate,1300.0,1.0,success,False,2026-08-17T20:43:42.299051+09:00
Menu Generator,880.0,45.0,success,False,2026-08-27T23:33:29.170312+09:00
Menu Giveaway,,,failed,False,2026-08-27T21:13:25.046826+09:00
Menu Grade,,,failed,False,2026-08-21T00:26:18.251155+09:00
Menu Graph,10.0,2.0,success,False,2026-08-27T22:07:17.176446+09:00
Menu Grid,480.0,1.0,success,False,2026-08-17T20:47:04.642239+09:00
Menu Guarantee,,,failed,False,2026-08-28T01:04:28.102899+09:00
Menu Guard,,,failed,False,2026-08-17T20:38:36.286112+09:00
Menu Guardian,,,failed,False,2026-08-28T00:23:28.806149+09:00
Menu Guidebook,,,failed,False,2026-08-18T23:51:39.388505+09:00
Menu Helpdesk,10.0,0.0,success,False,2026-08-27T22:45:55.749339+09:00
Menu Helper,210.0,2.0,success,False,2026-08-28T00:23:35.070799+09:00
Menu History,210.0,0.0,success,False,2026-08-19T20:43:39.981777+09:00
Menu Hotline,,,failed,False,2026-08-19T21:19:52.858825+09:00
Menu Hub,1300.0,4.0,success,False,2026-08-17T20:34:48.922886+09:00
Menu Identifier,,,failed,False,2026-08-23T13:08:53.842629+09:00
Menu Incentive,,,failed,False,2026-08-27T21:13:18.101351+09:00
Menu Index,210.0,0.0,success,False,2026-08-19T21:18:53.314989+09:00
Menu Insight,90.0,0.0,success,False,2026-08-17T23:14:53.160605+09:00
Menu Installment,,,failed,False,2026-08-23T16:17:10.658953+09:00
Menu Item,2900.0,0.0,success,True,2026-08-21T01:53:42.905283+09:00
Menu Journal,90.0,28.0,success,False,2026-08-18T23:51:39.388505+09:00
Menu Keeper,10.0,64.0,success,False,2026-08-17T20:40:24.654920+09:00
Menu Kit,70.0,27.0,success,False,2026-08-27T22:45:43.680386+09:00
Menu Lab,70.0,5.0,success,False,2026-08-17T20:33:30.325030+09:00
Menu Label,260.0,85.0,success,False,2026-08-27T22:07:19.639710+09:00
Menu Layout,2900.0,67.0,success,False,2026-08-27T22:28:39.838514+09:00
Menu Ledger,,,failed,False,2026-08-17T20:37:16.947301+09:00
Menu Lens,10.0,0.0,success,False,2026-08-17T20:40:46.604989+09:00
Menu Level,170.0,2.0,success,False,2026-08-19T20:43:52.054689+09:00
Menu Link,720.0,6.0,success,False,2026-08-23T03:21:52.337489+09:00
Menu List,2900.0,10.0,success,False,2026-08-19T22:04:30.317454+09:00
Menu Loan,90.0,36.0,success,False,2026-08-21T02:10:26.523271+09:00
Menu Locator,,,failed,False,2026-08-19T00:03:21.455005+09:00
Menu Lock,50.0,0.0,success,False,2026-08-17T20:42:18.152107+09:00
Menu Log,90500.0,39.0,success,False,2026-08-19T13:24:56.019665+09:00
Menu Loop,2900.0,0.0,success,True,2026-08-17T20:48:21.583177+09:00
Menu Manager,880.0,7.0,success,False,2026-08-17T20:39:31.272188+09:00
Menu Manual,170.0,1.0,success,False,2026-08-27T22:07:22.262130+09:00
Menu Map,480.0,99.0,success,False,2026-08-17T20:41:33.336783+09:00
Menu Marker,50.0,50.0,success,False,2026-08-23T13:28:07.800496+09:00
Menu Markup,,,failed,False,2026-08-23T16:37:01.033816+09:00
Menu Memo,20.0,0.0,success,False,2026-08-21T00:26:23.518919+09:00
Menu Meter,260.0,0.0,success,False,2026-08-17T21:34:29.947705+09:00
Menu Metrics,480.0,1.0,success,False,2026-08-17T23:29:41.239949+09:00
Menu Monitor,1300.0,30.0,success,False,2026-08-17T23:29:23.485940+09:00
Menu Navigator,4400.0,1.0,success,False,2026-08-17T23:04:05.706993+09:00
Menu Nexus,20.0,0.0,success,False,2026-08-17T20:42:47.401639+09:00
Menu Node,,,failed,False,2026-08-17T20:44:27.303320+09:00
Menu Note,390.0,3.0,success,False,2026-08-19T13:26:13.744102+09:00
Menu Notification,20.0,0.0,success,False,2026-08-27T22:45:40.412271+09:00
Menu Number,110.0,7.0,success,False,2026-08-23T03:21:40.496452+09:00
Menu Office,390.0,1.0,success,False,2026-08-19T00:03:41.244683+09:00
Menu Ops,,,failed,False,2026-08-17T23:30:26.611269+09:00
Menu Order,1300.0,26.0,success,False,2026-08-19T22:03:49.697196+09:00
Menu Organizer,110.0,89.0,success,False,2026-08-17T23:08:02.086738+09:00
Menu Overdue,,,failed,False,2026-08-27T21:46:03.878331+09:00
Menu Panel,1000.0,4.0,success,False,2026-08-17T21:36:34.713232+09:00
Menu Pass,390.0,6.0,success,False,2026-08-21T00:25:43.310750+09:00
Menu Path,50.0,0.0,success,False,2026-08-17T20:44:09.032273+09:00
Menu Petition,,,failed,False,2026-08-21T01:00:48.316316+09:00
Menu Pilot,590.0,3.0,success,False,2026-08-17T20:33:59.012811+09:00
Menu Plan,8100.0,56.0,success,False,2026-08-21T01:53:55.864574+09:00
Menu Planner,8100.0,56.0,success,False,2026-08-17T23:13:17.884356+09:00
Menu Playbook,,,failed,False,2026-08-18T23:51:39.388505+09:00
Menu Point,5400.0,1.0,success,False,2026-08-17T20:43:14.638625+09:00
Menu Portal,720.0,2.0,success,False,2026-08-17T21:39:05.774100+09:00
Menu Preview,70.0,3.0,success,False,2026-08-28T01:04:22.068071+09:00
Menu Profile,390.0,1.0,success,False,2026-08-19T13:26:59.554690+09:00
Menu Profit,10.0,5.0,success,False,2026-08-23T02:56:26.483203+09:00
Menu Proposal,170.0,3.0,success,False,2026-08-28T01:04:25.098394+09:00
Menu Pulse,,,failed,False,2026-08-17T20:45:55.190861+09:00
Menu Queue,,,failed,False,2026-08-19T21:19:19.264899+09:00
Menu Quota,,,failed,False,2026-08-21T00:26:28.007677+09:00
Menu Radar,30.0,0.0,success,False,2026-08-17T20:31:46.547401+09:00
Menu Rail,140.0,100.0,success,False,2026-08-17T21:30:05.905035+09:00
Menu Rank,,,failed,False,2026-08-28T00:47:03.149821+09:00
Menu Recap,10.0,0.0,success,False,2026-08-21T01:00:58.878918+09:00
Menu Receipt,40.0,6.0,success,False,2026-08-19T22:04:10.383393+09:00
Menu Redemption,,,failed,False,2026-08-23T16:37:04.042408+09:00
Menu Register,140.0,1.0,success,False,2026-08-17T23:11:19.275980+09:00
Menu Registry,,,failed,False,2026-08-18T23:51:39.388505+09:00
Menu Relay,,,failed,False,2026-08-18T07:52:49.362329+09:00
Menu Reminder,,,failed,False,2026-08-19T21:18:28.771702+09:00
Menu Report,140.0,1.0,success,False,2026-08-19T13:24:45.773598+09:00
Menu Repository,,,failed,False,2026-08-27T23:11:21.967752+09:00
Menu Roadmap,,,failed,False,2026-08-18T22:02:50.623197+09:00
Menu Roster,6600.0,0.0,success,True,2026-08-19T00:37:34.373704+09:00
Menu Route,20.0,0.0,success,False,2026-08-17T21:32:23.259221+09:00
Menu Rule,,,failed,False,2026-08-23T03:21:54.482997+09:00
Menu Sale,260.0,5.0,success,False,2026-08-21T02:26:21.259847+09:00
Menu Sample,1900.0,62.0,success,False,2026-08-19T22:05:17.062474+09:00
Menu Scale,10.0,1.0,success,False,2026-08-17T21:33:26.536272+09:00
Menu Scanner,880.0,17.0,success,False,2026-08-27T23:53:34.112900+09:00
Menu Scheduler,,,failed,False,2026-08-17T23:29:05.712614+09:00
Menu Scope,10.0,0.0,success,False,2026-08-17T21:30:38.829852+09:00
Menu Score,8100.0,1.0,success,False,2026-08-19T13:26:03.914310+09:00
Menu Sentry,,,failed,False,2026-08-17T20:41:08.316613+09:00
Menu Sheet,210.0,57.0,success,False,2026-08-19T13:25:31.059454+09:00
Menu Signal,,,failed,False,2026-08-17T21:33:00.443260+09:00
Menu Slip,260.0,15.0,success,False,2026-08-19T22:05:04.840486+09:00
Menu Slot,90.0,0.0,success,False,2026-08-19T22:05:28.406409+09:00
Menu Snapshot,,,failed,False,2026-08-18T23:51:39.388505+09:00
Menu Stake,,,failed,False,2026-08-23T02:56:32.879910+09:00
Menu Statement,,,failed,False,2026-08-21T00:26:07.923229+09:00
Menu Station,1000.0,2.0,success,False,2026-08-17T20:32:21.226449+09:00
Menu Status,480.0,0.0,success,False,2026-08-19T20:43:26.923996+09:00
Menu Studio,90.0,2.0,success,False,2026-08-17T20:34:23.568448+09:00
Menu Suite,50.0,7.0,success,False,2026-08-17T23:28:30.057187+09:00
Menu Sum,,,failed,False,2026-08-21T02:26:06.975454+09:00
Menu Summary,20.0,0.0,success,False,2026-08-19T21:18:07.179482+09:00
Menu Surtax,,,failed,False,2026-08-23T15:53:05.427640+09:00
Menu Sync,20.0,9.0,success,False,2026-08-17T20:36:48.387810+09:00
Menu Table,1900.0,69.0,success,False,2026-08-19T22:04:42.218437+09:00
Menu Tag,480.0,59.0,success,False,2026-08-19T13:26:27.174031+09:00
Menu Tally,,,failed,False,2026-08-21T00:26:13.350270+09:00
Menu Tariff,,,failed,False,2026-08-21T02:42:16.992307+09:00
Menu Tax,,,failed,False,2026-08-21T02:10:21.556989+09:00
Menu Ticket,260.0,3.0,success,False,2026-08-19T21:19:06.268561+09:00
Menu Tier,,,failed,False,2026-08-28T00:47:03.149821+09:00
Menu Timeline,,,failed,False,2026-08-19T21:18:17.728493+09:00
Menu Timer,1900.0,4.0,success,False,2026-08-28T00:23:26.429201+09:00
Menu Toll,,,failed,False,2026-08-21T02:42:11.511377+09:00
Menu Toolbox,10.0,0.0,success,False,2026-08-28T00:23:32.387348+09:00
Menu Toolkit,,,failed,False,2026-08-18T23:51:39.388505+09:00
Menu Tracker,170.0,1.0,success,False,2026-08-17T20:37:45.876313+09:00
Menu Trail,20.0,7.0,success,False,2026-08-17T20:47:45.474295+09:00
Menu Trend,70.0,4.0,success,False,2026-08-28T01:04:19.597729+09:00
Menu Trial,90.0,0.0,success,False,2026-08-27T21:13:15.493972+09:00
Menu Unit,,,failed,False,2026-08-21T01:53:51.077986+09:00
Menu Update,3600.0,0.0,success,True,2026-08-19T20:44:05.928260+09:00
Menu Value,10.0,5.0,success,False,2026-08-23T02:56:29.364559+09:00
Menu Vault,1900.0,0.0,success,True,2026-08-17T21:41:44.845375+09:00
Menu Version,110.0,0.0,success,False,2026-08-23T03:21:47.880193+09:00
Menu View,720.0,1.0,success,False,2026-08-19T20:43:33.378176+09:00
Menu Voucher,30.0,41.0,success,False,2026-08-21T00:25:50.747055+09:00
Menu Watch,210.0,0.0,success,False,2026-08-17T21:31:46.266854+09:00
Menu Wave,50.0,2.0,success,False,2026-08-17T20:45:09.617976+09:00
Menu Widget,480.0,2.0,success,False,2026-08-27T23:11:19.629691+09:00
Menu Workbench,,,failed,False,2026-08-18T23:51:39.388505+09:00
Menu Worksheet,260.0,0.0,success,False,2026-08-27T22:07:27.719925+09:00
Menu Workshop,260.0,1.0,success,False,2026-08-28T00:23:28.806149+09:00
Menu Zone,40.0,3.0,success,False,2026-08-17T21:41:12.952922+09:00
Meter Advance,,,failed,False,2026-08-23T16:16:51.381360+09:00
Meter Advisory,,,failed,False,2026-08-21T01:08:18.401082+09:00
Meter Allowance,,,failed,False,2026-08-21T02:44:59.003058+09:00
Meter Almanac,,,failed,False,2026-08-18T23:51:39.388505+09:00
Meter Analyzer,70.0,41.0,success,False,2026-08-27T23:59:12.622196+09:00
Meter Anchor,,,failed,False,2026-08-17T21:38:29.386806+09:00
Meter Arrears,,,failed,False,2026-08-23T16:16:48.615272+09:00
Meter Asset,,,failed,False,2026-08-23T13:48:27.768488+09:00
Meter Assistant,20.0,8.0,success,False,2026-08-17T23:11:08.683373+09:00
Meter Atlas,,,failed,False,2026-08-17T20:45:42.370254+09:00
Meter Attribute,,,failed,False,2026-08-23T13:09:46.403136+09:00
Meter Balance,480.0,38.0,success,False,2026-08-23T13:48:23.745553+09:00
Meter Base,6600.0,84.0,success,False,2026-08-17T20:42:29.560038+09:00
Meter Beacon,,,failed,False,2026-08-17T20:31:59.985806+09:00
Meter Bill,720.0,1.0,success,False,2026-08-19T22:03:56.439657+09:00
Meter Board,4400.0,43.0,success,False,2026-08-17T20:40:08.225876+09:00
Meter Book,50.0,3.0,success,False,2026-08-19T22:04:49.676934+09:00
Meter Bridge,12100.0,0.0,success,True,2026-08-17T21:40:41.309160+09:00
Meter Brief,,,failed,False,2026-08-21T01:08:10.104042+09:00
Meter Bulletin,,,failed,False,2026-08-21T01:08:06.645069+09:00
Meter Cabinet,1900.0,40.0,success,False,2026-08-27T23:16:34.240680+09:00
Meter Calculator,2900.0,2.0,success,False,2026-08-27T23:36:50.925534+09:00
Meter Calendar,,,failed,False,2026-08-19T00:03:23.645450+09:00
Meter Card,170.0,2.0,success,False,2026-08-19T13:37:44.092675+09:00
Meter Cascade,,,failed,False,2026-08-18T01:28:07.797651+09:00
Meter Cash,320.0,2.0,success,False,2026-08-21T02:30:08.779542+09:00
Meter Cashback,,,failed,False,2026-08-27T21:19:33.782503+09:00
Meter Category,70.0,7.0,success,False,2026-08-23T13:09:46.403136+09:00
Meter Center,880.0,20.0,success,False,2026-08-17T20:34:34.179062+09:00
Meter Chain,90.0,3.0,success,False,2026-08-17T21:32:36.544768+09:00
Meter Charge,320.0,0.0,success,False,2026-08-21T02:44:46.644995+09:00
Meter Check,1300.0,12.0,success,False,2026-08-19T13:38:13.390546+09:00
Meter Checker,1300.0,12.0,success,False,2026-08-27T23:59:02.052548+09:00
Meter Circular,,,failed,False,2026-08-21T01:08:12.622841+09:00
Meter Cockpit,,,failed,False,2026-08-17T23:31:10.385394+09:00
Meter Code,880.0,0.0,success,False,2026-08-19T22:04:17.404214+09:00
Meter Codex,,,failed,False,2026-08-18T23:51:39.388505+09:00
Meter Companion,,,failed,False,2026-08-17T23:09:15.899406+09:00
Meter Comparison,210.0,0.0,success,False,2026-08-28T01:08:47.729422+09:00
Meter Compass,,,failed,False,2026-08-17T20:33:09.747000+09:00
Meter Compendium,,,failed,False,2026-08-18T23:51:39.388505+09:00
Meter Confirmation,,,failed,False,2026-08-21T01:08:27.933703+09:00
Meter Console,140.0,4.0,success,False,2026-08-18T07:52:01.229242+09:00
Meter Converter,14800.0,3.0,success,False,2026-08-27T23:36:50.925534+09:00
Meter Core,40.0,1.0,success,False,2026-08-17T20:41:46.079279+09:00
Meter Cost,170.0,7.0,success,False,2026-08-21T02:14:24.666160+09:00
Meter Count,1000.0,44.0,success,False,2026-08-27T22:51:22.989955+09:00
Meter Counter,1000.0,44.0,success,False,2026-08-19T00:04:07.444762+09:00
Meter Coupon,10.0,0.0,success,False,2026-08-27T21:19:33.782503+09:00
Meter Dashboard,880.0,47.0,success,False,2026-08-17T23:14:25.326532+09:00
Meter Deal,,,failed,False,2026-08-21T01:59:26.364386+09:00
Meter Debt,140.0,0.0,success,False,2026-08-21T02:30:00.318623+09:00
Meter Deck,20.0,3.0,success,False,2026-08-17T20:39:15.324728+09:00
Meter Depot,30.0,1.0,success,False,2026-08-19T00:03:53.943426+09:00
Meter Desk,,,failed,False,2026-08-17T20:36:59.320935+09:00
Meter Detail,10.0,0.0,success,False,2026-08-23T03:24:01.511685+09:00
Meter Diagram,720.0,0.0,success,False,2026-08-27T22:15:17.446247+09:00
Meter Dial,880.0,31.0,success,False,2026-08-17T21:41:25.564008+09:00
Meter Digest,,,failed,False,2026-08-19T20:48:09.734804+09:00
Meter Directory,,,failed,False,2026-08-19T00:03:29.017691+09:00
Meter Discount,,,failed,False,2026-08-23T16:16:43.466007+09:00
Meter Dock,,,failed,False,2026-08-17T21:35:46.466784+09:00
Meter Dossier,,,failed,False,2026-08-21T01:08:31.890939+09:00
Meter Downpayment,,,failed,False,2026-08-27T21:50:32.673191+09:00
Meter Due,,,failed,False,2026-08-23T15:52:59.645505+09:00
Meter Duty,,,failed,False,2026-08-21T02:44:49.670355+09:00
Meter Engine,,,failed,False,2026-08-17T23:30:03.516281+09:00
Meter Entry,,,failed,False,2026-08-21T01:08:42.694211+09:00
Meter Estimator,,,failed,False,2026-08-27T23:59:02.052548+09:00
Meter Excerpt,,,failed,False,2026-08-21T01:08:38.226777+09:00
Meter Fare,110.0,0.0,success,False,2026-08-21T02:14:32.398981+09:00
Meter Fee,110.0,0.0,success,False,2026-08-21T01:59:11.823228+09:00
Meter Field,,,failed,False,2026-08-23T13:09:53.012547+09:00
Meter File,10.0,0.0,success,False,2026-08-19T20:47:43.737608+09:00
Meter Finder,70.0,13.0,success,False,2026-08-19T00:03:43.919454+09:00
Meter Fine,,,failed,False,2026-08-23T02:58:22.138968+09:00
Meter Flag,,,failed,False,2026-08-21T00:35:49.197244+09:00
Meter Flow,60500.0,89.0,success,False,2026-08-17T20:39:41.640400+09:00
Meter Forge,,,failed,False,2026-08-18T07:52:58.974940+09:00
Meter Form,90.0,0.0,success,False,2026-08-19T13:37:36.286521+09:00
Meter Format,,,failed,False,2026-08-23T13:09:55.014275+09:00
Meter Frame,70.0,1.0,success,False,2026-08-17T20:43:25.230587+09:00
Meter Fund,,,failed,False,2026-08-21T02:30:05.549953+09:00
Meter Gate,90.0,21.0,success,False,2026-08-17T20:48:00.384731+09:00
Meter Giveaway,,,failed,False,2026-08-27T21:19:40.666664+09:00
Meter Grade,,,failed,False,2026-08-21T00:35:34.561312+09:00
Meter Graph,320.0,0.0,success,False,2026-08-27T22:15:03.740456+09:00
Meter Grid,90.0,27.0,success,False,2026-08-17T23:24:15.710246+09:00
Meter Guard,140.0,9.0,success,False,2026-08-17T20:42:06.946542+09:00
Meter Guardian,,,failed,False,2026-08-28T00:27:27.697084+09:00
Meter Guidebook,,,failed,False,2026-08-18T22:12:13.672404+09:00
Meter Helpdesk,,,failed,False,2026-08-27T22:51:25.477545+09:00
Meter Helper,,,failed,False,2026-08-28T00:27:31.291174+09:00
Meter History,260.0,0.0,success,False,2026-08-19T20:47:36.057637+09:00
Meter Hub,480.0,77.0,success,False,2026-08-17T20:38:46.053243+09:00
Meter Identifier,50.0,0.0,success,False,2026-08-23T13:09:44.174186+09:00
Meter Incentive,,,failed,False,2026-08-27T21:19:40.666664+09:00
Meter Index,170.0,2.0,success,False,2026-08-19T21:32:47.158972+09:00
Meter Insight,40.0,31.0,success,False,2026-08-17T23:30:49.193189+09:00
Meter Installment,,,failed,False,2026-08-23T16:16:48.615272+09:00
Meter Item,,,failed,False,2026-08-21T01:59:13.927606+09:00
Meter Journal,,,failed,False,2026-08-18T22:11:56.316205+09:00
Meter Keeper,,,failed,False,2026-08-17T20:43:55.064759+09:00
Meter Kit,90.0,32.0,success,False,2026-08-27T22:51:13.312396+09:00
Meter Lab,90.0,3.0,success,False,2026-08-17T20:37:26.547523+09:00
Meter Label,260.0,17.0,success,False,2026-08-27T22:15:06.045574+09:00
Meter Lens,30.0,47.0,success,False,2026-08-17T20:44:17.126543+09:00
Meter Level,170.0,69.0,success,False,2026-08-19T20:47:51.523685+09:00
Meter Levy,,,failed,False,2026-08-23T13:48:32.031008+09:00
Meter Link,260.0,10.0,success,False,2026-08-23T03:23:54.422715+09:00
Meter List,320.0,1.0,success,False,2026-08-19T22:04:26.155627+09:00
Meter Loan,90.0,1.0,success,False,2026-08-21T02:14:40.877635+09:00
Meter Locator,210.0,1.0,success,False,2026-08-19T00:03:38.462918+09:00
Meter Lock,480.0,71.0,success,False,2026-08-17T20:46:04.855118+09:00
Meter Log,20.0,0.0,success,False,2026-08-19T13:37:25.441438+09:00
Meter Loop,720.0,47.0,success,False,2026-08-17T21:34:09.721109+09:00
Meter Manager,210.0,1.0,success,False,2026-08-17T20:42:54.961047+09:00
Meter Manual,720.0,23.0,success,False,2026-08-27T22:15:12.426690+09:00
Meter Map,320.0,2.0,success,False,2026-08-17T20:45:16.547101+09:00
Meter Markup,,,failed,False,2026-08-23T16:40:13.658560+09:00
Meter Memo,,,failed,False,2026-08-21T00:35:39.216644+09:00
Meter Message,,,failed,False,2026-08-27T23:16:26.018143+09:00
Meter Metrics,720.0,10.0,success,False,2026-08-17T23:07:30.676472+09:00
Meter Monitor,320.0,55.0,success,False,2026-08-17T23:12:41.358995+09:00
Meter Navigator,,,failed,False,2026-08-17T23:31:27.985495+09:00
Meter Nexus,,,failed,False,2026-08-17T20:46:42.242736+09:00
Meter Node,,,failed,False,2026-08-17T21:30:18.085086+09:00
Meter Note,140.0,3.0,success,False,2026-08-19T13:38:51.605801+09:00
Meter Notification,,,failed,False,2026-08-27T22:51:07.925641+09:00
Meter Number,4400.0,0.0,success,True,2026-08-23T03:23:46.825883+09:00
Meter Office,70.0,0.0,success,False,2026-08-19T00:04:01.106556+09:00
Meter Ops,,,failed,False,2026-08-17T22:51:32.586910+09:00
Meter Organizer,,,failed,False,2026-08-17T23:30:33.375533+09:00
Meter Overage,,,failed,False,2026-08-27T21:50:29.028381+09:00
Meter Overdraft,,,failed,False,2026-08-23T15:52:59.645505+09:00
Meter Overdue,,,failed,False,2026-08-27T21:50:22.560575+09:00
Meter Panel,2400.0,74.0,success,False,2026-08-18T07:52:13.300527+09:00
Meter Path,,,failed,False,2026-08-17T20:48:34.410191+09:00
Meter Payoff,,,failed,False,2026-08-27T21:50:26.760837+09:00
Meter Penalty,,,failed,False,2026-08-23T16:40:13.658560+09:00
Meter Petition,,,failed,False,2026-08-21T01:08:23.538465+09:00
Meter Pilot,,,failed,False,2026-08-17T20:37:58.727524+09:00
Meter Plan,110.0,10.0,success,False,2026-08-21T01:59:21.644967+09:00
Meter Planner,,,failed,False,2026-08-17T23:30:19.900529+09:00
Meter Playbook,,,failed,False,2026-08-18T22:11:47.554399+09:00
Meter Point,390.0,4.0,success,False,2026-08-17T20:47:16.621554+09:00
Meter Portal,50.0,1.0,success,False,2026-08-17T20:32:36.001496+09:00
Meter Preview,,,failed,False,2026-08-28T01:08:47.729422+09:00
Meter Profile,10.0,0.0,success,False,2026-08-19T13:39:22.411617+09:00
Meter Profit,,,failed,False,2026-08-23T02:58:08.701487+09:00
Meter Pulse,720.0,83.0,success,False,2026-08-17T21:31:59.895065+09:00
Meter Quota,,,failed,False,2026-08-21T00:35:46.572141+09:00
Meter Radar,210.0,3.0,success,False,2026-08-17T20:36:00.761105+09:00
Meter Rail,20.0,12.0,success,False,2026-08-17T21:34:39.149688+09:00
Meter Rate,170.0,2.0,success,False,2026-08-19T20:47:55.040652+09:00
Meter Recap,,,failed,False,2026-08-21T01:08:34.212023+09:00
Meter Receipt,20.0,8.0,success,False,2026-08-19T22:04:07.178529+09:00
Meter Recorder,10.0,51.0,success,False,2026-08-27T23:36:57.640483+09:00
Meter Register,390.0,3.0,success,False,2026-08-17T23:31:45.267981+09:00
Meter Registry,30.0,0.0,success,False,2026-08-18T22:12:19.566532+09:00
Meter Relay,210.0,17.0,success,False,2026-08-17T20:35:03.370957+09:00
Meter Reminder,,,failed,False,2026-08-19T21:32:44.531306+09:00
Meter Report,70.0,0.0,success,False,2026-08-19T13:37:00.513744+09:00
Meter Result,20.0,0.0,success,False,2026-08-28T00:48:57.800361+09:00
Meter Roadmap,,,failed,False,2026-08-18T23:51:39.388505+09:00
Meter Rule,2400.0,19.0,success,False,2026-08-23T03:23:58.190781+09:00
Meter Sale,50.0,31.0,success,False,2026-08-21T02:30:16.403499+09:00
Meter Sample,50.0,23.0,success,False,2026-08-19T22:05:17.062474+09:00
Meter Scale,6600.0,27.0,success,False,2026-08-17T21:37:57.485180+09:00
Meter Scanner,140.0,7.0,success,False,2026-08-27T23:59:07.749698+09:00
Meter Scheduler,,,failed,False,2026-08-17T23:05:39.217461+09:00
Meter Schematic,10.0,0.0,success,False,2026-08-27T22:29:30.000621+09:00
Meter Scope,1600.0,100.0,success,False,2026-08-17T21:35:14.152571+09:00
Meter Score,70.0,0.0,success,False,2026-08-19T13:38:30.096101+09:00
Meter Sentry,,,failed,False,2026-08-17T20:44:37.629482+09:00
Meter Sheet,70.0,12.0,success,False,2026-08-19T13:37:53.958127+09:00
Meter Shortfall,,,failed,False,2026-08-27T21:50:34.815891+09:00
Meter Signal,880.0,58.0,success,False,2026-08-17T21:37:21.496927+09:00
Meter Signature,33100.0,0.0,success,True,2026-08-23T13:28:17.743262+09:00
Meter Slip,,,failed,False,2026-08-19T22:05:01.387918+09:00
Meter Slot,49500.0,3.0,success,False,2026-08-19T22:05:25.560581+09:00
Meter Snapshot,,,failed,False,2026-08-18T22:12:06.505434+09:00
Meter Stake,,,failed,False,2026-08-23T02:58:14.811642+09:00
Meter Statement,,,failed,False,2026-08-21T00:35:29.281212+09:00
Meter Station,590.0,13.0,success,False,2026-08-17T20:36:26.800121+09:00
Meter Status,480.0,0.0,success,False,2026-08-19T20:47:28.016879+09:00
Meter Studio,20.0,1.0,success,False,2026-08-17T20:38:19.209708+09:00
Meter Subsidy,10.0,0.0,success,False,2026-08-23T15:53:03.221395+09:00
Meter Suite,,,failed,False,2026-08-17T23:03:53.626473+09:00
Meter Sum,,,failed,False,2026-08-21T02:29:56.209810+09:00
Meter Summary,,,failed,False,2026-08-19T21:32:38.095873+09:00
Meter Surtax,,,failed,False,2026-08-23T15:53:03.221395+09:00
Meter Sync,,,failed,False,2026-08-17T20:40:32.567080+09:00
Meter Tab,110.0,2.0,success,False,2026-08-21T00:35:54.809657+09:00
Meter Table,6600.0,17.0,success,False,2026-08-19T22:04:38.551336+09:00
Meter Tag,480.0,86.0,success,False,2026-08-19T13:39:01.193066+09:00
Meter Tally,,,failed,False,2026-08-21T00:35:31.431507+09:00
Meter Tariff,30.0,2.0,success,False,2026-08-21T02:45:01.493449+09:00
Meter Tax,30.0,0.0,success,False,2026-08-21T02:14:36.179977+09:00
Meter Tier,,,failed,False,2026-08-28T00:49:02.800291+09:00
Meter Timeline,,,failed,False,2026-08-19T21:32:39.944567+09:00
Meter Timer,1900.0,13.0,success,False,2026-08-28T00:27:23.571229+09:00
Meter Toll,,,failed,False,2026-08-21T02:44:54.822530+09:00
Meter Toolbox,10.0,0.0,success,False,2026-08-28T00:27:31.291174+09:00
Meter Toolkit,,,failed,False,2026-08-18T22:11:39.333366+09:00
Meter Total,,,failed,False,2026-08-27T23:16:30.238245+09:00
Meter Tracker,1000.0,4.0,success,False,2026-08-17T20:41:16.510977+09:00
Meter Trail,,,failed,False,2026-08-17T21:33:36.085901+09:00
Meter Trend,,,failed,False,2026-08-28T01:08:42.554310+09:00
Meter Trial,,,failed,False,2026-08-27T21:19:36.835808+09:00
Meter Unit,5400.0,62.0,success,False,2026-08-21T01:59:17.804525+09:00
Meter Update,110.0,0.0,success,False,2026-08-19T20:48:02.759483+09:00
Meter Value,390.0,21.0,success,False,2026-08-23T02:58:11.410981+09:00
Meter Vault,260.0,5.0,success,False,2026-08-17T20:34:09.472739+09:00
Meter Version,,,failed,False,2026-08-23T03:23:49.316132+09:00
Meter View,50.0,0.0,success,False,2026-08-19T20:47:30.914414+09:00
Meter Watch,260.0,26.0,success,False,2026-08-17T21:36:20.278504+09:00
Meter Wave,480.0,29.0,success,False,2026-08-17T21:30:50.388708+09:00
Meter Widget,50.0,0.0,success,False,2026-08-27T23:16:30.238245+09:00
Meter Workbench,10.0,76.0,success,False,2026-08-18T22:11:32.522772+09:00
Meter Worksheet,50.0,0.0,success,False,2026-08-27T22:15:17.446247+09:00
Meter Zone,320.0,0.0,success,False,2026-08-17T20:33:41.175079+09:00
Microchip Advance,,,failed,False,2026-08-23T16:17:12.971292+09:00
Microchip Advisory,,,failed,False,2026-08-21T01:02:20.703041+09:00
Microchip Allowance,,,failed,False,2026-08-21T02:42:11.511377+09:00
Microchip Almanac,,,failed,False,2026-08-18T23:51:39.388505+09:00
Microchip Analyzer,,,failed,False,2026-08-27T23:53:34.112900+09:00
Microchip Anchor,,,failed,False,2026-08-17T23:05:30.117127+09:00
Microchip Arrears,,,failed,False,2026-08-23T16:17:12.971292+09:00
Microchip Assistant,,,failed,False,2026-08-17T23:06:12.301553+09:00
Microchip Atlas,,,failed,False,2026-08-17T23:10:02.526148+09:00
Microchip Attribute,,,failed,False,2026-08-23T13:08:58.766460+09:00
Microchip Badge,,,failed,False,2026-08-21T00:25:50.747055+09:00
Microchip Base,,,failed,False,2026-08-17T23:05:06.987834+09:00
Microchip Beacon,,,failed,False,2026-08-17T23:03:45.434649+09:00
Microchip Bill,,,failed,False,2026-08-19T22:03:49.697196+09:00
Microchip Blueprint,,,failed,False,2026-08-18T23:51:39.388505+09:00
Microchip Board,,,failed,False,2026-08-17T23:24:30.748337+09:00
Microchip Book,,,failed,False,2026-08-19T22:04:42.218437+09:00
Microchip Bridge,,,failed,False,2026-08-17T23:32:28.634296+09:00
Microchip Brief,,,failed,False,2026-08-21T01:00:31.922622+09:00
Microchip Bulletin,,,failed,False,2026-08-21T01:00:27.646290+09:00
Microchip Calendar,,,failed,False,2026-08-19T00:02:58.410814+09:00
Microchip Card,,,failed,False,2026-08-19T13:25:01.891377+09:00
Microchip Cascade,,,failed,False,2026-08-17T23:11:00.543955+09:00
Microchip Cash,,,failed,False,2026-08-21T02:26:14.215239+09:00
Microchip Cashback,,,failed,False,2026-08-27T21:13:10.326383+09:00
Microchip Catalog,,,failed,False,2026-08-19T21:19:30.531478+09:00
Microchip Category,,,failed,False,2026-08-23T13:08:53.842629+09:00
Microchip Center,,,failed,False,2026-08-17T23:25:47.175267+09:00
Microchip Chain,,,failed,False,2026-08-17T23:27:14.779355+09:00
Microchip Charge,,,failed,False,2026-08-21T02:41:59.910977+09:00
Microchip Check,,,failed,False,2026-08-19T13:25:31.059454+09:00
Microchip Checker,,,failed,False,2026-08-27T23:53:26.856284+09:00
Microchip Checklist,,,failed,False,2026-08-19T21:18:28.771702+09:00
Microchip Circular,,,failed,False,2026-08-21T01:02:18.693445+09:00
Microchip Cockpit,,,failed,False,2026-08-17T23:29:41.239949+09:00
Microchip Code,,,failed,False,2026-08-19T22:04:10.383393+09:00
Microchip Codex,,,failed,False,2026-08-18T22:02:28.338577+09:00
Microchip Companion,,,failed,False,2026-08-17T23:04:05.706993+09:00
Microchip Comparison,,,failed,False,2026-08-28T01:04:19.597729+09:00
Microchip Compass,,,failed,False,2026-08-17T23:31:53.116535+09:00
Microchip Compendium,,,failed,False,2026-08-18T23:51:39.388505+09:00
Microchip Confirmation,,,failed,False,2026-08-21T01:00:48.316316+09:00
Microchip Console,,,failed,False,2026-08-17T23:10:22.607509+09:00
Microchip Contribution,,,failed,False,2026-08-23T16:17:10.658953+09:00
Microchip Copayment,,,failed,False,2026-08-23T16:37:04.042408+09:00
Microchip Core,,,failed,False,2026-08-17T23:24:10.330342+09:00
Microchip Cost,,,failed,False,2026-08-21T02:10:04.981055+09:00
Microchip Count,,,failed,False,2026-08-27T22:45:51.425899+09:00
Microchip Counter,,,failed,False,2026-08-19T00:03:41.244683+09:00
Microchip Coupon,,,failed,False,2026-08-27T21:13:04.814179+09:00
Microchip Dashboard,,,failed,False,2026-08-17T23:09:43.652539+09:00
Microchip Deal,,,failed,False,2026-08-21T01:53:55.864574+09:00
Microchip Debt,,,failed,False,2026-08-21T02:26:06.975454+09:00
Microchip Deck,,,failed,False,2026-08-17T23:06:57.045511+09:00
Microchip Depot,,,failed,False,2026-08-19T00:03:25.935082+09:00
Microchip Desk,,,failed,False,2026-08-17T23:31:21.435106+09:00
Microchip Detail,,,failed,False,2026-08-23T03:21:54.482997+09:00
Microchip Diagram,,,failed,False,2026-08-27T22:07:27.719925+09:00
Microchip Dial,,,failed,False,2026-08-17T23:04:40.930662+09:00
Microchip Digest,,,failed,False,2026-08-19T20:44:05.928260+09:00
Microchip Directory,,,failed,False,2026-08-19T00:03:04.417889+09:00
Microchip Discount,,,failed,False,2026-08-23T16:17:06.545040+09:00
Microchip Dock,,,failed,False,2026-08-17T23:06:35.609380+09:00
Microchip Dossier,,,failed,False,2026-08-21T01:00:50.612821+09:00
Microchip Draft,,,failed,False,2026-08-19T20:44:23.661281+09:00
Microchip Due,,,failed,False,2026-08-23T15:53:03.221395+09:00
Microchip Duty,,,failed,False,2026-08-21T02:42:02.551252+09:00
Microchip Engine,,,failed,False,2026-08-17T23:28:30.057187+09:00
Microchip Entry,,,failed,False,2026-08-21T01:01:03.307399+09:00
Microchip Estimate,,,failed,False,2026-08-19T21:19:19.264899+09:00
Microchip Estimator,,,failed,False,2026-08-27T23:53:23.914629+09:00
Microchip Excerpt,,,failed,False,2026-08-21T01:00:58.878918+09:00
Microchip Fare,,,failed,False,2026-08-21T02:10:13.973101+09:00
Microchip Fee,,,failed,False,2026-08-21T01:53:31.985132+09:00
Microchip Feed,,,failed,False,2026-08-19T20:44:12.620754+09:00
Microchip Field,,,failed,False,2026-08-23T13:09:00.936814+09:00
Microchip File,,,failed,False,2026-08-19T20:43:39.981777+09:00
Microchip Finder,,,failed,False,2026-08-19T00:03:21.455005+09:00
Microchip Fine,,,failed,False,2026-08-23T02:56:35.195472+09:00
Microchip Flag,,,failed,False,2026-08-21T00:26:28.007677+09:00
Microchip Flow,,,failed,False,2026-08-17T23:12:58.115072+09:00
Microchip Forge,,,failed,False,2026-08-17T23:32:15.494443+09:00
Microchip Form,,,failed,False,2026-08-19T13:24:56.019665+09:00
Microchip Format,,,failed,False,2026-08-23T13:09:03.594529+09:00
Microchip Frame,,,failed,False,2026-08-17T23:23:48.557902+09:00
Microchip Fund,,,failed,False,2026-08-21T02:26:10.275506+09:00
Microchip Gate,,,failed,False,2026-08-17T23:15:10.071233+09:00
Microchip Giveaway,,,failed,False,2026-08-27T21:13:18.101351+09:00
Microchip Grid,,,failed,False,2026-08-17T23:33:06.954832+09:00
Microchip Guarantee,,,failed,False,2026-08-28T01:04:25.098394+09:00
Microchip Guard,,,failed,False,2026-08-17T23:30:26.611269+09:00
Microchip Guardian,,,failed,False,2026-08-28T00:23:28.806149+09:00
Microchip Guidebook,,,failed,False,2026-08-18T23:51:39.388505+09:00
Microchip Helpdesk,,,failed,False,2026-08-27T22:45:55.749339+09:00
Microchip Helper,,,failed,False,2026-08-28T00:23:32.387348+09:00
Microchip History,,,failed,False,2026-08-19T20:43:33.378176+09:00
Microchip Hotline,,,failed,False,2026-08-19T21:19:43.238592+09:00
Microchip Hub,,,failed,False,2026-08-17T23:30:56.654699+09:00
Microchip Identifier,,,failed,False,2026-08-23T13:08:51.704947+09:00
Microchip Incentive,,,failed,False,2026-08-27T21:13:15.493972+09:00
Microchip Index,,,failed,False,2026-08-19T21:18:40.810817+09:00
Microchip Insight,,,failed,False,2026-08-17T23:29:23.485940+09:00
Microchip Installment,,,failed,False,2026-08-23T16:17:10.658953+09:00
Microchip Item,,,failed,False,2026-08-21T01:53:35.907769+09:00
Microchip Journal,,,failed,False,2026-08-18T23:51:39.388505+09:00
Microchip Keeper,,,failed,False,2026-08-17T23:04:21.710025+09:00
Microchip Kit,,,failed,False,2026-08-27T22:45:40.412271+09:00
Microchip Lab,,,failed,False,2026-08-17T23:13:55.425659+09:00
Microchip Label,,,failed,False,2026-08-27T22:07:19.639710+09:00
Microchip Ledger,,,failed,False,2026-08-17T23:12:17.050075+09:00
Microchip Lens,,,failed,False,2026-08-17T23:10:40.836813+09:00
Microchip Link,,,failed,False,2026-08-23T03:21:47.880193+09:00
Microchip List,,,failed,False,2026-08-19T22:04:20.465966+09:00
Microchip Loan,,,failed,False,2026-08-21T02:10:21.556989+09:00
Microchip Locator,,,failed,False,2026-08-19T00:03:09.712807+09:00
Microchip Lock,,,failed,False,2026-08-17T23:03:34.150622+09:00
Microchip Log,,,failed,False,2026-08-19T13:24:45.773598+09:00
Microchip Loop,,,failed,False,2026-08-17T23:07:22.346415+09:00
Microchip Manager,,,failed,False,2026-08-17T23:28:10.025737+09:00
Microchip Manual,,,failed,False,2026-08-27T22:07:19.639710+09:00
Microchip Map,,,failed,False,2026-08-17T23:23:32.991705+09:00
Microchip Markup,,,failed,False,2026-08-23T16:37:01.033816+09:00
Microchip Memo,,,failed,False,2026-08-21T00:26:18.251155+09:00
Microchip Meter,,,failed,False,2026-08-17T23:26:30.057004+09:00
Microchip Metrics,,,failed,False,2026-08-17T23:14:53.160605+09:00
Microchip Monitor,,,failed,False,2026-08-17T23:08:02.086738+09:00
Microchip Navigator,,,failed,False,2026-08-17T23:29:58.873666+09:00
Microchip Nexus,,,failed,False,2026-08-17T23:27:45.087946+09:00
Microchip Node,,,failed,False,2026-08-17T23:27:29.516151+09:00
Microchip Note,,,failed,False,2026-08-19T13:26:03.914310+09:00
Microchip Notification,,,failed,False,2026-08-27T22:45:40.412271+09:00
Microchip Number,,,failed,False,2026-08-23T03:21:36.606838+09:00
Microchip Office,,,failed,False,2026-08-19T00:03:31.307926+09:00
Microchip Ops,,,failed,False,2026-08-17T23:11:19.275980+09:00
Microchip Order,,,failed,False,2026-08-19T22:03:39.900427+09:00
Microchip Organizer,,,failed,False,2026-08-17T23:29:05.712614+09:00
Microchip Overdue,,,failed,False,2026-08-27T21:46:03.878331+09:00
Microchip Panel,,,failed,False,2026-08-17T23:26:16.391059+09:00
Microchip Pass,,,failed,False,2026-08-21T00:25:38.806657+09:00
Microchip Path,,,failed,False,2026-08-17T23:09:00.584407+09:00
Microchip Penalty,,,failed,False,2026-08-23T16:37:01.033816+09:00
Microchip Petition,,,failed,False,2026-08-21T01:00:42.748785+09:00
Microchip Pilot,,,failed,False,2026-08-17T23:07:41.199314+09:00
Microchip Plan,,,failed,False,2026-08-21T01:53:51.077986+09:00
Microchip Planner,,,failed,False,2026-08-17T23:28:48.980231+09:00
Microchip Playbook,,,failed,False,2026-08-18T23:51:39.388505+09:00
Microchip Point,,,failed,False,2026-08-17T23:33:34.870792+09:00
Microchip Portal,,,failed,False,2026-08-17T23:26:02.617332+09:00
Microchip Profile,,,failed,False,2026-08-19T13:26:27.174031+09:00
Microchip Profit,,,failed,False,2026-08-23T02:56:24.253545+09:00
Microchip Proposal,,,failed,False,2026-08-28T01:04:25.098394+09:00
Microchip Pulse,,,failed,False,2026-08-17T23:14:16.588426+09:00
Microchip Queue,,,failed,False,2026-08-19T21:19:06.268561+09:00
Microchip Radar,,,failed,False,2026-08-17T23:14:36.904616+09:00
Microchip Rail,,,failed,False,2026-08-17T23:27:00.420532+09:00
Microchip Rate,,,failed,False,2026-08-19T20:43:52.054689+09:00
Microchip Recap,,,failed,False,2026-08-21T01:02:29.218317+09:00
Microchip Receipt,,,failed,False,2026-08-19T22:03:59.574342+09:00
Microchip Recorder,,,failed,False,2026-08-27T23:33:29.170312+09:00
Microchip Register,,,failed,False,2026-08-17T23:30:12.792820+09:00
Microchip Registry,,,failed,False,2026-08-18T23:51:39.388505+09:00
Microchip Relay,,,failed,False,2026-08-17T23:31:38.790135+09:00
Microchip Reminder,,,failed,False,2026-08-19T21:18:17.728493+09:00
Microchip Report,,,failed,False,2026-08-19T13:24:25.669672+09:00
Microchip Roadmap,,,failed,False,2026-08-18T22:02:40.368007+09:00
Microchip Roster,,,failed,False,2026-08-19T00:37:34.373704+09:00
Microchip Route,,,failed,False,2026-08-17T23:26:43.020316+09:00
Microchip Rule,,,failed,False,2026-08-23T03:21:52.337489+09:00
Microchip Sale,,,failed,False,2026-08-21T02:26:18.130699+09:00
Microchip Scale,,,failed,False,2026-08-17T23:11:57.762151+09:00
Microchip Scheduler,,,failed,False,2026-08-17T23:13:17.884356+09:00
Microchip Scope,,,failed,False,2026-08-17T23:32:55.929904+09:00
Microchip Score,,,failed,False,2026-08-19T13:25:53.621438+09:00
Microchip Sentry,,,failed,False,2026-08-17T23:27:58.060156+09:00
Microchip Serial,,,failed,False,2026-08-23T13:28:05.717329+09:00
Microchip Sheet,,,failed,False,2026-08-19T13:25:11.972380+09:00
Microchip Signal,,,failed,False,2026-08-17T23:32:45.524936+09:00
Microchip Slip,,,failed,False,2026-08-19T22:04:53.715623+09:00
Microchip Slot,,,failed,False,2026-08-19T22:05:17.062474+09:00
Microchip Snapshot,,,failed,False,2026-08-18T23:51:41.422505+09:00
Microchip Stake,,,failed,False,2026-08-23T02:56:29.364559+09:00
Microchip Statement,,,failed,False,2026-08-21T00:26:02.753353+09:00
Microchip Station,,,failed,False,2026-08-17T23:25:18.715654+09:00
Microchip Status,,,failed,False,2026-08-19T20:43:19.095275+09:00
Microchip Stub,,,failed,False,2026-08-21T00:25:57.789837+09:00
Microchip Studio,,,failed,False,2026-08-17T23:24:52.278887+09:00
Microchip Subsidy,,,failed,False,2026-08-23T15:53:03.221395+09:00
Microchip Suite,,,failed,False,2026-08-17T23:11:38.355115+09:00
Microchip Sum,,,failed,False,2026-08-21T02:26:02.985234+09:00
Microchip Summary,,,failed,False,2026-08-19T21:17:57.500423+09:00
Microchip Sync,,,failed,False,2026-08-17T23:30:41.257118+09:00
Microchip Table,,,failed,False,2026-08-19T22:04:30.317454+09:00
Microchip Tag,,,failed,False,2026-08-19T13:26:13.744102+09:00
Microchip Tally,,,failed,False,2026-08-21T00:26:07.923229+09:00
Microchip Tariff,,,failed,False,2026-08-21T02:42:14.230561+09:00
Microchip Tax,,,failed,False,2026-08-21T02:10:17.497387+09:00
Microchip Ticket,,,failed,False,2026-08-19T21:18:53.314989+09:00
Microchip Timeline,,,failed,False,2026-08-19T21:18:07.179482+09:00
Microchip Timer,,,failed,False,2026-08-28T00:23:24.069179+09:00
Microchip Toll,,,failed,False,2026-08-21T02:42:06.283895+09:00
Microchip Toolbox,,,failed,False,2026-08-28T00:23:28.806149+09:00
Microchip Toolkit,,,failed,False,2026-08-18T23:51:41.422505+09:00
Microchip Total,,,failed,False,2026-08-27T23:11:17.164347+09:00
Microchip Tracker,,,failed,False,2026-08-17T23:05:55.492568+09:00
Microchip Trail,,,failed,False,2026-08-17T23:13:36.575210+09:00
Microchip Trial,,,failed,False,2026-08-27T21:13:15.493972+09:00
Microchip Unit,,,failed,False,2026-08-21T01:53:42.905283+09:00
Microchip Update,,,failed,False,2026-08-19T20:44:00.282785+09:00
Microchip Value,,,failed,False,2026-08-23T02:56:26.483203+09:00
Microchip Vault,,,failed,False,2026-08-17T23:09:26.162855+09:00
Microchip Version,,,failed,False,2026-08-23T03:21:40.496452+09:00
Microchip View,,,failed,False,2026-08-19T20:43:26.923996+09:00
Microchip Voucher,,,failed,False,2026-08-21T00:25:43.310750+09:00
Microchip Watch,,,failed,False,2026-08-17T23:12:34.850967+09:00
Microchip Wave,,,failed,False,2026-08-17T23:33:20.357749+09:00
Microchip Widget,,,failed,False,2026-08-27T23:11:17.164347+09:00
Microchip Workbench,,,failed,False,2026-08-18T23:51:41.422505+09:00
Microchip Workshop,,,failed,False,2026-08-28T00:23:26.429201+09:00
Microchip Zone,,,failed,False,2026-08-17T23:15:28.966007+09:00
Migration Advance,,,failed,False,2026-08-23T16:14:21.823505+09:00
Migration Advisory,140.0,18.0,success,False,2026-08-21T01:04:45.668721+09:00
Migration Allowance,20.0,0.0,success,False,2026-08-21T02:45:19.238792+09:00
Migration Almanac,,,failed,False,2026-08-18T22:02:30.753417+09:00
Migration Analyzer,,,failed,False,2026-08-27T23:58:38.877794+09:00
Migration Anchor,,,failed,False,2026-08-17T20:42:21.345142+09:00
Migration Announcement,30.0,0.0,success,False,2026-08-27T23:36:17.600549+09:00
Migration Arrears,,,failed,False,2026-08-23T16:14:21.823505+09:00
Migration Asset,,,failed,False,2026-08-23T13:46:43.137504+09:00
Migration Assistant,9900.0,2.0,success,False,2026-08-17T23:04:23.573644+09:00
Migration Atlas,1900.0,9.0,success,False,2026-08-17T20:33:01.756540+09:00
Migration Attribute,,,failed,False,2026-08-23T13:05:51.104957+09:00
Migration Badge,,,failed,False,2026-08-21T00:30:05.948049+09:00
Migration Base,,,failed,False,2026-08-17T21:41:16.664514+09:00
Migration Beacon,,,failed,False,2026-08-17T20:45:58.318950+09:00
Migration Bill,70.0,2.0,success,False,2026-08-19T21:46:45.064278+09:00
Migration Blueprint,10.0,7.0,success,False,2026-08-18T23:51:41.422505+09:00
Migration Board,12100.0,1.0,success,False,2026-08-17T21:36:38.708092+09:00
Migration Book,3600.0,55.0,success,False,2026-08-19T21:47:52.868004+09:00
Migration Bridge,30.0,0.0,success,False,2026-08-17T20:43:18.551816+09:00
Migration Brief,10.0,3.0,success,False,2026-08-21T01:04:28.874460+09:00
Migration Bulletin,,,failed,False,2026-08-21T01:04:20.278964+09:00
Migration Calculator,50.0,0.0,success,False,2026-08-27T23:36:23.122509+09:00
Migration Calendar,30.0,5.0,success,False,2026-08-19T00:00:31.381271+09:00
Migration Card,480.0,0.0,success,False,2026-08-19T13:26:27.174031+09:00
Migration Cascade,,,failed,False,2026-08-17T20:44:11.907751+09:00
Migration Cash,40.0,0.0,success,False,2026-08-21T02:29:40.223505+09:00
Migration Category,,,failed,False,2026-08-23T13:05:45.716846+09:00
Migration Center,1300.0,2.0,success,False,2026-08-17T21:30:10.122952+09:00
Migration Chain,6600.0,1.0,success,False,2026-08-17T20:37:49.257868+09:00
Migration Charge,30.0,0.0,success,False,2026-08-21T02:45:13.542612+09:00
Migration Check,140.0,5.0,success,False,2026-08-19T13:27:07.663216+09:00
Migration Checker,,,failed,False,2026-08-27T23:58:28.934840+09:00
Migration Circular,,,failed,False,2026-08-21T01:04:32.859141+09:00
Migration Cockpit,590.0,8.0,success,False,2026-08-17T23:29:07.663083+09:00
Migration Code,210.0,1.0,success,False,2026-08-19T21:47:08.663103+09:00
Migration Codex,,,failed,False,2026-08-18T22:02:52.692456+09:00
Migration Companion,,,failed,False,2026-08-17T23:14:57.452489+09:00
Migration Comparison,,,failed,False,2026-08-28T01:08:56.786303+09:00
Migration Compass,,,failed,False,2026-08-17T20:47:09.255931+09:00
Migration Compendium,,,failed,False,2026-08-18T22:02:42.227147+09:00
Migration Confirmation,,,failed,False,2026-08-21T01:05:02.312819+09:00
Migration Console,,,failed,False,2026-08-17T20:45:34.633599+09:00
Migration Converter,,,failed,False,2026-08-27T23:36:23.122509+09:00
Migration Core,10.0,0.0,success,False,2026-08-17T21:39:13.221117+09:00
Migration Cost,170.0,0.0,success,False,2026-08-21T02:13:09.073610+09:00
Migration Count,,,failed,False,2026-08-27T22:49:42.275363+09:00
Migration Counter,,,failed,False,2026-08-19T00:01:21.334255+09:00
Migration Dashboard,480.0,1.0,success,False,2026-08-17T23:08:04.686791+09:00
Migration Deal,20.0,6.0,success,False,2026-08-21T01:57:08.672731+09:00
Migration Debt,,,failed,False,2026-08-21T02:29:31.555266+09:00
Migration Deck,,,failed,False,2026-08-17T21:35:38.144027+09:00
Migration Depot,,,failed,False,2026-08-19T00:01:01.996823+09:00
Migration Desk,40.0,75.0,success,False,2026-08-17T21:33:04.357190+09:00
Migration Detail,,,failed,False,2026-08-23T03:15:49.113628+09:00
Migration Detector,,,failed,False,2026-08-27T23:58:34.382467+09:00
Migration Diagram,320.0,0.0,success,False,2026-08-27T22:12:17.686005+09:00
Migration Dial,,,failed,False,2026-08-17T20:43:46.830313+09:00
Migration Digest,,,failed,False,2026-08-19T20:45:53.854460+09:00
Migration Directory,,,failed,False,2026-08-19T00:00:38.616891+09:00
Migration Discount,,,failed,False,2026-08-23T16:14:15.763731+09:00
Migration Dock,,,failed,False,2026-08-17T20:40:27.760312+09:00
Migration Dossier,,,failed,False,2026-08-21T01:05:05.236354+09:00
Migration Downpayment,,,failed,False,2026-08-27T21:48:11.561191+09:00
Migration Draft,,,failed,False,2026-08-19T20:46:04.507912+09:00
Migration Due,,,failed,False,2026-08-23T15:51:42.166674+09:00
Migration Duty,,,failed,False,2026-08-21T02:45:13.542612+09:00
Migration Engine,,,failed,False,2026-08-17T23:27:58.060156+09:00
Migration Entry,,,failed,False,2026-08-21T01:05:26.897512+09:00
Migration Estimate,,,failed,False,2026-08-19T21:32:03.032645+09:00
Migration Estimator,,,failed,False,2026-08-27T23:58:26.225716+09:00
Migration Excerpt,,,failed,False,2026-08-21T01:05:22.302548+09:00
Migration Fare,,,failed,False,2026-08-21T02:13:15.591815+09:00
Migration Fee,210.0,0.0,success,False,2026-08-21T01:56:55.992066+09:00
Migration Feed,,,failed,False,2026-08-19T20:46:00.045081+09:00
Migration Field,50.0,2.0,success,False,2026-08-23T13:05:53.628688+09:00
Migration File,170.0,4.0,success,False,2026-08-19T20:45:25.764339+09:00
Migration Finder,,,failed,False,2026-08-19T00:00:56.933054+09:00
Migration Flag,,,failed,False,2026-08-21T00:30:53.488074+09:00
Migration Flow,590.0,2.0,success,False,2026-08-17T21:36:12.498401+09:00
Migration Forge,,,failed,False,2026-08-17T20:45:12.889782+09:00
Migration Form,1600.0,2.0,success,False,2026-08-19T13:26:13.744102+09:00
Migration Format,1600.0,2.0,success,False,2026-08-23T13:05:55.726817+09:00
Migration Frame,,,failed,False,2026-08-18T07:53:06.257546+09:00
Migration Fund,110.0,3.0,success,False,2026-08-21T02:29:36.697010+09:00
Migration Gate,,,failed,False,2026-08-17T20:34:53.035348+09:00
Migration Generator,10.0,11.0,success,False,2026-08-27T23:36:23.122509+09:00
Migration Grade,,,failed,False,2026-08-21T00:30:34.487987+09:00
Migration Graph,210.0,0.0,success,False,2026-08-27T22:11:56.077657+09:00
Migration Grid,,,failed,False,2026-08-17T20:38:13.537846+09:00
Migration Guarantee,,,failed,False,2026-08-28T01:09:01.288346+09:00
Migration Guard,,,failed,False,2026-08-17T21:40:01.418165+09:00
Migration Guardian,110.0,0.0,success,False,2026-08-28T00:27:12.240224+09:00
Migration Guidebook,,,failed,False,2026-08-18T23:51:41.422505+09:00
Migration Helpdesk,,,failed,False,2026-08-27T22:49:44.992225+09:00
Migration Helper,40.0,2.0,success,False,2026-08-28T00:27:17.609628+09:00
Migration History,480.0,0.0,success,False,2026-08-19T20:45:18.016255+09:00
Migration Hub,390.0,6.0,success,False,2026-08-17T21:35:06.399475+09:00
Migration Identifier,,,failed,False,2026-08-23T13:05:43.515456+09:00
Migration Index,170.0,0.0,success,False,2026-08-19T21:31:47.611554+09:00
Migration Insight,,,failed,False,2026-08-17T23:28:52.290735+09:00
Migration Installment,,,failed,False,2026-08-23T16:14:18.981651+09:00
Migration Item,,,failed,False,2026-08-21T01:56:56.625625+09:00
Migration Journal,590.0,1.0,success,False,2026-08-18T23:51:41.422505+09:00
Migration Keeper,,,failed,False,2026-08-18T07:52:10.902319+09:00
Migration Kit,50.0,4.0,success,False,2026-08-27T22:49:39.100911+09:00
Migration Lab,50.0,0.0,success,False,2026-08-17T21:33:30.231055+09:00
Migration Label,,,failed,False,2026-08-27T22:12:02.778487+09:00
Migration Ledger,,,failed,False,2026-08-17T21:37:46.877382+09:00
Migration Lens,10.0,0.0,success,False,2026-08-18T07:52:58.974940+09:00
Migration Level,50.0,0.0,success,False,2026-08-19T20:45:35.048925+09:00
Migration Link,140.0,1.0,success,False,2026-08-23T03:15:41.007114+09:00
Migration List,110.0,1.0,success,False,2026-08-19T21:47:24.408619+09:00
Migration Loan,50.0,12.0,success,False,2026-08-21T02:13:25.435180+09:00
Migration Locator,,,failed,False,2026-08-19T00:00:48.226412+09:00
Migration Lock,,,failed,False,2026-08-17T20:33:33.696511+09:00
Migration Log,20.0,1.0,success,False,2026-08-19T13:26:03.914310+09:00
Migration Loop,,,failed,False,2026-08-17T20:39:11.470645+09:00
Migration Manager,1000.0,7.0,success,False,2026-08-17T21:41:47.180143+09:00
Migration Manual,,,failed,False,2026-08-27T22:12:11.460290+09:00
Migration Map,2900.0,0.0,success,True,2026-08-17T20:32:26.534581+09:00
Migration Markup,,,failed,False,2026-08-23T16:38:57.916604+09:00
Migration Memo,,,failed,False,2026-08-21T00:30:39.454023+09:00
Migration Message,10.0,0.0,success,False,2026-08-27T23:15:18.585578+09:00
Migration Meter,,,failed,False,2026-08-17T20:42:50.595044+09:00
Migration Metrics,,,failed,False,2026-08-17T23:13:20.544847+09:00
Migration Monitor,20.0,0.0,success,False,2026-08-17T23:06:14.261884+09:00
Migration Navigator,,,failed,False,2026-08-17T23:29:25.330773+09:00
Migration Nexus,90.0,3.0,success,False,2026-08-17T20:34:03.344800+09:00
Migration Node,10.0,5.0,success,False,2026-08-17T20:35:52.510868+09:00
Migration Note,210.0,5.0,success,False,2026-08-19T13:27:35.770715+09:00
Migration Notification,10.0,0.0,success,False,2026-08-27T22:49:35.364614+09:00
Migration Number,590.0,5.0,success,False,2026-08-23T03:15:32.798139+09:00
Migration Office,2400.0,5.0,success,False,2026-08-19T00:01:12.720919+09:00
Migration Ops,,,failed,False,2026-08-17T23:09:50.041087+09:00
Migration Order,40.0,0.0,success,False,2026-08-19T21:46:33.632095+09:00
Migration Organizer,,,failed,False,2026-08-17T23:28:30.057187+09:00
Migration Overage,,,failed,False,2026-08-27T21:48:09.369962+09:00
Migration Overdue,,,failed,False,2026-08-27T21:48:04.359972+09:00
Migration Panel,,,failed,False,2026-08-17T20:44:32.138425+09:00
Migration Pass,30.0,0.0,success,False,2026-08-21T00:29:53.018137+09:00
Migration Path,720.0,1.0,success,False,2026-08-17T20:35:20.751202+09:00
Migration Payoff,,,failed,False,2026-08-27T21:48:07.167837+09:00
Migration Penalty,,,failed,False,2026-08-23T16:38:55.641714+09:00
Migration Petition,140.0,0.0,success,False,2026-08-21T01:04:53.420072+09:00
Migration Pilot,,,failed,False,2026-08-17T21:34:03.414909+09:00
Migration Plan,720.0,2.0,success,False,2026-08-21T01:57:06.498210+09:00
Migration Planner,720.0,2.0,success,False,2026-08-17T23:28:11.546877+09:00
Migration Playbook,40.0,15.0,success,False,2026-08-18T23:51:41.422505+09:00
Migration Point,720.0,2.0,success,False,2026-08-17T20:34:29.454165+09:00
Migration Portal,2900.0,2.0,success,False,2026-08-17T20:46:27.690682+09:00
Migration Preview,10.0,0.0,success,False,2026-08-28T01:08:56.786303+09:00
Migration Price,10.0,0.0,success,False,2026-08-21T02:13:09.073610+09:00
Migration Profile,110.0,1.0,success,False,2026-08-19T13:27:59.144364+09:00
Migration Proposal,10.0,0.0,success,False,2026-08-28T01:09:01.288346+09:00
Migration Pulse,,,failed,False,2026-08-17T20:37:19.032635+09:00
Migration Quota,110.0,0.0,success,False,2026-08-21T00:30:46.553076+09:00
Migration Radar,140.0,1.0,success,False,2026-08-17T21:31:52.108049+09:00
Migration Rail,,,failed,False,2026-08-17T20:39:33.830984+09:00
Migration Rate,4400.0,0.0,success,True,2026-08-19T20:45:40.802029+09:00
Migration Recap,10.0,,success,False,2026-08-21T01:05:09.510273+09:00
Migration Receipt,10.0,0.0,success,False,2026-08-19T21:46:54.129984+09:00
Migration Recorder,,,failed,False,2026-08-27T23:36:25.651250+09:00
Migration Register,390.0,1.0,success,False,2026-08-17T23:29:43.400125+09:00
Migration Registry,10.0,0.0,success,False,2026-08-18T23:51:41.422505+09:00
Migration Relay,,,failed,False,2026-08-17T21:30:43.453478+09:00
Migration Reminder,,,failed,False,2026-08-19T21:31:38.211604+09:00
Migration Report,1300.0,0.0,success,True,2026-08-19T13:25:53.621438+09:00
Migration Repository,,,failed,False,2026-08-27T23:15:28.257448+09:00
Migration Result,210.0,3.0,success,False,2026-08-28T00:48:52.338706+09:00
Migration Roadmap,50.0,5.0,success,False,2026-08-18T22:03:03.090691+09:00
Migration Route,880.0,0.0,success,False,2026-08-17T20:41:11.362619+09:00
Migration Rule,110.0,1.0,success,False,2026-08-23T03:15:44.979812+09:00
Migration Sale,20.0,0.0,success,False,2026-08-21T02:29:43.973308+09:00
Migration Sample,,,failed,False,2026-08-19T21:48:19.671606+09:00
Migration Scale,20.0,0.0,success,False,2026-08-17T20:42:01.579820+09:00
Migration Scanner,,,failed,False,2026-08-27T23:58:28.934840+09:00
Migration Scheduler,,,failed,False,2026-08-17T23:11:40.322748+09:00
Migration Schematic,,,failed,False,2026-08-27T22:29:00.404173+09:00
Migration Scope,20.0,0.0,success,False,2026-08-17T20:40:03.112671+09:00
Migration Score,20.0,0.0,success,False,2026-08-19T13:27:18.608287+09:00
Migration Sentry,,,failed,False,2026-08-17T20:31:52.293572+09:00
Migration Sheet,30.0,0.0,success,False,2026-08-19T13:26:59.554690+09:00
Migration Shortfall,,,failed,False,2026-08-27T21:48:11.561191+09:00
Migration Signal,,,failed,False,2026-08-17T20:41:38.152103+09:00
Migration Slip,10.0,0.0,success,False,2026-08-19T21:48:07.459723+09:00
Migration Slot,,,failed,False,2026-08-19T21:48:34.329578+09:00
Migration Snapshot,,,failed,False,2026-08-18T23:51:41.422505+09:00
Migration Stage,90.0,0.0,success,False,2026-08-28T00:48:52.338706+09:00
Migration Statement,10.0,0.0,success,False,2026-08-21T00:30:22.823388+09:00
Migration Station,1300.0,1.0,success,False,2026-08-17T21:32:28.090728+09:00
Migration Status,880.0,1.0,success,False,2026-08-19T20:45:04.260812+09:00
Migration Stub,,,failed,False,2026-08-21T00:30:14.861916+09:00
Migration Studio,260.0,2.0,success,False,2026-08-17T21:34:34.023181+09:00
Migration Suite,10.0,13.0,success,False,2026-08-17T23:10:04.608173+09:00
Migration Sum,,,failed,False,2026-08-21T02:29:27.497336+09:00
Migration Summary,110.0,3.0,success,False,2026-08-19T21:31:21.634231+09:00
Migration Sync,,,failed,False,2026-08-17T21:37:10.762781+09:00
Migration Tab,50.0,0.0,success,False,2026-08-21T00:30:57.917323+09:00
Migration Table,140.0,1.0,success,False,2026-08-19T21:47:38.670449+09:00
Migration Tag,,,failed,False,2026-08-19T13:27:45.503275+09:00
Migration Tally,,,failed,False,2026-08-21T00:30:27.321926+09:00
Migration Tariff,,,failed,False,2026-08-21T02:45:25.368857+09:00
Migration Tax,70.0,1.0,success,False,2026-08-21T02:13:20.223987+09:00
Migration Ticket,30.0,5.0,success,False,2026-08-19T21:31:56.342454+09:00
Migration Timeline,210.0,0.0,success,False,2026-08-19T21:31:29.606643+09:00
Migration Timer,,,failed,False,2026-08-28T00:27:09.738576+09:00
Migration Toll,,,failed,False,2026-08-21T02:45:16.049005+09:00
Migration Toolbox,,,failed,False,2026-08-28T00:27:14.671575+09:00
Migration Toolkit,70.0,8.0,success,False,2026-08-18T23:51:41.422505+09:00
Migration Total,,,failed,False,2026-08-27T23:15:18.585578+09:00
Migration Tracker,880.0,0.0,success,False,2026-08-17T21:38:24.477715+09:00
Migration Trail,70.0,0.0,success,False,2026-08-17T20:38:40.859557+09:00
Migration Trend,320.0,1.0,success,False,2026-08-28T01:08:52.515259+09:00
Migration Trial,10.0,0.0,success,False,2026-08-27T21:17:07.956821+09:00
Migration Unit,30.0,2.0,success,False,2026-08-21T01:57:02.115497+09:00
Migration Update,170.0,0.0,success,False,2026-08-19T20:45:48.837053+09:00
Migration Value,390.0,3.0,success,False,2026-08-23T02:52:28.484811+09:00
Migration Vault,,,failed,False,2026-08-17T20:48:26.612997+09:00
Migration Version,20.0,0.0,success,False,2026-08-23T03:15:35.333103+09:00
Migration View,20.0,1.0,success,False,2026-08-19T20:45:12.440392+09:00
Migration Voucher,,,failed,False,2026-08-21T00:29:58.685573+09:00
Migration Watch,2900.0,0.0,success,True,2026-08-17T20:40:49.686418+09:00
Migration Wave,480.0,0.0,success,False,2026-08-17T20:36:20.228244+09:00
Migration Widget,,,failed,False,2026-08-27T23:15:25.030230+09:00
Migration Workbench,20.0,2.0,success,False,2026-08-18T23:51:41.422505+09:00
Migration Worksheet,140.0,1.0,success,False,2026-08-27T22:12:15.272381+09:00
Migration Workshop,20.0,0.0,success,False,2026-08-28T00:27:12.240224+09:00
Migration Zone,170.0,2.0,success,False,2026-08-17T20:47:50.375793+09:00
Mileage Advance,,,failed,False,2026-08-23T16:11:13.672713+09:00
Mileage Advisory,,,failed,False,2026-08-21T01:02:03.687665+09:00
Mileage Allowance,4400.0,5.0,success,False,2026-08-21T02:38:13.377279+09:00
Mileage Almanac,,,failed,False,2026-08-18T22:03:53.517132+09:00
Mileage Analyzer,,,failed,False,2026-08-27T23:53:42.609151+09:00
Mileage Anchor,,,failed,False,2026-08-17T20:43:51.758171+09:00
Mileage Asset,,,failed,False,2026-08-23T13:45:27.370408+09:00
Mileage Assistant,,,failed,False,2026-08-17T23:03:51.188489+09:00
Mileage Atlas,10.0,0.0,success,False,2026-08-17T20:34:31.529799+09:00
Mileage Attribute,,,failed,False,2026-08-23T13:07:10.531607+09:00
Mileage Badge,10.0,0.0,success,False,2026-08-21T00:26:39.162393+09:00
Mileage Balance,30.0,2.0,success,False,2026-08-23T13:45:24.772737+09:00
Mileage Base,,,failed,False,2026-08-18T07:43:41.366664+09:00
Mileage Beacon,,,failed,False,2026-08-17T20:47:53.457764+09:00
Mileage Bill,40.0,1.0,success,False,2026-08-19T21:46:11.490049+09:00
Mileage Blueprint,,,failed,False,2026-08-18T22:03:44.456415+09:00
Mileage Board,,,failed,False,2026-08-17T21:38:26.629916+09:00
Mileage Book,1900.0,67.0,success,False,2026-08-19T21:47:13.005766+09:00
Mileage Bridge,,,failed,False,2026-08-17T20:44:36.649130+09:00
Mileage Brief,,,failed,False,2026-08-21T00:59:50.492128+09:00
Mileage Bulletin,,,failed,False,2026-08-21T00:59:46.357323+09:00
Mileage Calculator,110000.0,1.0,success,False,2026-08-27T23:33:24.139257+09:00
Mileage Calendar,20.0,34.0,success,False,2026-08-19T00:02:36.291033+09:00
Mileage Card,2400.0,50.0,success,False,2026-08-19T13:21:52.267675+09:00
Mileage Cascade,,,failed,False,2026-08-17T20:45:40.214755+09:00
Mileage Cash,,,failed,False,2026-08-21T02:21:06.391588+09:00
Mileage Cashback,,,failed,False,2026-08-27T21:13:46.392108+09:00
Mileage Catalog,,,failed,False,2026-08-19T21:13:36.060170+09:00
Mileage Category,,,failed,False,2026-08-23T13:07:07.950459+09:00
Mileage Center,,,failed,False,2026-08-17T21:31:54.606698+09:00
Mileage Chain,,,failed,False,2026-08-17T20:39:13.606540+09:00
Mileage Charge,480.0,4.0,success,False,2026-08-21T02:38:04.709344+09:00
Mileage Check,9900.0,24.0,success,False,2026-08-19T13:22:52.997590+09:00
Mileage Checker,9900.0,24.0,success,False,2026-08-27T23:53:34.112900+09:00
Mileage Checklist,,,failed,False,2026-08-19T21:12:37.502456+09:00
Mileage Circular,,,failed,False,2026-08-21T01:02:50.394287+09:00
Mileage Cockpit,,,failed,False,2026-08-17T23:12:58.115072+09:00
Mileage Code,390.0,11.0,success,False,2026-08-19T21:46:33.632095+09:00
Mileage Codex,,,failed,False,2026-08-18T22:04:15.026557+09:00
Mileage Companion,,,failed,False,2026-08-17T23:14:19.543456+09:00
Mileage Comparison,390.0,1.0,success,False,2026-08-28T01:04:40.087199+09:00
Mileage Compass,,,failed,False,2026-08-17T21:30:13.279777+09:00
Mileage Compendium,,,failed,False,2026-08-18T22:04:05.188286+09:00
Mileage Confirmation,,,failed,False,2026-08-21T01:00:07.021185+09:00
Mileage Console,,,failed,False,2026-08-17T20:47:13.736905+09:00
Mileage Converter,5400.0,0.0,success,True,2026-08-27T23:33:24.139257+09:00
Mileage Copayment,,,failed,False,2026-08-23T16:37:14.050450+09:00
Mileage Core,,,failed,False,2026-08-18T07:43:54.848234+09:00
Mileage Cost,880.0,3.0,success,False,2026-08-21T02:09:56.008511+09:00
Mileage Count,90.0,3.0,success,False,2026-08-27T22:45:15.401077+09:00
Mileage Counter,1600.0,29.0,success,False,2026-08-19T00:03:21.455005+09:00
Mileage Coupon,480.0,22.0,success,False,2026-08-27T21:13:37.797342+09:00
Mileage Dashboard,90.0,1.0,success,False,2026-08-17T23:07:26.971457+09:00
Mileage Deal,170.0,14.0,success,False,2026-08-21T01:53:18.147315+09:00
Mileage Debt,,,failed,False,2026-08-21T02:21:00.139536+09:00
Mileage Deck,,,failed,False,2026-08-17T21:37:17.917122+09:00
Mileage Depot,,,failed,False,2026-08-19T00:03:06.405993+09:00
Mileage Desk,,,failed,False,2026-08-17T21:34:37.066296+09:00
Mileage Detail,10.0,0.0,success,False,2026-08-23T03:18:29.464352+09:00
Mileage Detector,40.0,45.0,success,False,2026-08-27T23:53:39.725939+09:00
Mileage Dial,,,failed,False,2026-08-17T20:45:14.001779+09:00
Mileage Digest,,,failed,False,2026-08-19T20:39:07.135209+09:00
Mileage Directory,10.0,0.0,success,False,2026-08-19T00:02:41.985677+09:00
Mileage Discount,50.0,14.0,success,False,2026-08-23T16:11:08.956491+09:00
Mileage Dock,,,failed,False,2026-08-17T20:41:41.231730+09:00
Mileage Dossier,,,failed,False,2026-08-21T01:00:11.561504+09:00
Mileage Draft,,,failed,False,2026-08-19T20:39:24.748166+09:00
Mileage Due,,,failed,False,2026-08-23T15:50:38.471158+09:00
Mileage Duty,,,failed,False,2026-08-21T02:38:06.910707+09:00
Mileage Endowment,,,failed,False,2026-08-23T15:50:44.796371+09:00
Mileage Engine,140.0,0.0,success,False,2026-08-17T23:09:43.652539+09:00
Mileage Entry,,,failed,False,2026-08-21T01:00:25.578415+09:00
Mileage Estimate,110000.0,1.0,success,False,2026-08-19T21:13:23.011051+09:00
Mileage Estimator,110000.0,1.0,success,False,2026-08-27T23:53:34.112900+09:00
Mileage Excerpt,,,failed,False,2026-08-21T01:02:12.129826+09:00
Mileage Extension,,,failed,False,2026-08-23T16:37:18.649152+09:00
Mileage Fare,,,failed,False,2026-08-21T02:10:04.981055+09:00
Mileage Fee,260.0,2.0,success,False,2026-08-21T01:52:58.378871+09:00
Mileage Feed,,,failed,False,2026-08-19T20:39:14.214038+09:00
Mileage File,,,failed,False,2026-08-19T20:38:26.547735+09:00
Mileage Finder,210.0,11.0,success,False,2026-08-19T00:02:58.410814+09:00
Mileage Fine,,,failed,False,2026-08-23T02:54:06.073801+09:00
Mileage Flag,,,failed,False,2026-08-21T00:24:51.764822+09:00
Mileage Flow,,,failed,False,2026-08-17T21:37:49.733247+09:00
Mileage Forge,,,failed,False,2026-08-17T20:46:29.220439+09:00
Mileage Form,880.0,19.0,success,False,2026-08-19T13:21:15.307510+09:00
Mileage Frame,,,failed,False,2026-08-17T20:31:55.017364+09:00
Mileage Fund,,,failed,False,2026-08-21T02:21:02.332570+09:00
Mileage Gate,,,failed,False,2026-08-17T20:36:21.712002+09:00
Mileage Giveaway,,,failed,False,2026-08-27T21:13:54.337464+09:00
Mileage Grade,,,failed,False,2026-08-21T00:27:03.794080+09:00
Mileage Graph,10.0,0.0,success,False,2026-08-27T22:07:41.421571+09:00
Mileage Grid,10.0,0.0,success,False,2026-08-17T20:39:37.454360+09:00
Mileage Guarantee,,,failed,False,2026-08-28T01:04:46.455885+09:00
Mileage Guard,,,failed,False,2026-08-18T07:52:49.362329+09:00
Mileage Guardian,,,failed,False,2026-08-28T00:23:47.118724+09:00
Mileage Guidebook,,,failed,False,2026-08-18T22:03:09.558659+09:00
Mileage Helpdesk,,,failed,False,2026-08-27T22:45:15.401077+09:00
Mileage Helper,,,failed,False,2026-08-28T00:23:53.902588+09:00
Mileage History,880.0,2.0,success,False,2026-08-19T20:38:14.851338+09:00
Mileage Hotline,,,failed,False,2026-08-19T21:13:48.359259+09:00
Mileage Hub,,,failed,False,2026-08-17T21:36:40.900045+09:00
Mileage Identifier,,,failed,False,2026-08-23T13:07:07.950459+09:00
Mileage Incentive,10.0,7.0,success,False,2026-08-27T21:13:49.979348+09:00
Mileage Index,10.0,0.0,success,False,2026-08-19T21:12:47.142527+09:00
Mileage Insight,,,failed,False,2026-08-17T23:05:55.492568+09:00
Mileage Item,,,failed,False,2026-08-21T01:53:02.269948+09:00
Mileage Journal,20.0,100.0,success,False,2026-08-18T22:02:50.623197+09:00
Mileage Keeper,30.0,31.0,success,False,2026-08-17T20:32:30.733040+09:00
Mileage Lab,,,failed,False,2026-08-17T21:35:11.471835+09:00
Mileage Label,,,failed,False,2026-08-27T22:07:45.490805+09:00
Mileage Ledger,40.0,100.0,success,False,2026-08-17T21:40:37.066671+09:00
Mileage Lens,,,failed,False,2026-08-17T20:33:05.160713+09:00
Mileage Level,,,failed,False,2026-08-19T20:38:36.542684+09:00
Mileage Levy,,,failed,False,2026-08-23T13:45:29.589427+09:00
Mileage Link,,,failed,False,2026-08-23T03:18:21.895981+09:00
Mileage List,20.0,0.0,success,False,2026-08-19T21:46:45.064278+09:00
Mileage Loan,110.0,22.0,success,False,2026-08-21T02:10:13.973101+09:00
Mileage Locator,110.0,4.0,success,False,2026-08-19T00:02:51.849711+09:00
Mileage Lock,,,failed,False,2026-08-17T20:34:58.202084+09:00
Mileage Log,2400.0,94.0,success,False,2026-08-19T13:20:57.045829+09:00
Mileage Loop,,,failed,False,2026-08-17T20:40:31.600880+09:00
Mileage Manager,30.0,3.0,success,False,2026-08-18T07:52:23.466246+09:00
Mileage Manual,,,failed,False,2026-08-27T22:07:48.909558+09:00
Mileage Map,1900.0,2.0,success,False,2026-08-17T20:34:07.278551+09:00
Mileage Margin,,,failed,False,2026-08-23T02:54:03.941195+09:00
Mileage Markup,,,failed,False,2026-08-23T16:37:11.760359+09:00
Mileage Memo,,,failed,False,2026-08-21T00:27:12.597515+09:00
Mileage Meter,390.0,16.0,success,False,2026-08-17T20:44:14.789024+09:00
Mileage Metrics,,,failed,False,2026-08-17T23:12:38.430162+09:00
Mileage Monitor,10.0,27.0,success,False,2026-08-17T23:05:34.845009+09:00
Mileage Navigator,,,failed,False,2026-08-17T23:07:41.199314+09:00
Mileage Nexus,,,failed,False,2026-08-17T20:35:25.429619+09:00
Mileage Node,,,failed,False,2026-08-17T20:37:21.758511+09:00
Mileage Note,,,failed,False,2026-08-19T13:23:16.958274+09:00
Mileage Notification,,,failed,False,2026-08-27T22:45:05.269508+09:00
Mileage Number,320.0,1.0,success,False,2026-08-23T03:18:14.803596+09:00
Mileage Office,30.0,0.0,success,False,2026-08-19T00:03:12.143780+09:00
Mileage Ops,,,failed,False,2026-08-17T23:09:05.527725+09:00
Mileage Organizer,,,failed,False,2026-08-17T23:11:19.275980+09:00
Mileage Overage,,,failed,False,2026-08-27T21:46:08.601206+09:00
Mileage Overdraft,,,failed,False,2026-08-23T15:50:40.596656+09:00
Mileage Overdue,,,failed,False,2026-08-27T21:46:08.601206+09:00
Mileage Panel,10.0,38.0,success,False,2026-08-17T20:46:01.536512+09:00
Mileage Pass,390.0,11.0,success,False,2026-08-21T00:26:28.007677+09:00
Mileage Path,,,failed,False,2026-08-17T20:36:55.192509+09:00
Mileage Penalty,30.0,0.0,success,False,2026-08-23T16:37:11.760359+09:00
Mileage Petition,10.0,,success,False,2026-08-21T01:00:01.570868+09:00
Mileage Pilot,,,failed,False,2026-08-17T21:35:41.309233+09:00
Mileage Plan,880.0,18.0,success,False,2026-08-21T01:53:14.865292+09:00
Mileage Planner,140.0,12.0,success,False,2026-08-17T23:04:05.706993+09:00
Mileage Playbook,,,failed,False,2026-08-18T22:02:40.368007+09:00
Mileage Point,1600.0,13.0,success,False,2026-08-17T20:35:55.625501+09:00
Mileage Portal,,,failed,False,2026-08-17T20:48:29.594833+09:00
Mileage Preview,,,failed,False,2026-08-28T01:04:42.727086+09:00
Mileage Profile,,,failed,False,2026-08-19T13:23:44.398972+09:00
Mileage Profit,,,failed,False,2026-08-23T02:53:54.584586+09:00
Mileage Proposal,,,failed,False,2026-08-28T01:04:46.455885+09:00
Mileage Pulse,,,failed,False,2026-08-17T20:38:41.975413+09:00
Mileage Queue,,,failed,False,2026-08-19T21:13:13.092758+09:00
Mileage Quota,,,failed,False,2026-08-21T00:24:46.055669+09:00
Mileage Radar,,,failed,False,2026-08-17T21:33:32.175377+09:00
Mileage Rail,880.0,1.0,success,False,2026-08-17T20:40:52.069695+09:00
Mileage Rate,9900.0,3.0,success,False,2026-08-19T20:38:46.605593+09:00
Mileage Recap,,,failed,False,2026-08-21T01:00:16.070819+09:00
Mileage Receipt,70.0,9.0,success,False,2026-08-19T21:46:23.560668+09:00
Mileage Recorder,6600.0,0.0,success,True,2026-08-27T23:33:24.139257+09:00
Mileage Redemption,2400.0,6.0,success,False,2026-08-23T16:37:16.360877+09:00
Mileage Register,10.0,48.0,success,False,2026-08-17T23:14:36.904616+09:00
Mileage Registry,,,failed,False,2026-08-18T22:03:21.744324+09:00
Mileage Relay,,,failed,False,2026-08-17T21:32:31.405261+09:00
Mileage Reminder,20.0,17.0,success,False,2026-08-19T21:12:28.088394+09:00
Mileage Report,480.0,13.0,success,False,2026-08-19T13:26:27.174031+09:00
Mileage Repository,,,failed,False,2026-08-27T23:11:08.284499+09:00
Mileage Roadmap,,,failed,False,2026-08-18T22:04:27.693577+09:00
Mileage Route,110.0,3.0,success,False,2026-08-17T20:42:22.378966+09:00
Mileage Rule,,,failed,False,2026-08-23T03:18:25.372913+09:00
Mileage Sale,320.0,17.0,success,False,2026-08-21T02:21:11.057858+09:00
Mileage Sample,20.0,1.0,success,False,2026-08-19T21:47:40.553023+09:00
Mileage Scale,260.0,0.0,success,False,2026-08-17T20:43:22.316757+09:00
Mileage Scanner,20.0,79.0,success,False,2026-08-27T23:53:36.797572+09:00
Mileage Scheduler,,,failed,False,2026-08-17T23:11:05.439479+09:00
Mileage Scope,,,failed,False,2026-08-17T20:41:15.125085+09:00
Mileage Score,,,failed,False,2026-08-19T13:23:05.373596+09:00
Mileage Sentry,,,failed,False,2026-08-17T20:33:40.236931+09:00
Mileage Sheet,480.0,96.0,success,False,2026-08-19T13:22:04.691766+09:00
Mileage Signal,,,failed,False,2026-08-17T20:42:51.727520+09:00
Mileage Signature,,,failed,False,2026-08-23T13:27:48.876436+09:00
Mileage Slip,,,failed,False,2026-08-19T21:47:26.468483+09:00
Mileage Slot,,,failed,False,2026-08-19T21:47:52.868004+09:00
Mileage Snapshot,,,failed,False,2026-08-18T22:03:00.985111+09:00
Mileage Stake,,,failed,False,2026-08-23T02:53:58.718739+09:00
Mileage Statement,40.0,2.0,success,False,2026-08-21T00:26:46.014545+09:00
Mileage Station,,,failed,False,2026-08-17T21:34:05.861065+09:00
Mileage Status,10.0,0.0,success,False,2026-08-19T20:38:01.262466+09:00
Mileage Stipend,50.0,3.0,success,False,2026-08-23T13:45:29.589427+09:00
Mileage Streak,,,failed,False,2026-08-28T00:47:08.445911+09:00
Mileage Stub,,,failed,False,2026-08-21T00:26:41.627536+09:00
Mileage Studio,210.0,6.0,success,False,2026-08-17T21:36:17.240271+09:00
Mileage Subsidy,,,failed,False,2026-08-23T15:50:42.648286+09:00
Mileage Suite,,,failed,False,2026-08-17T23:09:27.800960+09:00
Mileage Sum,,,failed,False,2026-08-21T02:20:53.673511+09:00
Mileage Summary,10.0,0.0,success,False,2026-08-19T21:12:05.902513+09:00
Mileage Surtax,,,failed,False,2026-08-23T15:50:44.796371+09:00
Mileage Sync,,,failed,False,2026-08-17T21:39:15.761980+09:00
Mileage Tab,10.0,0.0,success,False,2026-08-21T00:24:59.301324+09:00
Mileage Table,8100.0,5.0,success,False,2026-08-19T21:46:58.234898+09:00
Mileage Tag,,,failed,False,2026-08-19T13:23:25.617100+09:00
Mileage Tally,,,failed,False,2026-08-21T00:26:53.623558+09:00
Mileage Tariff,,,failed,False,2026-08-21T02:38:16.396053+09:00
Mileage Tax,5400.0,3.0,success,False,2026-08-21T02:10:09.458176+09:00
Mileage Terminal,,,failed,False,2026-08-18T07:43:59.355214+09:00
Mileage Ticket,260.0,11.0,success,False,2026-08-19T21:12:59.685218+09:00
Mileage Tier,,,failed,False,2026-08-28T00:47:08.445911+09:00
Mileage Timeline,,,failed,False,2026-08-19T21:12:17.710681+09:00
Mileage Timer,,,failed,False,2026-08-28T00:23:37.982808+09:00
Mileage Toll,,,failed,False,2026-08-21T02:38:09.773029+09:00
Mileage Toolbox,,,failed,False,2026-08-28T00:23:49.555058+09:00
Mileage Toolkit,,,failed,False,2026-08-18T22:02:28.338577+09:00
Mileage Total,,,failed,False,2026-08-27T23:11:01.656662+09:00
Mileage Tracker,6600.0,34.0,success,False,2026-08-17T21:41:19.053416+09:00
Mileage Trail,,,failed,False,2026-08-17T20:40:06.808560+09:00
Mileage Trend,,,failed,False,2026-08-28T01:04:37.386068+09:00
Mileage Trial,,,failed,False,2026-08-27T21:13:49.979348+09:00
Mileage Unit,260.0,0.0,success,False,2026-08-21T01:53:10.453555+09:00
Mileage Update,40.0,0.0,success,False,2026-08-19T20:38:57.092601+09:00
Mileage Value,390.0,1.0,success,False,2026-08-23T02:53:56.783780+09:00
Mileage Vault,,,failed,False,2026-08-17T21:31:19.415531+09:00
Mileage Version,,,failed,False,2026-08-23T03:18:18.334398+09:00
Mileage View,,,failed,False,2026-08-19T20:38:07.942341+09:00
Mileage Voucher,590.0,22.0,success,False,2026-08-21T00:26:33.622421+09:00
Mileage Wallet,,,failed,False,2026-08-27T22:45:10.355251+09:00
Mileage Watch,390.0,81.0,success,False,2026-08-17T20:42:02.791525+09:00
Mileage Wave,,,failed,False,2026-08-17T20:37:55.339961+09:00
Mileage Widget,,,failed,False,2026-08-27T23:11:01.656662+09:00
Mileage Workbench,,,failed,False,2026-08-18T22:07:21.490302+09:00
Mileage Worksheet,40.0,23.0,success,False,2026-08-27T22:07:54.366638+09:00
Mileage Zone,30.0,0.0,success,False,2026-08-17T21:30:45.538595+09:00
Milestone Advisory,590.0,3.0,success,False,2026-08-21T01:07:21.862187+09:00
Milestone Allowance,,,failed,False,2026-08-21T02:38:59.400124+09:00
Milestone Almanac,,,failed,False,2026-08-18T23:51:41.422505+09:00
Milestone Analyzer,10.0,0.0,success,False,2026-08-27T23:54:25.594721+09:00
Milestone Anchor,10.0,0.0,success,False,2026-08-17T23:29:31.685360+09:00
Milestone Announcement,30.0,50.0,success,False,2026-08-27T23:33:41.786723+09:00
Milestone Assistant,,,failed,False,2026-08-17T23:25:51.814430+09:00
Milestone Atlas,10.0,0.0,success,False,2026-08-17T23:24:36.078713+09:00
Milestone Attribute,,,failed,False,2026-08-23T13:07:39.256451+09:00
Milestone Badge,110.0,5.0,success,False,2026-08-21T00:32:34.737926+09:00
Milestone Base,10.0,19.0,success,False,2026-08-17T23:31:27.985495+09:00
Milestone Beacon,,,failed,False,2026-08-17T23:28:54.506937+09:00
Milestone Bill,,,failed,False,2026-08-19T21:49:23.695269+09:00
Milestone Blueprint,10.0,0.0,success,False,2026-08-18T23:51:41.422505+09:00
Milestone Board,880.0,100.0,success,False,2026-08-17T23:09:32.191803+09:00
Milestone Book,1900.0,46.0,success,False,2026-08-19T21:50:21.596797+09:00
Milestone Bridge,30.0,0.0,success,False,2026-08-17T23:08:06.421601+09:00
Milestone Brief,,,failed,False,2026-08-21T01:07:11.720033+09:00
Milestone Bulletin,,,failed,False,2026-08-21T01:07:07.368570+09:00
Milestone Cabinet,1000.0,20.0,success,False,2026-08-27T23:11:39.748613+09:00
Milestone Calendar,210.0,21.0,success,False,2026-08-19T00:04:47.180412+09:00
Milestone Card,60500.0,36.0,success,False,2026-08-19T13:25:04.340704+09:00
Milestone Cascade,,,failed,False,2026-08-17T23:29:09.953642+09:00
Milestone Cash,,,failed,False,2026-08-21T02:22:13.751196+09:00
Milestone Cashback,10.0,0.0,success,False,2026-08-27T21:12:51.148194+09:00
Milestone Category,,,failed,False,2026-08-23T13:07:37.097248+09:00
Milestone Center,2400.0,4.0,success,False,2026-08-17T23:05:34.845009+09:00
Milestone Chain,,,failed,False,2026-08-17T23:10:45.795183+09:00
Milestone Charge,,,failed,False,2026-08-21T02:38:51.441238+09:00
Milestone Chart,4400.0,6.0,success,False,2026-08-19T12:26:22.946559+09:00
Milestone Check,70.0,5.0,success,False,2026-08-19T13:25:47.267780+09:00
Milestone Checker,70.0,5.0,success,False,2026-08-27T23:54:15.015364+09:00
Milestone Circular,10.0,0.0,success,False,2026-08-21T01:07:17.420617+09:00
Milestone Cockpit,,,failed,False,2026-08-17T23:12:02.312580+09:00
Milestone Code,70.0,0.0,success,False,2026-08-19T21:49:45.321625+09:00
Milestone Codex,,,failed,False,2026-08-18T23:51:41.422505+09:00
Milestone Companion,,,failed,False,2026-08-17T23:27:03.515384+09:00
Milestone Comparison,20.0,1.0,success,False,2026-08-28T01:05:22.748209+09:00
Milestone Compass,,,failed,False,2026-08-17T23:06:22.536636+09:00
Milestone Compendium,260.0,75.0,success,False,2026-08-18T23:51:41.422505+09:00
Milestone Confirmation,,,failed,False,2026-08-21T01:07:31.229292+09:00
Milestone Console,,,failed,False,2026-08-17T23:33:00.502135+09:00
Milestone Core,,,failed,False,2026-08-17T23:14:41.375835+09:00
Milestone Cost,20.0,5.0,success,False,2026-08-21T02:15:26.957875+09:00
Milestone Count,,,failed,False,2026-08-27T22:46:02.765409+09:00
Milestone Counter,40.0,40.0,success,False,2026-08-19T00:05:23.888896+09:00
Milestone Coupon,90.0,5.0,success,False,2026-08-27T21:12:46.088803+09:00
Milestone Dashboard,320.0,2.0,success,False,2026-08-17T23:26:50.492047+09:00
Milestone Deal,110.0,1.0,success,False,2026-08-21T01:59:17.074164+09:00
Milestone Debt,,,failed,False,2026-08-21T02:22:03.460496+09:00
Milestone Deck,20.0,0.0,success,False,2026-08-17T23:32:02.596672+09:00
Milestone Depot,,,failed,False,2026-08-19T00:05:13.902876+09:00
Milestone Desk,,,failed,False,2026-08-17T23:04:27.580981+09:00
Milestone Detail,,,failed,False,2026-08-23T03:19:21.354912+09:00
Milestone Detector,,,failed,False,2026-08-27T23:54:25.594721+09:00
Milestone Dial,,,failed,False,2026-08-17T23:33:11.202195+09:00
Milestone Digest,,,failed,False,2026-08-19T20:46:04.507912+09:00
Milestone Directory,,,failed,False,2026-08-19T00:04:54.234777+09:00
Milestone Discount,30.0,9.0,success,False,2026-08-23T16:16:43.466007+09:00
Milestone Dock,10.0,,success,False,2026-08-17T23:33:40.972373+09:00
Milestone Dossier,,,failed,False,2026-08-21T01:07:33.646226+09:00
Milestone Draft,,,failed,False,2026-08-19T20:46:13.766068+09:00
Milestone Due,,,failed,False,2026-08-23T15:52:44.896002+09:00
Milestone Duty,,,failed,False,2026-08-21T02:38:54.796216+09:00
Milestone Engine,,,failed,False,2026-08-17T23:08:49.702335+09:00
Milestone Entry,,,failed,False,2026-08-21T01:07:45.419245+09:00
Milestone Estimate,10.0,7.0,success,False,2026-08-19T21:32:17.835679+09:00
Milestone Estimator,,,failed,False,2026-08-27T23:54:15.015364+09:00
Milestone Excerpt,,,failed,False,2026-08-21T01:07:43.373010+09:00
Milestone Extension,20.0,0.0,success,False,2026-08-23T16:40:19.270826+09:00
Milestone Fare,,,failed,False,2026-08-21T02:15:31.230859+09:00
Milestone Fee,50.0,0.0,success,False,2026-08-21T01:59:01.512881+09:00
Milestone Feed,,,failed,False,2026-08-19T20:46:08.912085+09:00
Milestone File,10.0,48.0,success,False,2026-08-19T20:45:40.802029+09:00
Milestone Finder,,,failed,False,2026-08-19T00:05:07.956398+09:00
Milestone Flag,170.0,31.0,success,False,2026-08-21T00:33:10.095062+09:00
Milestone Flow,10.0,6.0,success,False,2026-08-17T23:27:48.723968+09:00
Milestone Forge,,,failed,False,2026-08-17T23:13:22.671425+09:00
Milestone Form,90.0,3.0,success,False,2026-08-19T13:24:58.997710+09:00
Milestone Format,90.0,3.0,success,False,2026-08-23T13:07:41.329341+09:00
Milestone Frame,210.0,100.0,success,False,2026-08-17T23:07:47.336176+09:00
Milestone Fund,30.0,0.0,success,False,2026-08-21T02:22:10.235863+09:00
Milestone Gate,10.0,0.0,success,False,2026-08-17T23:24:15.710246+09:00
Milestone Giveaway,10.0,0.0,success,False,2026-08-27T21:13:01.722363+09:00
Milestone Grade,,,failed,False,2026-08-21T00:32:54.976982+09:00
Milestone Graph,480.0,2.0,success,False,2026-08-27T22:06:58.606007+09:00
Milestone Grid,,,failed,False,2026-08-17T23:04:12.037031+09:00
Milestone Guarantee,,,failed,False,2026-08-28T01:05:28.825650+09:00
Milestone Guard,,,failed,False,2026-08-17T23:08:28.176792+09:00
Milestone Guardian,,,failed,False,2026-08-28T00:24:17.222604+09:00
Milestone Guidebook,,,failed,False,2026-08-18T23:51:41.422505+09:00
Milestone Helpdesk,,,failed,False,2026-08-27T22:46:05.352618+09:00
Milestone Helper,,,failed,False,2026-08-28T00:24:19.907536+09:00
Milestone History,110.0,0.0,success,False,2026-08-19T20:45:35.048925+09:00
Milestone Hub,40.0,1.0,success,False,2026-08-17T23:10:08.054607+09:00
Milestone Identifier,,,failed,False,2026-08-23T13:07:32.830763+09:00
Milestone Incentive,,,failed,False,2026-08-27T21:12:59.208111+09:00
Milestone Index,10.0,0.0,success,False,2026-08-19T21:32:03.032645+09:00
Milestone Insight,,,failed,False,2026-08-17T23:04:48.646277+09:00
Milestone Installment,,,failed,False,2026-08-23T16:16:43.466007+09:00
Milestone Item,,,failed,False,2026-08-21T01:59:06.761411+09:00
Milestone Journal,50.0,86.0,success,False,2026-08-18T23:51:41.422505+09:00
Milestone Keeper,,,failed,False,2026-08-17T23:24:58.944526+09:00
Milestone Kit,720.0,2.0,success,False,2026-08-27T22:45:55.749339+09:00
Milestone Lab,140.0,1.0,success,False,2026-08-17T23:32:18.106895+09:00
Milestone Label,210.0,19.0,success,False,2026-08-27T22:06:58.606007+09:00
Milestone Ledger,,,failed,False,2026-08-17T23:31:42.326204+09:00
Milestone Lens,,,failed,False,2026-08-17T23:31:10.385394+09:00
Milestone Level,110.0,0.0,success,False,2026-08-19T20:45:48.837053+09:00
Milestone Link,,,failed,False,2026-08-23T03:19:19.103854+09:00
Milestone List,320.0,0.0,success,False,2026-08-19T21:49:58.938963+09:00
Milestone Loan,50.0,58.0,success,False,2026-08-21T02:15:35.751133+09:00
Milestone Locator,,,failed,False,2026-08-19T00:05:01.988375+09:00
Milestone Lock,10.0,0.0,success,False,2026-08-17T23:30:45.182553+09:00
Milestone Log,40.0,1.0,success,False,2026-08-19T13:24:49.306222+09:00
Milestone Loop,,,failed,False,2026-08-17T23:30:03.516281+09:00
Milestone Manager,40.0,1.0,success,False,2026-08-17T23:14:01.287138+09:00
Milestone Manual,50.0,0.0,success,False,2026-08-27T22:07:05.837486+09:00
Milestone Map,390.0,13.0,success,False,2026-08-17T23:13:01.440927+09:00
Milestone Marker,210.0,46.0,success,False,2026-08-23T13:27:54.146441+09:00
Milestone Memo,,,failed,False,2026-08-21T00:32:59.208813+09:00
Milestone Message,110.0,5.0,success,False,2026-08-27T23:11:28.090319+09:00
Milestone Meter,10.0,0.0,success,False,2026-08-17T23:14:22.352504+09:00
Milestone Metrics,10.0,1.0,success,False,2026-08-17T23:26:34.514876+09:00
Milestone Monitor,,,failed,False,2026-08-17T23:26:20.273293+09:00
Milestone Navigator,,,failed,False,2026-08-17T23:06:43.544679+09:00
Milestone Nexus,50.0,26.0,success,False,2026-08-17T23:12:20.668668+09:00
Milestone Node,,,failed,False,2026-08-17T23:05:11.266926+09:00
Milestone Note,,,failed,False,2026-08-19T13:26:07.690748+09:00
Milestone Notification,,,failed,False,2026-08-27T22:45:55.749339+09:00
Milestone Number,210.0,3.0,success,False,2026-08-23T03:19:12.816359+09:00
Milestone Office,90.0,2.0,success,False,2026-08-19T00:05:18.968119+09:00
Milestone Ops,20.0,0.0,success,False,2026-08-17T23:27:19.198277+09:00
Milestone Order,20.0,0.0,success,False,2026-08-19T21:49:11.434209+09:00
Milestone Organizer,,,failed,False,2026-08-17T23:10:28.342550+09:00
Milestone Overdue,,,failed,False,2026-08-27T21:45:59.200970+09:00
Milestone Panel,40.0,1.0,success,False,2026-08-17T23:07:30.676472+09:00
Milestone Pass,10.0,0.0,success,False,2026-08-21T00:32:20.380964+09:00
Milestone Path,1000.0,4.0,success,False,2026-08-17T23:30:30.158673+09:00
Milestone Petition,,,failed,False,2026-08-21T01:07:26.518810+09:00
Milestone Pilot,10.0,0.0,success,False,2026-08-17T23:28:04.378663+09:00
Milestone Plan,1000.0,9.0,success,False,2026-08-21T01:59:10.014934+09:00
Milestone Planner,1000.0,9.0,success,False,2026-08-17T23:15:32.901211+09:00
Milestone Playbook,,,failed,False,2026-08-18T23:51:41.422505+09:00
Milestone Point,70.0,1.0,success,False,2026-08-17T23:05:59.212452+09:00
Milestone Portal,480.0,0.0,success,False,2026-08-17T23:12:41.358995+09:00
Milestone Preview,,,failed,False,2026-08-28T01:05:22.748209+09:00
Milestone Profile,10.0,0.0,success,False,2026-08-19T13:26:40.628357+09:00
Milestone Profit,,,failed,False,2026-08-23T02:54:31.488130+09:00
Milestone Proposal,10.0,0.0,success,False,2026-08-28T01:05:26.346049+09:00
Milestone Pulse,,,failed,False,2026-08-17T23:30:16.319777+09:00
Milestone Quota,,,failed,False,2026-08-21T00:33:05.849456+09:00
Milestone Radar,,,failed,False,2026-08-17T23:28:17.323230+09:00
Milestone Rail,,,failed,False,2026-08-17T23:03:34.150622+09:00
Milestone Rate,10.0,3.0,success,False,2026-08-19T20:45:53.854460+09:00
Milestone Recap,,,failed,False,2026-08-21T01:07:39.342209+09:00
Milestone Receipt,,,failed,False,2026-08-19T21:49:35.357194+09:00
Milestone Recorder,20.0,6.0,success,False,2026-08-27T23:33:44.180907+09:00
Milestone Register,70.0,2.0,success,False,2026-08-17T23:13:43.600383+09:00
Milestone Registry,,,failed,False,2026-08-18T23:51:41.422505+09:00
Milestone Relay,10.0,0.0,success,False,2026-08-17T23:11:46.496961+09:00
Milestone Reminder,10.0,0.0,success,False,2026-08-19T21:31:56.342454+09:00
Milestone Report,720.0,9.0,success,False,2026-08-19T13:24:25.669672+09:00
Milestone Repository,20.0,1.0,success,False,2026-08-27T23:11:42.330738+09:00
Milestone Result,,,failed,False,2026-08-28T00:47:24.969957+09:00
Milestone Roadmap,590.0,7.0,success,False,2026-08-18T23:51:41.422505+09:00
Milestone Roster,,,failed,False,2026-08-19T00:38:56.335177+09:00
Milestone Route,,,failed,False,2026-08-17T23:09:09.172246+09:00
Milestone Rule,,,failed,False,2026-08-23T03:19:21.354912+09:00
Milestone Sale,90.0,98.0,success,False,2026-08-21T02:22:16.250751+09:00
Milestone Sample,70.0,1.0,success,False,2026-08-19T21:50:46.269760+09:00
Milestone Scale,10.0,0.0,success,False,2026-08-17T23:33:25.716051+09:00
Milestone Scanner,,,failed,False,2026-08-27T23:54:23.137775+09:00
Milestone Scheduler,,,failed,False,2026-08-17T23:26:06.305227+09:00
Milestone Scope,,,failed,False,2026-08-17T23:09:52.206266+09:00
Milestone Score,140.0,1.0,success,False,2026-08-19T13:25:55.543115+09:00
Milestone Sentry,,,failed,False,2026-08-17T23:07:02.817989+09:00
Milestone Sheet,110.0,31.0,success,False,2026-08-19T13:25:14.797860+09:00
Milestone Signal,,,failed,False,2026-08-17T23:14:59.429645+09:00
Milestone Slip,,,failed,False,2026-08-19T21:50:33.278837+09:00
Milestone Slot,,,failed,False,2026-08-19T21:50:54.613076+09:00
Milestone Snapshot,,,failed,False,2026-08-18T23:51:43.636427+09:00
Milestone Stage,50.0,2.0,success,False,2026-08-28T00:47:20.872913+09:00
Milestone Stamp,,,failed,False,2026-08-23T13:27:54.146441+09:00
Milestone Statement,,,failed,False,2026-08-21T00:32:45.504063+09:00
Milestone Station,30.0,8.0,success,False,2026-08-17T23:11:05.439479+09:00
Milestone Status,70.0,0.0,success,False,2026-08-19T20:45:18.016255+09:00
Milestone Stub,,,failed,False,2026-08-21T00:32:40.998784+09:00
Milestone Studio,720.0,1.0,success,False,2026-08-17T23:03:51.188489+09:00
Milestone Suite,20.0,24.0,success,False,2026-08-17T23:25:33.384672+09:00
Milestone Sum,,,failed,False,2026-08-21T02:21:59.749711+09:00
Milestone Summary,20.0,0.0,success,False,2026-08-19T21:31:38.211604+09:00
Milestone Sync,10.0,0.0,success,False,2026-08-17T23:15:16.385703+09:00
Milestone Tab,210.0,0.0,success,False,2026-08-21T00:33:14.863078+09:00
Milestone Table,320.0,3.0,success,False,2026-08-19T21:50:09.573666+09:00
Milestone Tag,,,failed,False,2026-08-19T13:26:15.412219+09:00
Milestone Tally,,,failed,False,2026-08-21T00:32:50.317142+09:00
Milestone Tariff,,,failed,False,2026-08-21T02:39:01.824838+09:00
Milestone Tax,50.0,37.0,success,False,2026-08-21T02:15:35.751133+09:00
Milestone Ticket,,,failed,False,2026-08-19T21:32:10.645735+09:00
Milestone Timeline,1600.0,5.0,success,False,2026-08-19T21:31:47.611554+09:00
Milestone Token,10.0,18.0,success,False,2026-08-23T13:27:51.587934+09:00
Milestone Toll,,,failed,False,2026-08-21T02:38:57.143403+09:00
Milestone Toolbox,,,failed,False,2026-08-28T00:24:17.222604+09:00
Milestone Toolkit,,,failed,False,2026-08-18T23:51:43.636427+09:00
Milestone Total,,,failed,False,2026-08-27T23:11:31.507435+09:00
Milestone Tracker,1000.0,9.0,success,False,2026-08-17T23:27:34.340862+09:00
Milestone Trail,170.0,1.0,success,False,2026-08-17T23:23:39.258674+09:00
Milestone Trend,,,failed,False,2026-08-28T01:05:20.139067+09:00
Milestone Trial,10.0,1.0,success,False,2026-08-27T21:12:56.642443+09:00
Milestone Unit,,,failed,False,2026-08-21T01:59:11.823228+09:00
Milestone Update,90.0,0.0,success,False,2026-08-19T20:46:00.045081+09:00
Milestone Vault,,,failed,False,2026-08-17T23:28:37.439215+09:00
Milestone Version,70.0,1.0,success,False,2026-08-23T03:19:15.336839+09:00
Milestone View,720.0,4.0,success,False,2026-08-19T20:45:29.456295+09:00
Milestone Watch,170.0,72.0,success,False,2026-08-17T23:29:46.030396+09:00
Milestone Wave,,,failed,False,2026-08-17T23:11:27.104300+09:00
Milestone Widget,10.0,0.0,success,False,2026-08-27T23:11:34.108403+09:00
Milestone Workbench,,,failed,False,2026-08-18T23:51:43.636427+09:00
Milestone Worksheet,20.0,0.0,success,False,2026-08-27T22:07:09.283408+09:00
Milestone Workshop,,,failed,False,2026-08-28T00:24:14.921300+09:00
Milestone Zone,20.0,0.0,success,False,2026-08-17T23:32:47.059992+09:00
Minor Advance,,,failed,False,2026-08-23T16:13:42.146359+09:00
Minor Alert,40.0,0.0,success,False,2026-08-21T01:40:58.554709+09:00
Minor Allowance,,,failed,False,2026-08-21T02:42:47.286881+09:00
Minor Analyzer,,,failed,False,2026-08-27T23:59:17.563745+09:00
Minor Arrears,,,failed,False,2026-08-23T16:13:39.752452+09:00
Minor Assistant,,,failed,False,2026-08-21T01:39:01.261860+09:00
Minor Atlas,,,failed,False,2026-08-21T01:38:48.053655+09:00
Minor Badge,,,failed,False,2026-08-21T01:43:56.070004+09:00
Minor Base,170.0,87.0,success,False,2026-08-21T01:37:16.023011+09:00
Minor Beacon,,,failed,False,2026-08-21T01:35:45.780431+09:00
Minor Bill,110.0,0.0,success,False,2026-08-21T01:43:07.474360+09:00
Minor Board,20.0,0.0,success,False,2026-08-21T01:37:28.905967+09:00
Minor Bridge,720.0,0.0,success,False,2026-08-21T01:35:45.780431+09:00
Minor Brief,,,failed,False,2026-08-21T01:44:28.935205+09:00
Minor Bulletin,,,failed,False,2026-08-21T01:44:25.853714+09:00
Minor Calculator,40.0,0.0,success,False,2026-08-27T23:36:33.321869+09:00
Minor Card,210.0,3.0,success,False,2026-08-21T01:41:42.095051+09:00
Minor Cascade,,,failed,False,2026-08-21T01:35:45.780431+09:00
Minor Cash,,,failed,False,2026-08-21T02:26:18.130699+09:00
Minor Category,50.0,0.0,success,False,2026-08-23T13:10:06.026404+09:00
Minor Center,20.0,0.0,success,False,2026-08-21T01:37:48.907066+09:00
Minor Chain,260.0,93.0,success,False,2026-08-21T01:38:34.046103+09:00
Minor Charge,110.0,1.0,success,False,2026-08-21T02:42:36.894313+09:00
Minor Chart,40.0,0.0,success,False,2026-08-21T01:41:00.703725+09:00
Minor Check,20.0,0.0,success,False,2026-08-21T01:41:48.955996+09:00
Minor Checker,,,failed,False,2026-08-27T23:59:07.749698+09:00
Minor Code,260.0,0.0,success,False,2026-08-21T01:43:18.678031+09:00
Minor Confirmation,,,failed,False,2026-08-21T01:35:43.520163+09:00
Minor Console,,,failed,False,2026-08-21T01:38:06.302240+09:00
Minor Contribution,10.0,0.0,success,False,2026-08-23T16:13:37.104049+09:00
Minor Core,20.0,0.0,success,False,2026-08-21T01:37:19.276865+09:00
Minor Cost,20.0,0.0,success,False,2026-08-21T02:09:35.775353+09:00
Minor Count,,,failed,False,2026-08-27T22:49:44.992225+09:00
Minor Counter,,,failed,False,2026-08-21T01:40:07.956384+09:00
Minor Deal,10.0,0.0,success,False,2026-08-21T01:52:30.422416+09:00
Minor Debt,10.0,0.0,success,False,2026-08-21T02:26:10.275506+09:00
Minor Deck,260.0,0.0,success,False,2026-08-21T01:37:30.941685+09:00
Minor Desk,,,failed,False,2026-08-21T01:35:45.780431+09:00
Minor Detector,,,failed,False,2026-08-27T23:59:12.622196+09:00
Minor Diagram,,,failed,False,2026-08-27T22:11:47.365503+09:00
Minor Directory,,,failed,False,2026-08-21T01:39:49.686792+09:00
Minor Discount,,,failed,False,2026-08-23T16:13:30.945408+09:00
Minor Downpayment,,,failed,False,2026-08-27T21:47:53.828940+09:00
Minor Draft,,,failed,False,2026-08-21T01:42:40.721389+09:00
Minor Duty,,,failed,False,2026-08-21T02:42:39.559962+09:00
Minor Engine,10.0,0.0,success,False,2026-08-21T01:38:57.072218+09:00
Minor Entry,50.0,0.0,success,False,2026-08-21T01:35:43.520163+09:00
Minor Estimate,,,failed,False,2026-08-21T01:43:00.390217+09:00
Minor Estimator,,,failed,False,2026-08-27T23:59:02.052548+09:00
Minor Fare,,,failed,False,2026-08-21T02:09:44.145059+09:00
Minor Fee,30.0,0.0,success,False,2026-08-21T01:52:08.240457+09:00
Minor Feed,,,failed,False,2026-08-21T01:42:34.994206+09:00
Minor File,,,failed,False,2026-08-21T01:42:20.086183+09:00
Minor Fine,10.0,0.0,success,False,2026-08-23T02:57:30.156609+09:00
Minor Flow,50.0,0.0,success,False,2026-08-21T01:35:43.520163+09:00
Minor Forge,,,failed,False,2026-08-21T01:35:45.780431+09:00
Minor Form,170.0,0.0,success,False,2026-08-21T01:41:39.026443+09:00
Minor Format,,,failed,False,2026-08-23T13:10:08.705068+09:00
Minor Frame,10.0,59.0,success,False,2026-08-21T01:37:11.320785+09:00
Minor Fund,,,failed,False,2026-08-21T02:26:14.215239+09:00
Minor Gate,30.0,0.0,success,False,2026-08-21T01:38:40.726969+09:00
Minor Graph,390.0,0.0,success,False,2026-08-27T22:11:31.963952+09:00
Minor Grid,20.0,0.0,success,False,2026-08-21T01:36:50.253581+09:00
Minor Helper,10.0,0.0,success,False,2026-08-28T00:27:40.381664+09:00
Minor History,720.0,91.0,success,False,2026-08-21T01:42:13.880844+09:00
Minor Hub,90.0,0.0,success,False,2026-08-21T01:35:43.520163+09:00
Minor Identifier,,,failed,False,2026-08-23T13:10:03.956535+09:00
Minor Index,,,failed,False,2026-08-21T01:42:53.677401+09:00
Minor Installment,,,failed,False,2026-08-23T16:13:34.147754+09:00
Minor Item,50.0,0.0,success,False,2026-08-21T01:52:17.382086+09:00
Minor Journal,,,failed,False,2026-08-21T01:39:38.707543+09:00
Minor Keeper,,,failed,False,2026-08-21T01:38:50.640665+09:00
Minor Lab,30.0,0.0,success,False,2026-08-21T01:37:37.070410+09:00
Minor Label,70.0,1.0,success,False,2026-08-27T22:11:36.968554+09:00
Minor Ledger,,,failed,False,2026-08-21T01:37:24.140763+09:00
Minor Level,30.0,0.0,success,False,2026-08-21T01:42:22.878879+09:00
Minor Link,30.0,0.0,success,False,2026-08-23T03:23:25.330676+09:00
Minor List,210.0,1.0,success,False,2026-08-21T01:43:23.087757+09:00
Minor Loan,70.0,64.0,success,False,2026-08-21T02:09:52.288046+09:00
Minor Lobby,210.0,7.0,success,False,2026-08-21T01:41:12.264242+09:00
Minor Locator,,,failed,False,2026-08-21T01:39:55.005229+09:00
Minor Locker,,,failed,False,2026-08-21T01:40:09.996962+09:00
Minor Log,,,failed,False,2026-08-21T01:41:33.473055+09:00
Minor Loop,70.0,0.0,success,False,2026-08-21T01:36:47.067872+09:00
Minor Manual,,,failed,False,2026-08-27T22:11:39.650369+09:00
Minor Map,30.0,0.0,success,False,2026-08-21T01:37:07.808277+09:00
Minor Memo,,,failed,False,2026-08-21T01:44:11.369887+09:00
Minor Monitor,20.0,48.0,success,False,2026-08-21T01:39:14.951697+09:00
Minor Nexus,,,failed,False,2026-08-21T01:38:42.867462+09:00
Minor Note,33100.0,0.0,success,True,2026-08-21T01:41:54.360418+09:00
Minor Notification,,,failed,False,2026-08-27T22:49:42.275363+09:00
Minor Number,50.0,0.0,success,False,2026-08-23T03:23:19.130954+09:00
Minor Office,90.0,29.0,success,False,2026-08-21T01:40:01.747780+09:00
Minor Ops,6600.0,2.0,success,False,2026-08-21T01:39:30.579891+09:00
Minor Order,30.0,0.0,success,False,2026-08-21T01:43:03.421356+09:00
Minor Overage,,,failed,False,2026-08-27T21:47:53.828940+09:00
Minor Overdue,,,failed,False,2026-08-27T21:47:47.331734+09:00
Minor Panel,10.0,0.0,success,False,2026-08-21T01:38:08.891636+09:00
Minor Pass,,,failed,False,2026-08-21T01:43:47.346655+09:00
Minor Path,10.0,0.0,success,False,2026-08-21T01:36:59.790111+09:00
Minor Payoff,,,failed,False,2026-08-27T21:47:50.200871+09:00
Minor Petition,,,failed,False,2026-08-21T01:35:43.520163+09:00
Minor Plan,,,failed,False,2026-08-21T01:52:23.674188+09:00
Minor Planner,,,failed,False,2026-08-21T01:39:04.572787+09:00
Minor Playbook,,,failed,False,2026-08-21T01:39:35.935414+09:00
Minor Point,170.0,0.0,success,False,2026-08-21T01:37:02.343165+09:00
Minor Portal,40.0,0.0,success,False,2026-08-21T01:37:57.190809+09:00
Minor Profile,20.0,0.0,success,False,2026-08-21T01:42:02.866390+09:00
Minor Profit,10.0,0.0,success,False,2026-08-23T02:57:19.456946+09:00
Minor Quota,,,failed,False,2026-08-21T01:44:16.668560+09:00
Minor Radar,,,failed,False,2026-08-21T01:35:45.780431+09:00
Minor Rate,50.0,0.0,success,False,2026-08-21T01:42:27.221916+09:00
Minor Recap,,,failed,False,2026-08-21T01:35:43.520163+09:00
Minor Receipt,,,failed,False,2026-08-21T01:43:12.278953+09:00
Minor Register,,,failed,False,2026-08-21T01:39:27.131441+09:00
Minor Relay,,,failed,False,2026-08-21T01:35:45.780431+09:00
Minor Reminder,10.0,0.0,success,False,2026-08-21T01:42:51.256978+09:00
Minor Report,301000.0,0.0,success,True,2026-08-21T01:41:30.332578+09:00
Minor Ring,10.0,0.0,success,False,2026-08-21T01:38:35.952865+09:00
Minor Roster,,,failed,False,2026-08-21T01:40:50.890695+09:00
Minor Route,70.0,0.0,success,False,2026-08-21T01:38:18.535087+09:00
Minor Rule,70.0,0.0,success,False,2026-08-23T03:23:29.114948+09:00
Minor Sale,50.0,15.0,success,False,2026-08-21T02:26:21.259847+09:00
Minor Sample,,,failed,False,2026-08-21T01:43:39.038620+09:00
Minor Scale,33100.0,0.0,success,True,2026-08-21T01:38:16.172375+09:00
Minor Scanner,,,failed,False,2026-08-27T23:59:07.749698+09:00
Minor Score,110.0,0.0,success,False,2026-08-21T01:41:52.008026+09:00
Minor Sheet,20.0,0.0,success,False,2026-08-21T01:41:44.452509+09:00
Minor Shortfall,,,failed,False,2026-08-27T21:47:56.115586+09:00
Minor Signal,,,failed,False,2026-08-21T01:35:45.780431+09:00
Minor Signature,30.0,0.0,success,False,2026-08-23T13:26:35.864064+09:00
Minor Slip,40.0,0.0,success,False,2026-08-21T01:43:34.239530+09:00
Minor Slot,20.0,0.0,success,False,2026-08-21T01:43:45.085248+09:00
Minor Stake,,,failed,False,2026-08-23T02:57:24.970560+09:00
Minor Stamp,20.0,27.0,success,False,2026-08-23T13:26:38.136224+09:00
Minor Statement,20.0,0.0,success,False,2026-08-21T01:44:07.789434+09:00
Minor Station,140.0,3.0,success,False,2026-08-21T01:37:41.835664+09:00
Minor Status,40.0,0.0,success,False,2026-08-21T01:42:05.228292+09:00
Minor Stub,,,failed,False,2026-08-21T01:44:01.894856+09:00
Minor Studio,110.0,2.0,success,False,2026-08-21T01:37:34.913486+09:00
Minor Sum,,,failed,False,2026-08-21T02:26:06.975454+09:00
Minor Summary,,,failed,False,2026-08-21T01:42:43.370438+09:00
Minor Tab,50.0,0.0,success,False,2026-08-21T01:44:20.732547+09:00
Minor Table,40.0,0.0,success,False,2026-08-21T01:43:27.778790+09:00
Minor Tag,,,failed,False,2026-08-21T01:42:00.180241+09:00
Minor Tariff,,,failed,False,2026-08-21T02:42:49.671896+09:00
Minor Tax,110.0,0.0,success,False,2026-08-21T02:09:47.667221+09:00
Minor Terminal,,,failed,False,2026-08-21T01:37:44.630220+09:00
Minor Ticket,30.0,6.0,success,False,2026-08-21T01:42:55.803836+09:00
Minor Timeline,,,failed,False,2026-08-21T01:42:46.013630+09:00
Minor Toll,,,failed,False,2026-08-21T02:42:44.475010+09:00
Minor Toolbox,,,failed,False,2026-08-28T00:27:40.381664+09:00
Minor Total,,,failed,False,2026-08-27T23:15:33.369822+09:00
Minor Tracker,,,failed,False,2026-08-21T01:35:43.520163+09:00
Minor Trial,,,failed,False,2026-08-27T21:16:49.739310+09:00
Minor Unit,170.0,1.0,success,False,2026-08-21T01:52:20.481419+09:00
Minor Update,390.0,0.0,success,False,2026-08-21T01:42:32.456630+09:00
Minor Value,20.0,0.0,success,False,2026-08-23T02:57:21.827227+09:00
Minor Vault,,,failed,False,2026-08-21T01:35:45.780431+09:00
Minor Version,480.0,0.0,success,False,2026-08-23T03:23:22.521378+09:00
Minor View,10.0,0.0,success,False,2026-08-21T01:42:07.777661+09:00
Minor Voucher,,,failed,False,2026-08-21T01:43:52.896076+09:00
Minor Watch,390.0,67.0,success,False,2026-08-21T01:36:36.837653+09:00
Minor Wave,,,failed,False,2026-08-21T01:36:55.107278+09:00
Minor Widget,,,failed,False,2026-08-27T23:15:33.369822+09:00
Minor Worksheet,,,failed,False,2026-08-27T22:11:39.650369+09:00
Minor Zone,10.0,0.0,success,False,2026-08-21T01:37:55.040790+09:00
Monitoring Advance,,,failed,False,2026-08-23T16:11:11.053977+09:00
Monitoring Allowance,,,failed,False,2026-08-21T02:42:30.088898+09:00
Monitoring Almanac,,,failed,False,2026-08-18T22:03:09.558659+09:00
Monitoring Analyzer,10.0,1.0,success,False,2026-08-27T23:53:51.631383+09:00
Monitoring Anchor,,,failed,False,2026-08-17T20:47:00.954455+09:00
Monitoring Asset,50.0,29.0,success,False,2026-08-23T13:48:27.768488+09:00
Monitoring Assistant,480.0,1.0,success,False,2026-08-17T23:14:53.160605+09:00
Monitoring Atlas,,,failed,False,2026-08-17T20:37:45.876313+09:00
Monitoring Attribute,,,failed,False,2026-08-23T13:09:12.775055+09:00
Monitoring Base,110.0,73.0,success,False,2026-08-17T20:34:23.568448+09:00
Monitoring Beacon,,,failed,False,2026-08-17T21:33:00.443260+09:00
Monitoring Bill,30.0,0.0,success,False,2026-08-19T22:04:53.715623+09:00
Monitoring Blueprint,,,failed,False,2026-08-18T22:03:00.985111+09:00
Monitoring Board,880.0,20.0,success,False,2026-08-18T07:43:41.366664+09:00
Monitoring Book,390.0,4.0,success,False,2026-08-19T22:05:46.180547+09:00
Monitoring Bridge,390.0,19.0,success,False,2026-08-17T20:48:21.583177+09:00
Monitoring Brief,,,failed,False,2026-08-21T01:00:54.642749+09:00
Monitoring Bulletin,,,failed,False,2026-08-21T01:00:50.612821+09:00
Monitoring Calendar,140.0,100.0,success,False,2026-08-19T00:03:38.462918+09:00
Monitoring Card,320.0,4.0,success,False,2026-08-19T13:26:27.174031+09:00
Monitoring Cascade,,,failed,False,2026-08-17T21:30:38.829852+09:00
Monitoring Cash,,,failed,False,2026-08-21T02:26:32.701256+09:00
Monitoring Category,,,failed,False,2026-08-23T13:09:10.087594+09:00
Monitoring Center,1300.0,14.0,success,False,2026-08-17T21:35:33.419897+09:00
Monitoring Chain,,,failed,False,2026-08-17T20:41:58.937145+09:00
Monitoring Charge,320.0,5.0,success,False,2026-08-21T02:42:20.398693+09:00
Monitoring Check,3600.0,0.0,success,True,2026-08-19T13:27:07.663216+09:00
Monitoring Checker,,,failed,False,2026-08-27T23:53:42.609151+09:00
Monitoring Checklist,210.0,6.0,success,False,2026-08-19T21:19:43.238592+09:00
Monitoring Circular,,,failed,False,2026-08-21T01:00:56.888807+09:00
Monitoring Cockpit,90.0,99.0,success,False,2026-08-17T23:30:26.611269+09:00
Monitoring Code,1900.0,5.0,success,False,2026-08-19T22:05:17.062474+09:00
Monitoring Codex,,,failed,False,2026-08-18T22:03:44.456415+09:00
Monitoring Companion,,,failed,False,2026-08-17T23:12:58.115072+09:00
Monitoring Comparison,8100.0,15.0,success,False,2026-08-28T01:04:31.429165+09:00
Monitoring Compass,,,failed,False,2026-08-17T21:33:59.802696+09:00
Monitoring Compendium,,,failed,False,2026-08-18T22:03:21.744324+09:00
Monitoring Confirmation,,,failed,False,2026-08-21T01:01:09.555377+09:00
Monitoring Console,70.0,12.0,success,False,2026-08-17T21:32:23.259221+09:00
Monitoring Copayment,,,failed,False,2026-08-23T16:37:08.695688+09:00
Monitoring Core,,,failed,False,2026-08-17T20:33:30.325030+09:00
Monitoring Cost,1600.0,76.0,success,False,2026-08-21T02:10:31.589901+09:00
Monitoring Counter,,,failed,False,2026-08-19T00:04:28.645558+09:00
Monitoring Dashboard,1600.0,18.0,success,False,2026-08-17T23:05:55.492568+09:00
Monitoring Deal,,,failed,False,2026-08-21T01:54:24.486907+09:00
Monitoring Debt,,,failed,False,2026-08-21T02:26:26.896086+09:00
Monitoring Deck,,,failed,False,2026-08-18T07:43:54.848234+09:00
Monitoring Depot,,,failed,False,2026-08-19T00:04:11.501446+09:00
Monitoring Desk,1900.0,100.0,success,False,2026-08-17T21:38:15.647846+09:00
Monitoring Detail,,,failed,False,2026-08-23T03:22:18.461537+09:00
Monitoring Diagram,1600.0,0.0,success,True,2026-08-27T22:07:45.490805+09:00
Monitoring Dial,,,failed,False,2026-08-17T21:30:05.905035+09:00
Monitoring Digest,,,failed,False,2026-08-19T20:44:53.798353+09:00
Monitoring Directory,880.0,18.0,success,False,2026-08-19T00:03:46.728628+09:00
Monitoring Discount,,,failed,False,2026-08-23T16:11:06.629164+09:00
Monitoring Dock,,,failed,False,2026-08-17T20:44:27.303320+09:00
Monitoring Dossier,,,failed,False,2026-08-21T01:01:13.751057+09:00
Monitoring Draft,,,failed,False,2026-08-19T20:45:12.440392+09:00
Monitoring Duty,,,failed,False,2026-08-21T02:42:25.352468+09:00
Monitoring Engine,10.0,12.0,success,False,2026-08-17T23:29:23.485940+09:00
Monitoring Entry,,,failed,False,2026-08-21T01:01:22.274781+09:00
Monitoring Estimate,,,failed,False,2026-08-19T21:30:35.144264+09:00
Monitoring Estimator,,,failed,False,2026-08-27T23:53:39.725939+09:00
Monitoring Fare,,,failed,False,2026-08-21T02:10:36.488938+09:00
Monitoring Fee,140.0,0.0,success,False,2026-08-21T01:54:04.879612+09:00
Monitoring Feed,,,failed,False,2026-08-19T20:45:04.260812+09:00
Monitoring Field,,,failed,False,2026-08-23T13:09:14.949045+09:00
Monitoring File,590.0,12.0,success,False,2026-08-19T20:44:19.706681+09:00
Monitoring Finder,,,failed,False,2026-08-19T00:04:03.544716+09:00
Monitoring Fine,,,failed,False,2026-08-23T02:56:59.964563+09:00
Monitoring Flag,,,failed,False,2026-08-21T00:27:03.794080+09:00
Monitoring Flow,720.0,33.0,success,False,2026-08-18T07:52:49.362329+09:00
Monitoring Forge,,,failed,False,2026-08-17T21:31:46.266854+09:00
Monitoring Form,320.0,1.0,success,False,2026-08-19T13:26:13.744102+09:00
Monitoring Frame,,,failed,False,2026-08-17T20:35:18.626237+09:00
Monitoring Fund,,,failed,False,2026-08-21T02:26:29.042609+09:00
Monitoring Gate,,,failed,False,2026-08-17T20:39:31.272188+09:00
Monitoring Grade,,,failed,False,2026-08-21T00:26:41.627536+09:00
Monitoring Graph,110.0,7.0,success,False,2026-08-27T22:07:30.403670+09:00
Monitoring Grid,70.0,2.0,success,False,2026-08-17T20:42:18.152107+09:00
Monitoring Guarantee,,,failed,False,2026-08-28T01:04:40.087199+09:00
Monitoring Guard,110.0,26.0,success,False,2026-08-17T20:33:59.012811+09:00
Monitoring Guardian,,,failed,False,2026-08-28T00:23:47.118724+09:00
Monitoring Guidebook,,,failed,False,2026-08-18T22:02:40.368007+09:00
Monitoring Helpdesk,,,failed,False,2026-08-27T22:46:08.024081+09:00
Monitoring Helper,260.0,3.0,success,False,2026-08-28T00:23:49.555058+09:00
Monitoring History,10.0,0.0,success,False,2026-08-19T20:44:12.620754+09:00
Monitoring Hub,1900.0,100.0,success,False,2026-08-17T21:41:42.015478+09:00
Monitoring Identifier,,,failed,False,2026-08-23T13:09:07.907049+09:00
Monitoring Index,50.0,0.0,success,False,2026-08-19T21:19:52.858825+09:00
Monitoring Insight,,,failed,False,2026-08-17T23:30:12.792820+09:00
Monitoring Installment,,,failed,False,2026-08-23T16:11:06.629164+09:00
Monitoring Item,40.0,11.0,success,False,2026-08-21T01:54:08.146374+09:00
Monitoring Journal,50.0,0.0,success,False,2026-08-18T23:51:43.636427+09:00
Monitoring Keeper,,,failed,False,2026-08-17T20:35:48.969093+09:00
Monitoring Kit,210.0,59.0,success,False,2026-08-27T22:46:02.765409+09:00
Monitoring Lab,260.0,7.0,success,False,2026-08-17T21:39:05.774100+09:00
Monitoring Label,,,failed,False,2026-08-27T22:07:37.591593+09:00
Monitoring Ledger,,,failed,False,2026-08-17T20:32:17.131006+09:00
Monitoring Lens,40.0,42.0,success,False,2026-08-17T20:36:14.881787+09:00
Monitoring Level,590.0,73.0,success,False,2026-08-19T20:44:29.865338+09:00
Monitoring Link,260.0,11.0,success,False,2026-08-23T03:22:09.250404+09:00
Monitoring List,480.0,5.0,success,False,2026-08-19T22:05:25.560581+09:00
Monitoring Loan,170.0,11.0,success,False,2026-08-21T02:10:45.957047+09:00
Monitoring Locator,,,failed,False,2026-08-19T00:03:53.943426+09:00
Monitoring Lock,,,failed,False,2026-08-17T20:38:11.520193+09:00
Monitoring Log,1600.0,23.0,success,False,2026-08-19T13:26:03.914310+09:00
Monitoring Loop,,,failed,False,2026-08-17T20:43:14.638625+09:00
Monitoring Manager,40.0,0.0,success,False,2026-08-17T20:34:48.922886+09:00
Monitoring Manual,390.0,2.0,success,False,2026-08-27T22:07:41.421571+09:00
Monitoring Map,590.0,3.0,success,False,2026-08-17T20:37:15.920679+09:00
Monitoring Margin,,,failed,False,2026-08-23T02:56:53.736848+09:00
Monitoring Marker,,,failed,False,2026-08-23T13:28:13.588297+09:00
Monitoring Memo,,,failed,False,2026-08-21T00:26:46.014545+09:00
Monitoring Message,,,failed,False,2026-08-27T23:11:25.184143+09:00
Monitoring Meter,320.0,55.0,success,False,2026-08-17T20:47:45.474295+09:00
Monitoring Metrics,320.0,17.0,success,False,2026-08-17T23:11:19.275980+09:00
Monitoring Monitor,70.0,32.0,success,False,2026-08-17T23:04:05.706993+09:00
Monitoring Navigator,,,failed,False,2026-08-17T23:30:41.257118+09:00
Monitoring Nexus,,,failed,False,2026-08-17T20:38:35.163236+09:00
Monitoring Node,260.0,18.0,success,False,2026-08-17T20:40:24.654920+09:00
Monitoring Note,,,failed,False,2026-08-19T13:27:35.770715+09:00
Monitoring Notification,10.0,11.0,success,False,2026-08-27T22:45:58.509654+09:00
Monitoring Number,320.0,0.0,success,False,2026-08-23T03:22:03.644415+09:00
Monitoring Office,4400.0,100.0,success,False,2026-08-19T00:04:20.197700+09:00
Monitoring Ops,20.0,12.0,success,False,2026-08-17T23:07:41.199314+09:00
Monitoring Order,90.0,62.0,success,False,2026-08-19T22:04:42.218437+09:00
Monitoring Organizer,,,failed,False,2026-08-17T23:29:58.873666+09:00
Monitoring Overdue,,,failed,False,2026-08-27T21:46:06.267558+09:00
Monitoring Panel,2400.0,50.0,success,False,2026-08-17T21:31:11.680234+09:00
Monitoring Path,,,failed,False,2026-08-17T20:39:59.910293+09:00
Monitoring Petition,,,failed,False,2026-08-21T01:01:05.241118+09:00
Monitoring Pilot,70.0,2.0,success,False,2026-08-17T21:39:44.948189+09:00
Monitoring Plan,1000.0,1.0,success,False,2026-08-21T01:54:19.939449+09:00
Monitoring Planner,,,failed,False,2026-08-17T23:29:38.825411+09:00
Monitoring Playbook,,,failed,False,2026-08-18T23:51:43.636427+09:00
Monitoring Point,590.0,0.0,success,False,2026-08-17T20:39:06.787331+09:00
Monitoring Portal,320.0,24.0,success,False,2026-08-17T21:33:26.536272+09:00
Monitoring Preview,,,failed,False,2026-08-28T01:04:34.359127+09:00
Monitoring Profile,720.0,4.0,success,False,2026-08-19T13:27:56.460670+09:00
Monitoring Profit,,,failed,False,2026-08-23T02:56:41.108127+09:00
Monitoring Proposal,10.0,2.0,success,False,2026-08-28T01:04:37.386068+09:00
Monitoring Pulse,4400.0,79.0,success,False,2026-08-17T20:41:33.336783+09:00
Monitoring Quota,,,failed,False,2026-08-21T00:26:53.623558+09:00
Monitoring Radar,390.0,7.0,success,False,2026-08-17T21:37:05.127331+09:00
Monitoring Rail,,,failed,False,2026-08-17T20:43:42.299051+09:00
Monitoring Rate,720.0,40.0,success,False,2026-08-19T20:44:35.831978+09:00
Monitoring Recap,,,failed,False,2026-08-21T01:01:15.556861+09:00
Monitoring Receipt,,,failed,False,2026-08-19T22:05:04.840486+09:00
Monitoring Redemption,,,failed,False,2026-08-23T16:37:11.760359+09:00
Monitoring Register,260.0,11.0,success,False,2026-08-17T23:30:56.654699+09:00
Monitoring Registry,260.0,11.0,success,False,2026-08-18T22:02:50.623197+09:00
Monitoring Relay,590.0,76.0,success,False,2026-08-17T21:36:07.544663+09:00
Monitoring Reminder,,,failed,False,2026-08-19T21:19:30.531478+09:00
Monitoring Report,880.0,1.0,success,False,2026-08-19T13:25:53.621438+09:00
Monitoring Repository,,,failed,False,2026-08-27T23:11:34.108403+09:00
Monitoring Result,1900.0,2.0,success,False,2026-08-28T00:47:05.716612+09:00
Monitoring Roadmap,20.0,0.0,success,False,2026-08-18T22:03:55.697842+09:00
Monitoring Roster,,,failed,False,2026-08-19T00:37:42.157517+09:00
Monitoring Route,,,failed,False,2026-08-17T20:45:32.525368+09:00
Monitoring Rule,,,failed,False,2026-08-23T03:22:11.470893+09:00
Monitoring Sale,,,failed,False,2026-08-21T02:26:36.939016+09:00
Monitoring Sample,50.0,10.0,success,False,2026-08-19T22:06:07.056181+09:00
Monitoring Scale,27100.0,0.0,success,True,2026-08-17T20:46:23.888336+09:00
Monitoring Scanner,,,failed,False,2026-08-27T23:53:48.068906+09:00
Monitoring Scheduler,,,failed,False,2026-08-17T23:09:43.652539+09:00
Monitoring Scope,110.0,1.0,success,False,2026-08-17T20:44:09.032273+09:00
Monitoring Score,,,failed,False,2026-08-19T13:27:18.608287+09:00
Monitoring Sentry,1600.0,26.0,success,False,2026-08-17T20:36:47.157974+09:00
Monitoring Sheet,720.0,6.0,success,False,2026-08-19T13:26:59.554690+09:00
Monitoring Signal,260.0,9.0,success,False,2026-08-17T20:45:55.190861+09:00
Monitoring Signature,,,failed,False,2026-08-23T13:28:10.942428+09:00
Monitoring Slip,30.0,0.0,success,False,2026-08-19T22:05:54.572880+09:00
Monitoring Slot,14800.0,1.0,success,False,2026-08-19T22:06:15.067471+09:00
Monitoring Snapshot,,,failed,False,2026-08-18T22:02:28.338577+09:00
Monitoring Stake,,,failed,False,2026-08-23T02:56:50.179026+09:00
Monitoring Statement,,,failed,False,2026-08-21T00:26:33.622421+09:00
Monitoring Station,1000.0,71.0,success,False,2026-08-17T21:37:42.380657+09:00
Monitoring Status,320.0,2.0,success,False,2026-08-19T20:43:57.147560+09:00
Monitoring Streak,,,failed,False,2026-08-28T00:47:05.716612+09:00
Monitoring Studio,1900.0,100.0,success,False,2026-08-17T21:41:12.952922+09:00
Monitoring Suite,110.0,20.0,success,False,2026-08-17T23:07:59.739195+09:00
Monitoring Sum,,,failed,False,2026-08-21T02:26:24.473700+09:00
Monitoring Summary,,,failed,False,2026-08-19T21:19:06.268561+09:00
Monitoring Surtax,,,failed,False,2026-08-23T15:53:08.210333+09:00
Monitoring Sync,,,failed,False,2026-08-17T20:31:44.848533+09:00
Monitoring Tab,1900.0,74.0,success,False,2026-08-21T00:27:12.597515+09:00
Monitoring Table,2900.0,100.0,success,False,2026-08-19T22:05:38.259870+09:00
Monitoring Tag,720.0,1.0,success,False,2026-08-19T13:27:45.503275+09:00
Monitoring Tally,,,failed,False,2026-08-21T00:26:39.162393+09:00
Monitoring Tariff,,,failed,False,2026-08-21T02:42:34.441538+09:00
Monitoring Tax,,,failed,False,2026-08-21T02:10:41.178409+09:00
Monitoring Ticket,,,failed,False,2026-08-19T21:20:05.379169+09:00
Monitoring Tier,,,failed,False,2026-08-28T00:47:08.445911+09:00
Monitoring Timeline,30.0,3.0,success,False,2026-08-19T21:19:17.312411+09:00
Monitoring Timer,,,failed,False,2026-08-28T00:23:35.070799+09:00
Monitoring Token,10.0,7.0,success,False,2026-08-23T13:28:10.942428+09:00
Monitoring Toll,,,failed,False,2026-08-21T02:42:27.655082+09:00
Monitoring Toolbox,,,failed,False,2026-08-28T00:23:49.555058+09:00
Monitoring Toolkit,10.0,0.0,success,False,2026-08-18T23:51:43.636427+09:00
Monitoring Tracker,880.0,36.0,success,False,2026-08-17T20:32:55.422953+09:00
Monitoring Trail,,,failed,False,2026-08-17T20:42:47.401639+09:00
Monitoring Trend,70.0,3.0,success,False,2026-08-28T01:04:31.429165+09:00
Monitoring Trial,,,failed,False,2026-08-27T21:13:37.797342+09:00
Monitoring Unit,390.0,0.0,success,False,2026-08-21T01:54:12.034921+09:00
Monitoring Update,260.0,0.0,success,False,2026-08-19T20:44:48.132741+09:00
Monitoring Value,10.0,0.0,success,False,2026-08-23T02:56:45.800075+09:00
Monitoring Vault,,,failed,False,2026-08-17T21:35:00.218033+09:00
Monitoring Version,,,failed,False,2026-08-23T03:22:06.290002+09:00
Monitoring View,260.0,39.0,success,False,2026-08-19T20:44:03.742658+09:00
Monitoring Watch,880.0,98.0,success,False,2026-08-17T20:45:09.617976+09:00
Monitoring Wave,,,failed,False,2026-08-17T20:40:46.604989+09:00
Monitoring Widget,30.0,0.0,success,False,2026-08-27T23:11:28.090319+09:00
Monitoring Workbench,,,failed,False,2026-08-18T23:51:43.636427+09:00
Monitoring Worksheet,,,failed,False,2026-08-27T22:07:41.421571+09:00
Monitoring Zone,90.0,11.0,success,False,2026-08-17T21:34:29.947705+09:00
Mortgage Advance,1900.0,15.0,success,False,2026-08-23T16:16:21.487176+09:00
Mortgage Advisory,70.0,62.0,success,False,2026-08-21T01:05:22.302548+09:00
Mortgage Allowance,110.0,37.0,success,False,2026-08-21T02:37:37.997164+09:00
Mortgage Analyzer,50.0,13.0,success,False,2026-08-27T23:53:21.557901+09:00
Mortgage Arrears,880.0,7.0,success,False,2026-08-23T16:16:17.008573+09:00
Mortgage Asset,110.0,1.0,success,False,2026-08-23T13:47:35.441000+09:00
Mortgage Assistant,3600.0,53.0,success,False,2026-08-19T00:01:35.413805+09:00
Mortgage Atlas,10.0,29.0,success,False,2026-08-19T00:01:04.506360+09:00
Mortgage Badge,,,failed,False,2026-08-21T00:30:01.129618+09:00
Mortgage Balance,1600.0,47.0,success,False,2026-08-23T13:47:35.441000+09:00
Mortgage Base,320.0,7.0,success,False,2026-08-18T23:57:49.004373+09:00
Mortgage Beacon,10.0,0.0,success,False,2026-08-19T00:04:42.603293+09:00
Mortgage Bill,480.0,2.0,success,False,2026-08-19T22:06:28.711407+09:00
Mortgage Board,90.0,0.0,success,False,2026-08-18T23:58:17.460804+09:00
Mortgage Book,210.0,71.0,success,False,2026-08-19T22:07:23.452103+09:00
Mortgage Bridge,1900.0,41.0,success,False,2026-08-19T00:05:01.988375+09:00
Mortgage Brief,,,failed,False,2026-08-21T01:05:05.236354+09:00
Mortgage Bulletin,10.0,0.0,success,False,2026-08-21T01:05:02.312819+09:00
Mortgage Cabinet,,,failed,False,2026-08-27T23:10:42.851763+09:00
Mortgage Calculator,4090000.0,34.0,success,False,2026-08-27T23:33:05.663722+09:00
Mortgage Calendar,390.0,62.0,success,False,2026-08-19T00:02:51.849711+09:00
Mortgage Card,50.0,86.0,success,False,2026-08-19T13:41:50.563536+09:00
Mortgage Cascade,,,failed,False,2026-08-19T00:04:56.559247+09:00
Mortgage Cash,720.0,29.0,success,False,2026-08-21T02:30:51.336298+09:00
Mortgage Cashback,2400.0,47.0,success,False,2026-08-27T21:19:31.239406+09:00
Mortgage Center,4400.0,5.0,success,False,2026-08-18T23:59:08.925896+09:00
Mortgage Chain,70.0,7.0,success,False,2026-08-19T00:00:31.381271+09:00
Mortgage Charge,2400.0,10.0,success,False,2026-08-21T02:37:22.596537+09:00
Mortgage Check,2400.0,69.0,success,False,2026-08-19T13:42:14.783829+09:00
Mortgage Checker,2400.0,69.0,success,False,2026-08-27T23:53:12.173263+09:00
Mortgage Checklist,480.0,17.0,success,False,2026-08-19T21:19:32.635751+09:00
Mortgage Circular,,,failed,False,2026-08-21T01:05:09.510273+09:00
Mortgage Code,140.0,1.0,success,False,2026-08-19T22:06:50.618817+09:00
Mortgage Companion,30.0,4.0,success,False,2026-08-19T00:02:06.599822+09:00
Mortgage Comparison,40500.0,72.0,success,False,2026-08-28T01:04:31.429165+09:00
Mortgage Compass,30.0,14.0,success,False,2026-08-19T00:04:38.069566+09:00
Mortgage Confirmation,10.0,0.0,success,False,2026-08-21T01:05:30.928954+09:00
Mortgage Console,,,failed,False,2026-08-18T23:59:36.900086+09:00
Mortgage Contribution,170.0,13.0,success,False,2026-08-23T16:16:17.008573+09:00
Mortgage Core,20.0,0.0,success,False,2026-08-18T23:57:58.396596+09:00
Mortgage Cost,1900.0,40.0,success,False,2026-08-21T02:13:55.363048+09:00
Mortgage Count,50.0,52.0,success,False,2026-08-27T22:44:50.273695+09:00
Mortgage Counter,50.0,52.0,success,False,2026-08-19T00:03:34.698010+09:00
Mortgage Coupon,260.0,1.0,success,False,2026-08-27T21:19:28.438229+09:00
Mortgage Deal,9900.0,70.0,success,False,2026-08-21T01:57:45.438381+09:00
Mortgage Debt,590.0,5.0,success,False,2026-08-21T02:30:37.873895+09:00
Mortgage Deck,,,failed,False,2026-08-18T23:58:25.855676+09:00
Mortgage Depot,1300.0,21.0,success,False,2026-08-19T00:03:21.455005+09:00
Mortgage Desk,30.0,6.0,success,False,2026-08-19T00:04:07.444762+09:00
Mortgage Detail,90.0,25.0,success,False,2026-08-23T03:17:56.844473+09:00
Mortgage Detector,,,failed,False,2026-08-27T23:53:16.393422+09:00
Mortgage Diagram,20.0,0.0,success,False,2026-08-27T22:15:19.748218+09:00
Mortgage Digest,,,failed,False,2026-08-19T20:43:41.671766+09:00
Mortgage Directory,20.0,38.0,success,False,2026-08-19T00:03:01.180289+09:00
Mortgage Discount,90.0,16.0,success,False,2026-08-23T16:16:09.972976+09:00
Mortgage Dossier,,,failed,False,2026-08-21T01:05:39.127217+09:00
Mortgage Downpayment,2400.0,22.0,success,False,2026-08-27T21:50:32.673191+09:00
Mortgage Draft,40.0,5.0,success,False,2026-08-19T20:43:53.666341+09:00
Mortgage Due,70.0,0.0,success,False,2026-08-23T15:52:26.691302+09:00
Mortgage Duty,40.0,0.0,success,False,2026-08-21T02:37:27.000959+09:00
Mortgage Endowment,1300.0,8.0,success,False,2026-08-23T15:52:31.168291+09:00
Mortgage Engine,10.0,7.0,success,False,2026-08-19T00:01:30.427864+09:00
Mortgage Entry,10.0,0.0,success,False,2026-08-21T01:05:55.165491+09:00
Mortgage Estimate,2400.0,67.0,success,False,2026-08-19T21:29:16.026683+09:00
Mortgage Estimator,12100.0,65.0,success,False,2026-08-27T23:53:07.557701+09:00
Mortgage Excerpt,,,failed,False,2026-08-21T01:05:46.512536+09:00
Mortgage Extension,480.0,22.0,success,False,2026-08-23T16:40:02.738352+09:00
Mortgage Fare,,,failed,False,2026-08-21T02:14:02.511057+09:00
Mortgage Fee,2400.0,10.0,success,False,2026-08-21T01:57:22.977623+09:00
Mortgage Feed,2400.0,10.0,success,False,2026-08-19T20:43:48.362624+09:00
Mortgage File,90.0,4.0,success,False,2026-08-19T20:43:13.193243+09:00
Mortgage Finder,4400.0,60.0,success,False,2026-08-19T00:03:12.143780+09:00
Mortgage Fine,10.0,0.0,success,False,2026-08-23T02:53:39.940635+09:00
Mortgage Flag,,,failed,False,2026-08-21T00:30:46.553076+09:00
Mortgage Flow,210.0,6.0,success,False,2026-08-19T00:03:50.601023+09:00
Mortgage Forge,,,failed,False,2026-08-19T00:04:47.180412+09:00
Mortgage Form,590.0,13.0,success,False,2026-08-19T13:41:43.922175+09:00
Mortgage Format,590.0,13.0,success,False,2026-08-23T13:06:58.194774+09:00
Mortgage Frame,,,failed,False,2026-08-18T23:57:37.423450+09:00
Mortgage Fund,480.0,28.0,success,False,2026-08-21T02:30:47.137745+09:00
Mortgage Gate,20.0,23.0,success,False,2026-08-19T00:00:51.306672+09:00
Mortgage Generator,70.0,66.0,success,False,2026-08-27T23:33:13.459329+09:00
Mortgage Giveaway,10.0,16.0,success,False,2026-08-27T21:19:36.835808+09:00
Mortgage Grade,,,failed,False,2026-08-21T00:30:29.735189+09:00
Mortgage Graph,260.0,8.0,success,False,2026-08-27T22:15:03.740456+09:00
Mortgage Grid,40.0,3.0,success,False,2026-08-19T00:05:29.382308+09:00
Mortgage Guarantee,880.0,31.0,success,False,2026-08-28T01:04:37.386068+09:00
Mortgage Guardian,3600.0,4.0,success,False,2026-08-28T00:23:24.069179+09:00
Mortgage Helpdesk,,,failed,False,2026-08-27T22:44:50.273695+09:00
Mortgage Helper,1600.0,60.0,success,False,2026-08-28T00:23:26.429201+09:00
Mortgage History,390.0,2.0,success,False,2026-08-19T20:43:04.288794+09:00
Mortgage Hub,1600.0,15.0,success,False,2026-08-19T00:03:57.643433+09:00
Mortgage Identifier,,,failed,False,2026-08-23T13:06:56.024749+09:00
Mortgage Incentive,140.0,60.0,success,False,2026-08-27T21:19:33.782503+09:00
Mortgage Index,320.0,6.0,success,False,2026-08-19T21:19:44.972350+09:00
Mortgage Installment,140.0,10.0,success,False,2026-08-23T16:16:13.507688+09:00
Mortgage Interest,4400.0,28.0,success,False,2026-08-23T13:47:35.441000+09:00
Mortgage Item,,,failed,False,2026-08-21T01:57:30.255883+09:00
Mortgage Journal,10.0,0.0,success,False,2026-08-19T00:02:36.291033+09:00
Mortgage Keeper,30.0,5.0,success,False,2026-08-19T00:01:14.805570+09:00
Mortgage Kit,10.0,0.0,success,False,2026-08-27T22:44:43.447057+09:00
Mortgage Lab,260.0,13.0,success,False,2026-08-18T23:58:42.867449+09:00
Mortgage Label,,,failed,False,2026-08-27T22:15:06.045574+09:00
Mortgage Ledger,30.0,0.0,success,False,2026-08-18T23:58:07.902911+09:00
Mortgage Link,1300.0,30.0,success,False,2026-08-23T03:17:50.653872+09:00
Mortgage List,90.0,24.0,success,False,2026-08-19T22:06:59.596356+09:00
Mortgage Loan,165000.0,27.0,success,False,2026-08-21T02:14:07.166822+09:00
Mortgage Locator,30.0,53.0,success,False,2026-08-19T00:03:06.405993+09:00
Mortgage Log,1600.0,2.0,success,False,2026-08-19T13:41:17.239436+09:00
Mortgage Loop,,,failed,False,2026-08-19T00:05:23.888896+09:00
Mortgage Manager,480.0,6.0,success,False,2026-08-19T00:01:21.334255+09:00
Mortgage Manual,40.0,16.0,success,False,2026-08-27T22:15:12.426690+09:00
Mortgage Map,110.0,8.0,success,False,2026-08-18T23:57:28.259874+09:00
Mortgage Markup,,,failed,False,2026-08-23T16:40:00.457844+09:00
Mortgage Memo,,,failed,False,2026-08-21T00:30:34.487987+09:00
Mortgage Message,,,failed,False,2026-08-27T23:10:37.523000+09:00
Mortgage Monitor,110.0,6.0,success,False,2026-08-19T00:02:00.292816+09:00
Mortgage Nexus,,,failed,False,2026-08-19T00:00:56.933054+09:00
Mortgage Note,5400.0,2.0,success,False,2026-08-19T13:42:37.156031+09:00
Mortgage Notification,,,failed,False,2026-08-27T22:44:39.489901+09:00
Mortgage Number,320.0,13.0,success,False,2026-08-23T03:17:39.480043+09:00
Mortgage Office,1600.0,11.0,success,False,2026-08-19T00:03:29.017691+09:00
Mortgage Ops,,,failed,False,2026-08-19T00:02:21.603583+09:00
Mortgage Order,10.0,10.0,success,False,2026-08-19T22:06:15.067471+09:00
Mortgage Overage,30.0,5.0,success,False,2026-08-27T21:50:29.028381+09:00
Mortgage Overdraft,110.0,12.0,success,False,2026-08-23T15:52:26.691302+09:00
Mortgage Overdue,,,failed,False,2026-08-27T21:50:22.560575+09:00
Mortgage Panel,20.0,12.0,success,False,2026-08-18T23:59:47.446594+09:00
Mortgage Pass,30.0,3.0,success,False,2026-08-21T00:29:45.511428+09:00
Mortgage Path,260.0,7.0,success,False,2026-08-18T23:57:02.622913+09:00
Mortgage Payoff,1600.0,3.0,success,False,2026-08-27T21:50:26.760837+09:00
Mortgage Penalty,210.0,2.0,success,False,2026-08-23T16:40:00.457844+09:00
Mortgage Petition,10.0,0.0,success,False,2026-08-21T01:05:26.897512+09:00
Mortgage Plan,590.0,26.0,success,False,2026-08-21T01:57:40.883576+09:00
Mortgage Planner,210.0,14.0,success,False,2026-08-19T00:01:43.287513+09:00
Mortgage Playbook,,,failed,False,2026-08-19T00:02:30.122335+09:00
Mortgage Point,5400.0,16.0,success,False,2026-08-18T23:57:18.728861+09:00
Mortgage Portal,320.0,14.0,success,False,2026-08-18T23:59:27.223478+09:00
Mortgage Preview,,,failed,False,2026-08-28T01:04:34.359127+09:00
Mortgage Profile,20.0,8.0,success,False,2026-08-19T13:21:15.307510+09:00
Mortgage Profit,10.0,5.0,success,False,2026-08-23T02:53:30.954147+09:00
Mortgage Proposal,50.0,29.0,success,False,2026-08-28T01:04:37.386068+09:00
Mortgage Queue,10.0,0.0,success,False,2026-08-19T21:20:07.240027+09:00
Mortgage Quota,,,failed,False,2026-08-21T00:30:41.620130+09:00
Mortgage Radar,,,failed,False,2026-08-19T00:04:14.172620+09:00
Mortgage Rail,,,failed,False,2026-08-19T00:00:16.279363+09:00
Mortgage Rank,30.0,25.0,success,False,2026-08-28T00:47:05.716612+09:00
Mortgage Rate,823000.0,47.0,success,False,2026-08-19T20:43:26.923996+09:00
Mortgage Recap,50.0,5.0,success,False,2026-08-21T01:05:38.366293+09:00
Mortgage Receipt,110.0,6.0,success,False,2026-08-19T22:06:38.426353+09:00
Mortgage Recorder,,,failed,False,2026-08-27T23:33:13.459329+09:00
Mortgage Redemption,1600.0,0.0,success,True,2026-08-23T16:40:02.738352+09:00
Mortgage Register,880.0,1.0,success,False,2026-08-19T00:02:15.189621+09:00
Mortgage Registry,880.0,1.0,success,False,2026-08-19T00:02:45.246378+09:00
Mortgage Relay,,,failed,False,2026-08-19T00:04:23.577898+09:00
Mortgage Reminder,,,failed,False,2026-08-19T21:19:19.264899+09:00
Mortgage Report,880.0,10.0,success,False,2026-08-19T13:40:58.883457+09:00
Mortgage Repository,,,failed,False,2026-08-27T23:10:42.851763+09:00
Mortgage Result,,,failed,False,2026-08-28T00:47:03.149821+09:00
Mortgage Ring,10.0,0.0,success,False,2026-08-19T00:00:40.903706+09:00
Mortgage Roster,,,failed,False,2026-08-19T00:38:24.169663+09:00
Mortgage Route,10.0,10.0,success,False,2026-08-19T00:00:05.096380+09:00
Mortgage Rule,590.0,5.0,success,False,2026-08-23T03:17:54.192615+09:00
Mortgage Sale,720.0,7.0,success,False,2026-08-21T02:30:57.020640+09:00
Mortgage Sample,110.0,6.0,success,False,2026-08-19T22:07:52.466558+09:00
Mortgage Scale,20.0,30.0,success,False,2026-08-18T23:59:53.624295+09:00
Mortgage Scanner,,,failed,False,2026-08-27T23:53:12.173263+09:00
Mortgage Scheduler,590.0,18.0,success,False,2026-08-19T00:01:49.817235+09:00
Mortgage Scope,,,failed,False,2026-08-19T00:05:18.968119+09:00
Mortgage Score,260.0,51.0,success,False,2026-08-19T13:42:25.449993+09:00
Mortgage Sheet,40.0,4.0,success,False,2026-08-19T13:42:03.157163+09:00
Mortgage Shortfall,140.0,2.0,success,False,2026-08-27T21:50:34.815891+09:00
Mortgage Signal,,,failed,False,2026-08-19T00:05:07.956398+09:00
Mortgage Signature,,,failed,False,2026-08-23T13:27:46.545552+09:00
Mortgage Slip,,,failed,False,2026-08-19T22:07:32.899948+09:00
Mortgage Slot,,,failed,False,2026-08-19T21:46:01.527373+09:00
Mortgage Stage,,,failed,False,2026-08-28T00:47:00.263771+09:00
Mortgage Stake,,,failed,False,2026-08-23T02:53:36.421361+09:00
Mortgage Statement,4400.0,2.0,success,False,2026-08-21T00:30:14.861916+09:00
Mortgage Station,210.0,11.0,success,False,2026-08-18T23:58:52.034754+09:00
Mortgage Status,70.0,7.0,success,False,2026-08-19T20:42:46.732728+09:00
Mortgage Streak,,,failed,False,2026-08-28T00:47:03.149821+09:00
Mortgage Stub,,,failed,False,2026-08-21T00:30:05.948049+09:00
Mortgage Studio,50.0,4.0,success,False,2026-08-18T23:58:35.248777+09:00
Mortgage Subsidy,260.0,1.0,success,False,2026-08-23T15:52:28.857053+09:00
Mortgage Sum,10.0,,success,False,2026-08-21T02:30:33.788820+09:00
Mortgage Summary,30.0,2.0,success,False,2026-08-19T21:18:56.938365+09:00
Mortgage Surtax,,,failed,False,2026-08-23T15:52:31.168291+09:00
Mortgage Tab,,,failed,False,2026-08-21T00:30:53.488074+09:00
Mortgage Table,720.0,32.0,success,False,2026-08-19T22:07:10.998735+09:00
Mortgage Tag,,,failed,False,2026-08-19T13:20:58.742668+09:00
Mortgage Tally,,,failed,False,2026-08-21T00:30:22.823388+09:00
Mortgage Tariff,10.0,79.0,success,False,2026-08-21T02:37:42.077569+09:00
Mortgage Tax,1000.0,5.0,success,False,2026-08-21T02:14:07.166822+09:00
Mortgage Terminal,,,failed,False,2026-08-18T23:58:59.776089+09:00
Mortgage Ticket,,,failed,False,2026-08-19T21:19:54.949155+09:00
Mortgage Tier,,,failed,False,2026-08-28T00:47:03.149821+09:00
Mortgage Timeline,210.0,7.0,success,False,2026-08-19T21:19:08.211207+09:00
Mortgage Timer,,,failed,False,2026-08-28T00:23:17.850587+09:00
Mortgage Toll,,,failed,False,2026-08-21T02:37:35.054521+09:00
Mortgage Toolbox,30.0,14.0,success,False,2026-08-28T00:23:24.069179+09:00
Mortgage Total,10.0,9.0,success,False,2026-08-27T23:10:40.131699+09:00
Mortgage Tracker,2900.0,43.0,success,False,2026-08-19T00:03:43.919454+09:00
Mortgage Trail,110.0,2.0,success,False,2026-08-19T00:00:25.348270+09:00
Mortgage Trend,390.0,16.0,success,False,2026-08-28T01:04:28.102899+09:00
Mortgage Trial,,,failed,False,2026-08-27T21:19:31.239406+09:00
Mortgage Unit,10.0,0.0,success,False,2026-08-21T01:57:38.284860+09:00
Mortgage Update,170.0,11.0,success,False,2026-08-19T20:43:33.378176+09:00
Mortgage Value,1900.0,21.0,success,False,2026-08-23T02:53:34.328450+09:00
Mortgage Vault,10.0,1.0,success,False,2026-08-19T00:04:30.591993+09:00
Mortgage Version,,,failed,False,2026-08-23T03:17:44.508741+09:00
Mortgage View,480.0,2.0,success,False,2026-08-19T20:42:59.296448+09:00
Mortgage Voucher,20.0,11.0,success,False,2026-08-21T00:29:53.018137+09:00
Mortgage Watch,90.0,18.0,success,False,2026-08-19T00:05:13.902876+09:00
Mortgage Wave,10.0,21.0,success,False,2026-08-19T00:05:33.402476+09:00
Mortgage Widget,10.0,20.0,success,False,2026-08-27T23:10:40.131699+09:00
Mortgage Worksheet,70.0,30.0,success,False,2026-08-27T22:15:17.446247+09:00
Mortgage Workshop,10.0,0.0,success,False,2026-08-28T00:23:21.269207+09:00
Mortgage Zone,70.0,5.0,success,False,2026-08-18T23:59:17.064429+09:00
Mortise Advance,,,failed,False,2026-08-23T16:12:32.773263+09:00
Mortise Advisory,,,failed,False,2026-08-21T00:58:57.845239+09:00
Mortise Alert,,,failed,False,2026-08-19T21:30:54.257177+09:00
Mortise Allowance,,,failed,False,2026-08-21T02:40:59.157491+09:00
Mortise Analyzer,,,failed,False,2026-08-27T23:58:05.711455+09:00
Mortise Arrears,,,failed,False,2026-08-23T16:12:29.296473+09:00
Mortise Assistant,,,failed,False,2026-08-19T21:17:47.761016+09:00
Mortise Atlas,,,failed,False,2026-08-19T21:17:05.944580+09:00
Mortise Base,70.0,100.0,success,False,2026-08-19T21:12:51.464479+09:00
Mortise Bay,,,failed,False,2026-08-19T21:29:49.422411+09:00
Mortise Bill,,,failed,False,2026-08-19T21:54:16.215789+09:00
Mortise Bin,,,failed,False,2026-08-19T21:31:11.020553+09:00
Mortise Board,20.0,0.0,success,False,2026-08-19T21:13:28.219579+09:00
Mortise Book,,,failed,False,2026-08-19T21:55:06.588963+09:00
Mortise Booth,,,failed,False,2026-08-19T21:29:26.779055+09:00
Mortise Brief,,,failed,False,2026-08-21T00:58:47.378244+09:00
Mortise Bulletin,,,failed,False,2026-08-21T00:58:42.850183+09:00
Mortise Cabinet,,,failed,False,2026-08-27T23:14:44.010079+09:00
Mortise Calculator,,,failed,False,2026-08-27T23:35:50.995626+09:00
Mortise Calendar,,,failed,False,2026-08-19T21:19:35.712806+09:00
Mortise Card,,,failed,False,2026-08-19T21:03:30.036000+09:00
Mortise Cash,,,failed,False,2026-08-21T02:24:12.217966+09:00
Mortise Cashback,,,failed,False,2026-08-27T21:15:40.330625+09:00
Mortise Catalog,,,failed,False,2026-08-19T21:08:17.191236+09:00
Mortise Category,,,failed,False,2026-08-23T13:09:14.949045+09:00
Mortise Center,,,failed,False,2026-08-19T21:14:34.800336+09:00
Mortise Chain,110.0,54.0,success,False,2026-08-19T21:16:14.581068+09:00
Mortise Charge,,,failed,False,2026-08-21T02:40:43.977421+09:00
Mortise Chart,,,failed,False,2026-08-19T21:31:03.580111+09:00
Mortise Check,,,failed,False,2026-08-19T21:03:58.078741+09:00
Mortise Checker,,,failed,False,2026-08-27T23:58:03.075368+09:00
Mortise Checklist,,,failed,False,2026-08-19T21:07:29.278050+09:00
Mortise Circular,,,failed,False,2026-08-21T01:00:06.148655+09:00
Mortise Code,,,failed,False,2026-08-19T21:54:37.434657+09:00
Mortise Companion,10.0,0.0,success,False,2026-08-19T21:18:24.331096+09:00
Mortise Comparison,,,failed,False,2026-08-28T01:08:52.515259+09:00
Mortise Confirmation,,,failed,False,2026-08-21T00:59:06.391670+09:00
Mortise Core,10.0,93.0,success,False,2026-08-19T21:13:04.964598+09:00
Mortise Cost,,,failed,False,2026-08-21T02:07:24.034599+09:00
Mortise Counter,,,failed,False,2026-08-19T21:29:12.327035+09:00
Mortise Coupon,,,failed,False,2026-08-27T21:15:40.330625+09:00
Mortise Deal,,,failed,False,2026-08-21T02:00:08.168331+09:00
Mortise Debt,,,failed,False,2026-08-21T02:23:59.841123+09:00
Mortise Deck,,,failed,False,2026-08-19T21:13:40.486879+09:00
Mortise Detail,,,failed,False,2026-08-23T03:21:47.880193+09:00
Mortise Detector,,,failed,False,2026-08-27T23:58:05.711455+09:00
Mortise Diagram,20.0,0.0,success,False,2026-08-27T22:10:26.332247+09:00
Mortise Digest,,,failed,False,2026-08-19T21:06:27.741536+09:00
Mortise Directory,,,failed,False,2026-08-19T21:19:49.170898+09:00
Mortise Discount,,,failed,False,2026-08-23T16:12:26.242265+09:00
Mortise Dossier,,,failed,False,2026-08-21T00:59:10.591896+09:00
Mortise Downpayment,,,failed,False,2026-08-27T21:46:54.698818+09:00
Mortise Draft,,,failed,False,2026-08-19T21:06:46.189471+09:00
Mortise Due,,,failed,False,2026-08-23T15:50:44.796371+09:00
Mortise Duty,,,failed,False,2026-08-21T02:40:47.085181+09:00
Mortise Engine,,,failed,False,2026-08-19T21:17:37.116648+09:00
Mortise Entry,30.0,100.0,success,False,2026-08-21T00:59:32.095317+09:00
Mortise Estimate,,,failed,False,2026-08-19T21:08:09.987838+09:00
Mortise Estimator,,,failed,False,2026-08-27T23:58:00.506831+09:00
Mortise Excerpt,,,failed,False,2026-08-21T00:59:19.513950+09:00
Mortise Fare,,,failed,False,2026-08-21T02:07:34.217644+09:00
Mortise Fee,,,failed,False,2026-08-21T01:59:55.077631+09:00
Mortise File,,,failed,False,2026-08-19T21:05:39.916573+09:00
Mortise Fine,,,failed,False,2026-08-23T02:56:06.421775+09:00
Mortise Flag,,,failed,False,2026-08-21T00:35:39.216644+09:00
Mortise Flow,,,failed,False,2026-08-19T21:08:52.385641+09:00
Mortise Form,20.0,0.0,success,False,2026-08-19T21:32:23.492274+09:00
Mortise Frame,10.0,0.0,success,False,2026-08-19T21:12:41.804289+09:00
Mortise Fund,,,failed,False,2026-08-21T02:24:08.080909+09:00
Mortise Gate,,,failed,False,2026-08-19T21:16:39.026055+09:00
Mortise Giveaway,,,failed,False,2026-08-27T21:15:49.145755+09:00
Mortise Graph,,,failed,False,2026-08-27T22:10:10.749365+09:00
Mortise Grid,,,failed,False,2026-08-19T21:11:46.371328+09:00
Mortise Guarantee,,,failed,False,2026-08-28T01:08:56.786303+09:00
Mortise Harbor,,,failed,False,2026-08-19T21:30:18.297847+09:00
Mortise Helper,,,failed,False,2026-08-28T00:27:03.530965+09:00
Mortise History,,,failed,False,2026-08-19T21:05:26.715187+09:00
Mortise Hotline,,,failed,False,2026-08-19T21:08:29.245582+09:00
Mortise Hub,,,failed,False,2026-08-19T21:09:02.600791+09:00
Mortise Identifier,,,failed,False,2026-08-23T13:09:12.775055+09:00
Mortise Inbox,,,failed,False,2026-08-19T21:30:47.462824+09:00
Mortise Incentive,,,failed,False,2026-08-27T21:15:44.469109+09:00
Mortise Index,,,failed,False,2026-08-19T21:07:38.685875+09:00
Mortise Installment,,,failed,False,2026-08-23T16:12:26.242265+09:00
Mortise Item,,,failed,False,2026-08-21T02:00:00.574550+09:00
Mortise Journal,,,failed,False,2026-08-19T21:19:11.883317+09:00
Mortise Keeper,10.0,100.0,success,False,2026-08-19T21:17:17.082757+09:00
Mortise Kiosk,,,failed,False,2026-08-19T21:29:34.148902+09:00
Mortise Kit,110.0,100.0,success,False,2026-08-27T22:48:58.866644+09:00
Mortise Lab,,,failed,False,2026-08-19T21:14:03.656959+09:00
Mortise Label,,,failed,False,2026-08-27T22:10:16.912585+09:00
Mortise Ledger,,,failed,False,2026-08-19T21:13:17.515413+09:00
Mortise Level,,,failed,False,2026-08-19T21:05:52.966416+09:00
Mortise Line,,,failed,False,2026-08-19T21:31:43.962049+09:00
Mortise Link,,,failed,False,2026-08-23T03:21:40.496452+09:00
Mortise List,,,failed,False,2026-08-19T21:54:45.586270+09:00
Mortise Loan,,,failed,False,2026-08-21T02:07:46.443072+09:00
Mortise Lobby,,,failed,False,2026-08-19T21:31:25.099741+09:00
Mortise Locator,,,failed,False,2026-08-19T21:20:00.703413+09:00
Mortise Locker,,,failed,False,2026-08-19T21:29:19.590151+09:00
Mortise Log,,,failed,False,2026-08-19T21:32:15.548375+09:00
Mortise Loop,,,failed,False,2026-08-19T21:11:34.990271+09:00
Mortise Manager,,,failed,False,2026-08-19T21:17:27.324738+09:00
Mortise Manual,,,failed,False,2026-08-27T22:10:19.864578+09:00
Mortise Map,,,failed,False,2026-08-19T21:12:31.857265+09:00
Mortise Margin,,,failed,False,2026-08-23T02:56:03.136754+09:00
Mortise Markup,,,failed,False,2026-08-23T16:38:05.799118+09:00
Mortise Memo,,,failed,False,2026-08-21T00:35:31.431507+09:00
Mortise Monitor,,,failed,False,2026-08-19T21:18:11.999906+09:00
Mortise Nexus,,,failed,False,2026-08-19T21:16:50.838174+09:00
Mortise Note,,,failed,False,2026-08-19T21:04:24.508436+09:00
Mortise Number,,,failed,False,2026-08-23T03:21:28.061139+09:00
Mortise Office,,,failed,False,2026-08-19T21:29:05.227189+09:00
Mortise Ops,,,failed,False,2026-08-19T21:18:46.381283+09:00
Mortise Order,,,failed,False,2026-08-19T21:54:03.410939+09:00
Mortise Outpost,,,failed,False,2026-08-19T21:30:03.373519+09:00
Mortise Overage,,,failed,False,2026-08-27T21:46:54.698818+09:00
Mortise Overdue,,,failed,False,2026-08-27T21:46:49.880048+09:00
Mortise Panel,,,failed,False,2026-08-19T21:15:20.790094+09:00
Mortise Passport,,,failed,False,2026-08-19T21:31:17.357360+09:00
Mortise Path,,,failed,False,2026-08-19T21:12:09.668415+09:00
Mortise Payoff,,,failed,False,2026-08-27T21:46:52.310844+09:00
Mortise Penalty,,,failed,False,2026-08-23T16:38:05.799118+09:00
Mortise Petition,,,failed,False,2026-08-21T00:59:01.913298+09:00
Mortise Plan,,,failed,False,2026-08-21T02:00:06.443014+09:00
Mortise Planner,,,failed,False,2026-08-19T21:17:55.830991+09:00
Mortise Playbook,,,failed,False,2026-08-19T21:19:00.035786+09:00
Mortise Plaza,,,failed,False,2026-08-19T21:30:10.428031+09:00
Mortise Point,,,failed,False,2026-08-19T21:12:22.393942+09:00
Mortise Portal,,,failed,False,2026-08-19T21:14:58.322778+09:00
Mortise Post,,,failed,False,2026-08-19T21:29:55.661249+09:00
Mortise Profile,,,failed,False,2026-08-19T21:04:49.568415+09:00
Mortise Profit,,,failed,False,2026-08-23T02:55:55.232894+09:00
Mortise Proposal,,,failed,False,2026-08-28T01:08:56.786303+09:00
Mortise Queue,,,failed,False,2026-08-19T21:07:58.848698+09:00
Mortise Quota,,,failed,False,2026-08-21T00:35:34.561312+09:00
Mortise Radar,,,failed,False,2026-08-19T21:09:27.813218+09:00
Mortise Rail,,,failed,False,2026-08-19T21:15:54.238919+09:00
Mortise Recap,,,failed,False,2026-08-21T01:00:11.022856+09:00
Mortise Receipt,,,failed,False,2026-08-19T21:54:25.677858+09:00
Mortise Register,,,failed,False,2026-08-19T21:18:34.619237+09:00
Mortise Registry,,,failed,False,2026-08-19T21:19:23.397844+09:00
Mortise Relay,,,failed,False,2026-08-19T21:09:42.547953+09:00
Mortise Reminder,,,failed,False,2026-08-19T21:07:18.151537+09:00
Mortise Report,,,failed,False,2026-08-19T21:32:06.209951+09:00
Mortise Repository,,,failed,False,2026-08-27T23:14:46.468120+09:00
Mortise Ring,,,failed,False,2026-08-19T21:16:25.825046+09:00
Mortise Roll,,,failed,False,2026-08-19T21:31:59.320296+09:00
Mortise Roster,,,failed,False,2026-08-19T21:30:39.077841+09:00
Mortise Route,,,failed,False,2026-08-19T21:15:42.753829+09:00
Mortise Rule,,,failed,False,2026-08-23T03:21:42.958973+09:00
Mortise Sale,,,failed,False,2026-08-21T02:24:14.838617+09:00
Mortise Sample,,,failed,False,2026-08-19T21:55:24.856436+09:00
Mortise Scale,,,failed,False,2026-08-19T21:15:31.407245+09:00
Mortise Scanner,,,failed,False,2026-08-27T23:58:03.075368+09:00
Mortise Scheduler,,,failed,False,2026-08-19T21:18:01.862049+09:00
Mortise Schematic,,,failed,False,2026-08-27T22:28:53.992967+09:00
Mortise Scope,,,failed,False,2026-08-19T21:11:23.723554+09:00
Mortise Score,,,failed,False,2026-08-19T21:04:09.833583+09:00
Mortise Sheet,,,failed,False,2026-08-19T21:03:45.298500+09:00
Mortise Shelf,,,failed,False,2026-08-19T21:30:33.343002+09:00
Mortise Shortfall,,,failed,False,2026-08-27T21:46:57.331452+09:00
Mortise Signal,,,failed,False,2026-08-19T21:11:04.489546+09:00
Mortise Slot,40.0,38.0,success,False,2026-08-19T21:55:34.064895+09:00
Mortise Stake,,,failed,False,2026-08-23T02:56:00.191983+09:00
Mortise Statement,,,failed,False,2026-08-21T00:35:23.760596+09:00
Mortise Station,,,failed,False,2026-08-19T21:14:12.923572+09:00
Mortise Status,,,failed,False,2026-08-19T21:05:02.074506+09:00
Mortise Studio,,,failed,False,2026-08-19T21:13:52.940752+09:00
Mortise Sum,,,failed,False,2026-08-21T02:23:55.522760+09:00
Mortise Summary,,,failed,False,2026-08-19T21:06:56.055921+09:00
Mortise Tab,,,failed,False,2026-08-21T00:35:43.096296+09:00
Mortise Table,30.0,78.0,success,False,2026-08-19T21:54:56.953854+09:00
Mortise Tag,,,failed,False,2026-08-19T21:04:36.711918+09:00
Mortise Tariff,,,failed,False,2026-08-21T02:41:05.925111+09:00
Mortise Tax,,,failed,False,2026-08-21T02:07:41.553019+09:00
Mortise Terminal,,,failed,False,2026-08-19T21:14:23.234492+09:00
Mortise Ticker,,,failed,False,2026-08-19T21:31:33.933839+09:00
Mortise Ticket,,,failed,False,2026-08-19T21:07:49.558493+09:00
Mortise Timeline,,,failed,False,2026-08-19T21:07:06.926428+09:00
Mortise Toll,,,failed,False,2026-08-21T02:40:49.577434+09:00
Mortise Toolbox,,,failed,False,2026-08-28T00:27:03.530965+09:00
Mortise Total,,,failed,False,2026-08-27T23:14:41.720422+09:00
Mortise Tower,,,failed,False,2026-08-19T21:30:24.987558+09:00
Mortise Tracker,,,failed,False,2026-08-19T21:08:40.437861+09:00
Mortise Trail,,,failed,False,2026-08-19T21:16:04.396422+09:00
Mortise Trial,,,failed,False,2026-08-27T21:15:44.469109+09:00
Mortise Unit,,,failed,False,2026-08-21T02:05:51.453888+09:00
Mortise Update,,,failed,False,2026-08-19T21:06:15.149170+09:00
Mortise Value,,,failed,False,2026-08-23T02:55:57.484668+09:00
Mortise Vault,,,failed,False,2026-08-19T21:09:52.138956+09:00
Mortise Version,,,failed,False,2026-08-23T03:21:32.618577+09:00
Mortise View,9900.0,0.0,success,True,2026-08-19T21:05:14.341737+09:00
Mortise Watch,,,failed,False,2026-08-19T21:11:14.866023+09:00
Mortise Wave,,,failed,False,2026-08-19T21:11:58.211530+09:00
Mortise Widget,,,failed,False,2026-08-27T23:14:44.010079+09:00
Mortise Window,,,failed,False,2026-08-19T21:31:52.488938+09:00
Mortise Worksheet,,,failed,False,2026-08-27T22:10:23.604541+09:00
Mortise Workshop,,,failed,False,2026-08-28T00:27:00.787784+09:00
Mortise Yard,,,failed,False,2026-08-19T21:29:42.361641+09:00
Mortise Zone,,,failed,False,2026-08-19T21:14:44.485943+09:00
Move Advance,50.0,49.0,success,False,2026-08-23T16:16:09.972976+09:00
Move Advisory,,,failed,False,2026-08-21T01:05:51.926035+09:00
Move Allowance,,,failed,False,2026-08-21T02:43:19.046773+09:00
Move Analyzer,30.0,10.0,success,False,2026-08-27T23:58:00.506831+09:00
Move Announcement,30.0,55.0,success,False,2026-08-27T23:36:04.672816+09:00
Move Arrears,,,failed,False,2026-08-23T16:16:06.207689+09:00
Move Assistant,1600.0,59.0,success,False,2026-08-19T00:36:40.628841+09:00
Move Atlas,,,failed,False,2026-08-19T00:39:00.049194+09:00
Move Attribute,,,failed,False,2026-08-23T13:08:44.526296+09:00
Move Badge,,,failed,False,2026-08-21T00:33:05.849456+09:00
Move Balance,210.0,3.0,success,False,2026-08-23T13:48:00.316866+09:00
Move Base,590.0,40.0,success,False,2026-08-19T00:38:13.320545+09:00
Move Beacon,,,failed,False,2026-08-19T00:37:44.150276+09:00
Move Bill,40.0,11.0,success,False,2026-08-19T21:58:36.842594+09:00
Move Board,1300.0,71.0,success,False,2026-08-19T00:38:22.287042+09:00
Move Book,4400.0,4.0,success,False,2026-08-19T21:59:23.737982+09:00
Move Bridge,720.0,1.0,success,False,2026-08-19T00:37:50.207260+09:00
Move Brief,10.0,0.0,success,False,2026-08-21T01:05:38.366293+09:00
Move Bulletin,,,failed,False,2026-08-21T01:05:40.713486+09:00
Move Calculator,1900.0,35.0,success,False,2026-08-27T23:36:04.672816+09:00
Move Calendar,170.0,13.0,success,False,2026-08-19T00:37:06.709542+09:00
Move Card,1600.0,100.0,success,False,2026-08-19T13:31:05.950766+09:00
Move Cascade,,,failed,False,2026-08-19T00:37:46.702224+09:00
Move Cash,480.0,6.0,success,False,2026-08-21T02:28:12.321639+09:00
Move Cashback,,,failed,False,2026-08-27T21:18:13.822548+09:00
Move Catalog,10.0,0.0,success,False,2026-08-19T21:16:30.496623+09:00
Move Category,90.0,4.0,success,False,2026-08-23T13:08:42.186526+09:00
Move Center,2900.0,4.0,success,False,2026-08-19T00:38:34.534111+09:00
Move Chain,390.0,5.0,success,False,2026-08-19T00:38:50.428870+09:00
Move Charge,590.0,6.0,success,False,2026-08-21T02:43:07.410836+09:00
Move Check,110.0,3.0,success,False,2026-08-19T13:31:38.491721+09:00
Move Checker,110.0,3.0,success,False,2026-08-27T23:57:57.910775+09:00
Move Checklist,390.0,51.0,success,False,2026-08-19T21:15:37.050210+09:00
Move Circular,,,failed,False,2026-08-21T01:05:53.776527+09:00
Move Code,210.0,7.0,success,False,2026-08-19T21:58:56.766000+09:00
Move Companion,10.0,0.0,success,False,2026-08-19T00:36:50.417664+09:00
Move Compass,320.0,26.0,success,False,2026-08-19T00:37:44.150276+09:00
Move Confirmation,,,failed,False,2026-08-21T01:06:07.369655+09:00
Move Console,50.0,13.0,success,False,2026-08-19T00:38:38.551550+09:00
Move Contribution,,,failed,False,2026-08-23T16:16:03.366904+09:00
Move Core,170.0,0.0,success,False,2026-08-19T00:38:15.765840+09:00
Move Cost,12100.0,58.0,success,False,2026-08-21T02:12:31.205964+09:00
Move Count,1300.0,5.0,success,False,2026-08-27T22:50:03.051342+09:00
Move Counter,260.0,0.0,success,False,2026-08-19T00:37:15.495159+09:00
Move Coupon,40.0,25.0,success,False,2026-08-27T21:18:10.943632+09:00
Move Deal,10.0,0.0,success,False,2026-08-21T01:57:21.062358+09:00
Move Debt,10.0,11.0,success,False,2026-08-21T02:28:00.693334+09:00
Move Deck,320.0,11.0,success,False,2026-08-19T00:38:22.287042+09:00
Move Desk,1900.0,100.0,success,False,2026-08-19T00:37:39.570439+09:00
Move Detail,,,failed,False,2026-08-23T03:22:14.563475+09:00
Move Detector,320.0,27.0,success,False,2026-08-27T23:58:00.506831+09:00
Move Diagram,,,failed,False,2026-08-27T22:13:53.849783+09:00
Move Digest,,,failed,False,2026-08-19T20:44:56.793146+09:00
Move Directory,720.0,0.0,success,False,2026-08-19T00:37:08.393662+09:00
Move Discount,880.0,24.0,success,False,2026-08-23T16:16:00.073730+09:00
Move Dossier,210.0,0.0,success,False,2026-08-21T01:06:12.457382+09:00
Move Downpayment,,,failed,False,2026-08-27T21:49:24.879038+09:00
Move Draft,,,failed,False,2026-08-19T20:45:14.737555+09:00
Move Due,,,failed,False,2026-08-23T15:52:35.720858+09:00
Move Duty,,,failed,False,2026-08-21T02:43:10.515094+09:00
Move Engine,170.0,1.0,success,False,2026-08-19T00:36:38.202359+09:00
Move Entry,,,failed,False,2026-08-21T01:06:23.582625+09:00
Move Estimate,1900.0,35.0,success,False,2026-08-19T21:16:19.911294+09:00
Move Estimator,1900.0,35.0,success,False,2026-08-27T23:57:55.384671+09:00
Move Excerpt,,,failed,False,2026-08-21T01:06:19.538829+09:00
Move Extension,40.0,0.0,success,False,2026-08-23T16:39:47.689837+09:00
Move Fare,,,failed,False,2026-08-21T02:12:39.261551+09:00
Move Fee,390.0,43.0,success,False,2026-08-21T01:57:03.804845+09:00
Move Feed,10.0,0.0,success,False,2026-08-19T20:45:06.240403+09:00
Move Field,30.0,0.0,success,False,2026-08-23T13:08:48.797339+09:00
Move File,2900.0,2.0,success,False,2026-08-19T20:44:26.671038+09:00
Move Finder,90.0,1.0,success,False,2026-08-19T00:37:10.693574+09:00
Move Fine,20.0,0.0,success,False,2026-08-23T02:57:17.363671+09:00
Move Flag,720.0,2.0,success,False,2026-08-21T00:33:48.597432+09:00
Move Flow,1900.0,8.0,success,False,2026-08-19T00:37:37.516387+09:00
Move Forge,10.0,0.0,success,False,2026-08-19T00:37:46.702224+09:00
Move Form,210.0,2.0,success,False,2026-08-19T13:30:57.828554+09:00
Move Format,10.0,0.0,success,False,2026-08-23T13:08:51.704947+09:00
Move Frame,480.0,14.0,success,False,2026-08-19T00:38:10.697868+09:00
Move Fund,30.0,1.0,success,False,2026-08-21T02:28:03.624635+09:00
Move Gate,210.0,46.0,success,False,2026-08-19T00:38:54.065235+09:00
Move Generator,170.0,5.0,success,False,2026-08-27T23:36:10.117910+09:00
Move Giveaway,,,failed,False,2026-08-27T21:18:26.738212+09:00
Move Grade,,,failed,False,2026-08-21T00:33:28.430853+09:00
Move Graph,140.0,1.0,success,False,2026-08-27T22:13:39.158515+09:00
Move Grid,390.0,0.0,success,False,2026-08-19T00:37:59.032888+09:00
Move Guardian,10.0,0.0,success,False,2026-08-28T00:26:47.602211+09:00
Move Helpdesk,,,failed,False,2026-08-27T22:50:03.051342+09:00
Move Helper,14800.0,78.0,success,False,2026-08-28T00:26:50.285916+09:00
Move History,260.0,0.0,success,False,2026-08-19T20:44:16.708983+09:00
Move Hotline,50.0,5.0,success,False,2026-08-19T21:16:41.047984+09:00
Move Hub,8100.0,10.0,success,False,2026-08-19T00:37:37.516387+09:00
Move Identifier,,,failed,False,2026-08-23T13:08:40.061584+09:00
Move Incentive,,,failed,False,2026-08-27T21:18:16.007823+09:00
Move Index,14800.0,1.0,success,False,2026-08-19T21:15:46.366866+09:00
Move Installment,,,failed,False,2026-08-23T16:16:03.366904+09:00
Move Item,1000.0,47.0,success,False,2026-08-21T01:57:08.672731+09:00
Move Journal,,,failed,False,2026-08-19T00:37:02.474717+09:00
Move Keeper,10.0,0.0,success,False,2026-08-19T00:23:43.046041+09:00
Move Kit,880.0,100.0,success,False,2026-08-27T22:50:00.330096+09:00
Move Lab,12100.0,5.0,success,False,2026-08-19T00:38:27.005898+09:00
Move Layout,10.0,0.0,success,False,2026-08-27T22:29:16.006701+09:00
Move Ledger,,,failed,False,2026-08-19T00:38:18.682483+09:00
Move Level,20.0,0.0,success,False,2026-08-19T20:44:32.627645+09:00
Move Link,27100.0,0.0,success,True,2026-08-23T03:22:09.250404+09:00
Move List,2900.0,27.0,success,False,2026-08-19T21:59:04.972402+09:00
Move Loan,1000.0,57.0,success,False,2026-08-21T02:12:43.354957+09:00
Move Log,590.0,8.0,success,False,2026-08-19T13:30:50.408917+09:00
Move Loop,390.0,65.0,success,False,2026-08-19T00:37:59.032888+09:00
Move Manager,480.0,8.0,success,False,2026-08-19T00:36:36.073889+09:00
Move Manual,70.0,0.0,success,False,2026-08-27T22:13:48.271988+09:00
Move Markup,,,failed,False,2026-08-23T16:39:45.505448+09:00
Move Memo,140.0,0.0,success,False,2026-08-21T00:33:37.107629+09:00
Move Message,210.0,24.0,success,False,2026-08-27T23:15:25.030230+09:00
Move Monitor,390.0,82.0,success,False,2026-08-19T00:36:48.669353+09:00
Move Nexus,,,failed,False,2026-08-19T00:38:56.335177+09:00
Move Note,390.0,20.0,success,False,2026-08-19T13:31:50.431005+09:00
Move Notification,40.0,16.0,success,False,2026-08-27T22:49:57.314209+09:00
Move Number,720.0,3.0,success,False,2026-08-23T03:22:01.031781+09:00
Move Office,4400.0,17.0,success,False,2026-08-19T00:37:13.789014+09:00
Move Ops,10.0,4.0,success,False,2026-08-19T00:36:57.137576+09:00
Move Order,880.0,1.0,success,False,2026-08-19T21:58:27.685601+09:00
Move Overage,,,failed,False,2026-08-27T21:49:22.679951+09:00
Move Overdraft,,,failed,False,2026-08-23T15:52:37.821939+09:00
Move Overdue,,,failed,False,2026-08-27T21:49:18.001663+09:00
Move Path,140.0,0.0,success,False,2026-08-19T00:38:02.838044+09:00
Move Payoff,,,failed,False,2026-08-27T21:49:20.358831+09:00
Move Penalty,,,failed,False,2026-08-23T16:39:45.505448+09:00
Move Petition,10.0,43.0,success,False,2026-08-21T01:06:03.967646+09:00
Move Plan,1600.0,32.0,success,False,2026-08-21T01:57:17.630744+09:00
Move Planner,1600.0,32.0,success,False,2026-08-19T00:36:42.974778+09:00
Move Playbook,,,failed,False,2026-08-19T00:37:00.689265+09:00
Move Point,1600.0,7.0,success,False,2026-08-19T00:38:05.344215+09:00
Move Portal,1300.0,1.0,success,False,2026-08-19T00:38:38.551550+09:00
Move Profile,480.0,2.0,success,False,2026-08-19T13:32:09.131651+09:00
Move Profit,10.0,0.0,success,False,2026-08-23T02:57:10.108047+09:00
Move Queue,,,failed,False,2026-08-19T21:16:08.184183+09:00
Move Quota,,,failed,False,2026-08-21T00:33:43.074758+09:00
Move Radar,,,failed,False,2026-08-19T00:37:39.570439+09:00
Move Rail,,,failed,False,2026-08-19T00:38:48.376369+09:00
Move Rate,260.0,30.0,success,False,2026-08-19T20:44:44.192245+09:00
Move Recap,70.0,0.0,success,False,2026-08-21T01:06:16.364943+09:00
Move Receipt,,,failed,False,2026-08-19T21:58:45.118789+09:00
Move Register,1300.0,4.0,success,False,2026-08-19T00:36:52.729176+09:00
Move Relay,20.0,0.0,success,False,2026-08-19T00:37:42.157517+09:00
Move Reminder,1000.0,0.0,success,True,2026-08-19T21:15:25.328836+09:00
Move Report,880.0,1.0,success,False,2026-08-19T13:30:42.478470+09:00
Move Repository,10.0,0.0,success,False,2026-08-27T23:15:33.369822+09:00
Move Result,90.0,0.0,success,False,2026-08-28T00:48:23.790188+09:00
Move Ring,1300.0,38.0,success,False,2026-08-19T00:38:52.130938+09:00
Move Roster,,,failed,False,2026-08-19T00:37:32.560227+09:00
Move Route,,,failed,False,2026-08-19T00:38:45.524694+09:00
Move Rule,60500.0,0.0,success,True,2026-08-23T03:22:11.470893+09:00
Move Sale,3600.0,61.0,success,False,2026-08-21T02:28:15.974883+09:00
Move Sample,10.0,3.0,success,False,2026-08-19T21:59:46.400279+09:00
Move Scale,140.0,46.0,success,False,2026-08-19T00:38:43.028128+09:00
Move Scanner,210.0,44.0,success,False,2026-08-27T23:57:57.910775+09:00
Move Scope,10.0,0.0,success,False,2026-08-19T00:37:55.750406+09:00
Move Score,50.0,0.0,success,False,2026-08-19T13:31:44.608385+09:00
Move Sheet,390.0,100.0,success,False,2026-08-19T13:31:09.832283+09:00
Move Shortfall,,,failed,False,2026-08-27T21:49:27.090308+09:00
Move Signal,10.0,0.0,success,False,2026-08-19T00:37:50.207260+09:00
Move Slip,10.0,33.0,success,False,2026-08-19T21:59:35.883958+09:00
Move Slot,,,failed,False,2026-08-19T21:59:55.438905+09:00
Move Stage,390.0,8.0,success,False,2026-08-28T00:48:23.790188+09:00
Move Stake,10.0,0.0,success,False,2026-08-23T02:57:13.068042+09:00
Move Statement,10.0,0.0,success,False,2026-08-21T00:33:14.863078+09:00
Move Station,1900.0,7.0,success,False,2026-08-19T00:38:30.061657+09:00
Move Status,480.0,0.0,success,False,2026-08-19T20:44:00.282785+09:00
Move Stipend,,,failed,False,2026-08-23T13:48:00.316866+09:00
Move Stub,,,failed,False,2026-08-21T00:33:10.095062+09:00
Move Studio,9900.0,4.0,success,False,2026-08-19T00:38:24.169663+09:00
Move Subsidy,,,failed,False,2026-08-23T15:52:37.821939+09:00
Move Sum,10.0,0.0,success,False,2026-08-21T02:27:57.187073+09:00
Move Summary,20.0,0.0,success,False,2026-08-19T21:15:00.223476+09:00
Move Surtax,,,failed,False,2026-08-23T15:52:40.502270+09:00
Move Tab,720.0,6.0,success,False,2026-08-21T00:33:53.387508+09:00
Move Table,1300.0,100.0,success,False,2026-08-19T21:59:12.539055+09:00
Move Tag,320.0,60.0,success,False,2026-08-19T13:32:02.705004+09:00
Move Tally,,,failed,False,2026-08-21T00:33:20.736767+09:00
Move Tariff,,,failed,False,2026-08-21T02:43:21.598191+09:00
Move Tax,170.0,2.0,success,False,2026-08-21T02:12:39.261551+09:00
Move Terminal,110.0,2.0,success,False,2026-08-19T00:38:32.004718+09:00
Move Ticket,5400.0,7.0,success,False,2026-08-19T21:15:56.084621+09:00
Move Tier,,,failed,False,2026-08-28T00:48:27.212910+09:00
Move Timeline,480.0,11.0,success,False,2026-08-19T21:15:11.193054+09:00
Move Timer,5400.0,5.0,success,False,2026-08-28T00:26:44.575613+09:00
Move Toll,10.0,0.0,success,False,2026-08-21T02:43:16.744782+09:00
Move Toolbox,,,failed,False,2026-08-28T00:26:50.285916+09:00
Move Total,,,failed,False,2026-08-27T23:15:28.257448+09:00
Move Tracker,1900.0,18.0,success,False,2026-08-19T00:37:34.373704+09:00
Move Trail,70.0,13.0,success,False,2026-08-19T00:38:50.428870+09:00
Move Trial,40.0,9.0,success,False,2026-08-27T21:18:16.007823+09:00
Move Unit,480.0,9.0,success,False,2026-08-21T02:05:51.453888+09:00
Move Update,90.0,1.0,success,False,2026-08-19T20:44:50.684915+09:00
Move Vault,320.0,13.0,success,False,2026-08-19T00:37:42.157517+09:00
Move Version,10.0,0.0,success,False,2026-08-23T03:22:03.644415+09:00
Move View,480.0,1.0,success,False,2026-08-19T20:44:05.928260+09:00
Move Voucher,50.0,13.0,success,False,2026-08-21T00:33:01.322590+09:00
Move Wave,140.0,0.0,success,False,2026-08-19T00:38:01.073734+09:00
Move Widget,210.0,0.0,success,False,2026-08-27T23:15:30.690091+09:00
Move Worksheet,40.0,1.0,success,False,2026-08-27T22:13:48.271988+09:00
Move Zone,5400.0,2.0,success,False,2026-08-19T00:38:36.857956+09:00
Mowing Advance,,,failed,False,2026-08-23T16:12:05.670450+09:00
Mowing Advisory,,,failed,False,2026-08-21T00:59:17.321844+09:00
Mowing Allowance,,,failed,False,2026-08-21T02:42:09.091272+09:00
Mowing Almanac,,,failed,False,2026-08-18T22:07:21.490302+09:00
Mowing Analyzer,,,failed,False,2026-08-27T23:56:32.424799+09:00
Mowing Anchor,,,failed,False,2026-08-17T23:12:20.668668+09:00
Mowing Arrears,,,failed,False,2026-08-23T16:12:01.471109+09:00
Mowing Assistant,,,failed,False,2026-08-17T23:13:01.440927+09:00
Mowing Atlas,,,failed,False,2026-08-17T23:04:09.987003+09:00
Mowing Badge,,,failed,False,2026-08-21T00:35:57.334663+09:00
Mowing Balance,,,failed,False,2026-08-23T13:48:38.413472+09:00
Mowing Base,,,failed,False,2026-08-17T23:12:02.312580+09:00
Mowing Beacon,,,failed,False,2026-08-17T23:10:45.795183+09:00
Mowing Bill,,,failed,False,2026-08-19T21:58:05.672882+09:00
Mowing Blueprint,,,failed,False,2026-08-18T22:07:12.146632+09:00
Mowing Board,,,failed,False,2026-08-17T23:27:03.515384+09:00
Mowing Book,,,failed,False,2026-08-19T21:58:51.076600+09:00
Mowing Bridge,,,failed,False,2026-08-17T23:24:15.710246+09:00
Mowing Brief,,,failed,False,2026-08-21T00:59:08.363801+09:00
Mowing Bulletin,,,failed,False,2026-08-21T00:59:03.951352+09:00
Mowing Calculator,480.0,1.0,success,False,2026-08-27T23:34:44.753648+09:00
Mowing Calendar,10.0,5.0,success,False,2026-08-19T00:01:35.413805+09:00
Mowing Card,,,failed,False,2026-08-19T13:33:05.427843+09:00
Mowing Cascade,,,failed,False,2026-08-17T23:05:11.266926+09:00
Mowing Cash,,,failed,False,2026-08-21T02:25:50.623607+09:00
Mowing Cashback,,,failed,False,2026-08-27T21:14:58.792070+09:00
Mowing Catalog,,,failed,False,2026-08-19T21:12:05.902513+09:00
Mowing Center,,,failed,False,2026-08-17T23:27:47.140187+09:00
Mowing Chain,,,failed,False,2026-08-17T23:29:29.429883+09:00
Mowing Charge,,,failed,False,2026-08-21T02:41:56.534428+09:00
Mowing Check,,,failed,False,2026-08-19T13:33:39.488989+09:00
Mowing Checker,,,failed,False,2026-08-27T23:56:27.794878+09:00
Mowing Checklist,,,failed,False,2026-08-19T21:11:11.315009+09:00
Mowing Circular,,,failed,False,2026-08-21T01:00:11.022856+09:00
Mowing Cockpit,,,failed,False,2026-08-17T23:31:54.862824+09:00
Mowing Code,,,failed,False,2026-08-19T21:58:24.385772+09:00
Mowing Codex,,,failed,False,2026-08-18T22:07:38.070107+09:00
Mowing Companion,,,failed,False,2026-08-17T23:11:05.439479+09:00
Mowing Comparison,,,failed,False,2026-08-28T01:07:19.474773+09:00
Mowing Compass,,,failed,False,2026-08-17T23:23:39.258674+09:00
Mowing Compendium,,,failed,False,2026-08-18T22:07:30.618042+09:00
Mowing Confirmation,,,failed,False,2026-08-21T00:59:34.151010+09:00
Mowing Console,,,failed,False,2026-08-17T23:04:25.350258+09:00
Mowing Contribution,,,failed,False,2026-08-23T16:12:01.471109+09:00
Mowing Core,,,failed,False,2026-08-17T23:26:46.063928+09:00
Mowing Cost,170.0,23.0,success,False,2026-08-21T02:09:26.864571+09:00
Mowing Count,,,failed,False,2026-08-27T22:47:53.351609+09:00
Mowing Counter,,,failed,False,2026-08-19T00:02:21.603583+09:00
Mowing Coupon,,,failed,False,2026-08-27T21:14:58.792070+09:00
Mowing Dashboard,,,failed,False,2026-08-17T23:03:51.188489+09:00
Mowing Deal,,,failed,False,2026-08-21T01:52:37.407034+09:00
Mowing Debt,,,failed,False,2026-08-21T02:25:44.046093+09:00
Mowing Deck,170.0,49.0,success,False,2026-08-17T23:13:41.173741+09:00
Mowing Depot,,,failed,False,2026-08-19T00:02:06.599822+09:00
Mowing Desk,,,failed,False,2026-08-17T23:33:22.514665+09:00
Mowing Detail,,,failed,False,2026-08-23T03:22:22.094995+09:00
Mowing Detector,,,failed,False,2026-08-27T23:56:30.078148+09:00
Mowing Dial,,,failed,False,2026-08-17T23:11:44.690517+09:00
Mowing Digest,,,failed,False,2026-08-19T20:37:54.785730+09:00
Mowing Directory,,,failed,False,2026-08-19T00:01:43.287513+09:00
Mowing Discount,,,failed,False,2026-08-23T16:11:56.492802+09:00
Mowing Dock,,,failed,False,2026-08-17T23:13:20.544847+09:00
Mowing Dossier,,,failed,False,2026-08-21T00:59:38.385269+09:00
Mowing Draft,,,failed,False,2026-08-19T20:38:10.418620+09:00
Mowing Due,,,failed,False,2026-08-23T15:50:26.316180+09:00
Mowing Duty,,,failed,False,2026-08-21T02:41:59.910977+09:00
Mowing Engine,,,failed,False,2026-08-17T23:30:45.182553+09:00
Mowing Entry,,,failed,False,2026-08-21T00:59:50.492128+09:00
Mowing Estimate,20.0,44.0,success,False,2026-08-19T21:11:53.117390+09:00
Mowing Estimator,10.0,13.0,success,False,2026-08-27T23:56:25.215119+09:00
Mowing Excerpt,,,failed,False,2026-08-21T01:01:55.292277+09:00
Mowing Extension,,,failed,False,2026-08-23T16:37:47.617319+09:00
Mowing Fare,,,failed,False,2026-08-21T02:09:35.775353+09:00
Mowing Fee,,,failed,False,2026-08-21T01:52:16.580435+09:00
Mowing Feed,,,failed,False,2026-08-19T20:38:03.591827+09:00
Mowing File,,,failed,False,2026-08-19T20:37:22.627194+09:00
Mowing Finder,,,failed,False,2026-08-19T00:01:57.884072+09:00
Mowing Fine,,,failed,False,2026-08-23T02:56:45.800075+09:00
Mowing Flag,,,failed,False,2026-08-21T00:36:28.428699+09:00
Mowing Flow,,,failed,False,2026-08-17T23:07:26.971457+09:00
Mowing Forge,,,failed,False,2026-08-17T23:23:55.589084+09:00
Mowing Form,,,failed,False,2026-08-19T13:32:55.447680+09:00
Mowing Frame,,,failed,False,2026-08-17T23:26:34.514876+09:00
Mowing Fund,,,failed,False,2026-08-21T02:25:47.031494+09:00
Mowing Gate,,,failed,False,2026-08-17T23:09:50.041087+09:00
Mowing Giveaway,,,failed,False,2026-08-27T21:15:06.762141+09:00
Mowing Grade,,,failed,False,2026-08-21T00:36:16.111706+09:00
Mowing Grid,,,failed,False,2026-08-17T23:25:26.285868+09:00
Mowing Guarantee,,,failed,False,2026-08-28T01:07:24.727084+09:00
Mowing Guard,,,failed,False,2026-08-17T23:32:47.059992+09:00
Mowing Guidebook,,,failed,False,2026-08-18T22:06:56.515623+09:00
Mowing Helpdesk,,,failed,False,2026-08-27T22:47:56.654242+09:00
Mowing Helper,,,failed,False,2026-08-28T00:25:51.267385+09:00
Mowing History,,,failed,False,2026-08-19T20:49:38.357241+09:00
Mowing Hotline,,,failed,False,2026-08-19T21:12:17.710681+09:00
Mowing Hub,,,failed,False,2026-08-17T23:33:11.202195+09:00
Mowing Identifier,,,failed,False,2026-08-23T13:09:17.043261+09:00
Mowing Incentive,,,failed,False,2026-08-27T21:15:06.762141+09:00
Mowing Index,,,failed,False,2026-08-19T21:11:19.546080+09:00
Mowing Insight,,,failed,False,2026-08-17T23:31:42.326204+09:00
Mowing Installment,,,failed,False,2026-08-23T16:11:58.973572+09:00
Mowing Item,,,failed,False,2026-08-21T01:52:23.674188+09:00
Mowing Journal,,,failed,False,2026-08-18T22:06:39.446315+09:00
Mowing Keeper,,,failed,False,2026-08-17T23:11:23.614440+09:00
Mowing Kit,110.0,100.0,success,False,2026-08-27T22:47:50.980247+09:00
Mowing Lab,,,failed,False,2026-08-17T23:08:25.865498+09:00
Mowing Ledger,,,failed,False,2026-08-17T23:06:41.076830+09:00
Mowing Lens,,,failed,False,2026-08-17T23:04:48.646277+09:00
Mowing Level,,,failed,False,2026-08-19T20:37:31.186118+09:00
Mowing Link,,,failed,False,2026-08-23T03:22:14.563475+09:00
Mowing List,10.0,14.0,success,False,2026-08-19T21:58:32.626205+09:00
Mowing Loan,1900.0,100.0,success,False,2026-08-21T02:09:44.145059+09:00
Mowing Locator,,,failed,False,2026-08-19T00:01:49.817235+09:00
Mowing Lock,,,failed,False,2026-08-17T23:10:28.342550+09:00
Mowing Log,,,failed,False,2026-08-19T13:32:47.690424+09:00
Mowing Loop,,,failed,False,2026-08-17T23:14:01.287138+09:00
Mowing Manager,,,failed,False,2026-08-17T23:30:30.158673+09:00
Mowing Map,20.0,0.0,success,False,2026-08-17T23:26:20.273293+09:00
Mowing Margin,,,failed,False,2026-08-23T02:56:43.732981+09:00
Mowing Markup,,,failed,False,2026-08-23T16:37:45.266937+09:00
Mowing Memo,,,failed,False,2026-08-21T00:36:21.244854+09:00
Mowing Message,,,failed,False,2026-08-27T23:13:13.331600+09:00
Mowing Meter,,,failed,False,2026-08-17T23:28:34.893276+09:00
Mowing Metrics,,,failed,False,2026-08-17T23:09:27.800960+09:00
Mowing Monitor,,,failed,False,2026-08-17T23:14:41.375835+09:00
Mowing Navigator,,,failed,False,2026-08-17T23:32:18.106895+09:00
Mowing Nexus,,,failed,False,2026-08-17T23:30:01.630713+09:00
Mowing Node,,,failed,False,2026-08-17T23:29:43.400125+09:00
Mowing Note,,,failed,False,2026-08-19T13:33:51.668880+09:00
Mowing Notification,,,failed,False,2026-08-27T22:47:50.980247+09:00
Mowing Number,,,failed,False,2026-08-23T03:22:06.290002+09:00
Mowing Office,,,failed,False,2026-08-19T00:02:15.189621+09:00
Mowing Ops,,,failed,False,2026-08-17T23:05:34.845009+09:00
Mowing Order,,,failed,False,2026-08-19T21:57:53.749303+09:00
Mowing Organizer,,,failed,False,2026-08-17T23:31:23.198788+09:00
Mowing Overdue,,,failed,False,2026-08-27T21:46:34.931324+09:00
Mowing Panel,,,failed,False,2026-08-17T23:28:13.719643+09:00
Mowing Pass,,,failed,False,2026-08-21T00:35:46.572141+09:00
Mowing Path,,,failed,False,2026-08-17T23:15:32.901211+09:00
Mowing Penalty,,,failed,False,2026-08-23T16:37:45.266937+09:00
Mowing Petition,,,failed,False,2026-08-21T00:59:30.115655+09:00
Mowing Pilot,,,failed,False,2026-08-17T23:14:22.352504+09:00
Mowing Plan,10.0,9.0,success,False,2026-08-21T02:05:51.453888+09:00
Mowing Planner,,,failed,False,2026-08-17T23:31:05.763784+09:00
Mowing Playbook,,,failed,False,2026-08-18T22:06:29.857370+09:00
Mowing Point,,,failed,False,2026-08-17T23:26:04.596222+09:00
Mowing Portal,,,failed,False,2026-08-17T23:28:01.386512+09:00
Mowing Preview,,,failed,False,2026-08-28T01:07:19.474773+09:00
Mowing Profile,,,failed,False,2026-08-19T13:34:03.969558+09:00
Mowing Profit,,,failed,False,2026-08-23T02:56:32.879910+09:00
Mowing Proposal,10.0,,success,False,2026-08-28T01:07:22.099845+09:00
Mowing Pulse,,,failed,False,2026-08-17T23:08:46.290392+09:00
Mowing Queue,,,failed,False,2026-08-19T21:11:41.705907+09:00
Mowing Quota,,,failed,False,2026-08-21T00:36:26.230021+09:00
Mowing Radar,,,failed,False,2026-08-17T23:09:05.527725+09:00
Mowing Rail,,,failed,False,2026-08-17T23:29:09.953642+09:00
Mowing Rate,,,failed,False,2026-08-19T20:37:40.051699+09:00
Mowing Recap,,,failed,False,2026-08-21T00:59:43.831495+09:00
Mowing Receipt,,,failed,False,2026-08-19T21:58:14.220154+09:00
Mowing Recorder,,,failed,False,2026-08-27T23:34:49.517197+09:00
Mowing Register,,,failed,False,2026-08-17T23:32:31.687734+09:00
Mowing Registry,,,failed,False,2026-08-18T22:07:05.348378+09:00
Mowing Relay,,,failed,False,2026-08-17T23:33:40.972373+09:00
Mowing Reminder,,,failed,False,2026-08-19T21:11:00.361566+09:00
Mowing Report,,,failed,False,2026-08-19T13:32:42.417252+09:00
Mowing Repository,,,failed,False,2026-08-27T23:13:21.065060+09:00
Mowing Roadmap,,,failed,False,2026-08-18T22:07:47.344279+09:00
Mowing Roster,,,failed,False,2026-08-19T00:37:44.150276+09:00
Mowing Route,,,failed,False,2026-08-17T23:28:52.290735+09:00
Mowing Rule,,,failed,False,2026-08-23T03:22:18.461537+09:00
Mowing Sale,8100.0,100.0,success,False,2026-08-21T02:25:53.601509+09:00
Mowing Scale,,,failed,False,2026-08-17T23:06:20.939022+09:00
Mowing Scanner,,,failed,False,2026-08-27T23:56:27.794878+09:00
Mowing Scheduler,,,failed,False,2026-08-17T23:07:43.866571+09:00
Mowing Scope,,,failed,False,2026-08-17T23:24:56.223636+09:00
Mowing Score,,,failed,False,2026-08-19T13:33:44.098374+09:00
Mowing Sentry,,,failed,False,2026-08-17T23:30:14.406427+09:00
Mowing Sheet,,,failed,False,2026-08-19T13:33:13.480936+09:00
Mowing Signal,,,failed,False,2026-08-17T23:24:36.078713+09:00
Mowing Slip,,,failed,False,2026-08-19T21:58:59.534733+09:00
Mowing Slot,,,failed,False,2026-08-19T21:59:15.845213+09:00
Mowing Snapshot,,,failed,False,2026-08-18T22:06:47.457116+09:00
Mowing Stake,,,failed,False,2026-08-23T02:56:38.023044+09:00
Mowing Statement,,,failed,False,2026-08-21T00:36:08.674469+09:00
Mowing Station,,,failed,False,2026-08-17T23:27:32.625137+09:00
Mowing Status,,,failed,False,2026-08-19T20:49:25.973595+09:00
Mowing Stipend,,,failed,False,2026-08-23T13:45:20.654502+09:00
Mowing Streak,,,failed,False,2026-08-28T00:48:05.704808+09:00
Mowing Stub,,,failed,False,2026-08-21T00:36:02.867452+09:00
Mowing Studio,,,failed,False,2026-08-17T23:27:17.370245+09:00
Mowing Suite,,,failed,False,2026-08-17T23:05:59.212452+09:00
Mowing Sum,,,failed,False,2026-08-21T02:25:39.755040+09:00
Mowing Summary,10.0,0.0,success,False,2026-08-19T21:10:34.981799+09:00
Mowing Surtax,,,failed,False,2026-08-23T15:50:28.386707+09:00
Mowing Sync,,,failed,False,2026-08-17T23:32:58.780092+09:00
Mowing Tab,,,failed,False,2026-08-21T00:36:33.618056+09:00
Mowing Table,,,failed,False,2026-08-19T21:58:39.226398+09:00
Mowing Tag,,,failed,False,2026-08-19T13:33:57.418081+09:00
Mowing Tally,,,failed,False,2026-08-21T00:36:14.044141+09:00
Mowing Tariff,,,failed,False,2026-08-21T02:42:11.511377+09:00
Mowing Tax,,,failed,False,2026-08-21T02:09:39.165114+09:00
Mowing Ticket,,,failed,False,2026-08-19T21:11:29.135916+09:00
Mowing Timeline,,,failed,False,2026-08-19T21:10:46.722805+09:00
Mowing Timer,,,failed,False,2026-08-28T00:25:44.811086+09:00
Mowing Toll,,,failed,False,2026-08-21T02:42:02.551252+09:00
Mowing Toolbox,,,failed,False,2026-08-28T00:25:51.267385+09:00
Mowing Toolkit,,,failed,False,2026-08-18T22:06:20.125556+09:00
Mowing Total,,,failed,False,2026-08-27T23:13:16.008786+09:00
Mowing Tracker,20.0,19.0,success,False,2026-08-17T23:12:38.430162+09:00
Mowing Trail,,,failed,False,2026-08-17T23:08:04.686791+09:00
Mowing Trend,,,failed,False,2026-08-28T01:07:16.006245+09:00
Mowing Trial,,,failed,False,2026-08-27T21:15:01.645543+09:00
Mowing Unit,,,failed,False,2026-08-21T01:52:27.177299+09:00
Mowing Update,,,failed,False,2026-08-19T20:37:47.819235+09:00
Mowing Value,,,failed,False,2026-08-23T02:56:35.195472+09:00
Mowing Vault,,,failed,False,2026-08-17T23:03:34.150622+09:00
Mowing Version,,,failed,False,2026-08-23T03:22:09.250404+09:00
Mowing View,,,failed,False,2026-08-19T20:49:32.682801+09:00
Mowing Voucher,,,failed,False,2026-08-21T00:35:52.521460+09:00
Mowing Watch,,,failed,False,2026-08-17T23:07:02.817989+09:00
Mowing Wave,,,failed,False,2026-08-17T23:25:50.019139+09:00
Mowing Widget,,,failed,False,2026-08-27T23:13:18.509120+09:00
Mowing Workbench,,,failed,False,2026-08-18T22:06:09.670880+09:00
Mowing Worksheet,,,failed,False,2026-08-27T22:09:18.738684+09:00
Mowing Workshop,,,failed,False,2026-08-28T00:25:48.742639+09:00
Mowing Zone,,,failed,False,2026-08-17T23:10:06.483021+09:00
Multilingual Advisory,,,failed,False,2026-08-21T01:04:11.301899+09:00
Multilingual Alert,,,failed,False,2026-08-19T21:11:44.619551+09:00
Multilingual Allowance,,,failed,False,2026-08-21T02:36:47.930212+09:00
Multilingual Analyzer,,,failed,False,2026-08-27T23:52:42.913738+09:00
Multilingual Announcement,,,failed,False,2026-08-27T23:32:36.959010+09:00
Multilingual Arrears,,,failed,False,2026-08-23T16:15:54.401659+09:00
Multilingual Asset,,,failed,False,2026-08-23T13:47:18.876098+09:00
Multilingual Assistant,10.0,4.0,success,False,2026-08-19T21:06:25.471396+09:00
Multilingual Atlas,,,failed,False,2026-08-19T21:05:37.228592+09:00
Multilingual Attribute,,,failed,False,2026-08-23T13:06:36.915804+09:00
Multilingual Badge,,,failed,False,2026-08-21T00:28:49.114338+09:00
Multilingual Base,,,failed,False,2026-08-19T21:30:51.810974+09:00
Multilingual Beacon,,,failed,False,2026-08-19T21:29:10.316262+09:00
Multilingual Bill,,,failed,False,2026-08-19T22:04:42.218437+09:00
Multilingual Board,,,failed,False,2026-08-19T21:31:14.747264+09:00
Multilingual Book,90.0,30.0,success,False,2026-08-19T22:05:38.259870+09:00
Multilingual Booth,,,failed,False,2026-08-19T21:09:25.998389+09:00
Multilingual Bridge,,,failed,False,2026-08-19T21:29:30.457441+09:00
Multilingual Brief,,,failed,False,2026-08-21T01:04:00.035751+09:00
Multilingual Bulletin,,,failed,False,2026-08-21T01:03:56.741736+09:00
Multilingual Calendar,10.0,17.0,success,False,2026-08-19T21:08:05.171033+09:00
Multilingual Card,,,failed,False,2026-08-19T21:13:59.350184+09:00
Multilingual Cascade,,,failed,False,2026-08-19T21:29:24.641827+09:00
Multilingual Cash,,,failed,False,2026-08-21T02:30:05.549953+09:00
Multilingual Cashback,,,failed,False,2026-08-27T21:19:08.961232+09:00
Multilingual Catalog,,,failed,False,2026-08-19T21:18:32.816387+09:00
Multilingual Category,,,failed,False,2026-08-23T13:06:33.832553+09:00
Multilingual Center,50.0,0.0,success,False,2026-08-19T21:32:03.032645+09:00
Multilingual Chain,,,failed,False,2026-08-19T21:04:47.167430+09:00
Multilingual Charge,,,failed,False,2026-08-21T02:36:33.361411+09:00
Multilingual Chart,20.0,0.0,success,False,2026-08-19T21:11:55.349483+09:00
Multilingual Check,,,failed,False,2026-08-19T21:14:19.651241+09:00
Multilingual Checker,,,failed,False,2026-08-27T23:52:32.506891+09:00
Multilingual Checklist,,,failed,False,2026-08-19T21:17:45.288805+09:00
Multilingual Circular,,,failed,False,2026-08-21T01:04:04.572867+09:00
Multilingual Code,,,failed,False,2026-08-19T22:05:04.840486+09:00
Multilingual Companion,,,failed,False,2026-08-19T21:07:04.594270+09:00
Multilingual Confirmation,,,failed,False,2026-08-21T01:04:22.356565+09:00
Multilingual Console,,,failed,False,2026-08-19T21:03:27.831086+09:00
Multilingual Converter,,,failed,False,2026-08-27T23:32:42.762901+09:00
Multilingual Cost,,,failed,False,2026-08-21T02:13:09.073610+09:00
Multilingual Counter,,,failed,False,2026-08-19T21:09:00.850536+09:00
Multilingual Coupon,,,failed,False,2026-08-27T21:19:05.213789+09:00
Multilingual Deal,,,failed,False,2026-08-21T01:56:59.891240+09:00
Multilingual Debt,,,failed,False,2026-08-21T02:29:56.209810+09:00
Multilingual Deck,,,failed,False,2026-08-19T21:31:23.417988+09:00
Multilingual Desk,,,failed,False,2026-08-19T21:19:32.635751+09:00
Multilingual Detail,,,failed,False,2026-08-23T03:17:13.101010+09:00
Multilingual Detector,,,failed,False,2026-08-27T23:52:37.462117+09:00
Multilingual Digest,,,failed,False,2026-08-19T21:16:33.965835+09:00
Multilingual Directory,10.0,0.0,success,False,2026-08-19T21:08:15.358718+09:00
Multilingual Discount,,,failed,False,2026-08-23T16:15:50.711564+09:00
Multilingual Dossier,,,failed,False,2026-08-21T01:04:28.874460+09:00
Multilingual Downpayment,,,failed,False,2026-08-27T21:50:04.473862+09:00
Multilingual Draft,,,failed,False,2026-08-19T21:16:59.496910+09:00
Multilingual Duty,,,failed,False,2026-08-21T02:36:41.492996+09:00
Multilingual Engine,,,failed,False,2026-08-19T21:06:13.197757+09:00
Multilingual Entry,,,failed,False,2026-08-21T01:05:18.575555+09:00
Multilingual Estimate,,,failed,False,2026-08-19T21:18:19.882315+09:00
Multilingual Excerpt,,,failed,False,2026-08-21T01:04:45.668721+09:00
Multilingual Fare,,,failed,False,2026-08-21T02:13:20.223987+09:00
Multilingual Fee,,,failed,False,2026-08-21T01:56:46.597919+09:00
Multilingual Feed,,,failed,False,2026-08-19T21:16:46.731573+09:00
Multilingual Field,,,failed,False,2026-08-23T13:06:38.895978+09:00
Multilingual File,10.0,6.0,success,False,2026-08-19T21:15:49.735937+09:00
Multilingual Finder,,,failed,False,2026-08-19T21:08:37.744349+09:00
Multilingual Flag,,,failed,False,2026-08-21T00:29:39.530878+09:00
Multilingual Flow,,,failed,False,2026-08-19T21:19:09.949699+09:00
Multilingual Forge,,,failed,False,2026-08-19T21:29:16.026683+09:00
Multilingual Form,50.0,3.0,success,False,2026-08-19T21:13:48.359259+09:00
Multilingual Format,,,failed,False,2026-08-23T13:06:41.923671+09:00
Multilingual Frame,,,failed,False,2026-08-19T21:30:42.715680+09:00
Multilingual Fund,,,failed,False,2026-08-21T02:30:00.318623+09:00
Multilingual Gate,,,failed,False,2026-08-19T21:05:12.493876+09:00
Multilingual Generator,,,failed,False,2026-08-27T23:32:42.762901+09:00
Multilingual Giveaway,,,failed,False,2026-08-27T21:19:13.437251+09:00
Multilingual Grade,,,failed,False,2026-08-21T00:29:18.901587+09:00
Multilingual Grid,,,failed,False,2026-08-19T21:30:07.251599+09:00
Multilingual Helpdesk,30.0,9.0,success,False,2026-08-27T22:44:19.444390+09:00
Multilingual Helper,,,failed,False,2026-08-28T00:23:05.201958+09:00
Multilingual History,,,failed,False,2026-08-19T21:15:40.357740+09:00
Multilingual Hotline,,,failed,False,2026-08-19T21:18:42.622010+09:00
Multilingual Hub,140.0,0.0,success,False,2026-08-19T21:19:21.338240+09:00
Multilingual Identifier,,,failed,False,2026-08-23T13:06:31.775349+09:00
Multilingual Inbox,,,failed,False,2026-08-19T21:11:31.992305+09:00
Multilingual Incentive,,,failed,False,2026-08-27T21:19:11.248734+09:00
Multilingual Index,10.0,0.0,success,False,2026-08-19T21:17:51.663250+09:00
Multilingual Installment,,,failed,False,2026-08-23T16:15:50.711564+09:00
Multilingual Interest,,,failed,False,2026-08-23T13:47:15.992604+09:00
Multilingual Item,,,failed,False,2026-08-21T01:56:48.479807+09:00
Multilingual Journal,170.0,1.0,success,False,2026-08-19T21:07:47.829296+09:00
Multilingual Keeper,,,failed,False,2026-08-19T21:05:49.435162+09:00
Multilingual Kiosk,10.0,0.0,success,False,2026-08-19T21:09:40.471721+09:00
Multilingual Kit,,,failed,False,2026-08-27T22:44:11.984469+09:00
Multilingual Lab,,,failed,False,2026-08-19T21:31:40.381854+09:00
Multilingual Ledger,,,failed,False,2026-08-19T21:31:09.123245+09:00
Multilingual Level,,,failed,False,2026-08-19T21:16:02.434865+09:00
Multilingual Levy,,,failed,False,2026-08-23T13:47:18.876098+09:00
Multilingual Line,,,failed,False,2026-08-19T21:12:48.974552+09:00
Multilingual Link,10.0,5.0,success,False,2026-08-23T03:17:02.268689+09:00
Multilingual List,,,failed,False,2026-08-19T22:05:19.679261+09:00
Multilingual Loan,,,failed,False,2026-08-21T02:13:28.177261+09:00
Multilingual Lobby,,,failed,False,2026-08-19T21:12:30.069108+09:00
Multilingual Locator,,,failed,False,2026-08-19T21:08:25.447867+09:00
Multilingual Locker,,,failed,False,2026-08-19T21:09:13.421479+09:00
Multilingual Log,,,failed,False,2026-08-19T21:13:36.060170+09:00
Multilingual Loop,,,failed,False,2026-08-19T21:29:59.646453+09:00
Multilingual Manager,10.0,0.0,success,False,2026-08-19T21:06:02.010882+09:00
Multilingual Map,,,failed,False,2026-08-19T21:30:36.862882+09:00
Multilingual Margin,,,failed,False,2026-08-23T02:53:08.936462+09:00
Multilingual Memo,,,failed,False,2026-08-21T00:29:24.926650+09:00
Multilingual Monitor,,,failed,False,2026-08-19T21:06:52.977513+09:00
Multilingual Nexus,,,failed,False,2026-08-19T21:05:24.897505+09:00
Multilingual Note,,,failed,False,2026-08-19T21:14:40.806707+09:00
Multilingual Notification,,,failed,False,2026-08-27T22:44:08.062899+09:00
Multilingual Number,,,failed,False,2026-08-23T03:16:51.782987+09:00
Multilingual Office,20.0,7.0,success,False,2026-08-19T21:08:48.624997+09:00
Multilingual Ops,,,failed,False,2026-08-19T21:07:27.526395+09:00
Multilingual Order,,,failed,False,2026-08-19T22:04:30.317454+09:00
Multilingual Overage,,,failed,False,2026-08-27T21:50:04.473862+09:00
Multilingual Overdue,,,failed,False,2026-08-27T21:49:57.609346+09:00
Multilingual Panel,,,failed,False,2026-08-19T21:03:41.880915+09:00
Multilingual Pass,,,failed,False,2026-08-21T00:28:35.603528+09:00
Multilingual Passport,,,failed,False,2026-08-19T21:12:20.631006+09:00
Multilingual Path,,,failed,False,2026-08-19T21:30:22.896569+09:00
Multilingual Payoff,,,failed,False,2026-08-27T21:50:02.290136+09:00
Multilingual Petition,,,failed,False,2026-08-21T01:04:18.102523+09:00
Multilingual Plan,,,failed,False,2026-08-21T01:56:55.992066+09:00
Multilingual Planner,,,failed,False,2026-08-19T21:06:35.637376+09:00
Multilingual Playbook,,,failed,False,2026-08-19T21:07:36.739108+09:00
Multilingual Point,,,failed,False,2026-08-19T21:30:28.519556+09:00
Multilingual Portal,10.0,0.0,success,False,2026-08-19T21:32:21.399233+09:00
Multilingual Post,,,failed,False,2026-08-19T21:10:18.944671+09:00
Multilingual Profile,,,failed,False,2026-08-19T21:15:06.542256+09:00
Multilingual Profit,,,failed,False,2026-08-23T02:52:59.926815+09:00
Multilingual Queue,,,failed,False,2026-08-19T21:18:08.963564+09:00
Multilingual Quota,,,failed,False,2026-08-21T00:29:32.816021+09:00
Multilingual Radar,,,failed,False,2026-08-19T21:19:44.972350+09:00
Multilingual Rail,,,failed,False,2026-08-19T21:04:19.743151+09:00
Multilingual Rate,,,failed,False,2026-08-19T21:16:11.566322+09:00
Multilingual Recap,,,failed,False,2026-08-21T01:05:11.632109+09:00
Multilingual Receipt,,,failed,False,2026-08-19T22:04:53.715623+09:00
Multilingual Recorder,,,failed,False,2026-08-27T23:32:47.063702+09:00
Multilingual Register,,,failed,False,2026-08-19T21:07:16.203533+09:00
Multilingual Registry,,,failed,False,2026-08-19T21:07:57.029357+09:00
Multilingual Relay,,,failed,False,2026-08-19T21:19:54.949155+09:00
Multilingual Reminder,,,failed,False,2026-08-19T21:17:33.160544+09:00
Multilingual Report,,,failed,False,2026-08-19T21:13:25.403661+09:00
Multilingual Repository,,,failed,False,2026-08-27T23:10:24.868971+09:00
Multilingual Ring,,,failed,False,2026-08-19T21:04:59.839669+09:00
Multilingual Roster,,,failed,False,2026-08-19T21:11:21.991848+09:00
Multilingual Route,,,failed,False,2026-08-19T21:04:08.048540+09:00
Multilingual Rule,,,failed,False,2026-08-23T03:17:04.760167+09:00
Multilingual Sale,,,failed,False,2026-08-21T02:30:08.779542+09:00
Multilingual Sample,,,failed,False,2026-08-19T22:05:58.265751+09:00
Multilingual Scale,,,failed,False,2026-08-19T21:03:55.204280+09:00
Multilingual Scanner,,,failed,False,2026-08-27T23:52:35.044281+09:00
Multilingual Scheduler,,,failed,False,2026-08-19T21:06:44.412093+09:00
Multilingual Scope,,,failed,False,2026-08-19T21:29:53.324584+09:00
Multilingual Score,,,failed,False,2026-08-19T21:14:29.704334+09:00
Multilingual Sheet,,,failed,False,2026-08-19T21:14:09.280828+09:00
Multilingual Shortfall,,,failed,False,2026-08-27T21:50:06.831063+09:00
Multilingual Signal,,,failed,False,2026-08-19T21:29:38.081788+09:00
Multilingual Slip,,,failed,False,2026-08-19T22:05:48.495667+09:00
Multilingual Slot,,,failed,False,2026-08-19T22:06:07.056181+09:00
Multilingual Statement,,,failed,False,2026-08-21T00:29:05.314041+09:00
Multilingual Station,,,failed,False,2026-08-19T21:31:50.558670+09:00
Multilingual Status,,,failed,False,2026-08-19T21:15:19.107238+09:00
Multilingual Stipend,,,failed,False,2026-08-23T13:47:23.462533+09:00
Multilingual Stub,,,failed,False,2026-08-21T00:28:59.306676+09:00
Multilingual Studio,,,failed,False,2026-08-19T21:31:31.502788+09:00
Multilingual Subsidy,,,failed,False,2026-08-23T15:52:20.216125+09:00
Multilingual Sum,,,failed,False,2026-08-21T02:29:53.730886+09:00
Multilingual Summary,,,failed,False,2026-08-19T21:17:13.210771+09:00
Multilingual Tab,,,failed,False,2026-08-21T00:29:47.975164+09:00
Multilingual Table,,,failed,False,2026-08-19T22:05:28.406409+09:00
Multilingual Tag,,,failed,False,2026-08-19T21:14:51.947092+09:00
Multilingual Tally,,,failed,False,2026-08-21T00:29:13.109702+09:00
Multilingual Tariff,,,failed,False,2026-08-21T02:36:50.213443+09:00
Multilingual Tax,,,failed,False,2026-08-21T02:13:25.435180+09:00
Multilingual Terminal,,,failed,False,2026-08-19T21:31:56.342454+09:00
Multilingual Ticker,,,failed,False,2026-08-19T21:12:39.256118+09:00
Multilingual Ticket,,,failed,False,2026-08-19T21:17:59.528469+09:00
Multilingual Tier,,,failed,False,2026-08-28T00:46:54.511345+09:00
Multilingual Timeline,,,failed,False,2026-08-19T21:17:23.744501+09:00
Multilingual Toll,,,failed,False,2026-08-21T02:36:44.892736+09:00
Multilingual Toolbox,,,failed,False,2026-08-28T00:23:02.722044+09:00
Multilingual Tracker,,,failed,False,2026-08-19T21:18:56.938365+09:00
Multilingual Trail,,,failed,False,2026-08-19T21:04:33.210036+09:00
Multilingual Trial,,,failed,False,2026-08-27T21:19:08.961232+09:00
Multilingual Unit,,,failed,False,2026-08-21T01:56:51.063242+09:00
Multilingual Update,,,failed,False,2026-08-19T21:16:23.704707+09:00
Multilingual Value,,,failed,False,2026-08-23T02:53:02.917433+09:00
Multilingual Vault,,,failed,False,2026-08-19T21:20:07.240027+09:00
Multilingual Version,20.0,0.0,success,False,2026-08-23T03:16:59.377666+09:00
Multilingual View,,,failed,False,2026-08-19T21:15:29.461766+09:00
Multilingual Voucher,,,failed,False,2026-08-21T00:28:44.167575+09:00
Multilingual Watch,,,failed,False,2026-08-19T21:29:47.496953+09:00
Multilingual Wave,,,failed,False,2026-08-19T21:30:16.349132+09:00
Multilingual Widget,,,failed,False,2026-08-27T23:10:17.409830+09:00
Multilingual Window,,,failed,False,2026-08-19T21:12:59.685218+09:00
Multilingual Workshop,10.0,0.0,success,False,2026-08-28T00:22:57.445324+09:00
Multilingual Zone,,,failed,False,2026-08-19T21:32:13.666054+09:00
Naptime Advisory,,,failed,False,2026-08-21T01:01:52.955831+09:00
Naptime Allowance,,,failed,False,2026-08-21T02:42:16.992307+09:00
Naptime Almanac,,,failed,False,2026-08-18T22:07:47.344279+09:00
Naptime Analyzer,,,failed,False,2026-08-27T23:56:35.462889+09:00
Naptime Anchor,,,failed,False,2026-08-17T23:24:56.223636+09:00
Naptime Assistant,,,failed,False,2026-08-17T23:31:23.198788+09:00
Naptime Atlas,,,failed,False,2026-08-17T23:30:30.158673+09:00
Naptime Attribute,,,failed,False,2026-08-23T13:09:19.095608+09:00
Naptime Badge,,,failed,False,2026-08-21T00:36:11.342304+09:00
Naptime Base,,,failed,False,2026-08-17T23:27:03.515384+09:00
Naptime Beacon,,,failed,False,2026-08-17T23:24:15.710246+09:00
Naptime Bill,,,failed,False,2026-08-19T21:58:32.626205+09:00
Naptime Blueprint,,,failed,False,2026-08-18T22:07:38.070107+09:00
Naptime Board,,,failed,False,2026-08-17T23:08:25.865498+09:00
Naptime Book,90.0,88.0,success,False,2026-08-19T21:59:15.845213+09:00
Naptime Bridge,,,failed,False,2026-08-17T23:07:02.817989+09:00
Naptime Brief,,,failed,False,2026-08-21T00:59:30.115655+09:00
Naptime Bulletin,,,failed,False,2026-08-21T00:59:17.321844+09:00
Naptime Calendar,,,failed,False,2026-08-19T00:01:57.884072+09:00
Naptime Card,,,failed,False,2026-08-19T13:33:44.098374+09:00
Naptime Cascade,,,failed,False,2026-08-17T23:24:36.078713+09:00
Naptime Cash,,,failed,False,2026-08-21T02:26:02.985234+09:00
Naptime Catalog,,,failed,False,2026-08-19T21:12:37.502456+09:00
Naptime Center,,,failed,False,2026-08-17T23:04:25.350258+09:00
Naptime Chain,,,failed,False,2026-08-17T23:09:50.041087+09:00
Naptime Charge,,,failed,False,2026-08-21T02:42:06.283895+09:00
Naptime Check,,,failed,False,2026-08-19T13:33:57.418081+09:00
Naptime Checker,,,failed,False,2026-08-27T23:56:32.424799+09:00
Naptime Checklist,,,failed,False,2026-08-19T21:11:41.705907+09:00
Naptime Circular,,,failed,False,2026-08-21T01:01:51.697457+09:00
Naptime Cockpit,,,failed,False,2026-08-17T23:11:05.439479+09:00
Naptime Code,,,failed,False,2026-08-19T21:58:51.076600+09:00
Naptime Codex,,,failed,False,2026-08-18T22:08:02.449968+09:00
Naptime Companion,,,failed,False,2026-08-17T23:32:47.059992+09:00
Naptime Comparison,,,failed,False,2026-08-28T01:07:24.727084+09:00
Naptime Compass,,,failed,False,2026-08-17T23:05:11.266926+09:00
Naptime Compendium,,,failed,False,2026-08-18T22:07:53.653114+09:00
Naptime Confirmation,,,failed,False,2026-08-21T00:59:48.261603+09:00
Naptime Console,,,failed,False,2026-08-17T23:28:34.893276+09:00
Naptime Core,,,failed,False,2026-08-17T23:13:41.173741+09:00
Naptime Cost,,,failed,False,2026-08-21T02:09:39.165114+09:00
Naptime Count,,,failed,False,2026-08-27T22:47:59.631121+09:00
Naptime Counter,,,failed,False,2026-08-19T00:02:45.246378+09:00
Naptime Dashboard,,,failed,False,2026-08-17T23:32:31.687734+09:00
Naptime Deal,,,failed,False,2026-08-21T01:52:54.387860+09:00
Naptime Debt,,,failed,False,2026-08-21T02:25:53.601509+09:00
Naptime Deck,,,failed,False,2026-08-17T23:27:32.625137+09:00
Naptime Depot,,,failed,False,2026-08-19T00:02:30.122335+09:00
Naptime Desk,,,failed,False,2026-08-17T22:50:36.545244+09:00
Naptime Detail,,,failed,False,2026-08-23T03:22:30.618913+09:00
Naptime Detector,,,failed,False,2026-08-27T23:56:35.462889+09:00
Naptime Dial,,,failed,False,2026-08-17T23:28:52.290735+09:00
Naptime Digest,,,failed,False,2026-08-19T20:38:18.738836+09:00
Naptime Directory,,,failed,False,2026-08-19T00:02:06.599822+09:00
Naptime Dock,,,failed,False,2026-08-17T23:29:29.429883+09:00
Naptime Dossier,,,failed,False,2026-08-21T00:59:50.492128+09:00
Naptime Draft,,,failed,False,2026-08-19T20:38:36.542684+09:00
Naptime Due,,,failed,False,2026-08-23T15:50:26.316180+09:00
Naptime Duty,,,failed,False,2026-08-21T02:42:11.511377+09:00
Naptime Endowment,,,failed,False,2026-08-23T15:50:33.287746+09:00
Naptime Engine,,,failed,False,2026-08-17T23:07:43.866571+09:00
Naptime Entry,,,failed,False,2026-08-21T01:00:01.570868+09:00
Naptime Estimate,,,failed,False,2026-08-19T21:12:28.088394+09:00
Naptime Estimator,,,failed,False,2026-08-27T23:56:30.078148+09:00
Naptime Excerpt,,,failed,False,2026-08-21T01:02:05.845061+09:00
Naptime Extension,,,failed,False,2026-08-23T16:37:52.353259+09:00
Naptime Fare,,,failed,False,2026-08-21T02:09:47.667221+09:00
Naptime Fee,,,failed,False,2026-08-21T02:05:51.453888+09:00
Naptime Feed,,,failed,False,2026-08-19T20:38:26.547735+09:00
Naptime Field,,,failed,False,2026-08-23T13:09:22.371145+09:00
Naptime File,,,failed,False,2026-08-19T20:37:47.819235+09:00
Naptime Finder,,,failed,False,2026-08-19T00:02:21.603583+09:00
Naptime Fine,,,failed,False,2026-08-23T02:56:59.964563+09:00
Naptime Flag,,,failed,False,2026-08-21T00:36:42.590036+09:00
Naptime Flow,,,failed,False,2026-08-17T23:33:22.514665+09:00
Naptime Forge,,,failed,False,2026-08-17T23:12:20.668668+09:00
Naptime Form,,,failed,False,2026-08-19T13:33:39.488989+09:00
Naptime Format,,,failed,False,2026-08-23T13:09:25.406302+09:00
Naptime Frame,,,failed,False,2026-08-17T23:06:41.076830+09:00
Naptime Fund,,,failed,False,2026-08-21T02:25:59.297290+09:00
Naptime Gate,,,failed,False,2026-08-17T23:30:14.406427+09:00
Naptime Generator,,,failed,False,2026-08-27T23:34:54.940798+09:00
Naptime Grade,,,failed,False,2026-08-21T00:36:28.428699+09:00
Naptime Graph,,,failed,False,2026-08-27T22:09:18.738684+09:00
Naptime Grid,,,failed,False,2026-08-17T23:15:30.972429+09:00
Naptime Guarantee,,,failed,False,2026-08-28T01:07:30.106939+09:00
Naptime Guard,,,failed,False,2026-08-17T23:07:26.971457+09:00
Naptime Guardian,,,failed,False,2026-08-28T00:25:53.963495+09:00
Naptime Guidebook,,,failed,False,2026-08-18T22:07:21.490302+09:00
Naptime Helper,,,failed,False,2026-08-28T00:25:56.872854+09:00
Naptime History,,,failed,False,2026-08-19T20:37:40.051699+09:00
Naptime Hotline,,,failed,False,2026-08-19T21:12:48.974552+09:00
Naptime Hub,,,failed,False,2026-08-17T23:09:05.527725+09:00
Naptime Identifier,,,failed,False,2026-08-23T13:09:17.043261+09:00
Naptime Index,,,failed,False,2026-08-19T21:11:53.117390+09:00
Naptime Insight,,,failed,False,2026-08-17T23:03:51.188489+09:00
Naptime Item,,,failed,False,2026-08-21T01:52:37.407034+09:00
Naptime Journal,,,failed,False,2026-08-18T22:07:05.348378+09:00
Naptime Keeper,,,failed,False,2026-08-17T23:30:45.182553+09:00
Naptime Kit,,,failed,False,2026-08-27T22:47:56.654242+09:00
Naptime Lab,,,failed,False,2026-08-17T23:27:47.140187+09:00
Naptime Ledger,,,failed,False,2026-08-17T23:27:17.370245+09:00
Naptime Lens,,,failed,False,2026-08-17T23:26:46.063928+09:00
Naptime Level,,,failed,False,2026-08-19T20:37:54.785730+09:00
Naptime Link,,,failed,False,2026-08-23T03:22:26.114633+09:00
Naptime List,,,failed,False,2026-08-19T21:58:59.534733+09:00
Naptime Loan,,,failed,False,2026-08-21T02:09:52.288046+09:00
Naptime Locator,,,failed,False,2026-08-19T00:02:12.644181+09:00
Naptime Lock,,,failed,False,2026-08-17T23:26:31.743192+09:00
Naptime Log,,,failed,False,2026-08-19T13:33:13.480936+09:00
Naptime Loop,,,failed,False,2026-08-17T23:25:50.019139+09:00
Naptime Manager,,,failed,False,2026-08-17T23:13:01.440927+09:00
Naptime Map,,,failed,False,2026-08-17T23:12:02.312580+09:00
Naptime Margin,,,failed,False,2026-08-23T02:56:53.736848+09:00
Naptime Memo,,,failed,False,2026-08-21T00:36:33.618056+09:00
Naptime Message,,,failed,False,2026-08-27T23:13:18.509120+09:00
Naptime Meter,,,failed,False,2026-08-17T23:13:20.544847+09:00
Naptime Metrics,,,failed,False,2026-08-17T23:32:18.106895+09:00
Naptime Monitor,,,failed,False,2026-08-17T23:31:54.862824+09:00
Naptime Navigator,,,failed,False,2026-08-17T23:05:34.845009+09:00
Naptime Nexus,,,failed,False,2026-08-17T23:11:23.614440+09:00
Naptime Node,,,failed,False,2026-08-17T23:04:09.987003+09:00
Naptime Note,,,failed,False,2026-08-19T13:34:15.397109+09:00
Naptime Notification,,,failed,False,2026-08-27T22:47:53.351609+09:00
Naptime Number,,,failed,False,2026-08-23T03:22:18.461537+09:00
Naptime Office,,,failed,False,2026-08-19T00:02:36.291033+09:00
Naptime Ops,,,failed,False,2026-08-17T23:32:58.780092+09:00
Naptime Order,,,failed,False,2026-08-19T21:58:24.385772+09:00
Naptime Organizer,,,failed,False,2026-08-17T23:09:27.800960+09:00
Naptime Overdraft,,,failed,False,2026-08-23T15:50:28.386707+09:00
Naptime Panel,,,failed,False,2026-08-17T23:06:20.939022+09:00
Naptime Pass,,,failed,False,2026-08-21T00:36:02.867452+09:00
Naptime Path,,,failed,False,2026-08-17T23:26:18.163850+09:00
Naptime Petition,,,failed,False,2026-08-21T00:59:43.831495+09:00
Naptime Pilot,,,failed,False,2026-08-17T23:33:40.972373+09:00
Naptime Plan,,,failed,False,2026-08-21T02:05:51.453888+09:00
Naptime Planner,,,failed,False,2026-08-17T23:14:41.375835+09:00
Naptime Playbook,,,failed,False,2026-08-18T22:06:56.515623+09:00
Naptime Point,,,failed,False,2026-08-17T23:04:48.646277+09:00
Naptime Portal,,,failed,False,2026-08-17T23:11:40.322748+09:00
Naptime Preview,,,failed,False,2026-08-28T01:07:27.619930+09:00
Naptime Profile,,,failed,False,2026-08-19T13:35:09.228952+09:00
Naptime Profit,,,failed,False,2026-08-23T02:56:43.732981+09:00
Naptime Proposal,,,failed,False,2026-08-28T01:07:27.619930+09:00
Naptime Pulse,,,failed,False,2026-08-17T23:26:04.596222+09:00
Naptime Queue,,,failed,False,2026-08-19T21:12:17.710681+09:00
Naptime Quota,,,failed,False,2026-08-21T00:36:37.815514+09:00
Naptime Radar,,,failed,False,2026-08-17T23:23:39.258674+09:00
Naptime Rail,,,failed,False,2026-08-17T23:14:57.452489+09:00
Naptime Rate,,,failed,False,2026-08-19T20:38:01.262466+09:00
Naptime Recap,,,failed,False,2026-08-21T01:02:03.687665+09:00
Naptime Receipt,,,failed,False,2026-08-19T21:58:39.226398+09:00
Naptime Recorder,,,failed,False,2026-08-27T23:34:54.940798+09:00
Naptime Redemption,,,failed,False,2026-08-23T16:37:49.888860+09:00
Naptime Register,,,failed,False,2026-08-17T23:12:38.430162+09:00
Naptime Registry,,,failed,False,2026-08-18T22:07:28.261653+09:00
Naptime Relay,,,failed,False,2026-08-17T23:10:45.795183+09:00
Naptime Reminder,,,failed,False,2026-08-19T21:11:29.135916+09:00
Naptime Report,,,failed,False,2026-08-19T13:33:02.578163+09:00
Naptime Repository,,,failed,False,2026-08-27T23:13:28.057978+09:00
Naptime Roadmap,,,failed,False,2026-08-18T22:08:09.141836+09:00
Naptime Roster,,,failed,False,2026-08-19T00:37:46.702224+09:00
Naptime Route,,,failed,False,2026-08-17T23:08:04.686791+09:00
Naptime Rule,,,failed,False,2026-08-23T03:22:26.114633+09:00
Naptime Sale,,,failed,False,2026-08-21T02:26:06.975454+09:00
Naptime Sample,,,failed,False,2026-08-19T21:59:39.418384+09:00
Naptime Scale,,,failed,False,2026-08-17T23:29:07.663083+09:00
Naptime Scheduler,,,failed,False,2026-08-17T23:31:42.326204+09:00
Naptime Scope,,,failed,False,2026-08-17T23:08:46.290392+09:00
Naptime Score,,,failed,False,2026-08-19T13:34:03.969558+09:00
Naptime Sentry,,,failed,False,2026-08-17T23:05:59.212452+09:00
Naptime Sheet,,,failed,False,2026-08-19T13:33:51.668880+09:00
Naptime Signal,,,failed,False,2026-08-17T23:14:01.287138+09:00
Naptime Slip,,,failed,False,2026-08-19T21:59:30.293970+09:00
Naptime Slot,,,failed,False,2026-08-19T21:59:50.117537+09:00
Naptime Snapshot,,,failed,False,2026-08-18T22:07:12.146632+09:00
Naptime Statement,,,failed,False,2026-08-21T00:36:21.244854+09:00
Naptime Station,,,failed,False,2026-08-17T23:10:06.483021+09:00
Naptime Status,,,failed,False,2026-08-19T20:37:22.627194+09:00
Naptime Streak,,,failed,False,2026-08-28T00:48:08.257780+09:00
Naptime Stub,,,failed,False,2026-08-21T00:36:16.111706+09:00
Naptime Studio,,,failed,False,2026-08-17T23:15:16.385703+09:00
Naptime Subsidy,,,failed,False,2026-08-23T15:50:30.977463+09:00
Naptime Suite,,,failed,False,2026-08-17T23:31:05.763784+09:00
Naptime Sum,,,failed,False,2026-08-21T02:25:50.623607+09:00
Naptime Summary,,,failed,False,2026-08-19T21:11:11.315009+09:00
Naptime Surtax,,,failed,False,2026-08-23T15:50:35.558538+09:00
Naptime Sync,,,failed,False,2026-08-17T23:14:19.543456+09:00
Naptime Tab,,,failed,False,2026-08-21T00:36:44.968976+09:00
Naptime Table,,,failed,False,2026-08-19T21:59:07.775168+09:00
Naptime Tag,,,failed,False,2026-08-19T13:34:22.181534+09:00
Naptime Tally,,,failed,False,2026-08-21T00:36:23.638187+09:00
Naptime Tariff,,,failed,False,2026-08-21T02:42:20.398693+09:00
Naptime Tax,,,failed,False,2026-08-21T02:09:52.288046+09:00
Naptime Ticket,,,failed,False,2026-08-19T21:12:05.902513+09:00
Naptime Timeline,,,failed,False,2026-08-19T21:11:19.546080+09:00
Naptime Timer,,,failed,False,2026-08-28T00:25:51.267385+09:00
Naptime Toll,,,failed,False,2026-08-21T02:42:14.230561+09:00
Naptime Toolbox,,,failed,False,2026-08-28T00:25:53.963495+09:00
Naptime Toolkit,,,failed,False,2026-08-18T22:06:47.457116+09:00
Naptime Total,,,failed,False,2026-08-27T23:13:21.065060+09:00
Naptime Tracker,,,failed,False,2026-08-17T23:33:11.202195+09:00
Naptime Trail,,,failed,False,2026-08-17T23:29:43.400125+09:00
Naptime Trend,,,failed,False,2026-08-28T01:07:22.099845+09:00
Naptime Trial,,,failed,False,2026-08-27T21:15:09.099124+09:00
Naptime Unit,,,failed,False,2026-08-21T01:52:41.314698+09:00
Naptime Update,,,failed,False,2026-08-19T20:38:10.418620+09:00
Naptime Value,,,failed,False,2026-08-23T02:56:45.800075+09:00
Naptime Vault,,,failed,False,2026-08-17T23:23:55.589084+09:00
Naptime Version,,,failed,False,2026-08-23T03:22:22.094995+09:00
Naptime View,,,failed,False,2026-08-19T20:37:31.186118+09:00
Naptime Voucher,,,failed,False,2026-08-21T00:36:08.674469+09:00
Naptime Watch,,,failed,False,2026-08-17T23:25:26.285868+09:00
Naptime Wave,,,failed,False,2026-08-17T23:10:28.342550+09:00
Naptime Widget,,,failed,False,2026-08-27T23:13:25.257331+09:00
Naptime Workbench,,,failed,False,2026-08-18T22:06:39.446315+09:00
Naptime Worksheet,,,failed,False,2026-08-27T22:09:25.119437+09:00
Naptime Zone,,,failed,False,2026-08-17T23:28:13.719643+09:00
Negligence Advance,,,failed,False,2026-08-23T16:13:10.832744+09:00
Negligence Advisory,,,failed,False,2026-08-21T01:02:03.687665+09:00
Negligence Alert,,,failed,False,2026-08-21T00:46:10.718962+09:00
Negligence Allowance,,,failed,False,2026-08-21T02:39:49.190275+09:00
Negligence Analyzer,,,failed,False,2026-08-27T23:51:00.030552+09:00
Negligence Arrears,,,failed,False,2026-08-23T16:13:08.662730+09:00
Negligence Assistant,,,failed,False,2026-08-21T00:44:36.517071+09:00
Negligence Atlas,,,failed,False,2026-08-21T00:44:18.522946+09:00
Negligence Attribute,,,failed,False,2026-08-23T13:09:10.087594+09:00
Negligence Badge,,,failed,False,2026-08-21T00:49:07.202034+09:00
Negligence Balance,,,failed,False,2026-08-23T13:45:29.589427+09:00
Negligence Base,,,failed,False,2026-08-21T00:50:58.385493+09:00
Negligence Beacon,,,failed,False,2026-08-21T00:50:02.185546+09:00
Negligence Bill,,,failed,False,2026-08-21T00:48:22.062191+09:00
Negligence Bin,,,failed,False,2026-08-21T00:46:19.116405+09:00
Negligence Board,,,failed,False,2026-08-21T00:51:10.614458+09:00
Negligence Bridge,,,failed,False,2026-08-21T00:50:13.056816+09:00
Negligence Brief,,,failed,False,2026-08-21T00:59:48.261603+09:00
Negligence Bulletin,,,failed,False,2026-08-21T00:59:43.831495+09:00
Negligence Calculator,,,failed,False,2026-08-27T23:36:50.925534+09:00
Negligence Calendar,,,failed,False,2026-08-21T00:45:16.204972+09:00
Negligence Card,,,failed,False,2026-08-21T00:46:52.072318+09:00
Negligence Cascade,,,failed,False,2026-08-21T00:50:09.781883+09:00
Negligence Cash,,,failed,False,2026-08-21T02:22:28.218601+09:00
Negligence Category,,,failed,False,2026-08-23T13:09:07.907049+09:00
Negligence Center,,,failed,False,2026-08-21T00:51:33.449317+09:00
Negligence Chain,,,failed,False,2026-08-21T00:44:03.384423+09:00
Negligence Charge,170.0,1.0,success,False,2026-08-21T02:39:36.901337+09:00
Negligence Chart,20.0,0.0,success,False,2026-08-21T00:46:12.825751+09:00
Negligence Check,,,failed,False,2026-08-21T00:46:56.943275+09:00
Negligence Checker,,,failed,False,2026-08-27T23:50:52.077690+09:00
Negligence Circular,,,failed,False,2026-08-21T01:02:50.394287+09:00
Negligence Code,,,failed,False,2026-08-21T00:48:30.052376+09:00
Negligence Comparison,,,failed,False,2026-08-28T01:03:04.018813+09:00
Negligence Confirmation,,,failed,False,2026-08-21T01:00:04.597458+09:00
Negligence Console,,,failed,False,2026-08-21T00:43:36.715710+09:00
Negligence Contribution,,,failed,False,2026-08-23T16:13:06.452746+09:00
Negligence Copayment,,,failed,False,2026-08-23T16:38:31.502720+09:00
Negligence Core,,,failed,False,2026-08-21T00:51:01.092563+09:00
Negligence Cost,,,failed,False,2026-08-21T02:14:55.250493+09:00
Negligence Counter,,,failed,False,2026-08-21T00:45:33.278488+09:00
Negligence Deal,,,failed,False,2026-08-21T01:58:22.092915+09:00
Negligence Debt,,,failed,False,2026-08-21T02:22:21.674947+09:00
Negligence Deck,,,failed,False,2026-08-21T00:51:13.532405+09:00
Negligence Desk,,,failed,False,2026-08-21T00:49:44.632195+09:00
Negligence Detail,,,failed,False,2026-08-23T03:21:07.842946+09:00
Negligence Detector,,,failed,False,2026-08-27T23:50:54.897553+09:00
Negligence Directory,,,failed,False,2026-08-21T00:45:19.199440+09:00
Negligence Discount,,,failed,False,2026-08-23T16:13:03.003819+09:00
Negligence Dossier,,,failed,False,2026-08-21T01:00:07.021185+09:00
Negligence Downpayment,,,failed,False,2026-08-27T21:47:47.331734+09:00
Negligence Draft,,,failed,False,2026-08-21T00:47:49.290523+09:00
Negligence Due,,,failed,False,2026-08-23T15:50:54.236884+09:00
Negligence Duty,2400.0,0.0,success,True,2026-08-21T02:39:44.265069+09:00
Negligence Engine,,,failed,False,2026-08-21T00:44:32.272154+09:00
Negligence Entry,,,failed,False,2026-08-21T01:00:22.728561+09:00
Negligence Estimate,,,failed,False,2026-08-21T00:48:12.190063+09:00
Negligence Estimator,,,failed,False,2026-08-27T23:50:46.062882+09:00
Negligence Excerpt,,,failed,False,2026-08-21T01:02:12.129826+09:00
Negligence Extension,,,failed,False,2026-08-23T16:38:33.746405+09:00
Negligence Fare,,,failed,False,2026-08-21T02:15:06.129671+09:00
Negligence Fee,,,failed,False,2026-08-21T01:58:02.709797+09:00
Negligence Feed,,,failed,False,2026-08-21T00:47:46.608049+09:00
Negligence Field,,,failed,False,2026-08-23T13:09:12.775055+09:00
Negligence File,,,failed,False,2026-08-21T00:47:29.450326+09:00
Negligence Fine,,,failed,False,2026-08-23T02:55:28.144750+09:00
Negligence Flow,,,failed,False,2026-08-21T00:49:35.190382+09:00
Negligence Forge,,,failed,False,2026-08-21T00:50:04.499348+09:00
Negligence Form,,,failed,False,2026-08-21T00:46:47.041557+09:00
Negligence Format,,,failed,False,2026-08-23T13:09:12.775055+09:00
Negligence Frame,,,failed,False,2026-08-21T00:50:54.055448+09:00
Negligence Fund,,,failed,False,2026-08-21T02:22:24.634972+09:00
Negligence Gate,,,failed,False,2026-08-21T00:44:13.071089+09:00
Negligence Grid,,,failed,False,2026-08-21T00:50:33.252784+09:00
Negligence Guardian,,,failed,False,2026-08-28T00:21:27.462723+09:00
Negligence Helpdesk,,,failed,False,2026-08-27T22:50:00.330096+09:00
Negligence Helper,,,failed,False,2026-08-28T00:21:32.683664+09:00
Negligence History,,,failed,False,2026-08-21T00:47:26.672100+09:00
Negligence Hub,,,failed,False,2026-08-21T00:49:41.369493+09:00
Negligence Identifier,,,failed,False,2026-08-23T13:09:05.713550+09:00
Negligence Inbox,,,failed,False,2026-08-21T00:46:06.764298+09:00
Negligence Index,,,failed,False,2026-08-21T00:48:04.911148+09:00
Negligence Installment,,,failed,False,2026-08-23T16:13:03.003819+09:00
Negligence Item,,,failed,False,2026-08-21T01:58:06.326002+09:00
Negligence Journal,,,failed,False,2026-08-21T00:45:08.644829+09:00
Negligence Keeper,,,failed,False,2026-08-21T00:44:23.943990+09:00
Negligence Lab,,,failed,False,2026-08-21T00:51:22.640360+09:00
Negligence Label,,,failed,False,2026-08-27T22:11:22.688416+09:00
Negligence Ledger,,,failed,False,2026-08-21T00:51:07.998109+09:00
Negligence Level,,,failed,False,2026-08-21T00:47:34.415597+09:00
Negligence Line,,,failed,False,2026-08-21T00:46:31.440534+09:00
Negligence Link,,,failed,False,2026-08-23T03:21:00.660532+09:00
Negligence List,,,failed,False,2026-08-21T00:48:33.175763+09:00
Negligence Loan,,,failed,False,2026-08-21T02:15:15.095648+09:00
Negligence Lobby,,,failed,False,2026-08-21T00:46:23.702871+09:00
Negligence Locator,,,failed,False,2026-08-21T00:45:22.913101+09:00
Negligence Locker,,,failed,False,2026-08-21T00:45:35.455027+09:00
Negligence Log,,,failed,False,2026-08-21T00:46:42.116087+09:00
Negligence Loop,,,failed,False,2026-08-21T00:50:26.220127+09:00
Negligence Manager,,,failed,False,2026-08-21T00:44:27.350497+09:00
Negligence Manual,,,failed,False,2026-08-27T22:11:25.706912+09:00
Negligence Map,,,failed,False,2026-08-21T00:50:48.093288+09:00
Negligence Margin,,,failed,False,2026-08-23T02:55:24.224280+09:00
Negligence Memo,10.0,0.0,success,False,2026-08-21T00:49:18.470865+09:00
Negligence Message,,,failed,False,2026-08-27T23:15:49.054288+09:00
Negligence Monitor,,,failed,False,2026-08-21T00:44:48.876991+09:00
Negligence Nexus,,,failed,False,2026-08-21T00:44:15.465135+09:00
Negligence Note,,,failed,False,2026-08-21T00:47:07.675748+09:00
Negligence Notification,,,failed,False,2026-08-27T22:49:54.897946+09:00
Negligence Number,,,failed,False,2026-08-23T03:20:52.959248+09:00
Negligence Office,,,failed,False,2026-08-21T00:45:30.035458+09:00
Negligence Ops,,,failed,False,2026-08-21T00:45:01.205149+09:00
Negligence Order,,,failed,False,2026-08-21T00:48:18.650216+09:00
Negligence Outline,30.0,0.0,success,False,2026-08-27T22:29:00.404173+09:00
Negligence Overage,,,failed,False,2026-08-27T21:47:44.451127+09:00
Negligence Overdue,,,failed,False,2026-08-27T21:47:39.871299+09:00
Negligence Panel,,,failed,False,2026-08-21T00:43:39.738116+09:00
Negligence Pass,,,failed,False,2026-08-21T00:48:57.806090+09:00
Negligence Passport,,,failed,False,2026-08-21T00:46:21.529361+09:00
Negligence Path,,,failed,False,2026-08-21T00:50:41.630976+09:00
Negligence Payoff,,,failed,False,2026-08-27T21:47:42.128898+09:00
Negligence Penalty,70.0,0.0,success,False,2026-08-23T16:38:26.896926+09:00
Negligence Petition,,,failed,False,2026-08-21T00:59:58.992040+09:00
Negligence Plan,,,failed,False,2026-08-21T01:58:16.207160+09:00
Negligence Planner,,,failed,False,2026-08-21T00:44:38.874906+09:00
Negligence Playbook,,,failed,False,2026-08-21T00:45:06.062419+09:00
Negligence Point,,,failed,False,2026-08-21T00:50:45.127530+09:00
Negligence Portal,,,failed,False,2026-08-21T00:51:42.581125+09:00
Negligence Preview,,,failed,False,2026-08-28T01:03:04.018813+09:00
Negligence Profile,,,failed,False,2026-08-21T00:47:13.306684+09:00
Negligence Profit,,,failed,False,2026-08-23T02:55:13.896073+09:00
Negligence Proposal,,,failed,False,2026-08-28T01:03:06.788782+09:00
Negligence Quota,,,failed,False,2026-08-21T00:49:20.798290+09:00
Negligence Radar,,,failed,False,2026-08-21T00:49:49.714688+09:00
Negligence Rail,,,failed,False,2026-08-21T00:43:54.085720+09:00
Negligence Rate,,,failed,False,2026-08-21T00:47:36.977895+09:00
Negligence Recap,,,failed,False,2026-08-21T01:00:11.561504+09:00
Negligence Receipt,,,failed,False,2026-08-21T00:48:24.716353+09:00
Negligence Recorder,,,failed,False,2026-08-27T23:36:57.640483+09:00
Negligence Register,,,failed,False,2026-08-21T00:44:58.799520+09:00
Negligence Registry,,,failed,False,2026-08-21T00:45:10.747399+09:00
Negligence Relay,,,failed,False,2026-08-21T00:49:52.271441+09:00
Negligence Reminder,,,failed,False,2026-08-21T00:48:00.969173+09:00
Negligence Report,20.0,6.0,success,False,2026-08-21T00:46:39.668460+09:00
Negligence Repository,,,failed,False,2026-08-27T23:15:55.855078+09:00
Negligence Result,,,failed,False,2026-08-28T00:46:06.331363+09:00
Negligence Ring,,,failed,False,2026-08-21T00:44:07.435932+09:00
Negligence Roll,,,failed,False,2026-08-21T00:46:37.254114+09:00
Negligence Roster,,,failed,False,2026-08-21T00:46:03.316699+09:00
Negligence Route,,,failed,False,2026-08-21T00:43:49.917491+09:00
Negligence Rule,110.0,0.0,success,False,2026-08-23T03:21:04.390216+09:00
Negligence Sale,,,failed,False,2026-08-21T02:22:35.993251+09:00
Negligence Sample,,,failed,False,2026-08-21T00:48:48.333943+09:00
Negligence Scale,,,failed,False,2026-08-21T00:43:44.047110+09:00
Negligence Scheduler,,,failed,False,2026-08-21T00:44:45.180563+09:00
Negligence Scope,,,failed,False,2026-08-21T00:50:24.003386+09:00
Negligence Score,,,failed,False,2026-08-21T00:47:01.645682+09:00
Negligence Sheet,,,failed,False,2026-08-21T00:46:54.280562+09:00
Negligence Shortfall,,,failed,False,2026-08-27T21:47:47.331734+09:00
Negligence Signal,,,failed,False,2026-08-21T00:50:15.253919+09:00
Negligence Signature,,,failed,False,2026-08-23T13:28:17.743262+09:00
Negligence Slip,,,failed,False,2026-08-21T00:48:44.199856+09:00
Negligence Slot,,,failed,False,2026-08-21T00:48:54.666046+09:00
Negligence Stage,,,failed,False,2026-08-28T00:46:02.758073+09:00
Negligence Stake,,,failed,False,2026-08-23T02:55:21.397263+09:00
Negligence Statement,20.0,0.0,success,False,2026-08-21T00:49:15.446712+09:00
Negligence Station,,,failed,False,2026-08-21T00:51:27.534494+09:00
Negligence Status,10.0,0.0,success,False,2026-08-21T00:47:16.635421+09:00
Negligence Stub,,,failed,False,2026-08-21T00:49:09.924663+09:00
Negligence Studio,,,failed,False,2026-08-21T00:51:18.988117+09:00
Negligence Sum,,,failed,False,2026-08-21T02:22:13.751196+09:00
Negligence Summary,10.0,0.0,success,False,2026-08-21T00:47:51.655449+09:00
Negligence Surtax,,,failed,False,2026-08-23T15:50:59.628265+09:00
Negligence Tab,,,failed,False,2026-08-21T00:49:27.660795+09:00
Negligence Table,,,failed,False,2026-08-21T00:48:36.635325+09:00
Negligence Tag,,,failed,False,2026-08-21T00:47:10.612469+09:00
Negligence Tariff,,,failed,False,2026-08-21T02:39:54.831624+09:00
Negligence Tax,,,failed,False,2026-08-21T02:15:10.297403+09:00
Negligence Terminal,,,failed,False,2026-08-21T00:51:31.068549+09:00
Negligence Ticker,,,failed,False,2026-08-21T00:46:26.587388+09:00
Negligence Ticket,,,failed,False,2026-08-21T00:48:09.704229+09:00
Negligence Timeline,,,failed,False,2026-08-21T00:47:57.951273+09:00
Negligence Toll,,,failed,False,2026-08-21T02:39:46.933675+09:00
Negligence Toolbox,,,failed,False,2026-08-28T00:21:30.022858+09:00
Negligence Total,,,failed,False,2026-08-27T23:15:49.054288+09:00
Negligence Tracker,,,failed,False,2026-08-21T00:49:29.914475+09:00
Negligence Trail,,,failed,False,2026-08-21T00:43:57.229807+09:00
Negligence Trend,,,failed,False,2026-08-28T01:03:01.405243+09:00
Negligence Trial,,,failed,False,2026-08-27T21:16:33.171675+09:00
Negligence Unit,,,failed,False,2026-08-21T01:58:09.087030+09:00
Negligence Update,,,failed,False,2026-08-21T00:47:41.484784+09:00
Negligence Value,,,failed,False,2026-08-23T02:55:17.140000+09:00
Negligence Vault,,,failed,False,2026-08-21T00:49:54.532841+09:00
Negligence Version,,,failed,False,2026-08-23T03:20:56.810289+09:00
Negligence View,,,failed,False,2026-08-21T00:47:23.165444+09:00
Negligence Voucher,,,failed,False,2026-08-21T00:49:01.997073+09:00
Negligence Watch,,,failed,False,2026-08-21T00:50:21.320378+09:00
Negligence Wave,,,failed,False,2026-08-21T00:50:35.331865+09:00
Negligence Widget,,,failed,False,2026-08-27T23:15:53.344715+09:00
Negligence Window,,,failed,False,2026-08-21T00:46:35.033553+09:00
Negligence Worksheet,,,failed,False,2026-08-27T22:11:31.963952+09:00
Negligence Workshop,,,failed,False,2026-08-28T00:21:24.701670+09:00
Negligence Zone,,,failed,False,2026-08-21T00:51:40.152987+09:00
Neighborhood Alert,2900.0,1.0,success,False,2026-08-21T01:41:00.703725+09:00
Neighborhood Allowance,,,failed,False,2026-08-21T02:43:47.739499+09:00
Neighborhood Analyzer,,,failed,False,2026-08-27T23:54:02.041371+09:00
Neighborhood Arrears,,,failed,False,2026-08-23T16:15:37.311219+09:00
Neighborhood Asset,,,failed,False,2026-08-23T13:46:59.316345+09:00
Neighborhood Assistant,,,failed,False,2026-08-21T01:39:04.572787+09:00
Neighborhood Atlas,210.0,0.0,success,False,2026-08-21T01:38:50.640665+09:00
Neighborhood Attribute,,,failed,False,2026-08-23T13:05:39.073326+09:00
Neighborhood Badge,,,failed,False,2026-08-21T01:44:01.894856+09:00
Neighborhood Base,50.0,31.0,success,False,2026-08-21T01:37:19.276865+09:00
Neighborhood Beacon,,,failed,False,2026-08-21T01:36:34.077352+09:00
Neighborhood Bill,,,failed,False,2026-08-21T01:43:12.278953+09:00
Neighborhood Board,320.0,0.0,success,False,2026-08-21T01:37:30.941685+09:00
Neighborhood Bridge,110.0,1.0,success,False,2026-08-21T01:36:34.077352+09:00
Neighborhood Brief,,,failed,False,2026-08-21T01:44:33.537295+09:00
Neighborhood Bulletin,10.0,0.0,success,False,2026-08-21T01:44:28.935205+09:00
Neighborhood Calculator,10.0,0.0,success,False,2026-08-27T23:33:18.763574+09:00
Neighborhood Card,110.0,42.0,success,False,2026-08-21T01:41:44.452509+09:00
Neighborhood Cascade,,,failed,False,2026-08-21T01:36:34.077352+09:00
Neighborhood Cash,50.0,8.0,success,False,2026-08-21T02:27:05.386441+09:00
Neighborhood Cashback,,,failed,False,2026-08-27T21:19:05.213789+09:00
Neighborhood Center,3600.0,1.0,success,False,2026-08-21T01:37:51.952894+09:00
Neighborhood Chain,,,failed,False,2026-08-21T01:38:35.952865+09:00
Neighborhood Charge,,,failed,False,2026-08-21T02:43:37.252901+09:00
Neighborhood Chart,480.0,0.0,success,False,2026-08-21T01:41:02.771886+09:00
Neighborhood Check,720.0,5.0,success,False,2026-08-21T01:41:52.008026+09:00
Neighborhood Checker,720.0,5.0,success,False,2026-08-27T23:53:48.068906+09:00
Neighborhood Code,8100.0,0.0,success,True,2026-08-21T01:43:23.087757+09:00
Neighborhood Comparison,90.0,0.0,success,False,2026-08-28T01:05:22.748209+09:00
Neighborhood Confirmation,,,failed,False,2026-08-21T01:36:31.901113+09:00
Neighborhood Console,,,failed,False,2026-08-21T01:38:08.891636+09:00
Neighborhood Contribution,,,failed,False,2026-08-23T16:15:33.574414+09:00
Neighborhood Core,10.0,0.0,success,False,2026-08-21T01:37:21.821672+09:00
Neighborhood Cost,10.0,0.0,success,False,2026-08-21T02:10:09.458176+09:00
Neighborhood Count,,,failed,False,2026-08-27T22:44:46.439478+09:00
Neighborhood Counter,,,failed,False,2026-08-21T01:40:09.996962+09:00
Neighborhood Coupon,40.0,0.0,success,False,2026-08-27T21:19:05.213789+09:00
Neighborhood Deal,,,failed,False,2026-08-21T01:52:54.387860+09:00
Neighborhood Debt,,,failed,False,2026-08-21T02:26:59.463760+09:00
Neighborhood Deck,,,failed,False,2026-08-21T01:37:32.925946+09:00
Neighborhood Desk,,,failed,False,2026-08-21T01:36:34.077352+09:00
Neighborhood Detail,,,failed,False,2026-08-23T03:14:51.168783+09:00
Neighborhood Detector,,,failed,False,2026-08-27T23:53:59.228828+09:00
Neighborhood Diagram,30.0,0.0,success,False,2026-08-27T22:14:45.094035+09:00
Neighborhood Directory,90.0,2.0,success,False,2026-08-21T01:39:52.762519+09:00
Neighborhood Discount,210.0,3.0,success,False,2026-08-23T16:15:31.472081+09:00
Neighborhood Downpayment,,,failed,False,2026-08-27T21:50:06.831063+09:00
Neighborhood Draft,1900.0,0.0,success,True,2026-08-21T01:42:40.721389+09:00
Neighborhood Due,,,failed,False,2026-08-23T15:52:04.916947+09:00
Neighborhood Duty,,,failed,False,2026-08-21T02:43:40.530663+09:00
Neighborhood Engine,,,failed,False,2026-08-21T01:38:59.099455+09:00
Neighborhood Entry,10.0,0.0,success,False,2026-08-21T01:36:31.901113+09:00
Neighborhood Estimate,,,failed,False,2026-08-21T01:43:03.421356+09:00
Neighborhood Estimator,,,failed,False,2026-08-27T23:53:42.609151+09:00
Neighborhood Fare,,,failed,False,2026-08-21T02:10:17.497387+09:00
Neighborhood Fee,30.0,0.0,success,False,2026-08-21T01:52:34.182425+09:00
Neighborhood Feed,1000.0,2.0,success,False,2026-08-21T01:42:37.393096+09:00
Neighborhood Field,,,failed,False,2026-08-23T13:05:41.403029+09:00
Neighborhood File,,,failed,False,2026-08-21T01:42:22.878879+09:00
Neighborhood Fine,,,failed,False,2026-08-23T02:58:11.410981+09:00
Neighborhood Flow,,,failed,False,2026-08-21T01:36:34.077352+09:00
Neighborhood Forge,,,failed,False,2026-08-21T01:36:34.077352+09:00
Neighborhood Form,10.0,0.0,success,False,2026-08-21T01:41:42.095051+09:00
Neighborhood Format,,,failed,False,2026-08-23T13:05:43.515456+09:00
Neighborhood Frame,,,failed,False,2026-08-21T01:37:13.589246+09:00
Neighborhood Fund,90.0,2.0,success,False,2026-08-21T02:27:02.067893+09:00
Neighborhood Gate,140.0,9.0,success,False,2026-08-21T01:38:42.867462+09:00
Neighborhood Giveaway,,,failed,False,2026-08-27T21:19:11.248734+09:00
Neighborhood Graph,110.0,0.0,success,False,2026-08-27T22:14:35.571737+09:00
Neighborhood Grid,210.0,0.0,success,False,2026-08-21T01:36:52.456000+09:00
Neighborhood Guarantee,,,failed,False,2026-08-28T01:05:28.825650+09:00
Neighborhood Guardian,30.0,12.0,success,False,2026-08-28T00:24:01.160084+09:00
Neighborhood Helpdesk,,,failed,False,2026-08-27T22:44:50.273695+09:00
Neighborhood Helper,390.0,1.0,success,False,2026-08-28T00:24:07.652921+09:00
Neighborhood History,110.0,1.0,success,False,2026-08-21T01:42:17.039674+09:00
Neighborhood Hub,320.0,4.0,success,False,2026-08-21T01:36:34.077352+09:00
Neighborhood Identifier,,,failed,False,2026-08-23T13:05:36.623967+09:00
Neighborhood Incentive,,,failed,False,2026-08-27T21:19:11.248734+09:00
Neighborhood Index,20.0,0.0,success,False,2026-08-21T01:42:55.803836+09:00
Neighborhood Installment,,,failed,False,2026-08-23T16:15:31.472081+09:00
Neighborhood Item,,,failed,False,2026-08-21T01:52:37.407034+09:00
Neighborhood Journal,10.0,0.0,success,False,2026-08-21T01:39:42.723562+09:00
Neighborhood Keeper,30.0,5.0,success,False,2026-08-21T01:38:52.841882+09:00
Neighborhood Kit,,,failed,False,2026-08-27T22:44:39.489901+09:00
Neighborhood Lab,70.0,0.0,success,False,2026-08-21T01:37:39.215530+09:00
Neighborhood Label,260.0,0.0,success,False,2026-08-27T22:14:35.571737+09:00
Neighborhood Layout,590.0,0.0,success,False,2026-08-27T22:29:33.709708+09:00
Neighborhood Ledger,,,failed,False,2026-08-21T01:37:26.126762+09:00
Neighborhood Level,30.0,0.0,success,False,2026-08-21T01:42:27.221916+09:00
Neighborhood Levy,,,failed,False,2026-08-23T13:47:02.952399+09:00
Neighborhood Link,720.0,0.0,success,False,2026-08-23T03:14:39.191196+09:00
Neighborhood List,210.0,1.0,success,False,2026-08-21T01:43:27.778790+09:00
Neighborhood Loan,210.0,24.0,success,False,2026-08-21T02:10:26.523271+09:00
Neighborhood Lobby,,,failed,False,2026-08-21T01:41:16.296353+09:00
Neighborhood Locator,170.0,0.0,success,False,2026-08-21T01:39:59.295312+09:00
Neighborhood Locker,,,failed,False,2026-08-21T01:40:15.311910+09:00
Neighborhood Log,,,failed,False,2026-08-21T01:41:35.548332+09:00
Neighborhood Loop,880.0,1.0,success,False,2026-08-21T01:36:50.253581+09:00
Neighborhood Manual,,,failed,False,2026-08-27T22:14:38.233626+09:00
Neighborhood Map,3600.0,0.0,success,True,2026-08-21T01:37:11.320785+09:00
Neighborhood Margin,,,failed,False,2026-08-23T02:58:08.701487+09:00
Neighborhood Markup,,,failed,False,2026-08-23T16:39:43.377708+09:00
Neighborhood Memo,,,failed,False,2026-08-21T01:44:14.161023+09:00
Neighborhood Message,,,failed,False,2026-08-27T23:10:42.851763+09:00
Neighborhood Monitor,,,failed,False,2026-08-21T01:39:21.617747+09:00
Neighborhood Nexus,110.0,0.0,success,False,2026-08-21T01:38:45.431477+09:00
Neighborhood Note,,,failed,False,2026-08-21T01:41:56.935291+09:00
Neighborhood Notification,40.0,0.0,success,False,2026-08-27T22:44:39.489901+09:00
Neighborhood Number,90.0,0.0,success,False,2026-08-23T03:24:42.957554+09:00
Neighborhood Office,720.0,1.0,success,False,2026-08-21T01:40:03.980146+09:00
Neighborhood Ops,,,failed,False,2026-08-21T01:39:32.953570+09:00
Neighborhood Order,,,failed,False,2026-08-21T01:43:07.474360+09:00
Neighborhood Overage,,,failed,False,2026-08-27T21:50:04.473862+09:00
Neighborhood Overdue,,,failed,False,2026-08-27T21:50:00.180912+09:00
Neighborhood Panel,,,failed,False,2026-08-21T01:38:12.819970+09:00
Neighborhood Pass,20.0,9.0,success,False,2026-08-21T01:43:52.896076+09:00
Neighborhood Path,20.0,0.0,success,False,2026-08-21T01:37:02.343165+09:00
Neighborhood Payoff,,,failed,False,2026-08-27T21:50:02.290136+09:00
Neighborhood Petition,20.0,7.0,success,False,2026-08-21T01:36:31.901113+09:00
Neighborhood Plan,390.0,0.0,success,False,2026-08-21T01:52:50.056270+09:00
Neighborhood Planner,390.0,0.0,success,False,2026-08-21T01:39:12.504942+09:00
Neighborhood Playbook,10.0,0.0,success,False,2026-08-21T01:39:38.707543+09:00
Neighborhood Point,210.0,0.0,success,False,2026-08-21T01:37:05.417257+09:00
Neighborhood Portal,110.0,0.0,success,False,2026-08-21T01:38:01.641770+09:00
Neighborhood Preview,,,failed,False,2026-08-28T01:05:22.748209+09:00
Neighborhood Profile,70.0,1.0,success,False,2026-08-21T01:42:05.228292+09:00
Neighborhood Profit,,,failed,False,2026-08-23T02:58:01.593171+09:00
Neighborhood Proposal,10.0,0.0,success,False,2026-08-28T01:05:26.346049+09:00
Neighborhood Quota,,,failed,False,2026-08-21T01:44:20.732547+09:00
Neighborhood Radar,170.0,0.0,success,False,2026-08-21T01:36:34.077352+09:00
Neighborhood Rank,,,failed,False,2026-08-28T00:47:24.969957+09:00
Neighborhood Rate,720.0,2.0,success,False,2026-08-21T01:42:29.387533+09:00
Neighborhood Recap,,,failed,False,2026-08-21T01:36:31.901113+09:00
Neighborhood Receipt,,,failed,False,2026-08-21T01:43:14.953756+09:00
Neighborhood Register,,,failed,False,2026-08-21T01:39:30.579891+09:00
Neighborhood Relay,,,failed,False,2026-08-21T01:36:34.077352+09:00
Neighborhood Reminder,,,failed,False,2026-08-21T01:42:53.677401+09:00
Neighborhood Report,590.0,3.0,success,False,2026-08-21T01:41:33.473055+09:00
Neighborhood Repository,,,failed,False,2026-08-27T23:10:50.264630+09:00
Neighborhood Ring,590.0,11.0,success,False,2026-08-21T01:38:38.622768+09:00
Neighborhood Roster,,,failed,False,2026-08-21T01:40:53.074721+09:00
Neighborhood Route,,,failed,False,2026-08-21T01:38:21.127852+09:00
Neighborhood Rule,210.0,0.0,success,False,2026-08-23T03:14:46.268297+09:00
Neighborhood Sale,480.0,74.0,success,False,2026-08-21T02:27:13.658425+09:00
Neighborhood Sample,,,failed,False,2026-08-21T01:43:42.058918+09:00
Neighborhood Scale,40.0,0.0,success,False,2026-08-21T01:38:18.535087+09:00
Neighborhood Scanner,30.0,8.0,success,False,2026-08-27T23:53:51.631383+09:00
Neighborhood Score,210.0,1.0,success,False,2026-08-21T01:41:54.360418+09:00
Neighborhood Sheet,,,failed,False,2026-08-21T01:41:46.462785+09:00
Neighborhood Shortfall,,,failed,False,2026-08-27T21:50:06.831063+09:00
Neighborhood Signal,,,failed,False,2026-08-21T01:36:34.077352+09:00
Neighborhood Slip,,,failed,False,2026-08-21T01:43:39.038620+09:00
Neighborhood Slot,,,failed,False,2026-08-21T01:43:47.346655+09:00
Neighborhood Stake,,,failed,False,2026-08-23T02:58:06.031542+09:00
Neighborhood Statement,,,failed,False,2026-08-21T01:44:11.369887+09:00
Neighborhood Station,,,failed,False,2026-08-21T01:37:44.630220+09:00
Neighborhood Status,10.0,0.0,success,False,2026-08-21T01:42:07.777661+09:00
Neighborhood Stub,,,failed,False,2026-08-21T01:44:05.223042+09:00
Neighborhood Studio,590.0,3.0,success,False,2026-08-21T01:37:37.070410+09:00
Neighborhood Subsidy,,,failed,False,2026-08-23T15:52:07.033808+09:00
Neighborhood Sum,,,failed,False,2026-08-21T02:26:53.610271+09:00
Neighborhood Summary,,,failed,False,2026-08-21T01:42:46.013630+09:00
Neighborhood Surtax,,,failed,False,2026-08-23T15:52:10.396341+09:00
Neighborhood Tab,,,failed,False,2026-08-21T01:44:23.485240+09:00
Neighborhood Table,170.0,0.0,success,False,2026-08-21T01:43:31.469604+09:00
Neighborhood Tag,90.0,0.0,success,False,2026-08-21T01:42:02.866390+09:00
Neighborhood Tariff,,,failed,False,2026-08-21T02:43:50.740440+09:00
Neighborhood Tax,90.0,1.0,success,False,2026-08-21T02:10:21.556989+09:00
Neighborhood Terminal,,,failed,False,2026-08-21T01:37:48.907066+09:00
Neighborhood Ticket,2400.0,48.0,success,False,2026-08-21T01:42:58.216620+09:00
Neighborhood Timeline,,,failed,False,2026-08-21T01:42:48.869153+09:00
Neighborhood Toll,,,failed,False,2026-08-21T02:43:44.053859+09:00
Neighborhood Toolbox,20.0,18.0,success,False,2026-08-28T00:24:03.733784+09:00
Neighborhood Tracker,30.0,3.0,success,False,2026-08-21T01:36:31.901113+09:00
Neighborhood Trend,,,failed,False,2026-08-28T01:05:20.139067+09:00
Neighborhood Trial,,,failed,False,2026-08-27T21:19:08.961232+09:00
Neighborhood Unit,480.0,0.0,success,False,2026-08-21T01:52:45.246437+09:00
Neighborhood Update,170.0,0.0,success,False,2026-08-21T01:42:34.994206+09:00
Neighborhood Value,30.0,20.0,success,False,2026-08-23T02:58:03.774409+09:00
Neighborhood Vault,,,failed,False,2026-08-21T01:36:34.077352+09:00
Neighborhood Version,,,failed,False,2026-08-23T03:24:46.219726+09:00
Neighborhood View,390.0,0.0,success,False,2026-08-21T01:42:11.023754+09:00
Neighborhood Voucher,,,failed,False,2026-08-21T01:43:56.070004+09:00
Neighborhood Watch,49500.0,1.0,success,False,2026-08-21T01:36:42.310879+09:00
Neighborhood Wave,,,failed,False,2026-08-21T01:36:57.667235+09:00
Neighborhood Widget,10.0,,success,False,2026-08-27T23:10:47.155079+09:00
Neighborhood Worksheet,320.0,0.0,success,False,2026-08-27T22:14:41.092865+09:00
Neighborhood Workshop,20.0,0.0,success,False,2026-08-28T00:24:01.160084+09:00
Neighborhood Zone,10.0,10.0,success,False,2026-08-21T01:37:57.190809+09:00
Network Advance,70.0,8.0,success,False,2026-08-23T16:17:06.545040+09:00
Network Advisory,210.0,0.0,success,False,2026-08-21T01:08:04.647718+09:00
Network Allowance,,,failed,False,2026-08-21T02:39:41.486000+09:00
Network Almanac,,,failed,False,2026-08-18T22:02:44.404885+09:00
Network Analyzer,12100.0,60.0,success,False,2026-08-27T23:54:52.993731+09:00
Network Anchor,70.0,0.0,success,False,2026-08-17T20:36:22.753454+09:00
Network Announcement,20.0,0.0,success,False,2026-08-27T23:33:53.153275+09:00
Network Arrears,,,failed,False,2026-08-23T16:17:04.207592+09:00
Network Asset,260.0,4.0,success,False,2026-08-23T13:48:06.578216+09:00
Network Assistant,720.0,4.0,success,False,2026-08-17T23:13:41.173741+09:00
Network Atlas,90.0,15.0,success,False,2026-08-17T21:36:17.240271+09:00
Network Attribute,,,failed,False,2026-08-23T13:07:55.793530+09:00
Network Badge,50.0,7.0,success,False,2026-08-21T00:33:34.783519+09:00
Network Base,320.0,4.0,success,False,2026-08-17T21:32:33.876836+09:00
Network Beacon,1300.0,0.0,success,True,2026-08-17T20:40:06.808560+09:00
Network Bill,4400.0,15.0,success,False,2026-08-19T21:51:25.452105+09:00
Network Blueprint,110.0,7.0,success,False,2026-08-18T22:02:33.707465+09:00
Network Board,390.0,36.0,success,False,2026-08-17T20:47:58.336807+09:00
Network Book,4400.0,55.0,success,False,2026-08-19T21:52:24.100892+09:00
Network Bridge,14800.0,18.0,success,False,2026-08-17T20:37:24.505740+09:00
Network Brief,,,failed,False,2026-08-21T01:07:56.327187+09:00
Network Bulletin,,,failed,False,2026-08-21T01:07:51.915989+09:00
Network Calculator,12100.0,0.0,success,True,2026-08-27T23:33:53.153275+09:00
Network Calendar,50.0,4.0,success,False,2026-08-18T23:57:28.259874+09:00
Network Card,14800.0,53.0,success,False,2026-08-19T13:27:50.683202+09:00
Network Cascade,30.0,0.0,success,False,2026-08-17T20:38:16.946588+09:00
Network Cash,10.0,4.0,success,False,2026-08-21T02:23:08.764436+09:00
Network Catalog,20.0,4.0,success,False,2026-08-19T21:05:24.897505+09:00
Network Category,210.0,0.0,success,False,2026-08-23T13:07:55.793530+09:00
Network Center,880.0,6.0,success,False,2026-08-17T20:42:04.175878+09:00
Network Chain,2900.0,6.0,success,False,2026-08-18T07:43:44.841764+09:00
Network Charge,320.0,1.0,success,False,2026-08-21T02:39:27.182357+09:00
Network Check,14800.0,5.0,success,False,2026-08-19T13:28:06.398636+09:00
Network Checker,14800.0,5.0,success,False,2026-08-27T23:54:40.654466+09:00
Network Checklist,90.0,4.0,success,False,2026-08-19T21:04:19.743151+09:00
Network Circular,,,failed,False,2026-08-21T01:08:00.929637+09:00
Network Cockpit,,,failed,False,2026-08-17T23:28:01.386512+09:00
Network Code,1600.0,0.0,success,True,2026-08-19T21:51:50.352396+09:00
Network Codex,,,failed,False,2026-08-18T22:03:03.090691+09:00
Network Companion,50.0,0.0,success,False,2026-08-17T23:11:44.690517+09:00
Network Comparison,590.0,13.0,success,False,2026-08-28T01:05:44.373460+09:00
Network Compass,880.0,1.0,success,False,2026-08-17T20:40:52.985789+09:00
Network Compendium,10.0,0.0,success,False,2026-08-18T22:02:54.576094+09:00
Network Confirmation,20.0,0.0,success,False,2026-08-21T01:08:12.622841+09:00
Network Console,140.0,2.0,success,False,2026-08-17T20:39:37.454360+09:00
Network Contribution,,,failed,False,2026-08-23T16:17:04.207592+09:00
Network Core,3600.0,6.0,success,False,2026-08-17T21:31:23.168898+09:00
Network Cost,6600.0,1.0,success,False,2026-08-21T02:06:40.735071+09:00
Network Counter,260.0,2.0,success,False,2026-08-18T23:58:25.855676+09:00
Network Dashboard,390.0,26.0,success,False,2026-08-17T23:04:27.580981+09:00
Network Deal,110.0,66.0,success,False,2026-08-21T01:59:53.471915+09:00
Network Debt,10.0,21.0,success,False,2026-08-21T02:22:58.653942+09:00
Network Deck,,,failed,False,2026-08-17T20:46:31.116711+09:00
Network Depot,260.0,4.0,success,False,2026-08-18T23:58:07.902911+09:00
Network Desk,20.0,25.0,success,False,2026-08-17T20:44:15.738532+09:00
Network Detail,720.0,2.0,success,False,2026-08-23T03:20:00.686198+09:00
Network Detector,590.0,27.0,success,False,2026-08-27T23:54:48.967937+09:00
Network Diagram,33100.0,9.0,success,False,2026-08-27T22:07:45.490805+09:00
Network Dial,170.0,1.0,success,False,2026-08-17T20:37:57.626492+09:00
Network Digest,10.0,0.0,success,False,2026-08-19T20:47:03.354167+09:00
Network Directory,140.0,0.0,success,False,2026-08-18T23:57:37.423450+09:00
Network Discount,140.0,12.0,success,False,2026-08-23T16:16:57.987177+09:00
Network Dock,210.0,68.0,success,False,2026-08-17T20:34:08.377719+09:00
Network Dossier,,,failed,False,2026-08-21T01:08:15.676788+09:00
Network Draft,10.0,0.0,success,False,2026-08-19T20:47:15.115131+09:00
Network Due,,,failed,False,2026-08-23T15:52:52.908788+09:00
Network Duty,,,failed,False,2026-08-21T02:39:30.658601+09:00
Network Engine,210.0,4.0,success,False,2026-08-17T23:27:03.515384+09:00
Network Entry,10.0,0.0,success,False,2026-08-21T01:08:29.808950+09:00
Network Estimate,10.0,6.0,success,False,2026-08-19T21:05:10.807996+09:00
Network Estimator,,,failed,False,2026-08-27T23:54:35.399736+09:00
Network Excerpt,,,failed,False,2026-08-21T01:08:25.718288+09:00
Network Extension,880.0,7.0,success,False,2026-08-23T16:37:04.042408+09:00
Network Fare,590.0,0.0,success,False,2026-08-21T02:06:47.400251+09:00
Network Fee,720.0,2.0,success,False,2026-08-21T01:59:37.170622+09:00
Network Feed,40.0,1.0,success,False,2026-08-19T20:47:08.500238+09:00
Network Field,140.0,0.0,success,False,2026-08-23T13:07:59.189669+09:00
Network File,320.0,2.0,success,False,2026-08-19T20:46:42.465530+09:00
Network Finder,480.0,7.0,success,False,2026-08-18T23:57:56.092399+09:00
Network Fine,,,failed,False,2026-08-23T02:54:55.052160+09:00
Network Flag,70.0,0.0,success,False,2026-08-21T00:34:14.211470+09:00
Network Flow,2900.0,2.0,success,False,2026-08-17T20:47:13.736905+09:00
Network Forge,,,failed,False,2026-08-17T20:39:13.606540+09:00
Network Form,70.0,0.0,success,False,2026-08-19T13:27:40.228305+09:00
Network Format,30.0,0.0,success,False,2026-08-23T13:08:02.630104+09:00
Network Frame,1600.0,8.0,success,False,2026-08-17T21:33:36.085901+09:00
Network Fund,720.0,3.0,success,False,2026-08-21T02:23:00.928674+09:00
Network Gate,170.0,6.0,success,False,2026-08-17T21:38:26.629916+09:00
Network Grade,,,failed,False,2026-08-21T00:33:55.661658+09:00
Network Graph,6600.0,3.0,success,False,2026-08-27T22:07:30.403670+09:00
Network Grid,1900.0,4.0,success,False,2026-08-18T07:52:41.803734+09:00
Network Guarantee,20.0,0.0,success,False,2026-08-28T01:05:52.718366+09:00
Network Guard,110.0,13.0,success,False,2026-08-17T21:31:56.784481+09:00
Network Guardian,40.0,8.0,success,False,2026-08-28T00:24:36.830973+09:00
Network Guidebook,,,failed,False,2026-08-18T23:51:43.636427+09:00
Network Helpdesk,20.0,23.0,success,False,2026-08-27T22:46:32.374827+09:00
Network Helper,210.0,14.0,success,False,2026-08-28T00:24:41.812871+09:00
Network History,1900.0,1.0,success,False,2026-08-19T20:46:36.801455+09:00
Network Hotline,10.0,0.0,success,False,2026-08-19T21:05:35.157530+09:00
Network Hub,18100.0,42.0,success,False,2026-08-17T20:46:03.469899+09:00
Network Identifier,3600.0,2.0,success,False,2026-08-23T13:07:53.746009+09:00
Network Index,30.0,0.0,success,False,2026-08-19T21:04:33.210036+09:00
Network Insight,260.0,19.0,success,False,2026-08-17T23:27:48.723968+09:00
Network Installment,,,failed,False,2026-08-23T16:17:00.383036+09:00
Network Item,20.0,22.0,success,False,2026-08-21T01:59:40.836410+09:00
Network Journal,590.0,3.0,success,False,2026-08-18T23:51:43.636427+09:00
Network Keeper,10.0,14.0,success,False,2026-08-17T21:34:09.721109+09:00
Network Kit,590.0,100.0,success,False,2026-08-27T22:46:27.298392+09:00
Network Lab,1300.0,6.0,success,False,2026-08-17T20:44:37.629482+09:00
Network Label,170.0,96.0,success,False,2026-08-27T22:07:30.403670+09:00
Network Ledger,,,failed,False,2026-08-17T21:30:15.996537+09:00
Network Lens,,,failed,False,2026-08-17T21:34:39.149688+09:00
Network Level,27100.0,1.0,success,False,2026-08-19T20:46:47.302188+09:00
Network Levy,,,failed,False,2026-08-23T13:48:06.578216+09:00
Network Link,720.0,4.0,success,False,2026-08-23T03:19:53.710314+09:00
Network List,480.0,1.0,success,False,2026-08-19T21:52:01.647797+09:00
Network Loan,390.0,18.0,success,False,2026-08-21T02:06:57.377866+09:00
Network Locator,880.0,0.0,success,False,2026-08-18T23:57:46.664132+09:00
Network Lock,4400.0,7.0,success,False,2026-08-17T21:36:43.981322+09:00
Network Log,1600.0,10.0,success,False,2026-08-19T13:27:22.269137+09:00
Network Loop,2900.0,17.0,success,False,2026-08-17T20:32:32.905502+09:00
Network Manager,9900.0,0.0,success,True,2026-08-17T21:33:08.992358+09:00
Network Manual,170.0,2.0,success,False,2026-08-27T22:07:37.591593+09:00
Network Map,9900.0,16.0,success,False,2026-08-17T21:35:44.584576+09:00
Network Markup,,,failed,False,2026-08-23T16:37:01.033816+09:00
Network Memo,10.0,0.0,success,False,2026-08-21T00:34:01.894402+09:00
Network Message,320.0,0.0,success,False,2026-08-27T23:11:50.094156+09:00
Network Meter,1900.0,13.0,success,False,2026-08-17T20:36:56.303275+09:00
Network Metrics,260.0,7.0,success,False,2026-08-17T23:10:08.054607+09:00
Network Monitor,8100.0,27.0,success,False,2026-08-17T23:15:16.385703+09:00
Network Navigator,210.0,6.0,success,False,2026-08-17T23:28:13.719643+09:00
Network Nexus,2400.0,1.0,success,False,2026-08-17T21:37:21.496927+09:00
Network Node,5400.0,1.0,success,False,2026-08-17T21:40:41.309160+09:00
Network Note,1000.0,1.0,success,False,2026-08-19T13:28:22.445633+09:00
Network Notification,590.0,0.0,success,False,2026-08-27T22:46:23.139331+09:00
Network Number,720.0,2.0,success,False,2026-08-23T03:19:44.954715+09:00
Network Office,390.0,6.0,success,False,2026-08-18T23:58:17.460804+09:00
Network Ops,1300.0,5.0,success,False,2026-08-17T23:06:22.536636+09:00
Network Order,140.0,0.0,success,False,2026-08-19T21:51:16.066048+09:00
Network Organizer,40.0,42.0,success,False,2026-08-17T23:27:34.340862+09:00
Network Overage,,,failed,False,2026-08-27T21:46:08.601206+09:00
Network Overdraft,,,failed,False,2026-08-23T15:52:54.963093+09:00
Network Overdue,,,failed,False,2026-08-27T21:46:06.267558+09:00
Network Panel,880.0,62.0,success,False,2026-08-17T20:38:43.149907+09:00
Network Pass,1600.0,4.0,success,False,2026-08-21T00:33:20.736767+09:00
Network Path,720.0,1.0,success,False,2026-08-17T21:39:19.495692+09:00
Network Penalty,,,failed,False,2026-08-23T16:40:23.481453+09:00
Network Petition,,,failed,False,2026-08-21T01:08:07.982267+09:00
Network Pilot,880.0,4.0,success,False,2026-08-17T20:45:15.345040+09:00
Network Plan,2400.0,16.0,success,False,2026-08-21T01:59:50.051478+09:00
Network Planner,2400.0,16.0,success,False,2026-08-17T23:27:19.198277+09:00
Network Playbook,20.0,0.0,success,False,2026-08-18T23:51:43.636427+09:00
Network Point,1300.0,47.0,success,False,2026-08-17T21:37:55.576177+09:00
Network Portal,260.0,4.0,success,False,2026-08-17T20:40:31.600880+09:00
Network Preview,10.0,0.0,success,False,2026-08-28T01:05:46.959097+09:00
Network Profile,480.0,3.0,success,False,2026-08-19T13:28:43.746659+09:00
Network Profit,590.0,2.0,success,False,2026-08-23T02:54:48.016404+09:00
Network Proposal,70.0,1.0,success,False,2026-08-28T01:05:50.050566+09:00
Network Pulse,1000.0,1.0,success,False,2026-08-18T07:52:51.639177+09:00
Network Queue,170.0,0.0,success,False,2026-08-19T21:04:58.271286+09:00
Network Quota,10.0,0.0,success,False,2026-08-21T00:34:09.449100+09:00
Network Radar,210.0,6.0,success,False,2026-08-17T20:43:25.230587+09:00
Network Rail,60500.0,4.0,success,False,2026-08-17T20:33:08.305690+09:00
Network Rate,210.0,1.0,success,False,2026-08-19T20:46:51.690221+09:00
Network Recap,,,failed,False,2026-08-21T01:08:20.285219+09:00
Network Receipt,,,failed,False,2026-08-19T21:51:38.533092+09:00
Network Recorder,1600.0,62.0,success,False,2026-08-27T23:33:58.782801+09:00
Network Register,5400.0,1.0,success,False,2026-08-17T23:28:37.439215+09:00
Network Registry,5400.0,1.0,success,False,2026-08-18T23:51:43.636427+09:00
Network Relay,320.0,90.0,success,False,2026-08-17T20:42:24.319818+09:00
Network Reminder,10.0,,success,False,2026-08-19T21:04:08.048540+09:00
Network Report,1000.0,3.0,success,False,2026-08-19T13:27:09.579518+09:00
Network Repository,260.0,1.0,success,False,2026-08-27T23:12:02.088858+09:00
Network Result,110.0,0.0,success,False,2026-08-28T00:47:32.809688+09:00
Network Roadmap,880.0,3.0,success,False,2026-08-18T22:03:14.728477+09:00
Network Roster,,,failed,False,2026-08-19T00:36:57.137576+09:00
Network Route,3600.0,7.0,success,False,2026-08-17T20:35:00.475766+09:00
Network Rule,170.0,0.0,success,False,2026-08-23T03:19:56.707699+09:00
Network Sale,260.0,7.0,success,False,2026-08-21T02:23:11.717671+09:00
Network Sample,210.0,0.0,success,False,2026-08-19T21:52:48.982891+09:00
Network Scale,110.0,15.0,success,False,2026-08-17T20:35:59.491401+09:00
Network Scanner,18100.0,20.0,success,False,2026-08-27T23:54:45.435156+09:00
Network Scheduler,720.0,0.0,success,False,2026-08-17T23:08:25.865498+09:00
Network Schematic,210.0,13.0,success,False,2026-08-27T22:28:39.838514+09:00
Network Scope,170.0,2.0,success,False,2026-08-17T20:33:41.175079+09:00
Network Score,70.0,2.0,success,False,2026-08-19T13:28:12.912105+09:00
Network Sentry,30.0,21.0,success,False,2026-08-17T21:35:11.471835+09:00
Network Sheet,90.0,0.0,success,False,2026-08-19T13:27:59.144364+09:00
Network Signal,1600.0,2.0,success,False,2026-08-17T20:35:28.436030+09:00
Network Slip,,,failed,False,2026-08-19T21:52:37.480660+09:00
Network Slot,40.0,0.0,success,False,2026-08-19T21:53:02.852702+09:00
Network Snapshot,20.0,2.0,success,False,2026-08-18T23:51:43.636427+09:00
Network Stake,,,failed,False,2026-08-23T02:54:52.135987+09:00
Network Statement,210.0,1.0,success,False,2026-08-21T00:33:46.093002+09:00
Network Station,320.0,1.0,success,False,2026-08-17T20:43:51.758171+09:00
Network Status,1900.0,2.0,success,False,2026-08-19T20:46:24.803660+09:00
Network Stipend,,,failed,False,2026-08-23T13:48:06.578216+09:00
Network Stub,480.0,0.0,success,False,2026-08-21T00:33:39.786796+09:00
Network Studio,320.0,1.0,success,False,2026-08-17T20:45:40.214755+09:00
Network Subsidy,,,failed,False,2026-08-23T15:52:54.963093+09:00
Network Suite,20.0,6.0,success,False,2026-08-17T23:06:41.076830+09:00
Network Sum,,,failed,False,2026-08-21T02:22:51.042353+09:00
Network Summary,90.0,0.0,success,False,2026-08-19T21:03:38.962662+09:00
Network Surtax,,,failed,False,2026-08-23T15:52:57.176155+09:00
Network Sync,390.0,3.0,success,False,2026-08-17T20:48:31.729678+09:00
Network Tab,1000.0,2.0,success,False,2026-08-21T00:34:18.922168+09:00
Network Table,480.0,0.0,success,False,2026-08-19T21:52:13.387437+09:00
Network Tag,170.0,25.0,success,False,2026-08-19T13:28:33.821561+09:00
Network Tally,,,failed,False,2026-08-21T00:33:50.963808+09:00
Network Tariff,90.0,1.0,success,False,2026-08-21T02:39:46.933675+09:00
Network Tax,40.0,3.0,success,False,2026-08-21T02:06:52.442398+09:00
Network Terminal,720.0,8.0,success,False,2026-08-17T22:51:27.768654+09:00
Network Ticket,210.0,6.0,success,False,2026-08-19T21:04:47.167430+09:00
Network Tier,1600.0,7.0,success,False,2026-08-28T00:47:32.809688+09:00
Network Timeline,90.0,0.0,success,False,2026-08-19T21:03:53.179213+09:00
Network Toll,10.0,0.0,success,False,2026-08-21T02:39:36.901337+09:00
Network Toolbox,480.0,51.0,success,False,2026-08-28T00:24:39.235749+09:00
Network Toolkit,480.0,100.0,success,False,2026-08-18T23:51:43.636427+09:00
Network Total,30.0,14.0,success,False,2026-08-27T23:11:52.510647+09:00
Network Tracker,40500.0,0.0,success,True,2026-08-17T21:30:47.592348+09:00
Network Trail,30.0,1.0,success,False,2026-08-17T20:31:58.373055+09:00
Network Trend,170.0,11.0,success,False,2026-08-28T01:05:40.494261+09:00
Network Trial,590.0,16.0,success,False,2026-08-27T21:13:32.051431+09:00
Network Unit,140.0,24.0,success,False,2026-08-21T01:59:43.959754+09:00
Network Update,480.0,1.0,success,False,2026-08-19T20:46:58.036522+09:00
Network Value,170.0,0.0,success,False,2026-08-23T02:54:50.074152+09:00
Network Vault,30.0,0.0,success,False,2026-08-17T20:41:42.376478+09:00
Network Version,70.0,1.0,success,False,2026-08-23T03:19:49.312069+09:00
Network View,1000.0,14.0,success,False,2026-08-19T20:46:30.162701+09:00
Network Voucher,70.0,58.0,success,False,2026-08-21T00:33:28.430853+09:00
Network Watch,590.0,5.0,success,False,2026-08-17T20:34:33.124318+09:00
Network Wave,90.0,0.0,success,False,2026-08-17T21:41:22.072079+09:00
Network Widget,210.0,1.0,success,False,2026-08-27T23:11:58.068235+09:00
Network Workbench,20.0,5.0,success,False,2026-08-18T23:51:43.636427+09:00
Network Worksheet,320.0,0.0,success,False,2026-08-27T22:07:41.421571+09:00
Network Workshop,210.0,6.0,success,False,2026-08-28T00:24:36.830973+09:00
Network Zone,1000.0,1.0,success,False,2026-08-17T20:41:15.125085+09:00
Nonrenewal Advisory,,,failed,False,2026-08-21T01:03:33.238339+09:00
Nonrenewal Alert,,,failed,False,2026-08-21T00:07:23.788027+09:00
Nonrenewal Allowance,,,failed,False,2026-08-21T02:42:36.894313+09:00
Nonrenewal Analyzer,,,failed,False,2026-08-27T23:52:45.278124+09:00
Nonrenewal Announcement,,,failed,False,2026-08-27T23:32:26.212741+09:00
Nonrenewal Assistant,,,failed,False,2026-08-21T00:06:02.924923+09:00
Nonrenewal Atlas,,,failed,False,2026-08-21T00:05:49.318712+09:00
Nonrenewal Badge,,,failed,False,2026-08-21T00:27:06.966469+09:00
Nonrenewal Balance,,,failed,False,2026-08-23T13:46:27.908972+09:00
Nonrenewal Base,,,failed,False,2026-08-21T00:11:21.339663+09:00
Nonrenewal Bay,,,failed,False,2026-08-21T00:06:59.654665+09:00
Nonrenewal Beacon,,,failed,False,2026-08-21T00:10:34.597077+09:00
Nonrenewal Bill,,,failed,False,2026-08-21T00:09:36.388404+09:00
Nonrenewal Bin,,,failed,False,2026-08-21T00:07:30.087170+09:00
Nonrenewal Board,,,failed,False,2026-08-21T00:11:31.112963+09:00
Nonrenewal Book,,,failed,False,2026-08-21T00:09:59.655575+09:00
Nonrenewal Booth,,,failed,False,2026-08-21T00:06:52.239933+09:00
Nonrenewal Bridge,,,failed,False,2026-08-21T00:10:41.968767+09:00
Nonrenewal Brief,,,failed,False,2026-08-21T01:03:23.160959+09:00
Nonrenewal Bulletin,,,failed,False,2026-08-21T01:03:18.814008+09:00
Nonrenewal Cabinet,,,failed,False,2026-08-27T23:10:05.739440+09:00
Nonrenewal Calendar,,,failed,False,2026-08-21T00:06:31.070365+09:00
Nonrenewal Card,,,failed,False,2026-08-21T00:08:12.228304+09:00
Nonrenewal Cascade,,,failed,False,2026-08-21T00:10:39.439345+09:00
Nonrenewal Cash,,,failed,False,2026-08-21T02:25:44.046093+09:00
Nonrenewal Center,,,failed,False,2026-08-21T00:11:53.848385+09:00
Nonrenewal Chain,,,failed,False,2026-08-21T00:05:32.052210+09:00
Nonrenewal Charge,,,failed,False,2026-08-21T02:42:25.352468+09:00
Nonrenewal Chart,,,failed,False,2026-08-21T00:07:26.703840+09:00
Nonrenewal Check,,,failed,False,2026-08-21T00:08:19.938205+09:00
Nonrenewal Checker,,,failed,False,2026-08-27T23:52:35.044281+09:00
Nonrenewal Circular,,,failed,False,2026-08-21T01:03:27.651766+09:00
Nonrenewal Code,,,failed,False,2026-08-21T00:09:46.713564+09:00
Nonrenewal Comparison,,,failed,False,2026-08-28T01:04:34.359127+09:00
Nonrenewal Confirmation,,,failed,False,2026-08-21T01:03:43.052088+09:00
Nonrenewal Console,,,failed,False,2026-08-19T22:41:50.846543+09:00
Nonrenewal Copayment,,,failed,False,2026-08-23T16:39:18.952764+09:00
Nonrenewal Core,,,failed,False,2026-08-21T00:11:23.626216+09:00
Nonrenewal Cost,,,failed,False,2026-08-21T02:08:37.852191+09:00
Nonrenewal Count,,,failed,False,2026-08-27T22:51:36.322343+09:00
Nonrenewal Counter,,,failed,False,2026-08-21T00:06:45.845117+09:00
Nonrenewal Deal,,,failed,False,2026-08-21T01:51:12.065747+09:00
Nonrenewal Debt,,,failed,False,2026-08-21T02:25:35.476201+09:00
Nonrenewal Deck,,,failed,False,2026-08-21T00:11:33.849438+09:00
Nonrenewal Desk,,,failed,False,2026-08-21T00:10:17.224400+09:00
Nonrenewal Detail,,,failed,False,2026-08-23T03:23:43.125766+09:00
Nonrenewal Detector,,,failed,False,2026-08-27T23:52:42.913738+09:00
Nonrenewal Directory,,,failed,False,2026-08-21T00:06:33.457247+09:00
Nonrenewal Dossier,,,failed,False,2026-08-21T01:03:48.837789+09:00
Nonrenewal Downpayment,,,failed,False,2026-08-27T21:49:22.679951+09:00
Nonrenewal Draft,,,failed,False,2026-08-21T00:09:06.463923+09:00
Nonrenewal Due,,,failed,False,2026-08-23T15:51:42.166674+09:00
Nonrenewal Duty,,,failed,False,2026-08-21T02:42:27.655082+09:00
Nonrenewal Engine,,,failed,False,2026-08-21T00:05:58.957091+09:00
Nonrenewal Entry,,,failed,False,2026-08-21T01:04:02.292645+09:00
Nonrenewal Estimate,,,failed,False,2026-08-21T00:09:30.468859+09:00
Nonrenewal Estimator,,,failed,False,2026-08-27T23:52:32.506891+09:00
Nonrenewal Excerpt,,,failed,False,2026-08-21T01:03:56.741736+09:00
Nonrenewal Fare,,,failed,False,2026-08-21T02:08:44.609671+09:00
Nonrenewal Fee,,,failed,False,2026-08-21T01:50:51.985309+09:00
Nonrenewal Feed,,,failed,False,2026-08-21T00:09:02.871951+09:00
Nonrenewal File,,,failed,False,2026-08-21T00:08:47.899784+09:00
Nonrenewal Fine,,,failed,False,2026-08-23T02:57:30.156609+09:00
Nonrenewal Flag,,,failed,False,2026-08-21T00:28:00.116915+09:00
Nonrenewal Flow,,,failed,False,2026-08-21T00:10:10.668873+09:00
Nonrenewal Forge,,,failed,False,2026-08-21T00:10:37.172281+09:00
Nonrenewal Form,,,failed,False,2026-08-21T00:08:09.199254+09:00
Nonrenewal Frame,,,failed,False,2026-08-21T00:11:18.069642+09:00
Nonrenewal Fund,,,failed,False,2026-08-21T02:25:39.755040+09:00
Nonrenewal Gate,,,failed,False,2026-08-21T00:05:39.660885+09:00
Nonrenewal Generator,,,failed,False,2026-08-27T23:32:36.959010+09:00
Nonrenewal Grade,,,failed,False,2026-08-21T00:27:39.908231+09:00
Nonrenewal Graph,,,failed,False,2026-08-27T22:13:36.218618+09:00
Nonrenewal Grid,,,failed,False,2026-08-21T00:11:01.156571+09:00
Nonrenewal Guarantee,,,failed,False,2026-08-28T01:04:42.727086+09:00
Nonrenewal Guardian,,,failed,False,2026-08-28T00:23:08.180984+09:00
Nonrenewal Helpdesk,,,failed,False,2026-08-27T22:51:39.171829+09:00
Nonrenewal Helper,,,failed,False,2026-08-28T00:23:14.492376+09:00
Nonrenewal History,,,failed,False,2026-08-21T00:08:45.670716+09:00
Nonrenewal Hub,,,failed,False,2026-08-21T00:10:14.810334+09:00
Nonrenewal Identifier,,,failed,False,2026-08-23T13:04:45.223955+09:00
Nonrenewal Inbox,,,failed,False,2026-08-21T00:07:19.615144+09:00
Nonrenewal Index,,,failed,False,2026-08-21T00:09:23.484193+09:00
Nonrenewal Interest,,,failed,False,2026-08-23T13:46:30.859150+09:00
Nonrenewal Item,,,failed,False,2026-08-21T01:50:46.788824+09:00
Nonrenewal Journal,,,failed,False,2026-08-21T00:06:26.162440+09:00
Nonrenewal Keeper,,,failed,False,2026-08-21T00:05:53.181576+09:00
Nonrenewal Lab,,,failed,False,2026-08-21T00:11:44.764762+09:00
Nonrenewal Ledger,,,failed,False,2026-08-21T00:11:27.452285+09:00
Nonrenewal Level,,,failed,False,2026-08-21T00:08:53.382830+09:00
Nonrenewal Levy,,,failed,False,2026-08-23T13:46:32.970542+09:00
Nonrenewal Line,,,failed,False,2026-08-21T00:07:47.780593+09:00
Nonrenewal Link,,,failed,False,2026-08-23T03:23:37.132752+09:00
Nonrenewal List,,,failed,False,2026-08-21T00:09:53.180945+09:00
Nonrenewal Loan,,,failed,False,2026-08-21T02:08:52.269018+09:00
Nonrenewal Lobby,,,failed,False,2026-08-21T00:07:41.757493+09:00
Nonrenewal Locator,,,failed,False,2026-08-21T00:06:35.659041+09:00
Nonrenewal Locker,,,failed,False,2026-08-21T00:06:48.646021+09:00
Nonrenewal Log,,,failed,False,2026-08-21T00:08:06.282154+09:00
Nonrenewal Loop,,,failed,False,2026-08-21T00:10:58.171885+09:00
Nonrenewal Manager,,,failed,False,2026-08-21T00:05:56.272120+09:00
Nonrenewal Manual,,,failed,False,2026-08-27T22:13:43.125947+09:00
Nonrenewal Map,,,failed,False,2026-08-21T00:11:15.329507+09:00
Nonrenewal Marker,,,failed,False,2026-08-23T13:26:57.143655+09:00
Nonrenewal Markup,,,failed,False,2026-08-23T16:39:18.952764+09:00
Nonrenewal Memo,,,failed,False,2026-08-21T00:27:48.036654+09:00
Nonrenewal Message,,,failed,False,2026-08-27T23:09:59.459850+09:00
Nonrenewal Monitor,,,failed,False,2026-08-21T00:06:08.424463+09:00
Nonrenewal Nexus,,,failed,False,2026-08-21T00:05:45.974525+09:00
Nonrenewal Note,,,failed,False,2026-08-21T00:08:29.674648+09:00
Nonrenewal Notification,,,failed,False,2026-08-27T22:51:33.320373+09:00
Nonrenewal Number,,,failed,False,2026-08-23T03:23:31.641874+09:00
Nonrenewal Office,,,failed,False,2026-08-21T00:06:41.845552+09:00
Nonrenewal Ops,,,failed,False,2026-08-21T00:06:19.535864+09:00
Nonrenewal Order,,,failed,False,2026-08-21T00:09:33.821521+09:00
Nonrenewal Outpost,,,failed,False,2026-08-21T00:07:05.249232+09:00
Nonrenewal Overage,,,failed,False,2026-08-27T21:49:20.358831+09:00
Nonrenewal Overdue,,,failed,False,2026-08-27T21:49:13.443578+09:00
Nonrenewal Panel,,,failed,False,2026-08-19T23:13:53.160538+09:00
Nonrenewal Passport,,,failed,False,2026-08-21T00:07:38.957051+09:00
Nonrenewal Path,,,failed,False,2026-08-21T00:11:07.276592+09:00
Nonrenewal Payoff,,,failed,False,2026-08-27T21:49:18.001663+09:00
Nonrenewal Penalty,,,failed,False,2026-08-23T16:39:16.961219+09:00
Nonrenewal Petition,,,failed,False,2026-08-21T01:03:38.520377+09:00
Nonrenewal Plan,,,failed,False,2026-08-21T01:50:54.648591+09:00
Nonrenewal Planner,,,failed,False,2026-08-21T00:06:05.500178+09:00
Nonrenewal Playbook,,,failed,False,2026-08-21T00:06:22.845965+09:00
Nonrenewal Plaza,,,failed,False,2026-08-21T00:07:05.249232+09:00
Nonrenewal Point,,,failed,False,2026-08-21T00:11:09.626115+09:00
Nonrenewal Portal,,,failed,False,2026-08-21T00:12:01.439565+09:00
Nonrenewal Post,,,failed,False,2026-08-21T00:07:02.641295+09:00
Nonrenewal Preview,,,failed,False,2026-08-28T01:04:37.386068+09:00
Nonrenewal Profile,,,failed,False,2026-08-21T00:08:35.535549+09:00
Nonrenewal Profit,,,failed,False,2026-08-23T02:57:19.456946+09:00
Nonrenewal Proposal,,,failed,False,2026-08-28T01:04:40.087199+09:00
Nonrenewal Quota,,,failed,False,2026-08-21T00:27:53.671746+09:00
Nonrenewal Radar,,,failed,False,2026-08-21T00:10:20.448306+09:00
Nonrenewal Rail,,,failed,False,2026-08-21T00:05:26.838977+09:00
Nonrenewal Rate,,,failed,False,2026-08-21T00:08:56.538180+09:00
Nonrenewal Recap,,,failed,False,2026-08-21T01:03:53.377990+09:00
Nonrenewal Receipt,,,failed,False,2026-08-21T00:09:42.716549+09:00
Nonrenewal Recorder,,,failed,False,2026-08-27T23:32:40.029337+09:00
Nonrenewal Register,,,failed,False,2026-08-21T00:06:15.045348+09:00
Nonrenewal Registry,,,failed,False,2026-08-21T00:06:28.229778+09:00
Nonrenewal Relay,,,failed,False,2026-08-21T00:10:23.316441+09:00
Nonrenewal Reminder,,,failed,False,2026-08-21T00:09:19.692750+09:00
Nonrenewal Report,,,failed,False,2026-08-21T00:07:59.311862+09:00
Nonrenewal Repository,,,failed,False,2026-08-27T23:10:09.258839+09:00
Nonrenewal Ring,,,failed,False,2026-08-21T00:05:36.511484+09:00
Nonrenewal Roll,,,failed,False,2026-08-21T00:07:55.712848+09:00
Nonrenewal Route,,,failed,False,2026-08-21T00:05:23.895920+09:00
Nonrenewal Rule,,,failed,False,2026-08-23T03:23:40.065475+09:00
Nonrenewal Sale,,,failed,False,2026-08-21T02:25:47.031494+09:00
Nonrenewal Sample,,,failed,False,2026-08-21T00:10:04.105660+09:00
Nonrenewal Scale,,,failed,False,2026-08-21T00:05:21.567045+09:00
Nonrenewal Scanner,,,failed,False,2026-08-27T23:52:37.462117+09:00
Nonrenewal Scope,,,failed,False,2026-08-21T00:10:55.494824+09:00
Nonrenewal Score,,,failed,False,2026-08-21T00:08:22.856324+09:00
Nonrenewal Sheet,,,failed,False,2026-08-21T00:08:16.662845+09:00
Nonrenewal Shortfall,,,failed,False,2026-08-27T21:49:24.879038+09:00
Nonrenewal Signal,,,failed,False,2026-08-21T00:10:48.719546+09:00
Nonrenewal Signature,,,failed,False,2026-08-23T13:26:57.143655+09:00
Nonrenewal Slip,,,failed,False,2026-08-21T00:10:01.982446+09:00
Nonrenewal Slot,,,failed,False,2026-08-21T00:10:06.230079+09:00
Nonrenewal Stage,,,failed,False,2026-08-28T00:47:00.263771+09:00
Nonrenewal Stake,,,failed,False,2026-08-23T02:57:24.970560+09:00
Nonrenewal Stamp,,,failed,False,2026-08-23T13:26:57.143655+09:00
Nonrenewal Statement,,,failed,False,2026-08-21T00:27:24.500136+09:00
Nonrenewal Station,,,failed,False,2026-08-21T00:11:47.014910+09:00
Nonrenewal Status,,,failed,False,2026-08-21T00:08:39.923175+09:00
Nonrenewal Stub,,,failed,False,2026-08-21T00:27:15.534212+09:00
Nonrenewal Studio,,,failed,False,2026-08-21T00:11:37.455869+09:00
Nonrenewal Sum,,,failed,False,2026-08-21T02:25:31.969034+09:00
Nonrenewal Summary,,,failed,False,2026-08-21T00:09:09.007645+09:00
Nonrenewal Tab,,,failed,False,2026-08-21T00:28:11.670318+09:00
Nonrenewal Table,,,failed,False,2026-08-21T00:09:56.547234+09:00
Nonrenewal Tag,,,failed,False,2026-08-21T00:08:32.112101+09:00
Nonrenewal Tally,,,failed,False,2026-08-21T00:27:32.429911+09:00
Nonrenewal Tariff,,,failed,False,2026-08-21T02:42:39.559962+09:00
Nonrenewal Tax,,,failed,False,2026-08-21T02:08:48.919404+09:00
Nonrenewal Terminal,,,failed,False,2026-08-21T00:11:51.224044+09:00
Nonrenewal Ticker,,,failed,False,2026-08-21T00:07:44.849905+09:00
Nonrenewal Ticket,,,failed,False,2026-08-21T00:09:26.936437+09:00
Nonrenewal Timeline,,,failed,False,2026-08-21T00:09:11.987938+09:00
Nonrenewal Timer,,,failed,False,2026-08-28T00:23:05.201958+09:00
Nonrenewal Toll,,,failed,False,2026-08-21T02:42:30.088898+09:00
Nonrenewal Toolbox,,,failed,False,2026-08-28T00:23:11.653599+09:00
Nonrenewal Total,,,failed,False,2026-08-27T23:10:02.620929+09:00
Nonrenewal Tower,,,failed,False,2026-08-21T00:07:10.102459+09:00
Nonrenewal Tracker,,,failed,False,2026-08-21T00:10:08.386733+09:00
Nonrenewal Trail,,,failed,False,2026-08-21T00:05:29.824761+09:00
Nonrenewal Trend,,,failed,False,2026-08-28T01:04:31.429165+09:00
Nonrenewal Trial,,,failed,False,2026-08-27T21:18:01.606713+09:00
Nonrenewal Unit,,,failed,False,2026-08-21T01:51:00.424955+09:00
Nonrenewal Update,,,failed,False,2026-08-21T00:09:00.299581+09:00
Nonrenewal Value,,,failed,False,2026-08-23T02:57:21.827227+09:00
Nonrenewal Vault,,,failed,False,2026-08-21T00:10:27.698876+09:00
Nonrenewal Version,,,failed,False,2026-08-23T03:23:34.197835+09:00
Nonrenewal View,,,failed,False,2026-08-21T00:08:43.301972+09:00
Nonrenewal Voucher,,,failed,False,2026-08-21T00:26:55.838634+09:00
Nonrenewal Watch,,,failed,False,2026-08-21T00:10:51.522547+09:00
Nonrenewal Wave,,,failed,False,2026-08-21T00:11:04.008018+09:00
Nonrenewal Widget,,,failed,False,2026-08-27T23:10:02.620929+09:00
Nonrenewal Window,,,failed,False,2026-08-21T00:07:51.744677+09:00
Nonrenewal Worksheet,,,failed,False,2026-08-27T22:13:43.125947+09:00
Nonrenewal Yard,,,failed,False,2026-08-21T00:06:57.541230+09:00
Nonrenewal Zone,,,failed,False,2026-08-21T00:11:58.658369+09:00
Notarization Advance,,,failed,False,2026-08-23T16:14:37.846068+09:00
Notarization Alert,,,failed,False,2026-08-19T21:07:18.151537+09:00
Notarization Allowance,,,failed,False,2026-08-21T02:43:53.941468+09:00
Notarization Analyzer,,,failed,False,2026-08-27T23:51:04.044510+09:00
Notarization Assistant,,,failed,False,2026-08-19T21:31:09.123245+09:00
Notarization Atlas,,,failed,False,2026-08-19T21:30:39.077841+09:00
Notarization Attribute,,,failed,False,2026-08-23T13:05:17.487653+09:00
Notarization Badge,,,failed,False,2026-08-21T00:25:52.909138+09:00
Notarization Balance,,,failed,False,2026-08-23T13:46:32.970542+09:00
Notarization Base,,,failed,False,2026-08-19T21:18:32.816387+09:00
Notarization Bay,,,failed,False,2026-08-19T21:05:37.228592+09:00
Notarization Beacon,,,failed,False,2026-08-19T21:16:02.434865+09:00
Notarization Bill,10.0,0.0,success,False,2026-08-19T22:00:12.371601+09:00
Notarization Board,,,failed,False,2026-08-19T21:19:09.949699+09:00
Notarization Book,,,failed,False,2026-08-19T22:01:01.799694+09:00
Notarization Booth,,,failed,False,2026-08-19T21:05:02.074506+09:00
Notarization Bridge,,,failed,False,2026-08-19T21:16:36.317434+09:00
Notarization Brief,,,failed,False,2026-08-21T01:01:17.697392+09:00
Notarization Bulletin,,,failed,False,2026-08-21T01:01:13.751057+09:00
Notarization Calculator,,,failed,False,2026-08-27T23:37:06.230002+09:00
Notarization Calendar,,,failed,False,2026-08-19T21:03:27.831086+09:00
Notarization Card,,,failed,False,2026-08-19T21:09:27.813218+09:00
Notarization Cascade,,,failed,False,2026-08-19T21:16:25.825046+09:00
Notarization Cash,,,failed,False,2026-08-21T02:27:35.877276+09:00
Notarization Cashback,,,failed,False,2026-08-27T21:17:29.346524+09:00
Notarization Catalog,,,failed,False,2026-08-19T21:14:11.257032+09:00
Notarization Category,,,failed,False,2026-08-23T13:05:17.487653+09:00
Notarization Center,,,failed,False,2026-08-19T21:29:00.879622+09:00
Notarization Chain,,,failed,False,2026-08-19T21:30:10.428031+09:00
Notarization Charge,,,failed,False,2026-08-21T02:43:47.739499+09:00
Notarization Chart,,,failed,False,2026-08-19T21:07:27.526395+09:00
Notarization Check,,,failed,False,2026-08-19T21:09:50.193216+09:00
Notarization Checker,,,failed,False,2026-08-27T23:50:54.897553+09:00
Notarization Checklist,,,failed,False,2026-08-19T21:13:15.643031+09:00
Notarization Code,,,failed,False,2026-08-19T22:00:33.480377+09:00
Notarization Compass,,,failed,False,2026-08-19T21:15:52.181697+09:00
Notarization Confirmation,,,failed,False,2026-08-21T01:01:30.993537+09:00
Notarization Console,,,failed,False,2026-08-19T21:29:26.779055+09:00
Notarization Core,,,failed,False,2026-08-19T21:18:46.381283+09:00
Notarization Cost,320.0,16.0,success,False,2026-08-21T02:10:55.409815+09:00
Notarization Count,,,failed,False,2026-08-27T22:50:33.048353+09:00
Notarization Counter,,,failed,False,2026-08-19T21:04:36.711918+09:00
Notarization Coupon,,,failed,False,2026-08-27T21:17:29.346524+09:00
Notarization Deal,,,failed,False,2026-08-21T01:54:20.819048+09:00
Notarization Debt,,,failed,False,2026-08-21T02:27:29.296336+09:00
Notarization Deck,,,failed,False,2026-08-19T21:19:23.397844+09:00
Notarization Desk,,,failed,False,2026-08-19T21:15:09.209545+09:00
Notarization Detail,,,failed,False,2026-08-23T03:24:42.957554+09:00
Notarization Detector,,,failed,False,2026-08-27T23:51:00.030552+09:00
Notarization Diagram,,,failed,False,2026-08-27T22:13:04.123105+09:00
Notarization Digest,,,failed,False,2026-08-19T21:12:07.891173+09:00
Notarization Directory,,,failed,False,2026-08-19T21:03:41.880915+09:00
Notarization Discount,,,failed,False,2026-08-23T16:14:33.783950+09:00
Notarization Dossier,,,failed,False,2026-08-21T01:01:35.076961+09:00
Notarization Downpayment,,,failed,False,2026-08-27T21:48:40.249889+09:00
Notarization Draft,,,failed,False,2026-08-19T21:12:30.069108+09:00
Notarization Due,,,failed,False,2026-08-23T15:51:42.166674+09:00
Notarization Duty,,,failed,False,2026-08-21T02:43:47.739499+09:00
Notarization Engine,,,failed,False,2026-08-19T21:31:03.580111+09:00
Notarization Entry,,,failed,False,2026-08-21T01:01:47.037702+09:00
Notarization Estimate,,,failed,False,2026-08-19T21:14:01.404689+09:00
Notarization Estimator,,,failed,False,2026-08-27T23:50:52.077690+09:00
Notarization Extension,,,failed,False,2026-08-23T16:39:10.446274+09:00
Notarization Fare,,,failed,False,2026-08-21T02:11:01.471090+09:00
Notarization Fee,9900.0,8.0,success,False,2026-08-21T01:54:04.879612+09:00
Notarization Feed,,,failed,False,2026-08-19T21:12:20.631006+09:00
Notarization File,,,failed,False,2026-08-19T21:11:23.723554+09:00
Notarization Finder,,,failed,False,2026-08-19T21:04:09.833583+09:00
Notarization Fine,,,failed,False,2026-08-23T02:58:08.701487+09:00
Notarization Flag,,,failed,False,2026-08-21T00:26:30.376720+09:00
Notarization Flow,,,failed,False,2026-08-19T21:14:42.578262+09:00
Notarization Form,260.0,30.0,success,False,2026-08-19T21:09:13.421479+09:00
Notarization Format,260.0,30.0,success,False,2026-08-23T13:05:23.446570+09:00
Notarization Frame,,,failed,False,2026-08-19T21:18:22.582804+09:00
Notarization Fund,,,failed,False,2026-08-21T02:27:33.001702+09:00
Notarization Gate,,,failed,False,2026-08-19T21:30:24.987558+09:00
Notarization Generator,,,failed,False,2026-08-27T23:37:06.230002+09:00
Notarization Giveaway,,,failed,False,2026-08-27T21:17:37.644775+09:00
Notarization Graph,,,failed,False,2026-08-27T22:12:52.289733+09:00
Notarization Grid,,,failed,False,2026-08-19T21:17:35.138769+09:00
Notarization Guarantee,,,failed,False,2026-08-28T01:02:54.819638+09:00
Notarization Guardian,,,failed,False,2026-08-28T00:21:24.701670+09:00
Notarization Helpdesk,,,failed,False,2026-08-27T22:50:35.805109+09:00
Notarization Helper,,,failed,False,2026-08-28T00:21:30.022858+09:00
Notarization History,,,failed,False,2026-08-19T21:11:12.970448+09:00
Notarization Hotline,,,failed,False,2026-08-19T21:14:21.531663+09:00
Notarization Hub,,,failed,False,2026-08-19T21:14:53.889746+09:00
Notarization Identifier,,,failed,False,2026-08-23T13:05:15.223495+09:00
Notarization Inbox,,,failed,False,2026-08-19T21:07:06.926428+09:00
Notarization Incentive,,,failed,False,2026-08-27T21:17:34.468079+09:00
Notarization Index,,,failed,False,2026-08-19T21:13:25.403661+09:00
Notarization Installment,,,failed,False,2026-08-23T16:14:33.783950+09:00
Notarization Interest,,,failed,False,2026-08-23T13:46:35.892255+09:00
Notarization Item,,,failed,False,2026-08-21T01:54:08.146374+09:00
Notarization Journal,,,failed,False,2026-08-19T21:32:13.666054+09:00
Notarization Keeper,,,failed,False,2026-08-19T21:30:45.595196+09:00
Notarization Kiosk,,,failed,False,2026-08-19T21:05:12.493876+09:00
Notarization Kit,,,failed,False,2026-08-27T22:50:28.774616+09:00
Notarization Lab,,,failed,False,2026-08-19T21:19:47.057352+09:00
Notarization Ledger,,,failed,False,2026-08-19T21:19:00.035786+09:00
Notarization Level,,,failed,False,2026-08-19T21:11:31.992305+09:00
Notarization Levy,,,failed,False,2026-08-23T13:46:35.892255+09:00
Notarization Line,,,failed,False,2026-08-19T21:08:17.191236+09:00
Notarization Link,,,failed,False,2026-08-23T03:24:36.035969+09:00
Notarization List,,,failed,False,2026-08-19T22:00:43.745625+09:00
Notarization Loan,,,failed,False,2026-08-21T02:11:07.536158+09:00
Notarization Lobby,,,failed,False,2026-08-19T21:07:57.029357+09:00
Notarization Locker,,,failed,False,2026-08-19T21:04:49.568415+09:00
Notarization Log,,,failed,False,2026-08-19T21:09:00.850536+09:00
Notarization Loop,,,failed,False,2026-08-19T21:17:25.572760+09:00
Notarization Manager,,,failed,False,2026-08-19T21:30:54.257177+09:00
Notarization Manual,,,failed,False,2026-08-27T22:12:55.481525+09:00
Notarization Map,,,failed,False,2026-08-19T21:18:11.999906+09:00
Notarization Margin,,,failed,False,2026-08-23T02:58:06.031542+09:00
Notarization Markup,,,failed,False,2026-08-23T16:39:07.006923+09:00
Notarization Memo,,,failed,False,2026-08-21T00:26:21.311990+09:00
Notarization Message,,,failed,False,2026-08-27T23:16:07.710810+09:00
Notarization Monitor,,,failed,False,2026-08-19T21:31:31.502788+09:00
Notarization Nexus,,,failed,False,2026-08-19T21:30:31.013934+09:00
Notarization Note,,,failed,False,2026-08-19T21:10:18.944671+09:00
Notarization Notification,,,failed,False,2026-08-27T22:50:26.115784+09:00
Notarization Number,,,failed,False,2026-08-23T03:24:30.095281+09:00
Notarization Office,140.0,32.0,success,False,2026-08-19T21:04:22.708628+09:00
Notarization Ops,,,failed,False,2026-08-19T21:31:59.320296+09:00
Notarization Order,,,failed,False,2026-08-19T22:00:01.898557+09:00
Notarization Outline,,,failed,False,2026-08-27T22:29:16.006701+09:00
Notarization Overage,,,failed,False,2026-08-27T21:48:40.249889+09:00
Notarization Overdue,,,failed,False,2026-08-27T21:48:35.689301+09:00
Notarization Panel,,,failed,False,2026-08-19T21:29:34.148902+09:00
Notarization Pass,,,failed,False,2026-08-21T00:25:40.973918+09:00
Notarization Passport,,,failed,False,2026-08-19T21:07:47.829296+09:00
Notarization Path,,,failed,False,2026-08-19T21:17:53.819858+09:00
Notarization Payoff,,,failed,False,2026-08-27T21:48:38.041939+09:00
Notarization Petition,,,failed,False,2026-08-21T01:01:28.263811+09:00
Notarization Plan,,,failed,False,2026-08-21T01:54:15.077260+09:00
Notarization Playbook,,,failed,False,2026-08-19T21:32:06.209951+09:00
Notarization Point,,,failed,False,2026-08-19T21:18:01.862049+09:00
Notarization Portal,,,failed,False,2026-08-19T21:29:19.590151+09:00
Notarization Post,,,failed,False,2026-08-19T21:05:49.435162+09:00
Notarization Preview,,,failed,False,2026-08-28T01:02:51.015649+09:00
Notarization Profile,,,failed,False,2026-08-19T21:10:38.305423+09:00
Notarization Profit,,,failed,False,2026-08-23T02:57:59.639367+09:00
Notarization Queue,,,failed,False,2026-08-19T21:13:50.204351+09:00
Notarization Quota,,,failed,False,2026-08-21T00:26:25.580219+09:00
Notarization Radar,,,failed,False,2026-08-19T21:15:20.790094+09:00
Notarization Rail,,,failed,False,2026-08-19T21:29:53.324584+09:00
Notarization Rate,,,failed,False,2026-08-19T21:11:44.619551+09:00
Notarization Receipt,,,failed,False,2026-08-19T22:00:23.357458+09:00
Notarization Recorder,,,failed,False,2026-08-27T23:37:11.995923+09:00
Notarization Register,,,failed,False,2026-08-19T21:31:50.558670+09:00
Notarization Registry,,,failed,False,2026-08-19T21:32:21.399233+09:00
Notarization Relay,,,failed,False,2026-08-19T21:15:31.407245+09:00
Notarization Reminder,,,failed,False,2026-08-19T21:13:02.504471+09:00
Notarization Report,,,failed,False,2026-08-19T21:08:50.261483+09:00
Notarization Repository,,,failed,False,2026-08-27T23:16:13.930951+09:00
Notarization Result,,,failed,False,2026-08-28T00:45:59.297593+09:00
Notarization Ring,,,failed,False,2026-08-19T21:30:16.349132+09:00
Notarization Roll,,,failed,False,2026-08-19T21:08:37.744349+09:00
Notarization Roster,,,failed,False,2026-08-19T21:06:52.977513+09:00
Notarization Route,,,failed,False,2026-08-19T21:29:47.496953+09:00
Notarization Rule,,,failed,False,2026-08-23T03:24:40.640287+09:00
Notarization Sale,,,failed,False,2026-08-21T02:27:38.390107+09:00
Notarization Sample,1300.0,48.0,success,False,2026-08-19T22:01:20.262131+09:00
Notarization Scale,,,failed,False,2026-08-19T21:29:40.498335+09:00
Notarization Scheduler,,,failed,False,2026-08-19T21:31:23.417988+09:00
Notarization Scope,,,failed,False,2026-08-19T21:17:15.430061+09:00
Notarization Sheet,,,failed,False,2026-08-19T21:09:40.471721+09:00
Notarization Shortfall,,,failed,False,2026-08-27T21:48:42.861590+09:00
Notarization Signal,,,failed,False,2026-08-19T21:16:48.614230+09:00
Notarization Signature,1300.0,16.0,success,False,2026-08-23T13:27:02.624073+09:00
Notarization Slip,,,failed,False,2026-08-19T22:01:11.142813+09:00
Notarization Slot,,,failed,False,2026-08-19T22:01:31.900197+09:00
Notarization Stage,,,failed,False,2026-08-28T00:45:55.588446+09:00
Notarization Stamp,170.0,99.0,success,False,2026-08-23T13:27:05.347974+09:00
Notarization Statement,70.0,39.0,success,False,2026-08-21T00:26:05.533599+09:00
Notarization Station,,,failed,False,2026-08-19T21:19:58.668783+09:00
Notarization Status,,,failed,False,2026-08-19T21:10:50.221080+09:00
Notarization Stub,,,failed,False,2026-08-21T00:26:00.566845+09:00
Notarization Studio,,,failed,False,2026-08-19T21:19:35.712806+09:00
Notarization Sum,,,failed,False,2026-08-21T02:27:26.146379+09:00
Notarization Summary,,,failed,False,2026-08-19T21:12:39.256118+09:00
Notarization Table,,,failed,False,2026-08-19T22:00:52.695969+09:00
Notarization Tag,,,failed,False,2026-08-19T21:10:29.402308+09:00
Notarization Tally,,,failed,False,2026-08-21T00:26:10.737162+09:00
Notarization Tariff,,,failed,False,2026-08-21T02:43:57.292345+09:00
Notarization Tax,,,failed,False,2026-08-21T02:11:04.805408+09:00
Notarization Terminal,,,failed,False,2026-08-19T21:20:10.804990+09:00
Notarization Ticker,,,failed,False,2026-08-19T21:08:07.894185+09:00
Notarization Ticket,,,failed,False,2026-08-19T21:13:38.700903+09:00
Notarization Timeline,,,failed,False,2026-08-19T21:12:51.464479+09:00
Notarization Timer,,,failed,False,2026-08-28T00:21:22.221803+09:00
Notarization Toll,,,failed,False,2026-08-21T02:43:50.740440+09:00
Notarization Toolbox,,,failed,False,2026-08-28T00:21:27.462723+09:00
Notarization Total,,,failed,False,2026-08-27T23:16:11.688627+09:00
Notarization Tracker,,,failed,False,2026-08-19T21:14:31.473745+09:00
Notarization Trail,,,failed,False,2026-08-19T21:30:03.373519+09:00
Notarization Trial,,,failed,False,2026-08-27T21:17:31.626510+09:00
Notarization Unit,,,failed,False,2026-08-21T02:05:51.453888+09:00
Notarization Update,,,failed,False,2026-08-19T21:11:58.211530+09:00
Notarization Value,,,failed,False,2026-08-23T02:58:01.593171+09:00
Notarization Vault,,,failed,False,2026-08-19T21:15:42.753829+09:00
Notarization Version,,,failed,False,2026-08-23T03:24:33.433692+09:00
Notarization View,,,failed,False,2026-08-19T21:11:02.607888+09:00
Notarization Voucher,,,failed,False,2026-08-21T00:25:45.592013+09:00
Notarization Watch,,,failed,False,2026-08-19T21:17:02.639874+09:00
Notarization Widget,,,failed,False,2026-08-27T23:16:11.688627+09:00
Notarization Window,,,failed,False,2026-08-19T21:08:27.297609+09:00
Notarization Worksheet,,,failed,False,2026-08-27T22:13:01.149795+09:00
Notarization Workshop,,,failed,False,2026-08-28T00:21:24.701670+09:00
Notarization Zone,,,failed,False,2026-08-19T21:29:10.316262+09:00
Notice Alert,1600.0,0.0,success,True,2026-08-19T20:37:42.979136+09:00
Notice Allowance,,,failed,False,2026-08-21T02:44:16.067023+09:00
Notice Analyzer,,,failed,False,2026-08-27T23:51:24.335890+09:00
Notice Assistant,,,failed,False,2026-08-19T20:47:08.500238+09:00
Notice Atlas,,,failed,False,2026-08-19T20:46:47.302188+09:00
Notice Beacon,,,failed,False,2026-08-19T20:42:39.884460+09:00
Notice Bill,20.0,0.0,success,False,2026-08-19T22:01:01.799694+09:00
Notice Board,49500.0,100.0,success,False,2026-08-19T20:44:48.132741+09:00
Notice Book,135000.0,84.0,success,False,2026-08-19T22:01:53.877884+09:00
Notice Booth,,,failed,False,2026-08-19T20:48:51.281701+09:00
Notice Brief,,,failed,False,2026-08-21T01:01:32.949178+09:00
Notice Bulletin,,,failed,False,2026-08-21T01:01:30.993537+09:00
Notice Calendar,50.0,4.0,success,False,2026-08-19T20:48:09.734804+09:00
Notice Card,140.0,8.0,success,False,2026-08-19T20:39:24.748166+09:00
Notice Cascade,,,failed,False,2026-08-19T20:42:59.296448+09:00
Notice Cash,10.0,0.0,success,False,2026-08-21T02:28:12.321639+09:00
Notice Catalog,,,failed,False,2026-08-19T21:14:53.889746+09:00
Notice Center,40.0,0.0,success,False,2026-08-19T20:45:35.048925+09:00
Notice Charge,40.0,0.0,success,False,2026-08-21T02:44:07.576254+09:00
Notice Check,70.0,0.0,success,False,2026-08-19T20:39:41.503731+09:00
Notice Checker,,,failed,False,2026-08-27T23:51:15.530091+09:00
Notice Checklist,,,failed,False,2026-08-19T21:14:01.404689+09:00
Notice Code,50.0,0.0,success,False,2026-08-19T22:01:20.262131+09:00
Notice Comparison,,,failed,False,2026-08-28T01:03:04.018813+09:00
Notice Confirmation,,,failed,False,2026-08-21T01:01:54.342698+09:00
Notice Cost,,,failed,False,2026-08-21T02:11:23.948204+09:00
Notice Count,,,failed,False,2026-08-27T22:50:57.800091+09:00
Notice Deal,,,failed,False,2026-08-21T01:55:03.003035+09:00
Notice Debt,,,failed,False,2026-08-21T02:28:03.624635+09:00
Notice Desk,10.0,5.0,success,False,2026-08-19T20:42:09.827682+09:00
Notice Detail,210.0,0.0,success,False,2026-08-23T03:15:06.713636+09:00
Notice Detector,,,failed,False,2026-08-27T23:51:21.141566+09:00
Notice Digest,,,failed,False,2026-08-19T20:41:25.975881+09:00
Notice Dossier,,,failed,False,2026-08-21T01:02:00.042656+09:00
Notice Downpayment,,,failed,False,2026-08-27T21:49:04.119579+09:00
Notice Draft,1000.0,1.0,success,False,2026-08-19T20:41:40.323358+09:00
Notice Due,210.0,0.0,success,False,2026-08-23T15:51:47.066948+09:00
Notice Duty,,,failed,False,2026-08-21T02:44:11.415890+09:00
Notice Engine,10.0,0.0,success,False,2026-08-19T20:47:03.354167+09:00
Notice Entry,1300.0,0.0,success,True,2026-08-21T01:02:13.283707+09:00
Notice Estimate,,,failed,False,2026-08-19T21:14:42.578262+09:00
Notice Estimator,,,failed,False,2026-08-27T23:51:15.530091+09:00
Notice Excerpt,,,failed,False,2026-08-21T01:02:59.724963+09:00
Notice Extension,,,failed,False,2026-08-23T16:39:21.186657+09:00
Notice Fare,,,failed,False,2026-08-21T02:11:30.479876+09:00
Notice Fee,390.0,0.0,success,False,2026-08-21T01:54:42.335376+09:00
Notice Feed,,,failed,False,2026-08-19T20:41:36.001931+09:00
Notice File,590.0,0.0,success,False,2026-08-19T20:40:46.834660+09:00
Notice Finder,30.0,0.0,success,False,2026-08-19T20:48:28.899410+09:00
Notice Fine,,,failed,False,2026-08-23T02:58:33.536123+09:00
Notice Flag,20.0,12.0,success,False,2026-08-21T00:26:55.838634+09:00
Notice Flow,,,failed,False,2026-08-19T20:41:54.948325+09:00
Notice Forge,,,failed,False,2026-08-19T20:42:46.732728+09:00
Notice Form,27100.0,0.0,success,True,2026-08-19T20:39:14.214038+09:00
Notice Format,27100.0,0.0,success,True,2026-08-23T13:05:41.403029+09:00
Notice Fund,,,failed,False,2026-08-21T02:28:08.522679+09:00
Notice Gate,,,failed,False,2026-08-19T20:46:36.801455+09:00
Notice Generator,4400.0,36.0,success,False,2026-08-27T23:31:16.874593+09:00
Notice Graph,,,failed,False,2026-08-27T22:13:16.015424+09:00
Notice Guardian,10.0,,success,False,2026-08-28T00:21:45.963780+09:00
Notice Helpdesk,,,failed,False,2026-08-27T22:51:00.093213+09:00
Notice Helper,,,failed,False,2026-08-28T00:21:51.591333+09:00
Notice History,20.0,0.0,success,False,2026-08-19T20:40:37.869711+09:00
Notice Hotline,,,failed,False,2026-08-19T21:15:06.542256+09:00
Notice Hub,30.0,0.0,success,False,2026-08-19T20:41:59.995024+09:00
Notice Identifier,,,failed,False,2026-08-23T13:05:32.456522+09:00
Notice Inbox,,,failed,False,2026-08-19T20:37:34.944185+09:00
Notice Index,,,failed,False,2026-08-19T21:14:11.257032+09:00
Notice Item,,,failed,False,2026-08-21T01:54:44.608475+09:00
Notice Journal,10.0,0.0,success,False,2026-08-19T20:47:55.040652+09:00
Notice Kit,10.0,0.0,success,False,2026-08-27T22:50:55.041515+09:00
Notice Layout,390.0,1.0,success,False,2026-08-27T22:29:20.594574+09:00
Notice Ledger,,,failed,False,2026-08-19T20:44:39.695908+09:00
Notice Level,10.0,0.0,success,False,2026-08-19T20:41:00.818648+09:00
Notice Link,20.0,0.0,success,False,2026-08-23T03:14:59.429482+09:00
Notice List,170.0,0.0,success,False,2026-08-19T22:01:31.900197+09:00
Notice Loan,10.0,9.0,success,False,2026-08-21T02:11:38.732794+09:00
Notice Log,10.0,0.0,success,False,2026-08-19T20:39:07.135209+09:00
Notice Manager,50.0,0.0,success,False,2026-08-19T20:46:58.036522+09:00
Notice Manual,,,failed,False,2026-08-27T22:13:24.343596+09:00
Notice Map,170.0,0.0,success,False,2026-08-19T20:44:05.928260+09:00
Notice Margin,,,failed,False,2026-08-23T02:58:29.711332+09:00
Notice Markup,,,failed,False,2026-08-23T16:39:16.961219+09:00
Notice Memo,90.0,0.0,success,False,2026-08-21T00:26:43.816315+09:00
Notice Monitor,,,failed,False,2026-08-19T20:47:28.016879+09:00
Notice Nexus,10.0,0.0,success,False,2026-08-19T20:46:42.465530+09:00
Notice Number,480.0,0.0,success,False,2026-08-23T03:14:46.268297+09:00
Notice Ops,,,failed,False,2026-08-19T20:47:43.737608+09:00
Notice Order,260.0,0.0,success,False,2026-08-19T22:00:52.695969+09:00
Notice Overage,,,failed,False,2026-08-27T21:49:01.717649+09:00
Notice Overdue,,,failed,False,2026-08-27T21:48:57.191063+09:00
Notice Payoff,,,failed,False,2026-08-27T21:48:59.482652+09:00
Notice Penalty,,,failed,False,2026-08-23T16:39:16.961219+09:00
Notice Petition,,,failed,False,2026-08-21T01:01:47.037702+09:00
Notice Plan,590.0,0.0,success,False,2026-08-21T01:54:58.367500+09:00
Notice Playbook,10.0,0.0,success,False,2026-08-19T20:47:48.078194+09:00
Notice Portal,30.0,0.0,success,False,2026-08-19T20:45:48.837053+09:00
Notice Post,320.0,2.0,success,False,2026-08-19T20:49:12.755513+09:00
Notice Preview,,,failed,False,2026-08-28T01:03:04.018813+09:00
Notice Profit,,,failed,False,2026-08-23T02:58:24.249422+09:00
Notice Proposal,,,failed,False,2026-08-28T01:03:06.788782+09:00
Notice Queue,,,failed,False,2026-08-19T21:14:31.473745+09:00
Notice Radar,10.0,0.0,success,False,2026-08-19T20:42:14.870990+09:00
Notice Rate,1900.0,0.0,success,True,2026-08-19T20:41:06.982103+09:00
Notice Recap,,,failed,False,2026-08-21T01:02:06.881859+09:00
Notice Receipt,20.0,26.0,success,False,2026-08-19T22:01:11.142813+09:00
Notice Recorder,,,failed,False,2026-08-27T23:31:21.274329+09:00
Notice Register,140.0,0.0,success,False,2026-08-19T20:47:36.057637+09:00
Notice Relay,,,failed,False,2026-08-19T20:42:21.972075+09:00
Notice Reminder,70.0,0.0,success,False,2026-08-19T21:13:50.204351+09:00
Notice Report,110.0,0.0,success,False,2026-08-19T20:38:57.092601+09:00
Notice Repository,,,failed,False,2026-08-27T23:16:37.182537+09:00
Notice Ring,,,failed,False,2026-08-19T20:46:30.162701+09:00
Notice Roster,,,failed,False,2026-08-19T20:37:22.627194+09:00
Notice Rule,90.0,0.0,success,False,2026-08-23T03:15:03.447052+09:00
Notice Sale,1300.0,4.0,success,False,2026-08-21T02:28:15.974883+09:00
Notice Sample,880.0,1.0,success,False,2026-08-19T22:02:12.630536+09:00
Notice Scanner,10.0,0.0,success,False,2026-08-27T23:51:18.068433+09:00
Notice Scheduler,,,failed,False,2026-08-19T20:47:22.248072+09:00
Notice Sheet,50.0,0.0,success,False,2026-08-19T20:39:32.642664+09:00
Notice Shortfall,,,failed,False,2026-08-27T21:49:06.270483+09:00
Notice Signal,10.0,0.0,success,False,2026-08-19T20:43:16.240040+09:00
Notice Signature,20.0,0.0,success,False,2026-08-23T13:27:11.117738+09:00
Notice Slip,50.0,0.0,success,False,2026-08-19T22:02:02.684993+09:00
Notice Slot,10.0,0.0,success,False,2026-08-19T22:02:25.837553+09:00
Notice Stage,,,failed,False,2026-08-28T00:46:06.331363+09:00
Notice Stake,,,failed,False,2026-08-23T02:58:27.713523+09:00
Notice Statement,30.0,0.0,success,False,2026-08-21T00:26:30.376720+09:00
Notice Station,20.0,0.0,success,False,2026-08-19T20:45:21.816276+09:00
Notice Status,50.0,0.0,success,False,2026-08-19T20:40:22.983274+09:00
Notice Sum,,,failed,False,2026-08-21T02:28:00.693334+09:00
Notice Summary,10.0,0.0,success,False,2026-08-19T21:13:25.403661+09:00
Notice Tab,20.0,0.0,success,False,2026-08-21T00:27:06.966469+09:00
Notice Table,70.0,4.0,success,False,2026-08-19T22:01:42.804571+09:00
Notice Tally,,,failed,False,2026-08-21T00:26:36.041366+09:00
Notice Tariff,,,failed,False,2026-08-21T02:44:18.914187+09:00
Notice Tax,1000.0,1.0,success,False,2026-08-21T02:11:34.732367+09:00
Notice Ticker,,,failed,False,2026-08-19T20:38:18.738836+09:00
Notice Ticket,,,failed,False,2026-08-19T21:14:21.531663+09:00
Notice Timeline,,,failed,False,2026-08-19T21:13:38.700903+09:00
Notice Timer,,,failed,False,2026-08-28T00:21:40.685047+09:00
Notice Toll,,,failed,False,2026-08-21T02:44:13.647823+09:00
Notice Toolbox,,,failed,False,2026-08-28T00:21:49.130858+09:00
Notice Total,,,failed,False,2026-08-27T23:16:34.240680+09:00
Notice Tracker,110.0,0.0,success,False,2026-08-19T20:41:45.467674+09:00
Notice Trend,10.0,0.0,success,False,2026-08-28T01:03:01.405243+09:00
Notice Trial,,,failed,False,2026-08-27T21:17:51.217476+09:00
Notice Unit,,,failed,False,2026-08-21T01:54:53.118600+09:00
Notice Update,210.0,0.0,success,False,2026-08-19T20:41:16.586784+09:00
Notice Value,,,failed,False,2026-08-23T02:58:24.249422+09:00
Notice Vault,10.0,0.0,success,False,2026-08-19T20:42:27.783446+09:00
Notice Version,,,failed,False,2026-08-23T03:14:51.168783+09:00
Notice View,70.0,0.0,success,False,2026-08-19T20:40:28.949050+09:00
Notice Wallet,,,failed,False,2026-08-27T22:50:55.041515+09:00
Notice Watch,320.0,8.0,success,False,2026-08-19T20:43:22.271749+09:00
Notice Widget,10.0,0.0,success,False,2026-08-27T23:16:34.240680+09:00
Notice Worksheet,110.0,0.0,success,False,2026-08-27T22:13:27.898794+09:00
Notice Workshop,,,failed,False,2026-08-28T00:21:43.222424+09:00
Nutrition Advance,6600.0,100.0,success,False,2026-08-23T16:12:10.819899+09:00
Nutrition Advisory,10.0,0.0,success,False,2026-08-21T01:01:55.292277+09:00
Nutrition Allowance,590.0,1.0,success,False,2026-08-21T02:42:20.398693+09:00
Nutrition Almanac,140.0,99.0,success,False,2026-08-18T22:07:53.653114+09:00
Nutrition Analyzer,170.0,18.0,success,False,2026-08-27T23:56:38.183826+09:00
Nutrition Anchor,10.0,46.0,success,False,2026-08-17T23:14:01.287138+09:00
Nutrition Arrears,,,failed,False,2026-08-23T16:12:10.819899+09:00
Nutrition Assistant,1600.0,9.0,success,False,2026-08-17T23:14:41.375835+09:00
Nutrition Atlas,1600.0,22.0,success,False,2026-08-17T23:05:57.160852+09:00
Nutrition Attribute,,,failed,False,2026-08-23T13:09:22.371145+09:00
Nutrition Badge,30.0,0.0,success,False,2026-08-21T00:36:16.111706+09:00
Nutrition Balance,1300.0,10.0,success,False,2026-08-23T13:45:20.654502+09:00
Nutrition Base,1300.0,15.0,success,False,2026-08-17T23:13:41.173741+09:00
Nutrition Beacon,10.0,4.0,success,False,2026-08-17T23:12:20.668668+09:00
Nutrition Bill,40.0,6.0,success,False,2026-08-19T21:58:39.226398+09:00
Nutrition Blueprint,30.0,5.0,success,False,2026-08-18T22:07:47.344279+09:00
Nutrition Board,260.0,11.0,success,False,2026-08-17T23:27:32.625137+09:00
Nutrition Book,5400.0,99.0,success,False,2026-08-19T21:59:30.293970+09:00
Nutrition Bridge,10.0,0.0,success,False,2026-08-17T23:24:56.223636+09:00
Nutrition Brief,,,failed,False,2026-08-21T00:59:34.151010+09:00
Nutrition Bulletin,480.0,5.0,success,False,2026-08-21T00:59:30.115655+09:00
Nutrition Cabinet,,,failed,False,2026-08-27T23:13:28.057978+09:00
Nutrition Calculator,27100.0,9.0,success,False,2026-08-27T23:34:49.517197+09:00
Nutrition Calendar,90.0,18.0,success,False,2026-08-19T00:02:06.599822+09:00
Nutrition Card,260.0,4.0,success,False,2026-08-19T13:33:51.668880+09:00
Nutrition Cascade,,,failed,False,2026-08-17T23:07:02.817989+09:00
Nutrition Cash,,,failed,False,2026-08-21T02:26:06.975454+09:00
Nutrition Cashback,,,failed,False,2026-08-27T21:15:09.099124+09:00
Nutrition Catalog,40.0,9.0,success,False,2026-08-19T21:12:48.974552+09:00
Nutrition Category,210.0,10.0,success,False,2026-08-23T13:09:19.095608+09:00
Nutrition Center,8100.0,33.0,success,False,2026-08-17T23:28:13.719643+09:00
Nutrition Chain,30.0,0.0,success,False,2026-08-17T23:30:01.630713+09:00
Nutrition Charge,90.0,17.0,success,False,2026-08-21T02:42:11.511377+09:00
Nutrition Chart,8100.0,17.0,success,False,2026-08-19T12:23:36.492658+09:00
Nutrition Check,480.0,18.0,success,False,2026-08-19T13:34:03.969558+09:00
Nutrition Checker,480.0,18.0,success,False,2026-08-27T23:56:32.424799+09:00
Nutrition Checklist,70.0,15.0,success,False,2026-08-19T21:11:53.117390+09:00
Nutrition Circular,,,failed,False,2026-08-21T01:01:52.955831+09:00
Nutrition Cockpit,,,failed,False,2026-08-17T23:32:31.687734+09:00
Nutrition Code,320.0,28.0,success,False,2026-08-19T21:58:59.534733+09:00
Nutrition Codex,,,failed,False,2026-08-18T22:08:09.141836+09:00
Nutrition Companion,,,failed,False,2026-08-17T23:12:38.430162+09:00
Nutrition Comparison,1300.0,0.0,success,True,2026-08-28T01:07:27.619930+09:00
Nutrition Compass,70.0,16.0,success,False,2026-08-17T23:24:15.710246+09:00
Nutrition Compendium,,,failed,False,2026-08-18T22:08:02.449968+09:00
Nutrition Confirmation,,,failed,False,2026-08-21T00:59:50.492128+09:00
Nutrition Console,,,failed,False,2026-08-17T23:06:20.939022+09:00
Nutrition Contribution,,,failed,False,2026-08-23T16:12:08.472275+09:00
Nutrition Converter,20.0,9.0,success,False,2026-08-27T23:34:54.940798+09:00
Nutrition Core,260.0,30.0,success,False,2026-08-17T23:27:17.370245+09:00
Nutrition Cost,1300.0,84.0,success,False,2026-08-21T02:09:44.145059+09:00
Nutrition Counter,720.0,20.0,success,False,2026-08-19T00:02:51.849711+09:00
Nutrition Coupon,20.0,17.0,success,False,2026-08-27T21:15:06.762141+09:00
Nutrition Dashboard,70.0,3.0,success,False,2026-08-17T23:05:34.845009+09:00
Nutrition Deal,170.0,66.0,success,False,2026-08-21T01:52:58.378871+09:00
Nutrition Debt,,,failed,False,2026-08-21T02:25:59.297290+09:00
Nutrition Deck,,,failed,False,2026-08-17T23:15:16.385703+09:00
Nutrition Depot,14800.0,34.0,success,False,2026-08-19T00:02:36.291033+09:00
Nutrition Desk,,,failed,False,2026-08-17T23:23:39.258674+09:00
Nutrition Detail,,,failed,False,2026-08-23T03:22:34.004366+09:00
Nutrition Detector,10.0,7.0,success,False,2026-08-27T23:56:35.462889+09:00
Nutrition Diagram,1600.0,2.0,success,False,2026-08-27T22:09:28.492809+09:00
Nutrition Dial,,,failed,False,2026-08-17T23:13:20.544847+09:00
Nutrition Digest,170.0,98.0,success,False,2026-08-19T20:38:26.547735+09:00
Nutrition Directory,140.0,40.0,success,False,2026-08-19T00:02:12.644181+09:00
Nutrition Discount,5400.0,29.0,success,False,2026-08-23T16:12:05.670450+09:00
Nutrition Dock,,,failed,False,2026-08-17T23:14:57.452489+09:00
Nutrition Dossier,,,failed,False,2026-08-21T00:59:54.516148+09:00
Nutrition Draft,,,failed,False,2026-08-19T20:38:46.605593+09:00
Nutrition Due,,,failed,False,2026-08-23T15:50:28.386707+09:00
Nutrition Duty,,,failed,False,2026-08-21T02:42:14.230561+09:00
Nutrition Endowment,,,failed,False,2026-08-23T15:50:35.558538+09:00
Nutrition Engine,,,failed,False,2026-08-17T23:31:23.198788+09:00
Nutrition Entry,,,failed,False,2026-08-21T01:00:07.021185+09:00
Nutrition Estimate,10.0,1.0,success,False,2026-08-19T21:12:37.502456+09:00
Nutrition Estimator,27100.0,9.0,success,False,2026-08-27T23:56:32.424799+09:00
Nutrition Excerpt,,,failed,False,2026-08-21T01:02:07.931527+09:00
Nutrition Extension,10.0,11.0,success,False,2026-08-23T16:37:54.537855+09:00
Nutrition Fare,,,failed,False,2026-08-21T02:09:47.667221+09:00
Nutrition Fee,140.0,7.0,success,False,2026-08-21T01:52:37.407034+09:00
Nutrition Feed,480.0,27.0,success,False,2026-08-19T20:38:36.542684+09:00
Nutrition Field,140.0,3.0,success,False,2026-08-23T13:09:25.406302+09:00
Nutrition File,70.0,0.0,success,False,2026-08-19T20:37:54.785730+09:00
Nutrition Finder,170.0,10.0,success,False,2026-08-19T00:02:30.122335+09:00
Nutrition Fine,,,failed,False,2026-08-23T02:57:04.274468+09:00
Nutrition Flag,170.0,3.0,success,False,2026-08-21T00:36:44.968976+09:00
Nutrition Flow,40.0,38.0,success,False,2026-08-17T23:09:05.527725+09:00
Nutrition Forge,,,failed,False,2026-08-17T23:24:36.078713+09:00
Nutrition Form,390.0,8.0,success,False,2026-08-19T13:33:44.098374+09:00
Nutrition Format,,,failed,False,2026-08-23T13:09:27.676904+09:00
Nutrition Frame,30.0,0.0,success,False,2026-08-17T23:27:03.515384+09:00
Nutrition Fund,210.0,3.0,success,False,2026-08-21T02:26:02.985234+09:00
Nutrition Gate,90.0,37.0,success,False,2026-08-17T23:11:23.614440+09:00
Nutrition Generator,90.0,11.0,success,False,2026-08-27T23:34:54.940798+09:00
Nutrition Giveaway,,,failed,False,2026-08-27T21:15:13.256077+09:00
Nutrition Grade,,,failed,False,2026-08-21T00:36:33.618056+09:00
Nutrition Graph,320.0,2.0,success,False,2026-08-27T22:09:22.436426+09:00
Nutrition Grid,10.0,0.0,success,False,2026-08-17T23:26:04.596222+09:00
Nutrition Guarantee,,,failed,False,2026-08-28T01:07:32.974301+09:00
Nutrition Guard,,,failed,False,2026-08-17T23:33:11.202195+09:00
Nutrition Guardian,20.0,43.0,success,False,2026-08-28T00:25:53.963495+09:00
Nutrition Guidebook,10.0,45.0,success,False,2026-08-18T22:07:28.261653+09:00
Nutrition Helpdesk,,,failed,False,2026-08-27T22:48:03.762773+09:00
Nutrition Helper,480.0,68.0,success,False,2026-08-28T00:25:56.872854+09:00
Nutrition History,590.0,0.0,success,False,2026-08-19T20:37:47.819235+09:00
Nutrition Hotline,10.0,26.0,success,False,2026-08-19T21:12:59.685218+09:00
Nutrition Hub,9900.0,5.0,success,False,2026-08-17T23:33:40.972373+09:00
Nutrition Identifier,,,failed,False,2026-08-23T13:09:17.043261+09:00
Nutrition Incentive,,,failed,False,2026-08-27T21:15:13.256077+09:00
Nutrition Index,260.0,0.0,success,False,2026-08-19T21:12:05.902513+09:00
Nutrition Insight,320.0,1.0,success,False,2026-08-17T23:32:18.106895+09:00
Nutrition Installment,,,failed,False,2026-08-23T16:12:08.472275+09:00
Nutrition Item,110.0,17.0,success,False,2026-08-21T01:52:41.314698+09:00
Nutrition Journal,6600.0,10.0,success,False,2026-08-18T22:07:12.146632+09:00
Nutrition Keeper,,,failed,False,2026-08-17T23:13:01.440927+09:00
Nutrition Kit,590.0,30.0,success,False,2026-08-27T22:47:56.654242+09:00
Nutrition Lab,5400.0,39.0,success,False,2026-08-17T23:10:06.483021+09:00
Nutrition Label,40500.0,22.0,success,False,2026-08-27T22:09:22.436426+09:00
Nutrition Ledger,,,failed,False,2026-08-17T23:08:23.954708+09:00
Nutrition Lens,20.0,1.0,success,False,2026-08-17T23:06:41.076830+09:00
Nutrition Level,1000.0,3.0,success,False,2026-08-19T20:38:01.262466+09:00
Nutrition Link,70.0,13.0,success,False,2026-08-23T03:22:26.114633+09:00
Nutrition List,1000.0,5.0,success,False,2026-08-19T21:59:07.775168+09:00
Nutrition Loan,,,failed,False,2026-08-21T02:09:56.008511+09:00
Nutrition Locator,,,failed,False,2026-08-19T00:02:21.603583+09:00
Nutrition Lock,,,failed,False,2026-08-17T23:11:59.928630+09:00
Nutrition Log,320.0,58.0,success,False,2026-08-19T13:33:39.488989+09:00
Nutrition Loop,110.0,1.0,success,False,2026-08-17T23:15:30.972429+09:00
Nutrition Manager,170.0,2.0,success,False,2026-08-17T23:31:05.763784+09:00
Nutrition Manual,110.0,43.0,success,False,2026-08-27T22:09:25.119437+09:00
Nutrition Map,140.0,8.0,success,False,2026-08-17T23:26:46.063928+09:00
Nutrition Margin,,,failed,False,2026-08-23T02:56:59.964563+09:00
Nutrition Marker,,,failed,False,2026-08-23T13:28:19.840300+09:00
Nutrition Markup,,,failed,False,2026-08-23T16:37:49.888860+09:00
Nutrition Memo,,,failed,False,2026-08-21T00:36:37.815514+09:00
Nutrition Message,90.0,7.0,success,False,2026-08-27T23:13:21.065060+09:00
Nutrition Meter,50.0,19.0,success,False,2026-08-17T23:29:07.663083+09:00
Nutrition Metrics,50.0,27.0,success,False,2026-08-17T23:11:05.439479+09:00
Nutrition Monitor,140.0,10.0,success,False,2026-08-17T23:03:51.188489+09:00
Nutrition Navigator,90.0,2.0,success,False,2026-08-17T23:32:47.059992+09:00
Nutrition Nexus,,,failed,False,2026-08-17T23:30:30.158673+09:00
Nutrition Node,,,failed,False,2026-08-17T23:30:14.406427+09:00
Nutrition Note,880.0,7.0,success,False,2026-08-19T13:34:22.181534+09:00
Nutrition Notification,,,failed,False,2026-08-27T22:47:56.654242+09:00
Nutrition Number,70.0,5.0,success,False,2026-08-23T03:22:22.094995+09:00
Nutrition Office,260.0,8.0,success,False,2026-08-19T00:02:45.246378+09:00
Nutrition Ops,,,failed,False,2026-08-17T23:07:26.971457+09:00
Nutrition Order,30.0,79.0,success,False,2026-08-19T21:58:32.626205+09:00
Nutrition Organizer,10.0,73.0,success,False,2026-08-17T23:31:54.862824+09:00
Nutrition Overdraft,,,failed,False,2026-08-23T15:50:30.977463+09:00
Nutrition Panel,1300.0,5.0,success,False,2026-08-17T23:28:52.290735+09:00
Nutrition Pass,,,failed,False,2026-08-21T00:36:08.674469+09:00
Nutrition Path,210.0,8.0,success,False,2026-08-17T23:04:48.646277+09:00
Nutrition Petition,,,failed,False,2026-08-21T00:59:46.357323+09:00
Nutrition Pilot,,,failed,False,2026-08-17T22:50:36.545244+09:00
Nutrition Plan,4400.0,46.0,success,False,2026-08-21T01:52:54.387860+09:00
Nutrition Planner,4400.0,46.0,success,False,2026-08-17T23:31:42.326204+09:00
Nutrition Playbook,,,failed,False,2026-08-18T22:07:05.348378+09:00
Nutrition Point,1300.0,13.0,success,False,2026-08-17T23:26:31.743192+09:00
Nutrition Portal,90.0,2.0,success,False,2026-08-17T23:28:34.893276+09:00
Nutrition Preview,,,failed,False,2026-08-28T01:07:27.619930+09:00
Nutrition Profile,880.0,0.0,success,False,2026-08-19T13:35:15.943675+09:00
Nutrition Profit,,,failed,False,2026-08-23T02:56:45.800075+09:00
Nutrition Proposal,10.0,0.0,success,False,2026-08-28T01:07:30.106939+09:00
Nutrition Pulse,,,failed,False,2026-08-17T23:10:28.342550+09:00
Nutrition Queue,,,failed,False,2026-08-19T21:12:28.088394+09:00
Nutrition Quota,,,failed,False,2026-08-21T00:36:42.590036+09:00
Nutrition Radar,,,failed,False,2026-08-17T23:10:45.795183+09:00
Nutrition Rail,,,failed,False,2026-08-17T23:29:43.400125+09:00
Nutrition Rate,70.0,3.0,success,False,2026-08-19T20:38:10.418620+09:00
Nutrition Recap,,,failed,False,2026-08-21T01:02:05.845061+09:00
Nutrition Receipt,,,failed,False,2026-08-19T21:58:51.076600+09:00
Nutrition Recorder,,,failed,False,2026-08-27T23:34:57.472203+09:00
Nutrition Redemption,,,failed,False,2026-08-23T16:37:52.353259+09:00
Nutrition Register,90.0,5.0,success,False,2026-08-17T23:32:58.780092+09:00
Nutrition Registry,,,failed,False,2026-08-18T22:07:38.070107+09:00
Nutrition Relay,,,failed,False,2026-08-17T23:23:55.589084+09:00
Nutrition Reminder,,,failed,False,2026-08-19T21:11:41.705907+09:00
Nutrition Report,210.0,0.0,success,False,2026-08-19T13:33:13.480936+09:00
Nutrition Repository,,,failed,False,2026-08-27T23:13:31.938909+09:00
Nutrition Roadmap,,,failed,False,2026-08-18T22:08:17.707470+09:00
Nutrition Roster,,,failed,False,2026-08-19T00:37:50.207260+09:00
Nutrition Route,70.0,0.0,success,False,2026-08-17T23:29:29.429883+09:00
Nutrition Rule,,,failed,False,2026-08-23T03:22:30.618913+09:00
Nutrition Sale,210.0,86.0,success,False,2026-08-21T02:26:10.275506+09:00
Nutrition Sample,30.0,48.0,success,False,2026-08-19T21:59:50.117537+09:00
Nutrition Scale,1600.0,100.0,success,False,2026-08-17T23:08:04.686791+09:00
Nutrition Scanner,480.0,18.0,success,False,2026-08-27T23:56:35.462889+09:00
Nutrition Scheduler,,,failed,False,2026-08-17T23:09:27.800960+09:00
Nutrition Scope,40.0,1.0,success,False,2026-08-17T23:25:50.019139+09:00
Nutrition Score,1600.0,4.0,success,False,2026-08-19T13:34:15.397109+09:00
Nutrition Sentry,,,failed,False,2026-08-17T23:30:45.182553+09:00
Nutrition Sheet,140.0,17.0,success,False,2026-08-19T13:33:57.418081+09:00
Nutrition Signal,,,failed,False,2026-08-17T23:25:26.285868+09:00
Nutrition Signature,,,failed,False,2026-08-23T13:28:19.840300+09:00
Nutrition Slip,,,failed,False,2026-08-19T21:59:39.418384+09:00
Nutrition Slot,,,failed,False,2026-08-19T21:59:58.757000+09:00
Nutrition Snapshot,,,failed,False,2026-08-18T22:07:21.490302+09:00
Nutrition Stake,,,failed,False,2026-08-23T02:56:53.736848+09:00
Nutrition Statement,30.0,0.0,success,False,2026-08-21T00:36:23.638187+09:00
Nutrition Station,2400.0,4.0,success,False,2026-08-17T23:28:01.386512+09:00
Nutrition Status,4400.0,0.0,success,True,2026-08-19T20:37:31.186118+09:00
Nutrition Streak,,,failed,False,2026-08-28T00:48:08.257780+09:00
Nutrition Stub,,,failed,False,2026-08-21T00:36:21.244854+09:00
Nutrition Studio,1000.0,4.0,success,False,2026-08-17T23:27:47.140187+09:00
Nutrition Subsidy,,,failed,False,2026-08-23T15:50:33.287746+09:00
Nutrition Suite,,,failed,False,2026-08-17T23:07:43.866571+09:00
Nutrition Sum,,,failed,False,2026-08-21T02:25:53.601509+09:00
Nutrition Summary,170.0,1.0,success,False,2026-08-19T21:11:19.546080+09:00
Nutrition Surtax,,,failed,False,2026-08-23T15:50:38.471158+09:00
Nutrition Sync,20.0,5.0,success,False,2026-08-17T23:33:22.514665+09:00
Nutrition Tab,2900.0,11.0,success,False,2026-08-21T00:36:50.529911+09:00
Nutrition Table,2900.0,11.0,success,False,2026-08-19T21:59:15.845213+09:00
Nutrition Tag,110.0,35.0,success,False,2026-08-19T13:35:09.228952+09:00
Nutrition Tally,,,failed,False,2026-08-21T00:36:28.428699+09:00
Nutrition Tariff,,,failed,False,2026-08-21T02:42:25.352468+09:00
Nutrition Tax,,,failed,False,2026-08-21T02:09:52.288046+09:00
Nutrition Ticket,,,failed,False,2026-08-19T21:12:17.710681+09:00
Nutrition Timeline,20.0,1.0,success,False,2026-08-19T21:11:29.135916+09:00
Nutrition Timer,,,failed,False,2026-08-28T00:25:51.267385+09:00
Nutrition Toll,,,failed,False,2026-08-21T02:42:16.992307+09:00
Nutrition Toolbox,50.0,1.0,success,False,2026-08-28T00:25:56.872854+09:00
Nutrition Toolkit,20.0,0.0,success,False,2026-08-18T22:06:56.515623+09:00
Nutrition Total,8100.0,49.0,success,False,2026-08-27T23:13:25.257331+09:00
Nutrition Tracker,2900.0,27.0,success,False,2026-08-17T23:14:19.543456+09:00
Nutrition Trail,1600.0,100.0,success,False,2026-08-17T23:09:50.041087+09:00
Nutrition Trend,390.0,6.0,success,False,2026-08-28T01:07:24.727084+09:00
Nutrition Trial,,,failed,False,2026-08-27T21:15:09.099124+09:00
Nutrition Unit,170.0,7.0,success,False,2026-08-21T02:05:51.453888+09:00
Nutrition Update,210.0,6.0,success,False,2026-08-19T20:38:18.738836+09:00
Nutrition Value,18100.0,1.0,success,False,2026-08-23T02:56:50.179026+09:00
Nutrition Vault,50.0,6.0,success,False,2026-08-17T23:05:11.266926+09:00
Nutrition Version,,,failed,False,2026-08-23T03:22:26.114633+09:00
Nutrition View,,,failed,False,2026-08-19T20:37:40.051699+09:00
Nutrition Voucher,,,failed,False,2026-08-21T00:36:11.342304+09:00
Nutrition Watch,20.0,54.0,success,False,2026-08-17T23:08:46.290392+09:00
Nutrition Wave,3600.0,100.0,success,False,2026-08-17T23:26:18.163850+09:00
Nutrition Widget,10.0,7.0,success,False,2026-08-27T23:13:25.257331+09:00
Nutrition Workbench,10.0,,success,False,2026-08-18T22:06:47.457116+09:00
Nutrition Worksheet,720.0,7.0,success,False,2026-08-27T22:09:25.119437+09:00
Nutrition Workshop,480.0,19.0,success,False,2026-08-28T00:25:53.963495+09:00
Nutrition Zone,2400.0,15.0,success,False,2026-08-17T23:11:40.322748+09:00
Obituary Advance,,,failed,False,2026-08-23T16:12:37.758659+09:00
Obituary Advisory,,,failed,False,2026-08-21T01:09:25.502385+09:00
Obituary Allowance,,,failed,False,2026-08-21T02:37:48.956315+09:00
Obituary Almanac,,,failed,False,2026-08-18T22:09:01.069434+09:00
Obituary Analyzer,,,failed,False,2026-08-27T23:54:27.974840+09:00
Obituary Anchor,,,failed,False,2026-08-17T23:29:37.041815+09:00
Obituary Arrears,,,failed,False,2026-08-23T16:12:35.033809+09:00
Obituary Assistant,110.0,2.0,success,False,2026-08-17T23:25:55.806145+09:00
Obituary Atlas,,,failed,False,2026-08-17T23:24:44.637673+09:00
Obituary Attribute,,,failed,False,2026-08-23T13:05:45.716846+09:00
Obituary Badge,,,failed,False,2026-08-21T00:36:00.602558+09:00
Obituary Base,,,failed,False,2026-08-17T23:31:30.005121+09:00
Obituary Beacon,,,failed,False,2026-08-17T23:29:01.871676+09:00
Obituary Bill,30.0,0.0,success,False,2026-08-19T22:03:36.532480+09:00
Obituary Blueprint,,,failed,False,2026-08-18T22:08:52.301038+09:00
Obituary Board,20.0,54.0,success,False,2026-08-17T23:03:39.400104+09:00
Obituary Book,480.0,98.0,success,False,2026-08-19T22:04:26.155627+09:00
Obituary Bridge,,,failed,False,2026-08-17T23:14:46.249386+09:00
Obituary Brief,,,failed,False,2026-08-21T01:09:17.934023+09:00
Obituary Bulletin,,,failed,False,2026-08-21T01:09:12.434019+09:00
Obituary Cabinet,,,failed,False,2026-08-27T23:12:19.702811+09:00
Obituary Calendar,,,failed,False,2026-08-19T00:05:21.948366+09:00
Obituary Card,1600.0,100.0,success,False,2026-08-19T13:32:40.491815+09:00
Obituary Cascade,,,failed,False,2026-08-17T23:29:16.727834+09:00
Obituary Cash,,,failed,False,2026-08-21T02:21:41.084768+09:00
Obituary Cashback,,,failed,False,2026-08-27T21:15:09.099124+09:00
Obituary Category,,,failed,False,2026-08-23T13:05:43.515456+09:00
Obituary Center,,,failed,False,2026-08-17T23:12:27.386442+09:00
Obituary Chain,,,failed,False,2026-08-17T23:04:52.831664+09:00
Obituary Charge,,,failed,False,2026-08-21T02:37:35.054521+09:00
Obituary Check,140.0,6.0,success,False,2026-08-19T13:32:52.541757+09:00
Obituary Checker,,,failed,False,2026-08-27T23:54:23.137775+09:00
Obituary Circular,,,failed,False,2026-08-21T01:09:22.527514+09:00
Obituary Cockpit,,,failed,False,2026-08-17T23:06:26.824049+09:00
Obituary Code,10.0,0.0,success,False,2026-08-19T22:03:56.439657+09:00
Obituary Codex,,,failed,False,2026-08-18T22:09:17.362565+09:00
Obituary Companion,,,failed,False,2026-08-17T23:27:09.313673+09:00
Obituary Comparison,,,failed,False,2026-08-28T01:04:40.087199+09:00
Obituary Compass,,,failed,False,2026-08-17T23:13:11.418966+09:00
Obituary Compendium,,,failed,False,2026-08-18T22:09:09.487365+09:00
Obituary Confirmation,,,failed,False,2026-08-21T01:09:32.208799+09:00
Obituary Console,,,failed,False,2026-08-17T23:33:03.029797+09:00
Obituary Core,,,failed,False,2026-08-17T23:09:18.796206+09:00
Obituary Cost,390.0,12.0,success,False,2026-08-21T02:06:27.364500+09:00
Obituary Count,,,failed,False,2026-08-27T22:47:10.971037+09:00
Obituary Counter,,,failed,False,2026-08-18T23:57:31.846586+09:00
Obituary Coupon,,,failed,False,2026-08-27T21:15:09.099124+09:00
Obituary Dashboard,,,failed,False,2026-08-17T23:26:52.800903+09:00
Obituary Deal,,,failed,False,2026-08-21T01:50:28.240015+09:00
Obituary Debt,,,failed,False,2026-08-21T02:21:33.857873+09:00
Obituary Deck,,,failed,False,2026-08-17T23:32:05.926406+09:00
Obituary Depot,10.0,0.0,success,False,2026-08-18T23:57:07.963291+09:00
Obituary Desk,10.0,1.0,success,False,2026-08-17T23:11:32.053287+09:00
Obituary Detail,,,failed,False,2026-08-23T03:16:26.068243+09:00
Obituary Detector,,,failed,False,2026-08-27T23:54:27.974840+09:00
Obituary Dial,,,failed,False,2026-08-17T23:33:15.463532+09:00
Obituary Digest,,,failed,False,2026-08-19T20:46:44.181940+09:00
Obituary Directory,10.0,3.0,success,False,2026-08-19T00:05:27.512092+09:00
Obituary Discount,,,failed,False,2026-08-23T16:12:32.773263+09:00
Obituary Dock,,,failed,False,2026-08-17T23:23:26.681151+09:00
Obituary Dossier,,,failed,False,2026-08-21T01:09:36.550865+09:00
Obituary Draft,110.0,27.0,success,False,2026-08-19T20:46:54.929939+09:00
Obituary Due,,,failed,False,2026-08-23T15:51:07.589062+09:00
Obituary Duty,,,failed,False,2026-08-21T02:37:37.997164+09:00
Obituary Engine,,,failed,False,2026-08-17T23:15:22.052615+09:00
Obituary Entry,,,failed,False,2026-08-21T00:58:27.692575+09:00
Obituary Estimate,,,failed,False,2026-08-19T21:32:15.548375+09:00
Obituary Estimator,,,failed,False,2026-08-27T23:54:23.137775+09:00
Obituary Excerpt,,,failed,False,2026-08-21T00:58:22.319025+09:00
Obituary Extension,,,failed,False,2026-08-23T16:38:05.799118+09:00
Obituary Fare,,,failed,False,2026-08-21T02:06:36.583403+09:00
Obituary Fee,,,failed,False,2026-08-21T01:49:57.762710+09:00
Obituary Feed,,,failed,False,2026-08-19T20:46:49.166137+09:00
Obituary Field,,,failed,False,2026-08-23T13:05:48.567186+09:00
Obituary File,10.0,13.0,success,False,2026-08-19T20:46:21.996527+09:00
Obituary Finder,60500.0,22.0,success,False,2026-08-18T23:52:29.838132+09:00
Obituary Flag,40.0,63.0,success,False,2026-08-21T00:36:30.694005+09:00
Obituary Flow,,,failed,False,2026-08-17T23:27:50.871251+09:00
Obituary Forge,,,failed,False,2026-08-17T23:07:52.950180+09:00
Obituary Form,4400.0,40.0,success,False,2026-08-19T13:32:25.938189+09:00
Obituary Format,4400.0,40.0,success,False,2026-08-23T13:05:51.104957+09:00
Obituary Frame,880.0,43.0,success,False,2026-08-17T23:14:27.748058+09:00
Obituary Fund,,,failed,False,2026-08-21T02:21:38.988991+09:00
Obituary Gate,,,failed,False,2026-08-17T23:24:23.365405+09:00
Obituary Generator,320.0,43.0,success,False,2026-08-27T23:33:58.782801+09:00
Obituary Giveaway,,,failed,False,2026-08-27T21:15:16.328313+09:00
Obituary Grade,,,failed,False,2026-08-21T00:36:18.143483+09:00
Obituary Grid,,,failed,False,2026-08-17T23:11:13.383500+09:00
Obituary Guarantee,,,failed,False,2026-08-28T01:04:46.455885+09:00
Obituary Guard,,,failed,False,2026-08-17T23:15:05.132671+09:00
Obituary Guardian,18100.0,0.0,success,True,2026-08-28T00:24:10.123784+09:00
Obituary Guidebook,,,failed,False,2026-08-18T22:08:34.595424+09:00
Obituary Helpdesk,,,failed,False,2026-08-27T22:47:10.971037+09:00
Obituary Helper,140.0,43.0,success,False,2026-08-28T00:24:12.580711+09:00
Obituary History,170.0,22.0,success,False,2026-08-19T20:46:16.448832+09:00
Obituary Hub,,,failed,False,2026-08-17T23:04:17.256447+09:00
Obituary Identifier,,,failed,False,2026-08-23T13:05:41.403029+09:00
Obituary Incentive,,,failed,False,2026-08-27T21:15:13.256077+09:00
Obituary Index,210.0,18.0,success,False,2026-08-19T21:32:01.105099+09:00
Obituary Insight,,,failed,False,2026-08-17T23:11:50.330995+09:00
Obituary Installment,,,failed,False,2026-08-23T16:12:32.773263+09:00
Obituary Item,,,failed,False,2026-08-21T01:50:02.348824+09:00
Obituary Journal,2900.0,0.0,success,True,2026-08-18T22:08:19.564377+09:00
Obituary Keeper,,,failed,False,2026-08-17T23:25:05.910381+09:00
Obituary Kit,10.0,4.0,success,False,2026-08-27T22:47:08.510624+09:00
Obituary Lab,,,failed,False,2026-08-17T23:32:25.255075+09:00
Obituary Ledger,,,failed,False,2026-08-17T23:31:48.177682+09:00
Obituary Lens,,,failed,False,2026-08-17T23:31:17.212800+09:00
Obituary Link,110.0,8.0,success,False,2026-08-23T03:16:15.944869+09:00
Obituary List,1000.0,5.0,success,False,2026-08-19T22:04:07.178529+09:00
Obituary Loan,,,failed,False,2026-08-21T02:06:44.237427+09:00
Obituary Locator,30.0,22.0,success,False,2026-08-19T00:05:29.382308+09:00
Obituary Lock,,,failed,False,2026-08-17T23:30:52.147668+09:00
Obituary Log,,,failed,False,2026-08-19T13:32:18.631834+09:00
Obituary Loop,,,failed,False,2026-08-17T23:30:08.040310+09:00
Obituary Manager,,,failed,False,2026-08-17T23:08:30.361207+09:00
Obituary Manual,,,failed,False,2026-08-27T22:09:22.436426+09:00
Obituary Map,50.0,0.0,success,False,2026-08-17T23:07:35.240679+09:00
Obituary Margin,,,failed,False,2026-08-23T02:53:11.692862+09:00
Obituary Marker,,,failed,False,2026-08-23T13:27:02.624073+09:00
Obituary Markup,,,failed,False,2026-08-23T16:38:01.127600+09:00
Obituary Memo,,,failed,False,2026-08-21T00:36:23.638187+09:00
Obituary Message,1900.0,9.0,success,False,2026-08-27T23:12:13.072454+09:00
Obituary Meter,,,failed,False,2026-08-17T23:08:52.279570+09:00
Obituary Metrics,,,failed,False,2026-08-17T23:26:38.652949+09:00
Obituary Monitor,2400.0,0.0,success,True,2026-08-17T23:26:24.551704+09:00
Obituary Navigator,,,failed,False,2026-08-17T23:13:28.338167+09:00
Obituary Nexus,10.0,0.0,success,False,2026-08-17T23:06:48.111245+09:00
Obituary Node,,,failed,False,2026-08-17T23:12:08.094400+09:00
Obituary Note,1600.0,3.0,success,False,2026-08-19T13:33:08.765794+09:00
Obituary Notification,110.0,2.0,success,False,2026-08-27T22:47:06.029080+09:00
Obituary Number,30.0,7.0,success,False,2026-08-23T03:16:07.985751+09:00
Obituary Office,,,failed,False,2026-08-18T23:57:22.753165+09:00
Obituary Ops,,,failed,False,2026-08-17T23:27:23.938977+09:00
Obituary Order,110.0,94.0,success,False,2026-08-19T22:03:26.204468+09:00
Obituary Organizer,,,failed,False,2026-08-17T23:04:33.261831+09:00
Obituary Overdraft,,,failed,False,2026-08-23T15:51:09.680113+09:00
Obituary Panel,,,failed,False,2026-08-17T23:14:07.437972+09:00
Obituary Pass,,,failed,False,2026-08-21T00:35:49.197244+09:00
Obituary Path,,,failed,False,2026-08-17T23:30:36.598618+09:00
Obituary Penalty,,,failed,False,2026-08-23T16:38:01.127600+09:00
Obituary Petition,,,failed,False,2026-08-21T01:09:29.468190+09:00
Obituary Pilot,880.0,0.0,success,False,2026-08-17T23:28:06.508675+09:00
Obituary Plan,70.0,26.0,success,False,2026-08-21T01:50:23.005803+09:00
Obituary Planner,,,failed,False,2026-08-17T23:10:15.371250+09:00
Obituary Playbook,,,failed,False,2026-08-18T22:08:11.096453+09:00
Obituary Point,,,failed,False,2026-08-17T23:12:51.339052+09:00
Obituary Portal,,,failed,False,2026-08-17T23:07:11.054257+09:00
Obituary Preview,,,failed,False,2026-08-28T01:04:42.727086+09:00
Obituary Profile,,,failed,False,2026-08-19T13:33:40.733972+09:00
Obituary Profit,,,failed,False,2026-08-23T02:53:02.917433+09:00
Obituary Proposal,,,failed,False,2026-08-28T01:04:42.727086+09:00
Obituary Pulse,,,failed,False,2026-08-17T23:30:21.472957+09:00
Obituary Quota,,,failed,False,2026-08-21T00:36:26.230021+09:00
Obituary Radar,,,failed,False,2026-08-17T23:28:19.331420+09:00
Obituary Rail,,,failed,False,2026-08-17T23:10:33.409769+09:00
Obituary Recap,,,failed,False,2026-08-21T01:09:42.916632+09:00
Obituary Receipt,,,failed,False,2026-08-19T22:03:44.565114+09:00
Obituary Register,320.0,3.0,success,False,2026-08-17T23:08:11.112323+09:00
Obituary Registry,320.0,3.0,success,False,2026-08-18T22:08:43.049836+09:00
Obituary Relay,,,failed,False,2026-08-17T23:06:06.115551+09:00
Obituary Reminder,,,failed,False,2026-08-19T21:20:03.565098+09:00
Obituary Report,210.0,3.0,success,False,2026-08-19T13:32:09.131651+09:00
Obituary Repository,1600.0,0.0,success,True,2026-08-27T23:12:25.065400+09:00
Obituary Roadmap,,,failed,False,2026-08-18T22:09:23.803071+09:00
Obituary Roster,,,failed,False,2026-08-19T00:37:23.570326+09:00
Obituary Route,,,failed,False,2026-08-17T23:03:34.150622+09:00
Obituary Rule,,,failed,False,2026-08-23T03:16:19.788711+09:00
Obituary Sale,,,failed,False,2026-08-21T02:21:48.463008+09:00
Obituary Sample,33100.0,86.0,success,False,2026-08-19T22:04:49.676934+09:00
Obituary Scale,,,failed,False,2026-08-17T23:33:28.426699+09:00
Obituary Scanner,,,failed,False,2026-08-27T23:54:25.594721+09:00
Obituary Scheduler,,,failed,False,2026-08-17T23:26:10.639676+09:00
Obituary Scope,,,failed,False,2026-08-17T23:03:58.711434+09:00
Obituary Score,,,failed,False,2026-08-19T13:32:58.947587+09:00
Obituary Sentry,,,failed,False,2026-08-17T23:13:46.002975+09:00
Obituary Sheet,,,failed,False,2026-08-19T13:32:45.255500+09:00
Obituary Signal,,,failed,False,2026-08-17T23:09:36.803243+09:00
Obituary Signature,,,failed,False,2026-08-23T13:27:02.624073+09:00
Obituary Slip,,,failed,False,2026-08-19T22:04:38.551336+09:00
Obituary Slot,,,failed,False,2026-08-19T22:05:01.387918+09:00
Obituary Snapshot,,,failed,False,2026-08-18T22:08:25.868252+09:00
Obituary Stage,,,failed,False,2026-08-28T00:47:08.445911+09:00
Obituary Stake,,,failed,False,2026-08-23T02:53:08.936462+09:00
Obituary Statement,30.0,21.0,success,False,2026-08-21T00:36:11.342304+09:00
Obituary Station,30.0,0.0,success,False,2026-08-17T23:05:17.262710+09:00
Obituary Status,,,failed,False,2026-08-19T20:46:06.697629+09:00
Obituary Stub,,,failed,False,2026-08-21T00:36:05.920603+09:00
Obituary Studio,10.0,0.0,success,False,2026-08-17T23:10:52.063537+09:00
Obituary Subsidy,,,failed,False,2026-08-23T15:51:11.788135+09:00
Obituary Suite,,,failed,False,2026-08-17T23:25:39.196440+09:00
Obituary Sum,,,failed,False,2026-08-21T02:21:30.317993+09:00
Obituary Summary,50.0,0.0,success,False,2026-08-19T21:19:39.587475+09:00
Obituary Sync,,,failed,False,2026-08-17T23:09:57.644305+09:00
Obituary Tab,260.0,2.0,success,False,2026-08-21T00:36:35.821010+09:00
Obituary Table,,,failed,False,2026-08-19T22:04:17.404214+09:00
Obituary Tag,,,failed,False,2026-08-19T13:33:37.732630+09:00
Obituary Tally,,,failed,False,2026-08-21T00:36:14.044141+09:00
Obituary Tariff,,,failed,False,2026-08-21T02:37:53.787359+09:00
Obituary Tax,,,failed,False,2026-08-21T02:06:40.735071+09:00
Obituary Ticket,10.0,14.0,success,False,2026-08-19T21:32:08.265719+09:00
Obituary Timeline,,,failed,False,2026-08-19T21:19:50.890463+09:00
Obituary Toll,,,failed,False,2026-08-21T02:37:42.077569+09:00
Obituary Toolbox,,,failed,False,2026-08-28T00:24:12.580711+09:00
Obituary Toolkit,,,failed,False,2026-08-18T22:08:04.928972+09:00
Obituary Tracker,,,failed,False,2026-08-17T23:27:38.183762+09:00
Obituary Trail,,,failed,False,2026-08-17T23:23:43.975283+09:00
Obituary Trend,10.0,0.0,success,False,2026-08-28T01:04:37.386068+09:00
Obituary Trial,,,failed,False,2026-08-27T21:15:13.256077+09:00
Obituary Unit,,,failed,False,2026-08-21T01:50:44.435250+09:00
Obituary Update,,,failed,False,2026-08-19T20:46:36.801455+09:00
Obituary Value,,,failed,False,2026-08-23T02:53:06.849591+09:00
Obituary Vault,,,failed,False,2026-08-17T23:28:43.740452+09:00
Obituary Version,,,failed,False,2026-08-23T03:16:13.014331+09:00
Obituary View,1900.0,8.0,success,False,2026-08-19T20:46:10.724712+09:00
Obituary Voucher,,,failed,False,2026-08-21T00:35:54.809657+09:00
Obituary Watch,1000.0,0.0,success,True,2026-08-17T23:29:51.250400+09:00
Obituary Wave,,,failed,False,2026-08-17T23:05:44.417197+09:00
Obituary Widget,,,failed,False,2026-08-27T23:12:15.769681+09:00
Obituary Workbench,,,failed,False,2026-08-18T22:07:55.686998+09:00
Obituary Worksheet,70.0,57.0,success,False,2026-08-27T22:09:25.119437+09:00
Obituary Workshop,,,failed,False,2026-08-28T00:24:07.652921+09:00
Obituary Zone,,,failed,False,2026-08-17T23:32:52.026751+09:00
Occupancy Advance,,,failed,False,2026-08-23T16:13:20.971458+09:00
Occupancy Advisory,,,failed,False,2026-08-21T01:06:56.173532+09:00
Occupancy Allowance,,,failed,False,2026-08-21T02:45:44.220380+09:00
Occupancy Almanac,,,failed,False,2026-08-18T22:11:37.206712+09:00
Occupancy Analyzer,,,failed,False,2026-08-27T23:56:35.462889+09:00
Occupancy Anchor,,,failed,False,2026-08-17T20:38:33.752321+09:00
Occupancy Arrears,,,failed,False,2026-08-23T16:13:18.611192+09:00
Occupancy Assistant,,,failed,False,2026-08-17T23:06:32.975995+09:00
Occupancy Atlas,,,failed,False,2026-08-17T21:38:46.123803+09:00
Occupancy Badge,,,failed,False,2026-08-21T00:33:08.035106+09:00
Occupancy Base,,,failed,False,2026-08-17T21:34:57.125142+09:00
Occupancy Beacon,,,failed,False,2026-08-17T20:41:55.751231+09:00
Occupancy Bill,,,failed,False,2026-08-19T21:54:53.460475+09:00
Occupancy Blueprint,,,failed,False,2026-08-18T22:11:27.427914+09:00
Occupancy Board,20.0,1.0,success,False,2026-08-17T21:31:44.399230+09:00
Occupancy Book,10.0,3.0,success,False,2026-08-19T21:55:41.048712+09:00
Occupancy Bridge,,,failed,False,2026-08-17T20:39:25.387216+09:00
Occupancy Brief,,,failed,False,2026-08-21T01:06:46.678178+09:00
Occupancy Bulletin,,,failed,False,2026-08-21T01:06:42.544203+09:00
Occupancy Calculator,480.0,2.0,success,False,2026-08-27T23:34:57.472203+09:00
Occupancy Calendar,10.0,0.0,success,False,2026-08-19T00:02:41.985677+09:00
Occupancy Card,,,failed,False,2026-08-19T13:38:55.423036+09:00
Occupancy Cascade,,,failed,False,2026-08-17T20:40:21.350341+09:00
Occupancy Cash,,,failed,False,2026-08-21T02:30:27.978125+09:00
Occupancy Catalog,,,failed,False,2026-08-19T21:10:33.360879+09:00
Occupancy Center,10.0,81.0,success,False,2026-08-17T20:44:06.631034+09:00
Occupancy Chain,,,failed,False,2026-08-17T20:33:24.231963+09:00
Occupancy Charge,30.0,0.0,success,False,2026-08-21T02:45:36.117852+09:00
Occupancy Chart,90.0,0.0,success,False,2026-08-19T12:26:06.734544+09:00
Occupancy Check,170.0,2.0,success,False,2026-08-19T13:39:26.336599+09:00
Occupancy Checker,170.0,2.0,success,False,2026-08-27T23:56:30.078148+09:00
Occupancy Checklist,20.0,3.0,success,False,2026-08-19T21:09:34.510109+09:00
Occupancy Circular,,,failed,False,2026-08-21T01:06:51.131996+09:00
Occupancy Cockpit,,,failed,False,2026-08-17T23:27:42.956477+09:00
Occupancy Code,140.0,0.0,success,False,2026-08-19T21:55:12.102159+09:00
Occupancy Codex,,,failed,False,2026-08-18T22:11:53.253087+09:00
Occupancy Companion,,,failed,False,2026-08-17T23:04:21.710025+09:00
Occupancy Comparison,,,failed,False,2026-08-28T01:06:58.788190+09:00
Occupancy Compass,,,failed,False,2026-08-17T20:42:43.172174+09:00
Occupancy Compendium,,,failed,False,2026-08-18T22:11:43.174107+09:00
Occupancy Confirmation,,,failed,False,2026-08-21T01:07:05.419425+09:00
Occupancy Console,,,failed,False,2026-08-17T20:41:30.101842+09:00
Occupancy Core,,,failed,False,2026-08-17T21:33:53.413747+09:00
Occupancy Cost,590.0,0.0,success,False,2026-08-21T02:14:10.459291+09:00
Occupancy Count,70.0,8.0,success,False,2026-08-27T22:48:31.695595+09:00
Occupancy Counter,110.0,39.0,success,False,2026-08-19T00:03:25.935082+09:00
Occupancy Dashboard,50.0,4.0,success,False,2026-08-17T23:10:02.526148+09:00
Occupancy Deal,,,failed,False,2026-08-21T01:58:35.810953+09:00
Occupancy Debt,,,failed,False,2026-08-21T02:30:21.260254+09:00
Occupancy Deck,,,failed,False,2026-08-17T21:30:37.005083+09:00
Occupancy Depot,,,failed,False,2026-08-19T00:03:09.712807+09:00
Occupancy Desk,,,failed,False,2026-08-17T20:46:22.420312+09:00
Occupancy Detail,,,failed,False,2026-08-23T03:15:44.979812+09:00
Occupancy Diagram,30.0,0.0,success,False,2026-08-27T22:10:29.150854+09:00
Occupancy Dial,,,failed,False,2026-08-17T20:39:57.613991+09:00
Occupancy Digest,,,failed,False,2026-08-19T20:39:03.354865+09:00
Occupancy Directory,,,failed,False,2026-08-19T00:02:48.631996+09:00
Occupancy Discount,,,failed,False,2026-08-23T16:13:10.832744+09:00
Occupancy Dock,,,failed,False,2026-08-17T20:36:13.174234+09:00
Occupancy Dossier,,,failed,False,2026-08-21T01:07:09.616987+09:00
Occupancy Downpayment,,,failed,False,2026-08-27T21:47:00.631100+09:00
Occupancy Draft,,,failed,False,2026-08-19T20:39:21.250222+09:00
Occupancy Due,,,failed,False,2026-08-23T15:51:20.195828+09:00
Occupancy Duty,,,failed,False,2026-08-21T02:45:38.713397+09:00
Occupancy Engine,,,failed,False,2026-08-17T23:26:41.280182+09:00
Occupancy Entry,,,failed,False,2026-08-21T01:07:26.518810+09:00
Occupancy Estimate,,,failed,False,2026-08-19T21:10:24.800768+09:00
Occupancy Estimator,10.0,,success,False,2026-08-27T23:56:30.078148+09:00
Occupancy Excerpt,,,failed,False,2026-08-21T01:07:21.862187+09:00
Occupancy Extension,,,failed,False,2026-08-23T16:38:26.896926+09:00
Occupancy Fare,,,failed,False,2026-08-21T02:14:16.325639+09:00
Occupancy Fee,260.0,0.0,success,False,2026-08-21T01:58:16.207160+09:00
Occupancy Feed,,,failed,False,2026-08-19T20:39:09.333161+09:00
Occupancy File,,,failed,False,2026-08-19T20:38:24.406986+09:00
Occupancy Finder,,,failed,False,2026-08-19T00:03:04.417889+09:00
Occupancy Fine,,,failed,False,2026-08-23T02:52:37.533661+09:00
Occupancy Flag,,,failed,False,2026-08-21T00:33:50.963808+09:00
Occupancy Flow,70.0,0.0,success,False,2026-08-17T21:31:08.679950+09:00
Occupancy Forge,,,failed,False,2026-08-17T20:41:07.425187+09:00
Occupancy Form,140.0,1.0,success,False,2026-08-19T13:38:33.395376+09:00
Occupancy Format,,,failed,False,2026-08-23T13:05:39.073326+09:00
Occupancy Frame,,,failed,False,2026-08-17T21:36:00.741055+09:00
Occupancy Fund,,,failed,False,2026-08-21T02:30:24.474717+09:00
Occupancy Gate,,,failed,False,2026-08-18T07:43:51.559731+09:00
Occupancy Grade,,,failed,False,2026-08-21T00:33:32.477901+09:00
Occupancy Graph,30.0,1.0,success,False,2026-08-27T22:10:19.864578+09:00
Occupancy Grid,1300.0,0.0,success,True,2026-08-17T20:33:54.236742+09:00
Occupancy Guarantee,,,failed,False,2026-08-28T01:07:08.336538+09:00
Occupancy Guard,,,failed,False,2026-08-17T21:34:26.372304+09:00
Occupancy Guardian,,,failed,False,2026-08-28T00:25:48.742639+09:00
Occupancy Guidebook,,,failed,False,2026-08-18T22:11:09.923371+09:00
Occupancy Helpdesk,,,failed,False,2026-08-27T22:48:34.491281+09:00
Occupancy Helper,,,failed,False,2026-08-28T00:25:51.267385+09:00
Occupancy History,,,failed,False,2026-08-19T20:38:14.851338+09:00
Occupancy Hotline,,,failed,False,2026-08-19T21:10:44.368255+09:00
Occupancy Hub,,,failed,False,2026-08-17T21:30:00.229933+09:00
Occupancy Identifier,,,failed,False,2026-08-23T13:05:32.456522+09:00
Occupancy Index,40.0,1.0,success,False,2026-08-19T21:09:46.410901+09:00
Occupancy Insight,,,failed,False,2026-08-17T23:27:26.699527+09:00
Occupancy Installment,,,failed,False,2026-08-23T16:13:14.533515+09:00
Occupancy Item,,,failed,False,2026-08-21T01:58:23.267631+09:00
Occupancy Journal,,,failed,False,2026-08-18T22:10:56.062577+09:00
Occupancy Keeper,,,failed,False,2026-08-17T21:36:32.684484+09:00
Occupancy Lab,,,failed,False,2026-08-17T20:46:59.199715+09:00
Occupancy Label,,,failed,False,2026-08-27T22:10:19.864578+09:00
Occupancy Ledger,,,failed,False,2026-08-17T21:32:57.336519+09:00
Occupancy Lens,,,failed,False,2026-08-17T21:36:59.022364+09:00
Occupancy Level,90.0,0.0,success,False,2026-08-19T20:38:33.715363+09:00
Occupancy Levy,,,failed,False,2026-08-23T13:46:21.678760+09:00
Occupancy Link,,,failed,False,2026-08-23T03:15:35.333103+09:00
Occupancy List,50.0,0.0,success,False,2026-08-19T21:55:20.954175+09:00
Occupancy Loan,,,failed,False,2026-08-21T02:14:19.948102+09:00
Occupancy Locator,,,failed,False,2026-08-19T00:02:58.410814+09:00
Occupancy Lock,70.0,100.0,success,False,2026-08-17T21:39:40.995935+09:00
Occupancy Log,,,failed,False,2026-08-19T13:38:17.915581+09:00
Occupancy Loop,,,failed,False,2026-08-17T20:34:44.892914+09:00
Occupancy Manager,10.0,0.0,success,False,2026-08-17T21:35:30.145341+09:00
Occupancy Manual,,,failed,False,2026-08-27T22:10:23.604541+09:00
Occupancy Map,390.0,0.0,success,False,2026-08-17T21:38:10.743063+09:00
Occupancy Margin,,,failed,False,2026-08-23T02:52:35.436753+09:00
Occupancy Markup,,,failed,False,2026-08-23T16:38:22.069097+09:00
Occupancy Memo,,,failed,False,2026-08-21T00:33:37.107629+09:00
Occupancy Message,,,failed,False,2026-08-27T23:13:44.050852+09:00
Occupancy Meter,,,failed,False,2026-08-17T20:39:04.557611+09:00
Occupancy Metrics,20.0,0.0,success,False,2026-08-17T23:15:10.071233+09:00
Occupancy Monitor,140.0,14.0,success,False,2026-08-17T23:08:17.909902+09:00
Occupancy Navigator,,,failed,False,2026-08-17T23:27:56.034352+09:00
Occupancy Nexus,,,failed,False,2026-08-17T21:41:07.674308+09:00
Occupancy Node,,,failed,False,2026-08-18T07:43:38.150133+09:00
Occupancy Note,,,failed,False,2026-08-19T13:39:51.910868+09:00
Occupancy Notification,,,failed,False,2026-08-27T22:48:20.741854+09:00
Occupancy Number,50.0,0.0,success,False,2026-08-23T03:15:28.674871+09:00
Occupancy Office,,,failed,False,2026-08-19T00:03:16.369023+09:00
Occupancy Ops,,,failed,False,2026-08-17T23:11:38.355115+09:00
Occupancy Order,170.0,12.0,success,False,2026-08-19T21:54:42.461641+09:00
Occupancy Organizer,,,failed,False,2026-08-17T23:27:14.779355+09:00
Occupancy Overage,,,failed,False,2026-08-27T21:46:57.331452+09:00
Occupancy Overdue,,,failed,False,2026-08-27T21:46:52.310844+09:00
Occupancy Panel,,,failed,False,2026-08-17T20:40:45.689604+09:00
Occupancy Pass,,,failed,False,2026-08-21T00:32:59.208813+09:00
Occupancy Path,,,failed,False,2026-08-18T07:52:46.019796+09:00
Occupancy Payoff,,,failed,False,2026-08-27T21:46:54.698818+09:00
Occupancy Penalty,,,failed,False,2026-08-23T16:38:22.069097+09:00
Occupancy Petition,,,failed,False,2026-08-21T01:07:00.683520+09:00
Occupancy Pilot,,,failed,False,2026-08-17T20:47:35.936558+09:00
Occupancy Plan,210.0,6.0,success,False,2026-08-21T01:58:34.274743+09:00
Occupancy Planner,140.0,7.0,success,False,2026-08-17T23:26:58.468073+09:00
Occupancy Playbook,,,failed,False,2026-08-18T22:10:45.324652+09:00
Occupancy Point,,,failed,False,2026-08-17T21:41:39.306179+09:00
Occupancy Portal,,,failed,False,2026-08-17T20:42:15.711128+09:00
Occupancy Preview,,,failed,False,2026-08-28T01:07:01.226912+09:00
Occupancy Profile,20.0,0.0,success,False,2026-08-19T13:40:23.135378+09:00
Occupancy Profit,,,failed,False,2026-08-23T02:52:30.798474+09:00
Occupancy Proposal,,,failed,False,2026-08-28T01:07:05.829192+09:00
Occupancy Pulse,,,failed,False,2026-08-17T20:32:49.512310+09:00
Occupancy Queue,,,failed,False,2026-08-19T21:10:13.375829+09:00
Occupancy Quota,,,failed,False,2026-08-21T00:33:46.093002+09:00
Occupancy Radar,,,failed,False,2026-08-17T20:45:30.439940+09:00
Occupancy Rail,,,failed,False,2026-08-17T20:35:15.216607+09:00
Occupancy Rank,,,failed,False,2026-08-28T00:48:02.582128+09:00
Occupancy Rate,2900.0,1.0,success,False,2026-08-19T20:38:42.409315+09:00
Occupancy Recap,,,failed,False,2026-08-21T01:07:17.420617+09:00
Occupancy Receipt,,,failed,False,2026-08-19T21:55:03.832007+09:00
Occupancy Recorder,,,failed,False,2026-08-27T23:34:59.997959+09:00
Occupancy Redemption,,,failed,False,2026-08-23T16:38:24.543370+09:00
Occupancy Register,30.0,0.0,success,False,2026-08-17T23:28:10.025737+09:00
Occupancy Registry,,,failed,False,2026-08-18T22:11:19.240583+09:00
Occupancy Relay,,,failed,False,2026-08-17T20:44:25.446111+09:00
Occupancy Reminder,,,failed,False,2026-08-19T21:09:24.314607+09:00
Occupancy Report,390.0,1.0,success,False,2026-08-19T13:37:57.164882+09:00
Occupancy Repository,,,failed,False,2026-08-27T23:13:53.622178+09:00
Occupancy Roadmap,,,failed,False,2026-08-18T22:12:04.159201+09:00
Occupancy Route,,,failed,False,2026-08-17T20:37:14.189830+09:00
Occupancy Rule,,,failed,False,2026-08-23T03:15:38.644159+09:00
Occupancy Sale,,,failed,False,2026-08-21T02:30:30.378357+09:00
Occupancy Sample,,,failed,False,2026-08-19T21:56:01.385775+09:00
Occupancy Scale,,,failed,False,2026-08-17T20:38:07.696860+09:00
Occupancy Scanner,,,failed,False,2026-08-27T23:56:32.424799+09:00
Occupancy Scheduler,,,failed,False,2026-08-17T23:13:34.703463+09:00
Occupancy Scope,,,failed,False,2026-08-17T20:35:47.352548+09:00
Occupancy Score,,,failed,False,2026-08-19T13:39:43.638809+09:00
Occupancy Sentry,,,failed,False,2026-08-17T21:37:39.097196+09:00
Occupancy Sheet,20.0,0.0,success,False,2026-08-19T13:39:03.234764+09:00
Occupancy Shortfall,,,failed,False,2026-08-27T21:47:00.631100+09:00
Occupancy Signal,,,failed,False,2026-08-17T20:37:44.009684+09:00
Occupancy Signature,,,failed,False,2026-08-23T13:27:02.624073+09:00
Occupancy Slip,,,failed,False,2026-08-19T21:55:51.993679+09:00
Occupancy Slot,,,failed,False,2026-08-19T21:56:14.793890+09:00
Occupancy Snapshot,,,failed,False,2026-08-18T22:11:01.803326+09:00
Occupancy Stake,,,failed,False,2026-08-23T02:52:33.355566+09:00
Occupancy Stamp,,,failed,False,2026-08-23T13:27:05.347974+09:00
Occupancy Statement,70.0,1.0,success,False,2026-08-21T00:33:17.387160+09:00
Occupancy Station,,,failed,False,2026-08-17T20:45:52.903104+09:00
Occupancy Status,260.0,0.0,success,False,2026-08-19T20:37:59.201045+09:00
Occupancy Stub,,,failed,False,2026-08-21T00:33:12.400590+09:00
Occupancy Studio,,,failed,False,2026-08-17T20:48:18.389398+09:00
Occupancy Subsidy,,,failed,False,2026-08-23T15:51:20.195828+09:00
Occupancy Suite,,,failed,False,2026-08-17T23:11:56.017978+09:00
Occupancy Sum,,,failed,False,2026-08-21T02:30:16.403499+09:00
Occupancy Summary,,,failed,False,2026-08-19T21:08:56.210906+09:00
Occupancy Surtax,,,failed,False,2026-08-23T15:51:20.195828+09:00
Occupancy Sync,,,failed,False,2026-08-17T21:32:20.148818+09:00
Occupancy Tab,,,failed,False,2026-08-21T00:33:55.661658+09:00
Occupancy Table,70.0,0.0,success,False,2026-08-19T21:55:31.155886+09:00
Occupancy Tag,,,failed,False,2026-08-19T13:40:05.769727+09:00
Occupancy Tally,,,failed,False,2026-08-21T00:33:25.139045+09:00
Occupancy Tariff,,,failed,False,2026-08-21T02:36:33.361411+09:00
Occupancy Tax,1300.0,3.0,success,False,2026-08-21T02:14:16.325639+09:00
Occupancy Ticker,,,failed,False,2026-08-19T12:26:17.646351+09:00
Occupancy Ticket,,,failed,False,2026-08-19T21:10:02.424096+09:00
Occupancy Timeline,,,failed,False,2026-08-19T21:09:08.250321+09:00
Occupancy Timer,,,failed,False,2026-08-28T00:25:44.811086+09:00
Occupancy Token,,,failed,False,2026-08-23T13:27:02.624073+09:00
Occupancy Toll,,,failed,False,2026-08-21T02:45:41.299406+09:00
Occupancy Toolbox,,,failed,False,2026-08-28T00:25:51.267385+09:00
Occupancy Toolkit,,,failed,False,2026-08-18T22:10:36.115087+09:00
Occupancy Total,,,failed,False,2026-08-27T23:13:44.050852+09:00
Occupancy Tracker,110.0,21.0,success,False,2026-08-17T21:33:22.663564+09:00
Occupancy Trail,,,failed,False,2026-08-17T20:34:20.444490+09:00
Occupancy Trend,,,failed,False,2026-08-28T01:06:54.096928+09:00
Occupancy Trial,,,failed,False,2026-08-27T21:15:51.614768+09:00
Occupancy Unit,,,failed,False,2026-08-21T02:05:51.453888+09:00
Occupancy Update,,,failed,False,2026-08-19T20:38:53.768635+09:00
Occupancy Value,,,failed,False,2026-08-23T02:52:30.798474+09:00
Occupancy Vault,,,failed,False,2026-08-17T20:43:38.857738+09:00
Occupancy Version,,,failed,False,2026-08-23T03:15:32.798139+09:00
Occupancy View,,,failed,False,2026-08-19T20:38:05.655570+09:00
Occupancy Voucher,,,failed,False,2026-08-21T00:33:03.712506+09:00
Occupancy Watch,,,failed,False,2026-08-17T20:36:43.272468+09:00
Occupancy Wave,,,failed,False,2026-08-17T20:31:41.996994+09:00
Occupancy Widget,,,failed,False,2026-08-27T23:13:50.940196+09:00
Occupancy Workbench,,,failed,False,2026-08-18T22:10:30.545293+09:00
Occupancy Worksheet,,,failed,False,2026-08-27T22:10:26.332247+09:00
Occupancy Zone,,,failed,False,2026-08-17T20:43:12.470155+09:00
Occupant Advisory,,,failed,False,2026-08-21T01:09:34.280846+09:00
Occupant Alert,,,failed,False,2026-08-19T20:46:30.162701+09:00
Occupant Allowance,,,failed,False,2026-08-21T02:41:05.925111+09:00
Occupant Analyzer,,,failed,False,2026-08-27T23:55:53.687521+09:00
Occupant Arrears,,,failed,False,2026-08-23T16:11:34.314985+09:00
Occupant Atlas,,,failed,False,2026-08-19T20:42:37.692999+09:00
Occupant Attribute,,,failed,False,2026-08-23T13:08:48.797339+09:00
Occupant Badge,,,failed,False,2026-08-21T00:35:07.163921+09:00
Occupant Balance,,,failed,False,2026-08-23T13:48:23.745553+09:00
Occupant Base,,,failed,False,2026-08-19T20:39:47.752844+09:00
Occupant Bill,,,failed,False,2026-08-19T21:55:20.954175+09:00
Occupant Board,,,failed,False,2026-08-19T20:40:13.253783+09:00
Occupant Book,,,failed,False,2026-08-19T21:56:14.793890+09:00
Occupant Brief,,,failed,False,2026-08-21T01:09:26.967706+09:00
Occupant Bulletin,,,failed,False,2026-08-21T01:09:22.527514+09:00
Occupant Card,,,failed,False,2026-08-19T20:47:36.057637+09:00
Occupant Cash,,,failed,False,2026-08-21T02:24:43.440499+09:00
Occupant Catalog,,,failed,False,2026-08-19T21:09:13.421479+09:00
Occupant Category,,,failed,False,2026-08-23T13:08:46.542285+09:00
Occupant Center,,,failed,False,2026-08-19T20:41:06.982103+09:00
Occupant Charge,,,failed,False,2026-08-21T02:40:49.577434+09:00
Occupant Chart,,,failed,False,2026-08-19T20:46:33.393422+09:00
Occupant Check,,,failed,False,2026-08-19T20:47:48.078194+09:00
Occupant Checker,,,failed,False,2026-08-27T23:55:42.824458+09:00
Occupant Checklist,,,failed,False,2026-08-19T21:08:15.358718+09:00
Occupant Circular,,,failed,False,2026-08-21T01:09:29.468190+09:00
Occupant Code,,,failed,False,2026-08-19T21:55:41.048712+09:00
Occupant Comparison,,,failed,False,2026-08-28T01:06:41.346901+09:00
Occupant Confirmation,,,failed,False,2026-08-21T01:09:44.260038+09:00
Occupant Contribution,,,failed,False,2026-08-23T16:11:31.628533+09:00
Occupant Cost,,,failed,False,2026-08-21T02:08:19.202315+09:00
Occupant Count,,,failed,False,2026-08-27T22:47:20.471641+09:00
Occupant Counter,70.0,8.0,success,False,2026-08-19T20:45:06.240403+09:00
Occupant Deal,,,failed,False,2026-08-21T01:51:32.906314+09:00
Occupant Debt,,,failed,False,2026-08-21T02:24:33.883948+09:00
Occupant Desk,,,failed,False,2026-08-19T20:49:32.682801+09:00
Occupant Detail,20.0,0.0,success,False,2026-08-23T03:21:18.514525+09:00
Occupant Detector,,,failed,False,2026-08-27T23:55:53.687521+09:00
Occupant Diagram,,,failed,False,2026-08-27T22:08:41.770881+09:00
Occupant Digest,,,failed,False,2026-08-19T20:49:01.783681+09:00
Occupant Directory,,,failed,False,2026-08-19T20:44:29.865338+09:00
Occupant Discount,,,failed,False,2026-08-23T16:11:27.999005+09:00
Occupant Dossier,,,failed,False,2026-08-21T00:58:25.474774+09:00
Occupant Draft,,,failed,False,2026-08-19T20:49:12.755513+09:00
Occupant Due,,,failed,False,2026-08-23T15:53:10.362751+09:00
Occupant Duty,,,failed,False,2026-08-21T02:40:59.157491+09:00
Occupant Entry,,,failed,False,2026-08-21T00:58:38.777262+09:00
Occupant Estimate,,,failed,False,2026-08-19T21:08:58.951614+09:00
Occupant Estimator,,,failed,False,2026-08-27T23:55:40.198338+09:00
Occupant Excerpt,,,failed,False,2026-08-21T00:58:34.367334+09:00
Occupant Extension,,,failed,False,2026-08-23T16:37:31.309501+09:00
Occupant Fare,,,failed,False,2026-08-21T02:08:27.719210+09:00
Occupant Fee,,,failed,False,2026-08-21T01:51:12.065747+09:00
Occupant Feed,,,failed,False,2026-08-19T20:49:06.260858+09:00
Occupant Field,,,failed,False,2026-08-23T13:08:51.704947+09:00
Occupant File,,,failed,False,2026-08-19T20:48:40.120494+09:00
Occupant Fine,,,failed,False,2026-08-23T02:56:00.191983+09:00
Occupant Flow,,,failed,False,2026-08-19T20:49:23.220357+09:00
Occupant Form,140.0,1.0,success,False,2026-08-19T20:47:30.914414+09:00
Occupant Format,,,failed,False,2026-08-23T13:08:56.247878+09:00
Occupant Fund,,,failed,False,2026-08-21T02:24:39.206528+09:00
Occupant Gate,,,failed,False,2026-08-19T20:42:27.783446+09:00
Occupant Graph,,,failed,False,2026-08-27T22:08:28.855798+09:00
Occupant Guarantee,,,failed,False,2026-08-28T01:06:48.738756+09:00
Occupant Guardian,,,failed,False,2026-08-28T00:25:19.923690+09:00
Occupant Helpdesk,,,failed,False,2026-08-27T22:47:24.172994+09:00
Occupant Helper,,,failed,False,2026-08-28T00:25:26.159240+09:00
Occupant History,,,failed,False,2026-08-19T20:48:35.358478+09:00
Occupant Hotline,,,failed,False,2026-08-19T21:09:25.998389+09:00
Occupant Hub,,,failed,False,2026-08-19T20:49:28.954845+09:00
Occupant Identifier,,,failed,False,2026-08-23T13:08:44.526296+09:00
Occupant Inbox,,,failed,False,2026-08-19T20:46:24.803660+09:00
Occupant Index,,,failed,False,2026-08-19T21:08:25.447867+09:00
Occupant Installment,,,failed,False,2026-08-23T16:11:27.999005+09:00
Occupant Item,,,failed,False,2026-08-21T01:51:12.846846+09:00
Occupant Kiosk,,,failed,False,2026-08-19T20:45:29.456295+09:00
Occupant Kit,,,failed,False,2026-08-27T22:47:10.971037+09:00
Occupant Label,,,failed,False,2026-08-27T22:08:33.849782+09:00
Occupant Ledger,,,failed,False,2026-08-19T20:40:02.454787+09:00
Occupant Level,,,failed,False,2026-08-19T20:48:46.011592+09:00
Occupant Levy,,,failed,False,2026-08-23T13:48:27.768488+09:00
Occupant Link,,,failed,False,2026-08-23T03:21:12.022197+09:00
Occupant List,8100.0,1.0,success,False,2026-08-19T21:55:51.993679+09:00
Occupant Loan,,,failed,False,2026-08-21T02:08:41.527197+09:00
Occupant Locator,,,failed,False,2026-08-19T20:44:39.695908+09:00
Occupant Log,,,failed,False,2026-08-19T20:47:25.892128+09:00
Occupant Loop,,,failed,False,2026-08-19T20:38:46.605593+09:00
Occupant Manager,,,failed,False,2026-08-19T20:42:55.526386+09:00
Occupant Manual,,,failed,False,2026-08-27T22:08:36.718327+09:00
Occupant Map,,,failed,False,2026-08-19T20:39:32.642664+09:00
Occupant Margin,,,failed,False,2026-08-23T02:55:57.484668+09:00
Occupant Markup,,,failed,False,2026-08-23T16:37:28.808486+09:00
Occupant Memo,,,failed,False,2026-08-21T00:35:19.738516+09:00
Occupant Message,,,failed,False,2026-08-27T23:12:37.040829+09:00
Occupant Monitor,,,failed,False,2026-08-19T20:43:33.378176+09:00
Occupant Note,,,failed,False,2026-08-19T20:48:02.759483+09:00
Occupant Notification,,,failed,False,2026-08-27T22:47:08.510624+09:00
Occupant Number,,,failed,False,2026-08-23T03:21:04.390216+09:00
Occupant Order,,,failed,False,2026-08-19T21:55:14.913375+09:00
Occupant Overage,,,failed,False,2026-08-27T21:46:26.203739+09:00
Occupant Overdraft,,,failed,False,2026-08-23T15:53:10.362751+09:00
Occupant Pass,,,failed,False,2026-08-21T00:35:01.453915+09:00
Occupant Passport,,,failed,False,2026-08-19T20:46:47.302188+09:00
Occupant Penalty,,,failed,False,2026-08-23T16:37:28.808486+09:00
Occupant Petition,,,failed,False,2026-08-21T01:09:36.550865+09:00
Occupant Plan,,,failed,False,2026-08-21T01:51:29.207159+09:00
Occupant Portal,,,failed,False,2026-08-19T20:41:22.304179+09:00
Occupant Preview,,,failed,False,2026-08-28T01:06:43.929748+09:00
Occupant Profile,,,failed,False,2026-08-19T20:48:17.948513+09:00
Occupant Profit,,,failed,False,2026-08-23T02:55:50.022047+09:00
Occupant Proposal,,,failed,False,2026-08-28T01:06:48.738756+09:00
Occupant Queue,,,failed,False,2026-08-19T21:08:48.624997+09:00
Occupant Quota,,,failed,False,2026-08-21T00:35:23.760596+09:00
Occupant Radar,,,failed,False,2026-08-19T20:49:38.357241+09:00
Occupant Rate,,,failed,False,2026-08-19T20:48:48.411735+09:00
Occupant Recap,,,failed,False,2026-08-21T00:59:23.990159+09:00
Occupant Receipt,,,failed,False,2026-08-19T21:55:31.155886+09:00
Occupant Register,,,failed,False,2026-08-19T20:43:48.362624+09:00
Occupant Registry,,,failed,False,2026-08-19T20:44:12.620754+09:00
Occupant Relay,,,failed,False,2026-08-19T20:37:22.627194+09:00
Occupant Reminder,,,failed,False,2026-08-19T21:08:05.171033+09:00
Occupant Report,,,failed,False,2026-08-19T20:47:17.630061+09:00
Occupant Repository,,,failed,False,2026-08-27T23:12:46.818245+09:00
Occupant Roll,,,failed,False,2026-08-19T20:47:10.772818+09:00
Occupant Roster,,,failed,False,2026-08-19T20:46:20.200545+09:00
Occupant Rule,,,failed,False,2026-08-23T03:21:14.808090+09:00
Occupant Sale,,,failed,False,2026-08-21T02:24:48.796566+09:00
Occupant Sample,,,failed,False,2026-08-19T21:56:40.008866+09:00
Occupant Scanner,,,failed,False,2026-08-27T23:55:48.344302+09:00
Occupant Score,,,failed,False,2026-08-19T20:47:55.040652+09:00
Occupant Sheet,,,failed,False,2026-08-19T20:47:39.914949+09:00
Occupant Signal,,,failed,False,2026-08-19T20:38:18.738836+09:00
Occupant Signature,,,failed,False,2026-08-23T13:28:07.800496+09:00
Occupant Slip,,,failed,False,2026-08-19T21:56:27.780319+09:00
Occupant Slot,,,failed,False,2026-08-19T21:56:50.628145+09:00
Occupant Stake,,,failed,False,2026-08-23T02:55:55.232894+09:00
Occupant Statement,,,failed,False,2026-08-21T00:35:11.745138+09:00
Occupant Status,,,failed,False,2026-08-19T20:48:23.205403+09:00
Occupant Subsidy,,,failed,False,2026-08-23T15:53:12.516993+09:00
Occupant Sum,,,failed,False,2026-08-21T02:24:30.364633+09:00
Occupant Summary,,,failed,False,2026-08-19T21:07:45.336017+09:00
Occupant Surtax,,,failed,False,2026-08-23T15:50:12.078414+09:00
Occupant Tab,,,failed,False,2026-08-21T00:35:29.281212+09:00
Occupant Table,,,failed,False,2026-08-19T21:56:05.092972+09:00
Occupant Tag,,,failed,False,2026-08-19T20:48:09.734804+09:00
Occupant Tally,,,failed,False,2026-08-21T00:35:13.915986+09:00
Occupant Tariff,,,failed,False,2026-08-21T02:41:14.911892+09:00
Occupant Tax,,,failed,False,2026-08-21T02:08:37.852191+09:00
Occupant Ticker,,,failed,False,2026-08-19T20:46:58.036522+09:00
Occupant Ticket,,,failed,False,2026-08-19T21:08:35.799168+09:00
Occupant Timeline,,,failed,False,2026-08-19T21:07:55.214041+09:00
Occupant Toll,,,failed,False,2026-08-21T02:41:02.522533+09:00
Occupant Toolbox,,,failed,False,2026-08-28T00:25:23.676090+09:00
Occupant Total,,,failed,False,2026-08-27T23:12:39.391295+09:00
Occupant Tracker,,,failed,False,2026-08-19T20:49:16.530394+09:00
Occupant Trail,,,failed,False,2026-08-19T20:42:06.894940+09:00
Occupant Trend,,,failed,False,2026-08-28T01:06:41.346901+09:00
Occupant Trial,,,failed,False,2026-08-27T21:14:25.842421+09:00
Occupant Unit,,,failed,False,2026-08-21T01:51:22.429358+09:00
Occupant Update,,,failed,False,2026-08-19T20:48:55.006137+09:00
Occupant Value,,,failed,False,2026-08-23T02:55:53.099561+09:00
Occupant Vault,,,failed,False,2026-08-19T20:37:31.186118+09:00
Occupant Version,,,failed,False,2026-08-23T03:21:07.842946+09:00
Occupant View,,,failed,False,2026-08-19T20:48:28.899410+09:00
Occupant Watch,,,failed,False,2026-08-19T20:38:26.547735+09:00
Occupant Widget,,,failed,False,2026-08-27T23:12:39.391295+09:00
Occupant Worksheet,,,failed,False,2026-08-27T22:08:36.718327+09:00
Occupant Workshop,,,failed,False,2026-08-28T00:25:19.923690+09:00
Offboarding Advisory,,,failed,False,2026-08-21T00:58:27.692575+09:00
Offboarding Allowance,,,failed,False,2026-08-21T02:40:11.455485+09:00
Offboarding Almanac,,,failed,False,2026-08-18T22:11:30.674698+09:00
Offboarding Analyzer,,,failed,False,2026-08-27T23:52:05.723363+09:00
Offboarding Anchor,,,failed,False,2026-08-18T07:52:30.485728+09:00
Offboarding Announcement,,,failed,False,2026-08-27T23:32:06.818889+09:00
Offboarding Asset,,,failed,False,2026-08-23T13:47:58.149011+09:00
Offboarding Assistant,,,failed,False,2026-08-17T23:26:02.617332+09:00
Offboarding Atlas,,,failed,False,2026-08-17T21:30:05.905035+09:00
Offboarding Attribute,,,failed,False,2026-08-23T13:07:48.964667+09:00
Offboarding Balance,,,failed,False,2026-08-23T13:47:58.149011+09:00
Offboarding Base,,,failed,False,2026-08-17T20:45:09.617976+09:00
Offboarding Beacon,,,failed,False,2026-08-17T20:34:48.922886+09:00
Offboarding Bill,,,failed,False,2026-08-19T21:58:59.534733+09:00
Offboarding Blueprint,,,failed,False,2026-08-18T22:11:19.240583+09:00
Offboarding Board,,,failed,False,2026-08-17T20:42:18.152107+09:00
Offboarding Book,,,failed,False,2026-08-19T21:59:50.117537+09:00
Offboarding Bridge,,,failed,False,2026-08-17T20:31:46.547401+09:00
Offboarding Brief,,,failed,False,2026-08-21T01:09:42.916632+09:00
Offboarding Bulletin,,,failed,False,2026-08-21T01:09:36.550865+09:00
Offboarding Calculator,,,failed,False,2026-08-27T23:32:16.065535+09:00
Offboarding Calendar,,,failed,False,2026-08-18T23:59:44.805528+09:00
Offboarding Card,,,failed,False,2026-08-19T13:39:43.638809+09:00
Offboarding Cascade,,,failed,False,2026-08-17T20:32:57.689274+09:00
Offboarding Cash,,,failed,False,2026-08-21T02:24:04.256033+09:00
Offboarding Catalog,,,failed,False,2026-08-19T21:14:07.516927+09:00
Offboarding Category,,,failed,False,2026-08-23T13:07:46.002648+09:00
Offboarding Center,,,failed,False,2026-08-17T20:37:16.947301+09:00
Offboarding Chain,,,failed,False,2026-08-17T21:35:33.419897+09:00
Offboarding Charge,,,failed,False,2026-08-21T02:39:59.313025+09:00
Offboarding Check,,,failed,False,2026-08-19T13:40:05.769727+09:00
Offboarding Checker,,,failed,False,2026-08-27T23:51:57.345982+09:00
Offboarding Checklist,880.0,23.0,success,False,2026-08-19T21:13:13.092758+09:00
Offboarding Circular,,,failed,False,2026-08-21T00:59:23.990159+09:00
Offboarding Cockpit,,,failed,False,2026-08-17T23:06:37.704524+09:00
Offboarding Code,,,failed,False,2026-08-19T21:59:15.845213+09:00
Offboarding Codex,,,failed,False,2026-08-18T22:11:45.045166+09:00
Offboarding Companion,,,failed,False,2026-08-17T23:27:17.370245+09:00
Offboarding Comparison,,,failed,False,2026-08-28T01:03:16.681055+09:00
Offboarding Compass,,,failed,False,2026-08-17T20:35:50.076535+09:00
Offboarding Compendium,,,failed,False,2026-08-18T22:11:39.333366+09:00
Offboarding Confirmation,,,failed,False,2026-08-21T00:58:38.777262+09:00
Offboarding Console,,,failed,False,2026-08-17T20:34:23.568448+09:00
Offboarding Core,,,failed,False,2026-08-17T20:44:09.032273+09:00
Offboarding Cost,,,failed,False,2026-08-21T02:08:07.470140+09:00
Offboarding Count,,,failed,False,2026-08-27T22:44:19.444390+09:00
Offboarding Counter,,,failed,False,2026-08-19T00:00:38.616891+09:00
Offboarding Dashboard,,,failed,False,2026-08-17T23:27:00.420532+09:00
Offboarding Deal,,,failed,False,2026-08-21T01:51:35.759053+09:00
Offboarding Debt,,,failed,False,2026-08-21T02:23:55.522760+09:00
Offboarding Deck,,,failed,False,2026-08-17T20:41:33.336783+09:00
Offboarding Depot,,,failed,False,2026-08-19T00:00:22.759146+09:00
Offboarding Desk,,,failed,False,2026-08-17T20:39:32.550443+09:00
Offboarding Detail,,,failed,False,2026-08-23T03:19:56.707699+09:00
Offboarding Detector,,,failed,False,2026-08-27T23:52:02.296949+09:00
Offboarding Diagram,,,failed,False,2026-08-27T22:15:19.748218+09:00
Offboarding Dial,,,failed,False,2026-08-17T20:32:21.226449+09:00
Offboarding Digest,,,failed,False,2026-08-19T20:40:35.383963+09:00
Offboarding Directory,,,failed,False,2026-08-18T23:59:53.624295+09:00
Offboarding Dock,,,failed,False,2026-08-17T21:39:05.774100+09:00
Offboarding Dossier,,,failed,False,2026-08-21T00:58:42.850183+09:00
Offboarding Downpayment,,,failed,False,2026-08-27T21:50:34.815891+09:00
Offboarding Draft,,,failed,False,2026-08-19T20:40:53.028403+09:00
Offboarding Due,,,failed,False,2026-08-23T15:52:40.502270+09:00
Offboarding Duty,,,failed,False,2026-08-21T02:40:01.670619+09:00
Offboarding Engine,,,failed,False,2026-08-17T23:15:28.966007+09:00
Offboarding Entry,,,failed,False,2026-08-21T00:58:54.317507+09:00
Offboarding Estimate,,,failed,False,2026-08-19T21:13:57.456241+09:00
Offboarding Estimator,,,failed,False,2026-08-27T23:51:54.683905+09:00
Offboarding Excerpt,,,failed,False,2026-08-21T00:58:49.473587+09:00
Offboarding Extension,,,failed,False,2026-08-23T16:40:11.516867+09:00
Offboarding Fare,,,failed,False,2026-08-21T02:08:15.230542+09:00
Offboarding Fee,,,failed,False,2026-08-21T01:51:08.406585+09:00
Offboarding Feed,,,failed,False,2026-08-19T20:40:42.900088+09:00
Offboarding File,,,failed,False,2026-08-19T20:40:02.454787+09:00
Offboarding Finder,,,failed,False,2026-08-19T00:00:12.518097+09:00
Offboarding Fine,,,failed,False,2026-08-23T02:55:08.559599+09:00
Offboarding Flag,,,failed,False,2026-08-21T00:36:08.674469+09:00
Offboarding Flow,,,failed,False,2026-08-17T20:41:58.937145+09:00
Offboarding Forge,,,failed,False,2026-08-17T20:34:01.116253+09:00
Offboarding Form,140.0,5.0,success,False,2026-08-19T13:39:26.336599+09:00
Offboarding Format,,,failed,False,2026-08-23T13:07:51.086484+09:00
Offboarding Frame,,,failed,False,2026-08-17T20:45:55.190861+09:00
Offboarding Fund,,,failed,False,2026-08-21T02:23:59.841123+09:00
Offboarding Gate,,,failed,False,2026-08-17T21:32:25.465592+09:00
Offboarding Generator,,,failed,False,2026-08-27T23:32:26.212741+09:00
Offboarding Grade,,,failed,False,2026-08-21T00:35:52.521460+09:00
Offboarding Graph,,,failed,False,2026-08-27T22:15:06.045574+09:00
Offboarding Grid,,,failed,False,2026-08-17T21:36:07.544663+09:00
Offboarding Guard,,,failed,False,2026-08-17T20:44:29.668652+09:00
Offboarding Guardian,,,failed,False,2026-08-28T00:22:23.551401+09:00
Offboarding Guidebook,,,failed,False,2026-08-18T22:11:03.707718+09:00
Offboarding Helpdesk,,,failed,False,2026-08-27T22:44:24.073756+09:00
Offboarding Helper,,,failed,False,2026-08-28T00:22:26.191039+09:00
Offboarding History,,,failed,False,2026-08-19T20:39:52.613613+09:00
Offboarding Hotline,,,failed,False,2026-08-19T21:14:17.350894+09:00
Offboarding Hub,,,failed,False,2026-08-17T20:41:09.985510+09:00
Offboarding Identifier,,,failed,False,2026-08-23T13:07:43.906174+09:00
Offboarding Index,,,failed,False,2026-08-19T21:13:23.011051+09:00
Offboarding Insight,,,failed,False,2026-08-17T23:11:57.762151+09:00
Offboarding Item,,,failed,False,2026-08-21T01:51:22.429358+09:00
Offboarding Journal,,,failed,False,2026-08-18T22:10:48.955418+09:00
Offboarding Keeper,,,failed,False,2026-08-17T20:46:26.563596+09:00
Offboarding Kit,,,failed,False,2026-08-27T22:44:16.144123+09:00
Offboarding Lab,,,failed,False,2026-08-17T20:40:01.743309+09:00
Offboarding Label,,,failed,False,2026-08-27T22:15:12.426690+09:00
Offboarding Ledger,,,failed,False,2026-08-17T20:43:15.863986+09:00
Offboarding Lens,,,failed,False,2026-08-17T20:47:04.642239+09:00
Offboarding Level,,,failed,False,2026-08-19T20:40:08.745376+09:00
Offboarding Link,,,failed,False,2026-08-23T03:19:49.312069+09:00
Offboarding List,20.0,22.0,success,False,2026-08-19T21:59:26.927876+09:00
Offboarding Loan,,,failed,False,2026-08-21T02:08:23.223151+09:00
Offboarding Locator,,,failed,False,2026-08-19T00:00:01.654497+09:00
Offboarding Lock,,,failed,False,2026-08-17T21:30:38.829852+09:00
Offboarding Log,,,failed,False,2026-08-19T13:39:03.234764+09:00
Offboarding Loop,,,failed,False,2026-08-17T21:37:05.127331+09:00
Offboarding Manager,,,failed,False,2026-08-17T20:45:33.619281+09:00
Offboarding Manual,,,failed,False,2026-08-27T22:15:17.446247+09:00
Offboarding Map,,,failed,False,2026-08-17T20:48:23.905428+09:00
Offboarding Margin,,,failed,False,2026-08-23T02:55:04.865137+09:00
Offboarding Memo,,,failed,False,2026-08-21T00:35:57.334663+09:00
Offboarding Message,10.0,10.0,success,False,2026-08-27T23:10:12.340839+09:00
Offboarding Meter,,,failed,False,2026-08-18T07:52:56.677266+09:00
Offboarding Metrics,,,failed,False,2026-08-17T23:26:43.020316+09:00
Offboarding Monitor,,,failed,False,2026-08-17T23:26:31.743192+09:00
Offboarding Navigator,,,failed,False,2026-08-17T23:13:36.575210+09:00
Offboarding Nexus,,,failed,False,2026-08-17T21:31:15.457583+09:00
Offboarding Node,,,failed,False,2026-08-17T21:33:26.536272+09:00
Offboarding Note,,,failed,False,2026-08-19T13:40:47.127510+09:00
Offboarding Notification,,,failed,False,2026-08-27T22:44:11.984469+09:00
Offboarding Number,,,failed,False,2026-08-23T03:19:40.807348+09:00
Offboarding Office,,,failed,False,2026-08-19T00:00:28.920086+09:00
Offboarding Ops,,,failed,False,2026-08-17T23:27:32.625137+09:00
Offboarding Order,,,failed,False,2026-08-19T21:58:48.612097+09:00
Offboarding Organizer,,,failed,False,2026-08-17T23:04:42.962346+09:00
Offboarding Overage,,,failed,False,2026-08-27T21:50:32.673191+09:00
Offboarding Overdue,,,failed,False,2026-08-27T21:50:26.760837+09:00
Offboarding Panel,,,failed,False,2026-08-17T20:33:30.325030+09:00
Offboarding Path,,,failed,False,2026-08-17T21:33:00.443260+09:00
Offboarding Payoff,,,failed,False,2026-08-27T21:50:29.028381+09:00
Offboarding Penalty,,,failed,False,2026-08-23T16:40:05.179166+09:00
Offboarding Petition,,,failed,False,2026-08-21T00:58:32.149871+09:00
Offboarding Pilot,,,failed,False,2026-08-17T20:40:26.535789+09:00
Offboarding Plan,90.0,5.0,success,False,2026-08-21T01:51:32.906314+09:00
Offboarding Planner,,,failed,False,2026-08-17T23:10:22.607509+09:00
Offboarding Playbook,,,failed,False,2026-08-18T22:10:38.085042+09:00
Offboarding Point,,,failed,False,2026-08-17T21:31:49.761986+09:00
Offboarding Portal,40.0,5.0,success,False,2026-08-17T20:35:19.683482+09:00
Offboarding Preview,,,failed,False,2026-08-28T01:03:21.195109+09:00
Offboarding Profile,,,failed,False,2026-08-19T13:41:17.239436+09:00
Offboarding Profit,,,failed,False,2026-08-23T02:54:55.052160+09:00
Offboarding Proposal,,,failed,False,2026-08-28T01:03:21.195109+09:00
Offboarding Pulse,,,failed,False,2026-08-17T21:35:02.943607+09:00
Offboarding Queue,,,failed,False,2026-08-19T21:13:46.122895+09:00
Offboarding Quota,,,failed,False,2026-08-21T00:36:02.867452+09:00
Offboarding Radar,,,failed,False,2026-08-17T20:38:36.286112+09:00
Offboarding Rail,,,failed,False,2026-08-17T21:37:44.992622+09:00
Offboarding Rate,,,failed,False,2026-08-19T20:40:20.062336+09:00
Offboarding Recap,,,failed,False,2026-08-21T00:59:26.114490+09:00
Offboarding Receipt,,,failed,False,2026-08-19T21:59:07.775168+09:00
Offboarding Recorder,,,failed,False,2026-08-27T23:32:26.212741+09:00
Offboarding Register,,,failed,False,2026-08-17T23:08:23.954708+09:00
Offboarding Registry,,,failed,False,2026-08-18T22:11:11.945944+09:00
Offboarding Relay,,,failed,False,2026-08-17T20:37:47.401646+09:00
Offboarding Reminder,,,failed,False,2026-08-19T21:12:57.141262+09:00
Offboarding Report,,,failed,False,2026-08-19T13:38:58.073256+09:00
Offboarding Repository,,,failed,False,2026-08-27T23:10:17.409830+09:00
Offboarding Result,,,failed,False,2026-08-28T00:46:19.889028+09:00
Offboarding Roadmap,,,failed,False,2026-08-18T22:11:56.316205+09:00
Offboarding Roster,,,failed,False,2026-08-19T00:36:46.213084+09:00
Offboarding Route,,,failed,False,2026-08-17T21:41:14.862117+09:00
Offboarding Rule,,,failed,False,2026-08-23T03:19:53.710314+09:00
Offboarding Sale,,,failed,False,2026-08-21T02:24:12.217966+09:00
Offboarding Sample,,,failed,False,2026-08-19T22:00:08.446877+09:00
Offboarding Scale,,,failed,False,2026-08-18T07:53:03.495247+09:00
Offboarding Scheduler,,,failed,False,2026-08-17T23:26:18.163850+09:00
Offboarding Scope,,,failed,False,2026-08-17T21:38:15.647846+09:00
Offboarding Score,,,failed,False,2026-08-19T13:40:23.135378+09:00
Offboarding Sentry,,,failed,False,2026-08-17T20:47:45.474295+09:00
Offboarding Sheet,,,failed,False,2026-08-19T13:39:57.462867+09:00
Offboarding Shortfall,,,failed,False,2026-08-27T21:50:37.116413+09:00
Offboarding Signal,,,failed,False,2026-08-17T21:41:44.845375+09:00
Offboarding Signature,,,failed,False,2026-08-23T13:27:54.146441+09:00
Offboarding Slip,,,failed,False,2026-08-19T21:59:58.757000+09:00
Offboarding Slot,,,failed,False,2026-08-19T22:00:20.280558+09:00
Offboarding Snapshot,,,failed,False,2026-08-18T22:10:56.062577+09:00
Offboarding Stage,,,failed,False,2026-08-28T00:46:19.889028+09:00
Offboarding Stake,,,failed,False,2026-08-23T02:54:59.727215+09:00
Offboarding Statement,,,failed,False,2026-08-21T00:35:39.216644+09:00
Offboarding Station,,,failed,False,2026-08-17T20:39:06.787331+09:00
Offboarding Status,,,failed,False,2026-08-19T20:39:37.927726+09:00
Offboarding Stipend,,,failed,False,2026-08-23T13:48:00.316866+09:00
Offboarding Stub,,,failed,False,2026-08-21T00:35:36.889482+09:00
Offboarding Studio,,,failed,False,2026-08-17T20:40:48.754907+09:00
Offboarding Suite,,,failed,False,2026-08-17T23:25:47.175267+09:00
Offboarding Sum,,,failed,False,2026-08-21T02:23:51.443965+09:00
Offboarding Summary,,,failed,False,2026-08-19T21:12:37.502456+09:00
Offboarding Sync,,,failed,False,2026-08-17T20:42:47.401639+09:00
Offboarding Tab,,,failed,False,2026-08-21T00:36:11.342304+09:00
Offboarding Table,,,failed,False,2026-08-19T21:59:39.418384+09:00
Offboarding Tag,,,failed,False,2026-08-19T13:40:58.883457+09:00
Offboarding Tally,,,failed,False,2026-08-21T00:35:46.572141+09:00
Offboarding Tariff,,,failed,False,2026-08-21T02:40:14.671503+09:00
Offboarding Tax,,,failed,False,2026-08-21T02:08:19.202315+09:00
Offboarding Ticket,10.0,1.0,success,False,2026-08-19T21:13:34.097161+09:00
Offboarding Timeline,,,failed,False,2026-08-19T21:12:47.142527+09:00
Offboarding Timer,,,failed,False,2026-08-28T00:22:18.393624+09:00
Offboarding Toll,,,failed,False,2026-08-21T02:40:07.402959+09:00
Offboarding Toolbox,,,failed,False,2026-08-28T00:22:23.551401+09:00
Offboarding Toolkit,10.0,,success,False,2026-08-18T22:10:30.545293+09:00
Offboarding Total,,,failed,False,2026-08-27T23:10:14.890839+09:00
Offboarding Tracker,30.0,17.0,success,False,2026-08-17T20:43:42.299051+09:00
Offboarding Trail,,,failed,False,2026-08-17T21:36:36.847955+09:00
Offboarding Trend,,,failed,False,2026-08-28T01:03:14.001062+09:00
Offboarding Trial,,,failed,False,2026-08-27T21:19:36.835808+09:00
Offboarding Unit,,,failed,False,2026-08-21T01:51:29.207159+09:00
Offboarding Update,,,failed,False,2026-08-19T20:40:28.949050+09:00
Offboarding Value,,,failed,False,2026-08-23T02:54:57.045583+09:00
Offboarding Vault,,,failed,False,2026-08-17T20:36:48.387810+09:00
Offboarding Version,,,failed,False,2026-08-23T03:19:44.954715+09:00
Offboarding View,,,failed,False,2026-08-19T20:39:43.818952+09:00
Offboarding Watch,,,failed,False,2026-08-17T21:39:44.948189+09:00
Offboarding Wave,,,failed,False,2026-08-17T21:33:59.802696+09:00
Offboarding Widget,,,failed,False,2026-08-27T23:10:14.890839+09:00
Offboarding Workbench,,,failed,False,2026-08-18T22:10:22.903886+09:00
Offboarding Worksheet,,,failed,False,2026-08-27T22:15:17.446247+09:00
Offboarding Workshop,,,failed,False,2026-08-28T00:22:21.008845+09:00
Offboarding Zone,,,failed,False,2026-08-17T20:36:17.521162+09:00
Offer Advance,,,failed,False,2026-08-23T16:11:34.314985+09:00
Offer Advisory,,,failed,False,2026-08-21T01:06:45.397337+09:00
Offer Allowance,,,failed,False,2026-08-21T02:44:40.179717+09:00
Offer Almanac,,,failed,False,2026-08-18T22:04:23.726026+09:00
Offer Analyzer,10.0,0.0,success,False,2026-08-27T23:52:42.913738+09:00
Offer Anchor,,,failed,False,2026-08-18T07:43:49.584727+09:00
Offer Announcement,110.0,0.0,success,False,2026-08-27T23:33:00.078931+09:00
Offer Arrears,,,failed,False,2026-08-23T16:11:31.628533+09:00
Offer Assistant,10.0,1.0,success,False,2026-08-17T23:03:39.400104+09:00
Offer Atlas,,,failed,False,2026-08-17T20:48:44.119140+09:00
Offer Badge,260.0,0.0,success,False,2026-08-21T00:33:32.477901+09:00
Offer Base,30.0,0.0,success,False,2026-08-17T20:44:46.784780+09:00
Offer Beacon,,,failed,False,2026-08-17T20:34:40.569545+09:00
Offer Bill,,,failed,False,2026-08-19T21:57:27.705045+09:00
Offer Blueprint,40.0,4.0,success,False,2026-08-18T22:04:12.568895+09:00
Offer Board,390.0,26.0,success,False,2026-08-17T20:42:12.704128+09:00
Offer Book,1300.0,57.0,success,False,2026-08-19T21:58:22.475915+09:00
Offer Bridge,,,failed,False,2026-08-17T20:31:35.680631+09:00
Offer Brief,10.0,2.0,success,False,2026-08-21T01:06:33.871335+09:00
Offer Bulletin,,,failed,False,2026-08-21T01:06:30.195338+09:00
Offer Cabinet,,,failed,False,2026-08-27T23:11:04.616430+09:00
Offer Calculator,590.0,7.0,success,False,2026-08-27T23:33:00.078931+09:00
Offer Calendar,90.0,23.0,success,False,2026-08-19T00:01:32.528747+09:00
Offer Card,720.0,5.0,success,False,2026-08-19T13:25:58.679936+09:00
Offer Cascade,,,failed,False,2026-08-17T20:32:44.310093+09:00
Offer Cash,170.0,12.0,success,False,2026-08-21T02:29:31.555266+09:00
Offer Cashback,1900.0,19.0,success,False,2026-08-27T21:13:37.797342+09:00
Offer Catalog,140.0,0.0,success,False,2026-08-19T21:14:17.350894+09:00
Offer Category,,,failed,False,2026-08-23T13:10:03.956535+09:00
Offer Center,50.0,1.0,success,False,2026-08-17T20:37:05.313557+09:00
Offer Chain,,,failed,False,2026-08-17T21:35:20.515813+09:00
Offer Charge,10.0,0.0,success,False,2026-08-21T02:44:28.484946+09:00
Offer Check,590.0,5.0,success,False,2026-08-19T13:26:18.300818+09:00
Offer Checker,590.0,5.0,success,False,2026-08-27T23:52:32.506891+09:00
Offer Checklist,10.0,0.0,success,False,2026-08-19T21:13:21.149067+09:00
Offer Circular,720.0,0.0,success,False,2026-08-21T01:06:42.544203+09:00
Offer Cockpit,,,failed,False,2026-08-17T23:32:52.026751+09:00
Offer Code,1000.0,6.0,success,False,2026-08-19T21:57:51.707228+09:00
Offer Codex,,,failed,False,2026-08-18T22:04:42.771017+09:00
Offer Companion,10.0,7.0,success,False,2026-08-17T23:14:07.437972+09:00
Offer Comparison,210.0,4.0,success,False,2026-08-28T01:03:16.681055+09:00
Offer Compass,,,failed,False,2026-08-17T20:35:40.356029+09:00
Offer Compendium,,,failed,False,2026-08-18T22:04:34.092675+09:00
Offer Confirmation,70.0,0.0,success,False,2026-08-21T01:06:56.173532+09:00
Offer Console,,,failed,False,2026-08-17T20:34:17.127214+09:00
Offer Contribution,10.0,0.0,success,False,2026-08-23T16:11:27.999005+09:00
Offer Copayment,,,failed,False,2026-08-23T16:37:21.516331+09:00
Offer Core,70.0,0.0,success,False,2026-08-17T20:44:01.266186+09:00
Offer Cost,20.0,0.0,success,False,2026-08-21T02:13:39.971656+09:00
Offer Count,10.0,0.0,success,False,2026-08-27T22:45:40.412271+09:00
Offer Counter,14800.0,0.0,success,True,2026-08-19T00:02:18.071698+09:00
Offer Coupon,1300.0,5.0,success,False,2026-08-27T21:13:32.051431+09:00
Offer Dashboard,,,failed,False,2026-08-17T23:07:13.674847+09:00
Offer Deal,14800.0,97.0,success,False,2026-08-21T01:58:12.628800+09:00
Offer Debt,,,failed,False,2026-08-21T02:29:22.487025+09:00
Offer Deck,40.0,5.0,success,False,2026-08-17T20:41:22.469867+09:00
Offer Depot,30.0,39.0,success,False,2026-08-19T00:02:04.506577+09:00
Offer Desk,40.0,78.0,success,False,2026-08-17T20:39:21.363517+09:00
Offer Detail,480.0,0.0,success,False,2026-08-23T03:24:13.637906+09:00
Offer Detector,,,failed,False,2026-08-27T23:52:37.462117+09:00
Offer Dial,10.0,0.0,success,False,2026-08-17T20:32:08.584337+09:00
Offer Digest,10.0,,success,False,2026-08-19T20:42:34.910732+09:00
Offer Directory,10.0,0.0,success,False,2026-08-19T00:01:37.572111+09:00
Offer Discount,3600.0,10.0,success,False,2026-08-23T16:11:21.537507+09:00
Offer Dock,,,failed,False,2026-08-17T21:38:37.304138+09:00
Offer Dossier,,,failed,False,2026-08-21T01:07:00.683520+09:00
Offer Draft,70.0,0.0,success,False,2026-08-19T20:42:48.667396+09:00
Offer Due,,,failed,False,2026-08-23T15:50:19.459391+09:00
Offer Duty,10.0,5.0,success,False,2026-08-21T02:44:32.833058+09:00
Offer Engine,70.0,5.0,success,False,2026-08-17T23:31:48.177682+09:00
Offer Entry,,,failed,False,2026-08-21T01:07:15.275377+09:00
Offer Estimate,,,failed,False,2026-08-19T21:14:07.516927+09:00
Offer Estimator,,,failed,False,2026-08-27T23:52:30.197940+09:00
Offer Excerpt,,,failed,False,2026-08-21T01:07:09.616987+09:00
Offer Extension,210.0,0.0,success,False,2026-08-23T16:37:24.399501+09:00
Offer Fare,50.0,7.0,success,False,2026-08-21T02:13:47.898953+09:00
Offer Fee,50.0,0.0,success,False,2026-08-21T01:57:54.921820+09:00
Offer Feed,,,failed,False,2026-08-19T20:42:43.732696+09:00
Offer File,10.0,0.0,success,False,2026-08-19T20:42:12.538195+09:00
Offer Finder,90.0,4.0,success,False,2026-08-19T00:01:53.326080+09:00
Offer Fine,,,failed,False,2026-08-23T02:58:22.138968+09:00
Offer Flag,20.0,0.0,success,False,2026-08-21T00:34:11.970110+09:00
Offer Flow,70.0,6.0,success,False,2026-08-17T20:41:53.253624+09:00
Offer Forge,320.0,3.0,success,False,2026-08-17T20:33:47.539654+09:00
Offer Form,320.0,3.0,success,False,2026-08-19T13:25:50.130591+09:00
Offer Frame,110.0,0.0,success,False,2026-08-17T20:45:50.172264+09:00
Offer Fund,10.0,0.0,success,False,2026-08-21T02:29:27.497336+09:00
Offer Gate,30.0,7.0,success,False,2026-08-17T21:32:11.115049+09:00
Offer Generator,90.0,60.0,success,False,2026-08-27T23:33:05.663722+09:00
Offer Giveaway,,,failed,False,2026-08-27T21:13:49.979348+09:00
Offer Grade,,,failed,False,2026-08-21T00:33:53.387508+09:00
Offer Graph,,,failed,False,2026-08-27T22:07:37.591593+09:00
Offer Grid,20.0,0.0,success,False,2026-08-17T21:35:54.911296+09:00
Offer Guarantee,50.0,11.0,success,False,2026-08-28T01:03:27.794966+09:00
Offer Guard,,,failed,False,2026-08-17T20:44:22.162347+09:00
Offer Guardian,260.0,59.0,success,False,2026-08-28T00:22:42.376773+09:00
Offer Guidebook,,,failed,False,2026-08-18T22:03:51.381490+09:00
Offer Helpdesk,,,failed,False,2026-08-27T22:45:40.412271+09:00
Offer Helper,,,failed,False,2026-08-28T00:22:52.095414+09:00
Offer History,40.0,0.0,success,False,2026-08-19T20:42:03.452660+09:00
Offer Hotline,,,failed,False,2026-08-19T21:14:27.953850+09:00
Offer Hub,590.0,4.0,success,False,2026-08-17T20:41:01.819842+09:00
Offer Identifier,,,failed,False,2026-08-23T13:10:03.956535+09:00
Offer Inbox,10.0,0.0,success,False,2026-08-19T12:27:54.241154+09:00
Offer Incentive,90.0,3.0,success,False,2026-08-27T21:13:46.392108+09:00
Offer Index,10.0,0.0,success,False,2026-08-19T21:13:31.913325+09:00
Offer Insight,260.0,54.0,success,False,2026-08-17T23:32:37.778770+09:00
Offer Installment,,,failed,False,2026-08-23T16:11:24.096021+09:00
Offer Interest,,,failed,False,2026-08-23T13:45:20.654502+09:00
Offer Item,260.0,91.0,success,False,2026-08-21T01:58:00.854013+09:00
Offer Journal,,,failed,False,2026-08-18T22:03:16.704658+09:00
Offer Keeper,,,failed,False,2026-08-17T20:46:14.149623+09:00
Offer Kit,20.0,10.0,success,False,2026-08-27T22:45:32.227130+09:00
Offer Lab,1900.0,2.0,success,False,2026-08-17T20:39:51.023967+09:00
Offer Label,260.0,18.0,success,False,2026-08-27T22:07:37.591593+09:00
Offer Ledger,,,failed,False,2026-08-17T20:43:05.974432+09:00
Offer Lens,110.0,90.0,success,False,2026-08-17T20:46:51.703605+09:00
Offer Level,10.0,0.0,success,False,2026-08-19T20:42:17.170868+09:00
Offer Link,260.0,4.0,success,False,2026-08-23T03:24:05.243173+09:00
Offer List,320.0,2.0,success,False,2026-08-19T21:57:59.626776+09:00
Offer Loan,5400.0,60.0,success,False,2026-08-21T02:13:55.363048+09:00
Offer Locator,,,failed,False,2026-08-19T00:01:46.968095+09:00
Offer Lock,,,failed,False,2026-08-17T21:30:27.922058+09:00
Offer Log,20.0,0.0,success,False,2026-08-19T13:25:22.323430+09:00
Offer Loop,,,failed,False,2026-08-17T21:36:54.710856+09:00
Offer Manager,210.0,1.0,success,False,2026-08-17T20:45:24.269018+09:00
Offer Manual,,,failed,False,2026-08-27T22:07:41.421571+09:00
Offer Map,110.0,0.0,success,False,2026-08-17T20:48:09.439521+09:00
Offer Markup,,,failed,False,2026-08-23T16:37:18.649152+09:00
Offer Memo,3600.0,10.0,success,False,2026-08-21T00:34:01.894402+09:00
Offer Message,480.0,2.0,success,False,2026-08-27T23:10:55.756193+09:00
Offer Meter,,,failed,False,2026-08-18T07:52:27.935751+09:00
Offer Metrics,,,failed,False,2026-08-17T23:12:27.386442+09:00
Offer Monitor,390.0,100.0,success,False,2026-08-17T23:05:21.665981+09:00
Offer Navigator,,,failed,False,2026-08-17T23:33:03.029797+09:00
Offer Nexus,,,failed,False,2026-08-17T21:31:00.206645+09:00
Offer Node,,,failed,False,2026-08-17T21:33:19.243075+09:00
Offer Note,30.0,0.0,success,False,2026-08-19T13:27:04.208602+09:00
Offer Notification,30.0,0.0,success,False,2026-08-27T22:45:28.853044+09:00
Offer Number,110.0,3.0,success,False,2026-08-23T03:23:58.190781+09:00
Offer Office,40.0,25.0,success,False,2026-08-19T00:02:09.626106+09:00
Offer Ops,,,failed,False,2026-08-17T23:08:54.682716+09:00
Offer Order,90.0,0.0,success,False,2026-08-19T21:57:19.204093+09:00
Offer Organizer,,,failed,False,2026-08-17T23:32:25.255075+09:00
Offer Overdue,,,failed,False,2026-08-27T21:46:06.267558+09:00
Offer Panel,,,failed,False,2026-08-17T20:33:18.087238+09:00
Offer Path,10.0,5.0,success,False,2026-08-17T21:32:47.122898+09:00
Offer Penalty,,,failed,False,2026-08-23T16:37:16.360877+09:00
Offer Petition,,,failed,False,2026-08-21T01:06:51.131996+09:00
Offer Pilot,110.0,2.0,success,False,2026-08-17T20:40:17.203996+09:00
Offer Plan,390.0,12.0,success,False,2026-08-21T01:58:06.326002+09:00
Offer Planner,,,failed,False,2026-08-17T23:32:11.092346+09:00
Offer Playbook,,,failed,False,2026-08-18T22:03:05.761687+09:00
Offer Point,720.0,5.0,success,False,2026-08-17T21:31:35.848823+09:00
Offer Portal,30.0,1.0,success,False,2026-08-17T20:35:08.080059+09:00
Offer Preview,,,failed,False,2026-08-28T01:03:21.195109+09:00
Offer Profile,,,failed,False,2026-08-19T13:27:27.071698+09:00
Offer Profit,,,failed,False,2026-08-23T02:58:06.031542+09:00
Offer Proposal,320.0,1.0,success,False,2026-08-28T01:03:25.191639+09:00
Offer Pulse,30.0,2.0,success,False,2026-08-17T21:34:53.019649+09:00
Offer Queue,320.0,5.0,success,False,2026-08-19T21:13:57.456241+09:00
Offer Quota,,,failed,False,2026-08-21T00:34:07.252682+09:00
Offer Radar,,,failed,False,2026-08-17T20:38:26.412397+09:00
Offer Rail,,,failed,False,2026-08-17T21:37:30.311680+09:00
Offer Rate,320.0,0.0,success,False,2026-08-19T20:42:25.910879+09:00
Offer Recap,,,failed,False,2026-08-21T01:07:05.419425+09:00
Offer Receipt,,,failed,False,2026-08-19T21:57:41.163401+09:00
Offer Recorder,,,failed,False,2026-08-27T23:33:05.663722+09:00
Offer Redemption,880.0,1.0,success,False,2026-08-23T16:37:24.399501+09:00
Offer Register,50.0,2.0,success,False,2026-08-17T23:33:15.463532+09:00
Offer Registry,,,failed,False,2026-08-18T22:04:00.845205+09:00
Offer Relay,,,failed,False,2026-08-17T20:37:34.472176+09:00
Offer Reminder,70.0,0.0,success,False,2026-08-19T21:13:11.253613+09:00
Offer Report,10.0,0.0,success,False,2026-08-19T13:25:08.614186+09:00
Offer Repository,,,failed,False,2026-08-27T23:11:04.616430+09:00
Offer Result,10.0,0.0,success,False,2026-08-28T00:46:30.511685+09:00
Offer Roadmap,,,failed,False,2026-08-18T22:04:53.198463+09:00
Offer Roster,,,failed,False,2026-08-19T00:38:40.592975+09:00
Offer Route,,,failed,False,2026-08-17T21:40:59.899740+09:00
Offer Rule,,,failed,False,2026-08-23T03:24:09.830834+09:00
Offer Sale,3600.0,47.0,success,False,2026-08-21T02:29:36.697010+09:00
Offer Sample,70.0,5.0,success,False,2026-08-19T21:58:39.226398+09:00
Offer Scale,,,failed,False,2026-08-18T07:52:35.571361+09:00
Offer Scanner,30.0,0.0,success,False,2026-08-27T23:52:35.044281+09:00
Offer Scheduler,,,failed,False,2026-08-17T23:10:55.434729+09:00
Offer Scope,10.0,0.0,success,False,2026-08-17T21:38:05.775829+09:00
Offer Score,,,failed,False,2026-08-19T13:26:44.223162+09:00
Offer Sentry,,,failed,False,2026-08-17T20:47:28.313560+09:00
Offer Sheet,1900.0,0.0,success,True,2026-08-19T13:26:10.178451+09:00
Offer Signal,10.0,2.0,success,False,2026-08-17T21:41:34.183941+09:00
Offer Signature,10.0,5.0,success,False,2026-08-23T13:28:22.129962+09:00
Offer Slip,10.0,0.0,success,False,2026-08-19T21:58:30.244900+09:00
Offer Slot,720.0,50.0,success,False,2026-08-19T21:58:48.612097+09:00
Offer Snapshot,,,failed,False,2026-08-18T22:03:30.222566+09:00
Offer Stage,70.0,2.0,success,False,2026-08-28T00:46:27.391148+09:00
Offer Stake,,,failed,False,2026-08-23T02:58:14.811642+09:00
Offer Statement,40.0,0.0,success,False,2026-08-21T00:33:43.074758+09:00
Offer Station,70.0,7.0,success,False,2026-08-17T20:38:58.199942+09:00
Offer Status,70.0,0.0,success,False,2026-08-19T20:41:48.388385+09:00
Offer Streak,,,failed,False,2026-08-28T00:46:30.511685+09:00
Offer Stub,,,failed,False,2026-08-21T00:33:37.107629+09:00
Offer Studio,390.0,1.0,success,False,2026-08-17T20:40:41.186342+09:00
Offer Subsidy,,,failed,False,2026-08-23T15:50:21.646134+09:00
Offer Suite,50.0,19.0,success,False,2026-08-17T23:09:18.796206+09:00
Offer Sum,,,failed,False,2026-08-21T02:29:19.301672+09:00
Offer Summary,880.0,1.0,success,False,2026-08-19T21:12:45.437785+09:00
Offer Sync,10.0,6.0,success,False,2026-08-17T20:42:36.789908+09:00
Offer Tab,260.0,49.0,success,False,2026-08-21T00:34:16.638003+09:00
Offer Table,480.0,55.0,success,False,2026-08-19T21:58:11.207870+09:00
Offer Tag,3600.0,3.0,success,False,2026-08-19T13:27:15.417105+09:00
Offer Tally,,,failed,False,2026-08-21T00:33:48.597432+09:00
Offer Tariff,,,failed,False,2026-08-21T02:44:44.036553+09:00
Offer Tax,110.0,36.0,success,False,2026-08-21T02:13:51.922112+09:00
Offer Ticket,590.0,22.0,success,False,2026-08-19T21:13:44.257474+09:00
Offer Tier,,,failed,False,2026-08-28T00:46:33.624903+09:00
Offer Timeline,10.0,0.0,success,False,2026-08-19T21:12:55.345811+09:00
Offer Timer,170.0,0.0,success,False,2026-08-28T00:22:36.820060+09:00
Offer Toll,,,failed,False,2026-08-21T02:44:37.347457+09:00
Offer Toolbox,,,failed,False,2026-08-28T00:22:49.083106+09:00
Offer Toolkit,,,failed,False,2026-08-18T22:02:56.704517+09:00
Offer Total,,,failed,False,2026-08-27T23:10:55.756193+09:00
Offer Tracker,170.0,2.0,success,False,2026-08-17T20:43:32.566232+09:00
Offer Trail,,,failed,False,2026-08-17T21:36:26.445152+09:00
Offer Trend,,,failed,False,2026-08-28T01:03:16.681055+09:00
Offer Trial,480.0,3.0,success,False,2026-08-27T21:13:46.392108+09:00
Offer Unit,90.0,0.0,success,False,2026-08-21T01:58:02.709797+09:00
Offer Update,90.0,0.0,success,False,2026-08-19T20:42:29.664942+09:00
Offer Value,110.0,2.0,success,False,2026-08-23T02:58:08.701487+09:00
Offer Vault,9900.0,4.0,success,False,2026-08-17T20:36:38.149505+09:00
Offer Version,,,failed,False,2026-08-23T03:24:01.511685+09:00
Offer View,590.0,0.0,success,False,2026-08-19T20:41:54.948325+09:00
Offer Voucher,480.0,18.0,success,False,2026-08-21T00:33:25.139045+09:00
Offer Watch,3600.0,100.0,success,False,2026-08-17T21:39:28.354494+09:00
Offer Wave,1600.0,0.0,success,True,2026-08-17T21:33:45.075228+09:00
Offer Widget,,,failed,False,2026-08-27T23:11:01.656662+09:00
Offer Workbench,,,failed,False,2026-08-18T22:02:46.582498+09:00
Offer Worksheet,10.0,0.0,success,False,2026-08-27T22:07:45.490805+09:00
Offer Zone,1600.0,10.0,success,False,2026-08-17T20:36:08.746361+09:00
Officiant Advance,,,failed,False,2026-08-23T16:13:20.971458+09:00
Officiant Advisory,,,failed,False,2026-08-21T01:01:44.513558+09:00
Officiant Allowance,,,failed,False,2026-08-21T02:43:57.292345+09:00
Officiant Analyzer,,,failed,False,2026-08-27T23:57:42.673163+09:00
Officiant Arrears,,,failed,False,2026-08-23T16:13:18.611192+09:00
Officiant Assistant,,,failed,False,2026-08-19T13:32:04.589089+09:00
Officiant Badge,,,failed,False,2026-08-21T00:26:53.623558+09:00
Officiant Balance,,,failed,False,2026-08-23T13:45:59.921070+09:00
Officiant Base,,,failed,False,2026-08-19T13:27:22.269137+09:00
Officiant Bill,,,failed,False,2026-08-19T22:03:59.574342+09:00
Officiant Board,,,failed,False,2026-08-19T13:27:59.144364+09:00
Officiant Book,590.0,100.0,success,False,2026-08-19T22:04:53.715623+09:00
Officiant Booth,,,failed,False,2026-08-19T13:35:15.943675+09:00
Officiant Brief,,,failed,False,2026-08-21T01:01:39.197827+09:00
Officiant Bulletin,,,failed,False,2026-08-21T01:01:32.949178+09:00
Officiant Calendar,,,failed,False,2026-08-19T13:33:44.098374+09:00
Officiant Card,50.0,100.0,success,False,2026-08-19T13:41:39.168311+09:00
Officiant Cash,,,failed,False,2026-08-21T02:28:03.624635+09:00
Officiant Cashback,,,failed,False,2026-08-27T21:16:07.337495+09:00
Officiant Catalog,,,failed,False,2026-08-19T21:18:40.810817+09:00
Officiant Center,,,failed,False,2026-08-19T13:28:52.256085+09:00
Officiant Charge,,,failed,False,2026-08-21T02:43:50.740440+09:00
Officiant Check,,,failed,False,2026-08-19T13:42:03.157163+09:00
Officiant Checker,,,failed,False,2026-08-27T23:57:37.780075+09:00
Officiant Checklist,110.0,14.0,success,False,2026-08-19T21:17:51.663250+09:00
Officiant Code,,,failed,False,2026-08-19T22:04:20.465966+09:00
Officiant Companion,,,failed,False,2026-08-19T13:32:42.417252+09:00
Officiant Comparison,,,failed,False,2026-08-28T01:08:20.327245+09:00
Officiant Confirmation,,,failed,False,2026-08-21T01:02:00.042656+09:00
Officiant Console,,,failed,False,2026-08-19T13:29:31.691093+09:00
Officiant Contribution,,,failed,False,2026-08-23T16:13:18.611192+09:00
Officiant Cost,8100.0,3.0,success,False,2026-08-21T02:11:34.732367+09:00
Officiant Counter,,,failed,False,2026-08-19T13:34:22.181534+09:00
Officiant Coupon,,,failed,False,2026-08-27T21:16:00.984636+09:00
Officiant Deal,,,failed,False,2026-08-21T01:55:42.683026+09:00
Officiant Debt,,,failed,False,2026-08-21T02:27:53.442278+09:00
Officiant Desk,,,failed,False,2026-08-19T13:22:52.997590+09:00
Officiant Detail,,,failed,False,2026-08-23T03:24:21.370472+09:00
Officiant Digest,,,failed,False,2026-08-19T20:42:37.692999+09:00
Officiant Directory,30.0,12.0,success,False,2026-08-19T13:33:49.819535+09:00
Officiant Discount,,,failed,False,2026-08-23T16:13:10.832744+09:00
Officiant Dossier,,,failed,False,2026-08-21T01:02:57.004719+09:00
Officiant Downpayment,,,failed,False,2026-08-27T21:47:15.270708+09:00
Officiant Draft,,,failed,False,2026-08-19T20:42:55.526386+09:00
Officiant Due,,,failed,False,2026-08-23T15:51:18.067623+09:00
Officiant Duty,,,failed,False,2026-08-21T02:43:53.941468+09:00
Officiant Engine,,,failed,False,2026-08-19T13:31:59.823844+09:00
Officiant Entry,,,failed,False,2026-08-21T01:02:13.283707+09:00
Officiant Estimate,,,failed,False,2026-08-19T21:18:30.637363+09:00
Officiant Estimator,,,failed,False,2026-08-27T23:57:33.676197+09:00
Officiant Excerpt,,,failed,False,2026-08-21T01:02:59.724963+09:00
Officiant Fare,,,failed,False,2026-08-21T02:11:38.732794+09:00
Officiant Fee,210.0,17.0,success,False,2026-08-21T01:55:13.516814+09:00
Officiant Feed,,,failed,False,2026-08-19T20:42:46.732728+09:00
Officiant File,,,failed,False,2026-08-19T20:42:14.870990+09:00
Officiant Finder,,,failed,False,2026-08-19T13:34:03.969558+09:00
Officiant Fine,,,failed,False,2026-08-23T02:58:03.774409+09:00
Officiant Flag,,,failed,False,2026-08-21T00:27:51.416222+09:00
Officiant Flow,,,failed,False,2026-08-19T13:21:49.505722+09:00
Officiant Form,,,failed,False,2026-08-19T13:41:17.239436+09:00
Officiant Format,,,failed,False,2026-08-23T13:04:48.308189+09:00
Officiant Fund,,,failed,False,2026-08-21T02:28:00.693334+09:00
Officiant Giveaway,,,failed,False,2026-08-27T21:16:10.166929+09:00
Officiant Grade,,,failed,False,2026-08-21T00:27:30.325740+09:00
Officiant Grid,,,failed,False,2026-08-19T13:25:55.543115+09:00
Officiant Helpdesk,,,failed,False,2026-08-27T22:49:02.475082+09:00
Officiant Helper,,,failed,False,2026-08-28T00:26:44.575613+09:00
Officiant History,,,failed,False,2026-08-19T20:42:06.894940+09:00
Officiant Hotline,,,failed,False,2026-08-19T21:18:53.314989+09:00
Officiant Hub,,,failed,False,2026-08-19T13:22:01.413587+09:00
Officiant Identifier,,,failed,False,2026-08-23T13:04:45.223955+09:00
Officiant Incentive,,,failed,False,2026-08-27T21:16:10.166929+09:00
Officiant Index,,,failed,False,2026-08-19T21:17:59.528469+09:00
Officiant Installment,,,failed,False,2026-08-23T16:13:14.533515+09:00
Officiant Item,,,failed,False,2026-08-21T01:55:28.445824+09:00
Officiant Journal,20.0,100.0,success,False,2026-08-19T13:33:13.480936+09:00
Officiant Keeper,,,failed,False,2026-08-19T13:31:41.202916+09:00
Officiant Kiosk,,,failed,False,2026-08-19T13:35:23.963790+09:00
Officiant Ledger,,,failed,False,2026-08-19T13:27:50.683202+09:00
Officiant Level,,,failed,False,2026-08-19T20:42:19.980728+09:00
Officiant Link,,,failed,False,2026-08-23T03:24:13.637906+09:00
Officiant List,,,failed,False,2026-08-19T22:04:30.317454+09:00
Officiant Loan,,,failed,False,2026-08-21T02:11:46.716437+09:00
Officiant Locator,,,failed,False,2026-08-19T13:33:57.418081+09:00
Officiant Manager,,,failed,False,2026-08-19T13:31:47.223941+09:00
Officiant Manual,,,failed,False,2026-08-27T22:10:43.212581+09:00
Officiant Map,,,failed,False,2026-08-19T13:27:02.036577+09:00
Officiant Margin,,,failed,False,2026-08-23T02:58:01.593171+09:00
Officiant Marker,,,failed,False,2026-08-23T13:26:43.446955+09:00
Officiant Markup,,,failed,False,2026-08-23T16:38:26.896926+09:00
Officiant Memo,,,failed,False,2026-08-21T00:27:37.591897+09:00
Officiant Message,,,failed,False,2026-08-27T23:14:33.058842+09:00
Officiant Monitor,,,failed,False,2026-08-19T13:32:31.593655+09:00
Officiant Note,,,failed,False,2026-08-19T13:42:25.449993+09:00
Officiant Notification,,,failed,False,2026-08-27T22:48:58.866644+09:00
Officiant Number,,,failed,False,2026-08-23T03:24:05.243173+09:00
Officiant Office,,,failed,False,2026-08-19T13:34:15.397109+09:00
Officiant Ops,,,failed,False,2026-08-19T13:32:55.447680+09:00
Officiant Order,,,failed,False,2026-08-19T22:03:49.697196+09:00
Officiant Overage,,,failed,False,2026-08-27T21:47:13.030634+09:00
Officiant Overdue,,,failed,False,2026-08-27T21:47:10.651342+09:00
Officiant Panel,,,failed,False,2026-08-19T13:29:46.780078+09:00
Officiant Pass,,,failed,False,2026-08-21T00:26:43.816315+09:00
Officiant Passport,,,failed,False,2026-08-19T13:39:18.013288+09:00
Officiant Payoff,,,failed,False,2026-08-27T21:47:13.030634+09:00
Officiant Penalty,,,failed,False,2026-08-23T16:38:24.543370+09:00
Officiant Petition,,,failed,False,2026-08-21T01:01:54.342698+09:00
Officiant Plan,,,failed,False,2026-08-21T01:55:33.628108+09:00
Officiant Planner,,,failed,False,2026-08-19T13:32:13.743565+09:00
Officiant Point,,,failed,False,2026-08-19T13:26:40.628357+09:00
Officiant Portal,,,failed,False,2026-08-19T13:29:15.231319+09:00
Officiant Preview,,,failed,False,2026-08-28T01:08:23.846955+09:00
Officiant Profile,,,failed,False,2026-08-19T13:20:57.045829+09:00
Officiant Profit,,,failed,False,2026-08-23T02:57:57.265224+09:00
Officiant Proposal,210.0,100.0,success,False,2026-08-28T01:08:23.846955+09:00
Officiant Queue,,,failed,False,2026-08-19T21:18:19.882315+09:00
Officiant Quota,,,failed,False,2026-08-21T00:27:45.495734+09:00
Officiant Rate,,,failed,False,2026-08-19T20:42:27.783446+09:00
Officiant Recap,,,failed,False,2026-08-21T01:02:09.128989+09:00
Officiant Receipt,,,failed,False,2026-08-19T22:04:10.383393+09:00
Officiant Register,,,failed,False,2026-08-19T13:32:47.690424+09:00
Officiant Registry,10.0,35.0,success,False,2026-08-19T13:33:39.488989+09:00
Officiant Reminder,,,failed,False,2026-08-19T21:17:42.432873+09:00
Officiant Report,,,failed,False,2026-08-19T13:40:47.127510+09:00
Officiant Repository,,,failed,False,2026-08-27T23:14:41.720422+09:00
Officiant Roll,,,failed,False,2026-08-19T13:40:23.135378+09:00
Officiant Roster,,,failed,False,2026-08-19T13:37:50.110679+09:00
Officiant Route,,,failed,False,2026-08-19T13:30:05.934954+09:00
Officiant Rule,,,failed,False,2026-08-23T03:24:18.387553+09:00
Officiant Sale,,,failed,False,2026-08-21T02:28:08.522679+09:00
Officiant Sample,,,failed,False,2026-08-19T22:05:19.679261+09:00
Officiant Scheduler,,,failed,False,2026-08-19T13:32:23.096151+09:00
Officiant Scope,,,failed,False,2026-08-19T13:25:14.797860+09:00
Officiant Score,,,failed,False,2026-08-19T13:42:11.114118+09:00
Officiant Shortfall,,,failed,False,2026-08-27T21:47:17.528863+09:00
Officiant Signature,,,failed,False,2026-08-23T13:26:43.446955+09:00
Officiant Slip,,,failed,False,2026-08-19T22:05:04.840486+09:00
Officiant Slot,,,failed,False,2026-08-19T22:05:28.406409+09:00
Officiant Stamp,,,failed,False,2026-08-23T13:26:46.141852+09:00
Officiant Statement,,,failed,False,2026-08-21T00:27:12.597515+09:00
Officiant Station,,,failed,False,2026-08-19T13:28:33.821561+09:00
Officiant Status,,,failed,False,2026-08-19T20:41:51.151726+09:00
Officiant Stipend,,,failed,False,2026-08-23T13:46:12.042463+09:00
Officiant Stub,,,failed,False,2026-08-21T00:27:03.794080+09:00
Officiant Studio,,,failed,False,2026-08-19T13:28:12.912105+09:00
Officiant Sum,,,failed,False,2026-08-21T02:27:51.067603+09:00
Officiant Summary,,,failed,False,2026-08-19T21:17:23.744501+09:00
Officiant Tab,,,failed,False,2026-08-21T00:27:57.987466+09:00
Officiant Table,,,failed,False,2026-08-19T22:04:42.218437+09:00
Officiant Tally,,,failed,False,2026-08-21T00:27:22.208885+09:00
Officiant Tariff,,,failed,False,2026-08-21T02:43:59.643244+09:00
Officiant Tax,,,failed,False,2026-08-21T02:11:43.167775+09:00
Officiant Ticket,,,failed,False,2026-08-19T21:18:08.963564+09:00
Officiant Timeline,,,failed,False,2026-08-19T21:17:33.160544+09:00
Officiant Timer,,,failed,False,2026-08-28T00:26:39.760657+09:00
Officiant Toll,,,failed,False,2026-08-21T02:43:57.292345+09:00
Officiant Toolbox,,,failed,False,2026-08-28T00:26:44.575613+09:00
Officiant Total,,,failed,False,2026-08-27T23:14:37.141829+09:00
Officiant Tracker,,,failed,False,2026-08-19T13:21:15.307510+09:00
Officiant Trial,,,failed,False,2026-08-27T21:16:07.337495+09:00
Officiant Unit,,,failed,False,2026-08-21T01:55:30.531800+09:00
Officiant Update,,,failed,False,2026-08-19T20:42:32.517249+09:00
Officiant Value,,,failed,False,2026-08-23T02:57:59.639367+09:00
Officiant Version,,,failed,False,2026-08-23T03:24:09.830834+09:00
Officiant View,,,failed,False,2026-08-19T20:41:59.995024+09:00
Officiant Voucher,,,failed,False,2026-08-21T00:26:46.014545+09:00
Officiant Watch,,,failed,False,2026-08-19T13:25:04.340704+09:00
Officiant Widget,,,failed,False,2026-08-27T23:14:41.720422+09:00
Officiant Worksheet,,,failed,False,2026-08-27T22:10:48.957356+09:00
Officiant Zone,,,failed,False,2026-08-19T13:29:00.478751+09:00
Onboarding Advance,,,failed,False,2026-08-23T16:16:06.207689+09:00
Onboarding Advisory,,,failed,False,2026-08-21T01:08:36.289589+09:00
Onboarding Allowance,10.0,0.0,success,False,2026-08-21T02:39:04.967500+09:00
Onboarding Almanac,,,failed,False,2026-08-18T22:09:13.055997+09:00
Onboarding Analyzer,,,failed,False,2026-08-27T23:51:24.335890+09:00
Onboarding Anchor,,,failed,False,2026-08-17T20:46:26.563596+09:00
Onboarding Announcement,20.0,1.0,success,False,2026-08-27T23:31:24.795366+09:00
Onboarding Arrears,,,failed,False,2026-08-23T16:16:03.366904+09:00
Onboarding Asset,,,failed,False,2026-08-23T13:47:38.660404+09:00
Onboarding Assistant,140.0,15.0,success,False,2026-08-17T23:09:02.276027+09:00
Onboarding Atlas,,,failed,False,2026-08-17T20:37:18.091212+09:00
Onboarding Badge,,,failed,False,2026-08-21T00:34:44.893530+09:00
Onboarding Base,,,failed,False,2026-08-17T20:34:01.116253+09:00
Onboarding Beacon,,,failed,False,2026-08-17T21:32:25.465592+09:00
Onboarding Bill,,,failed,False,2026-08-19T21:56:01.385775+09:00
Onboarding Blueprint,10.0,14.0,success,False,2026-08-18T22:09:05.854990+09:00
Onboarding Board,,,failed,False,2026-08-18T07:51:58.234946+09:00
Onboarding Book,590.0,10.0,success,False,2026-08-19T21:56:59.723896+09:00
Onboarding Bridge,,,failed,False,2026-08-17T20:47:47.373505+09:00
Onboarding Brief,30.0,5.0,success,False,2026-08-21T01:08:29.808950+09:00
Onboarding Bulletin,,,failed,False,2026-08-21T01:08:25.718288+09:00
Onboarding Calendar,70.0,28.0,success,False,2026-08-18T23:57:00.632523+09:00
Onboarding Card,90.0,4.0,success,False,2026-08-19T13:35:15.943675+09:00
Onboarding Cascade,,,failed,False,2026-08-17T21:30:08.257838+09:00
Onboarding Cash,10.0,,success,False,2026-08-21T02:22:48.105050+09:00
Onboarding Cashback,,,failed,False,2026-08-27T21:18:52.051068+09:00
Onboarding Catalog,,,failed,False,2026-08-19T21:11:00.361566+09:00
Onboarding Category,,,failed,False,2026-08-23T13:07:17.768470+09:00
Onboarding Center,110.0,8.0,success,False,2026-08-17T21:35:02.943607+09:00
Onboarding Chain,,,failed,False,2026-08-17T20:41:35.724700+09:00
Onboarding Charge,,,failed,False,2026-08-21T02:38:54.796216+09:00
Onboarding Check,50.0,23.0,success,False,2026-08-19T13:35:34.985408+09:00
Onboarding Checker,,,failed,False,2026-08-27T23:51:18.068433+09:00
Onboarding Checklist,3600.0,28.0,success,False,2026-08-19T21:10:02.424096+09:00
Onboarding Circular,,,failed,False,2026-08-21T01:08:34.212023+09:00
Onboarding Cockpit,,,failed,False,2026-08-17T23:10:49.091693+09:00
Onboarding Code,40.0,6.0,success,False,2026-08-19T21:56:23.940159+09:00
Onboarding Codex,,,failed,False,2026-08-18T22:09:27.931619+09:00
Onboarding Companion,,,failed,False,2026-08-17T23:06:57.045511+09:00
Onboarding Comparison,,,failed,False,2026-08-28T01:02:39.668408+09:00
Onboarding Compass,10.0,36.0,success,False,2026-08-17T21:33:28.260657+09:00
Onboarding Compendium,,,failed,False,2026-08-18T22:09:21.781956+09:00
Onboarding Confirmation,,,failed,False,2026-08-21T01:08:47.143646+09:00
Onboarding Console,,,failed,False,2026-08-17T21:31:49.761986+09:00
Onboarding Core,,,failed,False,2026-08-17T20:32:57.689274+09:00
Onboarding Cost,140.0,4.0,success,False,2026-08-21T02:06:40.735071+09:00
Onboarding Count,,,failed,False,2026-08-27T22:51:33.320373+09:00
Onboarding Counter,,,failed,False,2026-08-18T23:58:04.745440+09:00
Onboarding Coupon,,,failed,False,2026-08-27T21:18:52.051068+09:00
Onboarding Dashboard,480.0,26.0,success,False,2026-08-17T23:12:17.050075+09:00
Onboarding Deal,,,failed,False,2026-08-21T01:59:47.241476+09:00
Onboarding Debt,,,failed,False,2026-08-21T02:22:35.993251+09:00
Onboarding Deck,210.0,8.0,success,False,2026-08-17T20:32:36.001496+09:00
Onboarding Depot,,,failed,False,2026-08-18T23:57:46.664132+09:00
Onboarding Desk,70.0,1.0,success,False,2026-08-18T01:28:07.797651+09:00
Onboarding Detail,,,failed,False,2026-08-23T03:19:05.834960+09:00
Onboarding Detector,,,failed,False,2026-08-27T23:51:24.335890+09:00
Onboarding Diagram,30.0,1.0,success,False,2026-08-27T22:14:32.870267+09:00
Onboarding Dial,,,failed,False,2026-08-17T20:48:23.905428+09:00
Onboarding Digest,,,failed,False,2026-08-19T20:38:07.942341+09:00
Onboarding Directory,,,failed,False,2026-08-18T23:57:15.984121+09:00
Onboarding Discount,,,failed,False,2026-08-23T16:15:57.304809+09:00
Onboarding Dock,,,failed,False,2026-08-17T20:44:10.950266+09:00
Onboarding Dossier,,,failed,False,2026-08-21T01:08:51.801540+09:00
Onboarding Downpayment,,,failed,False,2026-08-27T21:49:53.079168+09:00
Onboarding Draft,,,failed,False,2026-08-19T20:38:24.406986+09:00
Onboarding Due,,,failed,False,2026-08-23T15:52:24.692181+09:00
Onboarding Duty,,,failed,False,2026-08-21T02:38:59.400124+09:00
Onboarding Engine,50.0,9.0,success,False,2026-08-17T23:07:30.676472+09:00
Onboarding Entry,,,failed,False,2026-08-21T01:09:04.636561+09:00
Onboarding Estimate,,,failed,False,2026-08-19T21:10:46.722805+09:00
Onboarding Estimator,,,failed,False,2026-08-27T23:51:15.530091+09:00
Onboarding Excerpt,,,failed,False,2026-08-21T01:09:01.082637+09:00
Onboarding Extension,,,failed,False,2026-08-23T16:39:53.377709+09:00
Onboarding Fare,,,failed,False,2026-08-21T02:06:52.442398+09:00
Onboarding Fee,590.0,1.0,success,False,2026-08-21T01:59:29.977509+09:00
Onboarding Feed,,,failed,False,2026-08-19T20:38:14.851338+09:00
Onboarding File,50.0,12.0,success,False,2026-08-19T20:37:40.051699+09:00
Onboarding Finder,,,failed,False,2026-08-18T23:57:35.193051+09:00
Onboarding Flag,,,failed,False,2026-08-21T00:35:07.163921+09:00
Onboarding Flow,1600.0,22.0,success,False,2026-08-18T07:43:54.848234+09:00
Onboarding Forge,,,failed,False,2026-08-17T21:31:15.457583+09:00
Onboarding Form,1600.0,20.0,success,False,2026-08-19T13:34:28.843739+09:00
Onboarding Format,1600.0,20.0,success,False,2026-08-23T13:07:20.154329+09:00
Onboarding Frame,,,failed,False,2026-08-17T20:34:51.045190+09:00
Onboarding Fund,,,failed,False,2026-08-21T02:22:45.760304+09:00
Onboarding Gate,,,failed,False,2026-08-17T20:39:09.333217+09:00
Onboarding Generator,,,failed,False,2026-08-27T23:31:33.268301+09:00
Onboarding Giveaway,,,failed,False,2026-08-27T21:19:05.213789+09:00
Onboarding Grade,,,failed,False,2026-08-21T00:34:59.250399+09:00
Onboarding Graph,,,failed,False,2026-08-27T22:14:21.289312+09:00
Onboarding Grid,,,failed,False,2026-08-17T20:42:00.146835+09:00
Onboarding Guarantee,,,failed,False,2026-08-28T01:02:51.015649+09:00
Onboarding Guard,,,failed,False,2026-08-17T20:33:31.328442+09:00
Onboarding Guardian,,,failed,False,2026-08-28T00:21:40.685047+09:00
Onboarding Guidebook,,,failed,False,2026-08-18T22:08:48.035720+09:00
Onboarding Helpdesk,,,failed,False,2026-08-27T22:51:36.322343+09:00
Onboarding Helper,,,failed,False,2026-08-28T00:21:45.963780+09:00
Onboarding History,,,failed,False,2026-08-19T20:37:31.186118+09:00
Onboarding Hotline,,,failed,False,2026-08-19T21:11:09.453565+09:00
Onboarding Hub,170.0,28.0,success,False,2026-08-17T20:31:59.985806+09:00
Onboarding Identifier,,,failed,False,2026-08-23T13:07:14.038929+09:00
Onboarding Incentive,,,failed,False,2026-08-27T21:19:01.624624+09:00
Onboarding Index,10.0,0.0,success,False,2026-08-19T21:10:16.662476+09:00
Onboarding Insight,,,failed,False,2026-08-17T22:51:27.768654+09:00
Onboarding Installment,,,failed,False,2026-08-23T16:16:00.073730+09:00
Onboarding Item,,,failed,False,2026-08-21T01:59:37.170622+09:00
Onboarding Journal,,,failed,False,2026-08-18T22:08:30.649181+09:00
Onboarding Keeper,,,failed,False,2026-08-17T20:35:19.683482+09:00
Onboarding Kit,880.0,72.0,success,False,2026-08-27T22:51:29.683445+09:00
Onboarding Lab,,,failed,False,2026-08-18T07:52:13.300527+09:00
Onboarding Label,,,failed,False,2026-08-27T22:14:21.289312+09:00
Onboarding Ledger,,,failed,False,2026-08-17T20:31:49.556843+09:00
Onboarding Lens,,,failed,False,2026-08-17T20:35:51.368204+09:00
Onboarding Level,,,failed,False,2026-08-19T20:37:47.819235+09:00
Onboarding Link,170.0,27.0,success,False,2026-08-23T03:18:56.291245+09:00
Onboarding List,90.0,29.0,success,False,2026-08-19T21:56:37.173014+09:00
Onboarding Loan,,,failed,False,2026-08-21T02:07:02.181648+09:00
Onboarding Locator,,,failed,False,2026-08-18T23:57:26.188855+09:00
Onboarding Lock,,,failed,False,2026-08-17T20:37:47.401646+09:00
Onboarding Log,,,failed,False,2026-08-19T13:34:22.181534+09:00
Onboarding Loop,,,failed,False,2026-08-17T20:42:49.578916+09:00
Onboarding Manager,1300.0,6.0,success,False,2026-08-17T20:34:25.476328+09:00
Onboarding Manual,210.0,20.0,success,False,2026-08-27T22:14:23.666536+09:00
Onboarding Map,50.0,15.0,success,False,2026-08-17T20:36:51.044622+09:00
Onboarding Memo,10.0,9.0,success,False,2026-08-21T00:35:01.453915+09:00
Onboarding Message,110.0,2.0,success,False,2026-08-27T23:16:41.409509+09:00
Onboarding Meter,,,failed,False,2026-08-17T20:47:07.356899+09:00
Onboarding Metrics,140.0,2.0,success,False,2026-08-17T23:05:06.987834+09:00
Onboarding Monitor,,,failed,False,2026-08-17T23:10:40.836813+09:00
Onboarding Navigator,20.0,22.0,success,False,2026-08-17T23:05:14.518937+09:00
Onboarding Nexus,,,failed,False,2026-08-17T20:38:12.491374+09:00
Onboarding Node,,,failed,False,2026-08-17T20:40:01.743309+09:00
Onboarding Note,,,failed,False,2026-08-19T13:36:10.470400+09:00
Onboarding Notification,170.0,0.0,success,False,2026-08-27T22:51:25.477545+09:00
Onboarding Number,,,failed,False,2026-08-23T03:18:48.364198+09:00
Onboarding Office,20.0,9.0,success,False,2026-08-18T23:57:56.092399+09:00
Onboarding Ops,,,failed,False,2026-08-17T23:13:59.220189+09:00
Onboarding Order,,,failed,False,2026-08-19T21:55:51.993679+09:00
Onboarding Organizer,,,failed,False,2026-08-17T23:09:09.172246+09:00
Onboarding Overage,,,failed,False,2026-08-27T21:49:50.641192+09:00
Onboarding Overdue,,,failed,False,2026-08-27T21:49:48.123433+09:00
Onboarding Panel,10.0,20.0,success,False,2026-08-17T21:30:41.512165+09:00
Onboarding Pass,110.0,3.0,success,False,2026-08-21T00:34:35.312701+09:00
Onboarding Path,20.0,26.0,success,False,2026-08-17T20:39:32.550443+09:00
Onboarding Payoff,,,failed,False,2026-08-27T21:49:50.641192+09:00
Onboarding Penalty,,,failed,False,2026-08-23T16:39:47.689837+09:00
Onboarding Petition,,,failed,False,2026-08-21T01:08:40.341221+09:00
Onboarding Pilot,,,failed,False,2026-08-18T07:43:57.402622+09:00
Onboarding Plan,1300.0,31.0,success,False,2026-08-21T01:59:42.509744+09:00
Onboarding Planner,1300.0,31.0,success,False,2026-08-17T23:14:22.352504+09:00
Onboarding Playbook,110.0,30.0,success,False,2026-08-18T22:08:23.655372+09:00
Onboarding Point,,,failed,False,2026-08-17T20:38:37.912313+09:00
Onboarding Portal,1000.0,44.0,success,False,2026-08-17T21:33:02.340741+09:00
Onboarding Preview,,,failed,False,2026-08-28T01:02:39.668408+09:00
Onboarding Profile,40.0,5.0,success,False,2026-08-19T13:36:57.023796+09:00
Onboarding Profit,,,failed,False,2026-08-23T02:54:26.725947+09:00
Onboarding Proposal,10.0,30.0,success,False,2026-08-28T01:02:51.015649+09:00
Onboarding Pulse,,,failed,False,2026-08-17T20:41:09.985510+09:00
Onboarding Queue,10.0,14.0,success,False,2026-08-19T21:10:34.981799+09:00
Onboarding Quota,,,failed,False,2026-08-21T00:35:03.505181+09:00
Onboarding Radar,,,failed,False,2026-08-17T21:36:36.847955+09:00
Onboarding Rail,,,failed,False,2026-08-17T20:43:16.751377+09:00
Onboarding Rate,20.0,2.0,success,False,2026-08-19T20:37:54.785730+09:00
Onboarding Recap,,,failed,False,2026-08-21T01:08:57.015500+09:00
Onboarding Receipt,,,failed,False,2026-08-19T21:56:14.793890+09:00
Onboarding Recorder,,,failed,False,2026-08-27T23:31:33.268301+09:00
Onboarding Register,,,failed,False,2026-08-17T23:12:24.724350+09:00
Onboarding Registry,,,failed,False,2026-08-18T22:08:57.073323+09:00
Onboarding Relay,,,failed,False,2026-08-17T21:35:36.118436+09:00
Onboarding Reminder,,,failed,False,2026-08-19T21:09:48.311531+09:00
Onboarding Report,50.0,9.0,success,False,2026-08-19T13:34:11.345054+09:00
Onboarding Repository,,,failed,False,2026-08-27T23:16:51.144125+09:00
Onboarding Result,,,failed,False,2026-08-28T00:46:02.758073+09:00
Onboarding Roadmap,170.0,17.0,success,False,2026-08-18T22:09:35.906732+09:00
Onboarding Roster,,,failed,False,2026-08-19T00:38:38.551550+09:00
Onboarding Route,,,failed,False,2026-08-17T20:45:10.862003+09:00
Onboarding Rule,,,failed,False,2026-08-23T03:19:01.069685+09:00
Onboarding Sale,,,failed,False,2026-08-21T02:22:51.042353+09:00
Onboarding Sample,50.0,4.0,success,False,2026-08-19T21:57:22.115019+09:00
Onboarding Scale,,,failed,False,2026-08-17T20:45:56.929111+09:00
Onboarding Scheduler,,,failed,False,2026-08-17T22:50:34.703098+09:00
Onboarding Scope,,,failed,False,2026-08-17T20:43:44.073906+09:00
Onboarding Score,,,failed,False,2026-08-19T13:35:47.282228+09:00
Onboarding Sentry,,,failed,False,2026-08-17T20:36:18.497930+09:00
Onboarding Sheet,170.0,8.0,success,False,2026-08-19T13:35:21.181056+09:00
Onboarding Shortfall,,,failed,False,2026-08-27T21:49:55.360701+09:00
Onboarding Signal,,,failed,False,2026-08-17T20:45:33.619281+09:00
Onboarding Signature,,,failed,False,2026-08-23T13:27:48.876436+09:00
Onboarding Slip,,,failed,False,2026-08-19T21:57:11.207151+09:00
Onboarding Slot,,,failed,False,2026-08-19T21:57:31.477256+09:00
Onboarding Snapshot,,,failed,False,2026-08-18T22:08:38.388583+09:00
Onboarding Stage,110.0,14.0,success,False,2026-08-28T00:45:59.297593+09:00
Onboarding Stake,,,failed,False,2026-08-23T02:54:31.488130+09:00
Onboarding Statement,,,failed,False,2026-08-21T00:34:53.693924+09:00
Onboarding Station,,,failed,False,2026-08-17T21:37:08.932405+09:00
Onboarding Status,90.0,1.0,success,False,2026-08-19T20:48:09.734804+09:00
Onboarding Stipend,,,failed,False,2026-08-23T13:47:40.781383+09:00
Onboarding Streak,,,failed,False,2026-08-28T00:46:02.758073+09:00
Onboarding Stub,,,failed,False,2026-08-21T00:34:49.507039+09:00
Onboarding Studio,10.0,6.0,success,False,2026-08-18T07:52:01.229242+09:00
Onboarding Subsidy,,,failed,False,2026-08-23T15:52:26.691302+09:00
Onboarding Suite,10.0,38.0,success,False,2026-08-17T23:14:16.588426+09:00
Onboarding Sum,,,failed,False,2026-08-21T02:22:32.305318+09:00
Onboarding Summary,20.0,9.0,success,False,2026-08-19T21:09:24.314607+09:00
Onboarding Sync,,,failed,False,2026-08-18T07:43:42.936129+09:00
Onboarding Table,,,failed,False,2026-08-19T21:56:50.628145+09:00
Onboarding Tag,40.0,23.0,success,False,2026-08-19T13:36:50.709528+09:00
Onboarding Tally,,,failed,False,2026-08-21T00:34:57.023815+09:00
Onboarding Tariff,,,failed,False,2026-08-21T02:39:07.071635+09:00
Onboarding Tax,,,failed,False,2026-08-21T02:06:57.377866+09:00
Onboarding Ticket,50.0,10.0,success,False,2026-08-19T21:10:24.800768+09:00
Onboarding Timeline,210.0,4.0,success,False,2026-08-19T21:09:34.510109+09:00
Onboarding Timer,,,failed,False,2026-08-28T00:21:35.352628+09:00
Onboarding Token,,,failed,False,2026-08-23T13:27:48.876436+09:00
Onboarding Toll,,,failed,False,2026-08-21T02:39:01.824838+09:00
Onboarding Toolbox,,,failed,False,2026-08-28T00:21:43.222424+09:00
Onboarding Toolkit,50.0,34.0,success,False,2026-08-18T22:08:15.553962+09:00
Onboarding Total,,,failed,False,2026-08-27T23:16:41.409509+09:00
Onboarding Tracker,390.0,30.0,success,False,2026-08-17T20:32:23.142780+09:00
Onboarding Trail,,,failed,False,2026-08-17T20:42:19.428112+09:00
Onboarding Trend,,,failed,False,2026-08-28T01:02:37.016845+09:00
Onboarding Trial,,,failed,False,2026-08-27T21:19:01.624624+09:00
Onboarding Unit,,,failed,False,2026-08-21T01:59:39.898712+09:00
Onboarding Update,20.0,7.0,success,False,2026-08-19T20:38:01.262466+09:00
Onboarding Vault,,,failed,False,2026-08-17T21:34:31.783933+09:00
Onboarding Version,,,failed,False,2026-08-23T03:18:52.097037+09:00
Onboarding View,20.0,0.0,success,False,2026-08-19T20:37:18.555970+09:00
Onboarding Voucher,,,failed,False,2026-08-21T00:34:40.769437+09:00
Onboarding Watch,,,failed,False,2026-08-17T20:44:32.138425+09:00
Onboarding Wave,,,failed,False,2026-08-17T20:40:26.535789+09:00
Onboarding Widget,30.0,22.0,success,False,2026-08-27T23:16:45.468022+09:00
Onboarding Workbench,,,failed,False,2026-08-18T22:08:09.141836+09:00
Onboarding Worksheet,,,failed,False,2026-08-27T22:14:28.911513+09:00
Onboarding Workshop,50.0,22.0,success,False,2026-08-28T00:21:38.214311+09:00
Onboarding Zone,10.0,17.0,success,False,2026-08-17T21:34:01.777052+09:00
Opening Advance,,,failed,False,2026-08-23T16:12:43.953628+09:00
Opening Advisory,,,failed,False,2026-08-21T00:59:10.591896+09:00
Opening Alert,,,failed,False,2026-08-19T21:31:11.020553+09:00
Opening Allowance,,,failed,False,2026-08-21T02:41:28.147668+09:00
Opening Analyzer,20.0,1.0,success,False,2026-08-27T23:58:23.732862+09:00
Opening Arrears,,,failed,False,2026-08-23T16:12:43.953628+09:00
Opening Assistant,4400.0,10.0,success,False,2026-08-19T21:18:01.862049+09:00
Opening Atlas,,,failed,False,2026-08-19T21:17:27.324738+09:00
Opening Attribute,,,failed,False,2026-08-23T13:09:19.095608+09:00
Opening Balance,6600.0,1.0,success,False,2026-08-23T13:45:33.532917+09:00
Opening Base,90.0,0.0,success,False,2026-08-19T21:13:17.515413+09:00
Opening Bay,,,failed,False,2026-08-19T21:30:03.373519+09:00
Opening Bill,1000.0,1.0,success,False,2026-08-19T21:54:45.586270+09:00
Opening Bin,1300.0,90.0,success,False,2026-08-19T21:31:25.099741+09:00
Opening Board,90.0,6.0,success,False,2026-08-19T21:13:52.940752+09:00
Opening Book,90500.0,4.0,success,False,2026-08-19T21:55:34.064895+09:00
Opening Booth,,,failed,False,2026-08-19T21:29:42.361641+09:00
Opening Brief,720.0,1.0,success,False,2026-08-21T00:59:01.913298+09:00
Opening Bulletin,,,failed,False,2026-08-21T00:58:57.845239+09:00
Opening Calculator,18100.0,6.0,success,False,2026-08-27T23:36:01.279667+09:00
Opening Calendar,12100.0,15.0,success,False,2026-08-19T21:20:00.703413+09:00
Opening Card,4400.0,5.0,success,False,2026-08-19T21:03:58.078741+09:00
Opening Cash,720.0,2.0,success,False,2026-08-21T02:24:43.440499+09:00
Opening Cashback,,,failed,False,2026-08-27T21:15:54.960799+09:00
Opening Catalog,,,failed,False,2026-08-19T21:08:40.437861+09:00
Opening Center,1900.0,1.0,success,False,2026-08-19T21:14:58.322778+09:00
Opening Chain,1900.0,5.0,success,False,2026-08-19T21:16:39.026055+09:00
Opening Charge,720.0,2.0,success,False,2026-08-21T02:41:18.531749+09:00
Opening Chart,3600.0,0.0,success,True,2026-08-19T21:31:17.357360+09:00
Opening Check,2400.0,6.0,success,False,2026-08-19T21:04:22.708628+09:00
Opening Checker,,,failed,False,2026-08-27T23:58:18.988715+09:00
Opening Checklist,320.0,4.0,success,False,2026-08-19T21:07:49.558493+09:00
Opening Circular,,,failed,False,2026-08-21T01:00:08.450743+09:00
Opening Code,673000.0,9.0,success,False,2026-08-19T21:55:06.588963+09:00
Opening Companion,,,failed,False,2026-08-19T21:18:46.381283+09:00
Opening Comparison,50.0,5.0,success,False,2026-08-28T01:09:03.847299+09:00
Opening Confirmation,,,failed,False,2026-08-21T00:59:19.513950+09:00
Opening Contribution,,,failed,False,2026-08-23T16:12:41.676987+09:00
Opening Core,,,failed,False,2026-08-19T21:13:28.219579+09:00
Opening Cost,2900.0,13.0,success,False,2026-08-21T02:07:58.916446+09:00
Opening Count,,,failed,False,2026-08-27T22:49:12.101032+09:00
Opening Counter,,,failed,False,2026-08-19T21:29:26.779055+09:00
Opening Coupon,,,failed,False,2026-08-27T21:15:51.614768+09:00
Opening Deal,260.0,3.0,success,False,2026-08-21T01:50:51.985309+09:00
Opening Debt,30.0,13.0,success,False,2026-08-21T02:24:36.091430+09:00
Opening Deck,110.0,4.0,success,False,2026-08-19T21:14:03.656959+09:00
Opening Desk,40500.0,9.0,success,False,2026-08-19T21:09:42.547953+09:00
Opening Detail,,,failed,False,2026-08-23T03:22:14.563475+09:00
Opening Detector,260.0,6.0,success,False,2026-08-27T23:58:23.732862+09:00
Opening Diagram,,,failed,False,2026-08-27T22:10:39.067015+09:00
Opening Digest,,,failed,False,2026-08-19T21:06:44.412093+09:00
Opening Directory,,,failed,False,2026-08-19T21:20:10.804990+09:00
Opening Discount,110.0,1.0,success,False,2026-08-23T16:12:35.033809+09:00
Opening Dossier,,,failed,False,2026-08-21T00:59:30.115655+09:00
Opening Downpayment,,,failed,False,2026-08-27T21:47:08.253611+09:00
Opening Draft,70.0,0.0,success,False,2026-08-19T21:07:06.926428+09:00
Opening Due,,,failed,False,2026-08-23T15:50:49.697674+09:00
Opening Duty,20.0,0.0,success,False,2026-08-21T02:41:21.123178+09:00
Opening Engine,480.0,0.0,success,False,2026-08-19T21:17:53.819858+09:00
Opening Entry,880.0,0.0,success,False,2026-08-21T00:59:43.831495+09:00
Opening Estimate,,,failed,False,2026-08-19T21:08:29.245582+09:00
Opening Estimator,,,failed,False,2026-08-27T23:58:14.186756+09:00
Opening Excerpt,,,failed,False,2026-08-21T01:01:52.955831+09:00
Opening Fare,,,failed,False,2026-08-21T02:08:07.470140+09:00
Opening Fee,170.0,0.0,success,False,2026-08-21T01:50:16.047866+09:00
Opening Feed,,,failed,False,2026-08-19T21:06:56.055921+09:00
Opening Field,,,failed,False,2026-08-23T13:09:22.371145+09:00
Opening File,12100.0,4.0,success,False,2026-08-19T21:06:04.880535+09:00
Opening Finder,720.0,1.0,success,False,2026-08-19T21:29:12.327035+09:00
Opening Fine,,,failed,False,2026-08-23T02:56:29.364559+09:00
Opening Flag,50.0,58.0,success,False,2026-08-21T00:35:54.809657+09:00
Opening Flow,12100.0,3.0,success,False,2026-08-19T21:09:15.467375+09:00
Opening Form,14800.0,2.0,success,False,2026-08-19T21:03:45.298500+09:00
Opening Format,,,failed,False,2026-08-23T13:09:25.406302+09:00
Opening Frame,3600.0,41.0,success,False,2026-08-19T21:13:04.964598+09:00
Opening Fund,,,failed,False,2026-08-21T02:24:39.206528+09:00
Opening Gate,27100.0,3.0,success,False,2026-08-19T21:17:05.944580+09:00
Opening Giveaway,40.0,6.0,success,False,2026-08-27T21:16:00.984636+09:00
Opening Grade,,,failed,False,2026-08-21T00:35:36.889482+09:00
Opening Graph,6600.0,0.0,success,True,2026-08-27T22:10:31.579374+09:00
Opening Grid,,,failed,False,2026-08-19T21:12:09.668415+09:00
Opening Guarantee,,,failed,False,2026-08-28T01:09:06.544338+09:00
Opening Harbor,,,failed,False,2026-08-19T21:30:33.343002+09:00
Opening Helper,,,failed,False,2026-08-28T00:27:12.240224+09:00
Opening History,1000.0,1.0,success,False,2026-08-19T21:05:52.966416+09:00
Opening Hotline,,,failed,False,2026-08-19T21:08:52.385641+09:00
Opening Hub,14800.0,1.0,success,False,2026-08-19T21:09:27.813218+09:00
Opening Identifier,10.0,6.0,success,False,2026-08-23T13:09:17.043261+09:00
Opening Inbox,,,failed,False,2026-08-19T21:31:03.580111+09:00
Opening Incentive,,,failed,False,2026-08-27T21:16:00.984636+09:00
Opening Index,260.0,2.0,success,False,2026-08-19T21:07:58.848698+09:00
Opening Installment,,,failed,False,2026-08-23T16:12:37.758659+09:00
Opening Item,10.0,0.0,success,False,2026-08-21T01:50:23.005803+09:00
Opening Journal,1900.0,6.0,success,False,2026-08-19T21:19:35.712806+09:00
Opening Keeper,,,failed,False,2026-08-19T21:17:37.116648+09:00
Opening Kiosk,,,failed,False,2026-08-19T21:29:49.422411+09:00
Opening Kit,590.0,6.0,success,False,2026-08-27T22:49:08.559687+09:00
Opening Label,10.0,57.0,success,False,2026-08-27T22:10:31.579374+09:00
Opening Ledger,1900.0,3.0,success,False,2026-08-19T21:13:40.486879+09:00
Opening Level,390.0,1.0,success,False,2026-08-19T21:06:15.149170+09:00
Opening Line,40500.0,8.0,success,False,2026-08-19T21:31:59.320296+09:00
Opening Link,22200.0,5.0,success,False,2026-08-23T03:22:06.290002+09:00
Opening List,9900.0,0.0,success,True,2026-08-19T21:55:14.913375+09:00
Opening Loan,,,failed,False,2026-08-21T02:08:15.230542+09:00
Opening Lobby,,,failed,False,2026-08-19T21:31:43.962049+09:00
Opening Locator,10.0,,success,False,2026-08-19T21:29:05.227189+09:00
Opening Locker,2900.0,48.0,success,False,2026-08-19T21:29:34.148902+09:00
Opening Log,,,failed,False,2026-08-19T21:03:30.036000+09:00
Opening Loop,,,failed,False,2026-08-19T21:11:58.211530+09:00
Opening Manager,1000.0,5.0,success,False,2026-08-19T21:17:47.761016+09:00
Opening Manual,,,failed,False,2026-08-27T22:10:35.314261+09:00
Opening Map,40500.0,1.0,success,False,2026-08-19T21:12:51.464479+09:00
Opening Margin,260.0,0.0,success,False,2026-08-23T02:56:26.483203+09:00
Opening Markup,,,failed,False,2026-08-23T16:38:14.137829+09:00
Opening Memo,30.0,0.0,success,False,2026-08-21T00:35:43.096296+09:00
Opening Message,18100.0,6.0,success,False,2026-08-27T23:14:49.427940+09:00
Opening Monitor,1900.0,1.0,success,False,2026-08-19T21:18:34.619237+09:00
Opening Nexus,5400.0,5.0,success,False,2026-08-19T21:17:17.082757+09:00
Opening Note,8100.0,4.0,success,False,2026-08-19T21:04:49.568415+09:00
Opening Notification,,,failed,False,2026-08-27T22:49:08.559687+09:00
Opening Number,1300.0,0.0,success,True,2026-08-23T03:22:01.031781+09:00
Opening Office,450000.0,9.0,success,False,2026-08-19T21:29:19.590151+09:00
Opening Ops,,,failed,False,2026-08-19T21:19:11.883317+09:00
Opening Order,4400.0,1.0,success,False,2026-08-19T21:54:37.434657+09:00
Opening Outpost,,,failed,False,2026-08-19T21:30:18.297847+09:00
Opening Overage,,,failed,False,2026-08-27T21:47:08.253611+09:00
Opening Overdue,,,failed,False,2026-08-27T21:47:03.271568+09:00
Opening Panel,3600.0,4.0,success,False,2026-08-19T21:15:42.753829+09:00
Opening Passport,,,failed,False,2026-08-19T21:31:33.933839+09:00
Opening Path,14800.0,33.0,success,False,2026-08-19T21:12:31.857265+09:00
Opening Payoff,,,failed,False,2026-08-27T21:47:05.962227+09:00
Opening Penalty,,,failed,False,2026-08-23T16:38:14.137829+09:00
Opening Petition,,,failed,False,2026-08-21T00:59:15.258286+09:00
Opening Plan,5400.0,3.0,success,False,2026-08-21T01:50:37.837516+09:00
Opening Planner,,,failed,False,2026-08-19T21:18:11.999906+09:00
Opening Playbook,40.0,1.0,success,False,2026-08-19T21:19:23.397844+09:00
Opening Plaza,,,failed,False,2026-08-19T21:30:24.987558+09:00
Opening Point,33100.0,1.0,success,False,2026-08-19T21:12:41.804289+09:00
Opening Portal,4400.0,0.0,success,True,2026-08-19T21:15:20.790094+09:00
Opening Post,1600.0,1.0,success,False,2026-08-19T21:30:10.428031+09:00
Opening Profile,6600.0,3.0,success,False,2026-08-19T21:05:14.341737+09:00
Opening Profit,10.0,0.0,success,False,2026-08-23T02:56:17.565255+09:00
Opening Proposal,70.0,4.0,success,False,2026-08-28T01:09:06.544338+09:00
Opening Queue,,,failed,False,2026-08-19T21:08:17.191236+09:00
Opening Quota,,,failed,False,2026-08-21T00:35:49.197244+09:00
Opening Radar,,,failed,False,2026-08-19T21:09:52.138956+09:00
Opening Rail,1900.0,0.0,success,True,2026-08-19T21:16:14.581068+09:00
Opening Rate,2400.0,3.0,success,False,2026-08-19T21:06:27.741536+09:00
Opening Recap,30.0,0.0,success,False,2026-08-21T00:59:34.151010+09:00
Opening Receipt,,,failed,False,2026-08-19T21:54:56.953854+09:00
Opening Recorder,720.0,19.0,success,False,2026-08-27T23:36:04.672816+09:00
Opening Register,9900.0,1.0,success,False,2026-08-19T21:19:00.035786+09:00
Opening Registry,590.0,1.0,success,False,2026-08-19T21:19:47.057352+09:00
Opening Reminder,,,failed,False,2026-08-19T21:07:38.685875+09:00
Opening Report,590.0,3.0,success,False,2026-08-19T21:32:23.492274+09:00
Opening Repository,10.0,0.0,success,False,2026-08-27T23:14:57.999766+09:00
Opening Result,6600.0,0.0,success,True,2026-08-28T00:48:57.800361+09:00
Opening Ring,5400.0,100.0,success,False,2026-08-19T21:16:50.838174+09:00
Opening Roll,880.0,4.0,success,False,2026-08-19T21:32:13.666054+09:00
Opening Roster,90.0,0.0,success,False,2026-08-19T21:30:54.257177+09:00
Opening Route,,,failed,False,2026-08-19T21:16:04.396422+09:00
Opening Rule,,,failed,False,2026-08-23T03:22:11.470893+09:00
Opening Sale,880.0,28.0,success,False,2026-08-21T02:24:52.539486+09:00
Opening Sample,170.0,1.0,success,False,2026-08-19T21:55:54.779139+09:00
Opening Scale,10.0,0.0,success,False,2026-08-19T21:15:54.238919+09:00
Opening Scheduler,,,failed,False,2026-08-19T21:18:24.331096+09:00
Opening Scope,,,failed,False,2026-08-19T21:11:46.371328+09:00
Opening Score,4400.0,0.0,success,True,2026-08-19T21:04:36.711918+09:00
Opening Sheet,1300.0,1.0,success,False,2026-08-19T21:04:09.833583+09:00
Opening Shelf,5400.0,100.0,success,False,2026-08-19T21:30:47.462824+09:00
Opening Shortfall,,,failed,False,2026-08-27T21:47:10.651342+09:00
Opening Signal,8100.0,1.0,success,False,2026-08-19T21:11:23.723554+09:00
Opening Signature,,,failed,False,2026-08-23T13:28:19.840300+09:00
Opening Slip,,,failed,False,2026-08-19T21:55:44.120814+09:00
Opening Slot,1300.0,3.0,success,False,2026-08-19T21:56:05.092972+09:00
Opening Stage,9900.0,3.0,success,False,2026-08-28T00:48:52.338706+09:00
Opening Stake,210.0,0.0,success,False,2026-08-23T02:56:24.253545+09:00
Opening Statement,5400.0,0.0,success,True,2026-08-21T00:35:31.431507+09:00
Opening Station,720.0,1.0,success,False,2026-08-19T21:14:34.800336+09:00
Opening Status,1900.0,20.0,success,False,2026-08-19T21:05:26.715187+09:00
Opening Sum,,,failed,False,2026-08-21T02:24:30.364633+09:00
Opening Summary,40.0,0.0,success,False,2026-08-19T21:07:18.151537+09:00
Opening Tab,9900.0,1.0,success,False,2026-08-21T00:36:00.602558+09:00
Opening Table,14800.0,8.0,success,False,2026-08-19T21:55:24.856436+09:00
Opening Tag,590.0,3.0,success,False,2026-08-19T21:05:02.074506+09:00
Opening Tally,,,failed,False,2026-08-21T00:35:31.431507+09:00
Opening Tariff,,,failed,False,2026-08-21T02:41:32.223715+09:00
Opening Tax,590.0,3.0,success,False,2026-08-21T02:08:11.666475+09:00
Opening Terminal,3600.0,0.0,success,True,2026-08-19T21:14:44.485943+09:00
Opening Ticker,,,failed,False,2026-08-19T21:31:52.488938+09:00
Opening Ticket,33100.0,6.0,success,False,2026-08-19T21:08:07.894185+09:00
Opening Tier,,,failed,False,2026-08-28T00:48:57.800361+09:00
Opening Timeline,260.0,0.0,success,False,2026-08-19T21:07:29.278050+09:00
Opening Timer,22200.0,1.0,success,False,2026-08-28T00:27:06.057605+09:00
Opening Toll,,,failed,False,2026-08-21T02:41:24.321159+09:00
Opening Toolbox,,,failed,False,2026-08-28T00:27:12.240224+09:00
Opening Total,,,failed,False,2026-08-27T23:14:52.026245+09:00
Opening Tower,590.0,2.0,success,False,2026-08-19T21:30:39.077841+09:00
Opening Tracker,,,failed,False,2026-08-19T21:09:02.600791+09:00
Opening Trail,,,failed,False,2026-08-19T21:16:25.825046+09:00
Opening Trial,,,failed,False,2026-08-27T21:15:54.960799+09:00
Opening Unit,10.0,0.0,success,False,2026-08-21T01:50:49.145007+09:00
Opening Update,140.0,2.0,success,False,2026-08-19T21:06:37.485931+09:00
Opening Value,1900.0,2.0,success,False,2026-08-23T02:56:21.131414+09:00
Opening Version,110.0,0.0,success,False,2026-08-23T03:22:03.644415+09:00
Opening View,33100.0,59.0,success,False,2026-08-19T21:05:39.916573+09:00
Opening Watch,1600.0,33.0,success,False,2026-08-19T21:11:34.990271+09:00
Opening Wave,,,failed,False,2026-08-19T21:12:22.393942+09:00
Opening Widget,,,failed,False,2026-08-27T23:14:52.026245+09:00
Opening Window,27100.0,5.0,success,False,2026-08-19T21:32:06.209951+09:00
Opening Worksheet,,,failed,False,2026-08-27T22:10:39.067015+09:00
Opening Yard,,,failed,False,2026-08-19T21:29:55.661249+09:00
Opening Zone,,,failed,False,2026-08-19T21:15:09.209545+09:00
Order Advance,30.0,0.0,success,False,2026-08-23T16:16:29.053349+09:00
Order Advisory,,,failed,False,2026-08-21T01:06:45.397337+09:00
Order Allowance,,,failed,False,2026-08-21T02:43:50.740440+09:00
Order Almanac,,,failed,False,2026-08-18T22:09:37.820706+09:00
Order Analyzer,,,failed,False,2026-08-27T23:58:23.732862+09:00
Order Anchor,10.0,0.0,success,False,2026-08-17T23:07:32.474026+09:00
Order Announcement,20.0,15.0,success,False,2026-08-27T23:36:23.122509+09:00
Order Arrears,,,failed,False,2026-08-23T16:16:29.053349+09:00
Order Assistant,1000.0,5.0,success,False,2026-08-17T23:08:08.981233+09:00
Order Atlas,20.0,8.0,success,False,2026-08-17T23:11:46.496961+09:00
Order Attribute,50.0,2.0,success,False,2026-08-23T13:09:12.775055+09:00
Order Balance,70.0,0.0,success,False,2026-08-23T13:48:04.421871+09:00
Order Base,480.0,13.0,success,False,2026-08-17T23:07:07.612411+09:00
Order Beacon,,,failed,False,2026-08-17T23:05:39.217461+09:00
Order Bill,320.0,15.0,success,False,2026-08-19T22:00:16.178777+09:00
Order Blueprint,,,failed,False,2026-08-18T22:09:30.106481+09:00
Order Board,320.0,18.0,success,False,2026-08-17T23:33:13.848442+09:00
Order Book,27100.0,26.0,success,False,2026-08-19T22:01:05.588899+09:00
Order Bridge,70.0,0.0,success,False,2026-08-17T23:30:49.193189+09:00
Order Brief,20.0,0.0,success,False,2026-08-21T01:06:33.871335+09:00
Order Bulletin,,,failed,False,2026-08-21T01:06:30.195338+09:00
Order Calculator,140.0,40.0,success,False,2026-08-27T23:36:25.651250+09:00
Order Calendar,480.0,99.0,success,False,2026-08-19T00:00:34.964613+09:00
Order Card,1300.0,70.0,success,False,2026-08-19T13:32:45.255500+09:00
Order Cascade,,,failed,False,2026-08-17T23:12:45.983083+09:00
Order Cash,9900.0,9.0,success,False,2026-08-21T02:28:46.160203+09:00
Order Cashback,,,failed,False,2026-08-27T21:18:45.597821+09:00
Order Catalog,320.0,39.0,success,False,2026-08-19T21:18:14.475118+09:00
Order Category,110.0,0.0,success,False,2026-08-23T13:09:10.087594+09:00
Order Center,320.0,7.0,success,False,2026-08-17T23:23:41.484558+09:00
Order Chain,90.0,38.0,success,False,2026-08-17T23:25:51.814430+09:00
Order Charge,140.0,0.0,success,False,2026-08-21T02:43:40.530663+09:00
Order Check,40500.0,100.0,success,False,2026-08-19T13:32:58.947587+09:00
Order Checker,40500.0,100.0,success,False,2026-08-27T23:58:14.186756+09:00
Order Checklist,90.0,28.0,success,False,2026-08-19T21:17:29.124164+09:00
Order Circular,210.0,0.0,success,False,2026-08-21T01:06:42.544203+09:00
Order Cockpit,,,failed,False,2026-08-17T23:28:04.378663+09:00
Order Code,1300.0,0.0,success,True,2026-08-19T22:00:37.818778+09:00
Order Codex,,,failed,False,2026-08-18T22:09:56.131275+09:00
Order Companion,,,failed,False,2026-08-17T23:06:02.733299+09:00
Order Comparison,,,failed,False,2026-08-28T01:08:17.879931+09:00
Order Compass,20.0,96.0,success,False,2026-08-17T23:30:19.900529+09:00
Order Compendium,,,failed,False,2026-08-18T22:09:47.268840+09:00
Order Confirmation,9900.0,1.0,success,False,2026-08-21T01:06:56.173532+09:00
Order Console,10.0,32.0,success,False,2026-08-17T23:12:05.919804+09:00
Order Contribution,,,failed,False,2026-08-23T16:16:26.754683+09:00
Order Core,20.0,0.0,success,False,2026-08-17T23:33:00.502135+09:00
Order Cost,1000.0,0.0,success,True,2026-08-21T02:13:09.073610+09:00
Order Count,320.0,15.0,success,False,2026-08-27T22:50:28.774616+09:00
Order Counter,590.0,19.0,success,False,2026-08-19T00:01:24.646371+09:00
Order Coupon,140.0,24.0,success,False,2026-08-27T21:18:45.597821+09:00
Order Dashboard,590.0,16.0,success,False,2026-08-17T23:11:27.104300+09:00
Order Deal,170.0,16.0,success,False,2026-08-21T01:58:00.854013+09:00
Order Debt,,,failed,False,2026-08-21T02:28:36.980709+09:00
Order Deck,30.0,73.0,success,False,2026-08-17T23:08:49.702335+09:00
Order Depot,70.0,15.0,success,False,2026-08-19T00:01:04.506360+09:00
Order Desk,4400.0,15.0,success,False,2026-08-17T23:29:49.351305+09:00
Order Detail,6600.0,3.0,success,False,2026-08-23T03:22:53.557175+09:00
Order Detector,,,failed,False,2026-08-27T23:58:18.988715+09:00
Order Dial,,,failed,False,2026-08-17T23:06:43.544679+09:00
Order Digest,,,failed,False,2026-08-19T20:46:06.697629+09:00
Order Directory,10.0,0.0,success,False,2026-08-19T00:00:40.903706+09:00
Order Discount,170.0,11.0,success,False,2026-08-23T16:16:21.487176+09:00
Order Dock,,,failed,False,2026-08-17T23:08:28.176792+09:00
Order Dossier,,,failed,False,2026-08-21T01:07:00.683520+09:00
Order Downpayment,,,failed,False,2026-08-27T21:49:42.725472+09:00
Order Draft,27100.0,0.0,success,True,2026-08-19T20:46:16.448832+09:00
Order Due,70.0,0.0,success,False,2026-08-23T15:52:42.470276+09:00
Order Duty,20.0,3.0,success,False,2026-08-21T02:43:44.053859+09:00
Order Engine,90.0,13.0,success,False,2026-08-17T23:27:06.990402+09:00
Order Entry,1900.0,3.0,success,False,2026-08-21T01:07:15.275377+09:00
Order Estimate,90.0,1.0,success,False,2026-08-19T21:18:03.656517+09:00
Order Estimator,10.0,1.0,success,False,2026-08-27T23:58:14.186756+09:00
Order Excerpt,,,failed,False,2026-08-21T01:07:09.616987+09:00
Order Extension,50.0,49.0,success,False,2026-08-23T16:40:00.457844+09:00
Order Fare,,,failed,False,2026-08-21T02:13:20.223987+09:00
Order Fee,110.0,0.0,success,False,2026-08-21T01:57:45.438381+09:00
Order Feed,70.0,4.0,success,False,2026-08-19T20:46:10.724712+09:00
Order Field,720.0,0.0,success,False,2026-08-23T13:09:12.775055+09:00
Order File,260.0,12.0,success,False,2026-08-19T20:45:40.802029+09:00
Order Finder,110.0,15.0,success,False,2026-08-19T00:00:59.808882+09:00
Order Fine,,,failed,False,2026-08-23T02:57:38.722026+09:00
Order Flag,320.0,100.0,success,False,2026-08-21T00:34:38.752919+09:00
Order Flow,22200.0,16.0,success,False,2026-08-17T23:14:44.117441+09:00
Order Forge,10.0,7.0,success,False,2026-08-17T23:30:33.375533+09:00
Order Form,12100.0,61.0,success,False,2026-08-19T13:32:37.235735+09:00
Order Frame,260.0,100.0,success,False,2026-08-17T23:32:49.252049+09:00
Order Fund,,,failed,False,2026-08-21T02:28:40.448172+09:00
Order Gate,480.0,8.0,success,False,2026-08-17T23:04:29.933530+09:00
Order Generator,720.0,13.0,success,False,2026-08-27T23:36:25.651250+09:00
Order Giveaway,,,failed,False,2026-08-27T21:18:52.051068+09:00
Order Grade,,,failed,False,2026-08-21T00:34:23.360801+09:00
Order Graph,480.0,0.0,success,False,2026-08-27T22:14:08.565651+09:00
Order Grid,480.0,5.0,success,False,2026-08-17T23:31:45.267981+09:00
Order Guarantee,30.0,0.0,success,False,2026-08-28T01:08:23.846955+09:00
Order Guard,720.0,0.0,success,False,2026-08-17T23:28:58.984040+09:00
Order Guardian,10.0,0.0,success,False,2026-08-28T00:26:57.692425+09:00
Order Guidebook,,,failed,False,2026-08-18T22:09:15.023895+09:00
Order Helpdesk,10.0,26.0,success,False,2026-08-27T22:50:28.774616+09:00
Order Helper,390.0,1.0,success,False,2026-08-28T00:27:00.787784+09:00
Order History,3600.0,1.0,success,False,2026-08-19T20:45:35.048925+09:00
Order Hotline,40.0,0.0,success,False,2026-08-19T21:18:26.718972+09:00
Order Hub,480.0,12.0,success,False,2026-08-17T23:29:31.685360+09:00
Order Identifier,12100.0,2.0,success,False,2026-08-23T13:09:07.907049+09:00
Order Inbox,10.0,0.0,success,False,2026-08-19T12:25:57.716794+09:00
Order Incentive,10.0,0.0,success,False,2026-08-27T21:18:48.752837+09:00
Order Index,170.0,0.0,success,False,2026-08-19T21:17:38.869284+09:00
Order Insight,210.0,22.0,success,False,2026-08-17T23:27:48.723968+09:00
Order Installment,,,failed,False,2026-08-23T16:16:24.189782+09:00
Order Item,720.0,7.0,success,False,2026-08-21T01:57:50.113408+09:00
Order Journal,210.0,64.0,success,False,2026-08-18T22:08:59.053528+09:00
Order Keeper,30.0,1.0,success,False,2026-08-17T23:06:24.757707+09:00
Order Lab,390.0,74.0,success,False,2026-08-17T23:03:34.150622+09:00
Order Label,170.0,93.0,success,False,2026-08-27T22:14:14.143197+09:00
Order Ledger,110.0,100.0,success,False,2026-08-17T23:14:05.238044+09:00
Order Lens,590.0,100.0,success,False,2026-08-17T23:12:24.724350+09:00
Order Level,140.0,3.0,success,False,2026-08-19T20:45:50.851524+09:00
Order Line,2400.0,3.0,success,False,2026-08-19T12:26:15.531413+09:00
Order Link,1000.0,2.0,success,False,2026-08-23T03:22:45.099275+09:00
Order List,5400.0,1.0,success,False,2026-08-19T22:00:47.598420+09:00
Order Loan,110.0,8.0,success,False,2026-08-21T02:13:25.435180+09:00
Order Locator,260.0,9.0,success,False,2026-08-19T00:00:51.306672+09:00
Order Lock,90.0,53.0,success,False,2026-08-17T23:05:14.518937+09:00
Order Log,320.0,34.0,success,False,2026-08-19T13:32:23.096151+09:00
Order Loop,590.0,5.0,success,False,2026-08-17T23:09:15.899406+09:00
Order Manager,1600.0,11.0,success,False,2026-08-17T23:26:50.492047+09:00
Order Manual,40.0,22.0,success,False,2026-08-27T22:14:14.143197+09:00
Order Map,1300.0,38.0,success,False,2026-08-17T23:32:34.743858+09:00
Order Margin,20.0,0.0,success,False,2026-08-23T02:57:36.512424+09:00
Order Marker,590.0,23.0,success,False,2026-08-23T13:28:05.717329+09:00
Order Markup,,,failed,False,2026-08-23T16:39:55.880493+09:00
Order Memo,90.0,1.0,success,False,2026-08-21T00:34:27.900194+09:00
Order Message,210.0,0.0,success,False,2026-08-27T23:15:43.697016+09:00
Order Meter,30.0,89.0,success,False,2026-08-17T23:24:40.372556+09:00
Order Metrics,90.0,11.0,success,False,2026-08-17T23:04:12.037031+09:00
Order Monitor,170.0,63.0,success,False,2026-08-17T23:09:52.206266+09:00
Order Navigator,10.0,71.0,success,False,2026-08-17T23:28:17.323230+09:00
Order Nexus,10.0,6.0,success,False,2026-08-17T23:26:20.273293+09:00
Order Node,,,failed,False,2026-08-17T23:26:06.305227+09:00
Order Note,1300.0,5.0,success,False,2026-08-19T13:33:22.206561+09:00
Order Notification,390.0,1.0,success,False,2026-08-27T22:50:21.429751+09:00
Order Number,22200.0,6.0,success,False,2026-08-23T03:22:39.014022+09:00
Order Office,2400.0,3.0,success,False,2026-08-19T00:01:14.805570+09:00
Order Ops,74000.0,25.0,success,False,2026-08-17T23:13:04.753315+09:00
Order Organizer,90.0,97.0,success,False,2026-08-17T23:27:34.340862+09:00
Order Overage,,,failed,False,2026-08-27T21:49:42.725472+09:00
Order Overdue,,,failed,False,2026-08-27T21:49:35.975851+09:00
Order Panel,1000.0,0.0,success,True,2026-08-17T23:24:15.710246+09:00
Order Pass,110.0,1.0,success,False,2026-08-21T00:33:53.387508+09:00
Order Path,30.0,0.0,success,False,2026-08-17T23:10:49.091693+09:00
Order Payoff,10.0,0.0,success,False,2026-08-27T21:49:38.109800+09:00
Order Penalty,210.0,0.0,success,False,2026-08-23T16:39:55.880493+09:00
Order Petition,,,failed,False,2026-08-21T01:06:48.856434+09:00
Order Pilot,390.0,5.0,success,False,2026-08-17T23:09:34.502992+09:00
Order Plan,260.0,25.0,success,False,2026-08-21T01:57:54.921820+09:00
Order Planner,260.0,25.0,success,False,2026-08-17T23:27:19.198277+09:00
Order Playbook,10.0,0.0,success,False,2026-08-18T22:08:50.050771+09:00
Order Point,390.0,2.0,success,False,2026-08-17T23:32:21.137516+09:00
Order Portal,9900.0,8.0,success,False,2026-08-17T23:23:57.574570+09:00
Order Preview,40.0,1.0,success,False,2026-08-28T01:08:20.327245+09:00
Order Price,480.0,0.0,success,False,2026-08-21T02:13:15.591815+09:00
Order Profile,90.0,4.0,success,False,2026-08-19T13:33:46.951331+09:00
Order Profit,10.0,0.0,success,False,2026-08-23T02:57:30.156609+09:00
Order Pulse,480.0,0.0,success,False,2026-08-17T22:51:32.586910+09:00
Order Queue,260.0,1.0,success,False,2026-08-19T21:17:55.830991+09:00
Order Quota,20.0,6.0,success,False,2026-08-21T00:34:32.979761+09:00
Order Radar,,,failed,False,2026-08-17T23:03:55.937111+09:00
Order Rail,140.0,61.0,success,False,2026-08-17T23:25:33.384672+09:00
Order Rate,880.0,0.0,success,False,2026-08-19T20:45:56.516624+09:00
Order Recap,30.0,0.0,success,False,2026-08-21T01:07:05.419425+09:00
Order Receipt,1600.0,49.0,success,False,2026-08-19T22:00:26.290780+09:00
Order Recorder,10.0,100.0,success,False,2026-08-27T23:36:29.882311+09:00
Order Redemption,,,failed,False,2026-08-23T16:39:58.056757+09:00
Order Register,210.0,16.0,success,False,2026-08-17T23:28:37.439215+09:00
Order Registry,10.0,0.0,success,False,2026-08-18T22:09:23.803071+09:00
Order Relay,10.0,34.0,success,False,2026-08-17T23:30:05.459796+09:00
Order Reminder,140.0,9.0,success,False,2026-08-19T21:17:18.865865+09:00
Order Report,390.0,1.0,success,False,2026-08-19T13:32:18.631834+09:00
Order Repository,,,failed,False,2026-08-27T23:15:49.054288+09:00
Order Roadmap,,,failed,False,2026-08-18T22:10:02.231985+09:00
Order Roster,10.0,0.0,success,False,2026-08-19T00:37:46.702224+09:00
Order Route,320.0,2.0,success,False,2026-08-17T23:24:58.944526+09:00
Order Rule,320.0,0.0,success,False,2026-08-23T03:22:48.132111+09:00
Order Sale,8100.0,13.0,success,False,2026-08-21T02:28:50.660826+09:00
Order Sample,260.0,14.0,success,False,2026-08-19T22:01:23.897474+09:00
Order Scale,590.0,36.0,success,False,2026-08-17T23:13:43.600383+09:00
Order Scanner,140.0,53.0,success,False,2026-08-27T23:58:18.988715+09:00
Order Scheduler,260.0,4.0,success,False,2026-08-17T23:15:02.433018+09:00
Order Scope,10.0,2.0,success,False,2026-08-17T23:31:27.985495+09:00
Order Score,390.0,0.0,success,False,2026-08-19T13:33:05.427843+09:00
Order Sentry,,,failed,False,2026-08-17T23:26:34.514876+09:00
Order Sheet,2900.0,18.0,success,False,2026-08-19T13:32:49.484496+09:00
Order Shortfall,,,failed,False,2026-08-27T21:49:45.629659+09:00
Order Signal,40.0,0.0,success,False,2026-08-17T23:31:12.330432+09:00
Order Signature,110.0,5.0,success,False,2026-08-23T13:28:03.127667+09:00
Order Slip,2400.0,62.0,success,False,2026-08-19T22:01:14.357219+09:00
Order Slot,70.0,3.0,success,False,2026-08-19T22:01:39.954435+09:00
Order Snapshot,,,failed,False,2026-08-18T22:09:07.653451+09:00
Order Stage,90.0,11.0,success,False,2026-08-28T00:48:34.201373+09:00
Order Stake,10.0,67.0,success,False,2026-08-23T02:57:34.451765+09:00
Order Stamp,8100.0,100.0,success,False,2026-08-23T13:28:05.717329+09:00
Order Statement,140.0,0.0,success,False,2026-08-21T00:34:14.211470+09:00
Order Station,320.0,4.0,success,False,2026-08-17T23:23:24.651550+09:00
Order Status,8100.0,2.0,success,False,2026-08-19T20:45:21.816276+09:00
Order Streak,10.0,36.0,success,False,2026-08-28T00:48:34.201373+09:00
Order Stub,,,failed,False,2026-08-21T00:34:09.449100+09:00
Order Studio,170.0,3.0,success,False,2026-08-17T23:33:25.716051+09:00
Order Suite,10.0,0.0,success,False,2026-08-17T23:13:24.499414+09:00
Order Sum,20.0,0.0,success,False,2026-08-21T02:28:33.010940+09:00
Order Summary,4400.0,6.0,success,False,2026-08-19T21:16:53.658254+09:00
Order Surtax,,,failed,False,2026-08-23T15:52:44.896002+09:00
Order Sync,110.0,16.0,success,False,2026-08-17T23:29:14.907859+09:00
Order Tab,590.0,32.0,success,False,2026-08-21T00:34:42.810397+09:00
Order Table,590.0,15.0,success,False,2026-08-19T22:00:55.317910+09:00
Order Tag,320.0,59.0,success,False,2026-08-19T13:33:40.733972+09:00
Order Tally,,,failed,False,2026-08-21T00:34:18.922168+09:00
Order Tariff,,,failed,False,2026-08-21T02:43:53.941468+09:00
Order Tax,90.0,1.0,success,False,2026-08-21T02:13:25.435180+09:00
Order Ticker,10.0,2.0,success,False,2026-08-19T12:26:11.426688+09:00
Order Ticket,880.0,31.0,success,False,2026-08-19T21:17:47.761016+09:00
Order Tier,,,failed,False,2026-08-28T00:48:34.201373+09:00
Order Timeline,170.0,0.0,success,False,2026-08-19T21:17:08.649893+09:00
Order Timer,1600.0,26.0,success,False,2026-08-28T00:26:57.692425+09:00
Order Toll,20.0,10.0,success,False,2026-08-21T02:43:47.739499+09:00
Order Toolbox,,,failed,False,2026-08-28T00:26:57.692425+09:00
Order Toolkit,,,failed,False,2026-08-18T22:08:40.228889+09:00
Order Total,3600.0,0.0,success,True,2026-08-27T23:15:46.670229+09:00
Order Tracker,110000.0,10.0,success,False,2026-08-17T23:07:51.294970+09:00
Order Trail,210.0,6.0,success,False,2026-08-17T23:15:18.258563+09:00
Order Trend,30.0,0.0,success,False,2026-08-28T01:08:17.879931+09:00
Order Trial,10.0,0.0,success,False,2026-08-27T21:18:48.752837+09:00
Order Unit,90.0,0.0,success,False,2026-08-21T01:57:52.664433+09:00
Order Update,720.0,1.0,success,False,2026-08-19T20:46:02.034696+09:00
Order Value,590.0,2.0,success,False,2026-08-23T02:57:32.152196+09:00
Order Vault,10.0,22.0,success,False,2026-08-17T23:11:08.683373+09:00
Order Version,10.0,0.0,success,False,2026-08-23T03:22:42.501986+09:00
Order View,170.0,4.0,success,False,2026-08-19T20:45:29.456295+09:00
Order Voucher,140.0,95.0,success,False,2026-08-21T00:33:58.463562+09:00
Order Watch,210.0,81.0,success,False,2026-08-17T23:14:25.326532+09:00
Order Wave,50.0,0.0,success,False,2026-08-17T23:32:02.596672+09:00
Order Widget,10.0,0.0,success,False,2026-08-27T23:15:46.670229+09:00
Order Workbench,10.0,57.0,success,False,2026-08-18T22:08:32.701996+09:00
Order Worksheet,110.0,2.0,success,False,2026-08-27T22:14:14.143197+09:00
Order Zone,260.0,2.0,success,False,2026-08-17T23:04:50.362686+09:00
Ordinance Advance,,,failed,False,2026-08-23T16:13:30.945408+09:00
Ordinance Advisory,,,failed,False,2026-08-21T01:01:52.955831+09:00
Ordinance Allowance,,,failed,False,2026-08-21T02:38:57.143403+09:00
Ordinance Almanac,,,failed,False,2026-08-18T22:11:49.715981+09:00
Ordinance Analyzer,,,failed,False,2026-08-27T23:55:24.915525+09:00
Ordinance Anchor,,,failed,False,2026-08-17T21:35:18.423759+09:00
Ordinance Announcement,,,failed,False,2026-08-27T23:34:22.055868+09:00
Ordinance Arrears,,,failed,False,2026-08-23T16:13:30.945408+09:00
Ordinance Assistant,,,failed,False,2026-08-17T23:06:04.469497+09:00
Ordinance Atlas,,,failed,False,2026-08-17T20:43:01.991108+09:00
Ordinance Attribute,,,failed,False,2026-08-23T13:06:27.049949+09:00
Ordinance Badge,,,failed,False,2026-08-21T00:25:35.006393+09:00
Ordinance Base,,,failed,False,2026-08-17T20:40:15.034726+09:00
Ordinance Beacon,,,failed,False,2026-08-17T21:40:49.556938+09:00
Ordinance Bill,90.0,0.0,success,False,2026-08-19T22:07:18.055706+09:00
Ordinance Blueprint,,,failed,False,2026-08-18T22:11:41.345427+09:00
Ordinance Board,20.0,0.0,success,False,2026-08-17T20:37:29.909330+09:00
Ordinance Book,20.0,0.0,success,False,2026-08-19T21:46:17.017433+09:00
Ordinance Bridge,,,failed,False,2026-08-17T21:36:24.237197+09:00
Ordinance Brief,,,failed,False,2026-08-21T00:59:32.095317+09:00
Ordinance Bulletin,,,failed,False,2026-08-21T00:59:19.513950+09:00
Ordinance Cabinet,,,failed,False,2026-08-27T23:13:09.078623+09:00
Ordinance Calendar,,,failed,False,2026-08-18T23:59:47.446594+09:00
Ordinance Card,,,failed,False,2026-08-19T13:37:25.441438+09:00
Ordinance Cascade,,,failed,False,2026-08-17T21:37:26.190503+09:00
Ordinance Cash,,,failed,False,2026-08-21T02:23:24.043193+09:00
Ordinance Category,,,failed,False,2026-08-23T13:06:24.369926+09:00
Ordinance Center,,,failed,False,2026-08-17T20:31:29.603433+09:00
Ordinance Chain,,,failed,False,2026-08-17T20:48:06.680156+09:00
Ordinance Charge,40.0,0.0,success,False,2026-08-21T02:38:47.806400+09:00
Ordinance Check,,,failed,False,2026-08-19T13:37:46.745101+09:00
Ordinance Checker,,,failed,False,2026-08-27T23:55:14.253857+09:00
Ordinance Circular,,,failed,False,2026-08-21T01:01:51.697457+09:00
Ordinance Cockpit,,,failed,False,2026-08-17T23:29:34.686853+09:00
Ordinance Code,720.0,0.0,success,False,2026-08-19T22:07:41.945033+09:00
Ordinance Codex,,,failed,False,2026-08-18T22:12:08.779533+09:00
Ordinance Companion,,,failed,False,2026-08-17T23:03:58.711434+09:00
Ordinance Comparison,,,failed,False,2026-08-28T01:05:22.748209+09:00
Ordinance Compass,,,failed,False,2026-08-18T07:52:55.085793+09:00
Ordinance Compendium,,,failed,False,2026-08-18T22:11:59.574853+09:00
Ordinance Confirmation,,,failed,False,2026-08-21T00:59:48.261603+09:00
Ordinance Console,,,failed,False,2026-08-17T21:39:25.145394+09:00
Ordinance Core,20.0,0.0,success,False,2026-08-17T20:39:18.247368+09:00
Ordinance Cost,,,failed,False,2026-08-21T02:08:07.470140+09:00
Ordinance Count,,,failed,False,2026-08-27T22:47:59.631121+09:00
Ordinance Counter,,,failed,False,2026-08-19T00:00:44.927785+09:00
Ordinance Dashboard,,,failed,False,2026-08-17T23:09:36.803243+09:00
Ordinance Deal,,,failed,False,2026-08-21T01:52:12.646112+09:00
Ordinance Debt,,,failed,False,2026-08-21T02:23:15.671365+09:00
Ordinance Deck,,,failed,False,2026-08-17T20:36:31.502472+09:00
Ordinance Depot,2900.0,3.0,success,False,2026-08-19T00:00:25.348270+09:00
Ordinance Desk,,,failed,False,2026-08-17T20:34:15.100698+09:00
Ordinance Detail,,,failed,False,2026-08-23T03:17:54.192615+09:00
Ordinance Detector,,,failed,False,2026-08-27T23:55:21.576264+09:00
Ordinance Dial,,,failed,False,2026-08-17T21:36:52.396982+09:00
Ordinance Digest,,,failed,False,2026-08-19T20:48:46.011592+09:00
Ordinance Directory,,,failed,False,2026-08-18T23:59:57.747609+09:00
Ordinance Dock,,,failed,False,2026-08-17T21:32:45.123730+09:00
Ordinance Dossier,,,failed,False,2026-08-21T00:59:52.495839+09:00
Ordinance Downpayment,,,failed,False,2026-08-27T21:46:52.310844+09:00
Ordinance Draft,,,failed,False,2026-08-19T20:48:59.251157+09:00
Ordinance Due,,,failed,False,2026-08-23T15:51:26.748439+09:00
Ordinance Duty,,,failed,False,2026-08-21T02:38:51.441238+09:00
Ordinance Engine,,,failed,False,2026-08-17T23:28:19.331420+09:00
Ordinance Entry,,,failed,False,2026-08-21T01:00:04.597458+09:00
Ordinance Estimate,,,failed,False,2026-08-19T21:33:06.191339+09:00
Ordinance Estimator,,,failed,False,2026-08-27T23:55:11.655418+09:00
Ordinance Excerpt,,,failed,False,2026-08-21T01:02:05.845061+09:00
Ordinance Extension,,,failed,False,2026-08-23T16:38:29.056767+09:00
Ordinance Fare,,,failed,False,2026-08-21T02:08:19.202315+09:00
Ordinance Fee,20.0,0.0,success,False,2026-08-21T01:51:54.787871+09:00
Ordinance Feed,,,failed,False,2026-08-19T20:48:51.281701+09:00
Ordinance File,,,failed,False,2026-08-19T20:48:26.152213+09:00
Ordinance Finder,,,failed,False,2026-08-19T00:00:18.530849+09:00
Ordinance Fine,10.0,0.0,success,False,2026-08-23T02:54:13.248458+09:00
Ordinance Flag,,,failed,False,2026-08-21T00:26:18.251155+09:00
Ordinance Flow,,,failed,False,2026-08-17T20:37:01.636634+09:00
Ordinance Forge,,,failed,False,2026-08-17T21:38:35.218560+09:00
Ordinance Form,10.0,0.0,success,False,2026-08-19T13:37:00.513744+09:00
Ordinance Format,70.0,0.0,success,False,2026-08-23T13:06:31.775349+09:00
Ordinance Frame,,,failed,False,2026-08-17T20:41:00.568700+09:00
Ordinance Fund,,,failed,False,2026-08-21T02:23:20.274615+09:00
Ordinance Gate,,,failed,False,2026-08-17T20:44:43.054193+09:00
Ordinance Grade,,,failed,False,2026-08-21T00:26:02.753353+09:00
Ordinance Grid,,,failed,False,2026-08-17T20:48:40.258747+09:00
Ordinance Guarantee,,,failed,False,2026-08-28T01:05:28.825650+09:00
Ordinance Guard,,,failed,False,2026-08-17T20:39:46.897200+09:00
Ordinance Guardian,,,failed,False,2026-08-28T00:24:51.336275+09:00
Ordinance Guidebook,,,failed,False,2026-08-18T22:11:24.179554+09:00
Ordinance Helpdesk,,,failed,False,2026-08-27T22:48:03.762773+09:00
Ordinance Helper,,,failed,False,2026-08-28T00:24:53.833495+09:00
Ordinance History,,,failed,False,2026-08-19T20:48:20.425473+09:00
Ordinance Hotline,,,failed,False,2026-08-19T21:03:18.431019+09:00
Ordinance Hub,,,failed,False,2026-08-17T20:36:04.789698+09:00
Ordinance Identifier,,,failed,False,2026-08-23T13:06:20.755041+09:00
Ordinance Index,,,failed,False,2026-08-19T21:33:04.196015+09:00
Ordinance Insight,,,failed,False,2026-08-17T23:29:16.727834+09:00
Ordinance Item,10.0,0.0,success,False,2026-08-21T01:51:50.568304+09:00
Ordinance Journal,,,failed,False,2026-08-18T22:11:05.779319+09:00
Ordinance Keeper,,,failed,False,2026-08-17T20:41:19.373388+09:00
Ordinance Lab,170.0,0.0,success,False,2026-08-17T20:34:38.143389+09:00
Ordinance Label,,,failed,False,2026-08-27T22:10:10.749365+09:00
Ordinance Ledger,,,failed,False,2026-08-17T20:38:24.877008+09:00
Ordinance Lens,,,failed,False,2026-08-17T20:41:48.704350+09:00
Ordinance Level,,,failed,False,2026-08-19T20:48:32.959283+09:00
Ordinance Levy,,,failed,False,2026-08-23T13:46:43.137504+09:00
Ordinance Link,,,failed,False,2026-08-23T03:17:46.671515+09:00
Ordinance List,,,failed,False,2026-08-19T21:45:53.420711+09:00
Ordinance Loan,,,failed,False,2026-08-21T02:08:27.719210+09:00
Ordinance Locator,,,failed,False,2026-08-19T00:00:08.120656+09:00
Ordinance Lock,,,failed,False,2026-08-17T20:43:30.530213+09:00
Ordinance Log,,,failed,False,2026-08-19T13:36:52.870932+09:00
Ordinance Loop,,,failed,False,2026-08-17T21:30:57.458125+09:00
Ordinance Manager,,,failed,False,2026-08-17T20:40:34.523017+09:00
Ordinance Manual,,,failed,False,2026-08-27T22:10:16.912585+09:00
Ordinance Map,880.0,24.0,success,False,2026-08-17T20:42:34.302604+09:00
Ordinance Margin,,,failed,False,2026-08-23T02:54:11.154631+09:00
Ordinance Marker,,,failed,False,2026-08-23T13:27:13.232233+09:00
Ordinance Memo,,,failed,False,2026-08-21T00:26:07.923229+09:00
Ordinance Message,,,failed,False,2026-08-27T23:13:03.121922+09:00
Ordinance Meter,,,failed,False,2026-08-17T21:35:49.618076+09:00
Ordinance Metrics,,,failed,False,2026-08-17T23:14:46.249386+09:00
Ordinance Monitor,,,failed,False,2026-08-17T23:07:51.294970+09:00
Ordinance Navigator,,,failed,False,2026-08-17T23:29:49.351305+09:00
Ordinance Nexus,,,failed,False,2026-08-17T20:43:57.612589+09:00
Ordinance Node,,,failed,False,2026-08-17T20:45:46.874737+09:00
Ordinance Note,,,failed,False,2026-08-19T13:38:13.390546+09:00
Ordinance Notification,,,failed,False,2026-08-27T22:47:56.654242+09:00
Ordinance Number,210.0,0.0,success,False,2026-08-23T03:17:34.613762+09:00
Ordinance Office,,,failed,False,2026-08-19T00:00:34.964613+09:00
Ordinance Ops,,,failed,False,2026-08-17T23:11:13.383500+09:00
Ordinance Organizer,10.0,,success,False,2026-08-17T23:28:58.984040+09:00
Ordinance Overage,,,failed,False,2026-08-27T21:46:49.880048+09:00
Ordinance Panel,,,failed,False,2026-08-17T21:38:03.717082+09:00
Ordinance Pass,,,failed,False,2026-08-21T00:25:21.406032+09:00
Ordinance Path,,,failed,False,2026-08-17T20:45:22.370262+09:00
Ordinance Payoff,,,failed,False,2026-08-27T21:46:47.630562+09:00
Ordinance Penalty,,,failed,False,2026-08-23T16:38:24.543370+09:00
Ordinance Petition,,,failed,False,2026-08-21T00:59:43.831495+09:00
Ordinance Pilot,,,failed,False,2026-08-17T20:35:06.364440+09:00
Ordinance Plan,10.0,2.0,success,False,2026-08-21T01:52:06.168283+09:00
Ordinance Planner,,,failed,False,2026-08-17T23:28:41.981102+09:00
Ordinance Playbook,,,failed,False,2026-08-18T22:10:59.912583+09:00
Ordinance Point,,,failed,False,2026-08-17T20:44:21.106446+09:00
Ordinance Portal,,,failed,False,2026-08-17T21:41:28.759770+09:00
Ordinance Preview,,,failed,False,2026-08-28T01:05:26.346049+09:00
Ordinance Profile,,,failed,False,2026-08-19T13:38:55.423036+09:00
Ordinance Profit,,,failed,False,2026-08-23T02:53:58.718739+09:00
Ordinance Proposal,10.0,0.0,success,False,2026-08-28T01:05:28.825650+09:00
Ordinance Pulse,,,failed,False,2026-08-17T20:47:23.581270+09:00
Ordinance Radar,,,failed,False,2026-08-17T20:33:15.121215+09:00
Ordinance Rail,,,failed,False,2026-08-17T21:31:33.014186+09:00
Ordinance Rate,,,failed,False,2026-08-19T20:48:37.662202+09:00
Ordinance Recap,,,failed,False,2026-08-21T01:02:03.687665+09:00
Ordinance Receipt,,,failed,False,2026-08-19T22:07:28.246340+09:00
Ordinance Register,,,failed,False,2026-08-17T23:30:08.040310+09:00
Ordinance Registry,,,failed,False,2026-08-18T22:11:32.522772+09:00
Ordinance Relay,,,failed,False,2026-08-17T20:32:03.329355+09:00
Ordinance Reminder,,,failed,False,2026-08-19T21:33:01.101175+09:00
Ordinance Report,,,failed,False,2026-08-19T13:36:19.763333+09:00
Ordinance Repository,,,failed,False,2026-08-27T23:13:13.331600+09:00
Ordinance Result,10.0,0.0,success,False,2026-08-28T00:47:30.269850+09:00
Ordinance Roadmap,,,failed,False,2026-08-18T22:12:15.534077+09:00
Ordinance Roster,,,failed,False,2026-08-19T00:37:53.742610+09:00
Ordinance Route,10.0,0.0,success,False,2026-08-17T21:33:40.096792+09:00
Ordinance Rule,,,failed,False,2026-08-23T03:17:50.653872+09:00
Ordinance Sale,,,failed,False,2026-08-21T02:23:31.419607+09:00
Ordinance Sample,320.0,0.0,success,False,2026-08-19T21:46:42.037661+09:00
Ordinance Scale,10.0,0.0,success,False,2026-08-17T21:34:46.886716+09:00
Ordinance Scanner,,,failed,False,2026-08-27T23:55:17.807220+09:00
Ordinance Scheduler,,,failed,False,2026-08-17T23:13:09.056664+09:00
Ordinance Scope,,,failed,False,2026-08-17T21:32:05.797514+09:00
Ordinance Score,,,failed,False,2026-08-19T13:37:53.958127+09:00
Ordinance Sentry,,,failed,False,2026-08-17T20:42:10.144192+09:00
Ordinance Sheet,,,failed,False,2026-08-19T13:37:39.358157+09:00
Ordinance Shortfall,,,failed,False,2026-08-27T21:46:54.698818+09:00
Ordinance Signal,,,failed,False,2026-08-17T21:34:15.444697+09:00
Ordinance Signature,,,failed,False,2026-08-23T13:27:13.232233+09:00
Ordinance Slip,,,failed,False,2026-08-19T21:46:29.828345+09:00
Ordinance Slot,,,failed,False,2026-08-19T21:46:50.004607+09:00
Ordinance Snapshot,,,failed,False,2026-08-18T22:11:13.751205+09:00
Ordinance Stage,,,failed,False,2026-08-28T00:47:30.269850+09:00
Ordinance Stake,,,failed,False,2026-08-23T02:54:08.933520+09:00
Ordinance Stamp,,,failed,False,2026-08-23T13:27:16.161149+09:00
Ordinance Statement,,,failed,False,2026-08-21T00:25:47.755507+09:00
Ordinance Station,,,failed,False,2026-08-17T20:33:46.243100+09:00
Ordinance Status,,,failed,False,2026-08-19T20:48:02.759483+09:00
Ordinance Stub,,,failed,False,2026-08-21T00:25:43.310750+09:00
Ordinance Studio,,,failed,False,2026-08-17T20:35:36.002153+09:00
Ordinance Subsidy,,,failed,False,2026-08-23T15:51:28.689965+09:00
Ordinance Suite,,,failed,False,2026-08-17T23:11:28.950122+09:00
Ordinance Sum,,,failed,False,2026-08-21T02:23:08.764436+09:00
Ordinance Summary,,,failed,False,2026-08-19T21:32:58.231654+09:00
Ordinance Surtax,,,failed,False,2026-08-23T15:51:33.860172+09:00
Ordinance Sync,,,failed,False,2026-08-17T20:38:02.236902+09:00
Ordinance Table,,,failed,False,2026-08-19T21:46:07.673702+09:00
Ordinance Tag,,,failed,False,2026-08-19T13:38:30.096101+09:00
Ordinance Tally,,,failed,False,2026-08-21T00:25:54.977191+09:00
Ordinance Tariff,,,failed,False,2026-08-21T02:38:59.400124+09:00
Ordinance Tax,,,failed,False,2026-08-21T02:08:23.223151+09:00
Ordinance Ticket,30.0,0.0,success,False,2026-08-19T21:33:04.196015+09:00
Ordinance Timeline,,,failed,False,2026-08-19T21:33:01.101175+09:00
Ordinance Timer,,,failed,False,2026-08-28T00:24:44.523713+09:00
Ordinance Toll,,,failed,False,2026-08-21T02:38:54.796216+09:00
Ordinance Toolbox,,,failed,False,2026-08-28T00:24:51.336275+09:00
Ordinance Toolkit,,,failed,False,2026-08-18T22:10:51.704890+09:00
Ordinance Total,,,failed,False,2026-08-27T23:13:03.121922+09:00
Ordinance Tracker,10.0,3.0,success,False,2026-08-17T20:38:51.261946+09:00
Ordinance Trail,,,failed,False,2026-08-17T21:30:24.502544+09:00
Ordinance Trend,,,failed,False,2026-08-28T01:05:20.139067+09:00
Ordinance Trial,,,failed,False,2026-08-27T21:15:49.145755+09:00
Ordinance Unit,20.0,0.0,success,False,2026-08-21T01:52:03.394231+09:00
Ordinance Update,,,failed,False,2026-08-19T20:48:40.120494+09:00
Ordinance Value,,,failed,False,2026-08-23T02:54:06.073801+09:00
Ordinance Vault,,,failed,False,2026-08-18T07:52:44.350821+09:00
Ordinance Version,,,failed,False,2026-08-23T03:17:44.508741+09:00
Ordinance View,,,failed,False,2026-08-19T20:48:09.734804+09:00
Ordinance Voucher,,,failed,False,2026-08-21T00:25:26.988508+09:00
Ordinance Watch,,,failed,False,2026-08-17T21:33:13.463030+09:00
Ordinance Wave,,,failed,False,2026-08-17T20:46:12.433556+09:00
Ordinance Widget,,,failed,False,2026-08-27T23:13:06.155067+09:00
Ordinance Workbench,,,failed,False,2026-08-18T22:10:41.322709+09:00
Ordinance Worksheet,,,failed,False,2026-08-27T22:10:19.864578+09:00
Ordinance Workshop,,,failed,False,2026-08-28T00:24:47.033463+09:00
Ordinance Zone,,,failed,False,2026-08-18T07:43:47.974817+09:00
Orientation Advance,,,failed,False,2026-08-23T16:17:04.207592+09:00
Orientation Alert,,,failed,False,2026-08-21T01:44:35.810594+09:00
Orientation Allowance,,,failed,False,2026-08-21T02:37:37.997164+09:00
Orientation Analyzer,,,failed,False,2026-08-27T23:56:25.215119+09:00
Orientation Announcement,90.0,0.0,success,False,2026-08-27T23:34:34.248381+09:00
Orientation Arrears,,,failed,False,2026-08-23T16:17:00.383036+09:00
Orientation Atlas,20.0,6.0,success,False,2026-08-21T01:42:11.023754+09:00
Orientation Badge,,,failed,False,2026-08-21T01:38:31.485069+09:00
Orientation Base,,,failed,False,2026-08-21T01:40:53.074721+09:00
Orientation Beacon,,,failed,False,2026-08-21T01:39:59.295312+09:00
Orientation Bill,,,failed,False,2026-08-21T01:37:41.835664+09:00
Orientation Bin,,,failed,False,2026-08-21T01:36:03.373183+09:00
Orientation Board,320.0,17.0,success,False,2026-08-21T01:41:02.771886+09:00
Orientation Bridge,,,failed,False,2026-08-21T01:40:12.068388+09:00
Orientation Brief,,,failed,False,2026-08-21T01:38:54.698036+09:00
Orientation Bulletin,,,failed,False,2026-08-21T01:38:52.841882+09:00
Orientation Cabinet,,,failed,False,2026-08-27T23:12:44.367905+09:00
Orientation Card,50.0,1.0,success,False,2026-08-21T01:36:03.373183+09:00
Orientation Cascade,,,failed,False,2026-08-21T01:40:07.956384+09:00
Orientation Cash,,,failed,False,2026-08-21T02:30:30.378357+09:00
Orientation Category,,,failed,False,2026-08-23T13:07:17.768470+09:00
Orientation Center,880.0,4.0,success,False,2026-08-21T01:41:22.153477+09:00
Orientation Chain,,,failed,False,2026-08-21T01:41:56.935291+09:00
Orientation Charge,,,failed,False,2026-08-21T02:37:22.596537+09:00
Orientation Chart,90.0,0.0,success,False,2026-08-21T01:44:38.139446+09:00
Orientation Check,40.0,0.0,success,False,2026-08-21T01:36:05.570623+09:00
Orientation Checker,,,failed,False,2026-08-27T23:56:16.956086+09:00
Orientation Circular,,,failed,False,2026-08-21T01:38:59.099455+09:00
Orientation Code,20.0,0.0,success,False,2026-08-21T01:37:51.952894+09:00
Orientation Comparison,,,failed,False,2026-08-28T01:07:30.106939+09:00
Orientation Compass,320.0,93.0,success,False,2026-08-21T01:39:55.005229+09:00
Orientation Confirmation,10.0,0.0,success,False,2026-08-21T01:39:12.504942+09:00
Orientation Console,,,failed,False,2026-08-21T01:41:35.548332+09:00
Orientation Contribution,,,failed,False,2026-08-23T16:16:57.987177+09:00
Orientation Core,,,failed,False,2026-08-21T01:40:55.486600+09:00
Orientation Cost,10.0,0.0,success,False,2026-08-21T02:13:20.223987+09:00
Orientation Count,,,failed,False,2026-08-27T22:47:08.510624+09:00
Orientation Counter,,,failed,False,2026-08-21T01:43:31.469604+09:00
Orientation Deal,,,failed,False,2026-08-21T01:56:51.063242+09:00
Orientation Debt,,,failed,False,2026-08-21T02:30:21.260254+09:00
Orientation Deck,50.0,1.0,success,False,2026-08-21T01:41:06.507181+09:00
Orientation Desk,50.0,2.0,success,False,2026-08-21T01:39:38.707543+09:00
Orientation Detail,,,failed,False,2026-08-23T03:18:29.464352+09:00
Orientation Detector,10.0,0.0,success,False,2026-08-27T23:56:22.652242+09:00
Orientation Directory,,,failed,False,2026-08-21T01:43:12.278953+09:00
Orientation Discount,,,failed,False,2026-08-23T16:16:55.140069+09:00
Orientation Draft,,,failed,False,2026-08-21T01:37:13.589246+09:00
Orientation Due,,,failed,False,2026-08-23T15:52:48.928193+09:00
Orientation Duty,,,failed,False,2026-08-21T02:37:27.000959+09:00
Orientation Engine,,,failed,False,2026-08-21T01:42:27.221916+09:00
Orientation Entry,,,failed,False,2026-08-21T01:39:25.000691+09:00
Orientation Estimate,,,failed,False,2026-08-21T01:37:34.913486+09:00
Orientation Extension,,,failed,False,2026-08-23T16:37:04.042408+09:00
Orientation Fare,,,failed,False,2026-08-21T02:13:25.435180+09:00
Orientation Fee,110.0,0.0,success,False,2026-08-21T01:56:34.859851+09:00
Orientation Feed,,,failed,False,2026-08-21T01:37:07.808277+09:00
Orientation File,40.0,0.0,success,False,2026-08-21T01:36:52.456000+09:00
Orientation Fine,,,failed,False,2026-08-23T02:53:52.134740+09:00
Orientation Flow,10.0,0.0,success,False,2026-08-21T01:39:32.953570+09:00
Orientation Forge,,,failed,False,2026-08-21T01:40:03.980146+09:00
Orientation Form,210.0,2.0,success,False,2026-08-21T01:36:03.373183+09:00
Orientation Format,210.0,2.0,success,False,2026-08-23T13:07:20.154329+09:00
Orientation Frame,,,failed,False,2026-08-21T01:40:50.890695+09:00
Orientation Fund,,,failed,False,2026-08-21T02:30:27.978125+09:00
Orientation Gate,10.0,0.0,success,False,2026-08-21T01:42:02.866390+09:00
Orientation Grid,,,failed,False,2026-08-21T01:40:33.133691+09:00
Orientation Guarantee,,,failed,False,2026-08-28T01:07:35.564975+09:00
Orientation Helpdesk,,,failed,False,2026-08-27T22:47:10.971037+09:00
Orientation Helper,,,failed,False,2026-08-28T00:25:51.267385+09:00
Orientation History,10.0,0.0,success,False,2026-08-21T01:36:47.067872+09:00
Orientation Hub,90.0,1.0,success,False,2026-08-21T01:39:35.935414+09:00
Orientation Identifier,,,failed,False,2026-08-23T13:07:14.038929+09:00
Orientation Inbox,,,failed,False,2026-08-21T01:44:31.242398+09:00
Orientation Index,20.0,0.0,success,False,2026-08-21T01:37:28.905967+09:00
Orientation Installment,,,failed,False,2026-08-23T16:16:57.987177+09:00
Orientation Item,,,failed,False,2026-08-21T01:56:38.086153+09:00
Orientation Journal,30.0,0.0,success,False,2026-08-21T01:42:58.216620+09:00
Orientation Keeper,,,failed,False,2026-08-21T01:42:13.880844+09:00
Orientation Kit,110.0,0.0,success,False,2026-08-27T22:47:06.029080+09:00
Orientation Lab,,,failed,False,2026-08-21T01:41:14.289680+09:00
Orientation Ledger,,,failed,False,2026-08-21T01:41:00.703725+09:00
Orientation Level,30.0,0.0,success,False,2026-08-21T01:36:55.107278+09:00
Orientation Line,90.0,0.0,success,False,2026-08-21T01:36:03.373183+09:00
Orientation Link,20.0,2.0,success,False,2026-08-23T03:18:21.895981+09:00
Orientation List,90.0,0.0,success,False,2026-08-21T01:37:55.040790+09:00
Orientation Loan,,,failed,False,2026-08-21T02:13:34.693364+09:00
Orientation Lobby,,,failed,False,2026-08-21T01:36:03.373183+09:00
Orientation Locator,,,failed,False,2026-08-21T01:43:14.953756+09:00
Orientation Locker,10.0,0.0,success,False,2026-08-21T01:43:34.239530+09:00
Orientation Log,590.0,0.0,success,False,2026-08-21T01:36:03.373183+09:00
Orientation Loop,,,failed,False,2026-08-21T01:40:28.771256+09:00
Orientation Manual,140.0,0.0,success,False,2026-08-27T22:07:57.599246+09:00
Orientation Map,880.0,0.0,success,False,2026-08-21T01:40:45.060160+09:00
Orientation Margin,,,failed,False,2026-08-23T02:53:49.996059+09:00
Orientation Memo,,,failed,False,2026-08-21T01:38:40.726969+09:00
Orientation Message,30.0,0.0,success,False,2026-08-27T23:12:37.040829+09:00
Orientation Monitor,,,failed,False,2026-08-21T01:42:40.721389+09:00
Orientation Nexus,,,failed,False,2026-08-21T01:42:07.777661+09:00
Orientation Note,40.0,0.0,success,False,2026-08-21T01:36:05.570623+09:00
Orientation Notification,,,failed,False,2026-08-27T22:47:02.636160+09:00
Orientation Number,40.0,0.0,success,False,2026-08-23T03:18:09.441113+09:00
Orientation Office,260.0,0.0,success,False,2026-08-21T01:43:25.178324+09:00
Orientation Ops,,,failed,False,2026-08-21T01:42:51.256978+09:00
Orientation Order,70.0,0.0,success,False,2026-08-21T01:37:39.215530+09:00
Orientation Overdue,,,failed,False,2026-08-27T21:46:10.871215+09:00
Orientation Panel,,,failed,False,2026-08-21T01:41:39.026443+09:00
Orientation Pass,30.0,4.0,success,False,2026-08-21T01:38:21.127852+09:00
Orientation Passport,,,failed,False,2026-08-21T01:36:03.373183+09:00
Orientation Path,,,failed,False,2026-08-21T01:40:37.729948+09:00
Orientation Penalty,,,failed,False,2026-08-23T16:37:01.033816+09:00
Orientation Petition,,,failed,False,2026-08-21T01:39:07.193029+09:00
Orientation Plan,320.0,1.0,success,False,2026-08-21T01:56:48.479807+09:00
Orientation Planner,320.0,1.0,success,False,2026-08-21T01:42:32.456630+09:00
Orientation Playbook,,,failed,False,2026-08-21T01:42:53.677401+09:00
Orientation Point,50.0,1.0,success,False,2026-08-21T01:40:42.553901+09:00
Orientation Portal,390.0,1.0,success,False,2026-08-21T01:41:33.473055+09:00
Orientation Preview,,,failed,False,2026-08-28T01:07:32.974301+09:00
Orientation Profile,,,failed,False,2026-08-21T01:36:05.570623+09:00
Orientation Profit,,,failed,False,2026-08-23T02:53:39.940635+09:00
Orientation Proposal,,,failed,False,2026-08-28T01:07:35.564975+09:00
Orientation Quota,,,failed,False,2026-08-21T01:38:45.431477+09:00
Orientation Radar,,,failed,False,2026-08-21T01:39:45.118535+09:00
Orientation Rate,,,failed,False,2026-08-21T01:36:59.790111+09:00
Orientation Recap,,,failed,False,2026-08-21T01:39:18.143916+09:00
Orientation Receipt,,,failed,False,2026-08-21T01:37:46.611348+09:00
Orientation Register,,,failed,False,2026-08-21T01:42:48.869153+09:00
Orientation Relay,,,failed,False,2026-08-21T01:39:47.385700+09:00
Orientation Reminder,,,failed,False,2026-08-21T01:37:24.140763+09:00
Orientation Report,390.0,0.0,success,False,2026-08-21T01:36:03.373183+09:00
Orientation Repository,,,failed,False,2026-08-27T23:12:46.818245+09:00
Orientation Ring,,,failed,False,2026-08-21T01:42:00.180241+09:00
Orientation Roll,,,failed,False,2026-08-21T01:36:03.373183+09:00
Orientation Roster,,,failed,False,2026-08-21T01:44:25.853714+09:00
Orientation Route,,,failed,False,2026-08-21T01:41:46.462785+09:00
Orientation Rule,,,failed,False,2026-08-23T03:18:25.372913+09:00
Orientation Sale,,,failed,False,2026-08-21T02:30:33.788820+09:00
Orientation Sample,30.0,0.0,success,False,2026-08-21T01:38:12.819970+09:00
Orientation Scale,70.0,0.0,success,False,2026-08-21T01:41:44.452509+09:00
Orientation Scanner,,,failed,False,2026-08-27T23:56:20.084184+09:00
Orientation Score,110.0,0.0,success,False,2026-08-21T01:36:05.570623+09:00
Orientation Sheet,30.0,1.0,success,False,2026-08-21T01:36:05.570623+09:00
Orientation Signal,,,failed,False,2026-08-21T01:40:17.321567+09:00
Orientation Slip,10.0,0.0,success,False,2026-08-21T01:38:06.302240+09:00
Orientation Slot,,,failed,False,2026-08-21T01:38:16.172375+09:00
Orientation Stage,260.0,2.0,success,False,2026-08-28T00:48:05.704808+09:00
Orientation Stake,,,failed,False,2026-08-23T02:53:47.851129+09:00
Orientation Statement,10.0,0.0,success,False,2026-08-21T01:38:38.622768+09:00
Orientation Station,20.0,0.0,success,False,2026-08-21T01:41:18.223212+09:00
Orientation Status,50.0,0.0,success,False,2026-08-21T01:36:39.432784+09:00
Orientation Stipend,,,failed,False,2026-08-23T13:48:00.316866+09:00
Orientation Stub,,,failed,False,2026-08-21T01:38:34.046103+09:00
Orientation Studio,,,failed,False,2026-08-21T01:41:12.264242+09:00
Orientation Sum,,,failed,False,2026-08-21T02:30:16.403499+09:00
Orientation Summary,20.0,0.0,success,False,2026-08-21T01:37:16.023011+09:00
Orientation Tab,,,failed,False,2026-08-21T01:38:48.053655+09:00
Orientation Table,880.0,1.0,success,False,2026-08-21T01:38:01.641770+09:00
Orientation Tag,10.0,0.0,success,False,2026-08-21T01:36:05.570623+09:00
Orientation Tariff,,,failed,False,2026-08-21T02:37:42.077569+09:00
Orientation Tax,,,failed,False,2026-08-21T02:13:28.177261+09:00
Orientation Terminal,210.0,2.0,success,False,2026-08-21T01:41:20.184116+09:00
Orientation Ticker,,,failed,False,2026-08-21T01:36:03.373183+09:00
Orientation Ticket,,,failed,False,2026-08-21T01:37:32.925946+09:00
Orientation Timeline,10.0,0.0,success,False,2026-08-21T01:37:21.821672+09:00
Orientation Toll,,,failed,False,2026-08-21T02:37:35.054521+09:00
Orientation Toolbox,,,failed,False,2026-08-28T00:25:48.742639+09:00
Orientation Total,,,failed,False,2026-08-27T23:12:39.391295+09:00
Orientation Tracker,40.0,2.0,success,False,2026-08-21T01:39:27.131441+09:00
Orientation Trend,,,failed,False,2026-08-28T01:07:27.619930+09:00
Orientation Trial,,,failed,False,2026-08-27T21:13:49.979348+09:00
Orientation Unit,,,failed,False,2026-08-21T01:56:46.597919+09:00
Orientation Update,,,failed,False,2026-08-21T01:37:05.417257+09:00
Orientation Value,10.0,0.0,success,False,2026-08-23T02:53:42.896171+09:00
Orientation Vault,,,failed,False,2026-08-21T01:39:52.762519+09:00
Orientation Version,,,failed,False,2026-08-23T03:18:18.334398+09:00
Orientation View,40.0,0.0,success,False,2026-08-21T01:36:44.739122+09:00
Orientation Voucher,,,failed,False,2026-08-21T01:38:24.012895+09:00
Orientation Watch,,,failed,False,2026-08-21T01:40:19.724237+09:00
Orientation Wave,,,failed,False,2026-08-21T01:40:35.434951+09:00
Orientation Widget,10.0,,success,False,2026-08-27T23:12:39.391295+09:00
Orientation Window,,,failed,False,2026-08-21T01:36:03.373183+09:00
Orientation Worksheet,40.0,0.0,success,False,2026-08-27T22:08:00.127291+09:00
Orientation Workshop,90.0,0.0,success,False,2026-08-28T00:25:44.811086+09:00
Orientation Zone,,,failed,False,2026-08-21T01:41:30.332578+09:00
Outage Advisory,10.0,0.0,success,False,2026-08-21T00:59:15.258286+09:00
Outage Alert,1300.0,7.0,success,False,2026-08-19T12:24:09.089995+09:00
Outage Allowance,,,failed,False,2026-08-21T02:38:45.456500+09:00
Outage Almanac,,,failed,False,2026-08-18T22:06:31.917725+09:00
Outage Analyzer,10.0,0.0,success,False,2026-08-27T23:55:14.253857+09:00
Outage Anchor,,,failed,False,2026-08-17T21:35:46.466784+09:00
Outage Announcement,10.0,0.0,success,False,2026-08-27T23:34:17.021271+09:00
Outage Assistant,,,failed,False,2026-08-17T23:04:15.040980+09:00
Outage Atlas,,,failed,False,2026-08-17T20:43:26.313536+09:00
Outage Badge,,,failed,False,2026-08-21T00:25:07.096192+09:00
Outage Balance,,,failed,False,2026-08-23T13:46:32.970542+09:00
Outage Base,,,failed,False,2026-08-17T20:40:33.502804+09:00
Outage Beacon,,,failed,False,2026-08-17T20:33:16.020559+09:00
Outage Bill,,,failed,False,2026-08-19T21:55:28.451912+09:00
Outage Blueprint,,,failed,False,2026-08-18T22:06:23.871734+09:00
Outage Board,20.0,0.0,success,False,2026-08-17T20:37:59.877456+09:00
Outage Book,20.0,3.0,success,False,2026-08-19T21:56:23.940159+09:00
Outage Bridge,10.0,0.0,success,False,2026-08-18T07:52:20.987077+09:00
Outage Brief,,,failed,False,2026-08-21T00:59:06.391670+09:00
Outage Bulletin,,,failed,False,2026-08-21T00:59:01.913298+09:00
Outage Calculator,30.0,0.0,success,False,2026-08-27T23:34:22.055868+09:00
Outage Calendar,70.0,0.0,success,False,2026-08-18T23:52:26.670134+09:00
Outage Card,,,failed,False,2026-08-19T13:28:06.398636+09:00
Outage Cascade,,,failed,False,2026-08-18T07:52:20.987077+09:00
Outage Cash,,,failed,False,2026-08-21T02:23:05.228659+09:00
Outage Catalog,,,failed,False,2026-08-19T21:13:07.301000+09:00
Outage Center,480.0,2.0,success,False,2026-08-17T20:32:02.325008+09:00
Outage Chain,,,failed,False,2026-08-17T20:48:37.567206+09:00
Outage Charge,,,failed,False,2026-08-21T02:38:37.938007+09:00
Outage Check,1000.0,1.0,success,False,2026-08-19T13:28:26.877196+09:00
Outage Checker,1000.0,1.0,success,False,2026-08-27T23:55:03.182011+09:00
Outage Checklist,,,failed,False,2026-08-19T21:12:12.315865+09:00
Outage Circular,,,failed,False,2026-08-21T01:00:11.022856+09:00
Outage Cockpit,,,failed,False,2026-08-17T23:25:36.258312+09:00
Outage Code,,,failed,False,2026-08-19T21:55:49.933305+09:00
Outage Codex,,,failed,False,2026-08-18T22:06:49.548592+09:00
Outage Companion,,,failed,False,2026-08-17T23:10:09.982693+09:00
Outage Comparison,,,failed,False,2026-08-28T01:05:14.146226+09:00
Outage Compass,,,failed,False,2026-08-18T07:52:15.038723+09:00
Outage Compendium,,,failed,False,2026-08-18T22:06:41.570881+09:00
Outage Confirmation,,,failed,False,2026-08-21T00:59:32.095317+09:00
Outage Console,,,failed,False,2026-08-17T20:32:41.344957+09:00
Outage Core,,,failed,False,2026-08-17T20:39:43.687132+09:00
Outage Cost,20.0,0.0,success,False,2026-08-21T02:07:48.773154+09:00
Outage Count,,,failed,False,2026-08-27T22:47:53.351609+09:00
Outage Counter,,,failed,False,2026-08-18T23:58:01.279851+09:00
Outage Dashboard,40.0,5.0,success,False,2026-08-17T23:07:52.950180+09:00
Outage Deal,,,failed,False,2026-08-21T01:51:54.787871+09:00
Outage Debt,,,failed,False,2026-08-21T02:22:54.942838+09:00
Outage Deck,,,failed,False,2026-08-17T20:37:00.325562+09:00
Outage Depot,,,failed,False,2026-08-18T23:57:39.317157+09:00
Outage Desk,,,failed,False,2026-08-17T20:34:35.742752+09:00
Outage Detail,,,failed,False,2026-08-23T03:17:39.480043+09:00
Outage Detector,2900.0,0.0,success,True,2026-08-27T23:55:11.655418+09:00
Outage Diagram,,,failed,False,2026-08-27T22:10:01.202227+09:00
Outage Dial,,,failed,False,2026-08-18T07:43:47.974817+09:00
Outage Digest,,,failed,False,2026-08-19T20:42:48.667396+09:00
Outage Directory,,,failed,False,2026-08-18T23:57:07.963291+09:00
Outage Discount,,,failed,False,2026-08-23T16:13:14.533515+09:00
Outage Dock,,,failed,False,2026-08-17T21:33:10.630129+09:00
Outage Dossier,,,failed,False,2026-08-21T00:59:36.315785+09:00
Outage Draft,,,failed,False,2026-08-19T20:43:08.672141+09:00
Outage Duty,,,failed,False,2026-08-21T02:38:41.018051+09:00
Outage Engine,,,failed,False,2026-08-17T23:23:57.574570+09:00
Outage Entry,50.0,3.0,success,False,2026-08-21T00:59:50.492128+09:00
Outage Estimate,210.0,1.0,success,False,2026-08-19T21:12:55.345811+09:00
Outage Estimator,,,failed,False,2026-08-27T23:54:58.395846+09:00
Outage Excerpt,,,failed,False,2026-08-21T01:01:55.292277+09:00
Outage Extension,,,failed,False,2026-08-23T16:38:24.543370+09:00
Outage Fare,,,failed,False,2026-08-21T02:07:58.916446+09:00
Outage Fee,,,failed,False,2026-08-21T01:51:27.074379+09:00
Outage Feed,,,failed,False,2026-08-19T20:43:01.232728+09:00
Outage Field,,,failed,False,2026-08-23T13:06:17.940469+09:00
Outage File,,,failed,False,2026-08-19T20:42:21.972075+09:00
Outage Finder,6600.0,0.0,success,True,2026-08-18T23:57:31.846586+09:00
Outage Fine,,,failed,False,2026-08-23T02:54:03.941195+09:00
Outage Flag,,,failed,False,2026-08-21T00:25:54.977191+09:00
Outage Flow,,,failed,False,2026-08-17T20:37:28.424048+09:00
Outage Forge,,,failed,False,2026-08-17T20:32:03.329355+09:00
Outage Form,10.0,0.0,success,False,2026-08-19T13:28:00.720814+09:00
Outage Format,,,failed,False,2026-08-23T13:06:20.755041+09:00
Outage Frame,,,failed,False,2026-08-17T20:41:17.748242+09:00
Outage Fund,,,failed,False,2026-08-21T02:22:58.653942+09:00
Outage Gate,,,failed,False,2026-08-17T20:45:18.923986+09:00
Outage Grade,,,failed,False,2026-08-21T00:25:35.006393+09:00
Outage Graph,,,failed,False,2026-08-27T22:09:58.164830+09:00
Outage Grid,880.0,1.0,success,False,2026-08-17T21:30:18.085086+09:00
Outage Guarantee,,,failed,False,2026-08-28T01:05:20.139067+09:00
Outage Guard,,,failed,False,2026-08-17T20:40:10.157299+09:00
Outage Guardian,,,failed,False,2026-08-28T00:24:41.812871+09:00
Outage Guidebook,,,failed,False,2026-08-18T22:06:03.591349+09:00
Outage Helpdesk,,,failed,False,2026-08-27T22:47:56.654242+09:00
Outage Helper,,,failed,False,2026-08-28T00:24:44.523713+09:00
Outage History,30.0,0.0,success,False,2026-08-19T20:42:17.170868+09:00
Outage Hotline,10.0,2.0,success,False,2026-08-19T21:13:21.149067+09:00
Outage Hub,40.0,0.0,success,False,2026-08-17T20:36:28.708934+09:00
Outage Index,,,failed,False,2026-08-19T21:12:24.209579+09:00
Outage Insight,,,failed,False,2026-08-17T23:25:00.626086+09:00
Outage Item,,,failed,False,2026-08-21T01:51:40.699894+09:00
Outage Journal,,,failed,False,2026-08-18T22:05:45.987777+09:00
Outage Keeper,,,failed,False,2026-08-17T20:41:47.517366+09:00
Outage Kit,880.0,99.0,success,False,2026-08-27T22:47:50.980247+09:00
Outage Lab,,,failed,False,2026-08-17T20:35:04.556306+09:00
Outage Ledger,,,failed,False,2026-08-17T20:38:48.292759+09:00
Outage Lens,,,failed,False,2026-08-17T20:42:08.223187+09:00
Outage Level,,,failed,False,2026-08-19T20:42:29.664942+09:00
Outage Link,,,failed,False,2026-08-23T03:17:28.989211+09:00
Outage List,590.0,0.0,success,False,2026-08-19T21:55:57.867275+09:00
Outage Loan,,,failed,False,2026-08-21T02:08:11.666475+09:00
Outage Locator,,,failed,False,2026-08-18T23:57:18.728861+09:00
Outage Lock,,,failed,False,2026-08-17T20:43:56.267353+09:00
Outage Log,10.0,0.0,success,False,2026-08-19T13:27:53.720083+09:00
Outage Loop,,,failed,False,2026-08-17T21:31:30.369012+09:00
Outage Manager,50.0,0.0,success,False,2026-08-17T20:40:53.994191+09:00
Outage Manual,,,failed,False,2026-08-27T22:09:58.164830+09:00
Outage Map,74000.0,1.0,success,False,2026-08-17T20:42:59.992193+09:00
Outage Margin,,,failed,False,2026-08-23T02:53:56.783780+09:00
Outage Memo,,,failed,False,2026-08-21T00:25:43.310750+09:00
Outage Message,260.0,0.0,success,False,2026-08-27T23:12:54.177935+09:00
Outage Meter,30.0,1.0,success,False,2026-08-17T21:36:22.095100+09:00
Outage Metrics,,,failed,False,2026-08-17T23:08:30.361207+09:00
Outage Monitor,140.0,12.0,success,False,2026-08-17T23:06:04.469497+09:00
Outage Navigator,,,failed,False,2026-08-17T23:25:53.472363+09:00
Outage Nexus,,,failed,False,2026-08-17T20:44:20.013961+09:00
Outage Node,,,failed,False,2026-08-17T20:46:04.855118+09:00
Outage Note,,,failed,False,2026-08-19T13:28:46.213071+09:00
Outage Notification,480.0,0.0,success,False,2026-08-27T22:47:46.388657+09:00
Outage Number,50.0,1.0,success,False,2026-08-23T03:17:21.558443+09:00
Outage Office,,,failed,False,2026-08-18T23:57:49.004373+09:00
Outage Ops,,,failed,False,2026-08-17T23:04:33.261831+09:00
Outage Organizer,,,failed,False,2026-08-17T23:24:40.372556+09:00
Outage Panel,,,failed,False,2026-08-17T20:31:29.603433+09:00
Outage Pass,,,failed,False,2026-08-21T00:24:54.126348+09:00
Outage Path,,,failed,False,2026-08-17T20:45:45.792269+09:00
Outage Penalty,,,failed,False,2026-08-23T16:38:19.079152+09:00
Outage Petition,,,failed,False,2026-08-21T00:59:19.513950+09:00
Outage Pilot,,,failed,False,2026-08-17T20:35:35.063549+09:00
Outage Plan,140.0,1.0,success,False,2026-08-21T01:51:52.747806+09:00
Outage Planner,140.0,1.0,success,False,2026-08-17T23:24:19.906640+09:00
Outage Playbook,,,failed,False,2026-08-18T22:05:38.221943+09:00
Outage Point,,,failed,False,2026-08-17T20:44:38.858684+09:00
Outage Portal,70.0,0.0,success,False,2026-08-18T07:43:35.299259+09:00
Outage Preview,,,failed,False,2026-08-28T01:05:17.423675+09:00
Outage Profile,,,failed,False,2026-08-19T13:29:07.755274+09:00
Outage Profit,,,failed,False,2026-08-23T02:53:49.996059+09:00
Outage Proposal,,,failed,False,2026-08-28T01:05:20.139067+09:00
Outage Pulse,,,failed,False,2026-08-17T20:48:00.384731+09:00
Outage Queue,,,failed,False,2026-08-19T21:12:45.437785+09:00
Outage Quota,,,failed,False,2026-08-21T00:25:47.755507+09:00
Outage Radar,30.0,0.0,success,False,2026-08-17T20:33:43.675774+09:00
Outage Rail,,,failed,False,2026-08-17T21:32:03.436124+09:00
Outage Rate,10.0,0.0,success,False,2026-08-19T20:42:34.910732+09:00
Outage Recap,,,failed,False,2026-08-21T00:59:40.549783+09:00
Outage Receipt,,,failed,False,2026-08-19T21:55:36.980585+09:00
Outage Recorder,,,failed,False,2026-08-27T23:34:22.055868+09:00
Outage Register,,,failed,False,2026-08-17T23:26:08.164356+09:00
Outage Registry,,,failed,False,2026-08-18T22:06:12.435541+09:00
Outage Relay,,,failed,False,2026-08-17T20:32:38.453320+09:00
Outage Reminder,,,failed,False,2026-08-19T21:12:02.105513+09:00
Outage Report,1900.0,1.0,success,False,2026-08-19T13:27:40.228305+09:00
Outage Repository,,,failed,False,2026-08-27T23:13:03.121922+09:00
Outage Result,,,failed,False,2026-08-28T00:47:27.580109+09:00
Outage Roadmap,,,failed,False,2026-08-18T22:06:59.160335+09:00
Outage Roster,,,failed,False,2026-08-19T00:37:10.693574+09:00
Outage Route,,,failed,False,2026-08-17T21:34:12.134068+09:00
Outage Rule,,,failed,False,2026-08-23T03:17:34.613762+09:00
Outage Sale,,,failed,False,2026-08-21T02:23:08.764436+09:00
Outage Sample,,,failed,False,2026-08-19T21:45:53.420711+09:00
Outage Scale,10.0,,success,False,2026-08-17T21:35:16.200596+09:00
Outage Scanner,,,failed,False,2026-08-27T23:55:06.367292+09:00
Outage Scheduler,90.0,1.0,success,False,2026-08-17T23:06:45.787789+09:00
Outage Scope,10.0,2.0,success,False,2026-08-17T21:32:36.544768+09:00
Outage Score,,,failed,False,2026-08-19T13:28:36.830433+09:00
Outage Sentry,,,failed,False,2026-08-17T20:42:32.290659+09:00
Outage Sheet,,,failed,False,2026-08-19T13:28:15.783876+09:00
Outage Shortfall,,,failed,False,2026-08-27T21:46:47.630562+09:00
Outage Signal,10.0,0.0,success,False,2026-08-17T21:34:42.632014+09:00
Outage Slip,,,failed,False,2026-08-19T21:56:32.690388+09:00
Outage Slot,,,failed,False,2026-08-19T21:46:07.673702+09:00
Outage Snapshot,,,failed,False,2026-08-18T22:05:55.715721+09:00
Outage Stage,,,failed,False,2026-08-28T00:47:27.580109+09:00
Outage Stake,,,failed,False,2026-08-23T02:53:54.584586+09:00
Outage Statement,,,failed,False,2026-08-21T00:25:21.406032+09:00
Outage Station,,,failed,False,2026-08-17T20:34:11.615000+09:00
Outage Status,1600.0,1.0,success,False,2026-08-19T20:42:03.452660+09:00
Outage Stub,,,failed,False,2026-08-21T00:25:13.031282+09:00
Outage Studio,,,failed,False,2026-08-17T20:36:02.767132+09:00
Outage Subsidy,,,failed,False,2026-08-23T15:51:22.397294+09:00
Outage Suite,,,failed,False,2026-08-17T23:04:50.362686+09:00
Outage Sum,,,failed,False,2026-08-21T02:22:51.042353+09:00
Outage Summary,10.0,0.0,success,False,2026-08-19T21:11:37.631930+09:00
Outage Surtax,,,failed,False,2026-08-23T15:51:26.748439+09:00
Outage Sync,,,failed,False,2026-08-17T20:38:21.061174+09:00
Outage Table,320.0,0.0,success,False,2026-08-19T21:56:11.493537+09:00
Outage Tag,,,failed,False,2026-08-19T13:28:55.054153+09:00
Outage Tally,,,failed,False,2026-08-21T00:25:26.988508+09:00
Outage Tariff,,,failed,False,2026-08-21T02:38:47.806400+09:00
Outage Tax,,,failed,False,2026-08-21T02:08:07.470140+09:00
Outage Ticker,,,failed,False,2026-08-19T12:24:44.570895+09:00
Outage Ticket,,,failed,False,2026-08-19T21:12:35.619378+09:00
Outage Timeline,10.0,1.0,success,False,2026-08-19T21:11:50.782037+09:00
Outage Timer,,,failed,False,2026-08-28T00:24:36.830973+09:00
Outage Toll,,,failed,False,2026-08-21T02:38:43.386978+09:00
Outage Toolbox,,,failed,False,2026-08-28T00:24:41.812871+09:00
Outage Toolkit,,,failed,False,2026-08-18T22:05:30.177500+09:00
Outage Total,,,failed,False,2026-08-27T23:12:54.177935+09:00
Outage Tracker,9900.0,0.0,success,True,2026-08-17T20:39:17.196343+09:00
Outage Trail,,,failed,False,2026-08-17T21:30:50.388708+09:00
Outage Trend,,,failed,False,2026-08-28T01:05:11.238913+09:00
Outage Trial,,,failed,False,2026-08-27T21:15:37.893274+09:00
Outage Unit,,,failed,False,2026-08-21T01:51:43.156382+09:00
Outage Update,6600.0,1.0,success,False,2026-08-19T20:42:39.884460+09:00
Outage Value,,,failed,False,2026-08-23T02:53:52.134740+09:00
Outage Vault,,,failed,False,2026-08-18T07:52:03.741881+09:00
Outage Version,,,failed,False,2026-08-23T03:17:25.053866+09:00
Outage View,10.0,0.0,success,False,2026-08-19T20:42:09.827682+09:00
Outage Voucher,,,failed,False,2026-08-21T00:24:59.301324+09:00
Outage Watch,30.0,1.0,success,False,2026-08-17T21:33:37.652467+09:00
Outage Wave,,,failed,False,2026-08-17T20:46:46.837602+09:00
Outage Widget,,,failed,False,2026-08-27T23:12:56.649660+09:00
Outage Workbench,,,failed,False,2026-08-18T22:05:19.741515+09:00
Outage Workshop,,,failed,False,2026-08-28T00:24:39.235749+09:00
Outage Zone,,,failed,False,2026-08-18T07:43:33.708043+09:00
Outreach Advisory,,,failed,False,2026-08-21T01:05:29.532542+09:00
Outreach Allowance,,,failed,False,2026-08-21T02:45:44.220380+09:00
Outreach Almanac,,,failed,False,2026-08-18T22:03:55.697842+09:00
Outreach Analyzer,,,failed,False,2026-08-27T23:58:52.704840+09:00
Outreach Anchor,,,failed,False,2026-08-17T20:36:18.497930+09:00
Outreach Announcement,10.0,0.0,success,False,2026-08-27T23:36:29.882311+09:00
Outreach Assistant,140.0,2.0,success,False,2026-08-17T23:29:07.663083+09:00
Outreach Atlas,,,failed,False,2026-08-17T21:36:10.133574+09:00
Outreach Attribute,,,failed,False,2026-08-23T13:06:07.907385+09:00
Outreach Badge,,,failed,False,2026-08-21T00:30:51.297861+09:00
Outreach Base,,,failed,False,2026-08-17T21:32:28.090728+09:00
Outreach Beacon,,,failed,False,2026-08-17T20:40:03.112671+09:00
Outreach Bill,,,failed,False,2026-08-19T21:48:17.560358+09:00
Outreach Blueprint,,,failed,False,2026-08-18T22:03:46.428497+09:00
Outreach Board,10.0,0.0,success,False,2026-08-17T20:47:50.375793+09:00
Outreach Book,40.0,52.0,success,False,2026-08-19T21:49:23.695269+09:00
Outreach Bridge,,,failed,False,2026-08-17T20:37:18.091212+09:00
Outreach Brief,,,failed,False,2026-08-21T01:05:22.302548+09:00
Outreach Bulletin,20.0,49.0,success,False,2026-08-21T01:05:08.043022+09:00
Outreach Calendar,110.0,16.0,success,False,2026-08-19T00:01:28.091265+09:00
Outreach Card,20.0,46.0,success,False,2026-08-19T13:28:03.494645+09:00
Outreach Cascade,,,failed,False,2026-08-17T20:38:13.537846+09:00
Outreach Cash,,,failed,False,2026-08-21T02:30:08.779542+09:00
Outreach Cashback,,,failed,False,2026-08-27T21:17:18.938086+09:00
Outreach Category,,,failed,False,2026-08-23T13:06:05.538611+09:00
Outreach Center,1300.0,1.0,success,False,2026-08-17T20:42:01.579820+09:00
Outreach Chain,,,failed,False,2026-08-18T07:52:10.902319+09:00
Outreach Charge,,,failed,False,2026-08-21T02:45:36.117852+09:00
Outreach Check,,,failed,False,2026-08-19T13:28:19.124767+09:00
Outreach Checker,,,failed,False,2026-08-27T23:58:48.183628+09:00
Outreach Circular,,,failed,False,2026-08-21T01:05:26.897512+09:00
Outreach Cockpit,,,failed,False,2026-08-17T23:04:07.422993+09:00
Outreach Code,,,failed,False,2026-08-19T21:48:48.534569+09:00
Outreach Codex,,,failed,False,2026-08-18T22:04:18.397619+09:00
Outreach Companion,,,failed,False,2026-08-17T23:30:28.172183+09:00
Outreach Comparison,,,failed,False,2026-08-28T01:09:06.544338+09:00
Outreach Compass,,,failed,False,2026-08-17T20:40:49.686418+09:00
Outreach Compendium,,,failed,False,2026-08-18T22:04:07.158721+09:00
Outreach Confirmation,,,failed,False,2026-08-21T01:05:43.113119+09:00
Outreach Console,,,failed,False,2026-08-17T20:39:33.830984+09:00
Outreach Contribution,,,failed,False,2026-08-23T16:14:37.846068+09:00
Outreach Converter,,,failed,False,2026-08-27T23:36:29.882311+09:00
Outreach Core,,,failed,False,2026-08-17T21:31:17.550614+09:00
Outreach Cost,50.0,47.0,success,False,2026-08-21T02:13:34.693364+09:00
Outreach Count,,,failed,False,2026-08-27T22:49:57.314209+09:00
Outreach Counter,,,failed,False,2026-08-19T00:02:12.644181+09:00
Outreach Coupon,90.0,22.0,success,False,2026-08-27T21:17:14.401522+09:00
Outreach Dashboard,170.0,9.0,success,False,2026-08-17T23:30:14.406427+09:00
Outreach Deal,10.0,54.0,success,False,2026-08-21T01:57:40.883576+09:00
Outreach Debt,,,failed,False,2026-08-21T02:30:00.318623+09:00
Outreach Deck,,,failed,False,2026-08-17T20:46:27.690682+09:00
Outreach Depot,320.0,1.0,success,False,2026-08-19T00:01:57.884072+09:00
Outreach Desk,140.0,3.0,success,False,2026-08-17T20:44:11.907751+09:00
Outreach Detail,,,failed,False,2026-08-23T03:16:19.788711+09:00
Outreach Detector,,,failed,False,2026-08-27T23:58:52.704840+09:00
Outreach Diagram,,,failed,False,2026-08-27T22:12:43.537947+09:00
Outreach Dial,,,failed,False,2026-08-17T20:37:49.257868+09:00
Outreach Digest,,,failed,False,2026-08-19T20:46:30.162701+09:00
Outreach Directory,,,failed,False,2026-08-19T00:01:35.413805+09:00
Outreach Dock,,,failed,False,2026-08-17T20:34:02.071546+09:00
Outreach Dossier,,,failed,False,2026-08-21T01:05:46.512536+09:00
Outreach Downpayment,,,failed,False,2026-08-27T21:48:25.630641+09:00
Outreach Draft,,,failed,False,2026-08-19T20:46:42.465530+09:00
Outreach Duty,,,failed,False,2026-08-21T02:45:38.713397+09:00
Outreach Endowment,,,failed,False,2026-08-23T15:51:47.066948+09:00
Outreach Engine,50.0,47.0,success,False,2026-08-17T23:13:20.544847+09:00
Outreach Entry,,,failed,False,2026-08-21T01:06:05.335895+09:00
Outreach Estimate,,,failed,False,2026-08-19T21:32:36.347329+09:00
Outreach Estimator,,,failed,False,2026-08-27T23:58:45.722079+09:00
Outreach Excerpt,,,failed,False,2026-08-21T01:06:02.674001+09:00
Outreach Fare,,,failed,False,2026-08-21T02:13:43.743607+09:00
Outreach Fee,,,failed,False,2026-08-21T01:57:21.062358+09:00
Outreach Feed,,,failed,False,2026-08-19T20:46:33.393422+09:00
Outreach Field,,,failed,False,2026-08-23T13:06:10.168774+09:00
Outreach File,,,failed,False,2026-08-19T20:46:08.912085+09:00
Outreach Finder,40.0,6.0,success,False,2026-08-19T00:01:49.817235+09:00
Outreach Flag,,,failed,False,2026-08-21T00:31:36.211701+09:00
Outreach Flow,110.0,28.0,success,False,2026-08-17T20:47:07.356899+09:00
Outreach Forge,,,failed,False,2026-08-17T20:39:11.470645+09:00
Outreach Form,140.0,1.0,success,False,2026-08-19T13:27:56.460670+09:00
Outreach Format,,,failed,False,2026-08-23T13:06:13.755843+09:00
Outreach Frame,,,failed,False,2026-08-17T21:33:30.231055+09:00
Outreach Fund,590.0,1.0,success,False,2026-08-21T02:30:05.549953+09:00
Outreach Gate,,,failed,False,2026-08-17T21:38:18.723173+09:00
Outreach Generator,,,failed,False,2026-08-27T23:36:29.882311+09:00
Outreach Giveaway,,,failed,False,2026-08-27T21:17:23.968001+09:00
Outreach Grade,,,failed,False,2026-08-21T00:31:14.600161+09:00
Outreach Graph,,,failed,False,2026-08-27T22:12:29.300608+09:00
Outreach Grid,40.0,0.0,success,False,2026-08-18T07:52:56.677266+09:00
Outreach Guard,,,failed,False,2026-08-17T21:31:52.108049+09:00
Outreach Guidebook,,,failed,False,2026-08-18T22:03:11.971226+09:00
Outreach Helper,,,failed,False,2026-08-28T00:27:27.697084+09:00
Outreach History,,,failed,False,2026-08-19T20:46:04.507912+09:00
Outreach Hub,50.0,2.0,success,False,2026-08-17T20:45:58.318950+09:00
Outreach Identifier,,,failed,False,2026-08-23T13:06:02.918045+09:00
Outreach Incentive,,,failed,False,2026-08-27T21:17:21.350185+09:00
Outreach Index,,,failed,False,2026-08-19T21:32:32.734528+09:00
Outreach Insight,,,failed,False,2026-08-17T23:09:46.743330+09:00
Outreach Item,,,failed,False,2026-08-21T01:57:25.896991+09:00
Outreach Journal,10.0,0.0,success,False,2026-08-18T22:02:52.692456+09:00
Outreach Keeper,,,failed,False,2026-08-17T21:34:01.777052+09:00
Outreach Kit,20.0,11.0,success,False,2026-08-27T22:49:51.876514+09:00
Outreach Lab,480.0,2.0,success,False,2026-08-17T20:44:32.138425+09:00
Outreach Label,,,failed,False,2026-08-27T22:12:34.170808+09:00
Outreach Ledger,,,failed,False,2026-08-17T21:30:10.122952+09:00
Outreach Lens,,,failed,False,2026-08-17T21:34:31.783933+09:00
Outreach Level,,,failed,False,2026-08-19T20:46:13.766068+09:00
Outreach Link,140.0,3.0,success,False,2026-08-23T03:16:07.985751+09:00
Outreach List,90.0,11.0,success,False,2026-08-19T21:49:01.029648+09:00
Outreach Loan,,,failed,False,2026-08-21T02:13:51.922112+09:00
Outreach Locator,,,failed,False,2026-08-19T00:01:40.731758+09:00
Outreach Lock,,,failed,False,2026-08-17T21:36:38.708092+09:00
Outreach Log,30.0,1.0,success,False,2026-08-19T13:27:45.503275+09:00
Outreach Loop,,,failed,False,2026-08-17T20:32:26.534581+09:00
Outreach Manager,480.0,1.0,success,False,2026-08-17T21:33:04.357190+09:00
Outreach Manual,10.0,4.0,success,False,2026-08-27T22:12:40.822062+09:00
Outreach Map,20.0,1.0,success,False,2026-08-17T21:35:38.144027+09:00
Outreach Memo,,,failed,False,2026-08-21T00:31:22.902026+09:00
Outreach Message,170.0,4.0,success,False,2026-08-27T23:15:30.690091+09:00
Outreach Meter,,,failed,False,2026-08-17T20:36:52.122948+09:00
Outreach Metrics,20.0,6.0,success,False,2026-08-17T23:30:01.630713+09:00
Outreach Monitor,,,failed,False,2026-08-17T23:29:41.239949+09:00
Outreach Navigator,20.0,0.0,success,False,2026-08-17T23:11:21.548397+09:00
Outreach Nexus,,,failed,False,2026-08-17T21:37:08.932405+09:00
Outreach Node,,,failed,False,2026-08-17T21:40:01.418165+09:00
Outreach Note,,,failed,False,2026-08-19T13:28:43.746659+09:00
Outreach Notification,,,failed,False,2026-08-27T22:49:51.876514+09:00
Outreach Number,90.0,2.0,success,False,2026-08-23T03:15:59.188624+09:00
Outreach Office,110.0,1.0,success,False,2026-08-19T00:02:06.599822+09:00
Outreach Ops,10.0,2.0,success,False,2026-08-17T23:30:43.619577+09:00
Outreach Order,,,failed,False,2026-08-19T21:48:04.651670+09:00
Outreach Organizer,10.0,0.0,success,False,2026-08-17T23:14:57.452489+09:00
Outreach Outline,,,failed,False,2026-08-27T22:29:10.054268+09:00
Outreach Overage,,,failed,False,2026-08-27T21:48:23.216174+09:00
Outreach Overdue,,,failed,False,2026-08-27T21:48:18.349819+09:00
Outreach Panel,,,failed,False,2026-08-17T20:38:37.912313+09:00
Outreach Pass,,,failed,False,2026-08-21T00:30:39.454023+09:00
Outreach Path,,,failed,False,2026-08-17T21:39:09.779186+09:00
Outreach Payoff,,,failed,False,2026-08-27T21:48:20.717175+09:00
Outreach Petition,,,failed,False,2026-08-21T01:05:39.127217+09:00
Outreach Pilot,40.0,42.0,success,False,2026-08-17T20:45:12.889782+09:00
Outreach Plan,260.0,2.0,success,False,2026-08-21T01:57:38.284860+09:00
Outreach Planner,,,failed,False,2026-08-17T23:08:02.086738+09:00
Outreach Playbook,20.0,19.0,success,False,2026-08-18T22:02:42.227147+09:00
Outreach Point,,,failed,False,2026-08-17T21:37:46.877382+09:00
Outreach Portal,720.0,0.0,success,False,2026-08-17T20:40:27.760312+09:00
Outreach Preview,,,failed,False,2026-08-28T01:09:06.544338+09:00
Outreach Profile,,,failed,False,2026-08-19T13:29:00.478751+09:00
Outreach Profit,,,failed,False,2026-08-23T02:52:39.945062+09:00
Outreach Proposal,30.0,0.0,success,False,2026-08-28T01:09:06.544338+09:00
Outreach Pulse,,,failed,False,2026-08-18T07:53:06.257546+09:00
Outreach Quota,,,failed,False,2026-08-21T00:31:30.142352+09:00
Outreach Radar,,,failed,False,2026-08-17T20:43:16.751377+09:00
Outreach Rail,,,failed,False,2026-08-17T20:32:58.642411+09:00
Outreach Rank,,,failed,False,2026-08-28T00:49:05.838031+09:00
Outreach Rate,,,failed,False,2026-08-19T20:46:20.200545+09:00
Outreach Recap,,,failed,False,2026-08-21T01:05:55.165491+09:00
Outreach Receipt,,,failed,False,2026-08-19T21:48:34.329578+09:00
Outreach Recorder,,,failed,False,2026-08-27T23:36:33.321869+09:00
Outreach Register,10.0,19.0,success,False,2026-08-17T23:05:57.160852+09:00
Outreach Registry,,,failed,False,2026-08-18T22:03:23.896977+09:00
Outreach Relay,,,failed,False,2026-08-17T20:42:21.345142+09:00
Outreach Reminder,,,failed,False,2026-08-19T21:32:28.691012+09:00
Outreach Report,70.0,13.0,success,False,2026-08-19T13:27:35.770715+09:00
Outreach Result,,,failed,False,2026-08-28T00:49:05.838031+09:00
Outreach Roadmap,,,failed,False,2026-08-18T22:04:29.881802+09:00
Outreach Roster,,,failed,False,2026-08-19T00:37:30.886042+09:00
Outreach Route,,,failed,False,2026-08-17T20:34:53.035348+09:00
Outreach Rule,,,failed,False,2026-08-23T03:16:13.014331+09:00
Outreach Sale,,,failed,False,2026-08-21T02:30:12.359355+09:00
Outreach Sample,,,failed,False,2026-08-19T21:49:45.321625+09:00
Outreach Scale,,,failed,False,2026-08-17T20:35:51.368204+09:00
Outreach Scanner,,,failed,False,2026-08-27T23:58:48.183628+09:00
Outreach Scheduler,,,failed,False,2026-08-17T23:29:25.330773+09:00
Outreach Scope,,,failed,False,2026-08-17T20:33:33.696511+09:00
Outreach Score,,,failed,False,2026-08-19T13:28:33.821561+09:00
Outreach Sentry,,,failed,False,2026-08-17T21:35:06.399475+09:00
Outreach Sheet,30.0,4.0,success,False,2026-08-19T13:28:10.656877+09:00
Outreach Shortfall,,,failed,False,2026-08-27T21:48:28.268054+09:00
Outreach Signal,,,failed,False,2026-08-17T20:35:20.751202+09:00
Outreach Slip,,,failed,False,2026-08-19T21:49:35.357194+09:00
Outreach Slot,,,failed,False,2026-08-19T21:49:58.938963+09:00
Outreach Snapshot,,,failed,False,2026-08-18T22:03:00.985111+09:00
Outreach Stage,,,failed,False,2026-08-28T00:49:02.800291+09:00
Outreach Stake,,,failed,False,2026-08-23T02:52:46.674301+09:00
Outreach Statement,10.0,0.0,success,False,2026-08-21T00:31:05.602481+09:00
Outreach Station,10.0,0.0,success,False,2026-08-17T20:43:46.830313+09:00
Outreach Status,390.0,1.0,success,False,2026-08-19T20:45:53.854460+09:00
Outreach Stipend,,,failed,False,2026-08-23T13:46:52.749544+09:00
Outreach Streak,,,failed,False,2026-08-28T00:49:05.838031+09:00
Outreach Stub,,,failed,False,2026-08-21T00:30:57.917323+09:00
Outreach Studio,70.0,4.0,success,False,2026-08-17T20:45:34.633599+09:00
Outreach Subsidy,,,failed,False,2026-08-23T15:51:44.971205+09:00
Outreach Suite,10.0,55.0,success,False,2026-08-17T23:28:48.980231+09:00
Outreach Sum,,,failed,False,2026-08-21T02:29:53.730886+09:00
Outreach Summary,,,failed,False,2026-08-19T21:32:17.835679+09:00
Outreach Sync,,,failed,False,2026-08-17T20:48:26.612997+09:00
Outreach Tab,,,failed,False,2026-08-21T00:31:43.518986+09:00
Outreach Table,90.0,9.0,success,False,2026-08-19T21:49:11.434209+09:00
Outreach Tag,,,failed,False,2026-08-19T13:28:52.256085+09:00
Outreach Tally,,,failed,False,2026-08-21T00:31:09.970083+09:00
Outreach Tariff,,,failed,False,2026-08-21T02:36:33.361411+09:00
Outreach Tax,,,failed,False,2026-08-21T02:13:47.898953+09:00
Outreach Ticket,,,failed,False,2026-08-19T21:32:34.534523+09:00
Outreach Timeline,10.0,0.0,success,False,2026-08-19T21:32:26.609245+09:00
Outreach Toll,,,failed,False,2026-08-21T02:45:41.299406+09:00
Outreach Toolbox,,,failed,False,2026-08-28T00:27:23.571229+09:00
Outreach Toolkit,20.0,7.0,success,False,2026-08-18T22:02:30.753417+09:00
Outreach Total,,,failed,False,2026-08-27T23:15:33.369822+09:00
Outreach Tracker,320.0,22.0,success,False,2026-08-17T21:30:43.453478+09:00
Outreach Trail,,,failed,False,2026-08-17T20:31:52.293572+09:00
Outreach Trend,,,failed,False,2026-08-28T01:09:03.847299+09:00
Outreach Trial,20.0,24.0,success,False,2026-08-27T21:17:21.350185+09:00
Outreach Unit,10.0,0.0,success,False,2026-08-21T01:57:30.255883+09:00
Outreach Update,10.0,10.0,success,False,2026-08-19T20:46:24.803660+09:00
Outreach Value,,,failed,False,2026-08-23T02:52:43.639669+09:00
Outreach Vault,,,failed,False,2026-08-17T20:41:38.152103+09:00
Outreach Version,,,failed,False,2026-08-23T03:16:04.926690+09:00
Outreach View,,,failed,False,2026-08-19T20:46:00.045081+09:00
Outreach Voucher,,,failed,False,2026-08-21T00:30:46.553076+09:00
Outreach Watch,,,failed,False,2026-08-17T20:34:29.454165+09:00
Outreach Wave,,,failed,False,2026-08-17T21:41:16.664514+09:00
Outreach Widget,,,failed,False,2026-08-27T23:15:36.970228+09:00
Outreach Workbench,,,failed,False,2026-08-18T23:51:43.636427+09:00
Outreach Worksheet,,,failed,False,2026-08-27T22:12:43.537947+09:00
Outreach Workshop,30.0,0.0,success,False,2026-08-28T00:27:21.214223+09:00
Outreach Zone,,,failed,False,2026-08-17T20:41:11.362619+09:00
Overnight Advance,10.0,0.0,success,False,2026-08-23T16:17:12.971292+09:00
Overnight Advisory,,,failed,False,2026-08-21T01:07:56.327187+09:00
Overnight Allowance,210.0,0.0,success,False,2026-08-21T02:38:00.530165+09:00
Overnight Arrears,,,failed,False,2026-08-23T16:17:10.658953+09:00
Overnight Assistant,,,failed,False,2026-08-19T00:37:04.451901+09:00
Overnight Atlas,,,failed,False,2026-08-19T00:36:52.729176+09:00
Overnight Badge,,,failed,False,2026-08-21T00:32:52.523477+09:00
Overnight Base,10.0,10.0,success,False,2026-08-19T00:38:34.534111+09:00
Overnight Beacon,,,failed,False,2026-08-19T00:38:01.073734+09:00
Overnight Bill,10.0,0.0,success,False,2026-08-19T21:47:43.048701+09:00
Overnight Board,,,failed,False,2026-08-19T00:38:38.551550+09:00
Overnight Book,140.0,33.0,success,False,2026-08-19T21:48:50.657736+09:00
Overnight Bridge,10.0,,success,False,2026-08-19T00:38:08.562035+09:00
Overnight Brief,170.0,98.0,success,False,2026-08-21T01:07:49.697646+09:00
Overnight Bulletin,,,failed,False,2026-08-21T01:07:47.643040+09:00
Overnight Calendar,,,failed,False,2026-08-19T00:37:21.857423+09:00
Overnight Card,70.0,98.0,success,False,2026-08-19T13:32:37.235735+09:00
Overnight Cascade,,,failed,False,2026-08-19T00:38:05.344215+09:00
Overnight Cash,50.0,38.0,success,False,2026-08-21T02:30:51.336298+09:00
Overnight Cashback,,,failed,False,2026-08-27T21:13:56.719259+09:00
Overnight Center,,,failed,False,2026-08-19T00:38:50.428870+09:00
Overnight Chain,,,failed,False,2026-08-19T00:36:42.974778+09:00
Overnight Charge,480.0,0.0,success,False,2026-08-21T02:37:45.273746+09:00
Overnight Check,590.0,98.0,success,False,2026-08-19T13:32:49.484496+09:00
Overnight Circular,,,failed,False,2026-08-21T01:07:54.087465+09:00
Overnight Code,30.0,5.0,success,False,2026-08-19T21:48:11.031110+09:00
Overnight Companion,30.0,42.0,success,False,2026-08-19T00:37:10.693574+09:00
Overnight Comparison,,,failed,False,2026-08-28T01:07:41.597003+09:00
Overnight Compass,,,failed,False,2026-08-19T00:37:59.032888+09:00
Overnight Confirmation,,,failed,False,2026-08-21T01:08:06.645069+09:00
Overnight Console,,,failed,False,2026-08-19T00:38:56.335177+09:00
Overnight Contribution,,,failed,False,2026-08-23T16:17:10.658953+09:00
Overnight Copayment,,,failed,False,2026-08-23T16:37:06.410620+09:00
Overnight Core,,,failed,False,2026-08-19T00:38:36.857956+09:00
Overnight Cost,210.0,7.0,success,False,2026-08-21T02:13:39.971656+09:00
Overnight Counter,,,failed,False,2026-08-19T00:37:28.610789+09:00
Overnight Coupon,10.0,4.0,success,False,2026-08-27T21:13:56.719259+09:00
Overnight Deal,110.0,100.0,success,False,2026-08-21T01:57:06.498210+09:00
Overnight Debt,10.0,11.0,success,False,2026-08-21T02:30:41.751111+09:00
Overnight Deck,,,failed,False,2026-08-19T00:38:40.592975+09:00
Overnight Desk,,,failed,False,2026-08-19T00:37:50.207260+09:00
Overnight Detail,,,failed,False,2026-08-23T03:18:44.540602+09:00
Overnight Digest,,,failed,False,2026-08-19T20:49:35.865635+09:00
Overnight Directory,,,failed,False,2026-08-19T00:37:23.570326+09:00
Overnight Discount,,,failed,False,2026-08-23T16:17:04.207592+09:00
Overnight Dossier,,,failed,False,2026-08-21T01:08:07.982267+09:00
Overnight Draft,,,failed,False,2026-08-19T20:37:25.311012+09:00
Overnight Duty,20.0,0.0,success,False,2026-08-21T02:37:53.787359+09:00
Overnight Engine,20.0,0.0,success,False,2026-08-19T00:37:02.474717+09:00
Overnight Entry,,,failed,False,2026-08-21T01:08:23.538465+09:00
Overnight Estimate,,,failed,False,2026-08-19T21:31:35.907614+09:00
Overnight Excerpt,,,failed,False,2026-08-21T01:08:18.401082+09:00
Overnight Fare,,,failed,False,2026-08-21T02:13:47.898953+09:00
Overnight Fee,210.0,4.0,success,False,2026-08-21T01:56:53.826149+09:00
Overnight Feed,,,failed,False,2026-08-19T20:49:39.996845+09:00
Overnight Field,20.0,0.0,success,False,2026-08-23T13:07:26.060181+09:00
Overnight File,,,failed,False,2026-08-19T20:49:12.755513+09:00
Overnight Finder,,,failed,False,2026-08-19T00:37:26.885782+09:00
Overnight Fine,,,failed,False,2026-08-23T02:54:08.933520+09:00
Overnight Flag,,,failed,False,2026-08-21T00:33:28.430853+09:00
Overnight Flow,,,failed,False,2026-08-19T00:37:46.702224+09:00
Overnight Forge,,,failed,False,2026-08-19T00:38:02.838044+09:00
Overnight Form,20.0,0.0,success,False,2026-08-19T13:32:23.096151+09:00
Overnight Format,,,failed,False,2026-08-23T13:07:29.372228+09:00
Overnight Frame,,,failed,False,2026-08-19T00:38:32.004718+09:00
Overnight Fund,2900.0,11.0,success,False,2026-08-21T02:30:47.137745+09:00
Overnight Gate,,,failed,False,2026-08-19T00:36:48.669353+09:00
Overnight Giveaway,,,failed,False,2026-08-27T21:14:09.355453+09:00
Overnight Grade,,,failed,False,2026-08-21T00:33:10.095062+09:00
Overnight Grid,,,failed,False,2026-08-19T00:38:18.682483+09:00
Overnight Guarantee,,,failed,False,2026-08-28T01:07:47.366767+09:00
Overnight Helper,10.0,54.0,success,False,2026-08-28T00:25:56.872854+09:00
Overnight History,,,failed,False,2026-08-19T20:49:06.260858+09:00
Overnight Hub,,,failed,False,2026-08-19T00:37:50.207260+09:00
Overnight Incentive,,,failed,False,2026-08-27T21:14:04.974327+09:00
Overnight Index,1900.0,3.0,success,False,2026-08-19T21:31:19.157381+09:00
Overnight Installment,,,failed,False,2026-08-23T16:17:06.545040+09:00
Overnight Item,,,failed,False,2026-08-21T01:56:56.625625+09:00
Overnight Journal,,,failed,False,2026-08-19T00:37:20.289190+09:00
Overnight Keeper,,,failed,False,2026-08-19T00:36:57.137576+09:00
Overnight Kit,140.0,85.0,success,False,2026-08-27T22:47:20.471641+09:00
Overnight Lab,,,failed,False,2026-08-19T00:38:45.524694+09:00
Overnight Label,260.0,96.0,success,False,2026-08-27T22:08:02.909734+09:00
Overnight Ledger,,,failed,False,2026-08-19T00:38:38.551550+09:00
Overnight Level,,,failed,False,2026-08-19T20:49:19.848949+09:00
Overnight Link,,,failed,False,2026-08-23T03:18:41.681571+09:00
Overnight List,20.0,46.0,success,False,2026-08-19T21:48:22.940977+09:00
Overnight Loan,140.0,51.0,success,False,2026-08-21T02:13:51.922112+09:00
Overnight Log,140.0,47.0,success,False,2026-08-19T13:32:18.631834+09:00
Overnight Loop,,,failed,False,2026-08-19T00:38:18.682483+09:00
Overnight Manager,110.0,3.0,success,False,2026-08-19T00:37:00.689265+09:00
Overnight Manual,,,failed,False,2026-08-27T22:08:06.352004+09:00
Overnight Margin,20.0,3.0,success,False,2026-08-23T02:54:03.941195+09:00
Overnight Markup,,,failed,False,2026-08-23T16:37:06.410620+09:00
Overnight Memo,,,failed,False,2026-08-21T00:33:14.863078+09:00
Overnight Message,,,failed,False,2026-08-27T23:12:46.818245+09:00
Overnight Monitor,10.0,16.0,success,False,2026-08-19T00:37:08.393662+09:00
Overnight Nexus,,,failed,False,2026-08-19T00:36:50.417664+09:00
Overnight Note,,,failed,False,2026-08-19T13:33:05.427843+09:00
Overnight Notification,,,failed,False,2026-08-27T22:47:10.971037+09:00
Overnight Number,10.0,3.0,success,False,2026-08-23T03:18:33.193002+09:00
Overnight Office,260.0,4.0,success,False,2026-08-19T00:37:26.885782+09:00
Overnight Ops,,,failed,False,2026-08-19T00:37:15.495159+09:00
Overnight Order,50.0,21.0,success,False,2026-08-19T21:47:30.295909+09:00
Overnight Overdue,,,failed,False,2026-08-27T21:46:13.321425+09:00
Overnight Pass,110.0,0.0,success,False,2026-08-21T00:32:40.998784+09:00
Overnight Path,,,failed,False,2026-08-19T00:38:24.169663+09:00
Overnight Penalty,,,failed,False,2026-08-23T16:37:06.410620+09:00
Overnight Petition,,,failed,False,2026-08-21T01:08:00.929637+09:00
Overnight Plan,,,failed,False,2026-08-21T01:57:03.804845+09:00
Overnight Planner,,,failed,False,2026-08-19T00:37:06.709542+09:00
Overnight Playbook,,,failed,False,2026-08-19T00:37:17.107740+09:00
Overnight Point,,,failed,False,2026-08-19T00:38:27.005898+09:00
Overnight Portal,,,failed,False,2026-08-19T00:38:54.065235+09:00
Overnight Preview,,,failed,False,2026-08-28T01:07:44.108969+09:00
Overnight Profile,,,failed,False,2026-08-19T13:33:39.488989+09:00
Overnight Profit,10.0,,success,False,2026-08-23T02:53:54.584586+09:00
Overnight Proposal,,,failed,False,2026-08-28T01:07:44.108969+09:00
Overnight Quota,,,failed,False,2026-08-21T00:33:20.736767+09:00
Overnight Radar,40.0,2.0,success,False,2026-08-19T00:37:53.742610+09:00
Overnight Rail,10.0,4.0,success,False,2026-08-19T00:36:38.202359+09:00
Overnight Rate,1900.0,0.0,success,True,2026-08-19T20:49:23.220357+09:00
Overnight Recap,,,failed,False,2026-08-21T01:08:12.622841+09:00
Overnight Receipt,,,failed,False,2026-08-19T21:47:55.928943+09:00
Overnight Redemption,,,failed,False,2026-08-23T16:37:08.695688+09:00
Overnight Register,,,failed,False,2026-08-19T00:37:13.789014+09:00
Overnight Relay,10.0,0.0,success,False,2026-08-19T00:37:55.750406+09:00
Overnight Reminder,,,failed,False,2026-08-19T21:31:12.885816+09:00
Overnight Report,10.0,2.0,success,False,2026-08-19T13:32:07.571238+09:00
Overnight Repository,,,failed,False,2026-08-27T23:13:00.467969+09:00
Overnight Ring,,,failed,False,2026-08-19T00:36:46.213084+09:00
Overnight Roster,,,failed,False,2026-08-19T00:37:44.150276+09:00
Overnight Route,,,failed,False,2026-08-19T00:36:36.073889+09:00
Overnight Rule,,,failed,False,2026-08-23T03:18:44.540602+09:00
Overnight Sale,,,failed,False,2026-08-21T02:30:57.020640+09:00
Overnight Sample,10.0,0.0,success,False,2026-08-19T21:49:16.162945+09:00
Overnight Scale,,,failed,False,2026-08-19T00:39:01.577403+09:00
Overnight Scope,,,failed,False,2026-08-19T00:38:15.765840+09:00
Overnight Score,,,failed,False,2026-08-19T13:32:58.947587+09:00
Overnight Sheet,,,failed,False,2026-08-19T13:32:42.417252+09:00
Overnight Signal,,,failed,False,2026-08-19T00:38:10.697868+09:00
Overnight Signature,,,failed,False,2026-08-23T13:27:51.587934+09:00
Overnight Slip,10.0,1.0,success,False,2026-08-19T21:49:05.079544+09:00
Overnight Slot,,,failed,False,2026-08-19T21:49:26.172736+09:00
Overnight Stake,,,failed,False,2026-08-23T02:53:58.718739+09:00
Overnight Statement,,,failed,False,2026-08-21T00:33:01.322590+09:00
Overnight Station,,,failed,False,2026-08-19T00:38:48.376369+09:00
Overnight Status,10.0,0.0,success,False,2026-08-19T20:48:59.251157+09:00
Overnight Stipend,,,failed,False,2026-08-23T13:48:04.421871+09:00
Overnight Stub,,,failed,False,2026-08-21T00:32:57.061306+09:00
Overnight Studio,170.0,1.0,success,False,2026-08-19T00:38:43.028128+09:00
Overnight Sum,,,failed,False,2026-08-21T02:30:37.873895+09:00
Overnight Summary,,,failed,False,2026-08-19T21:30:56.024739+09:00
Overnight Surtax,,,failed,False,2026-08-23T15:52:54.963093+09:00
Overnight Tab,140.0,9.0,success,False,2026-08-21T00:33:34.783519+09:00
Overnight Table,,,failed,False,2026-08-19T21:48:37.941943+09:00
Overnight Tag,,,failed,False,2026-08-19T13:33:22.206561+09:00
Overnight Tally,,,failed,False,2026-08-21T00:33:05.849456+09:00
Overnight Tariff,20.0,81.0,success,False,2026-08-21T02:38:04.709344+09:00
Overnight Tax,30.0,0.0,success,False,2026-08-21T02:13:47.898953+09:00
Overnight Terminal,,,failed,False,2026-08-19T00:38:50.428870+09:00
Overnight Ticket,,,failed,False,2026-08-19T21:31:27.001536+09:00
Overnight Timeline,,,failed,False,2026-08-19T21:31:05.316836+09:00
Overnight Toll,,,failed,False,2026-08-21T02:37:55.962761+09:00
Overnight Toolbox,,,failed,False,2026-08-28T00:25:53.963495+09:00
Overnight Total,,,failed,False,2026-08-27T23:12:50.672441+09:00
Overnight Tracker,140.0,4.0,success,False,2026-08-19T00:37:46.702224+09:00
Overnight Trail,,,failed,False,2026-08-19T00:36:40.628841+09:00
Overnight Trend,,,failed,False,2026-08-28T01:07:38.587205+09:00
Overnight Trial,,,failed,False,2026-08-27T21:14:04.974327+09:00
Overnight Unit,,,failed,False,2026-08-21T01:56:59.891240+09:00
Overnight Update,,,failed,False,2026-08-19T20:49:28.954845+09:00
Overnight Value,,,failed,False,2026-08-23T02:53:56.783780+09:00
Overnight Vault,,,failed,False,2026-08-19T00:37:55.750406+09:00
Overnight Version,,,failed,False,2026-08-23T03:18:36.305827+09:00
Overnight View,,,failed,False,2026-08-19T20:49:01.783681+09:00
Overnight Voucher,30.0,94.0,success,False,2026-08-21T00:32:45.504063+09:00
Overnight Wave,,,failed,False,2026-08-19T00:38:22.287042+09:00
Overnight Widget,,,failed,False,2026-08-27T23:12:54.177935+09:00
Overnight Worksheet,,,failed,False,2026-08-27T22:08:10.673360+09:00
Overnight Zone,,,failed,False,2026-08-19T00:38:52.130938+09:00
Overtime Advance,,,failed,False,2026-08-23T16:16:17.008573+09:00
Overtime Advisory,,,failed,False,2026-08-21T01:05:05.236354+09:00
Overtime Allowance,390.0,0.0,success,False,2026-08-21T02:37:27.000959+09:00
Overtime Analyzer,,,failed,False,2026-08-27T23:53:16.393422+09:00
Overtime Arrears,,,failed,False,2026-08-23T16:16:13.507688+09:00
Overtime Assistant,,,failed,False,2026-08-19T00:01:21.334255+09:00
Overtime Atlas,,,failed,False,2026-08-19T00:00:51.306672+09:00
Overtime Badge,10.0,0.0,success,False,2026-08-21T00:29:47.975164+09:00
Overtime Balance,10.0,0.0,success,False,2026-08-23T13:47:31.255092+09:00
Overtime Base,20.0,0.0,success,False,2026-08-18T23:57:28.259874+09:00
Overtime Beacon,,,failed,False,2026-08-19T00:04:30.591993+09:00
Overtime Bill,480.0,1.0,success,False,2026-08-19T22:06:07.056181+09:00
Overtime Board,10.0,0.0,success,False,2026-08-18T23:57:58.396596+09:00
Overtime Book,170.0,3.0,success,False,2026-08-19T22:06:59.596356+09:00
Overtime Bridge,20.0,0.0,success,False,2026-08-19T00:04:47.180412+09:00
Overtime Brief,,,failed,False,2026-08-21T01:04:53.420072+09:00
Overtime Bulletin,,,failed,False,2026-08-21T01:04:45.668721+09:00
Overtime Calculator,33100.0,1.0,success,False,2026-08-27T23:33:00.078931+09:00
Overtime Calendar,40.0,11.0,success,False,2026-08-19T00:02:36.291033+09:00
Overtime Card,5400.0,4.0,success,False,2026-08-19T13:41:17.239436+09:00
Overtime Cascade,,,failed,False,2026-08-19T00:04:42.603293+09:00
Overtime Cash,720.0,0.0,success,False,2026-08-21T02:30:41.751111+09:00
Overtime Catalog,,,failed,False,2026-08-19T21:20:07.240027+09:00
Overtime Center,,,failed,False,2026-08-18T23:58:52.034754+09:00
Overtime Chain,10.0,0.0,success,False,2026-08-19T00:00:16.279363+09:00
Overtime Charge,110.0,0.0,success,False,2026-08-21T02:37:11.292116+09:00
Overtime Check,30.0,1.0,success,False,2026-08-19T13:41:50.563536+09:00
Overtime Checker,,,failed,False,2026-08-27T23:53:00.851680+09:00
Overtime Checklist,,,failed,False,2026-08-19T21:19:08.211207+09:00
Overtime Circular,40.0,0.0,success,False,2026-08-21T01:05:02.312819+09:00
Overtime Code,70.0,3.0,success,False,2026-08-19T22:06:28.711407+09:00
Overtime Companion,,,failed,False,2026-08-19T00:01:53.326080+09:00
Overtime Comparison,,,failed,False,2026-08-28T01:04:25.098394+09:00
Overtime Compass,,,failed,False,2026-08-19T00:04:23.577898+09:00
Overtime Confirmation,,,failed,False,2026-08-21T01:05:23.608566+09:00
Overtime Console,,,failed,False,2026-08-18T23:59:17.064429+09:00
Overtime Contribution,,,failed,False,2026-08-23T16:16:09.972976+09:00
Overtime Core,,,failed,False,2026-08-18T23:57:37.423450+09:00
Overtime Cost,90.0,1.0,success,False,2026-08-21T02:13:47.898953+09:00
Overtime Count,30.0,5.0,success,False,2026-08-27T22:44:43.447057+09:00
Overtime Counter,30.0,5.0,success,False,2026-08-19T00:03:23.645450+09:00
Overtime Deal,,,failed,False,2026-08-21T01:57:38.284860+09:00
Overtime Debt,,,failed,False,2026-08-21T02:30:30.378357+09:00
Overtime Deck,,,failed,False,2026-08-18T23:58:07.902911+09:00
Overtime Depot,,,failed,False,2026-08-19T00:03:06.405993+09:00
Overtime Desk,10.0,7.0,success,False,2026-08-19T00:03:50.601023+09:00
Overtime Detail,,,failed,False,2026-08-23T03:17:50.653872+09:00
Overtime Detector,,,failed,False,2026-08-27T23:53:12.173263+09:00
Overtime Digest,,,failed,False,2026-08-19T20:43:26.923996+09:00
Overtime Directory,,,failed,False,2026-08-19T00:02:45.246378+09:00
Overtime Dossier,,,failed,False,2026-08-21T01:05:26.897512+09:00
Overtime Downpayment,,,failed,False,2026-08-27T21:50:26.760837+09:00
Overtime Draft,10.0,0.0,success,False,2026-08-19T20:43:41.671766+09:00
Overtime Due,,,failed,False,2026-08-23T15:52:24.692181+09:00
Overtime Duty,140.0,0.0,success,False,2026-08-21T02:37:19.204094+09:00
Overtime Engine,,,failed,False,2026-08-19T00:01:14.805570+09:00
Overtime Entry,,,failed,False,2026-08-21T01:05:38.366293+09:00
Overtime Estimate,,,failed,False,2026-08-19T21:19:54.949155+09:00
Overtime Estimator,10.0,4.0,success,False,2026-08-27T23:52:57.703687+09:00
Overtime Excerpt,,,failed,False,2026-08-21T01:05:39.127217+09:00
Overtime Extension,,,failed,False,2026-08-23T16:40:02.738352+09:00
Overtime Fare,,,failed,False,2026-08-21T02:13:55.363048+09:00
Overtime Fee,90.0,0.0,success,False,2026-08-21T01:57:18.648468+09:00
Overtime Feed,,,failed,False,2026-08-19T20:43:36.722310+09:00
Overtime File,40.0,0.0,success,False,2026-08-19T20:42:59.296448+09:00
Overtime Finder,,,failed,False,2026-08-19T00:03:01.180289+09:00
Overtime Fine,,,failed,False,2026-08-23T02:53:36.421361+09:00
Overtime Flag,20.0,0.0,success,False,2026-08-21T00:30:34.487987+09:00
Overtime Flow,,,failed,False,2026-08-19T00:03:34.698010+09:00
Overtime Forge,,,failed,False,2026-08-19T00:04:38.069566+09:00
Overtime Form,1000.0,12.0,success,False,2026-08-19T13:40:58.883457+09:00
Overtime Frame,,,failed,False,2026-08-18T23:57:18.728861+09:00
Overtime Fund,,,failed,False,2026-08-21T02:30:37.873895+09:00
Overtime Gate,,,failed,False,2026-08-19T00:00:31.381271+09:00
Overtime Grade,,,failed,False,2026-08-21T00:30:14.861916+09:00
Overtime Graph,20.0,0.0,success,False,2026-08-27T22:14:59.305692+09:00
Overtime Grid,,,failed,False,2026-08-19T00:05:18.968119+09:00
Overtime Guarantee,,,failed,False,2026-08-28T01:04:34.359127+09:00
Overtime Guardian,,,failed,False,2026-08-28T00:23:17.850587+09:00
Overtime Helpdesk,,,failed,False,2026-08-27T22:44:46.439478+09:00
Overtime Helper,,,failed,False,2026-08-28T00:23:24.069179+09:00
Overtime History,,,failed,False,2026-08-19T20:42:46.732728+09:00
Overtime Hub,10.0,0.0,success,False,2026-08-19T00:03:43.919454+09:00
Overtime Identifier,,,failed,False,2026-08-23T13:06:56.024749+09:00
Overtime Index,10.0,1.0,success,False,2026-08-19T21:19:21.338240+09:00
Overtime Installment,,,failed,False,2026-08-23T16:16:09.972976+09:00
Overtime Item,,,failed,False,2026-08-21T01:57:25.896991+09:00
Overtime Journal,10.0,0.0,success,False,2026-08-19T00:02:24.547164+09:00
Overtime Keeper,,,failed,False,2026-08-19T00:00:56.933054+09:00
Overtime Lab,,,failed,False,2026-08-18T23:58:25.855676+09:00
Overtime Label,,,failed,False,2026-08-27T22:15:03.740456+09:00
Overtime Ledger,,,failed,False,2026-08-18T23:57:49.004373+09:00
Overtime Level,,,failed,False,2026-08-19T20:43:04.288794+09:00
Overtime Link,,,failed,False,2026-08-23T03:17:39.480043+09:00
Overtime List,50.0,0.0,success,False,2026-08-19T22:06:38.426353+09:00
Overtime Loan,,,failed,False,2026-08-21T02:14:02.511057+09:00
Overtime Locator,,,failed,False,2026-08-19T00:02:51.849711+09:00
Overtime Log,90.0,27.0,success,False,2026-08-19T13:40:47.127510+09:00
Overtime Loop,,,failed,False,2026-08-19T00:05:13.902876+09:00
Overtime Manager,,,failed,False,2026-08-19T00:01:04.506360+09:00
Overtime Manual,,,failed,False,2026-08-27T22:15:06.045574+09:00
Overtime Map,,,failed,False,2026-08-18T23:57:07.963291+09:00
Overtime Markup,,,failed,False,2026-08-23T16:40:00.457844+09:00
Overtime Memo,40.0,0.0,success,False,2026-08-21T00:30:22.823388+09:00
Overtime Monitor,,,failed,False,2026-08-19T00:01:43.287513+09:00
Overtime Nexus,,,failed,False,2026-08-19T00:00:40.903706+09:00
Overtime Note,,,failed,False,2026-08-19T13:42:14.783829+09:00
Overtime Notification,90.0,0.0,success,False,2026-08-27T22:44:35.371350+09:00
Overtime Number,10.0,0.0,success,False,2026-08-23T03:17:31.358374+09:00
Overtime Office,40.0,0.0,success,False,2026-08-19T00:03:12.143780+09:00
Overtime Ops,,,failed,False,2026-08-19T00:02:06.599822+09:00
Overtime Order,10.0,29.0,success,False,2026-08-19T22:05:58.265751+09:00
Overtime Overage,,,failed,False,2026-08-27T21:50:22.560575+09:00
Overtime Overdraft,,,failed,False,2026-08-23T15:52:24.692181+09:00
Overtime Overdue,10.0,0.0,success,False,2026-08-27T21:50:17.905826+09:00
Overtime Panel,,,failed,False,2026-08-18T23:59:27.223478+09:00
Overtime Pass,20.0,0.0,success,False,2026-08-21T00:29:32.816021+09:00
Overtime Path,,,failed,False,2026-08-19T00:05:29.382308+09:00
Overtime Payoff,,,failed,False,2026-08-27T21:50:20.259806+09:00
Overtime Penalty,40.0,0.0,success,False,2026-08-23T16:39:58.056757+09:00
Overtime Petition,,,failed,False,2026-08-21T01:05:09.510273+09:00
Overtime Plan,20.0,1.0,success,False,2026-08-21T01:57:30.255883+09:00
Overtime Planner,,,failed,False,2026-08-19T00:01:30.427864+09:00
Overtime Playbook,,,failed,False,2026-08-19T00:02:15.189621+09:00
Overtime Point,,,failed,False,2026-08-19T00:05:33.402476+09:00
Overtime Portal,140.0,1.0,success,False,2026-08-18T23:59:08.925896+09:00
Overtime Preview,,,failed,False,2026-08-28T01:04:28.102899+09:00
Overtime Profile,,,failed,False,2026-08-19T13:42:37.156031+09:00
Overtime Profit,,,failed,False,2026-08-23T02:53:25.456581+09:00
Overtime Proposal,10.0,0.0,success,False,2026-08-28T01:04:31.429165+09:00
Overtime Queue,,,failed,False,2026-08-19T21:19:44.972350+09:00
Overtime Quota,,,failed,False,2026-08-21T00:30:29.735189+09:00
Overtime Radar,,,failed,False,2026-08-19T00:04:01.106556+09:00
Overtime Rail,,,failed,False,2026-08-18T23:59:57.747609+09:00
Overtime Rate,5400.0,0.0,success,True,2026-08-19T20:43:13.193243+09:00
Overtime Recap,,,failed,False,2026-08-21T01:05:30.928954+09:00
Overtime Receipt,,,failed,False,2026-08-19T22:06:15.067471+09:00
Overtime Recorder,,,failed,False,2026-08-27T23:33:05.663722+09:00
Overtime Register,210.0,2.0,success,False,2026-08-19T00:02:00.292816+09:00
Overtime Registry,,,failed,False,2026-08-19T00:02:30.122335+09:00
Overtime Relay,,,failed,False,2026-08-19T00:04:07.444762+09:00
Overtime Reminder,,,failed,False,2026-08-19T21:18:56.938365+09:00
Overtime Report,140.0,5.0,success,False,2026-08-19T13:40:23.135378+09:00
Overtime Repository,,,failed,False,2026-08-27T23:10:40.131699+09:00
Overtime Ring,,,failed,False,2026-08-19T00:00:25.348270+09:00
Overtime Route,,,failed,False,2026-08-18T23:59:47.446594+09:00
Overtime Rule,2400.0,1.0,success,False,2026-08-23T03:17:44.508741+09:00
Overtime Sale,90.0,100.0,success,False,2026-08-21T02:30:47.137745+09:00
Overtime Sample,10.0,0.0,success,False,2026-08-19T22:07:23.452103+09:00
Overtime Scale,,,failed,False,2026-08-18T23:59:36.900086+09:00
Overtime Scanner,,,failed,False,2026-08-27T23:53:07.557701+09:00
Overtime Scheduler,,,failed,False,2026-08-19T00:01:35.413805+09:00
Overtime Scope,,,failed,False,2026-08-19T00:05:07.956398+09:00
Overtime Score,40.0,0.0,success,False,2026-08-19T13:42:03.157163+09:00
Overtime Sheet,720.0,55.0,success,False,2026-08-19T13:41:43.922175+09:00
Overtime Shortfall,,,failed,False,2026-08-27T21:50:29.028381+09:00
Overtime Signal,,,failed,False,2026-08-19T00:04:56.559247+09:00
Overtime Slip,140.0,13.0,success,False,2026-08-19T22:07:10.998735+09:00
Overtime Slot,10.0,0.0,success,False,2026-08-19T22:07:32.899948+09:00
Overtime Stake,,,failed,False,2026-08-23T02:53:30.954147+09:00
Overtime Statement,30.0,0.0,success,False,2026-08-21T00:30:01.129618+09:00
Overtime Station,,,failed,False,2026-08-18T23:58:35.248777+09:00
Overtime Status,10.0,0.0,success,False,2026-08-19T20:42:32.517249+09:00
Overtime Streak,,,failed,False,2026-08-28T00:47:03.149821+09:00
Overtime Stub,,,failed,False,2026-08-21T00:29:53.018137+09:00
Overtime Studio,320.0,2.0,success,False,2026-08-18T23:58:17.460804+09:00
Overtime Subsidy,,,failed,False,2026-08-23T15:52:26.691302+09:00
Overtime Sum,,,failed,False,2026-08-21T02:30:27.978125+09:00
Overtime Summary,30.0,0.0,success,False,2026-08-19T21:18:30.637363+09:00
Overtime Surtax,,,failed,False,2026-08-23T15:52:28.857053+09:00
Overtime Tab,20.0,0.0,success,False,2026-08-21T00:30:41.620130+09:00
Overtime Table,70.0,0.0,success,False,2026-08-19T22:06:50.618817+09:00
Overtime Tag,,,failed,False,2026-08-19T13:42:25.449993+09:00
Overtime Tally,,,failed,False,2026-08-21T00:30:08.282339+09:00
Overtime Tariff,,,failed,False,2026-08-21T02:37:35.054521+09:00
Overtime Tax,27100.0,2.0,success,False,2026-08-21T02:13:59.319117+09:00
Overtime Terminal,,,failed,False,2026-08-18T23:58:42.867449+09:00
Overtime Ticket,,,failed,False,2026-08-19T21:19:32.635751+09:00
Overtime Timeline,,,failed,False,2026-08-19T21:18:42.622010+09:00
Overtime Timer,,,failed,False,2026-08-28T00:23:14.492376+09:00
Overtime Toll,,,failed,False,2026-08-21T02:37:22.596537+09:00
Overtime Toolbox,,,failed,False,2026-08-28T00:23:21.269207+09:00
Overtime Total,10.0,0.0,success,False,2026-08-27T23:10:34.837044+09:00
Overtime Tracker,720.0,23.0,success,False,2026-08-19T00:03:29.017691+09:00
Overtime Trail,,,failed,False,2026-08-19T00:00:05.096380+09:00
Overtime Trend,10.0,0.0,success,False,2026-08-28T01:04:25.098394+09:00
Overtime Trial,,,failed,False,2026-08-27T21:19:28.438229+09:00
Overtime Unit,,,failed,False,2026-08-21T02:05:54.756908+09:00
Overtime Update,10.0,0.0,success,False,2026-08-19T20:43:19.095275+09:00
Overtime Value,,,failed,False,2026-08-23T02:53:27.977389+09:00
Overtime Vault,10.0,0.0,success,False,2026-08-19T00:04:18.277485+09:00
Overtime Version,,,failed,False,2026-08-23T03:17:34.613762+09:00
Overtime View,,,failed,False,2026-08-19T20:42:37.692999+09:00
Overtime Voucher,20.0,0.0,success,False,2026-08-21T00:29:39.530878+09:00
Overtime Watch,50.0,57.0,success,False,2026-08-19T00:05:01.988375+09:00
Overtime Wave,,,failed,False,2026-08-19T00:05:23.888896+09:00
Overtime Widget,,,failed,False,2026-08-27T23:10:37.523000+09:00
Overtime Worksheet,70.0,0.0,success,False,2026-08-27T22:15:06.045574+09:00
Overtime Zone,,,failed,False,2026-08-18T23:58:59.776089+09:00
Package Advance,,,failed,False,2026-08-23T16:15:17.461758+09:00
Package Advisory,,,failed,False,2026-08-21T01:07:02.843245+09:00
Package Allowance,20.0,0.0,success,False,2026-08-21T02:37:48.956315+09:00
Package Analyzer,30.0,2.0,success,False,2026-08-27T23:59:26.259431+09:00
Package Arrears,,,failed,False,2026-08-23T16:15:12.953510+09:00
Package Assistant,70.0,0.0,success,False,2026-08-19T12:26:37.096559+09:00
Package Atlas,,,failed,False,2026-08-19T12:26:30.202611+09:00
Package Attribute,,,failed,False,2026-08-23T13:06:38.895978+09:00
Package Badge,,,failed,False,2026-08-21T00:32:45.504063+09:00
Package Balance,40.0,0.0,success,False,2026-08-23T13:47:09.314181+09:00
Package Base,260.0,1.0,success,False,2026-08-19T12:25:27.149314+09:00
Package Beacon,,,failed,False,2026-08-19T12:24:09.089995+09:00
Package Bill,880.0,49.0,success,False,2026-08-19T21:51:50.352396+09:00
Package Board,210.0,1.0,success,False,2026-08-19T12:25:38.632283+09:00
Package Book,1900.0,87.0,success,False,2026-08-19T21:52:48.982891+09:00
Package Bridge,,,failed,False,2026-08-19T12:24:37.833597+09:00
Package Brief,210.0,79.0,success,False,2026-08-21T01:06:51.131996+09:00
Package Bulletin,,,failed,False,2026-08-21T01:06:46.678178+09:00
Package Calculator,480.0,5.0,success,False,2026-08-27T23:36:44.866320+09:00
Package Calendar,90.0,27.0,success,False,2026-08-19T12:27:02.281369+09:00
Package Card,110.0,29.0,success,False,2026-08-19T13:31:03.415990+09:00
Package Cascade,,,failed,False,2026-08-19T12:24:32.971008+09:00
Package Cash,10.0,0.0,success,False,2026-08-21T02:21:02.332570+09:00
Package Cashback,,,failed,False,2026-08-27T21:17:53.742550+09:00
Package Catalog,30.0,0.0,success,False,2026-08-19T21:06:42.695560+09:00
Package Category,50.0,0.0,success,False,2026-08-23T13:06:36.915804+09:00
Package Center,1300.0,12.0,success,False,2026-08-19T12:25:50.876922+09:00
Package Chain,,,failed,False,2026-08-19T12:26:17.646351+09:00
Package Charge,390.0,1.0,success,False,2026-08-21T02:37:35.054521+09:00
Package Check,320.0,4.0,success,False,2026-08-19T13:31:24.471816+09:00
Package Checker,320.0,4.0,success,False,2026-08-27T23:59:20.883273+09:00
Package Checklist,10.0,9.0,success,False,2026-08-19T21:05:47.568804+09:00
Package Circular,10.0,0.0,success,False,2026-08-21T01:06:58.606298+09:00
Package Code,590.0,0.0,success,False,2026-08-19T21:52:10.666614+09:00
Package Companion,,,failed,False,2026-08-19T12:26:47.247206+09:00
Package Comparison,320.0,6.0,success,False,2026-08-28T01:02:01.499945+09:00
Package Compass,,,failed,False,2026-08-19T12:24:05.330216+09:00
Package Confirmation,20.0,0.0,success,False,2026-08-21T01:07:11.720033+09:00
Package Console,20.0,0.0,success,False,2026-08-19T12:26:02.355075+09:00
Package Contribution,,,failed,False,2026-08-23T16:15:09.158473+09:00
Package Core,20.0,27.0,success,False,2026-08-19T12:25:27.149314+09:00
Package Cost,320.0,5.0,success,False,2026-08-21T02:14:36.179977+09:00
Package Count,260.0,1.0,success,False,2026-08-27T22:50:35.805109+09:00
Package Counter,260.0,1.0,success,False,2026-08-19T12:27:18.963883+09:00
Package Coupon,50.0,0.0,success,False,2026-08-27T21:17:51.217476+09:00
Package Deal,9900.0,21.0,success,False,2026-08-21T01:58:50.893233+09:00
Package Debt,,,failed,False,2026-08-21T02:20:53.673511+09:00
Package Deck,,,failed,False,2026-08-19T12:25:38.632283+09:00
Package Desk,,,failed,False,2026-08-19T12:23:48.028309+09:00
Package Detail,720.0,1.0,success,False,2026-08-23T03:17:34.613762+09:00
Package Digest,20.0,8.0,success,False,2026-08-19T20:48:06.706582+09:00
Package Directory,30.0,0.0,success,False,2026-08-19T12:27:05.323167+09:00
Package Discount,70.0,3.0,success,False,2026-08-23T16:15:06.058154+09:00
Package Dossier,,,failed,False,2026-08-21T01:07:17.420617+09:00
Package Downpayment,,,failed,False,2026-08-27T21:49:08.437850+09:00
Package Draft,,,failed,False,2026-08-19T20:48:23.205403+09:00
Package Due,,,failed,False,2026-08-23T15:52:04.916947+09:00
Package Duty,30.0,0.0,success,False,2026-08-21T02:37:42.077569+09:00
Package Engine,110.0,7.0,success,False,2026-08-19T12:26:37.096559+09:00
Package Entry,,,failed,False,2026-08-21T01:07:31.229292+09:00
Package Estimate,110.0,29.0,success,False,2026-08-19T21:06:33.819352+09:00
Package Estimator,480.0,5.0,success,False,2026-08-27T23:59:20.883273+09:00
Package Excerpt,,,failed,False,2026-08-21T01:07:26.518810+09:00
Package Extension,260.0,19.0,success,False,2026-08-23T16:39:30.994856+09:00
Package Fare,,,failed,False,2026-08-21T02:14:45.406179+09:00
Package Fee,390.0,1.0,success,False,2026-08-21T01:58:35.810953+09:00
Package Feed,90.0,0.0,success,False,2026-08-19T20:48:17.948513+09:00
Package Field,,,failed,False,2026-08-23T13:06:41.923671+09:00
Package File,5400.0,0.0,success,True,2026-08-19T20:47:39.914949+09:00
Package Finder,480.0,17.0,success,False,2026-08-19T12:27:08.334680+09:00
Package Fine,,,failed,False,2026-08-23T02:53:36.421361+09:00
Package Flag,50.0,42.0,success,False,2026-08-21T00:33:20.736767+09:00
Package Flow,20.0,0.0,success,False,2026-08-19T12:23:36.492658+09:00
Package Forge,20.0,0.0,success,False,2026-08-19T12:24:09.089995+09:00
Package Form,90.0,0.0,success,False,2026-08-19T13:30:54.229704+09:00
Package Format,260.0,0.0,success,False,2026-08-23T13:06:44.617990+09:00
Package Frame,30.0,3.0,success,False,2026-08-19T12:25:21.965141+09:00
Package Fund,,,failed,False,2026-08-21T02:20:57.219379+09:00
Package Gate,,,failed,False,2026-08-19T12:26:22.946559+09:00
Package Generator,210.0,68.0,success,False,2026-08-27T23:36:50.925534+09:00
Package Giveaway,10.0,77.0,success,False,2026-08-27T21:17:59.409089+09:00
Package Grade,,,failed,False,2026-08-21T00:33:03.712506+09:00
Package Graph,10.0,0.0,success,False,2026-08-27T22:13:24.343596+09:00
Package Grid,30.0,4.0,success,False,2026-08-19T12:24:52.766988+09:00
Package Guarantee,,,failed,False,2026-08-28T01:02:04.540661+09:00
Package Helpdesk,10.0,,success,False,2026-08-27T22:50:39.556744+09:00
Package Helper,50.0,15.0,success,False,2026-08-28T00:20:59.096636+09:00
Package History,90.0,1.0,success,False,2026-08-19T20:47:33.785997+09:00
Package Hotline,,,failed,False,2026-08-19T21:06:51.339410+09:00
Package Hub,720.0,6.0,success,False,2026-08-19T12:23:40.274403+09:00
Package Identifier,880.0,5.0,success,False,2026-08-23T13:06:33.832553+09:00
Package Incentive,,,failed,False,2026-08-27T21:17:56.289470+09:00
Package Index,140.0,0.0,success,False,2026-08-19T21:06:00.178861+09:00
Package Installment,,,failed,False,2026-08-23T16:15:09.158473+09:00
Package Item,590.0,20.0,success,False,2026-08-21T01:58:38.358988+09:00
Package Journal,,,failed,False,2026-08-19T12:26:57.441352+09:00
Package Keeper,10.0,63.0,success,False,2026-08-19T12:26:30.202611+09:00
Package Lab,170.0,48.0,success,False,2026-08-19T12:25:46.286307+09:00
Package Label,5400.0,83.0,success,False,2026-08-27T22:13:24.343596+09:00
Package Layout,170.0,8.0,success,False,2026-08-27T22:29:20.594574+09:00
Package Ledger,10.0,0.0,success,False,2026-08-19T12:25:34.182508+09:00
Package Level,70.0,0.0,success,False,2026-08-19T20:47:48.078194+09:00
Package Link,480.0,31.0,success,False,2026-08-23T03:17:28.989211+09:00
Package List,1000.0,0.0,success,True,2026-08-19T21:52:24.100892+09:00
Package Loan,170.0,7.0,success,False,2026-08-21T02:14:55.250493+09:00
Package Locator,320.0,16.0,success,False,2026-08-19T12:27:08.334680+09:00
Package Log,140.0,0.0,success,False,2026-08-19T13:30:48.441659+09:00
Package Loop,,,failed,False,2026-08-19T12:24:48.425289+09:00
Package Manager,5400.0,0.0,success,True,2026-08-19T12:26:33.810025+09:00
Package Map,590.0,6.0,success,False,2026-08-19T12:25:21.965141+09:00
Package Marker,170.0,16.0,success,False,2026-08-23T13:27:36.728702+09:00
Package Markup,,,failed,False,2026-08-23T16:39:28.081272+09:00
Package Memo,,,failed,False,2026-08-21T00:33:08.035106+09:00
Package Message,260.0,0.0,success,False,2026-08-27T23:16:01.473407+09:00
Package Monitor,110.0,9.0,success,False,2026-08-19T12:26:44.704983+09:00
Package Nexus,170.0,5.0,success,False,2026-08-19T12:26:26.109725+09:00
Package Note,1900.0,0.0,success,True,2026-08-19T13:31:47.223941+09:00
Package Notification,110.0,1.0,success,False,2026-08-27T22:50:28.774616+09:00
Package Number,590.0,3.0,success,False,2026-08-23T03:17:17.631472+09:00
Package Office,140.0,27.0,success,False,2026-08-19T12:27:13.663496+09:00
Package Ops,,,failed,False,2026-08-19T12:26:50.558135+09:00
Package Order,260.0,5.0,success,False,2026-08-19T21:51:34.255432+09:00
Package Overage,,,failed,False,2026-08-27T21:49:06.270483+09:00
Package Overdraft,,,failed,False,2026-08-23T15:52:04.916947+09:00
Package Overdue,,,failed,False,2026-08-27T21:49:01.717649+09:00
Package Panel,20.0,55.0,success,False,2026-08-19T12:26:02.355075+09:00
Package Pass,20.0,0.0,success,False,2026-08-21T00:32:31.934653+09:00
Package Path,110.0,0.0,success,False,2026-08-19T12:24:58.043642+09:00
Package Payoff,,,failed,False,2026-08-27T21:49:04.119579+09:00
Package Penalty,,,failed,False,2026-08-23T16:39:25.527330+09:00
Package Petition,,,failed,False,2026-08-21T01:07:07.368570+09:00
Package Plan,320.0,6.0,success,False,2026-08-21T01:58:44.645317+09:00
Package Planner,320.0,6.0,success,False,2026-08-19T12:26:41.238307+09:00
Package Playbook,,,failed,False,2026-08-19T12:26:55.574795+09:00
Package Point,720.0,2.0,success,False,2026-08-19T12:25:02.021725+09:00
Package Portal,140.0,0.0,success,False,2026-08-19T12:25:57.716794+09:00
Package Preview,,,failed,False,2026-08-28T01:02:01.499945+09:00
Package Profile,,,failed,False,2026-08-19T13:32:04.589089+09:00
Package Profit,,,failed,False,2026-08-23T02:53:27.977389+09:00
Package Proposal,1300.0,58.0,success,False,2026-08-28T01:02:04.540661+09:00
Package Queue,10.0,0.0,success,False,2026-08-19T21:06:23.756396+09:00
Package Quota,,,failed,False,2026-08-21T00:33:12.400590+09:00
Package Radar,2400.0,3.0,success,False,2026-08-19T12:23:48.028309+09:00
Package Rail,,,failed,False,2026-08-19T12:26:11.426688+09:00
Package Rate,480.0,3.0,success,False,2026-08-19T20:47:55.040652+09:00
Package Recap,,,failed,False,2026-08-21T01:07:21.862187+09:00
Package Receipt,170.0,1.0,success,False,2026-08-19T21:52:01.647797+09:00
Package Redemption,,,failed,False,2026-08-23T16:39:30.994856+09:00
Package Register,390.0,2.0,success,False,2026-08-19T12:26:50.558135+09:00
Package Registry,390.0,2.0,success,False,2026-08-19T12:26:57.441352+09:00
Package Relay,,,failed,False,2026-08-19T12:23:56.615526+09:00
Package Reminder,10.0,0.0,success,False,2026-08-19T21:05:32.048024+09:00
Package Report,480.0,3.0,success,False,2026-08-19T13:30:39.417389+09:00
Package Repository,210.0,1.0,success,False,2026-08-27T23:16:11.688627+09:00
Package Roster,,,failed,False,2026-08-19T12:27:49.196174+09:00
Package Route,480.0,7.0,success,False,2026-08-19T12:26:06.734544+09:00
Package Rule,50.0,0.0,success,False,2026-08-23T03:17:31.358374+09:00
Package Sale,480.0,5.0,success,False,2026-08-21T02:21:06.391588+09:00
Package Sample,70.0,13.0,success,False,2026-08-19T21:53:16.228732+09:00
Package Scale,1600.0,100.0,success,False,2026-08-19T12:26:06.734544+09:00
Package Scanner,390.0,84.0,success,False,2026-08-27T23:59:23.650703+09:00
Package Scheduler,,,failed,False,2026-08-19T12:26:44.704983+09:00
Package Scope,10.0,0.0,success,False,2026-08-19T12:24:48.425289+09:00
Package Score,,,failed,False,2026-08-19T13:31:41.202916+09:00
Package Sheet,40.0,17.0,success,False,2026-08-19T13:31:08.046594+09:00
Package Shortfall,,,failed,False,2026-08-27T21:49:11.230615+09:00
Package Signal,,,failed,False,2026-08-19T12:24:37.833597+09:00
Package Signature,480.0,1.0,success,False,2026-08-23T13:27:36.728702+09:00
Package Slip,9900.0,52.0,success,False,2026-08-19T21:53:00.908408+09:00
Package Slot,140.0,23.0,success,False,2026-08-19T21:53:27.023606+09:00
Package Stake,,,failed,False,2026-08-23T02:53:34.328450+09:00
Package Stamp,1300.0,36.0,success,False,2026-08-23T13:27:40.734961+09:00
Package Statement,110.0,0.0,success,False,2026-08-21T00:32:54.976982+09:00
Package Station,110.0,12.0,success,False,2026-08-19T12:25:46.286307+09:00
Package Status,210.0,3.0,success,False,2026-08-19T20:47:25.892128+09:00
Package Stub,,,failed,False,2026-08-21T00:32:50.317142+09:00
Package Studio,40.0,0.0,success,False,2026-08-19T12:25:43.100247+09:00
Package Subsidy,,,failed,False,2026-08-23T15:52:07.033808+09:00
Package Sum,,,failed,False,2026-08-21T02:31:03.884559+09:00
Package Summary,40.0,0.0,success,False,2026-08-19T21:05:10.807996+09:00
Package Surtax,,,failed,False,2026-08-23T15:52:07.033808+09:00
Package Tab,20.0,0.0,success,False,2026-08-21T00:33:25.139045+09:00
Package Table,90.0,64.0,success,False,2026-08-19T21:52:37.480660+09:00
Package Tag,110.0,98.0,success,False,2026-08-19T13:31:59.823844+09:00
Package Tally,,,failed,False,2026-08-21T00:32:59.208813+09:00
Package Tariff,110.0,0.0,success,False,2026-08-21T02:37:53.787359+09:00
Package Tax,170.0,12.0,success,False,2026-08-21T02:14:50.093035+09:00
Package Ticket,720.0,2.0,success,False,2026-08-19T21:06:11.173737+09:00
Package Tier,50.0,0.0,success,False,2026-08-28T00:45:46.736783+09:00
Package Timeline,,,failed,False,2026-08-19T21:05:22.464454+09:00
Package Token,10.0,0.0,success,False,2026-08-23T13:27:34.278860+09:00
Package Toll,,,failed,False,2026-08-21T02:37:45.273746+09:00
Package Toolbox,,,failed,False,2026-08-28T00:20:56.154840+09:00
Package Total,1900.0,21.0,success,False,2026-08-27T23:16:04.692896+09:00
Package Tracker,301000.0,4.0,success,False,2026-08-19T12:23:36.492658+09:00
Package Trail,,,failed,False,2026-08-19T12:26:15.531413+09:00
Package Trend,50.0,5.0,success,False,2026-08-28T01:01:58.415917+09:00
Package Trial,,,failed,False,2026-08-27T21:17:56.289470+09:00
Package Unit,4400.0,83.0,success,False,2026-08-21T01:58:41.656184+09:00
Package Update,110.0,0.0,success,False,2026-08-19T20:48:02.759483+09:00
Package Value,140.0,1.0,success,False,2026-08-23T02:53:30.954147+09:00
Package Vault,210.0,78.0,success,False,2026-08-19T12:23:56.615526+09:00
Package Version,390.0,0.0,success,False,2026-08-23T03:17:25.053866+09:00
Package View,1300.0,0.0,success,True,2026-08-19T20:47:30.914414+09:00
Package Voucher,170.0,17.0,success,False,2026-08-21T00:32:40.998784+09:00
Package Watch,70.0,5.0,success,False,2026-08-19T12:24:44.570895+09:00
Package Wave,,,failed,False,2026-08-19T12:24:58.043642+09:00
Package Widget,10.0,0.0,success,False,2026-08-27T23:16:07.710810+09:00
Package Worksheet,,,failed,False,2026-08-27T22:13:31.267961+09:00
Package Zone,14800.0,0.0,success,True,2026-08-19T12:25:55.231488+09:00
Packing Advance,,,failed,False,2026-08-23T16:17:00.383036+09:00
Packing Advisory,,,failed,False,2026-08-21T01:04:44.330584+09:00
Packing Allowance,10.0,0.0,success,False,2026-08-21T02:43:35.121601+09:00
Packing Analyzer,10.0,3.0,success,False,2026-08-27T23:51:38.023281+09:00
Packing Announcement,,,failed,False,2026-08-27T23:31:53.599891+09:00
Packing Arrears,,,failed,False,2026-08-23T16:17:00.383036+09:00
Packing Assistant,590.0,20.0,success,False,2026-08-19T00:37:15.495159+09:00
Packing Atlas,,,failed,False,2026-08-19T00:37:06.709542+09:00
Packing Badge,,,failed,False,2026-08-21T00:31:19.573899+09:00
Packing Balance,,,failed,False,2026-08-23T13:48:23.745553+09:00
Packing Base,880.0,5.0,success,False,2026-08-19T00:38:43.028128+09:00
Packing Beacon,,,failed,False,2026-08-19T00:38:13.320545+09:00
Packing Bill,40.0,1.0,success,False,2026-08-19T21:53:37.602067+09:00
Packing Board,1900.0,57.0,success,False,2026-08-19T00:38:50.428870+09:00
Packing Book,880.0,14.0,success,False,2026-08-19T21:54:34.064665+09:00
Packing Bridge,,,failed,False,2026-08-19T00:38:22.287042+09:00
Packing Brief,,,failed,False,2026-08-21T01:04:24.715250+09:00
Packing Bulletin,,,failed,False,2026-08-21T01:04:20.278964+09:00
Packing Calculator,320.0,1.0,success,False,2026-08-27T23:31:58.292490+09:00
Packing Calendar,210.0,21.0,success,False,2026-08-19T00:37:28.610789+09:00
Packing Card,390.0,59.0,success,False,2026-08-19T13:41:55.083304+09:00
Packing Cascade,,,failed,False,2026-08-19T00:38:18.682483+09:00
Packing Cash,,,failed,False,2026-08-21T02:28:12.321639+09:00
Packing Cashback,,,failed,False,2026-08-27T21:19:58.870068+09:00
Packing Catalog,10.0,6.0,success,False,2026-08-19T21:10:13.375829+09:00
Packing Center,2900.0,10.0,success,False,2026-08-19T00:23:43.046041+09:00
Packing Chain,20.0,0.0,success,False,2026-08-19T00:36:57.137576+09:00
Packing Charge,1000.0,1.0,success,False,2026-08-21T02:43:25.318568+09:00
Packing Check,590.0,1.0,success,False,2026-08-19T13:42:19.343176+09:00
Packing Checker,10.0,0.0,success,False,2026-08-27T23:51:32.749499+09:00
Packing Checklist,110000.0,60.0,success,False,2026-08-19T21:09:08.250321+09:00
Packing Circular,,,failed,False,2026-08-21T01:04:35.050629+09:00
Packing Code,6600.0,0.0,success,True,2026-08-19T21:54:00.654442+09:00
Packing Companion,,,failed,False,2026-08-19T00:37:21.857423+09:00
Packing Comparison,,,failed,False,2026-08-28T01:02:34.403760+09:00
Packing Compass,,,failed,False,2026-08-19T00:38:10.697868+09:00
Packing Confirmation,,,failed,False,2026-08-21T01:04:56.218179+09:00
Packing Console,,,failed,False,2026-08-19T00:36:40.628841+09:00
Packing Contribution,,,failed,False,2026-08-23T16:16:57.987177+09:00
Packing Core,,,failed,False,2026-08-19T00:38:45.524694+09:00
Packing Cost,260.0,2.0,success,False,2026-08-21T02:12:15.174959+09:00
Packing Count,,,failed,False,2026-08-27T22:44:33.124302+09:00
Packing Counter,50.0,16.0,success,False,2026-08-19T00:37:37.516387+09:00
Packing Coupon,,,failed,False,2026-08-27T21:19:58.870068+09:00
Packing Deal,,,failed,False,2026-08-21T01:56:48.479807+09:00
Packing Debt,,,failed,False,2026-08-21T02:28:00.693334+09:00
Packing Deck,,,failed,False,2026-08-19T00:38:52.130938+09:00
Packing Desk,170.0,99.0,success,False,2026-08-19T00:38:01.073734+09:00
Packing Detail,110.0,58.0,success,False,2026-08-23T03:23:04.042146+09:00
Packing Detector,,,failed,False,2026-08-27T23:51:38.023281+09:00
Packing Diagram,40.0,0.0,success,False,2026-08-27T22:06:42.047958+09:00
Packing Digest,590.0,6.0,success,False,2026-08-19T20:39:43.818952+09:00
Packing Directory,,,failed,False,2026-08-19T00:37:30.886042+09:00
Packing Discount,1600.0,91.0,success,False,2026-08-23T16:16:55.140069+09:00
Packing Dossier,,,failed,False,2026-08-21T01:04:52.081586+09:00
Packing Draft,,,failed,False,2026-08-19T20:39:59.254826+09:00
Packing Due,,,failed,False,2026-08-23T15:52:59.645505+09:00
Packing Duty,,,failed,False,2026-08-21T02:43:28.304823+09:00
Packing Engine,320.0,3.0,success,False,2026-08-19T00:37:13.789014+09:00
Packing Entry,,,failed,False,2026-08-21T01:05:25.449789+09:00
Packing Estimate,10.0,34.0,success,False,2026-08-19T21:09:59.006110+09:00
Packing Estimator,10.0,34.0,success,False,2026-08-27T23:51:29.405566+09:00
Packing Excerpt,,,failed,False,2026-08-21T01:05:20.057524+09:00
Packing Fare,,,failed,False,2026-08-21T02:12:23.232619+09:00
Packing Fee,260.0,1.0,success,False,2026-08-21T01:56:30.460489+09:00
Packing Feed,,,failed,False,2026-08-19T20:39:52.613613+09:00
Packing File,1300.0,34.0,success,False,2026-08-19T20:39:09.333161+09:00
Packing Finder,,,failed,False,2026-08-19T00:37:32.560227+09:00
Packing Fine,,,failed,False,2026-08-23T02:57:36.512424+09:00
Packing Flag,,,failed,False,2026-08-21T00:32:06.767489+09:00
Packing Flow,,,failed,False,2026-08-19T00:37:59.032888+09:00
Packing Forge,,,failed,False,2026-08-19T00:38:15.765840+09:00
Packing Form,3600.0,25.0,success,False,2026-08-19T13:41:47.769675+09:00
Packing Format,3600.0,25.0,success,False,2026-08-23T13:09:22.371145+09:00
Packing Frame,22200.0,38.0,success,False,2026-08-19T00:38:40.592975+09:00
Packing Fund,,,failed,False,2026-08-21T02:28:08.522679+09:00
Packing Gate,,,failed,False,2026-08-19T00:37:02.474717+09:00
Packing Generator,320.0,1.0,success,False,2026-08-27T23:32:01.853038+09:00
Packing Giveaway,10.0,6.0,success,False,2026-08-26T22:29:12.332951+09:00
Packing Grade,,,failed,False,2026-08-21T00:31:47.591094+09:00
Packing Grid,90.0,16.0,success,False,2026-08-19T00:38:32.004718+09:00
Packing Guarantee,,,failed,False,2026-08-28T01:02:37.016845+09:00
Packing Guardian,,,failed,False,2026-08-28T00:21:49.130858+09:00
Packing Helpdesk,,,failed,False,2026-08-27T22:44:35.371350+09:00
Packing Helper,880.0,10.0,success,False,2026-08-28T00:21:55.786008+09:00
Packing History,210.0,0.0,success,False,2026-08-19T20:38:59.819787+09:00
Packing Hotline,,,failed,False,2026-08-19T21:10:23.160245+09:00
Packing Hub,1000.0,3.0,success,False,2026-08-19T00:38:01.073734+09:00
Packing Identifier,,,failed,False,2026-08-23T13:09:17.043261+09:00
Packing Incentive,,,failed,False,2026-08-27T21:20:04.514316+09:00
Packing Index,70.0,0.0,success,False,2026-08-19T21:09:22.382807+09:00
Packing Installment,,,failed,False,2026-08-23T16:16:57.987177+09:00
Packing Item,1300.0,62.0,success,False,2026-08-21T01:56:38.086153+09:00
Packing Journal,480.0,98.0,success,False,2026-08-19T00:37:26.885782+09:00
Packing Keeper,,,failed,False,2026-08-19T00:37:08.393662+09:00
Packing Kit,1900.0,24.0,success,False,2026-08-27T22:44:27.817073+09:00
Packing Lab,4400.0,21.0,success,False,2026-08-19T00:38:54.065235+09:00
Packing Label,390.0,91.0,success,False,2026-08-27T22:15:52.757907+09:00
Packing Ledger,,,failed,False,2026-08-19T00:38:48.376369+09:00
Packing Level,70.0,7.0,success,False,2026-08-19T20:39:18.061361+09:00
Packing Link,165000.0,48.0,success,False,2026-08-23T03:22:56.392022+09:00
Packing List,110000.0,60.0,success,False,2026-08-19T21:54:10.446339+09:00
Packing Loan,40.0,7.0,success,False,2026-08-21T02:12:27.062318+09:00
Packing Log,880.0,4.0,success,False,2026-08-19T13:41:26.637679+09:00
Packing Loop,,,failed,False,2026-08-19T00:38:30.061657+09:00
Packing Manager,3600.0,4.0,success,False,2026-08-19T00:37:10.693574+09:00
Packing Manual,70.0,8.0,success,False,2026-08-27T22:15:52.757907+09:00
Packing Margin,,,failed,False,2026-08-23T02:57:34.451765+09:00
Packing Markup,,,failed,False,2026-08-23T16:40:19.270826+09:00
Packing Memo,,,failed,False,2026-08-21T00:31:54.895534+09:00
Packing Message,20.0,0.0,success,False,2026-08-27T23:10:12.340839+09:00
Packing Monitor,260.0,59.0,success,False,2026-08-19T00:37:20.289190+09:00
Packing Nexus,,,failed,False,2026-08-19T00:37:04.451901+09:00
Packing Note,480.0,14.0,success,False,2026-08-19T13:20:50.883072+09:00
Packing Notification,,,failed,False,2026-08-27T22:44:24.073756+09:00
Packing Number,480.0,1.0,success,False,2026-08-23T03:22:48.132111+09:00
Packing Office,40500.0,100.0,success,False,2026-08-19T00:37:34.373704+09:00
Packing Ops,,,failed,False,2026-08-19T00:37:23.570326+09:00
Packing Order,1900.0,8.0,success,False,2026-08-19T21:53:24.173556+09:00
Packing Overage,,,failed,False,2026-08-27T21:50:56.215822+09:00
Packing Overdue,,,failed,False,2026-08-27T21:50:54.080102+09:00
Packing Pass,40.0,2.0,success,False,2026-08-21T00:31:07.825329+09:00
Packing Path,,,failed,False,2026-08-19T00:38:36.857956+09:00
Packing Payoff,,,failed,False,2026-08-27T21:50:56.215822+09:00
Packing Penalty,,,failed,False,2026-08-23T16:40:19.270826+09:00
Packing Petition,,,failed,False,2026-08-21T01:04:41.877436+09:00
Packing Plan,590.0,44.0,success,False,2026-08-21T01:56:46.597919+09:00
Packing Planner,590.0,44.0,success,False,2026-08-19T00:37:15.495159+09:00
Packing Playbook,,,failed,False,2026-08-19T00:37:25.342982+09:00
Packing Point,3600.0,3.0,success,False,2026-08-19T00:38:38.551550+09:00
Packing Portal,,,failed,False,2026-08-19T00:36:40.628841+09:00
Packing Preview,,,failed,False,2026-08-28T01:02:34.403760+09:00
Packing Profile,,,failed,False,2026-08-19T13:21:44.122863+09:00
Packing Profit,,,failed,False,2026-08-23T02:57:30.156609+09:00
Packing Proposal,,,failed,False,2026-08-28T01:02:37.016845+09:00
Packing Queue,10.0,38.0,success,False,2026-08-19T21:09:46.410901+09:00
Packing Quota,,,failed,False,2026-08-21T00:32:00.759395+09:00
Packing Radar,,,failed,False,2026-08-19T00:38:02.838044+09:00
Packing Rail,,,failed,False,2026-08-19T00:36:50.417664+09:00
Packing Rate,90.0,0.0,success,False,2026-08-19T20:39:26.869721+09:00
Packing Recap,,,failed,False,2026-08-21T01:05:08.043022+09:00
Packing Receipt,20.0,4.0,success,False,2026-08-19T21:53:47.413598+09:00
Packing Recorder,20.0,1.0,success,False,2026-08-27T23:32:06.818889+09:00
Packing Register,20.0,1.0,success,False,2026-08-19T00:37:23.570326+09:00
Packing Relay,,,failed,False,2026-08-19T00:38:05.344215+09:00
Packing Reminder,,,failed,False,2026-08-19T21:08:56.210906+09:00
Packing Report,110.0,0.0,success,False,2026-08-19T13:41:12.937543+09:00
Packing Result,20.0,0.0,success,False,2026-08-28T00:45:59.297593+09:00
Packing Ring,720.0,22.0,success,False,2026-08-19T00:37:00.689265+09:00
Packing Roster,,,failed,False,2026-08-19T00:37:53.742610+09:00
Packing Route,,,failed,False,2026-08-19T00:36:48.669353+09:00
Packing Rule,210.0,2.0,success,False,2026-08-23T03:23:00.689817+09:00
Packing Sale,390.0,46.0,success,False,2026-08-21T02:28:15.974883+09:00
Packing Scale,260.0,100.0,success,False,2026-08-19T00:36:46.213084+09:00
Packing Scanner,320.0,15.0,success,False,2026-08-27T23:51:35.408395+09:00
Packing Scope,,,failed,False,2026-08-19T00:38:27.005898+09:00
Packing Score,,,failed,False,2026-08-19T13:42:30.376897+09:00
Packing Serial,,,failed,False,2026-08-23T13:28:10.942428+09:00
Packing Sheet,1900.0,74.0,success,False,2026-08-19T13:42:06.803998+09:00
Packing Signal,,,failed,False,2026-08-19T00:38:24.169663+09:00
Packing Slip,9900.0,52.0,success,False,2026-08-19T21:54:42.461641+09:00
Packing Slot,40.0,2.0,success,False,2026-08-19T21:55:03.832007+09:00
Packing Stage,140.0,0.0,success,False,2026-08-28T00:45:59.297593+09:00
Packing Stake,,,failed,False,2026-08-23T02:57:32.152196+09:00
Packing Stamp,1600.0,35.0,success,False,2026-08-23T13:28:15.741943+09:00
Packing Statement,,,failed,False,2026-08-21T00:31:34.132172+09:00
Packing Station,2900.0,98.0,success,False,2026-08-19T00:38:56.335177+09:00
Packing Status,70.0,0.0,success,False,2026-08-19T20:38:39.383467+09:00
Packing Stub,,,failed,False,2026-08-21T00:31:26.827984+09:00
Packing Studio,880.0,21.0,success,False,2026-08-19T00:38:54.065235+09:00
Packing Sum,,,failed,False,2026-08-21T02:27:57.187073+09:00
Packing Summary,90.0,0.0,success,False,2026-08-19T21:08:33.836263+09:00
Packing Tab,40.0,21.0,success,False,2026-08-21T00:32:13.850788+09:00
Packing Table,2900.0,100.0,success,False,2026-08-19T21:54:22.632140+09:00
Packing Tag,170.0,78.0,success,False,2026-08-19T13:21:04.898366+09:00
Packing Tally,,,failed,False,2026-08-21T00:31:38.357083+09:00
Packing Tariff,,,failed,False,2026-08-21T02:43:37.252901+09:00
Packing Tax,1300.0,4.0,success,False,2026-08-21T02:12:27.062318+09:00
Packing Terminal,,,failed,False,2026-08-19T00:39:00.049194+09:00
Packing Ticket,49500.0,14.0,success,False,2026-08-19T21:09:32.906956+09:00
Packing Tier,,,failed,False,2026-08-28T00:46:02.758073+09:00
Packing Timeline,30.0,7.0,success,False,2026-08-19T21:08:43.971729+09:00
Packing Timer,,,failed,False,2026-08-28T00:21:45.963780+09:00
Packing Toll,,,failed,False,2026-08-21T02:43:30.904154+09:00
Packing Toolbox,,,failed,False,2026-08-28T00:21:51.591333+09:00
Packing Total,,,failed,False,2026-08-27T23:10:14.890839+09:00
Packing Tracker,14800.0,2.0,success,False,2026-08-19T00:37:55.750406+09:00
Packing Trail,,,failed,False,2026-08-19T00:36:52.729176+09:00
Packing Trend,10.0,7.0,success,False,2026-08-28T01:02:31.716235+09:00
Packing Trial,,,failed,False,2026-08-27T21:20:01.117686+09:00
Packing Unit,1300.0,17.0,success,False,2026-08-21T01:56:42.470423+09:00
Packing Update,,,failed,False,2026-08-19T20:39:35.461909+09:00
Packing Value,,,failed,False,2026-08-23T02:57:30.156609+09:00
Packing Vault,,,failed,False,2026-08-19T00:38:08.562035+09:00
Packing Version,,,failed,False,2026-08-23T03:22:53.557175+09:00
Packing View,,,failed,False,2026-08-19T20:38:50.239529+09:00
Packing Voucher,,,failed,False,2026-08-21T00:31:12.375379+09:00
Packing Wave,,,failed,False,2026-08-19T00:38:34.534111+09:00
Packing Widget,,,failed,False,2026-08-27T23:10:14.890839+09:00
Packing Worksheet,40.0,0.0,success,False,2026-08-27T22:06:37.910338+09:00
Packing Workshop,10.0,0.0,success,False,2026-08-28T00:21:49.130858+09:00
Packing Zone,1300.0,4.0,success,False,2026-08-19T00:36:36.073889+09:00
Padding Allowance,,,failed,False,2026-08-21T02:43:50.740440+09:00
Padding Analyzer,,,failed,False,2026-08-27T23:51:00.030552+09:00
Padding Assistant,,,failed,False,2026-08-19T00:37:17.107740+09:00
Padding Atlas,,,failed,False,2026-08-19T00:37:10.693574+09:00
Padding Attribute,30.0,0.0,success,False,2026-08-23T13:05:17.487653+09:00
Padding Badge,,,failed,False,2026-08-21T00:25:47.755507+09:00
Padding Base,,,failed,False,2026-08-19T00:38:48.376369+09:00
Padding Beacon,,,failed,False,2026-08-19T00:38:18.682483+09:00
Padding Bill,,,failed,False,2026-08-19T22:00:01.898557+09:00
Padding Board,590.0,91.0,success,False,2026-08-19T00:38:54.065235+09:00
Padding Book,9900.0,99.0,success,False,2026-08-19T22:00:52.695969+09:00
Padding Bridge,,,failed,False,2026-08-19T00:38:27.005898+09:00
Padding Brief,30.0,100.0,success,False,2026-08-21T01:01:13.751057+09:00
Padding Bulletin,,,failed,False,2026-08-21T01:01:11.672775+09:00
Padding Cabinet,,,failed,False,2026-08-27T23:16:11.688627+09:00
Padding Calculator,30.0,0.0,success,False,2026-08-27T23:37:06.230002+09:00
Padding Calendar,,,failed,False,2026-08-19T00:37:32.560227+09:00
Padding Card,10.0,0.0,success,False,2026-08-19T13:37:36.286521+09:00
Padding Cascade,,,failed,False,2026-08-19T00:38:24.169663+09:00
Padding Cash,,,failed,False,2026-08-21T02:27:33.001702+09:00
Padding Cashback,,,failed,False,2026-08-27T21:17:29.346524+09:00
Padding Catalog,,,failed,False,2026-08-19T21:14:01.404689+09:00
Padding Category,,,failed,False,2026-08-23T13:05:15.223495+09:00
Padding Center,720.0,4.0,success,False,2026-08-19T00:36:40.628841+09:00
Padding Chain,,,failed,False,2026-08-19T00:37:02.474717+09:00
Padding Charge,,,failed,False,2026-08-21T02:43:44.053859+09:00
Padding Check,,,failed,False,2026-08-19T13:37:53.958127+09:00
Padding Checker,,,failed,False,2026-08-27T23:50:52.077690+09:00
Padding Checklist,,,failed,False,2026-08-19T21:13:02.504471+09:00
Padding Code,110.0,0.0,success,False,2026-08-19T22:00:23.357458+09:00
Padding Companion,,,failed,False,2026-08-19T00:37:25.342982+09:00
Padding Compass,,,failed,False,2026-08-19T00:38:15.765840+09:00
Padding Confirmation,,,failed,False,2026-08-21T01:01:28.263811+09:00
Padding Console,,,failed,False,2026-08-19T00:36:48.669353+09:00
Padding Core,,,failed,False,2026-08-19T00:38:50.428870+09:00
Padding Cost,590.0,33.0,success,False,2026-08-21T02:10:51.896971+09:00
Padding Count,,,failed,False,2026-08-27T22:50:33.048353+09:00
Padding Counter,110.0,5.0,success,False,2026-08-19T00:37:39.570439+09:00
Padding Coupon,,,failed,False,2026-08-27T21:17:26.157906+09:00
Padding Deal,,,failed,False,2026-08-21T01:54:16.257744+09:00
Padding Debt,,,failed,False,2026-08-21T02:27:26.146379+09:00
Padding Deck,,,failed,False,2026-08-19T00:38:56.335177+09:00
Padding Desk,,,failed,False,2026-08-19T00:38:08.562035+09:00
Padding Detail,,,failed,False,2026-08-23T03:24:40.640287+09:00
Padding Detector,,,failed,False,2026-08-27T23:51:00.030552+09:00
Padding Diagram,30.0,0.0,success,False,2026-08-27T22:13:01.149795+09:00
Padding Digest,,,failed,False,2026-08-19T20:41:16.586784+09:00
Padding Directory,,,failed,False,2026-08-19T00:37:34.373704+09:00
Padding Discount,,,failed,False,2026-08-23T16:14:21.823505+09:00
Padding Dossier,,,failed,False,2026-08-21T01:01:30.993537+09:00
Padding Downpayment,,,failed,False,2026-08-27T21:48:40.249889+09:00
Padding Draft,,,failed,False,2026-08-19T20:41:36.001931+09:00
Padding Duty,,,failed,False,2026-08-21T02:43:47.739499+09:00
Padding Engine,,,failed,False,2026-08-19T00:37:17.107740+09:00
Padding Entry,,,failed,False,2026-08-21T01:01:41.528292+09:00
Padding Estimate,10.0,0.0,success,False,2026-08-19T21:13:50.204351+09:00
Padding Estimator,,,failed,False,2026-08-27T23:50:46.062882+09:00
Padding Fare,,,failed,False,2026-08-21T02:10:58.400903+09:00
Padding Fee,,,failed,False,2026-08-21T01:53:55.864574+09:00
Padding Feed,,,failed,False,2026-08-19T20:41:25.975881+09:00
Padding File,880.0,21.0,success,False,2026-08-19T20:40:37.869711+09:00
Padding Finder,,,failed,False,2026-08-19T00:37:37.516387+09:00
Padding Fine,,,failed,False,2026-08-23T02:58:06.031542+09:00
Padding Flag,,,failed,False,2026-08-21T00:26:25.580219+09:00
Padding Flow,,,failed,False,2026-08-19T00:38:02.838044+09:00
Padding Forge,,,failed,False,2026-08-19T00:38:22.287042+09:00
Padding Form,1900.0,2.0,success,False,2026-08-19T13:37:14.131003+09:00
Padding Format,70.0,0.0,success,False,2026-08-23T13:05:20.503897+09:00
Padding Frame,720.0,12.0,success,False,2026-08-19T00:38:45.524694+09:00
Padding Fund,,,failed,False,2026-08-21T02:27:29.296336+09:00
Padding Gate,,,failed,False,2026-08-19T00:37:06.709542+09:00
Padding Giveaway,,,failed,False,2026-08-27T21:17:34.468079+09:00
Padding Grade,,,failed,False,2026-08-21T00:26:10.737162+09:00
Padding Grid,10.0,0.0,success,False,2026-08-19T00:38:36.857956+09:00
Padding Helpdesk,,,failed,False,2026-08-27T22:50:33.048353+09:00
Padding Helper,,,failed,False,2026-08-28T00:21:27.462723+09:00
Padding History,,,failed,False,2026-08-19T20:40:32.306082+09:00
Padding Hotline,,,failed,False,2026-08-19T21:14:11.257032+09:00
Padding Hub,,,failed,False,2026-08-19T00:38:05.344215+09:00
Padding Identifier,,,failed,False,2026-08-23T13:05:12.905502+09:00
Padding Incentive,,,failed,False,2026-08-27T21:17:31.626510+09:00
Padding Index,390.0,5.0,success,False,2026-08-19T21:13:15.643031+09:00
Padding Installment,,,failed,False,2026-08-23T16:14:33.783950+09:00
Padding Item,,,failed,False,2026-08-21T01:54:04.879612+09:00
Padding Journal,,,failed,False,2026-08-19T00:37:30.886042+09:00
Padding Keeper,10.0,100.0,success,False,2026-08-19T00:37:13.789014+09:00
Padding Kit,720.0,15.0,success,False,2026-08-27T22:50:26.115784+09:00
Padding Lab,,,failed,False,2026-08-19T00:39:00.049194+09:00
Padding Label,140.0,23.0,success,False,2026-08-27T22:12:52.289733+09:00
Padding Ledger,,,failed,False,2026-08-19T00:38:52.130938+09:00
Padding Level,170.0,0.0,success,False,2026-08-19T20:40:46.834660+09:00
Padding Link,,,failed,False,2026-08-23T03:24:33.433692+09:00
Padding List,390.0,16.0,success,False,2026-08-19T22:00:33.480377+09:00
Padding Loan,,,failed,False,2026-08-21T02:11:04.805408+09:00
Padding Log,,,failed,False,2026-08-19T13:37:00.513744+09:00
Padding Loop,,,failed,False,2026-08-19T00:38:34.534111+09:00
Padding Manager,,,failed,False,2026-08-19T00:37:15.495159+09:00
Padding Manual,,,failed,False,2026-08-27T22:12:55.481525+09:00
Padding Margin,9900.0,0.0,success,True,2026-08-23T02:58:03.774409+09:00
Padding Markup,,,failed,False,2026-08-23T16:39:03.767500+09:00
Padding Memo,,,failed,False,2026-08-21T00:26:15.934316+09:00
Padding Monitor,,,failed,False,2026-08-19T00:37:23.570326+09:00
Padding Nexus,,,failed,False,2026-08-19T00:37:08.393662+09:00
Padding Note,,,failed,False,2026-08-19T13:38:21.044998+09:00
Padding Notification,,,failed,False,2026-08-27T22:50:26.115784+09:00
Padding Number,390.0,6.0,success,False,2026-08-23T03:24:25.190204+09:00
Padding Office,,,failed,False,2026-08-19T00:37:39.570439+09:00
Padding Ops,,,failed,False,2026-08-19T00:37:26.885782+09:00
Padding Order,390.0,26.0,success,False,2026-08-19T21:59:50.117537+09:00
Padding Overage,,,failed,False,2026-08-27T21:48:38.041939+09:00
Padding Overdue,,,failed,False,2026-08-27T21:48:33.250783+09:00
Padding Pass,,,failed,False,2026-08-21T00:25:32.620138+09:00
Padding Path,,,failed,False,2026-08-19T00:38:40.592975+09:00
Padding Payoff,,,failed,False,2026-08-27T21:48:35.689301+09:00
Padding Petition,,,failed,False,2026-08-21T01:01:25.263035+09:00
Padding Plan,,,failed,False,2026-08-21T02:05:54.756908+09:00
Padding Planner,,,failed,False,2026-08-19T00:37:20.289190+09:00
Padding Playbook,,,failed,False,2026-08-19T00:37:28.610789+09:00
Padding Point,,,failed,False,2026-08-19T00:38:43.028128+09:00
Padding Portal,,,failed,False,2026-08-19T00:36:46.213084+09:00
Padding Price,8100.0,39.0,success,False,2026-08-21T02:10:55.409815+09:00
Padding Profile,,,failed,False,2026-08-19T13:38:58.073256+09:00
Padding Profit,,,failed,False,2026-08-23T02:57:59.639367+09:00
Padding Queue,,,failed,False,2026-08-19T21:13:38.700903+09:00
Padding Radar,,,failed,False,2026-08-19T00:38:10.697868+09:00
Padding Rail,,,failed,False,2026-08-19T00:36:57.137576+09:00
Padding Rate,,,failed,False,2026-08-19T20:41:00.818648+09:00
Padding Receipt,,,failed,False,2026-08-19T22:00:12.371601+09:00
Padding Register,,,failed,False,2026-08-19T00:37:25.342982+09:00
Padding Relay,,,failed,False,2026-08-19T00:38:10.697868+09:00
Padding Reminder,,,failed,False,2026-08-19T21:12:51.464479+09:00
Padding Report,,,failed,False,2026-08-19T13:36:50.709528+09:00
Padding Ring,,,failed,False,2026-08-19T00:37:04.451901+09:00
Padding Roster,,,failed,False,2026-08-19T00:37:59.032888+09:00
Padding Route,,,failed,False,2026-08-19T00:36:52.729176+09:00
Padding Rule,110.0,0.0,success,False,2026-08-23T03:24:36.035969+09:00
Padding Sale,,,failed,False,2026-08-21T02:27:35.877276+09:00
Padding Sample,720.0,79.0,success,False,2026-08-19T22:01:11.142813+09:00
Padding Scale,,,failed,False,2026-08-19T00:36:50.417664+09:00
Padding Scope,,,failed,False,2026-08-19T00:38:32.004718+09:00
Padding Score,,,failed,False,2026-08-19T13:38:13.390546+09:00
Padding Sheet,720.0,46.0,success,False,2026-08-19T13:37:44.092675+09:00
Padding Shortfall,,,failed,False,2026-08-27T21:48:42.861590+09:00
Padding Signal,,,failed,False,2026-08-19T00:38:30.061657+09:00
Padding Sketch,,,failed,False,2026-08-27T22:29:16.006701+09:00
Padding Slip,,,failed,False,2026-08-19T22:01:01.799694+09:00
Padding Slot,,,failed,False,2026-08-19T22:01:20.262131+09:00
Padding Statement,,,failed,False,2026-08-21T00:26:00.566845+09:00
Padding Station,1500000.0,4.0,success,False,2026-08-19T00:36:36.073889+09:00
Padding Status,,,failed,False,2026-08-19T20:40:13.253783+09:00
Padding Stub,,,failed,False,2026-08-21T00:25:52.909138+09:00
Padding Studio,880.0,2.0,success,False,2026-08-19T00:39:00.049194+09:00
Padding Sum,,,failed,False,2026-08-21T02:27:23.796384+09:00
Padding Summary,,,failed,False,2026-08-19T21:12:30.069108+09:00
Padding Table,210.0,74.0,success,False,2026-08-19T22:00:43.745625+09:00
Padding Tag,50.0,0.0,success,False,2026-08-19T13:38:51.605801+09:00
Padding Tally,,,failed,False,2026-08-21T00:26:05.533599+09:00
Padding Tariff,,,failed,False,2026-08-21T02:43:53.941468+09:00
Padding Tax,,,failed,False,2026-08-21T02:11:01.471090+09:00
Padding Terminal,,,failed,False,2026-08-19T00:36:38.202359+09:00
Padding Ticket,,,failed,False,2026-08-19T21:13:25.403661+09:00
Padding Timeline,,,failed,False,2026-08-19T21:12:39.256118+09:00
Padding Toll,,,failed,False,2026-08-21T02:43:50.740440+09:00
Padding Toolbox,,,failed,False,2026-08-28T00:21:24.701670+09:00
Padding Total,,,failed,False,2026-08-27T23:16:07.710810+09:00
Padding Tracker,,,failed,False,2026-08-19T00:38:01.073734+09:00
Padding Trail,,,failed,False,2026-08-19T00:37:00.689265+09:00
Padding Trial,,,failed,False,2026-08-27T21:17:29.346524+09:00
Padding Unit,,,failed,False,2026-08-21T01:54:08.146374+09:00
Padding Update,,,failed,False,2026-08-19T20:41:06.982103+09:00
Padding Value,40.0,9.0,success,False,2026-08-23T02:57:59.639367+09:00
Padding Vault,,,failed,False,2026-08-19T00:38:13.320545+09:00
Padding Version,,,failed,False,2026-08-23T03:24:30.095281+09:00
Padding View,,,failed,False,2026-08-19T20:40:22.983274+09:00
Padding Voucher,,,failed,False,2026-08-21T00:25:40.973918+09:00
Padding Wave,,,failed,False,2026-08-19T00:38:38.551550+09:00
Padding Widget,10.0,0.0,success,False,2026-08-27T23:16:11.688627+09:00
Padding Worksheet,,,failed,False,2026-08-27T22:12:55.481525+09:00
Padding Workshop,,,failed,False,2026-08-28T00:21:22.221803+09:00
Padding Zone,,,failed,False,2026-08-19T00:36:42.974778+09:00
Padlock Advisory,,,failed,False,2026-08-21T00:58:34.367334+09:00
Padlock Alert,,,failed,False,2026-08-19T21:32:34.534523+09:00
Padlock Allowance,,,failed,False,2026-08-21T02:41:28.147668+09:00
Padlock Analyzer,,,failed,False,2026-08-27T23:56:11.954519+09:00
Padlock Assistant,,,failed,False,2026-08-19T21:19:30.531478+09:00
Padlock Atlas,,,failed,False,2026-08-19T21:18:40.810817+09:00
Padlock Attribute,,,failed,False,2026-08-23T13:09:03.594529+09:00
Padlock Base,,,failed,False,2026-08-19T21:14:40.806707+09:00
Padlock Bay,,,failed,False,2026-08-19T21:31:38.211604+09:00
Padlock Beacon,,,failed,False,2026-08-19T21:12:05.902513+09:00
Padlock Bill,10.0,0.0,success,False,2026-08-19T21:56:14.793890+09:00
Padlock Bin,,,failed,False,2026-08-19T21:03:23.930623+09:00
Padlock Board,40.0,37.0,success,False,2026-08-19T21:15:19.107238+09:00
Padlock Book,30.0,95.0,success,False,2026-08-19T21:57:11.207151+09:00
Padlock Bridge,880.0,7.0,success,False,2026-08-19T21:12:39.256118+09:00
Padlock Brief,,,failed,False,2026-08-21T00:58:25.474774+09:00
Padlock Bulletin,,,failed,False,2026-08-21T01:09:44.260038+09:00
Padlock Cabinet,320.0,100.0,success,False,2026-08-27T23:12:56.649660+09:00
Padlock Calendar,,,failed,False,2026-08-19T21:30:20.208348+09:00
Padlock Card,90.0,37.0,success,False,2026-08-19T21:05:35.157530+09:00
Padlock Cascade,,,failed,False,2026-08-19T21:12:28.088394+09:00
Padlock Cash,,,failed,False,2026-08-21T02:25:06.190150+09:00
Padlock Cashback,,,failed,False,2026-08-27T21:14:33.237385+09:00
Padlock Catalog,10.0,17.0,success,False,2026-08-19T21:10:16.662476+09:00
Padlock Category,,,failed,False,2026-08-23T13:09:00.936814+09:00
Padlock Center,,,failed,False,2026-08-19T21:16:23.704707+09:00
Padlock Charge,,,failed,False,2026-08-21T02:41:14.911892+09:00
Padlock Chart,,,failed,False,2026-08-19T21:32:36.347329+09:00
Padlock Check,20.0,89.0,success,False,2026-08-19T21:06:02.010882+09:00
Padlock Checker,20.0,89.0,success,False,2026-08-27T23:56:02.652689+09:00
Padlock Checklist,,,failed,False,2026-08-19T21:09:10.178555+09:00
Padlock Circular,,,failed,False,2026-08-21T00:59:23.990159+09:00
Padlock Code,5400.0,100.0,success,False,2026-08-19T21:56:37.173014+09:00
Padlock Companion,,,failed,False,2026-08-19T21:29:38.081788+09:00
Padlock Comparison,10.0,,success,False,2026-08-28T01:06:54.096928+09:00
Padlock Compass,,,failed,False,2026-08-19T21:11:55.349483+09:00
Padlock Confirmation,,,failed,False,2026-08-21T00:58:42.850183+09:00
Padlock Console,,,failed,False,2026-08-19T21:16:59.496910+09:00
Padlock Core,10.0,100.0,success,False,2026-08-19T21:14:51.947092+09:00
Padlock Cost,110.0,83.0,success,False,2026-08-21T02:08:44.609671+09:00
Padlock Count,,,failed,False,2026-08-27T22:47:31.900265+09:00
Padlock Counter,,,failed,False,2026-08-19T21:30:59.491804+09:00
Padlock Coupon,,,failed,False,2026-08-27T21:14:30.241053+09:00
Padlock Deal,,,failed,False,2026-08-21T01:51:54.787871+09:00
Padlock Debt,,,failed,False,2026-08-21T02:25:01.097647+09:00
Padlock Deck,,,failed,False,2026-08-19T21:15:27.386619+09:00
Padlock Desk,,,failed,False,2026-08-19T21:11:11.315009+09:00
Padlock Detail,,,failed,False,2026-08-23T03:21:42.958973+09:00
Padlock Diagram,140.0,0.0,success,False,2026-08-27T22:09:01.274163+09:00
Padlock Digest,,,failed,False,2026-08-19T21:08:05.171033+09:00
Padlock Directory,,,failed,False,2026-08-19T21:30:28.519556+09:00
Padlock Discount,,,failed,False,2026-08-23T16:11:37.487376+09:00
Padlock Dossier,,,failed,False,2026-08-21T00:58:47.378244+09:00
Padlock Draft,,,failed,False,2026-08-19T21:08:25.447867+09:00
Padlock Due,,,failed,False,2026-08-23T15:50:14.677980+09:00
Padlock Duty,,,failed,False,2026-08-21T02:41:21.123178+09:00
Padlock Engine,,,failed,False,2026-08-19T21:19:19.264899+09:00
Padlock Entry,,,failed,False,2026-08-21T00:59:01.913298+09:00
Padlock Estimate,,,failed,False,2026-08-19T21:10:05.581791+09:00
Padlock Estimator,,,failed,False,2026-08-27T23:56:00.047193+09:00
Padlock Excerpt,,,failed,False,2026-08-21T00:58:57.845239+09:00
Padlock Fare,,,failed,False,2026-08-21T02:08:52.269018+09:00
Padlock Fee,,,failed,False,2026-08-21T01:51:35.759053+09:00
Padlock Feed,,,failed,False,2026-08-19T21:08:13.592372+09:00
Padlock Field,,,failed,False,2026-08-23T13:09:05.713550+09:00
Padlock File,,,failed,False,2026-08-19T21:07:25.102552+09:00
Padlock Finder,,,failed,False,2026-08-19T21:30:42.715680+09:00
Padlock Fine,,,failed,False,2026-08-23T02:56:14.910502+09:00
Padlock Flag,,,failed,False,2026-08-21T00:35:43.096296+09:00
Padlock Flow,,,failed,False,2026-08-19T21:10:46.722805+09:00
Padlock Forge,,,failed,False,2026-08-19T21:12:17.710681+09:00
Padlock Form,,,failed,False,2026-08-19T21:05:24.897505+09:00
Padlock Format,,,failed,False,2026-08-23T13:09:07.907049+09:00
Padlock Frame,,,failed,False,2026-08-19T21:14:29.704334+09:00
Padlock Fund,,,failed,False,2026-08-21T02:25:03.924004+09:00
Padlock Gate,2900.0,100.0,success,False,2026-08-19T21:18:19.882315+09:00
Padlock Giveaway,,,failed,False,2026-08-27T21:14:38.915931+09:00
Padlock Grade,,,failed,False,2026-08-21T00:35:31.431507+09:00
Padlock Grid,,,failed,False,2026-08-19T21:13:36.060170+09:00
Padlock Guarantee,,,failed,False,2026-08-28T01:07:01.226912+09:00
Padlock Helper,,,failed,False,2026-08-28T00:25:34.855882+09:00
Padlock History,50.0,0.0,success,False,2026-08-19T21:07:16.203533+09:00
Padlock Hotline,,,failed,False,2026-08-19T21:10:27.505284+09:00
Padlock Hub,,,failed,False,2026-08-19T21:11:00.361566+09:00
Padlock Identifier,,,failed,False,2026-08-23T13:08:58.766460+09:00
Padlock Inbox,,,failed,False,2026-08-19T21:32:32.734528+09:00
Padlock Incentive,,,failed,False,2026-08-27T21:14:36.415267+09:00
Padlock Index,,,failed,False,2026-08-19T21:09:25.998389+09:00
Padlock Item,,,failed,False,2026-08-21T01:51:40.699894+09:00
Padlock Journal,90.0,100.0,success,False,2026-08-19T21:30:07.251599+09:00
Padlock Keeper,20.0,94.0,success,False,2026-08-19T21:18:53.314989+09:00
Padlock Kiosk,,,failed,False,2026-08-19T21:31:21.634231+09:00
Padlock Kit,110.0,100.0,success,False,2026-08-27T22:47:28.680273+09:00
Padlock Lab,,,failed,False,2026-08-19T21:15:49.735937+09:00
Padlock Label,50.0,95.0,success,False,2026-08-27T22:08:46.567667+09:00
Padlock Ledger,,,failed,False,2026-08-19T21:15:04.533430+09:00
Padlock Level,,,failed,False,2026-08-19T21:07:34.937888+09:00
Padlock Line,,,failed,False,2026-08-19T21:04:17.654082+09:00
Padlock Link,20.0,66.0,success,False,2026-08-23T03:21:32.618577+09:00
Padlock List,,,failed,False,2026-08-19T21:56:50.628145+09:00
Padlock Loan,,,failed,False,2026-08-21T02:09:00.837465+09:00
Padlock Lobby,,,failed,False,2026-08-19T21:03:53.179213+09:00
Padlock Locker,3600.0,100.0,success,False,2026-08-19T21:31:07.393138+09:00
Padlock Log,,,failed,False,2026-08-19T21:05:10.807996+09:00
Padlock Loop,210.0,76.0,success,False,2026-08-19T21:13:25.403661+09:00
Padlock Manager,10.0,0.0,success,False,2026-08-19T21:19:08.211207+09:00
Padlock Manual,10.0,2.0,success,False,2026-08-27T22:08:49.995304+09:00
Padlock Map,,,failed,False,2026-08-19T21:14:19.651241+09:00
Padlock Margin,,,failed,False,2026-08-23T02:56:12.259379+09:00
Padlock Memo,,,failed,False,2026-08-21T00:35:31.431507+09:00
Padlock Message,,,failed,False,2026-08-27T23:12:46.818245+09:00
Padlock Monitor,,,failed,False,2026-08-19T21:20:05.379169+09:00
Padlock Nexus,,,failed,False,2026-08-19T21:18:30.637363+09:00
Padlock Note,,,failed,False,2026-08-19T21:06:23.756396+09:00
Padlock Notification,,,failed,False,2026-08-27T22:47:24.172994+09:00
Padlock Number,3600.0,100.0,success,False,2026-08-23T03:21:22.362914+09:00
Padlock Office,,,failed,False,2026-08-19T21:30:51.810974+09:00
Padlock Ops,,,failed,False,2026-08-19T21:29:51.150185+09:00
Padlock Order,10.0,79.0,success,False,2026-08-19T21:56:01.385775+09:00
Padlock Panel,20.0,27.0,success,False,2026-08-19T21:17:13.210771+09:00
Padlock Passport,,,failed,False,2026-08-19T21:03:38.962662+09:00
Padlock Path,,,failed,False,2026-08-19T21:13:59.350184+09:00
Padlock Petition,,,failed,False,2026-08-21T00:58:38.777262+09:00
Padlock Plan,,,failed,False,2026-08-21T01:51:47.599222+09:00
Padlock Playbook,,,failed,False,2026-08-19T21:29:59.646453+09:00
Padlock Point,,,failed,False,2026-08-19T21:14:09.280828+09:00
Padlock Portal,,,failed,False,2026-08-19T21:16:46.731573+09:00
Padlock Preview,,,failed,False,2026-08-28T01:06:58.788190+09:00
Padlock Profile,,,failed,False,2026-08-19T21:06:42.695560+09:00
Padlock Profit,,,failed,False,2026-08-23T02:56:03.136754+09:00
Padlock Proposal,,,failed,False,2026-08-28T01:07:01.226912+09:00
Padlock Queue,,,failed,False,2026-08-19T21:09:50.193216+09:00
Padlock Quota,,,failed,False,2026-08-21T00:35:36.889482+09:00
Padlock Radar,,,failed,False,2026-08-19T21:11:21.991848+09:00
Padlock Rate,,,failed,False,2026-08-19T21:07:45.336017+09:00
Padlock Recap,,,failed,False,2026-08-21T01:00:06.148655+09:00
Padlock Receipt,,,failed,False,2026-08-19T21:56:27.780319+09:00
Padlock Register,,,failed,False,2026-08-19T21:29:44.160374+09:00
Padlock Registry,,,failed,False,2026-08-19T21:30:14.177717+09:00
Padlock Relay,,,failed,False,2026-08-19T21:11:31.992305+09:00
Padlock Reminder,,,failed,False,2026-08-19T21:08:58.951614+09:00
Padlock Report,,,failed,False,2026-08-19T21:04:58.271286+09:00
Padlock Repository,,,failed,False,2026-08-27T23:13:00.467969+09:00
Padlock Ring,320.0,86.0,success,False,2026-08-19T21:18:08.963564+09:00
Padlock Roll,,,failed,False,2026-08-19T21:04:44.071622+09:00
Padlock Roster,,,failed,False,2026-08-19T21:32:28.691012+09:00
Padlock Route,,,failed,False,2026-08-19T21:17:33.160544+09:00
Padlock Rule,,,failed,False,2026-08-23T03:21:36.606838+09:00
Padlock Sale,1000.0,100.0,success,False,2026-08-21T02:25:09.393326+09:00
Padlock Sample,,,failed,False,2026-08-19T21:57:31.477256+09:00
Padlock Scale,,,failed,False,2026-08-19T21:17:23.744501+09:00
Padlock Scanner,,,failed,False,2026-08-27T23:56:02.652689+09:00
Padlock Scheduler,,,failed,False,2026-08-19T21:19:52.858825+09:00
Padlock Schematic,10.0,0.0,success,False,2026-08-27T22:28:46.749186+09:00
Padlock Scope,,,failed,False,2026-08-19T21:13:13.092758+09:00
Padlock Score,,,failed,False,2026-08-19T21:06:11.173737+09:00
Padlock Sheet,,,failed,False,2026-08-19T21:05:47.568804+09:00
Padlock Shelf,,,failed,False,2026-08-19T21:32:26.609245+09:00
Padlock Signal,,,failed,False,2026-08-19T21:12:48.974552+09:00
Padlock Slip,,,failed,False,2026-08-19T21:57:22.115019+09:00
Padlock Slot,50.0,100.0,success,False,2026-08-19T21:57:44.656511+09:00
Padlock Stake,,,failed,False,2026-08-23T02:56:08.739557+09:00
Padlock Statement,,,failed,False,2026-08-21T00:35:23.760596+09:00
Padlock Station,170.0,78.0,success,False,2026-08-19T21:16:00.282567+09:00
Padlock Status,,,failed,False,2026-08-19T21:06:51.339410+09:00
Padlock Studio,,,failed,False,2026-08-19T21:15:38.736251+09:00
Padlock Sum,,,failed,False,2026-08-21T02:24:56.488655+09:00
Padlock Summary,,,failed,False,2026-08-19T21:08:35.799168+09:00
Padlock Tab,30.0,43.0,success,False,2026-08-21T00:35:49.197244+09:00
Padlock Table,,,failed,False,2026-08-19T21:57:01.942587+09:00
Padlock Tag,50.0,99.0,success,False,2026-08-19T21:06:33.819352+09:00
Padlock Tariff,,,failed,False,2026-08-21T02:41:32.223715+09:00
Padlock Tax,,,failed,False,2026-08-21T02:08:56.102085+09:00
Padlock Terminal,,,failed,False,2026-08-19T21:16:09.798326+09:00
Padlock Ticker,,,failed,False,2026-08-19T21:04:06.353252+09:00
Padlock Ticket,,,failed,False,2026-08-19T21:09:36.551386+09:00
Padlock Timeline,,,failed,False,2026-08-19T21:08:46.825044+09:00
Padlock Token,10.0,0.0,success,False,2026-08-23T13:28:10.942428+09:00
Padlock Toll,,,failed,False,2026-08-21T02:41:24.321159+09:00
Padlock Toolbox,210.0,100.0,success,False,2026-08-28T00:25:31.999960+09:00
Padlock Total,,,failed,False,2026-08-27T23:12:50.672441+09:00
Padlock Tracker,,,failed,False,2026-08-19T21:10:38.305423+09:00
Padlock Trail,,,failed,False,2026-08-19T21:17:51.663250+09:00
Padlock Trend,,,failed,False,2026-08-28T01:06:51.354656+09:00
Padlock Trial,,,failed,False,2026-08-27T21:14:36.415267+09:00
Padlock Unit,,,failed,False,2026-08-21T01:51:43.156382+09:00
Padlock Update,,,failed,False,2026-08-19T21:07:55.214041+09:00
Padlock Value,,,failed,False,2026-08-23T02:56:06.421775+09:00
Padlock Vault,,,failed,False,2026-08-19T21:11:41.705907+09:00
Padlock Version,,,failed,False,2026-08-23T03:21:28.061139+09:00
Padlock View,10.0,13.0,success,False,2026-08-19T21:07:02.698289+09:00
Padlock Watch,390.0,79.0,success,False,2026-08-19T21:12:59.685218+09:00
Padlock Wave,,,failed,False,2026-08-19T21:13:48.359259+09:00
Padlock Widget,,,failed,False,2026-08-27T23:12:54.177935+09:00
Padlock Window,,,failed,False,2026-08-19T21:04:31.572257+09:00
Padlock Worksheet,,,failed,False,2026-08-27T22:08:54.322972+09:00
Padlock Workshop,,,failed,False,2026-08-28T00:25:29.232687+09:00
Padlock Yard,,,failed,False,2026-08-19T21:31:29.606643+09:00
Padlock Zone,,,failed,False,2026-08-19T21:16:33.965835+09:00
Pallet Advance,,,failed,False,2026-08-23T16:15:27.627511+09:00
Pallet Advisory,,,failed,False,2026-08-21T01:01:52.955831+09:00
Pallet Allowance,,,failed,False,2026-08-21T02:40:01.670619+09:00
Pallet Almanac,,,failed,False,2026-08-18T22:06:52.142585+09:00
Pallet Analyzer,,,failed,False,2026-08-27T23:58:28.934840+09:00
Pallet Anchor,10.0,2.0,success,False,2026-08-17T20:35:12.658616+09:00
Pallet Arrears,,,failed,False,2026-08-23T16:15:25.443589+09:00
Pallet Asset,,,failed,False,2026-08-23T13:47:31.255092+09:00
Pallet Assistant,,,failed,False,2026-08-17T23:14:10.961193+09:00
Pallet Atlas,10.0,5.0,success,False,2026-08-17T21:34:55.256705+09:00
Pallet Badge,,,failed,False,2026-08-21T00:24:54.126348+09:00
Pallet Balance,20.0,88.0,success,False,2026-08-23T13:47:27.498118+09:00
Pallet Base,260.0,100.0,success,False,2026-08-17T21:31:02.177338+09:00
Pallet Beacon,10.0,50.0,success,False,2026-08-17T20:38:59.956902+09:00
Pallet Bill,,,failed,False,2026-08-19T22:04:17.404214+09:00
Pallet Blueprint,110.0,3.0,success,False,2026-08-18T22:06:43.515975+09:00
Pallet Board,1900.0,100.0,success,False,2026-08-17T20:46:16.531586+09:00
Pallet Book,1000.0,61.0,success,False,2026-08-19T22:05:17.062474+09:00
Pallet Bridge,210.0,18.0,success,False,2026-08-17T20:36:11.237181+09:00
Pallet Brief,,,failed,False,2026-08-21T00:59:32.095317+09:00
Pallet Bulletin,,,failed,False,2026-08-21T00:59:28.178022+09:00
Pallet Calculator,3600.0,6.0,success,False,2026-08-27T23:36:23.122509+09:00
Pallet Calendar,10.0,0.0,success,False,2026-08-19T00:00:54.845309+09:00
Pallet Card,70.0,27.0,success,False,2026-08-19T13:30:02.018673+09:00
Pallet Cascade,,,failed,False,2026-08-17T20:37:08.027448+09:00
Pallet Cash,880.0,1.0,success,False,2026-08-21T02:24:19.138497+09:00
Pallet Category,,,failed,False,2026-08-23T13:07:17.768470+09:00
Pallet Center,70.0,9.0,success,False,2026-08-17T20:41:03.029394+09:00
Pallet Chain,50.0,72.0,success,False,2026-08-17T21:41:36.452024+09:00
Pallet Charge,210.0,5.0,success,False,2026-08-21T02:39:52.714819+09:00
Pallet Check,140.0,56.0,success,False,2026-08-19T13:30:39.417389+09:00
Pallet Checker,140.0,56.0,success,False,2026-08-27T23:58:23.732862+09:00
Pallet Checklist,10.0,0.0,success,False,2026-08-19T21:20:05.379169+09:00
Pallet Circular,170.0,17.0,success,False,2026-08-21T01:01:52.955831+09:00
Pallet Cockpit,,,failed,False,2026-08-17T23:23:45.943375+09:00
Pallet Code,210.0,0.0,success,False,2026-08-19T22:04:38.551336+09:00
Pallet Codex,,,failed,False,2026-08-18T22:07:09.458547+09:00
Pallet Companion,,,failed,False,2026-08-17T23:12:11.666158+09:00
Pallet Comparison,70.0,84.0,success,False,2026-08-28T01:08:35.196750+09:00
Pallet Compass,,,failed,False,2026-08-17T20:39:52.233588+09:00
Pallet Compendium,,,failed,False,2026-08-18T22:07:01.170489+09:00
Pallet Confirmation,,,failed,False,2026-08-21T00:59:50.492128+09:00
Pallet Console,20.0,48.0,success,False,2026-08-17T20:38:32.473394+09:00
Pallet Core,110.0,51.0,success,False,2026-08-17T20:49:41.074252+09:00
Pallet Cost,720.0,93.0,success,False,2026-08-21T02:08:41.527197+09:00
Pallet Count,320.0,9.0,success,False,2026-08-27T22:50:00.330096+09:00
Pallet Counter,320.0,9.0,success,False,2026-08-19T00:01:40.731758+09:00
Pallet Dashboard,,,failed,False,2026-08-17T23:04:59.397693+09:00
Pallet Deal,320.0,99.0,success,False,2026-08-21T01:52:27.177299+09:00
Pallet Debt,,,failed,False,2026-08-21T02:24:08.080909+09:00
Pallet Deck,3600.0,100.0,success,False,2026-08-17T20:45:28.437462+09:00
Pallet Depot,1000.0,6.0,success,False,2026-08-19T00:01:24.646371+09:00
Pallet Desk,390.0,70.0,success,False,2026-08-17T20:43:09.097865+09:00
Pallet Detail,,,failed,False,2026-08-23T03:19:24.648506+09:00
Pallet Detector,,,failed,False,2026-08-27T23:58:26.225716+09:00
Pallet Diagram,140.0,1.0,success,False,2026-08-27T22:13:24.343596+09:00
Pallet Dial,,,failed,False,2026-08-17T20:36:39.507807+09:00
Pallet Digest,,,failed,False,2026-08-19T20:46:02.034696+09:00
Pallet Directory,,,failed,False,2026-08-19T00:00:59.808882+09:00
Pallet Discount,170.0,42.0,success,False,2026-08-23T16:15:20.225326+09:00
Pallet Dock,90.0,55.0,success,False,2026-08-17T20:32:47.475978+09:00
Pallet Dossier,,,failed,False,2026-08-21T00:59:52.495839+09:00
Pallet Downpayment,,,failed,False,2026-08-27T21:48:59.482652+09:00
Pallet Draft,,,failed,False,2026-08-19T20:46:10.724712+09:00
Pallet Due,,,failed,False,2026-08-23T15:52:15.458518+09:00
Pallet Duty,,,failed,False,2026-08-21T02:39:54.831624+09:00
Pallet Engine,390.0,3.0,success,False,2026-08-17T23:33:04.806706+09:00
Pallet Entry,10.0,18.0,success,False,2026-08-21T01:00:04.597458+09:00
Pallet Estimate,,,failed,False,2026-08-19T21:31:29.606643+09:00
Pallet Estimator,3600.0,6.0,success,False,2026-08-27T23:58:23.732862+09:00
Pallet Excerpt,,,failed,False,2026-08-21T01:02:05.845061+09:00
Pallet Fare,,,failed,False,2026-08-21T02:08:48.919404+09:00
Pallet Fee,110.0,1.0,success,False,2026-08-21T01:52:04.897893+09:00
Pallet Feed,260.0,21.0,success,False,2026-08-19T20:46:06.697629+09:00
Pallet File,,,failed,False,2026-08-19T20:45:37.673361+09:00
Pallet Finder,50.0,3.0,success,False,2026-08-19T00:01:18.833283+09:00
Pallet Fine,,,failed,False,2026-08-23T02:54:50.074152+09:00
Pallet Flag,480.0,95.0,success,False,2026-08-21T00:25:43.310750+09:00
Pallet Flow,390.0,15.0,success,False,2026-08-17T20:45:51.407426+09:00
Pallet Forge,10.0,1.0,success,False,2026-08-17T20:38:06.157627+09:00
Pallet Form,50.0,11.0,success,False,2026-08-19T13:29:52.884526+09:00
Pallet Frame,590.0,100.0,success,False,2026-08-17T21:32:15.070878+09:00
Pallet Fund,10.0,0.0,success,False,2026-08-21T02:24:14.838617+09:00
Pallet Gate,1000.0,86.0,success,False,2026-08-17T21:36:57.018160+09:00
Pallet Grade,,,failed,False,2026-08-21T00:25:21.406032+09:00
Pallet Graph,,,failed,False,2026-08-27T22:13:13.048056+09:00
Pallet Grid,40.0,74.0,success,False,2026-08-18T07:52:17.361320+09:00
Pallet Guarantee,,,failed,False,2026-08-28T01:08:35.196750+09:00
Pallet Guard,320.0,89.0,success,False,2026-08-17T21:30:30.781560+09:00
Pallet Guardian,,,failed,False,2026-08-28T00:27:06.057605+09:00
Pallet Guidebook,,,failed,False,2026-08-18T22:06:25.984558+09:00
Pallet Helper,,,failed,False,2026-08-28T00:27:09.738576+09:00
Pallet History,30.0,0.0,success,False,2026-08-19T20:45:32.308725+09:00
Pallet Hub,110.0,8.0,success,False,2026-08-17T20:44:51.445524+09:00
Pallet Identifier,210.0,8.0,success,False,2026-08-23T13:07:17.768470+09:00
Pallet Index,10.0,2.0,success,False,2026-08-19T21:31:12.885816+09:00
Pallet Insight,,,failed,False,2026-08-17T23:23:29.892589+09:00
Pallet Installment,,,failed,False,2026-08-23T16:15:22.615283+09:00
Pallet Interest,,,failed,False,2026-08-23T13:47:27.498118+09:00
Pallet Item,260.0,46.0,success,False,2026-08-21T01:52:12.646112+09:00
Pallet Journal,10.0,0.0,success,False,2026-08-18T22:06:07.690995+09:00
Pallet Keeper,,,failed,False,2026-08-17T21:32:50.995270+09:00
Pallet Lab,70.0,21.0,success,False,2026-08-17T20:43:34.295212+09:00
Pallet Label,1300.0,71.0,success,False,2026-08-27T22:13:13.048056+09:00
Pallet Layout,140.0,9.0,success,False,2026-08-27T22:29:13.251110+09:00
Pallet Ledger,,,failed,False,2026-08-17T20:47:33.914967+09:00
Pallet Lens,,,failed,False,2026-08-17T21:33:20.961288+09:00
Pallet Level,170.0,100.0,success,False,2026-08-19T20:45:45.249853+09:00
Pallet Levy,,,failed,False,2026-08-23T13:47:31.255092+09:00
Pallet Link,110.0,8.0,success,False,2026-08-23T03:19:19.103854+09:00
Pallet List,70.0,3.0,success,False,2026-08-19T22:04:53.715623+09:00
Pallet Loan,,,failed,False,2026-08-21T02:09:00.837465+09:00
Pallet Locator,170.0,6.0,success,False,2026-08-19T00:01:10.174789+09:00
Pallet Lock,140.0,20.0,success,False,2026-08-17T21:35:24.685319+09:00
Pallet Log,210.0,99.0,success,False,2026-08-19T13:29:43.800182+09:00
Pallet Loop,260.0,1.0,success,False,2026-08-18T07:52:06.675931+09:00
Pallet Manager,20.0,8.0,success,False,2026-08-17T21:31:39.058447+09:00
Pallet Manual,210.0,38.0,success,False,2026-08-27T22:13:16.015424+09:00
Pallet Map,70.0,6.0,success,False,2026-08-17T21:34:24.214520+09:00
Pallet Markup,,,failed,False,2026-08-23T16:39:28.081272+09:00
Pallet Memo,,,failed,False,2026-08-21T00:25:29.281502+09:00
Pallet Message,,,failed,False,2026-08-27T23:15:30.690091+09:00
Pallet Meter,,,failed,False,2026-08-17T20:35:44.075031+09:00
Pallet Metrics,,,failed,False,2026-08-17T23:10:35.067749+09:00
Pallet Monitor,,,failed,False,2026-08-17T22:48:05.376281+09:00
Pallet Navigator,,,failed,False,2026-08-17T23:24:07.376365+09:00
Pallet Nexus,,,failed,False,2026-08-17T21:35:58.459168+09:00
Pallet Node,,,failed,False,2026-08-17T21:38:08.965654+09:00
Pallet Note,140.0,52.0,success,False,2026-08-19T13:30:54.229704+09:00
Pallet Notification,,,failed,False,2026-08-27T22:49:57.314209+09:00
Pallet Number,210.0,1.0,success,False,2026-08-23T03:19:12.816359+09:00
Pallet Office,40.0,4.0,success,False,2026-08-19T00:01:32.528747+09:00
Pallet Ops,20.0,16.0,success,False,2026-08-17T23:06:52.573020+09:00
Pallet Order,210.0,100.0,success,False,2026-08-19T22:04:07.178529+09:00
Pallet Organizer,170.0,100.0,success,False,2026-08-17T23:33:31.331574+09:00
Pallet Overage,,,failed,False,2026-08-27T21:48:57.191063+09:00
Pallet Overdraft,,,failed,False,2026-08-23T15:52:18.208311+09:00
Pallet Overdue,,,failed,False,2026-08-27T21:48:52.496958+09:00
Pallet Panel,110.0,98.0,success,False,2026-08-17T20:37:38.706086+09:00
Pallet Pass,,,failed,False,2026-08-21T00:24:39.947545+09:00
Pallet Path,90.0,34.0,success,False,2026-08-17T21:37:36.095439+09:00
Pallet Payoff,,,failed,False,2026-08-27T21:48:54.950777+09:00
Pallet Penalty,,,failed,False,2026-08-23T16:39:28.081272+09:00
Pallet Petition,,,failed,False,2026-08-21T00:59:46.357323+09:00
Pallet Pilot,,,failed,False,2026-08-17T20:44:04.848400+09:00
Pallet Plan,140.0,25.0,success,False,2026-08-21T01:52:20.481419+09:00
Pallet Planner,140.0,25.0,success,False,2026-08-17T23:33:17.146702+09:00
Pallet Playbook,,,failed,False,2026-08-18T22:05:57.658157+09:00
Pallet Point,50.0,2.0,success,False,2026-08-17T21:36:30.682605+09:00
Pallet Portal,30.0,6.0,success,False,2026-08-17T20:39:23.919432+09:00
Pallet Profile,70.0,23.0,success,False,2026-08-19T13:31:08.046594+09:00
Pallet Profit,,,failed,False,2026-08-23T02:54:41.831535+09:00
Pallet Proposal,,,failed,False,2026-08-28T01:08:35.196750+09:00
Pallet Pulse,,,failed,False,2026-08-17T21:41:04.521769+09:00
Pallet Quota,,,failed,False,2026-08-21T00:25:38.806657+09:00
Pallet Radar,,,failed,False,2026-08-17T20:42:13.997557+09:00
Pallet Rail,110.0,59.0,success,False,2026-08-17T20:31:36.969919+09:00
Pallet Rate,90.0,67.0,success,False,2026-08-19T20:45:50.851524+09:00
Pallet Recap,,,failed,False,2026-08-21T01:02:03.687665+09:00
Pallet Receipt,10.0,74.0,success,False,2026-08-19T22:04:26.155627+09:00
Pallet Recorder,,,failed,False,2026-08-27T23:36:25.651250+09:00
Pallet Register,,,failed,False,2026-08-17T23:24:26.895595+09:00
Pallet Registry,,,failed,False,2026-08-18T22:06:35.395449+09:00
Pallet Relay,,,failed,False,2026-08-17T20:41:24.809383+09:00
Pallet Reminder,,,failed,False,2026-08-19T21:19:52.858825+09:00
Pallet Report,20.0,1.0,success,False,2026-08-19T13:29:22.570342+09:00
Pallet Roadmap,,,failed,False,2026-08-18T22:07:16.682645+09:00
Pallet Roster,,,failed,False,2026-08-19T00:38:50.428870+09:00
Pallet Route,,,failed,False,2026-08-17T20:33:51.962760+09:00
Pallet Rule,,,failed,False,2026-08-23T03:19:21.354912+09:00
Pallet Sale,2400.0,86.0,success,False,2026-08-21T02:24:23.153426+09:00
Pallet Sample,20.0,61.0,success,False,2026-08-19T22:05:38.259870+09:00
Pallet Scale,2900.0,100.0,success,False,2026-08-17T20:34:43.926118+09:00
Pallet Scanner,210.0,32.0,success,False,2026-08-27T23:58:26.225716+09:00
Pallet Scheduler,,,failed,False,2026-08-17T23:08:58.203851+09:00
Pallet Scope,,,failed,False,2026-08-17T20:32:10.469810+09:00
Pallet Score,,,failed,False,2026-08-19T13:30:45.657035+09:00
Pallet Sentry,,,failed,False,2026-08-17T21:33:48.082783+09:00
Pallet Serial,,,failed,False,2026-08-23T13:27:48.876436+09:00
Pallet Sheet,590.0,88.0,success,False,2026-08-19T13:30:13.142544+09:00
Pallet Shortfall,,,failed,False,2026-08-27T21:49:01.717649+09:00
Pallet Signal,,,failed,False,2026-08-17T20:34:18.335664+09:00
Pallet Signature,,,failed,False,2026-08-23T13:27:48.876436+09:00
Pallet Slip,140.0,80.0,success,False,2026-08-19T22:05:25.560581+09:00
Pallet Slot,,,failed,False,2026-08-19T22:05:46.180547+09:00
Pallet Snapshot,,,failed,False,2026-08-18T22:06:16.619003+09:00
Pallet Stake,,,failed,False,2026-08-23T02:54:48.016404+09:00
Pallet Statement,,,failed,False,2026-08-21T00:25:07.096192+09:00
Pallet Station,90.0,29.0,success,False,2026-08-17T20:42:41.908187+09:00
Pallet Status,,,failed,False,2026-08-19T20:45:14.737555+09:00
Pallet Stub,,,failed,False,2026-08-21T00:25:02.156940+09:00
Pallet Studio,320.0,4.0,success,False,2026-08-17T20:44:24.451216+09:00
Pallet Suite,,,failed,False,2026-08-17T23:07:13.674847+09:00
Pallet Sum,,,failed,False,2026-08-21T02:24:04.256033+09:00
Pallet Summary,,,failed,False,2026-08-19T21:19:27.756536+09:00
Pallet Sync,,,failed,False,2026-08-17T20:46:56.962156+09:00
Pallet Tab,10.0,0.0,success,False,2026-08-21T00:25:50.747055+09:00
Pallet Table,5400.0,54.0,success,False,2026-08-19T22:05:04.840486+09:00
Pallet Tag,2400.0,6.0,success,False,2026-08-19T13:31:00.342217+09:00
Pallet Tally,,,failed,False,2026-08-21T00:25:15.691482+09:00
Pallet Tariff,,,failed,False,2026-08-21T02:40:07.402959+09:00
Pallet Tax,,,failed,False,2026-08-21T02:08:52.269018+09:00
Pallet Terminal,10.0,23.0,success,False,2026-08-17T23:04:01.438390+09:00
Pallet Ticket,90.0,0.0,success,False,2026-08-19T21:31:21.634231+09:00
Pallet Timeline,,,failed,False,2026-08-19T21:19:43.238592+09:00
Pallet Timer,,,failed,False,2026-08-28T00:27:03.530965+09:00
Pallet Toll,,,failed,False,2026-08-21T02:39:59.313025+09:00
Pallet Toolbox,30.0,18.0,success,False,2026-08-28T00:27:06.057605+09:00
Pallet Toolkit,,,failed,False,2026-08-18T22:05:50.321080+09:00
Pallet Total,,,failed,False,2026-08-27T23:15:33.369822+09:00
Pallet Tracker,4400.0,37.0,success,False,2026-08-17T20:48:13.207047+09:00
Pallet Trail,,,failed,False,2026-08-18T07:52:46.019796+09:00
Pallet Trend,10.0,0.0,success,False,2026-08-28T01:08:32.525331+09:00
Pallet Trial,20.0,0.0,success,False,2026-08-27T21:17:51.217476+09:00
Pallet Unit,90.0,45.0,success,False,2026-08-21T01:52:17.382086+09:00
Pallet Update,,,failed,False,2026-08-19T20:45:56.516624+09:00
Pallet Value,50.0,0.0,success,False,2026-08-23T02:54:43.780312+09:00
Pallet Vault,,,failed,False,2026-08-17T20:40:42.163784+09:00
Pallet Version,,,failed,False,2026-08-23T03:19:15.336839+09:00
Pallet View,10.0,0.0,success,False,2026-08-19T20:45:25.764339+09:00
Pallet Voucher,,,failed,False,2026-08-21T00:24:49.316489+09:00
Pallet Watch,320.0,1.0,success,False,2026-08-17T20:33:23.313632+09:00
Pallet Wave,260.0,3.0,success,False,2026-08-17T21:38:40.825363+09:00
Pallet Widget,,,failed,False,2026-08-27T23:15:33.369822+09:00
Pallet Workbench,480.0,58.0,success,False,2026-08-18T22:05:42.226060+09:00
Pallet Worksheet,,,failed,False,2026-08-27T22:13:20.966698+09:00
Pallet Zone,70.0,4.0,success,False,2026-08-17T20:40:19.019495+09:00
Panic Advisory,,,failed,False,2026-08-21T01:06:21.603341+09:00
Panic Alert,140.0,49.0,success,False,2026-08-19T21:15:56.084621+09:00
Panic Allowance,,,failed,False,2026-08-21T02:44:44.036553+09:00
Panic Analyzer,880.0,0.0,success,False,2026-08-27T23:54:45.435156+09:00
Panic Asset,,,failed,False,2026-08-23T13:47:18.876098+09:00
Panic Assistant,,,failed,False,2026-08-19T21:10:31.479524+09:00
Panic Atlas,,,failed,False,2026-08-19T21:09:44.414904+09:00
Panic Badge,,,failed,False,2026-08-21T00:30:41.620130+09:00
Panic Base,210.0,0.0,success,False,2026-08-19T21:05:41.663242+09:00
Panic Beacon,10.0,21.0,success,False,2026-08-19T21:31:21.634231+09:00
Panic Bill,,,failed,False,2026-08-19T22:05:43.764657+09:00
Panic Bin,,,failed,False,2026-08-19T21:16:16.247165+09:00
Panic Board,40.0,0.0,success,False,2026-08-19T21:06:16.769807+09:00
Panic Book,1300.0,20.0,success,False,2026-08-19T22:06:32.723316+09:00
Panic Bridge,,,failed,False,2026-08-19T21:31:45.728679+09:00
Panic Brief,,,failed,False,2026-08-21T01:06:13.819084+09:00
Panic Bulletin,,,failed,False,2026-08-21T01:06:10.948985+09:00
Panic Cabinet,,,failed,False,2026-08-27T23:11:31.507435+09:00
Panic Calendar,20.0,0.0,success,False,2026-08-19T21:12:24.209579+09:00
Panic Card,50.0,1.0,success,False,2026-08-19T21:18:03.656517+09:00
Panic Cascade,,,failed,False,2026-08-19T21:31:35.907614+09:00
Panic Cash,,,failed,False,2026-08-21T02:28:22.675348+09:00
Panic Cashback,,,failed,False,2026-08-27T21:19:43.592379+09:00
Panic Center,10.0,0.0,success,False,2026-08-19T21:07:21.562422+09:00
Panic Chain,10.0,57.0,success,False,2026-08-19T21:08:54.298412+09:00
Panic Charge,,,failed,False,2026-08-21T02:44:28.484946+09:00
Panic Chart,20.0,7.0,success,False,2026-08-19T21:16:06.341907+09:00
Panic Check,110.0,0.0,success,False,2026-08-19T21:18:26.718972+09:00
Panic Checker,10.0,0.0,success,False,2026-08-27T23:54:32.984482+09:00
Panic Circular,,,failed,False,2026-08-21T01:06:17.673460+09:00
Panic Code,170.0,0.0,success,False,2026-08-19T22:06:01.682265+09:00
Panic Companion,10.0,0.0,success,False,2026-08-19T21:11:14.866023+09:00
Panic Comparison,,,failed,False,2026-08-28T01:06:00.663079+09:00
Panic Compass,,,failed,False,2026-08-19T21:31:12.885816+09:00
Panic Confirmation,,,failed,False,2026-08-21T01:06:31.516088+09:00
Panic Console,40.0,12.0,success,False,2026-08-19T21:07:51.410434+09:00
Panic Core,390.0,1.0,success,False,2026-08-19T21:05:54.912887+09:00
Panic Cost,,,failed,False,2026-08-21T02:11:15.261095+09:00
Panic Count,,,failed,False,2026-08-27T22:45:43.680386+09:00
Panic Counter,,,failed,False,2026-08-19T21:13:19.288024+09:00
Panic Coupon,,,failed,False,2026-08-27T21:19:40.666664+09:00
Panic Deal,,,failed,False,2026-08-21T01:54:32.681048+09:00
Panic Debt,,,failed,False,2026-08-21T02:28:12.321639+09:00
Panic Deck,90.0,1.0,success,False,2026-08-19T21:06:30.155036+09:00
Panic Desk,,,failed,False,2026-08-19T21:30:40.784781+09:00
Panic Detail,,,failed,False,2026-08-23T03:16:07.985751+09:00
Panic Detector,,,failed,False,2026-08-27T23:54:40.654466+09:00
Panic Diagram,20.0,0.0,success,False,2026-08-27T22:15:41.431097+09:00
Panic Directory,,,failed,False,2026-08-19T21:12:33.528106+09:00
Panic Discount,,,failed,False,2026-08-23T16:16:09.972976+09:00
Panic Dossier,,,failed,False,2026-08-21T01:06:42.544203+09:00
Panic Downpayment,,,failed,False,2026-08-27T21:50:46.767806+09:00
Panic Draft,,,failed,False,2026-08-19T21:29:30.457441+09:00
Panic Due,,,failed,False,2026-08-23T15:52:22.475978+09:00
Panic Duty,,,failed,False,2026-08-21T02:44:32.833058+09:00
Panic Engine,30.0,0.0,success,False,2026-08-19T21:10:20.581807+09:00
Panic Entry,,,failed,False,2026-08-21T01:06:53.303863+09:00
Panic Estimate,,,failed,False,2026-08-19T21:30:14.177717+09:00
Panic Estimator,,,failed,False,2026-08-27T23:54:32.984482+09:00
Panic Excerpt,,,failed,False,2026-08-21T01:06:48.856434+09:00
Panic Fare,,,failed,False,2026-08-21T02:11:23.948204+09:00
Panic Fee,,,failed,False,2026-08-21T01:54:12.034921+09:00
Panic Feed,,,failed,False,2026-08-19T21:29:24.641827+09:00
Panic File,20.0,0.0,success,False,2026-08-19T21:20:03.565098+09:00
Panic Fine,,,failed,False,2026-08-23T02:52:26.045301+09:00
Panic Flag,10.0,0.0,success,False,2026-08-21T00:31:22.902026+09:00
Panic Flow,,,failed,False,2026-08-19T21:30:26.736781+09:00
Panic Form,,,failed,False,2026-08-19T21:17:55.830991+09:00
Panic Format,,,failed,False,2026-08-23T13:06:17.940469+09:00
Panic Frame,880.0,0.0,success,False,2026-08-19T21:05:30.373866+09:00
Panic Fund,,,failed,False,2026-08-21T02:28:18.996082+09:00
Panic Gate,50.0,70.0,success,False,2026-08-19T21:09:18.934477+09:00
Panic Giveaway,,,failed,False,2026-08-27T21:19:46.309866+09:00
Panic Grade,,,failed,False,2026-08-21T00:31:07.825329+09:00
Panic Grid,,,failed,False,2026-08-19T21:04:27.192873+09:00
Panic Guarantee,,,failed,False,2026-08-28T01:06:10.302074+09:00
Panic Guardian,,,failed,False,2026-08-28T00:24:39.235749+09:00
Panic Harbor,,,failed,False,2026-08-19T21:15:00.223476+09:00
Panic Helpdesk,,,failed,False,2026-08-27T22:45:51.425899+09:00
Panic Helper,,,failed,False,2026-08-28T00:24:41.812871+09:00
Panic History,10.0,0.0,success,False,2026-08-19T21:19:50.890463+09:00
Panic Hub,10.0,0.0,success,False,2026-08-19T21:30:35.144264+09:00
Panic Inbox,,,failed,False,2026-08-19T21:15:46.366866+09:00
Panic Incentive,,,failed,False,2026-08-27T21:19:46.309866+09:00
Panic Index,140.0,4.0,success,False,2026-08-19T21:29:57.691182+09:00
Panic Item,,,failed,False,2026-08-21T01:54:16.257744+09:00
Panic Journal,10.0,24.0,success,False,2026-08-19T21:12:02.105513+09:00
Panic Keeper,,,failed,False,2026-08-19T21:09:55.427058+09:00
Panic Kit,70.0,32.0,success,False,2026-08-27T22:45:37.997038+09:00
Panic Label,,,failed,False,2026-08-27T22:15:29.214068+09:00
Panic Ledger,,,failed,False,2026-08-19T21:06:06.633142+09:00
Panic Level,30.0,0.0,success,False,2026-08-19T21:29:00.879622+09:00
Panic Line,70.0,8.0,success,False,2026-08-19T21:17:08.649893+09:00
Panic Link,20.0,3.0,success,False,2026-08-23T03:15:59.188624+09:00
Panic List,,,failed,False,2026-08-19T22:06:09.459067+09:00
Panic Loan,,,failed,False,2026-08-21T02:11:27.429616+09:00
Panic Lobby,,,failed,False,2026-08-19T21:16:41.047984+09:00
Panic Locator,,,failed,False,2026-08-19T21:12:43.604286+09:00
Panic Log,1000.0,0.0,success,True,2026-08-19T21:17:47.761016+09:00
Panic Loop,70.0,0.0,success,False,2026-08-19T21:04:13.651960+09:00
Panic Manager,,,failed,False,2026-08-19T21:10:11.430001+09:00
Panic Manual,50.0,0.0,success,False,2026-08-27T22:15:33.141509+09:00
Panic Map,10.0,0.0,success,False,2026-08-19T21:05:15.949286+09:00
Panic Marker,,,failed,False,2026-08-23T13:27:36.728702+09:00
Panic Memo,,,failed,False,2026-08-21T00:31:12.375379+09:00
Panic Message,20.0,0.0,success,False,2026-08-27T23:11:25.184143+09:00
Panic Monitor,10.0,0.0,success,False,2026-08-19T21:11:07.162763+09:00
Panic Nexus,,,failed,False,2026-08-19T21:09:32.906956+09:00
Panic Note,,,failed,False,2026-08-19T21:18:48.274039+09:00
Panic Notification,10.0,0.0,success,False,2026-08-27T22:45:37.997038+09:00
Panic Number,20.0,7.0,success,False,2026-08-23T03:15:49.113628+09:00
Panic Office,30.0,0.0,success,False,2026-08-19T21:13:07.301000+09:00
Panic Ops,,,failed,False,2026-08-19T21:11:37.631930+09:00
Panic Order,50.0,0.0,success,False,2026-08-19T22:05:32.455871+09:00
Panic Overage,,,failed,False,2026-08-27T21:50:44.551751+09:00
Panic Overdue,,,failed,False,2026-08-27T21:50:42.355855+09:00
Panic Panel,110.0,4.0,success,False,2026-08-19T21:08:00.939328+09:00
Panic Pass,,,failed,False,2026-08-21T00:30:29.735189+09:00
Panic Passport,10.0,0.0,success,False,2026-08-19T21:16:30.496623+09:00
Panic Path,10.0,0.0,success,False,2026-08-19T21:04:53.638566+09:00
Panic Payoff,,,failed,False,2026-08-27T21:50:42.355855+09:00
Panic Petition,,,failed,False,2026-08-21T01:06:25.514755+09:00
Panic Plan,30.0,0.0,success,False,2026-08-21T01:54:25.472983+09:00
Panic Planner,,,failed,False,2026-08-19T21:10:42.484655+09:00
Panic Playbook,,,failed,False,2026-08-19T21:11:48.091080+09:00
Panic Point,14800.0,1.0,success,False,2026-08-19T21:05:05.946905+09:00
Panic Portal,50.0,0.0,success,False,2026-08-19T21:07:40.402937+09:00
Panic Preview,10.0,0.0,success,False,2026-08-28T01:06:05.018602+09:00
Panic Profile,,,failed,False,2026-08-19T21:19:14.051362+09:00
Panic Profit,10.0,,success,False,2026-08-23T02:58:49.315026+09:00
Panic Proposal,,,failed,False,2026-08-28T01:06:07.510525+09:00
Panic Quota,,,failed,False,2026-08-21T00:31:17.519824+09:00
Panic Radar,,,failed,False,2026-08-19T21:30:49.393699+09:00
Panic Rail,10.0,29.0,success,False,2026-08-19T21:08:31.191170+09:00
Panic Rate,,,failed,False,2026-08-19T21:29:07.329786+09:00
Panic Recap,10.0,0.0,success,False,2026-08-21T01:06:45.397337+09:00
Panic Receipt,,,failed,False,2026-08-19T22:05:51.290848+09:00
Panic Recorder,,,failed,False,2026-08-27T23:33:49.410538+09:00
Panic Register,,,failed,False,2026-08-19T21:11:25.521014+09:00
Panic Registry,,,failed,False,2026-08-19T21:12:12.315865+09:00
Panic Relay,,,failed,False,2026-08-19T21:30:59.491804+09:00
Panic Reminder,,,failed,False,2026-08-19T21:29:51.150185+09:00
Panic Report,110.0,0.0,success,False,2026-08-19T21:17:37.116648+09:00
Panic Repository,,,failed,False,2026-08-27T23:11:34.108403+09:00
Panic Ring,110.0,16.0,success,False,2026-08-19T21:09:04.357233+09:00
Panic Roll,210.0,2.0,success,False,2026-08-19T21:17:29.124164+09:00
Panic Roster,,,failed,False,2026-08-19T21:15:33.096576+09:00
Panic Route,10.0,0.0,success,False,2026-08-19T21:08:21.181421+09:00
Panic Rule,,,failed,False,2026-08-23T03:16:04.926690+09:00
Panic Sale,90.0,0.0,success,False,2026-08-21T02:28:25.181498+09:00
Panic Scale,50.0,0.0,success,False,2026-08-19T21:08:11.674763+09:00
Panic Scanner,,,failed,False,2026-08-27T23:54:35.399736+09:00
Panic Scheduler,,,failed,False,2026-08-19T21:10:55.875332+09:00
Panic Schematic,,,failed,False,2026-08-27T22:28:37.219396+09:00
Panic Scope,,,failed,False,2026-08-19T21:04:01.717737+09:00
Panic Score,,,failed,False,2026-08-19T21:18:36.412771+09:00
Panic Sheet,,,failed,False,2026-08-19T21:18:14.475118+09:00
Panic Shelf,,,failed,False,2026-08-19T21:15:22.705045+09:00
Panic Shortfall,,,failed,False,2026-08-27T21:50:49.400709+09:00
Panic Signal,,,failed,False,2026-08-19T21:03:33.928340+09:00
Panic Slip,,,failed,False,2026-08-19T22:06:44.272499+09:00
Panic Slot,,,failed,False,2026-08-19T22:07:01.913828+09:00
Panic Stake,,,failed,False,2026-08-23T02:58:55.572787+09:00
Panic Statement,,,failed,False,2026-08-21T00:30:53.488074+09:00
Panic Station,2900.0,2.0,success,False,2026-08-19T21:06:57.837919+09:00
Panic Status,30.0,0.0,success,False,2026-08-19T21:19:25.343582+09:00
Panic Stub,,,failed,False,2026-08-21T00:30:49.324092+09:00
Panic Sum,,,failed,False,2026-08-21T02:28:08.522679+09:00
Panic Summary,10.0,0.0,success,False,2026-08-19T21:29:38.081788+09:00
Panic Table,110.0,98.0,success,False,2026-08-19T22:06:22.029176+09:00
Panic Tag,10.0,33.0,success,False,2026-08-19T21:19:03.809657+09:00
Panic Tally,,,failed,False,2026-08-21T00:31:01.051294+09:00
Panic Tariff,,,failed,False,2026-08-21T02:44:46.644995+09:00
Panic Tax,,,failed,False,2026-08-21T02:11:27.429616+09:00
Panic Terminal,30.0,0.0,success,False,2026-08-19T21:07:08.840903+09:00
Panic Ticker,,,failed,False,2026-08-19T21:16:53.658254+09:00
Panic Ticket,30.0,59.0,success,False,2026-08-19T21:30:07.251599+09:00
Panic Timeline,,,failed,False,2026-08-19T21:29:44.160374+09:00
Panic Token,10.0,0.0,success,False,2026-08-23T13:27:34.278860+09:00
Panic Toll,,,failed,False,2026-08-21T02:44:40.179717+09:00
Panic Toolbox,,,failed,False,2026-08-28T00:24:41.812871+09:00
Panic Total,10.0,8.0,success,False,2026-08-27T23:11:28.090319+09:00
Panic Tower,390.0,14.0,success,False,2026-08-19T21:15:11.193054+09:00
Panic Tracker,90.0,25.0,success,False,2026-08-19T21:30:20.208348+09:00
Panic Trail,,,failed,False,2026-08-19T21:08:42.108199+09:00
Panic Trend,,,failed,False,2026-08-28T01:05:58.030505+09:00
Panic Trial,,,failed,False,2026-08-27T21:19:43.592379+09:00
Panic Unit,,,failed,False,2026-08-21T01:54:20.819048+09:00
Panic Update,,,failed,False,2026-08-19T21:29:16.026683+09:00
Panic Value,210.0,0.0,success,False,2026-08-23T02:58:53.611200+09:00
Panic Vault,20.0,0.0,success,False,2026-08-19T21:31:05.316836+09:00
Panic Version,,,failed,False,2026-08-23T03:15:51.596433+09:00
Panic View,,,failed,False,2026-08-19T21:19:39.587475+09:00
Panic Voucher,,,failed,False,2026-08-21T00:30:37.167399+09:00
Panic Watch,90.0,91.0,success,False,2026-08-19T21:03:49.756847+09:00
Panic Wave,140.0,1.0,success,False,2026-08-19T21:04:40.695118+09:00
Panic Widget,,,failed,False,2026-08-27T23:11:31.507435+09:00
Panic Window,10.0,0.0,success,False,2026-08-19T21:17:18.865865+09:00
Panic Workshop,,,failed,False,2026-08-28T00:24:36.830973+09:00
Panic Zone,390.0,4.0,success,False,2026-08-19T21:07:31.125995+09:00
Paralegal Advance,,,failed,False,2026-08-23T16:16:26.754683+09:00
Paralegal Advisory,,,failed,False,2026-08-21T01:05:30.928954+09:00
Paralegal Allowance,,,failed,False,2026-08-21T02:37:45.273746+09:00
Paralegal Analyzer,,,failed,False,2026-08-27T23:53:26.856284+09:00
Paralegal Arrears,,,failed,False,2026-08-23T16:16:24.189782+09:00
Paralegal Assistant,27100.0,14.0,success,False,2026-08-19T00:01:49.817235+09:00
Paralegal Atlas,,,failed,False,2026-08-19T00:01:21.334255+09:00
Paralegal Badge,20.0,41.0,success,False,2026-08-21T00:30:14.861916+09:00
Paralegal Base,,,failed,False,2026-08-18T23:58:07.902911+09:00
Paralegal Beacon,,,failed,False,2026-08-19T00:04:56.559247+09:00
Paralegal Bill,,,failed,False,2026-08-19T22:06:47.930339+09:00
Paralegal Board,,,failed,False,2026-08-18T23:58:35.248777+09:00
Paralegal Book,320.0,100.0,success,False,2026-08-19T22:07:52.466558+09:00
Paralegal Bridge,,,failed,False,2026-08-19T00:05:13.902876+09:00
Paralegal Brief,10.0,0.0,success,False,2026-08-21T01:05:22.302548+09:00
Paralegal Bulletin,,,failed,False,2026-08-21T01:05:09.510273+09:00
Paralegal Calendar,,,failed,False,2026-08-19T00:03:06.405993+09:00
Paralegal Card,,,failed,False,2026-08-19T13:42:14.783829+09:00
Paralegal Cascade,,,failed,False,2026-08-19T00:05:07.956398+09:00
Paralegal Cash,,,failed,False,2026-08-21T02:30:57.020640+09:00
Paralegal Center,10.0,4.0,success,False,2026-08-18T23:59:27.223478+09:00
Paralegal Chain,,,failed,False,2026-08-19T00:00:48.226412+09:00
Paralegal Charge,,,failed,False,2026-08-21T02:37:31.175739+09:00
Paralegal Check,,,failed,False,2026-08-19T13:42:37.156031+09:00
Paralegal Checker,,,failed,False,2026-08-27T23:53:16.393422+09:00
Paralegal Checklist,50.0,18.0,success,False,2026-08-19T21:19:54.949155+09:00
Paralegal Circular,,,failed,False,2026-08-21T01:05:26.897512+09:00
Paralegal Code,,,failed,False,2026-08-19T22:07:10.998735+09:00
Paralegal Companion,,,failed,False,2026-08-19T00:02:21.603583+09:00
Paralegal Comparison,,,failed,False,2026-08-28T01:04:34.359127+09:00
Paralegal Compass,,,failed,False,2026-08-19T00:04:47.180412+09:00
Paralegal Confirmation,,,failed,False,2026-08-21T01:05:38.366293+09:00
Paralegal Console,,,failed,False,2026-08-18T23:59:53.624295+09:00
Paralegal Contribution,,,failed,False,2026-08-23T16:16:21.487176+09:00
Paralegal Core,,,failed,False,2026-08-18T23:58:17.460804+09:00
Paralegal Cost,110.0,18.0,success,False,2026-08-21T02:14:02.511057+09:00
Paralegal Count,,,failed,False,2026-08-27T22:44:52.843533+09:00
Paralegal Counter,,,failed,False,2026-08-19T00:03:50.601023+09:00
Paralegal Deal,,,failed,False,2026-08-21T01:57:50.113408+09:00
Paralegal Debt,,,failed,False,2026-08-21T02:30:51.336298+09:00
Paralegal Deck,,,failed,False,2026-08-18T23:58:42.867449+09:00
Paralegal Depot,,,failed,False,2026-08-19T00:03:34.698010+09:00
Paralegal Desk,40.0,68.0,success,False,2026-08-19T00:04:23.577898+09:00
Paralegal Detail,,,failed,False,2026-08-23T03:18:03.824260+09:00
Paralegal Detector,,,failed,False,2026-08-27T23:53:23.914629+09:00
Paralegal Digest,,,failed,False,2026-08-19T20:43:53.666341+09:00
Paralegal Directory,390.0,8.0,success,False,2026-08-19T00:03:12.143780+09:00
Paralegal Discount,,,failed,False,2026-08-23T16:16:13.507688+09:00
Paralegal Dossier,,,failed,False,2026-08-21T01:05:46.512536+09:00
Paralegal Downpayment,,,failed,False,2026-08-27T21:50:37.116413+09:00
Paralegal Draft,,,failed,False,2026-08-19T20:44:05.928260+09:00
Paralegal Due,,,failed,False,2026-08-23T15:52:28.857053+09:00
Paralegal Duty,720.0,7.0,success,False,2026-08-21T02:37:37.997164+09:00
Paralegal Engine,,,failed,False,2026-08-19T00:01:43.287513+09:00
Paralegal Entry,70.0,23.0,success,False,2026-08-21T01:06:07.369655+09:00
Paralegal Estimate,,,failed,False,2026-08-19T21:29:30.457441+09:00
Paralegal Excerpt,,,failed,False,2026-08-21T01:06:02.674001+09:00
Paralegal Fare,,,failed,False,2026-08-21T02:14:07.166822+09:00
Paralegal Fee,70.0,9.0,success,False,2026-08-21T01:57:38.284860+09:00
Paralegal Feed,,,failed,False,2026-08-19T20:44:00.282785+09:00
Paralegal Field,40.0,7.0,success,False,2026-08-23T13:07:00.691919+09:00
Paralegal File,,,failed,False,2026-08-19T20:43:26.923996+09:00
Paralegal Finder,,,failed,False,2026-08-19T00:03:29.017691+09:00
Paralegal Fine,,,failed,False,2026-08-23T02:53:45.297778+09:00
Paralegal Flag,,,failed,False,2026-08-21T00:31:01.051294+09:00
Paralegal Flow,,,failed,False,2026-08-19T00:04:07.444762+09:00
Paralegal Forge,,,failed,False,2026-08-19T00:05:01.988375+09:00
Paralegal Form,,,failed,False,2026-08-19T13:42:03.157163+09:00
Paralegal Format,,,failed,False,2026-08-23T13:07:02.783000+09:00
Paralegal Frame,,,failed,False,2026-08-18T23:57:58.396596+09:00
Paralegal Fund,,,failed,False,2026-08-21T02:30:57.020640+09:00
Paralegal Gate,,,failed,False,2026-08-19T00:01:04.506360+09:00
Paralegal Grade,,,failed,False,2026-08-21T00:30:41.620130+09:00
Paralegal Grid,,,failed,False,2026-08-18T23:57:02.622913+09:00
Paralegal Guarantee,,,failed,False,2026-08-28T01:04:42.727086+09:00
Paralegal Guardian,,,failed,False,2026-08-28T00:23:26.429201+09:00
Paralegal Helpdesk,,,failed,False,2026-08-27T22:44:57.466905+09:00
Paralegal Helper,,,failed,False,2026-08-28T00:23:32.387348+09:00
Paralegal History,30.0,0.0,success,False,2026-08-19T20:43:19.095275+09:00
Paralegal Hub,,,failed,False,2026-08-19T00:04:14.172620+09:00
Paralegal Identifier,,,failed,False,2026-08-23T13:06:58.194774+09:00
Paralegal Index,,,failed,False,2026-08-19T21:20:07.240027+09:00
Paralegal Installment,,,failed,False,2026-08-23T16:16:17.008573+09:00
Paralegal Item,,,failed,False,2026-08-21T01:57:40.883576+09:00
Paralegal Journal,10.0,100.0,success,False,2026-08-19T00:02:51.849711+09:00
Paralegal Keeper,,,failed,False,2026-08-19T00:01:30.427864+09:00
Paralegal Kit,,,failed,False,2026-08-27T22:44:46.439478+09:00
Paralegal Lab,,,failed,False,2026-08-18T23:58:59.776089+09:00
Paralegal Ledger,,,failed,False,2026-08-18T23:58:25.855676+09:00
Paralegal Level,,,failed,False,2026-08-19T20:43:33.378176+09:00
Paralegal Link,,,failed,False,2026-08-23T03:17:56.844473+09:00
Paralegal List,20.0,12.0,success,False,2026-08-19T22:07:23.452103+09:00
Paralegal Loan,,,failed,False,2026-08-21T02:14:13.791830+09:00
Paralegal Locator,,,failed,False,2026-08-19T00:03:21.455005+09:00
Paralegal Log,,,failed,False,2026-08-19T13:41:50.563536+09:00
Paralegal Loop,,,failed,False,2026-08-19T00:05:33.402476+09:00
Paralegal Manager,260.0,5.0,success,False,2026-08-19T00:01:35.413805+09:00
Paralegal Manual,20.0,18.0,success,False,2026-08-27T22:15:19.748218+09:00
Paralegal Map,,,failed,False,2026-08-18T23:57:46.664132+09:00
Paralegal Margin,,,failed,False,2026-08-23T02:53:42.896171+09:00
Paralegal Markup,,,failed,False,2026-08-23T16:40:02.738352+09:00
Paralegal Memo,10.0,18.0,success,False,2026-08-21T00:30:46.553076+09:00
Paralegal Message,,,failed,False,2026-08-27T23:10:40.131699+09:00
Paralegal Monitor,,,failed,False,2026-08-19T00:02:15.189621+09:00
Paralegal Nexus,,,failed,False,2026-08-19T00:01:14.805570+09:00
Paralegal Note,,,failed,False,2026-08-19T13:21:15.307510+09:00
Paralegal Notification,,,failed,False,2026-08-27T22:44:46.439478+09:00
Paralegal Number,20.0,69.0,success,False,2026-08-23T03:17:46.671515+09:00
Paralegal Office,260.0,23.0,success,False,2026-08-19T00:03:41.244683+09:00
Paralegal Ops,,,failed,False,2026-08-19T00:02:36.291033+09:00
Paralegal Order,,,failed,False,2026-08-19T22:06:38.426353+09:00
Paralegal Overage,,,failed,False,2026-08-27T21:50:34.815891+09:00
Paralegal Overdue,,,failed,False,2026-08-27T21:50:29.028381+09:00
Paralegal Panel,,,failed,False,2026-08-19T00:00:05.096380+09:00
Paralegal Pass,,,failed,False,2026-08-21T00:30:01.129618+09:00
Paralegal Path,,,failed,False,2026-08-18T23:57:28.259874+09:00
Paralegal Payoff,,,failed,False,2026-08-27T21:50:32.673191+09:00
Paralegal Petition,,,failed,False,2026-08-21T01:05:39.127217+09:00
Paralegal Plan,,,failed,False,2026-08-21T01:57:44.659244+09:00
Paralegal Planner,20.0,92.0,success,False,2026-08-19T00:02:00.292816+09:00
Paralegal Playbook,,,failed,False,2026-08-19T00:02:45.246378+09:00
Paralegal Point,,,failed,False,2026-08-18T23:57:37.423450+09:00
Paralegal Portal,10.0,5.0,success,False,2026-08-18T23:59:47.446594+09:00
Paralegal Preview,,,failed,False,2026-08-28T01:04:37.386068+09:00
Paralegal Profile,10.0,31.0,success,False,2026-08-19T13:22:04.691766+09:00
Paralegal Profit,,,failed,False,2026-08-23T02:53:36.421361+09:00
Paralegal Proposal,,,failed,False,2026-08-28T01:04:40.087199+09:00
Paralegal Quota,,,failed,False,2026-08-21T00:30:53.488074+09:00
Paralegal Radar,,,failed,False,2026-08-19T00:04:30.591993+09:00
Paralegal Rail,,,failed,False,2026-08-19T00:00:31.381271+09:00
Paralegal Rate,40.0,6.0,success,False,2026-08-19T20:43:41.671766+09:00
Paralegal Recap,,,failed,False,2026-08-21T01:05:55.165491+09:00
Paralegal Receipt,,,failed,False,2026-08-19T22:06:59.596356+09:00
Paralegal Register,140.0,11.0,success,False,2026-08-19T00:02:30.122335+09:00
Paralegal Registry,140.0,11.0,success,False,2026-08-19T00:03:01.180289+09:00
Paralegal Relay,,,failed,False,2026-08-19T00:04:35.680723+09:00
Paralegal Reminder,,,failed,False,2026-08-19T21:19:44.972350+09:00
Paralegal Report,,,failed,False,2026-08-19T13:41:43.922175+09:00
Paralegal Repository,,,failed,False,2026-08-27T23:10:50.264630+09:00
Paralegal Ring,,,failed,False,2026-08-19T00:00:56.933054+09:00
Paralegal Roster,,,failed,False,2026-08-19T00:38:27.005898+09:00
Paralegal Route,,,failed,False,2026-08-19T00:00:22.759146+09:00
Paralegal Rule,,,failed,False,2026-08-23T03:18:00.174345+09:00
Paralegal Sale,,,failed,False,2026-08-21T02:30:59.342931+09:00
Paralegal Sample,,,failed,False,2026-08-19T21:46:11.490049+09:00
Paralegal Scale,,,failed,False,2026-08-19T00:00:16.279363+09:00
Paralegal Scanner,,,failed,False,2026-08-27T23:53:21.557901+09:00
Paralegal Scheduler,,,failed,False,2026-08-19T00:02:06.599822+09:00
Paralegal Scope,10.0,4.0,success,False,2026-08-19T00:05:29.382308+09:00
Paralegal Score,,,failed,False,2026-08-19T13:20:57.045829+09:00
Paralegal Sheet,,,failed,False,2026-08-19T13:42:25.449993+09:00
Paralegal Shortfall,,,failed,False,2026-08-27T21:50:39.210391+09:00
Paralegal Signal,,,failed,False,2026-08-19T00:05:18.968119+09:00
Paralegal Signature,20.0,1.0,success,False,2026-08-23T13:27:46.545552+09:00
Paralegal Slip,,,failed,False,2026-08-19T21:46:01.527373+09:00
Paralegal Slot,,,failed,False,2026-08-19T21:46:23.560668+09:00
Paralegal Stake,,,failed,False,2026-08-23T02:53:39.940635+09:00
Paralegal Statement,,,failed,False,2026-08-21T00:30:29.735189+09:00
Paralegal Station,,,failed,False,2026-08-18T23:59:08.925896+09:00
Paralegal Status,10.0,0.0,success,False,2026-08-19T20:43:04.288794+09:00
Paralegal Stipend,,,failed,False,2026-08-23T13:47:40.781383+09:00
Paralegal Stub,,,failed,False,2026-08-21T00:30:22.823388+09:00
Paralegal Studio,,,failed,False,2026-08-18T23:58:52.034754+09:00
Paralegal Subsidy,,,failed,False,2026-08-23T15:52:31.168291+09:00
Paralegal Sum,,,failed,False,2026-08-21T02:30:41.751111+09:00
Paralegal Summary,20.0,1.0,success,False,2026-08-19T21:19:19.264899+09:00
Paralegal Tab,,,failed,False,2026-08-21T00:31:05.602481+09:00
Paralegal Table,,,failed,False,2026-08-19T22:07:32.899948+09:00
Paralegal Tag,,,failed,False,2026-08-19T13:21:52.267675+09:00
Paralegal Tally,,,failed,False,2026-08-21T00:30:34.487987+09:00
Paralegal Tariff,,,failed,False,2026-08-21T02:37:48.956315+09:00
Paralegal Tax,,,failed,False,2026-08-21T02:14:10.459291+09:00
Paralegal Terminal,,,failed,False,2026-08-18T23:59:17.064429+09:00
Paralegal Ticket,,,failed,False,2026-08-19T21:29:24.641827+09:00
Paralegal Tier,,,failed,False,2026-08-28T00:47:05.716612+09:00
Paralegal Timeline,,,failed,False,2026-08-19T21:19:32.635751+09:00
Paralegal Timer,,,failed,False,2026-08-28T00:23:24.069179+09:00
Paralegal Toll,,,failed,False,2026-08-21T02:37:42.077569+09:00
Paralegal Toolbox,10.0,14.0,success,False,2026-08-28T00:23:28.806149+09:00
Paralegal Total,,,failed,False,2026-08-27T23:10:42.851763+09:00
Paralegal Tracker,,,failed,False,2026-08-19T00:03:57.643433+09:00
Paralegal Trail,,,failed,False,2026-08-19T00:00:40.903706+09:00
Paralegal Trend,,,failed,False,2026-08-28T01:04:34.359127+09:00
Paralegal Trial,,,failed,False,2026-08-27T21:19:36.835808+09:00
Paralegal Unit,,,failed,False,2026-08-21T01:57:45.438381+09:00
Paralegal Update,,,failed,False,2026-08-19T20:43:48.362624+09:00
Paralegal Value,,,failed,False,2026-08-23T02:53:36.421361+09:00
Paralegal Vault,,,failed,False,2026-08-19T00:04:42.603293+09:00
Paralegal Version,,,failed,False,2026-08-23T03:17:54.192615+09:00
Paralegal View,,,failed,False,2026-08-19T20:43:13.193243+09:00
Paralegal Voucher,,,failed,False,2026-08-21T00:30:05.948049+09:00
Paralegal Watch,,,failed,False,2026-08-19T00:05:23.888896+09:00
Paralegal Wave,,,failed,False,2026-08-18T23:57:18.728861+09:00
Paralegal Widget,,,failed,False,2026-08-27T23:10:42.851763+09:00
Paralegal Worksheet,,,failed,False,2026-08-27T22:15:19.748218+09:00
Paralegal Workshop,,,failed,False,2026-08-28T00:23:24.069179+09:00
Paralegal Zone,,,failed,False,2026-08-18T23:59:36.900086+09:00
Parking Advance,10.0,24.0,success,False,2026-08-23T16:17:10.658953+09:00
Parking Advisory,210.0,0.0,success,False,2026-08-21T01:07:54.087465+09:00
Parking Alert,110.0,2.0,success,False,2026-08-19T22:03:05.892678+09:00
Parking Allowance,70.0,0.0,success,False,2026-08-21T02:37:55.962761+09:00
Parking Analyzer,,,failed,False,2026-08-27T23:56:30.078148+09:00
Parking Arrears,,,failed,False,2026-08-23T16:17:10.658953+09:00
Parking Assistant,3600.0,8.0,success,False,2026-08-19T21:58:17.004802+09:00
Parking Atlas,40.0,5.0,success,False,2026-08-19T21:57:34.491231+09:00
Parking Badge,12100.0,2.0,success,False,2026-08-21T00:32:47.883810+09:00
Parking Balance,10.0,0.0,success,False,2026-08-23T13:48:00.316866+09:00
Parking Beacon,320.0,5.0,success,False,2026-08-19T21:50:57.841127+09:00
Parking Bill,260.0,0.0,success,False,2026-08-19T21:47:30.295909+09:00
Parking Bin,20.0,66.0,success,False,2026-08-19T22:03:23.353107+09:00
Parking Board,1300.0,41.0,success,False,2026-08-19T21:54:16.215789+09:00
Parking Book,1900.0,32.0,success,False,2026-08-19T21:48:37.941943+09:00
Parking Booth,480.0,23.0,success,False,2026-08-19T22:01:05.588899+09:00
Parking Bridge,480.0,1.0,success,False,2026-08-19T21:51:28.846204+09:00
Parking Brief,,,failed,False,2026-08-21T01:07:47.643040+09:00
Parking Bulletin,,,failed,False,2026-08-21T01:07:43.373010+09:00
Parking Calculator,260.0,1.0,success,False,2026-08-27T23:34:39.372847+09:00
Parking Calendar,110.0,2.0,success,False,2026-08-19T21:59:52.671651+09:00
Parking Card,1600.0,40.0,success,False,2026-08-19T22:05:08.787907+09:00
Parking Cash,480.0,1.0,success,False,2026-08-21T02:30:47.137745+09:00
Parking Cashback,,,failed,False,2026-08-27T21:13:56.719259+09:00
Parking Category,,,failed,False,2026-08-23T13:07:23.083484+09:00
Parking Center,18100.0,7.0,success,False,2026-08-19T21:55:18.484182+09:00
Parking Charge,1900.0,1.0,success,False,2026-08-21T02:37:42.077569+09:00
Parking Chart,40.0,1.0,success,False,2026-08-19T22:03:14.947098+09:00
Parking Check,720.0,8.0,success,False,2026-08-19T22:05:32.455871+09:00
Parking Checker,720.0,8.0,success,False,2026-08-27T23:56:25.215119+09:00
Parking Circular,30.0,4.0,success,False,2026-08-21T01:07:49.697646+09:00
Parking Code,720.0,1.0,success,False,2026-08-19T21:47:55.928943+09:00
Parking Companion,,,failed,False,2026-08-19T21:58:54.005326+09:00
Parking Comparison,1900.0,69.0,success,False,2026-08-28T01:07:38.587205+09:00
Parking Compass,,,failed,False,2026-08-19T21:50:49.199189+09:00
Parking Confirmation,20.0,4.0,success,False,2026-08-21T01:08:00.929637+09:00
Parking Console,10.0,2.0,success,False,2026-08-19T21:55:47.244669+09:00
Parking Contribution,,,failed,False,2026-08-23T16:17:06.545040+09:00
Parking Cost,1300.0,1.0,success,False,2026-08-21T02:13:34.693364+09:00
Parking Count,90.0,5.0,success,False,2026-08-27T22:47:20.471641+09:00
Parking Counter,90.0,5.0,success,False,2026-08-19T22:00:43.745625+09:00
Parking Coupon,720.0,8.0,success,False,2026-08-27T21:13:54.337464+09:00
Parking Deal,480.0,5.0,success,False,2026-08-21T01:57:03.804845+09:00
Parking Debt,50.0,2.0,success,False,2026-08-21T02:30:37.873895+09:00
Parking Deck,18100.0,4.0,success,False,2026-08-19T21:54:25.677858+09:00
Parking Desk,30.0,1.0,success,False,2026-08-19T21:50:00.809390+09:00
Parking Detail,1600.0,0.0,success,True,2026-08-23T03:18:44.540602+09:00
Parking Detector,110.0,6.0,success,False,2026-08-27T23:56:30.078148+09:00
Parking Diagram,210.0,0.0,success,False,2026-08-27T22:08:10.673360+09:00
Parking Directory,30.0,4.0,success,False,2026-08-19T22:00:01.898557+09:00
Parking Discount,2400.0,13.0,success,False,2026-08-23T16:17:04.207592+09:00
Parking Dossier,,,failed,False,2026-08-21T01:08:06.645069+09:00
Parking Due,,,failed,False,2026-08-23T15:52:50.933121+09:00
Parking Duty,170.0,0.0,success,False,2026-08-21T02:37:45.273746+09:00
Parking Engine,70.0,12.0,success,False,2026-08-19T21:58:08.143234+09:00
Parking Entry,2900.0,3.0,success,False,2026-08-21T01:08:18.401082+09:00
Parking Estimate,,,failed,False,2026-08-19T21:46:58.234898+09:00
Parking Estimator,10.0,4.0,success,False,2026-08-27T23:56:22.652242+09:00
Parking Excerpt,,,failed,False,2026-08-21T01:08:12.622841+09:00
Parking Extension,70.0,14.0,success,False,2026-08-23T16:37:08.695688+09:00
Parking Fare,70.0,2.0,success,False,2026-08-21T02:13:43.743607+09:00
Parking Fee,5400.0,0.0,success,True,2026-08-21T01:56:51.063242+09:00
Parking Feed,,,failed,False,2026-08-19T22:07:37.028999+09:00
Parking File,,,failed,False,2026-08-19T22:06:50.618817+09:00
Parking Finder,5400.0,33.0,success,False,2026-08-19T22:00:23.357458+09:00
Parking Fine,9900.0,1.0,success,False,2026-08-23T02:54:03.941195+09:00
Parking Flag,260.0,100.0,success,False,2026-08-21T00:33:20.736767+09:00
Parking Flow,50.0,11.0,success,False,2026-08-19T21:49:37.354385+09:00
Parking Form,140.0,3.0,success,False,2026-08-19T22:04:57.454275+09:00
Parking Format,30.0,0.0,success,False,2026-08-23T13:07:26.060181+09:00
Parking Fund,170.0,1.0,success,False,2026-08-21T02:30:41.751111+09:00
Parking Gate,3600.0,48.0,success,False,2026-08-19T21:57:14.341308+09:00
Parking Giveaway,,,failed,False,2026-08-27T21:14:04.974327+09:00
Parking Grade,,,failed,False,2026-08-21T00:33:05.849456+09:00
Parking Graph,,,failed,False,2026-08-27T22:08:00.127291+09:00
Parking Grid,590.0,100.0,success,False,2026-08-19T21:52:28.912563+09:00
Parking Guarantee,,,failed,False,2026-08-28T01:07:44.108969+09:00
Parking Guardian,1000.0,28.0,success,False,2026-08-28T00:25:53.963495+09:00
Parking Helpdesk,,,failed,False,2026-08-27T22:47:24.172994+09:00
Parking Helper,260.0,28.0,success,False,2026-08-28T00:25:56.872854+09:00
Parking History,320.0,2.0,success,False,2026-08-19T22:06:41.403506+09:00
Parking Hub,1600.0,10.0,success,False,2026-08-19T21:49:47.542279+09:00
Parking Identifier,,,failed,False,2026-08-23T13:07:20.154329+09:00
Parking Inbox,,,failed,False,2026-08-19T22:02:54.876263+09:00
Parking Incentive,,,failed,False,2026-08-27T21:14:04.974327+09:00
Parking Index,40.0,0.0,success,False,2026-08-19T21:46:35.740872+09:00
Parking Installment,,,failed,False,2026-08-23T16:17:04.207592+09:00
Parking Item,,,failed,False,2026-08-21T01:56:53.826149+09:00
Parking Journal,10.0,0.0,success,False,2026-08-19T21:59:32.934011+09:00
Parking Keeper,40.0,61.0,success,False,2026-08-19T21:57:47.268344+09:00
Parking Kiosk,880.0,12.0,success,False,2026-08-19T22:01:14.357219+09:00
Parking Label,170.0,44.0,success,False,2026-08-27T22:08:02.909734+09:00
Parking Layout,1600.0,0.0,success,True,2026-08-27T22:28:42.749169+09:00
Parking Ledger,,,failed,False,2026-08-19T21:54:06.004532+09:00
Parking Level,2900.0,5.0,success,False,2026-08-19T22:07:01.913828+09:00
Parking Levy,90.0,0.0,success,False,2026-08-23T13:48:00.316866+09:00
Parking Line,2400.0,15.0,success,False,2026-08-19T22:04:03.389101+09:00
Parking Link,1000.0,7.0,success,False,2026-08-23T03:18:36.305827+09:00
Parking List,1300.0,27.0,success,False,2026-08-19T21:48:11.031110+09:00
Parking Loan,30.0,1.0,success,False,2026-08-21T02:13:47.898953+09:00
Parking Lobby,70.0,0.0,success,False,2026-08-19T22:03:42.018748+09:00
Parking Locator,5400.0,5.0,success,False,2026-08-19T22:00:12.371601+09:00
Parking Locker,260.0,100.0,success,False,2026-08-19T22:00:52.695969+09:00
Parking Log,1000.0,3.0,success,False,2026-08-19T22:04:45.902658+09:00
Parking Loop,70.0,32.0,success,False,2026-08-19T21:52:16.498900+09:00
Parking Manager,480.0,9.0,success,False,2026-08-19T21:57:56.725251+09:00
Parking Manual,70.0,0.0,success,False,2026-08-27T22:08:06.352004+09:00
Parking Map,4400.0,2.0,success,False,2026-08-19T21:53:20.741685+09:00
Parking Margin,,,failed,False,2026-08-23T02:53:58.718739+09:00
Parking Marker,320.0,100.0,success,False,2026-08-23T13:27:51.587934+09:00
Parking Markup,,,failed,False,2026-08-23T16:37:06.410620+09:00
Parking Memo,20.0,1.0,success,False,2026-08-21T00:33:10.095062+09:00
Parking Message,320.0,19.0,success,False,2026-08-27T23:12:46.818245+09:00
Parking Monitor,320.0,51.0,success,False,2026-08-19T21:58:41.732793+09:00
Parking Nexus,170.0,3.0,success,False,2026-08-19T21:57:24.591826+09:00
Parking Note,720.0,71.0,success,False,2026-08-19T22:05:48.495667+09:00
Parking Notification,170.0,0.0,success,False,2026-08-27T22:47:10.971037+09:00
Parking Number,880.0,15.0,success,False,2026-08-23T03:18:29.464352+09:00
Parking Office,5400.0,3.0,success,False,2026-08-19T22:00:33.480377+09:00
Parking Ops,1000.0,8.0,success,False,2026-08-19T21:59:09.702480+09:00
Parking Order,90.0,1.0,success,False,2026-08-19T21:47:13.005766+09:00
Parking Overage,,,failed,False,2026-08-27T21:46:13.321425+09:00
Parking Overdraft,,,failed,False,2026-08-23T15:52:50.933121+09:00
Parking Overdue,,,failed,False,2026-08-27T21:46:13.321425+09:00
Parking Panel,50.0,44.0,success,False,2026-08-19T21:55:54.779139+09:00
Parking Pass,22200.0,13.0,success,False,2026-08-21T00:32:34.737926+09:00
Parking Passport,60500.0,21.0,success,False,2026-08-19T22:03:32.806508+09:00
Parking Path,170.0,3.0,success,False,2026-08-19T21:52:53.016557+09:00
Parking Penalty,590.0,2.0,success,False,2026-08-23T16:37:04.042408+09:00
Parking Petition,20.0,6.0,success,False,2026-08-21T01:07:58.607843+09:00
Parking Plan,1600.0,1.0,success,False,2026-08-21T01:57:02.115497+09:00
Parking Planner,1600.0,1.0,success,False,2026-08-19T21:58:27.685601+09:00
Parking Playbook,,,failed,False,2026-08-19T21:59:19.992699+09:00
Parking Point,2900.0,4.0,success,False,2026-08-19T21:53:06.381329+09:00
Parking Portal,5400.0,0.0,success,True,2026-08-19T21:55:34.064895+09:00
Parking Post,1900.0,100.0,success,False,2026-08-19T22:01:45.686906+09:00
Parking Preview,,,failed,False,2026-08-28T01:07:41.597003+09:00
Parking Profile,40.0,0.0,success,False,2026-08-19T22:06:09.459067+09:00
Parking Profit,,,failed,False,2026-08-23T02:53:52.134740+09:00
Parking Proposal,10.0,0.0,success,False,2026-08-28T01:07:44.108969+09:00
Parking Quota,,,failed,False,2026-08-21T00:33:14.863078+09:00
Parking Radar,14800.0,93.0,success,False,2026-08-19T21:50:13.072831+09:00
Parking Rail,320.0,29.0,success,False,2026-08-19T21:56:30.340313+09:00
Parking Rate,2400.0,1.0,success,False,2026-08-19T22:07:15.173390+09:00
Parking Recap,,,failed,False,2026-08-21T01:08:07.982267+09:00
Parking Receipt,1300.0,2.0,success,False,2026-08-19T21:47:43.048701+09:00
Parking Recorder,,,failed,False,2026-08-27T23:34:44.753648+09:00
Parking Redemption,20.0,0.0,success,False,2026-08-23T16:37:06.410620+09:00
Parking Register,1300.0,1.0,success,False,2026-08-19T21:59:01.960523+09:00
Parking Registry,,,failed,False,2026-08-19T21:59:42.241525+09:00
Parking Relay,390.0,4.0,success,False,2026-08-19T21:50:23.410812+09:00
Parking Reminder,260.0,5.0,success,False,2026-08-19T21:46:26.862344+09:00
Parking Report,720.0,0.0,success,False,2026-08-19T22:04:34.418517+09:00
Parking Repository,,,failed,False,2026-08-27T23:12:56.649660+09:00
Parking Roster,10.0,2.0,success,False,2026-08-19T22:02:47.197172+09:00
Parking Route,210.0,1.0,success,False,2026-08-19T21:56:18.827565+09:00
Parking Rule,1900.0,1.0,success,False,2026-08-23T03:18:41.681571+09:00
Parking Sale,590.0,8.0,success,False,2026-08-21T02:30:51.336298+09:00
Parking Sample,20.0,0.0,success,False,2026-08-19T21:49:05.079544+09:00
Parking Scale,10.0,0.0,success,False,2026-08-19T21:56:08.103899+09:00
Parking Scanner,90.0,19.0,success,False,2026-08-27T23:56:27.794878+09:00
Parking Scheduler,,,failed,False,2026-08-19T21:58:34.362639+09:00
Parking Scope,,,failed,False,2026-08-19T21:52:07.578129+09:00
Parking Score,10.0,1.0,success,False,2026-08-19T22:05:40.444282+09:00
Parking Sheet,260.0,74.0,success,False,2026-08-19T22:05:19.679261+09:00
Parking Signal,22200.0,100.0,success,False,2026-08-19T21:51:42.287097+09:00
Parking Slip,1600.0,2.0,success,False,2026-08-19T21:48:50.657736+09:00
Parking Slot,5400.0,4.0,success,False,2026-08-19T21:49:16.162945+09:00
Parking Stake,,,failed,False,2026-08-23T02:53:56.783780+09:00
Parking Stamp,90.0,1.0,success,False,2026-08-23T13:27:54.146441+09:00
Parking Statement,20.0,0.0,success,False,2026-08-21T00:32:57.061306+09:00
Parking Station,9900.0,3.0,success,False,2026-08-19T21:54:56.953854+09:00
Parking Status,170.0,0.0,success,False,2026-08-19T22:06:18.009667+09:00
Parking Stub,210.0,4.0,success,False,2026-08-21T00:32:52.523477+09:00
Parking Subsidy,70.0,0.0,success,False,2026-08-23T15:52:52.908788+09:00
Parking Sum,70.0,0.0,success,False,2026-08-21T02:30:33.788820+09:00
Parking Summary,,,failed,False,2026-08-19T21:46:01.527373+09:00
Parking Surtax,,,failed,False,2026-08-23T15:52:54.963093+09:00
Parking Tab,390.0,0.0,success,False,2026-08-21T00:33:28.430853+09:00
Parking Table,390.0,3.0,success,False,2026-08-19T21:48:22.940977+09:00
Parking Tag,14800.0,10.0,success,False,2026-08-19T22:05:58.265751+09:00
Parking Tally,90.0,18.0,success,False,2026-08-21T00:33:01.322590+09:00
Parking Tariff,260.0,1.0,success,False,2026-08-21T02:38:00.530165+09:00
Parking Tax,320.0,1.0,success,False,2026-08-21T02:13:47.898953+09:00
Parking Terminal,90500.0,5.0,success,False,2026-08-19T21:55:09.455728+09:00
Parking Ticker,390.0,1.0,success,False,2026-08-19T22:03:52.975095+09:00
Parking Tier,210.0,3.0,success,False,2026-08-28T00:48:08.257780+09:00
Parking Timeline,,,failed,False,2026-08-19T21:46:13.716197+09:00
Parking Timer,1600.0,32.0,success,False,2026-08-28T00:25:48.742639+09:00
Parking Toll,1000.0,2.0,success,False,2026-08-21T02:37:53.787359+09:00
Parking Toolbox,,,failed,False,2026-08-28T00:25:53.963495+09:00
Parking Total,1600.0,1.0,success,False,2026-08-27T23:12:50.672441+09:00
Parking Tracker,1300.0,1.0,success,False,2026-08-19T21:49:26.172736+09:00
Parking Trail,590.0,2.0,success,False,2026-08-19T21:56:44.387128+09:00
Parking Trend,70.0,2.0,success,False,2026-08-28T01:07:35.564975+09:00
Parking Trial,10.0,0.0,success,False,2026-08-27T21:13:56.719259+09:00
Parking Unit,90.0,5.0,success,False,2026-08-21T01:56:55.992066+09:00
Parking Update,170.0,0.0,success,False,2026-08-19T22:07:23.452103+09:00
Parking Value,20.0,13.0,success,False,2026-08-23T02:53:54.584586+09:00
Parking Vault,50.0,9.0,success,False,2026-08-19T21:50:35.139639+09:00
Parking Version,,,failed,False,2026-08-23T03:18:33.193002+09:00
Parking View,320.0,1.0,success,False,2026-08-19T22:06:32.723316+09:00
Parking Voucher,720.0,4.0,success,False,2026-08-21T00:32:40.998784+09:00
Parking Wallet,70.0,19.0,success,False,2026-08-27T22:47:20.471641+09:00
Parking Watch,210.0,69.0,success,False,2026-08-19T21:51:54.755817+09:00
Parking Widget,10.0,0.0,success,False,2026-08-27T23:12:50.672441+09:00
Parking Window,40.0,0.0,success,False,2026-08-19T22:04:13.367774+09:00
Parking Worksheet,,,failed,False,2026-08-27T22:08:06.352004+09:00
Parking Yard,1900.0,1.0,success,False,2026-08-19T22:01:23.897474+09:00
Parking Zone,12100.0,2.0,success,False,2026-08-19T21:55:24.856436+09:00
Patch Advance,,,failed,False,2026-08-23T16:12:26.242265+09:00
Patch Advisory,,,failed,False,2026-08-21T01:02:12.129826+09:00
Patch Alert,,,failed,False,2026-08-19T12:24:09.089995+09:00
Patch Allowance,,,failed,False,2026-08-21T02:42:49.671896+09:00
Patch Almanac,,,failed,False,2026-08-18T22:09:07.653451+09:00
Patch Analyzer,10.0,26.0,success,False,2026-08-27T23:56:56.552521+09:00
Patch Anchor,320.0,77.0,success,False,2026-08-17T20:39:36.069990+09:00
Patch Announcement,,,failed,False,2026-08-27T23:35:04.726489+09:00
Patch Arrears,,,failed,False,2026-08-23T16:12:26.242265+09:00
Patch Assistant,20.0,17.0,success,False,2026-08-17T23:32:45.524936+09:00
Patch Atlas,20.0,0.0,success,False,2026-08-17T21:41:19.053416+09:00
Patch Attribute,,,failed,False,2026-08-23T13:09:42.107006+09:00
Patch Badge,1000.0,100.0,success,False,2026-08-21T00:36:53.427787+09:00
Patch Base,390.0,1.0,success,False,2026-08-17T21:36:17.240271+09:00
Patch Beacon,,,failed,False,2026-08-17T20:42:51.727520+09:00
Patch Bill,10.0,0.0,success,False,2026-08-19T22:00:08.446877+09:00
Patch Blueprint,,,failed,False,2026-08-18T22:08:59.053528+09:00
Patch Board,1000.0,99.0,success,False,2026-08-17T21:33:05.832312+09:00
Patch Book,590.0,74.0,success,False,2026-08-19T22:01:01.799694+09:00
Patch Bridge,30.0,1.0,success,False,2026-08-17T20:40:29.235539+09:00
Patch Brief,,,failed,False,2026-08-21T01:00:09.157430+09:00
Patch Bulletin,,,failed,False,2026-08-21T01:00:07.021185+09:00
Patch Calendar,110.0,4.0,success,False,2026-08-19T00:03:12.143780+09:00
Patch Card,1900.0,31.0,success,False,2026-08-19T13:35:50.277889+09:00
Patch Cascade,,,failed,False,2026-08-17T20:41:13.511022+09:00
Patch Cash,20.0,1.0,success,False,2026-08-21T02:26:36.939016+09:00
Patch Catalog,90.0,9.0,success,False,2026-08-19T21:14:29.704334+09:00
Patch Category,10.0,5.0,success,False,2026-08-23T13:09:39.563884+09:00
Patch Center,110.0,21.0,success,False,2026-08-17T20:45:14.001779+09:00
Patch Chain,,,failed,False,2026-08-17T20:34:31.529799+09:00
Patch Charge,,,failed,False,2026-08-21T02:42:39.559962+09:00
Patch Check,720.0,1.0,success,False,2026-08-19T13:36:50.709528+09:00
Patch Checker,720.0,1.0,success,False,2026-08-27T23:56:50.543102+09:00
Patch Checklist,,,failed,False,2026-08-19T21:13:36.060170+09:00
Patch Circular,,,failed,False,2026-08-21T01:00:16.070819+09:00
Patch Cockpit,,,failed,False,2026-08-17T23:09:05.527725+09:00
Patch Code,2900.0,3.0,success,False,2026-08-19T22:00:29.201659+09:00
Patch Codex,,,failed,False,2026-08-18T22:09:21.781956+09:00
Patch Companion,,,failed,False,2026-08-17T23:23:39.258674+09:00
Patch Comparison,,,failed,False,2026-08-28T01:07:44.108969+09:00
Patch Compass,,,failed,False,2026-08-17T20:43:48.259554+09:00
Patch Compendium,,,failed,False,2026-08-18T22:09:13.055997+09:00
Patch Confirmation,,,failed,False,2026-08-21T01:00:29.585982+09:00
Patch Console,20.0,3.0,success,False,2026-08-17T20:42:22.378966+09:00
Patch Contribution,,,failed,False,2026-08-23T16:12:24.179825+09:00
Patch Core,1600.0,22.0,success,False,2026-08-17T21:35:08.893531+09:00
Patch Cost,110.0,21.0,success,False,2026-08-21T02:10:13.973101+09:00
Patch Count,,,failed,False,2026-08-27T22:48:20.741854+09:00
Patch Counter,10.0,0.0,success,False,2026-08-19T00:03:57.643433+09:00
Patch Dashboard,30.0,16.0,success,False,2026-08-17T23:33:38.106132+09:00
Patch Deal,20.0,2.0,success,False,2026-08-21T01:53:46.295961+09:00
Patch Debt,,,failed,False,2026-08-21T02:26:29.042609+09:00
Patch Deck,110.0,66.0,success,False,2026-08-17T21:31:54.606698+09:00
Patch Depot,40.0,39.0,success,False,2026-08-19T00:03:41.244683+09:00
Patch Desk,,,failed,False,2026-08-17T20:47:53.457764+09:00
Patch Detail,30.0,0.0,success,False,2026-08-23T03:23:11.854221+09:00
Patch Detector,,,failed,False,2026-08-27T23:56:53.046222+09:00
Patch Dial,,,failed,False,2026-08-17T20:40:52.069695+09:00
Patch Digest,,,failed,False,2026-08-19T20:39:47.752844+09:00
Patch Directory,20.0,1.0,success,False,2026-08-19T00:03:21.455005+09:00
Patch Dock,720.0,4.0,success,False,2026-08-17T20:37:21.758511+09:00
Patch Dossier,,,failed,False,2026-08-21T01:00:33.906602+09:00
Patch Draft,,,failed,False,2026-08-19T20:40:02.454787+09:00
Patch Due,,,failed,False,2026-08-23T15:50:44.796371+09:00
Patch Duty,,,failed,False,2026-08-21T02:42:41.863985+09:00
Patch Engine,110.0,14.0,success,False,2026-08-17T23:05:32.537259+09:00
Patch Entry,,,failed,False,2026-08-21T01:00:44.838906+09:00
Patch Estimate,,,failed,False,2026-08-19T21:14:19.651241+09:00
Patch Estimator,,,failed,False,2026-08-27T23:56:47.564941+09:00
Patch Excerpt,,,failed,False,2026-08-21T01:02:23.111892+09:00
Patch Extension,70.0,51.0,success,False,2026-08-23T16:38:03.608262+09:00
Patch Fare,,,failed,False,2026-08-21T02:10:21.556989+09:00
Patch Fee,20.0,90.0,success,False,2026-08-21T02:05:54.756908+09:00
Patch Feed,20.0,0.0,success,False,2026-08-19T20:39:55.789733+09:00
Patch Field,110.0,10.0,success,False,2026-08-23T13:09:44.174186+09:00
Patch File,2400.0,2.0,success,False,2026-08-19T20:39:14.214038+09:00
Patch Finder,260.0,2.0,success,False,2026-08-19T00:03:34.698010+09:00
Patch Fine,,,failed,False,2026-08-23T02:57:21.827227+09:00
Patch Flag,3600.0,99.0,success,False,2026-08-21T00:25:26.988508+09:00
Patch Flow,20.0,5.0,success,False,2026-08-17T21:32:31.405261+09:00
Patch Forge,10.0,0.0,success,False,2026-08-17T20:42:02.791525+09:00
Patch Form,320.0,8.0,success,False,2026-08-19T13:35:34.985408+09:00
Patch Format,320.0,8.0,success,False,2026-08-23T13:09:46.403136+09:00
Patch Frame,210.0,83.0,success,False,2026-08-17T21:37:17.917122+09:00
Patch Fund,,,failed,False,2026-08-21T02:26:32.701256+09:00
Patch Gate,30.0,0.0,success,False,2026-08-18T07:52:40.105947+09:00
Patch Generator,390.0,62.0,success,False,2026-08-27T23:35:07.655977+09:00
Patch Grade,,,failed,False,2026-08-21T00:25:04.867976+09:00
Patch Graph,10.0,0.0,success,False,2026-08-27T22:09:41.685906+09:00
Patch Grid,20.0,0.0,success,False,2026-08-17T20:34:55.202462+09:00
Patch Guarantee,,,failed,False,2026-08-28T01:07:55.638643+09:00
Patch Guard,880.0,2.0,success,False,2026-08-17T21:35:41.309233+09:00
Patch Guardian,,,failed,False,2026-08-28T00:26:09.270269+09:00
Patch Guidebook,,,failed,False,2026-08-18T22:08:40.228889+09:00
Patch Helpdesk,,,failed,False,2026-08-27T22:48:20.741854+09:00
Patch Helper,10.0,0.0,success,False,2026-08-28T00:26:14.926541+09:00
Patch History,170.0,0.0,success,False,2026-08-19T20:39:03.354865+09:00
Patch Hotline,,,failed,False,2026-08-19T21:14:40.806707+09:00
Patch Hub,140.0,3.0,success,False,2026-08-17T21:31:19.415531+09:00
Patch Identifier,210.0,8.0,success,False,2026-08-23T13:09:37.494287+09:00
Patch Index,10.0,0.0,success,False,2026-08-19T21:13:48.359259+09:00
Patch Insight,,,failed,False,2026-08-17T23:14:19.543456+09:00
Patch Installment,,,failed,False,2026-08-23T16:12:20.898327+09:00
Patch Item,50.0,5.0,success,False,2026-08-21T01:53:28.626980+09:00
Patch Journal,,,failed,False,2026-08-18T22:08:23.655372+09:00
Patch Keeper,,,failed,False,2026-08-17T21:37:49.733247+09:00
Patch Kit,2900.0,79.0,success,False,2026-08-27T22:48:17.330576+09:00
Patch Lab,390.0,27.0,success,False,2026-08-17T20:48:29.594833+09:00
Patch Label,480.0,68.0,success,False,2026-08-27T22:09:41.685906+09:00
Patch Ledger,,,failed,False,2026-08-17T21:34:05.861065+09:00
Patch Lens,30.0,0.0,success,False,2026-08-17T21:38:24.477715+09:00
Patch Level,590.0,1.0,success,False,2026-08-19T20:39:24.748166+09:00
Patch Link,90.0,30.0,success,False,2026-08-23T03:23:04.042146+09:00
Patch List,390.0,0.0,success,False,2026-08-19T22:00:41.038270+09:00
Patch Loan,10.0,27.0,success,False,2026-08-21T02:10:31.589901+09:00
Patch Locator,590.0,0.0,success,False,2026-08-19T00:03:25.935082+09:00
Patch Lock,880.0,58.0,success,False,2026-08-17T21:41:49.444267+09:00
Patch Log,90.0,2.0,success,False,2026-08-19T13:35:23.963790+09:00
Patch Loop,30.0,82.0,success,False,2026-08-17T20:35:55.625501+09:00
Patch Manager,1600.0,45.0,success,False,2026-08-17T21:36:40.900045+09:00
Patch Manual,260.0,11.0,success,False,2026-08-27T22:09:48.398152+09:00
Patch Map,260.0,2.0,success,False,2026-08-17T21:40:37.066671+09:00
Patch Margin,,,failed,False,2026-08-23T02:57:19.456946+09:00
Patch Marker,20.0,53.0,success,False,2026-08-23T13:28:22.129962+09:00
Patch Markup,,,failed,False,2026-08-23T16:38:01.127600+09:00
Patch Memo,,,failed,False,2026-08-21T00:25:13.031282+09:00
Patch Message,,,failed,False,2026-08-27T23:13:44.050852+09:00
Patch Meter,,,failed,False,2026-08-17T20:40:05.754832+09:00
Patch Metrics,10.0,8.0,success,False,2026-08-17T23:33:22.514665+09:00
Patch Monitor,590.0,13.0,success,False,2026-08-17T23:33:09.699963+09:00
Patch Navigator,,,failed,False,2026-08-17T22:50:36.545244+09:00
Patch Nexus,320.0,9.0,success,False,2026-08-18T07:52:51.639177+09:00
Patch Node,20.0,0.0,success,False,2026-08-17T20:32:30.733040+09:00
Patch Note,60500.0,0.0,success,True,2026-08-19T13:37:14.131003+09:00
Patch Notification,10.0,29.0,success,False,2026-08-27T22:48:13.756184+09:00
Patch Number,1000.0,98.0,success,False,2026-08-23T03:22:56.392022+09:00
Patch Office,210.0,10.0,success,False,2026-08-19T00:03:50.601023+09:00
Patch Ops,390.0,23.0,success,False,2026-08-17T23:23:55.589084+09:00
Patch Order,390.0,100.0,success,False,2026-08-19T21:59:58.757000+09:00
Patch Organizer,90.0,91.0,success,False,2026-08-17T23:07:26.971457+09:00
Patch Overdue,,,failed,False,2026-08-27T21:46:42.401025+09:00
Patch Panel,90500.0,100.0,success,False,2026-08-17T20:41:41.231730+09:00
Patch Pass,40.0,0.0,success,False,2026-08-21T00:36:44.968976+09:00
Patch Path,30.0,0.0,success,False,2026-08-17T20:31:55.017364+09:00
Patch Penalty,,,failed,False,2026-08-23T16:37:59.116023+09:00
Patch Petition,,,failed,False,2026-08-21T01:00:25.578415+09:00
Patch Pilot,390.0,79.0,success,False,2026-08-17T21:30:13.279777+09:00
Patch Plan,480.0,13.0,success,False,2026-08-21T01:53:38.487807+09:00
Patch Planner,480.0,13.0,success,False,2026-08-17T23:12:38.430162+09:00
Patch Playbook,,,failed,False,2026-08-18T22:08:17.707470+09:00
Patch Point,1600.0,5.0,success,False,2026-08-18T07:52:13.300527+09:00
Patch Portal,140.0,2.0,success,False,2026-08-17T20:43:22.316757+09:00
Patch Preview,390.0,0.0,success,False,2026-08-28T01:07:47.366767+09:00
Patch Profile,,,failed,False,2026-08-19T13:37:44.092675+09:00
Patch Profit,,,failed,False,2026-08-23T02:57:13.068042+09:00
Patch Proposal,,,failed,False,2026-08-28T01:07:52.961175+09:00
Patch Pulse,,,failed,False,2026-08-17T20:34:07.278551+09:00
Patch Queue,,,failed,False,2026-08-19T21:14:09.280828+09:00
Patch Quota,,,failed,False,2026-08-21T00:25:18.497443+09:00
Patch Radar,30.0,0.0,success,False,2026-08-17T20:46:29.220439+09:00
Patch Rail,70.0,100.0,success,False,2026-08-17T20:36:21.712002+09:00
Patch Rate,20.0,0.0,success,False,2026-08-19T20:39:32.642664+09:00
Patch Recap,,,failed,False,2026-08-21T01:02:18.693445+09:00
Patch Receipt,,,failed,False,2026-08-19T22:00:20.280558+09:00
Patch Recorder,210.0,8.0,success,False,2026-08-27T23:35:07.655977+09:00
Patch Register,20.0,1.0,success,False,2026-08-17T23:10:45.795183+09:00
Patch Registry,260.0,9.0,success,False,2026-08-18T22:08:50.050771+09:00
Patch Relay,,,failed,False,2026-08-17T20:45:40.214755+09:00
Patch Reminder,10.0,0.0,success,False,2026-08-19T21:13:23.011051+09:00
Patch Report,170.0,5.0,success,False,2026-08-19T13:35:15.943675+09:00
Patch Repository,40.0,12.0,success,False,2026-08-27T23:13:56.060397+09:00
Patch Result,40.0,1.0,success,False,2026-08-28T00:48:11.249121+09:00
Patch Roadmap,,,failed,False,2026-08-18T22:09:30.106481+09:00
Patch Roster,,,failed,False,2026-08-19T00:38:08.562035+09:00
Patch Route,70.0,5.0,success,False,2026-08-17T20:38:14.865229+09:00
Patch Rule,,,failed,False,2026-08-23T03:23:07.645674+09:00
Patch Sale,140.0,93.0,success,False,2026-08-21T02:26:39.495067+09:00
Patch Sample,70.0,35.0,success,False,2026-08-19T22:01:20.262131+09:00
Patch Scale,20.0,0.0,success,False,2026-08-17T20:39:12.627798+09:00
Patch Scanner,590.0,3.0,success,False,2026-08-27T23:56:50.543102+09:00
Patch Scheduler,,,failed,False,2026-08-17T23:32:58.780092+09:00
Patch Scope,90.0,0.0,success,False,2026-08-17T20:36:55.192509+09:00
Patch Score,50.0,0.0,success,False,2026-08-19T13:36:57.023796+09:00
Patch Sentry,,,failed,False,2026-08-17T21:39:15.761980+09:00
Patch Sheet,170.0,9.0,success,False,2026-08-19T13:36:10.470400+09:00
Patch Signal,8100.0,100.0,success,False,2026-08-17T20:38:41.975413+09:00
Patch Slip,,,failed,False,2026-08-19T22:01:11.142813+09:00
Patch Slot,10.0,0.0,success,False,2026-08-19T22:01:31.900197+09:00
Patch Snapshot,,,failed,False,2026-08-18T22:08:32.701996+09:00
Patch Stage,20.0,0.0,success,False,2026-08-28T00:48:11.249121+09:00
Patch Stake,,,failed,False,2026-08-23T02:57:17.363671+09:00
Patch Statement,,,failed,False,2026-08-21T00:24:51.764822+09:00
Patch Station,40.0,9.0,success,False,2026-08-17T20:47:13.736905+09:00
Patch Status,70.0,0.0,success,False,2026-08-19T20:38:42.409315+09:00
Patch Stub,,,failed,False,2026-08-21T00:24:43.469777+09:00
Patch Studio,880.0,13.0,success,False,2026-08-17T21:30:45.538595+09:00
Patch Suite,,,failed,False,2026-08-17T23:32:31.687734+09:00
Patch Sum,,,failed,False,2026-08-21T02:26:26.896086+09:00
Patch Summary,,,failed,False,2026-08-19T21:12:59.685218+09:00
Patch Sync,,,failed,False,2026-08-17T21:33:32.175377+09:00
Patch Tab,170.0,73.0,success,False,2026-08-21T00:25:32.620138+09:00
Patch Table,90.0,96.0,success,False,2026-08-19T22:00:50.592987+09:00
Patch Tag,140.0,63.0,success,False,2026-08-19T13:37:36.286521+09:00
Patch Tally,,,failed,False,2026-08-21T00:24:59.301324+09:00
Patch Tariff,,,failed,False,2026-08-21T02:42:51.701755+09:00
Patch Tax,,,failed,False,2026-08-21T02:10:26.523271+09:00
Patch Ticket,,,failed,False,2026-08-19T21:13:59.350184+09:00
Patch Timeline,,,failed,False,2026-08-19T21:13:13.092758+09:00
Patch Timer,,,failed,False,2026-08-28T00:26:06.768927+09:00
Patch Toll,,,failed,False,2026-08-21T02:42:47.286881+09:00
Patch Toolbox,,,failed,False,2026-08-28T00:26:12.300765+09:00
Patch Toolkit,,,failed,False,2026-08-18T22:08:09.141836+09:00
Patch Total,10.0,0.0,success,False,2026-08-27T23:13:50.940196+09:00
Patch Tracker,170.0,8.0,success,False,2026-08-17T21:34:37.066296+09:00
Patch Trail,30.0,21.0,success,False,2026-08-17T20:35:25.429619+09:00
Patch Trend,30.0,63.0,success,False,2026-08-28T01:07:41.597003+09:00
Patch Trial,480.0,0.0,success,False,2026-08-27T21:15:25.200797+09:00
Patch Unit,880.0,44.0,success,False,2026-08-21T01:53:31.985132+09:00
Patch Update,1600.0,1.0,success,False,2026-08-19T20:39:37.927726+09:00
Patch Vault,210.0,0.0,success,False,2026-08-17T20:44:36.649130+09:00
Patch Version,390.0,0.0,success,False,2026-08-23T03:23:00.689817+09:00
Patch View,30.0,2.0,success,False,2026-08-19T20:38:53.768635+09:00
Patch Voucher,20.0,31.0,success,False,2026-08-21T00:36:50.529911+09:00
Patch Watch,170.0,12.0,success,False,2026-08-17T20:37:55.339961+09:00
Patch Wave,480.0,38.0,success,False,2026-08-17T20:33:05.160713+09:00
Patch Widget,10.0,0.0,success,False,2026-08-27T23:13:50.940196+09:00
Patch Workbench,,,failed,False,2026-08-18T22:08:00.506560+09:00
Patch Workshop,50.0,0.0,success,False,2026-08-28T00:26:09.270269+09:00
Patch Zone,110.0,4.0,success,False,2026-08-17T20:44:14.789024+09:00
Patient Advance,,,failed,False,2026-08-23T16:16:38.945846+09:00
Patient Advisory,70.0,1.0,success,False,2026-08-21T01:07:19.627545+09:00
Patient Allowance,,,failed,False,2026-08-21T02:44:07.576254+09:00
Patient Almanac,,,failed,False,2026-08-18T22:10:32.480742+09:00
Patient Analyzer,10.0,0.0,success,False,2026-08-27T23:58:38.877794+09:00
Patient Anchor,,,failed,False,2026-08-17T20:43:25.230587+09:00
Patient Arrears,,,failed,False,2026-08-23T16:16:35.923082+09:00
Patient Asset,,,failed,False,2026-08-23T13:48:13.167118+09:00
Patient Assistant,1600.0,13.0,success,False,2026-08-17T23:11:27.104300+09:00
Patient Atlas,,,failed,False,2026-08-17T20:34:08.377719+09:00
Patient Badge,30.0,8.0,success,False,2026-08-21T00:34:38.752919+09:00
Patient Balance,90.0,2.0,success,False,2026-08-23T13:48:10.648745+09:00
Patient Base,140.0,5.0,success,False,2026-08-18T07:43:23.332018+09:00
Patient Beacon,30.0,7.0,success,False,2026-08-17T20:47:16.621554+09:00
Patient Bill,880.0,5.0,success,False,2026-08-19T22:01:23.897474+09:00
Patient Blueprint,,,failed,False,2026-08-18T22:10:25.741480+09:00
Patient Board,210.0,29.0,success,False,2026-08-17T21:37:55.576177+09:00
Patient Book,720.0,50.0,success,False,2026-08-19T22:02:19.043714+09:00
Patient Bridge,320.0,18.0,success,False,2026-08-17T20:44:15.738532+09:00
Patient Brief,50.0,21.0,success,False,2026-08-21T01:07:09.616987+09:00
Patient Bulletin,,,failed,False,2026-08-21T01:07:05.419425+09:00
Patient Calendar,20.0,10.0,success,False,2026-08-19T00:01:30.427864+09:00
Patient Card,880.0,3.0,success,False,2026-08-19T13:33:51.668880+09:00
Patient Cascade,,,failed,False,2026-08-17T20:45:15.345040+09:00
Patient Cash,,,failed,False,2026-08-21T02:29:11.262958+09:00
Patient Cashback,,,failed,False,2026-08-27T21:19:05.213789+09:00
Patient Catalog,,,failed,False,2026-08-19T21:19:39.587475+09:00
Patient Center,,,failed,False,2026-08-17T21:31:23.168898+09:00
Patient Chain,,,failed,False,2026-08-17T20:38:43.149907+09:00
Patient Charge,50.0,0.0,success,False,2026-08-21T02:43:59.643244+09:00
Patient Chart,3600.0,15.0,success,False,2026-08-19T12:26:22.946559+09:00
Patient Check,,,failed,False,2026-08-19T13:34:06.788909+09:00
Patient Checker,210.0,3.0,success,False,2026-08-27T23:58:28.934840+09:00
Patient Checklist,140.0,15.0,success,False,2026-08-19T21:18:36.412771+09:00
Patient Circular,,,failed,False,2026-08-21T01:07:15.275377+09:00
Patient Cockpit,,,failed,False,2026-08-17T23:07:07.612411+09:00
Patient Code,880.0,1.0,success,False,2026-08-19T22:01:48.957551+09:00
Patient Codex,,,failed,False,2026-08-18T22:10:51.704890+09:00
Patient Companion,590.0,4.0,success,False,2026-08-17T23:09:32.191803+09:00
Patient Compass,30.0,0.0,success,False,2026-08-17T20:48:31.729678+09:00
Patient Compendium,,,failed,False,2026-08-18T22:10:41.322709+09:00
Patient Confirmation,10.0,3.0,success,False,2026-08-21T01:07:29.159320+09:00
Patient Console,,,failed,False,2026-08-17T20:46:31.116711+09:00
Patient Contribution,20.0,1.0,success,False,2026-08-23T16:16:35.923082+09:00
Patient Copayment,40.0,5.0,success,False,2026-08-23T16:40:05.179166+09:00
Patient Core,,,failed,False,2026-08-17T21:41:22.072079+09:00
Patient Cost,70.0,1.0,success,False,2026-08-21T02:13:39.971656+09:00
Patient Count,90.0,1.0,success,False,2026-08-27T22:50:47.949618+09:00
Patient Counter,90.0,1.0,success,False,2026-08-19T00:02:15.189621+09:00
Patient Coupon,,,failed,False,2026-08-27T21:19:01.624624+09:00
Patient Dashboard,480.0,10.0,success,False,2026-08-17T23:14:44.117441+09:00
Patient Deal,,,failed,False,2026-08-21T01:58:34.274743+09:00
Patient Debt,10.0,0.0,success,False,2026-08-21T02:29:01.889757+09:00
Patient Deck,,,failed,False,2026-08-17T21:36:43.981322+09:00
Patient Depot,,,failed,False,2026-08-19T00:02:00.292816+09:00
Patient Desk,90.0,33.0,success,False,2026-08-17T21:34:09.721109+09:00
Patient Detail,880.0,1.0,success,False,2026-08-23T03:23:19.130954+09:00
Patient Detector,,,failed,False,2026-08-27T23:58:38.877794+09:00
Patient Diagram,90.0,0.0,success,False,2026-08-27T22:14:32.870267+09:00
Patient Dial,,,failed,False,2026-08-17T20:44:37.629482+09:00
Patient Digest,,,failed,False,2026-08-19T20:46:42.465530+09:00
Patient Directory,110.0,1.0,success,False,2026-08-19T00:01:37.572111+09:00
Patient Discount,20.0,2.0,success,False,2026-08-23T16:16:31.573856+09:00
Patient Dock,10.0,0.0,success,False,2026-08-17T20:41:16.510977+09:00
Patient Dossier,50.0,3.0,success,False,2026-08-21T01:07:31.229292+09:00
Patient Downpayment,,,failed,False,2026-08-27T21:49:55.360701+09:00
Patient Draft,,,failed,False,2026-08-19T20:46:51.690221+09:00
Patient Due,50.0,21.0,success,False,2026-08-23T15:52:46.857399+09:00
Patient Duty,210.0,3.0,success,False,2026-08-21T02:44:02.769477+09:00
Patient Engine,170.0,25.0,success,False,2026-08-17T22:51:27.768654+09:00
Patient Entry,70.0,1.0,success,False,2026-08-21T01:07:45.419245+09:00
Patient Estimate,90.0,9.0,success,False,2026-08-19T21:19:27.756536+09:00
Patient Estimator,20.0,18.0,success,False,2026-08-27T23:58:26.225716+09:00
Patient Excerpt,,,failed,False,2026-08-21T01:07:41.387893+09:00
Patient Fare,,,failed,False,2026-08-21T02:13:47.898953+09:00
Patient Fee,90.0,0.0,success,False,2026-08-21T01:58:12.628800+09:00
Patient Feed,20.0,0.0,success,False,2026-08-19T20:46:47.302188+09:00
Patient File,1300.0,30.0,success,False,2026-08-19T20:46:20.200545+09:00
Patient Finder,260.0,3.0,success,False,2026-08-19T00:01:53.326080+09:00
Patient Fine,,,failed,False,2026-08-23T02:57:50.579977+09:00
Patient Flag,,,failed,False,2026-08-21T00:35:03.505181+09:00
Patient Flow,1900.0,4.0,success,False,2026-08-17T21:37:21.496927+09:00
Patient Forge,,,failed,False,2026-08-17T20:46:03.469899+09:00
Patient Form,,,failed,False,2026-08-19T13:33:46.951331+09:00
Patient Frame,,,failed,False,2026-08-18T01:28:09.694093+09:00
Patient Fund,70.0,10.0,success,False,2026-08-21T02:29:07.517005+09:00
Patient Gate,201000.0,0.0,success,True,2026-08-17T20:35:59.491401+09:00
Patient Giveaway,,,failed,False,2026-08-27T21:19:11.248734+09:00
Patient Graph,20.0,2.0,success,False,2026-08-27T22:14:21.289312+09:00
Patient Grid,20.0,0.0,success,False,2026-08-17T20:39:15.324728+09:00
Patient Guard,140.0,1.0,success,False,2026-08-18T01:28:07.797651+09:00
Patient Guardian,110.0,0.0,success,False,2026-08-28T00:27:06.057605+09:00
Patient Guidebook,,,failed,False,2026-08-18T22:10:10.353821+09:00
Patient Helpdesk,,,failed,False,2026-08-27T22:50:47.949618+09:00
Patient Helper,590.0,17.0,success,False,2026-08-28T00:27:09.738576+09:00
Patient History,2900.0,0.0,success,True,2026-08-19T20:46:13.766068+09:00
Patient Hotline,70.0,6.0,success,False,2026-08-19T21:19:50.890463+09:00
Patient Hub,3600.0,5.0,success,False,2026-08-17T21:36:20.278504+09:00
Patient Identifier,4400.0,0.0,success,True,2026-08-23T13:09:17.043261+09:00
Patient Incentive,,,failed,False,2026-08-27T21:19:08.961232+09:00
Patient Index,170.0,3.0,success,False,2026-08-19T21:18:51.088595+09:00
Patient Insight,110.0,4.0,success,False,2026-08-17T23:12:24.724350+09:00
Patient Installment,,,failed,False,2026-08-23T16:16:31.573856+09:00
Patient Interest,20.0,0.0,success,False,2026-08-23T13:48:10.648745+09:00
Patient Item,,,failed,False,2026-08-21T01:58:16.207160+09:00
Patient Journal,1600.0,5.0,success,False,2026-08-18T22:09:54.168922+09:00
Patient Keeper,880.0,2.0,success,False,2026-08-17T20:31:59.985806+09:00
Patient Kit,260.0,7.0,success,False,2026-08-27T22:50:39.556744+09:00
Patient Lab,140.0,10.0,success,False,2026-08-17T21:34:39.149688+09:00
Patient Label,6600.0,2.0,success,False,2026-08-27T22:14:23.666536+09:00
Patient Ledger,320.0,5.0,success,False,2026-08-17T21:39:19.495692+09:00
Patient Lens,20.0,5.0,success,False,2026-08-17T20:32:36.001496+09:00
Patient Level,880.0,0.0,success,False,2026-08-19T20:46:24.803660+09:00
Patient Levy,,,failed,False,2026-08-23T13:48:13.167118+09:00
Patient Link,1600.0,1.0,success,False,2026-08-23T03:23:11.854221+09:00
Patient List,880.0,1.0,success,False,2026-08-19T22:01:57.019761+09:00
Patient Loan,90.0,13.0,success,False,2026-08-21T02:13:51.922112+09:00
Patient Lobby,,,failed,False,2026-08-19T12:26:30.202611+09:00
Patient Locator,110.0,1.0,success,False,2026-08-19T00:01:43.287513+09:00
Patient Lock,20.0,4.0,success,False,2026-08-17T20:34:34.179062+09:00
Patient Log,3600.0,0.0,success,True,2026-08-19T13:33:39.488989+09:00
Patient Loop,90.0,21.0,success,False,2026-08-17T20:40:08.225876+09:00
Patient Manager,1900.0,4.0,success,False,2026-08-18T07:52:20.987077+09:00
Patient Manual,10.0,0.0,success,False,2026-08-27T22:14:23.666536+09:00
Patient Map,140.0,3.0,success,False,2026-08-17T20:33:41.175079+09:00
Patient Margin,,,failed,False,2026-08-23T02:57:47.800883+09:00
Patient Markup,,,failed,False,2026-08-23T16:40:02.738352+09:00
Patient Memo,,,failed,False,2026-08-21T00:34:59.250399+09:00
Patient Message,320.0,7.0,success,False,2026-08-27T23:15:55.855078+09:00
Patient Meter,,,failed,False,2026-08-17T20:43:55.064759+09:00
Patient Metrics,30.0,4.0,success,False,2026-08-17T23:07:47.336176+09:00
Patient Monitor,12100.0,85.0,success,False,2026-08-17T23:13:04.753315+09:00
Patient Navigator,4400.0,3.0,success,False,2026-08-17T23:14:05.238044+09:00
Patient Nexus,,,failed,False,2026-08-17T20:35:00.475766+09:00
Patient Node,,,failed,False,2026-08-17T20:36:56.303275+09:00
Patient Note,3600.0,17.0,success,False,2026-08-19T13:34:25.531210+09:00
Patient Notification,70.0,21.0,success,False,2026-08-27T22:50:35.805109+09:00
Patient Number,720.0,1.0,success,False,2026-08-23T03:23:04.042146+09:00
Patient Office,90.0,8.0,success,False,2026-08-19T00:02:09.626106+09:00
Patient Ops,390.0,0.0,success,False,2026-08-17T23:03:53.626473+09:00
Patient Order,320.0,0.0,success,False,2026-08-19T22:01:14.357219+09:00
Patient Organizer,10.0,97.0,success,False,2026-08-17T23:05:14.518937+09:00
Patient Overage,,,failed,False,2026-08-27T21:49:53.079168+09:00
Patient Overdraft,,,failed,False,2026-08-23T15:52:46.857399+09:00
Patient Overdue,,,failed,False,2026-08-27T21:49:48.123433+09:00
Patient Panel,260.0,0.0,success,False,2026-08-17T20:45:42.370254+09:00
Patient Pass,5400.0,0.0,success,True,2026-08-21T00:34:27.900194+09:00
Patient Path,720.0,4.0,success,False,2026-08-17T20:36:22.753454+09:00
Patient Payoff,,,failed,False,2026-08-27T21:49:50.641192+09:00
Patient Penalty,,,failed,False,2026-08-23T16:40:02.738352+09:00
Patient Petition,,,failed,False,2026-08-21T01:07:24.154176+09:00
Patient Pilot,90.0,22.0,success,False,2026-08-17T21:35:11.471835+09:00
Patient Plan,390.0,1.0,success,False,2026-08-21T01:58:27.155216+09:00
Patient Planner,20.0,68.0,success,False,2026-08-17T23:10:49.091693+09:00
Patient Playbook,10.0,48.0,success,False,2026-08-18T22:09:47.268840+09:00
Patient Point,5400.0,40.0,success,False,2026-08-17T20:35:28.436030+09:00
Patient Portal,246000.0,3.0,success,False,2026-08-17T20:47:58.336807+09:00
Patient Preview,,,failed,False,2026-08-28T01:08:29.646959+09:00
Patient Profile,1600.0,2.0,success,False,2026-08-19T13:35:17.832639+09:00
Patient Profit,50.0,0.0,success,False,2026-08-23T02:57:43.117346+09:00
Patient Proposal,,,failed,False,2026-08-28T01:08:29.646959+09:00
Patient Pulse,170.0,6.0,success,False,2026-08-17T20:38:19.209708+09:00
Patient Queue,110.0,7.0,success,False,2026-08-19T21:19:14.051362+09:00
Patient Quota,10.0,0.0,success,False,2026-08-21T00:35:01.453915+09:00
Patient Radar,,,failed,False,2026-08-17T21:33:08.992358+09:00
Patient Rail,10.0,0.0,success,False,2026-08-17T20:40:32.567080+09:00
Patient Rate,50.0,0.0,success,False,2026-08-19T20:46:30.162701+09:00
Patient Recap,10.0,0.0,success,False,2026-08-21T01:07:35.741700+09:00
Patient Receipt,140.0,3.0,success,False,2026-08-19T22:01:39.954435+09:00
Patient Register,2400.0,6.0,success,False,2026-08-17T23:08:49.702335+09:00
Patient Registry,2400.0,6.0,success,False,2026-08-18T22:10:16.418477+09:00
Patient Relay,,,failed,False,2026-08-17T21:31:56.784481+09:00
Patient Reminder,170.0,5.0,success,False,2026-08-19T21:18:26.718972+09:00
Patient Report,1900.0,1.0,success,False,2026-08-19T13:33:22.206561+09:00
Patient Repository,,,failed,False,2026-08-27T23:16:01.473407+09:00
Patient Roadmap,10.0,6.0,success,False,2026-08-18T22:10:58.146959+09:00
Patient Roster,140.0,2.0,success,False,2026-08-19T00:37:59.032888+09:00
Patient Route,20.0,0.0,success,False,2026-08-17T20:42:06.946542+09:00
Patient Rule,30.0,3.0,success,False,2026-08-23T03:23:15.682212+09:00
Patient Sale,,,failed,False,2026-08-21T02:29:14.750230+09:00
Patient Sample,170.0,2.0,success,False,2026-08-19T22:02:37.152847+09:00
Patient Scale,170.0,85.0,success,False,2026-08-17T20:42:52.966707+09:00
Patient Scanner,50.0,2.0,success,False,2026-08-27T23:58:34.382467+09:00
Patient Scheduler,1000.0,19.0,success,False,2026-08-17T23:06:02.733299+09:00
Patient Scope,40.0,5.0,success,False,2026-08-17T20:40:52.985789+09:00
Patient Score,50.0,0.0,success,False,2026-08-19T13:34:20.014616+09:00
Patient Sentry,,,failed,False,2026-08-17T20:33:08.305690+09:00
Patient Sheet,210.0,69.0,success,False,2026-08-19T13:34:00.979457+09:00
Patient Shortfall,,,failed,False,2026-08-27T21:49:57.609346+09:00
Patient Signal,,,failed,False,2026-08-17T20:42:24.319818+09:00
Patient Signature,260.0,2.0,success,False,2026-08-23T13:28:07.800496+09:00
Patient Slip,90.0,0.0,success,False,2026-08-19T22:02:29.042116+09:00
Patient Slot,,,failed,False,2026-08-19T22:02:50.225246+09:00
Patient Snapshot,20.0,1.0,success,False,2026-08-18T22:10:02.231985+09:00
Patient Stake,,,failed,False,2026-08-23T02:57:45.364347+09:00
Patient Statement,210.0,4.0,success,False,2026-08-21T00:34:47.254019+09:00
Patient Station,2400.0,0.0,success,True,2026-08-17T21:33:36.085901+09:00
Patient Status,720.0,0.0,success,False,2026-08-19T20:46:04.507912+09:00
Patient Stipend,20.0,2.0,success,False,2026-08-23T13:48:15.214978+09:00
Patient Stub,,,failed,False,2026-08-21T00:34:42.810397+09:00
Patient Studio,170.0,14.0,success,False,2026-08-17T21:35:44.584576+09:00
Patient Subsidy,,,failed,False,2026-08-23T15:52:48.928193+09:00
Patient Suite,20.0,11.0,success,False,2026-08-17T23:04:12.037031+09:00
Patient Sum,,,failed,False,2026-08-21T02:28:57.894422+09:00
Patient Summary,1000.0,1.0,success,False,2026-08-19T21:18:03.656517+09:00
Patient Surtax,,,failed,False,2026-08-23T15:52:50.933121+09:00
Patient Sync,70.0,15.0,success,False,2026-08-17T21:38:26.629916+09:00
Patient Tab,70.0,0.0,success,False,2026-08-21T00:35:07.163921+09:00
Patient Table,1000.0,99.0,success,False,2026-08-19T22:02:05.634117+09:00
Patient Tag,210.0,45.0,success,False,2026-08-19T13:35:12.097075+09:00
Patient Tally,,,failed,False,2026-08-21T00:34:51.514854+09:00
Patient Tariff,,,failed,False,2026-08-21T02:44:11.415890+09:00
Patient Tax,10.0,0.0,success,False,2026-08-21T02:13:47.898953+09:00
Patient Ticket,20.0,2.0,success,False,2026-08-19T21:19:03.809657+09:00
Patient Tier,,,failed,False,2026-08-28T00:48:45.489712+09:00
Patient Timeline,90.0,0.0,success,False,2026-08-19T21:18:14.475118+09:00
Patient Timer,,,failed,False,2026-08-28T00:27:03.530965+09:00
Patient Toll,,,failed,False,2026-08-21T02:44:04.894763+09:00
Patient Toolbox,10.0,0.0,success,False,2026-08-28T00:27:09.738576+09:00
Patient Toolkit,20.0,26.0,success,False,2026-08-18T22:09:37.820706+09:00
Patient Total,,,failed,False,2026-08-27T23:15:58.535794+09:00
Patient Tracker,1900.0,9.0,success,False,2026-08-17T21:40:41.309160+09:00
Patient Trail,,,failed,False,2026-08-17T20:39:41.640400+09:00
Patient Trend,,,failed,False,2026-08-28T01:08:26.427990+09:00
Patient Trial,20.0,8.0,success,False,2026-08-27T21:19:05.213789+09:00
Patient Unit,140.0,0.0,success,False,2026-08-21T01:58:22.092915+09:00
Patient Update,70.0,1.0,success,False,2026-08-19T20:46:36.801455+09:00
Patient Value,480.0,0.0,success,False,2026-08-23T02:57:45.364347+09:00
Patient Vault,40.0,0.0,success,False,2026-08-17T21:30:47.592348+09:00
Patient Version,10.0,0.0,success,False,2026-08-23T03:23:07.645674+09:00
Patient View,590.0,1.0,success,False,2026-08-19T20:46:10.724712+09:00
Patient Voucher,,,failed,False,2026-08-21T00:34:32.979761+09:00
Patient Wallet,390.0,2.0,success,False,2026-08-27T22:50:43.878395+09:00
Patient Watch,390.0,6.0,success,False,2026-08-17T20:41:46.079279+09:00
Patient Wave,,,failed,False,2026-08-17T20:37:24.505740+09:00
Patient Widget,,,failed,False,2026-08-27T23:15:58.535794+09:00
Patient Workbench,,,failed,False,2026-08-18T22:09:30.106481+09:00
Patient Worksheet,140.0,1.0,success,False,2026-08-27T22:14:28.911513+09:00
Patient Zone,260.0,0.0,success,False,2026-08-17T21:30:15.996537+09:00
Payment Advance,14800.0,68.0,success,False,2026-08-23T16:15:31.472081+09:00
Payment Advisory,390.0,2.0,success,False,2026-08-21T01:01:57.606553+09:00
Payment Allowance,590.0,0.0,success,False,2026-08-21T02:40:11.455485+09:00
Payment Almanac,,,failed,False,2026-08-18T22:07:09.458547+09:00
Payment Analyzer,,,failed,False,2026-08-27T23:53:12.173263+09:00
Payment Anchor,,,failed,False,2026-08-17T20:33:23.313632+09:00
Payment Arrears,8100.0,1.0,success,False,2026-08-23T16:15:27.627511+09:00
Payment Assistant,22200.0,2.0,success,False,2026-08-17T23:08:58.203851+09:00
Payment Atlas,,,failed,False,2026-08-17T21:32:50.995270+09:00
Payment Badge,210.0,4.0,success,False,2026-08-21T00:24:49.316489+09:00
Payment Balance,1300.0,2.0,success,False,2026-08-23T13:47:31.255092+09:00
Payment Base,110.0,2.0,success,False,2026-08-17T20:47:33.914967+09:00
Payment Beacon,,,failed,False,2026-08-17T20:37:08.027448+09:00
Payment Bill,74000.0,2.0,success,False,2026-08-19T22:02:22.489790+09:00
Payment Blueprint,,,failed,False,2026-08-18T22:07:01.170489+09:00
Payment Board,590.0,1.0,success,False,2026-08-17T20:44:24.451216+09:00
Payment Book,1000.0,52.0,success,False,2026-08-19T22:03:11.253996+09:00
Payment Bridge,590.0,10.0,success,False,2026-08-17T20:34:18.335664+09:00
Payment Brief,,,failed,False,2026-08-21T00:59:40.549783+09:00
Payment Bulletin,20.0,0.0,success,False,2026-08-21T00:59:36.315785+09:00
Payment Calculator,550000.0,3.0,success,False,2026-08-27T23:33:05.663722+09:00
Payment Calendar,1300.0,2.0,success,False,2026-08-19T00:01:10.174789+09:00
Payment Card,27100.0,15.0,success,False,2026-08-19T13:23:03.025983+09:00
Payment Cascade,,,failed,False,2026-08-17T20:35:12.658616+09:00
Payment Cash,9900.0,2.0,success,False,2026-08-21T02:24:30.364633+09:00
Payment Cashback,110.0,20.0,success,False,2026-08-26T22:29:34.366294+09:00
Payment Catalog,20.0,27.0,success,False,2026-08-19T21:17:51.663250+09:00
Payment Category,210.0,0.0,success,False,2026-08-23T13:07:20.154329+09:00
Payment Center,8100.0,5.0,success,False,2026-08-17T20:39:23.919432+09:00
Payment Chain,90.0,1.0,success,False,2026-08-17T21:38:08.965654+09:00
Payment Charge,1300.0,1.0,success,False,2026-08-21T02:39:59.313025+09:00
Payment Check,12100.0,9.0,success,False,2026-08-19T13:23:22.980764+09:00
Payment Checker,12100.0,9.0,success,False,2026-08-27T23:52:57.703687+09:00
Payment Checklist,90.0,37.0,success,False,2026-08-19T21:16:57.743794+09:00
Payment Circular,,,failed,False,2026-08-21T01:01:55.292277+09:00
Payment Cockpit,10.0,5.0,success,False,2026-08-17T23:11:38.355115+09:00
Payment Code,3600.0,0.0,success,True,2026-08-19T22:02:41.688719+09:00
Payment Codex,,,failed,False,2026-08-18T22:07:26.351718+09:00
Payment Companion,,,failed,False,2026-08-17T23:06:52.573020+09:00
Payment Comparison,6600.0,8.0,success,False,2026-08-28T01:04:04.391433+09:00
Payment Compass,210.0,14.0,success,False,2026-08-17T20:38:06.157627+09:00
Payment Compendium,,,failed,False,2026-08-18T22:07:16.682645+09:00
Payment Confirmation,5400.0,1.0,success,False,2026-08-21T00:59:56.543467+09:00
Payment Console,50.0,12.0,success,False,2026-08-17T20:36:39.507807+09:00
Payment Contribution,140.0,0.0,success,False,2026-08-23T16:15:27.627511+09:00
Payment Core,30.0,14.0,success,False,2026-08-17T20:46:16.531586+09:00
Payment Cost,260.0,1.0,success,False,2026-08-21T02:08:48.919404+09:00
Payment Count,170.0,1.0,success,False,2026-08-27T22:45:23.426349+09:00
Payment Counter,320.0,13.0,success,False,2026-08-19T00:01:57.884072+09:00
Payment Coupon,590.0,1.0,success,False,2026-08-26T22:29:25.643786+09:00
Payment Dashboard,5400.0,5.0,success,False,2026-08-17T23:12:11.666158+09:00
Payment Deal,720.0,0.0,success,False,2026-08-21T01:52:36.759473+09:00
Payment Debt,4400.0,15.0,success,False,2026-08-21T02:24:19.138497+09:00
Payment Deck,,,failed,False,2026-08-17T20:43:34.295212+09:00
Payment Depot,1000.0,44.0,success,False,2026-08-19T00:01:40.731758+09:00
Payment Desk,320.0,11.0,success,False,2026-08-17T20:41:24.809383+09:00
Payment Detail,8100.0,1.0,success,False,2026-08-23T03:19:30.157366+09:00
Payment Detector,,,failed,False,2026-08-27T23:53:07.557701+09:00
Payment Diagram,70.0,0.0,success,False,2026-08-27T22:06:58.606007+09:00
Payment Dial,10.0,0.0,success,False,2026-08-17T20:34:43.926118+09:00
Payment Digest,,,failed,False,2026-08-19T20:43:04.288794+09:00
Payment Directory,,,failed,False,2026-08-19T00:01:18.833283+09:00
Payment Discount,140.0,1.0,success,False,2026-08-23T16:15:22.615283+09:00
Payment Dock,,,failed,False,2026-08-18T07:43:41.366664+09:00
Payment Dossier,,,failed,False,2026-08-21T01:00:01.570868+09:00
Payment Draft,480.0,6.0,success,False,2026-08-19T20:43:19.095275+09:00
Payment Due,8100.0,1.0,success,False,2026-08-23T15:52:18.208311+09:00
Payment Duty,1900.0,0.0,success,True,2026-08-21T02:40:01.670619+09:00
Payment Engine,260.0,17.0,success,False,2026-08-17T23:08:20.793662+09:00
Payment Entry,5400.0,8.0,success,False,2026-08-21T01:00:16.070819+09:00
Payment Estimate,260.0,7.0,success,False,2026-08-19T21:17:42.432873+09:00
Payment Estimator,2400.0,8.0,success,False,2026-08-27T23:52:54.402675+09:00
Payment Excerpt,,,failed,False,2026-08-21T01:02:10.080773+09:00
Payment Extension,2900.0,1.0,success,False,2026-08-23T16:39:35.759045+09:00
Payment Fare,,,failed,False,2026-08-21T02:08:56.102085+09:00
Payment Fee,5400.0,0.0,success,True,2026-08-21T01:52:17.382086+09:00
Payment Feed,5400.0,0.0,success,True,2026-08-19T20:43:13.193243+09:00
Payment File,390.0,1.0,success,False,2026-08-19T20:42:32.517249+09:00
Payment Finder,2900.0,1.0,success,False,2026-08-19T00:01:32.528747+09:00
Payment Fine,33100.0,4.0,success,False,2026-08-23T02:54:55.052160+09:00
Payment Flag,110.0,9.0,success,False,2026-08-21T00:25:38.806657+09:00
Payment Flow,880.0,12.0,success,False,2026-08-17T20:44:04.848400+09:00
Payment Forge,,,failed,False,2026-08-17T20:36:11.237181+09:00
Payment Form,3600.0,18.0,success,False,2026-08-19T13:22:13.329978+09:00
Payment Format,3600.0,18.0,success,False,2026-08-23T13:07:26.060181+09:00
Payment Frame,40.0,9.0,success,False,2026-08-17T20:49:39.030080+09:00
Payment Fund,110.0,7.0,success,False,2026-08-21T02:24:23.153426+09:00
Payment Gate,60500.0,42.0,success,False,2026-08-17T21:34:55.256705+09:00
Payment Giveaway,,,failed,False,2026-08-27T21:12:56.642443+09:00
Payment Grade,,,failed,False,2026-08-21T00:25:15.691482+09:00
Payment Graph,260.0,1.0,success,False,2026-08-27T22:06:46.717056+09:00
Payment Grid,50.0,2.0,success,False,2026-08-17T21:38:40.825363+09:00
Payment Guarantee,1000.0,2.0,success,False,2026-08-28T01:04:11.555424+09:00
Payment Guard,170.0,5.0,success,False,2026-08-17T20:46:56.962156+09:00
Payment Guardian,110.0,9.0,success,False,2026-08-28T00:23:08.180984+09:00
Payment Guidebook,,,failed,False,2026-08-18T22:06:43.515975+09:00
Payment Helpdesk,10.0,0.0,success,False,2026-08-27T22:45:23.426349+09:00
Payment Helper,320.0,12.0,success,False,2026-08-28T00:23:14.492376+09:00
Payment History,4400.0,0.0,success,True,2026-08-19T20:42:25.910879+09:00
Payment Hotline,260.0,1.0,success,False,2026-08-19T21:17:59.528469+09:00
Payment Hub,8100.0,13.0,success,False,2026-08-17T20:43:08.098438+09:00
Payment Identifier,9900.0,2.0,success,False,2026-08-23T13:07:20.154329+09:00
Payment Incentive,2400.0,3.0,success,False,2026-08-27T21:12:51.148194+09:00
Payment Index,260.0,1.0,success,False,2026-08-19T21:17:11.439811+09:00
Payment Insight,140.0,12.0,success,False,2026-08-17T23:04:23.573644+09:00
Payment Installment,18100.0,14.0,success,False,2026-08-23T16:15:25.443589+09:00
Payment Interest,1000.0,0.0,success,True,2026-08-23T13:47:31.255092+09:00
Payment Item,110.0,2.0,success,False,2026-08-21T01:52:20.481419+09:00
Payment Journal,590.0,2.0,success,False,2026-08-18T22:06:25.984558+09:00
Payment Keeper,590.0,2.0,success,False,2026-08-17T21:30:30.781560+09:00
Payment Kit,70.0,14.0,success,False,2026-08-27T22:45:10.355251+09:00
Payment Lab,880.0,4.0,success,False,2026-08-17T20:41:54.470071+09:00
Payment Label,170.0,10.0,success,False,2026-08-27T22:06:51.467328+09:00
Payment Ledger,1000.0,45.0,success,False,2026-08-17T20:45:28.437462+09:00
Payment Lens,,,failed,False,2026-08-17T21:31:02.177338+09:00
Payment Level,590.0,1.0,success,False,2026-08-19T20:42:37.692999+09:00
Payment Levy,8100.0,0.0,success,True,2026-08-23T13:47:35.441000+09:00
Payment Link,14800.0,44.0,success,False,2026-08-23T03:19:24.648506+09:00
Payment List,1600.0,1.0,success,False,2026-08-19T22:02:50.225246+09:00
Payment Loan,12100.0,32.0,success,False,2026-08-21T02:09:05.168889+09:00
Payment Locator,260.0,0.0,success,False,2026-08-19T00:01:24.646371+09:00
Payment Lock,170.0,2.0,success,False,2026-08-17T21:33:20.961288+09:00
Payment Log,480.0,29.0,success,False,2026-08-19T13:21:58.772541+09:00
Payment Loop,30.0,9.0,success,False,2026-08-17T21:41:04.521769+09:00
Payment Manager,880.0,6.0,success,False,2026-08-17T20:48:13.207047+09:00
Payment Manual,1000.0,3.0,success,False,2026-08-27T22:06:55.016444+09:00
Payment Map,70.0,0.0,success,False,2026-08-17T21:32:15.070878+09:00
Payment Markup,,,failed,False,2026-08-23T16:39:30.994856+09:00
Payment Memo,480.0,9.0,success,False,2026-08-21T00:25:24.031302+09:00
Payment Message,1300.0,0.0,success,True,2026-08-27T23:10:50.264630+09:00
Payment Meter,390.0,13.0,success,False,2026-08-17T20:33:51.962760+09:00
Payment Metrics,70.0,4.0,success,False,2026-08-17T23:04:59.397693+09:00
Payment Monitor,320.0,6.0,success,False,2026-08-17T23:10:35.067749+09:00
Payment Navigator,110.0,1.0,success,False,2026-08-17T23:06:14.261884+09:00
Payment Nexus,480.0,14.0,success,False,2026-08-17T21:33:48.082783+09:00
Payment Node,20.0,4.0,success,False,2026-08-17T21:35:58.459168+09:00
Payment Note,6600.0,1.0,success,False,2026-08-19T13:23:50.629735+09:00
Payment Notification,1900.0,0.0,success,True,2026-08-27T22:45:10.355251+09:00
Payment Number,2400.0,3.0,success,False,2026-08-23T03:19:19.103854+09:00
Payment Office,590.0,2.0,success,False,2026-08-19T00:01:46.968095+09:00
Payment Ops,480.0,7.0,success,False,2026-08-17T23:13:53.612284+09:00
Payment Order,4400.0,0.0,success,True,2026-08-19T22:02:09.365210+09:00
Payment Organizer,50.0,100.0,success,False,2026-08-17T23:10:04.608173+09:00
Payment Overage,,,failed,False,2026-08-27T21:45:56.763524+09:00
Payment Overdraft,,,failed,False,2026-08-23T15:52:18.208311+09:00
Payment Overdue,480.0,1.0,success,False,2026-08-27T21:45:56.763524+09:00
Payment Panel,260.0,10.0,success,False,2026-08-17T20:35:44.075031+09:00
Payment Pass,50.0,0.0,success,False,2026-08-21T00:24:54.126348+09:00
Payment Path,30.0,7.0,success,False,2026-08-17T21:35:22.295985+09:00
Payment Penalty,1600.0,0.0,success,True,2026-08-23T16:39:30.994856+09:00
Payment Petition,,,failed,False,2026-08-21T00:59:52.495839+09:00
Payment Pilot,74000.0,1.0,success,False,2026-08-17T20:42:13.997557+09:00
Payment Plan,18100.0,17.0,success,False,2026-08-21T01:52:30.422416+09:00
Payment Planner,18100.0,17.0,success,False,2026-08-17T23:15:12.775041+09:00
Payment Playbook,,,failed,False,2026-08-18T22:06:16.619003+09:00
Payment Point,33100.0,1.0,success,False,2026-08-17T21:34:24.214520+09:00
Payment Portal,12100.0,13.0,success,False,2026-08-17T20:37:38.706086+09:00
Payment Preview,10.0,2.0,success,False,2026-08-28T01:04:04.391433+09:00
Payment Profile,3600.0,0.0,success,True,2026-08-19T13:24:25.669672+09:00
Payment Profit,30.0,11.0,success,False,2026-08-23T02:54:45.895962+09:00
Payment Proposal,210.0,2.0,success,False,2026-08-28T01:04:09.060597+09:00
Payment Pulse,,,failed,False,2026-08-17T21:37:36.095439+09:00
Payment Queue,110.0,4.0,success,False,2026-08-19T21:17:31.409694+09:00
Payment Quota,70.0,2.0,success,False,2026-08-21T00:25:32.620138+09:00
Payment Radar,,,failed,False,2026-08-17T20:40:42.163784+09:00
Payment Rail,1900.0,11.0,success,False,2026-08-17T21:41:36.452024+09:00
Payment Rate,12100.0,1.0,success,False,2026-08-19T20:42:43.732696+09:00
Payment Recap,,,failed,False,2026-08-21T01:02:07.931527+09:00
Payment Receipt,33100.0,33.0,success,False,2026-08-19T22:02:31.549197+09:00
Payment Recorder,,,failed,False,2026-08-27T23:33:13.459329+09:00
Payment Register,4400.0,14.0,success,False,2026-08-17T23:13:17.884356+09:00
Payment Registry,,,failed,False,2026-08-18T22:06:52.142585+09:00
Payment Relay,,,failed,False,2026-08-17T20:39:52.233588+09:00
Payment Reminder,6600.0,1.0,success,False,2026-08-19T21:16:45.147013+09:00
Payment Report,880.0,7.0,success,False,2026-08-19T13:21:49.505722+09:00
Payment Repository,,,failed,False,2026-08-27T23:11:01.656662+09:00
Payment Roadmap,20.0,4.0,success,False,2026-08-18T22:07:33.444344+09:00
Payment Roster,30.0,2.0,success,False,2026-08-19T00:37:21.857423+09:00
Payment Route,170.0,14.0,success,False,2026-08-17T20:31:36.969919+09:00
Payment Rule,390.0,0.0,success,False,2026-08-23T03:19:26.945614+09:00
Payment Sale,170.0,8.0,success,False,2026-08-21T02:24:33.883948+09:00
Payment Sample,50.0,19.0,success,False,2026-08-19T22:03:30.282761+09:00
Payment Scale,74000.0,1.0,success,False,2026-08-17T20:32:47.475978+09:00
Payment Scanner,2900.0,11.0,success,False,2026-08-27T23:53:00.851680+09:00
Payment Scheduler,8100.0,1.0,success,False,2026-08-17T22:48:05.376281+09:00
Payment Scope,20.0,0.0,success,False,2026-08-18T07:52:17.361320+09:00
Payment Score,390.0,17.0,success,False,2026-08-19T13:23:40.624873+09:00
Payment Sentry,,,failed,False,2026-08-17T21:31:39.058447+09:00
Payment Sheet,1600.0,10.0,success,False,2026-08-19T13:23:14.484254+09:00
Payment Shortfall,170.0,1.0,success,False,2026-08-27T21:45:59.200970+09:00
Payment Signal,,,failed,False,2026-08-17T20:32:10.469810+09:00
Payment Slip,74000.0,8.0,success,False,2026-08-19T22:03:20.182030+09:00
Payment Slot,3600.0,23.0,success,False,2026-08-19T22:03:39.900427+09:00
Payment Snapshot,,,failed,False,2026-08-18T22:06:35.395449+09:00
Payment Stage,70.0,0.0,success,False,2026-08-28T00:46:47.850580+09:00
Payment Stake,10.0,0.0,success,False,2026-08-23T02:54:50.074152+09:00
Payment Statement,1900.0,5.0,success,False,2026-08-21T00:25:02.156940+09:00
Payment Station,2400.0,9.0,success,False,2026-08-17T20:41:03.029394+09:00
Payment Status,9900.0,0.0,success,True,2026-08-19T20:42:12.538195+09:00
Payment Streak,50.0,2.0,success,False,2026-08-28T00:46:54.511345+09:00
Payment Stub,49500.0,29.0,success,False,2026-08-21T00:24:57.111152+09:00
Payment Studio,50.0,3.0,success,False,2026-08-17T20:42:41.908187+09:00
Payment Suite,170.0,24.0,success,False,2026-08-17T23:14:10.961193+09:00
Payment Sum,210.0,37.0,success,False,2026-08-21T02:24:12.217966+09:00
Payment Summary,1900.0,1.0,success,False,2026-08-19T21:16:21.953049+09:00
Payment Surtax,,,failed,False,2026-08-23T15:52:20.216125+09:00
Payment Sync,,,failed,False,2026-08-17T20:44:51.445524+09:00
Payment Tab,390.0,26.0,success,False,2026-08-21T00:25:45.592013+09:00
Payment Table,1300.0,1.0,success,False,2026-08-19T22:03:03.584652+09:00
Payment Tag,1300.0,22.0,success,False,2026-08-19T13:24:14.979285+09:00
Payment Tally,20.0,4.0,success,False,2026-08-21T00:25:10.675439+09:00
Payment Tariff,110.0,1.0,success,False,2026-08-21T02:40:14.671503+09:00
Payment Tax,74000.0,1.0,success,False,2026-08-21T02:09:00.837465+09:00
Payment Ticket,33100.0,10.0,success,False,2026-08-19T21:17:21.944279+09:00
Payment Tier,170.0,4.0,success,False,2026-08-28T00:46:54.511345+09:00
Payment Timeline,210.0,0.0,success,False,2026-08-19T21:16:32.174515+09:00
Payment Timer,3600.0,6.0,success,False,2026-08-28T00:23:05.201958+09:00
Payment Token,1300.0,13.0,success,False,2026-08-23T13:27:48.876436+09:00
Payment Toll,74000.0,1.0,success,False,2026-08-21T02:40:04.485559+09:00
Payment Toolbox,,,failed,False,2026-08-28T00:23:11.653599+09:00
Payment Toolkit,,,failed,False,2026-08-18T22:06:07.690995+09:00
Payment Total,260.0,1.0,success,False,2026-08-27T23:10:55.756193+09:00
Payment Tracker,5400.0,16.0,success,False,2026-08-17T20:45:51.407426+09:00
Payment Trail,50.0,11.0,success,False,2026-08-17T21:39:34.435552+09:00
Payment Trend,480.0,9.0,success,False,2026-08-28T01:04:00.519509+09:00
Payment Trial,480.0,50.0,success,False,2026-08-27T21:12:46.088803+09:00
Payment Unit,320.0,9.0,success,False,2026-08-21T01:52:27.177299+09:00
Payment Update,1300.0,1.0,success,False,2026-08-19T20:42:55.526386+09:00
Payment Value,590.0,0.0,success,False,2026-08-23T02:54:48.016404+09:00
Payment Vault,6600.0,5.0,success,False,2026-08-17T20:38:59.956902+09:00
Payment Version,,,failed,False,2026-08-23T03:19:21.354912+09:00
Payment View,110000.0,1.0,success,False,2026-08-19T20:42:19.980728+09:00
Payment Voucher,18100.0,47.0,success,False,2026-08-21T00:24:43.469777+09:00
Payment Watch,590.0,66.0,success,False,2026-08-18T07:52:06.675931+09:00
Payment Wave,8100.0,11.0,success,False,2026-08-17T21:36:30.682605+09:00
Payment Widget,90.0,20.0,success,False,2026-08-27T23:10:55.756193+09:00
Payment Workbench,10.0,43.0,success,False,2026-08-18T22:05:57.658157+09:00
Payment Worksheet,40.0,6.0,success,False,2026-08-27T22:06:58.606007+09:00
Payment Zone,70.0,3.0,success,False,2026-08-17T20:38:31.317013+09:00
Payout Advance,,,failed,False,2026-08-23T16:15:57.304809+09:00
Payout Advisory,,,failed,False,2026-08-21T01:05:51.926035+09:00
Payout Alert,10.0,0.0,success,False,2026-08-19T21:58:45.118789+09:00
Payout Allowance,,,failed,False,2026-08-21T02:44:11.415890+09:00
Payout Analyzer,,,failed,False,2026-08-27T23:54:23.137775+09:00
Payout Arrears,,,failed,False,2026-08-23T16:15:57.304809+09:00
Payout Assistant,,,failed,False,2026-08-19T21:53:43.821939+09:00
Payout Atlas,,,failed,False,2026-08-19T21:52:57.085670+09:00
Payout Attribute,,,failed,False,2026-08-23T13:06:02.918045+09:00
Payout Badge,,,failed,False,2026-08-21T00:30:01.129618+09:00
Payout Balance,50.0,0.0,success,False,2026-08-23T13:47:09.314181+09:00
Payout Base,590.0,100.0,success,False,2026-08-19T21:48:40.966338+09:00
Payout Bay,,,failed,False,2026-08-19T21:57:14.341308+09:00
Payout Beacon,,,failed,False,2026-08-19T22:07:41.945033+09:00
Payout Bill,10.0,0.0,success,False,2026-08-19T22:04:34.418517+09:00
Payout Board,10.0,,success,False,2026-08-19T21:49:16.162945+09:00
Payout Book,,,failed,False,2026-08-19T22:05:35.780904+09:00
Payout Booth,,,failed,False,2026-08-19T21:56:44.387128+09:00
Payout Bridge,,,failed,False,2026-08-19T21:46:17.017433+09:00
Payout Brief,,,failed,False,2026-08-21T01:05:38.366293+09:00
Payout Bulletin,,,failed,False,2026-08-21T01:05:39.127217+09:00
Payout Cabinet,,,failed,False,2026-08-27T23:11:14.046678+09:00
Payout Calculator,1900.0,0.0,success,True,2026-08-27T23:33:31.795696+09:00
Payout Calendar,10.0,0.0,success,False,2026-08-19T21:55:28.451912+09:00
Payout Card,50.0,16.0,success,False,2026-08-19T22:00:47.598420+09:00
Payout Cascade,,,failed,False,2026-08-19T21:46:03.788347+09:00
Payout Cash,50.0,3.0,success,False,2026-08-21T02:27:38.390107+09:00
Payout Category,,,failed,False,2026-08-23T13:05:58.112221+09:00
Payout Center,,,failed,False,2026-08-19T21:50:26.967968+09:00
Payout Chain,,,failed,False,2026-08-19T21:52:07.578129+09:00
Payout Charge,,,failed,False,2026-08-21T02:44:02.769477+09:00
Payout Chart,720.0,4.0,success,False,2026-08-19T21:58:54.005326+09:00
Payout Check,70.0,0.0,success,False,2026-08-19T22:01:05.588899+09:00
Payout Checker,10.0,0.0,success,False,2026-08-27T23:54:12.617602+09:00
Payout Circular,,,failed,False,2026-08-21T01:05:46.512536+09:00
Payout Code,20.0,0.0,success,False,2026-08-19T22:05:01.387918+09:00
Payout Companion,,,failed,False,2026-08-19T21:54:30.567883+09:00
Payout Comparison,,,failed,False,2026-08-28T01:05:40.494261+09:00
Payout Compass,,,failed,False,2026-08-19T22:07:25.606827+09:00
Payout Confirmation,,,failed,False,2026-08-21T01:06:07.369655+09:00
Payout Console,,,failed,False,2026-08-19T21:51:01.436792+09:00
Payout Core,,,failed,False,2026-08-19T21:48:55.925505+09:00
Payout Cost,,,failed,False,2026-08-21T02:10:45.957047+09:00
Payout Count,,,failed,False,2026-08-27T22:45:10.355251+09:00
Payout Counter,,,failed,False,2026-08-19T21:56:20.786748+09:00
Payout Deal,,,failed,False,2026-08-21T01:53:38.487807+09:00
Payout Debt,,,failed,False,2026-08-21T02:27:33.001702+09:00
Payout Deck,,,failed,False,2026-08-19T21:49:30.160580+09:00
Payout Desk,,,failed,False,2026-08-19T22:06:44.272499+09:00
Payout Detail,,,failed,False,2026-08-23T03:15:28.674871+09:00
Payout Detector,,,failed,False,2026-08-27T23:54:15.015364+09:00
Payout Directory,,,failed,False,2026-08-19T21:55:36.980585+09:00
Payout Discount,,,failed,False,2026-08-23T16:15:50.711564+09:00
Payout Dossier,,,failed,False,2026-08-21T01:06:10.948985+09:00
Payout Downpayment,,,failed,False,2026-08-27T21:50:29.028381+09:00
Payout Draft,,,failed,False,2026-08-19T22:03:17.563220+09:00
Payout Due,,,failed,False,2026-08-23T15:52:15.458518+09:00
Payout Duty,,,failed,False,2026-08-21T02:44:04.894763+09:00
Payout Engine,,,failed,False,2026-08-19T21:53:34.201182+09:00
Payout Entry,,,failed,False,2026-08-21T01:06:23.582625+09:00
Payout Estimate,10.0,0.0,success,False,2026-08-19T22:04:17.404214+09:00
Payout Estimator,20.0,2.0,success,False,2026-08-27T23:54:10.053801+09:00
Payout Excerpt,,,failed,False,2026-08-21T01:06:17.673460+09:00
Payout Extension,,,failed,False,2026-08-23T16:39:55.880493+09:00
Payout Fare,,,failed,False,2026-08-21T02:10:49.609792+09:00
Payout Fee,140.0,1.0,success,False,2026-08-21T01:53:20.957099+09:00
Payout Feed,,,failed,False,2026-08-19T22:03:05.892678+09:00
Payout Field,,,failed,False,2026-08-23T13:06:05.538611+09:00
Payout File,,,failed,False,2026-08-19T22:02:25.837553+09:00
Payout Finder,,,failed,False,2026-08-19T21:55:57.867275+09:00
Payout Fine,,,failed,False,2026-08-23T02:58:35.873995+09:00
Payout Flag,,,failed,False,2026-08-21T00:30:49.324092+09:00
Payout Flow,,,failed,False,2026-08-19T22:06:22.029176+09:00
Payout Forge,,,failed,False,2026-08-19T22:07:58.722610+09:00
Payout Form,70.0,0.0,success,False,2026-08-19T22:00:37.818778+09:00
Payout Format,,,failed,False,2026-08-23T13:06:07.907385+09:00
Payout Frame,20.0,6.0,success,False,2026-08-19T21:48:27.069382+09:00
Payout Fund,90.0,7.0,success,False,2026-08-21T02:27:35.877276+09:00
Payout Gate,,,failed,False,2026-08-19T21:52:31.796696+09:00
Payout Grade,,,failed,False,2026-08-21T00:30:29.735189+09:00
Payout Graph,,,failed,False,2026-08-27T22:14:59.305692+09:00
Payout Grid,590.0,1.0,success,False,2026-08-19T21:47:16.114306+09:00
Payout Guarantee,,,failed,False,2026-08-28T01:05:46.959097+09:00
Payout Guardian,,,failed,False,2026-08-28T00:24:19.907536+09:00
Payout Helpdesk,,,failed,False,2026-08-27T22:45:15.401077+09:00
Payout Helper,,,failed,False,2026-08-28T00:24:22.351196+09:00
Payout History,480.0,0.0,success,False,2026-08-19T22:02:16.192857+09:00
Payout Hub,70.0,22.0,success,False,2026-08-19T22:06:32.723316+09:00
Payout Identifier,,,failed,False,2026-08-23T13:05:55.726817+09:00
Payout Inbox,,,failed,False,2026-08-19T21:58:34.362639+09:00
Payout Index,,,failed,False,2026-08-19T22:03:52.975095+09:00
Payout Installment,,,failed,False,2026-08-23T16:15:50.711564+09:00
Payout Interest,10.0,0.0,success,False,2026-08-23T13:47:09.314181+09:00
Payout Item,,,failed,False,2026-08-21T01:53:25.014716+09:00
Payout Journal,,,failed,False,2026-08-19T21:55:09.455728+09:00
Payout Keeper,,,failed,False,2026-08-19T21:53:06.381329+09:00
Payout Kiosk,,,failed,False,2026-08-19T21:56:56.242658+09:00
Payout Lab,10.0,3.0,success,False,2026-08-19T21:49:51.324073+09:00
Payout Label,,,failed,False,2026-08-27T22:15:03.740456+09:00
Payout Ledger,20.0,0.0,success,False,2026-08-19T21:49:05.079544+09:00
Payout Level,,,failed,False,2026-08-19T22:02:37.152847+09:00
Payout Levy,,,failed,False,2026-08-23T13:47:11.410642+09:00
Payout Line,,,failed,False,2026-08-19T21:59:42.241525+09:00
Payout Link,110.0,35.0,success,False,2026-08-23T03:15:19.125629+09:00
Payout List,30.0,0.0,success,False,2026-08-19T22:05:13.355108+09:00
Payout Loan,70.0,51.0,success,False,2026-08-21T02:10:55.409815+09:00
Payout Lobby,,,failed,False,2026-08-19T21:59:23.737982+09:00
Payout Locator,,,failed,False,2026-08-19T21:55:47.244669+09:00
Payout Locker,,,failed,False,2026-08-19T21:56:32.690388+09:00
Payout Log,10.0,11.0,success,False,2026-08-19T22:00:26.290780+09:00
Payout Loop,,,failed,False,2026-08-19T21:47:01.107836+09:00
Payout Manager,40.0,10.0,success,False,2026-08-19T21:53:20.741685+09:00
Payout Manual,,,failed,False,2026-08-27T22:15:06.045574+09:00
Payout Map,,,failed,False,2026-08-19T21:48:14.659198+09:00
Payout Marker,,,failed,False,2026-08-23T13:27:25.869179+09:00
Payout Markup,,,failed,False,2026-08-23T16:39:53.377709+09:00
Payout Memo,,,failed,False,2026-08-21T00:30:37.167399+09:00
Payout Message,,,failed,False,2026-08-27T23:11:04.616430+09:00
Payout Monitor,,,failed,False,2026-08-19T21:54:19.584048+09:00
Payout Nexus,,,failed,False,2026-08-19T21:52:40.688622+09:00
Payout Note,,,failed,False,2026-08-19T22:01:23.897474+09:00
Payout Notification,20.0,0.0,success,False,2026-08-27T22:45:00.824166+09:00
Payout Number,,,failed,False,2026-08-23T03:15:10.473494+09:00
Payout Office,,,failed,False,2026-08-19T21:56:08.103899+09:00
Payout Ops,,,failed,False,2026-08-19T21:54:48.895899+09:00
Payout Order,,,failed,False,2026-08-19T22:04:26.155627+09:00
Payout Overage,,,failed,False,2026-08-27T21:50:26.760837+09:00
Payout Overdue,,,failed,False,2026-08-27T21:50:20.259806+09:00
Payout Panel,,,failed,False,2026-08-19T21:51:10.797801+09:00
Payout Pass,,,failed,False,2026-08-21T00:29:47.975164+09:00
Payout Path,,,failed,False,2026-08-19T21:47:43.048701+09:00
Payout Penalty,10.0,0.0,success,False,2026-08-23T16:39:50.503833+09:00
Payout Petition,,,failed,False,2026-08-21T01:06:03.967646+09:00
Payout Plan,40.0,16.0,success,False,2026-08-21T01:53:31.985132+09:00
Payout Planner,,,failed,False,2026-08-19T21:53:57.995655+09:00
Payout Playbook,,,failed,False,2026-08-19T21:55:00.630940+09:00
Payout Point,20.0,0.0,success,False,2026-08-19T21:48:00.610703+09:00
Payout Portal,110.0,16.0,success,False,2026-08-19T21:50:49.199189+09:00
Payout Post,,,failed,False,2026-08-19T21:57:24.591826+09:00
Payout Preview,,,failed,False,2026-08-28T01:05:44.373460+09:00
Payout Profile,20.0,5.0,success,False,2026-08-19T22:01:45.686906+09:00
Payout Profit,,,failed,False,2026-08-23T02:58:27.713523+09:00
Payout Proposal,,,failed,False,2026-08-28T01:05:44.373460+09:00
Payout Quota,,,failed,False,2026-08-21T00:30:41.620130+09:00
Payout Radar,,,failed,False,2026-08-19T22:06:53.339068+09:00
Payout Rail,,,failed,False,2026-08-19T21:51:42.287097+09:00
Payout Rate,6600.0,0.0,success,True,2026-08-19T22:02:47.197172+09:00
Payout Recap,,,failed,False,2026-08-21T01:06:13.819084+09:00
Payout Receipt,90.0,3.0,success,False,2026-08-19T22:04:49.676934+09:00
Payout Recorder,,,failed,False,2026-08-27T23:33:37.262266+09:00
Payout Register,,,failed,False,2026-08-19T21:54:39.483113+09:00
Payout Registry,,,failed,False,2026-08-19T21:55:18.484182+09:00
Payout Relay,,,failed,False,2026-08-19T22:07:01.913828+09:00
Payout Reminder,,,failed,False,2026-08-19T22:03:42.018748+09:00
Payout Report,110.0,3.0,success,False,2026-08-19T22:00:16.178777+09:00
Payout Repository,,,failed,False,2026-08-27T23:11:14.046678+09:00
Payout Result,10.0,0.0,success,False,2026-08-28T00:47:27.580109+09:00
Payout Roll,,,failed,False,2026-08-19T22:00:04.199605+09:00
Payout Roster,,,failed,False,2026-08-19T21:58:27.685601+09:00
Payout Route,,,failed,False,2026-08-19T21:51:30.988224+09:00
Payout Rule,,,failed,False,2026-08-23T03:15:22.651664+09:00
Payout Sale,,,failed,False,2026-08-21T02:27:43.385895+09:00
Payout Sample,,,failed,False,2026-08-19T22:05:51.290848+09:00
Payout Scanner,,,failed,False,2026-08-27T23:54:15.015364+09:00
Payout Scheduler,,,failed,False,2026-08-19T21:54:06.004532+09:00
Payout Scope,,,failed,False,2026-08-19T21:46:50.004607+09:00
Payout Score,,,failed,False,2026-08-19T22:01:14.357219+09:00
Payout Sheet,70.0,0.0,success,False,2026-08-19T22:00:55.317910+09:00
Payout Shelf,,,failed,False,2026-08-19T21:58:19.577733+09:00
Payout Shortfall,,,failed,False,2026-08-27T21:50:32.673191+09:00
Payout Signal,,,failed,False,2026-08-19T21:46:26.862344+09:00
Payout Signature,,,failed,False,2026-08-23T13:27:22.703282+09:00
Payout Slip,1600.0,33.0,success,False,2026-08-19T22:05:43.764657+09:00
Payout Slot,50.0,50.0,success,False,2026-08-19T22:06:01.682265+09:00
Payout Stage,,,failed,False,2026-08-28T00:47:27.580109+09:00
Payout Stake,,,failed,False,2026-08-23T02:58:29.711332+09:00
Payout Stamp,,,failed,False,2026-08-23T13:27:28.386352+09:00
Payout Statement,170.0,0.0,success,False,2026-08-21T00:30:17.662990+09:00
Payout Station,,,failed,False,2026-08-19T21:50:02.656663+09:00
Payout Status,70.0,0.0,success,False,2026-08-19T22:01:57.019761+09:00
Payout Stub,,,failed,False,2026-08-21T00:30:08.282339+09:00
Payout Sum,,,failed,False,2026-08-21T02:27:29.296336+09:00
Payout Summary,40.0,0.0,success,False,2026-08-19T22:03:26.204468+09:00
Payout Tab,20.0,1.0,success,False,2026-08-21T00:30:55.600635+09:00
Payout Table,720.0,1.0,success,False,2026-08-19T22:05:22.514727+09:00
Payout Tag,,,failed,False,2026-08-19T22:01:35.806950+09:00
Payout Tally,,,failed,False,2026-08-21T00:30:25.028648+09:00
Payout Tariff,,,failed,False,2026-08-21T02:44:13.647823+09:00
Payout Tax,,,failed,False,2026-08-21T02:10:51.896971+09:00
Payout Terminal,,,failed,False,2026-08-19T21:50:15.861548+09:00
Payout Ticker,,,failed,False,2026-08-19T21:59:32.934011+09:00
Payout Ticket,,,failed,False,2026-08-19T22:04:07.178529+09:00
Payout Tier,,,failed,False,2026-08-28T00:47:30.269850+09:00
Payout Timeline,50.0,0.0,success,False,2026-08-19T22:03:32.806508+09:00
Payout Timer,,,failed,False,2026-08-28T00:24:14.921300+09:00
Payout Token,10.0,14.0,success,False,2026-08-23T13:27:22.703282+09:00
Payout Toll,,,failed,False,2026-08-21T02:44:07.576254+09:00
Payout Toolbox,,,failed,False,2026-08-28T00:24:19.907536+09:00
Payout Total,,,failed,False,2026-08-27T23:11:08.284499+09:00
Payout Tracker,140.0,6.0,success,False,2026-08-19T22:06:12.556669+09:00
Payout Trail,,,failed,False,2026-08-19T21:51:54.755817+09:00
Payout Trend,,,failed,False,2026-08-28T01:05:36.598647+09:00
Payout Trial,,,failed,False,2026-08-27T21:19:28.438229+09:00
Payout Unit,,,failed,False,2026-08-21T01:53:28.626980+09:00
Payout Update,50.0,0.0,success,False,2026-08-19T22:02:54.876263+09:00
Payout Value,20.0,0.0,success,False,2026-08-23T02:58:29.711332+09:00
Payout Vault,,,failed,False,2026-08-19T22:07:18.055706+09:00
Payout Version,,,failed,False,2026-08-23T03:15:14.062371+09:00
Payout View,10.0,10.0,success,False,2026-08-19T22:02:05.634117+09:00
Payout Voucher,20.0,1.0,success,False,2026-08-21T00:29:55.538883+09:00
Payout Wallet,40.0,27.0,success,False,2026-08-27T22:45:05.269508+09:00
Payout Watch,,,failed,False,2026-08-19T21:46:37.963751+09:00
Payout Wave,,,failed,False,2026-08-19T21:47:30.295909+09:00
Payout Widget,,,failed,False,2026-08-27T23:11:08.284499+09:00
Payout Window,,,failed,False,2026-08-19T21:59:52.671651+09:00
Payout Worksheet,,,failed,False,2026-08-27T22:15:12.426690+09:00
Payout Workshop,,,failed,False,2026-08-28T00:24:17.222604+09:00
Payout Zone,,,failed,False,2026-08-19T21:50:37.216187+09:00
Payroll Advance,12100.0,69.0,success,False,2026-08-23T16:11:44.096297+09:00
Payroll Advisory,50.0,13.0,success,False,2026-08-21T01:02:20.703041+09:00
Payroll Allowance,140.0,2.0,success,False,2026-08-21T02:39:52.714819+09:00
Payroll Almanac,,,failed,False,2026-08-18T22:05:52.087342+09:00
Payroll Analyzer,,,failed,False,2026-08-27T23:54:30.615711+09:00
Payroll Anchor,,,failed,False,2026-08-17T20:33:27.108642+09:00
Payroll Arrears,8100.0,1.0,success,False,2026-08-23T16:11:40.333627+09:00
Payroll Assistant,1900.0,14.0,success,False,2026-08-17T23:05:41.457486+09:00
Payroll Atlas,,,failed,False,2026-08-18T07:52:33.463903+09:00
Payroll Base,10.0,24.0,success,False,2026-08-17T20:47:39.394205+09:00
Payroll Beacon,,,failed,False,2026-08-17T20:37:15.920679+09:00
Payroll Bill,22200.0,2.0,success,False,2026-08-19T21:48:14.659198+09:00
Payroll Blueprint,,,failed,False,2026-08-18T22:05:44.090365+09:00
Payroll Board,210.0,12.0,success,False,2026-08-17T20:44:27.303320+09:00
Payroll Book,480.0,100.0,success,False,2026-08-19T21:46:33.632095+09:00
Payroll Bridge,880.0,20.0,success,False,2026-08-17T20:34:22.385109+09:00
Payroll Brief,,,failed,False,2026-08-21T01:00:31.922622+09:00
Payroll Bulletin,70.0,0.0,success,False,2026-08-21T01:00:27.646290+09:00
Payroll Cabinet,,,failed,False,2026-08-27T23:12:02.088858+09:00
Payroll Calculator,673000.0,2.0,success,False,2026-08-27T23:33:49.410538+09:00
Payroll Calendar,2900.0,4.0,success,False,2026-08-19T00:01:46.968095+09:00
Payroll Card,1900.0,18.0,success,False,2026-08-19T13:29:29.454455+09:00
Payroll Cascade,,,failed,False,2026-08-17T20:35:16.626138+09:00
Payroll Cash,1600.0,1.0,success,False,2026-08-21T02:24:27.084847+09:00
Payroll Catalog,,,failed,False,2026-08-19T21:06:08.303688+09:00
Payroll Center,110.0,38.0,success,False,2026-08-17T20:39:28.862436+09:00
Payroll Chain,,,failed,False,2026-08-17T20:35:04.556306+09:00
Payroll Charge,1900.0,11.0,success,False,2026-08-21T02:39:36.901337+09:00
Payroll Check,3600.0,64.0,success,False,2026-08-19T13:29:56.430090+09:00
Payroll Checker,3600.0,64.0,success,False,2026-08-27T23:54:25.594721+09:00
Payroll Checklist,320.0,21.0,success,False,2026-08-19T21:05:05.946905+09:00
Payroll Circular,10.0,0.0,success,False,2026-08-21T01:02:18.693445+09:00
Payroll Cockpit,,,failed,False,2026-08-17T23:05:30.117127+09:00
Payroll Code,390.0,4.0,success,False,2026-08-19T21:45:58.620929+09:00
Payroll Codex,,,failed,False,2026-08-18T22:06:09.670880+09:00
Payroll Companion,,,failed,False,2026-08-17T23:03:37.118721+09:00
Payroll Comparison,90.0,21.0,success,False,2026-08-28T01:05:03.424573+09:00
Payroll Compass,590.0,13.0,success,False,2026-08-17T20:38:08.924079+09:00
Payroll Compendium,,,failed,False,2026-08-18T22:05:59.558657+09:00
Payroll Confirmation,20.0,14.0,success,False,2026-08-21T01:00:44.838906+09:00
Payroll Console,,,failed,False,2026-08-17T20:36:47.157974+09:00
Payroll Contribution,90.0,4.0,success,False,2026-08-23T16:11:40.333627+09:00
Payroll Copayment,,,failed,False,2026-08-23T16:37:31.309501+09:00
Payroll Core,210.0,38.0,success,False,2026-08-17T20:46:23.888336+09:00
Payroll Cost,880.0,24.0,success,False,2026-08-21T02:09:08.901398+09:00
Payroll Counter,90.0,14.0,success,False,2026-08-18T23:57:35.193051+09:00
Payroll Dashboard,720.0,24.0,success,False,2026-08-17T23:09:18.796206+09:00
Payroll Deal,,,failed,False,2026-08-21T01:53:20.957099+09:00
Payroll Debt,4400.0,15.0,success,False,2026-08-21T02:24:19.138497+09:00
Payroll Deck,,,failed,False,2026-08-17T20:43:42.299051+09:00
Payroll Depot,,,failed,False,2026-08-18T23:57:13.406878+09:00
Payroll Desk,1600.0,3.0,success,False,2026-08-17T20:41:30.101842+09:00
Payroll Detail,110.0,1.0,success,False,2026-08-23T03:18:48.364198+09:00
Payroll Detector,,,failed,False,2026-08-27T23:54:27.974840+09:00
Payroll Diagram,20.0,1.0,success,False,2026-08-27T22:08:26.678137+09:00
Payroll Dial,,,failed,False,2026-08-17T20:34:46.285590+09:00
Payroll Digest,,,failed,False,2026-08-19T20:37:49.991412+09:00
Payroll Directory,10.0,27.0,success,False,2026-08-19T00:01:53.326080+09:00
Payroll Discount,20.0,10.0,success,False,2026-08-23T16:11:37.487376+09:00
Payroll Dock,,,failed,False,2026-08-18T07:52:20.987077+09:00
Payroll Dossier,,,failed,False,2026-08-21T01:00:50.612821+09:00
Payroll Draft,480.0,6.0,success,False,2026-08-19T20:38:05.655570+09:00
Payroll Due,390.0,0.0,success,False,2026-08-23T15:50:19.459391+09:00
Payroll Duty,110.0,1.0,success,False,2026-08-21T02:39:44.265069+09:00
Payroll Engine,140.0,50.0,success,False,2026-08-17T23:14:35.084674+09:00
Payroll Entry,1000.0,8.0,success,False,2026-08-21T01:01:01.220689+09:00
Payroll Estimate,40.0,13.0,success,False,2026-08-19T21:05:57.473217+09:00
Payroll Estimator,8100.0,6.0,success,False,2026-08-27T23:54:23.137775+09:00
Payroll Excerpt,,,failed,False,2026-08-21T01:00:56.888807+09:00
Payroll Extension,10.0,10.0,success,False,2026-08-23T16:37:34.255373+09:00
Payroll Fare,,,failed,False,2026-08-21T02:09:16.825512+09:00
Payroll Fee,1900.0,11.0,success,False,2026-08-21T01:52:58.378871+09:00
Payroll Feed,,,failed,False,2026-08-19T20:37:59.201045+09:00
Payroll File,140.0,19.0,success,False,2026-08-19T20:37:14.893241+09:00
Payroll Finder,,,failed,False,2026-08-18T23:57:00.632523+09:00
Payroll Fine,,,failed,False,2026-08-23T02:54:38.259905+09:00
Payroll Flag,,,failed,False,2026-08-21T00:27:48.036654+09:00
Payroll Flow,90.0,44.0,success,False,2026-08-17T20:44:07.827451+09:00
Payroll Forge,,,failed,False,2026-08-17T20:36:14.881787+09:00
Payroll Form,1900.0,42.0,success,False,2026-08-19T13:29:15.231319+09:00
Payroll Frame,,,failed,False,2026-08-17T21:30:02.792774+09:00
Payroll Fund,720.0,32.0,success,False,2026-08-21T02:24:23.153426+09:00
Payroll Gate,,,failed,False,2026-08-17T20:32:02.325008+09:00
Payroll Generator,590.0,66.0,success,False,2026-08-27T23:33:53.153275+09:00
Payroll Grade,,,failed,False,2026-08-21T00:27:27.558535+09:00
Payroll Graph,260.0,1.0,success,False,2026-08-27T22:08:10.673360+09:00
Payroll Grid,590.0,1.0,success,False,2026-08-17T20:35:35.063549+09:00
Payroll Guarantee,10.0,0.0,success,False,2026-08-28T01:05:11.238913+09:00
Payroll Guard,,,failed,False,2026-08-17T20:47:00.954455+09:00
Payroll Guardian,2900.0,4.0,success,False,2026-08-28T00:24:17.222604+09:00
Payroll Guidebook,,,failed,False,2026-08-18T22:05:25.774321+09:00
Payroll Helpdesk,90.0,36.0,success,False,2026-08-27T22:46:48.643972+09:00
Payroll Helper,,,failed,False,2026-08-28T00:24:19.907536+09:00
Payroll History,110.0,4.0,success,False,2026-08-19T20:46:04.507912+09:00
Payroll Hotline,10.0,16.0,success,False,2026-08-19T21:06:20.590100+09:00
Payroll Hub,260.0,21.0,success,False,2026-08-17T20:43:14.638625+09:00
Payroll Identifier,720.0,11.0,success,False,2026-08-23T13:06:56.024749+09:00
Payroll Index,30.0,11.0,success,False,2026-08-19T21:05:18.754911+09:00
Payroll Insight,70.0,16.0,success,False,2026-08-17T23:11:00.543955+09:00
Payroll Installment,,,failed,False,2026-08-23T16:11:37.487376+09:00
Payroll Item,140.0,2.0,success,False,2026-08-21T01:53:07.082720+09:00
Payroll Journal,480.0,24.0,success,False,2026-08-18T22:05:08.323728+09:00
Payroll Keeper,,,failed,False,2026-08-17T21:30:37.005083+09:00
Payroll Kit,,,failed,False,2026-08-27T22:46:40.495541+09:00
Payroll Lab,,,failed,False,2026-08-17T20:41:57.166662+09:00
Payroll Label,90.0,39.0,success,False,2026-08-27T22:08:16.098998+09:00
Payroll Ledger,590.0,46.0,success,False,2026-08-17T20:45:32.525368+09:00
Payroll Lens,,,failed,False,2026-08-17T21:31:11.680234+09:00
Payroll Level,,,failed,False,2026-08-19T20:37:25.311012+09:00
Payroll Levy,50.0,2.0,success,False,2026-08-23T13:46:59.316345+09:00
Payroll Link,90.0,22.0,success,False,2026-08-23T03:18:41.681571+09:00
Payroll List,1600.0,2.0,success,False,2026-08-19T21:46:07.673702+09:00
Payroll Loan,1600.0,50.0,success,False,2026-08-21T02:09:26.864571+09:00
Payroll Locator,,,failed,False,2026-08-19T00:02:00.292816+09:00
Payroll Lock,880.0,20.0,success,False,2026-08-18T07:43:44.841764+09:00
Payroll Log,880.0,4.0,success,False,2026-08-19T13:28:58.111204+09:00
Payroll Loop,,,failed,False,2026-08-17T20:36:31.502472+09:00
Payroll Manager,4400.0,18.0,success,False,2026-08-17T20:48:21.583177+09:00
Payroll Manual,210.0,28.0,success,False,2026-08-27T22:08:21.698192+09:00
Payroll Map,,,failed,False,2026-08-17T21:32:23.259221+09:00
Payroll Margin,10.0,1.0,success,False,2026-08-23T02:54:35.289098+09:00
Payroll Markup,,,failed,False,2026-08-23T16:37:28.808486+09:00
Payroll Memo,20.0,4.0,success,False,2026-08-21T00:27:34.970005+09:00
Payroll Message,,,failed,False,2026-08-27T23:11:52.510647+09:00
Payroll Meter,,,failed,False,2026-08-17T20:33:59.012811+09:00
Payroll Metrics,390.0,6.0,success,False,2026-08-17T23:14:25.326532+09:00
Payroll Monitor,,,failed,False,2026-08-17T23:07:32.474026+09:00
Payroll Navigator,,,failed,False,2026-08-17T23:12:34.850967+09:00
Payroll Nexus,30.0,12.0,success,False,2026-08-18T07:52:25.028656+09:00
Payroll Node,,,failed,False,2026-08-17T20:33:15.121215+09:00
Payroll Note,,,failed,False,2026-08-19T13:30:13.142544+09:00
Payroll Notification,70.0,25.0,success,False,2026-08-27T22:46:36.036918+09:00
Payroll Number,4400.0,4.0,success,False,2026-08-23T03:18:33.193002+09:00
Payroll Office,590.0,24.0,success,False,2026-08-18T23:57:26.188855+09:00
Payroll Ops,170.0,13.0,success,False,2026-08-17T23:10:52.063537+09:00
Payroll Order,480.0,0.0,success,False,2026-08-19T21:48:00.610703+09:00
Payroll Organizer,10.0,38.0,success,False,2026-08-17T23:03:43.392480+09:00
Payroll Overdraft,10.0,,success,False,2026-08-23T15:50:19.459391+09:00
Payroll Overdue,,,failed,False,2026-08-27T21:46:15.571619+09:00
Payroll Panel,10.0,14.0,success,False,2026-08-17T20:35:48.969093+09:00
Payroll Path,,,failed,False,2026-08-17T20:32:39.820797+09:00
Payroll Penalty,90.0,3.0,success,False,2026-08-23T16:37:28.808486+09:00
Payroll Petition,10.0,0.0,success,False,2026-08-21T01:00:42.748785+09:00
Payroll Pilot,,,failed,False,2026-08-17T20:42:16.988485+09:00
Payroll Plan,140.0,28.0,success,False,2026-08-21T01:53:17.199833+09:00
Payroll Planner,22200.0,12.0,success,False,2026-08-17T23:09:23.779987+09:00
Payroll Playbook,,,failed,False,2026-08-18T22:04:56.544925+09:00
Payroll Point,20.0,19.0,success,False,2026-08-18T07:43:35.299259+09:00
Payroll Portal,60500.0,10.0,success,False,2026-08-17T20:37:45.876313+09:00
Payroll Preview,880.0,4.0,success,False,2026-08-28T01:05:06.027579+09:00
Payroll Profile,50.0,13.0,success,False,2026-08-19T13:30:48.441659+09:00
Payroll Proposal,20.0,8.0,success,False,2026-08-28T01:05:08.626878+09:00
Payroll Pulse,,,failed,False,2026-08-17T20:34:36.732015+09:00
Payroll Queue,,,failed,False,2026-08-19T21:05:44.553245+09:00
Payroll Quota,,,failed,False,2026-08-21T00:27:39.908231+09:00
Payroll Radar,,,failed,False,2026-08-17T20:40:46.604989+09:00
Payroll Rail,,,failed,False,2026-08-17T20:37:01.636634+09:00
Payroll Rate,2400.0,2.0,success,False,2026-08-19T20:37:34.944185+09:00
Payroll Recap,,,failed,False,2026-08-21T01:02:29.218317+09:00
Payroll Receipt,1000.0,30.0,success,False,2026-08-19T21:48:27.069382+09:00
Payroll Recorder,20.0,14.0,success,False,2026-08-27T23:33:53.153275+09:00
Payroll Register,1900.0,23.0,success,False,2026-08-17T23:07:22.346415+09:00
Payroll Registry,1900.0,23.0,success,False,2026-08-18T22:05:33.744970+09:00
Payroll Relay,,,failed,False,2026-08-17T20:39:59.910293+09:00
Payroll Reminder,260.0,1.0,success,False,2026-08-19T21:04:53.638566+09:00
Payroll Report,4400.0,14.0,success,False,2026-08-19T13:28:50.400701+09:00
Payroll Repository,,,failed,False,2026-08-27T23:12:05.738890+09:00
Payroll Result,10.0,1.0,success,False,2026-08-28T00:47:20.872913+09:00
Payroll Roadmap,,,failed,False,2026-08-18T22:06:18.385841+09:00
Payroll Roster,40.0,18.0,success,False,2026-08-19T00:38:08.562035+09:00
Payroll Route,,,failed,False,2026-08-17T20:31:44.848533+09:00
Payroll Rule,170.0,9.0,success,False,2026-08-23T03:18:44.540602+09:00
Payroll Sale,,,failed,False,2026-08-21T02:24:33.883948+09:00
Payroll Sample,3600.0,66.0,success,False,2026-08-19T21:46:54.129984+09:00
Payroll Scale,27100.0,10.0,success,False,2026-08-17T20:32:53.240136+09:00
Payroll Scanner,,,failed,False,2026-08-27T23:54:27.974840+09:00
Payroll Scheduler,,,failed,False,2026-08-17T23:12:45.983083+09:00
Payroll Scope,10.0,19.0,success,False,2026-08-18T07:43:31.933030+09:00
Payroll Score,,,failed,False,2026-08-19T13:30:05.934954+09:00
Payroll Sentry,,,failed,False,2026-08-17T21:31:46.266854+09:00
Payroll Sheet,1600.0,64.0,success,False,2026-08-19T13:29:43.800182+09:00
Payroll Shortfall,,,failed,False,2026-08-27T21:46:21.323370+09:00
Payroll Signal,,,failed,False,2026-08-17T20:32:17.131006+09:00
Payroll Signature,110.0,4.0,success,False,2026-08-23T13:27:34.278860+09:00
Payroll Slip,1600.0,33.0,success,False,2026-08-19T21:46:45.064278+09:00
Payroll Slot,,,failed,False,2026-08-19T21:47:08.663103+09:00
Payroll Snapshot,,,failed,False,2026-08-18T22:05:15.577232+09:00
Payroll Stage,40.0,25.0,success,False,2026-08-28T00:47:16.982525+09:00
Payroll Statement,880.0,16.0,success,False,2026-08-21T00:27:09.364121+09:00
Payroll Station,,,failed,False,2026-08-17T20:41:08.316613+09:00
Payroll Status,70.0,4.0,success,False,2026-08-19T20:45:50.851524+09:00
Payroll Stipend,2900.0,1.0,success,False,2026-08-23T13:46:59.316345+09:00
Payroll Stub,590.0,61.0,success,False,2026-08-21T00:27:00.975108+09:00
Payroll Studio,,,failed,False,2026-08-17T20:42:46.441273+09:00
Payroll Subsidy,30.0,0.0,success,False,2026-08-23T15:50:21.646134+09:00
Payroll Suite,20.0,33.0,success,False,2026-08-17T23:11:11.238352+09:00
Payroll Sum,,,failed,False,2026-08-21T02:24:12.217966+09:00
Payroll Summary,880.0,16.0,success,False,2026-08-19T21:04:27.192873+09:00
Payroll Surtax,,,failed,False,2026-08-23T15:50:23.768923+09:00
Payroll Sync,,,failed,False,2026-08-17T20:44:58.380838+09:00
Payroll Tab,880.0,3.0,success,False,2026-08-21T00:27:55.902205+09:00
Payroll Table,260.0,7.0,success,False,2026-08-19T21:46:20.188818+09:00
Payroll Tag,,,failed,False,2026-08-19T13:30:39.417389+09:00
Payroll Tally,1600.0,7.0,success,False,2026-08-21T00:27:19.385133+09:00
Payroll Tariff,,,failed,False,2026-08-21T02:39:54.831624+09:00
Payroll Tax,27100.0,11.0,success,False,2026-08-21T02:09:21.519694+09:00
Payroll Ticket,8100.0,8.0,success,False,2026-08-19T21:05:30.373866+09:00
Payroll Tier,,,failed,False,2026-08-28T00:47:20.872913+09:00
Payroll Timeline,20.0,7.0,success,False,2026-08-19T21:04:40.695118+09:00
Payroll Timer,,,failed,False,2026-08-28T00:24:12.580711+09:00
Payroll Toll,10.0,5.0,success,False,2026-08-21T02:39:46.933675+09:00
Payroll Toolbox,,,failed,False,2026-08-28T00:24:17.222604+09:00
Payroll Toolkit,70.0,40.0,success,False,2026-08-18T22:04:44.992531+09:00
Payroll Total,110.0,8.0,success,False,2026-08-27T23:11:58.068235+09:00
Payroll Tracker,480.0,36.0,success,False,2026-08-17T20:45:54.147634+09:00
Payroll Trail,,,failed,False,2026-08-17T20:36:04.789698+09:00
Payroll Trend,,,failed,False,2026-08-28T01:05:03.424573+09:00
Payroll Trial,20.0,43.0,success,False,2026-08-27T21:14:16.452058+09:00
Payroll Unit,30.0,14.0,success,False,2026-08-21T01:53:12.594886+09:00
Payroll Update,320.0,10.0,success,False,2026-08-19T20:37:42.979136+09:00
Payroll Value,,,failed,False,2026-08-23T02:54:35.289098+09:00
Payroll Vault,6600.0,5.0,success,False,2026-08-17T20:39:05.666395+09:00
Payroll Version,10.0,26.0,success,False,2026-08-23T03:18:36.305827+09:00
Payroll View,50.0,21.0,success,False,2026-08-19T20:45:56.516624+09:00
Payroll Wallet,30.0,24.0,success,False,2026-08-27T22:46:42.853394+09:00
Payroll Watch,,,failed,False,2026-08-18T07:43:30.092641+09:00
Payroll Wave,27100.0,4.0,success,False,2026-08-17T20:33:43.675774+09:00
Payroll Widget,10.0,36.0,success,False,2026-08-27T23:12:02.088858+09:00
Payroll Workbench,,,failed,False,2026-08-18T22:04:36.606049+09:00
Payroll Worksheet,90.0,66.0,success,False,2026-08-27T22:08:24.051026+09:00
Payroll Workshop,20.0,42.0,success,False,2026-08-28T00:24:14.921300+09:00
Payroll Zone,,,failed,False,2026-08-17T20:38:35.163236+09:00
Pension Advance,3600.0,65.0,success,False,2026-08-23T16:12:18.349007+09:00
Pension Advisory,720.0,55.0,success,False,2026-08-21T01:24:52.705656+09:00
Pension Alert,20.0,7.0,success,False,2026-08-21T01:20:20.986675+09:00
Pension Allowance,1600.0,3.0,success,False,2026-08-21T02:40:21.955150+09:00
Pension Analyzer,,,failed,False,2026-08-27T23:57:50.336082+09:00
Pension Announcement,50.0,1.0,success,False,2026-08-27T23:35:28.835803+09:00
Pension Arrears,1000.0,2.0,success,False,2026-08-23T16:12:15.158683+09:00
Pension Asset,480.0,8.0,success,False,2026-08-23T13:48:38.413472+09:00
Pension Assistant,90.0,20.0,success,False,2026-08-21T01:17:52.131047+09:00
Pension Atlas,260.0,11.0,success,False,2026-08-21T01:17:33.437690+09:00
Pension Attribute,,,failed,False,2026-08-23T13:08:56.247878+09:00
Pension Badge,,,failed,False,2026-08-21T01:24:51.313627+09:00
Pension Balance,90.0,8.0,success,False,2026-08-23T13:48:35.211056+09:00
Pension Base,480.0,2.0,success,False,2026-08-21T01:15:35.859983+09:00
Pension Bay,40.0,67.0,success,False,2026-08-21T01:19:32.138069+09:00
Pension Beacon,,,failed,False,2026-08-21T01:25:58.145790+09:00
Pension Bill,480.0,1.0,success,False,2026-08-21T01:35:17.900497+09:00
Pension Bin,,,failed,False,2026-08-21T01:20:30.866856+09:00
Pension Board,2900.0,0.0,success,True,2026-08-21T01:15:49.368632+09:00
Pension Booth,,,failed,False,2026-08-21T01:19:23.070915+09:00
Pension Bridge,260.0,3.0,success,False,2026-08-21T01:26:12.180385+09:00
Pension Brief,10.0,0.0,success,False,2026-08-21T01:24:53.635479+09:00
Pension Bulletin,,,failed,False,2026-08-21T01:24:53.635479+09:00
Pension Cabinet,,,failed,False,2026-08-27T23:14:27.057874+09:00
Pension Calculator,74000.0,21.0,success,False,2026-08-27T23:35:38.281742+09:00
Pension Calendar,260.0,0.0,success,False,2026-08-21T01:18:41.534623+09:00
Pension Card,4400.0,1.0,success,False,2026-08-21T01:21:24.061904+09:00
Pension Cascade,,,failed,False,2026-08-21T01:26:08.809687+09:00
Pension Cash,1000.0,29.0,success,False,2026-08-21T02:23:31.419607+09:00
Pension Category,70.0,1.0,success,False,2026-08-23T13:08:53.842629+09:00
Pension Center,260.0,1.0,success,False,2026-08-21T01:16:25.156844+09:00
Pension Chain,,,failed,False,2026-08-21T01:17:10.053741+09:00
Pension Charge,140.0,35.0,success,False,2026-08-21T02:40:07.402959+09:00
Pension Chart,110.0,2.0,success,False,2026-08-21T01:20:23.926123+09:00
Pension Check,27100.0,7.0,success,False,2026-08-21T01:21:34.003833+09:00
Pension Checker,27100.0,7.0,success,False,2026-08-27T23:57:45.055012+09:00
Pension Circular,210.0,0.0,success,False,2026-08-21T01:24:49.055361+09:00
Pension Code,170.0,1.0,success,False,2026-08-21T01:23:46.927027+09:00
Pension Companion,,,failed,False,2026-08-21T01:18:13.374383+09:00
Pension Comparison,590.0,53.0,success,False,2026-08-28T01:08:39.859150+09:00
Pension Compass,390.0,2.0,success,False,2026-08-21T01:25:43.368101+09:00
Pension Confirmation,,,failed,False,2026-08-21T01:25:01.384940+09:00
Pension Console,,,failed,False,2026-08-21T01:23:07.832051+09:00
Pension Contribution,8100.0,8.0,success,False,2026-08-23T16:12:15.158683+09:00
Pension Core,10.0,6.0,success,False,2026-08-21T01:15:43.149064+09:00
Pension Cost,170.0,8.0,success,False,2026-08-21T02:06:40.735071+09:00
Pension Counter,10.0,1.0,success,False,2026-08-21T01:19:09.689487+09:00
Pension Deal,40.0,29.0,success,False,2026-08-21T01:59:39.898712+09:00
Pension Debt,140.0,2.0,success,False,2026-08-21T02:23:24.043193+09:00
Pension Deck,,,failed,False,2026-08-21T01:15:55.134469+09:00
Pension Desk,,,failed,False,2026-08-21T01:25:40.979194+09:00
Pension Detail,4400.0,1.0,success,False,2026-08-23T03:21:07.842946+09:00
Pension Detector,,,failed,False,2026-08-27T23:57:50.336082+09:00
Pension Directory,10.0,1.0,success,False,2026-08-21T01:23:11.451788+09:00
Pension Draft,,,failed,False,2026-08-21T01:22:36.440068+09:00
Pension Due,20.0,10.0,success,False,2026-08-23T15:50:26.316180+09:00
Pension Duty,,,failed,False,2026-08-21T02:40:11.455485+09:00
Pension Endowment,70.0,37.0,success,False,2026-08-23T15:50:30.977463+09:00
Pension Engine,,,failed,False,2026-08-21T01:17:46.814722+09:00
Pension Entry,,,failed,False,2026-08-21T01:25:07.930638+09:00
Pension Estimate,210.0,10.0,success,False,2026-08-21T01:23:05.026470+09:00
Pension Estimator,590.0,20.0,success,False,2026-08-27T23:57:42.673163+09:00
Pension Extension,30.0,3.0,success,False,2026-08-23T16:38:01.127600+09:00
Pension Fare,,,failed,False,2026-08-21T02:06:47.400251+09:00
Pension Fee,170.0,21.0,success,False,2026-08-21T01:59:26.364386+09:00
Pension Feed,,,failed,False,2026-08-21T01:22:33.143231+09:00
Pension Field,320.0,8.0,success,False,2026-08-23T13:08:58.766460+09:00
Pension File,170.0,0.0,success,False,2026-08-21T01:22:09.935224+09:00
Pension Finder,8100.0,59.0,success,False,2026-08-21T01:23:11.451788+09:00
Pension Fine,40.0,28.0,success,False,2026-08-23T02:55:41.389421+09:00
Pension Flow,10.0,1.0,success,False,2026-08-21T01:25:11.979955+09:00
Pension Forge,,,failed,False,2026-08-21T01:26:04.709927+09:00
Pension Form,3600.0,1.0,success,False,2026-08-21T01:21:19.183876+09:00
Pension Format,3600.0,1.0,success,False,2026-08-23T13:09:00.936814+09:00
Pension Frame,,,failed,False,2026-08-21T01:15:31.943617+09:00
Pension Fund,27100.0,13.0,success,False,2026-08-21T02:23:27.282211+09:00
Pension Gate,10.0,4.0,success,False,2026-08-21T01:17:21.753159+09:00
Pension Graph,170.0,1.0,success,False,2026-08-27T22:09:48.398152+09:00
Pension Grid,10.0,,success,False,2026-08-21T01:26:35.509450+09:00
Pension Guarantee,590.0,4.0,success,False,2026-08-28T01:08:42.554310+09:00
Pension Guardian,140.0,9.0,success,False,2026-08-28T00:26:52.853264+09:00
Pension Helpdesk,,,failed,False,2026-08-27T22:48:47.363219+09:00
Pension Helper,1000.0,46.0,success,False,2026-08-28T00:26:55.262283+09:00
Pension History,260.0,2.0,success,False,2026-08-21T01:22:03.238360+09:00
Pension Hub,140.0,21.0,success,False,2026-08-21T01:25:37.604117+09:00
Pension Identifier,,,failed,False,2026-08-23T13:08:48.797339+09:00
Pension Inbox,,,failed,False,2026-08-21T01:20:11.987698+09:00
Pension Index,720.0,2.0,success,False,2026-08-21T01:22:57.277421+09:00
Pension Installment,,,failed,False,2026-08-23T16:12:10.819899+09:00
Pension Interest,140.0,4.0,success,False,2026-08-23T13:48:38.413472+09:00
Pension Item,,,failed,False,2026-08-21T02:05:54.756908+09:00
Pension Journal,10.0,0.0,success,False,2026-08-21T01:18:33.036529+09:00
Pension Keeper,,,failed,False,2026-08-21T01:17:38.451621+09:00
Pension Kiosk,,,failed,False,2026-08-21T01:21:05.247176+09:00
Pension Kit,20.0,0.0,success,False,2026-08-27T22:48:44.890397+09:00
Pension Lab,1900.0,18.0,success,False,2026-08-21T01:16:08.180396+09:00
Pension Ledger,40.0,0.0,success,False,2026-08-21T01:15:46.981049+09:00
Pension Level,590.0,17.0,success,False,2026-08-21T01:22:16.671736+09:00
Pension Levy,70.0,0.0,success,False,2026-08-23T13:48:38.413472+09:00
Pension Line,390.0,11.0,success,False,2026-08-21T01:20:48.632862+09:00
Pension Link,210.0,11.0,success,False,2026-08-23T03:21:00.660532+09:00
Pension List,14800.0,0.0,success,True,2026-08-21T01:23:46.927027+09:00
Pension Loan,6600.0,40.0,success,False,2026-08-21T02:07:02.181648+09:00
Pension Lobby,,,failed,False,2026-08-21T01:20:39.645097+09:00
Pension Locator,320.0,61.0,success,False,2026-08-21T01:18:54.031046+09:00
Pension Locker,,,failed,False,2026-08-21T01:19:16.110446+09:00
Pension Log,,,failed,False,2026-08-21T01:21:13.489274+09:00
Pension Loop,10.0,0.0,success,False,2026-08-21T01:26:29.214274+09:00
Pension Manager,260.0,13.0,success,False,2026-08-21T01:17:43.825232+09:00
Pension Manual,110.0,2.0,success,False,2026-08-27T22:09:51.279815+09:00
Pension Map,90.0,1.0,success,False,2026-08-21T01:15:26.988997+09:00
Pension Marker,,,failed,False,2026-08-23T13:28:13.588297+09:00
Pension Markup,,,failed,False,2026-08-23T16:37:56.709879+09:00
Pension Memo,10.0,0.0,success,False,2026-08-21T01:24:51.313627+09:00
Pension Message,140.0,10.0,success,False,2026-08-27T23:14:19.159911+09:00
Pension Monitor,40.0,2.0,success,False,2026-08-21T01:18:06.634708+09:00
Pension Nexus,,,failed,False,2026-08-21T01:17:30.839165+09:00
Pension Note,40.0,1.0,success,False,2026-08-21T01:21:42.147576+09:00
Pension Notification,140.0,0.0,success,False,2026-08-27T22:48:41.593169+09:00
Pension Number,1000.0,4.0,success,False,2026-08-23T03:20:50.654201+09:00
Pension Office,14800.0,3.0,success,False,2026-08-21T01:19:03.432303+09:00
Pension Ops,40.0,7.0,success,False,2026-08-21T01:18:21.129763+09:00
Pension Order,320.0,1.0,success,False,2026-08-21T01:23:12.871826+09:00
Pension Outpost,,,failed,False,2026-08-21T01:19:45.031880+09:00
Pension Overdraft,,,failed,False,2026-08-23T15:50:28.386707+09:00
Pension Overdue,,,failed,False,2026-08-27T21:46:44.901733+09:00
Pension Panel,10.0,0.0,success,False,2026-08-21T01:16:44.690020+09:00
Pension Pass,70.0,0.0,success,False,2026-08-21T01:23:50.887102+09:00
Pension Passport,30.0,0.0,success,False,2026-08-21T01:20:36.811619+09:00
Pension Path,50.0,26.0,success,False,2026-08-21T01:26:47.452980+09:00
Pension Penalty,50.0,0.0,success,False,2026-08-23T16:37:56.709879+09:00
Pension Petition,260.0,1.0,success,False,2026-08-21T01:24:53.635479+09:00
Pension Plan,14800.0,29.0,success,False,2026-08-21T01:59:37.170622+09:00
Pension Planner,14800.0,29.0,success,False,2026-08-21T01:17:57.482592+09:00
Pension Playbook,,,failed,False,2026-08-21T01:18:26.670234+09:00
Pension Plaza,1000.0,3.0,success,False,2026-08-21T01:19:49.395013+09:00
Pension Point,2400.0,6.0,success,False,2026-08-21T01:15:16.012738+09:00
Pension Portal,90500.0,0.0,success,True,2026-08-21T01:16:36.813672+09:00
Pension Post,720.0,4.0,success,False,2026-08-21T01:19:38.159463+09:00
Pension Preview,,,failed,False,2026-08-28T01:08:39.859150+09:00
Pension Profile,720.0,8.0,success,False,2026-08-21T01:21:51.595086+09:00
Pension Profit,,,failed,False,2026-08-23T02:55:28.144750+09:00
Pension Proposal,90.0,2.0,success,False,2026-08-28T01:08:39.859150+09:00
Pension Quota,,,failed,False,2026-08-21T01:24:53.635479+09:00
Pension Radar,,,failed,False,2026-08-21T01:25:31.138326+09:00
Pension Rail,,,failed,False,2026-08-21T01:16:58.879155+09:00
Pension Rate,8100.0,6.0,success,False,2026-08-21T01:22:23.798217+09:00
Pension Recap,210.0,0.0,success,False,2026-08-21T01:25:05.827415+09:00
Pension Receipt,70.0,0.0,success,False,2026-08-21T01:23:24.077688+09:00
Pension Recorder,,,failed,False,2026-08-27T23:35:38.281742+09:00
Pension Redemption,110.0,3.0,success,False,2026-08-23T16:37:59.116023+09:00
Pension Register,1900.0,2.0,success,False,2026-08-21T01:18:16.729979+09:00
Pension Registry,1900.0,2.0,success,False,2026-08-21T01:23:11.451788+09:00
Pension Relay,,,failed,False,2026-08-21T01:25:49.214024+09:00
Pension Reminder,,,failed,False,2026-08-21T01:22:53.742962+09:00
Pension Report,390.0,1.0,success,False,2026-08-21T01:21:06.488842+09:00
Pension Repository,,,failed,False,2026-08-27T23:14:33.058842+09:00
Pension Ring,110.0,4.0,success,False,2026-08-21T01:17:18.123686+09:00
Pension Roll,20.0,1.0,success,False,2026-08-21T01:21:00.134067+09:00
Pension Roster,,,failed,False,2026-08-21T01:21:07.466451+09:00
Pension Route,,,failed,False,2026-08-21T01:16:55.800452+09:00
Pension Rule,1900.0,2.0,success,False,2026-08-23T03:21:04.390216+09:00
Pension Sale,50.0,4.0,success,False,2026-08-21T02:23:37.293511+09:00
Pension Sample,,,failed,False,2026-08-21T01:23:46.927027+09:00
Pension Scale,50.0,6.0,success,False,2026-08-21T01:16:50.383045+09:00
Pension Scanner,,,failed,False,2026-08-27T23:57:47.525165+09:00
Pension Score,,,failed,False,2026-08-21T01:21:39.012967+09:00
Pension Sheet,30.0,2.0,success,False,2026-08-21T01:21:31.170741+09:00
Pension Shelf,,,failed,False,2026-08-21T01:20:03.244208+09:00
Pension Shortfall,90.0,4.0,success,False,2026-08-27T21:46:44.901733+09:00
Pension Signal,,,failed,False,2026-08-21T01:26:17.676069+09:00
Pension Slip,2400.0,0.0,success,True,2026-08-21T01:23:46.927027+09:00
Pension Slot,,,failed,False,2026-08-21T01:23:52.904904+09:00
Pension Stake,,,failed,False,2026-08-23T02:55:35.353388+09:00
Pension Statement,1900.0,2.0,success,False,2026-08-21T01:24:51.313627+09:00
Pension Station,20.0,0.0,success,False,2026-08-21T01:16:13.958396+09:00
Pension Status,135000.0,0.0,success,True,2026-08-21T01:21:56.845957+09:00
Pension Stub,50.0,0.0,success,False,2026-08-21T01:24:51.313627+09:00
Pension Studio,10.0,0.0,success,False,2026-08-21T01:16:03.338785+09:00
Pension Subsidy,30.0,1.0,success,False,2026-08-23T15:50:28.386707+09:00
Pension Sum,30.0,2.0,success,False,2026-08-21T02:23:15.671365+09:00
Pension Summary,70.0,7.0,success,False,2026-08-21T01:22:41.888615+09:00
Pension Surtax,,,failed,False,2026-08-23T15:50:33.287746+09:00
Pension Tab,170.0,0.0,success,False,2026-08-21T01:24:53.635479+09:00
Pension Table,170.0,1.0,success,False,2026-08-21T01:23:46.927027+09:00
Pension Tag,,,failed,False,2026-08-21T01:21:46.110216+09:00
Pension Tariff,10.0,0.0,success,False,2026-08-21T02:40:25.117501+09:00
Pension Tax,6600.0,3.0,success,False,2026-08-21T02:06:52.442398+09:00
Pension Terminal,1900.0,7.0,success,False,2026-08-21T01:16:18.467523+09:00
Pension Ticker,,,failed,False,2026-08-21T01:20:45.332631+09:00
Pension Ticket,30.0,2.0,success,False,2026-08-21T01:23:01.482269+09:00
Pension Tier,390.0,18.0,success,False,2026-08-28T00:48:45.489712+09:00
Pension Timeline,10.0,0.0,success,False,2026-08-21T01:22:48.599352+09:00
Pension Timer,,,failed,False,2026-08-28T00:26:50.285916+09:00
Pension Toll,,,failed,False,2026-08-21T02:40:14.671503+09:00
Pension Toolbox,,,failed,False,2026-08-28T00:26:55.262283+09:00
Pension Total,1000.0,2.0,success,False,2026-08-27T23:14:21.600576+09:00
Pension Tracker,2400.0,38.0,success,False,2026-08-21T01:25:04.622255+09:00
Pension Trail,10.0,0.0,success,False,2026-08-21T01:17:06.015996+09:00
Pension Trend,10.0,0.0,success,False,2026-08-28T01:08:35.196750+09:00
Pension Trial,,,failed,False,2026-08-27T21:15:29.439407+09:00
Pension Unit,40.0,7.0,success,False,2026-08-21T01:59:29.977509+09:00
Pension Update,1000.0,2.0,success,False,2026-08-21T01:22:29.239348+09:00
Pension Value,320.0,16.0,success,False,2026-08-23T02:55:31.768897+09:00
Pension Vault,,,failed,False,2026-08-21T01:25:40.338227+09:00
Pension Version,,,failed,False,2026-08-23T03:20:56.810289+09:00
Pension View,170.0,8.0,success,False,2026-08-21T01:21:58.894123+09:00
Pension Voucher,30.0,0.0,success,False,2026-08-21T01:24:51.313627+09:00
Pension Wallet,20.0,35.0,success,False,2026-08-27T22:48:44.890397+09:00
Pension Watch,20.0,4.0,success,False,2026-08-21T01:26:18.948182+09:00
Pension Wave,,,failed,False,2026-08-21T01:26:39.674761+09:00
Pension Widget,,,failed,False,2026-08-27T23:14:21.600576+09:00
Pension Window,,,failed,False,2026-08-21T01:20:54.963946+09:00
Pension Worksheet,170.0,0.0,success,False,2026-08-27T22:09:58.164830+09:00
Pension Yard,,,failed,False,2026-08-21T01:19:29.603335+09:00
Pension Zone,40.0,3.0,success,False,2026-08-21T01:16:28.829039+09:00
Peril Alert,10.0,,success,False,2026-08-19T21:53:02.852702+09:00
Peril Allowance,,,failed,False,2026-08-21T02:43:35.121601+09:00
Peril Analyzer,,,failed,False,2026-08-27T23:50:42.966915+09:00
Peril Asset,,,failed,False,2026-08-23T13:46:24.718234+09:00
Peril Assistant,,,failed,False,2026-08-19T21:47:13.005766+09:00
Peril Atlas,,,failed,False,2026-08-19T21:46:23.560668+09:00
Peril Attribute,,,failed,False,2026-08-23T13:04:57.008398+09:00
Peril Badge,,,failed,False,2026-08-21T00:25:13.031282+09:00
Peril Base,,,failed,False,2026-08-19T22:04:23.242123+09:00
Peril Beacon,,,failed,False,2026-08-19T22:02:02.684993+09:00
Peril Board,,,failed,False,2026-08-19T22:04:57.454275+09:00
Peril Book,320.0,20.0,success,False,2026-08-19T22:00:01.898557+09:00
Peril Bridge,,,failed,False,2026-08-19T22:02:34.302682+09:00
Peril Brief,,,failed,False,2026-08-21T01:00:54.642749+09:00
Peril Bulletin,,,failed,False,2026-08-21T01:00:52.686966+09:00
Peril Calculator,,,failed,False,2026-08-27T23:36:50.925534+09:00
Peril Calendar,10.0,0.0,success,False,2026-08-19T21:49:23.695269+09:00
Peril Card,,,failed,False,2026-08-19T21:55:14.913375+09:00
Peril Cascade,,,failed,False,2026-08-19T22:02:25.837553+09:00
Peril Cash,,,failed,False,2026-08-21T02:27:08.024014+09:00
Peril Category,,,failed,False,2026-08-23T13:04:54.297618+09:00
Peril Center,,,failed,False,2026-08-19T22:05:58.265751+09:00
Peril Chain,,,failed,False,2026-08-19T22:07:32.899948+09:00
Peril Charge,,,failed,False,2026-08-21T02:43:21.598191+09:00
Peril Chart,,,failed,False,2026-08-19T21:53:16.228732+09:00
Peril Check,,,failed,False,2026-08-19T21:55:31.155886+09:00
Peril Checker,,,failed,False,2026-08-27T23:59:32.969820+09:00
Peril Circular,,,failed,False,2026-08-21T01:00:58.878918+09:00
Peril Code,10.0,0.0,success,False,2026-08-19T21:59:30.293970+09:00
Peril Companion,,,failed,False,2026-08-19T21:48:07.459723+09:00
Peril Comparison,,,failed,False,2026-08-28T01:02:31.716235+09:00
Peril Confirmation,,,failed,False,2026-08-21T01:01:11.672775+09:00
Peril Console,,,failed,False,2026-08-19T22:06:28.711407+09:00
Peril Core,,,failed,False,2026-08-19T22:04:34.418517+09:00
Peril Cost,,,failed,False,2026-08-21T02:10:31.589901+09:00
Peril Count,,,failed,False,2026-08-27T22:50:16.948494+09:00
Peril Counter,,,failed,False,2026-08-19T21:50:23.410812+09:00
Peril Deal,,,failed,False,2026-08-21T01:53:46.295961+09:00
Peril Debt,,,failed,False,2026-08-21T02:27:02.067893+09:00
Peril Deck,,,failed,False,2026-08-19T22:05:08.787907+09:00
Peril Desk,,,failed,False,2026-08-19T22:01:11.142813+09:00
Peril Detail,,,failed,False,2026-08-23T03:24:18.387553+09:00
Peril Detector,,,failed,False,2026-08-27T23:50:40.068524+09:00
Peril Discount,,,failed,False,2026-08-23T16:14:08.408734+09:00
Peril Dossier,,,failed,False,2026-08-21T01:01:13.751057+09:00
Peril Downpayment,,,failed,False,2026-08-27T21:48:25.630641+09:00
Peril Due,,,failed,False,2026-08-23T15:51:33.860172+09:00
Peril Duty,,,failed,False,2026-08-21T02:43:28.304823+09:00
Peril Engine,,,failed,False,2026-08-19T21:46:58.234898+09:00
Peril Entry,,,failed,False,2026-08-21T01:01:25.263035+09:00
Peril Estimate,,,failed,False,2026-08-19T21:58:51.076600+09:00
Peril Estimator,,,failed,False,2026-08-27T23:59:30.142774+09:00
Peril Extension,,,failed,False,2026-08-23T16:39:03.767500+09:00
Peril Fare,,,failed,False,2026-08-21T02:10:41.178409+09:00
Peril Fee,,,failed,False,2026-08-21T02:05:54.756908+09:00
Peril Feed,,,failed,False,2026-08-19T21:57:44.656511+09:00
Peril Field,,,failed,False,2026-08-23T13:05:00.300804+09:00
Peril File,,,failed,False,2026-08-19T21:57:01.942587+09:00
Peril Finder,10.0,1.0,success,False,2026-08-19T21:50:00.809390+09:00
Peril Fine,,,failed,False,2026-08-23T02:57:57.265224+09:00
Peril Flag,,,failed,False,2026-08-21T00:26:00.566845+09:00
Peril Flow,,,failed,False,2026-08-19T22:00:52.695969+09:00
Peril Form,,,failed,False,2026-08-19T21:55:06.588963+09:00
Peril Format,,,failed,False,2026-08-23T13:05:07.059909+09:00
Peril Frame,,,failed,False,2026-08-19T22:04:13.367774+09:00
Peril Fund,,,failed,False,2026-08-21T02:27:05.386441+09:00
Peril Gate,,,failed,False,2026-08-19T21:46:01.527373+09:00
Peril Grade,,,failed,False,2026-08-21T00:25:40.973918+09:00
Peril Graph,,,failed,False,2026-08-27T22:12:29.300608+09:00
Peril Grid,,,failed,False,2026-08-19T22:03:23.353107+09:00
Peril Guardian,,,failed,False,2026-08-28T00:21:11.601666+09:00
Peril Harbor,1000000.0,28.0,success,False,2026-08-19T21:52:04.287712+09:00
Peril Helpdesk,,,failed,False,2026-08-27T22:50:21.429751+09:00
Peril Helper,,,failed,False,2026-08-28T00:21:14.040617+09:00
Peril History,,,failed,False,2026-08-19T21:56:53.361235+09:00
Peril Hub,,,failed,False,2026-08-19T22:01:01.799694+09:00
Peril Identifier,,,failed,False,2026-08-23T13:04:50.850524+09:00
Peril Inbox,,,failed,False,2026-08-19T21:52:53.016557+09:00
Peril Index,,,failed,False,2026-08-19T21:58:32.626205+09:00
Peril Installment,,,failed,False,2026-08-23T16:14:11.722628+09:00
Peril Item,,,failed,False,2026-08-21T01:53:28.626980+09:00
Peril Journal,,,failed,False,2026-08-19T21:49:03.135784+09:00
Peril Keeper,,,failed,False,2026-08-19T21:46:35.740872+09:00
Peril Lab,20.0,0.0,success,False,2026-08-19T22:05:28.406409+09:00
Peril Label,,,failed,False,2026-08-27T22:12:34.170808+09:00
Peril Ledger,,,failed,False,2026-08-19T22:04:45.902658+09:00
Peril Level,,,failed,False,2026-08-19T21:57:11.207151+09:00
Peril Levy,,,failed,False,2026-08-23T13:46:24.718234+09:00
Peril Line,,,failed,False,2026-08-19T21:54:13.234763+09:00
Peril Link,,,failed,False,2026-08-23T03:24:13.637906+09:00
Peril List,,,failed,False,2026-08-19T21:59:39.418384+09:00
Peril Loan,,,failed,False,2026-08-21T02:10:49.609792+09:00
Peril Locator,,,failed,False,2026-08-19T21:49:45.321625+09:00
Peril Locker,,,failed,False,2026-08-19T21:50:35.139639+09:00
Peril Log,,,failed,False,2026-08-19T21:54:56.953854+09:00
Peril Loop,,,failed,False,2026-08-19T22:03:14.947098+09:00
Peril Manager,,,failed,False,2026-08-19T21:46:47.844671+09:00
Peril Manual,,,failed,False,2026-08-27T22:12:40.822062+09:00
Peril Map,10.0,0.0,success,False,2026-08-19T22:04:03.389101+09:00
Peril Margin,,,failed,False,2026-08-23T02:57:55.201782+09:00
Peril Marker,,,failed,False,2026-08-23T13:26:57.143655+09:00
Peril Markup,,,failed,False,2026-08-23T16:38:57.916604+09:00
Peril Memo,,,failed,False,2026-08-21T00:25:47.755507+09:00
Peril Monitor,,,failed,False,2026-08-19T21:47:52.868004+09:00
Peril Nexus,,,failed,False,2026-08-19T21:46:13.716197+09:00
Peril Note,,,failed,False,2026-08-19T21:55:51.993679+09:00
Peril Notification,,,failed,False,2026-08-27T22:50:07.511114+09:00
Peril Number,,,failed,False,2026-08-23T03:24:01.511685+09:00
Peril Office,,,failed,False,2026-08-19T21:50:13.072831+09:00
Peril Ops,,,failed,False,2026-08-19T21:48:37.941943+09:00
Peril Outline,,,failed,False,2026-08-27T22:29:13.251110+09:00
Peril Outpost,,,failed,False,2026-08-19T21:51:38.533092+09:00
Peril Overage,,,failed,False,2026-08-27T21:48:23.216174+09:00
Peril Overdue,,,failed,False,2026-08-27T21:48:18.349819+09:00
Peril Panel,,,failed,False,2026-08-19T22:06:41.403506+09:00
Peril Pass,,,failed,False,2026-08-21T00:24:59.301324+09:00
Peril Path,,,failed,False,2026-08-19T22:03:42.018748+09:00
Peril Payoff,,,failed,False,2026-08-27T21:48:20.717175+09:00
Peril Petition,,,failed,False,2026-08-21T01:01:07.549578+09:00
Peril Plan,,,failed,False,2026-08-21T01:53:38.487807+09:00
Peril Planner,,,failed,False,2026-08-19T21:47:26.468483+09:00
Peril Playbook,,,failed,False,2026-08-19T21:48:50.657736+09:00
Peril Point,10.0,0.0,success,False,2026-08-19T22:03:52.975095+09:00
Peril Portal,,,failed,False,2026-08-19T22:06:18.009667+09:00
Peril Post,,,failed,False,2026-08-19T21:51:25.452105+09:00
Peril Preview,,,failed,False,2026-08-28T01:02:31.716235+09:00
Peril Profile,,,failed,False,2026-08-19T21:56:14.793890+09:00
Peril Profit,,,failed,False,2026-08-23T02:57:50.579977+09:00
Peril Quota,,,failed,False,2026-08-21T00:25:54.977191+09:00
Peril Radar,,,failed,False,2026-08-19T22:01:20.262131+09:00
Peril Rate,,,failed,False,2026-08-19T21:57:22.115019+09:00
Peril Recap,,,failed,False,2026-08-21T01:01:17.697392+09:00
Peril Recorder,,,failed,False,2026-08-27T23:36:57.640483+09:00
Peril Register,,,failed,False,2026-08-19T21:48:19.671606+09:00
Peril Registry,,,failed,False,2026-08-19T21:49:14.059786+09:00
Peril Relay,,,failed,False,2026-08-19T22:01:31.900197+09:00
Peril Reminder,,,failed,False,2026-08-19T21:58:24.385772+09:00
Peril Report,,,failed,False,2026-08-19T21:54:45.586270+09:00
Peril Repository,,,failed,False,2026-08-27T23:16:04.692896+09:00
Peril Roster,,,failed,False,2026-08-19T21:52:37.480660+09:00
Peril Rule,,,failed,False,2026-08-23T03:24:13.637906+09:00
Peril Sale,,,failed,False,2026-08-21T02:27:17.411779+09:00
Peril Sample,,,failed,False,2026-08-19T22:00:23.357458+09:00
Peril Scale,,,failed,False,2026-08-19T22:06:50.618817+09:00
Peril Scanner,,,failed,False,2026-08-27T23:59:35.243773+09:00
Peril Scheduler,,,failed,False,2026-08-19T21:47:40.553023+09:00
Peril Scope,,,failed,False,2026-08-19T22:03:05.892678+09:00
Peril Score,10.0,0.0,success,False,2026-08-19T21:55:44.120814+09:00
Peril Sheet,,,failed,False,2026-08-19T21:55:24.856436+09:00
Peril Shortfall,,,failed,False,2026-08-27T21:48:28.268054+09:00
Peril Signal,,,failed,False,2026-08-19T22:02:44.580219+09:00
Peril Slip,,,failed,False,2026-08-19T22:00:12.371601+09:00
Peril Slot,,,failed,False,2026-08-19T22:00:33.480377+09:00
Peril Stake,,,failed,False,2026-08-23T02:57:53.053705+09:00
Peril Statement,,,failed,False,2026-08-21T00:25:26.988508+09:00
Peril Status,,,failed,False,2026-08-19T21:56:27.780319+09:00
Peril Stub,,,failed,False,2026-08-21T00:25:18.497443+09:00
Peril Subsidy,,,failed,False,2026-08-23T15:51:36.784233+09:00
Peril Sum,,,failed,False,2026-08-21T02:26:56.391999+09:00
Peril Summary,10.0,0.0,success,False,2026-08-19T21:58:05.672882+09:00
Peril Surtax,,,failed,False,2026-08-23T15:51:39.388284+09:00
Peril Table,,,failed,False,2026-08-19T21:59:52.671651+09:00
Peril Tag,,,failed,False,2026-08-19T21:56:05.092972+09:00
Peril Tally,,,failed,False,2026-08-21T00:25:32.620138+09:00
Peril Tariff,,,failed,False,2026-08-21T02:43:37.252901+09:00
Peril Tax,,,failed,False,2026-08-21T02:10:45.957047+09:00
Peril Ticker,,,failed,False,2026-08-19T21:54:03.410939+09:00
Peril Ticket,,,failed,False,2026-08-19T21:58:41.732793+09:00
Peril Tier,,,failed,False,2026-08-28T00:45:52.715901+09:00
Peril Timeline,,,failed,False,2026-08-19T21:58:17.004802+09:00
Peril Toll,,,failed,False,2026-08-21T02:43:30.904154+09:00
Peril Toolbox,,,failed,False,2026-08-28T00:21:14.040617+09:00
Peril Total,,,failed,False,2026-08-27T23:15:58.535794+09:00
Peril Tower,,,failed,False,2026-08-19T21:52:13.387437+09:00
Peril Tracker,,,failed,False,2026-08-19T22:00:43.745625+09:00
Peril Trail,,,failed,False,2026-08-19T22:07:23.452103+09:00
Peril Trend,,,failed,False,2026-08-28T01:02:28.948807+09:00
Peril Trial,,,failed,False,2026-08-27T21:17:18.938086+09:00
Peril Unit,,,failed,False,2026-08-21T01:53:31.985132+09:00
Peril Update,,,failed,False,2026-08-19T21:57:34.491231+09:00
Peril Value,,,failed,False,2026-08-23T02:57:53.053705+09:00
Peril Vault,,,failed,False,2026-08-19T22:01:42.804571+09:00
Peril Version,,,failed,False,2026-08-23T03:24:09.830834+09:00
Peril View,,,failed,False,2026-08-19T21:56:40.008866+09:00
Peril Voucher,,,failed,False,2026-08-21T00:25:04.867976+09:00
Peril Watch,390.0,27.0,success,False,2026-08-19T22:02:52.701278+09:00
Peril Wave,,,failed,False,2026-08-19T22:03:30.282761+09:00
Peril Widget,,,failed,False,2026-08-27T23:16:01.473407+09:00
Peril Window,,,failed,False,2026-08-19T21:54:25.677858+09:00
Peril Worksheet,,,failed,False,2026-08-27T22:12:43.537947+09:00
Peril Workshop,,,failed,False,2026-08-28T00:21:09.151755+09:00
Peril Zone,210.0,0.0,success,False,2026-08-19T22:06:07.056181+09:00
Perimeter Advance,,,failed,False,2026-08-23T16:17:04.207592+09:00
Perimeter Advisory,,,failed,False,2026-08-21T01:08:00.929637+09:00
Perimeter Allowance,,,failed,False,2026-08-21T02:39:36.901337+09:00
Perimeter Almanac,,,failed,False,2026-08-18T22:02:33.707465+09:00
Perimeter Analyzer,,,failed,False,2026-08-27T23:54:48.967937+09:00
Perimeter Anchor,,,failed,False,2026-08-17T20:37:24.505740+09:00
Perimeter Arrears,,,failed,False,2026-08-23T16:17:04.207592+09:00
Perimeter Asset,,,failed,False,2026-08-23T13:48:06.578216+09:00
Perimeter Assistant,,,failed,False,2026-08-17T23:27:03.515384+09:00
Perimeter Atlas,,,failed,False,2026-08-17T21:37:21.496927+09:00
Perimeter Attribute,,,failed,False,2026-08-23T13:07:55.793530+09:00
Perimeter Badge,,,failed,False,2026-08-21T00:33:28.430853+09:00
Perimeter Base,720.0,0.0,success,False,2026-08-17T21:33:36.085901+09:00
Perimeter Beacon,,,failed,False,2026-08-17T20:40:52.985789+09:00
Perimeter Bill,,,failed,False,2026-08-19T21:51:16.066048+09:00
Perimeter Blueprint,10.0,0.0,success,False,2026-08-18T23:51:43.636427+09:00
Perimeter Board,390.0,1.0,success,False,2026-08-17T21:30:15.996537+09:00
Perimeter Book,210.0,21.0,success,False,2026-08-19T21:52:13.387437+09:00
Perimeter Bridge,10.0,0.0,success,False,2026-08-17T20:38:16.946588+09:00
Perimeter Brief,,,failed,False,2026-08-21T01:07:54.087465+09:00
Perimeter Bulletin,,,failed,False,2026-08-21T01:07:49.697646+09:00
Perimeter Calendar,,,failed,False,2026-08-18T23:57:15.984121+09:00
Perimeter Card,20.0,4.0,success,False,2026-08-19T13:27:40.228305+09:00
Perimeter Cascade,,,failed,False,2026-08-17T20:39:13.606540+09:00
Perimeter Cash,,,failed,False,2026-08-21T02:23:00.928674+09:00
Perimeter Catalog,,,failed,False,2026-08-19T21:05:10.807996+09:00
Perimeter Category,,,failed,False,2026-08-23T13:07:53.746009+09:00
Perimeter Center,3600.0,4.0,success,False,2026-08-17T20:42:52.966707+09:00
Perimeter Chain,,,failed,False,2026-08-17T20:31:58.373055+09:00
Perimeter Charge,,,failed,False,2026-08-21T02:39:23.092445+09:00
Perimeter Check,880.0,0.0,success,False,2026-08-19T13:27:59.144364+09:00
Perimeter Checker,,,failed,False,2026-08-27T23:54:35.399736+09:00
Perimeter Checklist,,,failed,False,2026-08-19T21:04:08.048540+09:00
Perimeter Circular,,,failed,False,2026-08-21T01:07:56.327187+09:00
Perimeter Cockpit,,,failed,False,2026-08-17T23:10:08.054607+09:00
Perimeter Code,10.0,0.0,success,False,2026-08-19T21:51:38.533092+09:00
Perimeter Codex,,,failed,False,2026-08-18T22:02:54.576094+09:00
Perimeter Companion,,,failed,False,2026-08-17T23:28:13.719643+09:00
Perimeter Comparison,,,failed,False,2026-08-28T01:05:40.494261+09:00
Perimeter Compass,,,failed,False,2026-08-17T20:41:42.376478+09:00
Perimeter Compendium,,,failed,False,2026-08-18T22:02:44.404885+09:00
Perimeter Confirmation,,,failed,False,2026-08-21T01:08:07.982267+09:00
Perimeter Console,10.0,0.0,success,False,2026-08-17T20:40:31.600880+09:00
Perimeter Contribution,,,failed,False,2026-08-23T16:17:00.383036+09:00
Perimeter Core,,,failed,False,2026-08-17T21:32:33.876836+09:00
Perimeter Cost,10.0,0.0,success,False,2026-08-21T02:06:32.230213+09:00
Perimeter Counter,,,failed,False,2026-08-18T23:58:17.460804+09:00
Perimeter Dashboard,,,failed,False,2026-08-17T23:28:01.386512+09:00
Perimeter Deal,,,failed,False,2026-08-21T01:59:50.051478+09:00
Perimeter Debt,,,failed,False,2026-08-21T02:22:51.042353+09:00
Perimeter Deck,,,failed,False,2026-08-17T20:47:58.336807+09:00
Perimeter Depot,,,failed,False,2026-08-18T23:57:56.092399+09:00
Perimeter Desk,,,failed,False,2026-08-17T20:45:15.345040+09:00
Perimeter Detail,10.0,0.0,success,False,2026-08-23T03:19:56.707699+09:00
Perimeter Detector,170.0,83.0,success,False,2026-08-27T23:54:45.435156+09:00
Perimeter Diagram,390.0,0.0,success,False,2026-08-27T22:07:41.421571+09:00
Perimeter Dial,,,failed,False,2026-08-17T20:38:43.149907+09:00
Perimeter Digest,,,failed,False,2026-08-19T20:46:58.036522+09:00
Perimeter Directory,4400.0,0.0,success,True,2026-08-18T23:57:28.259874+09:00
Perimeter Discount,,,failed,False,2026-08-23T16:16:57.987177+09:00
Perimeter Dock,,,failed,False,2026-08-17T20:35:00.475766+09:00
Perimeter Dossier,,,failed,False,2026-08-21T01:08:12.622841+09:00
Perimeter Draft,,,failed,False,2026-08-19T20:47:08.500238+09:00
Perimeter Due,,,failed,False,2026-08-23T15:52:52.908788+09:00
Perimeter Duty,30.0,0.0,success,False,2026-08-21T02:39:27.182357+09:00
Perimeter Engine,,,failed,False,2026-08-17T23:06:41.076830+09:00
Perimeter Entry,,,failed,False,2026-08-21T01:08:25.718288+09:00
Perimeter Estimate,,,failed,False,2026-08-19T21:04:59.839669+09:00
Perimeter Estimator,,,failed,False,2026-08-27T23:54:35.399736+09:00
Perimeter Excerpt,,,failed,False,2026-08-21T01:08:20.285219+09:00
Perimeter Extension,110.0,1.0,success,False,2026-08-23T16:37:04.042408+09:00
Perimeter Fare,,,failed,False,2026-08-21T02:06:44.237427+09:00
Perimeter Fee,,,failed,False,2026-08-21T02:05:54.756908+09:00
Perimeter Feed,,,failed,False,2026-08-19T20:47:03.354167+09:00
Perimeter File,,,failed,False,2026-08-19T20:46:36.801455+09:00
Perimeter Finder,140.0,0.0,success,False,2026-08-18T23:57:46.664132+09:00
Perimeter Fine,,,failed,False,2026-08-23T02:54:52.135987+09:00
Perimeter Flag,50.0,98.0,success,False,2026-08-21T00:34:09.449100+09:00
Perimeter Flow,,,failed,False,2026-08-17T20:48:31.729678+09:00
Perimeter Forge,,,failed,False,2026-08-17T20:40:06.808560+09:00
Perimeter Form,50.0,0.0,success,False,2026-08-19T13:27:22.269137+09:00
Perimeter Format,,,failed,False,2026-08-23T13:07:59.189669+09:00
Perimeter Frame,590.0,0.0,success,False,2026-08-17T21:34:39.149688+09:00
Perimeter Fund,,,failed,False,2026-08-21T02:22:58.653942+09:00
Perimeter Gate,210.0,49.0,success,False,2026-08-17T21:40:41.309160+09:00
Perimeter Grade,,,failed,False,2026-08-21T00:33:50.963808+09:00
Perimeter Grid,210.0,1.0,success,False,2026-08-17T20:32:32.905502+09:00
Perimeter Guarantee,,,failed,False,2026-08-28T01:05:50.050566+09:00
Perimeter Guard,260.0,32.0,success,False,2026-08-17T21:33:08.992358+09:00
Perimeter Guardian,,,failed,False,2026-08-28T00:24:36.830973+09:00
Perimeter Guidebook,,,failed,False,2026-08-18T23:51:43.636427+09:00
Perimeter Helpdesk,,,failed,False,2026-08-27T22:46:29.671446+09:00
Perimeter Helper,,,failed,False,2026-08-28T00:24:39.235749+09:00
Perimeter History,20.0,0.0,success,False,2026-08-19T20:46:30.162701+09:00
Perimeter Hotline,,,failed,False,2026-08-19T21:05:24.897505+09:00
Perimeter Hub,,,failed,False,2026-08-17T20:47:16.621554+09:00
Perimeter Identifier,,,failed,False,2026-08-23T13:07:51.086484+09:00
Perimeter Index,,,failed,False,2026-08-19T21:04:19.743151+09:00
Perimeter Insight,,,failed,False,2026-08-17T23:15:16.385703+09:00
Perimeter Installment,,,failed,False,2026-08-23T16:16:57.987177+09:00
Perimeter Item,,,failed,False,2026-08-21T01:59:37.170622+09:00
Perimeter Journal,,,failed,False,2026-08-18T23:51:43.636427+09:00
Perimeter Keeper,,,failed,False,2026-08-17T21:35:11.471835+09:00
Perimeter Kit,50.0,90.0,success,False,2026-08-27T22:46:23.139331+09:00
Perimeter Lab,30.0,0.0,success,False,2026-08-17T20:45:42.370254+09:00
Perimeter Label,170.0,0.0,success,False,2026-08-27T22:07:30.403670+09:00
Perimeter Ledger,,,failed,False,2026-08-17T21:31:23.168898+09:00
Perimeter Lens,,,failed,False,2026-08-17T21:35:44.584576+09:00
Perimeter Level,,,failed,False,2026-08-19T20:46:42.465530+09:00
Perimeter Link,,,failed,False,2026-08-23T03:19:49.312069+09:00
Perimeter List,10.0,0.0,success,False,2026-08-19T21:51:50.352396+09:00
Perimeter Loan,,,failed,False,2026-08-21T02:06:52.442398+09:00
Perimeter Locator,40.0,0.0,success,False,2026-08-18T23:57:37.423450+09:00
Perimeter Lock,110.0,1.0,success,False,2026-08-17T21:37:55.576177+09:00
Perimeter Log,,,failed,False,2026-08-19T13:27:09.579518+09:00
Perimeter Loop,140.0,0.0,success,False,2026-08-17T20:33:41.175079+09:00
Perimeter Manager,,,failed,False,2026-08-17T21:34:09.721109+09:00
Perimeter Manual,,,failed,False,2026-08-27T22:07:30.403670+09:00
Perimeter Map,880.0,0.0,success,False,2026-08-17T21:36:43.981322+09:00
Perimeter Memo,,,failed,False,2026-08-21T00:33:55.661658+09:00
Perimeter Message,,,failed,False,2026-08-27T23:11:50.094156+09:00
Perimeter Meter,30.0,10.0,success,False,2026-08-17T20:37:57.626492+09:00
Perimeter Metrics,,,failed,False,2026-08-17T23:27:48.723968+09:00
Perimeter Monitor,90.0,31.0,success,False,2026-08-17T23:27:34.340862+09:00
Perimeter Navigator,,,failed,False,2026-08-17T23:04:27.580981+09:00
Perimeter Nexus,,,failed,False,2026-08-17T21:38:26.629916+09:00
Perimeter Node,,,failed,False,2026-08-17T21:41:53.145173+09:00
Perimeter Note,,,failed,False,2026-08-19T13:28:12.912105+09:00
Perimeter Notification,,,failed,False,2026-08-27T22:46:23.139331+09:00
Perimeter Number,170.0,0.0,success,False,2026-08-23T03:19:40.807348+09:00
Perimeter Office,260.0,0.0,success,False,2026-08-18T23:58:07.902911+09:00
Perimeter Ops,,,failed,False,2026-08-17T23:28:37.439215+09:00
Perimeter Order,,,failed,False,2026-08-19T21:51:05.479286+09:00
Perimeter Organizer,,,failed,False,2026-08-17T23:08:25.865498+09:00
Perimeter Overdue,,,failed,False,2026-08-27T21:46:06.267558+09:00
Perimeter Panel,20.0,10.0,success,False,2026-08-17T20:39:37.454360+09:00
Perimeter Pass,,,failed,False,2026-08-21T00:33:14.863078+09:00
Perimeter Path,70.0,1.0,success,False,2026-08-17T21:41:22.072079+09:00
Perimeter Penalty,,,failed,False,2026-08-23T16:40:23.481453+09:00
Perimeter Petition,,,failed,False,2026-08-21T01:08:04.647718+09:00
Perimeter Pilot,10.0,3.0,success,False,2026-08-17T20:46:03.469899+09:00
Perimeter Plan,20.0,0.0,success,False,2026-08-21T01:59:47.241476+09:00
Perimeter Planner,,,failed,False,2026-08-17T23:13:41.173741+09:00
Perimeter Playbook,,,failed,False,2026-08-18T23:51:43.636427+09:00
Perimeter Point,170.0,6.0,success,False,2026-08-17T21:39:19.495692+09:00
Perimeter Portal,10.0,0.0,success,False,2026-08-17T20:41:15.125085+09:00
Perimeter Preview,,,failed,False,2026-08-28T01:05:44.373460+09:00
Perimeter Profile,20.0,81.0,success,False,2026-08-19T13:28:33.821561+09:00
Perimeter Profit,,,failed,False,2026-08-23T02:54:45.895962+09:00
Perimeter Proposal,,,failed,False,2026-08-28T01:05:46.959097+09:00
Perimeter Pulse,10.0,0.0,success,False,2026-08-18T07:52:41.803734+09:00
Perimeter Queue,,,failed,False,2026-08-19T21:04:47.167430+09:00
Perimeter Quota,,,failed,False,2026-08-21T00:34:01.894402+09:00
Perimeter Radar,90.0,39.0,success,False,2026-08-17T20:44:15.738532+09:00
Perimeter Rail,70.0,25.0,success,False,2026-08-17T20:34:08.377719+09:00
Perimeter Rate,,,failed,False,2026-08-19T20:46:47.302188+09:00
Perimeter Recap,,,failed,False,2026-08-21T01:08:15.676788+09:00
Perimeter Receipt,,,failed,False,2026-08-19T21:51:25.452105+09:00
Perimeter Recorder,,,failed,False,2026-08-27T23:33:58.782801+09:00
Perimeter Register,,,failed,False,2026-08-17T23:11:44.690517+09:00
Perimeter Registry,,,failed,False,2026-08-18T23:51:43.636427+09:00
Perimeter Relay,,,failed,False,2026-08-17T20:43:25.230587+09:00
Perimeter Reminder,,,failed,False,2026-08-19T21:03:53.179213+09:00
Perimeter Report,30.0,0.0,success,False,2026-08-19T13:27:02.036577+09:00
Perimeter Repository,,,failed,False,2026-08-27T23:11:58.068235+09:00
Perimeter Result,,,failed,False,2026-08-28T00:47:32.809688+09:00
Perimeter Roadmap,,,failed,False,2026-08-18T22:03:03.090691+09:00
Perimeter Roster,,,failed,False,2026-08-19T00:36:52.729176+09:00
Perimeter Route,10.0,0.0,success,False,2026-08-17T20:35:59.491401+09:00
Perimeter Rule,210.0,0.0,success,False,2026-08-23T03:19:53.710314+09:00
Perimeter Sale,,,failed,False,2026-08-21T02:23:08.764436+09:00
Perimeter Sample,30.0,1.0,success,False,2026-08-19T21:52:37.480660+09:00
Perimeter Scale,20.0,0.0,success,False,2026-08-17T20:36:56.303275+09:00
Perimeter Scanner,70.0,20.0,success,False,2026-08-27T23:54:40.654466+09:00
Perimeter Scheduler,,,failed,False,2026-08-17T23:27:19.198277+09:00
Perimeter Schematic,,,failed,False,2026-08-27T22:28:39.838514+09:00
Perimeter Scope,10.0,0.0,success,False,2026-08-17T20:34:33.124318+09:00
Perimeter Score,,,failed,False,2026-08-19T13:28:06.398636+09:00
Perimeter Sentry,10.0,14.0,success,False,2026-08-17T21:36:20.278504+09:00
Perimeter Sheet,5400.0,11.0,success,False,2026-08-19T13:27:50.683202+09:00
Perimeter Signal,,,failed,False,2026-08-17T20:36:22.753454+09:00
Perimeter Slip,,,failed,False,2026-08-19T21:52:24.100892+09:00
Perimeter Slot,,,failed,False,2026-08-19T21:52:53.016557+09:00
Perimeter Snapshot,,,failed,False,2026-08-18T23:51:45.933579+09:00
Perimeter Stake,,,failed,False,2026-08-23T02:54:50.074152+09:00
Perimeter Statement,,,failed,False,2026-08-21T00:33:39.786796+09:00
Perimeter Station,320.0,4.0,success,False,2026-08-17T20:44:37.629482+09:00
Perimeter Status,30.0,0.0,success,False,2026-08-19T20:46:20.200545+09:00
Perimeter Stub,,,failed,False,2026-08-21T00:33:34.783519+09:00
Perimeter Studio,50.0,22.0,success,False,2026-08-17T20:46:31.116711+09:00
Perimeter Suite,,,failed,False,2026-08-17T23:26:50.492047+09:00
Perimeter Sum,390.0,0.0,success,False,2026-08-21T02:22:48.105050+09:00
Perimeter Summary,,,failed,False,2026-08-19T21:03:23.930623+09:00
Perimeter Surtax,,,failed,False,2026-08-23T15:52:54.963093+09:00
Perimeter Sync,,,failed,False,2026-08-17T21:30:47.592348+09:00
Perimeter Tab,,,failed,False,2026-08-21T00:34:14.211470+09:00
Perimeter Table,140.0,9.0,success,False,2026-08-19T21:52:04.287712+09:00
Perimeter Tag,,,failed,False,2026-08-19T13:28:22.445633+09:00
Perimeter Tally,,,failed,False,2026-08-21T00:33:46.093002+09:00
Perimeter Tariff,,,failed,False,2026-08-21T02:39:41.486000+09:00
Perimeter Tax,,,failed,False,2026-08-21T02:06:47.400251+09:00
Perimeter Ticket,,,failed,False,2026-08-19T21:04:33.210036+09:00
Perimeter Timeline,,,failed,False,2026-08-19T21:03:38.962662+09:00
Perimeter Toll,,,failed,False,2026-08-21T02:39:30.658601+09:00
Perimeter Toolbox,,,failed,False,2026-08-28T00:24:36.830973+09:00
Perimeter Toolkit,,,failed,False,2026-08-18T23:51:45.933579+09:00
Perimeter Tracker,,,failed,False,2026-08-17T21:31:56.784481+09:00
Perimeter Trail,2400.0,3.0,success,False,2026-08-17T20:33:08.305690+09:00
Perimeter Trend,,,failed,False,2026-08-28T01:05:40.494261+09:00
Perimeter Trial,,,failed,False,2026-08-27T21:13:25.046826+09:00
Perimeter Unit,2400.0,0.0,success,True,2026-08-21T01:59:40.836410+09:00
Perimeter Update,,,failed,False,2026-08-19T20:46:51.690221+09:00
Perimeter Value,30.0,0.0,success,False,2026-08-23T02:54:48.016404+09:00
Perimeter Vault,,,failed,False,2026-08-17T20:42:24.319818+09:00
Perimeter Version,,,failed,False,2026-08-23T03:19:44.954715+09:00
Perimeter View,20.0,3.0,success,False,2026-08-19T20:46:24.803660+09:00
Perimeter Watch,90.0,4.0,success,False,2026-08-17T20:35:28.436030+09:00
Perimeter Wave,,,failed,False,2026-08-18T07:52:51.639177+09:00
Perimeter Widget,,,failed,False,2026-08-27T23:11:52.510647+09:00
Perimeter Workbench,,,failed,False,2026-08-18T23:51:45.933579+09:00
Perimeter Worksheet,5400.0,11.0,success,False,2026-08-27T22:07:37.591593+09:00
Perimeter Workshop,,,failed,False,2026-08-28T00:24:32.431629+09:00
Perimeter Zone,110.0,0.0,success,False,2026-08-17T20:42:04.175878+09:00
Permit Advance,,,failed,False,2026-08-23T16:11:06.629164+09:00
Permit Advisory,,,failed,False,2026-08-21T01:04:20.278964+09:00
Permit Allowance,,,failed,False,2026-08-21T02:39:46.933675+09:00
Permit Almanac,,,failed,False,2026-08-18T22:02:52.692456+09:00
Permit Analyzer,,,failed,False,2026-08-27T23:54:52.993731+09:00
Permit Anchor,,,failed,False,2026-08-18T01:28:07.797651+09:00
Permit Announcement,,,failed,False,2026-08-27T23:33:53.153275+09:00
Permit Arrears,,,failed,False,2026-08-23T16:12:18.349007+09:00
Permit Assistant,320.0,11.0,success,False,2026-08-17T23:03:53.626473+09:00
Permit Atlas,,,failed,False,2026-08-17T20:40:32.567080+09:00
Permit Attribute,,,failed,False,2026-08-23T13:07:59.189669+09:00
Permit Badge,10.0,60.0,success,False,2026-08-21T00:30:27.321926+09:00
Permit Base,,,failed,False,2026-08-17T20:37:26.547523+09:00
Permit Beacon,,,failed,False,2026-08-17T20:34:09.472739+09:00
Permit Bill,10.0,0.0,success,False,2026-08-19T21:49:41.666387+09:00
Permit Blueprint,,,failed,False,2026-08-18T22:02:44.404885+09:00
Permit Board,320.0,69.0,success,False,2026-08-17T20:34:34.179062+09:00
Permit Book,1900.0,6.0,success,False,2026-08-19T21:50:44.390054+09:00
Permit Bridge,,,failed,False,2026-08-18T07:43:31.933030+09:00
Permit Brief,,,failed,False,2026-08-21T01:04:11.301899+09:00
Permit Bulletin,,,failed,False,2026-08-21T01:04:02.292645+09:00
Permit Cabinet,,,failed,False,2026-08-27T23:12:02.088858+09:00
Permit Calculator,90.0,0.0,success,False,2026-08-27T23:33:58.782801+09:00
Permit Calendar,,,failed,False,2026-08-18T23:57:37.423450+09:00
Permit Card,1600.0,0.0,success,True,2026-08-19T13:27:59.144364+09:00
Permit Cascade,,,failed,False,2026-08-17T20:31:59.985806+09:00
Permit Cash,,,failed,False,2026-08-21T02:23:11.717671+09:00
Permit Cashback,,,failed,False,2026-08-27T21:13:32.051431+09:00
Permit Catalog,,,failed,False,2026-08-19T21:05:32.048024+09:00
Permit Category,40.0,0.0,success,False,2026-08-23T13:07:55.793530+09:00
Permit Center,1000.0,2.0,success,False,2026-08-17T20:36:26.800121+09:00
Permit Chain,,,failed,False,2026-08-17T20:44:37.629482+09:00
Permit Charge,1000.0,0.0,success,True,2026-08-21T02:39:30.658601+09:00
Permit Check,3600.0,0.0,success,True,2026-08-19T13:28:12.912105+09:00
Permit Checker,3600.0,0.0,success,True,2026-08-27T23:54:45.435156+09:00
Permit Checklist,70.0,6.0,success,False,2026-08-19T21:04:29.917389+09:00
Permit Circular,,,failed,False,2026-08-21T01:04:15.866621+09:00
Permit Cockpit,,,failed,False,2026-08-17T23:04:27.580981+09:00
Permit Code,70.0,5.0,success,False,2026-08-19T21:50:06.175762+09:00
Permit Codex,,,failed,False,2026-08-18T22:03:14.728477+09:00
Permit Companion,,,failed,False,2026-08-17T23:05:14.518937+09:00
Permit Comparison,,,failed,False,2026-08-28T01:05:46.959097+09:00
Permit Compass,,,failed,False,2026-08-17T20:35:03.370957+09:00
Permit Compendium,,,failed,False,2026-08-18T22:03:03.090691+09:00
Permit Confirmation,,,failed,False,2026-08-21T01:04:32.859141+09:00
Permit Console,,,failed,False,2026-08-17T20:33:42.611240+09:00
Permit Core,,,failed,False,2026-08-17T20:36:26.800121+09:00
Permit Cost,590.0,0.0,success,False,2026-08-21T02:06:44.237427+09:00
Permit Count,,,failed,False,2026-08-27T22:46:32.374827+09:00
Permit Counter,30.0,9.0,success,False,2026-08-18T23:58:35.248777+09:00
Permit Coupon,,,failed,False,2026-08-27T21:13:25.046826+09:00
Permit Dashboard,70.0,11.0,success,False,2026-08-17T23:07:30.676472+09:00
Permit Deal,,,failed,False,2026-08-21T01:49:57.762710+09:00
Permit Debt,,,failed,False,2026-08-21T02:23:00.928674+09:00
Permit Deck,6600.0,3.0,success,False,2026-08-17T20:33:41.175079+09:00
Permit Depot,,,failed,False,2026-08-18T23:58:17.460804+09:00
Permit Desk,20.0,0.0,success,False,2026-08-18T07:43:51.559731+09:00
Permit Detail,,,failed,False,2026-08-23T03:20:00.686198+09:00
Permit Detector,,,failed,False,2026-08-27T23:54:52.993731+09:00
Permit Dial,,,failed,False,2026-08-18T07:43:31.933030+09:00
Permit Digest,,,failed,False,2026-08-19T20:47:08.500238+09:00
Permit Directory,,,failed,False,2026-08-18T23:57:46.664132+09:00
Permit Discount,,,failed,False,2026-08-23T16:12:15.158683+09:00
Permit Dock,,,failed,False,2026-08-17T20:33:08.305690+09:00
Permit Dossier,,,failed,False,2026-08-21T01:04:44.330584+09:00
Permit Draft,,,failed,False,2026-08-19T20:47:17.630061+09:00
Permit Due,,,failed,False,2026-08-23T15:50:46.818166+09:00
Permit Duty,,,failed,False,2026-08-21T02:39:36.901337+09:00
Permit Engine,,,failed,False,2026-08-17T23:07:22.346415+09:00
Permit Entry,1600.0,2.0,success,False,2026-08-21T01:05:05.236354+09:00
Permit Estimate,,,failed,False,2026-08-19T21:05:22.464454+09:00
Permit Estimator,20.0,2.0,success,False,2026-08-27T23:54:40.654466+09:00
Permit Excerpt,,,failed,False,2026-08-21T01:04:56.218179+09:00
Permit Extension,390.0,0.0,success,False,2026-08-23T16:37:04.042408+09:00
Permit Fare,,,failed,False,2026-08-21T02:06:52.442398+09:00
Permit Fee,1000.0,0.0,success,True,2026-08-21T01:56:34.859851+09:00
Permit Feed,,,failed,False,2026-08-19T20:47:15.115131+09:00
Permit Field,390.0,2.0,success,False,2026-08-23T13:08:02.630104+09:00
Permit File,140.0,1.0,success,False,2026-08-19T20:46:47.302188+09:00
Permit Finder,170.0,5.0,success,False,2026-08-18T23:58:07.902911+09:00
Permit Fine,70.0,0.0,success,False,2026-08-23T02:54:57.045583+09:00
Permit Flag,,,failed,False,2026-08-21T00:31:09.970083+09:00
Permit Flow,1900.0,13.0,success,False,2026-08-17T20:34:09.472739+09:00
Permit Forge,,,failed,False,2026-08-17T20:33:09.747000+09:00
Permit Form,480.0,0.0,success,False,2026-08-19T13:27:50.683202+09:00
Permit Format,480.0,0.0,success,False,2026-08-23T13:08:05.055975+09:00
Permit Frame,480.0,10.0,success,False,2026-08-17T20:38:19.209708+09:00
Permit Fund,,,failed,False,2026-08-21T02:23:08.764436+09:00
Permit Gate,,,failed,False,2026-08-17T20:42:06.946542+09:00
Permit Generator,20.0,5.0,success,False,2026-08-27T23:33:58.782801+09:00
Permit Giveaway,,,failed,False,2026-08-27T21:13:46.392108+09:00
Permit Grade,,,failed,False,2026-08-21T00:30:51.297861+09:00
Permit Graph,,,failed,False,2026-08-27T22:07:30.403670+09:00
Permit Grid,,,failed,False,2026-08-18T07:43:28.535953+09:00
Permit Guarantee,,,failed,False,2026-08-28T01:05:52.718366+09:00
Permit Guard,,,failed,False,2026-08-17T20:36:59.320935+09:00
Permit Guardian,,,failed,False,2026-08-28T00:24:39.235749+09:00
Permit Guidebook,,,failed,False,2026-08-18T22:03:14.728477+09:00
Permit Helpdesk,,,failed,False,2026-08-27T22:46:36.036918+09:00
Permit Helper,,,failed,False,2026-08-28T00:24:44.523713+09:00
Permit History,320.0,1.0,success,False,2026-08-19T20:46:42.465530+09:00
Permit Hotline,10.0,0.0,success,False,2026-08-19T21:05:47.568804+09:00
Permit Hub,480.0,20.0,success,False,2026-08-17T20:33:09.747000+09:00
Permit Identifier,,,failed,False,2026-08-23T13:07:53.746009+09:00
Permit Incentive,,,failed,False,2026-08-27T21:13:37.797342+09:00
Permit Index,10.0,0.0,success,False,2026-08-19T21:04:42.466598+09:00
Permit Insight,10.0,,success,False,2026-08-17T22:49:19.411310+09:00
Permit Item,,,failed,False,2026-08-21T01:56:38.086153+09:00
Permit Journal,,,failed,False,2026-08-18T22:02:52.692456+09:00
Permit Keeper,,,failed,False,2026-08-17T20:38:46.053243+09:00
Permit Kit,,,failed,False,2026-08-27T22:46:29.671446+09:00
Permit Lab,,,failed,False,2026-08-18T07:43:28.535953+09:00
Permit Label,30.0,5.0,success,False,2026-08-27T22:07:37.591593+09:00
Permit Ledger,,,failed,False,2026-08-17T20:35:28.436030+09:00
Permit Lens,,,failed,False,2026-08-17T20:39:15.324728+09:00
Permit Level,,,failed,False,2026-08-19T20:46:51.690221+09:00
Permit Levy,,,failed,False,2026-08-23T13:45:39.021067+09:00
Permit Link,590.0,1.0,success,False,2026-08-23T03:19:56.707699+09:00
Permit List,50.0,3.0,success,False,2026-08-19T21:50:19.457736+09:00
Permit Loan,,,failed,False,2026-08-21T02:07:07.042559+09:00
Permit Locator,110.0,0.0,success,False,2026-08-18T23:57:56.092399+09:00
Permit Lock,20.0,7.0,success,False,2026-08-17T20:40:52.985789+09:00
Permit Log,70.0,1.0,success,False,2026-08-19T13:27:40.228305+09:00
Permit Loop,,,failed,False,2026-08-18T07:43:28.535953+09:00
Permit Manager,260.0,6.0,success,False,2026-08-17T20:37:57.626492+09:00
Permit Manual,320.0,2.0,success,False,2026-08-27T22:07:41.421571+09:00
Permit Map,140.0,1.0,success,False,2026-08-17T20:40:08.225876+09:00
Permit Marker,74000.0,100.0,success,False,2026-08-23T13:26:25.215433+09:00
Permit Markup,,,failed,False,2026-08-23T16:37:01.033816+09:00
Permit Memo,,,failed,False,2026-08-21T00:30:57.917323+09:00
Permit Message,,,failed,False,2026-08-27T23:11:52.510647+09:00
Permit Meter,,,failed,False,2026-08-18T07:43:31.933030+09:00
Permit Metrics,,,failed,False,2026-08-17T22:51:27.768654+09:00
Permit Monitor,,,failed,False,2026-08-17T23:05:39.217461+09:00
Permit Navigator,30.0,5.0,success,False,2026-08-17T23:05:03.232524+09:00
Permit Nexus,,,failed,False,2026-08-17T20:41:16.510977+09:00
Permit Node,,,failed,False,2026-08-17T20:42:52.966707+09:00
Permit Note,,,failed,False,2026-08-19T13:28:33.821561+09:00
Permit Notification,,,failed,False,2026-08-27T22:46:27.298392+09:00
Permit Number,2400.0,0.0,success,True,2026-08-23T03:19:49.312069+09:00
Permit Office,1900.0,5.0,success,False,2026-08-18T23:58:25.855676+09:00
Permit Ops,,,failed,False,2026-08-17T23:09:15.899406+09:00
Permit Order,70.0,0.0,success,False,2026-08-19T21:49:32.440919+09:00
Permit Organizer,30.0,100.0,success,False,2026-08-17T23:09:00.584407+09:00
Permit Overage,,,failed,False,2026-08-27T21:45:54.192033+09:00
Permit Overdue,,,failed,False,2026-08-27T21:46:06.267558+09:00
Permit Panel,10.0,71.0,success,False,2026-08-17T20:32:36.001496+09:00
Permit Pass,210.0,1.0,success,False,2026-08-21T00:30:11.509086+09:00
Permit Path,30.0,7.0,success,False,2026-08-17T20:42:29.560038+09:00
Permit Payoff,,,failed,False,2026-08-27T21:46:06.267558+09:00
Permit Penalty,40.0,0.0,success,False,2026-08-23T16:37:01.033816+09:00
Permit Petition,,,failed,False,2026-08-21T01:04:28.874460+09:00
Permit Pilot,20.0,6.0,success,False,2026-08-17T20:31:59.985806+09:00
Permit Plan,170.0,14.0,success,False,2026-08-21T01:56:46.597919+09:00
Permit Planner,,,failed,False,2026-08-17T23:08:25.865498+09:00
Permit Playbook,,,failed,False,2026-08-18T22:02:42.227147+09:00
Permit Point,720.0,10.0,success,False,2026-08-17T20:41:46.079279+09:00
Permit Portal,4400.0,0.0,success,True,2026-08-17T20:34:34.179062+09:00
Permit Preview,,,failed,False,2026-08-28T01:05:50.050566+09:00
Permit Profile,,,failed,False,2026-08-19T13:28:52.256085+09:00
Permit Profit,,,failed,False,2026-08-23T02:54:50.074152+09:00
Permit Proposal,,,failed,False,2026-08-28T01:05:50.050566+09:00
Permit Pulse,10.0,10.0,success,False,2026-08-17T20:44:15.738532+09:00
Permit Queue,,,failed,False,2026-08-19T21:05:07.680797+09:00
Permit Quota,,,failed,False,2026-08-21T00:31:03.590955+09:00
Permit Radar,,,failed,False,2026-08-18T01:28:07.797651+09:00
Permit Rail,,,failed,False,2026-08-17T20:31:58.373055+09:00
Permit Rate,20.0,0.0,success,False,2026-08-19T20:46:58.036522+09:00
Permit Recap,,,failed,False,2026-08-21T01:04:53.420072+09:00
Permit Receipt,140.0,0.0,success,False,2026-08-19T21:49:55.952193+09:00
Permit Recorder,,,failed,False,2026-08-27T23:34:03.746516+09:00
Permit Register,590.0,2.0,success,False,2026-08-17T23:06:22.536636+09:00
Permit Registry,,,failed,False,2026-08-18T22:02:33.707465+09:00
Permit Relay,10.0,0.0,success,False,2026-08-17T20:36:59.320935+09:00
Permit Reminder,,,failed,False,2026-08-19T21:04:15.563221+09:00
Permit Report,90.0,7.0,success,False,2026-08-19T13:27:22.269137+09:00
Permit Repository,,,failed,False,2026-08-27T23:12:05.738890+09:00
Permit Result,10.0,0.0,success,False,2026-08-28T00:47:32.809688+09:00
Permit Roadmap,,,failed,False,2026-08-18T22:03:28.331445+09:00
Permit Roster,,,failed,False,2026-08-19T00:37:00.689265+09:00
Permit Route,70.0,1.0,success,False,2026-08-17T20:34:08.377719+09:00
Permit Rule,1000.0,0.0,success,True,2026-08-23T03:19:56.707699+09:00
Permit Sale,50.0,1.0,success,False,2026-08-21T02:23:15.671365+09:00
Permit Sample,70.0,0.0,success,False,2026-08-19T21:51:05.479286+09:00
Permit Scale,,,failed,False,2026-08-17T20:35:00.475766+09:00
Permit Scanner,20.0,8.0,success,False,2026-08-27T23:54:48.967937+09:00
Permit Scheduler,,,failed,False,2026-08-17T23:04:27.580981+09:00
Permit Scope,,,failed,False,2026-08-17T20:32:32.905502+09:00
Permit Score,30.0,0.0,success,False,2026-08-19T13:28:22.445633+09:00
Permit Sentry,,,failed,False,2026-08-17T20:39:41.640400+09:00
Permit Sheet,30.0,0.0,success,False,2026-08-19T13:28:06.398636+09:00
Permit Signal,,,failed,False,2026-08-17T20:34:33.124318+09:00
Permit Signature,40.0,0.0,success,False,2026-08-23T13:26:22.288872+09:00
Permit Slip,8100.0,2.0,success,False,2026-08-19T21:50:54.613076+09:00
Permit Slot,,,failed,False,2026-08-19T21:51:13.518825+09:00
Permit Snapshot,,,failed,False,2026-08-18T22:03:03.090691+09:00
Permit Stage,,,failed,False,2026-08-28T00:47:32.809688+09:00
Permit Stake,,,failed,False,2026-08-23T02:54:52.135987+09:00
Permit Stamp,40.0,8.0,success,False,2026-08-23T13:26:27.447056+09:00
Permit Statement,,,failed,False,2026-08-21T00:30:39.454023+09:00
Permit Station,50.0,13.0,success,False,2026-08-18T07:43:23.332018+09:00
Permit Status,2400.0,0.0,success,True,2026-08-19T20:46:30.162701+09:00
Permit Stub,,,failed,False,2026-08-21T00:30:32.235715+09:00
Permit Studio,30.0,4.0,success,False,2026-08-17T20:32:36.001496+09:00
Permit Subsidy,,,failed,False,2026-08-23T15:50:46.818166+09:00
Permit Suite,,,failed,False,2026-08-17T23:09:32.191803+09:00
Permit Sum,,,failed,False,2026-08-21T02:22:58.653942+09:00
Permit Summary,,,failed,False,2026-08-19T21:03:51.507952+09:00
Permit Sync,10.0,10.0,success,False,2026-08-17T20:35:00.475766+09:00
Permit Tab,50.0,0.0,success,False,2026-08-21T00:31:14.600161+09:00
Permit Table,20.0,0.0,success,False,2026-08-19T21:50:30.697464+09:00
Permit Tag,90.0,32.0,success,False,2026-08-19T13:28:43.746659+09:00
Permit Tally,,,failed,False,2026-08-21T00:30:44.450501+09:00
Permit Tariff,,,failed,False,2026-08-21T02:39:49.190275+09:00
Permit Tax,1600.0,5.0,success,False,2026-08-21T02:06:57.377866+09:00
Permit Terminal,,,failed,False,2026-08-18T07:43:25.661274+09:00
Permit Ticket,210.0,0.0,success,False,2026-08-19T21:04:56.454622+09:00
Permit Tier,,,failed,False,2026-08-28T00:47:36.206546+09:00
Permit Timeline,30.0,0.0,success,False,2026-08-19T21:04:04.689181+09:00
Permit Timer,,,failed,False,2026-08-28T00:24:32.431629+09:00
Permit Token,,,failed,False,2026-08-23T13:26:17.496993+09:00
Permit Toll,,,failed,False,2026-08-21T02:39:41.486000+09:00
Permit Toolbox,,,failed,False,2026-08-28T00:24:41.812871+09:00
Permit Toolkit,,,failed,False,2026-08-18T22:02:30.753417+09:00
Permit Total,,,failed,False,2026-08-27T23:11:58.068235+09:00
Permit Tracker,1300.0,2.0,success,False,2026-08-17T20:36:00.761105+09:00
Permit Trail,,,failed,False,2026-08-18T07:43:44.841764+09:00
Permit Trend,,,failed,False,2026-08-28T01:05:44.373460+09:00
Permit Trial,30.0,0.0,success,False,2026-08-27T21:13:32.051431+09:00
Permit Unit,260.0,2.0,success,False,2026-08-21T01:56:42.470423+09:00
Permit Update,50.0,0.0,success,False,2026-08-19T20:47:03.354167+09:00
Permit Value,20.0,0.0,success,False,2026-08-23T02:54:52.135987+09:00
Permit Vault,,,failed,False,2026-08-17T20:36:00.761105+09:00
Permit Version,,,failed,False,2026-08-23T03:19:53.710314+09:00
Permit View,110.0,1.0,success,False,2026-08-19T20:46:36.801455+09:00
Permit Voucher,,,failed,False,2026-08-21T00:30:19.986675+09:00
Permit Wallet,110.0,100.0,success,False,2026-08-27T22:46:29.671446+09:00
Permit Watch,,,failed,False,2026-08-17T20:33:41.175079+09:00
Permit Wave,10.0,0.0,success,False,2026-08-17T20:43:25.230587+09:00
Permit Widget,,,failed,False,2026-08-27T23:11:58.068235+09:00
Permit Workbench,,,failed,False,2026-08-18T22:06:54.214613+09:00
Permit Worksheet,,,failed,False,2026-08-27T22:07:45.490805+09:00
Permit Workshop,,,failed,False,2026-08-28T00:24:36.830973+09:00
Permit Zone,480.0,0.0,success,False,2026-08-17T20:35:32.317442+09:00
Pesticide Advance,,,failed,False,2026-08-23T16:13:14.533515+09:00
Pesticide Advisory,,,failed,False,2026-08-21T01:06:44.007854+09:00
Pesticide Allowance,,,failed,False,2026-08-21T02:45:36.117852+09:00
Pesticide Almanac,,,failed,False,2026-08-18T22:11:09.923371+09:00
Pesticide Analyzer,10.0,3.0,success,False,2026-08-27T23:56:32.424799+09:00
Pesticide Anchor,,,failed,False,2026-08-17T20:41:07.425187+09:00
Pesticide Arrears,,,failed,False,2026-08-23T16:13:10.832744+09:00
Pesticide Assistant,,,failed,False,2026-08-17T23:26:27.360355+09:00
Pesticide Atlas,30.0,2.0,success,False,2026-08-18T07:43:38.150133+09:00
Pesticide Badge,,,failed,False,2026-08-21T00:32:54.976982+09:00
Pesticide Base,,,failed,False,2026-08-17T21:38:10.743063+09:00
Pesticide Beacon,,,failed,False,2026-08-17T20:44:25.446111+09:00
Pesticide Bill,70.0,0.0,success,False,2026-08-19T21:54:22.632140+09:00
Pesticide Blueprint,,,failed,False,2026-08-18T22:11:01.803326+09:00
Pesticide Board,260.0,5.0,success,False,2026-08-17T21:34:57.125142+09:00
Pesticide Book,320.0,35.0,success,False,2026-08-19T21:55:12.102159+09:00
Pesticide Bridge,,,failed,False,2026-08-17T20:41:57.166662+09:00
Pesticide Brief,,,failed,False,2026-08-21T01:06:30.195338+09:00
Pesticide Bulletin,,,failed,False,2026-08-21T01:06:23.582625+09:00
Pesticide Cabinet,210.0,100.0,success,False,2026-08-27T23:13:44.050852+09:00
Pesticide Calculator,110.0,0.0,success,False,2026-08-27T23:34:54.940798+09:00
Pesticide Calendar,,,failed,False,2026-08-19T00:02:18.071698+09:00
Pesticide Card,,,failed,False,2026-08-19T13:37:57.164882+09:00
Pesticide Cascade,,,failed,False,2026-08-17T20:42:43.172174+09:00
Pesticide Cash,,,failed,False,2026-08-21T02:30:16.403499+09:00
Pesticide Cashback,,,failed,False,2026-08-27T21:15:44.469109+09:00
Pesticide Catalog,,,failed,False,2026-08-19T21:10:02.424096+09:00
Pesticide Center,70.0,19.0,success,False,2026-08-17T20:46:59.199715+09:00
Pesticide Chain,,,failed,False,2026-08-17T20:36:13.174234+09:00
Pesticide Charge,,,failed,False,2026-08-21T02:45:23.002534+09:00
Pesticide Check,,,failed,False,2026-08-19T13:38:33.395376+09:00
Pesticide Checker,170.0,16.0,success,False,2026-08-27T23:56:27.794878+09:00
Pesticide Checklist,,,failed,False,2026-08-19T21:08:56.210906+09:00
Pesticide Circular,,,failed,False,2026-08-21T01:06:33.871335+09:00
Pesticide Cockpit,,,failed,False,2026-08-17T23:08:17.909902+09:00
Pesticide Code,10.0,0.0,success,False,2026-08-19T21:54:42.461641+09:00
Pesticide Codex,40.0,0.0,success,False,2026-08-18T22:11:27.427914+09:00
Pesticide Companion,,,failed,False,2026-08-17T23:27:42.956477+09:00
Pesticide Comparison,,,failed,False,2026-08-28T01:06:51.354656+09:00
Pesticide Compass,,,failed,False,2026-08-17T20:45:30.439940+09:00
Pesticide Compendium,20.0,0.0,success,False,2026-08-18T22:11:19.240583+09:00
Pesticide Confirmation,,,failed,False,2026-08-21T01:06:51.131996+09:00
Pesticide Console,,,failed,False,2026-08-17T20:44:06.631034+09:00
Pesticide Contribution,,,failed,False,2026-08-23T16:13:08.662730+09:00
Pesticide Converter,,,failed,False,2026-08-27T23:34:54.940798+09:00
Pesticide Core,,,failed,False,2026-08-17T21:36:59.022364+09:00
Pesticide Cost,140.0,29.0,success,False,2026-08-21T02:13:59.319117+09:00
Pesticide Count,,,failed,False,2026-08-27T22:48:20.741854+09:00
Pesticide Counter,,,failed,False,2026-08-19T00:03:04.417889+09:00
Pesticide Coupon,,,failed,False,2026-08-27T21:15:40.330625+09:00
Pesticide Dashboard,,,failed,False,2026-08-17T23:27:26.699527+09:00
Pesticide Deal,,,failed,False,2026-08-21T01:58:23.267631+09:00
Pesticide Debt,,,failed,False,2026-08-21T02:30:08.779542+09:00
Pesticide Deck,,,failed,False,2026-08-17T21:33:53.413747+09:00
Pesticide Depot,,,failed,False,2026-08-19T00:02:48.631996+09:00
Pesticide Desk,,,failed,False,2026-08-17T21:31:08.679950+09:00
Pesticide Detail,,,failed,False,2026-08-23T03:15:32.798139+09:00
Pesticide Diagram,140.0,0.0,success,False,2026-08-27T22:10:23.604541+09:00
Pesticide Dial,,,failed,False,2026-08-17T20:42:16.988485+09:00
Pesticide Digest,,,failed,False,2026-08-19T20:38:33.715363+09:00
Pesticide Directory,10.0,4.0,success,False,2026-08-19T00:02:27.896414+09:00
Pesticide Discount,,,failed,False,2026-08-23T16:13:03.003819+09:00
Pesticide Dock,,,failed,False,2026-08-17T20:39:05.666395+09:00
Pesticide Dossier,,,failed,False,2026-08-21T01:06:56.173532+09:00
Pesticide Downpayment,,,failed,False,2026-08-27T21:46:52.310844+09:00
Pesticide Draft,,,failed,False,2026-08-19T20:38:53.768635+09:00
Pesticide Due,,,failed,False,2026-08-23T15:51:18.067623+09:00
Pesticide Duty,,,failed,False,2026-08-21T02:45:25.368857+09:00
Pesticide Engine,,,failed,False,2026-08-17T23:04:39.264131+09:00
Pesticide Entry,,,failed,False,2026-08-21T01:07:11.720033+09:00
Pesticide Estimate,,,failed,False,2026-08-19T21:09:48.311531+09:00
Pesticide Estimator,,,failed,False,2026-08-27T23:56:25.215119+09:00
Pesticide Excerpt,,,failed,False,2026-08-21T01:07:05.419425+09:00
Pesticide Extension,720.0,0.0,success,False,2026-08-23T16:38:22.069097+09:00
Pesticide Fare,,,failed,False,2026-08-21T02:14:07.166822+09:00
Pesticide Fee,,,failed,False,2026-08-21T01:58:05.254245+09:00
Pesticide Feed,,,failed,False,2026-08-19T20:38:42.409315+09:00
Pesticide File,,,failed,False,2026-08-19T20:37:59.201045+09:00
Pesticide Finder,,,failed,False,2026-08-19T00:02:41.985677+09:00
Pesticide Fine,,,failed,False,2026-08-23T02:52:30.798474+09:00
Pesticide Flag,170.0,97.0,success,False,2026-08-21T00:33:32.477901+09:00
Pesticide Flow,,,failed,False,2026-08-17T21:34:26.372304+09:00
Pesticide Forge,,,failed,False,2026-08-17T20:43:38.857738+09:00
Pesticide Form,140.0,5.0,success,False,2026-08-19T13:37:46.745101+09:00
Pesticide Format,,,failed,False,2026-08-23T13:05:36.623967+09:00
Pesticide Frame,,,failed,False,2026-08-17T21:39:40.995935+09:00
Pesticide Fund,,,failed,False,2026-08-21T02:30:12.359355+09:00
Pesticide Gate,10.0,,success,False,2026-08-17T20:33:24.231963+09:00
Pesticide Giveaway,,,failed,False,2026-08-27T21:15:49.145755+09:00
Pesticide Grade,,,failed,False,2026-08-21T00:33:12.400590+09:00
Pesticide Graph,40.0,0.0,success,False,2026-08-27T22:10:01.202227+09:00
Pesticide Grid,,,failed,False,2026-08-17T20:36:43.272468+09:00
Pesticide Guarantee,,,failed,False,2026-08-28T01:06:58.788190+09:00
Pesticide Guard,,,failed,False,2026-08-17T21:37:39.097196+09:00
Pesticide Guardian,,,failed,False,2026-08-28T00:25:42.430031+09:00
Pesticide Guidebook,,,failed,False,2026-08-18T22:10:45.324652+09:00
Pesticide Helpdesk,,,failed,False,2026-08-27T22:48:25.660209+09:00
Pesticide Helper,,,failed,False,2026-08-28T00:25:44.811086+09:00
Pesticide History,70.0,0.0,success,False,2026-08-19T20:37:52.054454+09:00
Pesticide Hotline,10.0,10.0,success,False,2026-08-19T21:10:13.375829+09:00
Pesticide Hub,,,failed,False,2026-08-17T21:33:24.629057+09:00
Pesticide Identifier,,,failed,False,2026-08-23T13:05:30.348326+09:00
Pesticide Incentive,,,failed,False,2026-08-27T21:15:49.145755+09:00
Pesticide Index,50.0,7.0,success,False,2026-08-19T21:09:10.178555+09:00
Pesticide Insight,,,failed,False,2026-08-17T23:13:34.703463+09:00
Pesticide Installment,,,failed,False,2026-08-23T16:13:06.452746+09:00
Pesticide Item,,,failed,False,2026-08-21T01:58:06.326002+09:00
Pesticide Journal,70.0,0.0,success,False,2026-08-18T22:10:30.545293+09:00
Pesticide Keeper,,,failed,False,2026-08-17T21:41:07.674308+09:00
Pesticide Kit,50.0,44.0,success,False,2026-08-27T22:48:17.330576+09:00
Pesticide Lab,4400.0,100.0,success,False,2026-08-17T21:31:44.399230+09:00
Pesticide Label,880.0,6.0,success,False,2026-08-27T22:10:10.749365+09:00
Pesticide Ledger,,,failed,False,2026-08-17T21:36:00.741055+09:00
Pesticide Lens,,,failed,False,2026-08-17T21:41:39.306179+09:00
Pesticide Level,50.0,0.0,success,False,2026-08-19T20:38:07.942341+09:00
Pesticide Levy,,,failed,False,2026-08-23T13:46:16.255562+09:00
Pesticide Link,,,failed,False,2026-08-23T03:15:24.852114+09:00
Pesticide List,480.0,5.0,success,False,2026-08-19T21:54:53.460475+09:00
Pesticide Loan,,,failed,False,2026-08-21T02:14:13.791830+09:00
Pesticide Locator,,,failed,False,2026-08-19T00:02:34.221000+09:00
Pesticide Lock,,,failed,False,2026-08-17T20:31:41.996994+09:00
Pesticide Log,50.0,23.0,success,False,2026-08-19T13:37:39.358157+09:00
Pesticide Loop,,,failed,False,2026-08-17T20:37:44.009684+09:00
Pesticide Manager,,,failed,False,2026-08-17T21:39:02.253193+09:00
Pesticide Manual,170.0,23.0,success,False,2026-08-27T22:10:16.912585+09:00
Pesticide Map,90.0,0.0,success,False,2026-08-18T07:52:46.019796+09:00
Pesticide Marker,,,failed,False,2026-08-23T13:27:00.453108+09:00
Pesticide Markup,,,failed,False,2026-08-23T16:38:19.079152+09:00
Pesticide Memo,,,failed,False,2026-08-21T00:33:17.387160+09:00
Pesticide Message,,,failed,False,2026-08-27T23:13:34.759239+09:00
Pesticide Meter,30.0,23.0,success,False,2026-08-17T20:41:30.101842+09:00
Pesticide Metrics,,,failed,False,2026-08-17T23:27:14.779355+09:00
Pesticide Monitor,260.0,31.0,success,False,2026-08-17T23:26:58.468073+09:00
Pesticide Navigator,,,failed,False,2026-08-17T23:15:10.071233+09:00
Pesticide Nexus,,,failed,False,2026-08-17T20:32:14.147491+09:00
Pesticide Node,,,failed,False,2026-08-17T20:34:20.444490+09:00
Pesticide Note,,,failed,False,2026-08-19T13:39:03.234764+09:00
Pesticide Notification,20.0,4.0,success,False,2026-08-27T22:48:17.330576+09:00
Pesticide Number,30.0,29.0,success,False,2026-08-23T03:15:14.062371+09:00
Pesticide Office,,,failed,False,2026-08-19T00:02:58.410814+09:00
Pesticide Ops,,,failed,False,2026-08-17T23:27:56.034352+09:00
Pesticide Order,10.0,93.0,success,False,2026-08-19T21:54:10.446339+09:00
Pesticide Organizer,,,failed,False,2026-08-17T23:06:32.975995+09:00
Pesticide Overage,,,failed,False,2026-08-27T21:46:49.880048+09:00
Pesticide Overdue,,,failed,False,2026-08-27T21:46:47.630562+09:00
Pesticide Panel,,,failed,False,2026-08-17T20:43:12.470155+09:00
Pesticide Path,,,failed,False,2026-08-17T20:33:56.397010+09:00
Pesticide Payoff,,,failed,False,2026-08-27T21:46:47.630562+09:00
Pesticide Penalty,,,failed,False,2026-08-23T16:38:16.847667+09:00
Pesticide Petition,20.0,4.0,success,False,2026-08-21T01:06:46.678178+09:00
Pesticide Pilot,,,failed,False,2026-08-17T21:32:20.148818+09:00
Pesticide Plan,,,failed,False,2026-08-21T01:58:16.207160+09:00
Pesticide Planner,,,failed,False,2026-08-17T23:11:56.017978+09:00
Pesticide Playbook,,,failed,False,2026-08-18T22:10:20.360888+09:00
Pesticide Point,,,failed,False,2026-08-17T20:32:53.240136+09:00
Pesticide Portal,10.0,0.0,success,False,2026-08-17T20:44:58.380838+09:00
Pesticide Preview,,,failed,False,2026-08-28T01:06:54.096928+09:00
Pesticide Profile,,,failed,False,2026-08-19T13:39:43.638809+09:00
Pesticide Profit,,,failed,False,2026-08-23T02:52:26.045301+09:00
Pesticide Proposal,,,failed,False,2026-08-28T01:06:58.788190+09:00
Pesticide Pulse,,,failed,False,2026-08-17T20:35:47.352548+09:00
Pesticide Queue,,,failed,False,2026-08-19T21:09:34.510109+09:00
Pesticide Quota,,,failed,False,2026-08-21T00:33:25.139045+09:00
Pesticide Radar,,,failed,False,2026-08-17T21:30:02.792774+09:00
Pesticide Rail,,,failed,False,2026-08-17T20:38:07.696860+09:00
Pesticide Rate,40.0,16.0,success,False,2026-08-19T20:38:14.851338+09:00
Pesticide Recap,,,failed,False,2026-08-21T01:07:00.683520+09:00
Pesticide Receipt,,,failed,False,2026-08-19T21:54:34.064665+09:00
Pesticide Recorder,,,failed,False,2026-08-27T23:34:57.472203+09:00
Pesticide Register,110.0,1.0,success,False,2026-08-17T23:10:02.526148+09:00
Pesticide Registry,260.0,3.0,success,False,2026-08-18T22:10:56.062577+09:00
Pesticide Relay,,,failed,False,2026-08-17T20:47:35.936558+09:00
Pesticide Reminder,,,failed,False,2026-08-19T21:08:46.825044+09:00
Pesticide Report,170.0,28.0,success,False,2026-08-19T13:37:32.755916+09:00
Pesticide Repository,10.0,0.0,success,False,2026-08-27T23:13:50.940196+09:00
Pesticide Result,,,failed,False,2026-08-28T00:47:59.038217+09:00
Pesticide Roadmap,,,failed,False,2026-08-18T22:11:37.206712+09:00
Pesticide Roster,,,failed,False,2026-08-19T00:37:10.693574+09:00
Pesticide Route,,,failed,False,2026-08-17T20:39:57.613991+09:00
Pesticide Rule,,,failed,False,2026-08-23T03:15:28.674871+09:00
Pesticide Sale,90.0,73.0,success,False,2026-08-21T02:30:21.260254+09:00
Pesticide Sample,,,failed,False,2026-08-19T21:55:31.155886+09:00
Pesticide Scale,,,failed,False,2026-08-17T20:40:45.689604+09:00
Pesticide Scanner,320.0,1.0,success,False,2026-08-27T23:56:27.794878+09:00
Pesticide Scheduler,,,failed,False,2026-08-17T23:26:41.280182+09:00
Pesticide Scope,,,failed,False,2026-08-17T20:38:33.752321+09:00
Pesticide Score,10.0,0.0,success,False,2026-08-19T13:38:55.423036+09:00
Pesticide Sentry,,,failed,False,2026-08-18T07:43:51.559731+09:00
Pesticide Sheet,,,failed,False,2026-08-19T13:38:17.915581+09:00
Pesticide Shortfall,,,failed,False,2026-08-27T21:46:54.698818+09:00
Pesticide Signal,,,failed,False,2026-08-17T20:40:21.350341+09:00
Pesticide Slot,,,failed,False,2026-08-19T21:55:41.048712+09:00
Pesticide Snapshot,,,failed,False,2026-08-18T22:10:36.115087+09:00
Pesticide Stage,,,failed,False,2026-08-28T00:47:59.038217+09:00
Pesticide Stamp,,,failed,False,2026-08-23T13:27:02.624073+09:00
Pesticide Statement,20.0,0.0,success,False,2026-08-21T00:33:03.712506+09:00
Pesticide Station,30.0,71.0,success,False,2026-08-17T21:30:37.005083+09:00
Pesticide Status,,,failed,False,2026-08-19T20:37:37.988161+09:00
Pesticide Stub,,,failed,False,2026-08-21T00:32:59.208813+09:00
Pesticide Studio,,,failed,False,2026-08-17T21:32:57.336519+09:00
Pesticide Subsidy,,,failed,False,2026-08-23T15:51:20.195828+09:00
Pesticide Suite,,,failed,False,2026-08-17T23:26:13.004123+09:00
Pesticide Sum,,,failed,False,2026-08-21T02:30:00.318623+09:00
Pesticide Summary,110.0,0.0,success,False,2026-08-19T21:08:23.714003+09:00
Pesticide Sync,,,failed,False,2026-08-17T21:35:30.145341+09:00
Pesticide Tab,,,failed,False,2026-08-21T00:33:37.107629+09:00
Pesticide Table,,,failed,False,2026-08-19T21:55:03.832007+09:00
Pesticide Tag,,,failed,False,2026-08-19T13:39:26.336599+09:00
Pesticide Tally,,,failed,False,2026-08-21T00:33:08.035106+09:00
Pesticide Tariff,,,failed,False,2026-08-21T02:45:38.713397+09:00
Pesticide Tax,,,failed,False,2026-08-21T02:14:10.459291+09:00
Pesticide Ticket,10.0,11.0,success,False,2026-08-19T21:09:24.314607+09:00
Pesticide Timeline,10.0,0.0,success,False,2026-08-19T21:08:33.836263+09:00
Pesticide Timer,,,failed,False,2026-08-28T00:25:39.840423+09:00
Pesticide Toll,,,failed,False,2026-08-21T02:45:31.753294+09:00
Pesticide Toolbox,,,failed,False,2026-08-28T00:25:44.811086+09:00
Pesticide Toolkit,,,failed,False,2026-08-18T22:10:14.241136+09:00
Pesticide Total,10.0,73.0,success,False,2026-08-27T23:13:34.759239+09:00
Pesticide Tracker,,,failed,False,2026-08-17T21:36:32.684484+09:00
Pesticide Trail,,,failed,False,2026-08-17T20:37:14.189830+09:00
Pesticide Trend,,,failed,False,2026-08-28T01:06:48.738756+09:00
Pesticide Trial,,,failed,False,2026-08-27T21:15:44.469109+09:00
Pesticide Unit,,,failed,False,2026-08-21T02:05:54.756908+09:00
Pesticide Update,,,failed,False,2026-08-19T20:38:24.406986+09:00
Pesticide Value,,,failed,False,2026-08-23T02:52:28.484811+09:00
Pesticide Vault,,,failed,False,2026-08-17T20:46:22.420312+09:00
Pesticide Version,,,failed,False,2026-08-23T03:15:22.651664+09:00
Pesticide View,,,failed,False,2026-08-19T20:37:45.715949+09:00
Pesticide Voucher,,,failed,False,2026-08-21T00:32:50.317142+09:00
Pesticide Watch,50.0,13.0,success,False,2026-08-17T20:39:28.862436+09:00
Pesticide Wave,,,failed,False,2026-08-17T20:34:44.892914+09:00
Pesticide Widget,,,failed,False,2026-08-27T23:13:41.688189+09:00
Pesticide Workbench,,,failed,False,2026-08-18T22:10:06.625362+09:00
Pesticide Worksheet,10.0,0.0,success,False,2026-08-27T22:10:19.864578+09:00
Pesticide Workshop,10.0,0.0,success,False,2026-08-28T00:25:42.430031+09:00
Pesticide Zone,,,failed,False,2026-08-17T20:45:52.903104+09:00
Pet Advance,90.0,39.0,success,False,2026-08-23T16:16:55.140069+09:00
Pet Advisory,140.0,51.0,success,False,2026-08-21T01:07:35.741700+09:00
Pet Alert,22200.0,27.0,success,False,2026-08-19T22:02:16.192857+09:00
Pet Allowance,70.0,0.0,success,False,2026-08-21T02:37:15.297674+09:00
Pet Analyzer,10.0,0.0,success,False,2026-08-27T23:56:11.954519+09:00
Pet Arrears,,,failed,False,2026-08-23T16:16:55.140069+09:00
Pet Assistant,720.0,15.0,success,False,2026-08-19T21:57:24.591826+09:00
Pet Atlas,50.0,17.0,success,False,2026-08-19T21:56:44.387128+09:00
Pet Attribute,10.0,,success,False,2026-08-23T13:07:07.950459+09:00
Pet Badge,170.0,62.0,success,False,2026-08-21T00:32:15.885792+09:00
Pet Balance,880.0,84.0,success,False,2026-08-23T13:47:56.055627+09:00
Pet Base,880.0,16.0,success,False,2026-08-19T21:52:40.688622+09:00
Pet Bay,320.0,6.0,success,False,2026-08-19T22:00:43.745625+09:00
Pet Beacon,10.0,29.0,success,False,2026-08-19T21:50:00.809390+09:00
Pet Bill,170.0,9.0,success,False,2026-08-19T21:46:26.862344+09:00
Pet Board,40500.0,26.0,success,False,2026-08-19T21:53:20.741685+09:00
Pet Book,4400.0,37.0,success,False,2026-08-19T21:47:30.295909+09:00
Pet Bridge,320.0,6.0,success,False,2026-08-19T21:50:37.216187+09:00
Pet Brief,,,failed,False,2026-08-21T01:07:26.518810+09:00
Pet Bulletin,10.0,0.0,success,False,2026-08-21T01:07:21.862187+09:00
Pet Calendar,1300.0,64.0,success,False,2026-08-19T21:59:01.960523+09:00
Pet Card,2900.0,25.0,success,False,2026-08-19T22:04:13.367774+09:00
Pet Cash,210.0,2.0,success,False,2026-08-21T02:30:08.779542+09:00
Pet Cashback,,,failed,False,2026-08-27T21:13:32.051431+09:00
Pet Category,260.0,0.0,success,False,2026-08-23T13:07:07.950459+09:00
Pet Center,60500.0,40.0,success,False,2026-08-19T21:54:30.567883+09:00
Pet Chain,480.0,78.0,success,False,2026-08-19T21:55:54.779139+09:00
Pet Charge,170.0,2.0,success,False,2026-08-21T02:37:01.944995+09:00
Pet Chart,480.0,1.0,success,False,2026-08-19T22:02:25.837553+09:00
Pet Check,1600.0,20.0,success,False,2026-08-19T22:04:34.418517+09:00
Pet Checker,1600.0,20.0,success,False,2026-08-27T23:56:02.652689+09:00
Pet Circular,10.0,16.0,success,False,2026-08-21T01:07:31.229292+09:00
Pet Code,1300.0,7.0,success,False,2026-08-19T21:46:47.844671+09:00
Pet Companion,1600.0,14.0,success,False,2026-08-19T21:58:08.143234+09:00
Pet Comparison,90.0,39.0,success,False,2026-08-28T01:07:22.099845+09:00
Pet Compass,320.0,2.0,success,False,2026-08-19T21:49:47.542279+09:00
Pet Confirmation,,,failed,False,2026-08-21T01:07:43.373010+09:00
Pet Console,30.0,62.0,success,False,2026-08-19T21:54:56.953854+09:00
Pet Contribution,,,failed,False,2026-08-23T16:16:51.381360+09:00
Pet Copayment,,,failed,False,2026-08-23T16:40:23.481453+09:00
Pet Cost,480.0,8.0,success,False,2026-08-21T02:12:54.787375+09:00
Pet Count,480.0,12.0,success,False,2026-08-27T22:46:59.897454+09:00
Pet Counter,480.0,12.0,success,False,2026-08-19T21:59:52.671651+09:00
Pet Coupon,210.0,50.0,success,False,2026-08-27T21:13:25.046826+09:00
Pet Deal,260.0,73.0,success,False,2026-08-21T01:56:30.460489+09:00
Pet Debt,20.0,4.0,success,False,2026-08-21T02:30:00.318623+09:00
Pet Desk,5400.0,7.0,success,False,2026-08-19T21:49:05.079544+09:00
Pet Detail,320.0,7.0,success,False,2026-08-23T03:18:09.441113+09:00
Pet Detector,390.0,4.0,success,False,2026-08-27T23:56:05.344982+09:00
Pet Directory,110.0,7.0,success,False,2026-08-19T21:59:09.702480+09:00
Pet Discount,2400.0,36.0,success,False,2026-08-23T16:16:48.615272+09:00
Pet Dossier,10.0,2.0,success,False,2026-08-21T01:07:47.643040+09:00
Pet Downpayment,,,failed,False,2026-08-27T21:46:08.601206+09:00
Pet Due,50.0,46.0,success,False,2026-08-23T15:52:44.896002+09:00
Pet Duty,20.0,1.0,success,False,2026-08-21T02:37:05.084488+09:00
Pet Entry,20.0,22.0,success,False,2026-08-21T01:07:58.607843+09:00
Pet Estimate,,,failed,False,2026-08-19T21:46:01.527373+09:00
Pet Estimator,,,failed,False,2026-08-27T23:56:00.047193+09:00
Pet Excerpt,,,failed,False,2026-08-21T01:07:54.087465+09:00
Pet Fare,260.0,5.0,success,False,2026-08-21T02:13:04.369688+09:00
Pet Fee,1300.0,1.0,success,False,2026-08-21T01:56:12.510800+09:00
Pet Feed,8100.0,100.0,success,False,2026-08-19T22:06:41.403506+09:00
Pet File,320.0,18.0,success,False,2026-08-19T22:06:01.682265+09:00
Pet Finder,823000.0,1.0,success,False,2026-08-19T21:59:32.934011+09:00
Pet Fine,260.0,2.0,success,False,2026-08-23T02:53:39.940635+09:00
Pet Flag,110.0,97.0,success,False,2026-08-21T00:32:57.061306+09:00
Pet Flow,6600.0,87.0,success,False,2026-08-19T21:48:37.941943+09:00
Pet Form,4400.0,3.0,success,False,2026-08-19T22:04:03.389101+09:00
Pet Format,4400.0,3.0,success,False,2026-08-23T13:07:14.038929+09:00
Pet Fund,1300.0,19.0,success,False,2026-08-21T02:30:05.549953+09:00
Pet Gate,22200.0,100.0,success,False,2026-08-19T21:56:18.827565+09:00
Pet Giveaway,170.0,23.0,success,False,2026-08-27T21:13:46.392108+09:00
Pet Grade,,,failed,False,2026-08-21T00:32:43.028189+09:00
Pet Guarantee,10.0,1.0,success,False,2026-08-28T01:07:27.619930+09:00
Pet Guardian,1300.0,10.0,success,False,2026-08-28T00:25:34.855882+09:00
Pet Helpdesk,,,failed,False,2026-08-27T22:47:02.636160+09:00
Pet Helper,9900.0,42.0,success,False,2026-08-28T00:25:42.430031+09:00
Pet History,390.0,0.0,success,False,2026-08-19T22:05:48.495667+09:00
Pet Hub,9900.0,6.0,success,False,2026-08-19T21:48:55.925505+09:00
Pet Identifier,5400.0,70.0,success,False,2026-08-23T13:07:04.865387+09:00
Pet Inbox,10.0,43.0,success,False,2026-08-19T22:02:02.684993+09:00
Pet Incentive,,,failed,False,2026-08-27T21:13:37.797342+09:00
Pet Index,210.0,1.0,success,False,2026-08-19T22:07:37.028999+09:00
Pet Installment,,,failed,False,2026-08-23T16:16:48.615272+09:00
Pet Item,1300.0,55.0,success,False,2026-08-21T01:56:16.843249+09:00
Pet Journal,720.0,28.0,success,False,2026-08-19T21:58:41.732793+09:00
Pet Keeper,1300.0,19.0,success,False,2026-08-19T21:56:53.361235+09:00
Pet Kiosk,170.0,14.0,success,False,2026-08-19T22:00:23.357458+09:00
Pet Kit,2900.0,100.0,success,False,2026-08-27T22:46:56.250105+09:00
Pet Label,590.0,47.0,success,False,2026-08-27T22:07:41.421571+09:00
Pet Ledger,,,failed,False,2026-08-19T21:53:06.381329+09:00
Pet Level,720.0,11.0,success,False,2026-08-19T22:06:09.459067+09:00
Pet Levy,70.0,54.0,success,False,2026-08-23T13:47:58.149011+09:00
Pet Line,14800.0,18.0,success,False,2026-08-19T22:03:14.947098+09:00
Pet Link,8100.0,28.0,success,False,2026-08-23T03:18:00.174345+09:00
Pet List,5400.0,1.0,success,False,2026-08-19T21:47:01.107836+09:00
Pet Loan,590.0,62.0,success,False,2026-08-21T02:13:15.591815+09:00
Pet Lobby,90.0,5.0,success,False,2026-08-19T22:02:54.876263+09:00
Pet Locator,720.0,82.0,success,False,2026-08-19T21:59:19.992699+09:00
Pet Locker,320.0,8.0,success,False,2026-08-19T22:00:01.898557+09:00
Pet Log,27100.0,26.0,success,False,2026-08-19T22:03:52.975095+09:00
Pet Loop,260.0,100.0,success,False,2026-08-19T21:51:20.233471+09:00
Pet Manager,1300.0,4.0,success,False,2026-08-19T21:57:05.603826+09:00
Pet Manual,140.0,6.0,success,False,2026-08-27T22:07:45.490805+09:00
Pet Map,1900.0,26.0,success,False,2026-08-19T21:52:16.498900+09:00
Pet Markup,,,failed,False,2026-08-23T16:40:21.439904+09:00
Pet Memo,18100.0,100.0,success,False,2026-08-21T00:32:47.883810+09:00
Pet Message,70.0,39.0,success,False,2026-08-27T23:12:29.033332+09:00
Pet Monitor,1300.0,96.0,success,False,2026-08-19T21:57:56.725251+09:00
Pet Nexus,40.0,0.0,success,False,2026-08-19T21:56:30.340313+09:00
Pet Note,170.0,2.0,success,False,2026-08-19T22:04:57.454275+09:00
Pet Notification,110.0,0.0,success,False,2026-08-27T22:46:50.983424+09:00
Pet Number,480.0,4.0,success,False,2026-08-23T03:17:54.192615+09:00
Pet Office,880.0,40.0,success,False,2026-08-19T21:59:42.241525+09:00
Pet Ops,260.0,43.0,success,False,2026-08-19T21:58:27.685601+09:00
Pet Overdraft,,,failed,False,2026-08-23T15:52:44.896002+09:00
Pet Overdue,,,failed,False,2026-08-27T21:46:08.601206+09:00
Pet Panel,3600.0,89.0,success,False,2026-08-19T21:55:09.455728+09:00
Pet Pass,1900.0,22.0,success,False,2026-08-21T00:32:03.646563+09:00
Pet Passport,12100.0,14.0,success,False,2026-08-19T22:02:47.197172+09:00
Pet Path,390.0,14.0,success,False,2026-08-19T21:51:54.755817+09:00
Pet Penalty,,,failed,False,2026-08-23T16:40:21.439904+09:00
Pet Petition,20.0,1.0,success,False,2026-08-21T01:07:39.342209+09:00
Pet Plan,33100.0,70.0,success,False,2026-08-21T01:56:23.932930+09:00
Pet Planner,210.0,94.0,success,False,2026-08-19T21:57:34.491231+09:00
Pet Playbook,,,failed,False,2026-08-19T21:58:34.362639+09:00
Pet Point,74000.0,6.0,success,False,2026-08-19T21:52:07.578129+09:00
Pet Portal,6600.0,15.0,success,False,2026-08-19T21:54:48.895899+09:00
Pet Post,8100.0,91.0,success,False,2026-08-19T22:00:55.317910+09:00
Pet Preview,50.0,0.0,success,False,2026-08-28T01:07:22.099845+09:00
Pet Profile,1600.0,3.0,success,False,2026-08-19T22:05:22.514727+09:00
Pet Profit,10.0,0.0,success,False,2026-08-23T02:53:27.977389+09:00
Pet Proposal,30.0,88.0,success,False,2026-08-28T01:07:24.727084+09:00
Pet Quota,10.0,0.0,success,False,2026-08-21T00:32:52.523477+09:00
Pet Radar,880.0,28.0,success,False,2026-08-19T21:49:16.162945+09:00
Pet Rail,50.0,64.0,success,False,2026-08-19T21:55:34.064895+09:00
Pet Rate,320.0,0.0,success,False,2026-08-19T22:06:18.009667+09:00
Pet Recap,10.0,2.0,success,False,2026-08-21T01:07:49.697646+09:00
Pet Receipt,10.0,18.0,success,False,2026-08-19T21:46:35.740872+09:00
Pet Registry,12100.0,6.0,success,False,2026-08-19T21:58:54.005326+09:00
Pet Relay,,,failed,False,2026-08-19T21:49:26.172736+09:00
Pet Reminder,40.0,33.0,success,False,2026-08-19T22:07:25.606827+09:00
Pet Report,260.0,3.0,success,False,2026-08-19T22:03:42.018748+09:00
Pet Repository,,,failed,False,2026-08-27T23:12:37.040829+09:00
Pet Ring,1000.0,97.0,success,False,2026-08-19T21:56:08.103899+09:00
Pet Roll,720.0,29.0,success,False,2026-08-19T22:03:32.806508+09:00
Pet Roster,20.0,1.0,success,False,2026-08-19T22:01:53.877884+09:00
Pet Route,140.0,25.0,success,False,2026-08-19T21:55:24.856436+09:00
Pet Rule,1300.0,24.0,success,False,2026-08-23T03:18:03.824260+09:00
Pet Sale,40500.0,21.0,success,False,2026-08-21T02:30:12.359355+09:00
Pet Sample,210.0,17.0,success,False,2026-08-19T21:47:55.928943+09:00
Pet Scale,2400.0,100.0,success,False,2026-08-19T21:55:18.484182+09:00
Pet Scanner,550000.0,5.0,success,False,2026-08-27T23:56:05.344982+09:00
Pet Scheduler,,,failed,False,2026-08-19T21:57:47.268344+09:00
Pet Scope,110.0,1.0,success,False,2026-08-19T21:51:10.797801+09:00
Pet Score,880.0,0.0,success,False,2026-08-19T22:04:45.902658+09:00
Pet Sheet,4400.0,54.0,success,False,2026-08-19T22:04:23.242123+09:00
Pet Signal,70.0,1.0,success,False,2026-08-19T21:50:49.199189+09:00
Pet Signature,40.0,0.0,success,False,2026-08-23T13:27:51.587934+09:00
Pet Slip,20.0,0.0,success,False,2026-08-19T21:47:43.048701+09:00
Pet Slot,260.0,22.0,success,False,2026-08-19T21:48:11.031110+09:00
Pet Stake,40500.0,2.0,success,False,2026-08-23T02:53:34.328450+09:00
Pet Statement,,,failed,False,2026-08-21T00:32:28.890378+09:00
Pet Station,40500.0,16.0,success,False,2026-08-19T21:54:06.004532+09:00
Pet Status,90.0,0.0,success,False,2026-08-19T22:05:32.455871+09:00
Pet Stub,,,failed,False,2026-08-21T00:32:24.105621+09:00
Pet Studio,3600.0,14.0,success,False,2026-08-19T21:53:43.821939+09:00
Pet Subsidy,10.0,0.0,success,False,2026-08-23T15:52:46.857399+09:00
Pet Sum,40.0,8.0,success,False,2026-08-21T02:29:56.209810+09:00
Pet Summary,90.0,1.0,success,False,2026-08-19T22:07:01.913828+09:00
Pet Surtax,,,failed,False,2026-08-23T15:52:46.857399+09:00
Pet Tab,3600.0,100.0,success,False,2026-08-21T00:33:01.322590+09:00
Pet Table,22200.0,100.0,success,False,2026-08-19T21:47:16.114306+09:00
Pet Tag,9900.0,100.0,success,False,2026-08-19T22:05:08.787907+09:00
Pet Tally,,,failed,False,2026-08-21T00:32:34.737926+09:00
Pet Tariff,10.0,,success,False,2026-08-21T02:37:19.204094+09:00
Pet Tax,1600.0,0.0,success,True,2026-08-21T02:13:09.073610+09:00
Pet Terminal,210.0,2.0,success,False,2026-08-19T21:54:16.215789+09:00
Pet Ticker,70.0,0.0,success,False,2026-08-19T22:03:05.892678+09:00
Pet Ticket,170.0,11.0,success,False,2026-08-19T22:07:56.620143+09:00
Pet Timeline,10.0,0.0,success,False,2026-08-19T22:07:15.173390+09:00
Pet Toll,,,failed,False,2026-08-21T02:37:11.292116+09:00
Pet Toolbox,,,failed,False,2026-08-28T00:25:39.840423+09:00
Pet Total,170.0,30.0,success,False,2026-08-27T23:12:32.092351+09:00
Pet Tracker,14800.0,100.0,success,False,2026-08-19T21:48:22.940977+09:00
Pet Trail,480.0,8.0,success,False,2026-08-19T21:55:47.244669+09:00
Pet Trend,1300.0,91.0,success,False,2026-08-28T01:07:19.474773+09:00
Pet Trial,20.0,0.0,success,False,2026-08-27T21:13:32.051431+09:00
Pet Unit,90.0,28.0,success,False,2026-08-21T01:56:19.157693+09:00
Pet Update,170.0,0.0,success,False,2026-08-19T22:06:32.723316+09:00
Pet Value,550000.0,28.0,success,False,2026-08-23T02:53:30.954147+09:00
Pet Vault,110.0,79.0,success,False,2026-08-19T21:49:37.354385+09:00
Pet Version,30.0,0.0,success,False,2026-08-23T03:17:56.844473+09:00
Pet View,1900.0,6.0,success,False,2026-08-19T22:05:40.444282+09:00
Pet Voucher,140.0,39.0,success,False,2026-08-21T00:32:11.459467+09:00
Pet Wallet,40.0,65.0,success,False,2026-08-27T22:46:59.897454+09:00
Pet Watch,5400.0,40.0,success,False,2026-08-19T21:50:57.841127+09:00
Pet Widget,5400.0,0.0,success,True,2026-08-27T23:12:32.092351+09:00
Pet Window,260.0,75.0,success,False,2026-08-19T22:03:23.353107+09:00
Pet Worksheet,320.0,0.0,success,False,2026-08-27T22:07:48.909558+09:00
Pet Yard,6600.0,88.0,success,False,2026-08-19T22:00:33.480377+09:00
Pet Zone,74000.0,34.0,success,False,2026-08-19T21:54:39.483113+09:00
Photographer Advance,,,failed,False,2026-08-23T16:11:58.973572+09:00
Photographer Advisory,,,failed,False,2026-08-21T01:03:25.375031+09:00
Photographer Allowance,,,failed,False,2026-08-21T02:43:44.053859+09:00
Photographer Analyzer,,,failed,False,2026-08-27T23:54:52.993731+09:00
Photographer Arrears,,,failed,False,2026-08-23T16:11:58.973572+09:00
Photographer Asset,,,failed,False,2026-08-23T13:45:27.370408+09:00
Photographer Assistant,1600.0,4.0,success,False,2026-08-19T13:21:11.802983+09:00
Photographer Attribute,,,failed,False,2026-08-23T13:09:55.014275+09:00
Photographer Badge,90.0,61.0,success,False,2026-08-21T00:29:10.279905+09:00
Photographer Balance,,,failed,False,2026-08-23T13:45:24.772737+09:00
Photographer Base,10.0,0.0,success,False,2026-08-19T13:36:47.380431+09:00
Photographer Bill,40.0,1.0,success,False,2026-08-19T21:47:24.408619+09:00
Photographer Board,50.0,10.0,success,False,2026-08-19T13:37:32.755916+09:00
Photographer Book,210.0,86.0,success,False,2026-08-19T21:48:31.545228+09:00
Photographer Booth,20.0,57.0,success,False,2026-08-19T13:26:03.914310+09:00
Photographer Brief,90.0,0.0,success,False,2026-08-21T01:03:16.580684+09:00
Photographer Bulletin,,,failed,False,2026-08-21T01:03:12.514083+09:00
Photographer Cabinet,,,failed,False,2026-08-27T23:12:19.702811+09:00
Photographer Calendar,70.0,71.0,success,False,2026-08-19T13:24:25.669672+09:00
Photographer Card,210.0,39.0,success,False,2026-08-19T13:30:54.229704+09:00
Photographer Cash,,,failed,False,2026-08-21T02:28:03.624635+09:00
Photographer Cashback,,,failed,False,2026-08-27T21:14:33.237385+09:00
Photographer Category,10.0,7.0,success,False,2026-08-23T13:09:53.012547+09:00
Photographer Center,,,failed,False,2026-08-19T13:38:55.423036+09:00
Photographer Charge,20.0,11.0,success,False,2026-08-21T02:43:35.121601+09:00
Photographer Check,,,failed,False,2026-08-19T13:31:08.046594+09:00
Photographer Checker,,,failed,False,2026-08-27T23:54:45.435156+09:00
Photographer Circular,,,failed,False,2026-08-21T01:03:20.927802+09:00
Photographer Code,,,failed,False,2026-08-19T21:47:49.967174+09:00
Photographer Companion,70.0,1.0,success,False,2026-08-19T13:22:59.111226+09:00
Photographer Comparison,,,failed,False,2026-08-28T01:05:22.748209+09:00
Photographer Confirmation,,,failed,False,2026-08-21T01:03:36.375895+09:00
Photographer Console,,,failed,False,2026-08-19T13:39:43.638809+09:00
Photographer Contribution,,,failed,False,2026-08-23T16:11:56.492802+09:00
Photographer Cost,210.0,18.0,success,False,2026-08-21T02:11:50.760630+09:00
Photographer Count,,,failed,False,2026-08-27T22:47:06.029080+09:00
Photographer Counter,,,failed,False,2026-08-19T13:25:31.059454+09:00
Photographer Coupon,10.0,0.0,success,False,2026-08-27T21:14:30.241053+09:00
Photographer Deal,10.0,62.0,success,False,2026-08-21T01:56:03.758206+09:00
Photographer Debt,,,failed,False,2026-08-21T02:27:53.442278+09:00
Photographer Desk,90.0,94.0,success,False,2026-08-19T13:32:31.593655+09:00
Photographer Detail,20.0,6.0,success,False,2026-08-23T03:23:37.132752+09:00
Photographer Detector,,,failed,False,2026-08-27T23:54:48.967937+09:00
Photographer Digest,,,failed,False,2026-08-19T20:47:10.772818+09:00
Photographer Directory,50.0,34.0,success,False,2026-08-19T13:24:45.773598+09:00
Photographer Discount,10.0,0.0,success,False,2026-08-23T16:11:49.502531+09:00
Photographer Dossier,,,failed,False,2026-08-21T01:03:40.572054+09:00
Photographer Downpayment,,,failed,False,2026-08-27T21:46:30.971214+09:00
Photographer Draft,,,failed,False,2026-08-19T20:47:25.892128+09:00
Photographer Due,,,failed,False,2026-08-23T15:50:26.316180+09:00
Photographer Duty,10.0,0.0,success,False,2026-08-21T02:43:40.530663+09:00
Photographer Endowment,,,failed,False,2026-08-23T15:50:33.287746+09:00
Photographer Engine,,,failed,False,2026-08-19T13:20:54.330811+09:00
Photographer Entry,,,failed,False,2026-08-21T01:03:56.741736+09:00
Photographer Estimate,590.0,0.0,success,False,2026-08-19T21:32:49.180215+09:00
Photographer Estimator,,,failed,False,2026-08-27T23:54:40.654466+09:00
Photographer Excerpt,,,failed,False,2026-08-21T01:03:51.285961+09:00
Photographer Extension,,,failed,False,2026-08-23T16:37:42.888726+09:00
Photographer Fare,,,failed,False,2026-08-21T02:11:55.079933+09:00
Photographer Fee,590.0,15.0,success,False,2026-08-21T01:55:54.849778+09:00
Photographer Feed,,,failed,False,2026-08-19T20:47:17.630061+09:00
Photographer Field,20.0,0.0,success,False,2026-08-23T13:09:58.883939+09:00
Photographer File,20.0,0.0,success,False,2026-08-19T20:46:49.166137+09:00
Photographer Finder,1000.0,56.0,success,False,2026-08-19T13:25:01.891377+09:00
Photographer Fine,,,failed,False,2026-08-23T02:57:47.800883+09:00
Photographer Flag,,,failed,False,2026-08-21T00:29:58.685573+09:00
Photographer Flow,,,failed,False,2026-08-19T13:32:13.743565+09:00
Photographer Form,70.0,11.0,success,False,2026-08-19T13:30:45.657035+09:00
Photographer Fund,10.0,0.0,success,False,2026-08-21T02:27:57.187073+09:00
Photographer Giveaway,10.0,43.0,success,False,2026-08-27T21:14:38.915931+09:00
Photographer Grade,,,failed,False,2026-08-21T00:29:39.530878+09:00
Photographer Grid,,,failed,False,2026-08-19T13:34:28.843739+09:00
Photographer Guarantee,,,failed,False,2026-08-28T01:05:28.825650+09:00
Photographer Guardian,,,failed,False,2026-08-28T00:24:32.431629+09:00
Photographer Helpdesk,,,failed,False,2026-08-27T22:47:06.029080+09:00
Photographer Helper,20.0,0.0,success,False,2026-08-28T00:24:36.830973+09:00
Photographer History,10.0,0.0,success,False,2026-08-19T20:46:44.181940+09:00
Photographer Hotline,,,failed,False,2026-08-19T21:03:21.176777+09:00
Photographer Hub,20.0,4.0,success,False,2026-08-19T13:32:19.751583+09:00
Photographer Identifier,,,failed,False,2026-08-23T13:09:53.012547+09:00
Photographer Incentive,,,failed,False,2026-08-27T21:14:36.415267+09:00
Photographer Index,10.0,0.0,success,False,2026-08-19T21:32:44.531306+09:00
Photographer Installment,,,failed,False,2026-08-23T16:11:52.886405+09:00
Photographer Item,,,failed,False,2026-08-21T01:55:57.374575+09:00
Photographer Journal,260.0,18.0,success,False,2026-08-19T13:23:50.629735+09:00
Photographer Keeper,,,failed,False,2026-08-19T13:42:19.343176+09:00
Photographer Kiosk,,,failed,False,2026-08-19T13:26:13.744102+09:00
Photographer Kit,210.0,67.0,success,False,2026-08-27T22:47:02.636160+09:00
Photographer Label,10.0,25.0,success,False,2026-08-27T22:08:41.770881+09:00
Photographer Ledger,,,failed,False,2026-08-19T13:37:07.437416+09:00
Photographer Level,20.0,7.0,success,False,2026-08-19T20:46:54.929939+09:00
Photographer Levy,,,failed,False,2026-08-23T13:45:27.370408+09:00
Photographer Link,20.0,21.0,success,False,2026-08-23T03:23:34.197835+09:00
Photographer List,260.0,7.0,success,False,2026-08-19T21:48:04.651670+09:00
Photographer Loan,,,failed,False,2026-08-21T02:12:06.796728+09:00
Photographer Locator,50.0,13.0,success,False,2026-08-19T13:24:56.019665+09:00
Photographer Manager,170.0,3.0,success,False,2026-08-19T13:42:33.755752+09:00
Photographer Manual,,,failed,False,2026-08-27T22:08:46.567667+09:00
Photographer Map,40.0,2.0,success,False,2026-08-19T13:35:47.282228+09:00
Photographer Margin,,,failed,False,2026-08-23T02:57:47.800883+09:00
Photographer Markup,,,failed,False,2026-08-23T16:37:40.797403+09:00
Photographer Memo,,,failed,False,2026-08-21T00:29:45.511428+09:00
Photographer Monitor,590.0,77.0,success,False,2026-08-19T13:22:13.329978+09:00
Photographer Note,,,failed,False,2026-08-19T13:31:41.202916+09:00
Photographer Notification,,,failed,False,2026-08-27T22:46:59.897454+09:00
Photographer Number,50.0,29.0,success,False,2026-08-23T03:23:29.114948+09:00
Photographer Office,140.0,8.0,success,False,2026-08-19T13:25:11.972380+09:00
Photographer Ops,,,failed,False,2026-08-19T13:23:22.980764+09:00
Photographer Order,,,failed,False,2026-08-19T21:47:05.219311+09:00
Photographer Overage,,,failed,False,2026-08-27T21:46:28.400647+09:00
Photographer Overdraft,,,failed,False,2026-08-23T15:50:28.386707+09:00
Photographer Panel,,,failed,False,2026-08-19T13:39:51.910868+09:00
Photographer Pass,70.0,7.0,success,False,2026-08-21T00:28:56.685784+09:00
Photographer Passport,3600.0,25.0,success,False,2026-08-19T13:28:58.111204+09:00
Photographer Payoff,,,failed,False,2026-08-27T21:46:28.400647+09:00
Photographer Penalty,,,failed,False,2026-08-23T16:37:37.262949+09:00
Photographer Petition,,,failed,False,2026-08-21T01:03:30.050919+09:00
Photographer Plan,70.0,100.0,success,False,2026-08-21T01:56:01.200736+09:00
Photographer Planner,70.0,100.0,success,False,2026-08-19T13:21:44.122863+09:00
Photographer Point,,,failed,False,2026-08-19T13:35:34.985408+09:00
Photographer Portal,30.0,25.0,success,False,2026-08-19T13:39:26.336599+09:00
Photographer Preview,,,failed,False,2026-08-28T01:05:26.346049+09:00
Photographer Profile,390.0,6.0,success,False,2026-08-19T13:31:52.943506+09:00
Photographer Profit,,,failed,False,2026-08-23T02:57:40.926366+09:00
Photographer Proposal,6600.0,29.0,success,False,2026-08-28T01:05:28.825650+09:00
Photographer Quota,,,failed,False,2026-08-21T00:29:53.018137+09:00
Photographer Rank,,,failed,False,2026-08-28T00:47:30.269850+09:00
Photographer Rate,590.0,15.0,success,False,2026-08-19T20:47:00.737978+09:00
Photographer Recap,,,failed,False,2026-08-21T01:03:45.407835+09:00
Photographer Receipt,10.0,7.0,success,False,2026-08-19T21:47:38.670449+09:00
Photographer Register,20.0,9.0,success,False,2026-08-19T13:23:14.484254+09:00
Photographer Registry,20.0,9.0,success,False,2026-08-19T13:24:14.979285+09:00
Photographer Reminder,,,failed,False,2026-08-19T21:32:42.554846+09:00
Photographer Report,10.0,0.0,success,False,2026-08-19T13:30:13.142544+09:00
Photographer Repository,,,failed,False,2026-08-27T23:12:25.065400+09:00
Photographer Roll,,,failed,False,2026-08-19T13:30:02.018673+09:00
Photographer Roster,,,failed,False,2026-08-19T13:28:10.656877+09:00
Photographer Route,,,failed,False,2026-08-19T13:40:23.135378+09:00
Photographer Rule,,,failed,False,2026-08-23T03:23:34.197835+09:00
Photographer Sale,30.0,11.0,success,False,2026-08-21T02:28:08.522679+09:00
Photographer Sample,,,failed,False,2026-08-19T21:49:01.029648+09:00
Photographer Scanner,,,failed,False,2026-08-27T23:54:48.967937+09:00
Photographer Scheduler,,,failed,False,2026-08-19T13:21:58.772541+09:00
Photographer Scope,,,failed,False,2026-08-19T13:34:11.345054+09:00
Photographer Score,,,failed,False,2026-08-19T13:31:17.650623+09:00
Photographer Signature,210.0,23.0,success,False,2026-08-23T13:28:22.129962+09:00
Photographer Slip,,,failed,False,2026-08-19T21:48:48.534569+09:00
Photographer Slot,,,failed,False,2026-08-19T21:49:11.434209+09:00
Photographer Stake,,,failed,False,2026-08-23T02:57:45.364347+09:00
Photographer Stamp,70.0,24.0,success,False,2026-08-23T13:28:24.221193+09:00
Photographer Statement,20.0,0.0,success,False,2026-08-21T00:29:24.926650+09:00
Photographer Station,,,failed,False,2026-08-19T13:38:17.915581+09:00
Photographer Status,40.0,0.0,success,False,2026-08-19T20:46:33.393422+09:00
Photographer Stipend,,,failed,False,2026-08-23T13:45:29.589427+09:00
Photographer Stub,,,failed,False,2026-08-21T00:29:15.711468+09:00
Photographer Studio,1600.0,17.0,success,False,2026-08-19T13:37:50.110679+09:00
Photographer Subsidy,,,failed,False,2026-08-23T15:50:30.977463+09:00
Photographer Sum,,,failed,False,2026-08-21T02:27:51.067603+09:00
Photographer Summary,40.0,0.0,success,False,2026-08-19T21:32:38.095873+09:00
Photographer Surtax,,,failed,False,2026-08-23T15:50:35.558538+09:00
Photographer Tab,,,failed,False,2026-08-21T00:30:05.948049+09:00
Photographer Table,50.0,80.0,success,False,2026-08-19T21:48:17.560358+09:00
Photographer Tally,,,failed,False,2026-08-21T00:29:30.583044+09:00
Photographer Tariff,,,failed,False,2026-08-21T02:43:47.739499+09:00
Photographer Tax,20.0,8.0,success,False,2026-08-21T02:11:57.284997+09:00
Photographer Ticket,,,failed,False,2026-08-19T21:32:47.158972+09:00
Photographer Tier,,,failed,False,2026-08-28T00:47:30.269850+09:00
Photographer Timeline,20.0,9.0,success,False,2026-08-19T21:32:39.944567+09:00
Photographer Timer,,,failed,False,2026-08-28T00:24:29.963051+09:00
Photographer Toll,,,failed,False,2026-08-21T02:43:44.053859+09:00
Photographer Toolbox,110.0,5.0,success,False,2026-08-28T00:24:32.431629+09:00
Photographer Total,,,failed,False,2026-08-27T23:12:15.769681+09:00
Photographer Tracker,,,failed,False,2026-08-19T13:32:04.589089+09:00
Photographer Trend,10.0,5.0,success,False,2026-08-28T01:05:20.139067+09:00
Photographer Trial,,,failed,False,2026-08-27T21:14:36.415267+09:00
Photographer Unit,,,failed,False,2026-08-21T01:55:59.445411+09:00
Photographer Update,,,failed,False,2026-08-19T20:47:06.290958+09:00
Photographer Value,,,failed,False,2026-08-23T02:57:43.117346+09:00
Photographer Version,,,failed,False,2026-08-23T03:23:31.641874+09:00
Photographer View,20.0,0.0,success,False,2026-08-19T20:46:39.045000+09:00
Photographer Voucher,10.0,90.0,success,False,2026-08-21T00:29:02.215162+09:00
Photographer Watch,480.0,58.0,success,False,2026-08-19T13:34:03.969558+09:00
Photographer Widget,,,failed,False,2026-08-27T23:12:19.702811+09:00
Photographer Worksheet,,,failed,False,2026-08-27T22:08:49.995304+09:00
Photographer Workshop,90.0,22.0,success,False,2026-08-28T00:24:29.963051+09:00
Photographer Zone,10.0,0.0,success,False,2026-08-19T13:39:03.234764+09:00
Pickup Advisory,,,failed,False,2026-08-21T01:05:05.236354+09:00
Pickup Allowance,30.0,0.0,success,False,2026-08-21T02:44:32.833058+09:00
Pickup Almanac,,,failed,False,2026-08-18T22:08:45.047635+09:00
Pickup Analyzer,20.0,0.0,success,False,2026-08-27T23:55:42.824458+09:00
Pickup Anchor,,,failed,False,2026-08-17T23:27:45.087946+09:00
Pickup Announcement,,,failed,False,2026-08-27T23:34:29.939711+09:00
Pickup Arrears,,,failed,False,2026-08-23T16:12:26.242265+09:00
Pickup Assistant,,,failed,False,2026-08-17T23:23:32.991705+09:00
Pickup Atlas,10.0,0.0,success,False,2026-08-17T23:33:06.954832+09:00
Pickup Badge,,,failed,False,2026-08-21T00:31:03.590955+09:00
Pickup Base,30.0,38.0,success,False,2026-08-17T23:29:38.825411+09:00
Pickup Beacon,,,failed,False,2026-08-17T23:27:14.779355+09:00
Pickup Bill,,,failed,False,2026-08-19T21:50:52.634082+09:00
Pickup Blueprint,70.0,0.0,success,False,2026-08-18T22:08:38.388583+09:00
Pickup Board,140.0,20.0,success,False,2026-08-17T23:04:03.069082+09:00
Pickup Book,1300.0,25.0,success,False,2026-08-19T21:51:45.660208+09:00
Pickup Bridge,4400.0,12.0,success,False,2026-08-17T23:15:10.071233+09:00
Pickup Brief,,,failed,False,2026-08-21T01:04:53.420072+09:00
Pickup Bulletin,,,failed,False,2026-08-21T01:04:44.330584+09:00
Pickup Calendar,40.0,1.0,success,False,2026-08-18T23:59:51.056306+09:00
Pickup Card,1600.0,4.0,success,False,2026-08-19T13:33:44.098374+09:00
Pickup Cascade,,,failed,False,2026-08-17T23:27:29.516151+09:00
Pickup Cash,590.0,3.0,success,False,2026-08-21T02:29:01.889757+09:00
Pickup Cashback,10.0,,success,False,2026-08-27T21:15:13.256077+09:00
Pickup Catalog,,,failed,False,2026-08-19T21:06:41.039569+09:00
Pickup Center,1600.0,5.0,success,False,2026-08-17T23:12:58.115072+09:00
Pickup Chain,,,failed,False,2026-08-17T23:05:27.218902+09:00
Pickup Charge,480.0,1.0,success,False,2026-08-21T02:44:18.914187+09:00
Pickup Check,110.0,6.0,success,False,2026-08-19T13:33:54.731377+09:00
Pickup Checker,,,failed,False,2026-08-27T23:55:30.843972+09:00
Pickup Checklist,,,failed,False,2026-08-19T21:05:44.553245+09:00
Pickup Circular,,,failed,False,2026-08-21T01:04:56.218179+09:00
Pickup Cockpit,,,failed,False,2026-08-17T23:06:54.696813+09:00
Pickup Code,390.0,0.0,success,False,2026-08-19T21:51:13.518825+09:00
Pickup Codex,,,failed,False,2026-08-18T22:09:03.479922+09:00
Pickup Companion,,,failed,False,2026-08-17T23:25:18.715654+09:00
Pickup Comparison,480.0,56.0,success,False,2026-08-28T01:05:58.030505+09:00
Pickup Compass,10.0,7.0,success,False,2026-08-17T23:13:34.703463+09:00
Pickup Compendium,,,failed,False,2026-08-18T22:08:54.791738+09:00
Pickup Confirmation,70.0,0.0,success,False,2026-08-21T01:05:22.302548+09:00
Pickup Console,880.0,93.0,success,False,2026-08-17T23:31:19.808791+09:00
Pickup Core,,,failed,False,2026-08-17T23:09:43.652539+09:00
Pickup Cost,110.0,20.0,success,False,2026-08-21T02:12:49.636286+09:00
Pickup Count,,,failed,False,2026-08-27T22:47:46.388657+09:00
Pickup Counter,480.0,9.0,success,False,2026-08-19T00:00:48.226412+09:00
Pickup Coupon,140.0,2.0,success,False,2026-08-27T21:15:13.256077+09:00
Pickup Dashboard,110.0,5.0,success,False,2026-08-17T23:24:52.278887+09:00
Pickup Deal,720.0,100.0,success,False,2026-08-21T01:57:08.672731+09:00
Pickup Debt,,,failed,False,2026-08-21T02:28:54.304303+09:00
Pickup Deck,210.0,60.0,success,False,2026-08-17T23:30:11.118322+09:00
Pickup Depot,70.0,3.0,success,False,2026-08-19T00:00:28.920086+09:00
Pickup Desk,50.0,93.0,success,False,2026-08-17T23:11:57.762151+09:00
Pickup Detail,260.0,1.0,success,False,2026-08-23T03:24:36.035969+09:00
Pickup Detector,,,failed,False,2026-08-27T23:55:40.198338+09:00
Pickup Dial,,,failed,False,2026-08-17T23:31:35.615532+09:00
Pickup Digest,,,failed,False,2026-08-19T20:48:55.006137+09:00
Pickup Directory,10.0,0.0,success,False,2026-08-19T00:00:01.654497+09:00
Pickup Discount,40.0,6.0,success,False,2026-08-23T16:12:24.179825+09:00
Pickup Dock,,,failed,False,2026-08-17T23:32:14.007104+09:00
Pickup Dossier,,,failed,False,2026-08-21T01:05:25.449789+09:00
Pickup Draft,,,failed,False,2026-08-19T20:49:06.260858+09:00
Pickup Due,,,failed,False,2026-08-23T15:50:51.928952+09:00
Pickup Duty,50.0,1.0,success,False,2026-08-21T02:44:22.791251+09:00
Pickup Engine,1600.0,4.0,success,False,2026-08-17T22:49:19.411310+09:00
Pickup Entry,,,failed,False,2026-08-21T01:05:43.113119+09:00
Pickup Estimate,,,failed,False,2026-08-19T21:06:31.890613+09:00
Pickup Estimator,,,failed,False,2026-08-27T23:55:30.843972+09:00
Pickup Excerpt,,,failed,False,2026-08-21T01:05:32.279989+09:00
Pickup Extension,70.0,58.0,success,False,2026-08-23T16:38:03.608262+09:00
Pickup Fare,50.0,5.0,success,False,2026-08-21T02:12:59.494269+09:00
Pickup Fee,480.0,1.0,success,False,2026-08-21T01:56:55.992066+09:00
Pickup Feed,10.0,0.0,success,False,2026-08-19T20:49:01.783681+09:00
Pickup File,70.0,14.0,success,False,2026-08-19T20:48:32.959283+09:00
Pickup Finder,110.0,8.0,success,False,2026-08-19T00:00:18.530849+09:00
Pickup Fine,,,failed,False,2026-08-23T02:58:24.249422+09:00
Pickup Flag,30.0,47.0,success,False,2026-08-21T00:31:49.661501+09:00
Pickup Flow,,,failed,False,2026-08-17T23:26:16.391059+09:00
Pickup Forge,,,failed,False,2026-08-17T23:08:20.793662+09:00
Pickup Form,170.0,0.0,success,False,2026-08-19T13:33:37.732630+09:00
Pickup Frame,720.0,78.0,success,False,2026-08-17T23:14:51.389027+09:00
Pickup Fund,10.0,0.0,success,False,2026-08-21T02:28:57.894422+09:00
Pickup Gate,30.0,47.0,success,False,2026-08-17T23:32:54.129749+09:00
Pickup Giveaway,10.0,40.0,success,False,2026-08-27T21:15:18.698295+09:00
Pickup Grade,,,failed,False,2026-08-21T00:31:26.827984+09:00
Pickup Graph,,,failed,False,2026-08-27T22:09:25.119437+09:00
Pickup Grid,,,failed,False,2026-08-17T23:11:38.355115+09:00
Pickup Guarantee,,,failed,False,2026-08-28T01:06:05.018602+09:00
Pickup Guard,260.0,52.0,success,False,2026-08-17T23:15:27.187478+09:00
Pickup Guardian,,,failed,False,2026-08-28T00:25:07.962787+09:00
Pickup Guidebook,,,failed,False,2026-08-18T22:08:21.500006+09:00
Pickup Helper,110.0,52.0,success,False,2026-08-28T00:25:10.586444+09:00
Pickup History,30.0,0.0,success,False,2026-08-19T20:48:26.152213+09:00
Pickup Hotline,20.0,2.0,success,False,2026-08-19T21:06:49.674751+09:00
Pickup Hub,2900.0,0.0,success,True,2026-08-17T23:04:40.930662+09:00
Pickup Identifier,,,failed,False,2026-08-23T13:04:45.223955+09:00
Pickup Incentive,,,failed,False,2026-08-27T21:15:16.328313+09:00
Pickup Index,10.0,0.0,success,False,2026-08-19T21:06:00.178861+09:00
Pickup Insight,,,failed,False,2026-08-17T23:12:14.829118+09:00
Pickup Item,1000.0,3.0,success,False,2026-08-21T01:56:56.625625+09:00
Pickup Journal,,,failed,False,2026-08-18T22:08:07.311207+09:00
Pickup Keeper,,,failed,False,2026-08-17T23:33:17.146702+09:00
Pickup Lab,30.0,3.0,success,False,2026-08-17T23:30:26.611269+09:00
Pickup Label,50.0,14.0,success,False,2026-08-27T22:09:25.119437+09:00
Pickup Ledger,,,failed,False,2026-08-17T23:29:55.087176+09:00
Pickup Lens,20.0,11.0,success,False,2026-08-17T23:29:23.485940+09:00
Pickup Link,70.0,0.0,success,False,2026-08-23T03:24:30.095281+09:00
Pickup List,210.0,1.0,success,False,2026-08-19T21:51:23.149370+09:00
Pickup Loan,70.0,29.0,success,False,2026-08-21T02:13:09.073610+09:00
Pickup Locator,8100.0,14.0,success,False,2026-08-19T00:00:12.518097+09:00
Pickup Lock,90.0,11.0,success,False,2026-08-17T23:29:05.712614+09:00
Pickup Log,,,failed,False,2026-08-19T13:33:08.765794+09:00
Pickup Loop,,,failed,False,2026-08-17T23:28:10.025737+09:00
Pickup Manager,,,failed,False,2026-08-17T23:09:00.584407+09:00
Pickup Map,50.0,0.0,success,False,2026-08-17T23:07:59.739195+09:00
Pickup Markup,,,failed,False,2026-08-23T16:37:59.116023+09:00
Pickup Memo,,,failed,False,2026-08-21T00:31:36.211701+09:00
Pickup Message,90.0,1.0,success,False,2026-08-27T23:12:54.177935+09:00
Pickup Meter,20.0,0.0,success,False,2026-08-17T23:09:23.779987+09:00
Pickup Metrics,10.0,,success,False,2026-08-17T23:24:30.748337+09:00
Pickup Monitor,,,failed,False,2026-08-17T23:24:10.330342+09:00
Pickup Navigator,10.0,0.0,success,False,2026-08-17T23:13:53.612284+09:00
Pickup Nexus,,,failed,False,2026-08-17T23:07:18.335398+09:00
Pickup Node,,,failed,False,2026-08-17T23:12:33.022666+09:00
Pickup Note,590.0,0.0,success,False,2026-08-19T13:34:11.345054+09:00
Pickup Notification,70.0,0.0,success,False,2026-08-27T22:47:34.273654+09:00
Pickup Number,720.0,1.0,success,False,2026-08-23T03:24:21.370472+09:00
Pickup Office,210.0,0.0,success,False,2026-08-19T00:00:38.616891+09:00
Pickup Ops,,,failed,False,2026-08-17T23:25:43.129443+09:00
Pickup Order,2900.0,16.0,success,False,2026-08-19T21:50:41.490993+09:00
Pickup Organizer,320.0,100.0,success,False,2026-08-17T23:05:03.232524+09:00
Pickup Overdue,,,failed,False,2026-08-27T21:46:39.546965+09:00
Pickup Panel,70.0,13.0,success,False,2026-08-17T23:14:35.084674+09:00
Pickup Pass,1000.0,1.0,success,False,2026-08-21T00:30:51.297861+09:00
Pickup Path,,,failed,False,2026-08-17T23:28:46.712952+09:00
Pickup Penalty,,,failed,False,2026-08-23T16:37:56.709879+09:00
Pickup Petition,,,failed,False,2026-08-21T01:05:08.043022+09:00
Pickup Pilot,,,failed,False,2026-08-17T23:26:30.057004+09:00
Pickup Plan,90.0,7.0,success,False,2026-08-21T01:57:05.042237+09:00
Pickup Planner,20.0,6.0,success,False,2026-08-17T23:10:38.410164+09:00
Pickup Playbook,,,failed,False,2026-08-18T22:07:58.079048+09:00
Pickup Point,22200.0,3.0,success,False,2026-08-17T23:13:13.553145+09:00
Pickup Portal,880.0,1.0,success,False,2026-08-17T23:07:39.486562+09:00
Pickup Preview,,,failed,False,2026-08-28T01:06:00.663079+09:00
Pickup Profile,,,failed,False,2026-08-19T13:34:28.843739+09:00
Pickup Profit,,,failed,False,2026-08-23T02:58:14.811642+09:00
Pickup Proposal,,,failed,False,2026-08-28T01:06:05.018602+09:00
Pickup Pulse,,,failed,False,2026-08-17T23:28:25.880563+09:00
Pickup Queue,,,failed,False,2026-08-19T21:06:20.590100+09:00
Pickup Quota,,,failed,False,2026-08-21T00:31:41.208752+09:00
Pickup Radar,90.0,8.0,success,False,2026-08-17T23:26:43.020316+09:00
Pickup Rail,90.0,74.0,success,False,2026-08-17T23:10:58.652260+09:00
Pickup Rate,590.0,6.0,success,False,2026-08-19T20:48:43.191337+09:00
Pickup Recap,,,failed,False,2026-08-21T01:05:29.532542+09:00
Pickup Receipt,90.0,23.0,success,False,2026-08-19T21:51:05.479286+09:00
Pickup Recorder,,,failed,False,2026-08-27T23:34:34.248381+09:00
Pickup Register,,,failed,False,2026-08-17T23:08:40.393362+09:00
Pickup Registry,,,failed,False,2026-08-18T22:08:30.649181+09:00
Pickup Relay,2900.0,3.0,success,False,2026-08-17T23:06:35.609380+09:00
Pickup Reminder,140.0,2.0,success,False,2026-08-19T21:05:32.048024+09:00
Pickup Report,110.0,2.0,success,False,2026-08-19T13:33:02.578163+09:00
Pickup Repository,,,failed,False,2026-08-27T23:13:03.121922+09:00
Pickup Roadmap,,,failed,False,2026-08-18T22:09:11.269372+09:00
Pickup Roster,,,failed,False,2026-08-19T00:38:54.065235+09:00
Pickup Route,20.0,0.0,success,False,2026-08-17T23:03:43.392480+09:00
Pickup Rule,,,failed,False,2026-08-23T03:24:33.433692+09:00
Pickup Sale,5400.0,98.0,success,False,2026-08-21T02:29:07.517005+09:00
Pickup Sample,,,failed,False,2026-08-19T21:52:10.666614+09:00
Pickup Scale,,,failed,False,2026-08-17T23:31:50.854430+09:00
Pickup Scanner,210.0,9.0,success,False,2026-08-27T23:55:33.587403+09:00
Pickup Scheduler,,,failed,False,2026-08-17T23:23:48.557902+09:00
Pickup Scope,10.0,0.0,success,False,2026-08-17T23:04:21.710025+09:00
Pickup Score,,,failed,False,2026-08-19T13:34:03.969558+09:00
Pickup Sentry,,,failed,False,2026-08-17T23:14:14.412117+09:00
Pickup Serial,10.0,0.0,success,False,2026-08-23T13:26:32.402839+09:00
Pickup Sheet,110.0,2.0,success,False,2026-08-19T13:33:49.819535+09:00
Pickup Signal,20.0,0.0,success,False,2026-08-17T23:10:02.526148+09:00
Pickup Signature,,,failed,False,2026-08-23T13:26:35.864064+09:00
Pickup Slip,260.0,1.0,success,False,2026-08-19T21:52:01.647797+09:00
Pickup Slot,40.0,9.0,success,False,2026-08-19T21:52:24.100892+09:00
Pickup Snapshot,,,failed,False,2026-08-18T22:08:15.553962+09:00
Pickup Stake,,,failed,False,2026-08-23T02:58:22.138968+09:00
Pickup Stamp,,,failed,False,2026-08-23T13:26:38.136224+09:00
Pickup Statement,,,failed,False,2026-08-21T00:31:14.600161+09:00
Pickup Station,1600.0,3.0,success,False,2026-08-17T23:05:51.247207+09:00
Pickup Status,90.0,1.0,success,False,2026-08-19T20:48:12.973996+09:00
Pickup Streak,,,failed,False,2026-08-28T00:47:45.290833+09:00
Pickup Stub,,,failed,False,2026-08-21T00:31:09.970083+09:00
Pickup Studio,70.0,2.0,success,False,2026-08-17T23:11:19.275980+09:00
Pickup Subsidy,30.0,0.0,success,False,2026-08-23T15:50:54.236884+09:00
Pickup Suite,,,failed,False,2026-08-17T23:33:34.870792+09:00
Pickup Sum,,,failed,False,2026-08-21T02:28:54.304303+09:00
Pickup Summary,,,failed,False,2026-08-19T21:05:07.680797+09:00
Pickup Sync,,,failed,False,2026-08-17T23:10:20.263689+09:00
Pickup Tab,20.0,0.0,success,False,2026-08-21T00:31:54.895534+09:00
Pickup Table,390.0,52.0,success,False,2026-08-19T21:51:34.255432+09:00
Pickup Tag,50.0,5.0,success,False,2026-08-19T13:34:22.181534+09:00
Pickup Tally,,,failed,False,2026-08-21T00:31:19.573899+09:00
Pickup Tariff,,,failed,False,2026-08-21T02:44:37.347457+09:00
Pickup Tax,110.0,1.0,success,False,2026-08-21T02:13:04.369688+09:00
Pickup Ticket,260.0,3.0,success,False,2026-08-19T21:06:08.303688+09:00
Pickup Timeline,,,failed,False,2026-08-19T21:05:22.464454+09:00
Pickup Timer,,,failed,False,2026-08-28T00:25:01.797092+09:00
Pickup Token,,,failed,False,2026-08-23T13:26:35.864064+09:00
Pickup Toll,,,failed,False,2026-08-21T02:44:28.484946+09:00
Pickup Toolbox,60500.0,100.0,success,False,2026-08-28T00:25:10.586444+09:00
Pickup Toolkit,,,failed,False,2026-08-18T22:07:51.533580+09:00
Pickup Total,480.0,15.0,success,False,2026-08-27T23:12:54.177935+09:00
Pickup Tracker,1000.0,27.0,success,False,2026-08-17T23:26:02.617332+09:00
Pickup Trail,110.0,14.0,success,False,2026-08-17T23:32:28.634296+09:00
Pickup Trend,10.0,0.0,success,False,2026-08-28T01:05:55.431564+09:00
Pickup Trial,,,failed,False,2026-08-27T21:15:16.328313+09:00
Pickup Unit,90.0,4.0,success,False,2026-08-21T01:57:02.115497+09:00
Pickup Update,30.0,0.0,success,False,2026-08-19T20:48:48.411735+09:00
Pickup Value,210.0,53.0,success,False,2026-08-23T02:58:18.393651+09:00
Pickup Vault,40.0,97.0,success,False,2026-08-17T23:26:58.468073+09:00
Pickup Version,,,failed,False,2026-08-23T03:24:25.190204+09:00
Pickup View,90.0,0.0,success,False,2026-08-19T20:48:20.425473+09:00
Pickup Voucher,50.0,3.0,success,False,2026-08-21T00:30:55.600635+09:00
Pickup Watch,10.0,10.0,success,False,2026-08-17T23:27:56.034352+09:00
Pickup Wave,,,failed,False,2026-08-17T23:06:12.301553+09:00
Pickup Widget,,,failed,False,2026-08-27T23:12:56.649660+09:00
Pickup Window,390.0,13.0,success,False,2026-08-19T12:25:27.149314+09:00
Pickup Workbench,,,failed,False,2026-08-18T22:07:42.473360+09:00
Pickup Worksheet,,,failed,False,2026-08-27T22:09:28.492809+09:00
Pickup Workshop,70.0,2.0,success,False,2026-08-28T00:25:05.172390+09:00
Pickup Zone,1300.0,3.0,success,False,2026-08-17T23:30:54.077179+09:00
Pinning Advance,,,failed,False,2026-08-23T16:11:21.537507+09:00
Pinning Advisory,,,failed,False,2026-08-21T01:08:29.808950+09:00
Pinning Alert,,,failed,False,2026-08-19T21:19:01.988330+09:00
Pinning Allowance,,,failed,False,2026-08-21T02:38:41.018051+09:00
Pinning Analyzer,,,failed,False,2026-08-27T23:56:56.552521+09:00
Pinning Arrears,,,failed,False,2026-08-23T16:11:16.199786+09:00
Pinning Assistant,,,failed,False,2026-08-19T21:13:40.486879+09:00
Pinning Atlas,,,failed,False,2026-08-19T21:12:53.220290+09:00
Pinning Attribute,,,failed,False,2026-08-23T13:07:48.964667+09:00
Pinning Badge,,,failed,False,2026-08-21T00:33:34.783519+09:00
Pinning Base,,,failed,False,2026-08-19T21:08:42.108199+09:00
Pinning Bay,,,failed,False,2026-08-19T21:17:27.324738+09:00
Pinning Bill,,,failed,False,2026-08-19T21:49:26.172736+09:00
Pinning Bin,,,failed,False,2026-08-19T21:19:25.343582+09:00
Pinning Board,49500.0,100.0,success,False,2026-08-19T21:09:18.934477+09:00
Pinning Book,,,failed,False,2026-08-19T21:50:23.410812+09:00
Pinning Booth,,,failed,False,2026-08-19T21:16:50.838174+09:00
Pinning Bridge,,,failed,False,2026-08-19T21:06:46.189471+09:00
Pinning Brief,,,failed,False,2026-08-21T01:08:20.285219+09:00
Pinning Bulletin,,,failed,False,2026-08-21T01:08:18.401082+09:00
Pinning Calculator,390.0,3.0,success,False,2026-08-27T23:34:57.472203+09:00
Pinning Calendar,,,failed,False,2026-08-19T21:15:33.096576+09:00
Pinning Card,,,failed,False,2026-08-19T21:29:42.361641+09:00
Pinning Cash,,,failed,False,2026-08-21T02:21:19.910090+09:00
Pinning Catalog,,,failed,False,2026-08-19T21:04:11.577084+09:00
Pinning Category,,,failed,False,2026-08-23T13:07:46.002648+09:00
Pinning Charge,,,failed,False,2026-08-21T02:38:33.089549+09:00
Pinning Chart,390.0,0.0,success,False,2026-08-19T21:19:11.883317+09:00
Pinning Check,,,failed,False,2026-08-19T21:29:57.691182+09:00
Pinning Checker,,,failed,False,2026-08-27T23:56:47.564941+09:00
Pinning Circular,,,failed,False,2026-08-21T01:08:25.718288+09:00
Pinning Code,,,failed,False,2026-08-19T21:49:47.542279+09:00
Pinning Companion,,,failed,False,2026-08-19T21:14:23.234492+09:00
Pinning Confirmation,,,failed,False,2026-08-21T01:08:38.226777+09:00
Pinning Console,,,failed,False,2026-08-19T21:11:04.489546+09:00
Pinning Contribution,,,failed,False,2026-08-23T16:11:16.199786+09:00
Pinning Core,,,failed,False,2026-08-19T21:08:52.385641+09:00
Pinning Cost,,,failed,False,2026-08-21T02:14:16.325639+09:00
Pinning Count,,,failed,False,2026-08-27T22:47:50.980247+09:00
Pinning Counter,,,failed,False,2026-08-19T21:16:27.560091+09:00
Pinning Deal,,,failed,False,2026-08-21T01:57:54.921820+09:00
Pinning Debt,,,failed,False,2026-08-21T02:21:11.057858+09:00
Pinning Deck,,,failed,False,2026-08-19T21:09:29.663933+09:00
Pinning Desk,,,failed,False,2026-08-19T21:05:15.949286+09:00
Pinning Detail,,,failed,False,2026-08-23T03:19:24.648506+09:00
Pinning Diagram,,,failed,False,2026-08-27T22:08:54.322972+09:00
Pinning Directory,,,failed,False,2026-08-19T21:15:44.600624+09:00
Pinning Discount,,,failed,False,2026-08-23T16:11:11.053977+09:00
Pinning Dossier,,,failed,False,2026-08-21T01:08:42.694211+09:00
Pinning Draft,,,failed,False,2026-08-19T21:31:33.933839+09:00
Pinning Due,,,failed,False,2026-08-23T15:53:03.221395+09:00
Pinning Duty,,,failed,False,2026-08-21T02:38:35.767249+09:00
Pinning Engine,,,failed,False,2026-08-19T21:13:29.995507+09:00
Pinning Entry,,,failed,False,2026-08-21T01:08:59.079967+09:00
Pinning Estimate,,,failed,False,2026-08-19T21:03:59.838072+09:00
Pinning Excerpt,,,failed,False,2026-08-21T01:08:54.756215+09:00
Pinning Fare,,,failed,False,2026-08-21T02:14:24.666160+09:00
Pinning Fee,,,failed,False,2026-08-21T01:57:40.883576+09:00
Pinning Feed,,,failed,False,2026-08-19T21:31:25.099741+09:00
Pinning File,590.0,29.0,success,False,2026-08-19T21:30:56.024739+09:00
Pinning Flag,1900.0,99.0,success,False,2026-08-21T00:34:14.211470+09:00
Pinning Flow,,,failed,False,2026-08-19T21:04:51.175636+09:00
Pinning Form,,,failed,False,2026-08-19T21:29:36.124531+09:00
Pinning Format,,,failed,False,2026-08-23T13:07:51.086484+09:00
Pinning Frame,,,failed,False,2026-08-19T21:08:29.245582+09:00
Pinning Fund,,,failed,False,2026-08-21T02:21:16.859864+09:00
Pinning Gate,,,failed,False,2026-08-19T21:12:33.528106+09:00
Pinning Generator,,,failed,False,2026-08-27T23:34:59.997959+09:00
Pinning Grade,,,failed,False,2026-08-21T00:33:58.463562+09:00
Pinning Grid,,,failed,False,2026-08-19T21:07:38.685875+09:00
Pinning Guarantee,,,failed,False,2026-08-28T01:08:07.317285+09:00
Pinning Helper,,,failed,False,2026-08-28T00:26:17.382290+09:00
Pinning History,,,failed,False,2026-08-19T21:30:47.462824+09:00
Pinning Hotline,,,failed,False,2026-08-19T21:04:24.508436+09:00
Pinning Hub,,,failed,False,2026-08-19T21:05:03.787854+09:00
Pinning Identifier,,,failed,False,2026-08-23T13:07:46.002648+09:00
Pinning Inbox,,,failed,False,2026-08-19T21:18:48.274039+09:00
Pinning Index,,,failed,False,2026-08-19T21:32:08.265719+09:00
Pinning Installment,,,failed,False,2026-08-23T16:11:13.672713+09:00
Pinning Item,,,failed,False,2026-08-21T01:57:45.438381+09:00
Pinning Journal,,,failed,False,2026-08-19T21:15:11.193054+09:00
Pinning Keeper,,,failed,False,2026-08-19T21:13:04.964598+09:00
Pinning Kiosk,,,failed,False,2026-08-19T21:17:05.944580+09:00
Pinning Kit,2400.0,49.0,success,False,2026-08-27T22:47:46.388657+09:00
Pinning Lab,,,failed,False,2026-08-19T21:09:55.427058+09:00
Pinning Ledger,,,failed,False,2026-08-19T21:09:04.357233+09:00
Pinning Level,,,failed,False,2026-08-19T21:31:05.316836+09:00
Pinning Line,,,failed,False,2026-08-19T21:20:12.462826+09:00
Pinning Link,,,failed,False,2026-08-23T03:19:21.354912+09:00
Pinning List,,,failed,False,2026-08-19T21:50:00.809390+09:00
Pinning Loan,,,failed,False,2026-08-21T02:14:27.987170+09:00
Pinning Lobby,,,failed,False,2026-08-19T21:19:49.170898+09:00
Pinning Locator,,,failed,False,2026-08-19T21:15:54.238919+09:00
Pinning Locker,,,failed,False,2026-08-19T21:16:39.026055+09:00
Pinning Log,,,failed,False,2026-08-19T21:29:28.610068+09:00
Pinning Loop,,,failed,False,2026-08-19T21:07:29.278050+09:00
Pinning Manager,,,failed,False,2026-08-19T21:13:19.288024+09:00
Pinning Manual,,,failed,False,2026-08-27T22:08:46.567667+09:00
Pinning Map,12100.0,53.0,success,False,2026-08-19T21:08:19.397533+09:00
Pinning Monitor,,,failed,False,2026-08-19T21:14:12.923572+09:00
Pinning Nexus,,,failed,False,2026-08-19T21:12:43.604286+09:00
Pinning Note,,,failed,False,2026-08-19T21:30:12.319072+09:00
Pinning Number,,,failed,False,2026-08-23T03:19:15.336839+09:00
Pinning Office,,,failed,False,2026-08-19T21:16:14.581068+09:00
Pinning Ops,,,failed,False,2026-08-19T21:14:44.485943+09:00
Pinning Order,,,failed,False,2026-08-19T21:49:14.059786+09:00
Pinning Panel,,,failed,False,2026-08-19T21:11:14.866023+09:00
Pinning Passport,,,failed,False,2026-08-19T21:19:37.758100+09:00
Pinning Path,,,failed,False,2026-08-19T21:07:58.848698+09:00
Pinning Petition,,,failed,False,2026-08-21T01:08:34.212023+09:00
Pinning Plan,,,failed,False,2026-08-21T01:57:52.664433+09:00
Pinning Planner,,,failed,False,2026-08-19T21:13:52.940752+09:00
Pinning Playbook,,,failed,False,2026-08-19T21:14:58.322778+09:00
Pinning Point,22200.0,1.0,success,False,2026-08-19T21:08:09.987838+09:00
Pinning Portal,,,failed,False,2026-08-19T21:10:51.939321+09:00
Pinning Profile,,,failed,False,2026-08-19T21:30:26.736781+09:00
Pinning Profit,,,failed,False,2026-08-23T02:54:26.725947+09:00
Pinning Proposal,,,failed,False,2026-08-28T01:08:07.317285+09:00
Pinning Queue,,,failed,False,2026-08-19T21:03:47.017770+09:00
Pinning Quota,,,failed,False,2026-08-21T00:34:09.449100+09:00
Pinning Radar,,,failed,False,2026-08-19T21:05:28.660617+09:00
Pinning Rate,,,failed,False,2026-08-19T21:31:11.020553+09:00
Pinning Recap,,,failed,False,2026-08-21T01:08:47.143646+09:00
Pinning Receipt,,,failed,False,2026-08-19T21:49:37.354385+09:00
Pinning Recorder,,,failed,False,2026-08-27T23:34:59.997959+09:00
Pinning Register,,,failed,False,2026-08-19T21:14:34.800336+09:00
Pinning Relay,,,failed,False,2026-08-19T21:05:39.916573+09:00
Pinning Reminder,,,failed,False,2026-08-19T21:32:01.105099+09:00
Pinning Report,,,failed,False,2026-08-19T21:29:21.643935+09:00
Pinning Result,,,failed,False,2026-08-28T00:48:15.950901+09:00
Pinning Roll,2900.0,7.0,success,False,2026-08-19T21:29:12.327035+09:00
Pinning Roster,,,failed,False,2026-08-19T21:18:34.619237+09:00
Pinning Rule,,,failed,False,2026-08-23T03:19:24.648506+09:00
Pinning Sale,,,failed,False,2026-08-21T02:21:23.135425+09:00
Pinning Sample,,,failed,False,2026-08-19T21:50:46.269760+09:00
Pinning Scanner,,,failed,False,2026-08-27T23:56:50.543102+09:00
Pinning Scheduler,,,failed,False,2026-08-19T21:14:03.656959+09:00
Pinning Schematic,,,failed,False,2026-08-27T22:28:46.749186+09:00
Pinning Scope,,,failed,False,2026-08-19T21:07:19.840236+09:00
Pinning Score,,,failed,False,2026-08-19T21:30:05.370784+09:00
Pinning Sheet,,,failed,False,2026-08-19T21:29:49.422411+09:00
Pinning Shelf,10.0,,success,False,2026-08-19T21:18:24.331096+09:00
Pinning Signal,,,failed,False,2026-08-19T21:06:57.837919+09:00
Pinning Slip,,,failed,False,2026-08-19T21:50:35.139639+09:00
Pinning Slot,,,failed,False,2026-08-19T21:50:57.841127+09:00
Pinning Stage,20.0,0.0,success,False,2026-08-28T00:48:15.950901+09:00
Pinning Stake,,,failed,False,2026-08-23T02:54:28.936816+09:00
Pinning Statement,,,failed,False,2026-08-21T00:33:46.093002+09:00
Pinning Status,,,failed,False,2026-08-19T21:30:33.343002+09:00
Pinning Stub,,,failed,False,2026-08-21T00:33:39.786796+09:00
Pinning Studio,,,failed,False,2026-08-19T21:09:42.547953+09:00
Pinning Sum,,,failed,False,2026-08-21T02:21:06.391588+09:00
Pinning Summary,,,failed,False,2026-08-19T21:31:43.962049+09:00
Pinning Tab,,,failed,False,2026-08-21T00:34:18.922168+09:00
Pinning Table,1300.0,16.0,success,False,2026-08-19T21:50:13.072831+09:00
Pinning Tag,,,failed,False,2026-08-19T21:30:18.297847+09:00
Pinning Tally,,,failed,False,2026-08-21T00:33:53.387508+09:00
Pinning Tariff,,,failed,False,2026-08-21T02:38:43.386978+09:00
Pinning Tax,,,failed,False,2026-08-21T02:14:24.666160+09:00
Pinning Ticker,,,failed,False,2026-08-19T21:20:00.703413+09:00
Pinning Ticket,,,failed,False,2026-08-19T21:03:32.051785+09:00
Pinning Timeline,,,failed,False,2026-08-19T21:31:52.488938+09:00
Pinning Toll,,,failed,False,2026-08-21T02:38:37.938007+09:00
Pinning Toolbox,,,failed,False,2026-08-28T00:26:14.926541+09:00
Pinning Tracker,,,failed,False,2026-08-19T21:04:38.364310+09:00
Pinning Trial,,,failed,False,2026-08-27T21:14:30.241053+09:00
Pinning Unit,,,failed,False,2026-08-21T02:05:54.756908+09:00
Pinning Update,,,failed,False,2026-08-19T21:31:19.157381+09:00
Pinning Vault,,,failed,False,2026-08-19T21:05:54.912887+09:00
Pinning Version,,,failed,False,2026-08-23T03:19:19.103854+09:00
Pinning View,,,failed,False,2026-08-19T21:30:40.784781+09:00
Pinning Watch,,,failed,False,2026-08-19T21:07:08.840903+09:00
Pinning Wave,,,failed,False,2026-08-19T21:07:49.558493+09:00
Pinning Window,,,failed,False,2026-08-19T21:29:07.329786+09:00
Pinning Worksheet,,,failed,False,2026-08-27T22:08:49.995304+09:00
Pinning Workshop,,,failed,False,2026-08-28T00:26:12.300765+09:00
Pinning Yard,,,failed,False,2026-08-19T21:17:17.082757+09:00
Pinning Zone,,,failed,False,2026-08-19T21:10:39.923410+09:00
Pipeline Advance,,,failed,False,2026-08-23T16:14:44.482791+09:00
Pipeline Advisory,,,failed,False,2026-08-21T01:03:15.171952+09:00
Pipeline Allowance,,,failed,False,2026-08-21T02:38:54.796216+09:00
Pipeline Almanac,,,failed,False,2026-08-18T22:04:03.001846+09:00
Pipeline Analyzer,,,failed,False,2026-08-27T23:57:10.397260+09:00
Pipeline Anchor,1000.0,47.0,success,False,2026-08-17T20:35:35.063549+09:00
Pipeline Asset,210.0,0.0,success,False,2026-08-23T13:47:07.330354+09:00
Pipeline Assistant,10.0,0.0,success,False,2026-08-17T23:12:55.157000+09:00
Pipeline Atlas,,,failed,False,2026-08-17T20:41:55.751231+09:00
Pipeline Badge,,,failed,False,2026-08-21T00:30:17.662990+09:00
Pipeline Balance,,,failed,False,2026-08-23T13:47:05.237339+09:00
Pipeline Base,,,failed,False,2026-08-17T20:39:04.557611+09:00
Pipeline Beacon,,,failed,False,2026-08-17T20:39:17.196343+09:00
Pipeline Bill,30.0,1.0,success,False,2026-08-19T21:53:47.413598+09:00
Pipeline Blueprint,70.0,0.0,success,False,2026-08-18T22:03:51.381490+09:00
Pipeline Board,390.0,2.0,success,False,2026-08-17T20:36:12.301778+09:00
Pipeline Book,260.0,51.0,success,False,2026-08-19T21:54:39.483113+09:00
Pipeline Bridge,2900.0,1.0,success,False,2026-08-17T20:36:28.708934+09:00
Pipeline Brief,,,failed,False,2026-08-21T01:03:04.478545+09:00
Pipeline Bulletin,,,failed,False,2026-08-21T01:02:15.382494+09:00
Pipeline Calendar,20.0,0.0,success,False,2026-08-18T23:58:11.366687+09:00
Pipeline Card,40.0,11.0,success,False,2026-08-19T13:25:58.679936+09:00
Pipeline Cascade,,,failed,False,2026-08-17T20:37:28.424048+09:00
Pipeline Cash,,,failed,False,2026-08-21T02:22:54.942838+09:00
Pipeline Catalog,,,failed,False,2026-08-19T21:11:17.911454+09:00
Pipeline Category,10.0,10.0,success,False,2026-08-23T13:06:54.038616+09:00
Pipeline Center,70.0,12.0,success,False,2026-08-18T07:52:19.092235+09:00
Pipeline Chain,720.0,38.0,success,False,2026-08-18T07:52:23.466246+09:00
Pipeline Charge,,,failed,False,2026-08-21T02:38:45.456500+09:00
Pipeline Check,70.0,15.0,success,False,2026-08-19T13:26:18.300818+09:00
Pipeline Checker,70.0,15.0,success,False,2026-08-27T23:56:59.391700+09:00
Pipeline Checklist,10.0,2.0,success,False,2026-08-19T21:10:23.160245+09:00
Pipeline Circular,,,failed,False,2026-08-21T01:03:10.607434+09:00
Pipeline Cockpit,,,failed,False,2026-08-17T23:23:41.484558+09:00
Pipeline Code,2400.0,3.0,success,False,2026-08-19T21:54:10.446339+09:00
Pipeline Codex,,,failed,False,2026-08-18T22:04:25.779407+09:00
Pipeline Companion,,,failed,False,2026-08-17T23:10:58.652260+09:00
Pipeline Comparison,,,failed,False,2026-08-28T01:07:08.336538+09:00
Pipeline Compass,,,failed,False,2026-08-17T20:40:13.744558+09:00
Pipeline Compendium,,,failed,False,2026-08-18T22:04:15.026557+09:00
Pipeline Confirmation,,,failed,False,2026-08-21T00:58:22.319025+09:00
Pipeline Console,,,failed,False,2026-08-17T20:38:48.292759+09:00
Pipeline Converter,10.0,0.0,success,False,2026-08-27T23:35:24.571352+09:00
Pipeline Core,,,failed,False,2026-08-17T20:38:07.696860+09:00
Pipeline Cost,90.0,2.0,success,False,2026-08-21T02:07:20.173569+09:00
Pipeline Count,10.0,0.0,success,False,2026-08-27T22:49:15.165017+09:00
Pipeline Counter,170.0,3.0,success,False,2026-08-18T23:59:06.121375+09:00
Pipeline Dashboard,320.0,20.0,success,False,2026-08-17T23:03:41.404316+09:00
Pipeline Deal,720.0,25.0,success,False,2026-08-21T01:51:06.981175+09:00
Pipeline Debt,10.0,0.0,success,False,2026-08-21T02:22:48.105050+09:00
Pipeline Deck,,,failed,False,2026-08-17T20:35:15.216607+09:00
Pipeline Depot,30.0,55.0,success,False,2026-08-18T23:58:49.693970+09:00
Pipeline Desk,,,failed,False,2026-08-17T20:32:49.512310+09:00
Pipeline Detail,,,failed,False,2026-08-23T03:18:21.895981+09:00
Pipeline Detector,140.0,83.0,success,False,2026-08-27T23:57:04.136942+09:00
Pipeline Diagram,2400.0,2.0,success,False,2026-08-27T22:12:29.300608+09:00
Pipeline Dial,,,failed,False,2026-08-17T20:37:00.325562+09:00
Pipeline Digest,10.0,0.0,success,False,2026-08-19T20:41:40.323358+09:00
Pipeline Directory,10.0,5.0,success,False,2026-08-18T23:58:23.364762+09:00
Pipeline Dock,,,failed,False,2026-08-17T20:33:15.121215+09:00
Pipeline Dossier,,,failed,False,2026-08-21T00:58:27.692575+09:00
Pipeline Downpayment,,,failed,False,2026-08-27T21:48:16.120561+09:00
Pipeline Draft,,,failed,False,2026-08-19T20:41:54.948325+09:00
Pipeline Due,,,failed,False,2026-08-23T15:51:51.217465+09:00
Pipeline Duty,,,failed,False,2026-08-21T02:38:47.806400+09:00
Pipeline Engine,590.0,18.0,success,False,2026-08-17T23:30:39.559752+09:00
Pipeline Entry,,,failed,False,2026-08-21T00:58:40.847726+09:00
Pipeline Estimate,30.0,8.0,success,False,2026-08-19T21:11:07.162763+09:00
Pipeline Estimator,10.0,2.0,success,False,2026-08-27T23:56:56.552521+09:00
Pipeline Excerpt,,,failed,False,2026-08-21T00:58:36.711570+09:00
Pipeline Extension,30.0,0.0,success,False,2026-08-23T16:39:10.446274+09:00
Pipeline Fare,,,failed,False,2026-08-21T02:07:29.886940+09:00
Pipeline Fee,,,failed,False,2026-08-21T01:50:37.837516+09:00
Pipeline Feed,20.0,0.0,success,False,2026-08-19T20:41:48.388385+09:00
Pipeline File,1300.0,15.0,success,False,2026-08-19T20:41:10.828189+09:00
Pipeline Finder,1300.0,100.0,success,False,2026-08-18T23:58:41.085151+09:00
Pipeline Fine,,,failed,False,2026-08-23T02:54:19.843201+09:00
Pipeline Flag,140.0,23.0,success,False,2026-08-21T00:31:01.051294+09:00
Pipeline Flow,320.0,1.0,success,False,2026-08-17T20:35:45.912195+09:00
Pipeline Forge,10.0,2.0,success,False,2026-08-17T20:38:23.394205+09:00
Pipeline Form,70.0,5.0,success,False,2026-08-19T13:25:50.130591+09:00
Pipeline Frame,,,failed,False,2026-08-17T20:39:54.147287+09:00
Pipeline Fund,320.0,1.0,success,False,2026-08-21T02:22:51.042353+09:00
Pipeline Gate,20.0,0.0,success,False,2026-08-17T20:43:36.337910+09:00
Pipeline Generator,90.0,25.0,success,False,2026-08-27T23:35:24.571352+09:00
Pipeline Grade,,,failed,False,2026-08-21T00:30:44.450501+09:00
Pipeline Graph,260.0,1.0,success,False,2026-08-27T22:12:15.272381+09:00
Pipeline Grid,20.0,0.0,success,False,2026-08-18T07:43:35.299259+09:00
Pipeline Guarantee,,,failed,False,2026-08-28T01:07:16.006245+09:00
Pipeline Guard,10.0,0.0,success,False,2026-08-17T20:38:32.473394+09:00
Pipeline Guidebook,,,failed,False,2026-08-18T22:03:18.976552+09:00
Pipeline Helper,170.0,22.0,success,False,2026-08-28T00:26:12.300765+09:00
Pipeline History,30.0,0.0,success,False,2026-08-19T20:41:00.818648+09:00
Pipeline Hotline,,,failed,False,2026-08-19T21:11:27.369189+09:00
Pipeline Hub,260.0,23.0,success,False,2026-08-17T20:34:44.892914+09:00
Pipeline Identifier,,,failed,False,2026-08-23T13:06:51.579478+09:00
Pipeline Index,10.0,0.0,success,False,2026-08-19T21:10:31.479524+09:00
Pipeline Insight,10.0,0.0,success,False,2026-08-17T23:23:24.651550+09:00
Pipeline Item,,,failed,False,2026-08-21T01:50:51.985309+09:00
Pipeline Journal,110.0,1.0,success,False,2026-08-18T22:02:59.013018+09:00
Pipeline Keeper,,,failed,False,2026-08-17T20:40:20.065990+09:00
Pipeline Lab,110.0,3.0,success,False,2026-08-17T20:33:23.313632+09:00
Pipeline Label,20.0,0.0,success,False,2026-08-27T22:12:17.686005+09:00
Pipeline Ledger,,,failed,False,2026-08-17T20:37:11.919122+09:00
Pipeline Lens,,,failed,False,2026-08-17T20:40:44.017242+09:00
Pipeline Level,1600.0,99.0,success,False,2026-08-19T20:41:16.586784+09:00
Pipeline Link,40.0,3.0,success,False,2026-08-23T03:18:14.803596+09:00
Pipeline List,480.0,0.0,success,False,2026-08-19T21:54:19.584048+09:00
Pipeline Loan,70.0,15.0,success,False,2026-08-21T02:07:37.270032+09:00
Pipeline Locator,390.0,100.0,success,False,2026-08-18T23:58:32.218218+09:00
Pipeline Lock,20.0,18.0,success,False,2026-08-17T20:42:15.711128+09:00
Pipeline Log,30.0,5.0,success,False,2026-08-19T13:25:22.323430+09:00
Pipeline Loop,40.0,1.0,success,False,2026-08-18T07:43:33.708043+09:00
Pipeline Manager,320.0,10.0,success,False,2026-08-17T20:39:25.387216+09:00
Pipeline Manual,30.0,0.0,success,False,2026-08-27T22:12:17.686005+09:00
Pipeline Map,1300.0,1.0,success,False,2026-08-17T20:41:27.066117+09:00
Pipeline Margin,,,failed,False,2026-08-23T02:54:17.672874+09:00
Pipeline Marker,590.0,93.0,success,False,2026-08-23T13:27:40.734961+09:00
Pipeline Memo,,,failed,False,2026-08-21T00:30:49.324092+09:00
Pipeline Message,,,failed,False,2026-08-27T23:14:37.141829+09:00
Pipeline Meter,40.0,5.0,success,False,2026-08-17T20:36:02.767132+09:00
Pipeline Metrics,140.0,12.0,success,False,2026-08-17T23:09:22.045461+09:00
Pipeline Monitor,20.0,3.0,success,False,2026-08-17T22:46:53.613180+09:00
Pipeline Navigator,30.0,5.0,success,False,2026-08-17T23:24:01.156266+09:00
Pipeline Nexus,,,failed,False,2026-08-17T20:42:43.172174+09:00
Pipeline Node,110.0,1.0,success,False,2026-08-17T20:44:24.451216+09:00
Pipeline Note,,,failed,False,2026-08-19T13:27:04.208602+09:00
Pipeline Notification,,,failed,False,2026-08-27T22:49:12.101032+09:00
Pipeline Number,260.0,1.0,success,False,2026-08-23T03:18:07.042470+09:00
Pipeline Office,110.0,6.0,success,False,2026-08-18T23:58:57.268328+09:00
Pipeline Ops,170.0,2.0,success,False,2026-08-17T23:05:24.872109+09:00
Pipeline Order,110.0,17.0,success,False,2026-08-19T21:53:34.201182+09:00
Pipeline Organizer,,,failed,False,2026-08-17T23:31:19.808791+09:00
Pipeline Overage,,,failed,False,2026-08-27T21:48:13.959890+09:00
Pipeline Overdraft,,,failed,False,2026-08-23T15:51:53.307481+09:00
Pipeline Overdue,,,failed,False,2026-08-27T21:48:09.369962+09:00
Pipeline Panel,,,failed,False,2026-08-17T20:37:59.877456+09:00
Pipeline Pass,,,failed,False,2026-08-21T00:30:03.627747+09:00
Pipeline Path,30.0,0.0,success,False,2026-08-17T20:44:06.631034+09:00
Pipeline Payoff,,,failed,False,2026-08-27T21:48:11.561191+09:00
Pipeline Petition,10.0,0.0,success,False,2026-08-21T01:03:20.927802+09:00
Pipeline Pilot,720.0,2.0,success,False,2026-08-17T20:33:54.236742+09:00
Pipeline Plan,170.0,8.0,success,False,2026-08-21T01:51:00.424955+09:00
Pipeline Planner,170.0,8.0,success,False,2026-08-17T23:30:54.077179+09:00
Pipeline Playbook,,,failed,False,2026-08-18T22:02:48.638128+09:00
Pipeline Point,720.0,2.0,success,False,2026-08-17T20:43:09.097865+09:00
Pipeline Portal,50.0,5.0,success,False,2026-08-17T20:39:46.897200+09:00
Pipeline Preview,,,failed,False,2026-08-28T01:07:11.009484+09:00
Pipeline Profile,90.0,0.0,success,False,2026-08-19T13:27:27.071698+09:00
Pipeline Profit,30.0,8.0,success,False,2026-08-23T02:54:11.154631+09:00
Pipeline Proposal,30.0,2.0,success,False,2026-08-28T01:07:13.467074+09:00
Pipeline Pulse,30.0,1.0,success,False,2026-08-17T20:45:52.903104+09:00
Pipeline Queue,10.0,3.0,success,False,2026-08-19T21:10:55.875332+09:00
Pipeline Quota,,,failed,False,2026-08-21T00:30:55.600635+09:00
Pipeline Radar,,,failed,False,2026-08-17T20:31:38.107939+09:00
Pipeline Rail,,,failed,False,2026-08-17T20:32:02.325008+09:00
Pipeline Rate,880.0,47.0,success,False,2026-08-19T20:41:25.975881+09:00
Pipeline Recap,10.0,0.0,success,False,2026-08-21T00:59:26.114490+09:00
Pipeline Register,210.0,0.0,success,False,2026-08-17T23:24:19.906640+09:00
Pipeline Registry,,,failed,False,2026-08-18T22:03:32.090956+09:00
Pipeline Relay,40.0,6.0,success,False,2026-08-18T07:43:57.402622+09:00
Pipeline Reminder,,,failed,False,2026-08-19T21:10:11.430001+09:00
Pipeline Report,480.0,14.0,success,False,2026-08-19T13:25:08.614186+09:00
Pipeline Roadmap,20.0,3.0,success,False,2026-08-18T22:04:36.606049+09:00
Pipeline Roster,,,failed,False,2026-08-19T00:36:48.669353+09:00
Pipeline Route,480.0,2.0,success,False,2026-08-17T20:34:11.615000+09:00
Pipeline Rule,,,failed,False,2026-08-23T03:18:18.334398+09:00
Pipeline Sale,9900.0,16.0,success,False,2026-08-21T02:23:00.928674+09:00
Pipeline Scale,1300.0,6.0,success,False,2026-08-17T20:35:04.556306+09:00
Pipeline Scanner,480.0,84.0,success,False,2026-08-27T23:57:04.136942+09:00
Pipeline Scheduler,140.0,4.0,success,False,2026-08-17T23:07:36.976637+09:00
Pipeline Schematic,110.0,1.0,success,False,2026-08-27T22:28:56.801982+09:00
Pipeline Scope,10.0,0.0,success,False,2026-08-17T20:32:39.820797+09:00
Pipeline Score,170.0,4.0,success,False,2026-08-19T13:26:44.223162+09:00
Pipeline Sentry,30.0,1.0,success,False,2026-08-17T20:41:06.345123+09:00
Pipeline Serial,,,failed,False,2026-08-23T13:27:36.728702+09:00
Pipeline Sheet,50.0,15.0,success,False,2026-08-19T13:26:10.178451+09:00
Pipeline Shortfall,,,failed,False,2026-08-27T21:48:18.349819+09:00
Pipeline Signal,10.0,0.0,success,False,2026-08-17T20:34:36.732015+09:00
Pipeline Signature,,,failed,False,2026-08-23T13:27:40.734961+09:00
Pipeline Slot,,,failed,False,2026-08-19T21:55:12.102159+09:00
Pipeline Snapshot,20.0,0.0,success,False,2026-08-18T22:03:07.731550+09:00
Pipeline Stage,1000.0,3.0,success,False,2026-08-28T00:48:05.704808+09:00
Pipeline Stake,,,failed,False,2026-08-23T02:54:15.524012+09:00
Pipeline Stamp,,,failed,False,2026-08-23T13:27:43.093757+09:00
Pipeline Statement,,,failed,False,2026-08-21T00:30:32.235715+09:00
Pipeline Station,170.0,2.0,success,False,2026-08-17T20:32:12.868338+09:00
Pipeline Status,170.0,0.0,success,False,2026-08-19T20:40:37.869711+09:00
Pipeline Stub,,,failed,False,2026-08-21T00:30:25.028648+09:00
Pipeline Studio,320.0,3.0,success,False,2026-08-17T20:34:19.305897+09:00
Pipeline Subsidy,70.0,0.0,success,False,2026-08-23T15:51:55.644106+09:00
Pipeline Suite,480.0,24.0,success,False,2026-08-17T23:05:47.972316+09:00
Pipeline Sum,,,failed,False,2026-08-21T02:22:40.576459+09:00
Pipeline Summary,50.0,0.0,success,False,2026-08-19T21:09:44.414904+09:00
Pipeline Surtax,,,failed,False,2026-08-23T15:51:57.634783+09:00
Pipeline Sync,20.0,5.0,success,False,2026-08-17T20:36:40.845127+09:00
Pipeline Tab,480.0,1.0,success,False,2026-08-21T00:31:07.825329+09:00
Pipeline Table,1000.0,57.0,success,False,2026-08-19T21:54:34.064665+09:00
Pipeline Tag,50.0,2.0,success,False,2026-08-19T13:27:15.417105+09:00
Pipeline Tally,,,failed,False,2026-08-21T00:30:37.167399+09:00
Pipeline Tariff,40.0,0.0,success,False,2026-08-21T02:38:57.143403+09:00
Pipeline Tax,10.0,14.0,success,False,2026-08-21T02:07:34.217644+09:00
Pipeline Ticket,,,failed,False,2026-08-19T21:10:42.484655+09:00
Pipeline Timeline,40.0,0.0,success,False,2026-08-19T21:09:59.006110+09:00
Pipeline Timer,,,failed,False,2026-08-28T00:26:03.782064+09:00
Pipeline Token,10.0,0.0,success,False,2026-08-23T13:27:36.728702+09:00
Pipeline Toll,,,failed,False,2026-08-21T02:38:51.441238+09:00
Pipeline Toolbox,70.0,3.0,success,False,2026-08-28T00:26:09.270269+09:00
Pipeline Toolkit,10.0,3.0,success,False,2026-08-18T22:02:38.118746+09:00
Pipeline Total,20.0,0.0,success,False,2026-08-27T23:14:41.720422+09:00
Pipeline Tracker,4400.0,2.0,success,False,2026-08-17T20:37:39.748297+09:00
Pipeline Trail,4400.0,2.0,success,False,2026-08-18T07:52:23.466246+09:00
Pipeline Trend,,,failed,False,2026-08-28T01:07:05.829192+09:00
Pipeline Trial,40.0,1.0,success,False,2026-08-27T21:17:14.401522+09:00
Pipeline Unit,10.0,0.0,success,False,2026-08-21T01:50:57.666770+09:00
Pipeline Update,140.0,0.0,success,False,2026-08-19T20:41:36.001931+09:00
Pipeline Value,210.0,2.0,success,False,2026-08-23T02:54:13.248458+09:00
Pipeline Vault,10.0,0.0,success,False,2026-08-17T20:40:55.263419+09:00
Pipeline Version,20.0,1.0,success,False,2026-08-23T03:18:09.441113+09:00
Pipeline View,140.0,5.0,success,False,2026-08-19T20:40:46.834660+09:00
Pipeline Voucher,,,failed,False,2026-08-21T00:30:08.282339+09:00
Pipeline Watch,50.0,22.0,success,False,2026-08-17T20:33:43.675774+09:00
Pipeline Wave,1600.0,1.0,success,False,2026-08-17T20:44:54.516764+09:00
Pipeline Widget,,,failed,False,2026-08-27T23:14:41.720422+09:00
Pipeline Workbench,,,failed,False,2026-08-18T21:11:26.018001+09:00
Pipeline Worksheet,,,failed,False,2026-08-27T22:12:21.251456+09:00
Pipeline Workshop,90.0,3.0,success,False,2026-08-28T00:26:06.768927+09:00
Pipeline Zone,,,failed,False,2026-08-17T20:40:34.523017+09:00
Placement Advance,,,failed,False,2026-08-23T16:12:20.898327+09:00
Placement Advisory,10.0,2.0,success,False,2026-08-21T01:02:10.080773+09:00
Placement Allowance,30.0,0.0,success,False,2026-08-21T02:39:52.714819+09:00
Placement Almanac,,,failed,False,2026-08-18T22:03:14.728477+09:00
Placement Analyzer,,,failed,False,2026-08-27T23:54:58.395846+09:00
Placement Anchor,,,failed,False,2026-08-17T20:33:40.236931+09:00
Placement Arrears,,,failed,False,2026-08-23T16:12:20.898327+09:00
Placement Asset,,,failed,False,2026-08-23T13:45:29.589427+09:00
Placement Assistant,40.0,1.0,success,False,2026-08-17T23:11:05.439479+09:00
Placement Atlas,70.0,1.0,success,False,2026-08-17T20:32:30.733040+09:00
Placement Attribute,,,failed,False,2026-08-23T13:08:05.055975+09:00
Placement Badge,,,failed,False,2026-08-21T00:33:50.963808+09:00
Placement Balance,,,failed,False,2026-08-23T13:45:27.370408+09:00
Placement Base,,,failed,False,2026-08-17T20:47:58.336807+09:00
Placement Beacon,,,failed,False,2026-08-17T20:37:24.505740+09:00
Placement Bill,,,failed,False,2026-08-19T21:52:01.647797+09:00
Placement Blueprint,,,failed,False,2026-08-18T22:03:03.090691+09:00
Placement Board,70.0,21.0,success,False,2026-08-17T20:44:36.649130+09:00
Placement Book,140.0,14.0,success,False,2026-08-19T21:53:02.852702+09:00
Placement Bridge,20.0,2.0,success,False,2026-08-17T20:34:33.124318+09:00
Placement Brief,,,failed,False,2026-08-21T00:59:56.543467+09:00
Placement Bulletin,10.0,0.0,success,False,2026-08-21T00:59:54.516148+09:00
Placement Cabinet,,,failed,False,2026-08-27T23:12:05.738890+09:00
Placement Calculator,260.0,3.0,success,False,2026-08-27T23:33:58.782801+09:00
Placement Calendar,90.0,0.0,success,False,2026-08-18T23:57:56.092399+09:00
Placement Card,18100.0,100.0,success,False,2026-08-19T13:28:12.912105+09:00
Placement Cascade,,,failed,False,2026-08-17T20:35:28.436030+09:00
Placement Cash,,,failed,False,2026-08-21T02:23:24.043193+09:00
Placement Cashback,,,failed,False,2026-08-27T21:13:37.797342+09:00
Placement Catalog,,,failed,False,2026-08-19T21:06:02.010882+09:00
Placement Category,,,failed,False,2026-08-23T13:08:02.630104+09:00
Placement Center,320.0,1.0,success,False,2026-08-17T20:39:37.454360+09:00
Placement Chain,,,failed,False,2026-08-17T20:37:21.758511+09:00
Placement Charge,,,failed,False,2026-08-21T02:39:41.486000+09:00
Placement Check,12100.0,0.0,success,True,2026-08-19T13:28:33.821561+09:00
Placement Checker,12100.0,0.0,success,True,2026-08-27T23:54:48.967937+09:00
Placement Checklist,30.0,0.0,success,False,2026-08-19T21:04:58.271286+09:00
Placement Circular,,,failed,False,2026-08-21T01:02:05.845061+09:00
Placement Cockpit,,,failed,False,2026-08-17T23:11:44.690517+09:00
Placement Code,70.0,2.0,success,False,2026-08-19T21:52:24.100892+09:00
Placement Codex,,,failed,False,2026-08-18T22:03:46.428497+09:00
Placement Companion,,,failed,False,2026-08-17T23:09:05.527725+09:00
Placement Comparison,,,failed,False,2026-08-28T01:05:52.718366+09:00
Placement Compass,,,failed,False,2026-08-17T20:38:16.946588+09:00
Placement Compendium,,,failed,False,2026-08-18T22:03:28.331445+09:00
Placement Confirmation,40.0,0.0,success,False,2026-08-21T01:00:16.070819+09:00
Placement Console,,,failed,False,2026-08-17T20:36:56.303275+09:00
Placement Contribution,,,failed,False,2026-08-23T16:12:18.349007+09:00
Placement Core,,,failed,False,2026-08-17T20:46:31.116711+09:00
Placement Cost,40.0,0.0,success,False,2026-08-21T02:06:52.442398+09:00
Placement Count,,,failed,False,2026-08-27T22:46:36.036918+09:00
Placement Counter,,,failed,False,2026-08-18T23:58:52.034754+09:00
Placement Coupon,,,failed,False,2026-08-27T21:13:32.051431+09:00
Placement Dashboard,50.0,0.0,success,False,2026-08-17T23:14:19.543456+09:00
Placement Deal,,,failed,False,2026-08-21T01:53:28.626980+09:00
Placement Debt,40.0,0.0,success,False,2026-08-21T02:23:11.717671+09:00
Placement Deck,,,failed,False,2026-08-17T20:43:51.758171+09:00
Placement Depot,,,failed,False,2026-08-18T23:58:35.248777+09:00
Placement Desk,90.0,17.0,success,False,2026-08-17T20:41:42.376478+09:00
Placement Detail,110.0,0.0,success,False,2026-08-23T03:20:07.416918+09:00
Placement Detector,,,failed,False,2026-08-27T23:54:55.608336+09:00
Placement Dial,,,failed,False,2026-08-17T20:34:58.202084+09:00
Placement Digest,,,failed,False,2026-08-19T20:39:24.748166+09:00
Placement Directory,40.0,0.0,success,False,2026-08-18T23:58:07.902911+09:00
Placement Discount,10.0,0.0,success,False,2026-08-23T16:12:15.158683+09:00
Placement Dock,,,failed,False,2026-08-18T07:43:42.936129+09:00
Placement Dossier,,,failed,False,2026-08-21T01:00:20.571072+09:00
Placement Draft,,,failed,False,2026-08-19T20:39:41.503731+09:00
Placement Due,,,failed,False,2026-08-23T15:50:42.648286+09:00
Placement Duty,,,failed,False,2026-08-21T02:39:44.265069+09:00
Placement Engine,,,failed,False,2026-08-17T23:08:25.865498+09:00
Placement Entry,,,failed,False,2026-08-21T01:00:33.906602+09:00
Placement Estimate,,,failed,False,2026-08-19T21:05:49.435162+09:00
Placement Estimator,,,failed,False,2026-08-27T23:54:48.967937+09:00
Placement Excerpt,,,failed,False,2026-08-21T01:02:16.623580+09:00
Placement Extension,,,failed,False,2026-08-23T16:37:06.410620+09:00
Placement Fare,,,failed,False,2026-08-21T02:07:02.181648+09:00
Placement Fee,1600.0,0.0,success,True,2026-08-21T01:53:10.453555+09:00
Placement Feed,,,failed,False,2026-08-19T20:39:32.642664+09:00
Placement Field,,,failed,False,2026-08-23T13:08:07.144549+09:00
Placement File,50.0,5.0,success,False,2026-08-19T20:38:46.605593+09:00
Placement Finder,140.0,13.0,success,False,2026-08-18T23:58:25.855676+09:00
Placement Fine,,,failed,False,2026-08-23T02:55:04.865137+09:00
Placement Flag,,,failed,False,2026-08-21T00:25:04.867976+09:00
Placement Flow,,,failed,False,2026-08-17T20:44:15.738532+09:00
Placement Forge,,,failed,False,2026-08-17T20:36:22.753454+09:00
Placement Form,320.0,0.0,success,False,2026-08-19T13:28:06.398636+09:00
Placement Format,320.0,0.0,success,False,2026-08-23T13:08:09.181921+09:00
Placement Frame,,,failed,False,2026-08-17T21:30:15.996537+09:00
Placement Fund,170.0,5.0,success,False,2026-08-21T02:23:15.671365+09:00
Placement Gate,10.0,0.0,success,False,2026-08-17T20:34:31.529799+09:00
Placement Generator,70.0,12.0,success,False,2026-08-27T23:34:03.746516+09:00
Placement Giveaway,,,failed,False,2026-08-27T21:13:49.979348+09:00
Placement Grade,,,failed,False,2026-08-21T00:24:43.469777+09:00
Placement Graph,50.0,1.0,success,False,2026-08-27T22:07:41.421571+09:00
Placement Grid,30.0,0.0,success,False,2026-08-17T20:37:55.339961+09:00
Placement Guarantee,260.0,25.0,success,False,2026-08-28T01:05:58.030505+09:00
Placement Guard,,,failed,False,2026-08-17T20:47:13.736905+09:00
Placement Guardian,,,failed,False,2026-08-28T00:24:44.523713+09:00
Placement Guidebook,,,failed,False,2026-08-18T22:02:42.227147+09:00
Placement Helpdesk,,,failed,False,2026-08-27T22:46:40.495541+09:00
Placement Helper,260.0,6.0,success,False,2026-08-28T00:24:47.033463+09:00
Placement History,30.0,0.0,success,False,2026-08-19T20:38:36.542684+09:00
Placement Hotline,,,failed,False,2026-08-19T21:06:13.197757+09:00
Placement Hub,390.0,2.0,success,False,2026-08-17T20:43:25.230587+09:00
Placement Identifier,,,failed,False,2026-08-23T13:07:59.189669+09:00
Placement Incentive,,,failed,False,2026-08-27T21:13:46.392108+09:00
Placement Index,10.0,0.0,success,False,2026-08-19T21:05:10.807996+09:00
Placement Insight,20.0,6.0,success,False,2026-08-17T23:04:27.580981+09:00
Placement Installment,,,failed,False,2026-08-23T16:12:18.349007+09:00
Placement Interest,,,failed,False,2026-08-23T13:45:27.370408+09:00
Placement Item,,,failed,False,2026-08-21T01:53:14.865292+09:00
Placement Journal,20.0,30.0,success,False,2026-08-18T22:08:02.449968+09:00
Placement Keeper,,,failed,False,2026-08-18T07:51:58.234946+09:00
Placement Kit,20.0,0.0,success,False,2026-08-27T22:46:32.374827+09:00
Placement Lab,,,failed,False,2026-08-17T20:42:04.175878+09:00
Placement Label,,,failed,False,2026-08-27T22:07:45.490805+09:00
Placement Layout,20.0,0.0,success,False,2026-08-27T22:28:42.749169+09:00
Placement Ledger,,,failed,False,2026-08-17T20:45:40.214755+09:00
Placement Lens,,,failed,False,2026-08-18T07:52:13.300527+09:00
Placement Level,40.0,0.0,success,False,2026-08-19T20:38:57.092601+09:00
Placement Levy,,,failed,False,2026-08-23T13:45:33.532917+09:00
Placement Link,90.0,2.0,success,False,2026-08-23T03:20:00.686198+09:00
Placement List,90.0,0.0,success,False,2026-08-19T21:52:37.480660+09:00
Placement Loan,20.0,15.0,success,False,2026-08-21T02:07:16.373051+09:00
Placement Locator,70.0,0.0,success,False,2026-08-18T23:58:17.460804+09:00
Placement Lock,,,failed,False,2026-08-17T20:33:05.160713+09:00
Placement Log,1000.0,0.0,success,True,2026-08-19T13:27:59.144364+09:00
Placement Loop,10.0,0.0,success,False,2026-08-17T20:38:41.975413+09:00
Placement Manager,170.0,1.0,success,False,2026-08-17T20:48:31.729678+09:00
Placement Manual,10.0,0.0,success,False,2026-08-27T22:07:45.490805+09:00
Placement Map,70.0,0.0,success,False,2026-08-17T20:31:55.017364+09:00
Placement Margin,,,failed,False,2026-08-23T02:54:59.727215+09:00
Placement Markup,,,failed,False,2026-08-23T16:37:04.042408+09:00
Placement Memo,,,failed,False,2026-08-21T00:24:51.764822+09:00
Placement Message,40.0,0.0,success,False,2026-08-27T23:11:58.068235+09:00
Placement Meter,,,failed,False,2026-08-17T20:34:08.377719+09:00
Placement Metrics,10.0,0.0,success,False,2026-08-17T23:07:26.971457+09:00
Placement Monitor,,,failed,False,2026-08-17T23:12:38.430162+09:00
Placement Navigator,,,failed,False,2026-08-17T23:06:22.536636+09:00
Placement Nexus,,,failed,False,2026-08-17T20:33:36.115262+09:00
Placement Node,,,failed,False,2026-08-17T20:35:25.429619+09:00
Placement Note,,,failed,False,2026-08-19T13:28:52.256085+09:00
Placement Notification,20.0,0.0,success,False,2026-08-27T22:46:29.671446+09:00
Placement Number,140.0,4.0,success,False,2026-08-23T03:19:53.710314+09:00
Placement Office,720.0,4.0,success,False,2026-08-18T23:58:42.867449+09:00
Placement Ops,,,failed,False,2026-08-17T22:50:36.545244+09:00
Placement Order,260.0,0.0,success,False,2026-08-19T21:51:50.352396+09:00
Placement Organizer,10.0,0.0,success,False,2026-08-17T23:10:06.483021+09:00
Placement Overdraft,,,failed,False,2026-08-23T15:50:42.648286+09:00
Placement Overdue,,,failed,False,2026-08-27T21:45:54.192033+09:00
Placement Panel,10.0,0.0,success,False,2026-08-17T20:35:59.491401+09:00
Placement Path,,,failed,False,2026-08-17T20:34:58.202084+09:00
Placement Petition,,,failed,False,2026-08-21T01:00:09.157430+09:00
Placement Pilot,10.0,0.0,success,False,2026-08-17T20:42:24.319818+09:00
Placement Plan,140.0,56.0,success,False,2026-08-21T02:05:54.756908+09:00
Placement Planner,140.0,56.0,success,False,2026-08-17T23:15:16.385703+09:00
Placement Playbook,20.0,1.0,success,False,2026-08-18T22:07:53.653114+09:00
Placement Point,480.0,1.0,success,False,2026-08-17T20:34:07.278551+09:00
Placement Portal,27100.0,0.0,success,True,2026-08-17T20:37:57.626492+09:00
Placement Preview,50.0,0.0,success,False,2026-08-28T01:05:52.718366+09:00
Placement Profile,20.0,0.0,success,False,2026-08-19T13:29:19.231161+09:00
Placement Profit,,,failed,False,2026-08-23T02:54:52.135987+09:00
Placement Proposal,10.0,8.0,success,False,2026-08-28T01:05:55.431564+09:00
Placement Pulse,140.0,0.0,success,False,2026-08-17T20:36:55.192509+09:00
Placement Queue,,,failed,False,2026-08-19T21:05:35.157530+09:00
Placement Quota,,,failed,False,2026-08-21T00:24:59.301324+09:00
Placement Radar,,,failed,False,2026-08-17T20:40:52.069695+09:00
Placement Rail,,,failed,False,2026-08-17T20:39:12.627798+09:00
Placement Rank,40.0,0.0,success,False,2026-08-28T00:47:41.403976+09:00
Placement Rate,320.0,0.0,success,False,2026-08-19T20:39:03.354865+09:00
Placement Recap,,,failed,False,2026-08-21T01:00:25.578415+09:00
Placement Receipt,,,failed,False,2026-08-19T21:52:13.387437+09:00
Placement Register,50.0,1.0,success,False,2026-08-17T23:13:22.671425+09:00
Placement Registry,,,failed,False,2026-08-18T22:02:52.692456+09:00
Placement Relay,,,failed,False,2026-08-17T20:40:06.808560+09:00
Placement Reminder,,,failed,False,2026-08-19T21:04:47.167430+09:00
Placement Report,390.0,0.0,success,False,2026-08-19T13:27:50.683202+09:00
Placement Repository,,,failed,False,2026-08-27T23:12:08.197632+09:00
Placement Result,1000.0,0.0,success,True,2026-08-28T00:47:36.206546+09:00
Placement Roadmap,50.0,0.0,success,False,2026-08-18T22:03:58.790181+09:00
Placement Roster,,,failed,False,2026-08-19T00:37:04.451901+09:00
Placement Route,10.0,,success,False,2026-08-17T20:31:58.373055+09:00
Placement Rule,,,failed,False,2026-08-23T03:20:04.246790+09:00
Placement Sale,30.0,0.0,success,False,2026-08-21T02:23:27.282211+09:00
Placement Sample,90.0,0.0,success,False,2026-08-19T21:53:29.207509+09:00
Placement Scale,,,failed,False,2026-08-17T20:33:08.305690+09:00
Placement Scanner,,,failed,False,2026-08-27T23:54:52.993731+09:00
Placement Scheduler,,,failed,False,2026-08-17T23:05:32.537259+09:00
Placement Scope,,,failed,False,2026-08-18T07:43:57.402622+09:00
Placement Score,50.0,0.0,success,False,2026-08-19T13:28:43.746659+09:00
Placement Sentry,,,failed,False,2026-08-18T07:43:59.355214+09:00
Placement Sheet,90.0,0.0,success,False,2026-08-19T13:28:22.445633+09:00
Placement Signal,,,failed,False,2026-08-17T20:32:32.905502+09:00
Placement Slip,110.0,0.0,success,False,2026-08-19T21:53:16.228732+09:00
Placement Slot,10.0,0.0,success,False,2026-08-19T21:53:40.177257+09:00
Placement Snapshot,,,failed,False,2026-08-18T22:02:33.707465+09:00
Placement Stake,,,failed,False,2026-08-23T02:54:57.045583+09:00
Placement Statement,,,failed,False,2026-08-21T00:34:01.894402+09:00
Placement Station,,,failed,False,2026-08-17T20:41:15.125085+09:00
Placement Status,70.0,0.0,success,False,2026-08-19T20:38:14.851338+09:00
Placement Stipend,,,failed,False,2026-08-23T13:45:33.532917+09:00
Placement Stub,,,failed,False,2026-08-21T00:33:55.661658+09:00
Placement Studio,140.0,1.0,success,False,2026-08-17T20:42:52.966707+09:00
Placement Subsidy,10.0,0.0,success,False,2026-08-23T15:50:44.796371+09:00
Placement Suite,,,failed,False,2026-08-17T23:03:48.755656+09:00
Placement Sum,,,failed,False,2026-08-21T02:23:05.228659+09:00
Placement Summary,20.0,0.0,success,False,2026-08-19T21:04:19.743151+09:00
Placement Sync,,,failed,False,2026-08-17T20:45:15.345040+09:00
Placement Tab,,,failed,False,2026-08-21T00:25:13.031282+09:00
Placement Table,6600.0,88.0,success,False,2026-08-19T21:52:48.982891+09:00
Placement Tag,20.0,0.0,success,False,2026-08-19T13:29:02.484553+09:00
Placement Tally,,,failed,False,2026-08-21T00:34:07.252682+09:00
Placement Tariff,,,failed,False,2026-08-21T02:39:54.831624+09:00
Placement Tax,,,failed,False,2026-08-21T02:07:11.746620+09:00
Placement Ticket,,,failed,False,2026-08-19T21:05:24.897505+09:00
Placement Tier,,,failed,False,2026-08-28T00:47:36.206546+09:00
Placement Timeline,,,failed,False,2026-08-19T21:04:33.210036+09:00
Placement Timer,,,failed,False,2026-08-28T00:24:39.235749+09:00
Placement Toll,,,failed,False,2026-08-21T02:39:49.190275+09:00
Placement Toolbox,,,failed,False,2026-08-28T00:24:47.033463+09:00
Placement Toolkit,,,failed,False,2026-08-18T22:07:45.209206+09:00
Placement Total,,,failed,False,2026-08-27T23:12:02.088858+09:00
Placement Tracker,590.0,0.0,success,False,2026-08-17T20:46:03.469899+09:00
Placement Trail,,,failed,False,2026-08-17T20:38:14.865229+09:00
Placement Trend,,,failed,False,2026-08-28T01:05:50.050566+09:00
Placement Trial,,,failed,False,2026-08-27T21:13:37.797342+09:00
Placement Unit,90.0,0.0,success,False,2026-08-21T01:53:18.147315+09:00
Placement Update,30.0,0.0,success,False,2026-08-19T20:39:14.214038+09:00
Placement Value,90500.0,19.0,success,False,2026-08-23T02:54:55.052160+09:00
Placement Vault,,,failed,False,2026-08-17T20:39:13.606540+09:00
Placement Version,,,failed,False,2026-08-23T03:19:56.707699+09:00
Placement View,,,failed,False,2026-08-19T20:38:26.547735+09:00
Placement Voucher,10.0,0.0,success,False,2026-08-21T00:33:46.093002+09:00
Placement Watch,,,failed,False,2026-08-18T07:43:57.402622+09:00
Placement Wave,,,failed,False,2026-08-17T20:35:55.625501+09:00
Placement Widget,,,failed,False,2026-08-27T23:12:05.738890+09:00
Placement Workbench,,,failed,False,2026-08-18T22:07:38.070107+09:00
Placement Worksheet,,,failed,False,2026-08-27T22:07:48.909558+09:00
Placement Workshop,20.0,4.0,success,False,2026-08-28T00:24:41.812871+09:00
Placement Zone,50.0,0.0,success,False,2026-08-17T20:38:43.149907+09:00
Playground Advance,10.0,75.0,success,False,2026-08-23T16:15:50.711564+09:00
Playground Advisory,,,failed,False,2026-08-21T01:05:46.512536+09:00
Playground Alert,,,failed,False,2026-08-19T21:58:34.362639+09:00
Playground Allowance,,,failed,False,2026-08-21T02:44:02.769477+09:00
Playground Analyzer,,,failed,False,2026-08-27T23:54:12.617602+09:00
Playground Arrears,,,failed,False,2026-08-23T16:15:50.711564+09:00
Playground Asset,,,failed,False,2026-08-23T13:47:07.330354+09:00
Playground Assistant,90.0,3.0,success,False,2026-08-19T21:53:34.201182+09:00
Playground Atlas,,,failed,False,2026-08-19T21:52:40.688622+09:00
Playground Attribute,,,failed,False,2026-08-23T13:05:53.628688+09:00
Playground Badge,,,failed,False,2026-08-21T00:29:55.538883+09:00
Playground Balance,70.0,23.0,success,False,2026-08-23T13:47:05.237339+09:00
Playground Base,480.0,92.0,success,False,2026-08-19T21:48:27.069382+09:00
Playground Beacon,10.0,2.0,success,False,2026-08-19T22:07:25.606827+09:00
Playground Bill,,,failed,False,2026-08-19T22:04:26.155627+09:00
Playground Bin,110.0,73.0,success,False,2026-08-19T21:58:54.005326+09:00
Playground Board,110.0,39.0,success,False,2026-08-19T21:49:05.079544+09:00
Playground Book,33100.0,23.0,success,False,2026-08-19T22:05:22.514727+09:00
Playground Booth,10.0,13.0,success,False,2026-08-19T21:56:32.690388+09:00
Playground Bridge,590.0,92.0,success,False,2026-08-19T21:46:03.788347+09:00
Playground Brief,,,failed,False,2026-08-21T01:05:39.127217+09:00
Playground Bulletin,,,failed,False,2026-08-21T01:05:30.928954+09:00
Playground Calendar,50.0,0.0,success,False,2026-08-19T21:55:18.484182+09:00
Playground Card,170.0,0.0,success,False,2026-08-19T22:00:37.818778+09:00
Playground Cash,,,failed,False,2026-08-21T02:27:29.296336+09:00
Playground Category,,,failed,False,2026-08-23T13:05:51.104957+09:00
Playground Center,14800.0,12.0,success,False,2026-08-19T21:50:15.861548+09:00
Playground Chain,90.0,49.0,success,False,2026-08-19T21:51:58.682281+09:00
Playground Charge,,,failed,False,2026-08-21T02:43:53.941468+09:00
Playground Chart,40.0,0.0,success,False,2026-08-19T21:58:45.118789+09:00
Playground Check,,,failed,False,2026-08-19T22:00:55.317910+09:00
Playground Checker,,,failed,False,2026-08-27T23:54:07.466946+09:00
Playground Circular,,,failed,False,2026-08-21T01:05:38.366293+09:00
Playground Code,1000.0,2.0,success,False,2026-08-19T22:04:49.676934+09:00
Playground Companion,,,failed,False,2026-08-19T21:54:19.584048+09:00
Playground Comparison,,,failed,False,2026-08-28T01:05:34.038010+09:00
Playground Compass,,,failed,False,2026-08-19T22:07:18.055706+09:00
Playground Confirmation,,,failed,False,2026-08-21T01:06:03.967646+09:00
Playground Console,4400.0,93.0,success,False,2026-08-19T21:50:49.199189+09:00
Playground Contribution,,,failed,False,2026-08-23T16:15:47.536999+09:00
Playground Core,70.0,2.0,success,False,2026-08-19T21:48:40.966338+09:00
Playground Cost,590.0,100.0,success,False,2026-08-21T02:10:31.589901+09:00
Playground Count,,,failed,False,2026-08-27T22:45:00.824166+09:00
Playground Counter,,,failed,False,2026-08-19T21:56:08.103899+09:00
Playground Deal,,,failed,False,2026-08-21T01:53:25.014716+09:00
Playground Debt,,,failed,False,2026-08-21T02:27:23.796384+09:00
Playground Deck,90.0,98.0,success,False,2026-08-19T21:49:16.162945+09:00
Playground Desk,,,failed,False,2026-08-19T22:06:35.304978+09:00
Playground Detail,30.0,2.0,success,False,2026-08-23T03:15:14.062371+09:00
Playground Detector,,,failed,False,2026-08-27T23:54:12.617602+09:00
Playground Diagram,140.0,1.0,success,False,2026-08-27T22:15:03.740456+09:00
Playground Directory,40.0,0.0,success,False,2026-08-19T21:55:28.451912+09:00
Playground Discount,,,failed,False,2026-08-23T16:15:43.832612+09:00
Playground Dossier,,,failed,False,2026-08-21T01:06:07.369655+09:00
Playground Downpayment,,,failed,False,2026-08-27T21:50:20.259806+09:00
Playground Draft,,,failed,False,2026-08-19T22:03:05.892678+09:00
Playground Due,,,failed,False,2026-08-23T15:52:10.396341+09:00
Playground Duty,50.0,0.0,success,False,2026-08-21T02:43:57.292345+09:00
Playground Endowment,,,failed,False,2026-08-23T15:52:15.458518+09:00
Playground Engine,40.0,0.0,success,False,2026-08-19T21:53:20.741685+09:00
Playground Entry,10.0,7.0,success,False,2026-08-21T01:06:19.538829+09:00
Playground Estimate,,,failed,False,2026-08-19T22:04:07.178529+09:00
Playground Estimator,,,failed,False,2026-08-27T23:54:04.696724+09:00
Playground Excerpt,,,failed,False,2026-08-21T01:06:13.819084+09:00
Playground Extension,20.0,85.0,success,False,2026-08-23T16:39:53.377709+09:00
Playground Fare,,,failed,False,2026-08-21T02:10:41.178409+09:00
Playground Fee,,,failed,False,2026-08-21T01:53:07.082720+09:00
Playground Feed,10.0,,success,False,2026-08-19T22:02:54.876263+09:00
Playground Field,480.0,1.0,success,False,2026-08-23T13:05:55.726817+09:00
Playground File,20.0,0.0,success,False,2026-08-19T22:02:16.192857+09:00
Playground Finder,170.0,0.0,success,False,2026-08-19T21:55:47.244669+09:00
Playground Fine,,,failed,False,2026-08-23T02:58:29.711332+09:00
Playground Flag,50.0,68.0,success,False,2026-08-21T00:30:41.620130+09:00
Playground Flow,20.0,9.0,success,False,2026-08-19T22:06:12.556669+09:00
Playground Forge,,,failed,False,2026-08-19T22:07:41.945033+09:00
Playground Form,10.0,42.0,success,False,2026-08-19T22:00:26.290780+09:00
Playground Format,,,failed,False,2026-08-23T13:06:00.621707+09:00
Playground Frame,90.0,98.0,success,False,2026-08-19T21:48:14.659198+09:00
Playground Fund,110.0,41.0,success,False,2026-08-21T02:27:26.146379+09:00
Playground Gate,210.0,76.0,success,False,2026-08-19T21:52:16.498900+09:00
Playground Grade,,,failed,False,2026-08-21T00:30:25.028648+09:00
Playground Grid,10.0,4.0,success,False,2026-08-19T21:47:01.107836+09:00
Playground Guarantee,,,failed,False,2026-08-28T01:05:40.494261+09:00
Playground Guardian,140.0,7.0,success,False,2026-08-28T00:24:14.921300+09:00
Playground Helpdesk,,,failed,False,2026-08-27T22:45:05.269508+09:00
Playground Helper,30.0,0.0,success,False,2026-08-28T00:24:17.222604+09:00
Playground History,260.0,1.0,success,False,2026-08-19T22:02:05.634117+09:00
Playground Hub,50.0,1.0,success,False,2026-08-19T22:06:22.029176+09:00
Playground Identifier,,,failed,False,2026-08-23T13:05:48.567186+09:00
Playground Inbox,,,failed,False,2026-08-19T21:58:27.685601+09:00
Playground Index,,,failed,False,2026-08-19T22:03:44.565114+09:00
Playground Installment,,,failed,False,2026-08-23T16:15:47.536999+09:00
Playground Item,170.0,73.0,success,False,2026-08-21T01:53:12.594886+09:00
Playground Journal,,,failed,False,2026-08-19T21:55:00.630940+09:00
Playground Keeper,10.0,0.0,success,False,2026-08-19T21:52:57.085670+09:00
Playground Kiosk,10.0,0.0,success,False,2026-08-19T21:56:44.387128+09:00
Playground Kit,720.0,100.0,success,False,2026-08-27T22:44:57.466905+09:00
Playground Lab,140.0,0.0,success,False,2026-08-19T21:49:39.376770+09:00
Playground Layout,480.0,13.0,success,False,2026-08-27T22:29:33.709708+09:00
Playground Ledger,,,failed,False,2026-08-19T21:48:55.925505+09:00
Playground Level,320.0,9.0,success,False,2026-08-19T22:02:29.042116+09:00
Playground Levy,,,failed,False,2026-08-23T13:47:09.314181+09:00
Playground Line,70.0,5.0,success,False,2026-08-19T21:59:32.934011+09:00
Playground Link,30.0,0.0,success,False,2026-08-23T03:15:06.713636+09:00
Playground List,390.0,67.0,success,False,2026-08-19T22:05:01.387918+09:00
Playground Loan,,,failed,False,2026-08-21T02:10:49.609792+09:00
Playground Lobby,,,failed,False,2026-08-19T21:59:09.702480+09:00
Playground Locator,90.0,3.0,success,False,2026-08-19T21:55:36.980585+09:00
Playground Locker,,,failed,False,2026-08-19T21:56:20.786748+09:00
Playground Log,390.0,92.0,success,False,2026-08-19T22:00:16.178777+09:00
Playground Loop,20.0,6.0,success,False,2026-08-19T21:46:50.004607+09:00
Playground Manager,20.0,0.0,success,False,2026-08-19T21:53:06.381329+09:00
Playground Manual,10.0,10.0,success,False,2026-08-27T22:14:55.683786+09:00
Playground Map,1900.0,0.0,success,True,2026-08-19T21:48:00.610703+09:00
Playground Margin,,,failed,False,2026-08-23T02:58:27.713523+09:00
Playground Marker,,,failed,False,2026-08-23T13:27:20.193084+09:00
Playground Memo,,,failed,False,2026-08-21T00:30:29.735189+09:00
Playground Monitor,110.0,1.0,success,False,2026-08-19T21:54:06.004532+09:00
Playground Nexus,20.0,25.0,success,False,2026-08-19T21:52:31.796696+09:00
Playground Note,,,failed,False,2026-08-19T22:01:14.357219+09:00
Playground Notification,10.0,0.0,success,False,2026-08-27T22:44:52.843533+09:00
Playground Number,70.0,7.0,success,False,2026-08-23T03:14:59.429482+09:00
Playground Office,210.0,1.0,success,False,2026-08-19T21:55:57.867275+09:00
Playground Ops,,,failed,False,2026-08-19T21:54:39.483113+09:00
Playground Order,320.0,3.0,success,False,2026-08-19T22:04:17.404214+09:00
Playground Overage,,,failed,False,2026-08-27T21:50:17.905826+09:00
Playground Overdue,,,failed,False,2026-08-27T21:50:13.120936+09:00
Playground Panel,140.0,64.0,success,False,2026-08-19T21:51:01.436792+09:00
Playground Pass,140.0,73.0,success,False,2026-08-21T00:29:43.441391+09:00
Playground Passport,20.0,0.0,success,False,2026-08-19T21:59:01.960523+09:00
Playground Path,30.0,0.0,success,False,2026-08-19T21:47:30.295909+09:00
Playground Payoff,,,failed,False,2026-08-27T21:50:15.580858+09:00
Playground Petition,,,failed,False,2026-08-21T01:05:51.926035+09:00
Playground Plan,880.0,87.0,success,False,2026-08-21T01:53:20.957099+09:00
Playground Planner,90.0,23.0,success,False,2026-08-19T21:53:43.821939+09:00
Playground Playbook,,,failed,False,2026-08-19T21:54:48.895899+09:00
Playground Point,90.0,0.0,success,False,2026-08-19T21:47:43.048701+09:00
Playground Portal,110.0,0.0,success,False,2026-08-19T21:50:37.216187+09:00
Playground Preview,,,failed,False,2026-08-28T01:05:34.038010+09:00
Playground Profile,,,failed,False,2026-08-19T22:01:35.806950+09:00
Playground Profit,,,failed,False,2026-08-23T02:58:18.393651+09:00
Playground Proposal,10.0,7.0,success,False,2026-08-28T01:05:36.598647+09:00
Playground Quota,10.0,14.0,success,False,2026-08-21T00:30:37.167399+09:00
Playground Radar,,,failed,False,2026-08-19T22:06:44.272499+09:00
Playground Rail,320.0,28.0,success,False,2026-08-19T21:51:30.988224+09:00
Playground Rate,,,failed,False,2026-08-19T22:02:37.152847+09:00
Playground Recap,10.0,0.0,success,False,2026-08-21T01:06:10.948985+09:00
Playground Receipt,,,failed,False,2026-08-19T22:04:38.551336+09:00
Playground Register,,,failed,False,2026-08-19T21:54:30.567883+09:00
Playground Registry,,,failed,False,2026-08-19T21:55:09.455728+09:00
Playground Relay,,,failed,False,2026-08-19T22:06:53.339068+09:00
Playground Reminder,,,failed,False,2026-08-19T22:03:36.532480+09:00
Playground Rendering,50.0,2.0,success,False,2026-08-27T22:28:37.219396+09:00
Playground Report,10.0,0.0,success,False,2026-08-19T22:00:04.199605+09:00
Playground Result,10.0,0.0,success,False,2026-08-28T00:47:24.969957+09:00
Playground Roll,10.0,52.0,success,False,2026-08-19T21:59:52.671651+09:00
Playground Roster,10.0,0.0,success,False,2026-08-19T21:58:19.577733+09:00
Playground Rule,1600.0,70.0,success,False,2026-08-23T03:15:10.473494+09:00
Playground Sale,4400.0,100.0,success,False,2026-08-21T02:27:33.001702+09:00
Playground Sample,10.0,3.0,success,False,2026-08-19T22:05:43.764657+09:00
Playground Scanner,,,failed,False,2026-08-27T23:54:10.053801+09:00
Playground Scheduler,,,failed,False,2026-08-19T21:53:57.995655+09:00
Playground Scope,,,failed,False,2026-08-19T21:46:37.963751+09:00
Playground Score,10.0,0.0,success,False,2026-08-19T22:01:05.588899+09:00
Playground Sheet,,,failed,False,2026-08-19T22:00:47.598420+09:00
Playground Shelf,,,failed,False,2026-08-19T21:58:08.143234+09:00
Playground Shortfall,,,failed,False,2026-08-27T21:50:22.560575+09:00
Playground Signature,,,failed,False,2026-08-23T13:27:16.161149+09:00
Playground Slip,10.0,100.0,success,False,2026-08-19T22:05:35.780904+09:00
Playground Slot,50.0,23.0,success,False,2026-08-19T22:05:51.290848+09:00
Playground Stake,110.0,99.0,success,False,2026-08-23T02:58:24.249422+09:00
Playground Stamp,,,failed,False,2026-08-23T13:27:22.703282+09:00
Playground Statement,,,failed,False,2026-08-21T00:30:08.282339+09:00
Playground Station,110.0,41.0,success,False,2026-08-19T21:49:51.324073+09:00
Playground Status,10.0,0.0,success,False,2026-08-19T22:01:45.686906+09:00
Playground Stub,,,failed,False,2026-08-21T00:30:01.129618+09:00
Playground Studio,5400.0,1.0,success,False,2026-08-19T21:49:30.160580+09:00
Playground Subsidy,,,failed,False,2026-08-23T15:52:13.445418+09:00
Playground Sum,,,failed,False,2026-08-21T02:27:19.706336+09:00
Playground Summary,70.0,0.0,success,False,2026-08-19T22:03:17.563220+09:00
Playground Tab,,,failed,False,2026-08-21T00:30:49.324092+09:00
Playground Table,5400.0,98.0,success,False,2026-08-19T22:05:13.355108+09:00
Playground Tag,70.0,0.0,success,False,2026-08-19T22:01:23.897474+09:00
Playground Tally,,,failed,False,2026-08-21T00:30:17.662990+09:00
Playground Tariff,,,failed,False,2026-08-21T02:44:04.894763+09:00
Playground Tax,,,failed,False,2026-08-21T02:10:45.957047+09:00
Playground Terminal,,,failed,False,2026-08-19T21:50:02.656663+09:00
Playground Ticker,,,failed,False,2026-08-19T21:59:23.737982+09:00
Playground Ticket,320.0,7.0,success,False,2026-08-19T22:03:56.439657+09:00
Playground Timeline,10.0,,success,False,2026-08-19T22:03:26.204468+09:00
Playground Token,10.0,0.0,success,False,2026-08-23T13:27:13.232233+09:00
Playground Toll,,,failed,False,2026-08-21T02:43:59.643244+09:00
Playground Toolbox,,,failed,False,2026-08-28T00:24:14.921300+09:00
Playground Tracker,,,failed,False,2026-08-19T22:06:01.682265+09:00
Playground Trail,140.0,3.0,success,False,2026-08-19T21:51:42.287097+09:00
Playground Trend,10.0,0.0,success,False,2026-08-28T01:05:31.519640+09:00
Playground Trial,10.0,24.0,success,False,2026-08-27T21:19:20.192831+09:00
Playground Unit,,,failed,False,2026-08-21T01:53:14.865292+09:00
Playground Update,30.0,0.0,success,False,2026-08-19T22:02:47.197172+09:00
Playground Value,,,failed,False,2026-08-23T02:58:22.138968+09:00
Playground Vault,,,failed,False,2026-08-19T22:07:01.913828+09:00
Playground View,30.0,0.0,success,False,2026-08-19T22:01:57.019761+09:00
Playground Voucher,,,failed,False,2026-08-21T00:29:47.975164+09:00
Playground Watch,70.0,1.0,success,False,2026-08-19T21:46:26.862344+09:00
Playground Window,50.0,15.0,success,False,2026-08-19T21:59:42.241525+09:00
Playground Worksheet,480.0,0.0,success,False,2026-08-27T22:14:59.305692+09:00
Playground Workshop,70.0,1.0,success,False,2026-08-28T00:24:12.580711+09:00
Playground Zone,480.0,1.0,success,False,2026-08-19T21:50:26.967968+09:00
Pledge Advisory,,,failed,False,2026-08-21T00:58:44.836971+09:00
Pledge Allowance,,,failed,False,2026-08-21T02:39:16.897271+09:00
Pledge Almanac,,,failed,False,2026-08-18T22:05:15.577232+09:00
Pledge Analyzer,,,failed,False,2026-08-27T23:58:05.711455+09:00
Pledge Anchor,,,failed,False,2026-08-17T20:44:54.516764+09:00
Pledge Announcement,,,failed,False,2026-08-27T23:36:01.279667+09:00
Pledge Arrears,,,failed,False,2026-08-23T16:14:56.824333+09:00
Pledge Asset,390.0,1.0,success,False,2026-08-23T13:47:13.508679+09:00
Pledge Assistant,,,failed,False,2026-08-17T23:31:50.854430+09:00
Pledge Atlas,,,failed,False,2026-08-17T20:35:45.912195+09:00
Pledge Attribute,,,failed,False,2026-08-23T13:07:02.783000+09:00
Pledge Badge,40.0,0.0,success,False,2026-08-21T00:36:18.143483+09:00
Pledge Balance,50.0,0.0,success,False,2026-08-23T13:47:11.410642+09:00
Pledge Base,,,failed,False,2026-08-17T20:32:12.868338+09:00
Pledge Beacon,,,failed,False,2026-08-17T21:30:33.048254+09:00
Pledge Bill,,,failed,False,2026-08-19T22:02:31.549197+09:00
Pledge Blueprint,,,failed,False,2026-08-18T22:05:06.428384+09:00
Pledge Board,590.0,1.0,success,False,2026-08-17T21:41:04.521769+09:00
Pledge Book,110.0,4.0,success,False,2026-08-19T22:03:20.182030+09:00
Pledge Bridge,,,failed,False,2026-08-17T20:45:51.407426+09:00
Pledge Brief,,,failed,False,2026-08-21T00:58:36.711570+09:00
Pledge Bulletin,,,failed,False,2026-08-21T00:58:32.149871+09:00
Pledge Cabinet,,,failed,False,2026-08-27T23:15:15.489365+09:00
Pledge Calculator,40.0,1.0,success,False,2026-08-27T23:36:01.279667+09:00
Pledge Calendar,,,failed,False,2026-08-18T23:59:14.499030+09:00
Pledge Card,1600.0,19.0,success,False,2026-08-19T13:28:00.720814+09:00
Pledge Cascade,,,failed,False,2026-08-17T20:46:56.962156+09:00
Pledge Cash,70.0,0.0,success,False,2026-08-21T02:23:31.419607+09:00
Pledge Cashback,,,failed,False,2026-08-27T21:17:23.968001+09:00
Pledge Catalog,,,failed,False,2026-08-19T21:18:53.314989+09:00
Pledge Category,,,failed,False,2026-08-23T13:07:00.691919+09:00
Pledge Center,,,failed,False,2026-08-17T21:33:22.663564+09:00
Pledge Chain,,,failed,False,2026-08-17T20:40:20.065990+09:00
Pledge Charge,170.0,1.0,success,False,2026-08-21T02:39:07.071635+09:00
Pledge Check,480.0,35.0,success,False,2026-08-19T13:28:19.124767+09:00
Pledge Checker,480.0,35.0,success,False,2026-08-27T23:58:00.506831+09:00
Pledge Checklist,,,failed,False,2026-08-19T21:17:57.500423+09:00
Pledge Circular,,,failed,False,2026-08-21T01:00:03.837469+09:00
Pledge Cockpit,,,failed,False,2026-08-17T23:12:30.403803+09:00
Pledge Code,,,failed,False,2026-08-19T22:02:50.225246+09:00
Pledge Codex,,,failed,False,2026-08-18T22:05:33.744970+09:00
Pledge Companion,,,failed,False,2026-08-17T23:33:04.806706+09:00
Pledge Comparison,,,failed,False,2026-08-28T01:08:23.846955+09:00
Pledge Compass,,,failed,False,2026-08-17T21:31:41.054400+09:00
Pledge Compendium,,,failed,False,2026-08-18T22:05:23.943754+09:00
Pledge Confirmation,30.0,0.0,success,False,2026-08-21T00:58:54.317507+09:00
Pledge Console,,,failed,False,2026-08-17T21:30:00.229933+09:00
Pledge Contribution,10.0,0.0,success,False,2026-08-23T16:14:56.824333+09:00
Pledge Core,,,failed,False,2026-08-18T07:52:06.675931+09:00
Pledge Cost,10.0,7.0,success,False,2026-08-21T02:07:48.773154+09:00
Pledge Count,,,failed,False,2026-08-27T22:49:42.275363+09:00
Pledge Counter,30.0,0.0,success,False,2026-08-19T00:00:12.518097+09:00
Pledge Coupon,10.0,4.0,success,False,2026-08-27T21:17:23.968001+09:00
Pledge Dashboard,,,failed,False,2026-08-17T23:32:54.129749+09:00
Pledge Deal,,,failed,False,2026-08-21T01:51:30.454681+09:00
Pledge Debt,10.0,0.0,success,False,2026-08-21T02:23:20.274615+09:00
Pledge Deck,,,failed,False,2026-08-17T21:38:46.123803+09:00
Pledge Depot,,,failed,False,2026-08-18T23:59:51.056306+09:00
Pledge Desk,,,failed,False,2026-08-17T21:35:58.459168+09:00
Pledge Detail,,,failed,False,2026-08-23T03:18:48.364198+09:00
Pledge Detector,20.0,22.0,success,False,2026-08-27T23:58:03.075368+09:00
Pledge Dial,,,failed,False,2026-08-17T20:46:20.020027+09:00
Pledge Digest,,,failed,False,2026-08-19T20:44:44.192245+09:00
Pledge Directory,,,failed,False,2026-08-18T23:59:24.120788+09:00
Pledge Dock,,,failed,False,2026-08-17T20:42:41.908187+09:00
Pledge Dossier,,,failed,False,2026-08-21T00:58:59.914106+09:00
Pledge Downpayment,,,failed,False,2026-08-27T21:48:30.689545+09:00
Pledge Draft,,,failed,False,2026-08-19T20:45:04.260812+09:00
Pledge Due,,,failed,False,2026-08-23T15:52:02.827883+09:00
Pledge Duty,,,failed,False,2026-08-21T02:39:09.375307+09:00
Pledge Endowment,,,failed,False,2026-08-23T15:52:04.916947+09:00
Pledge Engine,,,failed,False,2026-08-17T23:09:22.045461+09:00
Pledge Entry,,,failed,False,2026-08-21T00:59:12.932532+09:00
Pledge Estimate,,,failed,False,2026-08-19T21:18:38.634661+09:00
Pledge Estimator,,,failed,False,2026-08-27T23:57:57.910775+09:00
Pledge Excerpt,,,failed,False,2026-08-21T00:59:08.363801+09:00
Pledge Extension,,,failed,False,2026-08-23T16:39:18.952764+09:00
Pledge Fare,,,failed,False,2026-08-21T02:08:03.839367+09:00
Pledge Fee,30.0,1.0,success,False,2026-08-21T01:51:22.429358+09:00
Pledge Feed,,,failed,False,2026-08-19T20:44:53.798353+09:00
Pledge File,50.0,0.0,success,False,2026-08-19T20:44:12.620754+09:00
Pledge Finder,,,failed,False,2026-08-18T23:59:40.785220+09:00
Pledge Fine,,,failed,False,2026-08-23T02:54:35.289098+09:00
Pledge Flag,165000.0,30.0,success,False,2026-08-21T00:36:48.316365+09:00
Pledge Flow,,,failed,False,2026-08-17T21:39:37.908878+09:00
Pledge Forge,,,failed,False,2026-08-17T20:48:15.314618+09:00
Pledge Form,590.0,3.0,success,False,2026-08-19T13:27:53.720083+09:00
Pledge Format,590.0,3.0,success,False,2026-08-23T13:07:04.865387+09:00
Pledge Frame,,,failed,False,2026-08-17T20:33:23.313632+09:00
Pledge Fund,260.0,2.0,success,False,2026-08-21T02:23:27.282211+09:00
Pledge Gate,,,failed,False,2026-08-17T20:37:39.748297+09:00
Pledge Generator,10.0,2.0,success,False,2026-08-27T23:36:04.672816+09:00
Pledge Giveaway,,,failed,False,2026-08-27T21:17:31.626510+09:00
Pledge Grade,,,failed,False,2026-08-21T00:36:35.821010+09:00
Pledge Graph,,,failed,False,2026-08-27T22:12:40.822062+09:00
Pledge Grid,,,failed,False,2026-08-17T20:40:44.017242+09:00
Pledge Guarantee,10.0,0.0,success,False,2026-08-28T01:08:26.427990+09:00
Pledge Guard,,,failed,False,2026-08-17T20:31:38.107939+09:00
Pledge Guardian,,,failed,False,2026-08-28T00:26:55.262283+09:00
Pledge Guidebook,,,failed,False,2026-08-18T22:04:44.992531+09:00
Pledge Helpdesk,,,failed,False,2026-08-27T22:49:42.275363+09:00
Pledge Helper,10.0,0.0,success,False,2026-08-28T00:26:57.692425+09:00
Pledge History,40.0,0.0,success,False,2026-08-19T20:44:03.742658+09:00
Pledge Hotline,,,failed,False,2026-08-19T21:19:06.268561+09:00
Pledge Hub,10.0,1.0,success,False,2026-08-17T21:38:08.965654+09:00
Pledge Identifier,,,failed,False,2026-08-23T13:06:58.194774+09:00
Pledge Incentive,,,failed,False,2026-08-27T21:17:29.346524+09:00
Pledge Index,,,failed,False,2026-08-19T21:18:07.179482+09:00
Pledge Insight,,,failed,False,2026-08-17T23:05:24.872109+09:00
Pledge Installment,,,failed,False,2026-08-23T16:14:53.191797+09:00
Pledge Item,20.0,34.0,success,False,2026-08-21T01:51:26.021065+09:00
Pledge Journal,,,failed,False,2026-08-18T22:04:25.779407+09:00
Pledge Keeper,,,failed,False,2026-08-17T20:33:51.962760+09:00
Pledge Lab,,,failed,False,2026-08-17T21:36:30.682605+09:00
Pledge Label,70.0,3.0,success,False,2026-08-27T22:12:43.537947+09:00
Pledge Ledger,,,failed,False,2026-08-18T07:52:19.092235+09:00
Pledge Lens,,,failed,False,2026-08-17T20:34:19.305897+09:00
Pledge Level,20.0,0.0,success,False,2026-08-19T20:44:19.706681+09:00
Pledge Link,90.0,1.0,success,False,2026-08-23T03:18:41.681571+09:00
Pledge List,90.0,1.0,success,False,2026-08-19T22:02:59.053365+09:00
Pledge Loan,3600.0,20.0,success,False,2026-08-21T02:08:11.666475+09:00
Pledge Locator,,,failed,False,2026-08-18T23:59:30.074918+09:00
Pledge Lock,,,failed,False,2026-08-17T20:36:12.301778+09:00
Pledge Log,,,failed,False,2026-08-19T13:27:42.741110+09:00
Pledge Loop,10.0,,success,False,2026-08-17T20:41:27.066117+09:00
Pledge Manager,3600.0,4.0,success,False,2026-08-17T20:32:47.475978+09:00
Pledge Manual,10.0,0.0,success,False,2026-08-27T22:12:46.306034+09:00
Pledge Map,,,failed,False,2026-08-17T20:35:12.658616+09:00
Pledge Memo,,,failed,False,2026-08-21T00:36:40.261906+09:00
Pledge Message,10.0,0.0,success,False,2026-08-27T23:15:10.643747+09:00
Pledge Meter,30.0,0.0,success,False,2026-08-17T20:45:28.437462+09:00
Pledge Metrics,,,failed,False,2026-08-17T23:32:40.699548+09:00
Pledge Monitor,,,failed,False,2026-08-17T23:32:27.078253+09:00
Pledge Navigator,,,failed,False,2026-08-17T23:07:18.335398+09:00
Pledge Nexus,10.0,0.0,success,False,2026-08-17T20:36:40.845127+09:00
Pledge Node,,,failed,False,2026-08-17T20:38:32.473394+09:00
Pledge Note,50.0,0.0,success,False,2026-08-19T13:28:41.334086+09:00
Pledge Notification,,,failed,False,2026-08-27T22:49:35.364614+09:00
Pledge Number,30.0,0.0,success,False,2026-08-23T03:18:33.193002+09:00
Pledge Office,20.0,5.0,success,False,2026-08-19T00:00:01.654497+09:00
Pledge Ops,,,failed,False,2026-08-17T23:33:17.146702+09:00
Pledge Order,10.0,3.0,success,False,2026-08-19T22:02:19.043714+09:00
Pledge Organizer,,,failed,False,2026-08-17T23:10:55.434729+09:00
Pledge Outline,,,failed,False,2026-08-27T22:29:10.054268+09:00
Pledge Overage,,,failed,False,2026-08-27T21:48:30.689545+09:00
Pledge Overdue,10.0,,success,False,2026-08-27T21:48:25.630641+09:00
Pledge Panel,10.0,0.0,success,False,2026-08-17T20:47:35.936558+09:00
Pledge Pass,10.0,0.0,success,False,2026-08-21T00:36:11.342304+09:00
Pledge Path,30.0,1.0,success,False,2026-08-17T20:38:06.157627+09:00
Pledge Payoff,,,failed,False,2026-08-27T21:48:28.268054+09:00
Pledge Penalty,,,failed,False,2026-08-23T16:39:14.026032+09:00
Pledge Petition,10.0,0.0,success,False,2026-08-21T00:58:49.473587+09:00
Pledge Pilot,,,failed,False,2026-08-17T21:36:57.018160+09:00
Pledge Plan,10.0,0.0,success,False,2026-08-21T01:51:35.759053+09:00
Pledge Planner,,,failed,False,2026-08-17T23:03:41.404316+09:00
Pledge Playbook,,,failed,False,2026-08-18T22:04:12.568895+09:00
Pledge Point,40.0,0.0,success,False,2026-08-17T20:37:11.919122+09:00
Pledge Portal,110.0,0.0,success,False,2026-08-17T21:31:05.600589+09:00
Pledge Profile,,,failed,False,2026-08-19T13:28:58.111204+09:00
Pledge Profit,,,failed,False,2026-08-23T02:54:26.725947+09:00
Pledge Proposal,,,failed,False,2026-08-28T01:08:23.846955+09:00
Pledge Pulse,,,failed,False,2026-08-17T20:39:54.147287+09:00
Pledge Queue,,,failed,False,2026-08-19T21:18:28.771702+09:00
Pledge Quota,,,failed,False,2026-08-21T00:36:42.590036+09:00
Pledge Radar,,,failed,False,2026-08-17T21:34:55.256705+09:00
Pledge Rail,,,failed,False,2026-08-17T20:41:55.751231+09:00
Pledge Rank,,,failed,False,2026-08-28T00:48:34.201373+09:00
Pledge Rate,20.0,0.0,success,False,2026-08-19T20:44:29.865338+09:00
Pledge Recap,,,failed,False,2026-08-21T01:00:08.450743+09:00
Pledge Receipt,20.0,0.0,success,False,2026-08-19T22:02:41.688719+09:00
Pledge Recorder,,,failed,False,2026-08-27T23:36:10.117910+09:00
Pledge Redemption,20.0,0.0,success,False,2026-08-23T16:39:16.961219+09:00
Pledge Register,110.0,10.0,success,False,2026-08-17T23:14:14.412117+09:00
Pledge Registry,,,failed,False,2026-08-18T22:04:53.198463+09:00
Pledge Relay,,,failed,False,2026-08-17T21:33:48.082783+09:00
Pledge Reminder,30.0,0.0,success,False,2026-08-19T21:17:49.852730+09:00
Pledge Report,30.0,0.0,success,False,2026-08-19T13:27:27.071698+09:00
Pledge Repository,,,failed,False,2026-08-27T23:15:18.585578+09:00
Pledge Result,,,failed,False,2026-08-28T00:48:34.201373+09:00
Pledge Roadmap,,,failed,False,2026-08-18T22:05:42.226060+09:00
Pledge Roster,,,failed,False,2026-08-19T00:38:27.005898+09:00
Pledge Route,,,failed,False,2026-08-17T20:43:36.337910+09:00
Pledge Rule,,,failed,False,2026-08-23T03:18:44.540602+09:00
Pledge Sale,30.0,86.0,success,False,2026-08-21T02:23:33.552099+09:00
Pledge Sample,110.0,0.0,success,False,2026-08-19T22:03:39.900427+09:00
Pledge Scale,,,failed,False,2026-08-17T20:44:24.451216+09:00
Pledge Scanner,,,failed,False,2026-08-27T23:58:00.506831+09:00
Pledge Scheduler,,,failed,False,2026-08-17T23:32:11.092346+09:00
Pledge Scope,,,failed,False,2026-08-17T20:42:15.711128+09:00
Pledge Score,,,failed,False,2026-08-19T13:28:31.111585+09:00
Pledge Sentry,,,failed,False,2026-08-17T20:34:43.926118+09:00
Pledge Sheet,110.0,8.0,success,False,2026-08-19T13:28:08.778125+09:00
Pledge Shortfall,,,failed,False,2026-08-27T21:48:33.250783+09:00
Pledge Signal,,,failed,False,2026-08-17T20:44:04.848400+09:00
Pledge Slip,,,failed,False,2026-08-19T22:03:30.282761+09:00
Pledge Slot,,,failed,False,2026-08-19T22:03:49.697196+09:00
Pledge Snapshot,,,failed,False,2026-08-18T22:04:34.092675+09:00
Pledge Stage,,,failed,False,2026-08-28T00:48:30.764034+09:00
Pledge Stake,,,failed,False,2026-08-23T02:54:31.488130+09:00
Pledge Statement,50.0,0.0,success,False,2026-08-21T00:36:26.230021+09:00
Pledge Station,,,failed,False,2026-08-17T21:35:24.685319+09:00
Pledge Status,30.0,0.0,success,False,2026-08-19T20:43:52.054689+09:00
Pledge Streak,,,failed,False,2026-08-28T00:48:34.201373+09:00
Pledge Stub,,,failed,False,2026-08-21T00:36:23.638187+09:00
Pledge Studio,,,failed,False,2026-08-17T21:37:36.095439+09:00
Pledge Subsidy,,,failed,False,2026-08-23T15:52:04.916947+09:00
Pledge Suite,,,failed,False,2026-08-17T23:31:33.228756+09:00
Pledge Sum,,,failed,False,2026-08-21T02:23:15.671365+09:00
Pledge Summary,,,failed,False,2026-08-19T21:17:31.409694+09:00
Pledge Sync,,,failed,False,2026-08-17T21:41:36.452024+09:00
Pledge Tab,10.0,0.0,success,False,2026-08-21T00:36:53.427787+09:00
Pledge Table,10.0,37.0,success,False,2026-08-19T22:03:11.253996+09:00
Pledge Tag,10.0,,success,False,2026-08-19T13:28:50.400701+09:00
Pledge Tally,,,failed,False,2026-08-21T00:36:30.694005+09:00
Pledge Tariff,10.0,86.0,success,False,2026-08-21T02:39:23.092445+09:00
Pledge Tax,,,failed,False,2026-08-21T02:08:07.470140+09:00
Pledge Ticket,,,failed,False,2026-08-19T21:18:17.728493+09:00
Pledge Tier,,,failed,False,2026-08-28T00:48:34.201373+09:00
Pledge Timeline,,,failed,False,2026-08-19T21:17:38.869284+09:00
Pledge Timer,,,failed,False,2026-08-28T00:26:52.853264+09:00
Pledge Toll,,,failed,False,2026-08-21T02:39:12.661070+09:00
Pledge Toolbox,,,failed,False,2026-08-28T00:26:55.262283+09:00
Pledge Toolkit,,,failed,False,2026-08-18T22:04:03.001846+09:00
Pledge Total,,,failed,False,2026-08-27T23:15:13.027326+09:00
Pledge Tracker,50.0,4.0,success,False,2026-08-18T07:53:03.495247+09:00
Pledge Trail,,,failed,False,2026-08-17T20:41:06.345123+09:00
Pledge Trend,,,failed,False,2026-08-28T01:08:20.327245+09:00
Pledge Trial,,,failed,False,2026-08-27T21:17:26.157906+09:00
Pledge Unit,,,failed,False,2026-08-21T01:51:32.906314+09:00
Pledge Update,10.0,0.0,success,False,2026-08-19T20:44:35.831978+09:00
Pledge Vault,,,failed,False,2026-08-17T21:32:53.372558+09:00
Pledge Version,,,failed,False,2026-08-23T03:18:36.305827+09:00
Pledge View,,,failed,False,2026-08-19T20:43:57.147560+09:00
Pledge Voucher,,,failed,False,2026-08-21T00:36:14.044141+09:00
Pledge Wallet,,,failed,False,2026-08-27T22:49:39.100911+09:00
Pledge Watch,10.0,0.0,success,False,2026-08-17T20:43:09.097865+09:00
Pledge Wave,,,failed,False,2026-08-17T20:39:04.557611+09:00
Pledge Widget,10.0,,success,False,2026-08-27T23:15:13.027326+09:00
Pledge Workbench,,,failed,False,2026-08-18T22:03:51.381490+09:00
Pledge Worksheet,,,failed,False,2026-08-27T22:12:46.306034+09:00
Pledge Zone,,,failed,False,2026-08-17T21:32:17.170130+09:00
Plumbing Advance,,,failed,False,2026-08-23T16:12:51.127665+09:00
Plumbing Advisory,,,failed,False,2026-08-21T00:59:19.513950+09:00
Plumbing Alert,,,failed,False,2026-08-21T00:45:50.178398+09:00
Plumbing Allowance,,,failed,False,2026-08-21T02:39:20.009212+09:00
Plumbing Analyzer,,,failed,False,2026-08-27T23:59:35.243773+09:00
Plumbing Announcement,,,failed,False,2026-08-27T23:36:40.825682+09:00
Plumbing Arrears,,,failed,False,2026-08-23T16:12:46.857371+09:00
Plumbing Asset,,,failed,False,2026-08-23T13:45:24.772737+09:00
Plumbing Assistant,320.0,28.0,success,False,2026-08-21T00:44:10.518978+09:00
Plumbing Atlas,,,failed,False,2026-08-21T00:43:49.917491+09:00
Plumbing Attribute,,,failed,False,2026-08-23T13:08:51.704947+09:00
Plumbing Badge,210.0,6.0,success,False,2026-08-21T00:48:33.175763+09:00
Plumbing Base,210.0,42.0,success,False,2026-08-21T00:50:29.679005+09:00
Plumbing Beacon,50.0,89.0,success,False,2026-08-21T00:49:37.584742+09:00
Plumbing Bill,260.0,7.0,success,False,2026-08-21T00:47:54.639607+09:00
Plumbing Bin,,,failed,False,2026-08-21T00:45:54.993375+09:00
Plumbing Board,1300.0,2.0,success,False,2026-08-21T00:50:41.630976+09:00
Plumbing Bridge,110.0,6.0,success,False,2026-08-21T00:49:49.714688+09:00
Plumbing Brief,,,failed,False,2026-08-21T00:59:10.591896+09:00
Plumbing Bulletin,,,failed,False,2026-08-21T00:59:06.391670+09:00
Plumbing Cabinet,40.0,26.0,success,False,2026-08-27T23:15:41.145408+09:00
Plumbing Calendar,140.0,1.0,success,False,2026-08-21T00:44:48.876991+09:00
Plumbing Card,480.0,40.0,success,False,2026-08-21T00:46:29.176332+09:00
Plumbing Cascade,,,failed,False,2026-08-21T00:49:44.632195+09:00
Plumbing Cash,,,failed,False,2026-08-21T02:21:55.234205+09:00
Plumbing Cashback,,,failed,False,2026-08-27T21:16:19.259868+09:00
Plumbing Category,70.0,2.0,success,False,2026-08-23T13:08:46.542285+09:00
Plumbing Center,590.0,38.0,success,False,2026-08-21T00:51:07.998109+09:00
Plumbing Chain,260.0,93.0,success,False,2026-08-21T00:51:44.900545+09:00
Plumbing Charge,8100.0,43.0,success,False,2026-08-21T02:39:09.375307+09:00
Plumbing Chart,140.0,3.0,success,False,2026-08-21T00:45:52.774285+09:00
Plumbing Check,320.0,16.0,success,False,2026-08-21T00:46:35.033553+09:00
Plumbing Checker,,,failed,False,2026-08-27T23:59:30.142774+09:00
Plumbing Circular,,,failed,False,2026-08-21T01:00:11.022856+09:00
Plumbing Code,2400.0,16.0,success,False,2026-08-21T00:48:00.969173+09:00
Plumbing Companion,,,failed,False,2026-08-21T00:44:23.943990+09:00
Plumbing Confirmation,,,failed,False,2026-08-21T00:59:36.315785+09:00
Plumbing Console,,,failed,False,2026-08-21T00:51:18.988117+09:00
Plumbing Contribution,,,failed,False,2026-08-23T16:12:46.857371+09:00
Plumbing Copayment,,,failed,False,2026-08-23T16:38:22.069097+09:00
Plumbing Core,140.0,16.0,success,False,2026-08-21T00:50:33.252784+09:00
Plumbing Cost,8100.0,43.0,success,False,2026-08-21T02:14:24.666160+09:00
Plumbing Counter,30.0,10.0,success,False,2026-08-21T00:45:08.644829+09:00
Plumbing Coupon,320.0,34.0,success,False,2026-08-27T21:16:16.799513+09:00
Plumbing Deal,720.0,47.0,success,False,2026-08-21T01:57:52.664433+09:00
Plumbing Debt,,,failed,False,2026-08-21T02:21:44.938268+09:00
Plumbing Deck,,,failed,False,2026-08-21T00:50:45.127530+09:00
Plumbing Desk,10.0,0.0,success,False,2026-08-21T00:49:15.446712+09:00
Plumbing Detail,480.0,9.0,success,False,2026-08-23T03:20:42.703424+09:00
Plumbing Diagram,2900.0,1.0,success,False,2026-08-27T22:11:11.911250+09:00
Plumbing Directory,260.0,35.0,success,False,2026-08-21T00:44:54.956989+09:00
Plumbing Discount,2900.0,47.0,success,False,2026-08-23T16:12:41.676987+09:00
Plumbing Dossier,,,failed,False,2026-08-21T00:59:38.385269+09:00
Plumbing Downpayment,,,failed,False,2026-08-27T21:47:32.265892+09:00
Plumbing Draft,,,failed,False,2026-08-21T00:47:23.165444+09:00
Plumbing Due,,,failed,False,2026-08-23T15:50:46.818166+09:00
Plumbing Duty,,,failed,False,2026-08-21T02:39:12.661070+09:00
Plumbing Engine,,,failed,False,2026-08-21T00:44:03.384423+09:00
Plumbing Entry,,,failed,False,2026-08-21T00:59:52.495839+09:00
Plumbing Estimate,880.0,52.0,success,False,2026-08-21T00:47:46.608049+09:00
Plumbing Estimator,390.0,50.0,success,False,2026-08-27T23:59:26.259431+09:00
Plumbing Excerpt,,,failed,False,2026-08-21T01:01:57.606553+09:00
Plumbing Extension,210.0,85.0,success,False,2026-08-23T16:38:24.543370+09:00
Plumbing Fare,,,failed,False,2026-08-21T02:14:32.398981+09:00
Plumbing Fee,8100.0,43.0,success,False,2026-08-21T01:57:38.284860+09:00
Plumbing Feed,,,failed,False,2026-08-21T00:47:19.116810+09:00
Plumbing Field,30.0,31.0,success,False,2026-08-23T13:08:53.842629+09:00
Plumbing File,50.0,68.0,success,False,2026-08-21T00:47:05.432306+09:00
Plumbing Finder,90.0,19.0,success,False,2026-08-21T00:45:03.734783+09:00
Plumbing Fine,,,failed,False,2026-08-23T02:55:04.865137+09:00
Plumbing Flow,30.0,14.0,success,False,2026-08-21T00:49:07.202034+09:00
Plumbing Forge,,,failed,False,2026-08-21T00:49:41.369493+09:00
Plumbing Form,70.0,6.0,success,False,2026-08-21T00:46:23.702871+09:00
Plumbing Format,,,failed,False,2026-08-23T13:08:56.247878+09:00
Plumbing Frame,,,failed,False,2026-08-21T00:50:24.003386+09:00
Plumbing Fund,,,failed,False,2026-08-21T02:21:52.863298+09:00
Plumbing Gate,,,failed,False,2026-08-21T00:43:39.738116+09:00
Plumbing Giveaway,,,failed,False,2026-08-27T21:16:23.936714+09:00
Plumbing Graph,,,failed,False,2026-08-27T22:10:59.501612+09:00
Plumbing Grid,,,failed,False,2026-08-21T00:50:07.130228+09:00
Plumbing Guarantee,140.0,17.0,success,False,2026-08-28T01:02:58.141304+09:00
Plumbing Guardian,,,failed,False,2026-08-28T00:21:14.040617+09:00
Plumbing Helpdesk,,,failed,False,2026-08-27T22:49:44.992225+09:00
Plumbing Helper,2900.0,27.0,success,False,2026-08-28T00:21:19.709791+09:00
Plumbing History,590.0,3.0,success,False,2026-08-21T00:47:01.645682+09:00
Plumbing Hub,880.0,24.0,success,False,2026-08-21T00:49:12.731444+09:00
Plumbing Identifier,,,failed,False,2026-08-23T13:08:44.526296+09:00
Plumbing Inbox,,,failed,False,2026-08-21T00:45:47.976857+09:00
Plumbing Incentive,,,failed,False,2026-08-27T21:16:21.669078+09:00
Plumbing Index,,,failed,False,2026-08-21T00:47:36.977895+09:00
Plumbing Installment,,,failed,False,2026-08-23T16:12:43.953628+09:00
Plumbing Item,4400.0,55.0,success,False,2026-08-21T01:57:40.883576+09:00
Plumbing Journal,20.0,11.0,success,False,2026-08-21T00:44:42.710868+09:00
Plumbing Keeper,,,failed,False,2026-08-21T00:43:54.085720+09:00
Plumbing Lab,210.0,17.0,success,False,2026-08-21T00:50:54.055448+09:00
Plumbing Label,170.0,92.0,success,False,2026-08-27T22:11:01.897181+09:00
Plumbing Layout,1900.0,1.0,success,False,2026-08-27T22:28:56.801982+09:00
Plumbing Ledger,,,failed,False,2026-08-21T00:50:38.979933+09:00
Plumbing Level,3600.0,97.0,success,False,2026-08-21T00:47:07.675748+09:00
Plumbing Line,22200.0,20.0,success,False,2026-08-21T00:46:06.764298+09:00
Plumbing Link,210.0,41.0,success,False,2026-08-23T03:20:32.320134+09:00
Plumbing List,390.0,11.0,success,False,2026-08-21T00:48:07.260312+09:00
Plumbing Loan,40.0,65.0,success,False,2026-08-21T02:14:40.877635+09:00
Plumbing Lobby,,,failed,False,2026-08-21T00:45:59.951643+09:00
Plumbing Locator,260.0,89.0,success,False,2026-08-21T00:44:58.799520+09:00
Plumbing Locker,,,failed,False,2026-08-21T00:45:13.293562+09:00
Plumbing Log,30.0,3.0,success,False,2026-08-21T00:46:21.529361+09:00
Plumbing Loop,210.0,7.0,success,False,2026-08-21T00:50:02.185546+09:00
Plumbing Manager,210.0,11.0,success,False,2026-08-21T00:43:59.576313+09:00
Plumbing Manual,110.0,70.0,success,False,2026-08-27T22:11:05.293773+09:00
Plumbing Map,260.0,10.0,success,False,2026-08-21T00:50:21.320378+09:00
Plumbing Margin,,,failed,False,2026-08-23T02:55:02.071314+09:00
Plumbing Markup,,,failed,False,2026-08-23T16:38:19.079152+09:00
Plumbing Memo,,,failed,False,2026-08-21T00:48:51.829218+09:00
Plumbing Message,,,failed,False,2026-08-27T23:15:36.970228+09:00
Plumbing Monitor,,,failed,False,2026-08-21T00:44:21.197874+09:00
Plumbing Nexus,,,failed,False,2026-08-21T00:43:46.604021+09:00
Plumbing Note,480.0,2.0,success,False,2026-08-21T00:46:42.116087+09:00
Plumbing Notification,,,failed,False,2026-08-27T22:49:39.100911+09:00
Plumbing Number,880.0,52.0,success,False,2026-08-23T03:20:22.973389+09:00
Plumbing Office,110.0,27.0,success,False,2026-08-21T00:45:06.062419+09:00
Plumbing Ops,,,failed,False,2026-08-21T00:44:32.272154+09:00
Plumbing Order,,,failed,False,2026-08-21T00:47:49.290523+09:00
Plumbing Overage,,,failed,False,2026-08-27T21:47:32.265892+09:00
Plumbing Overdue,,,failed,False,2026-08-27T21:47:27.442070+09:00
Plumbing Panel,170.0,87.0,success,False,2026-08-21T00:51:25.324564+09:00
Plumbing Pass,,,failed,False,2026-08-21T00:48:26.954363+09:00
Plumbing Passport,,,failed,False,2026-08-21T00:45:57.527663+09:00
Plumbing Path,,,failed,False,2026-08-21T00:50:13.056816+09:00
Plumbing Payoff,,,failed,False,2026-08-27T21:47:29.918815+09:00
Plumbing Penalty,,,failed,False,2026-08-23T16:38:19.079152+09:00
Plumbing Petition,,,failed,False,2026-08-21T00:59:32.095317+09:00
Plumbing Plan,5400.0,4.0,success,False,2026-08-21T01:57:50.113408+09:00
Plumbing Planner,5400.0,4.0,success,False,2026-08-21T00:44:13.071089+09:00
Plumbing Playbook,,,failed,False,2026-08-21T00:44:36.517071+09:00
Plumbing Point,1000.0,5.0,success,False,2026-08-21T00:50:17.936305+09:00
Plumbing Portal,50.0,4.0,success,False,2026-08-21T00:51:16.185060+09:00
Plumbing Profile,50.0,9.0,success,False,2026-08-21T00:46:47.041557+09:00
Plumbing Profit,,,failed,False,2026-08-23T02:54:55.052160+09:00
Plumbing Proposal,70.0,37.0,success,False,2026-08-28T01:02:54.819638+09:00
Plumbing Quota,,,failed,False,2026-08-21T00:48:54.666046+09:00
Plumbing Radar,,,failed,False,2026-08-21T00:49:18.470865+09:00
Plumbing Rail,30.0,2.0,success,False,2026-08-21T00:51:35.796791+09:00
Plumbing Rate,8100.0,43.0,success,False,2026-08-21T00:47:10.612469+09:00
Plumbing Recap,,,failed,False,2026-08-21T00:59:43.831495+09:00
Plumbing Receipt,390.0,96.0,success,False,2026-08-21T00:47:57.951273+09:00
Plumbing Recorder,,,failed,False,2026-08-27T23:36:44.866320+09:00
Plumbing Register,590.0,9.0,success,False,2026-08-21T00:44:30.138587+09:00
Plumbing Registry,,,failed,False,2026-08-21T00:44:45.180563+09:00
Plumbing Relay,,,failed,False,2026-08-21T00:49:24.098446+09:00
Plumbing Reminder,,,failed,False,2026-08-21T00:47:34.415597+09:00
Plumbing Report,390.0,36.0,success,False,2026-08-21T00:46:19.116405+09:00
Plumbing Ring,390.0,89.0,success,False,2026-08-21T00:43:36.715710+09:00
Plumbing Roll,,,failed,False,2026-08-21T00:46:15.039620+09:00
Plumbing Roster,,,failed,False,2026-08-21T00:45:47.976857+09:00
Plumbing Route,,,failed,False,2026-08-21T00:51:31.068549+09:00
Plumbing Rule,590.0,19.0,success,False,2026-08-23T03:20:39.175053+09:00
Plumbing Sale,1600.0,92.0,success,False,2026-08-21T02:22:03.460496+09:00
Plumbing Sample,20.0,1.0,success,False,2026-08-21T00:48:18.650216+09:00
Plumbing Scale,20.0,13.0,success,False,2026-08-21T00:51:27.534494+09:00
Plumbing Scanner,70.0,100.0,success,False,2026-08-27T23:59:30.142774+09:00
Plumbing Scheduler,,,failed,False,2026-08-21T00:44:15.465135+09:00
Plumbing Schematic,2900.0,1.0,success,False,2026-08-27T22:28:56.801982+09:00
Plumbing Scope,590.0,100.0,success,False,2026-08-21T00:49:59.942955+09:00
Plumbing Score,,,failed,False,2026-08-21T00:46:37.254114+09:00
Plumbing Sheet,90.0,6.0,success,False,2026-08-21T00:46:31.440534+09:00
Plumbing Shortfall,,,failed,False,2026-08-27T21:47:35.080437+09:00
Plumbing Signal,,,failed,False,2026-08-21T00:49:52.271441+09:00
Plumbing Signature,,,failed,False,2026-08-23T13:28:15.741943+09:00
Plumbing Slip,,,failed,False,2026-08-21T00:48:15.897610+09:00
Plumbing Slot,,,failed,False,2026-08-21T00:48:22.062191+09:00
Plumbing Stake,,,failed,False,2026-08-23T02:54:59.727215+09:00
Plumbing Statement,,,failed,False,2026-08-21T00:48:44.199856+09:00
Plumbing Station,210.0,62.0,success,False,2026-08-21T00:50:58.385493+09:00
Plumbing Status,30.0,2.0,success,False,2026-08-21T00:46:52.072318+09:00
Plumbing Stub,140.0,48.0,success,False,2026-08-21T00:48:40.223162+09:00
Plumbing Studio,20.0,33.0,success,False,2026-08-21T00:50:50.084554+09:00
Plumbing Subsidy,,,failed,False,2026-08-23T15:50:49.697674+09:00
Plumbing Sum,,,failed,False,2026-08-21T02:21:41.084768+09:00
Plumbing Summary,30.0,2.0,success,False,2026-08-21T00:47:29.450326+09:00
Plumbing Tab,140.0,17.0,success,False,2026-08-21T00:48:57.806090+09:00
Plumbing Table,50.0,15.0,success,False,2026-08-21T00:48:09.704229+09:00
Plumbing Tag,170.0,89.0,success,False,2026-08-21T00:46:44.759034+09:00
Plumbing Tariff,,,failed,False,2026-08-21T02:39:27.182357+09:00
Plumbing Tax,10.0,7.0,success,False,2026-08-21T02:14:36.179977+09:00
Plumbing Terminal,,,failed,False,2026-08-21T00:51:04.799989+09:00
Plumbing Ticker,,,failed,False,2026-08-21T00:46:03.316699+09:00
Plumbing Ticket,50.0,19.0,success,False,2026-08-21T00:47:44.020698+09:00
Plumbing Timeline,20.0,0.0,success,False,2026-08-21T00:47:32.281403+09:00
Plumbing Timer,,,failed,False,2026-08-28T00:21:09.151755+09:00
Plumbing Toll,,,failed,False,2026-08-21T02:39:16.897271+09:00
Plumbing Toolbox,260.0,100.0,success,False,2026-08-28T00:21:17.081309+09:00
Plumbing Total,,,failed,False,2026-08-27T23:15:36.970228+09:00
Plumbing Tracker,20.0,65.0,success,False,2026-08-21T00:49:04.500727+09:00
Plumbing Trail,,,failed,False,2026-08-21T00:51:40.152987+09:00
Plumbing Trial,,,failed,False,2026-08-27T21:16:19.259868+09:00
Plumbing Unit,480.0,5.0,success,False,2026-08-21T01:57:45.438381+09:00
Plumbing Update,,,failed,False,2026-08-21T00:47:16.635421+09:00
Plumbing Value,30.0,22.0,success,False,2026-08-23T02:54:57.045583+09:00
Plumbing Vault,40.0,24.0,success,False,2026-08-21T00:49:27.660795+09:00
Plumbing Version,,,failed,False,2026-08-23T03:20:27.097448+09:00
Plumbing View,,,failed,False,2026-08-21T00:46:54.280562+09:00
Plumbing Voucher,,,failed,False,2026-08-21T00:48:30.052376+09:00
Plumbing Watch,,,failed,False,2026-08-21T00:49:56.955669+09:00
Plumbing Wave,,,failed,False,2026-08-21T00:50:09.781883+09:00
Plumbing Widget,,,failed,False,2026-08-27T23:15:41.145408+09:00
Plumbing Window,,,failed,False,2026-08-21T00:46:10.718962+09:00
Plumbing Worksheet,70.0,0.0,success,False,2026-08-27T22:11:07.504968+09:00
Plumbing Workshop,260.0,12.0,success,False,2026-08-28T00:21:11.601666+09:00
Plumbing Zone,170.0,9.0,success,False,2026-08-21T00:51:10.614458+09:00
Policy Advance,10.0,0.0,success,False,2026-08-23T16:17:06.545040+09:00
Policy Advisory,2900.0,9.0,success,False,2026-08-21T01:08:54.756215+09:00
Policy Allowance,40.0,0.0,success,False,2026-08-21T02:45:23.002534+09:00
Policy Almanac,10.0,0.0,success,False,2026-08-18T23:51:45.933579+09:00
Policy Analyzer,590.0,16.0,success,False,2026-08-27T23:59:23.650703+09:00
Policy Anchor,10.0,0.0,success,False,2026-08-17T20:48:34.410191+09:00
Policy Announcement,90.0,0.0,success,False,2026-08-27T23:37:06.230002+09:00
Policy Arrears,,,failed,False,2026-08-23T16:17:04.207592+09:00
Policy Asset,,,failed,False,2026-08-23T13:48:35.211056+09:00
Policy Assistant,390.0,3.0,success,False,2026-08-17T23:14:22.352504+09:00
Policy Atlas,50.0,4.0,success,False,2026-08-17T20:38:43.149907+09:00
Policy Badge,40.0,0.0,success,False,2026-08-21T00:35:54.809657+09:00
Policy Balance,20.0,4.0,success,False,2026-08-23T13:48:35.211056+09:00
Policy Base,170.0,0.0,success,False,2026-08-17T20:35:28.436030+09:00
Policy Beacon,,,failed,False,2026-08-17T21:34:09.721109+09:00
Policy Bill,50.0,0.0,success,False,2026-08-19T22:05:25.560581+09:00
Policy Blueprint,50.0,0.0,success,False,2026-08-18T23:51:45.933579+09:00
Policy Board,140.0,0.0,success,False,2026-08-17T20:32:36.001496+09:00
Policy Book,720.0,12.0,success,False,2026-08-19T22:06:12.556669+09:00
Policy Bridge,110.0,0.0,success,False,2026-08-17T21:30:47.592348+09:00
Policy Brief,22200.0,1.0,success,False,2026-08-21T01:08:42.694211+09:00
Policy Bulletin,30.0,0.0,success,False,2026-08-21T01:08:38.226777+09:00
Policy Calculator,480.0,63.0,success,False,2026-08-27T23:37:06.230002+09:00
Policy Calendar,30.0,0.0,success,False,2026-08-19T00:04:23.577898+09:00
Policy Card,170.0,2.0,success,False,2026-08-19T13:39:49.486851+09:00
Policy Cascade,,,failed,False,2026-08-17T21:31:59.895065+09:00
Policy Cash,,,failed,False,2026-08-21T02:30:41.751111+09:00
Policy Cashback,,,failed,False,2026-08-27T21:19:46.309866+09:00
Policy Category,140.0,0.0,success,False,2026-08-23T13:10:03.956535+09:00
Policy Center,1300.0,1.0,success,False,2026-08-17T21:36:43.981322+09:00
Policy Chain,,,failed,False,2026-08-17T20:42:52.966707+09:00
Policy Charge,20.0,16.0,success,False,2026-08-21T02:45:13.542612+09:00
Policy Check,1300.0,27.0,success,False,2026-08-19T13:40:14.970348+09:00
Policy Checker,1300.0,27.0,success,False,2026-08-27T23:59:20.883273+09:00
Policy Circular,40.0,0.0,success,False,2026-08-21T01:08:49.317162+09:00
Policy Cockpit,,,failed,False,2026-08-17T23:32:21.137516+09:00
Policy Code,70.0,1.0,success,False,2026-08-19T22:05:43.764657+09:00
Policy Codex,,,failed,False,2026-08-18T23:51:45.933579+09:00
Policy Companion,,,failed,False,2026-08-17T23:12:24.724350+09:00
Policy Comparison,320.0,54.0,success,False,2026-08-28T01:08:56.786303+09:00
Policy Compass,70.0,0.0,success,False,2026-08-17T21:35:14.152571+09:00
Policy Compendium,30.0,0.0,success,False,2026-08-18T23:51:45.933579+09:00
Policy Confirmation,50.0,2.0,success,False,2026-08-21T01:09:04.636561+09:00
Policy Console,10.0,0.0,success,False,2026-08-17T21:33:36.085901+09:00
Policy Contribution,10.0,0.0,success,False,2026-08-23T16:17:00.383036+09:00
Policy Core,10.0,1.0,success,False,2026-08-17T20:34:34.179062+09:00
Policy Cost,50.0,9.0,success,False,2026-08-21T02:15:06.129671+09:00
Policy Count,20.0,0.0,success,False,2026-08-27T22:51:39.171829+09:00
Policy Counter,10.0,0.0,success,False,2026-08-19T00:05:01.988375+09:00
Policy Coupon,,,failed,False,2026-08-27T21:19:46.309866+09:00
Policy Dashboard,90.0,4.0,success,False,2026-08-17T23:05:14.518937+09:00
Policy Deal,10.0,59.0,success,False,2026-08-21T01:59:50.051478+09:00
Policy Debt,90.0,1.0,success,False,2026-08-21T02:30:33.788820+09:00
Policy Deck,10.0,0.0,success,False,2026-08-18T07:52:01.229242+09:00
Policy Depot,,,failed,False,2026-08-19T00:04:50.750995+09:00
Policy Desk,50.0,0.0,success,False,2026-08-17T21:40:41.309160+09:00
Policy Detail,1000.0,17.0,success,False,2026-08-23T03:24:30.095281+09:00
Policy Detector,,,failed,False,2026-08-27T23:59:23.650703+09:00
Policy Dial,,,failed,False,2026-08-17T21:31:28.023870+09:00
Policy Digest,30.0,1.0,success,False,2026-08-19T20:48:59.251157+09:00
Policy Directory,40.0,0.0,success,False,2026-08-19T00:04:33.745752+09:00
Policy Discount,20.0,22.0,success,False,2026-08-23T16:16:57.987177+09:00
Policy Dock,10.0,25.0,success,False,2026-08-17T20:45:42.370254+09:00
Policy Dossier,20.0,0.0,success,False,2026-08-21T01:09:06.679370+09:00
Policy Downpayment,,,failed,False,2026-08-27T21:50:44.551751+09:00
Policy Draft,320.0,0.0,success,False,2026-08-19T20:49:06.260858+09:00
Policy Due,,,failed,False,2026-08-23T15:53:05.427640+09:00
Policy Duty,,,failed,False,2026-08-21T02:45:16.049005+09:00
Policy Endowment,8100.0,17.0,success,False,2026-08-23T15:53:08.210333+09:00
Policy Engine,1000.0,6.0,success,False,2026-08-17T23:31:10.385394+09:00
Policy Entry,10.0,1.0,success,False,2026-08-21T01:09:22.527514+09:00
Policy Estimate,,,failed,False,2026-08-19T21:33:04.196015+09:00
Policy Estimator,,,failed,False,2026-08-27T23:59:20.883273+09:00
Policy Excerpt,,,failed,False,2026-08-21T01:09:17.934023+09:00
Policy Extension,40.0,0.0,success,False,2026-08-23T16:40:21.439904+09:00
Policy Fare,,,failed,False,2026-08-21T02:15:15.095648+09:00
Policy Fee,140.0,1.0,success,False,2026-08-21T01:59:37.170622+09:00
Policy Feed,,,failed,False,2026-08-19T20:49:04.250848+09:00
Policy File,140.0,0.0,success,False,2026-08-19T20:48:35.358478+09:00
Policy Finder,260.0,27.0,success,False,2026-08-19T00:04:42.603293+09:00
Policy Fine,40.0,0.0,success,False,2026-08-23T02:58:39.272586+09:00
Policy Flag,20.0,0.0,success,False,2026-08-21T00:36:26.230021+09:00
Policy Flow,90.0,5.0,success,False,2026-08-17T20:31:59.985806+09:00
Policy Forge,30.0,1.0,success,False,2026-08-17T21:33:08.992358+09:00
Policy Form,480.0,5.0,success,False,2026-08-19T13:39:34.156572+09:00
Policy Frame,140.0,0.0,success,False,2026-08-17T20:36:26.800121+09:00
Policy Fund,90.0,3.0,success,False,2026-08-21T02:30:37.873895+09:00
Policy Gate,20.0,1.0,success,False,2026-08-17T20:40:32.567080+09:00
Policy Generator,720.0,17.0,success,False,2026-08-27T23:37:11.995923+09:00
Policy Giveaway,,,failed,False,2026-08-27T21:19:54.141367+09:00
Policy Grade,,,failed,False,2026-08-21T00:36:14.044141+09:00
Policy Grid,10.0,0.0,success,False,2026-08-17T20:43:25.230587+09:00
Policy Guard,30.0,14.0,success,False,2026-08-17T20:35:00.475766+09:00
Policy Guardian,50.0,12.0,success,False,2026-08-28T00:27:37.736040+09:00
Policy Guidebook,,,failed,False,2026-08-18T23:51:45.933579+09:00
Policy Helpdesk,,,failed,False,2026-08-27T22:51:42.060485+09:00
Policy Helper,,,failed,False,2026-08-28T00:27:40.381664+09:00
Policy History,70.0,0.0,success,False,2026-08-19T20:48:28.899410+09:00
Policy Hub,1600.0,4.0,success,False,2026-08-18T07:52:58.974940+09:00
Policy Identifier,320.0,2.0,success,False,2026-08-23T13:10:03.956535+09:00
Policy Incentive,320.0,0.0,success,False,2026-08-27T21:19:50.770385+09:00
Policy Index,140.0,0.0,success,False,2026-08-19T21:33:01.101175+09:00
Policy Insight,210.0,2.0,success,False,2026-08-17T23:32:02.596672+09:00
Policy Installment,,,failed,False,2026-08-23T16:17:00.383036+09:00
Policy Interest,90.0,0.0,success,False,2026-08-23T13:48:35.211056+09:00
Policy Item,,,failed,False,2026-08-21T01:59:39.898712+09:00
Policy Journal,320.0,1.0,success,False,2026-08-18T23:51:45.933579+09:00
Policy Keeper,20.0,5.0,success,False,2026-08-17T20:36:59.320935+09:00
Policy Kit,320.0,0.0,success,False,2026-08-27T22:51:36.322343+09:00
Policy Lab,1600.0,0.0,success,True,2026-08-17T21:41:22.072079+09:00
Policy Label,,,failed,False,2026-08-27T22:15:29.214068+09:00
Policy Ledger,,,failed,False,2026-08-17T20:33:41.175079+09:00
Policy Lens,50.0,0.0,success,False,2026-08-17T20:37:26.547523+09:00
Policy Level,170.0,0.0,success,False,2026-08-19T20:48:40.120494+09:00
Policy Levy,,,failed,False,2026-08-23T13:48:35.211056+09:00
Policy Link,1900.0,4.0,success,False,2026-08-23T03:24:25.190204+09:00
Policy List,720.0,1.0,success,False,2026-08-19T22:05:51.290848+09:00
Policy Loan,1300.0,6.0,success,False,2026-08-21T02:15:19.980644+09:00
Policy Locator,90.0,16.0,success,False,2026-08-19T00:04:38.069566+09:00
Policy Lock,10.0,0.0,success,False,2026-08-17T20:39:15.324728+09:00
Policy Log,30.0,5.0,success,False,2026-08-19T13:39:22.411617+09:00
Policy Loop,10.0,7.0,success,False,2026-08-17T20:44:15.738532+09:00
Policy Manager,1300.0,3.0,success,False,2026-08-17T20:36:00.761105+09:00
Policy Manual,1000.0,1.0,success,False,2026-08-27T22:15:29.214068+09:00
Policy Map,2900.0,3.0,success,False,2026-08-17T20:38:19.209708+09:00
Policy Markup,,,failed,False,2026-08-23T16:40:19.270826+09:00
Policy Memo,2900.0,0.0,success,True,2026-08-21T00:36:18.143483+09:00
Policy Message,70.0,0.0,success,False,2026-08-27T23:16:41.409509+09:00
Policy Meter,10.0,25.0,success,False,2026-08-17T21:30:15.996537+09:00
Policy Metrics,20.0,0.0,success,False,2026-08-17T23:10:49.091693+09:00
Policy Monitor,590.0,61.0,success,False,2026-08-17T22:51:27.768654+09:00
Policy Navigator,40.0,1.0,success,False,2026-08-17T23:32:34.743858+09:00
Policy Nexus,50.0,0.0,success,False,2026-08-17T20:39:41.640400+09:00
Policy Node,,,failed,False,2026-08-17T20:41:16.510977+09:00
Policy Note,1900.0,9.0,success,False,2026-08-19T13:40:53.899440+09:00
Policy Notification,20.0,0.0,success,False,2026-08-27T22:51:33.320373+09:00
Policy Number,9900.0,7.0,success,False,2026-08-23T03:24:18.387553+09:00
Policy Office,201000.0,1.0,success,False,2026-08-19T00:04:56.559247+09:00
Policy Ops,,,failed,False,2026-08-17T23:07:07.612411+09:00
Policy Order,30.0,0.0,success,False,2026-08-19T22:05:13.355108+09:00
Policy Organizer,,,failed,False,2026-08-17T23:31:45.267981+09:00
Policy Outline,70.0,2.0,success,False,2026-08-27T22:29:33.709708+09:00
Policy Overage,,,failed,False,2026-08-27T21:50:44.551751+09:00
Policy Overdue,,,failed,False,2026-08-27T21:50:39.210391+09:00
Policy Panel,20.0,0.0,success,False,2026-08-17T21:32:33.876836+09:00
Policy Pass,30.0,0.0,success,False,2026-08-21T00:35:43.096296+09:00
Policy Path,40.0,0.0,success,False,2026-08-17T20:40:52.985789+09:00
Policy Payoff,,,failed,False,2026-08-27T21:50:42.355855+09:00
Policy Penalty,,,failed,False,2026-08-23T16:40:19.270826+09:00
Policy Petition,,,failed,False,2026-08-21T01:08:59.079967+09:00
Policy Pilot,50.0,2.0,success,False,2026-08-18T01:28:07.797651+09:00
Policy Plan,260.0,27.0,success,False,2026-08-21T01:59:47.241476+09:00
Policy Planner,720.0,10.0,success,False,2026-08-17T23:31:27.985495+09:00
Policy Playbook,50.0,1.0,success,False,2026-08-18T23:51:45.933579+09:00
Policy Point,260.0,3.0,success,False,2026-08-17T20:40:08.225876+09:00
Policy Portal,1300.0,1.0,success,False,2026-08-17T21:34:39.149688+09:00
Policy Preview,,,failed,False,2026-08-28T01:09:01.288346+09:00
Policy Profile,30.0,0.0,success,False,2026-08-19T13:41:26.637679+09:00
Policy Profit,,,failed,False,2026-08-23T02:58:33.536123+09:00
Policy Proposal,880.0,0.0,success,False,2026-08-28T01:09:01.288346+09:00
Policy Pulse,260.0,0.0,success,False,2026-08-17T20:42:29.560038+09:00
Policy Quota,,,failed,False,2026-08-21T00:36:21.244854+09:00
Policy Radar,30.0,0.0,success,False,2026-08-17T21:38:29.386806+09:00
Policy Rail,,,failed,False,2026-08-17T20:44:37.629482+09:00
Policy Rate,4400.0,0.0,success,True,2026-08-19T20:48:46.011592+09:00
Policy Recap,,,failed,False,2026-08-21T01:09:12.434019+09:00
Policy Receipt,50.0,0.0,success,False,2026-08-19T22:05:35.780904+09:00
Policy Recorder,,,failed,False,2026-08-27T23:37:11.995923+09:00
Policy Redemption,10.0,0.0,success,False,2026-08-23T16:40:19.270826+09:00
Policy Register,140.0,1.0,success,False,2026-08-17T23:32:49.252049+09:00
Policy Registry,140.0,1.0,success,False,2026-08-18T23:51:45.933579+09:00
Policy Relay,,,failed,False,2026-08-17T21:37:21.496927+09:00
Policy Reminder,90.0,0.0,success,False,2026-08-19T21:33:01.101175+09:00
Policy Report,720.0,0.0,success,False,2026-08-19T13:39:01.193066+09:00
Policy Repository,50.0,8.0,success,False,2026-08-27T23:16:51.144125+09:00
Policy Result,260.0,0.0,success,False,2026-08-28T00:49:05.838031+09:00
Policy Roadmap,90.0,0.0,success,False,2026-08-18T23:51:45.933579+09:00
Policy Roster,,,failed,False,2026-08-19T00:38:50.428870+09:00
Policy Route,1900.0,1.0,success,False,2026-08-17T20:46:42.242736+09:00
Policy Rule,720.0,1.0,success,False,2026-08-23T03:24:25.190204+09:00
Policy Sale,390.0,1.0,success,False,2026-08-21T02:30:47.137745+09:00
Policy Sample,320.0,4.0,success,False,2026-08-19T22:06:35.304978+09:00
Policy Scale,20.0,0.0,success,False,2026-08-17T20:47:58.336807+09:00
Policy Scanner,70.0,8.0,success,False,2026-08-27T23:59:20.883273+09:00
Policy Scheduler,,,failed,False,2026-08-17T23:09:09.172246+09:00
Policy Scope,390.0,0.0,success,False,2026-08-17T20:45:16.547101+09:00
Policy Score,20.0,2.0,success,False,2026-08-19T13:40:29.386715+09:00
Policy Sentry,40.0,4.0,success,False,2026-08-17T20:37:57.626492+09:00
Policy Sheet,50.0,1.0,success,False,2026-08-19T13:40:01.237122+09:00
Policy Shortfall,,,failed,False,2026-08-27T21:50:46.767806+09:00
Policy Signal,,,failed,False,2026-08-17T20:47:16.621554+09:00
Policy Signature,110.0,3.0,success,False,2026-08-23T13:28:19.840300+09:00
Policy Slip,590.0,0.0,success,False,2026-08-19T22:06:26.107612+09:00
Policy Slot,,,failed,False,2026-08-19T22:06:44.272499+09:00
Policy Snapshot,20.0,0.0,success,False,2026-08-18T23:51:45.933579+09:00
Policy Stage,,,failed,False,2026-08-28T00:49:05.838031+09:00
Policy Stake,,,failed,False,2026-08-23T02:58:35.873995+09:00
Policy Statement,1600.0,0.0,success,True,2026-08-21T00:36:05.920603+09:00
Policy Station,1000000.0,1.0,success,False,2026-08-17T21:39:19.495692+09:00
Policy Status,880.0,7.0,success,False,2026-08-19T20:48:17.948513+09:00
Policy Stub,,,failed,False,2026-08-21T00:36:00.602558+09:00
Policy Studio,50.0,0.0,success,False,2026-08-18T07:52:13.300527+09:00
Policy Subsidy,,,failed,False,2026-08-23T15:53:08.210333+09:00
Policy Suite,40.0,9.0,success,False,2026-08-17T23:07:30.676472+09:00
Policy Sum,,,failed,False,2026-08-21T02:30:30.378357+09:00
Policy Summary,260.0,2.0,success,False,2026-08-19T21:32:58.231654+09:00
Policy Surtax,,,failed,False,2026-08-23T15:53:08.210333+09:00
Policy Sync,30.0,0.0,success,False,2026-08-17T20:33:09.747000+09:00
Policy Tab,,,failed,False,2026-08-21T00:36:30.694005+09:00
Policy Table,70.0,3.0,success,False,2026-08-19T22:06:04.414832+09:00
Policy Tag,90.0,0.0,success,False,2026-08-19T13:41:02.359276+09:00
Policy Tally,,,failed,False,2026-08-21T00:36:11.342304+09:00
Policy Tariff,,,failed,False,2026-08-21T02:45:25.368857+09:00
Policy Tax,2900.0,1.0,success,False,2026-08-21T02:15:15.095648+09:00
Policy Ticket,,,failed,False,2026-08-19T21:33:04.196015+09:00
Policy Tier,,,failed,False,2026-08-28T00:49:09.988603+09:00
Policy Timeline,50.0,0.0,success,False,2026-08-19T21:32:58.231654+09:00
Policy Timer,,,failed,False,2026-08-28T00:27:37.736040+09:00
Policy Toll,30.0,0.0,success,False,2026-08-21T02:45:19.238792+09:00
Policy Toolbox,20.0,0.0,success,False,2026-08-28T00:27:40.381664+09:00
Policy Toolkit,90.0,2.0,success,False,2026-08-18T23:51:45.933579+09:00
Policy Total,,,failed,False,2026-08-27T23:16:45.468022+09:00
Policy Tracker,1600.0,5.0,success,False,2026-08-17T20:34:09.472739+09:00
Policy Trail,,,failed,False,2026-08-17T20:43:55.064759+09:00
Policy Trend,40.0,1.0,success,False,2026-08-28T01:08:56.786303+09:00
Policy Trial,,,failed,False,2026-08-27T21:19:50.770385+09:00
Policy Unit,70.0,0.0,success,False,2026-08-21T01:59:42.509744+09:00
Policy Update,480.0,0.0,success,False,2026-08-19T20:48:51.281701+09:00
Policy Value,210.0,6.0,success,False,2026-08-23T02:58:33.536123+09:00
Policy Vault,90.0,2.0,success,False,2026-08-17T21:36:20.278504+09:00
Policy Version,20.0,0.0,success,False,2026-08-23T03:24:21.370472+09:00
Policy View,110.0,6.0,success,False,2026-08-19T20:48:23.205403+09:00
Policy Voucher,,,failed,False,2026-08-21T00:35:49.197244+09:00
Policy Wallet,30.0,19.0,success,False,2026-08-27T22:51:39.171829+09:00
Policy Watch,880.0,5.0,success,False,2026-08-17T20:46:03.469899+09:00
Policy Wave,210.0,21.0,success,False,2026-08-17T20:41:46.079279+09:00
Policy Widget,,,failed,False,2026-08-27T23:16:45.468022+09:00
Policy Workbench,,,failed,False,2026-08-18T23:51:45.933579+09:00
Policy Worksheet,,,failed,False,2026-08-27T22:15:33.141509+09:00
Policy Workshop,140.0,5.0,success,False,2026-08-28T00:27:37.736040+09:00
Policy Zone,50.0,2.0,success,False,2026-08-17T21:35:44.584576+09:00
Policyholder Advance,,,failed,False,2026-08-23T16:15:27.627511+09:00
Policyholder Advisory,,,failed,False,2026-08-21T01:05:23.608566+09:00
Policyholder Alert,,,failed,False,2026-08-21T00:08:32.112101+09:00
Policyholder Allowance,,,failed,False,2026-08-21T02:43:30.904154+09:00
Policyholder Analyzer,,,failed,False,2026-08-27T23:53:39.725939+09:00
Policyholder Arrears,,,failed,False,2026-08-23T16:15:27.627511+09:00
Policyholder Assistant,,,failed,False,2026-08-21T00:06:55.425363+09:00
Policyholder Atlas,,,failed,False,2026-08-21T00:06:41.845552+09:00
Policyholder Badge,,,failed,False,2026-08-21T00:29:18.901587+09:00
Policyholder Balance,,,failed,False,2026-08-23T13:46:50.376234+09:00
Policyholder Base,,,failed,False,2026-08-21T00:05:32.052210+09:00
Policyholder Bay,,,failed,False,2026-08-21T00:07:59.311862+09:00
Policyholder Beacon,,,failed,False,2026-08-21T00:11:33.849438+09:00
Policyholder Bill,,,failed,False,2026-08-21T00:10:37.172281+09:00
Policyholder Bin,,,failed,False,2026-08-21T00:08:43.301972+09:00
Policyholder Board,,,failed,False,2026-08-21T00:05:42.702163+09:00
Policyholder Book,,,failed,False,2026-08-21T00:10:51.522547+09:00
Policyholder Booth,,,failed,False,2026-08-21T00:07:47.780593+09:00
Policyholder Bridge,,,failed,False,2026-08-21T00:11:44.764762+09:00
Policyholder Brief,,,failed,False,2026-08-21T01:05:06.601547+09:00
Policyholder Bulletin,,,failed,False,2026-08-21T01:05:02.312819+09:00
Policyholder Calendar,,,failed,False,2026-08-21T00:07:19.615144+09:00
Policyholder Card,,,failed,False,2026-08-21T00:09:15.337380+09:00
Policyholder Cascade,,,failed,False,2026-08-21T00:11:41.126262+09:00
Policyholder Cash,,,failed,False,2026-08-21T02:26:43.792522+09:00
Policyholder Cashback,,,failed,False,2026-08-27T21:18:52.051068+09:00
Policyholder Center,,,failed,False,2026-08-21T00:06:02.924923+09:00
Policyholder Chain,,,failed,False,2026-08-21T00:06:31.070365+09:00
Policyholder Charge,,,failed,False,2026-08-21T02:43:21.598191+09:00
Policyholder Chart,,,failed,False,2026-08-21T00:08:35.535549+09:00
Policyholder Check,,,failed,False,2026-08-21T00:09:23.484193+09:00
Policyholder Checker,,,failed,False,2026-08-27T23:53:34.112900+09:00
Policyholder Circular,,,failed,False,2026-08-21T01:05:09.510273+09:00
Policyholder Code,10.0,32.0,success,False,2026-08-21T00:10:41.968767+09:00
Policyholder Companion,,,failed,False,2026-08-21T00:07:02.641295+09:00
Policyholder Comparison,,,failed,False,2026-08-28T01:05:11.238913+09:00
Policyholder Confirmation,,,failed,False,2026-08-21T01:05:30.928954+09:00
Policyholder Console,,,failed,False,2026-08-21T00:06:10.990572+09:00
Policyholder Contribution,,,failed,False,2026-08-23T16:15:25.443589+09:00
Policyholder Copayment,,,failed,False,2026-08-23T16:39:41.135046+09:00
Policyholder Core,,,failed,False,2026-08-21T00:05:36.511484+09:00
Policyholder Cost,,,failed,False,2026-08-21T02:09:52.288046+09:00
Policyholder Count,,,failed,False,2026-08-27T22:44:33.124302+09:00
Policyholder Counter,,,failed,False,2026-08-21T00:07:38.957051+09:00
Policyholder Coupon,,,failed,False,2026-08-27T21:18:48.752837+09:00
Policyholder Deal,,,failed,False,2026-08-21T01:52:30.422416+09:00
Policyholder Debt,,,failed,False,2026-08-21T02:26:39.495067+09:00
Policyholder Deck,,,failed,False,2026-08-21T00:05:45.974525+09:00
Policyholder Desk,,,failed,False,2026-08-21T00:11:15.329507+09:00
Policyholder Detail,,,failed,False,2026-08-23T03:24:42.957554+09:00
Policyholder Directory,,,failed,False,2026-08-21T00:07:23.788027+09:00
Policyholder Discount,,,failed,False,2026-08-23T16:15:20.225326+09:00
Policyholder Dossier,,,failed,False,2026-08-21T01:05:40.713486+09:00
Policyholder Downpayment,,,failed,False,2026-08-27T21:49:55.360701+09:00
Policyholder Draft,,,failed,False,2026-08-21T00:10:10.668873+09:00
Policyholder Due,,,failed,False,2026-08-23T15:51:57.634783+09:00
Policyholder Duty,,,failed,False,2026-08-21T02:43:25.318568+09:00
Policyholder Endowment,,,failed,False,2026-08-23T15:52:02.827883+09:00
Policyholder Engine,,,failed,False,2026-08-21T00:06:52.239933+09:00
Policyholder Entry,,,failed,False,2026-08-21T01:05:51.926035+09:00
Policyholder Estimate,,,failed,False,2026-08-21T00:10:31.102119+09:00
Policyholder Excerpt,,,failed,False,2026-08-21T01:05:53.776527+09:00
Policyholder Fare,,,failed,False,2026-08-21T02:10:00.502849+09:00
Policyholder Fee,,,failed,False,2026-08-21T01:52:08.240457+09:00
Policyholder Feed,,,failed,False,2026-08-21T00:10:08.386733+09:00
Policyholder File,,,failed,False,2026-08-21T00:09:56.547234+09:00
Policyholder Finder,,,failed,False,2026-08-21T00:07:30.087170+09:00
Policyholder Fine,,,failed,False,2026-08-23T02:57:59.639367+09:00
Policyholder Flag,,,failed,False,2026-08-21T00:30:08.282339+09:00
Policyholder Flow,,,failed,False,2026-08-21T00:11:09.626115+09:00
Policyholder Forge,,,failed,False,2026-08-21T00:11:37.455869+09:00
Policyholder Form,,,failed,False,2026-08-21T00:09:11.987938+09:00
Policyholder Format,,,failed,False,2026-08-23T13:05:32.456522+09:00
Policyholder Frame,,,failed,False,2026-08-21T00:05:29.824761+09:00
Policyholder Fund,10.0,0.0,success,False,2026-08-21T02:26:41.708739+09:00
Policyholder Gate,,,failed,False,2026-08-21T00:06:35.659041+09:00
Policyholder Giveaway,,,failed,False,2026-08-27T21:19:01.624624+09:00
Policyholder Grade,,,failed,False,2026-08-21T00:29:47.975164+09:00
Policyholder Graph,,,failed,False,2026-08-27T22:14:21.289312+09:00
Policyholder Grid,,,failed,False,2026-08-19T22:41:50.846543+09:00
Policyholder Guarantee,,,failed,False,2026-08-28T01:05:17.423675+09:00
Policyholder Guardian,,,failed,False,2026-08-28T00:23:53.902588+09:00
Policyholder Harbor,,,failed,False,2026-08-21T00:08:16.662845+09:00
Policyholder Helpdesk,,,failed,False,2026-08-27T22:44:35.371350+09:00
Policyholder Helper,,,failed,False,2026-08-28T00:23:56.463149+09:00
Policyholder History,,,failed,False,2026-08-21T00:09:53.180945+09:00
Policyholder Hub,,,failed,False,2026-08-21T00:11:12.755377+09:00
Policyholder Identifier,,,failed,False,2026-08-23T13:05:25.615596+09:00
Policyholder Inbox,,,failed,False,2026-08-21T00:08:29.674648+09:00
Policyholder Incentive,,,failed,False,2026-08-27T21:18:52.051068+09:00
Policyholder Index,,,failed,False,2026-08-21T00:10:20.448306+09:00
Policyholder Installment,,,failed,False,2026-08-23T16:15:22.615283+09:00
Policyholder Interest,,,failed,False,2026-08-23T13:46:52.749544+09:00
Policyholder Item,,,failed,False,2026-08-21T01:52:17.382086+09:00
Policyholder Journal,,,failed,False,2026-08-21T00:07:13.344965+09:00
Policyholder Keeper,,,failed,False,2026-08-21T00:06:45.845117+09:00
Policyholder Kiosk,,,failed,False,2026-08-21T00:07:51.744677+09:00
Policyholder Kit,,,failed,False,2026-08-27T22:44:27.817073+09:00
Policyholder Lab,,,failed,False,2026-08-21T00:05:53.181576+09:00
Policyholder Label,,,failed,False,2026-08-27T22:14:23.666536+09:00
Policyholder Ledger,,,failed,False,2026-08-21T00:05:39.660885+09:00
Policyholder Level,,,failed,False,2026-08-21T00:10:01.982446+09:00
Policyholder Line,,,failed,False,2026-08-21T00:08:53.382830+09:00
Policyholder Link,,,failed,False,2026-08-23T03:24:36.035969+09:00
Policyholder List,,,failed,False,2026-08-21T00:10:46.000113+09:00
Policyholder Loan,,,failed,False,2026-08-21T02:10:04.981055+09:00
Policyholder Lobby,,,failed,False,2026-08-21T00:08:47.899784+09:00
Policyholder Locker,,,failed,False,2026-08-21T00:07:41.757493+09:00
Policyholder Log,,,failed,False,2026-08-21T00:09:09.007645+09:00
Policyholder Loop,,,failed,False,2026-08-21T00:12:01.439565+09:00
Policyholder Manager,,,failed,False,2026-08-21T00:06:48.646021+09:00
Policyholder Manual,,,failed,False,2026-08-27T22:14:23.666536+09:00
Policyholder Map,,,failed,False,2026-08-21T00:05:26.838977+09:00
Policyholder Margin,,,failed,False,2026-08-23T02:57:59.639367+09:00
Policyholder Memo,,,failed,False,2026-08-21T00:29:55.538883+09:00
Policyholder Message,,,failed,False,2026-08-27T23:10:34.837044+09:00
Policyholder Monitor,,,failed,False,2026-08-21T00:06:59.654665+09:00
Policyholder Nexus,,,failed,False,2026-08-21T00:06:39.076451+09:00
Policyholder Note,,,failed,False,2026-08-21T00:09:33.821521+09:00
Policyholder Notification,,,failed,False,2026-08-27T22:44:24.073756+09:00
Policyholder Number,9900.0,7.0,success,False,2026-08-23T03:24:30.095281+09:00
Policyholder Office,,,failed,False,2026-08-21T00:07:33.633888+09:00
Policyholder Ops,,,failed,False,2026-08-21T00:07:07.636475+09:00
Policyholder Order,,,failed,False,2026-08-21T00:10:34.597077+09:00
Policyholder Outpost,,,failed,False,2026-08-21T00:08:06.282154+09:00
Policyholder Overage,,,failed,False,2026-08-27T21:49:53.079168+09:00
Policyholder Overdraft,,,failed,False,2026-08-23T15:51:57.634783+09:00
Policyholder Overdue,,,failed,False,2026-08-27T21:49:48.123433+09:00
Policyholder Panel,,,failed,False,2026-08-21T00:06:15.045348+09:00
Policyholder Pass,,,failed,False,2026-08-21T00:29:05.314041+09:00
Policyholder Passport,,,failed,False,2026-08-21T00:08:45.670716+09:00
Policyholder Path,,,failed,False,2026-08-19T23:13:53.160538+09:00
Policyholder Payoff,,,failed,False,2026-08-27T21:49:50.641192+09:00
Policyholder Penalty,,,failed,False,2026-08-23T16:39:38.014835+09:00
Policyholder Petition,,,failed,False,2026-08-21T01:05:28.222738+09:00
Policyholder Plan,,,failed,False,2026-08-21T01:52:23.674188+09:00
Policyholder Planner,,,failed,False,2026-08-21T00:06:57.541230+09:00
Policyholder Playbook,,,failed,False,2026-08-21T00:07:10.102459+09:00
Policyholder Plaza,,,failed,False,2026-08-21T00:08:09.199254+09:00
Policyholder Point,,,failed,False,2026-08-21T00:05:21.567045+09:00
Policyholder Portal,90.0,4.0,success,False,2026-08-21T00:06:08.424463+09:00
Policyholder Post,,,failed,False,2026-08-21T00:08:03.129328+09:00
Policyholder Preview,,,failed,False,2026-08-28T01:05:14.146226+09:00
Policyholder Profile,,,failed,False,2026-08-21T00:09:38.850867+09:00
Policyholder Profit,,,failed,False,2026-08-23T02:57:55.201782+09:00
Policyholder Proposal,,,failed,False,2026-08-28T01:05:17.423675+09:00
Policyholder Quota,,,failed,False,2026-08-21T00:30:03.627747+09:00
Policyholder Radar,,,failed,False,2026-08-21T00:11:18.069642+09:00
Policyholder Rail,,,failed,False,2026-08-21T00:06:26.162440+09:00
Policyholder Rate,,,failed,False,2026-08-21T00:10:04.105660+09:00
Policyholder Recap,,,failed,False,2026-08-21T01:05:38.366293+09:00
Policyholder Receipt,,,failed,False,2026-08-21T00:10:39.439345+09:00
Policyholder Recorder,,,failed,False,2026-08-27T23:33:18.763574+09:00
Policyholder Register,,,failed,False,2026-08-21T00:07:05.249232+09:00
Policyholder Relay,,,failed,False,2026-08-21T00:11:21.339663+09:00
Policyholder Reminder,,,failed,False,2026-08-21T00:10:17.224400+09:00
Policyholder Report,,,failed,False,2026-08-21T00:09:06.463923+09:00
Policyholder Repository,,,failed,False,2026-08-27T23:10:40.131699+09:00
Policyholder Ring,,,failed,False,2026-08-21T00:06:33.457247+09:00
Policyholder Roll,,,failed,False,2026-08-21T00:09:02.871951+09:00
Policyholder Roster,,,failed,False,2026-08-21T00:08:26.557259+09:00
Policyholder Route,,,failed,False,2026-08-21T00:06:22.845965+09:00
Policyholder Rule,,,failed,False,2026-08-23T03:24:40.640287+09:00
Policyholder Sale,,,failed,False,2026-08-21T02:26:47.668193+09:00
Policyholder Sample,,,failed,False,2026-08-21T00:11:01.156571+09:00
Policyholder Scale,,,failed,False,2026-08-21T00:06:19.535864+09:00
Policyholder Scanner,,,failed,False,2026-08-27T23:53:36.797572+09:00
Policyholder Scope,,,failed,False,2026-08-21T00:11:58.658369+09:00
Policyholder Score,,,failed,False,2026-08-21T00:09:30.468859+09:00
Policyholder Sheet,,,failed,False,2026-08-21T00:09:19.692750+09:00
Policyholder Shelf,,,failed,False,2026-08-21T00:08:22.856324+09:00
Policyholder Shortfall,,,failed,False,2026-08-27T21:49:57.609346+09:00
Policyholder Signal,,,failed,False,2026-08-21T00:11:47.014910+09:00
Policyholder Signature,,,failed,False,2026-08-23T13:27:11.117738+09:00
Policyholder Slip,,,failed,False,2026-08-21T00:10:55.494824+09:00
Policyholder Slot,,,failed,False,2026-08-21T00:11:04.008018+09:00
Policyholder Stake,,,failed,False,2026-08-23T02:57:57.265224+09:00
Policyholder Statement,,,failed,False,2026-08-21T00:29:32.816021+09:00
Policyholder Station,,,failed,False,2026-08-21T00:05:56.272120+09:00
Policyholder Status,,,failed,False,2026-08-21T00:09:42.716549+09:00
Policyholder Stub,,,failed,False,2026-08-21T00:29:27.962730+09:00
Policyholder Studio,,,failed,False,2026-08-21T00:05:49.318712+09:00
Policyholder Subsidy,,,failed,False,2026-08-23T15:51:59.728812+09:00
Policyholder Sum,,,failed,False,2026-08-21T02:26:36.939016+09:00
Policyholder Summary,,,failed,False,2026-08-21T00:10:12.835483+09:00
Policyholder Surtax,,,failed,False,2026-08-23T15:52:02.827883+09:00
Policyholder Tab,,,failed,False,2026-08-21T00:30:17.662990+09:00
Policyholder Table,,,failed,False,2026-08-21T00:10:48.719546+09:00
Policyholder Tag,,,failed,False,2026-08-21T00:09:36.388404+09:00
Policyholder Tally,,,failed,False,2026-08-21T00:29:43.441391+09:00
Policyholder Tariff,,,failed,False,2026-08-21T02:43:35.121601+09:00
Policyholder Tax,,,failed,False,2026-08-21T02:10:00.502849+09:00
Policyholder Terminal,,,failed,False,2026-08-21T00:05:58.957091+09:00
Policyholder Ticker,,,failed,False,2026-08-21T00:08:50.298724+09:00
Policyholder Ticket,,,failed,False,2026-08-21T00:10:23.316441+09:00
Policyholder Tier,,,failed,False,2026-08-28T00:47:16.982525+09:00
Policyholder Toll,,,failed,False,2026-08-21T02:43:28.304823+09:00
Policyholder Toolbox,,,failed,False,2026-08-28T00:23:56.463149+09:00
Policyholder Total,,,failed,False,2026-08-27T23:10:34.837044+09:00
Policyholder Tower,,,failed,False,2026-08-21T00:08:19.938205+09:00
Policyholder Tracker,,,failed,False,2026-08-21T00:11:07.276592+09:00
Policyholder Trail,,,failed,False,2026-08-21T00:06:28.229778+09:00
Policyholder Trend,,,failed,False,2026-08-28T01:05:08.626878+09:00
Policyholder Trial,,,failed,False,2026-08-27T21:18:52.051068+09:00
Policyholder Unit,,,failed,False,2026-08-21T01:52:20.481419+09:00
Policyholder Update,,,failed,False,2026-08-21T00:10:06.230079+09:00
Policyholder Value,,,failed,False,2026-08-23T02:57:57.265224+09:00
Policyholder Vault,,,failed,False,2026-08-21T00:11:27.452285+09:00
Policyholder Version,,,failed,False,2026-08-23T03:24:33.433692+09:00
Policyholder View,,,failed,False,2026-08-21T00:09:46.713564+09:00
Policyholder Voucher,,,failed,False,2026-08-21T00:29:13.109702+09:00
Policyholder Wallet,,,failed,False,2026-08-27T22:44:27.817073+09:00
Policyholder Watch,,,failed,False,2026-08-21T00:11:53.848385+09:00
Policyholder Wave,,,failed,False,2026-08-19T22:41:53.355833+09:00
Policyholder Widget,,,failed,False,2026-08-27T23:10:37.523000+09:00
Policyholder Window,,,failed,False,2026-08-21T00:08:56.538180+09:00
Policyholder Worksheet,,,failed,False,2026-08-27T22:14:28.911513+09:00
Policyholder Yard,,,failed,False,2026-08-21T00:07:55.712848+09:00
Policyholder Zone,,,failed,False,2026-08-21T00:06:05.500178+09:00
Pool Advance,110.0,4.0,success,False,2026-08-23T16:16:17.008573+09:00
Pool Advisory,,,failed,False,2026-08-21T01:06:17.673460+09:00
Pool Alert,40.0,89.0,success,False,2026-08-19T21:59:32.934011+09:00
Pool Allowance,10.0,0.0,success,False,2026-08-21T02:44:40.179717+09:00
Pool Analyzer,50.0,100.0,success,False,2026-08-27T23:54:40.654466+09:00
Pool Arrears,,,failed,False,2026-08-23T16:16:13.507688+09:00
Pool Asset,720.0,7.0,success,False,2026-08-23T13:47:15.992604+09:00
Pool Assistant,1300.0,10.0,success,False,2026-08-19T21:54:39.483113+09:00
Pool Badge,30.0,38.0,success,False,2026-08-21T00:30:37.167399+09:00
Pool Balance,720.0,86.0,success,False,2026-08-23T13:47:13.508679+09:00
Pool Base,1600.0,99.0,success,False,2026-08-19T21:49:39.376770+09:00
Pool Beacon,,,failed,False,2026-08-19T21:46:37.963751+09:00
Pool Bill,70.0,12.0,success,False,2026-08-19T22:05:32.455871+09:00
Pool Board,1900.0,63.0,success,False,2026-08-19T21:50:15.861548+09:00
Pool Book,1300.0,29.0,success,False,2026-08-19T22:06:22.029176+09:00
Pool Bridge,9900.0,20.0,success,False,2026-08-19T21:47:16.114306+09:00
Pool Brief,,,failed,False,2026-08-21T01:06:10.948985+09:00
Pool Bulletin,,,failed,False,2026-08-21T01:06:07.369655+09:00
Pool Calculator,8100.0,3.0,success,False,2026-08-27T23:33:41.786723+09:00
Pool Calendar,140.0,2.0,success,False,2026-08-19T21:56:20.786748+09:00
Pool Card,390.0,51.0,success,False,2026-08-19T22:01:35.806950+09:00
Pool Cascade,140.0,100.0,success,False,2026-08-19T21:47:01.107836+09:00
Pool Cash,720.0,0.0,success,False,2026-08-21T02:28:18.996082+09:00
Pool Cashback,,,failed,False,2026-08-27T21:19:40.666664+09:00
Pool Center,6600.0,11.0,success,False,2026-08-19T21:51:20.233471+09:00
Pool Charge,50.0,1.0,success,False,2026-08-21T02:44:22.791251+09:00
Pool Chart,210.0,0.0,success,False,2026-08-19T21:59:42.241525+09:00
Pool Check,320.0,75.0,success,False,2026-08-19T22:01:53.877884+09:00
Pool Checker,320.0,75.0,success,False,2026-08-27T23:54:32.984482+09:00
Pool Circular,390.0,91.0,success,False,2026-08-21T01:06:13.819084+09:00
Pool Code,4400.0,0.0,success,True,2026-08-19T22:05:51.290848+09:00
Pool Companion,,,failed,False,2026-08-19T21:55:18.484182+09:00
Pool Comparison,50.0,5.0,success,False,2026-08-28T01:05:58.030505+09:00
Pool Confirmation,,,failed,False,2026-08-21T01:06:25.514755+09:00
Pool Console,,,failed,False,2026-08-19T21:51:54.755817+09:00
Pool Contribution,,,failed,False,2026-08-23T16:16:09.972976+09:00
Pool Core,880.0,0.0,success,False,2026-08-19T21:49:51.324073+09:00
Pool Cost,2400.0,86.0,success,False,2026-08-21T02:11:11.149564+09:00
Pool Count,170.0,10.0,success,False,2026-08-27T22:45:40.412271+09:00
Pool Coupon,1300.0,3.0,success,False,2026-08-27T21:19:40.666664+09:00
Pool Deal,720.0,100.0,success,False,2026-08-21T01:54:25.472983+09:00
Pool Debt,,,failed,False,2026-08-21T02:28:08.522679+09:00
Pool Deck,27100.0,90.0,success,False,2026-08-19T21:50:26.967968+09:00
Pool Desk,210.0,49.0,success,False,2026-08-19T22:07:37.028999+09:00
Pool Detail,880.0,4.0,success,False,2026-08-23T03:16:04.926690+09:00
Pool Detector,590.0,28.0,success,False,2026-08-27T23:54:35.399736+09:00
Pool Diagram,880.0,0.0,success,False,2026-08-27T22:15:33.141509+09:00
Pool Directory,10.0,7.0,success,False,2026-08-19T21:56:30.340313+09:00
Pool Discount,2900.0,100.0,success,False,2026-08-23T16:16:06.207689+09:00
Pool Dossier,,,failed,False,2026-08-21T01:06:33.871335+09:00
Pool Downpayment,,,failed,False,2026-08-27T21:50:44.551751+09:00
Pool Draft,320.0,0.0,success,False,2026-08-19T22:04:03.389101+09:00
Pool Due,20.0,25.0,success,False,2026-08-23T15:52:22.475978+09:00
Pool Duty,30.0,19.0,success,False,2026-08-21T02:44:28.484946+09:00
Pool Engine,110.0,44.0,success,False,2026-08-19T21:54:30.567883+09:00
Pool Entry,720.0,4.0,success,False,2026-08-21T01:06:48.856434+09:00
Pool Estimate,480.0,64.0,success,False,2026-08-19T22:05:13.355108+09:00
Pool Estimator,480.0,64.0,success,False,2026-08-27T23:54:30.615711+09:00
Pool Excerpt,,,failed,False,2026-08-21T01:06:45.397337+09:00
Pool Fare,10.0,6.0,success,False,2026-08-21T02:11:18.638927+09:00
Pool Fee,210.0,1.0,success,False,2026-08-21T01:54:08.146374+09:00
Pool Feed,210.0,1.0,success,False,2026-08-19T22:03:52.975095+09:00
Pool File,40.0,5.0,success,False,2026-08-19T22:03:17.563220+09:00
Pool Finder,480.0,11.0,success,False,2026-08-19T21:56:56.242658+09:00
Pool Fine,,,failed,False,2026-08-23T02:52:23.717366+09:00
Pool Flag,110.0,63.0,success,False,2026-08-21T00:31:17.519824+09:00
Pool Flow,140.0,50.0,success,False,2026-08-19T22:07:18.055706+09:00
Pool Form,720.0,100.0,success,False,2026-08-19T22:01:23.897474+09:00
Pool Frame,1600.0,100.0,success,False,2026-08-19T21:49:30.160580+09:00
Pool Fund,390.0,12.0,success,False,2026-08-21T02:28:15.974883+09:00
Pool Gate,6600.0,100.0,success,False,2026-08-19T21:53:34.201182+09:00
Pool Giveaway,30.0,4.0,success,False,2026-08-27T21:19:46.309866+09:00
Pool Grade,,,failed,False,2026-08-21T00:31:01.051294+09:00
Pool Grid,390.0,36.0,success,False,2026-08-19T21:48:27.069382+09:00
Pool Guarantee,,,failed,False,2026-08-28T01:06:07.510525+09:00
Pool Guardian,390.0,8.0,success,False,2026-08-28T00:24:36.830973+09:00
Pool Helpdesk,,,failed,False,2026-08-27T22:45:43.680386+09:00
Pool Helper,480.0,22.0,success,False,2026-08-28T00:24:41.812871+09:00
Pool History,390.0,0.0,success,False,2026-08-19T22:03:05.892678+09:00
Pool Hub,2900.0,2.0,success,False,2026-08-19T22:07:25.606827+09:00
Pool Inbox,,,failed,False,2026-08-19T21:59:23.737982+09:00
Pool Incentive,30.0,1.0,success,False,2026-08-27T21:19:43.592379+09:00
Pool Index,210.0,100.0,success,False,2026-08-19T22:04:49.676934+09:00
Pool Installment,30.0,82.0,success,False,2026-08-23T16:16:09.972976+09:00
Pool Interest,110.0,3.0,success,False,2026-08-23T13:47:15.992604+09:00
Pool Item,1300.0,95.0,success,False,2026-08-21T01:54:12.034921+09:00
Pool Journal,10.0,0.0,success,False,2026-08-19T21:55:57.867275+09:00
Pool Keeper,320.0,25.0,success,False,2026-08-19T21:54:06.004532+09:00
Pool Kiosk,70.0,1.0,success,False,2026-08-19T21:57:47.268344+09:00
Pool Kit,4400.0,100.0,success,False,2026-08-27T22:45:37.997038+09:00
Pool Lab,1900.0,100.0,success,False,2026-08-19T21:50:49.199189+09:00
Pool Layout,2400.0,76.0,success,False,2026-08-27T22:28:37.219396+09:00
Pool Ledger,720.0,61.0,success,False,2026-08-19T21:50:02.656663+09:00
Pool Level,1000.0,84.0,success,False,2026-08-19T22:03:23.353107+09:00
Pool Levy,,,failed,False,2026-08-23T13:47:18.876098+09:00
Pool Line,1900.0,29.0,success,False,2026-08-19T22:00:37.818778+09:00
Pool Link,70.0,6.0,success,False,2026-08-23T03:15:51.596433+09:00
Pool List,320.0,32.0,success,False,2026-08-19T22:06:01.682265+09:00
Pool Loan,3600.0,67.0,success,False,2026-08-21T02:11:27.429616+09:00
Pool Locator,320.0,6.0,success,False,2026-08-19T21:56:44.387128+09:00
Pool Locker,590.0,99.0,success,False,2026-08-19T21:57:24.591826+09:00
Pool Log,320.0,13.0,success,False,2026-08-19T22:01:14.357219+09:00
Pool Loop,320.0,7.0,success,False,2026-08-19T21:48:14.659198+09:00
Pool Manager,1600.0,68.0,success,False,2026-08-19T21:54:19.584048+09:00
Pool Manual,70.0,35.0,success,False,2026-08-27T22:15:29.214068+09:00
Pool Map,590.0,0.0,success,False,2026-08-19T21:49:16.162945+09:00
Pool Marker,260.0,41.0,success,False,2026-08-23T13:27:34.278860+09:00
Pool Markup,,,failed,False,2026-08-23T16:40:02.738352+09:00
Pool Memo,30.0,0.0,success,False,2026-08-21T00:31:07.825329+09:00
Pool Monitor,590.0,100.0,success,False,2026-08-19T21:55:09.455728+09:00
Pool Note,,,failed,False,2026-08-19T22:02:16.192857+09:00
Pool Notification,,,failed,False,2026-08-27T22:45:32.227130+09:00
Pool Number,880.0,1.0,success,False,2026-08-23T03:15:44.979812+09:00
Pool Ops,720.0,6.0,success,False,2026-08-19T21:55:36.980585+09:00
Pool Order,720.0,20.0,success,False,2026-08-19T22:05:22.514727+09:00
Pool Overage,,,failed,False,2026-08-27T21:50:44.551751+09:00
Pool Overdue,,,failed,False,2026-08-27T21:50:39.210391+09:00
Pool Panel,720.0,99.0,success,False,2026-08-19T21:52:07.578129+09:00
Pool Pass,6600.0,21.0,success,False,2026-08-21T00:30:22.823388+09:00
Pool Passport,,,failed,False,2026-08-19T22:00:04.199605+09:00
Pool Path,90.0,34.0,success,False,2026-08-19T21:48:55.925505+09:00
Pool Payoff,,,failed,False,2026-08-27T21:50:42.355855+09:00
Pool Penalty,10.0,0.0,success,False,2026-08-23T16:40:00.457844+09:00
Pool Petition,,,failed,False,2026-08-21T01:06:21.603341+09:00
Pool Plan,2400.0,28.0,success,False,2026-08-21T01:54:20.819048+09:00
Pool Planner,2400.0,28.0,success,False,2026-08-19T21:54:48.895899+09:00
Pool Playbook,,,failed,False,2026-08-19T21:55:47.244669+09:00
Pool Point,1300.0,13.0,success,False,2026-08-19T21:49:05.079544+09:00
Pool Portal,210.0,51.0,success,False,2026-08-19T21:51:42.287097+09:00
Pool Post,260.0,65.0,success,False,2026-08-19T21:58:19.577733+09:00
Pool Preview,,,failed,False,2026-08-28T01:06:00.663079+09:00
Pool Profile,20.0,69.0,success,False,2026-08-19T22:02:37.152847+09:00
Pool Profit,50.0,2.0,success,False,2026-08-23T02:58:45.466254+09:00
Pool Proposal,40.0,1.0,success,False,2026-08-28T01:06:05.018602+09:00
Pool Quota,1000.0,0.0,success,True,2026-08-21T00:31:12.375379+09:00
Pool Radar,,,failed,False,2026-08-19T22:07:58.722610+09:00
Pool Rail,5400.0,100.0,success,False,2026-08-19T21:52:40.688622+09:00
Pool Rate,260.0,3.0,success,False,2026-08-19T22:03:32.806508+09:00
Pool Recap,,,failed,False,2026-08-21T01:06:42.544203+09:00
Pool Receipt,10.0,89.0,success,False,2026-08-19T22:05:43.764657+09:00
Pool Register,2900.0,1.0,success,False,2026-08-19T21:55:28.451912+09:00
Pool Registry,2900.0,1.0,success,False,2026-08-19T21:56:08.103899+09:00
Pool Relay,90.0,48.0,success,False,2026-08-19T21:46:03.788347+09:00
Pool Reminder,40.0,13.0,success,False,2026-08-19T22:04:34.418517+09:00
Pool Report,390.0,53.0,success,False,2026-08-19T22:01:05.588899+09:00
Pool Result,450000.0,0.0,success,True,2026-08-28T00:47:36.206546+09:00
Pool Roster,,,failed,False,2026-08-19T21:59:09.702480+09:00
Pool Route,320.0,35.0,success,False,2026-08-19T21:52:31.796696+09:00
Pool Rule,18100.0,32.0,success,False,2026-08-23T03:15:59.188624+09:00
Pool Sale,27100.0,100.0,success,False,2026-08-21T02:28:22.675348+09:00
Pool Sample,170.0,5.0,success,False,2026-08-19T22:06:44.272499+09:00
Pool Scanner,70.0,18.0,success,False,2026-08-27T23:54:32.984482+09:00
Pool Scheduler,4400.0,1.0,success,False,2026-08-19T21:55:00.630940+09:00
Pool Scope,40.0,35.0,success,False,2026-08-19T21:47:55.928943+09:00
Pool Score,1300.0,4.0,success,False,2026-08-19T22:02:05.634117+09:00
Pool Sheet,210.0,80.0,success,False,2026-08-19T22:01:45.686906+09:00
Pool Shortfall,,,failed,False,2026-08-27T21:50:46.767806+09:00
Pool Signal,30.0,20.0,success,False,2026-08-19T21:47:30.295909+09:00
Pool Slip,140.0,12.0,success,False,2026-08-19T22:06:32.723316+09:00
Pool Slot,110.0,27.0,success,False,2026-08-19T22:06:53.339068+09:00
Pool Stake,320.0,1.0,success,False,2026-08-23T02:58:53.611200+09:00
Pool Statement,,,failed,False,2026-08-21T00:30:49.324092+09:00
Pool Station,3600.0,9.0,success,False,2026-08-19T21:51:01.436792+09:00
Pool Status,210.0,1.0,success,False,2026-08-19T22:02:47.197172+09:00
Pool Stub,10.0,0.0,success,False,2026-08-21T00:30:41.620130+09:00
Pool Studio,2900.0,46.0,success,False,2026-08-19T21:50:37.216187+09:00
Pool Sum,,,failed,False,2026-08-21T02:28:03.624635+09:00
Pool Summary,,,failed,False,2026-08-19T22:04:13.367774+09:00
Pool Tab,450000.0,100.0,success,False,2026-08-21T00:31:22.902026+09:00
Pool Tag,390.0,99.0,success,False,2026-08-19T22:02:25.837553+09:00
Pool Tally,,,failed,False,2026-08-21T00:30:53.488074+09:00
Pool Tariff,10.0,,success,False,2026-08-21T02:44:44.036553+09:00
Pool Tax,210.0,0.0,success,False,2026-08-21T02:11:23.948204+09:00
Pool Ticket,390.0,2.0,success,False,2026-08-19T22:05:01.387918+09:00
Pool Timeline,10.0,0.0,success,False,2026-08-19T22:04:23.242123+09:00
Pool Toll,10.0,50.0,success,False,2026-08-21T02:44:37.347457+09:00
Pool Toolbox,,,failed,False,2026-08-28T00:24:39.235749+09:00
Pool Tower,390.0,2.0,success,False,2026-08-19T21:58:54.005326+09:00
Pool Tracker,2900.0,3.0,success,False,2026-08-19T22:07:01.913828+09:00
Pool Trend,320.0,42.0,success,False,2026-08-28T01:05:58.030505+09:00
Pool Trial,30.0,28.0,success,False,2026-08-27T21:19:43.592379+09:00
Pool Unit,170.0,6.0,success,False,2026-08-21T01:54:16.257744+09:00
Pool Update,1600.0,1.0,success,False,2026-08-19T22:03:42.018748+09:00
Pool Value,260.0,1.0,success,False,2026-08-23T02:58:49.315026+09:00
Pool Version,20.0,0.0,success,False,2026-08-23T03:15:49.113628+09:00
Pool View,1600.0,1.0,success,False,2026-08-19T22:02:54.876263+09:00
Pool Voucher,70.0,5.0,success,False,2026-08-21T00:30:29.735189+09:00
Pool Watch,1000.0,63.0,success,False,2026-08-19T21:47:43.048701+09:00
Pool Wave,40500.0,4.0,success,False,2026-08-19T21:48:40.966338+09:00
Pool Widget,20.0,0.0,success,False,2026-08-27T23:11:28.090319+09:00
Pool Window,320.0,17.0,success,False,2026-08-19T22:00:43.745625+09:00
Pool Worksheet,140.0,0.0,success,False,2026-08-27T22:15:33.141509+09:00
Pool Workshop,20.0,5.0,success,False,2026-08-28T00:24:32.431629+09:00
Pool Zone,4400.0,32.0,success,False,2026-08-19T21:51:30.988224+09:00
Port Advance,70.0,37.0,success,False,2026-08-23T16:16:41.227574+09:00
Port Advisory,20.0,0.0,success,False,2026-08-21T01:06:36.051415+09:00
Port Allowance,,,failed,False,2026-08-21T02:38:33.089549+09:00
Port Almanac,,,failed,False,2026-08-18T23:51:45.933579+09:00
Port Analyzer,70.0,20.0,success,False,2026-08-27T23:54:04.696724+09:00
Port Anchor,720.0,2.0,success,False,2026-08-17T23:04:29.933530+09:00
Port Announcement,,,failed,False,2026-08-27T23:33:29.170312+09:00
Port Arrears,,,failed,False,2026-08-23T16:16:41.227574+09:00
Port Asset,,,failed,False,2026-08-23T13:47:56.055627+09:00
Port Assistant,70.0,0.0,success,False,2026-08-17T23:05:14.518937+09:00
Port Atlas,40.0,2.0,success,False,2026-08-17T23:09:09.172246+09:00
Port Badge,210.0,60.0,success,False,2026-08-21T00:31:36.211701+09:00
Port Balance,20.0,3.0,success,False,2026-08-23T13:47:51.726767+09:00
Port Base,480.0,1.0,success,False,2026-08-17T23:04:12.037031+09:00
Port Beacon,90.0,0.0,success,False,2026-08-17T23:15:18.258563+09:00
Port Bill,90.0,0.0,success,False,2026-08-19T21:47:26.468483+09:00
Port Blueprint,20.0,0.0,success,False,2026-08-18T22:12:19.566532+09:00
Port Board,260.0,5.0,success,False,2026-08-17T23:30:33.375533+09:00
Port Book,590.0,10.0,success,False,2026-08-19T21:48:34.329578+09:00
Port Bridge,590.0,1.0,success,False,2026-08-17T23:28:04.378663+09:00
Port Brief,201000.0,19.0,success,False,2026-08-21T01:06:25.514755+09:00
Port Bulletin,,,failed,False,2026-08-21T01:06:21.603341+09:00
Port Calendar,70.0,0.0,success,False,2026-08-19T00:03:41.244683+09:00
Port Card,1900.0,100.0,success,False,2026-08-19T13:23:03.025983+09:00
Port Cascade,10.0,0.0,success,False,2026-08-17T23:10:08.054607+09:00
Port Cash,40.0,1.0,success,False,2026-08-21T02:21:30.317993+09:00
Port Cashback,,,failed,False,2026-08-27T21:19:56.366947+09:00
Port Category,70.0,0.0,success,False,2026-08-23T13:07:20.154329+09:00
Port Center,880.0,1.0,success,False,2026-08-17T23:31:27.985495+09:00
Port Chain,70.0,3.0,success,False,2026-08-17T23:33:00.502135+09:00
Port Charge,1300.0,13.0,success,False,2026-08-21T02:38:23.344262+09:00
Port Check,110000.0,0.0,success,True,2026-08-19T13:23:25.617100+09:00
Port Checker,110000.0,0.0,success,True,2026-08-27T23:53:51.631383+09:00
Port Circular,40.0,1.0,success,False,2026-08-21T01:06:31.516088+09:00
Port Cockpit,50.0,0.0,success,False,2026-08-17T23:25:33.384672+09:00
Port Code,6600.0,0.0,success,True,2026-08-19T21:47:52.868004+09:00
Port Codex,,,failed,False,2026-08-18T23:51:45.933579+09:00
Port Companion,,,failed,False,2026-08-17T23:15:32.901211+09:00
Port Comparison,10.0,0.0,success,False,2026-08-28T01:05:03.424573+09:00
Port Compass,10.0,3.0,success,False,2026-08-17T23:27:34.340862+09:00
Port Compendium,,,failed,False,2026-08-18T23:51:45.933579+09:00
Port Confirmation,,,failed,False,2026-08-21T01:06:48.856434+09:00
Port Console,210.0,30.0,success,False,2026-08-17T23:09:32.191803+09:00
Port Core,40.0,0.0,success,False,2026-08-17T23:30:16.319777+09:00
Port Cost,170.0,0.0,success,False,2026-08-21T02:14:45.406179+09:00
Port Count,70.0,0.0,success,False,2026-08-27T22:45:37.997038+09:00
Port Counter,10.0,0.0,success,False,2026-08-19T00:04:30.591993+09:00
Port Coupon,,,failed,False,2026-08-27T21:19:54.141367+09:00
Port Dashboard,70.0,1.0,success,False,2026-08-17T23:08:49.702335+09:00
Port Deal,110.0,63.0,success,False,2026-08-21T01:58:43.901709+09:00
Port Debt,,,failed,False,2026-08-21T02:21:23.135425+09:00
Port Deck,140.0,0.0,success,False,2026-08-17T23:05:59.212452+09:00
Port Depot,90.0,5.0,success,False,2026-08-19T00:04:14.172620+09:00
Port Desk,10.0,40.0,success,False,2026-08-17T23:27:06.990402+09:00
Port Detail,210.0,1.0,success,False,2026-08-23T03:18:52.097037+09:00
Port Detector,90.0,6.0,success,False,2026-08-27T23:54:02.041371+09:00
Port Diagram,260.0,0.0,success,False,2026-08-27T22:06:42.047958+09:00
Port Dial,10.0,0.0,success,False,2026-08-17T23:03:53.626473+09:00
Port Digest,,,failed,False,2026-08-19T20:45:06.240403+09:00
Port Directory,50.0,2.0,success,False,2026-08-19T00:03:50.601023+09:00
Port Discount,20.0,1.0,success,False,2026-08-23T16:16:35.923082+09:00
Port Dock,2400.0,6.0,success,False,2026-08-17T23:05:39.217461+09:00
Port Dossier,20.0,16.0,success,False,2026-08-21T01:06:53.303863+09:00
Port Draft,90.0,0.0,success,False,2026-08-19T20:45:18.016255+09:00
Port Due,50.0,1.0,success,False,2026-08-23T15:52:40.502270+09:00
Port Duty,70.0,0.0,success,False,2026-08-21T02:38:25.978724+09:00
Port Engine,720.0,3.0,success,False,2026-08-17T23:23:57.574570+09:00
Port Entry,12100.0,1.0,success,False,2026-08-21T01:07:07.368570+09:00
Port Estimate,,,failed,False,2026-08-19T21:31:07.393138+09:00
Port Estimator,,,failed,False,2026-08-27T23:53:48.068906+09:00
Port Excerpt,,,failed,False,2026-08-21T01:07:02.843245+09:00
Port Fare,10.0,17.0,success,False,2026-08-21T02:14:55.250493+09:00
Port Fee,720.0,0.0,success,False,2026-08-21T01:58:34.274743+09:00
Port Feed,10.0,0.0,success,False,2026-08-19T20:45:12.440392+09:00
Port File,480.0,2.0,success,False,2026-08-19T20:44:32.627645+09:00
Port Finder,590.0,1.0,success,False,2026-08-19T00:04:03.544716+09:00
Port Fine,50.0,5.0,success,False,2026-08-23T02:54:23.224881+09:00
Port Flag,390.0,1.0,success,False,2026-08-21T00:32:20.380964+09:00
Port Flow,2400.0,0.0,success,True,2026-08-17T23:12:02.312580+09:00
Port Forge,10.0,0.0,success,False,2026-08-17T23:27:48.723968+09:00
Port Form,110.0,0.0,success,False,2026-08-19T13:22:52.997590+09:00
Port Frame,30.0,27.0,success,False,2026-08-17T23:30:03.516281+09:00
Port Fund,50.0,1.0,success,False,2026-08-21T02:21:27.143708+09:00
Port Gate,2400.0,1.0,success,False,2026-08-17T23:14:22.352504+09:00
Port Giveaway,,,failed,False,2026-08-27T21:20:01.117686+09:00
Port Grade,,,failed,False,2026-08-21T00:32:03.646563+09:00
Port Graph,70.0,0.0,success,False,2026-08-27T22:15:49.874448+09:00
Port Grid,10.0,0.0,success,False,2026-08-17T23:28:54.506937+09:00
Port Guarantee,,,failed,False,2026-08-28T01:05:08.626878+09:00
Port Guard,140.0,2.0,success,False,2026-08-17T23:26:20.273293+09:00
Port Guardian,40.0,0.0,success,False,2026-08-28T00:24:01.160084+09:00
Port Guidebook,,,failed,False,2026-08-18T22:12:06.505434+09:00
Port Helpdesk,,,failed,False,2026-08-27T22:45:37.997038+09:00
Port Helper,30.0,0.0,success,False,2026-08-28T00:24:03.733784+09:00
Port History,90.0,1.0,success,False,2026-08-19T20:44:23.661281+09:00
Port Hub,33100.0,7.0,success,False,2026-08-17T23:26:50.492047+09:00
Port Identifier,70.0,0.0,success,False,2026-08-23T13:07:17.768470+09:00
Port Incentive,,,failed,False,2026-08-27T21:20:01.117686+09:00
Port Index,480.0,1.0,success,False,2026-08-19T21:30:51.810974+09:00
Port Insight,,,failed,False,2026-08-17T23:24:58.944526+09:00
Port Installment,,,failed,False,2026-08-23T16:16:38.945846+09:00
Port Item,,,failed,False,2026-08-21T01:58:34.274743+09:00
Port Journal,110.0,12.0,success,False,2026-08-18T22:11:47.554399+09:00
Port Keeper,10.0,0.0,success,False,2026-08-17T22:51:27.768654+09:00
Port Lab,480.0,1.0,success,False,2026-08-17T23:13:04.753315+09:00
Port Layout,260.0,0.0,success,False,2026-08-27T22:28:37.219396+09:00
Port Ledger,,,failed,False,2026-08-17T23:11:27.104300+09:00
Port Lens,10.0,1.0,success,False,2026-08-17T23:09:52.206266+09:00
Port Level,20.0,0.0,success,False,2026-08-19T20:44:39.695908+09:00
Port Levy,2400.0,2.0,success,False,2026-08-23T13:47:56.055627+09:00
Port Link,1600.0,1.0,success,False,2026-08-23T03:18:44.540602+09:00
Port List,4400.0,1.0,success,False,2026-08-19T21:48:07.459723+09:00
Port Loan,40.0,15.0,success,False,2026-08-21T02:15:06.129671+09:00
Port Locator,480.0,0.0,success,False,2026-08-19T00:03:57.643433+09:00
Port Lock,1000.0,9.0,success,False,2026-08-17T23:14:59.429645+09:00
Port Log,880.0,3.0,success,False,2026-08-19T13:22:01.413587+09:00
Port Loop,720.0,3.0,success,False,2026-08-17T23:06:22.536636+09:00
Port Manager,480.0,0.0,success,False,2026-08-17T23:23:41.484558+09:00
Port Manual,30.0,0.0,success,False,2026-08-27T22:15:52.757907+09:00
Port Map,6600.0,0.0,success,True,2026-08-17T23:29:46.030396+09:00
Port Margin,,,failed,False,2026-08-23T02:54:19.843201+09:00
Port Markup,,,failed,False,2026-08-23T16:40:13.658560+09:00
Port Memo,,,failed,False,2026-08-21T00:32:08.971513+09:00
Port Meter,40.0,0.0,success,False,2026-08-17T23:32:21.137516+09:00
Port Metrics,10.0,3.0,success,False,2026-08-17T23:14:05.238044+09:00
Port Monitor,720.0,21.0,success,False,2026-08-17T23:07:07.612411+09:00
Port Navigator,50.0,3.0,success,False,2026-08-17T23:25:51.814430+09:00
Port Nexus,140.0,1.0,success,False,2026-08-17T23:33:25.716051+09:00
Port Node,170.0,3.0,success,False,2026-08-17T23:33:11.202195+09:00
Port Note,70.0,20.0,success,False,2026-08-19T13:24:07.507599+09:00
Port Notification,20.0,0.0,success,False,2026-08-27T22:45:28.853044+09:00
Port Office,1900.0,2.0,success,False,2026-08-19T00:04:23.577898+09:00
Port Ops,2400.0,4.0,success,False,2026-08-17T23:10:31.513884+09:00
Port Order,70.0,1.0,success,False,2026-08-19T21:47:08.663103+09:00
Port Organizer,20.0,100.0,success,False,2026-08-17T23:24:40.372556+09:00
Port Overage,,,failed,False,2026-08-27T21:50:58.340520+09:00
Port Overdue,,,failed,False,2026-08-27T21:50:54.080102+09:00
Port Panel,720.0,9.0,success,False,2026-08-17T23:32:02.596672+09:00
Port Pass,8100.0,0.0,success,True,2026-08-21T00:31:22.902026+09:00
Port Path,20.0,0.0,success,False,2026-08-17T23:08:08.981233+09:00
Port Payoff,,,failed,False,2026-08-27T21:50:56.215822+09:00
Port Penalty,,,failed,False,2026-08-23T16:40:11.516867+09:00
Port Petition,,,failed,False,2026-08-21T01:06:44.007854+09:00
Port Pilot,590.0,0.0,success,False,2026-08-17T23:06:43.544679+09:00
Port Plan,260.0,2.0,success,False,2026-08-21T01:58:38.358988+09:00
Port Planner,260.0,2.0,success,False,2026-08-17T23:24:15.710246+09:00
Port Playbook,,,failed,False,2026-08-18T22:11:39.333366+09:00
Port Point,1000.0,7.0,success,False,2026-08-17T23:29:31.685360+09:00
Port Portal,14800.0,13.0,success,False,2026-08-17T23:31:42.326204+09:00
Port Preview,,,failed,False,2026-08-28T01:05:06.027579+09:00
Port Profile,170.0,0.0,success,False,2026-08-19T13:24:29.465553+09:00
Port Profit,,,failed,False,2026-08-23T02:54:11.154631+09:00
Port Proposal,10.0,0.0,success,False,2026-08-28T01:05:08.626878+09:00
Port Pulse,90.0,0.0,success,False,2026-08-17T23:13:24.499414+09:00
Port Quota,,,failed,False,2026-08-21T00:32:15.885792+09:00
Port Radar,140.0,1.0,success,False,2026-08-17T23:13:43.600383+09:00
Port Rail,1600.0,2.0,success,False,2026-08-17T23:32:47.059992+09:00
Port Rate,70.0,1.0,success,False,2026-08-19T20:44:48.132741+09:00
Port Recap,,,failed,False,2026-08-21T01:06:58.606298+09:00
Port Receipt,,,failed,False,2026-08-19T21:47:40.553023+09:00
Port Register,390.0,6.0,success,False,2026-08-17T23:26:06.305227+09:00
Port Registry,390.0,6.0,success,False,2026-08-18T22:12:13.672404+09:00
Port Relay,210.0,14.0,success,False,2026-08-17T23:27:19.198277+09:00
Port Reminder,,,failed,False,2026-08-19T21:30:42.715680+09:00
Port Report,90.0,0.0,success,False,2026-08-19T13:21:52.267675+09:00
Port Roadmap,,,failed,False,2026-08-18T23:51:45.933579+09:00
Port Roster,70.0,3.0,success,False,2026-08-19T00:38:40.592975+09:00
Port Route,70.0,1.0,success,False,2026-08-17T23:32:34.743858+09:00
Port Rule,170.0,0.0,success,False,2026-08-23T03:18:48.364198+09:00
Port Sale,880.0,70.0,success,False,2026-08-21T02:21:38.988991+09:00
Port Sample,40.0,0.0,success,False,2026-08-19T21:49:03.135784+09:00
Port Scale,260.0,1.0,success,False,2026-08-17T23:11:08.683373+09:00
Port Scanner,201000.0,1.0,success,False,2026-08-27T23:53:59.228828+09:00
Port Scheduler,,,failed,False,2026-08-17T23:12:20.668668+09:00
Port Scope,40.0,4.0,success,False,2026-08-17T23:28:37.439215+09:00
Port Score,12100.0,0.0,success,True,2026-08-19T13:23:44.398972+09:00
Port Sentry,170.0,2.0,success,False,2026-08-17T23:33:40.972373+09:00
Port Sheet,30.0,0.0,success,False,2026-08-19T13:23:16.958274+09:00
Port Signal,210.0,0.0,success,False,2026-08-17T23:28:17.323230+09:00
Port Slip,20.0,5.0,success,False,2026-08-19T21:48:48.534569+09:00
Port Slot,110.0,42.0,success,False,2026-08-19T21:49:14.059786+09:00
Port Snapshot,,,failed,False,2026-08-18T22:11:56.316205+09:00
Port Stage,90.0,2.0,success,False,2026-08-28T00:47:13.320687+09:00
Port Stake,10.0,31.0,success,False,2026-08-23T02:54:15.524012+09:00
Port Statement,,,failed,False,2026-08-21T00:31:49.661501+09:00
Port Station,590.0,18.0,success,False,2026-08-17T23:31:10.385394+09:00
Port Status,14800.0,0.0,success,True,2026-08-19T20:44:05.928260+09:00
Port Stub,,,failed,False,2026-08-21T00:31:43.518986+09:00
Port Studio,260.0,1.0,success,False,2026-08-17T23:30:45.182553+09:00
Port Subsidy,,,failed,False,2026-08-23T15:52:42.470276+09:00
Port Suite,70.0,24.0,success,False,2026-08-17T23:10:49.091693+09:00
Port Sum,30.0,0.0,success,False,2026-08-21T02:21:19.910090+09:00
Port Summary,,,failed,False,2026-08-19T21:30:28.519556+09:00
Port Surtax,,,failed,False,2026-08-23T15:52:42.470276+09:00
Port Sync,20.0,0.0,success,False,2026-08-17T23:26:34.514876+09:00
Port Tab,40.0,0.0,success,False,2026-08-21T00:32:28.890378+09:00
Port Table,720.0,15.0,success,False,2026-08-19T21:48:19.671606+09:00
Port Tag,110.0,6.0,success,False,2026-08-19T13:24:17.578330+09:00
Port Tally,90.0,0.0,success,False,2026-08-21T00:31:57.081328+09:00
Port Tariff,210.0,0.0,success,False,2026-08-21T02:38:37.938007+09:00
Port Tax,590.0,0.0,success,False,2026-08-21T02:14:55.250493+09:00
Port Terminal,2900.0,2.0,success,False,2026-08-17T23:07:47.336176+09:00
Port Ticket,390.0,31.0,success,False,2026-08-19T21:31:01.684338+09:00
Port Tier,,,failed,False,2026-08-28T00:47:16.982525+09:00
Port Timeline,,,failed,False,2026-08-19T21:30:35.144264+09:00
Port Timer,,,failed,False,2026-08-28T00:23:56.463149+09:00
Port Toll,20.0,0.0,success,False,2026-08-21T02:38:28.246618+09:00
Port Toolbox,,,failed,False,2026-08-28T00:24:01.160084+09:00
Port Toolkit,,,failed,False,2026-08-18T22:11:32.522772+09:00
Port Tracker,720.0,2.0,success,False,2026-08-17T23:04:50.362686+09:00
Port Trail,50.0,0.0,success,False,2026-08-17T23:12:41.358995+09:00
Port Trend,,,failed,False,2026-08-28T01:05:00.784184+09:00
Port Trial,30.0,1.0,success,False,2026-08-27T21:19:58.870068+09:00
Port Unit,50.0,2.0,success,False,2026-08-21T01:58:35.066746+09:00
Port Update,210.0,0.0,success,False,2026-08-19T20:44:56.793146+09:00
Port Value,170.0,1.0,success,False,2026-08-23T02:54:13.248458+09:00
Port Vault,10.0,0.0,success,False,2026-08-17T23:08:28.176792+09:00
Port Version,20.0,0.0,success,False,2026-08-23T03:18:41.681571+09:00
Port View,5400.0,2.0,success,False,2026-08-19T20:44:12.620754+09:00
Port Voucher,20.0,6.0,success,False,2026-08-21T00:31:30.142352+09:00
Port Watch,390.0,10.0,success,False,2026-08-17T23:11:46.496961+09:00
Port Wave,40.0,0.0,success,False,2026-08-17T23:29:14.907859+09:00
Port Workbench,,,failed,False,2026-08-18T22:11:21.547380+09:00
Port Worksheet,,,failed,False,2026-08-27T22:06:37.910338+09:00
Port Workshop,30.0,2.0,success,False,2026-08-28T00:23:58.859062+09:00
Port Zone,170.0,2.0,success,False,2026-08-17T23:14:44.117441+09:00
Portfolio Advisory,210.0,18.0,success,False,2026-08-21T00:59:12.932532+09:00
Portfolio Allowance,,,failed,False,2026-08-21T02:40:49.577434+09:00
Portfolio Analyzer,2400.0,64.0,success,False,2026-08-27T23:52:35.044281+09:00
Portfolio Announcement,10.0,10.0,success,False,2026-08-27T23:32:42.762901+09:00
Portfolio Asset,720.0,9.0,success,False,2026-08-23T13:48:04.421871+09:00
Portfolio Assistant,110.0,3.0,success,False,2026-08-19T12:24:09.089995+09:00
Portfolio Atlas,4400.0,1.0,success,False,2026-08-19T12:23:56.615526+09:00
Portfolio Attribute,,,failed,False,2026-08-23T13:08:07.144549+09:00
Portfolio Badge,,,failed,False,2026-08-21T00:36:18.143483+09:00
Portfolio Base,210.0,8.0,success,False,2026-08-19T12:27:36.694411+09:00
Portfolio Beacon,,,failed,False,2026-08-19T12:26:55.574795+09:00
Portfolio Bill,,,failed,False,2026-08-19T22:00:41.038270+09:00
Portfolio Board,260.0,29.0,success,False,2026-08-19T12:27:46.282540+09:00
Portfolio Book,3600.0,90.0,success,False,2026-08-19T22:01:27.807092+09:00
Portfolio Bridge,10.0,4.0,success,False,2026-08-19T12:27:02.281369+09:00
Portfolio Brief,90.0,96.0,success,False,2026-08-21T00:59:03.951352+09:00
Portfolio Bulletin,,,failed,False,2026-08-21T00:58:59.914106+09:00
Portfolio Cabinet,50.0,88.0,success,False,2026-08-27T23:10:37.523000+09:00
Portfolio Calendar,90.0,99.0,success,False,2026-08-19T12:25:02.021725+09:00
Portfolio Card,390.0,11.0,success,False,2026-08-19T13:41:50.563536+09:00
Portfolio Cascade,,,failed,False,2026-08-19T12:26:57.441352+09:00
Portfolio Cash,260.0,25.0,success,False,2026-08-21T02:24:56.488655+09:00
Portfolio Cashback,,,failed,False,2026-08-27T21:19:50.770385+09:00
Portfolio Catalog,70.0,7.0,success,False,2026-08-19T21:16:00.282567+09:00
Portfolio Category,70.0,0.0,success,False,2026-08-23T13:08:07.144549+09:00
Portfolio Center,170.0,7.0,success,False,2026-08-19T12:22:47.160144+09:00
Portfolio Chain,,,failed,False,2026-08-19T12:23:36.492658+09:00
Portfolio Charge,,,failed,False,2026-08-21T02:40:38.159052+09:00
Portfolio Check,390.0,44.0,success,False,2026-08-19T13:42:11.114118+09:00
Portfolio Checker,390.0,44.0,success,False,2026-08-27T23:52:26.282518+09:00
Portfolio Checklist,590.0,0.0,success,False,2026-08-19T21:15:04.533430+09:00
Portfolio Circular,,,failed,False,2026-08-21T01:00:11.022856+09:00
Portfolio Code,590.0,3.0,success,False,2026-08-19T22:00:58.577087+09:00
Portfolio Companion,,,failed,False,2026-08-19T12:24:44.570895+09:00
Portfolio Comparison,590.0,22.0,success,False,2026-08-28T01:03:40.758183+09:00
Portfolio Compass,10.0,10.0,success,False,2026-08-19T12:26:50.558135+09:00
Portfolio Confirmation,,,failed,False,2026-08-21T00:59:30.115655+09:00
Portfolio Console,,,failed,False,2026-08-19T12:23:01.868954+09:00
Portfolio Core,20.0,6.0,success,False,2026-08-19T12:27:36.694411+09:00
Portfolio Cost,70.0,0.0,success,False,2026-08-21T02:08:52.269018+09:00
Portfolio Count,,,failed,False,2026-08-27T22:44:50.273695+09:00
Portfolio Counter,,,failed,False,2026-08-19T12:25:34.182508+09:00
Portfolio Coupon,,,failed,False,2026-08-27T21:19:46.309866+09:00
Portfolio Deal,30.0,13.0,success,False,2026-08-21T01:52:16.580435+09:00
Portfolio Debt,210.0,18.0,success,False,2026-08-21T02:24:43.440499+09:00
Portfolio Deck,210.0,18.0,success,False,2026-08-19T12:27:46.282540+09:00
Portfolio Desk,30.0,81.0,success,False,2026-08-19T12:26:44.704983+09:00
Portfolio Detail,210.0,1.0,success,False,2026-08-23T03:20:35.213515+09:00
Portfolio Detector,,,failed,False,2026-08-27T23:52:32.506891+09:00
Portfolio Digest,10.0,20.0,success,False,2026-08-19T20:41:51.151726+09:00
Portfolio Directory,10.0,0.0,success,False,2026-08-19T12:25:02.021725+09:00
Portfolio Discount,10.0,8.0,success,False,2026-08-23T16:16:41.227574+09:00
Portfolio Dossier,110.0,28.0,success,False,2026-08-21T00:59:34.151010+09:00
Portfolio Downpayment,,,failed,False,2026-08-27T21:50:51.730845+09:00
Portfolio Draft,90.0,3.0,success,False,2026-08-19T20:42:06.894940+09:00
Portfolio Due,,,failed,False,2026-08-23T15:52:44.896002+09:00
Portfolio Duty,,,failed,False,2026-08-21T02:40:41.069615+09:00
Portfolio Engine,10.0,17.0,success,False,2026-08-19T12:24:09.089995+09:00
Portfolio Entry,170.0,4.0,success,False,2026-08-21T00:59:46.357323+09:00
Portfolio Estimate,,,failed,False,2026-08-19T21:15:48.074960+09:00
Portfolio Estimator,50.0,31.0,success,False,2026-08-27T23:52:22.402919+09:00
Portfolio Excerpt,,,failed,False,2026-08-21T01:01:55.292277+09:00
Portfolio Fare,,,failed,False,2026-08-21T02:09:00.837465+09:00
Portfolio Fee,50.0,2.0,success,False,2026-08-21T01:51:56.272630+09:00
Portfolio Feed,10.0,7.0,success,False,2026-08-19T20:41:57.553937+09:00
Portfolio Field,,,failed,False,2026-08-23T13:08:09.181921+09:00
Portfolio File,18100.0,96.0,success,False,2026-08-19T20:41:22.304179+09:00
Portfolio Finder,20.0,46.0,success,False,2026-08-19T12:25:27.149314+09:00
Portfolio Fine,10.0,0.0,success,False,2026-08-23T02:55:38.114180+09:00
Portfolio Flag,,,failed,False,2026-08-21T00:36:48.316365+09:00
Portfolio Flow,50.0,8.0,success,False,2026-08-19T12:26:37.096559+09:00
Portfolio Forge,10.0,2.0,success,False,2026-08-19T12:26:57.441352+09:00
Portfolio Form,1900.0,4.0,success,False,2026-08-19T13:41:39.168311+09:00
Portfolio Format,1900.0,4.0,success,False,2026-08-23T13:08:12.908274+09:00
Portfolio Frame,5400.0,24.0,success,False,2026-08-19T12:27:31.967553+09:00
Portfolio Fund,390.0,15.0,success,False,2026-08-21T02:24:48.796566+09:00
Portfolio Gate,210.0,5.0,success,False,2026-08-19T12:23:48.028309+09:00
Portfolio Generator,720.0,44.0,success,False,2026-08-27T23:32:49.894310+09:00
Portfolio Giveaway,10.0,100.0,success,False,2026-08-27T21:19:56.366947+09:00
Portfolio Grade,,,failed,False,2026-08-21T00:36:37.815514+09:00
Portfolio Graph,22200.0,11.0,success,False,2026-08-27T22:15:33.141509+09:00
Portfolio Grid,260.0,5.0,success,False,2026-08-19T12:27:18.963883+09:00
Portfolio Guardian,20.0,2.0,success,False,2026-08-28T00:22:49.083106+09:00
Portfolio Helpdesk,,,failed,False,2026-08-27T22:44:52.843533+09:00
Portfolio Helper,,,failed,False,2026-08-28T00:22:54.713063+09:00
Portfolio History,70.0,1.0,success,False,2026-08-19T20:41:13.496418+09:00
Portfolio Hotline,,,failed,False,2026-08-19T21:16:09.798326+09:00
Portfolio Hub,260.0,2.0,success,False,2026-08-19T12:26:41.238307+09:00
Portfolio Identifier,,,failed,False,2026-08-23T13:08:05.055975+09:00
Portfolio Incentive,,,failed,False,2026-08-27T21:19:54.141367+09:00
Portfolio Index,390.0,1.0,success,False,2026-08-19T21:15:17.337039+09:00
Portfolio Installment,,,failed,False,2026-08-23T16:16:41.227574+09:00
Portfolio Item,170.0,6.0,success,False,2026-08-21T01:52:03.394231+09:00
Portfolio Journal,390.0,50.0,success,False,2026-08-19T12:24:58.043642+09:00
Portfolio Keeper,20.0,70.0,success,False,2026-08-19T12:23:56.615526+09:00
Portfolio Kit,50.0,12.0,success,False,2026-08-27T22:44:43.447057+09:00
Portfolio Lab,1900.0,11.0,success,False,2026-08-19T12:27:49.196174+09:00
Portfolio Label,70.0,17.0,success,False,2026-08-27T22:15:41.431097+09:00
Portfolio Layout,2900.0,22.0,success,False,2026-08-27T22:28:37.219396+09:00
Portfolio Ledger,20.0,11.0,success,False,2026-08-19T12:27:39.796113+09:00
Portfolio Level,70.0,0.0,success,False,2026-08-19T20:41:30.953351+09:00
Portfolio Link,9900.0,3.0,success,False,2026-08-23T03:20:27.097448+09:00
Portfolio List,170.0,3.0,success,False,2026-08-19T22:01:08.341225+09:00
Portfolio Loan,2900.0,34.0,success,False,2026-08-21T02:09:08.901398+09:00
Portfolio Locator,,,failed,False,2026-08-19T12:25:21.965141+09:00
Portfolio Log,1600.0,2.0,success,False,2026-08-19T13:41:12.937543+09:00
Portfolio Loop,,,failed,False,2026-08-19T12:27:13.663496+09:00
Portfolio Manager,14800.0,14.0,success,False,2026-08-19T12:24:05.330216+09:00
Portfolio Manual,140.0,1.0,success,False,2026-08-27T22:15:41.431097+09:00
Portfolio Map,880.0,100.0,success,False,2026-08-19T12:27:27.714904+09:00
Portfolio Markup,,,failed,False,2026-08-23T16:40:13.658560+09:00
Portfolio Memo,10.0,0.0,success,False,2026-08-21T00:36:40.261906+09:00
Portfolio Monitor,590.0,19.0,success,False,2026-08-19T12:24:37.833597+09:00
Portfolio Nexus,,,failed,False,2026-08-19T12:23:48.028309+09:00
Portfolio Note,210.0,69.0,success,False,2026-08-19T13:42:33.755752+09:00
Portfolio Notification,,,failed,False,2026-08-27T22:44:43.447057+09:00
Portfolio Number,140.0,2.0,success,False,2026-08-23T03:20:18.367542+09:00
Portfolio Office,70.0,15.0,success,False,2026-08-19T12:25:27.149314+09:00
Portfolio Ops,210.0,7.0,success,False,2026-08-19T12:24:48.425289+09:00
Portfolio Order,390.0,0.0,success,False,2026-08-19T22:00:29.201659+09:00
Portfolio Overage,,,failed,False,2026-08-27T21:50:49.400709+09:00
Portfolio Overdue,,,failed,False,2026-08-27T21:50:46.767806+09:00
Portfolio Panel,,,failed,False,2026-08-19T12:23:01.868954+09:00
Portfolio Pass,,,failed,False,2026-08-21T00:36:11.342304+09:00
Portfolio Path,20.0,2.0,success,False,2026-08-19T12:27:23.710394+09:00
Portfolio Payoff,,,failed,False,2026-08-27T21:50:46.767806+09:00
Portfolio Petition,10.0,,success,False,2026-08-21T00:59:17.321844+09:00
Portfolio Plan,880.0,53.0,success,False,2026-08-21T01:52:12.646112+09:00
Portfolio Planner,880.0,53.0,success,False,2026-08-19T12:24:32.971008+09:00
Portfolio Playbook,40.0,19.0,success,False,2026-08-19T12:24:52.766988+09:00
Portfolio Point,,,failed,False,2026-08-19T12:27:27.714904+09:00
Portfolio Portal,110.0,4.0,success,False,2026-08-19T12:22:54.076804+09:00
Portfolio Preview,40.0,2.0,success,False,2026-08-28T01:03:43.206787+09:00
Portfolio Profile,1300.0,2.0,success,False,2026-08-19T13:21:11.802983+09:00
Portfolio Profit,590.0,0.0,success,False,2026-08-23T02:55:28.144750+09:00
Portfolio Proposal,110.0,4.0,success,False,2026-08-28T01:03:45.781044+09:00
Portfolio Queue,,,failed,False,2026-08-19T21:15:38.736251+09:00
Portfolio Quota,,,failed,False,2026-08-21T00:36:44.968976+09:00
Portfolio Radar,10.0,3.0,success,False,2026-08-19T12:26:44.704983+09:00
Portfolio Rail,,,failed,False,2026-08-19T12:23:26.790500+09:00
Portfolio Rate,140.0,40.0,success,False,2026-08-19T20:41:37.796650+09:00
Portfolio Recap,,,failed,False,2026-08-21T00:59:38.385269+09:00
Portfolio Receipt,,,failed,False,2026-08-19T22:00:50.592987+09:00
Portfolio Register,70.0,8.0,success,False,2026-08-19T12:24:48.425289+09:00
Portfolio Registry,,,failed,False,2026-08-19T12:24:58.043642+09:00
Portfolio Relay,,,failed,False,2026-08-19T12:26:47.247206+09:00
Portfolio Reminder,10.0,7.0,success,False,2026-08-19T21:14:49.838669+09:00
Portfolio Report,590.0,14.0,success,False,2026-08-19T13:40:58.883457+09:00
Portfolio Repository,50.0,0.0,success,False,2026-08-27T23:10:40.131699+09:00
Portfolio Roster,,,failed,False,2026-08-19T12:26:06.734544+09:00
Portfolio Route,,,failed,False,2026-08-19T12:23:26.790500+09:00
Portfolio Rule,,,failed,False,2026-08-23T03:20:32.320134+09:00
Portfolio Sale,390.0,12.0,success,False,2026-08-21T02:25:01.097647+09:00
Portfolio Sample,8100.0,15.0,success,False,2026-08-19T22:01:51.400634+09:00
Portfolio Scale,,,failed,False,2026-08-19T12:23:14.200437+09:00
Portfolio Scanner,70.0,46.0,success,False,2026-08-27T23:52:30.197940+09:00
Portfolio Scheduler,40.0,11.0,success,False,2026-08-19T12:24:32.971008+09:00
Portfolio Scope,10.0,1.0,success,False,2026-08-19T12:27:08.334680+09:00
Portfolio Score,50.0,20.0,success,False,2026-08-19T13:42:25.449993+09:00
Portfolio Sheet,480.0,15.0,success,False,2026-08-19T13:41:59.783078+09:00
Portfolio Shortfall,,,failed,False,2026-08-27T21:50:54.080102+09:00
Portfolio Signal,,,failed,False,2026-08-19T12:27:05.323167+09:00
Portfolio Slip,,,failed,False,2026-08-19T22:01:42.804571+09:00
Portfolio Slot,,,failed,False,2026-08-19T22:01:59.739197+09:00
Portfolio Stake,,,failed,False,2026-08-23T02:55:35.353388+09:00
Portfolio Statement,260.0,1.0,success,False,2026-08-21T00:36:28.428699+09:00
Portfolio Station,,,failed,False,2026-08-19T12:27:54.241154+09:00
Portfolio Status,40.0,15.0,success,False,2026-08-19T20:40:49.478840+09:00
Portfolio Stub,,,failed,False,2026-08-21T00:36:23.638187+09:00
Portfolio Studio,1900.0,3.0,success,False,2026-08-19T12:27:49.196174+09:00
Portfolio Sum,,,failed,False,2026-08-21T02:24:36.091430+09:00
Portfolio Summary,390.0,7.0,success,False,2026-08-19T21:14:27.953850+09:00
Portfolio Tab,320.0,28.0,success,False,2026-08-21T00:36:53.427787+09:00
Portfolio Table,50.0,0.0,success,False,2026-08-19T22:01:17.483163+09:00
Portfolio Tag,50.0,10.0,success,False,2026-08-19T13:20:57.045829+09:00
Portfolio Tally,,,failed,False,2026-08-21T00:36:33.618056+09:00
Portfolio Tariff,,,failed,False,2026-08-21T02:40:59.157491+09:00
Portfolio Tax,50.0,5.0,success,False,2026-08-21T02:09:05.168889+09:00
Portfolio Ticket,,,failed,False,2026-08-19T21:15:27.386619+09:00
Portfolio Tier,,,failed,False,2026-08-28T00:46:39.262631+09:00
Portfolio Timeline,390.0,3.0,success,False,2026-08-19T21:14:39.007898+09:00
Portfolio Timer,70.0,21.0,success,False,2026-08-28T00:22:39.734824+09:00
Portfolio Toll,,,failed,False,2026-08-21T02:40:43.977421+09:00
Portfolio Toolbox,30.0,43.0,success,False,2026-08-28T00:22:52.095414+09:00
Portfolio Tracker,5400.0,49.0,success,False,2026-08-19T12:26:37.096559+09:00
Portfolio Trail,,,failed,False,2026-08-19T12:23:36.492658+09:00
Portfolio Trial,,,failed,False,2026-08-27T21:19:54.141367+09:00
Portfolio Unit,20.0,0.0,success,False,2026-08-21T01:52:04.897893+09:00
Portfolio Update,320.0,2.0,success,False,2026-08-19T20:41:43.197527+09:00
Portfolio Value,880.0,8.0,success,False,2026-08-23T02:55:31.768897+09:00
Portfolio Vault,,,failed,False,2026-08-19T12:26:50.558135+09:00
Portfolio Version,,,failed,False,2026-08-23T03:20:22.973389+09:00
Portfolio View,390.0,20.0,success,False,2026-08-19T20:41:03.972806+09:00
Portfolio Voucher,,,failed,False,2026-08-21T00:36:16.111706+09:00
Portfolio Watch,170.0,56.0,success,False,2026-08-19T12:27:08.334680+09:00
Portfolio Wave,,,failed,False,2026-08-19T12:27:23.710394+09:00
Portfolio Widget,50.0,4.0,success,False,2026-08-27T23:10:34.837044+09:00
Portfolio Worksheet,3600.0,0.0,success,True,2026-08-27T22:15:49.874448+09:00
Portfolio Workshop,110.0,10.0,success,False,2026-08-28T00:22:42.376773+09:00
Portfolio Zone,,,failed,False,2026-08-19T12:22:54.076804+09:00
Practicum Alert,,,failed,False,2026-08-21T01:36:01.282169+09:00
Practicum Allowance,,,failed,False,2026-08-21T02:38:16.396053+09:00
Practicum Analyzer,,,failed,False,2026-08-27T23:56:38.183826+09:00
Practicum Atlas,,,failed,False,2026-08-21T01:42:51.256978+09:00
Practicum Attribute,,,failed,False,2026-08-23T13:07:37.097248+09:00
Practicum Badge,10.0,0.0,success,False,2026-08-21T01:39:07.193029+09:00
Practicum Base,,,failed,False,2026-08-21T01:41:30.332578+09:00
Practicum Beacon,,,failed,False,2026-08-21T01:40:37.729948+09:00
Practicum Bill,,,failed,False,2026-08-21T01:38:31.485069+09:00
Practicum Bin,,,failed,False,2026-08-21T01:36:01.282169+09:00
Practicum Board,,,failed,False,2026-08-21T01:41:39.026443+09:00
Practicum Bridge,,,failed,False,2026-08-21T01:40:48.434359+09:00
Practicum Brief,,,failed,False,2026-08-21T01:39:38.707543+09:00
Practicum Bulletin,,,failed,False,2026-08-21T01:39:35.935414+09:00
Practicum Cabinet,,,failed,False,2026-08-27T23:13:09.078623+09:00
Practicum Calendar,20.0,0.0,success,False,2026-08-21T01:43:52.896076+09:00
Practicum Card,,,failed,False,2026-08-21T01:36:52.456000+09:00
Practicum Cascade,,,failed,False,2026-08-21T01:40:45.060160+09:00
Practicum Cash,,,failed,False,2026-08-21T02:31:03.884559+09:00
Practicum Category,,,failed,False,2026-08-23T13:07:32.830763+09:00
Practicum Center,10.0,0.0,success,False,2026-08-21T01:42:00.180241+09:00
Practicum Chain,,,failed,False,2026-08-21T01:42:37.393096+09:00
Practicum Charge,,,failed,False,2026-08-21T02:38:06.910707+09:00
Practicum Chart,,,failed,False,2026-08-21T01:36:01.282169+09:00
Practicum Check,,,failed,False,2026-08-21T01:36:59.790111+09:00
Practicum Checker,,,failed,False,2026-08-27T23:56:35.462889+09:00
Practicum Code,,,failed,False,2026-08-21T01:38:38.622768+09:00
Practicum Companion,,,failed,False,2026-08-21T01:43:25.178324+09:00
Practicum Comparison,,,failed,False,2026-08-28T01:07:55.638643+09:00
Practicum Confirmation,,,failed,False,2026-08-21T01:39:55.005229+09:00
Practicum Console,,,failed,False,2026-08-21T01:42:11.023754+09:00
Practicum Copayment,,,failed,False,2026-08-23T16:37:16.360877+09:00
Practicum Core,,,failed,False,2026-08-21T01:41:33.473055+09:00
Practicum Cost,10.0,7.0,success,False,2026-08-21T02:13:55.363048+09:00
Practicum Count,,,failed,False,2026-08-27T22:47:34.273654+09:00
Practicum Counter,,,failed,False,2026-08-21T01:44:16.668560+09:00
Practicum Deal,,,failed,False,2026-08-21T01:57:22.977623+09:00
Practicum Debt,,,failed,False,2026-08-21T02:30:59.342931+09:00
Practicum Deck,,,failed,False,2026-08-21T01:41:44.452509+09:00
Practicum Desk,,,failed,False,2026-08-21T01:40:19.724237+09:00
Practicum Detail,,,failed,False,2026-08-23T03:19:05.834960+09:00
Practicum Diagram,,,failed,False,2026-08-27T22:08:28.855798+09:00
Practicum Directory,,,failed,False,2026-08-21T01:43:59.593158+09:00
Practicum Discount,,,failed,False,2026-08-23T16:17:12.971292+09:00
Practicum Draft,,,failed,False,2026-08-21T01:37:51.952894+09:00
Practicum Due,,,failed,False,2026-08-23T15:52:54.963093+09:00
Practicum Duty,,,failed,False,2026-08-21T02:38:09.773029+09:00
Practicum Endowment,,,failed,False,2026-08-23T15:52:59.645505+09:00
Practicum Engine,,,failed,False,2026-08-21T01:43:00.390217+09:00
Practicum Entry,,,failed,False,2026-08-21T01:40:03.980146+09:00
Practicum Estimate,,,failed,False,2026-08-21T01:38:21.127852+09:00
Practicum Extension,,,failed,False,2026-08-23T16:37:21.516331+09:00
Practicum Fare,,,failed,False,2026-08-21T02:14:02.511057+09:00
Practicum Fee,20.0,0.0,success,False,2026-08-21T01:57:10.227780+09:00
Practicum Feed,,,failed,False,2026-08-21T01:37:46.611348+09:00
Practicum File,20.0,0.0,success,False,2026-08-21T01:37:30.941685+09:00
Practicum Fine,,,failed,False,2026-08-23T02:54:19.843201+09:00
Practicum Flow,,,failed,False,2026-08-21T01:40:12.068388+09:00
Practicum Forge,,,failed,False,2026-08-21T01:40:42.553901+09:00
Practicum Form,30.0,0.0,success,False,2026-08-21T01:36:47.067872+09:00
Practicum Format,,,failed,False,2026-08-23T13:07:41.329341+09:00
Practicum Frame,,,failed,False,2026-08-21T01:41:22.153477+09:00
Practicum Fund,,,failed,False,2026-08-21T02:31:01.801994+09:00
Practicum Gate,,,failed,False,2026-08-21T01:42:43.370438+09:00
Practicum Grid,,,failed,False,2026-08-21T01:41:06.507181+09:00
Practicum Helpdesk,,,failed,False,2026-08-27T22:47:34.273654+09:00
Practicum Helper,,,failed,False,2026-08-28T00:26:06.768927+09:00
Practicum History,,,failed,False,2026-08-21T01:37:28.905967+09:00
Practicum Hub,,,failed,False,2026-08-21T01:40:17.321567+09:00
Practicum Identifier,,,failed,False,2026-08-23T13:07:32.830763+09:00
Practicum Inbox,,,failed,False,2026-08-21T01:36:01.282169+09:00
Practicum Index,,,failed,False,2026-08-21T01:38:12.819970+09:00
Practicum Installment,,,failed,False,2026-08-23T16:17:15.012584+09:00
Practicum Item,,,failed,False,2026-08-21T01:57:15.651579+09:00
Practicum Journal,40.0,0.0,success,False,2026-08-21T01:43:45.085248+09:00
Practicum Keeper,,,failed,False,2026-08-21T01:42:53.677401+09:00
Practicum Kit,,,failed,False,2026-08-27T22:47:31.900265+09:00
Practicum Lab,30.0,0.0,success,False,2026-08-21T01:41:48.955996+09:00
Practicum Ledger,,,failed,False,2026-08-21T01:41:35.548332+09:00
Practicum Level,,,failed,False,2026-08-21T01:37:34.913486+09:00
Practicum Line,,,failed,False,2026-08-21T01:36:01.282169+09:00
Practicum Link,,,failed,False,2026-08-23T03:18:56.291245+09:00
Practicum List,,,failed,False,2026-08-21T01:38:40.726969+09:00
Practicum Loan,,,failed,False,2026-08-21T02:14:10.459291+09:00
Practicum Lobby,,,failed,False,2026-08-21T01:36:01.282169+09:00
Practicum Locator,,,failed,False,2026-08-21T01:44:01.894856+09:00
Practicum Locker,,,failed,False,2026-08-21T01:44:23.485240+09:00
Practicum Log,30.0,0.0,success,False,2026-08-21T01:36:42.310879+09:00
Practicum Loop,,,failed,False,2026-08-21T01:41:02.771886+09:00
Practicum Manual,40.0,29.0,success,False,2026-08-27T22:08:24.051026+09:00
Practicum Map,,,failed,False,2026-08-21T01:41:20.184116+09:00
Practicum Margin,,,failed,False,2026-08-23T02:54:17.672874+09:00
Practicum Markup,,,failed,False,2026-08-23T16:37:16.360877+09:00
Practicum Memo,,,failed,False,2026-08-21T01:39:25.000691+09:00
Practicum Message,,,failed,False,2026-08-27T23:13:00.467969+09:00
Practicum Monitor,,,failed,False,2026-08-21T01:43:18.678031+09:00
Practicum Nexus,,,failed,False,2026-08-21T01:42:48.869153+09:00
Practicum Note,,,failed,False,2026-08-21T01:37:07.808277+09:00
Practicum Notification,,,failed,False,2026-08-27T22:47:28.680273+09:00
Practicum Number,,,failed,False,2026-08-23T03:18:48.364198+09:00
Practicum Office,20.0,0.0,success,False,2026-08-21T01:44:11.369887+09:00
Practicum Ops,,,failed,False,2026-08-21T01:43:34.239530+09:00
Practicum Order,,,failed,False,2026-08-21T01:38:24.012895+09:00
Practicum Overage,,,failed,False,2026-08-27T21:46:21.323370+09:00
Practicum Overdue,,,failed,False,2026-08-27T21:46:18.010185+09:00
Practicum Panel,,,failed,False,2026-08-21T01:42:13.880844+09:00
Practicum Pass,,,failed,False,2026-08-21T01:38:59.099455+09:00
Practicum Passport,,,failed,False,2026-08-21T01:36:01.282169+09:00
Practicum Path,,,failed,False,2026-08-21T01:41:14.289680+09:00
Practicum Penalty,,,failed,False,2026-08-23T16:37:14.050450+09:00
Practicum Petition,,,failed,False,2026-08-21T01:39:52.762519+09:00
Practicum Plan,20.0,0.0,success,False,2026-08-21T01:57:25.896991+09:00
Practicum Planner,,,failed,False,2026-08-21T01:43:12.278953+09:00
Practicum Playbook,,,failed,False,2026-08-21T01:43:42.058918+09:00
Practicum Point,,,failed,False,2026-08-21T01:41:18.223212+09:00
Practicum Portal,70.0,0.0,success,False,2026-08-21T01:42:07.777661+09:00
Practicum Post,,,failed,False,2026-08-21T01:36:01.282169+09:00
Practicum Profile,,,failed,False,2026-08-21T01:37:16.023011+09:00
Practicum Profit,,,failed,False,2026-08-23T02:54:08.933520+09:00
Practicum Quota,,,failed,False,2026-08-21T01:39:27.131441+09:00
Practicum Radar,,,failed,False,2026-08-21T01:40:26.570038+09:00
Practicum Rate,,,failed,False,2026-08-21T01:37:39.215530+09:00
Practicum Receipt,,,failed,False,2026-08-21T01:38:34.046103+09:00
Practicum Recorder,,,failed,False,2026-08-27T23:34:49.517197+09:00
Practicum Redemption,,,failed,False,2026-08-23T16:37:18.649152+09:00
Practicum Register,,,failed,False,2026-08-21T01:43:31.469604+09:00
Practicum Relay,,,failed,False,2026-08-21T01:40:28.771256+09:00
Practicum Reminder,,,failed,False,2026-08-21T01:38:06.302240+09:00
Practicum Report,320.0,0.0,success,False,2026-08-21T01:36:39.432784+09:00
Practicum Repository,,,failed,False,2026-08-27T23:13:13.331600+09:00
Practicum Result,,,failed,False,2026-08-28T00:48:11.249121+09:00
Practicum Ring,,,failed,False,2026-08-21T01:42:40.721389+09:00
Practicum Roll,,,failed,False,2026-08-21T01:36:01.282169+09:00
Practicum Roster,,,failed,False,2026-08-21T01:36:01.282169+09:00
Practicum Route,,,failed,False,2026-08-21T01:42:22.878879+09:00
Practicum Rule,,,failed,False,2026-08-23T03:19:01.069685+09:00
Practicum Sale,,,failed,False,2026-08-21T02:20:57.219379+09:00
Practicum Sample,,,failed,False,2026-08-21T01:38:52.841882+09:00
Practicum Scale,,,failed,False,2026-08-21T01:42:20.086183+09:00
Practicum Score,,,failed,False,2026-08-21T01:37:05.417257+09:00
Practicum Sheet,,,failed,False,2026-08-21T01:36:55.107278+09:00
Practicum Shortfall,,,failed,False,2026-08-27T21:46:21.323370+09:00
Practicum Signal,,,failed,False,2026-08-21T01:40:53.074721+09:00
Practicum Signature,,,failed,False,2026-08-23T13:27:56.242264+09:00
Practicum Slip,,,failed,False,2026-08-21T01:38:48.053655+09:00
Practicum Slot,,,failed,False,2026-08-21T01:38:54.698036+09:00
Practicum Stage,,,failed,False,2026-08-28T00:48:11.249121+09:00
Practicum Stake,,,failed,False,2026-08-23T02:54:15.524012+09:00
Practicum Statement,,,failed,False,2026-08-21T01:39:18.143916+09:00
Practicum Station,,,failed,False,2026-08-21T01:41:54.360418+09:00
Practicum Status,,,failed,False,2026-08-21T01:37:21.821672+09:00
Practicum Stipend,,,failed,False,2026-08-23T13:48:06.578216+09:00
Practicum Stub,,,failed,False,2026-08-21T01:39:12.504942+09:00
Practicum Studio,,,failed,False,2026-08-21T01:41:46.462785+09:00
Practicum Subsidy,,,failed,False,2026-08-23T15:52:57.176155+09:00
Practicum Sum,,,failed,False,2026-08-21T02:30:59.342931+09:00
Practicum Summary,10.0,0.0,success,False,2026-08-21T01:37:55.040790+09:00
Practicum Surtax,,,failed,False,2026-08-23T15:52:59.645505+09:00
Practicum Tab,,,failed,False,2026-08-21T01:39:30.579891+09:00
Practicum Table,,,failed,False,2026-08-21T01:38:45.431477+09:00
Practicum Tag,,,failed,False,2026-08-21T01:37:13.589246+09:00
Practicum Tariff,,,failed,False,2026-08-21T02:38:19.881796+09:00
Practicum Tax,,,failed,False,2026-08-21T02:14:07.166822+09:00
Practicum Terminal,,,failed,False,2026-08-21T01:41:56.935291+09:00
Practicum Ticker,,,failed,False,2026-08-21T01:36:01.282169+09:00
Practicum Ticket,,,failed,False,2026-08-21T01:38:16.172375+09:00
Practicum Timeline,,,failed,False,2026-08-21T01:38:01.641770+09:00
Practicum Toll,,,failed,False,2026-08-21T02:38:13.377279+09:00
Practicum Toolbox,,,failed,False,2026-08-28T00:26:03.782064+09:00
Practicum Total,,,failed,False,2026-08-27T23:13:03.121922+09:00
Practicum Tracker,,,failed,False,2026-08-21T01:40:07.956384+09:00
Practicum Trend,,,failed,False,2026-08-28T01:07:52.961175+09:00
Practicum Trial,,,failed,False,2026-08-27T21:14:11.708321+09:00
Practicum Unit,,,failed,False,2026-08-21T01:57:21.062358+09:00
Practicum Update,,,failed,False,2026-08-21T01:37:41.835664+09:00
Practicum Value,,,failed,False,2026-08-23T02:54:13.248458+09:00
Practicum Vault,,,failed,False,2026-08-21T01:40:33.133691+09:00
Practicum Version,,,failed,False,2026-08-23T03:18:52.097037+09:00
Practicum View,,,failed,False,2026-08-21T01:37:24.140763+09:00
Practicum Voucher,,,failed,False,2026-08-21T01:39:01.261860+09:00
Practicum Wave,,,failed,False,2026-08-21T01:41:08.747647+09:00
Practicum Widget,,,failed,False,2026-08-27T23:13:06.155067+09:00
Practicum Window,,,failed,False,2026-08-21T01:36:01.282169+09:00
Practicum Worksheet,,,failed,False,2026-08-27T22:08:26.678137+09:00
Practicum Workshop,,,failed,False,2026-08-28T00:26:01.082990+09:00
Practicum Zone,,,failed,False,2026-08-21T01:42:02.866390+09:00
Premium Advance,320.0,30.0,success,False,2026-08-23T16:15:47.536999+09:00
Premium Advisory,40.0,2.0,success,False,2026-08-21T01:05:18.575555+09:00
Premium Allowance,20.0,0.0,success,False,2026-08-21T02:42:47.286881+09:00
Premium Almanac,,,failed,False,2026-08-18T22:07:40.431986+09:00
Premium Analyzer,,,failed,False,2026-08-27T23:57:42.673163+09:00
Premium Anchor,,,failed,False,2026-08-17T20:45:45.792269+09:00
Premium Announcement,,,failed,False,2026-08-27T23:35:50.995626+09:00
Premium Arrears,40.0,0.0,success,False,2026-08-23T16:15:47.536999+09:00
Premium Assistant,390.0,0.0,success,False,2026-08-17T23:15:18.258563+09:00
Premium Atlas,30.0,10.0,success,False,2026-08-17T20:36:28.708934+09:00
Premium Attribute,,,failed,False,2026-08-23T13:08:19.388505+09:00
Premium Badge,480.0,17.0,success,False,2026-08-21T00:32:11.459467+09:00
Premium Balance,70.0,4.0,success,False,2026-08-23T13:47:49.087746+09:00
Premium Base,1300.0,82.0,success,False,2026-08-17T20:33:10.817795+09:00
Premium Beacon,,,failed,False,2026-08-17T21:31:28.023870+09:00
Premium Bill,260.0,2.0,success,False,2026-08-19T21:56:56.242658+09:00
Premium Blueprint,,,failed,False,2026-08-18T22:07:30.618042+09:00
Premium Board,260.0,17.0,success,False,2026-08-18T07:52:53.130004+09:00
Premium Book,880.0,35.0,success,False,2026-08-19T21:57:51.707228+09:00
Premium Bridge,40.0,0.0,success,False,2026-08-17T20:46:42.242736+09:00
Premium Brief,90.0,50.0,success,False,2026-08-21T01:05:11.632109+09:00
Premium Bulletin,,,failed,False,2026-08-21T01:04:35.050629+09:00
Premium Calculator,3600.0,24.0,success,False,2026-08-27T23:35:50.995626+09:00
Premium Calendar,210.0,66.0,success,False,2026-08-18T23:58:19.517114+09:00
Premium Card,9900.0,10.0,success,False,2026-08-19T13:29:35.607135+09:00
Premium Cascade,,,failed,False,2026-08-17T20:48:00.384731+09:00
Premium Cash,110.0,5.0,success,False,2026-08-21T02:27:29.296336+09:00
Premium Cashback,140.0,15.0,success,False,2026-08-27T21:17:51.217476+09:00
Premium Catalog,320.0,2.0,success,False,2026-08-19T21:14:36.641890+09:00
Premium Category,170.0,0.0,success,False,2026-08-23T13:08:17.193422+09:00
Premium Center,27100.0,2.0,success,False,2026-08-17T21:34:12.134068+09:00
Premium Chain,90.0,92.0,success,False,2026-08-17T20:40:53.994191+09:00
Premium Charge,260.0,1.0,success,False,2026-08-21T02:42:39.559962+09:00
Premium Check,480.0,11.0,success,False,2026-08-19T13:29:58.473439+09:00
Premium Checker,480.0,11.0,success,False,2026-08-27T23:57:37.780075+09:00
Premium Checklist,,,failed,False,2026-08-19T21:13:44.257474+09:00
Premium Circular,,,failed,False,2026-08-21T01:04:41.877436+09:00
Premium Cockpit,,,failed,False,2026-08-17T23:26:36.000104+09:00
Premium Code,720.0,0.0,success,False,2026-08-19T21:57:14.341308+09:00
Premium Codex,10.0,2.0,success,False,2026-08-18T22:07:55.686998+09:00
Premium Companion,,,failed,False,2026-08-17T23:13:24.499414+09:00
Premium Comparison,90.0,4.0,success,False,2026-08-28T01:07:44.108969+09:00
Premium Compass,70.0,100.0,success,False,2026-08-17T21:32:36.544768+09:00
Premium Compendium,,,failed,False,2026-08-18T22:07:47.344279+09:00
Premium Confirmation,,,failed,False,2026-08-21T01:05:06.601547+09:00
Premium Console,40.0,50.0,success,False,2026-08-17T21:30:50.388708+09:00
Premium Contribution,70.0,0.0,success,False,2026-08-23T16:15:43.832612+09:00
Premium Copayment,,,failed,False,2026-08-23T16:39:38.014835+09:00
Premium Core,70.0,37.0,success,False,2026-08-17T20:32:00.957216+09:00
Premium Cost,,,failed,False,2026-08-21T02:11:55.079933+09:00
Premium Counter,170.0,12.0,success,False,2026-08-18T23:59:11.751475+09:00
Premium Coupon,170.0,2.0,success,False,2026-08-27T21:17:51.217476+09:00
Premium Dashboard,390.0,18.0,success,False,2026-08-17T23:06:24.757707+09:00
Premium Deal,480.0,8.0,success,False,2026-08-21T01:56:46.597919+09:00
Premium Debt,70.0,9.0,success,False,2026-08-21T02:27:23.796384+09:00
Premium Deck,1300.0,64.0,success,False,2026-08-17T21:40:47.686331+09:00
Premium Depot,40.0,21.0,success,False,2026-08-18T23:58:54.171473+09:00
Premium Desk,320.0,100.0,success,False,2026-08-17T21:36:47.272145+09:00
Premium Detail,1000.0,5.0,success,False,2026-08-23T03:21:36.606838+09:00
Premium Dial,,,failed,False,2026-08-17T20:47:19.659128+09:00
Premium Digest,210.0,99.0,success,False,2026-08-19T20:43:48.362624+09:00
Premium Directory,10.0,14.0,success,False,2026-08-18T23:58:29.314698+09:00
Premium Discount,1600.0,0.0,success,True,2026-08-23T16:15:40.537214+09:00
Premium Dock,90.0,41.0,success,False,2026-08-17T20:43:26.313536+09:00
Premium Dossier,,,failed,False,2026-08-21T01:05:20.057524+09:00
Premium Downpayment,,,failed,False,2026-08-27T21:49:01.717649+09:00
Premium Draft,90.0,44.0,success,False,2026-08-19T20:44:03.742658+09:00
Premium Due,260.0,6.0,success,False,2026-08-23T15:52:26.691302+09:00
Premium Duty,20.0,0.0,success,False,2026-08-21T02:42:41.863985+09:00
Premium Endowment,,,failed,False,2026-08-23T15:52:28.857053+09:00
Premium Engine,50.0,16.0,success,False,2026-08-17T23:25:33.384672+09:00
Premium Entry,50.0,0.0,success,False,2026-08-21T01:05:32.279989+09:00
Premium Estimate,,,failed,False,2026-08-19T21:14:25.391974+09:00
Premium Estimator,10.0,29.0,success,False,2026-08-27T23:57:33.676197+09:00
Premium Excerpt,,,failed,False,2026-08-21T01:05:28.222738+09:00
Premium Extension,880.0,13.0,success,False,2026-08-23T16:39:41.135046+09:00
Premium Fare,140.0,3.0,success,False,2026-08-21T02:12:01.712721+09:00
Premium Fee,210.0,0.0,success,False,2026-08-21T01:56:23.932930+09:00
Premium Feed,480.0,10.0,success,False,2026-08-19T20:43:53.666341+09:00
Premium Field,,,failed,False,2026-08-23T13:08:21.567126+09:00
Premium File,260.0,86.0,success,False,2026-08-19T20:43:22.271749+09:00
Premium Finder,20.0,0.0,success,False,2026-08-18T23:58:46.816942+09:00
Premium Fine,20.0,44.0,success,False,2026-08-23T02:56:50.179026+09:00
Premium Flag,170.0,95.0,success,False,2026-08-21T00:32:52.523477+09:00
Premium Flow,110.0,4.0,success,False,2026-08-17T21:41:25.564008+09:00
Premium Forge,,,failed,False,2026-08-17T21:30:18.085086+09:00
Premium Form,390.0,21.0,success,False,2026-08-19T13:29:19.231161+09:00
Premium Format,390.0,21.0,success,False,2026-08-23T13:08:24.927067+09:00
Premium Frame,480.0,56.0,success,False,2026-08-17T20:34:11.615000+09:00
Premium Fund,320.0,13.0,success,False,2026-08-21T02:27:26.146379+09:00
Premium Gate,260.0,24.0,success,False,2026-08-17T20:38:21.061174+09:00
Premium Giveaway,720.0,34.0,success,False,2026-08-27T21:17:56.289470+09:00
Premium Grade,,,failed,False,2026-08-21T00:32:38.054061+09:00
Premium Graph,,,failed,False,2026-08-27T22:13:13.048056+09:00
Premium Grid,20.0,1.0,success,False,2026-08-17T20:41:17.748242+09:00
Premium Guarantee,140.0,6.0,success,False,2026-08-28T01:07:55.638643+09:00
Premium Guard,1900.0,6.0,success,False,2026-08-17T20:32:38.453320+09:00
Premium Guidebook,,,failed,False,2026-08-18T22:07:14.456265+09:00
Premium Helpdesk,10.0,25.0,success,False,2026-08-27T22:49:44.992225+09:00
Premium Helper,,,failed,False,2026-08-28T00:26:37.162050+09:00
Premium History,30.0,1.0,success,False,2026-08-19T20:43:16.240040+09:00
Premium Hotline,70.0,0.0,success,False,2026-08-19T21:14:46.806152+09:00
Premium Hub,1000.0,0.0,success,True,2026-08-17T21:39:22.624237+09:00
Premium Identifier,,,failed,False,2026-08-23T13:08:15.174863+09:00
Premium Incentive,90.0,24.0,success,False,2026-08-27T21:17:56.289470+09:00
Premium Index,210.0,3.0,success,False,2026-08-19T21:13:54.945157+09:00
Premium Insight,70.0,5.0,success,False,2026-08-17T23:26:22.390418+09:00
Premium Installment,90.0,1.0,success,False,2026-08-23T16:15:40.537214+09:00
Premium Interest,70.0,3.0,success,False,2026-08-23T13:47:51.726767+09:00
Premium Item,320.0,50.0,success,False,2026-08-21T01:56:30.460489+09:00
Premium Journal,320.0,100.0,success,False,2026-08-18T22:06:59.160335+09:00
Premium Keeper,,,failed,False,2026-08-17T20:34:35.742752+09:00
Premium Lab,2400.0,6.0,success,False,2026-08-17T21:37:24.355362+09:00
Premium Label,880.0,39.0,success,False,2026-08-27T22:13:16.015424+09:00
Premium Ledger,,,failed,False,2026-08-18T07:52:41.803734+09:00
Premium Lens,1000.0,26.0,success,False,2026-08-17T20:35:03.370957+09:00
Premium Level,5400.0,7.0,success,False,2026-08-19T20:43:28.887944+09:00
Premium Levy,30.0,0.0,success,False,2026-08-23T13:47:56.055627+09:00
Premium Link,1600.0,1.0,success,False,2026-08-23T03:21:28.061139+09:00
Premium List,390.0,3.0,success,False,2026-08-19T21:57:27.705045+09:00
Premium Loan,590.0,42.0,success,False,2026-08-21T02:12:10.627447+09:00
Premium Locator,,,failed,False,2026-08-18T23:58:38.723569+09:00
Premium Lock,320.0,48.0,success,False,2026-08-17T20:37:00.325562+09:00
Premium Log,4400.0,1.0,success,False,2026-08-19T13:29:02.484553+09:00
Premium Loop,30.0,2.0,success,False,2026-08-17T20:42:08.223187+09:00
Premium Manager,30.0,0.0,success,False,2026-08-17T20:33:42.611240+09:00
Premium Manual,50.0,0.0,success,False,2026-08-27T22:13:20.966698+09:00
Premium Map,320.0,11.0,success,False,2026-08-17T20:36:02.767132+09:00
Premium Margin,70.0,1.0,success,False,2026-08-23T02:56:43.732981+09:00
Premium Markup,,,failed,False,2026-08-23T16:39:35.759045+09:00
Premium Memo,,,failed,False,2026-08-21T00:32:43.028189+09:00
Premium Message,320.0,2.0,success,False,2026-08-27T23:15:07.984003+09:00
Premium Meter,,,failed,False,2026-08-17T20:46:04.855118+09:00
Premium Metrics,,,failed,False,2026-08-17T23:11:46.496961+09:00
Premium Monitor,210.0,100.0,success,False,2026-08-17T23:04:29.933530+09:00
Premium Navigator,50.0,51.0,success,False,2026-08-17T23:26:52.800903+09:00
Premium Nexus,3600.0,0.0,success,True,2026-08-17T20:37:28.424048+09:00
Premium Node,,,failed,False,2026-08-17T20:39:17.196343+09:00
Premium Note,390.0,68.0,success,False,2026-08-19T13:30:35.292295+09:00
Premium Notification,,,failed,False,2026-08-27T22:49:39.100911+09:00
Premium Number,5400.0,16.0,success,False,2026-08-23T03:21:18.514525+09:00
Premium Office,2400.0,7.0,success,False,2026-08-18T23:59:02.629298+09:00
Premium Ops,,,failed,False,2026-08-17T23:08:08.981233+09:00
Premium Order,70.0,1.0,success,False,2026-08-19T21:56:48.069412+09:00
Premium Organizer,110.0,100.0,success,False,2026-08-17T23:26:08.164356+09:00
Premium Outline,,,failed,False,2026-08-27T22:29:13.251110+09:00
Premium Overage,,,failed,False,2026-08-27T21:48:59.482652+09:00
Premium Overdraft,,,failed,False,2026-08-23T15:52:26.691302+09:00
Premium Overdue,,,failed,False,2026-08-27T21:48:54.950777+09:00
Premium Panel,1000.0,6.0,success,False,2026-08-17T20:48:34.410191+09:00
Premium Pass,1000.0,4.0,success,False,2026-08-21T00:31:57.081328+09:00
Premium Path,,,failed,False,2026-08-17T20:38:46.053243+09:00
Premium Payoff,,,failed,False,2026-08-27T21:48:57.191063+09:00
Premium Penalty,,,failed,False,2026-08-23T16:39:35.759045+09:00
Premium Petition,,,failed,False,2026-08-21T01:04:52.081586+09:00
Premium Pilot,,,failed,False,2026-08-17T21:37:57.485180+09:00
Premium Plan,3600.0,10.0,success,False,2026-08-21T01:56:41.739952+09:00
Premium Planner,3600.0,10.0,success,False,2026-08-17T23:25:53.472363+09:00
Premium Playbook,,,failed,False,2026-08-18T22:06:49.548592+09:00
Premium Point,2400.0,2.0,success,False,2026-08-17T20:37:58.727524+09:00
Premium Portal,14800.0,0.0,success,True,2026-08-17T21:31:59.895065+09:00
Premium Preview,40.0,2.0,success,False,2026-08-28T01:07:47.366767+09:00
Premium Profile,320.0,1.0,success,False,2026-08-19T13:30:50.408917+09:00
Premium Profit,70.0,58.0,success,False,2026-08-23T02:56:35.195472+09:00
Premium Proposal,30.0,5.0,success,False,2026-08-28T01:07:52.961175+09:00
Premium Pulse,140.0,4.0,success,False,2026-08-17T20:40:33.502804+09:00
Premium Queue,10.0,4.0,success,False,2026-08-19T21:14:14.890297+09:00
Premium Quota,10.0,0.0,success,False,2026-08-21T00:32:47.883810+09:00
Premium Radar,,,failed,False,2026-08-17T21:35:46.466784+09:00
Premium Rail,30.0,20.0,success,False,2026-08-17T20:42:29.560038+09:00
Premium Rate,880.0,0.0,success,False,2026-08-19T20:43:36.722310+09:00
Premium Recap,10.0,7.0,success,False,2026-08-21T01:05:25.449789+09:00
Premium Receipt,480.0,1.0,success,False,2026-08-19T21:57:05.603826+09:00
Premium Recorder,20.0,2.0,success,False,2026-08-27T23:35:57.257837+09:00
Premium Register,70.0,12.0,success,False,2026-08-17T23:27:06.990402+09:00
Premium Registry,,,failed,False,2026-08-18T22:07:24.351116+09:00
Premium Relay,10.0,0.0,success,False,2026-08-17T21:34:42.632014+09:00
Premium Reminder,30.0,0.0,success,False,2026-08-19T21:13:31.913325+09:00
Premium Report,110.0,2.0,success,False,2026-08-19T13:28:55.054153+09:00
Premium Roadmap,,,failed,False,2026-08-18T22:08:02.449968+09:00
Premium Roster,10.0,0.0,success,False,2026-08-19T00:37:25.342982+09:00
Premium Route,30.0,1.0,success,False,2026-08-17T20:44:17.126543+09:00
Premium Rule,,,failed,False,2026-08-23T03:21:32.618577+09:00
Premium Sale,1000.0,14.0,success,False,2026-08-21T02:27:33.001702+09:00
Premium Sample,20.0,29.0,success,False,2026-08-19T21:58:11.207870+09:00
Premium Scale,50.0,51.0,success,False,2026-08-17T20:45:16.547101+09:00
Premium Scheduler,,,failed,False,2026-08-17T23:10:09.982693+09:00
Premium Scope,,,failed,False,2026-08-17T20:42:54.961047+09:00
Premium Score,30.0,5.0,success,False,2026-08-19T13:30:10.449633+09:00
Premium Sentry,,,failed,False,2026-08-17T20:35:32.317442+09:00
Premium Sheet,1000.0,100.0,success,False,2026-08-19T13:29:49.322759+09:00
Premium Shortfall,,,failed,False,2026-08-27T21:49:04.119579+09:00
Premium Signal,320.0,15.0,success,False,2026-08-17T20:44:38.858684+09:00
Premium Signature,320.0,0.0,success,False,2026-08-23T13:27:56.242264+09:00
Premium Slip,30.0,49.0,success,False,2026-08-19T21:57:59.626776+09:00
Premium Slot,720.0,3.0,success,False,2026-08-19T21:58:19.577733+09:00
Premium Snapshot,,,failed,False,2026-08-18T22:07:05.348378+09:00
Premium Stake,50.0,49.0,success,False,2026-08-23T02:56:41.108127+09:00
Premium Statement,70.0,3.0,success,False,2026-08-21T00:32:24.105621+09:00
Premium Station,320.0,8.0,success,False,2026-08-17T21:36:22.095100+09:00
Premium Status,320.0,1.0,success,False,2026-08-19T20:42:59.296448+09:00
Premium Stub,,,failed,False,2026-08-21T00:32:18.028421+09:00
Premium Studio,880.0,3.0,success,False,2026-08-17T21:38:29.386806+09:00
Premium Subsidy,170.0,1.0,success,False,2026-08-23T15:52:28.857053+09:00
Premium Suite,2400.0,9.0,success,False,2026-08-17T23:08:28.176792+09:00
Premium Sum,10.0,23.0,success,False,2026-08-21T02:27:19.706336+09:00
Premium Summary,20.0,2.0,success,False,2026-08-19T21:13:07.301000+09:00
Premium Surtax,,,failed,False,2026-08-23T15:52:31.168291+09:00
Premium Sync,10.0,0.0,success,False,2026-08-18T07:52:15.038723+09:00
Premium Tab,140.0,40.0,success,False,2026-08-21T00:32:57.061306+09:00
Premium Table,74000.0,3.0,success,False,2026-08-19T21:57:37.806809+09:00
Premium Tag,210.0,22.0,success,False,2026-08-19T13:30:45.657035+09:00
Premium Tally,,,failed,False,2026-08-21T00:32:31.934653+09:00
Premium Tariff,20.0,1.0,success,False,2026-08-21T02:42:49.671896+09:00
Premium Tax,480.0,2.0,success,False,2026-08-21T02:12:06.796728+09:00
Premium Ticket,1300.0,6.0,success,False,2026-08-19T21:14:05.700076+09:00
Premium Tier,390.0,0.0,success,False,2026-08-28T00:48:18.570201+09:00
Premium Timeline,,,failed,False,2026-08-19T21:13:19.288024+09:00
Premium Toll,110.0,100.0,success,False,2026-08-21T02:42:44.475010+09:00
Premium Toolbox,70.0,18.0,success,False,2026-08-28T00:26:37.162050+09:00
Premium Toolkit,,,failed,False,2026-08-18T22:06:41.570881+09:00
Premium Total,480.0,8.0,success,False,2026-08-27T23:15:07.984003+09:00
Premium Tracker,590.0,16.0,success,False,2026-08-18T07:52:01.229242+09:00
Premium Trail,40.0,0.0,success,False,2026-08-17T20:41:47.517366+09:00
Premium Trend,260.0,3.0,success,False,2026-08-28T01:07:44.108969+09:00
Premium Trial,320.0,1.0,success,False,2026-08-27T21:17:53.742550+09:00
Premium Unit,70.0,2.0,success,False,2026-08-21T01:56:34.859851+09:00
Premium Update,210.0,1.0,success,False,2026-08-19T20:43:41.671766+09:00
Premium Value,590.0,2.0,success,False,2026-08-23T02:56:38.023044+09:00
Premium Vault,140.0,1.0,success,False,2026-08-17T21:33:37.652467+09:00
Premium Version,1600.0,0.0,success,True,2026-08-23T03:21:22.362914+09:00
Premium View,4400.0,5.0,success,False,2026-08-19T20:43:08.672141+09:00
Premium Voucher,390.0,47.0,success,False,2026-08-21T00:32:06.767489+09:00
Premium Wallet,2400.0,100.0,success,False,2026-08-27T22:49:42.275363+09:00
Premium Watch,18100.0,95.0,success,False,2026-08-17T20:43:56.267353+09:00
Premium Wave,110.0,4.0,success,False,2026-08-17T20:39:43.687132+09:00
Premium Widget,30.0,1.0,success,False,2026-08-27T23:15:10.643747+09:00
Premium Workbench,10.0,100.0,success,False,2026-08-18T22:06:31.917725+09:00
Premium Worksheet,,,failed,False,2026-08-27T22:13:20.966698+09:00
Premium Zone,1900.0,1.0,success,False,2026-08-17T21:33:10.630129+09:00
Preplanning Advance,,,failed,False,2026-08-23T16:11:58.973572+09:00
Preplanning Advisory,,,failed,False,2026-08-21T00:59:03.951352+09:00
Preplanning Allowance,,,failed,False,2026-08-21T02:41:56.534428+09:00
Preplanning Almanac,,,failed,False,2026-08-18T22:06:56.515623+09:00
Preplanning Analyzer,,,failed,False,2026-08-27T23:56:27.794878+09:00
Preplanning Anchor,,,failed,False,2026-08-17T23:23:57.574570+09:00
Preplanning Arrears,,,failed,False,2026-08-23T16:11:56.492802+09:00
Preplanning Asset,,,failed,False,2026-08-23T13:48:38.413472+09:00
Preplanning Assistant,,,failed,False,2026-08-17T23:30:30.158673+09:00
Preplanning Atlas,,,failed,False,2026-08-17T23:29:43.400125+09:00
Preplanning Badge,,,failed,False,2026-08-21T00:35:43.096296+09:00
Preplanning Balance,,,failed,False,2026-08-23T13:48:35.211056+09:00
Preplanning Base,,,failed,False,2026-08-17T23:26:20.273293+09:00
Preplanning Beacon,,,failed,False,2026-08-17T23:33:40.972373+09:00
Preplanning Bill,,,failed,False,2026-08-19T21:57:31.477256+09:00
Preplanning Blueprint,,,failed,False,2026-08-18T22:06:47.457116+09:00
Preplanning Board,,,failed,False,2026-08-17T23:12:02.312580+09:00
Preplanning Book,,,failed,False,2026-08-19T21:58:24.385772+09:00
Preplanning Bridge,,,failed,False,2026-08-17T23:10:45.795183+09:00
Preplanning Brief,,,failed,False,2026-08-21T00:58:57.845239+09:00
Preplanning Bulletin,,,failed,False,2026-08-21T00:58:52.318728+09:00
Preplanning Cabinet,,,failed,False,2026-08-27T23:13:13.331600+09:00
Preplanning Calculator,,,failed,False,2026-08-27T23:34:39.372847+09:00
Preplanning Calendar,,,failed,False,2026-08-19T00:01:12.720919+09:00
Preplanning Card,,,failed,False,2026-08-19T13:32:42.417252+09:00
Preplanning Cascade,,,failed,False,2026-08-17T23:23:39.258674+09:00
Preplanning Cash,,,failed,False,2026-08-21T02:25:39.755040+09:00
Preplanning Cashback,,,failed,False,2026-08-27T21:14:54.146372+09:00
Preplanning Catalog,,,failed,False,2026-08-19T21:11:29.135916+09:00
Preplanning Center,,,failed,False,2026-08-17T23:08:25.865498+09:00
Preplanning Chain,,,failed,False,2026-08-17T23:13:20.544847+09:00
Preplanning Charge,,,failed,False,2026-08-21T02:41:45.973513+09:00
Preplanning Check,,,failed,False,2026-08-19T13:32:55.447680+09:00
Preplanning Checker,,,failed,False,2026-08-27T23:56:20.084184+09:00
Preplanning Checklist,20.0,3.0,success,False,2026-08-19T21:10:34.981799+09:00
Preplanning Circular,,,failed,False,2026-08-21T01:00:08.450743+09:00
Preplanning Cockpit,,,failed,False,2026-08-17T23:14:41.375835+09:00
Preplanning Code,,,failed,False,2026-08-19T21:57:53.749303+09:00
Preplanning Codex,,,failed,False,2026-08-18T22:07:14.456265+09:00
Preplanning Companion,,,failed,False,2026-08-17T23:32:02.596672+09:00
Preplanning Comparison,,,failed,False,2026-08-28T01:07:11.009484+09:00
Preplanning Compass,,,failed,False,2026-08-17T23:09:09.172246+09:00
Preplanning Compendium,,,failed,False,2026-08-18T22:07:05.348378+09:00
Preplanning Confirmation,,,failed,False,2026-08-21T00:59:15.258286+09:00
Preplanning Console,,,failed,False,2026-08-17T23:27:47.140187+09:00
Preplanning Contribution,,,failed,False,2026-08-23T16:11:52.886405+09:00
Preplanning Core,,,failed,False,2026-08-17T23:04:48.646277+09:00
Preplanning Cost,,,failed,False,2026-08-21T02:09:08.901398+09:00
Preplanning Count,,,failed,False,2026-08-27T22:47:50.980247+09:00
Preplanning Counter,,,failed,False,2026-08-19T00:02:00.292816+09:00
Preplanning Coupon,,,failed,False,2026-08-27T21:14:49.306471+09:00
Preplanning Dashboard,,,failed,False,2026-08-17T23:31:42.326204+09:00
Preplanning Deal,,,failed,False,2026-08-21T01:52:23.674188+09:00
Preplanning Debt,,,failed,False,2026-08-21T02:25:31.969034+09:00
Preplanning Deck,,,failed,False,2026-08-17T23:26:46.063928+09:00
Preplanning Depot,,,failed,False,2026-08-19T00:01:43.287513+09:00
Preplanning Desk,,,failed,False,2026-08-17T23:07:26.971457+09:00
Preplanning Detail,,,failed,False,2026-08-23T03:22:09.250404+09:00
Preplanning Detector,,,failed,False,2026-08-27T23:56:25.215119+09:00
Preplanning Dial,,,failed,False,2026-08-17T23:28:01.386512+09:00
Preplanning Digest,,,failed,False,2026-08-19T20:37:31.186118+09:00
Preplanning Directory,,,failed,False,2026-08-19T00:01:21.334255+09:00
Preplanning Discount,,,failed,False,2026-08-23T16:11:49.502531+09:00
Preplanning Dock,,,failed,False,2026-08-17T23:28:34.893276+09:00
Preplanning Dossier,,,failed,False,2026-08-21T00:59:19.513950+09:00
Preplanning Downpayment,,,failed,False,2026-08-27T21:46:34.931324+09:00
Preplanning Draft,,,failed,False,2026-08-19T20:37:49.991412+09:00
Preplanning Due,,,failed,False,2026-08-23T15:50:23.768923+09:00
Preplanning Duty,,,failed,False,2026-08-21T02:41:49.318667+09:00
Preplanning Endowment,,,failed,False,2026-08-23T15:50:26.316180+09:00
Preplanning Engine,,,failed,False,2026-08-17T23:11:23.614440+09:00
Preplanning Entry,,,failed,False,2026-08-21T00:59:38.385269+09:00
Preplanning Estimate,,,failed,False,2026-08-19T21:11:21.991848+09:00
Preplanning Estimator,,,failed,False,2026-08-27T23:56:20.084184+09:00
Preplanning Excerpt,,,failed,False,2026-08-21T01:01:51.697457+09:00
Preplanning Extension,,,failed,False,2026-08-23T16:37:45.266937+09:00
Preplanning Fare,,,failed,False,2026-08-21T02:09:21.519694+09:00
Preplanning Fee,,,failed,False,2026-08-21T01:52:06.168283+09:00
Preplanning Feed,,,failed,False,2026-08-19T20:37:40.051699+09:00
Preplanning File,,,failed,False,2026-08-19T20:49:25.973595+09:00
Preplanning Finder,,,failed,False,2026-08-19T00:01:35.413805+09:00
Preplanning Fine,,,failed,False,2026-08-23T02:56:38.023044+09:00
Preplanning Flag,,,failed,False,2026-08-21T00:36:16.111706+09:00
Preplanning Flow,,,failed,False,2026-08-17T23:32:47.059992+09:00
Preplanning Forge,,,failed,False,2026-08-17T22:51:27.768654+09:00
Preplanning Form,,,failed,False,2026-08-19T13:32:37.235735+09:00
Preplanning Frame,,,failed,False,2026-08-17T23:10:28.342550+09:00
Preplanning Fund,,,failed,False,2026-08-21T02:25:35.476201+09:00
Preplanning Gate,,,failed,False,2026-08-17T23:29:29.429883+09:00
Preplanning Generator,,,failed,False,2026-08-27T23:34:44.753648+09:00
Preplanning Giveaway,,,failed,False,2026-08-27T21:15:01.645543+09:00
Preplanning Grade,,,failed,False,2026-08-21T00:36:02.867452+09:00
Preplanning Grid,,,failed,False,2026-08-17T23:07:02.817989+09:00
Preplanning Guarantee,,,failed,False,2026-08-28T01:07:19.474773+09:00
Preplanning Guard,,,failed,False,2026-08-17T23:11:05.439479+09:00
Preplanning Guidebook,,,failed,False,2026-08-18T22:06:29.857370+09:00
Preplanning Helpdesk,,,failed,False,2026-08-27T22:47:50.980247+09:00
Preplanning Helper,,,failed,False,2026-08-28T00:25:48.742639+09:00
Preplanning History,,,failed,False,2026-08-19T20:49:23.220357+09:00
Preplanning Hotline,,,failed,False,2026-08-19T21:11:41.705907+09:00
Preplanning Hub,,,failed,False,2026-08-17T23:12:41.358995+09:00
Preplanning Identifier,,,failed,False,2026-08-23T13:09:14.949045+09:00
Preplanning Incentive,,,failed,False,2026-08-27T21:14:58.792070+09:00
Preplanning Index,,,failed,False,2026-08-19T21:10:46.722805+09:00
Preplanning Insight,,,failed,False,2026-08-17T23:07:47.336176+09:00
Preplanning Installment,,,failed,False,2026-08-23T16:11:49.502531+09:00
Preplanning Interest,,,failed,False,2026-08-23T13:48:38.413472+09:00
Preplanning Item,,,failed,False,2026-08-21T01:52:08.240457+09:00
Preplanning Journal,,,failed,False,2026-08-18T22:06:12.435541+09:00
Preplanning Keeper,,,failed,False,2026-08-17T23:30:01.630713+09:00
Preplanning Kit,,,failed,False,2026-08-27T22:47:42.136854+09:00
Preplanning Lab,,,failed,False,2026-08-17T23:27:03.515384+09:00
Preplanning Ledger,,,failed,False,2026-08-17T23:26:34.514876+09:00
Preplanning Lens,,,failed,False,2026-08-17T23:26:06.305227+09:00
Preplanning Level,,,failed,False,2026-08-19T20:49:32.682801+09:00
Preplanning Link,,,failed,False,2026-08-23T03:22:03.644415+09:00
Preplanning List,,,failed,False,2026-08-19T21:58:05.672882+09:00
Preplanning Loan,,,failed,False,2026-08-21T02:09:31.680775+09:00
Preplanning Locator,,,failed,False,2026-08-19T00:01:28.091265+09:00
Preplanning Lock,,,failed,False,2026-08-17T23:25:51.814430+09:00
Preplanning Log,,,failed,False,2026-08-19T13:32:23.096151+09:00
Preplanning Loop,,,failed,False,2026-08-17T23:24:36.078713+09:00
Preplanning Manager,,,failed,False,2026-08-17T23:04:09.987003+09:00
Preplanning Manual,,,failed,False,2026-08-27T22:09:13.645963+09:00
Preplanning Map,,,failed,False,2026-08-17T23:15:32.901211+09:00
Preplanning Markup,,,failed,False,2026-08-23T16:37:42.888726+09:00
Preplanning Memo,,,failed,False,2026-08-21T00:36:08.674469+09:00
Preplanning Message,,,failed,False,2026-08-27T23:13:06.155067+09:00
Preplanning Meter,,,failed,False,2026-08-17T23:04:25.350258+09:00
Preplanning Metrics,,,failed,False,2026-08-17T23:31:23.198788+09:00
Preplanning Monitor,,,failed,False,2026-08-17T23:31:05.763784+09:00
Preplanning Navigator,,,failed,False,2026-08-17T23:09:32.191803+09:00
Preplanning Nexus,,,failed,False,2026-08-17T23:14:57.452489+09:00
Preplanning Node,,,failed,False,2026-08-17T23:08:04.686791+09:00
Preplanning Note,,,failed,False,2026-08-19T13:33:13.480936+09:00
Preplanning Notification,,,failed,False,2026-08-27T22:47:42.136854+09:00
Preplanning Number,,,failed,False,2026-08-23T03:21:54.482997+09:00
Preplanning Office,,,failed,False,2026-08-19T00:01:49.817235+09:00
Preplanning Ops,,,failed,False,2026-08-17T23:32:18.106895+09:00
Preplanning Order,,,failed,False,2026-08-19T21:57:22.115019+09:00
Preplanning Organizer,,,failed,False,2026-08-17T23:13:01.440927+09:00
Preplanning Overdraft,,,failed,False,2026-08-23T15:50:23.768923+09:00
Preplanning Panel,,,failed,False,2026-08-17T23:10:06.483021+09:00
Preplanning Path,,,failed,False,2026-08-17T23:25:26.285868+09:00
Preplanning Payoff,,,failed,False,2026-08-27T21:46:34.931324+09:00
Preplanning Penalty,,,failed,False,2026-08-23T16:37:40.797403+09:00
Preplanning Petition,,,failed,False,2026-08-21T00:59:10.591896+09:00
Preplanning Pilot,,,failed,False,2026-08-17T23:32:58.780092+09:00
Preplanning Plan,,,failed,False,2026-08-21T01:52:16.580435+09:00
Preplanning Planner,,,failed,False,2026-08-17T23:05:59.212452+09:00
Preplanning Playbook,,,failed,False,2026-08-18T22:06:01.196080+09:00
Preplanning Point,,,failed,False,2026-08-17T23:08:46.290392+09:00
Preplanning Portal,,,failed,False,2026-08-17T23:15:16.385703+09:00
Preplanning Preview,,,failed,False,2026-08-28T01:07:13.467074+09:00
Preplanning Profile,,,failed,False,2026-08-19T13:33:44.098374+09:00
Preplanning Profit,,,failed,False,2026-08-23T02:56:26.483203+09:00
Preplanning Proposal,,,failed,False,2026-08-28T01:07:16.006245+09:00
Preplanning Pulse,,,failed,False,2026-08-17T23:24:56.223636+09:00
Preplanning Queue,,,failed,False,2026-08-19T21:11:11.315009+09:00
Preplanning Quota,,,failed,False,2026-08-21T00:36:14.044141+09:00
Preplanning Radar,,,failed,False,2026-08-17T23:33:11.202195+09:00
Preplanning Rail,,,failed,False,2026-08-17T23:06:20.939022+09:00
Preplanning Rate,,,failed,False,2026-08-19T20:49:38.357241+09:00
Preplanning Recap,,,failed,False,2026-08-21T00:59:30.115655+09:00
Preplanning Receipt,,,failed,False,2026-08-19T21:57:44.656511+09:00
Preplanning Register,,,failed,False,2026-08-17T23:03:51.188489+09:00
Preplanning Registry,,,failed,False,2026-08-18T22:06:39.446315+09:00
Preplanning Relay,,,failed,False,2026-08-17T23:14:22.352504+09:00
Preplanning Reminder,,,failed,False,2026-08-19T21:10:27.505284+09:00
Preplanning Report,,,failed,False,2026-08-19T13:32:13.743565+09:00
Preplanning Repository,,,failed,False,2026-08-27T23:13:16.008786+09:00
Preplanning Roadmap,,,failed,False,2026-08-18T22:07:21.490302+09:00
Preplanning Roster,,,failed,False,2026-08-19T00:37:42.157517+09:00
Preplanning Route,,,failed,False,2026-08-17T23:11:44.690517+09:00
Preplanning Rule,,,failed,False,2026-08-23T03:22:06.290002+09:00
Preplanning Sale,,,failed,False,2026-08-21T02:25:44.046093+09:00
Preplanning Sample,,,failed,False,2026-08-19T21:58:41.732793+09:00
Preplanning Scale,,,failed,False,2026-08-17T23:28:13.719643+09:00
Preplanning Scanner,,,failed,False,2026-08-27T23:56:22.652242+09:00
Preplanning Scheduler,,,failed,False,2026-08-17T23:30:45.182553+09:00
Preplanning Scope,,,failed,False,2026-08-17T23:12:20.668668+09:00
Preplanning Score,,,failed,False,2026-08-19T13:33:05.427843+09:00
Preplanning Sentry,,,failed,False,2026-08-17T23:09:50.041087+09:00
Preplanning Sheet,,,failed,False,2026-08-19T13:32:47.690424+09:00
Preplanning Signal,,,failed,False,2026-08-17T23:05:11.266926+09:00
Preplanning Signature,,,failed,False,2026-08-23T13:28:15.741943+09:00
Preplanning Slip,,,failed,False,2026-08-19T21:58:32.626205+09:00
Preplanning Slot,,,failed,False,2026-08-19T21:58:51.076600+09:00
Preplanning Snapshot,,,failed,False,2026-08-18T22:06:20.125556+09:00
Preplanning Stage,,,failed,False,2026-08-28T00:48:02.582128+09:00
Preplanning Stake,,,failed,False,2026-08-23T02:56:32.879910+09:00
Preplanning Stamp,,,failed,False,2026-08-23T13:28:17.743262+09:00
Preplanning Statement,,,failed,False,2026-08-21T00:35:52.521460+09:00
Preplanning Station,,,failed,False,2026-08-17T23:13:41.173741+09:00
Preplanning Status,,,failed,False,2026-08-19T20:49:09.969574+09:00
Preplanning Stub,,,failed,False,2026-08-21T00:35:46.572141+09:00
Preplanning Studio,,,failed,False,2026-08-17T23:06:41.076830+09:00
Preplanning Subsidy,,,failed,False,2026-08-23T15:50:23.768923+09:00
Preplanning Suite,,,failed,False,2026-08-17T23:30:16.319777+09:00
Preplanning Sum,,,failed,False,2026-08-21T02:25:24.803683+09:00
Preplanning Summary,,,failed,False,2026-08-19T21:10:05.581791+09:00
Preplanning Sync,,,failed,False,2026-08-17T23:05:34.845009+09:00
Preplanning Tab,,,failed,False,2026-08-21T00:36:21.244854+09:00
Preplanning Table,,,failed,False,2026-08-19T21:58:14.220154+09:00
Preplanning Tag,,,failed,False,2026-08-19T13:33:39.488989+09:00
Preplanning Tally,,,failed,False,2026-08-21T00:35:57.334663+09:00
Preplanning Tariff,,,failed,False,2026-08-21T02:41:59.910977+09:00
Preplanning Tax,,,failed,False,2026-08-21T02:09:26.864571+09:00
Preplanning Ticket,,,failed,False,2026-08-19T21:11:00.361566+09:00
Preplanning Timeline,,,failed,False,2026-08-19T21:10:16.662476+09:00
Preplanning Toll,,,failed,False,2026-08-21T02:41:51.779430+09:00
Preplanning Toolbox,,,failed,False,2026-08-28T00:25:44.811086+09:00
Preplanning Toolkit,,,failed,False,2026-08-18T22:05:53.928204+09:00
Preplanning Total,,,failed,False,2026-08-27T23:13:06.155067+09:00
Preplanning Tracker,,,failed,False,2026-08-17T23:32:34.743858+09:00
Preplanning Trail,,,failed,False,2026-08-17T23:28:52.290735+09:00
Preplanning Trend,,,failed,False,2026-08-28T01:07:11.009484+09:00
Preplanning Trial,,,failed,False,2026-08-27T21:14:56.322045+09:00
Preplanning Unit,,,failed,False,2026-08-21T01:52:12.646112+09:00
Preplanning Update,,,failed,False,2026-08-19T20:37:22.627194+09:00
Preplanning Value,,,failed,False,2026-08-23T02:56:29.364559+09:00
Preplanning Vault,,,failed,False,2026-08-17T23:33:22.514665+09:00
Preplanning Version,,,failed,False,2026-08-23T03:22:01.031781+09:00
Preplanning View,,,failed,False,2026-08-19T20:49:16.530394+09:00
Preplanning Voucher,,,failed,False,2026-08-21T00:35:36.889482+09:00
Preplanning Watch,,,failed,False,2026-08-17T23:24:15.710246+09:00
Preplanning Wave,,,failed,False,2026-08-17T23:14:01.287138+09:00
Preplanning Widget,,,failed,False,2026-08-27T23:13:09.078623+09:00
Preplanning Workbench,,,failed,False,2026-08-18T22:05:45.987777+09:00
Preplanning Worksheet,,,failed,False,2026-08-27T22:09:16.229025+09:00
Preplanning Workshop,,,failed,False,2026-08-28T00:25:42.430031+09:00
Preplanning Zone,,,failed,False,2026-08-17T23:27:32.625137+09:00
Prerequisite Alert,,,failed,False,2026-08-21T01:39:18.143916+09:00
Prerequisite Allowance,,,failed,False,2026-08-21T02:41:14.911892+09:00
Prerequisite Analyzer,,,failed,False,2026-08-27T23:58:14.186756+09:00
Prerequisite Announcement,,,failed,False,2026-08-27T23:35:50.995626+09:00
Prerequisite Arrears,,,failed,False,2026-08-23T16:12:35.033809+09:00
Prerequisite Atlas,,,failed,False,2026-08-21T01:36:59.790111+09:00
Prerequisite Badge,,,failed,False,2026-08-21T01:42:05.228292+09:00
Prerequisite Base,,,failed,False,2026-08-21T01:35:50.350557+09:00
Prerequisite Beacon,,,failed,False,2026-08-21T01:43:39.038620+09:00
Prerequisite Bill,,,failed,False,2026-08-21T01:41:30.332578+09:00
Prerequisite Board,,,failed,False,2026-08-21T01:35:52.587732+09:00
Prerequisite Bridge,,,failed,False,2026-08-21T01:43:52.896076+09:00
Prerequisite Brief,,,failed,False,2026-08-21T01:42:34.994206+09:00
Prerequisite Bulletin,,,failed,False,2026-08-21T01:42:32.456630+09:00
Prerequisite Calendar,,,failed,False,2026-08-21T01:37:55.040790+09:00
Prerequisite Card,,,failed,False,2026-08-21T01:40:07.956384+09:00
Prerequisite Cascade,,,failed,False,2026-08-21T01:43:50.237250+09:00
Prerequisite Cash,,,failed,False,2026-08-21T02:24:27.084847+09:00
Prerequisite Center,,,failed,False,2026-08-21T01:35:52.587732+09:00
Prerequisite Chain,,,failed,False,2026-08-21T01:36:42.310879+09:00
Prerequisite Charge,,,failed,False,2026-08-21T02:40:59.157491+09:00
Prerequisite Chart,,,failed,False,2026-08-21T01:39:21.617747+09:00
Prerequisite Check,40.0,0.0,success,False,2026-08-21T01:40:15.311910+09:00
Prerequisite Checker,,,failed,False,2026-08-27T23:58:05.711455+09:00
Prerequisite Code,,,failed,False,2026-08-21T01:41:39.026443+09:00
Prerequisite Comparison,,,failed,False,2026-08-28T01:08:56.786303+09:00
Prerequisite Compass,,,failed,False,2026-08-21T01:43:34.239530+09:00
Prerequisite Confirmation,,,failed,False,2026-08-21T01:42:51.256978+09:00
Prerequisite Console,,,failed,False,2026-08-21T01:35:52.587732+09:00
Prerequisite Core,,,failed,False,2026-08-21T01:35:50.350557+09:00
Prerequisite Cost,,,failed,False,2026-08-21T02:07:37.270032+09:00
Prerequisite Count,,,failed,False,2026-08-27T22:49:02.475082+09:00
Prerequisite Counter,,,failed,False,2026-08-21T01:38:18.535087+09:00
Prerequisite Deal,,,failed,False,2026-08-21T01:50:16.047866+09:00
Prerequisite Debt,,,failed,False,2026-08-21T02:24:14.838617+09:00
Prerequisite Deck,,,failed,False,2026-08-21T01:35:52.587732+09:00
Prerequisite Desk,,,failed,False,2026-08-21T01:43:14.953756+09:00
Prerequisite Detail,,,failed,False,2026-08-23T03:22:01.031781+09:00
Prerequisite Detector,,,failed,False,2026-08-27T23:58:14.186756+09:00
Prerequisite Diagram,,,failed,False,2026-08-27T22:10:31.579374+09:00
Prerequisite Directory,,,failed,False,2026-08-21T01:38:01.641770+09:00
Prerequisite Discount,,,failed,False,2026-08-23T16:12:29.296473+09:00
Prerequisite Downpayment,,,failed,False,2026-08-27T21:47:03.271568+09:00
Prerequisite Draft,,,failed,False,2026-08-21T01:41:02.771886+09:00
Prerequisite Due,,,failed,False,2026-08-23T15:50:46.818166+09:00
Prerequisite Duty,,,failed,False,2026-08-21T02:41:02.522533+09:00
Prerequisite Engine,,,failed,False,2026-08-21T01:37:13.589246+09:00
Prerequisite Entry,,,failed,False,2026-08-21T01:42:55.803836+09:00
Prerequisite Estimate,,,failed,False,2026-08-21T01:41:22.153477+09:00
Prerequisite Estimator,,,failed,False,2026-08-27T23:58:05.711455+09:00
Prerequisite Fare,,,failed,False,2026-08-21T02:07:48.773154+09:00
Prerequisite Fee,,,failed,False,2026-08-21T02:00:02.001462+09:00
Prerequisite Feed,,,failed,False,2026-08-21T01:40:58.554709+09:00
Prerequisite File,,,failed,False,2026-08-21T01:40:45.060160+09:00
Prerequisite Fine,,,failed,False,2026-08-23T02:56:17.565255+09:00
Prerequisite Flow,,,failed,False,2026-08-21T01:43:03.421356+09:00
Prerequisite Forge,,,failed,False,2026-08-21T01:43:45.085248+09:00
Prerequisite Form,110.0,0.0,success,False,2026-08-21T01:40:01.747780+09:00
Prerequisite Frame,,,failed,False,2026-08-21T01:44:38.139446+09:00
Prerequisite Fund,,,failed,False,2026-08-21T02:24:19.138497+09:00
Prerequisite Gate,,,failed,False,2026-08-21T01:36:52.456000+09:00
Prerequisite Graph,10.0,0.0,success,False,2026-08-27T22:10:23.604541+09:00
Prerequisite Grid,,,failed,False,2026-08-21T01:44:16.668560+09:00
Prerequisite Guardian,,,failed,False,2026-08-28T00:27:03.530965+09:00
Prerequisite Helper,,,failed,False,2026-08-28T00:27:06.057605+09:00
Prerequisite History,,,failed,False,2026-08-21T01:40:39.778843+09:00
Prerequisite Hub,,,failed,False,2026-08-21T01:43:07.474360+09:00
Prerequisite Identifier,,,failed,False,2026-08-23T13:09:14.949045+09:00
Prerequisite Index,,,failed,False,2026-08-21T01:41:16.296353+09:00
Prerequisite Installment,,,failed,False,2026-08-23T16:12:32.773263+09:00
Prerequisite Item,,,failed,False,2026-08-21T02:00:06.443014+09:00
Prerequisite Journal,,,failed,False,2026-08-21T01:37:46.611348+09:00
Prerequisite Keeper,,,failed,False,2026-08-21T01:37:02.343165+09:00
Prerequisite Lab,,,failed,False,2026-08-21T01:35:52.587732+09:00
Prerequisite Label,,,failed,False,2026-08-27T22:10:26.332247+09:00
Prerequisite Ledger,,,failed,False,2026-08-21T01:35:50.350557+09:00
Prerequisite Level,,,failed,False,2026-08-21T01:40:48.434359+09:00
Prerequisite Link,,,failed,False,2026-08-23T03:21:52.337489+09:00
Prerequisite List,30.0,0.0,success,False,2026-08-21T01:41:42.095051+09:00
Prerequisite Loan,,,failed,False,2026-08-21T02:07:58.916446+09:00
Prerequisite Locator,,,failed,False,2026-08-21T01:38:06.302240+09:00
Prerequisite Locker,,,failed,False,2026-08-21T01:38:24.012895+09:00
Prerequisite Log,,,failed,False,2026-08-21T01:39:59.295312+09:00
Prerequisite Loop,,,failed,False,2026-08-21T01:44:11.369887+09:00
Prerequisite Manual,,,failed,False,2026-08-27T22:10:26.332247+09:00
Prerequisite Map,,,failed,False,2026-08-21T01:44:33.537295+09:00
Prerequisite Margin,,,failed,False,2026-08-23T02:56:14.910502+09:00
Prerequisite Marker,,,failed,False,2026-08-23T13:28:19.840300+09:00
Prerequisite Memo,,,failed,False,2026-08-21T01:42:20.086183+09:00
Prerequisite Message,,,failed,False,2026-08-27T23:14:44.010079+09:00
Prerequisite Monitor,,,failed,False,2026-08-21T01:37:28.905967+09:00
Prerequisite Nexus,,,failed,False,2026-08-21T01:36:55.107278+09:00
Prerequisite Note,,,failed,False,2026-08-21T01:40:26.570038+09:00
Prerequisite Notification,,,failed,False,2026-08-27T22:48:58.866644+09:00
Prerequisite Number,,,failed,False,2026-08-23T03:21:42.958973+09:00
Prerequisite Office,,,failed,False,2026-08-21T01:38:16.172375+09:00
Prerequisite Ops,,,failed,False,2026-08-21T01:37:37.070410+09:00
Prerequisite Order,,,failed,False,2026-08-21T01:41:25.621539+09:00
Prerequisite Overage,,,failed,False,2026-08-27T21:47:00.631100+09:00
Prerequisite Overdue,,,failed,False,2026-08-27T21:46:54.698818+09:00
Prerequisite Panel,,,failed,False,2026-08-21T01:35:52.587732+09:00
Prerequisite Pass,,,failed,False,2026-08-21T01:42:00.180241+09:00
Prerequisite Path,,,failed,False,2026-08-21T01:44:25.853714+09:00
Prerequisite Payoff,,,failed,False,2026-08-27T21:46:57.331452+09:00
Prerequisite Penalty,,,failed,False,2026-08-23T16:38:09.315163+09:00
Prerequisite Petition,,,failed,False,2026-08-21T01:42:46.013630+09:00
Prerequisite Plan,30.0,0.0,success,False,2026-08-21T01:50:11.823899+09:00
Prerequisite Planner,,,failed,False,2026-08-21T01:37:21.821672+09:00
Prerequisite Playbook,,,failed,False,2026-08-21T01:37:41.835664+09:00
Prerequisite Point,,,failed,False,2026-08-21T01:44:31.242398+09:00
Prerequisite Portal,,,failed,False,2026-08-21T01:35:52.587732+09:00
Prerequisite Preview,,,failed,False,2026-08-28T01:09:01.288346+09:00
Prerequisite Profile,,,failed,False,2026-08-21T01:40:31.088878+09:00
Prerequisite Profit,,,failed,False,2026-08-23T02:56:03.136754+09:00
Prerequisite Quota,,,failed,False,2026-08-21T01:42:22.878879+09:00
Prerequisite Radar,,,failed,False,2026-08-21T01:43:18.678031+09:00
Prerequisite Rail,,,failed,False,2026-08-21T01:35:52.587732+09:00
Prerequisite Rate,,,failed,False,2026-08-21T01:40:53.074721+09:00
Prerequisite Receipt,,,failed,False,2026-08-21T01:41:35.548332+09:00
Prerequisite Register,,,failed,False,2026-08-21T01:37:34.913486+09:00
Prerequisite Registry,,,failed,False,2026-08-21T01:37:48.907066+09:00
Prerequisite Relay,,,failed,False,2026-08-21T01:43:23.087757+09:00
Prerequisite Reminder,,,failed,False,2026-08-21T01:41:14.289680+09:00
Prerequisite Report,,,failed,False,2026-08-21T01:39:55.005229+09:00
Prerequisite Repository,,,failed,False,2026-08-27T23:14:52.026245+09:00
Prerequisite Ring,,,failed,False,2026-08-21T01:36:47.067872+09:00
Prerequisite Roster,,,failed,False,2026-08-21T01:39:07.193029+09:00
Prerequisite Route,,,failed,False,2026-08-21T01:35:52.587732+09:00
Prerequisite Rule,,,failed,False,2026-08-23T03:21:56.707046+09:00
Prerequisite Sale,,,failed,False,2026-08-21T02:24:30.364633+09:00
Prerequisite Sample,,,failed,False,2026-08-21T01:41:52.008026+09:00
Prerequisite Scale,,,failed,False,2026-08-21T01:35:52.587732+09:00
Prerequisite Scanner,,,failed,False,2026-08-27T23:58:08.716476+09:00
Prerequisite Score,,,failed,False,2026-08-21T01:40:19.724237+09:00
Prerequisite Sheet,,,failed,False,2026-08-21T01:40:12.068388+09:00
Prerequisite Shortfall,,,failed,False,2026-08-27T21:47:03.271568+09:00
Prerequisite Signal,,,failed,False,2026-08-21T01:43:59.593158+09:00
Prerequisite Signature,,,failed,False,2026-08-23T13:28:19.840300+09:00
Prerequisite Slip,,,failed,False,2026-08-21T01:41:48.955996+09:00
Prerequisite Slot,,,failed,False,2026-08-21T01:41:56.935291+09:00
Prerequisite Stake,,,failed,False,2026-08-23T02:56:08.739557+09:00
Prerequisite Statement,,,failed,False,2026-08-21T01:42:13.880844+09:00
Prerequisite Station,,,failed,False,2026-08-21T01:35:52.587732+09:00
Prerequisite Status,,,failed,False,2026-08-21T01:40:35.434951+09:00
Prerequisite Stub,,,failed,False,2026-08-21T01:42:11.023754+09:00
Prerequisite Studio,,,failed,False,2026-08-21T01:35:52.587732+09:00
Prerequisite Subsidy,,,failed,False,2026-08-23T15:50:49.697674+09:00
Prerequisite Sum,,,failed,False,2026-08-21T02:24:12.217966+09:00
Prerequisite Summary,,,failed,False,2026-08-21T01:41:06.507181+09:00
Prerequisite Tab,,,failed,False,2026-08-21T01:42:29.387533+09:00
Prerequisite Table,,,failed,False,2026-08-21T01:41:46.462785+09:00
Prerequisite Tag,,,failed,False,2026-08-21T01:40:28.771256+09:00
Prerequisite Tariff,,,failed,False,2026-08-21T02:41:18.531749+09:00
Prerequisite Tax,30.0,0.0,success,False,2026-08-21T02:07:53.857202+09:00
Prerequisite Terminal,,,failed,False,2026-08-21T01:35:52.587732+09:00
Prerequisite Ticket,,,failed,False,2026-08-21T01:41:20.184116+09:00
Prerequisite Timeline,,,failed,False,2026-08-21T01:41:08.747647+09:00
Prerequisite Toll,,,failed,False,2026-08-21T02:41:10.290966+09:00
Prerequisite Toolbox,,,failed,False,2026-08-28T00:27:06.057605+09:00
Prerequisite Total,,,failed,False,2026-08-27T23:14:46.468120+09:00
Prerequisite Tower,,,failed,False,2026-08-21T01:38:57.072218+09:00
Prerequisite Tracker,,,failed,False,2026-08-21T01:43:00.390217+09:00
Prerequisite Trail,,,failed,False,2026-08-21T01:36:36.837653+09:00
Prerequisite Trial,,,failed,False,2026-08-27T21:15:49.145755+09:00
Prerequisite Unit,,,failed,False,2026-08-21T01:50:02.348824+09:00
Prerequisite Update,,,failed,False,2026-08-21T01:40:55.486600+09:00
Prerequisite Value,,,failed,False,2026-08-23T02:56:06.421775+09:00
Prerequisite Vault,,,failed,False,2026-08-21T01:43:27.778790+09:00
Prerequisite Version,,,failed,False,2026-08-23T03:21:47.880193+09:00
Prerequisite View,,,failed,False,2026-08-21T01:40:37.729948+09:00
Prerequisite Voucher,,,failed,False,2026-08-21T01:42:02.866390+09:00
Prerequisite Watch,,,failed,False,2026-08-21T01:44:01.894856+09:00
Prerequisite Wave,,,failed,False,2026-08-21T01:44:20.732547+09:00
Prerequisite Widget,,,failed,False,2026-08-27T23:14:49.427940+09:00
Prerequisite Worksheet,,,failed,False,2026-08-27T22:10:29.150854+09:00
Prerequisite Zone,,,failed,False,2026-08-21T01:35:52.587732+09:00
Prescription Advance,,,failed,False,2026-08-23T16:13:39.752452+09:00
Prescription Allowance,,,failed,False,2026-08-21T02:37:07.617432+09:00
Prescription Almanac,,,failed,False,2026-08-18T22:09:15.023895+09:00
Prescription Analyzer,30.0,1.0,success,False,2026-08-27T23:56:53.046222+09:00
Prescription Anchor,,,failed,False,2026-08-17T21:41:39.306179+09:00
Prescription Announcement,,,failed,False,2026-08-27T23:35:07.655977+09:00
Prescription Arrears,,,failed,False,2026-08-23T16:13:37.104049+09:00
Prescription Assistant,40.0,29.0,success,False,2026-08-17T23:15:25.442488+09:00
Prescription Atlas,,,failed,False,2026-08-17T20:47:35.936558+09:00
Prescription Attribute,,,failed,False,2026-08-23T13:05:58.112221+09:00
Prescription Badge,,,failed,False,2026-08-21T00:27:42.259289+09:00
Prescription Balance,140.0,2.0,success,False,2026-08-23T13:46:27.908972+09:00
Prescription Base,,,failed,False,2026-08-17T20:44:06.631034+09:00
Prescription Beacon,,,failed,False,2026-08-17T20:33:54.236742+09:00
Prescription Bill,90.0,0.0,success,False,2026-08-19T21:47:05.219311+09:00
Prescription Blueprint,,,failed,False,2026-08-18T22:09:07.653451+09:00
Prescription Board,20.0,0.0,success,False,2026-08-17T20:41:27.066117+09:00
Prescription Book,2400.0,7.0,success,False,2026-08-19T21:48:17.560358+09:00
Prescription Bridge,,,failed,False,2026-08-18T07:52:23.466246+09:00
Prescription Brief,,,failed,False,2026-08-21T01:01:15.556861+09:00
Prescription Bulletin,,,failed,False,2026-08-21T01:01:11.672775+09:00
Prescription Cabinet,30.0,52.0,success,False,2026-08-27T23:14:08.485077+09:00
Prescription Calculator,1300.0,1.0,success,False,2026-08-27T23:35:07.655977+09:00
Prescription Calendar,90.0,0.0,success,False,2026-08-19T00:00:08.120656+09:00
Prescription Card,2400.0,35.0,success,False,2026-08-19T13:32:18.631834+09:00
Prescription Cascade,260.0,0.0,success,False,2026-08-17T20:31:38.107939+09:00
Prescription Cash,,,failed,False,2026-08-21T02:26:10.275506+09:00
Prescription Cashback,,,failed,False,2026-08-27T21:16:07.337495+09:00
Prescription Catalog,,,failed,False,2026-08-19T21:04:04.689181+09:00
Prescription Category,,,failed,False,2026-08-23T13:05:55.726817+09:00
Prescription Center,2900.0,3.0,success,False,2026-08-17T20:36:12.301778+09:00
Prescription Chain,,,failed,False,2026-08-17T21:34:26.372304+09:00
Prescription Charge,9900.0,0.0,success,True,2026-08-21T02:36:53.900229+09:00
Prescription Check,720.0,7.0,success,False,2026-08-19T13:32:37.235735+09:00
Prescription Checker,720.0,7.0,success,False,2026-08-27T23:56:47.564941+09:00
Prescription Checklist,20.0,0.0,success,False,2026-08-19T21:11:19.546080+09:00
Prescription Cockpit,,,failed,False,2026-08-17T23:09:52.206266+09:00
Prescription Code,480.0,4.0,success,False,2026-08-19T21:47:34.110436+09:00
Prescription Codex,,,failed,False,2026-08-18T22:09:30.106481+09:00
Prescription Companion,,,failed,False,2026-08-17T23:13:32.470918+09:00
Prescription Comparison,110.0,39.0,success,False,2026-08-28T01:01:32.188675+09:00
Prescription Compass,,,failed,False,2026-08-17T20:34:44.892914+09:00
Prescription Compendium,,,failed,False,2026-08-18T22:09:23.803071+09:00
Prescription Confirmation,,,failed,False,2026-08-21T01:01:30.993537+09:00
Prescription Console,,,failed,False,2026-08-17T20:33:24.231963+09:00
Prescription Contribution,,,failed,False,2026-08-23T16:13:34.147754+09:00
Prescription Converter,170.0,7.0,success,False,2026-08-27T23:35:07.655977+09:00
Prescription Copayment,,,failed,False,2026-08-23T16:38:36.406605+09:00
Prescription Core,,,failed,False,2026-08-17T20:43:12.470155+09:00
Prescription Cost,6600.0,13.0,success,False,2026-08-21T02:10:26.523271+09:00
Prescription Count,,,failed,False,2026-08-27T22:48:47.363219+09:00
Prescription Counter,170.0,1.0,success,False,2026-08-19T00:00:59.808882+09:00
Prescription Coupon,60500.0,4.0,success,False,2026-08-27T21:16:07.337495+09:00
Prescription Dashboard,,,failed,False,2026-08-17T23:06:29.811396+09:00
Prescription Deal,,,failed,False,2026-08-21T01:54:37.378039+09:00
Prescription Debt,2400.0,5.0,success,False,2026-08-21T02:26:02.985234+09:00
Prescription Deck,,,failed,False,2026-08-17T20:40:44.017242+09:00
Prescription Depot,20.0,12.0,success,False,2026-08-19T00:00:40.903706+09:00
Prescription Desk,,,failed,False,2026-08-17T20:38:33.752321+09:00
Prescription Detail,320.0,2.0,success,False,2026-08-23T03:16:23.757716+09:00
Prescription Detector,10.0,4.0,success,False,2026-08-27T23:56:50.543102+09:00
Prescription Diagram,320.0,0.0,success,False,2026-08-27T22:10:48.957356+09:00
Prescription Dial,,,failed,False,2026-08-18T07:43:28.535953+09:00
Prescription Digest,,,failed,False,2026-08-19T20:40:20.062336+09:00
Prescription Directory,10.0,2.0,success,False,2026-08-19T00:00:16.279363+09:00
Prescription Discount,27100.0,49.0,success,False,2026-08-23T16:13:30.945408+09:00
Prescription Dock,,,failed,False,2026-08-17T21:37:39.097196+09:00
Prescription Dossier,,,failed,False,2026-08-21T01:01:32.949178+09:00
Prescription Downpayment,,,failed,False,2026-08-27T21:47:15.270708+09:00
Prescription Draft,,,failed,False,2026-08-19T20:40:35.383963+09:00
Prescription Due,,,failed,False,2026-08-23T15:51:24.556081+09:00
Prescription Duty,,,failed,False,2026-08-21T02:36:58.611410+09:00
Prescription Engine,,,failed,False,2026-08-17T23:06:24.757707+09:00
Prescription Entry,,,failed,False,2026-08-21T01:01:44.513558+09:00
Prescription Estimate,20.0,59.0,success,False,2026-08-19T21:03:51.507952+09:00
Prescription Estimator,20.0,59.0,success,False,2026-08-27T23:56:43.300961+09:00
Prescription Extension,20.0,1.0,success,False,2026-08-23T16:38:38.724720+09:00
Prescription Fare,,,failed,False,2026-08-21T02:10:31.589901+09:00
Prescription Fee,9900.0,0.0,success,True,2026-08-21T01:54:16.257744+09:00
Prescription Feed,,,failed,False,2026-08-19T20:40:26.363458+09:00
Prescription Field,,,failed,False,2026-08-23T13:06:00.621707+09:00
Prescription File,170.0,15.0,success,False,2026-08-19T20:39:43.818952+09:00
Prescription Finder,320.0,55.0,success,False,2026-08-19T00:00:34.964613+09:00
Prescription Fine,110.0,0.0,success,False,2026-08-23T02:53:02.917433+09:00
Prescription Flag,,,failed,False,2026-08-21T00:28:35.603528+09:00
Prescription Flow,,,failed,False,2026-08-17T20:41:06.345123+09:00
Prescription Forge,,,failed,False,2026-08-17T20:32:49.512310+09:00
Prescription Form,6600.0,7.0,success,False,2026-08-19T13:32:07.571238+09:00
Prescription Format,6600.0,7.0,success,False,2026-08-23T13:06:02.918045+09:00
Prescription Frame,1000.0,100.0,success,False,2026-08-17T20:44:54.516764+09:00
Prescription Fund,,,failed,False,2026-08-21T02:26:06.975454+09:00
Prescription Gate,,,failed,False,2026-08-17T21:31:05.600589+09:00
Prescription Giveaway,,,failed,False,2026-08-27T21:16:16.799513+09:00
Prescription Grade,,,failed,False,2026-08-21T00:28:13.699286+09:00
Prescription Graph,,,failed,False,2026-08-27T22:10:39.067015+09:00
Prescription Grid,,,failed,False,2026-08-17T21:34:57.125142+09:00
Prescription Guarantee,,,failed,False,2026-08-28T01:01:39.377915+09:00
Prescription Guard,,,failed,False,2026-08-17T20:43:36.337910+09:00
Prescription Guardian,,,failed,False,2026-08-28T00:26:03.782064+09:00
Prescription Guidebook,,,failed,False,2026-08-18T22:08:50.050771+09:00
Prescription Helpdesk,,,failed,False,2026-08-27T22:48:47.363219+09:00
Prescription Helper,720.0,56.0,success,False,2026-08-28T00:26:06.768927+09:00
Prescription History,260.0,2.0,success,False,2026-08-19T20:39:35.461909+09:00
Prescription Hotline,30.0,29.0,success,False,2026-08-19T21:04:15.563221+09:00
Prescription Hub,90.0,6.0,success,False,2026-08-17T20:40:20.065990+09:00
Prescription Identifier,480.0,6.0,success,False,2026-08-23T13:05:51.104957+09:00
Prescription Inbox,,,failed,False,2026-08-19T12:25:38.632283+09:00
Prescription Incentive,,,failed,False,2026-08-27T21:16:10.166929+09:00
Prescription Index,70.0,11.0,success,False,2026-08-19T21:11:29.135916+09:00
Prescription Insight,,,failed,False,2026-08-17T23:06:12.301553+09:00
Prescription Installment,,,failed,False,2026-08-23T16:13:30.945408+09:00
Prescription Interest,,,failed,False,2026-08-23T13:46:30.859150+09:00
Prescription Item,70.0,1.0,success,False,2026-08-21T01:54:20.819048+09:00
Prescription Journal,10.0,,success,False,2026-08-18T22:08:32.701996+09:00
Prescription Keeper,,,failed,False,2026-08-17T20:45:30.439940+09:00
Prescription Lab,5400.0,100.0,success,False,2026-08-17T20:39:04.557611+09:00
Prescription Label,2400.0,68.0,success,False,2026-08-27T22:10:43.212581+09:00
Prescription Ledger,,,failed,False,2026-08-17T20:42:15.711128+09:00
Prescription Lens,9900.0,85.0,success,False,2026-08-17T20:45:52.903104+09:00
Prescription Level,260.0,3.0,success,False,2026-08-19T20:39:52.613613+09:00
Prescription Levy,,,failed,False,2026-08-23T13:46:32.970542+09:00
Prescription Link,,,failed,False,2026-08-23T03:16:13.014331+09:00
Prescription List,590.0,2.0,success,False,2026-08-19T21:47:49.967174+09:00
Prescription Loan,,,failed,False,2026-08-21T02:10:41.178409+09:00
Prescription Locator,50.0,51.0,success,False,2026-08-19T00:00:25.348270+09:00
Prescription Lock,10.0,78.0,success,False,2026-08-17T20:48:15.314618+09:00
Prescription Log,40.0,14.0,success,False,2026-08-19T13:31:59.823844+09:00
Prescription Loop,,,failed,False,2026-08-17T21:36:00.741055+09:00
Prescription Manager,40.0,16.0,success,False,2026-08-17T20:44:24.451216+09:00
Prescription Manual,140.0,2.0,success,False,2026-08-27T22:10:43.212581+09:00
Prescription Map,140.0,0.0,success,False,2026-08-17T20:46:59.199715+09:00
Prescription Markup,,,failed,False,2026-08-23T16:38:33.746405+09:00
Prescription Memo,,,failed,False,2026-08-21T00:28:17.964653+09:00
Prescription Message,,,failed,False,2026-08-27T23:14:01.250377+09:00
Prescription Meter,,,failed,False,2026-08-18T07:43:30.092641+09:00
Prescription Metrics,,,failed,False,2026-08-17T23:11:53.398319+09:00
Prescription Monitor,10.0,0.0,success,False,2026-08-17T23:04:36.399044+09:00
Prescription Navigator,,,failed,False,2026-08-17T23:04:12.037031+09:00
Prescription Nexus,,,failed,False,2026-08-17T21:30:00.229933+09:00
Prescription Node,,,failed,False,2026-08-17T21:32:17.170130+09:00
Prescription Note,480.0,3.0,success,False,2026-08-19T13:32:49.484496+09:00
Prescription Notification,10.0,1.0,success,False,2026-08-27T22:48:41.593169+09:00
Prescription Number,1600.0,2.0,success,False,2026-08-23T03:16:04.926690+09:00
Prescription Office,,,failed,False,2026-08-19T00:00:51.306672+09:00
Prescription Ops,,,failed,False,2026-08-17T23:08:13.716761+09:00
Prescription Order,2900.0,34.0,success,False,2026-08-19T21:46:54.129984+09:00
Prescription Organizer,90.0,100.0,success,False,2026-08-17T23:08:08.981233+09:00
Prescription Overage,,,failed,False,2026-08-27T21:47:13.030634+09:00
Prescription Overdraft,,,failed,False,2026-08-23T15:51:24.556081+09:00
Prescription Overdue,,,failed,False,2026-08-27T21:47:10.651342+09:00
Prescription Panel,,,failed,False,2026-08-17T20:32:12.868338+09:00
Prescription Pass,110.0,14.0,success,False,2026-08-21T00:27:27.558535+09:00
Prescription Path,,,failed,False,2026-08-17T21:31:41.054400+09:00
Prescription Payoff,,,failed,False,2026-08-27T21:47:10.651342+09:00
Prescription Penalty,40.0,0.0,success,False,2026-08-23T16:38:31.502720+09:00
Prescription Petition,10.0,0.0,success,False,2026-08-21T01:01:25.263035+09:00
Prescription Pilot,,,failed,False,2026-08-17T20:39:25.387216+09:00
Prescription Plan,1300.0,47.0,success,False,2026-08-21T01:54:32.681048+09:00
Prescription Planner,1300.0,47.0,success,False,2026-08-17T23:04:19.754704+09:00
Prescription Playbook,10.0,,success,False,2026-08-18T22:08:25.868252+09:00
Prescription Point,,,failed,False,2026-08-17T21:30:33.048254+09:00
Prescription Portal,590.0,1.0,success,False,2026-08-17T20:34:19.305897+09:00
Prescription Preview,,,failed,False,2026-08-28T01:01:36.692864+09:00
Prescription Profile,10.0,1.0,success,False,2026-08-19T13:33:05.427843+09:00
Prescription Profit,,,failed,False,2026-08-23T02:52:51.254134+09:00
Prescription Proposal,,,failed,False,2026-08-28T01:01:39.377915+09:00
Prescription Pulse,30.0,0.0,success,False,2026-08-17T21:33:53.413747+09:00
Prescription Queue,,,failed,False,2026-08-19T21:03:36.529171+09:00
Prescription Quota,,,failed,False,2026-08-21T00:28:26.135871+09:00
Prescription Radar,10.0,90.0,success,False,2026-08-17T20:37:39.748297+09:00
Prescription Rail,,,failed,False,2026-08-17T21:36:30.682605+09:00
Prescription Rate,320.0,0.0,success,False,2026-08-19T20:39:59.254826+09:00
Prescription Receipt,390.0,6.0,success,False,2026-08-19T21:47:20.280191+09:00
Prescription Recorder,,,failed,False,2026-08-27T23:35:13.146180+09:00
Prescription Redemption,10.0,14.0,success,False,2026-08-23T16:38:36.406605+09:00
Prescription Register,70.0,2.0,success,False,2026-08-17T23:11:27.104300+09:00
Prescription Registry,70.0,2.0,success,False,2026-08-18T22:08:59.053528+09:00
Prescription Relay,,,failed,False,2026-08-17T20:36:40.845127+09:00
Prescription Reminder,70.0,13.0,success,False,2026-08-19T21:11:09.453565+09:00
Prescription Report,170.0,0.0,success,False,2026-08-19T13:31:50.431005+09:00
Prescription Repository,,,failed,False,2026-08-27T23:14:12.324093+09:00
Prescription Roadmap,,,failed,False,2026-08-18T22:09:37.820706+09:00
Prescription Roster,,,failed,False,2026-08-19T00:37:13.789014+09:00
Prescription Route,10.0,0.0,success,False,2026-08-17T21:38:46.123803+09:00
Prescription Rule,260.0,0.0,success,False,2026-08-23T03:16:15.944869+09:00
Prescription Sale,20.0,56.0,success,False,2026-08-21T02:26:14.215239+09:00
Prescription Sample,6600.0,22.0,success,False,2026-08-19T21:48:44.866696+09:00
Prescription Scale,110.0,14.0,success,False,2026-08-17T21:41:07.674308+09:00
Prescription Scanner,720.0,8.0,success,False,2026-08-27T23:56:50.543102+09:00
Prescription Scheduler,70.0,1.0,success,False,2026-08-17T23:10:18.497736+09:00
Prescription Scope,10.0,0.0,success,False,2026-08-17T21:36:59.022364+09:00
Prescription Score,,,failed,False,2026-08-19T13:32:45.255500+09:00
Prescription Sentry,,,failed,False,2026-08-17T20:46:20.020027+09:00
Prescription Sheet,480.0,10.0,success,False,2026-08-19T13:32:25.938189+09:00
Prescription Shortfall,,,failed,False,2026-08-27T21:47:17.528863+09:00
Prescription Signal,,,failed,False,2026-08-17T21:39:37.908878+09:00
Prescription Signature,70.0,1.0,success,False,2026-08-23T13:27:11.117738+09:00
Prescription Slip,590.0,5.0,success,False,2026-08-19T21:48:31.545228+09:00
Prescription Slot,,,failed,False,2026-08-19T21:48:58.615287+09:00
Prescription Snapshot,,,failed,False,2026-08-18T22:08:40.228889+09:00
Prescription Stage,,,failed,False,2026-08-28T00:48:05.704808+09:00
Prescription Statement,10.0,0.0,success,False,2026-08-21T00:27:55.902205+09:00
Prescription Station,10.0,0.0,success,False,2026-08-17T20:38:07.696860+09:00
Prescription Status,210.0,7.0,success,False,2026-08-19T20:39:21.250222+09:00
Prescription Stub,,,failed,False,2026-08-21T00:27:48.036654+09:00
Prescription Studio,10.0,3.0,success,False,2026-08-17T20:39:54.147287+09:00
Prescription Subsidy,10.0,14.0,success,False,2026-08-23T15:51:26.748439+09:00
Prescription Suite,,,failed,False,2026-08-17T23:08:34.451093+09:00
Prescription Sum,,,failed,False,2026-08-21T02:25:59.297290+09:00
Prescription Summary,30.0,0.0,success,False,2026-08-19T21:10:44.368255+09:00
Prescription Surtax,,,failed,False,2026-08-23T15:51:31.238085+09:00
Prescription Sync,,,failed,False,2026-08-17T20:41:55.751231+09:00
Prescription Tab,30.0,0.0,success,False,2026-08-21T00:28:42.115555+09:00
Prescription Table,70.0,0.0,success,False,2026-08-19T21:48:04.651670+09:00
Prescription Tag,30.0,19.0,success,False,2026-08-19T13:32:58.947587+09:00
Prescription Tally,,,failed,False,2026-08-21T00:28:03.957628+09:00
Prescription Tariff,40.0,0.0,success,False,2026-08-21T02:37:11.292116+09:00
Prescription Tax,50.0,0.0,success,False,2026-08-21T02:10:36.488938+09:00
Prescription Ticket,,,failed,False,2026-08-19T21:03:18.431019+09:00
Prescription Tier,140.0,1.0,success,False,2026-08-28T00:48:08.257780+09:00
Prescription Timeline,,,failed,False,2026-08-19T21:10:58.611553+09:00
Prescription Timer,170.0,7.0,success,False,2026-08-28T00:26:01.082990+09:00
Prescription Toll,,,failed,False,2026-08-21T02:37:05.084488+09:00
Prescription Toolbox,,,failed,False,2026-08-28T00:26:03.782064+09:00
Prescription Toolkit,,,failed,False,2026-08-18T22:08:17.707470+09:00
Prescription Total,,,failed,False,2026-08-27T23:14:03.822687+09:00
Prescription Tracker,4400.0,1.0,success,False,2026-08-17T20:42:43.172174+09:00
Prescription Trail,,,failed,False,2026-08-17T21:35:24.685319+09:00
Prescription Trend,,,failed,False,2026-08-28T01:01:32.188675+09:00
Prescription Trial,,,failed,False,2026-08-27T21:16:10.166929+09:00
Prescription Unit,10.0,0.0,success,False,2026-08-21T01:54:29.413822+09:00
Prescription Update,40.0,10.0,success,False,2026-08-19T20:40:08.745376+09:00
Prescription Value,10.0,3.0,success,False,2026-08-23T02:52:54.203392+09:00
Prescription Vault,10.0,0.0,success,False,2026-08-17T20:35:45.912195+09:00
Prescription Version,,,failed,False,2026-08-23T03:16:07.985751+09:00
Prescription View,320.0,1.0,success,False,2026-08-19T20:39:30.002249+09:00
Prescription Voucher,40.0,23.0,success,False,2026-08-21T00:27:34.970005+09:00
Prescription Wallet,30.0,12.0,success,False,2026-08-27T22:48:44.890397+09:00
Prescription Watch,10.0,24.0,success,False,2026-08-17T21:38:10.743063+09:00
Prescription Wave,,,failed,False,2026-08-17T21:32:53.372558+09:00
Prescription Widget,,,failed,False,2026-08-27T23:14:08.485077+09:00
Prescription Workbench,,,failed,False,2026-08-18T22:08:11.096453+09:00
Prescription Worksheet,30.0,0.0,success,False,2026-08-27T22:10:48.957356+09:00
Prescription Zone,,,failed,False,2026-08-17T20:35:15.216607+09:00
Pricing Advisory,,,failed,False,2026-08-21T01:08:36.289589+09:00
Pricing Allowance,,,failed,False,2026-08-21T02:38:13.377279+09:00
Pricing Almanac,,,failed,False,2026-08-18T23:51:45.933579+09:00
Pricing Analyzer,,,failed,False,2026-08-27T23:57:28.605750+09:00
Pricing Anchor,4400.0,3.0,success,False,2026-08-17T23:12:33.022666+09:00
Pricing Announcement,,,failed,False,2026-08-27T23:35:24.571352+09:00
Pricing Assistant,140.0,14.0,success,False,2026-08-17T23:13:13.553145+09:00
Pricing Atlas,,,failed,False,2026-08-17T23:04:19.754704+09:00
Pricing Attribute,,,failed,False,2026-08-23T13:06:20.755041+09:00
Pricing Base,,,failed,False,2026-08-17T23:12:14.829118+09:00
Pricing Beacon,,,failed,False,2026-08-17T23:10:58.652260+09:00
Pricing Bill,,,failed,False,2026-08-19T21:58:56.766000+09:00
Pricing Blueprint,,,failed,False,2026-08-18T23:51:47.913228+09:00
Pricing Board,2400.0,57.0,success,False,2026-08-17T23:24:52.278887+09:00
Pricing Book,6600.0,6.0,success,False,2026-08-19T21:59:46.400279+09:00
Pricing Bridge,,,failed,False,2026-08-17T23:32:42.825846+09:00
Pricing Brief,,,failed,False,2026-08-21T01:08:27.933703+09:00
Pricing Bulletin,,,failed,False,2026-08-21T01:08:23.538465+09:00
Pricing Calculator,18100.0,3.0,success,False,2026-08-27T23:35:28.835803+09:00
Pricing Calendar,320.0,1.0,success,False,2026-08-19T00:04:59.396392+09:00
Pricing Card,4400.0,9.0,success,False,2026-08-19T13:23:10.003028+09:00
Pricing Cascade,,,failed,False,2026-08-17T23:05:27.218902+09:00
Pricing Cash,,,failed,False,2026-08-21T02:21:48.463008+09:00
Pricing Cashback,,,failed,False,2026-08-27T21:16:38.075410+09:00
Pricing Catalog,1000.0,2.0,success,False,2026-08-19T21:15:02.782218+09:00
Pricing Category,260.0,1.0,success,False,2026-08-23T13:06:17.940469+09:00
Pricing Center,9900.0,2.0,success,False,2026-08-17T23:25:59.230175+09:00
Pricing Chain,10.0,0.0,success,False,2026-08-17T23:27:26.699527+09:00
Pricing Charge,,,failed,False,2026-08-21T02:38:00.530165+09:00
Pricing Check,40500.0,16.0,success,False,2026-08-19T13:23:40.624873+09:00
Pricing Checker,,,failed,False,2026-08-27T23:57:19.436881+09:00
Pricing Checklist,70.0,2.0,success,False,2026-08-19T21:14:07.516927+09:00
Pricing Circular,,,failed,False,2026-08-21T01:08:31.890939+09:00
Pricing Cockpit,,,failed,False,2026-08-17T23:29:55.087176+09:00
Pricing Code,720.0,1.0,success,False,2026-08-19T21:59:15.845213+09:00
Pricing Codex,260.0,5.0,success,False,2026-08-18T23:51:47.913228+09:00
Pricing Companion,,,failed,False,2026-08-17T23:11:16.019102+09:00
Pricing Comparison,33100.0,3.0,success,False,2026-08-28T01:07:52.961175+09:00
Pricing Compass,2900.0,21.0,success,False,2026-08-17T23:32:14.007104+09:00
Pricing Compendium,,,failed,False,2026-08-18T23:51:47.913228+09:00
Pricing Confirmation,,,failed,False,2026-08-21T01:08:45.073430+09:00
Pricing Console,40.0,0.0,success,False,2026-08-17T23:04:39.264131+09:00
Pricing Core,,,failed,False,2026-08-17T23:24:26.895595+09:00
Pricing Cost,18100.0,2.0,success,False,2026-08-21T02:06:01.492109+09:00
Pricing Counter,,,failed,False,2026-08-19T00:05:31.654702+09:00
Pricing Coupon,,,failed,False,2026-08-27T21:16:38.075410+09:00
Pricing Dashboard,320.0,8.0,success,False,2026-08-17T23:04:03.069082+09:00
Pricing Deal,,,failed,False,2026-08-21T01:59:58.362427+09:00
Pricing Debt,50.0,1.0,success,False,2026-08-21T02:21:38.988991+09:00
Pricing Deck,210.0,8.0,success,False,2026-08-17T23:13:53.612284+09:00
Pricing Depot,140.0,5.0,success,False,2026-08-19T00:05:21.948366+09:00
Pricing Desk,1300.0,100.0,success,False,2026-08-17T23:31:35.615532+09:00
Pricing Detail,2400.0,0.0,success,True,2026-08-23T03:17:28.989211+09:00
Pricing Detector,,,failed,False,2026-08-27T23:57:22.809432+09:00
Pricing Diagram,90.0,0.0,success,False,2026-08-27T22:11:36.968554+09:00
Pricing Dial,,,failed,False,2026-08-17T23:11:56.017978+09:00
Pricing Digest,,,failed,False,2026-08-19T20:42:12.538195+09:00
Pricing Directory,,,failed,False,2026-08-19T00:05:06.053297+09:00
Pricing Discount,1300.0,0.0,success,True,2026-08-23T16:14:08.408734+09:00
Pricing Dock,,,failed,False,2026-08-17T23:13:32.470918+09:00
Pricing Dossier,,,failed,False,2026-08-21T01:08:49.317162+09:00
Pricing Downpayment,,,failed,False,2026-08-27T21:47:47.331734+09:00
Pricing Draft,,,failed,False,2026-08-19T20:42:25.910879+09:00
Pricing Duty,,,failed,False,2026-08-21T02:38:04.709344+09:00
Pricing Engine,9900.0,1.0,success,False,2026-08-17T23:28:46.712952+09:00
Pricing Entry,10.0,0.0,success,False,2026-08-21T01:09:04.636561+09:00
Pricing Estimate,8100.0,0.0,success,True,2026-08-19T21:14:49.838669+09:00
Pricing Estimator,590.0,7.0,success,False,2026-08-27T23:57:16.212473+09:00
Pricing Excerpt,,,failed,False,2026-08-21T01:08:59.079967+09:00
Pricing Fare,,,failed,False,2026-08-21T02:06:17.677670+09:00
Pricing Fee,260.0,0.0,success,False,2026-08-21T01:59:43.959754+09:00
Pricing Feed,2400.0,35.0,success,False,2026-08-19T20:42:19.980728+09:00
Pricing File,140.0,2.0,success,False,2026-08-19T20:41:43.197527+09:00
Pricing Finder,27100.0,2.0,success,False,2026-08-19T00:05:16.956026+09:00
Pricing Fine,,,failed,False,2026-08-23T02:53:42.896171+09:00
Pricing Flag,,,failed,False,2026-08-21T00:35:19.738516+09:00
Pricing Flow,260.0,7.0,success,False,2026-08-17T23:07:39.486562+09:00
Pricing Forge,,,failed,False,2026-08-17T23:32:27.078253+09:00
Pricing Form,880.0,3.0,success,False,2026-08-19T13:22:59.111226+09:00
Pricing Format,880.0,3.0,success,False,2026-08-23T13:06:27.049949+09:00
Pricing Frame,,,failed,False,2026-08-17T23:24:07.376365+09:00
Pricing Fund,,,failed,False,2026-08-21T02:21:44.938268+09:00
Pricing Gate,,,failed,False,2026-08-17T23:10:00.779750+09:00
Pricing Generator,60500.0,98.0,success,False,2026-08-27T23:35:28.835803+09:00
Pricing Giveaway,,,failed,False,2026-08-27T21:16:49.739310+09:00
Pricing Graph,590.0,2.0,success,False,2026-08-27T22:11:22.688416+09:00
Pricing Grid,480.0,1.0,success,False,2026-08-17T23:33:17.146702+09:00
Pricing Guarantee,1000.0,1.0,success,False,2026-08-28T01:07:59.537409+09:00
Pricing Guard,,,failed,False,2026-08-17T23:30:39.559752+09:00
Pricing Guidebook,,,failed,False,2026-08-18T23:51:47.913228+09:00
Pricing Helpdesk,,,failed,False,2026-08-27T22:49:12.101032+09:00
Pricing Helper,10.0,51.0,success,False,2026-08-28T00:26:29.201404+09:00
Pricing History,550000.0,1.0,success,False,2026-08-19T20:41:36.001931+09:00
Pricing Hotline,,,failed,False,2026-08-19T21:15:13.442141+09:00
Pricing Hub,1000.0,9.0,success,False,2026-08-17T23:31:19.808791+09:00
Pricing Incentive,210.0,0.0,success,False,2026-08-27T21:16:49.739310+09:00
Pricing Index,9900.0,3.0,success,False,2026-08-19T21:14:17.350894+09:00
Pricing Insight,590.0,9.0,success,False,2026-08-17T23:29:38.825411+09:00
Pricing Installment,,,failed,False,2026-08-23T16:14:11.722628+09:00
Pricing Item,,,failed,False,2026-08-21T01:59:47.241476+09:00
Pricing Journal,590.0,88.0,success,False,2026-08-18T23:51:47.913228+09:00
Pricing Keeper,,,failed,False,2026-08-17T23:11:35.407010+09:00
Pricing Lab,2400.0,41.0,success,False,2026-08-17T23:08:38.142070+09:00
Pricing Label,5400.0,100.0,success,False,2026-08-27T22:11:22.688416+09:00
Pricing Ledger,,,failed,False,2026-08-17T23:06:52.573020+09:00
Pricing Lens,,,failed,False,2026-08-17T23:05:03.232524+09:00
Pricing Level,4400.0,28.0,success,False,2026-08-19T20:41:48.388385+09:00
Pricing Link,390.0,3.0,success,False,2026-08-23T03:17:17.631472+09:00
Pricing List,110000.0,2.0,success,False,2026-08-19T21:59:26.927876+09:00
Pricing Loan,720.0,16.0,success,False,2026-08-21T02:06:27.364500+09:00
Pricing Locator,,,failed,False,2026-08-19T00:05:11.440472+09:00
Pricing Lock,1600.0,5.0,success,False,2026-08-17T23:10:38.410164+09:00
Pricing Log,,,failed,False,2026-08-19T13:22:09.591180+09:00
Pricing Loop,40.0,3.0,success,False,2026-08-17T23:14:14.412117+09:00
Pricing Manager,1900.0,7.0,success,False,2026-08-17T23:28:25.880563+09:00
Pricing Manual,30.0,1.0,success,False,2026-08-27T22:11:25.706912+09:00
Pricing Map,880.0,6.0,success,False,2026-08-17T23:23:48.557902+09:00
Pricing Marker,,,failed,False,2026-08-23T13:27:22.703282+09:00
Pricing Markup,3600.0,1.0,success,False,2026-08-23T16:38:53.252652+09:00
Pricing Memo,110.0,0.0,success,False,2026-08-21T00:35:16.287713+09:00
Pricing Message,,,failed,False,2026-08-27T23:14:37.141829+09:00
Pricing Meter,390.0,38.0,success,False,2026-08-17T23:26:41.280182+09:00
Pricing Metrics,170.0,3.0,success,False,2026-08-17T23:09:40.999221+09:00
Pricing Monitor,2900.0,28.0,success,False,2026-08-17T23:14:51.389027+09:00
Pricing Navigator,,,failed,False,2026-08-17T23:30:11.118322+09:00
Pricing Nexus,,,failed,False,2026-08-17T23:27:56.034352+09:00
Pricing Node,,,failed,False,2026-08-17T23:27:42.956477+09:00
Pricing Note,,,failed,False,2026-08-19T13:24:14.979285+09:00
Pricing Notification,,,failed,False,2026-08-27T22:49:02.475082+09:00
Pricing Number,1600.0,3.0,success,False,2026-08-23T03:17:09.077548+09:00
Pricing Office,1900.0,94.0,success,False,2026-08-19T00:05:27.512092+09:00
Pricing Ops,,,failed,False,2026-08-17T23:05:51.247207+09:00
Pricing Order,170.0,1.0,success,False,2026-08-19T21:58:48.612097+09:00
Pricing Organizer,,,failed,False,2026-08-17T23:29:20.352796+09:00
Pricing Overage,,,failed,False,2026-08-27T21:47:44.451127+09:00
Pricing Overdue,,,failed,False,2026-08-27T21:47:39.871299+09:00
Pricing Panel,110.0,0.0,success,False,2026-08-17T23:26:27.360355+09:00
Pricing Path,,,failed,False,2026-08-17T22:49:19.411310+09:00
Pricing Payoff,,,failed,False,2026-08-27T21:47:42.128898+09:00
Pricing Penalty,,,failed,False,2026-08-23T16:38:53.252652+09:00
Pricing Petition,,,failed,False,2026-08-21T01:08:40.341221+09:00
Pricing Pilot,210.0,1.0,success,False,2026-08-17T23:14:31.375028+09:00
Pricing Plan,5400.0,7.0,success,False,2026-08-21T01:59:51.080762+09:00
Pricing Planner,10.0,21.0,success,False,2026-08-17T23:29:03.554808+09:00
Pricing Playbook,40.0,30.0,success,False,2026-08-18T23:51:47.913228+09:00
Pricing Point,12100.0,3.0,success,False,2026-08-17T23:23:32.991705+09:00
Pricing Portal,170.0,2.0,success,False,2026-08-17T23:26:13.004123+09:00
Pricing Preview,,,failed,False,2026-08-28T01:07:55.638643+09:00
Pricing Profile,170.0,0.0,success,False,2026-08-19T13:24:45.773598+09:00
Pricing Profit,260.0,2.0,success,False,2026-08-23T02:53:30.954147+09:00
Pricing Proposal,880.0,5.0,success,False,2026-08-28T01:07:59.537409+09:00
Pricing Pulse,,,failed,False,2026-08-17T23:08:58.203851+09:00
Pricing Queue,,,failed,False,2026-08-19T21:14:39.007898+09:00
Pricing Radar,,,failed,False,2026-08-17T23:09:23.779987+09:00
Pricing Rail,,,failed,False,2026-08-17T23:27:13.113305+09:00
Pricing Rate,2400.0,1.0,success,False,2026-08-19T20:41:57.553937+09:00
Pricing Recap,,,failed,False,2026-08-21T01:08:54.756215+09:00
Pricing Receipt,,,failed,False,2026-08-19T21:59:04.972402+09:00
Pricing Register,,,failed,False,2026-08-17T23:30:24.350682+09:00
Pricing Registry,,,failed,False,2026-08-18T23:51:47.913228+09:00
Pricing Relay,,,failed,False,2026-08-17T23:31:50.854430+09:00
Pricing Reminder,,,failed,False,2026-08-19T21:13:57.456241+09:00
Pricing Report,320.0,1.0,success,False,2026-08-19T13:21:58.772541+09:00
Pricing Repository,,,failed,False,2026-08-27T23:14:44.010079+09:00
Pricing Roadmap,70.0,26.0,success,False,2026-08-18T23:51:47.913228+09:00
Pricing Route,,,failed,False,2026-08-17T23:26:58.468073+09:00
Pricing Rule,480.0,1.0,success,False,2026-08-23T03:17:25.053866+09:00
Pricing Sale,9900.0,1.0,success,False,2026-08-21T02:21:52.863298+09:00
Pricing Sample,110.0,1.0,success,False,2026-08-19T22:00:08.446877+09:00
Pricing Scale,480.0,72.0,success,False,2026-08-17T23:06:32.975995+09:00
Pricing Scanner,8100.0,27.0,success,False,2026-08-27T23:57:22.809432+09:00
Pricing Scheduler,,,failed,False,2026-08-17T23:07:59.739195+09:00
Pricing Scope,,,failed,False,2026-08-17T23:33:06.954832+09:00
Pricing Score,,,failed,False,2026-08-19T13:23:50.629735+09:00
Pricing Sentry,70.0,33.0,success,False,2026-08-17T23:28:07.981645+09:00
Pricing Sheet,2900.0,12.0,success,False,2026-08-19T13:23:22.980764+09:00
Pricing Shortfall,,,failed,False,2026-08-27T21:47:50.200871+09:00
Pricing Signal,,,failed,False,2026-08-17T23:32:54.129749+09:00
Pricing Signature,,,failed,False,2026-08-23T13:27:20.193084+09:00
Pricing Slip,,,failed,False,2026-08-19T21:59:58.757000+09:00
Pricing Slot,,,failed,False,2026-08-19T22:00:20.280558+09:00
Pricing Snapshot,,,failed,False,2026-08-18T23:51:47.913228+09:00
Pricing Stake,,,failed,False,2026-08-23T02:53:36.421361+09:00
Pricing Stamp,33100.0,31.0,success,False,2026-08-23T13:27:25.869179+09:00
Pricing Statement,40.0,0.0,success,False,2026-08-21T00:35:09.628137+09:00
Pricing Station,,,failed,False,2026-08-17T23:25:43.129443+09:00
Pricing Status,,,failed,False,2026-08-19T20:41:20.028487+09:00
Pricing Studio,210.0,2.0,success,False,2026-08-17T23:25:18.715654+09:00
Pricing Suite,,,failed,False,2026-08-17T23:06:09.735984+09:00
Pricing Sum,,,failed,False,2026-08-21T02:21:33.857873+09:00
Pricing Summary,320.0,2.0,success,False,2026-08-19T21:13:34.097161+09:00
Pricing Sync,,,failed,False,2026-08-17T23:30:54.077179+09:00
Pricing Table,2900.0,4.0,success,False,2026-08-19T21:59:35.883958+09:00
Pricing Tag,90500.0,54.0,success,False,2026-08-19T13:24:22.197081+09:00
Pricing Tariff,880.0,3.0,success,False,2026-08-21T02:38:16.396053+09:00
Pricing Tax,,,failed,False,2026-08-21T02:06:22.333595+09:00
Pricing Ticket,74000.0,18.0,success,False,2026-08-19T21:14:27.953850+09:00
Pricing Tier,6600.0,1.0,success,False,2026-08-28T00:48:18.570201+09:00
Pricing Timeline,,,failed,False,2026-08-19T21:13:46.122895+09:00
Pricing Token,,,failed,False,2026-08-23T13:27:16.161149+09:00
Pricing Toll,10.0,0.0,success,False,2026-08-21T02:38:09.773029+09:00
Pricing Toolbox,,,failed,False,2026-08-28T00:26:29.201404+09:00
Pricing Toolkit,10.0,23.0,success,False,2026-08-18T23:51:47.913228+09:00
Pricing Total,,,failed,False,2026-08-27T23:14:37.141829+09:00
Pricing Tracker,165000.0,3.0,success,False,2026-08-17T23:12:55.157000+09:00
Pricing Trail,,,failed,False,2026-08-17T23:08:17.909902+09:00
Pricing Trend,1900.0,1.0,success,False,2026-08-28T01:07:47.366767+09:00
Pricing Trial,,,failed,False,2026-08-27T21:16:45.829850+09:00
Pricing Unit,18100.0,0.0,success,True,2026-08-21T01:59:53.471915+09:00
Pricing Update,1600.0,0.0,success,True,2026-08-19T20:42:03.452660+09:00
Pricing Value,6600.0,1.0,success,False,2026-08-23T02:53:34.328450+09:00
Pricing Vault,,,failed,False,2026-08-17T23:03:43.392480+09:00
Pricing Version,,,failed,False,2026-08-23T03:17:13.101010+09:00
Pricing View,,,failed,False,2026-08-19T20:41:30.953351+09:00
Pricing Watch,9900.0,12.0,success,False,2026-08-17T23:07:18.335398+09:00
Pricing Wave,,,failed,False,2026-08-17T23:33:31.331574+09:00
Pricing Widget,170.0,1.0,success,False,2026-08-27T23:14:41.720422+09:00
Pricing Workbench,,,failed,False,2026-08-18T23:51:47.913228+09:00
Pricing Worksheet,260.0,3.0,success,False,2026-08-27T22:11:31.963952+09:00
Pricing Workshop,210.0,8.0,success,False,2026-08-28T00:26:22.903465+09:00
Pricing Zone,260.0,2.0,success,False,2026-08-17T23:10:18.497736+09:00
Print Advance,20.0,1.0,success,False,2026-08-23T16:15:54.401659+09:00
Print Advisory,,,failed,False,2026-08-21T01:04:00.035751+09:00
Print Allowance,,,failed,False,2026-08-21T02:36:41.492996+09:00
Print Analyzer,,,failed,False,2026-08-27T23:52:35.044281+09:00
Print Announcement,90.0,100.0,success,False,2026-08-27T23:32:33.346775+09:00
Print Arrears,,,failed,False,2026-08-23T16:15:50.711564+09:00
Print Asset,140.0,4.0,success,False,2026-08-23T13:47:15.992604+09:00
Print Assistant,320.0,4.0,success,False,2026-08-19T12:27:39.796113+09:00
Print Atlas,70.0,0.0,success,False,2026-08-19T12:27:31.967553+09:00
Print Attribute,10.0,0.0,success,False,2026-08-23T13:06:31.775349+09:00
Print Badge,3600.0,100.0,success,False,2026-08-21T00:28:35.603528+09:00
Print Balance,170.0,22.0,success,False,2026-08-23T13:47:13.508679+09:00
Print Base,260.0,13.0,success,False,2026-08-19T12:26:33.810025+09:00
Print Beacon,,,failed,False,2026-08-19T12:25:55.231488+09:00
Print Bill,720.0,17.0,success,False,2026-08-19T22:04:20.465966+09:00
Print Bin,170.0,87.0,success,False,2026-08-19T12:24:52.766988+09:00
Print Board,4400.0,97.0,success,False,2026-08-19T12:26:41.238307+09:00
Print Book,40500.0,94.0,success,False,2026-08-19T22:05:19.679261+09:00
Print Bridge,170.0,2.0,success,False,2026-08-19T12:26:02.355075+09:00
Print Brief,170.0,80.0,success,False,2026-08-21T01:03:51.285961+09:00
Print Bulletin,70.0,59.0,success,False,2026-08-21T01:03:45.407835+09:00
Print Calculator,480.0,92.0,success,False,2026-08-27T23:32:36.959010+09:00
Print Calendar,301000.0,4.0,success,False,2026-08-19T12:23:01.868954+09:00
Print Card,33100.0,100.0,success,False,2026-08-19T13:39:34.156572+09:00
Print Cascade,,,failed,False,2026-08-19T12:25:57.716794+09:00
Print Cash,140.0,6.0,success,False,2026-08-21T02:29:56.209810+09:00
Print Cashback,,,failed,False,2026-08-27T21:19:01.624624+09:00
Print Catalog,3600.0,100.0,success,False,2026-08-19T21:18:08.963564+09:00
Print Category,70.0,40.0,success,False,2026-08-23T13:06:29.194377+09:00
Print Center,22200.0,17.0,success,False,2026-08-19T12:26:55.574795+09:00
Print Chain,390.0,9.0,success,False,2026-08-19T12:27:18.963883+09:00
Print Charge,480.0,5.0,success,False,2026-08-21T02:45:41.299406+09:00
Print Check,14800.0,100.0,success,False,2026-08-19T13:39:57.462867+09:00
Print Checker,14800.0,100.0,success,False,2026-08-27T23:52:30.197940+09:00
Print Checklist,2400.0,2.0,success,False,2026-08-19T21:17:23.744501+09:00
Print Circular,1600.0,9.0,success,False,2026-08-21T01:03:56.741736+09:00
Print Code,2400.0,1.0,success,False,2026-08-19T22:04:42.218437+09:00
Print Companion,,,failed,False,2026-08-19T12:27:49.196174+09:00
Print Comparison,70.0,53.0,success,False,2026-08-28T01:04:09.060597+09:00
Print Compass,260.0,5.0,success,False,2026-08-19T12:25:50.876922+09:00
Print Confirmation,70.0,2.0,success,False,2026-08-21T01:04:11.301899+09:00
Print Console,260.0,0.0,success,False,2026-08-19T12:27:02.281369+09:00
Print Converter,110.0,71.0,success,False,2026-08-27T23:32:36.959010+09:00
Print Core,1300.0,39.0,success,False,2026-08-19T12:26:33.810025+09:00
Print Cost,1900.0,46.0,success,False,2026-08-21T02:13:04.369688+09:00
Print Count,480.0,23.0,success,False,2026-08-27T22:44:11.984469+09:00
Print Counter,480.0,23.0,success,False,2026-08-19T12:23:36.492658+09:00
Print Coupon,1600.0,24.0,success,False,2026-08-27T21:19:01.624624+09:00
Print Deal,1000.0,100.0,success,False,2026-08-21T01:56:51.063242+09:00
Print Debt,,,failed,False,2026-08-21T02:29:49.445628+09:00
Print Deck,90.0,10.0,success,False,2026-08-19T12:26:41.238307+09:00
Print Desk,480.0,68.0,success,False,2026-08-19T12:25:43.100247+09:00
Print Detail,210.0,5.0,success,False,2026-08-23T03:17:02.268689+09:00
Print Detector,10.0,0.0,success,False,2026-08-27T23:52:32.506891+09:00
Print Digest,,,failed,False,2026-08-19T20:42:32.517249+09:00
Print Directory,390.0,7.0,success,False,2026-08-19T12:23:01.868954+09:00
Print Discount,170.0,62.0,success,False,2026-08-23T16:15:43.832612+09:00
Print Dossier,110.0,29.0,success,False,2026-08-21T01:04:18.102523+09:00
Print Downpayment,,,failed,False,2026-08-27T21:50:02.290136+09:00
Print Draft,590.0,8.0,success,False,2026-08-19T20:42:46.732728+09:00
Print Due,,,failed,False,2026-08-23T15:52:18.208311+09:00
Print Duty,,,failed,False,2026-08-21T02:45:44.220380+09:00
Print Engine,390.0,7.0,success,False,2026-08-19T12:27:39.796113+09:00
Print Entry,,,failed,False,2026-08-21T01:05:11.632109+09:00
Print Estimate,170.0,20.0,success,False,2026-08-19T21:17:59.528469+09:00
Print Estimator,90.0,20.0,success,False,2026-08-27T23:52:26.282518+09:00
Print Excerpt,,,failed,False,2026-08-21T01:04:28.874460+09:00
Print Fare,,,failed,False,2026-08-21T02:13:15.591815+09:00
Print Fee,260.0,9.0,success,False,2026-08-21T01:56:38.086153+09:00
Print Feed,480.0,37.0,success,False,2026-08-19T20:42:39.884460+09:00
Print Field,590.0,4.0,success,False,2026-08-23T13:06:33.832553+09:00
Print File,4400.0,30.0,success,False,2026-08-19T20:42:09.827682+09:00
Print Finder,260.0,14.0,success,False,2026-08-19T12:23:26.790500+09:00
Print Fine,1900.0,11.0,success,False,2026-08-23T02:53:02.917433+09:00
Print Flag,8100.0,100.0,success,False,2026-08-21T00:29:27.962730+09:00
Print Flow,1600.0,26.0,success,False,2026-08-19T12:25:34.182508+09:00
Print Forge,210.0,7.0,success,False,2026-08-19T12:25:55.231488+09:00
Print Form,2900.0,6.0,success,False,2026-08-19T13:39:18.013288+09:00
Print Format,1600.0,4.0,success,False,2026-08-23T13:06:36.915804+09:00
Print Frame,2900.0,100.0,success,False,2026-08-19T12:26:30.202611+09:00
Print Fund,,,failed,False,2026-08-21T02:29:53.730886+09:00
Print Gate,720.0,2.0,success,False,2026-08-19T12:27:23.710394+09:00
Print Giveaway,70.0,100.0,success,False,2026-08-27T21:19:08.961232+09:00
Print Grade,,,failed,False,2026-08-21T00:29:05.314041+09:00
Print Graph,1000.0,2.0,success,False,2026-08-27T22:14:28.911513+09:00
Print Grid,1300.0,2.0,success,False,2026-08-19T12:26:15.531413+09:00
Print Guarantee,,,failed,False,2026-08-28T01:04:11.555424+09:00
Print Guardian,10.0,2.0,success,False,2026-08-28T00:22:57.445324+09:00
Print Helpdesk,,,failed,False,2026-08-27T22:44:11.984469+09:00
Print Helper,6600.0,0.0,success,True,2026-08-28T00:23:00.112605+09:00
Print History,2900.0,0.0,success,True,2026-08-19T20:41:59.995024+09:00
Print Hotline,30.0,0.0,success,False,2026-08-19T21:18:19.882315+09:00
Print Hub,22200.0,6.0,success,False,2026-08-19T12:25:38.632283+09:00
Print Identifier,1900.0,42.0,success,False,2026-08-23T13:06:27.049949+09:00
Print Incentive,,,failed,False,2026-08-27T21:19:08.961232+09:00
Print Index,320.0,0.0,success,False,2026-08-19T21:17:33.160544+09:00
Print Installment,,,failed,False,2026-08-23T16:15:47.536999+09:00
Print Item,1000.0,48.0,success,False,2026-08-21T01:56:42.470423+09:00
Print Journal,1000.0,92.0,success,False,2026-08-19T12:22:54.076804+09:00
Print Keeper,,,failed,False,2026-08-19T12:27:31.967553+09:00
Print Kit,1000.0,83.0,success,False,2026-08-27T22:44:05.542192+09:00
Print Lab,14800.0,14.0,success,False,2026-08-19T12:26:47.247206+09:00
Print Label,22200.0,100.0,success,False,2026-08-27T22:14:32.870267+09:00
Print Layout,2400.0,2.0,success,False,2026-08-27T22:29:30.000621+09:00
Print Ledger,210.0,73.0,success,False,2026-08-19T12:26:37.096559+09:00
Print Level,140.0,0.0,success,False,2026-08-19T20:42:14.870990+09:00
Print Levy,,,failed,False,2026-08-23T13:47:15.992604+09:00
Print Link,1900.0,4.0,success,False,2026-08-23T03:16:51.782987+09:00
Print List,2400.0,1.0,success,False,2026-08-19T22:04:53.715623+09:00
Print Loan,50.0,12.0,success,False,2026-08-21T02:13:20.223987+09:00
Print Locator,10.0,0.0,success,False,2026-08-19T12:23:14.200437+09:00
Print Log,720.0,2.0,success,False,2026-08-19T13:38:58.073256+09:00
Print Loop,390.0,17.0,success,False,2026-08-19T12:26:11.426688+09:00
Print Manager,1900.0,8.0,success,False,2026-08-19T12:27:36.694411+09:00
Print Manual,1900.0,46.0,success,False,2026-08-27T22:14:32.870267+09:00
Print Map,2900.0,19.0,success,False,2026-08-19T12:26:26.109725+09:00
Print Markup,210.0,0.0,success,False,2026-08-23T16:39:47.689837+09:00
Print Memo,590.0,1.0,success,False,2026-08-21T00:29:13.109702+09:00
Print Message,320.0,26.0,success,False,2026-08-27T23:10:12.340839+09:00
Print Monitor,170.0,6.0,success,False,2026-08-19T12:27:49.196174+09:00
Print Nexus,70.0,5.0,success,False,2026-08-19T12:27:27.714904+09:00
Print Note,4400.0,4.0,success,False,2026-08-19T13:40:29.386715+09:00
Print Notification,70.0,1.0,success,False,2026-08-27T22:51:51.167010+09:00
Print Number,8100.0,29.0,success,False,2026-08-23T03:16:44.260724+09:00
Print Office,3600.0,16.0,success,False,2026-08-19T12:23:26.790500+09:00
Print Ops,70.0,1.0,success,False,2026-08-19T12:27:54.241154+09:00
Print Order,5400.0,100.0,success,False,2026-08-19T22:04:10.383393+09:00
Print Overage,,,failed,False,2026-08-27T21:50:00.180912+09:00
Print Overdraft,,,failed,False,2026-08-23T15:52:18.208311+09:00
Print Overdue,,,failed,False,2026-08-27T21:49:53.079168+09:00
Print Panel,880.0,38.0,success,False,2026-08-19T12:27:02.281369+09:00
Print Pass,260.0,17.0,success,False,2026-08-21T00:28:20.735517+09:00
Print Path,260.0,0.0,success,False,2026-08-19T12:26:22.946559+09:00
Print Payoff,,,failed,False,2026-08-27T21:49:55.360701+09:00
Print Penalty,,,failed,False,2026-08-23T16:39:45.505448+09:00
Print Petition,170.0,10.0,success,False,2026-08-21T01:04:04.572867+09:00
Print Plan,2400.0,83.0,success,False,2026-08-21T01:56:48.479807+09:00
Print Planner,2400.0,93.0,success,False,2026-08-19T12:27:46.282540+09:00
Print Playbook,10.0,43.0,success,False,2026-08-19T12:22:47.160144+09:00
Print Point,22200.0,3.0,success,False,2026-08-19T12:26:22.946559+09:00
Print Portal,110000.0,0.0,success,True,2026-08-19T12:26:57.441352+09:00
Print Preview,4400.0,1.0,success,False,2026-08-28T01:04:09.060597+09:00
Print Profile,1000.0,3.0,success,False,2026-08-19T13:41:02.359276+09:00
Print Profit,170.0,3.0,success,False,2026-08-23T02:52:56.566002+09:00
Print Proposal,320.0,18.0,success,False,2026-08-28T01:04:11.555424+09:00
Print Queue,6600.0,2.0,success,False,2026-08-19T21:17:51.663250+09:00
Print Quota,260.0,0.0,success,False,2026-08-21T00:29:18.901587+09:00
Print Radar,,,failed,False,2026-08-19T12:25:43.100247+09:00
Print Rail,30.0,0.0,success,False,2026-08-19T12:27:13.663496+09:00
Print Rate,590.0,11.0,success,False,2026-08-19T20:42:21.972075+09:00
Print Recap,,,failed,False,2026-08-21T01:04:22.356565+09:00
Print Receipt,2900.0,74.0,success,False,2026-08-19T22:04:30.317454+09:00
Print Recorder,10.0,0.0,success,False,2026-08-27T23:32:42.762901+09:00
Print Redemption,,,failed,False,2026-08-23T16:39:50.503833+09:00
Print Register,720.0,4.0,success,False,2026-08-19T12:27:54.241154+09:00
Print Registry,720.0,4.0,success,False,2026-08-19T12:22:54.076804+09:00
Print Relay,70.0,8.0,success,False,2026-08-19T12:25:46.286307+09:00
Print Reminder,,,failed,False,2026-08-19T21:17:13.210771+09:00
Print Report,1000.0,13.0,success,False,2026-08-19T13:38:51.605801+09:00
Print Repository,,,failed,False,2026-08-27T23:10:19.958354+09:00
Print Roster,70.0,2.0,success,False,2026-08-19T12:24:37.833597+09:00
Print Route,3600.0,4.0,success,False,2026-08-19T12:27:08.334680+09:00
Print Rule,170.0,0.0,success,False,2026-08-23T03:16:59.377666+09:00
Print Sale,1000.0,100.0,success,False,2026-08-21T02:30:00.318623+09:00
Print Sample,1000.0,12.0,success,False,2026-08-19T22:05:38.259870+09:00
Print Scale,880.0,41.0,success,False,2026-08-19T12:27:05.323167+09:00
Print Scanner,8100.0,55.0,success,False,2026-08-27T23:52:30.197940+09:00
Print Scheduler,20.0,6.0,success,False,2026-08-19T12:27:46.282540+09:00
Print Scope,20.0,1.0,success,False,2026-08-19T12:26:11.426688+09:00
Print Score,480.0,1.0,success,False,2026-08-19T13:40:14.970348+09:00
Print Serial,50.0,0.0,success,False,2026-08-23T13:27:36.728702+09:00
Print Sheet,5400.0,80.0,success,False,2026-08-19T13:39:49.486851+09:00
Print Shortfall,,,failed,False,2026-08-27T21:50:04.473862+09:00
Print Signal,390.0,6.0,success,False,2026-08-19T12:26:02.355075+09:00
Print Signature,1000.0,7.0,success,False,2026-08-23T13:27:40.734961+09:00
Print Slip,480.0,15.0,success,False,2026-08-19T22:05:28.406409+09:00
Print Slot,30.0,0.0,success,False,2026-08-19T22:05:48.495667+09:00
Print Stage,40.0,0.0,success,False,2026-08-28T00:46:44.536375+09:00
Print Statement,590.0,0.0,success,False,2026-08-21T00:28:49.114338+09:00
Print Station,8100.0,23.0,success,False,2026-08-19T12:26:47.247206+09:00
Print Status,2400.0,0.0,success,True,2026-08-19T20:41:45.467674+09:00
Print Stub,10.0,12.0,success,False,2026-08-21T00:28:44.167575+09:00
Print Studio,22200.0,10.0,success,False,2026-08-19T12:26:44.704983+09:00
Print Subsidy,,,failed,False,2026-08-23T15:52:18.208311+09:00
Print Sum,140.0,1.0,success,False,2026-08-21T02:29:43.973308+09:00
Print Summary,210.0,0.0,success,False,2026-08-19T21:16:46.731573+09:00
Print Surtax,,,failed,False,2026-08-23T15:52:20.216125+09:00
Print Tab,880.0,88.0,success,False,2026-08-21T00:29:32.816021+09:00
Print Table,4400.0,24.0,success,False,2026-08-19T22:05:08.787907+09:00
Print Tag,2400.0,100.0,success,False,2026-08-19T13:40:47.127510+09:00
Print Tally,,,failed,False,2026-08-21T00:28:59.306676+09:00
Print Tariff,,,failed,False,2026-08-21T02:36:44.892736+09:00
Print Tax,140.0,2.0,success,False,2026-08-21T02:13:15.591815+09:00
Print Ticket,8100.0,100.0,success,False,2026-08-19T21:17:45.288805+09:00
Print Tier,,,failed,False,2026-08-28T00:46:47.850580+09:00
Print Timeline,320.0,12.0,success,False,2026-08-19T21:17:02.639874+09:00
Print Timer,1900.0,3.0,success,False,2026-08-28T00:22:52.095414+09:00
Print Token,720.0,37.0,success,False,2026-08-23T13:27:36.728702+09:00
Print Toll,40.0,8.0,success,False,2026-08-21T02:36:33.361411+09:00
Print Toolbox,70.0,4.0,success,False,2026-08-28T00:22:57.445324+09:00
Print Total,210.0,0.0,success,False,2026-08-27T23:10:14.890839+09:00
Print Tracker,590.0,54.0,success,False,2026-08-19T12:25:34.182508+09:00
Print Trail,70.0,2.0,success,False,2026-08-19T12:27:13.663496+09:00
Print Trial,40.0,0.0,success,False,2026-08-27T21:19:05.213789+09:00
Print Unit,590.0,3.0,success,False,2026-08-21T01:56:46.597919+09:00
Print Update,170.0,9.0,success,False,2026-08-19T20:42:27.783446+09:00
Print Value,720.0,2.0,success,False,2026-08-23T02:52:59.926815+09:00
Print Vault,110.0,0.0,success,False,2026-08-19T12:25:46.286307+09:00
Print Version,2400.0,0.0,success,True,2026-08-23T03:16:47.860821+09:00
Print View,1300.0,4.0,success,False,2026-08-19T20:41:51.151726+09:00
Print Voucher,1900.0,100.0,success,False,2026-08-21T00:28:30.302130+09:00
Print Watch,720.0,44.0,success,False,2026-08-19T12:26:06.734544+09:00
Print Wave,720.0,10.0,success,False,2026-08-19T12:26:17.646351+09:00
Print Widget,20.0,2.0,success,False,2026-08-27T23:10:14.890839+09:00
Print Worksheet,4400.0,22.0,success,False,2026-08-27T22:14:35.571737+09:00
Print Workshop,1300.0,15.0,success,False,2026-08-28T00:22:54.713063+09:00
Print Zone,12100.0,8.0,success,False,2026-08-19T12:26:55.574795+09:00
Prior Advisory,,,failed,False,2026-08-21T01:02:23.111892+09:00
Prior Allowance,,,failed,False,2026-08-21T02:39:54.831624+09:00
Prior Almanac,,,failed,False,2026-08-18T23:51:47.913228+09:00
Prior Anchor,,,failed,False,2026-08-17T20:39:18.247368+09:00
Prior Assistant,,,failed,False,2026-08-17T23:30:36.598618+09:00
Prior Atlas,,,failed,False,2026-08-17T21:40:49.556938+09:00
Prior Badge,,,failed,False,2026-08-21T00:27:00.975108+09:00
Prior Balance,50.0,6.0,success,False,2026-08-23T13:46:55.595088+09:00
Prior Base,,,failed,False,2026-08-17T21:35:49.618076+09:00
Prior Beacon,,,failed,False,2026-08-17T20:42:32.290659+09:00
Prior Bill,,,failed,False,2026-08-19T21:48:27.069382+09:00
Prior Blueprint,,,failed,False,2026-08-18T23:51:47.913228+09:00
Prior Board,20.0,0.0,success,False,2026-08-17T21:32:40.946824+09:00
Prior Book,170.0,9.0,success,False,2026-08-19T21:49:30.160580+09:00
Prior Bridge,,,failed,False,2026-08-17T20:40:13.744558+09:00
Prior Brief,10.0,1.0,success,False,2026-08-21T01:00:36.022676+09:00
Prior Bulletin,,,failed,False,2026-08-21T01:00:31.922622+09:00
Prior Calendar,,,failed,False,2026-08-19T00:01:53.326080+09:00
Prior Card,,,failed,False,2026-08-19T13:41:02.359276+09:00
Prior Cascade,,,failed,False,2026-08-17T20:40:55.263419+09:00
Prior Cash,390.0,19.0,success,False,2026-08-21T02:24:33.883948+09:00
Prior Catalog,,,failed,False,2026-08-19T21:06:16.769807+09:00
Prior Center,20.0,0.0,success,False,2026-08-17T20:44:43.054193+09:00
Prior Chain,,,failed,False,2026-08-17T20:34:15.100698+09:00
Prior Charge,50.0,2.0,success,False,2026-08-21T02:39:44.265069+09:00
Prior Check,20.0,0.0,success,False,2026-08-19T13:41:47.769675+09:00
Prior Checklist,70.0,0.0,success,False,2026-08-19T21:05:18.754911+09:00
Prior Circular,,,failed,False,2026-08-21T01:02:20.703041+09:00
Prior Cockpit,,,failed,False,2026-08-17T23:09:18.796206+09:00
Prior Code,20.0,0.0,success,False,2026-08-19T21:48:58.615287+09:00
Prior Codex,,,failed,False,2026-08-18T23:51:47.913228+09:00
Prior Companion,,,failed,False,2026-08-17T23:32:05.926406+09:00
Prior Compass,,,failed,False,2026-08-17T20:43:29.254301+09:00
Prior Compendium,,,failed,False,2026-08-18T23:51:47.913228+09:00
Prior Confirmation,30.0,0.0,success,False,2026-08-21T01:00:50.612821+09:00
Prior Console,,,failed,False,2026-08-17T20:42:10.144192+09:00
Prior Core,,,failed,False,2026-08-17T21:34:46.886716+09:00
Prior Counter,,,failed,False,2026-08-19T00:02:39.195734+09:00
Prior Dashboard,,,failed,False,2026-08-17T23:31:45.267981+09:00
Prior Deal,,,failed,False,2026-08-21T01:53:25.014716+09:00
Prior Debt,,,failed,False,2026-08-21T02:24:23.153426+09:00
Prior Deck,,,failed,False,2026-08-17T21:31:30.369012+09:00
Prior Depot,10.0,7.0,success,False,2026-08-19T00:02:24.547164+09:00
Prior Desk,,,failed,False,2026-08-17T20:47:23.581270+09:00
Prior Detail,,,failed,False,2026-08-23T03:18:52.097037+09:00
Prior Dial,,,failed,False,2026-08-17T20:40:34.523017+09:00
Prior Digest,,,failed,False,2026-08-19T20:37:59.201045+09:00
Prior Directory,,,failed,False,2026-08-19T00:02:00.292816+09:00
Prior Dock,,,failed,False,2026-08-17T20:37:01.636634+09:00
Prior Dossier,,,failed,False,2026-08-21T01:00:52.686966+09:00
Prior Draft,,,failed,False,2026-08-19T20:38:12.818207+09:00
Prior Duty,,,failed,False,2026-08-21T02:39:46.933675+09:00
Prior Engine,,,failed,False,2026-08-17T23:05:41.457486+09:00
Prior Entry,20.0,0.0,success,False,2026-08-21T01:01:05.241118+09:00
Prior Estimate,10.0,0.0,success,False,2026-08-19T21:06:08.303688+09:00
Prior Fee,,,failed,False,2026-08-21T01:53:07.082720+09:00
Prior Feed,,,failed,False,2026-08-19T20:38:05.655570+09:00
Prior File,,,failed,False,2026-08-19T20:37:25.311012+09:00
Prior Finder,,,failed,False,2026-08-19T00:02:18.071698+09:00
Prior Flag,,,failed,False,2026-08-21T00:27:55.902205+09:00
Prior Flow,10.0,0.0,success,False,2026-08-17T21:32:03.436124+09:00
Prior Forge,,,failed,False,2026-08-17T20:41:48.704350+09:00
Prior Form,10.0,0.0,success,False,2026-08-19T13:40:53.899440+09:00
Prior Frame,,,failed,False,2026-08-17T21:36:50.527973+09:00
Prior Fund,,,failed,False,2026-08-21T02:24:27.084847+09:00
Prior Gate,,,failed,False,2026-08-18T07:52:23.466246+09:00
Prior Grade,,,failed,False,2026-08-21T00:27:32.429911+09:00
Prior Grid,,,failed,False,2026-08-17T20:34:36.732015+09:00
Prior Guard,,,failed,False,2026-08-17T21:35:16.200596+09:00
Prior Guidebook,,,failed,False,2026-08-18T23:51:47.913228+09:00
Prior History,110.0,0.0,success,False,2026-08-19T20:37:14.893241+09:00
Prior Hotline,,,failed,False,2026-08-19T21:06:31.890613+09:00
Prior Hub,30.0,17.0,success,False,2026-08-17T21:30:53.341117+09:00
Prior Identifier,,,failed,False,2026-08-23T13:06:56.024749+09:00
Prior Index,,,failed,False,2026-08-19T21:05:30.373866+09:00
Prior Insight,,,failed,False,2026-08-17T23:14:25.326532+09:00
Prior Interest,40.0,0.0,success,False,2026-08-23T13:46:55.595088+09:00
Prior Item,,,failed,False,2026-08-21T01:53:12.594886+09:00
Prior Journal,,,failed,False,2026-08-18T23:51:47.913228+09:00
Prior Keeper,,,failed,False,2026-08-17T21:37:24.355362+09:00
Prior Lab,110.0,0.0,success,False,2026-08-17T20:48:02.919436+09:00
Prior Ledger,,,failed,False,2026-08-17T21:33:40.096792+09:00
Prior Lens,,,failed,False,2026-08-17T21:38:00.601683+09:00
Prior Level,,,failed,False,2026-08-19T20:37:34.944185+09:00
Prior Link,,,failed,False,2026-08-23T03:18:44.540602+09:00
Prior List,20.0,0.0,success,False,2026-08-19T21:49:09.518107+09:00
Prior Locator,,,failed,False,2026-08-19T00:02:09.626106+09:00
Prior Lock,,,failed,False,2026-08-17T21:41:28.759770+09:00
Prior Log,,,failed,False,2026-08-19T13:40:29.386715+09:00
Prior Loop,,,failed,False,2026-08-17T20:35:35.063549+09:00
Prior Manager,20.0,0.0,success,False,2026-08-17T21:36:22.095100+09:00
Prior Map,10.0,0.0,success,False,2026-08-17T21:39:22.624237+09:00
Prior Memo,,,failed,False,2026-08-21T00:27:39.908231+09:00
Prior Meter,,,failed,False,2026-08-17T20:39:46.897200+09:00
Prior Metrics,,,failed,False,2026-08-17T23:31:30.005121+09:00
Prior Monitor,,,failed,False,2026-08-17T23:31:12.330432+09:00
Prior Navigator,,,failed,False,2026-08-17T23:03:37.118721+09:00
Prior Nexus,10.0,0.0,success,False,2026-08-18T07:52:33.463903+09:00
Prior Node,,,failed,False,2026-08-17T20:32:02.325008+09:00
Prior Note,30.0,1.0,success,False,2026-08-19T13:42:06.803998+09:00
Prior Notification,210.0,0.0,success,False,2026-08-27T22:48:25.660209+09:00
Prior Office,,,failed,False,2026-08-19T00:02:34.221000+09:00
Prior Ops,,,failed,False,2026-08-17T23:32:25.255075+09:00
Prior Organizer,,,failed,False,2026-08-17T23:07:32.474026+09:00
Prior Panel,,,failed,False,2026-08-17T20:41:19.373388+09:00
Prior Path,,,failed,False,2026-08-18T07:43:35.299259+09:00
Prior Petition,,,failed,False,2026-08-21T01:00:44.838906+09:00
Prior Pilot,,,failed,False,2026-08-17T20:48:37.567206+09:00
Prior Plan,480.0,0.0,success,False,2026-08-21T01:53:20.957099+09:00
Prior Planner,,,failed,False,2026-08-17T23:12:45.983083+09:00
Prior Playbook,,,failed,False,2026-08-18T23:51:47.913228+09:00
Prior Point,10.0,0.0,success,False,2026-08-18T07:43:44.841764+09:00
Prior Portal,10.0,0.0,success,False,2026-08-17T20:42:59.992193+09:00
Prior Profile,,,failed,False,2026-08-19T13:42:30.376897+09:00
Prior Pulse,,,failed,False,2026-08-17T20:33:43.675774+09:00
Prior Queue,10.0,,success,False,2026-08-19T21:05:57.473217+09:00
Prior Quota,,,failed,False,2026-08-21T00:27:48.036654+09:00
Prior Radar,,,failed,False,2026-08-17T20:46:07.350212+09:00
Prior Rail,,,failed,False,2026-08-17T20:36:04.789698+09:00
Prior Rate,,,failed,False,2026-08-19T20:37:42.979136+09:00
Prior Recap,,,failed,False,2026-08-21T01:00:56.888807+09:00
Prior Receipt,,,failed,False,2026-08-19T21:48:40.966338+09:00
Prior Register,,,failed,False,2026-08-17T23:10:52.063537+09:00
Prior Registry,,,failed,False,2026-08-18T23:51:47.913228+09:00
Prior Relay,,,failed,False,2026-08-17T20:45:18.923986+09:00
Prior Reminder,,,failed,False,2026-08-19T21:05:05.946905+09:00
Prior Report,20.0,0.0,success,False,2026-08-19T13:40:19.370480+09:00
Prior Result,,,failed,False,2026-08-28T00:47:45.290833+09:00
Prior Roadmap,,,failed,False,2026-08-18T23:51:47.913228+09:00
Prior Route,,,failed,False,2026-08-17T20:37:59.877456+09:00
Prior Rule,,,failed,False,2026-08-23T03:18:48.364198+09:00
Prior Sale,170.0,0.0,success,False,2026-08-21T02:24:36.091430+09:00
Prior Sample,,,failed,False,2026-08-19T21:49:55.952193+09:00
Prior Scale,,,failed,False,2026-08-17T20:38:48.292759+09:00
Prior Scheduler,,,failed,False,2026-08-17T23:30:49.193189+09:00
Prior Scope,,,failed,False,2026-08-17T20:36:31.502472+09:00
Prior Score,,,failed,False,2026-08-19T13:41:55.083304+09:00
Prior Sentry,,,failed,False,2026-08-17T21:38:32.905021+09:00
Prior Sheet,,,failed,False,2026-08-19T13:41:26.637679+09:00
Prior Signal,10.0,0.0,success,False,2026-08-17T20:38:23.394205+09:00
Prior Slip,,,failed,False,2026-08-19T21:49:39.376770+09:00
Prior Slot,,,failed,False,2026-08-19T21:50:06.175762+09:00
Prior Snapshot,,,failed,False,2026-08-18T23:51:50.760411+09:00
Prior Stage,70.0,23.0,success,False,2026-08-28T00:47:45.290833+09:00
Prior Statement,140.0,0.0,success,False,2026-08-21T00:27:19.385133+09:00
Prior Station,,,failed,False,2026-08-17T20:46:46.837602+09:00
Prior Status,10.0,0.0,success,False,2026-08-19T20:49:28.954845+09:00
Prior Stub,10.0,0.0,success,False,2026-08-21T00:27:09.364121+09:00
Prior Studio,10.0,0.0,success,False,2026-08-17T21:30:22.425092+09:00
Prior Suite,,,failed,False,2026-08-17T23:30:21.472957+09:00
Prior Sum,,,failed,False,2026-08-21T02:24:19.138497+09:00
Prior Summary,,,failed,False,2026-08-19T21:04:40.695118+09:00
Prior Sync,,,failed,False,2026-08-17T21:33:13.463030+09:00
Prior Tab,,,failed,False,2026-08-21T00:28:03.957628+09:00
Prior Table,30.0,1.0,success,False,2026-08-19T21:49:18.898188+09:00
Prior Tag,,,failed,False,2026-08-19T13:42:19.343176+09:00
Prior Tally,,,failed,False,2026-08-21T00:27:27.558535+09:00
Prior Tariff,,,failed,False,2026-08-21T02:39:59.313025+09:00
Prior Ticket,10.0,0.0,success,False,2026-08-19T21:05:44.553245+09:00
Prior Timeline,,,failed,False,2026-08-19T21:04:53.638566+09:00
Prior Toll,,,failed,False,2026-08-21T02:39:52.714819+09:00
Prior Toolkit,,,failed,False,2026-08-18T23:51:50.760411+09:00
Prior Tracker,,,failed,False,2026-08-17T21:34:15.444697+09:00
Prior Trail,,,failed,False,2026-08-17T20:35:04.556306+09:00
Prior Unit,,,failed,False,2026-08-21T01:53:17.199833+09:00
Prior Update,,,failed,False,2026-08-19T20:37:49.991412+09:00
Prior Vault,,,failed,False,2026-08-17T20:44:20.013961+09:00
Prior View,,,failed,False,2026-08-19T20:49:35.865635+09:00
Prior Watch,40.0,7.0,success,False,2026-08-17T20:37:29.909330+09:00
Prior Wave,,,failed,False,2026-08-17T20:32:39.820797+09:00
Prior Workbench,,,failed,False,2026-08-18T23:51:50.760411+09:00
Prior Zone,,,failed,False,2026-08-17T20:43:56.267353+09:00
Priority Advance,10.0,0.0,success,False,2026-08-23T16:12:15.158683+09:00
Priority Advisory,,,failed,False,2026-08-21T01:24:49.055361+09:00
Priority Alert,110.0,2.0,success,False,2026-08-21T01:20:11.987698+09:00
Priority Allowance,,,failed,False,2026-08-21T02:40:11.455485+09:00
Priority Analyzer,,,failed,False,2026-08-27T23:57:47.525165+09:00
Priority Arrears,,,failed,False,2026-08-23T16:12:10.819899+09:00
Priority Assistant,,,failed,False,2026-08-21T01:17:46.814722+09:00
Priority Atlas,,,failed,False,2026-08-21T01:17:30.839165+09:00
Priority Attribute,,,failed,False,2026-08-23T13:08:48.797339+09:00
Priority Badge,40.0,1.0,success,False,2026-08-21T01:24:53.635479+09:00
Priority Balance,10.0,2.0,success,False,2026-08-23T13:48:35.211056+09:00
Priority Base,210.0,0.0,success,False,2026-08-21T01:15:31.943617+09:00
Priority Bay,,,failed,False,2026-08-21T01:19:29.603335+09:00
Priority Beacon,,,failed,False,2026-08-21T01:25:43.368101+09:00
Priority Bill,590.0,1.0,success,False,2026-08-21T01:23:46.927027+09:00
Priority Bin,,,failed,False,2026-08-21T01:20:23.926123+09:00
Priority Board,210.0,37.0,success,False,2026-08-21T01:15:46.981049+09:00
Priority Booth,,,failed,False,2026-08-21T01:19:16.110446+09:00
Priority Bridge,110.0,0.0,success,False,2026-08-21T01:26:08.809687+09:00
Priority Brief,110.0,1.0,success,False,2026-08-21T01:24:53.635479+09:00
Priority Bulletin,50.0,0.0,success,False,2026-08-21T01:24:53.635479+09:00
Priority Calculator,30.0,0.0,success,False,2026-08-27T23:35:28.835803+09:00
Priority Calendar,40.0,17.0,success,False,2026-08-21T01:18:36.012476+09:00
Priority Card,1900.0,21.0,success,False,2026-08-21T01:21:19.183876+09:00
Priority Cascade,,,failed,False,2026-08-21T01:26:04.709927+09:00
Priority Cash,10.0,30.0,success,False,2026-08-21T02:23:24.043193+09:00
Priority Category,210.0,1.0,success,False,2026-08-23T13:08:46.542285+09:00
Priority Center,170.0,0.0,success,False,2026-08-21T01:16:18.467523+09:00
Priority Chain,10.0,0.0,success,False,2026-08-21T01:17:06.015996+09:00
Priority Charge,40.0,0.0,success,False,2026-08-21T02:40:01.670619+09:00
Priority Chart,720.0,7.0,success,False,2026-08-21T01:20:20.986675+09:00
Priority Check,260.0,5.0,success,False,2026-08-21T01:21:31.170741+09:00
Priority Checker,260.0,5.0,success,False,2026-08-27T23:57:42.673163+09:00
Priority Circular,,,failed,False,2026-08-21T01:24:47.056451+09:00
Priority Code,170.0,0.0,success,False,2026-08-21T01:23:46.927027+09:00
Priority Companion,,,failed,False,2026-08-21T01:18:06.021081+09:00
Priority Comparison,,,failed,False,2026-08-28T01:08:35.196750+09:00
Priority Compass,10.0,0.0,success,False,2026-08-21T01:25:40.338227+09:00
Priority Confirmation,,,failed,False,2026-08-21T01:24:59.173649+09:00
Priority Console,,,failed,False,2026-08-21T01:16:36.813672+09:00
Priority Core,,,failed,False,2026-08-21T01:15:36.930840+09:00
Priority Cost,70.0,0.0,success,False,2026-08-21T02:06:27.364500+09:00
Priority Count,,,failed,False,2026-08-27T22:48:44.890397+09:00
Priority Counter,40.0,0.0,success,False,2026-08-21T01:19:03.432303+09:00
Priority Deal,10.0,2.0,success,False,2026-08-21T01:59:29.977509+09:00
Priority Debt,320.0,11.0,success,False,2026-08-21T02:23:11.717671+09:00
Priority Deck,,,failed,False,2026-08-21T01:15:52.922484+09:00
Priority Desk,50.0,18.0,success,False,2026-08-21T01:25:37.604117+09:00
Priority Detail,30.0,0.0,success,False,2026-08-23T03:21:00.660532+09:00
Priority Detector,,,failed,False,2026-08-27T23:57:45.055012+09:00
Priority Diagram,140.0,14.0,success,False,2026-08-27T22:09:51.279815+09:00
Priority Directory,,,failed,False,2026-08-21T01:18:42.442648+09:00
Priority Discount,,,failed,False,2026-08-23T16:12:08.472275+09:00
Priority Draft,10.0,0.0,success,False,2026-08-21T01:22:33.143231+09:00
Priority Due,,,failed,False,2026-08-23T15:50:26.316180+09:00
Priority Duty,,,failed,False,2026-08-21T02:40:04.485559+09:00
Priority Engine,140.0,16.0,success,False,2026-08-21T01:17:43.825232+09:00
Priority Entry,70.0,0.0,success,False,2026-08-21T01:25:05.827415+09:00
Priority Estimate,,,failed,False,2026-08-21T01:23:01.482269+09:00
Priority Estimator,10.0,,success,False,2026-08-27T23:57:37.780075+09:00
Priority Extension,70.0,0.0,success,False,2026-08-23T16:37:59.116023+09:00
Priority Fare,,,failed,False,2026-08-21T02:06:40.735071+09:00
Priority Fee,210.0,0.0,success,False,2026-08-21T01:59:20.402285+09:00
Priority Feed,,,failed,False,2026-08-21T01:22:29.239348+09:00
Priority Field,40.0,0.0,success,False,2026-08-23T13:08:53.842629+09:00
Priority File,90.0,0.0,success,False,2026-08-21T01:22:03.238360+09:00
Priority Finder,30.0,24.0,success,False,2026-08-21T01:23:11.451788+09:00
Priority Fine,,,failed,False,2026-08-23T02:55:35.353388+09:00
Priority Flow,10.0,3.0,success,False,2026-08-21T01:24:55.892081+09:00
Priority Forge,,,failed,False,2026-08-21T01:25:58.145790+09:00
Priority Form,110.0,0.0,success,False,2026-08-21T01:21:13.489274+09:00
Priority Format,,,failed,False,2026-08-23T13:08:56.247878+09:00
Priority Frame,,,failed,False,2026-08-21T01:15:26.988997+09:00
Priority Fund,50.0,8.0,success,False,2026-08-21T02:23:20.274615+09:00
Priority Gate,70.0,2.0,success,False,2026-08-21T01:17:18.123686+09:00
Priority Graph,720.0,2.0,success,False,2026-08-27T22:09:41.685906+09:00
Priority Grid,260.0,9.0,success,False,2026-08-21T01:26:29.214274+09:00
Priority Guarantee,,,failed,False,2026-08-28T01:08:39.859150+09:00
Priority Guardian,,,failed,False,2026-08-28T00:26:50.285916+09:00
Priority Helpdesk,,,failed,False,2026-08-27T22:48:47.363219+09:00
Priority Helper,,,failed,False,2026-08-28T00:26:52.853264+09:00
Priority History,,,failed,False,2026-08-21T01:21:58.894123+09:00
Priority Hub,260.0,0.0,success,False,2026-08-21T01:25:11.979955+09:00
Priority Identifier,,,failed,False,2026-08-23T13:08:44.526296+09:00
Priority Inbox,90.0,1.0,success,False,2026-08-21T01:20:08.075194+09:00
Priority Index,110.0,0.0,success,False,2026-08-21T01:22:53.742962+09:00
Priority Installment,,,failed,False,2026-08-23T16:12:10.819899+09:00
Priority Item,140.0,0.0,success,False,2026-08-21T01:59:23.001944+09:00
Priority Journal,30.0,80.0,success,False,2026-08-21T01:18:26.670234+09:00
Priority Keeper,,,failed,False,2026-08-21T01:17:33.437690+09:00
Priority Kiosk,,,failed,False,2026-08-21T01:21:05.247176+09:00
Priority Lab,1300.0,3.0,success,False,2026-08-21T01:16:03.338785+09:00
Priority Label,720.0,11.0,success,False,2026-08-27T22:09:48.398152+09:00
Priority Ledger,,,failed,False,2026-08-21T01:15:43.149064+09:00
Priority Level,2900.0,1.0,success,False,2026-08-21T01:22:09.935224+09:00
Priority Line,590.0,9.0,success,False,2026-08-21T01:20:45.332631+09:00
Priority Link,20.0,0.0,success,False,2026-08-23T03:20:52.959248+09:00
Priority List,3600.0,3.0,success,False,2026-08-21T01:23:46.927027+09:00
Priority Loan,210.0,25.0,success,False,2026-08-21T02:06:47.400251+09:00
Priority Lobby,,,failed,False,2026-08-21T01:20:36.811619+09:00
Priority Locator,,,failed,False,2026-08-21T01:23:11.451788+09:00
Priority Locker,,,failed,False,2026-08-21T01:19:09.689487+09:00
Priority Log,,,failed,False,2026-08-21T01:21:06.488842+09:00
Priority Loop,,,failed,False,2026-08-21T01:26:22.503532+09:00
Priority Manager,2400.0,4.0,success,False,2026-08-21T01:17:38.451621+09:00
Priority Manual,,,failed,False,2026-08-27T22:09:48.398152+09:00
Priority Map,260.0,0.0,success,False,2026-08-21T01:15:16.012738+09:00
Priority Markup,,,failed,False,2026-08-23T16:37:54.537855+09:00
Priority Memo,,,failed,False,2026-08-21T01:24:53.635479+09:00
Priority Message,390.0,0.0,success,False,2026-08-27T23:14:15.197354+09:00
Priority Monitor,,,failed,False,2026-08-21T01:17:59.788687+09:00
Priority Nexus,,,failed,False,2026-08-21T01:17:21.753159+09:00
Priority Note,50.0,2.0,success,False,2026-08-21T01:21:39.012967+09:00
Priority Notification,4400.0,0.0,success,True,2026-08-27T22:48:37.138670+09:00
Priority Number,320.0,0.0,success,False,2026-08-23T03:20:42.703424+09:00
Priority Office,50.0,10.0,success,False,2026-08-21T01:19:00.586921+09:00
Priority Ops,10.0,0.0,success,False,2026-08-21T01:18:16.729979+09:00
Priority Order,1600.0,0.0,success,True,2026-08-21T01:23:46.927027+09:00
Priority Outpost,,,failed,False,2026-08-21T01:19:38.159463+09:00
Priority Panel,70.0,0.0,success,False,2026-08-21T01:23:07.832051+09:00
Priority Pass,368000.0,24.0,success,False,2026-08-21T01:23:52.904904+09:00
Priority Passport,590.0,11.0,success,False,2026-08-21T01:20:30.866856+09:00
Priority Path,30.0,0.0,success,False,2026-08-21T01:26:39.674761+09:00
Priority Penalty,,,failed,False,2026-08-23T16:37:54.537855+09:00
Priority Petition,,,failed,False,2026-08-21T01:24:53.635479+09:00
Priority Plan,320.0,6.0,success,False,2026-08-21T02:05:54.756908+09:00
Priority Planner,140.0,99.0,success,False,2026-08-21T01:17:52.131047+09:00
Priority Playbook,,,failed,False,2026-08-21T01:18:21.687046+09:00
Priority Plaza,10.0,20.0,success,False,2026-08-21T01:19:45.031880+09:00
Priority Point,50.0,4.0,success,False,2026-08-21T01:26:47.452980+09:00
Priority Portal,210.0,1.0,success,False,2026-08-21T01:16:28.829039+09:00
Priority Post,1300.0,4.0,success,False,2026-08-21T01:19:35.649490+09:00
Priority Profile,,,failed,False,2026-08-21T01:21:46.110216+09:00
Priority Profit,,,failed,False,2026-08-23T02:55:21.397263+09:00
Priority Quota,,,failed,False,2026-08-21T01:24:53.635479+09:00
Priority Radar,,,failed,False,2026-08-21T01:25:40.979194+09:00
Priority Rail,,,failed,False,2026-08-21T01:16:55.800452+09:00
Priority Rank,320.0,0.0,success,False,2026-08-28T00:48:41.501339+09:00
Priority Rate,3600.0,9.0,success,False,2026-08-21T01:22:20.767459+09:00
Priority Recap,,,failed,False,2026-08-21T01:25:01.384940+09:00
Priority Receipt,,,failed,False,2026-08-21T01:23:46.927027+09:00
Priority Redemption,,,failed,False,2026-08-23T16:37:56.709879+09:00
Priority Register,1000.0,11.0,success,False,2026-08-21T01:18:13.374383+09:00
Priority Registry,,,failed,False,2026-08-21T01:18:33.036529+09:00
Priority Relay,40.0,91.0,success,False,2026-08-21T01:25:45.514354+09:00
Priority Reminder,10.0,0.0,success,False,2026-08-21T01:22:48.599352+09:00
Priority Report,110.0,2.0,success,False,2026-08-21T01:21:03.266778+09:00
Priority Ring,30.0,22.0,success,False,2026-08-21T01:17:10.053741+09:00
Priority Roll,,,failed,False,2026-08-21T01:20:54.963946+09:00
Priority Roster,,,failed,False,2026-08-21T01:21:07.466451+09:00
Priority Route,20.0,0.0,success,False,2026-08-21T01:16:50.383045+09:00
Priority Rule,210.0,0.0,success,False,2026-08-23T03:20:56.810289+09:00
Priority Sale,170.0,5.0,success,False,2026-08-21T02:23:27.282211+09:00
Priority Sample,,,failed,False,2026-08-21T01:23:46.927027+09:00
Priority Scale,720.0,1.0,success,False,2026-08-21T01:16:44.690020+09:00
Priority Scanner,,,failed,False,2026-08-27T23:57:45.055012+09:00
Priority Scope,,,failed,False,2026-08-21T01:26:18.948182+09:00
Priority Score,170.0,1.0,success,False,2026-08-21T01:21:34.003833+09:00
Priority Sheet,70.0,6.0,success,False,2026-08-21T01:21:24.061904+09:00
Priority Signal,30.0,1.0,success,False,2026-08-21T01:26:12.180385+09:00
Priority Slip,10.0,0.0,success,False,2026-08-21T01:23:46.927027+09:00
Priority Slot,10.0,5.0,success,False,2026-08-21T01:23:46.927027+09:00
Priority Stake,,,failed,False,2026-08-23T02:55:28.144750+09:00
Priority Stamp,880.0,36.0,success,False,2026-08-23T13:28:13.588297+09:00
Priority Statement,10.0,0.0,success,False,2026-08-21T01:24:53.635479+09:00
Priority Station,,,failed,False,2026-08-21T01:16:08.180396+09:00
Priority Status,880.0,0.0,success,False,2026-08-21T01:21:51.595086+09:00
Priority Stub,,,failed,False,2026-08-21T01:24:53.635479+09:00
Priority Studio,,,failed,False,2026-08-21T01:15:55.134469+09:00
Priority Sum,20.0,3.0,success,False,2026-08-21T02:23:08.764436+09:00
Priority Summary,,,failed,False,2026-08-21T01:22:36.440068+09:00
Priority Surtax,,,failed,False,2026-08-23T15:50:30.977463+09:00
Priority Tab,30.0,0.0,success,False,2026-08-21T01:24:53.635479+09:00
Priority Table,1000.0,1.0,success,False,2026-08-21T01:23:46.927027+09:00
Priority Tag,590.0,7.0,success,False,2026-08-21T01:21:42.147576+09:00
Priority Tariff,,,failed,False,2026-08-21T02:40:14.671503+09:00
Priority Tax,1000.0,57.0,success,False,2026-08-21T02:06:44.237427+09:00
Priority Terminal,10.0,0.0,success,False,2026-08-21T01:16:13.958396+09:00
Priority Ticker,,,failed,False,2026-08-21T01:20:39.645097+09:00
Priority Ticket,880.0,3.0,success,False,2026-08-21T01:22:57.277421+09:00
Priority Tier,170.0,4.0,success,False,2026-08-28T00:48:41.501339+09:00
Priority Timeline,10.0,1.0,success,False,2026-08-21T01:22:41.888615+09:00
Priority Timer,10.0,0.0,success,False,2026-08-28T00:26:47.602211+09:00
Priority Token,20.0,0.0,success,False,2026-08-23T13:28:10.942428+09:00
Priority Toll,1300.0,2.0,success,False,2026-08-21T02:40:07.402959+09:00
Priority Toolbox,,,failed,False,2026-08-28T00:26:52.853264+09:00
Priority Tower,,,failed,False,2026-08-21T01:19:52.973842+09:00
Priority Tracker,1000.0,5.0,success,False,2026-08-21T01:25:07.930638+09:00
Priority Trail,,,failed,False,2026-08-21T01:16:58.879155+09:00
Priority Trend,10.0,0.0,success,False,2026-08-28T01:08:35.196750+09:00
Priority Trial,20.0,0.0,success,False,2026-08-27T21:15:25.200797+09:00
Priority Unit,30.0,97.0,success,False,2026-08-21T01:59:26.364386+09:00
Priority Update,20.0,0.0,success,False,2026-08-21T01:22:23.798217+09:00
Priority Value,260.0,0.0,success,False,2026-08-23T02:55:24.224280+09:00
Priority Vault,,,failed,False,2026-08-21T01:25:49.214024+09:00
Priority Version,,,failed,False,2026-08-23T03:20:46.771409+09:00
Priority View,20.0,0.0,success,False,2026-08-21T01:21:56.845957+09:00
Priority Voucher,40.0,2.0,success,False,2026-08-21T01:23:50.887102+09:00
Priority Wave,,,failed,False,2026-08-21T01:26:35.509450+09:00
Priority Widget,,,failed,False,2026-08-27T23:14:19.159911+09:00
Priority Window,170.0,13.0,success,False,2026-08-21T01:20:48.632862+09:00
Priority Yard,,,failed,False,2026-08-21T01:19:25.139986+09:00
Priority Zone,170.0,0.0,success,False,2026-08-21T01:16:25.156844+09:00
Probation Advisory,,,failed,False,2026-08-21T01:19:03.432303+09:00
Probation Alert,,,failed,False,2026-08-21T01:25:46.762620+09:00
Probation Allowance,,,failed,False,2026-08-21T02:44:07.576254+09:00
Probation Analyzer,,,failed,False,2026-08-27T23:54:23.137775+09:00
Probation Assistant,210.0,2.0,success,False,2026-08-21T01:24:06.863305+09:00
Probation Atlas,,,failed,False,2026-08-21T01:24:06.863305+09:00
Probation Attribute,,,failed,False,2026-08-23T13:06:00.621707+09:00
Probation Badge,40.0,11.0,success,False,2026-08-21T01:18:13.948377+09:00
Probation Base,,,failed,False,2026-08-21T01:21:21.287654+09:00
Probation Bay,,,failed,False,2026-08-21T01:25:05.827415+09:00
Probation Beacon,,,failed,False,2026-08-21T01:20:03.244208+09:00
Probation Bill,10.0,0.0,success,False,2026-08-21T01:17:27.975074+09:00
Probation Bin,,,failed,False,2026-08-21T01:26:04.709927+09:00
Probation Board,170.0,2.0,success,False,2026-08-21T01:21:34.003833+09:00
Probation Booth,,,failed,False,2026-08-21T01:35:17.900497+09:00
Probation Bridge,,,failed,False,2026-08-21T01:20:23.926123+09:00
Probation Brief,,,failed,False,2026-08-21T01:18:50.592866+09:00
Probation Bulletin,10.0,0.0,success,False,2026-08-21T01:18:44.582130+09:00
Probation Cabinet,,,failed,False,2026-08-27T23:11:08.284499+09:00
Probation Calculator,140.0,0.0,success,False,2026-08-27T23:33:31.795696+09:00
Probation Calendar,20.0,0.0,success,False,2026-08-21T01:24:16.660575+09:00
Probation Card,40.0,3.0,success,False,2026-08-21T01:15:25.336646+09:00
Probation Cascade,,,failed,False,2026-08-21T01:20:18.165253+09:00
Probation Cash,,,failed,False,2026-08-21T02:27:35.877276+09:00
Probation Category,,,failed,False,2026-08-23T13:05:55.726817+09:00
Probation Center,320.0,1.0,success,False,2026-08-21T01:22:01.103254+09:00
Probation Chain,,,failed,False,2026-08-21T01:22:49.559882+09:00
Probation Charge,,,failed,False,2026-08-21T02:43:59.643244+09:00
Probation Chart,20.0,0.0,success,False,2026-08-21T01:26:01.379135+09:00
Probation Check,90.0,6.0,success,False,2026-08-21T01:15:34.329365+09:00
Probation Checker,90.0,6.0,success,False,2026-08-27T23:54:12.617602+09:00
Probation Circular,10.0,0.0,success,False,2026-08-21T01:18:56.365360+09:00
Probation Code,,,failed,False,2026-08-21T01:17:36.062470+09:00
Probation Comparison,,,failed,False,2026-08-28T01:05:36.598647+09:00
Probation Compass,,,failed,False,2026-08-21T01:20:01.120246+09:00
Probation Confirmation,210.0,0.0,success,False,2026-08-21T01:19:12.546892+09:00
Probation Console,,,failed,False,2026-08-21T01:22:20.767459+09:00
Probation Core,,,failed,False,2026-08-21T01:21:27.496774+09:00
Probation Cost,70.0,0.0,success,False,2026-08-21T02:10:41.178409+09:00
Probation Count,,,failed,False,2026-08-27T22:45:05.269508+09:00
Probation Counter,,,failed,False,2026-08-21T01:24:47.056451+09:00
Probation Deal,,,failed,False,2026-08-21T01:53:35.907769+09:00
Probation Debt,,,failed,False,2026-08-21T02:27:29.296336+09:00
Probation Deck,,,failed,False,2026-08-21T01:21:39.994879+09:00
Probation Desk,,,failed,False,2026-08-21T01:19:38.759789+09:00
Probation Detail,,,failed,False,2026-08-23T03:15:22.651664+09:00
Probation Detector,,,failed,False,2026-08-27T23:54:15.015364+09:00
Probation Diagram,,,failed,False,2026-08-27T22:15:12.426690+09:00
Probation Directory,30.0,0.0,success,False,2026-08-21T01:24:25.353806+09:00
Probation Downpayment,,,failed,False,2026-08-27T21:50:26.760837+09:00
Probation Draft,,,failed,False,2026-08-21T01:16:42.417120+09:00
Probation Due,,,failed,False,2026-08-23T15:52:13.445418+09:00
Probation Duty,,,failed,False,2026-08-21T02:44:02.769477+09:00
Probation Engine,,,failed,False,2026-08-21T01:24:06.863305+09:00
Probation Entry,,,failed,False,2026-08-21T01:19:23.070915+09:00
Probation Estimate,,,failed,False,2026-08-21T01:17:14.231029+09:00
Probation Estimator,,,failed,False,2026-08-27T23:54:10.053801+09:00
Probation Extension,880.0,2.0,success,False,2026-08-23T16:39:55.880493+09:00
Probation Fare,,,failed,False,2026-08-21T02:10:49.609792+09:00
Probation Fee,590.0,0.0,success,False,2026-08-21T01:53:14.865292+09:00
Probation Feed,,,failed,False,2026-08-21T01:16:40.172400+09:00
Probation Field,,,failed,False,2026-08-23T13:06:02.918045+09:00
Probation File,10.0,0.0,success,False,2026-08-21T01:16:15.267590+09:00
Probation Fine,70.0,1.0,success,False,2026-08-23T02:58:33.536123+09:00
Probation Flow,,,failed,False,2026-08-21T01:19:32.138069+09:00
Probation Forge,,,failed,False,2026-08-21T01:20:09.112300+09:00
Probation Form,320.0,3.0,success,False,2026-08-21T01:26:47.452980+09:00
Probation Format,320.0,3.0,success,False,2026-08-23T13:06:05.538611+09:00
Probation Frame,,,failed,False,2026-08-21T01:21:16.120431+09:00
Probation Fund,,,failed,False,2026-08-21T02:27:33.001702+09:00
Probation Gate,,,failed,False,2026-08-21T01:22:59.410874+09:00
Probation Grid,,,failed,False,2026-08-21T01:20:48.632862+09:00
Probation Guarantee,,,failed,False,2026-08-28T01:05:44.373460+09:00
Probation Guardian,,,failed,False,2026-08-28T00:24:17.222604+09:00
Probation Harbor,,,failed,False,2026-08-21T01:25:39.259226+09:00
Probation Helpdesk,,,failed,False,2026-08-27T22:45:10.355251+09:00
Probation Helper,,,failed,False,2026-08-28T00:24:19.907536+09:00
Probation History,170.0,1.0,success,False,2026-08-21T01:16:10.496497+09:00
Probation Hub,10.0,0.0,success,False,2026-08-21T01:19:35.649490+09:00
Probation Identifier,,,failed,False,2026-08-23T13:05:53.628688+09:00
Probation Inbox,,,failed,False,2026-08-21T01:25:53.521014+09:00
Probation Index,,,failed,False,2026-08-21T01:17:02.274965+09:00
Probation Item,,,failed,False,2026-08-21T01:53:20.957099+09:00
Probation Journal,210.0,0.0,success,False,2026-08-21T01:24:13.003010+09:00
Probation Keeper,,,failed,False,2026-08-21T01:24:06.863305+09:00
Probation Kit,,,failed,False,2026-08-27T22:45:00.824166+09:00
Probation Lab,,,failed,False,2026-08-21T01:21:49.678224+09:00
Probation Label,,,failed,False,2026-08-27T22:14:59.305692+09:00
Probation Ledger,,,failed,False,2026-08-21T01:21:31.170741+09:00
Probation Level,,,failed,False,2026-08-21T01:16:21.248035+09:00
Probation Line,,,failed,False,2026-08-21T01:26:22.503532+09:00
Probation Link,,,failed,False,2026-08-23T03:15:14.062371+09:00
Probation List,70.0,2.0,success,False,2026-08-21T01:17:41.245351+09:00
Probation Loan,,,failed,False,2026-08-21T02:10:51.896971+09:00
Probation Lobby,,,failed,False,2026-08-21T01:26:13.869304+09:00
Probation Locator,10.0,3.0,success,False,2026-08-21T01:24:27.996006+09:00
Probation Locker,,,failed,False,2026-08-21T01:24:45.500076+09:00
Probation Log,,,failed,False,2026-08-21T01:26:44.593664+09:00
Probation Loop,,,failed,False,2026-08-21T01:20:42.577799+09:00
Probation Manager,50.0,1.0,success,False,2026-08-21T01:24:06.863305+09:00
Probation Manual,10.0,0.0,success,False,2026-08-27T22:15:03.740456+09:00
Probation Map,,,failed,False,2026-08-21T01:21:10.960024+09:00
Probation Margin,,,failed,False,2026-08-23T02:58:29.711332+09:00
Probation Marker,,,failed,False,2026-08-23T13:27:25.869179+09:00
Probation Memo,10.0,0.0,success,False,2026-08-21T01:18:29.664706+09:00
Probation Message,,,failed,False,2026-08-27T23:11:01.656662+09:00
Probation Monitor,90.0,2.0,success,False,2026-08-21T01:24:06.863305+09:00
Probation Nexus,,,failed,False,2026-08-21T01:23:03.958708+09:00
Probation Note,,,failed,False,2026-08-21T01:15:44.374236+09:00
Probation Notification,,,failed,False,2026-08-27T22:45:00.824166+09:00
Probation Number,590.0,0.0,success,False,2026-08-23T03:15:06.713636+09:00
Probation Office,33100.0,1.0,success,False,2026-08-21T01:24:44.835275+09:00
Probation Ops,,,failed,False,2026-08-21T01:24:10.673777+09:00
Probation Order,720.0,5.0,success,False,2026-08-21T01:17:22.537676+09:00
Probation Outpost,,,failed,False,2026-08-21T01:25:14.873207+09:00
Probation Overage,,,failed,False,2026-08-27T21:50:22.560575+09:00
Probation Overdue,,,failed,False,2026-08-27T21:50:17.905826+09:00
Probation Panel,,,failed,False,2026-08-21T01:22:27.198742+09:00
Probation Pass,720.0,1.0,success,False,2026-08-21T01:18:04.111706+09:00
Probation Passport,,,failed,False,2026-08-21T01:26:08.809687+09:00
Probation Path,,,failed,False,2026-08-21T01:20:58.036999+09:00
Probation Payoff,,,failed,False,2026-08-27T21:50:20.259806+09:00
Probation Penalty,30.0,0.0,success,False,2026-08-23T16:39:50.503833+09:00
Probation Petition,50.0,4.0,success,False,2026-08-21T01:19:07.466825+09:00
Probation Plan,90.0,0.0,success,False,2026-08-21T01:53:28.626980+09:00
Probation Planner,,,failed,False,2026-08-21T01:24:06.863305+09:00
Probation Playbook,,,failed,False,2026-08-21T01:24:06.274325+09:00
Probation Plaza,,,failed,False,2026-08-21T01:35:17.900497+09:00
Probation Point,,,failed,False,2026-08-21T01:21:04.299416+09:00
Probation Portal,140.0,0.0,success,False,2026-08-21T01:22:09.935224+09:00
Probation Post,,,failed,False,2026-08-21T01:25:09.973684+09:00
Probation Preview,,,failed,False,2026-08-28T01:05:40.494261+09:00
Probation Profile,,,failed,False,2026-08-21T01:15:52.922484+09:00
Probation Profit,,,failed,False,2026-08-23T02:58:24.249422+09:00
Probation Proposal,,,failed,False,2026-08-28T01:05:44.373460+09:00
Probation Quota,,,failed,False,2026-08-21T01:18:36.012476+09:00
Probation Radar,,,failed,False,2026-08-21T01:21:07.466451+09:00
Probation Rail,,,failed,False,2026-08-21T01:22:38.712146+09:00
Probation Rate,50.0,0.0,success,False,2026-08-21T01:16:26.293455+09:00
Probation Recap,,,failed,False,2026-08-21T01:19:18.289018+09:00
Probation Receipt,90.0,13.0,success,False,2026-08-21T01:17:30.839165+09:00
Probation Recorder,,,failed,False,2026-08-27T23:33:37.262266+09:00
Probation Register,10.0,0.0,success,False,2026-08-21T01:24:10.673777+09:00
Probation Registry,10.0,1.0,success,False,2026-08-21T01:24:09.474644+09:00
Probation Relay,,,failed,False,2026-08-21T01:19:51.249504+09:00
Probation Reminder,,,failed,False,2026-08-21T01:16:56.595304+09:00
Probation Report,880.0,0.0,success,False,2026-08-21T01:26:35.509450+09:00
Probation Repository,,,failed,False,2026-08-27T23:11:14.046678+09:00
Probation Result,10.0,0.0,success,False,2026-08-28T00:47:27.580109+09:00
Probation Ring,,,failed,False,2026-08-21T01:22:55.105207+09:00
Probation Roll,,,failed,False,2026-08-21T01:26:31.620928+09:00
Probation Roster,,,failed,False,2026-08-21T01:25:36.928384+09:00
Probation Route,,,failed,False,2026-08-21T01:22:33.143231+09:00
Probation Rule,1000.0,1.0,success,False,2026-08-23T03:15:19.125629+09:00
Probation Sale,,,failed,False,2026-08-21T02:27:38.390107+09:00
Probation Sample,,,failed,False,2026-08-21T01:17:54.187315+09:00
Probation Scale,,,failed,False,2026-08-21T01:22:31.268942+09:00
Probation Scanner,,,failed,False,2026-08-27T23:54:12.617602+09:00
Probation Scope,,,failed,False,2026-08-21T01:21:07.466451+09:00
Probation Score,,,failed,False,2026-08-21T01:15:38.767814+09:00
Probation Sheet,20.0,0.0,success,False,2026-08-21T01:15:30.378271+09:00
Probation Shelf,,,failed,False,2026-08-21T01:25:32.459822+09:00
Probation Shortfall,,,failed,False,2026-08-27T21:50:29.028381+09:00
Probation Signal,,,failed,False,2026-08-21T01:20:28.588615+09:00
Probation Signature,,,failed,False,2026-08-23T13:27:22.703282+09:00
Probation Slip,70.0,0.0,success,False,2026-08-21T01:17:49.809423+09:00
Probation Slot,,,failed,False,2026-08-21T01:17:57.482592+09:00
Probation Stage,,,failed,False,2026-08-28T00:47:27.580109+09:00
Probation Stake,,,failed,False,2026-08-23T02:58:29.711332+09:00
Probation Stamp,,,failed,False,2026-08-23T13:27:25.869179+09:00
Probation Statement,,,failed,False,2026-08-21T01:18:23.588658+09:00
Probation Station,140.0,1.0,success,False,2026-08-21T01:21:53.775872+09:00
Probation Status,390.0,0.0,success,False,2026-08-21T01:15:58.855612+09:00
Probation Stipend,,,failed,False,2026-08-23T13:47:11.410642+09:00
Probation Stub,,,failed,False,2026-08-21T01:18:19.084511+09:00
Probation Studio,,,failed,False,2026-08-21T01:21:44.173750+09:00
Probation Sum,,,failed,False,2026-08-21T02:27:26.146379+09:00
Probation Summary,390.0,0.0,success,False,2026-08-21T01:16:47.227660+09:00
Probation Tab,,,failed,False,2026-08-21T01:18:40.477010+09:00
Probation Table,,,failed,False,2026-08-21T01:17:43.825232+09:00
Probation Tag,260.0,0.0,success,False,2026-08-21T01:15:49.368632+09:00
Probation Tariff,,,failed,False,2026-08-21T02:44:11.415890+09:00
Probation Tax,50.0,0.0,success,False,2026-08-21T02:10:49.609792+09:00
Probation Terminal,,,failed,False,2026-08-21T01:21:58.318065+09:00
Probation Ticker,,,failed,False,2026-08-21T01:26:17.676069+09:00
Probation Ticket,,,failed,False,2026-08-21T01:23:07.832051+09:00
Probation Timeline,10.0,0.0,success,False,2026-08-21T01:16:53.151150+09:00
Probation Timer,,,failed,False,2026-08-28T00:24:14.921300+09:00
Probation Toll,,,failed,False,2026-08-21T02:44:04.894763+09:00
Probation Toolbox,,,failed,False,2026-08-28T00:24:19.907536+09:00
Probation Total,,,failed,False,2026-08-27T23:11:04.616430+09:00
Probation Tower,,,failed,False,2026-08-21T01:25:27.220112+09:00
Probation Tracker,140.0,0.0,success,False,2026-08-21T01:19:27.364478+09:00
Probation Trail,,,failed,False,2026-08-21T01:22:46.544366+09:00
Probation Trend,,,failed,False,2026-08-28T01:05:34.038010+09:00
Probation Trial,30.0,3.0,success,False,2026-08-27T21:19:26.078520+09:00
Probation Unit,10.0,0.0,success,False,2026-08-21T01:53:25.014716+09:00
Probation Update,,,failed,False,2026-08-21T01:16:32.710448+09:00
Probation Value,,,failed,False,2026-08-23T02:58:27.713523+09:00
Probation Vault,,,failed,False,2026-08-21T01:19:54.964370+09:00
Probation Version,,,failed,False,2026-08-23T03:15:10.473494+09:00
Probation View,,,failed,False,2026-08-21T01:16:05.290341+09:00
Probation Voucher,,,failed,False,2026-08-21T01:18:06.634708+09:00
Probation Watch,1300.0,1.0,success,False,2026-08-21T01:20:34.277114+09:00
Probation Wave,,,failed,False,2026-08-21T01:20:51.576504+09:00
Probation Widget,,,failed,False,2026-08-27T23:11:08.284499+09:00
Probation Window,,,failed,False,2026-08-21T01:26:25.836028+09:00
Probation Worksheet,,,failed,False,2026-08-27T22:15:06.045574+09:00
Probation Workshop,10.0,0.0,success,False,2026-08-28T00:24:14.921300+09:00
Probation Yard,,,failed,False,2026-08-21T01:25:03.878404+09:00
Probation Zone,,,failed,False,2026-08-21T01:22:07.036293+09:00
Production Advance,20.0,1.0,success,False,2026-08-23T16:16:55.140069+09:00
Production Advisory,,,failed,False,2026-08-21T01:08:27.933703+09:00
Production Allowance,20.0,0.0,success,False,2026-08-21T02:45:04.527835+09:00
Production Almanac,,,failed,False,2026-08-18T23:51:50.760411+09:00
Production Analyzer,10.0,0.0,success,False,2026-08-27T23:59:17.563745+09:00
Production Anchor,,,failed,False,2026-08-17T21:36:20.278504+09:00
Production Announcement,10.0,3.0,success,False,2026-08-27T23:36:50.925534+09:00
Production Arrears,,,failed,False,2026-08-23T16:16:55.140069+09:00
Production Asset,590.0,1.0,success,False,2026-08-23T13:48:32.031008+09:00
Production Assistant,12100.0,3.0,success,False,2026-08-17T23:05:39.217461+09:00
Production Atlas,10.0,0.0,success,False,2026-08-17T20:43:55.064759+09:00
Production Attribute,,,failed,False,2026-08-23T13:09:55.014275+09:00
Production Badge,30.0,97.0,success,False,2026-08-21T00:35:29.281212+09:00
Production Balance,20.0,0.0,success,False,2026-08-23T13:48:27.768488+09:00
Production Base,1600.0,4.0,success,False,2026-08-17T20:40:52.985789+09:00
Production Beacon,,,failed,False,2026-08-18T01:28:07.797651+09:00
Production Bill,20.0,2.0,success,False,2026-08-19T22:04:17.404214+09:00
Production Blueprint,30.0,2.0,success,False,2026-08-18T23:51:50.760411+09:00
Production Board,720.0,67.0,success,False,2026-08-17T20:38:19.209708+09:00
Production Book,880.0,16.0,success,False,2026-08-19T22:05:13.355108+09:00
Production Bridge,20.0,0.0,success,False,2026-08-17T21:37:21.496927+09:00
Production Brief,210.0,1.0,success,False,2026-08-21T01:08:18.401082+09:00
Production Bulletin,210.0,1.0,success,False,2026-08-21T01:08:12.622841+09:00
Production Calculator,210.0,5.0,success,False,2026-08-27T23:36:50.925534+09:00
Production Calendar,720.0,48.0,success,False,2026-08-19T00:03:34.698010+09:00
Production Card,170.0,4.0,success,False,2026-08-19T13:38:13.390546+09:00
Production Cascade,,,failed,False,2026-08-17T21:38:29.386806+09:00
Production Cash,,,failed,False,2026-08-21T02:30:21.260254+09:00
Production Cashback,,,failed,False,2026-08-27T21:19:36.835808+09:00
Production Category,50.0,0.0,success,False,2026-08-23T13:09:53.012547+09:00
Production Center,590.0,2.0,success,False,2026-08-17T20:32:36.001496+09:00
Production Chain,201000.0,10.0,success,False,2026-08-17T21:30:15.996537+09:00
Production Charge,30.0,0.0,success,False,2026-08-21T02:44:54.822530+09:00
Production Chart,390.0,13.0,success,False,2026-08-19T12:27:05.323167+09:00
Production Check,110.0,2.0,success,False,2026-08-19T13:38:51.605801+09:00
Production Checker,110.0,2.0,success,False,2026-08-27T23:59:07.749698+09:00
Production Circular,,,failed,False,2026-08-21T01:08:23.538465+09:00
Production Cockpit,30.0,11.0,success,False,2026-08-17T23:31:27.985495+09:00
Production Code,1900.0,0.0,success,True,2026-08-19T22:04:38.551336+09:00
Production Codex,,,failed,False,2026-08-18T23:51:50.760411+09:00
Production Companion,,,failed,False,2026-08-17T22:51:32.586910+09:00
Production Comparison,40.0,2.0,success,False,2026-08-28T01:08:47.729422+09:00
Production Compass,10.0,31.0,success,False,2026-08-18T07:52:58.974940+09:00
Production Compendium,,,failed,False,2026-08-18T23:51:50.760411+09:00
Production Confirmation,10.0,0.0,success,False,2026-08-21T01:08:34.212023+09:00
Production Console,90.0,55.0,success,False,2026-08-17T21:41:22.072079+09:00
Production Contribution,,,failed,False,2026-08-23T16:16:51.381360+09:00
Production Core,30.0,0.0,success,False,2026-08-17T20:40:08.225876+09:00
Production Cost,4400.0,2.0,success,False,2026-08-21T02:14:32.398981+09:00
Production Count,390.0,24.0,success,False,2026-08-27T22:51:29.683445+09:00
Production Counter,390.0,24.0,success,False,2026-08-19T00:04:23.577898+09:00
Production Coupon,10.0,2.0,success,False,2026-08-27T21:19:36.835808+09:00
Production Dashboard,1600.0,24.0,success,False,2026-08-17T23:09:09.172246+09:00
Production Deal,40.0,0.0,success,False,2026-08-21T01:59:29.977509+09:00
Production Debt,,,failed,False,2026-08-21T02:30:08.779542+09:00
Production Deck,140.0,32.0,success,False,2026-08-17T20:37:26.547523+09:00
Production Depot,30.0,0.0,success,False,2026-08-19T00:04:07.444762+09:00
Production Desk,320.0,100.0,success,False,2026-08-17T20:35:00.475766+09:00
Production Detail,260.0,0.0,success,False,2026-08-23T03:24:09.830834+09:00
Production Detector,,,failed,False,2026-08-27T23:59:17.563745+09:00
Production Diagram,260.0,1.0,success,False,2026-08-27T22:15:25.153546+09:00
Production Dial,,,failed,False,2026-08-17T21:37:55.576177+09:00
Production Digest,,,failed,False,2026-08-19T20:48:23.205403+09:00
Production Directory,40.0,8.0,success,False,2026-08-19T00:03:43.919454+09:00
Production Discount,,,failed,False,2026-08-23T16:16:48.615272+09:00
Production Dock,,,failed,False,2026-08-17T21:33:36.085901+09:00
Production Dossier,20.0,1.0,success,False,2026-08-21T01:08:38.226777+09:00
Production Downpayment,,,failed,False,2026-08-27T21:50:34.815891+09:00
Production Draft,1600.0,0.0,success,True,2026-08-19T20:48:35.358478+09:00
Production Due,,,failed,False,2026-08-23T15:53:03.221395+09:00
Production Duty,390.0,1.0,success,False,2026-08-21T02:44:59.003058+09:00
Production Engine,40.0,1.0,success,False,2026-08-17T23:30:19.900529+09:00
Production Entry,50.0,0.0,success,False,2026-08-21T01:08:54.756215+09:00
Production Estimate,50.0,1.0,success,False,2026-08-19T21:32:55.348476+09:00
Production Estimator,50.0,1.0,success,False,2026-08-27T23:59:07.749698+09:00
Production Excerpt,,,failed,False,2026-08-21T01:08:49.317162+09:00
Production Extension,590.0,21.0,success,False,2026-08-23T16:40:16.940020+09:00
Production Fare,,,failed,False,2026-08-21T02:14:40.877635+09:00
Production Fee,140.0,0.0,success,False,2026-08-21T01:59:17.804525+09:00
Production Feed,10.0,0.0,success,False,2026-08-19T20:48:28.899410+09:00
Production Field,90.0,1.0,success,False,2026-08-23T13:09:58.883939+09:00
Production File,210.0,0.0,success,False,2026-08-19T20:47:55.040652+09:00
Production Finder,,,failed,False,2026-08-19T00:04:01.106556+09:00
Production Fine,,,failed,False,2026-08-23T02:58:27.713523+09:00
Production Flag,50.0,100.0,success,False,2026-08-21T00:36:00.602558+09:00
Production Flow,1600.0,4.0,success,False,2026-08-17T20:37:58.727524+09:00
Production Forge,,,failed,False,2026-08-17T21:40:41.309160+09:00
Production Form,210.0,4.0,success,False,2026-08-19T13:37:53.958127+09:00
Production Frame,,,failed,False,2026-08-17T20:41:46.079279+09:00
Production Fund,50.0,6.0,success,False,2026-08-21T02:30:12.359355+09:00
Production Gate,170.0,1.0,success,False,2026-08-17T20:45:42.370254+09:00
Production Giveaway,,,failed,False,2026-08-27T21:19:43.592379+09:00
Production Grade,,,failed,False,2026-08-21T00:35:43.096296+09:00
Production Graph,210.0,1.0,success,False,2026-08-27T22:15:12.426690+09:00
Production Grid,40.0,1.0,success,False,2026-08-17T21:30:50.388708+09:00
Production Guarantee,70.0,2.0,success,False,2026-08-28T01:08:52.515259+09:00
Production Guard,,,failed,False,2026-08-17T20:40:32.567080+09:00
Production Guardian,,,failed,False,2026-08-28T00:27:31.291174+09:00
Production Guidebook,,,failed,False,2026-08-18T23:51:50.760411+09:00
Production Helpdesk,,,failed,False,2026-08-27T22:51:29.683445+09:00
Production Helper,1600.0,1.0,success,False,2026-08-28T00:27:35.071119+09:00
Production History,170.0,0.0,success,False,2026-08-19T20:47:51.523685+09:00
Production Hub,6600.0,12.0,success,False,2026-08-17T20:36:59.320935+09:00
Production Identifier,10.0,0.0,success,False,2026-08-23T13:09:46.403136+09:00
Production Incentive,210.0,2.0,success,False,2026-08-27T21:19:40.666664+09:00
Production Index,880.0,1.0,success,False,2026-08-19T21:32:52.200900+09:00
Production Insight,,,failed,False,2026-08-17T23:31:10.385394+09:00
Production Installment,,,failed,False,2026-08-23T16:16:48.615272+09:00
Production Item,90.0,1.0,success,False,2026-08-21T01:59:21.644967+09:00
Production Journal,320.0,51.0,success,False,2026-08-18T22:12:13.672404+09:00
Production Keeper,,,failed,False,2026-08-17T20:42:06.946542+09:00
Production Kit,140.0,26.0,success,False,2026-08-27T22:51:22.989955+09:00
Production Lab,390.0,1.0,success,False,2026-08-17T20:35:32.317442+09:00
Production Label,720.0,28.0,success,False,2026-08-27T22:15:12.426690+09:00
Production Ledger,20.0,0.0,success,False,2026-08-17T20:39:15.324728+09:00
Production Lens,90.0,0.0,success,False,2026-08-17T20:42:29.560038+09:00
Production Level,880.0,1.0,success,False,2026-08-19T20:48:02.759483+09:00
Production Levy,,,failed,False,2026-08-23T13:48:32.031008+09:00
Production Line,9900.0,3.0,success,False,2026-08-19T12:27:18.963883+09:00
Production Link,90.0,0.0,success,False,2026-08-23T03:24:01.511685+09:00
Production List,1900.0,2.0,success,False,2026-08-19T22:04:49.676934+09:00
Production Loan,50.0,14.0,success,False,2026-08-21T02:14:50.093035+09:00
Production Locator,,,failed,False,2026-08-19T00:03:50.601023+09:00
Production Lock,10.0,0.0,success,False,2026-08-17T20:44:17.126543+09:00
Production Log,880.0,2.0,success,False,2026-08-19T13:37:44.092675+09:00
Production Loop,70.0,23.0,success,False,2026-08-17T21:31:59.895065+09:00
Production Manager,90500.0,12.0,success,False,2026-08-17T20:41:16.510977+09:00
Production Manual,140.0,0.0,success,False,2026-08-27T22:15:17.446247+09:00
Production Map,210.0,1.0,success,False,2026-08-17T20:43:25.230587+09:00
Production Markup,,,failed,False,2026-08-23T16:40:13.658560+09:00
Production Memo,20.0,0.0,success,False,2026-08-21T00:35:49.197244+09:00
Production Message,,,failed,False,2026-08-27T23:16:30.238245+09:00
Production Meter,140.0,22.0,success,False,2026-08-17T21:36:47.272145+09:00
Production Metrics,170.0,11.0,success,False,2026-08-17T23:14:22.352504+09:00
Production Monitor,720.0,93.0,success,False,2026-08-17T23:07:30.676472+09:00
Production Navigator,,,failed,False,2026-08-17T23:31:45.267981+09:00
Production Nexus,,,failed,False,2026-08-17T20:44:37.629482+09:00
Production Node,40.0,3.0,success,False,2026-08-17T20:46:42.242736+09:00
Production Note,90.0,0.0,success,False,2026-08-19T13:39:22.411617+09:00
Production Notification,,,failed,False,2026-08-27T22:51:22.989955+09:00
Production Number,1600.0,0.0,success,True,2026-08-23T03:23:54.422715+09:00
Production Office,1000.0,2.0,success,False,2026-08-19T00:04:18.277485+09:00
Production Ops,1000.0,2.0,success,False,2026-08-17T23:10:49.091693+09:00
Production Order,1600.0,1.0,success,False,2026-08-19T22:04:07.178529+09:00
Production Organizer,20.0,10.0,success,False,2026-08-17T23:30:49.193189+09:00
Production Overage,,,failed,False,2026-08-27T21:50:34.815891+09:00
Production Overdue,,,failed,False,2026-08-27T21:50:29.028381+09:00
Production Panel,30.0,3.0,success,False,2026-08-17T21:39:19.495692+09:00
Production Pass,50.0,0.0,success,False,2026-08-21T00:35:23.760596+09:00
Production Path,50.0,6.0,success,False,2026-08-17T20:46:03.469899+09:00
Production Payoff,,,failed,False,2026-08-27T21:50:32.673191+09:00
Production Penalty,,,failed,False,2026-08-23T16:40:13.658560+09:00
Production Petition,,,failed,False,2026-08-21T01:08:31.890939+09:00
Production Pilot,30.0,0.0,success,False,2026-08-17T20:36:00.761105+09:00
Production Plan,12100.0,12.0,success,False,2026-08-21T01:59:26.364386+09:00
Production Planner,3600.0,10.0,success,False,2026-08-17T23:30:33.375533+09:00
Production Playbook,20.0,5.0,success,False,2026-08-18T22:12:06.505434+09:00
Production Point,390.0,2.0,success,False,2026-08-17T20:45:16.547101+09:00
Production Portal,260.0,1.0,success,False,2026-08-18T07:52:13.300527+09:00
Production Preview,,,failed,False,2026-08-28T01:08:52.515259+09:00
Production Profile,70.0,1.0,success,False,2026-08-19T13:39:49.486851+09:00
Production Profit,30.0,0.0,success,False,2026-08-23T02:58:14.811642+09:00
Production Proposal,90.0,3.0,success,False,2026-08-28T01:08:52.515259+09:00
Production Pulse,30.0,0.0,success,False,2026-08-17T20:48:34.410191+09:00
Production Quota,480.0,0.0,success,False,2026-08-21T00:35:54.809657+09:00
Production Radar,,,failed,False,2026-08-17T20:34:09.472739+09:00
Production Rail,,,failed,False,2026-08-17T21:32:36.544768+09:00
Production Rate,880.0,0.0,success,False,2026-08-19T20:48:09.734804+09:00
Production Recap,,,failed,False,2026-08-21T01:08:42.694211+09:00
Production Receipt,30.0,29.0,success,False,2026-08-19T22:04:26.155627+09:00
Production Recorder,10.0,46.0,success,False,2026-08-27T23:36:57.640483+09:00
Production Register,110.0,1.0,success,False,2026-08-17T23:32:02.596672+09:00
Production Registry,,,failed,False,2026-08-18T23:51:50.760411+09:00
Production Relay,30.0,61.0,success,False,2026-08-17T20:33:09.747000+09:00
Production Reminder,,,failed,False,2026-08-19T21:32:49.180215+09:00
Production Report,1600.0,3.0,success,False,2026-08-19T13:37:36.286521+09:00
Production Repository,,,failed,False,2026-08-27T23:16:37.182537+09:00
Production Result,40.0,0.0,success,False,2026-08-28T00:49:02.800291+09:00
Production Roadmap,12100.0,18.0,success,False,2026-08-18T23:51:50.760411+09:00
Production Roster,10.0,7.0,success,False,2026-08-19T00:38:38.551550+09:00
Production Route,30.0,2.0,success,False,2026-08-17T21:34:39.149688+09:00
Production Rule,720.0,0.0,success,False,2026-08-23T03:24:05.243173+09:00
Production Sale,590.0,4.0,success,False,2026-08-21T02:30:24.474717+09:00
Production Sample,170.0,8.0,success,False,2026-08-19T22:05:35.780904+09:00
Production Scale,1900.0,99.0,success,False,2026-08-17T21:35:44.584576+09:00
Production Scanner,390.0,89.0,success,False,2026-08-27T23:59:12.622196+09:00
Production Scheduler,2400.0,25.0,success,False,2026-08-17T23:12:41.358995+09:00
Production Schematic,,,failed,False,2026-08-27T22:29:30.000621+09:00
Production Scope,30.0,0.0,success,False,2026-08-17T21:33:08.992358+09:00
Production Score,480.0,0.0,success,False,2026-08-19T13:39:01.193066+09:00
Production Sentry,,,failed,False,2026-08-17T20:42:54.961047+09:00
Production Sheet,880.0,8.0,success,False,2026-08-19T13:38:30.096101+09:00
Production Shortfall,20.0,1.0,success,False,2026-08-27T21:50:37.116413+09:00
Production Signal,,,failed,False,2026-08-17T21:35:14.152571+09:00
Production Slip,40.0,0.0,success,False,2026-08-19T22:05:25.560581+09:00
Production Slot,70.0,0.0,success,False,2026-08-19T22:05:43.764657+09:00
Production Snapshot,,,failed,False,2026-08-18T22:12:19.566532+09:00
Production Stage,1000.0,0.0,success,True,2026-08-28T00:48:57.800361+09:00
Production Stake,,,failed,False,2026-08-23T02:58:22.138968+09:00
Production Statement,50.0,2.0,success,False,2026-08-21T00:35:34.561312+09:00
Production Station,260.0,6.0,success,False,2026-08-17T20:34:34.179062+09:00
Production Status,260.0,0.0,success,False,2026-08-19T20:47:36.057637+09:00
Production Streak,,,failed,False,2026-08-28T00:49:02.800291+09:00
Production Studio,2900.0,12.0,success,False,2026-08-17T20:36:26.800121+09:00
Production Subsidy,590.0,0.0,success,False,2026-08-23T15:53:03.221395+09:00
Production Suite,110.0,5.0,success,False,2026-08-17T23:11:08.683373+09:00
Production Sum,,,failed,False,2026-08-21T02:30:05.549953+09:00
Production Summary,110.0,0.0,success,False,2026-08-19T21:32:42.554846+09:00
Production Sync,10.0,2.0,success,False,2026-08-17T20:38:46.053243+09:00
Production Tab,,,failed,False,2026-08-21T00:36:05.920603+09:00
Production Table,1000.0,76.0,success,False,2026-08-19T22:05:01.387918+09:00
Production Tag,140.0,36.0,success,False,2026-08-19T13:39:34.156572+09:00
Production Tally,,,failed,False,2026-08-21T00:35:39.216644+09:00
Production Tariff,,,failed,False,2026-08-21T02:45:09.656384+09:00
Production Tax,320.0,0.0,success,False,2026-08-21T02:14:45.406179+09:00
Production Ticket,170.0,3.0,success,False,2026-08-19T21:32:52.200900+09:00
Production Timeline,880.0,3.0,success,False,2026-08-19T21:32:47.158972+09:00
Production Timer,720.0,22.0,success,False,2026-08-28T00:27:27.697084+09:00
Production Toll,,,failed,False,2026-08-21T02:45:01.493449+09:00
Production Toolbox,10.0,0.0,success,False,2026-08-28T00:27:35.071119+09:00
Production Toolkit,10.0,2.0,success,False,2026-08-18T22:11:56.316205+09:00
Production Total,30.0,0.0,success,False,2026-08-27T23:16:34.240680+09:00
Production Tracker,880.0,31.0,success,False,2026-08-17T20:39:41.640400+09:00
Production Trail,,,failed,False,2026-08-17T21:31:28.023870+09:00
Production Trend,90.0,2.0,success,False,2026-08-28T01:08:47.729422+09:00
Production Trial,260.0,0.0,success,False,2026-08-27T21:19:40.666664+09:00
Production Unit,1300.0,1.0,success,False,2026-08-21T01:59:23.833736+09:00
Production Update,90.0,0.0,success,False,2026-08-19T20:48:17.948513+09:00
Production Value,1600.0,0.0,success,True,2026-08-23T02:58:18.393651+09:00
Production Vault,170.0,0.0,success,False,2026-08-17T20:31:59.985806+09:00
Production Version,210.0,0.0,success,False,2026-08-23T03:23:58.190781+09:00
Production View,40.0,17.0,success,False,2026-08-19T20:47:43.737608+09:00
Production Watch,90.0,5.0,success,False,2026-08-17T21:34:09.721109+09:00
Production Wave,,,failed,False,2026-08-17T20:47:16.621554+09:00
Production Widget,,,failed,False,2026-08-27T23:16:34.240680+09:00
Production Workbench,70.0,96.0,success,False,2026-08-18T22:11:47.554399+09:00
Production Worksheet,70.0,1.0,success,False,2026-08-27T22:15:19.748218+09:00
Production Workshop,210.0,5.0,success,False,2026-08-28T00:27:27.697084+09:00
Production Zone,90.0,0.0,success,False,2026-08-18T07:52:01.229242+09:00
Program Advance,170.0,0.0,success,False,2026-08-23T16:14:05.017306+09:00
Program Advisory,20.0,0.0,success,False,2026-08-21T01:03:56.741736+09:00
Program Allowance,,,failed,False,2026-08-21T02:44:59.003058+09:00
Program Almanac,,,failed,False,2026-08-18T23:51:50.760411+09:00
Program Analyzer,720.0,3.0,success,False,2026-08-27T23:58:18.988715+09:00
Program Anchor,480.0,0.0,success,False,2026-08-17T23:13:01.440927+09:00
Program Announcement,140.0,0.0,success,False,2026-08-27T23:36:01.279667+09:00
Program Arrears,,,failed,False,2026-08-23T16:14:01.846183+09:00
Program Asset,260.0,3.0,success,False,2026-08-23T13:46:30.859150+09:00
Program Assistant,2400.0,2.0,success,False,2026-08-17T23:13:41.173741+09:00
Program Atlas,1300.0,1.0,success,False,2026-08-17T23:04:46.904606+09:00
Program Badge,70.0,0.0,success,False,2026-08-21T00:29:10.279905+09:00
Program Balance,30.0,0.0,success,False,2026-08-23T13:46:27.908972+09:00
Program Base,880.0,0.0,success,False,2026-08-17T23:12:38.430162+09:00
Program Beacon,10.0,0.0,success,False,2026-08-17T23:11:23.614440+09:00
Program Bill,30.0,14.0,success,False,2026-08-19T22:07:10.998735+09:00
Program Blueprint,720.0,14.0,success,False,2026-08-18T23:51:50.760411+09:00
Program Board,720.0,14.0,success,False,2026-08-17T23:33:09.699963+09:00
Program Book,1900.0,23.0,success,False,2026-08-19T21:46:11.490049+09:00
Program Bridge,110.0,2.0,success,False,2026-08-17T23:30:43.619577+09:00
Program Brief,140.0,1.0,success,False,2026-08-21T01:03:45.407835+09:00
Program Bulletin,50.0,7.0,success,False,2026-08-21T01:03:40.572054+09:00
Program Calendar,390.0,10.0,success,False,2026-08-18T23:59:17.064429+09:00
Program Card,1900.0,8.0,success,False,2026-08-19T13:24:49.306222+09:00
Program Cascade,90.0,0.0,success,False,2026-08-17T23:05:57.160852+09:00
Program Cash,10.0,1.0,success,False,2026-08-21T02:29:07.517005+09:00
Program Cashback,390.0,20.0,success,False,2026-08-27T21:16:49.739310+09:00
Program Center,140.0,2.0,success,False,2026-08-17T23:23:36.709980+09:00
Program Chain,10.0,0.0,success,False,2026-08-17T23:25:50.019139+09:00
Program Charge,40.0,1.0,success,False,2026-08-21T02:44:44.036553+09:00
Program Check,320.0,13.0,success,False,2026-08-19T13:25:04.340704+09:00
Program Checker,320.0,13.0,success,False,2026-08-27T23:58:08.716476+09:00
Program Circular,,,failed,False,2026-08-21T01:03:51.285961+09:00
Program Cockpit,,,failed,False,2026-08-17T23:28:01.386512+09:00
Program Code,18100.0,18.0,success,False,2026-08-19T22:07:32.899948+09:00
Program Codex,10.0,0.0,success,False,2026-08-18T23:51:50.760411+09:00
Program Companion,,,failed,False,2026-08-17T23:11:40.322748+09:00
Program Comparison,30.0,0.0,success,False,2026-08-28T01:08:42.554310+09:00
Program Compass,70.0,1.0,success,False,2026-08-17T23:30:14.406427+09:00
Program Compendium,,,failed,False,2026-08-18T23:51:50.760411+09:00
Program Confirmation,,,failed,False,2026-08-21T01:04:04.572867+09:00
Program Console,390.0,5.0,success,False,2026-08-17T23:05:09.501218+09:00
Program Contribution,,,failed,False,2026-08-23T16:14:01.846183+09:00
Program Copayment,,,failed,False,2026-08-23T16:38:50.541482+09:00
Program Core,40.0,0.0,success,False,2026-08-17T23:32:58.780092+09:00
Program Cost,720.0,1.0,success,False,2026-08-21T02:12:35.738319+09:00
Program Count,110.0,0.0,success,False,2026-08-27T22:49:29.573658+09:00
Program Counter,2740000.0,90.0,success,False,2026-08-19T00:00:12.518097+09:00
Program Coupon,90.0,5.0,success,False,2026-08-27T21:16:45.829850+09:00
Program Dashboard,320.0,21.0,success,False,2026-08-17T23:04:25.350258+09:00
Program Deal,10.0,0.0,success,False,2026-08-21T01:56:42.470423+09:00
Program Debt,30.0,6.0,success,False,2026-08-21T02:28:57.894422+09:00
Program Deck,90.0,3.0,success,False,2026-08-17T23:14:19.543456+09:00
Program Depot,140.0,3.0,success,False,2026-08-18T23:59:53.624295+09:00
Program Desk,260.0,88.0,success,False,2026-08-17T23:29:43.400125+09:00
Program Detail,720.0,1.0,success,False,2026-08-23T03:15:19.125629+09:00
Program Detector,10.0,0.0,success,False,2026-08-27T23:58:18.988715+09:00
Program Diagram,1600.0,3.0,success,False,2026-08-27T22:11:47.365503+09:00
Program Dial,10.0,0.0,success,False,2026-08-17T23:12:18.901964+09:00
Program Digest,,,failed,False,2026-08-19T20:44:53.798353+09:00
Program Directory,210.0,2.0,success,False,2026-08-18T23:59:24.120788+09:00
Program Discount,720.0,17.0,success,False,2026-08-23T16:13:55.875301+09:00
Program Dock,10.0,0.0,success,False,2026-08-17T23:13:59.220189+09:00
Program Dossier,,,failed,False,2026-08-21T01:04:11.301899+09:00
Program Downpayment,,,failed,False,2026-08-27T21:47:53.828940+09:00
Program Draft,260.0,2.0,success,False,2026-08-19T20:45:12.440392+09:00
Program Due,,,failed,False,2026-08-23T15:51:31.238085+09:00
Program Duty,,,failed,False,2026-08-21T02:44:49.670355+09:00
Program Endowment,,,failed,False,2026-08-23T15:51:36.784233+09:00
Program Engine,70.0,6.0,success,False,2026-08-17T23:27:03.515384+09:00
Program Entry,20.0,0.0,success,False,2026-08-21T01:04:28.874460+09:00
Program Estimate,20.0,3.0,success,False,2026-08-19T21:30:59.491804+09:00
Program Estimator,10.0,,success,False,2026-08-27T23:58:08.716476+09:00
Program Excerpt,,,failed,False,2026-08-21T01:04:22.356565+09:00
Program Fare,480.0,0.0,success,False,2026-08-21T02:12:43.354957+09:00
Program Fee,590.0,1.0,success,False,2026-08-21T01:56:21.292165+09:00
Program Feed,5400.0,0.0,success,True,2026-08-19T20:45:06.240403+09:00
Program File,4400.0,0.0,success,True,2026-08-19T20:44:23.661281+09:00
Program Finder,590.0,9.0,success,False,2026-08-18T23:59:44.805528+09:00
Program Fine,10.0,7.0,success,False,2026-08-23T02:58:49.315026+09:00
Program Flag,1000.0,69.0,success,False,2026-08-21T00:30:01.129618+09:00
Program Flow,5400.0,0.0,success,True,2026-08-17T23:08:04.686791+09:00
Program Forge,,,failed,False,2026-08-17T23:30:28.172183+09:00
Program Form,320.0,0.0,success,False,2026-08-19T13:24:25.669672+09:00
Program Format,480.0,3.0,success,False,2026-08-23T13:05:36.623967+09:00
Program Frame,140.0,74.0,success,False,2026-08-17T23:32:45.524936+09:00
Program Fund,260.0,15.0,success,False,2026-08-21T02:29:01.889757+09:00
Program Gate,70.0,0.0,success,False,2026-08-17T23:10:24.973922+09:00
Program Generator,480.0,20.0,success,False,2026-08-27T23:36:10.117910+09:00
Program Giveaway,320.0,5.0,success,False,2026-08-27T21:16:57.719069+09:00
Program Grade,,,failed,False,2026-08-21T00:29:39.530878+09:00
Program Graph,140.0,1.0,success,False,2026-08-27T22:11:31.963952+09:00
Program Grid,70.0,0.0,success,False,2026-08-17T23:31:38.790135+09:00
Program Guarantee,,,failed,False,2026-08-28T01:08:47.729422+09:00
Program Guard,10.0,0.0,success,False,2026-08-17T23:28:52.290735+09:00
Program Guidebook,,,failed,False,2026-08-18T23:51:50.760411+09:00
Program Helper,320.0,40.0,success,False,2026-08-28T00:27:06.057605+09:00
Program History,6600.0,1.0,success,False,2026-08-19T20:44:12.620754+09:00
Program Hub,320.0,3.0,success,False,2026-08-17T23:29:29.429883+09:00
Program Identifier,720.0,2.0,success,False,2026-08-23T13:05:30.348326+09:00
Program Incentive,33100.0,13.0,success,False,2026-08-27T21:16:53.377302+09:00
Program Index,390.0,0.0,success,False,2026-08-19T21:30:42.715680+09:00
Program Insight,20.0,0.0,success,False,2026-08-17T23:27:47.140187+09:00
Program Installment,,,failed,False,2026-08-23T16:13:58.601282+09:00
Program Interest,30.0,0.0,success,False,2026-08-23T13:46:30.859150+09:00
Program Item,40.0,0.0,success,False,2026-08-21T01:56:25.732902+09:00
Program Journal,30.0,2.0,success,False,2026-08-18T23:51:50.760411+09:00
Program Keeper,10.0,7.0,success,False,2026-08-17T23:11:59.928630+09:00
Program Kit,170.0,65.0,success,False,2026-08-27T22:49:26.070118+09:00
Program Lab,480.0,1.0,success,False,2026-08-17T23:09:05.527725+09:00
Program Label,260.0,37.0,success,False,2026-08-27T22:11:36.968554+09:00
Program Ledger,,,failed,False,2026-08-17T23:07:23.914294+09:00
Program Lens,210.0,0.0,success,False,2026-08-17T23:05:32.537259+09:00
Program Level,390.0,0.0,success,False,2026-08-19T20:44:29.865338+09:00
Program Levy,,,failed,False,2026-08-23T13:46:32.970542+09:00
Program Link,320.0,2.0,success,False,2026-08-23T03:15:06.713636+09:00
Program List,2400.0,1.0,success,False,2026-08-19T22:07:52.466558+09:00
Program Loan,880.0,40.0,success,False,2026-08-21T02:12:49.636286+09:00
Program Locator,110.0,1.0,success,False,2026-08-18T23:59:34.906916+09:00
Program Lock,110.0,11.0,success,False,2026-08-17T23:11:03.494377+09:00
Program Log,110.0,1.0,success,False,2026-08-19T13:24:14.979285+09:00
Program Loop,2900.0,1.0,success,False,2026-08-17T23:14:41.375835+09:00
Program Manager,27100.0,7.0,success,False,2026-08-17T23:26:46.063928+09:00
Program Manual,720.0,0.0,success,False,2026-08-27T22:11:36.968554+09:00
Program Map,880.0,1.0,success,False,2026-08-17T23:32:31.687734+09:00
Program Margin,10.0,6.0,success,False,2026-08-23T02:58:45.466254+09:00
Program Markup,,,failed,False,2026-08-23T16:38:50.541482+09:00
Program Memo,140.0,1.0,success,False,2026-08-21T00:29:45.511428+09:00
Program Message,70.0,0.0,success,False,2026-08-27T23:15:04.402308+09:00
Program Meter,140.0,20.0,success,False,2026-08-17T23:24:32.888927+09:00
Program Metrics,70.0,4.0,success,False,2026-08-17T23:10:06.483021+09:00
Program Monitor,1300.0,97.0,success,False,2026-08-17T23:15:12.775041+09:00
Program Navigator,70.0,10.0,success,False,2026-08-17T23:28:11.546877+09:00
Program Nexus,320.0,1.0,success,False,2026-08-17T23:26:18.163850+09:00
Program Node,140.0,5.0,success,False,2026-08-17T23:26:04.596222+09:00
Program Note,2400.0,1.0,success,False,2026-08-19T13:25:47.267780+09:00
Program Notification,30.0,4.0,success,False,2026-08-27T22:49:26.070118+09:00
Program Number,320.0,3.0,success,False,2026-08-23T03:14:59.429482+09:00
Program Office,1300.0,96.0,success,False,2026-08-19T00:00:05.096380+09:00
Program Ops,30.0,0.0,success,False,2026-08-17T23:06:20.939022+09:00
Program Order,110.0,0.0,success,False,2026-08-19T22:06:59.596356+09:00
Program Organizer,320.0,4.0,success,False,2026-08-17T23:27:32.625137+09:00
Program Outline,1000.0,3.0,success,False,2026-08-27T22:28:56.801982+09:00
Program Overage,,,failed,False,2026-08-27T21:47:50.200871+09:00
Program Overdraft,,,failed,False,2026-08-23T15:51:33.860172+09:00
Program Overdue,,,failed,False,2026-08-27T21:47:47.331734+09:00
Program Panel,70.0,1.0,success,False,2026-08-17T23:24:12.955458+09:00
Program Pass,390.0,14.0,success,False,2026-08-21T00:28:56.685784+09:00
Program Path,210.0,3.0,success,False,2026-08-17T23:03:48.755656+09:00
Program Payoff,,,failed,False,2026-08-27T21:47:50.200871+09:00
Program Penalty,,,failed,False,2026-08-23T16:38:47.783567+09:00
Program Petition,,,failed,False,2026-08-21T01:04:00.035751+09:00
Program Pilot,8100.0,20.0,success,False,2026-08-17T23:14:57.452489+09:00
Program Plan,1900.0,9.0,success,False,2026-08-21T01:56:38.086153+09:00
Program Planner,1900.0,9.0,success,False,2026-08-17T23:27:17.370245+09:00
Program Playbook,20.0,19.0,success,False,2026-08-18T23:51:50.760411+09:00
Program Point,590.0,7.0,success,False,2026-08-17T23:32:18.106895+09:00
Program Portal,170.0,0.0,success,False,2026-08-17T23:23:55.589084+09:00
Program Preview,110.0,0.0,success,False,2026-08-28T01:08:42.554310+09:00
Program Profile,140.0,1.0,success,False,2026-08-19T13:26:07.690748+09:00
Program Profit,140.0,8.0,success,False,2026-08-23T02:58:39.272586+09:00
Program Proposal,720.0,2.0,success,False,2026-08-28T01:08:47.729422+09:00
Program Pulse,50.0,1.0,success,False,2026-08-17T23:09:27.800960+09:00
Program Quota,,,failed,False,2026-08-21T00:29:53.018137+09:00
Program Radar,210.0,0.0,success,False,2026-08-17T23:09:50.041087+09:00
Program Rail,,,failed,False,2026-08-17T23:25:26.285868+09:00
Program Rank,140.0,0.0,success,False,2026-08-28T00:48:49.804197+09:00
Program Rate,140.0,1.0,success,False,2026-08-19T20:44:39.695908+09:00
Program Recap,10.0,0.0,success,False,2026-08-21T01:04:15.866621+09:00
Program Receipt,,,failed,False,2026-08-19T22:07:21.096531+09:00
Program Recorder,90.0,30.0,success,False,2026-08-27T23:36:10.117910+09:00
Program Redemption,10.0,0.0,success,False,2026-08-23T16:38:53.252652+09:00
Program Register,590.0,1.0,success,False,2026-08-17T23:28:34.893276+09:00
Program Registry,590.0,1.0,success,False,2026-08-18T23:51:50.760411+09:00
Program Relay,210.0,7.0,success,False,2026-08-17T23:30:01.630713+09:00
Program Reminder,40.0,3.0,success,False,2026-08-19T21:30:35.144264+09:00
Program Report,1000.0,0.0,success,True,2026-08-19T13:23:50.629735+09:00
Program Repository,90.0,1.0,success,False,2026-08-27T23:15:10.643747+09:00
Program Result,110.0,0.0,success,False,2026-08-28T00:48:45.489712+09:00
Program Roadmap,480.0,12.0,success,False,2026-08-18T23:51:50.760411+09:00
Program Roster,50.0,2.0,success,False,2026-08-19T00:37:04.451901+09:00
Program Route,10.0,8.0,success,False,2026-08-17T23:24:56.223636+09:00
Program Rule,320.0,1.0,success,False,2026-08-23T03:15:14.062371+09:00
Program Sale,70.0,29.0,success,False,2026-08-21T02:29:11.262958+09:00
Program Sample,3600.0,3.0,success,False,2026-08-19T21:46:33.632095+09:00
Program Scale,50.0,1.0,success,False,2026-08-17T23:06:59.361333+09:00
Program Scanner,720.0,15.0,success,False,2026-08-27T23:58:14.186756+09:00
Program Scheduler,2900.0,1.0,success,False,2026-08-17T23:08:23.954708+09:00
Program Scope,880.0,0.0,success,False,2026-08-17T23:31:23.198788+09:00
Program Score,50.0,1.0,success,False,2026-08-19T13:25:14.797860+09:00
Program Sentry,170.0,9.0,success,False,2026-08-17T23:26:31.743192+09:00
Program Sheet,590.0,0.0,success,False,2026-08-19T13:24:56.019665+09:00
Program Shortfall,,,failed,False,2026-08-27T21:47:56.115586+09:00
Program Signal,320.0,1.0,success,False,2026-08-17T23:31:05.763784+09:00
Program Signature,480.0,14.0,success,False,2026-08-23T13:27:05.347974+09:00
Program Slip,140.0,2.0,success,False,2026-08-19T21:46:23.560668+09:00
Program Slot,110.0,0.0,success,False,2026-08-19T21:46:45.064278+09:00
Program Snapshot,320.0,4.0,success,False,2026-08-18T23:51:50.760411+09:00
Program Stage,320.0,0.0,success,False,2026-08-28T00:48:45.489712+09:00
Program Stake,,,failed,False,2026-08-23T02:58:43.358109+09:00
Program Statement,880.0,0.0,success,False,2026-08-21T00:29:24.926650+09:00
Program Station,50.0,0.0,success,False,2026-08-17T23:33:38.106132+09:00
Program Status,260.0,0.0,success,False,2026-08-19T20:44:00.282785+09:00
Program Stipend,10.0,5.0,success,False,2026-08-23T13:46:35.892255+09:00
Program Streak,,,failed,False,2026-08-28T00:48:45.489712+09:00
Program Stub,1300.0,0.0,success,True,2026-08-21T00:29:18.901587+09:00
Program Studio,880.0,36.0,success,False,2026-08-17T23:33:20.357749+09:00
Program Subsidy,,,failed,False,2026-08-23T15:51:36.784233+09:00
Program Suite,70.0,7.0,success,False,2026-08-17T23:06:37.704524+09:00
Program Sum,140.0,6.0,success,False,2026-08-21T02:28:57.894422+09:00
Program Summary,210.0,1.0,success,False,2026-08-19T21:30:20.208348+09:00
Program Sync,30.0,4.0,success,False,2026-08-17T23:29:07.663083+09:00
Program Tab,320.0,0.0,success,False,2026-08-21T00:30:05.948049+09:00
Program Table,320.0,4.0,success,False,2026-08-19T21:45:58.620929+09:00
Program Tag,140.0,2.0,success,False,2026-08-19T13:25:55.543115+09:00
Program Tally,260.0,13.0,success,False,2026-08-21T00:29:30.583044+09:00
Program Tariff,,,failed,False,2026-08-21T02:45:01.493449+09:00
Program Tax,2400.0,50.0,success,False,2026-08-21T02:12:49.636286+09:00
Program Ticket,210.0,17.0,success,False,2026-08-19T21:30:51.810974+09:00
Program Tier,,,failed,False,2026-08-28T00:48:49.804197+09:00
Program Timeline,320.0,10.0,success,False,2026-08-19T21:30:28.519556+09:00
Program Timer,720.0,33.0,success,False,2026-08-28T00:27:00.787784+09:00
Program Toll,,,failed,False,2026-08-21T02:44:54.822530+09:00
Program Toolbox,10.0,0.0,success,False,2026-08-28T00:27:03.530965+09:00
Program Toolkit,140.0,0.0,success,False,2026-08-18T23:51:52.563144+09:00
Program Total,20.0,0.0,success,False,2026-08-27T23:15:04.402308+09:00
Program Tracker,590.0,11.0,success,False,2026-08-17T23:13:20.544847+09:00
Program Trail,210.0,25.0,success,False,2026-08-17T23:08:44.294677+09:00
Program Trend,210.0,3.0,success,False,2026-08-28T01:08:39.859150+09:00
Program Trial,20.0,0.0,success,False,2026-08-27T21:16:49.739310+09:00
Program Unit,90.0,0.0,success,False,2026-08-21T01:56:34.859851+09:00
Program Update,390.0,3.0,success,False,2026-08-19T20:44:48.132741+09:00
Program Value,50.0,0.0,success,False,2026-08-23T02:58:43.358109+09:00
Program Vault,110.0,2.0,success,False,2026-08-17T23:04:07.422993+09:00
Program Version,5400.0,3.0,success,False,2026-08-23T03:15:03.447052+09:00
Program View,110.0,1.0,success,False,2026-08-19T20:44:05.928260+09:00
Program Voucher,1000.0,6.0,success,False,2026-08-21T00:29:05.314041+09:00
Program Watch,50.0,3.0,success,False,2026-08-17T23:07:43.866571+09:00
Program Wave,50.0,7.0,success,False,2026-08-17T23:31:54.862824+09:00
Program Widget,50.0,0.0,success,False,2026-08-27T23:15:07.984003+09:00
Program Workbench,10.0,18.0,success,False,2026-08-18T23:51:52.563144+09:00
Program Worksheet,140.0,0.0,success,False,2026-08-27T22:11:39.650369+09:00
Program Workshop,590.0,4.0,success,False,2026-08-28T00:27:00.787784+09:00
Program Zone,50.0,0.0,success,False,2026-08-17T23:10:43.579186+09:00
Promotion Advance,,,failed,False,2026-08-23T16:17:06.545040+09:00
Promotion Advisory,,,failed,False,2026-08-21T01:21:51.595086+09:00
Promotion Alert,90.0,0.0,success,False,2026-08-21T01:17:18.123686+09:00
Promotion Allowance,110.0,0.0,success,False,2026-08-21T02:37:42.077569+09:00
Promotion Analyzer,,,failed,False,2026-08-27T23:56:25.215119+09:00
Promotion Announcement,880.0,1.0,success,False,2026-08-27T23:34:34.248381+09:00
Promotion Arrears,50.0,0.0,success,False,2026-08-23T16:17:04.207592+09:00
Promotion Atlas,1300.0,3.0,success,False,2026-08-21T01:26:01.379135+09:00
Promotion Badge,110.0,33.0,success,False,2026-08-21T01:21:10.960024+09:00
Promotion Base,260.0,36.0,success,False,2026-08-21T01:25:09.054235+09:00
Promotion Bay,10.0,0.0,success,False,2026-08-21T01:16:28.829039+09:00
Promotion Beacon,,,failed,False,2026-08-21T01:22:58.534719+09:00
Promotion Bill,10.0,0.0,success,False,2026-08-21T01:20:10.961863+09:00
Promotion Bin,140.0,84.0,success,False,2026-08-21T01:17:30.839165+09:00
Promotion Board,1000.0,44.0,success,False,2026-08-21T01:25:09.054235+09:00
Promotion Booth,170.0,87.0,success,False,2026-08-21T01:16:15.267590+09:00
Promotion Bridge,10.0,0.0,success,False,2026-08-21T01:23:12.871826+09:00
Promotion Brief,90.0,0.0,success,False,2026-08-21T01:21:42.147576+09:00
Promotion Bulletin,,,failed,False,2026-08-21T01:21:39.994879+09:00
Promotion Cabinet,,,failed,False,2026-08-27T23:12:46.818245+09:00
Promotion Calculator,260.0,1.0,success,False,2026-08-27T23:34:34.248381+09:00
Promotion Calendar,880.0,55.0,success,False,2026-08-21T01:15:36.930840+09:00
Promotion Card,1000.0,86.0,success,False,2026-08-21T01:18:16.729979+09:00
Promotion Cascade,,,failed,False,2026-08-21T01:23:09.410692+09:00
Promotion Cash,40.0,5.0,success,False,2026-08-21T02:30:33.788820+09:00
Promotion Category,5400.0,1.0,success,False,2026-08-23T13:07:17.768470+09:00
Promotion Center,880.0,3.0,success,False,2026-08-21T01:25:09.054235+09:00
Promotion Chain,10.0,0.0,success,False,2026-08-21T01:25:45.514354+09:00
Promotion Charge,40.0,0.0,success,False,2026-08-21T02:37:27.000959+09:00
Promotion Chart,90.0,0.0,success,False,2026-08-21T01:17:24.597618+09:00
Promotion Check,320.0,49.0,success,False,2026-08-21T01:18:29.664706+09:00
Promotion Checker,,,failed,False,2026-08-27T23:56:20.084184+09:00
Promotion Circular,40.0,2.0,success,False,2026-08-21T01:21:49.678224+09:00
Promotion Code,3600.0,7.0,success,False,2026-08-21T01:20:28.588615+09:00
Promotion Comparison,,,failed,False,2026-08-28T01:07:32.974301+09:00
Promotion Compass,,,failed,False,2026-08-21T01:22:55.105207+09:00
Promotion Confirmation,,,failed,False,2026-08-21T01:22:01.103254+09:00
Promotion Console,30.0,83.0,success,False,2026-08-21T01:25:09.054235+09:00
Promotion Core,,,failed,False,2026-08-21T01:25:09.054235+09:00
Promotion Cost,70.0,2.0,success,False,2026-08-21T02:13:20.223987+09:00
Promotion Count,,,failed,False,2026-08-27T22:47:10.971037+09:00
Promotion Counter,590.0,100.0,success,False,2026-08-21T01:16:03.338785+09:00
Promotion Deal,480.0,22.0,success,False,2026-08-21T01:56:53.826149+09:00
Promotion Debt,,,failed,False,2026-08-21T02:30:24.474717+09:00
Promotion Deck,50.0,1.0,success,False,2026-08-21T01:25:09.054235+09:00
Promotion Desk,170.0,79.0,success,False,2026-08-21T01:22:33.143231+09:00
Promotion Detail,210.0,1.0,success,False,2026-08-23T03:18:33.193002+09:00
Promotion Detector,,,failed,False,2026-08-27T23:56:25.215119+09:00
Promotion Directory,10.0,7.0,success,False,2026-08-21T01:15:44.374236+09:00
Promotion Draft,,,failed,False,2026-08-21T01:19:35.649490+09:00
Promotion Due,20.0,0.0,success,False,2026-08-23T15:52:48.928193+09:00
Promotion Duty,,,failed,False,2026-08-21T02:37:35.054521+09:00
Promotion Engine,210.0,8.0,success,False,2026-08-21T01:26:13.869304+09:00
Promotion Entry,20.0,2.0,success,False,2026-08-21T01:22:09.935224+09:00
Promotion Estimate,,,failed,False,2026-08-21T01:20:03.244208+09:00
Promotion Estimator,,,failed,False,2026-08-27T23:56:16.956086+09:00
Promotion Fare,10.0,25.0,success,False,2026-08-21T02:13:28.177261+09:00
Promotion Fee,480.0,0.0,success,False,2026-08-21T01:56:38.086153+09:00
Promotion Feed,50.0,2.0,success,False,2026-08-21T01:19:29.603335+09:00
Promotion File,40.0,9.0,success,False,2026-08-21T01:19:09.689487+09:00
Promotion Fine,,,failed,False,2026-08-23T02:53:54.584586+09:00
Promotion Flow,260.0,47.0,success,False,2026-08-21T01:22:27.198742+09:00
Promotion Forge,,,failed,False,2026-08-21T01:23:01.482269+09:00
Promotion Form,590.0,1.0,success,False,2026-08-21T01:18:13.374383+09:00
Promotion Frame,70.0,59.0,success,False,2026-08-21T01:25:09.054235+09:00
Promotion Fund,30.0,4.0,success,False,2026-08-21T02:30:30.378357+09:00
Promotion Gate,50.0,2.0,success,False,2026-08-21T01:25:53.521014+09:00
Promotion Generator,140.0,19.0,success,False,2026-08-27T23:34:39.372847+09:00
Promotion Graph,390.0,4.0,success,False,2026-08-27T22:07:54.366638+09:00
Promotion Grid,90.0,6.0,success,False,2026-08-21T01:23:43.267024+09:00
Promotion Guarantee,,,failed,False,2026-08-28T01:07:38.587205+09:00
Promotion Guardian,1900.0,29.0,success,False,2026-08-28T00:25:48.742639+09:00
Promotion Harbor,,,failed,False,2026-08-21T01:16:50.383045+09:00
Promotion Helpdesk,,,failed,False,2026-08-27T22:47:10.971037+09:00
Promotion Helper,10.0,4.0,success,False,2026-08-28T00:25:51.267385+09:00
Promotion History,30.0,0.0,success,False,2026-08-21T01:19:07.466825+09:00
Promotion Hub,5400.0,3.0,success,False,2026-08-21T01:22:29.239348+09:00
Promotion Identifier,,,failed,False,2026-08-23T13:07:17.768470+09:00
Promotion Inbox,,,failed,False,2026-08-21T01:17:10.053741+09:00
Promotion Index,10.0,33.0,success,False,2026-08-21T01:19:54.964370+09:00
Promotion Item,140.0,79.0,success,False,2026-08-21T01:56:46.597919+09:00
Promotion Journal,110.0,87.0,success,False,2026-08-21T01:15:26.988997+09:00
Promotion Keeper,,,failed,False,2026-08-21T01:26:04.709927+09:00
Promotion Lab,480.0,13.0,success,False,2026-08-21T01:25:09.054235+09:00
Promotion Label,110.0,29.0,success,False,2026-08-27T22:07:57.599246+09:00
Promotion Ledger,10.0,86.0,success,False,2026-08-21T01:25:09.054235+09:00
Promotion Level,50.0,0.0,success,False,2026-08-21T01:19:16.110446+09:00
Promotion Line,170.0,7.0,success,False,2026-08-21T01:17:46.814722+09:00
Promotion Link,480.0,29.0,success,False,2026-08-23T03:18:25.372913+09:00
Promotion List,1000.0,0.0,success,True,2026-08-21T01:20:30.866856+09:00
Promotion Loan,210.0,41.0,success,False,2026-08-21T02:13:39.971656+09:00
Promotion Lobby,,,failed,False,2026-08-21T01:17:38.451621+09:00
Promotion Locator,,,failed,False,2026-08-21T01:15:46.981049+09:00
Promotion Locker,,,failed,False,2026-08-21T01:16:10.496497+09:00
Promotion Log,,,failed,False,2026-08-21T01:18:06.634708+09:00
Promotion Loop,,,failed,False,2026-08-21T01:23:38.443967+09:00
Promotion Manager,720.0,1.0,success,False,2026-08-21T01:26:06.177353+09:00
Promotion Manual,30.0,0.0,success,False,2026-08-27T22:08:00.127291+09:00
Promotion Map,50.0,0.0,success,False,2026-08-21T01:23:53.804797+09:00
Promotion Margin,,,failed,False,2026-08-23T02:53:52.134740+09:00
Promotion Memo,110.0,7.0,success,False,2026-08-21T01:21:25.005948+09:00
Promotion Message,1900.0,2.0,success,False,2026-08-27T23:12:39.391295+09:00
Promotion Monitor,50.0,61.0,success,False,2026-08-21T01:26:29.214274+09:00
Promotion Nexus,10.0,0.0,success,False,2026-08-21T01:25:43.368101+09:00
Promotion Note,170.0,10.0,success,False,2026-08-21T01:18:39.603435+09:00
Promotion Notification,140.0,0.0,success,False,2026-08-27T22:47:06.029080+09:00
Promotion Number,110.0,1.0,success,False,2026-08-23T03:18:18.334398+09:00
Promotion Office,720.0,9.0,success,False,2026-08-21T01:15:57.558147+09:00
Promotion Ops,,,failed,False,2026-08-21T01:26:47.452980+09:00
Promotion Order,480.0,1.0,success,False,2026-08-21T01:20:09.112300+09:00
Promotion Overdue,,,failed,False,2026-08-27T21:46:10.871215+09:00
Promotion Panel,170.0,25.0,success,False,2026-08-21T01:25:09.973684+09:00
Promotion Pass,10.0,0.0,success,False,2026-08-21T01:20:57.396338+09:00
Promotion Passport,,,failed,False,2026-08-21T01:17:36.062470+09:00
Promotion Path,70.0,0.0,success,False,2026-08-21T01:35:17.900497+09:00
Promotion Petition,,,failed,False,2026-08-21T01:21:56.845957+09:00
Promotion Plan,1300.0,7.0,success,False,2026-08-21T01:56:51.063242+09:00
Promotion Planner,1300.0,7.0,success,False,2026-08-21T01:26:19.673494+09:00
Promotion Playbook,20.0,11.0,success,False,2026-08-21T01:15:25.336646+09:00
Promotion Point,1600.0,2.0,success,False,2026-08-21T01:23:54.627834+09:00
Promotion Portal,480.0,0.0,success,False,2026-08-21T01:25:09.054235+09:00
Promotion Preview,,,failed,False,2026-08-28T01:07:35.564975+09:00
Promotion Profile,20.0,1.0,success,False,2026-08-21T01:18:50.592866+09:00
Promotion Profit,,,failed,False,2026-08-23T02:53:42.896171+09:00
Promotion Proposal,140.0,1.0,success,False,2026-08-28T01:07:35.564975+09:00
Promotion Quota,40.0,0.0,success,False,2026-08-21T01:21:31.170741+09:00
Promotion Radar,,,failed,False,2026-08-21T01:22:35.639513+09:00
Promotion Rail,,,failed,False,2026-08-21T01:25:39.259226+09:00
Promotion Rate,720.0,3.0,success,False,2026-08-21T01:19:23.070915+09:00
Promotion Recap,,,failed,False,2026-08-21T01:22:03.238360+09:00
Promotion Receipt,20.0,0.0,success,False,2026-08-21T01:20:20.986675+09:00
Promotion Register,70.0,2.0,success,False,2026-08-21T01:26:44.593664+09:00
Promotion Registry,,,failed,False,2026-08-21T01:15:31.943617+09:00
Promotion Relay,,,failed,False,2026-08-21T01:22:43.322610+09:00
Promotion Reminder,30.0,0.0,success,False,2026-08-21T01:19:49.395013+09:00
Promotion Report,70.0,2.0,success,False,2026-08-21T01:17:59.788687+09:00
Promotion Repository,,,failed,False,2026-08-27T23:12:50.672441+09:00
Promotion Result,90.0,0.0,success,False,2026-08-28T00:48:05.704808+09:00
Promotion Ring,30.0,100.0,success,False,2026-08-21T01:25:49.214024+09:00
Promotion Roll,,,failed,False,2026-08-21T01:17:57.482592+09:00
Promotion Roster,70.0,0.0,success,False,2026-08-21T01:23:07.832051+09:00
Promotion Route,70.0,56.0,success,False,2026-08-21T01:25:11.979955+09:00
Promotion Rule,260.0,0.0,success,False,2026-08-23T03:18:29.464352+09:00
Promotion Sale,18100.0,3.0,success,False,2026-08-21T02:30:37.873895+09:00
Promotion Sample,1900.0,5.0,success,False,2026-08-21T01:20:45.332631+09:00
Promotion Scale,260.0,30.0,success,False,2026-08-21T01:25:09.054235+09:00
Promotion Scanner,70.0,9.0,success,False,2026-08-27T23:56:22.652242+09:00
Promotion Scope,10.0,0.0,success,False,2026-08-21T01:23:30.836605+09:00
Promotion Score,110.0,2.0,success,False,2026-08-21T01:18:34.503460+09:00
Promotion Sheet,50.0,4.0,success,False,2026-08-21T01:18:21.687046+09:00
Promotion Shelf,90.0,72.0,success,False,2026-08-21T01:23:07.832051+09:00
Promotion Signal,880.0,71.0,success,False,2026-08-21T01:35:17.900497+09:00
Promotion Slip,50.0,74.0,success,False,2026-08-21T01:20:42.577799+09:00
Promotion Slot,4400.0,6.0,success,False,2026-08-21T01:20:51.576504+09:00
Promotion Stage,210.0,0.0,success,False,2026-08-28T00:48:05.704808+09:00
Promotion Stake,50.0,34.0,success,False,2026-08-23T02:53:49.996059+09:00
Promotion Statement,50.0,0.0,success,False,2026-08-21T01:21:21.287654+09:00
Promotion Station,10.0,13.0,success,False,2026-08-21T01:25:09.054235+09:00
Promotion Status,480.0,2.0,success,False,2026-08-21T01:18:54.031046+09:00
Promotion Stipend,,,failed,False,2026-08-23T13:48:00.316866+09:00
Promotion Stub,,,failed,False,2026-08-21T01:21:13.489274+09:00
Promotion Studio,140.0,5.0,success,False,2026-08-21T01:25:09.054235+09:00
Promotion Sum,,,failed,False,2026-08-21T02:30:21.260254+09:00
Promotion Summary,50.0,3.0,success,False,2026-08-21T01:19:38.759789+09:00
Promotion Tab,260.0,5.0,success,False,2026-08-21T01:21:34.003833+09:00
Promotion Table,3600.0,71.0,success,False,2026-08-21T01:20:36.811619+09:00
Promotion Tag,320.0,45.0,success,False,2026-08-21T01:18:42.442648+09:00
Promotion Tariff,,,failed,False,2026-08-21T02:37:48.956315+09:00
Promotion Tax,,,failed,False,2026-08-21T02:13:34.693364+09:00
Promotion Terminal,,,failed,False,2026-08-21T01:25:09.054235+09:00
Promotion Ticker,,,failed,False,2026-08-21T01:17:43.825232+09:00
Promotion Ticket,320.0,16.0,success,False,2026-08-21T01:19:57.563871+09:00
Promotion Timeline,210.0,0.0,success,False,2026-08-21T01:19:45.031880+09:00
Promotion Toll,,,failed,False,2026-08-21T02:37:37.997164+09:00
Promotion Toolbox,,,failed,False,2026-08-28T00:25:48.742639+09:00
Promotion Total,20.0,14.0,success,False,2026-08-27T23:12:39.391295+09:00
Promotion Tower,,,failed,False,2026-08-21T01:16:55.800452+09:00
Promotion Tracker,170.0,4.0,success,False,2026-08-21T01:22:20.767459+09:00
Promotion Trail,10.0,80.0,success,False,2026-08-21T01:25:27.220112+09:00
Promotion Trend,110.0,1.0,success,False,2026-08-28T01:07:30.106939+09:00
Promotion Trial,70.0,1.0,success,False,2026-08-27T21:13:54.337464+09:00
Promotion Unit,10.0,0.0,success,False,2026-08-21T01:56:48.479807+09:00
Promotion Update,50.0,0.0,success,False,2026-08-21T01:21:05.247176+09:00
Promotion Value,50.0,0.0,success,False,2026-08-23T02:53:47.851129+09:00
Promotion Vault,140.0,4.0,success,False,2026-08-21T01:22:48.599352+09:00
Promotion Version,,,failed,False,2026-08-23T03:18:21.895981+09:00
Promotion View,,,failed,False,2026-08-21T01:19:00.586921+09:00
Promotion Voucher,480.0,13.0,success,False,2026-08-21T01:21:04.299416+09:00
Promotion Watch,320.0,52.0,success,False,2026-08-21T01:23:27.807599+09:00
Promotion Wave,10.0,7.0,success,False,2026-08-21T01:23:45.473669+09:00
Promotion Widget,10.0,2.0,success,False,2026-08-27T23:12:44.367905+09:00
Promotion Window,50.0,36.0,success,False,2026-08-21T01:17:52.131047+09:00
Promotion Worksheet,10.0,0.0,success,False,2026-08-27T22:08:00.127291+09:00
Promotion Workshop,10.0,17.0,success,False,2026-08-28T00:25:44.811086+09:00
Promotion Yard,,,failed,False,2026-08-21T01:16:26.293455+09:00
Promotion Zone,480.0,1.0,success,False,2026-08-21T01:25:09.054235+09:00
Proof Advance,,,failed,False,2026-08-23T16:15:43.832612+09:00
Proof Advisory,10.0,29.0,success,False,2026-08-21T01:02:10.080773+09:00
Proof Allowance,,,failed,False,2026-08-21T02:40:30.595557+09:00
Proof Analyzer,,,failed,False,2026-08-27T23:58:48.183628+09:00
Proof Announcement,10.0,,success,False,2026-08-27T23:36:29.882311+09:00
Proof Arrears,,,failed,False,2026-08-23T16:15:40.537214+09:00
Proof Assistant,480.0,0.0,success,False,2026-08-19T12:27:18.963883+09:00
Proof Atlas,,,failed,False,2026-08-19T12:27:05.323167+09:00
Proof Attribute,,,failed,False,2026-08-23T13:07:32.830763+09:00
Proof Badge,,,failed,False,2026-08-21T00:25:43.310750+09:00
Proof Base,,,failed,False,2026-08-19T12:26:11.426688+09:00
Proof Beacon,,,failed,False,2026-08-19T12:25:34.182508+09:00
Proof Bill,,,failed,False,2026-08-19T22:05:35.780904+09:00
Proof Board,390.0,52.0,success,False,2026-08-19T12:26:17.646351+09:00
Proof Book,3600.0,4.0,success,False,2026-08-19T22:06:26.107612+09:00
Proof Bridge,10.0,0.0,success,False,2026-08-19T12:25:43.100247+09:00
Proof Brief,70.0,0.0,success,False,2026-08-21T01:00:01.570868+09:00
Proof Bulletin,,,failed,False,2026-08-21T00:59:56.543467+09:00
Proof Calendar,10.0,0.0,success,False,2026-08-19T12:27:49.196174+09:00
Proof Card,170.0,0.0,success,False,2026-08-19T13:31:00.342217+09:00
Proof Cascade,,,failed,False,2026-08-19T12:25:38.632283+09:00
Proof Cash,1000.0,0.0,success,True,2026-08-21T02:24:52.539486+09:00
Proof Category,10.0,0.0,success,False,2026-08-23T13:07:29.372228+09:00
Proof Center,50.0,1.0,success,False,2026-08-19T12:26:37.096559+09:00
Proof Chain,50.0,63.0,success,False,2026-08-19T12:26:57.441352+09:00
Proof Charge,10.0,0.0,success,False,2026-08-21T02:40:18.502872+09:00
Proof Check,1300.0,3.0,success,False,2026-08-19T13:31:17.650623+09:00
Proof Checker,1300.0,3.0,success,False,2026-08-27T23:58:38.877794+09:00
Proof Circular,,,failed,False,2026-08-21T01:02:07.931527+09:00
Proof Code,30.0,0.0,success,False,2026-08-19T22:05:54.572880+09:00
Proof Companion,,,failed,False,2026-08-19T12:27:31.967553+09:00
Proof Comparison,,,failed,False,2026-08-28T01:08:42.554310+09:00
Proof Compass,,,failed,False,2026-08-19T12:25:27.149314+09:00
Proof Confirmation,10.0,0.0,success,False,2026-08-21T01:00:20.571072+09:00
Proof Console,,,failed,False,2026-08-19T12:26:44.704983+09:00
Proof Converter,10.0,0.0,success,False,2026-08-27T23:36:33.321869+09:00
Proof Core,170.0,30.0,success,False,2026-08-19T12:26:15.531413+09:00
Proof Cost,10.0,7.0,success,False,2026-08-21T02:09:08.901398+09:00
Proof Count,,,failed,False,2026-08-27T22:50:16.948494+09:00
Proof Counter,,,failed,False,2026-08-19T12:22:47.160144+09:00
Proof Deal,,,failed,False,2026-08-21T01:53:02.269948+09:00
Proof Debt,,,failed,False,2026-08-21T02:24:43.440499+09:00
Proof Deck,30.0,1.0,success,False,2026-08-19T12:26:22.946559+09:00
Proof Desk,,,failed,False,2026-08-19T12:25:02.021725+09:00
Proof Detail,,,failed,False,2026-08-23T03:19:44.954715+09:00
Proof Detector,,,failed,False,2026-08-27T23:58:45.722079+09:00
Proof Digest,,,failed,False,2026-08-19T20:46:33.393422+09:00
Proof Directory,10.0,,success,False,2026-08-19T12:27:49.196174+09:00
Proof Discount,,,failed,False,2026-08-23T16:15:33.574414+09:00
Proof Dossier,,,failed,False,2026-08-21T01:00:22.728561+09:00
Proof Downpayment,,,failed,False,2026-08-27T21:49:15.770523+09:00
Proof Draft,10.0,3.0,success,False,2026-08-19T20:46:44.181940+09:00
Proof Due,,,failed,False,2026-08-23T15:52:20.216125+09:00
Proof Duty,,,failed,False,2026-08-21T02:40:21.955150+09:00
Proof Engine,20.0,0.0,success,False,2026-08-19T12:27:18.963883+09:00
Proof Entry,50.0,0.0,success,False,2026-08-21T01:00:36.022676+09:00
Proof Estimate,,,failed,False,2026-08-19T21:32:26.609245+09:00
Proof Estimator,,,failed,False,2026-08-27T23:58:38.877794+09:00
Proof Excerpt,,,failed,False,2026-08-21T01:02:16.623580+09:00
Proof Extension,,,failed,False,2026-08-23T16:39:41.135046+09:00
Proof Fare,,,failed,False,2026-08-21T02:09:16.825512+09:00
Proof Fee,,,failed,False,2026-08-21T01:52:41.314698+09:00
Proof Feed,,,failed,False,2026-08-19T20:46:39.045000+09:00
Proof File,50.0,1.0,success,False,2026-08-19T20:46:10.724712+09:00
Proof Finder,30.0,0.0,success,False,2026-08-19T12:27:54.241154+09:00
Proof Fine,,,failed,False,2026-08-23T02:55:10.666436+09:00
Proof Flag,,,failed,False,2026-08-21T00:26:23.518919+09:00
Proof Flow,,,failed,False,2026-08-19T12:24:58.043642+09:00
Proof Forge,,,failed,False,2026-08-19T12:25:38.632283+09:00
Proof Form,480.0,0.0,success,False,2026-08-19T13:30:54.229704+09:00
Proof Format,480.0,0.0,success,False,2026-08-23T13:07:39.256451+09:00
Proof Frame,70.0,10.0,success,False,2026-08-19T12:26:06.734544+09:00
Proof Fund,50.0,61.0,success,False,2026-08-21T02:24:48.796566+09:00
Proof Gate,,,failed,False,2026-08-19T12:27:02.281369+09:00
Proof Generator,110.0,1.0,success,False,2026-08-27T23:36:33.321869+09:00
Proof Grade,,,failed,False,2026-08-21T00:26:07.923229+09:00
Proof Grid,,,failed,False,2026-08-19T12:25:55.231488+09:00
Proof Guardian,,,failed,False,2026-08-28T00:27:14.671575+09:00
Proof Helpdesk,,,failed,False,2026-08-27T22:50:21.429751+09:00
Proof Helper,90.0,1.0,success,False,2026-08-28T00:27:17.609628+09:00
Proof History,590.0,0.0,success,False,2026-08-19T20:46:06.697629+09:00
Proof Hub,4400.0,19.0,success,False,2026-08-19T12:24:58.043642+09:00
Proof Identifier,,,failed,False,2026-08-23T13:07:29.372228+09:00
Proof Index,,,failed,False,2026-08-19T21:32:08.265719+09:00
Proof Installment,,,failed,False,2026-08-23T16:15:37.311219+09:00
Proof Item,40.0,0.0,success,False,2026-08-21T01:52:45.246437+09:00
Proof Journal,50.0,0.0,success,False,2026-08-19T12:27:39.796113+09:00
Proof Keeper,,,failed,False,2026-08-19T12:27:08.334680+09:00
Proof Kit,140.0,11.0,success,False,2026-08-27T22:50:09.773795+09:00
Proof Lab,1900.0,2.0,success,False,2026-08-19T12:26:26.109725+09:00
Proof Label,70.0,12.0,success,False,2026-08-27T22:13:33.756180+09:00
Proof Layout,30.0,3.0,success,False,2026-08-27T22:29:16.006701+09:00
Proof Ledger,,,failed,False,2026-08-19T12:26:17.646351+09:00
Proof Level,,,failed,False,2026-08-19T20:46:16.448832+09:00
Proof Link,50.0,2.0,success,False,2026-08-23T03:19:37.789366+09:00
Proof List,170.0,1.0,success,False,2026-08-19T22:06:04.414832+09:00
Proof Loan,,,failed,False,2026-08-21T02:09:26.864571+09:00
Proof Locator,,,failed,False,2026-08-19T12:27:54.241154+09:00
Proof Log,30.0,0.0,success,False,2026-08-19T13:30:45.657035+09:00
Proof Loop,10.0,1.0,success,False,2026-08-19T12:25:50.876922+09:00
Proof Manager,10.0,0.0,success,False,2026-08-19T12:27:13.663496+09:00
Proof Map,20.0,0.0,success,False,2026-08-19T12:26:06.734544+09:00
Proof Margin,,,failed,False,2026-08-23T02:55:08.559599+09:00
Proof Markup,,,failed,False,2026-08-23T16:39:35.759045+09:00
Proof Memo,10.0,0.0,success,False,2026-08-21T00:26:13.350270+09:00
Proof Message,,,failed,False,2026-08-27T23:15:43.697016+09:00
Proof Monitor,20.0,29.0,success,False,2026-08-19T12:27:27.714904+09:00
Proof Nexus,,,failed,False,2026-08-19T12:27:05.323167+09:00
Proof Note,90.0,1.0,success,False,2026-08-19T13:31:47.223941+09:00
Proof Notification,10.0,10.0,success,False,2026-08-27T22:50:07.511114+09:00
Proof Number,210.0,0.0,success,False,2026-08-23T03:19:30.157366+09:00
Proof Office,90.0,5.0,success,False,2026-08-19T12:22:47.160144+09:00
Proof Ops,20.0,1.0,success,False,2026-08-19T12:27:36.694411+09:00
Proof Order,110.0,0.0,success,False,2026-08-19T22:05:25.560581+09:00
Proof Overage,,,failed,False,2026-08-27T21:49:13.443578+09:00
Proof Overdue,,,failed,False,2026-08-27T21:49:08.437850+09:00
Proof Panel,40.0,8.0,success,False,2026-08-19T12:26:44.704983+09:00
Proof Pass,20.0,0.0,success,False,2026-08-21T00:25:29.281502+09:00
Proof Path,,,failed,False,2026-08-19T12:25:57.716794+09:00
Proof Payoff,,,failed,False,2026-08-27T21:49:11.230615+09:00
Proof Penalty,,,failed,False,2026-08-23T16:39:35.759045+09:00
Proof Petition,,,failed,False,2026-08-21T01:00:13.557875+09:00
Proof Plan,40.0,1.0,success,False,2026-08-21T01:52:57.109358+09:00
Proof Planner,,,failed,False,2026-08-19T12:27:23.710394+09:00
Proof Playbook,,,failed,False,2026-08-19T12:27:39.796113+09:00
Proof Point,60500.0,28.0,success,False,2026-08-19T12:26:02.355075+09:00
Proof Portal,110.0,1.0,success,False,2026-08-19T12:26:41.238307+09:00
Proof Preview,30.0,0.0,success,False,2026-08-28T01:08:47.729422+09:00
Proof Profile,20.0,0.0,success,False,2026-08-19T13:32:04.589089+09:00
Proof Profit,10.0,0.0,success,False,2026-08-23T02:54:57.045583+09:00
Proof Quota,,,failed,False,2026-08-21T00:26:18.251155+09:00
Proof Radar,,,failed,False,2026-08-19T12:25:02.021725+09:00
Proof Rail,,,failed,False,2026-08-19T12:26:50.558135+09:00
Proof Rate,10.0,3.0,success,False,2026-08-19T20:46:21.996527+09:00
Proof Recap,,,failed,False,2026-08-21T01:00:27.646290+09:00
Proof Receipt,590.0,3.0,success,False,2026-08-19T22:05:46.180547+09:00
Proof Register,,,failed,False,2026-08-19T12:27:36.694411+09:00
Proof Registry,,,failed,False,2026-08-19T12:27:46.282540+09:00
Proof Relay,,,failed,False,2026-08-19T12:25:21.965141+09:00
Proof Reminder,10.0,0.0,success,False,2026-08-19T21:32:01.105099+09:00
Proof Report,20.0,0.0,success,False,2026-08-19T13:30:35.292295+09:00
Proof Repository,,,failed,False,2026-08-27T23:15:53.344715+09:00
Proof Roster,,,failed,False,2026-08-19T12:23:56.615526+09:00
Proof Route,,,failed,False,2026-08-19T12:26:50.558135+09:00
Proof Rule,,,failed,False,2026-08-23T03:19:40.807348+09:00
Proof Sale,480.0,18.0,success,False,2026-08-21T02:25:01.097647+09:00
Proof Sample,40.0,0.0,success,False,2026-08-19T22:06:47.930339+09:00
Proof Scale,70.0,0.0,success,False,2026-08-19T12:26:47.247206+09:00
Proof Scanner,20.0,4.0,success,False,2026-08-27T23:58:43.283075+09:00
Proof Scheduler,,,failed,False,2026-08-19T12:27:27.714904+09:00
Proof Scope,,,failed,False,2026-08-19T12:25:50.876922+09:00
Proof Score,,,failed,False,2026-08-19T13:31:38.491721+09:00
Proof Sheet,590.0,9.0,success,False,2026-08-19T13:31:08.046594+09:00
Proof Shortfall,,,failed,False,2026-08-27T21:49:18.001663+09:00
Proof Signal,,,failed,False,2026-08-19T12:25:46.286307+09:00
Proof Signature,20.0,9.0,success,False,2026-08-23T13:27:51.587934+09:00
Proof Slip,,,failed,False,2026-08-19T22:06:38.426353+09:00
Proof Slot,,,failed,False,2026-08-19T22:06:56.710970+09:00
Proof Stage,70.0,0.0,success,False,2026-08-28T00:48:49.804197+09:00
Proof Stake,20.0,0.0,success,False,2026-08-23T02:55:02.071314+09:00
Proof Statement,480.0,7.0,success,False,2026-08-21T00:25:57.789837+09:00
Proof Station,110.0,9.0,success,False,2026-08-19T12:26:30.202611+09:00
Proof Status,880.0,0.0,success,False,2026-08-19T20:45:56.516624+09:00
Proof Stub,,,failed,False,2026-08-21T00:25:50.747055+09:00
Proof Studio,70.0,0.0,success,False,2026-08-19T12:26:26.109725+09:00
Proof Sum,,,failed,False,2026-08-21T02:24:36.091430+09:00
Proof Summary,720.0,2.0,success,False,2026-08-19T21:31:45.728679+09:00
Proof Surtax,,,failed,False,2026-08-23T15:52:22.475978+09:00
Proof Table,260.0,3.0,success,False,2026-08-19T22:06:15.067471+09:00
Proof Tag,40.0,7.0,success,False,2026-08-19T13:31:52.943506+09:00
Proof Tally,,,failed,False,2026-08-21T00:26:02.753353+09:00
Proof Tariff,,,failed,False,2026-08-21T02:40:33.895660+09:00
Proof Tax,390.0,0.0,success,False,2026-08-21T02:09:21.519694+09:00
Proof Ticket,880.0,62.0,success,False,2026-08-19T21:32:17.835679+09:00
Proof Tier,,,failed,False,2026-08-28T00:48:52.338706+09:00
Proof Timeline,10.0,0.0,success,False,2026-08-19T21:31:54.531543+09:00
Proof Timer,,,failed,False,2026-08-28T00:27:12.240224+09:00
Proof Toll,,,failed,False,2026-08-21T02:40:25.117501+09:00
Proof Toolbox,,,failed,False,2026-08-28T00:27:14.671575+09:00
Proof Total,,,failed,False,2026-08-27T23:15:46.670229+09:00
Proof Tracker,,,failed,False,2026-08-19T12:24:52.766988+09:00
Proof Trail,,,failed,False,2026-08-19T12:26:55.574795+09:00
Proof Trial,10.0,0.0,success,False,2026-08-27T21:18:01.606713+09:00
Proof Unit,40.0,88.0,success,False,2026-08-21T01:52:50.056270+09:00
Proof Update,,,failed,False,2026-08-19T20:46:27.543041+09:00
Proof Value,140.0,0.0,success,False,2026-08-23T02:54:59.727215+09:00
Proof Vault,10.0,2.0,success,False,2026-08-19T12:25:27.149314+09:00
Proof Version,50.0,3.0,success,False,2026-08-23T03:19:32.678416+09:00
Proof View,10.0,0.0,success,False,2026-08-19T20:46:02.034696+09:00
Proof Voucher,,,failed,False,2026-08-21T00:25:35.006393+09:00
Proof Watch,90.0,35.0,success,False,2026-08-19T12:25:46.286307+09:00
Proof Wave,,,failed,False,2026-08-19T12:25:57.716794+09:00
Proof Widget,10.0,21.0,success,False,2026-08-27T23:15:46.670229+09:00
Proof Worksheet,260.0,0.0,success,False,2026-08-27T22:13:36.218618+09:00
Proof Zone,,,failed,False,2026-08-19T12:26:37.096559+09:00
Proofing Advance,,,failed,False,2026-08-23T16:15:47.536999+09:00
Proofing Advisory,,,failed,False,2026-08-21T01:02:12.129826+09:00
Proofing Allowance,,,failed,False,2026-08-21T02:40:38.159052+09:00
Proofing Almanac,,,failed,False,2026-08-18T22:07:26.351718+09:00
Proofing Analyzer,,,failed,False,2026-08-27T23:58:52.704840+09:00
Proofing Anchor,,,failed,False,2026-08-18T22:09:58.381010+09:00
Proofing Arrears,,,failed,False,2026-08-23T16:15:43.832612+09:00
Proofing Assistant,,,failed,False,2026-08-18T22:04:12.568895+09:00
Proofing Atlas,,,failed,False,2026-08-18T22:02:56.704517+09:00
Proofing Attribute,,,failed,False,2026-08-23T13:07:39.256451+09:00
Proofing Badge,,,failed,False,2026-08-21T00:25:57.789837+09:00
Proofing Base,,,failed,False,2026-08-18T22:11:53.253087+09:00
Proofing Beacon,,,failed,False,2026-08-18T22:09:25.652147+09:00
Proofing Bill,,,failed,False,2026-08-19T22:05:54.572880+09:00
Proofing Blueprint,,,failed,False,2026-08-18T22:07:16.682645+09:00
Proofing Board,390.0,52.0,success,False,2026-08-18T22:12:17.661018+09:00
Proofing Book,3600.0,4.0,success,False,2026-08-19T22:06:47.930339+09:00
Proofing Bridge,,,failed,False,2026-08-18T22:09:49.300650+09:00
Proofing Brief,,,failed,False,2026-08-21T01:00:09.157430+09:00
Proofing Bulletin,,,failed,False,2026-08-21T01:00:04.597458+09:00
Proofing Calculator,320.0,0.0,success,False,2026-08-27T23:36:33.321869+09:00
Proofing Calendar,,,failed,False,2026-08-19T00:01:24.646371+09:00
Proofing Card,,,failed,False,2026-08-19T13:31:17.650623+09:00
Proofing Cascade,,,failed,False,2026-08-18T22:09:42.242317+09:00
Proofing Cash,,,failed,False,2026-08-21T02:25:03.924004+09:00
Proofing Cashback,,,failed,False,2026-08-27T21:18:05.577940+09:00
Proofing Category,,,failed,False,2026-08-23T13:07:37.097248+09:00
Proofing Center,,,failed,False,2026-08-18T23:51:52.563144+09:00
Proofing Chain,,,failed,False,2026-08-18T23:51:52.563144+09:00
Proofing Charge,,,failed,False,2026-08-21T02:40:25.117501+09:00
Proofing Check,1300.0,3.0,success,False,2026-08-19T13:31:47.223941+09:00
Proofing Checker,,,failed,False,2026-08-27T23:58:45.722079+09:00
Proofing Circular,,,failed,False,2026-08-21T01:00:13.557875+09:00
Proofing Cockpit,,,failed,False,2026-08-18T22:05:23.943754+09:00
Proofing Code,,,failed,False,2026-08-19T22:06:12.556669+09:00
Proofing Codex,,,failed,False,2026-08-18T22:07:42.473360+09:00
Proofing Companion,,,failed,False,2026-08-18T22:05:50.321080+09:00
Proofing Comparison,,,failed,False,2026-08-28T01:08:47.729422+09:00
Proofing Compass,,,failed,False,2026-08-18T22:09:17.362565+09:00
Proofing Compendium,,,failed,False,2026-08-18T22:07:33.444344+09:00
Proofing Confirmation,,,failed,False,2026-08-21T01:00:27.646290+09:00
Proofing Console,,,failed,False,2026-08-18T23:51:52.563144+09:00
Proofing Core,,,failed,False,2026-08-18T22:12:02.089704+09:00
Proofing Cost,,,failed,False,2026-08-21T02:09:16.825512+09:00
Proofing Count,,,failed,False,2026-08-27T22:50:26.115784+09:00
Proofing Counter,,,failed,False,2026-08-19T00:02:12.644181+09:00
Proofing Coupon,,,failed,False,2026-08-27T21:18:01.606713+09:00
Proofing Dashboard,,,failed,False,2026-08-18T22:05:32.001911+09:00
Proofing Deal,,,failed,False,2026-08-21T01:53:13.904514+09:00
Proofing Debt,,,failed,False,2026-08-21T02:24:52.539486+09:00
Proofing Deck,,,failed,False,2026-08-18T22:12:23.623332+09:00
Proofing Depot,,,failed,False,2026-08-19T00:01:57.884072+09:00
Proofing Desk,,,failed,False,2026-08-18T22:08:45.047635+09:00
Proofing Detail,,,failed,False,2026-08-23T03:19:53.710314+09:00
Proofing Detector,,,failed,False,2026-08-27T23:58:48.183628+09:00
Proofing Dial,,,failed,False,2026-08-18T23:51:52.563144+09:00
Proofing Digest,,,failed,False,2026-08-19T20:46:44.181940+09:00
Proofing Directory,,,failed,False,2026-08-19T00:01:32.528747+09:00
Proofing Discount,,,failed,False,2026-08-23T16:15:37.311219+09:00
Proofing Dock,,,failed,False,2026-08-18T23:51:52.563144+09:00
Proofing Dossier,,,failed,False,2026-08-21T01:00:31.922622+09:00
Proofing Downpayment,,,failed,False,2026-08-27T21:49:20.358831+09:00
Proofing Draft,,,failed,False,2026-08-19T20:46:54.929939+09:00
Proofing Duty,,,failed,False,2026-08-21T02:40:30.595557+09:00
Proofing Engine,,,failed,False,2026-08-18T22:04:03.001846+09:00
Proofing Entry,,,failed,False,2026-08-21T01:00:42.748785+09:00
Proofing Estimate,,,failed,False,2026-08-19T21:32:30.611292+09:00
Proofing Estimator,,,failed,False,2026-08-27T23:58:43.283075+09:00
Proofing Excerpt,,,failed,False,2026-08-21T01:02:20.703041+09:00
Proofing Extension,,,failed,False,2026-08-23T16:39:41.135046+09:00
Proofing Fare,,,failed,False,2026-08-21T02:09:26.864571+09:00
Proofing Fee,20.0,2.0,success,False,2026-08-21T01:52:50.056270+09:00
Proofing Feed,,,failed,False,2026-08-19T20:46:49.166137+09:00
Proofing File,,,failed,False,2026-08-19T20:46:21.996527+09:00
Proofing Finder,,,failed,False,2026-08-19T00:01:46.968095+09:00
Proofing Fine,,,failed,False,2026-08-23T02:55:17.140000+09:00
Proofing Flag,,,failed,False,2026-08-21T00:26:33.622421+09:00
Proofing Flow,,,failed,False,2026-08-18T22:08:21.500006+09:00
Proofing Forge,,,failed,False,2026-08-18T22:09:34.112352+09:00
Proofing Form,480.0,0.0,success,False,2026-08-19T13:31:08.046594+09:00
Proofing Format,,,failed,False,2026-08-23T13:07:41.329341+09:00
Proofing Frame,,,failed,False,2026-08-18T22:11:43.174107+09:00
Proofing Fund,,,failed,False,2026-08-21T02:25:01.097647+09:00
Proofing Gate,,,failed,False,2026-08-18T22:02:38.118746+09:00
Proofing Giveaway,,,failed,False,2026-08-27T21:18:13.822548+09:00
Proofing Grade,,,failed,False,2026-08-21T00:26:18.251155+09:00
Proofing Graph,,,failed,False,2026-08-27T22:13:33.756180+09:00
Proofing Grid,,,failed,False,2026-08-18T22:10:36.115087+09:00
Proofing Guarantee,,,failed,False,2026-08-28T01:08:52.515259+09:00
Proofing Guard,,,failed,False,2026-08-18T22:07:58.079048+09:00
Proofing Guardian,,,failed,False,2026-08-28T00:27:17.609628+09:00
Proofing Guidebook,,,failed,False,2026-08-18T22:07:01.170489+09:00
Proofing Helpdesk,,,failed,False,2026-08-27T22:50:26.115784+09:00
Proofing Helper,,,failed,False,2026-08-28T00:27:21.214223+09:00
Proofing History,,,failed,False,2026-08-19T20:46:16.448832+09:00
Proofing Hub,,,failed,False,2026-08-18T22:08:28.742242+09:00
Proofing Identifier,,,failed,False,2026-08-23T13:07:32.830763+09:00
Proofing Incentive,,,failed,False,2026-08-27T21:18:13.822548+09:00
Proofing Index,,,failed,False,2026-08-19T21:32:23.492274+09:00
Proofing Insight,,,failed,False,2026-08-18T22:05:06.428384+09:00
Proofing Installment,,,failed,False,2026-08-23T16:15:40.537214+09:00
Proofing Item,,,failed,False,2026-08-21T01:52:57.109358+09:00
Proofing Journal,,,failed,False,2026-08-18T22:06:43.515975+09:00
Proofing Keeper,,,failed,False,2026-08-18T22:03:18.976552+09:00
Proofing Kit,140.0,11.0,success,False,2026-08-27T22:50:16.948494+09:00
Proofing Lab,,,failed,False,2026-08-18T23:51:52.563144+09:00
Proofing Label,,,failed,False,2026-08-27T22:13:36.218618+09:00
Proofing Ledger,,,failed,False,2026-08-18T22:12:10.821921+09:00
Proofing Lens,,,failed,False,2026-08-18T22:11:37.206712+09:00
Proofing Level,,,failed,False,2026-08-19T20:46:27.543041+09:00
Proofing Link,,,failed,False,2026-08-23T03:19:44.954715+09:00
Proofing List,,,failed,False,2026-08-19T22:06:26.107612+09:00
Proofing Loan,,,failed,False,2026-08-21T02:09:35.775353+09:00
Proofing Locator,,,failed,False,2026-08-19T00:01:40.731758+09:00
Proofing Lock,,,failed,False,2026-08-18T22:11:16.114719+09:00
Proofing Log,,,failed,False,2026-08-19T13:31:00.342217+09:00
Proofing Loop,,,failed,False,2026-08-18T22:10:27.962314+09:00
Proofing Manager,,,failed,False,2026-08-18T22:03:32.090956+09:00
Proofing Manual,10.0,94.0,success,False,2026-08-27T22:13:39.158515+09:00
Proofing Map,,,failed,False,2026-08-18T22:11:27.427914+09:00
Proofing Markup,,,failed,False,2026-08-23T16:39:38.014835+09:00
Proofing Memo,,,failed,False,2026-08-21T00:26:23.518919+09:00
Proofing Message,,,failed,False,2026-08-27T23:15:46.670229+09:00
Proofing Meter,40.0,55.0,success,False,2026-08-18T23:51:52.563144+09:00
Proofing Metrics,,,failed,False,2026-08-18T22:05:13.758359+09:00
Proofing Monitor,20.0,29.0,success,False,2026-08-18T22:04:53.198463+09:00
Proofing Navigator,,,failed,False,2026-08-18T22:05:42.226060+09:00
Proofing Nexus,,,failed,False,2026-08-18T22:02:48.638128+09:00
Proofing Node,,,failed,False,2026-08-18T21:11:26.018001+09:00
Proofing Note,110.0,4.0,success,False,2026-08-19T13:32:02.705004+09:00
Proofing Notification,,,failed,False,2026-08-27T22:50:09.773795+09:00
Proofing Number,,,failed,False,2026-08-23T03:19:37.789366+09:00
Proofing Office,90.0,5.0,success,False,2026-08-19T00:02:04.506577+09:00
Proofing Ops,,,failed,False,2026-08-18T22:06:07.690995+09:00
Proofing Order,,,failed,False,2026-08-19T22:05:46.180547+09:00
Proofing Organizer,,,failed,False,2026-08-18T22:04:44.992531+09:00
Proofing Outline,,,failed,False,2026-08-27T22:29:20.594574+09:00
Proofing Overage,,,failed,False,2026-08-27T21:49:18.001663+09:00
Proofing Overdue,,,failed,False,2026-08-27T21:49:13.443578+09:00
Proofing Panel,,,failed,False,2026-08-18T23:51:52.563144+09:00
Proofing Pass,,,failed,False,2026-08-21T00:25:43.310750+09:00
Proofing Path,,,failed,False,2026-08-18T22:11:01.803326+09:00
Proofing Payoff,,,failed,False,2026-08-27T21:49:15.770523+09:00
Proofing Penalty,,,failed,False,2026-08-23T16:39:38.014835+09:00
Proofing Petition,,,failed,False,2026-08-21T01:00:22.728561+09:00
Proofing Pilot,,,failed,False,2026-08-18T22:08:36.440640+09:00
Proofing Plan,,,failed,False,2026-08-21T01:53:07.082720+09:00
Proofing Planner,,,failed,False,2026-08-18T22:04:25.779407+09:00
Proofing Playbook,,,failed,False,2026-08-18T22:06:35.395449+09:00
Proofing Point,,,failed,False,2026-08-18T22:11:09.923371+09:00
Proofing Portal,,,failed,False,2026-08-18T23:51:52.563144+09:00
Proofing Preview,,,failed,False,2026-08-28T01:08:47.729422+09:00
Proofing Profile,20.0,0.0,success,False,2026-08-19T13:32:19.751583+09:00
Proofing Profit,,,failed,False,2026-08-23T02:55:02.071314+09:00
Proofing Proposal,,,failed,False,2026-08-28T01:08:52.515259+09:00
Proofing Pulse,,,failed,False,2026-08-18T22:10:45.324652+09:00
Proofing Quota,,,failed,False,2026-08-21T00:26:28.007677+09:00
Proofing Radar,,,failed,False,2026-08-18T22:08:54.791738+09:00
Proofing Rail,,,failed,False,2026-08-18T23:51:52.563144+09:00
Proofing Rate,,,failed,False,2026-08-19T20:46:33.393422+09:00
Proofing Recap,,,failed,False,2026-08-21T01:00:36.022676+09:00
Proofing Receipt,,,failed,False,2026-08-19T22:06:04.414832+09:00
Proofing Recorder,,,failed,False,2026-08-27T23:36:36.607319+09:00
Proofing Register,,,failed,False,2026-08-18T22:05:57.658157+09:00
Proofing Registry,,,failed,False,2026-08-18T22:07:09.458547+09:00
Proofing Relay,,,failed,False,2026-08-18T22:09:01.069434+09:00
Proofing Reminder,,,failed,False,2026-08-19T21:32:15.548375+09:00
Proofing Report,,,failed,False,2026-08-19T13:30:54.229704+09:00
Proofing Repository,,,failed,False,2026-08-27T23:15:55.855078+09:00
Proofing Result,,,failed,False,2026-08-28T00:48:52.338706+09:00
Proofing Ring,40.0,14.0,success,False,2026-08-18T23:51:52.563144+09:00
Proofing Roadmap,,,failed,False,2026-08-18T22:07:49.432223+09:00
Proofing Roster,,,failed,False,2026-08-19T00:39:00.049194+09:00
Proofing Route,,,failed,False,2026-08-18T23:51:52.563144+09:00
Proofing Rule,,,failed,False,2026-08-23T03:19:49.312069+09:00
Proofing Sale,,,failed,False,2026-08-21T02:25:06.190150+09:00
Proofing Sample,40.0,0.0,success,False,2026-08-19T22:07:06.557200+09:00
Proofing Scale,,,failed,False,2026-08-18T23:51:52.563144+09:00
Proofing Scanner,,,failed,False,2026-08-27T23:58:48.183628+09:00
Proofing Scheduler,,,failed,False,2026-08-18T22:04:34.092675+09:00
Proofing Scope,,,failed,False,2026-08-18T22:10:20.360888+09:00
Proofing Score,,,failed,False,2026-08-19T13:31:52.943506+09:00
Proofing Sentry,,,failed,False,2026-08-18T22:03:07.731550+09:00
Proofing Sheet,590.0,9.0,success,False,2026-08-19T13:31:38.491721+09:00
Proofing Shortfall,,,failed,False,2026-08-27T21:49:22.679951+09:00
Proofing Signal,,,failed,False,2026-08-18T22:10:06.625362+09:00
Proofing Signature,,,failed,False,2026-08-23T13:27:51.587934+09:00
Proofing Slip,,,failed,False,2026-08-19T22:06:56.710970+09:00
Proofing Slot,,,failed,False,2026-08-19T22:07:21.096531+09:00
Proofing Snapshot,,,failed,False,2026-08-18T22:06:52.142585+09:00
Proofing Stage,,,failed,False,2026-08-28T00:48:49.804197+09:00
Proofing Stake,,,failed,False,2026-08-23T02:55:10.666436+09:00
Proofing Statement,,,failed,False,2026-08-21T00:26:07.923229+09:00
Proofing Station,110.0,9.0,success,False,2026-08-18T23:51:52.563144+09:00
Proofing Status,,,failed,False,2026-08-19T20:46:06.697629+09:00
Proofing Studio,,,failed,False,2026-08-18T23:51:52.563144+09:00
Proofing Suite,,,failed,False,2026-08-18T22:03:51.381490+09:00
Proofing Sum,,,failed,False,2026-08-21T02:24:48.796566+09:00
Proofing Summary,,,failed,False,2026-08-19T21:32:01.105099+09:00
Proofing Sync,,,failed,False,2026-08-18T22:08:12.988621+09:00
Proofing Table,260.0,3.0,success,False,2026-08-19T22:06:35.304978+09:00
Proofing Tag,,,failed,False,2026-08-19T13:32:09.131651+09:00
Proofing Tally,,,failed,False,2026-08-21T00:26:13.350270+09:00
Proofing Tariff,,,failed,False,2026-08-21T02:40:41.069615+09:00
Proofing Tax,,,failed,False,2026-08-21T02:09:31.680775+09:00
Proofing Terminal,,,failed,False,2026-08-18T23:51:52.563144+09:00
Proofing Ticket,,,failed,False,2026-08-19T21:32:28.691012+09:00
Proofing Timeline,,,failed,False,2026-08-19T21:32:08.265719+09:00
Proofing Timer,,,failed,False,2026-08-28T00:27:14.671575+09:00
Proofing Toll,,,failed,False,2026-08-21T02:40:33.895660+09:00
Proofing Toolbox,,,failed,False,2026-08-28T00:27:17.609628+09:00
Proofing Toolkit,,,failed,False,2026-08-18T22:06:25.984558+09:00
Proofing Total,,,failed,False,2026-08-27T23:15:49.054288+09:00
Proofing Tracker,,,failed,False,2026-08-18T22:08:07.311207+09:00
Proofing Trail,,,failed,False,2026-08-18T23:51:52.563144+09:00
Proofing Trial,,,failed,False,2026-08-27T21:18:10.943632+09:00
Proofing Unit,40.0,88.0,success,False,2026-08-21T01:53:02.269948+09:00
Proofing Update,,,failed,False,2026-08-19T20:46:39.045000+09:00
Proofing Value,,,failed,False,2026-08-23T02:55:08.559599+09:00
Proofing Vault,,,failed,False,2026-08-18T22:09:09.487365+09:00
Proofing Version,,,failed,False,2026-08-23T03:19:40.807348+09:00
Proofing View,,,failed,False,2026-08-19T20:46:10.724712+09:00
Proofing Voucher,,,failed,False,2026-08-21T00:25:50.747055+09:00
Proofing Watch,,,failed,False,2026-08-18T22:10:12.310168+09:00
Proofing Wave,,,failed,False,2026-08-18T22:10:53.801114+09:00
Proofing Widget,,,failed,False,2026-08-27T23:15:53.344715+09:00
Proofing Workbench,,,failed,False,2026-08-18T22:06:16.619003+09:00
Proofing Worksheet,,,failed,False,2026-08-27T22:13:43.125947+09:00
Proofing Zone,,,failed,False,2026-08-18T23:51:52.563144+09:00
Property Advance,50.0,4.0,success,False,2026-08-23T16:12:24.179825+09:00
Property Advisory,210.0,20.0,success,False,2026-08-21T01:02:14.395969+09:00
Property Allowance,390.0,1.0,success,False,2026-08-21T02:39:41.486000+09:00
Property Almanac,,,failed,False,2026-08-18T22:08:21.500006+09:00
Property Analyzer,170.0,22.0,success,False,2026-08-27T23:55:30.843972+09:00
Property Anchor,,,failed,False,2026-08-17T20:42:32.290659+09:00
Property Arrears,,,failed,False,2026-08-23T16:12:24.179825+09:00
Property Asset,390.0,2.0,success,False,2026-08-23T13:45:43.063828+09:00
Property Assistant,590.0,6.0,success,False,2026-08-17T23:09:00.584407+09:00
Property Atlas,90.0,5.0,success,False,2026-08-17T20:33:15.121215+09:00
Property Base,1000.0,16.0,success,False,2026-08-17T21:41:28.759770+09:00
Property Beacon,170.0,0.0,success,False,2026-08-17T20:46:07.350212+09:00
Property Bill,390.0,53.0,success,False,2026-08-19T21:47:34.110436+09:00
Property Blueprint,210.0,18.0,success,False,2026-08-18T22:08:15.553962+09:00
Property Board,480.0,3.0,success,False,2026-08-17T21:36:50.527973+09:00
Property Book,12100.0,38.0,success,False,2026-08-19T21:48:44.866696+09:00
Property Bridge,880.0,26.0,success,False,2026-08-17T20:43:29.254301+09:00
Property Brief,30.0,3.0,success,False,2026-08-21T01:00:18.302882+09:00
Property Bulletin,20.0,1.0,success,False,2026-08-21T01:00:13.557875+09:00
Property Calendar,90.0,2.0,success,False,2026-08-18T23:59:24.120788+09:00
Property Card,33100.0,0.0,success,True,2026-08-19T13:33:02.578163+09:00
Property Cascade,,,failed,False,2026-08-17T20:44:20.013961+09:00
Property Cash,170.0,20.0,success,False,2026-08-21T02:24:12.217966+09:00
Property Cashback,10.0,18.0,success,False,2026-08-27T21:15:09.099124+09:00
Property Catalog,90.0,2.0,success,False,2026-08-19T21:05:30.373866+09:00
Property Category,110.0,0.0,success,False,2026-08-23T13:06:51.579478+09:00
Property Center,2400.0,9.0,success,False,2026-08-17T21:30:22.425092+09:00
Property Chain,720.0,53.0,success,False,2026-08-17T20:38:02.236902+09:00
Property Charge,590.0,4.0,success,False,2026-08-21T02:39:27.182357+09:00
Property Check,14800.0,19.0,success,False,2026-08-19T13:33:37.732630+09:00
Property Checker,14800.0,19.0,success,False,2026-08-27T23:55:24.915525+09:00
Property Checklist,140.0,4.0,success,False,2026-08-19T21:04:27.192873+09:00
Property Circular,10.0,0.0,success,False,2026-08-21T01:02:14.395969+09:00
Property Cockpit,10.0,23.0,success,False,2026-08-17T23:07:32.474026+09:00
Property Code,720.0,1.0,success,False,2026-08-19T21:48:00.610703+09:00
Property Codex,,,failed,False,2026-08-18T22:08:38.388583+09:00
Property Companion,10.0,1.0,success,False,2026-08-17T23:06:54.696813+09:00
Property Comparison,140.0,28.0,success,False,2026-08-28T01:05:46.959097+09:00
Property Compass,50.0,5.0,success,False,2026-08-17T20:47:23.581270+09:00
Property Compendium,20.0,6.0,success,False,2026-08-18T22:08:30.649181+09:00
Property Confirmation,,,failed,False,2026-08-21T01:00:36.022676+09:00
Property Console,,,failed,False,2026-08-17T20:45:46.874737+09:00
Property Core,50.0,4.0,success,False,2026-08-17T21:39:22.624237+09:00
Property Cost,390.0,15.0,success,False,2026-08-21T02:08:56.102085+09:00
Property Count,70.0,3.0,success,False,2026-08-27T22:47:34.273654+09:00
Property Counter,70.0,3.0,success,False,2026-08-19T00:00:22.759146+09:00
Property Coupon,10.0,0.0,success,False,2026-08-27T21:15:06.762141+09:00
Property Dashboard,320.0,15.0,success,False,2026-08-17T23:12:14.829118+09:00
Property Deal,1000.0,11.0,success,False,2026-08-21T01:53:07.082720+09:00
Property Debt,70.0,0.0,success,False,2026-08-21T02:24:04.256033+09:00
Property Deck,50.0,1.0,success,False,2026-08-17T21:35:49.618076+09:00
Property Depot,50.0,6.0,success,False,2026-08-19T00:00:01.654497+09:00
Property Desk,720.0,12.0,success,False,2026-08-17T21:33:13.463030+09:00
Property Detail,3600.0,4.0,success,False,2026-08-23T03:18:36.305827+09:00
Property Detector,,,failed,False,2026-08-27T23:55:30.843972+09:00
Property Diagram,140.0,2.0,success,False,2026-08-27T22:09:25.119437+09:00
Property Dial,20.0,1.0,success,False,2026-08-17T20:43:57.612589+09:00
Property Digest,20.0,1.0,success,False,2026-08-19T20:37:25.311012+09:00
Property Directory,70.0,6.0,success,False,2026-08-18T23:59:34.906916+09:00
Property Discount,320.0,19.0,success,False,2026-08-23T16:12:18.349007+09:00
Property Dock,,,failed,False,2026-08-17T20:40:34.523017+09:00
Property Dossier,20.0,10.0,success,False,2026-08-21T01:00:38.610881+09:00
Property Downpayment,110.0,19.0,success,False,2026-08-27T21:46:39.546965+09:00
Property Draft,,,failed,False,2026-08-19T20:37:45.715949+09:00
Property Due,,,failed,False,2026-08-23T15:50:49.697674+09:00
Property Duty,10.0,3.0,success,False,2026-08-21T02:39:30.658601+09:00
Property Engine,1600.0,14.0,success,False,2026-08-17T23:03:55.937111+09:00
Property Entry,20.0,0.0,success,False,2026-08-21T01:00:50.612821+09:00
Property Estimate,1900.0,56.0,success,False,2026-08-19T21:05:18.754911+09:00
Property Estimator,320.0,52.0,success,False,2026-08-27T23:55:21.576264+09:00
Property Excerpt,10.0,0.0,success,False,2026-08-21T01:02:25.178710+09:00
Property Fare,10.0,7.0,success,False,2026-08-21T02:09:05.168889+09:00
Property Fee,260.0,4.0,success,False,2026-08-21T01:52:45.246437+09:00
Property Feed,20.0,10.0,success,False,2026-08-19T20:37:34.944185+09:00
Property File,6600.0,7.0,success,False,2026-08-19T20:48:12.973996+09:00
Property Finder,301000.0,48.0,success,False,2026-08-18T23:59:51.056306+09:00
Property Fine,40.0,30.0,success,False,2026-08-23T02:54:35.289098+09:00
Property Flag,140.0,12.0,success,False,2026-08-21T00:27:27.558535+09:00
Property Flow,260.0,8.0,success,False,2026-08-17T21:36:24.237197+09:00
Property Forge,,,failed,False,2026-08-17T20:45:18.923986+09:00
Property Form,720.0,21.0,success,False,2026-08-19T13:32:52.541757+09:00
Property Frame,20.0,3.0,success,False,2026-08-18T07:43:44.841764+09:00
Property Fund,1900.0,32.0,success,False,2026-08-21T02:24:08.080909+09:00
Property Gate,390.0,100.0,success,False,2026-08-17T20:35:04.556306+09:00
Property Giveaway,10.0,27.0,success,False,2026-08-27T21:15:13.256077+09:00
Property Grade,,,failed,False,2026-08-21T00:27:00.975108+09:00
Property Graph,880.0,6.0,success,False,2026-08-27T22:09:18.738684+09:00
Property Grid,390.0,4.0,success,False,2026-08-17T20:38:23.394205+09:00
Property Guarantee,30.0,8.0,success,False,2026-08-28T01:05:52.718366+09:00
Property Guard,170.0,9.0,success,False,2026-08-17T21:40:49.556938+09:00
Property Guardian,4400.0,3.0,success,False,2026-08-28T00:25:01.797092+09:00
Property Guidebook,,,failed,False,2026-08-18T22:07:58.079048+09:00
Property Helpdesk,50.0,2.0,success,False,2026-08-27T22:47:42.136854+09:00
Property Helper,320.0,3.0,success,False,2026-08-28T00:25:05.172390+09:00
Property History,3600.0,11.0,success,False,2026-08-19T20:48:06.706582+09:00
Property Hotline,10.0,2.0,success,False,2026-08-19T21:05:44.553245+09:00
Property Hub,27100.0,13.0,success,False,2026-08-17T21:35:16.200596+09:00
Property Identifier,18100.0,1.0,success,False,2026-08-23T13:06:49.264367+09:00
Property Incentive,10.0,16.0,success,False,2026-08-27T21:15:13.256077+09:00
Property Index,1600.0,2.0,success,False,2026-08-19T21:04:40.695118+09:00
Property Insight,1600.0,15.0,success,False,2026-08-17T23:12:45.983083+09:00
Property Installment,70.0,32.0,success,False,2026-08-23T16:12:20.898327+09:00
Property Interest,590.0,2.0,success,False,2026-08-23T13:45:43.063828+09:00
Property Item,90.0,0.0,success,False,2026-08-21T01:52:50.056270+09:00
Property Journal,140.0,1.0,success,False,2026-08-18T22:07:42.473360+09:00
Property Keeper,30.0,8.0,success,False,2026-08-18T07:52:25.028656+09:00
Property Lab,1900.0,3.0,success,False,2026-08-17T21:33:40.096792+09:00
Property Label,880.0,33.0,success,False,2026-08-27T22:09:18.738684+09:00
Property Layout,390.0,6.0,success,False,2026-08-27T22:28:46.749186+09:00
Property Ledger,110.0,18.0,success,False,2026-08-17T21:38:00.601683+09:00
Property Lens,210.0,8.0,success,False,2026-08-18T07:43:38.150133+09:00
Property Level,90.0,5.0,success,False,2026-08-19T20:48:20.425473+09:00
Property Levy,590.0,1.0,success,False,2026-08-23T13:45:46.037867+09:00
Property Link,4400.0,6.0,success,False,2026-08-23T03:18:29.464352+09:00
Property List,6600.0,14.0,success,False,2026-08-19T21:48:14.659198+09:00
Property Loan,9900.0,50.0,success,False,2026-08-21T02:09:12.482274+09:00
Property Locator,1000.0,9.0,success,False,2026-08-18T23:59:44.805528+09:00
Property Lock,170.0,40.0,success,False,2026-08-17T20:33:43.675774+09:00
Property Log,60500.0,0.0,success,True,2026-08-19T13:32:47.690424+09:00
Property Loop,880.0,12.0,success,False,2026-08-17T20:39:18.247368+09:00
Property Manager,40500.0,23.0,success,False,2026-08-18T07:52:33.463903+09:00
Property Manual,20.0,0.0,success,False,2026-08-27T22:09:22.436426+09:00
Property Map,6600.0,20.0,success,False,2026-08-17T20:32:39.820797+09:00
Property Margin,140.0,0.0,success,False,2026-08-23T02:54:31.488130+09:00
Property Marker,1300.0,94.0,success,False,2026-08-23T13:26:32.402839+09:00
Property Markup,,,failed,False,2026-08-23T16:37:56.709879+09:00
Property Memo,50.0,1.0,success,False,2026-08-21T00:27:09.364121+09:00
Property Message,30.0,0.0,success,False,2026-08-27T23:12:44.367905+09:00
Property Meter,40.0,13.0,success,False,2026-08-17T20:42:59.992193+09:00
Property Metrics,260.0,28.0,success,False,2026-08-17T23:05:03.232524+09:00
Property Monitor,14800.0,5.0,success,False,2026-08-17T23:10:38.410164+09:00
Property Navigator,480.0,7.0,success,False,2026-08-17T23:14:27.748058+09:00
Property Nexus,170.0,3.0,success,False,2026-08-17T20:34:15.100698+09:00
Property Node,50.0,0.0,success,False,2026-08-17T20:36:04.789698+09:00
Property Note,880.0,92.0,success,False,2026-08-19T13:33:49.819535+09:00
Property Notification,30.0,5.0,success,False,2026-08-27T22:47:31.900265+09:00
Property Number,4400.0,1.0,success,False,2026-08-23T03:18:21.895981+09:00
Property Office,1900.0,9.0,success,False,2026-08-19T00:00:12.518097+09:00
Property Ops,2900.0,2.0,success,False,2026-08-17T23:13:55.425659+09:00
Property Order,140.0,4.0,success,False,2026-08-19T21:47:20.280191+09:00
Property Organizer,50.0,3.0,success,False,2026-08-17T23:05:41.457486+09:00
Property Panel,880.0,2.0,success,False,2026-08-17T20:44:43.054193+09:00
Property Pass,390.0,5.0,success,False,2026-08-21T00:26:25.580219+09:00
Property Path,210.0,1.0,success,False,2026-08-17T20:35:36.002153+09:00
Property Payoff,,,failed,False,2026-08-27T21:46:39.546965+09:00
Property Penalty,,,failed,False,2026-08-23T16:37:54.537855+09:00
Property Petition,20.0,9.0,success,False,2026-08-21T01:00:31.922622+09:00
Property Pilot,320.0,28.0,success,False,2026-08-17T21:34:15.444697+09:00
Property Plan,2400.0,11.0,success,False,2026-08-21T01:52:58.378871+09:00
Property Planner,2400.0,11.0,success,False,2026-08-17T23:11:11.238352+09:00
Property Playbook,70.0,8.0,success,False,2026-08-18T22:07:36.107745+09:00
Property Point,2900.0,2.0,success,False,2026-08-17T20:34:36.732015+09:00
Property Portal,2400.0,16.0,success,False,2026-08-17T20:46:46.837602+09:00
Property Preview,40.0,3.0,success,False,2026-08-28T01:05:46.959097+09:00
Property Profile,1900.0,10.0,success,False,2026-08-19T13:34:03.969558+09:00
Property Profit,90.0,6.0,success,False,2026-08-23T02:54:28.936816+09:00
Property Proposal,90.0,38.0,success,False,2026-08-28T01:05:50.050566+09:00
Property Pulse,720.0,6.0,success,False,2026-08-17T20:37:29.909330+09:00
Property Queue,10.0,0.0,success,False,2026-08-19T21:05:05.946905+09:00
Property Quota,,,failed,False,2026-08-21T00:27:19.385133+09:00
Property Radar,12100.0,53.0,success,False,2026-08-17T21:32:03.436124+09:00
Property Rail,,,failed,False,2026-08-17T20:39:46.897200+09:00
Property Rate,3600.0,2.0,success,False,2026-08-19T20:48:26.152213+09:00
Property Recap,,,failed,False,2026-08-21T01:02:23.111892+09:00
Property Receipt,260.0,2.0,success,False,2026-08-19T21:47:46.224144+09:00
Property Redemption,170.0,2.0,success,False,2026-08-23T16:37:59.116023+09:00
Property Register,33100.0,1.0,success,False,2026-08-17T23:09:18.796206+09:00
Property Registry,33100.0,1.0,success,False,2026-08-18T22:08:07.311207+09:00
Property Relay,,,failed,False,2026-08-17T21:30:53.341117+09:00
Property Reminder,,,failed,False,2026-08-19T21:04:13.651960+09:00
Property Report,5400.0,30.0,success,False,2026-08-19T13:32:40.491815+09:00
Property Repository,,,failed,False,2026-08-27T23:12:56.649660+09:00
Property Roadmap,,,failed,False,2026-08-18T22:08:45.047635+09:00
Property Roster,10.0,0.0,success,False,2026-08-19T00:38:18.682483+09:00
Property Route,320.0,1.0,success,False,2026-08-17T20:41:19.373388+09:00
Property Rule,390.0,0.0,success,False,2026-08-23T03:18:33.193002+09:00
Property Sale,14800.0,22.0,success,False,2026-08-21T02:24:19.138497+09:00
Property Sample,320.0,2.0,success,False,2026-08-19T21:49:09.518107+09:00
Property Scale,260.0,90.0,success,False,2026-08-17T20:42:10.144192+09:00
Property Scanner,170.0,5.0,success,False,2026-08-27T23:55:28.059641+09:00
Property Scheduler,,,failed,False,2026-08-17T22:49:19.411310+09:00
Property Scope,140.0,4.0,success,False,2026-08-17T20:40:13.744558+09:00
Property Score,210.0,5.0,success,False,2026-08-19T13:33:44.098374+09:00
Property Sentry,,,failed,False,2026-08-17T20:32:02.325008+09:00
Property Serial,10.0,0.0,success,False,2026-08-23T13:26:25.215433+09:00
Property Sheet,260.0,0.0,success,False,2026-08-19T13:33:13.480936+09:00
Property Signal,,,failed,False,2026-08-17T20:41:48.704350+09:00
Property Signature,40.0,1.0,success,False,2026-08-23T13:26:30.213560+09:00
Property Slip,,,failed,False,2026-08-19T21:48:58.615287+09:00
Property Slot,10.0,0.0,success,False,2026-08-19T21:49:18.898188+09:00
Property Snapshot,50.0,2.0,success,False,2026-08-18T22:07:51.533580+09:00
Property Stake,320.0,1.0,success,False,2026-08-23T02:54:31.488130+09:00
Property Stamp,480.0,69.0,success,False,2026-08-23T13:26:35.864064+09:00
Property Statement,1300.0,1.0,success,False,2026-08-21T00:26:46.014545+09:00
Property Station,3600.0,9.0,success,False,2026-08-17T21:32:40.946824+09:00
Property Status,1000.0,2.0,success,False,2026-08-19T20:47:51.523685+09:00
Property Studio,480.0,4.0,success,False,2026-08-17T21:34:46.886716+09:00
Property Subsidy,50.0,5.0,success,False,2026-08-23T15:50:51.928952+09:00
Property Suite,590.0,2.0,success,False,2026-08-17T23:14:14.412117+09:00
Property Sum,,,failed,False,2026-08-21T02:23:59.841123+09:00
Property Summary,260.0,11.0,success,False,2026-08-19T21:03:49.756847+09:00
Property Surtax,,,failed,False,2026-08-23T15:50:54.236884+09:00
Property Sync,590.0,6.0,success,False,2026-08-17T21:37:26.190503+09:00
Property Tab,70.0,0.0,success,False,2026-08-21T00:27:34.970005+09:00
Property Table,590.0,0.0,success,False,2026-08-19T21:48:27.069382+09:00
Property Tag,720.0,61.0,success,False,2026-08-19T13:33:57.418081+09:00
Property Tally,,,failed,False,2026-08-21T00:26:49.726902+09:00
Property Tariff,10.0,0.0,success,False,2026-08-21T02:39:44.265069+09:00
Property Tax,450000.0,1.0,success,False,2026-08-21T02:09:08.901398+09:00
Property Ticket,30.0,0.0,success,False,2026-08-19T21:04:53.638566+09:00
Property Tier,,,failed,False,2026-08-28T00:47:41.403976+09:00
Property Timeline,70.0,10.0,success,False,2026-08-19T21:04:01.717737+09:00
Property Token,320.0,23.0,success,False,2026-08-23T13:26:27.447056+09:00
Property Toll,10.0,0.0,success,False,2026-08-21T02:39:34.519072+09:00
Property Toolbox,10.0,0.0,success,False,2026-08-28T00:25:01.797092+09:00
Property Toolkit,20.0,12.0,success,False,2026-08-18T22:07:26.351718+09:00
Property Total,2900.0,8.0,success,False,2026-08-27T23:12:46.818245+09:00
Property Tracker,720.0,29.0,success,False,2026-08-17T21:38:32.905021+09:00
Property Trail,,,failed,False,2026-08-17T20:38:51.261946+09:00
Property Trend,320.0,5.0,success,False,2026-08-28T01:05:44.373460+09:00
Property Trial,,,failed,False,2026-08-27T21:15:09.099124+09:00
Property Unit,320.0,2.0,success,False,2026-08-21T01:52:54.387860+09:00
Property Update,1000.0,2.0,success,False,2026-08-19T20:37:14.893241+09:00
Property Vault,390.0,0.0,success,False,2026-08-17T20:48:37.567206+09:00
Property Version,20.0,0.0,success,False,2026-08-23T03:18:25.372913+09:00
Property View,8100.0,3.0,success,False,2026-08-19T20:47:58.897100+09:00
Property Voucher,30.0,1.0,success,False,2026-08-21T00:26:30.376720+09:00
Property Watch,720.0,11.0,success,False,2026-08-17T20:40:55.263419+09:00
Property Wave,8100.0,1.0,success,False,2026-08-17T20:36:31.502472+09:00
Property Widget,20.0,11.0,success,False,2026-08-27T23:12:50.672441+09:00
Property Workbench,,,failed,False,2026-08-18T22:07:18.676319+09:00
Property Worksheet,90.0,1.0,success,False,2026-08-27T22:09:25.119437+09:00
Property Workshop,30.0,35.0,success,False,2026-08-28T00:24:58.982196+09:00
Property Zone,1900.0,3.0,success,False,2026-08-17T20:48:02.919436+09:00
Provider Advance,,,failed,False,2026-08-23T16:16:55.140069+09:00
Provider Advisory,,,failed,False,2026-08-21T01:04:08.971472+09:00
Provider Allowance,,,failed,False,2026-08-21T02:43:19.046773+09:00
Provider Almanac,,,failed,False,2026-08-18T23:51:54.255899+09:00
Provider Analyzer,,,failed,False,2026-08-27T23:51:29.405566+09:00
Provider Anchor,,,failed,False,2026-08-17T20:34:40.569545+09:00
Provider Announcement,,,failed,False,2026-08-27T23:31:41.970749+09:00
Provider Arrears,,,failed,False,2026-08-23T16:16:51.381360+09:00
Provider Assistant,110.0,4.0,success,False,2026-08-17T23:29:20.352796+09:00
Provider Atlas,,,failed,False,2026-08-17T21:34:20.474166+09:00
Provider Badge,,,failed,False,2026-08-21T00:30:49.324092+09:00
Provider Balance,,,failed,False,2026-08-23T13:48:17.793072+09:00
Provider Base,50.0,3.0,success,False,2026-08-17T21:30:27.922058+09:00
Provider Beacon,50.0,12.0,success,False,2026-08-17T20:38:26.412397+09:00
Provider Bill,,,failed,False,2026-08-19T21:52:35.745180+09:00
Provider Blueprint,,,failed,False,2026-08-18T23:51:54.255899+09:00
Provider Board,,,failed,False,2026-08-17T20:45:50.172264+09:00
Provider Book,10.0,0.0,success,False,2026-08-19T21:53:37.602067+09:00
Provider Bridge,40.0,0.0,success,False,2026-08-17T20:35:40.356029+09:00
Provider Brief,,,failed,False,2026-08-21T01:03:59.232813+09:00
Provider Bulletin,20.0,0.0,success,False,2026-08-21T01:03:53.377990+09:00
Provider Calendar,50.0,4.0,success,False,2026-08-18T23:58:19.517114+09:00
Provider Card,480.0,20.0,success,False,2026-08-19T13:41:12.937543+09:00
Provider Cascade,,,failed,False,2026-08-17T20:36:38.149505+09:00
Provider Cash,,,failed,False,2026-08-21T02:27:51.067603+09:00
Provider Cashback,10.0,,success,False,2026-08-27T21:19:50.770385+09:00
Provider Catalog,,,failed,False,2026-08-19T21:09:08.250321+09:00
Provider Center,40.0,0.0,success,False,2026-08-17T20:40:41.186342+09:00
Provider Chain,,,failed,False,2026-08-17T21:40:59.899740+09:00
Provider Charge,,,failed,False,2026-08-21T02:43:10.515094+09:00
Provider Check,590.0,45.0,success,False,2026-08-19T13:41:47.769675+09:00
Provider Checker,590.0,45.0,success,False,2026-08-27T23:51:21.141566+09:00
Provider Checklist,20.0,7.0,success,False,2026-08-19T21:08:11.674763+09:00
Provider Circular,,,failed,False,2026-08-21T01:04:02.292645+09:00
Provider Cockpit,,,failed,False,2026-08-17T23:11:13.383500+09:00
Provider Code,210.0,0.0,success,False,2026-08-19T21:53:00.908408+09:00
Provider Codex,,,failed,False,2026-08-18T23:51:54.255899+09:00
Provider Companion,,,failed,False,2026-08-17T23:30:39.559752+09:00
Provider Comparison,90.0,16.0,success,False,2026-08-28T01:02:23.926913+09:00
Provider Compass,,,failed,False,2026-08-17T20:39:21.363517+09:00
Provider Compendium,,,failed,False,2026-08-18T23:51:54.255899+09:00
Provider Confirmation,,,failed,False,2026-08-21T01:04:20.278964+09:00
Provider Console,,,failed,False,2026-08-17T20:38:04.703276+09:00
Provider Contribution,,,failed,False,2026-08-23T16:16:51.381360+09:00
Provider Copayment,,,failed,False,2026-08-23T16:40:16.940020+09:00
Provider Core,10.0,0.0,success,False,2026-08-17T20:48:09.439521+09:00
Provider Cost,10.0,0.0,success,False,2026-08-21T02:11:55.079933+09:00
Provider Count,,,failed,False,2026-08-27T22:44:16.144123+09:00
Provider Counter,,,failed,False,2026-08-18T23:59:14.499030+09:00
Provider Coupon,,,failed,False,2026-08-27T21:19:46.309866+09:00
Provider Dashboard,140.0,9.0,success,False,2026-08-17T23:30:24.350682+09:00
Provider Deal,,,failed,False,2026-08-21T01:56:25.732902+09:00
Provider Debt,,,failed,False,2026-08-21T02:27:43.385895+09:00
Provider Deck,,,failed,False,2026-08-17T20:44:46.784780+09:00
Provider Depot,,,failed,False,2026-08-18T23:58:57.268328+09:00
Provider Desk,,,failed,False,2026-08-17T20:42:36.789908+09:00
Provider Detail,,,failed,False,2026-08-23T03:22:45.099275+09:00
Provider Diagram,,,failed,False,2026-08-27T22:15:49.874448+09:00
Provider Dial,,,failed,False,2026-08-17T20:36:08.746361+09:00
Provider Digest,,,failed,False,2026-08-19T20:39:09.333161+09:00
Provider Directory,1300.0,8.0,success,False,2026-08-18T23:58:29.314698+09:00
Provider Discount,40.0,0.0,success,False,2026-08-23T16:16:48.615272+09:00
Provider Dock,,,failed,False,2026-08-17T20:32:08.584337+09:00
Provider Dossier,,,failed,False,2026-08-21T01:04:24.715250+09:00
Provider Downpayment,,,failed,False,2026-08-27T21:50:49.400709+09:00
Provider Draft,,,failed,False,2026-08-19T20:39:26.869721+09:00
Provider Due,,,failed,False,2026-08-23T15:52:54.963093+09:00
Provider Duty,,,failed,False,2026-08-21T02:43:14.426169+09:00
Provider Endowment,,,failed,False,2026-08-23T15:52:57.176155+09:00
Provider Engine,,,failed,False,2026-08-17T23:07:52.950180+09:00
Provider Entry,,,failed,False,2026-08-21T01:04:53.420072+09:00
Provider Estimate,,,failed,False,2026-08-19T21:08:56.210906+09:00
Provider Excerpt,,,failed,False,2026-08-21T01:04:44.330584+09:00
Provider Fare,,,failed,False,2026-08-21T02:12:01.712721+09:00
Provider Fee,70.0,0.0,success,False,2026-08-21T01:56:06.760187+09:00
Provider Feed,,,failed,False,2026-08-19T20:39:21.250222+09:00
Provider File,720.0,0.0,success,False,2026-08-19T20:38:30.453873+09:00
Provider Finder,1900.0,12.0,success,False,2026-08-18T23:58:49.693970+09:00
Provider Fine,,,failed,False,2026-08-23T02:57:27.142882+09:00
Provider Flag,,,failed,False,2026-08-21T00:31:34.132172+09:00
Provider Flow,9900.0,0.0,success,True,2026-08-17T20:45:24.269018+09:00
Provider Forge,,,failed,False,2026-08-17T20:37:34.472176+09:00
Provider Form,320.0,5.0,success,False,2026-08-19T13:40:53.899440+09:00
Provider Frame,,,failed,False,2026-08-17T21:31:35.848823+09:00
Provider Fund,10.0,0.0,success,False,2026-08-21T02:27:47.388523+09:00
Provider Gate,,,failed,False,2026-08-17T21:36:26.445152+09:00
Provider Giveaway,,,failed,False,2026-08-27T21:19:56.366947+09:00
Provider Grade,,,failed,False,2026-08-21T00:31:14.600161+09:00
Provider Graph,,,failed,False,2026-08-27T22:15:29.214068+09:00
Provider Grid,,,failed,False,2026-08-17T21:41:34.183941+09:00
Provider Guarantee,,,failed,False,2026-08-28T01:02:31.716235+09:00
Provider Guard,,,failed,False,2026-08-17T20:48:44.119140+09:00
Provider Guardian,210.0,6.0,success,False,2026-08-28T00:21:38.214311+09:00
Provider Guidebook,,,failed,False,2026-08-18T23:51:54.255899+09:00
Provider Helpdesk,,,failed,False,2026-08-27T22:44:19.444390+09:00
Provider Helper,,,failed,False,2026-08-28T00:21:43.222424+09:00
Provider History,10.0,0.0,success,False,2026-08-19T20:38:22.141016+09:00
Provider Hotline,50.0,0.0,success,False,2026-08-19T21:09:22.382807+09:00
Provider Hub,2900.0,0.0,success,True,2026-08-17T20:44:22.162347+09:00
Provider Identifier,390.0,1.0,success,False,2026-08-23T13:09:12.775055+09:00
Provider Incentive,,,failed,False,2026-08-27T21:19:54.141367+09:00
Provider Index,10.0,2.0,success,False,2026-08-19T21:08:21.181421+09:00
Provider Insight,,,failed,False,2026-08-17T23:04:01.438390+09:00
Provider Installment,,,failed,False,2026-08-23T16:16:48.615272+09:00
Provider Interest,,,failed,False,2026-08-23T13:48:19.972957+09:00
Provider Item,,,failed,False,2026-08-21T01:56:12.510800+09:00
Provider Journal,10.0,0.0,success,False,2026-08-18T23:51:54.255899+09:00
Provider Keeper,,,failed,False,2026-08-17T21:32:11.115049+09:00
Provider Kit,,,failed,False,2026-08-27T22:44:11.984469+09:00
Provider Lab,,,failed,False,2026-08-17T20:43:05.974432+09:00
Provider Label,10.0,3.0,success,False,2026-08-27T22:15:33.141509+09:00
Provider Ledger,,,failed,False,2026-08-17T20:46:51.703605+09:00
Provider Lens,,,failed,False,2026-08-17T21:32:47.122898+09:00
Provider Level,,,failed,False,2026-08-19T20:38:39.383467+09:00
Provider Link,720.0,1.0,success,False,2026-08-23T03:22:39.014022+09:00
Provider List,480.0,2.0,success,False,2026-08-19T21:53:13.442826+09:00
Provider Loan,30.0,35.0,success,False,2026-08-21T02:12:10.627447+09:00
Provider Locator,210.0,11.0,success,False,2026-08-18T23:58:38.723569+09:00
Provider Lock,20.0,7.0,success,False,2026-08-17T21:34:53.019649+09:00
Provider Log,10.0,0.0,success,False,2026-08-19T13:40:38.246974+09:00
Provider Loop,10.0,0.0,success,False,2026-08-18T07:53:01.701423+09:00
Provider Manager,70.0,2.0,success,False,2026-08-17T21:31:00.206645+09:00
Provider Manual,590.0,0.0,success,False,2026-08-27T22:15:41.431097+09:00
Provider Map,50.0,5.0,success,False,2026-08-17T21:33:45.075228+09:00
Provider Margin,,,failed,False,2026-08-23T02:57:24.970560+09:00
Provider Markup,,,failed,False,2026-08-23T16:40:16.940020+09:00
Provider Memo,,,failed,False,2026-08-21T00:31:19.573899+09:00
Provider Message,,,failed,False,2026-08-27T23:10:02.620929+09:00
Provider Meter,,,failed,False,2026-08-17T20:35:09.040915+09:00
Provider Metrics,,,failed,False,2026-08-17T23:30:08.040310+09:00
Provider Monitor,10.0,36.0,success,False,2026-08-17T23:29:51.250400+09:00
Provider Navigator,10.0,0.0,success,False,2026-08-17T23:05:47.972316+09:00
Provider Nexus,50.0,2.0,success,False,2026-08-17T21:35:20.515813+09:00
Provider Node,10.0,36.0,success,False,2026-08-17T21:37:32.627735+09:00
Provider Note,70.0,5.0,success,False,2026-08-19T13:42:06.803998+09:00
Provider Notification,30.0,0.0,success,False,2026-08-27T22:44:08.062899+09:00
Provider Number,1900.0,0.0,success,True,2026-08-23T03:22:30.618913+09:00
Provider Office,210.0,2.0,success,False,2026-08-18T23:59:06.121375+09:00
Provider Ops,,,failed,False,2026-08-17T23:30:52.147668+09:00
Provider Order,320.0,5.0,success,False,2026-08-19T21:52:20.652566+09:00
Provider Organizer,,,failed,False,2026-08-17T23:09:40.999221+09:00
Provider Overage,,,failed,False,2026-08-27T21:50:46.767806+09:00
Provider Overdraft,,,failed,False,2026-08-23T15:52:57.176155+09:00
Provider Overdue,,,failed,False,2026-08-27T21:50:44.551751+09:00
Provider Panel,480.0,2.0,success,False,2026-08-17T20:37:05.313557+09:00
Provider Pass,,,failed,False,2026-08-21T00:30:37.167399+09:00
Provider Path,210.0,19.0,success,False,2026-08-17T21:36:54.710856+09:00
Provider Payoff,,,failed,False,2026-08-27T21:50:44.551751+09:00
Provider Penalty,,,failed,False,2026-08-23T16:40:16.940020+09:00
Provider Petition,,,failed,False,2026-08-21T01:04:15.866621+09:00
Provider Pilot,,,failed,False,2026-08-17T20:43:32.566232+09:00
Provider Plan,110.0,5.0,success,False,2026-08-21T01:56:21.292165+09:00
Provider Planner,,,failed,False,2026-08-17T23:14:48.085579+09:00
Provider Playbook,,,failed,False,2026-08-18T23:51:54.255899+09:00
Provider Point,90.0,0.0,success,False,2026-08-17T21:35:54.911296+09:00
Provider Portal,33100.0,1.0,success,False,2026-08-17T20:38:58.199942+09:00
Provider Preview,,,failed,False,2026-08-28T01:02:28.948807+09:00
Provider Profile,140.0,1.0,success,False,2026-08-19T13:42:30.376897+09:00
Provider Profit,,,failed,False,2026-08-23T02:57:17.363671+09:00
Provider Proposal,,,failed,False,2026-08-28T01:02:28.948807+09:00
Provider Pulse,,,failed,False,2026-08-17T21:39:28.354494+09:00
Provider Queue,,,failed,False,2026-08-19T21:08:43.971729+09:00
Provider Quota,,,failed,False,2026-08-21T00:31:26.827984+09:00
Provider Radar,,,failed,False,2026-08-17T20:41:53.253624+09:00
Provider Rail,,,failed,False,2026-08-18T07:52:03.741881+09:00
Provider Rank,,,failed,False,2026-08-28T00:45:59.297593+09:00
Provider Rate,50.0,1.0,success,False,2026-08-19T20:38:50.239529+09:00
Provider Recap,,,failed,False,2026-08-21T01:04:32.859141+09:00
Provider Receipt,,,failed,False,2026-08-19T21:52:45.174751+09:00
Provider Recorder,,,failed,False,2026-08-27T23:31:53.599891+09:00
Provider Register,480.0,6.0,success,False,2026-08-17T23:12:51.339052+09:00
Provider Registry,480.0,6.0,success,False,2026-08-18T23:51:54.255899+09:00
Provider Relay,,,failed,False,2026-08-17T20:41:01.819842+09:00
Provider Reminder,,,failed,False,2026-08-19T21:08:00.939328+09:00
Provider Report,50.0,3.0,success,False,2026-08-19T13:40:19.370480+09:00
Provider Repository,10.0,0.0,success,False,2026-08-27T23:10:09.258839+09:00
Provider Roadmap,,,failed,False,2026-08-18T23:51:54.255899+09:00
Provider Roster,90.0,2.0,success,False,2026-08-19T00:37:50.207260+09:00
Provider Route,,,failed,False,2026-08-17T20:33:18.087238+09:00
Provider Rule,,,failed,False,2026-08-23T03:22:42.501986+09:00
Provider Sale,,,failed,False,2026-08-21T02:27:53.442278+09:00
Provider Sample,,,failed,False,2026-08-19T21:54:00.654442+09:00
Provider Scale,10.0,0.0,success,False,2026-08-17T20:34:17.127214+09:00
Provider Scheduler,,,failed,False,2026-08-17T23:29:37.041815+09:00
Provider Scope,10.0,0.0,success,False,2026-08-17T20:31:35.680631+09:00
Provider Score,,,failed,False,2026-08-19T13:41:59.783078+09:00
Provider Sentry,,,failed,False,2026-08-17T21:33:19.243075+09:00
Provider Sheet,,,failed,False,2026-08-19T13:41:26.637679+09:00
Provider Shortfall,,,failed,False,2026-08-27T21:50:51.730845+09:00
Provider Signal,10.0,0.0,success,False,2026-08-17T20:33:48.971139+09:00
Provider Signature,260.0,3.0,success,False,2026-08-23T13:28:10.942428+09:00
Provider Slip,,,failed,False,2026-08-19T21:53:47.413598+09:00
Provider Slot,590.0,2.0,success,False,2026-08-19T21:54:10.446339+09:00
Provider Snapshot,,,failed,False,2026-08-18T23:51:54.255899+09:00
Provider Stake,,,failed,False,2026-08-23T02:57:21.827227+09:00
Provider Statement,40.0,0.0,success,False,2026-08-21T00:31:03.590955+09:00
Provider Station,,,failed,False,2026-08-17T20:42:12.704128+09:00
Provider Status,70.0,0.0,success,False,2026-08-19T20:38:05.655570+09:00
Provider Stipend,10.0,0.0,success,False,2026-08-23T13:48:19.972957+09:00
Provider Stub,,,failed,False,2026-08-21T00:30:55.600635+09:00
Provider Studio,140.0,5.0,success,False,2026-08-17T20:44:01.266186+09:00
Provider Subsidy,,,failed,False,2026-08-23T15:52:57.176155+09:00
Provider Suite,10.0,24.0,success,False,2026-08-17T23:29:01.871676+09:00
Provider Sum,,,failed,False,2026-08-21T02:27:38.390107+09:00
Provider Summary,,,failed,False,2026-08-19T21:07:42.156894+09:00
Provider Surtax,,,failed,False,2026-08-23T15:52:59.645505+09:00
Provider Sync,,,failed,False,2026-08-17T20:46:14.149623+09:00
Provider Tab,40.0,0.0,success,False,2026-08-21T00:31:41.208752+09:00
Provider Table,10.0,0.0,success,False,2026-08-19T21:53:24.173556+09:00
Provider Tag,10.0,0.0,success,False,2026-08-19T13:42:19.343176+09:00
Provider Tally,,,failed,False,2026-08-21T00:31:07.825329+09:00
Provider Tariff,,,failed,False,2026-08-21T02:43:21.598191+09:00
Provider Tax,320.0,0.0,success,False,2026-08-21T02:12:06.796728+09:00
Provider Ticket,,,failed,False,2026-08-19T21:08:33.836263+09:00
Provider Tier,10.0,0.0,success,False,2026-08-28T00:45:59.297593+09:00
Provider Timeline,,,failed,False,2026-08-19T21:07:51.410434+09:00
Provider Timer,,,failed,False,2026-08-28T00:21:32.683664+09:00
Provider Toll,,,failed,False,2026-08-21T02:43:16.744782+09:00
Provider Toolbox,,,failed,False,2026-08-28T00:21:40.685047+09:00
Provider Toolkit,110.0,4.0,success,False,2026-08-18T22:12:23.623332+09:00
Provider Total,,,failed,False,2026-08-27T23:10:02.620929+09:00
Provider Tracker,,,failed,False,2026-08-17T20:47:28.313560+09:00
Provider Trail,,,failed,False,2026-08-18T07:52:17.361320+09:00
Provider Trend,,,failed,False,2026-08-28T01:02:23.926913+09:00
Provider Trial,,,failed,False,2026-08-27T21:19:54.141367+09:00
Provider Unit,,,failed,False,2026-08-21T01:56:16.843249+09:00
Provider Update,40.0,0.0,success,False,2026-08-19T20:38:59.819787+09:00
Provider Value,10.0,0.0,success,False,2026-08-23T02:57:17.363671+09:00
Provider Vault,70.0,1.0,success,False,2026-08-17T20:40:17.203996+09:00
Provider Version,20.0,0.0,success,False,2026-08-23T03:22:34.004366+09:00
Provider View,20.0,0.0,success,False,2026-08-19T20:38:12.818207+09:00
Provider Voucher,10.0,0.0,success,False,2026-08-21T00:30:44.450501+09:00
Provider Watch,10.0,0.0,success,False,2026-08-17T20:32:46.505342+09:00
Provider Wave,,,failed,False,2026-08-17T21:38:05.775829+09:00
Provider Widget,10.0,0.0,success,False,2026-08-27T23:10:05.739440+09:00
Provider Workbench,,,failed,False,2026-08-18T22:12:15.534077+09:00
Provider Worksheet,,,failed,False,2026-08-27T22:15:41.431097+09:00
Provider Workshop,,,failed,False,2026-08-28T00:21:35.352628+09:00
Provider Zone,20.0,0.0,success,False,2026-08-17T20:39:51.023967+09:00
Provisioning Advance,,,failed,False,2026-08-23T16:15:20.225326+09:00
Provisioning Allowance,,,failed,False,2026-08-21T02:42:02.551252+09:00
Provisioning Almanac,,,failed,False,2026-08-18T22:05:38.221943+09:00
Provisioning Analyzer,,,failed,False,2026-08-27T23:57:16.212473+09:00
Provisioning Anchor,,,failed,False,2026-08-18T07:52:03.741881+09:00
Provisioning Arrears,,,failed,False,2026-08-23T16:15:17.461758+09:00
Provisioning Assistant,10.0,,success,False,2026-08-17T22:46:53.613180+09:00
Provisioning Atlas,,,failed,False,2026-08-17T20:44:01.266186+09:00
Provisioning Attribute,,,failed,False,2026-08-23T13:07:48.964667+09:00
Provisioning Badge,,,failed,False,2026-08-21T00:28:26.135871+09:00
Provisioning Base,,,failed,False,2026-08-17T20:41:03.029394+09:00
Provisioning Beacon,,,failed,False,2026-08-18T07:51:58.234946+09:00
Provisioning Bill,,,failed,False,2026-08-19T21:48:31.545228+09:00
Provisioning Blueprint,,,failed,False,2026-08-18T22:05:30.177500+09:00
Provisioning Board,,,failed,False,2026-08-17T20:38:31.317013+09:00
Provisioning Book,,,failed,False,2026-08-19T21:49:32.440919+09:00
Provisioning Booth,,,failed,False,2026-08-19T00:23:43.046041+09:00
Provisioning Bridge,,,failed,False,2026-08-17T20:32:39.820797+09:00
Provisioning Brief,,,failed,False,2026-08-21T01:01:35.076961+09:00
Provisioning Bulletin,,,failed,False,2026-08-21T01:01:32.949178+09:00
Provisioning Calendar,,,failed,False,2026-08-19T00:04:18.277485+09:00
Provisioning Card,,,failed,False,2026-08-19T13:27:04.208602+09:00
Provisioning Cascade,,,failed,False,2026-08-17T20:33:43.675774+09:00
Provisioning Cash,,,failed,False,2026-08-21T02:26:32.701256+09:00
Provisioning Catalog,,,failed,False,2026-08-19T21:05:18.754911+09:00
Provisioning Category,,,failed,False,2026-08-23T13:07:48.964667+09:00
Provisioning Center,720.0,2.0,success,False,2026-08-17T20:32:47.475978+09:00
Provisioning Chain,,,failed,False,2026-08-17T21:30:30.781560+09:00
Provisioning Charge,,,failed,False,2026-08-21T02:41:49.318667+09:00
Provisioning Check,,,failed,False,2026-08-19T13:27:27.071698+09:00
Provisioning Checker,,,failed,False,2026-08-27T23:57:10.397260+09:00
Provisioning Checklist,,,failed,False,2026-08-19T21:04:15.563221+09:00
Provisioning Cockpit,,,failed,False,2026-08-17T23:24:19.906640+09:00
Provisioning Code,50.0,0.0,success,False,2026-08-19T21:48:58.615287+09:00
Provisioning Codex,,,failed,False,2026-08-18T22:05:55.715721+09:00
Provisioning Companion,,,failed,False,2026-08-17T23:10:00.779750+09:00
Provisioning Comparison,,,failed,False,2026-08-28T01:01:45.010115+09:00
Provisioning Compass,,,failed,False,2026-08-18T07:43:59.355214+09:00
Provisioning Compendium,,,failed,False,2026-08-18T22:05:47.884963+09:00
Provisioning Confirmation,,,failed,False,2026-08-21T01:01:56.777468+09:00
Provisioning Console,10.0,0.0,success,False,2026-08-17T20:35:04.556306+09:00
Provisioning Contribution,,,failed,False,2026-08-23T16:15:12.953510+09:00
Provisioning Core,,,failed,False,2026-08-17T20:40:19.019495+09:00
Provisioning Cost,90.0,1.0,success,False,2026-08-21T02:10:49.609792+09:00
Provisioning Count,,,failed,False,2026-08-27T22:49:17.563475+09:00
Provisioning Dashboard,,,failed,False,2026-08-17T23:06:45.787789+09:00
Provisioning Deal,,,failed,False,2026-08-21T01:55:03.003035+09:00
Provisioning Debt,,,failed,False,2026-08-21T02:26:26.896086+09:00
Provisioning Deck,,,failed,False,2026-08-17T20:37:38.706086+09:00
Provisioning Depot,,,failed,False,2026-08-19T00:04:44.561310+09:00
Provisioning Desk,,,failed,False,2026-08-17T20:35:12.658616+09:00
Provisioning Detail,,,failed,False,2026-08-23T03:20:39.175053+09:00
Provisioning Detector,,,failed,False,2026-08-27T23:57:12.985174+09:00
Provisioning Diagram,,,failed,False,2026-08-27T22:12:46.306034+09:00
Provisioning Dial,,,failed,False,2026-08-17T20:33:10.817795+09:00
Provisioning Digest,,,failed,False,2026-08-19T20:42:09.827682+09:00
Provisioning Directory,,,failed,False,2026-08-19T00:04:28.645558+09:00
Provisioning Discount,,,failed,False,2026-08-23T16:15:09.158473+09:00
Provisioning Dock,,,failed,False,2026-08-17T21:33:48.082783+09:00
Provisioning Dossier,,,failed,False,2026-08-21T01:02:54.788235+09:00
Provisioning Downpayment,,,failed,False,2026-08-27T21:48:25.630641+09:00
Provisioning Draft,,,failed,False,2026-08-19T20:42:21.972075+09:00
Provisioning Due,,,failed,False,2026-08-23T15:52:15.458518+09:00
Provisioning Duty,,,failed,False,2026-08-21T02:41:51.779430+09:00
Provisioning Engine,20.0,1.0,success,False,2026-08-17T23:26:24.551704+09:00
Provisioning Entry,,,failed,False,2026-08-21T01:02:13.283707+09:00
Provisioning Estimate,,,failed,False,2026-08-19T21:05:07.680797+09:00
Provisioning Estimator,,,failed,False,2026-08-27T23:57:10.397260+09:00
Provisioning Excerpt,,,failed,False,2026-08-21T01:02:59.724963+09:00
Provisioning Extension,,,failed,False,2026-08-23T16:39:23.209795+09:00
Provisioning Fare,,,failed,False,2026-08-21T02:10:55.409815+09:00
Provisioning Fee,,,failed,False,2026-08-21T01:54:45.555150+09:00
Provisioning Feed,,,failed,False,2026-08-19T20:42:17.170868+09:00
Provisioning File,110.0,0.0,success,False,2026-08-19T20:41:40.323358+09:00
Provisioning Finder,,,failed,False,2026-08-19T00:04:39.958803+09:00
Provisioning Fine,,,failed,False,2026-08-23T02:56:06.421775+09:00
Provisioning Flag,,,failed,False,2026-08-21T00:29:15.711468+09:00
Provisioning Flow,30.0,6.0,success,False,2026-08-17T20:38:06.157627+09:00
Provisioning Forge,,,failed,False,2026-08-17T20:34:36.732015+09:00
Provisioning Form,50.0,0.0,success,False,2026-08-19T13:26:44.223162+09:00
Provisioning Format,,,failed,False,2026-08-23T13:07:53.746009+09:00
Provisioning Frame,,,failed,False,2026-08-17T20:41:54.470071+09:00
Provisioning Fund,,,failed,False,2026-08-21T02:26:29.042609+09:00
Provisioning Gate,,,failed,False,2026-08-17T20:45:51.407426+09:00
Provisioning Generator,,,failed,False,2026-08-27T23:35:28.835803+09:00
Provisioning Grade,,,failed,False,2026-08-21T00:28:56.685784+09:00
Provisioning Graph,,,failed,False,2026-08-27T22:12:34.170808+09:00
Provisioning Grid,,,failed,False,2026-08-17T21:31:02.177338+09:00
Provisioning Guarantee,,,failed,False,2026-08-28T01:01:51.337076+09:00
Provisioning Guard,,,failed,False,2026-08-17T20:40:42.163784+09:00
Provisioning Guardian,,,failed,False,2026-08-28T00:20:56.154840+09:00
Provisioning Guidebook,,,failed,False,2026-08-18T22:05:11.798475+09:00
Provisioning Helpdesk,,,failed,False,2026-08-27T22:49:26.070118+09:00
Provisioning Helper,,,failed,False,2026-08-28T00:20:59.096636+09:00
Provisioning History,,,failed,False,2026-08-19T20:41:36.001931+09:00
Provisioning Hotline,,,failed,False,2026-08-19T21:05:32.048024+09:00
Provisioning Hub,,,failed,False,2026-08-17T20:37:08.027448+09:00
Provisioning Identifier,,,failed,False,2026-08-23T13:07:46.002648+09:00
Provisioning Index,10.0,,success,False,2026-08-19T21:04:29.917389+09:00
Provisioning Insight,,,failed,False,2026-08-17T23:24:01.156266+09:00
Provisioning Installment,,,failed,False,2026-08-23T16:15:09.158473+09:00
Provisioning Item,,,failed,False,2026-08-21T01:54:48.965214+09:00
Provisioning Journal,,,failed,False,2026-08-18T22:04:51.222507+09:00
Provisioning Keeper,,,failed,False,2026-08-17T20:42:13.997557+09:00
Provisioning Lab,,,failed,False,2026-08-17T20:35:44.075031+09:00
Provisioning Ledger,,,failed,False,2026-08-17T20:39:23.919432+09:00
Provisioning Lens,,,failed,False,2026-08-17T20:42:40.071307+09:00
Provisioning Level,,,failed,False,2026-08-19T20:41:48.388385+09:00
Provisioning Link,,,failed,False,2026-08-23T03:20:27.097448+09:00
Provisioning List,720.0,0.0,success,False,2026-08-19T21:49:09.518107+09:00
Provisioning Loan,,,failed,False,2026-08-21T02:11:01.471090+09:00
Provisioning Locator,,,failed,False,2026-08-19T00:04:33.745752+09:00
Provisioning Lock,,,failed,False,2026-08-17T20:44:23.108645+09:00
Provisioning Log,40.0,1.0,success,False,2026-08-19T13:26:15.412219+09:00
Provisioning Loop,,,failed,False,2026-08-17T21:32:15.070878+09:00
Provisioning Manager,50.0,3.0,success,False,2026-08-17T20:41:24.809383+09:00
Provisioning Manual,,,failed,False,2026-08-27T22:12:40.822062+09:00
Provisioning Map,,,failed,False,2026-08-17T20:43:34.295212+09:00
Provisioning Margin,,,failed,False,2026-08-23T02:56:03.136754+09:00
Provisioning Markup,,,failed,False,2026-08-23T16:39:18.952764+09:00
Provisioning Memo,,,failed,False,2026-08-21T00:29:02.215162+09:00
Provisioning Message,260.0,0.0,success,False,2026-08-27T23:14:44.010079+09:00
Provisioning Meter,,,failed,False,2026-08-17T20:32:02.325008+09:00
Provisioning Metrics,,,failed,False,2026-08-17T23:08:13.716761+09:00
Provisioning Monitor,,,failed,False,2026-08-17T23:04:50.362686+09:00
Provisioning Navigator,,,failed,False,2026-08-17T23:24:44.637673+09:00
Provisioning Nexus,,,failed,False,2026-08-17T20:44:51.445524+09:00
Provisioning Node,,,failed,False,2026-08-17T20:46:53.844827+09:00
Provisioning Note,,,failed,False,2026-08-19T13:27:53.720083+09:00
Provisioning Notification,,,failed,False,2026-08-27T22:49:15.165017+09:00
Provisioning Number,,,failed,False,2026-08-23T03:20:18.367542+09:00
Provisioning Office,,,failed,False,2026-08-19T00:04:50.750995+09:00
Provisioning Ops,,,failed,False,2026-08-17T23:04:19.754704+09:00
Provisioning Order,50.0,0.0,success,False,2026-08-19T21:48:17.560358+09:00
Provisioning Organizer,,,failed,False,2026-08-17T23:23:41.484558+09:00
Provisioning Overage,,,failed,False,2026-08-27T21:48:23.216174+09:00
Provisioning Overdue,,,failed,False,2026-08-27T21:48:18.349819+09:00
Provisioning Panel,,,failed,False,2026-08-17T20:34:11.615000+09:00
Provisioning Pass,,,failed,False,2026-08-21T00:28:11.670318+09:00
Provisioning Path,,,failed,False,2026-08-17T20:46:16.531586+09:00
Provisioning Payoff,,,failed,False,2026-08-27T21:48:20.717175+09:00
Provisioning Penalty,,,failed,False,2026-08-23T16:39:18.952764+09:00
Provisioning Petition,,,failed,False,2026-08-21T01:01:49.387114+09:00
Provisioning Pilot,,,failed,False,2026-08-17T20:36:11.237181+09:00
Provisioning Plan,170.0,4.0,success,False,2026-08-21T02:05:54.756908+09:00
Provisioning Planner,,,failed,False,2026-08-17T23:23:24.651550+09:00
Provisioning Playbook,,,failed,False,2026-08-18T22:04:40.579410+09:00
Provisioning Point,210.0,7.0,success,False,2026-08-17T20:45:26.162726+09:00
Provisioning Portal,70.0,1.0,success,False,2026-08-18T07:52:37.222006+09:00
Provisioning Preview,,,failed,False,2026-08-28T01:01:48.581211+09:00
Provisioning Profile,720.0,0.0,success,False,2026-08-19T13:28:08.778125+09:00
Provisioning Profit,,,failed,False,2026-08-23T02:55:53.099561+09:00
Provisioning Proposal,,,failed,False,2026-08-28T01:01:51.337076+09:00
Provisioning Pulse,,,failed,False,2026-08-17T20:49:39.030080+09:00
Provisioning Queue,10.0,0.0,success,False,2026-08-19T21:04:56.454622+09:00
Provisioning Quota,,,failed,False,2026-08-21T00:29:10.279905+09:00
Provisioning Radar,,,failed,False,2026-08-17T20:34:18.335664+09:00
Provisioning Rail,,,failed,False,2026-08-17T21:32:50.995270+09:00
Provisioning Rate,140.0,0.0,success,False,2026-08-19T20:41:54.948325+09:00
Provisioning Recap,,,failed,False,2026-08-21T01:02:06.881859+09:00
Provisioning Receipt,,,failed,False,2026-08-19T21:48:44.866696+09:00
Provisioning Recorder,,,failed,False,2026-08-27T23:35:38.281742+09:00
Provisioning Register,,,failed,False,2026-08-17T23:25:00.626086+09:00
Provisioning Registry,,,failed,False,2026-08-18T22:05:21.769406+09:00
Provisioning Relay,,,failed,False,2026-08-17T20:33:21.754611+09:00
Provisioning Reminder,,,failed,False,2026-08-19T21:04:04.689181+09:00
Provisioning Report,,,failed,False,2026-08-19T13:26:07.690748+09:00
Provisioning Repository,,,failed,False,2026-08-27T23:14:49.427940+09:00
Provisioning Result,,,failed,False,2026-08-28T00:45:35.673593+09:00
Provisioning Roadmap,,,failed,False,2026-08-18T22:06:05.649081+09:00
Provisioning Roster,,,failed,False,2026-08-19T00:37:00.689265+09:00
Provisioning Route,,,failed,False,2026-08-18T07:43:28.535953+09:00
Provisioning Rule,,,failed,False,2026-08-23T03:20:35.213515+09:00
Provisioning Sale,,,failed,False,2026-08-21T02:26:36.939016+09:00
Provisioning Sample,,,failed,False,2026-08-19T21:49:55.952193+09:00
Provisioning Scale,,,failed,False,2026-08-18T07:43:28.535953+09:00
Provisioning Scanner,,,failed,False,2026-08-27T23:57:12.985174+09:00
Provisioning Scheduler,,,failed,False,2026-08-17T23:06:29.811396+09:00
Provisioning Schematic,,,failed,False,2026-08-27T22:29:00.404173+09:00
Provisioning Scope,,,failed,False,2026-08-17T21:33:20.961288+09:00
Provisioning Score,,,failed,False,2026-08-19T13:27:42.741110+09:00
Provisioning Sentry,,,failed,False,2026-08-17T20:43:08.098438+09:00
Provisioning Sheet,,,failed,False,2026-08-19T13:27:15.417105+09:00
Provisioning Shortfall,,,failed,False,2026-08-27T21:48:28.268054+09:00
Provisioning Signal,10.0,0.0,success,False,2026-08-18T07:52:17.361320+09:00
Provisioning Slip,,,failed,False,2026-08-19T21:49:41.666387+09:00
Provisioning Slot,,,failed,False,2026-08-19T21:50:06.175762+09:00
Provisioning Snapshot,,,failed,False,2026-08-18T22:05:00.347281+09:00
Provisioning Stage,,,failed,False,2026-08-28T00:45:35.673593+09:00
Provisioning Stake,,,failed,False,2026-08-23T02:55:57.484668+09:00
Provisioning Statement,,,failed,False,2026-08-21T00:28:42.115555+09:00
Provisioning Station,10.0,0.0,success,False,2026-08-17T20:34:42.726088+09:00
Provisioning Status,70.0,0.0,success,False,2026-08-19T20:41:16.586784+09:00
Provisioning Stub,,,failed,False,2026-08-21T00:28:32.365756+09:00
Provisioning Studio,,,failed,False,2026-08-17T20:36:39.507807+09:00
Provisioning Suite,,,failed,False,2026-08-17T23:04:36.399044+09:00
Provisioning Sum,,,failed,False,2026-08-21T02:26:24.473700+09:00
Provisioning Summary,,,failed,False,2026-08-19T21:03:33.928340+09:00
Provisioning Surtax,,,failed,False,2026-08-23T15:52:20.216125+09:00
Provisioning Sync,,,failed,False,2026-08-17T20:38:59.956902+09:00
Provisioning Tab,,,failed,False,2026-08-21T00:29:21.936028+09:00
Provisioning Table,,,failed,False,2026-08-19T21:49:18.898188+09:00
Provisioning Tag,,,failed,False,2026-08-19T13:28:00.720814+09:00
Provisioning Tally,,,failed,False,2026-08-21T00:28:46.684495+09:00
Provisioning Tariff,,,failed,False,2026-08-21T02:42:06.283895+09:00
Provisioning Tax,,,failed,False,2026-08-21T02:10:58.400903+09:00
Provisioning Ticket,,,failed,False,2026-08-19T21:04:42.466598+09:00
Provisioning Timeline,,,failed,False,2026-08-19T21:03:51.507952+09:00
Provisioning Timer,,,failed,False,2026-08-28T00:26:09.270269+09:00
Provisioning Toll,,,failed,False,2026-08-21T02:41:56.534428+09:00
Provisioning Toolbox,,,failed,False,2026-08-28T00:20:56.154840+09:00
Provisioning Toolkit,10.0,0.0,success,False,2026-08-18T22:04:29.881802+09:00
Provisioning Total,,,failed,False,2026-08-27T23:14:46.468120+09:00
Provisioning Tracker,,,failed,False,2026-08-17T20:39:52.233588+09:00
Provisioning Trail,,,failed,False,2026-08-17T21:31:39.058447+09:00
Provisioning Trend,,,failed,False,2026-08-28T01:01:45.010115+09:00
Provisioning Trial,,,failed,False,2026-08-27T21:17:23.968001+09:00
Provisioning Unit,,,failed,False,2026-08-21T01:54:53.118600+09:00
Provisioning Update,10.0,0.0,success,False,2026-08-19T20:42:03.452660+09:00
Provisioning Value,,,failed,False,2026-08-23T02:55:55.232894+09:00
Provisioning Vault,,,failed,False,2026-08-17T20:32:10.469810+09:00
Provisioning Version,,,failed,False,2026-08-23T03:20:22.973389+09:00
Provisioning View,,,failed,False,2026-08-19T20:41:25.975881+09:00
Provisioning Voucher,,,failed,False,2026-08-21T00:28:17.964653+09:00
Provisioning Watch,,,failed,False,2026-08-17T21:34:24.214520+09:00
Provisioning Wave,,,failed,False,2026-08-17T20:47:33.914967+09:00
Provisioning Widget,,,failed,False,2026-08-27T23:14:46.468120+09:00
Provisioning Workbench,,,failed,False,2026-08-18T22:04:21.198301+09:00
Provisioning Worksheet,,,failed,False,2026-08-27T22:12:43.537947+09:00
Provisioning Workshop,,,failed,False,2026-08-28T00:26:12.300765+09:00
Provisioning Zone,,,failed,False,2026-08-17T20:31:36.969919+09:00
Pump Advisory,,,failed,False,2026-08-21T01:08:27.933703+09:00
Pump Alert,50.0,15.0,success,False,2026-08-19T21:11:50.782037+09:00
Pump Allowance,,,failed,False,2026-08-21T02:36:50.213443+09:00
Pump Analyzer,,,failed,False,2026-08-27T23:53:59.228828+09:00
Pump Asset,,,failed,False,2026-08-23T13:45:48.186439+09:00
Pump Assistant,70.0,2.0,success,False,2026-08-19T21:06:31.890613+09:00
Pump Atlas,,,failed,False,2026-08-19T21:05:44.553245+09:00
Pump Attribute,,,failed,False,2026-08-23T13:05:20.503897+09:00
Pump Base,480.0,12.0,success,False,2026-08-19T21:32:47.158972+09:00
Pump Bay,50.0,1.0,success,False,2026-08-19T21:10:11.430001+09:00
Pump Beacon,,,failed,False,2026-08-19T21:31:45.728679+09:00
Pump Bill,20.0,0.0,success,False,2026-08-19T22:01:27.807092+09:00
Pump Board,1000.0,100.0,success,False,2026-08-19T21:32:55.348476+09:00
Pump Book,170.0,38.0,success,False,2026-08-19T22:02:19.043714+09:00
Pump Booth,,,failed,False,2026-08-19T21:09:32.906956+09:00
Pump Bridge,50.0,0.0,success,False,2026-08-19T21:32:08.265719+09:00
Pump Brief,12100.0,87.0,success,False,2026-08-21T01:08:18.401082+09:00
Pump Bulletin,,,failed,False,2026-08-21T01:08:12.622841+09:00
Pump Calculator,320.0,8.0,success,False,2026-08-27T23:33:41.786723+09:00
Pump Calendar,20.0,3.0,success,False,2026-08-19T21:08:11.674763+09:00
Pump Card,210.0,2.0,success,False,2026-08-19T21:14:05.700076+09:00
Pump Cascade,10.0,0.0,success,False,2026-08-19T21:32:01.105099+09:00
Pump Cash,10.0,0.0,success,False,2026-08-21T02:31:03.884559+09:00
Pump Cashback,20.0,0.0,success,False,2026-08-27T21:14:36.415267+09:00
Pump Catalog,1000.0,44.0,success,False,2026-08-19T21:18:38.634661+09:00
Pump Category,70.0,4.0,success,False,2026-08-23T13:05:17.487653+09:00
Pump Chain,140.0,54.0,success,False,2026-08-19T21:04:56.454622+09:00
Pump Charge,5400.0,30.0,success,False,2026-08-21T02:36:37.228119+09:00
Pump Chart,720.0,1.0,success,False,2026-08-19T21:12:02.105513+09:00
Pump Check,720.0,2.0,success,False,2026-08-19T21:14:25.391974+09:00
Pump Checker,720.0,2.0,success,False,2026-08-27T23:53:42.609151+09:00
Pump Checklist,40.0,6.0,success,False,2026-08-19T21:17:49.852730+09:00
Pump Circular,,,failed,False,2026-08-21T01:08:23.538465+09:00
Pump Code,90.0,0.0,success,False,2026-08-19T22:01:48.957551+09:00
Pump Companion,,,failed,False,2026-08-19T21:07:11.433627+09:00
Pump Comparison,50.0,9.0,success,False,2026-08-28T01:04:11.555424+09:00
Pump Compass,40.0,0.0,success,False,2026-08-19T21:31:35.907614+09:00
Pump Confirmation,,,failed,False,2026-08-21T01:08:36.289589+09:00
Pump Console,20.0,0.0,success,False,2026-08-19T21:03:33.928340+09:00
Pump Core,210.0,4.0,success,False,2026-08-19T21:32:49.180215+09:00
Pump Cost,320.0,7.0,success,False,2026-08-21T02:15:10.297403+09:00
Pump Count,50.0,0.0,success,False,2026-08-27T22:46:42.853394+09:00
Pump Counter,50.0,0.0,success,False,2026-08-19T21:09:08.250321+09:00
Pump Coupon,70.0,14.0,success,False,2026-08-27T21:14:33.237385+09:00
Pump Deal,30.0,21.0,success,False,2026-08-21T01:59:39.898712+09:00
Pump Debt,10.0,0.0,success,False,2026-08-21T02:30:59.342931+09:00
Pump Desk,,,failed,False,2026-08-19T21:19:39.587475+09:00
Pump Detail,170.0,3.0,success,False,2026-08-23T03:15:32.798139+09:00
Pump Detector,30.0,10.0,success,False,2026-08-27T23:53:51.631383+09:00
Pump Diagram,1300.0,0.0,success,True,2026-08-27T22:08:54.322972+09:00
Pump Digest,,,failed,False,2026-08-19T21:16:41.047984+09:00
Pump Directory,10.0,0.0,success,False,2026-08-19T21:08:21.181421+09:00
Pump Discount,10.0,51.0,success,False,2026-08-23T16:12:10.819899+09:00
Pump Dossier,,,failed,False,2026-08-21T01:08:40.341221+09:00
Pump Downpayment,,,failed,False,2026-08-27T21:46:30.971214+09:00
Pump Draft,10.0,0.0,success,False,2026-08-19T21:17:08.649893+09:00
Pump Due,,,failed,False,2026-08-23T15:50:49.697674+09:00
Pump Duty,260.0,24.0,success,False,2026-08-21T02:36:41.492996+09:00
Pump Engine,1000.0,72.0,success,False,2026-08-19T21:06:20.590100+09:00
Pump Entry,,,failed,False,2026-08-21T01:08:54.756215+09:00
Pump Estimate,,,failed,False,2026-08-19T21:18:28.771702+09:00
Pump Estimator,,,failed,False,2026-08-27T23:53:39.725939+09:00
Pump Excerpt,,,failed,False,2026-08-21T01:08:49.317162+09:00
Pump Fare,,,failed,False,2026-08-21T02:15:19.980644+09:00
Pump Fee,20.0,0.0,success,False,2026-08-21T01:59:26.364386+09:00
Pump Feed,590.0,52.0,success,False,2026-08-19T21:16:57.743794+09:00
Pump File,30.0,0.0,success,False,2026-08-19T21:15:58.285929+09:00
Pump Finder,210.0,18.0,success,False,2026-08-19T21:08:43.971729+09:00
Pump Fine,10.0,0.0,success,False,2026-08-23T02:52:39.945062+09:00
Pump Flow,590.0,9.0,success,False,2026-08-19T21:19:17.312411+09:00
Pump Forge,,,failed,False,2026-08-19T21:31:54.531543+09:00
Pump Form,50.0,1.0,success,False,2026-08-19T21:13:54.945157+09:00
Pump Format,,,failed,False,2026-08-23T13:05:25.615596+09:00
Pump Fund,90500.0,1.0,success,False,2026-08-21T02:31:01.801994+09:00
Pump Gate,90.0,17.0,success,False,2026-08-19T21:05:18.754911+09:00
Pump Giveaway,,,failed,False,2026-08-27T21:14:45.418872+09:00
Pump Graph,720.0,1.0,success,False,2026-08-27T22:08:41.770881+09:00
Pump Grid,,,failed,False,2026-08-19T21:32:32.734528+09:00
Pump Guarantee,,,failed,False,2026-08-28T01:04:19.597729+09:00
Pump Guardian,,,failed,False,2026-08-28T00:23:35.070799+09:00
Pump Helpdesk,,,failed,False,2026-08-27T22:46:48.643972+09:00
Pump Helper,70.0,11.0,success,False,2026-08-28T00:23:47.118724+09:00
Pump History,70.0,0.0,success,False,2026-08-19T21:15:46.366866+09:00
Pump Hotline,,,failed,False,2026-08-19T21:18:51.088595+09:00
Pump Hub,880.0,0.0,success,False,2026-08-19T21:19:27.756536+09:00
Pump Identifier,,,failed,False,2026-08-23T13:05:15.223495+09:00
Pump Inbox,,,failed,False,2026-08-19T21:11:39.725993+09:00
Pump Incentive,,,failed,False,2026-08-27T21:14:45.418872+09:00
Pump Index,10.0,1.0,success,False,2026-08-19T21:17:57.500423+09:00
Pump Installment,,,failed,False,2026-08-23T16:12:15.158683+09:00
Pump Item,,,failed,False,2026-08-21T01:59:29.977509+09:00
Pump Journal,40.0,0.0,success,False,2026-08-19T21:07:51.410434+09:00
Pump Keeper,,,failed,False,2026-08-19T21:05:57.473217+09:00
Pump Kiosk,30.0,47.0,success,False,2026-08-19T21:09:46.410901+09:00
Pump Kit,1300.0,88.0,success,False,2026-08-27T22:46:40.495541+09:00
Pump Lab,6600.0,95.0,success,False,2026-08-19T21:32:58.231654+09:00
Pump Label,140.0,9.0,success,False,2026-08-27T22:08:46.567667+09:00
Pump Ledger,,,failed,False,2026-08-19T21:32:52.200900+09:00
Pump Level,70.0,4.0,success,False,2026-08-19T21:16:08.184183+09:00
Pump Line,2900.0,13.0,success,False,2026-08-19T21:12:55.345811+09:00
Pump Link,70.0,23.0,success,False,2026-08-23T03:15:24.852114+09:00
Pump List,110.0,3.0,success,False,2026-08-19T22:01:57.019761+09:00
Pump Loan,,,failed,False,2026-08-21T02:15:23.867854+09:00
Pump Locator,260.0,0.0,success,False,2026-08-19T21:08:33.836263+09:00
Pump Locker,50.0,1.0,success,False,2026-08-19T21:09:22.382807+09:00
Pump Log,260.0,17.0,success,False,2026-08-19T21:13:44.257474+09:00
Pump Loop,40.0,0.0,success,False,2026-08-19T21:32:30.611292+09:00
Pump Manager,70.0,2.0,success,False,2026-08-19T21:06:08.303688+09:00
Pump Manual,1300.0,89.0,success,False,2026-08-27T22:08:49.995304+09:00
Pump Map,50.0,0.0,success,False,2026-08-19T21:32:42.554846+09:00
Pump Margin,,,failed,False,2026-08-23T02:52:37.533661+09:00
Pump Markup,,,failed,False,2026-08-23T16:37:47.617319+09:00
Pump Memo,,,failed,False,2026-08-21T00:35:29.281212+09:00
Pump Monitor,480.0,7.0,success,False,2026-08-19T21:07:00.753456+09:00
Pump Nexus,,,failed,False,2026-08-19T21:05:30.373866+09:00
Pump Note,,,failed,False,2026-08-19T21:14:46.806152+09:00
Pump Notification,10.0,0.0,success,False,2026-08-27T22:46:36.036918+09:00
Pump Number,320.0,0.0,success,False,2026-08-23T03:15:14.062371+09:00
Pump Ops,590.0,1.0,success,False,2026-08-19T21:07:31.125995+09:00
Pump Order,90.0,34.0,success,False,2026-08-19T22:01:14.357219+09:00
Pump Panel,720.0,44.0,success,False,2026-08-19T21:03:49.756847+09:00
Pump Passport,10.0,0.0,success,False,2026-08-19T21:12:26.316955+09:00
Pump Payoff,,,failed,False,2026-08-27T21:46:28.400647+09:00
Pump Petition,,,failed,False,2026-08-21T01:08:31.890939+09:00
Pump Plan,90.0,5.0,success,False,2026-08-21T01:59:37.170622+09:00
Pump Planner,,,failed,False,2026-08-19T21:06:39.226294+09:00
Pump Playbook,,,failed,False,2026-08-19T21:07:42.156894+09:00
Pump Portal,390.0,7.0,success,False,2026-08-19T21:03:18.431019+09:00
Pump Profile,20.0,23.0,success,False,2026-08-19T21:15:13.442141+09:00
Pump Profit,10.0,50.0,success,False,2026-08-23T02:52:30.798474+09:00
Pump Proposal,,,failed,False,2026-08-28T01:04:14.556573+09:00
Pump Queue,,,failed,False,2026-08-19T21:18:17.728493+09:00
Pump Radar,14800.0,0.0,success,True,2026-08-19T21:19:50.890463+09:00
Pump Rail,110.0,4.0,success,False,2026-08-19T21:04:29.917389+09:00
Pump Rate,390.0,1.0,success,False,2026-08-19T21:16:19.911294+09:00
Pump Recap,,,failed,False,2026-08-21T01:08:45.073430+09:00
Pump Receipt,,,failed,False,2026-08-19T22:01:39.954435+09:00
Pump Redemption,,,failed,False,2026-08-23T16:37:49.888860+09:00
Pump Register,,,failed,False,2026-08-19T21:07:21.562422+09:00
Pump Registry,,,failed,False,2026-08-19T21:08:00.939328+09:00
Pump Relay,720.0,55.0,success,False,2026-08-19T21:20:03.565098+09:00
Pump Reminder,10.0,43.0,success,False,2026-08-19T21:17:38.869284+09:00
Pump Report,40.0,0.0,success,False,2026-08-19T21:13:31.913325+09:00
Pump Roll,30.0,17.0,success,False,2026-08-19T21:13:21.149067+09:00
Pump Roster,,,failed,False,2026-08-19T21:11:27.369189+09:00
Pump Route,30.0,1.0,success,False,2026-08-19T21:04:15.563221+09:00
Pump Rule,1300.0,100.0,success,False,2026-08-23T03:15:28.674871+09:00
Pump Sale,1000.0,100.0,success,False,2026-08-21T02:20:53.673511+09:00
Pump Sample,480.0,42.0,success,False,2026-08-19T22:02:41.688719+09:00
Pump Scale,50.0,11.0,success,False,2026-08-19T21:04:04.689181+09:00
Pump Scanner,90.0,0.0,success,False,2026-08-27T23:53:48.068906+09:00
Pump Scheduler,,,failed,False,2026-08-19T21:06:49.674751+09:00
Pump Schematic,2400.0,0.0,success,True,2026-08-27T22:28:42.749169+09:00
Pump Scope,,,failed,False,2026-08-19T21:32:28.691012+09:00
Pump Score,,,failed,False,2026-08-19T21:14:36.641890+09:00
Pump Sheet,480.0,4.0,success,False,2026-08-19T21:14:14.890297+09:00
Pump Signal,90.0,10.0,success,False,2026-08-19T21:32:15.548375+09:00
Pump Slip,480.0,94.0,success,False,2026-08-19T22:02:31.549197+09:00
Pump Slot,,,failed,False,2026-08-19T22:02:50.225246+09:00
Pump Stake,70.0,4.0,success,False,2026-08-23T02:52:35.436753+09:00
Pump Statement,,,failed,False,2026-08-21T00:35:16.287713+09:00
Pump Station,27100.0,11.0,success,False,2026-08-19T21:33:01.101175+09:00
Pump Status,70.0,0.0,success,False,2026-08-19T21:15:25.328836+09:00
Pump Subsidy,20.0,0.0,success,False,2026-08-23T15:50:51.928952+09:00
Pump Sum,40.0,33.0,success,False,2026-08-21T02:30:57.020640+09:00
Pump Summary,,,failed,False,2026-08-19T21:17:18.865865+09:00
Pump Tab,50.0,31.0,success,False,2026-08-21T00:35:34.561312+09:00
Pump Table,210.0,46.0,success,False,2026-08-19T22:02:09.365210+09:00
Pump Tag,2900.0,1.0,success,False,2026-08-19T21:15:02.782218+09:00
Pump Tariff,,,failed,False,2026-08-21T02:36:53.900229+09:00
Pump Tax,1000.0,2.0,success,False,2026-08-21T02:15:23.867854+09:00
Pump Ticker,170.0,3.0,success,False,2026-08-19T21:12:45.437785+09:00
Pump Ticket,30.0,1.0,success,False,2026-08-19T21:18:03.656517+09:00
Pump Tier,,,failed,False,2026-08-28T00:47:03.149821+09:00
Pump Timeline,,,failed,False,2026-08-19T21:17:29.124164+09:00
Pump Timer,480.0,100.0,success,False,2026-08-28T00:23:32.387348+09:00
Pump Toll,,,failed,False,2026-08-21T02:36:44.892736+09:00
Pump Toolbox,10.0,71.0,success,False,2026-08-28T00:23:37.982808+09:00
Pump Total,40.0,75.0,success,False,2026-08-27T23:11:47.149537+09:00
Pump Tracker,301000.0,2.0,success,False,2026-08-19T21:19:03.809657+09:00
Pump Trail,210.0,2.0,success,False,2026-08-19T21:04:42.466598+09:00
Pump Trial,110.0,1.0,success,False,2026-08-27T21:14:38.915931+09:00
Pump Unit,1300.0,3.0,success,False,2026-08-21T01:59:29.977509+09:00
Pump Update,30.0,4.0,success,False,2026-08-19T21:16:30.496623+09:00
Pump Value,320.0,83.0,success,False,2026-08-23T02:52:33.355566+09:00
Pump Vault,260.0,100.0,success,False,2026-08-19T21:31:27.001536+09:00
Pump Version,50.0,0.0,success,False,2026-08-23T03:15:19.125629+09:00
Pump View,40.0,0.0,success,False,2026-08-19T21:15:37.050210+09:00
Pump Voucher,,,failed,False,2026-08-21T00:35:11.745138+09:00
Pump Watch,210.0,13.0,success,False,2026-08-19T21:32:23.492274+09:00
Pump Widget,,,failed,False,2026-08-27T23:11:50.094156+09:00
Pump Window,,,failed,False,2026-08-19T21:13:07.301000+09:00
Pump Worksheet,,,failed,False,2026-08-27T22:08:54.322972+09:00
Pump Workshop,40.0,2.0,success,False,2026-08-28T00:23:35.070799+09:00
Pump Yard,590.0,0.0,success,False,2026-08-19T21:09:59.006110+09:00
Punchlist Advance,,,failed,False,2026-08-23T16:13:55.875301+09:00
Punchlist Advisory,,,failed,False,2026-08-21T01:00:13.557875+09:00
Punchlist Allowance,,,failed,False,2026-08-21T02:39:27.182357+09:00
Punchlist Almanac,,,failed,False,2026-08-18T23:51:54.255899+09:00
Punchlist Analyzer,,,failed,False,2026-08-27T23:55:48.344302+09:00
Punchlist Anchor,,,failed,False,2026-08-17T20:45:18.923986+09:00
Punchlist Arrears,,,failed,False,2026-08-23T16:13:52.514202+09:00
Punchlist Assistant,,,failed,False,2026-08-17T23:09:34.502992+09:00
Punchlist Atlas,,,failed,False,2026-08-17T20:36:04.789698+09:00
Punchlist Attribute,,,failed,False,2026-08-23T13:06:47.092391+09:00
Punchlist Balance,,,failed,False,2026-08-23T13:46:47.656789+09:00
Punchlist Base,,,failed,False,2026-08-17T20:32:39.820797+09:00
Punchlist Beacon,,,failed,False,2026-08-17T21:30:53.341117+09:00
Punchlist Bill,,,failed,False,2026-08-19T21:46:50.004607+09:00
Punchlist Blueprint,,,failed,False,2026-08-18T23:51:54.255899+09:00
Punchlist Board,,,failed,False,2026-08-17T21:41:28.759770+09:00
Punchlist Book,,,failed,False,2026-08-19T21:48:00.610703+09:00
Punchlist Bridge,,,failed,False,2026-08-17T20:46:07.350212+09:00
Punchlist Brief,,,failed,False,2026-08-21T01:00:04.597458+09:00
Punchlist Bulletin,,,failed,False,2026-08-21T00:59:58.992040+09:00
Punchlist Cabinet,,,failed,False,2026-08-27T23:13:28.057978+09:00
Punchlist Calendar,,,failed,False,2026-08-19T00:00:59.808882+09:00
Punchlist Card,,,failed,False,2026-08-19T13:39:22.411617+09:00
Punchlist Cascade,,,failed,False,2026-08-17T20:47:23.581270+09:00
Punchlist Cash,,,failed,False,2026-08-21T02:23:59.841123+09:00
Punchlist Catalog,,,failed,False,2026-08-19T21:04:53.638566+09:00
Punchlist Category,,,failed,False,2026-08-23T13:06:44.617990+09:00
Punchlist Center,,,failed,False,2026-08-17T21:33:40.096792+09:00
Punchlist Chain,,,failed,False,2026-08-17T20:40:34.523017+09:00
Punchlist Charge,,,failed,False,2026-08-21T02:39:12.661070+09:00
Punchlist Check,,,failed,False,2026-08-19T13:39:51.910868+09:00
Punchlist Checker,,,failed,False,2026-08-27T23:55:40.198338+09:00
Punchlist Checklist,,,failed,False,2026-08-19T21:03:49.756847+09:00
Punchlist Circular,,,failed,False,2026-08-21T01:02:10.080773+09:00
Punchlist Cockpit,,,failed,False,2026-08-17T23:30:36.598618+09:00
Punchlist Code,,,failed,False,2026-08-19T21:47:20.280191+09:00
Punchlist Codex,,,failed,False,2026-08-18T23:51:54.255899+09:00
Punchlist Companion,,,failed,False,2026-08-17T23:07:35.240679+09:00
Punchlist Comparison,,,failed,False,2026-08-28T01:05:36.598647+09:00
Punchlist Compass,,,failed,False,2026-08-17T21:32:03.436124+09:00
Punchlist Compendium,,,failed,False,2026-08-18T23:51:54.255899+09:00
Punchlist Confirmation,,,failed,False,2026-08-21T01:00:22.728561+09:00
Punchlist Console,,,failed,False,2026-08-17T21:30:22.425092+09:00
Punchlist Contribution,,,failed,False,2026-08-23T16:13:47.418622+09:00
Punchlist Core,,,failed,False,2026-08-17T20:31:29.603433+09:00
Punchlist Cost,,,failed,False,2026-08-21T02:08:44.609671+09:00
Punchlist Count,,,failed,False,2026-08-27T22:48:17.330576+09:00
Punchlist Counter,,,failed,False,2026-08-19T00:01:46.968095+09:00
Punchlist Dashboard,,,failed,False,2026-08-17T23:12:45.983083+09:00
Punchlist Deal,,,failed,False,2026-08-21T01:52:50.056270+09:00
Punchlist Debt,,,failed,False,2026-08-21T02:23:48.995246+09:00
Punchlist Deck,,,failed,False,2026-08-17T21:39:25.145394+09:00
Punchlist Depot,,,failed,False,2026-08-19T00:01:32.528747+09:00
Punchlist Desk,,,failed,False,2026-08-17T21:36:24.237197+09:00
Punchlist Detail,,,failed,False,2026-08-23T03:18:25.372913+09:00
Punchlist Detector,,,failed,False,2026-08-27T23:55:42.824458+09:00
Punchlist Diagram,,,failed,False,2026-08-27T22:10:39.067015+09:00
Punchlist Dial,,,failed,False,2026-08-17T20:46:49.856300+09:00
Punchlist Digest,,,failed,False,2026-08-19T20:49:28.954845+09:00
Punchlist Directory,,,failed,False,2026-08-19T00:01:04.506360+09:00
Punchlist Discount,,,failed,False,2026-08-23T16:13:42.146359+09:00
Punchlist Dock,,,failed,False,2026-08-17T20:42:59.992193+09:00
Punchlist Dossier,,,failed,False,2026-08-21T01:00:27.646290+09:00
Punchlist Downpayment,,,failed,False,2026-08-27T21:47:08.253611+09:00
Punchlist Draft,,,failed,False,2026-08-19T20:37:14.893241+09:00
Punchlist Due,,,failed,False,2026-08-23T15:51:39.388284+09:00
Punchlist Duty,,,failed,False,2026-08-21T02:39:16.897271+09:00
Punchlist Engine,,,failed,False,2026-08-17T23:29:34.686853+09:00
Punchlist Entry,,,failed,False,2026-08-21T01:00:38.610881+09:00
Punchlist Estimate,,,failed,False,2026-08-19T21:04:42.466598+09:00
Punchlist Estimator,,,failed,False,2026-08-27T23:55:33.587403+09:00
Punchlist Excerpt,,,failed,False,2026-08-21T01:02:18.693445+09:00
Punchlist Extension,,,failed,False,2026-08-23T16:38:38.724720+09:00
Punchlist Fare,,,failed,False,2026-08-21T02:08:52.269018+09:00
Punchlist Fee,,,failed,False,2026-08-21T01:52:30.422416+09:00
Punchlist Feed,,,failed,False,2026-08-19T20:49:35.865635+09:00
Punchlist Field,,,failed,False,2026-08-23T13:06:49.264367+09:00
Punchlist File,,,failed,False,2026-08-19T20:49:06.260858+09:00
Punchlist Finder,,,failed,False,2026-08-19T00:01:24.646371+09:00
Punchlist Fine,,,failed,False,2026-08-23T02:54:28.936816+09:00
Punchlist Flag,,,failed,False,2026-08-21T00:27:00.975108+09:00
Punchlist Flow,,,failed,False,2026-08-17T21:40:49.556938+09:00
Punchlist Forge,,,failed,False,2026-08-17T20:48:40.258747+09:00
Punchlist Form,260.0,9.0,success,False,2026-08-19T13:39:01.193066+09:00
Punchlist Format,260.0,9.0,success,False,2026-08-23T13:06:51.579478+09:00
Punchlist Frame,,,failed,False,2026-08-17T20:33:46.243100+09:00
Punchlist Fund,,,failed,False,2026-08-21T02:23:55.522760+09:00
Punchlist Gate,,,failed,False,2026-08-17T20:38:02.236902+09:00
Punchlist Generator,,,failed,False,2026-08-27T23:34:39.372847+09:00
Punchlist Grade,,,failed,False,2026-08-21T00:26:41.627536+09:00
Punchlist Graph,,,failed,False,2026-08-27T22:10:29.150854+09:00
Punchlist Grid,,,failed,False,2026-08-17T20:40:55.263419+09:00
Punchlist Guarantee,,,failed,False,2026-08-28T01:05:46.959097+09:00
Punchlist Guard,,,failed,False,2026-08-17T20:32:03.329355+09:00
Punchlist Guardian,,,failed,False,2026-08-28T00:25:05.172390+09:00
Punchlist Guidebook,,,failed,False,2026-08-18T23:51:54.255899+09:00
Punchlist Helpdesk,,,failed,False,2026-08-27T22:48:20.741854+09:00
Punchlist Helper,,,failed,False,2026-08-28T00:25:10.586444+09:00
Punchlist History,,,failed,False,2026-08-19T20:49:04.250848+09:00
Punchlist Hotline,,,failed,False,2026-08-19T21:05:05.946905+09:00
Punchlist Hub,,,failed,False,2026-08-17T21:38:32.905021+09:00
Punchlist Identifier,,,failed,False,2026-08-23T13:06:41.923671+09:00
Punchlist Index,,,failed,False,2026-08-19T21:04:01.717737+09:00
Punchlist Insight,,,failed,False,2026-08-17T23:30:21.472957+09:00
Punchlist Installment,,,failed,False,2026-08-23T16:13:45.288195+09:00
Punchlist Item,480.0,3.0,success,False,2026-08-21T01:52:34.182425+09:00
Punchlist Journal,,,failed,False,2026-08-18T22:12:15.534077+09:00
Punchlist Keeper,,,failed,False,2026-08-17T20:34:15.100698+09:00
Punchlist Lab,,,failed,False,2026-08-17T21:36:50.527973+09:00
Punchlist Label,,,failed,False,2026-08-27T22:10:31.579374+09:00
Punchlist Ledger,,,failed,False,2026-08-18T07:43:47.974817+09:00
Punchlist Lens,,,failed,False,2026-08-17T20:34:36.732015+09:00
Punchlist Level,,,failed,False,2026-08-19T20:49:12.755513+09:00
Punchlist Link,,,failed,False,2026-08-23T03:18:18.334398+09:00
Punchlist List,,,failed,False,2026-08-19T21:47:34.110436+09:00
Punchlist Loan,,,failed,False,2026-08-21T02:09:00.837465+09:00
Punchlist Locator,,,failed,False,2026-08-19T00:01:14.805570+09:00
Punchlist Lock,,,failed,False,2026-08-17T20:36:31.502472+09:00
Punchlist Log,,,failed,False,2026-08-19T13:38:51.605801+09:00
Punchlist Loop,,,failed,False,2026-08-17T20:41:48.704350+09:00
Punchlist Manager,90.0,42.0,success,False,2026-08-17T20:33:15.121215+09:00
Punchlist Manual,,,failed,False,2026-08-27T22:10:35.314261+09:00
Punchlist Map,,,failed,False,2026-08-17T20:35:36.002153+09:00
Punchlist Markup,,,failed,False,2026-08-23T16:38:36.406605+09:00
Punchlist Memo,,,failed,False,2026-08-21T00:26:46.014545+09:00
Punchlist Message,,,failed,False,2026-08-27T23:13:21.065060+09:00
Punchlist Meter,,,failed,False,2026-08-17T20:45:46.874737+09:00
Punchlist Metrics,,,failed,False,2026-08-17T23:05:41.457486+09:00
Punchlist Monitor,,,failed,False,2026-08-17T23:11:11.238352+09:00
Punchlist Navigator,,,failed,False,2026-08-17T23:30:52.147668+09:00
Punchlist Nexus,,,failed,False,2026-08-17T20:37:01.636634+09:00
Punchlist Node,,,failed,False,2026-08-17T20:38:51.261946+09:00
Punchlist Note,,,failed,False,2026-08-19T13:40:19.370480+09:00
Punchlist Notification,,,failed,False,2026-08-27T22:48:06.633980+09:00
Punchlist Number,,,failed,False,2026-08-23T03:18:09.441113+09:00
Punchlist Office,,,failed,False,2026-08-19T00:01:37.572111+09:00
Punchlist Ops,,,failed,False,2026-08-17T23:14:27.748058+09:00
Punchlist Order,,,failed,False,2026-08-19T21:46:37.963751+09:00
Punchlist Organizer,,,failed,False,2026-08-17T23:30:08.040310+09:00
Punchlist Overage,,,failed,False,2026-08-27T21:47:05.962227+09:00
Punchlist Overdue,,,failed,False,2026-08-27T21:47:03.271568+09:00
Punchlist Panel,,,failed,False,2026-08-17T20:48:02.919436+09:00
Punchlist Path,,,failed,False,2026-08-17T20:38:23.394205+09:00
Punchlist Payoff,,,failed,False,2026-08-27T21:47:05.962227+09:00
Punchlist Penalty,,,failed,False,2026-08-23T16:38:33.746405+09:00
Punchlist Petition,,,failed,False,2026-08-21T01:00:18.302882+09:00
Punchlist Pilot,,,failed,False,2026-08-17T21:37:26.190503+09:00
Punchlist Plan,,,failed,False,2026-08-21T01:52:45.246437+09:00
Punchlist Planner,,,failed,False,2026-08-17T23:29:49.351305+09:00
Punchlist Playbook,,,failed,False,2026-08-18T22:12:06.505434+09:00
Punchlist Point,,,failed,False,2026-08-17T20:37:29.909330+09:00
Punchlist Portal,,,failed,False,2026-08-17T21:31:30.369012+09:00
Punchlist Preview,,,failed,False,2026-08-28T01:05:40.494261+09:00
Punchlist Profile,,,failed,False,2026-08-19T13:40:53.899440+09:00
Punchlist Profit,,,failed,False,2026-08-23T02:54:23.224881+09:00
Punchlist Proposal,,,failed,False,2026-08-28T01:05:44.373460+09:00
Punchlist Pulse,,,failed,False,2026-08-17T20:40:13.744558+09:00
Punchlist Queue,,,failed,False,2026-08-19T21:04:29.917389+09:00
Punchlist Radar,,,failed,False,2026-08-17T21:35:18.423759+09:00
Punchlist Rail,,,failed,False,2026-08-17T20:42:10.144192+09:00
Punchlist Rate,,,failed,False,2026-08-19T20:49:19.848949+09:00
Punchlist Recap,,,failed,False,2026-08-21T01:00:31.922622+09:00
Punchlist Receipt,,,failed,False,2026-08-19T21:47:05.219311+09:00
Punchlist Register,,,failed,False,2026-08-17T23:31:12.330432+09:00
Punchlist Registry,,,failed,False,2026-08-18T23:51:54.255899+09:00
Punchlist Relay,,,failed,False,2026-08-17T21:34:15.444697+09:00
Punchlist Reminder,,,failed,False,2026-08-19T21:03:33.928340+09:00
Punchlist Report,90.0,6.0,success,False,2026-08-19T13:38:30.096101+09:00
Punchlist Repository,,,failed,False,2026-08-27T23:13:28.057978+09:00
Punchlist Result,,,failed,False,2026-08-28T00:47:36.206546+09:00
Punchlist Roadmap,,,failed,False,2026-08-18T23:51:54.255899+09:00
Punchlist Roster,,,failed,False,2026-08-19T00:38:10.697868+09:00
Punchlist Route,,,failed,False,2026-08-17T20:43:57.612589+09:00
Punchlist Rule,,,failed,False,2026-08-23T03:18:21.895981+09:00
Punchlist Sale,,,failed,False,2026-08-21T02:24:04.256033+09:00
Punchlist Sample,1000.0,25.0,success,False,2026-08-19T21:48:27.069382+09:00
Punchlist Scale,,,failed,False,2026-08-17T20:44:43.054193+09:00
Punchlist Scanner,,,failed,False,2026-08-27T23:55:40.198338+09:00
Punchlist Scheduler,,,failed,False,2026-08-17T23:03:55.937111+09:00
Punchlist Scope,,,failed,False,2026-08-17T20:42:34.302604+09:00
Punchlist Score,,,failed,False,2026-08-19T13:40:01.237122+09:00
Punchlist Sentry,,,failed,False,2026-08-17T20:35:06.364440+09:00
Punchlist Sheet,,,failed,False,2026-08-19T13:39:37.773489+09:00
Punchlist Shortfall,,,failed,False,2026-08-27T21:47:10.651342+09:00
Punchlist Signal,,,failed,False,2026-08-17T20:44:20.013961+09:00
Punchlist Signature,,,failed,False,2026-08-23T13:27:28.386352+09:00
Punchlist Slip,,,failed,False,2026-08-19T21:48:14.659198+09:00
Punchlist Slot,,,failed,False,2026-08-19T21:48:44.866696+09:00
Punchlist Snapshot,,,failed,False,2026-08-18T22:12:21.706710+09:00
Punchlist Stage,,,failed,False,2026-08-28T00:47:36.206546+09:00
Punchlist Stake,,,failed,False,2026-08-23T02:54:26.725947+09:00
Punchlist Stamp,,,failed,False,2026-08-23T13:27:31.185352+09:00
Punchlist Statement,,,failed,False,2026-08-21T00:26:30.376720+09:00
Punchlist Station,,,failed,False,2026-08-17T21:35:49.618076+09:00
Punchlist Status,,,failed,False,2026-08-19T20:48:51.281701+09:00
Punchlist Studio,,,failed,False,2026-08-17T21:38:00.601683+09:00
Punchlist Suite,,,failed,False,2026-08-17T23:14:46.249386+09:00
Punchlist Sum,,,failed,False,2026-08-21T02:23:45.182895+09:00
Punchlist Summary,,,failed,False,2026-08-19T21:33:06.191339+09:00
Punchlist Sync,,,failed,False,2026-08-18T07:52:55.085793+09:00
Punchlist Tab,,,failed,False,2026-08-21T00:27:09.364121+09:00
Punchlist Table,,,failed,False,2026-08-19T21:47:46.224144+09:00
Punchlist Tag,,,failed,False,2026-08-19T13:40:38.246974+09:00
Punchlist Tally,,,failed,False,2026-08-21T00:26:36.041366+09:00
Punchlist Tariff,,,failed,False,2026-08-21T02:39:30.658601+09:00
Punchlist Tax,,,failed,False,2026-08-21T02:08:56.102085+09:00
Punchlist Ticket,,,failed,False,2026-08-19T21:04:13.651960+09:00
Punchlist Timeline,,,failed,False,2026-08-19T21:03:18.431019+09:00
Punchlist Timer,,,failed,False,2026-08-28T00:25:01.797092+09:00
Punchlist Toll,,,failed,False,2026-08-21T02:39:20.009212+09:00
Punchlist Toolbox,,,failed,False,2026-08-28T00:25:07.962787+09:00
Punchlist Toolkit,,,failed,False,2026-08-18T22:11:59.574853+09:00
Punchlist Total,,,failed,False,2026-08-27T23:13:21.065060+09:00
Punchlist Tracker,,,failed,False,2026-08-18T07:52:44.350821+09:00
Punchlist Trail,,,failed,False,2026-08-17T20:41:19.373388+09:00
Punchlist Trend,,,failed,False,2026-08-28T01:05:36.598647+09:00
Punchlist Trial,,,failed,False,2026-08-27T21:16:00.984636+09:00
Punchlist Unit,,,failed,False,2026-08-21T01:52:40.677259+09:00
Punchlist Update,,,failed,False,2026-08-19T20:49:23.220357+09:00
Punchlist Vault,,,failed,False,2026-08-17T21:33:13.463030+09:00
Punchlist Version,,,failed,False,2026-08-23T03:18:14.803596+09:00
Punchlist View,,,failed,False,2026-08-19T20:48:59.251157+09:00
Punchlist Watch,,,failed,False,2026-08-17T20:43:29.254301+09:00
Punchlist Wave,,,failed,False,2026-08-17T20:39:18.247368+09:00
Punchlist Widget,,,failed,False,2026-08-27T23:13:25.257331+09:00
Punchlist Workbench,,,failed,False,2026-08-18T22:11:47.554399+09:00
Punchlist Worksheet,,,failed,False,2026-08-27T22:10:35.314261+09:00
Punchlist Workshop,,,failed,False,2026-08-28T00:25:01.797092+09:00
Punchlist Zone,,,failed,False,2026-08-17T21:32:40.946824+09:00
Quality Advance,320.0,4.0,success,False,2026-08-23T16:13:42.146359+09:00
Quality Advisory,10.0,0.0,success,False,2026-08-21T01:02:03.687665+09:00
Quality Allowance,10.0,0.0,success,False,2026-08-21T02:38:33.089549+09:00
Quality Almanac,,,failed,False,2026-08-18T22:07:45.209206+09:00
Quality Analyzer,70.0,26.0,success,False,2026-08-27T23:51:00.030552+09:00
Quality Anchor,40.0,0.0,success,False,2026-08-17T21:30:53.341117+09:00
Quality Arrears,,,failed,False,2026-08-23T16:13:39.752452+09:00
Quality Assistant,2400.0,2.0,success,False,2026-08-17T23:07:51.294970+09:00
Quality Atlas,10.0,44.0,success,False,2026-08-17T20:39:46.897200+09:00
Quality Attribute,880.0,0.0,success,False,2026-08-23T13:06:36.915804+09:00
Quality Badge,260.0,1.0,success,False,2026-08-21T00:26:02.753353+09:00
Quality Base,110.0,4.0,success,False,2026-08-17T20:36:31.502472+09:00
Quality Beacon,50.0,1.0,success,False,2026-08-17T21:35:18.423759+09:00
Quality Blueprint,70.0,0.0,success,False,2026-08-18T22:07:36.107745+09:00
Quality Board,390.0,4.0,success,False,2026-08-17T20:33:46.243100+09:00
Quality Book,590.0,13.0,success,False,2026-08-19T21:47:05.219311+09:00
Quality Bridge,40.0,1.0,success,False,2026-08-17T21:32:05.797514+09:00
Quality Brief,20.0,25.0,success,False,2026-08-21T00:59:48.261603+09:00
Quality Bulletin,90.0,0.0,success,False,2026-08-21T00:59:43.831495+09:00
Quality Calendar,110.0,30.0,success,False,2026-08-19T00:00:25.348270+09:00
Quality Card,1300.0,27.0,success,False,2026-08-19T13:32:55.447680+09:00
Quality Cascade,170.0,43.0,success,False,2026-08-17T21:33:13.463030+09:00
Quality Cash,390.0,2.0,success,False,2026-08-21T02:21:55.234205+09:00
Quality Cashback,,,failed,False,2026-08-27T21:15:51.614768+09:00
Quality Catalog,30.0,0.0,success,False,2026-08-19T21:04:01.717737+09:00
Quality Category,50.0,1.0,success,False,2026-08-23T13:06:33.832553+09:00
Quality Center,14800.0,9.0,success,False,2026-08-17T21:38:00.601683+09:00
Quality Chain,1000.0,31.0,success,False,2026-08-17T20:43:57.612589+09:00
Quality Charge,20.0,0.0,success,False,2026-08-21T02:38:23.344262+09:00
Quality Check,9900.0,3.0,success,False,2026-08-19T13:33:13.480936+09:00
Quality Checker,9900.0,3.0,success,False,2026-08-27T23:50:52.077690+09:00
Quality Checklist,390.0,3.0,success,False,2026-08-19T21:07:53.338438+09:00
Quality Circular,,,failed,False,2026-08-21T01:02:50.394287+09:00
Quality Cockpit,10.0,4.0,success,False,2026-08-17T23:07:23.914294+09:00
Quality Code,590.0,2.0,success,False,2026-08-19T21:46:29.828345+09:00
Quality Codex,,,failed,False,2026-08-18T22:08:00.506560+09:00
Quality Companion,50.0,6.0,success,False,2026-08-17T23:05:44.417197+09:00
Quality Comparison,260.0,0.0,success,False,2026-08-28T01:02:19.302633+09:00
Quality Compass,320.0,100.0,success,False,2026-08-17T21:36:24.237197+09:00
Quality Compendium,20.0,27.0,success,False,2026-08-18T22:07:53.653114+09:00
Quality Confirmation,20.0,3.0,success,False,2026-08-21T01:00:04.597458+09:00
Quality Console,30.0,45.0,success,False,2026-08-17T21:34:46.886716+09:00
Quality Contribution,10.0,0.0,success,False,2026-08-23T16:13:37.104049+09:00
Quality Core,480.0,1.0,success,False,2026-08-17T20:35:36.002153+09:00
Quality Cost,4400.0,0.0,success,True,2026-08-21T02:08:27.719210+09:00
Quality Counter,90.0,0.0,success,False,2026-08-19T00:01:18.833283+09:00
Quality Coupon,30.0,2.0,success,False,2026-08-27T21:15:49.145755+09:00
Quality Dashboard,720.0,10.0,success,False,2026-08-17T23:11:11.238352+09:00
Quality Deal,170.0,1.0,success,False,2026-08-21T01:52:30.422416+09:00
Quality Debt,50.0,2.0,success,False,2026-08-21T02:21:44.938268+09:00
Quality Deck,170.0,69.0,success,False,2026-08-17T20:32:41.344957+09:00
Quality Depot,50.0,3.0,success,False,2026-08-19T00:00:59.808882+09:00
Quality Desk,260.0,100.0,success,False,2026-08-18T07:43:30.092641+09:00
Quality Detail,390.0,6.0,success,False,2026-08-23T03:18:09.441113+09:00
Quality Detector,40.0,31.0,success,False,2026-08-27T23:50:54.897553+09:00
Quality Diagram,320.0,0.0,success,False,2026-08-27T22:10:29.150854+09:00
Quality Dial,,,failed,False,2026-08-17T21:32:40.946824+09:00
Quality Digest,210.0,1.0,success,False,2026-08-19T20:49:09.969574+09:00
Quality Directory,1000.0,4.0,success,False,2026-08-19T00:00:34.964613+09:00
Quality Discount,1600.0,4.0,success,False,2026-08-23T16:13:30.945408+09:00
Quality Dock,50.0,13.0,success,False,2026-08-17T20:46:49.856300+09:00
Quality Dossier,110.0,1.0,success,False,2026-08-21T01:00:09.157430+09:00
Quality Downpayment,,,failed,False,2026-08-27T21:47:00.631100+09:00
Quality Draft,40.0,4.0,success,False,2026-08-19T20:49:19.848949+09:00
Quality Due,,,failed,False,2026-08-23T15:51:33.860172+09:00
Quality Duty,10.0,0.0,success,False,2026-08-21T02:38:25.978724+09:00
Quality Engine,320.0,33.0,success,False,2026-08-17T23:03:48.755656+09:00
Quality Entry,110.0,77.0,success,False,2026-08-21T01:00:22.728561+09:00
Quality Estimate,,,failed,False,2026-08-19T21:03:49.756847+09:00
Quality Estimator,,,failed,False,2026-08-27T23:50:46.062882+09:00
Quality Excerpt,,,failed,False,2026-08-21T01:02:12.129826+09:00
Quality Fare,,,failed,False,2026-08-21T02:08:37.852191+09:00
Quality Fee,,,failed,False,2026-08-21T01:52:08.240457+09:00
Quality Feed,1600.0,3.0,success,False,2026-08-19T20:49:12.755513+09:00
Quality Field,110.0,0.0,success,False,2026-08-23T13:06:38.895978+09:00
Quality File,110.0,51.0,success,False,2026-08-19T20:48:46.011592+09:00
Quality Finder,40.0,1.0,success,False,2026-08-19T00:00:51.306672+09:00
Quality Fine,30.0,0.0,success,False,2026-08-23T02:54:11.154631+09:00
Quality Flag,720.0,87.0,success,False,2026-08-21T00:26:36.041366+09:00
Quality Flow,170.0,3.0,success,False,2026-08-17T20:33:15.121215+09:00
Quality Forge,110.0,2.0,success,False,2026-08-17T21:34:15.444697+09:00
Quality Form,880.0,5.0,success,False,2026-08-19T13:32:47.690424+09:00
Quality Format,880.0,5.0,success,False,2026-08-23T13:06:41.923671+09:00
Quality Frame,320.0,97.0,success,False,2026-08-17T20:37:29.909330+09:00
Quality Fund,1900.0,1.0,success,False,2026-08-21T02:21:48.463008+09:00
Quality Gate,4400.0,8.0,success,False,2026-08-17T20:41:19.373388+09:00
Quality Giveaway,20.0,23.0,success,False,2026-08-27T21:15:54.960799+09:00
Quality Grade,,,failed,False,2026-08-21T00:26:23.518919+09:00
Quality Graph,70.0,0.0,success,False,2026-08-27T22:10:19.864578+09:00
Quality Grid,30.0,0.0,success,False,2026-08-17T20:44:21.106446+09:00
Quality Guarantee,1300.0,0.0,success,True,2026-08-28T01:02:28.948807+09:00
Quality Guard,1600.0,4.0,success,False,2026-08-17T20:36:04.789698+09:00
Quality Guardian,40.0,0.0,success,False,2026-08-28T00:21:17.081309+09:00
Quality Guidebook,,,failed,False,2026-08-18T22:07:18.676319+09:00
Quality Helpdesk,,,failed,False,2026-08-27T22:48:13.756184+09:00
Quality Helper,20.0,15.0,success,False,2026-08-28T00:21:22.221803+09:00
Quality History,70.0,0.0,success,False,2026-08-19T20:48:40.120494+09:00
Quality Hotline,,,failed,False,2026-08-19T21:04:15.563221+09:00
Quality Hub,1000.0,3.0,success,False,2026-08-17T20:32:03.329355+09:00
Quality Identifier,,,failed,False,2026-08-23T13:06:31.775349+09:00
Quality Incentive,40.0,3.0,success,False,2026-08-27T21:15:54.960799+09:00
Quality Index,720.0,0.0,success,False,2026-08-19T21:08:03.467133+09:00
Quality Insight,390.0,0.0,success,False,2026-08-17T23:12:34.850967+09:00
Quality Installment,,,failed,False,2026-08-23T16:13:34.147754+09:00
Quality Item,210.0,7.0,success,False,2026-08-21T01:52:17.382086+09:00
Quality Journal,390.0,99.0,success,False,2026-08-18T22:07:03.148226+09:00
Quality Keeper,50.0,0.0,success,False,2026-08-17T20:38:02.236902+09:00
Quality Kit,2400.0,4.0,success,False,2026-08-27T22:48:03.762773+09:00
Quality Lab,6600.0,3.0,success,False,2026-08-18T07:43:47.974817+09:00
Quality Label,720.0,46.0,success,False,2026-08-27T22:10:23.604541+09:00
Quality Ledger,,,failed,False,2026-08-17T20:34:38.143389+09:00
Quality Lens,260.0,16.0,success,False,2026-08-17T20:38:23.394205+09:00
Quality Level,480.0,3.0,success,False,2026-08-19T20:48:51.281701+09:00
Quality Link,390.0,3.0,success,False,2026-08-23T03:18:03.824260+09:00
Quality List,1000.0,1.0,success,False,2026-08-19T21:46:42.037661+09:00
Quality Loan,1300.0,4.0,success,False,2026-08-21T02:06:01.492109+09:00
Quality Locator,,,failed,False,2026-08-19T00:00:44.927785+09:00
Quality Lock,480.0,54.0,success,False,2026-08-17T20:40:13.744558+09:00
Quality Log,320.0,6.0,success,False,2026-08-19T13:32:40.491815+09:00
Quality Loop,90.0,2.0,success,False,2026-08-17T20:45:22.370262+09:00
Quality Manager,6600.0,5.0,success,False,2026-08-17T20:37:01.636634+09:00
Quality Manual,2900.0,10.0,success,False,2026-08-27T22:10:26.332247+09:00
Quality Map,320.0,4.0,success,False,2026-08-17T20:39:18.247368+09:00
Quality Margin,10.0,0.0,success,False,2026-08-23T02:54:08.933520+09:00
Quality Marker,110.0,91.0,success,False,2026-08-23T13:27:25.869179+09:00
Quality Memo,10.0,9.0,success,False,2026-08-21T00:26:28.007677+09:00
Quality Message,140.0,1.0,success,False,2026-08-27T23:13:13.331600+09:00
Quality Meter,110.0,36.0,success,False,2026-08-17T21:31:33.014186+09:00
Quality Metrics,1600.0,2.0,success,False,2026-08-17T23:03:55.937111+09:00
Quality Monitor,880.0,30.0,success,False,2026-08-17T23:09:34.502992+09:00
Quality Navigator,20.0,16.0,success,False,2026-08-17T23:14:16.588426+09:00
Quality Nexus,20.0,0.0,success,False,2026-08-17T20:40:34.523017+09:00
Quality Node,,,failed,False,2026-08-17T20:42:10.144192+09:00
Quality Note,170.0,0.0,success,False,2026-08-19T13:33:44.098374+09:00
Quality Notification,110.0,0.0,success,False,2026-08-27T22:48:03.762773+09:00
Quality Number,210.0,0.0,success,False,2026-08-23T03:17:54.192615+09:00
Quality Office,720.0,8.0,success,False,2026-08-19T00:01:10.174789+09:00
Quality Ops,210.0,2.0,success,False,2026-08-17T23:12:51.339052+09:00
Quality Organizer,,,failed,False,2026-08-17T23:05:32.537259+09:00
Quality Overage,,,failed,False,2026-08-27T21:46:57.331452+09:00
Quality Overdue,,,failed,False,2026-08-27T21:46:54.698818+09:00
Quality Panel,210.0,15.0,success,False,2026-08-17T21:33:40.096792+09:00
Quality Pass,210.0,0.0,success,False,2026-08-21T00:25:47.755507+09:00
Quality Path,20.0,1.0,success,False,2026-08-17T20:41:48.704350+09:00
Quality Payoff,,,failed,False,2026-08-27T21:46:57.331452+09:00
Quality Penalty,,,failed,False,2026-08-23T16:38:29.056767+09:00
Quality Petition,,,failed,False,2026-08-21T00:59:58.992040+09:00
Quality Pilot,10.0,0.0,success,False,2026-08-18T07:43:30.092641+09:00
Quality Plan,2400.0,2.0,success,False,2026-08-21T01:52:27.177299+09:00
Quality Planner,70.0,100.0,success,False,2026-08-17T23:11:03.494377+09:00
Quality Playbook,30.0,16.0,success,False,2026-08-18T22:06:54.214613+09:00
Quality Point,1300.0,1.0,success,False,2026-08-17T20:40:55.263419+09:00
Quality Portal,260.0,1.0,success,False,2026-08-17T21:35:49.618076+09:00
Quality Preview,,,failed,False,2026-08-28T01:02:23.926913+09:00
Quality Price,1300.0,0.0,success,True,2026-08-21T02:08:33.058112+09:00
Quality Profile,320.0,0.0,success,False,2026-08-19T13:33:57.418081+09:00
Quality Profit,40.0,1.0,success,False,2026-08-23T02:53:58.718739+09:00
Quality Proposal,20.0,0.0,success,False,2026-08-28T01:02:23.926913+09:00
Quality Pulse,590.0,0.0,success,False,2026-08-17T20:43:29.254301+09:00
Quality Queue,,,failed,False,2026-08-19T21:03:33.928340+09:00
Quality Quota,10.0,0.0,success,False,2026-08-21T00:26:33.622421+09:00
Quality Radar,20.0,5.0,success,False,2026-08-17T21:40:49.556938+09:00
Quality Rail,210.0,13.0,success,False,2026-08-17T20:45:46.874737+09:00
Quality Rank,110.0,0.0,success,False,2026-08-28T00:45:52.715901+09:00
Quality Rate,390.0,1.0,success,False,2026-08-19T20:48:59.251157+09:00
Quality Recap,10.0,0.0,success,False,2026-08-21T01:00:13.557875+09:00
Quality Register,140.0,3.0,success,False,2026-08-17T23:09:02.276027+09:00
Quality Registry,140.0,3.0,success,False,2026-08-18T22:07:28.261653+09:00
Quality Relay,10.0,5.0,success,False,2026-08-17T21:38:35.218560+09:00
Quality Reminder,40.0,0.0,success,False,2026-08-19T21:07:45.336017+09:00
Quality Report,1300.0,2.0,success,False,2026-08-19T13:32:31.593655+09:00
Quality Repository,,,failed,False,2026-08-27T23:13:21.065060+09:00
Quality Result,390.0,1.0,success,False,2026-08-28T00:45:52.715901+09:00
Quality Roadmap,70.0,2.0,success,False,2026-08-18T22:08:09.141836+09:00
Quality Route,20.0,0.0,success,False,2026-08-17T20:48:02.919436+09:00
Quality Rule,140.0,2.0,success,False,2026-08-23T03:18:07.042470+09:00
Quality Sale,880.0,20.0,success,False,2026-08-21T02:21:59.749711+09:00
Quality Sample,260.0,3.0,success,False,2026-08-19T21:47:34.110436+09:00
Quality Scale,880.0,48.0,success,False,2026-08-17T21:30:22.425092+09:00
Quality Scanner,1300.0,7.0,success,False,2026-08-27T23:50:54.897553+09:00
Quality Scheduler,,,failed,False,2026-08-17T23:14:46.249386+09:00
Quality Scope,70.0,20.0,success,False,2026-08-17T20:46:07.350212+09:00
Quality Score,2400.0,4.0,success,False,2026-08-19T13:33:37.732630+09:00
Quality Sentry,,,failed,False,2026-08-17T20:38:51.261946+09:00
Quality Serial,10.0,0.0,success,False,2026-08-23T13:27:16.161149+09:00
Quality Sheet,90.0,38.0,success,False,2026-08-19T13:33:02.578163+09:00
Quality Shortfall,,,failed,False,2026-08-27T21:47:03.271568+09:00
Quality Signal,480.0,0.0,success,False,2026-08-17T20:48:40.258747+09:00
Quality Signature,210.0,4.0,success,False,2026-08-23T13:27:22.703282+09:00
Quality Slip,70.0,61.0,success,False,2026-08-19T21:47:20.280191+09:00
Quality Slot,20.0,0.0,success,False,2026-08-19T21:47:46.224144+09:00
Quality Snapshot,20.0,0.0,success,False,2026-08-18T22:07:12.146632+09:00
Quality Stake,,,failed,False,2026-08-23T02:54:06.073801+09:00
Quality Stamp,880.0,41.0,success,False,2026-08-23T13:27:25.869179+09:00
Quality Statement,320.0,2.0,success,False,2026-08-21T00:26:13.350270+09:00
Quality Station,140.0,6.0,success,False,2026-08-17T21:41:28.759770+09:00
Quality Status,140.0,0.0,success,False,2026-08-19T20:48:32.959283+09:00
Quality Studio,1900.0,2.0,success,False,2026-08-17T20:31:29.603433+09:00
Quality Subsidy,,,failed,False,2026-08-23T15:51:36.784233+09:00
Quality Suite,480.0,39.0,success,False,2026-08-17T23:13:09.056664+09:00
Quality Sum,,,failed,False,2026-08-21T02:21:38.988991+09:00
Quality Summary,210.0,0.0,success,False,2026-08-19T21:07:23.410704+09:00
Quality Sync,10.0,0.0,success,False,2026-08-17T20:34:15.100698+09:00
Quality Table,170.0,76.0,success,False,2026-08-19T21:46:50.004607+09:00
Quality Tag,170.0,55.0,success,False,2026-08-19T13:33:49.819535+09:00
Quality Tally,,,failed,False,2026-08-21T00:26:18.251155+09:00
Quality Tariff,,,failed,False,2026-08-21T02:38:35.767249+09:00
Quality Tax,720.0,6.0,success,False,2026-08-21T02:08:41.527197+09:00
Quality Ticket,140.0,32.0,success,False,2026-08-19T21:03:18.431019+09:00
Quality Tier,50.0,0.0,success,False,2026-08-28T00:45:52.715901+09:00
Quality Timeline,10.0,0.0,success,False,2026-08-19T21:07:34.937888+09:00
Quality Toll,,,failed,False,2026-08-21T02:38:28.246618+09:00
Quality Toolbox,70.0,63.0,success,False,2026-08-28T00:21:19.709791+09:00
Quality Toolkit,20.0,51.0,success,False,2026-08-18T22:06:45.698700+09:00
Quality Total,2400.0,3.0,success,False,2026-08-27T23:13:13.331600+09:00
Quality Tracker,260.0,11.0,success,False,2026-08-17T20:35:06.364440+09:00
Quality Trail,,,failed,False,2026-08-17T20:44:43.054193+09:00
Quality Trend,70.0,7.0,success,False,2026-08-28T01:02:19.302633+09:00
Quality Trial,,,failed,False,2026-08-27T21:15:51.614768+09:00
Quality Unit,260.0,1.0,success,False,2026-08-21T01:52:20.481419+09:00
Quality Update,260.0,0.0,success,False,2026-08-19T20:49:04.250848+09:00
Quality Value,590.0,0.0,success,False,2026-08-23T02:54:03.941195+09:00
Quality Vault,260.0,5.0,success,False,2026-08-17T21:37:26.190503+09:00
Quality Version,20.0,0.0,success,False,2026-08-23T03:17:56.844473+09:00
Quality View,390.0,51.0,success,False,2026-08-19T20:48:35.358478+09:00
Quality Voucher,,,failed,False,2026-08-21T00:25:54.977191+09:00
Quality Watch,1600.0,17.0,success,False,2026-08-17T20:47:23.581270+09:00
Quality Wave,,,failed,False,2026-08-17T20:42:34.302604+09:00
Quality Widget,,,failed,False,2026-08-27T23:13:16.008786+09:00
Quality Workbench,30.0,79.0,success,False,2026-08-18T22:06:37.464016+09:00
Quality Worksheet,20.0,0.0,success,False,2026-08-27T22:10:29.150854+09:00
Quality Workshop,320.0,6.0,success,False,2026-08-28T00:21:14.040617+09:00
Quality Zone,1600.0,1.0,success,False,2026-08-17T21:36:50.527973+09:00
Quarter Advance,,,failed,False,2026-08-23T16:15:09.158473+09:00
Quarter Alert,30.0,0.0,success,False,2026-08-21T01:43:27.778790+09:00
Quarter Allowance,20.0,0.0,success,False,2026-08-21T02:44:46.644995+09:00
Quarter Analyzer,,,failed,False,2026-08-27T23:51:43.048579+09:00
Quarter Announcement,,,failed,False,2026-08-27T23:31:29.961537+09:00
Quarter Arrears,,,failed,False,2026-08-23T16:15:06.058154+09:00
Quarter Atlas,10.0,0.0,success,False,2026-08-21T01:41:18.223212+09:00
Quarter Attribute,,,failed,False,2026-08-23T13:05:55.726817+09:00
Quarter Badge,,,failed,False,2026-08-21T01:37:26.126762+09:00
Quarter Balance,50.0,0.0,success,False,2026-08-23T13:46:52.749544+09:00
Quarter Base,50.0,6.0,success,False,2026-08-21T01:39:59.295312+09:00
Quarter Beacon,,,failed,False,2026-08-21T01:38:57.072218+09:00
Quarter Bill,880.0,1.0,success,False,2026-08-21T01:36:44.739122+09:00
Quarter Bin,30.0,0.0,success,False,2026-08-21T01:43:39.038620+09:00
Quarter Board,880.0,88.0,success,False,2026-08-21T01:40:09.996962+09:00
Quarter Bridge,260.0,0.0,success,False,2026-08-21T01:39:12.504942+09:00
Quarter Brief,,,failed,False,2026-08-21T01:37:51.952894+09:00
Quarter Bulletin,,,failed,False,2026-08-21T01:37:48.907066+09:00
Quarter Calculator,320.0,0.0,success,False,2026-08-27T23:31:33.268301+09:00
Quarter Card,140.0,11.0,success,False,2026-08-21T01:44:23.485240+09:00
Quarter Cascade,,,failed,False,2026-08-21T01:39:04.572787+09:00
Quarter Cash,30.0,20.0,success,False,2026-08-21T02:28:40.448172+09:00
Quarter Category,,,failed,False,2026-08-23T13:05:53.628688+09:00
Quarter Center,50.0,1.0,success,False,2026-08-21T01:40:33.133691+09:00
Quarter Chain,30.0,0.0,success,False,2026-08-21T01:41:06.507181+09:00
Quarter Charge,20.0,0.0,success,False,2026-08-21T02:44:32.833058+09:00
Quarter Chart,1000.0,3.0,success,False,2026-08-21T01:43:31.469604+09:00
Quarter Check,260.0,18.0,success,False,2026-08-21T01:44:33.537295+09:00
Quarter Checker,260.0,18.0,success,False,2026-08-27T23:51:32.749499+09:00
Quarter Code,50.0,0.0,success,False,2026-08-21T01:36:55.107278+09:00
Quarter Comparison,50.0,0.0,success,False,2026-08-28T01:03:21.195109+09:00
Quarter Compass,,,failed,False,2026-08-21T01:38:52.841882+09:00
Quarter Confirmation,,,failed,False,2026-08-21T01:38:16.172375+09:00
Quarter Console,,,failed,False,2026-08-21T01:40:45.060160+09:00
Quarter Contribution,,,failed,False,2026-08-23T16:15:06.058154+09:00
Quarter Converter,50.0,0.0,success,False,2026-08-27T23:31:37.799226+09:00
Quarter Core,20.0,0.0,success,False,2026-08-21T01:40:01.747780+09:00
Quarter Cost,260.0,13.0,success,False,2026-08-21T02:11:50.760630+09:00
Quarter Count,590.0,100.0,success,False,2026-08-27T22:51:13.312396+09:00
Quarter Counter,590.0,100.0,success,False,2026-08-21T01:42:32.456630+09:00
Quarter Deal,,,failed,False,2026-08-21T01:55:44.868962+09:00
Quarter Debt,,,failed,False,2026-08-21T02:28:33.010940+09:00
Quarter Deck,9900.0,6.0,success,False,2026-08-21T01:40:15.311910+09:00
Quarter Desk,30.0,86.0,success,False,2026-08-21T01:38:40.726969+09:00
Quarter Detail,,,failed,False,2026-08-23T03:15:38.644159+09:00
Quarter Detector,,,failed,False,2026-08-27T23:51:38.023281+09:00
Quarter Directory,,,failed,False,2026-08-21T01:42:11.023754+09:00
Quarter Discount,,,failed,False,2026-08-23T16:15:01.314751+09:00
Quarter Downpayment,,,failed,False,2026-08-27T21:49:24.879038+09:00
Quarter Draft,,,failed,False,2026-08-21T01:35:31.445968+09:00
Quarter Due,,,failed,False,2026-08-23T15:51:53.307481+09:00
Quarter Duty,,,failed,False,2026-08-21T02:44:37.347457+09:00
Quarter Engine,,,failed,False,2026-08-21T01:41:30.332578+09:00
Quarter Entry,,,failed,False,2026-08-21T01:38:24.012895+09:00
Quarter Estimate,,,failed,False,2026-08-21T01:36:36.837653+09:00
Quarter Estimator,,,failed,False,2026-08-27T23:51:32.749499+09:00
Quarter Extension,40.0,1.0,success,False,2026-08-23T16:39:30.994856+09:00
Quarter Fare,,,failed,False,2026-08-21T02:11:57.284997+09:00
Quarter Fee,720.0,0.0,success,False,2026-08-21T01:55:28.445824+09:00
Quarter Feed,,,failed,False,2026-08-21T01:35:31.445968+09:00
Quarter Field,40.0,0.0,success,False,2026-08-23T13:05:58.112221+09:00
Quarter File,320.0,1.0,success,False,2026-08-21T01:35:31.445968+09:00
Quarter Fine,10.0,0.0,success,False,2026-08-23T02:58:53.611200+09:00
Quarter Flow,10.0,0.0,success,False,2026-08-21T01:38:34.046103+09:00
Quarter Forge,,,failed,False,2026-08-21T01:39:01.261860+09:00
Quarter Form,70.0,1.0,success,False,2026-08-21T01:44:20.732547+09:00
Quarter Format,10.0,0.0,success,False,2026-08-23T13:06:02.918045+09:00
Quarter Frame,50.0,1.0,success,False,2026-08-21T01:39:52.762519+09:00
Quarter Fund,,,failed,False,2026-08-21T02:28:36.980709+09:00
Quarter Gate,1000.0,3.0,success,False,2026-08-21T01:41:12.264242+09:00
Quarter Generator,10.0,0.0,success,False,2026-08-27T23:31:37.799226+09:00
Quarter Graph,110.0,0.0,success,False,2026-08-27T22:13:36.218618+09:00
Quarter Grid,70.0,1.0,success,False,2026-08-21T01:39:32.953570+09:00
Quarter Helpdesk,,,failed,False,2026-08-27T22:51:13.312396+09:00
Quarter Helper,,,failed,False,2026-08-28T00:22:11.514597+09:00
Quarter History,260.0,9.0,success,False,2026-08-21T01:35:31.445968+09:00
Quarter Hub,10.0,0.0,success,False,2026-08-21T01:38:35.952865+09:00
Quarter Identifier,70.0,53.0,success,False,2026-08-23T13:05:51.104957+09:00
Quarter Inbox,,,failed,False,2026-08-21T01:43:23.087757+09:00
Quarter Index,,,failed,False,2026-08-21T01:35:31.445968+09:00
Quarter Installment,,,failed,False,2026-08-23T16:15:01.314751+09:00
Quarter Interest,390.0,0.0,success,False,2026-08-23T13:46:55.595088+09:00
Quarter Item,,,failed,False,2026-08-21T01:55:30.531800+09:00
Quarter Journal,210.0,3.0,success,False,2026-08-21T01:42:02.866390+09:00
Quarter Keeper,140.0,98.0,success,False,2026-08-21T01:41:22.153477+09:00
Quarter Lab,70.0,1.0,success,False,2026-08-21T01:40:23.040836+09:00
Quarter Ledger,10.0,0.0,success,False,2026-08-21T01:40:07.956384+09:00
Quarter Level,40.0,12.0,success,False,2026-08-21T01:35:31.445968+09:00
Quarter Line,480.0,4.0,success,False,2026-08-21T01:43:56.070004+09:00
Quarter Link,,,failed,False,2026-08-23T03:15:28.674871+09:00
Quarter List,720.0,33.0,success,False,2026-08-21T01:36:57.667235+09:00
Quarter Loan,,,failed,False,2026-08-21T02:12:06.796728+09:00
Quarter Lobby,,,failed,False,2026-08-21T01:43:47.346655+09:00
Quarter Locator,,,failed,False,2026-08-21T01:42:17.039674+09:00
Quarter Locker,,,failed,False,2026-08-21T01:42:34.994206+09:00
Quarter Log,50.0,12.0,success,False,2026-08-21T01:44:14.161023+09:00
Quarter Loop,,,failed,False,2026-08-21T01:39:30.579891+09:00
Quarter Map,2900.0,17.0,success,False,2026-08-21T01:39:49.686792+09:00
Quarter Margin,,,failed,False,2026-08-23T02:58:49.315026+09:00
Quarter Memo,,,failed,False,2026-08-21T01:37:37.070410+09:00
Quarter Monitor,50.0,1.0,success,False,2026-08-21T01:41:44.452509+09:00
Quarter Nexus,,,failed,False,2026-08-21T01:41:16.296353+09:00
Quarter Note,40500.0,3.0,success,False,2026-08-21T01:35:28.840990+09:00
Quarter Notification,,,failed,False,2026-08-27T22:51:05.430430+09:00
Quarter Number,1900.0,0.0,success,True,2026-08-23T03:15:22.651664+09:00
Quarter Office,260.0,6.0,success,False,2026-08-21T01:42:27.221916+09:00
Quarter Ops,,,failed,False,2026-08-21T01:41:54.360418+09:00
Quarter Order,70.0,4.0,success,False,2026-08-21T01:36:42.310879+09:00
Quarter Overage,,,failed,False,2026-08-27T21:49:22.679951+09:00
Quarter Overdraft,,,failed,False,2026-08-23T15:51:53.307481+09:00
Quarter Overdue,,,failed,False,2026-08-27T21:49:15.770523+09:00
Quarter Panel,12100.0,8.0,success,False,2026-08-21T01:40:48.434359+09:00
Quarter Pass,210.0,0.0,success,False,2026-08-21T01:37:19.276865+09:00
Quarter Passport,,,failed,False,2026-08-21T01:43:45.085248+09:00
Quarter Path,50.0,2.0,success,False,2026-08-21T01:39:42.723562+09:00
Quarter Payoff,,,failed,False,2026-08-27T21:49:18.001663+09:00
Quarter Penalty,,,failed,False,2026-08-23T16:39:25.527330+09:00
Quarter Petition,,,failed,False,2026-08-21T01:38:08.891636+09:00
Quarter Plan,1900.0,62.0,success,False,2026-08-21T01:55:42.683026+09:00
Quarter Planner,1900.0,62.0,success,False,2026-08-21T01:41:39.026443+09:00
Quarter Playbook,,,failed,False,2026-08-21T01:41:56.935291+09:00
Quarter Point,480.0,0.0,success,False,2026-08-21T01:39:47.385700+09:00
Quarter Portal,,,failed,False,2026-08-21T01:40:39.778843+09:00
Quarter Preview,,,failed,False,2026-08-28T01:03:25.191639+09:00
Quarter Profile,170.0,3.0,success,False,2026-08-21T01:35:31.445968+09:00
Quarter Profit,110.0,1.0,success,False,2026-08-23T02:58:43.358109+09:00
Quarter Proposal,,,failed,False,2026-08-28T01:03:27.794966+09:00
Quarter Quota,40.0,1.0,success,False,2026-08-21T01:37:41.835664+09:00
Quarter Radar,,,failed,False,2026-08-21T01:38:42.867462+09:00
Quarter Rank,,,failed,False,2026-08-28T00:46:24.719309+09:00
Quarter Rate,320.0,0.0,success,False,2026-08-21T01:35:31.445968+09:00
Quarter Receipt,,,failed,False,2026-08-21T01:36:50.253581+09:00
Quarter Recorder,,,failed,False,2026-08-27T23:31:41.970749+09:00
Quarter Register,,,failed,False,2026-08-21T01:41:52.008026+09:00
Quarter Relay,,,failed,False,2026-08-21T01:38:48.053655+09:00
Quarter Reminder,10.0,0.0,success,False,2026-08-21T01:35:31.445968+09:00
Quarter Report,6600.0,1.0,success,False,2026-08-21T01:44:11.369887+09:00
Quarter Result,14800.0,1.0,success,False,2026-08-28T00:46:16.444390+09:00
Quarter Ring,1300.0,87.0,success,False,2026-08-21T01:41:08.747647+09:00
Quarter Roll,14800.0,44.0,success,False,2026-08-21T01:44:05.223042+09:00
Quarter Route,,,failed,False,2026-08-21T01:40:55.486600+09:00
Quarter Rule,320.0,0.0,success,False,2026-08-23T03:15:32.798139+09:00
Quarter Sale,260.0,1.0,success,False,2026-08-21T02:28:46.160203+09:00
Quarter Sample,90.0,0.0,success,False,2026-08-21T01:37:11.320785+09:00
Quarter Scale,260.0,0.0,success,False,2026-08-21T01:40:50.890695+09:00
Quarter Score,590.0,0.0,success,False,2026-08-21T01:44:35.810594+09:00
Quarter Sheet,33100.0,4.0,success,False,2026-08-21T01:44:28.935205+09:00
Quarter Shortfall,,,failed,False,2026-08-27T21:49:27.090308+09:00
Quarter Signal,,,failed,False,2026-08-21T01:39:14.951697+09:00
Quarter Slip,70.0,3.0,success,False,2026-08-21T01:37:07.808277+09:00
Quarter Slot,320.0,1.0,success,False,2026-08-21T01:37:16.023011+09:00
Quarter Stake,,,failed,False,2026-08-23T02:58:45.466254+09:00
Quarter Statement,390.0,1.0,success,False,2026-08-21T01:37:32.925946+09:00
Quarter Station,40.0,0.0,success,False,2026-08-21T01:40:28.771256+09:00
Quarter Status,10.0,0.0,success,False,2026-08-21T01:35:31.445968+09:00
Quarter Stipend,,,failed,False,2026-08-23T13:46:59.316345+09:00
Quarter Streak,,,failed,False,2026-08-28T00:46:16.444390+09:00
Quarter Stub,,,failed,False,2026-08-21T01:37:30.941685+09:00
Quarter Studio,70.0,1.0,success,False,2026-08-21T01:40:19.724237+09:00
Quarter Subsidy,,,failed,False,2026-08-23T15:51:55.644106+09:00
Quarter Sum,,,failed,False,2026-08-21T02:28:28.588606+09:00
Quarter Summary,20.0,0.0,success,False,2026-08-21T01:35:31.445968+09:00
Quarter Surtax,,,failed,False,2026-08-23T15:51:57.634783+09:00
Quarter Tab,50.0,0.0,success,False,2026-08-21T01:37:44.630220+09:00
Quarter Table,260.0,30.0,success,False,2026-08-21T01:37:02.343165+09:00
Quarter Tag,,,failed,False,2026-08-21T01:35:31.445968+09:00
Quarter Tariff,,,failed,False,2026-08-21T02:44:49.670355+09:00
Quarter Tax,5400.0,3.0,success,False,2026-08-21T02:12:01.712721+09:00
Quarter Terminal,,,failed,False,2026-08-21T01:40:31.088878+09:00
Quarter Ticker,,,failed,False,2026-08-21T01:43:52.896076+09:00
Quarter Ticket,170.0,2.0,success,False,2026-08-21T01:35:31.445968+09:00
Quarter Timeline,260.0,4.0,success,False,2026-08-21T01:35:31.445968+09:00
Quarter Timer,,,failed,False,2026-08-28T00:22:01.777271+09:00
Quarter Toll,,,failed,False,2026-08-21T02:44:40.179717+09:00
Quarter Toolbox,,,failed,False,2026-08-28T00:22:09.034750+09:00
Quarter Total,40.0,1.0,success,False,2026-08-27T23:16:45.468022+09:00
Quarter Tracker,90.0,5.0,success,False,2026-08-21T01:38:26.164281+09:00
Quarter Trend,10.0,0.0,success,False,2026-08-28T01:03:16.681055+09:00
Quarter Trial,,,failed,False,2026-08-27T21:18:05.577940+09:00
Quarter Unit,90.0,0.0,success,False,2026-08-21T01:55:33.628108+09:00
Quarter Update,480.0,0.0,success,False,2026-08-21T01:35:31.445968+09:00
Quarter Value,5400.0,46.0,success,False,2026-08-23T02:58:43.358109+09:00
Quarter Vault,,,failed,False,2026-08-21T01:38:50.640665+09:00
Quarter View,3600.0,1.0,success,False,2026-08-21T01:35:31.445968+09:00
Quarter Voucher,,,failed,False,2026-08-21T01:37:24.140763+09:00
Quarter Watch,260.0,48.0,success,False,2026-08-21T01:39:21.617747+09:00
Quarter Wave,1300.0,0.0,success,True,2026-08-21T01:39:38.707543+09:00
Quarter Widget,,,failed,False,2026-08-27T23:16:51.144125+09:00
Quarter Window,1300.0,13.0,success,False,2026-08-21T01:44:01.894856+09:00
Quarter Worksheet,260.0,3.0,success,False,2026-08-27T22:13:48.271988+09:00
Quarter Zone,1300.0,0.0,success,True,2026-08-21T01:40:37.729948+09:00
Queue Allowance,,,failed,False,2026-08-21T02:42:09.091272+09:00
Queue Almanac,,,failed,False,2026-08-18T22:10:20.360888+09:00
Queue Analyzer,,,failed,False,2026-08-27T23:59:32.969820+09:00
Queue Anchor,,,failed,False,2026-08-17T21:37:32.627735+09:00
Queue Announcement,,,failed,False,2026-08-27T23:36:57.640483+09:00
Queue Assistant,,,failed,False,2026-08-17T23:26:24.551704+09:00
Queue Atlas,,,failed,False,2026-08-17T20:44:51.445524+09:00
Queue Attribute,,,failed,False,2026-08-23T13:08:21.567126+09:00
Queue Base,20.0,25.0,success,False,2026-08-17T20:41:54.470071+09:00
Queue Beacon,,,failed,False,2026-08-18T07:52:27.935751+09:00
Queue Blueprint,,,failed,False,2026-08-18T22:10:12.310168+09:00
Queue Board,590.0,1.0,success,False,2026-08-17T20:39:23.919432+09:00
Queue Book,70.0,1.0,success,False,2026-08-19T21:49:21.504748+09:00
Queue Bridge,10.0,4.0,success,False,2026-08-17T21:38:40.825363+09:00
Queue Brief,,,failed,False,2026-08-21T01:01:32.949178+09:00
Queue Bulletin,,,failed,False,2026-08-21T01:01:28.263811+09:00
Queue Calculator,40.0,0.0,success,False,2026-08-27T23:37:06.230002+09:00
Queue Calendar,70.0,0.0,success,False,2026-08-19T00:04:11.501446+09:00
Queue Card,60500.0,20.0,success,False,2026-08-19T13:35:21.181056+09:00
Queue Cascade,,,failed,False,2026-08-17T21:40:59.899740+09:00
Queue Cash,,,failed,False,2026-08-21T02:26:29.042609+09:00
Queue Catalog,,,failed,False,2026-08-19T21:05:07.680797+09:00
Queue Category,,,failed,False,2026-08-23T13:08:19.388505+09:00
Queue Center,,,failed,False,2026-08-17T20:33:51.962760+09:00
Queue Chain,20.0,98.0,success,False,2026-08-17T21:31:39.058447+09:00
Queue Charge,,,failed,False,2026-08-21T02:41:59.910977+09:00
Queue Check,90.0,3.0,success,False,2026-08-19T13:35:47.282228+09:00
Queue Checker,90.0,3.0,success,False,2026-08-27T23:59:26.259431+09:00
Queue Checklist,,,failed,False,2026-08-19T21:04:04.689181+09:00
Queue Cockpit,,,failed,False,2026-08-17T23:08:13.716761+09:00
Queue Code,320.0,0.0,success,False,2026-08-19T21:48:44.866696+09:00
Queue Codex,,,failed,False,2026-08-18T22:10:36.115087+09:00
Queue Companion,,,failed,False,2026-08-17T23:27:41.420797+09:00
Queue Comparison,,,failed,False,2026-08-28T01:01:45.010115+09:00
Queue Compass,,,failed,False,2026-08-17T20:32:10.469810+09:00
Queue Compendium,,,failed,False,2026-08-18T22:10:27.962314+09:00
Queue Confirmation,,,failed,False,2026-08-21T01:01:49.387114+09:00
Queue Console,,,failed,False,2026-08-18T07:53:01.701423+09:00
Queue Core,,,failed,False,2026-08-17T20:41:03.029394+09:00
Queue Cost,,,failed,False,2026-08-21T02:10:45.957047+09:00
Queue Count,110.0,31.0,success,False,2026-08-27T22:51:13.312396+09:00
Queue Counter,110.0,31.0,success,False,2026-08-19T00:04:54.234777+09:00
Queue Dashboard,50.0,12.0,success,False,2026-08-17T23:27:23.938977+09:00
Queue Deal,,,failed,False,2026-08-21T02:05:54.756908+09:00
Queue Debt,,,failed,False,2026-08-21T02:26:24.473700+09:00
Queue Deck,,,failed,False,2026-08-17T20:38:31.317013+09:00
Queue Depot,,,failed,False,2026-08-19T00:04:39.958803+09:00
Queue Desk,,,failed,False,2026-08-17T20:36:11.237181+09:00
Queue Detail,,,failed,False,2026-08-23T03:21:18.514525+09:00
Queue Detector,,,failed,False,2026-08-27T23:59:30.142774+09:00
Queue Diagram,880.0,0.0,success,False,2026-08-27T22:14:38.233626+09:00
Queue Dial,,,failed,False,2026-08-17T21:39:34.435552+09:00
Queue Digest,,,failed,False,2026-08-19T20:48:55.006137+09:00
Queue Directory,,,failed,False,2026-08-19T00:04:18.277485+09:00
Queue Dock,,,failed,False,2026-08-17T21:34:53.019649+09:00
Queue Dossier,,,failed,False,2026-08-21T01:01:56.777468+09:00
Queue Downpayment,,,failed,False,2026-08-27T21:50:02.290136+09:00
Queue Draft,,,failed,False,2026-08-19T20:49:04.250848+09:00
Queue Duty,,,failed,False,2026-08-21T02:42:02.551252+09:00
Queue Engine,10.0,0.0,success,False,2026-08-17T23:04:36.399044+09:00
Queue Entry,10.0,1.0,success,False,2026-08-21T01:02:11.159896+09:00
Queue Estimate,,,failed,False,2026-08-19T21:04:56.454622+09:00
Queue Estimator,,,failed,False,2026-08-27T23:59:23.650703+09:00
Queue Excerpt,,,failed,False,2026-08-21T01:02:59.724963+09:00
Queue Fare,,,failed,False,2026-08-21T02:10:51.896971+09:00
Queue Fee,,,failed,False,2026-08-21T01:54:42.335376+09:00
Queue Feed,,,failed,False,2026-08-19T20:49:01.783681+09:00
Queue Field,,,failed,False,2026-08-23T13:08:24.927067+09:00
Queue File,30.0,0.0,success,False,2026-08-19T20:48:32.959283+09:00
Queue Finder,10.0,2.0,success,False,2026-08-19T00:04:33.745752+09:00
Queue Fine,10.0,0.0,success,False,2026-08-23T02:56:24.253545+09:00
Queue Flag,,,failed,False,2026-08-21T00:29:10.279905+09:00
Queue Flow,70.0,22.0,success,False,2026-08-17T20:38:59.956902+09:00
Queue Forge,,,failed,False,2026-08-18T07:52:35.571361+09:00
Queue Form,20.0,5.0,success,False,2026-08-19T13:35:12.097075+09:00
Queue Format,,,failed,False,2026-08-23T13:08:27.240954+09:00
Queue Frame,,,failed,False,2026-08-17T20:42:40.071307+09:00
Queue Fund,,,failed,False,2026-08-21T02:26:26.896086+09:00
Queue Gate,30.0,13.0,success,False,2026-08-17T20:46:53.844827+09:00
Queue Grade,,,failed,False,2026-08-21T00:28:46.684495+09:00
Queue Graph,10.0,0.0,success,False,2026-08-27T22:14:28.911513+09:00
Queue Grid,,,failed,False,2026-08-17T21:32:15.070878+09:00
Queue Guarantee,,,failed,False,2026-08-28T01:01:51.337076+09:00
Queue Guard,20.0,72.0,success,False,2026-08-17T20:41:24.809383+09:00
Queue Guardian,,,failed,False,2026-08-28T00:27:43.001225+09:00
Queue Guidebook,,,failed,False,2026-08-18T22:09:58.381010+09:00
Queue Helpdesk,,,failed,False,2026-08-27T22:51:22.989955+09:00
Queue Helper,20.0,26.0,success,False,2026-08-28T00:20:56.154840+09:00
Queue History,30.0,0.0,success,False,2026-08-19T20:48:26.152213+09:00
Queue Hotline,,,failed,False,2026-08-19T21:05:18.754911+09:00
Queue Hub,20.0,15.0,success,False,2026-08-17T20:38:06.157627+09:00
Queue Identifier,,,failed,False,2026-08-23T13:08:17.193422+09:00
Queue Index,70.0,0.0,success,False,2026-08-19T21:04:15.563221+09:00
Queue Insight,10.0,0.0,success,False,2026-08-17T23:13:32.470918+09:00
Queue Item,40.0,0.0,success,False,2026-08-21T01:54:45.555150+09:00
Queue Journal,10.0,0.0,success,False,2026-08-18T22:09:39.839296+09:00
Queue Keeper,,,failed,False,2026-08-17T20:43:08.098438+09:00
Queue Lab,110.0,0.0,success,False,2026-08-17T20:36:39.507807+09:00
Queue Label,,,failed,False,2026-08-27T22:14:32.870267+09:00
Queue Layout,,,failed,False,2026-08-27T22:29:30.000621+09:00
Queue Ledger,,,failed,False,2026-08-17T20:40:19.019495+09:00
Queue Lens,,,failed,False,2026-08-17T20:43:34.295212+09:00
Queue Level,,,failed,False,2026-08-19T20:48:37.662202+09:00
Queue Link,20.0,6.0,success,False,2026-08-23T03:21:12.022197+09:00
Queue List,480.0,0.0,success,False,2026-08-19T21:48:58.615287+09:00
Queue Loan,,,failed,False,2026-08-21T02:10:58.400903+09:00
Queue Locator,,,failed,False,2026-08-19T00:04:28.645558+09:00
Queue Lock,40.0,1.0,success,False,2026-08-17T20:45:26.162726+09:00
Queue Log,20.0,0.0,success,False,2026-08-19T13:34:28.843739+09:00
Queue Loop,10.0,0.0,success,False,2026-08-17T21:33:20.961288+09:00
Queue Manager,9900.0,90.0,success,False,2026-08-17T20:42:13.997557+09:00
Queue Manual,,,failed,False,2026-08-27T22:14:35.571737+09:00
Queue Map,30.0,0.0,success,False,2026-08-17T20:44:23.108645+09:00
Queue Margin,,,failed,False,2026-08-23T02:56:21.131414+09:00
Queue Markup,,,failed,False,2026-08-23T16:40:00.457844+09:00
Queue Memo,,,failed,False,2026-08-21T00:28:56.685784+09:00
Queue Message,210.0,0.0,success,False,2026-08-27T23:16:30.238245+09:00
Queue Meter,,,failed,False,2026-08-17T21:38:08.965654+09:00
Queue Metrics,140.0,26.0,success,False,2026-08-17T23:27:13.113305+09:00
Queue Monitor,1000.0,0.0,success,True,2026-08-17T23:26:55.594772+09:00
Queue Navigator,,,failed,False,2026-08-17T23:15:07.247244+09:00
Queue Nexus,,,failed,False,2026-08-17T20:45:51.407426+09:00
Queue Node,40.0,3.0,success,False,2026-08-17T20:48:13.207047+09:00
Queue Note,,,failed,False,2026-08-19T13:36:47.380431+09:00
Queue Notification,10.0,1.0,success,False,2026-08-27T22:51:05.430430+09:00
Queue Number,2900.0,9.0,success,False,2026-08-23T03:21:00.660532+09:00
Queue Office,,,failed,False,2026-08-19T00:04:44.561310+09:00
Queue Ops,,,failed,False,2026-08-17T23:27:53.024871+09:00
Queue Organizer,40.0,100.0,success,False,2026-08-17T23:06:29.811396+09:00
Queue Overage,,,failed,False,2026-08-27T21:50:00.180912+09:00
Queue Overdue,,,failed,False,2026-08-27T21:49:55.360701+09:00
Queue Panel,720.0,0.0,success,False,2026-08-17T21:41:36.452024+09:00
Queue Pass,40.0,0.0,success,False,2026-08-21T00:28:03.957628+09:00
Queue Path,10.0,0.0,success,False,2026-08-17T20:47:33.914967+09:00
Queue Payoff,,,failed,False,2026-08-27T21:49:57.609346+09:00
Queue Penalty,,,failed,False,2026-08-23T16:40:00.457844+09:00
Queue Petition,,,failed,False,2026-08-21T01:01:44.513558+09:00
Queue Pilot,20.0,8.0,success,False,2026-08-17T20:37:08.027448+09:00
Queue Plan,,,failed,False,2026-08-21T01:54:53.118600+09:00
Queue Planner,,,failed,False,2026-08-17T23:11:53.398319+09:00
Queue Playbook,,,failed,False,2026-08-18T22:09:34.112352+09:00
Queue Point,1600.0,5.0,success,False,2026-08-17T20:46:16.531586+09:00
Queue Portal,,,failed,False,2026-08-17T20:31:36.969919+09:00
Queue Preview,,,failed,False,2026-08-28T01:01:45.010115+09:00
Queue Profile,,,failed,False,2026-08-19T13:37:07.437416+09:00
Queue Profit,,,failed,False,2026-08-23T02:56:12.259379+09:00
Queue Proposal,,,failed,False,2026-08-28T01:01:48.581211+09:00
Queue Pulse,,,failed,False,2026-08-17T21:31:02.177338+09:00
Queue Quota,,,failed,False,2026-08-21T00:29:02.215162+09:00
Queue Radar,10.0,18.0,success,False,2026-08-17T20:35:12.658616+09:00
Queue Rail,210.0,71.0,success,False,2026-08-17T21:33:48.082783+09:00
Queue Rank,10.0,0.0,success,False,2026-08-28T00:45:40.942680+09:00
Queue Rate,10.0,2.0,success,False,2026-08-19T20:48:43.191337+09:00
Queue Recap,,,failed,False,2026-08-21T01:02:54.788235+09:00
Queue Receipt,,,failed,False,2026-08-19T21:48:31.545228+09:00
Queue Recorder,,,failed,False,2026-08-27T23:37:11.995923+09:00
Queue Register,,,failed,False,2026-08-17T23:10:00.779750+09:00
Queue Registry,,,failed,False,2026-08-18T22:10:04.357387+09:00
Queue Relay,,,failed,False,2026-08-17T20:34:18.335664+09:00
Queue Reminder,,,failed,False,2026-08-19T21:03:51.507952+09:00
Queue Report,40.0,3.0,success,False,2026-08-19T13:34:20.014616+09:00
Queue Roadmap,,,failed,False,2026-08-18T22:10:45.324652+09:00
Queue Roster,,,failed,False,2026-08-19T00:37:21.857423+09:00
Queue Route,10.0,0.0,success,False,2026-08-17T21:35:58.459168+09:00
Queue Rule,,,failed,False,2026-08-23T03:21:14.808090+09:00
Queue Sale,10.0,0.0,success,False,2026-08-21T02:26:32.701256+09:00
Queue Sample,,,failed,False,2026-08-19T21:49:41.666387+09:00
Queue Scale,,,failed,False,2026-08-17T21:36:57.018160+09:00
Queue Scanner,,,failed,False,2026-08-27T23:59:26.259431+09:00
Queue Scheduler,40.0,4.0,success,False,2026-08-17T23:26:38.652949+09:00
Queue Scope,,,failed,False,2026-08-17T21:34:24.214520+09:00
Queue Score,30.0,0.0,success,False,2026-08-19T13:36:00.987511+09:00
Queue Sentry,,,failed,False,2026-08-17T20:44:04.848400+09:00
Queue Sheet,70.0,0.0,success,False,2026-08-19T13:35:27.432298+09:00
Queue Shortfall,,,failed,False,2026-08-27T21:50:04.473862+09:00
Queue Signal,30.0,0.0,success,False,2026-08-17T21:36:28.444275+09:00
Queue Slip,2400.0,0.0,success,True,2026-08-19T21:49:32.440919+09:00
Queue Slot,,,failed,False,2026-08-19T21:49:55.952193+09:00
Queue Snapshot,,,failed,False,2026-08-18T22:09:49.300650+09:00
Queue Stage,,,failed,False,2026-08-28T00:45:35.673593+09:00
Queue Stake,,,failed,False,2026-08-23T02:56:17.565255+09:00
Queue Statement,,,failed,False,2026-08-21T00:28:32.365756+09:00
Queue Station,20.0,6.0,success,False,2026-08-17T20:35:44.075031+09:00
Queue Status,260.0,3.0,success,False,2026-08-19T20:48:12.973996+09:00
Queue Stub,,,failed,False,2026-08-21T00:28:26.135871+09:00
Queue Studio,10.0,0.0,success,False,2026-08-17T20:37:38.706086+09:00
Queue Suite,,,failed,False,2026-08-17T23:26:10.639676+09:00
Queue Sum,,,failed,False,2026-08-21T02:26:18.130699+09:00
Queue Summary,,,failed,False,2026-08-19T21:03:18.431019+09:00
Queue Sync,20.0,0.0,success,False,2026-08-17T20:39:52.233588+09:00
Queue Tab,,,failed,False,2026-08-21T00:29:15.711468+09:00
Queue Table,70.0,0.0,success,False,2026-08-19T21:49:09.518107+09:00
Queue Tag,20.0,77.0,success,False,2026-08-19T13:36:52.870932+09:00
Queue Tally,,,failed,False,2026-08-21T00:28:42.115555+09:00
Queue Tariff,,,failed,False,2026-08-21T02:42:14.230561+09:00
Queue Tax,,,failed,False,2026-08-21T02:10:55.409815+09:00
Queue Ticket,2900.0,2.0,success,False,2026-08-19T21:04:29.917389+09:00
Queue Tier,,,failed,False,2026-08-28T00:45:35.673593+09:00
Queue Timeline,,,failed,False,2026-08-19T21:03:33.928340+09:00
Queue Timer,50.0,0.0,success,False,2026-08-28T00:27:43.001225+09:00
Queue Toll,,,failed,False,2026-08-21T02:42:06.283895+09:00
Queue Toolbox,,,failed,False,2026-08-28T00:20:56.154840+09:00
Queue Toolkit,,,failed,False,2026-08-18T22:09:25.652147+09:00
Queue Total,,,failed,False,2026-08-27T23:16:34.240680+09:00
Queue Tracker,140.0,9.0,success,False,2026-08-17T20:40:42.163784+09:00
Queue Trail,,,failed,False,2026-08-17T21:32:50.995270+09:00
Queue Trend,,,failed,False,2026-08-28T01:01:42.257433+09:00
Queue Trial,,,failed,False,2026-08-27T21:19:11.248734+09:00
Queue Unit,10.0,0.0,success,False,2026-08-21T01:54:48.965214+09:00
Queue Update,10.0,0.0,success,False,2026-08-19T20:48:48.411735+09:00
Queue Value,,,failed,False,2026-08-23T02:56:14.910502+09:00
Queue Vault,10.0,0.0,success,False,2026-08-17T20:33:21.754611+09:00
Queue Version,,,failed,False,2026-08-23T03:21:07.842946+09:00
Queue View,90.0,2.0,success,False,2026-08-19T20:48:20.425473+09:00
Queue Voucher,,,failed,False,2026-08-21T00:28:13.699286+09:00
Queue Watch,30.0,2.0,success,False,2026-08-17T21:35:22.295985+09:00
Queue Wave,,,failed,False,2026-08-17T20:49:39.030080+09:00
Queue Widget,,,failed,False,2026-08-27T23:16:34.240680+09:00
Queue Workbench,,,failed,False,2026-08-18T22:09:17.362565+09:00
Queue Worksheet,,,failed,False,2026-08-27T22:14:38.233626+09:00
Queue Zone,30.0,2.0,success,False,2026-08-17T20:32:47.475978+09:00
Quote Advisory,,,failed,False,2026-08-21T01:07:11.720033+09:00
Quote Alert,10.0,0.0,success,False,2026-08-19T22:01:23.897474+09:00
Quote Allowance,,,failed,False,2026-08-21T02:45:44.220380+09:00
Quote Analyzer,210.0,1.0,success,False,2026-08-27T23:55:40.198338+09:00
Quote Assistant,30.0,9.0,success,False,2026-08-19T21:56:30.340313+09:00
Quote Atlas,70.0,0.0,success,False,2026-08-19T21:55:47.244669+09:00
Quote Badge,140.0,57.0,success,False,2026-08-21T00:31:43.518986+09:00
Quote Base,90.0,0.0,success,False,2026-08-19T21:51:42.287097+09:00
Quote Bay,,,failed,False,2026-08-19T21:59:52.671651+09:00
Quote Beacon,,,failed,False,2026-08-19T21:49:05.079544+09:00
Quote Bill,2900.0,9.0,success,False,2026-08-19T22:07:25.606827+09:00
Quote Board,1600.0,30.0,success,False,2026-08-19T21:52:16.498900+09:00
Quote Book,5400.0,54.0,success,False,2026-08-19T21:46:26.862344+09:00
Quote Booth,,,failed,False,2026-08-19T21:59:19.992699+09:00
Quote Bridge,1600.0,0.0,success,True,2026-08-19T21:49:37.354385+09:00
Quote Brief,,,failed,False,2026-08-21T01:07:02.843245+09:00
Quote Bulletin,,,failed,False,2026-08-21T01:06:58.606298+09:00
Quote Cabinet,,,failed,False,2026-08-27T23:12:13.072454+09:00
Quote Calculator,1000.0,13.0,success,False,2026-08-27T23:34:10.423222+09:00
Quote Calendar,1300.0,67.0,success,False,2026-08-19T21:58:17.004802+09:00
Quote Card,3600.0,38.0,success,False,2026-08-19T22:03:23.353107+09:00
Quote Cascade,20.0,0.0,success,False,2026-08-19T21:49:26.172736+09:00
Quote Cash,590.0,1.0,success,False,2026-08-21T02:29:31.555266+09:00
Quote Cashback,,,failed,False,2026-08-27T21:12:59.208111+09:00
Quote Center,140.0,0.0,success,False,2026-08-19T21:53:29.207509+09:00
Quote Chain,390.0,0.0,success,False,2026-08-19T21:55:09.455728+09:00
Quote Charge,70.0,0.0,success,False,2026-08-21T02:45:36.117852+09:00
Quote Chart,320.0,4.0,success,False,2026-08-19T22:01:35.806950+09:00
Quote Check,1300.0,11.0,success,False,2026-08-19T22:03:42.018748+09:00
Quote Checker,1300.0,11.0,success,False,2026-08-27T23:55:28.059641+09:00
Quote Circular,,,failed,False,2026-08-21T01:07:07.368570+09:00
Quote Code,720.0,0.0,success,False,2026-08-19T22:07:56.620143+09:00
Quote Companion,880.0,4.0,success,False,2026-08-19T21:57:14.341308+09:00
Quote Comparison,2400.0,19.0,success,False,2026-08-28T01:06:58.788190+09:00
Quote Confirmation,70.0,0.0,success,False,2026-08-21T01:07:24.154176+09:00
Quote Console,,,failed,False,2026-08-19T21:54:06.004532+09:00
Quote Core,170.0,2.0,success,False,2026-08-19T21:51:54.755817+09:00
Quote Cost,1300.0,1.0,success,False,2026-08-21T02:12:19.408855+09:00
Quote Count,10.0,0.0,success,False,2026-08-27T22:46:36.036918+09:00
Quote Counter,,,failed,False,2026-08-19T21:59:01.960523+09:00
Quote Coupon,,,failed,False,2026-08-27T21:12:56.642443+09:00
Quote Deal,170.0,0.0,success,False,2026-08-21T01:55:57.374575+09:00
Quote Debt,1000.0,1.0,success,False,2026-08-21T02:29:19.301672+09:00
Quote Deck,880.0,67.0,success,False,2026-08-19T21:52:28.912563+09:00
Quote Desk,30.0,19.0,success,False,2026-08-19T21:47:55.928943+09:00
Quote Detail,1600.0,1.0,success,False,2026-08-23T03:17:28.989211+09:00
Quote Detector,30.0,14.0,success,False,2026-08-27T23:55:33.587403+09:00
Quote Directory,10.0,0.0,success,False,2026-08-19T21:58:27.685601+09:00
Quote Discount,720.0,0.0,success,False,2026-08-23T16:16:41.227574+09:00
Quote Dossier,,,failed,False,2026-08-21T01:07:26.518810+09:00
Quote Draft,390.0,9.0,success,False,2026-08-19T22:06:01.682265+09:00
Quote Due,,,failed,False,2026-08-23T15:52:40.502270+09:00
Quote Duty,1300.0,2.0,success,False,2026-08-21T02:45:38.713397+09:00
Quote Endowment,,,failed,False,2026-08-23T15:52:42.470276+09:00
Quote Engine,260.0,13.0,success,False,2026-08-19T21:56:20.786748+09:00
Quote Entry,140.0,5.0,success,False,2026-08-21T01:07:41.387893+09:00
Quote Estimator,40.0,43.0,success,False,2026-08-27T23:55:24.915525+09:00
Quote Excerpt,10.0,0.0,success,False,2026-08-21T01:07:35.741700+09:00
Quote Extension,320.0,36.0,success,False,2026-08-23T16:40:16.940020+09:00
Quote Fare,,,failed,False,2026-08-21T02:12:27.062318+09:00
Quote Fee,880.0,1.0,success,False,2026-08-21T01:55:44.868962+09:00
Quote Feed,170.0,0.0,success,False,2026-08-19T22:05:48.495667+09:00
Quote File,2900.0,88.0,success,False,2026-08-19T22:05:08.787907+09:00
Quote Fine,320.0,4.0,success,False,2026-08-23T02:53:11.692862+09:00
Quote Flag,720.0,17.0,success,False,2026-08-21T00:32:28.890378+09:00
Quote Flow,110.0,2.0,success,False,2026-08-19T21:47:30.295909+09:00
Quote Forge,,,failed,False,2026-08-19T21:49:16.162945+09:00
Quote Form,60500.0,14.0,success,False,2026-08-19T22:03:14.947098+09:00
Quote Frame,2400.0,97.0,success,False,2026-08-19T21:51:28.846204+09:00
Quote Fund,,,failed,False,2026-08-21T02:29:22.487025+09:00
Quote Gate,320.0,12.0,success,False,2026-08-19T21:55:24.856436+09:00
Quote Generator,9900.0,29.0,success,False,2026-08-27T23:34:10.423222+09:00
Quote Giveaway,,,failed,False,2026-08-27T21:13:04.814179+09:00
Quote Grade,,,failed,False,2026-08-21T00:32:11.459467+09:00
Quote Graph,90.0,0.0,success,False,2026-08-27T22:07:09.283408+09:00
Quote Grid,40.0,0.0,success,False,2026-08-19T21:50:37.216187+09:00
Quote Guarantee,,,failed,False,2026-08-28T01:07:05.829192+09:00
Quote Guardian,170.0,4.0,success,False,2026-08-28T00:25:15.482285+09:00
Quote Helpdesk,,,failed,False,2026-08-27T22:46:40.495541+09:00
Quote Helper,2900.0,11.0,success,False,2026-08-28T00:25:23.676090+09:00
Quote History,12100.0,1.0,success,False,2026-08-19T22:04:57.454275+09:00
Quote Hub,480.0,4.0,success,False,2026-08-19T21:47:43.048701+09:00
Quote Identifier,480.0,3.0,success,False,2026-08-23T13:06:56.024749+09:00
Quote Inbox,,,failed,False,2026-08-19T22:01:14.357219+09:00
Quote Incentive,,,failed,False,2026-08-27T21:13:01.722363+09:00
Quote Index,40.0,2.0,success,False,2026-08-19T22:06:41.403506+09:00
Quote Installment,,,failed,False,2026-08-23T16:16:41.227574+09:00
Quote Interest,590.0,1.0,success,False,2026-08-23T13:47:40.781383+09:00
Quote Item,210.0,1.0,success,False,2026-08-21T01:55:46.721069+09:00
Quote Journal,8100.0,15.0,success,False,2026-08-19T21:57:56.725251+09:00
Quote Keeper,40.0,0.0,success,False,2026-08-19T21:55:54.779139+09:00
Quote Kiosk,,,failed,False,2026-08-19T21:59:32.934011+09:00
Quote Kit,,,failed,False,2026-08-27T22:46:29.671446+09:00
Quote Label,590.0,7.0,success,False,2026-08-27T22:07:14.755817+09:00
Quote Ledger,,,failed,False,2026-08-19T21:52:07.578129+09:00
Quote Level,70.0,0.0,success,False,2026-08-19T22:05:22.514727+09:00
Quote Line,49500.0,0.0,success,True,2026-08-19T22:02:25.837553+09:00
Quote Link,590.0,1.0,success,False,2026-08-23T03:17:21.558443+09:00
Quote List,1900.0,4.0,success,False,2026-08-19T21:46:01.527373+09:00
Quote Loan,3600.0,46.0,success,False,2026-08-21T02:12:35.738319+09:00
Quote Locator,260.0,0.0,success,False,2026-08-19T21:58:34.362639+09:00
Quote Locker,,,failed,False,2026-08-19T21:59:09.702480+09:00
Quote Log,260.0,0.0,success,False,2026-08-19T22:03:05.892678+09:00
Quote Loop,,,failed,False,2026-08-19T21:50:26.967968+09:00
Quote Manager,260.0,16.0,success,False,2026-08-19T21:56:08.103899+09:00
Quote Manual,,,failed,False,2026-08-27T22:07:17.176446+09:00
Quote Map,590.0,0.0,success,False,2026-08-19T21:51:20.233471+09:00
Quote Margin,70.0,1.0,success,False,2026-08-23T02:53:08.936462+09:00
Quote Markup,50.0,2.0,success,False,2026-08-23T16:40:16.940020+09:00
Quote Memo,,,failed,False,2026-08-21T00:32:15.885792+09:00
Quote Message,1600.0,19.0,success,False,2026-08-27T23:12:05.738890+09:00
Quote Monitor,20.0,8.0,success,False,2026-08-19T21:57:05.603826+09:00
Quote Nexus,,,failed,False,2026-08-19T21:55:34.064895+09:00
Quote Note,1300.0,15.0,success,False,2026-08-19T22:04:03.389101+09:00
Quote Notification,2400.0,0.0,success,True,2026-08-27T22:46:29.671446+09:00
Quote Number,3600.0,2.0,success,False,2026-08-23T03:17:13.101010+09:00
Quote Office,5400.0,32.0,success,False,2026-08-19T21:58:54.005326+09:00
Quote Ops,,,failed,False,2026-08-19T21:57:37.806809+09:00
Quote Order,880.0,2.0,success,False,2026-08-19T22:07:15.173390+09:00
Quote Overdue,,,failed,False,2026-08-27T21:46:01.626926+09:00
Quote Panel,20.0,0.0,success,False,2026-08-19T21:54:16.215789+09:00
Quote Pass,40.0,1.0,success,False,2026-08-21T00:31:30.142352+09:00
Quote Path,1600.0,3.0,success,False,2026-08-19T21:51:01.436792+09:00
Quote Petition,,,failed,False,2026-08-21T01:07:17.420617+09:00
Quote Plan,8100.0,14.0,success,False,2026-08-21T01:55:54.849778+09:00
Quote Planner,8100.0,14.0,success,False,2026-08-19T21:56:44.387128+09:00
Quote Playbook,,,failed,False,2026-08-19T21:57:47.268344+09:00
Quote Point,30.0,0.0,success,False,2026-08-19T21:51:10.797801+09:00
Quote Portal,210.0,4.0,success,False,2026-08-19T21:53:57.995655+09:00
Quote Post,880.0,1.0,success,False,2026-08-19T22:00:01.898557+09:00
Quote Preview,,,failed,False,2026-08-28T01:07:01.226912+09:00
Quote Profile,2400.0,3.0,success,False,2026-08-19T22:04:23.242123+09:00
Quote Profit,,,failed,False,2026-08-23T02:52:59.926815+09:00
Quote Proposal,390.0,14.0,success,False,2026-08-28T01:07:05.829192+09:00
Quote Quota,50.0,0.0,success,False,2026-08-21T00:32:24.105621+09:00
Quote Radar,40.0,24.0,success,False,2026-08-19T21:48:11.031110+09:00
Quote Rate,2400.0,6.0,success,False,2026-08-19T22:05:32.455871+09:00
Quote Recap,,,failed,False,2026-08-21T01:07:31.229292+09:00
Quote Receipt,260.0,62.0,success,False,2026-08-19T22:07:37.028999+09:00
Quote Register,90.0,6.0,success,False,2026-08-19T21:57:24.591826+09:00
Quote Registry,,,failed,False,2026-08-19T21:58:08.143234+09:00
Quote Relay,,,failed,False,2026-08-19T21:48:22.940977+09:00
Quote Reminder,1300.0,28.0,success,False,2026-08-19T22:06:32.723316+09:00
Quote Report,260.0,2.0,success,False,2026-08-19T22:02:54.876263+09:00
Quote Repository,,,failed,False,2026-08-27T23:12:13.072454+09:00
Quote Result,1300.0,4.0,success,False,2026-08-28T00:47:53.734178+09:00
Quote Roll,210.0,0.0,success,False,2026-08-19T22:02:47.197172+09:00
Quote Route,10.0,0.0,success,False,2026-08-19T21:54:39.483113+09:00
Quote Rule,3600.0,1.0,success,False,2026-08-23T03:17:25.053866+09:00
Quote Sale,9900.0,9.0,success,False,2026-08-21T02:29:36.697010+09:00
Quote Sample,9900.0,33.0,success,False,2026-08-19T21:46:47.844671+09:00
Quote Scale,20.0,0.0,success,False,2026-08-19T21:54:30.567883+09:00
Quote Scanner,70.0,42.0,success,False,2026-08-27T23:55:30.843972+09:00
Quote Scheduler,,,failed,False,2026-08-19T21:56:53.361235+09:00
Quote Scope,20.0,1.0,success,False,2026-08-19T21:50:15.861548+09:00
Quote Score,50.0,1.0,success,False,2026-08-19T22:03:52.975095+09:00
Quote Sheet,1300.0,38.0,success,False,2026-08-19T22:03:32.806508+09:00
Quote Signal,20.0,0.0,success,False,2026-08-19T21:49:47.542279+09:00
Quote Signature,880.0,2.0,success,False,2026-08-23T13:27:48.876436+09:00
Quote Slip,210.0,24.0,success,False,2026-08-19T21:46:37.963751+09:00
Quote Slot,10.0,0.0,success,False,2026-08-19T21:47:01.107836+09:00
Quote Stage,390.0,1.0,success,False,2026-08-28T00:47:53.734178+09:00
Quote Stake,,,failed,False,2026-08-23T02:53:06.849591+09:00
Quote Statement,110.0,0.0,success,False,2026-08-21T00:31:57.081328+09:00
Quote Station,590.0,1.0,success,False,2026-08-19T21:53:06.381329+09:00
Quote Status,9900.0,2.0,success,False,2026-08-19T22:04:34.418517+09:00
Quote Stub,70.0,0.0,success,False,2026-08-21T00:31:52.807063+09:00
Quote Studio,50.0,3.0,success,False,2026-08-19T21:52:40.688622+09:00
Quote Sum,,,failed,False,2026-08-21T02:29:14.750230+09:00
Quote Summary,320.0,0.0,success,False,2026-08-19T22:06:09.459067+09:00
Quote Tab,20.0,0.0,success,False,2026-08-21T00:32:38.054061+09:00
Quote Table,880.0,7.0,success,False,2026-08-19T21:46:13.716197+09:00
Quote Tag,720.0,17.0,success,False,2026-08-19T22:04:13.367774+09:00
Quote Tally,,,failed,False,2026-08-21T00:32:03.646563+09:00
Quote Tariff,,,failed,False,2026-08-21T02:36:37.228119+09:00
Quote Tax,3600.0,42.0,success,False,2026-08-21T02:12:31.205964+09:00
Quote Terminal,140.0,0.0,success,False,2026-08-19T21:53:20.741685+09:00
Quote Ticker,10.0,14.0,success,False,2026-08-19T22:02:16.192857+09:00
Quote Ticket,320.0,2.0,success,False,2026-08-19T22:06:53.339068+09:00
Quote Timeline,590.0,0.0,success,False,2026-08-19T22:06:18.009667+09:00
Quote Timer,,,failed,False,2026-08-28T00:25:13.091211+09:00
Quote Toll,110.0,50.0,success,False,2026-08-21T02:45:41.299406+09:00
Quote Toolbox,,,failed,False,2026-08-28T00:25:19.923690+09:00
Quote Total,260.0,1.0,success,False,2026-08-27T23:12:08.197632+09:00
Quote Tracker,480.0,7.0,success,False,2026-08-19T21:47:16.114306+09:00
Quote Trail,590.0,2.0,success,False,2026-08-19T21:55:00.630940+09:00
Quote Trend,590.0,1.0,success,False,2026-08-28T01:06:54.096928+09:00
Quote Trial,,,failed,False,2026-08-27T21:13:01.722363+09:00
Quote Unit,,,failed,False,2026-08-21T01:55:51.234317+09:00
Quote Update,720.0,1.0,success,False,2026-08-19T22:05:40.444282+09:00
Quote Value,8100.0,6.0,success,False,2026-08-23T02:53:02.917433+09:00
Quote Vault,20.0,0.0,success,False,2026-08-19T21:48:40.966338+09:00
Quote Version,,,failed,False,2026-08-23T03:17:17.631472+09:00
Quote View,3600.0,0.0,success,True,2026-08-19T22:04:45.902658+09:00
Quote Voucher,,,failed,False,2026-08-21T00:31:36.211701+09:00
Quote Watch,1000.0,5.0,success,False,2026-08-19T21:50:02.656663+09:00
Quote Wave,3600.0,4.0,success,False,2026-08-19T21:50:49.199189+09:00
Quote Widget,1000.0,2.0,success,False,2026-08-27T23:12:08.197632+09:00
Quote Window,3600.0,36.0,success,False,2026-08-19T22:02:34.302682+09:00
Quote Worksheet,320.0,3.0,success,False,2026-08-27T22:07:17.176446+09:00
Quote Workshop,,,failed,False,2026-08-28T00:25:13.091211+09:00
Quote Zone,14800.0,66.0,success,False,2026-08-19T21:53:43.821939+09:00
Rack Advisory,,,failed,False,2026-08-21T01:04:24.715250+09:00
Rack Allowance,,,failed,False,2026-08-21T02:44:16.067023+09:00
Rack Almanac,,,failed,False,2026-08-18T22:08:07.311207+09:00
Rack Analyzer,,,failed,False,2026-08-27T23:55:28.059641+09:00
Rack Anchor,70.0,90.0,success,False,2026-08-17T23:13:34.703463+09:00
Rack Assistant,,,failed,False,2026-08-17T23:14:14.412117+09:00
Rack Atlas,170.0,89.0,success,False,2026-08-17T23:05:27.218902+09:00
Rack Attribute,,,failed,False,2026-08-23T13:10:14.601516+09:00
Rack Badge,,,failed,False,2026-08-21T00:30:32.235715+09:00
Rack Base,170.0,80.0,success,False,2026-08-17T23:13:17.884356+09:00
Rack Beacon,,,failed,False,2026-08-17T23:11:57.762151+09:00
Rack Bill,,,failed,False,2026-08-19T21:49:55.952193+09:00
Rack Blueprint,390.0,100.0,success,False,2026-08-18T22:07:58.079048+09:00
Rack Board,1600.0,98.0,success,False,2026-08-17T23:29:23.485940+09:00
Rack Book,260.0,99.0,success,False,2026-08-19T21:50:52.634082+09:00
Rack Bridge,90.0,39.0,success,False,2026-08-17T23:26:58.468073+09:00
Rack Brief,,,failed,False,2026-08-21T01:04:15.866621+09:00
Rack Bulletin,,,failed,False,2026-08-21T01:04:11.301899+09:00
Rack Calendar,40.0,4.0,success,False,2026-08-18T23:59:06.121375+09:00
Rack Card,5400.0,100.0,success,False,2026-08-19T13:32:47.690424+09:00
Rack Cascade,10.0,0.0,success,False,2026-08-17T23:06:35.609380+09:00
Rack Cash,390.0,44.0,success,False,2026-08-21T02:28:46.160203+09:00
Rack Cashback,,,failed,False,2026-08-27T21:15:06.762141+09:00
Rack Catalog,20.0,13.0,success,False,2026-08-19T21:05:47.568804+09:00
Rack Category,,,failed,False,2026-08-23T13:10:10.835682+09:00
Rack Center,1300.0,2.0,success,False,2026-08-17T23:30:12.792820+09:00
Rack Chain,110.0,3.0,success,False,2026-08-17T23:31:53.116535+09:00
Rack Charge,,,failed,False,2026-08-21T02:44:07.576254+09:00
Rack Check,70.0,14.0,success,False,2026-08-19T13:33:02.578163+09:00
Rack Checker,70.0,14.0,success,False,2026-08-27T23:55:17.807220+09:00
Rack Checklist,40.0,3.0,success,False,2026-08-19T21:04:42.466598+09:00
Rack Circular,70.0,89.0,success,False,2026-08-21T01:04:20.278964+09:00
Rack Cockpit,,,failed,False,2026-08-17T23:23:48.557902+09:00
Rack Code,110.0,5.0,success,False,2026-08-19T21:50:19.457736+09:00
Rack Codex,,,failed,False,2026-08-18T22:08:21.500006+09:00
Rack Companion,140.0,16.0,success,False,2026-08-17T23:12:14.829118+09:00
Rack Comparison,,,failed,False,2026-08-28T01:05:50.050566+09:00
Rack Compass,110.0,100.0,success,False,2026-08-17T23:26:30.057004+09:00
Rack Compendium,,,failed,False,2026-08-18T22:08:15.553962+09:00
Rack Confirmation,,,failed,False,2026-08-21T01:04:44.330584+09:00
Rack Console,590.0,100.0,success,False,2026-08-17T23:05:51.247207+09:00
Rack Core,40.0,77.0,success,False,2026-08-17T23:29:05.712614+09:00
Rack Cost,110.0,92.0,success,False,2026-08-21T02:12:31.205964+09:00
Rack Count,,,failed,False,2026-08-27T22:47:31.900265+09:00
Rack Counter,110.0,19.0,success,False,2026-08-19T00:00:01.654497+09:00
Rack Coupon,20.0,4.0,success,False,2026-08-27T21:15:01.645543+09:00
Rack Dashboard,30.0,2.0,success,False,2026-08-17T23:05:03.232524+09:00
Rack Deal,140.0,36.0,success,False,2026-08-21T01:56:51.063242+09:00
Rack Debt,,,failed,False,2026-08-21T02:28:36.980709+09:00
Rack Deck,210.0,89.0,success,False,2026-08-17T23:14:51.389027+09:00
Rack Depot,140.0,100.0,success,False,2026-08-18T23:59:44.805528+09:00
Rack Desk,320.0,100.0,success,False,2026-08-17T23:26:02.617332+09:00
Rack Detail,70.0,48.0,success,False,2026-08-23T03:24:18.387553+09:00
Rack Detector,,,failed,False,2026-08-27T23:55:24.915525+09:00
Rack Diagram,1000.0,5.0,success,False,2026-08-27T22:09:22.436426+09:00
Rack Dial,,,failed,False,2026-08-17T23:12:58.115072+09:00
Rack Digest,,,failed,False,2026-08-19T20:48:26.152213+09:00
Rack Directory,10.0,,success,False,2026-08-18T23:59:14.499030+09:00
Rack Discount,320.0,99.0,success,False,2026-08-23T16:12:15.158683+09:00
Rack Dock,50.0,98.0,success,False,2026-08-17T23:14:35.084674+09:00
Rack Dossier,,,failed,False,2026-08-21T01:04:53.420072+09:00
Rack Duty,,,failed,False,2026-08-21T02:44:11.415890+09:00
Rack Engine,20.0,0.0,success,False,2026-08-17T23:33:06.954832+09:00
Rack Entry,,,failed,False,2026-08-21T01:05:08.043022+09:00
Rack Estimate,,,failed,False,2026-08-19T21:05:32.048024+09:00
Rack Estimator,,,failed,False,2026-08-27T23:55:14.253857+09:00
Rack Excerpt,,,failed,False,2026-08-21T01:05:05.236354+09:00
Rack Fare,,,failed,False,2026-08-21T02:12:39.261551+09:00
Rack Fee,10.0,0.0,success,False,2026-08-21T01:56:38.086153+09:00
Rack Feed,,,failed,False,2026-08-19T20:48:32.959283+09:00
Rack File,260.0,93.0,success,False,2026-08-19T20:47:58.897100+09:00
Rack Finder,70.0,9.0,success,False,2026-08-18T23:59:34.906916+09:00
Rack Fine,,,failed,False,2026-08-23T02:58:11.410981+09:00
Rack Flag,20.0,45.0,success,False,2026-08-21T00:31:14.600161+09:00
Rack Flow,5400.0,99.0,success,False,2026-08-17T23:08:40.393362+09:00
Rack Forge,,,failed,False,2026-08-17T23:26:43.020316+09:00
Rack Form,30.0,77.0,success,False,2026-08-19T13:32:40.491815+09:00
Rack Frame,590.0,100.0,success,False,2026-08-17T23:28:48.980231+09:00
Rack Fund,,,failed,False,2026-08-21T02:28:40.448172+09:00
Rack Gate,90.0,66.0,success,False,2026-08-17T23:11:00.543955+09:00
Rack Giveaway,,,failed,False,2026-08-27T21:15:09.099124+09:00
Rack Grade,,,failed,False,2026-08-21T00:30:57.917323+09:00
Rack Grid,590.0,99.0,success,False,2026-08-17T23:27:45.087946+09:00
Rack Guarantee,,,failed,False,2026-08-28T01:05:55.431564+09:00
Rack Guard,880.0,94.0,success,False,2026-08-17T23:24:52.278887+09:00
Rack Guardian,,,failed,False,2026-08-28T00:24:56.382213+09:00
Rack Guidebook,,,failed,False,2026-08-18T22:07:42.473360+09:00
Rack Helper,20.0,30.0,success,False,2026-08-28T00:25:01.797092+09:00
Rack History,,,failed,False,2026-08-19T20:47:51.523685+09:00
Rack Hotline,,,failed,False,2026-08-19T21:06:00.178861+09:00
Rack Hub,1300.0,44.0,success,False,2026-08-17T23:25:47.175267+09:00
Rack Identifier,260.0,26.0,success,False,2026-08-23T13:10:08.705068+09:00
Rack Incentive,,,failed,False,2026-08-27T21:15:09.099124+09:00
Rack Index,10.0,6.0,success,False,2026-08-19T21:04:56.454622+09:00
Rack Insight,10.0,0.0,success,False,2026-08-17T23:23:32.991705+09:00
Rack Installment,,,failed,False,2026-08-23T16:12:18.349007+09:00
Rack Item,70.0,64.0,success,False,2026-08-21T01:56:42.470423+09:00
Rack Journal,,,failed,False,2026-08-18T22:07:26.351718+09:00
Rack Keeper,,,failed,False,2026-08-17T23:12:33.022666+09:00
Rack Kit,590.0,62.0,success,False,2026-08-27T22:47:28.680273+09:00
Rack Lab,1300.0,88.0,success,False,2026-08-17T23:09:43.652539+09:00
Rack Label,1000.0,95.0,success,False,2026-08-27T22:09:18.738684+09:00
Rack Layout,480.0,10.0,success,False,2026-08-27T22:28:46.749186+09:00
Rack Ledger,,,failed,False,2026-08-17T23:07:59.739195+09:00
Rack Lens,140.0,45.0,success,False,2026-08-17T23:06:12.301553+09:00
Rack Level,140.0,22.0,success,False,2026-08-19T20:48:06.706582+09:00
Rack Link,210.0,82.0,success,False,2026-08-23T03:24:09.830834+09:00
Rack List,50.0,30.0,success,False,2026-08-19T21:50:30.697464+09:00
Rack Loan,,,failed,False,2026-08-21T02:12:43.354957+09:00
Rack Locator,,,failed,False,2026-08-18T23:59:24.120788+09:00
Rack Lock,480.0,85.0,success,False,2026-08-17T23:11:38.355115+09:00
Rack Log,260.0,0.0,success,False,2026-08-19T13:32:31.593655+09:00
Rack Loop,,,failed,False,2026-08-17T23:15:10.071233+09:00
Rack Manager,390.0,31.0,success,False,2026-08-17T23:32:55.929904+09:00
Rack Map,320.0,19.0,success,False,2026-08-17T23:28:25.880563+09:00
Rack Margin,,,failed,False,2026-08-23T02:58:08.701487+09:00
Rack Marker,,,failed,False,2026-08-23T13:26:27.447056+09:00
Rack Markup,,,failed,False,2026-08-23T16:37:52.353259+09:00
Rack Memo,,,failed,False,2026-08-21T00:31:03.590955+09:00
Rack Message,,,failed,False,2026-08-27T23:12:39.391295+09:00
Rack Meter,210.0,51.0,success,False,2026-08-17T23:30:54.077179+09:00
Rack Metrics,,,failed,False,2026-08-17T23:10:40.836813+09:00
Rack Monitor,1900.0,100.0,success,False,2026-08-17T22:49:19.411310+09:00
Rack Navigator,,,failed,False,2026-08-17T23:24:10.330342+09:00
Rack Nexus,,,failed,False,2026-08-17T23:32:28.634296+09:00
Rack Node,40.0,11.0,success,False,2026-08-17T23:32:14.007104+09:00
Rack Note,,,failed,False,2026-08-19T13:33:37.732630+09:00
Rack Notification,,,failed,False,2026-08-27T22:47:28.680273+09:00
Rack Number,260.0,2.0,success,False,2026-08-23T03:24:01.511685+09:00
Rack Office,2400.0,100.0,success,False,2026-08-18T23:59:51.056306+09:00
Rack Ops,30.0,22.0,success,False,2026-08-17T23:06:54.696813+09:00
Rack Order,70.0,1.0,success,False,2026-08-19T21:49:41.666387+09:00
Rack Organizer,4400.0,100.0,success,False,2026-08-17T23:33:34.870792+09:00
Rack Overage,,,failed,False,2026-08-27T21:46:34.931324+09:00
Rack Panel,1000.0,100.0,success,False,2026-08-17T23:30:41.257118+09:00
Rack Pass,,,failed,False,2026-08-21T00:30:19.986675+09:00
Rack Path,20.0,37.0,success,False,2026-08-17T23:04:21.710025+09:00
Rack Penalty,,,failed,False,2026-08-23T16:37:52.353259+09:00
Rack Petition,,,failed,False,2026-08-21T01:04:32.859141+09:00
Rack Pilot,,,failed,False,2026-08-17T23:15:28.966007+09:00
Rack Plan,590.0,12.0,success,False,2026-08-21T01:56:48.479807+09:00
Rack Planner,590.0,12.0,success,False,2026-08-17T23:33:20.357749+09:00
Rack Playbook,,,failed,False,2026-08-18T22:07:18.676319+09:00
Rack Point,260.0,4.0,success,False,2026-08-17T23:28:10.025737+09:00
Rack Portal,110.0,1.0,success,False,2026-08-17T23:30:26.611269+09:00
Rack Preview,,,failed,False,2026-08-28T01:05:50.050566+09:00
Rack Profile,110.0,99.0,success,False,2026-08-19T13:33:49.819535+09:00
Rack Profit,,,failed,False,2026-08-23T02:58:01.593171+09:00
Rack Proposal,,,failed,False,2026-08-28T01:05:52.718366+09:00
Rack Pulse,40.0,100.0,success,False,2026-08-17T23:10:02.526148+09:00
Rack Queue,,,failed,False,2026-08-19T21:05:22.464454+09:00
Rack Quota,,,failed,False,2026-08-21T00:31:09.970083+09:00
Rack Radar,50.0,0.0,success,False,2026-08-17T23:10:20.263689+09:00
Rack Rail,5400.0,95.0,success,False,2026-08-17T23:31:35.615532+09:00
Rack Rate,3600.0,0.0,success,True,2026-08-19T20:48:12.973996+09:00
Rack Recap,,,failed,False,2026-08-21T01:04:56.218179+09:00
Rack Receipt,,,failed,False,2026-08-19T21:50:06.175762+09:00
Rack Redemption,,,failed,False,2026-08-23T16:37:56.709879+09:00
Rack Register,,,failed,False,2026-08-17T23:24:30.748337+09:00
Rack Registry,,,failed,False,2026-08-18T22:07:51.533580+09:00
Rack Relay,320.0,83.0,success,False,2026-08-17T23:26:16.391059+09:00
Rack Reminder,,,failed,False,2026-08-19T21:04:29.917389+09:00
Rack Report,30.0,0.0,success,False,2026-08-19T13:32:19.751583+09:00
Rack Repository,,,failed,False,2026-08-27T23:12:50.672441+09:00
Rack Roadmap,,,failed,False,2026-08-18T22:08:30.649181+09:00
Rack Roster,30.0,78.0,success,False,2026-08-19T00:38:45.524694+09:00
Rack Route,10.0,0.0,success,False,2026-08-17T23:31:19.808791+09:00
Rack Rule,,,failed,False,2026-08-23T03:24:13.637906+09:00
Rack Sale,1300.0,77.0,success,False,2026-08-21T02:28:50.660826+09:00
Rack Scale,260.0,5.0,success,False,2026-08-17T23:07:39.486562+09:00
Rack Scanner,30.0,60.0,success,False,2026-08-27T23:55:21.576264+09:00
Rack Scheduler,,,failed,False,2026-08-17T23:09:00.584407+09:00
Rack Scope,,,failed,False,2026-08-17T23:27:29.516151+09:00
Rack Score,110.0,0.0,success,False,2026-08-19T13:33:13.480936+09:00
Rack Sentry,50.0,52.0,success,False,2026-08-17T23:32:42.825846+09:00
Rack Sheet,170.0,94.0,success,False,2026-08-19T13:32:52.541757+09:00
Rack Signal,10.0,50.0,success,False,2026-08-17T23:27:14.779355+09:00
Rack Signature,,,failed,False,2026-08-23T13:26:25.215433+09:00
Rack Slip,320.0,3.0,success,False,2026-08-19T21:51:05.479286+09:00
Rack Slot,390.0,12.0,success,False,2026-08-19T21:51:23.149370+09:00
Rack Snapshot,,,failed,False,2026-08-18T22:07:36.107745+09:00
Rack Stake,,,failed,False,2026-08-23T02:58:03.774409+09:00
Rack Stamp,,,failed,False,2026-08-23T13:26:30.213560+09:00
Rack Statement,,,failed,False,2026-08-21T00:30:44.450501+09:00
Rack Station,390.0,87.0,success,False,2026-08-17T23:29:55.087176+09:00
Rack Status,140.0,0.0,success,False,2026-08-19T20:47:39.914949+09:00
Rack Stub,,,failed,False,2026-08-21T00:30:39.454023+09:00
Rack Studio,880.0,100.0,success,False,2026-08-17T23:29:38.825411+09:00
Rack Suite,30.0,100.0,success,False,2026-08-17T23:07:22.346415+09:00
Rack Sum,,,failed,False,2026-08-21T02:28:36.980709+09:00
Rack Summary,,,failed,False,2026-08-19T21:04:04.689181+09:00
Rack Sync,,,failed,False,2026-08-17T23:25:18.715654+09:00
Rack Tab,,,failed,False,2026-08-21T00:31:19.573899+09:00
Rack Table,2900.0,52.0,success,False,2026-08-19T21:50:41.490993+09:00
Rack Tag,140.0,100.0,success,False,2026-08-19T13:33:44.098374+09:00
Rack Tally,,,failed,False,2026-08-21T00:30:51.297861+09:00
Rack Tariff,,,failed,False,2026-08-21T02:44:18.914187+09:00
Rack Tax,,,failed,False,2026-08-21T02:12:43.354957+09:00
Rack Ticket,,,failed,False,2026-08-19T21:05:07.680797+09:00
Rack Timeline,,,failed,False,2026-08-19T21:04:15.563221+09:00
Rack Token,,,failed,False,2026-08-23T13:26:22.288872+09:00
Rack Toll,,,failed,False,2026-08-21T02:44:13.647823+09:00
Rack Toolbox,,,failed,False,2026-08-28T00:24:58.982196+09:00
Rack Toolkit,,,failed,False,2026-08-18T22:07:09.458547+09:00
Rack Total,,,failed,False,2026-08-27T23:12:44.367905+09:00
Rack Tracker,720.0,37.0,success,False,2026-08-17T23:13:55.425659+09:00
Rack Trail,20.0,7.0,success,False,2026-08-17T23:09:23.779987+09:00
Rack Trend,20.0,69.0,success,False,2026-08-28T01:05:46.959097+09:00
Rack Trial,,,failed,False,2026-08-27T21:15:06.762141+09:00
Rack Unit,9900.0,100.0,success,False,2026-08-21T01:56:46.597919+09:00
Rack Update,,,failed,False,2026-08-19T20:48:20.425473+09:00
Rack Value,20.0,4.0,success,False,2026-08-23T02:58:01.593171+09:00
Rack Vault,,,failed,False,2026-08-17T23:04:40.930662+09:00
Rack Version,20.0,0.0,success,False,2026-08-23T03:24:05.243173+09:00
Rack View,50.0,6.0,success,False,2026-08-19T20:47:48.078194+09:00
Rack Voucher,,,failed,False,2026-08-21T00:30:27.321926+09:00
Rack Watch,50.0,11.0,success,False,2026-08-17T23:08:20.793662+09:00
Rack Wave,20.0,99.0,success,False,2026-08-17T23:27:56.034352+09:00
Rack Widget,,,failed,False,2026-08-27T23:12:44.367905+09:00
Rack Workbench,140.0,98.0,success,False,2026-08-18T22:07:01.170489+09:00
Rack Workshop,50.0,100.0,success,False,2026-08-28T00:24:56.382213+09:00
Rack Zone,720.0,100.0,success,False,2026-08-17T23:11:19.275980+09:00
Radiator Advisory,,,failed,False,2026-08-21T01:07:26.518810+09:00
Radiator Alert,,,failed,False,2026-08-19T21:17:18.865865+09:00
Radiator Allowance,,,failed,False,2026-08-21T02:36:47.930212+09:00
Radiator Analyzer,,,failed,False,2026-08-27T23:55:53.687521+09:00
Radiator Asset,,,failed,False,2026-08-23T13:47:49.087746+09:00
Radiator Assistant,,,failed,False,2026-08-19T21:11:48.091080+09:00
Radiator Attribute,,,failed,False,2026-08-23T13:06:58.194774+09:00
Radiator Balance,2400.0,47.0,success,False,2026-08-23T13:47:46.605419+09:00
Radiator Base,140.0,31.0,success,False,2026-08-19T21:06:57.837919+09:00
Radiator Bay,,,failed,False,2026-08-19T21:15:33.096576+09:00
Radiator Beacon,,,failed,False,2026-08-19T21:04:13.651960+09:00
Radiator Bill,,,failed,False,2026-08-19T21:46:01.527373+09:00
Radiator Board,320.0,97.0,success,False,2026-08-19T21:07:31.125995+09:00
Radiator Book,10.0,0.0,success,False,2026-08-19T21:47:01.107836+09:00
Radiator Bridge,,,failed,False,2026-08-19T21:04:51.175636+09:00
Radiator Brief,,,failed,False,2026-08-21T01:07:17.420617+09:00
Radiator Bulletin,,,failed,False,2026-08-21T01:07:11.720033+09:00
Radiator Calculator,2900.0,48.0,success,False,2026-08-27T23:34:17.021271+09:00
Radiator Calendar,,,failed,False,2026-08-19T21:13:44.257474+09:00
Radiator Card,210.0,2.0,success,False,2026-08-19T21:19:25.343582+09:00
Radiator Cascade,,,failed,False,2026-08-19T21:04:40.695118+09:00
Radiator Cash,,,failed,False,2026-08-21T02:29:47.040271+09:00
Radiator Cashback,,,failed,False,2026-08-27T21:13:10.326383+09:00
Radiator Center,140.0,41.0,success,False,2026-08-19T21:08:31.191170+09:00
Radiator Charge,,,failed,False,2026-08-21T02:36:37.228119+09:00
Radiator Chart,50.0,0.0,success,False,2026-08-19T21:17:29.124164+09:00
Radiator Check,210.0,28.0,success,False,2026-08-19T21:19:49.170898+09:00
Radiator Checker,210.0,28.0,success,False,2026-08-27T23:55:40.198338+09:00
Radiator Circular,,,failed,False,2026-08-21T01:07:21.862187+09:00
Radiator Code,110.0,13.0,success,False,2026-08-19T21:46:26.862344+09:00
Radiator Companion,,,failed,False,2026-08-19T21:12:33.528106+09:00
Radiator Comparison,10.0,63.0,success,False,2026-08-28T01:07:08.336538+09:00
Radiator Compass,,,failed,False,2026-08-19T21:03:59.838072+09:00
Radiator Confirmation,,,failed,False,2026-08-21T01:07:35.741700+09:00
Radiator Console,880.0,100.0,success,False,2026-08-19T21:09:04.357233+09:00
Radiator Core,4400.0,42.0,success,False,2026-08-19T21:07:08.840903+09:00
Radiator Cost,2400.0,89.0,success,False,2026-08-21T02:12:31.205964+09:00
Radiator Count,,,failed,False,2026-08-27T22:46:48.643972+09:00
Radiator Coupon,10.0,16.0,success,False,2026-08-27T21:13:04.814179+09:00
Radiator Deal,390.0,99.0,success,False,2026-08-21T01:56:03.758206+09:00
Radiator Debt,,,failed,False,2026-08-21T02:29:40.223505+09:00
Radiator Deck,,,failed,False,2026-08-19T21:07:40.402937+09:00
Radiator Desk,170.0,100.0,success,False,2026-08-19T21:31:35.907614+09:00
Radiator Detail,,,failed,False,2026-08-23T03:17:46.671515+09:00
Radiator Detector,74000.0,100.0,success,False,2026-08-27T23:55:48.344302+09:00
Radiator Diagram,2400.0,0.0,success,True,2026-08-27T22:07:30.403670+09:00
Radiator Discount,880.0,100.0,success,False,2026-08-23T16:16:43.466007+09:00
Radiator Dossier,,,failed,False,2026-08-21T01:07:41.387893+09:00
Radiator Downpayment,,,failed,False,2026-08-27T21:46:06.267558+09:00
Radiator Draft,,,failed,False,2026-08-19T21:30:20.208348+09:00
Radiator Duty,,,failed,False,2026-08-21T02:36:41.492996+09:00
Radiator Engine,1600.0,31.0,success,False,2026-08-19T21:11:37.631930+09:00
Radiator Entry,,,failed,False,2026-08-21T01:07:51.915989+09:00
Radiator Estimate,,,failed,False,2026-08-19T21:31:05.316836+09:00
Radiator Estimator,,,failed,False,2026-08-27T23:55:33.587403+09:00
Radiator Excerpt,,,failed,False,2026-08-21T01:07:47.643040+09:00
Radiator Fare,,,failed,False,2026-08-21T02:12:39.261551+09:00
Radiator Fee,,,failed,False,2026-08-21T01:55:54.849778+09:00
Radiator Feed,10.0,75.0,success,False,2026-08-19T21:30:12.319072+09:00
Radiator File,10.0,0.0,success,False,2026-08-19T21:29:44.160374+09:00
Radiator Finder,50.0,51.0,success,False,2026-08-19T21:14:14.890297+09:00
Radiator Fine,,,failed,False,2026-08-23T02:53:22.590239+09:00
Radiator Flag,,,failed,False,2026-08-21T00:32:47.883810+09:00
Radiator Flow,260.0,9.0,success,False,2026-08-19T21:31:19.157381+09:00
Radiator Forge,,,failed,False,2026-08-19T21:04:27.192873+09:00
Radiator Form,,,failed,False,2026-08-19T21:19:14.051362+09:00
Radiator Format,,,failed,False,2026-08-23T13:07:02.783000+09:00
Radiator Frame,480.0,81.0,success,False,2026-08-19T21:06:47.923280+09:00
Radiator Fund,,,failed,False,2026-08-21T02:29:43.973308+09:00
Radiator Giveaway,,,failed,False,2026-08-27T21:13:18.101351+09:00
Radiator Grade,,,failed,False,2026-08-21T00:32:28.890378+09:00
Radiator Grid,50.0,95.0,success,False,2026-08-19T21:05:54.912887+09:00
Radiator Guarantee,10.0,29.0,success,False,2026-08-28T01:07:16.006245+09:00
Radiator Guardian,,,failed,False,2026-08-28T00:25:26.159240+09:00
Radiator Harbor,,,failed,False,2026-08-19T21:16:16.247165+09:00
Radiator Helpdesk,,,failed,False,2026-08-27T22:46:48.643972+09:00
Radiator Helper,,,failed,False,2026-08-28T00:25:29.232687+09:00
Radiator History,70.0,0.0,success,False,2026-08-19T21:29:36.124531+09:00
Radiator Hub,90.0,46.0,success,False,2026-08-19T21:31:27.001536+09:00
Radiator Identifier,,,failed,False,2026-08-23T13:06:58.194774+09:00
Radiator Inbox,,,failed,False,2026-08-19T21:17:08.649893+09:00
Radiator Incentive,,,failed,False,2026-08-27T21:13:15.493972+09:00
Radiator Index,,,failed,False,2026-08-19T21:30:49.393699+09:00
Radiator Installment,,,failed,False,2026-08-23T16:16:43.466007+09:00
Radiator Item,,,failed,False,2026-08-21T01:55:57.374575+09:00
Radiator Journal,,,failed,False,2026-08-19T21:13:19.288024+09:00
Radiator Keeper,,,failed,False,2026-08-19T21:11:14.866023+09:00
Radiator Kiosk,,,failed,False,2026-08-19T21:15:11.193054+09:00
Radiator Kit,720.0,92.0,success,False,2026-08-27T22:46:40.495541+09:00
Radiator Lab,9900.0,13.0,success,False,2026-08-19T21:07:58.848698+09:00
Radiator Label,,,failed,False,2026-08-27T22:07:22.262130+09:00
Radiator Ledger,,,failed,False,2026-08-19T21:07:21.562422+09:00
Radiator Level,50.0,0.0,success,False,2026-08-19T21:29:51.150185+09:00
Radiator Levy,,,failed,False,2026-08-23T13:47:51.726767+09:00
Radiator Line,1300.0,100.0,success,False,2026-08-19T21:18:14.475118+09:00
Radiator Link,70.0,0.0,success,False,2026-08-23T03:17:34.613762+09:00
Radiator List,90.0,60.0,success,False,2026-08-19T21:46:35.740872+09:00
Radiator Loan,10.0,,success,False,2026-08-21T02:12:49.636286+09:00
Radiator Locator,,,failed,False,2026-08-19T21:14:05.700076+09:00
Radiator Log,,,failed,False,2026-08-19T21:19:01.988330+09:00
Radiator Loop,320.0,50.0,success,False,2026-08-19T21:05:41.663242+09:00
Radiator Manager,,,failed,False,2026-08-19T21:11:25.521014+09:00
Radiator Manual,50.0,47.0,success,False,2026-08-27T22:07:22.262130+09:00
Radiator Map,20.0,2.0,success,False,2026-08-19T21:06:37.485931+09:00
Radiator Markup,,,failed,False,2026-08-23T16:40:19.270826+09:00
Radiator Memo,,,failed,False,2026-08-21T00:32:34.737926+09:00
Radiator Monitor,30.0,3.0,success,False,2026-08-19T21:12:24.209579+09:00
Radiator Note,,,failed,False,2026-08-19T21:20:12.462826+09:00
Radiator Notification,,,failed,False,2026-08-27T22:46:36.036918+09:00
Radiator Number,170.0,0.0,success,False,2026-08-23T03:17:28.989211+09:00
Radiator Ops,,,failed,False,2026-08-19T21:12:53.220290+09:00
Radiator Order,50.0,60.0,success,False,2026-08-19T22:07:56.620143+09:00
Radiator Outpost,,,failed,False,2026-08-19T21:15:56.084621+09:00
Radiator Overdue,,,failed,False,2026-08-27T21:46:03.878331+09:00
Radiator Panel,1600.0,100.0,success,False,2026-08-19T21:09:18.934477+09:00
Radiator Payoff,,,failed,False,2026-08-27T21:46:03.878331+09:00
Radiator Petition,,,failed,False,2026-08-21T01:07:31.229292+09:00
Radiator Plan,90.0,100.0,success,False,2026-08-21T01:55:53.001580+09:00
Radiator Planner,,,failed,False,2026-08-19T21:11:59.918866+09:00
Radiator Playbook,,,failed,False,2026-08-19T21:13:04.964598+09:00
Radiator Plaza,10.0,0.0,success,False,2026-08-19T21:16:06.341907+09:00
Radiator Portal,,,failed,False,2026-08-19T21:08:54.298412+09:00
Radiator Post,,,failed,False,2026-08-19T21:15:44.600624+09:00
Radiator Preview,,,failed,False,2026-08-28T01:07:11.009484+09:00
Radiator Profile,10.0,67.0,success,False,2026-08-19T21:29:16.026683+09:00
Radiator Profit,,,failed,False,2026-08-23T02:53:11.692862+09:00
Radiator Proposal,,,failed,False,2026-08-28T01:07:13.467074+09:00
Radiator Quota,,,failed,False,2026-08-21T00:32:43.028189+09:00
Radiator Radar,,,failed,False,2026-08-19T21:31:45.728679+09:00
Radiator Rail,320.0,99.0,success,False,2026-08-19T21:09:55.427058+09:00
Radiator Rate,70.0,1.0,success,False,2026-08-19T21:29:57.691182+09:00
Radiator Recap,,,failed,False,2026-08-21T01:07:43.373010+09:00
Radiator Receipt,,,failed,False,2026-08-19T21:46:13.716197+09:00
Radiator Register,210.0,15.0,success,False,2026-08-19T21:12:43.604286+09:00
Radiator Registry,,,failed,False,2026-08-19T21:13:29.995507+09:00
Radiator Relay,170.0,29.0,success,False,2026-08-19T21:03:32.051785+09:00
Radiator Reminder,,,failed,False,2026-08-19T21:30:40.784781+09:00
Radiator Report,,,failed,False,2026-08-19T21:18:48.274039+09:00
Radiator Roll,10.0,100.0,success,False,2026-08-19T21:18:36.412771+09:00
Radiator Roster,,,failed,False,2026-08-19T21:16:53.658254+09:00
Radiator Route,,,failed,False,2026-08-19T21:09:44.414904+09:00
Radiator Rule,,,failed,False,2026-08-23T03:17:39.480043+09:00
Radiator Sale,4400.0,100.0,success,False,2026-08-21T02:29:49.445628+09:00
Radiator Sample,,,failed,False,2026-08-19T21:47:30.295909+09:00
Radiator Scale,880.0,1.0,success,False,2026-08-19T21:09:29.663933+09:00
Radiator Scanner,,,failed,False,2026-08-27T23:55:42.824458+09:00
Radiator Scheduler,,,failed,False,2026-08-19T21:12:09.668415+09:00
Radiator Schematic,90.0,0.0,success,False,2026-08-27T22:28:39.838514+09:00
Radiator Scope,,,failed,False,2026-08-19T21:05:28.660617+09:00
Radiator Score,,,failed,False,2026-08-19T21:20:00.703413+09:00
Radiator Serial,,,failed,False,2026-08-23T13:27:48.876436+09:00
Radiator Sheet,170.0,74.0,success,False,2026-08-19T21:19:37.758100+09:00
Radiator Shelf,27100.0,100.0,success,False,2026-08-19T21:16:39.026055+09:00
Radiator Signal,20.0,0.0,success,False,2026-08-19T21:05:03.787854+09:00
Radiator Slip,,,failed,False,2026-08-19T21:47:16.114306+09:00
Radiator Slot,20.0,100.0,success,False,2026-08-19T21:47:43.048701+09:00
Radiator Stake,,,failed,False,2026-08-23T02:53:17.402090+09:00
Radiator Statement,,,failed,False,2026-08-21T00:32:15.885792+09:00
Radiator Station,,,failed,False,2026-08-19T21:08:09.987838+09:00
Radiator Status,,,failed,False,2026-08-19T21:29:21.643935+09:00
Radiator Subsidy,,,failed,False,2026-08-23T15:52:42.470276+09:00
Radiator Sum,,,failed,False,2026-08-21T02:29:36.697010+09:00
Radiator Summary,,,failed,False,2026-08-19T21:30:26.736781+09:00
Radiator Tab,90.0,98.0,success,False,2026-08-21T00:32:52.523477+09:00
Radiator Table,4400.0,100.0,success,False,2026-08-19T21:46:47.844671+09:00
Radiator Tag,,,failed,False,2026-08-19T21:29:07.329786+09:00
Radiator Tally,,,failed,False,2026-08-21T00:32:24.105621+09:00
Radiator Tariff,,,failed,False,2026-08-21T02:36:53.900229+09:00
Radiator Tax,,,failed,False,2026-08-21T02:12:43.354957+09:00
Radiator Terminal,,,failed,False,2026-08-19T21:08:19.397533+09:00
Radiator Ticket,,,failed,False,2026-08-19T21:30:56.024739+09:00
Radiator Timeline,,,failed,False,2026-08-19T21:30:35.144264+09:00
Radiator Timer,90.0,100.0,success,False,2026-08-28T00:25:19.923690+09:00
Radiator Toll,10.0,,success,False,2026-08-21T02:36:44.892736+09:00
Radiator Toolbox,,,failed,False,2026-08-28T00:25:26.159240+09:00
Radiator Total,,,failed,False,2026-08-27T23:12:15.769681+09:00
Radiator Tower,70.0,100.0,success,False,2026-08-19T21:16:27.560091+09:00
Radiator Tracker,,,failed,False,2026-08-19T21:31:12.885816+09:00
Radiator Trail,140.0,62.0,success,False,2026-08-19T21:10:11.430001+09:00
Radiator Trend,,,failed,False,2026-08-28T01:07:05.829192+09:00
Radiator Trial,,,failed,False,2026-08-27T21:13:10.326383+09:00
Radiator Unit,880.0,51.0,success,False,2026-08-21T01:56:01.200736+09:00
Radiator Update,,,failed,False,2026-08-19T21:30:05.370784+09:00
Radiator Value,27100.0,100.0,success,False,2026-08-23T02:53:14.872547+09:00
Radiator Vault,,,failed,False,2026-08-19T21:03:47.017770+09:00
Radiator Version,,,failed,False,2026-08-23T03:17:31.358374+09:00
Radiator View,90.0,1.0,success,False,2026-08-19T21:29:28.610068+09:00
Radiator Watch,50.0,93.0,success,False,2026-08-19T21:05:15.949286+09:00
Radiator Widget,,,failed,False,2026-08-27T23:12:15.769681+09:00
Radiator Window,260.0,83.0,success,False,2026-08-19T21:18:26.718972+09:00
Radiator Worksheet,,,failed,False,2026-08-27T22:07:27.719925+09:00
Radiator Workshop,260.0,3.0,success,False,2026-08-28T00:25:23.676090+09:00
Radiator Yard,,,failed,False,2026-08-19T21:15:22.705045+09:00
Radiator Zone,1600.0,2.0,success,False,2026-08-19T21:08:42.108199+09:00
Rating Advisory,140.0,3.0,success,False,2026-08-21T01:26:31.620928+09:00
Rating Alert,,,failed,False,2026-08-21T01:22:03.238360+09:00
Rating Allowance,,,failed,False,2026-08-21T02:41:59.910977+09:00
Rating Analyzer,,,failed,False,2026-08-27T23:58:45.722079+09:00
Rating Assistant,10.0,0.0,success,False,2026-08-21T01:19:38.759789+09:00
Rating Atlas,10.0,,success,False,2026-08-21T01:19:18.289018+09:00
Rating Attribute,,,failed,False,2026-08-23T13:09:39.563884+09:00
Rating Badge,110.0,1.0,success,False,2026-08-21T01:25:43.368101+09:00
Rating Base,50.0,1.0,success,False,2026-08-21T01:17:27.975074+09:00
Rating Bay,,,failed,False,2026-08-21T01:21:24.061904+09:00
Rating Beacon,,,failed,False,2026-08-21T01:16:13.958396+09:00
Rating Bill,,,failed,False,2026-08-21T01:25:01.384940+09:00
Rating Bin,,,failed,False,2026-08-21T01:22:16.671736+09:00
Rating Board,720.0,0.0,success,False,2026-08-21T01:17:43.825232+09:00
Rating Booth,,,failed,False,2026-08-21T01:21:06.488842+09:00
Rating Bridge,,,failed,False,2026-08-21T01:16:28.829039+09:00
Rating Brief,,,failed,False,2026-08-21T01:26:22.503532+09:00
Rating Bulletin,,,failed,False,2026-08-21T01:26:19.673494+09:00
Rating Calculator,3600.0,0.0,success,True,2026-08-27T23:36:17.600549+09:00
Rating Card,5400.0,1.0,success,False,2026-08-21T01:23:05.026470+09:00
Rating Cascade,,,failed,False,2026-08-21T01:16:25.156844+09:00
Rating Cash,,,failed,False,2026-08-21T02:25:24.803683+09:00
Rating Cashback,,,failed,False,2026-08-27T21:16:10.166929+09:00
Rating Category,210.0,1.0,success,False,2026-08-23T13:09:37.494287+09:00
Rating Center,40.0,0.0,success,False,2026-08-21T01:18:10.686176+09:00
Rating Chain,170.0,92.0,success,False,2026-08-21T01:19:00.586921+09:00
Rating Charge,,,failed,False,2026-08-21T02:41:49.318667+09:00
Rating Chart,2900.0,0.0,success,True,2026-08-21T01:22:07.036293+09:00
Rating Check,210.0,4.0,success,False,2026-08-21T01:23:39.665157+09:00
Rating Checker,210.0,4.0,success,False,2026-08-27T23:58:34.382467+09:00
Rating Circular,20.0,0.0,success,False,2026-08-21T01:26:28.233094+09:00
Rating Code,140.0,5.0,success,False,2026-08-21T01:25:07.930638+09:00
Rating Companion,10.0,0.0,success,False,2026-08-21T01:19:57.563871+09:00
Rating Comparison,170.0,0.0,success,False,2026-08-28T01:01:36.692864+09:00
Rating Compass,70.0,4.0,success,False,2026-08-21T01:16:06.736603+09:00
Rating Confirmation,,,failed,False,2026-08-21T01:26:47.452980+09:00
Rating Console,,,failed,False,2026-08-21T01:18:26.670234+09:00
Rating Converter,70.0,0.0,success,False,2026-08-27T23:36:17.600549+09:00
Rating Core,10.0,0.0,success,False,2026-08-21T01:17:33.437690+09:00
Rating Cost,10.0,0.0,success,False,2026-08-21T02:08:37.852191+09:00
Rating Count,110.0,0.0,success,False,2026-08-27T22:49:26.070118+09:00
Rating Counter,110.0,0.0,success,False,2026-08-21T01:20:54.963946+09:00
Rating Coupon,,,failed,False,2026-08-27T21:16:10.166929+09:00
Rating Deal,,,failed,False,2026-08-21T01:51:29.207159+09:00
Rating Debt,90.0,2.0,success,False,2026-08-21T02:25:09.393326+09:00
Rating Deck,14800.0,0.0,success,True,2026-08-21T01:17:46.814722+09:00
Rating Desk,10.0,0.0,success,False,2026-08-21T01:15:46.981049+09:00
Rating Detail,,,failed,False,2026-08-23T03:22:45.099275+09:00
Rating Detector,,,failed,False,2026-08-27T23:58:43.283075+09:00
Rating Diagram,20.0,0.0,success,False,2026-08-27T22:11:01.897181+09:00
Rating Directory,,,failed,False,2026-08-21T01:20:36.811619+09:00
Rating Downpayment,,,failed,False,2026-08-27T21:47:27.442070+09:00
Rating Draft,590.0,0.0,success,False,2026-08-21T01:24:22.725454+09:00
Rating Due,,,failed,False,2026-08-23T15:50:59.628265+09:00
Rating Duty,,,failed,False,2026-08-21T02:41:51.779430+09:00
Rating Endowment,,,failed,False,2026-08-23T15:51:05.565275+09:00
Rating Engine,260.0,4.0,success,False,2026-08-21T01:19:32.138069+09:00
Rating Entry,,,failed,False,2026-08-21T01:15:26.988997+09:00
Rating Estimate,,,failed,False,2026-08-21T01:24:52.705656+09:00
Rating Estimator,590.0,0.0,success,False,2026-08-27T23:58:34.382467+09:00
Rating Extension,10.0,0.0,success,False,2026-08-23T16:38:26.896926+09:00
Rating Fare,,,failed,False,2026-08-21T02:08:44.609671+09:00
Rating Fee,10.0,0.0,success,False,2026-08-21T01:51:06.981175+09:00
Rating Feed,70.0,0.0,success,False,2026-08-21T01:24:17.387114+09:00
Rating Field,10.0,0.0,success,False,2026-08-23T13:09:42.107006+09:00
Rating File,,,failed,False,2026-08-21T01:23:50.887102+09:00
Rating Fine,,,failed,False,2026-08-23T02:56:53.736848+09:00
Rating Flow,20.0,0.0,success,False,2026-08-21T01:15:35.859983+09:00
Rating Forge,,,failed,False,2026-08-21T01:16:18.467523+09:00
Rating Form,320.0,4.0,success,False,2026-08-21T01:22:59.410874+09:00
Rating Format,320.0,4.0,success,False,2026-08-23T13:09:42.107006+09:00
Rating Frame,,,failed,False,2026-08-21T01:17:21.753159+09:00
Rating Fund,590.0,6.0,success,False,2026-08-21T02:25:19.750628+09:00
Rating Gate,10.0,0.0,success,False,2026-08-21T01:19:09.689487+09:00
Rating Giveaway,,,failed,False,2026-08-27T21:16:19.259868+09:00
Rating Graph,5400.0,0.0,success,True,2026-08-27T22:10:53.228398+09:00
Rating Grid,260.0,0.0,success,False,2026-08-21T01:16:53.151150+09:00
Rating Helper,,,failed,False,2026-08-28T00:27:23.571229+09:00
Rating History,50.0,0.0,success,False,2026-08-21T01:23:52.904904+09:00
Rating Hub,390.0,0.0,success,False,2026-08-21T01:15:40.132892+09:00
Rating Identifier,,,failed,False,2026-08-23T13:09:35.316031+09:00
Rating Inbox,,,failed,False,2026-08-21T01:21:58.894123+09:00
Rating Incentive,,,failed,False,2026-08-27T21:16:19.259868+09:00
Rating Index,30.0,0.0,success,False,2026-08-21T01:24:44.835275+09:00
Rating Item,20.0,0.0,success,False,2026-08-21T01:51:15.763734+09:00
Rating Journal,12100.0,1.0,success,False,2026-08-21T01:20:20.986675+09:00
Rating Keeper,10.0,0.0,success,False,2026-08-21T01:19:25.139986+09:00
Rating Kiosk,,,failed,False,2026-08-21T01:23:16.298800+09:00
Rating Lab,40.0,0.0,success,False,2026-08-21T01:17:54.187315+09:00
Rating Label,1300.0,0.0,success,True,2026-08-27T22:10:53.228398+09:00
Rating Ledger,,,failed,False,2026-08-21T01:17:38.451621+09:00
Rating Level,210.0,1.0,success,False,2026-08-21T01:23:57.328019+09:00
Rating Line,50.0,0.0,success,False,2026-08-21T01:22:36.440068+09:00
Rating Link,30.0,0.0,success,False,2026-08-23T03:22:34.004366+09:00
Rating List,1000.0,0.0,success,True,2026-08-21T01:25:04.622255+09:00
Rating Loan,10.0,36.0,success,False,2026-08-21T02:08:52.269018+09:00
Rating Lobby,,,failed,False,2026-08-21T01:22:29.239348+09:00
Rating Locator,,,failed,False,2026-08-21T01:20:39.645097+09:00
Rating Locker,,,failed,False,2026-08-21T01:21:00.134067+09:00
Rating Log,,,failed,False,2026-08-21T01:22:57.277421+09:00
Rating Loop,,,failed,False,2026-08-21T01:16:49.260472+09:00
Rating Manager,20.0,5.0,success,False,2026-08-21T01:19:29.603335+09:00
Rating Manual,170.0,0.0,success,False,2026-08-27T22:10:56.558080+09:00
Rating Map,210.0,1.0,success,False,2026-08-21T01:17:18.123686+09:00
Rating Margin,,,failed,False,2026-08-23T02:56:50.179026+09:00
Rating Memo,,,failed,False,2026-08-21T01:26:08.809687+09:00
Rating Message,70.0,2.0,success,False,2026-08-27T23:15:04.402308+09:00
Rating Monitor,1600.0,17.0,success,False,2026-08-21T01:19:52.973842+09:00
Rating Nexus,,,failed,False,2026-08-21T01:19:12.546892+09:00
Rating Note,50.0,0.0,success,False,2026-08-21T01:23:39.665157+09:00
Rating Notification,320.0,0.0,success,False,2026-08-27T22:49:15.165017+09:00
Rating Number,140.0,0.0,success,False,2026-08-23T03:22:26.114633+09:00
Rating Office,30.0,0.0,success,False,2026-08-21T01:20:48.632862+09:00
Rating Ops,,,failed,False,2026-08-21T01:20:05.793508+09:00
Rating Order,70.0,0.0,success,False,2026-08-21T01:24:51.973946+09:00
Rating Overage,,,failed,False,2026-08-27T21:47:24.586892+09:00
Rating Overdraft,,,failed,False,2026-08-23T15:51:01.656182+09:00
Rating Overdue,,,failed,False,2026-08-27T21:47:17.528863+09:00
Rating Panel,20.0,0.0,success,False,2026-08-21T01:18:33.036529+09:00
Rating Pass,,,failed,False,2026-08-21T01:25:49.214024+09:00
Rating Passport,70.0,0.0,success,False,2026-08-21T01:22:23.798217+09:00
Rating Path,,,failed,False,2026-08-21T01:17:06.015996+09:00
Rating Payoff,,,failed,False,2026-08-27T21:47:19.918276+09:00
Rating Penalty,,,failed,False,2026-08-23T16:38:22.069097+09:00
Rating Petition,10.0,,success,False,2026-08-21T01:26:37.625507+09:00
Rating Plan,10.0,0.0,success,False,2026-08-21T01:51:26.021065+09:00
Rating Planner,,,failed,False,2026-08-21T01:19:45.031880+09:00
Rating Playbook,,,failed,False,2026-08-21T01:20:11.987698+09:00
Rating Plaza,,,failed,False,2026-08-21T01:21:39.012967+09:00
Rating Point,320.0,1.0,success,False,2026-08-21T01:17:10.053741+09:00
Rating Portal,30.0,0.0,success,False,2026-08-21T01:18:21.129763+09:00
Rating Post,110.0,0.0,success,False,2026-08-21T01:21:27.496774+09:00
Rating Preview,,,failed,False,2026-08-28T01:01:39.377915+09:00
Rating Profile,480.0,0.0,success,False,2026-08-21T01:23:39.665157+09:00
Rating Profit,,,failed,False,2026-08-23T02:56:41.108127+09:00
Rating Quota,,,failed,False,2026-08-21T01:26:12.180385+09:00
Rating Radar,,,failed,False,2026-08-21T01:15:49.368632+09:00
Rating Rail,,,failed,False,2026-08-21T01:23:11.451788+09:00
Rating Rank,260.0,0.0,success,False,2026-08-28T00:49:09.988603+09:00
Rating Rate,170.0,0.0,success,False,2026-08-21T01:24:08.790137+09:00
Rating Recap,10.0,0.0,success,False,2026-08-21T01:15:16.012738+09:00
Rating Receipt,,,failed,False,2026-08-21T01:25:03.878404+09:00
Rating Recorder,,,failed,False,2026-08-27T23:36:23.122509+09:00
Rating Register,,,failed,False,2026-08-21T01:21:07.466451+09:00
Rating Relay,590.0,2.0,success,False,2026-08-21T01:15:55.134469+09:00
Rating Reminder,,,failed,False,2026-08-21T01:24:35.885777+09:00
Rating Report,110.0,7.0,success,False,2026-08-21T01:22:51.659146+09:00
Rating Repository,,,failed,False,2026-08-27T23:15:13.027326+09:00
Rating Result,140.0,0.0,success,False,2026-08-28T00:49:05.838031+09:00
Rating Ring,480.0,1.0,success,False,2026-08-21T01:19:03.432303+09:00
Rating Roll,,,failed,False,2026-08-21T01:22:46.544366+09:00
Rating Roster,,,failed,False,2026-08-21T01:23:16.298800+09:00
Rating Route,,,failed,False,2026-08-21T01:18:42.442648+09:00
Rating Rule,,,failed,False,2026-08-23T03:22:39.014022+09:00
Rating Sale,20.0,0.0,success,False,2026-08-21T02:25:28.596275+09:00
Rating Sample,40.0,2.0,success,False,2026-08-21T01:25:40.979194+09:00
Rating Scale,14800.0,1.0,success,False,2026-08-21T01:18:37.282523+09:00
Rating Scanner,90.0,9.0,success,False,2026-08-27T23:58:38.877794+09:00
Rating Scope,20.0,8.0,success,False,2026-08-21T01:16:44.690020+09:00
Rating Score,1300.0,5.0,success,False,2026-08-21T01:23:39.665157+09:00
Rating Sheet,590.0,12.0,success,False,2026-08-21T01:23:39.665157+09:00
Rating Shelf,,,failed,False,2026-08-21T01:21:51.595086+09:00
Rating Shortfall,,,failed,False,2026-08-27T21:47:29.918815+09:00
Rating Signal,10.0,0.0,success,False,2026-08-21T01:16:36.813672+09:00
Rating Slip,390.0,20.0,success,False,2026-08-21T01:25:37.604117+09:00
Rating Slot,70.0,2.0,success,False,2026-08-21T01:25:29.935757+09:00
Rating Stake,,,failed,False,2026-08-23T02:56:45.800075+09:00
Rating Statement,10.0,0.0,success,False,2026-08-21T01:26:01.379135+09:00
Rating Station,,,failed,False,2026-08-21T01:17:59.788687+09:00
Rating Status,40.0,6.0,success,False,2026-08-21T01:23:45.473669+09:00
Rating Streak,,,failed,False,2026-08-28T00:49:09.988603+09:00
Rating Stub,,,failed,False,2026-08-21T01:25:58.145790+09:00
Rating Studio,,,failed,False,2026-08-21T01:17:52.131047+09:00
Rating Subsidy,,,failed,False,2026-08-23T15:51:03.649898+09:00
Rating Sum,,,failed,False,2026-08-21T02:25:06.190150+09:00
Rating Summary,110.0,0.0,success,False,2026-08-21T01:24:27.996006+09:00
Rating Surtax,,,failed,False,2026-08-23T15:51:07.589062+09:00
Rating Tab,320.0,49.0,success,False,2026-08-21T01:26:17.676069+09:00
Rating Table,1000.0,5.0,success,False,2026-08-21T01:25:14.873207+09:00
Rating Tag,40.0,0.0,success,False,2026-08-21T01:23:39.665157+09:00
Rating Tariff,,,failed,False,2026-08-21T02:42:06.283895+09:00
Rating Tax,,,failed,False,2026-08-21T02:08:48.919404+09:00
Rating Terminal,,,failed,False,2026-08-21T01:18:06.021081+09:00
Rating Ticker,,,failed,False,2026-08-21T01:22:31.268942+09:00
Rating Ticket,,,failed,False,2026-08-21T01:24:49.055361+09:00
Rating Tier,210.0,0.0,success,False,2026-08-28T00:49:09.988603+09:00
Rating Timeline,,,failed,False,2026-08-21T01:35:17.900497+09:00
Rating Toll,,,failed,False,2026-08-21T02:41:56.534428+09:00
Rating Toolbox,,,failed,False,2026-08-28T00:27:23.571229+09:00
Rating Total,210.0,0.0,success,False,2026-08-27T23:15:04.402308+09:00
Rating Tower,,,failed,False,2026-08-21T01:21:46.110216+09:00
Rating Tracker,90.0,0.0,success,False,2026-08-21T01:15:30.378271+09:00
Rating Trail,,,failed,False,2026-08-21T01:18:54.031046+09:00
Rating Trend,40.0,0.0,success,False,2026-08-28T01:01:36.692864+09:00
Rating Trial,,,failed,False,2026-08-27T21:16:16.799513+09:00
Rating Unit,140.0,0.0,success,False,2026-08-21T02:05:54.756908+09:00
Rating Update,2900.0,0.0,success,True,2026-08-21T01:24:04.926797+09:00
Rating Value,590.0,1.0,success,False,2026-08-23T02:56:43.732981+09:00
Rating Vault,,,failed,False,2026-08-21T01:16:00.251742+09:00
Rating Version,,,failed,False,2026-08-23T03:22:30.618913+09:00
Rating View,210.0,0.0,success,False,2026-08-21T01:23:47.982205+09:00
Rating Voucher,,,failed,False,2026-08-21T01:25:38.275036+09:00
Rating Watch,320.0,14.0,success,False,2026-08-21T01:16:40.172400+09:00
Rating Wave,,,failed,False,2026-08-21T01:16:58.879155+09:00
Rating Widget,140.0,2.0,success,False,2026-08-27T23:15:07.984003+09:00
Rating Window,,,failed,False,2026-08-21T01:22:41.888615+09:00
Rating Worksheet,,,failed,False,2026-08-27T22:10:59.501612+09:00
Rating Yard,,,failed,False,2026-08-21T01:21:17.954324+09:00
Rating Zone,,,failed,False,2026-08-21T01:18:16.729979+09:00
Ratio Advisory,,,failed,False,2026-08-21T00:58:27.692575+09:00
Ratio Allowance,,,failed,False,2026-08-21T02:38:09.773029+09:00
Ratio Almanac,,,failed,False,2026-08-18T22:09:49.300650+09:00
Ratio Analyzer,,,failed,False,2026-08-27T23:54:40.654466+09:00
Ratio Anchor,,,failed,False,2026-08-17T23:30:21.472957+09:00
Ratio Assistant,,,failed,False,2026-08-17T23:26:38.652949+09:00
Ratio Atlas,,,failed,False,2026-08-17T23:25:55.806145+09:00
Ratio Attribute,10.0,0.0,success,False,2026-08-23T13:06:02.918045+09:00
Ratio Badge,,,failed,False,2026-08-21T00:36:26.230021+09:00
Ratio Base,10.0,0.0,success,False,2026-08-17T23:32:25.255075+09:00
Ratio Beacon,,,failed,False,2026-08-17T23:29:51.250400+09:00
Ratio Blueprint,,,failed,False,2026-08-18T22:09:39.839296+09:00
Ratio Board,10.0,0.0,success,False,2026-08-17T23:12:27.386442+09:00
Ratio Book,1000.0,99.0,success,False,2026-08-19T22:05:35.780904+09:00
Ratio Bridge,20.0,0.0,success,False,2026-08-17T23:11:13.383500+09:00
Ratio Brief,,,failed,False,2026-08-21T01:09:42.916632+09:00
Ratio Bulletin,,,failed,False,2026-08-21T01:09:34.280846+09:00
Ratio Calculator,246000.0,0.0,success,True,2026-08-27T23:34:03.746516+09:00
Ratio Calendar,20.0,0.0,success,False,2026-08-18T23:57:31.846586+09:00
Ratio Card,2740000.0,0.0,success,True,2026-08-19T13:33:40.733972+09:00
Ratio Cascade,,,failed,False,2026-08-17T23:30:08.040310+09:00
Ratio Cash,10.0,0.0,success,False,2026-08-21T02:22:13.751196+09:00
Ratio Category,,,failed,False,2026-08-23T13:06:00.621707+09:00
Ratio Center,,,failed,False,2026-08-17T23:08:52.279570+09:00
Ratio Chain,10.0,0.0,success,False,2026-08-17T23:13:46.002975+09:00
Ratio Charge,,,failed,False,2026-08-21T02:38:00.530165+09:00
Ratio Chart,1000.0,0.0,success,True,2026-08-19T12:25:55.231488+09:00
Ratio Check,590.0,0.0,success,False,2026-08-19T13:33:54.731377+09:00
Ratio Checker,590.0,0.0,success,False,2026-08-27T23:54:32.984482+09:00
Ratio Circular,,,failed,False,2026-08-21T00:59:23.990159+09:00
Ratio Cockpit,,,failed,False,2026-08-17T23:15:05.132671+09:00
Ratio Codex,,,failed,False,2026-08-18T22:10:04.357387+09:00
Ratio Companion,,,failed,False,2026-08-17T23:27:50.871251+09:00
Ratio Comparison,1000.0,0.0,success,True,2026-08-28T01:04:51.979139+09:00
Ratio Compass,10.0,71.0,success,False,2026-08-17T23:09:36.803243+09:00
Ratio Compendium,,,failed,False,2026-08-18T22:09:56.131275+09:00
Ratio Confirmation,,,failed,False,2026-08-21T00:58:36.711570+09:00
Ratio Console,,,failed,False,2026-08-17T23:23:26.681151+09:00
Ratio Core,90.0,0.0,success,False,2026-08-17T23:05:17.262710+09:00
Ratio Cost,720.0,0.0,success,False,2026-08-21T02:06:57.377866+09:00
Ratio Counter,320.0,0.0,success,False,2026-08-18T23:58:29.314698+09:00
Ratio Dashboard,20.0,15.0,success,False,2026-08-17T23:27:38.183762+09:00
Ratio Deal,,,failed,False,2026-08-21T01:50:59.585302+09:00
Ratio Debt,14800.0,1.0,success,False,2026-08-21T02:22:03.460496+09:00
Ratio Deck,,,failed,False,2026-08-17T23:32:52.026751+09:00
Ratio Depot,10.0,3.0,success,False,2026-08-18T23:58:11.366687+09:00
Ratio Desk,40.0,92.0,success,False,2026-08-17T23:07:52.950180+09:00
Ratio Detail,,,failed,False,2026-08-23T03:16:51.782987+09:00
Ratio Detector,260.0,0.0,success,False,2026-08-27T23:54:35.399736+09:00
Ratio Dial,,,failed,False,2026-08-17T23:23:43.975283+09:00
Ratio Digest,,,failed,False,2026-08-19T20:47:15.115131+09:00
Ratio Directory,,,failed,False,2026-08-18T23:57:39.317157+09:00
Ratio Dock,,,failed,False,2026-08-17T23:24:23.365405+09:00
Ratio Dossier,,,failed,False,2026-08-21T00:58:40.847726+09:00
Ratio Duty,,,failed,False,2026-08-21T02:38:04.709344+09:00
Ratio Engine,70.0,0.0,success,False,2026-08-17T23:11:50.330995+09:00
Ratio Entry,,,failed,False,2026-08-21T00:58:54.317507+09:00
Ratio Estimator,210.0,0.0,success,False,2026-08-27T23:54:30.615711+09:00
Ratio Excerpt,,,failed,False,2026-08-21T00:58:49.473587+09:00
Ratio Fare,,,failed,False,2026-08-21T02:07:07.042559+09:00
Ratio Fee,,,failed,False,2026-08-21T01:50:37.837516+09:00
Ratio Feed,260.0,0.0,success,False,2026-08-19T20:47:22.248072+09:00
Ratio Field,20.0,38.0,success,False,2026-08-23T13:06:05.538611+09:00
Ratio File,10.0,0.0,success,False,2026-08-19T20:46:54.929939+09:00
Ratio Finder,246000.0,0.0,success,True,2026-08-18T23:58:01.279851+09:00
Ratio Fine,,,failed,False,2026-08-23T02:53:30.954147+09:00
Ratio Flag,30.0,0.0,success,False,2026-08-21T00:24:39.947545+09:00
Ratio Flow,,,failed,False,2026-08-17T23:28:41.981102+09:00
Ratio Forge,30.0,0.0,success,False,2026-08-17T23:03:58.711434+09:00
Ratio Form,4400.0,92.0,success,False,2026-08-19T13:33:22.206561+09:00
Ratio Format,4400.0,92.0,success,False,2026-08-23T13:06:07.907385+09:00
Ratio Frame,880.0,10.0,success,False,2026-08-17T23:10:52.063537+09:00
Ratio Fund,,,failed,False,2026-08-21T02:22:07.753021+09:00
Ratio Gate,,,failed,False,2026-08-17T23:25:39.196440+09:00
Ratio Grade,,,failed,False,2026-08-21T00:36:42.590036+09:00
Ratio Graph,2400.0,0.0,success,True,2026-08-27T22:09:28.492809+09:00
Ratio Grid,1000.0,0.0,success,True,2026-08-17T23:07:35.240679+09:00
Ratio Guarantee,,,failed,False,2026-08-28T01:04:57.702842+09:00
Ratio Guard,,,failed,False,2026-08-17T23:11:28.950122+09:00
Ratio Guardian,,,failed,False,2026-08-28T00:24:19.907536+09:00
Ratio Guidebook,,,failed,False,2026-08-18T22:09:23.803071+09:00
Ratio Helper,140.0,2.0,success,False,2026-08-28T00:24:22.351196+09:00
Ratio History,30.0,0.0,success,False,2026-08-19T20:46:47.302188+09:00
Ratio Hub,140.0,0.0,success,False,2026-08-17T23:13:09.056664+09:00
Ratio Identifier,30.0,0.0,success,False,2026-08-23T13:05:55.726817+09:00
Ratio Index,30.0,0.0,success,False,2026-08-19T21:32:32.734528+09:00
Ratio Insight,,,failed,False,2026-08-17T23:08:11.112323+09:00
Ratio Item,,,failed,False,2026-08-21T01:50:51.985309+09:00
Ratio Journal,170.0,0.0,success,False,2026-08-18T22:09:07.653451+09:00
Ratio Keeper,40.0,0.0,success,False,2026-08-17T23:26:10.639676+09:00
Ratio Lab,90.0,1.0,success,False,2026-08-17T23:33:03.029797+09:00
Ratio Ledger,,,failed,False,2026-08-17T23:32:37.778770+09:00
Ratio Lens,,,failed,False,2026-08-17T23:32:05.926406+09:00
Ratio Level,170.0,0.0,success,False,2026-08-19T20:47:00.737978+09:00
Ratio Link,,,failed,False,2026-08-23T03:16:39.334057+09:00
Ratio List,170.0,1.0,success,False,2026-08-19T22:05:17.062474+09:00
Ratio Loan,110.0,4.0,success,False,2026-08-21T02:07:20.173569+09:00
Ratio Locator,,,failed,False,2026-08-18T23:57:49.004373+09:00
Ratio Lock,20.0,0.0,success,False,2026-08-17T23:31:48.177682+09:00
Ratio Log,,,failed,False,2026-08-19T13:33:08.765794+09:00
Ratio Loop,,,failed,False,2026-08-17T23:30:52.147668+09:00
Ratio Manager,20.0,0.0,success,False,2026-08-17T23:04:33.261831+09:00
Ratio Map,390.0,0.0,success,False,2026-08-17T23:03:37.118721+09:00
Ratio Margin,1000.0,1.0,success,False,2026-08-23T02:53:27.977389+09:00
Ratio Memo,,,failed,False,2026-08-21T00:36:48.316365+09:00
Ratio Message,,,failed,False,2026-08-27T23:12:29.033332+09:00
Ratio Meter,170.0,33.0,success,False,2026-08-17T23:04:52.831664+09:00
Ratio Metrics,90.0,0.0,success,False,2026-08-17T23:27:21.585941+09:00
Ratio Monitor,1900.0,3.0,success,False,2026-08-17T23:27:09.313673+09:00
Ratio Navigator,,,failed,False,2026-08-17T23:09:57.644305+09:00
Ratio Nexus,90.0,0.0,success,False,2026-08-17T23:15:22.052615+09:00
Ratio Node,,,failed,False,2026-08-17T23:08:30.361207+09:00
Ratio Note,,,failed,False,2026-08-19T13:34:11.345054+09:00
Ratio Notification,,,failed,False,2026-08-27T22:47:24.172994+09:00
Ratio Number,1600.0,0.0,success,True,2026-08-23T03:16:31.986562+09:00
Ratio Office,70.0,0.0,success,False,2026-08-18T23:58:19.517114+09:00
Ratio Ops,,,failed,False,2026-08-17T23:28:06.508675+09:00
Ratio Organizer,,,failed,False,2026-08-17T23:13:28.338167+09:00
Ratio Overage,,,failed,False,2026-08-27T21:46:42.401025+09:00
Ratio Panel,,,failed,False,2026-08-17T23:10:33.409769+09:00
Ratio Pass,,,failed,False,2026-08-21T00:36:18.143483+09:00
Ratio Path,,,failed,False,2026-08-17T23:31:30.005121+09:00
Ratio Penalty,10.0,0.0,success,False,2026-08-23T16:38:05.799118+09:00
Ratio Petition,,,failed,False,2026-08-21T00:58:32.149871+09:00
Ratio Pilot,,,failed,False,2026-08-17T23:29:01.871676+09:00
Ratio Plan,30.0,3.0,success,False,2026-08-21T01:51:00.424955+09:00
Ratio Planner,,,failed,False,2026-08-17T23:06:26.824049+09:00
Ratio Playbook,,,failed,False,2026-08-18T22:08:59.053528+09:00
Ratio Point,70.0,0.0,success,False,2026-08-17T23:09:18.796206+09:00
Ratio Portal,,,failed,False,2026-08-17T22:46:57.477508+09:00
Ratio Preview,,,failed,False,2026-08-28T01:04:51.979139+09:00
Ratio Profile,20.0,0.0,success,False,2026-08-19T13:34:25.531210+09:00
Ratio Profit,14800.0,1.0,success,False,2026-08-23T02:53:19.802959+09:00
Ratio Proposal,10.0,0.0,success,False,2026-08-28T01:04:54.734993+09:00
Ratio Pulse,,,failed,False,2026-08-17T23:31:17.212800+09:00
Ratio Quota,,,failed,False,2026-08-21T00:36:50.529911+09:00
Ratio Radar,,,failed,False,2026-08-17T23:29:16.727834+09:00
Ratio Rail,,,failed,False,2026-08-17T23:06:48.111245+09:00
Ratio Rate,3600.0,0.0,success,True,2026-08-19T20:47:06.290958+09:00
Ratio Recap,,,failed,False,2026-08-21T00:59:26.114490+09:00
Ratio Recorder,,,failed,False,2026-08-27T23:34:06.441052+09:00
Ratio Register,,,failed,False,2026-08-17T23:04:15.040980+09:00
Ratio Registry,,,failed,False,2026-08-18T22:09:32.067298+09:00
Ratio Relay,10.0,0.0,success,False,2026-08-17T23:14:46.249386+09:00
Ratio Reminder,,,failed,False,2026-08-19T21:32:30.611292+09:00
Ratio Report,30.0,4.0,success,False,2026-08-19T13:32:58.947587+09:00
Ratio Repository,,,failed,False,2026-08-27T23:12:37.040829+09:00
Ratio Result,30.0,0.0,success,False,2026-08-28T00:47:16.982525+09:00
Ratio Roadmap,,,failed,False,2026-08-18T22:10:12.310168+09:00
Ratio Route,,,failed,False,2026-08-17T23:12:08.094400+09:00
Ratio Rule,480.0,0.0,success,False,2026-08-23T03:16:44.260724+09:00
Ratio Sale,,,failed,False,2026-08-21T02:22:16.250751+09:00
Ratio Sample,260.0,0.0,success,False,2026-08-19T22:05:54.572880+09:00
Ratio Scale,8100.0,0.0,success,True,2026-08-17T23:24:01.156266+09:00
Ratio Scanner,,,failed,False,2026-08-27T23:54:35.399736+09:00
Ratio Scheduler,,,failed,False,2026-08-17T23:26:52.800903+09:00
Ratio Scope,,,failed,False,2026-08-17T23:12:51.339052+09:00
Ratio Score,30.0,0.0,success,False,2026-08-19T13:34:00.979457+09:00
Ratio Sentry,,,failed,False,2026-08-17T23:10:15.371250+09:00
Ratio Sheet,5400.0,1.0,success,False,2026-08-19T13:33:46.951331+09:00
Ratio Signal,40.0,8.0,success,False,2026-08-17T23:05:44.417197+09:00
Ratio Slip,,,failed,False,2026-08-19T22:05:46.180547+09:00
Ratio Slot,,,failed,False,2026-08-19T22:06:04.414832+09:00
Ratio Snapshot,,,failed,False,2026-08-18T22:09:15.023895+09:00
Ratio Stake,,,failed,False,2026-08-23T02:53:25.456581+09:00
Ratio Statement,70.0,1.0,success,False,2026-08-21T00:36:35.821010+09:00
Ratio Station,70.0,2.0,success,False,2026-08-17T23:14:07.437972+09:00
Ratio Status,50.0,0.0,success,False,2026-08-19T20:46:36.801455+09:00
Ratio Stub,,,failed,False,2026-08-21T00:36:30.694005+09:00
Ratio Studio,390.0,2.0,success,False,2026-08-17T23:07:11.054257+09:00
Ratio Suite,,,failed,False,2026-08-17T23:26:24.551704+09:00
Ratio Sum,590.0,0.0,success,False,2026-08-21T02:21:55.234205+09:00
Ratio Summary,50.0,0.0,success,False,2026-08-19T21:32:23.492274+09:00
Ratio Sync,,,failed,False,2026-08-17T23:06:04.469497+09:00
Ratio Tab,320.0,0.0,success,False,2026-08-21T00:24:49.316489+09:00
Ratio Table,6600.0,0.0,success,True,2026-08-19T22:05:25.560581+09:00
Ratio Tag,,,failed,False,2026-08-19T13:34:20.014616+09:00
Ratio Tally,,,failed,False,2026-08-21T00:36:37.815514+09:00
Ratio Tariff,,,failed,False,2026-08-21T02:38:16.396053+09:00
Ratio Tax,10.0,0.0,success,False,2026-08-21T02:07:11.746620+09:00
Ratio Timeline,,,failed,False,2026-08-19T21:32:28.691012+09:00
Ratio Toll,,,failed,False,2026-08-21T02:38:06.910707+09:00
Ratio Toolbox,50.0,4.0,success,False,2026-08-28T00:24:19.907536+09:00
Ratio Toolkit,,,failed,False,2026-08-18T22:08:52.301038+09:00
Ratio Tracker,30.0,0.0,success,False,2026-08-17T23:28:19.331420+09:00
Ratio Trail,,,failed,False,2026-08-17T23:24:44.637673+09:00
Ratio Trend,140.0,0.0,success,False,2026-08-28T01:04:49.164769+09:00
Ratio Trial,,,failed,False,2026-08-27T21:15:22.797193+09:00
Ratio Unit,1000.0,0.0,success,True,2026-08-21T02:05:54.756908+09:00
Ratio Update,10.0,0.0,success,False,2026-08-19T20:47:08.500238+09:00
Ratio Value,590.0,0.0,success,False,2026-08-23T02:53:22.590239+09:00
Ratio Vault,,,failed,False,2026-08-17T23:29:37.041815+09:00
Ratio Version,,,failed,False,2026-08-23T03:16:36.835162+09:00
Ratio View,,,failed,False,2026-08-19T20:46:42.465530+09:00
Ratio Voucher,,,failed,False,2026-08-21T00:36:21.244854+09:00
Ratio Watch,18100.0,100.0,success,False,2026-08-17T23:30:36.598618+09:00
Ratio Wave,30.0,0.0,success,False,2026-08-17T23:14:27.748058+09:00
Ratio Widget,10.0,0.0,success,False,2026-08-27T23:12:34.540185+09:00
Ratio Workbench,,,failed,False,2026-08-18T22:08:43.049836+09:00
Ratio Worksheet,5400.0,1.0,success,False,2026-08-27T22:09:38.149454+09:00
Ratio Workshop,,,failed,False,2026-08-28T00:24:17.222604+09:00
Ratio Zone,,,failed,False,2026-08-17T23:33:28.426699+09:00
Realtor Alert,,,failed,False,2026-08-21T01:42:29.387533+09:00
Realtor Atlas,,,failed,False,2026-08-21T01:40:31.088878+09:00
Realtor Card,390.0,86.0,success,False,2026-08-21T01:43:14.953756+09:00
Realtor Cashback,90.0,40.0,success,False,2026-08-27T21:19:50.770385+09:00
Realtor Chain,,,failed,False,2026-08-21T01:40:12.068388+09:00
Realtor Chart,,,failed,False,2026-08-21T01:42:32.456630+09:00
Realtor Coupon,10.0,7.0,success,False,2026-08-27T21:19:50.770385+09:00
Realtor Detail,,,failed,False,2026-08-23T03:16:29.353172+09:00
Realtor Engine,,,failed,False,2026-08-21T01:40:39.778843+09:00
Realtor Form,170.0,7.0,success,False,2026-08-21T01:43:12.278953+09:00
Realtor Gate,,,failed,False,2026-08-21T01:40:23.040836+09:00
Realtor Giveaway,40.0,100.0,success,False,2026-08-27T21:19:58.870068+09:00
Realtor Incentive,40.0,18.0,success,False,2026-08-27T21:19:56.366947+09:00
Realtor Journal,,,failed,False,2026-08-21T01:41:12.264242+09:00
Realtor Keeper,,,failed,False,2026-08-21T01:40:33.133691+09:00
Realtor Link,480.0,4.0,success,False,2026-08-23T03:16:19.788711+09:00
Realtor Log,30.0,4.0,success,False,2026-08-21T01:43:03.421356+09:00
Realtor Monitor,,,failed,False,2026-08-21T01:40:53.074721+09:00
Realtor Nexus,,,failed,False,2026-08-21T01:40:26.570038+09:00
Realtor Number,140.0,64.0,success,False,2026-08-23T03:16:13.014331+09:00
Realtor Ops,,,failed,False,2026-08-21T01:41:02.771886+09:00
Realtor Planner,70.0,100.0,success,False,2026-08-21T01:40:48.434359+09:00
Realtor Playbook,,,failed,False,2026-08-21T01:41:08.747647+09:00
Realtor Register,,,failed,False,2026-08-21T01:41:00.703725+09:00
Realtor Report,50.0,14.0,success,False,2026-08-21T01:43:00.390217+09:00
Realtor Ring,70.0,0.0,success,False,2026-08-21T01:40:17.321567+09:00
Realtor Roster,10.0,57.0,success,False,2026-08-21T01:42:20.086183+09:00
Realtor Rule,10.0,14.0,success,False,2026-08-23T03:16:23.757716+09:00
Realtor Sheet,,,failed,False,2026-08-21T01:43:18.678031+09:00
Realtor Shelf,,,failed,False,2026-08-21T01:42:17.039674+09:00
Realtor Trial,10.0,,success,False,2026-08-27T21:19:54.141367+09:00
Realtor Version,,,failed,False,2026-08-23T03:16:15.944869+09:00
Rebate Advance,40.0,0.0,success,False,2026-08-23T16:14:11.722628+09:00
Rebate Alert,10.0,,success,False,2026-08-21T00:47:34.415597+09:00
Rebate Allowance,10.0,0.0,success,False,2026-08-21T02:41:28.147668+09:00
Rebate Analyzer,,,failed,False,2026-08-27T23:51:54.683905+09:00
Rebate Announcement,,,failed,False,2026-08-27T23:31:29.961537+09:00
Rebate Arrears,,,failed,False,2026-08-23T16:14:08.408734+09:00
Rebate Assistant,,,failed,False,2026-08-21T00:45:52.774285+09:00
Rebate Atlas,,,failed,False,2026-08-21T00:45:45.302081+09:00
Rebate Attribute,,,failed,False,2026-08-23T13:09:53.012547+09:00
Rebate Badge,,,failed,False,2026-08-21T00:50:38.979933+09:00
Rebate Balance,30.0,2.0,success,False,2026-08-23T13:45:59.921070+09:00
Rebate Base,,,failed,False,2026-08-21T00:44:23.943990+09:00
Rebate Bay,,,failed,False,2026-08-21T00:47:01.645682+09:00
Rebate Beacon,,,failed,False,2026-08-21T00:51:35.796791+09:00
Rebate Bill,70.0,0.0,success,False,2026-08-21T00:49:59.942955+09:00
Rebate Board,40.0,0.0,success,False,2026-08-21T00:44:36.517071+09:00
Rebate Booth,,,failed,False,2026-08-21T00:46:47.041557+09:00
Rebate Bridge,,,failed,False,2026-08-21T00:43:36.715710+09:00
Rebate Brief,,,failed,False,2026-08-21T01:01:20.027256+09:00
Rebate Bulletin,,,failed,False,2026-08-21T01:01:17.697392+09:00
Rebate Calculator,480.0,1.0,success,False,2026-08-27T23:31:33.268301+09:00
Rebate Calendar,10.0,0.0,success,False,2026-08-21T00:46:26.587388+09:00
Rebate Card,390.0,5.0,success,False,2026-08-21T00:48:24.716353+09:00
Rebate Cascade,,,failed,False,2026-08-21T00:43:34.117910+09:00
Rebate Cash,2900.0,6.0,success,False,2026-08-21T02:24:23.153426+09:00
Rebate Cashback,210.0,14.0,success,False,2026-08-27T21:17:23.968001+09:00
Rebate Category,,,failed,False,2026-08-23T13:09:46.403136+09:00
Rebate Center,390.0,0.0,success,False,2026-08-21T00:45:03.734783+09:00
Rebate Chain,,,failed,False,2026-08-21T00:45:33.278488+09:00
Rebate Charge,70.0,0.0,success,False,2026-08-21T02:41:18.531749+09:00
Rebate Chart,10.0,0.0,success,False,2026-08-21T00:47:36.977895+09:00
Rebate Check,8100.0,2.0,success,False,2026-08-21T00:48:30.052376+09:00
Rebate Checker,8100.0,2.0,success,False,2026-08-27T23:51:48.203996+09:00
Rebate Code,70.0,0.0,success,False,2026-08-21T00:50:07.130228+09:00
Rebate Companion,,,failed,False,2026-08-21T00:46:03.316699+09:00
Rebate Comparison,140.0,2.0,success,False,2026-08-28T01:03:55.063070+09:00
Rebate Compass,,,failed,False,2026-08-21T00:51:33.449317+09:00
Rebate Confirmation,,,failed,False,2026-08-21T01:01:35.076961+09:00
Rebate Console,,,failed,False,2026-08-21T00:45:13.293562+09:00
Rebate Contribution,,,failed,False,2026-08-23T16:14:05.017306+09:00
Rebate Core,,,failed,False,2026-08-21T00:44:30.138587+09:00
Rebate Cost,30.0,1.0,success,False,2026-08-21T02:07:11.746620+09:00
Rebate Count,,,failed,False,2026-08-27T22:50:57.800091+09:00
Rebate Counter,,,failed,False,2026-08-21T00:46:42.116087+09:00
Rebate Coupon,260.0,7.0,success,False,2026-08-27T21:17:21.350185+09:00
Rebate Deal,50.0,6.0,success,False,2026-08-21T01:59:47.241476+09:00
Rebate Debt,,,failed,False,2026-08-21T02:24:12.217966+09:00
Rebate Deck,,,failed,False,2026-08-21T00:44:42.710868+09:00
Rebate Desk,,,failed,False,2026-08-21T00:51:16.185060+09:00
Rebate Detail,50.0,0.0,success,False,2026-08-23T03:22:45.099275+09:00
Rebate Detector,,,failed,False,2026-08-27T23:51:51.958622+09:00
Rebate Directory,0.0,,success,False,2026-08-21T00:46:29.176332+09:00
Rebate Discount,720.0,3.0,success,False,2026-08-23T16:14:01.846183+09:00
Rebate Dossier,,,failed,False,2026-08-21T01:01:39.197827+09:00
Rebate Downpayment,,,failed,False,2026-08-27T21:48:38.041939+09:00
Rebate Draft,,,failed,False,2026-08-21T00:49:27.660795+09:00
Rebate Due,,,failed,False,2026-08-23T15:51:22.397294+09:00
Rebate Duty,,,failed,False,2026-08-21T02:41:21.123178+09:00
Rebate Endowment,,,failed,False,2026-08-23T15:51:22.397294+09:00
Rebate Engine,10.0,0.0,success,False,2026-08-21T00:45:50.178398+09:00
Rebate Entry,20.0,0.0,success,False,2026-08-21T01:01:56.777468+09:00
Rebate Estimate,10.0,3.0,success,False,2026-08-21T00:49:52.271441+09:00
Rebate Estimator,10.0,3.0,success,False,2026-08-27T23:51:43.048579+09:00
Rebate Excerpt,,,failed,False,2026-08-21T01:01:49.387114+09:00
Rebate Extension,,,failed,False,2026-08-23T16:39:00.201041+09:00
Rebate Fare,,,failed,False,2026-08-21T02:07:20.173569+09:00
Rebate Fee,720.0,0.0,success,False,2026-08-21T01:59:29.977509+09:00
Rebate Feed,,,failed,False,2026-08-21T00:49:24.098446+09:00
Rebate Field,,,failed,False,2026-08-23T13:09:55.014275+09:00
Rebate File,,,failed,False,2026-08-21T00:49:07.202034+09:00
Rebate Flow,,,failed,False,2026-08-21T00:51:07.998109+09:00
Rebate Forge,,,failed,False,2026-08-21T00:51:40.152987+09:00
Rebate Form,480.0,0.0,success,False,2026-08-21T00:48:18.650216+09:00
Rebate Format,,,failed,False,2026-08-23T13:09:58.883939+09:00
Rebate Frame,140.0,36.0,success,False,2026-08-21T00:44:21.197874+09:00
Rebate Fund,50.0,6.0,success,False,2026-08-21T02:24:14.838617+09:00
Rebate Gate,,,failed,False,2026-08-21T00:45:39.218297+09:00
Rebate Generator,,,failed,False,2026-08-27T23:31:37.799226+09:00
Rebate Giveaway,10.0,,success,False,2026-08-27T21:17:31.626510+09:00
Rebate Graph,,,failed,False,2026-08-27T22:12:46.306034+09:00
Rebate Grid,,,failed,False,2026-08-21T00:43:59.576313+09:00
Rebate Guarantee,,,failed,False,2026-08-28T01:04:04.391433+09:00
Rebate Guardian,,,failed,False,2026-08-28T00:22:26.191039+09:00
Rebate Helpdesk,,,failed,False,2026-08-27T22:50:57.800091+09:00
Rebate Helper,,,failed,False,2026-08-28T00:22:28.798439+09:00
Rebate History,20.0,0.0,success,False,2026-08-21T00:49:04.500727+09:00
Rebate Hub,320.0,2.0,success,False,2026-08-21T00:51:13.532405+09:00
Rebate Identifier,,,failed,False,2026-08-23T13:09:44.174186+09:00
Rebate Inbox,,,failed,False,2026-08-21T00:47:32.281403+09:00
Rebate Incentive,320.0,7.0,success,False,2026-08-27T21:17:29.346524+09:00
Rebate Index,10.0,,success,False,2026-08-21T00:49:47.730802+09:00
Rebate Installment,,,failed,False,2026-08-23T16:14:01.846183+09:00
Rebate Interest,480.0,0.0,success,False,2026-08-23T13:46:02.473862+09:00
Rebate Item,20.0,0.0,success,False,2026-08-21T01:59:37.170622+09:00
Rebate Journal,,,failed,False,2026-08-21T00:46:19.116405+09:00
Rebate Keeper,,,failed,False,2026-08-21T00:45:47.976857+09:00
Rebate Kit,480.0,85.0,success,False,2026-08-27T22:50:55.041515+09:00
Rebate Lab,,,failed,False,2026-08-21T00:44:52.376787+09:00
Rebate Label,,,failed,False,2026-08-27T22:12:46.306034+09:00
Rebate Ledger,,,failed,False,2026-08-21T00:44:32.272154+09:00
Rebate Level,10.0,1.0,success,False,2026-08-21T00:49:12.731444+09:00
Rebate Line,,,failed,False,2026-08-21T00:47:57.951273+09:00
Rebate Link,10.0,3.0,success,False,2026-08-23T03:22:39.014022+09:00
Rebate List,30.0,0.0,success,False,2026-08-21T00:50:09.781883+09:00
Rebate Loan,110.0,10.0,success,False,2026-08-21T02:07:34.217644+09:00
Rebate Lobby,,,failed,False,2026-08-21T00:47:49.290523+09:00
Rebate Locator,10.0,5.0,success,False,2026-08-21T00:46:31.440534+09:00
Rebate Locker,,,failed,False,2026-08-21T00:46:44.759034+09:00
Rebate Log,,,failed,False,2026-08-21T00:48:15.897610+09:00
Rebate Loop,,,failed,False,2026-08-21T00:43:57.229807+09:00
Rebate Manager,20.0,10.0,success,False,2026-08-21T00:45:50.178398+09:00
Rebate Manual,,,failed,False,2026-08-27T22:12:52.289733+09:00
Rebate Map,,,failed,False,2026-08-21T00:44:18.522946+09:00
Rebate Marker,,,failed,False,2026-08-23T13:26:30.213560+09:00
Rebate Memo,,,failed,False,2026-08-21T00:50:50.084554+09:00
Rebate Message,,,failed,False,2026-08-27T23:16:37.182537+09:00
Rebate Monitor,70.0,1.0,success,False,2026-08-21T00:45:59.951643+09:00
Rebate Nexus,,,failed,False,2026-08-21T00:45:41.384268+09:00
Rebate Note,20.0,0.0,success,False,2026-08-21T00:48:40.223162+09:00
Rebate Notification,10.0,0.0,success,False,2026-08-27T22:50:47.949618+09:00
Rebate Number,40.0,0.0,success,False,2026-08-23T03:22:30.618913+09:00
Rebate Office,,,failed,False,2026-08-21T00:46:37.254114+09:00
Rebate Ops,,,failed,False,2026-08-21T00:46:12.825751+09:00
Rebate Order,,,failed,False,2026-08-21T00:49:56.955669+09:00
Rebate Outline,,,failed,False,2026-08-27T22:29:16.006701+09:00
Rebate Outpost,,,failed,False,2026-08-21T00:47:07.675748+09:00
Rebate Overage,,,failed,False,2026-08-27T21:48:35.689301+09:00
Rebate Overdue,,,failed,False,2026-08-27T21:48:30.689545+09:00
Rebate Panel,10.0,0.0,success,False,2026-08-21T00:45:16.204972+09:00
Rebate Pass,,,failed,False,2026-08-21T00:50:29.679005+09:00
Rebate Passport,,,failed,False,2026-08-21T00:47:46.608049+09:00
Rebate Path,,,failed,False,2026-08-21T00:44:10.518978+09:00
Rebate Payoff,,,failed,False,2026-08-27T21:48:33.250783+09:00
Rebate Petition,,,failed,False,2026-08-21T01:01:30.993537+09:00
Rebate Plan,30.0,0.0,success,False,2026-08-21T01:59:42.509744+09:00
Rebate Planner,20.0,29.0,success,False,2026-08-21T00:45:54.993375+09:00
Rebate Playbook,,,failed,False,2026-08-21T00:46:15.039620+09:00
Rebate Plaza,,,failed,False,2026-08-21T00:47:10.612469+09:00
Rebate Point,,,failed,False,2026-08-21T00:44:13.071089+09:00
Rebate Portal,50.0,4.0,success,False,2026-08-21T00:45:08.644829+09:00
Rebate Post,,,failed,False,2026-08-21T00:47:05.432306+09:00
Rebate Preview,,,failed,False,2026-08-28T01:04:00.519509+09:00
Rebate Profile,30.0,1.0,success,False,2026-08-21T00:48:51.829218+09:00
Rebate Profit,,,failed,False,2026-08-23T02:56:29.364559+09:00
Rebate Proposal,10.0,0.0,success,False,2026-08-28T01:04:00.519509+09:00
Rebate Quota,,,failed,False,2026-08-21T00:50:54.055448+09:00
Rebate Radar,,,failed,False,2026-08-21T00:51:18.988117+09:00
Rebate Rail,,,failed,False,2026-08-21T00:45:26.531767+09:00
Rebate Rate,210.0,0.0,success,False,2026-08-21T00:49:15.446712+09:00
Rebate Receipt,110.0,0.0,success,False,2026-08-21T00:50:02.185546+09:00
Rebate Recorder,,,failed,False,2026-08-27T23:31:41.970749+09:00
Rebate Redemption,90.0,7.0,success,False,2026-08-23T16:39:00.201041+09:00
Rebate Register,6600.0,10.0,success,False,2026-08-21T00:46:06.764298+09:00
Rebate Relay,,,failed,False,2026-08-21T00:51:25.324564+09:00
Rebate Reminder,10.0,,success,False,2026-08-21T00:49:41.369493+09:00
Rebate Report,20.0,0.0,success,False,2026-08-21T00:48:09.704229+09:00
Rebate Repository,,,failed,False,2026-08-27T23:16:45.468022+09:00
Rebate Ring,,,failed,False,2026-08-21T00:45:35.455027+09:00
Rebate Roll,,,failed,False,2026-08-21T00:48:07.260312+09:00
Rebate Roster,,,failed,False,2026-08-21T00:47:29.450326+09:00
Rebate Route,,,failed,False,2026-08-21T00:45:22.913101+09:00
Rebate Rule,30.0,0.0,success,False,2026-08-23T03:22:42.501986+09:00
Rebate Sale,320.0,1.0,success,False,2026-08-21T02:24:27.084847+09:00
Rebate Sample,,,failed,False,2026-08-21T00:50:21.320378+09:00
Rebate Scale,10.0,3.0,success,False,2026-08-21T00:45:19.199440+09:00
Rebate Scope,,,failed,False,2026-08-21T00:43:49.917491+09:00
Rebate Score,,,failed,False,2026-08-21T00:48:36.635325+09:00
Rebate Serial,,,failed,False,2026-08-23T13:26:22.288872+09:00
Rebate Sheet,,,failed,False,2026-08-21T00:48:26.954363+09:00
Rebate Shelf,,,failed,False,2026-08-21T00:47:23.165444+09:00
Rebate Shortfall,,,failed,False,2026-08-27T21:48:40.249889+09:00
Rebate Signal,,,failed,False,2026-08-21T00:43:39.738116+09:00
Rebate Signature,,,failed,False,2026-08-23T13:26:27.447056+09:00
Rebate Slip,10.0,0.0,success,False,2026-08-21T00:50:17.936305+09:00
Rebate Slot,480.0,1.0,success,False,2026-08-21T00:50:26.220127+09:00
Rebate Stage,,,failed,False,2026-08-28T00:46:33.624903+09:00
Rebate Stake,,,failed,False,2026-08-23T02:56:35.195472+09:00
Rebate Stamp,,,failed,False,2026-08-23T13:26:32.402839+09:00
Rebate Statement,10.0,0.0,success,False,2026-08-21T00:50:45.127530+09:00
Rebate Station,,,failed,False,2026-08-21T00:44:54.956989+09:00
Rebate Status,260.0,0.0,success,False,2026-08-21T00:48:54.666046+09:00
Rebate Stub,,,failed,False,2026-08-21T00:50:41.630976+09:00
Rebate Studio,30.0,0.0,success,False,2026-08-21T00:44:45.180563+09:00
Rebate Sum,,,failed,False,2026-08-21T02:24:08.080909+09:00
Rebate Summary,,,failed,False,2026-08-21T00:49:35.190382+09:00
Rebate Surtax,,,failed,False,2026-08-23T15:51:24.556081+09:00
Rebate Tab,,,failed,False,2026-08-21T00:51:01.092563+09:00
Rebate Table,20.0,0.0,success,False,2026-08-21T00:50:15.253919+09:00
Rebate Tag,10.0,0.0,success,False,2026-08-21T00:48:44.199856+09:00
Rebate Tariff,70.0,0.0,success,False,2026-08-21T02:41:32.223715+09:00
Rebate Tax,40500.0,9.0,success,False,2026-08-21T02:07:24.034599+09:00
Rebate Terminal,,,failed,False,2026-08-21T00:44:58.799520+09:00
Rebate Ticker,,,failed,False,2026-08-21T00:47:54.639607+09:00
Rebate Ticket,90.0,5.0,success,False,2026-08-21T00:49:49.714688+09:00
Rebate Tier,170.0,2.0,success,False,2026-08-28T00:46:39.262631+09:00
Rebate Timeline,10.0,29.0,success,False,2026-08-21T00:49:37.584742+09:00
Rebate Timer,,,failed,False,2026-08-28T00:22:21.008845+09:00
Rebate Token,10.0,0.0,success,False,2026-08-23T13:26:25.215433+09:00
Rebate Toll,110.0,0.0,success,False,2026-08-21T02:41:24.321159+09:00
Rebate Toolbox,,,failed,False,2026-08-28T00:22:28.798439+09:00
Rebate Total,,,failed,False,2026-08-27T23:16:37.182537+09:00
Rebate Tower,,,failed,False,2026-08-21T00:47:19.116810+09:00
Rebate Tracker,480.0,14.0,success,False,2026-08-21T00:51:04.799989+09:00
Rebate Trail,,,failed,False,2026-08-21T00:45:30.035458+09:00
Rebate Trend,,,failed,False,2026-08-28T01:03:55.063070+09:00
Rebate Trial,,,failed,False,2026-08-27T21:17:26.157906+09:00
Rebate Unit,,,failed,False,2026-08-21T01:59:39.898712+09:00
Rebate Update,20.0,0.0,success,False,2026-08-21T00:49:20.798290+09:00
Rebate Value,30.0,0.0,success,False,2026-08-23T02:56:32.879910+09:00
Rebate Vault,10.0,0.0,success,False,2026-08-21T00:51:27.534494+09:00
Rebate Version,,,failed,False,2026-08-23T03:22:34.004366+09:00
Rebate View,,,failed,False,2026-08-21T00:49:01.997073+09:00
Rebate Voucher,260.0,0.0,success,False,2026-08-21T00:50:33.252784+09:00
Rebate Wallet,70.0,0.0,success,False,2026-08-27T22:50:55.041515+09:00
Rebate Watch,,,failed,False,2026-08-21T00:43:46.604021+09:00
Rebate Wave,,,failed,False,2026-08-21T00:44:03.384423+09:00
Rebate Widget,,,failed,False,2026-08-27T23:16:37.182537+09:00
Rebate Window,880.0,41.0,success,False,2026-08-21T00:48:04.911148+09:00
Rebate Worksheet,,,failed,False,2026-08-27T22:12:55.481525+09:00
Rebate Yard,,,failed,False,2026-08-21T00:46:54.280562+09:00
Rebate Zone,10.0,0.0,success,False,2026-08-21T00:45:06.062419+09:00
Recall Advance,,,failed,False,2026-08-23T16:12:37.758659+09:00
Recall Advisory,,,failed,False,2026-08-21T01:05:32.279989+09:00
Recall Alert,880.0,3.0,success,False,2026-08-19T12:25:02.021725+09:00
Recall Allowance,,,failed,False,2026-08-21T02:38:35.767249+09:00
Recall Almanac,,,failed,False,2026-08-18T22:02:38.118746+09:00
Recall Analyzer,,,failed,False,2026-08-27T23:54:07.466946+09:00
Recall Anchor,,,failed,False,2026-08-17T21:35:30.145341+09:00
Recall Announcement,30.0,0.0,success,False,2026-08-27T23:33:29.170312+09:00
Recall Arrears,,,failed,False,2026-08-23T16:12:35.033809+09:00
Recall Assistant,,,failed,False,2026-08-17T23:12:14.829118+09:00
Recall Atlas,70.0,4.0,success,False,2026-08-17T20:43:12.470155+09:00
Recall Attribute,,,failed,False,2026-08-23T13:04:57.008398+09:00
Recall Base,20.0,0.0,success,False,2026-08-17T20:40:21.350341+09:00
Recall Beacon,10.0,0.0,success,False,2026-08-17T21:41:07.674308+09:00
Recall Bill,30.0,0.0,success,False,2026-08-19T21:47:40.553023+09:00
Recall Blueprint,,,failed,False,2026-08-18T21:11:26.018001+09:00
Recall Board,20.0,1.0,success,False,2026-08-17T20:37:44.009684+09:00
Recall Book,260.0,3.0,success,False,2026-08-19T21:48:48.534569+09:00
Recall Bridge,,,failed,False,2026-08-17T21:36:32.684484+09:00
Recall Brief,10.0,0.0,success,False,2026-08-21T01:05:25.449789+09:00
Recall Bulletin,20.0,17.0,success,False,2026-08-21T01:05:22.302548+09:00
Recall Cabinet,,,failed,False,2026-08-27T23:11:19.629691+09:00
Recall Calendar,20.0,0.0,success,False,2026-08-18T23:57:00.632523+09:00
Recall Card,320.0,11.0,success,False,2026-08-19T13:23:16.958274+09:00
Recall Cascade,,,failed,False,2026-08-17T21:37:39.097196+09:00
Recall Cash,,,failed,False,2026-08-21T02:21:38.988991+09:00
Recall Cashback,,,failed,False,2026-08-27T21:15:22.797193+09:00
Recall Catalog,,,failed,False,2026-08-19T21:07:33.171957+09:00
Recall Category,,,failed,False,2026-08-23T13:04:50.850524+09:00
Recall Center,90.0,15.0,success,False,2026-08-17T20:31:41.996994+09:00
Recall Chain,,,failed,False,2026-08-17T20:48:18.389398+09:00
Recall Charge,10.0,0.0,success,False,2026-08-21T02:38:25.978724+09:00
Recall Check,27100.0,22.0,success,False,2026-08-19T13:23:44.398972+09:00
Recall Checker,27100.0,22.0,success,False,2026-08-27T23:53:59.228828+09:00
Recall Checklist,20.0,12.0,success,False,2026-08-19T21:06:41.039569+09:00
Recall Circular,,,failed,False,2026-08-21T01:05:29.532542+09:00
Recall Cockpit,,,failed,False,2026-08-17T23:08:49.702335+09:00
Recall Code,170.0,1.0,success,False,2026-08-19T21:48:07.459723+09:00
Recall Codex,,,failed,False,2026-08-18T22:02:59.013018+09:00
Recall Companion,,,failed,False,2026-08-17T23:10:20.263689+09:00
Recall Comparison,,,failed,False,2026-08-28T01:05:06.027579+09:00
Recall Compass,50.0,3.0,success,False,2026-08-18T07:52:13.300527+09:00
Recall Compendium,,,failed,False,2026-08-18T22:02:48.638128+09:00
Recall Confirmation,,,failed,False,2026-08-21T01:07:59.313235+09:00
Recall Console,,,failed,False,2026-08-17T21:39:40.995935+09:00
Recall Core,,,failed,False,2026-08-17T20:39:28.862436+09:00
Recall Cost,70.0,0.0,success,False,2026-08-21T02:06:40.735071+09:00
Recall Count,10.0,0.0,success,False,2026-08-27T22:45:37.997038+09:00
Recall Counter,,,failed,False,2026-08-18T23:58:01.279851+09:00
Recall Coupon,10.0,0.0,success,False,2026-08-27T21:15:18.698295+09:00
Recall Dashboard,20.0,2.0,success,False,2026-08-17T23:15:27.187478+09:00
Recall Deal,,,failed,False,2026-08-21T01:50:23.005803+09:00
Recall Debt,10.0,9.0,success,False,2026-08-21T02:21:27.143708+09:00
Recall Deck,,,failed,False,2026-08-17T20:36:47.157974+09:00
Recall Depot,,,failed,False,2026-08-18T23:57:42.935137+09:00
Recall Desk,,,failed,False,2026-08-17T20:34:22.385109+09:00
Recall Detail,,,failed,False,2026-08-23T03:14:39.191196+09:00
Recall Detector,,,failed,False,2026-08-27T23:54:04.696724+09:00
Recall Dial,,,failed,False,2026-08-17T21:37:02.739524+09:00
Recall Digest,,,failed,False,2026-08-19T20:43:01.232728+09:00
Recall Directory,10.0,0.0,success,False,2026-08-18T23:57:13.406878+09:00
Recall Dock,,,failed,False,2026-08-17T21:32:57.336519+09:00
Recall Dossier,,,failed,False,2026-08-21T01:05:53.776527+09:00
Recall Draft,,,failed,False,2026-08-19T20:43:19.095275+09:00
Recall Due,,,failed,False,2026-08-23T15:50:57.538266+09:00
Recall Duty,,,failed,False,2026-08-21T02:38:28.246618+09:00
Recall Endowment,,,failed,False,2026-08-23T15:51:03.649898+09:00
Recall Engine,320.0,2.0,success,False,2026-08-17T23:05:14.518937+09:00
Recall Entry,,,failed,False,2026-08-21T01:06:09.386639+09:00
Recall Estimate,,,failed,False,2026-08-19T21:07:23.410704+09:00
Recall Estimator,,,failed,False,2026-08-27T23:53:51.631383+09:00
Recall Excerpt,,,failed,False,2026-08-21T01:06:05.335895+09:00
Recall Extension,260.0,10.0,success,False,2026-08-23T16:38:09.315163+09:00
Recall Fare,,,failed,False,2026-08-21T02:06:52.442398+09:00
Recall Fee,20.0,0.0,success,False,2026-08-21T01:57:13.280090+09:00
Recall Feed,,,failed,False,2026-08-19T20:43:13.193243+09:00
Recall Field,,,failed,False,2026-08-23T13:05:00.300804+09:00
Recall File,20.0,0.0,success,False,2026-08-19T20:42:29.664942+09:00
Recall Finder,5400.0,25.0,success,False,2026-08-18T23:57:35.193051+09:00
Recall Fine,,,failed,False,2026-08-23T02:54:03.941195+09:00
Recall Flag,10.0,11.0,success,False,2026-08-21T00:32:20.380964+09:00
Recall Flow,,,failed,False,2026-08-17T20:37:14.189830+09:00
Recall Forge,,,failed,False,2026-08-17T21:39:02.253193+09:00
Recall Form,90.0,1.0,success,False,2026-08-19T13:23:03.025983+09:00
Recall Format,,,failed,False,2026-08-23T13:05:04.506045+09:00
Recall Frame,,,failed,False,2026-08-17T20:41:07.425187+09:00
Recall Fund,,,failed,False,2026-08-21T02:21:30.317993+09:00
Recall Gate,,,failed,False,2026-08-17T20:44:58.380838+09:00
Recall Giveaway,,,failed,False,2026-08-27T21:15:25.200797+09:00
Recall Grade,,,failed,False,2026-08-21T00:32:00.759395+09:00
Recall Graph,50.0,1.0,success,False,2026-08-27T22:09:32.047106+09:00
Recall Grid,20.0,0.0,success,False,2026-08-17T21:30:02.792774+09:00
Recall Guarantee,,,failed,False,2026-08-28T01:05:11.238913+09:00
Recall Guard,,,failed,False,2026-08-17T20:39:57.613991+09:00
Recall Guardian,,,failed,False,2026-08-28T00:24:01.160084+09:00
Recall Guidebook,,,failed,False,2026-08-18T22:09:03.479922+09:00
Recall Helpdesk,,,failed,False,2026-08-27T22:45:40.412271+09:00
Recall Helper,,,failed,False,2026-08-28T00:24:07.652921+09:00
Recall History,590.0,9.0,success,False,2026-08-19T20:42:25.910879+09:00
Recall Hotline,10.0,25.0,success,False,2026-08-19T21:07:42.156894+09:00
Recall Hub,,,failed,False,2026-08-17T20:36:13.174234+09:00
Recall Identifier,,,failed,False,2026-08-23T13:04:48.308189+09:00
Recall Incentive,,,failed,False,2026-08-27T21:15:25.200797+09:00
Recall Index,10.0,0.0,success,False,2026-08-19T21:06:49.674751+09:00
Recall Insight,,,failed,False,2026-08-17T23:05:47.972316+09:00
Recall Item,880.0,1.0,success,False,2026-08-21T01:49:57.762710+09:00
Recall Journal,590.0,1.0,success,False,2026-08-18T22:08:45.047635+09:00
Recall Keeper,,,failed,False,2026-08-17T20:41:30.101842+09:00
Recall Lab,10.0,0.0,success,False,2026-08-17T20:34:46.285590+09:00
Recall Label,20.0,4.0,success,False,2026-08-27T22:09:38.149454+09:00
Recall Ledger,40.0,0.0,success,False,2026-08-17T20:38:35.163236+09:00
Recall Lens,,,failed,False,2026-08-17T20:41:57.166662+09:00
Recall Level,40.0,0.0,success,False,2026-08-19T20:42:37.692999+09:00
Recall Link,20.0,4.0,success,False,2026-08-23T03:17:46.671515+09:00
Recall List,1600.0,3.0,success,False,2026-08-19T21:48:19.671606+09:00
Recall Loan,90.0,1.0,success,False,2026-08-21T02:07:02.181648+09:00
Recall Locator,20.0,26.0,success,False,2026-08-18T23:57:22.753165+09:00
Recall Lock,,,failed,False,2026-08-17T20:43:38.857738+09:00
Recall Log,10.0,2.0,success,False,2026-08-19T13:22:52.997590+09:00
Recall Loop,20.0,0.0,success,False,2026-08-17T21:31:08.679950+09:00
Recall Manager,10.0,11.0,success,False,2026-08-17T20:40:45.689604+09:00
Recall Manual,20.0,0.0,success,False,2026-08-27T22:06:37.910338+09:00
Recall Map,20.0,0.0,success,False,2026-08-17T20:42:46.441273+09:00
Recall Margin,10.0,,success,False,2026-08-23T02:53:58.718739+09:00
Recall Marker,,,failed,False,2026-08-23T13:26:40.982312+09:00
Recall Memo,10.0,0.0,success,False,2026-08-21T00:32:08.971513+09:00
Recall Message,4400.0,0.0,success,True,2026-08-27T23:11:14.046678+09:00
Recall Meter,,,failed,False,2026-08-17T21:36:05.315924+09:00
Recall Metrics,1300.0,1.0,success,False,2026-08-17T23:08:38.142070+09:00
Recall Monitor,30.0,1.0,success,False,2026-08-17T23:13:53.612284+09:00
Recall Navigator,,,failed,False,2026-08-17T23:07:36.976637+09:00
Recall Nexus,,,failed,False,2026-08-17T20:44:07.827451+09:00
Recall Node,,,failed,False,2026-08-17T20:45:54.147634+09:00
Recall Note,170.0,7.0,success,False,2026-08-19T13:24:17.578330+09:00
Recall Notification,90.0,3.0,success,False,2026-08-27T22:45:28.853044+09:00
Recall Number,260.0,2.0,success,False,2026-08-23T03:17:39.480043+09:00
Recall Office,30.0,0.0,success,False,2026-08-18T23:57:53.791592+09:00
Recall Ops,,,failed,False,2026-08-17T23:04:40.930662+09:00
Recall Order,140.0,0.0,success,False,2026-08-19T21:47:26.468483+09:00
Recall Organizer,,,failed,False,2026-08-17T23:07:02.817989+09:00
Recall Overdraft,,,failed,False,2026-08-23T15:50:59.628265+09:00
Recall Overdue,,,failed,False,2026-08-27T21:46:42.401025+09:00
Recall Panel,,,failed,False,2026-08-17T21:38:13.718334+09:00
Recall Path,,,failed,False,2026-08-17T20:45:30.439940+09:00
Recall Penalty,,,failed,False,2026-08-23T16:38:03.608262+09:00
Recall Petition,1300.0,0.0,success,True,2026-08-21T01:05:43.113119+09:00
Recall Pilot,,,failed,False,2026-08-17T20:35:16.626138+09:00
Recall Plan,170.0,4.0,success,False,2026-08-21T01:50:16.047866+09:00
Recall Planner,,,failed,False,2026-08-17T23:04:03.069082+09:00
Recall Playbook,10.0,,success,False,2026-08-18T22:08:36.440640+09:00
Recall Point,10.0,0.0,success,False,2026-08-17T20:44:25.446111+09:00
Recall Portal,20.0,5.0,success,False,2026-08-17T21:41:42.015478+09:00
Recall Preview,110.0,0.0,success,False,2026-08-28T01:05:06.027579+09:00
Recall Profile,,,failed,False,2026-08-19T13:24:49.306222+09:00
Recall Profit,,,failed,False,2026-08-23T02:53:49.996059+09:00
Recall Proposal,,,failed,False,2026-08-28T01:05:08.626878+09:00
Recall Pulse,40.0,4.0,success,False,2026-08-17T20:47:39.394205+09:00
Recall Queue,,,failed,False,2026-08-19T21:07:13.159437+09:00
Recall Quota,,,failed,False,2026-08-21T00:32:13.850788+09:00
Recall Radar,30.0,1.0,success,False,2026-08-17T20:33:27.108642+09:00
Recall Rail,,,failed,False,2026-08-17T21:31:44.399230+09:00
Recall Rate,590.0,0.0,success,False,2026-08-19T20:42:43.732696+09:00
Recall Recap,,,failed,False,2026-08-21T01:06:02.674001+09:00
Recall Receipt,,,failed,False,2026-08-19T21:47:52.868004+09:00
Recall Recorder,10.0,6.0,success,False,2026-08-27T23:33:37.262266+09:00
Recall Register,90.0,6.0,success,False,2026-08-17T23:10:28.342550+09:00
Recall Registry,90.0,6.0,success,False,2026-08-18T22:09:11.269372+09:00
Recall Relay,,,failed,False,2026-08-17T20:32:14.147491+09:00
Recall Reminder,20.0,4.0,success,False,2026-08-19T21:06:31.890613+09:00
Recall Report,390.0,14.0,success,False,2026-08-19T13:22:01.413587+09:00
Recall Repository,,,failed,False,2026-08-27T23:11:21.967752+09:00
Recall Result,10.0,0.0,success,False,2026-08-28T00:47:16.982525+09:00
Recall Roadmap,,,failed,False,2026-08-18T22:03:09.558659+09:00
Recall Route,,,failed,False,2026-08-17T21:33:56.834131+09:00
Recall Rule,,,failed,False,2026-08-23T03:17:50.653872+09:00
Recall Sale,10.0,0.0,success,False,2026-08-21T02:21:41.084768+09:00
Recall Sample,,,failed,False,2026-08-19T21:49:14.059786+09:00
Recall Scale,,,failed,False,2026-08-17T21:34:57.125142+09:00
Recall Scanner,40.0,2.0,success,False,2026-08-27T23:54:02.041371+09:00
Recall Scheduler,,,failed,False,2026-08-17T23:06:54.696813+09:00
Recall Scope,30.0,0.0,success,False,2026-08-17T21:32:20.148818+09:00
Recall Score,480.0,0.0,success,False,2026-08-19T13:24:07.507599+09:00
Recall Sentry,,,failed,False,2026-08-17T20:42:16.988485+09:00
Recall Sheet,170.0,10.0,success,False,2026-08-19T13:23:25.617100+09:00
Recall Signal,10.0,0.0,success,False,2026-08-17T21:34:28.165323+09:00
Recall Signature,10.0,0.0,success,False,2026-08-23T13:26:40.982312+09:00
Recall Slip,,,failed,False,2026-08-19T21:49:03.135784+09:00
Recall Slot,,,failed,False,2026-08-19T21:49:23.695269+09:00
Recall Snapshot,10.0,0.0,success,False,2026-08-18T22:08:54.791738+09:00
Recall Stage,,,failed,False,2026-08-28T00:47:16.982525+09:00
Recall Stake,,,failed,False,2026-08-23T02:53:54.584586+09:00
Recall Stamp,30.0,20.0,success,False,2026-08-23T13:26:43.446955+09:00
Recall Statement,20.0,0.0,success,False,2026-08-21T00:31:47.591094+09:00
Recall Station,10.0,0.0,success,False,2026-08-17T20:33:56.397010+09:00
Recall Status,260.0,9.0,success,False,2026-08-19T20:42:12.538195+09:00
Recall Stub,,,failed,False,2026-08-21T00:31:41.208752+09:00
Recall Studio,40.0,2.0,success,False,2026-08-17T20:35:47.352548+09:00
Recall Subsidy,,,failed,False,2026-08-23T15:51:01.656182+09:00
Recall Suite,,,failed,False,2026-08-17T23:05:03.232524+09:00
Recall Sum,,,failed,False,2026-08-21T02:21:23.135425+09:00
Recall Summary,50.0,3.0,success,False,2026-08-19T21:06:08.303688+09:00
Recall Surtax,,,failed,False,2026-08-23T15:51:05.565275+09:00
Recall Sync,,,failed,False,2026-08-17T20:38:08.924079+09:00
Recall Tab,320.0,0.0,success,False,2026-08-21T00:32:26.715092+09:00
Recall Table,10.0,0.0,success,False,2026-08-19T21:48:34.329578+09:00
Recall Tag,,,failed,False,2026-08-19T13:24:29.465553+09:00
Recall Tally,10.0,,success,False,2026-08-21T00:31:54.895534+09:00
Recall Tariff,,,failed,False,2026-08-21T02:38:37.938007+09:00
Recall Tax,,,failed,False,2026-08-21T02:06:57.377866+09:00
Recall Ticket,10.0,0.0,success,False,2026-08-19T21:07:02.698289+09:00
Recall Timeline,10.0,0.0,success,False,2026-08-19T21:06:20.590100+09:00
Recall Timer,,,failed,False,2026-08-28T00:23:58.859062+09:00
Recall Toll,,,failed,False,2026-08-21T02:38:33.089549+09:00
Recall Toolbox,10.0,0.0,success,False,2026-08-28T00:24:03.733784+09:00
Recall Toolkit,,,failed,False,2026-08-18T22:08:30.649181+09:00
Recall Total,246000.0,1.0,success,False,2026-08-27T23:11:17.164347+09:00
Recall Tracker,210.0,9.0,success,False,2026-08-17T20:39:05.666395+09:00
Recall Trail,,,failed,False,2026-08-17T21:30:37.005083+09:00
Recall Trend,,,failed,False,2026-08-28T01:05:03.424573+09:00
Recall Trial,,,failed,False,2026-08-27T21:15:22.797193+09:00
Recall Unit,10.0,0.0,success,False,2026-08-21T01:50:44.435250+09:00
Recall Update,50.0,3.0,success,False,2026-08-19T20:42:55.526386+09:00
Recall Value,140.0,0.0,success,False,2026-08-23T02:53:52.134740+09:00
Recall Vault,,,failed,False,2026-08-18T07:52:01.229242+09:00
Recall Version,,,failed,False,2026-08-23T03:17:44.508741+09:00
Recall View,,,failed,False,2026-08-19T20:42:17.170868+09:00
Recall Voucher,,,failed,False,2026-08-21T00:31:26.827984+09:00
Recall Wallet,,,failed,False,2026-08-27T22:45:37.997038+09:00
Recall Watch,20.0,1.0,success,False,2026-08-17T21:33:24.629057+09:00
Recall Wave,,,failed,False,2026-08-17T20:46:22.420312+09:00
Recall Widget,,,failed,False,2026-08-27T23:11:19.629691+09:00
Recall Workbench,,,failed,False,2026-08-18T22:08:21.500006+09:00
Recall Worksheet,,,failed,False,2026-08-27T22:06:42.047958+09:00
Recall Workshop,,,failed,False,2026-08-28T00:23:58.859062+09:00
Recall Zone,,,failed,False,2026-08-18T07:43:59.355214+09:00
Reception Advance,,,failed,False,2026-08-23T16:14:18.981651+09:00
Reception Advisory,,,failed,False,2026-08-21T01:02:29.218317+09:00
Reception Alert,,,failed,False,2026-08-19T13:38:13.390546+09:00
Reception Allowance,,,failed,False,2026-08-21T02:40:04.485559+09:00
Reception Analyzer,,,failed,False,2026-08-27T23:56:20.084184+09:00
Reception Announcement,20.0,100.0,success,False,2026-08-27T23:34:49.517197+09:00
Reception Arrears,,,failed,False,2026-08-23T16:14:15.763731+09:00
Reception Assistant,480.0,2.0,success,False,2026-08-19T13:32:02.705004+09:00
Reception Atlas,,,failed,False,2026-08-19T13:31:09.832283+09:00
Reception Attribute,,,failed,False,2026-08-23T13:07:00.691919+09:00
Reception Badge,20.0,85.0,success,False,2026-08-21T00:27:24.500136+09:00
Reception Balance,,,failed,False,2026-08-23T13:46:59.316345+09:00
Reception Bay,30.0,2.0,success,False,2026-08-19T13:35:44.896452+09:00
Reception Beacon,,,failed,False,2026-08-19T13:23:46.954730+09:00
Reception Bill,20.0,4.0,success,False,2026-08-19T21:49:09.518107+09:00
Reception Board,720.0,98.0,success,False,2026-08-19T13:27:53.720083+09:00
Reception Book,170.0,59.0,success,False,2026-08-19T21:50:06.175762+09:00
Reception Booth,90.0,100.0,success,False,2026-08-19T13:35:12.097075+09:00
Reception Bridge,,,failed,False,2026-08-19T13:24:45.773598+09:00
Reception Brief,,,failed,False,2026-08-21T01:00:44.838906+09:00
Reception Bulletin,,,failed,False,2026-08-21T01:00:42.748785+09:00
Reception Calculator,20.0,0.0,success,False,2026-08-27T23:34:49.517197+09:00
Reception Calendar,10.0,6.0,success,False,2026-08-19T13:33:40.733972+09:00
Reception Cascade,,,failed,False,2026-08-19T13:24:22.197081+09:00
Reception Cash,,,failed,False,2026-08-21T02:24:48.796566+09:00
Reception Cashback,,,failed,False,2026-08-27T21:16:21.669078+09:00
Reception Catalog,10.0,0.0,success,False,2026-08-19T21:06:47.923280+09:00
Reception Center,1900.0,4.0,success,False,2026-08-19T13:28:46.213071+09:00
Reception Chain,,,failed,False,2026-08-19T13:30:45.657035+09:00
Reception Charge,10.0,0.0,success,False,2026-08-21T02:39:54.831624+09:00
Reception Check,110.0,12.0,success,False,2026-08-19T13:41:55.083304+09:00
Reception Checker,110.0,12.0,success,False,2026-08-27T23:56:11.954519+09:00
Reception Checklist,880.0,97.0,success,False,2026-08-19T21:05:57.473217+09:00
Reception Circular,,,failed,False,2026-08-21T01:02:27.136036+09:00
Reception Code,50.0,1.0,success,False,2026-08-19T21:49:30.160580+09:00
Reception Companion,,,failed,False,2026-08-19T13:32:37.235735+09:00
Reception Comparison,,,failed,False,2026-08-28T01:06:00.663079+09:00
Reception Compass,,,failed,False,2026-08-19T13:23:28.561494+09:00
Reception Confirmation,20.0,0.0,success,False,2026-08-21T01:01:01.220689+09:00
Reception Console,70.0,100.0,success,False,2026-08-19T13:29:22.570342+09:00
Reception Core,,,failed,False,2026-08-19T13:27:27.071698+09:00
Reception Cost,320.0,13.0,success,False,2026-08-21T02:09:26.864571+09:00
Reception Count,,,failed,False,2026-08-27T22:48:37.138670+09:00
Reception Counter,8100.0,100.0,success,False,2026-08-19T13:34:20.014616+09:00
Reception Coupon,,,failed,False,2026-08-27T21:16:21.669078+09:00
Reception Deal,,,failed,False,2026-08-21T01:53:38.487807+09:00
Reception Debt,,,failed,False,2026-08-21T02:24:36.091430+09:00
Reception Desk,40500.0,100.0,success,False,2026-08-19T13:22:09.591180+09:00
Reception Detail,90.0,19.0,success,False,2026-08-23T03:19:01.069685+09:00
Reception Diagram,20.0,0.0,success,False,2026-08-27T22:11:05.293773+09:00
Reception Digest,,,failed,False,2026-08-19T20:38:12.818207+09:00
Reception Directory,10.0,,success,False,2026-08-19T13:33:46.951331+09:00
Reception Discount,,,failed,False,2026-08-23T16:14:08.408734+09:00
Reception Dossier,,,failed,False,2026-08-21T01:01:05.241118+09:00
Reception Downpayment,,,failed,False,2026-08-27T21:47:29.918815+09:00
Reception Draft,,,failed,False,2026-08-19T20:38:30.453873+09:00
Reception Due,,,failed,False,2026-08-23T15:51:44.971205+09:00
Reception Duty,1900.0,7.0,success,False,2026-08-21T02:39:59.313025+09:00
Reception Engine,,,failed,False,2026-08-19T13:31:50.431005+09:00
Reception Entry,390.0,0.0,success,False,2026-08-21T01:01:15.556861+09:00
Reception Estimate,,,failed,False,2026-08-19T21:06:39.226294+09:00
Reception Estimator,,,failed,False,2026-08-27T23:56:05.344982+09:00
Reception Fare,,,failed,False,2026-08-21T02:09:35.775353+09:00
Reception Fee,40.0,0.0,success,False,2026-08-21T01:53:20.957099+09:00
Reception Feed,,,failed,False,2026-08-19T20:38:22.141016+09:00
Reception File,10.0,19.0,success,False,2026-08-19T20:37:42.979136+09:00
Reception Finder,10.0,3.0,success,False,2026-08-19T13:34:00.979457+09:00
Reception Fine,,,failed,False,2026-08-23T02:54:43.780312+09:00
Reception Flag,,,failed,False,2026-08-21T00:28:17.964653+09:00
Reception Flow,20.0,50.0,success,False,2026-08-19T13:21:40.944519+09:00
Reception Forge,,,failed,False,2026-08-19T13:24:10.018965+09:00
Reception Form,110.0,8.0,success,False,2026-08-19T13:41:02.359276+09:00
Reception Format,110.0,8.0,success,False,2026-08-23T13:07:02.783000+09:00
Reception Frame,20.0,47.0,success,False,2026-08-19T13:27:04.208602+09:00
Reception Fund,,,failed,False,2026-08-21T02:24:39.206528+09:00
Reception Gate,210.0,1.0,success,False,2026-08-19T13:31:00.342217+09:00
Reception Generator,,,failed,False,2026-08-27T23:34:54.940798+09:00
Reception Giveaway,,,failed,False,2026-08-27T21:16:28.518091+09:00
Reception Grade,,,failed,False,2026-08-21T00:27:55.902205+09:00
Reception Graph,,,failed,False,2026-08-27T22:10:56.558080+09:00
Reception Grid,,,failed,False,2026-08-19T13:25:50.130591+09:00
Reception Guarantee,,,failed,False,2026-08-28T01:06:07.510525+09:00
Reception Harbor,,,failed,False,2026-08-19T13:37:00.513744+09:00
Reception Helpdesk,,,failed,False,2026-08-27T22:48:41.593169+09:00
Reception Helper,,,failed,False,2026-08-28T00:25:29.232687+09:00
Reception History,260.0,0.0,success,False,2026-08-19T20:37:34.944185+09:00
Reception Hotline,,,failed,False,2026-08-19T21:07:00.753456+09:00
Reception Hub,,,failed,False,2026-08-19T13:21:55.310171+09:00
Reception Identifier,,,failed,False,2026-08-23T13:06:58.194774+09:00
Reception Inbox,,,failed,False,2026-08-19T13:37:53.958127+09:00
Reception Incentive,,,failed,False,2026-08-27T21:16:26.164499+09:00
Reception Index,10.0,0.0,success,False,2026-08-19T21:06:06.633142+09:00
Reception Installment,,,failed,False,2026-08-23T16:14:11.722628+09:00
Reception Item,50.0,8.0,success,False,2026-08-21T01:53:25.014716+09:00
Reception Journal,20.0,23.0,success,False,2026-08-19T13:33:08.765794+09:00
Reception Kiosk,140.0,95.0,success,False,2026-08-19T13:35:17.832639+09:00
Reception Kit,20.0,1.0,success,False,2026-08-27T22:48:34.491281+09:00
Reception Lab,20.0,0.0,success,False,2026-08-19T13:28:15.783876+09:00
Reception Label,110.0,32.0,success,False,2026-08-27T22:10:56.558080+09:00
Reception Layout,880.0,21.0,success,False,2026-08-27T22:28:53.992967+09:00
Reception Ledger,,,failed,False,2026-08-19T13:27:42.741110+09:00
Reception Level,20.0,27.0,success,False,2026-08-19T20:37:49.991412+09:00
Reception Levy,,,failed,False,2026-08-23T13:47:05.237339+09:00
Reception Line,140.0,1.0,success,False,2026-08-19T13:39:49.486851+09:00
Reception Link,,,failed,False,2026-08-23T03:18:52.097037+09:00
Reception List,390.0,17.0,success,False,2026-08-19T21:49:39.376770+09:00
Reception Loan,,,failed,False,2026-08-21T02:09:44.145059+09:00
Reception Lobby,880.0,11.0,success,False,2026-08-19T13:39:22.411617+09:00
Reception Locator,210.0,16.0,success,False,2026-08-19T13:33:54.731377+09:00
Reception Log,20.0,4.0,success,False,2026-08-19T13:40:53.899440+09:00
Reception Loop,,,failed,False,2026-08-19T13:25:22.323430+09:00
Reception Manager,590.0,2.0,success,False,2026-08-19T13:31:44.608385+09:00
Reception Manual,40.0,1.0,success,False,2026-08-27T22:10:59.501612+09:00
Reception Map,140.0,2.0,success,False,2026-08-19T13:26:44.223162+09:00
Reception Margin,,,failed,False,2026-08-23T02:54:41.831535+09:00
Reception Marker,,,failed,False,2026-08-23T13:27:43.093757+09:00
Reception Markup,,,failed,False,2026-08-23T16:38:50.541482+09:00
Reception Memo,,,failed,False,2026-08-21T00:28:03.957628+09:00
Reception Message,70.0,2.0,success,False,2026-08-27T23:13:44.050852+09:00
Reception Monitor,50.0,47.0,success,False,2026-08-19T13:32:25.938189+09:00
Reception Nexus,,,failed,False,2026-08-19T13:31:05.950766+09:00
Reception Note,50.0,16.0,success,False,2026-08-19T13:42:14.783829+09:00
Reception Notification,10.0,0.0,success,False,2026-08-27T22:48:34.491281+09:00
Reception Number,880.0,0.0,success,False,2026-08-23T03:18:48.364198+09:00
Reception Office,2400.0,28.0,success,False,2026-08-19T13:34:06.788909+09:00
Reception Ops,,,failed,False,2026-08-19T13:32:49.484496+09:00
Reception Order,880.0,71.0,success,False,2026-08-19T21:48:55.925505+09:00
Reception Outpost,30.0,1.0,success,False,2026-08-19T13:36:19.763333+09:00
Reception Overage,,,failed,False,2026-08-27T21:47:27.442070+09:00
Reception Overdue,,,failed,False,2026-08-27T21:47:19.918276+09:00
Reception Panel,30.0,60.0,success,False,2026-08-19T13:29:35.607135+09:00
Reception Pass,40.0,0.0,success,False,2026-08-21T00:27:06.966469+09:00
Reception Path,,,failed,False,2026-08-19T13:26:10.178451+09:00
Reception Payoff,,,failed,False,2026-08-27T21:47:24.586892+09:00
Reception Penalty,,,failed,False,2026-08-23T16:38:47.783567+09:00
Reception Petition,,,failed,False,2026-08-21T01:00:56.888807+09:00
Reception Plan,480.0,6.0,success,False,2026-08-21T01:53:35.907769+09:00
Reception Planner,1300.0,42.0,success,False,2026-08-19T13:32:09.131651+09:00
Reception Plaza,,,failed,False,2026-08-19T13:36:52.870932+09:00
Reception Point,210.0,16.0,success,False,2026-08-19T13:26:18.300818+09:00
Reception Portal,40.0,4.0,success,False,2026-08-19T13:29:07.755274+09:00
Reception Post,590.0,6.0,success,False,2026-08-19T13:36:00.987511+09:00
Reception Preview,,,failed,False,2026-08-28T01:06:00.663079+09:00
Reception Profile,50.0,1.0,success,False,2026-08-19T13:20:50.883072+09:00
Reception Profit,,,failed,False,2026-08-23T02:54:38.259905+09:00
Reception Proposal,,,failed,False,2026-08-28T01:06:05.018602+09:00
Reception Queue,,,failed,False,2026-08-19T21:06:30.155036+09:00
Reception Quota,,,failed,False,2026-08-21T00:28:11.670318+09:00
Reception Radar,,,failed,False,2026-08-19T13:22:55.768758+09:00
Reception Rail,,,failed,False,2026-08-19T13:30:10.449633+09:00
Reception Rate,40.0,0.0,success,False,2026-08-19T20:37:59.201045+09:00
Reception Recap,,,failed,False,2026-08-21T01:01:09.555377+09:00
Reception Receipt,40.0,1.0,success,False,2026-08-19T21:49:18.898188+09:00
Reception Redemption,,,failed,False,2026-08-23T16:38:53.252652+09:00
Reception Register,170.0,48.0,success,False,2026-08-19T13:32:45.255500+09:00
Reception Registry,,,failed,False,2026-08-19T13:33:22.206561+09:00
Reception Relay,,,failed,False,2026-08-19T13:23:10.003028+09:00
Reception Reminder,,,failed,False,2026-08-19T21:05:41.663242+09:00
Reception Report,90.0,0.0,success,False,2026-08-19T13:40:29.386715+09:00
Reception Repository,,,failed,False,2026-08-27T23:13:56.060397+09:00
Reception Ring,170.0,72.0,success,False,2026-08-19T13:30:50.408917+09:00
Reception Roll,,,failed,False,2026-08-19T13:40:14.970348+09:00
Reception Route,,,failed,False,2026-08-19T13:29:58.473439+09:00
Reception Rule,,,failed,False,2026-08-23T03:18:56.291245+09:00
Reception Sale,10.0,25.0,success,False,2026-08-21T02:24:52.539486+09:00
Reception Sample,20.0,18.0,success,False,2026-08-19T21:50:30.697464+09:00
Reception Scanner,10.0,0.0,success,False,2026-08-27T23:56:16.956086+09:00
Reception Scheduler,,,failed,False,2026-08-19T13:32:18.631834+09:00
Reception Scope,,,failed,False,2026-08-19T13:25:08.614186+09:00
Reception Score,,,failed,False,2026-08-19T13:42:06.803998+09:00
Reception Sheet,50.0,4.0,success,False,2026-08-19T13:41:47.769675+09:00
Reception Shortfall,,,failed,False,2026-08-27T21:47:32.265892+09:00
Reception Signal,590.0,1.0,success,False,2026-08-19T13:24:52.365790+09:00
Reception Signature,10.0,0.0,success,False,2026-08-23T13:27:40.734961+09:00
Reception Slip,40.0,0.0,success,False,2026-08-19T21:50:19.457736+09:00
Reception Slot,,,failed,False,2026-08-19T21:50:41.490993+09:00
Reception Stage,1300.0,1.0,success,False,2026-08-28T00:47:48.349607+09:00
Reception Statement,,,failed,False,2026-08-21T00:27:39.908231+09:00
Reception Station,170.0,99.0,success,False,2026-08-19T13:28:26.877196+09:00
Reception Status,2900.0,0.0,success,True,2026-08-19T20:37:14.893241+09:00
Reception Stub,,,failed,False,2026-08-21T00:27:32.429911+09:00
Reception Studio,50.0,100.0,success,False,2026-08-19T13:28:08.778125+09:00
Reception Sum,,,failed,False,2026-08-21T02:24:33.883948+09:00
Reception Summary,10.0,0.0,success,False,2026-08-19T21:05:15.949286+09:00
Reception Tab,20.0,22.0,success,False,2026-08-21T00:28:26.135871+09:00
Reception Table,14800.0,91.0,success,False,2026-08-19T21:49:51.324073+09:00
Reception Tally,,,failed,False,2026-08-21T00:27:48.036654+09:00
Reception Tariff,10.0,0.0,success,False,2026-08-21T02:40:07.402959+09:00
Reception Tax,20.0,0.0,success,False,2026-08-21T02:09:39.165114+09:00
Reception Terminal,10.0,0.0,success,False,2026-08-19T13:28:36.830433+09:00
Reception Ticker,,,failed,False,2026-08-19T13:39:37.773489+09:00
Reception Ticket,50.0,14.0,success,False,2026-08-19T21:06:16.769807+09:00
Reception Timeline,4400.0,82.0,success,False,2026-08-19T21:05:30.373866+09:00
Reception Timer,,,failed,False,2026-08-28T00:25:23.676090+09:00
Reception Token,,,failed,False,2026-08-23T13:27:36.728702+09:00
Reception Toll,,,failed,False,2026-08-21T02:40:01.670619+09:00
Reception Toolbox,,,failed,False,2026-08-28T00:25:29.232687+09:00
Reception Total,,,failed,False,2026-08-27T23:13:50.940196+09:00
Reception Tower,260.0,2.0,success,False,2026-08-19T13:37:25.441438+09:00
Reception Tracker,30.0,0.0,success,False,2026-08-19T13:21:04.898366+09:00
Reception Trail,,,failed,False,2026-08-19T13:30:35.292295+09:00
Reception Trend,,,failed,False,2026-08-28T01:05:58.030505+09:00
Reception Trial,,,failed,False,2026-08-27T21:16:23.936714+09:00
Reception Unit,140.0,94.0,success,False,2026-08-21T01:53:28.626980+09:00
Reception Update,,,failed,False,2026-08-19T20:38:05.655570+09:00
Reception Value,,,failed,False,2026-08-23T02:54:38.259905+09:00
Reception Version,,,failed,False,2026-08-23T03:18:48.364198+09:00
Reception View,30.0,4.0,success,False,2026-08-19T20:37:25.311012+09:00
Reception Voucher,,,failed,False,2026-08-21T00:27:15.534212+09:00
Reception Watch,,,failed,False,2026-08-19T13:25:01.891377+09:00
Reception Wave,,,failed,False,2026-08-19T13:25:58.679936+09:00
Reception Widget,,,failed,False,2026-08-27T23:13:53.622178+09:00
Reception Window,480.0,100.0,success,False,2026-08-19T13:40:01.237122+09:00
Reception Worksheet,880.0,81.0,success,False,2026-08-27T22:11:01.897181+09:00
Reception Workshop,,,failed,False,2026-08-28T00:25:23.676090+09:00
Reception Yard,40.0,0.0,success,False,2026-08-19T13:35:27.432298+09:00
Reception Zone,40.0,20.0,success,False,2026-08-19T13:28:55.054153+09:00
Recipe Advisory,,,failed,False,2026-08-21T01:03:04.478545+09:00
Recipe Allowance,,,failed,False,2026-08-21T02:41:35.267281+09:00
Recipe Almanac,,,failed,False,2026-08-18T22:04:32.030179+09:00
Recipe Analyzer,1600.0,4.0,success,False,2026-08-27T23:56:59.391700+09:00
Recipe Anchor,,,failed,False,2026-08-17T20:38:23.394205+09:00
Recipe Announcement,,,failed,False,2026-08-27T23:35:16.240815+09:00
Recipe Asset,,,failed,False,2026-08-23T13:47:27.498118+09:00
Recipe Assistant,10.0,7.0,success,False,2026-08-17T23:32:49.252049+09:00
Recipe Atlas,10.0,0.0,success,False,2026-08-17T21:38:32.905021+09:00
Recipe Attribute,,,failed,False,2026-08-23T13:07:37.097248+09:00
Recipe Badge,,,failed,False,2026-08-21T00:29:55.538883+09:00
Recipe Base,90.0,100.0,success,False,2026-08-17T21:34:42.632014+09:00
Recipe Beacon,6600.0,0.0,success,True,2026-08-17T20:41:48.704350+09:00
Recipe Bill,590.0,0.0,success,False,2026-08-19T21:53:13.442826+09:00
Recipe Blueprint,20.0,1.0,success,False,2026-08-18T22:04:21.198301+09:00
Recipe Board,210.0,49.0,success,False,2026-08-17T21:31:30.369012+09:00
Recipe Book,60500.0,100.0,success,False,2026-08-19T21:54:10.446339+09:00
Recipe Bridge,70.0,0.0,success,False,2026-08-17T20:39:18.247368+09:00
Recipe Brief,,,failed,False,2026-08-21T01:02:11.159896+09:00
Recipe Bulletin,10.0,,success,False,2026-08-21T01:02:06.881859+09:00
Recipe Cabinet,30.0,0.0,success,False,2026-08-27T23:14:37.141829+09:00
Recipe Calculator,4400.0,4.0,success,False,2026-08-27T23:35:16.240815+09:00
Recipe Calendar,260.0,77.0,success,False,2026-08-19T00:04:18.277485+09:00
Recipe Card,22200.0,100.0,success,False,2026-08-19T13:25:08.614186+09:00
Recipe Cascade,,,failed,False,2026-08-17T20:40:13.744558+09:00
Recipe Cash,,,failed,False,2026-08-21T02:26:14.215239+09:00
Recipe Cashback,,,failed,False,2026-08-27T21:17:10.879829+09:00
Recipe Catalog,70.0,10.0,success,False,2026-08-19T21:10:42.484655+09:00
Recipe Category,170.0,0.0,success,False,2026-08-23T13:07:37.097248+09:00
Recipe Center,30.0,2.0,success,False,2026-08-17T20:43:56.267353+09:00
Recipe Chain,20.0,0.0,success,False,2026-08-17T20:33:15.121215+09:00
Recipe Charge,10.0,0.0,success,False,2026-08-21T02:41:21.123178+09:00
Recipe Check,40.0,3.0,success,False,2026-08-19T13:25:50.130591+09:00
Recipe Checker,170.0,4.0,success,False,2026-08-27T23:56:53.046222+09:00
Recipe Checklist,70.0,1.0,success,False,2026-08-19T21:09:44.414904+09:00
Recipe Circular,,,failed,False,2026-08-21T01:03:02.120644+09:00
Recipe Cockpit,,,failed,False,2026-08-17T22:46:53.613180+09:00
Recipe Code,90.0,0.0,success,False,2026-08-19T21:53:34.201182+09:00
Recipe Codex,,,failed,False,2026-08-18T22:04:51.222507+09:00
Recipe Companion,,,failed,False,2026-08-17T23:23:43.975283+09:00
Recipe Comparison,30.0,0.0,success,False,2026-08-28T01:07:01.226912+09:00
Recipe Compass,4400.0,0.0,success,True,2026-08-17T20:42:32.290659+09:00
Recipe Compendium,,,failed,False,2026-08-18T22:04:40.579410+09:00
Recipe Confirmation,,,failed,False,2026-08-21T01:03:10.607434+09:00
Recipe Console,,,failed,False,2026-08-17T20:41:19.373388+09:00
Recipe Contribution,,,failed,False,2026-08-23T16:14:56.824333+09:00
Recipe Converter,4400.0,4.0,success,False,2026-08-27T23:35:20.435817+09:00
Recipe Core,,,failed,False,2026-08-17T21:33:40.096792+09:00
Recipe Cost,390.0,9.0,success,False,2026-08-21T02:10:49.609792+09:00
Recipe Count,70.0,2.0,success,False,2026-08-27T22:49:12.101032+09:00
Recipe Counter,70.0,2.0,success,False,2026-08-19T00:04:56.559247+09:00
Recipe Coupon,,,failed,False,2026-08-27T21:17:07.956821+09:00
Recipe Dashboard,40.0,0.0,success,False,2026-08-17T23:23:24.651550+09:00
Recipe Deal,,,failed,False,2026-08-21T01:55:30.531800+09:00
Recipe Debt,,,failed,False,2026-08-21T02:26:06.975454+09:00
Recipe Deck,170.0,12.0,success,False,2026-08-17T21:30:22.425092+09:00
Recipe Depot,10.0,0.0,success,False,2026-08-19T00:04:44.561310+09:00
Recipe Desk,10.0,7.0,success,False,2026-08-17T20:46:07.350212+09:00
Recipe Detail,140.0,0.0,success,False,2026-08-23T03:20:11.001534+09:00
Recipe Detector,,,failed,False,2026-08-27T23:56:56.552521+09:00
Recipe Diagram,70.0,0.0,success,False,2026-08-27T22:12:17.686005+09:00
Recipe Dial,,,failed,False,2026-08-17T20:39:46.897200+09:00
Recipe Digest,10.0,0.0,success,False,2026-08-19T20:41:20.028487+09:00
Recipe Directory,20.0,6.0,success,False,2026-08-19T00:04:23.577898+09:00
Recipe Discount,,,failed,False,2026-08-23T16:14:53.191797+09:00
Recipe Dock,,,failed,False,2026-08-17T20:36:04.789698+09:00
Recipe Dossier,,,failed,False,2026-08-21T01:03:16.580684+09:00
Recipe Downpayment,,,failed,False,2026-08-27T21:48:11.561191+09:00
Recipe Draft,,,failed,False,2026-08-19T20:41:36.001931+09:00
Recipe Duty,,,failed,False,2026-08-21T02:41:24.321159+09:00
Recipe Engine,40.0,5.0,success,False,2026-08-17T23:12:24.724350+09:00
Recipe Entry,10.0,0.0,success,False,2026-08-21T01:03:27.651766+09:00
Recipe Estimate,,,failed,False,2026-08-19T21:10:31.479524+09:00
Recipe Estimator,,,failed,False,2026-08-27T23:56:50.543102+09:00
Recipe Excerpt,,,failed,False,2026-08-21T01:03:25.375031+09:00
Recipe Fare,,,failed,False,2026-08-21T02:10:51.896971+09:00
Recipe Fee,,,failed,False,2026-08-21T01:55:03.003035+09:00
Recipe Feed,70.0,3.0,success,False,2026-08-19T20:41:25.975881+09:00
Recipe File,720.0,75.0,success,False,2026-08-19T20:40:40.887904+09:00
Recipe Finder,5400.0,9.0,success,False,2026-08-19T00:04:38.069566+09:00
Recipe Fine,,,failed,False,2026-08-23T02:55:43.726129+09:00
Recipe Flag,,,failed,False,2026-08-21T00:30:44.450501+09:00
Recipe Flow,10.0,2.0,success,False,2026-08-17T21:30:53.341117+09:00
Recipe Forge,70.0,0.0,success,False,2026-08-17T20:40:55.263419+09:00
Recipe Form,1600.0,37.0,success,False,2026-08-19T13:24:58.997710+09:00
Recipe Format,1600.0,37.0,success,False,2026-08-23T13:07:41.329341+09:00
Recipe Frame,590.0,51.0,success,False,2026-08-17T21:35:49.618076+09:00
Recipe Fund,10.0,2.0,success,False,2026-08-21T02:26:10.275506+09:00
Recipe Gate,320.0,0.0,success,False,2026-08-18T07:52:53.130004+09:00
Recipe Giveaway,,,failed,False,2026-08-27T21:17:14.401522+09:00
Recipe Grade,,,failed,False,2026-08-21T00:30:25.028648+09:00
Recipe Graph,,,failed,False,2026-08-27T22:12:02.778487+09:00
Recipe Grid,30.0,0.0,success,False,2026-08-17T20:33:43.675774+09:00
Recipe Guarantee,,,failed,False,2026-08-28T01:07:08.336538+09:00
Recipe Guard,,,failed,False,2026-08-17T21:34:15.444697+09:00
Recipe Guidebook,,,failed,False,2026-08-18T22:03:58.790181+09:00
Recipe Harbor,,,failed,False,2026-08-19T00:23:43.046041+09:00
Recipe Helper,170.0,13.0,success,False,2026-08-28T00:26:06.768927+09:00
Recipe History,720.0,8.0,success,False,2026-08-19T20:40:32.306082+09:00
Recipe Hotline,,,failed,False,2026-08-19T21:10:55.875332+09:00
Recipe Hub,320.0,2.0,success,False,2026-08-17T20:48:37.567206+09:00
Recipe Identifier,,,failed,False,2026-08-23T13:07:32.830763+09:00
Recipe Incentive,,,failed,False,2026-08-27T21:17:14.401522+09:00
Recipe Index,390.0,3.0,success,False,2026-08-19T21:09:59.006110+09:00
Recipe Insight,,,failed,False,2026-08-17T23:08:52.279570+09:00
Recipe Interest,,,failed,False,2026-08-23T13:47:23.462533+09:00
Recipe Item,170.0,1.0,success,False,2026-08-21T01:55:08.355431+09:00
Recipe Journal,6600.0,100.0,success,False,2026-08-18T22:03:28.331445+09:00
Recipe Keeper,8100.0,12.0,success,False,2026-08-17T21:36:22.095100+09:00
Recipe Kit,390.0,81.0,success,False,2026-08-27T22:49:08.559687+09:00
Recipe Lab,70.0,1.0,success,False,2026-08-17T20:46:46.837602+09:00
Recipe Label,140.0,70.0,success,False,2026-08-27T22:12:11.460290+09:00
Recipe Layout,720.0,47.0,success,False,2026-08-27T22:28:56.801982+09:00
Recipe Ledger,,,failed,False,2026-08-17T21:32:40.946824+09:00
Recipe Lens,50.0,1.0,success,False,2026-08-17T21:36:50.527973+09:00
Recipe Level,10.0,0.0,success,False,2026-08-19T20:40:46.834660+09:00
Recipe Link,320.0,2.0,success,False,2026-08-23T03:20:04.246790+09:00
Recipe List,3600.0,4.0,success,False,2026-08-19T21:53:47.413598+09:00
Recipe Loan,,,failed,False,2026-08-21T02:10:58.400903+09:00
Recipe Locator,70.0,0.0,success,False,2026-08-19T00:04:33.745752+09:00
Recipe Lock,10.0,0.0,success,False,2026-08-17T21:39:22.624237+09:00
Recipe Log,170.0,20.0,success,False,2026-08-19T13:24:52.365790+09:00
Recipe Loop,,,failed,False,2026-08-17T20:34:36.732015+09:00
Recipe Manager,720.0,5.0,success,False,2026-08-17T21:35:16.200596+09:00
Recipe Manual,210.0,2.0,success,False,2026-08-27T22:12:15.272381+09:00
Recipe Map,50.0,0.0,success,False,2026-08-17T21:38:00.601683+09:00
Recipe Margin,,,failed,False,2026-08-23T02:55:41.389421+09:00
Recipe Markup,10.0,0.0,success,False,2026-08-23T16:39:10.446274+09:00
Recipe Memo,110.0,0.0,success,False,2026-08-21T00:30:32.235715+09:00
Recipe Message,10.0,0.0,success,False,2026-08-27T23:14:33.058842+09:00
Recipe Meter,,,failed,False,2026-08-17T20:38:48.292759+09:00
Recipe Metrics,,,failed,False,2026-08-17T23:33:25.716051+09:00
Recipe Monitor,20.0,4.0,success,False,2026-08-17T23:33:13.848442+09:00
Recipe Navigator,,,failed,False,2026-08-17T23:10:31.513884+09:00
Recipe Nexus,,,failed,False,2026-08-17T21:40:49.556938+09:00
Recipe Node,,,failed,False,2026-08-18T07:52:44.350821+09:00
Recipe Note,590.0,23.0,success,False,2026-08-19T13:26:10.178451+09:00
Recipe Notification,,,failed,False,2026-08-27T22:49:08.559687+09:00
Recipe Number,390.0,0.0,success,False,2026-08-23T03:19:56.707699+09:00
Recipe Office,110.0,1.0,success,False,2026-08-19T00:04:50.750995+09:00
Recipe Ops,,,failed,False,2026-08-17T23:24:01.156266+09:00
Recipe Order,140.0,10.0,success,False,2026-08-19T21:52:57.085670+09:00
Recipe Organizer,1300.0,100.0,success,False,2026-08-17T23:14:05.238044+09:00
Recipe Outline,140.0,23.0,success,False,2026-08-27T22:28:56.801982+09:00
Recipe Overage,,,failed,False,2026-08-27T21:48:09.369962+09:00
Recipe Overdue,,,failed,False,2026-08-27T21:48:04.359972+09:00
Recipe Panel,,,failed,False,2026-08-17T20:40:34.523017+09:00
Recipe Pass,,,failed,False,2026-08-21T00:29:43.441391+09:00
Recipe Path,,,failed,False,2026-08-18T07:52:17.361320+09:00
Recipe Payoff,,,failed,False,2026-08-27T21:48:07.167837+09:00
Recipe Petition,10.0,,success,False,2026-08-21T01:03:04.478545+09:00
Recipe Pilot,,,failed,False,2026-08-17T20:47:23.581270+09:00
Recipe Plan,140.0,16.0,success,False,2026-08-21T01:55:16.985544+09:00
Recipe Planner,480.0,73.0,success,False,2026-08-17T23:07:07.612411+09:00
Recipe Playbook,,,failed,False,2026-08-18T22:03:14.728477+09:00
Recipe Point,40.0,0.0,success,False,2026-08-17T21:41:28.759770+09:00
Recipe Portal,30.0,1.0,success,False,2026-08-17T20:42:10.144192+09:00
Recipe Preview,,,failed,False,2026-08-28T01:07:05.829192+09:00
Recipe Profile,10.0,0.0,success,False,2026-08-19T13:26:44.223162+09:00
Recipe Profit,,,failed,False,2026-08-23T02:55:31.768897+09:00
Recipe Proposal,10.0,0.0,success,False,2026-08-28T01:07:08.336538+09:00
Recipe Pulse,,,failed,False,2026-08-17T20:32:39.820797+09:00
Recipe Queue,,,failed,False,2026-08-19T21:10:23.160245+09:00
Recipe Quota,,,failed,False,2026-08-21T00:30:37.167399+09:00
Recipe Radar,1000.0,2.0,success,False,2026-08-17T20:45:18.923986+09:00
Recipe Rail,40.0,0.0,success,False,2026-08-17T20:35:04.556306+09:00
Recipe Rank,,,failed,False,2026-08-28T00:48:05.704808+09:00
Recipe Rate,70.0,0.0,success,False,2026-08-19T20:41:00.818648+09:00
Recipe Recap,10.0,0.0,success,False,2026-08-21T01:03:20.927802+09:00
Recipe Receipt,720.0,0.0,success,False,2026-08-19T21:53:24.173556+09:00
Recipe Recorder,20.0,24.0,success,False,2026-08-27T23:35:24.571352+09:00
Recipe Register,,,failed,False,2026-08-17T23:04:52.831664+09:00
Recipe Registry,,,failed,False,2026-08-18T22:04:08.939820+09:00
Recipe Relay,10.0,0.0,success,False,2026-08-17T20:44:20.013961+09:00
Recipe Reminder,,,failed,False,2026-08-19T21:09:32.906956+09:00
Recipe Report,30.0,0.0,success,False,2026-08-19T13:24:29.465553+09:00
Recipe Repository,20.0,1.0,success,False,2026-08-27T23:14:41.720422+09:00
Recipe Roadmap,,,failed,False,2026-08-18T22:05:02.516248+09:00
Recipe Roster,,,failed,False,2026-08-19T00:36:40.628841+09:00
Recipe Route,10.0,0.0,success,False,2026-08-17T20:37:01.636634+09:00
Recipe Rule,,,failed,False,2026-08-23T03:20:07.416918+09:00
Recipe Sale,90.0,3.0,success,False,2026-08-21T02:26:18.130699+09:00
Recipe Sample,720.0,5.0,success,False,2026-08-19T21:54:34.064665+09:00
Recipe Scale,1600.0,3.0,success,False,2026-08-17T20:37:59.877456+09:00
Recipe Scanner,590.0,10.0,success,False,2026-08-27T23:56:56.552521+09:00
Recipe Scheduler,,,failed,False,2026-08-17T23:33:00.502135+09:00
Recipe Scope,,,failed,False,2026-08-17T20:35:35.063549+09:00
Recipe Score,10.0,,success,False,2026-08-19T13:25:58.679936+09:00
Recipe Sentry,,,failed,False,2026-08-17T21:37:24.355362+09:00
Recipe Sheet,720.0,81.0,success,False,2026-08-19T13:25:22.323430+09:00
Recipe Shortfall,,,failed,False,2026-08-27T21:48:13.959890+09:00
Recipe Signal,,,failed,False,2026-08-17T20:37:28.424048+09:00
Recipe Slip,,,failed,False,2026-08-19T21:54:19.584048+09:00
Recipe Slot,,,failed,False,2026-08-19T21:54:42.461641+09:00
Recipe Snapshot,,,failed,False,2026-08-18T22:03:49.519359+09:00
Recipe Stake,,,failed,False,2026-08-23T02:55:38.114180+09:00
Recipe Statement,,,failed,False,2026-08-21T00:30:11.509086+09:00
Recipe Station,140.0,1.0,success,False,2026-08-17T20:45:46.874737+09:00
Recipe Status,20.0,0.0,success,False,2026-08-19T20:40:17.061535+09:00
Recipe Stub,,,failed,False,2026-08-21T00:30:03.627747+09:00
Recipe Studio,50.0,1.0,success,False,2026-08-17T20:48:02.919436+09:00
Recipe Suite,,,failed,False,2026-08-17T23:32:37.778770+09:00
Recipe Sum,,,failed,False,2026-08-21T02:26:02.985234+09:00
Recipe Summary,20.0,2.0,success,False,2026-08-19T21:09:04.357233+09:00
Recipe Sync,10.0,0.0,success,False,2026-08-17T21:32:03.436124+09:00
Recipe Tab,390.0,24.0,success,False,2026-08-21T00:30:49.324092+09:00
Recipe Table,320.0,1.0,success,False,2026-08-19T21:53:57.995655+09:00
Recipe Tag,140.0,8.0,success,False,2026-08-19T13:26:18.300818+09:00
Recipe Tally,,,failed,False,2026-08-21T00:30:17.662990+09:00
Recipe Tariff,10.0,,success,False,2026-08-21T02:41:38.667611+09:00
Recipe Tax,10.0,,success,False,2026-08-21T02:10:55.409815+09:00
Recipe Ticket,30.0,0.0,success,False,2026-08-19T21:10:11.430001+09:00
Recipe Timeline,20.0,0.0,success,False,2026-08-19T21:09:22.382807+09:00
Recipe Timer,480.0,10.0,success,False,2026-08-28T00:25:56.872854+09:00
Recipe Toll,,,failed,False,2026-08-21T02:41:32.223715+09:00
Recipe Toolbox,,,failed,False,2026-08-28T00:26:03.782064+09:00
Recipe Toolkit,,,failed,False,2026-08-18T22:03:05.761687+09:00
Recipe Total,,,failed,False,2026-08-27T23:14:33.058842+09:00
Recipe Tracker,210.0,17.0,success,False,2026-08-17T21:33:13.463030+09:00
Recipe Trail,,,failed,False,2026-08-17T20:34:15.100698+09:00
Recipe Trend,10.0,0.0,success,False,2026-08-28T01:06:58.788190+09:00
Recipe Trial,20.0,0.0,success,False,2026-08-27T21:17:10.879829+09:00
Recipe Unit,110.0,0.0,success,False,2026-08-21T01:55:12.213842+09:00
Recipe Update,320.0,0.0,success,False,2026-08-19T20:41:10.828189+09:00
Recipe Value,20.0,0.0,success,False,2026-08-23T02:55:35.353388+09:00
Recipe Vault,140.0,4.0,success,False,2026-08-17T20:43:29.254301+09:00
Recipe Version,,,failed,False,2026-08-23T03:20:00.686198+09:00
Recipe View,390.0,1.0,success,False,2026-08-19T20:40:22.983274+09:00
Recipe Voucher,10.0,9.0,success,False,2026-08-21T00:29:50.648703+09:00
Recipe Watch,140.0,1.0,success,False,2026-08-17T20:36:31.502472+09:00
Recipe Wave,,,failed,False,2026-08-18T07:52:03.741881+09:00
Recipe Widget,20.0,1.0,success,False,2026-08-27T23:14:37.141829+09:00
Recipe Workbench,,,failed,False,2026-08-18T22:02:54.576094+09:00
Recipe Worksheet,590.0,1.0,success,False,2026-08-27T22:12:17.686005+09:00
Recipe Workshop,,,failed,False,2026-08-28T00:26:01.082990+09:00
Recipe Zone,90.0,10.0,success,False,2026-08-17T20:42:59.992193+09:00
Reconciliation Advance,,,failed,False,2026-08-23T16:13:37.104049+09:00
Reconciliation Advisory,,,failed,False,2026-08-21T01:07:33.646226+09:00
Reconciliation Allowance,,,failed,False,2026-08-21T02:37:05.084488+09:00
Reconciliation Almanac,,,failed,False,2026-08-18T23:51:54.255899+09:00
Reconciliation Analyzer,,,failed,False,2026-08-27T23:56:50.543102+09:00
Reconciliation Anchor,,,failed,False,2026-08-18T07:52:46.019796+09:00
Reconciliation Arrears,,,failed,False,2026-08-23T16:13:34.147754+09:00
Reconciliation Asset,,,failed,False,2026-08-23T13:46:30.859150+09:00
Reconciliation Assistant,30.0,2.0,success,False,2026-08-17T23:10:00.779750+09:00
Reconciliation Atlas,,,failed,False,2026-08-17T21:30:00.229933+09:00
Reconciliation Attribute,,,failed,False,2026-08-23T13:05:55.726817+09:00
Reconciliation Badge,,,failed,False,2026-08-21T00:33:55.661658+09:00
Reconciliation Balance,320.0,9.0,success,False,2026-08-23T13:46:27.908972+09:00
Reconciliation Base,,,failed,False,2026-08-17T20:44:54.516764+09:00
Reconciliation Beacon,,,failed,False,2026-08-17T20:34:44.892914+09:00
Reconciliation Bill,5400.0,6.0,success,False,2026-08-19T21:56:11.493537+09:00
Reconciliation Blueprint,10.0,0.0,success,False,2026-08-18T23:51:54.255899+09:00
Reconciliation Board,,,failed,False,2026-08-17T20:42:15.711128+09:00
Reconciliation Book,260.0,77.0,success,False,2026-08-19T21:57:08.159846+09:00
Reconciliation Bridge,590.0,4.0,success,False,2026-08-17T20:31:38.107939+09:00
Reconciliation Brief,,,failed,False,2026-08-21T01:07:24.154176+09:00
Reconciliation Bulletin,,,failed,False,2026-08-21T01:07:19.627545+09:00
Reconciliation Calendar,20.0,0.0,success,False,2026-08-19T00:03:38.462918+09:00
Reconciliation Card,90.0,79.0,success,False,2026-08-19T13:40:58.883457+09:00
Reconciliation Cascade,,,failed,False,2026-08-17T20:32:49.512310+09:00
Reconciliation Cash,40.0,13.0,success,False,2026-08-21T02:30:59.342931+09:00
Reconciliation Catalog,,,failed,False,2026-08-19T21:12:04.004296+09:00
Reconciliation Category,,,failed,False,2026-08-23T13:05:51.104957+09:00
Reconciliation Center,110.0,1.0,success,False,2026-08-17T20:37:11.919122+09:00
Reconciliation Chain,,,failed,False,2026-08-17T21:35:24.685319+09:00
Reconciliation Charge,40.0,0.0,success,False,2026-08-21T02:36:50.213443+09:00
Reconciliation Check,390.0,8.0,success,False,2026-08-19T13:41:39.168311+09:00
Reconciliation Checker,,,failed,False,2026-08-27T23:56:43.300961+09:00
Reconciliation Checklist,30.0,8.0,success,False,2026-08-19T21:11:09.453565+09:00
Reconciliation Circular,,,failed,False,2026-08-21T01:07:29.159320+09:00
Reconciliation Cockpit,,,failed,False,2026-08-17T23:28:46.712952+09:00
Reconciliation Code,10.0,5.0,success,False,2026-08-19T21:56:37.173014+09:00
Reconciliation Codex,,,failed,False,2026-08-18T23:51:54.255899+09:00
Reconciliation Companion,,,failed,False,2026-08-17T23:07:59.739195+09:00
Reconciliation Comparison,,,failed,False,2026-08-28T01:07:16.006245+09:00
Reconciliation Compass,,,failed,False,2026-08-17T20:35:45.912195+09:00
Reconciliation Compendium,,,failed,False,2026-08-18T23:51:56.822963+09:00
Reconciliation Confirmation,30.0,0.0,success,False,2026-08-21T01:07:41.387893+09:00
Reconciliation Console,,,failed,False,2026-08-17T20:34:19.305897+09:00
Reconciliation Contribution,,,failed,False,2026-08-23T16:13:34.147754+09:00
Reconciliation Core,,,failed,False,2026-08-17T20:44:06.631034+09:00
Reconciliation Cost,590.0,3.0,success,False,2026-08-21T02:14:32.398981+09:00
Reconciliation Count,,,failed,False,2026-08-27T22:48:44.890397+09:00
Reconciliation Counter,,,failed,False,2026-08-19T00:04:28.645558+09:00
Reconciliation Dashboard,90.0,28.0,success,False,2026-08-17T23:13:13.553145+09:00
Reconciliation Deal,10.0,0.0,success,False,2026-08-21T01:59:06.761411+09:00
Reconciliation Debt,50.0,30.0,success,False,2026-08-21T02:30:51.336298+09:00
Reconciliation Deck,10.0,0.0,success,False,2026-08-17T20:41:27.066117+09:00
Reconciliation Depot,,,failed,False,2026-08-19T00:04:11.501446+09:00
Reconciliation Desk,,,failed,False,2026-08-17T20:39:25.387216+09:00
Reconciliation Detail,40.0,1.0,success,False,2026-08-23T03:16:15.944869+09:00
Reconciliation Detector,,,failed,False,2026-08-27T23:56:50.543102+09:00
Reconciliation Diagram,,,failed,False,2026-08-27T22:10:48.957356+09:00
Reconciliation Dial,,,failed,False,2026-08-17T20:32:12.868338+09:00
Reconciliation Digest,,,failed,False,2026-08-19T20:40:08.745376+09:00
Reconciliation Directory,,,failed,False,2026-08-19T00:03:46.728628+09:00
Reconciliation Dock,,,failed,False,2026-08-17T21:38:46.123803+09:00
Reconciliation Dossier,,,failed,False,2026-08-21T01:07:45.419245+09:00
Reconciliation Downpayment,,,failed,False,2026-08-27T21:47:13.030634+09:00
Reconciliation Draft,,,failed,False,2026-08-19T20:40:26.363458+09:00
Reconciliation Due,,,failed,False,2026-08-23T15:51:22.397294+09:00
Reconciliation Duty,,,failed,False,2026-08-21T02:36:53.900229+09:00
Reconciliation Engine,90.0,30.0,success,False,2026-08-17T23:27:42.956477+09:00
Reconciliation Entry,70.0,1.0,success,False,2026-08-21T01:07:56.327187+09:00
Reconciliation Estimate,,,failed,False,2026-08-19T21:11:53.117390+09:00
Reconciliation Excerpt,,,failed,False,2026-08-21T01:07:51.915989+09:00
Reconciliation Extension,,,failed,False,2026-08-23T16:38:36.406605+09:00
Reconciliation Fare,,,failed,False,2026-08-21T02:14:40.877635+09:00
Reconciliation Fee,50.0,1.0,success,False,2026-08-21T01:58:46.875681+09:00
Reconciliation Feed,,,failed,False,2026-08-19T20:40:20.062336+09:00
Reconciliation Field,,,failed,False,2026-08-23T13:05:58.112221+09:00
Reconciliation File,140.0,5.0,success,False,2026-08-19T20:39:35.461909+09:00
Reconciliation Finder,10.0,14.0,success,False,2026-08-19T00:04:03.544716+09:00
Reconciliation Flag,110.0,18.0,success,False,2026-08-21T00:34:30.806569+09:00
Reconciliation Flow,,,failed,False,2026-08-17T20:41:55.751231+09:00
Reconciliation Forge,,,failed,False,2026-08-17T20:33:54.236742+09:00
Reconciliation Form,720.0,3.0,success,False,2026-08-19T13:40:38.246974+09:00
Reconciliation Format,720.0,3.0,success,False,2026-08-23T13:06:00.621707+09:00
Reconciliation Frame,,,failed,False,2026-08-17T20:45:52.903104+09:00
Reconciliation Fund,210.0,0.0,success,False,2026-08-21T02:30:57.020640+09:00
Reconciliation Gate,,,failed,False,2026-08-17T21:32:17.170130+09:00
Reconciliation Generator,,,failed,False,2026-08-27T23:35:07.655977+09:00
Reconciliation Grade,,,failed,False,2026-08-21T00:34:16.638003+09:00
Reconciliation Graph,10.0,0.0,success,False,2026-08-27T22:10:35.314261+09:00
Reconciliation Grid,,,failed,False,2026-08-17T21:36:00.741055+09:00
Reconciliation Guarantee,,,failed,False,2026-08-28T01:07:24.727084+09:00
Reconciliation Guard,,,failed,False,2026-08-17T20:44:25.446111+09:00
Reconciliation Guardian,,,failed,False,2026-08-28T00:26:01.082990+09:00
Reconciliation Guidebook,,,failed,False,2026-08-18T22:12:17.661018+09:00
Reconciliation Helpdesk,,,failed,False,2026-08-27T22:48:47.363219+09:00
Reconciliation Helper,,,failed,False,2026-08-28T00:26:03.782064+09:00
Reconciliation History,90.0,0.0,success,False,2026-08-19T20:39:30.002249+09:00
Reconciliation Hotline,,,failed,False,2026-08-19T21:12:15.731161+09:00
Reconciliation Hub,,,failed,False,2026-08-17T20:41:06.345123+09:00
Reconciliation Identifier,,,failed,False,2026-08-23T13:05:48.567186+09:00
Reconciliation Index,,,failed,False,2026-08-19T21:11:19.546080+09:00
Reconciliation Insight,,,failed,False,2026-08-17T23:28:25.880563+09:00
Reconciliation Interest,,,failed,False,2026-08-23T13:46:27.908972+09:00
Reconciliation Item,480.0,1.0,success,False,2026-08-21T01:58:53.203684+09:00
Reconciliation Journal,,,failed,False,2026-08-18T22:12:02.089704+09:00
Reconciliation Keeper,,,failed,False,2026-08-17T20:46:20.020027+09:00
Reconciliation Lab,,,failed,False,2026-08-17T20:39:54.147287+09:00
Reconciliation Label,,,failed,False,2026-08-27T22:10:39.067015+09:00
Reconciliation Ledger,590.0,3.0,success,False,2026-08-17T20:43:12.470155+09:00
Reconciliation Lens,,,failed,False,2026-08-17T20:46:59.199715+09:00
Reconciliation Level,,,failed,False,2026-08-19T20:39:43.818952+09:00
Reconciliation Levy,,,failed,False,2026-08-23T13:46:32.970542+09:00
Reconciliation Link,,,failed,False,2026-08-23T03:16:07.985751+09:00
Reconciliation List,50.0,0.0,success,False,2026-08-19T21:56:50.628145+09:00
Reconciliation Loan,260.0,29.0,success,False,2026-08-21T02:14:50.093035+09:00
Reconciliation Locator,,,failed,False,2026-08-19T00:03:53.943426+09:00
Reconciliation Lock,,,failed,False,2026-08-17T21:30:33.048254+09:00
Reconciliation Log,30.0,7.0,success,False,2026-08-19T13:40:19.370480+09:00
Reconciliation Loop,260.0,0.0,success,False,2026-08-17T21:36:59.022364+09:00
Reconciliation Manager,170.0,1.0,success,False,2026-08-17T20:45:30.439940+09:00
Reconciliation Manual,,,failed,False,2026-08-27T22:10:43.212581+09:00
Reconciliation Map,,,failed,False,2026-08-17T20:48:15.314618+09:00
Reconciliation Margin,,,failed,False,2026-08-23T02:52:56.566002+09:00
Reconciliation Memo,,,failed,False,2026-08-21T00:34:21.181247+09:00
Reconciliation Message,140.0,0.0,success,False,2026-08-27T23:14:01.250377+09:00
Reconciliation Meter,,,failed,False,2026-08-18T07:43:38.150133+09:00
Reconciliation Metrics,,,failed,False,2026-08-17T23:06:12.301553+09:00
Reconciliation Monitor,,,failed,False,2026-08-17T23:11:35.407010+09:00
Reconciliation Navigator,,,failed,False,2026-08-17T23:29:03.554808+09:00
Reconciliation Nexus,,,failed,False,2026-08-17T21:31:05.600589+09:00
Reconciliation Node,,,failed,False,2026-08-17T21:33:22.663564+09:00
Reconciliation Note,50.0,7.0,success,False,2026-08-19T13:41:59.783078+09:00
Reconciliation Notification,,,failed,False,2026-08-27T22:48:37.138670+09:00
Reconciliation Number,30.0,0.0,success,False,2026-08-23T03:15:59.188624+09:00
Reconciliation Office,20.0,0.0,success,False,2026-08-19T00:04:20.197700+09:00
Reconciliation Ops,,,failed,False,2026-08-17T23:14:51.389027+09:00
Reconciliation Order,90.0,0.0,success,False,2026-08-19T21:56:01.385775+09:00
Reconciliation Organizer,,,failed,False,2026-08-17T23:28:10.025737+09:00
Reconciliation Overage,,,failed,False,2026-08-27T21:47:10.651342+09:00
Reconciliation Overdraft,,,failed,False,2026-08-23T15:51:24.556081+09:00
Reconciliation Overdue,,,failed,False,2026-08-27T21:47:08.253611+09:00
Reconciliation Panel,,,failed,False,2026-08-17T20:33:24.231963+09:00
Reconciliation Pass,,,failed,False,2026-08-21T00:33:43.074758+09:00
Reconciliation Path,,,failed,False,2026-08-17T21:32:53.372558+09:00
Reconciliation Payoff,,,failed,False,2026-08-27T21:47:10.651342+09:00
Reconciliation Penalty,,,failed,False,2026-08-23T16:38:31.502720+09:00
Reconciliation Petition,10.0,0.0,success,False,2026-08-21T01:07:39.342209+09:00
Reconciliation Pilot,,,failed,False,2026-08-17T20:40:20.065990+09:00
Reconciliation Plan,170.0,6.0,success,False,2026-08-21T01:59:00.317369+09:00
Reconciliation Planner,,,failed,False,2026-08-17T23:27:56.034352+09:00
Reconciliation Playbook,,,failed,False,2026-08-18T22:11:53.253087+09:00
Reconciliation Point,,,failed,False,2026-08-17T21:31:41.054400+09:00
Reconciliation Portal,30.0,14.0,success,False,2026-08-17T20:35:15.216607+09:00
Reconciliation Preview,,,failed,False,2026-08-28T01:07:19.474773+09:00
Reconciliation Profile,,,failed,False,2026-08-19T13:42:19.343176+09:00
Reconciliation Profit,,,failed,False,2026-08-23T02:52:49.123666+09:00
Reconciliation Proposal,10.0,0.0,success,False,2026-08-28T01:07:22.099845+09:00
Reconciliation Pulse,,,failed,False,2026-08-17T21:34:57.125142+09:00
Reconciliation Queue,,,failed,False,2026-08-19T21:11:41.705907+09:00
Reconciliation Quota,,,failed,False,2026-08-21T00:34:25.670499+09:00
Reconciliation Radar,,,failed,False,2026-08-17T20:38:33.752321+09:00
Reconciliation Rail,,,failed,False,2026-08-17T21:37:39.097196+09:00
Reconciliation Rate,,,failed,False,2026-08-19T20:39:52.613613+09:00
Reconciliation Recap,,,failed,False,2026-08-21T01:07:49.697646+09:00
Reconciliation Receipt,,,failed,False,2026-08-19T21:56:23.940159+09:00
Reconciliation Recorder,,,failed,False,2026-08-27T23:35:13.146180+09:00
Reconciliation Register,20.0,3.0,success,False,2026-08-17T23:29:23.485940+09:00
Reconciliation Registry,,,failed,False,2026-08-18T22:12:23.623332+09:00
Reconciliation Relay,,,failed,False,2026-08-17T20:37:39.748297+09:00
Reconciliation Reminder,,,failed,False,2026-08-19T21:10:58.611553+09:00
Reconciliation Report,1600.0,4.0,success,False,2026-08-19T13:40:05.769727+09:00
Reconciliation Repository,,,failed,False,2026-08-27T23:14:08.485077+09:00
Reconciliation Result,,,failed,False,2026-08-28T00:48:08.257780+09:00
Reconciliation Roadmap,,,failed,False,2026-08-18T23:51:56.822963+09:00
Reconciliation Roster,,,failed,False,2026-08-19T00:37:28.610789+09:00
Reconciliation Route,,,failed,False,2026-08-17T21:41:07.674308+09:00
Reconciliation Rule,170.0,0.0,success,False,2026-08-23T03:16:13.014331+09:00
Reconciliation Sale,,,failed,False,2026-08-21T02:31:01.801994+09:00
Reconciliation Sample,50.0,0.0,success,False,2026-08-19T21:57:31.477256+09:00
Reconciliation Scale,,,failed,False,2026-08-18T07:43:49.584727+09:00
Reconciliation Scanner,,,failed,False,2026-08-27T23:56:47.564941+09:00
Reconciliation Scheduler,,,failed,False,2026-08-17T23:04:21.710025+09:00
Reconciliation Scope,,,failed,False,2026-08-17T21:38:10.743063+09:00
Reconciliation Score,,,failed,False,2026-08-19T13:41:47.769675+09:00
Reconciliation Sentry,,,failed,False,2026-08-17T20:47:35.936558+09:00
Reconciliation Sheet,390.0,7.0,success,False,2026-08-19T13:41:12.937543+09:00
Reconciliation Shortfall,,,failed,False,2026-08-27T21:47:15.270708+09:00
Reconciliation Signal,,,failed,False,2026-08-17T21:41:39.306179+09:00
Reconciliation Signature,,,failed,False,2026-08-23T13:27:11.117738+09:00
Reconciliation Slip,20.0,3.0,success,False,2026-08-19T21:57:19.204093+09:00
Reconciliation Slot,,,failed,False,2026-08-19T21:57:41.163401+09:00
Reconciliation Snapshot,,,failed,False,2026-08-18T22:12:10.821921+09:00
Reconciliation Stage,70.0,0.0,success,False,2026-08-28T00:48:05.704808+09:00
Reconciliation Statement,2900.0,4.0,success,False,2026-08-21T00:34:07.252682+09:00
Reconciliation Station,,,failed,False,2026-08-17T20:39:04.557611+09:00
Reconciliation Status,90.0,0.0,success,False,2026-08-19T20:39:09.333161+09:00
Reconciliation Stub,,,failed,False,2026-08-21T00:34:01.894402+09:00
Reconciliation Studio,,,failed,False,2026-08-17T20:40:44.017242+09:00
Reconciliation Subsidy,,,failed,False,2026-08-23T15:51:24.556081+09:00
Reconciliation Suite,10.0,0.0,success,False,2026-08-17T23:15:07.247244+09:00
Reconciliation Sum,,,failed,False,2026-08-21T02:30:47.137745+09:00
Reconciliation Summary,170.0,1.0,success,False,2026-08-19T21:10:33.360879+09:00
Reconciliation Surtax,,,failed,False,2026-08-23T15:51:28.689965+09:00
Reconciliation Sync,,,failed,False,2026-08-17T20:42:43.172174+09:00
Reconciliation Tab,,,failed,False,2026-08-21T00:34:35.312701+09:00
Reconciliation Table,110.0,2.0,success,False,2026-08-19T21:56:59.723896+09:00
Reconciliation Tag,,,failed,False,2026-08-19T13:42:11.114118+09:00
Reconciliation Tally,,,failed,False,2026-08-21T00:34:11.970110+09:00
Reconciliation Tariff,,,failed,False,2026-08-21T02:37:07.617432+09:00
Reconciliation Tax,590.0,6.0,success,False,2026-08-21T02:14:45.406179+09:00
Reconciliation Ticket,,,failed,False,2026-08-19T21:11:29.135916+09:00
Reconciliation Timeline,40.0,2.0,success,False,2026-08-19T21:10:44.368255+09:00
Reconciliation Toll,,,failed,False,2026-08-21T02:36:58.611410+09:00
Reconciliation Toolbox,,,failed,False,2026-08-28T00:26:03.782064+09:00
Reconciliation Toolkit,,,failed,False,2026-08-18T22:11:43.174107+09:00
Reconciliation Total,,,failed,False,2026-08-27T23:14:01.250377+09:00
Reconciliation Tracker,20.0,24.0,success,False,2026-08-17T20:43:36.337910+09:00
Reconciliation Trail,,,failed,False,2026-08-17T21:36:32.684484+09:00
Reconciliation Trend,,,failed,False,2026-08-28T01:07:16.006245+09:00
Reconciliation Trial,,,failed,False,2026-08-27T21:16:07.337495+09:00
Reconciliation Unit,,,failed,False,2026-08-21T01:58:57.371926+09:00
Reconciliation Update,20.0,0.0,success,False,2026-08-19T20:40:02.454787+09:00
Reconciliation Value,,,failed,False,2026-08-23T02:52:51.254134+09:00
Reconciliation Vault,,,failed,False,2026-08-17T20:36:40.845127+09:00
Reconciliation Version,,,failed,False,2026-08-23T03:16:04.926690+09:00
Reconciliation View,,,failed,False,2026-08-19T20:39:21.250222+09:00
Reconciliation Voucher,20.0,4.0,success,False,2026-08-21T00:33:48.597432+09:00
Reconciliation Watch,,,failed,False,2026-08-17T21:39:37.908878+09:00
Reconciliation Wave,,,failed,False,2026-08-17T21:33:53.413747+09:00
Reconciliation Widget,,,failed,False,2026-08-27T23:14:03.822687+09:00
Reconciliation Workbench,,,failed,False,2026-08-18T22:11:37.206712+09:00
Reconciliation Worksheet,110.0,10.0,success,False,2026-08-27T22:10:43.212581+09:00
Reconciliation Workshop,10.0,0.0,success,False,2026-08-28T00:26:01.082990+09:00
Reconciliation Zone,,,failed,False,2026-08-17T20:36:12.301778+09:00
Records Advance,,,failed,False,2026-08-23T16:13:06.452746+09:00
Records Advisory,,,failed,False,2026-08-21T01:06:23.582625+09:00
Records Allowance,,,failed,False,2026-08-21T02:45:23.002534+09:00
Records Almanac,,,failed,False,2026-08-18T22:10:45.324652+09:00
Records Analyzer,,,failed,False,2026-08-27T23:56:27.794878+09:00
Records Anchor,,,failed,False,2026-08-17T20:43:38.857738+09:00
Records Arrears,,,failed,False,2026-08-23T16:13:03.003819+09:00
Records Asset,,,failed,False,2026-08-23T13:46:12.042463+09:00
Records Assistant,880.0,0.0,success,False,2026-08-17T23:10:20.263689+09:00
Records Atlas,,,failed,False,2026-08-17T20:34:20.444490+09:00
Records Attribute,,,failed,False,2026-08-23T13:05:25.615596+09:00
Records Badge,,,failed,False,2026-08-21T00:32:38.054061+09:00
Records Base,1600.0,0.0,success,True,2026-08-18T07:52:46.019796+09:00
Records Beacon,,,failed,False,2026-08-17T20:47:39.394205+09:00
Records Bill,,,failed,False,2026-08-19T21:53:52.421179+09:00
Records Blueprint,,,failed,False,2026-08-18T22:10:38.085042+09:00
Records Board,590.0,48.0,success,False,2026-08-17T21:38:13.718334+09:00
Records Book,22200.0,47.0,success,False,2026-08-19T21:54:42.461641+09:00
Records Bridge,,,failed,False,2026-08-17T20:44:25.446111+09:00
Records Brief,,,failed,False,2026-08-21T01:06:16.364943+09:00
Records Bulletin,,,failed,False,2026-08-21T01:06:12.457382+09:00
Records Cabinet,12100.0,100.0,success,False,2026-08-27T23:13:34.759239+09:00
Records Calendar,90.0,8.0,success,False,2026-08-19T00:01:57.884072+09:00
Records Card,5400.0,33.0,success,False,2026-08-19T13:37:32.755916+09:00
Records Cascade,,,failed,False,2026-08-17T20:45:30.439940+09:00
Records Cash,,,failed,False,2026-08-21T02:30:05.549953+09:00
Records Catalog,110.0,5.0,success,False,2026-08-19T21:09:24.314607+09:00
Records Category,50.0,0.0,success,False,2026-08-23T13:05:23.446570+09:00
Records Center,1600.0,2.0,success,False,2026-08-17T21:31:44.399230+09:00
Records Chain,,,failed,False,2026-08-17T20:39:05.666395+09:00
Records Charge,,,failed,False,2026-08-21T02:45:13.542612+09:00
Records Check,2400.0,27.0,success,False,2026-08-19T13:37:50.110679+09:00
Records Checker,2400.0,27.0,success,False,2026-08-27T23:56:20.084184+09:00
Records Checklist,,,failed,False,2026-08-19T21:08:23.714003+09:00
Records Circular,,,failed,False,2026-08-21T01:06:19.538829+09:00
Records Cockpit,,,failed,False,2026-08-17T23:26:58.468073+09:00
Records Code,170.0,0.0,success,False,2026-08-19T21:54:13.234763+09:00
Records Codex,,,failed,False,2026-08-18T22:11:03.707718+09:00
Records Companion,,,failed,False,2026-08-17T23:08:17.909902+09:00
Records Comparison,,,failed,False,2026-08-28T01:06:43.929748+09:00
Records Compass,,,failed,False,2026-08-17T21:30:02.792774+09:00
Records Compendium,,,failed,False,2026-08-18T22:10:56.062577+09:00
Records Confirmation,,,failed,False,2026-08-21T01:06:33.871335+09:00
Records Console,,,failed,False,2026-08-17T20:46:59.199715+09:00
Records Contribution,,,failed,False,2026-08-23T16:12:59.279314+09:00
Records Converter,110.0,11.0,success,False,2026-08-27T23:34:49.517197+09:00
Records Core,,,failed,False,2026-08-17T21:41:39.306179+09:00
Records Cost,170.0,11.0,success,False,2026-08-21T02:13:51.922112+09:00
Records Count,390.0,1.0,success,False,2026-08-27T22:48:17.330576+09:00
Records Counter,,,failed,False,2026-08-19T00:02:41.985677+09:00
Records Dashboard,,,failed,False,2026-08-17T23:13:34.703463+09:00
Records Deal,1900.0,8.0,success,False,2026-08-21T01:58:06.326002+09:00
Records Debt,,,failed,False,2026-08-21T02:29:53.730886+09:00
Records Deck,,,failed,False,2026-08-17T21:37:02.739524+09:00
Records Depot,10.0,1.0,success,False,2026-08-19T00:02:27.896414+09:00
Records Desk,,,failed,False,2026-08-17T21:34:26.372304+09:00
Records Detail,,,failed,False,2026-08-23T03:15:22.651664+09:00
Records Detector,,,failed,False,2026-08-27T23:56:25.215119+09:00
Records Diagram,,,failed,False,2026-08-27T22:10:10.749365+09:00
Records Dial,,,failed,False,2026-08-17T20:44:58.380838+09:00
Records Digest,,,failed,False,2026-08-19T20:38:07.942341+09:00
Records Directory,90.0,1.0,success,False,2026-08-19T00:02:04.506577+09:00
Records Discount,,,failed,False,2026-08-23T16:12:54.608017+09:00
Records Dock,,,failed,False,2026-08-17T20:41:30.101842+09:00
Records Dossier,,,failed,False,2026-08-21T01:06:44.007854+09:00
Records Downpayment,,,failed,False,2026-08-27T21:46:47.630562+09:00
Records Draft,,,failed,False,2026-08-19T20:38:24.406986+09:00
Records Due,,,failed,False,2026-08-23T15:51:15.880461+09:00
Records Duty,,,failed,False,2026-08-21T02:45:16.049005+09:00
Records Engine,,,failed,False,2026-08-17T23:25:59.230175+09:00
Records Entry,,,failed,False,2026-08-21T01:06:56.173532+09:00
Records Estimate,,,failed,False,2026-08-19T21:09:10.178555+09:00
Records Excerpt,,,failed,False,2026-08-21T01:06:51.131996+09:00
Records Extension,480.0,11.0,success,False,2026-08-23T16:38:19.079152+09:00
Records Fare,,,failed,False,2026-08-21T02:13:55.363048+09:00
Records Fee,,,failed,False,2026-08-21T01:57:52.664433+09:00
Records Feed,,,failed,False,2026-08-19T20:38:14.851338+09:00
Records File,3600.0,21.0,success,False,2026-08-19T20:37:37.988161+09:00
Records Finder,4400.0,25.0,success,False,2026-08-19T00:02:18.071698+09:00
Records Fine,,,failed,False,2026-08-23T02:52:28.484811+09:00
Records Flag,,,failed,False,2026-08-21T00:33:12.400590+09:00
Records Flow,,,failed,False,2026-08-17T21:37:39.097196+09:00
Records Forge,,,failed,False,2026-08-17T20:46:22.420312+09:00
Records Form,720.0,1.0,success,False,2026-08-19T13:37:07.437416+09:00
Records Format,110.0,0.0,success,False,2026-08-23T13:05:30.348326+09:00
Records Frame,4400.0,100.0,success,False,2026-08-17T20:31:41.996994+09:00
Records Fund,,,failed,False,2026-08-21T02:29:56.209810+09:00
Records Gate,,,failed,False,2026-08-17T20:36:13.174234+09:00
Records Grade,,,failed,False,2026-08-21T00:32:59.208813+09:00
Records Grid,,,failed,False,2026-08-17T20:39:28.862436+09:00
Records Guarantee,,,failed,False,2026-08-28T01:06:51.354656+09:00
Records Guard,,,failed,False,2026-08-18T07:52:19.092235+09:00
Records Guardian,,,failed,False,2026-08-28T00:25:39.840423+09:00
Records Guidebook,,,failed,False,2026-08-18T22:10:20.360888+09:00
Records Helpdesk,,,failed,False,2026-08-27T22:48:17.330576+09:00
Records Helper,,,failed,False,2026-08-28T00:25:42.430031+09:00
Records History,1300.0,0.0,success,True,2026-08-19T20:37:28.019595+09:00
Records Hotline,,,failed,False,2026-08-19T21:09:34.510109+09:00
Records Hub,110.0,2.0,success,False,2026-08-17T21:36:32.684484+09:00
Records Identifier,,,failed,False,2026-08-23T13:05:20.503897+09:00
Records Index,480.0,1.0,success,False,2026-08-19T21:08:33.836263+09:00
Records Insight,,,failed,False,2026-08-17T23:26:41.280182+09:00
Records Installment,,,failed,False,2026-08-23T16:12:54.608017+09:00
Records Item,,,failed,False,2026-08-21T01:57:57.210014+09:00
Records Journal,6600.0,8.0,success,False,2026-08-18T22:10:06.625362+09:00
Records Keeper,1900.0,1.0,success,False,2026-08-17T20:32:14.147491+09:00
Records Lab,,,failed,False,2026-08-17T21:34:57.125142+09:00
Records Label,27100.0,5.0,success,False,2026-08-27T22:09:58.164830+09:00
Records Layout,,,failed,False,2026-08-27T22:28:51.186281+09:00
Records Ledger,,,failed,False,2026-08-17T21:39:40.995935+09:00
Records Lens,,,failed,False,2026-08-17T20:32:53.240136+09:00
Records Level,320.0,0.0,success,False,2026-08-19T20:37:45.715949+09:00
Records Levy,,,failed,False,2026-08-23T13:46:16.255562+09:00
Records Link,320.0,2.0,success,False,2026-08-23T03:15:10.473494+09:00
Records List,720.0,0.0,success,False,2026-08-19T21:54:22.632140+09:00
Records Loan,,,failed,False,2026-08-21T02:14:02.511057+09:00
Records Locator,1600.0,2.0,success,False,2026-08-19T00:02:12.644181+09:00
Records Lock,,,failed,False,2026-08-17T20:34:44.892914+09:00
Records Log,210.0,7.0,success,False,2026-08-19T13:36:57.023796+09:00
Records Loop,,,failed,False,2026-08-17T20:40:21.350341+09:00
Records Manager,1000.0,3.0,success,False,2026-08-18T07:43:38.150133+09:00
Records Manual,390.0,1.0,success,False,2026-08-27T22:10:01.202227+09:00
Records Map,,,failed,False,2026-08-17T20:33:56.397010+09:00
Records Marker,,,failed,False,2026-08-23T13:26:57.143655+09:00
Records Memo,,,failed,False,2026-08-21T00:33:03.712506+09:00
Records Message,,,failed,False,2026-08-27T23:13:28.057978+09:00
Records Meter,,,failed,False,2026-08-17T20:44:06.631034+09:00
Records Metrics,,,failed,False,2026-08-17T23:06:32.975995+09:00
Records Monitor,,,failed,False,2026-08-17T23:11:56.017978+09:00
Records Navigator,,,failed,False,2026-08-17T23:27:14.779355+09:00
Records Nexus,,,failed,False,2026-08-17T20:35:16.626138+09:00
Records Node,,,failed,False,2026-08-17T20:37:14.189830+09:00
Records Note,,,failed,False,2026-08-19T13:38:17.915581+09:00
Records Notification,,,failed,False,2026-08-27T22:48:06.633980+09:00
Records Number,1000.0,2.0,success,False,2026-08-23T03:15:03.447052+09:00
Records Office,1900.0,2.0,success,False,2026-08-19T00:02:34.221000+09:00
Records Ops,,,failed,False,2026-08-17T23:15:10.071233+09:00
Records Order,,,failed,False,2026-08-19T21:53:37.602067+09:00
Records Organizer,1300.0,100.0,success,False,2026-08-17T23:26:27.360355+09:00
Records Overdue,,,failed,False,2026-08-27T21:46:44.901733+09:00
Records Panel,,,failed,False,2026-08-17T20:45:54.147634+09:00
Records Pass,110.0,0.0,success,False,2026-08-21T00:32:26.715092+09:00
Records Path,,,failed,False,2026-08-17T20:36:43.272468+09:00
Records Penalty,,,failed,False,2026-08-23T16:38:14.137829+09:00
Records Petition,,,failed,False,2026-08-21T01:06:30.195338+09:00
Records Pilot,,,failed,False,2026-08-17T21:35:30.145341+09:00
Records Plan,,,failed,False,2026-08-21T01:58:05.254245+09:00
Records Planner,,,failed,False,2026-08-17T23:26:13.004123+09:00
Records Playbook,,,failed,False,2026-08-18T22:09:58.381010+09:00
Records Point,1900.0,9.0,success,False,2026-08-17T20:35:47.352548+09:00
Records Portal,110.0,3.0,success,False,2026-08-17T20:48:18.389398+09:00
Records Preview,,,failed,False,2026-08-28T01:06:43.929748+09:00
Records Profile,,,failed,False,2026-08-19T13:38:55.423036+09:00
Records Profit,210.0,1.0,success,False,2026-08-23T02:58:53.611200+09:00
Records Proposal,,,failed,False,2026-08-28T01:06:48.738756+09:00
Records Pulse,,,failed,False,2026-08-17T20:38:33.752321+09:00
Records Queue,,,failed,False,2026-08-19T21:08:56.210906+09:00
Records Quota,,,failed,False,2026-08-21T00:33:08.035106+09:00
Records Radar,,,failed,False,2026-08-17T21:33:24.629057+09:00
Records Rail,,,failed,False,2026-08-17T20:40:45.689604+09:00
Records Rate,,,failed,False,2026-08-19T20:37:52.054454+09:00
Records Recap,,,failed,False,2026-08-21T01:06:46.678178+09:00
Records Receipt,,,failed,False,2026-08-19T21:54:00.654442+09:00
Records Register,1000.0,19.0,success,False,2026-08-17T23:27:29.516151+09:00
Records Registry,1000.0,19.0,success,False,2026-08-18T22:10:30.545293+09:00
Records Relay,,,failed,False,2026-08-17T21:32:20.148818+09:00
Records Reminder,,,failed,False,2026-08-19T21:08:13.592372+09:00
Records Report,1000.0,2.0,success,False,2026-08-19T13:36:47.380431+09:00
Records Repository,30.0,1.0,success,False,2026-08-27T23:13:41.688189+09:00
Records Roadmap,,,failed,False,2026-08-18T22:11:09.923371+09:00
Records Roster,,,failed,False,2026-08-19T00:37:04.451901+09:00
Records Route,,,failed,False,2026-08-17T20:42:16.988485+09:00
Records Rule,,,failed,False,2026-08-23T03:15:19.125629+09:00
Records Sale,18100.0,22.0,success,False,2026-08-21T02:30:08.779542+09:00
Records Scale,,,failed,False,2026-08-17T20:43:12.470155+09:00
Records Scanner,1300.0,9.0,success,False,2026-08-27T23:56:22.652242+09:00
Records Scheduler,,,failed,False,2026-08-17T23:04:40.930662+09:00
Records Scope,,,failed,False,2026-08-17T20:41:07.425187+09:00
Records Score,,,failed,False,2026-08-19T13:37:57.164882+09:00
Records Sentry,,,failed,False,2026-08-17T20:33:24.231963+09:00
Records Sheet,1900.0,11.0,success,False,2026-08-19T13:37:39.358157+09:00
Records Shortfall,,,failed,False,2026-08-27T21:46:49.880048+09:00
Records Signal,,,failed,False,2026-08-17T20:42:43.172174+09:00
Records Slot,,,failed,False,2026-08-19T21:55:14.913375+09:00
Records Snapshot,,,failed,False,2026-08-18T22:10:14.241136+09:00
Records Stamp,,,failed,False,2026-08-23T13:27:00.453108+09:00
Records Statement,,,failed,False,2026-08-21T00:32:50.317142+09:00
Records Station,2900.0,11.0,success,False,2026-08-17T21:33:56.834131+09:00
Records Status,,,failed,False,2026-08-19T20:49:38.357241+09:00
Records Stub,,,failed,False,2026-08-21T00:32:45.504063+09:00
Records Studio,74000.0,16.0,success,False,2026-08-17T21:36:05.315924+09:00
Records Suite,,,failed,False,2026-08-17T23:15:27.187478+09:00
Records Sum,,,failed,False,2026-08-21T02:29:49.445628+09:00
Records Summary,,,failed,False,2026-08-19T21:07:53.338438+09:00
Records Sync,,,failed,False,2026-08-17T21:39:02.253193+09:00
Records Tab,,,failed,False,2026-08-21T00:33:17.387160+09:00
Records Table,4400.0,100.0,success,False,2026-08-19T21:54:34.064665+09:00
Records Tag,,,failed,False,2026-08-19T13:38:33.395376+09:00
Records Tally,,,failed,False,2026-08-21T00:32:54.976982+09:00
Records Tariff,,,failed,False,2026-08-21T02:45:28.044980+09:00
Records Tax,40.0,3.0,success,False,2026-08-21T02:13:59.319117+09:00
Records Ticket,,,failed,False,2026-08-19T21:08:46.825044+09:00
Records Timeline,,,failed,False,2026-08-19T21:08:03.467133+09:00
Records Toll,,,failed,False,2026-08-21T02:45:19.238792+09:00
Records Toolbox,,,failed,False,2026-08-28T00:25:39.840423+09:00
Records Toolkit,10.0,0.0,success,False,2026-08-18T22:09:52.210960+09:00
Records Total,,,failed,False,2026-08-27T23:13:28.057978+09:00
Records Tracker,,,failed,False,2026-08-17T21:41:07.674308+09:00
Records Trail,,,failed,False,2026-08-17T20:39:57.613991+09:00
Records Trend,,,failed,False,2026-08-28T01:06:41.346901+09:00
Records Trial,,,failed,False,2026-08-27T21:15:37.893274+09:00
Records Unit,590.0,100.0,success,False,2026-08-21T01:58:00.854013+09:00
Records Update,480.0,1.0,success,False,2026-08-19T20:38:01.262466+09:00
Records Value,1900.0,15.0,success,False,2026-08-23T02:58:53.611200+09:00
Records Vault,880.0,3.0,success,False,2026-08-17T21:31:08.679950+09:00
Records Version,,,failed,False,2026-08-23T03:15:06.713636+09:00
Records View,140.0,0.0,success,False,2026-08-19T20:37:18.555970+09:00
Records Watch,720.0,92.0,success,False,2026-08-17T20:41:57.166662+09:00
Records Wave,,,failed,False,2026-08-17T20:37:44.009684+09:00
Records Widget,,,failed,False,2026-08-27T23:13:31.938909+09:00
Records Workbench,,,failed,False,2026-08-18T22:09:42.242317+09:00
Records Worksheet,10.0,0.0,success,False,2026-08-27T22:10:01.202227+09:00
Records Workshop,,,failed,False,2026-08-28T00:25:34.855882+09:00
Records Zone,320.0,1.0,success,False,2026-08-17T21:30:37.005083+09:00
Recruiting Advance,10.0,0.0,success,False,2026-08-23T16:13:26.521734+09:00
Recruiting Advisory,,,failed,False,2026-08-21T01:07:09.616987+09:00
Recruiting Allowance,50.0,1.0,success,False,2026-08-21T02:36:41.492996+09:00
Recruiting Almanac,,,failed,False,2026-08-18T22:12:02.089704+09:00
Recruiting Analyzer,,,failed,False,2026-08-27T23:56:38.183826+09:00
Recruiting Anchor,,,failed,False,2026-08-17T20:35:47.352548+09:00
Recruiting Announcement,210.0,1.0,success,False,2026-08-27T23:34:59.997959+09:00
Recruiting Arrears,,,failed,False,2026-08-23T16:13:24.161828+09:00
Recruiting Assistant,1300.0,7.0,success,False,2026-08-17T23:27:13.113305+09:00
Recruiting Atlas,,,failed,False,2026-08-17T21:35:24.685319+09:00
Recruiting Attribute,,,failed,False,2026-08-23T13:05:41.403029+09:00
Recruiting Badge,210.0,56.0,success,False,2026-08-21T00:33:25.139045+09:00
Recruiting Base,,,failed,False,2026-08-17T21:31:44.399230+09:00
Recruiting Beacon,,,failed,False,2026-08-17T20:39:25.387216+09:00
Recruiting Bill,10.0,0.0,success,False,2026-08-19T21:55:20.954175+09:00
Recruiting Blueprint,30.0,7.0,success,False,2026-08-18T22:11:53.253087+09:00
Recruiting Board,720.0,2.0,success,False,2026-08-17T20:46:59.199715+09:00
Recruiting Book,480.0,36.0,success,False,2026-08-19T21:56:14.793890+09:00
Recruiting Bridge,10.0,14.0,success,False,2026-08-17T20:36:43.272468+09:00
Recruiting Brief,50.0,9.0,success,False,2026-08-21T01:07:00.683520+09:00
Recruiting Bulletin,,,failed,False,2026-08-21T01:06:56.173532+09:00
Recruiting Calculator,70.0,0.0,success,False,2026-08-27T23:34:59.997959+09:00
Recruiting Calendar,390.0,0.0,success,False,2026-08-19T00:03:04.417889+09:00
Recruiting Card,390.0,12.0,success,False,2026-08-19T13:39:37.773489+09:00
Recruiting Cascade,,,failed,False,2026-08-17T20:37:39.748297+09:00
Recruiting Cash,,,failed,False,2026-08-21T02:30:37.873895+09:00
Recruiting Cashback,,,failed,False,2026-08-27T21:15:51.614768+09:00
Recruiting Catalog,,,failed,False,2026-08-19T21:11:09.453565+09:00
Recruiting Category,10.0,0.0,success,False,2026-08-23T13:05:39.073326+09:00
Recruiting Center,1900.0,22.0,success,False,2026-08-17T20:41:27.066117+09:00
Recruiting Chain,,,failed,False,2026-08-18T07:43:49.584727+09:00
Recruiting Charge,,,failed,False,2026-08-21T02:45:41.299406+09:00
Recruiting Check,20.0,31.0,success,False,2026-08-19T13:40:05.769727+09:00
Recruiting Checker,,,failed,False,2026-08-27T23:56:35.462889+09:00
Recruiting Checklist,260.0,13.0,success,False,2026-08-19T21:10:13.375829+09:00
Recruiting Circular,,,failed,False,2026-08-21T01:07:05.419425+09:00
Recruiting Cockpit,,,failed,False,2026-08-17T23:04:21.710025+09:00
Recruiting Code,70.0,0.0,success,False,2026-08-19T21:55:41.048712+09:00
Recruiting Codex,,,failed,False,2026-08-18T22:12:17.661018+09:00
Recruiting Companion,,,failed,False,2026-08-17T23:28:25.880563+09:00
Recruiting Comparison,,,failed,False,2026-08-28T01:07:08.336538+09:00
Recruiting Compass,10.0,9.0,success,False,2026-08-17T20:40:21.350341+09:00
Recruiting Compendium,,,failed,False,2026-08-18T22:12:10.821921+09:00
Recruiting Confirmation,,,failed,False,2026-08-21T01:07:19.627545+09:00
Recruiting Console,,,failed,False,2026-08-17T20:39:04.557611+09:00
Recruiting Contribution,,,failed,False,2026-08-23T16:13:20.971458+09:00
Recruiting Core,,,failed,False,2026-08-17T21:30:33.048254+09:00
Recruiting Cost,480.0,7.0,success,False,2026-08-21T02:14:16.325639+09:00
Recruiting Counter,,,failed,False,2026-08-19T00:03:46.728628+09:00
Recruiting Coupon,,,failed,False,2026-08-27T21:15:51.614768+09:00
Recruiting Dashboard,1600.0,24.0,success,False,2026-08-17T23:28:10.025737+09:00
Recruiting Deal,,,failed,False,2026-08-21T01:58:44.645317+09:00
Recruiting Debt,,,failed,False,2026-08-21T02:30:30.378357+09:00
Recruiting Deck,,,failed,False,2026-08-17T20:45:52.903104+09:00
Recruiting Depot,10.0,0.0,success,False,2026-08-19T00:03:31.307926+09:00
Recruiting Desk,70.0,5.0,success,False,2026-08-17T20:43:36.337910+09:00
Recruiting Detail,,,failed,False,2026-08-23T03:15:55.657138+09:00
Recruiting Detector,,,failed,False,2026-08-27T23:56:38.183826+09:00
Recruiting Diagram,,,failed,False,2026-08-27T22:10:35.314261+09:00
Recruiting Dial,,,failed,False,2026-08-17T20:37:14.189830+09:00
Recruiting Digest,,,failed,False,2026-08-19T20:39:30.002249+09:00
Recruiting Directory,880.0,6.0,success,False,2026-08-19T00:03:09.712807+09:00
Recruiting Discount,,,failed,False,2026-08-23T16:13:18.611192+09:00
Recruiting Dock,,,failed,False,2026-08-17T20:33:24.231963+09:00
Recruiting Dossier,,,failed,False,2026-08-21T01:07:24.154176+09:00
Recruiting Downpayment,,,failed,False,2026-08-27T21:47:05.962227+09:00
Recruiting Draft,,,failed,False,2026-08-19T20:39:43.818952+09:00
Recruiting Duty,40.0,1.0,success,False,2026-08-21T02:36:33.361411+09:00
Recruiting Engine,50.0,44.0,success,False,2026-08-17T23:13:34.703463+09:00
Recruiting Entry,,,failed,False,2026-08-21T01:07:39.342209+09:00
Recruiting Estimate,,,failed,False,2026-08-19T21:10:58.611553+09:00
Recruiting Estimator,,,failed,False,2026-08-27T23:56:32.424799+09:00
Recruiting Excerpt,,,failed,False,2026-08-21T01:07:33.646226+09:00
Recruiting Extension,10.0,,success,False,2026-08-23T16:38:29.056767+09:00
Recruiting Fare,,,failed,False,2026-08-21T02:14:24.666160+09:00
Recruiting Fee,590.0,4.0,success,False,2026-08-21T01:58:34.274743+09:00
Recruiting Feed,,,failed,False,2026-08-19T20:39:37.927726+09:00
Recruiting Field,140.0,3.0,success,False,2026-08-23T13:05:43.515456+09:00
Recruiting File,,,failed,False,2026-08-19T20:38:53.768635+09:00
Recruiting Finder,,,failed,False,2026-08-19T00:03:25.935082+09:00
Recruiting Fine,,,failed,False,2026-08-23T02:52:49.123666+09:00
Recruiting Flag,,,failed,False,2026-08-21T00:34:07.252682+09:00
Recruiting Flow,170.0,34.0,success,False,2026-08-17T20:46:22.420312+09:00
Recruiting Forge,,,failed,False,2026-08-17T20:38:33.752321+09:00
Recruiting Form,880.0,8.0,success,False,2026-08-19T13:39:26.336599+09:00
Recruiting Format,,,failed,False,2026-08-23T13:05:45.716846+09:00
Recruiting Frame,,,failed,False,2026-08-17T21:32:57.336519+09:00
Recruiting Fund,,,failed,False,2026-08-21T02:30:33.788820+09:00
Recruiting Gate,,,failed,False,2026-08-17T21:37:39.097196+09:00
Recruiting Giveaway,,,failed,False,2026-08-27T21:16:00.984636+09:00
Recruiting Grade,,,failed,False,2026-08-21T00:33:50.963808+09:00
Recruiting Graph,,,failed,False,2026-08-27T22:10:26.332247+09:00
Recruiting Grid,,,failed,False,2026-08-18T07:52:46.019796+09:00
Recruiting Guarantee,,,failed,False,2026-08-28T01:07:13.467074+09:00
Recruiting Guard,,,failed,False,2026-08-17T21:31:05.600589+09:00
Recruiting Guidebook,,,failed,False,2026-08-18T22:11:37.206712+09:00
Recruiting Helpdesk,,,failed,False,2026-08-27T22:48:37.138670+09:00
Recruiting Helper,390.0,21.0,success,False,2026-08-28T00:25:56.872854+09:00
Recruiting History,70.0,2.0,success,False,2026-08-19T20:38:42.409315+09:00
Recruiting Hotline,,,failed,False,2026-08-19T21:11:19.546080+09:00
Recruiting Hub,2400.0,7.0,success,False,2026-08-17T20:45:30.439940+09:00
Recruiting Identifier,,,failed,False,2026-08-23T13:05:36.623967+09:00
Recruiting Incentive,,,failed,False,2026-08-27T21:15:54.960799+09:00
Recruiting Index,140.0,3.0,success,False,2026-08-19T21:10:24.800768+09:00
Recruiting Insight,90.0,9.0,success,False,2026-08-17T23:10:02.526148+09:00
Recruiting Installment,,,failed,False,2026-08-23T16:13:20.971458+09:00
Recruiting Item,,,failed,False,2026-08-21T01:58:35.810953+09:00
Recruiting Journal,20.0,10.0,success,False,2026-08-18T22:11:19.240583+09:00
Recruiting Keeper,,,failed,False,2026-08-17T21:33:22.663564+09:00
Recruiting Kit,,,failed,False,2026-08-27T22:48:31.695595+09:00
Recruiting Lab,210.0,4.0,success,False,2026-08-17T20:44:06.631034+09:00
Recruiting Label,,,failed,False,2026-08-27T22:10:29.150854+09:00
Recruiting Ledger,,,failed,False,2026-08-17T20:48:18.389398+09:00
Recruiting Lens,,,failed,False,2026-08-17T21:33:53.413747+09:00
Recruiting Level,,,failed,False,2026-08-19T20:39:03.354865+09:00
Recruiting Levy,,,failed,False,2026-08-23T13:46:24.718234+09:00
Recruiting Link,,,failed,False,2026-08-23T03:15:49.113628+09:00
Recruiting List,210.0,2.0,success,False,2026-08-19T21:55:49.933305+09:00
Recruiting Loan,,,failed,False,2026-08-21T02:14:32.398981+09:00
Recruiting Locator,,,failed,False,2026-08-19T00:03:16.369023+09:00
Recruiting Lock,,,failed,False,2026-08-17T21:36:00.741055+09:00
Recruiting Log,30.0,16.0,success,False,2026-08-19T13:39:03.234764+09:00
Recruiting Loop,,,failed,False,2026-08-17T20:31:41.996994+09:00
Recruiting Manager,3600.0,7.0,success,False,2026-08-17T21:32:20.148818+09:00
Recruiting Manual,90.0,4.0,success,False,2026-08-27T22:10:29.150854+09:00
Recruiting Map,90.0,2.0,success,False,2026-08-17T21:34:57.125142+09:00
Recruiting Markup,,,failed,False,2026-08-23T16:38:26.896926+09:00
Recruiting Memo,,,failed,False,2026-08-21T00:33:55.661658+09:00
Recruiting Message,880.0,0.0,success,False,2026-08-27T23:13:53.622178+09:00
Recruiting Meter,,,failed,False,2026-08-17T20:36:13.174234+09:00
Recruiting Metrics,1600.0,16.0,success,False,2026-08-17T23:27:56.034352+09:00
Recruiting Monitor,,,failed,False,2026-08-17T23:27:42.956477+09:00
Recruiting Navigator,,,failed,False,2026-08-17T23:11:35.407010+09:00
Recruiting Nexus,,,failed,False,2026-08-17T21:36:32.684484+09:00
Recruiting Node,,,failed,False,2026-08-17T21:38:46.123803+09:00
Recruiting Note,,,failed,False,2026-08-19T13:40:38.246974+09:00
Recruiting Notification,,,failed,False,2026-08-27T22:48:31.695595+09:00
Recruiting Number,170.0,4.0,success,False,2026-08-23T03:15:38.644159+09:00
Recruiting Office,6600.0,34.0,success,False,2026-08-19T00:03:38.462918+09:00
Recruiting Ops,170.0,7.0,success,False,2026-08-17T23:28:46.712952+09:00
Recruiting Order,,,failed,False,2026-08-19T21:55:12.102159+09:00
Recruiting Organizer,,,failed,False,2026-08-17T23:15:10.071233+09:00
Recruiting Overage,,,failed,False,2026-08-27T21:47:03.271568+09:00
Recruiting Overdue,,,failed,False,2026-08-27T21:46:57.331452+09:00
Recruiting Panel,170.0,14.0,success,False,2026-08-17T20:38:07.696860+09:00
Recruiting Path,10.0,4.0,success,False,2026-08-17T21:38:10.743063+09:00
Recruiting Payoff,,,failed,False,2026-08-27T21:47:00.631100+09:00
Recruiting Penalty,,,failed,False,2026-08-23T16:38:24.543370+09:00
Recruiting Petition,,,failed,False,2026-08-21T01:07:15.275377+09:00
Recruiting Pilot,,,failed,False,2026-08-17T20:44:25.446111+09:00
Recruiting Plan,1300.0,11.0,success,False,2026-08-21T01:58:41.656184+09:00
Recruiting Planner,,,failed,False,2026-08-17T23:08:17.909902+09:00
Recruiting Playbook,140.0,41.0,success,False,2026-08-18T22:11:09.923371+09:00
Recruiting Point,50.0,4.0,success,False,2026-08-17T21:36:59.022364+09:00
Recruiting Portal,74000.0,1.0,success,False,2026-08-17T20:39:57.613991+09:00
Recruiting Preview,,,failed,False,2026-08-28T01:07:11.009484+09:00
Recruiting Profile,720.0,10.0,success,False,2026-08-19T13:41:12.937543+09:00
Recruiting Profit,,,failed,False,2026-08-23T02:52:35.436753+09:00
Recruiting Proposal,140.0,7.0,success,False,2026-08-28T01:07:11.009484+09:00
Recruiting Pulse,,,failed,False,2026-08-17T21:41:39.306179+09:00
Recruiting Queue,,,failed,False,2026-08-19T21:10:44.368255+09:00
Recruiting Quota,,,failed,False,2026-08-21T00:34:01.894402+09:00
Recruiting Radar,20.0,22.0,success,False,2026-08-17T20:42:43.172174+09:00
Recruiting Rail,,,failed,False,2026-08-17T20:32:14.147491+09:00
Recruiting Rate,140.0,1.0,success,False,2026-08-19T20:39:09.333161+09:00
Recruiting Recap,,,failed,False,2026-08-21T01:07:29.159320+09:00
Recruiting Register,,,failed,False,2026-08-17T23:06:12.301553+09:00
Recruiting Registry,90.0,6.0,success,False,2026-08-18T22:11:43.174107+09:00
Recruiting Relay,,,failed,False,2026-08-17T20:41:55.751231+09:00
Recruiting Reminder,,,failed,False,2026-08-19T21:10:02.424096+09:00
Recruiting Report,480.0,10.0,success,False,2026-08-19T13:38:55.423036+09:00
Recruiting Repository,,,failed,False,2026-08-27T23:13:58.602342+09:00
Recruiting Roadmap,50.0,14.0,success,False,2026-08-18T22:12:23.623332+09:00
Recruiting Roster,,,failed,False,2026-08-19T00:37:21.857423+09:00
Recruiting Route,,,failed,False,2026-08-17T20:34:20.444490+09:00
Recruiting Rule,,,failed,False,2026-08-23T03:15:51.596433+09:00
Recruiting Sale,,,failed,False,2026-08-21T02:30:41.751111+09:00
Recruiting Sample,,,failed,False,2026-08-19T21:56:37.173014+09:00
Recruiting Scale,,,failed,False,2026-08-17T20:35:15.216607+09:00
Recruiting Scanner,,,failed,False,2026-08-27T23:56:35.462889+09:00
Recruiting Scheduler,110.0,1.0,success,False,2026-08-17T23:27:26.699527+09:00
Recruiting Scope,,,failed,False,2026-08-17T20:32:49.512310+09:00
Recruiting Score,,,failed,False,2026-08-19T13:40:19.370480+09:00
Recruiting Sentry,,,failed,False,2026-08-17T21:34:26.372304+09:00
Recruiting Sheet,140.0,8.0,success,False,2026-08-19T13:39:51.910868+09:00
Recruiting Shortfall,,,failed,False,2026-08-27T21:47:05.962227+09:00
Recruiting Signal,,,failed,False,2026-08-17T20:34:44.892914+09:00
Recruiting Signature,,,failed,False,2026-08-23T13:27:05.347974+09:00
Recruiting Slip,,,failed,False,2026-08-19T21:56:23.940159+09:00
Recruiting Slot,,,failed,False,2026-08-19T21:56:50.628145+09:00
Recruiting Snapshot,,,failed,False,2026-08-18T22:11:27.427914+09:00
Recruiting Stake,,,failed,False,2026-08-23T02:52:43.639669+09:00
Recruiting Statement,20.0,5.0,success,False,2026-08-21T00:33:37.107629+09:00
Recruiting Station,720.0,41.0,success,False,2026-08-17T20:43:12.470155+09:00
Recruiting Status,320.0,0.0,success,False,2026-08-19T20:38:24.406986+09:00
Recruiting Stipend,,,failed,False,2026-08-23T13:46:24.718234+09:00
Recruiting Stub,,,failed,False,2026-08-21T00:33:32.477901+09:00
Recruiting Studio,590.0,4.0,success,False,2026-08-17T20:44:54.516764+09:00
Recruiting Subsidy,,,failed,False,2026-08-23T15:51:22.397294+09:00
Recruiting Suite,,,failed,False,2026-08-17T23:26:58.468073+09:00
Recruiting Sum,,,failed,False,2026-08-21T02:30:27.978125+09:00
Recruiting Summary,40.0,0.0,success,False,2026-08-19T21:09:34.510109+09:00
Recruiting Sync,,,failed,False,2026-08-17T20:47:35.936558+09:00
Recruiting Tab,,,failed,False,2026-08-21T00:34:11.970110+09:00
Recruiting Table,90.0,3.0,success,False,2026-08-19T21:56:01.385775+09:00
Recruiting Tag,170.0,1.0,success,False,2026-08-19T13:40:58.883457+09:00
Recruiting Tally,,,failed,False,2026-08-21T00:33:43.074758+09:00
Recruiting Tariff,,,failed,False,2026-08-21T02:36:47.930212+09:00
Recruiting Tax,,,failed,False,2026-08-21T02:14:27.987170+09:00
Recruiting Ticket,,,failed,False,2026-08-19T21:10:33.360879+09:00
Recruiting Timeline,320.0,2.0,success,False,2026-08-19T21:09:46.410901+09:00
Recruiting Timer,,,failed,False,2026-08-28T00:25:51.267385+09:00
Recruiting Toll,,,failed,False,2026-08-21T02:36:37.228119+09:00
Recruiting Toolbox,140.0,16.0,success,False,2026-08-28T00:25:53.963495+09:00
Recruiting Toolkit,50.0,36.0,success,False,2026-08-18T22:11:01.803326+09:00
Recruiting Total,,,failed,False,2026-08-27T23:13:53.622178+09:00
Recruiting Tracker,1300.0,33.0,success,False,2026-08-17T21:30:00.229933+09:00
Recruiting Trail,20.0,1.0,success,False,2026-08-18T07:43:38.150133+09:00
Recruiting Trend,720.0,22.0,success,False,2026-08-28T01:07:05.829192+09:00
Recruiting Trial,10.0,9.0,success,False,2026-08-27T21:15:54.960799+09:00
Recruiting Unit,70.0,7.0,success,False,2026-08-21T01:58:38.358988+09:00
Recruiting Update,70.0,0.0,success,False,2026-08-19T20:39:21.250222+09:00
Recruiting Value,10.0,,success,False,2026-08-23T02:52:37.533661+09:00
Recruiting Vault,,,failed,False,2026-08-17T20:41:07.425187+09:00
Recruiting Version,,,failed,False,2026-08-23T03:15:41.007114+09:00
Recruiting View,,,failed,False,2026-08-19T20:38:33.715363+09:00
Recruiting Watch,,,failed,False,2026-08-17T20:33:54.236742+09:00
Recruiting Wave,,,failed,False,2026-08-17T21:39:40.995935+09:00
Recruiting Widget,10.0,,success,False,2026-08-27T23:13:56.060397+09:00
Recruiting Workbench,,,failed,False,2026-08-18T22:10:53.801114+09:00
Recruiting Worksheet,,,failed,False,2026-08-27T22:10:31.579374+09:00
Recruiting Workshop,90.0,35.0,success,False,2026-08-28T00:25:51.267385+09:00
Recruiting Zone,70.0,6.0,success,False,2026-08-17T20:40:45.689604+09:00
Recurring Advance,,,failed,False,2026-08-23T16:12:26.242265+09:00
Recurring Advisory,,,failed,False,2026-08-21T01:04:53.420072+09:00
Recurring Allowance,70.0,0.0,success,False,2026-08-21T02:44:22.791251+09:00
Recurring Almanac,,,failed,False,2026-08-18T22:08:30.649181+09:00
Recurring Analyzer,,,failed,False,2026-08-27T23:55:33.587403+09:00
Recurring Anchor,,,failed,False,2026-08-17T23:27:29.516151+09:00
Recurring Arrears,,,failed,False,2026-08-23T16:12:24.179825+09:00
Recurring Assistant,,,failed,False,2026-08-17T23:33:34.870792+09:00
Recurring Atlas,,,failed,False,2026-08-17T23:32:55.929904+09:00
Recurring Badge,,,failed,False,2026-08-21T00:30:51.297861+09:00
Recurring Balance,20.0,0.0,success,False,2026-08-23T13:45:43.063828+09:00
Recurring Base,,,failed,False,2026-08-17T23:29:23.485940+09:00
Recurring Beacon,,,failed,False,2026-08-17T23:26:58.468073+09:00
Recurring Bill,1300.0,12.0,success,False,2026-08-19T21:50:30.697464+09:00
Recurring Blueprint,,,failed,False,2026-08-18T22:08:21.500006+09:00
Recurring Board,,,failed,False,2026-08-17T23:09:43.652539+09:00
Recurring Book,10.0,0.0,success,False,2026-08-19T21:51:23.149370+09:00
Recurring Bridge,,,failed,False,2026-08-17T23:08:20.793662+09:00
Recurring Brief,,,failed,False,2026-08-21T01:04:32.859141+09:00
Recurring Bulletin,,,failed,False,2026-08-21T01:04:24.715250+09:00
Recurring Calendar,110.0,6.0,success,False,2026-08-18T23:59:34.906916+09:00
Recurring Card,40.0,1.0,success,False,2026-08-19T13:33:13.480936+09:00
Recurring Cascade,,,failed,False,2026-08-17T23:27:14.779355+09:00
Recurring Cash,10.0,0.0,success,False,2026-08-21T02:28:54.304303+09:00
Recurring Cashback,,,failed,False,2026-08-27T21:15:09.099124+09:00
Recurring Catalog,,,failed,False,2026-08-19T21:06:20.590100+09:00
Recurring Center,,,failed,False,2026-08-17T23:05:51.247207+09:00
Recurring Chain,,,failed,False,2026-08-17T23:11:00.543955+09:00
Recurring Charge,1300.0,8.0,success,False,2026-08-21T02:44:16.067023+09:00
Recurring Check,20.0,3.0,success,False,2026-08-19T13:33:44.098374+09:00
Recurring Checker,,,failed,False,2026-08-27T23:55:28.059641+09:00
Recurring Checklist,20.0,17.0,success,False,2026-08-19T21:05:22.464454+09:00
Recurring Circular,,,failed,False,2026-08-21T01:04:44.330584+09:00
Recurring Cockpit,,,failed,False,2026-08-17T23:12:14.829118+09:00
Recurring Code,10.0,0.0,success,False,2026-08-19T21:50:52.634082+09:00
Recurring Codex,,,failed,False,2026-08-18T22:08:45.047635+09:00
Recurring Companion,,,failed,False,2026-08-17T23:24:52.278887+09:00
Recurring Compass,,,failed,False,2026-08-17T23:06:35.609380+09:00
Recurring Compendium,,,failed,False,2026-08-18T22:08:38.388583+09:00
Recurring Confirmation,,,failed,False,2026-08-21T01:05:05.236354+09:00
Recurring Console,,,failed,False,2026-08-17T23:30:54.077179+09:00
Recurring Core,,,failed,False,2026-08-17T23:14:51.389027+09:00
Recurring Cost,1300.0,0.0,success,True,2026-08-21T02:12:43.354957+09:00
Recurring Counter,,,failed,False,2026-08-19T00:00:28.920086+09:00
Recurring Coupon,,,failed,False,2026-08-27T21:15:09.099124+09:00
Recurring Dashboard,,,failed,False,2026-08-17T23:24:30.748337+09:00
Recurring Deal,,,failed,False,2026-08-21T01:57:02.115497+09:00
Recurring Debt,40.0,3.0,success,False,2026-08-21T02:28:50.660826+09:00
Recurring Deck,,,failed,False,2026-08-17T23:29:55.087176+09:00
Recurring Depot,,,failed,False,2026-08-19T00:00:12.518097+09:00
Recurring Desk,,,failed,False,2026-08-17T23:04:40.930662+09:00
Recurring Detail,,,failed,False,2026-08-23T03:24:30.095281+09:00
Recurring Detector,,,failed,False,2026-08-27T23:55:30.843972+09:00
Recurring Dial,,,failed,False,2026-08-17T23:31:19.808791+09:00
Recurring Digest,,,failed,False,2026-08-19T20:48:43.191337+09:00
Recurring Directory,,,failed,False,2026-08-18T23:59:40.785220+09:00
Recurring Discount,30.0,0.0,success,False,2026-08-23T16:12:20.898327+09:00
Recurring Dock,,,failed,False,2026-08-17T23:31:53.116535+09:00
Recurring Dossier,,,failed,False,2026-08-21T01:05:08.043022+09:00
Recurring Draft,,,failed,False,2026-08-19T20:48:55.006137+09:00
Recurring Due,,,failed,False,2026-08-23T15:50:49.697674+09:00
Recurring Duty,,,failed,False,2026-08-21T02:44:16.067023+09:00
Recurring Engine,,,failed,False,2026-08-17T23:09:00.584407+09:00
Recurring Entry,140.0,1.0,success,False,2026-08-21T01:05:29.532542+09:00
Recurring Estimate,,,failed,False,2026-08-19T21:06:11.173737+09:00
Recurring Estimator,,,failed,False,2026-08-27T23:55:24.915525+09:00
Recurring Excerpt,,,failed,False,2026-08-21T01:05:25.449789+09:00
Recurring Fare,,,failed,False,2026-08-21T02:12:49.636286+09:00
Recurring Fee,480.0,1.0,success,False,2026-08-21T01:56:48.479807+09:00
Recurring Feed,,,failed,False,2026-08-19T20:48:48.411735+09:00
Recurring File,,,failed,False,2026-08-19T20:48:20.425473+09:00
Recurring Finder,,,failed,False,2026-08-19T00:00:01.654497+09:00
Recurring Fine,,,failed,False,2026-08-23T02:58:22.138968+09:00
Recurring Flag,,,failed,False,2026-08-21T00:31:36.211701+09:00
Recurring Flow,,,failed,False,2026-08-17T23:26:02.617332+09:00
Recurring Forge,,,failed,False,2026-08-17T23:13:34.703463+09:00
Recurring Form,40.0,0.0,success,False,2026-08-19T13:33:02.578163+09:00
Recurring Frame,,,failed,False,2026-08-17T23:07:59.739195+09:00
Recurring Fund,70.0,7.0,success,False,2026-08-21T02:28:54.304303+09:00
Recurring Gate,,,failed,False,2026-08-17T23:32:42.825846+09:00
Recurring Giveaway,,,failed,False,2026-08-27T21:15:16.328313+09:00
Recurring Grade,,,failed,False,2026-08-21T00:31:14.600161+09:00
Recurring Grid,,,failed,False,2026-08-17T23:04:21.710025+09:00
Recurring Guarantee,,,failed,False,2026-08-28T01:06:00.663079+09:00
Recurring Guard,,,failed,False,2026-08-17T23:08:40.393362+09:00
Recurring Guidebook,,,failed,False,2026-08-18T22:08:07.311207+09:00
Recurring History,,,failed,False,2026-08-19T20:48:12.973996+09:00
Recurring Hotline,,,failed,False,2026-08-19T21:06:31.890613+09:00
Recurring Hub,,,failed,False,2026-08-17T23:10:20.263689+09:00
Recurring Identifier,,,failed,False,2026-08-23T13:10:14.601516+09:00
Recurring Incentive,,,failed,False,2026-08-27T21:15:13.256077+09:00
Recurring Index,,,failed,False,2026-08-19T21:05:32.048024+09:00
Recurring Insight,140.0,0.0,success,False,2026-08-17T23:05:03.232524+09:00
Recurring Installment,,,failed,False,2026-08-23T16:12:20.898327+09:00
Recurring Interest,140.0,3.0,success,False,2026-08-23T13:45:43.063828+09:00
Recurring Item,110.0,0.0,success,False,2026-08-21T01:56:51.063242+09:00
Recurring Journal,90.0,1.0,success,False,2026-08-18T22:07:51.533580+09:00
Recurring Keeper,,,failed,False,2026-08-17T23:33:06.954832+09:00
Recurring Kit,,,failed,False,2026-08-27T22:47:34.273654+09:00
Recurring Lab,,,failed,False,2026-08-17T23:30:12.792820+09:00
Recurring Label,,,failed,False,2026-08-27T22:09:22.436426+09:00
Recurring Ledger,,,failed,False,2026-08-17T23:29:38.825411+09:00
Recurring Lens,,,failed,False,2026-08-17T23:29:05.712614+09:00
Recurring Levy,,,failed,False,2026-08-23T13:45:46.037867+09:00
Recurring Link,40.0,1.0,success,False,2026-08-23T03:24:21.370472+09:00
Recurring List,20.0,15.0,success,False,2026-08-19T21:51:05.479286+09:00
Recurring Loan,50.0,18.0,success,False,2026-08-21T02:12:59.494269+09:00
Recurring Locator,,,failed,False,2026-08-18T23:59:51.056306+09:00
Recurring Lock,,,failed,False,2026-08-17T23:28:48.980231+09:00
Recurring Log,,,failed,False,2026-08-19T13:32:52.541757+09:00
Recurring Loop,30.0,0.0,success,False,2026-08-17T23:27:56.034352+09:00
Recurring Manager,,,failed,False,2026-08-17T23:14:14.412117+09:00
Recurring Map,,,failed,False,2026-08-17T23:13:17.884356+09:00
Recurring Markup,,,failed,False,2026-08-23T16:37:56.709879+09:00
Recurring Memo,,,failed,False,2026-08-21T00:31:19.573899+09:00
Recurring Message,50.0,1.0,success,False,2026-08-27T23:12:46.818245+09:00
Recurring Meter,,,failed,False,2026-08-17T23:14:35.084674+09:00
Recurring Metrics,,,failed,False,2026-08-17T23:24:10.330342+09:00
Recurring Monitor,,,failed,False,2026-08-17T23:23:48.557902+09:00
Recurring Navigator,,,failed,False,2026-08-17T23:06:54.696813+09:00
Recurring Nexus,,,failed,False,2026-08-17T23:12:33.022666+09:00
Recurring Node,,,failed,False,2026-08-17T23:05:27.218902+09:00
Recurring Note,,,failed,False,2026-08-19T13:33:57.418081+09:00
Recurring Notification,50.0,0.0,success,False,2026-08-27T22:47:31.900265+09:00
Recurring Number,1000.0,0.0,success,True,2026-08-23T03:24:13.637906+09:00
Recurring Office,20.0,0.0,success,False,2026-08-19T00:00:22.759146+09:00
Recurring Ops,,,failed,False,2026-08-17T23:25:18.715654+09:00
Recurring Order,320.0,2.0,success,False,2026-08-19T21:50:19.457736+09:00
Recurring Organizer,,,failed,False,2026-08-17T23:10:38.410164+09:00
Recurring Overdraft,,,failed,False,2026-08-23T15:50:51.928952+09:00
Recurring Overdue,,,failed,False,2026-08-27T21:46:39.546965+09:00
Recurring Panel,,,failed,False,2026-08-17T23:07:39.486562+09:00
Recurring Pass,,,failed,False,2026-08-21T00:30:39.454023+09:00
Recurring Path,,,failed,False,2026-08-17T23:28:25.880563+09:00
Recurring Penalty,,,failed,False,2026-08-23T16:37:56.709879+09:00
Recurring Petition,,,failed,False,2026-08-21T01:04:56.218179+09:00
Recurring Pilot,,,failed,False,2026-08-17T23:26:16.391059+09:00
Recurring Plan,70.0,2.0,success,False,2026-08-21T01:56:56.625625+09:00
Recurring Planner,,,failed,False,2026-08-17T22:49:19.411310+09:00
Recurring Playbook,,,failed,False,2026-08-18T22:07:42.473360+09:00
Recurring Point,10.0,0.0,success,False,2026-08-17T23:06:12.301553+09:00
Recurring Portal,,,failed,False,2026-08-17T23:12:58.115072+09:00
Recurring Profile,10.0,0.0,success,False,2026-08-19T13:34:11.345054+09:00
Recurring Profit,70.0,0.0,success,False,2026-08-23T02:58:06.031542+09:00
Recurring Pulse,,,failed,False,2026-08-17T23:28:10.025737+09:00
Recurring Queue,,,failed,False,2026-08-19T21:06:00.178861+09:00
Recurring Quota,,,failed,False,2026-08-21T00:31:26.827984+09:00
Recurring Radar,,,failed,False,2026-08-17T23:26:30.057004+09:00
Recurring Rail,,,failed,False,2026-08-17T23:03:43.392480+09:00
Recurring Rate,1300.0,4.0,success,False,2026-08-19T20:48:32.959283+09:00
Recurring Recap,,,failed,False,2026-08-21T01:05:22.302548+09:00
Recurring Receipt,10.0,4.0,success,False,2026-08-19T21:50:41.490993+09:00
Recurring Redemption,,,failed,False,2026-08-23T16:37:59.116023+09:00
Recurring Register,,,failed,False,2026-08-17T23:13:55.425659+09:00
Recurring Registry,,,failed,False,2026-08-18T22:08:15.553962+09:00
Recurring Relay,,,failed,False,2026-08-17T23:11:57.762151+09:00
Recurring Reminder,110.0,2.0,success,False,2026-08-19T21:05:07.680797+09:00
Recurring Report,90.0,2.0,success,False,2026-08-19T13:32:47.690424+09:00
Recurring Repository,,,failed,False,2026-08-27T23:12:56.649660+09:00
Recurring Roadmap,,,failed,False,2026-08-18T22:08:54.791738+09:00
Recurring Roster,,,failed,False,2026-08-19T00:38:52.130938+09:00
Recurring Route,,,failed,False,2026-08-17T23:09:23.779987+09:00
Recurring Rule,10.0,0.0,success,False,2026-08-23T03:24:25.190204+09:00
Recurring Sale,90.0,2.0,success,False,2026-08-21T02:28:57.894422+09:00
Recurring Scale,,,failed,False,2026-08-17T23:31:35.615532+09:00
Recurring Scanner,,,failed,False,2026-08-27T23:55:30.843972+09:00
Recurring Scheduler,,,failed,False,2026-08-17T23:23:32.991705+09:00
Recurring Scope,,,failed,False,2026-08-17T23:10:02.526148+09:00
Recurring Score,,,failed,False,2026-08-19T13:33:49.819535+09:00
Recurring Sentry,,,failed,False,2026-08-17T23:07:18.335398+09:00
Recurring Sheet,,,failed,False,2026-08-19T13:33:37.732630+09:00
Recurring Signal,,,failed,False,2026-08-17T23:15:10.071233+09:00
Recurring Slip,,,failed,False,2026-08-19T21:51:34.255432+09:00
Recurring Slot,10.0,0.0,success,False,2026-08-19T21:52:01.647797+09:00
Recurring Snapshot,,,failed,False,2026-08-18T22:07:58.079048+09:00
Recurring Stake,,,failed,False,2026-08-23T02:58:14.811642+09:00
Recurring Statement,,,failed,False,2026-08-21T00:31:03.590955+09:00
Recurring Station,,,failed,False,2026-08-17T23:11:19.275980+09:00
Recurring Status,20.0,0.0,success,False,2026-08-19T20:47:58.897100+09:00
Recurring Stipend,,,failed,False,2026-08-23T13:45:46.037867+09:00
Recurring Streak,,,failed,False,2026-08-28T00:47:41.403976+09:00
Recurring Stub,,,failed,False,2026-08-21T00:30:57.917323+09:00
Recurring Studio,,,failed,False,2026-08-17T23:04:03.069082+09:00
Recurring Suite,,,failed,False,2026-08-17T23:33:17.146702+09:00
Recurring Sum,,,failed,False,2026-08-21T02:28:46.160203+09:00
Recurring Summary,,,failed,False,2026-08-19T21:04:42.466598+09:00
Recurring Sync,,,failed,False,2026-08-17T23:15:28.966007+09:00
Recurring Tab,,,failed,False,2026-08-21T00:31:41.208752+09:00
Recurring Table,,,failed,False,2026-08-19T21:51:13.518825+09:00
Recurring Tag,,,failed,False,2026-08-19T13:34:03.969558+09:00
Recurring Tally,,,failed,False,2026-08-21T00:31:09.970083+09:00
Recurring Tariff,,,failed,False,2026-08-21T02:44:28.484946+09:00
Recurring Tax,10.0,0.0,success,False,2026-08-21T02:12:54.787375+09:00
Recurring Ticket,,,failed,False,2026-08-19T21:05:44.553245+09:00
Recurring Tier,,,failed,False,2026-08-28T00:47:45.290833+09:00
Recurring Timeline,,,failed,False,2026-08-19T21:04:56.454622+09:00
Recurring Toll,,,failed,False,2026-08-21T02:44:18.914187+09:00
Recurring Toolkit,,,failed,False,2026-08-18T22:07:36.107745+09:00
Recurring Total,20.0,0.0,success,False,2026-08-27T23:12:50.672441+09:00
Recurring Tracker,,,failed,False,2026-08-17T23:25:47.175267+09:00
Recurring Trail,,,failed,False,2026-08-17T23:32:14.007104+09:00
Recurring Trial,,,failed,False,2026-08-27T21:15:13.256077+09:00
Recurring Unit,,,failed,False,2026-08-21T01:56:55.992066+09:00
Recurring Update,,,failed,False,2026-08-19T20:48:37.662202+09:00
Recurring Value,30.0,0.0,success,False,2026-08-23T02:58:11.410981+09:00
Recurring Vault,,,failed,False,2026-08-17T23:26:43.020316+09:00
Recurring Version,,,failed,False,2026-08-23T03:24:18.387553+09:00
Recurring View,,,failed,False,2026-08-19T20:48:06.706582+09:00
Recurring Voucher,,,failed,False,2026-08-21T00:30:44.450501+09:00
Recurring Watch,,,failed,False,2026-08-17T23:27:45.087946+09:00
Recurring Wave,,,failed,False,2026-08-17T23:11:38.355115+09:00
Recurring Widget,,,failed,False,2026-08-27T23:12:54.177935+09:00
Recurring Workbench,,,failed,False,2026-08-18T22:07:26.351718+09:00
Recurring Zone,,,failed,False,2026-08-17T23:30:41.257118+09:00
Recycling Advisory,,,failed,False,2026-08-21T01:02:12.129826+09:00
Recycling Alert,,,failed,False,2026-08-21T00:46:26.587388+09:00
Recycling Allowance,10.0,0.0,success,False,2026-08-21T02:40:07.402959+09:00
Recycling Analyzer,,,failed,False,2026-08-27T23:51:10.379112+09:00
Recycling Announcement,10.0,0.0,success,False,2026-08-27T23:36:57.640483+09:00
Recycling Arrears,,,failed,False,2026-08-23T16:13:20.971458+09:00
Recycling Assistant,70.0,3.0,success,False,2026-08-21T00:44:58.799520+09:00
Recycling Atlas,2400.0,2.0,success,False,2026-08-21T00:44:38.874906+09:00
Recycling Badge,140.0,54.0,success,False,2026-08-21T00:49:27.660795+09:00
Recycling Base,,,failed,False,2026-08-21T00:51:18.988117+09:00
Recycling Beacon,,,failed,False,2026-08-21T00:50:21.320378+09:00
Recycling Bill,90.0,2.0,success,False,2026-08-21T00:48:44.199856+09:00
Recycling Board,390.0,23.0,success,False,2026-08-21T00:51:31.068549+09:00
Recycling Bridge,,,failed,False,2026-08-21T00:50:33.252784+09:00
Recycling Brief,,,failed,False,2026-08-21T01:00:07.021185+09:00
Recycling Bulletin,,,failed,False,2026-08-21T01:00:01.570868+09:00
Recycling Cabinet,390.0,100.0,success,False,2026-08-27T23:16:01.473407+09:00
Recycling Calculator,110.0,1.0,success,False,2026-08-27T23:36:57.640483+09:00
Recycling Calendar,2900.0,0.0,success,True,2026-08-21T00:45:33.278488+09:00
Recycling Card,590.0,36.0,success,False,2026-08-21T00:47:10.612469+09:00
Recycling Cascade,,,failed,False,2026-08-21T00:50:26.220127+09:00
Recycling Cash,390.0,3.0,success,False,2026-08-21T02:22:54.942838+09:00
Recycling Cashback,,,failed,False,2026-08-27T21:16:45.829850+09:00
Recycling Center,301000.0,6.0,success,False,2026-08-21T00:43:44.047110+09:00
Recycling Chain,90.0,3.0,success,False,2026-08-21T00:44:23.943990+09:00
Recycling Charge,50.0,1.0,success,False,2026-08-21T02:39:59.313025+09:00
Recycling Chart,720.0,34.0,success,False,2026-08-21T00:46:29.176332+09:00
Recycling Check,210.0,6.0,success,False,2026-08-21T00:47:16.635421+09:00
Recycling Checker,30.0,1.0,success,False,2026-08-27T23:51:04.044510+09:00
Recycling Circular,,,failed,False,2026-08-21T01:00:11.561504+09:00
Recycling Code,2900.0,5.0,success,False,2026-08-21T00:48:51.829218+09:00
Recycling Companion,,,failed,False,2026-08-21T00:45:10.747399+09:00
Recycling Comparison,3600.0,57.0,success,False,2026-08-28T01:03:14.001062+09:00
Recycling Confirmation,,,failed,False,2026-08-21T01:00:27.646290+09:00
Recycling Console,30.0,65.0,success,False,2026-08-21T00:43:57.229807+09:00
Recycling Contribution,,,failed,False,2026-08-23T16:13:18.611192+09:00
Recycling Core,,,failed,False,2026-08-21T00:51:22.640360+09:00
Recycling Cost,260.0,2.0,success,False,2026-08-21T02:15:19.980644+09:00
Recycling Counter,50.0,91.0,success,False,2026-08-21T00:45:47.976857+09:00
Recycling Coupon,590.0,4.0,success,False,2026-08-27T21:16:45.829850+09:00
Recycling Deal,480.0,12.0,success,False,2026-08-21T01:58:41.656184+09:00
Recycling Debt,30.0,21.0,success,False,2026-08-21T02:22:45.760304+09:00
Recycling Deck,,,failed,False,2026-08-21T00:51:33.449317+09:00
Recycling Desk,70.0,75.0,success,False,2026-08-21T00:50:02.185546+09:00
Recycling Detail,,,failed,False,2026-08-23T03:21:28.061139+09:00
Recycling Diagram,720.0,0.0,success,False,2026-08-27T22:11:50.573955+09:00
Recycling Directory,50.0,8.0,success,False,2026-08-21T00:45:35.455027+09:00
Recycling Discount,,,failed,False,2026-08-23T16:13:14.533515+09:00
Recycling Dossier,,,failed,False,2026-08-21T01:00:29.585982+09:00
Recycling Downpayment,,,failed,False,2026-08-27T21:47:56.115586+09:00
Recycling Draft,,,failed,False,2026-08-21T00:48:09.704229+09:00
Recycling Due,,,failed,False,2026-08-23T15:51:01.656182+09:00
Recycling Duty,,,failed,False,2026-08-21T02:40:01.670619+09:00
Recycling Endowment,,,failed,False,2026-08-23T15:51:07.589062+09:00
Recycling Engine,480.0,27.0,success,False,2026-08-21T00:44:52.376787+09:00
Recycling Entry,,,failed,False,2026-08-21T01:00:40.730981+09:00
Recycling Estimate,,,failed,False,2026-08-21T00:48:33.175763+09:00
Recycling Estimator,,,failed,False,2026-08-27T23:51:00.030552+09:00
Recycling Excerpt,,,failed,False,2026-08-21T01:02:20.703041+09:00
Recycling Fare,,,failed,False,2026-08-21T02:15:26.957875+09:00
Recycling Fee,320.0,0.0,success,False,2026-08-21T01:58:27.155216+09:00
Recycling Feed,,,failed,False,2026-08-21T00:48:04.911148+09:00
Recycling File,,,failed,False,2026-08-21T00:47:49.290523+09:00
Recycling Fine,70.0,0.0,success,False,2026-08-23T02:55:43.726129+09:00
Recycling Flow,20.0,9.0,success,False,2026-08-21T00:49:54.532841+09:00
Recycling Forge,10.0,0.0,success,False,2026-08-21T00:50:24.003386+09:00
Recycling Form,50.0,0.0,success,False,2026-08-21T00:47:07.675748+09:00
Recycling Frame,170.0,28.0,success,False,2026-08-21T00:51:13.532405+09:00
Recycling Fund,1000.0,1.0,success,False,2026-08-21T02:22:51.042353+09:00
Recycling Gate,,,failed,False,2026-08-21T00:44:30.138587+09:00
Recycling Giveaway,,,failed,False,2026-08-27T21:16:53.377302+09:00
Recycling Graph,170.0,0.0,success,False,2026-08-27T22:11:36.968554+09:00
Recycling Grid,,,failed,False,2026-08-21T00:50:54.055448+09:00
Recycling Guardian,,,failed,False,2026-08-28T00:21:40.685047+09:00
Recycling Harbor,,,failed,False,2026-08-21T00:46:10.718962+09:00
Recycling Helper,20.0,0.0,success,False,2026-08-28T00:21:45.963780+09:00
Recycling History,260.0,1.0,success,False,2026-08-21T00:47:44.020698+09:00
Recycling Hub,1600.0,3.0,success,False,2026-08-21T00:49:56.955669+09:00
Recycling Identifier,,,failed,False,2026-08-23T13:09:14.949045+09:00
Recycling Inbox,,,failed,False,2026-08-21T00:46:23.702871+09:00
Recycling Incentive,170.0,0.0,success,False,2026-08-27T21:16:53.377302+09:00
Recycling Index,30.0,2.0,success,False,2026-08-21T00:48:24.716353+09:00
Recycling Installment,,,failed,False,2026-08-23T16:13:18.611192+09:00
Recycling Item,6600.0,9.0,success,False,2026-08-21T01:58:34.274743+09:00
Recycling Journal,320.0,3.0,success,False,2026-08-21T00:45:26.531767+09:00
Recycling Keeper,,,failed,False,2026-08-21T00:44:45.180563+09:00
Recycling Lab,140.0,3.0,success,False,2026-08-21T00:51:42.581125+09:00
Recycling Label,1900.0,98.0,success,False,2026-08-27T22:11:39.650369+09:00
Recycling Layout,,,failed,False,2026-08-27T22:29:07.164636+09:00
Recycling Ledger,,,failed,False,2026-08-21T00:51:27.534494+09:00
Recycling Level,,,failed,False,2026-08-21T00:47:51.655449+09:00
Recycling Levy,10.0,0.0,success,False,2026-08-23T13:45:39.021067+09:00
Recycling Line,210.0,4.0,success,False,2026-08-21T00:46:44.759034+09:00
Recycling Link,210.0,5.0,success,False,2026-08-23T03:21:18.514525+09:00
Recycling List,390.0,17.0,success,False,2026-08-21T00:48:57.806090+09:00
Recycling Loan,,,failed,False,2026-08-21T02:15:31.230859+09:00
Recycling Lobby,,,failed,False,2026-08-21T00:46:39.668460+09:00
Recycling Locator,590.0,11.0,success,False,2026-08-21T00:45:39.218297+09:00
Recycling Locker,,,failed,False,2026-08-21T00:45:47.976857+09:00
Recycling Log,60500.0,51.0,success,False,2026-08-21T00:47:01.645682+09:00
Recycling Loop,260.0,1.0,success,False,2026-08-21T00:50:48.093288+09:00
Recycling Manager,70.0,5.0,success,False,2026-08-21T00:44:48.876991+09:00
Recycling Manual,20.0,7.0,success,False,2026-08-27T22:11:39.650369+09:00
Recycling Map,880.0,1.0,success,False,2026-08-21T00:51:10.614458+09:00
Recycling Margin,,,failed,False,2026-08-23T02:55:41.389421+09:00
Recycling Markup,,,failed,False,2026-08-23T16:38:36.406605+09:00
Recycling Memo,10.0,6.0,success,False,2026-08-21T00:49:41.369493+09:00
Recycling Message,170.0,2.0,success,False,2026-08-27T23:15:58.535794+09:00
Recycling Monitor,1300.0,33.0,success,False,2026-08-21T00:45:08.644829+09:00
Recycling Nexus,,,failed,False,2026-08-21T00:44:36.517071+09:00
Recycling Note,320.0,2.0,success,False,2026-08-21T00:47:26.672100+09:00
Recycling Notification,,,failed,False,2026-08-27T22:50:00.330096+09:00
Recycling Number,3600.0,7.0,success,False,2026-08-23T03:21:12.022197+09:00
Recycling Office,480.0,43.0,success,False,2026-08-21T00:45:45.302081+09:00
Recycling Ops,140.0,7.0,success,False,2026-08-21T00:45:19.199440+09:00
Recycling Order,40.0,2.0,success,False,2026-08-21T00:48:36.635325+09:00
Recycling Overage,,,failed,False,2026-08-27T21:47:53.828940+09:00
Recycling Overdraft,,,failed,False,2026-08-23T15:51:03.649898+09:00
Recycling Overdue,,,failed,False,2026-08-27T21:47:50.200871+09:00
Recycling Panel,,,failed,False,2026-08-21T00:44:03.384423+09:00
Recycling Pass,20.0,1.0,success,False,2026-08-21T00:49:18.470865+09:00
Recycling Passport,10.0,0.0,success,False,2026-08-21T00:46:37.254114+09:00
Recycling Path,,,failed,False,2026-08-21T00:51:01.092563+09:00
Recycling Payoff,,,failed,False,2026-08-27T21:47:53.828940+09:00
Recycling Penalty,,,failed,False,2026-08-23T16:38:33.746405+09:00
Recycling Petition,10.0,0.0,success,False,2026-08-21T01:00:22.728561+09:00
Recycling Plan,170.0,71.0,success,False,2026-08-21T01:58:38.358988+09:00
Recycling Planner,,,failed,False,2026-08-21T00:45:01.205149+09:00
Recycling Playbook,,,failed,False,2026-08-21T00:45:22.913101+09:00
Recycling Point,5400.0,2.0,success,False,2026-08-21T00:51:07.998109+09:00
Recycling Portal,30.0,2.0,success,False,2026-08-21T00:43:54.085720+09:00
Recycling Profile,20.0,33.0,success,False,2026-08-21T00:47:34.415597+09:00
Recycling Profit,40.0,1.0,success,False,2026-08-23T02:55:31.768897+09:00
Recycling Proposal,20.0,0.0,success,False,2026-08-28T01:03:16.681055+09:00
Recycling Quota,,,failed,False,2026-08-21T00:49:44.632195+09:00
Recycling Radar,,,failed,False,2026-08-21T00:50:04.499348+09:00
Recycling Rail,,,failed,False,2026-08-21T00:44:15.465135+09:00
Recycling Rate,480.0,0.0,success,False,2026-08-21T00:47:57.951273+09:00
Recycling Recap,,,failed,False,2026-08-21T01:00:33.906602+09:00
Recycling Receipt,2900.0,0.0,success,True,2026-08-21T00:48:48.333943+09:00
Recycling Recorder,,,failed,False,2026-08-27T23:37:06.230002+09:00
Recycling Redemption,50.0,6.0,success,False,2026-08-23T16:38:38.724720+09:00
Recycling Register,140.0,10.0,success,False,2026-08-21T00:45:13.293562+09:00
Recycling Relay,70.0,0.0,success,False,2026-08-21T00:50:09.781883+09:00
Recycling Reminder,70.0,0.0,success,False,2026-08-21T00:48:22.062191+09:00
Recycling Report,110.0,1.0,success,False,2026-08-21T00:46:56.943275+09:00
Recycling Result,,,failed,False,2026-08-28T00:46:09.802311+09:00
Recycling Ring,140.0,79.0,success,False,2026-08-21T00:44:27.350497+09:00
Recycling Roll,,,failed,False,2026-08-21T00:46:54.280562+09:00
Recycling Roster,,,failed,False,2026-08-21T00:46:21.529361+09:00
Recycling Route,,,failed,False,2026-08-21T00:44:13.071089+09:00
Recycling Rule,720.0,10.0,success,False,2026-08-23T03:21:22.362914+09:00
Recycling Sale,70.0,20.0,success,False,2026-08-21T02:22:58.653942+09:00
Recycling Sample,90.0,3.0,success,False,2026-08-21T00:49:09.924663+09:00
Recycling Scale,110.0,86.0,success,False,2026-08-21T00:44:07.435932+09:00
Recycling Scheduler,,,failed,False,2026-08-21T00:45:03.734783+09:00
Recycling Scope,,,failed,False,2026-08-21T00:50:45.127530+09:00
Recycling Score,,,failed,False,2026-08-21T00:47:23.165444+09:00
Recycling Sheet,320.0,15.0,success,False,2026-08-21T00:47:13.306684+09:00
Recycling Shelf,90.0,78.0,success,False,2026-08-21T00:46:15.039620+09:00
Recycling Shortfall,,,failed,False,2026-08-27T21:47:58.388035+09:00
Recycling Signal,40.0,0.0,success,False,2026-08-21T00:50:35.331865+09:00
Recycling Slip,,,failed,False,2026-08-21T00:49:07.202034+09:00
Recycling Slot,50.0,0.0,success,False,2026-08-21T00:49:12.731444+09:00
Recycling Stake,,,failed,False,2026-08-23T02:55:38.114180+09:00
Recycling Statement,30.0,1.0,success,False,2026-08-21T00:49:35.190382+09:00
Recycling Station,8100.0,35.0,success,False,2026-08-21T00:43:34.117910+09:00
Recycling Status,,,failed,False,2026-08-21T00:47:36.977895+09:00
Recycling Streak,,,failed,False,2026-08-28T00:46:09.802311+09:00
Recycling Stub,,,failed,False,2026-08-21T00:49:29.914475+09:00
Recycling Studio,90.0,2.0,success,False,2026-08-21T00:51:40.152987+09:00
Recycling Subsidy,,,failed,False,2026-08-23T15:51:05.565275+09:00
Recycling Sum,,,failed,False,2026-08-21T02:22:40.576459+09:00
Recycling Summary,90.0,0.0,success,False,2026-08-21T00:48:12.190063+09:00
Recycling Surtax,,,failed,False,2026-08-23T15:51:09.680113+09:00
Recycling Tab,,,failed,False,2026-08-21T00:49:47.730802+09:00
Recycling Table,320.0,77.0,success,False,2026-08-21T00:49:01.997073+09:00
Recycling Tag,140.0,43.0,success,False,2026-08-21T00:47:29.450326+09:00
Recycling Tariff,,,failed,False,2026-08-21T02:40:11.455485+09:00
Recycling Tax,90.0,0.0,success,False,2026-08-21T02:15:31.230859+09:00
Recycling Terminal,,,failed,False,2026-08-21T00:43:39.738116+09:00
Recycling Ticker,,,failed,False,2026-08-21T00:46:42.116087+09:00
Recycling Ticket,20.0,0.0,success,False,2026-08-21T00:48:30.052376+09:00
Recycling Timeline,20.0,0.0,success,False,2026-08-21T00:48:15.897610+09:00
Recycling Timer,590.0,4.0,success,False,2026-08-28T00:21:35.352628+09:00
Recycling Token,,,failed,False,2026-08-23T13:28:19.840300+09:00
Recycling Toll,,,failed,False,2026-08-21T02:40:04.485559+09:00
Recycling Toolbox,,,failed,False,2026-08-28T00:21:43.222424+09:00
Recycling Total,,,failed,False,2026-08-27T23:15:58.535794+09:00
Recycling Tower,110.0,100.0,success,False,2026-08-21T00:46:12.825751+09:00
Recycling Tracker,70.0,3.0,success,False,2026-08-21T00:49:52.271441+09:00
Recycling Trail,,,failed,False,2026-08-21T00:44:18.522946+09:00
Recycling Trend,50.0,4.0,success,False,2026-08-28T01:03:11.397241+09:00
Recycling Trial,,,failed,False,2026-08-27T21:16:49.739310+09:00
Recycling Unit,320.0,99.0,success,False,2026-08-21T01:58:32.976972+09:00
Recycling Update,10.0,0.0,success,False,2026-08-21T00:48:00.969173+09:00
Recycling Value,140.0,2.0,success,False,2026-08-23T02:55:35.353388+09:00
Recycling Vault,,,failed,False,2026-08-21T00:50:13.056816+09:00
Recycling Version,,,failed,False,2026-08-23T03:21:14.808090+09:00
Recycling View,260.0,0.0,success,False,2026-08-21T00:47:41.484784+09:00
Recycling Voucher,20.0,7.0,success,False,2026-08-21T00:49:20.798290+09:00
Recycling Watch,480.0,78.0,success,False,2026-08-21T00:50:38.979933+09:00
Recycling Wave,,,failed,False,2026-08-21T00:50:58.385493+09:00
Recycling Widget,10.0,,success,False,2026-08-27T23:16:01.473407+09:00
Recycling Window,390.0,15.0,success,False,2026-08-21T00:46:52.072318+09:00
Recycling Worksheet,1000.0,0.0,success,True,2026-08-27T22:11:47.365503+09:00
Recycling Workshop,480.0,4.0,success,False,2026-08-28T00:21:38.214311+09:00
Recycling Zone,2900.0,2.0,success,False,2026-08-21T00:43:49.917491+09:00
Redline Advance,,,failed,False,2026-08-23T16:15:27.627511+09:00
Redline Advisory,10.0,0.0,success,False,2026-08-21T01:01:55.292277+09:00
Redline Allowance,,,failed,False,2026-08-21T02:40:04.485559+09:00
Redline Almanac,,,failed,False,2026-08-18T22:07:01.170489+09:00
Redline Analyzer,,,failed,False,2026-08-27T23:58:28.934840+09:00
Redline Anchor,,,failed,False,2026-08-17T20:34:18.335664+09:00
Redline Arrears,,,failed,False,2026-08-23T16:15:27.627511+09:00
Redline Assistant,,,failed,False,2026-08-17T23:33:17.146702+09:00
Redline Atlas,,,failed,False,2026-08-17T21:33:48.082783+09:00
Redline Badge,70.0,13.0,success,False,2026-08-21T00:25:02.156940+09:00
Redline Base,,,failed,False,2026-08-17T20:49:41.074252+09:00
Redline Beacon,,,failed,False,2026-08-17T20:38:06.157627+09:00
Redline Bill,,,failed,False,2026-08-19T22:04:26.155627+09:00
Redline Blueprint,,,failed,False,2026-08-18T22:06:52.142585+09:00
Redline Board,170.0,3.0,success,False,2026-08-17T20:45:28.437462+09:00
Redline Book,480.0,18.0,success,False,2026-08-19T22:05:25.560581+09:00
Redline Bridge,10.0,0.0,success,False,2026-08-17T20:35:12.658616+09:00
Redline Brief,,,failed,False,2026-08-21T00:59:36.315785+09:00
Redline Bulletin,,,failed,False,2026-08-21T00:59:32.095317+09:00
Redline Calendar,10.0,0.0,success,False,2026-08-19T00:00:59.808882+09:00
Redline Card,50.0,0.0,success,False,2026-08-19T13:30:13.142544+09:00
Redline Cascade,,,failed,False,2026-08-17T20:36:11.237181+09:00
Redline Cash,,,failed,False,2026-08-21T02:24:23.153426+09:00
Redline Category,10.0,0.0,success,False,2026-08-23T13:07:20.154329+09:00
Redline Center,590.0,1.0,success,False,2026-08-17T20:40:19.019495+09:00
Redline Chain,10.0,0.0,success,False,2026-08-17T21:39:37.908878+09:00
Redline Charge,,,failed,False,2026-08-21T02:39:54.831624+09:00
Redline Check,,,failed,False,2026-08-19T13:30:45.657035+09:00
Redline Checker,,,failed,False,2026-08-27T23:58:26.225716+09:00
Redline Circular,,,failed,False,2026-08-21T01:01:52.955831+09:00
Redline Cockpit,,,failed,False,2026-08-17T23:04:59.397693+09:00
Redline Code,390.0,0.0,success,False,2026-08-19T22:04:49.676934+09:00
Redline Codex,,,failed,False,2026-08-18T22:07:16.682645+09:00
Redline Companion,,,failed,False,2026-08-17T23:24:26.895595+09:00
Redline Comparison,140.0,7.0,success,False,2026-08-28T01:08:35.196750+09:00
Redline Compass,10.0,0.0,success,False,2026-08-17T20:38:59.956902+09:00
Redline Compendium,,,failed,False,2026-08-18T22:07:09.458547+09:00
Redline Confirmation,,,failed,False,2026-08-21T00:59:52.495839+09:00
Redline Console,,,failed,False,2026-08-17T20:37:38.706086+09:00
Redline Converter,,,failed,False,2026-08-27T23:36:25.651250+09:00
Redline Core,,,failed,False,2026-08-17T20:47:33.914967+09:00
Redline Cost,90.0,0.0,success,False,2026-08-21T02:08:44.609671+09:00
Redline Count,,,failed,False,2026-08-27T22:50:03.051342+09:00
Redline Counter,10.0,14.0,success,False,2026-08-19T00:01:46.968095+09:00
Redline Dashboard,20.0,0.0,success,False,2026-08-17T23:24:07.376365+09:00
Redline Deal,10.0,0.0,success,False,2026-08-21T01:52:30.422416+09:00
Redline Debt,10.0,,success,False,2026-08-21T02:24:14.838617+09:00
Redline Deck,,,failed,False,2026-08-17T20:44:24.451216+09:00
Redline Depot,,,failed,False,2026-08-19T00:01:32.528747+09:00
Redline Desk,,,failed,False,2026-08-17T20:42:13.997557+09:00
Redline Detail,140.0,3.0,success,False,2026-08-23T03:19:26.945614+09:00
Redline Detector,40.0,82.0,success,False,2026-08-27T23:58:28.934840+09:00
Redline Dial,,,failed,False,2026-08-17T20:35:44.075031+09:00
Redline Digest,,,failed,False,2026-08-19T20:46:06.697629+09:00
Redline Directory,,,failed,False,2026-08-19T00:01:10.174789+09:00
Redline Discount,10.0,17.0,success,False,2026-08-23T16:15:22.615283+09:00
Redline Dock,,,failed,False,2026-08-17T20:31:36.969919+09:00
Redline Dossier,,,failed,False,2026-08-21T00:59:56.543467+09:00
Redline Downpayment,,,failed,False,2026-08-27T21:49:01.717649+09:00
Redline Draft,90.0,5.0,success,False,2026-08-19T20:46:16.448832+09:00
Redline Due,,,failed,False,2026-08-23T15:52:15.458518+09:00
Redline Duty,,,failed,False,2026-08-21T02:39:59.313025+09:00
Redline Engine,390.0,12.0,success,False,2026-08-17T23:14:10.961193+09:00
Redline Entry,10.0,0.0,success,False,2026-08-21T01:00:09.157430+09:00
Redline Estimate,,,failed,False,2026-08-19T21:31:38.211604+09:00
Redline Estimator,,,failed,False,2026-08-27T23:58:23.732862+09:00
Redline Excerpt,,,failed,False,2026-08-21T01:02:07.931527+09:00
Redline Extension,1300.0,0.0,success,True,2026-08-23T16:39:33.315090+09:00
Redline Fare,,,failed,False,2026-08-21T02:08:52.269018+09:00
Redline Fee,,,failed,False,2026-08-21T01:52:12.646112+09:00
Redline Feed,,,failed,False,2026-08-19T20:46:10.724712+09:00
Redline File,20.0,1.0,success,False,2026-08-19T20:45:45.249853+09:00
Redline Finder,,,failed,False,2026-08-19T00:01:24.646371+09:00
Redline Fine,,,failed,False,2026-08-23T02:54:52.135987+09:00
Redline Flag,720.0,99.0,success,False,2026-08-21T00:25:50.747055+09:00
Redline Flow,10.0,0.0,success,False,2026-08-17T20:44:51.445524+09:00
Redline Forge,,,failed,False,2026-08-17T20:37:08.027448+09:00
Redline Form,10.0,5.0,success,False,2026-08-19T13:30:02.018673+09:00
Redline Format,50.0,0.0,success,False,2026-08-23T13:07:23.083484+09:00
Redline Frame,170.0,33.0,success,False,2026-08-17T21:31:02.177338+09:00
Redline Fund,,,failed,False,2026-08-21T02:24:19.138497+09:00
Redline Gate,,,failed,False,2026-08-17T21:35:58.459168+09:00
Redline Generator,90.0,70.0,success,False,2026-08-27T23:36:25.651250+09:00
Redline Grade,,,failed,False,2026-08-21T00:25:29.281502+09:00
Redline Grid,,,failed,False,2026-08-17T21:41:04.521769+09:00
Redline Guard,,,failed,False,2026-08-17T20:48:13.207047+09:00
Redline Guardian,,,failed,False,2026-08-28T00:27:06.057605+09:00
Redline Guidebook,,,failed,False,2026-08-18T22:06:35.395449+09:00
Redline Helper,,,failed,False,2026-08-28T00:27:09.738576+09:00
Redline History,40.0,0.0,success,False,2026-08-19T20:45:37.673361+09:00
Redline Hub,30.0,38.0,success,False,2026-08-17T20:44:04.848400+09:00
Redline Identifier,,,failed,False,2026-08-23T13:07:17.768470+09:00
Redline Index,10.0,4.0,success,False,2026-08-19T21:31:21.634231+09:00
Redline Insight,,,failed,False,2026-08-17T23:10:35.067749+09:00
Redline Installment,,,failed,False,2026-08-23T16:15:22.615283+09:00
Redline Item,,,failed,False,2026-08-21T01:52:17.382086+09:00
Redline Journal,,,failed,False,2026-08-18T22:06:16.619003+09:00
Redline Keeper,,,failed,False,2026-08-17T21:31:39.058447+09:00
Redline Lab,50.0,0.0,success,False,2026-08-17T20:42:41.908187+09:00
Redline Ledger,,,failed,False,2026-08-17T20:46:16.531586+09:00
Redline Lens,,,failed,False,2026-08-17T21:32:15.070878+09:00
Redline Link,10.0,19.0,success,False,2026-08-23T03:19:21.354912+09:00
Redline List,,,failed,False,2026-08-19T22:05:04.840486+09:00
Redline Loan,,,failed,False,2026-08-21T02:09:00.837465+09:00
Redline Locator,10.0,9.0,success,False,2026-08-19T00:01:18.833283+09:00
Redline Lock,10.0,5.0,success,False,2026-08-17T21:34:24.214520+09:00
Redline Log,20.0,0.0,success,False,2026-08-19T13:29:52.884526+09:00
Redline Loop,,,failed,False,2026-08-18T07:52:17.361320+09:00
Redline Manager,,,failed,False,2026-08-17T21:30:30.781560+09:00
Redline Manual,40.0,0.0,success,False,2026-08-27T22:13:20.966698+09:00
Redline Map,9900.0,1.0,success,False,2026-08-17T21:33:20.961288+09:00
Redline Marker,,,failed,False,2026-08-23T13:27:48.876436+09:00
Redline Memo,10.0,0.0,success,False,2026-08-21T00:25:38.806657+09:00
Redline Message,10.0,0.0,success,False,2026-08-27T23:15:33.369822+09:00
Redline Meter,30.0,8.0,success,False,2026-08-17T20:34:43.926118+09:00
Redline Metrics,,,failed,False,2026-08-17T23:23:45.943375+09:00
Redline Monitor,3600.0,0.0,success,True,2026-08-17T23:23:29.892589+09:00
Redline Navigator,,,failed,False,2026-08-17T23:12:11.666158+09:00
Redline Nexus,,,failed,False,2026-08-17T21:34:55.256705+09:00
Redline Node,,,failed,False,2026-08-17T21:36:57.018160+09:00
Redline Note,,,failed,False,2026-08-19T13:31:00.342217+09:00
Redline Notification,,,failed,False,2026-08-27T22:49:57.314209+09:00
Redline Number,170.0,1.0,success,False,2026-08-23T03:19:15.336839+09:00
Redline Office,70.0,4.0,success,False,2026-08-19T00:01:40.731758+09:00
Redline Ops,,,failed,False,2026-08-17T23:24:49.201687+09:00
Redline Order,,,failed,False,2026-08-19T22:04:17.404214+09:00
Redline Organizer,70.0,2.0,success,False,2026-08-17T22:48:05.376281+09:00
Redline Outline,,,failed,False,2026-08-27T22:29:13.251110+09:00
Redline Overage,,,failed,False,2026-08-27T21:48:59.482652+09:00
Redline Overdue,,,failed,False,2026-08-27T21:48:54.950777+09:00
Redline Panel,20.0,1.0,success,False,2026-08-17T20:36:39.507807+09:00
Redline Pass,,,failed,False,2026-08-21T00:24:49.316489+09:00
Redline Path,,,failed,False,2026-08-17T21:36:30.682605+09:00
Redline Payoff,,,failed,False,2026-08-27T21:48:57.191063+09:00
Redline Petition,,,failed,False,2026-08-21T00:59:50.492128+09:00
Redline Pilot,140.0,0.0,success,False,2026-08-17T20:43:09.097865+09:00
Redline Plan,260.0,5.0,success,False,2026-08-21T01:52:27.177299+09:00
Redline Planner,,,failed,False,2026-08-17T23:08:58.203851+09:00
Redline Playbook,,,failed,False,2026-08-18T22:06:07.690995+09:00
Redline Point,,,failed,False,2026-08-17T21:35:22.295985+09:00
Redline Portal,10.0,0.0,success,False,2026-08-17T20:38:31.317013+09:00
Redline Preview,10.0,0.0,success,False,2026-08-28T01:08:35.196750+09:00
Redline Profile,,,failed,False,2026-08-19T13:31:17.650623+09:00
Redline Profit,,,failed,False,2026-08-23T02:54:43.780312+09:00
Redline Pulse,,,failed,False,2026-08-17T21:38:40.825363+09:00
Redline Quota,,,failed,False,2026-08-21T00:25:43.310750+09:00
Redline Radar,320.0,98.0,success,False,2026-08-17T20:41:24.809383+09:00
Redline Rail,2400.0,0.0,success,True,2026-08-18T07:52:46.019796+09:00
Redline Rate,,,failed,False,2026-08-19T20:45:56.516624+09:00
Redline Recap,10.0,0.0,success,False,2026-08-21T01:02:05.845061+09:00
Redline Receipt,,,failed,False,2026-08-19T22:04:38.551336+09:00
Redline Recorder,,,failed,False,2026-08-27T23:36:29.882311+09:00
Redline Register,10.0,0.0,success,False,2026-08-17T23:06:52.573020+09:00
Redline Registry,,,failed,False,2026-08-18T22:06:43.515975+09:00
Redline Relay,20.0,0.0,success,False,2026-08-17T20:40:42.163784+09:00
Redline Reminder,,,failed,False,2026-08-19T21:20:05.379169+09:00
Redline Report,110.0,0.0,success,False,2026-08-19T13:29:43.800182+09:00
Redline Repository,,,failed,False,2026-08-27T23:15:41.145408+09:00
Redline Roadmap,,,failed,False,2026-08-18T22:07:26.351718+09:00
Redline Roster,,,failed,False,2026-08-19T00:38:52.130938+09:00
Redline Route,1600.0,0.0,success,True,2026-08-17T20:32:47.475978+09:00
Redline Rule,50.0,0.0,success,False,2026-08-23T03:19:24.648506+09:00
Redline Sale,110.0,82.0,success,False,2026-08-21T02:24:30.364633+09:00
Redline Sample,,,failed,False,2026-08-19T22:05:46.180547+09:00
Redline Scale,,,failed,False,2026-08-17T20:33:51.962760+09:00
Redline Scanner,30.0,81.0,success,False,2026-08-27T23:58:26.225716+09:00
Redline Scheduler,,,failed,False,2026-08-17T23:33:31.331574+09:00
Redline Scope,210.0,7.0,success,False,2026-08-18T07:52:06.675931+09:00
Redline Score,,,failed,False,2026-08-19T13:30:54.229704+09:00
Redline Sentry,,,failed,False,2026-08-17T21:32:50.995270+09:00
Redline Sheet,,,failed,False,2026-08-19T13:30:39.417389+09:00
Redline Shortfall,,,failed,False,2026-08-27T21:49:04.119579+09:00
Redline Signal,20.0,0.0,success,False,2026-08-17T20:33:23.313632+09:00
Redline Signature,10.0,23.0,success,False,2026-08-23T13:27:48.876436+09:00
Redline Slip,,,failed,False,2026-08-19T22:05:38.259870+09:00
Redline Slot,,,failed,False,2026-08-19T22:05:54.572880+09:00
Redline Snapshot,,,failed,False,2026-08-18T22:06:25.984558+09:00
Redline Stage,10.0,0.0,success,False,2026-08-28T00:48:45.489712+09:00
Redline Stake,,,failed,False,2026-08-23T02:54:48.016404+09:00
Redline Statement,,,failed,False,2026-08-21T00:25:15.691482+09:00
Redline Station,2400.0,0.0,success,True,2026-08-17T20:41:54.470071+09:00
Redline Status,260.0,0.0,success,False,2026-08-19T20:45:25.764339+09:00
Redline Stub,,,failed,False,2026-08-21T00:25:07.096192+09:00
Redline Studio,2900.0,2.0,success,False,2026-08-17T20:43:34.295212+09:00
Redline Suite,,,failed,False,2026-08-17T23:33:04.806706+09:00
Redline Sum,,,failed,False,2026-08-21T02:24:08.080909+09:00
Redline Summary,10.0,0.0,success,False,2026-08-19T21:19:43.238592+09:00
Redline Sync,,,failed,False,2026-08-17T20:45:51.407426+09:00
Redline Tab,,,failed,False,2026-08-21T00:25:57.789837+09:00
Redline Table,,,failed,False,2026-08-19T22:05:17.062474+09:00
Redline Tag,,,failed,False,2026-08-19T13:31:08.046594+09:00
Redline Tally,,,failed,False,2026-08-21T00:25:21.406032+09:00
Redline Tariff,,,failed,False,2026-08-21T02:40:11.455485+09:00
Redline Tax,10.0,2.0,success,False,2026-08-21T02:08:56.102085+09:00
Redline Ticket,260.0,1.0,success,False,2026-08-19T21:31:27.001536+09:00
Redline Timeline,,,failed,False,2026-08-19T21:19:52.858825+09:00
Redline Toll,,,failed,False,2026-08-21T02:40:01.670619+09:00
Redline Toolbox,40.0,100.0,success,False,2026-08-28T00:27:09.738576+09:00
Redline Toolkit,,,failed,False,2026-08-18T22:05:57.658157+09:00
Redline Total,,,failed,False,2026-08-27T23:15:33.369822+09:00
Redline Tracker,2400.0,1.0,success,False,2026-08-17T20:46:56.962156+09:00
Redline Trail,,,failed,False,2026-08-17T21:41:36.452024+09:00
Redline Trial,,,failed,False,2026-08-27T21:17:51.217476+09:00
Redline Unit,,,failed,False,2026-08-21T01:52:20.481419+09:00
Redline Update,260.0,0.0,success,False,2026-08-19T20:46:02.034696+09:00
Redline Value,,,failed,False,2026-08-23T02:54:45.895962+09:00
Redline Vault,,,failed,False,2026-08-17T20:39:52.233588+09:00
Redline Version,720.0,1.0,success,False,2026-08-23T03:19:19.103854+09:00
Redline View,,,failed,False,2026-08-19T20:45:32.308725+09:00
Redline Voucher,,,failed,False,2026-08-21T00:24:54.126348+09:00
Redline Watch,480.0,65.0,success,False,2026-08-17T20:32:10.469810+09:00
Redline Wave,10.0,0.0,success,False,2026-08-17T21:37:36.095439+09:00
Redline Widget,,,failed,False,2026-08-27T23:15:36.970228+09:00
Redline Workbench,10.0,,success,False,2026-08-18T22:05:50.321080+09:00
Redline Worksheet,,,failed,False,2026-08-27T22:13:24.343596+09:00
Redline Workshop,40.0,0.0,success,False,2026-08-28T00:27:06.057605+09:00
Redline Zone,70.0,0.0,success,False,2026-08-17T20:39:23.919432+09:00
Reference Advisory,,,failed,False,2026-08-21T01:09:29.468190+09:00
Reference Allowance,,,failed,False,2026-08-21T02:38:47.806400+09:00
Reference Almanac,,,failed,False,2026-08-18T22:03:32.090956+09:00
Reference Analyzer,20.0,5.0,success,False,2026-08-27T23:57:47.525165+09:00
Reference Anchor,,,failed,False,2026-08-17T21:36:00.741055+09:00
Reference Assistant,1000.0,0.0,success,True,2026-08-17T23:05:47.972316+09:00
Reference Atlas,720.0,1.0,success,False,2026-08-17T20:43:36.337910+09:00
Reference Attribute,30.0,0.0,success,False,2026-08-23T13:06:51.579478+09:00
Reference Badge,,,failed,False,2026-08-21T00:35:34.561312+09:00
Reference Base,260.0,9.0,success,False,2026-08-17T20:40:44.017242+09:00
Reference Beacon,,,failed,False,2026-08-17T21:41:39.306179+09:00
Reference Bill,880.0,3.0,success,False,2026-08-19T22:00:58.577087+09:00
Reference Blueprint,,,failed,False,2026-08-18T22:03:18.976552+09:00
Reference Board,1000.0,1.0,success,False,2026-08-17T20:38:07.696860+09:00
Reference Book,12100.0,3.0,success,False,2026-08-19T22:01:48.957551+09:00
Reference Bridge,,,failed,False,2026-08-17T21:36:59.022364+09:00
Reference Brief,10.0,1.0,success,False,2026-08-21T01:09:22.527514+09:00
Reference Bulletin,,,failed,False,2026-08-21T01:09:17.934023+09:00
Reference Cabinet,,,failed,False,2026-08-27T23:14:57.999766+09:00
Reference Calendar,140.0,16.0,success,False,2026-08-18T23:57:53.791592+09:00
Reference Card,1900.0,39.0,success,False,2026-08-19T13:26:03.914310+09:00
Reference Cascade,,,failed,False,2026-08-17T21:38:10.743063+09:00
Reference Cash,,,failed,False,2026-08-21T02:22:48.105050+09:00
Reference Cashback,,,failed,False,2026-08-27T21:17:07.956821+09:00
Reference Catalog,110.0,0.0,success,False,2026-08-19T21:17:21.944279+09:00
Reference Category,90.0,0.0,success,False,2026-08-23T13:06:49.264367+09:00
Reference Center,1600.0,0.0,success,True,2026-08-17T20:32:12.868338+09:00
Reference Chain,90.0,0.0,success,False,2026-08-17T21:30:00.229933+09:00
Reference Charge,10.0,0.0,success,False,2026-08-21T02:38:41.018051+09:00
Reference Check,12100.0,13.0,success,False,2026-08-19T13:26:27.174031+09:00
Reference Checker,12100.0,13.0,success,False,2026-08-27T23:57:42.673163+09:00
Reference Checklist,12100.0,13.0,success,False,2026-08-19T21:16:19.911294+09:00
Reference Circular,,,failed,False,2026-08-21T01:09:25.502385+09:00
Reference Cockpit,,,failed,False,2026-08-17T23:31:33.228756+09:00
Reference Code,5400.0,0.0,success,True,2026-08-19T22:01:17.483163+09:00
Reference Codex,,,failed,False,2026-08-18T22:04:03.001846+09:00
Reference Companion,10.0,0.0,success,False,2026-08-17T23:03:41.404316+09:00
Reference Comparison,30.0,0.0,success,False,2026-08-28T01:08:09.929341+09:00
Reference Compass,,,failed,False,2026-08-18T07:53:03.495247+09:00
Reference Compendium,,,failed,False,2026-08-18T22:03:53.517132+09:00
Reference Confirmation,20.0,3.0,success,False,2026-08-21T01:09:36.550865+09:00
Reference Console,,,failed,False,2026-08-17T21:41:04.521769+09:00
Reference Core,,,failed,False,2026-08-17T20:39:54.147287+09:00
Reference Cost,70.0,15.0,success,False,2026-08-21T02:07:07.042559+09:00
Reference Count,720.0,2.0,success,False,2026-08-27T22:49:29.573658+09:00
Reference Counter,720.0,2.0,success,False,2026-08-18T23:58:49.693970+09:00
Reference Coupon,10.0,0.0,success,False,2026-08-27T21:17:07.956821+09:00
Reference Dashboard,20.0,2.0,success,False,2026-08-17T23:09:22.045461+09:00
Reference Deal,,,failed,False,2026-08-21T01:50:57.666770+09:00
Reference Debt,,,failed,False,2026-08-21T02:22:35.993251+09:00
Reference Deck,40.0,0.0,success,False,2026-08-17T20:37:11.919122+09:00
Reference Depot,10.0,0.0,success,False,2026-08-18T23:58:32.218218+09:00
Reference Desk,1000.0,1.0,success,False,2026-08-17T20:34:44.892914+09:00
Reference Detail,70.0,0.0,success,False,2026-08-23T03:18:14.803596+09:00
Reference Detector,110.0,41.0,success,False,2026-08-27T23:57:47.525165+09:00
Reference Dial,,,failed,False,2026-08-17T21:37:36.095439+09:00
Reference Digest,,,failed,False,2026-08-19T20:43:39.981777+09:00
Reference Directory,30.0,0.0,success,False,2026-08-18T23:58:01.279851+09:00
Reference Dock,,,failed,False,2026-08-17T21:33:22.663564+09:00
Reference Dossier,70.0,0.0,success,False,2026-08-21T01:09:42.916632+09:00
Reference Downpayment,,,failed,False,2026-08-27T21:48:11.561191+09:00
Reference Draft,50.0,0.0,success,False,2026-08-19T20:43:52.054689+09:00
Reference Due,,,failed,False,2026-08-23T15:51:51.217465+09:00
Reference Duty,,,failed,False,2026-08-21T02:38:43.386978+09:00
Reference Engine,90.0,1.0,success,False,2026-08-17T23:30:24.350682+09:00
Reference Entry,320.0,1.0,success,False,2026-08-21T00:58:32.149871+09:00
Reference Estimate,,,failed,False,2026-08-19T21:17:11.439811+09:00
Reference Excerpt,,,failed,False,2026-08-21T00:58:27.692575+09:00
Reference Fare,,,failed,False,2026-08-21T02:07:20.173569+09:00
Reference Fee,260.0,1.0,success,False,2026-08-21T01:50:28.240015+09:00
Reference Feed,,,failed,False,2026-08-19T20:43:44.541784+09:00
Reference Field,170.0,0.0,success,False,2026-08-23T13:06:54.038616+09:00
Reference File,590.0,0.0,success,False,2026-08-19T20:43:13.193243+09:00
Reference Finder,4400.0,26.0,success,False,2026-08-18T23:58:23.364762+09:00
Reference Fine,,,failed,False,2026-08-23T02:54:15.524012+09:00
Reference Flag,,,failed,False,2026-08-21T00:36:11.342304+09:00
Reference Flow,70.0,1.0,success,False,2026-08-17T20:37:39.748297+09:00
Reference Forge,,,failed,False,2026-08-17T21:39:37.908878+09:00
Reference Form,8100.0,2.0,success,False,2026-08-19T13:25:53.621438+09:00
Reference Frame,18100.0,0.0,success,True,2026-08-17T20:41:27.066117+09:00
Reference Fund,,,failed,False,2026-08-21T02:22:40.576459+09:00
Reference Gate,40.0,0.0,success,False,2026-08-17T20:45:28.437462+09:00
Reference Giveaway,,,failed,False,2026-08-27T21:17:14.401522+09:00
Reference Grade,,,failed,False,2026-08-21T00:35:57.334663+09:00
Reference Graph,170.0,0.0,success,False,2026-08-27T22:12:02.778487+09:00
Reference Grid,140.0,0.0,success,False,2026-08-17T21:30:33.048254+09:00
Reference Guard,,,failed,False,2026-08-17T20:40:20.065990+09:00
Reference Guardian,,,failed,False,2026-08-28T00:26:42.212784+09:00
Reference Guidebook,,,failed,False,2026-08-18T22:02:59.013018+09:00
Reference Helpdesk,,,failed,False,2026-08-27T22:49:29.573658+09:00
Reference Helper,1300.0,4.0,success,False,2026-08-28T00:26:44.575613+09:00
Reference History,30.0,0.0,success,False,2026-08-19T20:43:01.232728+09:00
Reference Hotline,,,failed,False,2026-08-19T21:17:31.409694+09:00
Reference Hub,260.0,6.0,success,False,2026-08-17T20:36:40.845127+09:00
Reference Identifier,5400.0,0.0,success,True,2026-08-23T13:06:47.092391+09:00
Reference Incentive,10.0,0.0,success,False,2026-08-27T21:17:10.879829+09:00
Reference Index,170.0,0.0,success,False,2026-08-19T21:16:32.174515+09:00
Reference Insight,,,failed,False,2026-08-17T23:31:19.808791+09:00
Reference Item,110.0,0.0,success,False,2026-08-21T01:50:32.476329+09:00
Reference Journal,1600.0,0.0,success,True,2026-08-18T22:02:38.118746+09:00
Reference Keeper,20.0,0.0,success,False,2026-08-17T20:41:55.751231+09:00
Reference Lab,4400.0,2.0,success,False,2026-08-17T20:35:15.216607+09:00
Reference Label,880.0,42.0,success,False,2026-08-27T22:12:11.460290+09:00
Reference Ledger,,,failed,False,2026-08-17T20:39:04.557611+09:00
Reference Lens,,,failed,False,2026-08-17T20:42:15.711128+09:00
Reference Level,390.0,0.0,success,False,2026-08-19T20:43:16.240040+09:00
Reference Levy,,,failed,False,2026-08-23T13:47:07.330354+09:00
Reference Link,2400.0,1.0,success,False,2026-08-23T03:18:07.042470+09:00
Reference List,14800.0,2.0,success,False,2026-08-19T22:01:27.807092+09:00
Reference Loan,480.0,6.0,success,False,2026-08-21T02:07:29.886940+09:00
Reference Locator,90.0,2.0,success,False,2026-08-18T23:58:11.366687+09:00
Reference Lock,390.0,100.0,success,False,2026-08-17T20:44:06.631034+09:00
Reference Log,30.0,0.0,success,False,2026-08-19T13:25:31.059454+09:00
Reference Loop,10.0,0.0,success,False,2026-08-17T21:31:41.054400+09:00
Reference Manager,6600.0,13.0,success,False,2026-08-17T20:41:06.345123+09:00
Reference Manual,720.0,0.0,success,False,2026-08-27T22:12:15.272381+09:00
Reference Map,8100.0,0.0,success,True,2026-08-17T20:43:09.097865+09:00
Reference Margin,10.0,0.0,success,False,2026-08-23T02:54:13.248458+09:00
Reference Marker,480.0,1.0,success,False,2026-08-23T13:27:36.728702+09:00
Reference Memo,70.0,0.0,success,False,2026-08-21T00:36:02.867452+09:00
Reference Message,30.0,0.0,success,False,2026-08-27T23:14:55.579423+09:00
Reference Meter,140.0,5.0,success,False,2026-08-17T21:36:30.682605+09:00
Reference Metrics,,,failed,False,2026-08-17T23:14:31.375028+09:00
Reference Monitor,1000.0,63.0,success,False,2026-08-17T23:07:36.976637+09:00
Reference Navigator,,,failed,False,2026-08-17T23:31:50.854430+09:00
Reference Nexus,,,failed,False,2026-08-17T20:44:24.451216+09:00
Reference Node,260.0,0.0,success,False,2026-08-17T20:46:20.020027+09:00
Reference Note,720.0,2.0,success,False,2026-08-19T13:27:07.663216+09:00
Reference Notification,,,failed,False,2026-08-27T22:49:17.563475+09:00
Reference Number,27100.0,0.0,success,True,2026-08-23T03:18:00.174345+09:00
Reference Office,480.0,2.0,success,False,2026-08-18T23:58:41.085151+09:00
Reference Ops,,,failed,False,2026-08-17T23:10:58.652260+09:00
Reference Order,880.0,0.0,success,False,2026-08-19T22:00:50.592987+09:00
Reference Organizer,260.0,62.0,success,False,2026-08-17T23:30:54.077179+09:00
Reference Outline,320.0,4.0,success,False,2026-08-27T22:29:00.404173+09:00
Reference Overage,,,failed,False,2026-08-27T21:48:09.369962+09:00
Reference Overdue,,,failed,False,2026-08-27T21:48:04.359972+09:00
Reference Panel,110.0,2.0,success,False,2026-08-17T21:38:46.123803+09:00
Reference Path,50.0,0.0,success,False,2026-08-17T20:45:52.903104+09:00
Reference Payoff,,,failed,False,2026-08-27T21:48:07.167837+09:00
Reference Petition,20.0,0.0,success,False,2026-08-21T01:09:32.208799+09:00
Reference Pilot,,,failed,False,2026-08-17T20:35:45.912195+09:00
Reference Plan,210.0,0.0,success,False,2026-08-21T01:50:51.985309+09:00
Reference Planner,210.0,0.0,success,False,2026-08-17T23:30:39.559752+09:00
Reference Playbook,,,failed,False,2026-08-18T21:11:26.018001+09:00
Reference Point,27100.0,2.0,success,False,2026-08-17T20:44:54.516764+09:00
Reference Portal,480.0,0.0,success,False,2026-08-18T07:52:19.092235+09:00
Reference Preview,,,failed,False,2026-08-28T01:08:15.051453+09:00
Reference Profile,70.0,0.0,success,False,2026-08-19T13:27:35.770715+09:00
Reference Profit,,,failed,False,2026-08-23T02:54:06.073801+09:00
Reference Pulse,,,failed,False,2026-08-17T20:48:15.314618+09:00
Reference Queue,,,failed,False,2026-08-19T21:16:57.743794+09:00
Reference Quota,,,failed,False,2026-08-21T00:36:05.920603+09:00
Reference Radar,40.0,0.0,success,False,2026-08-17T20:33:54.236742+09:00
Reference Rail,,,failed,False,2026-08-17T21:32:17.170130+09:00
Reference Rate,1900.0,0.0,success,True,2026-08-19T20:43:22.271749+09:00
Reference Recap,,,failed,False,2026-08-21T00:59:23.990159+09:00
Reference Receipt,20.0,9.0,success,False,2026-08-19T22:01:08.341225+09:00
Reference Recorder,,,failed,False,2026-08-27T23:35:57.257837+09:00
Reference Register,390.0,0.0,success,False,2026-08-17T23:32:14.007104+09:00
Reference Registry,,,failed,False,2026-08-18T22:03:09.558659+09:00
Reference Relay,,,failed,False,2026-08-17T20:32:49.512310+09:00
Reference Reminder,,,failed,False,2026-08-19T21:16:08.184183+09:00
Reference Report,1900.0,1.0,success,False,2026-08-19T13:25:11.972380+09:00
Reference Repository,20.0,0.0,success,False,2026-08-27T23:15:00.482378+09:00
Reference Result,40.0,0.0,success,False,2026-08-28T00:48:23.790188+09:00
Reference Roadmap,,,failed,False,2026-08-18T22:04:15.026557+09:00
Reference Roster,,,failed,False,2026-08-19T00:38:05.344215+09:00
Reference Route,,,failed,False,2026-08-17T21:34:26.372304+09:00
Reference Rule,210.0,1.0,success,False,2026-08-23T03:18:09.441113+09:00
Reference Sale,,,failed,False,2026-08-21T02:22:51.042353+09:00
Reference Sample,1300.0,2.0,success,False,2026-08-19T22:02:09.365210+09:00
Reference Scale,170.0,1.0,success,False,2026-08-17T21:35:24.685319+09:00
Reference Scanner,110.0,5.0,success,False,2026-08-27T23:57:45.055012+09:00
Reference Scheduler,,,failed,False,2026-08-17T23:12:55.157000+09:00
Reference Scope,,,failed,False,2026-08-17T21:32:53.372558+09:00
Reference Score,40.0,40.0,success,False,2026-08-19T13:26:59.554690+09:00
Reference Sentry,,,failed,False,2026-08-17T20:42:43.172174+09:00
Reference Sheet,18100.0,1.0,success,False,2026-08-19T13:26:13.744102+09:00
Reference Shortfall,,,failed,False,2026-08-27T21:48:13.959890+09:00
Reference Signal,140.0,0.0,success,False,2026-08-17T21:34:55.256705+09:00
Reference Signature,40.0,3.0,success,False,2026-08-23T13:27:36.728702+09:00
Reference Slip,170.0,0.0,success,False,2026-08-19T22:01:59.739197+09:00
Reference Slot,,,failed,False,2026-08-19T22:02:22.489790+09:00
Reference Snapshot,,,failed,False,2026-08-18T22:02:48.638128+09:00
Reference Stage,20.0,0.0,success,False,2026-08-28T00:48:23.790188+09:00
Reference Stake,,,failed,False,2026-08-23T02:54:11.154631+09:00
Reference Statement,110.0,2.0,success,False,2026-08-21T00:35:46.572141+09:00
Reference Station,90.0,18.0,success,False,2026-08-17T20:34:19.305897+09:00
Reference Status,50.0,0.0,success,False,2026-08-19T20:42:43.732696+09:00
Reference Stub,,,failed,False,2026-08-21T00:35:39.216644+09:00
Reference Studio,1300.0,1.0,success,False,2026-08-17T20:36:12.301778+09:00
Reference Subsidy,,,failed,False,2026-08-23T15:51:51.217465+09:00
Reference Suite,10.0,0.0,success,False,2026-08-17T23:11:16.019102+09:00
Reference Sum,,,failed,False,2026-08-21T02:22:32.305318+09:00
Reference Summary,140.0,0.0,success,False,2026-08-19T21:15:48.074960+09:00
Reference Sync,,,failed,False,2026-08-17T20:38:32.473394+09:00
Reference Tab,880.0,1.0,success,False,2026-08-21T00:36:16.111706+09:00
Reference Table,4400.0,1.0,success,False,2026-08-19T22:01:39.954435+09:00
Reference Tag,590.0,14.0,success,False,2026-08-19T13:27:18.608287+09:00
Reference Tally,,,failed,False,2026-08-21T00:35:52.521460+09:00
Reference Tariff,,,failed,False,2026-08-21T02:38:51.441238+09:00
Reference Tax,480.0,5.0,success,False,2026-08-21T02:07:24.034599+09:00
Reference Ticket,260.0,1.0,success,False,2026-08-19T21:16:45.147013+09:00
Reference Timeline,,,failed,False,2026-08-19T21:15:58.285929+09:00
Reference Timer,,,failed,False,2026-08-28T00:26:39.760657+09:00
Reference Toll,,,failed,False,2026-08-21T02:38:45.456500+09:00
Reference Toolbox,90.0,2.0,success,False,2026-08-28T00:26:42.212784+09:00
Reference Toolkit,10.0,11.0,success,False,2026-08-18T23:51:56.822963+09:00
Reference Total,,,failed,False,2026-08-27T23:14:55.579423+09:00
Reference Tracker,880.0,3.0,success,False,2026-08-17T20:39:25.387216+09:00
Reference Trail,70.0,0.0,success,False,2026-08-17T21:31:05.600589+09:00
Reference Trial,,,failed,False,2026-08-27T21:17:10.879829+09:00
Reference Unit,70.0,0.0,success,False,2026-08-21T01:50:49.145007+09:00
Reference Update,70.0,0.0,success,False,2026-08-19T20:43:33.378176+09:00
Reference Value,1600.0,0.0,success,True,2026-08-23T02:54:08.933520+09:00
Reference Vault,,,failed,False,2026-08-17T20:31:38.107939+09:00
Reference Version,20.0,0.0,success,False,2026-08-23T03:18:03.824260+09:00
Reference View,590.0,0.0,success,False,2026-08-19T20:42:55.526386+09:00
Reference Watch,260.0,31.0,success,False,2026-08-17T21:33:53.413747+09:00
Reference Wave,30.0,0.0,success,False,2026-08-17T20:46:59.199715+09:00
Reference Widget,,,failed,False,2026-08-27T23:14:57.999766+09:00
Reference Workbench,,,failed,False,2026-08-18T23:51:56.822963+09:00
Reference Worksheet,110.0,0.0,success,False,2026-08-27T22:12:17.686005+09:00
Reference Zone,10.0,0.0,success,False,2026-08-18T07:52:08.139884+09:00
Referral Advance,,,failed,False,2026-08-23T16:11:21.537507+09:00
Referral Allowance,20.0,1.0,success,False,2026-08-21T02:38:51.441238+09:00
Referral Almanac,,,failed,False,2026-08-18T22:04:15.026557+09:00
Referral Analyzer,,,failed,False,2026-08-27T23:51:15.530091+09:00
Referral Anchor,,,failed,False,2026-08-17T20:40:08.225876+09:00
Referral Arrears,,,failed,False,2026-08-23T16:11:16.199786+09:00
Referral Asset,,,failed,False,2026-08-23T13:46:32.970542+09:00
Referral Assistant,30.0,0.0,success,False,2026-08-17T23:08:23.954708+09:00
Referral Atlas,,,failed,False,2026-08-18T07:43:35.299259+09:00
Referral Badge,20.0,0.0,success,False,2026-08-21T00:26:46.014545+09:00
Referral Balance,20.0,0.0,success,False,2026-08-23T13:46:30.859150+09:00
Referral Base,70.0,5.0,success,False,2026-08-17T21:36:43.981322+09:00
Referral Beacon,,,failed,False,2026-08-17T20:43:25.230587+09:00
Referral Bill,10.0,12.0,success,False,2026-08-19T21:50:44.390054+09:00
Referral Blueprint,10.0,,success,False,2026-08-18T22:04:05.188286+09:00
Referral Board,1000.0,1.0,success,False,2026-08-17T21:33:36.085901+09:00
Referral Book,210.0,3.0,success,False,2026-08-19T21:46:33.632095+09:00
Referral Bridge,30.0,14.0,success,False,2026-08-17T20:40:52.985789+09:00
Referral Brief,,,failed,False,2026-08-21T01:01:11.672775+09:00
Referral Bulletin,,,failed,False,2026-08-21T01:01:09.555377+09:00
Referral Cabinet,,,failed,False,2026-08-27T23:11:44.740129+09:00
Referral Calculator,20.0,8.0,success,False,2026-08-27T23:31:14.136748+09:00
Referral Calendar,,,failed,False,2026-08-18T23:59:02.629298+09:00
Referral Card,1000.0,90.0,success,False,2026-08-19T13:25:04.340704+09:00
Referral Cascade,,,failed,False,2026-08-17T20:41:42.376478+09:00
Referral Cash,90.0,5.0,success,False,2026-08-21T02:22:24.634972+09:00
Referral Cashback,40.0,4.0,success,False,2026-08-27T21:13:10.326383+09:00
Referral Catalog,,,failed,False,2026-08-19T21:04:33.210036+09:00
Referral Center,480.0,0.0,success,False,2026-08-17T20:45:42.370254+09:00
Referral Chain,90.0,0.0,success,False,2026-08-17T20:35:00.475766+09:00
Referral Charge,50.0,0.0,success,False,2026-08-21T02:38:41.018051+09:00
Referral Check,260.0,5.0,success,False,2026-08-19T13:25:47.267780+09:00
Referral Checker,260.0,5.0,success,False,2026-08-27T23:51:07.494975+09:00
Referral Checklist,40.0,0.0,success,False,2026-08-19T21:03:23.930623+09:00
Referral Cockpit,,,failed,False,2026-08-17T22:50:34.703098+09:00
Referral Code,110000.0,1.0,success,False,2026-08-19T21:45:58.620929+09:00
Referral Codex,10.0,6.0,success,False,2026-08-18T22:04:36.606049+09:00
Referral Companion,,,failed,False,2026-08-17T23:06:20.939022+09:00
Referral Comparison,,,failed,False,2026-08-28T01:02:31.716235+09:00
Referral Compass,,,failed,False,2026-08-17T20:44:15.738532+09:00
Referral Compendium,,,failed,False,2026-08-18T22:04:27.693577+09:00
Referral Confirmation,,,failed,False,2026-08-21T01:01:25.263035+09:00
Referral Console,,,failed,False,2026-08-17T20:42:52.966707+09:00
Referral Converter,,,failed,False,2026-08-27T23:31:16.874593+09:00
Referral Copayment,,,failed,False,2026-08-23T16:37:18.649152+09:00
Referral Core,,,failed,False,2026-08-17T21:35:44.584576+09:00
Referral Cost,20.0,6.0,success,False,2026-08-21T02:06:17.677670+09:00
Referral Count,30.0,0.0,success,False,2026-08-27T22:46:20.664142+09:00
Referral Counter,,,failed,False,2026-08-18T23:57:15.984121+09:00
Referral Coupon,210.0,18.0,success,False,2026-08-27T21:13:04.814179+09:00
Referral Dashboard,140.0,13.0,success,False,2026-08-17T23:11:40.322748+09:00
Referral Deal,50.0,13.0,success,False,2026-08-21T01:54:45.555150+09:00
Referral Debt,,,failed,False,2026-08-21T02:22:13.751196+09:00
Referral Deck,,,failed,False,2026-08-17T21:32:33.876836+09:00
Referral Depot,,,failed,False,2026-08-18T23:57:28.259874+09:00
Referral Desk,50.0,1.0,success,False,2026-08-17T20:48:31.729678+09:00
Referral Detail,210.0,3.0,success,False,2026-08-23T03:15:24.852114+09:00
Referral Detector,,,failed,False,2026-08-27T23:51:12.915875+09:00
Referral Dial,,,failed,False,2026-08-17T20:41:16.510977+09:00
Referral Digest,,,failed,False,2026-08-19T20:37:31.186118+09:00
Referral Directory,320.0,0.0,success,False,2026-08-18T23:59:11.751475+09:00
Referral Discount,720.0,1.0,success,False,2026-08-23T16:11:11.053977+09:00
Referral Dock,,,failed,False,2026-08-17T20:37:57.626492+09:00
Referral Dossier,,,failed,False,2026-08-21T01:01:30.993537+09:00
Referral Draft,10.0,0.0,success,False,2026-08-19T20:37:47.819235+09:00
Referral Due,,,failed,False,2026-08-23T15:51:33.860172+09:00
Referral Duty,10.0,0.0,success,False,2026-08-21T02:38:43.386978+09:00
Referral Engine,320.0,29.0,success,False,2026-08-17T23:04:05.706993+09:00
Referral Entry,10.0,0.0,success,False,2026-08-21T01:01:41.528292+09:00
Referral Estimate,,,failed,False,2026-08-19T21:04:19.743151+09:00
Referral Estimator,,,failed,False,2026-08-27T23:51:04.044510+09:00
Referral Extension,,,failed,False,2026-08-23T16:37:24.399501+09:00
Referral Fare,,,failed,False,2026-08-21T02:06:27.364500+09:00
Referral Fee,5400.0,0.0,success,True,2026-08-21T01:54:29.413822+09:00
Referral Feed,5400.0,0.0,success,True,2026-08-19T20:37:40.051699+09:00
Referral File,30.0,0.0,success,False,2026-08-19T20:43:53.666341+09:00
Referral Finder,20.0,4.0,success,False,2026-08-18T23:57:15.984121+09:00
Referral Fine,,,failed,False,2026-08-23T02:54:26.725947+09:00
Referral Flag,,,failed,False,2026-08-21T00:27:42.259289+09:00
Referral Flow,70.0,8.0,success,False,2026-08-17T21:33:08.992358+09:00
Referral Forge,,,failed,False,2026-08-17T20:42:24.319818+09:00
Referral Form,3600.0,4.0,success,False,2026-08-19T13:24:56.019665+09:00
Referral Format,3600.0,4.0,success,False,2026-08-23T13:05:39.073326+09:00
Referral Frame,,,failed,False,2026-08-18T07:43:54.848234+09:00
Referral Fund,,,failed,False,2026-08-21T02:22:16.250751+09:00
Referral Gate,,,failed,False,2026-08-17T20:31:59.985806+09:00
Referral Generator,90.0,34.0,success,False,2026-08-27T23:31:16.874593+09:00
Referral Giveaway,30.0,23.0,success,False,2026-08-27T21:13:18.101351+09:00
Referral Grade,,,failed,False,2026-08-21T00:27:22.208885+09:00
Referral Graph,,,failed,False,2026-08-27T22:07:19.639710+09:00
Referral Grid,,,failed,False,2026-08-17T20:35:28.436030+09:00
Referral Guarantee,,,failed,False,2026-08-28T01:02:37.016845+09:00
Referral Guard,,,failed,False,2026-08-17T21:36:20.278504+09:00
Referral Guardian,,,failed,False,2026-08-28T00:21:30.022858+09:00
Referral Guidebook,,,failed,False,2026-08-18T22:03:44.456415+09:00
Referral Helpdesk,,,failed,False,2026-08-27T22:46:23.139331+09:00
Referral Helper,,,failed,False,2026-08-28T00:21:35.352628+09:00
Referral History,30.0,0.0,success,False,2026-08-19T20:43:48.362624+09:00
Referral Hotline,10.0,10.0,success,False,2026-08-19T21:04:47.167430+09:00
Referral Hub,1600.0,2.0,success,False,2026-08-17T21:31:56.784481+09:00
Referral Identifier,,,failed,False,2026-08-23T13:05:32.456522+09:00
Referral Inbox,,,failed,False,2026-08-19T12:24:09.089995+09:00
Referral Incentive,480.0,5.0,success,False,2026-08-27T21:13:18.101351+09:00
Referral Index,,,failed,False,2026-08-19T21:03:38.962662+09:00
Referral Insight,,,failed,False,2026-08-17T23:09:02.276027+09:00
Referral Installment,,,failed,False,2026-08-23T16:11:13.672713+09:00
Referral Interest,,,failed,False,2026-08-23T13:46:32.970542+09:00
Referral Item,,,failed,False,2026-08-21T01:54:32.681048+09:00
Referral Journal,10.0,0.0,success,False,2026-08-18T22:03:09.558659+09:00
Referral Keeper,10.0,14.0,success,False,2026-08-18T07:43:54.848234+09:00
Referral Kit,20.0,3.0,success,False,2026-08-27T22:46:12.811571+09:00
Referral Lab,1300.0,1.0,success,False,2026-08-17T21:30:15.996537+09:00
Referral Label,10.0,1.0,success,False,2026-08-27T22:07:19.639710+09:00
Referral Ledger,10.0,0.0,success,False,2026-08-17T21:34:39.149688+09:00
Referral Lens,,,failed,False,2026-08-18T07:43:41.366664+09:00
Referral Level,30.0,0.0,success,False,2026-08-19T20:44:00.282785+09:00
Referral Levy,,,failed,False,2026-08-23T13:46:35.892255+09:00
Referral Link,5400.0,8.0,success,False,2026-08-23T03:15:19.125629+09:00
Referral List,480.0,0.0,success,False,2026-08-19T21:46:11.490049+09:00
Referral Loan,40.0,18.0,success,False,2026-08-21T02:06:36.583403+09:00
Referral Locator,,,failed,False,2026-08-18T23:57:02.622913+09:00
Referral Lock,,,failed,False,2026-08-18T07:43:35.299259+09:00
Referral Log,90.0,4.0,success,False,2026-08-19T13:24:49.306222+09:00
Referral Loop,110.0,2.0,success,False,2026-08-17T20:36:22.753454+09:00
Referral Manager,320.0,3.0,success,False,2026-08-17T21:37:21.496927+09:00
Referral Manual,,,failed,False,2026-08-27T22:07:22.262130+09:00
Referral Map,40.0,1.0,success,False,2026-08-18T07:43:35.299259+09:00
Referral Markup,,,failed,False,2026-08-23T16:37:16.360877+09:00
Referral Memo,20.0,0.0,success,False,2026-08-21T00:27:30.325740+09:00
Referral Message,320.0,0.0,success,False,2026-08-27T23:11:34.108403+09:00
Referral Meter,,,failed,False,2026-08-17T20:40:32.567080+09:00
Referral Metrics,10.0,4.0,success,False,2026-08-17T23:04:25.350258+09:00
Referral Monitor,,,failed,False,2026-08-17T23:10:04.608173+09:00
Referral Navigator,30.0,1.0,success,False,2026-08-17T23:10:43.579186+09:00
Referral Nexus,,,failed,False,2026-08-18T07:43:35.299259+09:00
Referral Node,,,failed,False,2026-08-17T20:33:08.305690+09:00
Referral Note,320.0,0.0,success,False,2026-08-19T13:26:07.690748+09:00
Referral Notification,,,failed,False,2026-08-27T22:46:08.024081+09:00
Referral Number,590.0,0.0,success,False,2026-08-23T03:15:06.713636+09:00
Referral Office,40.0,1.0,success,False,2026-08-18T23:57:02.622913+09:00
Referral Ops,,,failed,False,2026-08-17T23:04:27.580981+09:00
Referral Order,590.0,0.0,success,False,2026-08-19T21:50:33.278837+09:00
Referral Organizer,,,failed,False,2026-08-17T23:05:55.492568+09:00
Referral Overdue,,,failed,False,2026-08-27T21:46:03.878331+09:00
Referral Panel,10.0,3.0,success,False,2026-08-17T20:42:04.175878+09:00
Referral Path,720.0,0.0,success,False,2026-08-17T20:32:32.905502+09:00
Referral Penalty,,,failed,False,2026-08-23T16:37:14.050450+09:00
Referral Petition,,,failed,False,2026-08-21T01:01:22.274781+09:00
Referral Pilot,,,failed,False,2026-08-17T21:30:47.592348+09:00
Referral Plan,70.0,7.0,success,False,2026-08-21T01:54:42.335376+09:00
Referral Planner,,,failed,False,2026-08-17T23:07:23.914294+09:00
Referral Playbook,10.0,0.0,success,False,2026-08-18T22:02:59.013018+09:00
Referral Point,170.0,2.0,success,False,2026-08-18T07:43:33.708043+09:00
Referral Portal,390.0,4.0,success,False,2026-08-17T20:43:51.758171+09:00
Referral Preview,,,failed,False,2026-08-28T01:02:34.403760+09:00
Referral Profile,10.0,0.0,success,False,2026-08-19T13:26:40.628357+09:00
Referral Profit,10.0,0.0,success,False,2026-08-23T02:54:15.524012+09:00
Referral Proposal,10.0,10.0,success,False,2026-08-28T01:02:34.403760+09:00
Referral Pulse,,,failed,False,2026-08-17T20:34:34.179062+09:00
Referral Queue,,,failed,False,2026-08-19T21:04:08.048540+09:00
Referral Quota,,,failed,False,2026-08-21T00:27:34.970005+09:00
Referral Radar,30.0,34.0,success,False,2026-08-17T20:47:16.621554+09:00
Referral Rail,,,failed,False,2026-08-17T20:36:56.303275+09:00
Referral Rate,210.0,0.0,success,False,2026-08-19T20:44:10.013145+09:00
Referral Receipt,,,failed,False,2026-08-19T21:50:54.613076+09:00
Referral Recorder,,,failed,False,2026-08-27T23:31:21.274329+09:00
Referral Redemption,,,failed,False,2026-08-23T16:37:21.516331+09:00
Referral Register,390.0,0.0,success,False,2026-08-17T23:05:09.501218+09:00
Referral Registry,,,failed,False,2026-08-18T22:03:53.517132+09:00
Referral Relay,,,failed,False,2026-08-17T20:46:03.469899+09:00
Referral Reminder,,,failed,False,2026-08-19T21:08:46.825044+09:00
Referral Report,140.0,0.0,success,False,2026-08-19T13:24:25.669672+09:00
Referral Repository,,,failed,False,2026-08-27T23:11:44.740129+09:00
Referral Result,,,failed,False,2026-08-28T00:45:55.588446+09:00
Referral Roadmap,,,failed,False,2026-08-18T22:02:33.707465+09:00
Referral Roster,,,failed,False,2026-08-19T00:36:48.669353+09:00
Referral Route,,,failed,False,2026-08-17T20:38:43.149907+09:00
Referral Rule,,,failed,False,2026-08-23T03:15:22.651664+09:00
Referral Sale,260.0,5.0,success,False,2026-08-21T02:22:28.218601+09:00
Referral Sample,210.0,0.0,success,False,2026-08-19T21:46:58.234898+09:00
Referral Scale,,,failed,False,2026-08-17T20:39:41.640400+09:00
Referral Scheduler,,,failed,False,2026-08-17T23:06:41.076830+09:00
Referral Scope,,,failed,False,2026-08-17T20:37:24.505740+09:00
Referral Score,10.0,0.0,success,False,2026-08-19T13:25:55.543115+09:00
Referral Sentry,,,failed,False,2026-08-18T07:43:44.841764+09:00
Referral Sheet,320.0,19.0,success,False,2026-08-19T13:25:14.797860+09:00
Referral Signal,,,failed,False,2026-08-17T20:39:13.606540+09:00
Referral Slip,590.0,4.0,success,False,2026-08-19T21:46:45.064278+09:00
Referral Slot,40.0,3.0,success,False,2026-08-19T21:47:08.663103+09:00
Referral Snapshot,,,failed,False,2026-08-18T22:03:21.744324+09:00
Referral Stage,10.0,0.0,success,False,2026-08-28T00:45:55.588446+09:00
Referral Stake,20.0,3.0,success,False,2026-08-23T02:54:19.843201+09:00
Referral Statement,30.0,0.0,success,False,2026-08-21T00:27:03.794080+09:00
Referral Station,110.0,9.0,success,False,2026-08-17T20:47:58.336807+09:00
Referral Status,320.0,0.0,success,False,2026-08-19T20:43:36.722310+09:00
Referral Streak,,,failed,False,2026-08-28T00:45:55.588446+09:00
Referral Studio,,,failed,False,2026-08-17T21:31:23.168898+09:00
Referral Subsidy,,,failed,False,2026-08-23T15:51:39.388284+09:00
Referral Suite,10.0,0.0,success,False,2026-08-17T23:04:48.646277+09:00
Referral Sum,,,failed,False,2026-08-21T02:22:07.753021+09:00
Referral Summary,210.0,0.0,success,False,2026-08-19T21:08:23.714003+09:00
Referral Sync,,,failed,False,2026-08-17T21:34:09.721109+09:00
Referral Tab,20.0,0.0,success,False,2026-08-21T00:27:51.416222+09:00
Referral Table,,,failed,False,2026-08-19T21:46:23.560668+09:00
Referral Tag,,,failed,False,2026-08-19T13:26:15.412219+09:00
Referral Tally,,,failed,False,2026-08-21T00:27:12.597515+09:00
Referral Tariff,,,failed,False,2026-08-21T02:38:54.796216+09:00
Referral Tax,70.0,3.0,success,False,2026-08-21T02:06:32.230213+09:00
Referral Ticket,170.0,0.0,success,False,2026-08-19T21:03:55.204280+09:00
Referral Tier,20.0,0.0,success,False,2026-08-28T00:45:59.297593+09:00
Referral Timeline,,,failed,False,2026-08-19T21:08:35.799168+09:00
Referral Timer,,,failed,False,2026-08-28T00:21:24.701670+09:00
Referral Token,50.0,1.0,success,False,2026-08-23T13:27:05.347974+09:00
Referral Toll,,,failed,False,2026-08-21T02:38:45.456500+09:00
Referral Toolbox,,,failed,False,2026-08-28T00:21:32.683664+09:00
Referral Toolkit,,,failed,False,2026-08-18T22:02:50.623197+09:00
Referral Total,,,failed,False,2026-08-27T23:11:39.748613+09:00
Referral Tracker,1300.0,12.0,success,False,2026-08-17T21:35:11.471835+09:00
Referral Trail,40.0,0.0,success,False,2026-08-17T20:35:59.491401+09:00
Referral Trend,,,failed,False,2026-08-28T01:02:31.716235+09:00
Referral Trial,,,failed,False,2026-08-27T21:13:15.493972+09:00
Referral Unit,140.0,0.0,success,False,2026-08-21T01:54:37.378039+09:00
Referral Update,30.0,0.0,success,False,2026-08-19T20:37:18.555970+09:00
Referral Value,20.0,0.0,success,False,2026-08-23T02:54:17.672874+09:00
Referral Vault,,,failed,False,2026-08-17T20:45:15.345040+09:00
Referral Version,,,failed,False,2026-08-23T03:15:10.473494+09:00
Referral View,20.0,0.0,success,False,2026-08-19T20:43:41.671766+09:00
Referral Voucher,140.0,9.0,success,False,2026-08-21T00:26:41.627536+09:00
Referral Wallet,70.0,6.0,success,False,2026-08-27T22:46:20.664142+09:00
Referral Watch,,,failed,False,2026-08-17T20:38:19.209708+09:00
Referral Wave,10.0,,success,False,2026-08-17T20:33:41.175079+09:00
Referral Widget,30.0,0.0,success,False,2026-08-27T23:11:42.330738+09:00
Referral Workbench,,,failed,False,2026-08-18T22:02:40.368007+09:00
Referral Worksheet,30.0,0.0,success,False,2026-08-27T22:07:27.719925+09:00
Referral Workshop,,,failed,False,2026-08-28T00:21:27.462723+09:00
Referral Zone,10.0,1.0,success,False,2026-08-17T20:44:37.629482+09:00
Refill Advance,,,failed,False,2026-08-23T16:14:40.533655+09:00
Refill Allowance,,,failed,False,2026-08-21T02:40:41.069615+09:00
Refill Almanac,,,failed,False,2026-08-18T23:51:56.822963+09:00
Refill Analyzer,,,failed,False,2026-08-27T23:56:35.462889+09:00
Refill Anchor,,,failed,False,2026-08-17T23:24:44.637673+09:00
Refill Announcement,,,failed,False,2026-08-27T23:34:59.997959+09:00
Refill Assistant,590.0,0.0,success,False,2026-08-17T23:31:12.330432+09:00
Refill Atlas,,,failed,False,2026-08-17T23:30:21.472957+09:00
Refill Badge,,,failed,False,2026-08-21T00:28:32.365756+09:00
Refill Balance,20.0,29.0,success,False,2026-08-23T13:47:09.314181+09:00
Refill Base,,,failed,False,2026-08-17T23:26:52.800903+09:00
Refill Beacon,,,failed,False,2026-08-17T23:24:01.156266+09:00
Refill Bill,10.0,11.0,success,False,2026-08-19T21:50:52.634082+09:00
Refill Blueprint,,,failed,False,2026-08-18T23:51:56.822963+09:00
Refill Board,,,failed,False,2026-08-17T23:08:11.112323+09:00
Refill Book,1000.0,30.0,success,False,2026-08-19T21:51:45.660208+09:00
Refill Bridge,,,failed,False,2026-08-17T23:06:45.787789+09:00
Refill Brief,,,failed,False,2026-08-21T01:01:17.697392+09:00
Refill Bulletin,,,failed,False,2026-08-21T01:01:15.556861+09:00
Refill Calculator,2900.0,0.0,success,True,2026-08-27T23:35:04.726489+09:00
Refill Calendar,390.0,100.0,success,False,2026-08-19T00:02:45.246378+09:00
Refill Card,390.0,26.0,success,False,2026-08-19T13:21:55.310171+09:00
Refill Cascade,,,failed,False,2026-08-17T23:24:23.365405+09:00
Refill Cash,,,failed,False,2026-08-21T02:25:28.596275+09:00
Refill Cashback,,,failed,False,2026-08-27T21:16:45.829850+09:00
Refill Catalog,,,failed,False,2026-08-19T21:08:21.181421+09:00
Refill Category,,,failed,False,2026-08-23T13:07:14.038929+09:00
Refill Center,720.0,3.0,success,False,2026-08-17T23:04:15.040980+09:00
Refill Chain,,,failed,False,2026-08-17T23:09:34.502992+09:00
Refill Charge,10.0,0.0,success,False,2026-08-21T02:40:27.519765+09:00
Refill Check,170.0,95.0,success,False,2026-08-19T13:22:55.768758+09:00
Refill Checker,,,failed,False,2026-08-27T23:56:30.078148+09:00
Refill Checklist,,,failed,False,2026-08-19T21:07:31.125995+09:00
Refill Cockpit,,,failed,False,2026-08-17T23:10:52.063537+09:00
Refill Code,320.0,7.0,success,False,2026-08-19T21:51:10.797801+09:00
Refill Codex,,,failed,False,2026-08-18T22:02:35.560643+09:00
Refill Companion,,,failed,False,2026-08-17T23:32:37.778770+09:00
Refill Comparison,,,failed,False,2026-08-28T01:06:23.726095+09:00
Refill Compass,90.0,10.0,success,False,2026-08-17T23:04:52.831664+09:00
Refill Confirmation,,,failed,False,2026-08-21T01:01:32.949178+09:00
Refill Console,,,failed,False,2026-08-17T23:28:19.331420+09:00
Refill Copayment,,,failed,False,2026-08-23T16:38:57.916604+09:00
Refill Core,,,failed,False,2026-08-17T23:13:28.338167+09:00
Refill Cost,90.0,8.0,success,False,2026-08-21T02:10:04.981055+09:00
Refill Count,,,failed,False,2026-08-27T22:48:56.292769+09:00
Refill Counter,20.0,0.0,success,False,2026-08-19T00:03:29.017691+09:00
Refill Coupon,10.0,0.0,success,False,2026-08-27T21:16:38.075410+09:00
Refill Dashboard,,,failed,False,2026-08-17T23:32:25.255075+09:00
Refill Deal,10.0,14.0,success,False,2026-08-21T01:54:29.413822+09:00
Refill Debt,,,failed,False,2026-08-21T02:25:19.750628+09:00
Refill Deck,,,failed,False,2026-08-17T23:27:21.585941+09:00
Refill Depot,10.0,9.0,success,False,2026-08-19T00:03:16.369023+09:00
Refill Desk,,,failed,False,2026-08-17T22:46:57.477508+09:00
Refill Detail,,,failed,False,2026-08-23T03:19:30.157366+09:00
Refill Detector,,,failed,False,2026-08-27T23:56:32.424799+09:00
Refill Diagram,,,failed,False,2026-08-27T22:11:36.968554+09:00
Refill Dial,,,failed,False,2026-08-17T23:28:41.981102+09:00
Refill Digest,,,failed,False,2026-08-19T20:39:35.461909+09:00
Refill Directory,40.0,0.0,success,False,2026-08-19T00:02:56.248931+09:00
Refill Discount,10.0,16.0,success,False,2026-08-23T16:14:33.783950+09:00
Refill Dock,,,failed,False,2026-08-17T23:29:14.907859+09:00
Refill Dossier,,,failed,False,2026-08-21T01:01:35.076961+09:00
Refill Downpayment,,,failed,False,2026-08-27T21:47:47.331734+09:00
Refill Draft,,,failed,False,2026-08-19T20:39:50.711958+09:00
Refill Due,,,failed,False,2026-08-23T15:51:51.217465+09:00
Refill Duty,,,failed,False,2026-08-21T02:40:33.895660+09:00
Refill Engine,10.0,4.0,success,False,2026-08-17T23:07:32.474026+09:00
Refill Entry,,,failed,False,2026-08-21T01:01:49.387114+09:00
Refill Estimate,,,failed,False,2026-08-19T21:08:11.674763+09:00
Refill Estimator,,,failed,False,2026-08-27T23:56:30.078148+09:00
Refill Extension,30.0,1.0,success,False,2026-08-23T16:39:00.201041+09:00
Refill Fare,,,failed,False,2026-08-21T02:10:09.458176+09:00
Refill Fee,,,failed,False,2026-08-21T01:54:08.146374+09:00
Refill Feed,,,failed,False,2026-08-19T20:39:41.503731+09:00
Refill File,70.0,31.0,success,False,2026-08-19T20:38:59.819787+09:00
Refill Finder,20.0,18.0,success,False,2026-08-19T00:03:09.712807+09:00
Refill Fine,,,failed,False,2026-08-23T02:55:04.865137+09:00
Refill Flag,,,failed,False,2026-08-21T00:29:21.936028+09:00
Refill Flow,,,failed,False,2026-08-17T23:33:13.848442+09:00
Refill Forge,,,failed,False,2026-08-17T23:12:08.094400+09:00
Refill Form,40.0,4.0,success,False,2026-08-19T13:21:40.944519+09:00
Refill Frame,,,failed,False,2026-08-17T23:06:26.824049+09:00
Refill Fund,,,failed,False,2026-08-21T02:25:24.803683+09:00
Refill Gate,,,failed,False,2026-08-17T23:30:05.459796+09:00
Refill Giveaway,,,failed,False,2026-08-27T21:16:53.377302+09:00
Refill Grade,,,failed,False,2026-08-21T00:29:02.215162+09:00
Refill Graph,,,failed,False,2026-08-27T22:11:14.702550+09:00
Refill Grid,10.0,0.0,success,False,2026-08-17T23:15:22.052615+09:00
Refill Guarantee,10.0,0.0,success,False,2026-08-28T01:06:29.246910+09:00
Refill Guard,10.0,0.0,success,False,2026-08-17T23:07:11.054257+09:00
Refill Guardian,,,failed,False,2026-08-28T00:25:42.430031+09:00
Refill Guidebook,,,failed,False,2026-08-18T23:51:56.822963+09:00
Refill Helpdesk,,,failed,False,2026-08-27T22:48:56.292769+09:00
Refill Helper,,,failed,False,2026-08-28T00:25:44.811086+09:00
Refill History,30.0,0.0,success,False,2026-08-19T20:38:50.239529+09:00
Refill Hotline,,,failed,False,2026-08-19T21:08:31.191170+09:00
Refill Hub,90.0,1.0,success,False,2026-08-17T23:08:52.279570+09:00
Refill Identifier,,,failed,False,2026-08-23T13:07:10.531607+09:00
Refill Incentive,,,failed,False,2026-08-27T21:16:49.739310+09:00
Refill Index,,,failed,False,2026-08-19T21:07:40.402937+09:00
Refill Insight,,,failed,False,2026-08-17T23:03:37.118721+09:00
Refill Installment,,,failed,False,2026-08-23T16:14:37.846068+09:00
Refill Item,,,failed,False,2026-08-21T01:54:12.034921+09:00
Refill Journal,3600.0,100.0,success,False,2026-08-18T23:51:56.822963+09:00
Refill Keeper,,,failed,False,2026-08-17T23:30:36.598618+09:00
Refill Lab,1000.0,77.0,success,False,2026-08-17T23:27:38.183762+09:00
Refill Label,140.0,100.0,success,False,2026-08-27T22:11:22.688416+09:00
Refill Ledger,,,failed,False,2026-08-17T23:27:09.313673+09:00
Refill Lens,,,failed,False,2026-08-17T23:26:36.000104+09:00
Refill Level,,,failed,False,2026-08-19T20:39:07.135209+09:00
Refill Link,20.0,20.0,success,False,2026-08-23T03:19:24.648506+09:00
Refill List,,,failed,False,2026-08-19T21:51:20.233471+09:00
Refill Loan,,,failed,False,2026-08-21T02:10:17.497387+09:00
Refill Locator,10.0,0.0,success,False,2026-08-19T00:03:01.180289+09:00
Refill Lock,,,failed,False,2026-08-17T23:26:24.551704+09:00
Refill Log,,,failed,False,2026-08-19T13:20:58.742668+09:00
Refill Loop,50.0,54.0,success,False,2026-08-17T23:25:36.258312+09:00
Refill Manager,,,failed,False,2026-08-17T23:12:45.983083+09:00
Refill Manual,10.0,0.0,success,False,2026-08-27T22:11:25.706912+09:00
Refill Map,50.0,0.0,success,False,2026-08-17T23:11:50.330995+09:00
Refill Margin,,,failed,False,2026-08-23T02:55:02.071314+09:00
Refill Markup,,,failed,False,2026-08-23T16:38:57.916604+09:00
Refill Memo,,,failed,False,2026-08-21T00:29:07.557420+09:00
Refill Message,10.0,5.0,success,False,2026-08-27T23:14:03.822687+09:00
Refill Meter,,,failed,False,2026-08-17T23:13:09.056664+09:00
Refill Metrics,,,failed,False,2026-08-17T23:32:05.926406+09:00
Refill Monitor,,,failed,False,2026-08-17T23:31:45.267981+09:00
Refill Navigator,,,failed,False,2026-08-17T23:05:17.262710+09:00
Refill Nexus,,,failed,False,2026-08-17T23:11:11.238352+09:00
Refill Node,,,failed,False,2026-08-17T23:03:55.937111+09:00
Refill Note,,,failed,False,2026-08-19T13:23:19.735168+09:00
Refill Notification,,,failed,False,2026-08-27T22:48:47.363219+09:00
Refill Number,110.0,0.0,success,False,2026-08-23T03:19:19.103854+09:00
Refill Office,,,failed,False,2026-08-19T00:03:23.645450+09:00
Refill Ops,,,failed,False,2026-08-17T23:32:49.252049+09:00
Refill Order,320.0,1.0,success,False,2026-08-19T21:50:41.490993+09:00
Refill Organizer,140.0,100.0,success,False,2026-08-17T23:09:15.899406+09:00
Refill Overage,,,failed,False,2026-08-27T21:47:44.451127+09:00
Refill Overdraft,,,failed,False,2026-08-23T15:51:53.307481+09:00
Refill Overdue,,,failed,False,2026-08-27T21:47:39.871299+09:00
Refill Panel,,,failed,False,2026-08-17T23:06:04.469497+09:00
Refill Pass,,,failed,False,2026-08-21T00:28:17.964653+09:00
Refill Path,,,failed,False,2026-08-17T23:26:10.639676+09:00
Refill Payoff,,,failed,False,2026-08-27T21:47:42.128898+09:00
Refill Penalty,,,failed,False,2026-08-23T16:38:55.641714+09:00
Refill Petition,,,failed,False,2026-08-21T01:01:28.263811+09:00
Refill Pilot,880.0,100.0,success,False,2026-08-17T23:33:28.426699+09:00
Refill Plan,480.0,100.0,success,False,2026-08-21T01:54:20.819048+09:00
Refill Planner,2400.0,100.0,success,False,2026-08-17T23:14:25.326532+09:00
Refill Playbook,,,failed,False,2026-08-18T23:51:56.822963+09:00
Refill Point,590.0,5.0,success,False,2026-08-17T23:04:33.261831+09:00
Refill Portal,10.0,6.0,success,False,2026-08-17T23:11:28.950122+09:00
Refill Preview,,,failed,False,2026-08-28T01:06:26.504545+09:00
Refill Profile,,,failed,False,2026-08-19T13:23:46.954730+09:00
Refill Profit,,,failed,False,2026-08-23T02:54:55.052160+09:00
Refill Proposal,,,failed,False,2026-08-28T01:06:29.246910+09:00
Refill Pulse,,,failed,False,2026-08-17T23:25:53.472363+09:00
Refill Queue,,,failed,False,2026-08-19T21:08:00.939328+09:00
Refill Quota,,,failed,False,2026-08-21T00:29:15.711468+09:00
Refill Radar,,,failed,False,2026-08-17T23:23:24.651550+09:00
Refill Rail,,,failed,False,2026-08-17T23:14:46.249386+09:00
Refill Rate,40.0,0.0,success,False,2026-08-19T20:39:18.061361+09:00
Refill Receipt,10.0,0.0,success,False,2026-08-19T21:51:01.436792+09:00
Refill Recorder,,,failed,False,2026-08-27T23:35:07.655977+09:00
Refill Redemption,,,failed,False,2026-08-23T16:39:00.201041+09:00
Refill Register,20.0,0.0,success,False,2026-08-17T23:12:27.386442+09:00
Refill Registry,,,failed,False,2026-08-18T23:51:56.822963+09:00
Refill Relay,,,failed,False,2026-08-17T23:10:33.409769+09:00
Refill Reminder,260.0,0.0,success,False,2026-08-19T21:07:21.562422+09:00
Refill Report,,,failed,False,2026-08-19T13:20:50.883072+09:00
Refill Repository,,,failed,False,2026-08-27T23:14:12.324093+09:00
Refill Roadmap,,,failed,False,2026-08-18T22:02:44.404885+09:00
Refill Roster,,,failed,False,2026-08-19T00:38:43.028128+09:00
Refill Route,20.0,0.0,success,False,2026-08-17T23:07:51.294970+09:00
Refill Rule,10.0,0.0,success,False,2026-08-23T03:19:26.945614+09:00
Refill Sale,10.0,94.0,success,False,2026-08-21T02:25:31.969034+09:00
Refill Sample,,,failed,False,2026-08-19T21:52:07.578129+09:00
Refill Scale,,,failed,False,2026-08-17T23:28:58.984040+09:00
Refill Scanner,,,failed,False,2026-08-27T23:56:32.424799+09:00
Refill Scheduler,,,failed,False,2026-08-17T23:31:30.005121+09:00
Refill Scope,,,failed,False,2026-08-17T23:08:30.361207+09:00
Refill Score,,,failed,False,2026-08-19T13:23:05.373596+09:00
Refill Sentry,,,failed,False,2026-08-17T23:05:41.457486+09:00
Refill Sheet,110.0,43.0,success,False,2026-08-19T13:22:04.691766+09:00
Refill Shortfall,,,failed,False,2026-08-27T21:47:50.200871+09:00
Refill Signal,,,failed,False,2026-08-17T23:13:46.002975+09:00
Refill Slip,,,failed,False,2026-08-19T21:51:58.682281+09:00
Refill Slot,30.0,0.0,success,False,2026-08-19T21:52:20.652566+09:00
Refill Snapshot,,,failed,False,2026-08-18T23:51:56.822963+09:00
Refill Stage,,,failed,False,2026-08-28T00:47:59.038217+09:00
Refill Stake,,,failed,False,2026-08-23T02:54:59.727215+09:00
Refill Statement,,,failed,False,2026-08-21T00:28:46.684495+09:00
Refill Station,8100.0,2.0,success,False,2026-08-17T23:09:54.812310+09:00
Refill Status,20.0,1.0,success,False,2026-08-19T20:38:26.547735+09:00
Refill Stub,,,failed,False,2026-08-21T00:28:39.996166+09:00
Refill Studio,,,failed,False,2026-08-17T23:15:02.433018+09:00
Refill Subsidy,,,failed,False,2026-08-23T15:51:53.307481+09:00
Refill Suite,,,failed,False,2026-08-17T23:30:49.193189+09:00
Refill Sum,,,failed,False,2026-08-21T02:25:13.538662+09:00
Refill Summary,,,failed,False,2026-08-19T21:06:57.837919+09:00
Refill Surtax,,,failed,False,2026-08-23T15:51:57.634783+09:00
Refill Sync,,,failed,False,2026-08-17T23:14:07.437972+09:00
Refill Tab,480.0,23.0,success,False,2026-08-21T00:29:30.583044+09:00
Refill Table,,,failed,False,2026-08-19T21:51:30.988224+09:00
Refill Tag,10.0,45.0,success,False,2026-08-19T13:23:28.561494+09:00
Refill Tally,,,failed,False,2026-08-21T00:28:53.322616+09:00
Refill Tariff,,,failed,False,2026-08-21T02:40:43.977421+09:00
Refill Tax,10.0,11.0,success,False,2026-08-21T02:10:13.973101+09:00
Refill Ticket,20.0,4.0,success,False,2026-08-19T21:07:51.410434+09:00
Refill Timeline,,,failed,False,2026-08-19T21:07:11.433627+09:00
Refill Timer,,,failed,False,2026-08-28T00:25:39.840423+09:00
Refill Toll,,,failed,False,2026-08-21T02:40:38.159052+09:00
Refill Toolbox,,,failed,False,2026-08-28T00:25:44.811086+09:00
Refill Toolkit,,,failed,False,2026-08-18T23:51:56.822963+09:00
Refill Total,,,failed,False,2026-08-27T23:14:08.485077+09:00
Refill Tracker,,,failed,False,2026-08-17T23:33:03.029797+09:00
Refill Trail,,,failed,False,2026-08-17T23:29:34.686853+09:00
Refill Trend,,,failed,False,2026-08-28T01:06:23.726095+09:00
Refill Trial,10.0,0.0,success,False,2026-08-27T21:16:49.739310+09:00
Refill Unit,10.0,0.0,success,False,2026-08-21T01:54:16.257744+09:00
Refill Update,,,failed,False,2026-08-19T20:39:26.869721+09:00
Refill Value,10.0,0.0,success,False,2026-08-23T02:54:57.045583+09:00
Refill Vault,,,failed,False,2026-08-17T23:23:43.975283+09:00
Refill Version,,,failed,False,2026-08-23T03:19:21.354912+09:00
Refill View,,,failed,False,2026-08-19T20:38:39.383467+09:00
Refill Voucher,,,failed,False,2026-08-21T00:28:23.086581+09:00
Refill Watch,20.0,5.0,success,False,2026-08-17T23:25:00.626086+09:00
Refill Wave,,,failed,False,2026-08-17T23:10:09.982693+09:00
Refill Widget,,,failed,False,2026-08-27T23:14:08.485077+09:00
Refill Workbench,,,failed,False,2026-08-18T23:51:56.822963+09:00
Refill Worksheet,,,failed,False,2026-08-27T22:11:31.963952+09:00
Refill Zone,260.0,17.0,success,False,2026-08-17T23:28:06.508675+09:00
Refinance Advance,,,failed,False,2026-08-23T16:16:55.140069+09:00
Refinance Alert,,,failed,False,2026-08-21T01:44:07.789434+09:00
Refinance Allowance,,,failed,False,2026-08-21T02:37:11.292116+09:00
Refinance Analyzer,10.0,14.0,success,False,2026-08-27T23:56:05.344982+09:00
Refinance Arrears,,,failed,False,2026-08-23T16:16:51.381360+09:00
Refinance Asset,,,failed,False,2026-08-23T13:47:58.149011+09:00
Refinance Atlas,,,failed,False,2026-08-21T01:41:48.955996+09:00
Refinance Attribute,,,failed,False,2026-08-23T13:07:07.950459+09:00
Refinance Badge,,,failed,False,2026-08-21T01:38:01.641770+09:00
Refinance Balance,,,failed,False,2026-08-23T13:47:56.055627+09:00
Refinance Base,,,failed,False,2026-08-21T01:40:33.133691+09:00
Refinance Bay,30.0,60.0,success,False,2026-08-21T01:43:25.178324+09:00
Refinance Beacon,,,failed,False,2026-08-21T01:39:35.935414+09:00
Refinance Bill,10.0,24.0,success,False,2026-08-21T01:37:21.821672+09:00
Refinance Bin,,,failed,False,2026-08-21T01:44:16.668560+09:00
Refinance Board,,,failed,False,2026-08-21T01:40:42.553901+09:00
Refinance Bridge,,,failed,False,2026-08-21T01:39:47.385700+09:00
Refinance Brief,,,failed,False,2026-08-21T01:38:34.046103+09:00
Refinance Bulletin,,,failed,False,2026-08-21T01:38:31.485069+09:00
Refinance Cabinet,,,failed,False,2026-08-27T23:12:32.092351+09:00
Refinance Calculator,49500.0,54.0,success,False,2026-08-27T23:34:22.055868+09:00
Refinance Calendar,10.0,38.0,success,False,2026-08-21T01:42:43.370438+09:00
Refinance Card,10.0,69.0,success,False,2026-08-21T01:36:05.570623+09:00
Refinance Cascade,,,failed,False,2026-08-21T01:39:45.118535+09:00
Refinance Cash,20.0,61.0,success,False,2026-08-21T02:30:05.549953+09:00
Refinance Cashback,1000.0,68.0,success,False,2026-08-27T21:13:25.046826+09:00
Refinance Category,,,failed,False,2026-08-23T13:07:04.865387+09:00
Refinance Center,10.0,9.0,success,False,2026-08-21T01:41:02.771886+09:00
Refinance Chain,,,failed,False,2026-08-21T01:41:35.548332+09:00
Refinance Charge,2900.0,41.0,success,False,2026-08-21T02:36:58.611410+09:00
Refinance Chart,10.0,51.0,success,False,2026-08-21T01:44:14.161023+09:00
Refinance Check,50.0,20.0,success,False,2026-08-21T01:36:05.570623+09:00
Refinance Checker,,,failed,False,2026-08-27T23:56:00.047193+09:00
Refinance Code,,,failed,False,2026-08-21T01:37:28.905967+09:00
Refinance Companion,,,failed,False,2026-08-21T01:42:20.086183+09:00
Refinance Comparison,170.0,75.0,success,False,2026-08-28T01:07:19.474773+09:00
Refinance Confirmation,,,failed,False,2026-08-21T01:38:48.053655+09:00
Refinance Console,,,failed,False,2026-08-21T01:41:14.289680+09:00
Refinance Contribution,,,failed,False,2026-08-23T16:16:48.615272+09:00
Refinance Copayment,,,failed,False,2026-08-23T16:40:23.481453+09:00
Refinance Core,,,failed,False,2026-08-21T01:40:35.434951+09:00
Refinance Cost,2900.0,41.0,success,False,2026-08-21T02:12:54.787375+09:00
Refinance Count,,,failed,False,2026-08-27T22:46:59.897454+09:00
Refinance Counter,,,failed,False,2026-08-21T01:43:00.390217+09:00
Refinance Coupon,,,failed,False,2026-08-27T21:13:18.101351+09:00
Refinance Deal,170.0,76.0,success,False,2026-08-21T01:56:23.932930+09:00
Refinance Debt,1000.0,32.0,success,False,2026-08-21T02:29:56.209810+09:00
Refinance Deck,,,failed,False,2026-08-21T01:40:45.060160+09:00
Refinance Desk,,,failed,False,2026-08-21T01:39:14.951697+09:00
Refinance Detail,,,failed,False,2026-08-23T03:18:03.824260+09:00
Refinance Detector,,,failed,False,2026-08-27T23:56:05.344982+09:00
Refinance Directory,,,failed,False,2026-08-21T01:42:48.869153+09:00
Refinance Discount,,,failed,False,2026-08-23T16:16:43.466007+09:00
Refinance Draft,,,failed,False,2026-08-21T01:36:47.067872+09:00
Refinance Due,,,failed,False,2026-08-23T15:52:44.896002+09:00
Refinance Duty,,,failed,False,2026-08-21T02:37:01.944995+09:00
Refinance Engine,,,failed,False,2026-08-21T01:42:00.180241+09:00
Refinance Entry,,,failed,False,2026-08-21T01:38:54.698036+09:00
Refinance Estimate,49500.0,54.0,success,False,2026-08-21T01:37:13.589246+09:00
Refinance Estimator,49500.0,54.0,success,False,2026-08-27T23:55:53.687521+09:00
Refinance Extension,,,failed,False,2026-08-23T16:40:23.481453+09:00
Refinance Fare,,,failed,False,2026-08-21T02:12:59.494269+09:00
Refinance Fee,2900.0,41.0,success,False,2026-08-21T01:56:06.760187+09:00
Refinance Feed,,,failed,False,2026-08-21T01:36:44.739122+09:00
Refinance File,,,failed,False,2026-08-21T01:36:08.498059+09:00
Refinance Fine,,,failed,False,2026-08-23T02:53:36.421361+09:00
Refinance Flow,,,failed,False,2026-08-21T01:39:01.261860+09:00
Refinance Forge,,,failed,False,2026-08-21T01:39:38.707543+09:00
Refinance Form,10.0,21.0,success,False,2026-08-21T01:36:05.570623+09:00
Refinance Format,,,failed,False,2026-08-23T13:07:10.531607+09:00
Refinance Frame,,,failed,False,2026-08-21T01:40:28.771256+09:00
Refinance Fund,,,failed,False,2026-08-21T02:30:00.318623+09:00
Refinance Gate,,,failed,False,2026-08-21T01:41:44.452509+09:00
Refinance Giveaway,,,failed,False,2026-08-27T21:13:37.797342+09:00
Refinance Graph,10.0,,success,False,2026-08-27T22:07:37.591593+09:00
Refinance Grid,,,failed,False,2026-08-21T01:40:07.956384+09:00
Refinance Guarantee,,,failed,False,2026-08-28T01:07:24.727084+09:00
Refinance Helpdesk,,,failed,False,2026-08-27T22:46:59.897454+09:00
Refinance Helper,,,failed,False,2026-08-28T00:25:39.840423+09:00
Refinance History,,,failed,False,2026-08-21T01:36:05.570623+09:00
Refinance Hub,,,failed,False,2026-08-21T01:39:07.193029+09:00
Refinance Identifier,,,failed,False,2026-08-23T13:07:02.783000+09:00
Refinance Inbox,,,failed,False,2026-08-21T01:44:05.223042+09:00
Refinance Incentive,30.0,69.0,success,False,2026-08-27T21:13:32.051431+09:00
Refinance Index,50.0,0.0,success,False,2026-08-21T01:37:05.417257+09:00
Refinance Interest,70.0,42.0,success,False,2026-08-23T13:47:56.055627+09:00
Refinance Item,,,failed,False,2026-08-21T01:56:12.510800+09:00
Refinance Journal,,,failed,False,2026-08-21T01:42:37.393096+09:00
Refinance Keeper,,,failed,False,2026-08-21T01:41:54.360418+09:00
Refinance Kit,,,failed,False,2026-08-27T22:46:50.983424+09:00
Refinance Lab,,,failed,False,2026-08-21T01:40:53.074721+09:00
Refinance Label,,,failed,False,2026-08-27T22:07:37.591593+09:00
Refinance Ledger,,,failed,False,2026-08-21T01:40:39.778843+09:00
Refinance Level,,,failed,False,2026-08-21T01:36:08.498059+09:00
Refinance Line,,,failed,False,2026-08-21T01:44:35.810594+09:00
Refinance Link,,,failed,False,2026-08-23T03:17:56.844473+09:00
Refinance List,10.0,0.0,success,False,2026-08-21T01:37:32.925946+09:00
Refinance Loan,9900.0,51.0,success,False,2026-08-21T02:13:09.073610+09:00
Refinance Lobby,,,failed,False,2026-08-21T01:44:25.853714+09:00
Refinance Locator,,,failed,False,2026-08-21T01:42:51.256978+09:00
Refinance Locker,,,failed,False,2026-08-21T01:43:03.421356+09:00
Refinance Log,,,failed,False,2026-08-21T01:36:05.570623+09:00
Refinance Loop,,,failed,False,2026-08-21T01:40:03.980146+09:00
Refinance Manual,,,failed,False,2026-08-27T22:07:41.421571+09:00
Refinance Map,,,failed,False,2026-08-21T01:40:26.570038+09:00
Refinance Markup,,,failed,False,2026-08-23T16:40:21.439904+09:00
Refinance Memo,,,failed,False,2026-08-21T01:38:16.172375+09:00
Refinance Message,,,failed,False,2026-08-27T23:12:25.065400+09:00
Refinance Monitor,10.0,,success,False,2026-08-21T01:42:13.880844+09:00
Refinance Nexus,,,failed,False,2026-08-21T01:41:46.462785+09:00
Refinance Note,10.0,10.0,success,False,2026-08-21T01:36:05.570623+09:00
Refinance Notification,,,failed,False,2026-08-27T22:46:50.983424+09:00
Refinance Number,20.0,25.0,success,False,2026-08-23T03:17:50.653872+09:00
Refinance Office,,,failed,False,2026-08-21T01:42:58.216620+09:00
Refinance Ops,,,failed,False,2026-08-21T01:42:29.387533+09:00
Refinance Order,,,failed,False,2026-08-21T01:37:16.023011+09:00
Refinance Overdue,,,failed,False,2026-08-27T21:46:06.267558+09:00
Refinance Panel,,,failed,False,2026-08-21T01:41:18.223212+09:00
Refinance Pass,,,failed,False,2026-08-21T01:37:51.952894+09:00
Refinance Passport,,,failed,False,2026-08-21T01:44:23.485240+09:00
Refinance Path,,,failed,False,2026-08-21T01:40:17.321567+09:00
Refinance Payoff,10.0,0.0,success,False,2026-08-27T21:46:08.601206+09:00
Refinance Penalty,30.0,14.0,success,False,2026-08-23T16:40:21.439904+09:00
Refinance Petition,,,failed,False,2026-08-21T01:38:45.431477+09:00
Refinance Plan,10.0,22.0,success,False,2026-08-21T01:56:19.157693+09:00
Refinance Planner,,,failed,False,2026-08-21T01:42:07.777661+09:00
Refinance Playbook,,,failed,False,2026-08-21T01:42:32.456630+09:00
Refinance Point,210.0,31.0,success,False,2026-08-21T01:40:23.040836+09:00
Refinance Portal,,,failed,False,2026-08-21T01:41:12.264242+09:00
Refinance Preview,,,failed,False,2026-08-28T01:07:22.099845+09:00
Refinance Profile,,,failed,False,2026-08-21T01:36:05.570623+09:00
Refinance Profit,,,failed,False,2026-08-23T02:53:25.456581+09:00
Refinance Proposal,10.0,14.0,success,False,2026-08-28T01:07:22.099845+09:00
Refinance Quota,,,failed,False,2026-08-21T01:38:21.127852+09:00
Refinance Radar,,,failed,False,2026-08-21T01:39:18.143916+09:00
Refinance Rate,201000.0,4.0,success,False,2026-08-21T01:36:08.498059+09:00
Refinance Receipt,,,failed,False,2026-08-21T01:37:26.126762+09:00
Refinance Redemption,,,failed,False,2026-08-23T16:40:23.481453+09:00
Refinance Register,,,failed,False,2026-08-21T01:42:27.221916+09:00
Refinance Relay,,,failed,False,2026-08-21T01:39:25.000691+09:00
Refinance Reminder,,,failed,False,2026-08-21T01:36:59.790111+09:00
Refinance Report,,,failed,False,2026-08-21T01:36:05.570623+09:00
Refinance Repository,,,failed,False,2026-08-27T23:12:34.540185+09:00
Refinance Result,,,failed,False,2026-08-28T00:48:02.582128+09:00
Refinance Ring,,,failed,False,2026-08-21T01:41:39.026443+09:00
Refinance Roll,,,failed,False,2026-08-21T01:36:05.570623+09:00
Refinance Roster,,,failed,False,2026-08-21T01:43:59.593158+09:00
Refinance Route,,,failed,False,2026-08-21T01:41:22.153477+09:00
Refinance Rule,50.0,28.0,success,False,2026-08-23T03:18:00.174345+09:00
Refinance Sale,10.0,0.0,success,False,2026-08-21T02:30:08.779542+09:00
Refinance Sample,,,failed,False,2026-08-21T01:37:41.835664+09:00
Refinance Scale,,,failed,False,2026-08-21T01:41:20.184116+09:00
Refinance Scanner,,,failed,False,2026-08-27T23:56:02.652689+09:00
Refinance Score,,,failed,False,2026-08-21T01:36:05.570623+09:00
Refinance Sheet,10.0,27.0,success,False,2026-08-21T01:36:05.570623+09:00
Refinance Signal,,,failed,False,2026-08-21T01:39:52.762519+09:00
Refinance Signature,,,failed,False,2026-08-23T13:27:51.587934+09:00
Refinance Slip,,,failed,False,2026-08-21T01:37:39.215530+09:00
Refinance Slot,,,failed,False,2026-08-21T01:37:46.611348+09:00
Refinance Stage,,,failed,False,2026-08-28T00:48:02.582128+09:00
Refinance Stake,,,failed,False,2026-08-23T02:53:30.954147+09:00
Refinance Statement,10.0,0.0,success,False,2026-08-21T01:38:12.819970+09:00
Refinance Station,,,failed,False,2026-08-21T01:40:55.486600+09:00
Refinance Status,,,failed,False,2026-08-21T01:36:05.570623+09:00
Refinance Stub,,,failed,False,2026-08-21T01:38:06.302240+09:00
Refinance Studio,,,failed,False,2026-08-21T01:40:50.890695+09:00
Refinance Subsidy,,,failed,False,2026-08-23T15:52:44.896002+09:00
Refinance Sum,,,failed,False,2026-08-21T02:29:53.730886+09:00
Refinance Summary,,,failed,False,2026-08-21T01:36:52.456000+09:00
Refinance Surtax,,,failed,False,2026-08-23T15:52:46.857399+09:00
Refinance Tab,,,failed,False,2026-08-21T01:38:24.012895+09:00
Refinance Table,10.0,0.0,success,False,2026-08-21T01:37:34.913486+09:00
Refinance Tag,,,failed,False,2026-08-21T01:36:05.570623+09:00
Refinance Tariff,,,failed,False,2026-08-21T02:37:15.297674+09:00
Refinance Tax,30.0,4.0,success,False,2026-08-21T02:13:04.369688+09:00
Refinance Terminal,,,failed,False,2026-08-21T01:41:00.703725+09:00
Refinance Ticker,,,failed,False,2026-08-21T01:44:31.242398+09:00
Refinance Ticket,,,failed,False,2026-08-21T01:37:07.808277+09:00
Refinance Timeline,50.0,7.0,success,False,2026-08-21T01:36:57.667235+09:00
Refinance Toll,,,failed,False,2026-08-21T02:37:05.084488+09:00
Refinance Toolbox,,,failed,False,2026-08-28T00:25:34.855882+09:00
Refinance Total,,,failed,False,2026-08-27T23:12:29.033332+09:00
Refinance Tracker,,,failed,False,2026-08-21T01:38:59.099455+09:00
Refinance Trend,10.0,10.0,success,False,2026-08-28T01:07:16.006245+09:00
Refinance Trial,,,failed,False,2026-08-27T21:13:32.051431+09:00
Refinance Unit,,,failed,False,2026-08-21T01:56:16.843249+09:00
Refinance Update,,,failed,False,2026-08-21T01:36:39.432784+09:00
Refinance Value,10.0,12.0,success,False,2026-08-23T02:53:27.977389+09:00
Refinance Vault,,,failed,False,2026-08-21T01:39:27.131441+09:00
Refinance Version,,,failed,False,2026-08-23T03:17:54.192615+09:00
Refinance View,,,failed,False,2026-08-21T01:36:05.570623+09:00
Refinance Voucher,,,failed,False,2026-08-21T01:37:55.040790+09:00
Refinance Wave,,,failed,False,2026-08-21T01:40:12.068388+09:00
Refinance Widget,,,failed,False,2026-08-27T23:12:32.092351+09:00
Refinance Window,10.0,21.0,success,False,2026-08-21T01:44:38.139446+09:00
Refinance Worksheet,10.0,24.0,success,False,2026-08-27T22:07:45.490805+09:00
Refinance Workshop,,,failed,False,2026-08-28T00:25:31.999960+09:00
Refinance Zone,,,failed,False,2026-08-21T01:41:06.507181+09:00
Refrigerant Advance,,,failed,False,2026-08-23T16:12:29.296473+09:00
Refrigerant Advisory,,,failed,False,2026-08-21T01:08:59.079967+09:00
Refrigerant Allowance,,,failed,False,2026-08-21T02:37:19.204094+09:00
Refrigerant Almanac,,,failed,False,2026-08-18T22:08:11.096453+09:00
Refrigerant Anchor,,,failed,False,2026-08-18T22:10:43.266214+09:00
Refrigerant Arrears,,,failed,False,2026-08-23T16:12:26.242265+09:00
Refrigerant Asset,,,failed,False,2026-08-23T13:45:59.921070+09:00
Refrigerant Assistant,,,failed,False,2026-08-18T22:05:11.798475+09:00
Refrigerant Atlas,,,failed,False,2026-08-18T22:04:08.939820+09:00
Refrigerant Balance,,,failed,False,2026-08-23T13:45:59.921070+09:00
Refrigerant Base,,,failed,False,2026-08-18T23:51:56.822963+09:00
Refrigerant Beacon,,,failed,False,2026-08-18T22:10:12.310168+09:00
Refrigerant Bill,10.0,100.0,success,False,2026-08-19T22:02:37.152847+09:00
Refrigerant Blueprint,,,failed,False,2026-08-18T22:08:04.928972+09:00
Refrigerant Board,,,failed,False,2026-08-18T23:51:56.822963+09:00
Refrigerant Book,480.0,99.0,success,False,2026-08-19T22:03:26.204468+09:00
Refrigerant Bridge,,,failed,False,2026-08-18T22:10:34.249457+09:00
Refrigerant Brief,,,failed,False,2026-08-21T01:08:49.317162+09:00
Refrigerant Bulletin,,,failed,False,2026-08-21T01:08:45.073430+09:00
Refrigerant Calculator,480.0,3.0,success,False,2026-08-27T23:33:49.410538+09:00
Refrigerant Calendar,,,failed,False,2026-08-19T00:04:44.561310+09:00
Refrigerant Card,10.0,18.0,success,False,2026-08-19T13:31:44.608385+09:00
Refrigerant Cascade,,,failed,False,2026-08-18T22:10:27.962314+09:00
Refrigerant Cash,,,failed,False,2026-08-21T02:21:16.859864+09:00
Refrigerant Cashback,,,failed,False,2026-08-27T21:14:56.322045+09:00
Refrigerant Catalog,,,failed,False,2026-08-19T21:20:03.565098+09:00
Refrigerant Center,320.0,100.0,success,False,2026-08-18T23:51:56.822963+09:00
Refrigerant Chain,,,failed,False,2026-08-18T22:03:05.761687+09:00
Refrigerant Charge,1000.0,30.0,success,False,2026-08-21T02:37:05.084488+09:00
Refrigerant Check,40.0,89.0,success,False,2026-08-19T13:32:02.705004+09:00
Refrigerant Checklist,,,failed,False,2026-08-19T21:19:03.809657+09:00
Refrigerant Circular,,,failed,False,2026-08-21T01:08:54.756215+09:00
Refrigerant Cockpit,,,failed,False,2026-08-18T22:06:14.738388+09:00
Refrigerant Code,70.0,0.0,success,False,2026-08-19T22:02:59.053365+09:00
Refrigerant Codex,,,failed,False,2026-08-18T22:08:28.742242+09:00
Refrigerant Companion,,,failed,False,2026-08-18T22:06:41.570881+09:00
Refrigerant Comparison,30.0,9.0,success,False,2026-08-28T01:04:25.098394+09:00
Refrigerant Compass,,,failed,False,2026-08-18T22:10:04.357387+09:00
Refrigerant Compendium,,,failed,False,2026-08-18T22:08:19.564377+09:00
Refrigerant Confirmation,,,failed,False,2026-08-21T01:09:06.679370+09:00
Refrigerant Console,,,failed,False,2026-08-18T23:51:56.822963+09:00
Refrigerant Converter,,,failed,False,2026-08-27T23:33:49.410538+09:00
Refrigerant Core,,,failed,False,2026-08-18T23:51:56.822963+09:00
Refrigerant Cost,260.0,37.0,success,False,2026-08-21T02:15:31.230859+09:00
Refrigerant Counter,,,failed,False,2026-08-19T00:05:21.948366+09:00
Refrigerant Coupon,,,failed,False,2026-08-27T21:14:54.146372+09:00
Refrigerant Dashboard,,,failed,False,2026-08-18T22:06:23.871734+09:00
Refrigerant Deal,,,failed,False,2026-08-21T01:59:59.476692+09:00
Refrigerant Debt,,,failed,False,2026-08-21T02:21:06.391588+09:00
Refrigerant Deck,,,failed,False,2026-08-18T23:51:56.822963+09:00
Refrigerant Depot,480.0,100.0,success,False,2026-08-19T00:05:11.440472+09:00
Refrigerant Desk,,,failed,False,2026-08-18T22:09:32.067298+09:00
Refrigerant Detail,,,failed,False,2026-08-23T03:15:59.188624+09:00
Refrigerant Diagram,170.0,0.0,success,False,2026-08-27T22:09:16.229025+09:00
Refrigerant Dial,,,failed,False,2026-08-18T23:51:56.822963+09:00
Refrigerant Digest,,,failed,False,2026-08-19T20:46:10.724712+09:00
Refrigerant Directory,,,failed,False,2026-08-19T00:04:50.750995+09:00
Refrigerant Discount,,,failed,False,2026-08-23T16:12:24.179825+09:00
Refrigerant Dock,,,failed,False,2026-08-18T22:02:35.560643+09:00
Refrigerant Dossier,,,failed,False,2026-08-21T01:09:12.434019+09:00
Refrigerant Draft,,,failed,False,2026-08-19T20:46:21.996527+09:00
Refrigerant Due,,,failed,False,2026-08-23T15:50:57.538266+09:00
Refrigerant Duty,,,failed,False,2026-08-21T02:37:11.292116+09:00
Refrigerant Endowment,,,failed,False,2026-08-23T15:51:03.649898+09:00
Refrigerant Engine,10.0,0.0,success,False,2026-08-18T22:05:02.516248+09:00
Refrigerant Entry,,,failed,False,2026-08-21T01:09:25.502385+09:00
Refrigerant Estimate,,,failed,False,2026-08-19T21:19:50.890463+09:00
Refrigerant Estimator,,,failed,False,2026-08-27T23:54:04.696724+09:00
Refrigerant Excerpt,,,failed,False,2026-08-21T01:09:22.527514+09:00
Refrigerant Fare,,,failed,False,2026-08-21T02:06:01.492109+09:00
Refrigerant Fee,,,failed,False,2026-08-21T01:59:50.051478+09:00
Refrigerant Feed,,,failed,False,2026-08-19T20:46:16.448832+09:00
Refrigerant File,,,failed,False,2026-08-19T20:45:50.851524+09:00
Refrigerant Finder,390.0,36.0,success,False,2026-08-19T00:05:06.053297+09:00
Refrigerant Fine,,,failed,False,2026-08-23T02:52:59.926815+09:00
Refrigerant Flag,,,failed,False,2026-08-21T00:36:05.920603+09:00
Refrigerant Flow,4400.0,13.0,success,False,2026-08-18T22:09:09.487365+09:00
Refrigerant Forge,,,failed,False,2026-08-18T22:10:18.505365+09:00
Refrigerant Form,10.0,0.0,success,False,2026-08-19T13:31:38.491721+09:00
Refrigerant Format,,,failed,False,2026-08-23T13:05:36.623967+09:00
Refrigerant Frame,,,failed,False,2026-08-18T23:51:58.964532+09:00
Refrigerant Fund,,,failed,False,2026-08-21T02:21:14.623269+09:00
Refrigerant Gate,,,failed,False,2026-08-18T22:03:49.519359+09:00
Refrigerant Giveaway,,,failed,False,2026-08-27T21:15:06.762141+09:00
Refrigerant Grade,,,failed,False,2026-08-21T00:35:52.521460+09:00
Refrigerant Graph,20.0,2.0,success,False,2026-08-27T22:09:07.960139+09:00
Refrigerant Grid,,,failed,False,2026-08-18T22:11:24.179554+09:00
Refrigerant Guarantee,,,failed,False,2026-08-28T01:04:31.429165+09:00
Refrigerant Guard,,,failed,False,2026-08-18T22:08:43.049836+09:00
Refrigerant Guardian,,,failed,False,2026-08-28T00:23:56.463149+09:00
Refrigerant Guidebook,,,failed,False,2026-08-18T22:07:49.432223+09:00
Refrigerant Helpdesk,,,failed,False,2026-08-27T22:47:02.636160+09:00
Refrigerant Helper,,,failed,False,2026-08-28T00:24:01.160084+09:00
Refrigerant History,70.0,0.0,success,False,2026-08-19T20:45:45.249853+09:00
Refrigerant Hub,,,failed,False,2026-08-18T22:09:17.362565+09:00
Refrigerant Identifier,590.0,100.0,success,False,2026-08-23T13:05:32.456522+09:00
Refrigerant Incentive,,,failed,False,2026-08-27T21:15:01.645543+09:00
Refrigerant Index,,,failed,False,2026-08-19T21:19:17.312411+09:00
Refrigerant Insight,,,failed,False,2026-08-18T22:05:55.715721+09:00
Refrigerant Installment,,,failed,False,2026-08-23T16:12:24.179825+09:00
Refrigerant Item,,,failed,False,2026-08-21T01:59:53.471915+09:00
Refrigerant Journal,110.0,1.0,success,False,2026-08-18T22:07:33.444344+09:00
Refrigerant Keeper,,,failed,False,2026-08-18T22:04:32.030179+09:00
Refrigerant Kit,170.0,100.0,success,False,2026-08-27T22:46:56.250105+09:00
Refrigerant Lab,10.0,67.0,success,False,2026-08-18T23:51:58.964532+09:00
Refrigerant Label,260.0,35.0,success,False,2026-08-27T22:09:07.960139+09:00
Refrigerant Ledger,,,failed,False,2026-08-18T23:51:58.964532+09:00
Refrigerant Lens,,,failed,False,2026-08-18T22:12:21.706710+09:00
Refrigerant Level,210.0,3.0,success,False,2026-08-19T20:45:56.516624+09:00
Refrigerant Levy,,,failed,False,2026-08-23T13:46:02.473862+09:00
Refrigerant Link,,,failed,False,2026-08-23T03:15:51.596433+09:00
Refrigerant List,590.0,7.0,success,False,2026-08-19T22:03:08.515859+09:00
Refrigerant Loan,,,failed,False,2026-08-21T02:06:17.677670+09:00
Refrigerant Locator,,,failed,False,2026-08-19T00:04:56.559247+09:00
Refrigerant Lock,20.0,99.0,success,False,2026-08-18T22:12:08.779533+09:00
Refrigerant Log,70.0,10.0,success,False,2026-08-19T13:31:09.832283+09:00
Refrigerant Loop,90.0,1.0,success,False,2026-08-18T22:11:13.751205+09:00
Refrigerant Manager,,,failed,False,2026-08-18T22:04:42.771017+09:00
Refrigerant Manual,,,failed,False,2026-08-27T22:09:13.645963+09:00
Refrigerant Map,,,failed,False,2026-08-18T22:12:15.534077+09:00
Refrigerant Margin,,,failed,False,2026-08-23T02:52:56.566002+09:00
Refrigerant Marker,,,failed,False,2026-08-23T13:26:57.143655+09:00
Refrigerant Markup,,,failed,False,2026-08-23T16:37:54.537855+09:00
Refrigerant Memo,,,failed,False,2026-08-21T00:35:54.809657+09:00
Refrigerant Meter,90.0,89.0,success,False,2026-08-18T23:51:58.964532+09:00
Refrigerant Metrics,,,failed,False,2026-08-18T22:06:05.649081+09:00
Refrigerant Monitor,170.0,91.0,success,False,2026-08-18T22:05:47.884963+09:00
Refrigerant Navigator,,,failed,False,2026-08-18T22:06:31.917725+09:00
Refrigerant Nexus,,,failed,False,2026-08-18T22:04:00.845205+09:00
Refrigerant Node,,,failed,False,2026-08-18T22:03:30.222566+09:00
Refrigerant Note,,,failed,False,2026-08-19T13:32:18.631834+09:00
Refrigerant Notification,,,failed,False,2026-08-27T22:46:50.983424+09:00
Refrigerant Number,140.0,5.0,success,False,2026-08-23T03:15:41.007114+09:00
Refrigerant Office,,,failed,False,2026-08-19T00:05:16.956026+09:00
Refrigerant Ops,,,failed,False,2026-08-18T22:06:59.160335+09:00
Refrigerant Order,,,failed,False,2026-08-19T22:02:29.042116+09:00
Refrigerant Organizer,,,failed,False,2026-08-18T22:05:40.235062+09:00
Refrigerant Overage,,,failed,False,2026-08-27T21:46:34.931324+09:00
Refrigerant Panel,,,failed,False,2026-08-18T23:51:58.964532+09:00
Refrigerant Path,,,failed,False,2026-08-18T22:11:49.715981+09:00
Refrigerant Penalty,,,failed,False,2026-08-23T16:37:54.537855+09:00
Refrigerant Petition,,,failed,False,2026-08-21T01:09:04.636561+09:00
Refrigerant Pilot,,,failed,False,2026-08-18T22:09:23.803071+09:00
Refrigerant Plan,,,failed,False,2026-08-21T02:00:00.574550+09:00
Refrigerant Planner,,,failed,False,2026-08-18T22:05:21.769406+09:00
Refrigerant Playbook,,,failed,False,2026-08-18T22:07:24.351116+09:00
Refrigerant Point,,,failed,False,2026-08-18T22:11:59.574853+09:00
Refrigerant Portal,,,failed,False,2026-08-18T23:51:58.964532+09:00
Refrigerant Preview,,,failed,False,2026-08-28T01:04:28.102899+09:00
Refrigerant Profile,,,failed,False,2026-08-19T13:32:40.491815+09:00
Refrigerant Profit,,,failed,False,2026-08-23T02:52:49.123666+09:00
Refrigerant Proposal,,,failed,False,2026-08-28T01:04:31.429165+09:00
Refrigerant Pulse,,,failed,False,2026-08-18T22:11:34.911588+09:00
Refrigerant Queue,,,failed,False,2026-08-19T21:19:39.587475+09:00
Refrigerant Quota,10.0,0.0,success,False,2026-08-21T00:36:00.602558+09:00
Refrigerant Radar,,,failed,False,2026-08-18T22:09:39.839296+09:00
Refrigerant Rail,,,failed,False,2026-08-18T22:02:46.582498+09:00
Refrigerant Rate,,,failed,False,2026-08-19T20:46:02.034696+09:00
Refrigerant Recap,,,failed,False,2026-08-21T01:09:17.934023+09:00
Refrigerant Receipt,,,failed,False,2026-08-19T22:02:50.225246+09:00
Refrigerant Recorder,,,failed,False,2026-08-27T23:33:49.410538+09:00
Refrigerant Redemption,,,failed,False,2026-08-23T16:37:56.709879+09:00
Refrigerant Register,,,failed,False,2026-08-18T22:06:49.548592+09:00
Refrigerant Registry,,,failed,False,2026-08-18T22:07:55.686998+09:00
Refrigerant Relay,,,failed,False,2026-08-18T22:09:49.300650+09:00
Refrigerant Reminder,,,failed,False,2026-08-19T21:18:51.088595+09:00
Refrigerant Report,10.0,1.0,success,False,2026-08-19T13:31:05.950766+09:00
Refrigerant Result,,,failed,False,2026-08-28T00:47:05.716612+09:00
Refrigerant Ring,,,failed,False,2026-08-18T22:03:16.704658+09:00
Refrigerant Roadmap,,,failed,False,2026-08-18T22:08:34.595424+09:00
Refrigerant Roster,,,failed,False,2026-08-19T00:37:13.789014+09:00
Refrigerant Rule,70.0,0.0,success,False,2026-08-23T03:15:55.657138+09:00
Refrigerant Sale,170.0,100.0,success,False,2026-08-21T02:21:19.910090+09:00
Refrigerant Sample,,,failed,False,2026-08-19T22:03:44.565114+09:00
Refrigerant Scale,2400.0,100.0,success,False,2026-08-18T23:51:58.964532+09:00
Refrigerant Scanner,,,failed,False,2026-08-27T23:54:10.053801+09:00
Refrigerant Scheduler,,,failed,False,2026-08-18T22:05:30.177500+09:00
Refrigerant Schematic,,,failed,False,2026-08-27T22:28:46.749186+09:00
Refrigerant Scope,,,failed,False,2026-08-18T22:11:07.698009+09:00
Refrigerant Score,,,failed,False,2026-08-19T13:32:09.131651+09:00
Refrigerant Sentry,,,failed,False,2026-08-18T22:04:23.726026+09:00
Refrigerant Sheet,,,failed,False,2026-08-19T13:31:50.431005+09:00
Refrigerant Shortfall,,,failed,False,2026-08-27T21:46:34.931324+09:00
Refrigerant Signal,,,failed,False,2026-08-18T22:10:51.704890+09:00
Refrigerant Slip,,,failed,False,2026-08-19T22:03:36.532480+09:00
Refrigerant Slot,,,failed,False,2026-08-19T22:03:56.439657+09:00
Refrigerant Snapshot,,,failed,False,2026-08-18T22:07:40.431986+09:00
Refrigerant Stamp,,,failed,False,2026-08-23T13:27:00.453108+09:00
Refrigerant Statement,,,failed,False,2026-08-21T00:35:39.216644+09:00
Refrigerant Station,,,failed,False,2026-08-18T23:51:58.964532+09:00
Refrigerant Status,,,failed,False,2026-08-19T20:45:29.456295+09:00
Refrigerant Stub,,,failed,False,2026-08-21T00:35:34.561312+09:00
Refrigerant Studio,,,failed,False,2026-08-18T23:51:58.964532+09:00
Refrigerant Subsidy,,,failed,False,2026-08-23T15:50:59.628265+09:00
Refrigerant Suite,,,failed,False,2026-08-18T22:04:51.222507+09:00
Refrigerant Sum,,,failed,False,2026-08-21T02:21:02.332570+09:00
Refrigerant Summary,,,failed,False,2026-08-19T21:18:26.718972+09:00
Refrigerant Surtax,,,failed,False,2026-08-23T15:51:05.565275+09:00
Refrigerant Sync,,,failed,False,2026-08-18T22:09:01.069434+09:00
Refrigerant Tab,,,failed,False,2026-08-21T00:36:11.342304+09:00
Refrigerant Table,720.0,44.0,success,False,2026-08-19T22:03:17.563220+09:00
Refrigerant Tag,,,failed,False,2026-08-19T13:32:25.938189+09:00
Refrigerant Tally,,,failed,False,2026-08-21T00:35:46.572141+09:00
Refrigerant Tariff,,,failed,False,2026-08-21T02:37:27.000959+09:00
Refrigerant Tax,,,failed,False,2026-08-21T02:06:07.596179+09:00
Refrigerant Terminal,,,failed,False,2026-08-18T23:51:58.964532+09:00
Refrigerant Ticket,,,failed,False,2026-08-19T21:19:27.756536+09:00
Refrigerant Timeline,20.0,0.0,success,False,2026-08-19T21:18:38.634661+09:00
Refrigerant Toll,,,failed,False,2026-08-21T02:37:15.297674+09:00
Refrigerant Toolbox,,,failed,False,2026-08-28T00:23:58.859062+09:00
Refrigerant Toolkit,,,failed,False,2026-08-18T22:07:14.456265+09:00
Refrigerant Total,,,failed,False,2026-08-27T23:12:05.738890+09:00
Refrigerant Tracker,50.0,19.0,success,False,2026-08-18T22:08:52.301038+09:00
Refrigerant Trail,,,failed,False,2026-08-18T22:02:54.576094+09:00
Refrigerant Trend,,,failed,False,2026-08-28T01:04:22.068071+09:00
Refrigerant Trial,,,failed,False,2026-08-27T21:14:58.792070+09:00
Refrigerant Unit,590.0,94.0,success,False,2026-08-21T01:59:58.362427+09:00
Refrigerant Update,,,failed,False,2026-08-19T20:46:06.697629+09:00
Refrigerant Value,,,failed,False,2026-08-23T02:52:51.254134+09:00
Refrigerant Vault,,,failed,False,2026-08-18T22:09:56.131275+09:00
Refrigerant Version,,,failed,False,2026-08-23T03:15:44.979812+09:00
Refrigerant View,,,failed,False,2026-08-19T20:45:37.673361+09:00
Refrigerant Watch,,,failed,False,2026-08-18T22:10:59.912583+09:00
Refrigerant Wave,,,failed,False,2026-08-18T22:11:41.345427+09:00
Refrigerant Widget,,,failed,False,2026-08-27T23:12:08.197632+09:00
Refrigerant Workbench,,,failed,False,2026-08-18T22:07:07.445674+09:00
Refrigerant Worksheet,,,failed,False,2026-08-27T22:09:16.229025+09:00
Refrigerant Workshop,,,failed,False,2026-08-28T00:23:56.463149+09:00
Refrigerant Zone,,,failed,False,2026-08-18T23:51:58.964532+09:00
Refund Advance,4400.0,10.0,success,False,2026-08-23T16:13:18.611192+09:00
Refund Advisory,30.0,1.0,success,False,2026-08-21T01:02:07.931527+09:00
Refund Allowance,,,failed,False,2026-08-21T02:37:27.000959+09:00
Refund Almanac,,,failed,False,2026-08-18T22:03:53.517132+09:00
Refund Analyzer,,,failed,False,2026-08-27T23:51:04.044510+09:00
Refund Anchor,,,failed,False,2026-08-17T21:33:28.260657+09:00
Refund Announcement,,,failed,False,2026-08-27T23:35:43.099138+09:00
Refund Arrears,,,failed,False,2026-08-23T16:13:14.533515+09:00
Refund Assistant,40.0,7.0,success,False,2026-08-17T23:12:59.903146+09:00
Refund Atlas,10.0,0.0,success,False,2026-08-17T20:41:35.724700+09:00
Refund Attribute,,,failed,False,2026-08-23T13:06:27.049949+09:00
Refund Badge,10.0,0.0,success,False,2026-08-21T00:32:13.850788+09:00
Refund Balance,170.0,0.0,success,False,2026-08-23T13:45:36.815787+09:00
Refund Base,10.0,0.0,success,False,2026-08-17T20:38:37.912313+09:00
Refund Beacon,,,failed,False,2026-08-17T21:37:46.877382+09:00
Refund Bill,170.0,0.0,success,False,2026-08-19T21:50:54.613076+09:00
Refund Blueprint,,,failed,False,2026-08-18T22:03:32.090956+09:00
Refund Board,,,failed,False,2026-08-17T20:35:51.368204+09:00
Refund Book,210.0,14.0,success,False,2026-08-19T21:51:50.352396+09:00
Refund Bridge,,,failed,False,2026-08-17T21:34:31.783933+09:00
Refund Brief,,,failed,False,2026-08-21T00:59:54.516148+09:00
Refund Bulletin,,,failed,False,2026-08-21T00:59:52.495839+09:00
Refund Calculator,12100.0,8.0,success,False,2026-08-27T23:35:50.995626+09:00
Refund Calendar,590.0,0.0,success,False,2026-08-18T23:58:01.279851+09:00
Refund Card,210.0,1.0,success,False,2026-08-19T13:26:13.744102+09:00
Refund Cascade,,,failed,False,2026-08-17T21:35:36.118436+09:00
Refund Cash,90.0,1.0,success,False,2026-08-21T02:22:40.576459+09:00
Refund Cashback,320.0,12.0,success,False,2026-08-27T21:16:38.075410+09:00
Refund Catalog,,,failed,False,2026-08-19T21:05:47.568804+09:00
Refund Category,10.0,0.0,success,False,2026-08-23T13:06:24.369926+09:00
Refund Center,110.0,1.0,success,False,2026-08-18T07:52:08.139884+09:00
Refund Chain,,,failed,False,2026-08-17T20:45:56.929111+09:00
Refund Charge,140.0,0.0,success,False,2026-08-21T02:37:11.292116+09:00
Refund Check,4400.0,1.0,success,False,2026-08-19T13:26:59.554690+09:00
Refund Checker,4400.0,1.0,success,False,2026-08-27T23:50:54.897553+09:00
Refund Checklist,,,failed,False,2026-08-19T21:04:44.071622+09:00
Refund Circular,50.0,0.0,success,False,2026-08-21T01:02:05.845061+09:00
Refund Cockpit,,,failed,False,2026-08-17T23:09:22.045461+09:00
Refund Code,1000.0,1.0,success,False,2026-08-19T21:51:13.518825+09:00
Refund Codex,10.0,0.0,success,False,2026-08-18T22:04:15.026557+09:00
Refund Companion,,,failed,False,2026-08-17T23:11:03.494377+09:00
Refund Comparison,,,failed,False,2026-08-28T01:01:51.337076+09:00
Refund Compass,,,failed,False,2026-08-17T21:39:09.779186+09:00
Refund Compendium,,,failed,False,2026-08-18T22:04:03.001846+09:00
Refund Confirmation,480.0,0.0,success,False,2026-08-21T01:00:11.561504+09:00
Refund Console,,,failed,False,2026-08-17T21:37:08.932405+09:00
Refund Contribution,70.0,1.0,success,False,2026-08-23T16:13:10.832744+09:00
Refund Copayment,,,failed,False,2026-08-23T16:38:33.746405+09:00
Refund Core,,,failed,False,2026-08-17T20:37:49.257868+09:00
Refund Cost,40.0,0.0,success,False,2026-08-21T02:07:11.746620+09:00
Refund Count,,,failed,False,2026-08-27T22:49:29.573658+09:00
Refund Counter,90.0,0.0,success,False,2026-08-18T23:58:57.268328+09:00
Refund Coupon,70.0,0.0,success,False,2026-08-27T21:16:33.171675+09:00
Refund Dashboard,40.0,0.0,success,False,2026-08-17T23:03:48.755656+09:00
Refund Deal,,,failed,False,2026-08-21T01:51:00.424955+09:00
Refund Debt,50.0,10.0,success,False,2026-08-21T02:22:28.218601+09:00
Refund Deck,,,failed,False,2026-08-17T20:34:51.045190+09:00
Refund Depot,90.0,1.0,success,False,2026-08-18T23:58:41.085151+09:00
Refund Desk,10.0,0.0,success,False,2026-08-17T20:32:23.142780+09:00
Refund Detail,320.0,0.0,success,False,2026-08-23T03:17:17.631472+09:00
Refund Detector,,,failed,False,2026-08-27T23:51:04.044510+09:00
Refund Diagram,,,failed,False,2026-08-27T22:11:39.650369+09:00
Refund Dial,10.0,0.0,success,False,2026-08-17T21:35:06.399475+09:00
Refund Digest,,,failed,False,2026-08-19T20:43:44.541784+09:00
Refund Directory,,,failed,False,2026-08-18T23:58:11.366687+09:00
Refund Discount,10.0,0.0,success,False,2026-08-23T16:13:06.452746+09:00
Refund Dock,,,failed,False,2026-08-17T21:30:41.512165+09:00
Refund Dossier,,,failed,False,2026-08-21T00:58:22.319025+09:00
Refund Downpayment,,,failed,False,2026-08-27T21:47:50.200871+09:00
Refund Draft,20.0,0.0,success,False,2026-08-19T20:43:57.147560+09:00
Refund Due,140.0,1.0,success,False,2026-08-23T15:50:57.538266+09:00
Refund Duty,210.0,16.0,success,False,2026-08-21T02:37:15.297674+09:00
Refund Endowment,,,failed,False,2026-08-23T15:51:01.656182+09:00
Refund Engine,,,failed,False,2026-08-17T23:05:47.972316+09:00
Refund Entry,20.0,3.0,success,False,2026-08-21T00:58:36.711570+09:00
Refund Estimate,720.0,9.0,success,False,2026-08-19T21:05:35.157530+09:00
Refund Estimator,12100.0,8.0,success,False,2026-08-27T23:50:52.077690+09:00
Refund Excerpt,,,failed,False,2026-08-21T00:58:32.149871+09:00
Refund Extension,10.0,2.0,success,False,2026-08-23T16:38:36.406605+09:00
Refund Fare,,,failed,False,2026-08-21T02:07:24.034599+09:00
Refund Fee,1000.0,0.0,success,True,2026-08-21T01:50:32.476329+09:00
Refund Feed,,,failed,False,2026-08-19T20:43:52.054689+09:00
Refund File,110.0,3.0,success,False,2026-08-19T20:43:16.240040+09:00
Refund Finder,30.0,0.0,success,False,2026-08-18T23:58:32.218218+09:00
Refund Fine,,,failed,False,2026-08-23T02:53:25.456581+09:00
Refund Flag,,,failed,False,2026-08-21T00:32:54.976982+09:00
Refund Flow,20.0,1.0,success,False,2026-08-17T20:35:20.751202+09:00
Refund Forge,,,failed,False,2026-08-17T21:36:38.708092+09:00
Refund Form,1600.0,1.0,success,False,2026-08-19T13:26:03.914310+09:00
Refund Format,1600.0,1.0,success,False,2026-08-23T13:06:31.775349+09:00
Refund Frame,,,failed,False,2026-08-17T20:39:33.830984+09:00
Refund Fund,40.0,2.0,success,False,2026-08-21T02:22:35.993251+09:00
Refund Gate,10.0,,success,False,2026-08-17T20:43:16.751377+09:00
Refund Giveaway,,,failed,False,2026-08-27T21:16:45.829850+09:00
Refund Grade,,,failed,False,2026-08-21T00:32:40.998784+09:00
Refund Graph,,,failed,False,2026-08-27T22:11:25.706912+09:00
Refund Grid,,,failed,False,2026-08-17T20:46:26.563596+09:00
Refund Guarantee,320.0,0.0,success,False,2026-08-28T01:01:55.633503+09:00
Refund Guard,10.0,9.0,success,False,2026-08-17T20:38:12.491374+09:00
Refund Guardian,,,failed,False,2026-08-28T00:21:32.683664+09:00
Refund Guidebook,,,failed,False,2026-08-18T22:03:07.731550+09:00
Refund Helpdesk,,,failed,False,2026-08-27T22:49:32.762391+09:00
Refund Helper,70.0,5.0,success,False,2026-08-28T00:21:38.214311+09:00
Refund History,140.0,0.0,success,False,2026-08-19T20:43:08.672141+09:00
Refund Hotline,70.0,3.0,success,False,2026-08-19T21:06:02.010882+09:00
Refund Hub,30.0,1.0,success,False,2026-08-17T20:34:25.476328+09:00
Refund Identifier,,,failed,False,2026-08-23T13:06:24.369926+09:00
Refund Incentive,10.0,0.0,success,False,2026-08-27T21:16:45.829850+09:00
Refund Index,,,failed,False,2026-08-19T21:04:58.271286+09:00
Refund Insight,,,failed,False,2026-08-17T23:14:31.375028+09:00
Refund Installment,,,failed,False,2026-08-23T16:13:08.662730+09:00
Refund Interest,170.0,1.0,success,False,2026-08-23T13:45:36.815787+09:00
Refund Item,210.0,1.0,success,False,2026-08-21T01:50:37.837516+09:00
Refund Journal,,,failed,False,2026-08-18T22:02:48.638128+09:00
Refund Keeper,10.0,0.0,success,False,2026-08-17T20:40:03.112671+09:00
Refund Lab,,,failed,False,2026-08-17T20:32:58.642411+09:00
Refund Label,30.0,1.0,success,False,2026-08-27T22:11:31.963952+09:00
Refund Ledger,10.0,7.0,success,False,2026-08-17T20:36:51.044622+09:00
Refund Lens,,,failed,False,2026-08-17T20:40:27.760312+09:00
Refund Link,140.0,0.0,success,False,2026-08-23T03:17:04.760167+09:00
Refund List,480.0,0.0,success,False,2026-08-19T21:51:25.452105+09:00
Refund Loan,1600.0,17.0,success,False,2026-08-21T02:07:34.217644+09:00
Refund Locator,6600.0,0.0,success,True,2026-08-18T23:58:23.364762+09:00
Refund Lock,10.0,0.0,success,False,2026-08-17T20:42:00.146835+09:00
Refund Log,50.0,0.0,success,False,2026-08-19T13:25:53.621438+09:00
Refund Loop,,,failed,False,2026-08-17T20:47:47.373505+09:00
Refund Manager,210.0,4.0,success,False,2026-08-17T20:39:09.333217+09:00
Refund Manual,50.0,0.0,success,False,2026-08-27T22:11:31.963952+09:00
Refund Map,,,failed,False,2026-08-17T20:41:11.362619+09:00
Refund Memo,20.0,0.0,success,False,2026-08-21T00:32:45.504063+09:00
Refund Message,1300.0,0.0,success,True,2026-08-27T23:14:55.579423+09:00
Refund Meter,,,failed,False,2026-08-17T21:34:01.777052+09:00
Refund Metrics,,,failed,False,2026-08-17T23:09:27.800960+09:00
Refund Monitor,,,failed,False,2026-08-17T23:14:36.904616+09:00
Refund Navigator,,,failed,False,2026-08-17T23:03:41.404316+09:00
Refund Nexus,,,failed,False,2026-08-17T20:42:19.428112+09:00
Refund Node,,,failed,False,2026-08-17T20:44:10.950266+09:00
Refund Note,140.0,0.0,success,False,2026-08-19T13:27:18.608287+09:00
Refund Notification,110.0,0.0,success,False,2026-08-27T22:49:26.070118+09:00
Refund Number,170.0,0.0,success,False,2026-08-23T03:16:59.377666+09:00
Refund Office,170.0,1.0,success,False,2026-08-18T23:58:49.693970+09:00
Refund Ops,,,failed,False,2026-08-17T23:05:32.537259+09:00
Refund Order,480.0,0.0,success,False,2026-08-19T21:50:44.390054+09:00
Refund Organizer,,,failed,False,2026-08-17T23:07:36.976637+09:00
Refund Outline,,,failed,False,2026-08-27T22:29:00.404173+09:00
Refund Overage,,,failed,False,2026-08-27T21:47:47.331734+09:00
Refund Overdue,,,failed,False,2026-08-27T21:47:44.451127+09:00
Refund Panel,,,failed,False,2026-08-17T21:36:10.133574+09:00
Refund Pass,,,failed,False,2026-08-21T00:32:03.646563+09:00
Refund Path,10.0,0.0,success,False,2026-08-17T20:43:44.073906+09:00
Refund Payoff,,,failed,False,2026-08-27T21:47:47.331734+09:00
Refund Penalty,70.0,2.0,success,False,2026-08-23T16:38:31.502720+09:00
Refund Petition,20.0,0.0,success,False,2026-08-21T01:00:07.021185+09:00
Refund Pilot,30.0,41.0,success,False,2026-08-17T20:33:31.328442+09:00
Refund Plan,70.0,0.0,success,False,2026-08-21T01:50:57.666770+09:00
Refund Planner,70.0,0.0,success,False,2026-08-17T23:12:55.157000+09:00
Refund Playbook,,,failed,False,2026-08-18T22:02:38.118746+09:00
Refund Point,170.0,2.0,success,False,2026-08-17T20:42:49.578916+09:00
Refund Portal,1300.0,1.0,success,False,2026-08-17T21:38:18.723173+09:00
Refund Preview,,,failed,False,2026-08-28T01:01:51.337076+09:00
Refund Profile,,,failed,False,2026-08-19T13:27:45.503275+09:00
Refund Profit,,,failed,False,2026-08-23T02:53:14.872547+09:00
Refund Proposal,10.0,0.0,success,False,2026-08-28T01:01:55.633503+09:00
Refund Pulse,,,failed,False,2026-08-17T20:45:34.633599+09:00
Refund Queue,,,failed,False,2026-08-19T21:05:22.464454+09:00
Refund Quota,,,failed,False,2026-08-21T00:32:50.317142+09:00
Refund Radar,10.0,2.0,success,False,2026-08-18T07:52:55.085793+09:00
Refund Rail,,,failed,False,2026-08-17T20:48:23.905428+09:00
Refund Rate,140.0,0.0,success,False,2026-08-19T20:43:33.378176+09:00
Refund Recap,,,failed,False,2026-08-21T00:59:23.990159+09:00
Refund Receipt,880.0,2.0,success,False,2026-08-19T21:51:05.479286+09:00
Refund Recorder,,,failed,False,2026-08-27T23:35:57.257837+09:00
Refund Redemption,,,failed,False,2026-08-23T16:38:33.746405+09:00
Refund Register,590.0,8.0,success,False,2026-08-17T23:10:58.652260+09:00
Refund Registry,,,failed,False,2026-08-18T22:03:18.976552+09:00
Refund Relay,,,failed,False,2026-08-18T07:52:55.085793+09:00
Refund Reminder,,,failed,False,2026-08-19T21:04:31.572257+09:00
Refund Report,90.0,0.0,success,False,2026-08-19T13:25:31.059454+09:00
Refund Repository,,,failed,False,2026-08-27T23:15:04.402308+09:00
Refund Result,,,failed,False,2026-08-28T00:45:35.673593+09:00
Refund Roadmap,,,failed,False,2026-08-18T22:04:25.779407+09:00
Refund Route,,,failed,False,2026-08-17T21:31:49.761986+09:00
Refund Rule,1300.0,0.0,success,True,2026-08-23T03:17:09.077548+09:00
Refund Sale,20.0,2.0,success,False,2026-08-21T02:22:45.760304+09:00
Refund Sample,,,failed,False,2026-08-19T21:52:13.387437+09:00
Refund Scale,,,failed,False,2026-08-17T21:33:02.340741+09:00
Refund Scheduler,1900.0,0.0,success,True,2026-08-17T23:07:43.866571+09:00
Refund Scope,,,failed,False,2026-08-17T21:30:08.257838+09:00
Refund Score,,,failed,False,2026-08-19T13:27:07.663216+09:00
Refund Sentry,,,failed,False,2026-08-17T20:40:49.686418+09:00
Refund Sheet,140.0,0.0,success,False,2026-08-19T13:26:18.300818+09:00
Refund Shortfall,,,failed,False,2026-08-27T21:47:53.828940+09:00
Refund Signal,,,failed,False,2026-08-17T21:32:25.465592+09:00
Refund Signature,,,failed,False,2026-08-23T13:27:31.185352+09:00
Refund Slip,110.0,0.0,success,False,2026-08-19T21:52:01.647797+09:00
Refund Slot,,,failed,False,2026-08-19T21:52:24.100892+09:00
Refund Snapshot,10.0,0.0,success,False,2026-08-18T22:02:59.013018+09:00
Refund Stage,,,failed,False,2026-08-28T00:45:35.673593+09:00
Refund Stake,,,failed,False,2026-08-23T02:53:19.802959+09:00
Refund Stamp,170.0,10.0,success,False,2026-08-23T13:27:31.185352+09:00
Refund Statement,210.0,0.0,success,False,2026-08-21T00:32:26.715092+09:00
Refund Station,,,failed,False,2026-08-17T20:31:49.556843+09:00
Refund Status,110000.0,0.0,success,True,2026-08-19T20:42:55.526386+09:00
Refund Stub,,,failed,False,2026-08-21T00:32:20.380964+09:00
Refund Studio,,,failed,False,2026-08-17T20:34:02.071546+09:00
Refund Subsidy,,,failed,False,2026-08-23T15:50:59.628265+09:00
Refund Suite,,,failed,False,2026-08-17T23:05:57.160852+09:00
Refund Sum,,,failed,False,2026-08-21T02:22:24.634972+09:00
Refund Summary,210.0,0.0,success,False,2026-08-19T21:04:06.353252+09:00
Refund Surtax,,,failed,False,2026-08-23T15:51:05.565275+09:00
Refund Sync,,,failed,False,2026-08-17T20:36:18.497930+09:00
Refund Tab,,,failed,False,2026-08-21T00:32:59.208813+09:00
Refund Table,70.0,0.0,success,False,2026-08-19T21:51:34.255432+09:00
Refund Tag,,,failed,False,2026-08-19T13:27:35.770715+09:00
Refund Tally,,,failed,False,2026-08-21T00:32:34.737926+09:00
Refund Tariff,720.0,20.0,success,False,2026-08-21T02:37:31.175739+09:00
Refund Tax,301000.0,7.0,success,False,2026-08-21T02:07:29.886940+09:00
Refund Ticket,4400.0,13.0,success,False,2026-08-19T21:05:10.807996+09:00
Refund Timeline,390.0,0.0,success,False,2026-08-19T21:04:17.654082+09:00
Refund Timer,,,failed,False,2026-08-28T00:21:27.462723+09:00
Refund Toll,390.0,0.0,success,False,2026-08-21T02:37:22.596537+09:00
Refund Toolbox,,,failed,False,2026-08-28T00:21:35.352628+09:00
Refund Toolkit,,,failed,False,2026-08-18T21:11:26.018001+09:00
Refund Total,70.0,0.0,success,False,2026-08-27T23:14:57.999766+09:00
Refund Tracker,33100.0,0.0,success,True,2026-08-17T20:37:18.091212+09:00
Refund Trail,,,failed,False,2026-08-17T20:47:07.356899+09:00
Refund Trend,,,failed,False,2026-08-28T01:01:48.581211+09:00
Refund Trial,,,failed,False,2026-08-27T21:16:38.075410+09:00
Refund Unit,,,failed,False,2026-08-21T01:50:51.985309+09:00
Refund Update,260.0,0.0,success,False,2026-08-19T20:43:39.981777+09:00
Refund Value,90.0,0.0,success,False,2026-08-23T02:53:17.402090+09:00
Refund Vault,,,failed,False,2026-08-18T07:43:23.332018+09:00
Refund Version,,,failed,False,2026-08-23T03:17:02.268689+09:00
Refund View,,,failed,False,2026-08-19T20:43:01.232728+09:00
Refund Voucher,320.0,1.0,success,False,2026-08-21T00:32:08.971513+09:00
Refund Wallet,40.0,31.0,success,False,2026-08-27T22:49:29.573658+09:00
Refund Watch,10.0,0.0,success,False,2026-08-17T21:31:15.457583+09:00
Refund Wave,,,failed,False,2026-08-17T20:44:32.138425+09:00
Refund Widget,10.0,0.0,success,False,2026-08-27T23:14:57.999766+09:00
Refund Workbench,,,failed,False,2026-08-18T22:04:47.341629+09:00
Refund Worksheet,10.0,0.0,success,False,2026-08-27T22:11:36.968554+09:00
Refund Zone,,,failed,False,2026-08-18T07:52:19.092235+09:00
Registrar Advance,,,failed,False,2026-08-23T16:12:51.127665+09:00
Registrar Advisory,,,failed,False,2026-08-21T00:59:19.513950+09:00
Registrar Allowance,,,failed,False,2026-08-21T02:41:35.267281+09:00
Registrar Analyzer,,,failed,False,2026-08-27T23:58:26.225716+09:00
Registrar Arrears,,,failed,False,2026-08-23T16:12:46.857371+09:00
Registrar Assistant,4400.0,0.0,success,True,2026-08-19T13:27:09.579518+09:00
Registrar Attribute,,,failed,False,2026-08-23T13:09:25.406302+09:00
Registrar Balance,,,failed,False,2026-08-23T13:45:36.815787+09:00
Registrar Base,,,failed,False,2026-08-19T13:42:06.803998+09:00
Registrar Bill,,,failed,False,2026-08-19T21:55:06.588963+09:00
Registrar Board,,,failed,False,2026-08-19T13:42:37.156031+09:00
Registrar Book,1000.0,5.0,success,False,2026-08-19T21:55:54.779139+09:00
Registrar Booth,,,failed,False,2026-08-19T13:30:30.638587+09:00
Registrar Brief,,,failed,False,2026-08-21T00:59:10.591896+09:00
Registrar Bulletin,,,failed,False,2026-08-21T00:59:06.391670+09:00
Registrar Calendar,390.0,2.0,success,False,2026-08-19T13:28:55.054153+09:00
Registrar Card,,,failed,False,2026-08-19T13:34:15.397109+09:00
Registrar Cash,,,failed,False,2026-08-21T02:24:56.488655+09:00
Registrar Catalog,,,failed,False,2026-08-19T21:09:02.600791+09:00
Registrar Category,,,failed,False,2026-08-23T13:09:22.371145+09:00
Registrar Center,,,failed,False,2026-08-19T13:23:05.373596+09:00
Registrar Charge,,,failed,False,2026-08-21T02:41:24.321159+09:00
Registrar Check,480.0,45.0,success,False,2026-08-19T13:35:09.228952+09:00
Registrar Checker,480.0,45.0,success,False,2026-08-27T23:58:23.732862+09:00
Registrar Checklist,,,failed,False,2026-08-19T21:08:07.894185+09:00
Registrar Circular,20.0,0.0,success,False,2026-08-21T01:00:11.022856+09:00
Registrar Companion,,,failed,False,2026-08-19T13:27:59.144364+09:00
Registrar Confirmation,,,failed,False,2026-08-21T00:59:34.151010+09:00
Registrar Console,,,failed,False,2026-08-19T13:23:44.398972+09:00
Registrar Contribution,,,failed,False,2026-08-23T16:12:43.953628+09:00
Registrar Cost,170.0,1.0,success,False,2026-08-21T02:08:07.470140+09:00
Registrar Counter,,,failed,False,2026-08-19T13:29:58.473439+09:00
Registrar Deal,,,failed,False,2026-08-21T01:50:57.666770+09:00
Registrar Debt,,,failed,False,2026-08-21T02:24:43.440499+09:00
Registrar Desk,,,failed,False,2026-08-19T13:37:14.131003+09:00
Registrar Detail,,,failed,False,2026-08-23T03:22:22.094995+09:00
Registrar Digest,,,failed,False,2026-08-19T20:39:18.061361+09:00
Registrar Directory,30.0,1.0,success,False,2026-08-19T13:29:02.484553+09:00
Registrar Discount,,,failed,False,2026-08-23T16:12:41.676987+09:00
Registrar Dossier,,,failed,False,2026-08-21T00:59:38.385269+09:00
Registrar Downpayment,,,failed,False,2026-08-27T21:47:13.030634+09:00
Registrar Draft,,,failed,False,2026-08-19T20:39:32.642664+09:00
Registrar Due,,,failed,False,2026-08-23T15:50:51.928952+09:00
Registrar Duty,170.0,0.0,success,False,2026-08-21T02:41:28.147668+09:00
Registrar Engine,,,failed,False,2026-08-19T13:27:02.036577+09:00
Registrar Entry,,,failed,False,2026-08-21T00:59:52.495839+09:00
Registrar Estimate,,,failed,False,2026-08-19T21:08:50.261483+09:00
Registrar Estimator,,,failed,False,2026-08-27T23:58:18.988715+09:00
Registrar Excerpt,,,failed,False,2026-08-21T01:01:57.606553+09:00
Registrar Fare,,,failed,False,2026-08-21T02:08:15.230542+09:00
Registrar Fee,210.0,0.0,success,False,2026-08-21T01:50:28.240015+09:00
Registrar Feed,,,failed,False,2026-08-19T20:39:24.748166+09:00
Registrar Field,,,failed,False,2026-08-23T13:09:27.676904+09:00
Registrar File,,,failed,False,2026-08-19T20:38:36.542684+09:00
Registrar Finder,1000.0,40.0,success,False,2026-08-19T13:29:31.691093+09:00
Registrar Fine,,,failed,False,2026-08-23T02:56:35.195472+09:00
Registrar Flag,,,failed,False,2026-08-21T00:36:05.920603+09:00
Registrar Flow,30.0,38.0,success,False,2026-08-19T13:36:50.709528+09:00
Registrar Form,590.0,2.0,success,False,2026-08-19T13:34:06.788909+09:00
Registrar Format,,,failed,False,2026-08-23T13:09:30.268446+09:00
Registrar Fund,,,failed,False,2026-08-21T02:24:52.539486+09:00
Registrar Grade,,,failed,False,2026-08-21T00:35:49.197244+09:00
Registrar Grid,,,failed,False,2026-08-19T13:40:29.386715+09:00
Registrar Helpdesk,,,failed,False,2026-08-27T22:49:15.165017+09:00
Registrar Helper,,,failed,False,2026-08-28T00:27:14.671575+09:00
Registrar History,20.0,16.0,success,False,2026-08-19T20:38:26.547735+09:00
Registrar Hotline,,,failed,False,2026-08-19T21:09:15.467375+09:00
Registrar Hub,70.0,0.0,success,False,2026-08-19T13:37:00.513744+09:00
Registrar Identifier,,,failed,False,2026-08-23T13:09:19.095608+09:00
Registrar Index,,,failed,False,2026-08-19T21:08:17.191236+09:00
Registrar Installment,,,failed,False,2026-08-23T16:12:43.953628+09:00
Registrar Item,,,failed,False,2026-08-21T01:50:37.837516+09:00
Registrar Journal,10.0,0.0,success,False,2026-08-19T13:28:36.830433+09:00
Registrar Keeper,,,failed,False,2026-08-19T13:26:15.412219+09:00
Registrar Kiosk,,,failed,False,2026-08-19T13:30:42.478470+09:00
Registrar Ledger,,,failed,False,2026-08-19T13:42:30.376897+09:00
Registrar Level,30.0,0.0,success,False,2026-08-19T20:38:46.605593+09:00
Registrar Link,20.0,23.0,success,False,2026-08-23T03:22:14.563475+09:00
Registrar List,110.0,12.0,success,False,2026-08-19T21:55:34.064895+09:00
Registrar Loan,,,failed,False,2026-08-21T02:08:23.223151+09:00
Registrar Locator,,,failed,False,2026-08-19T13:29:19.231161+09:00
Registrar Manager,30.0,0.0,success,False,2026-08-19T13:26:40.628357+09:00
Registrar Manual,30.0,0.0,success,False,2026-08-27T22:10:39.067015+09:00
Registrar Map,,,failed,False,2026-08-19T13:41:43.922175+09:00
Registrar Memo,,,failed,False,2026-08-21T00:35:54.809657+09:00
Registrar Message,,,failed,False,2026-08-27T23:14:52.026245+09:00
Registrar Monitor,,,failed,False,2026-08-19T13:27:50.683202+09:00
Registrar Note,,,failed,False,2026-08-19T13:35:23.963790+09:00
Registrar Notification,,,failed,False,2026-08-27T22:49:08.559687+09:00
Registrar Number,3600.0,0.0,success,True,2026-08-23T03:22:06.290002+09:00
Registrar Office,49500.0,2.0,success,False,2026-08-19T13:29:49.322759+09:00
Registrar Ops,,,failed,False,2026-08-19T13:28:12.912105+09:00
Registrar Order,,,failed,False,2026-08-19T21:54:56.953854+09:00
Registrar Overage,,,failed,False,2026-08-27T21:47:10.651342+09:00
Registrar Overdue,,,failed,False,2026-08-27T21:47:08.253611+09:00
Registrar Panel,,,failed,False,2026-08-19T13:24:07.507599+09:00
Registrar Passport,10.0,0.0,success,False,2026-08-19T13:32:49.484496+09:00
Registrar Payoff,,,failed,False,2026-08-27T21:47:08.253611+09:00
Registrar Penalty,,,failed,False,2026-08-23T16:38:16.847667+09:00
Registrar Petition,10.0,0.0,success,False,2026-08-21T00:59:30.115655+09:00
Registrar Plan,,,failed,False,2026-08-21T01:50:46.788824+09:00
Registrar Planner,,,failed,False,2026-08-19T13:27:22.269137+09:00
Registrar Point,10.0,,success,False,2026-08-19T13:41:26.637679+09:00
Registrar Portal,390.0,0.0,success,False,2026-08-19T13:23:25.617100+09:00
Registrar Profile,,,failed,False,2026-08-19T13:35:50.277889+09:00
Registrar Profit,,,failed,False,2026-08-23T02:56:24.253545+09:00
Registrar Queue,,,failed,False,2026-08-19T21:08:40.437861+09:00
Registrar Quota,,,failed,False,2026-08-21T00:36:00.602558+09:00
Registrar Rate,,,failed,False,2026-08-19T20:38:57.092601+09:00
Registrar Recap,,,failed,False,2026-08-21T00:59:43.831495+09:00
Registrar Register,210.0,4.0,success,False,2026-08-19T13:28:06.398636+09:00
Registrar Registry,210.0,4.0,success,False,2026-08-19T13:28:46.213071+09:00
Registrar Reminder,,,failed,False,2026-08-19T21:07:58.848698+09:00
Registrar Report,70.0,0.0,success,False,2026-08-19T13:33:51.668880+09:00
Registrar Repository,,,failed,False,2026-08-27T23:15:00.482378+09:00
Registrar Roll,,,failed,False,2026-08-19T13:33:46.951331+09:00
Registrar Roster,,,failed,False,2026-08-19T13:32:07.571238+09:00
Registrar Route,,,failed,False,2026-08-19T13:24:29.465553+09:00
Registrar Rule,,,failed,False,2026-08-23T03:22:18.461537+09:00
Registrar Sale,,,failed,False,2026-08-21T02:25:01.097647+09:00
Registrar Sample,,,failed,False,2026-08-19T21:56:18.827565+09:00
Registrar Scheduler,50.0,3.0,success,False,2026-08-19T13:27:40.228305+09:00
Registrar Scope,,,failed,False,2026-08-19T13:40:01.237122+09:00
Registrar Score,,,failed,False,2026-08-19T13:35:17.832639+09:00
Registrar Shortfall,,,failed,False,2026-08-27T21:47:15.270708+09:00
Registrar Signature,140.0,0.0,success,False,2026-08-23T13:28:19.840300+09:00
Registrar Slip,,,failed,False,2026-08-19T21:56:05.092972+09:00
Registrar Slot,,,failed,False,2026-08-19T21:56:30.340313+09:00
Registrar Stake,10.0,75.0,success,False,2026-08-23T02:56:29.364559+09:00
Registrar Statement,,,failed,False,2026-08-21T00:35:36.889482+09:00
Registrar Station,,,failed,False,2026-08-19T13:22:04.691766+09:00
Registrar Status,10.0,14.0,success,False,2026-08-19T20:38:10.418620+09:00
Registrar Studio,,,failed,False,2026-08-19T13:21:40.944519+09:00
Registrar Sum,,,failed,False,2026-08-21T02:24:39.206528+09:00
Registrar Summary,,,failed,False,2026-08-19T21:07:38.685875+09:00
Registrar Tab,20.0,0.0,success,False,2026-08-21T00:36:08.674469+09:00
Registrar Table,30.0,21.0,success,False,2026-08-19T21:55:44.120814+09:00
Registrar Tally,,,failed,False,2026-08-21T00:35:43.096296+09:00
Registrar Tariff,,,failed,False,2026-08-21T02:41:38.667611+09:00
Registrar Tax,,,failed,False,2026-08-21T02:08:19.202315+09:00
Registrar Ticket,70.0,1.0,success,False,2026-08-19T21:08:29.245582+09:00
Registrar Timeline,,,failed,False,2026-08-19T21:07:49.558493+09:00
Registrar Timer,,,failed,False,2026-08-28T00:27:09.738576+09:00
Registrar Toll,,,failed,False,2026-08-21T02:41:32.223715+09:00
Registrar Toolbox,,,failed,False,2026-08-28T00:27:14.671575+09:00
Registrar Total,,,failed,False,2026-08-27T23:14:55.579423+09:00
Registrar Tracker,,,failed,False,2026-08-19T13:36:19.763333+09:00
Registrar Trial,,,failed,False,2026-08-27T21:16:00.984636+09:00
Registrar Unit,,,failed,False,2026-08-21T01:50:49.145007+09:00
Registrar Update,,,failed,False,2026-08-19T20:39:07.135209+09:00
Registrar Value,,,failed,False,2026-08-23T02:56:26.483203+09:00
Registrar Version,,,failed,False,2026-08-23T03:22:11.470893+09:00
Registrar View,,,failed,False,2026-08-19T20:38:18.738836+09:00
Registrar Watch,,,failed,False,2026-08-19T13:39:49.486851+09:00
Registrar Widget,,,failed,False,2026-08-27T23:14:57.999766+09:00
Registrar Worksheet,,,failed,False,2026-08-27T22:10:43.212581+09:00
Registrar Zone,,,failed,False,2026-08-19T13:23:16.958274+09:00
Registration Advisory,,,failed,False,2026-08-21T01:07:35.741700+09:00
Registration Allowance,,,failed,False,2026-08-21T02:44:16.067023+09:00
Registration Almanac,,,failed,False,2026-08-18T22:11:05.779319+09:00
Registration Analyzer,,,failed,False,2026-08-27T23:58:48.183628+09:00
Registration Anchor,,,failed,False,2026-08-17T20:38:46.053243+09:00
Registration Announcement,70.0,0.0,success,False,2026-08-27T23:36:36.607319+09:00
Registration Arrears,,,failed,False,2026-08-23T16:16:41.227574+09:00
Registration Asset,,,failed,False,2026-08-23T13:48:17.793072+09:00
Registration Assistant,390.0,1.0,success,False,2026-08-17T23:28:37.439215+09:00
Registration Atlas,,,failed,False,2026-08-17T21:39:19.495692+09:00
Registration Attribute,,,failed,False,2026-08-23T13:09:25.406302+09:00
Registration Badge,140.0,28.0,success,False,2026-08-21T00:34:57.023815+09:00
Registration Balance,,,failed,False,2026-08-23T13:48:15.214978+09:00
Registration Base,10.0,0.0,success,False,2026-08-17T21:35:14.152571+09:00
Registration Beacon,,,failed,False,2026-08-17T20:42:06.946542+09:00
Registration Bill,210.0,1.0,success,False,2026-08-19T22:02:05.634117+09:00
Registration Blueprint,,,failed,False,2026-08-18T22:10:58.146959+09:00
Registration Board,590.0,0.0,success,False,2026-08-17T21:31:59.895065+09:00
Registration Book,14800.0,68.0,success,False,2026-08-19T22:02:59.053365+09:00
Registration Bridge,,,failed,False,2026-08-17T20:39:43.687132+09:00
Registration Brief,,,failed,False,2026-08-21T01:07:29.159320+09:00
Registration Bulletin,10.0,0.0,success,False,2026-08-21T01:07:24.154176+09:00
Registration Calculator,1300.0,2.0,success,False,2026-08-27T23:36:36.607319+09:00
Registration Calendar,210.0,2.0,success,False,2026-08-19T00:02:00.292816+09:00
Registration Card,12100.0,1.0,success,False,2026-08-19T13:34:25.531210+09:00
Registration Cascade,,,failed,False,2026-08-17T20:40:33.502804+09:00
Registration Cash,74000.0,95.0,success,False,2026-08-21T02:29:27.497336+09:00
Registration Cashback,10.0,17.0,success,False,2026-08-27T21:19:11.248734+09:00
Registration Category,110.0,1.0,success,False,2026-08-23T13:09:22.371145+09:00
Registration Center,720.0,1.0,success,False,2026-08-17T20:44:17.126543+09:00
Registration Chain,,,failed,False,2026-08-17T20:33:42.611240+09:00
Registration Charge,1000.0,0.0,success,True,2026-08-21T02:44:11.415890+09:00
Registration Check,49500.0,7.0,success,False,2026-08-19T13:35:17.832639+09:00
Registration Checker,49500.0,7.0,success,False,2026-08-27T23:58:43.283075+09:00
Registration Checklist,480.0,36.0,success,False,2026-08-19T21:19:27.756536+09:00
Registration Circular,10.0,0.0,success,False,2026-08-21T01:07:31.229292+09:00
Registration Cockpit,,,failed,False,2026-08-17T23:09:32.191803+09:00
Registration Code,2400.0,0.0,success,True,2026-08-19T22:02:29.042116+09:00
Registration Codex,,,failed,False,2026-08-18T22:11:21.547380+09:00
Registration Companion,,,failed,False,2026-08-17T23:30:05.459796+09:00
Registration Comparison,10.0,11.0,success,False,2026-08-28T01:08:32.525331+09:00
Registration Compass,,,failed,False,2026-08-17T20:42:54.961047+09:00
Registration Compendium,,,failed,False,2026-08-18T22:11:13.751205+09:00
Registration Confirmation,720.0,0.0,success,False,2026-08-21T01:07:43.373010+09:00
Registration Console,,,failed,False,2026-08-17T20:41:46.079279+09:00
Registration Contribution,,,failed,False,2026-08-23T16:16:38.945846+09:00
Registration Core,,,failed,False,2026-08-17T21:34:09.721109+09:00
Registration Cost,1900.0,2.0,success,False,2026-08-21T02:13:51.922112+09:00
Registration Count,20.0,0.0,success,False,2026-08-27T22:50:57.800091+09:00
Registration Counter,1900.0,69.0,success,False,2026-08-19T00:02:45.246378+09:00
Registration Coupon,390.0,3.0,success,False,2026-08-27T21:19:11.248734+09:00
Registration Dashboard,170.0,2.0,success,False,2026-08-17T23:29:49.351305+09:00
Registration Deal,,,failed,False,2026-08-21T01:58:44.645317+09:00
Registration Debt,,,failed,False,2026-08-21T02:29:19.301672+09:00
Registration Deck,20.0,0.0,success,False,2026-08-17T21:30:50.388708+09:00
Registration Depot,,,failed,False,2026-08-19T00:02:30.122335+09:00
Registration Desk,2400.0,39.0,success,False,2026-08-17T20:46:42.242736+09:00
Registration Detail,2400.0,0.0,success,True,2026-08-23T03:23:29.114948+09:00
Registration Detector,,,failed,False,2026-08-27T23:58:45.722079+09:00
Registration Diagram,720.0,0.0,success,False,2026-08-27T22:14:41.092865+09:00
Registration Dial,,,failed,False,2026-08-17T20:40:10.157299+09:00
Registration Digest,,,failed,False,2026-08-19T20:47:06.290958+09:00
Registration Directory,110.0,0.0,success,False,2026-08-19T00:02:09.626106+09:00
Registration Discount,1000.0,9.0,success,False,2026-08-23T16:16:38.945846+09:00
Registration Dock,,,failed,False,2026-08-17T20:36:26.800121+09:00
Registration Dossier,70.0,2.0,success,False,2026-08-21T01:07:47.643040+09:00
Registration Downpayment,,,failed,False,2026-08-27T21:50:04.473862+09:00
Registration Draft,27100.0,3.0,success,False,2026-08-19T20:47:15.115131+09:00
Registration Due,90.0,5.0,success,False,2026-08-23T15:52:48.928193+09:00
Registration Duty,90.0,0.0,success,False,2026-08-21T02:44:13.647823+09:00
Registration Engine,20.0,0.0,success,False,2026-08-17T23:06:02.733299+09:00
Registration Entry,320.0,1.0,success,False,2026-08-21T01:07:58.607843+09:00
Registration Estimate,390.0,4.0,success,False,2026-08-19T21:32:23.492274+09:00
Registration Estimator,50.0,5.0,success,False,2026-08-27T23:58:38.877794+09:00
Registration Excerpt,,,failed,False,2026-08-21T01:07:54.087465+09:00
Registration Extension,480.0,9.0,success,False,2026-08-23T16:40:09.543730+09:00
Registration Fare,,,failed,False,2026-08-21T02:13:59.319117+09:00
Registration Fee,12100.0,1.0,success,False,2026-08-21T01:58:34.274743+09:00
Registration Feed,12100.0,1.0,success,False,2026-08-19T20:47:08.500238+09:00
Registration Field,210.0,2.0,success,False,2026-08-23T13:09:27.676904+09:00
Registration File,3600.0,2.0,success,False,2026-08-19T20:46:42.465530+09:00
Registration Finder,6600.0,19.0,success,False,2026-08-19T00:02:24.547164+09:00
Registration Fine,140.0,18.0,success,False,2026-08-23T02:57:57.265224+09:00
Registration Flag,140.0,46.0,success,False,2026-08-21T00:35:13.915986+09:00
Registration Flow,170.0,2.0,success,False,2026-08-17T21:31:28.023870+09:00
Registration Forge,,,failed,False,2026-08-17T20:41:17.748242+09:00
Registration Form,33100.0,4.0,success,False,2026-08-19T13:34:20.014616+09:00
Registration Format,33100.0,4.0,success,False,2026-08-23T13:09:30.268446+09:00
Registration Frame,1600.0,2.0,success,False,2026-08-17T21:36:20.278504+09:00
Registration Fund,10.0,0.0,success,False,2026-08-21T02:29:22.487025+09:00
Registration Gate,6600.0,1.0,success,False,2026-08-18T07:52:15.038723+09:00
Registration Generator,110.0,7.0,success,False,2026-08-27T23:36:40.825682+09:00
Registration Giveaway,,,failed,False,2026-08-27T21:19:20.192831+09:00
Registration Graph,,,failed,False,2026-08-27T22:14:32.870267+09:00
Registration Grid,1600.0,0.0,success,True,2026-08-17T20:34:09.472739+09:00
Registration Guarantee,,,failed,False,2026-08-28T01:08:35.196750+09:00
Registration Guard,,,failed,False,2026-08-17T21:34:39.149688+09:00
Registration Guardian,,,failed,False,2026-08-28T00:27:12.240224+09:00
Registration Guidebook,,,failed,False,2026-08-18T22:10:41.322709+09:00
Registration Helpdesk,,,failed,False,2026-08-27T22:50:57.800091+09:00
Registration Helper,170.0,4.0,success,False,2026-08-28T00:27:14.671575+09:00
Registration History,1900.0,6.0,success,False,2026-08-19T20:46:36.801455+09:00
Registration Hub,170.0,6.0,success,False,2026-08-17T21:30:18.085086+09:00
Registration Identifier,2400.0,0.0,success,True,2026-08-23T13:09:19.095608+09:00
Registration Inbox,,,failed,False,2026-08-19T12:26:26.109725+09:00
Registration Incentive,10.0,2.0,success,False,2026-08-27T21:19:13.437251+09:00
Registration Index,1000.0,2.0,success,False,2026-08-19T21:19:39.587475+09:00
Registration Insight,,,failed,False,2026-08-17T23:14:44.117441+09:00
Registration Installment,,,failed,False,2026-08-23T16:16:38.945846+09:00
Registration Interest,,,failed,False,2026-08-23T13:48:17.793072+09:00
Registration Item,,,failed,False,2026-08-21T01:58:35.810953+09:00
Registration Journal,12100.0,0.0,success,True,2026-08-18T22:10:25.741480+09:00
Registration Keeper,70.0,3.0,success,False,2026-08-17T21:36:47.272145+09:00
Registration Kit,3600.0,2.0,success,False,2026-08-27T22:50:55.041515+09:00
Registration Lab,40.0,0.0,success,False,2026-08-17T20:47:16.621554+09:00
Registration Label,170.0,3.0,success,False,2026-08-27T22:14:35.571737+09:00
Registration Layout,210.0,1.0,success,False,2026-08-27T22:29:30.000621+09:00
Registration Ledger,,,failed,False,2026-08-17T21:33:10.630129+09:00
Registration Lens,,,failed,False,2026-08-17T21:37:21.496927+09:00
Registration Level,,,failed,False,2026-08-19T20:46:47.302188+09:00
Registration Levy,,,failed,False,2026-08-23T13:48:19.972957+09:00
Registration Link,4400.0,3.0,success,False,2026-08-23T03:23:25.330676+09:00
Registration List,880.0,3.0,success,False,2026-08-19T22:02:37.152847+09:00
Registration Loan,4400.0,63.0,success,False,2026-08-21T02:14:07.166822+09:00
Registration Locator,390.0,2.0,success,False,2026-08-19T00:02:15.189621+09:00
Registration Lock,90.0,17.0,success,False,2026-08-17T21:40:47.686331+09:00
Registration Log,170.0,0.0,success,False,2026-08-19T13:34:06.788909+09:00
Registration Loop,,,failed,False,2026-08-17T20:35:03.370957+09:00
Registration Manager,260.0,3.0,success,False,2026-08-17T21:35:46.466784+09:00
Registration Manual,210.0,0.0,success,False,2026-08-27T22:14:38.233626+09:00
Registration Map,480.0,0.0,success,False,2026-08-17T21:38:29.386806+09:00
Registration Margin,,,failed,False,2026-08-23T02:57:55.201782+09:00
Registration Markup,,,failed,False,2026-08-23T16:40:09.543730+09:00
Registration Memo,,,failed,False,2026-08-21T00:35:09.628137+09:00
Registration Message,170.0,0.0,success,False,2026-08-27T23:16:01.473407+09:00
Registration Meter,,,failed,False,2026-08-17T20:39:15.324728+09:00
Registration Metrics,,,failed,False,2026-08-17T23:29:31.685360+09:00
Registration Monitor,,,failed,False,2026-08-17T23:29:14.907859+09:00
Registration Navigator,,,failed,False,2026-08-17T23:03:53.626473+09:00
Registration Nexus,,,failed,False,2026-08-17T21:41:25.564008+09:00
Registration Node,,,failed,False,2026-08-18T07:52:01.229242+09:00
Registration Note,390.0,25.0,success,False,2026-08-19T13:35:44.896452+09:00
Registration Notification,90.0,0.0,success,False,2026-08-27T22:50:47.949618+09:00
Registration Number,49500.0,4.0,success,False,2026-08-23T03:23:19.130954+09:00
Registration Office,74000.0,2.0,success,False,2026-08-19T00:02:39.195734+09:00
Registration Ops,,,failed,False,2026-08-17T23:30:19.900529+09:00
Registration Order,390.0,2.0,success,False,2026-08-19T22:01:57.019761+09:00
Registration Organizer,,,failed,False,2026-08-17T23:07:47.336176+09:00
Registration Overage,,,failed,False,2026-08-27T21:50:02.290136+09:00
Registration Overdraft,,,failed,False,2026-08-23T15:52:50.933121+09:00
Registration Overdue,50.0,5.0,success,False,2026-08-27T21:49:57.609346+09:00
Registration Panel,260.0,3.0,success,False,2026-08-17T20:40:53.994191+09:00
Registration Pass,880.0,1.0,success,False,2026-08-21T00:34:47.254019+09:00
Registration Path,20.0,0.0,success,False,2026-08-18T07:52:58.974940+09:00
Registration Payoff,,,failed,False,2026-08-27T21:50:00.180912+09:00
Registration Penalty,50.0,1.0,success,False,2026-08-23T16:40:05.179166+09:00
Registration Petition,10.0,2.0,success,False,2026-08-21T01:07:41.387893+09:00
Registration Pilot,,,failed,False,2026-08-17T20:48:00.384731+09:00
Registration Plan,110.0,1.0,success,False,2026-08-21T01:58:41.656184+09:00
Registration Planner,30.0,12.0,success,False,2026-08-17T23:13:04.753315+09:00
Registration Playbook,,,failed,False,2026-08-18T22:10:16.418477+09:00
Registration Point,210.0,0.0,success,False,2026-08-18T01:28:09.694093+09:00
Registration Portal,110000.0,1.0,success,False,2026-08-17T20:42:29.560038+09:00
Registration Preview,10.0,21.0,success,False,2026-08-28T01:08:32.525331+09:00
Registration Profile,170.0,0.0,success,False,2026-08-19T13:36:19.763333+09:00
Registration Profit,,,failed,False,2026-08-23T02:57:50.579977+09:00
Registration Pulse,,,failed,False,2026-08-17T20:33:09.747000+09:00
Registration Queue,30.0,1.0,success,False,2026-08-19T21:20:03.565098+09:00
Registration Quota,,,failed,False,2026-08-21T00:35:11.745138+09:00
Registration Radar,,,failed,False,2026-08-17T20:45:42.370254+09:00
Registration Rail,,,failed,False,2026-08-17T20:35:32.317442+09:00
Registration Rank,,,failed,False,2026-08-28T00:48:45.489712+09:00
Registration Rate,210.0,0.0,success,False,2026-08-19T20:46:51.690221+09:00
Registration Recap,,,failed,False,2026-08-21T01:07:51.915989+09:00
Registration Receipt,880.0,2.0,success,False,2026-08-19T22:02:19.043714+09:00
Registration Recorder,,,failed,False,2026-08-27T23:36:40.825682+09:00
Registration Redemption,,,failed,False,2026-08-23T16:40:09.543730+09:00
Registration Register,260.0,1.0,success,False,2026-08-17T23:11:08.683373+09:00
Registration Registry,2400.0,1.0,success,False,2026-08-18T22:10:51.704890+09:00
Registration Relay,,,failed,False,2026-08-17T20:44:38.858684+09:00
Registration Reminder,170.0,0.0,success,False,2026-08-19T21:19:14.051362+09:00
Registration Report,320.0,3.0,success,False,2026-08-19T13:34:00.979457+09:00
Registration Repository,,,failed,False,2026-08-27T23:16:07.710810+09:00
Registration Result,170.0,0.0,success,False,2026-08-28T00:48:45.489712+09:00
Registration Roadmap,,,failed,False,2026-08-18T22:11:32.522772+09:00
Registration Roster,,,failed,False,2026-08-19T00:38:08.562035+09:00
Registration Route,30.0,0.0,success,False,2026-08-17T20:37:26.547523+09:00
Registration Rule,390.0,22.0,success,False,2026-08-23T03:23:25.330676+09:00
Registration Sale,110.0,40.0,success,False,2026-08-21T02:29:31.555266+09:00
Registration Scale,,,failed,False,2026-08-17T20:38:21.061174+09:00
Registration Scanner,590.0,55.0,success,False,2026-08-27T23:58:45.722079+09:00
Registration Scheduler,,,failed,False,2026-08-17T23:28:54.506937+09:00
Registration Scope,10.0,0.0,success,False,2026-08-17T20:36:00.761105+09:00
Registration Score,,,failed,False,2026-08-19T13:35:27.432298+09:00
Registration Sentry,,,failed,False,2026-08-17T21:37:57.485180+09:00
Registration Sheet,590.0,10.0,success,False,2026-08-19T13:35:12.097075+09:00
Registration Shortfall,,,failed,False,2026-08-27T21:50:06.831063+09:00
Registration Signal,,,failed,False,2026-08-17T20:37:58.727524+09:00
Registration Signature,70.0,2.0,success,False,2026-08-23T13:28:10.942428+09:00
Registration Slip,1900.0,0.0,success,True,2026-08-19T22:03:08.515859+09:00
Registration Slot,390.0,19.0,success,False,2026-08-19T22:03:26.204468+09:00
Registration Snapshot,10.0,,success,False,2026-08-18T22:10:32.480742+09:00
Registration Stage,50.0,0.0,success,False,2026-08-28T00:48:45.489712+09:00
Registration Statement,480.0,1.0,success,False,2026-08-21T00:35:01.453915+09:00
Registration Station,140.0,12.0,success,False,2026-08-17T20:46:04.855118+09:00
Registration Status,12100.0,1.0,success,False,2026-08-19T20:46:24.803660+09:00
Registration Stipend,,,failed,False,2026-08-23T13:48:19.972957+09:00
Registration Stub,50.0,0.0,success,False,2026-08-21T00:34:59.250399+09:00
Registration Studio,10.0,0.0,success,False,2026-08-17T20:48:34.410191+09:00
Registration Subsidy,20.0,4.0,success,False,2026-08-23T15:52:50.933121+09:00
Registration Suite,,,failed,False,2026-08-17T23:28:17.323230+09:00
Registration Sum,,,failed,False,2026-08-21T02:29:14.750230+09:00
Registration Summary,110.0,0.0,success,False,2026-08-19T21:18:51.088595+09:00
Registration Surtax,,,failed,False,2026-08-23T15:52:52.908788+09:00
Registration Sync,,,failed,False,2026-08-17T21:32:36.544768+09:00
Registration Table,1900.0,22.0,success,False,2026-08-19T22:02:50.225246+09:00
Registration Tag,4400.0,7.0,success,False,2026-08-19T13:35:50.277889+09:00
Registration Tally,170.0,8.0,success,False,2026-08-21T00:35:03.505181+09:00
Registration Tariff,,,failed,False,2026-08-21T02:44:18.914187+09:00
Registration Tax,5400.0,6.0,success,False,2026-08-21T02:14:02.511057+09:00
Registration Ticket,480.0,0.0,success,False,2026-08-19T21:19:50.890463+09:00
Registration Tier,,,failed,False,2026-08-28T00:48:45.489712+09:00
Registration Timeline,70.0,0.0,success,False,2026-08-19T21:19:03.809657+09:00
Registration Timer,,,failed,False,2026-08-28T00:27:09.738576+09:00
Registration Token,720.0,0.0,success,False,2026-08-23T13:28:10.942428+09:00
Registration Toll,,,failed,False,2026-08-21T02:44:13.647823+09:00
Registration Toolbox,,,failed,False,2026-08-28T00:27:12.240224+09:00
Registration Toolkit,,,failed,False,2026-08-18T22:10:10.353821+09:00
Registration Total,,,failed,False,2026-08-27T23:16:04.692896+09:00
Registration Tracker,1900.0,18.0,success,False,2026-08-17T21:33:37.652467+09:00
Registration Trail,,,failed,False,2026-08-17T20:34:35.742752+09:00
Registration Trend,,,failed,False,2026-08-28T01:08:29.646959+09:00
Registration Trial,590.0,3.0,success,False,2026-08-27T21:19:13.437251+09:00
Registration Unit,320.0,0.0,success,False,2026-08-21T02:05:54.756908+09:00
Registration Update,480.0,2.0,success,False,2026-08-19T20:47:00.737978+09:00
Registration Value,480.0,4.0,success,False,2026-08-23T02:57:53.053705+09:00
Registration Vault,10.0,0.0,success,False,2026-08-17T20:43:55.064759+09:00
Registration Version,,,failed,False,2026-08-23T03:23:22.521378+09:00
Registration View,590.0,1.0,success,False,2026-08-19T20:46:30.162701+09:00
Registration Voucher,260.0,6.0,success,False,2026-08-21T00:34:51.514854+09:00
Registration Watch,20.0,0.0,success,False,2026-08-17T20:36:59.320935+09:00
Registration Wave,,,failed,False,2026-08-17T20:32:00.957216+09:00
Registration Widget,20.0,4.0,success,False,2026-08-27T23:16:07.710810+09:00
Registration Workbench,,,failed,False,2026-08-18T22:10:02.231985+09:00
Registration Worksheet,10.0,0.0,success,False,2026-08-27T22:14:38.233626+09:00
Registration Zone,140.0,0.0,success,False,2026-08-17T20:43:26.313536+09:00
Rehearsal Advance,,,failed,False,2026-08-23T16:15:12.953510+09:00
Rehearsal Advisory,,,failed,False,2026-08-21T01:06:58.606298+09:00
Rehearsal Alert,,,failed,False,2026-08-19T13:28:31.111585+09:00
Rehearsal Allowance,,,failed,False,2026-08-21T02:37:45.273746+09:00
Rehearsal Analyzer,,,failed,False,2026-08-27T23:59:23.650703+09:00
Rehearsal Announcement,,,failed,False,2026-08-27T23:36:44.866320+09:00
Rehearsal Arrears,,,failed,False,2026-08-23T16:15:09.158473+09:00
Rehearsal Assistant,20.0,0.0,success,False,2026-08-19T13:21:11.802983+09:00
Rehearsal Attribute,,,failed,False,2026-08-23T13:06:36.915804+09:00
Rehearsal Badge,,,failed,False,2026-08-21T00:32:40.998784+09:00
Rehearsal Balance,,,failed,False,2026-08-23T13:47:07.330354+09:00
Rehearsal Beacon,,,failed,False,2026-08-19T13:33:13.480936+09:00
Rehearsal Bill,,,failed,False,2026-08-19T21:51:34.255432+09:00
Rehearsal Board,,,failed,False,2026-08-19T13:37:32.755916+09:00
Rehearsal Book,10.0,3.0,success,False,2026-08-19T21:52:37.480660+09:00
Rehearsal Bridge,,,failed,False,2026-08-19T13:33:49.819535+09:00
Rehearsal Brief,,,failed,False,2026-08-21T01:06:46.678178+09:00
Rehearsal Bulletin,,,failed,False,2026-08-21T01:06:44.007854+09:00
Rehearsal Calculator,,,failed,False,2026-08-27T23:36:44.866320+09:00
Rehearsal Calendar,90.0,4.0,success,False,2026-08-19T13:24:25.669672+09:00
Rehearsal Cascade,,,failed,False,2026-08-19T13:33:44.098374+09:00
Rehearsal Cash,,,failed,False,2026-08-21T02:20:57.219379+09:00
Rehearsal Cashback,,,failed,False,2026-08-27T21:17:51.217476+09:00
Rehearsal Catalog,,,failed,False,2026-08-19T21:06:33.819352+09:00
Rehearsal Category,,,failed,False,2026-08-23T13:06:33.832553+09:00
Rehearsal Center,,,failed,False,2026-08-19T13:38:58.073256+09:00
Rehearsal Chain,,,failed,False,2026-08-19T13:41:17.239436+09:00
Rehearsal Charge,,,failed,False,2026-08-21T02:37:31.175739+09:00
Rehearsal Check,,,failed,False,2026-08-19T13:31:08.046594+09:00
Rehearsal Checker,,,failed,False,2026-08-27T23:59:20.883273+09:00
Rehearsal Checklist,20.0,1.0,success,False,2026-08-19T21:05:35.157530+09:00
Rehearsal Circular,,,failed,False,2026-08-21T01:06:51.131996+09:00
Rehearsal Code,10.0,0.0,success,False,2026-08-19T21:52:01.647797+09:00
Rehearsal Companion,,,failed,False,2026-08-19T13:23:03.025983+09:00
Rehearsal Compass,,,failed,False,2026-08-19T13:33:02.578163+09:00
Rehearsal Confirmation,,,failed,False,2026-08-21T01:07:07.368570+09:00
Rehearsal Console,,,failed,False,2026-08-19T13:39:43.638809+09:00
Rehearsal Contribution,,,failed,False,2026-08-23T16:15:09.158473+09:00
Rehearsal Core,,,failed,False,2026-08-19T13:36:57.023796+09:00
Rehearsal Cost,,,failed,False,2026-08-21T02:14:32.398981+09:00
Rehearsal Count,,,failed,False,2026-08-27T22:50:33.048353+09:00
Rehearsal Counter,,,failed,False,2026-08-19T13:25:47.267780+09:00
Rehearsal Coupon,,,failed,False,2026-08-27T21:17:51.217476+09:00
Rehearsal Deal,,,failed,False,2026-08-21T01:58:44.645317+09:00
Rehearsal Debt,,,failed,False,2026-08-21T02:31:03.884559+09:00
Rehearsal Desk,,,failed,False,2026-08-19T13:32:31.593655+09:00
Rehearsal Detail,,,failed,False,2026-08-23T03:17:31.358374+09:00
Rehearsal Detector,,,failed,False,2026-08-27T23:59:23.650703+09:00
Rehearsal Diagram,,,failed,False,2026-08-27T22:13:31.267961+09:00
Rehearsal Digest,,,failed,False,2026-08-19T20:48:02.759483+09:00
Rehearsal Directory,,,failed,False,2026-08-19T13:24:49.306222+09:00
Rehearsal Discount,,,failed,False,2026-08-23T16:15:01.314751+09:00
Rehearsal Dossier,,,failed,False,2026-08-21T01:07:11.720033+09:00
Rehearsal Downpayment,,,failed,False,2026-08-27T21:49:06.270483+09:00
Rehearsal Draft,,,failed,False,2026-08-19T20:48:17.948513+09:00
Rehearsal Due,,,failed,False,2026-08-23T15:52:02.827883+09:00
Rehearsal Duty,10.0,0.0,success,False,2026-08-21T02:37:35.054521+09:00
Rehearsal Engine,,,failed,False,2026-08-19T13:20:57.045829+09:00
Rehearsal Entry,,,failed,False,2026-08-21T01:07:26.518810+09:00
Rehearsal Estimate,,,failed,False,2026-08-19T21:06:23.756396+09:00
Rehearsal Estimator,,,failed,False,2026-08-27T23:59:20.883273+09:00
Rehearsal Excerpt,,,failed,False,2026-08-21T01:07:21.862187+09:00
Rehearsal Extension,,,failed,False,2026-08-23T16:39:30.994856+09:00
Rehearsal Fare,,,failed,False,2026-08-21T02:14:36.179977+09:00
Rehearsal Fee,10.0,0.0,success,False,2026-08-21T01:58:34.274743+09:00
Rehearsal Feed,,,failed,False,2026-08-19T20:48:06.706582+09:00
Rehearsal Field,,,failed,False,2026-08-23T13:06:38.895978+09:00
Rehearsal File,,,failed,False,2026-08-19T20:47:33.785997+09:00
Rehearsal Fine,,,failed,False,2026-08-23T02:53:36.421361+09:00
Rehearsal Flag,,,failed,False,2026-08-21T00:33:14.863078+09:00
Rehearsal Flow,,,failed,False,2026-08-19T13:32:13.743565+09:00
Rehearsal Forge,,,failed,False,2026-08-19T13:33:39.488989+09:00
Rehearsal Form,,,failed,False,2026-08-19T13:30:48.441659+09:00
Rehearsal Format,,,failed,False,2026-08-23T13:06:41.923671+09:00
Rehearsal Frame,,,failed,False,2026-08-19T13:36:10.470400+09:00
Rehearsal Fund,,,failed,False,2026-08-21T02:20:53.673511+09:00
Rehearsal Gate,10.0,0.0,success,False,2026-08-19T13:41:50.563536+09:00
Rehearsal Generator,,,failed,False,2026-08-27T23:36:50.925534+09:00
Rehearsal Giveaway,,,failed,False,2026-08-27T21:17:59.409089+09:00
Rehearsal Grade,,,failed,False,2026-08-21T00:32:59.208813+09:00
Rehearsal Grid,,,failed,False,2026-08-19T13:34:28.843739+09:00
Rehearsal Helpdesk,,,failed,False,2026-08-27T22:50:35.805109+09:00
Rehearsal Helper,,,failed,False,2026-08-28T00:20:56.154840+09:00
Rehearsal History,,,failed,False,2026-08-19T20:47:30.914414+09:00
Rehearsal Hotline,,,failed,False,2026-08-19T21:06:42.695560+09:00
Rehearsal Hub,30.0,0.0,success,False,2026-08-19T13:32:23.096151+09:00
Rehearsal Identifier,,,failed,False,2026-08-23T13:06:31.775349+09:00
Rehearsal Inbox,,,failed,False,2026-08-19T13:28:19.124767+09:00
Rehearsal Incentive,,,failed,False,2026-08-27T21:17:56.289470+09:00
Rehearsal Index,,,failed,False,2026-08-19T21:05:47.568804+09:00
Rehearsal Installment,,,failed,False,2026-08-23T16:15:06.058154+09:00
Rehearsal Item,,,failed,False,2026-08-21T01:58:35.810953+09:00
Rehearsal Journal,,,failed,False,2026-08-19T13:23:50.629735+09:00
Rehearsal Lab,,,failed,False,2026-08-19T13:38:06.946096+09:00
Rehearsal Ledger,,,failed,False,2026-08-19T13:37:14.131003+09:00
Rehearsal Line,,,failed,False,2026-08-19T13:29:46.780078+09:00
Rehearsal Link,,,failed,False,2026-08-23T03:17:25.053866+09:00
Rehearsal List,,,failed,False,2026-08-19T21:52:10.666614+09:00
Rehearsal Loan,,,failed,False,2026-08-21T02:14:50.093035+09:00
Rehearsal Log,30.0,0.0,success,False,2026-08-19T13:30:39.417389+09:00
Rehearsal Loop,40.0,0.0,success,False,2026-08-19T13:34:22.181534+09:00
Rehearsal Manager,,,failed,False,2026-08-19T13:42:33.755752+09:00
Rehearsal Manual,,,failed,False,2026-08-27T22:13:24.343596+09:00
Rehearsal Map,,,failed,False,2026-08-19T13:35:47.282228+09:00
Rehearsal Markup,,,failed,False,2026-08-23T16:39:25.527330+09:00
Rehearsal Memo,,,failed,False,2026-08-21T00:33:03.712506+09:00
Rehearsal Message,,,failed,False,2026-08-27T23:16:01.473407+09:00
Rehearsal Monitor,,,failed,False,2026-08-19T13:22:13.329978+09:00
Rehearsal Nexus,,,failed,False,2026-08-19T13:41:59.783078+09:00
Rehearsal Note,,,failed,False,2026-08-19T13:31:41.202916+09:00
Rehearsal Notification,,,failed,False,2026-08-27T22:50:26.115784+09:00
Rehearsal Number,90.0,0.0,success,False,2026-08-23T03:17:13.101010+09:00
Rehearsal Office,,,failed,False,2026-08-19T13:25:14.797860+09:00
Rehearsal Ops,,,failed,False,2026-08-19T13:23:22.980764+09:00
Rehearsal Order,,,failed,False,2026-08-19T21:51:23.149370+09:00
Rehearsal Outline,,,failed,False,2026-08-27T22:29:20.594574+09:00
Rehearsal Overage,,,failed,False,2026-08-27T21:49:04.119579+09:00
Rehearsal Overdue,,,failed,False,2026-08-27T21:48:59.482652+09:00
Rehearsal Panel,,,failed,False,2026-08-19T13:39:57.462867+09:00
Rehearsal Pass,10.0,0.0,success,False,2026-08-21T00:32:26.715092+09:00
Rehearsal Path,,,failed,False,2026-08-19T13:35:23.963790+09:00
Rehearsal Payoff,,,failed,False,2026-08-27T21:49:01.717649+09:00
Rehearsal Penalty,,,failed,False,2026-08-23T16:39:25.527330+09:00
Rehearsal Petition,,,failed,False,2026-08-21T01:07:02.843245+09:00
Rehearsal Plan,70.0,0.0,success,False,2026-08-21T01:58:41.656184+09:00
Rehearsal Planner,,,failed,False,2026-08-19T13:21:49.505722+09:00
Rehearsal Point,,,failed,False,2026-08-19T13:35:34.985408+09:00
Rehearsal Portal,,,failed,False,2026-08-19T13:39:26.336599+09:00
Rehearsal Preview,,,failed,False,2026-08-28T01:02:01.499945+09:00
Rehearsal Profit,,,failed,False,2026-08-23T02:53:22.590239+09:00
Rehearsal Queue,,,failed,False,2026-08-19T21:06:11.173737+09:00
Rehearsal Quota,,,failed,False,2026-08-21T00:33:08.035106+09:00
Rehearsal Radar,,,failed,False,2026-08-19T13:32:42.417252+09:00
Rehearsal Rail,,,failed,False,2026-08-19T13:40:47.127510+09:00
Rehearsal Recap,10.0,0.0,success,False,2026-08-21T01:07:17.420617+09:00
Rehearsal Receipt,,,failed,False,2026-08-19T21:51:50.352396+09:00
Rehearsal Register,,,failed,False,2026-08-19T13:23:14.484254+09:00
Rehearsal Registry,,,failed,False,2026-08-19T13:24:14.979285+09:00
Rehearsal Relay,,,failed,False,2026-08-19T13:32:47.690424+09:00
Rehearsal Reminder,20.0,0.0,success,False,2026-08-19T21:05:22.464454+09:00
Rehearsal Report,320.0,1.0,success,False,2026-08-19T13:30:13.142544+09:00
Rehearsal Repository,,,failed,False,2026-08-27T23:16:07.710810+09:00
Rehearsal Roll,,,failed,False,2026-08-19T13:30:05.934954+09:00
Rehearsal Route,,,failed,False,2026-08-19T13:40:23.135378+09:00
Rehearsal Rule,,,failed,False,2026-08-23T03:17:28.989211+09:00
Rehearsal Sale,,,failed,False,2026-08-21T02:21:02.332570+09:00
Rehearsal Sample,,,failed,False,2026-08-19T21:53:00.908408+09:00
Rehearsal Scheduler,,,failed,False,2026-08-19T13:22:01.413587+09:00
Rehearsal Scope,,,failed,False,2026-08-19T13:34:15.397109+09:00
Rehearsal Score,320.0,0.0,success,False,2026-08-19T13:31:24.471816+09:00
Rehearsal Sheet,,,failed,False,2026-08-19T13:31:03.415990+09:00
Rehearsal Shortfall,,,failed,False,2026-08-27T21:49:08.437850+09:00
Rehearsal Signal,,,failed,False,2026-08-19T13:33:57.418081+09:00
Rehearsal Slip,,,failed,False,2026-08-19T21:52:48.982891+09:00
Rehearsal Slot,,,failed,False,2026-08-19T21:53:16.228732+09:00
Rehearsal Stage,480.0,1.0,success,False,2026-08-28T00:45:40.942680+09:00
Rehearsal Stake,,,failed,False,2026-08-23T02:53:30.954147+09:00
Rehearsal Statement,,,failed,False,2026-08-21T00:32:50.317142+09:00
Rehearsal Station,,,failed,False,2026-08-19T13:38:21.044998+09:00
Rehearsal Status,,,failed,False,2026-08-19T20:47:17.630061+09:00
Rehearsal Stub,,,failed,False,2026-08-21T00:32:45.504063+09:00
Rehearsal Studio,8100.0,7.0,success,False,2026-08-19T13:37:50.110679+09:00
Rehearsal Sum,,,failed,False,2026-08-21T02:31:01.801994+09:00
Rehearsal Summary,10.0,0.0,success,False,2026-08-19T21:04:58.271286+09:00
Rehearsal Tab,,,failed,False,2026-08-21T00:33:20.736767+09:00
Rehearsal Table,,,failed,False,2026-08-19T21:52:24.100892+09:00
Rehearsal Tally,,,failed,False,2026-08-21T00:32:54.976982+09:00
Rehearsal Tariff,,,failed,False,2026-08-21T02:37:48.956315+09:00
Rehearsal Tax,,,failed,False,2026-08-21T02:14:45.406179+09:00
Rehearsal Ticker,,,failed,False,2026-08-19T13:29:29.454455+09:00
Rehearsal Ticket,,,failed,False,2026-08-19T21:06:00.178861+09:00
Rehearsal Timeline,20.0,37.0,success,False,2026-08-19T21:05:10.807996+09:00
Rehearsal Timer,,,failed,False,2026-08-28T00:27:43.001225+09:00
Rehearsal Toll,,,failed,False,2026-08-21T02:37:42.077569+09:00
Rehearsal Toolbox,,,failed,False,2026-08-28T00:27:45.299826+09:00
Rehearsal Total,,,failed,False,2026-08-27T23:16:04.692896+09:00
Rehearsal Tracker,,,failed,False,2026-08-19T13:32:04.589089+09:00
Rehearsal Trail,,,failed,False,2026-08-19T13:40:58.883457+09:00
Rehearsal Trial,,,failed,False,2026-08-27T21:17:53.742550+09:00
Rehearsal Unit,,,failed,False,2026-08-21T01:58:38.358988+09:00
Rehearsal Update,,,failed,False,2026-08-19T20:47:55.040652+09:00
Rehearsal Value,,,failed,False,2026-08-23T02:53:27.977389+09:00
Rehearsal Version,,,failed,False,2026-08-23T03:17:21.558443+09:00
Rehearsal View,,,failed,False,2026-08-19T20:47:25.892128+09:00
Rehearsal Voucher,,,failed,False,2026-08-21T00:32:31.934653+09:00
Rehearsal Watch,10.0,3.0,success,False,2026-08-19T13:34:03.969558+09:00
Rehearsal Wave,,,failed,False,2026-08-19T13:35:15.943675+09:00
Rehearsal Widget,,,failed,False,2026-08-27T23:16:04.692896+09:00
Rehearsal Window,,,failed,False,2026-08-19T13:29:56.430090+09:00
Rehearsal Worksheet,,,failed,False,2026-08-27T22:13:27.898794+09:00
Rehearsal Zone,,,failed,False,2026-08-19T13:39:18.013288+09:00
Reimbursement Advance,,,failed,False,2026-08-23T16:12:46.857371+09:00
Reimbursement Advisory,,,failed,False,2026-08-21T00:59:15.258286+09:00
Reimbursement Allowance,70.0,0.0,success,False,2026-08-21T02:39:16.897271+09:00
Reimbursement Analyzer,,,failed,False,2026-08-27T23:58:34.382467+09:00
Reimbursement Announcement,,,failed,False,2026-08-27T23:36:04.672816+09:00
Reimbursement Arrears,10.0,0.0,success,False,2026-08-23T16:12:46.857371+09:00
Reimbursement Asset,20.0,0.0,success,False,2026-08-23T13:45:24.772737+09:00
Reimbursement Assistant,,,failed,False,2026-08-19T00:37:13.789014+09:00
Reimbursement Atlas,,,failed,False,2026-08-19T00:37:04.451901+09:00
Reimbursement Attribute,,,failed,False,2026-08-23T13:08:46.542285+09:00
Reimbursement Badge,,,failed,False,2026-08-21T00:35:36.889482+09:00
Reimbursement Balance,,,failed,False,2026-08-23T13:45:20.654502+09:00
Reimbursement Base,,,failed,False,2026-08-19T00:38:43.028128+09:00
Reimbursement Beacon,,,failed,False,2026-08-19T00:38:13.320545+09:00
Reimbursement Bill,590.0,1.0,success,False,2026-08-19T21:55:24.856436+09:00
Reimbursement Board,,,failed,False,2026-08-19T00:38:48.376369+09:00
Reimbursement Book,,,failed,False,2026-08-19T21:56:18.827565+09:00
Reimbursement Bridge,,,failed,False,2026-08-19T00:38:18.682483+09:00
Reimbursement Brief,,,failed,False,2026-08-21T00:59:06.391670+09:00
Reimbursement Bulletin,,,failed,False,2026-08-21T00:59:01.913298+09:00
Reimbursement Calculator,70.0,5.0,success,False,2026-08-27T23:36:04.672816+09:00
Reimbursement Calendar,,,failed,False,2026-08-19T00:37:28.610789+09:00
Reimbursement Card,50.0,3.0,success,False,2026-08-19T13:35:09.228952+09:00
Reimbursement Cascade,,,failed,False,2026-08-19T00:38:15.765840+09:00
Reimbursement Cash,20.0,1.0,success,False,2026-08-21T02:21:52.863298+09:00
Reimbursement Cashback,,,failed,False,2026-08-27T21:16:00.984636+09:00
Reimbursement Catalog,,,failed,False,2026-08-19T21:09:27.813218+09:00
Reimbursement Category,10.0,0.0,success,False,2026-08-23T13:08:44.526296+09:00
Reimbursement Center,210.0,5.0,success,False,2026-08-19T00:39:01.577403+09:00
Reimbursement Chain,10.0,,success,False,2026-08-19T00:36:52.729176+09:00
Reimbursement Charge,140.0,0.0,success,False,2026-08-21T02:39:04.967500+09:00
Reimbursement Check,390.0,1.0,success,False,2026-08-19T13:35:23.963790+09:00
Reimbursement Checker,10.0,,success,False,2026-08-27T23:58:26.225716+09:00
Reimbursement Checklist,20.0,1.0,success,False,2026-08-19T21:08:27.297609+09:00
Reimbursement Circular,,,failed,False,2026-08-21T01:00:11.022856+09:00
Reimbursement Code,260.0,1.0,success,False,2026-08-19T21:55:44.120814+09:00
Reimbursement Companion,,,failed,False,2026-08-19T00:37:20.289190+09:00
Reimbursement Comparison,,,failed,False,2026-08-28T01:02:51.015649+09:00
Reimbursement Compass,,,failed,False,2026-08-19T00:38:10.697868+09:00
Reimbursement Confirmation,,,failed,False,2026-08-21T00:59:32.095317+09:00
Reimbursement Console,,,failed,False,2026-08-19T00:36:40.628841+09:00
Reimbursement Converter,,,failed,False,2026-08-27T23:36:10.117910+09:00
Reimbursement Core,,,failed,False,2026-08-19T00:38:45.524694+09:00
Reimbursement Cost,590.0,0.0,success,False,2026-08-21T02:08:15.230542+09:00
Reimbursement Count,,,failed,False,2026-08-27T22:49:15.165017+09:00
Reimbursement Counter,,,failed,False,2026-08-19T00:37:37.516387+09:00
Reimbursement Coupon,,,failed,False,2026-08-27T21:16:00.984636+09:00
Reimbursement Deal,,,failed,False,2026-08-21T01:51:06.981175+09:00
Reimbursement Debt,,,failed,False,2026-08-21T02:21:41.084768+09:00
Reimbursement Deck,,,failed,False,2026-08-19T00:38:50.428870+09:00
Reimbursement Desk,,,failed,False,2026-08-19T00:38:01.073734+09:00
Reimbursement Detail,,,failed,False,2026-08-23T03:20:39.175053+09:00
Reimbursement Detector,,,failed,False,2026-08-27T23:58:28.934840+09:00
Reimbursement Diagram,,,failed,False,2026-08-27T22:10:53.228398+09:00
Reimbursement Digest,,,failed,False,2026-08-19T20:39:32.642664+09:00
Reimbursement Directory,,,failed,False,2026-08-19T00:37:30.886042+09:00
Reimbursement Dossier,20.0,0.0,success,False,2026-08-21T00:59:36.315785+09:00
Reimbursement Downpayment,,,failed,False,2026-08-27T21:47:15.270708+09:00
Reimbursement Draft,,,failed,False,2026-08-19T20:39:50.711958+09:00
Reimbursement Due,,,failed,False,2026-08-23T15:50:46.818166+09:00
Reimbursement Duty,,,failed,False,2026-08-21T02:39:09.375307+09:00
Reimbursement Engine,,,failed,False,2026-08-19T00:37:10.693574+09:00
Reimbursement Entry,20.0,4.0,success,False,2026-08-21T00:59:48.261603+09:00
Reimbursement Estimate,,,failed,False,2026-08-19T21:09:15.467375+09:00
Reimbursement Estimator,,,failed,False,2026-08-27T23:58:23.732862+09:00
Reimbursement Excerpt,,,failed,False,2026-08-21T01:01:55.292277+09:00
Reimbursement Extension,,,failed,False,2026-08-23T16:38:22.069097+09:00
Reimbursement Fare,,,failed,False,2026-08-21T02:08:23.223151+09:00
Reimbursement Fee,6600.0,0.0,success,True,2026-08-21T01:50:49.145007+09:00
Reimbursement Feed,,,failed,False,2026-08-19T20:39:41.503731+09:00
Reimbursement Field,,,failed,False,2026-08-23T13:08:51.704947+09:00
Reimbursement File,50.0,0.0,success,False,2026-08-19T20:38:57.092601+09:00
Reimbursement Finder,,,failed,False,2026-08-19T00:37:32.560227+09:00
Reimbursement Fine,,,failed,False,2026-08-23T02:55:02.071314+09:00
Reimbursement Flag,,,failed,False,2026-08-21T00:36:14.044141+09:00
Reimbursement Flow,,,failed,False,2026-08-19T00:37:55.750406+09:00
Reimbursement Forge,,,failed,False,2026-08-19T00:38:13.320545+09:00
Reimbursement Form,9900.0,4.0,success,False,2026-08-19T13:34:25.531210+09:00
Reimbursement Format,9900.0,4.0,success,False,2026-08-23T13:08:53.842629+09:00
Reimbursement Frame,,,failed,False,2026-08-19T00:38:40.592975+09:00
Reimbursement Fund,110.0,0.0,success,False,2026-08-21T02:21:48.463008+09:00
Reimbursement Gate,,,failed,False,2026-08-19T00:37:00.689265+09:00
Reimbursement Generator,10.0,39.0,success,False,2026-08-27T23:36:10.117910+09:00
Reimbursement Giveaway,,,failed,False,2026-08-27T21:16:10.166929+09:00
Reimbursement Grade,,,failed,False,2026-08-21T00:36:00.602558+09:00
Reimbursement Graph,,,failed,False,2026-08-27T22:10:39.067015+09:00
Reimbursement Grid,,,failed,False,2026-08-19T00:38:32.004718+09:00
Reimbursement Guarantee,10.0,0.0,success,False,2026-08-28T01:01:36.692864+09:00
Reimbursement Guardian,,,failed,False,2026-08-28T00:21:11.601666+09:00
Reimbursement Helpdesk,,,failed,False,2026-08-27T22:49:17.563475+09:00
Reimbursement Helper,,,failed,False,2026-08-28T00:21:17.081309+09:00
Reimbursement History,,,failed,False,2026-08-19T20:38:46.605593+09:00
Reimbursement Hotline,,,failed,False,2026-08-19T21:09:42.547953+09:00
Reimbursement Hub,10.0,5.0,success,False,2026-08-19T00:37:59.032888+09:00
Reimbursement Identifier,,,failed,False,2026-08-23T13:08:42.186526+09:00
Reimbursement Incentive,,,failed,False,2026-08-27T21:16:07.337495+09:00
Reimbursement Index,,,failed,False,2026-08-19T21:08:40.437861+09:00
Reimbursement Installment,,,failed,False,2026-08-23T16:12:41.676987+09:00
Reimbursement Interest,,,failed,False,2026-08-23T13:45:20.654502+09:00
Reimbursement Item,,,failed,False,2026-08-21T01:50:46.788824+09:00
Reimbursement Journal,,,failed,False,2026-08-19T00:37:25.342982+09:00
Reimbursement Keeper,,,failed,False,2026-08-19T00:37:06.709542+09:00
Reimbursement Lab,,,failed,False,2026-08-19T00:38:54.065235+09:00
Reimbursement Label,,,failed,False,2026-08-27T22:10:43.212581+09:00
Reimbursement Ledger,,,failed,False,2026-08-19T00:38:45.524694+09:00
Reimbursement Level,10.0,0.0,success,False,2026-08-19T20:39:07.135209+09:00
Reimbursement Link,10.0,1.0,success,False,2026-08-23T03:20:27.097448+09:00
Reimbursement List,110.0,0.0,success,False,2026-08-19T21:55:54.779139+09:00
Reimbursement Loan,390.0,11.0,success,False,2026-08-21T02:08:37.852191+09:00
Reimbursement Log,20.0,8.0,success,False,2026-08-19T13:34:15.397109+09:00
Reimbursement Loop,,,failed,False,2026-08-19T00:38:30.061657+09:00
Reimbursement Manager,110.0,3.0,success,False,2026-08-19T00:37:08.393662+09:00
Reimbursement Manual,,,failed,False,2026-08-27T22:10:48.957356+09:00
Reimbursement Margin,,,failed,False,2026-08-23T02:54:59.727215+09:00
Reimbursement Memo,20.0,4.0,success,False,2026-08-21T00:36:02.867452+09:00
Reimbursement Message,,,failed,False,2026-08-27T23:14:57.999766+09:00
Reimbursement Monitor,,,failed,False,2026-08-19T00:37:20.289190+09:00
Reimbursement Nexus,,,failed,False,2026-08-19T00:37:02.474717+09:00
Reimbursement Note,50.0,1.0,success,False,2026-08-19T13:35:50.277889+09:00
Reimbursement Notification,,,failed,False,2026-08-27T22:49:12.101032+09:00
Reimbursement Number,10.0,0.0,success,False,2026-08-23T03:20:18.367542+09:00
Reimbursement Office,10.0,0.0,success,False,2026-08-19T00:37:34.373704+09:00
Reimbursement Ops,,,failed,False,2026-08-19T00:37:23.570326+09:00
Reimbursement Order,,,failed,False,2026-08-19T21:55:14.913375+09:00
Reimbursement Overage,,,failed,False,2026-08-27T21:47:15.270708+09:00
Reimbursement Overdraft,,,failed,False,2026-08-23T15:50:46.818166+09:00
Reimbursement Overdue,,,failed,False,2026-08-27T21:47:10.651342+09:00
Reimbursement Path,,,failed,False,2026-08-19T00:38:34.534111+09:00
Reimbursement Payoff,,,failed,False,2026-08-27T21:47:13.030634+09:00
Reimbursement Penalty,,,failed,False,2026-08-23T16:38:19.079152+09:00
Reimbursement Petition,,,failed,False,2026-08-21T00:59:19.513950+09:00
Reimbursement Plan,110.0,1.0,success,False,2026-08-21T01:50:54.648591+09:00
Reimbursement Planner,,,failed,False,2026-08-19T00:37:15.495159+09:00
Reimbursement Playbook,,,failed,False,2026-08-19T00:37:25.342982+09:00
Reimbursement Point,,,failed,False,2026-08-19T00:38:36.857956+09:00
Reimbursement Portal,170.0,3.0,success,False,2026-08-19T00:36:38.202359+09:00
Reimbursement Preview,,,failed,False,2026-08-28T01:02:51.015649+09:00
Reimbursement Profile,,,failed,False,2026-08-19T13:36:50.709528+09:00
Reimbursement Profit,,,failed,False,2026-08-23T02:54:52.135987+09:00
Reimbursement Proposal,,,failed,False,2026-08-28T01:01:32.188675+09:00
Reimbursement Queue,,,failed,False,2026-08-19T21:09:02.600791+09:00
Reimbursement Quota,,,failed,False,2026-08-21T00:36:08.674469+09:00
Reimbursement Radar,,,failed,False,2026-08-19T00:38:02.838044+09:00
Reimbursement Rail,,,failed,False,2026-08-19T00:36:50.417664+09:00
Reimbursement Rate,590.0,0.0,success,False,2026-08-19T20:39:18.061361+09:00
Reimbursement Recap,,,failed,False,2026-08-21T00:59:40.549783+09:00
Reimbursement Receipt,720.0,21.0,success,False,2026-08-19T21:55:34.064895+09:00
Reimbursement Recorder,,,failed,False,2026-08-27T23:36:10.117910+09:00
Reimbursement Register,,,failed,False,2026-08-19T00:37:21.857423+09:00
Reimbursement Relay,,,failed,False,2026-08-19T00:38:05.344215+09:00
Reimbursement Reminder,,,failed,False,2026-08-19T21:08:17.191236+09:00
Reimbursement Report,90.0,1.0,success,False,2026-08-19T13:34:06.788909+09:00
Reimbursement Repository,,,failed,False,2026-08-27T23:15:04.402308+09:00
Reimbursement Result,,,failed,False,2026-08-28T00:45:55.588446+09:00
Reimbursement Ring,,,failed,False,2026-08-19T00:36:57.137576+09:00
Reimbursement Route,,,failed,False,2026-08-19T00:36:48.669353+09:00
Reimbursement Rule,,,failed,False,2026-08-23T03:20:32.320134+09:00
Reimbursement Sale,,,failed,False,2026-08-21T02:21:55.234205+09:00
Reimbursement Sample,40.0,4.0,success,False,2026-08-19T21:56:40.008866+09:00
Reimbursement Scale,,,failed,False,2026-08-19T00:36:46.213084+09:00
Reimbursement Scanner,,,failed,False,2026-08-27T23:58:26.225716+09:00
Reimbursement Scope,,,failed,False,2026-08-19T00:38:27.005898+09:00
Reimbursement Score,,,failed,False,2026-08-19T13:35:44.896452+09:00
Reimbursement Sheet,210.0,27.0,success,False,2026-08-19T13:35:17.832639+09:00
Reimbursement Shortfall,,,failed,False,2026-08-27T21:47:17.528863+09:00
Reimbursement Signal,,,failed,False,2026-08-19T00:38:22.287042+09:00
Reimbursement Slip,70.0,2.0,success,False,2026-08-19T21:56:30.340313+09:00
Reimbursement Slot,,,failed,False,2026-08-19T21:56:53.361235+09:00
Reimbursement Stage,,,failed,False,2026-08-28T00:45:55.588446+09:00
Reimbursement Stake,,,failed,False,2026-08-23T02:54:57.045583+09:00
Reimbursement Stamp,30.0,2.0,success,False,2026-08-23T13:28:15.741943+09:00
Reimbursement Statement,50.0,0.0,success,False,2026-08-21T00:35:49.197244+09:00
Reimbursement Station,,,failed,False,2026-08-19T00:38:56.335177+09:00
Reimbursement Status,90.0,0.0,success,False,2026-08-19T20:38:26.547735+09:00
Reimbursement Stub,,,failed,False,2026-08-21T00:35:43.096296+09:00
Reimbursement Studio,,,failed,False,2026-08-19T00:38:52.130938+09:00
Reimbursement Subsidy,,,failed,False,2026-08-23T15:50:49.697674+09:00
Reimbursement Sum,,,failed,False,2026-08-21T02:21:38.988991+09:00
Reimbursement Summary,20.0,0.0,success,False,2026-08-19T21:07:57.029357+09:00
Reimbursement Tab,,,failed,False,2026-08-21T00:36:18.143483+09:00
Reimbursement Table,20.0,0.0,success,False,2026-08-19T21:56:05.092972+09:00
Reimbursement Tag,,,failed,False,2026-08-19T13:36:19.763333+09:00
Reimbursement Tally,,,failed,False,2026-08-21T00:35:54.809657+09:00
Reimbursement Tariff,10.0,7.0,success,False,2026-08-21T02:39:20.009212+09:00
Reimbursement Tax,70.0,0.0,success,False,2026-08-21T02:08:27.719210+09:00
Reimbursement Terminal,,,failed,False,2026-08-19T00:39:00.049194+09:00
Reimbursement Ticket,30.0,6.0,success,False,2026-08-19T21:08:50.261483+09:00
Reimbursement Tier,,,failed,False,2026-08-28T00:45:59.297593+09:00
Reimbursement Timeline,,,failed,False,2026-08-19T21:08:07.894185+09:00
Reimbursement Timer,,,failed,False,2026-08-28T00:21:09.151755+09:00
Reimbursement Toll,,,failed,False,2026-08-21T02:39:12.661070+09:00
Reimbursement Toolbox,,,failed,False,2026-08-28T00:21:14.040617+09:00
Reimbursement Total,,,failed,False,2026-08-27T23:14:57.999766+09:00
Reimbursement Tracker,110.0,24.0,success,False,2026-08-19T00:37:53.742610+09:00
Reimbursement Trail,,,failed,False,2026-08-19T00:36:52.729176+09:00
Reimbursement Trend,,,failed,False,2026-08-28T01:02:39.668408+09:00
Reimbursement Trial,,,failed,False,2026-08-27T21:16:07.337495+09:00
Reimbursement Unit,,,failed,False,2026-08-21T01:50:57.666770+09:00
Reimbursement Update,,,failed,False,2026-08-19T20:39:24.748166+09:00
Reimbursement Value,10.0,0.0,success,False,2026-08-23T02:54:55.052160+09:00
Reimbursement Vault,,,failed,False,2026-08-19T00:38:08.562035+09:00
Reimbursement Version,,,failed,False,2026-08-23T03:20:22.973389+09:00
Reimbursement View,,,failed,False,2026-08-19T20:38:36.542684+09:00
Reimbursement Wallet,10.0,2.0,success,False,2026-08-27T22:49:15.165017+09:00
Reimbursement Wave,,,failed,False,2026-08-19T00:38:32.004718+09:00
Reimbursement Widget,,,failed,False,2026-08-27T23:15:00.482378+09:00
Reimbursement Worksheet,,,failed,False,2026-08-27T22:10:48.957356+09:00
Reimbursement Zone,,,failed,False,2026-08-19T00:36:36.073889+09:00
Reinstatement Advisory,,,failed,False,2026-08-21T01:03:40.572054+09:00
Reinstatement Alert,,,failed,False,2026-08-21T00:07:30.087170+09:00
Reinstatement Allowance,,,failed,False,2026-08-21T02:42:41.863985+09:00
Reinstatement Analyzer,,,failed,False,2026-08-27T23:52:54.402675+09:00
Reinstatement Announcement,,,failed,False,2026-08-27T23:32:33.346775+09:00
Reinstatement Arrears,,,failed,False,2026-08-23T16:14:49.657074+09:00
Reinstatement Assistant,,,failed,False,2026-08-21T00:06:05.500178+09:00
Reinstatement Atlas,,,failed,False,2026-08-21T00:05:53.181576+09:00
Reinstatement Badge,,,failed,False,2026-08-21T00:27:24.500136+09:00
Reinstatement Balance,,,failed,False,2026-08-23T13:46:30.859150+09:00
Reinstatement Base,,,failed,False,2026-08-21T00:11:27.452285+09:00
Reinstatement Bay,,,failed,False,2026-08-21T00:07:02.641295+09:00
Reinstatement Beacon,,,failed,False,2026-08-21T00:10:39.439345+09:00
Reinstatement Bill,,,failed,False,2026-08-21T00:09:46.713564+09:00
Reinstatement Bin,,,failed,False,2026-08-21T00:07:41.757493+09:00
Reinstatement Board,,,failed,False,2026-08-21T00:11:37.455869+09:00
Reinstatement Book,,,failed,False,2026-08-21T00:10:04.105660+09:00
Reinstatement Booth,,,failed,False,2026-08-21T00:06:57.541230+09:00
Reinstatement Bridge,,,failed,False,2026-08-21T00:10:51.522547+09:00
Reinstatement Brief,,,failed,False,2026-08-21T01:03:33.238339+09:00
Reinstatement Bulletin,,,failed,False,2026-08-21T01:03:27.651766+09:00
Reinstatement Calculator,90.0,6.0,success,False,2026-08-27T23:32:36.959010+09:00
Reinstatement Calendar,,,failed,False,2026-08-21T00:06:35.659041+09:00
Reinstatement Card,10.0,0.0,success,False,2026-08-21T00:08:19.938205+09:00
Reinstatement Cascade,,,failed,False,2026-08-21T00:10:46.000113+09:00
Reinstatement Cash,,,failed,False,2026-08-21T02:25:50.623607+09:00
Reinstatement Center,70.0,0.0,success,False,2026-08-21T00:12:01.439565+09:00
Reinstatement Chain,,,failed,False,2026-08-21T00:05:39.660885+09:00
Reinstatement Charge,,,failed,False,2026-08-21T02:42:30.088898+09:00
Reinstatement Chart,,,failed,False,2026-08-21T00:07:33.633888+09:00
Reinstatement Check,,,failed,False,2026-08-21T00:08:26.557259+09:00
Reinstatement Checker,,,failed,False,2026-08-27T23:52:42.913738+09:00
Reinstatement Circular,,,failed,False,2026-08-21T01:03:38.520377+09:00
Reinstatement Code,,,failed,False,2026-08-21T00:09:56.547234+09:00
Reinstatement Comparison,,,failed,False,2026-08-28T01:04:37.386068+09:00
Reinstatement Confirmation,,,failed,False,2026-08-21T01:03:51.285961+09:00
Reinstatement Console,,,failed,False,2026-08-21T00:05:21.567045+09:00
Reinstatement Copayment,,,failed,False,2026-08-23T16:39:21.186657+09:00
Reinstatement Core,,,failed,False,2026-08-21T00:11:31.112963+09:00
Reinstatement Cost,720.0,9.0,success,False,2026-08-21T02:08:44.609671+09:00
Reinstatement Count,,,failed,False,2026-08-27T22:51:39.171829+09:00
Reinstatement Counter,,,failed,False,2026-08-21T00:06:52.239933+09:00
Reinstatement Deal,,,failed,False,2026-08-21T01:51:22.429358+09:00
Reinstatement Debt,,,failed,False,2026-08-21T02:25:44.046093+09:00
Reinstatement Deck,,,failed,False,2026-08-21T00:11:44.764762+09:00
Reinstatement Desk,,,failed,False,2026-08-21T00:10:23.316441+09:00
Reinstatement Detail,,,failed,False,2026-08-23T03:23:46.825883+09:00
Reinstatement Detector,,,failed,False,2026-08-27T23:52:49.352062+09:00
Reinstatement Directory,,,failed,False,2026-08-21T00:06:39.076451+09:00
Reinstatement Discount,,,failed,False,2026-08-23T16:14:44.482791+09:00
Reinstatement Dossier,,,failed,False,2026-08-21T01:03:56.741736+09:00
Reinstatement Downpayment,,,failed,False,2026-08-27T21:49:27.090308+09:00
Reinstatement Draft,,,failed,False,2026-08-21T00:09:11.987938+09:00
Reinstatement Due,,,failed,False,2026-08-23T15:51:44.971205+09:00
Reinstatement Duty,,,failed,False,2026-08-21T02:42:34.441538+09:00
Reinstatement Engine,,,failed,False,2026-08-21T00:06:02.924923+09:00
Reinstatement Entry,,,failed,False,2026-08-21T01:04:13.537026+09:00
Reinstatement Estimate,,,failed,False,2026-08-21T00:09:36.388404+09:00
Reinstatement Estimator,,,failed,False,2026-08-27T23:52:37.462117+09:00
Reinstatement Excerpt,,,failed,False,2026-08-21T01:04:08.971472+09:00
Reinstatement Extension,,,failed,False,2026-08-23T16:39:25.527330+09:00
Reinstatement Fare,,,failed,False,2026-08-21T02:08:52.269018+09:00
Reinstatement Fee,2900.0,1.0,success,False,2026-08-21T01:50:57.666770+09:00
Reinstatement Feed,,,failed,False,2026-08-21T00:09:09.007645+09:00
Reinstatement File,,,failed,False,2026-08-21T00:08:56.538180+09:00
Reinstatement Fine,,,failed,False,2026-08-23T02:57:34.451765+09:00
Reinstatement Flag,,,failed,False,2026-08-21T00:28:17.964653+09:00
Reinstatement Flow,,,failed,False,2026-08-21T00:10:17.224400+09:00
Reinstatement Forge,,,failed,False,2026-08-21T00:10:41.968767+09:00
Reinstatement Form,320.0,1.0,success,False,2026-08-21T00:08:16.662845+09:00
Reinstatement Format,,,failed,False,2026-08-23T13:04:50.850524+09:00
Reinstatement Frame,,,failed,False,2026-08-21T00:11:23.626216+09:00
Reinstatement Fund,,,failed,False,2026-08-21T02:25:47.031494+09:00
Reinstatement Gate,,,failed,False,2026-08-21T00:05:45.974525+09:00
Reinstatement Generator,,,failed,False,2026-08-27T23:32:40.029337+09:00
Reinstatement Grade,,,failed,False,2026-08-21T00:27:53.671746+09:00
Reinstatement Graph,,,failed,False,2026-08-27T22:13:43.125947+09:00
Reinstatement Grid,,,failed,False,2026-08-21T00:11:07.276592+09:00
Reinstatement Guarantee,,,failed,False,2026-08-28T01:04:46.455885+09:00
Reinstatement Guardian,,,failed,False,2026-08-28T00:23:14.492376+09:00
Reinstatement Helpdesk,,,failed,False,2026-08-27T22:51:42.060485+09:00
Reinstatement Helper,,,failed,False,2026-08-28T00:23:17.850587+09:00
Reinstatement History,,,failed,False,2026-08-21T00:08:50.298724+09:00
Reinstatement Hub,,,failed,False,2026-08-21T00:10:20.448306+09:00
Reinstatement Identifier,,,failed,False,2026-08-23T13:04:45.223955+09:00
Reinstatement Inbox,,,failed,False,2026-08-21T00:07:26.703840+09:00
Reinstatement Index,,,failed,False,2026-08-21T00:09:30.468859+09:00
Reinstatement Installment,,,failed,False,2026-08-23T16:14:44.482791+09:00
Reinstatement Interest,10.0,,success,False,2026-08-23T13:46:32.970542+09:00
Reinstatement Item,,,failed,False,2026-08-21T01:50:54.648591+09:00
Reinstatement Journal,,,failed,False,2026-08-21T00:06:31.070365+09:00
Reinstatement Keeper,,,failed,False,2026-08-21T00:05:56.272120+09:00
Reinstatement Lab,,,failed,False,2026-08-21T00:11:51.224044+09:00
Reinstatement Ledger,,,failed,False,2026-08-21T00:11:33.849438+09:00
Reinstatement Level,,,failed,False,2026-08-21T00:09:00.299581+09:00
Reinstatement Levy,,,failed,False,2026-08-23T13:46:35.892255+09:00
Reinstatement Line,,,failed,False,2026-08-21T00:07:55.712848+09:00
Reinstatement Link,,,failed,False,2026-08-23T03:23:43.125766+09:00
Reinstatement List,,,failed,False,2026-08-21T00:09:59.655575+09:00
Reinstatement Loan,260.0,7.0,success,False,2026-08-21T02:09:00.837465+09:00
Reinstatement Lobby,,,failed,False,2026-08-21T00:07:47.780593+09:00
Reinstatement Locator,,,failed,False,2026-08-21T00:06:41.845552+09:00
Reinstatement Locker,,,failed,False,2026-08-21T00:06:55.425363+09:00
Reinstatement Log,,,failed,False,2026-08-21T00:08:12.228304+09:00
Reinstatement Loop,,,failed,False,2026-08-21T00:11:04.008018+09:00
Reinstatement Manager,30.0,1.0,success,False,2026-08-21T00:05:58.957091+09:00
Reinstatement Manual,,,failed,False,2026-08-27T22:13:48.271988+09:00
Reinstatement Map,,,failed,False,2026-08-21T00:11:21.339663+09:00
Reinstatement Marker,,,failed,False,2026-08-23T13:27:00.453108+09:00
Reinstatement Markup,,,failed,False,2026-08-23T16:39:21.186657+09:00
Reinstatement Memo,,,failed,False,2026-08-21T00:28:00.116915+09:00
Reinstatement Message,,,failed,False,2026-08-27T23:10:02.620929+09:00
Reinstatement Monitor,,,failed,False,2026-08-21T00:06:15.045348+09:00
Reinstatement Nexus,,,failed,False,2026-08-21T00:05:49.318712+09:00
Reinstatement Note,,,failed,False,2026-08-21T00:08:35.535549+09:00
Reinstatement Notification,,,failed,False,2026-08-27T22:51:36.322343+09:00
Reinstatement Number,30.0,10.0,success,False,2026-08-23T03:23:37.132752+09:00
Reinstatement Office,390.0,2.0,success,False,2026-08-21T00:06:48.646021+09:00
Reinstatement Ops,,,failed,False,2026-08-21T00:06:26.162440+09:00
Reinstatement Order,70.0,0.0,success,False,2026-08-21T00:09:38.850867+09:00
Reinstatement Outpost,,,failed,False,2026-08-21T00:07:07.636475+09:00
Reinstatement Overage,,,failed,False,2026-08-27T21:49:24.879038+09:00
Reinstatement Overdue,,,failed,False,2026-08-27T21:49:20.358831+09:00
Reinstatement Panel,,,failed,False,2026-08-21T00:05:23.895920+09:00
Reinstatement Pass,,,failed,False,2026-08-21T00:27:06.966469+09:00
Reinstatement Passport,,,failed,False,2026-08-21T00:07:44.849905+09:00
Reinstatement Path,,,failed,False,2026-08-21T00:11:12.755377+09:00
Reinstatement Payoff,10.0,0.0,success,False,2026-08-27T21:49:22.679951+09:00
Reinstatement Penalty,,,failed,False,2026-08-23T16:39:18.952764+09:00
Reinstatement Petition,140.0,0.0,success,False,2026-08-21T01:03:45.407835+09:00
Reinstatement Plan,30.0,1.0,success,False,2026-08-21T01:51:15.763734+09:00
Reinstatement Planner,,,failed,False,2026-08-21T00:06:08.424463+09:00
Reinstatement Playbook,,,failed,False,2026-08-21T00:06:28.229778+09:00
Reinstatement Plaza,,,failed,False,2026-08-21T00:07:10.102459+09:00
Reinstatement Point,,,failed,False,2026-08-21T00:11:18.069642+09:00
Reinstatement Portal,,,failed,False,2026-08-19T23:13:53.160538+09:00
Reinstatement Post,,,failed,False,2026-08-21T00:07:05.249232+09:00
Reinstatement Preview,,,failed,False,2026-08-28T01:04:40.087199+09:00
Reinstatement Profile,,,failed,False,2026-08-21T00:08:43.301972+09:00
Reinstatement Profit,,,failed,False,2026-08-23T02:57:24.970560+09:00
Reinstatement Proposal,,,failed,False,2026-08-28T01:04:42.727086+09:00
Reinstatement Quota,,,failed,False,2026-08-21T00:28:11.670318+09:00
Reinstatement Radar,,,failed,False,2026-08-21T00:10:27.698876+09:00
Reinstatement Rail,,,failed,False,2026-08-21T00:05:32.052210+09:00
Reinstatement Rate,,,failed,False,2026-08-21T00:09:02.871951+09:00
Reinstatement Recap,,,failed,False,2026-08-21T01:04:00.035751+09:00
Reinstatement Receipt,,,failed,False,2026-08-21T00:09:53.180945+09:00
Reinstatement Recorder,,,failed,False,2026-08-27T23:32:42.762901+09:00
Reinstatement Register,,,failed,False,2026-08-21T00:06:22.845965+09:00
Reinstatement Registry,,,failed,False,2026-08-21T00:06:33.457247+09:00
Reinstatement Relay,,,failed,False,2026-08-21T00:10:31.102119+09:00
Reinstatement Reminder,,,failed,False,2026-08-21T00:09:26.936437+09:00
Reinstatement Report,,,failed,False,2026-08-21T00:08:09.199254+09:00
Reinstatement Repository,,,failed,False,2026-08-27T23:10:12.340839+09:00
Reinstatement Result,,,failed,False,2026-08-28T00:47:03.149821+09:00
Reinstatement Ring,,,failed,False,2026-08-21T00:05:42.702163+09:00
Reinstatement Roll,,,failed,False,2026-08-21T00:08:06.282154+09:00
Reinstatement Roster,,,failed,False,2026-08-21T00:07:23.788027+09:00
Reinstatement Route,,,failed,False,2026-08-21T00:05:29.824761+09:00
Reinstatement Rule,20.0,0.0,success,False,2026-08-23T03:23:43.125766+09:00
Reinstatement Sale,,,failed,False,2026-08-21T02:25:53.601509+09:00
Reinstatement Sample,,,failed,False,2026-08-21T00:10:08.386733+09:00
Reinstatement Scale,,,failed,False,2026-08-21T00:05:26.838977+09:00
Reinstatement Scanner,,,failed,False,2026-08-27T23:52:45.278124+09:00
Reinstatement Scope,,,failed,False,2026-08-21T00:11:01.156571+09:00
Reinstatement Score,,,failed,False,2026-08-21T00:08:32.112101+09:00
Reinstatement Sheet,,,failed,False,2026-08-21T00:08:22.856324+09:00
Reinstatement Shelf,,,failed,False,2026-08-21T00:07:19.615144+09:00
Reinstatement Shortfall,,,failed,False,2026-08-27T21:49:29.301041+09:00
Reinstatement Signal,,,failed,False,2026-08-21T00:10:55.494824+09:00
Reinstatement Signature,,,failed,False,2026-08-23T13:26:57.143655+09:00
Reinstatement Slip,,,failed,False,2026-08-21T00:10:06.230079+09:00
Reinstatement Slot,,,failed,False,2026-08-21T00:10:10.668873+09:00
Reinstatement Stage,,,failed,False,2026-08-28T00:47:00.263771+09:00
Reinstatement Stake,,,failed,False,2026-08-23T02:57:30.156609+09:00
Reinstatement Stamp,,,failed,False,2026-08-23T13:27:00.453108+09:00
Reinstatement Statement,,,failed,False,2026-08-21T00:27:39.908231+09:00
Reinstatement Station,,,failed,False,2026-08-21T00:11:53.848385+09:00
Reinstatement Status,50.0,1.0,success,False,2026-08-21T00:08:45.670716+09:00
Reinstatement Stub,,,failed,False,2026-08-21T00:27:32.429911+09:00
Reinstatement Studio,,,failed,False,2026-08-21T00:11:47.014910+09:00
Reinstatement Sum,,,failed,False,2026-08-21T02:25:39.755040+09:00
Reinstatement Summary,,,failed,False,2026-08-21T00:09:19.692750+09:00
Reinstatement Tab,,,failed,False,2026-08-21T00:28:23.086581+09:00
Reinstatement Table,,,failed,False,2026-08-21T00:10:01.982446+09:00
Reinstatement Tag,,,failed,False,2026-08-21T00:08:39.923175+09:00
Reinstatement Tally,,,failed,False,2026-08-21T00:27:45.495734+09:00
Reinstatement Tariff,,,failed,False,2026-08-21T02:42:44.475010+09:00
Reinstatement Tax,,,failed,False,2026-08-21T02:08:56.102085+09:00
Reinstatement Terminal,,,failed,False,2026-08-21T00:11:58.658369+09:00
Reinstatement Ticker,,,failed,False,2026-08-21T00:07:51.744677+09:00
Reinstatement Ticket,,,failed,False,2026-08-21T00:09:33.821521+09:00
Reinstatement Timeline,,,failed,False,2026-08-21T00:09:23.484193+09:00
Reinstatement Timer,,,failed,False,2026-08-28T00:23:08.180984+09:00
Reinstatement Toll,,,failed,False,2026-08-21T02:42:39.559962+09:00
Reinstatement Toolbox,,,failed,False,2026-08-28T00:23:14.492376+09:00
Reinstatement Total,,,failed,False,2026-08-27T23:10:05.739440+09:00
Reinstatement Tower,,,failed,False,2026-08-21T00:07:16.411531+09:00
Reinstatement Tracker,,,failed,False,2026-08-21T00:10:12.835483+09:00
Reinstatement Trail,,,failed,False,2026-08-21T00:05:36.511484+09:00
Reinstatement Trend,,,failed,False,2026-08-28T01:04:37.386068+09:00
Reinstatement Trial,,,failed,False,2026-08-27T21:18:05.577940+09:00
Reinstatement Unit,,,failed,False,2026-08-21T01:51:06.981175+09:00
Reinstatement Update,,,failed,False,2026-08-21T00:09:06.463923+09:00
Reinstatement Value,590.0,10.0,success,False,2026-08-23T02:57:27.142882+09:00
Reinstatement Vault,,,failed,False,2026-08-21T00:10:34.597077+09:00
Reinstatement Version,,,failed,False,2026-08-23T03:23:40.065475+09:00
Reinstatement View,,,failed,False,2026-08-21T00:08:47.899784+09:00
Reinstatement Voucher,,,failed,False,2026-08-21T00:27:15.534212+09:00
Reinstatement Watch,,,failed,False,2026-08-21T00:10:58.171885+09:00
Reinstatement Wave,,,failed,False,2026-08-21T00:11:09.626115+09:00
Reinstatement Widget,,,failed,False,2026-08-27T23:10:05.739440+09:00
Reinstatement Window,,,failed,False,2026-08-21T00:07:59.311862+09:00
Reinstatement Worksheet,,,failed,False,2026-08-27T22:13:53.849783+09:00
Reinstatement Yard,,,failed,False,2026-08-21T00:07:02.641295+09:00
Reinstatement Zone,,,failed,False,2026-08-19T22:41:50.846543+09:00
Reinsurance Advance,,,failed,False,2026-08-23T16:15:12.953510+09:00
Reinsurance Advisory,,,failed,False,2026-08-21T01:03:02.120644+09:00
Reinsurance Alert,,,failed,False,2026-08-19T21:56:14.793890+09:00
Reinsurance Allowance,10.0,0.0,success,False,2026-08-21T02:44:54.822530+09:00
Reinsurance Analyzer,,,failed,False,2026-08-27T23:51:48.203996+09:00
Reinsurance Announcement,,,failed,False,2026-08-27T23:31:33.268301+09:00
Reinsurance Arrears,,,failed,False,2026-08-23T16:15:12.953510+09:00
Reinsurance Asset,40.0,0.0,success,False,2026-08-23T13:46:59.316345+09:00
Reinsurance Assistant,10.0,2.0,success,False,2026-08-19T21:50:57.841127+09:00
Reinsurance Atlas,,,failed,False,2026-08-19T21:50:13.072831+09:00
Reinsurance Attribute,,,failed,False,2026-08-23T13:06:00.621707+09:00
Reinsurance Badge,,,failed,False,2026-08-21T00:26:55.838634+09:00
Reinsurance Balance,,,failed,False,2026-08-23T13:46:55.595088+09:00
Reinsurance Base,,,failed,False,2026-08-19T22:07:32.899948+09:00
Reinsurance Bill,,,failed,False,2026-08-19T22:02:12.630536+09:00
Reinsurance Bin,,,failed,False,2026-08-19T21:56:40.008866+09:00
Reinsurance Board,,,failed,False,2026-08-19T21:46:13.716197+09:00
Reinsurance Book,90.0,81.0,success,False,2026-08-19T22:03:03.584652+09:00
Reinsurance Bridge,,,failed,False,2026-08-19T22:05:40.444282+09:00
Reinsurance Brief,,,failed,False,2026-08-21T01:02:09.128989+09:00
Reinsurance Bulletin,,,failed,False,2026-08-21T01:02:57.004719+09:00
Reinsurance Calculator,,,failed,False,2026-08-27T23:31:37.799226+09:00
Reinsurance Calendar,,,failed,False,2026-08-19T21:52:53.016557+09:00
Reinsurance Card,,,failed,False,2026-08-19T21:58:24.385772+09:00
Reinsurance Cascade,,,failed,False,2026-08-19T22:05:28.406409+09:00
Reinsurance Cash,,,failed,False,2026-08-21T02:28:46.160203+09:00
Reinsurance Category,,,failed,False,2026-08-23T13:05:58.112221+09:00
Reinsurance Center,,,failed,False,2026-08-19T21:47:26.468483+09:00
Reinsurance Chain,,,failed,False,2026-08-19T21:49:23.695269+09:00
Reinsurance Charge,,,failed,False,2026-08-21T02:44:40.179717+09:00
Reinsurance Chart,,,failed,False,2026-08-19T21:56:27.780319+09:00
Reinsurance Check,,,failed,False,2026-08-19T21:58:41.732793+09:00
Reinsurance Checker,,,failed,False,2026-08-27T23:51:38.023281+09:00
Reinsurance Circular,,,failed,False,2026-08-21T01:03:02.120644+09:00
Reinsurance Code,,,failed,False,2026-08-19T22:02:34.302682+09:00
Reinsurance Comparison,,,failed,False,2026-08-28T01:03:27.794966+09:00
Reinsurance Confirmation,,,failed,False,2026-08-21T01:03:10.607434+09:00
Reinsurance Console,,,failed,False,2026-08-19T21:48:07.459723+09:00
Reinsurance Contribution,10.0,0.0,success,False,2026-08-23T16:15:09.158473+09:00
Reinsurance Converter,,,failed,False,2026-08-27T23:31:41.970749+09:00
Reinsurance Core,,,failed,False,2026-08-19T22:07:56.620143+09:00
Reinsurance Cost,50.0,0.0,success,False,2026-08-21T02:11:57.284997+09:00
Reinsurance Count,,,failed,False,2026-08-27T22:51:22.989955+09:00
Reinsurance Counter,,,failed,False,2026-08-19T21:53:54.593034+09:00
Reinsurance Deal,,,failed,False,2026-08-21T01:55:39.411266+09:00
Reinsurance Debt,,,failed,False,2026-08-21T02:28:40.448172+09:00
Reinsurance Desk,,,failed,False,2026-08-19T22:04:13.367774+09:00
Reinsurance Detail,,,failed,False,2026-08-23T03:15:44.979812+09:00
Reinsurance Detector,,,failed,False,2026-08-27T23:51:43.048579+09:00
Reinsurance Diagram,40.0,0.0,success,False,2026-08-27T22:13:56.258937+09:00
Reinsurance Directory,10.0,0.0,success,False,2026-08-19T21:53:02.852702+09:00
Reinsurance Discount,,,failed,False,2026-08-23T16:15:01.314751+09:00
Reinsurance Dossier,,,failed,False,2026-08-21T01:03:15.171952+09:00
Reinsurance Downpayment,,,failed,False,2026-08-27T21:49:29.301041+09:00
Reinsurance Draft,,,failed,False,2026-08-19T22:00:52.695969+09:00
Reinsurance Due,,,failed,False,2026-08-23T15:51:55.644106+09:00
Reinsurance Duty,,,failed,False,2026-08-21T02:44:44.036553+09:00
Reinsurance Endowment,,,failed,False,2026-08-23T15:51:59.728812+09:00
Reinsurance Engine,,,failed,False,2026-08-19T21:50:46.269760+09:00
Reinsurance Entry,,,failed,False,2026-08-21T01:03:27.651766+09:00
Reinsurance Estimate,,,failed,False,2026-08-19T22:01:51.400634+09:00
Reinsurance Estimator,,,failed,False,2026-08-27T23:51:35.408395+09:00
Reinsurance Excerpt,,,failed,False,2026-08-21T01:03:23.160959+09:00
Reinsurance Extension,,,failed,False,2026-08-23T16:39:33.315090+09:00
Reinsurance Fare,,,failed,False,2026-08-21T02:12:06.796728+09:00
Reinsurance Fee,20.0,0.0,success,False,2026-08-21T01:55:33.628108+09:00
Reinsurance Feed,,,failed,False,2026-08-19T22:00:43.745625+09:00
Reinsurance Field,,,failed,False,2026-08-23T13:06:05.538611+09:00
Reinsurance File,,,failed,False,2026-08-19T21:59:58.757000+09:00
Reinsurance Finder,,,failed,False,2026-08-19T21:53:29.207509+09:00
Reinsurance Fine,,,failed,False,2026-08-23T02:52:23.717366+09:00
Reinsurance Flag,,,failed,False,2026-08-21T00:27:53.671746+09:00
Reinsurance Flow,,,failed,False,2026-08-19T22:03:49.697196+09:00
Reinsurance Form,,,failed,False,2026-08-19T21:58:14.220154+09:00
Reinsurance Format,,,failed,False,2026-08-23T13:06:07.907385+09:00
Reinsurance Frame,,,failed,False,2026-08-19T22:07:23.452103+09:00
Reinsurance Fund,70.0,15.0,success,False,2026-08-21T02:28:40.448172+09:00
Reinsurance Gate,,,failed,False,2026-08-19T21:49:45.321625+09:00
Reinsurance Generator,,,failed,False,2026-08-27T23:31:46.551451+09:00
Reinsurance Grade,,,failed,False,2026-08-21T00:27:30.325740+09:00
Reinsurance Graph,,,failed,False,2026-08-27T22:13:43.125947+09:00
Reinsurance Grid,,,failed,False,2026-08-19T22:06:28.711407+09:00
Reinsurance Guarantee,,,failed,False,2026-08-28T01:03:33.167279+09:00
Reinsurance Guardian,,,failed,False,2026-08-28T00:22:11.514597+09:00
Reinsurance Helpdesk,,,failed,False,2026-08-27T22:51:25.477545+09:00
Reinsurance Helper,,,failed,False,2026-08-28T00:22:15.974518+09:00
Reinsurance History,30.0,2.0,success,False,2026-08-19T21:59:50.117537+09:00
Reinsurance Hub,10.0,0.0,success,False,2026-08-19T22:03:59.574342+09:00
Reinsurance Identifier,,,failed,False,2026-08-23T13:05:55.726817+09:00
Reinsurance Inbox,,,failed,False,2026-08-19T21:56:05.092972+09:00
Reinsurance Index,10.0,3.0,success,False,2026-08-19T22:01:31.900197+09:00
Reinsurance Installment,,,failed,False,2026-08-23T16:15:06.058154+09:00
Reinsurance Interest,,,failed,False,2026-08-23T13:46:55.595088+09:00
Reinsurance Item,,,failed,False,2026-08-21T01:55:42.683026+09:00
Reinsurance Journal,10.0,0.0,success,False,2026-08-19T21:52:28.912563+09:00
Reinsurance Keeper,,,failed,False,2026-08-19T21:50:23.410812+09:00
Reinsurance Ledger,,,failed,False,2026-08-19T21:46:01.527373+09:00
Reinsurance Level,,,failed,False,2026-08-19T22:00:12.371601+09:00
Reinsurance Levy,,,failed,False,2026-08-23T13:46:59.316345+09:00
Reinsurance Line,,,failed,False,2026-08-19T21:57:22.115019+09:00
Reinsurance Link,,,failed,False,2026-08-23T03:15:38.644159+09:00
Reinsurance List,,,failed,False,2026-08-19T22:02:44.580219+09:00
Reinsurance Loan,,,failed,False,2026-08-21T02:12:15.174959+09:00
Reinsurance Locator,,,failed,False,2026-08-19T21:53:16.228732+09:00
Reinsurance Log,,,failed,False,2026-08-19T21:58:05.672882+09:00
Reinsurance Manager,50.0,6.0,success,False,2026-08-19T21:50:35.139639+09:00
Reinsurance Manual,10.0,23.0,success,False,2026-08-27T22:13:53.849783+09:00
Reinsurance Map,,,failed,False,2026-08-19T22:07:15.173390+09:00
Reinsurance Marker,,,failed,False,2026-08-23T13:27:13.232233+09:00
Reinsurance Markup,,,failed,False,2026-08-23T16:39:30.994856+09:00
Reinsurance Memo,,,failed,False,2026-08-21T00:27:37.591897+09:00
Reinsurance Monitor,,,failed,False,2026-08-19T21:51:25.452105+09:00
Reinsurance Nexus,,,failed,False,2026-08-19T21:49:58.938963+09:00
Reinsurance Note,,,failed,False,2026-08-19T21:58:59.534733+09:00
Reinsurance Notification,,,failed,False,2026-08-27T22:51:07.925641+09:00
Reinsurance Number,,,failed,False,2026-08-23T03:15:28.674871+09:00
Reinsurance Office,,,failed,False,2026-08-19T21:53:40.177257+09:00
Reinsurance Ops,,,failed,False,2026-08-19T21:52:04.287712+09:00
Reinsurance Order,,,failed,False,2026-08-19T22:02:02.684993+09:00
Reinsurance Outpost,,,failed,False,2026-08-19T21:55:06.588963+09:00
Reinsurance Overage,,,failed,False,2026-08-27T21:49:27.090308+09:00
Reinsurance Overdraft,,,failed,False,2026-08-23T15:51:55.644106+09:00
Reinsurance Overdue,,,failed,False,2026-08-27T21:49:22.679951+09:00
Reinsurance Panel,10.0,0.0,success,False,2026-08-19T21:48:19.671606+09:00
Reinsurance Passport,,,failed,False,2026-08-19T21:56:53.361235+09:00
Reinsurance Path,,,failed,False,2026-08-19T22:06:50.618817+09:00
Reinsurance Payoff,,,failed,False,2026-08-27T21:49:24.879038+09:00
Reinsurance Penalty,,,failed,False,2026-08-23T16:39:28.081272+09:00
Reinsurance Petition,,,failed,False,2026-08-21T01:02:18.161248+09:00
Reinsurance Plan,10.0,0.0,success,False,2026-08-21T01:55:46.721069+09:00
Reinsurance Planner,,,failed,False,2026-08-19T21:51:07.578329+09:00
Reinsurance Playbook,,,failed,False,2026-08-19T21:52:13.387437+09:00
Reinsurance Point,,,failed,False,2026-08-19T22:06:59.596356+09:00
Reinsurance Portal,,,failed,False,2026-08-19T21:47:52.868004+09:00
Reinsurance Preview,,,failed,False,2026-08-28T01:03:27.794966+09:00
Reinsurance Profile,,,failed,False,2026-08-19T21:59:19.992699+09:00
Reinsurance Profit,,,failed,False,2026-08-23T02:58:45.466254+09:00
Reinsurance Proposal,,,failed,False,2026-08-28T01:03:30.600111+09:00
Reinsurance Quota,,,failed,False,2026-08-21T00:27:45.495734+09:00
Reinsurance Radar,,,failed,False,2026-08-19T22:04:23.242123+09:00
Reinsurance Rail,,,failed,False,2026-08-19T21:49:03.135784+09:00
Reinsurance Rate,10.0,0.0,success,False,2026-08-19T22:00:23.357458+09:00
Reinsurance Recap,,,failed,False,2026-08-21T01:03:18.814008+09:00
Reinsurance Receipt,,,failed,False,2026-08-19T22:02:22.489790+09:00
Reinsurance Recorder,,,failed,False,2026-08-27T23:31:46.551451+09:00
Reinsurance Register,,,failed,False,2026-08-19T21:51:50.352396+09:00
Reinsurance Registry,,,failed,False,2026-08-19T21:52:37.480660+09:00
Reinsurance Relay,,,failed,False,2026-08-19T22:04:30.317454+09:00
Reinsurance Reminder,,,failed,False,2026-08-19T22:01:20.262131+09:00
Reinsurance Report,30.0,7.0,success,False,2026-08-19T21:57:53.749303+09:00
Reinsurance Repository,,,failed,False,2026-08-27T23:16:56.229281+09:00
Reinsurance Result,,,failed,False,2026-08-28T00:46:19.889028+09:00
Reinsurance Roster,,,failed,False,2026-08-19T21:55:51.993679+09:00
Reinsurance Route,,,failed,False,2026-08-19T21:48:50.657736+09:00
Reinsurance Rule,,,failed,False,2026-08-23T03:15:41.007114+09:00
Reinsurance Sale,,,failed,False,2026-08-21T02:28:50.660826+09:00
Reinsurance Scale,,,failed,False,2026-08-19T21:48:34.329578+09:00
Reinsurance Score,,,failed,False,2026-08-19T21:58:51.076600+09:00
Reinsurance Sheet,,,failed,False,2026-08-19T21:58:32.626205+09:00
Reinsurance Shelf,,,failed,False,2026-08-19T21:55:44.120814+09:00
Reinsurance Shortfall,,,failed,False,2026-08-27T21:49:29.301041+09:00
Reinsurance Slip,50.0,0.0,success,False,2026-08-19T22:03:14.947098+09:00
Reinsurance Stage,,,failed,False,2026-08-28T00:46:16.444390+09:00
Reinsurance Stake,,,failed,False,2026-08-23T02:58:53.611200+09:00
Reinsurance Stamp,,,failed,False,2026-08-23T13:27:16.161149+09:00
Reinsurance Statement,,,failed,False,2026-08-21T00:27:15.534212+09:00
Reinsurance Status,,,failed,False,2026-08-19T21:59:30.293970+09:00
Reinsurance Stub,,,failed,False,2026-08-21T00:27:06.966469+09:00
Reinsurance Subsidy,,,failed,False,2026-08-23T15:51:57.634783+09:00
Reinsurance Sum,,,failed,False,2026-08-21T02:28:36.980709+09:00
Reinsurance Summary,,,failed,False,2026-08-19T22:01:01.799694+09:00
Reinsurance Surtax,,,failed,False,2026-08-23T15:52:02.827883+09:00
Reinsurance Tab,,,failed,False,2026-08-21T00:28:00.116915+09:00
Reinsurance Table,,,failed,False,2026-08-19T22:02:52.701278+09:00
Reinsurance Tag,,,failed,False,2026-08-19T21:59:07.775168+09:00
Reinsurance Tally,,,failed,False,2026-08-21T00:27:22.208885+09:00
Reinsurance Tariff,,,failed,False,2026-08-21T02:44:59.003058+09:00
Reinsurance Tax,10.0,0.0,success,False,2026-08-21T02:12:10.627447+09:00
Reinsurance Terminal,,,failed,False,2026-08-19T21:47:13.005766+09:00
Reinsurance Ticker,,,failed,False,2026-08-19T21:57:11.207151+09:00
Reinsurance Ticket,,,failed,False,2026-08-19T22:01:42.804571+09:00
Reinsurance Tier,,,failed,False,2026-08-28T00:46:24.719309+09:00
Reinsurance Timeline,,,failed,False,2026-08-19T22:01:11.142813+09:00
Reinsurance Toll,,,failed,False,2026-08-21T02:44:49.670355+09:00
Reinsurance Toolbox,,,failed,False,2026-08-28T00:22:15.974518+09:00
Reinsurance Total,,,failed,False,2026-08-27T23:16:51.144125+09:00
Reinsurance Tower,90.0,0.0,success,False,2026-08-19T21:55:31.155886+09:00
Reinsurance Tracker,,,failed,False,2026-08-19T22:03:39.900427+09:00
Reinsurance Trail,,,failed,False,2026-08-19T21:49:14.059786+09:00
Reinsurance Trend,,,failed,False,2026-08-28T01:03:25.191639+09:00
Reinsurance Trial,0.0,,success,False,2026-08-27T21:18:13.822548+09:00
Reinsurance Unit,,,failed,False,2026-08-21T01:55:44.868962+09:00
Reinsurance Update,,,failed,False,2026-08-19T22:00:33.480377+09:00
Reinsurance Value,,,failed,False,2026-08-23T02:58:49.315026+09:00
Reinsurance Vault,,,failed,False,2026-08-19T22:04:45.902658+09:00
Reinsurance Version,,,failed,False,2026-08-23T03:15:32.798139+09:00
Reinsurance View,,,failed,False,2026-08-19T21:59:39.418384+09:00
Reinsurance Watch,,,failed,False,2026-08-19T22:05:58.265751+09:00
Reinsurance Wave,,,failed,False,2026-08-19T22:06:41.403506+09:00
Reinsurance Widget,,,failed,False,2026-08-27T23:16:53.480733+09:00
Reinsurance Window,,,failed,False,2026-08-19T21:57:34.491231+09:00
Reinsurance Worksheet,,,failed,False,2026-08-27T22:13:56.258937+09:00
Reinsurance Workshop,,,failed,False,2026-08-28T00:22:09.034750+09:00
Reinsurance Zone,,,failed,False,2026-08-19T21:47:40.553023+09:00
Rekey Advance,,,failed,False,2026-08-23T16:14:33.783950+09:00
Rekey Allowance,,,failed,False,2026-08-21T02:40:21.955150+09:00
Rekey Almanac,,,failed,False,2026-08-18T23:51:58.964532+09:00
Rekey Analyzer,,,failed,False,2026-08-27T23:56:27.794878+09:00
Rekey Anchor,,,failed,False,2026-08-18T22:04:51.222507+09:00
Rekey Assistant,,,failed,False,2026-08-18T22:11:13.751205+09:00
Rekey Atlas,,,failed,False,2026-08-18T22:10:25.741480+09:00
Rekey Attribute,,,failed,False,2026-08-23T13:07:04.865387+09:00
Rekey Badge,,,failed,False,2026-08-21T00:27:55.902205+09:00
Rekey Balance,,,failed,False,2026-08-23T13:47:05.237339+09:00
Rekey Base,,,failed,False,2026-08-18T22:06:59.160335+09:00
Rekey Beacon,,,failed,False,2026-08-18T22:04:08.939820+09:00
Rekey Bill,,,failed,False,2026-08-19T21:49:51.324073+09:00
Rekey Blueprint,,,failed,False,2026-08-18T23:51:58.964532+09:00
Rekey Board,,,failed,False,2026-08-18T22:07:24.351116+09:00
Rekey Book,,,failed,False,2026-08-19T21:50:52.634082+09:00
Rekey Bridge,,,failed,False,2026-08-18T22:04:42.771017+09:00
Rekey Brief,,,failed,False,2026-08-21T01:01:01.220689+09:00
Rekey Bulletin,,,failed,False,2026-08-21T01:00:56.888807+09:00
Rekey Calculator,,,failed,False,2026-08-27T23:34:57.472203+09:00
Rekey Calendar,,,failed,False,2026-08-19T00:02:09.626106+09:00
Rekey Card,,,failed,False,2026-08-19T13:42:14.783829+09:00
Rekey Cascade,,,failed,False,2026-08-18T22:04:32.030179+09:00
Rekey Cash,,,failed,False,2026-08-21T02:25:06.190150+09:00
Rekey Catalog,,,failed,False,2026-08-19T21:07:31.125995+09:00
Rekey Category,,,failed,False,2026-08-23T13:07:04.865387+09:00
Rekey Center,,,failed,False,2026-08-18T22:08:11.096453+09:00
Rekey Chain,,,failed,False,2026-08-18T22:09:47.268840+09:00
Rekey Charge,,,failed,False,2026-08-21T02:40:07.402959+09:00
Rekey Check,,,failed,False,2026-08-19T13:20:50.883072+09:00
Rekey Checker,,,failed,False,2026-08-27T23:56:22.652242+09:00
Rekey Checklist,,,failed,False,2026-08-19T21:06:39.226294+09:00
Rekey Circular,,,failed,False,2026-08-21T01:01:05.241118+09:00
Rekey Cockpit,,,failed,False,2026-08-18T22:12:15.534077+09:00
Rekey Code,,,failed,False,2026-08-19T21:50:15.861548+09:00
Rekey Codex,,,failed,False,2026-08-18T23:51:58.964532+09:00
Rekey Companion,,,failed,False,2026-08-18T23:51:58.964532+09:00
Rekey Comparison,,,failed,False,2026-08-28T01:06:10.302074+09:00
Rekey Compass,,,failed,False,2026-08-18T22:04:00.845205+09:00
Rekey Compendium,,,failed,False,2026-08-18T23:51:58.964532+09:00
Rekey Confirmation,,,failed,False,2026-08-21T01:01:15.556861+09:00
Rekey Console,,,failed,False,2026-08-18T22:08:34.595424+09:00
Rekey Core,,,failed,False,2026-08-18T22:07:07.445674+09:00
Rekey Cost,170.0,29.0,success,False,2026-08-21T02:09:44.145059+09:00
Rekey Count,,,failed,False,2026-08-27T22:48:47.363219+09:00
Rekey Counter,,,failed,False,2026-08-19T00:02:56.248931+09:00
Rekey Dashboard,,,failed,False,2026-08-18T22:12:21.706710+09:00
Rekey Deal,,,failed,False,2026-08-21T01:54:04.879612+09:00
Rekey Debt,,,failed,False,2026-08-21T02:24:56.488655+09:00
Rekey Deck,,,failed,False,2026-08-18T22:07:30.618042+09:00
Rekey Depot,,,failed,False,2026-08-19T00:02:39.195734+09:00
Rekey Desk,,,failed,False,2026-08-18T22:03:05.761687+09:00
Rekey Detail,,,failed,False,2026-08-23T03:19:15.336839+09:00
Rekey Detector,,,failed,False,2026-08-27T23:56:25.215119+09:00
Rekey Dial,,,failed,False,2026-08-18T22:08:50.050771+09:00
Rekey Digest,,,failed,False,2026-08-19T20:38:50.239529+09:00
Rekey Directory,,,failed,False,2026-08-19T00:02:15.189621+09:00
Rekey Discount,,,failed,False,2026-08-23T16:14:18.981651+09:00
Rekey Dock,,,failed,False,2026-08-18T22:09:23.803071+09:00
Rekey Dossier,,,failed,False,2026-08-21T01:01:17.697392+09:00
Rekey Draft,,,failed,False,2026-08-19T20:39:07.135209+09:00
Rekey Due,,,failed,False,2026-08-23T15:51:49.176648+09:00
Rekey Duty,,,failed,False,2026-08-21T02:40:14.671503+09:00
Rekey Engine,,,failed,False,2026-08-18T22:11:05.779319+09:00
Rekey Entry,,,failed,False,2026-08-21T01:01:28.263811+09:00
Rekey Estimate,,,failed,False,2026-08-19T21:07:21.562422+09:00
Rekey Estimator,,,failed,False,2026-08-27T23:56:20.084184+09:00
Rekey Fare,,,failed,False,2026-08-21T02:09:52.288046+09:00
Rekey Fee,30.0,24.0,success,False,2026-08-21T01:53:38.487807+09:00
Rekey Feed,,,failed,False,2026-08-19T20:38:59.819787+09:00
Rekey File,,,failed,False,2026-08-19T20:38:12.818207+09:00
Rekey Finder,,,failed,False,2026-08-19T00:02:30.122335+09:00
Rekey Fine,,,failed,False,2026-08-23T02:54:52.135987+09:00
Rekey Flag,,,failed,False,2026-08-21T00:28:46.684495+09:00
Rekey Flow,,,failed,False,2026-08-18T22:02:35.560643+09:00
Rekey Forge,,,failed,False,2026-08-18T22:04:21.198301+09:00
Rekey Form,,,failed,False,2026-08-19T13:42:06.803998+09:00
Rekey Format,,,failed,False,2026-08-23T13:07:10.531607+09:00
Rekey Frame,,,failed,False,2026-08-18T22:06:49.548592+09:00
Rekey Fund,,,failed,False,2026-08-21T02:25:03.924004+09:00
Rekey Gate,,,failed,False,2026-08-18T22:10:10.353821+09:00
Rekey Grade,,,failed,False,2026-08-21T00:28:26.135871+09:00
Rekey Grid,,,failed,False,2026-08-18T22:05:40.235062+09:00
Rekey Guarantee,,,failed,False,2026-08-28T01:06:21.038746+09:00
Rekey Guard,,,failed,False,2026-08-18T23:51:58.964532+09:00
Rekey Guidebook,,,failed,False,2026-08-18T23:51:58.964532+09:00
Rekey Helpdesk,,,failed,False,2026-08-27T22:48:47.363219+09:00
Rekey Helper,,,failed,False,2026-08-28T00:25:39.840423+09:00
Rekey History,,,failed,False,2026-08-19T20:38:03.591827+09:00
Rekey Hotline,,,failed,False,2026-08-19T21:07:40.402937+09:00
Rekey Hub,,,failed,False,2026-08-18T22:02:46.582498+09:00
Rekey Identifier,,,failed,False,2026-08-23T13:07:02.783000+09:00
Rekey Index,,,failed,False,2026-08-19T21:06:47.923280+09:00
Rekey Insight,,,failed,False,2026-08-18T22:11:59.574853+09:00
Rekey Installment,,,failed,False,2026-08-23T16:14:21.823505+09:00
Rekey Item,,,failed,False,2026-08-21T01:53:49.077325+09:00
Rekey Journal,,,failed,False,2026-08-18T23:51:58.964532+09:00
Rekey Keeper,,,failed,False,2026-08-18T22:10:41.322709+09:00
Rekey Kit,2400.0,100.0,success,False,2026-08-27T22:48:41.593169+09:00
Rekey Lab,,,failed,False,2026-08-18T22:07:47.344279+09:00
Rekey Ledger,,,failed,False,2026-08-18T22:07:14.456265+09:00
Rekey Lens,,,failed,False,2026-08-18T22:06:41.570881+09:00
Rekey Level,,,failed,False,2026-08-19T20:38:22.141016+09:00
Rekey Levy,,,failed,False,2026-08-23T13:47:09.314181+09:00
Rekey Link,,,failed,False,2026-08-23T03:19:08.908804+09:00
Rekey List,,,failed,False,2026-08-19T21:50:30.697464+09:00
Rekey Loan,,,failed,False,2026-08-21T02:10:00.502849+09:00
Rekey Locator,,,failed,False,2026-08-19T00:02:24.547164+09:00
Rekey Lock,8100.0,38.0,success,False,2026-08-18T22:06:23.871734+09:00
Rekey Log,,,failed,False,2026-08-19T13:41:55.083304+09:00
Rekey Loop,,,failed,False,2026-08-18T22:05:30.177500+09:00
Rekey Manager,,,failed,False,2026-08-18T22:10:51.704890+09:00
Rekey Map,,,failed,False,2026-08-18T22:06:31.917725+09:00
Rekey Markup,,,failed,False,2026-08-23T16:38:53.252652+09:00
Rekey Memo,,,failed,False,2026-08-21T00:28:32.365756+09:00
Rekey Message,,,failed,False,2026-08-27T23:13:56.060397+09:00
Rekey Meter,,,failed,False,2026-08-18T22:08:59.053528+09:00
Rekey Metrics,,,failed,False,2026-08-18T22:12:06.505434+09:00
Rekey Monitor,,,failed,False,2026-08-18T22:11:47.554399+09:00
Rekey Navigator,,,failed,False,2026-08-18T23:51:58.964532+09:00
Rekey Nexus,,,failed,False,2026-08-18T22:10:18.505365+09:00
Rekey Node,,,failed,False,2026-08-18T22:10:04.357387+09:00
Rekey Note,,,failed,False,2026-08-19T13:21:40.944519+09:00
Rekey Notification,,,failed,False,2026-08-27T22:48:41.593169+09:00
Rekey Number,,,failed,False,2026-08-23T03:19:01.069685+09:00
Rekey Office,,,failed,False,2026-08-19T00:02:48.631996+09:00
Rekey Ops,,,failed,False,2026-08-18T23:52:01.004063+09:00
Rekey Order,,,failed,False,2026-08-19T21:49:39.376770+09:00
Rekey Organizer,,,failed,False,2026-08-18T22:11:41.345427+09:00
Rekey Panel,,,failed,False,2026-08-18T22:08:43.049836+09:00
Rekey Pass,,,failed,False,2026-08-21T00:27:39.908231+09:00
Rekey Path,,,failed,False,2026-08-18T22:06:05.649081+09:00
Rekey Penalty,,,failed,False,2026-08-23T16:38:53.252652+09:00
Rekey Petition,,,failed,False,2026-08-21T01:01:11.672775+09:00
Rekey Pilot,,,failed,False,2026-08-18T22:02:54.576094+09:00
Rekey Plan,,,failed,False,2026-08-21T01:54:02.992561+09:00
Rekey Planner,,,failed,False,2026-08-18T22:11:24.179554+09:00
Rekey Playbook,,,failed,False,2026-08-18T23:52:01.004063+09:00
Rekey Point,,,failed,False,2026-08-18T22:06:14.738388+09:00
Rekey Portal,,,failed,False,2026-08-18T22:08:25.868252+09:00
Rekey Preview,,,failed,False,2026-08-28T01:06:18.481825+09:00
Rekey Profile,,,failed,False,2026-08-19T13:22:09.591180+09:00
Rekey Profit,,,failed,False,2026-08-23T02:54:43.780312+09:00
Rekey Proposal,,,failed,False,2026-08-28T01:06:18.481825+09:00
Rekey Pulse,,,failed,False,2026-08-18T22:05:47.884963+09:00
Rekey Queue,,,failed,False,2026-08-19T21:07:11.433627+09:00
Rekey Quota,,,failed,False,2026-08-21T00:28:42.115555+09:00
Rekey Radar,,,failed,False,2026-08-18T22:03:16.704658+09:00
Rekey Rail,,,failed,False,2026-08-18T22:09:32.067298+09:00
Rekey Rate,,,failed,False,2026-08-19T20:38:30.453873+09:00
Rekey Receipt,,,failed,False,2026-08-19T21:50:02.656663+09:00
Rekey Recorder,,,failed,False,2026-08-27T23:34:59.997959+09:00
Rekey Register,,,failed,False,2026-08-18T23:52:01.004063+09:00
Rekey Registry,,,failed,False,2026-08-18T23:52:01.004063+09:00
Rekey Relay,,,failed,False,2026-08-18T22:03:28.331445+09:00
Rekey Reminder,,,failed,False,2026-08-19T21:06:30.155036+09:00
Rekey Report,,,failed,False,2026-08-19T13:41:43.922175+09:00
Rekey Repository,,,failed,False,2026-08-27T23:14:01.250377+09:00
Rekey Result,,,failed,False,2026-08-28T00:47:53.734178+09:00
Rekey Ring,,,failed,False,2026-08-18T22:09:56.131275+09:00
Rekey Roadmap,,,failed,False,2026-08-18T23:52:01.004063+09:00
Rekey Roster,,,failed,False,2026-08-19T00:38:34.534111+09:00
Rekey Route,,,failed,False,2026-08-18T22:09:15.023895+09:00
Rekey Rule,,,failed,False,2026-08-23T03:19:12.816359+09:00
Rekey Sale,,,failed,False,2026-08-21T02:25:09.393326+09:00
Rekey Scale,,,failed,False,2026-08-18T22:09:07.653451+09:00
Rekey Scanner,,,failed,False,2026-08-27T23:56:25.215119+09:00
Rekey Scheduler,,,failed,False,2026-08-18T22:11:32.522772+09:00
Rekey Schematic,,,failed,False,2026-08-27T22:28:53.992967+09:00
Rekey Scope,,,failed,False,2026-08-18T22:05:21.769406+09:00
Rekey Score,,,failed,False,2026-08-19T13:20:58.742668+09:00
Rekey Sentry,,,failed,False,2026-08-18T22:10:34.249457+09:00
Rekey Serial,,,failed,False,2026-08-23T13:27:43.093757+09:00
Rekey Sheet,,,failed,False,2026-08-19T13:42:30.376897+09:00
Rekey Signal,,,failed,False,2026-08-18T22:05:02.516248+09:00
Rekey Slip,,,failed,False,2026-08-19T21:51:01.436792+09:00
Rekey Slot,,,failed,False,2026-08-19T21:51:23.149370+09:00
Rekey Snapshot,,,failed,False,2026-08-18T23:52:01.004063+09:00
Rekey Stage,,,failed,False,2026-08-28T00:47:53.734178+09:00
Rekey Stake,,,failed,False,2026-08-23T02:54:48.016404+09:00
Rekey Statement,,,failed,False,2026-08-21T00:28:11.670318+09:00
Rekey Station,,,failed,False,2026-08-18T22:07:55.686998+09:00
Rekey Status,,,failed,False,2026-08-19T20:37:49.991412+09:00
Rekey Stub,,,failed,False,2026-08-21T00:28:00.116915+09:00
Rekey Studio,,,failed,False,2026-08-18T22:07:40.431986+09:00
Rekey Suite,,,failed,False,2026-08-18T22:10:59.912583+09:00
Rekey Sum,,,failed,False,2026-08-21T02:24:52.539486+09:00
Rekey Summary,,,failed,False,2026-08-19T21:06:06.633142+09:00
Rekey Sync,,,failed,False,2026-08-18T21:06:03.853095+09:00
Rekey Tab,,,failed,False,2026-08-21T00:28:53.322616+09:00
Rekey Table,,,failed,False,2026-08-19T21:50:41.490993+09:00
Rekey Tag,,,failed,False,2026-08-19T13:21:55.310171+09:00
Rekey Tally,,,failed,False,2026-08-21T00:28:17.964653+09:00
Rekey Tariff,,,failed,False,2026-08-21T02:40:25.117501+09:00
Rekey Tax,,,failed,False,2026-08-21T02:09:56.008511+09:00
Rekey Terminal,,,failed,False,2026-08-18T22:08:04.928972+09:00
Rekey Ticket,,,failed,False,2026-08-19T21:07:00.753456+09:00
Rekey Timeline,,,failed,False,2026-08-19T21:06:16.769807+09:00
Rekey Toll,,,failed,False,2026-08-21T02:40:18.502872+09:00
Rekey Toolbox,,,failed,False,2026-08-28T00:25:34.855882+09:00
Rekey Toolkit,,,failed,False,2026-08-18T23:52:01.004063+09:00
Rekey Total,,,failed,False,2026-08-27T23:13:58.602342+09:00
Rekey Tracker,,,failed,False,2026-08-18T23:52:01.004063+09:00
Rekey Trail,,,failed,False,2026-08-18T22:09:39.839296+09:00
Rekey Trend,,,failed,False,2026-08-28T01:06:07.510525+09:00
Rekey Trial,,,failed,False,2026-08-27T21:16:33.171675+09:00
Rekey Unit,,,failed,False,2026-08-21T01:53:55.864574+09:00
Rekey Update,,,failed,False,2026-08-19T20:38:39.383467+09:00
Rekey Value,,,failed,False,2026-08-23T02:54:45.895962+09:00
Rekey Vault,40.0,0.0,success,False,2026-08-18T22:03:49.519359+09:00
Rekey Version,,,failed,False,2026-08-23T03:19:05.834960+09:00
Rekey View,,,failed,False,2026-08-19T20:37:57.270685+09:00
Rekey Voucher,,,failed,False,2026-08-21T00:27:48.036654+09:00
Rekey Watch,,,failed,False,2026-08-18T22:05:11.798475+09:00
Rekey Wave,,,failed,False,2026-08-18T22:05:55.715721+09:00
Rekey Widget,,,failed,False,2026-08-27T23:13:58.602342+09:00
Rekey Workbench,,,failed,False,2026-08-18T23:52:01.004063+09:00
Rekey Workshop,,,failed,False,2026-08-28T00:25:31.999960+09:00
Rekey Zone,,,failed,False,2026-08-18T22:08:19.564377+09:00
Rekeying Advance,,,failed,False,2026-08-23T16:13:26.521734+09:00
Rekeying Advisory,,,failed,False,2026-08-21T01:02:59.724963+09:00
Rekeying Allowance,,,failed,False,2026-08-21T02:44:07.576254+09:00
Rekeying Almanac,,,failed,False,2026-08-18T22:12:04.159201+09:00
Rekeying Analyzer,,,failed,False,2026-08-27T23:57:50.336082+09:00
Rekeying Anchor,,,failed,False,2026-08-18T23:52:01.004063+09:00
Rekeying Arrears,,,failed,False,2026-08-23T16:13:26.521734+09:00
Rekeying Assistant,,,failed,False,2026-08-18T22:09:13.055997+09:00
Rekeying Atlas,,,failed,False,2026-08-18T22:08:23.655372+09:00
Rekeying Attribute,,,failed,False,2026-08-23T13:04:57.008398+09:00
Rekeying Badge,,,failed,False,2026-08-21T00:27:30.325740+09:00
Rekeying Base,,,failed,False,2026-08-18T22:04:38.583463+09:00
Rekeying Beacon,,,failed,False,2026-08-18T23:52:01.004063+09:00
Rekeying Bill,,,failed,False,2026-08-19T22:04:42.218437+09:00
Rekeying Blueprint,,,failed,False,2026-08-18T22:11:56.316205+09:00
Rekeying Board,,,failed,False,2026-08-18T22:05:10.153828+09:00
Rekeying Book,,,failed,False,2026-08-19T22:05:38.259870+09:00
Rekeying Bridge,,,failed,False,2026-08-18T23:52:01.004063+09:00
Rekeying Brief,,,failed,False,2026-08-21T01:01:56.777468+09:00
Rekeying Bulletin,,,failed,False,2026-08-21T01:01:54.342698+09:00
Rekeying Calendar,,,failed,False,2026-08-18T23:57:02.622913+09:00
Rekeying Card,,,failed,False,2026-08-19T13:42:25.449993+09:00
Rekeying Cascade,,,failed,False,2026-08-18T23:52:01.004063+09:00
Rekeying Cash,,,failed,False,2026-08-21T02:28:18.996082+09:00
Rekeying Catalog,,,failed,False,2026-08-19T21:19:30.531478+09:00
Rekeying Category,,,failed,False,2026-08-23T13:04:54.297618+09:00
Rekeying Center,,,failed,False,2026-08-18T22:06:01.196080+09:00
Rekeying Chain,,,failed,False,2026-08-18T22:07:45.209206+09:00
Rekeying Charge,,,failed,False,2026-08-21T02:43:59.643244+09:00
Rekeying Check,,,failed,False,2026-08-19T13:20:57.045829+09:00
Rekeying Checker,,,failed,False,2026-08-27T23:57:45.055012+09:00
Rekeying Checklist,,,failed,False,2026-08-19T21:18:30.637363+09:00
Rekeying Circular,,,failed,False,2026-08-21T01:02:57.004719+09:00
Rekeying Cockpit,,,failed,False,2026-08-18T22:10:08.621452+09:00
Rekeying Code,,,failed,False,2026-08-19T22:05:04.840486+09:00
Rekeying Codex,,,failed,False,2026-08-18T22:12:19.566532+09:00
Rekeying Companion,,,failed,False,2026-08-18T22:10:32.480742+09:00
Rekeying Comparison,,,failed,False,2026-08-28T01:08:26.427990+09:00
Rekeying Compass,,,failed,False,2026-08-18T23:52:01.004063+09:00
Rekeying Compendium,,,failed,False,2026-08-18T22:12:13.672404+09:00
Rekeying Confirmation,,,failed,False,2026-08-21T01:02:13.283707+09:00
Rekeying Console,,,failed,False,2026-08-18T22:06:29.857370+09:00
Rekeying Core,,,failed,False,2026-08-18T22:04:49.273954+09:00
Rekeying Cost,170.0,29.0,success,False,2026-08-21T02:11:46.716437+09:00
Rekeying Count,,,failed,False,2026-08-27T22:49:08.559687+09:00
Rekeying Counter,,,failed,False,2026-08-18T23:58:04.745440+09:00
Rekeying Dashboard,,,failed,False,2026-08-18T22:10:16.418477+09:00
Rekeying Deal,,,failed,False,2026-08-21T01:55:51.234317+09:00
Rekeying Debt,,,failed,False,2026-08-21T02:28:12.321639+09:00
Rekeying Deck,,,failed,False,2026-08-18T22:05:17.781482+09:00
Rekeying Depot,,,failed,False,2026-08-18T23:57:46.664132+09:00
Rekeying Desk,,,failed,False,2026-08-18T23:52:01.004063+09:00
Rekeying Detail,,,failed,False,2026-08-23T03:24:36.035969+09:00
Rekeying Detector,,,failed,False,2026-08-27T23:57:50.336082+09:00
Rekeying Diagram,,,failed,False,2026-08-27T22:11:01.897181+09:00
Rekeying Dial,,,failed,False,2026-08-18T22:06:47.457116+09:00
Rekeying Digest,,,failed,False,2026-08-19T20:43:13.193243+09:00
Rekeying Directory,,,failed,False,2026-08-18T23:57:15.984121+09:00
Rekeying Discount,,,failed,False,2026-08-23T16:13:20.971458+09:00
Rekeying Dock,,,failed,False,2026-08-18T22:07:21.490302+09:00
Rekeying Dossier,,,failed,False,2026-08-21T01:02:18.161248+09:00
Rekeying Downpayment,,,failed,False,2026-08-27T21:47:24.586892+09:00
Rekeying Draft,,,failed,False,2026-08-19T20:43:26.923996+09:00
Rekeying Due,,,failed,False,2026-08-23T15:51:20.195828+09:00
Rekeying Duty,,,failed,False,2026-08-21T02:44:02.769477+09:00
Rekeying Engine,,,failed,False,2026-08-18T22:09:05.854990+09:00
Rekeying Entry,,,failed,False,2026-08-21T01:03:18.814008+09:00
Rekeying Estimate,,,failed,False,2026-08-19T21:19:19.264899+09:00
Rekeying Estimator,,,failed,False,2026-08-27T23:57:42.673163+09:00
Rekeying Excerpt,,,failed,False,2026-08-21T01:03:12.514083+09:00
Rekeying Extension,,,failed,False,2026-08-23T16:38:36.406605+09:00
Rekeying Fare,,,failed,False,2026-08-21T02:11:55.079933+09:00
Rekeying Fee,30.0,24.0,success,False,2026-08-21T01:55:42.683026+09:00
Rekeying Feed,,,failed,False,2026-08-19T20:43:19.095275+09:00
Rekeying Field,,,failed,False,2026-08-23T13:05:00.300804+09:00
Rekeying File,,,failed,False,2026-08-19T20:42:37.692999+09:00
Rekeying Finder,,,failed,False,2026-08-18T23:57:37.423450+09:00
Rekeying Fine,,,failed,False,2026-08-23T02:58:14.811642+09:00
Rekeying Flag,,,failed,False,2026-08-21T00:28:20.735517+09:00
Rekeying Flow,,,failed,False,2026-08-18T23:52:01.004063+09:00
Rekeying Forge,,,failed,False,2026-08-18T23:52:01.004063+09:00
Rekeying Form,,,failed,False,2026-08-19T13:42:11.114118+09:00
Rekeying Format,,,failed,False,2026-08-23T13:05:04.506045+09:00
Rekeying Frame,,,failed,False,2026-08-18T22:04:29.881802+09:00
Rekeying Fund,,,failed,False,2026-08-21T02:28:15.974883+09:00
Rekeying Gate,,,failed,False,2026-08-18T22:08:09.141836+09:00
Rekeying Grade,,,failed,False,2026-08-21T00:27:57.987466+09:00
Rekeying Graph,,,failed,False,2026-08-27T22:10:53.228398+09:00
Rekeying Grid,,,failed,False,2026-08-18T22:02:52.692456+09:00
Rekeying Guarantee,,,failed,False,2026-08-28T01:08:29.646959+09:00
Rekeying Guard,,,failed,False,2026-08-18T23:52:01.004063+09:00
Rekeying Guardian,,,failed,False,2026-08-28T00:26:47.602211+09:00
Rekeying Guidebook,,,failed,False,2026-08-18T22:11:39.333366+09:00
Rekeying Helpdesk,,,failed,False,2026-08-27T22:49:08.559687+09:00
Rekeying Helper,,,failed,False,2026-08-28T00:26:50.285916+09:00
Rekeying History,,,failed,False,2026-08-19T20:42:32.517249+09:00
Rekeying Hotline,,,failed,False,2026-08-19T21:19:43.238592+09:00
Rekeying Hub,,,failed,False,2026-08-18T23:52:01.004063+09:00
Rekeying Identifier,,,failed,False,2026-08-23T13:04:48.308189+09:00
Rekeying Index,,,failed,False,2026-08-19T21:18:40.810817+09:00
Rekeying Insight,,,failed,False,2026-08-18T22:09:54.168922+09:00
Rekeying Installment,,,failed,False,2026-08-23T16:13:20.971458+09:00
Rekeying Item,,,failed,False,2026-08-21T01:55:44.868962+09:00
Rekeying Journal,,,failed,False,2026-08-18T22:11:21.547380+09:00
Rekeying Keeper,,,failed,False,2026-08-18T22:08:40.228889+09:00
Rekeying Kit,2400.0,100.0,success,False,2026-08-27T22:49:02.475082+09:00
Rekeying Lab,,,failed,False,2026-08-18T22:05:35.647018+09:00
Rekeying Label,,,failed,False,2026-08-27T22:10:53.228398+09:00
Rekeying Ledger,,,failed,False,2026-08-18T22:04:58.367673+09:00
Rekeying Lens,,,failed,False,2026-08-18T22:04:18.397619+09:00
Rekeying Level,,,failed,False,2026-08-19T20:42:46.732728+09:00
Rekeying Levy,,,failed,False,2026-08-23T13:46:16.255562+09:00
Rekeying Link,,,failed,False,2026-08-23T03:24:30.095281+09:00
Rekeying List,,,failed,False,2026-08-19T22:05:19.679261+09:00
Rekeying Loan,,,failed,False,2026-08-21T02:12:01.712721+09:00
Rekeying Locator,,,failed,False,2026-08-18T23:57:26.188855+09:00
Rekeying Lock,8100.0,38.0,success,False,2026-08-18T22:03:55.697842+09:00
Rekeying Log,,,failed,False,2026-08-19T13:42:03.157163+09:00
Rekeying Loop,,,failed,False,2026-08-18T22:02:42.227147+09:00
Rekeying Manager,,,failed,False,2026-08-18T22:08:48.035720+09:00
Rekeying Manual,10.0,,success,False,2026-08-27T22:10:56.558080+09:00
Rekeying Map,,,failed,False,2026-08-18T22:04:07.158721+09:00
Rekeying Margin,,,failed,False,2026-08-23T02:58:11.410981+09:00
Rekeying Marker,,,failed,False,2026-08-23T13:26:52.809343+09:00
Rekeying Markup,,,failed,False,2026-08-23T16:38:31.502720+09:00
Rekeying Memo,,,failed,False,2026-08-21T00:28:09.542795+09:00
Rekeying Message,,,failed,False,2026-08-27T23:14:41.720422+09:00
Rekeying Meter,,,failed,False,2026-08-18T22:06:56.515623+09:00
Rekeying Metrics,,,failed,False,2026-08-18T22:10:02.231985+09:00
Rekeying Monitor,,,failed,False,2026-08-18T22:09:44.783040+09:00
Rekeying Navigator,,,failed,False,2026-08-18T22:10:22.903886+09:00
Rekeying Nexus,,,failed,False,2026-08-18T22:08:17.707470+09:00
Rekeying Node,,,failed,False,2026-08-18T22:08:00.506560+09:00
Rekeying Note,,,failed,False,2026-08-19T13:21:49.505722+09:00
Rekeying Notification,,,failed,False,2026-08-27T22:49:02.475082+09:00
Rekeying Number,,,failed,False,2026-08-23T03:24:21.370472+09:00
Rekeying Office,,,failed,False,2026-08-18T23:57:56.092399+09:00
Rekeying Ops,,,failed,False,2026-08-18T22:10:48.955418+09:00
Rekeying Order,,,failed,False,2026-08-19T22:04:30.317454+09:00
Rekeying Organizer,,,failed,False,2026-08-18T22:09:37.820706+09:00
Rekeying Overage,,,failed,False,2026-08-27T21:47:19.918276+09:00
Rekeying Overdue,,,failed,False,2026-08-27T21:47:17.528863+09:00
Rekeying Panel,,,failed,False,2026-08-18T22:06:39.446315+09:00
Rekeying Pass,,,failed,False,2026-08-21T00:27:12.597515+09:00
Rekeying Path,,,failed,False,2026-08-18T22:03:23.896977+09:00
Rekeying Payoff,,,failed,False,2026-08-27T21:47:19.918276+09:00
Rekeying Penalty,,,failed,False,2026-08-23T16:38:29.056767+09:00
Rekeying Petition,,,failed,False,2026-08-21T01:02:11.159896+09:00
Rekeying Pilot,,,failed,False,2026-08-18T23:52:01.004063+09:00
Rekeying Plan,,,failed,False,2026-08-21T01:55:39.411266+09:00
Rekeying Planner,,,failed,False,2026-08-18T22:09:21.781956+09:00
Rekeying Playbook,,,failed,False,2026-08-18T22:11:11.945944+09:00
Rekeying Point,,,failed,False,2026-08-18T22:03:46.428497+09:00
Rekeying Portal,,,failed,False,2026-08-18T22:06:20.125556+09:00
Rekeying Profile,,,failed,False,2026-08-19T13:22:52.997590+09:00
Rekeying Profit,,,failed,False,2026-08-23T02:58:03.774409+09:00
Rekeying Proposal,,,failed,False,2026-08-28T01:08:29.646959+09:00
Rekeying Pulse,,,failed,False,2026-08-18T22:03:03.090691+09:00
Rekeying Queue,,,failed,False,2026-08-19T21:19:08.211207+09:00
Rekeying Quota,,,failed,False,2026-08-21T00:28:15.750952+09:00
Rekeying Radar,,,failed,False,2026-08-18T23:52:03.121667+09:00
Rekeying Rail,,,failed,False,2026-08-18T22:07:28.261653+09:00
Rekeying Rate,,,failed,False,2026-08-19T20:42:55.526386+09:00
Rekeying Recap,,,failed,False,2026-08-21T01:03:06.374945+09:00
Rekeying Receipt,,,failed,False,2026-08-19T22:04:53.715623+09:00
Rekeying Register,,,failed,False,2026-08-18T22:10:41.322709+09:00
Rekeying Registry,,,failed,False,2026-08-18T22:11:45.045166+09:00
Rekeying Relay,,,failed,False,2026-08-18T23:52:03.121667+09:00
Rekeying Reminder,,,failed,False,2026-08-19T21:18:19.882315+09:00
Rekeying Report,,,failed,False,2026-08-19T13:41:50.563536+09:00
Rekeying Repository,,,failed,False,2026-08-27T23:14:46.468120+09:00
Rekeying Ring,,,failed,False,2026-08-18T22:07:53.653114+09:00
Rekeying Roadmap,,,failed,False,2026-08-18T23:52:03.121667+09:00
Rekeying Roster,,,failed,False,2026-08-19T00:38:56.335177+09:00
Rekeying Route,,,failed,False,2026-08-18T22:07:12.146632+09:00
Rekeying Rule,,,failed,False,2026-08-23T03:24:33.433692+09:00
Rekeying Sale,,,failed,False,2026-08-21T02:28:22.675348+09:00
Rekeying Sample,,,failed,False,2026-08-19T22:05:54.572880+09:00
Rekeying Scale,,,failed,False,2026-08-18T22:07:03.148226+09:00
Rekeying Scanner,,,failed,False,2026-08-27T23:57:47.525165+09:00
Rekeying Scheduler,,,failed,False,2026-08-18T22:09:30.106481+09:00
Rekeying Scope,,,failed,False,2026-08-18T22:02:30.753417+09:00
Rekeying Score,,,failed,False,2026-08-19T13:21:15.307510+09:00
Rekeying Sentry,,,failed,False,2026-08-18T22:08:32.701996+09:00
Rekeying Sheet,,,failed,False,2026-08-19T13:42:33.755752+09:00
Rekeying Shortfall,,,failed,False,2026-08-27T21:47:27.442070+09:00
Rekeying Signal,,,failed,False,2026-08-18T23:52:03.121667+09:00
Rekeying Signature,,,failed,False,2026-08-23T13:26:49.261296+09:00
Rekeying Slip,,,failed,False,2026-08-19T22:05:46.180547+09:00
Rekeying Slot,,,failed,False,2026-08-19T22:06:07.056181+09:00
Rekeying Snapshot,,,failed,False,2026-08-18T22:11:30.674698+09:00
Rekeying Stage,,,failed,False,2026-08-28T00:48:30.764034+09:00
Rekeying Stake,,,failed,False,2026-08-23T02:58:08.701487+09:00
Rekeying Stamp,,,failed,False,2026-08-23T13:26:55.054155+09:00
Rekeying Statement,,,failed,False,2026-08-21T00:27:42.259289+09:00
Rekeying Station,,,failed,False,2026-08-18T22:05:45.987777+09:00
Rekeying Status,,,failed,False,2026-08-19T20:42:19.980728+09:00
Rekeying Stub,,,failed,False,2026-08-21T00:27:37.591897+09:00
Rekeying Studio,,,failed,False,2026-08-18T22:05:27.658262+09:00
Rekeying Suite,,,failed,False,2026-08-18T22:08:57.073323+09:00
Rekeying Sum,,,failed,False,2026-08-21T02:28:08.522679+09:00
Rekeying Summary,,,failed,False,2026-08-19T21:17:59.528469+09:00
Rekeying Sync,,,failed,False,2026-08-18T23:52:03.121667+09:00
Rekeying Tab,,,failed,False,2026-08-21T00:28:30.302130+09:00
Rekeying Table,,,failed,False,2026-08-19T22:05:28.406409+09:00
Rekeying Tag,,,failed,False,2026-08-19T13:22:01.413587+09:00
Rekeying Tally,,,failed,False,2026-08-21T00:27:51.416222+09:00
Rekeying Tariff,,,failed,False,2026-08-21T02:44:11.415890+09:00
Rekeying Tax,,,failed,False,2026-08-21T02:11:57.284997+09:00
Rekeying Terminal,,,failed,False,2026-08-18T22:05:53.928204+09:00
Rekeying Ticket,,,failed,False,2026-08-19T21:18:53.314989+09:00
Rekeying Tier,,,failed,False,2026-08-28T00:48:34.201373+09:00
Rekeying Timeline,,,failed,False,2026-08-19T21:18:08.963564+09:00
Rekeying Timer,,,failed,False,2026-08-28T00:26:44.575613+09:00
Rekeying Token,,,failed,False,2026-08-23T13:26:49.261296+09:00
Rekeying Toll,,,failed,False,2026-08-21T02:44:04.894763+09:00
Rekeying Toolbox,,,failed,False,2026-08-28T00:26:50.285916+09:00
Rekeying Toolkit,,,failed,False,2026-08-18T22:11:05.779319+09:00
Rekeying Total,,,failed,False,2026-08-27T23:14:44.010079+09:00
Rekeying Tracker,,,failed,False,2026-08-18T23:52:03.121667+09:00
Rekeying Trail,,,failed,False,2026-08-18T22:07:38.070107+09:00
Rekeying Trial,,,failed,False,2026-08-27T21:16:16.799513+09:00
Rekeying Unit,,,failed,False,2026-08-21T01:55:46.721069+09:00
Rekeying Update,,,failed,False,2026-08-19T20:43:04.288794+09:00
Rekeying Value,,,failed,False,2026-08-23T02:58:06.031542+09:00
Rekeying Vault,,,failed,False,2026-08-18T23:52:03.121667+09:00
Rekeying Version,,,failed,False,2026-08-23T03:24:25.190204+09:00
Rekeying View,,,failed,False,2026-08-19T20:42:25.910879+09:00
Rekeying Voucher,,,failed,False,2026-08-21T00:27:22.208885+09:00
Rekeying Watch,,,failed,False,2026-08-18T23:52:03.121667+09:00
Rekeying Wave,,,failed,False,2026-08-18T22:03:14.728477+09:00
Rekeying Widget,,,failed,False,2026-08-27T23:14:44.010079+09:00
Rekeying Workbench,,,failed,False,2026-08-18T22:10:58.146959+09:00
Rekeying Worksheet,,,failed,False,2026-08-27T22:10:59.501612+09:00
Rekeying Workshop,,,failed,False,2026-08-28T00:26:47.602211+09:00
Rekeying Zone,,,failed,False,2026-08-18T22:06:09.670880+09:00
Relocation Advance,,,failed,False,2026-08-23T16:11:16.199786+09:00
Relocation Advisory,,,failed,False,2026-08-21T01:08:20.285219+09:00
Relocation Allowance,1300.0,0.0,success,True,2026-08-21T02:38:35.767249+09:00
Relocation Analyzer,,,failed,False,2026-08-27T23:56:50.543102+09:00
Relocation Announcement,30.0,23.0,success,False,2026-08-27T23:34:49.517197+09:00
Relocation Arrears,,,failed,False,2026-08-23T16:11:13.672713+09:00
Relocation Asset,,,failed,False,2026-08-23T13:48:08.634446+09:00
Relocation Assistant,5400.0,31.0,success,False,2026-08-19T00:37:06.709542+09:00
Relocation Atlas,,,failed,False,2026-08-19T00:36:57.137576+09:00
Relocation Attribute,,,failed,False,2026-08-23T13:07:46.002648+09:00
Relocation Badge,,,failed,False,2026-08-21T00:33:20.736767+09:00
Relocation Base,,,failed,False,2026-08-19T00:38:34.534111+09:00
Relocation Beacon,,,failed,False,2026-08-19T00:38:02.838044+09:00
Relocation Bill,110.0,3.0,success,False,2026-08-19T21:49:03.135784+09:00
Relocation Board,,,failed,False,2026-08-19T00:38:40.592975+09:00
Relocation Book,10.0,0.0,success,False,2026-08-19T21:50:00.809390+09:00
Relocation Bridge,,,failed,False,2026-08-19T00:38:10.697868+09:00
Relocation Brief,,,failed,False,2026-08-21T01:08:12.622841+09:00
Relocation Bulletin,,,failed,False,2026-08-21T01:08:07.982267+09:00
Relocation Calculator,210.0,23.0,success,False,2026-08-27T23:34:54.940798+09:00
Relocation Calendar,10.0,0.0,success,False,2026-08-19T00:37:23.570326+09:00
Relocation Card,20.0,1.0,success,False,2026-08-19T13:32:42.417252+09:00
Relocation Cascade,,,failed,False,2026-08-19T00:38:08.562035+09:00
Relocation Cash,,,failed,False,2026-08-21T02:21:14.623269+09:00
Relocation Cashback,,,failed,False,2026-08-27T21:14:19.073158+09:00
Relocation Catalog,,,failed,False,2026-08-19T21:03:47.017770+09:00
Relocation Category,,,failed,False,2026-08-23T13:07:43.906174+09:00
Relocation Center,260.0,2.0,success,False,2026-08-19T00:38:52.130938+09:00
Relocation Chain,,,failed,False,2026-08-19T00:36:46.213084+09:00
Relocation Charge,70.0,14.0,success,False,2026-08-21T02:38:23.344262+09:00
Relocation Check,,,failed,False,2026-08-19T13:32:58.947587+09:00
Relocation Checker,,,failed,False,2026-08-27T23:56:43.300961+09:00
Relocation Circular,,,failed,False,2026-08-21T01:08:18.401082+09:00
Relocation Code,10.0,0.0,success,False,2026-08-19T21:49:26.172736+09:00
Relocation Companion,,,failed,False,2026-08-19T00:37:13.789014+09:00
Relocation Comparison,10.0,11.0,success,False,2026-08-28T01:08:02.108620+09:00
Relocation Compass,110.0,15.0,success,False,2026-08-19T00:38:01.073734+09:00
Relocation Confirmation,,,failed,False,2026-08-21T01:08:29.808950+09:00
Relocation Console,,,failed,False,2026-08-19T00:39:00.049194+09:00
Relocation Contribution,,,failed,False,2026-08-23T16:11:13.672713+09:00
Relocation Core,,,failed,False,2026-08-19T00:38:36.857956+09:00
Relocation Cost,480.0,28.0,success,False,2026-08-21T02:14:10.459291+09:00
Relocation Count,,,failed,False,2026-08-27T22:47:46.388657+09:00
Relocation Counter,,,failed,False,2026-08-19T00:37:30.886042+09:00
Relocation Coupon,,,failed,False,2026-08-27T21:14:19.073158+09:00
Relocation Deal,320.0,32.0,success,False,2026-08-21T01:57:44.659244+09:00
Relocation Debt,,,failed,False,2026-08-21T02:21:02.332570+09:00
Relocation Deck,,,failed,False,2026-08-19T00:38:43.028128+09:00
Relocation Desk,10.0,57.0,success,False,2026-08-19T00:37:53.742610+09:00
Relocation Detail,,,failed,False,2026-08-23T03:19:21.354912+09:00
Relocation Diagram,,,failed,False,2026-08-27T22:08:46.567667+09:00
Relocation Digest,,,failed,False,2026-08-19T20:49:39.996845+09:00
Relocation Directory,10.0,,success,False,2026-08-19T00:37:25.342982+09:00
Relocation Discount,,,failed,False,2026-08-23T16:11:08.956491+09:00
Relocation Dossier,,,failed,False,2026-08-21T01:08:34.212023+09:00
Relocation Downpayment,,,failed,False,2026-08-27T21:46:28.400647+09:00
Relocation Draft,,,failed,False,2026-08-19T20:37:34.944185+09:00
Relocation Due,,,failed,False,2026-08-23T15:53:03.221395+09:00
Relocation Duty,,,failed,False,2026-08-21T02:38:25.978724+09:00
Relocation Engine,,,failed,False,2026-08-19T00:37:04.451901+09:00
Relocation Entry,10.0,0.0,success,False,2026-08-21T01:08:47.143646+09:00
Relocation Estimate,2900.0,70.0,success,False,2026-08-19T21:03:32.051785+09:00
Relocation Estimator,10.0,,success,False,2026-08-27T23:56:38.183826+09:00
Relocation Excerpt,,,failed,False,2026-08-21T01:08:42.694211+09:00
Relocation Extension,,,failed,False,2026-08-23T16:37:26.596455+09:00
Relocation Fare,,,failed,False,2026-08-21T02:14:16.325639+09:00
Relocation Fee,390.0,3.0,success,False,2026-08-21T01:57:30.255883+09:00
Relocation Feed,,,failed,False,2026-08-19T20:37:25.311012+09:00
Relocation File,,,failed,False,2026-08-19T20:49:19.848949+09:00
Relocation Finder,10.0,7.0,success,False,2026-08-19T00:37:26.885782+09:00
Relocation Fine,,,failed,False,2026-08-23T02:54:28.936816+09:00
Relocation Flag,,,failed,False,2026-08-21T00:34:04.071728+09:00
Relocation Flow,,,failed,False,2026-08-19T00:37:50.207260+09:00
Relocation Forge,,,failed,False,2026-08-19T00:38:05.344215+09:00
Relocation Form,90.0,1.0,success,False,2026-08-19T13:32:37.235735+09:00
Relocation Format,,,failed,False,2026-08-23T13:07:48.964667+09:00
Relocation Frame,,,failed,False,2026-08-19T00:38:34.534111+09:00
Relocation Fund,110.0,9.0,success,False,2026-08-21T02:21:06.391588+09:00
Relocation Gate,,,failed,False,2026-08-19T00:36:50.417664+09:00
Relocation Giveaway,,,failed,False,2026-08-27T21:14:30.241053+09:00
Relocation Grade,,,failed,False,2026-08-21T00:33:46.093002+09:00
Relocation Graph,,,failed,False,2026-08-27T22:08:33.849782+09:00
Relocation Grid,,,failed,False,2026-08-19T00:38:22.287042+09:00
Relocation Guarantee,,,failed,False,2026-08-28T01:08:04.607830+09:00
Relocation Helpdesk,,,failed,False,2026-08-27T22:47:50.980247+09:00
Relocation Helper,210.0,42.0,success,False,2026-08-28T00:26:14.926541+09:00
Relocation History,10.0,0.0,success,False,2026-08-19T20:49:12.755513+09:00
Relocation Hotline,,,failed,False,2026-08-19T21:03:59.838072+09:00
Relocation Hub,20.0,9.0,success,False,2026-08-19T00:37:50.207260+09:00
Relocation Identifier,,,failed,False,2026-08-23T13:07:41.329341+09:00
Relocation Incentive,110.0,8.0,success,False,2026-08-27T21:14:30.241053+09:00
Relocation Index,10.0,1.0,success,False,2026-08-19T21:31:54.531543+09:00
Relocation Installment,,,failed,False,2026-08-23T16:11:11.053977+09:00
Relocation Interest,,,failed,False,2026-08-23T13:48:06.578216+09:00
Relocation Item,,,failed,False,2026-08-21T01:57:38.284860+09:00
Relocation Journal,10.0,,success,False,2026-08-19T00:37:21.857423+09:00
Relocation Keeper,,,failed,False,2026-08-19T00:37:00.689265+09:00
Relocation Kit,260.0,27.0,success,False,2026-08-27T22:47:42.136854+09:00
Relocation Lab,,,failed,False,2026-08-19T00:38:48.376369+09:00
Relocation Label,,,failed,False,2026-08-27T22:08:36.718327+09:00
Relocation Ledger,,,failed,False,2026-08-19T00:38:38.551550+09:00
Relocation Level,,,failed,False,2026-08-19T20:49:23.220357+09:00
Relocation Levy,,,failed,False,2026-08-23T13:48:08.634446+09:00
Relocation Link,10.0,5.0,success,False,2026-08-23T03:19:15.336839+09:00
Relocation List,30.0,9.0,success,False,2026-08-19T21:49:37.354385+09:00
Relocation Loan,590.0,59.0,success,False,2026-08-21T02:14:24.666160+09:00
Relocation Log,,,failed,False,2026-08-19T13:32:23.096151+09:00
Relocation Loop,,,failed,False,2026-08-19T00:38:18.682483+09:00
Relocation Manager,170.0,8.0,success,False,2026-08-19T00:37:02.474717+09:00
Relocation Manual,,,failed,False,2026-08-27T22:08:41.770881+09:00
Relocation Markup,,,failed,False,2026-08-23T16:37:24.399501+09:00
Relocation Memo,10.0,0.0,success,False,2026-08-21T00:33:53.387508+09:00
Relocation Message,20.0,2.0,success,False,2026-08-27T23:13:13.331600+09:00
Relocation Monitor,,,failed,False,2026-08-19T00:37:10.693574+09:00
Relocation Nexus,,,failed,False,2026-08-19T00:36:52.729176+09:00
Relocation Note,,,failed,False,2026-08-19T13:33:22.206561+09:00
Relocation Notification,10.0,0.0,success,False,2026-08-27T22:47:42.136854+09:00
Relocation Number,,,failed,False,2026-08-23T03:19:08.908804+09:00
Relocation Office,2400.0,11.0,success,False,2026-08-19T00:37:28.610789+09:00
Relocation Ops,,,failed,False,2026-08-19T00:37:17.107740+09:00
Relocation Order,140.0,9.0,success,False,2026-08-19T21:48:50.657736+09:00
Relocation Overage,,,failed,False,2026-08-27T21:46:28.400647+09:00
Relocation Overdue,,,failed,False,2026-08-27T21:46:26.203739+09:00
Relocation Pass,,,failed,False,2026-08-21T00:33:10.095062+09:00
Relocation Path,,,failed,False,2026-08-19T00:38:27.005898+09:00
Relocation Penalty,,,failed,False,2026-08-23T16:37:24.399501+09:00
Relocation Petition,110.0,5.0,success,False,2026-08-21T01:08:25.718288+09:00
Relocation Plan,320.0,10.0,success,False,2026-08-21T01:57:45.438381+09:00
Relocation Planner,320.0,10.0,success,False,2026-08-19T00:37:08.393662+09:00
Relocation Playbook,,,failed,False,2026-08-19T00:37:20.289190+09:00
Relocation Point,10.0,0.0,success,False,2026-08-19T00:38:30.061657+09:00
Relocation Portal,20.0,13.0,success,False,2026-08-19T00:38:56.335177+09:00
Relocation Preview,,,failed,False,2026-08-28T01:08:04.607830+09:00
Relocation Profile,,,failed,False,2026-08-19T13:33:46.951331+09:00
Relocation Profit,,,failed,False,2026-08-23T02:54:23.224881+09:00
Relocation Proposal,10.0,4.0,success,False,2026-08-28T01:08:04.607830+09:00
Relocation Quota,,,failed,False,2026-08-21T00:33:58.463562+09:00
Relocation Radar,,,failed,False,2026-08-19T00:37:55.750406+09:00
Relocation Rail,,,failed,False,2026-08-19T00:36:40.628841+09:00
Relocation Rate,10.0,20.0,success,False,2026-08-19T20:49:28.954845+09:00
Relocation Recap,,,failed,False,2026-08-21T01:08:38.226777+09:00
Relocation Receipt,,,failed,False,2026-08-19T21:49:14.059786+09:00
Relocation Recorder,,,failed,False,2026-08-27T23:34:57.472203+09:00
Relocation Register,90.0,0.0,success,False,2026-08-19T00:37:15.495159+09:00
Relocation Relay,,,failed,False,2026-08-19T00:37:55.750406+09:00
Relocation Reminder,,,failed,False,2026-08-19T21:31:43.962049+09:00
Relocation Report,20.0,0.0,success,False,2026-08-19T13:32:18.631834+09:00
Relocation Repository,,,failed,False,2026-08-27T23:13:21.065060+09:00
Relocation Ring,,,failed,False,2026-08-19T00:36:48.669353+09:00
Relocation Roster,,,failed,False,2026-08-19T00:37:46.702224+09:00
Relocation Route,,,failed,False,2026-08-19T00:36:38.202359+09:00
Relocation Rule,,,failed,False,2026-08-23T03:19:19.103854+09:00
Relocation Sale,210.0,14.0,success,False,2026-08-21T02:21:16.859864+09:00
Relocation Sample,,,failed,False,2026-08-19T21:50:23.410812+09:00
Relocation Scale,,,failed,False,2026-08-19T00:36:36.073889+09:00
Relocation Scope,,,failed,False,2026-08-19T00:38:15.765840+09:00
Relocation Score,,,failed,False,2026-08-19T13:33:05.427843+09:00
Relocation Sheet,,,failed,False,2026-08-19T13:32:49.484496+09:00
Relocation Shortfall,,,failed,False,2026-08-27T21:46:28.400647+09:00
Relocation Signal,,,failed,False,2026-08-19T00:38:13.320545+09:00
Relocation Slip,,,failed,False,2026-08-19T21:50:13.072831+09:00
Relocation Slot,,,failed,False,2026-08-19T21:50:35.139639+09:00
Relocation Stage,,,failed,False,2026-08-28T00:48:15.950901+09:00
Relocation Stake,,,failed,False,2026-08-23T02:54:26.725947+09:00
Relocation Statement,,,failed,False,2026-08-21T00:33:34.783519+09:00
Relocation Station,10.0,18.0,success,False,2026-08-19T00:38:48.376369+09:00
Relocation Status,10.0,0.0,success,False,2026-08-19T20:49:01.783681+09:00
Relocation Stipend,390.0,2.0,success,False,2026-08-23T13:48:10.648745+09:00
Relocation Stub,,,failed,False,2026-08-21T00:33:28.430853+09:00
Relocation Studio,,,failed,False,2026-08-19T00:38:45.524694+09:00
Relocation Subsidy,30.0,1.0,success,False,2026-08-23T15:53:03.221395+09:00
Relocation Sum,,,failed,False,2026-08-21T02:21:00.139536+09:00
Relocation Summary,,,failed,False,2026-08-19T21:31:25.099741+09:00
Relocation Tab,,,failed,False,2026-08-21T00:34:09.449100+09:00
Relocation Table,140.0,0.0,success,False,2026-08-19T21:49:47.542279+09:00
Relocation Tag,,,failed,False,2026-08-19T13:33:39.488989+09:00
Relocation Tally,,,failed,False,2026-08-21T00:33:39.786796+09:00
Relocation Tariff,,,failed,False,2026-08-21T02:38:37.938007+09:00
Relocation Tax,70.0,1.0,success,False,2026-08-21T02:14:19.948102+09:00
Relocation Terminal,,,failed,False,2026-08-19T00:38:50.428870+09:00
Relocation Ticket,,,failed,False,2026-08-19T21:32:01.105099+09:00
Relocation Timeline,30.0,2.0,success,False,2026-08-19T21:31:33.933839+09:00
Relocation Toll,,,failed,False,2026-08-21T02:38:33.089549+09:00
Relocation Toolbox,,,failed,False,2026-08-28T00:26:12.300765+09:00
Relocation Total,,,failed,False,2026-08-27T23:13:16.008786+09:00
Relocation Tracker,10.0,2.0,success,False,2026-08-19T00:37:46.702224+09:00
Relocation Trail,,,failed,False,2026-08-19T00:36:42.974778+09:00
Relocation Trend,,,failed,False,2026-08-28T01:08:02.108620+09:00
Relocation Trial,,,failed,False,2026-08-27T21:14:25.842421+09:00
Relocation Unit,10.0,17.0,success,False,2026-08-21T01:57:40.883576+09:00
Relocation Update,,,failed,False,2026-08-19T20:49:35.865635+09:00
Relocation Vault,,,failed,False,2026-08-19T00:37:59.032888+09:00
Relocation Version,,,failed,False,2026-08-23T03:19:12.816359+09:00
Relocation View,10.0,,success,False,2026-08-19T20:49:06.260858+09:00
Relocation Voucher,140.0,1.0,success,False,2026-08-21T00:33:14.863078+09:00
Relocation Wave,,,failed,False,2026-08-19T00:38:24.169663+09:00
Relocation Widget,,,failed,False,2026-08-27T23:13:18.509120+09:00
Relocation Worksheet,10.0,,success,False,2026-08-27T22:08:41.770881+09:00
Relocation Workshop,,,failed,False,2026-08-28T00:26:09.270269+09:00
Relocation Zone,,,failed,False,2026-08-19T00:38:54.065235+09:00
Renewal Advance,,,failed,False,2026-08-23T16:13:45.288195+09:00
Renewal Advisory,,,failed,False,2026-08-21T00:58:32.149871+09:00
Renewal Alert,,,failed,False,2026-08-19T12:25:55.231488+09:00
Renewal Allowance,,,failed,False,2026-08-21T02:37:15.297674+09:00
Renewal Almanac,,,failed,False,2026-08-18T22:11:39.333366+09:00
Renewal Analyzer,,,failed,False,2026-08-27T23:52:08.286767+09:00
Renewal Anchor,,,failed,False,2026-08-17T21:41:44.845375+09:00
Renewal Announcement,,,failed,False,2026-08-27T23:32:16.065535+09:00
Renewal Arrears,,,failed,False,2026-08-23T16:13:42.146359+09:00
Renewal Assistant,10.0,1.0,success,False,2026-08-17T23:10:22.607509+09:00
Renewal Atlas,,,failed,False,2026-08-17T20:47:45.474295+09:00
Renewal Attribute,,,failed,False,2026-08-23T13:06:02.918045+09:00
Renewal Badge,,,failed,False,2026-08-21T00:34:11.970110+09:00
Renewal Balance,140.0,15.0,success,False,2026-08-23T13:46:32.970542+09:00
Renewal Base,,,failed,False,2026-08-17T20:44:09.032273+09:00
Renewal Beacon,,,failed,False,2026-08-17T20:34:01.116253+09:00
Renewal Bill,140.0,0.0,success,False,2026-08-19T21:56:48.069412+09:00
Renewal Blueprint,,,failed,False,2026-08-18T22:11:30.674698+09:00
Renewal Board,,,failed,False,2026-08-17T20:41:33.336783+09:00
Renewal Book,720.0,1.0,success,False,2026-08-19T21:57:41.163401+09:00
Renewal Bridge,,,failed,False,2026-08-18T07:52:30.485728+09:00
Renewal Brief,,,failed,False,2026-08-21T00:58:22.319025+09:00
Renewal Bulletin,,,failed,False,2026-08-21T01:07:33.646226+09:00
Renewal Calculator,140.0,10.0,success,False,2026-08-27T23:32:20.228429+09:00
Renewal Calendar,70.0,0.0,success,False,2026-08-18T23:59:51.056306+09:00
Renewal Card,1000.0,2.0,success,False,2026-08-19T13:39:57.462867+09:00
Renewal Cascade,,,failed,False,2026-08-17T20:31:46.547401+09:00
Renewal Cash,70.0,36.0,success,False,2026-08-21T02:20:53.673511+09:00
Renewal Cashback,,,failed,False,2026-08-27T21:16:10.166929+09:00
Renewal Catalog,,,failed,False,2026-08-19T21:12:37.502456+09:00
Renewal Category,20.0,0.0,success,False,2026-08-23T13:06:00.621707+09:00
Renewal Center,480.0,8.0,success,False,2026-08-17T20:36:17.521162+09:00
Renewal Chain,10.0,0.0,success,False,2026-08-17T21:34:29.947705+09:00
Renewal Charge,210.0,0.0,success,False,2026-08-21T02:37:05.084488+09:00
Renewal Check,70.0,6.0,success,False,2026-08-19T13:40:23.135378+09:00
Renewal Checker,30.0,2.0,success,False,2026-08-27T23:51:57.345982+09:00
Renewal Checklist,40.0,0.0,success,False,2026-08-19T21:11:39.725993+09:00
Renewal Circular,,,failed,False,2026-08-21T00:59:23.990159+09:00
Renewal Cockpit,,,failed,False,2026-08-17T23:27:00.420532+09:00
Renewal Code,170.0,1.0,success,False,2026-08-19T21:57:08.159846+09:00
Renewal Codex,,,failed,False,2026-08-18T22:11:56.316205+09:00
Renewal Companion,,,failed,False,2026-08-17T23:08:23.954708+09:00
Renewal Comparison,,,failed,False,2026-08-28T01:03:21.195109+09:00
Renewal Compass,,,failed,False,2026-08-17T20:34:48.922886+09:00
Renewal Compendium,,,failed,False,2026-08-18T22:11:45.045166+09:00
Renewal Confirmation,40.0,0.0,success,False,2026-08-21T00:58:42.850183+09:00
Renewal Console,,,failed,False,2026-08-17T20:33:30.325030+09:00
Renewal Contribution,10.0,0.0,success,False,2026-08-23T16:13:39.752452+09:00
Renewal Core,,,failed,False,2026-08-17T20:43:15.863986+09:00
Renewal Cost,170.0,0.0,success,False,2026-08-21T02:08:11.666475+09:00
Renewal Count,,,failed,False,2026-08-27T22:44:24.073756+09:00
Renewal Counter,,,failed,False,2026-08-19T00:00:48.226412+09:00
Renewal Coupon,40.0,1.0,success,False,2026-08-27T21:16:07.337495+09:00
Renewal Dashboard,70.0,3.0,success,False,2026-08-17T23:13:36.575210+09:00
Renewal Deal,,,failed,False,2026-08-21T01:51:30.454681+09:00
Renewal Debt,,,failed,False,2026-08-21T02:23:59.841123+09:00
Renewal Deck,,,failed,False,2026-08-17T20:40:48.754907+09:00
Renewal Depot,,,failed,False,2026-08-19T00:00:28.920086+09:00
Renewal Desk,90.0,49.0,success,False,2026-08-17T20:38:36.286112+09:00
Renewal Detail,,,failed,False,2026-08-23T03:16:29.353172+09:00
Renewal Detector,,,failed,False,2026-08-27T23:52:05.723363+09:00
Renewal Diagram,,,failed,False,2026-08-27T22:10:56.558080+09:00
Renewal Dial,,,failed,False,2026-08-18T07:52:56.677266+09:00
Renewal Digest,,,failed,False,2026-08-19T20:40:26.363458+09:00
Renewal Directory,,,failed,False,2026-08-19T00:00:01.654497+09:00
Renewal Discount,50.0,0.0,success,False,2026-08-23T16:13:34.147754+09:00
Renewal Dock,,,failed,False,2026-08-17T21:37:44.992622+09:00
Renewal Dossier,,,failed,False,2026-08-21T00:58:47.378244+09:00
Renewal Downpayment,,,failed,False,2026-08-27T21:47:17.528863+09:00
Renewal Draft,,,failed,False,2026-08-19T20:40:42.900088+09:00
Renewal Due,140.0,0.0,success,False,2026-08-23T15:51:26.748439+09:00
Renewal Duty,,,failed,False,2026-08-21T02:37:07.617432+09:00
Renewal Engine,,,failed,False,2026-08-17T23:26:02.617332+09:00
Renewal Entry,,,failed,False,2026-08-21T00:58:59.914106+09:00
Renewal Estimate,,,failed,False,2026-08-19T21:12:26.316955+09:00
Renewal Estimator,,,failed,False,2026-08-27T23:51:57.345982+09:00
Renewal Excerpt,,,failed,False,2026-08-21T00:58:54.317507+09:00
Renewal Extension,70.0,0.0,success,False,2026-08-23T16:38:42.507764+09:00
Renewal Fare,,,failed,False,2026-08-21T02:08:19.202315+09:00
Renewal Fee,1900.0,0.0,success,True,2026-08-21T01:51:22.429358+09:00
Renewal Feed,,,failed,False,2026-08-19T20:40:35.383963+09:00
Renewal Field,,,failed,False,2026-08-23T13:06:05.538611+09:00
Renewal File,30.0,0.0,success,False,2026-08-19T20:39:52.613613+09:00
Renewal Finder,,,failed,False,2026-08-19T00:00:22.759146+09:00
Renewal Fine,10.0,0.0,success,False,2026-08-23T02:53:06.849591+09:00
Renewal Flag,,,failed,False,2026-08-21T00:34:44.893530+09:00
Renewal Flow,,,failed,False,2026-08-17T20:41:09.985510+09:00
Renewal Forge,,,failed,False,2026-08-17T20:32:57.689274+09:00
Renewal Form,880.0,0.0,success,False,2026-08-19T13:39:43.638809+09:00
Renewal Format,,,failed,False,2026-08-23T13:06:07.907385+09:00
Renewal Frame,,,failed,False,2026-08-17T20:45:09.617976+09:00
Renewal Fund,320.0,1.0,success,False,2026-08-21T02:24:04.256033+09:00
Renewal Gate,,,failed,False,2026-08-17T21:31:11.680234+09:00
Renewal Generator,,,failed,False,2026-08-27T23:32:26.212741+09:00
Renewal Giveaway,,,failed,False,2026-08-27T21:16:19.259868+09:00
Renewal Grade,,,failed,False,2026-08-21T00:34:30.806569+09:00
Renewal Graph,,,failed,False,2026-08-27T22:10:43.212581+09:00
Renewal Grid,,,failed,False,2026-08-17T21:35:02.943607+09:00
Renewal Guarantee,,,failed,False,2026-08-28T01:03:27.794966+09:00
Renewal Guard,,,failed,False,2026-08-17T20:43:42.299051+09:00
Renewal Guardian,,,failed,False,2026-08-28T00:22:23.551401+09:00
Renewal Guidebook,,,failed,False,2026-08-18T22:11:11.945944+09:00
Renewal Helpdesk,,,failed,False,2026-08-27T22:44:27.817073+09:00
Renewal Helper,,,failed,False,2026-08-28T00:22:28.798439+09:00
Renewal History,,,failed,False,2026-08-19T20:39:43.818952+09:00
Renewal Hotline,,,failed,False,2026-08-19T21:12:47.142527+09:00
Renewal Hub,720.0,1.0,success,False,2026-08-17T20:40:26.535789+09:00
Renewal Identifier,,,failed,False,2026-08-23T13:05:58.112221+09:00
Renewal Incentive,,,failed,False,2026-08-27T21:16:16.799513+09:00
Renewal Index,10.0,0.0,success,False,2026-08-19T21:11:53.117390+09:00
Renewal Insight,,,failed,False,2026-08-17T23:26:43.020316+09:00
Renewal Installment,,,failed,False,2026-08-23T16:13:37.104049+09:00
Renewal Interest,,,failed,False,2026-08-23T13:46:32.970542+09:00
Renewal Item,,,failed,False,2026-08-21T01:51:29.207159+09:00
Renewal Journal,110.0,0.0,success,False,2026-08-18T22:10:56.062577+09:00
Renewal Keeper,,,failed,False,2026-08-17T20:45:33.619281+09:00
Renewal Kit,110.0,81.0,success,False,2026-08-27T22:44:19.444390+09:00
Renewal Lab,20.0,0.0,success,False,2026-08-17T20:39:06.787331+09:00
Renewal Label,,,failed,False,2026-08-27T22:10:48.957356+09:00
Renewal Ledger,,,failed,False,2026-08-17T20:42:18.152107+09:00
Renewal Lens,,,failed,False,2026-08-17T20:45:55.190861+09:00
Renewal Level,,,failed,False,2026-08-19T20:39:59.254826+09:00
Renewal Levy,10.0,3.0,success,False,2026-08-23T13:46:35.892255+09:00
Renewal Link,320.0,13.0,success,False,2026-08-23T03:16:23.757716+09:00
Renewal List,170.0,0.0,success,False,2026-08-19T21:57:19.204093+09:00
Renewal Loan,720.0,8.0,success,False,2026-08-21T02:08:27.719210+09:00
Renewal Locator,,,failed,False,2026-08-19T00:00:12.518097+09:00
Renewal Lock,,,failed,False,2026-08-17T20:48:21.583177+09:00
Renewal Log,,,failed,False,2026-08-19T13:39:26.336599+09:00
Renewal Loop,,,failed,False,2026-08-17T21:36:07.544663+09:00
Renewal Manager,390.0,0.0,success,False,2026-08-17T20:44:29.668652+09:00
Renewal Manual,,,failed,False,2026-08-27T22:10:48.957356+09:00
Renewal Map,260.0,7.0,success,False,2026-08-17T20:47:04.642239+09:00
Renewal Markup,,,failed,False,2026-08-23T16:38:36.406605+09:00
Renewal Memo,,,failed,False,2026-08-21T00:34:35.312701+09:00
Renewal Message,50.0,14.0,success,False,2026-08-27T23:10:14.890839+09:00
Renewal Meter,,,failed,False,2026-08-18T07:53:03.495247+09:00
Renewal Metrics,10.0,0.0,success,False,2026-08-17T23:06:37.704524+09:00
Renewal Monitor,,,failed,False,2026-08-17T23:11:57.762151+09:00
Renewal Navigator,,,failed,False,2026-08-17T23:27:17.370245+09:00
Renewal Nexus,1600.0,7.0,success,False,2026-08-17T21:30:05.905035+09:00
Renewal Node,,,failed,False,2026-08-17T21:32:23.259221+09:00
Renewal Note,10.0,0.0,success,False,2026-08-19T13:40:58.883457+09:00
Renewal Notification,30.0,0.0,success,False,2026-08-27T22:44:16.144123+09:00
Renewal Number,110.0,1.0,success,False,2026-08-23T03:16:13.014331+09:00
Renewal Office,260.0,7.0,success,False,2026-08-19T00:00:38.616891+09:00
Renewal Ops,,,failed,False,2026-08-17T23:15:12.775041+09:00
Renewal Order,50.0,4.0,success,False,2026-08-19T21:56:37.173014+09:00
Renewal Organizer,,,failed,False,2026-08-17T23:26:31.743192+09:00
Renewal Overage,,,failed,False,2026-08-27T21:47:17.528863+09:00
Renewal Overdraft,,,failed,False,2026-08-23T15:51:28.689965+09:00
Renewal Overdue,,,failed,False,2026-08-27T21:47:13.030634+09:00
Renewal Panel,,,failed,False,2026-08-17T20:32:21.226449+09:00
Renewal Pass,320.0,17.0,success,False,2026-08-21T00:34:01.894402+09:00
Renewal Path,10.0,0.0,success,False,2026-08-17T21:31:49.761986+09:00
Renewal Payoff,,,failed,False,2026-08-27T21:47:15.270708+09:00
Renewal Penalty,10.0,0.0,success,False,2026-08-23T16:38:33.746405+09:00
Renewal Petition,,,failed,False,2026-08-21T00:58:36.711570+09:00
Renewal Pilot,,,failed,False,2026-08-17T20:39:31.272188+09:00
Renewal Plan,90.0,2.0,success,False,2026-08-21T01:51:35.759053+09:00
Renewal Planner,,,failed,False,2026-08-17T23:26:18.163850+09:00
Renewal Playbook,20.0,33.0,success,False,2026-08-18T22:10:48.955418+09:00
Renewal Point,170.0,1.0,success,False,2026-08-17T21:30:38.829852+09:00
Renewal Portal,2400.0,1.0,success,False,2026-08-17T20:34:23.568448+09:00
Renewal Preview,,,failed,False,2026-08-28T01:03:21.195109+09:00
Renewal Profile,,,failed,False,2026-08-19T13:41:39.168311+09:00
Renewal Profit,,,failed,False,2026-08-23T02:52:56.566002+09:00
Renewal Proposal,70.0,0.0,success,False,2026-08-28T01:03:25.191639+09:00
Renewal Pulse,,,failed,False,2026-08-17T21:33:59.802696+09:00
Renewal Queue,,,failed,False,2026-08-19T21:12:15.731161+09:00
Renewal Quota,,,failed,False,2026-08-21T00:34:40.769437+09:00
Renewal Radar,10.0,0.0,success,False,2026-08-17T20:37:47.401646+09:00
Renewal Rail,,,failed,False,2026-08-17T21:36:36.847955+09:00
Renewal Rate,390.0,3.0,success,False,2026-08-19T20:40:08.745376+09:00
Renewal Recap,,,failed,False,2026-08-21T01:00:06.148655+09:00
Renewal Receipt,390.0,0.0,success,False,2026-08-19T21:56:59.723896+09:00
Renewal Recorder,,,failed,False,2026-08-27T23:32:33.346775+09:00
Renewal Register,,,failed,False,2026-08-17T23:27:32.625137+09:00
Renewal Registry,,,failed,False,2026-08-18T22:11:19.240583+09:00
Renewal Relay,,,failed,False,2026-08-17T20:36:48.387810+09:00
Renewal Reminder,210.0,0.0,success,False,2026-08-19T21:11:27.369189+09:00
Renewal Report,40.0,0.0,success,False,2026-08-19T13:39:03.234764+09:00
Renewal Repository,,,failed,False,2026-08-27T23:10:19.958354+09:00
Renewal Result,20.0,0.0,success,False,2026-08-28T00:46:24.719309+09:00
Renewal Roadmap,,,failed,False,2026-08-18T22:12:04.159201+09:00
Renewal Roster,,,failed,False,2026-08-19T00:36:48.669353+09:00
Renewal Route,,,failed,False,2026-08-17T21:39:05.774100+09:00
Renewal Rule,,,failed,False,2026-08-23T03:16:26.068243+09:00
Renewal Sale,,,failed,False,2026-08-21T02:20:57.219379+09:00
Renewal Sample,,,failed,False,2026-08-19T21:58:02.735072+09:00
Renewal Scale,,,failed,False,2026-08-17T21:41:14.862117+09:00
Renewal Scheduler,,,failed,False,2026-08-17T23:04:42.962346+09:00
Renewal Scope,,,failed,False,2026-08-17T21:37:05.127331+09:00
Renewal Score,,,failed,False,2026-08-19T13:40:47.127510+09:00
Renewal Sentry,,,failed,False,2026-08-17T20:46:23.888336+09:00
Renewal Sheet,30.0,20.0,success,False,2026-08-19T13:40:05.769727+09:00
Renewal Shortfall,,,failed,False,2026-08-27T21:47:19.918276+09:00
Renewal Signal,,,failed,False,2026-08-17T21:39:44.948189+09:00
Renewal Signature,,,failed,False,2026-08-23T13:27:11.117738+09:00
Renewal Slip,50.0,1.0,success,False,2026-08-19T21:57:53.749303+09:00
Renewal Slot,,,failed,False,2026-08-19T21:58:14.220154+09:00
Renewal Snapshot,,,failed,False,2026-08-18T22:11:03.707718+09:00
Renewal Stage,10.0,0.0,success,False,2026-08-28T00:46:19.889028+09:00
Renewal Statement,10.0,0.0,success,False,2026-08-21T00:34:21.181247+09:00
Renewal Station,30.0,3.0,success,False,2026-08-17T20:38:11.520193+09:00
Renewal Status,210.0,0.0,success,False,2026-08-19T20:39:26.869721+09:00
Renewal Streak,,,failed,False,2026-08-28T00:46:27.391148+09:00
Renewal Stub,,,failed,False,2026-08-21T00:34:16.638003+09:00
Renewal Studio,720.0,3.0,success,False,2026-08-17T20:40:01.743309+09:00
Renewal Subsidy,,,failed,False,2026-08-23T15:51:31.238085+09:00
Renewal Suite,,,failed,False,2026-08-17T23:15:28.966007+09:00
Renewal Sum,,,failed,False,2026-08-21T02:23:55.522760+09:00
Renewal Summary,,,failed,False,2026-08-19T21:11:09.453565+09:00
Renewal Surtax,,,failed,False,2026-08-23T15:51:33.860172+09:00
Renewal Sync,,,failed,False,2026-08-17T20:41:58.937145+09:00
Renewal Tab,12100.0,10.0,success,False,2026-08-21T00:34:49.507039+09:00
Renewal Table,,,failed,False,2026-08-19T21:57:31.477256+09:00
Renewal Tag,8100.0,12.0,success,False,2026-08-19T13:41:17.239436+09:00
Renewal Tally,1600.0,2.0,success,False,2026-08-21T00:34:25.670499+09:00
Renewal Tariff,,,failed,False,2026-08-21T02:37:22.596537+09:00
Renewal Tax,2900.0,0.0,success,True,2026-08-21T02:08:23.223151+09:00
Renewal Ticket,260.0,0.0,success,False,2026-08-19T21:12:04.004296+09:00
Renewal Tier,,,failed,False,2026-08-28T00:46:27.391148+09:00
Renewal Timeline,30.0,0.0,success,False,2026-08-19T21:11:17.911454+09:00
Renewal Timer,,,failed,False,2026-08-28T00:22:21.008845+09:00
Renewal Toll,,,failed,False,2026-08-21T02:37:11.292116+09:00
Renewal Toolbox,,,failed,False,2026-08-28T00:22:26.191039+09:00
Renewal Toolkit,,,failed,False,2026-08-18T22:10:38.085042+09:00
Renewal Total,,,failed,False,2026-08-27T23:10:14.890839+09:00
Renewal Tracker,320.0,2.0,success,False,2026-08-17T20:42:47.401639+09:00
Renewal Trail,,,failed,False,2026-08-17T21:35:33.419897+09:00
Renewal Trend,,,failed,False,2026-08-28T01:03:16.681055+09:00
Renewal Trial,,,failed,False,2026-08-27T21:16:16.799513+09:00
Renewal Unit,,,failed,False,2026-08-21T01:51:32.906314+09:00
Renewal Update,90.0,0.0,success,False,2026-08-19T20:40:20.062336+09:00
Renewal Value,10.0,0.0,success,False,2026-08-23T02:52:59.926815+09:00
Renewal Vault,,,failed,False,2026-08-17T20:35:50.076535+09:00
Renewal Version,10.0,0.0,success,False,2026-08-23T03:16:15.944869+09:00
Renewal View,,,failed,False,2026-08-19T20:39:35.461909+09:00
Renewal Voucher,90.0,0.0,success,False,2026-08-21T00:34:07.252682+09:00
Renewal Watch,,,failed,False,2026-08-17T21:38:15.647846+09:00
Renewal Wave,,,failed,False,2026-08-17T21:33:00.443260+09:00
Renewal Widget,,,failed,False,2026-08-27T23:10:17.409830+09:00
Renewal Window,260.0,63.0,success,False,2026-08-19T12:26:15.531413+09:00
Renewal Workbench,,,failed,False,2026-08-18T22:10:30.545293+09:00
Renewal Worksheet,,,failed,False,2026-08-27T22:10:53.228398+09:00
Renewal Zone,260.0,17.0,success,False,2026-08-17T20:35:19.683482+09:00
Renovation Advance,,,failed,False,2026-08-23T16:15:50.711564+09:00
Renovation Alert,10.0,0.0,success,False,2026-08-21T01:41:18.223212+09:00
Renovation Allowance,10.0,2.0,success,False,2026-08-21T02:43:59.643244+09:00
Renovation Analyzer,,,failed,False,2026-08-27T23:54:12.617602+09:00
Renovation Announcement,50.0,0.0,success,False,2026-08-27T23:33:29.170312+09:00
Renovation Arrears,,,failed,False,2026-08-23T16:15:47.536999+09:00
Renovation Asset,,,failed,False,2026-08-23T13:47:07.330354+09:00
Renovation Atlas,10.0,2.0,success,False,2026-08-21T01:39:07.193029+09:00
Renovation Attribute,,,failed,False,2026-08-23T13:05:51.104957+09:00
Renovation Badge,,,failed,False,2026-08-21T01:44:23.485240+09:00
Renovation Balance,,,failed,False,2026-08-23T13:47:05.237339+09:00
Renovation Base,,,failed,False,2026-08-21T01:37:37.070410+09:00
Renovation Beacon,,,failed,False,2026-08-21T01:36:42.310879+09:00
Renovation Bill,20.0,1.0,success,False,2026-08-21T01:43:39.038620+09:00
Renovation Board,40.0,28.0,success,False,2026-08-21T01:37:48.907066+09:00
Renovation Bridge,70.0,2.0,success,False,2026-08-21T01:36:52.456000+09:00
Renovation Brief,,,failed,False,2026-08-21T01:36:31.901113+09:00
Renovation Bulletin,,,failed,False,2026-08-21T01:36:31.901113+09:00
Renovation Cabinet,880.0,59.0,success,False,2026-08-27T23:11:04.616430+09:00
Renovation Calculator,1300.0,34.0,success,False,2026-08-27T23:33:29.170312+09:00
Renovation Card,70.0,47.0,success,False,2026-08-21T01:42:00.180241+09:00
Renovation Cascade,,,failed,False,2026-08-21T01:36:50.253581+09:00
Renovation Cash,10.0,9.0,success,False,2026-08-21T02:27:26.146379+09:00
Renovation Cashback,,,failed,False,2026-08-27T21:19:13.437251+09:00
Renovation Category,,,failed,False,2026-08-23T13:05:48.567186+09:00
Renovation Center,260.0,4.0,success,False,2026-08-21T01:38:18.535087+09:00
Renovation Chain,,,failed,False,2026-08-21T01:38:52.841882+09:00
Renovation Charge,,,failed,False,2026-08-21T02:43:50.740440+09:00
Renovation Chart,,,failed,False,2026-08-21T01:41:20.184116+09:00
Renovation Check,,,failed,False,2026-08-21T01:42:07.777661+09:00
Renovation Checker,,,failed,False,2026-08-27T23:54:04.696724+09:00
Renovation Code,10.0,0.0,success,False,2026-08-21T01:43:47.346655+09:00
Renovation Comparison,,,failed,False,2026-08-28T01:05:31.519640+09:00
Renovation Confirmation,,,failed,False,2026-08-21T01:36:31.901113+09:00
Renovation Console,10.0,0.0,success,False,2026-08-21T01:38:31.485069+09:00
Renovation Contribution,,,failed,False,2026-08-23T16:15:47.536999+09:00
Renovation Core,,,failed,False,2026-08-21T01:37:39.215530+09:00
Renovation Cost,1900.0,21.0,success,False,2026-08-21T02:10:26.523271+09:00
Renovation Count,,,failed,False,2026-08-27T22:45:00.824166+09:00
Renovation Counter,,,failed,False,2026-08-21T01:40:31.088878+09:00
Renovation Coupon,,,failed,False,2026-08-27T21:19:13.437251+09:00
Renovation Deal,,,failed,False,2026-08-21T01:53:20.957099+09:00
Renovation Debt,,,failed,False,2026-08-21T02:27:19.706336+09:00
Renovation Deck,1900.0,60.0,success,False,2026-08-21T01:37:51.952894+09:00
Renovation Desk,,,failed,False,2026-08-21T01:36:31.901113+09:00
Renovation Detail,,,failed,False,2026-08-23T03:15:10.473494+09:00
Renovation Detector,,,failed,False,2026-08-27T23:54:10.053801+09:00
Renovation Diagram,10.0,0.0,success,False,2026-08-27T22:14:59.305692+09:00
Renovation Directory,30.0,10.0,success,False,2026-08-21T01:40:15.311910+09:00
Renovation Discount,50.0,87.0,success,False,2026-08-23T16:15:40.537214+09:00
Renovation Downpayment,,,failed,False,2026-08-27T21:50:17.905826+09:00
Renovation Draft,,,failed,False,2026-08-21T01:42:58.216620+09:00
Renovation Due,,,failed,False,2026-08-23T15:52:10.396341+09:00
Renovation Duty,,,failed,False,2026-08-21T02:43:53.941468+09:00
Renovation Engine,,,failed,False,2026-08-21T01:39:25.000691+09:00
Renovation Entry,,,failed,False,2026-08-21T01:36:31.901113+09:00
Renovation Estimate,260.0,36.0,success,False,2026-08-21T01:43:27.778790+09:00
Renovation Estimator,1300.0,34.0,success,False,2026-08-27T23:54:02.041371+09:00
Renovation Extension,590.0,37.0,success,False,2026-08-23T16:39:50.503833+09:00
Renovation Fare,,,failed,False,2026-08-21T02:10:36.488938+09:00
Renovation Fee,50.0,11.0,success,False,2026-08-21T01:52:58.378871+09:00
Renovation Feed,,,failed,False,2026-08-21T01:42:55.803836+09:00
Renovation Field,,,failed,False,2026-08-23T13:05:53.628688+09:00
Renovation File,,,failed,False,2026-08-21T01:42:40.721389+09:00
Renovation Fine,,,failed,False,2026-08-23T02:58:27.713523+09:00
Renovation Flow,,,failed,False,2026-08-21T01:36:31.901113+09:00
Renovation Forge,,,failed,False,2026-08-21T01:36:44.739122+09:00
Renovation Form,40.0,2.0,success,False,2026-08-21T01:41:56.935291+09:00
Renovation Format,,,failed,False,2026-08-23T13:05:55.726817+09:00
Renovation Frame,,,failed,False,2026-08-21T01:37:32.925946+09:00
Renovation Fund,70.0,11.0,success,False,2026-08-21T02:27:23.796384+09:00
Renovation Gate,,,failed,False,2026-08-21T01:38:59.099455+09:00
Renovation Giveaway,10.0,0.0,success,False,2026-08-27T21:19:26.078520+09:00
Renovation Graph,,,failed,False,2026-08-27T22:14:45.094035+09:00
Renovation Grid,,,failed,False,2026-08-21T01:37:13.589246+09:00
Renovation Guarantee,,,failed,False,2026-08-28T01:05:36.598647+09:00
Renovation Guardian,,,failed,False,2026-08-28T00:24:12.580711+09:00
Renovation Helpdesk,,,failed,False,2026-08-27T22:45:00.824166+09:00
Renovation Helper,110.0,42.0,success,False,2026-08-28T00:24:14.921300+09:00
Renovation History,40.0,0.0,success,False,2026-08-21T01:42:37.393096+09:00
Renovation Hub,320.0,27.0,success,False,2026-08-21T01:36:31.901113+09:00
Renovation Identifier,,,failed,False,2026-08-23T13:05:45.716846+09:00
Renovation Inbox,,,failed,False,2026-08-21T01:41:16.296353+09:00
Renovation Incentive,10.0,14.0,success,False,2026-08-27T21:19:20.192831+09:00
Renovation Index,,,failed,False,2026-08-21T01:43:14.953756+09:00
Renovation Installment,40.0,37.0,success,False,2026-08-23T16:15:43.832612+09:00
Renovation Interest,,,failed,False,2026-08-23T13:47:05.237339+09:00
Renovation Item,,,failed,False,2026-08-21T01:53:07.082720+09:00
Renovation Journal,20.0,25.0,success,False,2026-08-21T01:40:01.747780+09:00
Renovation Keeper,,,failed,False,2026-08-21T01:39:14.951697+09:00
Renovation Kit,50.0,76.0,success,False,2026-08-27T22:44:52.843533+09:00
Renovation Lab,50.0,5.0,success,False,2026-08-21T01:38:01.641770+09:00
Renovation Label,,,failed,False,2026-08-27T22:14:48.502479+09:00
Renovation Layout,20.0,7.0,success,False,2026-08-27T22:29:33.709708+09:00
Renovation Ledger,,,failed,False,2026-08-21T01:37:44.630220+09:00
Renovation Level,,,failed,False,2026-08-21T01:42:46.013630+09:00
Renovation Levy,10.0,0.0,success,False,2026-08-23T13:47:07.330354+09:00
Renovation Link,10.0,43.0,success,False,2026-08-23T03:15:03.447052+09:00
Renovation List,50.0,16.0,success,False,2026-08-21T01:43:50.237250+09:00
Renovation Loan,9900.0,58.0,success,False,2026-08-21T02:10:45.957047+09:00
Renovation Locator,,,failed,False,2026-08-21T01:40:19.724237+09:00
Renovation Locker,,,failed,False,2026-08-21T01:40:33.133691+09:00
Renovation Log,,,failed,False,2026-08-21T01:41:54.360418+09:00
Renovation Loop,,,failed,False,2026-08-21T01:37:11.320785+09:00
Renovation Manual,,,failed,False,2026-08-27T22:14:55.683786+09:00
Renovation Map,20.0,1.0,success,False,2026-08-21T01:37:30.941685+09:00
Renovation Marker,,,failed,False,2026-08-23T13:27:16.161149+09:00
Renovation Markup,,,failed,False,2026-08-23T16:39:47.689837+09:00
Renovation Memo,10.0,0.0,success,False,2026-08-21T01:44:35.810594+09:00
Renovation Message,20.0,0.0,success,False,2026-08-27T23:10:55.756193+09:00
Renovation Monitor,,,failed,False,2026-08-21T01:39:42.723562+09:00
Renovation Nexus,,,failed,False,2026-08-21T01:39:04.572787+09:00
Renovation Note,,,failed,False,2026-08-21T01:42:17.039674+09:00
Renovation Notification,,,failed,False,2026-08-27T22:44:50.273695+09:00
Renovation Number,,,failed,False,2026-08-23T03:14:55.080924+09:00
Renovation Office,3600.0,36.0,success,False,2026-08-21T01:40:26.570038+09:00
Renovation Ops,,,failed,False,2026-08-21T01:39:52.762519+09:00
Renovation Order,50.0,15.0,success,False,2026-08-21T01:43:31.469604+09:00
Renovation Overage,,,failed,False,2026-08-27T21:50:15.580858+09:00
Renovation Overdraft,,,failed,False,2026-08-23T15:52:10.396341+09:00
Renovation Overdue,,,failed,False,2026-08-27T21:50:10.340173+09:00
Renovation Panel,,,failed,False,2026-08-21T01:38:35.952865+09:00
Renovation Pass,,,failed,False,2026-08-21T01:44:14.161023+09:00
Renovation Path,,,failed,False,2026-08-21T01:37:21.821672+09:00
Renovation Payoff,,,failed,False,2026-08-27T21:50:13.120936+09:00
Renovation Penalty,,,failed,False,2026-08-23T16:39:47.689837+09:00
Renovation Petition,,,failed,False,2026-08-21T01:36:31.901113+09:00
Renovation Plan,1300.0,37.0,success,False,2026-08-21T01:53:14.865292+09:00
Renovation Planner,1300.0,37.0,success,False,2026-08-21T01:39:32.953570+09:00
Renovation Playbook,,,failed,False,2026-08-21T01:39:59.295312+09:00
Renovation Point,,,failed,False,2026-08-21T01:37:26.126762+09:00
Renovation Portal,50.0,25.0,success,False,2026-08-21T01:38:26.164281+09:00
Renovation Preview,,,failed,False,2026-08-28T01:05:34.038010+09:00
Renovation Profile,,,failed,False,2026-08-21T01:42:27.221916+09:00
Renovation Profit,10.0,,success,False,2026-08-23T02:58:14.811642+09:00
Renovation Proposal,50.0,9.0,success,False,2026-08-28T01:05:36.598647+09:00
Renovation Quota,,,failed,False,2026-08-21T01:44:40.330988+09:00
Renovation Radar,,,failed,False,2026-08-21T01:36:31.901113+09:00
Renovation Rate,30.0,20.0,success,False,2026-08-21T01:42:48.869153+09:00
Renovation Receipt,20.0,56.0,success,False,2026-08-21T01:43:42.058918+09:00
Renovation Recorder,,,failed,False,2026-08-27T23:33:31.795696+09:00
Renovation Register,10.0,3.0,success,False,2026-08-21T01:39:49.686792+09:00
Renovation Relay,,,failed,False,2026-08-21T01:36:31.901113+09:00
Renovation Reminder,,,failed,False,2026-08-21T01:43:12.278953+09:00
Renovation Rendering,40.0,80.0,success,False,2026-08-27T22:28:37.219396+09:00
Renovation Report,20.0,5.0,success,False,2026-08-21T01:41:52.008026+09:00
Renovation Repository,,,failed,False,2026-08-27T23:11:04.616430+09:00
Renovation Result,,,failed,False,2026-08-28T00:47:24.969957+09:00
Renovation Ring,,,failed,False,2026-08-21T01:38:57.072218+09:00
Renovation Route,,,failed,False,2026-08-21T01:38:42.867462+09:00
Renovation Rule,,,failed,False,2026-08-23T03:15:06.713636+09:00
Renovation Sale,210.0,7.0,success,False,2026-08-21T02:27:29.296336+09:00
Renovation Sample,10.0,17.0,success,False,2026-08-21T01:44:05.223042+09:00
Renovation Scale,,,failed,False,2026-08-21T01:38:38.622768+09:00
Renovation Scanner,,,failed,False,2026-08-27T23:54:07.466946+09:00
Renovation Score,,,failed,False,2026-08-21T01:42:11.023754+09:00
Renovation Sheet,10.0,90.0,success,False,2026-08-21T01:42:05.228292+09:00
Renovation Shortfall,,,failed,False,2026-08-27T21:50:20.259806+09:00
Renovation Signal,,,failed,False,2026-08-21T01:36:57.667235+09:00
Renovation Signature,,,failed,False,2026-08-23T13:27:13.232233+09:00
Renovation Slip,,,failed,False,2026-08-21T01:44:01.894856+09:00
Renovation Slot,,,failed,False,2026-08-21T01:44:07.789434+09:00
Renovation Stage,,,failed,False,2026-08-28T00:47:24.969957+09:00
Renovation Stake,,,failed,False,2026-08-23T02:58:22.138968+09:00
Renovation Stamp,,,failed,False,2026-08-23T13:27:20.193084+09:00
Renovation Statement,,,failed,False,2026-08-21T01:44:31.242398+09:00
Renovation Station,480.0,4.0,success,False,2026-08-21T01:38:08.891636+09:00
Renovation Status,20.0,0.0,success,False,2026-08-21T01:42:29.387533+09:00
Renovation Stipend,,,failed,False,2026-08-23T13:47:09.314181+09:00
Renovation Stub,,,failed,False,2026-08-21T01:44:28.935205+09:00
Renovation Studio,320.0,26.0,success,False,2026-08-21T01:37:57.190809+09:00
Renovation Subsidy,10.0,13.0,success,False,2026-08-23T15:52:13.445418+09:00
Renovation Sum,,,failed,False,2026-08-21T02:27:17.411779+09:00
Renovation Summary,,,failed,False,2026-08-21T01:43:03.421356+09:00
Renovation Surtax,,,failed,False,2026-08-23T15:52:15.458518+09:00
Renovation Tab,,,failed,False,2026-08-21T01:36:31.901113+09:00
Renovation Table,140.0,56.0,success,False,2026-08-21T01:43:56.070004+09:00
Renovation Tag,,,failed,False,2026-08-21T01:42:22.878879+09:00
Renovation Tariff,,,failed,False,2026-08-21T02:44:02.769477+09:00
Renovation Tax,30.0,8.0,success,False,2026-08-21T02:10:41.178409+09:00
Renovation Terminal,,,failed,False,2026-08-21T01:38:12.819970+09:00
Renovation Ticket,,,failed,False,2026-08-21T01:43:23.087757+09:00
Renovation Tier,,,failed,False,2026-08-28T00:47:27.580109+09:00
Renovation Timeline,170.0,7.0,success,False,2026-08-21T01:43:07.474360+09:00
Renovation Timer,,,failed,False,2026-08-28T00:24:10.123784+09:00
Renovation Token,,,failed,False,2026-08-23T13:27:11.117738+09:00
Renovation Toll,,,failed,False,2026-08-21T02:43:57.292345+09:00
Renovation Toolbox,10.0,,success,False,2026-08-28T00:24:14.921300+09:00
Renovation Total,40.0,9.0,success,False,2026-08-27T23:10:55.756193+09:00
Renovation Tracker,40.0,45.0,success,False,2026-08-21T01:36:31.901113+09:00
Renovation Trend,,,failed,False,2026-08-28T01:05:31.519640+09:00
Renovation Trial,,,failed,False,2026-08-27T21:19:20.192831+09:00
Renovation Unit,,,failed,False,2026-08-21T01:53:12.594886+09:00
Renovation Update,70.0,0.0,success,False,2026-08-21T01:42:53.677401+09:00
Renovation Value,50.0,14.0,success,False,2026-08-23T02:58:18.393651+09:00
Renovation Vault,,,failed,False,2026-08-21T01:36:31.901113+09:00
Renovation Version,,,failed,False,2026-08-23T03:14:59.429482+09:00
Renovation View,,,failed,False,2026-08-21T01:42:34.994206+09:00
Renovation Voucher,10.0,0.0,success,False,2026-08-21T01:44:20.732547+09:00
Renovation Watch,,,failed,False,2026-08-21T01:37:02.343165+09:00
Renovation Wave,260.0,0.0,success,False,2026-08-21T01:37:19.276865+09:00
Renovation Widget,,,failed,False,2026-08-27T23:11:01.656662+09:00
Renovation Worksheet,10.0,50.0,success,False,2026-08-27T22:14:55.683786+09:00
Renovation Workshop,30.0,14.0,success,False,2026-08-28T00:24:10.123784+09:00
Renovation Zone,10.0,0.0,success,False,2026-08-21T01:38:21.127852+09:00
Rent Advance,1000.0,16.0,success,False,2026-08-23T16:14:56.824333+09:00
Rent Advisory,30.0,2.0,success,False,2026-08-21T00:58:36.711570+09:00
Rent Allowance,1900.0,1.0,success,False,2026-08-21T02:40:18.502872+09:00
Rent Almanac,,,failed,False,2026-08-18T22:11:45.045166+09:00
Rent Analyzer,70.0,52.0,success,False,2026-08-27T23:52:10.807826+09:00
Rent Anchor,,,failed,False,2026-08-17T21:39:44.948189+09:00
Rent Announcement,20.0,18.0,success,False,2026-08-27T23:32:20.228429+09:00
Rent Arrears,6600.0,3.0,success,False,2026-08-23T16:14:53.191797+09:00
Rent Asset,140.0,5.0,success,False,2026-08-23T13:46:40.614274+09:00
Rent Assistant,74000.0,34.0,success,False,2026-08-17T23:26:16.391059+09:00
Rent Atlas,20.0,12.0,success,False,2026-08-17T20:46:23.888336+09:00
Rent Attribute,,,failed,False,2026-08-23T13:04:54.297618+09:00
Rent Badge,,,failed,False,2026-08-21T00:27:45.495734+09:00
Rent Balance,1000.0,0.0,success,True,2026-08-23T13:46:35.892255+09:00
Rent Base,70.0,6.0,success,False,2026-08-17T20:43:15.863986+09:00
Rent Beacon,590.0,65.0,success,False,2026-08-17T20:32:57.689274+09:00
Rent Bill,1300.0,7.0,success,False,2026-08-19T21:59:15.845213+09:00
Rent Blueprint,260.0,9.0,success,False,2026-08-18T22:11:39.333366+09:00
Rent Board,2400.0,3.0,success,False,2026-08-17T20:40:48.754907+09:00
Rent Book,12100.0,22.0,success,False,2026-08-19T22:00:08.446877+09:00
Rent Bridge,170.0,4.0,success,False,2026-08-17T21:41:44.845375+09:00
Rent Brief,,,failed,False,2026-08-21T00:58:27.692575+09:00
Rent Bulletin,,,failed,False,2026-08-21T00:58:22.319025+09:00
Rent Calculator,74000.0,5.0,success,False,2026-08-27T23:32:26.212741+09:00
Rent Calendar,260.0,17.0,success,False,2026-08-19T00:00:01.654497+09:00
Rent Card,2400.0,30.0,success,False,2026-08-19T13:40:05.769727+09:00
Rent Cascade,880.0,20.0,success,False,2026-08-18T07:52:30.485728+09:00
Rent Cash,210.0,15.0,success,False,2026-08-21T02:24:14.838617+09:00
Rent Cashback,50.0,19.0,success,False,2026-08-27T21:18:13.822548+09:00
Rent Catalog,50.0,3.0,success,False,2026-08-19T21:14:27.953850+09:00
Rent Category,,,failed,False,2026-08-23T13:04:50.850524+09:00
Rent Center,14800.0,44.0,success,False,2026-08-17T20:35:19.683482+09:00
Rent Chain,110.0,22.0,success,False,2026-08-17T21:33:26.536272+09:00
Rent Charge,1000.0,1.0,success,False,2026-08-21T02:40:07.402959+09:00
Rent Check,6600.0,13.0,success,False,2026-08-19T13:40:38.246974+09:00
Rent Checker,6600.0,13.0,success,False,2026-08-27T23:52:02.296949+09:00
Rent Checklist,480.0,29.0,success,False,2026-08-19T21:13:34.097161+09:00
Rent Circular,,,failed,False,2026-08-21T01:00:03.837469+09:00
Rent Cockpit,,,failed,False,2026-08-17T23:13:36.575210+09:00
Rent Code,720.0,6.0,success,False,2026-08-19T21:59:39.418384+09:00
Rent Codex,,,failed,False,2026-08-18T22:12:04.159201+09:00
Rent Companion,210.0,2.0,success,False,2026-08-17T23:27:29.516151+09:00
Rent Comparison,320.0,23.0,success,False,2026-08-28T01:03:21.195109+09:00
Rent Compass,140.0,14.0,success,False,2026-08-17T20:34:01.116253+09:00
Rent Compendium,,,failed,False,2026-08-18T22:11:56.316205+09:00
Rent Confirmation,10.0,7.0,success,False,2026-08-21T00:58:44.836971+09:00
Rent Console,2400.0,39.0,success,False,2026-08-17T20:32:21.226449+09:00
Rent Contribution,30.0,0.0,success,False,2026-08-23T16:14:53.191797+09:00
Rent Converter,170.0,0.0,success,False,2026-08-27T23:32:26.212741+09:00
Rent Core,20.0,0.0,success,False,2026-08-17T20:42:18.152107+09:00
Rent Cost,18100.0,1.0,success,False,2026-08-21T02:08:15.230542+09:00
Rent Count,30.0,7.0,success,False,2026-08-27T22:44:27.817073+09:00
Rent Counter,30.0,7.0,success,False,2026-08-19T00:00:54.845309+09:00
Rent Coupon,90.0,40.0,success,False,2026-08-27T21:18:10.943632+09:00
Rent Dashboard,70.0,17.0,success,False,2026-08-17T23:27:17.370245+09:00
Rent Deal,110.0,13.0,success,False,2026-08-21T01:51:35.759053+09:00
Rent Debt,1900.0,27.0,success,False,2026-08-21T02:24:04.256033+09:00
Rent Deck,210.0,10.0,success,False,2026-08-17T20:40:01.743309+09:00
Rent Depot,4400.0,6.0,success,False,2026-08-19T00:00:38.616891+09:00
Rent Desk,1600.0,26.0,success,False,2026-08-17T20:37:47.401646+09:00
Rent Detail,,,failed,False,2026-08-23T03:20:04.246790+09:00
Rent Detector,,,failed,False,2026-08-27T23:52:08.286767+09:00
Rent Dial,,,failed,False,2026-08-18T07:53:03.495247+09:00
Rent Digest,,,failed,False,2026-08-19T20:40:53.028403+09:00
Rent Directory,20.0,16.0,success,False,2026-08-19T00:00:12.518097+09:00
Rent Discount,390.0,39.0,success,False,2026-08-23T16:14:49.657074+09:00
Rent Dock,10.0,0.0,success,False,2026-08-17T21:36:36.847955+09:00
Rent Dossier,,,failed,False,2026-08-21T00:58:49.473587+09:00
Rent Downpayment,110.0,4.0,success,False,2026-08-27T21:49:31.660766+09:00
Rent Draft,10.0,15.0,success,False,2026-08-19T20:41:13.496418+09:00
Rent Due,2400.0,0.0,success,True,2026-08-23T15:51:44.971205+09:00
Rent Duty,,,failed,False,2026-08-21T02:40:11.455485+09:00
Rent Engine,1600.0,9.0,success,False,2026-08-17T23:10:22.607509+09:00
Rent Entry,70.0,0.0,success,False,2026-08-21T00:59:03.951352+09:00
Rent Estimate,5400.0,48.0,success,False,2026-08-19T21:14:17.350894+09:00
Rent Estimator,1600.0,55.0,success,False,2026-08-27T23:51:57.345982+09:00
Rent Excerpt,,,failed,False,2026-08-21T00:58:59.914106+09:00
Rent Extension,260.0,7.0,success,False,2026-08-23T16:39:28.081272+09:00
Rent Fare,40.0,5.0,success,False,2026-08-21T02:08:23.223151+09:00
Rent Fee,1900.0,1.0,success,False,2026-08-21T01:51:15.763734+09:00
Rent Feed,,,failed,False,2026-08-19T20:41:03.972806+09:00
Rent Field,590.0,4.0,success,False,2026-08-23T13:04:57.008398+09:00
Rent File,40.0,0.0,success,False,2026-08-19T20:40:20.062336+09:00
Rent Finder,14800.0,56.0,success,False,2026-08-19T00:00:28.920086+09:00
Rent Fine,20.0,1.0,success,False,2026-08-23T02:55:13.896073+09:00
Rent Flag,210.0,37.0,success,False,2026-08-21T00:28:39.996166+09:00
Rent Flow,210.0,14.0,success,False,2026-08-17T20:40:24.654920+09:00
Rent Forge,,,failed,False,2026-08-17T20:31:46.547401+09:00
Rent Form,1600.0,44.0,success,False,2026-08-19T13:39:57.462867+09:00
Rent Format,1600.0,44.0,success,False,2026-08-23T13:05:04.506045+09:00
Rent Frame,,,failed,False,2026-08-17T20:44:09.032273+09:00
Rent Fund,390.0,16.0,success,False,2026-08-21T02:24:08.080909+09:00
Rent Gate,40.0,36.0,success,False,2026-08-17T21:30:05.905035+09:00
Rent Generator,27100.0,57.0,success,False,2026-08-27T23:32:33.346775+09:00
Rent Giveaway,10.0,0.0,success,False,2026-08-27T21:18:26.738212+09:00
Rent Grade,,,failed,False,2026-08-21T00:28:15.750952+09:00
Rent Graph,50.0,2.0,success,False,2026-08-27T22:13:53.849783+09:00
Rent Grid,50.0,13.0,success,False,2026-08-17T21:33:59.802696+09:00
Rent Guarantee,1000.0,41.0,success,False,2026-08-28T01:03:30.600111+09:00
Rent Guard,720.0,13.0,success,False,2026-08-17T20:42:47.401639+09:00
Rent Guardian,480.0,16.0,success,False,2026-08-28T00:22:26.191039+09:00
Rent Guidebook,,,failed,False,2026-08-18T22:11:19.240583+09:00
Rent Helpdesk,,,failed,False,2026-08-27T22:44:33.124302+09:00
Rent Helper,9900.0,54.0,success,False,2026-08-28T00:22:31.262546+09:00
Rent History,4400.0,43.0,success,False,2026-08-19T20:40:08.745376+09:00
Rent Hotline,90.0,5.0,success,False,2026-08-19T21:14:40.806707+09:00
Rent Hub,27100.0,24.0,success,False,2026-08-17T20:39:31.272188+09:00
Rent Identifier,,,failed,False,2026-08-23T13:04:48.308189+09:00
Rent Incentive,140.0,1.0,success,False,2026-08-27T21:18:16.007823+09:00
Rent Index,5400.0,6.0,success,False,2026-08-19T21:13:46.122895+09:00
Rent Insight,,,failed,False,2026-08-17T23:06:37.704524+09:00
Rent Installment,210.0,47.0,success,False,2026-08-23T16:14:49.657074+09:00
Rent Interest,90.0,0.0,success,False,2026-08-23T13:46:40.614274+09:00
Rent Item,880.0,24.0,success,False,2026-08-21T01:51:12.846846+09:00
Rent Journal,10.0,1.0,success,False,2026-08-18T22:11:03.707718+09:00
Rent Keeper,20.0,12.0,success,False,2026-08-17T20:44:29.668652+09:00
Rent Lab,590.0,13.0,success,False,2026-08-17T20:38:11.520193+09:00
Rent Label,,,failed,False,2026-08-27T22:13:56.258937+09:00
Rent Ledger,9900.0,49.0,success,False,2026-08-17T20:41:33.336783+09:00
Rent Lens,27100.0,35.0,success,False,2026-08-17T20:45:09.617976+09:00
Rent Level,70.0,1.0,success,False,2026-08-19T20:40:28.949050+09:00
Rent Levy,40.0,0.0,success,False,2026-08-23T13:46:40.614274+09:00
Rent Link,720.0,7.0,success,False,2026-08-23T03:19:56.707699+09:00
Rent List,3600.0,28.0,success,False,2026-08-19T21:59:50.117537+09:00
Rent Loan,3600.0,74.0,success,False,2026-08-21T02:08:33.058112+09:00
Rent Locator,14800.0,56.0,success,False,2026-08-19T00:00:22.759146+09:00
Rent Lock,140.0,16.0,success,False,2026-08-17T20:47:04.642239+09:00
Rent Log,260.0,16.0,success,False,2026-08-19T13:39:43.638809+09:00
Rent Loop,480.0,14.0,success,False,2026-08-17T21:35:02.943607+09:00
Rent Manager,14800.0,37.0,success,False,2026-08-17T20:43:42.299051+09:00
Rent Manual,40.0,43.0,success,False,2026-08-27T22:13:56.258937+09:00
Rent Map,6600.0,8.0,success,False,2026-08-17T20:45:55.190861+09:00
Rent Markup,,,failed,False,2026-08-23T16:39:25.527330+09:00
Rent Memo,,,failed,False,2026-08-21T00:28:23.086581+09:00
Rent Message,50.0,2.0,success,False,2026-08-27T23:10:09.258839+09:00
Rent Meter,170.0,21.0,success,False,2026-08-17T21:41:14.862117+09:00
Rent Metrics,20.0,8.0,success,False,2026-08-17T23:27:00.420532+09:00
Rent Monitor,2900.0,30.0,success,False,2026-08-17T23:26:43.020316+09:00
Rent Navigator,210.0,32.0,success,False,2026-08-17T23:08:23.954708+09:00
Rent Nexus,40.0,6.0,success,False,2026-08-17T20:47:45.474295+09:00
Rent Node,,,failed,False,2026-08-17T21:31:11.680234+09:00
Rent Note,320.0,5.0,success,False,2026-08-19T13:41:17.239436+09:00
Rent Notification,50.0,2.0,success,False,2026-08-27T22:44:19.444390+09:00
Rent Number,1300.0,13.0,success,False,2026-08-23T03:19:49.312069+09:00
Rent Office,40500.0,41.0,success,False,2026-08-19T00:00:48.226412+09:00
Rent Ops,40.0,5.0,success,False,2026-08-17T23:27:45.087946+09:00
Rent Order,50.0,0.0,success,False,2026-08-19T21:59:07.775168+09:00
Rent Organizer,,,failed,False,2026-08-17T23:11:57.762151+09:00
Rent Overage,90.0,0.0,success,False,2026-08-27T21:49:31.660766+09:00
Rent Overdue,390.0,1.0,success,False,2026-08-27T21:49:27.090308+09:00
Rent Panel,1600.0,0.0,success,True,2026-08-18T07:52:55.085793+09:00
Rent Pass,170.0,1.0,success,False,2026-08-21T00:27:32.429911+09:00
Rent Path,720.0,17.0,success,False,2026-08-17T21:30:38.829852+09:00
Rent Payoff,,,failed,False,2026-08-27T21:49:29.301041+09:00
Rent Penalty,20.0,0.0,success,False,2026-08-23T16:39:23.209795+09:00
Rent Petition,30.0,0.0,success,False,2026-08-21T00:58:40.847726+09:00
Rent Pilot,110.0,17.0,success,False,2026-08-17T20:38:36.286112+09:00
Rent Plan,720.0,36.0,success,False,2026-08-21T01:51:29.207159+09:00
Rent Planner,720.0,36.0,success,False,2026-08-17T23:04:42.962346+09:00
Rent Playbook,,,failed,False,2026-08-18T22:10:56.062577+09:00
Rent Point,1600.0,9.0,success,False,2026-08-17T20:48:21.583177+09:00
Rent Portal,5400.0,19.0,success,False,2026-08-17T20:33:30.325030+09:00
Rent Preview,10.0,0.0,success,False,2026-08-28T01:03:25.191639+09:00
Rent Profile,1000.0,13.0,success,False,2026-08-19T13:41:50.563536+09:00
Rent Profit,110.0,5.0,success,False,2026-08-23T02:54:59.727215+09:00
Rent Proposal,260.0,11.0,success,False,2026-08-28T01:03:27.794966+09:00
Rent Pulse,10.0,0.0,success,False,2026-08-17T21:33:00.443260+09:00
Rent Queue,,,failed,False,2026-08-19T21:14:07.516927+09:00
Rent Quota,,,failed,False,2026-08-21T00:28:32.365756+09:00
Rent Radar,480.0,39.0,success,False,2026-08-17T20:36:48.387810+09:00
Rent Rail,,,failed,False,2026-08-17T21:35:33.419897+09:00
Rent Rate,1900.0,3.0,success,False,2026-08-19T20:40:35.383963+09:00
Rent Recap,,,failed,False,2026-08-21T01:00:06.148655+09:00
Rent Receipt,22200.0,99.0,success,False,2026-08-19T21:59:26.927876+09:00
Rent Recorder,10.0,39.0,success,False,2026-08-27T23:32:36.959010+09:00
Rent Register,5400.0,0.0,success,True,2026-08-17T23:15:12.775041+09:00
Rent Registry,5400.0,0.0,success,True,2026-08-18T22:11:30.674698+09:00
Rent Relay,20.0,1.0,success,False,2026-08-17T20:35:50.076535+09:00
Rent Reminder,170.0,6.0,success,False,2026-08-19T21:13:23.011051+09:00
Rent Report,1900.0,44.0,success,False,2026-08-19T13:39:26.336599+09:00
Rent Repository,,,failed,False,2026-08-27T23:10:17.409830+09:00
Rent Roadmap,,,failed,False,2026-08-18T22:12:10.821921+09:00
Rent Roster,10.0,6.0,success,False,2026-08-19T00:36:50.417664+09:00
Rent Route,,,failed,False,2026-08-17T21:37:44.992622+09:00
Rent Rule,1300.0,5.0,success,False,2026-08-23T03:20:00.686198+09:00
Rent Sale,720.0,8.0,success,False,2026-08-21T02:24:19.138497+09:00
Rent Sample,50.0,14.0,success,False,2026-08-19T22:00:29.201659+09:00
Rent Scale,390.0,41.0,success,False,2026-08-17T21:39:05.774100+09:00
Rent Scheduler,,,failed,False,2026-08-17T23:26:31.743192+09:00
Rent Scope,70.0,5.0,success,False,2026-08-17T21:36:07.544663+09:00
Rent Score,320.0,40.0,success,False,2026-08-19T13:40:58.883457+09:00
Rent Sentry,,,failed,False,2026-08-17T20:45:33.619281+09:00
Rent Sheet,140.0,8.0,success,False,2026-08-19T13:40:23.135378+09:00
Rent Shortfall,70.0,1.0,success,False,2026-08-27T21:49:33.781529+09:00
Rent Signal,1300.0,98.0,success,False,2026-08-17T21:38:15.647846+09:00
Rent Signature,10.0,0.0,success,False,2026-08-23T13:27:02.624073+09:00
Rent Slip,880.0,18.0,success,False,2026-08-19T22:00:20.280558+09:00
Rent Slot,,,failed,False,2026-08-19T22:00:41.038270+09:00
Rent Snapshot,,,failed,False,2026-08-18T22:11:11.945944+09:00
Rent Stage,6600.0,54.0,success,False,2026-08-28T00:46:24.719309+09:00
Rent Stake,,,failed,False,2026-08-23T02:55:08.559599+09:00
Rent Statement,1300.0,13.0,success,False,2026-08-21T00:28:00.116915+09:00
Rent Station,590.0,2.0,success,False,2026-08-17T20:37:16.947301+09:00
Rent Status,70.0,1.0,success,False,2026-08-19T20:39:52.613613+09:00
Rent Stipend,50.0,12.0,success,False,2026-08-23T13:46:43.137504+09:00
Rent Streak,,,failed,False,2026-08-28T00:46:27.391148+09:00
Rent Stub,70.0,5.0,success,False,2026-08-21T00:27:53.671746+09:00
Rent Studio,49500.0,47.0,success,False,2026-08-17T20:39:06.787331+09:00
Rent Subsidy,4400.0,4.0,success,False,2026-08-23T15:51:47.066948+09:00
Rent Suite,2400.0,23.0,success,False,2026-08-17T23:26:02.617332+09:00
Rent Sum,,,failed,False,2026-08-21T02:23:59.841123+09:00
Rent Summary,320.0,1.0,success,False,2026-08-19T21:12:57.141262+09:00
Rent Surtax,,,failed,False,2026-08-23T15:51:49.176648+09:00
Rent Sync,1900.0,18.0,success,False,2026-08-17T20:41:08.316613+09:00
Rent Tab,880.0,11.0,success,False,2026-08-21T00:28:46.684495+09:00
Rent Table,18100.0,59.0,success,False,2026-08-19T21:59:58.757000+09:00
Rent Tag,110.0,16.0,success,False,2026-08-19T13:41:39.168311+09:00
Rent Tally,170.0,17.0,success,False,2026-08-21T00:28:11.670318+09:00
Rent Tariff,,,failed,False,2026-08-21T02:40:25.117501+09:00
Rent Tax,2400.0,3.0,success,False,2026-08-21T02:08:27.719210+09:00
Rent Ticket,4400.0,28.0,success,False,2026-08-19T21:13:57.456241+09:00
Rent Tier,10.0,0.0,success,False,2026-08-28T00:46:30.511685+09:00
Rent Timeline,20.0,0.0,success,False,2026-08-19T21:13:13.092758+09:00
Rent Timer,,,failed,False,2026-08-28T00:22:23.551401+09:00
Rent Toll,720.0,5.0,success,False,2026-08-21T02:40:14.671503+09:00
Rent Toolbox,,,failed,False,2026-08-28T00:22:28.798439+09:00
Rent Toolkit,,,failed,False,2026-08-18T22:10:48.955418+09:00
Rent Total,480.0,61.0,success,False,2026-08-27T23:10:12.340839+09:00
Rent Tracker,880.0,21.0,success,False,2026-08-17T20:41:58.937145+09:00
Rent Trail,880.0,4.0,success,False,2026-08-17T21:34:29.947705+09:00
Rent Trend,590.0,3.0,success,False,2026-08-28T01:03:21.195109+09:00
Rent Trial,,,failed,False,2026-08-27T21:18:16.007823+09:00
Rent Unit,2900.0,20.0,success,False,2026-08-21T01:51:26.021065+09:00
Rent Update,50.0,1.0,success,False,2026-08-19T20:40:42.900088+09:00
Rent Value,1300.0,28.0,success,False,2026-08-23T02:55:04.865137+09:00
Rent Vault,1900.0,3.0,success,False,2026-08-17T20:34:48.922886+09:00
Rent Version,,,failed,False,2026-08-23T03:19:53.710314+09:00
Rent View,480.0,9.0,success,False,2026-08-19T20:40:02.454787+09:00
Rent Voucher,1300.0,13.0,success,False,2026-08-21T00:27:37.591897+09:00
Rent Wallet,10.0,16.0,success,False,2026-08-27T22:44:24.073756+09:00
Rent Watch,2900.0,23.0,success,False,2026-08-17T21:37:05.127331+09:00
Rent Wave,50.0,1.0,success,False,2026-08-17T21:31:46.266854+09:00
Rent Widget,,,failed,False,2026-08-27T23:10:14.890839+09:00
Rent Workbench,10.0,0.0,success,False,2026-08-18T22:10:38.085042+09:00
Rent Worksheet,50.0,6.0,success,False,2026-08-27T22:14:02.180893+09:00
Rent Zone,1900.0,8.0,success,False,2026-08-17T20:34:23.568448+09:00
Rental Advance,1000.0,16.0,success,False,2026-08-23T16:13:20.971458+09:00
Rental Advisory,30.0,2.0,success,False,2026-08-21T01:02:52.646086+09:00
Rental Allowance,1900.0,1.0,success,False,2026-08-21T02:43:59.643244+09:00
Rental Analyzer,70.0,52.0,success,False,2026-08-27T23:57:45.055012+09:00
Rental Arrears,6600.0,3.0,success,False,2026-08-23T16:13:20.971458+09:00
Rental Asset,140.0,5.0,success,False,2026-08-23T13:46:02.473862+09:00
Rental Assistant,74000.0,34.0,success,False,2026-08-19T12:23:36.492658+09:00
Rental Atlas,,,failed,False,2026-08-19T12:23:14.200437+09:00
Rental Badge,,,failed,False,2026-08-21T00:27:03.794080+09:00
Rental Balance,1000.0,0.0,success,True,2026-08-23T13:46:02.473862+09:00
Rental Base,70.0,6.0,success,False,2026-08-19T12:27:08.334680+09:00
Rental Beacon,590.0,65.0,success,False,2026-08-19T12:26:37.096559+09:00
Rental Bill,1300.0,7.0,success,False,2026-08-19T22:04:10.383393+09:00
Rental Board,2400.0,3.0,success,False,2026-08-19T12:27:23.710394+09:00
Rental Book,12100.0,22.0,success,False,2026-08-19T22:05:04.840486+09:00
Rental Bridge,170.0,4.0,success,False,2026-08-19T12:26:44.704983+09:00
Rental Brief,,,failed,False,2026-08-21T01:01:41.528292+09:00
Rental Bulletin,,,failed,False,2026-08-21T01:01:39.197827+09:00
Rental Cabinet,110.0,47.0,success,False,2026-08-27T23:14:41.720422+09:00
Rental Calculator,6600.0,17.0,success,False,2026-08-27T23:35:38.281742+09:00
Rental Calendar,260.0,17.0,success,False,2026-08-19T12:24:37.833597+09:00
Rental Card,301000.0,67.0,success,False,2026-08-19T13:41:50.563536+09:00
Rental Cascade,,,failed,False,2026-08-19T12:26:41.238307+09:00
Rental Cash,210.0,15.0,success,False,2026-08-21T02:28:08.522679+09:00
Rental Cashback,,,failed,False,2026-08-27T21:16:07.337495+09:00
Rental Catalog,50.0,3.0,success,False,2026-08-19T21:18:53.314989+09:00
Rental Center,14800.0,44.0,success,False,2026-08-19T12:27:36.694411+09:00
Rental Chain,110.0,22.0,success,False,2026-08-19T12:22:54.076804+09:00
Rental Charge,1000.0,1.0,success,False,2026-08-21T02:43:53.941468+09:00
Rental Check,6600.0,13.0,success,False,2026-08-19T13:42:11.114118+09:00
Rental Checker,6600.0,13.0,success,False,2026-08-27T23:57:37.780075+09:00
Rental Checklist,480.0,29.0,success,False,2026-08-19T21:17:59.528469+09:00
Rental Circular,,,failed,False,2026-08-21T01:01:44.513558+09:00
Rental Code,720.0,6.0,success,False,2026-08-19T22:04:30.317454+09:00
Rental Companion,210.0,2.0,success,False,2026-08-19T12:23:56.615526+09:00
Rental Comparison,320.0,23.0,success,False,2026-08-28T01:08:23.846955+09:00
Rental Compass,140.0,14.0,success,False,2026-08-19T12:26:33.810025+09:00
Rental Confirmation,40.0,3.0,success,False,2026-08-21T01:02:57.004719+09:00
Rental Console,2400.0,39.0,success,False,2026-08-19T12:27:46.282540+09:00
Rental Contribution,,,failed,False,2026-08-23T16:13:18.611192+09:00
Rental Copayment,,,failed,False,2026-08-23T16:38:29.056767+09:00
Rental Core,,,failed,False,2026-08-19T12:27:13.663496+09:00
Rental Cost,18100.0,1.0,success,False,2026-08-21T02:11:38.732794+09:00
Rental Count,,,failed,False,2026-08-27T22:49:02.475082+09:00
Rental Counter,140.0,19.0,success,False,2026-08-19T12:24:52.766988+09:00
Rental Coupon,90.0,40.0,success,False,2026-08-27T21:16:07.337495+09:00
Rental Deal,880.0,44.0,success,False,2026-08-21T01:55:44.868962+09:00
Rental Debt,1900.0,27.0,success,False,2026-08-21T02:28:00.693334+09:00
Rental Deck,210.0,10.0,success,False,2026-08-19T12:27:23.710394+09:00
Rental Desk,2900.0,25.0,success,False,2026-08-19T12:26:22.946559+09:00
Rental Detail,260.0,1.0,success,False,2026-08-23T03:24:25.190204+09:00
Rental Detector,,,failed,False,2026-08-27T23:57:42.673163+09:00
Rental Diagram,,,failed,False,2026-08-27T22:10:53.228398+09:00
Rental Digest,10.0,0.0,success,False,2026-08-19T20:42:46.732728+09:00
Rental Directory,20.0,16.0,success,False,2026-08-19T12:24:37.833597+09:00
Rental Discount,390.0,39.0,success,False,2026-08-23T16:13:14.533515+09:00
Rental Dossier,,,failed,False,2026-08-21T01:02:09.128989+09:00
Rental Downpayment,,,failed,False,2026-08-27T21:47:17.528863+09:00
Rental Draft,,,failed,False,2026-08-19T20:43:04.288794+09:00
Rental Due,2400.0,0.0,success,True,2026-08-23T15:51:18.067623+09:00
Rental Duty,,,failed,False,2026-08-21T02:43:57.292345+09:00
Rental Engine,1600.0,9.0,success,False,2026-08-19T12:23:36.492658+09:00
Rental Entry,,,failed,False,2026-08-21T01:02:18.161248+09:00
Rental Estimate,5400.0,48.0,success,False,2026-08-19T21:18:40.810817+09:00
Rental Estimator,1600.0,55.0,success,False,2026-08-27T23:57:37.780075+09:00
Rental Excerpt,,,failed,False,2026-08-21T01:03:02.120644+09:00
Rental Extension,260.0,7.0,success,False,2026-08-23T16:38:31.502720+09:00
Rental Fare,40.0,5.0,success,False,2026-08-21T02:11:43.167775+09:00
Rental Fee,1900.0,1.0,success,False,2026-08-21T01:55:28.445824+09:00
Rental Feed,,,failed,False,2026-08-19T20:42:55.526386+09:00
Rental Field,590.0,4.0,success,False,2026-08-23T13:04:48.308189+09:00
Rental File,40.0,0.0,success,False,2026-08-19T20:42:19.980728+09:00
Rental Finder,14800.0,56.0,success,False,2026-08-19T12:24:48.425289+09:00
Rental Fine,,,failed,False,2026-08-23T02:58:06.031542+09:00
Rental Flag,210.0,37.0,success,False,2026-08-21T00:27:57.987466+09:00
Rental Flow,210.0,14.0,success,False,2026-08-19T12:26:17.646351+09:00
Rental Forge,,,failed,False,2026-08-19T12:26:41.238307+09:00
Rental Form,1600.0,44.0,success,False,2026-08-19T13:41:39.168311+09:00
Rental Format,1600.0,44.0,success,False,2026-08-23T13:04:54.297618+09:00
Rental Frame,30.0,26.0,success,False,2026-08-19T12:27:08.334680+09:00
Rental Fund,390.0,16.0,success,False,2026-08-21T02:28:03.624635+09:00
Rental Gate,,,failed,False,2026-08-19T12:23:01.868954+09:00
Rental Generator,27100.0,57.0,success,False,2026-08-27T23:35:43.099138+09:00
Rental Giveaway,,,failed,False,2026-08-27T21:16:16.799513+09:00
Rental Grade,,,failed,False,2026-08-21T00:27:37.591897+09:00
Rental Graph,,,failed,False,2026-08-27T22:10:43.212581+09:00
Rental Grid,50.0,13.0,success,False,2026-08-19T12:26:55.574795+09:00
Rental Guarantee,1000.0,41.0,success,False,2026-08-28T01:08:26.427990+09:00
Rental Guardian,480.0,16.0,success,False,2026-08-28T00:26:44.575613+09:00
Rental Helpdesk,,,failed,False,2026-08-27T22:49:02.475082+09:00
Rental Helper,9900.0,54.0,success,False,2026-08-28T00:26:47.602211+09:00
Rental History,4400.0,43.0,success,False,2026-08-19T20:42:14.870990+09:00
Rental Hotline,90.0,5.0,success,False,2026-08-19T21:19:08.211207+09:00
Rental Hub,1000.0,7.0,success,False,2026-08-19T12:26:17.646351+09:00
Rental Identifier,,,failed,False,2026-08-23T13:04:45.223955+09:00
Rental Incentive,140.0,1.0,success,False,2026-08-27T21:16:10.166929+09:00
Rental Index,5400.0,6.0,success,False,2026-08-19T21:18:08.963564+09:00
Rental Installment,210.0,47.0,success,False,2026-08-23T16:13:18.611192+09:00
Rental Interest,90.0,0.0,success,False,2026-08-23T13:46:02.473862+09:00
Rental Item,880.0,24.0,success,False,2026-08-21T01:55:30.531800+09:00
Rental Journal,,,failed,False,2026-08-19T12:24:09.089995+09:00
Rental Keeper,30.0,14.0,success,False,2026-08-19T12:23:26.790500+09:00
Rental Lab,590.0,13.0,success,False,2026-08-19T12:27:31.967553+09:00
Rental Label,,,failed,False,2026-08-27T22:10:43.212581+09:00
Rental Ledger,9900.0,49.0,success,False,2026-08-19T12:27:18.963883+09:00
Rental Level,70.0,1.0,success,False,2026-08-19T20:42:27.783446+09:00
Rental Levy,40.0,0.0,success,False,2026-08-23T13:46:12.042463+09:00
Rental Link,720.0,7.0,success,False,2026-08-23T03:24:18.387553+09:00
Rental List,3600.0,28.0,success,False,2026-08-19T22:04:42.218437+09:00
Rental Loan,1900.0,69.0,success,False,2026-08-21T02:11:50.760630+09:00
Rental Locator,880.0,25.0,success,False,2026-08-19T12:24:44.570895+09:00
Rental Log,260.0,16.0,success,False,2026-08-19T13:41:17.239436+09:00
Rental Loop,,,failed,False,2026-08-19T12:26:50.558135+09:00
Rental Manager,14800.0,37.0,success,False,2026-08-19T12:23:26.790500+09:00
Rental Manual,,,failed,False,2026-08-27T22:10:48.957356+09:00
Rental Map,6600.0,8.0,success,False,2026-08-19T12:27:05.323167+09:00
Rental Margin,,,failed,False,2026-08-23T02:58:03.774409+09:00
Rental Marker,10.0,1.0,success,False,2026-08-23T13:26:46.141852+09:00
Rental Markup,,,failed,False,2026-08-23T16:38:26.896926+09:00
Rental Memo,,,failed,False,2026-08-21T00:27:45.495734+09:00
Rental Message,,,failed,False,2026-08-27T23:14:37.141829+09:00
Rental Monitor,2900.0,30.0,success,False,2026-08-19T12:23:48.028309+09:00
Rental Nexus,40.0,6.0,success,False,2026-08-19T12:23:01.868954+09:00
Rental Note,320.0,5.0,success,False,2026-08-19T13:42:33.755752+09:00
Rental Notification,50.0,2.0,success,False,2026-08-27T22:48:58.866644+09:00
Rental Number,1300.0,13.0,success,False,2026-08-23T03:24:09.830834+09:00
Rental Office,40500.0,41.0,success,False,2026-08-19T12:24:48.425289+09:00
Rental Ops,,,failed,False,2026-08-19T12:24:05.330216+09:00
Rental Order,50.0,0.0,success,False,2026-08-19T22:03:59.574342+09:00
Rental Overage,,,failed,False,2026-08-27T21:47:15.270708+09:00
Rental Overdue,,,failed,False,2026-08-27T21:47:13.030634+09:00
Rental Panel,1600.0,0.0,success,True,2026-08-19T12:27:49.196174+09:00
Rental Pass,170.0,1.0,success,False,2026-08-21T00:26:46.014545+09:00
Rental Path,,,failed,False,2026-08-19T12:26:57.441352+09:00
Rental Payoff,,,failed,False,2026-08-27T21:47:13.030634+09:00
Rental Penalty,,,failed,False,2026-08-23T16:38:26.896926+09:00
Rental Petition,30.0,0.0,success,False,2026-08-21T01:02:00.042656+09:00
Rental Plan,720.0,36.0,success,False,2026-08-21T01:55:42.683026+09:00
Rental Planner,40.0,27.0,success,False,2026-08-19T12:23:40.274403+09:00
Rental Playbook,,,failed,False,2026-08-19T12:24:09.089995+09:00
Rental Point,1600.0,9.0,success,False,2026-08-19T12:27:02.281369+09:00
Rental Portal,5400.0,19.0,success,False,2026-08-19T12:27:46.282540+09:00
Rental Profile,1000.0,13.0,success,False,2026-08-19T13:21:15.307510+09:00
Rental Profit,110.0,5.0,success,False,2026-08-23T02:57:59.639367+09:00
Rental Proposal,260.0,11.0,success,False,2026-08-28T01:08:23.846955+09:00
Rental Queue,10.0,0.0,success,False,2026-08-19T21:18:30.637363+09:00
Rental Quota,10.0,0.0,success,False,2026-08-21T00:27:51.416222+09:00
Rental Radar,480.0,39.0,success,False,2026-08-19T12:26:26.109725+09:00
Rental Rail,,,failed,False,2026-08-19T12:27:54.241154+09:00
Rental Rate,1900.0,3.0,success,False,2026-08-19T20:42:32.517249+09:00
Rental Recap,,,failed,False,2026-08-21T01:02:11.159896+09:00
Rental Receipt,22200.0,99.0,success,False,2026-08-19T22:04:20.465966+09:00
Rental Recorder,10.0,39.0,success,False,2026-08-27T23:35:43.099138+09:00
Rental Redemption,,,failed,False,2026-08-23T16:38:29.056767+09:00
Rental Register,5400.0,0.0,success,True,2026-08-19T12:23:56.615526+09:00
Rental Registry,260.0,3.0,success,False,2026-08-19T12:24:32.971008+09:00
Rental Relay,20.0,1.0,success,False,2026-08-19T12:26:30.202611+09:00
Rental Reminder,50.0,10.0,success,False,2026-08-19T21:17:51.663250+09:00
Rental Report,1900.0,44.0,success,False,2026-08-19T13:40:58.883457+09:00
Rental Repository,,,failed,False,2026-08-27T23:14:44.010079+09:00
Rental Roster,,,failed,False,2026-08-19T12:25:46.286307+09:00
Rental Route,,,failed,False,2026-08-19T12:27:54.241154+09:00
Rental Rule,1300.0,5.0,success,False,2026-08-23T03:24:21.370472+09:00
Rental Sale,720.0,8.0,success,False,2026-08-21T02:28:12.321639+09:00
Rental Sample,50.0,14.0,success,False,2026-08-19T22:05:28.406409+09:00
Rental Scale,390.0,41.0,success,False,2026-08-19T12:27:49.196174+09:00
Rental Scheduler,,,failed,False,2026-08-19T12:23:48.028309+09:00
Rental Scope,,,failed,False,2026-08-19T12:26:50.558135+09:00
Rental Score,320.0,40.0,success,False,2026-08-19T13:42:25.449993+09:00
Rental Sheet,140.0,8.0,success,False,2026-08-19T13:42:03.157163+09:00
Rental Shortfall,70.0,1.0,success,False,2026-08-27T21:47:19.918276+09:00
Rental Signal,,,failed,False,2026-08-19T12:26:44.704983+09:00
Rental Signature,,,failed,False,2026-08-23T13:26:43.446955+09:00
Rental Slip,880.0,18.0,success,False,2026-08-19T22:05:19.679261+09:00
Rental Slot,40.0,0.0,success,False,2026-08-19T22:05:38.259870+09:00
Rental Stake,,,failed,False,2026-08-23T02:58:01.593171+09:00
Rental Stamp,110.0,6.0,success,False,2026-08-23T13:26:49.261296+09:00
Rental Statement,1300.0,13.0,success,False,2026-08-21T00:27:22.208885+09:00
Rental Station,590.0,2.0,success,False,2026-08-19T12:27:31.967553+09:00
Rental Status,70.0,1.0,success,False,2026-08-19T20:41:57.553937+09:00
Rental Stub,,,failed,False,2026-08-21T00:27:12.597515+09:00
Rental Studio,49500.0,47.0,success,False,2026-08-19T12:27:27.714904+09:00
Rental Subsidy,4400.0,4.0,success,False,2026-08-23T15:51:18.067623+09:00
Rental Sum,,,failed,False,2026-08-21T02:27:53.442278+09:00
Rental Summary,320.0,1.0,success,False,2026-08-19T21:17:33.160544+09:00
Rental Tab,880.0,11.0,success,False,2026-08-21T00:28:09.542795+09:00
Rental Table,18100.0,59.0,success,False,2026-08-19T22:04:53.715623+09:00
Rental Tag,110.0,16.0,success,False,2026-08-19T13:20:57.045829+09:00
Rental Tally,170.0,17.0,success,False,2026-08-21T00:27:30.325740+09:00
Rental Tariff,10.0,0.0,success,False,2026-08-21T02:44:02.769477+09:00
Rental Tax,2400.0,3.0,success,False,2026-08-21T02:11:46.716437+09:00
Rental Ticket,4400.0,28.0,success,False,2026-08-19T21:18:19.882315+09:00
Rental Tier,,,failed,False,2026-08-28T00:48:30.764034+09:00
Rental Timeline,20.0,0.0,success,False,2026-08-19T21:17:42.432873+09:00
Rental Timer,,,failed,False,2026-08-28T00:26:42.212784+09:00
Rental Token,320.0,25.0,success,False,2026-08-23T13:26:43.446955+09:00
Rental Toll,720.0,5.0,success,False,2026-08-21T02:43:57.292345+09:00
Rental Toolbox,20.0,16.0,success,False,2026-08-28T00:26:44.575613+09:00
Rental Total,480.0,61.0,success,False,2026-08-27T23:14:37.141829+09:00
Rental Tracker,880.0,21.0,success,False,2026-08-19T12:26:15.531413+09:00
Rental Trail,880.0,4.0,success,False,2026-08-19T12:22:47.160144+09:00
Rental Trend,590.0,3.0,success,False,2026-08-28T01:08:20.327245+09:00
Rental Trial,10.0,8.0,success,False,2026-08-27T21:16:10.166929+09:00
Rental Unit,2900.0,20.0,success,False,2026-08-21T01:55:33.628108+09:00
Rental Update,50.0,1.0,success,False,2026-08-19T20:42:37.692999+09:00
Rental Value,1300.0,28.0,success,False,2026-08-23T02:57:59.639367+09:00
Rental Vault,,,failed,False,2026-08-19T12:26:30.202611+09:00
Rental Version,,,failed,False,2026-08-23T03:24:13.637906+09:00
Rental View,480.0,9.0,success,False,2026-08-19T20:42:06.894940+09:00
Rental Voucher,1300.0,13.0,success,False,2026-08-21T00:26:53.623558+09:00
Rental Watch,2900.0,23.0,success,False,2026-08-19T12:26:47.247206+09:00
Rental Wave,,,failed,False,2026-08-19T12:26:57.441352+09:00
Rental Widget,,,failed,False,2026-08-27T23:14:41.720422+09:00
Rental Worksheet,50.0,6.0,success,False,2026-08-27T22:10:53.228398+09:00
Rental Zone,1900.0,8.0,success,False,2026-08-19T12:27:39.796113+09:00
Repair Advance,30.0,98.0,success,False,2026-08-23T16:15:50.711564+09:00
Repair Advisory,,,failed,False,2026-08-21T01:03:51.285961+09:00
Repair Alert,,,failed,False,2026-08-19T20:38:46.605593+09:00
Repair Allowance,10.0,0.0,success,False,2026-08-21T02:45:44.220380+09:00
Repair Analyzer,,,failed,False,2026-08-27T23:52:32.506891+09:00
Repair Announcement,,,failed,False,2026-08-27T23:32:26.212741+09:00
Repair Arrears,,,failed,False,2026-08-23T16:15:47.536999+09:00
Repair Assistant,1000.0,1.0,success,False,2026-08-19T20:47:55.040652+09:00
Repair Attribute,,,failed,False,2026-08-23T13:06:27.049949+09:00
Repair Badge,40.0,8.0,success,False,2026-08-21T00:28:20.735517+09:00
Repair Balance,50.0,13.0,success,False,2026-08-23T13:47:13.508679+09:00
Repair Bay,1300.0,4.0,success,False,2026-08-19T20:37:31.186118+09:00
Repair Bill,320.0,2.0,success,False,2026-08-19T22:03:59.574342+09:00
Repair Board,1300.0,8.0,success,False,2026-08-19T20:45:48.837053+09:00
Repair Book,2900.0,17.0,success,False,2026-08-19T22:04:57.454275+09:00
Repair Brief,,,failed,False,2026-08-21T01:03:40.572054+09:00
Repair Bulletin,,,failed,False,2026-08-21T01:03:36.375895+09:00
Repair Calculator,590.0,1.0,success,False,2026-08-27T23:32:26.212741+09:00
Repair Calendar,30.0,0.0,success,False,2026-08-19T20:48:55.006137+09:00
Repair Card,1600.0,4.0,success,False,2026-08-19T20:40:28.949050+09:00
Repair Cash,40.0,9.0,success,False,2026-08-21T02:29:49.445628+09:00
Repair Cashback,,,failed,False,2026-08-27T21:18:52.051068+09:00
Repair Catalog,10.0,3.0,success,False,2026-08-19T21:17:53.819858+09:00
Repair Category,30.0,0.0,success,False,2026-08-23T13:06:27.049949+09:00
Repair Center,6600.0,4.0,success,False,2026-08-19T20:46:20.200545+09:00
Repair Charge,1000.0,0.0,success,True,2026-08-21T02:45:36.117852+09:00
Repair Chart,10.0,0.0,success,False,2026-08-19T20:38:57.092601+09:00
Repair Check,210.0,44.0,success,False,2026-08-19T20:40:46.834660+09:00
Repair Checker,,,failed,False,2026-08-27T23:52:22.402919+09:00
Repair Checklist,50.0,0.0,success,False,2026-08-19T21:17:02.639874+09:00
Repair Circular,,,failed,False,2026-08-21T01:03:45.407835+09:00
Repair Code,170.0,1.0,success,False,2026-08-19T22:04:20.465966+09:00
Repair Companion,20.0,0.0,success,False,2026-08-19T20:48:23.205403+09:00
Repair Comparison,,,failed,False,2026-08-28T01:04:00.519509+09:00
Repair Confirmation,,,failed,False,2026-08-21T01:04:00.035751+09:00
Repair Console,8100.0,8.0,success,False,2026-08-19T20:46:36.801455+09:00
Repair Contribution,,,failed,False,2026-08-23T16:15:43.832612+09:00
Repair Cost,4400.0,0.0,success,True,2026-08-21T02:12:54.787375+09:00
Repair Count,,,failed,False,2026-08-27T22:44:05.542192+09:00
Repair Counter,2900.0,69.0,success,False,2026-08-19T20:49:23.220357+09:00
Repair Coupon,10.0,2.0,success,False,2026-08-27T21:18:52.051068+09:00
Repair Deal,,,failed,False,2026-08-21T01:56:48.479807+09:00
Repair Debt,210.0,55.0,success,False,2026-08-21T02:29:40.223505+09:00
Repair Desk,6600.0,6.0,success,False,2026-08-19T20:43:04.288794+09:00
Repair Detail,,,failed,False,2026-08-23T03:16:51.782987+09:00
Repair Detector,,,failed,False,2026-08-27T23:52:30.197940+09:00
Repair Digest,,,failed,False,2026-08-19T20:42:21.972075+09:00
Repair Directory,20.0,0.0,success,False,2026-08-19T20:49:01.783681+09:00
Repair Discount,,,failed,False,2026-08-23T16:15:40.537214+09:00
Repair Dossier,,,failed,False,2026-08-21T01:04:04.572867+09:00
Repair Downpayment,,,failed,False,2026-08-27T21:49:57.609346+09:00
Repair Draft,,,failed,False,2026-08-19T20:42:32.517249+09:00
Repair Due,,,failed,False,2026-08-23T15:52:15.458518+09:00
Repair Duty,,,failed,False,2026-08-21T02:45:38.713397+09:00
Repair Engine,49500.0,17.0,success,False,2026-08-19T20:47:48.078194+09:00
Repair Entry,10.0,0.0,success,False,2026-08-21T01:04:22.356565+09:00
Repair Estimate,1300.0,9.0,success,False,2026-08-19T21:17:45.288805+09:00
Repair Estimator,170.0,15.0,success,False,2026-08-27T23:52:16.469073+09:00
Repair Excerpt,,,failed,False,2026-08-21T01:04:18.102523+09:00
Repair Extension,140.0,5.0,success,False,2026-08-23T16:39:47.689837+09:00
Repair Fare,,,failed,False,2026-08-21T02:13:04.369688+09:00
Repair Fee,210.0,0.0,success,False,2026-08-21T01:56:25.732902+09:00
Repair Feed,,,failed,False,2026-08-19T20:42:27.783446+09:00
Repair File,2400.0,12.0,success,False,2026-08-19T20:41:51.151726+09:00
Repair Finder,30.0,9.0,success,False,2026-08-19T20:49:12.755513+09:00
Repair Fine,,,failed,False,2026-08-23T02:52:59.926815+09:00
Repair Flag,140.0,17.0,success,False,2026-08-21T00:29:13.109702+09:00
Repair Flow,110.0,5.0,success,False,2026-08-19T20:42:46.732728+09:00
Repair Form,260.0,21.0,success,False,2026-08-19T20:40:22.983274+09:00
Repair Format,260.0,21.0,success,False,2026-08-23T13:06:31.775349+09:00
Repair Fund,60500.0,30.0,success,False,2026-08-21T02:29:47.040271+09:00
Repair Gate,140.0,35.0,success,False,2026-08-19T20:47:17.630061+09:00
Repair Generator,18100.0,18.0,success,False,2026-08-27T23:32:36.959010+09:00
Repair Giveaway,,,failed,False,2026-08-27T21:19:05.213789+09:00
Repair Grade,,,failed,False,2026-08-21T00:28:49.114338+09:00
Repair Graph,,,failed,False,2026-08-27T22:14:21.289312+09:00
Repair Grid,,,failed,False,2026-08-19T20:44:39.695908+09:00
Repair Guarantee,20.0,0.0,success,False,2026-08-28T01:04:09.060597+09:00
Repair Guardian,,,failed,False,2026-08-28T00:22:52.095414+09:00
Repair Helpdesk,,,failed,False,2026-08-27T22:44:08.062899+09:00
Repair Helper,20.0,0.0,success,False,2026-08-28T00:22:57.445324+09:00
Repair History,170.0,2.0,success,False,2026-08-19T20:41:45.467674+09:00
Repair Hotline,10.0,14.0,success,False,2026-08-19T21:18:01.862049+09:00
Repair Hub,8100.0,6.0,success,False,2026-08-19T20:42:59.296448+09:00
Repair Identifier,,,failed,False,2026-08-23T13:06:24.369926+09:00
Repair Inbox,20.0,17.0,success,False,2026-08-19T20:38:36.542684+09:00
Repair Incentive,,,failed,False,2026-08-27T21:19:01.624624+09:00
Repair Index,590.0,0.0,success,False,2026-08-19T21:17:13.210771+09:00
Repair Installment,,,failed,False,2026-08-23T16:15:43.832612+09:00
Repair Item,320.0,0.0,success,False,2026-08-21T01:56:34.859851+09:00
Repair Journal,40.0,3.0,success,False,2026-08-19T20:48:46.011592+09:00
Repair Keeper,,,failed,False,2026-08-19T20:47:36.057637+09:00
Repair Kiosk,70.0,1.0,success,False,2026-08-19T20:49:38.357241+09:00
Repair Kit,12100.0,34.0,success,False,2026-08-27T22:51:48.588261+09:00
Repair Label,170.0,59.0,success,False,2026-08-27T22:14:23.666536+09:00
Repair Ledger,,,failed,False,2026-08-19T20:45:40.802029+09:00
Repair Level,20.0,0.0,success,False,2026-08-19T20:41:59.995024+09:00
Repair Levy,,,failed,False,2026-08-23T13:47:13.508679+09:00
Repair Link,60500.0,0.0,success,True,2026-08-23T03:16:44.260724+09:00
Repair List,90.0,3.0,success,False,2026-08-19T22:04:30.317454+09:00
Repair Loan,170.0,47.0,success,False,2026-08-21T02:13:15.591815+09:00
Repair Locker,140.0,11.0,success,False,2026-08-19T20:49:28.954845+09:00
Repair Log,110.0,18.0,success,False,2026-08-19T20:40:13.253783+09:00
Repair Loop,70.0,1.0,success,False,2026-08-19T20:44:32.627645+09:00
Repair Manager,170.0,5.0,success,False,2026-08-19T20:47:43.737608+09:00
Repair Manual,2900.0,30.0,success,False,2026-08-27T22:14:28.911513+09:00
Repair Map,70.0,1.0,success,False,2026-08-19T20:45:12.440392+09:00
Repair Marker,110.0,100.0,success,False,2026-08-23T13:27:36.728702+09:00
Repair Markup,,,failed,False,2026-08-23T16:39:45.505448+09:00
Repair Memo,,,failed,False,2026-08-21T00:28:59.306676+09:00
Repair Message,10.0,0.0,success,False,2026-08-27T23:10:09.258839+09:00
Repair Monitor,14800.0,8.0,success,False,2026-08-19T20:48:17.948513+09:00
Repair Nexus,110.0,7.0,success,False,2026-08-19T20:47:25.892128+09:00
Repair Note,260.0,0.0,success,False,2026-08-19T20:41:06.982103+09:00
Repair Notification,,,failed,False,2026-08-27T22:51:48.588261+09:00
Repair Number,140.0,7.0,success,False,2026-08-23T03:16:36.835162+09:00
Repair Office,2400.0,1.0,success,False,2026-08-19T20:49:16.530394+09:00
Repair Ops,,,failed,False,2026-08-19T20:48:35.358478+09:00
Repair Order,880.0,41.0,success,False,2026-08-19T22:03:49.697196+09:00
Repair Overage,,,failed,False,2026-08-27T21:49:55.360701+09:00
Repair Overdue,,,failed,False,2026-08-27T21:49:50.641192+09:00
Repair Panel,260.0,15.0,success,False,2026-08-19T20:46:42.465530+09:00
Repair Pass,,,failed,False,2026-08-21T00:28:09.542795+09:00
Repair Path,90.0,100.0,success,False,2026-08-19T20:44:56.793146+09:00
Repair Payoff,,,failed,False,2026-08-27T21:49:53.079168+09:00
Repair Penalty,,,failed,False,2026-08-23T16:39:43.377708+09:00
Repair Petition,,,failed,False,2026-08-21T01:03:56.741736+09:00
Repair Plan,170.0,15.0,success,False,2026-08-21T01:56:42.470423+09:00
Repair Planner,170.0,15.0,success,False,2026-08-19T20:48:02.759483+09:00
Repair Playbook,10.0,,success,False,2026-08-19T20:48:40.120494+09:00
Repair Portal,90.0,1.0,success,False,2026-08-19T20:46:30.162701+09:00
Repair Preview,,,failed,False,2026-08-28T01:04:04.391433+09:00
Repair Profile,50.0,1.0,success,False,2026-08-19T20:41:22.304179+09:00
Repair Profit,,,failed,False,2026-08-23T02:52:51.254134+09:00
Repair Proposal,30.0,10.0,success,False,2026-08-28T01:04:09.060597+09:00
Repair Queue,30.0,0.0,success,False,2026-08-19T21:17:35.138769+09:00
Repair Quota,,,failed,False,2026-08-21T00:29:05.314041+09:00
Repair Rate,70.0,0.0,success,False,2026-08-19T20:42:09.827682+09:00
Repair Recap,,,failed,False,2026-08-21T01:04:11.301899+09:00
Repair Receipt,210.0,66.0,success,False,2026-08-19T22:04:10.383393+09:00
Repair Recorder,,,failed,False,2026-08-27T23:32:40.029337+09:00
Repair Register,880.0,10.0,success,False,2026-08-19T20:48:28.899410+09:00
Repair Registry,880.0,10.0,success,False,2026-08-19T20:48:51.281701+09:00
Repair Reminder,,,failed,False,2026-08-19T21:16:48.614230+09:00
Repair Report,1300.0,4.0,success,False,2026-08-19T20:40:02.454787+09:00
Repair Repository,10.0,0.0,success,False,2026-08-27T23:10:17.409830+09:00
Repair Result,70.0,0.0,success,False,2026-08-28T00:46:44.536375+09:00
Repair Roster,,,failed,False,2026-08-19T20:38:26.547735+09:00
Repair Route,,,failed,False,2026-08-19T20:46:51.690221+09:00
Repair Rule,,,failed,False,2026-08-23T03:16:47.860821+09:00
Repair Sale,30.0,3.0,success,False,2026-08-21T02:29:53.730886+09:00
Repair Sample,10.0,0.0,success,False,2026-08-19T22:05:19.679261+09:00
Repair Scanner,720.0,3.0,success,False,2026-08-27T23:52:26.282518+09:00
Repair Scheduler,480.0,22.0,success,False,2026-08-19T20:48:09.734804+09:00
Repair Scope,260.0,6.0,success,False,2026-08-19T20:44:23.661281+09:00
Repair Score,30.0,0.0,success,False,2026-08-19T20:40:53.028403+09:00
Repair Sheet,210.0,39.0,success,False,2026-08-19T20:40:37.869711+09:00
Repair Shortfall,,,failed,False,2026-08-27T21:50:00.180912+09:00
Repair Signal,10.0,0.0,success,False,2026-08-19T20:44:05.928260+09:00
Repair Signature,,,failed,False,2026-08-23T13:27:36.728702+09:00
Repair Slip,110.0,14.0,success,False,2026-08-19T22:05:08.787907+09:00
Repair Slot,,,failed,False,2026-08-19T22:05:28.406409+09:00
Repair Stage,50.0,9.0,success,False,2026-08-28T00:46:39.262631+09:00
Repair Stamp,590.0,4.0,success,False,2026-08-23T13:27:40.734961+09:00
Repair Statement,20.0,0.0,success,False,2026-08-21T00:28:35.603528+09:00
Repair Station,1600.0,2.0,success,False,2026-08-19T20:46:08.912085+09:00
Repair Status,720.0,0.0,success,False,2026-08-19T20:41:33.167361+09:00
Repair Stipend,,,failed,False,2026-08-23T13:47:15.992604+09:00
Repair Stub,,,failed,False,2026-08-21T00:28:30.302130+09:00
Repair Subsidy,,,failed,False,2026-08-23T15:52:18.208311+09:00
Repair Sum,,,failed,False,2026-08-21T02:29:36.697010+09:00
Repair Summary,,,failed,False,2026-08-19T21:16:23.704707+09:00
Repair Surtax,,,failed,False,2026-08-23T15:52:20.216125+09:00
Repair Tab,22200.0,6.0,success,False,2026-08-21T00:29:18.901587+09:00
Repair Table,1300.0,42.0,success,False,2026-08-19T22:04:42.218437+09:00
Repair Tag,720.0,100.0,success,False,2026-08-19T20:41:16.586784+09:00
Repair Tally,,,failed,False,2026-08-21T00:28:44.167575+09:00
Repair Tariff,,,failed,False,2026-08-21T02:36:33.361411+09:00
Repair Tax,590.0,38.0,success,False,2026-08-21T02:13:09.073610+09:00
Repair Ticker,,,failed,False,2026-08-19T20:39:32.642664+09:00
Repair Ticket,210.0,32.0,success,False,2026-08-19T21:17:25.572760+09:00
Repair Tier,,,failed,False,2026-08-28T00:46:47.850580+09:00
Repair Timeline,390.0,63.0,success,False,2026-08-19T21:16:33.965835+09:00
Repair Timer,390.0,63.0,success,False,2026-08-28T00:22:42.376773+09:00
Repair Token,10.0,,success,False,2026-08-23T13:27:34.278860+09:00
Repair Toll,90.0,2.0,success,False,2026-08-21T02:45:41.299406+09:00
Repair Toolbox,260.0,7.0,success,False,2026-08-28T00:22:54.713063+09:00
Repair Total,20.0,90.0,success,False,2026-08-27T23:10:12.340839+09:00
Repair Tracker,170.0,3.0,success,False,2026-08-19T20:42:39.884460+09:00
Repair Trail,,,failed,False,2026-08-19T20:47:03.354167+09:00
Repair Trend,,,failed,False,2026-08-28T01:03:55.063070+09:00
Repair Trial,20.0,0.0,success,False,2026-08-27T21:19:01.624624+09:00
Repair Unit,140.0,2.0,success,False,2026-08-21T01:56:38.086153+09:00
Repair Update,70.0,1.0,success,False,2026-08-19T20:42:14.870990+09:00
Repair Value,20.0,0.0,success,False,2026-08-23T02:52:54.203392+09:00
Repair Vault,,,failed,False,2026-08-19T20:43:26.923996+09:00
Repair Version,40.0,0.0,success,False,2026-08-23T03:16:39.334057+09:00
Repair View,10.0,0.0,success,False,2026-08-19T20:41:40.323358+09:00
Repair Voucher,50.0,3.0,success,False,2026-08-21T00:28:15.750952+09:00
Repair Watch,1300.0,25.0,success,False,2026-08-19T20:44:16.708983+09:00
Repair Wave,,,failed,False,2026-08-19T20:44:48.132741+09:00
Repair Widget,,,failed,False,2026-08-27T23:10:12.340839+09:00
Repair Window,49500.0,46.0,success,False,2026-08-19T20:39:47.752844+09:00
Repair Worksheet,10.0,0.0,success,False,2026-08-27T22:14:32.870267+09:00
Repair Workshop,1000.0,4.0,success,False,2026-08-28T00:22:49.083106+09:00
Repair Yard,390.0,81.0,success,False,2026-08-19T20:37:22.627194+09:00
Request Alert,,,failed,False,2026-08-21T01:35:17.900497+09:00
Request Allowance,,,failed,False,2026-08-21T02:45:25.368857+09:00
Request Analyzer,10.0,8.0,success,False,2026-08-27T23:52:10.807826+09:00
Request Announcement,,,failed,False,2026-08-27T23:32:01.853038+09:00
Request Assistant,,,failed,False,2026-08-21T01:24:18.567021+09:00
Request Atlas,,,failed,False,2026-08-21T01:23:54.627834+09:00
Request Badge,20.0,1.0,success,False,2026-08-21T01:19:03.432303+09:00
Request Base,140.0,2.0,success,False,2026-08-21T01:22:01.103254+09:00
Request Bay,,,failed,False,2026-08-21T01:25:46.762620+09:00
Request Beacon,,,failed,False,2026-08-21T01:20:51.576504+09:00
Request Bill,390.0,0.0,success,False,2026-08-21T01:18:06.634708+09:00
Request Bin,1900.0,2.0,success,False,2026-08-21T01:15:16.012738+09:00
Request Board,90.0,0.0,success,False,2026-08-21T01:22:23.798217+09:00
Request Booth,,,failed,False,2026-08-21T01:25:34.166599+09:00
Request Bridge,,,failed,False,2026-08-21T01:21:10.960024+09:00
Request Brief,,,failed,False,2026-08-21T01:19:38.159463+09:00
Request Bulletin,,,failed,False,2026-08-21T01:19:32.138069+09:00
Request Card,210.0,7.0,success,False,2026-08-21T01:16:11.158685+09:00
Request Cascade,,,failed,False,2026-08-21T01:21:04.299416+09:00
Request Cash,50.0,54.0,success,False,2026-08-21T02:29:22.487025+09:00
Request Center,140.0,0.0,success,False,2026-08-21T01:22:51.659146+09:00
Request Chain,30.0,2.0,success,False,2026-08-21T01:23:32.476935+09:00
Request Charge,,,failed,False,2026-08-21T02:45:16.049005+09:00
Request Chart,20.0,0.0,success,False,2026-08-21T01:26:44.593664+09:00
Request Check,140.0,14.0,success,False,2026-08-21T01:16:22.039842+09:00
Request Checker,140.0,14.0,success,False,2026-08-27T23:52:02.296949+09:00
Request Circular,,,failed,False,2026-08-21T01:19:41.393995+09:00
Request Code,480.0,3.0,success,False,2026-08-21T01:18:19.084511+09:00
Request Companion,,,failed,False,2026-08-21T01:24:33.847860+09:00
Request Comparison,,,failed,False,2026-08-28T01:03:48.385418+09:00
Request Compass,,,failed,False,2026-08-21T01:20:48.632862+09:00
Request Confirmation,210.0,0.0,success,False,2026-08-21T01:19:57.563871+09:00
Request Console,,,failed,False,2026-08-21T01:23:05.026470+09:00
Request Converter,,,failed,False,2026-08-27T23:32:06.818889+09:00
Request Core,,,failed,False,2026-08-21T01:22:07.036293+09:00
Request Cost,10.0,0.0,success,False,2026-08-21T02:12:31.205964+09:00
Request Count,90.0,1.0,success,False,2026-08-27T22:51:42.060485+09:00
Request Counter,90.0,1.0,success,False,2026-08-21T01:25:40.979194+09:00
Request Deal,,,failed,False,2026-08-21T01:56:19.157693+09:00
Request Debt,10.0,0.0,success,False,2026-08-21T02:29:14.750230+09:00
Request Deck,,,failed,False,2026-08-21T01:22:27.198742+09:00
Request Desk,20.0,0.0,success,False,2026-08-21T01:20:28.588615+09:00
Request Detail,390.0,0.0,success,False,2026-08-23T03:16:26.068243+09:00
Request Detector,,,failed,False,2026-08-27T23:52:08.286767+09:00
Request Directory,10.0,0.0,success,False,2026-08-21T01:25:07.930638+09:00
Request Downpayment,,,failed,False,2026-08-27T21:49:45.629659+09:00
Request Draft,,,failed,False,2026-08-21T01:17:33.437690+09:00
Request Due,10.0,0.0,success,False,2026-08-23T15:52:07.033808+09:00
Request Duty,20.0,0.0,success,False,2026-08-21T02:45:19.238792+09:00
Request Engine,10.0,0.0,success,False,2026-08-21T01:24:18.567021+09:00
Request Entry,30.0,0.0,success,False,2026-08-21T01:20:05.793508+09:00
Request Estimate,30.0,7.0,success,False,2026-08-21T01:35:17.900497+09:00
Request Estimator,,,failed,False,2026-08-27T23:51:57.345982+09:00
Request Extension,1600.0,0.0,success,True,2026-08-23T16:39:43.377708+09:00
Request Fare,,,failed,False,2026-08-21T02:12:39.261551+09:00
Request Fee,20.0,0.0,success,False,2026-08-21T01:56:03.758206+09:00
Request Feed,,,failed,False,2026-08-21T01:17:27.975074+09:00
Request File,1300.0,10.0,success,False,2026-08-21T01:17:02.274965+09:00
Request Fine,,,failed,False,2026-08-23T02:52:46.674301+09:00
Request Flow,70.0,1.0,success,False,2026-08-21T01:20:18.165253+09:00
Request Forge,,,failed,False,2026-08-21T01:21:00.134067+09:00
Request Form,5400.0,6.0,success,False,2026-08-21T01:16:06.736603+09:00
Request Format,5400.0,6.0,success,False,2026-08-23T13:06:17.940469+09:00
Request Frame,30.0,0.0,success,False,2026-08-21T01:21:58.894123+09:00
Request Fund,170.0,14.0,success,False,2026-08-21T02:29:19.301672+09:00
Request Gate,,,failed,False,2026-08-21T01:23:47.982205+09:00
Request Generator,30.0,1.0,success,False,2026-08-27T23:32:16.065535+09:00
Request Graph,,,failed,False,2026-08-27T22:14:14.143197+09:00
Request Grid,,,failed,False,2026-08-21T01:21:36.121318+09:00
Request Guardian,,,failed,False,2026-08-28T00:22:34.191902+09:00
Request Helpdesk,,,failed,False,2026-08-27T22:51:44.321364+09:00
Request Helper,,,failed,False,2026-08-28T00:22:39.734824+09:00
Request History,110.0,0.0,success,False,2026-08-21T01:16:58.879155+09:00
Request Hub,70.0,0.0,success,False,2026-08-21T01:20:23.926123+09:00
Request Inbox,10.0,0.0,success,False,2026-08-21T01:26:31.620928+09:00
Request Index,480.0,13.0,success,False,2026-08-21T01:17:49.809423+09:00
Request Item,210.0,0.0,success,False,2026-08-21T01:56:06.760187+09:00
Request Journal,,,failed,False,2026-08-21T01:24:18.567021+09:00
Request Keeper,,,failed,False,2026-08-21T01:24:18.567021+09:00
Request Lab,1000.0,30.0,success,False,2026-08-21T01:22:36.440068+09:00
Request Label,20.0,0.0,success,False,2026-08-27T22:14:14.143197+09:00
Request Ledger,,,failed,False,2026-08-21T01:22:16.671736+09:00
Request Level,20.0,0.0,success,False,2026-08-21T01:17:10.053741+09:00
Request Line,390.0,0.0,success,False,2026-08-21T01:15:38.767814+09:00
Request Link,140.0,1.0,success,False,2026-08-23T03:16:19.788711+09:00
Request List,320.0,0.0,success,False,2026-08-21T01:18:24.600947+09:00
Request Loan,2400.0,49.0,success,False,2026-08-21T02:12:49.636286+09:00
Request Lobby,,,failed,False,2026-08-21T01:15:30.378271+09:00
Request Locator,,,failed,False,2026-08-21T01:25:09.973684+09:00
Request Locker,,,failed,False,2026-08-21T01:25:29.935757+09:00
Request Log,170.0,2.0,success,False,2026-08-21T01:15:58.855612+09:00
Request Loop,,,failed,False,2026-08-21T01:23:14.366280+09:00
Request Manager,720.0,3.0,success,False,2026-08-21T01:24:18.567021+09:00
Request Manual,10.0,0.0,success,False,2026-08-27T22:14:17.347960+09:00
Request Map,210.0,1.0,success,False,2026-08-21T01:21:53.775872+09:00
Request Memo,260.0,0.0,success,False,2026-08-21T01:19:18.289018+09:00
Request Monitor,70.0,4.0,success,False,2026-08-21T01:24:18.567021+09:00
Request Nexus,,,failed,False,2026-08-21T01:23:52.904904+09:00
Request Note,90.0,0.0,success,False,2026-08-21T01:16:32.710448+09:00
Request Notification,260.0,1.0,success,False,2026-08-27T22:51:36.322343+09:00
Request Number,720.0,0.0,success,False,2026-08-23T03:16:07.985751+09:00
Request Office,50.0,1.0,success,False,2026-08-21T01:25:37.604117+09:00
Request Ops,,,failed,False,2026-08-21T01:24:49.055361+09:00
Request Order,260.0,0.0,success,False,2026-08-21T01:18:04.111706+09:00
Request Outpost,,,failed,False,2026-08-21T01:26:02.106014+09:00
Request Overage,,,failed,False,2026-08-27T21:49:42.725472+09:00
Request Overdue,,,failed,False,2026-08-27T21:49:38.109800+09:00
Request Panel,20.0,3.0,success,False,2026-08-21T01:23:20.077725+09:00
Request Pass,20.0,1.0,success,False,2026-08-21T01:18:50.592866+09:00
Request Passport,320.0,42.0,success,False,2026-08-21T01:15:25.336646+09:00
Request Path,590.0,0.0,success,False,2026-08-21T01:21:46.110216+09:00
Request Payoff,20.0,0.0,success,False,2026-08-27T21:49:42.725472+09:00
Request Penalty,,,failed,False,2026-08-23T16:39:38.014835+09:00
Request Petition,70.0,7.0,success,False,2026-08-21T01:19:52.973842+09:00
Request Plan,40.0,22.0,success,False,2026-08-21T01:56:16.843249+09:00
Request Planner,,,failed,False,2026-08-21T01:24:20.816528+09:00
Request Playbook,,,failed,False,2026-08-21T01:24:45.500076+09:00
Request Point,10.0,0.0,success,False,2026-08-21T01:21:49.678224+09:00
Request Portal,170.0,1.0,success,False,2026-08-21T01:22:59.410874+09:00
Request Post,4400.0,1.0,success,False,2026-08-21T01:25:58.899135+09:00
Request Preview,,,failed,False,2026-08-28T01:03:48.385418+09:00
Request Profile,10.0,0.0,success,False,2026-08-21T01:16:44.690020+09:00
Request Profit,,,failed,False,2026-08-23T02:52:35.436753+09:00
Request Proposal,60500.0,6.0,success,False,2026-08-28T01:03:51.516264+09:00
Request Quota,70.0,1.0,success,False,2026-08-21T01:19:25.139986+09:00
Request Radar,,,failed,False,2026-08-21T01:20:34.277114+09:00
Request Rail,,,failed,False,2026-08-21T01:23:27.807599+09:00
Request Rate,90.0,0.0,success,False,2026-08-21T01:17:14.231029+09:00
Request Recap,,,failed,False,2026-08-21T01:20:01.120246+09:00
Request Receipt,260.0,1.0,success,False,2026-08-21T01:18:13.948377+09:00
Request Recorder,,,failed,False,2026-08-27T23:32:16.065535+09:00
Request Register,140.0,2.0,success,False,2026-08-21T01:24:44.835275+09:00
Request Relay,,,failed,False,2026-08-21T01:20:39.645097+09:00
Request Reminder,70.0,1.0,success,False,2026-08-21T01:17:46.814722+09:00
Request Report,170.0,3.0,success,False,2026-08-21T01:15:52.922484+09:00
Request Repository,,,failed,False,2026-08-27T23:10:05.739440+09:00
Request Result,50.0,0.0,success,False,2026-08-28T00:46:36.452526+09:00
Request Ring,,,failed,False,2026-08-21T01:23:43.267024+09:00
Request Roll,,,failed,False,2026-08-21T01:15:49.368632+09:00
Request Roster,10.0,1.0,success,False,2026-08-21T01:26:25.836028+09:00
Request Route,30.0,0.0,success,False,2026-08-21T01:23:24.077688+09:00
Request Rule,,,failed,False,2026-08-23T03:16:23.757716+09:00
Request Sale,,,failed,False,2026-08-21T02:29:27.497336+09:00
Request Sample,880.0,4.0,success,False,2026-08-21T01:18:40.477010+09:00
Request Scale,,,failed,False,2026-08-21T01:23:20.077725+09:00
Request Scope,320.0,0.0,success,False,2026-08-21T01:21:27.496774+09:00
Request Score,10.0,0.0,success,False,2026-08-21T01:16:28.258207+09:00
Request Sheet,110.0,1.0,success,False,2026-08-21T01:16:17.029557+09:00
Request Shortfall,,,failed,False,2026-08-27T21:49:48.123433+09:00
Request Signal,30.0,0.0,success,False,2026-08-21T01:21:17.954324+09:00
Request Signature,390.0,40.0,success,False,2026-08-23T13:27:31.185352+09:00
Request Slip,170.0,3.0,success,False,2026-08-21T01:18:36.012476+09:00
Request Slot,10.0,0.0,success,False,2026-08-21T01:18:44.582130+09:00
Request Stage,,,failed,False,2026-08-28T00:46:33.624903+09:00
Request Stake,10.0,,success,False,2026-08-23T02:52:39.945062+09:00
Request Stamp,20.0,17.0,success,False,2026-08-23T13:27:31.185352+09:00
Request Statement,480.0,0.0,success,False,2026-08-21T01:19:12.546892+09:00
Request Station,40.0,0.0,success,False,2026-08-21T01:22:38.712146+09:00
Request Status,390.0,1.0,success,False,2026-08-21T01:16:47.227660+09:00
Request Stub,,,failed,False,2026-08-21T01:19:07.466825+09:00
Request Studio,10.0,0.0,success,False,2026-08-21T01:22:31.268942+09:00
Request Sum,,,failed,False,2026-08-21T02:29:11.262958+09:00
Request Summary,70.0,1.0,success,False,2026-08-21T01:17:37.307762+09:00
Request Tab,40.0,0.0,success,False,2026-08-21T01:19:27.364478+09:00
Request Table,40.0,1.0,success,False,2026-08-21T01:18:31.327971+09:00
Request Tag,70.0,1.0,success,False,2026-08-21T01:16:40.172400+09:00
Request Tariff,,,failed,False,2026-08-21T02:45:28.044980+09:00
Request Tax,110.0,7.0,success,False,2026-08-21T02:12:43.354957+09:00
Request Terminal,,,failed,False,2026-08-21T01:22:46.544366+09:00
Request Ticker,,,failed,False,2026-08-21T01:15:34.329365+09:00
Request Ticket,590.0,1.0,success,False,2026-08-21T01:17:54.187315+09:00
Request Tier,,,failed,False,2026-08-28T00:46:39.262631+09:00
Request Timeline,20.0,0.0,success,False,2026-08-21T01:17:41.245351+09:00
Request Timer,,,failed,False,2026-08-28T00:22:28.798439+09:00
Request Toll,,,failed,False,2026-08-21T02:45:23.002534+09:00
Request Toolbox,,,failed,False,2026-08-28T00:22:36.820060+09:00
Request Total,30.0,2.0,success,False,2026-08-27T23:09:59.459850+09:00
Request Tower,,,failed,False,2026-08-21T01:26:16.302709+09:00
Request Tracker,2240000.0,0.0,success,True,2026-08-21T01:20:11.987698+09:00
Request Trail,,,failed,False,2026-08-21T01:23:33.921690+09:00
Request Trend,,,failed,False,2026-08-28T01:03:45.781044+09:00
Request Trial,70.0,3.0,success,False,2026-08-27T21:18:45.597821+09:00
Request Unit,30.0,0.0,success,False,2026-08-21T01:56:10.239205+09:00
Request Update,260.0,0.0,success,False,2026-08-21T01:17:22.537676+09:00
Request Value,70.0,44.0,success,False,2026-08-23T02:52:37.533661+09:00
Request Vault,,,failed,False,2026-08-21T01:20:42.577799+09:00
Request Version,30.0,0.0,success,False,2026-08-23T03:16:15.944869+09:00
Request View,720.0,2.0,success,False,2026-08-21T01:16:53.151150+09:00
Request Voucher,50.0,9.0,success,False,2026-08-21T01:18:56.365360+09:00
Request Watch,40.0,35.0,success,False,2026-08-21T01:21:22.199165+09:00
Request Wave,,,failed,False,2026-08-21T01:21:39.994879+09:00
Request Widget,,,failed,False,2026-08-27T23:10:02.620929+09:00
Request Window,10.0,0.0,success,False,2026-08-21T01:15:44.374236+09:00
Request Worksheet,30.0,1.0,success,False,2026-08-27T22:14:17.347960+09:00
Request Yard,,,failed,False,2026-08-21T01:25:40.338227+09:00
Request Zone,10.0,0.0,success,False,2026-08-21T01:22:56.412529+09:00
Requisition Advisory,,,failed,False,2026-08-21T01:02:29.218317+09:00
Requisition Allowance,,,failed,False,2026-08-21T02:42:25.352468+09:00
Requisition Almanac,,,failed,False,2026-08-18T22:02:50.623197+09:00
Requisition Analyzer,,,failed,False,2026-08-27T23:53:48.068906+09:00
Requisition Anchor,,,failed,False,2026-08-17T21:30:38.829852+09:00
Requisition Assistant,,,failed,False,2026-08-17T23:08:02.086738+09:00
Requisition Atlas,,,failed,False,2026-08-17T20:39:31.272188+09:00
Requisition Attribute,,,failed,False,2026-08-23T13:09:07.907049+09:00
Requisition Balance,,,failed,False,2026-08-23T13:48:23.745553+09:00
Requisition Base,,,failed,False,2026-08-17T20:36:14.881787+09:00
Requisition Beacon,,,failed,False,2026-08-17T21:35:00.218033+09:00
Requisition Bill,,,failed,False,2026-08-19T22:04:30.317454+09:00
Requisition Blueprint,,,failed,False,2026-08-18T22:02:40.368007+09:00
Requisition Board,,,failed,False,2026-08-17T20:33:30.325030+09:00
Requisition Book,720.0,28.0,success,False,2026-08-19T22:05:25.560581+09:00
Requisition Bridge,,,failed,False,2026-08-17T21:31:46.266854+09:00
Requisition Brief,,,failed,False,2026-08-21T01:00:48.316316+09:00
Requisition Bulletin,,,failed,False,2026-08-21T01:00:42.748785+09:00
Requisition Cabinet,,,failed,False,2026-08-27T23:11:28.090319+09:00
Requisition Calendar,,,failed,False,2026-08-19T00:03:25.935082+09:00
Requisition Card,10.0,0.0,success,False,2026-08-19T13:26:03.914310+09:00
Requisition Cascade,,,failed,False,2026-08-17T21:33:00.443260+09:00
Requisition Cash,,,failed,False,2026-08-21T02:26:26.896086+09:00
Requisition Cashback,,,failed,False,2026-08-27T21:13:25.046826+09:00
Requisition Category,,,failed,False,2026-08-23T13:09:05.713550+09:00
Requisition Center,,,failed,False,2026-08-17T21:37:42.380657+09:00
Requisition Chain,,,failed,False,2026-08-17T20:43:42.299051+09:00
Requisition Charge,,,failed,False,2026-08-21T02:42:14.230561+09:00
Requisition Check,,,failed,False,2026-08-19T13:26:27.174031+09:00
Requisition Checker,,,failed,False,2026-08-27T23:53:36.797572+09:00
Requisition Checklist,,,failed,False,2026-08-19T21:19:17.312411+09:00
Requisition Circular,,,failed,False,2026-08-21T01:02:27.136036+09:00
Requisition Cockpit,,,failed,False,2026-08-17T23:30:12.792820+09:00
Requisition Code,90.0,0.0,success,False,2026-08-19T22:04:53.715623+09:00
Requisition Codex,,,failed,False,2026-08-18T22:03:11.971226+09:00
Requisition Companion,,,failed,False,2026-08-17T23:05:55.492568+09:00
Requisition Comparison,,,failed,False,2026-08-28T01:04:28.102899+09:00
Requisition Compass,,,failed,False,2026-08-17T21:36:07.544663+09:00
Requisition Compendium,,,failed,False,2026-08-18T22:03:00.985111+09:00
Requisition Confirmation,,,failed,False,2026-08-21T01:01:03.307399+09:00
Requisition Console,,,failed,False,2026-08-17T21:34:29.947705+09:00
Requisition Core,,,failed,False,2026-08-17T20:35:18.626237+09:00
Requisition Cost,10.0,0.0,success,False,2026-08-21T02:10:21.556989+09:00
Requisition Count,,,failed,False,2026-08-27T22:46:02.765409+09:00
Requisition Counter,,,failed,False,2026-08-19T00:04:11.501446+09:00
Requisition Coupon,,,failed,False,2026-08-27T21:13:18.101351+09:00
Requisition Dashboard,10.0,19.0,success,False,2026-08-17T23:11:19.275980+09:00
Requisition Deal,,,failed,False,2026-08-21T01:54:12.034921+09:00
Requisition Debt,,,failed,False,2026-08-21T02:26:21.259847+09:00
Requisition Deck,,,failed,False,2026-08-17T20:32:17.131006+09:00
Requisition Depot,,,failed,False,2026-08-19T00:03:53.943426+09:00
Requisition Desk,,,failed,False,2026-08-17T21:41:42.015478+09:00
Requisition Detail,,,failed,False,2026-08-23T03:22:09.250404+09:00
Requisition Detector,,,failed,False,2026-08-27T23:53:42.609151+09:00
Requisition Dial,,,failed,False,2026-08-17T21:32:23.259221+09:00
Requisition Digest,,,failed,False,2026-08-19T20:44:35.831978+09:00
Requisition Directory,,,failed,False,2026-08-19T00:03:31.307926+09:00
Requisition Discount,,,failed,False,2026-08-23T16:17:12.971292+09:00
Requisition Dock,,,failed,False,2026-08-17T20:46:23.888336+09:00
Requisition Dossier,,,failed,False,2026-08-21T01:01:07.549578+09:00
Requisition Draft,,,failed,False,2026-08-19T20:44:53.798353+09:00
Requisition Due,,,failed,False,2026-08-23T15:53:05.427640+09:00
Requisition Duty,,,failed,False,2026-08-21T02:42:16.992307+09:00
Requisition Engine,,,failed,False,2026-08-17T23:29:05.712614+09:00
Requisition Entry,20.0,1.0,success,False,2026-08-21T01:01:15.556861+09:00
Requisition Estimate,,,failed,False,2026-08-19T21:20:05.379169+09:00
Requisition Estimator,,,failed,False,2026-08-27T23:53:34.112900+09:00
Requisition Extension,,,failed,False,2026-08-23T16:37:08.695688+09:00
Requisition Fare,,,failed,False,2026-08-21T02:10:31.589901+09:00
Requisition Fee,20.0,0.0,success,False,2026-08-21T01:53:55.864574+09:00
Requisition Feed,,,failed,False,2026-08-19T20:44:48.132741+09:00
Requisition Field,,,failed,False,2026-08-23T13:09:10.087594+09:00
Requisition File,50.0,0.0,success,False,2026-08-19T20:44:03.742658+09:00
Requisition Finder,,,failed,False,2026-08-19T00:03:46.728628+09:00
Requisition Fine,,,failed,False,2026-08-23T02:56:50.179026+09:00
Requisition Flag,,,failed,False,2026-08-21T00:26:46.014545+09:00
Requisition Flow,,,failed,False,2026-08-17T20:32:55.422953+09:00
Requisition Forge,,,failed,False,2026-08-17T21:33:59.802696+09:00
Requisition Form,9900.0,5.0,success,False,2026-08-19T13:25:53.621438+09:00
Requisition Format,9900.0,5.0,success,False,2026-08-23T13:09:12.775055+09:00
Requisition Frame,,,failed,False,2026-08-17T20:37:15.920679+09:00
Requisition Fund,,,failed,False,2026-08-21T02:26:24.473700+09:00
Requisition Gate,,,failed,False,2026-08-17T20:41:08.316613+09:00
Requisition Generator,,,failed,False,2026-08-27T23:33:31.795696+09:00
Requisition Giveaway,,,failed,False,2026-08-27T21:13:37.797342+09:00
Requisition Grade,,,failed,False,2026-08-21T00:26:33.622421+09:00
Requisition Graph,,,failed,False,2026-08-27T22:07:27.719925+09:00
Requisition Grid,,,failed,False,2026-08-17T20:44:09.032273+09:00
Requisition Guarantee,,,failed,False,2026-08-28T01:04:34.359127+09:00
Requisition Guard,,,failed,False,2026-08-17T20:35:48.969093+09:00
Requisition Guardian,,,failed,False,2026-08-28T00:23:35.070799+09:00
Requisition Guidebook,,,failed,False,2026-08-18T23:52:03.121667+09:00
Requisition Helpdesk,,,failed,False,2026-08-27T22:46:02.765409+09:00
Requisition Helper,,,failed,False,2026-08-28T00:23:47.118724+09:00
Requisition History,,,failed,False,2026-08-19T20:43:57.147560+09:00
Requisition Hub,,,failed,False,2026-08-17T20:31:44.848533+09:00
Requisition Identifier,,,failed,False,2026-08-23T13:09:03.594529+09:00
Requisition Inbox,,,failed,False,2026-08-19T12:27:08.334680+09:00
Requisition Incentive,,,failed,False,2026-08-27T21:13:32.051431+09:00
Requisition Index,,,failed,False,2026-08-19T21:19:30.531478+09:00
Requisition Insight,,,failed,False,2026-08-17T23:29:58.873666+09:00
Requisition Installment,,,failed,False,2026-08-23T16:17:15.012584+09:00
Requisition Interest,,,failed,False,2026-08-23T13:48:23.745553+09:00
Requisition Item,,,failed,False,2026-08-21T01:54:02.992561+09:00
Requisition Journal,,,failed,False,2026-08-18T23:52:03.121667+09:00
Requisition Keeper,,,failed,False,2026-08-17T20:37:45.876313+09:00
Requisition Kit,,,failed,False,2026-08-27T22:45:55.749339+09:00
Requisition Lab,1900.0,3.0,success,False,2026-08-18T07:43:54.848234+09:00
Requisition Label,,,failed,False,2026-08-27T22:07:27.719925+09:00
Requisition Ledger,,,failed,False,2026-08-17T20:34:23.568448+09:00
Requisition Lens,,,failed,False,2026-08-17T20:38:11.520193+09:00
Requisition Level,,,failed,False,2026-08-19T20:44:12.620754+09:00
Requisition Link,10.0,0.0,success,False,2026-08-23T03:22:03.644415+09:00
Requisition List,320.0,1.0,success,False,2026-08-19T22:05:04.840486+09:00
Requisition Loan,,,failed,False,2026-08-21T02:10:36.488938+09:00
Requisition Locator,,,failed,False,2026-08-19T00:03:38.462918+09:00
Requisition Lock,,,failed,False,2026-08-17T20:39:59.910293+09:00
Requisition Log,20.0,0.0,success,False,2026-08-19T13:25:31.059454+09:00
Requisition Loop,,,failed,False,2026-08-17T20:45:09.617976+09:00
Requisition Manager,30.0,0.0,success,False,2026-08-17T20:36:48.387810+09:00
Requisition Manual,,,failed,False,2026-08-27T22:07:30.403670+09:00
Requisition Map,,,failed,False,2026-08-17T20:39:06.787331+09:00
Requisition Margin,,,failed,False,2026-08-23T02:56:45.800075+09:00
Requisition Memo,10.0,0.0,success,False,2026-08-21T00:26:39.162393+09:00
Requisition Message,,,failed,False,2026-08-27T23:11:19.629691+09:00
Requisition Meter,,,failed,False,2026-08-17T21:31:11.680234+09:00
Requisition Metrics,,,failed,False,2026-08-17T23:04:05.706993+09:00
Requisition Monitor,,,failed,False,2026-08-17T23:09:43.652539+09:00
Requisition Navigator,,,failed,False,2026-08-17T23:30:26.611269+09:00
Requisition Nexus,,,failed,False,2026-08-17T20:40:24.654920+09:00
Requisition Node,,,failed,False,2026-08-17T20:41:58.937145+09:00
Requisition Note,110.0,1.0,success,False,2026-08-19T13:27:07.663216+09:00
Requisition Notification,,,failed,False,2026-08-27T22:45:51.425899+09:00
Requisition Number,1000.0,0.0,success,True,2026-08-23T03:21:54.482997+09:00
Requisition Office,,,failed,False,2026-08-19T00:04:03.544716+09:00
Requisition Ops,,,failed,False,2026-08-17T23:12:58.115072+09:00
Requisition Order,590.0,1.0,success,False,2026-08-19T22:04:20.465966+09:00
Requisition Organizer,,,failed,False,2026-08-17T23:29:41.239949+09:00
Requisition Overdue,,,failed,False,2026-08-27T21:46:06.267558+09:00
Requisition Panel,,,failed,False,2026-08-17T21:33:26.536272+09:00
Requisition Path,,,failed,False,2026-08-17T20:41:33.336783+09:00
Requisition Petition,,,failed,False,2026-08-21T01:00:56.888807+09:00
Requisition Pilot,,,failed,False,2026-08-18T07:52:49.362329+09:00
Requisition Plan,,,failed,False,2026-08-21T01:54:08.146374+09:00
Requisition Planner,,,failed,False,2026-08-17T23:29:23.485940+09:00
Requisition Playbook,,,failed,False,2026-08-18T23:52:03.121667+09:00
Requisition Point,20.0,0.0,success,False,2026-08-17T20:40:46.604989+09:00
Requisition Portal,30.0,0.0,success,False,2026-08-17T21:35:33.419897+09:00
Requisition Preview,,,failed,False,2026-08-28T01:04:31.429165+09:00
Requisition Profile,,,failed,False,2026-08-19T13:27:35.770715+09:00
Requisition Profit,,,failed,False,2026-08-23T02:56:35.195472+09:00
Requisition Proposal,,,failed,False,2026-08-28T01:04:34.359127+09:00
Requisition Pulse,,,failed,False,2026-08-17T20:43:14.638625+09:00
Requisition Queue,,,failed,False,2026-08-19T21:19:52.858825+09:00
Requisition Quota,,,failed,False,2026-08-21T00:26:43.816315+09:00
Requisition Radar,,,failed,False,2026-08-17T21:39:44.948189+09:00
Requisition Rail,,,failed,False,2026-08-17T20:45:32.525368+09:00
Requisition Rate,,,failed,False,2026-08-19T20:44:23.661281+09:00
Requisition Recap,,,failed,False,2026-08-21T01:01:09.555377+09:00
Requisition Receipt,20.0,0.0,success,False,2026-08-19T22:04:42.218437+09:00
Requisition Recorder,,,failed,False,2026-08-27T23:33:31.795696+09:00
Requisition Register,30.0,0.0,success,False,2026-08-17T23:30:41.257118+09:00
Requisition Registry,,,failed,False,2026-08-18T22:02:28.338577+09:00
Requisition Relay,,,failed,False,2026-08-17T21:38:15.647846+09:00
Requisition Reminder,,,failed,False,2026-08-19T21:19:06.268561+09:00
Requisition Report,50.0,0.0,success,False,2026-08-19T13:25:11.972380+09:00
Requisition Repository,,,failed,False,2026-08-27T23:11:28.090319+09:00
Requisition Roadmap,,,failed,False,2026-08-18T22:03:21.744324+09:00
Requisition Roster,,,failed,False,2026-08-19T00:37:39.570439+09:00
Requisition Route,,,failed,False,2026-08-17T20:47:45.474295+09:00
Requisition Rule,,,failed,False,2026-08-23T03:22:06.290002+09:00
Requisition Sale,,,failed,False,2026-08-21T02:26:29.042609+09:00
Requisition Sample,90.0,2.0,success,False,2026-08-19T22:05:46.180547+09:00
Requisition Scale,,,failed,False,2026-08-17T21:30:05.905035+09:00
Requisition Scanner,,,failed,False,2026-08-27T23:53:39.725939+09:00
Requisition Scheduler,,,failed,False,2026-08-17T23:14:53.160605+09:00
Requisition Scope,,,failed,False,2026-08-17T20:45:55.190861+09:00
Requisition Score,,,failed,False,2026-08-19T13:26:59.554690+09:00
Requisition Sentry,,,failed,False,2026-08-17T20:38:36.286112+09:00
Requisition Sheet,170.0,6.0,success,False,2026-08-19T13:26:13.744102+09:00
Requisition Signal,,,failed,False,2026-08-17T20:48:21.583177+09:00
Requisition Signature,,,failed,False,2026-08-23T13:28:10.942428+09:00
Requisition Slip,1300.0,5.0,success,False,2026-08-19T22:05:38.259870+09:00
Requisition Slot,,,failed,False,2026-08-19T22:05:54.572880+09:00
Requisition Snapshot,,,failed,False,2026-08-18T23:52:03.121667+09:00
Requisition Stage,,,failed,False,2026-08-28T00:47:03.149821+09:00
Requisition Stake,,,failed,False,2026-08-23T02:56:41.108127+09:00
Requisition Stamp,,,failed,False,2026-08-23T13:28:10.942428+09:00
Requisition Statement,,,failed,False,2026-08-21T00:26:23.518919+09:00
Requisition Station,,,failed,False,2026-08-17T21:41:12.952922+09:00
Requisition Status,110.0,0.0,success,False,2026-08-19T20:43:44.541784+09:00
Requisition Studio,,,failed,False,2026-08-18T07:43:41.366664+09:00
Requisition Suite,,,failed,False,2026-08-17T23:13:17.884356+09:00
Requisition Sum,,,failed,False,2026-08-21T02:26:18.130699+09:00
Requisition Summary,,,failed,False,2026-08-19T21:18:38.634661+09:00
Requisition Sync,,,failed,False,2026-08-17T20:33:59.012811+09:00
Requisition Tab,,,failed,False,2026-08-21T00:26:53.623558+09:00
Requisition Table,40.0,0.0,success,False,2026-08-19T22:05:17.062474+09:00
Requisition Tag,,,failed,False,2026-08-19T13:27:18.608287+09:00
Requisition Tally,,,failed,False,2026-08-21T00:26:28.007677+09:00
Requisition Tariff,,,failed,False,2026-08-21T02:42:27.655082+09:00
Requisition Tax,,,failed,False,2026-08-21T02:10:36.488938+09:00
Requisition Ticket,,,failed,False,2026-08-19T21:19:43.238592+09:00
Requisition Timeline,,,failed,False,2026-08-19T21:18:53.314989+09:00
Requisition Timer,,,failed,False,2026-08-28T00:23:32.387348+09:00
Requisition Toll,,,failed,False,2026-08-21T02:42:20.398693+09:00
Requisition Toolbox,,,failed,False,2026-08-28T00:23:37.982808+09:00
Requisition Toolkit,,,failed,False,2026-08-18T23:52:03.121667+09:00
Requisition Total,10.0,0.0,success,False,2026-08-27T23:11:21.967752+09:00
Requisition Tracker,30.0,14.0,success,False,2026-08-17T20:34:48.922886+09:00
Requisition Trail,,,failed,False,2026-08-17T20:44:27.303320+09:00
Requisition Trend,,,failed,False,2026-08-28T01:04:25.098394+09:00
Requisition Trial,,,failed,False,2026-08-27T21:13:25.046826+09:00
Requisition Unit,30.0,0.0,success,False,2026-08-21T01:54:04.879612+09:00
Requisition Update,,,failed,False,2026-08-19T20:44:29.865338+09:00
Requisition Value,,,failed,False,2026-08-23T02:56:38.023044+09:00
Requisition Vault,,,failed,False,2026-08-17T21:37:05.127331+09:00
Requisition Version,,,failed,False,2026-08-23T03:21:56.707046+09:00
Requisition View,,,failed,False,2026-08-19T20:43:52.054689+09:00
Requisition Watch,,,failed,False,2026-08-17T20:47:00.954455+09:00
Requisition Wave,,,failed,False,2026-08-17T20:42:18.152107+09:00
Requisition Widget,,,failed,False,2026-08-27T23:11:25.184143+09:00
Requisition Workbench,,,failed,False,2026-08-18T23:52:03.121667+09:00
Requisition Worksheet,20.0,2.0,success,False,2026-08-27T22:07:37.591593+09:00
Requisition Zone,,,failed,False,2026-08-17T21:36:34.713232+09:00
Reservation Advance,30.0,8.0,success,False,2026-08-23T16:11:24.096021+09:00
Reservation Advisory,,,failed,False,2026-08-21T01:06:30.195338+09:00
Reservation Allowance,,,failed,False,2026-08-21T02:44:28.484946+09:00
Reservation Almanac,,,failed,False,2026-08-18T22:03:51.381490+09:00
Reservation Analyzer,,,failed,False,2026-08-27T23:52:32.506891+09:00
Reservation Anchor,,,failed,False,2026-08-17T20:33:48.971139+09:00
Reservation Announcement,,,failed,False,2026-08-27T23:32:54.562632+09:00
Reservation Arrears,,,failed,False,2026-08-23T16:11:21.537507+09:00
Reservation Assistant,260.0,4.0,success,False,2026-08-17T23:12:41.358995+09:00
Reservation Atlas,390.0,4.0,success,False,2026-08-17T20:42:06.946542+09:00
Reservation Badge,,,failed,False,2026-08-21T00:33:12.400590+09:00
Reservation Balance,10.0,0.0,success,False,2026-08-23T13:48:32.031008+09:00
Reservation Base,,,failed,False,2026-08-17T20:39:15.324728+09:00
Reservation Beacon,,,failed,False,2026-08-17T20:37:34.472176+09:00
Reservation Bill,27100.0,0.0,success,True,2026-08-19T21:56:56.242658+09:00
Reservation Blueprint,,,failed,False,2026-08-18T22:03:30.222566+09:00
Reservation Board,390.0,59.0,success,False,2026-08-17T20:36:26.800121+09:00
Reservation Book,14800.0,52.0,success,False,2026-08-19T21:57:51.707228+09:00
Reservation Bridge,,,failed,False,2026-08-17T20:34:40.569545+09:00
Reservation Brief,,,failed,False,2026-08-21T01:06:19.538829+09:00
Reservation Bulletin,,,failed,False,2026-08-21T01:06:16.364943+09:00
Reservation Calendar,260.0,27.0,success,False,2026-08-19T00:01:10.174789+09:00
Reservation Card,2900.0,23.0,success,False,2026-08-19T13:25:08.614186+09:00
Reservation Cascade,,,failed,False,2026-08-17T20:35:40.356029+09:00
Reservation Cash,,,failed,False,2026-08-21T02:29:19.301672+09:00
Reservation Cashback,,,failed,False,2026-08-27T21:13:25.046826+09:00
Reservation Catalog,,,failed,False,2026-08-19T21:13:46.122895+09:00
Reservation Category,1000.0,0.0,success,True,2026-08-23T13:09:58.883939+09:00
Reservation Center,720.0,19.0,success,False,2026-08-18T07:52:13.300527+09:00
Reservation Chain,,,failed,False,2026-08-17T20:46:42.242736+09:00
Reservation Charge,170.0,1.0,success,False,2026-08-21T02:44:16.067023+09:00
Reservation Check,390.0,4.0,success,False,2026-08-19T13:25:50.130591+09:00
Reservation Checker,390.0,4.0,success,False,2026-08-27T23:52:22.402919+09:00
Reservation Checklist,30.0,1.0,success,False,2026-08-19T21:12:45.437785+09:00
Reservation Circular,,,failed,False,2026-08-21T01:06:23.582625+09:00
Reservation Cockpit,,,failed,False,2026-08-17T23:05:21.665981+09:00
Reservation Code,720.0,8.0,success,False,2026-08-19T21:57:19.204093+09:00
Reservation Codex,,,failed,False,2026-08-18T22:04:12.568895+09:00
Reservation Companion,,,failed,False,2026-08-17T23:10:49.091693+09:00
Reservation Comparison,,,failed,False,2026-08-28T01:03:11.397241+09:00
Reservation Compass,,,failed,False,2026-08-17T20:38:26.412397+09:00
Reservation Compendium,,,failed,False,2026-08-18T22:04:00.845205+09:00
Reservation Confirmation,2400.0,2.0,success,False,2026-08-21T01:06:42.544203+09:00
Reservation Console,,,failed,False,2026-08-17T20:37:05.313557+09:00
Reservation Contribution,,,failed,False,2026-08-23T16:11:21.537507+09:00
Reservation Copayment,,,failed,False,2026-08-23T16:37:16.360877+09:00
Reservation Core,,,failed,False,2026-08-17T20:38:19.209708+09:00
Reservation Cost,90.0,0.0,success,False,2026-08-21T02:13:25.435180+09:00
Reservation Count,,,failed,False,2026-08-27T22:45:32.227130+09:00
Reservation Counter,2900.0,19.0,success,False,2026-08-19T00:01:57.884072+09:00
Reservation Coupon,,,failed,False,2026-08-27T21:13:18.101351+09:00
Reservation Dashboard,40.0,22.0,success,False,2026-08-17T22:51:32.586910+09:00
Reservation Deal,110.0,28.0,success,False,2026-08-21T01:58:00.854013+09:00
Reservation Debt,,,failed,False,2026-08-21T02:29:11.262958+09:00
Reservation Deck,30.0,23.0,success,False,2026-08-17T20:35:32.317442+09:00
Reservation Depot,,,failed,False,2026-08-19T00:01:37.572111+09:00
Reservation Desk,4400.0,38.0,success,False,2026-08-17T20:33:09.747000+09:00
Reservation Detail,720.0,2.0,success,False,2026-08-23T03:24:01.511685+09:00
Reservation Detector,,,failed,False,2026-08-27T23:52:30.197940+09:00
Reservation Dial,,,failed,False,2026-08-17T20:35:09.040915+09:00
Reservation Digest,,,failed,False,2026-08-19T20:42:17.170868+09:00
Reservation Directory,10.0,0.0,success,False,2026-08-19T00:01:18.833283+09:00
Reservation Discount,30.0,24.0,success,False,2026-08-23T16:11:13.672713+09:00
Reservation Dock,,,failed,False,2026-08-18T07:52:23.466246+09:00
Reservation Dossier,,,failed,False,2026-08-21T01:06:46.678178+09:00
Reservation Draft,,,failed,False,2026-08-19T20:42:29.664942+09:00
Reservation Due,,,failed,False,2026-08-23T15:50:14.677980+09:00
Reservation Duty,20.0,0.0,success,False,2026-08-21T02:44:18.914187+09:00
Reservation Engine,30.0,39.0,success,False,2026-08-17T23:14:27.748058+09:00
Reservation Entry,,,failed,False,2026-08-21T01:07:00.683520+09:00
Reservation Estimate,,,failed,False,2026-08-19T21:13:31.913325+09:00
Reservation Estimator,,,failed,False,2026-08-27T23:52:16.469073+09:00
Reservation Excerpt,,,failed,False,2026-08-21T01:06:56.173532+09:00
Reservation Extension,20.0,2.0,success,False,2026-08-23T16:37:18.649152+09:00
Reservation Fare,20.0,1.0,success,False,2026-08-21T02:13:34.693364+09:00
Reservation Fee,1000.0,0.0,success,True,2026-08-21T02:05:54.756908+09:00
Reservation Feed,,,failed,False,2026-08-19T20:42:25.910879+09:00
Reservation File,20.0,1.0,success,False,2026-08-19T20:41:48.388385+09:00
Reservation Finder,140.0,35.0,success,False,2026-08-19T00:01:32.528747+09:00
Reservation Fine,10.0,0.0,success,False,2026-08-23T02:58:11.410981+09:00
Reservation Flag,,,failed,False,2026-08-21T00:33:55.661658+09:00
Reservation Flow,50.0,8.0,success,False,2026-08-17T20:36:00.761105+09:00
Reservation Forge,,,failed,False,2026-08-17T20:36:38.149505+09:00
Reservation Form,3600.0,3.0,success,False,2026-08-19T13:25:01.891377+09:00
Reservation Frame,,,failed,False,2026-08-17T20:40:08.225876+09:00
Reservation Fund,1900.0,0.0,success,True,2026-08-21T02:29:14.750230+09:00
Reservation Gate,70.0,0.0,success,False,2026-08-17T20:43:55.064759+09:00
Reservation Giveaway,,,failed,False,2026-08-27T21:13:37.797342+09:00
Reservation Grade,,,failed,False,2026-08-21T00:33:37.107629+09:00
Reservation Graph,,,failed,False,2026-08-27T22:07:22.262130+09:00
Reservation Grid,10.0,2.0,success,False,2026-08-17T20:47:16.621554+09:00
Reservation Guarantee,320.0,2.0,success,False,2026-08-28T01:03:21.195109+09:00
Reservation Guard,,,failed,False,2026-08-17T20:38:46.053243+09:00
Reservation Guardian,,,failed,False,2026-08-28T00:22:34.191902+09:00
Reservation Guidebook,,,failed,False,2026-08-18T22:03:07.731550+09:00
Reservation Helpdesk,,,failed,False,2026-08-27T22:45:32.227130+09:00
Reservation Helper,,,failed,False,2026-08-28T00:22:39.734824+09:00
Reservation History,480.0,0.0,success,False,2026-08-19T20:41:40.323358+09:00
Reservation Hotline,20.0,8.0,success,False,2026-08-19T21:13:57.456241+09:00
Reservation Hub,140.0,4.0,success,False,2026-08-17T20:35:00.475766+09:00
Reservation Identifier,,,failed,False,2026-08-23T13:09:55.014275+09:00
Reservation Inbox,,,failed,False,2026-08-19T12:27:05.323167+09:00
Reservation Incentive,,,failed,False,2026-08-27T21:13:37.797342+09:00
Reservation Index,20.0,5.0,success,False,2026-08-19T21:12:55.345811+09:00
Reservation Insight,,,failed,False,2026-08-17T23:10:55.434729+09:00
Reservation Installment,,,failed,False,2026-08-23T16:11:16.199786+09:00
Reservation Item,,,failed,False,2026-08-21T01:57:50.113408+09:00
Reservation Journal,,,failed,False,2026-08-18T22:02:46.582498+09:00
Reservation Keeper,,,failed,False,2026-08-17T20:40:32.567080+09:00
Reservation Lab,30.0,0.0,success,False,2026-08-17T20:33:41.175079+09:00
Reservation Label,,,failed,False,2026-08-27T22:07:27.719925+09:00
Reservation Ledger,,,failed,False,2026-08-17T20:37:26.547523+09:00
Reservation Lens,,,failed,False,2026-08-17T20:40:52.985789+09:00
Reservation Level,10.0,0.0,success,False,2026-08-19T20:41:54.948325+09:00
Reservation Levy,,,failed,False,2026-08-23T13:45:20.654502+09:00
Reservation Link,320.0,6.0,success,False,2026-08-23T03:23:54.422715+09:00
Reservation List,480.0,1.0,success,False,2026-08-19T21:57:27.705045+09:00
Reservation Loan,260.0,58.0,success,False,2026-08-21T02:13:43.743607+09:00
Reservation Locator,10.0,0.0,success,False,2026-08-19T00:01:24.646371+09:00
Reservation Lock,,,failed,False,2026-08-17T20:42:29.560038+09:00
Reservation Log,30.0,3.0,success,False,2026-08-19T13:24:52.365790+09:00
Reservation Loop,10.0,0.0,success,False,2026-08-17T20:48:34.410191+09:00
Reservation Manager,1600.0,3.0,success,False,2026-08-17T20:39:41.640400+09:00
Reservation Manual,10.0,0.0,success,False,2026-08-27T22:07:30.403670+09:00
Reservation Map,14800.0,0.0,success,True,2026-08-17T20:41:46.079279+09:00
Reservation Margin,,,failed,False,2026-08-23T02:58:06.031542+09:00
Reservation Markup,,,failed,False,2026-08-23T16:37:14.050450+09:00
Reservation Memo,10.0,4.0,success,False,2026-08-21T00:33:43.074758+09:00
Reservation Message,1000.0,0.0,success,True,2026-08-27T23:10:47.155079+09:00
Reservation Meter,,,failed,False,2026-08-17T20:34:17.127214+09:00
Reservation Metrics,,,failed,False,2026-08-17T23:09:09.172246+09:00
Reservation Monitor,,,failed,False,2026-08-17T23:14:22.352504+09:00
Reservation Navigator,,,failed,False,2026-08-17T23:12:27.386442+09:00
Reservation Nexus,390.0,12.0,success,False,2026-08-17T20:42:52.966707+09:00
Reservation Node,,,failed,False,2026-08-17T20:44:37.629482+09:00
Reservation Note,320.0,6.0,success,False,2026-08-19T13:26:10.178451+09:00
Reservation Notification,20.0,10.0,success,False,2026-08-27T22:45:23.426349+09:00
Reservation Number,3600.0,1.0,success,False,2026-08-23T03:23:46.825883+09:00
Reservation Office,720.0,1.0,success,False,2026-08-19T00:01:46.968095+09:00
Reservation Ops,,,failed,False,2026-08-17T23:05:14.518937+09:00
Reservation Order,480.0,0.0,success,False,2026-08-19T21:56:48.069412+09:00
Reservation Organizer,,,failed,False,2026-08-17T23:03:39.400104+09:00
Reservation Overdraft,,,failed,False,2026-08-23T15:50:16.987712+09:00
Reservation Overdue,,,failed,False,2026-08-27T21:46:06.267558+09:00
Reservation Panel,,,failed,False,2026-08-17T20:36:08.746361+09:00
Reservation Path,,,failed,False,2026-08-17T20:44:15.738532+09:00
Reservation Penalty,10.0,0.0,success,False,2026-08-23T16:37:11.760359+09:00
Reservation Petition,10.0,0.0,success,False,2026-08-21T01:06:33.871335+09:00
Reservation Pilot,,,failed,False,2026-08-17T20:34:09.472739+09:00
Reservation Plan,70.0,35.0,success,False,2026-08-21T01:57:54.921820+09:00
Reservation Planner,70.0,35.0,success,False,2026-08-17T23:09:18.796206+09:00
Reservation Playbook,,,failed,False,2026-08-18T22:02:35.560643+09:00
Reservation Point,390.0,1.0,success,False,2026-08-17T20:43:25.230587+09:00
Reservation Portal,260.0,14.0,success,False,2026-08-17T20:38:04.703276+09:00
Reservation Preview,,,failed,False,2026-08-28T01:03:14.001062+09:00
Reservation Profile,,,failed,False,2026-08-19T13:26:44.223162+09:00
Reservation Profit,,,failed,False,2026-08-23T02:58:01.593171+09:00
Reservation Proposal,,,failed,False,2026-08-28T01:03:16.681055+09:00
Reservation Pulse,,,failed,False,2026-08-17T20:46:03.469899+09:00
Reservation Queue,20.0,1.0,success,False,2026-08-19T21:13:21.149067+09:00
Reservation Quota,590.0,0.0,success,False,2026-08-21T00:33:48.597432+09:00
Reservation Radar,,,failed,False,2026-08-17T20:31:59.985806+09:00
Reservation Rail,33100.0,16.0,success,False,2026-08-18T07:52:23.466246+09:00
Reservation Rate,70.0,0.0,success,False,2026-08-19T20:42:03.452660+09:00
Reservation Recap,,,failed,False,2026-08-21T01:06:51.131996+09:00
Reservation Receipt,70.0,19.0,success,False,2026-08-19T21:57:08.159846+09:00
Reservation Recorder,,,failed,False,2026-08-27T23:33:00.078931+09:00
Reservation Redemption,70.0,0.0,success,False,2026-08-23T16:37:18.649152+09:00
Reservation Register,170.0,1.0,success,False,2026-08-17T23:07:13.674847+09:00
Reservation Registry,,,failed,False,2026-08-18T22:03:16.704658+09:00
Reservation Relay,,,failed,False,2026-08-18T07:43:28.535953+09:00
Reservation Reminder,260.0,1.0,success,False,2026-08-19T21:12:35.619378+09:00
Reservation Report,50.0,3.0,success,False,2026-08-19T13:24:45.773598+09:00
Reservation Repository,,,failed,False,2026-08-27T23:11:01.656662+09:00
Reservation Result,20.0,0.0,success,False,2026-08-28T00:46:24.719309+09:00
Reservation Roadmap,,,failed,False,2026-08-18T22:04:23.726026+09:00
Reservation Roster,390.0,0.0,success,False,2026-08-19T00:38:36.857956+09:00
Reservation Route,,,failed,False,2026-08-17T20:32:08.584337+09:00
Reservation Rule,320.0,0.0,success,False,2026-08-23T03:23:58.190781+09:00
Reservation Sale,70.0,1.0,success,False,2026-08-21T02:29:22.487025+09:00
Reservation Sample,90.0,0.0,success,False,2026-08-19T21:58:11.207870+09:00
Reservation Scale,,,failed,False,2026-08-17T20:33:18.087238+09:00
Reservation Scanner,10.0,0.0,success,False,2026-08-27T23:52:26.282518+09:00
Reservation Scheduler,30.0,26.0,success,False,2026-08-17T23:07:30.676472+09:00
Reservation Scope,,,failed,False,2026-08-18T07:43:33.708043+09:00
Reservation Score,,,failed,False,2026-08-19T13:25:58.679936+09:00
Reservation Sentry,,,failed,False,2026-08-17T20:41:16.510977+09:00
Reservation Sheet,260.0,7.0,success,False,2026-08-19T13:25:31.059454+09:00
Reservation Signal,,,failed,False,2026-08-17T20:32:46.505342+09:00
Reservation Signature,,,failed,False,2026-08-23T13:28:19.840300+09:00
Reservation Slip,320.0,1.0,success,False,2026-08-19T21:58:02.735072+09:00
Reservation Slot,30.0,0.0,success,False,2026-08-19T21:58:22.475915+09:00
Reservation Snapshot,,,failed,False,2026-08-18T22:02:56.704517+09:00
Reservation Stage,10.0,3.0,success,False,2026-08-28T00:46:24.719309+09:00
Reservation Statement,,,failed,False,2026-08-21T00:33:25.139045+09:00
Reservation Station,210.0,2.0,success,False,2026-08-17T20:32:36.001496+09:00
Reservation Status,1300.0,2.0,success,False,2026-08-19T20:41:25.975881+09:00
Reservation Streak,,,failed,False,2026-08-28T00:46:27.391148+09:00
Reservation Stub,,,failed,False,2026-08-21T00:33:17.387160+09:00
Reservation Studio,590.0,11.0,success,False,2026-08-17T20:34:34.179062+09:00
Reservation Subsidy,,,failed,False,2026-08-23T15:50:16.987712+09:00
Reservation Suite,110.0,37.0,success,False,2026-08-17T23:05:39.217461+09:00
Reservation Sum,,,failed,False,2026-08-21T02:29:07.517005+09:00
Reservation Summary,70.0,7.0,success,False,2026-08-19T21:12:12.315865+09:00
Reservation Surtax,,,failed,False,2026-08-23T15:50:19.459391+09:00
Reservation Sync,,,failed,False,2026-08-17T20:36:59.320935+09:00
Reservation Tab,10.0,2.0,success,False,2026-08-21T00:34:01.894402+09:00
Reservation Table,9900.0,19.0,success,False,2026-08-19T21:57:41.163401+09:00
Reservation Tag,140.0,68.0,success,False,2026-08-19T13:26:18.300818+09:00
Reservation Tally,,,failed,False,2026-08-21T00:33:32.477901+09:00
Reservation Tariff,,,failed,False,2026-08-21T02:44:32.833058+09:00
Reservation Tax,10.0,2.0,success,False,2026-08-21T02:13:39.971656+09:00
Reservation Ticket,6600.0,20.0,success,False,2026-08-19T21:13:11.253613+09:00
Reservation Tier,,,failed,False,2026-08-28T00:46:27.391148+09:00
Reservation Timeline,20.0,0.0,success,False,2026-08-19T21:12:26.316955+09:00
Reservation Timer,,,failed,False,2026-08-28T00:22:31.262546+09:00
Reservation Token,,,failed,False,2026-08-23T13:28:19.840300+09:00
Reservation Toll,,,failed,False,2026-08-21T02:44:22.791251+09:00
Reservation Toolbox,,,failed,False,2026-08-28T00:22:36.820060+09:00
Reservation Toolkit,,,failed,False,2026-08-18T21:06:03.853095+09:00
Reservation Total,,,failed,False,2026-08-27T23:10:50.264630+09:00
Reservation Tracker,40.0,13.0,success,False,2026-08-17T20:37:57.626492+09:00
Reservation Trail,20.0,0.0,success,False,2026-08-17T20:47:58.336807+09:00
Reservation Trend,,,failed,False,2026-08-28T01:03:11.397241+09:00
Reservation Trial,,,failed,False,2026-08-27T21:13:32.051431+09:00
Reservation Unit,,,failed,False,2026-08-21T01:57:52.664433+09:00
Reservation Update,50.0,0.0,success,False,2026-08-19T20:42:12.538195+09:00
Reservation Value,260.0,0.0,success,False,2026-08-23T02:58:01.593171+09:00
Reservation Vault,,,failed,False,2026-08-18T01:28:07.797651+09:00
Reservation Version,,,failed,False,2026-08-23T03:23:49.316132+09:00
Reservation View,10.0,5.0,success,False,2026-08-19T20:41:36.001931+09:00
Reservation Voucher,90.0,9.0,success,False,2026-08-21T00:33:08.035106+09:00
Reservation Watch,,,failed,False,2026-08-17T20:31:35.680631+09:00
Reservation Wave,,,failed,False,2026-08-17T20:45:16.547101+09:00
Reservation Widget,40.0,59.0,success,False,2026-08-27T23:10:55.756193+09:00
Reservation Workbench,,,failed,False,2026-08-18T22:12:06.505434+09:00
Reservation Worksheet,,,failed,False,2026-08-27T22:07:37.591593+09:00
Reservation Zone,110.0,11.0,success,False,2026-08-17T20:38:58.199942+09:00
Reserve Advisory,,,failed,False,2026-08-21T00:58:42.850183+09:00
Reserve Allowance,30.0,0.0,success,False,2026-08-21T02:41:21.123178+09:00
Reserve Almanac,10.0,,success,False,2026-08-18T22:06:12.435541+09:00
Reserve Analyzer,,,failed,False,2026-08-27T23:51:51.958622+09:00
Reserve Anchor,10.0,0.0,success,False,2026-08-17T23:09:09.172246+09:00
Reserve Announcement,10.0,0.0,success,False,2026-08-27T23:31:24.795366+09:00
Reserve Asset,480.0,0.0,success,False,2026-08-23T13:45:59.921070+09:00
Reserve Assistant,10.0,0.0,success,False,2026-08-17T23:09:50.041087+09:00
Reserve Atlas,,,failed,False,2026-08-17T23:13:22.671425+09:00
Reserve Attribute,,,failed,False,2026-08-23T13:09:07.907049+09:00
Reserve Balance,260.0,0.0,success,False,2026-08-23T13:45:59.921070+09:00
Reserve Base,170.0,7.0,success,False,2026-08-17T23:08:46.290392+09:00
Reserve Beacon,,,failed,False,2026-08-17T23:07:30.676472+09:00
Reserve Bill,20.0,0.0,success,False,2026-08-19T21:56:37.173014+09:00
Reserve Blueprint,,,failed,False,2026-08-18T22:06:03.591349+09:00
Reserve Board,390.0,59.0,success,False,2026-08-17T23:26:06.305227+09:00
Reserve Book,590.0,19.0,success,False,2026-08-19T21:57:31.477256+09:00
Reserve Bridge,,,failed,False,2026-08-17T23:33:22.514665+09:00
Reserve Brief,,,failed,False,2026-08-21T00:58:34.367334+09:00
Reserve Bulletin,,,failed,False,2026-08-21T00:58:30.042414+09:00
Reserve Calculator,390.0,0.0,success,False,2026-08-27T23:31:29.961537+09:00
Reserve Calendar,140.0,6.0,success,False,2026-08-19T00:00:31.381271+09:00
Reserve Card,2900.0,23.0,success,False,2026-08-19T13:31:59.823844+09:00
Reserve Cascade,,,failed,False,2026-08-17T23:14:22.352504+09:00
Reserve Cash,2400.0,5.0,success,False,2026-08-21T02:24:12.217966+09:00
Reserve Catalog,,,failed,False,2026-08-19T21:10:34.981799+09:00
Reserve Category,880.0,0.0,success,False,2026-08-23T13:09:05.713550+09:00
Reserve Center,1600.0,8.0,success,False,2026-08-17T23:26:46.063928+09:00
Reserve Chain,,,failed,False,2026-08-17T23:28:13.719643+09:00
Reserve Charge,90.0,1.0,success,False,2026-08-21T02:41:10.290966+09:00
Reserve Check,20.0,0.0,success,False,2026-08-19T13:32:13.743565+09:00
Reserve Checker,,,failed,False,2026-08-27T23:51:43.048579+09:00
Reserve Checklist,,,failed,False,2026-08-19T21:09:36.551386+09:00
Reserve Circular,,,failed,False,2026-08-21T01:00:03.837469+09:00
Reserve Cockpit,50.0,59.0,success,False,2026-08-17T23:30:45.182553+09:00
Reserve Code,1300.0,22.0,success,False,2026-08-19T21:57:01.942587+09:00
Reserve Codex,,,failed,False,2026-08-18T22:06:29.857370+09:00
Reserve Companion,,,failed,False,2026-08-17T23:07:47.336176+09:00
Reserve Comparison,,,failed,False,2026-08-28T01:03:51.516264+09:00
Reserve Compass,,,failed,False,2026-08-17T23:33:00.502135+09:00
Reserve Compendium,,,failed,False,2026-08-18T22:06:20.125556+09:00
Reserve Confirmation,2400.0,2.0,success,False,2026-08-21T00:58:52.318728+09:00
Reserve Console,,,failed,False,2026-08-17T23:13:41.173741+09:00
Reserve Core,10.0,0.0,success,False,2026-08-17T23:25:51.814430+09:00
Reserve Cost,90.0,0.0,success,False,2026-08-21T02:07:02.181648+09:00
Reserve Counter,,,failed,False,2026-08-19T00:01:21.334255+09:00
Reserve Dashboard,10.0,11.0,success,False,2026-08-17T23:13:01.440927+09:00
Reserve Deal,10.0,17.0,success,False,2026-08-21T01:51:56.272630+09:00
Reserve Debt,,,failed,False,2026-08-21T02:24:04.256033+09:00
Reserve Deck,,,failed,False,2026-08-17T23:10:28.342550+09:00
Reserve Depot,30.0,0.0,success,False,2026-08-19T00:01:04.506360+09:00
Reserve Desk,110.0,15.0,success,False,2026-08-17T23:32:34.743858+09:00
Reserve Detail,,,failed,False,2026-08-23T03:21:52.337489+09:00
Reserve Detector,,,failed,False,2026-08-27T23:51:48.203996+09:00
Reserve Diagram,,,failed,False,2026-08-27T22:09:07.960139+09:00
Reserve Dial,,,failed,False,2026-08-17T23:08:25.865498+09:00
Reserve Digest,,,failed,False,2026-08-19T20:49:23.220357+09:00
Reserve Directory,10.0,0.0,success,False,2026-08-19T00:00:38.616891+09:00
Reserve Dock,,,failed,False,2026-08-17T23:10:06.483021+09:00
Reserve Dossier,,,failed,False,2026-08-21T00:58:57.845239+09:00
Reserve Draft,,,failed,False,2026-08-19T20:49:32.682801+09:00
Reserve Due,,,failed,False,2026-08-23T15:50:16.987712+09:00
Reserve Duty,590.0,3.0,success,False,2026-08-21T02:41:14.911892+09:00
Reserve Endowment,,,failed,False,2026-08-23T15:50:21.646134+09:00
Reserve Engine,20.0,0.0,success,False,2026-08-17T23:29:43.400125+09:00
Reserve Entry,30.0,0.0,success,False,2026-08-21T00:59:10.591896+09:00
Reserve Estimate,90.0,0.0,success,False,2026-08-19T21:10:27.505284+09:00
Reserve Estimator,,,failed,False,2026-08-27T23:51:38.023281+09:00
Reserve Excerpt,,,failed,False,2026-08-21T00:59:06.391670+09:00
Reserve Extension,,,failed,False,2026-08-23T16:37:40.797403+09:00
Reserve Fare,,,failed,False,2026-08-21T02:07:11.746620+09:00
Reserve Fee,1000.0,0.0,success,True,2026-08-21T01:51:43.156382+09:00
Reserve Feed,,,failed,False,2026-08-19T20:49:28.954845+09:00
Reserve Field,70.0,0.0,success,False,2026-08-23T13:09:10.087594+09:00
Reserve File,10.0,0.0,success,False,2026-08-19T20:49:01.783681+09:00
Reserve Finder,,,failed,False,2026-08-19T00:00:56.933054+09:00
Reserve Fine,,,failed,False,2026-08-23T02:56:24.253545+09:00
Reserve Flag,,,failed,False,2026-08-21T00:35:52.521460+09:00
Reserve Flow,30.0,0.0,success,False,2026-08-17T23:03:51.188489+09:00
Reserve Forge,,,failed,False,2026-08-17T23:33:11.202195+09:00
Reserve Form,70.0,3.0,success,False,2026-08-19T13:31:50.431005+09:00
Reserve Format,,,failed,False,2026-08-23T13:09:12.775055+09:00
Reserve Frame,,,failed,False,2026-08-17T23:25:33.384672+09:00
Reserve Fund,1900.0,0.0,success,True,2026-08-21T02:24:08.080909+09:00
Reserve Gate,90.0,21.0,success,False,2026-08-17T23:06:20.939022+09:00
Reserve Generator,30.0,3.0,success,False,2026-08-27T23:31:33.268301+09:00
Reserve Grade,,,failed,False,2026-08-21T00:35:36.889482+09:00
Reserve Graph,170.0,0.0,success,False,2026-08-27T22:08:49.995304+09:00
Reserve Grid,,,failed,False,2026-08-17T23:23:57.574570+09:00
Reserve Guarantee,,,failed,False,2026-08-28T01:04:00.519509+09:00
Reserve Guard,260.0,11.0,success,False,2026-08-17T23:31:42.326204+09:00
Reserve Guardian,,,failed,False,2026-08-28T00:22:21.008845+09:00
Reserve Guidebook,10.0,,success,False,2026-08-18T22:05:45.987777+09:00
Reserve Helper,,,failed,False,2026-08-28T00:22:26.191039+09:00
Reserve History,20.0,0.0,success,False,2026-08-19T20:48:55.006137+09:00
Reserve Hotline,,,failed,False,2026-08-19T21:10:46.722805+09:00
Reserve Hub,70.0,1.0,success,False,2026-08-17T23:32:18.106895+09:00
Reserve Identifier,,,failed,False,2026-08-23T13:09:03.594529+09:00
Reserve Index,20.0,5.0,success,False,2026-08-19T21:09:48.311531+09:00
Reserve Insight,,,failed,False,2026-08-17T23:30:30.158673+09:00
Reserve Interest,720.0,0.0,success,False,2026-08-23T13:45:59.921070+09:00
Reserve Item,110.0,1.0,success,False,2026-08-21T01:51:47.599222+09:00
Reserve Journal,,,failed,False,2026-08-18T22:05:27.658262+09:00
Reserve Keeper,20.0,1.0,success,False,2026-08-17T23:08:06.421601+09:00
Reserve Lab,,,failed,False,2026-08-17T23:04:48.646277+09:00
Reserve Label,50.0,48.0,success,False,2026-08-27T22:08:54.322972+09:00
Reserve Ledger,,,failed,False,2026-08-17T23:15:32.901211+09:00
Reserve Lens,40.0,0.0,success,False,2026-08-17T23:14:01.287138+09:00
Reserve Level,70.0,2.0,success,False,2026-08-19T20:49:06.260858+09:00
Reserve Levy,20.0,0.0,success,False,2026-08-23T13:46:02.473862+09:00
Reserve Link,320.0,6.0,success,False,2026-08-23T03:21:42.958973+09:00
Reserve List,2400.0,1.0,success,False,2026-08-19T21:57:11.207151+09:00
Reserve Loan,260.0,58.0,success,False,2026-08-21T02:07:20.173569+09:00
Reserve Locator,,,failed,False,2026-08-19T00:00:48.226412+09:00
Reserve Lock,10.0,0.0,success,False,2026-08-17T23:07:02.817989+09:00
Reserve Log,,,failed,False,2026-08-19T13:31:41.202916+09:00
Reserve Loop,70.0,1.0,success,False,2026-08-17T23:10:45.795183+09:00
Reserve Manager,70.0,2.0,success,False,2026-08-17T23:29:29.429883+09:00
Reserve Manual,,,failed,False,2026-08-27T22:09:01.274163+09:00
Reserve Map,14800.0,0.0,success,True,2026-08-17T23:24:58.944526+09:00
Reserve Margin,170.0,0.0,success,False,2026-08-23T02:56:21.131414+09:00
Reserve Marker,20.0,0.0,success,False,2026-08-23T13:26:25.215433+09:00
Reserve Memo,,,failed,False,2026-08-21T00:35:43.096296+09:00
Reserve Message,1000.0,0.0,success,True,2026-08-27T23:12:54.177935+09:00
Reserve Meter,,,failed,False,2026-08-17T23:27:32.625137+09:00
Reserve Metrics,,,failed,False,2026-08-17T23:05:59.212452+09:00
Reserve Monitor,,,failed,False,2026-08-17T23:11:23.614440+09:00
Reserve Navigator,,,failed,False,2026-08-17T23:31:10.385394+09:00
Reserve Nexus,,,failed,False,2026-08-17T23:28:52.290735+09:00
Reserve Node,10.0,0.0,success,False,2026-08-17T23:28:34.893276+09:00
Reserve Note,320.0,6.0,success,False,2026-08-19T13:32:37.235735+09:00
Reserve Notification,,,failed,False,2026-08-27T22:47:28.680273+09:00
Reserve Number,260.0,7.0,success,False,2026-08-23T03:21:32.618577+09:00
Reserve Office,1900.0,8.0,success,False,2026-08-19T00:01:12.720919+09:00
Reserve Ops,,,failed,False,2026-08-17T23:14:41.375835+09:00
Reserve Order,480.0,0.0,success,False,2026-08-19T21:56:27.780319+09:00
Reserve Organizer,,,failed,False,2026-08-17T23:30:16.319777+09:00
Reserve Overdraft,,,failed,False,2026-08-23T15:50:16.987712+09:00
Reserve Panel,20.0,0.0,success,False,2026-08-17T23:27:19.198277+09:00
Reserve Pass,140.0,17.0,success,False,2026-08-21T00:35:19.738516+09:00
Reserve Path,,,failed,False,2026-08-17T23:12:20.668668+09:00
Reserve Petition,,,failed,False,2026-08-21T00:58:47.378244+09:00
Reserve Pilot,170.0,1.0,success,False,2026-08-17T23:11:05.439479+09:00
Reserve Plan,70.0,0.0,success,False,2026-08-21T01:51:57.784692+09:00
Reserve Planner,,,failed,False,2026-08-17T23:30:03.516281+09:00
Reserve Playbook,,,failed,False,2026-08-18T22:05:19.741515+09:00
Reserve Point,110.0,5.0,success,False,2026-08-17T23:24:36.078713+09:00
Reserve Portal,110.0,3.0,success,False,2026-08-17T23:27:03.515384+09:00
Reserve Preview,,,failed,False,2026-08-28T01:03:55.063070+09:00
Reserve Profile,,,failed,False,2026-08-19T13:32:49.484496+09:00
Reserve Profit,40.0,0.0,success,False,2026-08-23T02:56:08.739557+09:00
Reserve Proposal,,,failed,False,2026-08-28T01:03:55.063070+09:00
Reserve Pulse,,,failed,False,2026-08-17T23:05:11.266926+09:00
Reserve Queue,,,failed,False,2026-08-19T21:10:16.662476+09:00
Reserve Quota,90.0,0.0,success,False,2026-08-21T00:35:49.197244+09:00
Reserve Radar,,,failed,False,2026-08-17T23:05:34.845009+09:00
Reserve Rail,33100.0,16.0,success,False,2026-08-17T23:28:01.386512+09:00
Reserve Rate,2900.0,0.0,success,True,2026-08-19T20:49:09.969574+09:00
Reserve Recap,,,failed,False,2026-08-21T01:00:08.450743+09:00
Reserve Receipt,,,failed,False,2026-08-19T21:56:50.628145+09:00
Reserve Recorder,,,failed,False,2026-08-27T23:31:37.799226+09:00
Reserve Register,20.0,0.0,success,False,2026-08-17T23:31:23.198788+09:00
Reserve Registry,,,failed,False,2026-08-18T22:05:53.928204+09:00
Reserve Relay,,,failed,False,2026-08-17T23:32:47.059992+09:00
Reserve Reminder,,,failed,False,2026-08-19T21:09:25.998389+09:00
Reserve Report,90.0,0.0,success,False,2026-08-19T13:31:24.471816+09:00
Reserve Repository,,,failed,False,2026-08-27T23:13:03.121922+09:00
Reserve Roadmap,,,failed,False,2026-08-18T22:06:39.446315+09:00
Reserve Roster,20.0,0.0,success,False,2026-08-19T00:37:34.373704+09:00
Reserve Route,10.0,0.0,success,False,2026-08-17T23:27:47.140187+09:00
Reserve Rule,,,failed,False,2026-08-23T03:21:47.880193+09:00
Reserve Sale,2400.0,100.0,success,False,2026-08-21T02:24:14.838617+09:00
Reserve Sample,90.0,0.0,success,False,2026-08-19T21:57:53.749303+09:00
Reserve Scale,,,failed,False,2026-08-17T23:15:16.385703+09:00
Reserve Scheduler,,,failed,False,2026-08-17T23:04:09.987003+09:00
Reserve Scope,,,failed,False,2026-08-17T23:23:39.258674+09:00
Reserve Score,,,failed,False,2026-08-19T13:32:23.096151+09:00
Reserve Sentry,,,failed,False,2026-08-17T23:29:09.953642+09:00
Reserve Sheet,20.0,1.0,success,False,2026-08-19T13:32:07.571238+09:00
Reserve Shortfall,10.0,0.0,success,False,2026-08-27T21:46:34.931324+09:00
Reserve Signal,,,failed,False,2026-08-17T23:33:40.972373+09:00
Reserve Signature,40.0,1.0,success,False,2026-08-23T13:26:22.288872+09:00
Reserve Slip,,,failed,False,2026-08-19T21:57:44.656511+09:00
Reserve Slot,110.0,7.0,success,False,2026-08-19T21:58:05.672882+09:00
Reserve Snapshot,,,failed,False,2026-08-18T22:05:35.647018+09:00
Reserve Stage,10.0,,success,False,2026-08-28T00:46:33.624903+09:00
Reserve Stake,,,failed,False,2026-08-23T02:56:14.910502+09:00
Reserve Stamp,110.0,70.0,success,False,2026-08-23T13:26:27.447056+09:00
Reserve Statement,20.0,0.0,success,False,2026-08-21T00:35:31.431507+09:00
Reserve Station,210.0,2.0,success,False,2026-08-17T23:26:34.514876+09:00
Reserve Status,170.0,0.0,success,False,2026-08-19T20:48:43.191337+09:00
Reserve Studio,40.0,2.0,success,False,2026-08-17T23:26:20.273293+09:00
Reserve Suite,110.0,37.0,success,False,2026-08-17T23:14:59.429645+09:00
Reserve Sum,,,failed,False,2026-08-21T02:23:55.522760+09:00
Reserve Summary,,,failed,False,2026-08-19T21:08:58.951614+09:00
Reserve Surtax,,,failed,False,2026-08-23T15:50:21.646134+09:00
Reserve Sync,,,failed,False,2026-08-17T23:32:02.596672+09:00
Reserve Tab,140.0,0.0,success,False,2026-08-21T00:35:57.334663+09:00
Reserve Table,9900.0,19.0,success,False,2026-08-19T21:57:22.115019+09:00
Reserve Tag,480.0,77.0,success,False,2026-08-19T13:32:42.417252+09:00
Reserve Tariff,,,failed,False,2026-08-21T02:41:24.321159+09:00
Reserve Tax,140.0,0.0,success,False,2026-08-21T02:07:16.373051+09:00
Reserve Ticket,1000.0,10.0,success,False,2026-08-19T21:10:05.581791+09:00
Reserve Tier,10.0,0.0,success,False,2026-08-28T00:46:36.452526+09:00
Reserve Timeline,,,failed,False,2026-08-19T21:09:10.178555+09:00
Reserve Token,70.0,0.0,success,False,2026-08-23T13:26:19.905298+09:00
Reserve Toll,,,failed,False,2026-08-21T02:41:18.531749+09:00
Reserve Toolbox,,,failed,False,2026-08-28T00:22:23.551401+09:00
Reserve Toolkit,,,failed,False,2026-08-18T22:05:10.153828+09:00
Reserve Total,320.0,0.0,success,False,2026-08-27T23:12:56.649660+09:00
Reserve Tracker,20.0,0.0,success,False,2026-08-17T23:09:32.191803+09:00
Reserve Trail,260.0,5.0,success,False,2026-08-17T23:04:25.350258+09:00
Reserve Trend,,,failed,False,2026-08-28T01:03:48.385418+09:00
Reserve Trial,,,failed,False,2026-08-27T21:14:38.915931+09:00
Reserve Unit,480.0,5.0,success,False,2026-08-21T01:51:52.747806+09:00
Reserve Update,,,failed,False,2026-08-19T20:49:16.530394+09:00
Reserve Value,260.0,0.0,success,False,2026-08-23T02:56:12.259379+09:00
Reserve Vault,1000.0,15.0,success,False,2026-08-17T23:12:41.358995+09:00
Reserve Version,,,failed,False,2026-08-23T03:21:36.606838+09:00
Reserve View,20.0,0.0,success,False,2026-08-19T20:48:48.411735+09:00
Reserve Watch,590.0,41.0,success,False,2026-08-17T22:51:27.768654+09:00
Reserve Wave,,,failed,False,2026-08-17T23:24:15.710246+09:00
Reserve Widget,,,failed,False,2026-08-27T23:13:00.467969+09:00
Reserve Workbench,,,failed,False,2026-08-18T22:04:58.367673+09:00
Reserve Worksheet,,,failed,False,2026-08-27T22:09:05.119901+09:00
Reserve Workshop,,,failed,False,2026-08-28T00:22:18.393624+09:00
Reserve Zone,50.0,1.0,success,False,2026-08-17T23:06:41.076830+09:00
Resident Advance,,,failed,False,2026-08-23T16:15:09.158473+09:00
Resident Advisory,246000.0,0.0,success,True,2026-08-21T01:06:51.131996+09:00
Resident Allowance,20.0,0.0,success,False,2026-08-21T02:37:42.077569+09:00
Resident Almanac,,,failed,False,2026-08-18T22:10:10.353821+09:00
Resident Analyzer,,,failed,False,2026-08-27T23:58:28.934840+09:00
Resident Anchor,,,failed,False,2026-08-17T23:09:15.899406+09:00
Resident Announcement,,,failed,False,2026-08-27T23:36:29.882311+09:00
Resident Arrears,,,failed,False,2026-08-23T16:15:09.158473+09:00
Resident Assistant,1000000.0,3.0,success,False,2026-08-17T23:09:52.206266+09:00
Resident Atlas,,,failed,False,2026-08-17T23:13:24.499414+09:00
Resident Attribute,,,failed,False,2026-08-23T13:06:33.832553+09:00
Resident Badge,,,failed,False,2026-08-21T00:32:34.737926+09:00
Resident Balance,,,failed,False,2026-08-23T13:47:07.330354+09:00
Resident Base,,,failed,False,2026-08-17T23:08:49.702335+09:00
Resident Beacon,,,failed,False,2026-08-17T23:07:32.474026+09:00
Resident Bill,70.0,0.0,success,False,2026-08-19T21:51:25.452105+09:00
Resident Blueprint,10.0,0.0,success,False,2026-08-18T22:10:02.231985+09:00
Resident Board,70.0,0.0,success,False,2026-08-17T23:23:24.651550+09:00
Resident Book,320.0,3.0,success,False,2026-08-19T21:52:24.100892+09:00
Resident Bridge,10.0,0.0,success,False,2026-08-17T23:31:27.985495+09:00
Resident Brief,,,failed,False,2026-08-21T01:06:44.007854+09:00
Resident Bulletin,,,failed,False,2026-08-21T01:06:36.051415+09:00
Resident Calendar,10.0,0.0,success,False,2026-08-19T00:01:04.506360+09:00
Resident Card,5400.0,1.0,success,False,2026-08-19T13:33:22.206561+09:00
Resident Cascade,10.0,0.0,success,False,2026-08-17T23:14:25.326532+09:00
Resident Cash,,,failed,False,2026-08-21T02:20:53.673511+09:00
Resident Cashback,,,failed,False,2026-08-27T21:17:51.217476+09:00
Resident Catalog,,,failed,False,2026-08-19T21:06:23.756396+09:00
Resident Category,90.0,0.0,success,False,2026-08-23T13:06:31.775349+09:00
Resident Center,9900.0,1.0,success,False,2026-08-17T23:24:15.710246+09:00
Resident Chain,,,failed,False,2026-08-17T23:26:20.273293+09:00
Resident Charge,,,failed,False,2026-08-21T02:37:27.000959+09:00
Resident Check,1900.0,1.0,success,False,2026-08-19T13:33:46.951331+09:00
Resident Checker,,,failed,False,2026-08-27T23:58:26.225716+09:00
Resident Checklist,10.0,0.0,success,False,2026-08-19T21:05:22.464454+09:00
Resident Circular,,,failed,False,2026-08-21T01:06:46.678178+09:00
Resident Cockpit,,,failed,False,2026-08-17T23:28:37.439215+09:00
Resident Code,140.0,0.0,success,False,2026-08-19T21:51:50.352396+09:00
Resident Codex,,,failed,False,2026-08-18T22:10:25.741480+09:00
Resident Companion,40.0,15.0,success,False,2026-08-17T23:07:47.336176+09:00
Resident Comparison,,,failed,False,2026-08-28T01:01:55.633503+09:00
Resident Compass,,,failed,False,2026-08-17T23:30:49.193189+09:00
Resident Compendium,,,failed,False,2026-08-18T22:10:16.418477+09:00
Resident Confirmation,,,failed,False,2026-08-21T01:07:02.843245+09:00
Resident Console,,,failed,False,2026-08-17T23:13:43.600383+09:00
Resident Contribution,,,failed,False,2026-08-23T16:15:06.058154+09:00
Resident Core,,,failed,False,2026-08-17T23:33:25.716051+09:00
Resident Cost,20.0,0.0,success,False,2026-08-21T02:13:25.435180+09:00
Resident Count,10.0,0.0,success,False,2026-08-27T22:50:33.048353+09:00
Resident Counter,,,failed,False,2026-08-19T00:01:53.326080+09:00
Resident Coupon,,,failed,False,2026-08-27T21:17:47.451913+09:00
Resident Dashboard,50.0,0.0,success,False,2026-08-17T23:13:04.753315+09:00
Resident Deal,20.0,2.0,success,False,2026-08-21T01:58:16.207160+09:00
Resident Debt,,,failed,False,2026-08-21T02:28:54.304303+09:00
Resident Deck,,,failed,False,2026-08-17T23:10:31.513884+09:00
Resident Depot,30.0,5.0,success,False,2026-08-19T00:01:37.572111+09:00
Resident Desk,20.0,2.0,success,False,2026-08-17T23:30:19.900529+09:00
Resident Detail,320.0,0.0,success,False,2026-08-23T03:17:28.989211+09:00
Resident Detector,,,failed,False,2026-08-27T23:58:28.934840+09:00
Resident Dial,,,failed,False,2026-08-17T23:08:28.176792+09:00
Resident Digest,,,failed,False,2026-08-19T20:46:24.803660+09:00
Resident Directory,390.0,3.0,success,False,2026-08-19T00:01:14.805570+09:00
Resident Dock,,,failed,False,2026-08-17T23:10:08.054607+09:00
Resident Dossier,,,failed,False,2026-08-21T01:07:07.368570+09:00
Resident Downpayment,,,failed,False,2026-08-27T21:49:04.119579+09:00
Resident Draft,,,failed,False,2026-08-19T20:46:36.801455+09:00
Resident Due,,,failed,False,2026-08-23T15:51:59.728812+09:00
Resident Duty,10.0,0.0,success,False,2026-08-21T02:37:31.175739+09:00
Resident Endowment,,,failed,False,2026-08-23T15:52:04.916947+09:00
Resident Engine,20.0,0.0,success,False,2026-08-17T23:27:34.340862+09:00
Resident Entry,40.0,0.0,success,False,2026-08-21T01:07:21.862187+09:00
Resident Estimate,,,failed,False,2026-08-19T21:06:11.173737+09:00
Resident Estimator,,,failed,False,2026-08-27T23:58:23.732862+09:00
Resident Excerpt,,,failed,False,2026-08-21T01:07:17.420617+09:00
Resident Extension,40.0,2.0,success,False,2026-08-23T16:39:28.081272+09:00
Resident Fare,30.0,6.0,success,False,2026-08-21T02:13:34.693364+09:00
Resident Fee,70.0,0.0,success,False,2026-08-21T01:58:00.854013+09:00
Resident Feed,,,failed,False,2026-08-19T20:46:30.162701+09:00
Resident Field,,,failed,False,2026-08-23T13:06:36.915804+09:00
Resident File,70.0,1.0,success,False,2026-08-19T20:46:06.697629+09:00
Resident Finder,140.0,10.0,success,False,2026-08-19T00:01:30.427864+09:00
Resident Fine,,,failed,False,2026-08-23T02:53:34.328450+09:00
Resident Flag,,,failed,False,2026-08-21T00:33:08.035106+09:00
Resident Flow,10.0,0.0,success,False,2026-08-17T23:03:53.626473+09:00
Resident Forge,,,failed,False,2026-08-17T23:31:12.330432+09:00
Resident Form,260.0,0.0,success,False,2026-08-19T13:33:05.427843+09:00
Resident Format,260.0,0.0,success,False,2026-08-23T13:06:38.895978+09:00
Resident Frame,,,failed,False,2026-08-17T23:33:11.202195+09:00
Resident Fund,20.0,0.0,success,False,2026-08-21T02:28:54.304303+09:00
Resident Gate,320.0,83.0,success,False,2026-08-17T23:06:24.757707+09:00
Resident Giveaway,,,failed,False,2026-08-27T21:17:56.289470+09:00
Resident Grade,,,failed,False,2026-08-21T00:32:54.976982+09:00
Resident Graph,,,failed,False,2026-08-27T22:13:16.015424+09:00
Resident Grid,,,failed,False,2026-08-17T23:32:21.137516+09:00
Resident Guarantee,,,failed,False,2026-08-28T01:02:01.499945+09:00
Resident Guard,30.0,14.0,success,False,2026-08-17T23:29:31.685360+09:00
Resident Guardian,10.0,0.0,success,False,2026-08-28T00:27:03.530965+09:00
Resident Guidebook,,,failed,False,2026-08-18T22:09:47.268840+09:00
Resident Helpdesk,,,failed,False,2026-08-27T22:50:33.048353+09:00
Resident Helper,30.0,13.0,success,False,2026-08-28T00:27:06.057605+09:00
Resident History,390.0,8.0,success,False,2026-08-19T20:46:02.034696+09:00
Resident Hotline,,,failed,False,2026-08-19T21:06:33.819352+09:00
Resident Hub,140.0,1.0,success,False,2026-08-17T23:30:05.459796+09:00
Resident Identifier,,,failed,False,2026-08-23T13:06:29.194377+09:00
Resident Incentive,,,failed,False,2026-08-27T21:17:53.742550+09:00
Resident Index,,,failed,False,2026-08-19T21:05:35.157530+09:00
Resident Insight,,,failed,False,2026-08-17T23:28:17.323230+09:00
Resident Installment,,,failed,False,2026-08-23T16:15:01.314751+09:00
Resident Item,,,failed,False,2026-08-21T01:58:02.709797+09:00
Resident Journal,10.0,0.0,success,False,2026-08-18T22:09:30.106481+09:00
Resident Keeper,,,failed,False,2026-08-17T23:08:08.981233+09:00
Resident Kit,10.0,0.0,success,False,2026-08-27T22:50:26.115784+09:00
Resident Lab,,,failed,False,2026-08-17T23:04:50.362686+09:00
Resident Ledger,260.0,13.0,success,False,2026-08-17T22:46:53.613180+09:00
Resident Lens,,,failed,False,2026-08-17T23:14:05.238044+09:00
Resident Level,90.0,0.0,success,False,2026-08-19T20:46:10.724712+09:00
Resident Levy,,,failed,False,2026-08-23T13:47:09.314181+09:00
Resident Link,720.0,3.0,success,False,2026-08-23T03:17:21.558443+09:00
Resident List,260.0,1.0,success,False,2026-08-19T21:52:01.647797+09:00
Resident Loan,110.0,35.0,success,False,2026-08-21T02:13:43.743607+09:00
Resident Lobby,,,failed,False,2026-08-19T12:26:22.946559+09:00
Resident Locator,10.0,0.0,success,False,2026-08-19T00:01:24.646371+09:00
Resident Lock,,,failed,False,2026-08-17T23:07:07.612411+09:00
Resident Log,10.0,0.0,success,False,2026-08-19T13:32:58.947587+09:00
Resident Loop,,,failed,False,2026-08-17T23:10:49.091693+09:00
Resident Manager,1600.0,3.0,success,False,2026-08-17T23:27:19.198277+09:00
Resident Manual,50.0,0.0,success,False,2026-08-27T22:13:24.343596+09:00
Resident Map,390.0,0.0,success,False,2026-08-17T23:33:00.502135+09:00
Resident Margin,,,failed,False,2026-08-23T02:53:30.954147+09:00
Resident Marker,,,failed,False,2026-08-23T13:27:34.278860+09:00
Resident Markup,,,failed,False,2026-08-23T16:39:25.527330+09:00
Resident Memo,,,failed,False,2026-08-21T00:32:59.208813+09:00
Resident Message,10.0,0.0,success,False,2026-08-27T23:15:49.054288+09:00
Resident Meter,,,failed,False,2026-08-17T23:25:33.384672+09:00
Resident Metrics,,,failed,False,2026-08-17T23:06:02.733299+09:00
Resident Monitor,320.0,1.0,success,False,2026-08-17T23:11:27.104300+09:00
Resident Navigator,,,failed,False,2026-08-17T23:28:54.506937+09:00
Resident Nexus,,,failed,False,2026-08-17T23:26:50.492047+09:00
Resident Node,,,failed,False,2026-08-17T23:26:34.514876+09:00
Resident Note,,,failed,False,2026-08-19T13:34:00.979457+09:00
Resident Notification,10.0,1.0,success,False,2026-08-27T22:50:26.115784+09:00
Resident Number,260.0,0.0,success,False,2026-08-23T03:17:09.077548+09:00
Resident Office,260.0,0.0,success,False,2026-08-19T00:01:43.287513+09:00
Resident Ops,,,failed,False,2026-08-17T23:14:44.117441+09:00
Resident Organizer,,,failed,False,2026-08-17T23:28:04.378663+09:00
Resident Overage,,,failed,False,2026-08-27T21:49:01.717649+09:00
Resident Overdraft,,,failed,False,2026-08-23T15:52:02.827883+09:00
Resident Overdue,,,failed,False,2026-08-27T21:48:57.191063+09:00
Resident Panel,20.0,0.0,success,False,2026-08-17T23:24:58.944526+09:00
Resident Pass,320.0,1.0,success,False,2026-08-21T00:32:20.380964+09:00
Resident Path,,,failed,False,2026-08-17T23:12:24.724350+09:00
Resident Payoff,,,failed,False,2026-08-27T21:48:59.482652+09:00
Resident Penalty,,,failed,False,2026-08-23T16:39:23.209795+09:00
Resident Petition,10.0,0.0,success,False,2026-08-21T01:06:58.606298+09:00
Resident Pilot,10.0,0.0,success,False,2026-08-17T23:11:08.683373+09:00
Resident Plan,50.0,0.0,success,False,2026-08-21T01:58:12.628800+09:00
Resident Planner,,,failed,False,2026-08-17T23:27:48.723968+09:00
Resident Playbook,246000.0,0.0,success,True,2026-08-18T22:09:21.781956+09:00
Resident Point,20.0,0.0,success,False,2026-08-17T23:32:49.252049+09:00
Resident Portal,74000.0,0.0,success,True,2026-08-17T23:24:40.372556+09:00
Resident Preview,10.0,,success,False,2026-08-28T01:01:58.415917+09:00
Resident Profile,110.0,1.0,success,False,2026-08-19T13:34:20.014616+09:00
Resident Profit,,,failed,False,2026-08-23T02:53:19.802959+09:00
Resident Proposal,,,failed,False,2026-08-28T01:02:01.499945+09:00
Resident Pulse,,,failed,False,2026-08-17T23:05:14.518937+09:00
Resident Queue,,,failed,False,2026-08-19T21:06:00.178861+09:00
Resident Quota,,,failed,False,2026-08-21T00:33:03.712506+09:00
Resident Radar,,,failed,False,2026-08-17T23:05:39.217461+09:00
Resident Rail,,,failed,False,2026-08-17T23:26:06.305227+09:00
Resident Rate,70.0,1.0,success,False,2026-08-19T20:46:16.448832+09:00
Resident Recap,10.0,0.0,success,False,2026-08-21T01:07:11.720033+09:00
Resident Receipt,,,failed,False,2026-08-19T21:51:34.255432+09:00
Resident Redemption,30.0,0.0,success,False,2026-08-23T16:39:28.081272+09:00
Resident Register,590.0,4.0,success,False,2026-08-17T23:29:14.907859+09:00
Resident Registry,140.0,2.0,success,False,2026-08-18T22:09:54.168922+09:00
Resident Relay,,,failed,False,2026-08-17T23:30:33.375533+09:00
Resident Reminder,,,failed,False,2026-08-19T21:05:10.807996+09:00
Resident Report,90.0,0.0,success,False,2026-08-19T13:32:49.484496+09:00
Resident Repository,,,failed,False,2026-08-27T23:15:58.535794+09:00
Resident Roadmap,,,failed,False,2026-08-18T22:10:34.249457+09:00
Resident Roster,70.0,0.0,success,False,2026-08-19T00:37:53.742610+09:00
Resident Route,,,failed,False,2026-08-17T23:25:51.814430+09:00
Resident Rule,20.0,0.0,success,False,2026-08-23T03:17:25.053866+09:00
Resident Sale,20.0,2.0,success,False,2026-08-21T02:20:57.219379+09:00
Resident Sample,,,failed,False,2026-08-19T21:52:48.982891+09:00
Resident Scale,,,failed,False,2026-08-17T23:15:18.258563+09:00
Resident Scanner,10.0,0.0,success,False,2026-08-27T23:58:26.225716+09:00
Resident Scheduler,,,failed,False,2026-08-17T23:04:12.037031+09:00
Resident Scope,,,failed,False,2026-08-17T23:32:02.596672+09:00
Resident Score,590.0,31.0,success,False,2026-08-19T13:33:54.731377+09:00
Resident Sentry,,,failed,False,2026-08-17T23:27:06.990402+09:00
Resident Sheet,30.0,100.0,success,False,2026-08-19T13:33:39.488989+09:00
Resident Shortfall,,,failed,False,2026-08-27T21:49:06.270483+09:00
Resident Signal,,,failed,False,2026-08-17T23:31:45.267981+09:00
Resident Signature,40.0,0.0,success,False,2026-08-23T13:27:34.278860+09:00
Resident Slip,,,failed,False,2026-08-19T21:52:37.480660+09:00
Resident Slot,260.0,5.0,success,False,2026-08-19T21:53:00.908408+09:00
Resident Snapshot,,,failed,False,2026-08-18T22:09:37.820706+09:00
Resident Stake,,,failed,False,2026-08-23T02:53:27.977389+09:00
Resident Statement,110.0,15.0,success,False,2026-08-21T00:32:45.504063+09:00
Resident Station,,,failed,False,2026-08-17T23:23:57.574570+09:00
Resident Status,18100.0,1.0,success,False,2026-08-19T20:45:48.837053+09:00
Resident Stub,,,failed,False,2026-08-21T00:32:40.998784+09:00
Resident Studio,40.0,2.0,success,False,2026-08-17T23:23:41.484558+09:00
Resident Subsidy,20.0,0.0,success,False,2026-08-23T15:52:04.916947+09:00
Resident Suite,1600.0,9.0,success,False,2026-08-17T23:15:02.433018+09:00
Resident Sum,,,failed,False,2026-08-21T02:28:50.660826+09:00
Resident Summary,,,failed,False,2026-08-19T21:04:44.071622+09:00
Resident Surtax,,,failed,False,2026-08-23T15:52:07.033808+09:00
Resident Sync,,,failed,False,2026-08-17T23:29:49.351305+09:00
Resident Tab,30.0,0.0,success,False,2026-08-21T00:33:14.863078+09:00
Resident Table,70.0,15.0,success,False,2026-08-19T21:52:13.387437+09:00
Resident Tag,,,failed,False,2026-08-19T13:34:06.788909+09:00
Resident Tally,,,failed,False,2026-08-21T00:32:50.317142+09:00
Resident Tariff,,,failed,False,2026-08-21T02:37:45.273746+09:00
Resident Tax,6600.0,1.0,success,False,2026-08-21T02:13:39.971656+09:00
Resident Ticket,210.0,3.0,success,False,2026-08-19T21:05:47.568804+09:00
Resident Tier,,,failed,False,2026-08-28T00:45:40.942680+09:00
Resident Timeline,40.0,0.0,success,False,2026-08-19T21:04:58.271286+09:00
Resident Timer,,,failed,False,2026-08-28T00:27:00.787784+09:00
Resident Toll,,,failed,False,2026-08-21T02:37:37.997164+09:00
Resident Toolbox,,,failed,False,2026-08-28T00:27:03.530965+09:00
Resident Toolkit,,,failed,False,2026-08-18T22:09:15.023895+09:00
Resident Total,,,failed,False,2026-08-27T23:15:53.344715+09:00
Resident Tracker,170.0,12.0,success,False,2026-08-17T23:09:32.191803+09:00
Resident Trail,,,failed,False,2026-08-17T23:04:29.933530+09:00
Resident Trend,,,failed,False,2026-08-28T01:01:55.633503+09:00
Resident Trial,,,failed,False,2026-08-27T21:17:53.742550+09:00
Resident Unit,1000.0,1.0,success,False,2026-08-21T01:58:06.326002+09:00
Resident Update,40.0,0.0,success,False,2026-08-19T20:46:21.996527+09:00
Resident Value,20.0,0.0,success,False,2026-08-23T02:53:22.590239+09:00
Resident Vault,,,failed,False,2026-08-17T23:12:41.358995+09:00
Resident Version,,,failed,False,2026-08-23T03:17:13.101010+09:00
Resident View,30.0,3.0,success,False,2026-08-19T20:45:56.516624+09:00
Resident Voucher,,,failed,False,2026-08-21T00:32:26.715092+09:00
Resident Wallet,,,failed,False,2026-08-27T22:50:28.774616+09:00
Resident Watch,2400.0,3.0,success,False,2026-08-17T22:51:32.586910+09:00
Resident Wave,10.0,11.0,success,False,2026-08-17T23:32:34.743858+09:00
Resident Widget,,,failed,False,2026-08-27T23:15:55.855078+09:00
Resident Workbench,,,failed,False,2026-08-18T22:09:07.653451+09:00
Resident Worksheet,,,failed,False,2026-08-27T22:13:27.898794+09:00
Resident Zone,1300.0,0.0,success,True,2026-08-17T23:06:43.544679+09:00
Resolution Advisory,260.0,1.0,success,False,2026-08-21T01:08:40.341221+09:00
Resolution Allowance,,,failed,False,2026-08-21T02:39:07.071635+09:00
Resolution Almanac,,,failed,False,2026-08-18T22:09:21.781956+09:00
Resolution Analyzer,,,failed,False,2026-08-27T23:51:26.937833+09:00
Resolution Anchor,,,failed,False,2026-08-17T20:45:33.619281+09:00
Resolution Announcement,,,failed,False,2026-08-27T23:31:24.795366+09:00
Resolution Assistant,10.0,,success,False,2026-08-17T23:33:38.106132+09:00
Resolution Atlas,,,failed,False,2026-08-17T20:36:18.497930+09:00
Resolution Badge,10.0,0.0,success,False,2026-08-21T00:34:49.507039+09:00
Resolution Base,,,failed,False,2026-08-17T20:32:57.689274+09:00
Resolution Beacon,,,failed,False,2026-08-17T21:31:15.457583+09:00
Resolution Bill,110.0,8.0,success,False,2026-08-19T21:56:14.793890+09:00
Resolution Blueprint,,,failed,False,2026-08-18T22:09:13.055997+09:00
Resolution Board,12100.0,1.0,success,False,2026-08-17T21:41:47.180143+09:00
Resolution Book,720.0,5.0,success,False,2026-08-19T21:57:08.159846+09:00
Resolution Bridge,,,failed,False,2026-08-17T20:46:26.563596+09:00
Resolution Brief,,,failed,False,2026-08-21T01:08:31.890939+09:00
Resolution Bulletin,,,failed,False,2026-08-21T01:08:29.808950+09:00
Resolution Calculator,8100.0,0.0,success,True,2026-08-27T23:31:29.961537+09:00
Resolution Calendar,90.0,0.0,success,False,2026-08-18T23:57:15.984121+09:00
Resolution Card,170.0,2.0,success,False,2026-08-19T13:35:21.181056+09:00
Resolution Cascade,,,failed,False,2026-08-17T20:47:47.373505+09:00
Resolution Cash,,,failed,False,2026-08-21T02:22:51.042353+09:00
Resolution Catalog,,,failed,False,2026-08-19T21:11:09.453565+09:00
Resolution Category,70.0,0.0,success,False,2026-08-23T13:07:17.768470+09:00
Resolution Center,4400.0,1.0,success,False,2026-08-17T21:34:01.777052+09:00
Resolution Chain,,,failed,False,2026-08-17T20:40:48.754907+09:00
Resolution Charge,30.0,1.0,success,False,2026-08-21T02:38:59.400124+09:00
Resolution Check,1900.0,0.0,success,True,2026-08-19T13:35:47.282228+09:00
Resolution Checker,1900.0,0.0,success,True,2026-08-27T23:51:21.141566+09:00
Resolution Checklist,20.0,0.0,success,False,2026-08-19T21:10:16.662476+09:00
Resolution Circular,,,failed,False,2026-08-21T01:08:36.289589+09:00
Resolution Cockpit,,,failed,False,2026-08-17T23:12:17.050075+09:00
Resolution Code,390.0,0.0,success,False,2026-08-19T21:56:37.173014+09:00
Resolution Codex,,,failed,False,2026-08-18T22:09:35.906732+09:00
Resolution Companion,,,failed,False,2026-08-17T23:24:54.415182+09:00
Resolution Comparison,1300.0,0.0,success,True,2026-08-28T01:02:39.668408+09:00
Resolution Compass,,,failed,False,2026-08-17T21:32:25.465592+09:00
Resolution Compendium,,,failed,False,2026-08-18T22:09:27.931619+09:00
Resolution Confirmation,,,failed,False,2026-08-21T01:08:51.801540+09:00
Resolution Console,,,failed,False,2026-08-17T21:30:41.512165+09:00
Resolution Core,,,failed,False,2026-08-17T20:31:49.556843+09:00
Resolution Cost,,,failed,False,2026-08-21T02:06:47.400251+09:00
Resolution Count,,,failed,False,2026-08-27T22:51:36.322343+09:00
Resolution Counter,70.0,1.0,success,False,2026-08-18T23:58:15.272323+09:00
Resolution Dashboard,,,failed,False,2026-08-17T23:24:32.888927+09:00
Resolution Deal,,,failed,False,2026-08-21T01:49:57.762710+09:00
Resolution Debt,260.0,41.0,success,False,2026-08-21T02:22:45.760304+09:00
Resolution Deck,,,failed,False,2026-08-17T21:39:57.727763+09:00
Resolution Depot,,,failed,False,2026-08-18T23:57:56.092399+09:00
Resolution Desk,27100.0,11.0,success,False,2026-08-17T21:36:36.847955+09:00
Resolution Detail,90.0,0.0,success,False,2026-08-23T03:19:08.908804+09:00
Resolution Detector,140.0,1.0,success,False,2026-08-27T23:51:24.335890+09:00
Resolution Dial,,,failed,False,2026-08-17T20:47:07.356899+09:00
Resolution Digest,,,failed,False,2026-08-19T20:38:14.851338+09:00
Resolution Directory,,,failed,False,2026-08-18T23:57:26.188855+09:00
Resolution Dock,,,failed,False,2026-08-17T20:43:15.863986+09:00
Resolution Dossier,,,failed,False,2026-08-21T01:08:57.015500+09:00
Resolution Downpayment,,,failed,False,2026-08-27T21:49:55.360701+09:00
Resolution Draft,1300.0,0.0,success,True,2026-08-19T20:38:33.715363+09:00
Resolution Due,,,failed,False,2026-08-23T15:52:24.692181+09:00
Resolution Duty,,,failed,False,2026-08-21T02:39:01.824838+09:00
Resolution Engine,40.0,1.0,success,False,2026-08-17T23:09:02.276027+09:00
Resolution Entry,,,failed,False,2026-08-21T01:09:08.778546+09:00
Resolution Estimate,,,failed,False,2026-08-19T21:11:00.361566+09:00
Resolution Estimator,,,failed,False,2026-08-27T23:51:18.068433+09:00
Resolution Excerpt,,,failed,False,2026-08-21T01:09:04.636561+09:00
Resolution Extension,30.0,1.0,success,False,2026-08-23T16:39:55.880493+09:00
Resolution Fare,,,failed,False,2026-08-21T02:06:57.377866+09:00
Resolution Fee,20.0,0.0,success,False,2026-08-21T01:59:58.362427+09:00
Resolution Feed,,,failed,False,2026-08-19T20:38:24.406986+09:00
Resolution File,480.0,0.0,success,False,2026-08-19T20:37:47.819235+09:00
Resolution Finder,390.0,0.0,success,False,2026-08-18T23:57:46.664132+09:00
Resolution Flag,,,failed,False,2026-08-21T00:35:09.628137+09:00
Resolution Flow,,,failed,False,2026-08-17T21:41:14.862117+09:00
Resolution Forge,,,failed,False,2026-08-17T21:30:08.257838+09:00
Resolution Form,1000.0,1.0,success,False,2026-08-19T13:35:15.943675+09:00
Resolution Format,1000.0,1.0,success,False,2026-08-23T13:07:23.083484+09:00
Resolution Frame,40.0,65.0,success,False,2026-08-17T20:34:01.116253+09:00
Resolution Fund,6600.0,0.0,success,True,2026-08-21T02:22:48.105050+09:00
Resolution Gate,1830000.0,2.0,success,False,2026-08-17T20:38:12.491374+09:00
Resolution Generator,170.0,24.0,success,False,2026-08-27T23:31:33.268301+09:00
Resolution Graph,590.0,3.0,success,False,2026-08-27T22:14:21.289312+09:00
Resolution Grid,170.0,0.0,success,False,2026-08-17T20:41:09.985510+09:00
Resolution Guarantee,,,failed,False,2026-08-28T01:02:51.015649+09:00
Resolution Guard,,,failed,False,2026-08-17T20:32:23.142780+09:00
Resolution Guardian,,,failed,False,2026-08-28T00:21:43.222424+09:00
Resolution Guidebook,,,failed,False,2026-08-18T22:08:57.073323+09:00
Resolution Helpdesk,,,failed,False,2026-08-27T22:51:36.322343+09:00
Resolution Helper,10.0,0.0,success,False,2026-08-28T00:21:49.130858+09:00
Resolution History,110.0,0.0,success,False,2026-08-19T20:37:40.051699+09:00
Resolution Hotline,,,failed,False,2026-08-19T21:11:19.546080+09:00
Resolution Hub,70.0,1.0,success,False,2026-08-17T21:39:09.779186+09:00
Resolution Identifier,40.0,0.0,success,False,2026-08-23T13:07:17.768470+09:00
Resolution Index,40.0,0.0,success,False,2026-08-19T21:10:24.800768+09:00
Resolution Insight,,,failed,False,2026-08-17T23:05:06.987834+09:00
Resolution Item,,,failed,False,2026-08-21T02:00:00.574550+09:00
Resolution Journal,40.0,38.0,success,False,2026-08-18T22:08:38.388583+09:00
Resolution Keeper,10.0,0.0,success,False,2026-08-17T20:34:25.476328+09:00
Resolution Lab,140.0,3.0,success,False,2026-08-17T21:37:08.932405+09:00
Resolution Label,,,failed,False,2026-08-27T22:14:23.666536+09:00
Resolution Ledger,,,failed,False,2026-08-18T07:52:33.463903+09:00
Resolution Lens,140.0,0.0,success,False,2026-08-17T20:34:51.045190+09:00
Resolution Level,320.0,1.0,success,False,2026-08-19T20:37:54.785730+09:00
Resolution Link,,,failed,False,2026-08-23T03:19:01.069685+09:00
Resolution List,1600.0,0.0,success,True,2026-08-19T21:56:50.628145+09:00
Resolution Loan,90.0,29.0,success,False,2026-08-21T02:07:11.746620+09:00
Resolution Locator,,,failed,False,2026-08-18T23:57:35.193051+09:00
Resolution Lock,,,failed,False,2026-08-17T20:36:51.044622+09:00
Resolution Log,90.0,1.0,success,False,2026-08-19T13:34:28.843739+09:00
Resolution Loop,,,failed,False,2026-08-17T20:42:00.146835+09:00
Resolution Manager,140.0,0.0,success,False,2026-08-17T20:33:31.328442+09:00
Resolution Manual,,,failed,False,2026-08-27T22:14:28.911513+09:00
Resolution Map,320.0,22.0,success,False,2026-08-17T20:35:51.368204+09:00
Resolution Margin,,,failed,False,2026-08-23T02:54:35.289098+09:00
Resolution Memo,,,failed,False,2026-08-21T00:35:03.505181+09:00
Resolution Message,20.0,0.0,success,False,2026-08-27T23:16:53.480733+09:00
Resolution Meter,30.0,0.0,success,False,2026-08-17T20:45:56.929111+09:00
Resolution Metrics,10.0,0.0,success,False,2026-08-17T23:24:12.955458+09:00
Resolution Monitor,33100.0,2.0,success,False,2026-08-17T23:23:52.832374+09:00
Resolution Navigator,,,failed,False,2026-08-17T23:06:57.045511+09:00
Resolution Nexus,,,failed,False,2026-08-17T20:37:18.091212+09:00
Resolution Node,,,failed,False,2026-08-17T20:39:09.333217+09:00
Resolution Note,1900.0,0.0,success,True,2026-08-19T13:36:50.709528+09:00
Resolution Notification,10.0,0.0,success,False,2026-08-27T22:51:29.683445+09:00
Resolution Number,720.0,0.0,success,False,2026-08-23T03:18:52.097037+09:00
Resolution Office,70.0,0.0,success,False,2026-08-18T23:58:04.745440+09:00
Resolution Ops,,,failed,False,2026-08-17T23:25:24.044948+09:00
Resolution Order,90.0,0.0,success,False,2026-08-19T21:56:01.385775+09:00
Resolution Organizer,,,failed,False,2026-08-17T23:10:40.836813+09:00
Resolution Overage,,,failed,False,2026-08-27T21:49:53.079168+09:00
Resolution Overdue,,,failed,False,2026-08-27T21:49:50.641192+09:00
Resolution Panel,170.0,89.0,success,False,2026-08-17T20:48:23.905428+09:00
Resolution Pass,20.0,0.0,success,False,2026-08-21T00:34:40.769437+09:00
Resolution Path,20.0,0.0,success,False,2026-08-17T20:38:37.912313+09:00
Resolution Payoff,,,failed,False,2026-08-27T21:49:50.641192+09:00
Resolution Penalty,,,failed,False,2026-08-23T16:39:50.503833+09:00
Resolution Petition,,,failed,False,2026-08-21T01:08:45.073430+09:00
Resolution Pilot,,,failed,False,2026-08-17T21:37:44.992622+09:00
Resolution Plan,880.0,1.0,success,False,2026-08-21T02:00:06.443014+09:00
Resolution Planner,880.0,1.0,success,False,2026-08-17T22:49:21.662634+09:00
Resolution Playbook,10.0,0.0,success,False,2026-08-18T22:08:30.649181+09:00
Resolution Point,140.0,0.0,success,False,2026-08-17T20:37:47.401646+09:00
Resolution Portal,1600.0,0.0,success,True,2026-08-17T21:31:49.761986+09:00
Resolution Preview,50.0,1.0,success,False,2026-08-28T01:02:51.015649+09:00
Resolution Profile,,,failed,False,2026-08-19T13:37:14.131003+09:00
Resolution Profit,,,failed,False,2026-08-23T02:54:28.936816+09:00
Resolution Proposal,40.0,0.0,success,False,2026-08-28T01:02:51.015649+09:00
Resolution Pulse,,,failed,False,2026-08-17T20:40:26.535789+09:00
Resolution Queue,,,failed,False,2026-08-19T21:10:46.722805+09:00
Resolution Radar,140.0,3.0,success,False,2026-08-17T21:35:36.118436+09:00
Resolution Rail,,,failed,False,2026-08-17T20:42:19.428112+09:00
Resolution Rate,390.0,0.0,success,False,2026-08-19T20:38:01.262466+09:00
Resolution Recap,10.0,,success,False,2026-08-21T01:09:01.082637+09:00
Resolution Receipt,,,failed,False,2026-08-19T21:56:23.940159+09:00
Resolution Recorder,,,failed,False,2026-08-27T23:31:37.799226+09:00
Resolution Register,320.0,1.0,success,False,2026-08-17T23:13:59.220189+09:00
Resolution Registry,,,failed,False,2026-08-18T22:09:05.854990+09:00
Resolution Relay,10.0,0.0,success,False,2026-08-17T21:34:31.783933+09:00
Resolution Reminder,10.0,0.0,success,False,2026-08-19T21:10:02.424096+09:00
Resolution Report,140.0,2.0,success,False,2026-08-19T13:34:22.181534+09:00
Resolution Repository,,,failed,False,2026-08-27T23:17:02.463785+09:00
Resolution Roadmap,,,failed,False,2026-08-18T22:09:44.783040+09:00
Resolution Roster,,,failed,False,2026-08-19T00:38:40.592975+09:00
Resolution Route,10.0,0.0,success,False,2026-08-17T20:44:10.950266+09:00
Resolution Rule,390.0,0.0,success,False,2026-08-23T03:19:05.834960+09:00
Resolution Sale,10.0,0.0,success,False,2026-08-21T02:22:58.653942+09:00
Resolution Sample,2400.0,1.0,success,False,2026-08-19T21:57:31.477256+09:00
Resolution Scale,3600.0,1.0,success,False,2026-08-17T20:45:10.862003+09:00
Resolution Scheduler,,,failed,False,2026-08-17T23:23:36.709980+09:00
Resolution Scope,1900.0,0.0,success,True,2026-08-17T20:42:49.578916+09:00
Resolution Score,,,failed,False,2026-08-19T13:36:10.470400+09:00
Resolution Sentry,,,failed,False,2026-08-17T20:35:19.683482+09:00
Resolution Sheet,70.0,0.0,success,False,2026-08-19T13:35:34.985408+09:00
Resolution Shortfall,,,failed,False,2026-08-27T21:49:57.609346+09:00
Resolution Signal,50.0,0.0,success,False,2026-08-17T20:44:29.668652+09:00
Resolution Signature,2400.0,20.0,success,False,2026-08-23T13:27:48.876436+09:00
Resolution Slip,,,failed,False,2026-08-19T21:57:22.115019+09:00
Resolution Slot,,,failed,False,2026-08-19T21:57:44.656511+09:00
Resolution Snapshot,,,failed,False,2026-08-18T22:08:48.035720+09:00
Resolution Stage,70.0,0.0,success,False,2026-08-28T00:46:02.758073+09:00
Resolution Stake,,,failed,False,2026-08-23T02:54:31.488130+09:00
Resolution Statement,70.0,4.0,success,False,2026-08-21T00:34:57.023815+09:00
Resolution Station,,,failed,False,2026-08-17T21:36:10.133574+09:00
Resolution Status,70.0,1.0,success,False,2026-08-19T20:37:18.555970+09:00
Resolution Streak,,,failed,False,2026-08-28T00:46:02.758073+09:00
Resolution Stub,,,failed,False,2026-08-21T00:34:53.693924+09:00
Resolution Studio,1000.0,6.0,success,False,2026-08-17T21:38:18.723173+09:00
Resolution Suite,,,failed,False,2026-08-17T23:33:20.357749+09:00
Resolution Sum,,,failed,False,2026-08-21T02:22:35.993251+09:00
Resolution Summary,40.0,0.0,success,False,2026-08-19T21:09:34.510109+09:00
Resolution Sync,,,failed,False,2026-08-18T07:43:54.848234+09:00
Resolution Table,390.0,47.0,success,False,2026-08-19T21:56:59.723896+09:00
Resolution Tag,,,failed,False,2026-08-19T13:36:57.023796+09:00
Resolution Tally,,,failed,False,2026-08-21T00:34:59.250399+09:00
Resolution Tariff,,,failed,False,2026-08-21T02:39:09.375307+09:00
Resolution Tax,2900.0,33.0,success,False,2026-08-21T02:07:02.181648+09:00
Resolution Ticket,390.0,7.0,success,False,2026-08-19T21:10:34.981799+09:00
Resolution Timeline,170.0,0.0,success,False,2026-08-19T21:09:48.311531+09:00
Resolution Timer,880.0,0.0,success,False,2026-08-28T00:21:38.214311+09:00
Resolution Toll,,,failed,False,2026-08-21T02:39:04.967500+09:00
Resolution Toolbox,,,failed,False,2026-08-28T00:21:45.963780+09:00
Resolution Toolkit,,,failed,False,2026-08-18T22:08:23.655372+09:00
Resolution Total,,,failed,False,2026-08-27T23:16:53.480733+09:00
Resolution Tracker,140.0,2.0,success,False,2026-08-18T07:43:42.936129+09:00
Resolution Trail,50.0,0.0,success,False,2026-08-17T20:41:35.724700+09:00
Resolution Trend,,,failed,False,2026-08-28T01:02:39.668408+09:00
Resolution Trial,10.0,0.0,success,False,2026-08-27T21:19:01.624624+09:00
Resolution Unit,480.0,0.0,success,False,2026-08-21T02:05:54.756908+09:00
Resolution Update,260.0,2.0,success,False,2026-08-19T20:38:07.942341+09:00
Resolution Vault,,,failed,False,2026-08-17T21:33:28.260657+09:00
Resolution Version,10.0,0.0,success,False,2026-08-23T03:18:56.291245+09:00
Resolution View,70.0,0.0,success,False,2026-08-19T20:37:28.019595+09:00
Resolution Voucher,,,failed,False,2026-08-21T00:34:44.893530+09:00
Resolution Watch,30.0,88.0,success,False,2026-08-17T20:43:44.073906+09:00
Resolution Wave,,,failed,False,2026-08-17T20:39:32.550443+09:00
Resolution Widget,,,failed,False,2026-08-27T23:16:56.229281+09:00
Resolution Workbench,,,failed,False,2026-08-18T22:08:15.553962+09:00
Resolution Worksheet,50.0,0.0,success,False,2026-08-27T22:14:28.911513+09:00
Resolution Workshop,10.0,5.0,success,False,2026-08-28T00:21:40.685047+09:00
Resolution Zone,10.0,0.0,success,False,2026-08-17T21:33:02.340741+09:00
Response Advisory,,,failed,False,2026-08-21T00:59:01.913298+09:00
Response Allowance,,,failed,False,2026-08-21T02:38:37.938007+09:00
Response Almanac,,,failed,False,2026-08-18T22:10:51.704890+09:00
Response Analyzer,20.0,2.0,success,False,2026-08-27T23:55:03.182011+09:00
Response Anchor,40.0,0.0,success,False,2026-08-17T20:32:03.329355+09:00
Response Asset,,,failed,False,2026-08-23T13:46:30.859150+09:00
Response Assistant,10.0,6.0,success,False,2026-08-17T23:27:38.183762+09:00
Response Atlas,,,failed,False,2026-08-17T21:31:33.014186+09:00
Response Badge,,,failed,False,2026-08-21T00:24:46.055669+09:00
Response Balance,,,failed,False,2026-08-23T13:46:27.908972+09:00
Response Base,30.0,4.0,success,False,2026-08-17T20:46:12.433556+09:00
Response Beacon,10.0,,success,False,2026-08-17T20:36:06.570384+09:00
Response Bill,,,failed,False,2026-08-19T22:06:04.414832+09:00
Response Blueprint,,,failed,False,2026-08-18T22:10:43.266214+09:00
Response Board,70.0,13.0,success,False,2026-08-17T20:43:30.530213+09:00
Response Book,70.0,0.0,success,False,2026-08-19T22:06:56.710970+09:00
Response Bridge,,,failed,False,2026-08-17T20:33:16.020559+09:00
Response Brief,40.0,1.0,success,False,2026-08-21T00:58:52.318728+09:00
Response Bulletin,,,failed,False,2026-08-21T00:58:47.378244+09:00
Response Calculator,40.0,1.0,success,False,2026-08-27T23:34:17.021271+09:00
Response Calendar,,,failed,False,2026-08-18T23:58:46.816942+09:00
Response Card,590.0,48.0,success,False,2026-08-19T13:35:17.832639+09:00
Response Cascade,10.0,0.0,success,False,2026-08-17T20:34:16.019094+09:00
Response Cash,10.0,0.0,success,False,2026-08-21T02:22:51.042353+09:00
Response Center,170.0,1.0,success,False,2026-08-17T20:38:24.877008+09:00
Response Chain,170.0,0.0,success,False,2026-08-17T21:36:52.396982+09:00
Response Charge,,,failed,False,2026-08-21T02:38:28.246618+09:00
Response Check,3600.0,7.0,success,False,2026-08-19T13:35:44.896452+09:00
Response Checker,3600.0,7.0,success,False,2026-08-27T23:54:55.608336+09:00
Response Circular,,,failed,False,2026-08-21T01:00:06.148655+09:00
Response Cockpit,,,failed,False,2026-08-17T23:06:04.469497+09:00
Response Code,2900.0,4.0,success,False,2026-08-19T22:06:26.107612+09:00
Response Codex,,,failed,False,2026-08-18T22:11:07.698009+09:00
Response Companion,,,failed,False,2026-08-17T23:29:01.871676+09:00
Response Comparison,20.0,1.0,success,False,2026-08-28T01:05:08.626878+09:00
Response Compass,,,failed,False,2026-08-17T20:37:03.531282+09:00
Response Compendium,,,failed,False,2026-08-18T22:10:59.912583+09:00
Response Confirmation,,,failed,False,2026-08-21T00:59:10.591896+09:00
Response Console,,,failed,False,2026-08-17T20:35:36.002153+09:00
Response Core,390.0,6.0,success,False,2026-08-17T20:45:22.370262+09:00
Response Cost,1600.0,0.0,success,True,2026-08-21T02:07:37.270032+09:00
Response Count,20.0,3.0,success,False,2026-08-27T22:47:46.388657+09:00
Response Counter,,,failed,False,2026-08-18T23:59:40.785220+09:00
Response Dashboard,10.0,0.0,success,False,2026-08-17T23:28:41.981102+09:00
Response Deal,,,failed,False,2026-08-21T01:51:40.699894+09:00
Response Debt,,,failed,False,2026-08-21T02:22:40.576459+09:00
Response Deck,,,failed,False,2026-08-17T20:42:34.302604+09:00
Response Depot,,,failed,False,2026-08-18T23:59:20.806892+09:00
Response Desk,10.0,13.0,success,False,2026-08-17T20:40:36.395454+09:00
Response Detail,,,failed,False,2026-08-23T03:17:25.053866+09:00
Response Detector,90.0,4.0,success,False,2026-08-27T23:54:58.395846+09:00
Response Dial,,,failed,False,2026-08-17T20:33:46.243100+09:00
Response Digest,,,failed,False,2026-08-19T20:48:06.706582+09:00
Response Directory,,,failed,False,2026-08-18T23:58:54.171473+09:00
Response Dock,,,failed,False,2026-08-17T21:41:31.698252+09:00
Response Dossier,,,failed,False,2026-08-21T00:59:17.321844+09:00
Response Draft,,,failed,False,2026-08-19T20:48:20.425473+09:00
Response Due,20.0,0.0,success,False,2026-08-23T15:51:20.195828+09:00
Response Duty,,,failed,False,2026-08-21T02:38:33.089549+09:00
Response Engine,10.0,12.0,success,False,2026-08-17T23:15:02.433018+09:00
Response Entry,,,failed,False,2026-08-21T00:59:36.315785+09:00
Response Estimate,,,failed,False,2026-08-19T21:32:55.348476+09:00
Response Estimator,,,failed,False,2026-08-27T23:54:52.993731+09:00
Response Excerpt,,,failed,False,2026-08-21T01:01:51.697457+09:00
Response Extension,10.0,0.0,success,False,2026-08-23T16:38:22.069097+09:00
Response Fare,,,failed,False,2026-08-21T02:07:46.443072+09:00
Response Fee,,,failed,False,2026-08-21T01:51:26.021065+09:00
Response Feed,,,failed,False,2026-08-19T20:48:12.973996+09:00
Response File,110.0,0.0,success,False,2026-08-19T20:47:36.057637+09:00
Response Finder,,,failed,False,2026-08-18T23:59:11.751475+09:00
Response Fine,,,failed,False,2026-08-23T02:53:52.134740+09:00
Response Flag,,,failed,False,2026-08-21T00:25:35.006393+09:00
Response Flow,20.0,10.0,success,False,2026-08-17T20:43:01.991108+09:00
Response Forge,,,failed,False,2026-08-17T20:35:06.364440+09:00
Response Form,590.0,3.0,success,False,2026-08-19T13:35:12.097075+09:00
Response Format,590.0,3.0,success,False,2026-08-23T13:06:17.940469+09:00
Response Frame,20.0,2.0,success,False,2026-08-17T20:47:25.656493+09:00
Response Fund,70.0,26.0,success,False,2026-08-21T02:22:48.105050+09:00
Response Gate,,,failed,False,2026-08-17T21:33:42.291802+09:00
Response Generator,1300.0,37.0,success,False,2026-08-27T23:34:17.021271+09:00
Response Grade,,,failed,False,2026-08-21T00:25:15.691482+09:00
Response Graph,40.0,0.0,success,False,2026-08-27T22:09:48.398152+09:00
Response Grid,390.0,0.0,success,False,2026-08-17T21:37:26.190503+09:00
Response Guarantee,,,failed,False,2026-08-28T01:05:14.146226+09:00
Response Guard,,,failed,False,2026-08-17T20:45:46.874737+09:00
Response Guardian,,,failed,False,2026-08-28T00:24:32.431629+09:00
Response Guidebook,,,failed,False,2026-08-18T22:10:25.741480+09:00
Response Helper,50.0,18.0,success,False,2026-08-28T00:24:39.235749+09:00
Response History,30.0,0.0,success,False,2026-08-19T20:47:33.785997+09:00
Response Hub,30.0,0.0,success,False,2026-08-17T20:42:11.427186+09:00
Response Inbox,,,failed,False,2026-08-19T12:26:11.426688+09:00
Response Index,20.0,0.0,success,False,2026-08-19T21:32:52.200900+09:00
Response Insight,,,failed,False,2026-08-17T23:11:28.950122+09:00
Response Item,,,failed,False,2026-08-21T01:51:29.207159+09:00
Response Journal,260.0,6.0,success,False,2026-08-18T22:10:10.353821+09:00
Response Keeper,,,failed,False,2026-08-17T20:48:06.680156+09:00
Response Lab,140.0,19.0,success,False,2026-08-17T20:41:00.568700+09:00
Response Ledger,,,failed,False,2026-08-17T20:44:21.106446+09:00
Response Lens,,,failed,False,2026-08-17T20:48:40.258747+09:00
Response Level,90.0,0.0,success,False,2026-08-19T20:47:43.737608+09:00
Response Link,170.0,10.0,success,False,2026-08-23T03:17:17.631472+09:00
Response List,70.0,1.0,success,False,2026-08-19T22:06:35.304978+09:00
Response Loan,,,failed,False,2026-08-21T02:07:53.857202+09:00
Response Locator,,,failed,False,2026-08-18T23:59:02.629298+09:00
Response Lock,,,failed,False,2026-08-17T21:32:05.797514+09:00
Response Log,70.0,1.0,success,False,2026-08-19T13:34:25.531210+09:00
Response Loop,90.0,0.0,success,False,2026-08-17T21:38:35.218560+09:00
Response Manager,110.0,0.0,success,False,2026-08-17T20:46:49.856300+09:00
Response Manual,10.0,0.0,success,False,2026-08-27T22:09:51.279815+09:00
Response Map,70.0,0.0,success,False,2026-08-17T21:30:57.458125+09:00
Response Margin,10.0,14.0,success,False,2026-08-23T02:53:49.996059+09:00
Response Memo,90.0,0.0,success,False,2026-08-21T00:25:21.406032+09:00
Response Message,6600.0,0.0,success,True,2026-08-27T23:12:44.367905+09:00
Response Meter,,,failed,False,2026-08-17T20:32:41.344957+09:00
Response Metrics,10.0,0.0,success,False,2026-08-17T23:28:19.331420+09:00
Response Monitor,40.0,9.0,success,False,2026-08-17T23:28:06.508675+09:00
Response Navigator,,,failed,False,2026-08-17T23:13:09.056664+09:00
Response Nexus,,,failed,False,2026-08-17T21:32:45.123730+09:00
Response Node,390.0,1.0,success,False,2026-08-17T21:34:46.886716+09:00
Response Note,30.0,0.0,success,False,2026-08-19T13:36:19.763333+09:00
Response Notification,,,failed,False,2026-08-27T22:47:42.136854+09:00
Response Number,40.0,0.0,success,False,2026-08-23T03:17:09.077548+09:00
Response Office,10.0,0.0,success,False,2026-08-18T23:59:30.074918+09:00
Response Ops,,,failed,False,2026-08-17T23:29:16.727834+09:00
Response Order,10.0,0.0,success,False,2026-08-19T22:05:51.290848+09:00
Response Organizer,,,failed,False,2026-08-17T23:04:15.040980+09:00
Response Overdue,,,failed,False,2026-08-27T21:46:44.901733+09:00
Response Panel,10.0,1.0,success,False,2026-08-17T20:34:38.143389+09:00
Response Pass,,,failed,False,2026-08-21T00:36:50.529911+09:00
Response Path,10.0,0.0,success,False,2026-08-17T21:34:17.965302+09:00
Response Penalty,,,failed,False,2026-08-23T16:38:16.847667+09:00
Response Petition,,,failed,False,2026-08-21T00:59:06.391670+09:00
Response Pilot,,,failed,False,2026-08-17T20:41:20.787117+09:00
Response Plan,480.0,0.0,success,False,2026-08-21T01:51:27.074379+09:00
Response Planner,,,failed,False,2026-08-17T23:09:54.812310+09:00
Response Playbook,30.0,24.0,success,False,2026-08-18T22:10:04.357387+09:00
Response Point,70.0,4.0,success,False,2026-08-17T21:33:17.550972+09:00
Response Portal,,,failed,False,2026-08-17T20:36:35.862750+09:00
Response Preview,,,failed,False,2026-08-28T01:05:11.238913+09:00
Response Profile,20.0,0.0,success,False,2026-08-19T13:37:07.437416+09:00
Response Profit,,,failed,False,2026-08-23T02:53:42.896171+09:00
Response Proposal,70.0,6.0,success,False,2026-08-28T01:05:11.238913+09:00
Response Pulse,,,failed,False,2026-08-17T21:36:24.237197+09:00
Response Quota,,,failed,False,2026-08-21T00:25:29.281502+09:00
Response Radar,,,failed,False,2026-08-17T20:39:49.091027+09:00
Response Rail,,,failed,False,2026-08-17T21:39:25.145394+09:00
Response Rate,2400.0,0.0,success,True,2026-08-19T20:47:51.523685+09:00
Response Recap,,,failed,False,2026-08-21T00:59:28.178022+09:00
Response Receipt,40.0,0.0,success,False,2026-08-19T22:06:12.556669+09:00
Response Register,,,failed,False,2026-08-17T23:07:52.950180+09:00
Response Registry,,,failed,False,2026-08-18T22:10:34.249457+09:00
Response Relay,,,failed,False,2026-08-17T20:38:51.261946+09:00
Response Reminder,,,failed,False,2026-08-19T21:32:49.180215+09:00
Response Report,50.0,0.0,success,False,2026-08-19T13:34:20.014616+09:00
Response Repository,,,failed,False,2026-08-27T23:12:54.177935+09:00
Response Result,20.0,0.0,success,False,2026-08-28T00:47:24.969957+09:00
Response Roadmap,,,failed,False,2026-08-18T22:11:13.751205+09:00
Response Roster,,,failed,False,2026-08-19T00:37:42.157517+09:00
Response Route,,,failed,False,2026-08-18T07:43:47.974817+09:00
Response Rule,,,failed,False,2026-08-23T03:17:21.558443+09:00
Response Sale,,,failed,False,2026-08-21T02:22:54.942838+09:00
Response Sample,320.0,0.0,success,False,2026-08-19T22:07:21.096531+09:00
Response Scale,320.0,0.0,success,False,2026-08-17T20:31:29.603433+09:00
Response Scanner,,,failed,False,2026-08-27T23:54:55.608336+09:00
Response Scheduler,,,failed,False,2026-08-17T23:27:50.871251+09:00
Response Scope,,,failed,False,2026-08-17T21:40:51.783967+09:00
Response Score,20.0,0.0,success,False,2026-08-19T13:36:00.987511+09:00
Response Sentry,,,failed,False,2026-08-17T21:30:24.502544+09:00
Response Sheet,4400.0,0.0,success,True,2026-08-19T13:35:27.432298+09:00
Response Signal,70.0,0.0,success,False,2026-08-18T07:52:44.350821+09:00
Response Slip,30.0,0.0,success,False,2026-08-19T22:07:06.557200+09:00
Response Slot,,,failed,False,2026-08-19T22:07:28.246340+09:00
Response Snapshot,,,failed,False,2026-08-18T22:10:18.505365+09:00
Response Stake,,,failed,False,2026-08-23T02:53:47.851129+09:00
Response Statement,20.0,0.0,success,False,2026-08-21T00:25:02.156940+09:00
Response Station,,,failed,False,2026-08-17T20:40:15.034726+09:00
Response Status,1000.0,1.0,success,False,2026-08-19T20:47:22.248072+09:00
Response Streak,,,failed,False,2026-08-28T00:47:27.580109+09:00
Response Stub,,,failed,False,2026-08-21T00:24:54.126348+09:00
Response Studio,20.0,0.0,success,False,2026-08-17T20:41:50.983322+09:00
Response Suite,10.0,20.0,success,False,2026-08-17T23:27:21.585941+09:00
Response Sum,,,failed,False,2026-08-21T02:22:35.993251+09:00
Response Summary,170.0,0.0,success,False,2026-08-19T21:32:44.531306+09:00
Response Sync,,,failed,False,2026-08-17T20:43:57.612589+09:00
Response Tab,590.0,0.0,success,False,2026-08-21T00:25:43.310750+09:00
Response Table,70.0,0.0,success,False,2026-08-19T22:06:47.930339+09:00
Response Tag,,,failed,False,2026-08-19T13:36:52.870932+09:00
Response Tally,,,failed,False,2026-08-21T00:25:07.096192+09:00
Response Tariff,,,failed,False,2026-08-21T02:38:41.018051+09:00
Response Tax,,,failed,False,2026-08-21T02:07:48.773154+09:00
Response Ticket,,,failed,False,2026-08-19T21:32:55.348476+09:00
Response Tier,,,failed,False,2026-08-28T00:47:27.580109+09:00
Response Timeline,20.0,0.0,success,False,2026-08-19T21:32:47.158972+09:00
Response Timer,6600.0,0.0,success,True,2026-08-28T00:24:29.963051+09:00
Response Toll,,,failed,False,2026-08-21T02:38:35.767249+09:00
Response Toolbox,,,failed,False,2026-08-28T00:24:36.830973+09:00
Response Toolkit,10.0,14.0,success,False,2026-08-18T22:09:56.131275+09:00
Response Total,,,failed,False,2026-08-27T23:12:46.818245+09:00
Response Tracker,70.0,0.0,success,False,2026-08-17T20:44:45.631544+09:00
Response Trail,140.0,42.0,success,False,2026-08-17T21:38:03.717082+09:00
Response Trend,,,failed,False,2026-08-28T01:05:06.027579+09:00
Response Trial,50.0,0.0,success,False,2026-08-27T21:15:34.818716+09:00
Response Unit,210.0,0.0,success,False,2026-08-21T01:51:35.759053+09:00
Response Update,,,failed,False,2026-08-19T20:47:58.897100+09:00
Response Value,70.0,0.0,success,False,2026-08-23T02:53:45.297778+09:00
Response Vault,,,failed,False,2026-08-17T20:38:02.236902+09:00
Response Version,,,failed,False,2026-08-23T03:17:13.101010+09:00
Response View,110.0,0.0,success,False,2026-08-19T20:47:28.016879+09:00
Response Voucher,,,failed,False,2026-08-21T00:24:39.947545+09:00
Response Watch,10.0,17.0,success,False,2026-08-18T07:52:55.085793+09:00
Response Wave,,,failed,False,2026-08-17T21:35:18.423759+09:00
Response Widget,,,failed,False,2026-08-27T23:12:50.672441+09:00
Response Workbench,,,failed,False,2026-08-18T22:09:47.268840+09:00
Response Workshop,,,failed,False,2026-08-28T00:24:32.431629+09:00
Response Zone,20.0,0.0,success,False,2026-08-17T20:37:29.909330+09:00
Restock Advance,,,failed,False,2026-08-23T16:12:51.127665+09:00
Restock Allowance,,,failed,False,2026-08-21T02:43:25.318568+09:00
Restock Almanac,,,failed,False,2026-08-18T22:10:41.322709+09:00
Restock Analyzer,,,failed,False,2026-08-27T23:57:22.809432+09:00
Restock Anchor,,,failed,False,2026-08-17T21:38:24.477715+09:00
Restock Announcement,90.0,0.0,success,False,2026-08-27T23:35:16.240815+09:00
Restock Arrears,,,failed,False,2026-08-23T16:12:46.857371+09:00
Restock Assistant,,,failed,False,2026-08-17T23:23:55.589084+09:00
Restock Atlas,,,failed,False,2026-08-17T20:45:35.834234+09:00
Restock Badge,,,failed,False,2026-08-21T00:26:00.566845+09:00
Restock Base,,,failed,False,2026-08-17T20:42:22.378966+09:00
Restock Beacon,,,failed,False,2026-08-17T20:31:55.017364+09:00
Restock Bill,,,failed,False,2026-08-19T22:02:12.630536+09:00
Restock Blueprint,,,failed,False,2026-08-18T22:10:32.480742+09:00
Restock Board,,,failed,False,2026-08-17T20:40:05.754832+09:00
Restock Book,,,failed,False,2026-08-19T22:03:03.584652+09:00
Restock Bridge,,,failed,False,2026-08-17T21:40:01.418165+09:00
Restock Brief,,,failed,False,2026-08-21T01:00:58.878918+09:00
Restock Bulletin,,,failed,False,2026-08-21T01:00:54.642749+09:00
Restock Calculator,20.0,0.0,success,False,2026-08-27T23:35:20.435817+09:00
Restock Calendar,10.0,0.0,success,False,2026-08-19T00:04:39.958803+09:00
Restock Card,,,failed,False,2026-08-19T13:39:18.013288+09:00
Restock Cascade,,,failed,False,2026-08-17T21:41:49.444267+09:00
Restock Cash,,,failed,False,2026-08-21T02:27:23.796384+09:00
Restock Catalog,,,failed,False,2026-08-19T21:16:46.731573+09:00
Restock Category,,,failed,False,2026-08-23T13:10:06.026404+09:00
Restock Center,,,failed,False,2026-08-17T20:34:31.529799+09:00
Restock Chain,,,failed,False,2026-08-17T21:32:31.405261+09:00
Restock Charge,90.0,0.0,success,False,2026-08-21T02:43:16.744782+09:00
Restock Check,,,failed,False,2026-08-19T13:39:43.638809+09:00
Restock Checker,50.0,8.0,success,False,2026-08-27T23:57:16.212473+09:00
Restock Checklist,,,failed,False,2026-08-19T21:15:48.074960+09:00
Restock Circular,,,failed,False,2026-08-21T01:01:03.307399+09:00
Restock Cockpit,,,failed,False,2026-08-17T23:14:01.287138+09:00
Restock Code,,,failed,False,2026-08-19T22:02:31.549197+09:00
Restock Codex,,,failed,False,2026-08-18T22:10:58.146959+09:00
Restock Companion,,,failed,False,2026-08-17T23:25:50.019139+09:00
Restock Comparison,,,failed,False,2026-08-28T01:08:07.317285+09:00
Restock Compass,,,failed,False,2026-08-17T20:33:01.756540+09:00
Restock Compendium,,,failed,False,2026-08-18T22:10:48.955418+09:00
Restock Confirmation,,,failed,False,2026-08-21T01:01:13.751057+09:00
Restock Console,,,failed,False,2026-08-18T07:52:40.105947+09:00
Restock Contribution,,,failed,False,2026-08-23T16:12:43.953628+09:00
Restock Core,,,failed,False,2026-08-17T20:41:41.231730+09:00
Restock Cost,,,failed,False,2026-08-21T02:10:58.400903+09:00
Restock Count,,,failed,False,2026-08-27T22:48:44.890397+09:00
Restock Counter,,,failed,False,2026-08-19T00:05:18.968119+09:00
Restock Dashboard,,,failed,False,2026-08-17T23:25:26.285868+09:00
Restock Deal,,,failed,False,2026-08-21T01:54:42.335376+09:00
Restock Debt,,,failed,False,2026-08-21T02:27:13.658425+09:00
Restock Deck,,,failed,False,2026-08-17T20:39:12.627798+09:00
Restock Depot,10.0,0.0,success,False,2026-08-19T00:05:07.956398+09:00
Restock Desk,10.0,75.0,success,False,2026-08-17T20:36:52.122948+09:00
Restock Detail,,,failed,False,2026-08-23T03:23:43.125766+09:00
Restock Detector,,,failed,False,2026-08-27T23:57:19.436881+09:00
Restock Diagram,,,failed,False,2026-08-27T22:10:23.604541+09:00
Restock Dial,,,failed,False,2026-08-17T21:41:19.053416+09:00
Restock Digest,,,failed,False,2026-08-19T20:41:33.167361+09:00
Restock Directory,,,failed,False,2026-08-19T00:04:47.180412+09:00
Restock Discount,,,failed,False,2026-08-23T16:12:37.758659+09:00
Restock Dock,,,failed,False,2026-08-17T21:35:41.309233+09:00
Restock Dossier,,,failed,False,2026-08-21T01:01:15.556861+09:00
Restock Downpayment,,,failed,False,2026-08-27T21:46:54.698818+09:00
Restock Draft,,,failed,False,2026-08-19T20:41:45.467674+09:00
Restock Due,,,failed,False,2026-08-23T15:50:57.538266+09:00
Restock Duty,,,failed,False,2026-08-21T02:43:19.046773+09:00
Restock Endowment,,,failed,False,2026-08-23T15:51:03.649898+09:00
Restock Engine,,,failed,False,2026-08-17T23:10:43.579186+09:00
Restock Entry,,,failed,False,2026-08-21T01:01:28.263811+09:00
Restock Estimate,,,failed,False,2026-08-19T21:16:33.965835+09:00
Restock Estimator,,,failed,False,2026-08-27T23:57:12.985174+09:00
Restock Fare,,,failed,False,2026-08-21T02:11:04.805408+09:00
Restock Fee,320.0,1.0,success,False,2026-08-21T01:54:24.486907+09:00
Restock Feed,,,failed,False,2026-08-19T20:41:37.796650+09:00
Restock File,,,failed,False,2026-08-19T20:40:53.028403+09:00
Restock Finder,,,failed,False,2026-08-19T00:04:59.396392+09:00
Restock Fine,,,failed,False,2026-08-23T02:57:45.364347+09:00
Restock Flag,,,failed,False,2026-08-21T00:26:33.622421+09:00
Restock Flow,,,failed,False,2026-08-17T20:39:36.069990+09:00
Restock Forge,,,failed,False,2026-08-18T07:52:10.902319+09:00
Restock Form,,,failed,False,2026-08-19T13:38:58.073256+09:00
Restock Frame,,,failed,False,2026-08-17T20:43:18.551816+09:00
Restock Fund,,,failed,False,2026-08-21T02:27:19.706336+09:00
Restock Gate,,,failed,False,2026-08-17T20:47:50.375793+09:00
Restock Generator,,,failed,False,2026-08-27T23:35:20.435817+09:00
Restock Graph,,,failed,False,2026-08-27T22:10:10.749365+09:00
Restock Grid,,,failed,False,2026-08-17T21:33:05.832312+09:00
Restock Guarantee,,,failed,False,2026-08-28T01:08:09.929341+09:00
Restock Guard,,,failed,False,2026-08-17T20:42:02.791525+09:00
Restock Guidebook,,,failed,False,2026-08-18T22:10:16.418477+09:00
Restock Helpdesk,,,failed,False,2026-08-27T22:48:47.363219+09:00
Restock Helper,,,failed,False,2026-08-28T00:26:31.699789+09:00
Restock History,,,failed,False,2026-08-19T20:40:42.900088+09:00
Restock Hotline,,,failed,False,2026-08-19T21:16:59.496910+09:00
Restock Hub,10.0,0.0,success,False,2026-08-17T20:38:40.859557+09:00
Restock Identifier,,,failed,False,2026-08-23T13:10:03.956535+09:00
Restock Index,,,failed,False,2026-08-19T21:16:00.282567+09:00
Restock Insight,,,failed,False,2026-08-17T23:06:59.361333+09:00
Restock Installment,,,failed,False,2026-08-23T16:12:41.676987+09:00
Restock Item,170.0,0.0,success,False,2026-08-21T01:54:29.413822+09:00
Restock Journal,,,failed,False,2026-08-18T22:10:02.231985+09:00
Restock Keeper,,,failed,False,2026-08-17T20:43:48.259554+09:00
Restock Lab,10.0,10.0,success,False,2026-08-17T20:37:19.032635+09:00
Restock Label,,,failed,False,2026-08-27T22:10:16.912585+09:00
Restock Ledger,,,failed,False,2026-08-17T20:40:51.053535+09:00
Restock Lens,,,failed,False,2026-08-17T20:44:11.907751+09:00
Restock Level,50.0,9.0,success,False,2026-08-19T20:41:06.982103+09:00
Restock Levy,,,failed,False,2026-08-23T13:45:48.186439+09:00
Restock Link,,,failed,False,2026-08-23T03:23:37.132752+09:00
Restock List,50.0,4.0,success,False,2026-08-19T22:02:41.688719+09:00
Restock Loan,,,failed,False,2026-08-21T02:11:11.149564+09:00
Restock Locator,,,failed,False,2026-08-19T00:04:54.234777+09:00
Restock Lock,,,failed,False,2026-08-17T20:45:58.318950+09:00
Restock Log,,,failed,False,2026-08-19T13:38:33.395376+09:00
Restock Loop,,,failed,False,2026-08-17T21:34:03.414909+09:00
Restock Manager,,,failed,False,2026-08-17T20:42:50.595044+09:00
Restock Manual,,,failed,False,2026-08-27T22:10:19.864578+09:00
Restock Map,,,failed,False,2026-08-17T20:45:14.001779+09:00
Restock Margin,,,failed,False,2026-08-23T02:57:43.117346+09:00
Restock Marker,,,failed,False,2026-08-23T13:26:27.447056+09:00
Restock Markup,,,failed,False,2026-08-23T16:38:14.137829+09:00
Restock Memo,,,failed,False,2026-08-21T00:26:23.518919+09:00
Restock Message,10.0,0.0,success,False,2026-08-27T23:14:12.324093+09:00
Restock Meter,,,failed,False,2026-08-17T21:39:13.221117+09:00
Restock Metrics,,,failed,False,2026-08-17T23:24:56.223636+09:00
Restock Monitor,50.0,4.0,success,False,2026-08-17T23:24:36.078713+09:00
Restock Navigator,,,failed,False,2026-08-17T23:08:46.290392+09:00
Restock Nexus,,,failed,False,2026-08-17T20:46:29.220439+09:00
Restock Node,,,failed,False,2026-08-17T21:30:10.122952+09:00
Restock Note,,,failed,False,2026-08-19T13:40:05.769727+09:00
Restock Notification,170.0,3.0,success,False,2026-08-27T22:48:41.593169+09:00
Restock Number,,,failed,False,2026-08-23T03:23:34.197835+09:00
Restock Office,,,failed,False,2026-08-19T00:05:13.902876+09:00
Restock Ops,,,failed,False,2026-08-17T23:26:04.596222+09:00
Restock Order,20.0,1.0,success,False,2026-08-19T22:01:59.739197+09:00
Restock Organizer,,,failed,False,2026-08-17T23:12:18.901964+09:00
Restock Overage,,,failed,False,2026-08-27T21:46:52.310844+09:00
Restock Overdraft,,,failed,False,2026-08-23T15:50:59.628265+09:00
Restock Overdue,,,failed,False,2026-08-27T21:46:49.880048+09:00
Restock Panel,,,failed,False,2026-08-18T07:52:49.362329+09:00
Restock Pass,,,failed,False,2026-08-21T00:25:45.592013+09:00
Restock Path,,,failed,False,2026-08-17T20:48:29.594833+09:00
Restock Payoff,,,failed,False,2026-08-27T21:46:49.880048+09:00
Restock Penalty,,,failed,False,2026-08-23T16:38:11.972867+09:00
Restock Petition,,,failed,False,2026-08-21T01:01:09.555377+09:00
Restock Pilot,,,failed,False,2026-08-17T20:37:51.221015+09:00
Restock Plan,,,failed,False,2026-08-21T01:54:37.378039+09:00
Restock Planner,,,failed,False,2026-08-17T23:05:09.501218+09:00
Restock Playbook,,,failed,False,2026-08-18T22:09:54.168922+09:00
Restock Point,,,failed,False,2026-08-17T20:47:09.255931+09:00
Restock Portal,,,failed,False,2026-08-17T20:32:26.534581+09:00
Restock Preview,,,failed,False,2026-08-28T01:08:07.317285+09:00
Restock Profile,,,failed,False,2026-08-19T13:40:47.127510+09:00
Restock Profit,,,failed,False,2026-08-23T02:57:38.722026+09:00
Restock Proposal,,,failed,False,2026-08-28T01:08:09.929341+09:00
Restock Pulse,10.0,0.0,success,False,2026-08-17T21:31:54.606698+09:00
Restock Queue,,,failed,False,2026-08-19T21:16:21.953049+09:00
Restock Quota,,,failed,False,2026-08-21T00:26:30.376720+09:00
Restock Radar,20.0,3.0,success,False,2026-08-17T20:35:52.510868+09:00
Restock Rail,,,failed,False,2026-08-17T21:34:34.023181+09:00
Restock Rate,,,failed,False,2026-08-19T20:41:13.496418+09:00
Restock Receipt,,,failed,False,2026-08-19T22:02:22.489790+09:00
Restock Recorder,,,failed,False,2026-08-27T23:35:24.571352+09:00
Restock Register,,,failed,False,2026-08-17T23:15:30.972429+09:00
Restock Registry,,,failed,False,2026-08-18T22:10:22.903886+09:00
Restock Relay,,,failed,False,2026-08-17T20:34:55.202462+09:00
Restock Reminder,20.0,2.0,success,False,2026-08-19T21:15:38.736251+09:00
Restock Report,,,failed,False,2026-08-19T13:38:21.044998+09:00
Restock Repository,,,failed,False,2026-08-27T23:14:19.159911+09:00
Restock Result,,,failed,False,2026-08-28T00:48:21.370495+09:00
Restock Roadmap,,,failed,False,2026-08-18T22:11:05.779319+09:00
Restock Roster,,,failed,False,2026-08-19T00:38:36.857956+09:00
Restock Route,,,failed,False,2026-08-17T21:36:40.900045+09:00
Restock Rule,,,failed,False,2026-08-23T03:23:40.065475+09:00
Restock Sale,30.0,4.0,success,False,2026-08-21T02:27:26.146379+09:00
Restock Scale,,,failed,False,2026-08-17T21:37:49.733247+09:00
Restock Scanner,,,failed,False,2026-08-27T23:57:16.212473+09:00
Restock Scheduler,,,failed,False,2026-08-17T23:24:12.955458+09:00
Restock Scope,,,failed,False,2026-08-17T21:35:08.893531+09:00
Restock Score,,,failed,False,2026-08-19T13:39:57.462867+09:00
Restock Sentry,,,failed,False,2026-08-17T20:44:33.462366+09:00
Restock Serial,,,failed,False,2026-08-23T13:26:19.905298+09:00
Restock Sheet,,,failed,False,2026-08-19T13:39:34.156572+09:00
Restock Shortfall,,,failed,False,2026-08-27T21:46:57.331452+09:00
Restock Signal,,,failed,False,2026-08-17T21:37:10.762781+09:00
Restock Signature,,,failed,False,2026-08-23T13:26:25.215433+09:00
Restock Slip,,,failed,False,2026-08-19T22:03:11.253996+09:00
Restock Slot,,,failed,False,2026-08-19T22:03:30.282761+09:00
Restock Snapshot,,,failed,False,2026-08-18T22:10:08.621452+09:00
Restock Stage,,,failed,False,2026-08-28T00:48:18.570201+09:00
Restock Stake,,,failed,False,2026-08-23T02:57:40.926366+09:00
Restock Stamp,,,failed,False,2026-08-23T13:26:30.213560+09:00
Restock Statement,,,failed,False,2026-08-21T00:26:10.737162+09:00
Restock Station,,,failed,False,2026-08-17T20:36:20.228244+09:00
Restock Status,,,failed,False,2026-08-19T20:40:28.949050+09:00
Restock Streak,,,failed,False,2026-08-28T00:48:21.370495+09:00
Restock Studio,,,failed,False,2026-08-17T20:38:14.865229+09:00
Restock Subsidy,,,failed,False,2026-08-23T15:51:01.656182+09:00
Restock Suite,,,failed,False,2026-08-17T23:23:36.709980+09:00
Restock Sum,,,failed,False,2026-08-21T02:27:08.024014+09:00
Restock Summary,,,failed,False,2026-08-19T21:15:17.337039+09:00
Restock Surtax,,,failed,False,2026-08-23T15:51:05.565275+09:00
Restock Sync,,,failed,False,2026-08-17T20:40:29.235539+09:00
Restock Table,,,failed,False,2026-08-19T22:02:52.701278+09:00
Restock Tag,,,failed,False,2026-08-19T13:40:23.135378+09:00
Restock Tally,,,failed,False,2026-08-21T00:26:15.934316+09:00
Restock Tariff,,,failed,False,2026-08-21T02:43:30.904154+09:00
Restock Tax,,,failed,False,2026-08-21T02:11:07.536158+09:00
Restock Ticket,,,failed,False,2026-08-19T21:16:09.798326+09:00
Restock Timeline,,,failed,False,2026-08-19T21:15:27.386619+09:00
Restock Timer,,,failed,False,2026-08-28T00:26:26.682078+09:00
Restock Token,,,failed,False,2026-08-23T13:26:22.288872+09:00
Restock Toll,,,failed,False,2026-08-21T02:43:21.598191+09:00
Restock Toolbox,,,failed,False,2026-08-28T00:26:29.201404+09:00
Restock Toolkit,,,failed,False,2026-08-18T22:09:44.783040+09:00
Restock Total,,,failed,False,2026-08-27T23:14:12.324093+09:00
Restock Tracker,170.0,5.0,success,False,2026-08-17T20:41:13.511022+09:00
Restock Trail,,,failed,False,2026-08-17T21:33:30.231055+09:00
Restock Trend,,,failed,False,2026-08-28T01:08:04.607830+09:00
Restock Trial,,,failed,False,2026-08-27T21:15:44.469109+09:00
Restock Unit,,,failed,False,2026-08-21T01:54:32.681048+09:00
Restock Update,20.0,0.0,success,False,2026-08-19T20:41:22.304179+09:00
Restock Value,,,failed,False,2026-08-23T02:57:40.926366+09:00
Restock Vault,40.0,0.0,success,False,2026-08-17T20:34:03.344800+09:00
Restock Version,,,failed,False,2026-08-23T03:23:37.132752+09:00
Restock View,,,failed,False,2026-08-19T20:40:37.869711+09:00
Restock Voucher,,,failed,False,2026-08-21T00:25:52.909138+09:00
Restock Watch,30.0,4.0,success,False,2026-08-17T21:36:12.498401+09:00
Restock Wave,,,failed,False,2026-08-17T21:30:45.538595+09:00
Restock Widget,,,failed,False,2026-08-27T23:14:15.197354+09:00
Restock Workbench,,,failed,False,2026-08-18T22:09:37.820706+09:00
Restock Worksheet,,,failed,False,2026-08-27T22:10:23.604541+09:00
Restock Zone,,,failed,False,2026-08-17T20:33:36.115262+09:00
Retail Advance,30.0,1.0,success,False,2026-08-23T16:16:00.073730+09:00
Retail Advisory,90.0,7.0,success,False,2026-08-21T01:02:25.178710+09:00
Retail Allowance,10.0,0.0,success,False,2026-08-21T02:41:10.290966+09:00
Retail Almanac,,,failed,False,2026-08-18T22:08:19.564377+09:00
Retail Analyzer,10.0,10.0,success,False,2026-08-27T23:59:07.749698+09:00
Retail Anchor,320.0,1.0,success,False,2026-08-17T23:04:19.754704+09:00
Retail Asset,720.0,0.0,success,False,2026-08-23T13:47:46.605419+09:00
Retail Assistant,12100.0,3.0,success,False,2026-08-17T23:04:59.397693+09:00
Retail Atlas,140.0,2.0,success,False,2026-08-17T23:08:58.203851+09:00
Retail Attribute,,,failed,False,2026-08-23T13:07:48.964667+09:00
Retail Badge,,,failed,False,2026-08-21T00:26:33.622421+09:00
Retail Balance,20.0,25.0,success,False,2026-08-23T13:47:44.552149+09:00
Retail Base,260.0,14.0,success,False,2026-08-17T23:04:01.438390+09:00
Retail Beacon,140.0,11.0,success,False,2026-08-17T23:15:07.247244+09:00
Retail Bill,210.0,11.0,success,False,2026-08-19T22:07:06.557200+09:00
Retail Blueprint,20.0,10.0,success,False,2026-08-18T22:08:12.988621+09:00
Retail Board,170.0,26.0,success,False,2026-08-17T23:30:24.350682+09:00
Retail Book,1000.0,22.0,success,False,2026-08-19T21:46:07.673702+09:00
Retail Bridge,20.0,0.0,success,False,2026-08-17T23:27:53.024871+09:00
Retail Brief,20.0,0.0,success,False,2026-08-21T01:00:38.610881+09:00
Retail Bulletin,590.0,0.0,success,False,2026-08-21T01:00:36.022676+09:00
Retail Cabinet,260.0,100.0,success,False,2026-08-27T23:16:04.692896+09:00
Retail Calculator,2400.0,2.0,success,False,2026-08-27T23:36:40.825682+09:00
Retail Calendar,720.0,5.0,success,False,2026-08-19T00:02:18.071698+09:00
Retail Card,720.0,11.0,success,False,2026-08-19T13:32:25.938189+09:00
Retail Cascade,10.0,0.0,success,False,2026-08-17T23:10:00.779750+09:00
Retail Cash,70.0,2.0,success,False,2026-08-21T02:25:35.476201+09:00
Retail Cashback,50.0,9.0,success,False,2026-08-27T21:18:29.046782+09:00
Retail Category,320.0,1.0,success,False,2026-08-23T13:07:48.964667+09:00
Retail Center,1900.0,3.0,success,False,2026-08-17T23:31:17.212800+09:00
Retail Chain,2400.0,0.0,success,True,2026-08-17T23:32:52.026751+09:00
Retail Charge,30.0,0.0,success,False,2026-08-21T02:40:59.157491+09:00
Retail Check,140.0,4.0,success,False,2026-08-19T13:32:45.255500+09:00
Retail Checker,140.0,4.0,success,False,2026-08-27T23:58:58.371988+09:00
Retail Circular,50.0,1.0,success,False,2026-08-21T01:02:23.111892+09:00
Retail Cockpit,,,failed,False,2026-08-17T23:25:05.910381+09:00
Retail Code,590.0,2.0,success,False,2026-08-19T22:07:28.246340+09:00
Retail Codex,,,failed,False,2026-08-18T22:08:36.440640+09:00
Retail Companion,,,failed,False,2026-08-17T23:15:25.442488+09:00
Retail Comparison,50.0,3.0,success,False,2026-08-28T01:08:56.786303+09:00
Retail Compass,170.0,7.0,success,False,2026-08-17T23:27:26.699527+09:00
Retail Compendium,,,failed,False,2026-08-18T22:08:28.742242+09:00
Retail Confirmation,,,failed,False,2026-08-21T01:00:54.642749+09:00
Retail Console,20.0,13.0,success,False,2026-08-17T23:09:22.045461+09:00
Retail Core,210.0,14.0,success,False,2026-08-17T23:30:11.118322+09:00
Retail Cost,1900.0,3.0,success,False,2026-08-21T02:09:47.667221+09:00
Retail Count,10.0,7.0,success,False,2026-08-27T22:50:39.556744+09:00
Retail Counter,2400.0,100.0,success,False,2026-08-19T00:03:04.417889+09:00
Retail Coupon,590.0,12.0,success,False,2026-08-27T21:18:26.738212+09:00
Retail Dashboard,880.0,6.0,success,False,2026-08-17T23:08:38.142070+09:00
Retail Deal,880.0,6.0,success,False,2026-08-21T01:53:51.077986+09:00
Retail Debt,30.0,0.0,success,False,2026-08-21T02:25:24.803683+09:00
Retail Deck,1000.0,1.0,success,False,2026-08-17T23:05:47.972316+09:00
Retail Depot,70.0,51.0,success,False,2026-08-19T00:02:48.631996+09:00
Retail Desk,260.0,100.0,success,False,2026-08-17T23:26:55.594772+09:00
Retail Detail,1600.0,1.0,success,False,2026-08-23T03:20:18.367542+09:00
Retail Detector,,,failed,False,2026-08-27T23:59:02.052548+09:00
Retail Dial,,,failed,False,2026-08-17T23:03:41.404316+09:00
Retail Digest,10.0,0.0,success,False,2026-08-19T20:47:22.248072+09:00
Retail Directory,70.0,1.0,success,False,2026-08-19T00:02:27.896414+09:00
Retail Discount,320.0,2.0,success,False,2026-08-23T16:15:54.401659+09:00
Retail Dock,,,failed,False,2026-08-17T23:05:24.872109+09:00
Retail Dossier,,,failed,False,2026-08-21T01:00:56.888807+09:00
Retail Downpayment,,,failed,False,2026-08-27T21:49:33.781529+09:00
Retail Due,,,failed,False,2026-08-23T15:52:26.691302+09:00
Retail Duty,,,failed,False,2026-08-21T02:41:02.522533+09:00
Retail Engine,10.0,16.0,success,False,2026-08-17T23:23:45.943375+09:00
Retail Entry,20.0,0.0,success,False,2026-08-21T01:01:09.555377+09:00
Retail Estimate,20.0,2.0,success,False,2026-08-19T21:32:47.158972+09:00
Retail Estimator,,,failed,False,2026-08-27T23:58:55.210944+09:00
Retail Fare,10.0,0.0,success,False,2026-08-21T02:09:56.008511+09:00
Retail Fee,50.0,1.0,success,False,2026-08-21T01:53:25.014716+09:00
Retail Feed,,,failed,False,2026-08-19T20:47:28.016879+09:00
Retail File,70.0,2.0,success,False,2026-08-19T20:47:00.737978+09:00
Retail Finder,30.0,4.0,success,False,2026-08-19T00:02:39.195734+09:00
Retail Fine,,,failed,False,2026-08-23T02:55:38.114180+09:00
Retail Flag,170.0,100.0,success,False,2026-08-21T00:27:19.385133+09:00
Retail Flow,90.0,7.0,success,False,2026-08-17T23:11:53.398319+09:00
Retail Forge,10.0,0.0,success,False,2026-08-17T23:27:42.956477+09:00
Retail Form,50.0,0.0,success,False,2026-08-19T13:32:19.751583+09:00
Retail Format,1000.0,2.0,success,False,2026-08-23T13:07:53.746009+09:00
Retail Frame,20.0,68.0,success,False,2026-08-17T23:29:55.087176+09:00
Retail Fund,140.0,8.0,success,False,2026-08-21T02:25:28.596275+09:00
Retail Gate,210.0,25.0,success,False,2026-08-17T23:14:10.961193+09:00
Retail Giveaway,50.0,6.0,success,False,2026-08-27T21:18:35.629474+09:00
Retail Graph,390.0,35.0,success,False,2026-08-27T22:13:56.258937+09:00
Retail Grid,50.0,100.0,success,False,2026-08-17T23:28:46.712952+09:00
Retail Guard,40.0,3.0,success,False,2026-08-17T23:26:13.004123+09:00
Retail Guardian,140.0,1.0,success,False,2026-08-28T00:27:27.697084+09:00
Retail Guidebook,390.0,2.0,success,False,2026-08-18T22:07:58.079048+09:00
Retail Helpdesk,1600.0,2.0,success,False,2026-08-27T22:50:43.878395+09:00
Retail Helper,110.0,2.0,success,False,2026-08-28T00:27:31.291174+09:00
Retail History,170.0,0.0,success,False,2026-08-19T20:46:54.929939+09:00
Retail Hub,8100.0,1.0,success,False,2026-08-17T23:26:38.652949+09:00
Retail Identifier,,,failed,False,2026-08-23T13:07:46.002648+09:00
Retail Incentive,90.0,4.0,success,False,2026-08-27T21:18:35.629474+09:00
Retail Index,210.0,4.0,success,False,2026-08-19T21:32:42.554846+09:00
Retail Insight,2900.0,8.0,success,False,2026-08-17T23:24:49.201687+09:00
Retail Installment,50.0,2.0,success,False,2026-08-23T16:15:54.401659+09:00
Retail Interest,390.0,1.0,success,False,2026-08-23T13:47:44.552149+09:00
Retail Item,390.0,8.0,success,False,2026-08-21T01:53:28.626980+09:00
Retail Journal,1900.0,1.0,success,False,2026-08-18T22:07:42.473360+09:00
Retail Keeper,10.0,0.0,success,False,2026-08-17T22:48:03.176041+09:00
Retail Kit,480.0,3.0,success,False,2026-08-27T22:50:35.805109+09:00
Retail Lab,1300.0,15.0,success,False,2026-08-17T23:12:55.157000+09:00
Retail Label,320.0,74.0,success,False,2026-08-27T22:14:02.180893+09:00
Retail Ledger,,,failed,False,2026-08-17T23:11:16.019102+09:00
Retail Lens,10.0,17.0,success,False,2026-08-17T23:09:40.999221+09:00
Retail Level,110.0,0.0,success,False,2026-08-19T20:47:06.290958+09:00
Retail Levy,,,failed,False,2026-08-23T13:47:49.087746+09:00
Retail Link,33100.0,0.0,success,True,2026-08-23T03:20:11.001534+09:00
Retail List,1300.0,1.0,success,False,2026-08-19T22:07:41.945033+09:00
Retail Loan,1900.0,6.0,success,False,2026-08-21T02:10:04.981055+09:00
Retail Locator,1600.0,1.0,success,False,2026-08-19T00:02:34.221000+09:00
Retail Lock,50.0,64.0,success,False,2026-08-17T23:14:48.085579+09:00
Retail Log,70.0,2.0,success,False,2026-08-19T13:32:09.131651+09:00
Retail Loop,90.0,19.0,success,False,2026-08-17T23:06:09.735984+09:00
Retail Manager,6600.0,5.0,success,False,2026-08-17T23:23:29.892589+09:00
Retail Manual,20.0,1.0,success,False,2026-08-27T22:14:02.180893+09:00
Retail Map,390.0,2.0,success,False,2026-08-17T23:29:38.825411+09:00
Retail Markup,390.0,4.0,success,False,2026-08-23T16:39:45.505448+09:00
Retail Memo,,,failed,False,2026-08-21T00:27:00.975108+09:00
Retail Message,30.0,21.0,success,False,2026-08-27T23:15:58.535794+09:00
Retail Meter,,,failed,False,2026-08-17T23:32:11.092346+09:00
Retail Metrics,320.0,4.0,success,False,2026-08-17T23:13:49.973223+09:00
Retail Monitor,140.0,61.0,success,False,2026-08-17T23:06:52.573020+09:00
Retail Navigator,30.0,3.0,success,False,2026-08-17T23:25:43.129443+09:00
Retail Nexus,20.0,1.0,success,False,2026-08-17T23:33:15.463532+09:00
Retail Node,20.0,3.0,success,False,2026-08-17T23:33:04.806706+09:00
Retail Note,70.0,14.0,success,False,2026-08-19T13:33:02.578163+09:00
Retail Notification,,,failed,False,2026-08-27T22:50:33.048353+09:00
Retail Number,170.0,1.0,success,False,2026-08-23T03:20:04.246790+09:00
Retail Office,480.0,13.0,success,False,2026-08-19T00:02:56.248931+09:00
Retail Ops,2900.0,3.0,success,False,2026-08-17T23:10:18.497736+09:00
Retail Order,480.0,53.0,success,False,2026-08-19T22:06:56.710970+09:00
Retail Organizer,10.0,100.0,success,False,2026-08-17T23:24:26.895595+09:00
Retail Overage,,,failed,False,2026-08-27T21:49:33.781529+09:00
Retail Overdraft,,,failed,False,2026-08-23T15:52:28.857053+09:00
Retail Overdue,,,failed,False,2026-08-27T21:49:29.301041+09:00
Retail Panel,590.0,6.0,success,False,2026-08-17T23:31:48.177682+09:00
Retail Pass,,,failed,False,2026-08-21T00:26:23.518919+09:00
Retail Path,50.0,3.0,success,False,2026-08-17T23:07:56.377169+09:00
Retail Payoff,,,failed,False,2026-08-27T21:49:31.660766+09:00
Retail Petition,10.0,,success,False,2026-08-21T01:00:50.612821+09:00
Retail Pilot,30.0,0.0,success,False,2026-08-17T23:06:29.811396+09:00
Retail Plan,210.0,15.0,success,False,2026-08-21T01:53:42.905283+09:00
Retail Planner,590.0,7.0,success,False,2026-08-17T23:24:07.376365+09:00
Retail Playbook,40.0,26.0,success,False,2026-08-18T22:07:33.444344+09:00
Retail Point,390.0,5.0,success,False,2026-08-17T23:29:20.352796+09:00
Retail Portal,2400.0,1.0,success,False,2026-08-17T23:31:33.228756+09:00
Retail Preview,,,failed,False,2026-08-28T01:09:01.288346+09:00
Retail Profile,50.0,0.0,success,False,2026-08-19T13:33:37.732630+09:00
Retail Profit,260.0,1.0,success,False,2026-08-23T02:55:28.144750+09:00
Retail Pulse,260.0,3.0,success,False,2026-08-17T23:13:13.553145+09:00
Retail Quota,20.0,1.0,success,False,2026-08-21T00:27:09.364121+09:00
Retail Radar,170.0,12.0,success,False,2026-08-17T23:13:32.470918+09:00
Retail Rail,70.0,100.0,success,False,2026-08-17T23:32:40.699548+09:00
Retail Rank,70.0,1.0,success,False,2026-08-28T00:49:05.838031+09:00
Retail Rate,390.0,0.0,success,False,2026-08-19T20:47:10.772818+09:00
Retail Recap,,,failed,False,2026-08-21T01:01:03.307399+09:00
Retail Receipt,170.0,12.0,success,False,2026-08-19T22:07:21.096531+09:00
Retail Recorder,,,failed,False,2026-08-27T23:36:44.866320+09:00
Retail Redemption,10.0,0.0,success,False,2026-08-23T16:39:47.689837+09:00
Retail Register,140.0,50.0,success,False,2026-08-17T23:25:59.230175+09:00
Retail Registry,140.0,50.0,success,False,2026-08-18T22:08:04.928972+09:00
Retail Relay,260.0,0.0,success,False,2026-08-17T23:27:13.113305+09:00
Retail Reminder,,,failed,False,2026-08-19T21:32:39.944567+09:00
Retail Report,880.0,11.0,success,False,2026-08-19T13:32:02.705004+09:00
Retail Repository,,,failed,False,2026-08-27T23:16:07.710810+09:00
Retail Result,70.0,3.0,success,False,2026-08-28T00:49:02.800291+09:00
Retail Roadmap,20.0,6.0,success,False,2026-08-18T22:08:45.047635+09:00
Retail Roster,40.0,1.0,success,False,2026-08-19T00:36:48.669353+09:00
Retail Route,20.0,1.0,success,False,2026-08-17T23:32:27.078253+09:00
Retail Rule,,,failed,False,2026-08-23T03:20:15.434284+09:00
Retail Sale,12100.0,1.0,success,False,2026-08-21T02:25:39.755040+09:00
Retail Sample,70.0,4.0,success,False,2026-08-19T21:46:29.828345+09:00
Retail Scale,170.0,99.0,success,False,2026-08-17T23:10:55.434729+09:00
Retail Scanner,590.0,57.0,success,False,2026-08-27T23:58:58.371988+09:00
Retail Scheduler,10.0,12.0,success,False,2026-08-17T23:12:11.666158+09:00
Retail Scope,260.0,1.0,success,False,2026-08-17T23:28:22.691550+09:00
Retail Score,50.0,12.0,success,False,2026-08-19T13:32:52.541757+09:00
Retail Sentry,,,failed,False,2026-08-17T23:33:31.331574+09:00
Retail Sheet,20.0,16.0,success,False,2026-08-19T13:32:40.491815+09:00
Retail Shortfall,,,failed,False,2026-08-27T21:49:35.975851+09:00
Retail Signal,20.0,6.0,success,False,2026-08-17T23:28:07.981645+09:00
Retail Slip,,,failed,False,2026-08-19T21:46:20.188818+09:00
Retail Slot,,,failed,False,2026-08-19T21:46:42.037661+09:00
Retail Snapshot,,,failed,False,2026-08-18T22:07:49.432223+09:00
Retail Stake,,,failed,False,2026-08-23T02:55:31.768897+09:00
Retail Stamp,,,failed,False,2026-08-23T13:27:51.587934+09:00
Retail Statement,30.0,2.0,success,False,2026-08-21T00:26:41.627536+09:00
Retail Station,110.0,5.0,success,False,2026-08-17T23:30:54.077179+09:00
Retail Status,10.0,0.0,success,False,2026-08-19T20:46:44.181940+09:00
Retail Stipend,,,failed,False,2026-08-23T13:47:51.726767+09:00
Retail Streak,,,failed,False,2026-08-28T00:49:02.800291+09:00
Retail Stub,,,failed,False,2026-08-21T00:26:36.041366+09:00
Retail Studio,3600.0,3.0,success,False,2026-08-17T23:30:39.559752+09:00
Retail Subsidy,10.0,0.0,success,False,2026-08-23T15:52:28.857053+09:00
Retail Suite,110.0,18.0,success,False,2026-08-17T23:10:35.067749+09:00
Retail Sum,,,failed,False,2026-08-21T02:25:19.750628+09:00
Retail Summary,20.0,4.0,success,False,2026-08-19T21:32:36.347329+09:00
Retail Surtax,,,failed,False,2026-08-23T15:52:31.168291+09:00
Retail Sync,30.0,12.0,success,False,2026-08-17T23:26:27.360355+09:00
Retail Tab,20.0,0.0,success,False,2026-08-21T00:27:27.558535+09:00
Retail Table,390.0,100.0,success,False,2026-08-19T21:45:53.420711+09:00
Retail Tag,480.0,100.0,success,False,2026-08-19T13:33:08.765794+09:00
Retail Tally,,,failed,False,2026-08-21T00:26:46.014545+09:00
Retail Tariff,70.0,0.0,success,False,2026-08-21T02:41:14.911892+09:00
Retail Tax,210.0,3.0,success,False,2026-08-21T02:10:00.502849+09:00
Retail Ticket,170.0,17.0,success,False,2026-08-19T21:32:44.531306+09:00
Retail Tier,,,failed,False,2026-08-28T00:49:05.838031+09:00
Retail Timeline,10.0,0.0,success,False,2026-08-19T21:32:38.095873+09:00
Retail Toll,,,failed,False,2026-08-21T02:41:05.925111+09:00
Retail Toolbox,10.0,38.0,success,False,2026-08-28T00:27:31.291174+09:00
Retail Toolkit,110.0,1.0,success,False,2026-08-18T22:07:26.351718+09:00
Retail Total,480.0,1.0,success,False,2026-08-27T23:16:01.473407+09:00
Retail Tracker,210.0,6.0,success,False,2026-08-17T23:04:39.264131+09:00
Retail Trail,,,failed,False,2026-08-17T23:12:30.403803+09:00
Retail Trend,3600.0,10.0,success,False,2026-08-28T01:08:56.786303+09:00
Retail Trial,110.0,28.0,success,False,2026-08-27T21:18:29.046782+09:00
Retail Unit,1000.0,2.0,success,False,2026-08-21T01:53:35.907769+09:00
Retail Update,70.0,6.0,success,False,2026-08-19T20:47:15.115131+09:00
Retail Value,4400.0,0.0,success,True,2026-08-23T02:55:31.768897+09:00
Retail Vault,10.0,0.0,success,False,2026-08-17T23:08:17.909902+09:00
Retail Version,210.0,0.0,success,False,2026-08-23T03:20:07.416918+09:00
Retail View,480.0,5.0,success,False,2026-08-19T20:46:49.166137+09:00
Retail Voucher,260.0,76.0,success,False,2026-08-21T00:26:28.007677+09:00
Retail Wallet,20.0,1.0,success,False,2026-08-27T22:50:39.556744+09:00
Retail Watch,390.0,54.0,success,False,2026-08-17T23:11:35.407010+09:00
Retail Wave,10.0,3.0,success,False,2026-08-17T23:29:03.554808+09:00
Retail Widget,10.0,36.0,success,False,2026-08-27T23:16:01.473407+09:00
Retail Workbench,10.0,57.0,success,False,2026-08-18T22:07:16.682645+09:00
Retail Worksheet,20.0,0.0,success,False,2026-08-27T22:14:08.565651+09:00
Retail Zone,480.0,1.0,success,False,2026-08-17T23:14:31.375028+09:00
Retainer Advance,,,failed,False,2026-08-23T16:15:01.314751+09:00
Retainer Advisory,,,failed,False,2026-08-21T01:06:31.516088+09:00
Retainer Allowance,30.0,0.0,success,False,2026-08-21T02:37:22.596537+09:00
Retainer Almanac,,,failed,False,2026-08-18T22:05:53.928204+09:00
Retainer Analyzer,,,failed,False,2026-08-27T23:59:20.883273+09:00
Retainer Anchor,,,failed,False,2026-08-17T21:34:31.783933+09:00
Retainer Arrears,,,failed,False,2026-08-23T16:14:56.824333+09:00
Retainer Assistant,,,failed,False,2026-08-17T23:30:43.619577+09:00
Retainer Atlas,,,failed,False,2026-08-17T20:42:19.428112+09:00
Retainer Attribute,,,failed,False,2026-08-23T13:06:24.369926+09:00
Retainer Badge,,,failed,False,2026-08-21T00:32:08.971513+09:00
Retainer Balance,40.0,0.0,success,False,2026-08-23T13:47:02.952399+09:00
Retainer Base,20.0,3.0,success,False,2026-08-17T20:39:33.830984+09:00
Retainer Beacon,,,failed,False,2026-08-17T21:39:09.779186+09:00
Retainer Bill,70.0,1.0,success,False,2026-08-19T21:50:44.390054+09:00
Retainer Blueprint,,,failed,False,2026-08-18T22:05:44.090365+09:00
Retainer Board,,,failed,False,2026-08-17T20:36:51.044622+09:00
Retainer Book,,,failed,False,2026-08-19T21:51:34.255432+09:00
Retainer Bridge,390.0,4.0,success,False,2026-08-17T21:35:36.118436+09:00
Retainer Brief,,,failed,False,2026-08-21T01:06:19.538829+09:00
Retainer Bulletin,,,failed,False,2026-08-21T01:06:16.364943+09:00
Retainer Calculator,10.0,1.0,success,False,2026-08-27T23:36:40.825682+09:00
Retainer Calendar,,,failed,False,2026-08-19T00:02:58.410814+09:00
Retainer Card,,,failed,False,2026-08-19T13:30:30.638587+09:00
Retainer Cascade,,,failed,False,2026-08-17T21:36:38.708092+09:00
Retainer Cash,,,failed,False,2026-08-21T02:30:57.020640+09:00
Retainer Catalog,,,failed,False,2026-08-19T21:05:35.157530+09:00
Retainer Category,,,failed,False,2026-08-23T13:06:24.369926+09:00
Retainer Center,,,failed,False,2026-08-18T07:52:08.139884+09:00
Retainer Chain,110.0,65.0,success,False,2026-08-17T20:47:07.356899+09:00
Retainer Charge,50.0,0.0,success,False,2026-08-21T02:37:07.617432+09:00
Retainer Check,170.0,3.0,success,False,2026-08-19T13:30:48.441659+09:00
Retainer Checker,,,failed,False,2026-08-27T23:59:12.622196+09:00
Retainer Checklist,,,failed,False,2026-08-19T21:04:31.572257+09:00
Retainer Circular,,,failed,False,2026-08-21T01:06:25.514755+09:00
Retainer Cockpit,,,failed,False,2026-08-17T23:09:27.800960+09:00
Retainer Code,320.0,0.0,success,False,2026-08-19T21:51:05.479286+09:00
Retainer Codex,,,failed,False,2026-08-18T22:06:09.670880+09:00
Retainer Companion,,,failed,False,2026-08-17T23:32:15.494443+09:00
Retainer Comparison,,,failed,False,2026-08-28T01:01:48.581211+09:00
Retainer Compass,,,failed,False,2026-08-17T21:41:16.664514+09:00
Retainer Compendium,,,failed,False,2026-08-18T22:06:01.196080+09:00
Retainer Confirmation,,,failed,False,2026-08-21T01:06:44.007854+09:00
Retainer Console,,,failed,False,2026-08-17T21:38:18.723173+09:00
Retainer Copayment,,,failed,False,2026-08-23T16:39:21.186657+09:00
Retainer Core,,,failed,False,2026-08-17T20:38:37.912313+09:00
Retainer Cost,9900.0,53.0,success,False,2026-08-21T02:14:16.325639+09:00
Retainer Count,,,failed,False,2026-08-27T22:50:21.429751+09:00
Retainer Counter,10.0,0.0,success,False,2026-08-19T00:03:41.244683+09:00
Retainer Dashboard,,,failed,False,2026-08-17T23:31:54.862824+09:00
Retainer Deal,70.0,33.0,success,False,2026-08-21T01:58:31.192900+09:00
Retainer Debt,,,failed,False,2026-08-21T02:30:47.137745+09:00
Retainer Deck,,,failed,False,2026-08-17T20:35:51.368204+09:00
Retainer Depot,,,failed,False,2026-08-19T00:03:25.935082+09:00
Retainer Desk,,,failed,False,2026-08-17T20:33:31.328442+09:00
Retainer Detail,,,failed,False,2026-08-23T03:17:09.077548+09:00
Retainer Detector,,,failed,False,2026-08-27T23:59:17.563745+09:00
Retainer Dial,,,failed,False,2026-08-17T21:36:10.133574+09:00
Retainer Digest,,,failed,False,2026-08-19T20:47:33.785997+09:00
Retainer Directory,,,failed,False,2026-08-19T00:03:04.417889+09:00
Retainer Discount,10.0,11.0,success,False,2026-08-23T16:14:53.191797+09:00
Retainer Dock,,,failed,False,2026-08-17T21:31:52.108049+09:00
Retainer Dossier,,,failed,False,2026-08-21T01:06:46.678178+09:00
Retainer Downpayment,,,failed,False,2026-08-27T21:48:54.950777+09:00
Retainer Draft,,,failed,False,2026-08-19T20:47:48.078194+09:00
Retainer Due,,,failed,False,2026-08-23T15:51:55.644106+09:00
Retainer Duty,,,failed,False,2026-08-21T02:37:11.292116+09:00
Retainer Engine,40.0,10.0,success,False,2026-08-17T23:05:57.160852+09:00
Retainer Entry,,,failed,False,2026-08-21T01:07:02.843245+09:00
Retainer Estimate,,,failed,False,2026-08-19T21:05:22.464454+09:00
Retainer Estimator,,,failed,False,2026-08-27T23:59:12.622196+09:00
Retainer Excerpt,,,failed,False,2026-08-21T01:06:58.606298+09:00
Retainer Extension,,,failed,False,2026-08-23T16:39:23.209795+09:00
Retainer Fare,,,failed,False,2026-08-21T02:14:19.948102+09:00
Retainer Fee,9900.0,1.0,success,False,2026-08-21T01:58:09.087030+09:00
Retainer Feed,,,failed,False,2026-08-19T20:47:39.914949+09:00
Retainer File,,,failed,False,2026-08-19T20:47:10.772818+09:00
Retainer Finder,,,failed,False,2026-08-19T00:03:21.455005+09:00
Retainer Fine,,,failed,False,2026-08-23T02:53:19.802959+09:00
Retainer Flag,,,failed,False,2026-08-21T00:32:50.317142+09:00
Retainer Flow,,,failed,False,2026-08-17T20:36:18.497930+09:00
Retainer Forge,,,failed,False,2026-08-17T21:37:46.877382+09:00
Retainer Form,50.0,11.0,success,False,2026-08-19T13:30:05.934954+09:00
Retainer Format,,,failed,False,2026-08-23T13:06:29.194377+09:00
Retainer Frame,10.0,0.0,success,False,2026-08-17T20:40:27.760312+09:00
Retainer Fund,,,failed,False,2026-08-21T02:30:51.336298+09:00
Retainer Gate,,,failed,False,2026-08-17T20:44:10.950266+09:00
Retainer Generator,,,failed,False,2026-08-27T23:36:44.866320+09:00
Retainer Grade,,,failed,False,2026-08-21T00:32:34.737926+09:00
Retainer Graph,,,failed,False,2026-08-27T22:13:04.123105+09:00
Retainer Grid,,,failed,False,2026-08-17T20:47:47.373505+09:00
Retainer Guarantee,,,failed,False,2026-08-28T01:01:55.633503+09:00
Retainer Guard,70.0,86.0,success,False,2026-08-17T20:39:09.333217+09:00
Retainer Guardian,,,failed,False,2026-08-28T00:27:40.381664+09:00
Retainer Guidebook,,,failed,False,2026-08-18T22:05:25.774321+09:00
Retainer Helpdesk,,,failed,False,2026-08-27T22:50:26.115784+09:00
Retainer Helper,,,failed,False,2026-08-28T00:27:40.381664+09:00
Retainer History,30.0,0.0,success,False,2026-08-19T20:47:06.290958+09:00
Retainer Hotline,,,failed,False,2026-08-19T21:05:47.568804+09:00
Retainer Hub,20.0,18.0,success,False,2026-08-17T20:35:20.751202+09:00
Retainer Identifier,,,failed,False,2026-08-23T13:06:20.755041+09:00
Retainer Index,,,failed,False,2026-08-19T21:04:44.071622+09:00
Retainer Insight,,,failed,False,2026-08-17T23:14:36.904616+09:00
Retainer Installment,,,failed,False,2026-08-23T16:14:53.191797+09:00
Retainer Interest,,,failed,False,2026-08-23T13:47:02.952399+09:00
Retainer Item,10.0,0.0,success,False,2026-08-21T01:58:12.628800+09:00
Retainer Journal,,,failed,False,2026-08-18T22:05:10.153828+09:00
Retainer Keeper,10.0,98.0,success,False,2026-08-17T20:40:49.686418+09:00
Retainer Kit,590.0,100.0,success,False,2026-08-27T22:50:16.948494+09:00
Retainer Lab,70.0,56.0,success,False,2026-08-17T20:34:02.071546+09:00
Retainer Ledger,,,failed,False,2026-08-17T20:37:49.257868+09:00
Retainer Lens,30.0,13.0,success,False,2026-08-17T20:41:11.362619+09:00
Retainer Level,10.0,0.0,success,False,2026-08-19T20:47:17.630061+09:00
Retainer Levy,,,failed,False,2026-08-23T13:47:05.237339+09:00
Retainer Link,,,failed,False,2026-08-23T03:17:02.268689+09:00
Retainer List,10.0,4.0,success,False,2026-08-19T21:51:13.518825+09:00
Retainer Loan,,,failed,False,2026-08-21T02:14:27.987170+09:00
Retainer Locator,,,failed,False,2026-08-19T00:03:12.143780+09:00
Retainer Lock,90.0,6.0,success,False,2026-08-17T20:42:49.578916+09:00
Retainer Log,,,failed,False,2026-08-19T13:29:56.430090+09:00
Retainer Loop,,,failed,False,2026-08-17T21:30:08.257838+09:00
Retainer Manager,,,failed,False,2026-08-17T20:40:03.112671+09:00
Retainer Manual,,,failed,False,2026-08-27T22:13:13.048056+09:00
Retainer Map,,,failed,False,2026-08-17T20:42:00.146835+09:00
Retainer Markup,,,failed,False,2026-08-23T16:39:18.952764+09:00
Retainer Memo,,,failed,False,2026-08-21T00:32:40.998784+09:00
Retainer Message,,,failed,False,2026-08-27T23:15:53.344715+09:00
Retainer Meter,,,failed,False,2026-08-17T21:35:06.399475+09:00
Retainer Metrics,,,failed,False,2026-08-17T23:31:38.790135+09:00
Retainer Monitor,,,failed,False,2026-08-17T23:31:21.435106+09:00
Retainer Navigator,,,failed,False,2026-08-17T23:03:48.755656+09:00
Retainer Nexus,,,failed,False,2026-08-17T20:43:16.751377+09:00
Retainer Node,,,failed,False,2026-08-17T20:45:10.862003+09:00
Retainer Note,,,failed,False,2026-08-19T13:31:03.415990+09:00
Retainer Notification,,,failed,False,2026-08-27T22:50:09.773795+09:00
Retainer Number,,,failed,False,2026-08-23T03:16:51.782987+09:00
Retainer Office,,,failed,False,2026-08-19T00:03:31.307926+09:00
Retainer Ops,,,failed,False,2026-08-17T23:32:31.687734+09:00
Retainer Order,210.0,99.0,success,False,2026-08-19T21:50:33.278837+09:00
Retainer Organizer,,,failed,False,2026-08-17T23:07:43.866571+09:00
Retainer Outline,,,failed,False,2026-08-27T22:29:16.006701+09:00
Retainer Overage,,,failed,False,2026-08-27T21:48:52.496958+09:00
Retainer Overdraft,,,failed,False,2026-08-23T15:51:55.644106+09:00
Retainer Overdue,,,failed,False,2026-08-27T21:48:46.666341+09:00
Retainer Panel,,,failed,False,2026-08-17T21:37:08.932405+09:00
Retainer Pass,,,failed,False,2026-08-21T00:31:54.895534+09:00
Retainer Path,,,failed,False,2026-08-17T20:44:32.138425+09:00
Retainer Payoff,,,failed,False,2026-08-27T21:48:49.180539+09:00
Retainer Penalty,,,failed,False,2026-08-23T16:39:16.961219+09:00
Retainer Petition,,,failed,False,2026-08-21T01:06:36.051415+09:00
Retainer Pilot,,,failed,False,2026-08-17T20:34:25.476328+09:00
Retainer Plan,40.0,43.0,success,False,2026-08-21T01:58:27.155216+09:00
Retainer Planner,,,failed,False,2026-08-17T23:12:59.903146+09:00
Retainer Playbook,,,failed,False,2026-08-18T22:04:58.367673+09:00
Retainer Point,,,failed,False,2026-08-17T20:43:44.073906+09:00
Retainer Portal,,,failed,False,2026-08-17T21:39:57.727763+09:00
Retainer Preview,,,failed,False,2026-08-28T01:01:51.337076+09:00
Retainer Profile,,,failed,False,2026-08-19T13:31:24.471816+09:00
Retainer Profit,,,failed,False,2026-08-23T02:53:08.936462+09:00
Retainer Proposal,50.0,6.0,success,False,2026-08-28T01:01:51.337076+09:00
Retainer Pulse,,,failed,False,2026-08-17T20:46:27.690682+09:00
Retainer Queue,,,failed,False,2026-08-19T21:05:10.807996+09:00
Retainer Quota,,,failed,False,2026-08-21T00:32:45.504063+09:00
Retainer Radar,,,failed,False,2026-08-17T20:32:23.142780+09:00
Retainer Rail,,,failed,False,2026-08-17T21:30:41.512165+09:00
Retainer Rate,70.0,3.0,success,False,2026-08-19T20:47:25.892128+09:00
Retainer Recap,,,failed,False,2026-08-21T01:06:53.303863+09:00
Retainer Receipt,10.0,5.0,success,False,2026-08-19T21:50:54.613076+09:00
Retainer Recorder,,,failed,False,2026-08-27T23:36:44.866320+09:00
Retainer Redemption,,,failed,False,2026-08-23T16:39:21.186657+09:00
Retainer Register,,,failed,False,2026-08-17T23:11:03.494377+09:00
Retainer Registry,,,failed,False,2026-08-18T22:05:35.647018+09:00
Retainer Relay,,,failed,False,2026-08-18T07:52:56.677266+09:00
Retainer Reminder,30.0,0.0,success,False,2026-08-19T21:04:17.654082+09:00
Retainer Report,,,failed,False,2026-08-19T13:29:46.780078+09:00
Retainer Repository,,,failed,False,2026-08-27T23:16:01.473407+09:00
Retainer Roadmap,,,failed,False,2026-08-18T22:06:18.385841+09:00
Retainer Roster,,,failed,False,2026-08-19T00:37:44.150276+09:00
Retainer Route,,,failed,False,2026-08-17T21:33:02.340741+09:00
Retainer Rule,,,failed,False,2026-08-23T03:17:04.760167+09:00
Retainer Sale,50.0,58.0,success,False,2026-08-21T02:30:59.342931+09:00
Retainer Sample,30.0,5.0,success,False,2026-08-19T21:52:01.647797+09:00
Retainer Scale,,,failed,False,2026-08-17T21:34:01.777052+09:00
Retainer Scanner,140.0,58.0,success,False,2026-08-27T23:59:17.563745+09:00
Retainer Scheduler,,,failed,False,2026-08-17T23:31:05.763784+09:00
Retainer Scope,,,failed,False,2026-08-17T21:31:17.550614+09:00
Retainer Score,,,failed,False,2026-08-19T13:30:54.229704+09:00
Retainer Sentry,,,failed,False,2026-08-17T20:41:35.724700+09:00
Retainer Sheet,110.0,59.0,success,False,2026-08-19T13:30:39.417389+09:00
Retainer Shortfall,,,failed,False,2026-08-27T21:48:57.191063+09:00
Retainer Signal,,,failed,False,2026-08-17T21:33:28.260657+09:00
Retainer Signature,,,failed,False,2026-08-23T13:27:31.185352+09:00
Retainer Slip,,,failed,False,2026-08-19T21:51:50.352396+09:00
Retainer Snapshot,,,failed,False,2026-08-18T22:05:17.781482+09:00
Retainer Stake,,,failed,False,2026-08-23T02:53:17.402090+09:00
Retainer Statement,50.0,0.0,success,False,2026-08-21T00:32:20.380964+09:00
Retainer Station,,,failed,False,2026-08-17T20:32:58.642411+09:00
Retainer Status,,,failed,False,2026-08-19T20:46:54.929939+09:00
Retainer Stub,,,failed,False,2026-08-21T00:32:13.850788+09:00
Retainer Studio,,,failed,False,2026-08-17T20:34:51.045190+09:00
Retainer Subsidy,,,failed,False,2026-08-23T15:51:57.634783+09:00
Retainer Suite,,,failed,False,2026-08-17T23:30:28.172183+09:00
Retainer Sum,,,failed,False,2026-08-21T02:30:41.751111+09:00
Retainer Summary,,,failed,False,2026-08-19T21:03:53.179213+09:00
Retainer Surtax,,,failed,False,2026-08-23T15:52:02.827883+09:00
Retainer Sync,,,failed,False,2026-08-17T20:37:18.091212+09:00
Retainer Tab,480.0,100.0,success,False,2026-08-21T00:32:54.976982+09:00
Retainer Table,,,failed,False,2026-08-19T21:51:25.452105+09:00
Retainer Tag,,,failed,False,2026-08-19T13:31:08.046594+09:00
Retainer Tally,,,failed,False,2026-08-21T00:32:26.715092+09:00
Retainer Tariff,,,failed,False,2026-08-21T02:37:27.000959+09:00
Retainer Tax,10.0,0.0,success,False,2026-08-21T02:14:24.666160+09:00
Retainer Ticket,,,failed,False,2026-08-19T21:04:58.271286+09:00
Retainer Tier,,,failed,False,2026-08-28T00:45:35.673593+09:00
Retainer Timeline,10.0,1.0,success,False,2026-08-19T21:04:06.353252+09:00
Retainer Timer,,,failed,False,2026-08-28T00:27:37.736040+09:00
Retainer Toll,,,failed,False,2026-08-21T02:37:19.204094+09:00
Retainer Toolbox,,,failed,False,2026-08-28T00:27:40.381664+09:00
Retainer Toolkit,,,failed,False,2026-08-18T22:04:47.341629+09:00
Retainer Total,,,failed,False,2026-08-27T23:15:55.855078+09:00
Retainer Tracker,30.0,5.0,success,False,2026-08-17T20:38:12.491374+09:00
Retainer Trail,,,failed,False,2026-08-17T20:48:23.905428+09:00
Retainer Trend,,,failed,False,2026-08-28T01:01:48.581211+09:00
Retainer Trial,,,failed,False,2026-08-27T21:17:40.328757+09:00
Retainer Unit,,,failed,False,2026-08-21T01:58:19.228464+09:00
Retainer Update,,,failed,False,2026-08-19T20:47:30.914414+09:00
Retainer Value,,,failed,False,2026-08-23T02:53:14.872547+09:00
Retainer Vault,,,failed,False,2026-08-18T07:53:06.257546+09:00
Retainer Version,,,failed,False,2026-08-23T03:16:59.377666+09:00
Retainer View,,,failed,False,2026-08-19T20:47:03.354167+09:00
Retainer Voucher,,,failed,False,2026-08-21T00:32:03.646563+09:00
Retainer Watch,,,failed,False,2026-08-17T21:32:28.090728+09:00
Retainer Wave,,,failed,False,2026-08-17T20:45:34.633599+09:00
Retainer Widget,,,failed,False,2026-08-27T23:15:55.855078+09:00
Retainer Workbench,,,failed,False,2026-08-18T22:04:38.583463+09:00
Retainer Worksheet,,,failed,False,2026-08-27T22:13:16.015424+09:00
Retainer Zone,,,failed,False,2026-08-17T21:41:47.180143+09:00
Retention Advance,,,failed,False,2026-08-23T16:13:45.288195+09:00
Retention Advisory,,,failed,False,2026-08-21T01:02:16.623580+09:00
Retention Allowance,320.0,0.0,success,False,2026-08-21T02:40:43.977421+09:00
Retention Almanac,,,failed,False,2026-08-18T23:52:03.121667+09:00
Retention Analyzer,,,failed,False,2026-08-27T23:51:29.405566+09:00
Retention Anchor,,,failed,False,2026-08-17T23:11:00.543955+09:00
Retention Arrears,,,failed,False,2026-08-23T16:13:42.146359+09:00
Retention Asset,,,failed,False,2026-08-23T13:45:48.186439+09:00
Retention Assistant,10.0,0.0,success,False,2026-08-17T23:11:38.355115+09:00
Retention Atlas,,,failed,False,2026-08-17T23:15:10.071233+09:00
Retention Attribute,,,failed,False,2026-08-23T13:08:51.704947+09:00
Retention Badge,10.0,0.0,success,False,2026-08-21T00:25:38.806657+09:00
Retention Balance,20.0,0.0,success,False,2026-08-23T13:45:46.037867+09:00
Retention Base,20.0,0.0,success,False,2026-08-17T23:10:40.836813+09:00
Retention Beacon,,,failed,False,2026-08-17T23:09:26.162855+09:00
Retention Bill,110.0,0.0,success,False,2026-08-19T22:03:30.282761+09:00
Retention Blueprint,,,failed,False,2026-08-18T23:52:03.121667+09:00
Retention Board,30.0,0.0,success,False,2026-08-17T23:24:10.330342+09:00
Retention Book,30.0,13.0,success,False,2026-08-19T22:04:20.465966+09:00
Retention Bridge,50.0,0.0,success,False,2026-08-17T23:32:15.494443+09:00
Retention Brief,,,failed,False,2026-08-21T01:00:25.578415+09:00
Retention Bulletin,,,failed,False,2026-08-21T01:00:20.571072+09:00
Retention Calculator,170.0,7.0,success,False,2026-08-27T23:33:24.139257+09:00
Retention Calendar,10.0,1.0,success,False,2026-08-19T00:02:41.985677+09:00
Retention Card,70.0,0.0,success,False,2026-08-19T13:24:45.773598+09:00
Retention Cascade,,,failed,False,2026-08-17T23:03:45.434649+09:00
Retention Cash,10.0,0.0,success,False,2026-08-21T02:23:37.293511+09:00
Retention Cashback,10.0,6.0,success,False,2026-08-27T21:13:04.814179+09:00
Retention Catalog,,,failed,False,2026-08-19T21:19:06.268561+09:00
Retention Category,,,failed,False,2026-08-23T13:08:48.797339+09:00
Retention Center,170.0,0.0,success,False,2026-08-17T23:25:24.044948+09:00
Retention Chain,70.0,64.0,success,False,2026-08-17T23:27:00.420532+09:00
Retention Charge,390.0,0.0,success,False,2026-08-21T02:40:30.595557+09:00
Retention Check,110.0,1.0,success,False,2026-08-19T13:25:01.891377+09:00
Retention Checker,,,failed,False,2026-08-27T23:51:24.335890+09:00
Retention Checklist,20.0,0.0,success,False,2026-08-19T21:18:07.179482+09:00
Retention Circular,,,failed,False,2026-08-21T01:02:16.623580+09:00
Retention Cockpit,,,failed,False,2026-08-17T23:29:25.330773+09:00
Retention Code,40.0,0.0,success,False,2026-08-19T22:03:49.697196+09:00
Retention Codex,,,failed,False,2026-08-18T23:52:03.121667+09:00
Retention Companion,,,failed,False,2026-08-17T23:09:43.652539+09:00
Retention Comparison,,,failed,False,2026-08-28T01:03:37.882161+09:00
Retention Compass,,,failed,False,2026-08-17T23:31:38.790135+09:00
Retention Compendium,,,failed,False,2026-08-18T23:52:03.121667+09:00
Retention Confirmation,10.0,0.0,success,False,2026-08-21T01:00:40.730981+09:00
Retention Console,,,failed,False,2026-08-17T23:15:28.966007+09:00
Retention Contribution,,,failed,False,2026-08-23T16:13:39.752452+09:00
Retention Core,,,failed,False,2026-08-17T23:23:52.832374+09:00
Retention Cost,480.0,1.0,success,False,2026-08-21T02:06:17.677670+09:00
Retention Count,,,failed,False,2026-08-27T22:45:43.680386+09:00
Retention Counter,,,failed,False,2026-08-19T00:03:25.935082+09:00
Retention Coupon,,,failed,False,2026-08-27T21:13:01.722363+09:00
Retention Dashboard,140.0,21.0,success,False,2026-08-17T23:14:53.160605+09:00
Retention Deal,30.0,0.0,success,False,2026-08-21T01:53:42.905283+09:00
Retention Debt,,,failed,False,2026-08-21T02:23:27.282211+09:00
Retention Deck,,,failed,False,2026-08-17T23:12:17.050075+09:00
Retention Depot,,,failed,False,2026-08-19T00:03:09.712807+09:00
Retention Desk,10.0,0.0,success,False,2026-08-17T23:30:56.654699+09:00
Retention Detail,,,failed,False,2026-08-23T03:21:47.880193+09:00
Retention Detector,,,failed,False,2026-08-27T23:51:26.937833+09:00
Retention Dial,,,failed,False,2026-08-17T23:10:22.607509+09:00
Retention Digest,,,failed,False,2026-08-19T20:43:53.666341+09:00
Retention Directory,,,failed,False,2026-08-19T00:02:48.631996+09:00
Retention Discount,50.0,2.0,success,False,2026-08-23T16:13:34.147754+09:00
Retention Dock,,,failed,False,2026-08-17T23:11:57.762151+09:00
Retention Dossier,,,failed,False,2026-08-21T01:00:42.748785+09:00
Retention Draft,,,failed,False,2026-08-19T20:44:05.928260+09:00
Retention Due,,,failed,False,2026-08-23T15:51:18.067623+09:00
Retention Duty,,,failed,False,2026-08-21T02:40:38.159052+09:00
Retention Engine,50.0,0.0,success,False,2026-08-17T23:28:11.546877+09:00
Retention Entry,10.0,0.0,success,False,2026-08-21T01:00:54.642749+09:00
Retention Estimate,10.0,,success,False,2026-08-19T21:18:53.314989+09:00
Retention Estimator,,,failed,False,2026-08-27T23:51:21.141566+09:00
Retention Excerpt,,,failed,False,2026-08-21T01:02:27.136036+09:00
Retention Fare,,,failed,False,2026-08-21T02:06:32.230213+09:00
Retention Fee,1000.0,0.0,success,True,2026-08-21T01:53:20.957099+09:00
Retention Feed,,,failed,False,2026-08-19T20:44:00.282785+09:00
Retention Field,,,failed,False,2026-08-23T13:08:56.247878+09:00
Retention File,210.0,4.0,success,False,2026-08-19T20:43:26.923996+09:00
Retention Finder,,,failed,False,2026-08-19T00:03:04.417889+09:00
Retention Fine,,,failed,False,2026-08-23T02:56:12.259379+09:00
Retention Flag,,,failed,False,2026-08-21T00:26:18.251155+09:00
Retention Flow,30.0,6.0,success,False,2026-08-17T23:05:55.492568+09:00
Retention Forge,,,failed,False,2026-08-17T23:31:53.116535+09:00
Retention Form,480.0,0.0,success,False,2026-08-19T13:24:25.669672+09:00
Retention Format,,,failed,False,2026-08-23T13:08:58.766460+09:00
Retention Frame,20.0,1.0,success,False,2026-08-17T23:23:32.991705+09:00
Retention Fund,320.0,0.0,success,False,2026-08-21T02:23:33.552099+09:00
Retention Gate,,,failed,False,2026-08-17T23:08:20.793662+09:00
Retention Giveaway,,,failed,False,2026-08-27T21:13:15.493972+09:00
Retention Grade,,,failed,False,2026-08-21T00:26:02.753353+09:00
Retention Graph,480.0,1.0,success,False,2026-08-27T22:07:09.283408+09:00
Retention Grid,30.0,44.0,success,False,2026-08-17T23:32:55.929904+09:00
Retention Guarantee,210.0,1.0,success,False,2026-08-28T01:03:43.206787+09:00
Retention Guard,,,failed,False,2026-08-17T23:30:12.792820+09:00
Retention Guardian,,,failed,False,2026-08-28T00:22:01.777271+09:00
Retention Guidebook,,,failed,False,2026-08-18T23:52:03.121667+09:00
Retention Helpdesk,,,failed,False,2026-08-27T22:45:43.680386+09:00
Retention Helper,,,failed,False,2026-08-28T00:22:09.034750+09:00
Retention History,,,failed,False,2026-08-19T20:43:19.095275+09:00
Retention Hotline,,,failed,False,2026-08-19T21:19:19.264899+09:00
Retention Hub,30.0,2.0,success,False,2026-08-17T23:30:41.257118+09:00
Retention Identifier,,,failed,False,2026-08-23T13:08:46.542285+09:00
Retention Incentive,480.0,3.0,success,False,2026-08-27T21:13:10.326383+09:00
Retention Index,880.0,1.0,success,False,2026-08-19T21:18:17.728493+09:00
Retention Insight,,,failed,False,2026-08-17T23:29:05.712614+09:00
Retention Installment,,,failed,False,2026-08-23T16:13:37.104049+09:00
Retention Interest,,,failed,False,2026-08-23T13:45:46.037867+09:00
Retention Item,,,failed,False,2026-08-21T01:53:25.014716+09:00
Retention Journal,,,failed,False,2026-08-18T23:52:03.121667+09:00
Retention Keeper,,,failed,False,2026-08-17T23:10:02.526148+09:00
Retention Kit,50.0,7.0,success,False,2026-08-27T22:45:37.997038+09:00
Retention Lab,40.0,3.0,success,False,2026-08-17T23:06:57.045511+09:00
Retention Label,140.0,0.0,success,False,2026-08-27T22:07:14.755817+09:00
Retention Ledger,,,failed,False,2026-08-17T23:05:06.987834+09:00
Retention Lens,,,failed,False,2026-08-17T22:49:21.662634+09:00
Retention Level,140.0,0.0,success,False,2026-08-19T20:43:33.378176+09:00
Retention Link,,,failed,False,2026-08-23T03:21:36.606838+09:00
Retention List,1300.0,0.0,success,True,2026-08-19T22:03:59.574342+09:00
Retention Loan,40.0,10.0,success,False,2026-08-21T02:06:40.735071+09:00
Retention Locator,10.0,95.0,success,False,2026-08-19T00:02:58.410814+09:00
Retention Lock,260.0,4.0,success,False,2026-08-17T23:09:00.584407+09:00
Retention Log,590.0,3.0,success,False,2026-08-19T13:24:14.979285+09:00
Retention Loop,140.0,8.0,success,False,2026-08-17T23:12:34.850967+09:00
Retention Manager,880.0,4.0,success,False,2026-08-17T23:27:58.060156+09:00
Retention Manual,10.0,0.0,success,False,2026-08-27T22:07:17.176446+09:00
Retention Map,20.0,0.0,success,False,2026-08-17T23:33:34.870792+09:00
Retention Margin,20.0,0.0,success,False,2026-08-23T02:56:06.421775+09:00
Retention Markup,,,failed,False,2026-08-23T16:38:47.783567+09:00
Retention Memo,,,failed,False,2026-08-21T00:26:10.737162+09:00
Retention Message,50.0,8.0,success,False,2026-08-27T23:11:08.284499+09:00
Retention Meter,,,failed,False,2026-08-17T23:26:16.391059+09:00
Retention Metrics,720.0,7.0,success,False,2026-08-17T23:08:02.086738+09:00
Retention Monitor,,,failed,False,2026-08-17T23:13:17.884356+09:00
Retention Navigator,,,failed,False,2026-08-17T23:29:41.239949+09:00
Retention Nexus,,,failed,False,2026-08-17T23:27:29.516151+09:00
Retention Node,,,failed,False,2026-08-17T23:27:14.779355+09:00
Retention Note,,,failed,False,2026-08-19T13:25:31.059454+09:00
Retention Notification,,,failed,False,2026-08-27T22:45:32.227130+09:00
Retention Number,320.0,1.0,success,False,2026-08-23T03:21:28.061139+09:00
Retention Office,260.0,0.0,success,False,2026-08-19T00:03:21.455005+09:00
Retention Ops,,,failed,False,2026-08-17T23:04:05.706993+09:00
Retention Order,90.0,0.0,success,False,2026-08-19T22:03:20.182030+09:00
Retention Organizer,,,failed,False,2026-08-17T23:28:48.980231+09:00
Retention Overdue,,,failed,False,2026-08-27T21:46:01.626926+09:00
Retention Panel,260.0,6.0,success,False,2026-08-17T23:26:02.617332+09:00
Retention Pass,,,failed,False,2026-08-21T00:25:24.031302+09:00
Retention Path,,,failed,False,2026-08-17T23:14:16.588426+09:00
Retention Penalty,,,failed,False,2026-08-23T16:38:47.783567+09:00
Retention Petition,,,failed,False,2026-08-21T01:00:36.022676+09:00
Retention Pilot,,,failed,False,2026-08-17T23:12:58.115072+09:00
Retention Plan,880.0,11.0,success,False,2026-08-21T01:53:35.907769+09:00
Retention Planner,,,failed,False,2026-08-17T23:28:30.057187+09:00
Retention Playbook,30.0,28.0,success,False,2026-08-18T23:52:05.169270+09:00
Retention Point,170.0,10.0,success,False,2026-08-17T23:33:20.357749+09:00
Retention Portal,,,failed,False,2026-08-17T23:25:47.175267+09:00
Retention Preview,10.0,0.0,success,False,2026-08-28T01:03:37.882161+09:00
Retention Profile,10.0,2.0,success,False,2026-08-19T13:26:03.914310+09:00
Retention Profit,,,failed,False,2026-08-23T02:55:57.484668+09:00
Retention Proposal,10.0,2.0,success,False,2026-08-28T01:03:40.758183+09:00
Retention Pulse,,,failed,False,2026-08-17T23:07:22.346415+09:00
Retention Queue,,,failed,False,2026-08-19T21:18:40.810817+09:00
Retention Quota,10.0,0.0,success,False,2026-08-21T00:26:13.350270+09:00
Retention Radar,10.0,2.0,success,False,2026-08-17T23:07:41.199314+09:00
Retention Rail,,,failed,False,2026-08-17T23:26:43.020316+09:00
Retention Rate,14800.0,1.0,success,False,2026-08-19T20:43:39.981777+09:00
Retention Recap,,,failed,False,2026-08-21T01:02:25.178710+09:00
Retention Receipt,,,failed,False,2026-08-19T22:03:39.900427+09:00
Retention Recorder,,,failed,False,2026-08-27T23:31:14.136748+09:00
Retention Register,140.0,0.0,success,False,2026-08-17T23:29:58.873666+09:00
Retention Registry,10.0,0.0,success,False,2026-08-18T23:52:05.169270+09:00
Retention Relay,,,failed,False,2026-08-17T23:31:21.435106+09:00
Retention Reminder,,,failed,False,2026-08-19T21:17:57.500423+09:00
Retention Report,170.0,3.0,success,False,2026-08-19T13:23:50.629735+09:00
Retention Repository,,,failed,False,2026-08-27T23:11:17.164347+09:00
Retention Result,,,failed,False,2026-08-28T00:46:19.889028+09:00
Retention Roadmap,,,failed,False,2026-08-18T23:52:05.169270+09:00
Retention Route,,,failed,False,2026-08-17T23:26:30.057004+09:00
Retention Rule,140.0,0.0,success,False,2026-08-23T03:21:42.958973+09:00
Retention Sale,,,failed,False,2026-08-21T02:23:42.049826+09:00
Retention Scale,110.0,0.0,success,False,2026-08-17T23:04:42.962346+09:00
Retention Scheduler,,,failed,False,2026-08-17T23:06:12.301553+09:00
Retention Scope,,,failed,False,2026-08-17T23:32:45.524936+09:00
Retention Score,40.0,2.0,success,False,2026-08-19T13:25:11.972380+09:00
Retention Sentry,,,failed,False,2026-08-17T23:27:45.087946+09:00
Retention Sheet,40.0,9.0,success,False,2026-08-19T13:24:56.019665+09:00
Retention Shortfall,,,failed,False,2026-08-27T21:46:03.878331+09:00
Retention Signal,20.0,0.0,success,False,2026-08-17T23:32:28.634296+09:00
Retention Slip,30.0,3.0,success,False,2026-08-19T22:04:30.317454+09:00
Retention Slot,,,failed,False,2026-08-19T22:04:53.715623+09:00
Retention Snapshot,,,failed,False,2026-08-18T23:52:05.169270+09:00
Retention Stage,50.0,1.0,success,False,2026-08-28T00:46:16.444390+09:00
Retention Stake,,,failed,False,2026-08-23T02:56:03.136754+09:00
Retention Statement,170.0,0.0,success,False,2026-08-21T00:25:50.747055+09:00
Retention Station,,,failed,False,2026-08-17T23:24:52.278887+09:00
Retention Status,30.0,0.0,success,False,2026-08-19T20:43:01.232728+09:00
Retention Stipend,70.0,0.0,success,False,2026-08-23T13:45:48.186439+09:00
Retention Streak,,,failed,False,2026-08-28T00:46:24.719309+09:00
Retention Stub,,,failed,False,2026-08-21T00:25:45.592013+09:00
Retention Studio,10.0,1.0,success,False,2026-08-17T23:24:30.748337+09:00
Retention Suite,,,failed,False,2026-08-17T23:04:21.710025+09:00
Retention Sum,590.0,0.0,success,False,2026-08-21T02:23:24.043193+09:00
Retention Summary,10.0,0.0,success,False,2026-08-19T21:17:42.432873+09:00
Retention Sync,,,failed,False,2026-08-17T23:30:26.611269+09:00
Retention Table,90.0,0.0,success,False,2026-08-19T22:04:10.383393+09:00
Retention Tag,90.0,0.0,success,False,2026-08-19T13:25:53.621438+09:00
Retention Tally,,,failed,False,2026-08-21T00:25:57.789837+09:00
Retention Tariff,,,failed,False,2026-08-21T02:40:47.085181+09:00
Retention Tax,320.0,1.0,success,False,2026-08-21T02:06:36.583403+09:00
Retention Ticket,40.0,0.0,success,False,2026-08-19T21:18:28.771702+09:00
Retention Tier,,,failed,False,2026-08-28T00:46:24.719309+09:00
Retention Timeline,20.0,0.0,success,False,2026-08-19T21:17:49.852730+09:00
Retention Timer,,,failed,False,2026-08-28T00:21:58.401743+09:00
Retention Toll,,,failed,False,2026-08-21T02:40:41.069615+09:00
Retention Toolbox,,,failed,False,2026-08-28T00:22:04.244333+09:00
Retention Toolkit,20.0,21.0,success,False,2026-08-18T23:52:05.169270+09:00
Retention Total,,,failed,False,2026-08-27T23:11:14.046678+09:00
Retention Tracker,140.0,26.0,success,False,2026-08-17T23:11:19.275980+09:00
Retention Trail,,,failed,False,2026-08-17T23:06:35.609380+09:00
Retention Trend,,,failed,False,2026-08-28T01:03:33.167279+09:00
Retention Trial,,,failed,False,2026-08-27T21:13:04.814179+09:00
Retention Unit,30.0,0.0,success,False,2026-08-21T01:53:31.985132+09:00
Retention Update,30.0,0.0,success,False,2026-08-19T20:43:44.541784+09:00
Retention Value,210.0,0.0,success,False,2026-08-23T02:56:00.191983+09:00
Retention Vault,,,failed,False,2026-08-17T23:14:36.904616+09:00
Retention Version,,,failed,False,2026-08-23T03:21:32.618577+09:00
Retention View,,,failed,False,2026-08-19T20:43:13.193243+09:00
Retention Voucher,10.0,0.0,success,False,2026-08-21T00:25:29.281502+09:00
Retention Watch,,,failed,False,2026-08-17T23:05:30.117127+09:00
Retention Wave,,,failed,False,2026-08-17T23:33:06.954832+09:00
Retention Widget,,,failed,False,2026-08-27T23:11:14.046678+09:00
Retention Workbench,,,failed,False,2026-08-18T23:52:05.169270+09:00
Retention Worksheet,,,failed,False,2026-08-27T22:07:19.639710+09:00
Retention Workshop,10.0,14.0,success,False,2026-08-28T00:21:58.401743+09:00
Retention Zone,40.0,0.0,success,False,2026-08-17T23:08:40.393362+09:00
Retouching Advance,,,failed,False,2026-08-23T16:12:24.179825+09:00
Retouching Advisory,,,failed,False,2026-08-21T01:08:40.341221+09:00
Retouching Allowance,,,failed,False,2026-08-21T02:37:01.944995+09:00
Retouching Analyzer,,,failed,False,2026-08-27T23:54:07.466946+09:00
Retouching Arrears,,,failed,False,2026-08-23T16:12:20.898327+09:00
Retouching Assistant,10.0,0.0,success,False,2026-08-19T12:27:39.796113+09:00
Retouching Atlas,,,failed,False,2026-08-19T12:27:31.967553+09:00
Retouching Attribute,,,failed,False,2026-08-23T13:05:30.348326+09:00
Retouching Base,,,failed,False,2026-08-19T12:26:33.810025+09:00
Retouching Beacon,,,failed,False,2026-08-19T12:25:55.231488+09:00
Retouching Bill,,,failed,False,2026-08-19T22:01:57.019761+09:00
Retouching Board,,,failed,False,2026-08-19T12:26:41.238307+09:00
Retouching Book,10.0,30.0,success,False,2026-08-19T22:02:50.225246+09:00
Retouching Bridge,,,failed,False,2026-08-19T12:26:02.355075+09:00
Retouching Brief,,,failed,False,2026-08-21T01:08:31.890939+09:00
Retouching Bulletin,,,failed,False,2026-08-21T01:08:27.933703+09:00
Retouching Calendar,,,failed,False,2026-08-19T12:23:01.868954+09:00
Retouching Card,,,failed,False,2026-08-19T13:31:00.342217+09:00
Retouching Cascade,,,failed,False,2026-08-19T12:25:57.716794+09:00
Retouching Cash,,,failed,False,2026-08-21T02:21:00.139536+09:00
Retouching Cashback,,,failed,False,2026-08-27T21:14:45.418872+09:00
Retouching Catalog,,,failed,False,2026-08-19T21:19:17.312411+09:00
Retouching Category,,,failed,False,2026-08-23T13:05:25.615596+09:00
Retouching Center,,,failed,False,2026-08-19T12:26:55.574795+09:00
Retouching Chain,,,failed,False,2026-08-19T12:27:18.963883+09:00
Retouching Charge,,,failed,False,2026-08-21T02:36:50.213443+09:00
Retouching Check,,,failed,False,2026-08-19T13:31:17.650623+09:00
Retouching Checker,,,failed,False,2026-08-27T23:53:59.228828+09:00
Retouching Checklist,,,failed,False,2026-08-19T21:18:14.475118+09:00
Retouching Circular,,,failed,False,2026-08-21T01:08:36.289589+09:00
Retouching Code,,,failed,False,2026-08-19T22:02:19.043714+09:00
Retouching Companion,,,failed,False,2026-08-19T12:27:54.241154+09:00
Retouching Comparison,,,failed,False,2026-08-28T01:04:19.597729+09:00
Retouching Compass,,,failed,False,2026-08-19T12:25:50.876922+09:00
Retouching Confirmation,,,failed,False,2026-08-21T01:08:49.317162+09:00
Retouching Console,,,failed,False,2026-08-19T12:27:02.281369+09:00
Retouching Core,,,failed,False,2026-08-19T12:26:37.096559+09:00
Retouching Cost,,,failed,False,2026-08-21T02:15:19.980644+09:00
Retouching Count,,,failed,False,2026-08-27T22:46:50.983424+09:00
Retouching Counter,,,failed,False,2026-08-19T12:23:36.492658+09:00
Retouching Coupon,,,failed,False,2026-08-27T21:14:38.915931+09:00
Retouching Deal,,,failed,False,2026-08-21T01:59:50.051478+09:00
Retouching Debt,,,failed,False,2026-08-21T02:20:53.673511+09:00
Retouching Deck,,,failed,False,2026-08-19T12:26:44.704983+09:00
Retouching Desk,20.0,14.0,success,False,2026-08-19T12:25:43.100247+09:00
Retouching Detail,,,failed,False,2026-08-23T03:15:41.007114+09:00
Retouching Detector,,,failed,False,2026-08-27T23:54:04.696724+09:00
Retouching Digest,,,failed,False,2026-08-19T20:45:50.851524+09:00
Retouching Directory,,,failed,False,2026-08-19T12:23:14.200437+09:00
Retouching Discount,,,failed,False,2026-08-23T16:12:15.158683+09:00
Retouching Dossier,,,failed,False,2026-08-21T01:08:54.756215+09:00
Retouching Draft,,,failed,False,2026-08-19T20:46:02.034696+09:00
Retouching Due,,,failed,False,2026-08-23T15:50:54.236884+09:00
Retouching Duty,,,failed,False,2026-08-21T02:36:53.900229+09:00
Retouching Engine,,,failed,False,2026-08-19T12:27:39.796113+09:00
Retouching Entry,,,failed,False,2026-08-21T01:09:08.778546+09:00
Retouching Estimate,,,failed,False,2026-08-19T21:19:03.809657+09:00
Retouching Estimator,,,failed,False,2026-08-27T23:53:51.631383+09:00
Retouching Excerpt,,,failed,False,2026-08-21T01:09:04.636561+09:00
Retouching Extension,,,failed,False,2026-08-23T16:37:54.537855+09:00
Retouching Fare,,,failed,False,2026-08-21T02:15:26.957875+09:00
Retouching Fee,,,failed,False,2026-08-21T01:59:37.170622+09:00
Retouching Feed,,,failed,False,2026-08-19T20:45:56.516624+09:00
Retouching File,,,failed,False,2026-08-19T20:45:21.816276+09:00
Retouching Finder,,,failed,False,2026-08-19T12:23:26.790500+09:00
Retouching Fine,,,failed,False,2026-08-23T02:52:49.123666+09:00
Retouching Flag,,,failed,False,2026-08-21T00:35:46.572141+09:00
Retouching Flow,,,failed,False,2026-08-19T12:25:34.182508+09:00
Retouching Forge,,,failed,False,2026-08-19T12:25:57.716794+09:00
Retouching Form,,,failed,False,2026-08-19T13:30:50.408917+09:00
Retouching Format,,,failed,False,2026-08-23T13:05:32.456522+09:00
Retouching Frame,,,failed,False,2026-08-19T12:26:30.202611+09:00
Retouching Fund,,,failed,False,2026-08-21T02:20:57.219379+09:00
Retouching Gate,,,failed,False,2026-08-19T12:27:27.714904+09:00
Retouching Generator,,,failed,False,2026-08-27T23:33:44.180907+09:00
Retouching Giveaway,,,failed,False,2026-08-27T21:14:56.322045+09:00
Retouching Grid,,,failed,False,2026-08-19T12:26:15.531413+09:00
Retouching Guarantee,,,failed,False,2026-08-28T01:04:22.068071+09:00
Retouching Guardian,,,failed,False,2026-08-28T00:23:47.118724+09:00
Retouching Helpdesk,,,failed,False,2026-08-27T22:46:56.250105+09:00
Retouching Helper,,,failed,False,2026-08-28T00:23:53.902588+09:00
Retouching History,,,failed,False,2026-08-19T20:45:14.737555+09:00
Retouching Hotline,,,failed,False,2026-08-19T21:19:27.756536+09:00
Retouching Hub,10.0,,success,False,2026-08-19T12:25:38.632283+09:00
Retouching Identifier,,,failed,False,2026-08-23T13:05:23.446570+09:00
Retouching Incentive,,,failed,False,2026-08-27T21:14:54.146372+09:00
Retouching Index,,,failed,False,2026-08-19T21:18:28.771702+09:00
Retouching Installment,,,failed,False,2026-08-23T16:12:18.349007+09:00
Retouching Item,,,failed,False,2026-08-21T01:59:39.898712+09:00
Retouching Journal,,,failed,False,2026-08-19T12:22:54.076804+09:00
Retouching Keeper,,,failed,False,2026-08-19T12:27:36.694411+09:00
Retouching Kit,10.0,10.0,success,False,2026-08-27T22:46:48.643972+09:00
Retouching Lab,70.0,57.0,success,False,2026-08-19T12:26:47.247206+09:00
Retouching Label,,,failed,False,2026-08-27T22:08:54.322972+09:00
Retouching Ledger,,,failed,False,2026-08-19T12:26:37.096559+09:00
Retouching Level,,,failed,False,2026-08-19T20:45:32.308725+09:00
Retouching Link,,,failed,False,2026-08-23T03:15:35.333103+09:00
Retouching List,,,failed,False,2026-08-19T22:02:29.042116+09:00
Retouching Loan,,,failed,False,2026-08-21T02:15:31.230859+09:00
Retouching Locator,,,failed,False,2026-08-19T12:23:14.200437+09:00
Retouching Log,,,failed,False,2026-08-19T13:30:45.657035+09:00
Retouching Loop,,,failed,False,2026-08-19T12:26:15.531413+09:00
Retouching Manager,10.0,0.0,success,False,2026-08-19T12:27:36.694411+09:00
Retouching Manual,,,failed,False,2026-08-27T22:09:01.274163+09:00
Retouching Map,,,failed,False,2026-08-19T12:26:26.109725+09:00
Retouching Marker,,,failed,False,2026-08-23T13:26:52.809343+09:00
Retouching Markup,,,failed,False,2026-08-23T16:37:49.888860+09:00
Retouching Memo,,,failed,False,2026-08-21T00:35:34.561312+09:00
Retouching Monitor,10.0,57.0,success,False,2026-08-19T12:27:49.196174+09:00
Retouching Nexus,,,failed,False,2026-08-19T12:27:27.714904+09:00
Retouching Note,,,failed,False,2026-08-19T13:31:44.608385+09:00
Retouching Notification,,,failed,False,2026-08-27T22:46:42.853394+09:00
Retouching Number,,,failed,False,2026-08-23T03:15:28.674871+09:00
Retouching Office,,,failed,False,2026-08-19T12:23:26.790500+09:00
Retouching Ops,,,failed,False,2026-08-19T12:22:47.160144+09:00
Retouching Order,,,failed,False,2026-08-19T22:01:48.957551+09:00
Retouching Overdue,,,failed,False,2026-08-27T21:46:30.971214+09:00
Retouching Panel,170.0,22.0,success,False,2026-08-19T12:27:05.323167+09:00
Retouching Path,,,failed,False,2026-08-19T12:26:22.946559+09:00
Retouching Penalty,,,failed,False,2026-08-23T16:37:49.888860+09:00
Retouching Petition,,,failed,False,2026-08-21T01:08:45.073430+09:00
Retouching Plan,,,failed,False,2026-08-21T01:59:47.241476+09:00
Retouching Planner,,,failed,False,2026-08-19T12:27:46.282540+09:00
Retouching Playbook,,,failed,False,2026-08-19T12:22:47.160144+09:00
Retouching Point,10.0,0.0,success,False,2026-08-19T12:26:26.109725+09:00
Retouching Portal,,,failed,False,2026-08-19T12:26:57.441352+09:00
Retouching Preview,,,failed,False,2026-08-28T01:04:19.597729+09:00
Retouching Profile,,,failed,False,2026-08-19T13:32:02.705004+09:00
Retouching Profit,,,failed,False,2026-08-23T02:52:37.533661+09:00
Retouching Proposal,,,failed,False,2026-08-28T01:04:22.068071+09:00
Retouching Queue,,,failed,False,2026-08-19T21:18:51.088595+09:00
Retouching Quota,,,failed,False,2026-08-21T00:35:39.216644+09:00
Retouching Radar,,,failed,False,2026-08-19T12:25:43.100247+09:00
Retouching Rail,,,failed,False,2026-08-19T12:27:13.663496+09:00
Retouching Rate,20.0,19.0,success,False,2026-08-19T20:45:37.673361+09:00
Retouching Recap,,,failed,False,2026-08-21T01:08:59.079967+09:00
Retouching Receipt,,,failed,False,2026-08-19T22:02:09.365210+09:00
Retouching Redemption,,,failed,False,2026-08-23T16:37:52.353259+09:00
Retouching Register,,,failed,False,2026-08-19T12:27:54.241154+09:00
Retouching Registry,,,failed,False,2026-08-19T12:22:54.076804+09:00
Retouching Relay,,,failed,False,2026-08-19T12:25:46.286307+09:00
Retouching Reminder,,,failed,False,2026-08-19T21:18:03.656517+09:00
Retouching Report,,,failed,False,2026-08-19T13:30:35.292295+09:00
Retouching Repository,,,failed,False,2026-08-27T23:12:02.088858+09:00
Retouching Roster,,,failed,False,2026-08-19T12:24:44.570895+09:00
Retouching Route,,,failed,False,2026-08-19T12:27:08.334680+09:00
Retouching Rule,,,failed,False,2026-08-23T03:15:38.644159+09:00
Retouching Sale,,,failed,False,2026-08-21T02:21:02.332570+09:00
Retouching Sample,,,failed,False,2026-08-19T22:03:08.515859+09:00
Retouching Scale,,,failed,False,2026-08-19T12:27:05.323167+09:00
Retouching Scanner,,,failed,False,2026-08-27T23:54:02.041371+09:00
Retouching Scheduler,,,failed,False,2026-08-19T12:27:46.282540+09:00
Retouching Scope,,,failed,False,2026-08-19T12:26:11.426688+09:00
Retouching Score,,,failed,False,2026-08-19T13:31:38.491721+09:00
Retouching Sheet,,,failed,False,2026-08-19T13:31:05.950766+09:00
Retouching Signal,,,failed,False,2026-08-19T12:26:02.355075+09:00
Retouching Signature,,,failed,False,2026-08-23T13:26:52.809343+09:00
Retouching Slip,,,failed,False,2026-08-19T22:02:59.053365+09:00
Retouching Slot,,,failed,False,2026-08-19T22:03:17.563220+09:00
Retouching Stage,,,failed,False,2026-08-28T00:47:03.149821+09:00
Retouching Stake,,,failed,False,2026-08-23T02:52:43.639669+09:00
Retouching Stamp,,,failed,False,2026-08-23T13:26:55.054155+09:00
Retouching Statement,,,failed,False,2026-08-21T00:35:23.760596+09:00
Retouching Station,,,failed,False,2026-08-19T12:26:50.558135+09:00
Retouching Status,,,failed,False,2026-08-19T20:44:56.793146+09:00
Retouching Studio,170.0,7.0,success,False,2026-08-19T12:26:44.704983+09:00
Retouching Sum,,,failed,False,2026-08-21T02:31:01.801994+09:00
Retouching Summary,,,failed,False,2026-08-19T21:17:49.852730+09:00
Retouching Tab,,,failed,False,2026-08-21T00:35:52.521460+09:00
Retouching Table,,,failed,False,2026-08-19T22:02:41.688719+09:00
Retouching Tag,,,failed,False,2026-08-19T13:31:52.943506+09:00
Retouching Tariff,,,failed,False,2026-08-21T02:37:07.617432+09:00
Retouching Tax,,,failed,False,2026-08-21T02:15:31.230859+09:00
Retouching Ticket,,,failed,False,2026-08-19T21:18:38.634661+09:00
Retouching Tier,,,failed,False,2026-08-28T00:47:05.716612+09:00
Retouching Timeline,,,failed,False,2026-08-19T21:17:55.830991+09:00
Retouching Timer,,,failed,False,2026-08-28T00:23:37.982808+09:00
Retouching Toll,,,failed,False,2026-08-21T02:36:58.611410+09:00
Retouching Toolbox,,,failed,False,2026-08-28T00:23:49.555058+09:00
Retouching Tracker,,,failed,False,2026-08-19T12:25:34.182508+09:00
Retouching Trail,,,failed,False,2026-08-19T12:27:13.663496+09:00
Retouching Trial,,,failed,False,2026-08-27T21:14:49.306471+09:00
Retouching Unit,,,failed,False,2026-08-21T01:59:42.509744+09:00
Retouching Update,,,failed,False,2026-08-19T20:45:45.249853+09:00
Retouching Value,,,failed,False,2026-08-23T02:52:39.945062+09:00
Retouching Vault,,,failed,False,2026-08-19T12:25:50.876922+09:00
Retouching Version,,,failed,False,2026-08-23T03:15:32.798139+09:00
Retouching View,,,failed,False,2026-08-19T20:45:10.019254+09:00
Retouching Voucher,,,failed,False,2026-08-21T00:35:16.287713+09:00
Retouching Watch,,,failed,False,2026-08-19T12:26:06.734544+09:00
Retouching Wave,,,failed,False,2026-08-19T12:26:17.646351+09:00
Retouching Widget,,,failed,False,2026-08-27T23:11:58.068235+09:00
Retouching Worksheet,,,failed,False,2026-08-27T22:09:05.119901+09:00
Retouching Workshop,50.0,0.0,success,False,2026-08-28T00:23:47.118724+09:00
Retouching Zone,170.0,5.0,success,False,2026-08-19T12:26:55.574795+09:00
Return Advance,170.0,0.0,success,False,2026-08-23T16:12:01.471109+09:00
Return Advisory,,,failed,False,2026-08-21T01:07:51.915989+09:00
Return Allowance,480.0,1.0,success,False,2026-08-21T02:45:28.044980+09:00
Return Almanac,,,failed,False,2026-08-18T22:06:43.515975+09:00
Return Analyzer,,,failed,False,2026-08-27T23:53:29.478686+09:00
Return Anchor,,,failed,False,2026-08-17T20:43:58.581518+09:00
Return Arrears,,,failed,False,2026-08-23T16:11:58.973572+09:00
Return Assistant,,,failed,False,2026-08-17T23:23:26.681151+09:00
Return Atlas,,,failed,False,2026-08-17T20:34:40.569545+09:00
Return Attribute,,,failed,False,2026-08-23T13:04:50.850524+09:00
Return Badge,20.0,0.0,success,False,2026-08-21T00:34:47.254019+09:00
Return Balance,140.0,0.0,success,False,2026-08-23T13:45:39.021067+09:00
Return Base,90.0,14.0,success,False,2026-08-18T07:52:25.028656+09:00
Return Beacon,20.0,0.0,success,False,2026-08-17T20:48:06.680156+09:00
Return Bill,260.0,0.0,success,False,2026-08-19T21:59:55.438905+09:00
Return Bin,260.0,99.0,success,False,2026-08-19T12:24:05.330216+09:00
Return Blueprint,,,failed,False,2026-08-18T22:06:35.395449+09:00
Return Board,590.0,90.0,success,False,2026-08-17T21:38:37.304138+09:00
Return Book,2400.0,4.0,success,False,2026-08-19T22:00:47.598420+09:00
Return Bridge,30.0,0.0,success,False,2026-08-17T20:44:45.631544+09:00
Return Brief,110.0,0.0,success,False,2026-08-21T01:07:45.419245+09:00
Return Bulletin,,,failed,False,2026-08-21T01:07:41.387893+09:00
Return Cabinet,70.0,5.0,success,False,2026-08-27T23:11:34.108403+09:00
Return Calculator,22200.0,6.0,success,False,2026-08-27T23:33:29.170312+09:00
Return Calendar,20.0,1.0,success,False,2026-08-19T00:03:23.645450+09:00
Return Card,880.0,0.0,success,False,2026-08-19T13:28:58.111204+09:00
Return Cascade,,,failed,False,2026-08-17T20:45:48.787557+09:00
Return Cash,1000.0,0.0,success,True,2026-08-21T02:30:30.378357+09:00
Return Cashback,,,failed,False,2026-08-27T21:14:16.452058+09:00
Return Catalog,,,failed,False,2026-08-19T21:17:11.439811+09:00
Return Center,1000.0,5.0,success,False,2026-08-17T21:32:05.797514+09:00
Return Chain,20.0,0.0,success,False,2026-08-17T20:39:20.129592+09:00
Return Charge,390.0,0.0,success,False,2026-08-21T02:45:19.238792+09:00
Return Check,2900.0,0.0,success,True,2026-08-19T13:29:22.570342+09:00
Return Checker,2900.0,0.0,success,True,2026-08-27T23:53:21.557901+09:00
Return Checklist,,,failed,False,2026-08-19T21:16:08.184183+09:00
Return Circular,,,failed,False,2026-08-21T01:07:47.643040+09:00
Return Cockpit,,,failed,False,2026-08-17T23:06:48.111245+09:00
Return Code,1900.0,0.0,success,True,2026-08-19T22:00:20.280558+09:00
Return Codex,,,failed,False,2026-08-18T22:07:01.170489+09:00
Return Companion,,,failed,False,2026-08-17T23:25:05.910381+09:00
Return Comparison,110.0,1.0,success,False,2026-08-28T01:03:51.516264+09:00
Return Compass,,,failed,False,2026-08-17T21:30:24.502544+09:00
Return Compendium,,,failed,False,2026-08-18T22:06:52.142585+09:00
Return Confirmation,170.0,0.0,success,False,2026-08-21T01:07:58.607843+09:00
Return Console,,,failed,False,2026-08-17T20:47:25.656493+09:00
Return Contribution,10.0,0.0,success,False,2026-08-23T16:11:56.492802+09:00
Return Core,320.0,0.0,success,False,2026-08-18T07:52:33.463903+09:00
Return Cost,590.0,0.0,success,False,2026-08-21T02:14:27.987170+09:00
Return Count,140.0,0.0,success,False,2026-08-27T22:46:23.139331+09:00
Return Counter,140.0,0.0,success,False,2026-08-19T00:04:11.501446+09:00
Return Coupon,40.0,1.0,success,False,2026-08-27T21:14:16.452058+09:00
Return Dashboard,210.0,1.0,success,False,2026-08-17T23:24:49.201687+09:00
Return Deal,,,failed,False,2026-08-21T01:59:11.823228+09:00
Return Debt,320.0,1.0,success,False,2026-08-21T02:30:24.474717+09:00
Return Deck,10.0,0.0,success,False,2026-08-17T21:37:30.311680+09:00
Return Depot,320.0,12.0,success,False,2026-08-19T00:03:53.943426+09:00
Return Desk,1300.0,100.0,success,False,2026-08-17T21:34:50.586670+09:00
Return Detail,140.0,0.0,success,False,2026-08-23T03:14:55.080924+09:00
Return Detector,,,failed,False,2026-08-27T23:53:26.856284+09:00
Return Diagram,10.0,0.0,success,False,2026-08-27T22:08:26.678137+09:00
Return Dial,10.0,0.0,success,False,2026-08-17T20:45:24.269018+09:00
Return Digest,,,failed,False,2026-08-19T20:44:26.671038+09:00
Return Directory,,,failed,False,2026-08-19T00:03:31.307926+09:00
Return Discount,20.0,1.0,success,False,2026-08-23T16:11:52.886405+09:00
Return Dock,,,failed,False,2026-08-17T20:41:50.983322+09:00
Return Dossier,20.0,0.0,success,False,2026-08-21T01:08:04.647718+09:00
Return Draft,,,failed,False,2026-08-19T20:44:44.192245+09:00
Return Due,40.0,0.0,success,False,2026-08-23T15:50:38.471158+09:00
Return Duty,320.0,19.0,success,False,2026-08-21T02:45:23.002534+09:00
Return Endowment,,,failed,False,2026-08-23T15:50:44.796371+09:00
Return Engine,10.0,1.0,success,False,2026-08-17T22:46:57.477508+09:00
Return Entry,50.0,0.0,success,False,2026-08-21T01:08:15.676788+09:00
Return Estimate,30.0,3.0,success,False,2026-08-19T21:16:57.743794+09:00
Return Estimator,140.0,6.0,success,False,2026-08-27T23:53:21.557901+09:00
Return Excerpt,,,failed,False,2026-08-21T01:08:10.104042+09:00
Return Extension,110.0,1.0,success,False,2026-08-23T16:37:40.797403+09:00
Return Fare,170.0,2.0,success,False,2026-08-21T02:14:32.398981+09:00
Return Fee,2900.0,0.0,success,True,2026-08-21T01:58:56.625492+09:00
Return Feed,50.0,0.0,success,False,2026-08-19T20:44:35.831978+09:00
Return Field,20.0,0.0,success,False,2026-08-23T13:04:54.297618+09:00
Return File,9900.0,6.0,success,False,2026-08-19T20:43:57.147560+09:00
Return Finder,,,failed,False,2026-08-19T00:03:43.919454+09:00
Return Fine,10.0,0.0,success,False,2026-08-23T02:52:23.717366+09:00
Return Flag,20.0,0.0,success,False,2026-08-21T00:35:09.628137+09:00
Return Flow,390.0,0.0,success,False,2026-08-17T21:38:03.717082+09:00
Return Forge,,,failed,False,2026-08-17T20:46:51.703605+09:00
Return Form,1300.0,1.0,success,False,2026-08-19T13:28:46.213071+09:00
Return Format,1300.0,1.0,success,False,2026-08-23T13:05:00.300804+09:00
Return Frame,1000.0,14.0,success,False,2026-08-17T20:32:07.300250+09:00
Return Fund,170.0,2.0,success,False,2026-08-21T02:30:27.978125+09:00
Return Gate,20.0,22.0,success,False,2026-08-17T20:36:35.862750+09:00
Return Generator,20.0,0.0,success,False,2026-08-27T23:33:31.795696+09:00
Return Giveaway,,,failed,False,2026-08-27T21:14:25.842421+09:00
Return Graph,10.0,2.0,success,False,2026-08-27T22:08:16.098998+09:00
Return Grid,20.0,50.0,success,False,2026-08-17T20:39:49.091027+09:00
Return Guarantee,110.0,1.0,success,False,2026-08-28T01:04:00.519509+09:00
Return Guard,20.0,0.0,success,False,2026-08-18T07:43:47.974817+09:00
Return Guardian,,,failed,False,2026-08-28T00:23:17.850587+09:00
Return Guidebook,,,failed,False,2026-08-18T22:06:14.738388+09:00
Return Helpdesk,,,failed,False,2026-08-27T22:46:27.298392+09:00
Return Helper,720.0,9.0,success,False,2026-08-28T00:23:21.269207+09:00
Return History,480.0,0.0,success,False,2026-08-19T20:43:52.054689+09:00
Return Hotline,,,failed,False,2026-08-19T21:17:21.944279+09:00
Return Hub,1600.0,0.0,success,True,2026-08-17T21:36:52.396982+09:00
Return Identifier,,,failed,False,2026-08-23T13:04:48.308189+09:00
Return Incentive,10.0,0.0,success,False,2026-08-27T21:14:19.073158+09:00
Return Index,90.0,0.0,success,False,2026-08-19T21:16:19.911294+09:00
Return Insight,10.0,0.0,success,False,2026-08-17T23:12:08.094400+09:00
Return Installment,,,failed,False,2026-08-23T16:11:56.492802+09:00
Return Item,3600.0,3.0,success,False,2026-08-21T01:59:00.317369+09:00
Return Journal,30.0,0.0,success,False,2026-08-18T22:05:57.658157+09:00
Return Keeper,,,failed,False,2026-08-17T20:32:44.310093+09:00
Return Kit,590.0,2.0,success,False,2026-08-27T22:46:12.811571+09:00
Return Lab,8100.0,98.0,success,False,2026-08-17T21:35:20.515813+09:00
Return Label,8100.0,98.0,success,False,2026-08-27T22:08:21.698192+09:00
Return Ledger,20.0,0.0,success,False,2026-08-17T21:40:51.783967+09:00
Return Lens,,,failed,False,2026-08-17T20:33:16.020559+09:00
Return Level,210.0,0.0,success,False,2026-08-19T20:44:03.742658+09:00
Return Link,50.0,1.0,success,False,2026-08-23T03:14:46.268297+09:00
Return List,170.0,0.0,success,False,2026-08-19T22:00:29.201659+09:00
Return Loan,590.0,2.0,success,False,2026-08-21T02:14:40.877635+09:00
Return Locator,,,failed,False,2026-08-19T00:03:38.462918+09:00
Return Lock,50.0,9.0,success,False,2026-08-17T20:35:08.080059+09:00
Return Log,1600.0,0.0,success,True,2026-08-19T13:28:36.830433+09:00
Return Loop,480.0,2.0,success,False,2026-08-17T20:40:36.395454+09:00
Return Manager,90.0,17.0,success,False,2026-08-17T20:31:33.560642+09:00
Return Manual,70.0,0.0,success,False,2026-08-27T22:08:24.051026+09:00
Return Map,140.0,0.0,success,False,2026-08-17T20:34:16.019094+09:00
Return Memo,110.0,0.0,success,False,2026-08-21T00:35:03.505181+09:00
Return Message,210.0,0.0,success,False,2026-08-27T23:11:28.090319+09:00
Return Meter,,,failed,False,2026-08-17T20:44:22.162347+09:00
Return Metrics,50.0,0.0,success,False,2026-08-17T23:24:23.365405+09:00
Return Monitor,30.0,0.0,success,False,2026-08-17T23:24:03.266981+09:00
Return Navigator,,,failed,False,2026-08-17T23:13:49.973223+09:00
Return Nexus,,,failed,False,2026-08-17T20:35:38.392873+09:00
Return Node,30.0,0.0,success,False,2026-08-17T20:37:32.011303+09:00
Return Note,390.0,1.0,success,False,2026-08-19T13:29:52.884526+09:00
Return Notification,20.0,0.0,success,False,2026-08-27T22:46:12.811571+09:00
Return Number,320.0,0.0,success,False,2026-08-23T03:14:39.191196+09:00
Return Office,8100.0,6.0,success,False,2026-08-19T00:04:01.106556+09:00
Return Ops,,,failed,False,2026-08-17T23:25:39.196440+09:00
Return Order,1000.0,2.0,success,False,2026-08-19T21:59:46.400279+09:00
Return Organizer,10.0,,success,False,2026-08-17T23:04:56.078956+09:00
Return Outpost,40.0,0.0,success,False,2026-08-19T00:23:43.046041+09:00
Return Overdraft,,,failed,False,2026-08-23T15:50:40.596656+09:00
Return Overdue,,,failed,False,2026-08-27T21:46:15.571619+09:00
Return Panel,110.0,49.0,success,False,2026-08-17T20:46:12.433556+09:00
Return Pass,90.0,0.0,success,False,2026-08-21T00:34:38.752919+09:00
Return Path,1600.0,4.0,success,False,2026-08-17T20:37:03.531282+09:00
Return Penalty,10.0,0.0,success,False,2026-08-23T16:37:37.262949+09:00
Return Petition,,,failed,False,2026-08-21T01:07:56.327187+09:00
Return Pilot,20.0,0.0,success,False,2026-08-17T21:35:52.306880+09:00
Return Plan,70.0,25.0,success,False,2026-08-21T01:59:08.747160+09:00
Return Planner,,,failed,False,2026-08-17T23:10:33.409769+09:00
Return Playbook,10.0,0.0,success,False,2026-08-18T22:05:47.884963+09:00
Return Point,720.0,0.0,success,False,2026-08-17T20:36:06.570384+09:00
Return Portal,2400.0,16.0,success,False,2026-08-17T20:48:44.119140+09:00
Return Preview,,,failed,False,2026-08-28T01:03:55.063070+09:00
Return Profile,70.0,0.0,success,False,2026-08-19T13:30:13.142544+09:00
Return Profit,170.0,3.0,success,False,2026-08-23T02:58:45.466254+09:00
Return Proposal,10.0,0.0,success,False,2026-08-28T01:03:55.063070+09:00
Return Pulse,,,failed,False,2026-08-17T20:38:53.767345+09:00
Return Queue,,,failed,False,2026-08-19T21:16:45.147013+09:00
Return Radar,,,failed,False,2026-08-17T21:33:42.291802+09:00
Return Rail,40.0,23.0,success,False,2026-08-17T20:41:00.568700+09:00
Return Rate,12100.0,1.0,success,False,2026-08-19T20:44:10.013145+09:00
Return Recap,,,failed,False,2026-08-21T01:08:06.645069+09:00
Return Receipt,2400.0,2.0,success,False,2026-08-19T22:00:08.446877+09:00
Return Recorder,,,failed,False,2026-08-27T23:33:31.795696+09:00
Return Register,720.0,87.0,success,False,2026-08-17T23:08:34.451093+09:00
Return Registry,,,failed,False,2026-08-18T22:06:25.984558+09:00
Return Relay,,,failed,False,2026-08-17T21:32:45.123730+09:00
Return Reminder,,,failed,False,2026-08-19T21:15:58.285929+09:00
Return Report,110.0,1.0,success,False,2026-08-19T13:28:26.877196+09:00
Return Repository,,,failed,False,2026-08-27T23:11:39.748613+09:00
Return Roadmap,,,failed,False,2026-08-18T22:07:07.445674+09:00
Return Roster,,,failed,False,2026-08-19T00:36:46.213084+09:00
Return Route,390.0,3.0,success,False,2026-08-17T20:42:36.789908+09:00
Return Rule,,,failed,False,2026-08-23T03:14:51.168783+09:00
Return Sale,260.0,58.0,success,False,2026-08-21T02:30:33.788820+09:00
Return Sample,70.0,0.0,success,False,2026-08-19T22:01:08.341225+09:00
Return Scale,9900.0,0.0,success,True,2026-08-17T20:43:30.530213+09:00
Return Scanner,50.0,8.0,success,False,2026-08-27T23:53:23.914629+09:00
Return Scheduler,,,failed,False,2026-08-17T23:23:45.943375+09:00
Return Scope,,,failed,False,2026-08-17T20:41:20.787117+09:00
Return Score,20.0,0.0,success,False,2026-08-19T13:29:43.800182+09:00
Return Sentry,,,failed,False,2026-08-17T20:33:47.539654+09:00
Return Serial,30.0,0.0,success,False,2026-08-23T13:26:30.213560+09:00
Return Sheet,140.0,0.0,success,False,2026-08-19T13:29:07.755274+09:00
Return Signal,90.0,3.0,success,False,2026-08-17T20:43:01.991108+09:00
Return Signature,30.0,0.0,success,False,2026-08-23T13:26:32.402839+09:00
Return Slip,720.0,6.0,success,False,2026-08-19T22:00:58.577087+09:00
Return Slot,50.0,1.0,success,False,2026-08-19T22:01:17.483163+09:00
Return Snapshot,,,failed,False,2026-08-18T22:06:05.649081+09:00
Return Stage,,,failed,False,2026-08-28T00:46:47.850580+09:00
Return Stake,,,failed,False,2026-08-23T02:58:49.315026+09:00
Return Stamp,480.0,100.0,success,False,2026-08-23T13:26:38.136224+09:00
Return Statement,2900.0,0.0,success,True,2026-08-21T00:34:57.023815+09:00
Return Station,90.0,0.0,success,False,2026-08-17T21:34:17.965302+09:00
Return Status,1000.0,0.0,success,True,2026-08-19T20:43:36.722310+09:00
Return Streak,90.0,0.0,success,False,2026-08-28T00:46:47.850580+09:00
Return Stub,,,failed,False,2026-08-21T00:34:51.514854+09:00
Return Studio,1300.0,11.0,success,False,2026-08-17T21:36:26.445152+09:00
Return Subsidy,,,failed,False,2026-08-23T15:50:42.648286+09:00
Return Suite,,,failed,False,2026-08-17T23:33:28.426699+09:00
Return Sum,50.0,0.0,success,False,2026-08-21T02:30:21.260254+09:00
Return Summary,90.0,1.0,success,False,2026-08-19T21:15:37.050210+09:00
Return Surtax,,,failed,False,2026-08-23T15:50:44.796371+09:00
Return Sync,,,failed,False,2026-08-17T21:39:28.354494+09:00
Return Table,260.0,7.0,success,False,2026-08-19T22:00:41.038270+09:00
Return Tag,320.0,15.0,success,False,2026-08-19T13:30:02.018673+09:00
Return Tally,10.0,0.0,success,False,2026-08-21T00:34:59.250399+09:00
Return Tariff,20.0,0.0,success,False,2026-08-21T02:45:31.753294+09:00
Return Tax,246000.0,43.0,success,False,2026-08-21T02:14:36.179977+09:00
Return Ticket,5400.0,13.0,success,False,2026-08-19T21:16:30.496623+09:00
Return Tier,,,failed,False,2026-08-28T00:46:54.511345+09:00
Return Timeline,50.0,0.0,success,False,2026-08-19T21:15:46.366866+09:00
Return Timer,,,failed,False,2026-08-28T00:23:14.492376+09:00
Return Token,30.0,0.0,success,False,2026-08-23T13:26:32.402839+09:00
Return Toll,10.0,0.0,success,False,2026-08-21T02:45:25.368857+09:00
Return Toolbox,,,failed,False,2026-08-28T00:23:21.269207+09:00
Return Toolkit,,,failed,False,2026-08-18T22:05:40.235062+09:00
Return Total,4400.0,1.0,success,False,2026-08-27T23:11:31.507435+09:00
Return Tracker,880.0,0.0,success,False,2026-08-17T21:41:31.698252+09:00
Return Trail,,,failed,False,2026-08-17T20:40:15.034726+09:00
Return Trend,,,failed,False,2026-08-28T01:03:48.385418+09:00
Return Trial,,,failed,False,2026-08-27T21:14:19.073158+09:00
Return Unit,50.0,31.0,success,False,2026-08-21T01:59:06.761411+09:00
Return Update,30.0,0.0,success,False,2026-08-19T20:44:19.706681+09:00
Return Value,1300.0,0.0,success,True,2026-08-23T02:58:49.315026+09:00
Return Vault,,,failed,False,2026-08-17T21:31:35.848823+09:00
Return View,70.0,0.0,success,False,2026-08-19T20:43:41.671766+09:00
Return Voucher,210.0,0.0,success,False,2026-08-21T00:34:42.810397+09:00
Return Wallet,110.0,0.0,success,False,2026-08-27T22:46:20.664142+09:00
Return Watch,50.0,6.0,success,False,2026-08-17T20:42:11.427186+09:00
Return Wave,,,failed,False,2026-08-17T20:38:03.705761+09:00
Return Widget,,,failed,False,2026-08-27T23:11:34.108403+09:00
Return Window,320.0,0.0,success,False,2026-08-19T12:24:44.570895+09:00
Return Workbench,,,failed,False,2026-08-18T22:05:30.177500+09:00
Return Worksheet,20.0,0.0,success,False,2026-08-27T22:08:24.051026+09:00
Return Zone,40.0,0.0,success,False,2026-08-17T21:30:57.458125+09:00
Review Advisory,,,failed,False,2026-08-21T01:09:01.082637+09:00
Review Allowance,,,failed,False,2026-08-21T02:40:30.595557+09:00
Review Almanac,,,failed,False,2026-08-18T22:05:10.153828+09:00
Review Analyzer,110.0,19.0,success,False,2026-08-27T23:55:28.059641+09:00
Review Anchor,10.0,4.0,success,False,2026-08-17T21:33:32.175377+09:00
Review Announcement,,,failed,False,2026-08-27T23:34:10.423222+09:00
Review Assistant,70.0,13.0,success,False,2026-08-17T23:28:54.506937+09:00
Review Atlas,260.0,0.0,success,False,2026-08-17T20:41:42.376478+09:00
Review Attribute,,,failed,False,2026-08-23T13:08:27.240954+09:00
Review Badge,260.0,12.0,success,False,2026-08-21T00:34:40.769437+09:00
Review Base,90.0,11.0,success,False,2026-08-17T20:38:41.975413+09:00
Review Beacon,,,failed,False,2026-08-17T21:37:55.576177+09:00
Review Blueprint,10.0,0.0,success,False,2026-08-18T22:05:00.347281+09:00
Review Board,2400.0,1.0,success,False,2026-08-17T20:35:59.491401+09:00
Review Book,74000.0,6.0,success,False,2026-08-19T21:54:53.460475+09:00
Review Bridge,50.0,1.0,success,False,2026-08-17T21:34:37.066296+09:00
Review Brief,70.0,0.0,success,False,2026-08-21T01:08:51.801540+09:00
Review Bulletin,,,failed,False,2026-08-21T01:08:47.143646+09:00
Review Cabinet,210.0,8.0,success,False,2026-08-27T23:12:29.033332+09:00
Review Calendar,170.0,22.0,success,False,2026-08-18T23:59:27.223478+09:00
Review Card,2900.0,100.0,success,False,2026-08-19T13:30:05.934954+09:00
Review Cascade,,,failed,False,2026-08-17T21:35:44.584576+09:00
Review Cash,210.0,0.0,success,False,2026-08-21T02:24:04.256033+09:00
Review Catalog,110.0,0.0,success,False,2026-08-19T21:07:45.336017+09:00
Review Category,40.0,0.0,success,False,2026-08-23T13:08:24.927067+09:00
Review Center,,,failed,False,2026-08-17T21:41:53.145173+09:00
Review Chain,10.0,0.0,success,False,2026-08-17T20:46:01.536512+09:00
Review Charge,50.0,0.0,success,False,2026-08-21T02:40:18.502872+09:00
Review Check,1600.0,1.0,success,False,2026-08-19T13:30:42.478470+09:00
Review Checker,1600.0,1.0,success,False,2026-08-27T23:55:17.807220+09:00
Review Checklist,210.0,0.0,success,False,2026-08-19T21:06:51.339410+09:00
Review Circular,,,failed,False,2026-08-21T01:08:57.015500+09:00
Review Cockpit,,,failed,False,2026-08-17T23:09:52.206266+09:00
Review Code,14800.0,22.0,success,False,2026-08-19T21:54:22.632140+09:00
Review Codex,70.0,6.0,success,False,2026-08-18T22:05:27.658262+09:00
Review Companion,1900.0,0.0,success,True,2026-08-17T23:30:16.319777+09:00
Review Comparison,320.0,1.0,success,False,2026-08-28T01:06:18.481825+09:00
Review Compass,10.0,0.0,success,False,2026-08-17T21:39:15.761980+09:00
Review Compendium,,,failed,False,2026-08-18T22:05:19.741515+09:00
Review Confirmation,30.0,0.0,success,False,2026-08-21T01:09:08.778546+09:00
Review Console,140.0,16.0,success,False,2026-08-17T21:37:17.917122+09:00
Review Copayment,,,failed,False,2026-08-23T16:37:21.516331+09:00
Review Core,10.0,0.0,success,False,2026-08-17T20:37:55.339961+09:00
Review Cost,90.0,0.0,success,False,2026-08-21T02:07:41.553019+09:00
Review Count,110.0,11.0,success,False,2026-08-27T22:47:02.636160+09:00
Review Counter,110.0,11.0,success,False,2026-08-19T00:00:22.759146+09:00
Review Dashboard,880.0,1.0,success,False,2026-08-17T23:30:03.516281+09:00
Review Deal,390.0,2.0,success,False,2026-08-21T01:50:46.788824+09:00
Review Debt,10.0,10.0,success,False,2026-08-21T02:23:55.522760+09:00
Review Deck,70.0,0.0,success,False,2026-08-17T20:34:58.202084+09:00
Review Depot,,,failed,False,2026-08-19T00:00:05.096380+09:00
Review Desk,20.0,19.0,success,False,2026-08-17T20:32:32.905502+09:00
Review Detail,880.0,0.0,success,False,2026-08-23T03:20:46.771409+09:00
Review Detector,480.0,0.0,success,False,2026-08-27T23:55:24.915525+09:00
Review Dial,,,failed,False,2026-08-17T21:35:11.471835+09:00
Review Digest,20.0,1.0,success,False,2026-08-19T20:48:23.205403+09:00
Review Directory,40.0,2.0,success,False,2026-08-18T23:59:34.906916+09:00
Review Dock,10.0,0.0,success,False,2026-08-17T21:30:47.592348+09:00
Review Dossier,,,failed,False,2026-08-21T01:09:15.818493+09:00
Review Draft,70.0,1.0,success,False,2026-08-19T20:48:35.358478+09:00
Review Due,90.0,0.0,success,False,2026-08-23T15:53:05.427640+09:00
Review Duty,10.0,0.0,success,False,2026-08-21T02:40:25.117501+09:00
Review Engine,50.0,18.0,success,False,2026-08-17T23:06:20.939022+09:00
Review Entry,,,failed,False,2026-08-21T01:09:26.967706+09:00
Review Estimate,30.0,1.0,success,False,2026-08-19T21:07:34.937888+09:00
Review Estimator,,,failed,False,2026-08-27T23:55:17.807220+09:00
Review Excerpt,,,failed,False,2026-08-21T01:09:25.502385+09:00
Review Extension,140.0,4.0,success,False,2026-08-23T16:37:24.399501+09:00
Review Fare,,,failed,False,2026-08-21T02:07:53.857202+09:00
Review Fee,90.0,0.0,success,False,2026-08-21T01:50:23.005803+09:00
Review Feed,90.0,3.0,success,False,2026-08-19T20:48:28.899410+09:00
Review Field,10.0,0.0,success,False,2026-08-23T13:08:30.246419+09:00
Review File,140.0,1.0,success,False,2026-08-19T20:47:55.040652+09:00
Review Finder,70.0,4.0,success,False,2026-08-18T23:59:53.624295+09:00
Review Fine,260.0,0.0,success,False,2026-08-23T02:55:38.114180+09:00
Review Flag,30.0,2.0,success,False,2026-08-21T00:35:03.505181+09:00
Review Flow,1300.0,1.0,success,False,2026-08-17T20:35:25.429619+09:00
Review Forge,260.0,1.0,success,False,2026-08-17T21:36:43.981322+09:00
Review Form,3600.0,2.0,success,False,2026-08-19T13:29:56.430090+09:00
Review Format,3600.0,2.0,success,False,2026-08-23T13:08:34.053815+09:00
Review Frame,210.0,3.0,success,False,2026-08-17T20:39:37.454360+09:00
Review Fund,,,failed,False,2026-08-21T02:23:59.841123+09:00
Review Gate,1600.0,1.0,success,False,2026-08-17T20:43:22.316757+09:00
Review Generator,1600.0,83.0,success,False,2026-08-27T23:34:17.021271+09:00
Review Grade,,,failed,False,2026-08-21T00:34:57.023815+09:00
Review Graph,70.0,0.0,success,False,2026-08-27T22:08:02.909734+09:00
Review Grid,210.0,0.0,success,False,2026-08-17T20:46:31.116711+09:00
Review Guarantee,,,failed,False,2026-08-28T01:06:23.726095+09:00
Review Guard,50.0,34.0,success,False,2026-08-17T20:38:16.946588+09:00
Review Guardian,2900.0,0.0,success,True,2026-08-28T00:25:05.172390+09:00
Review Guidebook,,,failed,False,2026-08-18T22:04:40.579410+09:00
Review Helpdesk,,,failed,False,2026-08-27T22:47:02.636160+09:00
Review Helper,110.0,15.0,success,False,2026-08-28T00:25:07.962787+09:00
Review History,1600.0,0.0,success,True,2026-08-19T20:47:48.078194+09:00
Review Hotline,,,failed,False,2026-08-19T21:07:55.214041+09:00
Review Hub,2900.0,1.0,success,False,2026-08-17T20:34:33.124318+09:00
Review Identifier,,,failed,False,2026-08-23T13:08:21.567126+09:00
Review Index,170.0,3.0,success,False,2026-08-19T21:07:04.594270+09:00
Review Insight,70.0,14.0,success,False,2026-08-17T23:14:59.429645+09:00
Review Item,110.0,0.0,success,False,2026-08-21T01:50:28.240015+09:00
Review Journal,12100.0,0.0,success,True,2026-08-18T22:04:18.397619+09:00
Review Keeper,4400.0,4.0,success,False,2026-08-17T20:40:06.808560+09:00
Review Kit,720.0,28.0,success,False,2026-08-27T22:46:56.250105+09:00
Review Lab,170.0,2.0,success,False,2026-08-17T20:33:05.160713+09:00
Review Label,50.0,0.0,success,False,2026-08-27T22:08:06.352004+09:00
Review Ledger,10.0,2.0,success,False,2026-08-17T20:36:56.303275+09:00
Review Lens,1000.0,5.0,success,False,2026-08-17T20:40:31.600880+09:00
Review Level,50.0,0.0,success,False,2026-08-19T20:48:02.759483+09:00
Review Link,880.0,8.0,success,False,2026-08-23T03:20:39.175053+09:00
Review List,480.0,0.0,success,False,2026-08-19T21:54:37.434657+09:00
Review Loan,720.0,26.0,success,False,2026-08-21T02:08:03.839367+09:00
Review Locator,,,failed,False,2026-08-18T23:59:44.805528+09:00
Review Lock,140.0,1.0,success,False,2026-08-17T20:42:04.175878+09:00
Review Log,110.0,1.0,success,False,2026-08-19T13:29:46.780078+09:00
Review Loop,1600.0,35.0,success,False,2026-08-17T20:47:53.457764+09:00
Review Manager,1300.0,9.0,success,False,2026-08-17T20:39:13.606540+09:00
Review Manual,40.0,2.0,success,False,2026-08-27T22:08:10.673360+09:00
Review Map,1900.0,4.0,success,False,2026-08-17T20:41:15.125085+09:00
Review Markup,20.0,6.0,success,False,2026-08-23T16:37:18.649152+09:00
Review Memo,720.0,0.0,success,False,2026-08-21T00:35:01.453915+09:00
Review Message,720.0,0.0,success,False,2026-08-27T23:12:19.702811+09:00
Review Meter,20.0,0.0,success,False,2026-08-17T21:34:05.861065+09:00
Review Metrics,30.0,2.0,success,False,2026-08-17T23:29:46.030396+09:00
Review Monitor,480.0,26.0,success,False,2026-08-17T23:29:29.429883+09:00
Review Navigator,20.0,2.0,success,False,2026-08-17T23:04:09.987003+09:00
Review Nexus,110.0,1.0,success,False,2026-08-17T20:42:24.319818+09:00
Review Node,,,failed,False,2026-08-17T20:44:14.789024+09:00
Review Note,590.0,1.0,success,False,2026-08-19T13:30:57.828554+09:00
Review Notification,40.0,1.0,success,False,2026-08-27T22:46:56.250105+09:00
Review Number,140.0,0.0,success,False,2026-08-23T03:20:32.320134+09:00
Review Office,70.0,1.0,success,False,2026-08-19T00:00:16.279363+09:00
Review Ops,,,failed,False,2026-08-17T23:30:30.158673+09:00
Review Order,880.0,0.0,success,False,2026-08-19T21:53:52.421179+09:00
Review Organizer,20.0,0.0,success,False,2026-08-17T23:08:06.421601+09:00
Review Overdue,10.0,0.0,success,False,2026-08-27T21:46:13.321425+09:00
Review Panel,260.0,1.0,success,False,2026-08-17T21:36:17.240271+09:00
Review Pass,20.0,0.0,success,False,2026-08-21T00:34:30.806569+09:00
Review Path,10.0,2.0,success,False,2026-08-17T20:43:51.758171+09:00
Review Penalty,20.0,0.0,success,False,2026-08-23T16:37:16.360877+09:00
Review Petition,1900.0,0.0,success,True,2026-08-21T01:09:06.679370+09:00
Review Pilot,1900.0,3.0,success,False,2026-08-17T20:33:40.236931+09:00
Review Plan,1300.0,4.0,success,False,2026-08-21T01:50:49.145007+09:00
Review Planner,1300.0,4.0,success,False,2026-08-17T23:13:22.671425+09:00
Review Playbook,10.0,0.0,success,False,2026-08-18T22:04:07.158721+09:00
Review Point,480.0,1.0,success,False,2026-08-17T20:42:51.727520+09:00
Review Portal,880.0,1.0,success,False,2026-08-17T21:38:26.629916+09:00
Review Preview,210.0,0.0,success,False,2026-08-28T01:06:21.038746+09:00
Review Profile,480.0,2.0,success,False,2026-08-19T13:31:09.832283+09:00
Review Profit,,,failed,False,2026-08-23T02:55:24.224280+09:00
Review Proposal,320.0,2.0,success,False,2026-08-28T01:06:21.038746+09:00
Review Pulse,1000.0,1.0,success,False,2026-08-17T20:45:40.214755+09:00
Review Queue,110.0,0.0,success,False,2026-08-19T21:07:25.102552+09:00
Review Quota,,,failed,False,2026-08-21T00:35:03.505181+09:00
Review Radar,170.0,2.0,success,False,2026-08-18T07:52:40.105947+09:00
Review Rail,390.0,41.0,success,False,2026-08-17T20:48:31.729678+09:00
Review Rate,720.0,3.0,success,False,2026-08-19T20:48:09.734804+09:00
Review Recap,30.0,0.0,success,False,2026-08-21T01:09:20.076507+09:00
Review Recorder,40.0,11.0,success,False,2026-08-27T23:34:17.021271+09:00
Review Redemption,110.0,0.0,success,False,2026-08-23T16:37:24.399501+09:00
Review Register,170.0,0.0,success,False,2026-08-17T23:11:23.614440+09:00
Review Registry,170.0,0.0,success,False,2026-08-18T22:04:49.273954+09:00
Review Relay,2900.0,2.0,success,False,2026-08-18T07:52:51.639177+09:00
Review Reminder,110.0,10.0,success,False,2026-08-19T21:06:42.695560+09:00
Review Report,880.0,1.0,success,False,2026-08-19T13:29:31.691093+09:00
Review Repository,,,failed,False,2026-08-27T23:12:32.092351+09:00
Review Result,480.0,0.0,success,False,2026-08-28T00:47:45.290833+09:00
Review Roadmap,,,failed,False,2026-08-18T22:05:38.221943+09:00
Review Roster,10.0,0.0,success,False,2026-08-19T00:37:23.570326+09:00
Review Route,,,failed,False,2026-08-17T21:31:56.784481+09:00
Review Rule,320.0,1.0,success,False,2026-08-23T03:20:42.703424+09:00
Review Sale,590.0,100.0,success,False,2026-08-21T02:24:12.217966+09:00
Review Scale,320.0,36.0,success,False,2026-08-17T21:33:08.992358+09:00
Review Scanner,1000.0,51.0,success,False,2026-08-27T23:55:21.576264+09:00
Review Scheduler,,,failed,False,2026-08-17T23:29:09.953642+09:00
Review Scope,170.0,0.0,success,False,2026-08-17T21:30:13.279777+09:00
Review Score,390.0,0.0,success,False,2026-08-19T13:30:48.441659+09:00
Review Sentry,140.0,9.0,success,False,2026-08-17T20:40:52.069695+09:00
Review Sheet,720.0,55.0,success,False,2026-08-19T13:30:30.638587+09:00
Review Signal,320.0,70.0,success,False,2026-08-17T21:32:33.876836+09:00
Review Signature,260.0,0.0,success,False,2026-08-23T13:28:03.127667+09:00
Review Slip,110.0,3.0,success,False,2026-08-19T21:55:03.832007+09:00
Review Slot,30.0,0.0,success,False,2026-08-19T21:55:24.856436+09:00
Review Snapshot,170.0,2.0,success,False,2026-08-18T22:04:29.881802+09:00
Review Stage,90.0,0.0,success,False,2026-08-28T00:47:45.290833+09:00
Review Stake,10.0,0.0,success,False,2026-08-23T02:55:31.768897+09:00
Review Stamp,390.0,50.0,success,False,2026-08-23T13:28:05.717329+09:00
Review Statement,70.0,0.0,success,False,2026-08-21T00:34:49.507039+09:00
Review Station,40.0,0.0,success,False,2026-08-17T20:31:58.373055+09:00
Review Status,480.0,0.0,success,False,2026-08-19T20:47:36.057637+09:00
Review Stub,,,failed,False,2026-08-21T00:34:44.893530+09:00
Review Studio,1900.0,20.0,success,False,2026-08-17T20:34:07.278551+09:00
Review Suite,,,failed,False,2026-08-17T23:28:34.893276+09:00
Review Sum,10.0,0.0,success,False,2026-08-21T02:23:51.443965+09:00
Review Summary,880.0,1.0,success,False,2026-08-19T21:06:23.756396+09:00
Review Sync,170.0,6.0,success,False,2026-08-17T20:36:22.753454+09:00
Review Table,140.0,9.0,success,False,2026-08-19T21:54:45.586270+09:00
Review Tag,260.0,16.0,success,False,2026-08-19T13:31:03.415990+09:00
Review Tally,10.0,2.0,success,False,2026-08-21T00:34:53.693924+09:00
Review Tariff,,,failed,False,2026-08-21T02:40:33.895660+09:00
Review Tax,880.0,17.0,success,False,2026-08-21T02:07:58.916446+09:00
Review Ticket,140.0,1.0,success,False,2026-08-19T21:07:16.203533+09:00
Review Timeline,260.0,0.0,success,False,2026-08-19T21:06:33.819352+09:00
Review Timer,50.0,5.0,success,False,2026-08-28T00:24:58.982196+09:00
Review Toll,,,failed,False,2026-08-21T02:40:27.519765+09:00
Review Toolbox,10.0,0.0,success,False,2026-08-28T00:25:05.172390+09:00
Review Toolkit,30.0,35.0,success,False,2026-08-18T22:03:55.697842+09:00
Review Total,,,failed,False,2026-08-27T23:12:19.702811+09:00
Review Tracker,1000.0,20.0,success,False,2026-08-17T20:37:21.758511+09:00
Review Trail,20.0,2.0,success,False,2026-08-17T20:47:13.736905+09:00
Review Trend,1000.0,0.0,success,True,2026-08-28T01:06:10.302074+09:00
Review Trial,10.0,0.0,success,False,2026-08-27T21:14:09.355453+09:00
Review Unit,140.0,1.0,success,False,2026-08-21T01:50:49.145007+09:00
Review Update,140.0,0.0,success,False,2026-08-19T20:48:17.948513+09:00
Review Value,110.0,0.0,success,False,2026-08-23T02:55:28.144750+09:00
Review Vault,390.0,1.0,success,False,2026-08-17T21:41:22.072079+09:00
Review Version,40.0,0.0,success,False,2026-08-23T03:20:35.213515+09:00
Review View,480.0,0.0,success,False,2026-08-19T20:47:39.914949+09:00
Review Voucher,50.0,1.0,success,False,2026-08-21T00:34:35.312701+09:00
Review Watch,2900.0,39.0,success,False,2026-08-17T21:31:23.168898+09:00
Review Wave,3600.0,7.0,success,False,2026-08-17T20:44:36.649130+09:00
Review Widget,880.0,17.0,success,False,2026-08-27T23:12:25.065400+09:00
Review Workbench,70.0,100.0,success,False,2026-08-18T22:03:46.428497+09:00
Review Worksheet,170.0,1.0,success,False,2026-08-27T22:08:16.098998+09:00
Review Workshop,170.0,4.0,success,False,2026-08-28T00:25:01.797092+09:00
Review Zone,1300.0,0.0,success,True,2026-08-17T21:40:37.066671+09:00
Rezoning Advance,,,failed,False,2026-08-23T16:14:44.482791+09:00
Rezoning Alert,,,failed,False,2026-08-21T01:42:46.013630+09:00
Rezoning Allowance,,,failed,False,2026-08-21T02:44:11.415890+09:00
Rezoning Analyzer,,,failed,False,2026-08-27T23:51:18.068433+09:00
Rezoning Announcement,,,failed,False,2026-08-27T23:37:16.371136+09:00
Rezoning Asset,,,failed,False,2026-08-23T13:46:45.487661+09:00
Rezoning Atlas,,,failed,False,2026-08-21T01:40:45.060160+09:00
Rezoning Badge,,,failed,False,2026-08-21T01:36:44.739122+09:00
Rezoning Base,,,failed,False,2026-08-21T01:39:14.951697+09:00
Rezoning Beacon,,,failed,False,2026-08-21T01:38:18.535087+09:00
Rezoning Bill,,,failed,False,2026-08-21T01:35:35.262930+09:00
Rezoning Board,,,failed,False,2026-08-21T01:39:30.579891+09:00
Rezoning Bridge,,,failed,False,2026-08-21T01:38:34.046103+09:00
Rezoning Brief,,,failed,False,2026-08-21T01:37:16.023011+09:00
Rezoning Bulletin,,,failed,False,2026-08-21T01:37:11.320785+09:00
Rezoning Calculator,,,failed,False,2026-08-27T23:37:16.371136+09:00
Rezoning Calendar,10.0,0.0,success,False,2026-08-21T01:41:33.473055+09:00
Rezoning Card,,,failed,False,2026-08-21T01:43:39.038620+09:00
Rezoning Cascade,,,failed,False,2026-08-21T01:38:26.164281+09:00
Rezoning Cash,,,failed,False,2026-08-21T02:28:03.624635+09:00
Rezoning Cashback,,,failed,False,2026-08-27T21:17:47.451913+09:00
Rezoning Center,,,failed,False,2026-08-21T01:39:52.762519+09:00
Rezoning Chain,,,failed,False,2026-08-21T01:40:31.088878+09:00
Rezoning Charge,,,failed,False,2026-08-21T02:44:02.769477+09:00
Rezoning Chart,,,failed,False,2026-08-21T01:42:48.869153+09:00
Rezoning Check,,,failed,False,2026-08-21T01:43:47.346655+09:00
Rezoning Checker,,,failed,False,2026-08-27T23:51:12.915875+09:00
Rezoning Code,,,failed,False,2026-08-21T01:35:35.262930+09:00
Rezoning Companion,,,failed,False,2026-08-21T01:41:12.264242+09:00
Rezoning Comparison,,,failed,False,2026-08-28T01:02:58.141304+09:00
Rezoning Confirmation,,,failed,False,2026-08-21T01:37:30.941685+09:00
Rezoning Console,,,failed,False,2026-08-21T01:40:07.956384+09:00
Rezoning Core,,,failed,False,2026-08-21T01:39:21.617747+09:00
Rezoning Cost,40.0,2.0,success,False,2026-08-21T02:11:18.638927+09:00
Rezoning Count,,,failed,False,2026-08-27T22:50:55.041515+09:00
Rezoning Counter,,,failed,False,2026-08-21T01:41:52.008026+09:00
Rezoning Coupon,,,failed,False,2026-08-27T21:17:40.328757+09:00
Rezoning Deal,,,failed,False,2026-08-21T01:54:53.118600+09:00
Rezoning Debt,,,failed,False,2026-08-21T02:27:53.442278+09:00
Rezoning Deck,,,failed,False,2026-08-21T01:39:32.953570+09:00
Rezoning Desk,,,failed,False,2026-08-21T01:37:55.040790+09:00
Rezoning Detail,,,failed,False,2026-08-23T03:14:59.429482+09:00
Rezoning Detector,,,failed,False,2026-08-27T23:51:15.530091+09:00
Rezoning Diagram,,,failed,False,2026-08-27T22:13:24.343596+09:00
Rezoning Directory,,,failed,False,2026-08-21T01:41:39.026443+09:00
Rezoning Downpayment,,,failed,False,2026-08-27T21:48:59.482652+09:00
Rezoning Draft,,,failed,False,2026-08-21T01:35:31.445968+09:00
Rezoning Duty,,,failed,False,2026-08-21T02:44:04.894763+09:00
Rezoning Engine,,,failed,False,2026-08-21T01:40:55.486600+09:00
Rezoning Entry,,,failed,False,2026-08-21T01:37:37.070410+09:00
Rezoning Estimate,,,failed,False,2026-08-21T01:35:35.262930+09:00
Rezoning Estimator,,,failed,False,2026-08-27T23:51:10.379112+09:00
Rezoning Extension,,,failed,False,2026-08-23T16:39:18.952764+09:00
Rezoning Fare,,,failed,False,2026-08-21T02:11:23.948204+09:00
Rezoning Fee,,,failed,False,2026-08-21T01:54:32.681048+09:00
Rezoning Feed,,,failed,False,2026-08-21T01:35:31.445968+09:00
Rezoning File,,,failed,False,2026-08-21T01:44:23.485240+09:00
Rezoning Fine,,,failed,False,2026-08-23T02:58:27.713523+09:00
Rezoning Flow,,,failed,False,2026-08-21T01:37:44.630220+09:00
Rezoning Forge,,,failed,False,2026-08-21T01:38:24.012895+09:00
Rezoning Form,,,failed,False,2026-08-21T01:43:31.469604+09:00
Rezoning Format,,,failed,False,2026-08-23T13:05:36.623967+09:00
Rezoning Frame,,,failed,False,2026-08-21T01:39:12.504942+09:00
Rezoning Fund,,,failed,False,2026-08-21T02:28:00.693334+09:00
Rezoning Gate,,,failed,False,2026-08-21T01:40:37.729948+09:00
Rezoning Generator,,,failed,False,2026-08-27T23:37:19.077435+09:00
Rezoning Giveaway,,,failed,False,2026-08-27T21:17:51.217476+09:00
Rezoning Graph,,,failed,False,2026-08-27T22:13:13.048056+09:00
Rezoning Grid,,,failed,False,2026-08-21T01:38:50.640665+09:00
Rezoning Guardian,,,failed,False,2026-08-28T00:21:40.685047+09:00
Rezoning Helpdesk,,,failed,False,2026-08-27T22:50:55.041515+09:00
Rezoning Helper,,,failed,False,2026-08-28T00:21:45.963780+09:00
Rezoning History,,,failed,False,2026-08-21T01:44:20.732547+09:00
Rezoning Hub,,,failed,False,2026-08-21T01:37:48.907066+09:00
Rezoning Identifier,,,failed,False,2026-08-23T13:05:30.348326+09:00
Rezoning Incentive,,,failed,False,2026-08-27T21:17:47.451913+09:00
Rezoning Index,,,failed,False,2026-08-21T01:35:35.262930+09:00
Rezoning Interest,,,failed,False,2026-08-23T13:46:45.487661+09:00
Rezoning Item,,,failed,False,2026-08-21T01:54:37.378039+09:00
Rezoning Journal,,,failed,False,2026-08-21T01:41:25.621539+09:00
Rezoning Keeper,,,failed,False,2026-08-21T01:40:48.434359+09:00
Rezoning Kit,,,failed,False,2026-08-27T22:50:47.949618+09:00
Rezoning Lab,,,failed,False,2026-08-21T01:39:42.723562+09:00
Rezoning Ledger,,,failed,False,2026-08-21T01:39:25.000691+09:00
Rezoning Level,,,failed,False,2026-08-21T01:44:28.935205+09:00
Rezoning Levy,,,failed,False,2026-08-23T13:46:47.656789+09:00
Rezoning Link,,,failed,False,2026-08-23T03:14:46.268297+09:00
Rezoning List,,,failed,False,2026-08-21T01:35:35.262930+09:00
Rezoning Loan,,,failed,False,2026-08-21T02:11:30.479876+09:00
Rezoning Locator,,,failed,False,2026-08-21T01:41:42.095051+09:00
Rezoning Locker,,,failed,False,2026-08-21T01:41:54.360418+09:00
Rezoning Log,,,failed,False,2026-08-21T01:43:27.778790+09:00
Rezoning Loop,,,failed,False,2026-08-21T01:38:48.053655+09:00
Rezoning Manual,,,failed,False,2026-08-27T22:13:16.015424+09:00
Rezoning Map,40.0,1.0,success,False,2026-08-21T01:39:04.572787+09:00
Rezoning Margin,,,failed,False,2026-08-23T02:58:27.713523+09:00
Rezoning Memo,,,failed,False,2026-08-21T01:36:57.667235+09:00
Rezoning Message,,,failed,False,2026-08-27T23:16:26.018143+09:00
Rezoning Monitor,,,failed,False,2026-08-21T01:41:08.747647+09:00
Rezoning Nexus,,,failed,False,2026-08-21T01:40:39.778843+09:00
Rezoning Note,,,failed,False,2026-08-21T01:43:56.070004+09:00
Rezoning Notification,,,failed,False,2026-08-27T22:50:43.878395+09:00
Rezoning Number,,,failed,False,2026-08-23T03:14:39.191196+09:00
Rezoning Office,,,failed,False,2026-08-21T01:41:48.955996+09:00
Rezoning Ops,,,failed,False,2026-08-21T01:41:18.223212+09:00
Rezoning Order,,,failed,False,2026-08-21T01:35:35.262930+09:00
Rezoning Outline,,,failed,False,2026-08-27T22:29:26.032496+09:00
Rezoning Overage,,,failed,False,2026-08-27T21:48:57.191063+09:00
Rezoning Overdue,,,failed,False,2026-08-27T21:48:52.496958+09:00
Rezoning Panel,,,failed,False,2026-08-21T01:40:09.996962+09:00
Rezoning Pass,,,failed,False,2026-08-21T01:36:36.837653+09:00
Rezoning Path,,,failed,False,2026-08-21T01:38:57.072218+09:00
Rezoning Payoff,,,failed,False,2026-08-27T21:48:54.950777+09:00
Rezoning Penalty,,,failed,False,2026-08-23T16:39:14.026032+09:00
Rezoning Petition,20.0,0.0,success,False,2026-08-21T01:37:26.126762+09:00
Rezoning Plan,,,failed,False,2026-08-21T01:54:44.608475+09:00
Rezoning Planner,,,failed,False,2026-08-21T01:41:00.703725+09:00
Rezoning Playbook,,,failed,False,2026-08-21T01:41:22.153477+09:00
Rezoning Point,,,failed,False,2026-08-21T01:39:01.261860+09:00
Rezoning Portal,,,failed,False,2026-08-21T01:40:01.747780+09:00
Rezoning Post,,,failed,False,2026-08-21T01:42:13.880844+09:00
Rezoning Preview,,,failed,False,2026-08-28T01:03:01.405243+09:00
Rezoning Profile,,,failed,False,2026-08-21T01:44:05.223042+09:00
Rezoning Profit,,,failed,False,2026-08-23T02:58:18.393651+09:00
Rezoning Proposal,20.0,0.0,success,False,2026-08-28T01:03:04.018813+09:00
Rezoning Quota,,,failed,False,2026-08-21T01:37:02.343165+09:00
Rezoning Radar,,,failed,False,2026-08-21T01:37:57.190809+09:00
Rezoning Rate,,,failed,False,2026-08-21T01:44:33.537295+09:00
Rezoning Receipt,,,failed,False,2026-08-21T01:35:35.262930+09:00
Rezoning Recorder,,,failed,False,2026-08-27T23:31:14.136748+09:00
Rezoning Register,,,failed,False,2026-08-21T01:41:16.296353+09:00
Rezoning Relay,,,failed,False,2026-08-21T01:38:06.302240+09:00
Rezoning Reminder,,,failed,False,2026-08-21T01:35:35.262930+09:00
Rezoning Report,,,failed,False,2026-08-21T01:43:23.087757+09:00
Rezoning Repository,,,failed,False,2026-08-27T23:16:34.240680+09:00
Rezoning Result,,,failed,False,2026-08-28T00:46:06.331363+09:00
Rezoning Ring,,,failed,False,2026-08-21T01:40:35.434951+09:00
Rezoning Roster,,,failed,False,2026-08-21T01:42:37.393096+09:00
Rezoning Route,,,failed,False,2026-08-21T01:40:19.724237+09:00
Rezoning Rule,,,failed,False,2026-08-23T03:14:55.080924+09:00
Rezoning Sale,,,failed,False,2026-08-21T02:28:08.522679+09:00
Rezoning Sample,,,failed,False,2026-08-21T01:35:35.262930+09:00
Rezoning Scale,,,failed,False,2026-08-21T01:40:15.311910+09:00
Rezoning Schematic,,,failed,False,2026-08-27T22:29:20.594574+09:00
Rezoning Score,,,failed,False,2026-08-21T01:43:52.896076+09:00
Rezoning Sheet,,,failed,False,2026-08-21T01:43:45.085248+09:00
Rezoning Shortfall,,,failed,False,2026-08-27T21:49:01.717649+09:00
Rezoning Signature,,,failed,False,2026-08-23T13:27:11.117738+09:00
Rezoning Slip,,,failed,False,2026-08-21T01:35:35.262930+09:00
Rezoning Slot,,,failed,False,2026-08-21T01:35:35.262930+09:00
Rezoning Stage,,,failed,False,2026-08-28T00:46:06.331363+09:00
Rezoning Stake,,,failed,False,2026-08-23T02:58:24.249422+09:00
Rezoning Statement,,,failed,False,2026-08-21T01:36:55.107278+09:00
Rezoning Station,,,failed,False,2026-08-21T01:39:47.385700+09:00
Rezoning Status,,,failed,False,2026-08-21T01:44:11.369887+09:00
Rezoning Stub,,,failed,False,2026-08-21T01:36:50.253581+09:00
Rezoning Studio,,,failed,False,2026-08-21T01:39:38.707543+09:00
Rezoning Subsidy,,,failed,False,2026-08-23T15:51:47.066948+09:00
Rezoning Sum,,,failed,False,2026-08-21T02:27:51.067603+09:00
Rezoning Summary,,,failed,False,2026-08-21T01:35:31.445968+09:00
Rezoning Surtax,,,failed,False,2026-08-23T15:51:47.066948+09:00
Rezoning Tab,,,failed,False,2026-08-21T01:37:07.808277+09:00
Rezoning Table,,,failed,False,2026-08-21T01:35:35.262930+09:00
Rezoning Tag,,,failed,False,2026-08-21T01:44:01.894856+09:00
Rezoning Tariff,,,failed,False,2026-08-21T02:44:13.647823+09:00
Rezoning Tax,10.0,0.0,success,False,2026-08-21T02:11:27.429616+09:00
Rezoning Terminal,,,failed,False,2026-08-21T01:39:49.686792+09:00
Rezoning Ticket,,,failed,False,2026-08-21T01:35:35.262930+09:00
Rezoning Timeline,,,failed,False,2026-08-21T01:35:31.445968+09:00
Rezoning Timer,,,failed,False,2026-08-28T00:21:38.214311+09:00
Rezoning Toll,,,failed,False,2026-08-21T02:44:07.576254+09:00
Rezoning Toolbox,,,failed,False,2026-08-28T00:21:43.222424+09:00
Rezoning Total,,,failed,False,2026-08-27T23:16:26.018143+09:00
Rezoning Tracker,,,failed,False,2026-08-21T01:37:41.835664+09:00
Rezoning Trial,,,failed,False,2026-08-27T21:17:47.451913+09:00
Rezoning Unit,,,failed,False,2026-08-21T01:54:45.555150+09:00
Rezoning Update,,,failed,False,2026-08-21T01:44:35.810594+09:00
Rezoning Value,,,failed,False,2026-08-23T02:58:22.138968+09:00
Rezoning Vault,,,failed,False,2026-08-21T01:38:08.891636+09:00
Rezoning Version,,,failed,False,2026-08-23T03:14:42.643964+09:00
Rezoning View,,,failed,False,2026-08-21T01:44:14.161023+09:00
Rezoning Voucher,,,failed,False,2026-08-21T01:36:42.310879+09:00
Rezoning Wave,,,failed,False,2026-08-21T01:38:52.841882+09:00
Rezoning Widget,,,failed,False,2026-08-27T23:16:30.238245+09:00
Rezoning Worksheet,,,failed,False,2026-08-27T22:13:20.966698+09:00
Rezoning Workshop,,,failed,False,2026-08-28T00:21:40.685047+09:00
Rezoning Zone,,,failed,False,2026-08-21T01:39:59.295312+09:00
Rider Advance,,,failed,False,2026-08-23T16:12:59.279314+09:00
Rider Allowance,,,failed,False,2026-08-21T02:43:37.252901+09:00
Rider Almanac,,,failed,False,2026-08-18T22:11:05.779319+09:00
Rider Analyzer,,,failed,False,2026-08-27T23:57:28.605750+09:00
Rider Anchor,40.0,4.0,success,False,2026-08-17T21:35:08.893531+09:00
Rider Arrears,,,failed,False,2026-08-23T16:12:59.279314+09:00
Rider Assistant,720.0,0.0,success,False,2026-08-17T23:12:18.901964+09:00
Rider Atlas,20.0,1.0,success,False,2026-08-17T20:42:50.595044+09:00
Rider Attribute,,,failed,False,2026-08-23T13:10:10.835682+09:00
Rider Balance,50.0,6.0,success,False,2026-08-23T13:45:48.186439+09:00
Rider Base,70.0,10.0,success,False,2026-08-17T20:40:05.754832+09:00
Rider Beacon,,,failed,False,2026-08-17T21:40:01.418165+09:00
Rider Bill,390.0,1.0,success,False,2026-08-19T22:02:41.688719+09:00
Rider Blueprint,,,failed,False,2026-08-18T22:10:58.146959+09:00
Rider Board,140.0,77.0,success,False,2026-08-17T20:37:19.032635+09:00
Rider Book,2400.0,19.0,success,False,2026-08-19T22:03:30.282761+09:00
Rider Bridge,110.0,21.0,success,False,2026-08-17T21:36:12.498401+09:00
Rider Brief,20.0,67.0,success,False,2026-08-21T01:01:09.555377+09:00
Rider Bulletin,,,failed,False,2026-08-21T01:01:07.549578+09:00
Rider Cabinet,,,failed,False,2026-08-27T23:14:21.600576+09:00
Rider Calculator,10.0,4.0,success,False,2026-08-27T23:35:24.571352+09:00
Rider Calendar,140.0,0.0,success,False,2026-08-19T00:04:59.396392+09:00
Rider Card,1300.0,34.0,success,False,2026-08-19T13:39:57.462867+09:00
Rider Cascade,,,failed,False,2026-08-17T21:37:10.762781+09:00
Rider Cash,20.0,0.0,success,False,2026-08-21T02:27:33.001702+09:00
Rider Catalog,70.0,0.0,success,False,2026-08-19T21:17:23.744501+09:00
Rider Category,10.0,0.0,success,False,2026-08-23T13:10:08.705068+09:00
Rider Center,1600.0,6.0,success,False,2026-08-18T07:52:40.105947+09:00
Rider Chain,40.0,26.0,success,False,2026-08-17T20:47:50.375793+09:00
Rider Charge,50.0,1.0,success,False,2026-08-21T02:43:25.318568+09:00
Rider Check,20.0,1.0,success,False,2026-08-19T13:40:23.135378+09:00
Rider Checker,,,failed,False,2026-08-27T23:57:22.809432+09:00
Rider Checklist,,,failed,False,2026-08-19T21:16:21.953049+09:00
Rider Cockpit,,,failed,False,2026-08-17T23:25:50.019139+09:00
Rider Code,880.0,1.0,success,False,2026-08-19T22:03:03.584652+09:00
Rider Codex,260.0,2.0,success,False,2026-08-18T22:11:21.547380+09:00
Rider Companion,,,failed,False,2026-08-17T23:10:24.973922+09:00
Rider Comparison,,,failed,False,2026-08-28T01:08:09.929341+09:00
Rider Compass,90.0,12.0,success,False,2026-08-17T21:41:49.444267+09:00
Rider Compendium,,,failed,False,2026-08-18T22:11:11.945944+09:00
Rider Confirmation,,,failed,False,2026-08-21T01:01:22.274781+09:00
Rider Console,20.0,0.0,success,False,2026-08-17T21:39:13.221117+09:00
Rider Contribution,,,failed,False,2026-08-23T16:12:54.608017+09:00
Rider Copayment,,,failed,False,2026-08-23T16:38:19.079152+09:00
Rider Core,90.0,79.0,success,False,2026-08-17T20:39:12.627798+09:00
Rider Cost,140.0,1.0,success,False,2026-08-21T02:11:07.536158+09:00
Rider Count,,,failed,False,2026-08-27T22:48:53.744553+09:00
Rider Counter,,,failed,False,2026-08-19T00:05:31.654702+09:00
Rider Dashboard,90.0,0.0,success,False,2026-08-17T23:15:30.972429+09:00
Rider Deal,170.0,99.0,success,False,2026-08-21T01:54:58.367500+09:00
Rider Debt,10.0,0.0,success,False,2026-08-21T02:27:26.146379+09:00
Rider Deck,320.0,13.0,success,False,2026-08-17T20:36:20.228244+09:00
Rider Depot,170.0,39.0,success,False,2026-08-19T00:05:23.888896+09:00
Rider Desk,,,failed,False,2026-08-17T20:34:03.344800+09:00
Rider Detail,,,failed,False,2026-08-23T03:23:54.422715+09:00
Rider Dial,,,failed,False,2026-08-17T21:36:40.900045+09:00
Rider Digest,90.0,39.0,success,False,2026-08-19T20:41:51.151726+09:00
Rider Directory,10.0,0.0,success,False,2026-08-19T00:05:07.956398+09:00
Rider Discount,210.0,22.0,success,False,2026-08-23T16:12:46.857371+09:00
Rider Dock,,,failed,False,2026-08-17T21:32:31.405261+09:00
Rider Dossier,,,failed,False,2026-08-21T01:01:28.263811+09:00
Rider Downpayment,,,failed,False,2026-08-27T21:47:00.631100+09:00
Rider Draft,,,failed,False,2026-08-19T20:42:06.894940+09:00
Rider Due,,,failed,False,2026-08-23T15:51:03.649898+09:00
Rider Duty,,,failed,False,2026-08-21T02:43:28.304823+09:00
Rider Endowment,10.0,0.0,success,False,2026-08-23T15:51:09.680113+09:00
Rider Engine,50.0,10.0,success,False,2026-08-17T23:24:12.955458+09:00
Rider Entry,10.0,0.0,success,False,2026-08-21T01:01:39.197827+09:00
Rider Estimate,,,failed,False,2026-08-19T21:17:13.210771+09:00
Rider Estimator,,,failed,False,2026-08-27T23:57:19.436881+09:00
Rider Extension,20.0,2.0,success,False,2026-08-23T16:38:19.079152+09:00
Rider Fare,20.0,0.0,success,False,2026-08-21T02:11:11.149564+09:00
Rider Fee,110.0,0.0,success,False,2026-08-21T01:54:37.378039+09:00
Rider Feed,,,failed,False,2026-08-19T20:41:59.995024+09:00
Rider File,170.0,1.0,success,False,2026-08-19T20:41:22.304179+09:00
Rider Finder,,,failed,False,2026-08-19T00:05:18.968119+09:00
Rider Fine,,,failed,False,2026-08-23T02:57:50.579977+09:00
Rider Flag,170.0,93.0,success,False,2026-08-21T00:26:49.726902+09:00
Rider Flow,40.0,13.0,success,False,2026-08-17T20:36:52.122948+09:00
Rider Forge,20.0,0.0,success,False,2026-08-17T21:38:24.477715+09:00
Rider Form,170.0,0.0,success,False,2026-08-19T13:39:43.638809+09:00
Rider Format,170.0,0.0,success,False,2026-08-23T13:10:14.601516+09:00
Rider Frame,20.0,10.0,success,False,2026-08-17T20:40:51.053535+09:00
Rider Fund,,,failed,False,2026-08-21T02:27:29.296336+09:00
Rider Gate,590.0,2.0,success,False,2026-08-17T20:44:33.462366+09:00
Rider Generator,20.0,0.0,success,False,2026-08-27T23:35:24.571352+09:00
Rider Grade,,,failed,False,2026-08-21T00:26:33.622421+09:00
Rider Grid,,,failed,False,2026-08-17T20:48:29.594833+09:00
Rider Guard,90.0,64.0,success,False,2026-08-17T20:39:36.069990+09:00
Rider Guardian,10.0,0.0,success,False,2026-08-28T00:26:31.699789+09:00
Rider Guidebook,,,failed,False,2026-08-18T22:10:41.322709+09:00
Rider Helpdesk,,,failed,False,2026-08-27T22:48:53.744553+09:00
Rider Helper,90.0,1.0,success,False,2026-08-28T00:26:34.139001+09:00
Rider History,30.0,0.0,success,False,2026-08-19T20:41:13.496418+09:00
Rider Hotline,,,failed,False,2026-08-19T21:17:33.160544+09:00
Rider Hub,4400.0,10.0,success,False,2026-08-17T20:35:52.510868+09:00
Rider Identifier,,,failed,False,2026-08-23T13:10:06.026404+09:00
Rider Index,,,failed,False,2026-08-19T21:16:32.174515+09:00
Rider Insight,10.0,1.0,success,False,2026-08-17T23:25:26.285868+09:00
Rider Installment,,,failed,False,2026-08-23T16:12:51.127665+09:00
Rider Item,,,failed,False,2026-08-21T01:54:42.335376+09:00
Rider Journal,,,failed,False,2026-08-18T22:10:22.903886+09:00
Rider Keeper,,,failed,False,2026-08-17T20:41:13.511022+09:00
Rider Lab,880.0,29.0,success,False,2026-08-17T20:34:29.454165+09:00
Rider Label,10.0,0.0,success,False,2026-08-27T22:10:23.604541+09:00
Rider Ledger,,,failed,False,2026-08-17T20:38:14.865229+09:00
Rider Lens,,,failed,False,2026-08-17T20:41:41.231730+09:00
Rider Level,140.0,6.0,success,False,2026-08-19T20:41:33.167361+09:00
Rider Levy,,,failed,False,2026-08-23T13:45:48.186439+09:00
Rider Link,880.0,4.0,success,False,2026-08-23T03:23:46.825883+09:00
Rider List,480.0,0.0,success,False,2026-08-19T22:03:11.253996+09:00
Rider Loan,320.0,81.0,success,False,2026-08-21T02:11:18.638927+09:00
Rider Locator,,,failed,False,2026-08-19T00:05:13.902876+09:00
Rider Lock,90.0,42.0,success,False,2026-08-17T20:43:18.551816+09:00
Rider Log,70.0,2.0,success,False,2026-08-19T13:39:26.336599+09:00
Rider Loop,,,failed,False,2026-08-17T21:30:43.453478+09:00
Rider Manager,10.0,0.0,success,False,2026-08-17T20:40:29.235539+09:00
Rider Manual,70.0,1.0,success,False,2026-08-27T22:10:26.332247+09:00
Rider Map,720.0,12.0,success,False,2026-08-17T20:42:21.345142+09:00
Rider Margin,10.0,,success,False,2026-08-23T02:57:50.579977+09:00
Rider Marker,40.0,2.0,success,False,2026-08-23T13:26:35.864064+09:00
Rider Markup,,,failed,False,2026-08-23T16:38:16.847667+09:00
Rider Memo,,,failed,False,2026-08-21T00:26:39.162393+09:00
Rider Message,20.0,0.0,success,False,2026-08-27T23:14:15.197354+09:00
Rider Meter,40.0,1.0,success,False,2026-08-17T21:35:38.144027+09:00
Rider Metrics,,,failed,False,2026-08-17T23:08:46.290392+09:00
Rider Monitor,10.0,50.0,success,False,2026-08-17T23:13:59.220189+09:00
Rider Navigator,,,failed,False,2026-08-17T23:26:04.596222+09:00
Rider Nexus,,,failed,False,2026-08-17T20:43:48.259554+09:00
Rider Node,,,failed,False,2026-08-17T20:45:35.834234+09:00
Rider Note,90.0,0.0,success,False,2026-08-19T13:40:58.883457+09:00
Rider Notification,10.0,0.0,success,False,2026-08-27T22:48:44.890397+09:00
Rider Number,140.0,0.0,success,False,2026-08-23T03:23:40.065475+09:00
Rider Office,70.0,4.0,success,False,2026-08-19T00:05:27.512092+09:00
Rider Ops,10.0,0.0,success,False,2026-08-17T23:04:48.646277+09:00
Rider Order,20.0,3.0,success,False,2026-08-19T22:02:31.549197+09:00
Rider Organizer,,,failed,False,2026-08-17T23:24:56.223636+09:00
Rider Overage,,,failed,False,2026-08-27T21:47:00.631100+09:00
Rider Overdraft,,,failed,False,2026-08-23T15:51:05.565275+09:00
Rider Overdue,,,failed,False,2026-08-27T21:46:54.698818+09:00
Rider Panel,1000.0,0.0,success,True,2026-08-17T21:37:49.733247+09:00
Rider Path,10.0,0.0,success,False,2026-08-17T20:45:12.889782+09:00
Rider Payoff,,,failed,False,2026-08-27T21:46:57.331452+09:00
Rider Penalty,,,failed,False,2026-08-23T16:38:16.847667+09:00
Rider Petition,,,failed,False,2026-08-21T01:01:20.027256+09:00
Rider Pilot,70.0,0.0,success,False,2026-08-17T20:34:55.202462+09:00
Rider Plan,110.0,10.0,success,False,2026-08-21T01:54:53.118600+09:00
Rider Planner,390.0,2.0,success,False,2026-08-17T23:24:36.078713+09:00
Rider Playbook,,,failed,False,2026-08-18T22:10:16.418477+09:00
Rider Point,720.0,2.0,success,False,2026-08-17T20:44:11.907751+09:00
Rider Portal,2900.0,0.0,success,True,2026-08-17T21:41:19.053416+09:00
Rider Preview,10.0,0.0,success,False,2026-08-28T01:08:15.051453+09:00
Rider Profile,210.0,0.0,success,False,2026-08-19T13:41:39.168311+09:00
Rider Profit,,,failed,False,2026-08-23T02:57:43.117346+09:00
Rider Proposal,20.0,0.0,success,False,2026-08-28T01:08:15.051453+09:00
Rider Pulse,70.0,100.0,success,False,2026-08-17T20:47:09.255931+09:00
Rider Queue,,,failed,False,2026-08-19T21:16:59.496910+09:00
Rider Quota,,,failed,False,2026-08-21T00:26:43.816315+09:00
Rider Radar,210.0,1.0,success,False,2026-08-17T20:33:01.756540+09:00
Rider Rail,10.0,0.0,success,False,2026-08-17T21:31:19.415531+09:00
Rider Rate,210.0,2.0,success,False,2026-08-19T20:41:37.796650+09:00
Rider Receipt,,,failed,False,2026-08-19T22:02:52.701278+09:00
Rider Recorder,,,failed,False,2026-08-27T23:35:28.835803+09:00
Rider Register,70.0,14.0,success,False,2026-08-17T23:26:18.163850+09:00
Rider Registry,,,failed,False,2026-08-18T22:10:48.955418+09:00
Rider Relay,110.0,2.0,success,False,2026-08-17T20:31:52.293572+09:00
Rider Reminder,,,failed,False,2026-08-19T21:16:09.798326+09:00
Rider Report,170.0,0.0,success,False,2026-08-19T13:39:18.013288+09:00
Rider Repository,,,failed,False,2026-08-27T23:14:21.600576+09:00
Rider Result,10.0,0.0,success,False,2026-08-28T00:48:21.370495+09:00
Rider Roadmap,20.0,0.0,success,False,2026-08-18T22:11:32.522772+09:00
Rider Roster,210.0,1.0,success,False,2026-08-19T00:38:40.592975+09:00
Rider Route,20.0,95.0,success,False,2026-08-17T21:33:30.231055+09:00
Rider Rule,,,failed,False,2026-08-23T03:23:49.316132+09:00
Rider Sale,40.0,24.0,success,False,2026-08-21T02:27:35.877276+09:00
Rider Sample,20.0,0.0,success,False,2026-08-19T22:03:49.697196+09:00
Rider Scale,10.0,0.0,success,False,2026-08-17T21:34:34.023181+09:00
Rider Scheduler,,,failed,False,2026-08-17T23:06:59.361333+09:00
Rider Scope,10.0,0.0,success,False,2026-08-17T21:31:54.606698+09:00
Rider Score,2900.0,0.0,success,True,2026-08-19T13:40:47.127510+09:00
Rider Sentry,,,failed,False,2026-08-17T20:42:02.791525+09:00
Rider Serial,10.0,0.0,success,False,2026-08-23T13:26:27.447056+09:00
Rider Sheet,50.0,0.0,success,False,2026-08-19T13:40:05.769727+09:00
Rider Shortfall,,,failed,False,2026-08-27T21:47:03.271568+09:00
Rider Signal,90.0,0.0,success,False,2026-08-17T21:34:03.414909+09:00
Rider Signature,,,failed,False,2026-08-23T13:26:32.402839+09:00
Rider Slip,20.0,100.0,success,False,2026-08-19T22:03:39.900427+09:00
Rider Slot,30.0,52.0,success,False,2026-08-19T22:03:59.574342+09:00
Rider Snapshot,,,failed,False,2026-08-18T22:10:32.480742+09:00
Rider Stage,170.0,0.0,success,False,2026-08-28T00:48:21.370495+09:00
Rider Stake,,,failed,False,2026-08-23T02:57:47.800883+09:00
Rider Stamp,,,failed,False,2026-08-23T13:26:35.864064+09:00
Rider Statement,20.0,0.0,success,False,2026-08-21T00:26:23.518919+09:00
Rider Station,140.0,2.0,success,False,2026-08-17T20:33:36.115262+09:00
Rider Status,110.0,0.0,success,False,2026-08-19T20:40:53.028403+09:00
Rider Studio,1600.0,4.0,success,False,2026-08-17T20:35:22.813816+09:00
Rider Subsidy,20.0,0.0,success,False,2026-08-23T15:51:07.589062+09:00
Rider Suite,10.0,37.0,success,False,2026-08-17T23:05:09.501218+09:00
Rider Sum,,,failed,False,2026-08-21T02:27:23.796384+09:00
Rider Summary,10.0,0.0,success,False,2026-08-19T21:15:48.074960+09:00
Rider Surtax,,,failed,False,2026-08-23T15:51:11.788135+09:00
Rider Sync,40.0,73.0,success,False,2026-08-17T20:37:51.221015+09:00
Rider Tab,50.0,0.0,success,False,2026-08-21T00:26:53.623558+09:00
Rider Table,50.0,37.0,success,False,2026-08-19T22:03:20.182030+09:00
Rider Tag,140.0,1.0,success,False,2026-08-19T13:41:17.239436+09:00
Rider Tally,,,failed,False,2026-08-21T00:26:28.007677+09:00
Rider Tariff,,,failed,False,2026-08-21T02:43:40.530663+09:00
Rider Tax,10.0,6.0,success,False,2026-08-21T02:11:15.261095+09:00
Rider Ticket,1300.0,41.0,success,False,2026-08-19T21:16:46.731573+09:00
Rider Tier,10.0,0.0,success,False,2026-08-28T00:48:23.790188+09:00
Rider Timeline,,,failed,False,2026-08-19T21:16:00.282567+09:00
Rider Token,10.0,0.0,success,False,2026-08-23T13:26:30.213560+09:00
Rider Toll,,,failed,False,2026-08-21T02:43:35.121601+09:00
Rider Toolbox,170.0,3.0,success,False,2026-08-28T00:26:34.139001+09:00
Rider Toolkit,,,failed,False,2026-08-18T22:10:08.621452+09:00
Rider Total,,,failed,False,2026-08-27T23:14:19.159911+09:00
Rider Tracker,320.0,0.0,success,False,2026-08-17T20:38:40.859557+09:00
Rider Trail,40.0,1.0,success,False,2026-08-17T21:30:10.122952+09:00
Rider Trial,40.0,7.0,success,False,2026-08-27T21:15:51.614768+09:00
Rider Unit,70.0,15.0,success,False,2026-08-21T01:54:45.555150+09:00
Rider Update,170.0,1.0,success,False,2026-08-19T20:41:45.467674+09:00
Rider Value,10.0,0.0,success,False,2026-08-23T02:57:45.364347+09:00
Rider Vault,,,failed,False,2026-08-18T07:52:10.902319+09:00
Rider Version,170.0,0.0,success,False,2026-08-23T03:23:43.125766+09:00
Rider View,90.0,0.0,success,False,2026-08-19T20:41:06.982103+09:00
Rider Watch,590.0,19.0,success,False,2026-08-17T21:33:04.357190+09:00
Rider Wave,6600.0,5.0,success,False,2026-08-17T20:45:58.318950+09:00
Rider Widget,,,failed,False,2026-08-27T23:14:19.159911+09:00
Rider Workbench,,,failed,False,2026-08-18T22:10:02.231985+09:00
Rider Worksheet,,,failed,False,2026-08-27T22:10:29.150854+09:00
Rider Zone,4400.0,5.0,success,False,2026-08-18T07:52:49.362329+09:00
Rights Advance,,,failed,False,2026-08-23T16:14:37.846068+09:00
Rights Advisory,30.0,2.0,success,False,2026-08-21T01:05:09.510273+09:00
Rights Allowance,,,failed,False,2026-08-21T02:45:36.117852+09:00
Rights Almanac,,,failed,False,2026-08-18T22:03:11.971226+09:00
Rights Analyzer,,,failed,False,2026-08-27T23:58:48.183628+09:00
Rights Anchor,10.0,,success,False,2026-08-17T20:39:11.470645+09:00
Rights Announcement,,,failed,False,2026-08-27T23:36:23.122509+09:00
Rights Arrears,,,failed,False,2026-08-23T16:14:37.846068+09:00
Rights Asset,,,failed,False,2026-08-23T13:46:47.656789+09:00
Rights Assistant,140.0,2.0,success,False,2026-08-17T23:06:14.261884+09:00
Rights Atlas,,,failed,False,2026-08-17T21:40:01.418165+09:00
Rights Attribute,,,failed,False,2026-08-23T13:06:00.621707+09:00
Rights Badge,,,failed,False,2026-08-21T00:30:34.487987+09:00
Rights Balance,,,failed,False,2026-08-23T13:46:45.487661+09:00
Rights Base,,,failed,False,2026-08-17T21:35:38.144027+09:00
Rights Beacon,,,failed,False,2026-08-17T20:42:21.345142+09:00
Rights Bill,450000.0,16.0,success,False,2026-08-19T21:47:38.670449+09:00
Rights Blueprint,,,failed,False,2026-08-18T22:03:00.985111+09:00
Rights Board,,,failed,False,2026-08-17T21:32:28.090728+09:00
Rights Book,390.0,8.0,success,False,2026-08-19T21:48:48.534569+09:00
Rights Bridge,,,failed,False,2026-08-17T20:40:03.112671+09:00
Rights Brief,,,failed,False,2026-08-21T01:04:56.218179+09:00
Rights Bulletin,,,failed,False,2026-08-21T01:04:53.420072+09:00
Rights Cabinet,,,failed,False,2026-08-27T23:15:30.690091+09:00
Rights Calculator,40.0,0.0,success,False,2026-08-27T23:36:25.651250+09:00
Rights Calendar,,,failed,False,2026-08-19T00:01:01.996823+09:00
Rights Card,1000.0,9.0,success,False,2026-08-19T13:27:35.770715+09:00
Rights Cascade,,,failed,False,2026-08-17T20:40:49.686418+09:00
Rights Cash,,,failed,False,2026-08-21T02:29:56.209810+09:00
Rights Category,,,failed,False,2026-08-23T13:05:58.112221+09:00
Rights Center,390.0,5.0,success,False,2026-08-17T20:44:32.138425+09:00
Rights Chain,10.0,2.0,success,False,2026-08-17T20:34:02.071546+09:00
Rights Charge,,,failed,False,2026-08-21T02:45:23.002534+09:00
Rights Check,1600.0,4.0,success,False,2026-08-19T13:27:56.460670+09:00
Rights Checker,,,failed,False,2026-08-27T23:58:43.283075+09:00
Rights Circular,,,failed,False,2026-08-21T01:05:05.236354+09:00
Rights Cockpit,,,failed,False,2026-08-17T23:29:43.400125+09:00
Rights Code,1300.0,4.0,success,False,2026-08-19T21:48:07.459723+09:00
Rights Codex,,,failed,False,2026-08-18T22:03:46.428497+09:00
Rights Companion,,,failed,False,2026-08-17T23:04:07.422993+09:00
Rights Comparison,,,failed,False,2026-08-28T01:09:03.847299+09:00
Rights Compass,,,failed,False,2026-08-17T20:43:16.751377+09:00
Rights Compendium,,,failed,False,2026-08-18T22:03:23.896977+09:00
Rights Confirmation,,,failed,False,2026-08-21T01:05:26.897512+09:00
Rights Console,,,failed,False,2026-08-17T20:42:01.579820+09:00
Rights Core,,,failed,False,2026-08-17T21:34:34.023181+09:00
Rights Cost,,,failed,False,2026-08-21T02:13:25.435180+09:00
Rights Count,,,failed,False,2026-08-27T22:49:51.876514+09:00
Rights Counter,,,failed,False,2026-08-19T00:01:49.817235+09:00
Rights Dashboard,,,failed,False,2026-08-17T23:09:46.743330+09:00
Rights Deal,10.0,0.0,success,False,2026-08-21T01:57:22.977623+09:00
Rights Debt,,,failed,False,2026-08-21T02:29:47.040271+09:00
Rights Deck,,,failed,False,2026-08-17T21:31:17.550614+09:00
Rights Depot,,,failed,False,2026-08-19T00:01:35.413805+09:00
Rights Desk,,,failed,False,2026-08-17T20:47:07.356899+09:00
Rights Detail,,,failed,False,2026-08-23T03:16:04.926690+09:00
Rights Detector,,,failed,False,2026-08-27T23:58:45.722079+09:00
Rights Diagram,10.0,0.0,success,False,2026-08-27T22:12:34.170808+09:00
Rights Dial,,,failed,False,2026-08-17T20:40:27.760312+09:00
Rights Digest,,,failed,False,2026-08-19T20:46:13.766068+09:00
Rights Directory,,,failed,False,2026-08-19T00:01:12.720919+09:00
Rights Discount,,,failed,False,2026-08-23T16:14:21.823505+09:00
Rights Dock,,,failed,False,2026-08-17T20:36:52.122948+09:00
Rights Dossier,,,failed,False,2026-08-21T01:05:29.532542+09:00
Rights Downpayment,,,failed,False,2026-08-27T21:48:18.349819+09:00
Rights Draft,,,failed,False,2026-08-19T20:46:24.803660+09:00
Rights Due,,,failed,False,2026-08-23T15:51:44.971205+09:00
Rights Duty,,,failed,False,2026-08-21T02:45:28.044980+09:00
Rights Engine,,,failed,False,2026-08-17T23:28:30.057187+09:00
Rights Entry,,,failed,False,2026-08-21T01:05:46.512536+09:00
Rights Estimate,,,failed,False,2026-08-19T21:32:28.691012+09:00
Rights Estimator,,,failed,False,2026-08-27T23:58:38.877794+09:00
Rights Excerpt,,,failed,False,2026-08-21T01:05:43.113119+09:00
Rights Extension,,,failed,False,2026-08-23T16:39:03.767500+09:00
Rights Fare,,,failed,False,2026-08-21T02:13:34.693364+09:00
Rights Fee,30.0,0.0,success,False,2026-08-21T01:57:08.672731+09:00
Rights Feed,,,failed,False,2026-08-19T20:46:20.200545+09:00
Rights Field,,,failed,False,2026-08-23T13:06:02.918045+09:00
Rights File,,,failed,False,2026-08-19T20:45:53.854460+09:00
Rights Finder,,,failed,False,2026-08-19T00:01:28.091265+09:00
Rights Fine,,,failed,False,2026-08-23T02:52:43.639669+09:00
Rights Flag,140.0,8.0,success,False,2026-08-21T00:31:14.600161+09:00
Rights Flow,10.0,0.0,success,False,2026-08-17T21:31:52.108049+09:00
Rights Forge,,,failed,False,2026-08-17T20:41:38.152103+09:00
Rights Form,260.0,0.0,success,False,2026-08-19T13:27:18.608287+09:00
Rights Format,,,failed,False,2026-08-23T13:06:05.538611+09:00
Rights Frame,,,failed,False,2026-08-17T21:36:38.708092+09:00
Rights Fund,320.0,0.0,success,False,2026-08-21T02:29:49.445628+09:00
Rights Gate,,,failed,False,2026-08-18T07:52:10.902319+09:00
Rights Generator,,,failed,False,2026-08-27T23:36:29.882311+09:00
Rights Grade,,,failed,False,2026-08-21T00:30:57.917323+09:00
Rights Graph,,,failed,False,2026-08-27T22:12:17.686005+09:00
Rights Grid,,,failed,False,2026-08-17T20:34:29.454165+09:00
Rights Guarantee,,,failed,False,2026-08-28T01:09:06.544338+09:00
Rights Guard,,,failed,False,2026-08-17T21:35:06.399475+09:00
Rights Guardian,10.0,0.0,success,False,2026-08-28T00:27:17.609628+09:00
Rights Guidebook,,,failed,False,2026-08-18T22:02:42.227147+09:00
Rights Helpdesk,,,failed,False,2026-08-27T22:49:51.876514+09:00
Rights Helper,,,failed,False,2026-08-28T00:27:21.214223+09:00
Rights History,260.0,0.0,success,False,2026-08-19T20:45:48.837053+09:00
Rights Hub,880.0,3.0,success,False,2026-08-17T21:30:43.453478+09:00
Rights Identifier,,,failed,False,2026-08-23T13:05:55.726817+09:00
Rights Index,,,failed,False,2026-08-19T21:32:17.835679+09:00
Rights Insight,,,failed,False,2026-08-17T23:29:25.330773+09:00
Rights Installment,,,failed,False,2026-08-23T16:14:33.783950+09:00
Rights Interest,,,failed,False,2026-08-23T13:46:45.487661+09:00
Rights Item,,,failed,False,2026-08-21T01:57:13.280090+09:00
Rights Journal,10.0,0.0,success,False,2026-08-18T23:52:05.169270+09:00
Rights Keeper,,,failed,False,2026-08-17T21:37:10.762781+09:00
Rights Lab,70.0,0.0,success,False,2026-08-17T20:47:50.375793+09:00
Rights Label,,,failed,False,2026-08-27T22:12:21.251456+09:00
Rights Ledger,20.0,0.0,success,False,2026-08-17T21:33:30.231055+09:00
Rights Lens,110.0,3.0,success,False,2026-08-17T21:37:46.877382+09:00
Rights Level,,,failed,False,2026-08-19T20:46:00.045081+09:00
Rights Levy,,,failed,False,2026-08-23T13:46:47.656789+09:00
Rights Link,1300.0,4.0,success,False,2026-08-23T03:15:55.657138+09:00
Rights List,720.0,2.0,success,False,2026-08-19T21:48:19.671606+09:00
Rights Loan,,,failed,False,2026-08-21T02:13:39.971656+09:00
Rights Locator,,,failed,False,2026-08-19T00:01:21.334255+09:00
Rights Lock,,,failed,False,2026-08-17T21:41:16.664514+09:00
Rights Log,,,failed,False,2026-08-19T13:27:07.663216+09:00
Rights Loop,,,failed,False,2026-08-17T20:35:20.751202+09:00
Rights Manager,4400.0,2.0,success,False,2026-08-17T21:36:12.498401+09:00
Rights Manual,,,failed,False,2026-08-27T22:12:21.251456+09:00
Rights Map,,,failed,False,2026-08-17T21:39:13.221117+09:00
Rights Margin,,,failed,False,2026-08-23T02:52:39.945062+09:00
Rights Markup,,,failed,False,2026-08-23T16:39:00.201041+09:00
Rights Memo,,,failed,False,2026-08-21T00:31:05.602481+09:00
Rights Message,,,failed,False,2026-08-27T23:15:28.257448+09:00
Rights Meter,,,failed,False,2026-08-17T20:39:33.830984+09:00
Rights Metrics,,,failed,False,2026-08-17T23:14:57.452489+09:00
Rights Monitor,20.0,0.0,success,False,2026-08-17T23:08:04.686791+09:00
Rights Navigator,,,failed,False,2026-08-17T23:30:01.630713+09:00
Rights Nexus,,,failed,False,2026-08-17T21:41:47.180143+09:00
Rights Node,,,failed,False,2026-08-17T20:31:52.293572+09:00
Rights Note,,,failed,False,2026-08-19T13:28:10.656877+09:00
Rights Notification,10.0,0.0,success,False,2026-08-27T22:49:42.275363+09:00
Rights Number,,,failed,False,2026-08-23T03:15:49.113628+09:00
Rights Office,70.0,1.0,success,False,2026-08-19T00:01:40.731758+09:00
Rights Ops,,,failed,False,2026-08-17T23:11:21.548397+09:00
Rights Order,,,failed,False,2026-08-19T21:47:24.408619+09:00
Rights Organizer,,,failed,False,2026-08-17T23:29:07.663083+09:00
Rights Outline,,,failed,False,2026-08-27T22:29:07.164636+09:00
Rights Overage,,,failed,False,2026-08-27T21:48:16.120561+09:00
Rights Overdue,,,failed,False,2026-08-27T21:48:11.561191+09:00
Rights Panel,,,failed,False,2026-08-17T20:41:11.362619+09:00
Rights Pass,,,failed,False,2026-08-21T00:30:19.986675+09:00
Rights Path,390.0,0.0,success,False,2026-08-18T07:52:58.974940+09:00
Rights Payoff,,,failed,False,2026-08-27T21:48:13.959890+09:00
Rights Penalty,,,failed,False,2026-08-23T16:39:00.201041+09:00
Rights Petition,260.0,0.0,success,False,2026-08-21T01:05:22.302548+09:00
Rights Pilot,,,failed,False,2026-08-17T20:48:26.612997+09:00
Rights Plan,140.0,1.0,success,False,2026-08-21T01:57:21.062358+09:00
Rights Planner,,,failed,False,2026-08-17T23:28:52.290735+09:00
Rights Playbook,,,failed,False,2026-08-18T23:52:05.169270+09:00
Rights Point,,,failed,False,2026-08-18T07:53:06.257546+09:00
Rights Portal,,,failed,False,2026-08-17T20:42:50.595044+09:00
Rights Profile,,,failed,False,2026-08-19T13:28:33.821561+09:00
Rights Profit,,,failed,False,2026-08-23T02:52:30.798474+09:00
Rights Proposal,,,failed,False,2026-08-28T01:09:03.847299+09:00
Rights Pulse,,,failed,False,2026-08-17T20:33:33.696511+09:00
Rights Quota,,,failed,False,2026-08-21T00:31:09.970083+09:00
Rights Radar,90.0,2.0,success,False,2026-08-17T20:45:58.318950+09:00
Rights Rail,,,failed,False,2026-08-17T20:35:52.510868+09:00
Rights Rate,,,failed,False,2026-08-19T20:46:04.507912+09:00
Rights Recap,,,failed,False,2026-08-21T01:05:39.127217+09:00
Rights Receipt,,,failed,False,2026-08-19T21:47:49.967174+09:00
Rights Recorder,,,failed,False,2026-08-27T23:36:29.882311+09:00
Rights Redemption,1900.0,0.0,success,True,2026-08-23T16:39:03.767500+09:00
Rights Register,,,failed,False,2026-08-17T23:30:14.406427+09:00
Rights Registry,,,failed,False,2026-08-18T22:02:52.692456+09:00
Rights Relay,,,failed,False,2026-08-17T20:45:12.889782+09:00
Rights Reminder,,,failed,False,2026-08-19T21:32:10.645735+09:00
Rights Report,90.0,3.0,success,False,2026-08-19T13:26:59.554690+09:00
Rights Repository,,,failed,False,2026-08-27T23:15:33.369822+09:00
Rights Result,,,failed,False,2026-08-28T00:49:02.800291+09:00
Rights Roadmap,,,failed,False,2026-08-18T22:03:55.697842+09:00
Rights Route,,,failed,False,2026-08-17T20:37:49.257868+09:00
Rights Rule,,,failed,False,2026-08-23T03:15:59.188624+09:00
Rights Sale,140.0,2.0,success,False,2026-08-21T02:30:00.318623+09:00
Rights Sample,,,failed,False,2026-08-19T21:49:11.434209+09:00
Rights Scale,10.0,0.0,success,False,2026-08-17T20:38:40.859557+09:00
Rights Scanner,,,failed,False,2026-08-27T23:58:43.283075+09:00
Rights Scheduler,,,failed,False,2026-08-17T23:13:20.544847+09:00
Rights Scope,,,failed,False,2026-08-17T20:36:20.228244+09:00
Rights Score,,,failed,False,2026-08-19T13:28:03.494645+09:00
Rights Sentry,,,failed,False,2026-08-17T21:38:18.723173+09:00
Rights Sheet,,,failed,False,2026-08-19T13:27:45.503275+09:00
Rights Shortfall,,,failed,False,2026-08-27T21:48:20.717175+09:00
Rights Signal,,,failed,False,2026-08-17T20:38:13.537846+09:00
Rights Slip,,,failed,False,2026-08-19T21:49:01.029648+09:00
Rights Slot,,,failed,False,2026-08-19T21:49:23.695269+09:00
Rights Snapshot,,,failed,False,2026-08-18T22:02:30.753417+09:00
Rights Stage,,,failed,False,2026-08-28T00:48:57.800361+09:00
Rights Stake,,,failed,False,2026-08-23T02:52:35.436753+09:00
Rights Statement,170.0,0.0,success,False,2026-08-21T00:30:46.553076+09:00
Rights Station,,,failed,False,2026-08-17T20:46:27.690682+09:00
Rights Status,,,failed,False,2026-08-19T20:45:32.308725+09:00
Rights Stub,,,failed,False,2026-08-21T00:30:39.454023+09:00
Rights Studio,,,failed,False,2026-08-17T21:30:10.122952+09:00
Rights Suite,,,failed,False,2026-08-17T23:11:40.322748+09:00
Rights Sum,,,failed,False,2026-08-21T02:29:43.973308+09:00
Rights Summary,40.0,2.0,success,False,2026-08-19T21:31:54.531543+09:00
Rights Sync,,,failed,False,2026-08-17T21:33:04.357190+09:00
Rights Tab,,,failed,False,2026-08-21T00:31:22.902026+09:00
Rights Table,,,failed,False,2026-08-19T21:48:34.329578+09:00
Rights Tag,,,failed,False,2026-08-19T13:28:22.445633+09:00
Rights Tally,,,failed,False,2026-08-21T00:30:51.297861+09:00
Rights Tariff,,,failed,False,2026-08-21T02:45:38.713397+09:00
Rights Tax,,,failed,False,2026-08-21T02:13:34.693364+09:00
Rights Ticket,,,failed,False,2026-08-19T21:32:26.609245+09:00
Rights Tier,,,failed,False,2026-08-28T00:49:02.800291+09:00
Rights Timeline,10.0,0.0,success,False,2026-08-19T21:32:03.032645+09:00
Rights Timer,,,failed,False,2026-08-28T00:27:14.671575+09:00
Rights Toll,,,failed,False,2026-08-21T02:45:31.753294+09:00
Rights Toolbox,,,failed,False,2026-08-28T00:27:21.214223+09:00
Rights Toolkit,,,failed,False,2026-08-18T23:52:05.169270+09:00
Rights Total,,,failed,False,2026-08-27T23:15:28.257448+09:00
Rights Tracker,110.0,1.0,success,False,2026-08-17T21:34:03.414909+09:00
Rights Trail,,,failed,False,2026-08-17T20:34:53.035348+09:00
Rights Trial,,,failed,False,2026-08-27T21:17:14.401522+09:00
Rights Unit,,,failed,False,2026-08-21T01:57:18.648468+09:00
Rights Update,,,failed,False,2026-08-19T20:46:08.912085+09:00
Rights Value,1300.0,0.0,success,True,2026-08-23T02:52:33.355566+09:00
Rights Vault,,,failed,False,2026-08-17T20:44:11.907751+09:00
Rights Version,,,failed,False,2026-08-23T03:15:51.596433+09:00
Rights View,1600.0,1.0,success,False,2026-08-19T20:45:40.802029+09:00
Rights Voucher,,,failed,False,2026-08-21T00:30:27.321926+09:00
Rights Wallet,,,failed,False,2026-08-27T22:49:44.992225+09:00
Rights Watch,260.0,10.0,success,False,2026-08-17T20:37:18.091212+09:00
Rights Wave,,,failed,False,2026-08-17T20:32:26.534581+09:00
Rights Widget,,,failed,False,2026-08-27T23:15:30.690091+09:00
Rights Workbench,,,failed,False,2026-08-18T23:52:05.169270+09:00
Rights Worksheet,,,failed,False,2026-08-27T22:12:29.300608+09:00
Rights Zone,,,failed,False,2026-08-17T20:43:46.830313+09:00
Rim Advisory,,,failed,False,2026-08-21T01:09:42.916632+09:00
Rim Alert,10.0,0.0,success,False,2026-08-19T21:29:55.661249+09:00
Rim Allowance,,,failed,False,2026-08-21T02:40:04.485559+09:00
Rim Analyzer,,,failed,False,2026-08-27T23:57:45.055012+09:00
Rim Assistant,,,failed,False,2026-08-19T21:16:14.581068+09:00
Rim Atlas,260.0,84.0,success,False,2026-08-19T21:15:33.096576+09:00
Rim Attribute,,,failed,False,2026-08-23T13:08:44.526296+09:00
Rim Base,50.0,0.0,success,False,2026-08-19T21:11:25.521014+09:00
Rim Bay,,,failed,False,2026-08-19T21:20:00.703413+09:00
Rim Beacon,,,failed,False,2026-08-19T21:08:40.437861+09:00
Rim Bill,10.0,0.0,success,False,2026-08-19T21:52:28.912563+09:00
Rim Bin,,,failed,False,2026-08-19T21:30:12.319072+09:00
Rim Board,2900.0,2.0,success,False,2026-08-19T21:11:59.918866+09:00
Rim Book,1000.0,55.0,success,False,2026-08-19T21:53:29.207509+09:00
Rim Booth,,,failed,False,2026-08-19T21:19:23.397844+09:00
Rim Bridge,10.0,6.0,success,False,2026-08-19T21:09:15.467375+09:00
Rim Brief,,,failed,False,2026-08-21T01:09:32.208799+09:00
Rim Bulletin,,,failed,False,2026-08-21T01:09:26.967706+09:00
Rim Cabinet,,,failed,False,2026-08-27T23:14:19.159911+09:00
Rim Card,90.0,1.0,success,False,2026-08-19T21:31:25.099741+09:00
Rim Cascade,,,failed,False,2026-08-19T21:09:02.600791+09:00
Rim Cash,20.0,0.0,success,False,2026-08-21T02:23:11.717671+09:00
Rim Cashback,,,failed,False,2026-08-27T21:15:18.698295+09:00
Rim Catalog,90.0,28.0,success,False,2026-08-19T21:06:56.055921+09:00
Rim Category,,,failed,False,2026-08-23T13:08:42.186526+09:00
Rim Chain,30.0,1.0,success,False,2026-08-19T21:14:44.485943+09:00
Rim Charge,10.0,0.0,success,False,2026-08-21T02:39:52.714819+09:00
Rim Chart,110.0,0.0,success,False,2026-08-19T21:30:03.373519+09:00
Rim Check,110.0,21.0,success,False,2026-08-19T21:31:43.962049+09:00
Rim Checker,110.0,21.0,success,False,2026-08-27T23:57:37.780075+09:00
Rim Checklist,,,failed,False,2026-08-19T21:06:04.880535+09:00
Rim Circular,,,failed,False,2026-08-21T01:09:34.280846+09:00
Rim Code,880.0,0.0,success,False,2026-08-19T21:52:53.016557+09:00
Rim Companion,,,failed,False,2026-08-19T21:17:05.944580+09:00
Rim Comparison,320.0,2.0,success,False,2026-08-28T01:08:35.196750+09:00
Rim Compass,,,failed,False,2026-08-19T21:08:29.245582+09:00
Rim Confirmation,,,failed,False,2026-08-21T00:58:25.474774+09:00
Rim Console,,,failed,False,2026-08-19T21:13:40.486879+09:00
Rim Core,30.0,0.0,success,False,2026-08-19T21:11:34.990271+09:00
Rim Cost,590.0,25.0,success,False,2026-08-21T02:06:17.677670+09:00
Rim Count,,,failed,False,2026-08-27T22:48:41.593169+09:00
Rim Counter,,,failed,False,2026-08-19T21:19:01.988330+09:00
Rim Coupon,50.0,33.0,success,False,2026-08-27T21:15:18.698295+09:00
Rim Deal,90.0,100.0,success,False,2026-08-21T01:59:26.364386+09:00
Rim Debt,10.0,0.0,success,False,2026-08-21T02:23:00.928674+09:00
Rim Deck,,,failed,False,2026-08-19T21:12:09.668415+09:00
Rim Desk,,,failed,False,2026-08-19T21:07:49.558493+09:00
Rim Detail,170.0,76.0,success,False,2026-08-23T03:20:52.959248+09:00
Rim Diagram,170.0,0.0,success,False,2026-08-27T22:09:48.398152+09:00
Rim Digest,,,failed,False,2026-08-19T21:04:49.568415+09:00
Rim Discount,1600.0,100.0,success,False,2026-08-23T16:12:05.670450+09:00
Rim Dossier,,,failed,False,2026-08-21T00:58:30.042414+09:00
Rim Draft,,,failed,False,2026-08-19T21:05:14.341737+09:00
Rim Due,,,failed,False,2026-08-23T15:50:23.768923+09:00
Rim Duty,,,failed,False,2026-08-21T02:39:59.313025+09:00
Rim Engine,,,failed,False,2026-08-19T21:16:04.396422+09:00
Rim Entry,,,failed,False,2026-08-21T00:58:42.850183+09:00
Rim Estimate,,,failed,False,2026-08-19T21:06:46.189471+09:00
Rim Excerpt,,,failed,False,2026-08-21T00:58:38.777262+09:00
Rim Fare,,,failed,False,2026-08-21T02:06:27.364500+09:00
Rim Fee,,,failed,False,2026-08-21T01:59:10.014934+09:00
Rim Feed,50.0,0.0,success,False,2026-08-19T21:05:02.074506+09:00
Rim Field,10.0,0.0,success,False,2026-08-23T13:08:46.542285+09:00
Rim File,110.0,0.0,success,False,2026-08-19T21:03:58.078741+09:00
Rim Finder,1000.0,82.0,success,False,2026-08-19T21:18:34.619237+09:00
Rim Fine,,,failed,False,2026-08-23T02:55:28.144750+09:00
Rim Flow,50.0,0.0,success,False,2026-08-19T21:07:29.278050+09:00
Rim Forge,260.0,95.0,success,False,2026-08-19T21:08:52.385641+09:00
Rim Form,70.0,0.0,success,False,2026-08-19T21:31:17.357360+09:00
Rim Format,,,failed,False,2026-08-23T13:08:48.797339+09:00
Rim Frame,260.0,77.0,success,False,2026-08-19T21:11:14.866023+09:00
Rim Fund,,,failed,False,2026-08-21T02:23:08.764436+09:00
Rim Gate,10.0,0.0,success,False,2026-08-19T21:15:09.209545+09:00
Rim Giveaway,,,failed,False,2026-08-27T21:15:25.200797+09:00
Rim Grade,,,failed,False,2026-08-21T00:35:07.163921+09:00
Rim Guarantee,,,failed,False,2026-08-28T01:08:35.196750+09:00
Rim Harbor,,,failed,False,2026-08-19T21:29:21.643935+09:00
Rim Helper,,,failed,False,2026-08-28T00:26:50.285916+09:00
Rim History,40.0,0.0,success,False,2026-08-19T21:03:45.298500+09:00
Rim Hotline,20.0,0.0,success,False,2026-08-19T21:07:08.840903+09:00
Rim Hub,390.0,19.0,success,False,2026-08-19T21:07:38.685875+09:00
Rim Identifier,1000.0,19.0,success,False,2026-08-23T13:08:40.061584+09:00
Rim Inbox,,,failed,False,2026-08-19T21:29:49.422411+09:00
Rim Incentive,,,failed,False,2026-08-27T21:15:22.797193+09:00
Rim Index,10.0,0.0,success,False,2026-08-19T21:06:15.149170+09:00
Rim Installment,,,failed,False,2026-08-23T16:12:05.670450+09:00
Rim Item,,,failed,False,2026-08-21T01:59:17.074164+09:00
Rim Keeper,,,failed,False,2026-08-19T21:15:44.600624+09:00
Rim Kiosk,,,failed,False,2026-08-19T21:19:37.758100+09:00
Rim Kit,140.0,18.0,success,False,2026-08-27T22:48:37.138670+09:00
Rim Lab,320.0,2.0,success,False,2026-08-19T21:12:31.857265+09:00
Rim Label,10.0,0.0,success,False,2026-08-27T22:09:41.685906+09:00
Rim Ledger,,,failed,False,2026-08-19T21:11:46.371328+09:00
Rim Level,30.0,3.0,success,False,2026-08-19T21:04:11.577084+09:00
Rim Line,90.0,3.0,success,False,2026-08-19T21:30:39.077841+09:00
Rim Link,20.0,1.0,success,False,2026-08-23T03:20:42.703424+09:00
Rim List,30.0,13.0,success,False,2026-08-19T21:53:02.852702+09:00
Rim Loan,10.0,39.0,success,False,2026-08-21T02:06:40.735071+09:00
Rim Lobby,,,failed,False,2026-08-19T21:30:24.987558+09:00
Rim Locator,170.0,1.0,success,False,2026-08-19T21:18:24.331096+09:00
Rim Locker,30.0,77.0,success,False,2026-08-19T21:19:11.883317+09:00
Rim Log,10.0,0.0,success,False,2026-08-19T21:31:11.020553+09:00
Rim Manager,20.0,0.0,success,False,2026-08-19T21:15:54.238919+09:00
Rim Manual,10.0,0.0,success,False,2026-08-27T22:09:41.685906+09:00
Rim Map,210.0,0.0,success,False,2026-08-19T21:11:04.489546+09:00
Rim Margin,,,failed,False,2026-08-23T02:55:24.224280+09:00
Rim Markup,,,failed,False,2026-08-23T16:37:52.353259+09:00
Rim Memo,40.0,100.0,success,False,2026-08-21T00:35:09.628137+09:00
Rim Monitor,,,failed,False,2026-08-19T21:16:50.838174+09:00
Rim Nexus,10.0,,success,False,2026-08-19T21:15:20.790094+09:00
Rim Note,30.0,0.0,success,False,2026-08-19T21:31:59.320296+09:00
Rim Number,590.0,1.0,success,False,2026-08-23T03:20:35.213515+09:00
Rim Office,40.0,2.0,success,False,2026-08-19T21:18:46.381283+09:00
Rim Ops,,,failed,False,2026-08-19T21:17:27.324738+09:00
Rim Order,40.0,93.0,success,False,2026-08-19T21:52:13.387437+09:00
Rim Outpost,,,failed,False,2026-08-19T21:29:05.227189+09:00
Rim Panel,,,failed,False,2026-08-19T21:13:52.940752+09:00
Rim Pass,170.0,8.0,success,False,2026-08-21T00:34:44.893530+09:00
Rim Passport,10.0,0.0,success,False,2026-08-19T21:30:18.297847+09:00
Rim Path,,,failed,False,2026-08-19T21:10:39.923410+09:00
Rim Penalty,,,failed,False,2026-08-23T16:37:49.888860+09:00
Rim Petition,,,failed,False,2026-08-21T01:09:44.260038+09:00
Rim Plan,20.0,1.0,success,False,2026-08-21T01:59:23.833736+09:00
Rim Plaza,90.0,7.0,success,False,2026-08-19T21:29:12.327035+09:00
Rim Portal,720.0,0.0,success,False,2026-08-19T21:13:28.219579+09:00
Rim Post,30.0,0.0,success,False,2026-08-19T21:20:12.462826+09:00
Rim Profile,210.0,9.0,success,False,2026-08-19T21:32:15.548375+09:00
Rim Profit,10.0,,success,False,2026-08-23T02:55:13.896073+09:00
Rim Proposal,,,failed,False,2026-08-28T01:08:35.196750+09:00
Rim Queue,,,failed,False,2026-08-19T21:06:37.485931+09:00
Rim Radar,,,failed,False,2026-08-19T21:07:58.848698+09:00
Rim Rail,20.0,0.0,success,False,2026-08-19T21:14:23.234492+09:00
Rim Rate,40.0,2.0,success,False,2026-08-19T21:04:24.508436+09:00
Rim Recap,,,failed,False,2026-08-21T00:59:26.114490+09:00
Rim Receipt,,,failed,False,2026-08-19T21:52:37.480660+09:00
Rim Redemption,,,failed,False,2026-08-23T16:37:54.537855+09:00
Rim Register,170.0,2.0,success,False,2026-08-19T21:17:17.082757+09:00
Rim Relay,10.0,0.0,success,False,2026-08-19T21:08:09.987838+09:00
Rim Reminder,,,failed,False,2026-08-19T21:05:52.966416+09:00
Rim Report,50.0,2.0,success,False,2026-08-19T21:31:03.580111+09:00
Rim Repository,,,failed,False,2026-08-27T23:14:19.159911+09:00
Rim Ring,390.0,66.0,success,False,2026-08-19T21:14:58.322778+09:00
Rim Roll,70.0,10.0,success,False,2026-08-19T21:30:56.024739+09:00
Rim Roster,,,failed,False,2026-08-19T21:29:42.361641+09:00
Rim Route,,,failed,False,2026-08-19T21:14:12.923572+09:00
Rim Rule,,,failed,False,2026-08-23T03:20:50.654201+09:00
Rim Sale,22200.0,100.0,success,False,2026-08-21T02:23:20.274615+09:00
Rim Sample,30.0,6.0,success,False,2026-08-19T21:53:54.593034+09:00
Rim Scale,,,failed,False,2026-08-19T21:14:03.656959+09:00
Rim Scanner,50.0,2.0,success,False,2026-08-27T23:57:37.780075+09:00
Rim Scheduler,,,failed,False,2026-08-19T21:16:39.026055+09:00
Rim Schematic,,,failed,False,2026-08-27T22:28:51.186281+09:00
Rim Scope,,,failed,False,2026-08-19T21:09:52.138956+09:00
Rim Score,,,failed,False,2026-08-19T21:31:52.488938+09:00
Rim Serial,590.0,0.0,success,False,2026-08-23T13:28:10.942428+09:00
Rim Sheet,170.0,39.0,success,False,2026-08-19T21:31:33.933839+09:00
Rim Shelf,50.0,83.0,success,False,2026-08-19T21:29:36.124531+09:00
Rim Signal,,,failed,False,2026-08-19T21:09:29.663933+09:00
Rim Slip,70.0,53.0,success,False,2026-08-19T21:53:43.821939+09:00
Rim Slot,,,failed,False,2026-08-19T21:54:06.004532+09:00
Rim Statement,10.0,0.0,success,False,2026-08-21T00:35:01.453915+09:00
Rim Station,390.0,0.0,success,False,2026-08-19T21:12:41.804289+09:00
Rim Status,10.0,32.0,success,False,2026-08-19T21:32:23.492274+09:00
Rim Studio,170.0,0.0,success,False,2026-08-19T21:12:22.393942+09:00
Rim Sum,,,failed,False,2026-08-21T02:22:58.653942+09:00
Rim Summary,10.0,,success,False,2026-08-19T21:05:26.715187+09:00
Rim Table,1000.0,42.0,success,False,2026-08-19T21:53:20.741685+09:00
Rim Tag,50.0,45.0,success,False,2026-08-19T21:32:08.265719+09:00
Rim Tariff,10.0,0.0,success,False,2026-08-21T02:40:07.402959+09:00
Rim Tax,10.0,,success,False,2026-08-21T02:06:36.583403+09:00
Rim Terminal,,,failed,False,2026-08-19T21:12:53.220290+09:00
Rim Ticker,20.0,0.0,success,False,2026-08-19T21:30:33.343002+09:00
Rim Ticket,,,failed,False,2026-08-19T21:06:27.741536+09:00
Rim Timeline,10.0,,success,False,2026-08-19T21:05:39.916573+09:00
Rim Toll,,,failed,False,2026-08-21T02:40:01.670619+09:00
Rim Toolbox,,,failed,False,2026-08-28T00:26:47.602211+09:00
Rim Total,10.0,0.0,success,False,2026-08-27T23:14:15.197354+09:00
Rim Tower,70.0,1.0,success,False,2026-08-19T21:29:28.610068+09:00
Rim Tracker,1600.0,0.0,success,True,2026-08-19T21:07:19.840236+09:00
Rim Trail,5400.0,7.0,success,False,2026-08-19T21:14:34.800336+09:00
Rim Trial,40.0,1.0,success,False,2026-08-27T21:15:22.797193+09:00
Rim Unit,20.0,0.0,success,False,2026-08-21T01:59:20.402285+09:00
Rim Update,10.0,0.0,success,False,2026-08-19T21:04:38.364310+09:00
Rim Value,50.0,2.0,success,False,2026-08-23T02:55:17.140000+09:00
Rim Vault,30.0,9.0,success,False,2026-08-19T21:08:19.397533+09:00
Rim Version,10.0,0.0,success,False,2026-08-23T03:20:39.175053+09:00
Rim View,390.0,6.0,success,False,2026-08-19T21:03:30.036000+09:00
Rim Voucher,,,failed,False,2026-08-21T00:34:49.507039+09:00
Rim Watch,3600.0,95.0,success,False,2026-08-19T21:09:42.547953+09:00
Rim Widget,,,failed,False,2026-08-27T23:14:15.197354+09:00
Rim Window,,,failed,False,2026-08-19T21:30:47.462824+09:00
Rim Workshop,,,failed,False,2026-08-28T00:26:44.575613+09:00
Rim Yard,,,failed,False,2026-08-19T21:19:49.170898+09:00
Rim Zone,320.0,95.0,success,False,2026-08-19T21:13:17.515413+09:00
Roaming Advisory,,,failed,False,2026-08-21T00:58:22.319025+09:00
Roaming Allowance,20.0,14.0,success,False,2026-08-21T02:38:59.400124+09:00
Roaming Almanac,,,failed,False,2026-08-18T22:04:25.779407+09:00
Roaming Analyzer,,,failed,False,2026-08-27T23:57:57.910775+09:00
Roaming Anchor,,,failed,False,2026-08-17T21:31:41.054400+09:00
Roaming Announcement,,,failed,False,2026-08-27T23:35:50.995626+09:00
Roaming Arrears,,,failed,False,2026-08-23T16:14:49.657074+09:00
Roaming Assistant,480.0,3.0,success,False,2026-08-17T23:07:36.976637+09:00
Roaming Atlas,,,failed,False,2026-08-17T20:40:20.065990+09:00
Roaming Badge,,,failed,False,2026-08-21T00:35:57.334663+09:00
Roaming Balance,30.0,10.0,success,False,2026-08-23T13:47:07.330354+09:00
Roaming Base,210.0,29.0,success,False,2026-08-17T20:37:11.919122+09:00
Roaming Beacon,,,failed,False,2026-08-17T21:36:00.741055+09:00
Roaming Bill,40.0,0.0,success,False,2026-08-19T22:01:39.954435+09:00
Roaming Blueprint,,,failed,False,2026-08-18T22:04:12.568895+09:00
Roaming Board,390.0,9.0,success,False,2026-08-17T20:34:19.305897+09:00
Roaming Book,140.0,7.0,success,False,2026-08-19T22:02:31.549197+09:00
Roaming Bridge,,,failed,False,2026-08-17T21:32:53.372558+09:00
Roaming Brief,,,failed,False,2026-08-21T01:09:36.550865+09:00
Roaming Bulletin,,,failed,False,2026-08-21T01:09:32.208799+09:00
Roaming Calculator,50.0,4.0,success,False,2026-08-27T23:35:57.257837+09:00
Roaming Calendar,,,failed,False,2026-08-18T23:58:32.218218+09:00
Roaming Card,110.0,68.0,success,False,2026-08-19T13:27:07.663216+09:00
Roaming Cascade,,,failed,False,2026-08-17T21:33:53.413747+09:00
Roaming Cash,,,failed,False,2026-08-21T02:23:05.228659+09:00
Roaming Catalog,,,failed,False,2026-08-19T21:17:57.500423+09:00
Roaming Center,20.0,4.0,success,False,2026-08-17T21:38:46.123803+09:00
Roaming Chain,,,failed,False,2026-08-17T20:44:24.451216+09:00
Roaming Charge,3600.0,16.0,success,False,2026-08-21T02:38:51.441238+09:00
Roaming Check,20.0,6.0,success,False,2026-08-19T13:27:35.770715+09:00
Roaming Checker,20.0,3.0,success,False,2026-08-27T23:57:50.336082+09:00
Roaming Checklist,,,failed,False,2026-08-19T21:17:11.439811+09:00
Roaming Circular,,,failed,False,2026-08-21T01:09:42.916632+09:00
Roaming Cockpit,30.0,20.0,success,False,2026-08-17T23:32:14.007104+09:00
Roaming Code,210.0,3.0,success,False,2026-08-19T22:01:59.739197+09:00
Roaming Codex,,,failed,False,2026-08-18T22:04:44.992531+09:00
Roaming Companion,,,failed,False,2026-08-17T23:05:24.872109+09:00
Roaming Comparison,10.0,43.0,success,False,2026-08-28T01:08:17.879931+09:00
Roaming Compass,10.0,0.0,success,False,2026-08-17T21:36:59.022364+09:00
Roaming Compendium,,,failed,False,2026-08-18T22:04:34.092675+09:00
Roaming Confirmation,,,failed,False,2026-08-21T00:58:32.149871+09:00
Roaming Console,,,failed,False,2026-08-17T21:35:24.685319+09:00
Roaming Core,,,failed,False,2026-08-17T20:36:12.301778+09:00
Roaming Cost,3600.0,16.0,success,False,2026-08-21T02:07:29.886940+09:00
Roaming Counter,140.0,0.0,success,False,2026-08-18T23:59:24.120788+09:00
Roaming Dashboard,,,failed,False,2026-08-17T23:10:58.652260+09:00
Roaming Deal,40.0,95.0,success,False,2026-08-21T01:51:08.406585+09:00
Roaming Debt,,,failed,False,2026-08-21T02:22:54.942838+09:00
Roaming Deck,,,failed,False,2026-08-17T20:33:23.313632+09:00
Roaming Depot,,,failed,False,2026-08-18T23:59:06.121375+09:00
Roaming Desk,30.0,25.0,success,False,2026-08-18T07:53:03.495247+09:00
Roaming Detail,,,failed,False,2026-08-23T03:18:29.464352+09:00
Roaming Detector,,,failed,False,2026-08-27T23:57:55.384671+09:00
Roaming Diagram,30.0,0.0,success,False,2026-08-27T22:12:40.822062+09:00
Roaming Dial,,,failed,False,2026-08-17T21:33:22.663564+09:00
Roaming Digest,,,failed,False,2026-08-19T20:44:03.742658+09:00
Roaming Directory,320.0,0.0,success,False,2026-08-18T23:58:41.085151+09:00
Roaming Discount,,,failed,False,2026-08-23T16:14:44.482791+09:00
Roaming Dock,,,failed,False,2026-08-17T20:47:35.936558+09:00
Roaming Dossier,,,failed,False,2026-08-21T00:58:36.711570+09:00
Roaming Downpayment,,,failed,False,2026-08-27T21:48:20.717175+09:00
Roaming Draft,,,failed,False,2026-08-19T20:44:19.706681+09:00
Roaming Due,,,failed,False,2026-08-23T15:51:55.644106+09:00
Roaming Duty,,,failed,False,2026-08-21T02:38:54.796216+09:00
Roaming Engine,,,failed,False,2026-08-17T23:30:54.077179+09:00
Roaming Entry,,,failed,False,2026-08-21T00:58:49.473587+09:00
Roaming Estimate,,,failed,False,2026-08-19T21:17:49.852730+09:00
Roaming Estimator,,,failed,False,2026-08-27T23:57:47.525165+09:00
Roaming Excerpt,,,failed,False,2026-08-21T00:58:44.836971+09:00
Roaming Extension,,,failed,False,2026-08-23T16:39:14.026032+09:00
Roaming Fare,,,failed,False,2026-08-21T02:07:37.270032+09:00
Roaming Fee,320.0,9.0,success,False,2026-08-21T01:50:46.788824+09:00
Roaming Feed,,,failed,False,2026-08-19T20:44:12.620754+09:00
Roaming File,40.0,0.0,success,False,2026-08-19T20:43:39.981777+09:00
Roaming Finder,,,failed,False,2026-08-18T23:58:57.268328+09:00
Roaming Fine,10.0,43.0,success,False,2026-08-23T02:54:26.725947+09:00
Roaming Flag,,,failed,False,2026-08-21T00:36:28.428699+09:00
Roaming Flow,50.0,25.0,success,False,2026-08-17T20:33:54.236742+09:00
Roaming Forge,,,failed,False,2026-08-17T21:34:55.256705+09:00
Roaming Form,70.0,0.0,success,False,2026-08-19T13:26:44.223162+09:00
Roaming Frame,,,failed,False,2026-08-17T20:38:07.696860+09:00
Roaming Fund,,,failed,False,2026-08-21T02:23:00.928674+09:00
Roaming Gate,10.0,0.0,success,False,2026-08-17T20:41:55.751231+09:00
Roaming Grade,,,failed,False,2026-08-21T00:36:16.111706+09:00
Roaming Graph,,,failed,False,2026-08-27T22:12:17.686005+09:00
Roaming Grid,,,failed,False,2026-08-17T20:44:54.516764+09:00
Roaming Guarantee,,,failed,False,2026-08-28T01:08:20.327245+09:00
Roaming Guard,70.0,5.0,success,False,2026-08-17T20:36:40.845127+09:00
Roaming Guardian,,,failed,False,2026-08-28T00:26:47.602211+09:00
Roaming Guidebook,,,failed,False,2026-08-18T22:03:51.381490+09:00
Roaming Helpdesk,20.0,17.0,success,False,2026-08-27T22:49:35.364614+09:00
Roaming Helper,,,failed,False,2026-08-28T00:26:50.285916+09:00
Roaming History,30.0,0.0,success,False,2026-08-19T20:43:28.887944+09:00
Roaming Hotline,260.0,15.0,success,False,2026-08-19T21:18:07.179482+09:00
Roaming Hub,320.0,8.0,success,False,2026-08-17T20:32:49.512310+09:00
Roaming Identifier,,,failed,False,2026-08-23T13:06:56.024749+09:00
Roaming Index,10.0,,success,False,2026-08-19T21:17:21.944279+09:00
Roaming Insight,,,failed,False,2026-08-17T23:31:50.854430+09:00
Roaming Item,30.0,0.0,success,False,2026-08-21T01:51:00.424955+09:00
Roaming Journal,,,failed,False,2026-08-18T22:03:18.976552+09:00
Roaming Keeper,,,failed,False,2026-08-17T20:38:32.473394+09:00
Roaming Lab,,,failed,False,2026-08-18T07:52:08.139884+09:00
Roaming Label,,,failed,False,2026-08-27T22:12:21.251456+09:00
Roaming Ledger,,,failed,False,2026-08-17T20:35:15.216607+09:00
Roaming Lens,10.0,0.0,success,False,2026-08-17T20:39:04.557611+09:00
Roaming Levy,,,failed,False,2026-08-23T13:47:09.314181+09:00
Roaming Link,,,failed,False,2026-08-23T03:18:21.895981+09:00
Roaming List,2400.0,0.0,success,True,2026-08-19T22:02:09.365210+09:00
Roaming Loan,,,failed,False,2026-08-21T02:07:46.443072+09:00
Roaming Locator,,,failed,False,2026-08-18T23:58:49.693970+09:00
Roaming Lock,70.0,0.0,success,False,2026-08-17T20:40:44.017242+09:00
Roaming Log,,,failed,False,2026-08-19T13:26:18.300818+09:00
Roaming Loop,,,failed,False,2026-08-17T20:45:52.903104+09:00
Roaming Manager,40.0,1.0,success,False,2026-08-17T20:37:39.748297+09:00
Roaming Manual,,,failed,False,2026-08-27T22:12:29.300608+09:00
Roaming Map,170.0,1.0,success,False,2026-08-17T20:39:54.147287+09:00
Roaming Margin,,,failed,False,2026-08-23T02:54:23.224881+09:00
Roaming Markup,,,failed,False,2026-08-23T16:39:07.006923+09:00
Roaming Memo,,,failed,False,2026-08-21T00:36:18.143483+09:00
Roaming Message,110.0,3.0,success,False,2026-08-27T23:15:00.482378+09:00
Roaming Meter,,,failed,False,2026-08-17T21:32:17.170130+09:00
Roaming Metrics,,,failed,False,2026-08-17T23:03:41.404316+09:00
Roaming Monitor,,,failed,False,2026-08-17T23:09:22.045461+09:00
Roaming Navigator,,,failed,False,2026-08-17T23:32:27.078253+09:00
Roaming Nexus,10.0,0.0,success,False,2026-08-17T20:41:06.345123+09:00
Roaming Node,,,failed,False,2026-08-17T20:42:41.908187+09:00
Roaming Note,,,failed,False,2026-08-19T13:27:56.460670+09:00
Roaming Notification,10.0,0.0,success,False,2026-08-27T22:49:29.573658+09:00
Roaming Number,1000.0,5.0,success,False,2026-08-23T03:18:14.803596+09:00
Roaming Office,50.0,28.0,success,False,2026-08-18T23:59:14.499030+09:00
Roaming Ops,,,failed,False,2026-08-17T23:12:33.022666+09:00
Roaming Order,,,failed,False,2026-08-19T22:01:27.807092+09:00
Roaming Organizer,,,failed,False,2026-08-17T23:31:33.228756+09:00
Roaming Outline,,,failed,False,2026-08-27T22:29:07.164636+09:00
Roaming Overage,,,failed,False,2026-08-27T21:48:18.349819+09:00
Roaming Overdraft,,,failed,False,2026-08-23T15:51:55.644106+09:00
Roaming Overdue,,,failed,False,2026-08-27T21:48:13.959890+09:00
Roaming Panel,,,failed,False,2026-08-17T21:34:26.372304+09:00
Roaming Pass,590.0,42.0,success,False,2026-08-21T00:35:46.572141+09:00
Roaming Path,10.0,0.0,success,False,2026-08-17T20:42:15.711128+09:00
Roaming Payoff,,,failed,False,2026-08-27T21:48:16.120561+09:00
Roaming Penalty,,,failed,False,2026-08-23T16:39:07.006923+09:00
Roaming Petition,,,failed,False,2026-08-21T00:58:27.692575+09:00
Roaming Pilot,,,failed,False,2026-08-17T20:31:38.107939+09:00
Roaming Plan,1000.0,58.0,success,False,2026-08-21T01:51:12.065747+09:00
Roaming Planner,,,failed,False,2026-08-17T23:31:17.212800+09:00
Roaming Playbook,,,failed,False,2026-08-18T22:03:07.731550+09:00
Roaming Point,10.0,14.0,success,False,2026-08-17T20:41:27.066117+09:00
Roaming Portal,,,failed,False,2026-08-17T21:36:30.682605+09:00
Roaming Profile,1000.0,1.0,success,False,2026-08-19T13:28:10.656877+09:00
Roaming Profit,,,failed,False,2026-08-23T02:54:15.524012+09:00
Roaming Pulse,,,failed,False,2026-08-17T20:44:06.631034+09:00
Roaming Queue,10.0,,success,False,2026-08-19T21:17:42.432873+09:00
Roaming Quota,,,failed,False,2026-08-21T00:36:23.638187+09:00
Roaming Radar,,,failed,False,2026-08-17T21:41:39.306179+09:00
Roaming Rail,,,failed,False,2026-08-17T20:46:20.020027+09:00
Roaming Rate,210.0,14.0,success,False,2026-08-19T20:43:52.054689+09:00
Roaming Recap,,,failed,False,2026-08-21T00:59:26.114490+09:00
Roaming Receipt,,,failed,False,2026-08-19T22:01:48.957551+09:00
Roaming Recorder,,,failed,False,2026-08-27T23:36:01.279667+09:00
Roaming Redemption,,,failed,False,2026-08-23T16:39:10.446274+09:00
Roaming Register,,,failed,False,2026-08-17T23:32:42.825846+09:00
Roaming Registry,,,failed,False,2026-08-18T22:04:03.001846+09:00
Roaming Relay,,,failed,False,2026-08-17T21:39:37.908878+09:00
Roaming Reminder,,,failed,False,2026-08-19T21:16:57.743794+09:00
Roaming Report,,,failed,False,2026-08-19T13:26:10.178451+09:00
Roaming Repository,,,failed,False,2026-08-27T23:15:10.643747+09:00
Roaming Roadmap,,,failed,False,2026-08-18T22:04:56.544925+09:00
Roaming Route,10.0,0.0,success,False,2026-08-17T21:30:00.229933+09:00
Roaming Rule,,,failed,False,2026-08-23T03:18:25.372913+09:00
Roaming Sale,,,failed,False,2026-08-21T02:23:11.717671+09:00
Roaming Scale,,,failed,False,2026-08-17T21:31:05.600589+09:00
Roaming Scanner,10.0,0.0,success,False,2026-08-27T23:57:55.384671+09:00
Roaming Scheduler,,,failed,False,2026-08-17T23:14:31.375028+09:00
Roaming Scope,,,failed,False,2026-08-17T20:46:56.962156+09:00
Roaming Score,,,failed,False,2026-08-19T13:27:45.503275+09:00
Roaming Sentry,,,failed,False,2026-08-17T20:39:25.387216+09:00
Roaming Serial,,,failed,False,2026-08-23T13:27:40.734961+09:00
Roaming Sheet,,,failed,False,2026-08-19T13:27:15.417105+09:00
Roaming Shortfall,,,failed,False,2026-08-27T21:48:23.216174+09:00
Roaming Signal,590.0,0.0,success,False,2026-08-17T21:30:33.048254+09:00
Roaming Slip,,,failed,False,2026-08-19T22:02:41.688719+09:00
Roaming Slot,,,failed,False,2026-08-19T22:03:03.584652+09:00
Roaming Snapshot,,,failed,False,2026-08-18T22:03:32.090956+09:00
Roaming Stake,,,failed,False,2026-08-23T02:54:19.843201+09:00
Roaming Statement,,,failed,False,2026-08-21T00:36:05.920603+09:00
Roaming Station,,,failed,False,2026-08-18T07:52:19.092235+09:00
Roaming Status,210.0,0.0,success,False,2026-08-19T20:43:16.240040+09:00
Roaming Stipend,,,failed,False,2026-08-23T13:47:11.410642+09:00
Roaming Stub,,,failed,False,2026-08-21T00:36:02.867452+09:00
Roaming Studio,10.0,1.0,success,False,2026-08-17T20:32:12.868338+09:00
Roaming Subsidy,,,failed,False,2026-08-23T15:51:57.634783+09:00
Roaming Suite,,,failed,False,2026-08-17T23:12:55.157000+09:00
Roaming Sum,,,failed,False,2026-08-21T02:22:51.042353+09:00
Roaming Summary,,,failed,False,2026-08-19T21:16:32.174515+09:00
Roaming Surtax,,,failed,False,2026-08-23T15:51:59.728812+09:00
Roaming Sync,,,failed,False,2026-08-17T20:34:43.926118+09:00
Roaming Tab,,,failed,False,2026-08-21T00:36:33.618056+09:00
Roaming Table,40.0,0.0,success,False,2026-08-19T22:02:19.043714+09:00
Roaming Tag,170.0,92.0,success,False,2026-08-19T13:28:03.494645+09:00
Roaming Tally,,,failed,False,2026-08-21T00:36:11.342304+09:00
Roaming Tariff,40.0,11.0,success,False,2026-08-21T02:39:04.967500+09:00
Roaming Tax,,,failed,False,2026-08-21T02:07:41.553019+09:00
Roaming Ticket,10.0,20.0,success,False,2026-08-19T21:17:31.409694+09:00
Roaming Tier,,,failed,False,2026-08-28T00:48:30.764034+09:00
Roaming Timeline,,,failed,False,2026-08-19T21:16:45.147013+09:00
Roaming Timer,10.0,0.0,success,False,2026-08-28T00:26:44.575613+09:00
Roaming Token,,,failed,False,2026-08-23T13:27:40.734961+09:00
Roaming Toll,90.0,6.0,success,False,2026-08-21T02:38:57.143403+09:00
Roaming Toolbox,,,failed,False,2026-08-28T00:26:50.285916+09:00
Roaming Toolkit,,,failed,False,2026-08-18T22:02:59.013018+09:00
Roaming Total,10.0,4.0,success,False,2026-08-27T23:15:04.402308+09:00
Roaming Tracker,10.0,0.0,success,False,2026-08-17T20:35:45.912195+09:00
Roaming Trail,50.0,3.0,success,False,2026-08-17T20:45:28.437462+09:00
Roaming Trend,70.0,0.0,success,False,2026-08-28T01:08:15.051453+09:00
Roaming Trial,,,failed,False,2026-08-27T21:17:18.938086+09:00
Roaming Unit,,,failed,False,2026-08-21T02:05:54.756908+09:00
Roaming Update,40.0,4.0,success,False,2026-08-19T20:43:57.147560+09:00
Roaming Value,,,failed,False,2026-08-23T02:54:17.672874+09:00
Roaming Vault,,,failed,False,2026-08-17T21:38:10.743063+09:00
Roaming Version,,,failed,False,2026-08-23T03:18:18.334398+09:00
Roaming View,,,failed,False,2026-08-19T20:43:22.271749+09:00
Roaming Voucher,10.0,86.0,success,False,2026-08-21T00:35:52.521460+09:00
Roaming Watch,40.0,18.0,success,False,2026-08-17T20:48:15.314618+09:00
Roaming Wave,10.0,0.0,success,False,2026-08-17T20:43:09.097865+09:00
Roaming Widget,10.0,0.0,success,False,2026-08-27T23:15:04.402308+09:00
Roaming Workbench,,,failed,False,2026-08-18T22:02:48.638128+09:00
Roaming Worksheet,,,failed,False,2026-08-27T22:12:34.170808+09:00
Roaming Zone,170.0,13.0,success,False,2026-08-17T21:37:36.095439+09:00
Rollback Advisory,,,failed,False,2026-08-21T01:06:02.674001+09:00
Rollback Allowance,,,failed,False,2026-08-21T02:45:04.527835+09:00
Rollback Almanac,,,failed,False,2026-08-18T22:09:58.381010+09:00
Rollback Analyzer,,,failed,False,2026-08-27T23:56:11.954519+09:00
Rollback Anchor,,,failed,False,2026-08-17T21:31:08.679950+09:00
Rollback Announcement,,,failed,False,2026-08-27T23:34:39.372847+09:00
Rollback Assistant,,,failed,False,2026-08-17T23:13:53.612284+09:00
Rollback Atlas,,,failed,False,2026-08-17T20:39:57.613991+09:00
Rollback Attribute,,,failed,False,2026-08-23T13:05:09.962757+09:00
Rollback Badge,,,failed,False,2026-08-21T00:32:00.759395+09:00
Rollback Base,,,failed,False,2026-08-17T20:36:43.272468+09:00
Rollback Beacon,,,failed,False,2026-08-17T21:35:30.145341+09:00
Rollback Bill,,,failed,False,2026-08-19T21:52:35.745180+09:00
Rollback Blueprint,,,failed,False,2026-08-18T22:09:52.210960+09:00
Rollback Board,,,failed,False,2026-08-17T20:33:56.397010+09:00
Rollback Book,40.0,26.0,success,False,2026-08-19T21:53:37.602067+09:00
Rollback Bridge,,,failed,False,2026-08-17T21:32:20.148818+09:00
Rollback Brief,,,failed,False,2026-08-21T01:07:59.313235+09:00
Rollback Bulletin,,,failed,False,2026-08-21T01:05:43.113119+09:00
Rollback Calendar,,,failed,False,2026-08-19T00:01:10.174789+09:00
Rollback Card,,,failed,False,2026-08-19T13:35:27.432298+09:00
Rollback Cascade,,,failed,False,2026-08-17T21:33:24.629057+09:00
Rollback Cash,,,failed,False,2026-08-21T02:29:40.223505+09:00
Rollback Catalog,,,failed,False,2026-08-19T21:08:13.592372+09:00
Rollback Category,,,failed,False,2026-08-23T13:05:07.059909+09:00
Rollback Center,,,failed,False,2026-08-17T21:38:13.718334+09:00
Rollback Chain,,,failed,False,2026-08-17T20:44:07.827451+09:00
Rollback Charge,,,failed,False,2026-08-21T02:44:59.003058+09:00
Rollback Check,,,failed,False,2026-08-19T13:36:00.987511+09:00
Rollback Checker,,,failed,False,2026-08-27T23:56:02.652689+09:00
Rollback Checklist,,,failed,False,2026-08-19T21:07:23.410704+09:00
Rollback Circular,,,failed,False,2026-08-21T01:05:53.776527+09:00
Rollback Cockpit,,,failed,False,2026-08-17T23:26:13.004123+09:00
Rollback Code,70.0,0.0,success,False,2026-08-19T21:53:00.908408+09:00
Rollback Codex,,,failed,False,2026-08-18T22:10:14.241136+09:00
Rollback Companion,,,failed,False,2026-08-17T23:11:56.017978+09:00
Rollback Comparison,,,failed,False,2026-08-28T01:06:23.726095+09:00
Rollback Compass,,,failed,False,2026-08-17T21:36:32.684484+09:00
Rollback Compendium,,,failed,False,2026-08-18T22:10:06.625362+09:00
Rollback Confirmation,,,failed,False,2026-08-21T01:06:09.386639+09:00
Rollback Console,,,failed,False,2026-08-17T21:34:57.125142+09:00
Rollback Core,,,failed,False,2026-08-17T20:35:47.352548+09:00
Rollback Cost,,,failed,False,2026-08-21T02:13:28.177261+09:00
Rollback Count,,,failed,False,2026-08-27T22:48:03.762773+09:00
Rollback Counter,,,failed,False,2026-08-19T00:01:57.884072+09:00
Rollback Dashboard,,,failed,False,2026-08-17T23:04:40.930662+09:00
Rollback Deal,30.0,4.0,success,False,2026-08-21T02:05:54.756908+09:00
Rollback Debt,,,failed,False,2026-08-21T02:29:31.555266+09:00
Rollback Deck,10.0,0.0,success,False,2026-08-17T20:32:53.240136+09:00
Rollback Depot,,,failed,False,2026-08-19T00:01:40.731758+09:00
Rollback Desk,40.0,98.0,success,False,2026-08-18T07:52:19.092235+09:00
Rollback Detail,,,failed,False,2026-08-23T03:14:55.080924+09:00
Rollback Detector,,,failed,False,2026-08-27T23:56:11.954519+09:00
Rollback Diagram,,,failed,False,2026-08-27T22:09:51.279815+09:00
Rollback Dial,,,failed,False,2026-08-17T21:32:57.336519+09:00
Rollback Digest,,,failed,False,2026-08-19T20:37:18.555970+09:00
Rollback Directory,,,failed,False,2026-08-19T00:01:18.833283+09:00
Rollback Dock,,,failed,False,2026-08-17T20:46:59.199715+09:00
Rollback Dossier,,,failed,False,2026-08-21T01:06:12.457382+09:00
Rollback Draft,,,failed,False,2026-08-19T20:37:37.988161+09:00
Rollback Due,,,failed,False,2026-08-23T15:51:05.565275+09:00
Rollback Duty,,,failed,False,2026-08-21T02:45:01.493449+09:00
Rollback Endowment,,,failed,False,2026-08-23T15:51:11.788135+09:00
Rollback Engine,10.0,0.0,success,False,2026-08-17T23:24:52.278887+09:00
Rollback Entry,,,failed,False,2026-08-21T01:06:23.582625+09:00
Rollback Estimate,,,failed,False,2026-08-19T21:08:03.467133+09:00
Rollback Estimator,,,failed,False,2026-08-27T23:56:02.652689+09:00
Rollback Excerpt,,,failed,False,2026-08-21T01:06:19.538829+09:00
Rollback Extension,,,failed,False,2026-08-23T16:38:11.972867+09:00
Rollback Fare,,,failed,False,2026-08-21T02:13:34.693364+09:00
Rollback Fee,,,failed,False,2026-08-21T01:57:30.255883+09:00
Rollback Feed,,,failed,False,2026-08-19T20:37:28.019595+09:00
Rollback Field,,,failed,False,2026-08-23T13:05:12.905502+09:00
Rollback File,30.0,0.0,success,False,2026-08-19T20:49:19.848949+09:00
Rollback Finder,,,failed,False,2026-08-19T00:01:32.528747+09:00
Rollback Fine,,,failed,False,2026-08-23T02:58:45.466254+09:00
Rollback Flag,,,failed,False,2026-08-21T00:32:45.504063+09:00
Rollback Flow,,,failed,False,2026-08-17T20:33:24.231963+09:00
Rollback Forge,,,failed,False,2026-08-17T21:34:28.165323+09:00
Rollback Form,,,failed,False,2026-08-19T13:35:21.181056+09:00
Rollback Format,,,failed,False,2026-08-23T13:05:15.223495+09:00
Rollback Frame,170.0,0.0,success,False,2026-08-17T20:37:44.009684+09:00
Rollback Fund,,,failed,False,2026-08-21T02:29:36.697010+09:00
Rollback Gate,,,failed,False,2026-08-17T20:41:30.101842+09:00
Rollback Generator,,,failed,False,2026-08-27T23:34:44.753648+09:00
Rollback Grade,,,failed,False,2026-08-21T00:32:26.715092+09:00
Rollback Grid,,,failed,False,2026-08-17T20:44:25.446111+09:00
Rollback Guarantee,,,failed,False,2026-08-28T01:06:29.246910+09:00
Rollback Guard,,,failed,False,2026-08-17T20:36:13.174234+09:00
Rollback Guardian,,,failed,False,2026-08-28T00:25:26.159240+09:00
Rollback Guidebook,,,failed,False,2026-08-18T22:09:34.112352+09:00
Rollback Helpdesk,,,failed,False,2026-08-27T22:48:03.762773+09:00
Rollback Helper,,,failed,False,2026-08-28T00:25:29.232687+09:00
Rollback History,,,failed,False,2026-08-19T20:49:16.530394+09:00
Rollback Hotline,,,failed,False,2026-08-19T21:08:23.714003+09:00
Rollback Hub,10.0,0.0,success,False,2026-08-17T20:32:14.147491+09:00
Rollback Identifier,,,failed,False,2026-08-23T13:05:04.506045+09:00
Rollback Index,,,failed,False,2026-08-19T21:07:33.171957+09:00
Rollback Insight,,,failed,False,2026-08-17T23:25:59.230175+09:00
Rollback Item,30.0,6.0,success,False,2026-08-21T01:57:34.337774+09:00
Rollback Journal,,,failed,False,2026-08-18T22:09:19.506375+09:00
Rollback Keeper,,,failed,False,2026-08-17T20:38:08.924079+09:00
Rollback Lab,,,failed,False,2026-08-18T07:52:49.362329+09:00
Rollback Ledger,,,failed,False,2026-08-17T20:34:46.285590+09:00
Rollback Lens,,,failed,False,2026-08-17T20:38:33.752321+09:00
Rollback Level,,,failed,False,2026-08-19T20:49:25.973595+09:00
Rollback Link,,,failed,False,2026-08-23T03:14:46.268297+09:00
Rollback List,,,failed,False,2026-08-19T21:53:13.442826+09:00
Rollback Loan,,,failed,False,2026-08-21T02:13:43.743607+09:00
Rollback Locator,,,failed,False,2026-08-19T00:01:28.091265+09:00
Rollback Lock,,,failed,False,2026-08-17T20:40:21.350341+09:00
Rollback Log,10.0,0.0,success,False,2026-08-19T13:35:12.097075+09:00
Rollback Loop,,,failed,False,2026-08-17T20:45:30.439940+09:00
Rollback Manager,10.0,0.0,success,False,2026-08-17T20:37:14.189830+09:00
Rollback Manual,,,failed,False,2026-08-27T22:09:51.279815+09:00
Rollback Map,,,failed,False,2026-08-17T20:39:28.862436+09:00
Rollback Marker,,,failed,False,2026-08-23T13:26:49.261296+09:00
Rollback Memo,,,failed,False,2026-08-21T00:32:31.934653+09:00
Rollback Message,,,failed,False,2026-08-27T23:13:16.008786+09:00
Rollback Meter,,,failed,False,2026-08-17T21:31:44.399230+09:00
Rollback Metrics,,,failed,False,2026-08-17T23:10:20.263689+09:00
Rollback Monitor,,,failed,False,2026-08-17T23:15:27.187478+09:00
Rollback Navigator,,,failed,False,2026-08-17T23:26:30.057004+09:00
Rollback Nexus,,,failed,False,2026-08-17T20:40:45.689604+09:00
Rollback Node,,,failed,False,2026-08-17T20:42:16.988485+09:00
Rollback Note,,,failed,False,2026-08-19T13:36:57.023796+09:00
Rollback Notification,,,failed,False,2026-08-27T22:47:56.654242+09:00
Rollback Number,,,failed,False,2026-08-23T03:14:39.191196+09:00
Rollback Office,10.0,0.0,success,False,2026-08-19T00:01:49.817235+09:00
Rollback Ops,,,failed,False,2026-08-17T23:06:35.609380+09:00
Rollback Order,,,failed,False,2026-08-19T21:52:20.652566+09:00
Rollback Organizer,,,failed,False,2026-08-17T23:25:43.129443+09:00
Rollback Overdraft,,,failed,False,2026-08-23T15:51:07.589062+09:00
Rollback Panel,,,failed,False,2026-08-17T21:33:56.834131+09:00
Rollback Pass,,,failed,False,2026-08-21T00:31:47.591094+09:00
Rollback Path,,,failed,False,2026-08-17T20:41:57.166662+09:00
Rollback Penalty,,,failed,False,2026-08-23T16:38:09.315163+09:00
Rollback Petition,,,failed,False,2026-08-21T01:06:05.335895+09:00
Rollback Pilot,,,failed,False,2026-08-18T07:52:08.139884+09:00
Rollback Plan,390.0,0.0,success,False,2026-08-21T01:57:45.438381+09:00
Rollback Planner,,,failed,False,2026-08-17T23:25:18.715654+09:00
Rollback Playbook,,,failed,False,2026-08-18T22:09:11.269372+09:00
Rollback Point,10.0,0.0,success,False,2026-08-17T20:41:07.425187+09:00
Rollback Portal,,,failed,False,2026-08-17T21:36:05.315924+09:00
Rollback Preview,,,failed,False,2026-08-28T01:06:23.726095+09:00
Rollback Profile,,,failed,False,2026-08-19T13:37:32.755916+09:00
Rollback Profit,,,failed,False,2026-08-23T02:58:35.873995+09:00
Rollback Proposal,10.0,0.0,success,False,2026-08-28T01:06:26.504545+09:00
Rollback Pulse,,,failed,False,2026-08-17T20:43:38.857738+09:00
Rollback Queue,,,failed,False,2026-08-19T21:07:53.338438+09:00
Rollback Quota,,,failed,False,2026-08-21T00:32:40.998784+09:00
Rollback Radar,,,failed,False,2026-08-17T21:41:07.674308+09:00
Rollback Rail,,,failed,False,2026-08-17T20:45:54.147634+09:00
Rollback Rate,30.0,0.0,success,False,2026-08-19T20:49:32.682801+09:00
Rollback Recap,,,failed,False,2026-08-21T01:06:16.364943+09:00
Rollback Receipt,,,failed,False,2026-08-19T21:52:45.174751+09:00
Rollback Recorder,,,failed,False,2026-08-27T23:34:44.753648+09:00
Rollback Register,,,failed,False,2026-08-17T23:26:41.280182+09:00
Rollback Registry,10.0,0.0,success,False,2026-08-18T22:09:42.242317+09:00
Rollback Relay,,,failed,False,2026-08-17T21:39:02.253193+09:00
Rollback Reminder,,,failed,False,2026-08-19T21:07:13.159437+09:00
Rollback Report,,,failed,False,2026-08-19T13:34:28.843739+09:00
Rollback Repository,,,failed,False,2026-08-27T23:13:25.257331+09:00
Rollback Result,,,failed,False,2026-08-28T00:47:53.734178+09:00
Rollback Ring,,,failed,False,2026-08-17T22:49:19.411310+09:00
Rollback Roadmap,,,failed,False,2026-08-18T22:10:20.360888+09:00
Rollback Route,,,failed,False,2026-08-17T20:48:18.389398+09:00
Rollback Rule,10.0,0.0,success,False,2026-08-23T03:14:51.168783+09:00
Rollback Sale,1600.0,95.0,success,False,2026-08-21T02:29:43.973308+09:00
Rollback Sample,,,failed,False,2026-08-19T21:54:00.654442+09:00
Rollback Scale,,,failed,False,2026-08-17T21:30:37.005083+09:00
Rollback Scanner,,,failed,False,2026-08-27T23:56:05.344982+09:00
Rollback Scheduler,,,failed,False,2026-08-17T23:08:38.142070+09:00
Rollback Scope,,,failed,False,2026-08-17T20:46:22.420312+09:00
Rollback Score,,,failed,False,2026-08-19T13:36:47.380431+09:00
Rollback Sentry,10.0,,success,False,2026-08-17T20:39:05.666395+09:00
Rollback Sheet,,,failed,False,2026-08-19T13:35:47.282228+09:00
Rollback Signal,,,failed,False,2026-08-17T21:30:02.792774+09:00
Rollback Signature,,,failed,False,2026-08-23T13:26:49.261296+09:00
Rollback Slip,,,failed,False,2026-08-19T21:53:52.421179+09:00
Rollback Slot,,,failed,False,2026-08-19T21:54:13.234763+09:00
Rollback Snapshot,10.0,0.0,success,False,2026-08-18T22:09:25.652147+09:00
Rollback Stage,,,failed,False,2026-08-28T00:47:53.734178+09:00
Rollback Stake,,,failed,False,2026-08-23T02:58:39.272586+09:00
Rollback Stamp,,,failed,False,2026-08-23T13:26:52.809343+09:00
Rollback Statement,10.0,0.0,success,False,2026-08-21T00:32:13.850788+09:00
Rollback Station,,,failed,False,2026-08-17T21:41:42.015478+09:00
Rollback Status,10.0,0.0,success,False,2026-08-19T20:49:04.250848+09:00
Rollback Stub,,,failed,False,2026-08-21T00:32:08.971513+09:00
Rollback Studio,,,failed,False,2026-08-17T20:31:41.996994+09:00
Rollback Subsidy,,,failed,False,2026-08-23T15:51:09.680113+09:00
Rollback Suite,,,failed,False,2026-08-17T23:06:54.696813+09:00
Rollback Sum,,,failed,False,2026-08-21T02:29:27.497336+09:00
Rollback Summary,,,failed,False,2026-08-19T21:06:49.674751+09:00
Rollback Surtax,,,failed,False,2026-08-23T15:51:11.788135+09:00
Rollback Sync,,,failed,False,2026-08-17T20:34:20.444490+09:00
Rollback Tab,,,failed,False,2026-08-21T00:32:50.317142+09:00
Rollback Table,10.0,0.0,success,False,2026-08-19T21:53:27.023606+09:00
Rollback Tag,,,failed,False,2026-08-19T13:37:07.437416+09:00
Rollback Tally,,,failed,False,2026-08-21T00:32:20.380964+09:00
Rollback Tariff,10.0,57.0,success,False,2026-08-21T02:45:09.656384+09:00
Rollback Tax,320.0,0.0,success,False,2026-08-21T02:13:39.971656+09:00
Rollback Ticket,,,failed,False,2026-08-19T21:07:42.156894+09:00
Rollback Timeline,,,failed,False,2026-08-19T21:07:00.753456+09:00
Rollback Timer,,,failed,False,2026-08-28T00:25:23.676090+09:00
Rollback Token,10.0,0.0,success,False,2026-08-23T13:26:46.141852+09:00
Rollback Toll,,,failed,False,2026-08-21T02:45:04.527835+09:00
Rollback Toolbox,50.0,100.0,success,False,2026-08-28T00:25:29.232687+09:00
Rollback Toolkit,,,failed,False,2026-08-18T22:09:03.479922+09:00
Rollback Total,,,failed,False,2026-08-27T23:13:16.008786+09:00
Rollback Tracker,,,failed,False,2026-08-17T20:35:16.626138+09:00
Rollback Trail,,,failed,False,2026-08-17T20:44:58.380838+09:00
Rollback Trend,,,failed,False,2026-08-28T01:06:21.038746+09:00
Rollback Trial,,,failed,False,2026-08-27T21:15:31.900187+09:00
Rollback Unit,,,failed,False,2026-08-21T01:57:38.284860+09:00
Rollback Update,170.0,0.0,success,False,2026-08-19T20:49:38.357241+09:00
Rollback Value,10.0,0.0,success,False,2026-08-23T02:58:39.272586+09:00
Rollback Vault,,,failed,False,2026-08-17T21:37:39.097196+09:00
Rollback Version,70.0,0.0,success,False,2026-08-23T03:14:42.643964+09:00
Rollback View,,,failed,False,2026-08-19T20:49:09.969574+09:00
Rollback Voucher,,,failed,False,2026-08-21T00:31:54.895534+09:00
Rollback Watch,,,failed,False,2026-08-17T20:47:39.394205+09:00
Rollback Wave,,,failed,False,2026-08-17T20:42:46.441273+09:00
Rollback Widget,,,failed,False,2026-08-27T23:13:18.509120+09:00
Rollback Workbench,,,failed,False,2026-08-18T22:08:54.791738+09:00
Rollback Workshop,,,failed,False,2026-08-28T00:25:23.676090+09:00
Rollback Zone,,,failed,False,2026-08-17T21:37:02.739524+09:00
Roof Advance,480.0,9.0,success,False,2026-08-23T16:12:01.471109+09:00
Roof Advisory,90.0,32.0,success,False,2026-08-21T01:09:20.076507+09:00
Roof Alert,10.0,39.0,success,False,2026-08-19T20:47:36.057637+09:00
Roof Allowance,20.0,4.0,success,False,2026-08-21T02:39:46.933675+09:00
Roof Analyzer,,,failed,False,2026-08-27T23:57:33.676197+09:00
Roof Arrears,,,failed,False,2026-08-23T16:11:58.973572+09:00
Roof Asset,40.0,3.0,success,False,2026-08-23T13:48:32.031008+09:00
Roof Assistant,,,failed,False,2026-08-19T20:44:39.695908+09:00
Roof Attribute,,,failed,False,2026-08-23T13:08:30.246419+09:00
Roof Badge,,,failed,False,2026-08-21T00:34:30.806569+09:00
Roof Balance,,,failed,False,2026-08-23T13:48:27.768488+09:00
Roof Bill,20.0,15.0,success,False,2026-08-19T21:51:28.846204+09:00
Roof Board,2900.0,100.0,success,False,2026-08-19T20:41:54.948325+09:00
Roof Book,720.0,72.0,success,False,2026-08-19T21:52:28.912563+09:00
Roof Brief,,,failed,False,2026-08-21T01:09:12.434019+09:00
Roof Bulletin,,,failed,False,2026-08-21T01:09:06.679370+09:00
Roof Calculator,6600.0,43.0,success,False,2026-08-27T23:35:20.435817+09:00
Roof Calendar,,,failed,False,2026-08-19T20:45:53.854460+09:00
Roof Card,110.0,100.0,success,False,2026-08-19T20:48:51.281701+09:00
Roof Cash,,,failed,False,2026-08-21T02:22:48.105050+09:00
Roof Cashback,,,failed,False,2026-08-27T21:15:13.256077+09:00
Roof Catalog,210.0,22.0,success,False,2026-08-19T21:06:06.633142+09:00
Roof Category,20.0,5.0,success,False,2026-08-23T13:08:27.240954+09:00
Roof Center,1300.0,51.0,success,False,2026-08-19T20:42:34.910732+09:00
Roof Charge,,,failed,False,2026-08-21T02:39:34.519072+09:00
Roof Chart,50.0,3.0,success,False,2026-08-19T20:47:43.737608+09:00
Roof Check,720.0,39.0,success,False,2026-08-19T20:49:01.783681+09:00
Roof Checker,720.0,39.0,success,False,2026-08-27T23:57:28.605750+09:00
Roof Checklist,70.0,37.0,success,False,2026-08-19T21:05:03.787854+09:00
Roof Circular,,,failed,False,2026-08-21T01:09:15.818493+09:00
Roof Code,320.0,16.0,success,False,2026-08-19T21:51:54.755817+09:00
Roof Companion,,,failed,False,2026-08-19T20:45:12.440392+09:00
Roof Comparison,20.0,33.0,success,False,2026-08-28T01:08:29.646959+09:00
Roof Confirmation,,,failed,False,2026-08-21T01:09:26.967706+09:00
Roof Console,720.0,84.0,success,False,2026-08-19T20:42:59.296448+09:00
Roof Contribution,,,failed,False,2026-08-23T16:11:56.492802+09:00
Roof Cost,8100.0,67.0,success,False,2026-08-21T02:15:31.230859+09:00
Roof Count,,,failed,False,2026-08-27T22:48:31.695595+09:00
Roof Coupon,,,failed,False,2026-08-27T21:15:09.099124+09:00
Roof Deal,170.0,47.0,success,False,2026-08-21T01:59:11.823228+09:00
Roof Debt,,,failed,False,2026-08-21T02:22:40.576459+09:00
Roof Deck,27100.0,69.0,success,False,2026-08-19T20:41:59.995024+09:00
Roof Desk,40.0,1.0,success,False,2026-08-19T20:38:46.605593+09:00
Roof Detail,3600.0,2.0,success,False,2026-08-23T03:20:32.320134+09:00
Roof Detector,,,failed,False,2026-08-27T23:57:33.676197+09:00
Roof Diagram,1900.0,1.0,success,False,2026-08-27T22:09:38.149454+09:00
Roof Digest,,,failed,False,2026-08-19T20:37:57.270685+09:00
Roof Directory,,,failed,False,2026-08-19T20:46:02.034696+09:00
Roof Discount,720.0,40.0,success,False,2026-08-23T16:11:52.886405+09:00
Roof Dossier,10.0,,success,False,2026-08-21T01:09:32.208799+09:00
Roof Downpayment,,,failed,False,2026-08-27T21:46:39.546965+09:00
Roof Draft,20.0,5.0,success,False,2026-08-19T20:38:10.418620+09:00
Roof Due,,,failed,False,2026-08-23T15:50:19.459391+09:00
Roof Duty,,,failed,False,2026-08-21T02:39:36.901337+09:00
Roof Entry,50.0,3.0,success,False,2026-08-21T01:09:44.260038+09:00
Roof Estimate,3600.0,70.0,success,False,2026-08-19T21:05:52.966416+09:00
Roof Estimator,2400.0,69.0,success,False,2026-08-27T23:57:28.605750+09:00
Roof Excerpt,,,failed,False,2026-08-21T01:09:42.916632+09:00
Roof Fare,,,failed,False,2026-08-21T02:15:35.751133+09:00
Roof Fee,,,failed,False,2026-08-21T01:58:55.002196+09:00
Roof Feed,10.0,0.0,success,False,2026-08-19T20:38:03.591827+09:00
Roof Field,140.0,33.0,success,False,2026-08-23T13:08:34.053815+09:00
Roof File,30.0,3.0,success,False,2026-08-19T20:37:22.627194+09:00
Roof Finder,50.0,20.0,success,False,2026-08-19T20:46:08.912085+09:00
Roof Fine,,,failed,False,2026-08-23T02:55:10.666436+09:00
Roof Flag,210.0,88.0,success,False,2026-08-21T00:35:01.453915+09:00
Roof Form,320.0,8.0,success,False,2026-08-19T20:48:46.011592+09:00
Roof Format,,,failed,False,2026-08-23T13:08:36.933873+09:00
Roof Fund,170.0,4.0,success,False,2026-08-21T02:22:45.760304+09:00
Roof Giveaway,20.0,14.0,success,False,2026-08-27T21:15:16.328313+09:00
Roof Grade,,,failed,False,2026-08-21T00:34:51.514854+09:00
Roof Guarantee,210.0,28.0,success,False,2026-08-28T01:08:32.525331+09:00
Roof Guardian,110.0,34.0,success,False,2026-08-28T00:26:39.760657+09:00
Roof Helpdesk,,,failed,False,2026-08-27T22:48:34.491281+09:00
Roof Helper,210.0,58.0,success,False,2026-08-28T00:26:42.212784+09:00
Roof History,210.0,4.0,success,False,2026-08-19T20:49:38.357241+09:00
Roof Hotline,10.0,1.0,success,False,2026-08-19T21:06:15.149170+09:00
Roof Hub,1600.0,8.0,success,False,2026-08-19T20:38:36.542684+09:00
Roof Identifier,,,failed,False,2026-08-23T13:08:24.927067+09:00
Roof Inbox,,,failed,False,2026-08-19T20:47:30.914414+09:00
Roof Incentive,,,failed,False,2026-08-27T21:15:16.328313+09:00
Roof Index,,,failed,False,2026-08-19T21:05:14.341737+09:00
Roof Installment,20.0,53.0,success,False,2026-08-23T16:11:52.886405+09:00
Roof Item,210.0,61.0,success,False,2026-08-21T01:58:58.757504+09:00
Roof Journal,,,failed,False,2026-08-19T20:45:40.802029+09:00
Roof Keeper,90.0,39.0,success,False,2026-08-19T20:44:16.708983+09:00
Roof Kit,720.0,97.0,success,False,2026-08-27T22:48:25.660209+09:00
Roof Lab,170.0,33.0,success,False,2026-08-19T20:42:14.870990+09:00
Roof Ledger,590.0,1.0,success,False,2026-08-19T20:41:45.467674+09:00
Roof Level,590.0,14.0,success,False,2026-08-19T20:37:34.944185+09:00
Roof Levy,,,failed,False,2026-08-23T13:48:32.031008+09:00
Roof Line,8100.0,11.0,success,False,2026-08-19T20:48:17.948513+09:00
Roof Link,480.0,35.0,success,False,2026-08-23T03:20:22.973389+09:00
Roof List,40.0,21.0,success,False,2026-08-19T21:52:04.287712+09:00
Roof Loan,1000.0,72.0,success,False,2026-08-21T02:06:11.713342+09:00
Roof Log,140.0,9.0,success,False,2026-08-19T20:48:40.120494+09:00
Roof Manager,320.0,19.0,success,False,2026-08-19T20:44:23.661281+09:00
Roof Manual,50.0,80.0,success,False,2026-08-27T22:09:32.047106+09:00
Roof Map,320.0,28.0,success,False,2026-08-19T20:41:16.586784+09:00
Roof Marker,140.0,16.0,success,False,2026-08-23T13:28:07.800496+09:00
Roof Markup,,,failed,False,2026-08-23T16:37:47.617319+09:00
Roof Memo,,,failed,False,2026-08-21T00:34:57.023815+09:00
Roof Message,,,failed,False,2026-08-27T23:14:01.250377+09:00
Roof Monitor,2900.0,16.0,success,False,2026-08-19T20:45:06.240403+09:00
Roof Note,70.0,0.0,success,False,2026-08-19T20:49:12.755513+09:00
Roof Notification,,,failed,False,2026-08-27T22:48:25.660209+09:00
Roof Number,90.0,28.0,success,False,2026-08-23T03:20:15.434284+09:00
Roof Ops,140.0,13.0,success,False,2026-08-19T20:45:29.456295+09:00
Roof Order,480.0,35.0,success,False,2026-08-19T21:51:16.066048+09:00
Roof Overdraft,,,failed,False,2026-08-23T15:50:19.459391+09:00
Roof Overdue,,,failed,False,2026-08-27T21:46:39.546965+09:00
Roof Panel,14800.0,100.0,success,False,2026-08-19T20:43:08.672141+09:00
Roof Pass,,,failed,False,2026-08-21T00:34:23.360801+09:00
Roof Payoff,,,failed,False,2026-08-27T21:46:39.546965+09:00
Roof Petition,,,failed,False,2026-08-21T01:09:25.502385+09:00
Roof Plan,12100.0,2.0,success,False,2026-08-21T01:59:08.747160+09:00
Roof Planner,12100.0,2.0,success,False,2026-08-19T20:44:50.684915+09:00
Roof Playbook,,,failed,False,2026-08-19T20:45:35.048925+09:00
Roof Portal,320.0,99.0,success,False,2026-08-19T20:42:48.667396+09:00
Roof Post,260.0,58.0,success,False,2026-08-19T20:46:51.690221+09:00
Roof Preview,,,failed,False,2026-08-28T01:08:29.646959+09:00
Roof Profile,1000.0,71.0,success,False,2026-08-19T20:49:23.220357+09:00
Roof Profit,,,failed,False,2026-08-23T02:54:57.045583+09:00
Roof Proposal,260.0,49.0,success,False,2026-08-28T01:08:32.525331+09:00
Roof Queue,,,failed,False,2026-08-19T21:05:39.916573+09:00
Roof Radar,20.0,2.0,success,False,2026-08-19T20:38:57.092601+09:00
Roof Rate,110.0,16.0,success,False,2026-08-19T20:37:42.979136+09:00
Roof Recap,,,failed,False,2026-08-21T01:09:34.280846+09:00
Roof Receipt,140.0,98.0,success,False,2026-08-19T21:51:38.533092+09:00
Roof Register,70.0,32.0,success,False,2026-08-19T20:45:21.816276+09:00
Roof Registry,,,failed,False,2026-08-19T20:45:48.837053+09:00
Roof Reminder,,,failed,False,2026-08-19T21:04:51.175636+09:00
Roof Report,1000.0,63.0,success,False,2026-08-19T20:48:35.358478+09:00
Roof Repository,,,failed,False,2026-08-27T23:14:12.324093+09:00
Roof Result,,,failed,False,2026-08-28T00:48:30.764034+09:00
Roof Roster,,,failed,False,2026-08-19T20:47:28.016879+09:00
Roof Route,,,failed,False,2026-08-19T20:43:22.271749+09:00
Roof Rule,,,failed,False,2026-08-23T03:20:27.097448+09:00
Roof Sale,1000.0,39.0,success,False,2026-08-21T02:22:54.942838+09:00
Roof Sample,390.0,79.0,success,False,2026-08-19T21:52:53.016557+09:00
Roof Scanner,140.0,50.0,success,False,2026-08-27T23:57:31.093402+09:00
Roof Scheduler,,,failed,False,2026-08-19T20:44:56.793146+09:00
Roof Schematic,50.0,5.0,success,False,2026-08-27T22:28:51.186281+09:00
Roof Score,,,failed,False,2026-08-19T20:49:06.260858+09:00
Roof Sheet,74000.0,100.0,success,False,2026-08-19T20:48:59.251157+09:00
Roof Slip,10.0,30.0,success,False,2026-08-19T21:52:40.688622+09:00
Roof Slot,,,failed,False,2026-08-19T21:53:06.381329+09:00
Roof Stage,590.0,38.0,success,False,2026-08-28T00:48:30.764034+09:00
Roof Stake,,,failed,False,2026-08-23T02:55:04.865137+09:00
Roof Statement,,,failed,False,2026-08-21T00:34:40.769437+09:00
Roof Station,90.0,18.0,success,False,2026-08-19T20:42:21.972075+09:00
Roof Status,20.0,0.0,success,False,2026-08-19T20:49:28.954845+09:00
Roof Stub,,,failed,False,2026-08-21T00:34:38.752919+09:00
Roof Studio,1600.0,30.0,success,False,2026-08-19T20:42:09.827682+09:00
Roof Subsidy,10.0,19.0,success,False,2026-08-23T15:50:21.646134+09:00
Roof Sum,,,failed,False,2026-08-21T02:22:32.305318+09:00
Roof Summary,,,failed,False,2026-08-19T21:04:24.508436+09:00
Roof Table,210.0,18.0,success,False,2026-08-19T21:52:16.498900+09:00
Roof Tag,40.0,8.0,success,False,2026-08-19T20:49:16.530394+09:00
Roof Tally,30.0,13.0,success,False,2026-08-21T00:34:47.254019+09:00
Roof Tariff,,,failed,False,2026-08-21T02:39:49.190275+09:00
Roof Tax,110.0,5.0,success,False,2026-08-21T02:06:07.596179+09:00
Roof Ticket,,,failed,False,2026-08-19T21:05:28.660617+09:00
Roof Tier,,,failed,False,2026-08-28T00:48:34.201373+09:00
Roof Timeline,,,failed,False,2026-08-19T21:04:38.364310+09:00
Roof Toll,,,failed,False,2026-08-21T02:39:41.486000+09:00
Roof Toolbox,,,failed,False,2026-08-28T00:26:42.212784+09:00
Roof Total,,,failed,False,2026-08-27T23:14:03.822687+09:00
Roof Tracker,590.0,87.0,success,False,2026-08-19T20:38:18.738836+09:00
Roof Trial,10.0,0.0,success,False,2026-08-27T21:15:13.256077+09:00
Roof Unit,1900.0,36.0,success,False,2026-08-21T01:59:01.512881+09:00
Roof Update,30.0,5.0,success,False,2026-08-19T20:37:49.991412+09:00
Roof Value,40.0,37.0,success,False,2026-08-23T02:55:02.071314+09:00
Roof Version,,,failed,False,2026-08-23T03:20:18.367542+09:00
Roof View,1000.0,3.0,success,False,2026-08-19T20:49:35.865635+09:00
Roof Voucher,,,failed,False,2026-08-21T00:34:27.900194+09:00
Roof Watch,50.0,2.0,success,False,2026-08-19T20:40:17.061535+09:00
Roof Widget,,,failed,False,2026-08-27T23:14:03.822687+09:00
Roof Worksheet,,,failed,False,2026-08-27T22:09:32.047106+09:00
Roof Workshop,,,failed,False,2026-08-28T00:26:39.760657+09:00
Roof Zone,320.0,63.0,success,False,2026-08-19T20:42:39.884460+09:00
Rooftop Advance,,,failed,False,2026-08-23T16:15:12.953510+09:00
Rooftop Advisory,,,failed,False,2026-08-21T01:04:35.050629+09:00
Rooftop Alert,,,failed,False,2026-08-19T21:57:14.341308+09:00
Rooftop Allowance,,,failed,False,2026-08-21T02:43:07.410836+09:00
Rooftop Analyzer,,,failed,False,2026-08-27T23:53:23.914629+09:00
Rooftop Arrears,,,failed,False,2026-08-23T16:15:09.158473+09:00
Rooftop Asset,,,failed,False,2026-08-23T13:46:47.656789+09:00
Rooftop Assistant,,,failed,False,2026-08-19T21:51:58.682281+09:00
Rooftop Attribute,,,failed,False,2026-08-23T13:05:15.223495+09:00
Rooftop Badge,,,failed,False,2026-08-21T00:28:30.302130+09:00
Rooftop Base,320.0,23.0,success,False,2026-08-19T21:46:37.963751+09:00
Rooftop Bay,,,failed,False,2026-08-19T21:55:36.980585+09:00
Rooftop Beacon,20.0,85.0,success,False,2026-08-19T22:06:04.414832+09:00
Rooftop Bill,,,failed,False,2026-08-19T22:03:08.515859+09:00
Rooftop Board,,,failed,False,2026-08-19T21:47:20.280191+09:00
Rooftop Book,170.0,18.0,success,False,2026-08-19T22:03:56.439657+09:00
Rooftop Booth,,,failed,False,2026-08-19T21:55:09.455728+09:00
Rooftop Bridge,260.0,2.0,success,False,2026-08-19T22:06:35.304978+09:00
Rooftop Brief,,,failed,False,2026-08-21T01:04:18.102523+09:00
Rooftop Bulletin,,,failed,False,2026-08-21T01:04:11.301899+09:00
Rooftop Calendar,10.0,0.0,success,False,2026-08-19T21:53:57.995655+09:00
Rooftop Card,10.0,0.0,success,False,2026-08-19T21:59:12.539055+09:00
Rooftop Cascade,,,failed,False,2026-08-19T22:06:22.029176+09:00
Rooftop Cash,,,failed,False,2026-08-21T02:26:24.473700+09:00
Rooftop Category,,,failed,False,2026-08-23T13:05:12.905502+09:00
Rooftop Center,,,failed,False,2026-08-19T21:48:40.966338+09:00
Rooftop Chain,30.0,53.0,success,False,2026-08-19T21:50:26.967968+09:00
Rooftop Charge,,,failed,False,2026-08-21T02:42:57.314001+09:00
Rooftop Chart,,,failed,False,2026-08-19T21:57:24.591826+09:00
Rooftop Check,,,failed,False,2026-08-19T21:59:32.934011+09:00
Rooftop Checker,,,failed,False,2026-08-27T23:53:16.393422+09:00
Rooftop Circular,,,failed,False,2026-08-21T01:04:22.356565+09:00
Rooftop Code,,,failed,False,2026-08-19T22:03:26.204468+09:00
Rooftop Comparison,,,failed,False,2026-08-28T01:04:57.702842+09:00
Rooftop Confirmation,,,failed,False,2026-08-21T01:04:45.668721+09:00
Rooftop Console,10.0,100.0,success,False,2026-08-19T21:49:18.898188+09:00
Rooftop Contribution,,,failed,False,2026-08-23T16:15:06.058154+09:00
Rooftop Core,,,failed,False,2026-08-19T21:46:50.004607+09:00
Rooftop Cost,8100.0,67.0,success,False,2026-08-21T02:09:21.519694+09:00
Rooftop Count,,,failed,False,2026-08-27T22:44:11.984469+09:00
Rooftop Deal,20.0,17.0,success,False,2026-08-21T01:51:57.784692+09:00
Rooftop Debt,,,failed,False,2026-08-21T02:26:18.130699+09:00
Rooftop Deck,2400.0,16.0,success,False,2026-08-19T21:47:34.110436+09:00
Rooftop Desk,20.0,1.0,success,False,2026-08-19T22:05:13.355108+09:00
Rooftop Detail,30.0,0.0,success,False,2026-08-23T03:24:21.370472+09:00
Rooftop Detector,,,failed,False,2026-08-27T23:53:21.557901+09:00
Rooftop Diagram,30.0,0.0,success,False,2026-08-27T22:14:17.347960+09:00
Rooftop Directory,,,failed,False,2026-08-19T21:54:10.446339+09:00
Rooftop Discount,,,failed,False,2026-08-23T16:15:01.314751+09:00
Rooftop Dossier,,,failed,False,2026-08-21T01:05:18.575555+09:00
Rooftop Downpayment,,,failed,False,2026-08-27T21:49:42.725472+09:00
Rooftop Draft,,,failed,False,2026-08-19T22:01:48.957551+09:00
Rooftop Due,,,failed,False,2026-08-23T15:51:49.176648+09:00
Rooftop Duty,,,failed,False,2026-08-21T02:42:59.558136+09:00
Rooftop Entry,,,failed,False,2026-08-21T01:05:20.057524+09:00
Rooftop Estimate,,,failed,False,2026-08-19T22:02:47.197172+09:00
Rooftop Estimator,,,failed,False,2026-08-27T23:53:12.173263+09:00
Rooftop Excerpt,,,failed,False,2026-08-21T01:05:06.601547+09:00
Rooftop Fare,,,failed,False,2026-08-21T02:09:31.680775+09:00
Rooftop Fee,,,failed,False,2026-08-21T01:51:40.699894+09:00
Rooftop Feed,,,failed,False,2026-08-19T22:01:35.806950+09:00
Rooftop File,,,failed,False,2026-08-19T22:00:55.317910+09:00
Rooftop Finder,,,failed,False,2026-08-19T21:54:30.567883+09:00
Rooftop Fine,,,failed,False,2026-08-23T02:57:50.579977+09:00
Rooftop Flag,,,failed,False,2026-08-21T00:29:21.936028+09:00
Rooftop Flow,10.0,6.0,success,False,2026-08-19T22:04:49.676934+09:00
Rooftop Forge,,,failed,False,2026-08-19T22:06:12.556669+09:00
Rooftop Form,,,failed,False,2026-08-19T21:59:04.972402+09:00
Rooftop Format,,,failed,False,2026-08-23T13:05:20.503897+09:00
Rooftop Frame,9900.0,10.0,success,False,2026-08-19T21:46:29.828345+09:00
Rooftop Fund,,,failed,False,2026-08-21T02:26:21.259847+09:00
Rooftop Gate,880.0,10.0,success,False,2026-08-19T21:50:49.199189+09:00
Rooftop Grade,,,failed,False,2026-08-21T00:28:59.306676+09:00
Rooftop Grid,170.0,5.0,success,False,2026-08-19T22:07:28.246340+09:00
Rooftop Guarantee,,,failed,False,2026-08-28T01:05:03.424573+09:00
Rooftop Guardian,10.0,0.0,success,False,2026-08-28T00:23:32.387348+09:00
Rooftop Helpdesk,,,failed,False,2026-08-27T22:44:16.144123+09:00
Rooftop Helper,,,failed,False,2026-08-28T00:23:35.070799+09:00
Rooftop History,,,failed,False,2026-08-19T22:00:47.598420+09:00
Rooftop Hub,1600.0,8.0,success,False,2026-08-19T22:05:01.387918+09:00
Rooftop Identifier,,,failed,False,2026-08-23T13:05:09.962757+09:00
Rooftop Index,,,failed,False,2026-08-19T22:02:29.042116+09:00
Rooftop Installment,,,failed,False,2026-08-23T16:15:06.058154+09:00
Rooftop Item,210.0,61.0,success,False,2026-08-21T01:51:43.156382+09:00
Rooftop Journal,,,failed,False,2026-08-19T21:53:34.201182+09:00
Rooftop Keeper,,,failed,False,2026-08-19T21:51:20.233471+09:00
Rooftop Kit,,,failed,False,2026-08-27T22:44:05.542192+09:00
Rooftop Lab,20.0,1.0,success,False,2026-08-19T21:48:00.610703+09:00
Rooftop Layout,480.0,3.0,success,False,2026-08-27T22:29:30.000621+09:00
Rooftop Ledger,,,failed,False,2026-08-19T21:47:05.219311+09:00
Rooftop Level,590.0,14.0,success,False,2026-08-19T22:01:05.588899+09:00
Rooftop Levy,,,failed,False,2026-08-23T13:46:47.656789+09:00
Rooftop Line,8100.0,11.0,success,False,2026-08-19T21:58:19.577733+09:00
Rooftop Link,10.0,17.0,success,False,2026-08-23T03:24:13.637906+09:00
Rooftop List,,,failed,False,2026-08-19T22:03:36.532480+09:00
Rooftop Loan,,,failed,False,2026-08-21T02:09:39.165114+09:00
Rooftop Locator,,,failed,False,2026-08-19T21:54:19.584048+09:00
Rooftop Log,,,failed,False,2026-08-19T21:58:54.005326+09:00
Rooftop Loop,70.0,7.0,success,False,2026-08-19T22:07:18.055706+09:00
Rooftop Manager,,,failed,False,2026-08-19T21:51:30.988224+09:00
Rooftop Manual,,,failed,False,2026-08-27T22:14:14.143197+09:00
Rooftop Map,320.0,28.0,success,False,2026-08-19T21:46:17.017433+09:00
Rooftop Margin,,,failed,False,2026-08-23T02:57:47.800883+09:00
Rooftop Memo,,,failed,False,2026-08-21T00:29:07.557420+09:00
Rooftop Message,,,failed,False,2026-08-27T23:10:19.958354+09:00
Rooftop Monitor,2900.0,16.0,success,False,2026-08-19T21:52:31.796696+09:00
Rooftop Note,,,failed,False,2026-08-19T21:59:55.438905+09:00
Rooftop Notification,,,failed,False,2026-08-27T22:51:51.167010+09:00
Rooftop Number,30.0,1.0,success,False,2026-08-23T03:24:05.243173+09:00
Rooftop Office,390.0,6.0,success,False,2026-08-19T21:54:39.483113+09:00
Rooftop Ops,,,failed,False,2026-08-19T21:53:06.381329+09:00
Rooftop Order,,,failed,False,2026-08-19T22:02:59.053365+09:00
Rooftop Outpost,,,failed,False,2026-08-19T21:55:57.867275+09:00
Rooftop Overage,,,failed,False,2026-08-27T21:49:38.109800+09:00
Rooftop Overdue,,,failed,False,2026-08-27T21:49:35.975851+09:00
Rooftop Panel,170.0,16.0,success,False,2026-08-19T21:49:30.160580+09:00
Rooftop Pass,,,failed,False,2026-08-21T00:28:15.750952+09:00
Rooftop Path,,,failed,False,2026-08-19T22:07:58.722610+09:00
Rooftop Payoff,,,failed,False,2026-08-27T21:49:38.109800+09:00
Rooftop Petition,,,failed,False,2026-08-21T01:05:11.632109+09:00
Rooftop Plan,12100.0,2.0,success,False,2026-08-21T01:51:54.787871+09:00
Rooftop Playbook,,,failed,False,2026-08-19T21:53:24.173556+09:00
Rooftop Plaza,720.0,2.0,success,False,2026-08-19T21:56:11.493537+09:00
Rooftop Point,20.0,12.0,success,False,2026-08-19T21:46:03.788347+09:00
Rooftop Portal,170.0,1.0,success,False,2026-08-19T21:49:09.518107+09:00
Rooftop Post,20.0,0.0,success,False,2026-08-19T21:55:49.933305+09:00
Rooftop Preview,,,failed,False,2026-08-28T01:05:00.784184+09:00
Rooftop Profile,,,failed,False,2026-08-19T22:00:16.178777+09:00
Rooftop Profit,,,failed,False,2026-08-23T02:57:43.117346+09:00
Rooftop Proposal,590.0,4.0,success,False,2026-08-28T01:05:00.784184+09:00
Rooftop Quota,,,failed,False,2026-08-21T00:29:13.109702+09:00
Rooftop Radar,,,failed,False,2026-08-19T22:05:25.560581+09:00
Rooftop Rail,110.0,78.0,success,False,2026-08-19T21:50:02.656663+09:00
Rooftop Rate,,,failed,False,2026-08-19T22:01:14.357219+09:00
Rooftop Recap,,,failed,False,2026-08-21T01:04:52.081586+09:00
Rooftop Receipt,,,failed,False,2026-08-19T22:03:17.563220+09:00
Rooftop Registry,,,failed,False,2026-08-19T21:53:47.413598+09:00
Rooftop Relay,,,failed,False,2026-08-19T22:05:35.780904+09:00
Rooftop Reminder,,,failed,False,2026-08-19T22:02:19.043714+09:00
Rooftop Report,,,failed,False,2026-08-19T21:58:45.118789+09:00
Rooftop Result,,,failed,False,2026-08-28T00:47:08.445911+09:00
Rooftop Ring,,,failed,False,2026-08-19T21:50:37.216187+09:00
Rooftop Roll,,,failed,False,2026-08-19T21:58:36.842594+09:00
Rooftop Roster,10.0,1.0,success,False,2026-08-19T21:56:56.242658+09:00
Rooftop Route,20.0,0.0,success,False,2026-08-19T21:49:51.324073+09:00
Rooftop Rule,,,failed,False,2026-08-23T03:24:18.387553+09:00
Rooftop Sale,1000.0,39.0,success,False,2026-08-21T02:26:29.042609+09:00
Rooftop Scale,,,failed,False,2026-08-19T21:49:39.376770+09:00
Rooftop Scanner,,,failed,False,2026-08-27T23:53:16.393422+09:00
Rooftop Scheduler,,,failed,False,2026-08-19T21:52:20.652566+09:00
Rooftop Scope,,,failed,False,2026-08-19T22:07:06.557200+09:00
Rooftop Score,,,failed,False,2026-08-19T21:59:46.400279+09:00
Rooftop Serial,,,failed,False,2026-08-23T13:27:05.347974+09:00
Rooftop Sheet,390.0,67.0,success,False,2026-08-19T21:59:23.737982+09:00
Rooftop Shelf,,,failed,False,2026-08-19T21:56:48.069412+09:00
Rooftop Shortfall,,,failed,False,2026-08-27T21:49:45.629659+09:00
Rooftop Signal,,,failed,False,2026-08-19T22:06:44.272499+09:00
Rooftop Slip,,,failed,False,2026-08-19T22:04:07.178529+09:00
Rooftop Slot,,,failed,False,2026-08-19T22:04:26.155627+09:00
Rooftop Stake,,,failed,False,2026-08-23T02:57:45.364347+09:00
Rooftop Statement,,,failed,False,2026-08-21T00:28:44.167575+09:00
Rooftop Station,,,failed,False,2026-08-19T21:48:14.659198+09:00
Rooftop Status,10.0,0.0,success,False,2026-08-19T22:00:26.290780+09:00
Rooftop Stub,,,failed,False,2026-08-21T00:28:39.996166+09:00
Rooftop Studio,1000.0,2.0,success,False,2026-08-19T21:47:46.224144+09:00
Rooftop Subsidy,30.0,1.0,success,False,2026-08-23T15:51:51.217465+09:00
Rooftop Sum,,,failed,False,2026-08-21T02:26:14.215239+09:00
Rooftop Summary,10.0,0.0,success,False,2026-08-19T22:01:57.019761+09:00
Rooftop Surtax,,,failed,False,2026-08-23T15:51:53.307481+09:00
Rooftop Tab,,,failed,False,2026-08-21T00:29:27.962730+09:00
Rooftop Table,210.0,18.0,success,False,2026-08-19T22:03:44.565114+09:00
Rooftop Tag,10.0,0.0,success,False,2026-08-19T22:00:04.199605+09:00
Rooftop Tally,,,failed,False,2026-08-21T00:28:53.322616+09:00
Rooftop Tariff,,,failed,False,2026-08-21T02:43:10.515094+09:00
Rooftop Tax,,,failed,False,2026-08-21T02:09:35.775353+09:00
Rooftop Terminal,,,failed,False,2026-08-19T21:48:27.069382+09:00
Rooftop Ticker,,,failed,False,2026-08-19T21:58:08.143234+09:00
Rooftop Ticket,110.0,8.0,success,False,2026-08-19T22:02:37.152847+09:00
Rooftop Timeline,,,failed,False,2026-08-19T22:02:05.634117+09:00
Rooftop Toll,,,failed,False,2026-08-21T02:43:04.921789+09:00
Rooftop Toolbox,30.0,100.0,success,False,2026-08-28T00:23:32.387348+09:00
Rooftop Tower,590.0,9.0,success,False,2026-08-19T21:56:32.690388+09:00
Rooftop Tracker,,,failed,False,2026-08-19T22:04:38.551336+09:00
Rooftop Trail,,,failed,False,2026-08-19T21:50:15.861548+09:00
Rooftop Trend,,,failed,False,2026-08-28T01:04:54.734993+09:00
Rooftop Trial,,,failed,False,2026-08-27T21:18:35.629474+09:00
Rooftop Unit,1900.0,36.0,success,False,2026-08-21T01:51:52.747806+09:00
Rooftop Update,,,failed,False,2026-08-19T22:01:23.897474+09:00
Rooftop Value,,,failed,False,2026-08-23T02:57:45.364347+09:00
Rooftop Vault,,,failed,False,2026-08-19T22:05:43.764657+09:00
Rooftop Version,,,failed,False,2026-08-23T03:24:09.830834+09:00
Rooftop View,2900.0,2.0,success,False,2026-08-19T22:00:37.818778+09:00
Rooftop Voucher,,,failed,False,2026-08-21T00:28:23.086581+09:00
Rooftop Watch,,,failed,False,2026-08-19T22:06:53.339068+09:00
Rooftop Wave,,,failed,False,2026-08-19T22:07:41.945033+09:00
Rooftop Widget,,,failed,False,2026-08-27T23:10:24.868971+09:00
Rooftop Window,18100.0,100.0,success,False,2026-08-19T21:58:27.685601+09:00
Rooftop Worksheet,,,failed,False,2026-08-27T22:14:14.143197+09:00
Rooftop Zone,,,failed,False,2026-08-19T21:48:55.925505+09:00
Roster Advisory,,,failed,False,2026-08-21T01:07:58.607843+09:00
Roster Allowance,20.0,0.0,success,False,2026-08-21T02:45:36.117852+09:00
Roster Almanac,,,failed,False,2026-08-18T22:07:01.170489+09:00
Roster Analyzer,30.0,0.0,success,False,2026-08-27T23:53:34.112900+09:00
Roster Anchor,,,failed,False,2026-08-17T20:42:11.427186+09:00
Roster Assistant,20.0,10.0,success,False,2026-08-17T23:23:43.975283+09:00
Roster Atlas,,,failed,False,2026-08-17T20:32:44.310093+09:00
Roster Attribute,,,failed,False,2026-08-23T13:05:00.300804+09:00
Roster Base,10.0,6.0,success,False,2026-08-17T21:40:51.783967+09:00
Roster Beacon,,,failed,False,2026-08-17T20:45:48.787557+09:00
Roster Bill,,,failed,False,2026-08-19T22:00:20.280558+09:00
Roster Blueprint,,,failed,False,2026-08-18T22:06:52.142585+09:00
Roster Board,110.0,19.0,success,False,2026-08-17T21:36:26.445152+09:00
Roster Book,170.0,4.0,success,False,2026-08-19T22:01:08.341225+09:00
Roster Bridge,,,failed,False,2026-08-17T20:43:01.991108+09:00
Roster Brief,,,failed,False,2026-08-21T01:07:51.915989+09:00
Roster Bulletin,,,failed,False,2026-08-21T01:07:47.643040+09:00
Roster Cabinet,,,failed,False,2026-08-27T23:11:42.330738+09:00
Roster Calendar,320.0,20.0,success,False,2026-08-19T00:03:38.462918+09:00
Roster Card,170.0,41.0,success,False,2026-08-19T13:29:22.570342+09:00
Roster Cascade,,,failed,False,2026-08-17T20:43:58.581518+09:00
Roster Cash,20.0,0.0,success,False,2026-08-21T02:30:37.873895+09:00
Roster Category,20.0,0.0,success,False,2026-08-23T13:04:54.297618+09:00
Roster Center,50.0,0.0,success,False,2026-08-17T20:48:44.119140+09:00
Roster Chain,,,failed,False,2026-08-17T20:37:32.011303+09:00
Roster Charge,,,failed,False,2026-08-21T02:45:25.368857+09:00
Roster Check,70.0,0.0,success,False,2026-08-19T13:29:52.884526+09:00
Roster Checker,,,failed,False,2026-08-27T23:53:26.856284+09:00
Roster Circular,,,failed,False,2026-08-21T01:07:54.087465+09:00
Roster Cockpit,,,failed,False,2026-08-17T23:13:49.973223+09:00
Roster Code,30.0,0.0,success,False,2026-08-19T22:00:37.818778+09:00
Roster Codex,,,failed,False,2026-08-18T22:07:16.682645+09:00
Roster Companion,,,failed,False,2026-08-17T23:25:39.196440+09:00
Roster Compass,,,failed,False,2026-08-17T20:46:51.703605+09:00
Roster Compendium,,,failed,False,2026-08-18T22:07:07.445674+09:00
Roster Confirmation,,,failed,False,2026-08-21T01:08:06.645069+09:00
Roster Console,,,failed,False,2026-08-17T20:45:22.370262+09:00
Roster Core,10.0,2.0,success,False,2026-08-17T21:38:35.218560+09:00
Roster Cost,,,failed,False,2026-08-21T02:14:32.398981+09:00
Roster Count,20.0,0.0,success,False,2026-08-27T22:46:27.298392+09:00
Roster Counter,,,failed,False,2026-08-19T00:04:28.645558+09:00
Roster Dashboard,20.0,5.0,success,False,2026-08-17T23:25:05.910381+09:00
Roster Deal,,,failed,False,2026-08-21T01:59:20.402285+09:00
Roster Debt,,,failed,False,2026-08-21T02:30:30.378357+09:00
Roster Deck,,,failed,False,2026-08-17T21:35:20.515813+09:00
Roster Depot,,,failed,False,2026-08-19T00:04:11.501446+09:00
Roster Desk,,,failed,False,2026-08-17T21:32:45.123730+09:00
Roster Detail,,,failed,False,2026-08-23T03:15:03.447052+09:00
Roster Detector,,,failed,False,2026-08-27T23:53:29.478686+09:00
Roster Diagram,,,failed,False,2026-08-27T22:08:33.849782+09:00
Roster Dial,,,failed,False,2026-08-17T20:43:30.530213+09:00
Roster Digest,,,failed,False,2026-08-19T20:44:44.192245+09:00
Roster Directory,,,failed,False,2026-08-19T00:03:43.919454+09:00
Roster Dock,,,failed,False,2026-08-17T20:40:15.034726+09:00
Roster Dossier,,,failed,False,2026-08-21T01:08:10.104042+09:00
Roster Draft,110.0,1.0,success,False,2026-08-19T20:45:04.260812+09:00
Roster Due,,,failed,False,2026-08-23T15:50:42.648286+09:00
Roster Duty,1600.0,0.0,success,True,2026-08-21T02:45:28.044980+09:00
Roster Engine,,,failed,False,2026-08-17T23:10:33.409769+09:00
Roster Entry,,,failed,False,2026-08-21T01:08:23.538465+09:00
Roster Estimator,,,failed,False,2026-08-27T23:53:23.914629+09:00
Roster Excerpt,,,failed,False,2026-08-21T01:08:20.285219+09:00
Roster Extension,,,failed,False,2026-08-23T16:37:42.888726+09:00
Roster Fare,,,failed,False,2026-08-21T02:14:40.877635+09:00
Roster Fee,,,failed,False,2026-08-21T01:59:06.761411+09:00
Roster Field,,,failed,False,2026-08-23T13:05:04.506045+09:00
Roster File,110.0,0.0,success,False,2026-08-19T20:44:10.013145+09:00
Roster Finder,,,failed,False,2026-08-19T00:04:01.106556+09:00
Roster Fine,,,failed,False,2026-08-23T02:52:26.045301+09:00
Roster Flag,,,failed,False,2026-08-21T00:35:13.915986+09:00
Roster Flow,10.0,0.0,success,False,2026-08-17T21:35:52.306880+09:00
Roster Forge,,,failed,False,2026-08-17T20:44:45.631544+09:00
Roster Form,4400.0,0.0,success,True,2026-08-19T13:29:07.755274+09:00
Roster Format,4400.0,0.0,success,True,2026-08-23T13:05:07.059909+09:00
Roster Frame,,,failed,False,2026-08-18T07:52:33.463903+09:00
Roster Fund,,,failed,False,2026-08-21T02:30:33.788820+09:00
Roster Gate,,,failed,False,2026-08-17T20:34:38.143389+09:00
Roster Generator,320.0,48.0,success,False,2026-08-27T23:33:31.795696+09:00
Roster Graph,,,failed,False,2026-08-27T22:08:21.698192+09:00
Roster Grid,50.0,0.0,success,False,2026-08-17T20:38:03.705761+09:00
Roster Guard,20.0,0.0,success,False,2026-08-17T21:39:28.354494+09:00
Roster Guardian,,,failed,False,2026-08-28T00:23:21.269207+09:00
Roster Guidebook,,,failed,False,2026-08-18T22:06:35.395449+09:00
Roster Helpdesk,,,failed,False,2026-08-27T22:46:29.671446+09:00
Roster Helper,10.0,82.0,success,False,2026-08-28T00:23:26.429201+09:00
Roster History,20.0,0.0,success,False,2026-08-19T20:44:03.742658+09:00
Roster Hotline,,,failed,False,2026-08-19T21:17:38.869284+09:00
Roster Hub,30.0,2.0,success,False,2026-08-17T21:34:50.586670+09:00
Roster Identifier,,,failed,False,2026-08-23T13:04:50.850524+09:00
Roster Index,10.0,0.0,success,False,2026-08-19T21:16:45.147013+09:00
Roster Insight,,,failed,False,2026-08-17T23:06:48.111245+09:00
Roster Item,,,failed,False,2026-08-21T01:59:08.747160+09:00
Roster Journal,,,failed,False,2026-08-18T22:06:14.738388+09:00
Roster Keeper,,,failed,False,2026-08-18T07:53:01.701423+09:00
Roster Lab,170.0,13.0,success,False,2026-08-17T21:33:17.550972+09:00
Roster Label,30.0,0.0,success,False,2026-08-27T22:08:24.051026+09:00
Roster Layout,40.0,12.0,success,False,2026-08-27T22:28:42.749169+09:00
Roster Ledger,,,failed,False,2026-08-17T21:37:30.311680+09:00
Roster Lens,,,failed,False,2026-08-18T07:52:25.028656+09:00
Roster Level,10.0,0.0,success,False,2026-08-19T20:44:19.706681+09:00
Roster Link,90.0,3.0,success,False,2026-08-23T03:14:55.080924+09:00
Roster List,1300.0,2.0,success,False,2026-08-19T22:00:47.598420+09:00
Roster Loan,,,failed,False,2026-08-21T02:14:50.093035+09:00
Roster Locator,,,failed,False,2026-08-19T00:03:53.943426+09:00
Roster Lock,70.0,0.0,success,False,2026-08-17T20:33:16.020559+09:00
Roster Log,,,failed,False,2026-08-19T13:28:55.054153+09:00
Roster Loop,50.0,7.0,success,False,2026-08-17T20:38:53.767345+09:00
Roster Manager,260.0,10.0,success,False,2026-08-17T21:41:31.698252+09:00
Roster Manual,,,failed,False,2026-08-27T22:08:26.678137+09:00
Roster Map,20.0,0.0,success,False,2026-08-17T20:32:07.300250+09:00
Roster Margin,,,failed,False,2026-08-23T02:52:23.717366+09:00
Roster Memo,,,failed,False,2026-08-21T00:35:09.628137+09:00
Roster Message,,,failed,False,2026-08-27T23:11:34.108403+09:00
Roster Meter,,,failed,False,2026-08-17T20:42:36.789908+09:00
Roster Metrics,,,failed,False,2026-08-17T23:24:49.201687+09:00
Roster Monitor,,,failed,False,2026-08-17T23:24:23.365405+09:00
Roster Navigator,,,failed,False,2026-08-17T23:08:34.451093+09:00
Roster Nexus,,,failed,False,2026-08-17T20:33:47.539654+09:00
Roster Node,,,failed,False,2026-08-17T20:35:38.392873+09:00
Roster Note,10.0,0.0,success,False,2026-08-19T13:30:13.142544+09:00
Roster Notification,10.0,1.0,success,False,2026-08-27T22:46:20.664142+09:00
Roster Number,170.0,0.0,success,False,2026-08-23T03:14:46.268297+09:00
Roster Office,210.0,4.0,success,False,2026-08-19T00:04:18.277485+09:00
Roster Ops,,,failed,False,2026-08-17T23:25:55.806145+09:00
Roster Organizer,10.0,43.0,success,False,2026-08-17T23:12:08.094400+09:00
Roster Overage,,,failed,False,2026-08-27T21:46:21.323370+09:00
Roster Overdraft,,,failed,False,2026-08-23T15:50:44.796371+09:00
Roster Overdue,,,failed,False,2026-08-27T21:46:18.010185+09:00
Roster Panel,30.0,9.0,success,False,2026-08-17T20:44:21.106446+09:00
Roster Pass,,,failed,False,2026-08-21T00:34:47.254019+09:00
Roster Path,,,failed,False,2026-08-17T20:35:08.080059+09:00
Roster Petition,,,failed,False,2026-08-21T01:08:04.647718+09:00
Roster Pilot,70.0,0.0,success,False,2026-08-17T21:33:42.291802+09:00
Roster Plan,720.0,17.0,success,False,2026-08-21T01:59:13.927606+09:00
Roster Planner,720.0,17.0,success,False,2026-08-17T23:04:56.078956+09:00
Roster Playbook,,,failed,False,2026-08-18T22:06:05.649081+09:00
Roster Point,880.0,0.0,success,False,2026-08-17T20:34:16.019094+09:00
Roster Portal,2400.0,3.0,success,False,2026-08-17T20:46:12.433556+09:00
Roster Preview,,,failed,False,2026-08-28T01:04:00.519509+09:00
Roster Profile,,,failed,False,2026-08-19T13:30:45.657035+09:00
Roster Profit,,,failed,False,2026-08-23T02:58:49.315026+09:00
Roster Proposal,,,failed,False,2026-08-28T01:04:04.391433+09:00
Roster Pulse,,,failed,False,2026-08-17T20:37:03.531282+09:00
Roster Quota,,,failed,False,2026-08-21T00:35:11.745138+09:00
Roster Radar,30.0,0.0,success,False,2026-08-17T21:31:33.014186+09:00
Roster Rail,,,failed,False,2026-08-17T20:39:20.129592+09:00
Roster Rate,,,failed,False,2026-08-19T20:44:26.671038+09:00
Roster Recap,,,failed,False,2026-08-21T01:08:15.676788+09:00
Roster Receipt,,,failed,False,2026-08-19T22:00:29.201659+09:00
Roster Register,140.0,0.0,success,False,2026-08-17T23:15:25.442488+09:00
Roster Registry,,,failed,False,2026-08-18T22:06:43.515975+09:00
Roster Relay,,,failed,False,2026-08-17T21:30:24.502544+09:00
Roster Reminder,,,failed,False,2026-08-19T21:16:19.911294+09:00
Roster Report,70.0,0.0,success,False,2026-08-19T13:28:46.213071+09:00
Roster Repository,,,failed,False,2026-08-27T23:11:44.740129+09:00
Roster Roadmap,,,failed,False,2026-08-18T22:07:24.351116+09:00
Roster Route,,,failed,False,2026-08-17T20:41:00.568700+09:00
Roster Rule,110.0,0.0,success,False,2026-08-23T03:14:59.429482+09:00
Roster Sale,10.0,67.0,success,False,2026-08-21T02:30:41.751111+09:00
Roster Sample,140.0,19.0,success,False,2026-08-19T22:01:27.807092+09:00
Roster Scale,,,failed,False,2026-08-17T20:41:50.983322+09:00
Roster Scanner,,,failed,False,2026-08-27T23:53:29.478686+09:00
Roster Scheduler,1600.0,15.0,success,False,2026-08-17T23:24:03.266981+09:00
Roster Scope,,,failed,False,2026-08-17T20:39:49.091027+09:00
Roster Score,,,failed,False,2026-08-19T13:30:02.018673+09:00
Roster Sentry,,,failed,False,2026-08-17T20:31:33.560642+09:00
Roster Serial,140.0,1.0,success,False,2026-08-23T13:26:32.402839+09:00
Roster Sheet,590.0,5.0,success,False,2026-08-19T13:29:35.607135+09:00
Roster Shortfall,,,failed,False,2026-08-27T21:46:26.203739+09:00
Roster Signal,,,failed,False,2026-08-17T20:41:20.787117+09:00
Roster Signature,,,failed,False,2026-08-23T13:26:38.136224+09:00
Roster Slip,,,failed,False,2026-08-19T22:01:17.483163+09:00
Roster Slot,70.0,0.0,success,False,2026-08-19T22:01:39.954435+09:00
Roster Snapshot,1000.0,1.0,success,False,2026-08-18T22:06:23.871734+09:00
Roster Stamp,,,failed,False,2026-08-23T13:26:38.136224+09:00
Roster Statement,,,failed,False,2026-08-21T00:35:01.453915+09:00
Roster Station,,,failed,False,2026-08-17T21:32:05.797514+09:00
Roster Status,50.0,0.0,success,False,2026-08-19T20:43:48.362624+09:00
Roster Stipend,,,failed,False,2026-08-23T13:45:46.037867+09:00
Roster Stub,,,failed,False,2026-08-21T00:34:59.250399+09:00
Roster Studio,50.0,1.0,success,False,2026-08-17T21:34:17.965302+09:00
Roster Suite,,,failed,False,2026-08-17T23:23:26.681151+09:00
Roster Sum,,,failed,False,2026-08-21T02:30:27.978125+09:00
Roster Summary,,,failed,False,2026-08-19T21:15:58.285929+09:00
Roster Sync,20.0,2.0,success,False,2026-08-17T21:36:52.396982+09:00
Roster Table,140.0,2.0,success,False,2026-08-19T22:00:58.577087+09:00
Roster Tag,,,failed,False,2026-08-19T13:30:35.292295+09:00
Roster Tally,,,failed,False,2026-08-21T00:35:03.505181+09:00
Roster Tariff,,,failed,False,2026-08-21T02:45:38.713397+09:00
Roster Tax,,,failed,False,2026-08-21T02:14:45.406179+09:00
Roster Timer,,,failed,False,2026-08-28T00:23:17.850587+09:00
Roster Toll,,,failed,False,2026-08-21T02:45:31.753294+09:00
Roster Toolbox,10.0,,success,False,2026-08-28T00:23:24.069179+09:00
Roster Toolkit,,,failed,False,2026-08-18T22:05:57.658157+09:00
Roster Tracker,90.0,6.0,success,False,2026-08-17T21:38:03.717082+09:00
Roster Trail,,,failed,False,2026-08-17T20:38:24.877008+09:00
Roster Trend,,,failed,False,2026-08-28T01:03:55.063070+09:00
Roster Trial,,,failed,False,2026-08-27T21:14:19.073158+09:00
Roster Unit,,,failed,False,2026-08-21T01:59:11.823228+09:00
Roster Update,590.0,0.0,success,False,2026-08-19T20:44:35.831978+09:00
Roster Value,,,failed,False,2026-08-23T02:58:53.611200+09:00
Roster Vault,20.0,0.0,success,False,2026-08-17T20:48:06.680156+09:00
Roster Version,,,failed,False,2026-08-23T03:14:51.168783+09:00
Roster View,70.0,2.0,success,False,2026-08-19T20:43:57.147560+09:00
Roster Voucher,,,failed,False,2026-08-21T00:34:51.514854+09:00
Roster Watch,1900.0,6.0,success,False,2026-08-17T20:40:36.395454+09:00
Roster Wave,,,failed,False,2026-08-17T20:36:06.570384+09:00
Roster Widget,,,failed,False,2026-08-27T23:11:39.748613+09:00
Roster Workbench,,,failed,False,2026-08-18T22:05:47.884963+09:00
Roster Worksheet,10.0,5.0,success,False,2026-08-27T22:08:28.855798+09:00
Roster Zone,10.0,14.0,success,False,2026-08-17T20:47:25.656493+09:00
Rotation Advance,,,failed,False,2026-08-23T16:12:41.676987+09:00
Rotation Advisory,,,failed,False,2026-08-21T01:02:27.136036+09:00
Rotation Allowance,,,failed,False,2026-08-21T02:43:14.426169+09:00
Rotation Almanac,,,failed,False,2026-08-18T22:10:10.353821+09:00
Rotation Analyzer,,,failed,False,2026-08-27T23:57:12.985174+09:00
Rotation Anchor,,,failed,False,2026-08-17T20:31:55.017364+09:00
Rotation Arrears,,,failed,False,2026-08-23T16:12:37.758659+09:00
Rotation Assistant,10.0,0.0,success,False,2026-08-17T23:33:38.106132+09:00
Rotation Atlas,,,failed,False,2026-08-17T21:31:19.415531+09:00
Rotation Badge,,,failed,False,2026-08-21T00:25:32.620138+09:00
Rotation Base,260.0,19.0,success,False,2026-08-17T20:46:01.536512+09:00
Rotation Beacon,210.0,89.0,success,False,2026-08-17T20:35:52.510868+09:00
Rotation Bill,10.0,0.0,success,False,2026-08-19T22:01:31.900197+09:00
Rotation Blueprint,,,failed,False,2026-08-18T22:10:02.231985+09:00
Rotation Board,590.0,69.0,success,False,2026-08-17T20:43:18.551816+09:00
Rotation Book,210.0,75.0,success,False,2026-08-19T22:02:22.489790+09:00
Rotation Bridge,480.0,3.0,success,False,2026-08-17T20:33:01.756540+09:00
Rotation Brief,,,failed,False,2026-08-21T01:00:42.748785+09:00
Rotation Bulletin,,,failed,False,2026-08-21T01:00:40.730981+09:00
Rotation Calculator,1000.0,0.0,success,True,2026-08-27T23:35:13.146180+09:00
Rotation Calendar,390.0,55.0,success,False,2026-08-19T00:04:14.172620+09:00
Rotation Card,480.0,2.0,success,False,2026-08-19T13:38:06.946096+09:00
Rotation Cascade,,,failed,False,2026-08-17T20:34:03.344800+09:00
Rotation Cash,,,failed,False,2026-08-21T02:27:05.386441+09:00
Rotation Cashback,,,failed,False,2026-08-27T21:15:37.893274+09:00
Rotation Catalog,,,failed,False,2026-08-19T21:16:00.282567+09:00
Rotation Category,,,failed,False,2026-08-23T13:10:01.579263+09:00
Rotation Center,110.0,3.0,success,False,2026-08-17T20:38:14.865229+09:00
Rotation Chain,,,failed,False,2026-08-17T21:36:40.900045+09:00
Rotation Charge,,,failed,False,2026-08-21T02:43:04.921789+09:00
Rotation Check,110.0,55.0,success,False,2026-08-19T13:38:33.395376+09:00
Rotation Checker,110.0,55.0,success,False,2026-08-27T23:57:10.397260+09:00
Rotation Checklist,10.0,0.0,success,False,2026-08-19T21:15:04.533430+09:00
Rotation Circular,,,failed,False,2026-08-21T01:02:25.178710+09:00
Rotation Cockpit,,,failed,False,2026-08-17T23:12:18.901964+09:00
Rotation Code,110.0,0.0,success,False,2026-08-19T22:01:51.400634+09:00
Rotation Codex,,,failed,False,2026-08-18T22:10:25.741480+09:00
Rotation Companion,,,failed,False,2026-08-17T23:24:56.223636+09:00
Rotation Comparison,,,failed,False,2026-08-28T01:08:02.108620+09:00
Rotation Compass,90.0,29.0,success,False,2026-08-17T20:36:55.192509+09:00
Rotation Compendium,,,failed,False,2026-08-18T22:10:16.418477+09:00
Rotation Confirmation,,,failed,False,2026-08-21T01:00:58.878918+09:00
Rotation Console,,,failed,False,2026-08-17T20:35:22.813816+09:00
Rotation Contribution,,,failed,False,2026-08-23T16:12:35.033809+09:00
Rotation Core,1300.0,1.0,success,False,2026-08-17T20:45:14.001779+09:00
Rotation Cost,50.0,10.0,success,False,2026-08-21T02:10:45.957047+09:00
Rotation Count,260.0,57.0,success,False,2026-08-27T22:48:37.138670+09:00
Rotation Counter,260.0,57.0,success,False,2026-08-19T00:04:54.234777+09:00
Rotation Coupon,,,failed,False,2026-08-27T21:15:34.818716+09:00
Rotation Dashboard,,,failed,False,2026-08-17T23:24:36.078713+09:00
Rotation Deal,,,failed,False,2026-08-21T01:54:25.472983+09:00
Rotation Debt,,,failed,False,2026-08-21T02:26:56.391999+09:00
Rotation Deck,,,failed,False,2026-08-17T20:42:22.378966+09:00
Rotation Depot,,,failed,False,2026-08-19T00:04:39.958803+09:00
Rotation Desk,2400.0,100.0,success,False,2026-08-17T20:40:29.235539+09:00
Rotation Detail,,,failed,False,2026-08-23T03:23:34.197835+09:00
Rotation Diagram,720.0,0.0,success,False,2026-08-27T22:10:10.749365+09:00
Rotation Dial,260.0,5.0,success,False,2026-08-17T20:33:36.115262+09:00
Rotation Digest,,,failed,False,2026-08-19T20:40:53.028403+09:00
Rotation Directory,,,failed,False,2026-08-19T00:04:20.197700+09:00
Rotation Dock,,,failed,False,2026-08-17T21:41:19.053416+09:00
Rotation Dossier,,,failed,False,2026-08-21T01:01:03.307399+09:00
Rotation Downpayment,,,failed,False,2026-08-27T21:46:47.630562+09:00
Rotation Draft,,,failed,False,2026-08-19T20:41:16.586784+09:00
Rotation Due,,,failed,False,2026-08-23T15:50:54.236884+09:00
Rotation Duty,170.0,0.0,success,False,2026-08-21T02:43:07.410836+09:00
Rotation Engine,260.0,2.0,success,False,2026-08-17T23:09:05.527725+09:00
Rotation Entry,,,failed,False,2026-08-21T01:01:13.751057+09:00
Rotation Estimate,,,failed,False,2026-08-19T21:15:49.735937+09:00
Rotation Fare,,,failed,False,2026-08-21T02:10:51.896971+09:00
Rotation Fee,,,failed,False,2026-08-21T01:54:04.879612+09:00
Rotation Feed,,,failed,False,2026-08-19T20:41:06.982103+09:00
Rotation File,,,failed,False,2026-08-19T20:40:22.983274+09:00
Rotation Finder,,,failed,False,2026-08-19T00:04:35.680723+09:00
Rotation Fine,,,failed,False,2026-08-23T02:57:38.722026+09:00
Rotation Flag,40.0,53.0,success,False,2026-08-21T00:26:15.934316+09:00
Rotation Flow,390.0,0.0,success,False,2026-08-17T20:42:50.595044+09:00
Rotation Forge,,,failed,False,2026-08-17T20:34:55.202462+09:00
Rotation Form,70.0,0.0,success,False,2026-08-19T13:37:50.110679+09:00
Rotation Frame,720.0,54.0,success,False,2026-08-17T20:47:09.255931+09:00
Rotation Fund,70.0,2.0,success,False,2026-08-21T02:26:59.463760+09:00
Rotation Gate,480.0,15.0,success,False,2026-08-17T21:33:32.175377+09:00
Rotation Generator,210.0,10.0,success,False,2026-08-27T23:35:16.240815+09:00
Rotation Giveaway,,,failed,False,2026-08-27T21:15:40.330625+09:00
Rotation Grade,,,failed,False,2026-08-21T00:26:00.566845+09:00
Rotation Graph,1300.0,0.0,success,True,2026-08-27T22:09:58.164830+09:00
Rotation Grid,320.0,0.0,success,False,2026-08-17T21:37:10.762781+09:00
Rotation Guard,50.0,1.0,success,False,2026-08-17T20:45:35.834234+09:00
Rotation Guidebook,,,failed,False,2026-08-18T22:09:44.783040+09:00
Rotation Helpdesk,,,failed,False,2026-08-27T22:48:41.593169+09:00
Rotation Helper,50.0,0.0,success,False,2026-08-28T00:26:26.682078+09:00
Rotation History,,,failed,False,2026-08-19T20:40:13.253783+09:00
Rotation Hotline,,,failed,False,2026-08-19T21:16:09.798326+09:00
Rotation Hub,50.0,7.0,success,False,2026-08-17T20:42:02.791525+09:00
Rotation Identifier,,,failed,False,2026-08-23T13:09:58.883939+09:00
Rotation Incentive,,,failed,False,2026-08-27T21:15:40.330625+09:00
Rotation Index,50.0,2.0,success,False,2026-08-19T21:15:17.337039+09:00
Rotation Insight,,,failed,False,2026-08-17T23:05:09.501218+09:00
Rotation Item,,,failed,False,2026-08-21T02:05:54.756908+09:00
Rotation Journal,,,failed,False,2026-08-18T22:09:30.106481+09:00
Rotation Keeper,,,failed,False,2026-08-17T20:47:53.457764+09:00
Rotation Lab,40.0,0.0,success,False,2026-08-17T20:40:51.053535+09:00
Rotation Ledger,,,failed,False,2026-08-17T20:44:14.789024+09:00
Rotation Lens,,,failed,False,2026-08-17T20:48:29.594833+09:00
Rotation Level,110.0,100.0,success,False,2026-08-19T20:40:28.949050+09:00
Rotation Link,20.0,3.0,success,False,2026-08-23T03:23:29.114948+09:00
Rotation List,590.0,0.0,success,False,2026-08-19T22:01:59.739197+09:00
Rotation Loan,,,failed,False,2026-08-21T02:10:58.400903+09:00
Rotation Locator,20.0,0.0,success,False,2026-08-19T00:04:30.591993+09:00
Rotation Lock,2400.0,7.0,success,False,2026-08-17T21:31:54.606698+09:00
Rotation Log,210.0,1.0,success,False,2026-08-19T13:37:44.092675+09:00
Rotation Loop,,,failed,False,2026-08-17T21:38:24.477715+09:00
Rotation Manager,2900.0,2.0,success,False,2026-08-17T20:46:29.220439+09:00
Rotation Manual,,,failed,False,2026-08-27T22:10:01.202227+09:00
Rotation Map,480.0,2.0,success,False,2026-08-17T21:30:45.538595+09:00
Rotation Margin,,,failed,False,2026-08-23T02:57:36.512424+09:00
Rotation Memo,,,failed,False,2026-08-21T00:26:05.533599+09:00
Rotation Message,,,failed,False,2026-08-27T23:14:01.250377+09:00
Rotation Meter,880.0,100.0,success,False,2026-08-17T20:32:30.733040+09:00
Rotation Metrics,,,failed,False,2026-08-17T23:24:12.955458+09:00
Rotation Monitor,33100.0,8.0,success,False,2026-08-17T23:23:55.589084+09:00
Rotation Navigator,,,failed,False,2026-08-17T23:07:02.817989+09:00
Rotation Nexus,,,failed,False,2026-08-17T21:32:31.405261+09:00
Rotation Node,,,failed,False,2026-08-17T21:34:34.023181+09:00
Rotation Note,,,failed,False,2026-08-19T13:39:18.013288+09:00
Rotation Notification,,,failed,False,2026-08-27T22:48:34.491281+09:00
Rotation Number,880.0,0.0,success,False,2026-08-23T03:23:22.521378+09:00
Rotation Office,20.0,18.0,success,False,2026-08-19T00:04:47.180412+09:00
Rotation Ops,,,failed,False,2026-08-17T23:25:26.285868+09:00
Rotation Order,720.0,0.0,success,False,2026-08-19T22:01:17.483163+09:00
Rotation Organizer,1600.0,100.0,success,False,2026-08-17T23:10:43.579186+09:00
Rotation Overdue,,,failed,False,2026-08-27T21:46:44.901733+09:00
Rotation Panel,260.0,7.0,success,False,2026-08-17T20:34:31.529799+09:00
Rotation Pass,,,failed,False,2026-08-21T00:25:18.497443+09:00
Rotation Path,10.0,0.0,success,False,2026-08-17T21:34:03.414909+09:00
Rotation Penalty,,,failed,False,2026-08-23T16:38:09.315163+09:00
Rotation Petition,,,failed,False,2026-08-21T01:00:54.642749+09:00
Rotation Pilot,40.0,1.0,success,False,2026-08-17T20:41:13.511022+09:00
Rotation Plan,320.0,3.0,success,False,2026-08-21T01:54:19.939449+09:00
Rotation Planner,320.0,3.0,success,False,2026-08-17T22:50:36.545244+09:00
Rotation Playbook,,,failed,False,2026-08-18T22:09:21.781956+09:00
Rotation Point,1600.0,0.0,success,True,2026-08-17T21:33:05.832312+09:00
Rotation Portal,,,failed,False,2026-08-17T20:36:21.712002+09:00
Rotation Preview,,,failed,False,2026-08-28T01:08:04.607830+09:00
Rotation Profile,,,failed,False,2026-08-19T13:39:43.638809+09:00
Rotation Profit,,,failed,False,2026-08-23T02:57:32.152196+09:00
Rotation Proposal,,,failed,False,2026-08-28T01:08:04.607830+09:00
Rotation Pulse,,,failed,False,2026-08-17T21:36:12.498401+09:00
Rotation Queue,,,failed,False,2026-08-19T21:15:38.736251+09:00
Rotation Quota,,,failed,False,2026-08-21T00:26:10.737162+09:00
Rotation Radar,590.0,2.0,success,False,2026-08-17T20:39:36.069990+09:00
Rotation Rail,,,failed,False,2026-08-17T21:39:13.221117+09:00
Rotation Rate,2400.0,0.0,success,True,2026-08-19T20:40:37.869711+09:00
Rotation Recap,,,failed,False,2026-08-21T01:01:07.549578+09:00
Rotation Receipt,,,failed,False,2026-08-19T22:01:42.804571+09:00
Rotation Recorder,,,failed,False,2026-08-27T23:35:16.240815+09:00
Rotation Register,,,failed,False,2026-08-17T23:14:01.287138+09:00
Rotation Registry,,,failed,False,2026-08-18T22:09:54.168922+09:00
Rotation Relay,10.0,100.0,success,False,2026-08-17T20:38:40.859557+09:00
Rotation Reminder,,,failed,False,2026-08-19T21:14:51.947092+09:00
Rotation Report,10.0,0.0,success,False,2026-08-19T13:37:32.755916+09:00
Rotation Repository,,,failed,False,2026-08-27T23:14:12.324093+09:00
Rotation Roadmap,,,failed,False,2026-08-18T22:10:32.480742+09:00
Rotation Roster,720.0,3.0,success,False,2026-08-19T00:38:27.005898+09:00
Rotation Route,,,failed,False,2026-08-18T07:52:49.362329+09:00
Rotation Rule,12100.0,0.0,success,True,2026-08-23T03:23:31.641874+09:00
Rotation Sale,,,failed,False,2026-08-21T02:27:08.024014+09:00
Rotation Sample,,,failed,False,2026-08-19T22:02:44.580219+09:00
Rotation Scale,170.0,12.0,success,False,2026-08-18T07:52:40.105947+09:00
Rotation Scheduler,1300.0,3.0,success,False,2026-08-17T23:23:39.258674+09:00
Rotation Scope,,,failed,False,2026-08-17T21:40:37.066671+09:00
Rotation Score,,,failed,False,2026-08-19T13:38:58.073256+09:00
Rotation Sentry,,,failed,False,2026-08-17T21:30:13.279777+09:00
Rotation Sheet,170.0,0.0,success,False,2026-08-19T13:38:21.044998+09:00
Rotation Shortfall,,,failed,False,2026-08-27T21:46:49.880048+09:00
Rotation Signal,,,failed,False,2026-08-18T07:52:10.902319+09:00
Rotation Slip,390.0,0.0,success,False,2026-08-19T22:02:31.549197+09:00
Rotation Slot,,,failed,False,2026-08-19T22:02:52.701278+09:00
Rotation Snapshot,,,failed,False,2026-08-18T22:09:37.820706+09:00
Rotation Stage,1000.0,62.0,success,False,2026-08-28T00:48:15.950901+09:00
Rotation Stake,,,failed,False,2026-08-23T02:57:34.451765+09:00
Rotation Stamp,,,failed,False,2026-08-23T13:26:19.905298+09:00
Rotation Statement,,,failed,False,2026-08-21T00:25:45.592013+09:00
Rotation Station,1600.0,1.0,success,False,2026-08-17T20:40:05.754832+09:00
Rotation Status,10.0,0.0,success,False,2026-08-19T20:39:52.613613+09:00
Rotation Stub,,,failed,False,2026-08-21T00:25:38.806657+09:00
Rotation Studio,,,failed,False,2026-08-17T20:41:41.231730+09:00
Rotation Subsidy,,,failed,False,2026-08-23T15:50:57.538266+09:00
Rotation Suite,,,failed,False,2026-08-17T23:33:22.514665+09:00
Rotation Sum,,,failed,False,2026-08-21T02:26:53.610271+09:00
Rotation Summary,,,failed,False,2026-08-19T21:14:29.704334+09:00
Rotation Sync,,,failed,False,2026-08-17T20:43:48.259554+09:00
Rotation Table,2900.0,94.0,success,False,2026-08-19T22:02:12.630536+09:00
Rotation Tag,,,failed,False,2026-08-19T13:39:34.156572+09:00
Rotation Tally,,,failed,False,2026-08-21T00:25:52.909138+09:00
Rotation Tariff,,,failed,False,2026-08-21T02:43:16.744782+09:00
Rotation Tax,,,failed,False,2026-08-21T02:10:55.409815+09:00
Rotation Ticket,,,failed,False,2026-08-19T21:15:27.386619+09:00
Rotation Timeline,,,failed,False,2026-08-19T21:14:40.806707+09:00
Rotation Timer,320.0,36.0,success,False,2026-08-28T00:26:17.382290+09:00
Rotation Toll,,,failed,False,2026-08-21T02:43:10.515094+09:00
Rotation Toolbox,,,failed,False,2026-08-28T00:26:22.903465+09:00
Rotation Toolkit,,,failed,False,2026-08-18T22:09:13.055997+09:00
Rotation Tracker,260.0,4.0,success,False,2026-08-17T20:44:33.462366+09:00
Rotation Trail,,,failed,False,2026-08-17T21:37:49.733247+09:00
Rotation Trend,10.0,0.0,success,False,2026-08-28T01:08:02.108620+09:00
Rotation Trial,,,failed,False,2026-08-27T21:15:37.893274+09:00
Rotation Unit,170.0,36.0,success,False,2026-08-21T01:54:15.077260+09:00
Rotation Update,,,failed,False,2026-08-19T20:40:42.900088+09:00
Rotation Value,10.0,0.0,success,False,2026-08-23T02:57:34.451765+09:00
Rotation Vault,,,failed,False,2026-08-17T20:37:51.221015+09:00
Rotation Version,,,failed,False,2026-08-23T03:23:25.330676+09:00
Rotation View,320.0,0.0,success,False,2026-08-19T20:40:02.454787+09:00
Rotation Voucher,,,failed,False,2026-08-21T00:25:24.031302+09:00
Rotation Watch,2400.0,91.0,success,False,2026-08-17T21:41:49.444267+09:00
Rotation Wave,260.0,2.0,success,False,2026-08-17T21:35:08.893531+09:00
Rotation Widget,40.0,0.0,success,False,2026-08-27T23:14:03.822687+09:00
Rotation Workbench,,,failed,False,2026-08-18T22:09:05.854990+09:00
Rotation Worksheet,1600.0,1.0,success,False,2026-08-27T22:10:10.749365+09:00
Rotation Workshop,10.0,0.0,success,False,2026-08-28T00:26:20.204001+09:00
Rotation Zone,,,failed,False,2026-08-17T20:37:19.032635+09:00
Route Advisory,20.0,0.0,success,False,2026-08-21T00:58:25.474774+09:00
Route Allowance,,,failed,False,2026-08-21T02:37:53.787359+09:00
Route Almanac,,,failed,False,2026-08-18T22:06:18.385841+09:00
Route Analyzer,50.0,5.0,success,False,2026-08-27T23:54:30.615711+09:00
Route Anchor,30.0,0.0,success,False,2026-08-18T07:43:51.559731+09:00
Route Asset,,,failed,False,2026-08-23T13:45:20.654502+09:00
Route Assistant,210.0,22.0,success,False,2026-08-17T23:03:43.392480+09:00
Route Atlas,70.0,6.0,success,False,2026-08-17T20:48:18.389398+09:00
Route Balance,170.0,40.0,success,False,2026-08-23T13:45:55.611142+09:00
Route Base,70.0,0.0,success,False,2026-08-17T20:44:27.303320+09:00
Route Beacon,,,failed,False,2026-08-17T20:34:22.385109+09:00
Route Bill,10.0,0.0,success,False,2026-08-19T21:46:07.673702+09:00
Route Board,320.0,14.0,success,False,2026-08-17T20:41:57.166662+09:00
Route Book,27100.0,3.0,success,False,2026-08-19T21:47:08.663103+09:00
Route Bridge,170.0,0.0,success,False,2026-08-18T07:43:38.150133+09:00
Route Brief,,,failed,False,2026-08-21T01:01:30.993537+09:00
Route Bulletin,,,failed,False,2026-08-21T01:01:28.263811+09:00
Route Calculator,1900.0,9.0,success,False,2026-08-27T23:33:53.153275+09:00
Route Calendar,30.0,7.0,success,False,2026-08-18T23:57:00.632523+09:00
Route Card,1000.0,1.0,success,False,2026-08-19T13:30:02.018673+09:00
Route Cascade,,,failed,False,2026-08-17T20:32:17.131006+09:00
Route Cash,,,failed,False,2026-08-21T02:21:48.463008+09:00
Route Center,70.0,0.0,success,False,2026-08-17T20:36:47.157974+09:00
Route Chain,70.0,21.0,success,False,2026-08-17T21:35:00.218033+09:00
Route Charge,30.0,1.0,success,False,2026-08-21T02:37:37.997164+09:00
Route Check,1000.0,4.0,success,False,2026-08-19T13:30:39.417389+09:00
Route Checker,1000.0,4.0,success,False,2026-08-27T23:54:25.594721+09:00
Route Cockpit,,,failed,False,2026-08-17T23:05:39.217461+09:00
Route Code,2400.0,0.0,success,True,2026-08-19T21:46:33.632095+09:00
Route Codex,,,failed,False,2026-08-18T22:06:37.464016+09:00
Route Companion,,,failed,False,2026-08-17T23:08:11.112323+09:00
Route Comparison,70.0,5.0,success,False,2026-08-28T01:04:42.727086+09:00
Route Compass,10.0,0.0,success,False,2026-08-17T20:35:16.626138+09:00
Route Compendium,,,failed,False,2026-08-18T22:06:27.903433+09:00
Route Confirmation,,,failed,False,2026-08-21T00:58:34.367334+09:00
Route Console,,,failed,False,2026-08-17T20:33:56.397010+09:00
Route Converter,480.0,1.0,success,False,2026-08-27T23:33:53.153275+09:00
Route Core,,,failed,False,2026-08-17T20:43:38.857738+09:00
Route Cost,170.0,1.0,success,False,2026-08-21T02:06:32.230213+09:00
Route Count,90.0,3.0,success,False,2026-08-27T22:46:50.983424+09:00
Route Counter,90.0,3.0,success,False,2026-08-18T23:57:39.317157+09:00
Route Dashboard,90.0,1.0,success,False,2026-08-17T23:06:02.733299+09:00
Route Deal,1000.0,1.0,success,False,2026-08-21T01:50:32.476329+09:00
Route Debt,,,failed,False,2026-08-21T02:21:38.988991+09:00
Route Deck,,,failed,False,2026-08-17T20:41:08.316613+09:00
Route Depot,50.0,4.0,success,False,2026-08-18T23:57:22.753165+09:00
Route Desk,90.0,11.0,success,False,2026-08-17T20:39:05.666395+09:00
Route Detail,480.0,1.0,success,False,2026-08-23T03:16:29.353172+09:00
Route Detector,,,failed,False,2026-08-27T23:54:27.974840+09:00
Route Diagram,480.0,0.0,success,False,2026-08-27T22:08:33.849782+09:00
Route Dial,,,failed,False,2026-08-17T20:31:44.848533+09:00
Route Digest,,,failed,False,2026-08-19T20:46:10.724712+09:00
Route Directory,30.0,1.0,success,False,2026-08-18T23:57:13.406878+09:00
Route Discount,,,failed,False,2026-08-23T16:11:34.314985+09:00
Route Dock,,,failed,False,2026-08-18T07:43:25.661274+09:00
Route Dossier,,,failed,False,2026-08-21T00:58:38.777262+09:00
Route Draft,,,failed,False,2026-08-19T20:46:21.996527+09:00
Route Due,,,failed,False,2026-08-23T15:50:21.646134+09:00
Route Duty,,,failed,False,2026-08-21T02:37:42.077569+09:00
Route Engine,320.0,2.0,success,False,2026-08-17T23:08:08.981233+09:00
Route Entry,30.0,0.0,success,False,2026-08-21T00:58:32.149871+09:00
Route Estimator,1900.0,9.0,success,False,2026-08-27T23:54:23.137775+09:00
Route Excerpt,,,failed,False,2026-08-21T00:58:27.692575+09:00
Route Extension,50.0,4.0,success,False,2026-08-23T16:37:34.255373+09:00
Route Fare,30.0,0.0,success,False,2026-08-21T02:06:40.735071+09:00
Route Fee,,,failed,False,2026-08-21T01:50:02.348824+09:00
Route File,210.0,0.0,success,False,2026-08-19T20:45:50.851524+09:00
Route Finder,27100.0,2.0,success,False,2026-08-18T23:57:07.963291+09:00
Route Fine,10.0,0.0,success,False,2026-08-23T02:53:17.402090+09:00
Route Flag,480.0,0.0,success,False,2026-08-21T00:27:37.591897+09:00
Route Flow,90.0,6.0,success,False,2026-08-17T20:41:30.101842+09:00
Route Forge,10.0,6.0,success,False,2026-08-17T20:33:27.108642+09:00
Route Form,390.0,1.0,success,False,2026-08-19T13:29:52.884526+09:00
Route Frame,,,failed,False,2026-08-17T20:45:32.525368+09:00
Route Fund,,,failed,False,2026-08-21T02:21:41.084768+09:00
Route Gate,10.0,0.0,success,False,2026-08-17T21:31:44.399230+09:00
Route Generator,1300.0,23.0,success,False,2026-08-27T23:33:58.782801+09:00
Route Grade,,,failed,False,2026-08-21T00:27:12.597515+09:00
Route Graph,90.0,0.0,success,False,2026-08-27T22:08:24.051026+09:00
Route Grid,,,failed,False,2026-08-17T22:51:32.586910+09:00
Route Guarantee,,,failed,False,2026-08-28T01:04:49.164769+09:00
Route Guard,390.0,0.0,success,False,2026-08-17T20:44:07.827451+09:00
Route Guardian,10.0,3.0,success,False,2026-08-28T00:24:12.580711+09:00
Route Guidebook,,,failed,False,2026-08-18T22:05:52.087342+09:00
Route Helpdesk,,,failed,False,2026-08-27T22:46:56.250105+09:00
Route Helper,720.0,2.0,success,False,2026-08-28T00:24:14.921300+09:00
Route History,210.0,1.0,success,False,2026-08-19T20:45:40.802029+09:00
Route Hotline,,,failed,False,2026-08-19T21:10:05.581791+09:00
Route Hub,320.0,3.0,success,False,2026-08-17T20:40:46.604989+09:00
Route Identifier,,,failed,False,2026-08-23T13:04:45.223955+09:00
Route Index,40.0,0.0,success,False,2026-08-19T21:08:58.951614+09:00
Route Insight,,,failed,False,2026-08-17T23:04:12.037031+09:00
Route Item,,,failed,False,2026-08-21T01:50:11.823899+09:00
Route Journal,20.0,0.0,success,False,2026-08-18T22:05:33.744970+09:00
Route Keeper,,,failed,False,2026-08-17T20:45:54.147634+09:00
Route Lab,110.0,1.0,success,False,2026-08-17T20:39:28.862436+09:00
Route Label,110.0,2.0,success,False,2026-08-27T22:08:26.678137+09:00
Route Ledger,,,failed,False,2026-08-17T20:42:46.441273+09:00
Route Lens,210.0,18.0,success,False,2026-08-17T20:46:22.420312+09:00
Route Levy,,,failed,False,2026-08-23T13:45:20.654502+09:00
Route Link,880.0,2.0,success,False,2026-08-23T03:16:19.788711+09:00
Route List,390.0,1.0,success,False,2026-08-19T21:46:42.037661+09:00
Route Loan,,,failed,False,2026-08-21T02:06:52.442398+09:00
Route Locator,50.0,4.0,success,False,2026-08-18T23:52:29.838132+09:00
Route Lock,50.0,13.0,success,False,2026-08-17T21:30:02.792774+09:00
Route Log,90.0,2.0,success,False,2026-08-19T13:29:43.800182+09:00
Route Loop,880.0,20.0,success,False,2026-08-17T21:36:34.713232+09:00
Route Manager,880.0,13.0,success,False,2026-08-17T20:44:58.380838+09:00
Route Manual,70.0,0.0,success,False,2026-08-27T22:08:28.855798+09:00
Route Map,246000.0,1.0,success,False,2026-08-17T20:47:39.394205+09:00
Route Markup,,,failed,False,2026-08-23T16:37:31.309501+09:00
Route Memo,,,failed,False,2026-08-21T00:27:22.208885+09:00
Route Message,20.0,1.0,success,False,2026-08-27T23:12:02.088858+09:00
Route Metrics,480.0,1.0,success,False,2026-08-17T23:06:26.824049+09:00
Route Monitor,260.0,4.0,success,False,2026-08-17T23:04:12.037031+09:00
Route Navigator,390.0,6.0,success,False,2026-08-17T23:06:02.733299+09:00
Route Nexus,170.0,0.0,success,False,2026-08-17T21:30:37.005083+09:00
Route Node,720.0,2.0,success,False,2026-08-17T21:32:57.336519+09:00
Route Note,165000.0,46.0,success,False,2026-08-19T13:30:54.229704+09:00
Route Notification,20.0,0.0,success,False,2026-08-27T22:46:42.853394+09:00
Route Number,6600.0,2.0,success,False,2026-08-23T03:16:13.014331+09:00
Route Office,20.0,5.0,success,False,2026-08-18T23:57:31.846586+09:00
Route Ops,,,failed,False,2026-08-17T23:07:51.294970+09:00
Route Organizer,170.0,74.0,success,False,2026-08-17T23:03:53.626473+09:00
Route Overage,,,failed,False,2026-08-27T21:46:21.323370+09:00
Route Overdraft,,,failed,False,2026-08-23T15:50:12.078414+09:00
Route Overdue,,,failed,False,2026-08-27T21:46:18.010185+09:00
Route Panel,30.0,0.0,success,False,2026-08-17T20:32:53.240136+09:00
Route Path,480.0,0.0,success,False,2026-08-17T21:32:20.148818+09:00
Route Penalty,,,failed,False,2026-08-23T16:37:31.309501+09:00
Route Petition,,,failed,False,2026-08-21T00:58:30.042414+09:00
Route Pilot,40.0,36.0,success,False,2026-08-17T20:39:57.613991+09:00
Route Plan,201000.0,5.0,success,False,2026-08-21T01:50:28.240015+09:00
Route Planner,201000.0,5.0,success,False,2026-08-17T23:09:32.191803+09:00
Route Playbook,,,failed,False,2026-08-18T22:05:25.774321+09:00
Route Point,170.0,1.0,success,False,2026-08-17T21:31:08.679950+09:00
Route Portal,40.0,1.0,success,False,2026-08-17T20:34:46.285590+09:00
Route Preview,110.0,7.0,success,False,2026-08-28T01:04:42.727086+09:00
Route Profile,390.0,0.0,success,False,2026-08-19T13:31:08.046594+09:00
Route Profit,,,failed,False,2026-08-23T02:53:06.849591+09:00
Route Proposal,,,failed,False,2026-08-28T01:04:46.455885+09:00
Route Pulse,90.0,13.0,success,False,2026-08-17T21:34:28.165323+09:00
Route Quota,,,failed,False,2026-08-21T00:27:30.325740+09:00
Route Radar,70.0,1.0,success,False,2026-08-17T20:38:08.924079+09:00
Route Rail,1300.0,28.0,success,False,2026-08-17T21:37:02.739524+09:00
Route Rank,20.0,0.0,success,False,2026-08-28T00:47:16.982525+09:00
Route Rate,10.0,0.0,success,False,2026-08-19T20:46:02.034696+09:00
Route Recap,,,failed,False,2026-08-21T00:59:23.990159+09:00
Route Receipt,,,failed,False,2026-08-19T21:46:20.188818+09:00
Route Recorder,140.0,14.0,success,False,2026-08-27T23:33:58.782801+09:00
Route Register,210.0,18.0,success,False,2026-08-17T23:07:30.676472+09:00
Route Registry,210.0,18.0,success,False,2026-08-18T22:05:59.558657+09:00
Route Relay,140.0,2.0,success,False,2026-08-17T20:37:15.920679+09:00
Route Reminder,,,failed,False,2026-08-19T21:08:35.799168+09:00
Route Report,210.0,2.0,success,False,2026-08-19T13:29:29.454455+09:00
Route Repository,,,failed,False,2026-08-27T23:12:13.072454+09:00
Route Roadmap,390.0,6.0,success,False,2026-08-18T22:06:45.698700+09:00
Route Rule,390.0,0.0,success,False,2026-08-23T03:16:26.068243+09:00
Route Sale,5400.0,56.0,success,False,2026-08-21T02:21:52.863298+09:00
Route Sample,20.0,0.0,success,False,2026-08-19T21:47:38.670449+09:00
Route Scale,30.0,0.0,success,False,2026-08-17T20:32:36.001496+09:00
Route Scanner,390.0,9.0,success,False,2026-08-27T23:54:27.974840+09:00
Route Scheduler,1600.0,3.0,success,False,2026-08-17T23:04:33.261831+09:00
Route Schematic,,,failed,False,2026-08-27T22:28:42.749169+09:00
Route Scope,20.0,0.0,success,False,2026-08-18T01:28:07.797651+09:00
Route Score,,,failed,False,2026-08-19T13:30:48.441659+09:00
Route Sentry,10.0,,success,False,2026-08-17T20:47:00.954455+09:00
Route Sheet,1300.0,3.0,success,False,2026-08-19T13:30:13.142544+09:00
Route Signal,320.0,2.0,success,False,2026-08-17T20:32:00.957216+09:00
Route Signature,20.0,0.0,success,False,2026-08-23T13:26:40.982312+09:00
Route Slip,1600.0,0.0,success,True,2026-08-19T21:47:24.408619+09:00
Route Slot,6600.0,0.0,success,True,2026-08-19T21:47:49.967174+09:00
Route Snapshot,10.0,0.0,success,False,2026-08-18T22:05:42.226060+09:00
Route Stake,,,failed,False,2026-08-23T02:53:11.692862+09:00
Route Stamp,170.0,13.0,success,False,2026-08-23T13:26:43.446955+09:00
Route Statement,10.0,0.0,success,False,2026-08-21T00:26:53.623558+09:00
Route Station,140.0,0.0,success,False,2026-08-17T20:38:35.163236+09:00
Route Status,70.0,0.0,success,False,2026-08-19T20:45:29.456295+09:00
Route Studio,140.0,1.0,success,False,2026-08-17T20:40:24.654920+09:00
Route Subsidy,,,failed,False,2026-08-23T15:50:14.677980+09:00
Route Suite,20.0,3.0,success,False,2026-08-17T23:08:08.981233+09:00
Route Sum,,,failed,False,2026-08-21T02:21:33.857873+09:00
Route Summary,390.0,0.0,success,False,2026-08-19T21:08:15.358718+09:00
Route Surtax,,,failed,False,2026-08-23T15:50:16.987712+09:00
Route Sync,20.0,8.0,success,False,2026-08-17T20:42:16.988485+09:00
Route Tab,50.0,0.0,success,False,2026-08-21T00:27:45.495734+09:00
Route Table,60500.0,100.0,success,False,2026-08-19T21:46:54.129984+09:00
Route Tag,170.0,0.0,success,False,2026-08-19T13:31:03.415990+09:00
Route Tally,,,failed,False,2026-08-21T00:27:03.794080+09:00
Route Tariff,,,failed,False,2026-08-21T02:37:55.962761+09:00
Route Tax,301000.0,2.0,success,False,2026-08-21T02:06:44.237427+09:00
Route Timer,260.0,1.0,success,False,2026-08-28T00:24:07.652921+09:00
Route Toll,90.0,2.0,success,False,2026-08-21T02:37:48.956315+09:00
Route Toolbox,,,failed,False,2026-08-28T00:24:12.580711+09:00
Route Toolkit,,,failed,False,2026-08-18T22:05:15.577232+09:00
Route Total,,,failed,False,2026-08-27T23:12:05.738890+09:00
Route Tracker,4400.0,9.0,success,False,2026-08-17T20:43:14.638625+09:00
Route Trail,880.0,47.0,success,False,2026-08-17T21:36:05.315924+09:00
Route Trend,,,failed,False,2026-08-28T01:04:40.087199+09:00
Route Trial,,,failed,False,2026-08-27T21:14:19.073158+09:00
Route Unit,,,failed,False,2026-08-21T01:50:44.435250+09:00
Route Update,50.0,0.0,success,False,2026-08-19T20:46:06.697629+09:00
Route Value,320.0,0.0,success,False,2026-08-23T02:53:08.936462+09:00
Route Vault,10.0,3.0,success,False,2026-08-17T20:36:14.881787+09:00
Route Version,,,failed,False,2026-08-23T03:16:15.944869+09:00
Route View,1600.0,4.0,success,False,2026-08-19T20:45:35.048925+09:00
Route Watch,70.0,11.0,success,False,2026-08-18T07:43:57.402622+09:00
Route Wave,30.0,3.0,success,False,2026-08-17T21:33:24.629057+09:00
Route Widget,10.0,,success,False,2026-08-27T23:12:08.197632+09:00
Route Workbench,,,failed,False,2026-08-18T22:05:08.323728+09:00
Route Worksheet,,,failed,False,2026-08-27T22:08:33.849782+09:00
Route Workshop,,,failed,False,2026-08-28T00:24:10.123784+09:00
Route Zone,170.0,0.0,success,False,2026-08-17T20:35:48.969093+09:00
Royalty Advance,110.0,29.0,success,False,2026-08-23T16:13:26.521734+09:00
Royalty Advisory,,,failed,False,2026-08-21T01:01:51.697457+09:00
Royalty Allowance,,,failed,False,2026-08-21T02:38:51.441238+09:00
Royalty Almanac,,,failed,False,2026-08-18T22:11:34.911588+09:00
Royalty Analyzer,,,failed,False,2026-08-27T23:55:17.807220+09:00
Royalty Anchor,,,failed,False,2026-08-17T21:37:26.190503+09:00
Royalty Arrears,,,failed,False,2026-08-23T16:13:24.161828+09:00
Royalty Asset,30.0,0.0,success,False,2026-08-23T13:46:40.614274+09:00
Royalty Assistant,30.0,1.0,success,False,2026-08-17T23:11:28.950122+09:00
Royalty Atlas,,,failed,False,2026-08-17T20:44:43.054193+09:00
Royalty Attribute,,,failed,False,2026-08-23T13:06:20.755041+09:00
Royalty Badge,590.0,9.0,success,False,2026-08-21T00:25:21.406032+09:00
Royalty Balance,,,failed,False,2026-08-23T13:46:35.892255+09:00
Royalty Base,40.0,1.0,success,False,2026-08-17T20:41:48.704350+09:00
Royalty Beacon,10.0,,success,False,2026-08-18T07:52:44.350821+09:00
Royalty Bill,30.0,0.0,success,False,2026-08-19T22:06:56.710970+09:00
Royalty Blueprint,,,failed,False,2026-08-18T22:11:24.179554+09:00
Royalty Board,,,failed,False,2026-08-17T20:39:18.247368+09:00
Royalty Book,33100.0,1.0,success,False,2026-08-19T21:45:53.420711+09:00
Royalty Bridge,,,failed,False,2026-08-17T21:38:35.218560+09:00
Royalty Brief,,,failed,False,2026-08-21T00:59:15.258286+09:00
Royalty Bulletin,,,failed,False,2026-08-21T00:59:10.591896+09:00
Royalty Cabinet,,,failed,False,2026-08-27T23:13:03.121922+09:00
Royalty Calculator,3600.0,4.0,success,False,2026-08-27T23:34:22.055868+09:00
Royalty Calendar,880.0,4.0,success,False,2026-08-18T23:59:30.074918+09:00
Royalty Card,5400.0,13.0,success,False,2026-08-19T13:36:52.870932+09:00
Royalty Cascade,,,failed,False,2026-08-17T21:40:49.556938+09:00
Royalty Cash,1300.0,7.0,success,False,2026-08-21T02:23:15.671365+09:00
Royalty Cashback,,,failed,False,2026-08-27T21:15:40.330625+09:00
Royalty Category,,,failed,False,2026-08-23T13:06:17.940469+09:00
Royalty Center,50.0,0.0,success,False,2026-08-17T20:33:46.243100+09:00
Royalty Chain,5400.0,29.0,success,False,2026-08-17T21:31:33.014186+09:00
Royalty Charge,4400.0,0.0,success,True,2026-08-21T02:38:43.386978+09:00
Royalty Check,880.0,1.0,success,False,2026-08-19T13:37:25.441438+09:00
Royalty Checker,880.0,1.0,success,False,2026-08-27T23:55:11.655418+09:00
Royalty Circular,170.0,3.0,success,False,2026-08-21T00:59:28.178022+09:00
Royalty Cockpit,,,failed,False,2026-08-17T23:29:16.727834+09:00
Royalty Code,10.0,0.0,success,False,2026-08-19T22:07:18.055706+09:00
Royalty Codex,,,failed,False,2026-08-18T22:11:49.715981+09:00
Royalty Companion,,,failed,False,2026-08-17T23:09:36.803243+09:00
Royalty Comparison,,,failed,False,2026-08-28T01:05:20.139067+09:00
Royalty Compass,,,failed,False,2026-08-17T20:32:03.329355+09:00
Royalty Compendium,,,failed,False,2026-08-18T22:11:41.345427+09:00
Royalty Confirmation,,,failed,False,2026-08-21T00:59:40.549783+09:00
Royalty Console,,,failed,False,2026-08-18T07:43:47.974817+09:00
Royalty Contribution,,,failed,False,2026-08-23T16:13:24.161828+09:00
Royalty Converter,,,failed,False,2026-08-27T23:34:22.055868+09:00
Royalty Core,390.0,12.0,success,False,2026-08-17T20:41:00.568700+09:00
Royalty Cost,170.0,0.0,success,False,2026-08-21T02:07:58.916446+09:00
Royalty Counter,20.0,7.0,success,False,2026-08-19T00:00:28.920086+09:00
Royalty Coupon,,,failed,False,2026-08-27T21:15:37.893274+09:00
Royalty Dashboard,,,failed,False,2026-08-17T23:14:46.249386+09:00
Royalty Deal,260.0,0.0,success,False,2026-08-21T01:52:03.394231+09:00
Royalty Debt,10.0,0.0,success,False,2026-08-21T02:23:05.228659+09:00
Royalty Deck,,,failed,False,2026-08-17T20:38:24.877008+09:00
Royalty Depot,,,failed,False,2026-08-19T00:00:08.120656+09:00
Royalty Desk,,,failed,False,2026-08-17T20:36:04.789698+09:00
Royalty Detail,590.0,6.0,success,False,2026-08-23T03:17:46.671515+09:00
Royalty Detector,,,failed,False,2026-08-27T23:55:14.253857+09:00
Royalty Diagram,,,failed,False,2026-08-27T22:10:16.912585+09:00
Royalty Dial,,,failed,False,2026-08-17T21:39:25.145394+09:00
Royalty Digest,140.0,46.0,success,False,2026-08-19T20:48:37.662202+09:00
Royalty Directory,,,failed,False,2026-08-18T23:59:40.785220+09:00
Royalty Discount,590.0,2.0,success,False,2026-08-23T16:13:18.611192+09:00
Royalty Dock,,,failed,False,2026-08-17T21:34:46.886716+09:00
Royalty Dossier,,,failed,False,2026-08-21T00:59:46.357323+09:00
Royalty Downpayment,,,failed,False,2026-08-27T21:46:47.630562+09:00
Royalty Draft,,,failed,False,2026-08-19T20:48:46.011592+09:00
Royalty Due,10.0,0.0,success,False,2026-08-23T15:51:22.397294+09:00
Royalty Duty,,,failed,False,2026-08-21T02:38:45.456500+09:00
Royalty Endowment,,,failed,False,2026-08-23T15:51:28.689965+09:00
Royalty Engine,,,failed,False,2026-08-17T23:28:06.508675+09:00
Royalty Entry,10.0,0.0,success,False,2026-08-21T00:59:56.543467+09:00
Royalty Estimate,,,failed,False,2026-08-19T21:33:04.196015+09:00
Royalty Estimator,70.0,4.0,success,False,2026-08-27T23:55:06.367292+09:00
Royalty Excerpt,,,failed,False,2026-08-21T01:02:50.394287+09:00
Royalty Extension,,,failed,False,2026-08-23T16:38:26.896926+09:00
Royalty Fare,,,failed,False,2026-08-21T02:08:11.666475+09:00
Royalty Fee,4400.0,0.0,success,True,2026-08-21T01:51:43.156382+09:00
Royalty Feed,,,failed,False,2026-08-19T20:48:43.191337+09:00
Royalty File,,,failed,False,2026-08-19T20:48:09.734804+09:00
Royalty Finder,10.0,25.0,success,False,2026-08-18T23:59:57.747609+09:00
Royalty Fine,,,failed,False,2026-08-23T02:54:08.933520+09:00
Royalty Flag,2400.0,27.0,success,False,2026-08-21T00:26:07.923229+09:00
Royalty Flow,110.0,0.0,success,False,2026-08-17T20:38:51.261946+09:00
Royalty Forge,,,failed,False,2026-08-18T07:52:55.085793+09:00
Royalty Form,720.0,24.0,success,False,2026-08-19T13:36:19.763333+09:00
Royalty Format,50.0,0.0,success,False,2026-08-23T13:06:27.049949+09:00
Royalty Frame,2900.0,13.0,success,False,2026-08-17T20:42:34.302604+09:00
Royalty Fund,140.0,10.0,success,False,2026-08-21T02:23:08.764436+09:00
Royalty Gate,4400.0,4.0,success,False,2026-08-17T20:46:49.856300+09:00
Royalty Generator,260.0,62.0,success,False,2026-08-27T23:34:29.939711+09:00
Royalty Giveaway,720.0,5.0,success,False,2026-08-27T21:15:49.145755+09:00
Royalty Grade,,,failed,False,2026-08-21T00:25:47.755507+09:00
Royalty Graph,,,failed,False,2026-08-27T22:09:58.164830+09:00
Royalty Grid,,,failed,False,2026-08-17T21:32:05.797514+09:00
Royalty Guarantee,,,failed,False,2026-08-28T01:05:26.346049+09:00
Royalty Guard,40500.0,6.0,success,False,2026-08-17T20:41:19.373388+09:00
Royalty Guardian,10.0,3.0,success,False,2026-08-28T00:24:44.523713+09:00
Royalty Guidebook,,,failed,False,2026-08-18T22:11:07.698009+09:00
Royalty Helpdesk,,,failed,False,2026-08-27T22:47:59.631121+09:00
Royalty Helper,,,failed,False,2026-08-28T00:24:51.336275+09:00
Royalty History,1000.0,1.0,success,False,2026-08-19T20:48:02.759483+09:00
Royalty Hub,40.0,0.0,success,False,2026-08-17T20:38:02.236902+09:00
Royalty Incentive,,,failed,False,2026-08-27T21:15:44.469109+09:00
Royalty Index,,,failed,False,2026-08-19T21:33:01.101175+09:00
Royalty Insight,,,failed,False,2026-08-17T23:28:58.984040+09:00
Royalty Installment,,,failed,False,2026-08-23T16:13:20.971458+09:00
Royalty Interest,110.0,1.0,success,False,2026-08-23T13:46:40.614274+09:00
Royalty Item,,,failed,False,2026-08-21T01:51:52.747806+09:00
Royalty Journal,,,failed,False,2026-08-18T22:10:51.704890+09:00
Royalty Keeper,,,failed,False,2026-08-17T20:43:01.991108+09:00
Royalty Lab,20.0,0.0,success,False,2026-08-17T20:36:35.862750+09:00
Royalty Ledger,,,failed,False,2026-08-17T20:40:15.034726+09:00
Royalty Lens,,,failed,False,2026-08-17T20:43:30.530213+09:00
Royalty Level,1900.0,4.0,success,False,2026-08-19T20:48:20.425473+09:00
Royalty Levy,,,failed,False,2026-08-23T13:46:40.614274+09:00
Royalty Link,30.0,0.0,success,False,2026-08-23T03:17:39.480043+09:00
Royalty List,320.0,0.0,success,False,2026-08-19T22:07:28.246340+09:00
Royalty Loan,30.0,25.0,success,False,2026-08-21T02:08:19.202315+09:00
Royalty Locator,,,failed,False,2026-08-18T23:59:47.446594+09:00
Royalty Lock,,,failed,False,2026-08-17T20:45:22.370262+09:00
Royalty Log,10.0,0.0,success,False,2026-08-19T13:36:00.987511+09:00
Royalty Loop,110.0,4.0,success,False,2026-08-17T21:33:17.550972+09:00
Royalty Manager,70.0,1.0,success,False,2026-08-17T20:42:10.144192+09:00
Royalty Manual,,,failed,False,2026-08-27T22:10:01.202227+09:00
Royalty Map,390.0,2.0,success,False,2026-08-17T20:44:21.106446+09:00
Royalty Margin,,,failed,False,2026-08-23T02:54:06.073801+09:00
Royalty Memo,,,failed,False,2026-08-21T00:25:54.977191+09:00
Royalty Message,,,failed,False,2026-08-27T23:12:56.649660+09:00
Royalty Meter,,,failed,False,2026-08-17T21:38:03.717082+09:00
Royalty Metrics,,,failed,False,2026-08-17T23:07:52.950180+09:00
Royalty Monitor,,,failed,False,2026-08-17T23:13:09.056664+09:00
Royalty Navigator,,,failed,False,2026-08-17T23:29:34.686853+09:00
Royalty Nexus,,,failed,False,2026-08-17T20:45:46.874737+09:00
Royalty Node,,,failed,False,2026-08-17T20:48:06.680156+09:00
Royalty Note,,,failed,False,2026-08-19T13:37:46.745101+09:00
Royalty Notification,10.0,0.0,success,False,2026-08-27T22:47:50.980247+09:00
Royalty Number,1000.0,1.0,success,False,2026-08-23T03:17:28.989211+09:00
Royalty Office,5400.0,6.0,success,False,2026-08-19T00:00:18.530849+09:00
Royalty Ops,,,failed,False,2026-08-17T23:03:58.711434+09:00
Royalty Order,1900.0,6.0,success,False,2026-08-19T22:06:44.272499+09:00
Royalty Organizer,,,failed,False,2026-08-17T23:28:41.981102+09:00
Royalty Overage,,,failed,False,2026-08-27T21:46:44.901733+09:00
Royalty Overdraft,,,failed,False,2026-08-23T15:51:24.556081+09:00
Royalty Overdue,,,failed,False,2026-08-27T21:46:44.901733+09:00
Royalty Panel,,,failed,False,2026-08-17T21:41:28.759770+09:00
Royalty Pass,110.0,0.0,success,False,2026-08-21T00:25:07.096192+09:00
Royalty Path,,,failed,False,2026-08-17T20:47:23.581270+09:00
Royalty Payoff,,,failed,False,2026-08-27T21:46:44.901733+09:00
Royalty Penalty,,,failed,False,2026-08-23T16:38:22.069097+09:00
Royalty Petition,,,failed,False,2026-08-21T00:59:36.315785+09:00
Royalty Pilot,,,failed,False,2026-08-17T20:37:01.636634+09:00
Royalty Plan,10.0,0.0,success,False,2026-08-21T01:51:50.568304+09:00
Royalty Planner,,,failed,False,2026-08-17T23:28:19.331420+09:00
Royalty Playbook,,,failed,False,2026-08-18T22:10:43.266214+09:00
Royalty Point,110.0,0.0,success,False,2026-08-17T20:46:12.433556+09:00
Royalty Portal,50.0,0.0,success,False,2026-08-17T20:31:29.603433+09:00
Royalty Preview,,,failed,False,2026-08-28T01:05:20.139067+09:00
Royalty Profile,,,failed,False,2026-08-19T13:38:13.390546+09:00
Royalty Profit,30.0,0.0,success,False,2026-08-23T02:53:54.584586+09:00
Royalty Proposal,,,failed,False,2026-08-28T01:05:22.748209+09:00
Royalty Pulse,,,failed,False,2026-08-17T21:30:57.458125+09:00
Royalty Quota,,,failed,False,2026-08-21T00:26:02.753353+09:00
Royalty Radar,10.0,2.0,success,False,2026-08-17T20:35:06.364440+09:00
Royalty Rail,,,failed,False,2026-08-17T21:33:42.291802+09:00
Royalty Rate,880.0,6.0,success,False,2026-08-19T20:48:26.152213+09:00
Royalty Recap,,,failed,False,2026-08-21T00:59:50.492128+09:00
Royalty Receipt,40.0,0.0,success,False,2026-08-19T22:07:06.557200+09:00
Royalty Recorder,,,failed,False,2026-08-27T23:34:29.939711+09:00
Royalty Register,,,failed,False,2026-08-17T23:29:51.250400+09:00
Royalty Registry,20.0,2.0,success,False,2026-08-18T22:11:13.751205+09:00
Royalty Relay,,,failed,False,2026-08-17T20:34:15.100698+09:00
Royalty Reminder,10.0,0.0,success,False,2026-08-19T21:32:58.231654+09:00
Royalty Report,210.0,6.0,success,False,2026-08-19T13:35:44.896452+09:00
Royalty Repository,,,failed,False,2026-08-27T23:13:06.155067+09:00
Royalty Result,9900.0,0.0,success,True,2026-08-28T00:47:30.269850+09:00
Royalty Roadmap,,,failed,False,2026-08-18T22:11:59.574853+09:00
Royalty Roster,,,failed,False,2026-08-19T00:37:50.207260+09:00
Royalty Route,8100.0,7.0,success,False,2026-08-17T21:35:52.306880+09:00
Royalty Rule,,,failed,False,2026-08-23T03:17:44.508741+09:00
Royalty Sale,140.0,4.0,success,False,2026-08-21T02:23:20.274615+09:00
Royalty Sample,10.0,32.0,success,False,2026-08-19T21:46:17.017433+09:00
Royalty Scale,10.0,1.0,success,False,2026-08-17T21:36:52.396982+09:00
Royalty Scanner,720.0,3.0,success,False,2026-08-27T23:55:11.655418+09:00
Royalty Scheduler,,,failed,False,2026-08-17T23:06:04.469497+09:00
Royalty Scope,40.0,1.0,success,False,2026-08-17T21:34:15.444697+09:00
Royalty Score,,,failed,False,2026-08-19T13:37:39.358157+09:00
Royalty Sentry,,,failed,False,2026-08-17T20:43:57.612589+09:00
Royalty Sheet,,,failed,False,2026-08-19T13:37:00.513744+09:00
Royalty Shortfall,,,failed,False,2026-08-27T21:46:49.880048+09:00
Royalty Signal,,,failed,False,2026-08-17T21:36:24.237197+09:00
Royalty Slip,30.0,0.0,success,False,2026-08-19T21:46:07.673702+09:00
Royalty Slot,20.0,4.0,success,False,2026-08-19T21:46:29.828345+09:00
Royalty Snapshot,,,failed,False,2026-08-18T22:10:59.912583+09:00
Royalty Stage,,,failed,False,2026-08-28T00:47:27.580109+09:00
Royalty Stake,,,failed,False,2026-08-23T02:54:03.941195+09:00
Royalty Stamp,1000.0,11.0,success,False,2026-08-23T13:27:13.232233+09:00
Royalty Statement,480.0,1.0,success,False,2026-08-21T00:25:35.006393+09:00
Royalty Station,10.0,0.0,success,False,2026-08-17T20:35:36.002153+09:00
Royalty Status,2900.0,1.0,success,False,2026-08-19T20:47:51.523685+09:00
Royalty Stipend,,,failed,False,2026-08-23T13:46:43.137504+09:00
Royalty Stub,,,failed,False,2026-08-21T00:25:26.988508+09:00
Royalty Studio,9900.0,2.0,success,False,2026-08-17T20:37:29.909330+09:00
Royalty Subsidy,,,failed,False,2026-08-23T15:51:26.748439+09:00
Royalty Suite,18100.0,10.0,success,False,2026-08-17T23:04:15.040980+09:00
Royalty Sum,10.0,,success,False,2026-08-21T02:22:58.653942+09:00
Royalty Summary,,,failed,False,2026-08-19T21:32:55.348476+09:00
Royalty Surtax,,,failed,False,2026-08-23T15:51:28.689965+09:00
Royalty Sync,,,failed,False,2026-08-17T20:39:49.091027+09:00
Royalty Tab,,,failed,False,2026-08-21T00:26:13.350270+09:00
Royalty Table,50.0,45.0,success,False,2026-08-19T22:07:41.945033+09:00
Royalty Tag,40500.0,9.0,success,False,2026-08-19T13:37:57.164882+09:00
Royalty Tally,,,failed,False,2026-08-21T00:25:43.310750+09:00
Royalty Tariff,,,failed,False,2026-08-21T02:38:54.796216+09:00
Royalty Tax,880.0,1.0,success,False,2026-08-21T02:08:15.230542+09:00
Royalty Ticket,,,failed,False,2026-08-19T21:33:01.101175+09:00
Royalty Tier,20.0,0.0,success,False,2026-08-28T00:47:30.269850+09:00
Royalty Timeline,170.0,4.0,success,False,2026-08-19T21:32:58.231654+09:00
Royalty Toll,,,failed,False,2026-08-21T02:38:47.806400+09:00
Royalty Toolbox,,,failed,False,2026-08-28T00:24:47.033463+09:00
Royalty Toolkit,,,failed,False,2026-08-18T22:10:34.249457+09:00
Royalty Total,,,failed,False,2026-08-27T23:13:00.467969+09:00
Royalty Tracker,90.0,18.0,success,False,2026-08-17T20:40:36.395454+09:00
Royalty Trail,,,failed,False,2026-08-17T21:32:45.123730+09:00
Royalty Trend,10.0,0.0,success,False,2026-08-28T01:05:17.423675+09:00
Royalty Trial,,,failed,False,2026-08-27T21:15:40.330625+09:00
Royalty Unit,10.0,0.0,success,False,2026-08-21T01:51:54.787871+09:00
Royalty Update,1000.0,1.0,success,False,2026-08-19T20:48:32.959283+09:00
Royalty Value,30.0,0.0,success,False,2026-08-23T02:53:56.783780+09:00
Royalty Vault,10.0,0.0,success,False,2026-08-17T20:33:16.020559+09:00
Royalty Version,10.0,0.0,success,False,2026-08-23T03:17:31.358374+09:00
Royalty View,,,failed,False,2026-08-19T20:47:58.897100+09:00
Royalty Voucher,,,failed,False,2026-08-21T00:25:13.031282+09:00
Royalty Wallet,,,failed,False,2026-08-27T22:47:56.654242+09:00
Royalty Watch,33100.0,66.0,success,False,2026-08-17T21:35:18.423759+09:00
Royalty Wave,1300.0,1.0,success,False,2026-08-17T20:48:40.258747+09:00
Royalty Widget,,,failed,False,2026-08-27T23:13:03.121922+09:00
Royalty Workbench,,,failed,False,2026-08-18T22:10:25.741480+09:00
Royalty Worksheet,,,failed,False,2026-08-27T22:10:10.749365+09:00
Royalty Workshop,,,failed,False,2026-08-28T00:24:41.812871+09:00
Royalty Zone,720.0,2.0,success,False,2026-08-17T20:32:41.344957+09:00
Rubric Alert,,,failed,False,2026-08-21T01:41:25.621539+09:00
Rubric Allowance,,,failed,False,2026-08-21T02:44:04.894763+09:00
Rubric Analyzer,,,failed,False,2026-08-27T23:54:15.015364+09:00
Rubric Asset,,,failed,False,2026-08-23T13:47:09.314181+09:00
Rubric Atlas,,,failed,False,2026-08-21T01:39:21.617747+09:00
Rubric Attribute,,,failed,False,2026-08-23T13:05:55.726817+09:00
Rubric Badge,,,failed,False,2026-08-21T01:44:31.242398+09:00
Rubric Base,,,failed,False,2026-08-21T01:37:44.630220+09:00
Rubric Beacon,,,failed,False,2026-08-21T01:36:50.253581+09:00
Rubric Bill,,,failed,False,2026-08-21T01:43:47.346655+09:00
Rubric Board,,,failed,False,2026-08-21T01:37:57.190809+09:00
Rubric Bridge,,,failed,False,2026-08-21T01:37:02.343165+09:00
Rubric Brief,,,failed,False,2026-08-21T01:36:29.707293+09:00
Rubric Bulletin,,,failed,False,2026-08-21T01:36:29.707293+09:00
Rubric Cabinet,,,failed,False,2026-08-27T23:11:08.284499+09:00
Rubric Calculator,140.0,0.0,success,False,2026-08-27T23:33:29.170312+09:00
Rubric Calendar,,,failed,False,2026-08-21T01:40:17.321567+09:00
Rubric Card,,,failed,False,2026-08-21T01:42:07.777661+09:00
Rubric Cascade,,,failed,False,2026-08-21T01:36:57.667235+09:00
Rubric Cash,,,failed,False,2026-08-21T02:27:33.001702+09:00
Rubric Category,,,failed,False,2026-08-23T13:05:53.628688+09:00
Rubric Center,,,failed,False,2026-08-21T01:38:26.164281+09:00
Rubric Chain,,,failed,False,2026-08-21T01:38:59.099455+09:00
Rubric Charge,,,failed,False,2026-08-21T02:43:57.292345+09:00
Rubric Chart,110.0,1.0,success,False,2026-08-21T01:41:30.332578+09:00
Rubric Check,170.0,16.0,success,False,2026-08-21T01:42:17.039674+09:00
Rubric Checker,170.0,16.0,success,False,2026-08-27T23:54:10.053801+09:00
Rubric Code,,,failed,False,2026-08-21T01:43:56.070004+09:00
Rubric Comparison,,,failed,False,2026-08-28T01:05:34.038010+09:00
Rubric Compass,,,failed,False,2026-08-21T01:36:44.739122+09:00
Rubric Confirmation,,,failed,False,2026-08-21T01:36:29.707293+09:00
Rubric Console,210.0,8.0,success,False,2026-08-21T01:38:38.622768+09:00
Rubric Core,,,failed,False,2026-08-21T01:37:48.907066+09:00
Rubric Cost,,,failed,False,2026-08-21T02:10:36.488938+09:00
Rubric Count,,,failed,False,2026-08-27T22:45:05.269508+09:00
Rubric Counter,,,failed,False,2026-08-21T01:40:37.729948+09:00
Rubric Deal,,,failed,False,2026-08-21T01:53:28.626980+09:00
Rubric Debt,,,failed,False,2026-08-21T02:27:26.146379+09:00
Rubric Deck,,,failed,False,2026-08-21T01:38:01.641770+09:00
Rubric Desk,,,failed,False,2026-08-21T01:36:29.707293+09:00
Rubric Detail,,,failed,False,2026-08-23T03:15:19.125629+09:00
Rubric Detector,,,failed,False,2026-08-27T23:54:12.617602+09:00
Rubric Directory,,,failed,False,2026-08-21T01:40:23.040836+09:00
Rubric Downpayment,,,failed,False,2026-08-27T21:50:22.560575+09:00
Rubric Draft,,,failed,False,2026-08-21T01:43:07.474360+09:00
Rubric Duty,,,failed,False,2026-08-21T02:43:59.643244+09:00
Rubric Engine,,,failed,False,2026-08-21T01:39:32.953570+09:00
Rubric Entry,,,failed,False,2026-08-21T01:36:29.707293+09:00
Rubric Estimate,,,failed,False,2026-08-21T01:43:39.038620+09:00
Rubric Estimator,,,failed,False,2026-08-27T23:54:07.466946+09:00
Rubric Fare,,,failed,False,2026-08-21T02:10:45.957047+09:00
Rubric Fee,,,failed,False,2026-08-21T01:53:12.594886+09:00
Rubric Feed,,,failed,False,2026-08-21T01:43:00.390217+09:00
Rubric Field,,,failed,False,2026-08-23T13:06:00.621707+09:00
Rubric File,,,failed,False,2026-08-21T01:42:48.869153+09:00
Rubric Fine,,,failed,False,2026-08-23T02:58:33.536123+09:00
Rubric Flow,20.0,0.0,success,False,2026-08-21T01:36:29.707293+09:00
Rubric Forge,,,failed,False,2026-08-21T01:36:52.456000+09:00
Rubric Form,320.0,0.0,success,False,2026-08-21T01:42:05.228292+09:00
Rubric Format,320.0,0.0,success,False,2026-08-23T13:06:02.918045+09:00
Rubric Frame,,,failed,False,2026-08-21T01:37:39.215530+09:00
Rubric Fund,,,failed,False,2026-08-21T02:27:29.296336+09:00
Rubric Gate,,,failed,False,2026-08-21T01:39:07.193029+09:00
Rubric Generator,4400.0,19.0,success,False,2026-08-27T23:33:31.795696+09:00
Rubric Graph,40.0,0.0,success,False,2026-08-27T22:14:55.683786+09:00
Rubric Grid,30.0,0.0,success,False,2026-08-21T01:37:21.821672+09:00
Rubric Guarantee,,,failed,False,2026-08-28T01:05:44.373460+09:00
Rubric Guardian,,,failed,False,2026-08-28T00:24:14.921300+09:00
Rubric Helpdesk,,,failed,False,2026-08-27T22:45:05.269508+09:00
Rubric Helper,10.0,3.0,success,False,2026-08-28T00:24:19.907536+09:00
Rubric History,50.0,0.0,success,False,2026-08-21T01:42:46.013630+09:00
Rubric Hub,30.0,0.0,success,False,2026-08-21T01:36:29.707293+09:00
Rubric Identifier,,,failed,False,2026-08-23T13:05:51.104957+09:00
Rubric Index,,,failed,False,2026-08-21T01:43:25.178324+09:00
Rubric Item,,,failed,False,2026-08-21T01:53:14.865292+09:00
Rubric Journal,90.0,2.0,success,False,2026-08-21T01:40:09.996962+09:00
Rubric Keeper,,,failed,False,2026-08-21T01:39:25.000691+09:00
Rubric Kit,,,failed,False,2026-08-27T22:45:00.824166+09:00
Rubric Lab,,,failed,False,2026-08-21T01:38:12.819970+09:00
Rubric Label,,,failed,False,2026-08-27T22:14:55.683786+09:00
Rubric Layout,50.0,1.0,success,False,2026-08-27T22:29:35.491166+09:00
Rubric Ledger,,,failed,False,2026-08-21T01:37:51.952894+09:00
Rubric Level,,,failed,False,2026-08-21T01:42:53.677401+09:00
Rubric Link,,,failed,False,2026-08-23T03:15:10.473494+09:00
Rubric List,,,failed,False,2026-08-21T01:44:01.894856+09:00
Rubric Loan,,,failed,False,2026-08-21T02:10:51.896971+09:00
Rubric Locator,,,failed,False,2026-08-21T01:40:26.570038+09:00
Rubric Locker,,,failed,False,2026-08-21T01:40:39.778843+09:00
Rubric Log,,,failed,False,2026-08-21T01:42:00.180241+09:00
Rubric Loop,,,failed,False,2026-08-21T01:37:19.276865+09:00
Rubric Manual,,,failed,False,2026-08-27T22:14:59.305692+09:00
Rubric Map,50.0,0.0,success,False,2026-08-21T01:37:37.070410+09:00
Rubric Margin,,,failed,False,2026-08-23T02:58:29.711332+09:00
Rubric Marker,10.0,7.0,success,False,2026-08-23T13:27:22.703282+09:00
Rubric Memo,,,failed,False,2026-08-21T01:36:29.707293+09:00
Rubric Monitor,,,failed,False,2026-08-21T01:39:49.686792+09:00
Rubric Nexus,,,failed,False,2026-08-21T01:39:14.951697+09:00
Rubric Note,,,failed,False,2026-08-21T01:42:27.221916+09:00
Rubric Notification,,,failed,False,2026-08-27T22:44:57.466905+09:00
Rubric Number,,,failed,False,2026-08-23T03:15:03.447052+09:00
Rubric Office,,,failed,False,2026-08-21T01:40:33.133691+09:00
Rubric Ops,,,failed,False,2026-08-21T01:40:01.747780+09:00
Rubric Order,10.0,0.0,success,False,2026-08-21T01:43:42.058918+09:00
Rubric Overage,,,failed,False,2026-08-27T21:50:20.259806+09:00
Rubric Overdue,,,failed,False,2026-08-27T21:50:15.580858+09:00
Rubric Panel,,,failed,False,2026-08-21T01:38:42.867462+09:00
Rubric Pass,,,failed,False,2026-08-21T01:44:23.485240+09:00
Rubric Path,,,failed,False,2026-08-21T01:37:28.905967+09:00
Rubric Payoff,,,failed,False,2026-08-27T21:50:17.905826+09:00
Rubric Penalty,,,failed,False,2026-08-23T16:39:50.503833+09:00
Rubric Petition,,,failed,False,2026-08-21T01:36:29.707293+09:00
Rubric Plan,,,failed,False,2026-08-21T01:53:25.014716+09:00
Rubric Planner,,,failed,False,2026-08-21T01:39:42.723562+09:00
Rubric Playbook,,,failed,False,2026-08-21T01:40:03.980146+09:00
Rubric Point,,,failed,False,2026-08-21T01:37:32.925946+09:00
Rubric Portal,90.0,0.0,success,False,2026-08-21T01:38:35.952865+09:00
Rubric Preview,,,failed,False,2026-08-28T01:05:36.598647+09:00
Rubric Profile,,,failed,False,2026-08-21T01:42:34.994206+09:00
Rubric Profit,,,failed,False,2026-08-23T02:58:22.138968+09:00
Rubric Proposal,,,failed,False,2026-08-28T01:05:40.494261+09:00
Rubric Quota,,,failed,False,2026-08-21T01:36:29.707293+09:00
Rubric Radar,,,failed,False,2026-08-21T01:36:31.901113+09:00
Rubric Rate,,,failed,False,2026-08-21T01:42:55.803836+09:00
Rubric Receipt,,,failed,False,2026-08-21T01:43:50.237250+09:00
Rubric Register,,,failed,False,2026-08-21T01:39:55.005229+09:00
Rubric Registry,,,failed,False,2026-08-21T01:40:15.311910+09:00
Rubric Relay,,,failed,False,2026-08-21T01:36:31.901113+09:00
Rubric Reminder,,,failed,False,2026-08-21T01:43:23.087757+09:00
Rubric Report,880.0,0.0,success,False,2026-08-21T01:41:56.935291+09:00
Rubric Repository,,,failed,False,2026-08-27T23:11:14.046678+09:00
Rubric Result,,,failed,False,2026-08-28T00:47:27.580109+09:00
Rubric Ring,,,failed,False,2026-08-21T01:39:04.572787+09:00
Rubric Roster,,,failed,False,2026-08-21T01:41:18.223212+09:00
Rubric Route,,,failed,False,2026-08-21T01:38:50.640665+09:00
Rubric Rule,,,failed,False,2026-08-23T03:15:14.062371+09:00
Rubric Sale,,,failed,False,2026-08-21T02:27:35.877276+09:00
Rubric Sample,1000.0,0.0,success,True,2026-08-21T01:44:14.161023+09:00
Rubric Scale,260.0,0.0,success,False,2026-08-21T01:38:45.431477+09:00
Rubric Scanner,,,failed,False,2026-08-27T23:54:12.617602+09:00
Rubric Score,4400.0,0.0,success,True,2026-08-21T01:42:20.086183+09:00
Rubric Sheet,260.0,0.0,success,False,2026-08-21T01:42:11.023754+09:00
Rubric Shelf,,,failed,False,2026-08-21T01:41:16.296353+09:00
Rubric Shortfall,,,failed,False,2026-08-27T21:50:26.760837+09:00
Rubric Signal,,,failed,False,2026-08-21T01:37:05.417257+09:00
Rubric Signature,30.0,0.0,success,False,2026-08-23T13:27:20.193084+09:00
Rubric Slip,,,failed,False,2026-08-21T01:44:07.789434+09:00
Rubric Slot,,,failed,False,2026-08-21T01:44:20.732547+09:00
Rubric Stake,,,failed,False,2026-08-23T02:58:27.713523+09:00
Rubric Stamp,10.0,100.0,success,False,2026-08-23T13:27:25.869179+09:00
Rubric Statement,,,failed,False,2026-08-21T01:44:40.330988+09:00
Rubric Station,,,failed,False,2026-08-21T01:38:18.535087+09:00
Rubric Status,,,failed,False,2026-08-21T01:42:37.393096+09:00
Rubric Stub,,,failed,False,2026-08-21T01:44:35.810594+09:00
Rubric Studio,10.0,0.0,success,False,2026-08-21T01:38:08.891636+09:00
Rubric Sum,,,failed,False,2026-08-21T02:27:23.796384+09:00
Rubric Summary,170.0,0.0,success,False,2026-08-21T01:43:12.278953+09:00
Rubric Tab,,,failed,False,2026-08-21T01:36:29.707293+09:00
Rubric Table,210.0,0.0,success,False,2026-08-21T01:44:05.223042+09:00
Rubric Tag,,,failed,False,2026-08-21T01:42:29.387533+09:00
Rubric Tariff,,,failed,False,2026-08-21T02:44:07.576254+09:00
Rubric Tax,,,failed,False,2026-08-21T02:10:49.609792+09:00
Rubric Terminal,,,failed,False,2026-08-21T01:38:21.127852+09:00
Rubric Ticket,,,failed,False,2026-08-21T01:43:31.469604+09:00
Rubric Tier,,,failed,False,2026-08-28T00:47:27.580109+09:00
Rubric Timeline,140.0,1.0,success,False,2026-08-21T01:43:14.953756+09:00
Rubric Toll,,,failed,False,2026-08-21T02:44:02.769477+09:00
Rubric Toolbox,,,failed,False,2026-08-28T00:24:17.222604+09:00
Rubric Total,,,failed,False,2026-08-27T23:11:01.656662+09:00
Rubric Tracker,,,failed,False,2026-08-21T01:36:29.707293+09:00
Rubric Trend,,,failed,False,2026-08-28T01:05:34.038010+09:00
Rubric Trial,,,failed,False,2026-08-27T21:19:26.078520+09:00
Rubric Unit,,,failed,False,2026-08-21T01:53:20.957099+09:00
Rubric Update,,,failed,False,2026-08-21T01:42:58.216620+09:00
Rubric Value,,,failed,False,2026-08-23T02:58:24.249422+09:00
Rubric Vault,,,failed,False,2026-08-21T01:36:39.432784+09:00
Rubric Version,,,failed,False,2026-08-23T03:15:06.713636+09:00
Rubric View,,,failed,False,2026-08-21T01:42:40.721389+09:00
Rubric Voucher,,,failed,False,2026-08-21T01:44:28.935205+09:00
Rubric Watch,,,failed,False,2026-08-21T01:37:11.320785+09:00
Rubric Wave,,,failed,False,2026-08-21T01:37:26.126762+09:00
Rubric Widget,,,failed,False,2026-08-27T23:11:04.616430+09:00
Rubric Worksheet,30.0,0.0,success,False,2026-08-27T22:15:03.740456+09:00
Rubric Workshop,,,failed,False,2026-08-28T00:24:14.921300+09:00
Rubric Zone,,,failed,False,2026-08-21T01:38:31.485069+09:00
Runbook Advisory,,,failed,False,2026-08-21T01:07:56.327187+09:00
Runbook Allowance,,,failed,False,2026-08-21T02:39:30.658601+09:00
Runbook Almanac,,,failed,False,2026-08-18T23:52:05.169270+09:00
Runbook Analyzer,,,failed,False,2026-08-27T23:54:45.435156+09:00
Runbook Anchor,,,failed,False,2026-08-17T20:38:16.946588+09:00
Runbook Assistant,,,failed,False,2026-08-17T23:06:41.076830+09:00
Runbook Atlas,,,failed,False,2026-08-17T21:38:26.629916+09:00
Runbook Attribute,,,failed,False,2026-08-23T13:07:53.746009+09:00
Runbook Badge,,,failed,False,2026-08-21T00:33:20.736767+09:00
Runbook Base,,,failed,False,2026-08-17T21:34:39.149688+09:00
Runbook Beacon,,,failed,False,2026-08-17T20:41:42.376478+09:00
Runbook Bill,,,failed,False,2026-08-19T21:51:05.479286+09:00
Runbook Blueprint,,,failed,False,2026-08-18T23:52:05.169270+09:00
Runbook Board,,,failed,False,2026-08-17T21:31:23.168898+09:00
Runbook Bridge,,,failed,False,2026-08-17T20:39:13.606540+09:00
Runbook Brief,,,failed,False,2026-08-21T01:07:49.697646+09:00
Runbook Bulletin,,,failed,False,2026-08-21T01:07:45.419245+09:00
Runbook Cabinet,,,failed,False,2026-08-27T23:11:52.510647+09:00
Runbook Calendar,,,failed,False,2026-08-18T23:57:02.622913+09:00
Runbook Card,,,failed,False,2026-08-19T13:27:22.269137+09:00
Runbook Cascade,,,failed,False,2026-08-17T20:40:08.225876+09:00
Runbook Cash,,,failed,False,2026-08-21T02:22:58.653942+09:00
Runbook Catalog,,,failed,False,2026-08-19T21:04:59.839669+09:00
Runbook Category,,,failed,False,2026-08-23T13:07:51.086484+09:00
Runbook Center,,,failed,False,2026-08-17T20:43:51.758171+09:00
Runbook Chain,,,failed,False,2026-08-17T20:33:08.305690+09:00
Runbook Charge,,,failed,False,2026-08-21T02:39:20.009212+09:00
Runbook Check,,,failed,False,2026-08-19T13:27:50.683202+09:00
Runbook Checker,,,failed,False,2026-08-27T23:54:35.399736+09:00
Runbook Checklist,,,failed,False,2026-08-19T21:03:53.179213+09:00
Runbook Circular,,,failed,False,2026-08-21T01:07:54.087465+09:00
Runbook Cockpit,,,failed,False,2026-08-17T23:27:48.723968+09:00
Runbook Code,,,failed,False,2026-08-19T21:51:25.452105+09:00
Runbook Codex,,,failed,False,2026-08-18T22:02:44.404885+09:00
Runbook Companion,,,failed,False,2026-08-17T23:04:27.580981+09:00
Runbook Comparison,,,failed,False,2026-08-28T01:05:40.494261+09:00
Runbook Compass,,,failed,False,2026-08-17T20:42:24.319818+09:00
Runbook Compendium,,,failed,False,2026-08-18T22:02:33.707465+09:00
Runbook Confirmation,,,failed,False,2026-08-21T01:08:04.647718+09:00
Runbook Console,,,failed,False,2026-08-17T20:41:15.125085+09:00
Runbook Contribution,,,failed,False,2026-08-23T16:16:57.987177+09:00
Runbook Converter,,,failed,False,2026-08-27T23:33:53.153275+09:00
Runbook Core,,,failed,False,2026-08-17T21:33:36.085901+09:00
Runbook Cost,,,failed,False,2026-08-21T02:06:27.364500+09:00
Runbook Count,,,failed,False,2026-08-27T22:46:27.298392+09:00
Runbook Counter,,,failed,False,2026-08-18T23:58:07.902911+09:00
Runbook Dashboard,,,failed,False,2026-08-17T23:10:08.054607+09:00
Runbook Deal,,,failed,False,2026-08-21T01:59:47.241476+09:00
Runbook Debt,,,failed,False,2026-08-21T02:22:48.105050+09:00
Runbook Deck,,,failed,False,2026-08-17T21:30:15.996537+09:00
Runbook Depot,,,failed,False,2026-08-18T23:57:46.664132+09:00
Runbook Desk,,,failed,False,2026-08-17T20:46:03.469899+09:00
Runbook Detail,,,failed,False,2026-08-23T03:19:53.710314+09:00
Runbook Detector,,,failed,False,2026-08-27T23:54:40.654466+09:00
Runbook Dial,,,failed,False,2026-08-17T20:39:37.454360+09:00
Runbook Digest,,,failed,False,2026-08-19T20:46:51.690221+09:00
Runbook Directory,,,failed,False,2026-08-18T23:57:15.984121+09:00
Runbook Dock,,,failed,False,2026-08-17T20:35:59.491401+09:00
Runbook Dossier,,,failed,False,2026-08-21T01:08:07.982267+09:00
Runbook Draft,,,failed,False,2026-08-19T20:47:03.354167+09:00
Runbook Due,,,failed,False,2026-08-23T15:52:50.933121+09:00
Runbook Duty,,,failed,False,2026-08-21T02:39:23.092445+09:00
Runbook Engine,,,failed,False,2026-08-17T23:26:50.492047+09:00
Runbook Entry,,,failed,False,2026-08-21T01:08:20.285219+09:00
Runbook Estimate,,,failed,False,2026-08-19T21:04:47.167430+09:00
Runbook Estimator,,,failed,False,2026-08-27T23:54:32.984482+09:00
Runbook Excerpt,,,failed,False,2026-08-21T01:08:15.676788+09:00
Runbook Fare,,,failed,False,2026-08-21T02:06:40.735071+09:00
Runbook Fee,,,failed,False,2026-08-21T01:59:29.977509+09:00
Runbook Feed,,,failed,False,2026-08-19T20:46:58.036522+09:00
Runbook File,,,failed,False,2026-08-19T20:46:30.162701+09:00
Runbook Finder,,,failed,False,2026-08-18T23:57:37.423450+09:00
Runbook Fine,,,failed,False,2026-08-23T02:54:52.135987+09:00
Runbook Flag,,,failed,False,2026-08-21T00:34:04.071728+09:00
Runbook Flow,,,failed,False,2026-08-17T21:30:47.592348+09:00
Runbook Forge,,,failed,False,2026-08-17T20:40:52.985789+09:00
Runbook Form,,,failed,False,2026-08-19T13:27:09.579518+09:00
Runbook Format,40.0,3.0,success,False,2026-08-23T13:07:55.793530+09:00
Runbook Frame,,,failed,False,2026-08-17T21:35:44.584576+09:00
Runbook Fund,,,failed,False,2026-08-21T02:22:51.042353+09:00
Runbook Gate,,,failed,False,2026-08-17T21:41:53.145173+09:00
Runbook Generator,,,failed,False,2026-08-27T23:33:53.153275+09:00
Runbook Grade,,,failed,False,2026-08-21T00:33:46.093002+09:00
Runbook Grid,,,failed,False,2026-08-17T20:33:41.175079+09:00
Runbook Guarantee,,,failed,False,2026-08-28T01:05:46.959097+09:00
Runbook Guard,,,failed,False,2026-08-17T21:34:09.721109+09:00
Runbook Guardian,,,failed,False,2026-08-28T00:24:32.431629+09:00
Runbook Guidebook,,,failed,False,2026-08-18T23:52:05.169270+09:00
Runbook Helpdesk,,,failed,False,2026-08-27T22:46:29.671446+09:00
Runbook Helper,,,failed,False,2026-08-28T00:24:36.830973+09:00
Runbook History,,,failed,False,2026-08-19T20:46:24.803660+09:00
Runbook Hotline,,,failed,False,2026-08-19T21:05:10.807996+09:00
Runbook Hub,,,failed,False,2026-08-17T20:48:31.729678+09:00
Runbook Identifier,,,failed,False,2026-08-23T13:07:48.964667+09:00
Runbook Index,,,failed,False,2026-08-19T21:04:08.048540+09:00
Runbook Insight,,,failed,False,2026-08-17T23:27:34.340862+09:00
Runbook Item,,,failed,False,2026-08-21T02:05:57.421169+09:00
Runbook Journal,,,failed,False,2026-08-18T23:52:05.169270+09:00
Runbook Keeper,,,failed,False,2026-08-17T21:36:20.278504+09:00
Runbook Kit,,,failed,False,2026-08-27T22:46:23.139331+09:00
Runbook Lab,,,failed,False,2026-08-17T20:46:31.116711+09:00
Runbook Label,,,failed,False,2026-08-27T22:07:27.719925+09:00
Runbook Ledger,,,failed,False,2026-08-17T21:32:33.876836+09:00
Runbook Lens,,,failed,False,2026-08-17T21:36:43.981322+09:00
Runbook Level,,,failed,False,2026-08-19T20:46:36.801455+09:00
Runbook Link,,,failed,False,2026-08-23T03:19:44.954715+09:00
Runbook List,,,failed,False,2026-08-19T21:51:38.533092+09:00
Runbook Loan,,,failed,False,2026-08-21T02:06:47.400251+09:00
Runbook Locator,,,failed,False,2026-08-18T23:57:28.259874+09:00
Runbook Lock,,,failed,False,2026-08-17T21:39:19.495692+09:00
Runbook Log,,,failed,False,2026-08-19T13:27:02.036577+09:00
Runbook Loop,,,failed,False,2026-08-17T20:34:33.124318+09:00
Runbook Manager,,,failed,False,2026-08-17T21:35:11.471835+09:00
Runbook Manual,,,failed,False,2026-08-27T22:07:30.403670+09:00
Runbook Map,,,failed,False,2026-08-17T21:37:55.576177+09:00
Runbook Memo,,,failed,False,2026-08-21T00:33:50.963808+09:00
Runbook Meter,,,failed,False,2026-08-17T20:38:43.149907+09:00
Runbook Metrics,,,failed,False,2026-08-17T23:15:16.385703+09:00
Runbook Monitor,,,failed,False,2026-08-17T23:08:25.865498+09:00
Runbook Navigator,,,failed,False,2026-08-17T23:28:01.386512+09:00
Runbook Nexus,,,failed,False,2026-08-17T21:40:41.309160+09:00
Runbook Node,,,failed,False,2026-08-18T07:43:44.841764+09:00
Runbook Note,,,failed,False,2026-08-19T13:28:06.398636+09:00
Runbook Notification,,,failed,False,2026-08-27T22:46:20.664142+09:00
Runbook Number,,,failed,False,2026-08-23T03:19:37.789366+09:00
Runbook Office,,,failed,False,2026-08-18T23:57:58.396596+09:00
Runbook Ops,,,failed,False,2026-08-17T23:11:44.690517+09:00
Runbook Order,,,failed,False,2026-08-19T21:50:54.613076+09:00
Runbook Organizer,,,failed,False,2026-08-17T23:27:19.198277+09:00
Runbook Outline,,,failed,False,2026-08-27T22:28:39.838514+09:00
Runbook Overdue,,,failed,False,2026-08-27T21:46:06.267558+09:00
Runbook Panel,,,failed,False,2026-08-17T20:40:32.567080+09:00
Runbook Path,,,failed,False,2026-08-18T07:52:53.130004+09:00
Runbook Penalty,,,failed,False,2026-08-23T16:40:23.481453+09:00
Runbook Petition,,,failed,False,2026-08-21T01:08:00.929637+09:00
Runbook Pilot,,,failed,False,2026-08-17T20:47:16.621554+09:00
Runbook Plan,,,failed,False,2026-08-21T01:59:40.836410+09:00
Runbook Planner,,,failed,False,2026-08-17T23:27:03.515384+09:00
Runbook Playbook,70.0,12.0,success,False,2026-08-18T23:52:05.169270+09:00
Runbook Point,,,failed,False,2026-08-17T21:41:22.072079+09:00
Runbook Portal,,,failed,False,2026-08-17T20:42:04.175878+09:00
Runbook Preview,,,failed,False,2026-08-28T01:05:40.494261+09:00
Runbook Profile,,,failed,False,2026-08-19T13:28:22.445633+09:00
Runbook Profit,,,failed,False,2026-08-23T02:54:43.780312+09:00
Runbook Proposal,,,failed,False,2026-08-28T01:05:44.373460+09:00
Runbook Pulse,,,failed,False,2026-08-17T20:32:32.905502+09:00
Runbook Queue,,,failed,False,2026-08-19T21:04:33.210036+09:00
Runbook Quota,,,failed,False,2026-08-21T00:33:55.661658+09:00
Runbook Radar,,,failed,False,2026-08-17T20:45:15.345040+09:00
Runbook Rail,,,failed,False,2026-08-17T20:35:00.475766+09:00
Runbook Rate,,,failed,False,2026-08-19T20:46:42.465530+09:00
Runbook Recap,,,failed,False,2026-08-21T01:08:12.622841+09:00
Runbook Receipt,,,failed,False,2026-08-19T21:51:16.066048+09:00
Runbook Recorder,,,failed,False,2026-08-27T23:33:58.782801+09:00
Runbook Register,,,failed,False,2026-08-17T23:28:13.719643+09:00
Runbook Registry,,,failed,False,2026-08-18T23:52:05.169270+09:00
Runbook Relay,,,failed,False,2026-08-17T20:44:15.738532+09:00
Runbook Reminder,,,failed,False,2026-08-19T21:03:38.962662+09:00
Runbook Report,,,failed,False,2026-08-19T13:26:40.628357+09:00
Runbook Repository,,,failed,False,2026-08-27T23:11:58.068235+09:00
Runbook Result,,,failed,False,2026-08-28T00:47:30.269850+09:00
Runbook Roadmap,,,failed,False,2026-08-18T22:02:54.576094+09:00
Runbook Roster,,,failed,False,2026-08-19T00:36:50.417664+09:00
Runbook Route,,,failed,False,2026-08-17T20:36:56.303275+09:00
Runbook Rule,,,failed,False,2026-08-23T03:19:49.312069+09:00
Runbook Sale,,,failed,False,2026-08-21T02:23:00.928674+09:00
Runbook Sample,90.0,4.0,success,False,2026-08-19T21:52:24.100892+09:00
Runbook Scale,,,failed,False,2026-08-17T20:37:57.626492+09:00
Runbook Scanner,,,failed,False,2026-08-27T23:54:40.654466+09:00
Runbook Scheduler,,,failed,False,2026-08-17T23:13:41.173741+09:00
Runbook Scope,,,failed,False,2026-08-17T20:35:28.436030+09:00
Runbook Score,,,failed,False,2026-08-19T13:27:59.144364+09:00
Runbook Sentry,,,failed,False,2026-08-17T21:37:21.496927+09:00
Runbook Sheet,,,failed,False,2026-08-19T13:27:40.228305+09:00
Runbook Signal,,,failed,False,2026-08-17T20:37:24.505740+09:00
Runbook Snapshot,,,failed,False,2026-08-18T23:52:05.169270+09:00
Runbook Stage,,,failed,False,2026-08-28T00:47:30.269850+09:00
Runbook Stake,,,failed,False,2026-08-23T02:54:48.016404+09:00
Runbook Statement,,,failed,False,2026-08-21T00:33:34.783519+09:00
Runbook Station,,,failed,False,2026-08-17T20:45:42.370254+09:00
Runbook Status,,,failed,False,2026-08-19T20:46:13.766068+09:00
Runbook Stub,,,failed,False,2026-08-21T00:33:28.430853+09:00
Runbook Studio,,,failed,False,2026-08-17T20:47:58.336807+09:00
Runbook Suite,,,failed,False,2026-08-17T23:12:02.312580+09:00
Runbook Sum,,,failed,False,2026-08-21T02:22:45.760304+09:00
Runbook Summary,,,failed,False,2026-08-19T21:32:34.534523+09:00
Runbook Surtax,,,failed,False,2026-08-23T15:52:54.963093+09:00
Runbook Sync,,,failed,False,2026-08-17T21:31:56.784481+09:00
Runbook Tab,,,failed,False,2026-08-21T00:34:09.449100+09:00
Runbook Table,,,failed,False,2026-08-19T21:51:50.352396+09:00
Runbook Tag,,,failed,False,2026-08-19T13:28:12.912105+09:00
Runbook Tally,,,failed,False,2026-08-21T00:33:39.786796+09:00
Runbook Tariff,,,failed,False,2026-08-21T02:39:36.901337+09:00
Runbook Tax,,,failed,False,2026-08-21T02:06:44.237427+09:00
Runbook Ticket,,,failed,False,2026-08-19T21:04:19.743151+09:00
Runbook Timeline,,,failed,False,2026-08-19T21:03:23.930623+09:00
Runbook Toll,,,failed,False,2026-08-21T02:39:27.182357+09:00
Runbook Toolbox,,,failed,False,2026-08-28T00:24:36.830973+09:00
Runbook Toolkit,,,failed,False,2026-08-18T23:52:05.169270+09:00
Runbook Tracker,,,failed,False,2026-08-17T21:33:08.992358+09:00
Runbook Trail,,,failed,False,2026-08-17T20:34:08.377719+09:00
Runbook Trend,,,failed,False,2026-08-28T01:05:36.598647+09:00
Runbook Trial,,,failed,False,2026-08-27T21:13:18.101351+09:00
Runbook Unit,,,failed,False,2026-08-21T01:59:37.170622+09:00
Runbook Update,,,failed,False,2026-08-19T20:46:47.302188+09:00
Runbook Value,,,failed,False,2026-08-23T02:54:45.895962+09:00
Runbook Vault,,,failed,False,2026-08-17T20:43:25.230587+09:00
Runbook Version,,,failed,False,2026-08-23T03:19:40.807348+09:00
Runbook View,,,failed,False,2026-08-19T20:46:20.200545+09:00
Runbook Watch,,,failed,False,2026-08-17T20:36:22.753454+09:00
Runbook Wave,,,failed,False,2026-08-18T07:52:41.803734+09:00
Runbook Widget,,,failed,False,2026-08-27T23:11:50.094156+09:00
Runbook Workbench,,,failed,False,2026-08-18T23:52:05.169270+09:00
Runbook Worksheet,,,failed,False,2026-08-27T22:07:30.403670+09:00
Runbook Workshop,,,failed,False,2026-08-28T00:24:29.963051+09:00
Runbook Zone,,,failed,False,2026-08-17T20:42:52.966707+09:00
Safe Advance,10.0,0.0,success,False,2026-08-23T16:12:08.472275+09:00
Safe Advisory,210.0,2.0,success,False,2026-08-21T01:03:45.407835+09:00
Safe Allowance,,,failed,False,2026-08-21T02:43:57.292345+09:00
Safe Almanac,,,failed,False,2026-08-18T22:07:03.148226+09:00
Safe Analyzer,210.0,78.0,success,False,2026-08-27T23:55:03.182011+09:00
Safe Anchor,720.0,80.0,success,False,2026-08-18T22:09:35.906732+09:00
Safe Asset,320.0,2.0,success,False,2026-08-23T13:45:33.532917+09:00
Safe Assistant,880.0,4.0,success,False,2026-08-18T22:03:32.090956+09:00
Safe Atlas,,,failed,False,2026-08-18T22:02:28.338577+09:00
Safe Badge,880.0,20.0,success,False,2026-08-21T00:29:35.718141+09:00
Safe Balance,1000.0,4.0,success,False,2026-08-23T13:45:29.589427+09:00
Safe Base,720.0,25.0,success,False,2026-08-18T22:11:30.674698+09:00
Safe Beacon,1300.0,28.0,success,False,2026-08-18T22:09:03.479922+09:00
Safe Bill,390.0,0.0,success,False,2026-08-19T21:48:17.560358+09:00
Safe Blueprint,40.0,2.0,success,False,2026-08-18T22:06:54.214613+09:00
Safe Board,3600.0,51.0,success,False,2026-08-18T22:11:53.253087+09:00
Safe Book,2400.0,54.0,success,False,2026-08-19T21:49:21.504748+09:00
Safe Bridge,320.0,4.0,success,False,2026-08-18T22:09:27.931619+09:00
Safe Brief,,,failed,False,2026-08-21T01:03:36.375895+09:00
Safe Bulletin,,,failed,False,2026-08-21T01:03:30.050919+09:00
Safe Cabinet,4400.0,100.0,success,False,2026-08-27T23:12:32.092351+09:00
Safe Calendar,880.0,3.0,success,False,2026-08-18T23:57:53.791592+09:00
Safe Card,5400.0,14.0,success,False,2026-08-19T13:31:41.202916+09:00
Safe Cascade,,,failed,False,2026-08-18T22:09:19.506375+09:00
Safe Cash,480.0,56.0,success,False,2026-08-21T02:28:18.996082+09:00
Safe Cashback,,,failed,False,2026-08-27T21:14:45.418872+09:00
Safe Catalog,170.0,12.0,success,False,2026-08-19T21:04:06.353252+09:00
Safe Category,320.0,3.0,success,False,2026-08-23T13:10:01.579263+09:00
Safe Center,6600.0,32.0,success,False,2026-08-18T23:52:05.169270+09:00
Safe Chain,6600.0,83.0,success,False,2026-08-18T23:52:08.201955+09:00
Safe Charge,1900.0,11.0,success,False,2026-08-21T02:43:47.739499+09:00
Safe Check,12100.0,14.0,success,False,2026-08-19T13:31:52.943506+09:00
Safe Checker,12100.0,14.0,success,False,2026-08-27T23:54:55.608336+09:00
Safe Circular,,,failed,False,2026-08-21T01:03:40.572054+09:00
Safe Cockpit,,,failed,False,2026-08-18T22:04:56.544925+09:00
Safe Code,5400.0,2.0,success,False,2026-08-19T21:48:44.866696+09:00
Safe Codex,,,failed,False,2026-08-18T22:07:18.676319+09:00
Safe Companion,260.0,0.0,success,False,2026-08-18T22:05:23.943754+09:00
Safe Comparison,1000.0,1.0,success,False,2026-08-28T01:05:31.519640+09:00
Safe Compass,40.0,82.0,success,False,2026-08-18T22:08:54.791738+09:00
Safe Compendium,,,failed,False,2026-08-18T22:07:09.458547+09:00
Safe Confirmation,,,failed,False,2026-08-21T01:03:53.377990+09:00
Safe Console,170.0,7.0,success,False,2026-08-18T23:52:08.201955+09:00
Safe Contribution,,,failed,False,2026-08-23T16:12:05.670450+09:00
Safe Core,3600.0,1.0,success,False,2026-08-18T22:11:37.206712+09:00
Safe Cost,720.0,90.0,success,False,2026-08-21T02:12:01.712721+09:00
Safe Count,390.0,6.0,success,False,2026-08-27T22:47:10.971037+09:00
Safe Counter,390.0,6.0,success,False,2026-08-18T23:58:49.693970+09:00
Safe Coupon,30.0,2.0,success,False,2026-08-27T21:14:38.915931+09:00
Safe Dashboard,720.0,14.0,success,False,2026-08-18T22:05:06.428384+09:00
Safe Deal,590.0,65.0,success,False,2026-08-21T01:56:19.157693+09:00
Safe Debt,50.0,23.0,success,False,2026-08-21T02:28:12.321639+09:00
Safe Deck,880.0,34.0,success,False,2026-08-18T22:12:04.159201+09:00
Safe Depot,22200.0,45.0,success,False,2026-08-18T23:58:32.218218+09:00
Safe Desk,210.0,52.0,success,False,2026-08-18T22:08:21.500006+09:00
Safe Detail,,,failed,False,2026-08-23T03:23:49.316132+09:00
Safe Detector,170.0,24.0,success,False,2026-08-27T23:54:58.395846+09:00
Safe Diagram,720.0,1.0,success,False,2026-08-27T22:09:07.960139+09:00
Safe Dial,590.0,62.0,success,False,2026-08-18T23:52:08.201955+09:00
Safe Digest,,,failed,False,2026-08-19T20:47:33.785997+09:00
Safe Directory,90.0,1.0,success,False,2026-08-18T23:58:04.745440+09:00
Safe Discount,70.0,17.0,success,False,2026-08-23T16:11:58.973572+09:00
Safe Dock,390.0,4.0,success,False,2026-08-18T23:52:08.201955+09:00
Safe Dossier,,,failed,False,2026-08-21T01:04:00.035751+09:00
Safe Due,10.0,0.0,success,False,2026-08-23T15:50:35.558538+09:00
Safe Duty,90.0,0.0,success,False,2026-08-21T02:43:50.740440+09:00
Safe Endowment,,,failed,False,2026-08-23T15:50:40.596656+09:00
Safe Engine,720.0,2.0,success,False,2026-08-18T22:03:21.744324+09:00
Safe Entry,720.0,0.0,success,False,2026-08-21T01:04:15.866621+09:00
Safe Estimate,30.0,1.0,success,False,2026-08-19T21:03:51.507952+09:00
Safe Estimator,,,failed,False,2026-08-27T23:54:52.993731+09:00
Safe Excerpt,,,failed,False,2026-08-21T01:04:11.301899+09:00
Safe Fare,20.0,0.0,success,False,2026-08-21T02:12:10.627447+09:00
Safe Fee,90.0,1.0,success,False,2026-08-21T01:55:53.001580+09:00
Safe Feed,210.0,33.0,success,False,2026-08-19T20:47:39.914949+09:00
Safe File,2400.0,21.0,success,False,2026-08-19T20:47:10.772818+09:00
Safe Finder,320.0,1.0,success,False,2026-08-18T23:58:23.364762+09:00
Safe Fine,70.0,0.0,success,False,2026-08-23T02:57:55.201782+09:00
Safe Flag,3600.0,100.0,success,False,2026-08-21T00:30:27.321926+09:00
Safe Flow,1300.0,21.0,success,False,2026-08-18T22:08:00.506560+09:00
Safe Forge,,,failed,False,2026-08-18T22:09:11.269372+09:00
Safe Form,9900.0,1.0,success,False,2026-08-19T13:31:17.650623+09:00
Safe Frame,2400.0,24.0,success,False,2026-08-18T22:11:19.240583+09:00
Safe Fund,1000.0,8.0,success,False,2026-08-21T02:28:15.974883+09:00
Safe Gate,22200.0,99.0,success,False,2026-08-18T23:52:08.201955+09:00
Safe Giveaway,10.0,67.0,success,False,2026-08-27T21:14:54.146372+09:00
Safe Grade,,,failed,False,2026-08-21T00:30:05.948049+09:00
Safe Grid,320.0,9.0,success,False,2026-08-18T22:10:14.241136+09:00
Safe Guarantee,320.0,0.0,success,False,2026-08-28T01:05:36.598647+09:00
Safe Guard,165000.0,20.0,success,False,2026-08-18T22:07:36.107745+09:00
Safe Guardian,590.0,3.0,success,False,2026-08-28T00:24:41.812871+09:00
Safe Guidebook,,,failed,False,2026-08-18T22:06:37.464016+09:00
Safe Helpdesk,,,failed,False,2026-08-27T22:47:10.971037+09:00
Safe Helper,480.0,7.0,success,False,2026-08-28T00:24:44.523713+09:00
Safe History,210.0,0.0,success,False,2026-08-19T20:47:06.290958+09:00
Safe Hotline,390.0,13.0,success,False,2026-08-19T21:04:17.654082+09:00
Safe Hub,5400.0,12.0,success,False,2026-08-18T22:08:07.311207+09:00
Safe Identifier,,,failed,False,2026-08-23T13:10:01.579263+09:00
Safe Incentive,,,failed,False,2026-08-27T21:14:49.306471+09:00
Safe Index,1900.0,1.0,success,False,2026-08-19T21:32:55.348476+09:00
Safe Insight,260.0,2.0,success,False,2026-08-18T22:04:36.606049+09:00
Safe Installment,,,failed,False,2026-08-23T16:12:01.471109+09:00
Safe Item,2400.0,38.0,success,False,2026-08-21T01:56:06.760187+09:00
Safe Journal,590.0,8.0,success,False,2026-08-18T22:06:18.385841+09:00
Safe Keeper,590.0,22.0,success,False,2026-08-18T22:02:48.638128+09:00
Safe Lab,2900.0,8.0,success,False,2026-08-18T22:12:17.661018+09:00
Safe Label,1900.0,82.0,success,False,2026-08-27T22:08:54.322972+09:00
Safe Ledger,90.0,7.0,success,False,2026-08-18T22:11:45.045166+09:00
Safe Lens,480.0,57.0,success,False,2026-08-18T22:11:09.923371+09:00
Safe Level,590.0,1.0,success,False,2026-08-19T20:47:17.630061+09:00
Safe Link,135000.0,41.0,success,False,2026-08-23T03:23:43.125766+09:00
Safe List,480.0,4.0,success,False,2026-08-19T21:49:01.029648+09:00
Safe Loan,12100.0,5.0,success,False,2026-08-21T02:12:19.408855+09:00
Safe Locator,720.0,4.0,success,False,2026-08-18T23:58:15.272323+09:00
Safe Lock,18100.0,100.0,success,False,2026-08-18T22:10:56.062577+09:00
Safe Log,5400.0,10.0,success,False,2026-08-19T13:31:08.046594+09:00
Safe Loop,720.0,6.0,success,False,2026-08-18T22:10:06.625362+09:00
Safe Manager,5400.0,6.0,success,False,2026-08-18T22:02:59.013018+09:00
Safe Manual,1900.0,27.0,success,False,2026-08-27T22:09:01.274163+09:00
Safe Map,1600.0,1.0,success,False,2026-08-18T22:11:03.707718+09:00
Safe Margin,2400.0,0.0,success,True,2026-08-23T02:57:55.201782+09:00
Safe Markup,,,failed,False,2026-08-23T16:37:45.266937+09:00
Safe Memo,170.0,8.0,success,False,2026-08-21T00:30:14.861916+09:00
Safe Meter,110.0,2.0,success,False,2026-08-18T23:52:08.201955+09:00
Safe Metrics,480.0,5.0,success,False,2026-08-18T22:04:44.992531+09:00
Safe Monitor,1300.0,6.0,success,False,2026-08-18T22:04:25.779407+09:00
Safe Navigator,260.0,6.0,success,False,2026-08-18T22:05:15.577232+09:00
Safe Nexus,140.0,1.0,success,False,2026-08-18T23:52:08.201955+09:00
Safe Node,110.0,0.0,success,False,2026-08-18T23:52:08.201955+09:00
Safe Note,4400.0,7.0,success,False,2026-08-19T13:32:13.743565+09:00
Safe Notification,110.0,3.0,success,False,2026-08-27T22:47:06.029080+09:00
Safe Number,1300.0,8.0,success,False,2026-08-23T03:23:37.132752+09:00
Safe Office,1900.0,8.0,success,False,2026-08-18T23:58:41.085151+09:00
Safe Ops,480.0,1.0,success,False,2026-08-18T22:05:42.226060+09:00
Safe Order,880.0,9.0,success,False,2026-08-19T21:48:04.651670+09:00
Safe Organizer,170.0,100.0,success,False,2026-08-18T22:04:15.026557+09:00
Safe Overdraft,,,failed,False,2026-08-23T15:50:38.471158+09:00
Safe Panel,720.0,32.0,success,False,2026-08-18T23:52:08.201955+09:00
Safe Pass,6600.0,35.0,success,False,2026-08-21T00:29:24.926650+09:00
Safe Path,1300.0,1.0,success,False,2026-08-18T22:10:38.085042+09:00
Safe Petition,10.0,0.0,success,False,2026-08-21T01:03:48.837789+09:00
Safe Pilot,1000.0,4.0,success,False,2026-08-18T22:08:15.553962+09:00
Safe Plan,14800.0,5.0,success,False,2026-08-21T01:56:12.510800+09:00
Safe Planner,,,failed,False,2026-08-18T22:03:53.517132+09:00
Safe Playbook,,,failed,False,2026-08-18T22:06:07.690995+09:00
Safe Point,3600.0,6.0,success,False,2026-08-18T22:10:45.324652+09:00
Safe Portal,1300.0,2.0,success,False,2026-08-18T23:52:08.201955+09:00
Safe Preview,10.0,0.0,success,False,2026-08-28T01:05:34.038010+09:00
Safe Profile,480.0,3.0,success,False,2026-08-19T13:32:31.593655+09:00
Safe Profit,10.0,10.0,success,False,2026-08-23T02:57:47.800883+09:00
Safe Proposal,50.0,0.0,success,False,2026-08-28T01:05:34.038010+09:00
Safe Pulse,260.0,6.0,success,False,2026-08-18T22:10:22.903886+09:00
Safe Queue,50.0,0.0,success,False,2026-08-19T21:03:36.529171+09:00
Safe Quota,,,failed,False,2026-08-21T00:30:19.986675+09:00
Safe Radar,390.0,24.0,success,False,2026-08-18T22:08:30.649181+09:00
Safe Rail,5400.0,100.0,success,False,2026-08-18T23:52:08.201955+09:00
Safe Rate,170.0,2.0,success,False,2026-08-19T20:47:25.892128+09:00
Safe Recap,20.0,0.0,success,False,2026-08-21T01:04:04.572867+09:00
Safe Receipt,170.0,0.0,success,False,2026-08-19T21:48:31.545228+09:00
Safe Register,590.0,1.0,success,False,2026-08-18T22:05:33.744970+09:00
Safe Registry,590.0,1.0,success,False,2026-08-18T22:06:45.698700+09:00
Safe Relay,6600.0,98.0,success,False,2026-08-18T22:08:38.388583+09:00
Safe Reminder,1000.0,14.0,success,False,2026-08-19T21:32:52.200900+09:00
Safe Report,2400.0,12.0,success,False,2026-08-19T13:31:00.342217+09:00
Safe Repository,,,failed,False,2026-08-27T23:12:34.540185+09:00
Safe Ring,2400.0,62.0,success,False,2026-08-18T23:52:08.201955+09:00
Safe Roadmap,210.0,7.0,success,False,2026-08-18T22:07:28.261653+09:00
Safe Roster,20.0,0.0,success,False,2026-08-19T00:38:30.061657+09:00
Safe Route,1000.0,0.0,success,True,2026-08-18T23:52:08.201955+09:00
Safe Rule,18100.0,6.0,success,False,2026-08-23T03:23:46.825883+09:00
Safe Sale,720.0,100.0,success,False,2026-08-21T02:28:22.675348+09:00
Safe Sample,140.0,0.0,success,False,2026-08-19T21:49:41.666387+09:00
Safe Scale,390.0,9.0,success,False,2026-08-18T23:52:08.201955+09:00
Safe Scanner,1900.0,69.0,success,False,2026-08-27T23:54:55.608336+09:00
Safe Scheduler,,,failed,False,2026-08-18T22:04:03.001846+09:00
Safe Schematic,,,failed,False,2026-08-27T22:28:46.749186+09:00
Safe Scope,480.0,24.0,success,False,2026-08-18T22:10:00.373367+09:00
Safe Score,2900.0,1.0,success,False,2026-08-19T13:32:04.589089+09:00
Safe Sentry,260.0,100.0,success,False,2026-08-18T22:02:40.368007+09:00
Safe Sheet,880.0,18.0,success,False,2026-08-19T13:31:47.223941+09:00
Safe Signal,60500.0,86.0,success,False,2026-08-18T22:09:42.242317+09:00
Safe Slip,210.0,56.0,success,False,2026-08-19T21:49:32.440919+09:00
Safe Slot,260.0,89.0,success,False,2026-08-19T21:49:55.952193+09:00
Safe Snapshot,260.0,3.0,success,False,2026-08-18T22:06:27.903433+09:00
Safe Statement,720.0,35.0,success,False,2026-08-21T00:29:50.648703+09:00
Safe Station,880.0,68.0,success,False,2026-08-18T22:12:23.623332+09:00
Safe Status,210.0,4.0,success,False,2026-08-19T20:46:54.929939+09:00
Safe Stub,,,failed,False,2026-08-21T00:29:45.511428+09:00
Safe Studio,2400.0,3.0,success,False,2026-08-18T22:12:10.821921+09:00
Safe Subsidy,,,failed,False,2026-08-23T15:50:40.596656+09:00
Safe Suite,720.0,11.0,success,False,2026-08-18T22:03:09.558659+09:00
Safe Sum,10.0,7.0,success,False,2026-08-21T02:28:08.522679+09:00
Safe Summary,70.0,0.0,success,False,2026-08-19T21:32:47.158972+09:00
Safe Surtax,,,failed,False,2026-08-23T15:50:42.648286+09:00
Safe Sync,1600.0,36.0,success,False,2026-08-18T22:07:51.533580+09:00
Safe Tab,880.0,3.0,success,False,2026-08-21T00:30:34.487987+09:00
Safe Table,480.0,54.0,success,False,2026-08-19T21:49:11.434209+09:00
Safe Tag,2400.0,85.0,success,False,2026-08-19T13:32:19.751583+09:00
Safe Tally,,,failed,False,2026-08-21T00:29:58.685573+09:00
Safe Tariff,90.0,1.0,success,False,2026-08-21T02:43:57.292345+09:00
Safe Tax,720.0,2.0,success,False,2026-08-21T02:12:15.174959+09:00
Safe Terminal,70.0,9.0,success,False,2026-08-18T23:52:08.201955+09:00
Safe Ticket,720.0,33.0,success,False,2026-08-19T21:03:21.176777+09:00
Safe Timeline,30.0,0.0,success,False,2026-08-19T21:32:49.180215+09:00
Safe Timer,880.0,24.0,success,False,2026-08-28T00:24:36.830973+09:00
Safe Token,880.0,1.0,success,False,2026-08-23T13:28:24.221193+09:00
Safe Toll,,,failed,False,2026-08-21T02:43:53.941468+09:00
Safe Toolbox,880.0,33.0,success,False,2026-08-28T00:24:44.523713+09:00
Safe Toolkit,140.0,2.0,success,False,2026-08-18T22:05:59.558657+09:00
Safe Total,140.0,16.0,success,False,2026-08-27T23:12:25.065400+09:00
Safe Tracker,3600.0,15.0,success,False,2026-08-18T22:07:45.209206+09:00
Safe Trail,170.0,28.0,success,False,2026-08-18T23:52:08.201955+09:00
Safe Trend,140.0,17.0,success,False,2026-08-28T01:05:28.825650+09:00
Safe Trial,390.0,0.0,success,False,2026-08-27T21:14:45.418872+09:00
Safe Unit,390.0,12.0,success,False,2026-08-21T01:56:10.239205+09:00
Safe Update,140.0,0.0,success,False,2026-08-19T20:47:28.016879+09:00
Safe Value,720.0,5.0,success,False,2026-08-23T02:57:50.579977+09:00
Safe Vault,5400.0,100.0,success,False,2026-08-18T22:08:48.035720+09:00
Safe Version,170.0,1.0,success,False,2026-08-23T03:23:40.065475+09:00
Safe View,5400.0,63.0,success,False,2026-08-19T20:47:00.737978+09:00
Safe Voucher,50.0,0.0,success,False,2026-08-21T00:29:30.583044+09:00
Safe Watch,3600.0,64.0,success,False,2026-08-18T22:09:52.210960+09:00
Safe Wave,210.0,9.0,success,False,2026-08-18T22:10:30.545293+09:00
Safe Widget,,,failed,False,2026-08-27T23:12:29.033332+09:00
Safe Workbench,,,failed,False,2026-08-18T22:05:52.087342+09:00
Safe Worksheet,,,failed,False,2026-08-27T22:09:05.119901+09:00
Safe Workshop,2400.0,16.0,success,False,2026-08-28T00:24:39.235749+09:00
Safe Zone,40500.0,1.0,success,False,2026-08-18T23:52:08.201955+09:00
Safety Advance,110.0,6.0,success,False,2026-08-23T16:17:10.658953+09:00
Safety Advisory,210.0,2.0,success,False,2026-08-21T01:05:08.043022+09:00
Safety Allowance,30.0,0.0,success,False,2026-08-21T02:43:47.739499+09:00
Safety Almanac,,,failed,False,2026-08-18T23:52:08.201955+09:00
Safety Analyzer,210.0,78.0,success,False,2026-08-27T23:51:51.958622+09:00
Safety Anchor,720.0,80.0,success,False,2026-08-17T23:14:10.961193+09:00
Safety Announcement,210.0,0.0,success,False,2026-08-27T23:32:06.818889+09:00
Safety Arrears,,,failed,False,2026-08-23T16:17:06.545040+09:00
Safety Asset,320.0,2.0,success,False,2026-08-23T13:48:27.768488+09:00
Safety Assistant,880.0,4.0,success,False,2026-08-17T23:14:48.085579+09:00
Safety Atlas,20.0,26.0,success,False,2026-08-17T23:06:06.115551+09:00
Safety Attribute,,,failed,False,2026-08-23T13:09:27.676904+09:00
Safety Badge,880.0,20.0,success,False,2026-08-21T00:31:47.591094+09:00
Safety Base,480.0,76.0,success,False,2026-08-17T23:13:49.973223+09:00
Safety Beacon,1300.0,28.0,success,False,2026-08-17T23:12:30.403803+09:00
Safety Blueprint,40.0,2.0,success,False,2026-08-18T23:52:08.201955+09:00
Safety Board,3600.0,51.0,success,False,2026-08-17T23:25:39.196440+09:00
Safety Book,2400.0,54.0,success,False,2026-08-19T21:55:12.102159+09:00
Safety Bridge,320.0,4.0,success,False,2026-08-17T23:33:04.806706+09:00
Safety Brief,4400.0,3.0,success,False,2026-08-21T01:04:56.218179+09:00
Safety Bulletin,720.0,3.0,success,False,2026-08-21T01:04:41.877436+09:00
Safety Calculator,880.0,0.0,success,False,2026-08-27T23:32:06.818889+09:00
Safety Calendar,880.0,3.0,success,False,2026-08-18T23:58:54.171473+09:00
Safety Card,5400.0,14.0,success,False,2026-08-19T13:20:50.883072+09:00
Safety Cascade,,,failed,False,2026-08-17T23:07:13.674847+09:00
Safety Cash,480.0,56.0,success,False,2026-08-21T02:28:25.181498+09:00
Safety Cashback,,,failed,False,2026-08-26T22:29:12.332951+09:00
Safety Catalog,170.0,12.0,success,False,2026-08-19T21:10:58.611553+09:00
Safety Category,320.0,3.0,success,False,2026-08-23T13:09:25.406302+09:00
Safety Center,6600.0,32.0,success,False,2026-08-17T23:26:24.551704+09:00
Safety Chain,6600.0,83.0,success,False,2026-08-17T23:27:53.024871+09:00
Safety Charge,480.0,2.0,success,False,2026-08-21T02:43:37.252901+09:00
Safety Check,12100.0,14.0,success,False,2026-08-19T13:21:44.122863+09:00
Safety Checker,12100.0,14.0,success,False,2026-08-27T23:51:43.048579+09:00
Safety Checklist,1900.0,17.0,success,False,2026-08-19T21:09:59.006110+09:00
Safety Circular,1600.0,1.0,success,False,2026-08-21T01:04:52.081586+09:00
Safety Cockpit,,,failed,False,2026-08-17T23:30:24.350682+09:00
Safety Code,5400.0,2.0,success,False,2026-08-19T21:54:42.461641+09:00
Safety Codex,,,failed,False,2026-08-18T23:52:08.201955+09:00
Safety Companion,260.0,0.0,success,False,2026-08-17T23:12:51.339052+09:00
Safety Comparison,1000.0,1.0,success,False,2026-08-28T01:02:37.016845+09:00
Safety Compass,590.0,25.0,success,False,2026-08-17T23:32:40.699548+09:00
Safety Compendium,,,failed,False,2026-08-18T23:52:10.176063+09:00
Safety Confirmation,40.0,2.0,success,False,2026-08-21T01:05:25.449789+09:00
Safety Console,170.0,7.0,success,False,2026-08-17T23:06:29.811396+09:00
Safety Contribution,,,failed,False,2026-08-23T16:17:06.545040+09:00
Safety Core,3600.0,1.0,success,False,2026-08-17T23:25:05.910381+09:00
Safety Cost,720.0,90.0,success,False,2026-08-21T02:12:27.062318+09:00
Safety Count,390.0,6.0,success,False,2026-08-27T22:44:43.447057+09:00
Safety Counter,390.0,6.0,success,False,2026-08-18T23:59:51.056306+09:00
Safety Coupon,,,failed,False,2026-08-26T22:29:12.332951+09:00
Safety Dashboard,720.0,14.0,success,False,2026-08-17T23:05:47.972316+09:00
Safety Deal,590.0,65.0,success,False,2026-08-21T01:57:02.115497+09:00
Safety Debt,,,failed,False,2026-08-21T02:28:18.996082+09:00
Safety Deck,880.0,34.0,success,False,2026-08-17T23:15:25.442488+09:00
Safety Depot,22200.0,45.0,success,False,2026-08-18T23:59:30.074918+09:00
Safety Desk,210.0,52.0,success,False,2026-08-17T23:32:11.092346+09:00
Safety Detail,10.0,0.0,success,False,2026-08-23T03:23:19.130954+09:00
Safety Detector,170.0,24.0,success,False,2026-08-27T23:51:48.203996+09:00
Safety Diagram,720.0,1.0,success,False,2026-08-27T22:06:55.016444+09:00
Safety Dial,,,failed,False,2026-08-17T23:13:28.338167+09:00
Safety Digest,20.0,2.0,success,False,2026-08-19T20:40:17.061535+09:00
Safety Directory,90.0,1.0,success,False,2026-08-18T23:59:02.629298+09:00
Safety Discount,70.0,17.0,success,False,2026-08-23T16:17:00.383036+09:00
Safety Dock,30.0,7.0,success,False,2026-08-17T23:15:05.132671+09:00
Safety Dossier,20.0,0.0,success,False,2026-08-21T01:05:28.222738+09:00
Safety Draft,70.0,0.0,success,False,2026-08-19T20:40:35.383963+09:00
Safety Duty,90.0,0.0,success,False,2026-08-21T02:43:40.530663+09:00
Safety Engine,720.0,2.0,success,False,2026-08-17T23:29:20.352796+09:00
Safety Entry,720.0,0.0,success,False,2026-08-21T01:07:59.313235+09:00
Safety Estimate,,,failed,False,2026-08-19T21:10:44.368255+09:00
Safety Estimator,,,failed,False,2026-08-27T23:51:38.023281+09:00
Safety Excerpt,,,failed,False,2026-08-21T01:05:43.113119+09:00
Safety Fare,,,failed,False,2026-08-21T02:12:35.738319+09:00
Safety Fee,90.0,1.0,success,False,2026-08-21T01:56:48.479807+09:00
Safety Feed,210.0,33.0,success,False,2026-08-19T20:40:26.363458+09:00
Safety Field,320.0,3.0,success,False,2026-08-23T13:09:30.268446+09:00
Safety File,2400.0,21.0,success,False,2026-08-19T20:39:43.818952+09:00
Safety Finder,,,failed,False,2026-08-18T23:59:20.806892+09:00
Safety Fine,70.0,0.0,success,False,2026-08-23T02:57:43.117346+09:00
Safety Flag,3600.0,100.0,success,False,2026-08-21T00:32:31.934653+09:00
Safety Flow,1300.0,21.0,success,False,2026-08-17T23:09:22.045461+09:00
Safety Forge,,,failed,False,2026-08-17T23:32:52.026751+09:00
Safety Form,9900.0,1.0,success,False,2026-08-19T13:42:30.376897+09:00
Safety Format,9900.0,1.0,success,False,2026-08-23T13:09:32.906091+09:00
Safety Frame,2400.0,24.0,success,False,2026-08-17T23:24:49.201687+09:00
Safety Fund,1000.0,8.0,success,False,2026-08-21T02:28:22.675348+09:00
Safety Gate,22200.0,99.0,success,False,2026-08-17T23:11:32.053287+09:00
Safety Generator,480.0,13.0,success,False,2026-08-27T23:32:20.228429+09:00
Safety Giveaway,10.0,67.0,success,False,2026-08-27T21:12:51.148194+09:00
Safety Grade,,,failed,False,2026-08-21T00:32:13.850788+09:00
Safety Graph,590.0,22.0,success,False,2026-08-27T22:06:37.910338+09:00
Safety Grid,320.0,9.0,success,False,2026-08-17T23:23:29.892589+09:00
Safety Guarantee,320.0,0.0,success,False,2026-08-28T01:02:51.015649+09:00
Safety Guard,9900.0,18.0,success,False,2026-08-17T23:31:17.212800+09:00
Safety Guardian,590.0,3.0,success,False,2026-08-28T00:22:01.777271+09:00
Safety Guidebook,,,failed,False,2026-08-18T23:52:10.176063+09:00
Safety Helpdesk,,,failed,False,2026-08-27T22:44:46.439478+09:00
Safety Helper,170.0,0.0,success,False,2026-08-28T00:22:04.244333+09:00
Safety History,210.0,0.0,success,False,2026-08-19T20:39:35.461909+09:00
Safety Hotline,390.0,13.0,success,False,2026-08-19T21:11:09.453565+09:00
Safety Hub,5400.0,12.0,success,False,2026-08-17T23:31:48.177682+09:00
Safety Identifier,,,failed,False,2026-08-23T13:09:22.371145+09:00
Safety Incentive,110.0,18.0,success,False,2026-08-27T21:12:46.088803+09:00
Safety Index,1900.0,1.0,success,False,2026-08-19T21:10:13.375829+09:00
Safety Insight,260.0,2.0,success,False,2026-08-17T23:30:08.040310+09:00
Safety Installment,,,failed,False,2026-08-23T16:17:04.207592+09:00
Safety Item,2400.0,38.0,success,False,2026-08-21T01:56:51.063242+09:00
Safety Journal,590.0,8.0,success,False,2026-08-18T23:52:10.176063+09:00
Safety Keeper,140.0,26.0,success,False,2026-08-17T23:13:11.418966+09:00
Safety Kit,27100.0,16.0,success,False,2026-08-27T22:44:39.489901+09:00
Safety Lab,2900.0,8.0,success,False,2026-08-17T23:10:15.371250+09:00
Safety Label,1900.0,82.0,success,False,2026-08-27T22:06:42.047958+09:00
Safety Ledger,90.0,7.0,success,False,2026-08-17T23:08:34.451093+09:00
Safety Lens,480.0,57.0,success,False,2026-08-17T23:06:52.573020+09:00
Safety Level,590.0,1.0,success,False,2026-08-19T20:39:50.711958+09:00
Safety Levy,,,failed,False,2026-08-23T13:48:32.031008+09:00
Safety Link,2900.0,13.0,success,False,2026-08-23T03:23:11.854221+09:00
Safety List,480.0,4.0,success,False,2026-08-19T21:54:53.460475+09:00
Safety Loan,12100.0,5.0,success,False,2026-08-21T02:12:43.354957+09:00
Safety Locator,720.0,4.0,success,False,2026-08-18T23:59:11.751475+09:00
Safety Lock,18100.0,100.0,success,False,2026-08-17T23:12:11.666158+09:00
Safety Log,5400.0,10.0,success,False,2026-08-19T13:42:19.343176+09:00
Safety Loop,720.0,6.0,success,False,2026-08-17T22:48:03.176041+09:00
Safety Manager,5400.0,6.0,success,False,2026-08-17T23:29:01.871676+09:00
Safety Manual,1900.0,27.0,success,False,2026-08-27T22:06:46.717056+09:00
Safety Map,1600.0,1.0,success,False,2026-08-17T23:24:26.895595+09:00
Safety Margin,2400.0,0.0,success,True,2026-08-23T02:57:40.926366+09:00
Safety Markup,,,failed,False,2026-08-23T16:40:21.439904+09:00
Safety Memo,170.0,8.0,success,False,2026-08-21T00:32:18.028421+09:00
Safety Message,2400.0,8.0,success,False,2026-08-27T23:10:17.409830+09:00
Safety Meter,110.0,2.0,success,False,2026-08-17T23:27:09.313673+09:00
Safety Metrics,480.0,5.0,success,False,2026-08-17T23:11:13.383500+09:00
Safety Monitor,1300.0,6.0,success,False,2026-08-17T23:04:01.438390+09:00
Safety Navigator,260.0,6.0,success,False,2026-08-17T23:30:39.559752+09:00
Safety Nexus,140.0,1.0,success,False,2026-08-17T23:28:22.691550+09:00
Safety Node,,,failed,False,2026-08-17T23:28:07.981645+09:00
Safety Note,3600.0,6.0,success,False,2026-08-19T13:22:09.591180+09:00
Safety Notification,110.0,3.0,success,False,2026-08-27T22:44:35.371350+09:00
Safety Number,1300.0,8.0,success,False,2026-08-23T03:23:04.042146+09:00
Safety Office,1900.0,8.0,success,False,2026-08-18T23:59:40.785220+09:00
Safety Ops,20.0,1.0,success,False,2026-08-17T23:07:36.976637+09:00
Safety Order,880.0,9.0,success,False,2026-08-19T21:54:10.446339+09:00
Safety Organizer,170.0,100.0,success,False,2026-08-17T23:29:51.250400+09:00
Safety Overdue,,,failed,False,2026-08-27T21:45:54.192033+09:00
Safety Panel,720.0,32.0,success,False,2026-08-17T23:26:55.594772+09:00
Safety Pass,6600.0,35.0,success,False,2026-08-21T00:31:34.132172+09:00
Safety Path,110.0,1.0,success,False,2026-08-17T23:04:59.397693+09:00
Safety Penalty,30.0,0.0,success,False,2026-08-23T16:40:21.439904+09:00
Safety Petition,10.0,0.0,success,False,2026-08-21T01:05:20.057524+09:00
Safety Pilot,1000.0,4.0,success,False,2026-08-17T23:03:39.400104+09:00
Safety Plan,14800.0,5.0,success,False,2026-08-21T01:56:56.625625+09:00
Safety Planner,14800.0,5.0,success,False,2026-08-17T23:29:37.041815+09:00
Safety Playbook,30.0,26.0,success,False,2026-08-18T23:52:10.176063+09:00
Safety Point,3600.0,6.0,success,False,2026-08-17T23:24:07.376365+09:00
Safety Portal,1300.0,2.0,success,False,2026-08-17T23:26:38.652949+09:00
Safety Preview,10.0,0.0,success,False,2026-08-28T01:02:39.668408+09:00
Safety Profile,480.0,3.0,success,False,2026-08-19T13:23:10.003028+09:00
Safety Profit,,,failed,False,2026-08-23T02:57:36.512424+09:00
Safety Proposal,50.0,0.0,success,False,2026-08-28T01:02:39.668408+09:00
Safety Pulse,260.0,6.0,success,False,2026-08-17T23:10:35.067749+09:00
Safety Queue,,,failed,False,2026-08-19T21:10:33.360879+09:00
Safety Quota,,,failed,False,2026-08-21T00:32:26.715092+09:00
Safety Radar,390.0,24.0,success,False,2026-08-17T23:10:55.434729+09:00
Safety Rail,5400.0,100.0,success,False,2026-08-17T23:27:41.420797+09:00
Safety Rank,390.0,0.0,success,False,2026-08-28T00:46:09.802311+09:00
Safety Rate,3600.0,2.0,success,False,2026-08-19T20:39:59.254826+09:00
Safety Recap,20.0,0.0,success,False,2026-08-21T01:05:32.279989+09:00
Safety Receipt,170.0,0.0,success,False,2026-08-19T21:54:34.064665+09:00
Safety Recorder,320.0,17.0,success,False,2026-08-27T23:32:26.212741+09:00
Safety Register,590.0,1.0,success,False,2026-08-17T23:30:52.147668+09:00
Safety Registry,590.0,1.0,success,False,2026-08-18T23:52:10.176063+09:00
Safety Relay,6600.0,98.0,success,False,2026-08-17T23:32:25.255075+09:00
Safety Reminder,1000.0,14.0,success,False,2026-08-19T21:09:46.410901+09:00
Safety Report,2400.0,12.0,success,False,2026-08-19T13:42:06.803998+09:00
Safety Repository,,,failed,False,2026-08-27T23:10:28.498213+09:00
Safety Result,140.0,1.0,success,False,2026-08-28T00:46:06.331363+09:00
Safety Roadmap,210.0,7.0,success,False,2026-08-18T23:52:10.176063+09:00
Safety Roster,20.0,0.0,success,False,2026-08-19T00:38:01.073734+09:00
Safety Route,1000.0,0.0,success,True,2026-08-17T23:27:23.938977+09:00
Safety Rule,18100.0,6.0,success,False,2026-08-23T03:23:15.682212+09:00
Safety Sale,720.0,100.0,success,False,2026-08-21T02:28:28.588606+09:00
Safety Scale,390.0,9.0,success,False,2026-08-17T23:08:13.716761+09:00
Safety Scanner,1900.0,69.0,success,False,2026-08-27T23:51:48.203996+09:00
Safety Scheduler,,,failed,False,2026-08-17T23:09:40.999221+09:00
Safety Scope,480.0,24.0,success,False,2026-08-17T23:33:31.331574+09:00
Safety Score,2900.0,1.0,success,False,2026-08-19T13:21:55.310171+09:00
Safety Sentry,260.0,100.0,success,False,2026-08-17T23:28:43.740452+09:00
Safety Sheet,880.0,18.0,success,False,2026-08-19T13:21:04.898366+09:00
Safety Shortfall,,,failed,False,2026-08-27T21:45:56.763524+09:00
Safety Signal,60500.0,86.0,success,False,2026-08-17T23:33:15.463532+09:00
Safety Signature,320.0,21.0,success,False,2026-08-23T13:28:15.741943+09:00
Safety Slot,260.0,89.0,success,False,2026-08-19T21:55:41.048712+09:00
Safety Snapshot,260.0,3.0,success,False,2026-08-18T23:52:10.176063+09:00
Safety Stake,,,failed,False,2026-08-23T02:57:38.722026+09:00
Safety Stamp,1000.0,7.0,success,False,2026-08-23T13:28:17.743262+09:00
Safety Statement,720.0,35.0,success,False,2026-08-21T00:32:00.759395+09:00
Safety Station,880.0,68.0,success,False,2026-08-17T23:26:10.639676+09:00
Safety Status,210.0,4.0,success,False,2026-08-19T20:39:18.061361+09:00
Safety Streak,20.0,0.0,success,False,2026-08-28T00:46:06.331363+09:00
Safety Stub,,,failed,False,2026-08-21T00:31:52.807063+09:00
Safety Studio,2400.0,3.0,success,False,2026-08-17T23:25:55.806145+09:00
Safety Subsidy,,,failed,False,2026-08-23T15:53:05.427640+09:00
Safety Suite,720.0,11.0,success,False,2026-08-17T23:07:52.950180+09:00
Safety Sum,,,failed,False,2026-08-21T02:28:15.974883+09:00
Safety Summary,70.0,0.0,success,False,2026-08-19T21:09:22.382807+09:00
Safety Sync,1600.0,36.0,success,False,2026-08-17T23:31:33.228756+09:00
Safety Tab,880.0,3.0,success,False,2026-08-21T00:32:38.054061+09:00
Safety Table,480.0,54.0,success,False,2026-08-19T21:55:03.832007+09:00
Safety Tag,2400.0,85.0,success,False,2026-08-19T13:22:59.111226+09:00
Safety Tally,,,failed,False,2026-08-21T00:32:06.767489+09:00
Safety Tariff,,,failed,False,2026-08-21T02:43:50.740440+09:00
Safety Tax,720.0,2.0,success,False,2026-08-21T02:12:39.261551+09:00
Safety Ticket,720.0,33.0,success,False,2026-08-19T21:10:23.160245+09:00
Safety Tier,,,failed,False,2026-08-28T00:46:09.802311+09:00
Safety Timeline,30.0,0.0,success,False,2026-08-19T21:09:32.906956+09:00
Safety Timer,90.0,99.0,success,False,2026-08-28T00:21:55.786008+09:00
Safety Token,880.0,1.0,success,False,2026-08-23T13:28:15.741943+09:00
Safety Toll,20.0,0.0,success,False,2026-08-21T02:43:44.053859+09:00
Safety Toolbox,880.0,33.0,success,False,2026-08-28T00:22:01.777271+09:00
Safety Toolkit,140.0,2.0,success,False,2026-08-18T23:52:10.176063+09:00
Safety Total,140.0,16.0,success,False,2026-08-27T23:10:19.958354+09:00
Safety Tracker,3600.0,15.0,success,False,2026-08-17T23:14:27.748058+09:00
Safety Trail,170.0,28.0,success,False,2026-08-17T23:09:57.644305+09:00
Safety Trend,140.0,17.0,success,False,2026-08-28T01:02:37.016845+09:00
Safety Trial,390.0,0.0,success,False,2026-08-26T22:29:25.643786+09:00
Safety Unit,390.0,12.0,success,False,2026-08-21T01:56:55.992066+09:00
Safety Update,210.0,0.0,success,False,2026-08-19T20:40:08.745376+09:00
Safety Value,720.0,5.0,success,False,2026-08-23T02:57:38.722026+09:00
Safety Vault,5400.0,100.0,success,False,2026-08-17T23:05:21.665981+09:00
Safety Version,170.0,1.0,success,False,2026-08-23T03:23:07.645674+09:00
Safety View,170.0,1.0,success,False,2026-08-19T20:39:26.869721+09:00
Safety Voucher,50.0,0.0,success,False,2026-08-21T00:31:38.357083+09:00
Safety Watch,3600.0,64.0,success,False,2026-08-17T23:08:54.682716+09:00
Safety Wave,210.0,9.0,success,False,2026-08-17T23:23:45.943375+09:00
Safety Widget,10.0,,success,False,2026-08-27T23:10:19.958354+09:00
Safety Workbench,20.0,71.0,success,False,2026-08-18T23:52:10.176063+09:00
Safety Worksheet,320.0,6.0,success,False,2026-08-27T22:06:51.467328+09:00
Safety Workshop,2400.0,16.0,success,False,2026-08-28T00:21:58.401743+09:00
Safety Zone,40500.0,1.0,success,False,2026-08-17T23:11:53.398319+09:00
Salary Advance,14800.0,15.0,success,False,2026-08-23T16:15:40.537214+09:00
Salary Advisory,,,failed,False,2026-08-21T01:19:52.973842+09:00
Salary Alert,1900.0,0.0,success,True,2026-08-21T01:26:44.593664+09:00
Salary Allowance,1900.0,0.0,success,True,2026-08-21T02:45:31.753294+09:00
Salary Analyzer,140.0,5.0,success,False,2026-08-27T23:52:16.469073+09:00
Salary Announcement,30.0,0.0,success,False,2026-08-27T23:32:06.818889+09:00
Salary Arrears,6600.0,0.0,success,True,2026-08-23T16:15:40.537214+09:00
Salary Assistant,590.0,0.0,success,False,2026-08-21T01:24:20.816528+09:00
Salary Atlas,10.0,7.0,success,False,2026-08-21T01:24:15.065137+09:00
Salary Badge,,,failed,False,2026-08-21T01:19:07.466825+09:00
Salary Balance,320.0,0.0,success,False,2026-08-23T13:47:09.314181+09:00
Salary Base,12100.0,0.0,success,True,2026-08-21T01:22:07.036293+09:00
Salary Bay,480.0,5.0,success,False,2026-08-21T01:25:58.899135+09:00
Salary Beacon,,,failed,False,2026-08-21T01:20:58.036999+09:00
Salary Bill,480.0,1.0,success,False,2026-08-21T01:18:13.948377+09:00
Salary Bin,,,failed,False,2026-08-21T01:15:25.336646+09:00
Salary Board,50.0,0.0,success,False,2026-08-21T01:22:27.198742+09:00
Salary Booth,,,failed,False,2026-08-21T01:25:38.275036+09:00
Salary Bridge,110.0,0.0,success,False,2026-08-21T01:21:17.954324+09:00
Salary Brief,,,failed,False,2026-08-21T01:19:41.393995+09:00
Salary Bulletin,,,failed,False,2026-08-21T01:19:38.159463+09:00
Salary Calculator,823000.0,0.0,success,True,2026-08-27T23:32:16.065535+09:00
Salary Card,880.0,9.0,success,False,2026-08-21T01:16:17.029557+09:00
Salary Cascade,,,failed,False,2026-08-21T01:21:10.960024+09:00
Salary Cash,390.0,8.0,success,False,2026-08-21T02:29:31.555266+09:00
Salary Center,10.0,4.0,success,False,2026-08-21T01:22:56.412529+09:00
Salary Chain,,,failed,False,2026-08-21T01:23:43.267024+09:00
Salary Charge,30.0,0.0,success,False,2026-08-21T02:45:23.002534+09:00
Salary Chart,1900.0,1.0,success,False,2026-08-21T01:15:16.012738+09:00
Salary Check,60500.0,1.0,success,False,2026-08-21T01:16:28.258207+09:00
Salary Checker,60500.0,1.0,success,False,2026-08-27T23:52:08.286767+09:00
Salary Circular,90.0,0.0,success,False,2026-08-21T01:21:07.466451+09:00
Salary Code,1000.0,2.0,success,False,2026-08-21T01:18:23.588658+09:00
Salary Companion,,,failed,False,2026-08-21T01:24:44.835275+09:00
Salary Comparison,6600.0,8.0,success,False,2026-08-28T01:03:51.516264+09:00
Salary Compass,140.0,2.0,success,False,2026-08-21T01:20:51.576504+09:00
Salary Confirmation,70.0,0.0,success,False,2026-08-21T01:20:01.120246+09:00
Salary Console,,,failed,False,2026-08-21T01:23:16.298800+09:00
Salary Contribution,140.0,2.0,success,False,2026-08-23T16:15:37.311219+09:00
Salary Converter,5400.0,1.0,success,False,2026-08-27T23:32:16.065535+09:00
Salary Core,,,failed,False,2026-08-21T01:22:16.671736+09:00
Salary Cost,390.0,5.0,success,False,2026-08-21T02:12:39.261551+09:00
Salary Counter,880.0,4.0,success,False,2026-08-21T01:25:29.935757+09:00
Salary Deal,30.0,1.0,success,False,2026-08-21T01:56:25.732902+09:00
Salary Debt,20.0,0.0,success,False,2026-08-21T02:29:22.487025+09:00
Salary Deck,,,failed,False,2026-08-21T01:22:31.268942+09:00
Salary Desk,,,failed,False,2026-08-21T01:20:34.277114+09:00
Salary Detail,880.0,0.0,success,False,2026-08-23T03:16:36.835162+09:00
Salary Detector,,,failed,False,2026-08-27T23:52:13.665480+09:00
Salary Diagram,20.0,0.0,success,False,2026-08-27T22:14:23.666536+09:00
Salary Directory,3600.0,0.0,success,True,2026-08-21T01:25:09.973684+09:00
Salary Downpayment,,,failed,False,2026-08-27T21:49:48.123433+09:00
Salary Draft,880.0,0.0,success,False,2026-08-21T01:17:37.307762+09:00
Salary Due,110.0,0.0,success,False,2026-08-23T15:52:10.396341+09:00
Salary Duty,,,failed,False,2026-08-21T02:45:25.368857+09:00
Salary Endowment,,,failed,False,2026-08-23T15:52:15.458518+09:00
Salary Engine,,,failed,False,2026-08-21T01:24:17.387114+09:00
Salary Entry,390.0,0.0,success,False,2026-08-21T01:20:11.987698+09:00
Salary Estimate,590.0,1.0,success,False,2026-08-21T01:18:04.111706+09:00
Salary Estimator,3600.0,2.0,success,False,2026-08-27T23:52:05.723363+09:00
Salary Fare,,,failed,False,2026-08-21T02:12:49.636286+09:00
Salary Fee,50.0,1.0,success,False,2026-08-21T01:56:10.239205+09:00
Salary Feed,,,failed,False,2026-08-21T01:17:33.437690+09:00
Salary Field,30.0,1.0,success,False,2026-08-23T13:06:20.755041+09:00
Salary File,70.0,1.0,success,False,2026-08-21T01:17:10.053741+09:00
Salary Finder,1900.0,21.0,success,False,2026-08-21T01:25:37.604117+09:00
Salary Fine,,,failed,False,2026-08-23T02:52:51.254134+09:00
Salary Flow,20.0,0.0,success,False,2026-08-21T01:20:23.926123+09:00
Salary Forge,,,failed,False,2026-08-21T01:21:04.299416+09:00
Salary Form,1000.0,4.0,success,False,2026-08-21T01:16:11.158685+09:00
Salary Format,1000.0,4.0,success,False,2026-08-23T13:06:24.369926+09:00
Salary Frame,,,failed,False,2026-08-21T01:22:01.103254+09:00
Salary Fund,70.0,0.0,success,False,2026-08-21T02:29:27.497336+09:00
Salary Gate,20.0,0.0,success,False,2026-08-21T01:23:52.904904+09:00
Salary Generator,170.0,15.0,success,False,2026-08-27T23:32:20.228429+09:00
Salary Graph,260.0,1.0,success,False,2026-08-27T22:14:17.347960+09:00
Salary Grid,590.0,2.0,success,False,2026-08-21T01:21:39.994879+09:00
Salary Guarantee,90.0,0.0,success,False,2026-08-28T01:04:00.519509+09:00
Salary Guardian,,,failed,False,2026-08-28T00:22:36.820060+09:00
Salary Helpdesk,50.0,2.0,success,False,2026-08-27T22:51:48.588261+09:00
Salary Helper,30.0,16.0,success,False,2026-08-28T00:22:42.376773+09:00
Salary History,2400.0,0.0,success,True,2026-08-21T01:17:02.274965+09:00
Salary Hub,70.0,2.0,success,False,2026-08-21T01:20:28.588615+09:00
Salary Inbox,170.0,0.0,success,False,2026-08-21T01:35:21.006069+09:00
Salary Index,390.0,3.0,success,False,2026-08-21T01:17:54.187315+09:00
Salary Installment,10.0,9.0,success,False,2026-08-23T16:15:33.574414+09:00
Salary Item,20.0,0.0,success,False,2026-08-21T01:56:16.843249+09:00
Salary Journal,110.0,2.0,success,False,2026-08-21T01:24:59.173649+09:00
Salary Keeper,,,failed,False,2026-08-21T01:24:15.065137+09:00
Salary Lab,260.0,0.0,success,False,2026-08-21T01:22:38.712146+09:00
Salary Label,30.0,0.0,success,False,2026-08-27T22:14:17.347960+09:00
Salary Ledger,170.0,12.0,success,False,2026-08-21T01:22:23.798217+09:00
Salary Level,2400.0,2.0,success,False,2026-08-21T01:17:14.231029+09:00
Salary Levy,,,failed,False,2026-08-23T13:47:11.410642+09:00
Salary Line,40.0,0.0,success,False,2026-08-21T01:15:44.374236+09:00
Salary Link,140.0,1.0,success,False,2026-08-23T03:16:26.068243+09:00
Salary List,880.0,2.0,success,False,2026-08-21T01:18:31.327971+09:00
Salary Loan,27100.0,52.0,success,False,2026-08-21T02:12:54.787375+09:00
Salary Lobby,,,failed,False,2026-08-21T01:15:34.329365+09:00
Salary Locator,70.0,8.0,success,False,2026-08-21T01:25:14.873207+09:00
Salary Locker,,,failed,False,2026-08-21T01:25:45.514354+09:00
Salary Log,590.0,1.0,success,False,2026-08-21T01:16:05.290341+09:00
Salary Loop,,,failed,False,2026-08-21T01:21:36.121318+09:00
Salary Manager,4400.0,0.0,success,True,2026-08-21T01:24:15.065137+09:00
Salary Manual,10.0,0.0,success,False,2026-08-27T22:14:17.347960+09:00
Salary Map,170.0,3.0,success,False,2026-08-21T01:21:58.894123+09:00
Salary Markup,,,failed,False,2026-08-23T16:39:41.135046+09:00
Salary Memo,20.0,0.0,success,False,2026-08-21T01:19:23.070915+09:00
Salary Monitor,30.0,1.0,success,False,2026-08-21T01:24:33.847860+09:00
Salary Nexus,,,failed,False,2026-08-21T01:23:54.627834+09:00
Salary Note,140.0,0.0,success,False,2026-08-21T01:16:40.172400+09:00
Salary Notification,260.0,0.0,success,False,2026-08-27T22:51:39.171829+09:00
Salary Number,260.0,0.0,success,False,2026-08-23T03:16:19.788711+09:00
Salary Office,320.0,3.0,success,False,2026-08-21T01:25:39.259226+09:00
Salary Ops,,,failed,False,2026-08-21T01:24:45.500076+09:00
Salary Order,30.0,0.0,success,False,2026-08-21T01:18:06.634708+09:00
Salary Overage,,,failed,False,2026-08-27T21:49:48.123433+09:00
Salary Overdraft,320.0,33.0,success,False,2026-08-23T15:52:13.445418+09:00
Salary Overdue,,,failed,False,2026-08-27T21:49:42.725472+09:00
Salary Panel,10.0,0.0,success,False,2026-08-21T01:23:16.966517+09:00
Salary Pass,10.0,0.0,success,False,2026-08-21T01:18:56.365360+09:00
Salary Passport,,,failed,False,2026-08-21T01:15:30.378271+09:00
Salary Path,10.0,0.0,success,False,2026-08-21T01:21:49.678224+09:00
Salary Payoff,,,failed,False,2026-08-27T21:49:45.629659+09:00
Salary Penalty,10.0,0.0,success,False,2026-08-23T16:39:41.135046+09:00
Salary Petition,,,failed,False,2026-08-21T01:19:54.964370+09:00
Salary Plan,1300.0,5.0,success,False,2026-08-21T01:56:21.292165+09:00
Salary Planner,1300.0,5.0,success,False,2026-08-21T01:24:25.353806+09:00
Salary Playbook,,,failed,False,2026-08-21T01:24:18.567021+09:00
Salary Plaza,,,failed,False,2026-08-21T01:26:11.047777+09:00
Salary Point,390.0,0.0,success,False,2026-08-21T01:21:53.775872+09:00
Salary Portal,8100.0,0.0,success,True,2026-08-21T01:23:05.026470+09:00
Salary Post,390.0,0.0,success,False,2026-08-21T01:26:02.106014+09:00
Salary Preview,,,failed,False,2026-08-28T01:03:51.516264+09:00
Salary Profile,110.0,1.0,success,False,2026-08-21T01:16:47.227660+09:00
Salary Profit,10.0,0.0,success,False,2026-08-23T02:52:39.945062+09:00
Salary Proposal,390.0,1.0,success,False,2026-08-28T01:03:55.063070+09:00
Salary Quota,,,failed,False,2026-08-21T01:19:27.364478+09:00
Salary Radar,50.0,7.0,success,False,2026-08-21T01:20:39.645097+09:00
Salary Rail,,,failed,False,2026-08-21T01:23:33.921690+09:00
Salary Rank,260.0,1.0,success,False,2026-08-28T00:46:44.536375+09:00
Salary Rate,1000.0,1.0,success,False,2026-08-21T01:17:22.537676+09:00
Salary Recap,,,failed,False,2026-08-21T01:20:05.793508+09:00
Salary Receipt,1900.0,9.0,success,False,2026-08-21T01:18:19.084511+09:00
Salary Recorder,,,failed,False,2026-08-27T23:32:26.212741+09:00
Salary Register,880.0,31.0,success,False,2026-08-21T01:24:47.056451+09:00
Salary Relay,,,failed,False,2026-08-21T01:20:42.577799+09:00
Salary Reminder,20.0,0.0,success,False,2026-08-21T01:17:49.809423+09:00
Salary Report,880.0,17.0,success,False,2026-08-21T01:15:58.855612+09:00
Salary Repository,,,failed,False,2026-08-27T23:10:09.258839+09:00
Salary Ring,,,failed,False,2026-08-21T01:23:47.982205+09:00
Salary Roll,40.0,4.0,success,False,2026-08-21T01:15:52.922484+09:00
Salary Roster,30.0,0.0,success,False,2026-08-21T01:26:31.620928+09:00
Salary Route,40.0,0.0,success,False,2026-08-21T01:23:27.807599+09:00
Salary Rule,480.0,1.0,success,False,2026-08-23T03:16:31.986562+09:00
Salary Sale,2400.0,0.0,success,True,2026-08-21T02:29:40.223505+09:00
Salary Sample,30.0,3.0,success,False,2026-08-21T01:18:44.582130+09:00
Salary Scale,6600.0,2.0,success,False,2026-08-21T01:23:24.077688+09:00
Salary Scanner,30.0,1.0,success,False,2026-08-27T23:52:10.807826+09:00
Salary Scope,50.0,4.0,success,False,2026-08-21T01:23:14.366280+09:00
Salary Score,20.0,0.0,success,False,2026-08-21T01:16:32.710448+09:00
Salary Sheet,8100.0,2.0,success,False,2026-08-21T01:16:22.039842+09:00
Salary Shortfall,10.0,0.0,success,False,2026-08-27T21:49:50.641192+09:00
Salary Signal,,,failed,False,2026-08-21T01:21:22.199165+09:00
Salary Signature,,,failed,False,2026-08-23T13:27:31.185352+09:00
Salary Slip,201000.0,3.0,success,False,2026-08-21T01:18:40.477010+09:00
Salary Slot,20.0,0.0,success,False,2026-08-21T01:18:50.592866+09:00
Salary Stake,,,failed,False,2026-08-23T02:52:46.674301+09:00
Salary Statement,9900.0,1.0,success,False,2026-08-21T01:19:18.289018+09:00
Salary Station,40.0,0.0,success,False,2026-08-21T01:22:46.544366+09:00
Salary Status,320.0,0.0,success,False,2026-08-21T01:16:53.151150+09:00
Salary Stub,50.0,3.0,success,False,2026-08-21T01:19:12.546892+09:00
Salary Studio,20.0,1.0,success,False,2026-08-21T01:22:36.440068+09:00
Salary Subsidy,40.0,0.0,success,False,2026-08-23T15:52:13.445418+09:00
Salary Sum,10.0,0.0,success,False,2026-08-21T02:29:19.301672+09:00
Salary Summary,110.0,3.0,success,False,2026-08-21T01:17:41.245351+09:00
Salary Surtax,,,failed,False,2026-08-23T15:52:15.458518+09:00
Salary Tab,880.0,1.0,success,False,2026-08-21T01:19:32.138069+09:00
Salary Table,880.0,1.0,success,False,2026-08-21T01:18:36.012476+09:00
Salary Tag,,,failed,False,2026-08-21T01:16:44.690020+09:00
Salary Tariff,,,failed,False,2026-08-21T02:45:36.117852+09:00
Salary Tax,12100.0,1.0,success,False,2026-08-21T02:12:54.787375+09:00
Salary Terminal,,,failed,False,2026-08-21T01:22:51.659146+09:00
Salary Ticker,10.0,0.0,success,False,2026-08-21T01:15:38.767814+09:00
Salary Ticket,20.0,0.0,success,False,2026-08-21T01:35:21.006069+09:00
Salary Tier,110.0,1.0,success,False,2026-08-28T00:46:39.262631+09:00
Salary Timeline,20.0,0.0,success,False,2026-08-21T01:17:46.814722+09:00
Salary Timer,320.0,8.0,success,False,2026-08-28T00:22:34.191902+09:00
Salary Toll,,,failed,False,2026-08-21T02:45:28.044980+09:00
Salary Toolbox,,,failed,False,2026-08-28T00:22:39.734824+09:00
Salary Total,720.0,0.0,success,False,2026-08-27T23:10:02.620929+09:00
Salary Tower,,,failed,False,2026-08-21T01:26:18.948182+09:00
Salary Tracker,590.0,11.0,success,False,2026-08-21T01:20:18.165253+09:00
Salary Trail,10.0,0.0,success,False,2026-08-21T01:23:32.476935+09:00
Salary Trend,110.0,4.0,success,False,2026-08-28T01:03:48.385418+09:00
Salary Trial,,,failed,False,2026-08-27T21:18:48.752837+09:00
Salary Unit,30.0,0.0,success,False,2026-08-21T01:56:19.157693+09:00
Salary Update,390.0,0.0,success,False,2026-08-21T01:17:27.975074+09:00
Salary Value,140.0,2.0,success,False,2026-08-23T02:52:43.639669+09:00
Salary Vault,20.0,0.0,success,False,2026-08-21T01:20:48.632862+09:00
Salary Version,,,failed,False,2026-08-23T03:16:23.757716+09:00
Salary View,110.0,4.0,success,False,2026-08-21T01:16:58.879155+09:00
Salary Voucher,1300.0,58.0,success,False,2026-08-21T01:19:03.432303+09:00
Salary Wallet,30.0,4.0,success,False,2026-08-27T22:51:44.321364+09:00
Salary Watch,50.0,1.0,success,False,2026-08-21T01:21:27.496774+09:00
Salary Wave,,,failed,False,2026-08-21T01:21:46.110216+09:00
Salary Widget,10.0,21.0,success,False,2026-08-27T23:10:05.739440+09:00
Salary Window,20.0,1.0,success,False,2026-08-21T01:15:49.368632+09:00
Salary Worksheet,50.0,10.0,success,False,2026-08-27T22:14:21.289312+09:00
Salary Workshop,,,failed,False,2026-08-28T00:22:36.820060+09:00
Salary Yard,,,failed,False,2026-08-21T01:25:46.762620+09:00
Salary Zone,30.0,3.0,success,False,2026-08-21T01:22:59.410874+09:00
Saltwater Advance,,,failed,False,2026-08-23T16:15:47.536999+09:00
Saltwater Advisory,,,failed,False,2026-08-21T01:03:45.407835+09:00
Saltwater Alert,,,failed,False,2026-08-19T21:10:50.221080+09:00
Saltwater Allowance,,,failed,False,2026-08-21T02:45:41.299406+09:00
Saltwater Analyzer,,,failed,False,2026-08-27T23:52:30.197940+09:00
Saltwater Arrears,,,failed,False,2026-08-23T16:15:43.832612+09:00
Saltwater Assistant,,,failed,False,2026-08-19T21:05:24.897505+09:00
Saltwater Atlas,,,failed,False,2026-08-19T21:04:33.210036+09:00
Saltwater Attribute,,,failed,False,2026-08-23T13:06:27.049949+09:00
Saltwater Badge,,,failed,False,2026-08-21T00:28:15.750952+09:00
Saltwater Balance,,,failed,False,2026-08-23T13:47:11.410642+09:00
Saltwater Base,,,failed,False,2026-08-19T21:30:16.349132+09:00
Saltwater Bay,140.0,3.0,success,False,2026-08-19T21:09:00.850536+09:00
Saltwater Beacon,,,failed,False,2026-08-19T21:19:32.635751+09:00
Saltwater Bill,,,failed,False,2026-08-19T22:03:49.697196+09:00
Saltwater Board,,,failed,False,2026-08-19T21:30:36.862882+09:00
Saltwater Book,1000.0,57.0,success,False,2026-08-19T22:04:42.218437+09:00
Saltwater Booth,,,failed,False,2026-08-19T21:08:25.447867+09:00
Saltwater Bridge,20.0,1.0,success,False,2026-08-19T21:20:07.240027+09:00
Saltwater Brief,,,failed,False,2026-08-21T01:03:36.375895+09:00
Saltwater Bulletin,,,failed,False,2026-08-21T01:03:30.050919+09:00
Saltwater Calculator,90.0,2.0,success,False,2026-08-27T23:32:26.212741+09:00
Saltwater Calendar,,,failed,False,2026-08-19T21:07:18.151537+09:00
Saltwater Card,,,failed,False,2026-08-19T21:12:59.685218+09:00
Saltwater Cascade,,,failed,False,2026-08-19T21:19:54.949155+09:00
Saltwater Cash,,,failed,False,2026-08-21T02:29:47.040271+09:00
Saltwater Cashback,,,failed,False,2026-08-27T21:18:52.051068+09:00
Saltwater Catalog,10.0,0.0,success,False,2026-08-19T21:17:45.288805+09:00
Saltwater Category,,,failed,False,2026-08-23T13:06:24.369926+09:00
Saltwater Center,10.0,0.0,success,False,2026-08-19T21:31:23.417988+09:00
Saltwater Charge,,,failed,False,2026-08-21T02:45:31.753294+09:00
Saltwater Chart,20.0,1.0,success,False,2026-08-19T21:11:00.361566+09:00
Saltwater Check,,,failed,False,2026-08-19T21:13:25.403661+09:00
Saltwater Checker,10.0,92.0,success,False,2026-08-27T23:52:16.469073+09:00
Saltwater Checklist,,,failed,False,2026-08-19T21:16:48.614230+09:00
Saltwater Circular,,,failed,False,2026-08-21T01:03:40.572054+09:00
Saltwater Code,10.0,68.0,success,False,2026-08-19T22:04:10.383393+09:00
Saltwater Companion,,,failed,False,2026-08-19T21:06:13.197757+09:00
Saltwater Comparison,,,failed,False,2026-08-28T01:04:00.519509+09:00
Saltwater Compass,,,failed,False,2026-08-19T21:19:21.338240+09:00
Saltwater Confirmation,,,failed,False,2026-08-21T01:03:56.741736+09:00
Saltwater Console,,,failed,False,2026-08-19T21:31:50.558670+09:00
Saltwater Converter,140.0,91.0,success,False,2026-08-27T23:32:33.346775+09:00
Saltwater Core,,,failed,False,2026-08-19T21:30:22.896569+09:00
Saltwater Cost,10.0,4.0,success,False,2026-08-21T02:12:54.787375+09:00
Saltwater Coupon,,,failed,False,2026-08-27T21:18:48.752837+09:00
Saltwater Deal,,,failed,False,2026-08-21T01:56:46.597919+09:00
Saltwater Debt,,,failed,False,2026-08-21T02:29:36.697010+09:00
Saltwater Deck,4400.0,2.0,success,False,2026-08-19T21:30:45.595196+09:00
Saltwater Desk,,,failed,False,2026-08-19T21:18:32.816387+09:00
Saltwater Detail,,,failed,False,2026-08-23T03:16:47.860821+09:00
Saltwater Detector,,,failed,False,2026-08-27T23:52:26.282518+09:00
Saltwater Diagram,,,failed,False,2026-08-27T22:14:32.870267+09:00
Saltwater Digest,,,failed,False,2026-08-19T21:15:40.357740+09:00
Saltwater Directory,,,failed,False,2026-08-19T21:07:27.526395+09:00
Saltwater Discount,10.0,100.0,success,False,2026-08-23T16:15:40.537214+09:00
Saltwater Dossier,,,failed,False,2026-08-21T01:04:00.035751+09:00
Saltwater Downpayment,,,failed,False,2026-08-27T21:49:55.360701+09:00
Saltwater Draft,,,failed,False,2026-08-19T21:16:02.434865+09:00
Saltwater Duty,,,failed,False,2026-08-21T02:45:36.117852+09:00
Saltwater Engine,30.0,3.0,success,False,2026-08-19T21:05:12.493876+09:00
Saltwater Entry,,,failed,False,2026-08-21T01:04:18.102523+09:00
Saltwater Estimate,,,failed,False,2026-08-19T21:17:35.138769+09:00
Saltwater Estimator,,,failed,False,2026-08-27T23:52:13.665480+09:00
Saltwater Excerpt,,,failed,False,2026-08-21T01:04:11.301899+09:00
Saltwater Fare,,,failed,False,2026-08-21T02:12:59.494269+09:00
Saltwater Fee,,,failed,False,2026-08-21T01:56:21.292165+09:00
Saltwater Feed,,,failed,False,2026-08-19T21:15:49.735937+09:00
Saltwater File,,,failed,False,2026-08-19T21:14:51.947092+09:00
Saltwater Finder,,,failed,False,2026-08-19T21:07:47.829296+09:00
Saltwater Flag,,,failed,False,2026-08-21T00:29:05.314041+09:00
Saltwater Flow,10.0,0.0,success,False,2026-08-19T21:18:11.999906+09:00
Saltwater Forge,,,failed,False,2026-08-19T21:19:44.972350+09:00
Saltwater Form,,,failed,False,2026-08-19T21:12:48.974552+09:00
Saltwater Format,,,failed,False,2026-08-23T13:06:29.194377+09:00
Saltwater Frame,,,failed,False,2026-08-19T21:30:07.251599+09:00
Saltwater Fund,10.0,0.0,success,False,2026-08-21T02:29:40.223505+09:00
Saltwater Gate,,,failed,False,2026-08-19T21:04:08.048540+09:00
Saltwater Giveaway,,,failed,False,2026-08-27T21:19:01.624624+09:00
Saltwater Grade,,,failed,False,2026-08-21T00:28:44.167575+09:00
Saltwater Graph,,,failed,False,2026-08-27T22:14:21.289312+09:00
Saltwater Grid,,,failed,False,2026-08-19T21:29:30.457441+09:00
Saltwater Guardian,,,failed,False,2026-08-28T00:22:49.083106+09:00
Saltwater Helpdesk,,,failed,False,2026-08-27T22:44:05.542192+09:00
Saltwater Helper,,,failed,False,2026-08-28T00:22:54.713063+09:00
Saltwater History,,,failed,False,2026-08-19T21:14:40.806707+09:00
Saltwater Hotline,,,failed,False,2026-08-19T21:17:53.819858+09:00
Saltwater Hub,10.0,0.0,success,False,2026-08-19T21:18:22.582804+09:00
Saltwater Identifier,,,failed,False,2026-08-23T13:06:20.755041+09:00
Saltwater Inbox,,,failed,False,2026-08-19T21:10:38.305423+09:00
Saltwater Incentive,,,failed,False,2026-08-27T21:19:01.624624+09:00
Saltwater Index,10.0,0.0,success,False,2026-08-19T21:17:02.639874+09:00
Saltwater Installment,,,failed,False,2026-08-23T16:15:40.537214+09:00
Saltwater Item,,,failed,False,2026-08-21T01:56:25.732902+09:00
Saltwater Journal,30.0,26.0,success,False,2026-08-19T21:06:52.977513+09:00
Saltwater Kiosk,,,failed,False,2026-08-19T21:08:37.744349+09:00
Saltwater Kit,110.0,100.0,success,False,2026-08-27T22:51:48.588261+09:00
Saltwater Lab,,,failed,False,2026-08-19T21:31:01.684338+09:00
Saltwater Ledger,,,failed,False,2026-08-19T21:30:28.519556+09:00
Saltwater Level,,,failed,False,2026-08-19T21:15:06.542256+09:00
Saltwater Line,70.0,87.0,success,False,2026-08-19T21:11:55.349483+09:00
Saltwater Link,,,failed,False,2026-08-23T03:16:39.334057+09:00
Saltwater List,,,failed,False,2026-08-19T22:04:20.465966+09:00
Saltwater Loan,,,failed,False,2026-08-21T02:13:09.073610+09:00
Saltwater Locator,,,failed,False,2026-08-19T21:07:36.739108+09:00
Saltwater Log,,,failed,False,2026-08-19T21:12:39.256118+09:00
Saltwater Loop,,,failed,False,2026-08-19T21:29:24.641827+09:00
Saltwater Manager,,,failed,False,2026-08-19T21:04:59.839669+09:00
Saltwater Manual,,,failed,False,2026-08-27T22:14:23.666536+09:00
Saltwater Map,70.0,5.0,success,False,2026-08-19T21:29:59.646453+09:00
Saltwater Margin,,,failed,False,2026-08-23T02:52:56.566002+09:00
Saltwater Markup,,,failed,False,2026-08-23T16:39:43.377708+09:00
Saltwater Memo,,,failed,False,2026-08-21T00:28:49.114338+09:00
Saltwater Message,,,failed,False,2026-08-27T23:10:05.739440+09:00
Saltwater Monitor,10.0,80.0,success,False,2026-08-19T21:06:02.010882+09:00
Saltwater Nexus,,,failed,False,2026-08-19T21:04:19.743151+09:00
Saltwater Note,,,failed,False,2026-08-19T21:13:48.359259+09:00
Saltwater Notification,,,failed,False,2026-08-27T22:51:44.321364+09:00
Saltwater Number,,,failed,False,2026-08-23T03:16:29.353172+09:00
Saltwater Ops,,,failed,False,2026-08-19T21:06:35.637376+09:00
Saltwater Order,,,failed,False,2026-08-19T22:03:39.900427+09:00
Saltwater Overage,,,failed,False,2026-08-27T21:49:53.079168+09:00
Saltwater Overdue,,,failed,False,2026-08-27T21:49:48.123433+09:00
Saltwater Panel,,,failed,False,2026-08-19T21:31:56.342454+09:00
Saltwater Pass,,,failed,False,2026-08-21T00:27:57.987466+09:00
Saltwater Path,10.0,11.0,success,False,2026-08-19T21:29:47.496953+09:00
Saltwater Payoff,,,failed,False,2026-08-27T21:49:50.641192+09:00
Saltwater Petition,,,failed,False,2026-08-21T01:03:51.285961+09:00
Saltwater Plan,,,failed,False,2026-08-21T01:56:38.086153+09:00
Saltwater Planner,,,failed,False,2026-08-19T21:05:37.228592+09:00
Saltwater Playbook,,,failed,False,2026-08-19T21:06:44.412093+09:00
Saltwater Point,260.0,0.0,success,False,2026-08-19T21:29:53.324584+09:00
Saltwater Portal,,,failed,False,2026-08-19T21:31:40.381854+09:00
Saltwater Profile,,,failed,False,2026-08-19T21:14:09.280828+09:00
Saltwater Profit,,,failed,False,2026-08-23T02:52:49.123666+09:00
Saltwater Proposal,,,failed,False,2026-08-28T01:04:04.391433+09:00
Saltwater Queue,,,failed,False,2026-08-19T21:17:25.572760+09:00
Saltwater Quota,,,failed,False,2026-08-21T00:28:59.306676+09:00
Saltwater Radar,,,failed,False,2026-08-19T21:18:42.622010+09:00
Saltwater Rail,,,failed,False,2026-08-19T21:32:21.399233+09:00
Saltwater Rate,,,failed,False,2026-08-19T21:15:19.107238+09:00
Saltwater Recap,,,failed,False,2026-08-21T01:04:04.572867+09:00
Saltwater Receipt,,,failed,False,2026-08-19T22:03:59.574342+09:00
Saltwater Recorder,,,failed,False,2026-08-27T23:32:36.959010+09:00
Saltwater Register,,,failed,False,2026-08-19T21:06:25.471396+09:00
Saltwater Registry,170.0,0.0,success,False,2026-08-19T21:07:04.594270+09:00
Saltwater Relay,,,failed,False,2026-08-19T21:18:56.938365+09:00
Saltwater Reminder,,,failed,False,2026-08-19T21:16:33.965835+09:00
Saltwater Report,10.0,0.0,success,False,2026-08-19T21:12:30.069108+09:00
Saltwater Result,,,failed,False,2026-08-28T00:46:44.536375+09:00
Saltwater Ring,,,failed,False,2026-08-19T21:03:55.204280+09:00
Saltwater Roster,,,failed,False,2026-08-19T21:10:27.505284+09:00
Saltwater Route,,,failed,False,2026-08-19T21:32:13.666054+09:00
Saltwater Rule,,,failed,False,2026-08-23T03:16:44.260724+09:00
Saltwater Sale,70.0,99.0,success,False,2026-08-21T02:29:49.445628+09:00
Saltwater Sample,,,failed,False,2026-08-19T22:05:08.787907+09:00
Saltwater Scale,,,failed,False,2026-08-19T21:32:03.032645+09:00
Saltwater Scanner,,,failed,False,2026-08-27T23:52:22.402919+09:00
Saltwater Scheduler,,,failed,False,2026-08-19T21:05:49.435162+09:00
Saltwater Schematic,,,failed,False,2026-08-27T22:29:30.000621+09:00
Saltwater Scope,,,failed,False,2026-08-19T21:29:16.026683+09:00
Saltwater Score,,,failed,False,2026-08-19T21:13:36.060170+09:00
Saltwater Serial,,,failed,False,2026-08-23T13:27:34.278860+09:00
Saltwater Sheet,,,failed,False,2026-08-19T21:13:15.643031+09:00
Saltwater Shortfall,,,failed,False,2026-08-27T21:49:57.609346+09:00
Saltwater Signal,,,failed,False,2026-08-19T21:29:00.879622+09:00
Saltwater Slip,70.0,55.0,success,False,2026-08-19T22:04:57.454275+09:00
Saltwater Slot,,,failed,False,2026-08-19T22:05:19.679261+09:00
Saltwater Statement,,,failed,False,2026-08-21T00:28:30.302130+09:00
Saltwater Station,10.0,63.0,success,False,2026-08-19T21:31:09.123245+09:00
Saltwater Status,,,failed,False,2026-08-19T21:14:19.651241+09:00
Saltwater Stub,,,failed,False,2026-08-21T00:28:20.735517+09:00
Saltwater Studio,720.0,2.0,success,False,2026-08-19T21:30:51.810974+09:00
Saltwater Subsidy,,,failed,False,2026-08-23T15:52:18.208311+09:00
Saltwater Sum,,,failed,False,2026-08-21T02:29:31.555266+09:00
Saltwater Summary,,,failed,False,2026-08-19T21:16:11.566322+09:00
Saltwater Tab,10.0,0.0,success,False,2026-08-21T00:29:13.109702+09:00
Saltwater Table,30.0,44.0,success,False,2026-08-19T22:04:30.317454+09:00
Saltwater Tag,,,failed,False,2026-08-19T21:13:59.350184+09:00
Saltwater Tally,,,failed,False,2026-08-21T00:28:35.603528+09:00
Saltwater Tariff,,,failed,False,2026-08-21T02:45:44.220380+09:00
Saltwater Tax,,,failed,False,2026-08-21T02:13:04.369688+09:00
Saltwater Terminal,,,failed,False,2026-08-19T21:31:14.747264+09:00
Saltwater Ticker,,,failed,False,2026-08-19T21:11:44.619551+09:00
Saltwater Ticket,,,failed,False,2026-08-19T21:17:13.210771+09:00
Saltwater Tier,,,failed,False,2026-08-28T00:46:44.536375+09:00
Saltwater Timeline,,,failed,False,2026-08-19T21:16:23.704707+09:00
Saltwater Timer,,,failed,False,2026-08-28T00:22:39.734824+09:00
Saltwater Toll,,,failed,False,2026-08-21T02:45:38.713397+09:00
Saltwater Toolbox,,,failed,False,2026-08-28T00:22:52.095414+09:00
Saltwater Tracker,,,failed,False,2026-08-19T21:18:01.862049+09:00
Saltwater Trail,,,failed,False,2026-08-19T21:03:27.831086+09:00
Saltwater Trial,,,failed,False,2026-08-27T21:18:52.051068+09:00
Saltwater Unit,,,failed,False,2026-08-21T01:56:34.859851+09:00
Saltwater Update,10.0,0.0,success,False,2026-08-19T21:15:29.461766+09:00
Saltwater Value,,,failed,False,2026-08-23T02:52:51.254134+09:00
Saltwater Vault,,,failed,False,2026-08-19T21:19:09.949699+09:00
Saltwater Version,,,failed,False,2026-08-23T03:16:36.835162+09:00
Saltwater View,,,failed,False,2026-08-19T21:14:29.704334+09:00
Saltwater Voucher,,,failed,False,2026-08-21T00:28:09.542795+09:00
Saltwater Watch,30.0,97.0,success,False,2026-08-19T21:29:10.316262+09:00
Saltwater Wave,,,failed,False,2026-08-19T21:29:38.081788+09:00
Saltwater Widget,,,failed,False,2026-08-27T23:10:12.340839+09:00
Saltwater Window,,,failed,False,2026-08-19T21:12:05.902513+09:00
Saltwater Worksheet,,,failed,False,2026-08-27T22:14:28.911513+09:00
Saltwater Workshop,,,failed,False,2026-08-28T00:22:42.376773+09:00
Saltwater Yard,,,failed,False,2026-08-19T21:08:48.624997+09:00
Saltwater Zone,,,failed,False,2026-08-19T21:31:31.502788+09:00
Salvage Advance,,,failed,False,2026-08-23T16:12:18.349007+09:00
Salvage Advisory,,,failed,False,2026-08-21T00:58:25.474774+09:00
Salvage Alert,50.0,7.0,success,False,2026-08-19T22:07:56.620143+09:00
Salvage Allowance,10.0,,success,False,2026-08-21T02:40:25.117501+09:00
Salvage Analyzer,,,failed,False,2026-08-27T23:57:55.384671+09:00
Salvage Asset,,,failed,False,2026-08-23T13:48:38.413472+09:00
Salvage Assistant,,,failed,False,2026-08-19T22:02:44.580219+09:00
Salvage Attribute,,,failed,False,2026-08-23T13:08:58.766460+09:00
Salvage Balance,,,failed,False,2026-08-23T13:48:38.413472+09:00
Salvage Bay,10.0,,success,False,2026-08-19T22:06:09.459067+09:00
Salvage Beacon,,,failed,False,2026-08-19T21:55:54.779139+09:00
Salvage Bill,,,failed,False,2026-08-19T21:52:53.016557+09:00
Salvage Bin,70.0,5.0,success,False,2026-08-19T21:46:13.716197+09:00
Salvage Board,,,failed,False,2026-08-19T21:58:51.076600+09:00
Salvage Book,170.0,21.0,success,False,2026-08-19T21:53:54.593034+09:00
Salvage Booth,,,failed,False,2026-08-19T22:05:40.444282+09:00
Salvage Bridge,,,failed,False,2026-08-19T21:56:30.340313+09:00
Salvage Brief,,,failed,False,2026-08-21T01:09:36.550865+09:00
Salvage Bulletin,,,failed,False,2026-08-21T01:09:34.280846+09:00
Salvage Calculator,40.0,23.0,success,False,2026-08-27T23:35:38.281742+09:00
Salvage Calendar,,,failed,False,2026-08-19T22:04:23.242123+09:00
Salvage Card,210.0,1.0,success,False,2026-08-19T21:48:22.940977+09:00
Salvage Cascade,,,failed,False,2026-08-19T21:56:18.827565+09:00
Salvage Cash,,,failed,False,2026-08-21T02:23:37.293511+09:00
Salvage Category,90.0,11.0,success,False,2026-08-23T13:08:56.247878+09:00
Salvage Center,260.0,3.0,success,False,2026-08-19T21:59:52.671651+09:00
Salvage Chain,,,failed,False,2026-08-19T22:01:23.897474+09:00
Salvage Charge,30.0,2.0,success,False,2026-08-21T02:40:11.455485+09:00
Salvage Chart,,,failed,False,2026-08-19T21:46:01.527373+09:00
Salvage Check,320.0,40.0,success,False,2026-08-19T21:48:50.657736+09:00
Salvage Checker,320.0,40.0,success,False,2026-08-27T23:57:47.525165+09:00
Salvage Circular,,,failed,False,2026-08-21T01:09:44.260038+09:00
Salvage Code,70.0,0.0,success,False,2026-08-19T21:53:20.741685+09:00
Salvage Companion,,,failed,False,2026-08-19T22:03:23.353107+09:00
Salvage Comparison,,,failed,False,2026-08-28T01:08:39.859150+09:00
Salvage Confirmation,,,failed,False,2026-08-21T00:58:34.367334+09:00
Salvage Copayment,,,failed,False,2026-08-23T16:37:59.116023+09:00
Salvage Cost,320.0,1.0,success,False,2026-08-21T02:06:44.237427+09:00
Salvage Count,,,failed,False,2026-08-27T22:48:47.363219+09:00
Salvage Counter,,,failed,False,2026-08-19T22:05:19.679261+09:00
Salvage Deal,30.0,8.0,success,False,2026-08-21T01:59:42.509744+09:00
Salvage Debt,,,failed,False,2026-08-21T02:23:27.282211+09:00
Salvage Deck,,,failed,False,2026-08-19T21:59:01.960523+09:00
Salvage Desk,10.0,67.0,success,False,2026-08-19T21:55:06.588963+09:00
Salvage Detail,,,failed,False,2026-08-23T03:21:12.022197+09:00
Salvage Detector,,,failed,False,2026-08-27T23:57:50.336082+09:00
Salvage Directory,10.0,0.0,success,False,2026-08-19T22:04:34.418517+09:00
Salvage Discount,720.0,0.0,success,False,2026-08-23T16:12:10.819899+09:00
Salvage Dossier,,,failed,False,2026-08-21T00:58:38.777262+09:00
Salvage Draft,,,failed,False,2026-08-19T21:51:16.066048+09:00
Salvage Due,,,failed,False,2026-08-23T15:50:28.386707+09:00
Salvage Duty,,,failed,False,2026-08-21T02:40:14.671503+09:00
Salvage Endowment,,,failed,False,2026-08-23T15:50:33.287746+09:00
Salvage Engine,170.0,52.0,success,False,2026-08-19T22:02:34.302682+09:00
Salvage Entry,,,failed,False,2026-08-21T00:58:52.318728+09:00
Salvage Estimate,20.0,59.0,success,False,2026-08-19T21:52:28.912563+09:00
Salvage Estimator,,,failed,False,2026-08-27T23:57:45.055012+09:00
Salvage Excerpt,,,failed,False,2026-08-21T00:58:47.378244+09:00
Salvage Extension,,,failed,False,2026-08-23T16:38:01.127600+09:00
Salvage Fare,,,failed,False,2026-08-21T02:06:52.442398+09:00
Salvage Fee,110.0,3.0,success,False,2026-08-21T02:05:57.421169+09:00
Salvage Feed,,,failed,False,2026-08-19T21:51:07.578329+09:00
Salvage Field,10.0,0.0,success,False,2026-08-23T13:09:00.936814+09:00
Salvage File,70.0,24.0,success,False,2026-08-19T21:50:23.410812+09:00
Salvage Fine,,,failed,False,2026-08-23T02:55:43.726129+09:00
Salvage Flag,,,failed,False,2026-08-21T00:35:16.287713+09:00
Salvage Flow,,,failed,False,2026-08-19T21:54:48.895899+09:00
Salvage Forge,,,failed,False,2026-08-19T21:56:05.092972+09:00
Salvage Form,50.0,0.0,success,False,2026-08-19T21:48:11.031110+09:00
Salvage Format,,,failed,False,2026-08-23T13:09:05.713550+09:00
Salvage Fund,,,failed,False,2026-08-21T02:23:31.419607+09:00
Salvage Gate,10.0,81.0,success,False,2026-08-19T22:01:45.686906+09:00
Salvage Grade,,,failed,False,2026-08-21T00:35:09.628137+09:00
Salvage Grid,,,failed,False,2026-08-19T21:57:24.591826+09:00
Salvage Guardian,,,failed,False,2026-08-28T00:26:55.262283+09:00
Salvage Harbor,,,failed,False,2026-08-19T22:06:50.618817+09:00
Salvage Helpdesk,,,failed,False,2026-08-27T22:48:53.744553+09:00
Salvage Helper,,,failed,False,2026-08-28T00:26:55.262283+09:00
Salvage History,140.0,32.0,success,False,2026-08-19T21:50:13.072831+09:00
Salvage Hub,10.0,8.0,success,False,2026-08-19T21:54:56.953854+09:00
Salvage Identifier,,,failed,False,2026-08-23T13:08:51.704947+09:00
Salvage Inbox,,,failed,False,2026-08-19T22:07:37.028999+09:00
Salvage Index,10.0,0.0,success,False,2026-08-19T21:52:04.287712+09:00
Salvage Interest,,,failed,False,2026-08-23T13:48:38.413472+09:00
Salvage Item,210.0,0.0,success,False,2026-08-21T01:59:29.977509+09:00
Salvage Journal,90.0,0.0,success,False,2026-08-19T22:04:03.389101+09:00
Salvage Keeper,,,failed,False,2026-08-19T22:02:16.192857+09:00
Salvage Kiosk,,,failed,False,2026-08-19T22:05:48.495667+09:00
Salvage Lab,10.0,0.0,success,False,2026-08-19T21:59:19.992699+09:00
Salvage Label,,,failed,False,2026-08-27T22:09:51.279815+09:00
Salvage Ledger,,,failed,False,2026-08-19T21:58:41.732793+09:00
Salvage Level,,,failed,False,2026-08-19T21:50:35.139639+09:00
Salvage Line,30.0,0.0,success,False,2026-08-19T21:46:58.234898+09:00
Salvage Link,,,failed,False,2026-08-23T03:21:04.390216+09:00
Salvage List,20.0,8.0,success,False,2026-08-19T21:53:29.207509+09:00
Salvage Loan,10.0,31.0,success,False,2026-08-21T02:07:07.042559+09:00
Salvage Locator,20.0,7.0,success,False,2026-08-19T22:04:45.902658+09:00
Salvage Locker,,,failed,False,2026-08-19T22:05:32.455871+09:00
Salvage Log,,,failed,False,2026-08-19T21:47:55.928943+09:00
Salvage Manager,70.0,0.0,success,False,2026-08-19T22:02:25.837553+09:00
Salvage Map,10.0,0.0,success,False,2026-08-19T21:58:08.143234+09:00
Salvage Margin,,,failed,False,2026-08-23T02:55:41.389421+09:00
Salvage Marker,50.0,4.0,success,False,2026-08-23T13:28:15.741943+09:00
Salvage Markup,,,failed,False,2026-08-23T16:37:59.116023+09:00
Salvage Memo,,,failed,False,2026-08-21T00:35:11.745138+09:00
Salvage Message,,,failed,False,2026-08-27T23:14:21.600576+09:00
Salvage Monitor,,,failed,False,2026-08-19T22:03:14.947098+09:00
Salvage Note,,,failed,False,2026-08-19T21:49:14.059786+09:00
Salvage Notification,,,failed,False,2026-08-27T22:48:44.890397+09:00
Salvage Number,10.0,13.0,success,False,2026-08-23T03:20:56.810289+09:00
Salvage Office,,,failed,False,2026-08-19T22:05:08.787907+09:00
Salvage Ops,10.0,0.0,success,False,2026-08-19T22:03:42.018748+09:00
Salvage Order,,,failed,False,2026-08-19T21:52:37.480660+09:00
Salvage Outpost,,,failed,False,2026-08-19T22:06:28.711407+09:00
Salvage Overdraft,,,failed,False,2026-08-23T15:50:28.386707+09:00
Salvage Passport,,,failed,False,2026-08-19T21:46:23.560668+09:00
Salvage Path,,,failed,False,2026-08-19T21:57:47.268344+09:00
Salvage Payoff,,,failed,False,2026-08-27T21:46:44.901733+09:00
Salvage Penalty,,,failed,False,2026-08-23T16:37:56.709879+09:00
Salvage Petition,,,failed,False,2026-08-21T00:58:30.042414+09:00
Salvage Plan,50.0,0.0,success,False,2026-08-21T01:59:37.170622+09:00
Salvage Planner,,,failed,False,2026-08-19T22:02:54.876263+09:00
Salvage Playbook,,,failed,False,2026-08-19T22:03:52.975095+09:00
Salvage Plaza,,,failed,False,2026-08-19T22:06:41.403506+09:00
Salvage Point,30.0,0.0,success,False,2026-08-19T21:57:56.725251+09:00
Salvage Portal,20.0,6.0,success,False,2026-08-19T22:00:12.371601+09:00
Salvage Post,,,failed,False,2026-08-19T22:06:18.009667+09:00
Salvage Profile,,,failed,False,2026-08-19T21:49:37.354385+09:00
Salvage Profit,,,failed,False,2026-08-23T02:55:31.768897+09:00
Salvage Proposal,,,failed,False,2026-08-28T01:08:42.554310+09:00
Salvage Radar,,,failed,False,2026-08-19T21:55:18.484182+09:00
Salvage Rate,90.0,1.0,success,False,2026-08-19T21:50:46.269760+09:00
Salvage Recap,,,failed,False,2026-08-21T00:59:26.114490+09:00
Salvage Receipt,40.0,0.0,success,False,2026-08-19T21:53:02.852702+09:00
Salvage Recorder,,,failed,False,2026-08-27T23:35:43.099138+09:00
Salvage Redemption,,,failed,False,2026-08-23T16:38:01.127600+09:00
Salvage Register,390.0,1.0,success,False,2026-08-19T22:03:32.806508+09:00
Salvage Registry,,,failed,False,2026-08-19T22:04:13.367774+09:00
Salvage Relay,,,failed,False,2026-08-19T21:55:24.856436+09:00
Salvage Reminder,,,failed,False,2026-08-19T21:51:54.755817+09:00
Salvage Report,260.0,10.0,success,False,2026-08-19T21:47:40.553023+09:00
Salvage Repository,10.0,,success,False,2026-08-27T23:14:33.058842+09:00
Salvage Result,,,failed,False,2026-08-28T00:48:41.501339+09:00
Salvage Roll,,,failed,False,2026-08-19T21:47:26.468483+09:00
Salvage Roster,,,failed,False,2026-08-19T22:07:23.452103+09:00
Salvage Route,,,failed,False,2026-08-19T22:00:52.695969+09:00
Salvage Rule,,,failed,False,2026-08-23T03:21:07.842946+09:00
Salvage Sale,2400.0,6.0,success,False,2026-08-21T02:23:42.049826+09:00
Salvage Sample,,,failed,False,2026-08-19T21:54:16.215789+09:00
Salvage Scanner,,,failed,False,2026-08-27T23:57:50.336082+09:00
Salvage Scheduler,,,failed,False,2026-08-19T22:03:05.892678+09:00
Salvage Scope,,,failed,False,2026-08-19T21:57:01.942587+09:00
Salvage Score,,,failed,False,2026-08-19T21:49:03.135784+09:00
Salvage Serial,,,failed,False,2026-08-23T13:28:13.588297+09:00
Salvage Sheet,170.0,62.0,success,False,2026-08-19T21:48:37.941943+09:00
Salvage Shelf,40.0,28.0,success,False,2026-08-19T22:07:15.173390+09:00
Salvage Signal,,,failed,False,2026-08-19T21:56:40.008866+09:00
Salvage Slip,,,failed,False,2026-08-19T21:54:03.410939+09:00
Salvage Slot,,,failed,False,2026-08-19T21:54:25.677858+09:00
Salvage Stage,,,failed,False,2026-08-28T00:48:41.501339+09:00
Salvage Stake,,,failed,False,2026-08-23T02:55:38.114180+09:00
Salvage Stamp,20.0,0.0,success,False,2026-08-23T13:28:15.741943+09:00
Salvage Statement,,,failed,False,2026-08-21T00:35:07.163921+09:00
Salvage Station,2900.0,1.0,success,False,2026-08-19T21:59:30.293970+09:00
Salvage Status,50.0,2.0,success,False,2026-08-19T21:49:47.542279+09:00
Salvage Studio,70.0,3.0,success,False,2026-08-19T21:59:09.702480+09:00
Salvage Subsidy,,,failed,False,2026-08-23T15:50:30.977463+09:00
Salvage Sum,,,failed,False,2026-08-21T02:23:24.043193+09:00
Salvage Summary,,,failed,False,2026-08-19T21:51:28.846204+09:00
Salvage Surtax,,,failed,False,2026-08-23T15:50:35.558538+09:00
Salvage Table,40.0,39.0,success,False,2026-08-19T21:53:43.821939+09:00
Salvage Tag,70.0,0.0,success,False,2026-08-19T21:49:23.695269+09:00
Salvage Tally,,,failed,False,2026-08-21T00:35:09.628137+09:00
Salvage Tariff,,,failed,False,2026-08-21T02:40:27.519765+09:00
Salvage Tax,10.0,0.0,success,False,2026-08-21T02:07:02.181648+09:00
Salvage Terminal,,,failed,False,2026-08-19T21:59:42.241525+09:00
Salvage Ticket,10.0,0.0,success,False,2026-08-19T21:52:13.387437+09:00
Salvage Tier,,,failed,False,2026-08-28T00:48:45.489712+09:00
Salvage Timeline,,,failed,False,2026-08-19T21:51:38.533092+09:00
Salvage Token,,,failed,False,2026-08-23T13:28:13.588297+09:00
Salvage Toll,,,failed,False,2026-08-21T02:40:21.955150+09:00
Salvage Toolbox,,,failed,False,2026-08-28T00:26:55.262283+09:00
Salvage Total,,,failed,False,2026-08-27T23:14:21.600576+09:00
Salvage Tower,,,failed,False,2026-08-19T22:06:59.596356+09:00
Salvage Tracker,,,failed,False,2026-08-19T21:54:37.434657+09:00
Salvage Trail,20.0,1.0,success,False,2026-08-19T22:01:11.142813+09:00
Salvage Trend,,,failed,False,2026-08-28T01:08:39.859150+09:00
Salvage Trial,,,failed,False,2026-08-27T21:15:31.900187+09:00
Salvage Unit,50.0,0.0,success,False,2026-08-21T01:59:37.170622+09:00
Salvage Update,,,failed,False,2026-08-19T21:50:57.841127+09:00
Salvage Value,12100.0,1.0,success,False,2026-08-23T02:55:35.353388+09:00
Salvage Vault,,,failed,False,2026-08-19T21:55:34.064895+09:00
Salvage Version,,,failed,False,2026-08-23T03:21:00.660532+09:00
Salvage View,,,failed,False,2026-08-19T21:50:00.809390+09:00
Salvage Watch,,,failed,False,2026-08-19T21:56:53.361235+09:00
Salvage Widget,,,failed,False,2026-08-27T23:14:27.057874+09:00
Salvage Window,30.0,46.0,success,False,2026-08-19T21:47:13.005766+09:00
Salvage Worksheet,,,failed,False,2026-08-27T22:09:58.164830+09:00
Salvage Workshop,390.0,0.0,success,False,2026-08-28T00:26:52.853264+09:00
Salvage Yard,60500.0,19.0,success,False,2026-08-19T22:05:58.265751+09:00
Salvage Zone,720.0,1.0,success,False,2026-08-19T22:00:01.898557+09:00
Satisfaction Advisory,,,failed,False,2026-08-21T01:06:51.131996+09:00
Satisfaction Allowance,,,failed,False,2026-08-21T02:44:44.036553+09:00
Satisfaction Almanac,,,failed,False,2026-08-18T22:04:34.092675+09:00
Satisfaction Analyzer,,,failed,False,2026-08-27T23:52:42.913738+09:00
Satisfaction Anchor,,,failed,False,2026-08-17T21:41:34.183941+09:00
Satisfaction Assistant,,,failed,False,2026-08-17T23:32:11.092346+09:00
Satisfaction Atlas,,,failed,False,2026-08-17T20:47:28.313560+09:00
Satisfaction Badge,20.0,0.0,success,False,2026-08-21T00:33:37.107629+09:00
Satisfaction Base,,,failed,False,2026-08-17T20:43:58.581518+09:00
Satisfaction Beacon,,,failed,False,2026-08-17T20:33:47.539654+09:00
Satisfaction Bill,,,failed,False,2026-08-19T21:57:41.163401+09:00
Satisfaction Blueprint,,,failed,False,2026-08-18T22:04:23.726026+09:00
Satisfaction Board,10.0,0.0,success,False,2026-08-17T20:41:22.469867+09:00
Satisfaction Book,90.0,5.0,success,False,2026-08-19T21:58:30.244900+09:00
Satisfaction Bridge,,,failed,False,2026-08-18T07:43:49.584727+09:00
Satisfaction Brief,,,failed,False,2026-08-21T01:06:42.544203+09:00
Satisfaction Bulletin,,,failed,False,2026-08-21T01:06:33.871335+09:00
Satisfaction Calculator,20.0,12.0,success,False,2026-08-27T23:33:05.663722+09:00
Satisfaction Calendar,10.0,1.0,success,False,2026-08-19T00:01:37.572111+09:00
Satisfaction Card,10.0,0.0,success,False,2026-08-19T13:26:10.178451+09:00
Satisfaction Cascade,,,failed,False,2026-08-17T20:31:35.680631+09:00
Satisfaction Cash,,,failed,False,2026-08-21T02:29:36.697010+09:00
Satisfaction Cashback,,,failed,False,2026-08-27T21:13:46.392108+09:00
Satisfaction Catalog,,,failed,False,2026-08-19T21:14:27.953850+09:00
Satisfaction Category,,,failed,False,2026-08-23T13:10:03.956535+09:00
Satisfaction Center,,,failed,False,2026-08-17T20:36:08.746361+09:00
Satisfaction Chain,20.0,0.0,success,False,2026-08-17T21:34:20.474166+09:00
Satisfaction Charge,,,failed,False,2026-08-21T02:44:32.833058+09:00
Satisfaction Check,,,failed,False,2026-08-19T13:26:44.223162+09:00
Satisfaction Checker,,,failed,False,2026-08-27T23:52:35.044281+09:00
Satisfaction Checklist,10.0,0.0,success,False,2026-08-19T21:13:31.913325+09:00
Satisfaction Circular,,,failed,False,2026-08-21T01:06:45.397337+09:00
Satisfaction Cockpit,,,failed,False,2026-08-17T23:07:13.674847+09:00
Satisfaction Code,20.0,0.0,success,False,2026-08-19T21:57:59.626776+09:00
Satisfaction Codex,,,failed,False,2026-08-18T22:04:53.198463+09:00
Satisfaction Companion,,,failed,False,2026-08-17T23:33:15.463532+09:00
Satisfaction Comparison,,,failed,False,2026-08-28T01:03:21.195109+09:00
Satisfaction Compass,,,failed,False,2026-08-17T20:34:40.569545+09:00
Satisfaction Compendium,,,failed,False,2026-08-18T22:04:42.771017+09:00
Satisfaction Confirmation,,,failed,False,2026-08-21T01:07:00.683520+09:00
Satisfaction Console,,,failed,False,2026-08-17T20:33:18.087238+09:00
Satisfaction Core,,,failed,False,2026-08-17T20:43:05.974432+09:00
Satisfaction Cost,10.0,,success,False,2026-08-21T02:13:43.743607+09:00
Satisfaction Counter,,,failed,False,2026-08-19T00:02:24.547164+09:00
Satisfaction Coupon,,,failed,False,2026-08-27T21:13:37.797342+09:00
Satisfaction Dashboard,20.0,9.0,success,False,2026-08-17T23:33:03.029797+09:00
Satisfaction Deal,,,failed,False,2026-08-21T01:58:16.207160+09:00
Satisfaction Debt,,,failed,False,2026-08-21T02:29:27.497336+09:00
Satisfaction Deck,,,failed,False,2026-08-17T20:40:41.186342+09:00
Satisfaction Depot,,,failed,False,2026-08-19T00:02:09.626106+09:00
Satisfaction Desk,,,failed,False,2026-08-17T20:38:26.412397+09:00
Satisfaction Detail,,,failed,False,2026-08-23T03:24:18.387553+09:00
Satisfaction Detector,,,failed,False,2026-08-27T23:52:42.913738+09:00
Satisfaction Dial,,,failed,False,2026-08-18T07:52:27.935751+09:00
Satisfaction Digest,,,failed,False,2026-08-19T20:42:43.732696+09:00
Satisfaction Directory,,,failed,False,2026-08-19T00:01:46.968095+09:00
Satisfaction Discount,,,failed,False,2026-08-23T16:11:24.096021+09:00
Satisfaction Dock,,,failed,False,2026-08-17T21:37:30.311680+09:00
Satisfaction Dossier,,,failed,False,2026-08-21T01:07:05.419425+09:00
Satisfaction Draft,,,failed,False,2026-08-19T20:43:01.232728+09:00
Satisfaction Due,,,failed,False,2026-08-23T15:50:19.459391+09:00
Satisfaction Duty,,,failed,False,2026-08-21T02:44:37.347457+09:00
Satisfaction Engine,,,failed,False,2026-08-17T23:03:39.400104+09:00
Satisfaction Entry,,,failed,False,2026-08-21T01:07:19.627545+09:00
Satisfaction Estimate,,,failed,False,2026-08-19T21:14:17.350894+09:00
Satisfaction Estimator,,,failed,False,2026-08-27T23:52:32.506891+09:00
Satisfaction Excerpt,,,failed,False,2026-08-21T01:07:15.275377+09:00
Satisfaction Fare,,,failed,False,2026-08-21T02:13:51.922112+09:00
Satisfaction Fee,30.0,0.0,success,False,2026-08-21T01:58:00.854013+09:00
Satisfaction Feed,,,failed,False,2026-08-19T20:42:48.667396+09:00
Satisfaction File,,,failed,False,2026-08-19T20:42:17.170868+09:00
Satisfaction Finder,,,failed,False,2026-08-19T00:02:04.506577+09:00
Satisfaction Fine,,,failed,False,2026-08-23T02:58:22.138968+09:00
Satisfaction Flag,,,failed,False,2026-08-21T00:34:16.638003+09:00
Satisfaction Flow,,,failed,False,2026-08-17T20:41:01.819842+09:00
Satisfaction Forge,,,failed,False,2026-08-17T20:32:44.310093+09:00
Satisfaction Form,170.0,8.0,success,False,2026-08-19T13:25:58.679936+09:00
Satisfaction Frame,,,failed,False,2026-08-17T20:44:46.784780+09:00
Satisfaction Fund,,,failed,False,2026-08-21T02:29:31.555266+09:00
Satisfaction Gate,,,failed,False,2026-08-17T21:31:00.206645+09:00
Satisfaction Giveaway,,,failed,False,2026-08-27T21:13:49.979348+09:00
Satisfaction Grade,,,failed,False,2026-08-21T00:34:01.894402+09:00
Satisfaction Graph,30.0,0.0,success,False,2026-08-27T22:07:37.591593+09:00
Satisfaction Grid,,,failed,False,2026-08-17T21:34:50.586670+09:00
Satisfaction Guard,,,failed,False,2026-08-17T20:43:32.566232+09:00
Satisfaction Guardian,,,failed,False,2026-08-28T00:22:49.083106+09:00
Satisfaction Guidebook,,,failed,False,2026-08-18T22:04:00.845205+09:00
Satisfaction Helpdesk,,,failed,False,2026-08-27T22:45:43.680386+09:00
Satisfaction Helper,,,failed,False,2026-08-28T00:22:52.095414+09:00
Satisfaction History,10.0,0.0,success,False,2026-08-19T20:42:12.538195+09:00
Satisfaction Hotline,,,failed,False,2026-08-19T21:14:39.007898+09:00
Satisfaction Hub,10.0,2.0,success,False,2026-08-17T20:40:17.203996+09:00
Satisfaction Identifier,,,failed,False,2026-08-23T13:10:03.956535+09:00
Satisfaction Incentive,,,failed,False,2026-08-27T21:13:49.979348+09:00
Satisfaction Index,140.0,3.0,success,False,2026-08-19T21:13:44.257474+09:00
Satisfaction Insight,,,failed,False,2026-08-17T23:12:27.386442+09:00
Satisfaction Item,,,failed,False,2026-08-21T01:58:02.709797+09:00
Satisfaction Journal,10.0,0.0,success,False,2026-08-18T22:03:30.222566+09:00
Satisfaction Keeper,,,failed,False,2026-08-17T20:45:24.269018+09:00
Satisfaction Lab,,,failed,False,2026-08-17T20:38:58.199942+09:00
Satisfaction Label,,,failed,False,2026-08-27T22:07:41.421571+09:00
Satisfaction Ledger,,,failed,False,2026-08-17T20:42:12.704128+09:00
Satisfaction Lens,,,failed,False,2026-08-17T20:45:50.172264+09:00
Satisfaction Level,1600.0,0.0,success,True,2026-08-19T20:42:25.910879+09:00
Satisfaction Link,,,failed,False,2026-08-23T03:24:09.830834+09:00
Satisfaction List,,,failed,False,2026-08-19T21:58:11.207870+09:00
Satisfaction Loan,,,failed,False,2026-08-21T02:13:55.363048+09:00
Satisfaction Locator,,,failed,False,2026-08-19T00:01:53.326080+09:00
Satisfaction Lock,,,failed,False,2026-08-17T20:48:09.439521+09:00
Satisfaction Log,,,failed,False,2026-08-19T13:25:50.130591+09:00
Satisfaction Loop,10.0,0.0,success,False,2026-08-17T21:35:54.911296+09:00
Satisfaction Manager,10.0,0.0,success,False,2026-08-17T20:44:22.162347+09:00
Satisfaction Manual,,,failed,False,2026-08-27T22:07:45.490805+09:00
Satisfaction Map,30.0,0.0,success,False,2026-08-17T20:46:51.703605+09:00
Satisfaction Markup,,,failed,False,2026-08-23T16:37:21.516331+09:00
Satisfaction Message,30.0,0.0,success,False,2026-08-27T23:10:55.756193+09:00
Satisfaction Meter,70.0,3.0,success,False,2026-08-18T07:52:35.571361+09:00
Satisfaction Metrics,50.0,7.0,success,False,2026-08-17T23:32:52.026751+09:00
Satisfaction Monitor,,,failed,False,2026-08-17T23:32:37.778770+09:00
Satisfaction Navigator,,,failed,False,2026-08-17T23:14:07.437972+09:00
Satisfaction Nexus,,,failed,False,2026-08-17T20:48:44.119140+09:00
Satisfaction Node,,,failed,False,2026-08-17T21:32:11.115049+09:00
Satisfaction Note,260.0,1.0,success,False,2026-08-19T13:27:15.417105+09:00
Satisfaction Notification,,,failed,False,2026-08-27T22:45:32.227130+09:00
Satisfaction Number,10.0,2.0,success,False,2026-08-23T03:24:01.511685+09:00
Satisfaction Office,,,failed,False,2026-08-19T00:02:18.071698+09:00
Satisfaction Ops,,,failed,False,2026-08-17T23:33:28.426699+09:00
Satisfaction Order,,,failed,False,2026-08-19T21:57:27.705045+09:00
Satisfaction Organizer,,,failed,False,2026-08-17T23:05:21.665981+09:00
Satisfaction Overdraft,,,failed,False,2026-08-23T15:50:21.646134+09:00
Satisfaction Overdue,,,failed,False,2026-08-27T21:45:54.192033+09:00
Satisfaction Panel,,,failed,False,2026-08-17T20:32:08.584337+09:00
Satisfaction Path,,,failed,False,2026-08-17T21:31:35.848823+09:00
Satisfaction Penalty,,,failed,False,2026-08-23T16:37:18.649152+09:00
Satisfaction Petition,,,failed,False,2026-08-21T01:06:56.173532+09:00
Satisfaction Pilot,10.0,0.0,success,False,2026-08-17T20:39:21.363517+09:00
Satisfaction Plan,10.0,0.0,success,False,2026-08-21T01:58:12.628800+09:00
Satisfaction Planner,,,failed,False,2026-08-17T23:10:55.434729+09:00
Satisfaction Playbook,,,failed,False,2026-08-18T22:03:16.704658+09:00
Satisfaction Point,210.0,0.0,success,False,2026-08-17T21:30:27.922058+09:00
Satisfaction Portal,10.0,,success,False,2026-08-17T20:34:17.127214+09:00
Satisfaction Preview,10.0,,success,False,2026-08-28T01:03:25.191639+09:00
Satisfaction Profile,,,failed,False,2026-08-19T13:27:42.741110+09:00
Satisfaction Profit,,,failed,False,2026-08-23T02:58:08.701487+09:00
Satisfaction Proposal,,,failed,False,2026-08-28T01:03:27.794966+09:00
Satisfaction Pulse,,,failed,False,2026-08-17T21:33:45.075228+09:00
Satisfaction Queue,,,failed,False,2026-08-19T21:14:05.700076+09:00
Satisfaction Quota,,,failed,False,2026-08-21T00:34:11.970110+09:00
Satisfaction Radar,10.0,,success,False,2026-08-17T20:37:34.472176+09:00
Satisfaction Rail,,,failed,False,2026-08-17T21:36:26.445152+09:00
Satisfaction Rate,720.0,1.0,success,False,2026-08-19T20:42:29.664942+09:00
Satisfaction Recap,10.0,,success,False,2026-08-21T01:07:09.616987+09:00
Satisfaction Receipt,,,failed,False,2026-08-19T21:57:51.707228+09:00
Satisfaction Recorder,,,failed,False,2026-08-27T23:33:13.459329+09:00
Satisfaction Register,,,failed,False,2026-08-17T23:08:54.682716+09:00
Satisfaction Registry,,,failed,False,2026-08-18T22:04:12.568895+09:00
Satisfaction Relay,,,failed,False,2026-08-17T20:36:38.149505+09:00
Satisfaction Reminder,,,failed,False,2026-08-19T21:13:21.149067+09:00
Satisfaction Report,110.0,1.0,success,False,2026-08-19T13:25:22.323430+09:00
Satisfaction Repository,,,failed,False,2026-08-27T23:11:08.284499+09:00
Satisfaction Roadmap,,,failed,False,2026-08-18T22:05:02.516248+09:00
Satisfaction Route,,,failed,False,2026-08-17T21:38:37.304138+09:00
Satisfaction Rule,,,failed,False,2026-08-23T03:24:13.637906+09:00
Satisfaction Sale,,,failed,False,2026-08-21T02:29:40.223505+09:00
Satisfaction Sample,30.0,0.0,success,False,2026-08-19T21:58:48.612097+09:00
Satisfaction Scale,720.0,2.0,success,False,2026-08-17T21:40:59.899740+09:00
Satisfaction Scanner,,,failed,False,2026-08-27T23:52:37.462117+09:00
Satisfaction Scheduler,,,failed,False,2026-08-17T23:32:25.255075+09:00
Satisfaction Scope,,,failed,False,2026-08-17T21:36:54.710856+09:00
Satisfaction Score,320.0,4.0,success,False,2026-08-19T13:27:04.208602+09:00
Satisfaction Sentry,,,failed,False,2026-08-17T20:46:14.149623+09:00
Satisfaction Sheet,10.0,14.0,success,False,2026-08-19T13:26:18.300818+09:00
Satisfaction Shortfall,,,failed,False,2026-08-27T21:46:08.601206+09:00
Satisfaction Signal,,,failed,False,2026-08-17T21:39:28.354494+09:00
Satisfaction Slip,,,failed,False,2026-08-19T21:58:36.842594+09:00
Satisfaction Slot,,,failed,False,2026-08-19T21:58:56.766000+09:00
Satisfaction Snapshot,,,failed,False,2026-08-18T22:03:49.519359+09:00
Satisfaction Stake,,,failed,False,2026-08-23T02:58:18.393651+09:00
Satisfaction Stamp,20.0,3.0,success,False,2026-08-23T13:26:15.190614+09:00
Satisfaction Station,10.0,0.0,success,False,2026-08-17T20:38:03.705761+09:00
Satisfaction Status,50.0,0.0,success,False,2026-08-19T20:41:54.948325+09:00
Satisfaction Streak,,,failed,False,2026-08-28T00:46:33.624903+09:00
Satisfaction Stub,,,failed,False,2026-08-21T00:33:43.074758+09:00
Satisfaction Studio,,,failed,False,2026-08-17T20:39:51.023967+09:00
Satisfaction Suite,,,failed,False,2026-08-17T23:31:48.177682+09:00
Satisfaction Sum,,,failed,False,2026-08-21T02:29:22.487025+09:00
Satisfaction Summary,10.0,,success,False,2026-08-19T21:12:55.345811+09:00
Satisfaction Sync,,,failed,False,2026-08-17T20:41:53.253624+09:00
Satisfaction Tab,1300.0,0.0,success,True,2026-08-21T00:34:21.181247+09:00
Satisfaction Table,10.0,0.0,success,False,2026-08-19T21:58:22.475915+09:00
Satisfaction Tag,,,failed,False,2026-08-19T13:27:27.071698+09:00
Satisfaction Tally,,,failed,False,2026-08-21T00:33:53.387508+09:00
Satisfaction Tariff,,,failed,False,2026-08-21T02:44:46.644995+09:00
Satisfaction Tax,,,failed,False,2026-08-21T02:13:51.922112+09:00
Satisfaction Ticket,,,failed,False,2026-08-19T21:13:57.456241+09:00
Satisfaction Tier,,,failed,False,2026-08-28T00:46:33.624903+09:00
Satisfaction Timeline,,,failed,False,2026-08-19T21:13:11.253613+09:00
Satisfaction Timer,,,failed,False,2026-08-28T00:22:39.734824+09:00
Satisfaction Token,10.0,,success,False,2026-08-23T13:28:22.129962+09:00
Satisfaction Toll,,,failed,False,2026-08-21T02:44:40.179717+09:00
Satisfaction Toolbox,,,failed,False,2026-08-28T00:22:49.083106+09:00
Satisfaction Toolkit,,,failed,False,2026-08-18T22:03:05.761687+09:00
Satisfaction Total,210.0,0.0,success,False,2026-08-27T23:11:01.656662+09:00
Satisfaction Tracker,,,failed,False,2026-08-17T20:42:36.789908+09:00
Satisfaction Trail,,,failed,False,2026-08-17T21:35:20.515813+09:00
Satisfaction Trend,10.0,0.0,success,False,2026-08-28T01:03:16.681055+09:00
Satisfaction Trial,,,failed,False,2026-08-27T21:13:46.392108+09:00
Satisfaction Unit,,,failed,False,2026-08-21T01:58:06.326002+09:00
Satisfaction Update,,,failed,False,2026-08-19T20:42:34.910732+09:00
Satisfaction Value,,,failed,False,2026-08-23T02:58:14.811642+09:00
Satisfaction Vault,,,failed,False,2026-08-17T20:35:40.356029+09:00
Satisfaction Version,10.0,0.0,success,False,2026-08-23T03:24:05.243173+09:00
Satisfaction View,,,failed,False,2026-08-19T20:42:03.452660+09:00
Satisfaction Watch,90.0,1.0,success,False,2026-08-17T21:38:05.775829+09:00
Satisfaction Wave,,,failed,False,2026-08-17T21:32:47.122898+09:00
Satisfaction Widget,,,failed,False,2026-08-27T23:11:04.616430+09:00
Satisfaction Workbench,,,failed,False,2026-08-18T22:02:56.704517+09:00
Satisfaction Worksheet,,,failed,False,2026-08-27T22:07:48.909558+09:00
Satisfaction Zone,20.0,0.0,success,False,2026-08-17T20:35:08.080059+09:00
Scaffold Advance,,,failed,False,2026-08-23T16:16:13.507688+09:00
Scaffold Advisory,,,failed,False,2026-08-21T01:05:02.312819+09:00
Scaffold Allowance,,,failed,False,2026-08-21T02:37:22.596537+09:00
Scaffold Analyzer,,,failed,False,2026-08-27T23:53:12.173263+09:00
Scaffold Arrears,,,failed,False,2026-08-23T16:16:09.972976+09:00
Scaffold Asset,,,failed,False,2026-08-23T13:47:31.255092+09:00
Scaffold Assistant,,,failed,False,2026-08-19T00:01:14.805570+09:00
Scaffold Atlas,,,failed,False,2026-08-19T00:00:40.903706+09:00
Scaffold Badge,,,failed,False,2026-08-21T00:29:39.530878+09:00
Scaffold Base,170.0,100.0,success,False,2026-08-18T23:57:18.728861+09:00
Scaffold Beacon,,,failed,False,2026-08-19T00:04:23.577898+09:00
Scaffold Bill,,,failed,False,2026-08-19T22:05:58.265751+09:00
Scaffold Board,27100.0,100.0,success,False,2026-08-18T23:57:49.004373+09:00
Scaffold Book,1000.0,51.0,success,False,2026-08-19T22:06:50.618817+09:00
Scaffold Bridge,1000.0,54.0,success,False,2026-08-19T00:04:42.603293+09:00
Scaffold Brief,,,failed,False,2026-08-21T01:04:45.668721+09:00
Scaffold Bulletin,,,failed,False,2026-08-21T01:04:32.859141+09:00
Scaffold Calculator,390.0,4.0,success,False,2026-08-27T23:33:00.078931+09:00
Scaffold Calendar,,,failed,False,2026-08-19T00:02:30.122335+09:00
Scaffold Card,390.0,25.0,success,False,2026-08-19T13:41:02.359276+09:00
Scaffold Cascade,,,failed,False,2026-08-19T00:04:38.069566+09:00
Scaffold Cash,,,failed,False,2026-08-21T02:30:37.873895+09:00
Scaffold Cashback,,,failed,False,2026-08-27T21:19:26.078520+09:00
Scaffold Catalog,90.0,34.0,success,False,2026-08-19T21:19:54.949155+09:00
Scaffold Category,,,failed,False,2026-08-23T13:06:56.024749+09:00
Scaffold Center,,,failed,False,2026-08-18T23:58:46.816942+09:00
Scaffold Chain,,,failed,False,2026-08-19T00:00:05.096380+09:00
Scaffold Charge,,,failed,False,2026-08-21T02:37:07.617432+09:00
Scaffold Check,,,failed,False,2026-08-19T13:41:43.922175+09:00
Scaffold Checker,,,failed,False,2026-08-27T23:52:57.703687+09:00
Scaffold Checklist,720.0,32.0,success,False,2026-08-19T21:18:56.938365+09:00
Scaffold Circular,,,failed,False,2026-08-21T01:04:53.420072+09:00
Scaffold Code,880.0,1.0,success,False,2026-08-19T22:06:15.067471+09:00
Scaffold Companion,,,failed,False,2026-08-19T00:01:43.287513+09:00
Scaffold Comparison,,,failed,False,2026-08-28T01:04:25.098394+09:00
Scaffold Compass,,,failed,False,2026-08-19T00:04:18.277485+09:00
Scaffold Confirmation,,,failed,False,2026-08-21T01:05:09.510273+09:00
Scaffold Console,,,failed,False,2026-08-18T23:59:08.925896+09:00
Scaffold Core,,,failed,False,2026-08-18T23:57:28.259874+09:00
Scaffold Cost,2400.0,94.0,success,False,2026-08-21T02:13:43.743607+09:00
Scaffold Count,,,failed,False,2026-08-27T22:44:39.489901+09:00
Scaffold Counter,10.0,0.0,success,False,2026-08-19T00:03:12.143780+09:00
Scaffold Coupon,,,failed,False,2026-08-27T21:19:26.078520+09:00
Scaffold Deal,90.0,99.0,success,False,2026-08-21T01:57:30.255883+09:00
Scaffold Debt,,,failed,False,2026-08-21T02:30:27.978125+09:00
Scaffold Deck,720.0,100.0,success,False,2026-08-18T23:57:58.396596+09:00
Scaffold Depot,880.0,30.0,success,False,2026-08-19T00:03:01.180289+09:00
Scaffold Desk,140.0,100.0,success,False,2026-08-19T00:03:43.919454+09:00
Scaffold Detail,390.0,18.0,success,False,2026-08-23T03:17:44.508741+09:00
Scaffold Detector,,,failed,False,2026-08-27T23:53:07.557701+09:00
Scaffold Diagram,880.0,1.0,success,False,2026-08-27T22:15:06.045574+09:00
Scaffold Digest,,,failed,False,2026-08-19T20:43:19.095275+09:00
Scaffold Directory,,,failed,False,2026-08-19T00:02:36.291033+09:00
Scaffold Discount,,,failed,False,2026-08-23T16:16:06.207689+09:00
Scaffold Dossier,,,failed,False,2026-08-21T01:05:23.608566+09:00
Scaffold Downpayment,,,failed,False,2026-08-27T21:50:22.560575+09:00
Scaffold Draft,,,failed,False,2026-08-19T20:43:36.722310+09:00
Scaffold Duty,,,failed,False,2026-08-21T02:37:11.292116+09:00
Scaffold Engine,,,failed,False,2026-08-19T00:01:04.506360+09:00
Scaffold Entry,,,failed,False,2026-08-21T01:05:39.127217+09:00
Scaffold Estimate,90.0,23.0,success,False,2026-08-19T21:19:44.972350+09:00
Scaffold Estimator,110.0,19.0,success,False,2026-08-27T23:52:54.402675+09:00
Scaffold Excerpt,,,failed,False,2026-08-21T01:05:30.928954+09:00
Scaffold Fare,,,failed,False,2026-08-21T02:13:51.922112+09:00
Scaffold Fee,,,failed,False,2026-08-21T01:57:15.651579+09:00
Scaffold Feed,,,failed,False,2026-08-19T20:43:26.923996+09:00
Scaffold File,20.0,0.0,success,False,2026-08-19T20:42:46.732728+09:00
Scaffold Finder,,,failed,False,2026-08-19T00:02:51.849711+09:00
Scaffold Fine,,,failed,False,2026-08-23T02:53:34.328450+09:00
Scaffold Flag,,,failed,False,2026-08-21T00:30:29.735189+09:00
Scaffold Flow,,,failed,False,2026-08-19T00:03:29.017691+09:00
Scaffold Forge,,,failed,False,2026-08-19T00:04:30.591993+09:00
Scaffold Form,50.0,10.0,success,False,2026-08-19T13:40:47.127510+09:00
Scaffold Frame,6600.0,74.0,success,False,2026-08-18T23:57:07.963291+09:00
Scaffold Fund,,,failed,False,2026-08-21T02:30:30.378357+09:00
Scaffold Gate,480.0,100.0,success,False,2026-08-19T00:00:25.348270+09:00
Scaffold Giveaway,,,failed,False,2026-08-27T21:19:31.239406+09:00
Scaffold Grade,,,failed,False,2026-08-21T00:30:08.282339+09:00
Scaffold Grid,30.0,4.0,success,False,2026-08-19T00:05:13.902876+09:00
Scaffold Guarantee,,,failed,False,2026-08-28T01:04:31.429165+09:00
Scaffold Guardian,,,failed,False,2026-08-28T00:23:17.850587+09:00
Scaffold Helpdesk,,,failed,False,2026-08-27T22:44:43.447057+09:00
Scaffold Helper,390.0,2.0,success,False,2026-08-28T00:23:21.269207+09:00
Scaffold History,110.0,0.0,success,False,2026-08-19T20:42:39.884460+09:00
Scaffold Hotline,,,failed,False,2026-08-19T21:20:07.240027+09:00
Scaffold Hub,260.0,2.0,success,False,2026-08-19T00:03:34.698010+09:00
Scaffold Identifier,,,failed,False,2026-08-23T13:06:54.038616+09:00
Scaffold Incentive,,,failed,False,2026-08-27T21:19:28.438229+09:00
Scaffold Index,,,failed,False,2026-08-19T21:19:08.211207+09:00
Scaffold Installment,,,failed,False,2026-08-23T16:16:06.207689+09:00
Scaffold Item,,,failed,False,2026-08-21T01:57:18.648468+09:00
Scaffold Journal,40.0,0.0,success,False,2026-08-19T00:02:15.189621+09:00
Scaffold Keeper,,,failed,False,2026-08-19T00:00:51.306672+09:00
Scaffold Kit,390.0,100.0,success,False,2026-08-27T22:44:35.371350+09:00
Scaffold Lab,10.0,0.0,success,False,2026-08-18T23:58:17.460804+09:00
Scaffold Label,,,failed,False,2026-08-27T22:14:59.305692+09:00
Scaffold Layout,90.0,5.0,success,False,2026-08-27T22:29:33.709708+09:00
Scaffold Ledger,1600.0,8.0,success,False,2026-08-18T23:57:37.423450+09:00
Scaffold Level,720.0,100.0,success,False,2026-08-19T20:42:59.296448+09:00
Scaffold Link,,,failed,False,2026-08-23T03:17:34.613762+09:00
Scaffold List,40.0,18.0,success,False,2026-08-19T22:06:28.711407+09:00
Scaffold Loan,,,failed,False,2026-08-21T02:13:59.319117+09:00
Scaffold Locator,,,failed,False,2026-08-19T00:02:45.246378+09:00
Scaffold Log,10.0,0.0,success,False,2026-08-19T13:40:23.135378+09:00
Scaffold Loop,10.0,9.0,success,False,2026-08-19T00:05:07.956398+09:00
Scaffold Manager,70.0,2.0,success,False,2026-08-19T00:00:56.933054+09:00
Scaffold Manual,70.0,19.0,success,False,2026-08-27T22:15:03.740456+09:00
Scaffold Map,30.0,3.0,success,False,2026-08-19T00:05:33.402476+09:00
Scaffold Margin,,,failed,False,2026-08-23T02:53:30.954147+09:00
Scaffold Marker,,,failed,False,2026-08-23T13:27:46.545552+09:00
Scaffold Markup,,,failed,False,2026-08-23T16:39:58.056757+09:00
Scaffold Memo,,,failed,False,2026-08-21T00:30:14.861916+09:00
Scaffold Message,10.0,0.0,success,False,2026-08-27T23:10:31.050648+09:00
Scaffold Monitor,,,failed,False,2026-08-19T00:01:37.572111+09:00
Scaffold Nexus,,,failed,False,2026-08-19T00:00:31.381271+09:00
Scaffold Note,,,failed,False,2026-08-19T13:42:03.157163+09:00
Scaffold Notification,,,failed,False,2026-08-27T22:44:33.124302+09:00
Scaffold Number,,,failed,False,2026-08-23T03:17:28.989211+09:00
Scaffold Office,,,failed,False,2026-08-19T00:03:06.405993+09:00
Scaffold Ops,,,failed,False,2026-08-19T00:02:00.292816+09:00
Scaffold Order,,,failed,False,2026-08-19T22:05:46.180547+09:00
Scaffold Overage,,,failed,False,2026-08-27T21:50:20.259806+09:00
Scaffold Overdue,,,failed,False,2026-08-27T21:50:15.580858+09:00
Scaffold Panel,,,failed,False,2026-08-18T23:59:17.064429+09:00
Scaffold Pass,,,failed,False,2026-08-21T00:29:24.926650+09:00
Scaffold Path,,,failed,False,2026-08-19T00:05:23.888896+09:00
Scaffold Payoff,,,failed,False,2026-08-27T21:50:17.905826+09:00
Scaffold Penalty,,,failed,False,2026-08-23T16:39:58.056757+09:00
Scaffold Petition,,,failed,False,2026-08-21T01:05:06.601547+09:00
Scaffold Plan,590.0,10.0,success,False,2026-08-21T01:57:22.977623+09:00
Scaffold Planner,590.0,10.0,success,False,2026-08-19T00:01:21.334255+09:00
Scaffold Playbook,,,failed,False,2026-08-19T00:02:06.599822+09:00
Scaffold Point,,,failed,False,2026-08-19T00:05:29.382308+09:00
Scaffold Portal,,,failed,False,2026-08-18T23:58:59.776089+09:00
Scaffold Preview,,,failed,False,2026-08-28T01:04:25.098394+09:00
Scaffold Profile,,,failed,False,2026-08-19T13:42:25.449993+09:00
Scaffold Profit,,,failed,False,2026-08-23T02:53:22.590239+09:00
Scaffold Proposal,,,failed,False,2026-08-28T01:04:28.102899+09:00
Scaffold Queue,,,failed,False,2026-08-19T21:19:32.635751+09:00
Scaffold Quota,,,failed,False,2026-08-21T00:30:22.823388+09:00
Scaffold Radar,,,failed,False,2026-08-19T00:03:50.601023+09:00
Scaffold Rail,590.0,100.0,success,False,2026-08-18T23:59:47.446594+09:00
Scaffold Rate,,,failed,False,2026-08-19T20:43:04.288794+09:00
Scaffold Recap,,,failed,False,2026-08-21T01:05:26.897512+09:00
Scaffold Receipt,,,failed,False,2026-08-19T22:06:07.056181+09:00
Scaffold Recorder,,,failed,False,2026-08-27T23:33:05.663722+09:00
Scaffold Register,140.0,17.0,success,False,2026-08-19T00:01:53.326080+09:00
Scaffold Registry,,,failed,False,2026-08-19T00:02:24.547164+09:00
Scaffold Relay,,,failed,False,2026-08-19T00:04:01.106556+09:00
Scaffold Reminder,,,failed,False,2026-08-19T21:18:42.622010+09:00
Scaffold Report,70.0,1.0,success,False,2026-08-19T13:40:14.970348+09:00
Scaffold Ring,110.0,86.0,success,False,2026-08-19T00:00:16.279363+09:00
Scaffold Roster,,,failed,False,2026-08-19T00:38:15.765840+09:00
Scaffold Route,,,failed,False,2026-08-18T23:59:36.900086+09:00
Scaffold Rule,,,failed,False,2026-08-23T03:17:39.480043+09:00
Scaffold Sale,720.0,100.0,success,False,2026-08-21T02:30:41.751111+09:00
Scaffold Sample,10.0,0.0,success,False,2026-08-19T22:07:10.998735+09:00
Scaffold Scale,,,failed,False,2026-08-18T23:59:27.223478+09:00
Scaffold Scanner,,,failed,False,2026-08-27T23:53:00.851680+09:00
Scaffold Scheduler,,,failed,False,2026-08-19T00:01:30.427864+09:00
Scaffold Scope,,,failed,False,2026-08-19T00:05:01.988375+09:00
Scaffold Score,,,failed,False,2026-08-19T13:41:50.563536+09:00
Scaffold Sheet,390.0,100.0,success,False,2026-08-19T13:41:17.239436+09:00
Scaffold Shortfall,,,failed,False,2026-08-27T21:50:26.760837+09:00
Scaffold Signal,,,failed,False,2026-08-19T00:04:47.180412+09:00
Scaffold Slip,,,failed,False,2026-08-19T22:06:59.596356+09:00
Scaffold Slot,,,failed,False,2026-08-19T22:07:23.452103+09:00
Scaffold Stake,,,failed,False,2026-08-23T02:53:27.977389+09:00
Scaffold Stamp,,,failed,False,2026-08-23T13:27:46.545552+09:00
Scaffold Statement,,,failed,False,2026-08-21T00:29:53.018137+09:00
Scaffold Station,,,failed,False,2026-08-18T23:58:25.855676+09:00
Scaffold Status,,,failed,False,2026-08-19T20:42:27.783446+09:00
Scaffold Stub,,,failed,False,2026-08-21T00:29:47.975164+09:00
Scaffold Studio,90.0,3.0,success,False,2026-08-18T23:58:07.902911+09:00
Scaffold Subsidy,,,failed,False,2026-08-23T15:52:24.692181+09:00
Scaffold Sum,,,failed,False,2026-08-21T02:30:24.474717+09:00
Scaffold Summary,,,failed,False,2026-08-19T21:18:19.882315+09:00
Scaffold Tab,,,failed,False,2026-08-21T00:30:34.487987+09:00
Scaffold Table,720.0,100.0,success,False,2026-08-19T22:06:38.426353+09:00
Scaffold Tag,8100.0,100.0,success,False,2026-08-19T13:42:14.783829+09:00
Scaffold Tally,,,failed,False,2026-08-21T00:30:01.129618+09:00
Scaffold Tariff,,,failed,False,2026-08-21T02:37:27.000959+09:00
Scaffold Tax,,,failed,False,2026-08-21T02:13:55.363048+09:00
Scaffold Terminal,,,failed,False,2026-08-18T23:58:35.248777+09:00
Scaffold Ticket,1000.0,35.0,success,False,2026-08-19T21:19:21.338240+09:00
Scaffold Timeline,,,failed,False,2026-08-19T21:18:30.637363+09:00
Scaffold Timer,,,failed,False,2026-08-28T00:23:11.653599+09:00
Scaffold Toll,,,failed,False,2026-08-21T02:37:19.204094+09:00
Scaffold Toolbox,,,failed,False,2026-08-28T00:23:17.850587+09:00
Scaffold Tracker,10.0,32.0,success,False,2026-08-19T00:03:23.645450+09:00
Scaffold Trail,,,failed,False,2026-08-18T23:59:57.747609+09:00
Scaffold Trial,,,failed,False,2026-08-27T21:19:28.438229+09:00
Scaffold Unit,140.0,100.0,success,False,2026-08-21T01:57:25.896991+09:00
Scaffold Update,10.0,0.0,success,False,2026-08-19T20:43:13.193243+09:00
Scaffold Value,,,failed,False,2026-08-23T02:53:25.456581+09:00
Scaffold Vault,,,failed,False,2026-08-19T00:04:07.444762+09:00
Scaffold Version,,,failed,False,2026-08-23T03:17:31.358374+09:00
Scaffold View,50.0,1.0,success,False,2026-08-19T20:42:32.517249+09:00
Scaffold Voucher,,,failed,False,2026-08-21T00:29:32.816021+09:00
Scaffold Watch,,,failed,False,2026-08-19T00:04:56.559247+09:00
Scaffold Wave,,,failed,False,2026-08-19T00:05:18.968119+09:00
Scaffold Widget,90.0,0.0,success,False,2026-08-27T23:10:34.837044+09:00
Scaffold Worksheet,,,failed,False,2026-08-27T22:15:06.045574+09:00
Scaffold Workshop,,,failed,False,2026-08-28T00:23:14.492376+09:00
Scaffold Zone,,,failed,False,2026-08-18T23:58:54.171473+09:00
Schedule Advisory,20.0,0.0,success,False,2026-08-21T00:58:59.914106+09:00
Schedule Allowance,10.0,0.0,success,False,2026-08-21T02:38:13.377279+09:00
Schedule Almanac,,,failed,False,2026-08-18T22:06:47.457116+09:00
Schedule Analyzer,170.0,33.0,success,False,2026-08-27T23:50:42.966915+09:00
Schedule Anchor,,,failed,False,2026-08-17T20:37:55.339961+09:00
Schedule Assistant,2900.0,30.0,success,False,2026-08-17T23:10:38.410164+09:00
Schedule Atlas,,,failed,False,2026-08-17T21:37:49.733247+09:00
Schedule Badge,,,failed,False,2026-08-21T00:24:51.764822+09:00
Schedule Base,2400.0,2.0,success,False,2026-08-17T21:34:05.861065+09:00
Schedule Beacon,,,failed,False,2026-08-17T20:41:13.511022+09:00
Schedule Bill,210.0,12.0,success,False,2026-08-19T21:50:06.175762+09:00
Schedule Blueprint,140.0,2.0,success,False,2026-08-18T22:06:39.446315+09:00
Schedule Board,1600.0,100.0,success,False,2026-08-17T21:30:45.538595+09:00
Schedule Book,2400.0,91.0,success,False,2026-08-19T21:51:05.479286+09:00
Schedule Bridge,2400.0,0.0,success,True,2026-08-17T20:38:41.975413+09:00
Schedule Brief,,,failed,False,2026-08-21T00:58:52.318728+09:00
Schedule Bulletin,,,failed,False,2026-08-21T00:58:47.378244+09:00
Schedule Calculator,3600.0,2.0,success,False,2026-08-27T23:34:22.055868+09:00
Schedule Calendar,8100.0,65.0,success,False,2026-08-18T23:59:14.499030+09:00
Schedule Card,720.0,58.0,success,False,2026-08-19T13:32:04.589089+09:00
Schedule Cascade,,,failed,False,2026-08-17T20:39:36.069990+09:00
Schedule Cash,70.0,0.0,success,False,2026-08-21T02:21:27.143708+09:00
Schedule Cashback,,,failed,False,2026-08-27T21:14:49.306471+09:00
Schedule Catalog,,,failed,False,2026-08-19T21:06:00.178861+09:00
Schedule Center,50.0,3.0,success,False,2026-08-17T20:43:22.316757+09:00
Schedule Chain,,,failed,False,2026-08-17T20:32:30.733040+09:00
Schedule Charge,170.0,0.0,success,False,2026-08-21T02:38:00.530165+09:00
Schedule Check,210.0,15.0,success,False,2026-08-19T13:32:23.096151+09:00
Schedule Checker,210.0,15.0,success,False,2026-08-27T23:55:21.576264+09:00
Schedule Checklist,140.0,58.0,success,False,2026-08-19T21:04:56.454622+09:00
Schedule Circular,,,failed,False,2026-08-21T01:00:06.148655+09:00
Schedule Cockpit,,,failed,False,2026-08-17T22:50:36.545244+09:00
Schedule Code,1300.0,1.0,success,False,2026-08-19T21:50:30.697464+09:00
Schedule Codex,10.0,1.0,success,False,2026-08-18T22:07:05.348378+09:00
Schedule Companion,,,failed,False,2026-08-17T23:08:40.393362+09:00
Schedule Comparison,50.0,11.0,success,False,2026-08-28T01:02:10.416954+09:00
Schedule Compass,,,failed,False,2026-08-17T20:42:02.791525+09:00
Schedule Compendium,,,failed,False,2026-08-18T22:06:56.515623+09:00
Schedule Confirmation,70.0,2.0,success,False,2026-08-21T00:59:10.591896+09:00
Schedule Console,110.0,0.0,success,False,2026-08-17T20:40:51.053535+09:00
Schedule Converter,20.0,0.0,success,False,2026-08-27T23:34:22.055868+09:00
Schedule Core,,,failed,False,2026-08-17T21:33:05.832312+09:00
Schedule Cost,90.0,2.0,success,False,2026-08-21T02:09:08.901398+09:00
Schedule Counter,40.0,7.0,success,False,2026-08-19T00:00:12.518097+09:00
Schedule Coupon,,,failed,False,2026-08-27T21:14:45.418872+09:00
Schedule Dashboard,320.0,22.0,success,False,2026-08-17T23:13:53.612284+09:00
Schedule Deal,10.0,0.0,success,False,2026-08-21T01:52:20.481419+09:00
Schedule Debt,1300.0,2.0,success,False,2026-08-21T02:21:16.859864+09:00
Schedule Deck,,,failed,False,2026-08-17T20:48:29.594833+09:00
Schedule Depot,,,failed,False,2026-08-18T23:59:51.056306+09:00
Schedule Desk,,,failed,False,2026-08-17T20:45:35.834234+09:00
Schedule Detail,210.0,0.0,success,False,2026-08-23T03:18:00.174345+09:00
Schedule Detector,,,failed,False,2026-08-27T23:50:40.068524+09:00
Schedule Diagram,320.0,7.0,success,False,2026-08-27T22:09:16.229025+09:00
Schedule Dial,,,failed,False,2026-08-17T20:39:12.627798+09:00
Schedule Digest,170.0,0.0,success,False,2026-08-19T20:37:22.627194+09:00
Schedule Directory,,,failed,False,2026-08-18T23:59:24.120788+09:00
Schedule Dock,10.0,0.0,success,False,2026-08-17T20:35:25.429619+09:00
Schedule Dossier,,,failed,False,2026-08-21T00:59:15.258286+09:00
Schedule Draft,1300.0,0.0,success,True,2026-08-19T20:37:40.051699+09:00
Schedule Duty,70.0,1.0,success,False,2026-08-21T02:38:06.910707+09:00
Schedule Engine,480.0,10.0,success,False,2026-08-17T23:07:41.199314+09:00
Schedule Entry,30.0,8.0,success,False,2026-08-21T00:59:34.151010+09:00
Schedule Estimate,30.0,2.0,success,False,2026-08-19T21:05:47.568804+09:00
Schedule Estimator,,,failed,False,2026-08-27T23:55:17.807220+09:00
Schedule Excerpt,,,failed,False,2026-08-21T01:01:51.697457+09:00
Schedule Extension,40.0,11.0,success,False,2026-08-23T16:37:45.266937+09:00
Schedule Fare,,,failed,False,2026-08-21T02:09:12.482274+09:00
Schedule Fee,6600.0,0.0,success,True,2026-08-21T01:51:56.272630+09:00
Schedule Feed,,,failed,False,2026-08-19T20:37:31.186118+09:00
Schedule File,70.0,1.0,success,False,2026-08-19T20:39:30.002249+09:00
Schedule Finder,210.0,17.0,success,False,2026-08-18T23:59:44.805528+09:00
Schedule Fine,,,failed,False,2026-08-23T02:53:54.584586+09:00
Schedule Flag,,,failed,False,2026-08-21T00:25:40.973918+09:00
Schedule Flow,320.0,3.0,success,False,2026-08-17T21:30:13.279777+09:00
Schedule Forge,,,failed,False,2026-08-17T20:40:29.235539+09:00
Schedule Form,1600.0,34.0,success,False,2026-08-19T13:31:59.823844+09:00
Schedule Frame,90.0,19.0,success,False,2026-08-17T21:35:08.893531+09:00
Schedule Fund,,,failed,False,2026-08-21T02:21:23.135425+09:00
Schedule Gate,,,failed,False,2026-08-17T21:41:19.053416+09:00
Schedule Generator,1900.0,42.0,success,False,2026-08-27T23:34:29.939711+09:00
Schedule Giveaway,,,failed,False,2026-08-27T21:14:58.792070+09:00
Schedule Grade,,,failed,False,2026-08-21T00:25:18.497443+09:00
Schedule Graph,170.0,19.0,success,False,2026-08-27T22:09:05.119901+09:00
Schedule Grid,720.0,5.0,success,False,2026-08-17T20:33:05.160713+09:00
Schedule Guarantee,,,failed,False,2026-08-28T01:02:16.682385+09:00
Schedule Guard,,,failed,False,2026-08-17T21:33:32.175377+09:00
Schedule Guardian,,,failed,False,2026-08-28T00:21:06.843571+09:00
Schedule Guidebook,,,failed,False,2026-08-18T22:06:20.125556+09:00
Schedule Helpdesk,,,failed,False,2026-08-27T22:47:34.273654+09:00
Schedule Helper,590.0,19.0,success,False,2026-08-28T00:21:09.151755+09:00
Schedule History,590.0,0.0,success,False,2026-08-19T20:39:24.748166+09:00
Schedule Hotline,,,failed,False,2026-08-19T21:06:11.173737+09:00
Schedule Hub,210.0,6.0,success,False,2026-08-17T20:47:53.457764+09:00
Schedule Identifier,,,failed,False,2026-08-23T13:04:45.223955+09:00
Schedule Incentive,,,failed,False,2026-08-27T21:14:56.322045+09:00
Schedule Index,70.0,0.0,success,False,2026-08-19T21:05:07.680797+09:00
Schedule Insight,,,failed,False,2026-08-17T23:03:48.755656+09:00
Schedule Item,140.0,1.0,success,False,2026-08-21T01:52:06.168283+09:00
Schedule Journal,880.0,25.0,success,False,2026-08-18T22:06:01.196080+09:00
Schedule Keeper,50.0,76.0,success,False,2026-08-17T21:35:41.309233+09:00
Schedule Lab,140.0,8.0,success,False,2026-08-17T20:46:01.536512+09:00
Schedule Label,30.0,40.0,success,False,2026-08-27T22:09:07.960139+09:00
Schedule Layout,480.0,28.0,success,False,2026-08-27T22:28:46.749186+09:00
Schedule Ledger,,,failed,False,2026-08-17T21:31:54.606698+09:00
Schedule Lens,,,failed,False,2026-08-17T21:36:17.240271+09:00
Schedule Level,480.0,3.0,success,False,2026-08-19T20:39:37.927726+09:00
Schedule Link,590.0,29.0,success,False,2026-08-23T03:17:50.653872+09:00
Schedule List,1000.0,4.0,success,False,2026-08-19T21:50:41.490993+09:00
Schedule Loan,1300.0,3.0,success,False,2026-08-21T02:09:26.864571+09:00
Schedule Locator,,,failed,False,2026-08-18T23:59:34.906916+09:00
Schedule Lock,140.0,13.0,success,False,2026-08-17T21:38:24.477715+09:00
Schedule Log,90.0,8.0,success,False,2026-08-19T13:31:47.223941+09:00
Schedule Loop,,,failed,False,2026-08-17T20:34:07.278551+09:00
Schedule Manager,1000.0,20.0,success,False,2026-08-17T21:34:37.066296+09:00
Schedule Manual,10.0,2.0,success,False,2026-08-27T22:09:13.645963+09:00
Schedule Map,720.0,3.0,success,False,2026-08-17T21:37:17.917122+09:00
Schedule Margin,40.0,0.0,success,False,2026-08-23T02:53:52.134740+09:00
Schedule Marker,49500.0,14.0,success,False,2026-08-23T13:26:30.213560+09:00
Schedule Memo,70.0,1.0,success,False,2026-08-21T00:25:24.031302+09:00
Schedule Message,9900.0,10.0,success,False,2026-08-27T23:12:44.367905+09:00
Schedule Meter,10.0,1.0,success,False,2026-08-17T20:38:14.865229+09:00
Schedule Metrics,90.0,2.0,success,False,2026-08-17T23:06:54.696813+09:00
Schedule Monitor,260.0,18.0,success,False,2026-08-17T23:12:14.829118+09:00
Schedule Navigator,,,failed,False,2026-08-17T23:05:32.537259+09:00
Schedule Nexus,40.0,0.0,success,False,2026-08-17T21:39:15.761980+09:00
Schedule Node,30.0,1.0,success,False,2026-08-18T07:52:23.466246+09:00
Schedule Note,260.0,54.0,success,False,2026-08-19T13:32:42.417252+09:00
Schedule Notification,110.0,1.0,success,False,2026-08-27T22:47:28.680273+09:00
Schedule Number,390.0,0.0,success,False,2026-08-23T03:17:44.508741+09:00
Schedule Office,590.0,9.0,success,False,2026-08-19T00:00:01.654497+09:00
Schedule Ops,,,failed,False,2026-08-17T23:03:51.188489+09:00
Schedule Order,880.0,0.0,success,False,2026-08-19T21:49:55.952193+09:00
Schedule Organizer,880.0,72.0,success,False,2026-08-17T22:49:19.411310+09:00
Schedule Panel,140.0,49.0,success,False,2026-08-17T20:40:05.754832+09:00
Schedule Pass,20.0,0.0,success,False,2026-08-21T00:30:27.321926+09:00
Schedule Path,40500.0,0.0,success,True,2026-08-17T21:41:49.444267+09:00
Schedule Penalty,,,failed,False,2026-08-23T16:37:40.797403+09:00
Schedule Petition,,,failed,False,2026-08-21T00:59:06.391670+09:00
Schedule Pilot,1000.0,3.0,success,False,2026-08-17T20:46:29.220439+09:00
Schedule Plan,12100.0,46.0,success,False,2026-08-21T01:52:12.646112+09:00
Schedule Planner,12100.0,46.0,success,False,2026-08-17T23:07:26.971457+09:00
Schedule Playbook,,,failed,False,2026-08-18T22:05:53.928204+09:00
Schedule Point,1600.0,4.0,success,False,2026-08-17T21:40:37.066671+09:00
Schedule Portal,390.0,2.0,success,False,2026-08-17T20:41:41.231730+09:00
Schedule Preview,50.0,2.0,success,False,2026-08-28T01:02:10.416954+09:00
Schedule Profile,10.0,0.0,success,False,2026-08-19T13:32:55.447680+09:00
Schedule Profit,10.0,0.0,success,False,2026-08-23T02:53:42.896171+09:00
Schedule Proposal,110.0,8.0,success,False,2026-08-28T01:02:13.095205+09:00
Schedule Pulse,,,failed,False,2026-08-17T20:31:55.017364+09:00
Schedule Queue,140.0,0.0,success,False,2026-08-19T21:05:32.048024+09:00
Schedule Quota,10.0,0.0,success,False,2026-08-21T00:25:32.620138+09:00
Schedule Radar,480.0,0.0,success,False,2026-08-17T20:44:36.649130+09:00
Schedule Rail,,,failed,False,2026-08-17T20:34:31.529799+09:00
Schedule Rate,2400.0,1.0,success,False,2026-08-19T20:39:47.752844+09:00
Schedule Recap,,,failed,False,2026-08-21T00:59:28.178022+09:00
Schedule Receipt,90.0,3.0,success,False,2026-08-19T21:50:19.457736+09:00
Schedule Register,140.0,1.0,success,False,2026-08-17T23:05:11.266926+09:00
Schedule Registry,390.0,0.0,success,False,2026-08-18T22:06:29.857370+09:00
Schedule Relay,,,failed,False,2026-08-17T20:43:48.259554+09:00
Schedule Reminder,480.0,10.0,success,False,2026-08-19T21:04:42.466598+09:00
Schedule Report,590.0,2.0,success,False,2026-08-19T13:31:41.202916+09:00
Schedule Repository,,,failed,False,2026-08-27T23:12:54.177935+09:00
Schedule Roadmap,50.0,13.0,success,False,2026-08-18T22:07:14.456265+09:00
Schedule Roster,210.0,7.0,success,False,2026-08-19T00:37:39.570439+09:00
Schedule Route,1600.0,3.0,success,False,2026-08-17T20:36:21.712002+09:00
Schedule Rule,170.0,0.0,success,False,2026-08-23T03:17:56.844473+09:00
Schedule Sale,320.0,4.0,success,False,2026-08-21T02:21:30.317993+09:00
Schedule Sample,390.0,13.0,success,False,2026-08-19T21:51:23.149370+09:00
Schedule Scale,10.0,0.0,success,False,2026-08-17T20:37:21.758511+09:00
Schedule Scanner,,,failed,False,2026-08-27T23:55:24.915525+09:00
Schedule Scheduler,50.0,8.0,success,False,2026-08-17T23:05:03.232524+09:00
Schedule Scope,10.0,0.0,success,False,2026-08-17T20:34:55.202462+09:00
Schedule Score,210.0,0.0,success,False,2026-08-19T13:32:31.593655+09:00
Schedule Sentry,,,failed,False,2026-08-17T21:36:40.900045+09:00
Schedule Serial,480.0,0.0,success,False,2026-08-23T13:26:22.288872+09:00
Schedule Sheet,880.0,66.0,success,False,2026-08-19T13:32:13.743565+09:00
Schedule Signal,,,failed,False,2026-08-17T20:36:55.192509+09:00
Schedule Signature,,,failed,False,2026-08-23T13:26:27.447056+09:00
Schedule Slip,90.0,0.0,success,False,2026-08-19T21:51:13.518825+09:00
Schedule Slot,210.0,2.0,success,False,2026-08-19T21:51:34.255432+09:00
Schedule Snapshot,20.0,0.0,success,False,2026-08-18T22:06:12.435541+09:00
Schedule Stake,,,failed,False,2026-08-23T02:53:47.851129+09:00
Schedule Statement,,,failed,False,2026-08-21T00:25:04.867976+09:00
Schedule Station,30.0,0.0,success,False,2026-08-17T20:45:14.001779+09:00
Schedule Status,210.0,0.0,success,False,2026-08-19T20:39:03.354865+09:00
Schedule Streak,,,failed,False,2026-08-28T00:45:49.582364+09:00
Schedule Stub,,,failed,False,2026-08-21T00:24:57.111152+09:00
Schedule Studio,170.0,4.0,success,False,2026-08-17T20:47:13.736905+09:00
Schedule Suite,,,failed,False,2026-08-17T22:49:19.411310+09:00
Schedule Sum,50.0,0.0,success,False,2026-08-21T02:21:14.623269+09:00
Schedule Summary,590.0,2.0,success,False,2026-08-19T21:04:15.563221+09:00
Schedule Sync,90.0,6.0,success,False,2026-08-17T21:31:19.415531+09:00
Schedule Tab,480.0,51.0,success,False,2026-08-21T00:25:45.592013+09:00
Schedule Table,2400.0,18.0,success,False,2026-08-19T21:50:52.634082+09:00
Schedule Tag,20.0,0.0,success,False,2026-08-19T13:32:47.690424+09:00
Schedule Tally,,,failed,False,2026-08-21T00:25:10.675439+09:00
Schedule Tariff,,,failed,False,2026-08-21T02:38:16.396053+09:00
Schedule Tax,1900.0,2.0,success,False,2026-08-21T02:09:21.519694+09:00
Schedule Terminal,,,failed,False,2026-08-17T20:44:14.789024+09:00
Schedule Ticket,320.0,4.0,success,False,2026-08-19T21:05:22.464454+09:00
Schedule Timeline,320.0,9.0,success,False,2026-08-19T21:04:29.917389+09:00
Schedule Timer,3600.0,2.0,success,False,2026-08-28T00:21:02.971988+09:00
Schedule Token,,,failed,False,2026-08-23T13:26:25.215433+09:00
Schedule Toll,,,failed,False,2026-08-21T02:38:09.773029+09:00
Schedule Toolbox,,,failed,False,2026-08-28T00:21:06.843571+09:00
Schedule Toolkit,10.0,22.0,success,False,2026-08-18T22:05:45.987777+09:00
Schedule Total,30.0,0.0,success,False,2026-08-27T23:12:44.367905+09:00
Schedule Tracker,720.0,54.0,success,False,2026-08-17T21:32:31.405261+09:00
Schedule Trail,,,failed,False,2026-08-17T20:33:36.115262+09:00
Schedule Trend,,,failed,False,2026-08-28T01:02:07.599938+09:00
Schedule Trial,30.0,0.0,success,False,2026-08-27T21:14:54.146372+09:00
Schedule Unit,,,failed,False,2026-08-21T01:52:08.240457+09:00
Schedule Update,1000.0,0.0,success,True,2026-08-19T20:39:55.789733+09:00
Schedule Value,2400.0,8.0,success,False,2026-08-23T02:53:45.297778+09:00
Schedule Vault,,,failed,False,2026-08-17T20:42:51.727520+09:00
Schedule Version,30.0,0.0,success,False,2026-08-23T03:17:46.671515+09:00
Schedule View,3600.0,4.0,success,False,2026-08-19T20:39:14.214038+09:00
Schedule Voucher,,,failed,False,2026-08-21T00:24:43.469777+09:00
Schedule Watch,390.0,3.0,success,False,2026-08-17T20:35:55.625501+09:00
Schedule Wave,,,failed,False,2026-08-18T07:43:33.708043+09:00
Schedule Widget,320.0,12.0,success,False,2026-08-27T23:12:46.818245+09:00
Schedule Workbench,,,failed,False,2026-08-18T22:05:35.647018+09:00
Schedule Worksheet,260.0,22.0,success,False,2026-08-27T22:09:16.229025+09:00
Schedule Workshop,6600.0,0.0,success,True,2026-08-28T00:21:02.971988+09:00
Schedule Zone,10.0,0.0,success,False,2026-08-17T20:42:22.378966+09:00
Scheduling Advisory,,,failed,False,2026-08-21T01:03:20.927802+09:00
Scheduling Allowance,,,failed,False,2026-08-21T02:38:35.767249+09:00
Scheduling Almanac,,,failed,False,2026-08-18T22:07:53.653114+09:00
Scheduling Analyzer,,,failed,False,2026-08-27T23:51:04.044510+09:00
Scheduling Anchor,,,failed,False,2026-08-17T20:40:21.350341+09:00
Scheduling Assistant,2900.0,30.0,success,False,2026-08-17T23:11:03.494377+09:00
Scheduling Atlas,,,failed,False,2026-08-18T07:43:30.092641+09:00
Scheduling Attribute,,,failed,False,2026-08-23T13:05:17.487653+09:00
Scheduling Badge,,,failed,False,2026-08-21T00:28:20.735517+09:00
Scheduling Base,,,failed,False,2026-08-17T21:36:59.022364+09:00
Scheduling Beacon,,,failed,False,2026-08-17T20:43:38.857738+09:00
Scheduling Bill,,,failed,False,2026-08-19T21:49:01.029648+09:00
Scheduling Blueprint,,,failed,False,2026-08-18T22:07:45.209206+09:00
Scheduling Board,1600.0,100.0,success,False,2026-08-17T21:33:53.413747+09:00
Scheduling Book,2400.0,91.0,success,False,2026-08-19T21:49:58.938963+09:00
Scheduling Bridge,,,failed,False,2026-08-17T20:41:07.425187+09:00
Scheduling Brief,,,failed,False,2026-08-21T01:03:12.514083+09:00
Scheduling Bulletin,,,failed,False,2026-08-21T01:03:06.374945+09:00
Scheduling Cabinet,,,failed,False,2026-08-27T23:11:31.507435+09:00
Scheduling Calendar,8100.0,65.0,success,False,2026-08-18T23:58:15.272323+09:00
Scheduling Card,,,failed,False,2026-08-19T13:23:03.025983+09:00
Scheduling Cascade,,,failed,False,2026-08-17T20:41:57.166662+09:00
Scheduling Cash,,,failed,False,2026-08-21T02:21:59.749711+09:00
Scheduling Cashback,,,failed,False,2026-08-27T21:12:46.088803+09:00
Scheduling Catalog,,,failed,False,2026-08-19T21:08:58.951614+09:00
Scheduling Category,170.0,0.0,success,False,2026-08-23T13:05:15.223495+09:00
Scheduling Center,50.0,3.0,success,False,2026-08-17T20:45:52.903104+09:00
Scheduling Chain,,,failed,False,2026-08-17T20:35:15.216607+09:00
Scheduling Charge,,,failed,False,2026-08-21T02:38:25.978724+09:00
Scheduling Check,,,failed,False,2026-08-19T13:23:22.980764+09:00
Scheduling Checker,,,failed,False,2026-08-27T23:50:54.897553+09:00
Scheduling Checklist,140.0,58.0,success,False,2026-08-19T21:08:03.467133+09:00
Scheduling Circular,,,failed,False,2026-08-21T01:03:16.580684+09:00
Scheduling Cockpit,,,failed,False,2026-08-17T23:04:48.646277+09:00
Scheduling Code,1300.0,1.0,success,False,2026-08-19T21:49:23.695269+09:00
Scheduling Codex,,,failed,False,2026-08-18T22:08:09.141836+09:00
Scheduling Companion,,,failed,False,2026-08-17T23:09:02.276027+09:00
Scheduling Comparison,,,failed,False,2026-08-28T01:02:23.926913+09:00
Scheduling Compass,,,failed,False,2026-08-17T20:44:25.446111+09:00
Scheduling Compendium,,,failed,False,2026-08-18T22:08:00.506560+09:00
Scheduling Confirmation,,,failed,False,2026-08-21T01:03:30.050919+09:00
Scheduling Console,10.0,14.0,success,False,2026-08-17T20:43:12.470155+09:00
Scheduling Core,,,failed,False,2026-08-17T21:36:00.741055+09:00
Scheduling Cost,90.0,2.0,success,False,2026-08-21T02:12:10.627447+09:00
Scheduling Counter,,,failed,False,2026-08-18T23:59:08.925896+09:00
Scheduling Coupon,,,failed,False,2026-08-26T22:29:25.643786+09:00
Scheduling Dashboard,320.0,22.0,success,False,2026-08-17T23:14:16.588426+09:00
Scheduling Deal,,,failed,False,2026-08-21T01:56:10.239205+09:00
Scheduling Debt,,,failed,False,2026-08-21T02:21:48.463008+09:00
Scheduling Deck,,,failed,False,2026-08-17T21:32:57.336519+09:00
Scheduling Depot,,,failed,False,2026-08-18T23:58:52.034754+09:00
Scheduling Desk,,,failed,False,2026-08-17T21:30:00.229933+09:00
Scheduling Detail,,,failed,False,2026-08-23T03:14:46.268297+09:00
Scheduling Detector,,,failed,False,2026-08-27T23:51:00.030552+09:00
Scheduling Dial,,,failed,False,2026-08-17T20:41:30.101842+09:00
Scheduling Digest,,,failed,False,2026-08-19T20:38:42.409315+09:00
Scheduling Directory,,,failed,False,2026-08-18T23:58:25.855676+09:00
Scheduling Dock,,,failed,False,2026-08-17T20:38:07.696860+09:00
Scheduling Dossier,,,failed,False,2026-08-21T01:03:36.375895+09:00
Scheduling Draft,,,failed,False,2026-08-19T20:39:03.354865+09:00
Scheduling Duty,,,failed,False,2026-08-21T02:38:28.246618+09:00
Scheduling Engine,480.0,10.0,success,False,2026-08-17T23:10:24.973922+09:00
Scheduling Entry,,,failed,False,2026-08-21T01:03:51.285961+09:00
Scheduling Estimate,,,failed,False,2026-08-19T21:08:46.825044+09:00
Scheduling Estimator,,,failed,False,2026-08-27T23:50:52.077690+09:00
Scheduling Excerpt,,,failed,False,2026-08-21T01:03:45.407835+09:00
Scheduling Extension,,,failed,False,2026-08-23T16:38:22.069097+09:00
Scheduling Fare,,,failed,False,2026-08-21T02:12:19.408855+09:00
Scheduling Fee,6600.0,0.0,success,True,2026-08-21T01:55:59.445411+09:00
Scheduling Feed,,,failed,False,2026-08-19T20:38:53.768635+09:00
Scheduling File,,,failed,False,2026-08-19T20:38:07.942341+09:00
Scheduling Finder,,,failed,False,2026-08-18T23:58:42.867449+09:00
Scheduling Fine,,,failed,False,2026-08-23T02:52:33.355566+09:00
Scheduling Flag,,,failed,False,2026-08-21T00:29:10.279905+09:00
Scheduling Flow,,,failed,False,2026-08-17T21:33:22.663564+09:00
Scheduling Forge,,,failed,False,2026-08-17T20:42:43.172174+09:00
Scheduling Form,1600.0,34.0,success,False,2026-08-19T13:22:52.997590+09:00
Scheduling Format,1600.0,34.0,success,False,2026-08-23T13:05:23.446570+09:00
Scheduling Frame,,,failed,False,2026-08-17T21:38:10.743063+09:00
Scheduling Fund,,,failed,False,2026-08-21T02:21:52.863298+09:00
Scheduling Gate,,,failed,False,2026-08-17T20:32:14.147491+09:00
Scheduling Generator,1900.0,42.0,success,False,2026-08-27T23:33:41.786723+09:00
Scheduling Giveaway,,,failed,False,2026-08-27T21:12:56.642443+09:00
Scheduling Grade,,,failed,False,2026-08-21T00:28:49.114338+09:00
Scheduling Graph,170.0,19.0,success,False,2026-08-27T22:06:51.467328+09:00
Scheduling Grid,720.0,5.0,success,False,2026-08-17T20:35:47.352548+09:00
Scheduling Guarantee,,,failed,False,2026-08-28T01:02:28.948807+09:00
Scheduling Guard,,,failed,False,2026-08-17T21:36:32.684484+09:00
Scheduling Guardian,,,failed,False,2026-08-28T00:21:19.709791+09:00
Scheduling Guidebook,,,failed,False,2026-08-18T22:07:28.261653+09:00
Scheduling Helpdesk,,,failed,False,2026-08-27T22:45:58.509654+09:00
Scheduling Helper,590.0,19.0,success,False,2026-08-28T00:21:24.701670+09:00
Scheduling History,590.0,0.0,success,False,2026-08-19T20:37:59.201045+09:00
Scheduling Hotline,,,failed,False,2026-08-19T21:09:10.178555+09:00
Scheduling Hub,210.0,6.0,success,False,2026-08-17T21:32:20.148818+09:00
Scheduling Identifier,,,failed,False,2026-08-23T13:05:15.223495+09:00
Scheduling Incentive,,,failed,False,2026-08-27T21:12:51.148194+09:00
Scheduling Index,70.0,0.0,success,False,2026-08-19T21:08:13.592372+09:00
Scheduling Insight,,,failed,False,2026-08-17T23:06:37.704524+09:00
Scheduling Item,,,failed,False,2026-08-21T01:56:01.200736+09:00
Scheduling Journal,880.0,25.0,success,False,2026-08-18T22:07:12.146632+09:00
Scheduling Keeper,,,failed,False,2026-08-17T21:39:02.253193+09:00
Scheduling Lab,,,failed,False,2026-08-17T21:30:37.005083+09:00
Scheduling Label,,,failed,False,2026-08-27T22:06:55.016444+09:00
Scheduling Ledger,,,failed,False,2026-08-17T21:34:57.125142+09:00
Scheduling Lens,,,failed,False,2026-08-17T21:39:40.995935+09:00
Scheduling Level,,,failed,False,2026-08-19T20:38:14.851338+09:00
Scheduling Link,590.0,29.0,success,False,2026-08-23T03:14:39.191196+09:00
Scheduling List,1000.0,4.0,success,False,2026-08-19T21:49:35.357194+09:00
Scheduling Loan,,,failed,False,2026-08-21T02:06:11.713342+09:00
Scheduling Locator,,,failed,False,2026-08-18T23:58:35.248777+09:00
Scheduling Lock,,,failed,False,2026-08-18T07:51:58.234946+09:00
Scheduling Log,,,failed,False,2026-08-19T13:22:01.413587+09:00
Scheduling Loop,,,failed,False,2026-08-17T20:36:43.272468+09:00
Scheduling Manager,1000.0,20.0,success,False,2026-08-17T21:37:39.097196+09:00
Scheduling Manual,1300.0,1.0,success,False,2026-08-27T22:06:58.606007+09:00
Scheduling Map,720.0,3.0,success,False,2026-08-17T21:41:39.306179+09:00
Scheduling Marker,,,failed,False,2026-08-23T13:27:00.453108+09:00
Scheduling Memo,,,failed,False,2026-08-21T00:28:56.685784+09:00
Scheduling Message,,,failed,False,2026-08-27T23:11:25.184143+09:00
Scheduling Meter,,,failed,False,2026-08-17T20:40:45.689604+09:00
Scheduling Metrics,90.0,2.0,success,False,2026-08-17T23:07:23.914294+09:00
Scheduling Monitor,,,failed,False,2026-08-17T23:12:34.850967+09:00
Scheduling Navigator,,,failed,False,2026-08-17T23:08:23.954708+09:00
Scheduling Nexus,,,failed,False,2026-08-18T07:43:28.535953+09:00
Scheduling Node,,,failed,False,2026-08-17T20:33:24.231963+09:00
Scheduling Note,,,failed,False,2026-08-19T13:24:07.507599+09:00
Scheduling Notification,110.0,1.0,success,False,2026-08-27T22:45:43.680386+09:00
Scheduling Number,390.0,0.0,success,False,2026-08-23T03:15:22.651664+09:00
Scheduling Office,110.0,2.0,success,False,2026-08-18T23:58:59.776089+09:00
Scheduling Ops,,,failed,False,2026-08-17T22:50:34.703098+09:00
Scheduling Order,880.0,0.0,success,False,2026-08-19T21:48:48.534569+09:00
Scheduling Organizer,880.0,72.0,success,False,2026-08-17T23:11:59.928630+09:00
Scheduling Overdue,,,failed,False,2026-08-27T21:45:56.763524+09:00
Scheduling Panel,140.0,49.0,success,False,2026-08-17T20:42:15.711128+09:00
Scheduling Pass,,,failed,False,2026-08-21T00:28:09.542795+09:00
Scheduling Path,,,failed,False,2026-08-17T20:32:49.512310+09:00
Scheduling Penalty,,,failed,False,2026-08-23T16:38:19.079152+09:00
Scheduling Petition,,,failed,False,2026-08-21T01:03:25.375031+09:00
Scheduling Pilot,,,failed,False,2026-08-17T21:31:08.679950+09:00
Scheduling Plan,12100.0,46.0,success,False,2026-08-21T01:56:06.760187+09:00
Scheduling Planner,390.0,94.0,success,False,2026-08-17T23:04:46.904606+09:00
Scheduling Playbook,,,failed,False,2026-08-18T22:07:03.148226+09:00
Scheduling Point,,,failed,False,2026-08-17T20:31:41.996994+09:00
Scheduling Portal,390.0,2.0,success,False,2026-08-17T20:44:06.631034+09:00
Scheduling Preview,,,failed,False,2026-08-28T01:02:23.926913+09:00
Scheduling Profile,,,failed,False,2026-08-19T13:24:25.669672+09:00
Scheduling Proposal,110.0,8.0,success,False,2026-08-28T01:02:28.948807+09:00
Scheduling Pulse,,,failed,False,2026-08-17T20:34:44.892914+09:00
Scheduling Queue,140.0,0.0,success,False,2026-08-19T21:08:35.799168+09:00
Scheduling Quota,,,failed,False,2026-08-21T00:29:05.314041+09:00
Scheduling Radar,,,failed,False,2026-08-17T20:47:35.936558+09:00
Scheduling Rail,,,failed,False,2026-08-17T20:37:14.189830+09:00
Scheduling Rate,,,failed,False,2026-08-19T20:38:24.406986+09:00
Scheduling Recap,,,failed,False,2026-08-21T01:03:40.572054+09:00
Scheduling Receipt,,,failed,False,2026-08-19T21:49:14.059786+09:00
Scheduling Register,,,failed,False,2026-08-17T23:06:43.544679+09:00
Scheduling Registry,,,failed,False,2026-08-18T22:07:36.107745+09:00
Scheduling Relay,,,failed,False,2026-08-17T20:46:22.420312+09:00
Scheduling Reminder,480.0,10.0,success,False,2026-08-19T21:07:53.338438+09:00
Scheduling Report,590.0,2.0,success,False,2026-08-19T13:21:49.505722+09:00
Scheduling Repository,,,failed,False,2026-08-27T23:11:34.108403+09:00
Scheduling Roadmap,,,failed,False,2026-08-18T22:08:15.553962+09:00
Scheduling Roster,1600.0,15.0,success,False,2026-08-19T00:36:46.213084+09:00
Scheduling Route,1600.0,3.0,success,False,2026-08-17T20:39:04.557611+09:00
Scheduling Rule,,,failed,False,2026-08-23T03:14:42.643964+09:00
Scheduling Sale,,,failed,False,2026-08-21T02:22:03.460496+09:00
Scheduling Sample,90.0,10.0,success,False,2026-08-19T21:50:21.596797+09:00
Scheduling Scale,10.0,0.0,success,False,2026-08-17T20:39:57.613991+09:00
Scheduling Scheduler,3600.0,1.0,success,False,2026-08-17T23:05:32.537259+09:00
Scheduling Scope,,,failed,False,2026-08-17T20:37:44.009684+09:00
Scheduling Score,,,failed,False,2026-08-19T13:23:40.624873+09:00
Scheduling Sentry,,,failed,False,2026-08-17T21:41:07.674308+09:00
Scheduling Sheet,880.0,66.0,success,False,2026-08-19T13:23:14.484254+09:00
Scheduling Signal,,,failed,False,2026-08-17T20:39:28.862436+09:00
Scheduling Slip,,,failed,False,2026-08-19T21:50:09.573666+09:00
Scheduling Slot,,,failed,False,2026-08-19T21:50:33.278837+09:00
Scheduling Snapshot,,,failed,False,2026-08-18T22:07:18.676319+09:00
Scheduling Stage,,,failed,False,2026-08-28T00:45:52.715901+09:00
Scheduling Stamp,,,failed,False,2026-08-23T13:27:02.624073+09:00
Scheduling Statement,,,failed,False,2026-08-21T00:28:35.603528+09:00
Scheduling Station,,,failed,False,2026-08-17T20:48:18.389398+09:00
Scheduling Status,210.0,0.0,success,False,2026-08-19T20:37:45.715949+09:00
Scheduling Stub,,,failed,False,2026-08-21T00:28:30.302130+09:00
Scheduling Studio,170.0,4.0,success,False,2026-08-17T21:31:44.399230+09:00
Scheduling Suite,10.0,33.0,success,False,2026-08-17T23:03:45.434649+09:00
Scheduling Sum,,,failed,False,2026-08-21T02:21:44.938268+09:00
Scheduling Summary,,,failed,False,2026-08-19T21:07:33.171957+09:00
Scheduling Sync,,,failed,False,2026-08-17T21:34:26.372304+09:00
Scheduling Tab,,,failed,False,2026-08-21T00:29:18.901587+09:00
Scheduling Table,2400.0,18.0,success,False,2026-08-19T21:49:45.321625+09:00
Scheduling Tag,,,failed,False,2026-08-19T13:24:14.979285+09:00
Scheduling Tally,,,failed,False,2026-08-21T00:28:42.115555+09:00
Scheduling Tariff,,,failed,False,2026-08-21T02:38:41.018051+09:00
Scheduling Tax,,,failed,False,2026-08-21T02:06:01.492109+09:00
Scheduling Ticket,320.0,4.0,success,False,2026-08-19T21:08:23.714003+09:00
Scheduling Timeline,320.0,9.0,success,False,2026-08-19T21:07:45.336017+09:00
Scheduling Timer,3600.0,2.0,success,False,2026-08-28T00:21:14.040617+09:00
Scheduling Token,,,failed,False,2026-08-23T13:26:57.143655+09:00
Scheduling Toll,,,failed,False,2026-08-21T02:38:33.089549+09:00
Scheduling Toolbox,,,failed,False,2026-08-28T00:21:22.221803+09:00
Scheduling Toolkit,,,failed,False,2026-08-18T22:06:54.214613+09:00
Scheduling Tracker,720.0,54.0,success,False,2026-08-17T21:35:30.145341+09:00
Scheduling Trail,,,failed,False,2026-08-17T20:36:13.174234+09:00
Scheduling Trend,,,failed,False,2026-08-28T01:02:19.302633+09:00
Scheduling Trial,,,failed,False,2026-08-27T21:12:46.088803+09:00
Scheduling Unit,10.0,0.0,success,False,2026-08-21T01:56:03.758206+09:00
Scheduling Update,20.0,0.0,success,False,2026-08-19T20:38:33.715363+09:00
Scheduling Value,,,failed,False,2026-08-23T02:52:28.484811+09:00
Scheduling Vault,,,failed,False,2026-08-17T20:45:30.439940+09:00
Scheduling Version,,,failed,False,2026-08-23T03:15:24.852114+09:00
Scheduling View,3600.0,4.0,success,False,2026-08-19T20:37:52.054454+09:00
Scheduling Voucher,,,failed,False,2026-08-21T00:28:13.699286+09:00
Scheduling Watch,10.0,21.0,success,False,2026-08-17T20:38:33.752321+09:00
Scheduling Wave,,,failed,False,2026-08-17T20:33:56.397010+09:00
Scheduling Widget,320.0,12.0,success,False,2026-08-27T23:11:31.507435+09:00
Scheduling Workbench,10.0,23.0,success,False,2026-08-18T22:06:45.698700+09:00
Scheduling Worksheet,260.0,22.0,success,False,2026-08-27T22:06:58.606007+09:00
Scheduling Workshop,6600.0,0.0,success,True,2026-08-28T00:21:17.081309+09:00
Scheduling Zone,,,failed,False,2026-08-17T20:44:58.380838+09:00
Scholarship Advance,,,failed,False,2026-08-23T16:14:44.482791+09:00
Scholarship Advisory,,,failed,False,2026-08-21T01:05:55.165491+09:00
Scholarship Allowance,90.0,4.0,success,False,2026-08-21T02:36:47.930212+09:00
Scholarship Almanac,,,failed,False,2026-08-18T22:04:38.583463+09:00
Scholarship Analyzer,,,failed,False,2026-08-27T23:59:02.052548+09:00
Scholarship Anchor,,,failed,False,2026-08-17T20:32:23.142780+09:00
Scholarship Announcement,260.0,2.0,success,False,2026-08-27T23:36:33.321869+09:00
Scholarship Asset,,,failed,False,2026-08-23T13:46:55.595088+09:00
Scholarship Assistant,260.0,17.0,success,False,2026-08-17T23:29:41.239949+09:00
Scholarship Atlas,,,failed,False,2026-08-17T21:31:52.108049+09:00
Scholarship Badge,4400.0,1.0,success,False,2026-08-21T00:31:14.600161+09:00
Scholarship Balance,10.0,0.0,success,False,2026-08-23T13:46:52.749544+09:00
Scholarship Base,50.0,10.0,success,False,2026-08-17T20:46:27.690682+09:00
Scholarship Beacon,,,failed,False,2026-08-17T20:36:18.497930+09:00
Scholarship Bill,30.0,4.0,success,False,2026-08-19T21:49:11.434209+09:00
Scholarship Blueprint,,,failed,False,2026-08-18T22:04:27.693577+09:00
Scholarship Board,390.0,15.0,success,False,2026-08-17T20:43:46.830313+09:00
Scholarship Book,1900.0,46.0,success,False,2026-08-19T21:50:09.573666+09:00
Scholarship Bridge,480.0,5.0,success,False,2026-08-17T20:33:33.696511+09:00
Scholarship Brief,,,failed,False,2026-08-21T01:05:43.113119+09:00
Scholarship Bulletin,70.0,0.0,success,False,2026-08-21T01:05:39.127217+09:00
Scholarship Calculator,390.0,12.0,success,False,2026-08-27T23:36:33.321869+09:00
Scholarship Calendar,90.0,4.0,success,False,2026-08-19T00:01:57.884072+09:00
Scholarship Card,720.0,0.0,success,False,2026-08-19T13:28:43.746659+09:00
Scholarship Cascade,,,failed,False,2026-08-17T20:34:25.476328+09:00
Scholarship Cash,320.0,41.0,success,False,2026-08-21T02:30:24.474717+09:00
Scholarship Cashback,,,failed,False,2026-08-27T21:17:26.157906+09:00
Scholarship Catalog,10.0,23.0,success,False,2026-08-19T21:03:53.179213+09:00
Scholarship Center,70.0,11.0,success,False,2026-08-17T20:38:37.912313+09:00
Scholarship Chain,,,failed,False,2026-08-17T21:37:08.932405+09:00
Scholarship Charge,,,failed,False,2026-08-21T02:36:33.361411+09:00
Scholarship Check,5400.0,6.0,success,False,2026-08-19T13:29:00.478751+09:00
Scholarship Checker,5400.0,6.0,success,False,2026-08-27T23:58:55.210944+09:00
Scholarship Circular,20.0,0.0,success,False,2026-08-21T01:07:59.313235+09:00
Scholarship Cockpit,,,failed,False,2026-08-17T23:05:57.160852+09:00
Scholarship Code,170.0,15.0,success,False,2026-08-19T21:49:35.357194+09:00
Scholarship Codex,,,failed,False,2026-08-18T22:04:58.367673+09:00
Scholarship Companion,,,failed,False,2026-08-17T23:31:05.763784+09:00
Scholarship Comparison,,,failed,False,2026-08-28T01:01:32.188675+09:00
Scholarship Compass,110.0,6.0,success,False,2026-08-17T20:37:18.091212+09:00
Scholarship Compendium,40.0,0.0,success,False,2026-08-18T22:04:49.273954+09:00
Scholarship Confirmation,50.0,0.0,success,False,2026-08-21T01:06:05.335895+09:00
Scholarship Console,,,failed,False,2026-08-17T20:35:51.368204+09:00
Scholarship Contribution,,,failed,False,2026-08-23T16:14:40.533655+09:00
Scholarship Core,,,failed,False,2026-08-17T20:45:34.633599+09:00
Scholarship Cost,40.0,1.0,success,False,2026-08-21T02:13:51.922112+09:00
Scholarship Count,,,failed,False,2026-08-27T22:50:00.330096+09:00
Scholarship Counter,,,failed,False,2026-08-19T00:02:41.985677+09:00
Scholarship Coupon,50.0,0.0,success,False,2026-08-27T21:17:23.968001+09:00
Scholarship Dashboard,260.0,1.0,success,False,2026-08-17T23:30:43.619577+09:00
Scholarship Deal,,,failed,False,2026-08-21T01:57:54.921820+09:00
Scholarship Debt,,,failed,False,2026-08-21T02:30:16.403499+09:00
Scholarship Deck,,,failed,False,2026-08-17T20:42:49.578916+09:00
Scholarship Depot,20.0,7.0,success,False,2026-08-19T00:02:27.896414+09:00
Scholarship Desk,30.0,15.0,success,False,2026-08-17T20:40:49.686418+09:00
Scholarship Detail,320.0,5.0,success,False,2026-08-23T03:16:36.835162+09:00
Scholarship Detector,,,failed,False,2026-08-27T23:58:58.371988+09:00
Scholarship Dial,,,failed,False,2026-08-17T20:34:02.071546+09:00
Scholarship Digest,10.0,11.0,success,False,2026-08-19T20:46:51.690221+09:00
Scholarship Directory,140.0,21.0,success,False,2026-08-19T00:02:06.599822+09:00
Scholarship Dock,,,failed,False,2026-08-17T21:41:47.180143+09:00
Scholarship Dossier,,,failed,False,2026-08-21T01:06:09.386639+09:00
Scholarship Downpayment,,,failed,False,2026-08-27T21:48:35.689301+09:00
Scholarship Draft,,,failed,False,2026-08-19T20:47:03.354167+09:00
Scholarship Due,,,failed,False,2026-08-23T15:51:47.066948+09:00
Scholarship Duty,,,failed,False,2026-08-21T02:36:37.228119+09:00
Scholarship Endowment,1300.0,3.0,success,False,2026-08-23T15:51:51.217465+09:00
Scholarship Engine,70.0,44.0,success,False,2026-08-17T23:14:53.160605+09:00
Scholarship Entry,70.0,18.0,success,False,2026-08-21T01:06:21.603341+09:00
Scholarship Estimate,,,failed,False,2026-08-19T21:03:38.962662+09:00
Scholarship Estimator,170.0,9.0,success,False,2026-08-27T23:58:52.704840+09:00
Scholarship Excerpt,,,failed,False,2026-08-21T01:06:17.673460+09:00
Scholarship Extension,40.0,4.0,success,False,2026-08-23T16:39:14.026032+09:00
Scholarship Fare,,,failed,False,2026-08-21T02:13:59.319117+09:00
Scholarship Fee,210.0,1.0,success,False,2026-08-21T01:57:40.883576+09:00
Scholarship Feed,,,failed,False,2026-08-19T20:46:58.036522+09:00
Scholarship Field,10.0,0.0,success,False,2026-08-23T13:06:17.940469+09:00
Scholarship File,30.0,5.0,success,False,2026-08-19T20:46:27.543041+09:00
Scholarship Finder,5400.0,45.0,success,False,2026-08-19T00:02:21.603583+09:00
Scholarship Flag,10.0,0.0,success,False,2026-08-21T00:32:03.646563+09:00
Scholarship Flow,,,failed,False,2026-08-17T20:43:16.751377+09:00
Scholarship Forge,,,failed,False,2026-08-17T20:35:20.751202+09:00
Scholarship Form,18100.0,17.0,success,False,2026-08-19T13:28:31.111585+09:00
Scholarship Frame,,,failed,False,2026-08-17T20:47:47.373505+09:00
Scholarship Fund,1600.0,11.0,success,False,2026-08-21T02:30:21.260254+09:00
Scholarship Gate,140.0,1.0,success,False,2026-08-17T21:34:01.777052+09:00
Scholarship Generator,30.0,67.0,success,False,2026-08-27T23:36:36.607319+09:00
Scholarship Giveaway,70.0,19.0,success,False,2026-08-27T21:17:31.626510+09:00
Scholarship Grade,,,failed,False,2026-08-21T00:31:41.208752+09:00
Scholarship Graph,,,failed,False,2026-08-27T22:12:43.537947+09:00
Scholarship Grid,10.0,14.0,success,False,2026-08-17T21:37:46.877382+09:00
Scholarship Guarantee,590.0,63.0,success,False,2026-08-28T01:01:39.377915+09:00
Scholarship Guard,,,failed,False,2026-08-17T20:45:56.929111+09:00
Scholarship Guardian,,,failed,False,2026-08-28T00:27:31.291174+09:00
Scholarship Guidebook,140.0,24.0,success,False,2026-08-18T22:04:07.158721+09:00
Scholarship Helpdesk,,,failed,False,2026-08-27T22:50:03.051342+09:00
Scholarship Helper,320.0,25.0,success,False,2026-08-28T00:27:35.071119+09:00
Scholarship History,590.0,12.0,success,False,2026-08-19T20:46:24.803660+09:00
Scholarship Hotline,,,failed,False,2026-08-19T21:04:06.353252+09:00
Scholarship Hub,880.0,17.0,success,False,2026-08-17T20:42:21.345142+09:00
Scholarship Identifier,,,failed,False,2026-08-23T13:06:13.755843+09:00
Scholarship Incentive,320.0,3.0,success,False,2026-08-27T21:17:29.346524+09:00
Scholarship Index,50.0,7.0,success,False,2026-08-19T21:32:39.944567+09:00
Scholarship Insight,10.0,0.0,success,False,2026-08-17T23:11:21.548397+09:00
Scholarship Installment,10.0,0.0,success,False,2026-08-23T16:14:40.533655+09:00
Scholarship Interest,,,failed,False,2026-08-23T13:46:52.749544+09:00
Scholarship Item,,,failed,False,2026-08-21T01:57:45.438381+09:00
Scholarship Journal,4400.0,11.0,success,False,2026-08-18T22:03:44.456415+09:00
Scholarship Keeper,,,failed,False,2026-08-17T20:48:26.612997+09:00
Scholarship Lab,,,failed,False,2026-08-17T20:41:11.362619+09:00
Scholarship Ledger,,,failed,False,2026-08-17T20:44:32.138425+09:00
Scholarship Lens,,,failed,False,2026-08-17T21:30:10.122952+09:00
Scholarship Level,40.0,2.0,success,False,2026-08-19T20:46:33.393422+09:00
Scholarship Link,720.0,46.0,success,False,2026-08-23T03:16:26.068243+09:00
Scholarship List,1900.0,27.0,success,False,2026-08-19T21:49:45.321625+09:00
Scholarship Loan,480.0,19.0,success,False,2026-08-21T02:14:02.511057+09:00
Scholarship Locator,5400.0,45.0,success,False,2026-08-19T00:02:12.644181+09:00
Scholarship Lock,10.0,0.0,success,False,2026-08-17T21:32:28.090728+09:00
Scholarship Log,14800.0,0.0,success,True,2026-08-19T13:28:19.124767+09:00
Scholarship Loop,,,failed,False,2026-08-17T21:39:09.779186+09:00
Scholarship Manager,260.0,33.0,success,False,2026-08-17T20:47:07.356899+09:00
Scholarship Manual,10.0,0.0,success,False,2026-08-27T22:12:46.306034+09:00
Scholarship Map,20.0,6.0,success,False,2026-08-17T21:31:17.550614+09:00
Scholarship Margin,,,failed,False,2026-08-23T02:52:56.566002+09:00
Scholarship Marker,,,failed,False,2026-08-23T13:27:20.193084+09:00
Scholarship Memo,20.0,0.0,success,False,2026-08-21T00:31:49.661501+09:00
Scholarship Message,110.0,0.0,success,False,2026-08-27T23:15:36.970228+09:00
Scholarship Meter,,,failed,False,2026-08-17T20:32:58.642411+09:00
Scholarship Metrics,,,failed,False,2026-08-17T23:30:28.172183+09:00
Scholarship Monitor,,,failed,False,2026-08-17T23:30:14.406427+09:00
Scholarship Navigator,260.0,20.0,success,False,2026-08-17T23:12:59.903146+09:00
Scholarship Nexus,,,failed,False,2026-08-17T21:33:04.357190+09:00
Scholarship Node,,,failed,False,2026-08-17T21:35:06.399475+09:00
Scholarship Note,,,failed,False,2026-08-19T13:29:31.691093+09:00
Scholarship Notification,260.0,1.0,success,False,2026-08-27T22:49:57.314209+09:00
Scholarship Number,140.0,3.0,success,False,2026-08-23T03:16:15.944869+09:00
Scholarship Office,880.0,3.0,success,False,2026-08-19T00:02:36.291033+09:00
Scholarship Ops,,,failed,False,2026-08-17T23:31:23.198788+09:00
Scholarship Order,10.0,0.0,success,False,2026-08-19T21:49:01.029648+09:00
Scholarship Organizer,30.0,6.0,success,False,2026-08-17T23:04:07.422993+09:00
Scholarship Outline,40.0,0.0,success,False,2026-08-27T22:29:10.054268+09:00
Scholarship Overage,,,failed,False,2026-08-27T21:48:33.250783+09:00
Scholarship Overdue,,,failed,False,2026-08-27T21:48:28.268054+09:00
Scholarship Panel,10.0,14.0,success,False,2026-08-17T20:34:53.035348+09:00
Scholarship Pass,1300.0,3.0,success,False,2026-08-21T00:31:03.590955+09:00
Scholarship Path,10.0,17.0,success,False,2026-08-17T21:34:31.783933+09:00
Scholarship Payoff,,,failed,False,2026-08-27T21:48:30.689545+09:00
Scholarship Penalty,,,failed,False,2026-08-23T16:39:07.006923+09:00
Scholarship Petition,10.0,0.0,success,False,2026-08-21T01:06:02.674001+09:00
Scholarship Pilot,1900.0,38.0,success,False,2026-08-17T20:41:38.152103+09:00
Scholarship Plan,70.0,8.0,success,False,2026-08-21T01:57:50.113408+09:00
Scholarship Planner,70.0,8.0,success,False,2026-08-17T23:09:46.743330+09:00
Scholarship Playbook,10.0,11.0,success,False,2026-08-18T22:03:23.896977+09:00
Scholarship Point,20.0,7.0,success,False,2026-08-17T21:33:30.231055+09:00
Scholarship Portal,301000.0,5.0,success,False,2026-08-17T20:36:51.044622+09:00
Scholarship Preview,10.0,,success,False,2026-08-28T01:01:36.692864+09:00
Scholarship Profile,140.0,4.0,success,False,2026-08-19T13:29:56.430090+09:00
Scholarship Profit,,,failed,False,2026-08-23T02:52:51.254134+09:00
Scholarship Proposal,50.0,1.0,success,False,2026-08-28T01:01:36.692864+09:00
Scholarship Pulse,,,failed,False,2026-08-17T21:36:38.708092+09:00
Scholarship Queue,,,failed,False,2026-08-19T21:03:23.930623+09:00
Scholarship Quota,20.0,0.0,success,False,2026-08-21T00:31:57.081328+09:00
Scholarship Radar,20.0,18.0,success,False,2026-08-17T20:40:03.112671+09:00
Scholarship Rail,,,failed,False,2026-08-17T21:40:01.418165+09:00
Scholarship Rank,40.0,4.0,success,False,2026-08-28T00:49:13.140044+09:00
Scholarship Rate,30.0,0.0,success,False,2026-08-19T20:46:39.045000+09:00
Scholarship Recap,,,failed,False,2026-08-21T01:06:13.819084+09:00
Scholarship Receipt,70.0,1.0,success,False,2026-08-19T21:49:21.504748+09:00
Scholarship Recorder,,,failed,False,2026-08-27T23:36:36.607319+09:00
Scholarship Register,1600.0,27.0,success,False,2026-08-17T23:07:43.866571+09:00
Scholarship Registry,,,failed,False,2026-08-18T22:04:18.397619+09:00
Scholarship Relay,,,failed,False,2026-08-17T20:39:11.470645+09:00
Scholarship Reminder,10.0,0.0,success,False,2026-08-19T21:32:38.095873+09:00
Scholarship Report,110.0,2.0,success,False,2026-08-19T13:28:10.656877+09:00
Scholarship Repository,30.0,5.0,success,False,2026-08-27T23:15:46.670229+09:00
Scholarship Result,12100.0,0.0,success,True,2026-08-28T00:49:09.988603+09:00
Scholarship Roadmap,,,failed,False,2026-08-18T22:05:10.153828+09:00
Scholarship Roster,,,failed,False,2026-08-19T00:37:34.373704+09:00
Scholarship Route,,,failed,False,2026-08-18T07:52:08.139884+09:00
Scholarship Rule,110.0,0.0,success,False,2026-08-23T03:16:29.353172+09:00
Scholarship Sale,,,failed,False,2026-08-21T02:30:27.978125+09:00
Scholarship Sample,720.0,2.0,success,False,2026-08-19T21:50:33.278837+09:00
Scholarship Scale,,,failed,False,2026-08-17T20:31:49.556843+09:00
Scholarship Scanner,40.0,15.0,success,False,2026-08-27T23:58:55.210944+09:00
Scholarship Scheduler,,,failed,False,2026-08-17T23:30:01.630713+09:00
Scholarship Scope,,,failed,False,2026-08-17T21:41:16.664514+09:00
Scholarship Score,10.0,2.0,success,False,2026-08-19T13:29:15.231319+09:00
Scholarship Sentry,,,failed,False,2026-08-17T21:30:43.453478+09:00
Scholarship Sheet,40.0,0.0,success,False,2026-08-19T13:28:52.256085+09:00
Scholarship Shortfall,,,failed,False,2026-08-27T21:48:35.689301+09:00
Scholarship Signal,,,failed,False,2026-08-18T07:52:56.677266+09:00
Scholarship Signature,10.0,0.0,success,False,2026-08-23T13:27:16.161149+09:00
Scholarship Slip,30.0,5.0,success,False,2026-08-19T21:50:21.596797+09:00
Scholarship Slot,10.0,0.0,success,False,2026-08-19T21:50:44.390054+09:00
Scholarship Snapshot,,,failed,False,2026-08-18T22:03:55.697842+09:00
Scholarship Stage,,,failed,False,2026-08-28T00:49:05.838031+09:00
Scholarship Stamp,5400.0,11.0,success,False,2026-08-23T13:27:20.193084+09:00
Scholarship Statement,170.0,4.0,success,False,2026-08-21T00:31:30.142352+09:00
Scholarship Station,20.0,0.0,success,False,2026-08-17T20:40:27.760312+09:00
Scholarship Status,90500.0,0.0,success,True,2026-08-19T20:46:13.766068+09:00
Scholarship Stipend,720.0,8.0,success,False,2026-08-23T13:46:55.595088+09:00
Scholarship Stub,10.0,,success,False,2026-08-21T00:31:19.573899+09:00
Scholarship Studio,10.0,3.0,success,False,2026-08-17T20:42:01.579820+09:00
Scholarship Subsidy,20.0,1.0,success,False,2026-08-23T15:51:49.176648+09:00
Scholarship Suite,,,failed,False,2026-08-17T23:29:25.330773+09:00
Scholarship Sum,,,failed,False,2026-08-21T02:30:12.359355+09:00
Scholarship Summary,30.0,1.0,success,False,2026-08-19T21:32:34.534523+09:00
Scholarship Sync,,,failed,False,2026-08-17T20:44:10.950266+09:00
Scholarship Tab,590.0,16.0,success,False,2026-08-21T00:32:08.971513+09:00
Scholarship Table,20.0,14.0,success,False,2026-08-19T21:49:58.938963+09:00
Scholarship Tag,50.0,10.0,success,False,2026-08-19T13:29:46.780078+09:00
Scholarship Tally,,,failed,False,2026-08-21T00:31:36.211701+09:00
Scholarship Tariff,,,failed,False,2026-08-21T02:36:50.213443+09:00
Scholarship Tax,320.0,1.0,success,False,2026-08-21T02:14:02.511057+09:00
Scholarship Ticket,,,failed,False,2026-08-19T21:32:42.554846+09:00
Scholarship Tier,10.0,2.0,success,False,2026-08-28T00:49:13.140044+09:00
Scholarship Timeline,30.0,0.0,success,False,2026-08-19T21:32:36.347329+09:00
Scholarship Timer,,,failed,False,2026-08-28T00:27:27.697084+09:00
Scholarship Token,10.0,0.0,success,False,2026-08-23T13:27:13.232233+09:00
Scholarship Toll,,,failed,False,2026-08-21T02:36:44.892736+09:00
Scholarship Toolbox,,,failed,False,2026-08-28T00:27:31.291174+09:00
Scholarship Toolkit,,,failed,False,2026-08-18T22:03:11.971226+09:00
Scholarship Total,210.0,4.0,success,False,2026-08-27T23:15:41.145408+09:00
Scholarship Tracker,3600.0,6.0,success,False,2026-08-17T20:45:12.889782+09:00
Scholarship Trail,,,failed,False,2026-08-17T21:38:18.723173+09:00
Scholarship Trend,,,failed,False,2026-08-28T01:09:06.544338+09:00
Scholarship Trial,,,failed,False,2026-08-27T21:17:26.157906+09:00
Scholarship Unit,10.0,5.0,success,False,2026-08-21T02:05:57.421169+09:00
Scholarship Update,720.0,9.0,success,False,2026-08-19T20:46:47.302188+09:00
Scholarship Value,40.0,0.0,success,False,2026-08-23T02:52:54.203392+09:00
Scholarship Vault,,,failed,False,2026-08-17T20:38:13.537846+09:00
Scholarship Version,,,failed,False,2026-08-23T03:16:23.757716+09:00
Scholarship View,30.0,12.0,success,False,2026-08-19T20:46:20.200545+09:00
Scholarship Voucher,480.0,0.0,success,False,2026-08-21T00:31:09.970083+09:00
Scholarship Wallet,,,failed,False,2026-08-27T22:50:00.330096+09:00
Scholarship Watch,10.0,7.0,success,False,2026-08-18T07:53:06.257546+09:00
Scholarship Wave,,,failed,False,2026-08-17T21:35:38.144027+09:00
Scholarship Widget,,,failed,False,2026-08-27T23:15:43.697016+09:00
Scholarship Workbench,,,failed,False,2026-08-18T22:03:00.985111+09:00
Scholarship Worksheet,40.0,5.0,success,False,2026-08-27T22:12:52.289733+09:00
Scholarship Zone,70.0,5.0,success,False,2026-08-17T20:37:49.257868+09:00
Screening Advance,,,failed,False,2026-08-23T16:12:41.676987+09:00
Screening Advisory,,,failed,False,2026-08-21T01:07:59.313235+09:00
Screening Allowance,,,failed,False,2026-08-21T02:45:01.493449+09:00
Screening Almanac,,,failed,False,2026-08-18T22:09:42.242317+09:00
Screening Analyzer,,,failed,False,2026-08-27T23:56:05.344982+09:00
Screening Anchor,,,failed,False,2026-08-17T21:33:24.629057+09:00
Screening Arrears,,,failed,False,2026-08-23T16:12:37.758659+09:00
Screening Assistant,30.0,1.0,success,False,2026-08-17T23:06:54.696813+09:00
Screening Atlas,,,failed,False,2026-08-17T20:41:30.101842+09:00
Screening Attribute,,,failed,False,2026-08-23T13:05:04.506045+09:00
Screening Badge,,,failed,False,2026-08-21T00:31:47.591094+09:00
Screening Base,50.0,21.0,success,False,2026-08-17T20:38:33.752321+09:00
Screening Beacon,,,failed,False,2026-08-17T21:37:39.097196+09:00
Screening Bill,,,failed,False,2026-08-19T21:52:10.666614+09:00
Screening Blueprint,,,failed,False,2026-08-18T22:09:34.112352+09:00
Screening Board,2900.0,24.0,success,False,2026-08-17T20:35:47.352548+09:00
Screening Book,40.0,2.0,success,False,2026-08-19T21:53:13.442826+09:00
Screening Bridge,,,failed,False,2026-08-17T21:34:28.165323+09:00
Screening Brief,,,failed,False,2026-08-21T01:05:32.279989+09:00
Screening Bulletin,,,failed,False,2026-08-21T01:05:29.532542+09:00
Screening Cabinet,,,failed,False,2026-08-27T23:13:18.509120+09:00
Screening Calendar,,,failed,False,2026-08-19T00:00:54.845309+09:00
Screening Card,170.0,0.0,success,False,2026-08-19T13:35:12.097075+09:00
Screening Cascade,390.0,2.0,success,False,2026-08-17T21:35:30.145341+09:00
Screening Cash,,,failed,False,2026-08-21T02:29:31.555266+09:00
Screening Cashback,,,failed,False,2026-08-27T21:15:25.200797+09:00
Screening Catalog,,,failed,False,2026-08-19T21:07:53.338438+09:00
Screening Category,,,failed,False,2026-08-23T13:05:00.300804+09:00
Screening Center,390.0,15.0,success,False,2026-08-17T21:41:42.015478+09:00
Screening Chain,,,failed,False,2026-08-17T20:45:54.147634+09:00
Screening Charge,5400.0,0.0,success,True,2026-08-21T02:44:46.644995+09:00
Screening Check,590.0,8.0,success,False,2026-08-19T13:35:27.432298+09:00
Screening Checklist,110.0,0.0,success,False,2026-08-19T21:07:02.698289+09:00
Screening Circular,,,failed,False,2026-08-21T01:05:43.113119+09:00
Screening Cockpit,,,failed,False,2026-08-17T23:25:59.230175+09:00
Screening Code,110.0,0.0,success,False,2026-08-19T21:52:35.745180+09:00
Screening Codex,,,failed,False,2026-08-18T22:10:00.373367+09:00
Screening Companion,,,failed,False,2026-08-17T23:04:40.930662+09:00
Screening Comparison,,,failed,False,2026-08-28T01:06:18.481825+09:00
Screening Compass,,,failed,False,2026-08-17T21:39:02.253193+09:00
Screening Compendium,,,failed,False,2026-08-18T22:09:52.210960+09:00
Screening Confirmation,10.0,0.0,success,False,2026-08-21T01:06:02.674001+09:00
Screening Console,,,failed,False,2026-08-17T21:37:02.739524+09:00
Screening Contribution,,,failed,False,2026-08-23T16:12:35.033809+09:00
Screening Core,,,failed,False,2026-08-17T20:37:44.009684+09:00
Screening Cost,40.0,1.0,success,False,2026-08-21T02:13:20.223987+09:00
Screening Count,,,failed,False,2026-08-27T22:47:59.631121+09:00
Screening Counter,210.0,5.0,success,False,2026-08-19T00:01:40.731758+09:00
Screening Coupon,,,failed,False,2026-08-27T21:15:22.797193+09:00
Screening Dashboard,50.0,5.0,success,False,2026-08-17T23:10:20.263689+09:00
Screening Deal,,,failed,False,2026-08-21T01:57:40.883576+09:00
Screening Debt,,,failed,False,2026-08-21T02:29:22.487025+09:00
Screening Deck,5400.0,99.0,success,False,2026-08-17T20:34:46.285590+09:00
Screening Depot,,,failed,False,2026-08-19T00:01:28.091265+09:00
Screening Desk,5400.0,62.0,success,False,2026-08-17T20:32:14.147491+09:00
Screening Detail,,,failed,False,2026-08-23T03:14:46.268297+09:00
Screening Diagram,260.0,1.0,success,False,2026-08-27T22:09:51.279815+09:00
Screening Dial,,,failed,False,2026-08-17T21:34:57.125142+09:00
Screening Digest,,,failed,False,2026-08-19T20:49:32.682801+09:00
Screening Directory,,,failed,False,2026-08-19T00:01:01.996823+09:00
Screening Discount,,,failed,False,2026-08-23T16:12:32.773263+09:00
Screening Dock,,,failed,False,2026-08-17T21:30:37.005083+09:00
Screening Dossier,,,failed,False,2026-08-21T01:06:05.335895+09:00
Screening Draft,,,failed,False,2026-08-19T20:37:18.555970+09:00
Screening Due,,,failed,False,2026-08-23T15:51:01.656182+09:00
Screening Duty,,,failed,False,2026-08-21T02:44:54.822530+09:00
Screening Endowment,,,failed,False,2026-08-23T15:51:07.589062+09:00
Screening Engine,50.0,0.0,success,False,2026-08-17T23:24:30.748337+09:00
Screening Entry,,,failed,False,2026-08-21T01:06:16.364943+09:00
Screening Estimate,10.0,13.0,success,False,2026-08-19T21:07:42.156894+09:00
Screening Estimator,,,failed,False,2026-08-27T23:55:53.687521+09:00
Screening Excerpt,,,failed,False,2026-08-21T01:06:12.457382+09:00
Screening Extension,,,failed,False,2026-08-23T16:38:11.972867+09:00
Screening Fare,,,failed,False,2026-08-21T02:13:28.177261+09:00
Screening Fee,210.0,0.0,success,False,2026-08-21T01:57:21.062358+09:00
Screening Feed,,,failed,False,2026-08-19T20:49:38.357241+09:00
Screening Field,,,failed,False,2026-08-23T13:05:07.059909+09:00
Screening File,320.0,0.0,success,False,2026-08-19T20:49:09.969574+09:00
Screening Finder,,,failed,False,2026-08-19T00:01:18.833283+09:00
Screening Fine,,,failed,False,2026-08-23T02:58:43.358109+09:00
Screening Flag,,,failed,False,2026-08-21T00:32:31.934653+09:00
Screening Flow,,,failed,False,2026-08-17T20:35:16.626138+09:00
Screening Forge,,,failed,False,2026-08-17T21:36:32.684484+09:00
Screening Form,480.0,1.0,success,False,2026-08-19T13:34:28.843739+09:00
Screening Format,140.0,1.0,success,False,2026-08-23T13:05:09.962757+09:00
Screening Frame,3600.0,100.0,success,False,2026-08-17T20:39:28.862436+09:00
Screening Fund,,,failed,False,2026-08-21T02:29:27.497336+09:00
Screening Gate,720.0,100.0,success,False,2026-08-17T20:43:12.470155+09:00
Screening Giveaway,,,failed,False,2026-08-27T21:15:31.900187+09:00
Screening Grade,,,failed,False,2026-08-21T00:32:13.850788+09:00
Screening Graph,,,failed,False,2026-08-27T22:09:38.149454+09:00
Screening Grid,1000.0,2.0,success,False,2026-08-17T20:46:22.420312+09:00
Screening Guarantee,,,failed,False,2026-08-28T01:06:23.726095+09:00
Screening Guard,22200.0,14.0,success,False,2026-08-17T20:38:08.924079+09:00
Screening Guardian,,,failed,False,2026-08-28T00:25:23.676090+09:00
Screening Guidebook,,,failed,False,2026-08-18T22:09:19.506375+09:00
Screening Helpdesk,,,failed,False,2026-08-27T22:47:59.631121+09:00
Screening Helper,,,failed,False,2026-08-28T00:25:26.159240+09:00
Screening History,20.0,0.0,success,False,2026-08-19T20:49:04.250848+09:00
Screening Hotline,,,failed,False,2026-08-19T21:08:03.467133+09:00
Screening Hub,,,failed,False,2026-08-17T20:34:20.444490+09:00
Screening Identifier,,,failed,False,2026-08-23T13:04:54.297618+09:00
Screening Incentive,,,failed,False,2026-08-27T21:15:29.439407+09:00
Screening Index,,,failed,False,2026-08-19T21:07:13.159437+09:00
Screening Insight,,,failed,False,2026-08-17T23:25:43.129443+09:00
Screening Installment,,,failed,False,2026-08-23T16:12:35.033809+09:00
Screening Item,,,failed,False,2026-08-21T01:57:25.896991+09:00
Screening Journal,40.0,0.0,success,False,2026-08-18T22:09:03.479922+09:00
Screening Keeper,,,failed,False,2026-08-17T20:39:57.613991+09:00
Screening Kit,1900.0,99.0,success,False,2026-08-27T22:47:56.654242+09:00
Screening Lab,260.0,8.0,success,False,2026-08-17T20:32:53.240136+09:00
Screening Ledger,,,failed,False,2026-08-17T20:36:43.272468+09:00
Screening Lens,,,failed,False,2026-08-17T20:40:21.350341+09:00
Screening Level,70.0,0.0,success,False,2026-08-19T20:49:16.530394+09:00
Screening Link,880.0,3.0,success,False,2026-08-23T03:14:39.191196+09:00
Screening List,1900.0,6.0,success,False,2026-08-19T21:52:48.982891+09:00
Screening Loan,,,failed,False,2026-08-21T02:13:34.693364+09:00
Screening Locator,,,failed,False,2026-08-19T00:01:10.174789+09:00
Screening Lock,60500.0,1.0,success,False,2026-08-17T20:41:57.166662+09:00
Screening Log,110.0,0.0,success,False,2026-08-19T13:34:22.181534+09:00
Screening Loop,,,failed,False,2026-08-17T20:47:39.394205+09:00
Screening Manager,480.0,13.0,success,False,2026-08-17T20:39:05.666395+09:00
Screening Manual,,,failed,False,2026-08-27T22:09:48.398152+09:00
Screening Map,,,failed,False,2026-08-17T20:41:07.425187+09:00
Screening Marker,1900.0,1.0,success,False,2026-08-23T13:26:46.141852+09:00
Screening Markup,,,failed,False,2026-08-23T16:38:05.799118+09:00
Screening Memo,20.0,0.0,success,False,2026-08-21T00:32:20.380964+09:00
Screening Message,,,failed,False,2026-08-27T23:13:09.078623+09:00
Screening Meter,110.0,2.0,success,False,2026-08-17T21:33:56.834131+09:00
Screening Metrics,,,failed,False,2026-08-17T23:15:27.187478+09:00
Screening Monitor,9900.0,100.0,success,False,2026-08-17T23:08:38.142070+09:00
Screening Navigator,10.0,0.0,success,False,2026-08-17T23:26:16.391059+09:00
Screening Nexus,,,failed,False,2026-08-17T20:42:16.988485+09:00
Screening Node,,,failed,False,2026-08-17T20:44:07.827451+09:00
Screening Note,,,failed,False,2026-08-19T13:36:00.987511+09:00
Screening Notification,,,failed,False,2026-08-27T22:47:53.351609+09:00
Screening Number,320.0,9.0,success,False,2026-08-23T03:24:42.957554+09:00
Screening Office,20.0,0.0,success,False,2026-08-19T00:01:32.528747+09:00
Screening Ops,,,failed,False,2026-08-17T23:11:56.017978+09:00
Screening Order,20.0,0.0,success,False,2026-08-19T21:52:01.647797+09:00
Screening Organizer,,,failed,False,2026-08-17T23:25:18.715654+09:00
Screening Overdraft,,,failed,False,2026-08-23T15:51:03.649898+09:00
Screening Overdue,,,failed,False,2026-08-27T21:46:42.401025+09:00
Screening Panel,4400.0,100.0,success,False,2026-08-17T21:36:05.315924+09:00
Screening Pass,140.0,0.0,success,False,2026-08-21T00:31:34.132172+09:00
Screening Path,,,failed,False,2026-08-17T20:43:38.857738+09:00
Screening Penalty,,,failed,False,2026-08-23T16:38:05.799118+09:00
Screening Petition,,,failed,False,2026-08-21T01:05:53.776527+09:00
Screening Pilot,10.0,7.0,success,False,2026-08-17T20:33:27.108642+09:00
Screening Plan,20.0,1.0,success,False,2026-08-21T01:57:38.284860+09:00
Screening Planner,,,failed,False,2026-08-17T23:24:52.278887+09:00
Screening Playbook,,,failed,False,2026-08-18T22:08:54.791738+09:00
Screening Point,390.0,0.0,success,False,2026-08-17T20:42:46.441273+09:00
Screening Portal,1300.0,1.0,success,False,2026-08-17T21:38:13.718334+09:00
Screening Preview,,,failed,False,2026-08-28T01:06:21.038746+09:00
Screening Profile,720.0,3.0,success,False,2026-08-19T13:36:57.023796+09:00
Screening Profit,20.0,3.0,success,False,2026-08-23T02:58:33.536123+09:00
Screening Proposal,10.0,0.0,success,False,2026-08-28T01:06:23.726095+09:00
Screening Pulse,,,failed,False,2026-08-17T20:45:30.439940+09:00
Screening Queue,,,failed,False,2026-08-19T21:07:33.171957+09:00
Screening Quota,,,failed,False,2026-08-21T00:32:26.715092+09:00
Screening Radar,,,failed,False,2026-08-18T07:52:08.139884+09:00
Screening Rail,,,failed,False,2026-08-17T20:48:18.389398+09:00
Screening Rate,40.0,0.0,success,False,2026-08-19T20:49:19.848949+09:00
Screening Recap,,,failed,False,2026-08-21T01:06:09.386639+09:00
Screening Receipt,,,failed,False,2026-08-19T21:52:20.652566+09:00
Screening Recorder,1000.0,11.0,success,False,2026-08-27T23:34:39.372847+09:00
Screening Register,390.0,1.0,success,False,2026-08-17T23:26:30.057004+09:00
Screening Registry,,,failed,False,2026-08-18T22:09:25.652147+09:00
Screening Relay,,,failed,False,2026-08-18T07:52:19.092235+09:00
Screening Reminder,,,failed,False,2026-08-19T21:06:49.674751+09:00
Screening Report,480.0,16.0,success,False,2026-08-19T13:34:11.345054+09:00
Screening Repository,,,failed,False,2026-08-27T23:13:18.509120+09:00
Screening Result,1300.0,1.0,success,False,2026-08-28T00:47:53.734178+09:00
Screening Roadmap,,,failed,False,2026-08-18T22:10:06.625362+09:00
Screening Roster,,,failed,False,2026-08-19T00:36:42.974778+09:00
Screening Route,,,failed,False,2026-08-17T21:31:44.399230+09:00
Screening Rule,110.0,0.0,success,False,2026-08-23T03:14:42.643964+09:00
Screening Sale,,,failed,False,2026-08-21T02:29:36.697010+09:00
Screening Sample,720.0,0.0,success,False,2026-08-19T21:53:37.602067+09:00
Screening Scale,1600.0,0.0,success,True,2026-08-17T21:32:57.336519+09:00
Screening Scanner,,,failed,False,2026-08-27T23:56:02.652689+09:00
Screening Scheduler,,,failed,False,2026-08-17T23:13:53.612284+09:00
Screening Scope,,,failed,False,2026-08-17T21:30:02.792774+09:00
Screening Score,30.0,0.0,success,False,2026-08-19T13:35:47.282228+09:00
Screening Sentry,,,failed,False,2026-08-17T20:40:45.689604+09:00
Screening Sheet,70.0,9.0,success,False,2026-08-19T13:35:21.181056+09:00
Screening Signal,,,failed,False,2026-08-17T21:32:20.148818+09:00
Screening Signature,,,failed,False,2026-08-23T13:26:43.446955+09:00
Screening Slip,40.0,0.0,success,False,2026-08-19T21:53:27.023606+09:00
Screening Slot,,,failed,False,2026-08-19T21:53:52.421179+09:00
Screening Snapshot,,,failed,False,2026-08-18T22:09:11.269372+09:00
Screening Stage,170.0,10.0,success,False,2026-08-28T00:47:48.349607+09:00
Screening Stake,,,failed,False,2026-08-23T02:58:35.873995+09:00
Screening Stamp,,,failed,False,2026-08-23T13:26:49.261296+09:00
Screening Statement,,,failed,False,2026-08-21T00:32:00.759395+09:00
Screening Station,390.0,2.0,success,False,2026-08-17T20:31:41.996994+09:00
Screening Status,70.0,0.0,success,False,2026-08-19T20:48:55.006137+09:00
Screening Stub,,,failed,False,2026-08-21T00:31:54.895534+09:00
Screening Studio,40500.0,12.0,success,False,2026-08-17T20:33:56.397010+09:00
Screening Subsidy,,,failed,False,2026-08-23T15:51:05.565275+09:00
Screening Suite,,,failed,False,2026-08-17T23:12:14.829118+09:00
Screening Sum,,,failed,False,2026-08-21T02:29:19.301672+09:00
Screening Summary,,,failed,False,2026-08-19T21:06:31.890613+09:00
Screening Surtax,,,failed,False,2026-08-23T15:51:09.680113+09:00
Screening Sync,,,failed,False,2026-08-17T20:36:13.174234+09:00
Screening Tab,,,failed,False,2026-08-21T00:32:40.998784+09:00
Screening Table,590.0,56.0,success,False,2026-08-19T21:53:00.908408+09:00
Screening Tag,,,failed,False,2026-08-19T13:36:47.380431+09:00
Screening Tally,,,failed,False,2026-08-21T00:32:08.971513+09:00
Screening Tariff,,,failed,False,2026-08-21T02:45:04.527835+09:00
Screening Tax,,,failed,False,2026-08-21T02:13:28.177261+09:00
Screening Ticket,140.0,0.0,success,False,2026-08-19T21:07:23.410704+09:00
Screening Timeline,30.0,0.0,success,False,2026-08-19T21:06:41.039569+09:00
Screening Timer,,,failed,False,2026-08-28T00:25:15.482285+09:00
Screening Toll,,,failed,False,2026-08-21T02:44:59.003058+09:00
Screening Toolbox,,,failed,False,2026-08-28T00:25:26.159240+09:00
Screening Toolkit,,,failed,False,2026-08-18T22:08:45.047635+09:00
Screening Total,10.0,17.0,success,False,2026-08-27T23:13:13.331600+09:00
Screening Tracker,10.0,0.0,success,False,2026-08-17T20:37:14.189830+09:00
Screening Trail,,,failed,False,2026-08-17T20:46:59.199715+09:00
Screening Trend,,,failed,False,2026-08-28T01:06:18.481825+09:00
Screening Trial,50.0,4.0,success,False,2026-08-27T21:15:25.200797+09:00
Screening Unit,260.0,0.0,success,False,2026-08-21T01:57:30.255883+09:00
Screening Update,,,failed,False,2026-08-19T20:49:25.973595+09:00
Screening Value,10.0,0.0,success,False,2026-08-23T02:58:33.536123+09:00
Screening Vault,,,failed,False,2026-08-17T21:41:07.674308+09:00
Screening Version,,,failed,False,2026-08-23T03:24:46.219726+09:00
Screening View,2900.0,5.0,success,False,2026-08-19T20:49:01.783681+09:00
Screening Voucher,,,failed,False,2026-08-21T00:31:41.208752+09:00
Screening Watch,20.0,0.0,success,False,2026-08-17T21:31:08.679950+09:00
Screening Wave,,,failed,False,2026-08-17T20:44:25.446111+09:00
Screening Widget,,,failed,False,2026-08-27T23:13:16.008786+09:00
Screening Workbench,,,failed,False,2026-08-18T22:08:36.440640+09:00
Screening Worksheet,,,failed,False,2026-08-27T22:09:48.398152+09:00
Screening Workshop,,,failed,False,2026-08-28T00:25:19.923690+09:00
Screening Zone,880.0,0.0,success,False,2026-08-17T21:39:40.995935+09:00
Season Advance,,,failed,False,2026-08-23T16:11:11.053977+09:00
Season Advisory,,,failed,False,2026-08-21T01:05:51.926035+09:00
Season Allowance,,,failed,False,2026-08-21T02:44:07.576254+09:00
Season Analyzer,,,failed,False,2026-08-27T23:52:08.286767+09:00
Season Anchor,,,failed,False,2026-08-17T23:04:56.078956+09:00
Season Announcement,50.0,0.0,success,False,2026-08-27T23:32:36.959010+09:00
Season Arrears,,,failed,False,2026-08-23T16:11:08.956491+09:00
Season Assistant,,,failed,False,2026-08-17T23:05:44.417197+09:00
Season Atlas,,,failed,False,2026-08-17T23:09:36.803243+09:00
Season Attribute,,,failed,False,2026-08-23T13:09:44.174186+09:00
Season Badge,210.0,1.0,success,False,2026-08-21T00:32:38.054061+09:00
Season Base,40.0,0.0,success,False,2026-08-17T23:04:36.399044+09:00
Season Beacon,,,failed,False,2026-08-17T22:48:03.176041+09:00
Season Bill,,,failed,False,2026-08-19T21:55:41.048712+09:00
Season Blueprint,,,failed,False,2026-08-18T23:52:10.176063+09:00
Season Board,110.0,5.0,success,False,2026-08-17T23:26:38.652949+09:00
Season Book,880.0,52.0,success,False,2026-08-19T21:56:37.173014+09:00
Season Bridge,,,failed,False,2026-08-17T23:23:45.943375+09:00
Season Brief,,,failed,False,2026-08-21T01:07:59.313235+09:00
Season Bulletin,,,failed,False,2026-08-21T01:05:40.713486+09:00
Season Calendar,4400.0,22.0,success,False,2026-08-19T00:00:08.120656+09:00
Season Card,720.0,10.0,success,False,2026-08-19T13:23:28.561494+09:00
Season Cascade,,,failed,False,2026-08-17T23:10:35.067749+09:00
Season Cash,,,failed,False,2026-08-21T02:28:54.304303+09:00
Season Cashback,,,failed,False,2026-08-27T21:13:01.722363+09:00
Season Catalog,110.0,0.0,success,False,2026-08-19T21:12:26.316955+09:00
Season Category,,,failed,False,2026-08-23T13:09:42.107006+09:00
Season Center,50.0,4.0,success,False,2026-08-17T23:27:23.938977+09:00
Season Chain,20.0,0.0,success,False,2026-08-17T23:29:01.871676+09:00
Season Charge,10.0,12.0,success,False,2026-08-21T02:43:59.643244+09:00
Season Check,20.0,36.0,success,False,2026-08-19T13:24:10.018965+09:00
Season Checker,,,failed,False,2026-08-27T23:52:02.296949+09:00
Season Checklist,,,failed,False,2026-08-19T21:11:27.369189+09:00
Season Circular,,,failed,False,2026-08-21T01:05:53.776527+09:00
Season Cockpit,,,failed,False,2026-08-17T23:31:33.228756+09:00
Season Code,90.0,0.0,success,False,2026-08-19T21:56:01.385775+09:00
Season Codex,,,failed,False,2026-08-18T22:02:46.582498+09:00
Season Companion,,,failed,False,2026-08-17T23:03:39.400104+09:00
Season Comparison,20.0,0.0,success,False,2026-08-28T01:02:58.141304+09:00
Season Compass,,,failed,False,2026-08-17T23:33:31.331574+09:00
Season Compendium,,,failed,False,2026-08-18T22:02:35.560643+09:00
Season Confirmation,,,failed,False,2026-08-21T01:06:09.386639+09:00
Season Console,,,failed,False,2026-08-17T23:09:57.644305+09:00
Season Core,50.0,5.0,success,False,2026-08-17T23:26:24.551704+09:00
Season Cost,20.0,0.0,success,False,2026-08-21T02:12:59.494269+09:00
Season Counter,10.0,0.0,success,False,2026-08-19T00:00:59.808882+09:00
Season Coupon,50.0,1.0,success,False,2026-08-27T21:13:01.722363+09:00
Season Dashboard,,,failed,False,2026-08-17T23:09:18.796206+09:00
Season Deal,210.0,1.0,success,False,2026-08-21T01:57:34.337774+09:00
Season Debt,,,failed,False,2026-08-21T02:28:46.160203+09:00
Season Deck,,,failed,False,2026-08-17T23:06:29.811396+09:00
Season Depot,,,failed,False,2026-08-19T00:00:44.927785+09:00
Season Desk,,,failed,False,2026-08-17T23:33:04.806706+09:00
Season Detail,,,failed,False,2026-08-23T03:23:40.065475+09:00
Season Detector,,,failed,False,2026-08-27T23:52:05.723363+09:00
Season Dial,,,failed,False,2026-08-17T23:04:17.256447+09:00
Season Digest,,,failed,False,2026-08-19T20:41:30.953351+09:00
Season Directory,,,failed,False,2026-08-19T00:00:18.530849+09:00
Season Discount,390.0,6.0,success,False,2026-08-23T16:11:06.629164+09:00
Season Dock,10.0,0.0,success,False,2026-08-17T23:06:06.115551+09:00
Season Dossier,,,failed,False,2026-08-21T01:06:12.457382+09:00
Season Downpayment,,,failed,False,2026-08-27T21:46:03.878331+09:00
Season Draft,,,failed,False,2026-08-19T20:41:43.197527+09:00
Season Due,,,failed,False,2026-08-23T15:53:08.210333+09:00
Season Duty,,,failed,False,2026-08-21T02:44:02.769477+09:00
Season Engine,10.0,0.0,success,False,2026-08-17T23:30:21.472957+09:00
Season Entry,,,failed,False,2026-08-21T01:06:23.582625+09:00
Season Estimate,,,failed,False,2026-08-19T21:12:15.731161+09:00
Season Estimator,,,failed,False,2026-08-27T23:51:57.345982+09:00
Season Excerpt,,,failed,False,2026-08-21T01:06:19.538829+09:00
Season Extension,70.0,2.0,success,False,2026-08-23T16:37:06.410620+09:00
Season Fare,30.0,0.0,success,False,2026-08-21T02:13:04.369688+09:00
Season Fee,20.0,0.0,success,False,2026-08-21T01:57:17.630744+09:00
Season Feed,,,failed,False,2026-08-19T20:41:36.001931+09:00
Season Field,,,failed,False,2026-08-23T13:09:46.403136+09:00
Season File,390.0,0.0,success,False,2026-08-19T20:40:49.478840+09:00
Season Finder,30.0,0.0,success,False,2026-08-19T00:00:34.964613+09:00
Season Fine,22200.0,0.0,success,True,2026-08-23T02:57:57.265224+09:00
Season Flag,480.0,100.0,success,False,2026-08-21T00:33:12.400590+09:00
Season Flow,70.0,0.0,success,False,2026-08-17T23:12:30.403803+09:00
Season Forge,,,failed,False,2026-08-17T23:23:29.892589+09:00
Season Form,20.0,0.0,success,False,2026-08-19T13:23:19.735168+09:00
Season Format,,,failed,False,2026-08-23T13:09:53.012547+09:00
Season Frame,40.0,2.0,success,False,2026-08-17T23:26:10.639676+09:00
Season Fund,,,failed,False,2026-08-21T02:28:50.660826+09:00
Season Gate,20.0,0.0,success,False,2026-08-17T23:14:48.085579+09:00
Season Generator,140.0,10.0,success,False,2026-08-27T23:32:42.762901+09:00
Season Giveaway,,,failed,False,2026-08-27T21:13:15.493972+09:00
Season Grade,,,failed,False,2026-08-21T00:32:57.061306+09:00
Season Grid,,,failed,False,2026-08-17T23:24:49.201687+09:00
Season Guard,30.0,0.0,success,False,2026-08-17T23:32:25.255075+09:00
Season Guardian,,,failed,False,2026-08-28T00:22:21.008845+09:00
Season Guidebook,,,failed,False,2026-08-18T23:52:10.176063+09:00
Season Helpdesk,,,failed,False,2026-08-27T22:45:10.355251+09:00
Season Helper,,,failed,False,2026-08-28T00:22:23.551401+09:00
Season History,110.0,0.0,success,False,2026-08-19T20:40:40.887904+09:00
Season Hotline,,,failed,False,2026-08-19T21:12:35.619378+09:00
Season Hub,40.0,0.0,success,False,2026-08-17T23:32:52.026751+09:00
Season Identifier,,,failed,False,2026-08-23T13:09:39.563884+09:00
Season Incentive,,,failed,False,2026-08-27T21:13:10.326383+09:00
Season Index,590.0,0.0,success,False,2026-08-19T21:11:39.725993+09:00
Season Insight,,,failed,False,2026-08-17T23:31:17.212800+09:00
Season Installment,,,failed,False,2026-08-23T16:11:06.629164+09:00
Season Item,880.0,3.0,success,False,2026-08-21T01:57:21.062358+09:00
Season Journal,260.0,20.0,success,False,2026-08-18T23:52:10.176063+09:00
Season Keeper,,,failed,False,2026-08-17T23:03:58.711434+09:00
Season Kit,880.0,91.0,success,False,2026-08-27T22:45:00.824166+09:00
Season Lab,1900.0,59.0,success,False,2026-08-17T23:13:28.338167+09:00
Season Ledger,,,failed,False,2026-08-17T23:11:53.398319+09:00
Season Lens,,,failed,False,2026-08-17T23:10:15.371250+09:00
Season Level,30.0,0.0,success,False,2026-08-19T20:41:00.818648+09:00
Season Link,110.0,0.0,success,False,2026-08-23T03:23:34.197835+09:00
Season List,1000.0,0.0,success,True,2026-08-19T21:56:11.493537+09:00
Season Loan,70.0,9.0,success,False,2026-08-21T02:13:15.591815+09:00
Season Locator,,,failed,False,2026-08-19T00:00:28.920086+09:00
Season Lock,10.0,0.0,success,False,2026-08-17T23:15:25.442488+09:00
Season Log,,,failed,False,2026-08-19T13:23:10.003028+09:00
Season Loop,,,failed,False,2026-08-17T23:06:48.111245+09:00
Season Manager,90.0,0.0,success,False,2026-08-17T23:30:08.040310+09:00
Season Manual,,,failed,False,2026-08-27T22:07:14.755817+09:00
Season Map,590.0,0.0,success,False,2026-08-17T23:25:55.806145+09:00
Season Margin,,,failed,False,2026-08-23T02:57:55.201782+09:00
Season Markup,,,failed,False,2026-08-23T16:37:04.042408+09:00
Season Memo,,,failed,False,2026-08-21T00:33:03.712506+09:00
Season Message,70.0,0.0,success,False,2026-08-27T23:10:34.837044+09:00
Season Meter,,,failed,False,2026-08-17T23:28:06.508675+09:00
Season Metrics,,,failed,False,2026-08-17T23:14:27.748058+09:00
Season Monitor,10.0,0.0,success,False,2026-08-17T23:07:35.240679+09:00
Season Navigator,,,failed,False,2026-08-17T23:31:48.177682+09:00
Season Nexus,390.0,94.0,success,False,2026-08-17T23:29:37.041815+09:00
Season Node,,,failed,False,2026-08-17T23:29:16.727834+09:00
Season Note,170.0,0.0,success,False,2026-08-19T13:24:45.773598+09:00
Season Notification,,,failed,False,2026-08-27T22:44:57.466905+09:00
Season Number,260.0,0.0,success,False,2026-08-23T03:23:29.114948+09:00
Season Office,1300.0,0.0,success,True,2026-08-19T00:00:54.845309+09:00
Season Ops,10.0,0.0,success,False,2026-08-17T23:10:55.434729+09:00
Season Order,14800.0,0.0,success,True,2026-08-19T21:55:28.451912+09:00
Season Organizer,170.0,100.0,success,False,2026-08-17T23:30:52.147668+09:00
Season Overdraft,,,failed,False,2026-08-23T15:53:10.362751+09:00
Season Overdue,,,failed,False,2026-08-27T21:46:01.626926+09:00
Season Panel,10.0,29.0,success,False,2026-08-17T23:27:50.871251+09:00
Season Pass,12100.0,8.0,success,False,2026-08-21T00:32:24.105621+09:00
Season Path,,,failed,False,2026-08-17T23:08:34.451093+09:00
Season Petition,,,failed,False,2026-08-21T01:06:03.967646+09:00
Season Pilot,30.0,0.0,success,False,2026-08-17T23:07:13.674847+09:00
Season Plan,210.0,0.0,success,False,2026-08-21T01:57:30.255883+09:00
Season Planner,210.0,100.0,success,False,2026-08-17T23:30:36.598618+09:00
Season Playbook,10.0,,success,False,2026-08-18T23:52:10.176063+09:00
Season Point,140.0,0.0,success,False,2026-08-17T23:25:39.196440+09:00
Season Portal,40.0,0.0,success,False,2026-08-17T23:27:41.420797+09:00
Season Preview,90.0,0.0,success,False,2026-08-28T01:03:01.405243+09:00
Season Profile,,,failed,False,2026-08-19T13:25:01.891377+09:00
Season Profit,,,failed,False,2026-08-23T02:57:50.579977+09:00
Season Proposal,,,failed,False,2026-08-28T01:03:01.405243+09:00
Season Pulse,,,failed,False,2026-08-17T23:13:49.973223+09:00
Season Queue,,,failed,False,2026-08-19T21:12:02.105513+09:00
Season Quota,,,failed,False,2026-08-21T00:33:08.035106+09:00
Season Radar,,,failed,False,2026-08-17T23:14:10.961193+09:00
Season Rail,,,failed,False,2026-08-17T23:28:43.740452+09:00
Season Rate,170.0,0.0,success,False,2026-08-19T20:41:10.828189+09:00
Season Recap,140.0,0.0,success,False,2026-08-21T01:06:16.364943+09:00
Season Receipt,,,failed,False,2026-08-19T21:55:49.933305+09:00
Season Recorder,,,failed,False,2026-08-27T23:32:47.063702+09:00
Season Register,,,failed,False,2026-08-17T23:32:11.092346+09:00
Season Registry,,,failed,False,2026-08-18T23:52:10.176063+09:00
Season Relay,,,failed,False,2026-08-17T23:33:15.463532+09:00
Season Reminder,,,failed,False,2026-08-19T21:11:17.911454+09:00
Season Report,50.0,0.0,success,False,2026-08-19T13:22:55.768758+09:00
Season Roadmap,,,failed,False,2026-08-18T22:02:56.704517+09:00
Season Roster,,,failed,False,2026-08-19T00:38:22.287042+09:00
Season Route,,,failed,False,2026-08-17T23:28:22.691550+09:00
Season Rule,,,failed,False,2026-08-23T03:23:37.132752+09:00
Season Sale,1900.0,63.0,success,False,2026-08-21T02:28:54.304303+09:00
Season Scale,,,failed,False,2026-08-17T23:11:32.053287+09:00
Season Scheduler,10.0,0.0,success,False,2026-08-17T23:12:51.339052+09:00
Season Scope,10.0,0.0,success,False,2026-08-17T23:24:26.895595+09:00
Season Score,50.0,0.0,success,False,2026-08-19T13:24:22.197081+09:00
Season Sentry,30.0,100.0,success,False,2026-08-17T23:29:51.250400+09:00
Season Sheet,90.0,49.0,success,False,2026-08-19T13:23:46.954730+09:00
Season Signal,,,failed,False,2026-08-17T23:24:03.266981+09:00
Season Slip,,,failed,False,2026-08-19T21:56:48.069412+09:00
Season Slot,70.0,5.0,success,False,2026-08-19T21:57:08.159846+09:00
Season Snapshot,,,failed,False,2026-08-18T23:52:10.176063+09:00
Season Stage,30.0,61.0,success,False,2026-08-28T00:46:12.619703+09:00
Season Statement,,,failed,False,2026-08-21T00:32:47.883810+09:00
Season Station,40.0,0.0,success,False,2026-08-17T23:27:09.313673+09:00
Season Status,50.0,0.0,success,False,2026-08-19T20:40:26.363458+09:00
Season Stipend,,,failed,False,2026-08-23T13:48:35.211056+09:00
Season Streak,,,failed,False,2026-08-28T00:46:12.619703+09:00
Season Stub,,,failed,False,2026-08-21T00:32:43.028189+09:00
Season Studio,2900.0,11.0,success,False,2026-08-17T23:26:55.594772+09:00
Season Subsidy,,,failed,False,2026-08-23T15:53:10.362751+09:00
Season Suite,480.0,30.0,success,False,2026-08-17T23:11:13.383500+09:00
Season Sum,,,failed,False,2026-08-21T02:28:40.448172+09:00
Season Summary,50.0,0.0,success,False,2026-08-19T21:10:55.875332+09:00
Season Surtax,,,failed,False,2026-08-23T15:53:12.516993+09:00
Season Sync,20.0,0.0,success,False,2026-08-17T23:32:40.699548+09:00
Season Tab,390.0,0.0,success,False,2026-08-21T00:33:17.387160+09:00
Season Table,320.0,14.0,success,False,2026-08-19T21:56:23.940159+09:00
Season Tag,,,failed,False,2026-08-19T13:24:56.019665+09:00
Season Tally,,,failed,False,2026-08-21T00:32:52.523477+09:00
Season Tariff,,,failed,False,2026-08-21T02:44:11.415890+09:00
Season Tax,40.0,1.0,success,False,2026-08-21T02:13:09.073610+09:00
Season Ticket,14800.0,9.0,success,False,2026-08-19T21:11:50.782037+09:00
Season Tier,,,failed,False,2026-08-28T00:46:16.444390+09:00
Season Timeline,390.0,0.0,success,False,2026-08-19T21:11:07.162763+09:00
Season Timer,1600.0,2.0,success,False,2026-08-28T00:22:15.974518+09:00
Season Toll,,,failed,False,2026-08-21T02:44:04.894763+09:00
Season Toolbox,,,failed,False,2026-08-28T00:22:21.008845+09:00
Season Toolkit,,,failed,False,2026-08-18T23:52:10.176063+09:00
Season Tracker,90.0,0.0,success,False,2026-08-17T23:05:21.665981+09:00
Season Trail,40.0,0.0,success,False,2026-08-17T23:13:11.418966+09:00
Season Trend,170.0,10.0,success,False,2026-08-28T01:02:58.141304+09:00
Season Trial,,,failed,False,2026-08-27T21:13:04.814179+09:00
Season Unit,,,failed,False,2026-08-21T01:57:25.896991+09:00
Season Update,210.0,2.0,success,False,2026-08-19T20:41:20.028487+09:00
Season Value,,,failed,False,2026-08-23T02:57:53.053705+09:00
Season Vault,,,failed,False,2026-08-17T23:08:54.682716+09:00
Season Version,,,failed,False,2026-08-23T03:23:31.641874+09:00
Season View,3600.0,6.0,success,False,2026-08-19T20:40:32.306082+09:00
Season Voucher,,,failed,False,2026-08-21T00:32:31.934653+09:00
Season Watch,720.0,23.0,success,False,2026-08-17T23:12:11.666158+09:00
Season Wave,880.0,9.0,success,False,2026-08-17T23:25:05.910381+09:00
Season Widget,,,failed,False,2026-08-27T23:10:37.523000+09:00
Season Workbench,,,failed,False,2026-08-18T23:52:10.176063+09:00
Season Worksheet,1600.0,2.0,success,False,2026-08-27T22:07:17.176446+09:00
Season Workshop,10.0,0.0,success,False,2026-08-28T00:22:18.393624+09:00
Season Zone,320.0,2.0,success,False,2026-08-17T23:15:05.132671+09:00
Seating Advance,,,failed,False,2026-08-23T16:16:57.987177+09:00
Seating Advisory,,,failed,False,2026-08-21T01:04:24.715250+09:00
Seating Alert,,,failed,False,2026-08-19T13:38:13.390546+09:00
Seating Allowance,20.0,0.0,success,False,2026-08-21T02:43:28.304823+09:00
Seating Analyzer,,,failed,False,2026-08-27T23:51:35.408395+09:00
Seating Announcement,,,failed,False,2026-08-27T23:31:50.398588+09:00
Seating Arrears,,,failed,False,2026-08-23T16:16:57.987177+09:00
Seating Assistant,320.0,100.0,success,False,2026-08-19T13:32:02.705004+09:00
Seating Badge,,,failed,False,2026-08-21T00:31:07.825329+09:00
Seating Beacon,,,failed,False,2026-08-19T13:23:50.629735+09:00
Seating Board,390.0,61.0,success,False,2026-08-19T13:27:53.720083+09:00
Seating Book,,,failed,False,2026-08-19T21:54:10.446339+09:00
Seating Bridge,,,failed,False,2026-08-19T13:24:45.773598+09:00
Seating Brief,,,failed,False,2026-08-21T01:04:13.537026+09:00
Seating Bulletin,,,failed,False,2026-08-21T01:04:08.971472+09:00
Seating Calculator,140.0,0.0,success,False,2026-08-27T23:31:53.599891+09:00
Seating Calendar,,,failed,False,2026-08-19T13:33:40.733972+09:00
Seating Cascade,,,failed,False,2026-08-19T13:24:22.197081+09:00
Seating Cash,,,failed,False,2026-08-21T02:28:03.624635+09:00
Seating Catalog,,,failed,False,2026-08-19T21:09:46.410901+09:00
Seating Center,480.0,1.0,success,False,2026-08-19T13:28:50.400701+09:00
Seating Chain,,,failed,False,2026-08-19T13:30:45.657035+09:00
Seating Charge,110.0,7.0,success,False,2026-08-21T02:43:19.046773+09:00
Seating Check,,,failed,False,2026-08-19T13:41:59.783078+09:00
Seating Checker,,,failed,False,2026-08-27T23:51:29.405566+09:00
Seating Checklist,,,failed,False,2026-08-19T21:08:43.971729+09:00
Seating Circular,,,failed,False,2026-08-21T01:04:20.278964+09:00
Seating Code,,,failed,False,2026-08-19T21:53:37.602067+09:00
Seating Companion,,,failed,False,2026-08-19T13:32:40.491815+09:00
Seating Comparison,,,failed,False,2026-08-28T01:02:31.716235+09:00
Seating Compass,,,failed,False,2026-08-19T13:23:28.561494+09:00
Seating Confirmation,,,failed,False,2026-08-21T01:04:44.330584+09:00
Seating Console,390.0,100.0,success,False,2026-08-19T13:29:22.570342+09:00
Seating Contribution,,,failed,False,2026-08-23T16:16:55.140069+09:00
Seating Core,,,failed,False,2026-08-19T13:27:27.071698+09:00
Seating Cost,,,failed,False,2026-08-21T02:12:06.796728+09:00
Seating Count,,,failed,False,2026-08-27T22:44:27.817073+09:00
Seating Counter,320.0,8.0,success,False,2026-08-19T13:34:20.014616+09:00
Seating Deal,,,failed,False,2026-08-21T01:56:42.470423+09:00
Seating Debt,,,failed,False,2026-08-21T02:27:53.442278+09:00
Seating Desk,170.0,98.0,success,False,2026-08-19T13:22:09.591180+09:00
Seating Detail,,,failed,False,2026-08-23T03:22:56.392022+09:00
Seating Detector,,,failed,False,2026-08-27T23:51:32.749499+09:00
Seating Diagram,210.0,2.0,success,False,2026-08-27T22:15:52.757907+09:00
Seating Digest,,,failed,False,2026-08-19T20:39:26.869721+09:00
Seating Directory,,,failed,False,2026-08-19T13:33:49.819535+09:00
Seating Discount,,,failed,False,2026-08-23T16:16:51.381360+09:00
Seating Dossier,,,failed,False,2026-08-21T01:04:41.877436+09:00
Seating Downpayment,,,failed,False,2026-08-27T21:50:56.215822+09:00
Seating Draft,,,failed,False,2026-08-19T20:39:43.818952+09:00
Seating Due,,,failed,False,2026-08-23T15:52:57.176155+09:00
Seating Duty,,,failed,False,2026-08-21T02:43:21.598191+09:00
Seating Engine,,,failed,False,2026-08-19T13:31:52.943506+09:00
Seating Entry,,,failed,False,2026-08-21T01:05:08.043022+09:00
Seating Estimate,,,failed,False,2026-08-19T21:09:34.510109+09:00
Seating Estimator,,,failed,False,2026-08-27T23:51:26.937833+09:00
Seating Excerpt,,,failed,False,2026-08-21T01:05:05.236354+09:00
Seating Extension,10.0,0.0,success,False,2026-08-23T16:40:19.270826+09:00
Seating Fare,,,failed,False,2026-08-21T02:12:15.174959+09:00
Seating Fee,70.0,1.0,success,False,2026-08-21T01:56:21.292165+09:00
Seating Feed,,,failed,False,2026-08-19T20:39:35.461909+09:00
Seating File,,,failed,False,2026-08-19T20:38:50.239529+09:00
Seating Fine,,,failed,False,2026-08-23T02:57:32.152196+09:00
Seating Flag,,,failed,False,2026-08-21T00:31:54.895534+09:00
Seating Flow,,,failed,False,2026-08-19T13:21:44.122863+09:00
Seating Forge,,,failed,False,2026-08-19T13:24:10.018965+09:00
Seating Form,20.0,3.0,success,False,2026-08-19T13:41:12.937543+09:00
Seating Frame,590.0,13.0,success,False,2026-08-19T13:27:04.208602+09:00
Seating Fund,,,failed,False,2026-08-21T02:27:57.187073+09:00
Seating Gate,,,failed,False,2026-08-19T13:31:00.342217+09:00
Seating Generator,320.0,6.0,success,False,2026-08-27T23:31:58.292490+09:00
Seating Grade,,,failed,False,2026-08-21T00:31:34.132172+09:00
Seating Grid,,,failed,False,2026-08-19T13:25:53.621438+09:00
Seating Guarantee,,,failed,False,2026-08-28T01:02:34.403760+09:00
Seating Helpdesk,,,failed,False,2026-08-27T22:44:33.124302+09:00
Seating Helper,,,failed,False,2026-08-28T00:21:51.591333+09:00
Seating History,,,failed,False,2026-08-19T20:38:39.383467+09:00
Seating Hotline,,,failed,False,2026-08-19T21:10:02.424096+09:00
Seating Hub,50.0,87.0,success,False,2026-08-19T13:21:58.772541+09:00
Seating Identifier,,,failed,False,2026-08-23T13:09:14.949045+09:00
Seating Inbox,,,failed,False,2026-08-19T13:37:57.164882+09:00
Seating Index,,,failed,False,2026-08-19T21:08:56.210906+09:00
Seating Installment,,,failed,False,2026-08-23T16:16:55.140069+09:00
Seating Item,20.0,76.0,success,False,2026-08-21T01:56:25.732902+09:00
Seating Journal,,,failed,False,2026-08-19T13:33:08.765794+09:00
Seating Kit,,,failed,False,2026-08-27T22:44:19.444390+09:00
Seating Lab,,,failed,False,2026-08-19T13:28:15.783876+09:00
Seating Label,170.0,67.0,success,False,2026-08-27T22:15:49.874448+09:00
Seating Layout,1900.0,2.0,success,False,2026-08-27T22:28:37.219396+09:00
Seating Ledger,,,failed,False,2026-08-19T13:27:42.741110+09:00
Seating Level,390.0,2.0,success,False,2026-08-19T20:38:59.819787+09:00
Seating Line,720.0,77.0,success,False,2026-08-19T13:39:51.910868+09:00
Seating Link,,,failed,False,2026-08-23T03:22:48.132111+09:00
Seating List,210.0,15.0,success,False,2026-08-19T21:53:47.413598+09:00
Seating Loan,,,failed,False,2026-08-21T02:12:23.232619+09:00
Seating Log,,,failed,False,2026-08-19T13:40:53.899440+09:00
Seating Loop,,,failed,False,2026-08-19T13:25:31.059454+09:00
Seating Manager,,,failed,False,2026-08-19T13:31:44.608385+09:00
Seating Map,880.0,0.0,success,False,2026-08-19T13:26:44.223162+09:00
Seating Marker,,,failed,False,2026-08-23T13:28:13.588297+09:00
Seating Markup,,,failed,False,2026-08-23T16:40:19.270826+09:00
Seating Memo,,,failed,False,2026-08-21T00:31:41.208752+09:00
Seating Message,,,failed,False,2026-08-27T23:10:09.258839+09:00
Seating Monitor,,,failed,False,2026-08-19T13:32:25.938189+09:00
Seating Nexus,,,failed,False,2026-08-19T13:31:05.950766+09:00
Seating Note,,,failed,False,2026-08-19T13:42:19.343176+09:00
Seating Notification,,,failed,False,2026-08-27T22:44:16.144123+09:00
Seating Number,4400.0,1.0,success,False,2026-08-23T03:22:42.501986+09:00
Seating Office,30.0,44.0,success,False,2026-08-19T13:34:11.345054+09:00
Seating Ops,,,failed,False,2026-08-19T13:32:52.541757+09:00
Seating Order,110.0,3.0,success,False,2026-08-19T21:52:57.085670+09:00
Seating Overage,,,failed,False,2026-08-27T21:50:54.080102+09:00
Seating Overdraft,,,failed,False,2026-08-23T15:52:59.645505+09:00
Seating Overdue,,,failed,False,2026-08-27T21:50:49.400709+09:00
Seating Panel,,,failed,False,2026-08-19T13:29:43.800182+09:00
Seating Pass,,,failed,False,2026-08-21T00:30:55.600635+09:00
Seating Path,,,failed,False,2026-08-19T13:26:10.178451+09:00
Seating Payoff,,,failed,False,2026-08-27T21:50:51.730845+09:00
Seating Petition,,,failed,False,2026-08-21T01:04:35.050629+09:00
Seating Plan,40500.0,22.0,success,False,2026-08-21T01:56:38.086153+09:00
Seating Planner,480.0,28.0,success,False,2026-08-19T13:32:09.131651+09:00
Seating Point,480.0,5.0,success,False,2026-08-19T13:26:18.300818+09:00
Seating Portal,,,failed,False,2026-08-19T13:29:07.755274+09:00
Seating Preview,,,failed,False,2026-08-28T01:02:31.716235+09:00
Seating Profit,,,failed,False,2026-08-23T02:57:24.970560+09:00
Seating Proposal,,,failed,False,2026-08-28T01:02:34.403760+09:00
Seating Queue,,,failed,False,2026-08-19T21:09:22.382807+09:00
Seating Quota,,,failed,False,2026-08-21T00:31:47.591094+09:00
Seating Radar,,,failed,False,2026-08-19T13:22:59.111226+09:00
Seating Rail,,,failed,False,2026-08-19T13:30:13.142544+09:00
Seating Rate,,,failed,False,2026-08-19T20:39:09.333161+09:00
Seating Recap,,,failed,False,2026-08-21T01:04:56.218179+09:00
Seating Receipt,,,failed,False,2026-08-19T21:53:24.173556+09:00
Seating Recorder,,,failed,False,2026-08-27T23:31:58.292490+09:00
Seating Register,,,failed,False,2026-08-19T13:32:45.255500+09:00
Seating Registry,,,failed,False,2026-08-19T13:33:37.732630+09:00
Seating Relay,,,failed,False,2026-08-19T13:23:10.003028+09:00
Seating Reminder,,,failed,False,2026-08-19T21:08:33.836263+09:00
Seating Report,,,failed,False,2026-08-19T13:40:38.246974+09:00
Seating Roll,,,failed,False,2026-08-19T13:40:19.370480+09:00
Seating Route,,,failed,False,2026-08-19T13:30:02.018673+09:00
Seating Rule,,,failed,False,2026-08-23T03:22:53.557175+09:00
Seating Sale,9900.0,67.0,success,False,2026-08-21T02:28:08.522679+09:00
Seating Sample,,,failed,False,2026-08-19T21:54:34.064665+09:00
Seating Scheduler,,,failed,False,2026-08-19T13:32:19.751583+09:00
Seating Scope,,,failed,False,2026-08-19T13:25:11.972380+09:00
Seating Score,,,failed,False,2026-08-19T13:42:06.803998+09:00
Seating Sheet,,,failed,False,2026-08-19T13:41:47.769675+09:00
Seating Shortfall,,,failed,False,2026-08-27T21:50:56.215822+09:00
Seating Signal,,,failed,False,2026-08-19T13:24:56.019665+09:00
Seating Slip,,,failed,False,2026-08-19T21:54:22.632140+09:00
Seating Slot,,,failed,False,2026-08-19T21:54:42.461641+09:00
Seating Stage,,,failed,False,2026-08-28T00:45:59.297593+09:00
Seating Stake,,,failed,False,2026-08-23T02:57:30.156609+09:00
Seating Statement,,,failed,False,2026-08-21T00:31:19.573899+09:00
Seating Station,,,failed,False,2026-08-19T13:28:26.877196+09:00
Seating Status,,,failed,False,2026-08-19T20:38:22.141016+09:00
Seating Stub,,,failed,False,2026-08-21T00:31:14.600161+09:00
Seating Studio,,,failed,False,2026-08-19T13:28:08.778125+09:00
Seating Sum,,,failed,False,2026-08-21T02:27:51.067603+09:00
Seating Summary,,,failed,False,2026-08-19T21:08:11.674763+09:00
Seating Tab,,,failed,False,2026-08-21T00:32:00.759395+09:00
Seating Table,1300.0,86.0,success,False,2026-08-19T21:54:00.654442+09:00
Seating Tally,,,failed,False,2026-08-21T00:31:26.827984+09:00
Seating Tariff,,,failed,False,2026-08-21T02:43:30.904154+09:00
Seating Tax,,,failed,False,2026-08-21T02:12:19.408855+09:00
Seating Ticker,,,failed,False,2026-08-19T13:39:37.773489+09:00
Seating Ticket,2400.0,21.0,success,False,2026-08-19T21:09:08.250321+09:00
Seating Tier,,,failed,False,2026-08-28T00:45:59.297593+09:00
Seating Timeline,,,failed,False,2026-08-19T21:08:21.181421+09:00
Seating Token,,,failed,False,2026-08-23T13:28:10.942428+09:00
Seating Toll,,,failed,False,2026-08-21T02:43:25.318568+09:00
Seating Toolbox,,,failed,False,2026-08-28T00:21:49.130858+09:00
Seating Total,,,failed,False,2026-08-27T23:10:09.258839+09:00
Seating Tracker,,,failed,False,2026-08-19T13:21:04.898366+09:00
Seating Trail,,,failed,False,2026-08-19T13:30:35.292295+09:00
Seating Trend,,,failed,False,2026-08-28T01:02:28.948807+09:00
Seating Trial,,,failed,False,2026-08-27T21:19:58.870068+09:00
Seating Unit,170.0,59.0,success,False,2026-08-21T01:56:30.460489+09:00
Seating Update,,,failed,False,2026-08-19T20:39:18.061361+09:00
Seating Value,,,failed,False,2026-08-23T02:57:27.142882+09:00
Seating Version,,,failed,False,2026-08-23T03:22:45.099275+09:00
Seating View,18100.0,8.0,success,False,2026-08-19T20:38:30.453873+09:00
Seating Voucher,,,failed,False,2026-08-21T00:31:03.590955+09:00
Seating Watch,,,failed,False,2026-08-19T13:25:01.891377+09:00
Seating Wave,,,failed,False,2026-08-19T13:25:58.679936+09:00
Seating Widget,,,failed,False,2026-08-27T23:10:12.340839+09:00
Seating Window,33100.0,100.0,success,False,2026-08-19T13:40:01.237122+09:00
Seating Worksheet,,,failed,False,2026-08-27T22:15:52.757907+09:00
Seating Workshop,,,failed,False,2026-08-28T00:21:43.222424+09:00
Seating Zone,260.0,3.0,success,False,2026-08-19T13:28:58.111204+09:00
Segment Advisory,,,failed,False,2026-08-21T01:05:22.302548+09:00
Segment Allowance,,,failed,False,2026-08-21T02:45:38.713397+09:00
Segment Almanac,,,failed,False,2026-08-18T22:03:23.896977+09:00
Segment Analyzer,,,failed,False,2026-08-27T23:58:48.183628+09:00
Segment Anchor,,,failed,False,2026-08-17T20:38:13.537846+09:00
Segment Assistant,,,failed,False,2026-08-17T23:28:52.290735+09:00
Segment Atlas,,,failed,False,2026-08-17T21:38:18.723173+09:00
Segment Attribute,,,failed,False,2026-08-23T13:06:02.918045+09:00
Segment Badge,,,failed,False,2026-08-21T00:30:39.454023+09:00
Segment Base,30.0,0.0,success,False,2026-08-17T21:34:31.783933+09:00
Segment Beacon,,,failed,False,2026-08-17T20:41:38.152103+09:00
Segment Bill,,,failed,False,2026-08-19T21:47:49.967174+09:00
Segment Blueprint,,,failed,False,2026-08-18T22:03:11.971226+09:00
Segment Board,20.0,4.0,success,False,2026-08-17T21:31:17.550614+09:00
Segment Book,,,failed,False,2026-08-19T21:49:01.029648+09:00
Segment Bridge,590.0,0.0,success,False,2026-08-17T20:39:11.470645+09:00
Segment Brief,,,failed,False,2026-08-21T01:05:05.236354+09:00
Segment Bulletin,,,failed,False,2026-08-21T01:04:56.218179+09:00
Segment Calendar,,,failed,False,2026-08-19T00:01:12.720919+09:00
Segment Card,20.0,1.0,success,False,2026-08-19T13:27:45.503275+09:00
Segment Cascade,,,failed,False,2026-08-17T20:40:03.112671+09:00
Segment Cash,,,failed,False,2026-08-21T02:30:00.318623+09:00
Segment Category,70.0,1.0,success,False,2026-08-23T13:06:00.621707+09:00
Segment Center,20.0,4.0,success,False,2026-08-17T20:43:46.830313+09:00
Segment Chain,50.0,2.0,success,False,2026-08-17T20:32:58.642411+09:00
Segment Charge,,,failed,False,2026-08-21T02:45:28.044980+09:00
Segment Check,40.0,4.0,success,False,2026-08-19T13:28:03.494645+09:00
Segment Checker,40.0,4.0,success,False,2026-08-27T23:58:43.283075+09:00
Segment Circular,22200.0,0.0,success,True,2026-08-21T01:05:08.043022+09:00
Segment Cockpit,,,failed,False,2026-08-17T23:09:46.743330+09:00
Segment Code,1600.0,0.0,success,True,2026-08-19T21:48:19.671606+09:00
Segment Codex,,,failed,False,2026-08-18T22:03:55.697842+09:00
Segment Companion,,,failed,False,2026-08-17T23:30:14.406427+09:00
Segment Comparison,,,failed,False,2026-08-28T01:09:03.847299+09:00
Segment Compass,,,failed,False,2026-08-17T20:42:21.345142+09:00
Segment Compendium,,,failed,False,2026-08-18T22:03:46.428497+09:00
Segment Confirmation,,,failed,False,2026-08-21T01:05:29.532542+09:00
Segment Console,10.0,0.0,success,False,2026-08-17T20:41:11.362619+09:00
Segment Core,10.0,0.0,success,False,2026-08-17T21:33:30.231055+09:00
Segment Cost,90.0,32.0,success,False,2026-08-21T02:13:28.177261+09:00
Segment Count,40.0,2.0,success,False,2026-08-27T22:49:51.876514+09:00
Segment Counter,90.0,50.0,success,False,2026-08-19T00:01:57.884072+09:00
Segment Dashboard,90.0,20.0,success,False,2026-08-17T23:30:01.630713+09:00
Segment Deal,10.0,,success,False,2026-08-21T01:57:30.255883+09:00
Segment Debt,,,failed,False,2026-08-21T02:29:49.445628+09:00
Segment Deck,,,failed,False,2026-08-17T21:30:10.122952+09:00
Segment Depot,,,failed,False,2026-08-19T00:01:40.731758+09:00
Segment Desk,,,failed,False,2026-08-17T20:45:58.318950+09:00
Segment Detail,,,failed,False,2026-08-23T03:16:07.985751+09:00
Segment Detector,,,failed,False,2026-08-27T23:58:48.183628+09:00
Segment Diagram,880.0,0.0,success,False,2026-08-27T22:12:40.822062+09:00
Segment Dial,,,failed,False,2026-08-17T20:39:33.830984+09:00
Segment Digest,,,failed,False,2026-08-19T20:46:20.200545+09:00
Segment Directory,,,failed,False,2026-08-19T00:01:21.334255+09:00
Segment Dock,,,failed,False,2026-08-17T20:35:51.368204+09:00
Segment Dossier,,,failed,False,2026-08-21T01:05:39.127217+09:00
Segment Downpayment,,,failed,False,2026-08-27T21:48:20.717175+09:00
Segment Draft,,,failed,False,2026-08-19T20:46:30.162701+09:00
Segment Duty,,,failed,False,2026-08-21T02:45:31.753294+09:00
Segment Engine,,,failed,False,2026-08-17T23:06:14.261884+09:00
Segment Entry,,,failed,False,2026-08-21T01:05:55.165491+09:00
Segment Estimate,,,failed,False,2026-08-19T21:32:32.734528+09:00
Segment Estimator,,,failed,False,2026-08-27T23:58:43.283075+09:00
Segment Excerpt,10.0,0.0,success,False,2026-08-21T01:05:46.512536+09:00
Segment Fare,,,failed,False,2026-08-21T02:13:34.693364+09:00
Segment Fee,30.0,2.0,success,False,2026-08-21T01:57:13.280090+09:00
Segment Feed,,,failed,False,2026-08-19T20:46:24.803660+09:00
Segment Field,10.0,0.0,success,False,2026-08-23T13:06:05.538611+09:00
Segment File,50.0,0.0,success,False,2026-08-19T20:46:00.045081+09:00
Segment Finder,20.0,0.0,success,False,2026-08-19T00:01:35.413805+09:00
Segment Fine,,,failed,False,2026-08-23T02:52:46.674301+09:00
Segment Flag,,,failed,False,2026-08-21T00:31:22.902026+09:00
Segment Flow,50.0,9.0,success,False,2026-08-17T21:30:43.453478+09:00
Segment Forge,,,failed,False,2026-08-17T20:40:49.686418+09:00
Segment Form,50.0,0.0,success,False,2026-08-19T13:27:35.770715+09:00
Segment Format,30.0,0.0,success,False,2026-08-23T13:06:07.907385+09:00
Segment Frame,140.0,11.0,success,False,2026-08-17T21:35:38.144027+09:00
Segment Fund,,,failed,False,2026-08-21T02:29:53.730886+09:00
Segment Gate,50.0,4.0,success,False,2026-08-17T21:41:47.180143+09:00
Segment Generator,10.0,0.0,success,False,2026-08-27T23:36:29.882311+09:00
Segment Grade,,,failed,False,2026-08-21T00:31:05.602481+09:00
Segment Graph,170.0,0.0,success,False,2026-08-27T22:12:21.251456+09:00
Segment Grid,10.0,4.0,success,False,2026-08-17T20:33:33.696511+09:00
Segment Guard,,,failed,False,2026-08-17T21:34:03.414909+09:00
Segment Guidebook,,,failed,False,2026-08-18T22:02:52.692456+09:00
Segment Helper,,,failed,False,2026-08-28T00:27:23.571229+09:00
Segment History,20.0,0.0,success,False,2026-08-19T20:45:53.854460+09:00
Segment Hub,40.0,8.0,success,False,2026-08-17T20:48:26.612997+09:00
Segment Identifier,110.0,3.0,success,False,2026-08-23T13:05:58.112221+09:00
Segment Index,30.0,1.0,success,False,2026-08-19T21:32:26.609245+09:00
Segment Insight,,,failed,False,2026-08-17T23:14:57.452489+09:00
Segment Item,,,failed,False,2026-08-21T01:57:18.648468+09:00
Segment Journal,,,failed,False,2026-08-18T22:02:30.753417+09:00
Segment Keeper,,,failed,False,2026-08-17T21:36:10.133574+09:00
Segment Lab,,,failed,False,2026-08-17T20:46:27.690682+09:00
Segment Label,170.0,7.0,success,False,2026-08-27T22:12:21.251456+09:00
Segment Ledger,,,failed,False,2026-08-17T21:32:28.090728+09:00
Segment Lens,,,failed,False,2026-08-17T21:36:38.708092+09:00
Segment Level,90.0,0.0,success,False,2026-08-19T20:46:04.507912+09:00
Segment Link,,,failed,False,2026-08-23T03:15:59.188624+09:00
Segment List,210.0,2.0,success,False,2026-08-19T21:48:34.329578+09:00
Segment Loan,10.0,4.0,success,False,2026-08-21T02:13:43.743607+09:00
Segment Locator,,,failed,False,2026-08-19T00:01:28.091265+09:00
Segment Lock,20.0,5.0,success,False,2026-08-17T21:39:13.221117+09:00
Segment Log,,,failed,False,2026-08-19T13:27:18.608287+09:00
Segment Loop,,,failed,False,2026-08-17T20:34:29.454165+09:00
Segment Manager,260.0,1.0,success,False,2026-08-17T21:35:06.399475+09:00
Segment Manual,,,failed,False,2026-08-27T22:12:29.300608+09:00
Segment Map,720.0,0.0,success,False,2026-08-17T21:37:46.877382+09:00
Segment Markup,,,failed,False,2026-08-23T16:39:03.767500+09:00
Segment Memo,,,failed,False,2026-08-21T00:31:09.970083+09:00
Segment Message,,,failed,False,2026-08-27T23:15:28.257448+09:00
Segment Meter,,,failed,False,2026-08-17T20:38:37.912313+09:00
Segment Metrics,170.0,0.0,success,False,2026-08-17T23:29:43.400125+09:00
Segment Monitor,,,failed,False,2026-08-17T23:29:25.330773+09:00
Segment Navigator,,,failed,False,2026-08-17T23:04:07.422993+09:00
Segment Nexus,,,failed,False,2026-08-17T21:40:01.418165+09:00
Segment Node,10.0,17.0,success,False,2026-08-18T07:52:10.902319+09:00
Segment Note,110.0,1.0,success,False,2026-08-19T13:28:19.124767+09:00
Segment Notification,,,failed,False,2026-08-27T22:49:44.992225+09:00
Segment Number,210.0,0.0,success,False,2026-08-23T03:15:51.596433+09:00
Segment Office,10.0,0.0,success,False,2026-08-19T00:01:49.817235+09:00
Segment Ops,,,failed,False,2026-08-17T23:30:28.172183+09:00
Segment Order,,,failed,False,2026-08-19T21:47:38.670449+09:00
Segment Organizer,,,failed,False,2026-08-17T23:08:02.086738+09:00
Segment Outline,,,failed,False,2026-08-27T22:29:10.054268+09:00
Segment Overage,,,failed,False,2026-08-27T21:48:18.349819+09:00
Segment Overdue,,,failed,False,2026-08-27T21:48:13.959890+09:00
Segment Panel,10.0,18.0,success,False,2026-08-17T20:40:27.760312+09:00
Segment Pass,,,failed,False,2026-08-21T00:30:27.321926+09:00
Segment Path,10.0,,success,False,2026-08-18T07:53:06.257546+09:00
Segment Payoff,,,failed,False,2026-08-27T21:48:16.120561+09:00
Segment Petition,,,failed,False,2026-08-21T01:05:26.897512+09:00
Segment Pilot,,,failed,False,2026-08-17T20:47:07.356899+09:00
Segment Plan,70.0,13.0,success,False,2026-08-21T01:57:22.977623+09:00
Segment Planner,,,failed,False,2026-08-17T23:13:20.544847+09:00
Segment Playbook,,,failed,False,2026-08-18T23:52:10.176063+09:00
Segment Point,70.0,0.0,success,False,2026-08-17T21:41:16.664514+09:00
Segment Portal,,,failed,False,2026-08-17T20:42:01.579820+09:00
Segment Preview,,,failed,False,2026-08-28T01:09:03.847299+09:00
Segment Profile,260.0,4.0,success,False,2026-08-19T13:28:43.746659+09:00
Segment Profit,70.0,1.0,success,False,2026-08-23T02:52:33.355566+09:00
Segment Pulse,,,failed,False,2026-08-17T20:32:26.534581+09:00
Segment Quota,,,failed,False,2026-08-21T00:31:14.600161+09:00
Segment Radar,,,failed,False,2026-08-17T20:45:12.889782+09:00
Segment Rail,,,failed,False,2026-08-17T20:34:53.035348+09:00
Segment Rank,,,failed,False,2026-08-28T00:49:05.838031+09:00
Segment Rate,170.0,0.0,success,False,2026-08-19T20:46:08.912085+09:00
Segment Recap,,,failed,False,2026-08-21T01:05:43.113119+09:00
Segment Receipt,,,failed,False,2026-08-19T21:48:04.651670+09:00
Segment Register,480.0,0.0,success,False,2026-08-17T23:11:21.548397+09:00
Segment Registry,,,failed,False,2026-08-18T22:03:00.985111+09:00
Segment Relay,,,failed,False,2026-08-17T20:44:11.907751+09:00
Segment Reminder,,,failed,False,2026-08-19T21:32:17.835679+09:00
Segment Report,1900.0,1.0,success,False,2026-08-19T13:27:07.663216+09:00
Segment Repository,,,failed,False,2026-08-27T23:15:36.970228+09:00
Segment Result,70.0,0.0,success,False,2026-08-28T00:49:02.800291+09:00
Segment Roadmap,,,failed,False,2026-08-18T22:04:07.158721+09:00
Segment Roster,,,failed,False,2026-08-19T00:37:26.885782+09:00
Segment Route,70.0,0.0,success,False,2026-08-17T20:36:52.122948+09:00
Segment Rule,50.0,1.0,success,False,2026-08-23T03:16:04.926690+09:00
Segment Sale,30.0,11.0,success,False,2026-08-21T02:30:05.549953+09:00
Segment Sample,40.0,0.0,success,False,2026-08-19T21:49:23.695269+09:00
Segment Scale,30.0,38.0,success,False,2026-08-17T20:37:49.257868+09:00
Segment Scanner,,,failed,False,2026-08-27T23:58:45.722079+09:00
Segment Scheduler,,,failed,False,2026-08-17T23:29:07.663083+09:00
Segment Scope,10.0,0.0,success,False,2026-08-17T20:35:20.751202+09:00
Segment Score,20.0,0.0,success,False,2026-08-19T13:28:10.656877+09:00
Segment Sentry,10.0,29.0,success,False,2026-08-17T21:37:10.762781+09:00
Segment Sheet,40.0,1.0,success,False,2026-08-19T13:27:56.460670+09:00
Segment Shortfall,,,failed,False,2026-08-27T21:48:23.216174+09:00
Segment Signal,10.0,0.0,success,False,2026-08-17T20:37:18.091212+09:00
Segment Slip,,,failed,False,2026-08-19T21:49:11.434209+09:00
Segment Slot,,,failed,False,2026-08-19T21:49:35.357194+09:00
Segment Snapshot,,,failed,False,2026-08-18T22:02:42.227147+09:00
Segment Stake,,,failed,False,2026-08-23T02:52:39.945062+09:00
Segment Statement,10.0,0.0,success,False,2026-08-21T00:30:51.297861+09:00
Segment Station,10.0,0.0,success,False,2026-08-17T20:45:34.633599+09:00
Segment Status,140.0,1.0,success,False,2026-08-19T20:45:40.802029+09:00
Segment Stub,,,failed,False,2026-08-21T00:30:46.553076+09:00
Segment Studio,50.0,1.0,success,False,2026-08-17T20:47:50.375793+09:00
Segment Suite,,,failed,False,2026-08-17T23:28:30.057187+09:00
Segment Sum,10.0,0.0,success,False,2026-08-21T02:29:47.040271+09:00
Segment Summary,,,failed,False,2026-08-19T21:32:03.032645+09:00
Segment Sync,,,failed,False,2026-08-17T21:31:52.108049+09:00
Segment Tab,30.0,0.0,success,False,2026-08-21T00:31:30.142352+09:00
Segment Table,590.0,47.0,success,False,2026-08-19T21:48:48.534569+09:00
Segment Tag,20.0,11.0,success,False,2026-08-19T13:28:33.821561+09:00
Segment Tally,,,failed,False,2026-08-21T00:30:57.917323+09:00
Segment Tariff,,,failed,False,2026-08-21T02:45:41.299406+09:00
Segment Tax,30.0,0.0,success,False,2026-08-21T02:13:39.971656+09:00
Segment Ticket,,,failed,False,2026-08-19T21:32:28.691012+09:00
Segment Tier,,,failed,False,2026-08-28T00:49:05.838031+09:00
Segment Timeline,,,failed,False,2026-08-19T21:32:10.645735+09:00
Segment Toll,,,failed,False,2026-08-21T02:45:36.117852+09:00
Segment Toolbox,,,failed,False,2026-08-28T00:27:21.214223+09:00
Segment Toolkit,,,failed,False,2026-08-18T23:52:10.176063+09:00
Segment Total,,,failed,False,2026-08-27T23:15:30.690091+09:00
Segment Tracker,480.0,19.0,success,False,2026-08-17T21:33:04.357190+09:00
Segment Trail,,,failed,False,2026-08-17T20:34:02.071546+09:00
Segment Trend,,,failed,False,2026-08-28T01:09:01.288346+09:00
Segment Trial,10.0,11.0,success,False,2026-08-27T21:17:14.401522+09:00
Segment Unit,,,failed,False,2026-08-21T01:57:21.062358+09:00
Segment Update,,,failed,False,2026-08-19T20:46:13.766068+09:00
Segment Value,50.0,2.0,success,False,2026-08-23T02:52:35.436753+09:00
Segment Vault,,,failed,False,2026-08-17T20:43:16.751377+09:00
Segment Version,,,failed,False,2026-08-23T03:15:55.657138+09:00
Segment View,260.0,0.0,success,False,2026-08-19T20:45:48.837053+09:00
Segment Voucher,10.0,,success,False,2026-08-21T00:30:34.487987+09:00
Segment Watch,20.0,57.0,success,False,2026-08-17T20:36:20.228244+09:00
Segment Wave,,,failed,False,2026-08-18T07:52:56.677266+09:00
Segment Widget,,,failed,False,2026-08-27T23:15:30.690091+09:00
Segment Workbench,10.0,0.0,success,False,2026-08-18T23:52:10.176063+09:00
Segment Worksheet,320.0,2.0,success,False,2026-08-27T22:12:34.170808+09:00
Segment Workshop,,,failed,False,2026-08-28T00:27:17.609628+09:00
Segment Zone,,,failed,False,2026-08-17T20:42:49.578916+09:00
Seller Advance,20.0,6.0,success,False,2026-08-23T16:15:17.461758+09:00
Seller Alert,50.0,2.0,success,False,2026-08-21T01:43:45.085248+09:00
Seller Allowance,10.0,0.0,success,False,2026-08-21T02:44:59.003058+09:00
Seller Analyzer,,,failed,False,2026-08-27T23:51:51.958622+09:00
Seller Announcement,,,failed,False,2026-08-27T23:31:37.799226+09:00
Seller Arrears,,,failed,False,2026-08-23T16:15:12.953510+09:00
Seller Atlas,,,failed,False,2026-08-21T01:41:30.332578+09:00
Seller Attribute,,,failed,False,2026-08-23T13:06:05.538611+09:00
Seller Badge,30.0,0.0,success,False,2026-08-21T01:37:37.070410+09:00
Seller Balance,140.0,14.0,success,False,2026-08-23T13:46:55.595088+09:00
Seller Base,110.0,3.0,success,False,2026-08-21T01:40:09.996962+09:00
Seller Beacon,,,failed,False,2026-08-21T01:39:12.504942+09:00
Seller Bill,,,failed,False,2026-08-21T01:36:57.667235+09:00
Seller Bin,,,failed,False,2026-08-21T01:43:52.896076+09:00
Seller Board,22200.0,40.0,success,False,2026-08-21T01:40:23.040836+09:00
Seller Bridge,10.0,0.0,success,False,2026-08-21T01:39:25.000691+09:00
Seller Brief,,,failed,False,2026-08-21T01:38:08.891636+09:00
Seller Bulletin,,,failed,False,2026-08-21T01:38:06.302240+09:00
Seller Calculator,260.0,10.0,success,False,2026-08-27T23:31:41.970749+09:00
Seller Calendar,,,failed,False,2026-08-21T01:42:22.878879+09:00
Seller Card,880.0,20.0,success,False,2026-08-21T01:44:35.810594+09:00
Seller Cascade,,,failed,False,2026-08-21T01:39:21.617747+09:00
Seller Cash,,,failed,False,2026-08-21T02:28:50.660826+09:00
Seller Cashback,,,failed,False,2026-08-27T21:18:13.822548+09:00
Seller Category,,,failed,False,2026-08-23T13:06:00.621707+09:00
Seller Center,201000.0,18.0,success,False,2026-08-21T01:40:42.553901+09:00
Seller Chain,90.0,24.0,success,False,2026-08-21T01:41:16.296353+09:00
Seller Charge,10.0,1.0,success,False,2026-08-21T02:44:44.036553+09:00
Seller Chart,20.0,0.0,success,False,2026-08-21T01:43:47.346655+09:00
Seller Check,70.0,0.0,success,False,2026-08-21T01:35:28.840990+09:00
Seller Checker,,,failed,False,2026-08-27T23:51:43.048579+09:00
Seller Code,170.0,0.0,success,False,2026-08-21T01:37:07.808277+09:00
Seller Confirmation,40.0,1.0,success,False,2026-08-21T01:38:26.164281+09:00
Seller Console,,,failed,False,2026-08-21T01:40:55.486600+09:00
Seller Contribution,140.0,3.0,success,False,2026-08-23T16:15:12.953510+09:00
Seller Converter,,,failed,False,2026-08-27T23:31:46.551451+09:00
Seller Core,140.0,13.0,success,False,2026-08-21T01:40:15.311910+09:00
Seller Cost,90.0,5.0,success,False,2026-08-21T02:12:01.712721+09:00
Seller Count,30.0,32.0,success,False,2026-08-27T22:51:25.477545+09:00
Seller Counter,30.0,32.0,success,False,2026-08-21T01:42:43.370438+09:00
Seller Coupon,10.0,2.0,success,False,2026-08-27T21:18:10.943632+09:00
Seller Deal,10.0,0.0,success,False,2026-08-21T01:55:51.234317+09:00
Seller Debt,590.0,20.0,success,False,2026-08-21T02:28:40.448172+09:00
Seller Deck,210.0,5.0,success,False,2026-08-21T01:40:28.771256+09:00
Seller Desk,50.0,30.0,success,False,2026-08-21T01:38:50.640665+09:00
Seller Detail,20.0,0.0,success,False,2026-08-23T03:15:49.113628+09:00
Seller Directory,110.0,26.0,success,False,2026-08-21T01:42:27.221916+09:00
Seller Discount,40.0,9.0,success,False,2026-08-23T16:15:06.058154+09:00
Seller Downpayment,,,failed,False,2026-08-27T21:49:29.301041+09:00
Seller Draft,,,failed,False,2026-08-21T01:35:28.840990+09:00
Seller Due,,,failed,False,2026-08-23T15:51:55.644106+09:00
Seller Duty,20.0,0.0,success,False,2026-08-21T02:44:49.670355+09:00
Seller Engine,110.0,11.0,success,False,2026-08-21T01:41:42.095051+09:00
Seller Entry,,,failed,False,2026-08-21T01:38:35.952865+09:00
Seller Estimate,,,failed,False,2026-08-21T01:36:50.253581+09:00
Seller Extension,50.0,8.0,success,False,2026-08-23T16:39:33.315090+09:00
Seller Fare,,,failed,False,2026-08-21T02:12:10.627447+09:00
Seller Fee,480.0,3.0,success,False,2026-08-21T01:55:42.683026+09:00
Seller Feed,,,failed,False,2026-08-21T01:35:28.840990+09:00
Seller Field,20.0,0.0,success,False,2026-08-23T13:06:07.907385+09:00
Seller File,,,failed,False,2026-08-21T01:35:28.840990+09:00
Seller Fine,,,failed,False,2026-08-23T02:52:26.045301+09:00
Seller Flow,320.0,7.0,success,False,2026-08-21T01:38:42.867462+09:00
Seller Forge,,,failed,False,2026-08-21T01:39:14.951697+09:00
Seller Form,170.0,1.0,success,False,2026-08-21T01:44:33.537295+09:00
Seller Format,,,failed,False,2026-08-23T13:06:10.168774+09:00
Seller Frame,,,failed,False,2026-08-21T01:40:07.956384+09:00
Seller Fund,,,failed,False,2026-08-21T02:28:46.160203+09:00
Seller Gate,10.0,0.0,success,False,2026-08-21T01:41:22.153477+09:00
Seller Generator,,,failed,False,2026-08-27T23:31:46.551451+09:00
Seller Giveaway,,,failed,False,2026-08-27T21:18:26.738212+09:00
Seller Graph,,,failed,False,2026-08-27T22:13:48.271988+09:00
Seller Grid,30.0,20.0,success,False,2026-08-21T01:39:47.385700+09:00
Seller Guarantee,20.0,1.0,success,False,2026-08-28T01:03:37.882161+09:00
Seller Guardian,,,failed,False,2026-08-28T00:22:15.974518+09:00
Seller Helpdesk,,,failed,False,2026-08-27T22:51:25.477545+09:00
Seller Helper,170.0,12.0,success,False,2026-08-28T00:22:18.393624+09:00
Seller History,10.0,0.0,success,False,2026-08-21T01:35:28.840990+09:00
Seller Hub,22200.0,6.0,success,False,2026-08-21T01:38:45.431477+09:00
Seller Identifier,,,failed,False,2026-08-23T13:05:58.112221+09:00
Seller Inbox,,,failed,False,2026-08-21T01:43:39.038620+09:00
Seller Incentive,50.0,3.0,success,False,2026-08-27T21:18:16.007823+09:00
Seller Index,70.0,6.0,success,False,2026-08-21T01:36:42.310879+09:00
Seller Installment,,,failed,False,2026-08-23T16:15:09.158473+09:00
Seller Interest,10.0,0.0,success,False,2026-08-23T13:46:59.316345+09:00
Seller Item,,,failed,False,2026-08-21T01:55:44.868962+09:00
Seller Journal,20.0,0.0,success,False,2026-08-21T01:42:11.023754+09:00
Seller Keeper,,,failed,False,2026-08-21T01:41:33.473055+09:00
Seller Kit,110.0,5.0,success,False,2026-08-27T22:51:13.312396+09:00
Seller Lab,1000.0,30.0,success,False,2026-08-21T01:40:33.133691+09:00
Seller Ledger,720.0,13.0,success,False,2026-08-21T01:40:19.724237+09:00
Seller Level,50.0,2.0,success,False,2026-08-21T01:35:28.840990+09:00
Seller Levy,,,failed,False,2026-08-23T13:47:02.952399+09:00
Seller Line,30.0,5.0,success,False,2026-08-21T01:44:11.369887+09:00
Seller Link,90.0,4.0,success,False,2026-08-23T03:15:41.007114+09:00
Seller List,140.0,1.0,success,False,2026-08-21T01:37:11.320785+09:00
Seller Loan,140.0,13.0,success,False,2026-08-21T02:12:15.174959+09:00
Seller Lobby,,,failed,False,2026-08-21T01:44:01.894856+09:00
Seller Locator,,,failed,False,2026-08-21T01:42:32.456630+09:00
Seller Locker,70.0,2.0,success,False,2026-08-21T01:42:46.013630+09:00
Seller Log,,,failed,False,2026-08-21T01:44:28.935205+09:00
Seller Loop,,,failed,False,2026-08-21T01:39:42.723562+09:00
Seller Manual,,,failed,False,2026-08-27T22:13:56.258937+09:00
Seller Map,50.0,23.0,success,False,2026-08-21T01:40:01.747780+09:00
Seller Margin,,,failed,False,2026-08-23T02:52:23.717366+09:00
Seller Marker,,,failed,False,2026-08-23T13:27:16.161149+09:00
Seller Markup,,,failed,False,2026-08-23T16:39:30.994856+09:00
Seller Memo,,,failed,False,2026-08-21T01:37:48.907066+09:00
Seller Message,6600.0,0.0,success,True,2026-08-27T23:16:51.144125+09:00
Seller Monitor,30.0,12.0,success,False,2026-08-21T01:41:54.360418+09:00
Seller Nexus,10.0,4.0,success,False,2026-08-21T01:41:25.621539+09:00
Seller Note,1000.0,1.0,success,False,2026-08-21T01:35:28.840990+09:00
Seller Notification,40.0,2.0,success,False,2026-08-27T22:51:13.312396+09:00
Seller Number,140.0,7.0,success,False,2026-08-23T03:15:32.798139+09:00
Seller Office,70.0,1.0,success,False,2026-08-21T01:42:37.393096+09:00
Seller Ops,50.0,2.0,success,False,2026-08-21T01:42:05.228292+09:00
Seller Order,30.0,2.0,success,False,2026-08-21T01:36:55.107278+09:00
Seller Overage,,,failed,False,2026-08-27T21:49:29.301041+09:00
Seller Overdraft,,,failed,False,2026-08-23T15:51:57.634783+09:00
Seller Overdue,,,failed,False,2026-08-27T21:49:24.879038+09:00
Seller Panel,480.0,5.0,success,False,2026-08-21T01:40:58.554709+09:00
Seller Pass,30.0,3.0,success,False,2026-08-21T01:37:30.941685+09:00
Seller Passport,,,failed,False,2026-08-21T01:43:56.070004+09:00
Seller Path,,,failed,False,2026-08-21T01:39:52.762519+09:00
Seller Payoff,,,failed,False,2026-08-27T21:49:27.090308+09:00
Seller Penalty,10.0,0.0,success,False,2026-08-23T16:39:30.994856+09:00
Seller Petition,,,failed,False,2026-08-21T01:38:24.012895+09:00
Seller Plan,720.0,0.0,success,False,2026-08-21T01:55:39.411266+09:00
Seller Planner,,,failed,False,2026-08-21T01:41:46.462785+09:00
Seller Playbook,10.0,8.0,success,False,2026-08-21T01:42:07.777661+09:00
Seller Point,480.0,3.0,success,False,2026-08-21T01:39:59.295312+09:00
Seller Portal,27100.0,9.0,success,False,2026-08-21T01:40:50.890695+09:00
Seller Profile,260.0,3.0,success,False,2026-08-21T01:35:28.840990+09:00
Seller Profit,30.0,34.0,success,False,2026-08-23T02:58:49.315026+09:00
Seller Proposal,10.0,0.0,success,False,2026-08-28T01:03:33.167279+09:00
Seller Quota,,,failed,False,2026-08-21T01:37:51.952894+09:00
Seller Radar,40.0,19.0,success,False,2026-08-21T01:38:52.841882+09:00
Seller Rank,30.0,15.0,success,False,2026-08-28T00:46:27.391148+09:00
Seller Rate,590.0,0.0,success,False,2026-08-21T01:35:28.840990+09:00
Seller Receipt,50.0,37.0,success,False,2026-08-21T01:37:02.343165+09:00
Seller Recorder,,,failed,False,2026-08-27T23:31:50.398588+09:00
Seller Register,260.0,14.0,success,False,2026-08-21T01:42:02.866390+09:00
Seller Registry,,,failed,False,2026-08-21T01:42:17.039674+09:00
Seller Relay,,,failed,False,2026-08-21T01:38:57.072218+09:00
Seller Reminder,,,failed,False,2026-08-21T01:36:36.837653+09:00
Seller Report,110.0,1.0,success,False,2026-08-21T01:44:23.485240+09:00
Seller Repository,,,failed,False,2026-08-27T23:17:00.312671+09:00
Seller Result,,,failed,False,2026-08-28T00:46:19.889028+09:00
Seller Ring,,,failed,False,2026-08-21T01:41:18.223212+09:00
Seller Roll,,,failed,False,2026-08-21T01:44:20.732547+09:00
Seller Roster,,,failed,False,2026-08-21T01:43:31.469604+09:00
Seller Route,,,failed,False,2026-08-21T01:41:06.507181+09:00
Seller Rule,,,failed,False,2026-08-23T03:15:44.979812+09:00
Seller Sale,,,failed,False,2026-08-21T02:28:54.304303+09:00
Seller Sample,10.0,0.0,success,False,2026-08-21T01:37:24.140763+09:00
Seller Scale,10.0,10.0,success,False,2026-08-21T01:41:00.703725+09:00
Seller Score,20.0,5.0,success,False,2026-08-21T01:35:28.840990+09:00
Seller Sheet,40.0,4.0,success,False,2026-08-21T01:35:28.840990+09:00
Seller Shortfall,,,failed,False,2026-08-27T21:49:31.660766+09:00
Seller Signal,,,failed,False,2026-08-21T01:39:30.579891+09:00
Seller Signature,140.0,0.0,success,False,2026-08-23T13:27:13.232233+09:00
Seller Slip,30.0,0.0,success,False,2026-08-21T01:37:19.276865+09:00
Seller Slot,,,failed,False,2026-08-21T01:37:26.126762+09:00
Seller Stage,,,failed,False,2026-08-28T00:46:19.889028+09:00
Seller Stake,,,failed,False,2026-08-23T02:58:53.611200+09:00
Seller Stamp,20.0,4.0,success,False,2026-08-23T13:27:20.193084+09:00
Seller Statement,90.0,1.0,success,False,2026-08-21T01:37:44.630220+09:00
Seller Station,20.0,5.0,success,False,2026-08-21T01:40:37.729948+09:00
Seller Status,20.0,0.0,success,False,2026-08-21T01:35:28.840990+09:00
Seller Stub,,,failed,False,2026-08-21T01:37:39.215530+09:00
Seller Studio,70.0,6.0,success,False,2026-08-21T01:40:31.088878+09:00
Seller Subsidy,70.0,0.0,success,False,2026-08-23T15:51:59.728812+09:00
Seller Sum,,,failed,False,2026-08-21T02:28:40.448172+09:00
Seller Summary,,,failed,False,2026-08-21T01:35:28.840990+09:00
Seller Surtax,,,failed,False,2026-08-23T15:52:02.827883+09:00
Seller Tab,,,failed,False,2026-08-21T01:37:57.190809+09:00
Seller Table,10.0,9.0,success,False,2026-08-21T01:37:16.023011+09:00
Seller Tag,50.0,27.0,success,False,2026-08-21T01:35:28.840990+09:00
Seller Tariff,,,failed,False,2026-08-21T02:45:01.493449+09:00
Seller Tax,90.0,11.0,success,False,2026-08-21T02:12:15.174959+09:00
Seller Terminal,10.0,36.0,success,False,2026-08-21T01:40:39.778843+09:00
Seller Ticker,,,failed,False,2026-08-21T01:44:05.223042+09:00
Seller Ticket,20.0,18.0,success,False,2026-08-21T01:36:44.739122+09:00
Seller Tier,,,failed,False,2026-08-28T00:46:27.391148+09:00
Seller Timeline,,,failed,False,2026-08-21T01:35:28.840990+09:00
Seller Timer,,,failed,False,2026-08-28T00:22:09.034750+09:00
Seller Toll,,,failed,False,2026-08-21T02:44:54.822530+09:00
Seller Toolbox,10.0,5.0,success,False,2026-08-28T00:22:15.974518+09:00
Seller Total,,,failed,False,2026-08-27T23:16:53.480733+09:00
Seller Tower,30.0,2.0,success,False,2026-08-21T01:43:23.087757+09:00
Seller Tracker,140.0,12.0,success,False,2026-08-21T01:38:40.726969+09:00
Seller Trail,,,failed,False,2026-08-21T01:41:12.264242+09:00
Seller Trend,320.0,35.0,success,False,2026-08-28T01:03:27.794966+09:00
Seller Trial,10.0,7.0,success,False,2026-08-27T21:18:16.007823+09:00
Seller Unit,,,failed,False,2026-08-21T01:55:46.721069+09:00
Seller Update,10.0,0.0,success,False,2026-08-21T01:35:28.840990+09:00
Seller Value,10.0,0.0,success,False,2026-08-23T02:58:53.611200+09:00
Seller Vault,30.0,16.0,success,False,2026-08-21T01:39:01.261860+09:00
Seller Version,,,failed,False,2026-08-23T03:15:38.644159+09:00
Seller View,30.0,7.0,success,False,2026-08-21T01:35:28.840990+09:00
Seller Voucher,110.0,2.0,success,False,2026-08-21T01:37:32.925946+09:00
Seller Wallet,110.0,6.0,success,False,2026-08-27T22:51:22.989955+09:00
Seller Watch,30.0,50.0,success,False,2026-08-21T01:39:32.953570+09:00
Seller Wave,10.0,,success,False,2026-08-21T01:39:49.686792+09:00
Seller Widget,,,failed,False,2026-08-27T23:16:56.229281+09:00
Seller Window,,,failed,False,2026-08-21T01:44:14.161023+09:00
Seller Worksheet,,,failed,False,2026-08-27T22:13:56.258937+09:00
Seller Workshop,10.0,0.0,success,False,2026-08-28T00:22:11.514597+09:00
Seller Zone,1900.0,1.0,success,False,2026-08-21T01:40:48.434359+09:00
Semester Advance,,,failed,False,2026-08-23T16:15:40.537214+09:00
Semester Advisory,,,failed,False,2026-08-21T01:38:57.072218+09:00
Semester Alert,,,failed,False,2026-08-21T01:44:28.935205+09:00
Semester Allowance,,,failed,False,2026-08-21T02:45:28.044980+09:00
Semester Analyzer,,,failed,False,2026-08-27T23:52:13.665480+09:00
Semester Announcement,,,failed,False,2026-08-27T23:32:01.853038+09:00
Semester Arrears,,,failed,False,2026-08-23T16:15:37.311219+09:00
Semester Atlas,,,failed,False,2026-08-21T01:42:05.228292+09:00
Semester Badge,,,failed,False,2026-08-21T01:38:24.012895+09:00
Semester Balance,,,failed,False,2026-08-23T13:47:09.314181+09:00
Semester Base,,,failed,False,2026-08-21T01:40:48.434359+09:00
Semester Beacon,,,failed,False,2026-08-21T01:39:52.762519+09:00
Semester Bill,,,failed,False,2026-08-21T01:37:37.070410+09:00
Semester Bin,,,failed,False,2026-08-21T01:44:35.810594+09:00
Semester Board,,,failed,False,2026-08-21T01:40:58.554709+09:00
Semester Bridge,,,failed,False,2026-08-21T01:40:07.956384+09:00
Semester Brief,,,failed,False,2026-08-21T01:38:50.640665+09:00
Semester Bulletin,,,failed,False,2026-08-21T01:38:45.431477+09:00
Semester Calculator,1300.0,0.0,success,True,2026-08-27T23:32:06.818889+09:00
Semester Card,20.0,0.0,success,False,2026-08-21T01:35:26.145041+09:00
Semester Cascade,,,failed,False,2026-08-21T01:40:01.747780+09:00
Semester Cash,,,failed,False,2026-08-21T02:29:27.497336+09:00
Semester Center,,,failed,False,2026-08-21T01:41:18.223212+09:00
Semester Chain,,,failed,False,2026-08-21T01:41:52.008026+09:00
Semester Charge,,,failed,False,2026-08-21T02:45:19.238792+09:00
Semester Chart,10.0,0.0,success,False,2026-08-21T01:44:33.537295+09:00
Semester Check,,,failed,False,2026-08-21T01:35:26.145041+09:00
Semester Checker,,,failed,False,2026-08-27T23:52:05.723363+09:00
Semester Code,10.0,0.0,success,False,2026-08-21T01:37:44.630220+09:00
Semester Comparison,,,failed,False,2026-08-28T01:03:48.385418+09:00
Semester Compass,,,failed,False,2026-08-21T01:39:49.686792+09:00
Semester Confirmation,,,failed,False,2026-08-21T01:39:04.572787+09:00
Semester Console,,,failed,False,2026-08-21T01:41:30.332578+09:00
Semester Contribution,70.0,0.0,success,False,2026-08-23T16:15:33.574414+09:00
Semester Converter,,,failed,False,2026-08-27T23:32:16.065535+09:00
Semester Core,,,failed,False,2026-08-21T01:40:50.890695+09:00
Semester Cost,30.0,0.0,success,False,2026-08-21T02:12:35.738319+09:00
Semester Count,,,failed,False,2026-08-27T22:51:44.321364+09:00
Semester Counter,,,failed,False,2026-08-21T01:43:23.087757+09:00
Semester Deal,,,failed,False,2026-08-21T01:56:23.932930+09:00
Semester Debt,,,failed,False,2026-08-21T02:29:19.301672+09:00
Semester Deck,,,failed,False,2026-08-21T01:41:00.703725+09:00
Semester Desk,,,failed,False,2026-08-21T01:39:32.953570+09:00
Semester Detail,10.0,0.0,success,False,2026-08-23T03:16:31.986562+09:00
Semester Detector,,,failed,False,2026-08-27T23:52:10.807826+09:00
Semester Diagram,,,failed,False,2026-08-27T22:14:21.289312+09:00
Semester Directory,,,failed,False,2026-08-21T01:43:03.421356+09:00
Semester Discount,,,failed,False,2026-08-23T16:15:31.472081+09:00
Semester Downpayment,,,failed,False,2026-08-27T21:49:48.123433+09:00
Semester Draft,,,failed,False,2026-08-21T01:37:05.417257+09:00
Semester Due,,,failed,False,2026-08-23T15:52:10.396341+09:00
Semester Duty,,,failed,False,2026-08-21T02:45:23.002534+09:00
Semester Endowment,,,failed,False,2026-08-23T15:52:13.445418+09:00
Semester Engine,,,failed,False,2026-08-21T01:42:17.039674+09:00
Semester Entry,,,failed,False,2026-08-21T01:39:14.951697+09:00
Semester Estimate,,,failed,False,2026-08-21T01:37:30.941685+09:00
Semester Estimator,,,failed,False,2026-08-27T23:52:02.296949+09:00
Semester Extension,10.0,0.0,success,False,2026-08-23T16:39:43.377708+09:00
Semester Fare,,,failed,False,2026-08-21T02:12:43.354957+09:00
Semester Fee,1300.0,0.0,success,True,2026-08-21T01:56:06.760187+09:00
Semester Feed,,,failed,False,2026-08-21T01:37:02.343165+09:00
Semester File,10.0,0.0,success,False,2026-08-21T01:36:44.739122+09:00
Semester Fine,,,failed,False,2026-08-23T02:52:49.123666+09:00
Semester Flow,,,failed,False,2026-08-21T01:39:25.000691+09:00
Semester Forge,,,failed,False,2026-08-21T01:39:59.295312+09:00
Semester Form,50.0,0.0,success,False,2026-08-21T01:35:26.145041+09:00
Semester Format,,,failed,False,2026-08-23T13:06:20.755041+09:00
Semester Frame,,,failed,False,2026-08-21T01:40:42.553901+09:00
Semester Fund,,,failed,False,2026-08-21T02:29:22.487025+09:00
Semester Gate,,,failed,False,2026-08-21T01:41:56.935291+09:00
Semester Generator,,,failed,False,2026-08-27T23:32:16.065535+09:00
Semester Grid,,,failed,False,2026-08-21T01:40:28.771256+09:00
Semester Guardian,,,failed,False,2026-08-28T00:22:36.820060+09:00
Semester Helpdesk,,,failed,False,2026-08-27T22:51:44.321364+09:00
Semester Helper,,,failed,False,2026-08-28T00:22:39.734824+09:00
Semester History,20.0,0.0,success,False,2026-08-21T01:36:42.310879+09:00
Semester Hub,70.0,2.0,success,False,2026-08-21T01:39:30.579891+09:00
Semester Inbox,,,failed,False,2026-08-21T01:44:23.485240+09:00
Semester Index,10.0,1.0,success,False,2026-08-21T01:37:24.140763+09:00
Semester Installment,,,failed,False,2026-08-23T16:15:31.472081+09:00
Semester Item,,,failed,False,2026-08-21T01:56:10.239205+09:00
Semester Journal,,,failed,False,2026-08-21T01:42:53.677401+09:00
Semester Keeper,,,failed,False,2026-08-21T01:42:07.777661+09:00
Semester Lab,,,failed,False,2026-08-21T01:41:08.747647+09:00
Semester Label,,,failed,False,2026-08-27T22:14:17.347960+09:00
Semester Ledger,,,failed,False,2026-08-21T01:40:55.486600+09:00
Semester Level,10.0,0.0,success,False,2026-08-21T01:36:50.253581+09:00
Semester Levy,,,failed,False,2026-08-23T13:47:11.410642+09:00
Semester Line,,,failed,False,2026-08-21T01:35:26.145041+09:00
Semester Link,10.0,0.0,success,False,2026-08-23T03:16:23.757716+09:00
Semester List,30.0,0.0,success,False,2026-08-21T01:37:48.907066+09:00
Semester Loan,20.0,11.0,success,False,2026-08-21T02:12:54.787375+09:00
Semester Lobby,,,failed,False,2026-08-21T01:35:26.145041+09:00
Semester Locator,,,failed,False,2026-08-21T01:43:07.474360+09:00
Semester Locker,,,failed,False,2026-08-21T01:43:27.778790+09:00
Semester Log,10.0,0.0,success,False,2026-08-21T01:35:26.145041+09:00
Semester Loop,,,failed,False,2026-08-21T01:40:23.040836+09:00
Semester Manager,10.0,0.0,success,False,2026-08-21T01:42:11.023754+09:00
Semester Manual,,,failed,False,2026-08-27T22:14:17.347960+09:00
Semester Map,320.0,2.0,success,False,2026-08-21T01:40:39.778843+09:00
Semester Memo,,,failed,False,2026-08-21T01:38:35.952865+09:00
Semester Message,,,failed,False,2026-08-27T23:09:59.459850+09:00
Semester Monitor,,,failed,False,2026-08-21T01:42:34.994206+09:00
Semester Nexus,,,failed,False,2026-08-21T01:42:02.866390+09:00
Semester Note,,,failed,False,2026-08-21T01:35:26.145041+09:00
Semester Notification,,,failed,False,2026-08-27T22:51:39.171829+09:00
Semester Number,40.0,0.0,success,False,2026-08-23T03:16:15.944869+09:00
Semester Office,,,failed,False,2026-08-21T01:43:18.678031+09:00
Semester Ops,,,failed,False,2026-08-21T01:42:46.013630+09:00
Semester Order,,,failed,False,2026-08-21T01:37:32.925946+09:00
Semester Overage,,,failed,False,2026-08-27T21:49:45.629659+09:00
Semester Overdue,,,failed,False,2026-08-27T21:49:42.725472+09:00
Semester Panel,10.0,0.0,success,False,2026-08-21T01:41:33.473055+09:00
Semester Pass,70.0,0.0,success,False,2026-08-21T01:38:12.819970+09:00
Semester Passport,,,failed,False,2026-08-21T01:35:26.145041+09:00
Semester Path,,,failed,False,2026-08-21T01:40:33.133691+09:00
Semester Payoff,,,failed,False,2026-08-27T21:49:42.725472+09:00
Semester Penalty,,,failed,False,2026-08-23T16:39:41.135046+09:00
Semester Petition,,,failed,False,2026-08-21T01:39:01.261860+09:00
Semester Plan,1300.0,43.0,success,False,2026-08-21T01:56:19.157693+09:00
Semester Planner,1300.0,43.0,success,False,2026-08-21T01:42:27.221916+09:00
Semester Playbook,,,failed,False,2026-08-21T01:42:48.869153+09:00
Semester Point,4400.0,0.0,success,True,2026-08-21T01:40:37.729948+09:00
Semester Portal,70.0,2.0,success,False,2026-08-21T01:41:25.621539+09:00
Semester Preview,,,failed,False,2026-08-28T01:03:51.516264+09:00
Semester Profile,,,failed,False,2026-08-21T01:35:28.840990+09:00
Semester Profit,,,failed,False,2026-08-23T02:52:37.533661+09:00
Semester Proposal,,,failed,False,2026-08-28T01:03:51.516264+09:00
Semester Quota,,,failed,False,2026-08-21T01:38:40.726969+09:00
Semester Radar,,,failed,False,2026-08-21T01:39:38.707543+09:00
Semester Rank,,,failed,False,2026-08-28T00:46:39.262631+09:00
Semester Rate,,,failed,False,2026-08-21T01:36:55.107278+09:00
Semester Recap,40.0,0.0,success,False,2026-08-21T01:39:12.504942+09:00
Semester Receipt,,,failed,False,2026-08-21T01:37:39.215530+09:00
Semester Recorder,,,failed,False,2026-08-27T23:32:20.228429+09:00
Semester Register,10.0,0.0,success,False,2026-08-21T01:42:43.370438+09:00
Semester Relay,,,failed,False,2026-08-21T01:39:42.723562+09:00
Semester Reminder,,,failed,False,2026-08-21T01:37:19.276865+09:00
Semester Report,170.0,0.0,success,False,2026-08-21T01:35:26.145041+09:00
Semester Result,4400.0,0.0,success,True,2026-08-28T00:46:36.452526+09:00
Semester Ring,,,failed,False,2026-08-21T01:41:54.360418+09:00
Semester Roll,,,failed,False,2026-08-21T01:35:26.145041+09:00
Semester Roster,,,failed,False,2026-08-21T01:44:20.732547+09:00
Semester Route,,,failed,False,2026-08-21T01:41:42.095051+09:00
Semester Rule,,,failed,False,2026-08-23T03:16:26.068243+09:00
Semester Sale,,,failed,False,2026-08-21T02:29:31.555266+09:00
Semester Sample,,,failed,False,2026-08-21T01:38:06.302240+09:00
Semester Scale,,,failed,False,2026-08-21T01:41:39.026443+09:00
Semester Scanner,,,failed,False,2026-08-27T23:52:08.286767+09:00
Semester Score,10.0,0.0,success,False,2026-08-21T01:35:26.145041+09:00
Semester Sheet,,,failed,False,2026-08-21T01:35:26.145041+09:00
Semester Shortfall,,,failed,False,2026-08-27T21:49:48.123433+09:00
Semester Signal,,,failed,False,2026-08-21T01:40:09.996962+09:00
Semester Slip,,,failed,False,2026-08-21T01:37:57.190809+09:00
Semester Slot,,,failed,False,2026-08-21T01:38:08.891636+09:00
Semester Stake,,,failed,False,2026-08-23T02:52:43.639669+09:00
Semester Statement,,,failed,False,2026-08-21T01:38:34.046103+09:00
Semester Station,,,failed,False,2026-08-21T01:41:12.264242+09:00
Semester Status,170.0,0.0,success,False,2026-08-21T01:35:28.840990+09:00
Semester Stipend,,,failed,False,2026-08-23T13:47:11.410642+09:00
Semester Streak,,,failed,False,2026-08-28T00:46:36.452526+09:00
Semester Stub,,,failed,False,2026-08-21T01:38:26.164281+09:00
Semester Studio,10.0,0.0,success,False,2026-08-21T01:41:06.507181+09:00
Semester Subsidy,,,failed,False,2026-08-23T15:52:13.445418+09:00
Semester Sum,,,failed,False,2026-08-21T02:29:14.750230+09:00
Semester Summary,10.0,0.0,success,False,2026-08-21T01:37:11.320785+09:00
Semester Surtax,,,failed,False,2026-08-23T15:52:15.458518+09:00
Semester Tab,,,failed,False,2026-08-21T01:38:42.867462+09:00
Semester Table,,,failed,False,2026-08-21T01:37:51.952894+09:00
Semester Tag,,,failed,False,2026-08-21T01:35:26.145041+09:00
Semester Tariff,,,failed,False,2026-08-21T02:45:31.753294+09:00
Semester Tax,10.0,0.0,success,False,2026-08-21T02:12:49.636286+09:00
Semester Terminal,,,failed,False,2026-08-21T01:41:16.296353+09:00
Semester Ticker,,,failed,False,2026-08-21T01:35:26.145041+09:00
Semester Ticket,720.0,0.0,success,False,2026-08-21T01:37:26.126762+09:00
Semester Timeline,30.0,1.0,success,False,2026-08-21T01:37:16.023011+09:00
Semester Timer,10.0,7.0,success,False,2026-08-28T00:22:31.262546+09:00
Semester Toll,,,failed,False,2026-08-21T02:45:25.368857+09:00
Semester Toolbox,,,failed,False,2026-08-28T00:22:39.734824+09:00
Semester Tracker,110.0,6.0,success,False,2026-08-21T01:39:21.617747+09:00
Semester Trend,,,failed,False,2026-08-28T01:03:48.385418+09:00
Semester Trial,,,failed,False,2026-08-27T21:18:48.752837+09:00
Semester Unit,260.0,1.0,success,False,2026-08-21T01:56:16.843249+09:00
Semester Update,10.0,0.0,success,False,2026-08-21T01:36:57.667235+09:00
Semester Value,,,failed,False,2026-08-23T02:52:39.945062+09:00
Semester Vault,,,failed,False,2026-08-21T01:39:45.118535+09:00
Semester Version,,,failed,False,2026-08-23T03:16:19.788711+09:00
Semester View,,,failed,False,2026-08-21T01:36:36.837653+09:00
Semester Voucher,,,failed,False,2026-08-21T01:38:18.535087+09:00
Semester Watch,50.0,77.0,success,False,2026-08-21T01:40:15.311910+09:00
Semester Wave,,,failed,False,2026-08-21T01:40:31.088878+09:00
Semester Widget,,,failed,False,2026-08-27T23:10:02.620929+09:00
Semester Window,,,failed,False,2026-08-21T01:35:26.145041+09:00
Semester Worksheet,10.0,0.0,success,False,2026-08-27T22:14:17.347960+09:00
Semester Zone,,,failed,False,2026-08-21T01:41:20.184116+09:00
Seniority Advance,,,failed,False,2026-08-23T16:16:09.972976+09:00
Seniority Advisory,,,failed,False,2026-08-21T01:19:27.364478+09:00
Seniority Alert,,,failed,False,2026-08-21T01:26:17.676069+09:00
Seniority Allowance,70.0,0.0,success,False,2026-08-21T02:44:28.484946+09:00
Seniority Analyzer,,,failed,False,2026-08-27T23:54:32.984482+09:00
Seniority Arrears,,,failed,False,2026-08-23T16:16:09.972976+09:00
Seniority Assistant,,,failed,False,2026-08-21T01:24:06.863305+09:00
Seniority Atlas,,,failed,False,2026-08-21T01:24:06.863305+09:00
Seniority Badge,,,failed,False,2026-08-21T01:18:40.477010+09:00
Seniority Base,,,failed,False,2026-08-21T01:21:44.173750+09:00
Seniority Bay,,,failed,False,2026-08-21T01:25:27.220112+09:00
Seniority Beacon,,,failed,False,2026-08-21T01:20:34.277114+09:00
Seniority Bill,,,failed,False,2026-08-21T01:17:49.809423+09:00
Seniority Bin,,,failed,False,2026-08-21T01:26:25.836028+09:00
Seniority Board,,,failed,False,2026-08-21T01:21:56.845957+09:00
Seniority Booth,,,failed,False,2026-08-21T01:25:14.873207+09:00
Seniority Bridge,,,failed,False,2026-08-21T01:20:45.332631+09:00
Seniority Brief,,,failed,False,2026-08-21T01:19:18.289018+09:00
Seniority Bulletin,,,failed,False,2026-08-21T01:19:12.546892+09:00
Seniority Calculator,50.0,0.0,success,False,2026-08-27T23:33:41.786723+09:00
Seniority Card,70.0,0.0,success,False,2026-08-21T01:15:46.981049+09:00
Seniority Cascade,,,failed,False,2026-08-21T01:20:42.577799+09:00
Seniority Cash,,,failed,False,2026-08-21T02:28:03.624635+09:00
Seniority Category,,,failed,False,2026-08-23T13:06:17.940469+09:00
Seniority Center,,,failed,False,2026-08-21T01:22:31.268942+09:00
Seniority Chain,,,failed,False,2026-08-21T01:24:06.863305+09:00
Seniority Charge,,,failed,False,2026-08-21T02:44:16.067023+09:00
Seniority Chart,10.0,0.0,success,False,2026-08-21T01:26:22.503532+09:00
Seniority Check,,,failed,False,2026-08-21T01:15:58.855612+09:00
Seniority Checker,,,failed,False,2026-08-27T23:54:27.974840+09:00
Seniority Circular,,,failed,False,2026-08-21T01:19:23.070915+09:00
Seniority Code,,,failed,False,2026-08-21T01:17:57.482592+09:00
Seniority Companion,,,failed,False,2026-08-21T01:25:25.610946+09:00
Seniority Comparison,,,failed,False,2026-08-28T01:05:52.718366+09:00
Seniority Compass,,,failed,False,2026-08-21T01:20:28.588615+09:00
Seniority Confirmation,,,failed,False,2026-08-21T01:19:35.649490+09:00
Seniority Console,,,failed,False,2026-08-21T01:22:46.544366+09:00
Seniority Contribution,,,failed,False,2026-08-23T16:16:06.207689+09:00
Seniority Core,,,failed,False,2026-08-21T01:21:49.678224+09:00
Seniority Cost,,,failed,False,2026-08-21T02:11:01.471090+09:00
Seniority Count,,,failed,False,2026-08-27T22:45:32.227130+09:00
Seniority Counter,,,failed,False,2026-08-21T01:25:25.610946+09:00
Seniority Deal,,,failed,False,2026-08-21T01:54:12.034921+09:00
Seniority Debt,170.0,0.0,success,False,2026-08-21T02:27:57.187073+09:00
Seniority Deck,,,failed,False,2026-08-21T01:22:01.103254+09:00
Seniority Desk,,,failed,False,2026-08-21T01:20:03.244208+09:00
Seniority Detail,,,failed,False,2026-08-23T03:15:49.113628+09:00
Seniority Detector,,,failed,False,2026-08-27T23:54:30.615711+09:00
Seniority Directory,,,failed,False,2026-08-21T01:25:25.610946+09:00
Seniority Discount,10.0,0.0,success,False,2026-08-23T16:16:00.073730+09:00
Seniority Downpayment,,,failed,False,2026-08-27T21:50:39.210391+09:00
Seniority Draft,,,failed,False,2026-08-21T01:23:07.832051+09:00
Seniority Due,,,failed,False,2026-08-23T15:52:20.216125+09:00
Seniority Duty,,,failed,False,2026-08-21T02:44:18.914187+09:00
Seniority Engine,,,failed,False,2026-08-21T01:24:06.863305+09:00
Seniority Entry,,,failed,False,2026-08-21T01:21:07.466451+09:00
Seniority Estimate,,,failed,False,2026-08-21T01:17:41.245351+09:00
Seniority Estimator,,,failed,False,2026-08-27T23:54:25.594721+09:00
Seniority Fare,,,failed,False,2026-08-21T02:11:07.536158+09:00
Seniority Fee,,,failed,False,2026-08-21T01:53:54.647379+09:00
Seniority Feed,,,failed,False,2026-08-21T01:17:02.274965+09:00
Seniority File,,,failed,False,2026-08-21T01:16:42.417120+09:00
Seniority Fine,,,failed,False,2026-08-23T02:58:49.315026+09:00
Seniority Flow,,,failed,False,2026-08-21T01:19:54.964370+09:00
Seniority Forge,,,failed,False,2026-08-21T01:21:07.466451+09:00
Seniority Form,10.0,0.0,success,False,2026-08-21T01:15:44.374236+09:00
Seniority Frame,,,failed,False,2026-08-21T01:21:39.994879+09:00
Seniority Fund,,,failed,False,2026-08-21T02:28:00.693334+09:00
Seniority Gate,,,failed,False,2026-08-21T01:24:06.863305+09:00
Seniority Graph,,,failed,False,2026-08-27T22:15:19.748218+09:00
Seniority Grid,,,failed,False,2026-08-21T01:21:16.120431+09:00
Seniority Guarantee,,,failed,False,2026-08-28T01:06:00.663079+09:00
Seniority Guardian,,,failed,False,2026-08-28T00:24:29.963051+09:00
Seniority Helpdesk,,,failed,False,2026-08-27T22:45:37.997038+09:00
Seniority Helper,,,failed,False,2026-08-28T00:24:32.431629+09:00
Seniority History,,,failed,False,2026-08-21T01:16:40.172400+09:00
Seniority Hub,,,failed,False,2026-08-21T01:20:01.120246+09:00
Seniority Identifier,,,failed,False,2026-08-23T13:06:13.755843+09:00
Seniority Inbox,,,failed,False,2026-08-21T01:26:13.869304+09:00
Seniority Index,10.0,0.0,success,False,2026-08-21T01:17:30.839165+09:00
Seniority Installment,,,failed,False,2026-08-23T16:16:03.366904+09:00
Seniority Item,,,failed,False,2026-08-21T01:54:02.992561+09:00
Seniority Journal,,,failed,False,2026-08-21T01:25:25.610946+09:00
Seniority Keeper,,,failed,False,2026-08-21T01:24:06.863305+09:00
Seniority Lab,,,failed,False,2026-08-21T01:22:09.935224+09:00
Seniority Label,,,failed,False,2026-08-27T22:15:19.748218+09:00
Seniority Ledger,,,failed,False,2026-08-21T01:21:53.775872+09:00
Seniority Level,720.0,0.0,success,False,2026-08-21T01:16:47.227660+09:00
Seniority Line,,,failed,False,2026-08-21T01:26:47.452980+09:00
Seniority Link,,,failed,False,2026-08-23T03:15:41.007114+09:00
Seniority List,3600.0,0.0,success,True,2026-08-21T01:18:04.111706+09:00
Seniority Loan,10.0,0.0,success,False,2026-08-21T02:11:15.261095+09:00
Seniority Lobby,,,failed,False,2026-08-21T01:26:35.509450+09:00
Seniority Locator,,,failed,False,2026-08-21T01:25:25.610946+09:00
Seniority Locker,,,failed,False,2026-08-21T01:25:25.610946+09:00
Seniority Log,,,failed,False,2026-08-21T01:15:38.767814+09:00
Seniority Loop,,,failed,False,2026-08-21T01:21:10.960024+09:00
Seniority Manager,,,failed,False,2026-08-21T01:24:06.863305+09:00
Seniority Manual,,,failed,False,2026-08-27T22:15:25.153546+09:00
Seniority Map,,,failed,False,2026-08-21T01:21:34.003833+09:00
Seniority Margin,,,failed,False,2026-08-23T02:58:45.466254+09:00
Seniority Markup,,,failed,False,2026-08-23T16:40:00.457844+09:00
Seniority Memo,,,failed,False,2026-08-21T01:18:56.365360+09:00
Seniority Monitor,,,failed,False,2026-08-21T01:25:25.610946+09:00
Seniority Nexus,,,failed,False,2026-08-21T01:24:06.863305+09:00
Seniority Note,,,failed,False,2026-08-21T01:16:10.496497+09:00
Seniority Notification,,,failed,False,2026-08-27T22:45:23.426349+09:00
Seniority Number,90.0,0.0,success,False,2026-08-23T03:15:35.333103+09:00
Seniority Office,,,failed,False,2026-08-21T01:25:25.610946+09:00
Seniority Ops,,,failed,False,2026-08-21T01:25:25.610946+09:00
Seniority Order,110.0,0.0,success,False,2026-08-21T01:17:43.825232+09:00
Seniority Outpost,,,failed,False,2026-08-21T01:25:38.275036+09:00
Seniority Overage,,,failed,False,2026-08-27T21:50:39.210391+09:00
Seniority Overdue,,,failed,False,2026-08-27T21:50:34.815891+09:00
Seniority Panel,,,failed,False,2026-08-21T01:22:49.559882+09:00
Seniority Pass,,,failed,False,2026-08-21T01:18:29.664706+09:00
Seniority Passport,,,failed,False,2026-08-21T01:26:31.620928+09:00
Seniority Path,,,failed,False,2026-08-21T01:21:27.496774+09:00
Seniority Payoff,,,failed,False,2026-08-27T21:50:37.116413+09:00
Seniority Penalty,,,failed,False,2026-08-23T16:39:58.056757+09:00
Seniority Petition,,,failed,False,2026-08-21T01:19:32.138069+09:00
Seniority Plan,,,failed,False,2026-08-21T01:54:08.146374+09:00
Seniority Planner,,,failed,False,2026-08-21T01:24:06.863305+09:00
Seniority Playbook,,,failed,False,2026-08-21T01:25:25.610946+09:00
Seniority Plaza,,,failed,False,2026-08-21T01:25:40.338227+09:00
Seniority Point,,,failed,False,2026-08-21T01:21:31.170741+09:00
Seniority Portal,10.0,0.0,success,False,2026-08-21T01:22:35.639513+09:00
Seniority Post,,,failed,False,2026-08-21T01:25:32.459822+09:00
Seniority Preview,,,failed,False,2026-08-28T01:05:55.431564+09:00
Seniority Profile,,,failed,False,2026-08-21T01:16:21.248035+09:00
Seniority Profit,,,failed,False,2026-08-23T02:58:39.272586+09:00
Seniority Proposal,,,failed,False,2026-08-28T01:05:58.030505+09:00
Seniority Quota,,,failed,False,2026-08-21T01:19:00.586921+09:00
Seniority Radar,,,failed,False,2026-08-21T01:20:09.112300+09:00
Seniority Rail,,,failed,False,2026-08-21T01:23:03.958708+09:00
Seniority Rank,,,failed,False,2026-08-28T00:47:36.206546+09:00
Seniority Rate,,,failed,False,2026-08-21T01:16:53.151150+09:00
Seniority Recap,,,failed,False,2026-08-21T01:19:38.759789+09:00
Seniority Receipt,,,failed,False,2026-08-21T01:35:21.006069+09:00
Seniority Recorder,,,failed,False,2026-08-27T23:33:41.786723+09:00
Seniority Register,,,failed,False,2026-08-21T01:25:25.610946+09:00
Seniority Relay,,,failed,False,2026-08-21T01:20:18.165253+09:00
Seniority Reminder,,,failed,False,2026-08-21T01:17:27.975074+09:00
Seniority Report,50.0,0.0,success,False,2026-08-21T01:15:34.329365+09:00
Seniority Repository,,,failed,False,2026-08-27T23:11:25.184143+09:00
Seniority Ring,,,failed,False,2026-08-21T01:24:06.863305+09:00
Seniority Roll,,,failed,False,2026-08-21T01:15:30.378271+09:00
Seniority Roster,40.0,0.0,success,False,2026-08-21T01:26:08.809687+09:00
Seniority Route,,,failed,False,2026-08-21T01:22:59.410874+09:00
Seniority Rule,720.0,0.0,success,False,2026-08-23T03:15:44.979812+09:00
Seniority Sale,,,failed,False,2026-08-21T02:28:08.522679+09:00
Seniority Sample,,,failed,False,2026-08-21T01:18:19.084511+09:00
Seniority Scale,10.0,0.0,success,False,2026-08-21T01:22:55.105207+09:00
Seniority Scanner,,,failed,False,2026-08-27T23:54:30.615711+09:00
Seniority Scheduler,,,failed,False,2026-08-21T01:25:25.610946+09:00
Seniority Scope,,,failed,False,2026-08-21T01:21:04.299416+09:00
Seniority Score,,,failed,False,2026-08-21T01:16:05.290341+09:00
Seniority Sheet,,,failed,False,2026-08-21T01:15:52.922484+09:00
Seniority Shelf,,,failed,False,2026-08-21T01:26:02.106014+09:00
Seniority Shortfall,,,failed,False,2026-08-27T21:50:42.355855+09:00
Seniority Signal,,,failed,False,2026-08-21T01:20:51.576504+09:00
Seniority Slip,,,failed,False,2026-08-21T01:18:13.948377+09:00
Seniority Slot,,,failed,False,2026-08-21T01:18:23.588658+09:00
Seniority Stake,,,failed,False,2026-08-23T02:58:45.466254+09:00
Seniority Statement,,,failed,False,2026-08-21T01:18:50.592866+09:00
Seniority Station,,,failed,False,2026-08-21T01:22:20.767459+09:00
Seniority Status,20.0,0.0,success,False,2026-08-21T01:16:26.293455+09:00
Seniority Stipend,,,failed,False,2026-08-23T13:47:15.992604+09:00
Seniority Stub,,,failed,False,2026-08-21T01:18:44.582130+09:00
Seniority Studio,,,failed,False,2026-08-21T01:22:07.036293+09:00
Seniority Sum,,,failed,False,2026-08-21T02:27:51.067603+09:00
Seniority Summary,,,failed,False,2026-08-21T01:17:14.231029+09:00
Seniority Tab,,,failed,False,2026-08-21T01:19:07.466825+09:00
Seniority Table,170.0,0.0,success,False,2026-08-21T01:18:06.634708+09:00
Seniority Tag,,,failed,False,2026-08-21T01:16:15.267590+09:00
Seniority Tariff,,,failed,False,2026-08-21T02:44:32.833058+09:00
Seniority Tax,,,failed,False,2026-08-21T02:11:11.149564+09:00
Seniority Terminal,,,failed,False,2026-08-21T01:22:27.198742+09:00
Seniority Ticker,,,failed,False,2026-08-21T01:26:44.593664+09:00
Seniority Ticket,,,failed,False,2026-08-21T01:17:36.062470+09:00
Seniority Tier,,,failed,False,2026-08-28T00:47:36.206546+09:00
Seniority Timeline,,,failed,False,2026-08-21T01:17:22.537676+09:00
Seniority Toll,,,failed,False,2026-08-21T02:44:22.791251+09:00
Seniority Toolbox,,,failed,False,2026-08-28T00:24:29.963051+09:00
Seniority Tracker,,,failed,False,2026-08-21T01:19:51.249504+09:00
Seniority Trail,,,failed,False,2026-08-21T01:24:06.863305+09:00
Seniority Trend,,,failed,False,2026-08-28T01:05:52.718366+09:00
Seniority Trial,,,failed,False,2026-08-27T21:19:36.835808+09:00
Seniority Unit,,,failed,False,2026-08-21T01:54:04.879612+09:00
Seniority Update,,,failed,False,2026-08-21T01:16:56.595304+09:00
Seniority Value,,,failed,False,2026-08-23T02:58:43.358109+09:00
Seniority Vault,,,failed,False,2026-08-21T01:20:23.926123+09:00
Seniority Version,,,failed,False,2026-08-23T03:15:38.644159+09:00
Seniority View,,,failed,False,2026-08-21T01:16:32.710448+09:00
Seniority Voucher,,,failed,False,2026-08-21T01:18:36.012476+09:00
Seniority Watch,,,failed,False,2026-08-21T01:20:58.036999+09:00
Seniority Wave,,,failed,False,2026-08-21T01:21:21.287654+09:00
Seniority Widget,20.0,0.0,success,False,2026-08-27T23:11:21.967752+09:00
Seniority Window,,,failed,False,2026-08-21T01:15:25.336646+09:00
Seniority Worksheet,,,failed,False,2026-08-27T22:15:25.153546+09:00
Seniority Workshop,,,failed,False,2026-08-28T00:24:27.565309+09:00
Seniority Yard,,,failed,False,2026-08-21T01:25:39.259226+09:00
Seniority Zone,,,failed,False,2026-08-21T01:22:33.143231+09:00
Sentiment Advisory,,,failed,False,2026-08-21T01:25:35.678615+09:00
Sentiment Alert,,,failed,False,2026-08-21T01:23:16.298800+09:00
Sentiment Allowance,,,failed,False,2026-08-21T02:41:10.290966+09:00
Sentiment Analyzer,260.0,20.0,success,False,2026-08-27T23:58:14.186756+09:00
Sentiment Assistant,,,failed,False,2026-08-21T01:18:42.442648+09:00
Sentiment Atlas,,,failed,False,2026-08-21T01:18:21.129763+09:00
Sentiment Badge,,,failed,False,2026-08-21T01:24:51.973946+09:00
Sentiment Base,,,failed,False,2026-08-21T01:16:28.829039+09:00
Sentiment Beacon,,,failed,False,2026-08-21T01:26:47.452980+09:00
Sentiment Bill,,,failed,False,2026-08-21T01:24:08.790137+09:00
Sentiment Bin,,,failed,False,2026-08-21T01:21:24.061904+09:00
Sentiment Board,,,failed,False,2026-08-21T01:16:44.690020+09:00
Sentiment Booth,,,failed,False,2026-08-21T01:20:05.793508+09:00
Sentiment Bridge,,,failed,False,2026-08-21T01:15:31.943617+09:00
Sentiment Brief,,,failed,False,2026-08-21T01:25:40.979194+09:00
Sentiment Bulletin,,,failed,False,2026-08-21T01:25:37.604117+09:00
Sentiment Calculator,10.0,24.0,success,False,2026-08-27T23:35:50.995626+09:00
Sentiment Calendar,,,failed,False,2026-08-21T01:21:05.247176+09:00
Sentiment Card,480.0,100.0,success,False,2026-08-21T01:22:09.935224+09:00
Sentiment Cascade,,,failed,False,2026-08-21T01:15:26.988997+09:00
Sentiment Cash,,,failed,False,2026-08-21T02:24:19.138497+09:00
Sentiment Center,,,failed,False,2026-08-21T01:17:18.123686+09:00
Sentiment Chain,,,failed,False,2026-08-21T01:17:59.788687+09:00
Sentiment Charge,,,failed,False,2026-08-21T02:40:49.577434+09:00
Sentiment Chart,170.0,4.0,success,False,2026-08-21T01:21:19.183876+09:00
Sentiment Check,70.0,19.0,success,False,2026-08-21T01:22:23.798217+09:00
Sentiment Checker,70.0,19.0,success,False,2026-08-27T23:58:05.711455+09:00
Sentiment Circular,,,failed,False,2026-08-21T01:25:31.138326+09:00
Sentiment Code,,,failed,False,2026-08-21T01:24:51.313627+09:00
Sentiment Companion,,,failed,False,2026-08-21T01:21:05.247176+09:00
Sentiment Comparison,,,failed,False,2026-08-28T01:08:56.786303+09:00
Sentiment Compass,,,failed,False,2026-08-21T01:26:39.674761+09:00
Sentiment Confirmation,,,failed,False,2026-08-21T01:25:43.368101+09:00
Sentiment Console,,,failed,False,2026-08-21T01:17:33.437690+09:00
Sentiment Core,,,failed,False,2026-08-21T01:16:36.813672+09:00
Sentiment Cost,,,failed,False,2026-08-21T02:07:34.217644+09:00
Sentiment Count,,,failed,False,2026-08-27T22:49:02.475082+09:00
Sentiment Counter,,,failed,False,2026-08-21T01:19:57.563871+09:00
Sentiment Deal,,,failed,False,2026-08-21T01:50:11.823899+09:00
Sentiment Debt,,,failed,False,2026-08-21T02:24:12.217966+09:00
Sentiment Deck,,,failed,False,2026-08-21T01:16:50.383045+09:00
Sentiment Desk,,,failed,False,2026-08-21T01:26:19.673494+09:00
Sentiment Detail,,,failed,False,2026-08-23T03:21:56.707046+09:00
Sentiment Detector,,,failed,False,2026-08-27T23:58:08.716476+09:00
Sentiment Diagram,,,failed,False,2026-08-27T22:10:29.150854+09:00
Sentiment Directory,,,failed,False,2026-08-21T01:19:38.759789+09:00
Sentiment Downpayment,,,failed,False,2026-08-27T21:47:00.631100+09:00
Sentiment Draft,,,failed,False,2026-08-21T01:23:30.836605+09:00
Sentiment Duty,,,failed,False,2026-08-21T02:40:59.157491+09:00
Sentiment Engine,20.0,31.0,success,False,2026-08-21T01:18:37.282523+09:00
Sentiment Entry,,,failed,False,2026-08-21T01:26:01.379135+09:00
Sentiment Estimate,,,failed,False,2026-08-21T01:23:50.887102+09:00
Sentiment Estimator,,,failed,False,2026-08-27T23:58:03.075368+09:00
Sentiment Fare,,,failed,False,2026-08-21T02:07:46.443072+09:00
Sentiment Fee,,,failed,False,2026-08-21T01:59:59.476692+09:00
Sentiment Feed,,,failed,False,2026-08-21T01:23:24.077688+09:00
Sentiment File,,,failed,False,2026-08-21T01:23:01.482269+09:00
Sentiment Fine,,,failed,False,2026-08-23T02:56:14.910502+09:00
Sentiment Flow,,,failed,False,2026-08-21T01:26:12.180385+09:00
Sentiment Forge,,,failed,False,2026-08-21T01:15:16.012738+09:00
Sentiment Form,,,failed,False,2026-08-21T01:22:03.238360+09:00
Sentiment Frame,20.0,100.0,success,False,2026-08-21T01:16:25.156844+09:00
Sentiment Fund,10.0,0.0,success,False,2026-08-21T02:24:14.838617+09:00
Sentiment Gate,,,failed,False,2026-08-21T01:18:13.374383+09:00
Sentiment Graph,50.0,2.0,success,False,2026-08-27T22:10:19.864578+09:00
Sentiment Grid,,,failed,False,2026-08-21T01:15:55.134469+09:00
Sentiment Helper,,,failed,False,2026-08-28T00:27:06.057605+09:00
Sentiment History,10.0,,success,False,2026-08-21T01:22:57.277421+09:00
Sentiment Hub,,,failed,False,2026-08-21T01:26:17.676069+09:00
Sentiment Identifier,,,failed,False,2026-08-23T13:09:14.949045+09:00
Sentiment Inbox,,,failed,False,2026-08-21T01:21:06.488842+09:00
Sentiment Index,590.0,3.0,success,False,2026-08-21T01:35:21.006069+09:00
Sentiment Item,,,failed,False,2026-08-21T02:00:02.001462+09:00
Sentiment Journal,,,failed,False,2026-08-21T01:19:25.139986+09:00
Sentiment Keeper,,,failed,False,2026-08-21T01:18:26.670234+09:00
Sentiment Lab,,,failed,False,2026-08-21T01:16:58.879155+09:00
Sentiment Label,20.0,0.0,success,False,2026-08-27T22:10:23.604541+09:00
Sentiment Ledger,,,failed,False,2026-08-21T01:16:40.172400+09:00
Sentiment Level,20.0,0.0,success,False,2026-08-21T01:23:05.026470+09:00
Sentiment Line,,,failed,False,2026-08-21T01:21:42.147576+09:00
Sentiment Link,,,failed,False,2026-08-23T03:21:47.880193+09:00
Sentiment List,20.0,2.0,success,False,2026-08-21T01:24:51.313627+09:00
Sentiment Loan,,,failed,False,2026-08-21T02:07:53.857202+09:00
Sentiment Lobby,,,failed,False,2026-08-21T01:23:16.298800+09:00
Sentiment Locator,,,failed,False,2026-08-21T01:19:45.031880+09:00
Sentiment Locker,,,failed,False,2026-08-21T01:20:03.244208+09:00
Sentiment Log,,,failed,False,2026-08-21T01:21:58.894123+09:00
Sentiment Loop,,,failed,False,2026-08-21T01:15:49.368632+09:00
Sentiment Manager,,,failed,False,2026-08-21T01:18:31.327971+09:00
Sentiment Manual,,,failed,False,2026-08-27T22:10:26.332247+09:00
Sentiment Map,90.0,2.0,success,False,2026-08-21T01:16:18.467523+09:00
Sentiment Margin,,,failed,False,2026-08-23T02:56:08.739557+09:00
Sentiment Memo,,,failed,False,2026-08-21T01:25:07.930638+09:00
Sentiment Monitor,,,failed,False,2026-08-21T01:19:00.586921+09:00
Sentiment Nexus,,,failed,False,2026-08-21T01:18:16.729979+09:00
Sentiment Note,,,failed,False,2026-08-21T01:22:33.143231+09:00
Sentiment Notification,,,failed,False,2026-08-27T22:48:58.866644+09:00
Sentiment Number,,,failed,False,2026-08-23T03:21:40.496452+09:00
Sentiment Office,20.0,2.0,success,False,2026-08-21T01:19:52.973842+09:00
Sentiment Ops,,,failed,False,2026-08-21T01:19:16.110446+09:00
Sentiment Order,,,failed,False,2026-08-21T01:24:06.274325+09:00
Sentiment Outpost,,,failed,False,2026-08-21T01:20:36.811619+09:00
Sentiment Overage,,,failed,False,2026-08-27T21:46:57.331452+09:00
Sentiment Overdue,,,failed,False,2026-08-27T21:46:52.310844+09:00
Sentiment Panel,10.0,38.0,success,False,2026-08-21T01:17:38.451621+09:00
Sentiment Pass,,,failed,False,2026-08-21T01:24:51.313627+09:00
Sentiment Passport,,,failed,False,2026-08-21T01:21:31.170741+09:00
Sentiment Path,,,failed,False,2026-08-21T01:16:08.180396+09:00
Sentiment Payoff,,,failed,False,2026-08-27T21:46:54.698818+09:00
Sentiment Penalty,,,failed,False,2026-08-23T16:38:09.315163+09:00
Sentiment Petition,,,failed,False,2026-08-21T01:25:38.275036+09:00
Sentiment Plan,,,failed,False,2026-08-21T01:50:02.348824+09:00
Sentiment Planner,,,failed,False,2026-08-21T01:23:11.451788+09:00
Sentiment Playbook,,,failed,False,2026-08-21T01:19:18.289018+09:00
Sentiment Point,10.0,0.0,success,False,2026-08-21T01:16:13.958396+09:00
Sentiment Portal,,,failed,False,2026-08-21T01:17:30.839165+09:00
Sentiment Post,,,failed,False,2026-08-21T01:20:30.866856+09:00
Sentiment Profile,10.0,12.0,success,False,2026-08-21T01:22:41.888615+09:00
Sentiment Profit,,,failed,False,2026-08-23T02:56:00.191983+09:00
Sentiment Quota,,,failed,False,2026-08-21T01:25:04.622255+09:00
Sentiment Radar,20.0,14.0,success,False,2026-08-21T01:26:22.503532+09:00
Sentiment Rail,,,failed,False,2026-08-21T01:17:52.131047+09:00
Sentiment Rank,,,failed,False,2026-08-28T00:48:52.338706+09:00
Sentiment Rate,20.0,0.0,success,False,2026-08-21T01:23:12.871826+09:00
Sentiment Recap,,,failed,False,2026-08-21T01:25:51.217837+09:00
Sentiment Receipt,,,failed,False,2026-08-21T01:24:51.313627+09:00
Sentiment Recorder,,,failed,False,2026-08-27T23:35:57.257837+09:00
Sentiment Register,,,failed,False,2026-08-21T01:19:09.689487+09:00
Sentiment Registry,,,failed,False,2026-08-21T01:21:05.247176+09:00
Sentiment Relay,,,failed,False,2026-08-21T01:26:29.214274+09:00
Sentiment Reminder,,,failed,False,2026-08-21T01:23:45.473669+09:00
Sentiment Report,140.0,14.0,success,False,2026-08-21T01:21:56.081167+09:00
Sentiment Repository,,,failed,False,2026-08-27T23:14:49.427940+09:00
Sentiment Result,,,failed,False,2026-08-28T00:48:49.804197+09:00
Sentiment Ring,210.0,100.0,success,False,2026-08-21T01:18:06.634708+09:00
Sentiment Roll,,,failed,False,2026-08-21T01:21:51.595086+09:00
Sentiment Roster,,,failed,False,2026-08-21T01:20:58.036999+09:00
Sentiment Route,,,failed,False,2026-08-21T01:17:46.814722+09:00
Sentiment Rule,,,failed,False,2026-08-23T03:21:54.482997+09:00
Sentiment Sale,10.0,55.0,success,False,2026-08-21T02:24:27.084847+09:00
Sentiment Sample,,,failed,False,2026-08-21T01:24:51.313627+09:00
Sentiment Scale,50.0,3.0,success,False,2026-08-21T01:17:43.825232+09:00
Sentiment Scanner,10.0,27.0,success,False,2026-08-27T23:58:05.711455+09:00
Sentiment Scheduler,,,failed,False,2026-08-21T01:23:11.451788+09:00
Sentiment Scope,10.0,0.0,success,False,2026-08-21T01:15:46.981049+09:00
Sentiment Score,1000.0,6.0,success,False,2026-08-21T01:22:29.239348+09:00
Sentiment Sheet,,,failed,False,2026-08-21T01:22:16.671736+09:00
Sentiment Shortfall,,,failed,False,2026-08-27T21:47:03.271568+09:00
Sentiment Signal,,,failed,False,2026-08-21T01:15:35.859983+09:00
Sentiment Slip,,,failed,False,2026-08-21T01:24:51.313627+09:00
Sentiment Slot,,,failed,False,2026-08-21T01:24:51.313627+09:00
Sentiment Stake,,,failed,False,2026-08-23T02:56:06.421775+09:00
Sentiment Statement,,,failed,False,2026-08-21T01:25:05.827415+09:00
Sentiment Station,,,failed,False,2026-08-21T01:17:06.015996+09:00
Sentiment Status,30.0,0.0,success,False,2026-08-21T01:22:46.544366+09:00
Sentiment Streak,,,failed,False,2026-08-28T00:48:49.804197+09:00
Sentiment Stub,,,failed,False,2026-08-21T01:25:01.384940+09:00
Sentiment Studio,50.0,1.0,success,False,2026-08-21T01:16:55.800452+09:00
Sentiment Sum,,,failed,False,2026-08-21T02:24:08.080909+09:00
Sentiment Summary,,,failed,False,2026-08-21T01:23:38.443967+09:00
Sentiment Tab,,,failed,False,2026-08-21T01:25:14.873207+09:00
Sentiment Table,,,failed,False,2026-08-21T01:24:51.313627+09:00
Sentiment Tag,,,failed,False,2026-08-21T01:22:36.440068+09:00
Sentiment Tariff,,,failed,False,2026-08-21T02:41:14.911892+09:00
Sentiment Tax,,,failed,False,2026-08-21T02:07:48.773154+09:00
Sentiment Terminal,,,failed,False,2026-08-21T01:17:10.053741+09:00
Sentiment Ticker,,,failed,False,2026-08-21T01:21:39.012967+09:00
Sentiment Ticket,,,failed,False,2026-08-21T01:23:52.904904+09:00
Sentiment Tier,,,failed,False,2026-08-28T00:48:52.338706+09:00
Sentiment Timeline,10.0,0.0,success,False,2026-08-21T01:23:35.044251+09:00
Sentiment Toll,,,failed,False,2026-08-21T02:41:02.522533+09:00
Sentiment Toolbox,,,failed,False,2026-08-28T00:27:03.530965+09:00
Sentiment Tracker,140.0,36.0,success,False,2026-08-21T01:26:08.809687+09:00
Sentiment Trail,,,failed,False,2026-08-21T01:17:57.482592+09:00
Sentiment Trend,70.0,3.0,success,False,2026-08-28T01:08:52.515259+09:00
Sentiment Trial,,,failed,False,2026-08-27T21:15:49.145755+09:00
Sentiment Unit,,,failed,False,2026-08-21T02:00:06.443014+09:00
Sentiment Update,,,failed,False,2026-08-21T01:35:21.006069+09:00
Sentiment Value,1220000.0,1.0,success,False,2026-08-23T02:56:03.136754+09:00
Sentiment Vault,,,failed,False,2026-08-21T01:26:35.509450+09:00
Sentiment Version,,,failed,False,2026-08-23T03:21:42.958973+09:00
Sentiment View,,,failed,False,2026-08-21T01:22:51.659146+09:00
Sentiment Voucher,,,failed,False,2026-08-21T01:24:52.705656+09:00
Sentiment Watch,,,failed,False,2026-08-21T01:15:43.149064+09:00
Sentiment Wave,,,failed,False,2026-08-21T01:16:00.251742+09:00
Sentiment Widget,,,failed,False,2026-08-27T23:14:46.468120+09:00
Sentiment Window,,,failed,False,2026-08-21T01:21:46.110216+09:00
Sentiment Worksheet,,,failed,False,2026-08-27T22:10:26.332247+09:00
Sentiment Zone,,,failed,False,2026-08-21T01:17:21.753159+09:00
Service Advance,260.0,1.0,success,False,2026-08-23T16:15:01.314751+09:00
Service Advisory,260.0,0.0,success,False,2026-08-21T01:02:03.687665+09:00
Service Allowance,90.0,0.0,success,False,2026-08-21T02:41:14.911892+09:00
Service Almanac,,,failed,False,2026-08-18T22:04:40.579410+09:00
Service Analyzer,30.0,13.0,success,False,2026-08-27T23:53:07.557701+09:00
Service Anchor,30.0,51.0,success,False,2026-08-17T20:37:28.424048+09:00
Service Arrears,,,failed,False,2026-08-23T16:15:01.314751+09:00
Service Asset,70.0,5.0,success,False,2026-08-23T13:47:31.255092+09:00
Service Assistant,1900.0,1.0,success,False,2026-08-17T23:07:07.612411+09:00
Service Atlas,2400.0,2.0,success,False,2026-08-17T21:37:24.355362+09:00
Service Attribute,110.0,1.0,success,False,2026-08-23T13:07:39.256451+09:00
Service Badge,210.0,23.0,success,False,2026-08-21T00:24:43.469777+09:00
Service Balance,720.0,0.0,success,False,2026-08-23T13:47:23.462533+09:00
Service Base,1000.0,1.0,success,False,2026-08-17T21:33:40.096792+09:00
Service Beacon,10.0,1.0,success,False,2026-08-17T20:40:55.263419+09:00
Service Bill,720.0,3.0,success,False,2026-08-19T21:53:24.173556+09:00
Service Blueprint,27100.0,4.0,success,False,2026-08-18T22:04:32.030179+09:00
Service Board,880.0,44.0,success,False,2026-08-17T21:30:22.425092+09:00
Service Book,9900.0,20.0,success,False,2026-08-19T21:46:20.188818+09:00
Service Bridge,1600.0,34.0,success,False,2026-08-17T20:38:23.394205+09:00
Service Brief,90.0,0.0,success,False,2026-08-21T00:59:50.492128+09:00
Service Bulletin,2900.0,0.0,success,True,2026-08-21T00:59:46.357323+09:00
Service Calendar,260.0,9.0,success,False,2026-08-19T00:01:40.731758+09:00
Service Card,2900.0,3.0,success,False,2026-08-19T13:22:13.329978+09:00
Service Cascade,10.0,0.0,success,False,2026-08-17T20:39:18.247368+09:00
Service Cash,320.0,5.0,success,False,2026-08-21T02:25:35.476201+09:00
Service Cashback,20.0,17.0,success,False,2026-08-26T22:29:25.643786+09:00
Service Catalog,5400.0,4.0,success,False,2026-08-19T21:10:55.875332+09:00
Service Category,1300.0,0.0,success,True,2026-08-23T13:07:37.097248+09:00
Service Center,49500.0,4.0,success,False,2026-08-17T20:42:59.992193+09:00
Service Chain,320.0,1.0,success,False,2026-08-17T20:32:02.325008+09:00
Service Charge,33100.0,0.0,success,True,2026-08-21T02:41:02.522533+09:00
Service Check,3600.0,20.0,success,False,2026-08-19T13:23:14.484254+09:00
Service Checker,3600.0,20.0,success,False,2026-08-27T23:52:54.402675+09:00
Service Checklist,320.0,57.0,success,False,2026-08-19T21:09:59.006110+09:00
Service Circular,40.0,1.0,success,False,2026-08-21T01:02:50.394287+09:00
Service Cockpit,170.0,1.0,success,False,2026-08-17T23:08:38.142070+09:00
Service Code,2900.0,0.0,success,True,2026-08-19T21:53:47.413598+09:00
Service Codex,,,failed,False,2026-08-18T22:05:02.516248+09:00
Service Companion,50.0,0.0,success,False,2026-08-17T23:04:52.831664+09:00
Service Comparison,170.0,27.0,success,False,2026-08-28T01:04:00.519509+09:00
Service Compass,50.0,1.0,success,False,2026-08-17T20:41:47.517366+09:00
Service Compendium,,,failed,False,2026-08-18T22:04:51.222507+09:00
Service Confirmation,260.0,0.0,success,False,2026-08-21T01:00:04.597458+09:00
Service Console,720.0,4.0,success,False,2026-08-17T20:40:34.523017+09:00
Service Copayment,,,failed,False,2026-08-23T16:39:14.026032+09:00
Service Core,4400.0,11.0,success,False,2026-08-17T21:32:40.946824+09:00
Service Cost,2400.0,8.0,success,False,2026-08-21T02:09:26.864571+09:00
Service Count,110.0,0.0,success,False,2026-08-27T22:45:15.401077+09:00
Service Counter,1900.0,54.0,success,False,2026-08-19T00:02:27.896414+09:00
Service Coupon,390.0,4.0,success,False,2026-08-26T22:29:12.332951+09:00
Service Dashboard,480.0,15.0,success,False,2026-08-17T23:10:31.513884+09:00
Service Deal,260.0,13.0,success,False,2026-08-21T01:53:02.269948+09:00
Service Debt,4400.0,9.0,success,False,2026-08-21T02:25:24.803683+09:00
Service Deck,880.0,5.0,success,False,2026-08-17T20:48:02.919436+09:00
Service Depot,390.0,2.0,success,False,2026-08-19T00:02:12.644181+09:00
Service Desk,60500.0,26.0,success,False,2026-08-17T20:45:18.923986+09:00
Service Detail,720.0,1.0,success,False,2026-08-23T03:20:15.434284+09:00
Service Detector,210.0,82.0,success,False,2026-08-27T23:53:00.851680+09:00
Service Dial,50.0,0.0,success,False,2026-08-17T20:38:48.292759+09:00
Service Digest,,,failed,False,2026-08-19T20:41:25.975881+09:00
Service Directory,1000.0,0.0,success,True,2026-08-19T00:01:49.817235+09:00
Service Discount,320.0,7.0,success,False,2026-08-23T16:14:53.191797+09:00
Service Dock,90.0,2.0,success,False,2026-08-17T20:35:04.556306+09:00
Service Dossier,10.0,0.0,success,False,2026-08-21T01:00:09.157430+09:00
Service Draft,70.0,0.0,success,False,2026-08-19T20:41:40.323358+09:00
Service Due,3600.0,1.0,success,False,2026-08-23T15:52:10.396341+09:00
Service Duty,140.0,0.0,success,False,2026-08-21T02:41:05.925111+09:00
Service Engine,1600.0,3.0,success,False,2026-08-17T23:04:59.397693+09:00
Service Entry,720.0,0.0,success,False,2026-08-21T01:00:25.578415+09:00
Service Estimate,590.0,28.0,success,False,2026-08-19T21:10:42.484655+09:00
Service Estimator,170.0,16.0,success,False,2026-08-27T23:52:49.352062+09:00
Service Excerpt,,,failed,False,2026-08-21T01:02:12.129826+09:00
Service Extension,320.0,0.0,success,False,2026-08-23T16:39:16.961219+09:00
Service Fare,30.0,1.0,success,False,2026-08-21T02:09:35.775353+09:00
Service Fee,8100.0,0.0,success,True,2026-08-21T01:52:41.314698+09:00
Service Feed,40.0,0.0,success,False,2026-08-19T20:41:36.001931+09:00
Service File,880.0,0.0,success,False,2026-08-19T20:40:46.834660+09:00
Service Finder,6600.0,20.0,success,False,2026-08-19T00:02:04.506577+09:00
Service Fine,50.0,0.0,success,False,2026-08-23T02:55:41.389421+09:00
Service Flag,880.0,89.0,success,False,2026-08-21T00:25:32.620138+09:00
Service Flow,1000.0,5.0,success,False,2026-08-17T20:48:37.567206+09:00
Service Forge,90.0,24.0,success,False,2026-08-17T20:40:13.744558+09:00
Service Form,1900.0,8.0,success,False,2026-08-19T13:21:58.772541+09:00
Service Format,1900.0,8.0,success,False,2026-08-23T13:07:43.906174+09:00
Service Frame,40.0,23.0,success,False,2026-08-17T21:34:42.632014+09:00
Service Fund,210.0,7.0,success,False,2026-08-21T02:25:28.596275+09:00
Service Gate,480.0,13.0,success,False,2026-08-17T21:40:47.686331+09:00
Service Giveaway,,,failed,False,2026-08-27T21:12:51.148194+09:00
Service Grade,,,failed,False,2026-08-21T00:25:10.675439+09:00
Service Grid,70.0,0.0,success,False,2026-08-17T20:32:39.820797+09:00
Service Guard,880.0,4.0,success,False,2026-08-17T21:33:13.463030+09:00
Service Guardian,50.0,13.0,success,False,2026-08-28T00:23:08.180984+09:00
Service Guidebook,,,failed,False,2026-08-18T22:04:08.939820+09:00
Service Helpdesk,1900.0,15.0,success,False,2026-08-27T22:45:23.426349+09:00
Service Helper,720.0,7.0,success,False,2026-08-28T00:23:11.653599+09:00
Service History,4400.0,23.0,success,False,2026-08-19T20:40:40.887904+09:00
Service Hotline,1300.0,7.0,success,False,2026-08-19T21:11:07.162763+09:00
Service Hub,14800.0,2.0,success,False,2026-08-17T20:47:19.659128+09:00
Service Identifier,1300.0,0.0,success,True,2026-08-23T13:07:37.097248+09:00
Service Incentive,70.0,0.0,success,False,2026-08-27T21:12:46.088803+09:00
Service Index,170.0,0.0,success,False,2026-08-19T21:10:11.430001+09:00
Service Insight,590.0,2.0,success,False,2026-08-17T23:13:49.973223+09:00
Service Installment,,,failed,False,2026-08-23T16:14:56.824333+09:00
Service Interest,40.0,0.0,success,False,2026-08-23T13:47:27.498118+09:00
Service Item,480.0,2.0,success,False,2026-08-21T01:52:45.246437+09:00
Service Journal,590.0,2.0,success,False,2026-08-18T22:03:49.519359+09:00
Service Keeper,90.0,10.0,success,False,2026-08-17T21:35:16.200596+09:00
Service Lab,3600.0,3.0,success,False,2026-08-17T20:45:45.792269+09:00
Service Label,390.0,82.0,success,False,2026-08-27T22:06:46.717056+09:00
Service Ledger,40.0,1.0,success,False,2026-08-17T21:31:30.369012+09:00
Service Lens,260.0,9.0,success,False,2026-08-17T21:35:49.618076+09:00
Service Level,3600.0,1.0,success,False,2026-08-19T20:41:00.818648+09:00
Service Levy,1000.0,0.0,success,True,2026-08-23T13:47:31.255092+09:00
Service Line,6600.0,3.0,success,False,2026-08-19T12:23:40.274403+09:00
Service Link,9900.0,12.0,success,False,2026-08-23T03:20:07.416918+09:00
Service List,1600.0,1.0,success,False,2026-08-19T21:45:53.420711+09:00
Service Loan,18100.0,21.0,success,False,2026-08-21T02:09:47.667221+09:00
Service Locator,3600.0,24.0,success,False,2026-08-19T00:01:57.884072+09:00
Service Lock,110.0,24.0,success,False,2026-08-17T21:38:00.601683+09:00
Service Log,1000.0,9.0,success,False,2026-08-19T13:21:49.505722+09:00
Service Loop,2400.0,0.0,success,True,2026-08-17T20:33:43.675774+09:00
Service Manager,12100.0,3.0,success,False,2026-08-17T21:34:15.444697+09:00
Service Manual,12100.0,6.0,success,False,2026-08-27T22:06:51.467328+09:00
Service Map,2400.0,3.0,success,False,2026-08-17T21:36:50.527973+09:00
Service Markup,10.0,0.0,success,False,2026-08-23T16:39:10.446274+09:00
Service Memo,50.0,4.0,success,False,2026-08-21T00:25:18.497443+09:00
Service Meter,320.0,16.0,success,False,2026-08-17T20:37:59.877456+09:00
Service Metrics,390.0,2.0,success,False,2026-08-17T22:46:53.613180+09:00
Service Monitor,2900.0,9.0,success,False,2026-08-17T23:08:52.279570+09:00
Service Navigator,210.0,0.0,success,False,2026-08-17T23:15:25.442488+09:00
Service Nexus,50.0,0.0,success,False,2026-08-17T21:38:32.905021+09:00
Service Node,110.0,3.0,success,False,2026-08-18T07:43:57.402622+09:00
Service Note,480.0,1.0,success,False,2026-08-19T13:23:40.624873+09:00
Service Notification,260.0,1.0,success,False,2026-08-27T22:45:05.269508+09:00
Service Number,4400.0,0.0,success,True,2026-08-23T03:20:00.686198+09:00
Service Office,9900.0,11.0,success,False,2026-08-19T00:02:21.603583+09:00
Service Ops,1600.0,3.0,success,False,2026-08-17T23:12:05.919804+09:00
Service Order,1600.0,5.0,success,False,2026-08-19T21:53:06.381329+09:00
Service Organizer,30.0,53.0,success,False,2026-08-17T23:06:52.573020+09:00
Service Overdue,480.0,1.0,success,False,2026-08-27T21:45:54.192033+09:00
Service Panel,2400.0,33.0,success,False,2026-08-17T20:39:46.897200+09:00
Service Path,480.0,2.0,success,False,2026-08-17T21:41:28.759770+09:00
Service Penalty,,,failed,False,2026-08-23T16:39:10.446274+09:00
Service Petition,,,failed,False,2026-08-21T01:00:01.570868+09:00
Service Pilot,260.0,19.0,success,False,2026-08-17T20:46:07.350212+09:00
Service Plan,8100.0,31.0,success,False,2026-08-21T01:52:58.378871+09:00
Service Planner,8100.0,31.0,success,False,2026-08-17T23:12:11.666158+09:00
Service Playbook,50.0,4.0,success,False,2026-08-18T22:03:28.331445+09:00
Service Plaza,33100.0,1.0,success,False,2026-08-19T00:23:43.046041+09:00
Service Point,18100.0,3.0,success,False,2026-08-17T21:39:22.624237+09:00
Service Portal,22200.0,2.0,success,False,2026-08-17T20:41:19.373388+09:00
Service Preview,,,failed,False,2026-08-28T01:04:04.391433+09:00
Service Profile,590.0,0.0,success,False,2026-08-19T13:24:14.979285+09:00
Service Profit,70.0,1.0,success,False,2026-08-23T02:55:31.768897+09:00
Service Proposal,480.0,11.0,success,False,2026-08-28T01:04:04.391433+09:00
Service Pulse,590.0,2.0,success,False,2026-08-18T07:52:03.741881+09:00
Service Queue,390.0,5.0,success,False,2026-08-19T21:10:31.479524+09:00
Service Quota,880.0,1.0,success,False,2026-08-21T00:25:24.031302+09:00
Service Radar,110.0,1.0,success,False,2026-08-17T20:44:20.013961+09:00
Service Rail,110.0,9.0,success,False,2026-08-17T20:34:15.100698+09:00
Service Rate,590.0,1.0,success,False,2026-08-19T20:41:10.828189+09:00
Service Recap,,,failed,False,2026-08-21T01:00:16.070819+09:00
Service Receipt,720.0,72.0,success,False,2026-08-19T21:53:34.201182+09:00
Service Redemption,10.0,0.0,success,False,2026-08-23T16:39:14.026032+09:00
Service Register,4400.0,7.0,success,False,2026-08-17T23:10:18.497736+09:00
Service Registry,4400.0,7.0,success,False,2026-08-18T22:04:21.198301+09:00
Service Relay,3600.0,1.0,success,False,2026-08-17T20:43:29.254301+09:00
Service Reminder,720.0,0.0,success,False,2026-08-19T21:09:44.414904+09:00
Service Report,2900.0,5.0,success,False,2026-08-19T13:21:11.802983+09:00
Service Roadmap,110.0,10.0,success,False,2026-08-18T22:05:11.798475+09:00
Service Roster,20.0,3.0,success,False,2026-08-19T00:36:42.974778+09:00
Service Route,590.0,2.0,success,False,2026-08-17T20:36:04.789698+09:00
Service Rule,1000.0,0.0,success,True,2026-08-23T03:20:11.001534+09:00
Service Sale,8100.0,11.0,success,False,2026-08-21T02:25:39.755040+09:00
Service Sample,170.0,2.0,success,False,2026-08-19T21:46:42.037661+09:00
Service Scale,110.0,18.0,success,False,2026-08-17T20:37:01.636634+09:00
Service Scanner,880.0,12.0,success,False,2026-08-27T23:52:57.703687+09:00
Service Scheduler,1900.0,3.0,success,False,2026-08-17T23:14:05.238044+09:00
Service Scope,590.0,1.0,success,False,2026-08-17T20:34:36.732015+09:00
Service Score,110.0,4.0,success,False,2026-08-19T13:23:22.980764+09:00
Service Sentry,10.0,,success,False,2026-08-17T21:36:22.095100+09:00
Service Sheet,590.0,22.0,success,False,2026-08-19T13:23:03.025983+09:00
Service Shortfall,,,failed,False,2026-08-27T21:45:59.200970+09:00
Service Signal,1000.0,3.0,success,False,2026-08-17T20:36:31.502472+09:00
Service Signature,170.0,7.0,success,False,2026-08-23T13:27:51.587934+09:00
Service Slip,140.0,7.0,success,False,2026-08-19T21:46:29.828345+09:00
Service Slot,30.0,2.0,success,False,2026-08-19T21:46:54.129984+09:00
Service Snapshot,,,failed,False,2026-08-18T22:03:58.790181+09:00
Service Stage,90.0,0.0,success,False,2026-08-28T00:46:47.850580+09:00
Service Stake,,,failed,False,2026-08-23T02:55:35.353388+09:00
Service Statement,170.0,0.0,success,False,2026-08-21T00:24:57.111152+09:00
Service Station,246000.0,9.0,success,False,2026-08-17T20:44:43.054193+09:00
Service Status,2900.0,1.0,success,False,2026-08-19T20:40:22.983274+09:00
Service Stub,70.0,0.0,success,False,2026-08-21T00:24:49.316489+09:00
Service Studio,1600.0,10.0,success,False,2026-08-17T20:46:46.837602+09:00
Service Subsidy,,,failed,False,2026-08-23T15:52:13.445418+09:00
Service Suite,1300.0,9.0,success,False,2026-08-17T23:12:24.724350+09:00
Service Sum,,,failed,False,2026-08-21T02:25:19.750628+09:00
Service Summary,110.0,0.0,success,False,2026-08-19T21:09:22.382807+09:00
Service Surtax,,,failed,False,2026-08-23T15:52:15.458518+09:00
Service Sync,880.0,5.0,success,False,2026-08-17T21:30:53.341117+09:00
Service Tab,390.0,1.0,success,False,2026-08-21T00:25:38.806657+09:00
Service Table,2900.0,100.0,success,False,2026-08-19T21:46:07.673702+09:00
Service Tag,8100.0,10.0,success,False,2026-08-19T13:23:50.629735+09:00
Service Tally,20.0,0.0,success,False,2026-08-21T00:25:04.867976+09:00
Service Tariff,260.0,0.0,success,False,2026-08-21T02:41:18.531749+09:00
Service Tax,6600.0,1.0,success,False,2026-08-21T02:09:44.145059+09:00
Service Ticket,1300.0,20.0,success,False,2026-08-19T21:10:23.160245+09:00
Service Tier,480.0,2.0,success,False,2026-08-28T00:46:54.511345+09:00
Service Timeline,40.0,0.0,success,False,2026-08-19T21:09:32.906956+09:00
Service Timer,2400.0,0.0,success,True,2026-08-28T00:23:02.722044+09:00
Service Toll,30.0,1.0,success,False,2026-08-21T02:41:10.290966+09:00
Service Toolbox,210.0,99.0,success,False,2026-08-28T00:23:11.653599+09:00
Service Toolkit,320.0,84.0,success,False,2026-08-18T22:03:14.728477+09:00
Service Tracker,1600.0,8.0,success,False,2026-08-17T21:32:03.436124+09:00
Service Trail,40.0,1.0,success,False,2026-08-17T20:33:15.121215+09:00
Service Trend,480.0,7.0,success,False,2026-08-28T01:03:55.063070+09:00
Service Trial,590.0,8.0,success,False,2026-08-26T22:29:34.366294+09:00
Service Unit,880.0,9.0,success,False,2026-08-21T01:52:53.581920+09:00
Service Update,1900.0,0.0,success,True,2026-08-19T20:41:16.586784+09:00
Service Value,880.0,1.0,success,False,2026-08-23T02:55:31.768897+09:00
Service Vault,70.0,2.0,success,False,2026-08-17T20:42:32.290659+09:00
Service Version,50.0,0.0,success,False,2026-08-23T03:20:04.246790+09:00
Service View,320.0,6.0,success,False,2026-08-19T20:40:32.306082+09:00
Service Voucher,390.0,7.0,success,False,2026-08-21T00:26:33.622421+09:00
Service Watch,720.0,36.0,success,False,2026-08-17T20:35:35.063549+09:00
Service Wave,720.0,0.0,success,False,2026-08-18T07:52:17.361320+09:00
Service Window,1300.0,71.0,success,False,2026-08-19T12:23:48.028309+09:00
Service Workbench,30.0,27.0,success,False,2026-08-18T22:03:05.761687+09:00
Service Worksheet,40.0,2.0,success,False,2026-08-27T22:06:55.016444+09:00
Service Zone,1600.0,2.0,success,False,2026-08-17T20:42:08.223187+09:00
Session Advance,,,failed,False,2026-08-23T16:14:53.191797+09:00
Session Advisory,,,failed,False,2026-08-21T01:02:52.646086+09:00
Session Allowance,,,failed,False,2026-08-21T02:39:01.824838+09:00
Session Almanac,,,failed,False,2026-08-18T22:09:05.854990+09:00
Session Analyzer,20.0,4.0,success,False,2026-08-27T23:51:24.335890+09:00
Session Anchor,,,failed,False,2026-08-17T20:47:47.373505+09:00
Session Announcement,,,failed,False,2026-08-27T23:31:14.136748+09:00
Session Arrears,,,failed,False,2026-08-23T16:14:53.191797+09:00
Session Assistant,20.0,0.0,success,False,2026-08-17T23:15:32.901211+09:00
Session Atlas,20.0,0.0,success,False,2026-08-17T20:38:12.491374+09:00
Session Attribute,140.0,0.0,success,False,2026-08-23T13:05:39.073326+09:00
Session Badge,,,failed,False,2026-08-21T00:26:30.376720+09:00
Session Balance,,,failed,False,2026-08-23T13:46:47.656789+09:00
Session Base,140.0,0.0,success,False,2026-08-17T20:34:51.045190+09:00
Session Beacon,,,failed,False,2026-08-17T21:33:28.260657+09:00
Session Bill,,,failed,False,2026-08-19T21:49:35.357194+09:00
Session Blueprint,,,failed,False,2026-08-18T22:08:57.073323+09:00
Session Board,1000.0,41.0,success,False,2026-08-17T20:31:49.556843+09:00
Session Book,720.0,18.0,success,False,2026-08-19T21:50:33.278837+09:00
Session Bridge,30.0,0.0,success,False,2026-08-17T21:30:08.257838+09:00
Session Brief,10.0,0.0,success,False,2026-08-21T01:01:41.528292+09:00
Session Bulletin,,,failed,False,2026-08-21T01:01:39.197827+09:00
Session Cabinet,,,failed,False,2026-08-27T23:11:42.330738+09:00
Session Calculator,40.0,0.0,success,False,2026-08-27T23:31:16.874593+09:00
Session Calendar,210.0,0.0,success,False,2026-08-19T00:04:54.234777+09:00
Session Card,260.0,3.0,success,False,2026-08-19T13:25:14.797860+09:00
Session Cascade,,,failed,False,2026-08-17T21:31:15.457583+09:00
Session Cash,,,failed,False,2026-08-21T02:22:16.250751+09:00
Session Cashback,,,failed,False,2026-08-27T21:12:56.642443+09:00
Session Catalog,70.0,1.0,success,False,2026-08-19T21:10:46.722805+09:00
Session Center,20.0,2.0,success,False,2026-08-17T21:36:10.133574+09:00
Session Chain,,,failed,False,2026-08-17T20:42:19.428112+09:00
Session Charge,50.0,0.0,success,False,2026-08-21T02:38:51.441238+09:00
Session Check,110.0,2.0,success,False,2026-08-19T13:25:55.543115+09:00
Session Checker,110.0,2.0,success,False,2026-08-27T23:51:15.530091+09:00
Session Checklist,20.0,0.0,success,False,2026-08-19T21:09:48.311531+09:00
Session Circular,,,failed,False,2026-08-21T01:01:47.037702+09:00
Session Cockpit,,,failed,False,2026-08-17T23:05:06.987834+09:00
Session Code,1000.0,18.0,success,False,2026-08-19T21:49:58.938963+09:00
Session Codex,,,failed,False,2026-08-18T22:09:21.781956+09:00
Session Companion,,,failed,False,2026-08-17T23:13:43.600383+09:00
Session Comparison,,,failed,False,2026-08-28T01:02:37.016845+09:00
Session Compass,,,failed,False,2026-08-17T21:34:31.783933+09:00
Session Compendium,,,failed,False,2026-08-18T22:09:13.055997+09:00
Session Confirmation,10.0,4.0,success,False,2026-08-21T01:02:57.004719+09:00
Session Console,110.0,0.0,success,False,2026-08-17T21:33:02.340741+09:00
Session Core,,,failed,False,2026-08-17T20:34:02.071546+09:00
Session Cost,40.0,0.0,success,False,2026-08-21T02:06:36.583403+09:00
Session Count,70.0,0.0,success,False,2026-08-27T22:46:05.352618+09:00
Session Counter,70.0,0.0,success,False,2026-08-18T23:57:56.092399+09:00
Session Coupon,10.0,0.0,success,False,2026-08-27T21:12:51.148194+09:00
Session Dashboard,110.0,1.0,success,False,2026-08-17T23:06:43.544679+09:00
Session Deal,,,failed,False,2026-08-21T01:55:09.652280+09:00
Session Debt,,,failed,False,2026-08-21T02:22:10.235863+09:00
Session Deck,20.0,35.0,success,False,2026-08-18T07:52:33.463903+09:00
Session Depot,,,failed,False,2026-08-18T23:57:35.193051+09:00
Session Desk,1000.0,100.0,success,False,2026-08-17T21:39:09.779186+09:00
Session Detail,,,failed,False,2026-08-23T03:15:14.062371+09:00
Session Detector,,,failed,False,2026-08-27T23:51:21.141566+09:00
Session Dial,,,failed,False,2026-08-17T21:30:41.512165+09:00
Session Digest,,,failed,False,2026-08-19T20:38:01.262466+09:00
Session Directory,320.0,0.0,success,False,2026-08-18T23:57:00.632523+09:00
Session Discount,,,failed,False,2026-08-23T16:14:44.482791+09:00
Session Dock,30.0,0.0,success,False,2026-08-17T20:45:10.862003+09:00
Session Dossier,,,failed,False,2026-08-21T01:02:09.128989+09:00
Session Draft,,,failed,False,2026-08-19T20:38:14.851338+09:00
Session Due,,,failed,False,2026-08-23T15:51:47.066948+09:00
Session Duty,30.0,0.0,success,False,2026-08-21T02:38:54.796216+09:00
Session Engine,10.0,0.0,success,False,2026-08-17T23:14:16.588426+09:00
Session Entry,,,failed,False,2026-08-21T01:02:18.161248+09:00
Session Estimate,,,failed,False,2026-08-19T21:10:34.981799+09:00
Session Estimator,,,failed,False,2026-08-27T23:51:12.915875+09:00
Session Excerpt,,,failed,False,2026-08-21T01:03:02.120644+09:00
Session Extension,110.0,0.0,success,False,2026-08-23T16:39:23.209795+09:00
Session Fare,,,failed,False,2026-08-21T02:06:47.400251+09:00
Session Fee,210.0,0.0,success,False,2026-08-21T01:54:53.118600+09:00
Session Feed,,,failed,False,2026-08-19T20:38:07.942341+09:00
Session Field,10.0,0.0,success,False,2026-08-23T13:05:43.515456+09:00
Session File,9900.0,0.0,success,True,2026-08-19T20:37:31.186118+09:00
Session Finder,50.0,0.0,success,False,2026-08-18T23:57:26.188855+09:00
Session Fine,,,failed,False,2026-08-23T02:54:31.488130+09:00
Session Flag,10.0,0.0,success,False,2026-08-21T00:27:15.534212+09:00
Session Flow,390.0,1.0,success,False,2026-08-18T07:43:42.936129+09:00
Session Forge,,,failed,False,2026-08-17T21:32:25.465592+09:00
Session Form,90.0,0.0,success,False,2026-08-19T13:25:04.340704+09:00
Session Format,90.0,0.0,success,False,2026-08-23T13:05:45.716846+09:00
Session Frame,10.0,50.0,success,False,2026-08-17T20:35:51.368204+09:00
Session Fund,,,failed,False,2026-08-21T02:22:13.751196+09:00
Session Gate,,,failed,False,2026-08-17T20:40:01.743309+09:00
Session Generator,40.0,1.0,success,False,2026-08-27T23:31:21.274329+09:00
Session Giveaway,10.0,0.0,success,False,2026-08-27T21:13:01.722363+09:00
Session Grade,,,failed,False,2026-08-21T00:26:49.726902+09:00
Session Graph,10.0,0.0,success,False,2026-08-27T22:06:58.606007+09:00
Session Grid,,,failed,False,2026-08-17T20:42:49.578916+09:00
Session Guarantee,,,failed,False,2026-08-28T01:02:51.015649+09:00
Session Guard,20.0,0.0,success,False,2026-08-17T20:34:25.476328+09:00
Session Guardian,50.0,30.0,success,False,2026-08-28T00:21:38.214311+09:00
Session Guidebook,,,failed,False,2026-08-18T22:08:38.388583+09:00
Session Helpdesk,,,failed,False,2026-08-27T22:46:05.352618+09:00
Session Helper,50.0,1.0,success,False,2026-08-28T00:21:43.222424+09:00
Session History,140.0,0.0,success,False,2026-08-19T20:37:18.555970+09:00
Session Hotline,,,failed,False,2026-08-19T21:03:23.930623+09:00
Session Hub,90.0,4.0,success,False,2026-08-18T07:43:54.848234+09:00
Session Identifier,6600.0,0.0,success,True,2026-08-23T13:05:36.623967+09:00
Session Incentive,,,failed,False,2026-08-27T21:12:59.208111+09:00
Session Index,20.0,0.0,success,False,2026-08-19T21:10:02.424096+09:00
Session Insight,,,failed,False,2026-08-17T23:10:43.579186+09:00
Session Installment,,,failed,False,2026-08-23T16:14:49.657074+09:00
Session Item,,,failed,False,2026-08-21T01:54:58.367500+09:00
Session Journal,10.0,4.0,success,False,2026-08-18T22:08:23.655372+09:00
Session Keeper,320.0,1.0,success,False,2026-08-17T20:36:18.497930+09:00
Session Kit,260.0,19.0,success,False,2026-08-27T22:45:58.509654+09:00
Session Lab,14800.0,3.0,success,False,2026-08-17T21:39:57.727763+09:00
Session Label,590.0,100.0,success,False,2026-08-27T22:07:05.837486+09:00
Session Ledger,,,failed,False,2026-08-17T20:32:58.642411+09:00
Session Lens,10.0,0.0,success,False,2026-08-17T20:36:51.044622+09:00
Session Level,30.0,0.0,success,False,2026-08-19T20:37:40.051699+09:00
Session Levy,,,failed,False,2026-08-23T13:46:50.376234+09:00
Session Link,1600.0,0.0,success,True,2026-08-23T03:15:03.447052+09:00
Session List,140.0,0.0,success,False,2026-08-19T21:50:09.573666+09:00
Session Loan,10.0,24.0,success,False,2026-08-21T02:06:07.596179+09:00
Session Locator,,,failed,False,2026-08-18T23:57:15.984121+09:00
Session Lock,390.0,0.0,success,False,2026-08-17T20:38:37.912313+09:00
Session Log,320.0,2.0,success,False,2026-08-19T13:24:58.997710+09:00
Session Loop,210.0,12.0,success,False,2026-08-17T20:43:44.073906+09:00
Session Manager,1900.0,1.0,success,False,2026-08-17T20:35:19.683482+09:00
Session Manual,10.0,0.0,success,False,2026-08-27T22:07:09.283408+09:00
Session Map,720.0,0.0,success,False,2026-08-17T20:37:49.257868+09:00
Session Markup,,,failed,False,2026-08-23T16:39:18.952764+09:00
Session Memo,,,failed,False,2026-08-21T00:26:55.838634+09:00
Session Message,880.0,1.0,success,False,2026-08-27T23:11:31.507435+09:00
Session Meter,,,failed,False,2026-08-17T20:48:23.905428+09:00
Session Metrics,20.0,3.0,success,False,2026-08-17T23:12:02.312580+09:00
Session Monitor,90.0,8.0,success,False,2026-08-17T23:04:48.646277+09:00
Session Navigator,,,failed,False,2026-08-17T23:12:17.050075+09:00
Session Nexus,,,failed,False,2026-08-17T20:39:09.333217+09:00
Session Node,30.0,0.0,success,False,2026-08-17T20:40:48.754907+09:00
Session Note,590.0,13.0,success,False,2026-08-19T13:26:15.412219+09:00
Session Notification,,,failed,False,2026-08-27T22:45:55.749339+09:00
Session Number,170.0,0.0,success,False,2026-08-23T03:14:55.080924+09:00
Session Office,20.0,2.0,success,False,2026-08-18T23:57:46.664132+09:00
Session Ops,,,failed,False,2026-08-17T23:08:28.176792+09:00
Session Order,20.0,0.0,success,False,2026-08-19T21:49:23.695269+09:00
Session Organizer,20.0,37.0,success,False,2026-08-17T22:50:34.703098+09:00
Session Overdue,,,failed,False,2026-08-27T21:45:59.200970+09:00
Session Panel,590.0,0.0,success,False,2026-08-17T21:31:49.761986+09:00
Session Pass,90.0,5.0,success,False,2026-08-21T00:26:21.311990+09:00
Session Path,20.0,0.0,success,False,2026-08-17T20:40:26.535789+09:00
Session Penalty,,,failed,False,2026-08-23T16:39:18.952764+09:00
Session Petition,10.0,,success,False,2026-08-21T01:02:00.042656+09:00
Session Pilot,20.0,0.0,success,False,2026-08-17T21:41:14.862117+09:00
Session Plan,1600.0,0.0,success,True,2026-08-21T01:55:06.085634+09:00
Session Planner,1600.0,6.0,success,False,2026-08-17T23:09:02.276027+09:00
Session Playbook,,,failed,False,2026-08-18T22:08:15.553962+09:00
Session Point,20.0,1.0,success,False,2026-08-17T20:39:32.550443+09:00
Session Portal,40.0,6.0,success,False,2026-08-17T21:34:01.777052+09:00
Session Preview,,,failed,False,2026-08-28T01:02:39.668408+09:00
Session Profile,70.0,1.0,success,False,2026-08-19T13:27:02.036577+09:00
Session Profit,,,failed,False,2026-08-23T02:54:26.725947+09:00
Session Proposal,30.0,0.0,success,False,2026-08-28T01:02:39.668408+09:00
Session Pulse,,,failed,False,2026-08-17T20:42:00.146835+09:00
Session Queue,,,failed,False,2026-08-19T21:10:24.800768+09:00
Session Quota,,,failed,False,2026-08-21T00:27:06.966469+09:00
Session Radar,10.0,40.0,success,False,2026-08-17T21:37:44.992622+09:00
Session Rail,10.0,,success,False,2026-08-17T20:44:10.950266+09:00
Session Rate,50.0,0.0,success,False,2026-08-19T20:37:47.819235+09:00
Session Recap,50.0,1.0,success,False,2026-08-21T01:02:11.159896+09:00
Session Receipt,,,failed,False,2026-08-19T21:49:45.321625+09:00
Session Recorder,1300.0,8.0,success,False,2026-08-27T23:31:24.795366+09:00
Session Redemption,10.0,0.0,success,False,2026-08-23T16:39:21.186657+09:00
Session Register,90.0,2.0,success,False,2026-08-17T23:06:57.045511+09:00
Session Registry,30.0,0.0,success,False,2026-08-18T22:08:48.035720+09:00
Session Relay,,,failed,False,2026-08-17T21:36:36.847955+09:00
Session Reminder,20.0,0.0,success,False,2026-08-19T21:09:34.510109+09:00
Session Report,210.0,0.0,success,False,2026-08-19T13:24:49.306222+09:00
Session Repository,10.0,0.0,success,False,2026-08-27T23:11:42.330738+09:00
Session Roadmap,40.0,0.0,success,False,2026-08-18T22:09:27.931619+09:00
Session Roster,,,failed,False,2026-08-19T00:38:36.857956+09:00
Session Route,,,failed,False,2026-08-17T20:45:56.929111+09:00
Session Rule,,,failed,False,2026-08-23T03:15:10.473494+09:00
Session Sale,70.0,13.0,success,False,2026-08-21T02:22:24.634972+09:00
Session Sample,40.0,0.0,success,False,2026-08-19T21:50:54.613076+09:00
Session Scale,,,failed,False,2026-08-17T20:47:07.356899+09:00
Session Scanner,10.0,0.0,success,False,2026-08-27T23:51:18.068433+09:00
Session Scheduler,320.0,3.0,success,False,2026-08-17T23:10:28.342550+09:00
Session Scope,170.0,0.0,success,False,2026-08-17T20:44:32.138425+09:00
Session Score,170.0,0.0,success,False,2026-08-19T13:26:07.690748+09:00
Session Sentry,,,failed,False,2026-08-17T20:37:18.091212+09:00
Session Sheet,30.0,0.0,success,False,2026-08-19T13:25:47.267780+09:00
Session Signal,40.0,2.0,success,False,2026-08-17T20:46:26.563596+09:00
Session Slip,,,failed,False,2026-08-19T21:50:44.390054+09:00
Session Slot,20.0,0.0,success,False,2026-08-19T21:51:07.578329+09:00
Session Snapshot,,,failed,False,2026-08-18T22:08:32.701996+09:00
Session Stage,10.0,0.0,success,False,2026-08-28T00:45:59.297593+09:00
Session Stake,,,failed,False,2026-08-23T02:54:28.936816+09:00
Session Statement,,,failed,False,2026-08-21T00:26:39.162393+09:00
Session Station,,,failed,False,2026-08-17T21:38:18.723173+09:00
Session Status,70.0,0.0,success,False,2026-08-19T20:40:37.869711+09:00
Session Stipend,,,failed,False,2026-08-23T13:46:50.376234+09:00
Session Streak,,,failed,False,2026-08-28T00:46:02.758073+09:00
Session Stub,,,failed,False,2026-08-21T00:26:33.622421+09:00
Session Studio,3600.0,6.0,success,False,2026-08-17T21:41:47.180143+09:00
Session Suite,,,failed,False,2026-08-17T23:08:49.702335+09:00
Session Sum,,,failed,False,2026-08-21T02:22:03.460496+09:00
Session Summary,170.0,1.0,success,False,2026-08-19T21:09:10.178555+09:00
Session Sync,90.0,1.0,success,False,2026-08-17T20:32:23.142780+09:00
Session Tab,110.0,0.0,success,False,2026-08-21T00:27:24.500136+09:00
Session Table,210.0,57.0,success,False,2026-08-19T21:50:21.596797+09:00
Session Tag,50.0,0.0,success,False,2026-08-19T13:26:40.628357+09:00
Session Tally,,,failed,False,2026-08-21T00:26:43.816315+09:00
Session Tariff,,,failed,False,2026-08-21T02:39:04.967500+09:00
Session Tax,,,failed,False,2026-08-21T02:06:52.442398+09:00
Session Ticket,110.0,0.0,success,False,2026-08-19T21:10:16.662476+09:00
Session Tier,,,failed,False,2026-08-28T00:46:02.758073+09:00
Session Timeline,20.0,0.0,success,False,2026-08-19T21:09:24.314607+09:00
Session Timer,3600.0,1.0,success,False,2026-08-28T00:21:35.352628+09:00
Session Toll,,,failed,False,2026-08-21T02:38:59.400124+09:00
Session Toolbox,,,failed,False,2026-08-28T00:21:40.685047+09:00
Session Toolkit,,,failed,False,2026-08-18T22:08:09.141836+09:00
Session Total,,,failed,False,2026-08-27T23:11:34.108403+09:00
Session Tracker,170.0,6.0,success,False,2026-08-17T20:33:31.328442+09:00
Session Trail,40.0,2.0,success,False,2026-08-17T20:43:16.751377+09:00
Session Trend,,,failed,False,2026-08-28T01:02:37.016845+09:00
Session Trial,390.0,0.0,success,False,2026-08-27T21:12:59.208111+09:00
Session Unit,,,failed,False,2026-08-21T01:55:03.003035+09:00
Session Update,320.0,0.0,success,False,2026-08-19T20:37:54.785730+09:00
Session Vault,20.0,1.0,success,False,2026-08-17T21:35:36.118436+09:00
Session Version,10.0,0.0,success,False,2026-08-23T03:14:59.429482+09:00
Session View,1000.0,2.0,success,False,2026-08-19T20:40:46.834660+09:00
Session Voucher,,,failed,False,2026-08-21T00:26:25.580219+09:00
Session Wallet,,,failed,False,2026-08-27T22:46:02.765409+09:00
Session Watch,30.0,11.0,success,False,2026-08-17T20:45:34.633599+09:00
Session Wave,,,failed,False,2026-08-17T20:41:09.985510+09:00
Session Widget,,,failed,False,2026-08-27T23:11:39.748613+09:00
Session Window,1000.0,0.0,success,True,2026-08-19T12:24:58.043642+09:00
Session Workbench,,,failed,False,2026-08-18T22:08:00.506560+09:00
Session Worksheet,,,failed,False,2026-08-27T22:07:14.755817+09:00
Session Workshop,260.0,1.0,success,False,2026-08-28T00:21:35.352628+09:00
Session Zone,,,failed,False,2026-08-17T21:35:02.943607+09:00
Settlement Advance,320.0,59.0,success,False,2026-08-23T16:11:56.492802+09:00
Settlement Advisory,,,failed,False,2026-08-21T01:09:15.818493+09:00
Settlement Alert,20.0,1.0,success,False,2026-08-19T22:06:18.009667+09:00
Settlement Allowance,320.0,0.0,success,False,2026-08-21T02:39:36.901337+09:00
Settlement Analyzer,,,failed,False,2026-08-27T23:57:31.093402+09:00
Settlement Announcement,30.0,0.0,success,False,2026-08-27T23:35:16.240815+09:00
Settlement Arrears,,,failed,False,2026-08-23T16:11:52.886405+09:00
Settlement Asset,90.0,0.0,success,False,2026-08-23T13:48:27.768488+09:00
Settlement Assistant,50.0,1.0,success,False,2026-08-19T22:01:23.897474+09:00
Settlement Atlas,,,failed,False,2026-08-19T22:00:43.745625+09:00
Settlement Attribute,,,failed,False,2026-08-23T13:08:24.927067+09:00
Settlement Badge,,,failed,False,2026-08-21T00:34:27.900194+09:00
Settlement Balance,210.0,0.0,success,False,2026-08-23T13:48:27.768488+09:00
Settlement Bay,,,failed,False,2026-08-19T22:04:45.902658+09:00
Settlement Beacon,20.0,0.0,success,False,2026-08-19T21:54:37.434657+09:00
Settlement Bill,320.0,1.0,success,False,2026-08-19T21:51:16.066048+09:00
Settlement Bin,,,failed,False,2026-08-19T22:06:41.403506+09:00
Settlement Board,40.0,43.0,success,False,2026-08-19T21:57:34.491231+09:00
Settlement Book,90.0,8.0,success,False,2026-08-19T21:52:16.498900+09:00
Settlement Bridge,10.0,0.0,success,False,2026-08-19T21:55:06.588963+09:00
Settlement Brief,20.0,6.0,success,False,2026-08-21T01:09:06.679370+09:00
Settlement Bulletin,,,failed,False,2026-08-21T01:09:01.082637+09:00
Settlement Cabinet,,,failed,False,2026-08-27T23:14:03.822687+09:00
Settlement Calculator,2400.0,11.0,success,False,2026-08-27T23:35:16.240815+09:00
Settlement Calendar,110.0,0.0,success,False,2026-08-19T22:03:05.892678+09:00
Settlement Card,480.0,4.0,success,False,2026-08-19T21:46:35.740872+09:00
Settlement Cascade,,,failed,False,2026-08-19T21:54:56.953854+09:00
Settlement Cash,480.0,1.0,success,False,2026-08-21T02:22:40.576459+09:00
Settlement Category,,,failed,False,2026-08-23T13:08:24.927067+09:00
Settlement Center,4400.0,18.0,success,False,2026-08-19T21:58:34.362639+09:00
Settlement Chain,,,failed,False,2026-08-19T22:00:01.898557+09:00
Settlement Charge,140.0,1.0,success,False,2026-08-21T02:39:23.092445+09:00
Settlement Chart,70.0,0.0,success,False,2026-08-19T22:06:28.711407+09:00
Settlement Check,1900.0,6.0,success,False,2026-08-19T21:46:58.234898+09:00
Settlement Checker,1900.0,6.0,success,False,2026-08-27T23:57:22.809432+09:00
Settlement Circular,10.0,0.0,success,False,2026-08-21T01:09:12.434019+09:00
Settlement Code,210.0,0.0,success,False,2026-08-19T21:51:38.533092+09:00
Settlement Companion,,,failed,False,2026-08-19T22:02:02.684993+09:00
Settlement Comparison,,,failed,False,2026-08-28T01:08:26.427990+09:00
Settlement Confirmation,50.0,0.0,success,False,2026-08-21T01:09:25.502385+09:00
Settlement Console,,,failed,False,2026-08-19T21:59:01.960523+09:00
Settlement Contribution,,,failed,False,2026-08-23T16:11:52.886405+09:00
Settlement Cost,210.0,2.0,success,False,2026-08-21T02:15:26.957875+09:00
Settlement Count,,,failed,False,2026-08-27T22:48:25.660209+09:00
Settlement Counter,,,failed,False,2026-08-19T22:03:52.975095+09:00
Settlement Deal,40.0,0.0,success,False,2026-08-21T01:59:06.761411+09:00
Settlement Debt,6600.0,30.0,success,False,2026-08-21T02:22:28.218601+09:00
Settlement Deck,,,failed,False,2026-08-19T21:57:47.268344+09:00
Settlement Desk,10.0,0.0,success,False,2026-08-19T21:53:43.821939+09:00
Settlement Detail,,,failed,False,2026-08-23T03:20:22.973389+09:00
Settlement Directory,,,failed,False,2026-08-19T22:03:14.947098+09:00
Settlement Discount,320.0,0.0,success,False,2026-08-23T16:11:46.377478+09:00
Settlement Dossier,,,failed,False,2026-08-21T01:09:29.468190+09:00
Settlement Draft,70.0,3.0,success,False,2026-08-19T21:49:47.542279+09:00
Settlement Due,10.0,0.0,success,False,2026-08-23T15:50:14.677980+09:00
Settlement Duty,,,failed,False,2026-08-21T02:39:27.182357+09:00
Settlement Endowment,,,failed,False,2026-08-23T15:50:19.459391+09:00
Settlement Engine,170.0,2.0,success,False,2026-08-19T22:01:11.142813+09:00
Settlement Entry,20.0,2.0,success,False,2026-08-21T01:09:42.916632+09:00
Settlement Estimate,50.0,4.0,success,False,2026-08-19T21:50:57.841127+09:00
Settlement Estimator,20.0,68.0,success,False,2026-08-27T23:57:22.809432+09:00
Settlement Excerpt,,,failed,False,2026-08-21T01:09:34.280846+09:00
Settlement Extension,30.0,84.0,success,False,2026-08-23T16:37:47.617319+09:00
Settlement Fare,,,failed,False,2026-08-21T02:15:31.230859+09:00
Settlement Fee,720.0,2.0,success,False,2026-08-21T01:58:46.875681+09:00
Settlement Feed,10.0,0.0,success,False,2026-08-19T21:49:37.354385+09:00
Settlement Field,,,failed,False,2026-08-23T13:08:27.240954+09:00
Settlement File,90.0,0.0,success,False,2026-08-19T21:48:50.657736+09:00
Settlement Finder,480.0,19.0,success,False,2026-08-19T22:03:32.806508+09:00
Settlement Fine,,,failed,False,2026-08-23T02:55:04.865137+09:00
Settlement Flag,30.0,0.0,success,False,2026-08-21T00:34:59.250399+09:00
Settlement Flow,30.0,0.0,success,False,2026-08-19T21:53:20.741685+09:00
Settlement Forge,,,failed,False,2026-08-19T21:54:48.895899+09:00
Settlement Form,390.0,2.0,success,False,2026-08-19T21:46:23.560668+09:00
Settlement Format,390.0,2.0,success,False,2026-08-23T13:08:30.246419+09:00
Settlement Fund,2400.0,10.0,success,False,2026-08-21T02:22:32.305318+09:00
Settlement Gate,,,failed,False,2026-08-19T22:00:23.357458+09:00
Settlement Generator,40.0,0.0,success,False,2026-08-27T23:35:20.435817+09:00
Settlement Grade,,,failed,False,2026-08-21T00:34:47.254019+09:00
Settlement Graph,20.0,0.0,success,False,2026-08-27T22:09:22.436426+09:00
Settlement Grid,,,failed,False,2026-08-19T21:55:54.779139+09:00
Settlement Guardian,,,failed,False,2026-08-28T00:26:37.162050+09:00
Settlement Harbor,,,failed,False,2026-08-19T22:05:32.455871+09:00
Settlement Helpdesk,,,failed,False,2026-08-27T22:48:31.695595+09:00
Settlement Helper,,,failed,False,2026-08-28T00:26:39.760657+09:00
Settlement History,320.0,7.0,success,False,2026-08-19T21:48:37.941943+09:00
Settlement Hub,70.0,1.0,success,False,2026-08-19T21:53:29.207509+09:00
Settlement Identifier,,,failed,False,2026-08-23T13:08:19.388505+09:00
Settlement Inbox,,,failed,False,2026-08-19T22:06:09.459067+09:00
Settlement Index,10.0,0.0,success,False,2026-08-19T21:50:35.139639+09:00
Settlement Installment,,,failed,False,2026-08-23T16:11:49.502531+09:00
Settlement Interest,50.0,1.0,success,False,2026-08-23T13:48:27.768488+09:00
Settlement Item,,,failed,False,2026-08-21T01:58:52.066039+09:00
Settlement Journal,40.0,0.0,success,False,2026-08-19T22:02:44.580219+09:00
Settlement Keeper,,,failed,False,2026-08-19T22:00:52.695969+09:00
Settlement Kiosk,,,failed,False,2026-08-19T22:04:23.242123+09:00
Settlement Label,,,failed,False,2026-08-27T22:09:25.119437+09:00
Settlement Ledger,20.0,0.0,success,False,2026-08-19T21:57:24.591826+09:00
Settlement Level,10.0,0.0,success,False,2026-08-19T21:49:03.135784+09:00
Settlement Levy,,,failed,False,2026-08-23T13:48:32.031008+09:00
Settlement Line,2900.0,7.0,success,False,2026-08-19T22:07:23.452103+09:00
Settlement Link,10.0,1.0,success,False,2026-08-23T03:20:15.434284+09:00
Settlement List,140.0,19.0,success,False,2026-08-19T21:51:54.755817+09:00
Settlement Loan,8100.0,16.0,success,False,2026-08-21T02:15:35.751133+09:00
Settlement Lobby,,,failed,False,2026-08-19T22:06:59.596356+09:00
Settlement Locker,,,failed,False,2026-08-19T22:04:03.389101+09:00
Settlement Log,10.0,0.0,success,False,2026-08-19T21:46:13.716197+09:00
Settlement Loop,40.0,1.0,success,False,2026-08-19T21:55:44.120814+09:00
Settlement Manager,110.0,5.0,success,False,2026-08-19T22:01:01.799694+09:00
Settlement Manual,50.0,0.0,success,False,2026-08-27T22:09:25.119437+09:00
Settlement Map,880.0,0.0,success,False,2026-08-19T21:56:40.008866+09:00
Settlement Margin,30.0,0.0,success,False,2026-08-23T02:55:02.071314+09:00
Settlement Markup,,,failed,False,2026-08-23T16:37:45.266937+09:00
Settlement Memo,30.0,1.0,success,False,2026-08-21T00:34:51.514854+09:00
Settlement Message,20.0,0.0,success,False,2026-08-27T23:13:58.602342+09:00
Settlement Monitor,210.0,10.0,success,False,2026-08-19T22:01:53.877884+09:00
Settlement Nexus,,,failed,False,2026-08-19T22:00:33.480377+09:00
Settlement Note,260.0,2.0,success,False,2026-08-19T21:47:26.468483+09:00
Settlement Notification,20.0,2.0,success,False,2026-08-27T22:48:17.330576+09:00
Settlement Number,140.0,1.0,success,False,2026-08-23T03:20:07.416918+09:00
Settlement Office,2400.0,2.0,success,False,2026-08-19T22:03:42.018748+09:00
Settlement Ops,,,failed,False,2026-08-19T22:02:25.837553+09:00
Settlement Order,90.0,2.0,success,False,2026-08-19T21:51:07.578329+09:00
Settlement Outpost,,,failed,False,2026-08-19T22:05:08.787907+09:00
Settlement Overdraft,,,failed,False,2026-08-23T15:50:16.987712+09:00
Settlement Overdue,,,failed,False,2026-08-27T21:46:39.546965+09:00
Settlement Panel,10.0,0.0,success,False,2026-08-19T21:59:09.702480+09:00
Settlement Pass,10.0,0.0,success,False,2026-08-21T00:34:18.922168+09:00
Settlement Passport,,,failed,False,2026-08-19T22:06:50.618817+09:00
Settlement Path,,,failed,False,2026-08-19T21:56:18.827565+09:00
Settlement Payoff,,,failed,False,2026-08-27T21:46:39.546965+09:00
Settlement Penalty,10.0,0.0,success,False,2026-08-23T16:37:42.888726+09:00
Settlement Petition,,,failed,False,2026-08-21T01:09:20.076507+09:00
Settlement Plan,480.0,2.0,success,False,2026-08-21T01:58:58.757504+09:00
Settlement Planner,480.0,2.0,success,False,2026-08-19T22:01:35.806950+09:00
Settlement Playbook,,,failed,False,2026-08-19T22:02:34.302682+09:00
Settlement Point,1300.0,3.0,success,False,2026-08-19T21:56:30.340313+09:00
Settlement Portal,70.0,2.0,success,False,2026-08-19T21:58:51.076600+09:00
Settlement Post,,,failed,False,2026-08-19T22:04:57.454275+09:00
Settlement Preview,,,failed,False,2026-08-28T01:08:29.646959+09:00
Settlement Profile,40.0,0.0,success,False,2026-08-19T21:47:55.928943+09:00
Settlement Profit,,,failed,False,2026-08-23T02:54:52.135987+09:00
Settlement Proposal,320.0,2.0,success,False,2026-08-28T01:08:29.646959+09:00
Settlement Rail,,,failed,False,2026-08-19T21:59:42.241525+09:00
Settlement Rate,110.0,1.0,success,False,2026-08-19T21:49:14.059786+09:00
Settlement Recap,,,failed,False,2026-08-21T01:09:32.208799+09:00
Settlement Receipt,90.0,1.0,success,False,2026-08-19T21:51:28.846204+09:00
Settlement Recorder,,,failed,False,2026-08-27T23:35:20.435817+09:00
Settlement Register,110.0,0.0,success,False,2026-08-19T22:02:16.192857+09:00
Settlement Registry,10.0,0.0,success,False,2026-08-19T22:02:54.876263+09:00
Settlement Reminder,,,failed,False,2026-08-19T21:50:23.410812+09:00
Settlement Report,480.0,0.0,success,False,2026-08-19T21:46:01.527373+09:00
Settlement Repository,,,failed,False,2026-08-27T23:14:08.485077+09:00
Settlement Result,40.0,0.0,success,False,2026-08-28T00:48:27.212910+09:00
Settlement Roll,,,failed,False,2026-08-19T22:07:56.620143+09:00
Settlement Roster,,,failed,False,2026-08-19T22:05:58.265751+09:00
Settlement Route,40.0,0.0,success,False,2026-08-19T21:59:30.293970+09:00
Settlement Rule,210.0,0.0,success,False,2026-08-23T03:20:18.367542+09:00
Settlement Sale,110.0,8.0,success,False,2026-08-21T02:22:45.760304+09:00
Settlement Sample,390.0,6.0,success,False,2026-08-19T21:52:40.688622+09:00
Settlement Scale,,,failed,False,2026-08-19T21:59:19.992699+09:00
Settlement Scheduler,,,failed,False,2026-08-19T22:01:45.686906+09:00
Settlement Scope,,,failed,False,2026-08-19T21:55:34.064895+09:00
Settlement Score,,,failed,False,2026-08-19T21:47:13.005766+09:00
Settlement Shortfall,20.0,0.0,success,False,2026-08-27T21:46:39.546965+09:00
Settlement Signal,,,failed,False,2026-08-19T21:55:18.484182+09:00
Settlement Signature,,,failed,False,2026-08-23T13:28:05.717329+09:00
Settlement Slip,40.0,0.0,success,False,2026-08-19T21:52:28.912563+09:00
Settlement Slot,,,failed,False,2026-08-19T21:52:53.016557+09:00
Settlement Stage,10.0,0.0,success,False,2026-08-28T00:48:27.212910+09:00
Settlement Stake,,,failed,False,2026-08-23T02:54:57.045583+09:00
Settlement Stamp,,,failed,False,2026-08-23T13:28:07.800496+09:00
Settlement Statement,2900.0,1.0,success,False,2026-08-21T00:34:38.752919+09:00
Settlement Status,49500.0,1.0,success,False,2026-08-19T21:48:11.031110+09:00
Settlement Stub,,,failed,False,2026-08-21T00:34:32.979761+09:00
Settlement Studio,,,failed,False,2026-08-19T21:57:56.725251+09:00
Settlement Sum,50.0,0.0,success,False,2026-08-21T02:22:24.634972+09:00
Settlement Summary,320.0,0.0,success,False,2026-08-19T21:50:00.809390+09:00
Settlement Surtax,,,failed,False,2026-08-23T15:50:21.646134+09:00
Settlement Table,260.0,15.0,success,False,2026-08-19T21:52:04.287712+09:00
Settlement Tag,10.0,0.0,success,False,2026-08-19T21:47:40.553023+09:00
Settlement Tally,,,failed,False,2026-08-21T00:34:42.810397+09:00
Settlement Tariff,,,failed,False,2026-08-21T02:39:41.486000+09:00
Settlement Tax,390.0,2.0,success,False,2026-08-21T02:15:35.751133+09:00
Settlement Terminal,,,failed,False,2026-08-19T21:58:27.685601+09:00
Settlement Ticker,,,failed,False,2026-08-19T22:07:15.173390+09:00
Settlement Ticket,,,failed,False,2026-08-19T21:50:46.269760+09:00
Settlement Timeline,50.0,0.0,success,False,2026-08-19T21:50:13.072831+09:00
Settlement Timer,,,failed,False,2026-08-28T00:26:34.139001+09:00
Settlement Toll,,,failed,False,2026-08-21T02:39:34.519072+09:00
Settlement Toolbox,,,failed,False,2026-08-28T00:26:39.760657+09:00
Settlement Total,,,failed,False,2026-08-27T23:13:58.602342+09:00
Settlement Tracker,90.0,3.0,success,False,2026-08-19T21:53:06.381329+09:00
Settlement Trail,260.0,4.0,success,False,2026-08-19T21:59:52.671651+09:00
Settlement Trend,,,failed,False,2026-08-28T01:08:26.427990+09:00
Settlement Trial,10.0,1.0,success,False,2026-08-27T21:15:09.099124+09:00
Settlement Unit,20.0,0.0,success,False,2026-08-21T01:58:55.002196+09:00
Settlement Update,90.0,0.0,success,False,2026-08-19T21:49:26.172736+09:00
Settlement Value,210.0,4.0,success,False,2026-08-23T02:54:55.052160+09:00
Settlement Vault,,,failed,False,2026-08-19T21:54:16.215789+09:00
Settlement Version,,,failed,False,2026-08-23T03:20:11.001534+09:00
Settlement View,40.0,0.0,success,False,2026-08-19T21:48:22.940977+09:00
Settlement Voucher,30.0,0.0,success,False,2026-08-21T00:34:23.360801+09:00
Settlement Wallet,10.0,18.0,success,False,2026-08-27T22:48:25.660209+09:00
Settlement Watch,40.0,0.0,success,False,2026-08-19T21:55:24.856436+09:00
Settlement Wave,,,failed,False,2026-08-19T21:56:08.103899+09:00
Settlement Widget,,,failed,False,2026-08-27T23:14:01.250377+09:00
Settlement Window,20.0,0.0,success,False,2026-08-19T22:07:37.028999+09:00
Settlement Worksheet,20.0,0.0,success,False,2026-08-27T22:09:28.492809+09:00
Severance Advance,,,failed,False,2026-08-23T16:12:37.758659+09:00
Severance Advisory,,,failed,False,2026-08-21T01:25:38.275036+09:00
Severance Alert,,,failed,False,2026-08-21T01:21:19.183876+09:00
Severance Allowance,49500.0,2.0,success,False,2026-08-21T02:41:18.531749+09:00
Severance Analyzer,,,failed,False,2026-08-27T23:58:18.988715+09:00
Severance Announcement,,,failed,False,2026-08-27T23:35:57.257837+09:00
Severance Arrears,,,failed,False,2026-08-23T16:12:35.033809+09:00
Severance Assistant,20.0,0.0,success,False,2026-08-21T01:23:11.451788+09:00
Severance Atlas,,,failed,False,2026-08-21T01:18:26.670234+09:00
Severance Badge,480.0,54.0,success,False,2026-08-21T01:25:01.384940+09:00
Severance Balance,,,failed,False,2026-08-23T13:45:27.370408+09:00
Severance Base,,,failed,False,2026-08-21T01:16:36.813672+09:00
Severance Bay,10.0,0.0,success,False,2026-08-21T01:20:30.866856+09:00
Severance Beacon,10.0,0.0,success,False,2026-08-21T01:15:16.012738+09:00
Severance Bill,20.0,0.0,success,False,2026-08-21T01:24:04.926797+09:00
Severance Bin,,,failed,False,2026-08-21T01:21:27.496774+09:00
Severance Board,110.0,0.0,success,False,2026-08-21T01:16:50.383045+09:00
Severance Booth,10.0,0.0,success,False,2026-08-21T01:20:11.987698+09:00
Severance Bridge,20.0,0.0,success,False,2026-08-21T01:15:35.859983+09:00
Severance Brief,,,failed,False,2026-08-21T01:25:31.138326+09:00
Severance Bulletin,,,failed,False,2026-08-21T01:25:40.979194+09:00
Severance Cabinet,,,failed,False,2026-08-27T23:14:52.026245+09:00
Severance Calculator,1600.0,13.0,success,False,2026-08-27T23:35:57.257837+09:00
Severance Calendar,30.0,0.0,success,False,2026-08-21T01:21:05.247176+09:00
Severance Card,210.0,25.0,success,False,2026-08-21T01:22:16.671736+09:00
Severance Cascade,,,failed,False,2026-08-21T01:15:30.378271+09:00
Severance Cash,20.0,0.0,success,False,2026-08-21T02:24:30.364633+09:00
Severance Center,140.0,8.0,success,False,2026-08-21T01:17:21.753159+09:00
Severance Chain,,,failed,False,2026-08-21T01:18:06.021081+09:00
Severance Charge,40.0,1.0,success,False,2026-08-21T02:41:02.522533+09:00
Severance Chart,10.0,4.0,success,False,2026-08-21T01:21:24.061904+09:00
Severance Check,1000.0,0.0,success,True,2026-08-21T01:22:29.239348+09:00
Severance Checker,,,failed,False,2026-08-27T23:58:08.716476+09:00
Severance Circular,,,failed,False,2026-08-21T01:25:35.678615+09:00
Severance Code,20.0,0.0,success,False,2026-08-21T01:24:22.725454+09:00
Severance Companion,10.0,0.0,success,False,2026-08-21T01:21:05.247176+09:00
Severance Comparison,10.0,0.0,success,False,2026-08-28T01:09:01.288346+09:00
Severance Compass,,,failed,False,2026-08-21T01:26:47.452980+09:00
Severance Confirmation,,,failed,False,2026-08-21T01:25:58.145790+09:00
Severance Console,10.0,,success,False,2026-08-21T01:17:38.451621+09:00
Severance Contribution,,,failed,False,2026-08-23T16:12:35.033809+09:00
Severance Core,20.0,0.0,success,False,2026-08-21T01:16:40.172400+09:00
Severance Cost,480.0,0.0,success,False,2026-08-21T02:07:41.553019+09:00
Severance Counter,,,failed,False,2026-08-21T01:20:03.244208+09:00
Severance Deal,50.0,5.0,success,False,2026-08-21T01:50:23.005803+09:00
Severance Debt,,,failed,False,2026-08-21T02:24:19.138497+09:00
Severance Deck,,,failed,False,2026-08-21T01:16:55.800452+09:00
Severance Desk,880.0,4.0,success,False,2026-08-21T01:26:22.503532+09:00
Severance Detail,,,failed,False,2026-08-23T03:22:03.644415+09:00
Severance Detector,,,failed,False,2026-08-27T23:58:14.186756+09:00
Severance Diagram,10.0,0.0,success,False,2026-08-27T22:10:31.579374+09:00
Severance Directory,,,failed,False,2026-08-21T01:19:45.031880+09:00
Severance Downpayment,,,failed,False,2026-08-27T21:47:03.271568+09:00
Severance Draft,,,failed,False,2026-08-21T01:23:39.665157+09:00
Severance Due,,,failed,False,2026-08-23T15:50:46.818166+09:00
Severance Duty,,,failed,False,2026-08-21T02:41:05.925111+09:00
Severance Engine,,,failed,False,2026-08-21T01:18:42.442648+09:00
Severance Entry,,,failed,False,2026-08-21T01:26:08.809687+09:00
Severance Estimate,,,failed,False,2026-08-21T01:23:57.328019+09:00
Severance Estimator,,,failed,False,2026-08-27T23:58:05.711455+09:00
Severance Extension,,,failed,False,2026-08-23T16:38:14.137829+09:00
Severance Fare,,,failed,False,2026-08-21T02:07:53.857202+09:00
Severance Fee,390.0,1.0,success,False,2026-08-21T02:00:06.443014+09:00
Severance Feed,,,failed,False,2026-08-21T01:23:39.665157+09:00
Severance File,10.0,0.0,success,False,2026-08-21T01:23:05.026470+09:00
Severance Fine,10.0,0.0,success,False,2026-08-23T02:56:21.131414+09:00
Severance Flow,,,failed,False,2026-08-21T01:26:17.676069+09:00
Severance Forge,,,failed,False,2026-08-21T01:15:26.988997+09:00
Severance Form,70.0,2.0,success,False,2026-08-21T01:22:09.935224+09:00
Severance Frame,20.0,0.0,success,False,2026-08-21T01:16:28.829039+09:00
Severance Fund,110.0,0.0,success,False,2026-08-21T02:24:27.084847+09:00
Severance Gate,,,failed,False,2026-08-21T01:18:16.729979+09:00
Severance Generator,10.0,14.0,success,False,2026-08-27T23:35:57.257837+09:00
Severance Graph,10.0,0.0,success,False,2026-08-27T22:10:26.332247+09:00
Severance Grid,,,failed,False,2026-08-21T01:16:00.251742+09:00
Severance Guarantee,,,failed,False,2026-08-28T01:09:03.847299+09:00
Severance Guardian,20.0,0.0,success,False,2026-08-28T00:27:06.057605+09:00
Severance Helpdesk,,,failed,False,2026-08-27T22:49:08.559687+09:00
Severance Helper,,,failed,False,2026-08-28T00:27:09.738576+09:00
Severance History,10.0,0.0,success,False,2026-08-21T01:23:01.482269+09:00
Severance Hub,,,failed,False,2026-08-21T01:26:19.673494+09:00
Severance Identifier,,,failed,False,2026-08-23T13:09:17.043261+09:00
Severance Inbox,,,failed,False,2026-08-21T01:23:16.298800+09:00
Severance Index,10.0,0.0,success,False,2026-08-21T01:23:52.904904+09:00
Severance Installment,,,failed,False,2026-08-23T16:12:32.773263+09:00
Severance Interest,,,failed,False,2026-08-23T13:45:29.589427+09:00
Severance Item,,,failed,False,2026-08-21T01:50:02.348824+09:00
Severance Journal,10.0,7.0,success,False,2026-08-21T01:19:29.603335+09:00
Severance Keeper,,,failed,False,2026-08-21T01:18:33.036529+09:00
Severance Lab,20.0,0.0,success,False,2026-08-21T01:17:06.015996+09:00
Severance Label,10.0,0.0,success,False,2026-08-27T22:10:26.332247+09:00
Severance Ledger,,,failed,False,2026-08-21T01:16:44.690020+09:00
Severance Level,,,failed,False,2026-08-21T01:23:39.665157+09:00
Severance Levy,,,failed,False,2026-08-23T13:45:33.532917+09:00
Severance Line,20.0,0.0,success,False,2026-08-21T01:21:46.110216+09:00
Severance Link,10.0,14.0,success,False,2026-08-23T03:21:56.707046+09:00
Severance List,10.0,0.0,success,False,2026-08-21T01:24:27.996006+09:00
Severance Loan,,,failed,False,2026-08-21T02:08:03.839367+09:00
Severance Lobby,50.0,0.0,success,False,2026-08-21T01:21:39.012967+09:00
Severance Locator,,,failed,False,2026-08-21T01:19:49.395013+09:00
Severance Locker,10.0,0.0,success,False,2026-08-21T01:20:05.793508+09:00
Severance Log,10.0,0.0,success,False,2026-08-21T01:22:03.238360+09:00
Severance Loop,10.0,0.0,success,False,2026-08-21T01:15:55.134469+09:00
Severance Manager,90.0,0.0,success,False,2026-08-21T01:18:37.282523+09:00
Severance Manual,20.0,4.0,success,False,2026-08-27T22:10:29.150854+09:00
Severance Map,390.0,2.0,success,False,2026-08-21T01:16:25.156844+09:00
Severance Margin,,,failed,False,2026-08-23T02:56:17.565255+09:00
Severance Memo,10.0,0.0,success,False,2026-08-21T01:25:04.622255+09:00
Severance Message,20.0,0.0,success,False,2026-08-27T23:14:46.468120+09:00
Severance Monitor,50.0,0.0,success,False,2026-08-21T01:19:03.432303+09:00
Severance Nexus,,,failed,False,2026-08-21T01:18:21.129763+09:00
Severance Note,70.0,0.0,success,False,2026-08-21T01:22:36.440068+09:00
Severance Notification,,,failed,False,2026-08-27T22:48:58.866644+09:00
Severance Number,20.0,0.0,success,False,2026-08-23T03:21:47.880193+09:00
Severance Office,3600.0,0.0,success,True,2026-08-21T01:19:57.563871+09:00
Severance Ops,,,failed,False,2026-08-21T01:19:18.289018+09:00
Severance Order,10.0,0.0,success,False,2026-08-21T01:24:08.790137+09:00
Severance Overage,,,failed,False,2026-08-27T21:47:03.271568+09:00
Severance Overdraft,,,failed,False,2026-08-23T15:50:49.697674+09:00
Severance Overdue,,,failed,False,2026-08-27T21:46:57.331452+09:00
Severance Panel,10.0,0.0,success,False,2026-08-21T01:17:43.825232+09:00
Severance Pass,10.0,0.0,success,False,2026-08-21T01:24:52.705656+09:00
Severance Passport,,,failed,False,2026-08-21T01:23:16.298800+09:00
Severance Path,,,failed,False,2026-08-21T01:16:13.958396+09:00
Severance Payoff,,,failed,False,2026-08-27T21:47:00.631100+09:00
Severance Penalty,,,failed,False,2026-08-23T16:38:11.972867+09:00
Severance Petition,,,failed,False,2026-08-21T01:25:43.368101+09:00
Severance Plan,210.0,2.0,success,False,2026-08-21T01:50:16.047866+09:00
Severance Planner,,,failed,False,2026-08-21T01:18:54.031046+09:00
Severance Playbook,,,failed,False,2026-08-21T01:19:25.139986+09:00
Severance Point,10.0,0.0,success,False,2026-08-21T01:16:18.467523+09:00
Severance Portal,30.0,0.0,success,False,2026-08-21T01:17:33.437690+09:00
Severance Post,10.0,0.0,success,False,2026-08-21T01:20:36.811619+09:00
Severance Preview,70.0,7.0,success,False,2026-08-28T01:09:01.288346+09:00
Severance Profile,10.0,,success,False,2026-08-21T01:22:46.544366+09:00
Severance Profit,10.0,0.0,success,False,2026-08-23T02:56:06.421775+09:00
Severance Proposal,10.0,2.0,success,False,2026-08-28T01:09:03.847299+09:00
Severance Quota,10.0,0.0,success,False,2026-08-21T01:25:14.873207+09:00
Severance Radar,40.0,0.0,success,False,2026-08-21T01:26:29.214274+09:00
Severance Rail,,,failed,False,2026-08-21T01:17:54.187315+09:00
Severance Rate,40.0,0.0,success,False,2026-08-21T01:23:39.665157+09:00
Severance Recap,260.0,9.0,success,False,2026-08-21T01:25:58.899135+09:00
Severance Receipt,,,failed,False,2026-08-21T01:24:17.387114+09:00
Severance Recorder,,,failed,False,2026-08-27T23:36:01.279667+09:00
Severance Register,,,failed,False,2026-08-21T01:19:16.110446+09:00
Severance Registry,,,failed,False,2026-08-21T01:21:05.247176+09:00
Severance Relay,,,failed,False,2026-08-21T01:26:35.509450+09:00
Severance Reminder,10.0,0.0,success,False,2026-08-21T01:23:47.982205+09:00
Severance Report,10.0,0.0,success,False,2026-08-21T01:21:58.894123+09:00
Severance Repository,,,failed,False,2026-08-27T23:14:52.026245+09:00
Severance Ring,30.0,5.0,success,False,2026-08-21T01:18:10.686176+09:00
Severance Roll,,,failed,False,2026-08-21T01:21:56.081167+09:00
Severance Route,,,failed,False,2026-08-21T01:17:52.131047+09:00
Severance Rule,70.0,6.0,success,False,2026-08-23T03:22:01.031781+09:00
Severance Sale,,,failed,False,2026-08-21T02:24:36.091430+09:00
Severance Sample,10.0,,success,False,2026-08-21T01:24:44.835275+09:00
Severance Scale,,,failed,False,2026-08-21T01:17:46.814722+09:00
Severance Scanner,,,failed,False,2026-08-27T23:58:14.186756+09:00
Severance Scheduler,,,failed,False,2026-08-21T01:23:11.451788+09:00
Severance Scope,,,failed,False,2026-08-21T01:15:49.368632+09:00
Severance Score,110.0,0.0,success,False,2026-08-21T01:22:31.268942+09:00
Severance Sheet,10.0,21.0,success,False,2026-08-21T01:22:23.798217+09:00
Severance Shelf,,,failed,False,2026-08-21T01:21:00.134067+09:00
Severance Shortfall,,,failed,False,2026-08-27T21:47:05.962227+09:00
Severance Signal,,,failed,False,2026-08-21T01:15:43.149064+09:00
Severance Signature,,,failed,False,2026-08-23T13:28:19.840300+09:00
Severance Slip,,,failed,False,2026-08-21T01:24:35.885777+09:00
Severance Slot,,,failed,False,2026-08-21T01:24:49.055361+09:00
Severance Stage,,,failed,False,2026-08-28T00:48:49.804197+09:00
Severance Stake,,,failed,False,2026-08-23T02:56:12.259379+09:00
Severance Statement,10.0,2.0,success,False,2026-08-21T01:25:07.930638+09:00
Severance Station,20.0,0.0,success,False,2026-08-21T01:17:10.053741+09:00
Severance Status,,,failed,False,2026-08-21T01:22:51.659146+09:00
Severance Stipend,,,failed,False,2026-08-23T13:45:36.815787+09:00
Severance Stub,,,failed,False,2026-08-21T01:25:05.827415+09:00
Severance Studio,40.0,0.0,success,False,2026-08-21T01:16:58.879155+09:00
Severance Subsidy,,,failed,False,2026-08-23T15:50:49.697674+09:00
Severance Sum,,,failed,False,2026-08-21T02:24:14.838617+09:00
Severance Summary,720.0,5.0,success,False,2026-08-21T01:23:35.044251+09:00
Severance Surtax,,,failed,False,2026-08-23T15:50:51.928952+09:00
Severance Tab,20.0,0.0,success,False,2026-08-21T01:25:37.604117+09:00
Severance Table,110.0,1.0,success,False,2026-08-21T01:35:21.006069+09:00
Severance Tag,10.0,0.0,success,False,2026-08-21T01:22:41.888615+09:00
Severance Tariff,,,failed,False,2026-08-21T02:41:21.123178+09:00
Severance Tax,1000.0,0.0,success,True,2026-08-21T02:07:58.916446+09:00
Severance Terminal,90.0,0.0,success,False,2026-08-21T01:17:18.123686+09:00
Severance Ticker,,,failed,False,2026-08-21T01:21:42.147576+09:00
Severance Ticket,10.0,46.0,success,False,2026-08-21T01:23:50.887102+09:00
Severance Tier,,,failed,False,2026-08-28T00:48:52.338706+09:00
Severance Timeline,70.0,1.0,success,False,2026-08-21T01:23:45.473669+09:00
Severance Timer,10.0,0.0,success,False,2026-08-28T00:27:03.530965+09:00
Severance Toll,,,failed,False,2026-08-21T02:41:14.911892+09:00
Severance Toolbox,,,failed,False,2026-08-28T00:27:06.057605+09:00
Severance Total,,,failed,False,2026-08-27T23:14:46.468120+09:00
Severance Tracker,20.0,0.0,success,False,2026-08-21T01:26:12.180385+09:00
Severance Trail,10.0,4.0,success,False,2026-08-21T01:17:59.788687+09:00
Severance Trend,10.0,0.0,success,False,2026-08-28T01:08:56.786303+09:00
Severance Trial,140.0,0.0,success,False,2026-08-27T21:15:51.614768+09:00
Severance Unit,,,failed,False,2026-08-21T01:50:44.435250+09:00
Severance Update,140.0,2.0,success,False,2026-08-21T01:23:39.665157+09:00
Severance Value,,,failed,False,2026-08-23T02:56:08.739557+09:00
Severance Vault,,,failed,False,2026-08-21T01:26:39.674761+09:00
Severance Version,,,failed,False,2026-08-23T03:21:52.337489+09:00
Severance View,10.0,,success,False,2026-08-21T01:22:57.277421+09:00
Severance Voucher,,,failed,False,2026-08-21T01:24:51.973946+09:00
Severance Wallet,,,failed,False,2026-08-27T22:49:02.475082+09:00
Severance Watch,3600.0,12.0,success,False,2026-08-21T01:15:46.981049+09:00
Severance Wave,10.0,0.0,success,False,2026-08-21T01:16:08.180396+09:00
Severance Widget,,,failed,False,2026-08-27T23:14:49.427940+09:00
Severance Window,,,failed,False,2026-08-21T01:21:51.595086+09:00
Severance Worksheet,10.0,3.0,success,False,2026-08-27T22:10:31.579374+09:00
Severance Zone,,,failed,False,2026-08-21T01:17:27.975074+09:00
Severity Advisory,,,failed,False,2026-08-21T01:23:50.887102+09:00
Severity Alert,1000.0,0.0,success,True,2026-08-21T01:19:25.139986+09:00
Severity Allowance,10.0,0.0,success,False,2026-08-21T02:39:23.092445+09:00
Severity Analyzer,,,failed,False,2026-08-27T23:57:22.809432+09:00
Severity Assistant,,,failed,False,2026-08-21T01:16:56.595304+09:00
Severity Atlas,,,failed,False,2026-08-21T01:16:36.813672+09:00
Severity Attribute,,,failed,False,2026-08-23T13:08:19.388505+09:00
Severity Badge,,,failed,False,2026-08-21T01:23:12.871826+09:00
Severity Balance,,,failed,False,2026-08-23T13:48:23.745553+09:00
Severity Base,,,failed,False,2026-08-21T01:26:12.180385+09:00
Severity Bay,,,failed,False,2026-08-21T01:18:37.282523+09:00
Severity Beacon,,,failed,False,2026-08-21T01:25:01.384940+09:00
Severity Bill,10.0,0.0,success,False,2026-08-21T01:22:23.798217+09:00
Severity Bin,,,failed,False,2026-08-21T01:19:35.649490+09:00
Severity Board,,,failed,False,2026-08-21T01:26:22.503532+09:00
Severity Booth,,,failed,False,2026-08-21T01:18:21.687046+09:00
Severity Bridge,,,failed,False,2026-08-21T01:24:58.248386+09:00
Severity Brief,,,failed,False,2026-08-21T01:35:21.006069+09:00
Severity Bulletin,,,failed,False,2026-08-21T01:23:45.473669+09:00
Severity Calculator,30.0,2.0,success,False,2026-08-27T23:35:13.146180+09:00
Severity Calendar,,,failed,False,2026-08-21T01:35:21.006069+09:00
Severity Card,,,failed,False,2026-08-21T01:20:28.588615+09:00
Severity Cascade,,,failed,False,2026-08-21T01:25:07.930638+09:00
Severity Cash,,,failed,False,2026-08-21T02:22:24.634972+09:00
Severity Category,30.0,0.0,success,False,2026-08-23T13:08:17.193422+09:00
Severity Center,,,failed,False,2026-08-21T01:15:26.988997+09:00
Severity Chain,,,failed,False,2026-08-21T01:16:13.958396+09:00
Severity Charge,,,failed,False,2026-08-21T02:39:09.375307+09:00
Severity Chart,140.0,0.0,success,False,2026-08-21T01:19:29.603335+09:00
Severity Check,10.0,4.0,success,False,2026-08-21T01:20:36.811619+09:00
Severity Checker,,,failed,False,2026-08-27T23:57:19.436881+09:00
Severity Circular,,,failed,False,2026-08-21T01:23:52.904904+09:00
Severity Code,170.0,0.0,success,False,2026-08-21T01:22:33.143231+09:00
Severity Companion,,,failed,False,2026-08-21T01:17:17.039045+09:00
Severity Comparison,,,failed,False,2026-08-28T01:08:23.846955+09:00
Severity Compass,,,failed,False,2026-08-21T01:24:59.173649+09:00
Severity Confirmation,,,failed,False,2026-08-21T01:24:58.248386+09:00
Severity Console,,,failed,False,2026-08-21T01:15:43.149064+09:00
Severity Core,,,failed,False,2026-08-21T01:26:17.676069+09:00
Severity Cost,,,failed,False,2026-08-21T02:15:15.095648+09:00
Severity Count,,,failed,False,2026-08-27T22:48:17.330576+09:00
Severity Counter,,,failed,False,2026-08-21T01:18:13.374383+09:00
Severity Deal,,,failed,False,2026-08-21T01:58:52.066039+09:00
Severity Debt,,,failed,False,2026-08-21T02:22:13.751196+09:00
Severity Deck,,,failed,False,2026-08-21T01:26:29.214274+09:00
Severity Desk,,,failed,False,2026-08-21T01:24:58.248386+09:00
Severity Detail,,,failed,False,2026-08-23T03:20:15.434284+09:00
Severity Detector,,,failed,False,2026-08-27T23:57:22.809432+09:00
Severity Diagram,,,failed,False,2026-08-27T22:09:25.119437+09:00
Severity Directory,,,failed,False,2026-08-21T01:17:52.131047+09:00
Severity Draft,,,failed,False,2026-08-21T01:21:42.147576+09:00
Severity Due,,,failed,False,2026-08-23T15:53:12.516993+09:00
Severity Duty,,,failed,False,2026-08-21T02:39:16.897271+09:00
Severity Engine,,,failed,False,2026-08-21T01:16:50.383045+09:00
Severity Entry,,,failed,False,2026-08-21T01:24:58.248386+09:00
Severity Estimate,,,failed,False,2026-08-21T01:22:09.935224+09:00
Severity Estimator,,,failed,False,2026-08-27T23:57:16.212473+09:00
Severity Fare,,,failed,False,2026-08-21T02:15:23.867854+09:00
Severity Fee,,,failed,False,2026-08-21T01:58:38.358988+09:00
Severity Feed,,,failed,False,2026-08-21T01:21:39.012967+09:00
Severity Field,,,failed,False,2026-08-23T13:08:21.567126+09:00
Severity File,,,failed,False,2026-08-21T01:21:19.183876+09:00
Severity Fine,,,failed,False,2026-08-23T02:54:57.045583+09:00
Severity Flow,,,failed,False,2026-08-21T01:24:58.248386+09:00
Severity Forge,,,failed,False,2026-08-21T01:25:05.827415+09:00
Severity Form,,,failed,False,2026-08-21T01:20:20.986675+09:00
Severity Format,,,failed,False,2026-08-23T13:08:24.927067+09:00
Severity Frame,,,failed,False,2026-08-21T01:26:08.809687+09:00
Severity Fund,,,failed,False,2026-08-21T02:22:21.674947+09:00
Severity Gate,,,failed,False,2026-08-21T01:16:26.293455+09:00
Severity Graph,20.0,0.0,success,False,2026-08-27T22:09:18.738684+09:00
Severity Grid,,,failed,False,2026-08-21T01:25:49.214024+09:00
Severity Harbor,,,failed,False,2026-08-21T01:23:11.451788+09:00
Severity Helper,,,failed,False,2026-08-28T00:26:37.162050+09:00
Severity History,,,failed,False,2026-08-21T01:21:13.489274+09:00
Severity Hub,,,failed,False,2026-08-21T01:24:58.248386+09:00
Severity Identifier,,,failed,False,2026-08-23T13:08:15.174863+09:00
Severity Inbox,,,failed,False,2026-08-21T01:19:23.070915+09:00
Severity Index,390.0,0.0,success,False,2026-08-21T01:22:00.506036+09:00
Severity Item,,,failed,False,2026-08-21T01:58:40.468509+09:00
Severity Journal,,,failed,False,2026-08-21T01:17:38.451621+09:00
Severity Keeper,,,failed,False,2026-08-21T01:16:42.417120+09:00
Severity Kiosk,,,failed,False,2026-08-21T01:23:11.451788+09:00
Severity Lab,,,failed,False,2026-08-21T01:26:39.674761+09:00
Severity Label,,,failed,False,2026-08-27T22:09:18.738684+09:00
Severity Ledger,,,failed,False,2026-08-21T01:26:19.673494+09:00
Severity Level,2400.0,1.0,success,False,2026-08-21T01:21:24.061904+09:00
Severity Line,,,failed,False,2026-08-21T01:19:54.083744+09:00
Severity Link,,,failed,False,2026-08-23T03:20:07.416918+09:00
Severity List,20.0,1.0,success,False,2026-08-21T01:22:36.440068+09:00
Severity Loan,,,failed,False,2026-08-21T02:15:26.957875+09:00
Severity Lobby,,,failed,False,2026-08-21T01:19:45.031880+09:00
Severity Locator,,,failed,False,2026-08-21T01:17:57.482592+09:00
Severity Locker,,,failed,False,2026-08-21T01:18:16.729979+09:00
Severity Log,20.0,1.0,success,False,2026-08-21T01:20:11.987698+09:00
Severity Loop,,,failed,False,2026-08-21T01:25:45.514354+09:00
Severity Manager,,,failed,False,2026-08-21T01:16:44.690020+09:00
Severity Manual,,,failed,False,2026-08-27T22:09:22.436426+09:00
Severity Map,20.0,0.0,success,False,2026-08-21T01:26:04.709927+09:00
Severity Marker,,,failed,False,2026-08-23T13:28:05.717329+09:00
Severity Memo,10.0,0.0,success,False,2026-08-21T01:23:30.836605+09:00
Severity Monitor,,,failed,False,2026-08-21T01:17:10.053741+09:00
Severity Nexus,,,failed,False,2026-08-21T01:16:28.829039+09:00
Severity Note,,,failed,False,2026-08-21T01:20:45.332631+09:00
Severity Notification,,,failed,False,2026-08-27T22:48:13.756184+09:00
Severity Number,20.0,0.0,success,False,2026-08-23T03:20:00.686198+09:00
Severity Office,,,failed,False,2026-08-21T01:18:06.634708+09:00
Severity Ops,,,failed,False,2026-08-21T01:17:30.839165+09:00
Severity Order,40.0,0.0,success,False,2026-08-21T01:22:20.767459+09:00
Severity Outpost,,,failed,False,2026-08-21T01:18:50.592866+09:00
Severity Overdraft,,,failed,False,2026-08-23T15:50:12.078414+09:00
Severity Panel,,,failed,False,2026-08-21T01:15:46.981049+09:00
Severity Pass,,,failed,False,2026-08-21T01:23:01.482269+09:00
Severity Passport,,,failed,False,2026-08-21T01:19:38.759789+09:00
Severity Path,,,failed,False,2026-08-21T01:25:43.368101+09:00
Severity Penalty,,,failed,False,2026-08-23T16:37:40.797403+09:00
Severity Petition,,,failed,False,2026-08-21T01:24:55.892081+09:00
Severity Plan,,,failed,False,2026-08-21T01:58:46.875681+09:00
Severity Planner,,,failed,False,2026-08-21T01:16:58.879155+09:00
Severity Playbook,,,failed,False,2026-08-21T01:17:33.437690+09:00
Severity Plaza,,,failed,False,2026-08-21T01:18:54.031046+09:00
Severity Point,,,failed,False,2026-08-21T01:25:58.145790+09:00
Severity Portal,,,failed,False,2026-08-21T01:15:36.930840+09:00
Severity Post,,,failed,False,2026-08-21T01:18:42.442648+09:00
Severity Profile,,,failed,False,2026-08-21T01:20:57.396338+09:00
Severity Profit,,,failed,False,2026-08-23T02:54:48.016404+09:00
Severity Quota,,,failed,False,2026-08-21T01:23:38.443967+09:00
Severity Radar,,,failed,False,2026-08-21T01:24:58.248386+09:00
Severity Rail,,,failed,False,2026-08-21T01:16:03.338785+09:00
Severity Rank,,,failed,False,2026-08-28T00:48:27.212910+09:00
Severity Rate,720.0,0.0,success,False,2026-08-21T01:21:31.170741+09:00
Severity Recap,,,failed,False,2026-08-21T01:24:58.248386+09:00
Severity Receipt,,,failed,False,2026-08-21T01:22:29.239348+09:00
Severity Recorder,,,failed,False,2026-08-27T23:35:16.240815+09:00
Severity Register,,,failed,False,2026-08-21T01:17:21.753159+09:00
Severity Relay,,,failed,False,2026-08-21T01:24:58.248386+09:00
Severity Reminder,,,failed,False,2026-08-21T01:21:56.845957+09:00
Severity Report,,,failed,False,2026-08-21T01:20:08.075194+09:00
Severity Ring,20.0,87.0,success,False,2026-08-21T01:16:18.467523+09:00
Severity Roll,,,failed,False,2026-08-21T01:20:03.244208+09:00
Severity Roster,,,failed,False,2026-08-21T01:19:16.110446+09:00
Severity Route,,,failed,False,2026-08-21T01:15:55.134469+09:00
Severity Rule,,,failed,False,2026-08-23T03:20:11.001534+09:00
Severity Sale,,,failed,False,2026-08-21T02:22:28.218601+09:00
Severity Sample,,,failed,False,2026-08-21T01:22:53.742962+09:00
Severity Scale,590.0,0.0,success,False,2026-08-21T01:15:52.922484+09:00
Severity Scope,,,failed,False,2026-08-21T01:25:27.220112+09:00
Severity Score,320.0,0.0,success,False,2026-08-21T01:20:39.645097+09:00
Severity Sheet,,,failed,False,2026-08-21T01:20:30.866856+09:00
Severity Shelf,,,failed,False,2026-08-21T01:21:05.247176+09:00
Severity Signal,,,failed,False,2026-08-21T01:25:11.979955+09:00
Severity Slip,,,failed,False,2026-08-21T01:22:48.599352+09:00
Severity Slot,,,failed,False,2026-08-21T01:22:57.277421+09:00
Severity Stake,,,failed,False,2026-08-23T02:54:52.135987+09:00
Severity Statement,,,failed,False,2026-08-21T01:23:24.077688+09:00
Severity Station,,,failed,False,2026-08-21T01:26:47.452980+09:00
Severity Status,20.0,0.0,success,False,2026-08-21T01:21:03.266778+09:00
Severity Stub,,,failed,False,2026-08-21T01:35:21.006069+09:00
Severity Studio,,,failed,False,2026-08-21T01:26:35.509450+09:00
Severity Sum,,,failed,False,2026-08-21T02:22:10.235863+09:00
Severity Summary,,,failed,False,2026-08-21T01:21:46.110216+09:00
Severity Tab,,,failed,False,2026-08-21T01:23:35.044251+09:00
Severity Table,140.0,0.0,success,False,2026-08-21T01:22:41.888615+09:00
Severity Tag,,,failed,False,2026-08-21T01:20:48.632862+09:00
Severity Tariff,,,failed,False,2026-08-21T02:39:27.182357+09:00
Severity Tax,,,failed,False,2026-08-21T02:15:26.957875+09:00
Severity Terminal,,,failed,False,2026-08-21T01:15:16.012738+09:00
Severity Ticker,,,failed,False,2026-08-21T01:19:49.395013+09:00
Severity Ticket,10.0,4.0,success,False,2026-08-21T01:22:03.238360+09:00
Severity Tier,,,failed,False,2026-08-28T00:48:27.212910+09:00
Severity Timeline,,,failed,False,2026-08-21T01:21:51.595086+09:00
Severity Toll,,,failed,False,2026-08-21T02:39:20.009212+09:00
Severity Toolbox,,,failed,False,2026-08-28T00:26:34.139001+09:00
Severity Tower,,,failed,False,2026-08-21T01:21:05.247176+09:00
Severity Tracker,,,failed,False,2026-08-21T01:24:58.248386+09:00
Severity Trail,,,failed,False,2026-08-21T01:16:08.180396+09:00
Severity Trend,,,failed,False,2026-08-28T01:08:23.846955+09:00
Severity Trial,,,failed,False,2026-08-27T21:15:06.762141+09:00
Severity Unit,,,failed,False,2026-08-21T01:58:41.656184+09:00
Severity Update,,,failed,False,2026-08-21T01:21:34.003833+09:00
Severity Value,,,failed,False,2026-08-23T02:54:50.074152+09:00
Severity Vault,,,failed,False,2026-08-21T01:24:58.248386+09:00
Severity Version,,,failed,False,2026-08-23T03:20:04.246790+09:00
Severity View,,,failed,False,2026-08-21T01:21:06.488842+09:00
Severity Voucher,,,failed,False,2026-08-21T01:23:05.026470+09:00
Severity Watch,,,failed,False,2026-08-21T01:25:39.259226+09:00
Severity Wave,,,failed,False,2026-08-21T01:25:40.338227+09:00
Severity Widget,,,failed,False,2026-08-27T23:13:56.060397+09:00
Severity Window,,,failed,False,2026-08-21T01:19:57.563871+09:00
Severity Yard,,,failed,False,2026-08-21T01:18:31.327971+09:00
Severity Zone,,,failed,False,2026-08-21T01:15:31.943617+09:00
Shift Advance,10.0,0.0,success,False,2026-08-23T16:12:51.127665+09:00
Shift Advisory,140.0,0.0,success,False,2026-08-21T00:58:22.319025+09:00
Shift Allowance,1900.0,0.0,success,True,2026-08-21T02:37:48.956315+09:00
Shift Almanac,,,failed,False,2026-08-18T22:09:39.839296+09:00
Shift Analyzer,,,failed,False,2026-08-27T23:51:15.530091+09:00
Shift Anchor,,,failed,False,2026-08-17T20:40:17.203996+09:00
Shift Announcement,,,failed,False,2026-08-27T23:31:24.795366+09:00
Shift Arrears,,,failed,False,2026-08-23T16:12:51.127665+09:00
Shift Assistant,170.0,6.0,success,False,2026-08-17T23:04:19.754704+09:00
Shift Atlas,10.0,0.0,success,False,2026-08-18T07:43:47.974817+09:00
Shift Attribute,,,failed,False,2026-08-23T13:06:00.621707+09:00
Shift Badge,,,failed,False,2026-08-21T00:30:11.509086+09:00
Shift Balance,170.0,0.0,success,False,2026-08-23T13:46:16.255562+09:00
Shift Base,33100.0,44.0,success,False,2026-08-17T21:36:54.710856+09:00
Shift Beacon,,,failed,False,2026-08-17T20:43:32.566232+09:00
Shift Bill,,,failed,False,2026-08-19T21:51:23.149370+09:00
Shift Blueprint,,,failed,False,2026-08-18T22:09:32.067298+09:00
Shift Board,14800.0,9.0,success,False,2026-08-17T21:33:45.075228+09:00
Shift Book,3600.0,36.0,success,False,2026-08-19T21:52:20.652566+09:00
Shift Bridge,140.0,93.0,success,False,2026-08-17T20:41:01.819842+09:00
Shift Brief,140.0,0.0,success,False,2026-08-21T01:03:30.050919+09:00
Shift Bulletin,,,failed,False,2026-08-21T01:03:25.375031+09:00
Shift Calculator,8100.0,2.0,success,False,2026-08-27T23:31:29.961537+09:00
Shift Calendar,2900.0,24.0,success,False,2026-08-18T23:57:22.753165+09:00
Shift Card,590.0,15.0,success,False,2026-08-19T13:20:54.330811+09:00
Shift Cascade,,,failed,False,2026-08-17T20:41:53.253624+09:00
Shift Cash,20.0,15.0,success,False,2026-08-21T02:21:23.135425+09:00
Shift Catalog,10.0,0.0,success,False,2026-08-19T21:08:03.467133+09:00
Shift Category,,,failed,False,2026-08-23T13:05:58.112221+09:00
Shift Center,170.0,0.0,success,False,2026-08-17T20:45:50.172264+09:00
Shift Chain,70.0,3.0,success,False,2026-08-17T20:35:09.040915+09:00
Shift Charge,590.0,11.0,success,False,2026-08-21T02:37:35.054521+09:00
Shift Check,50.0,10.0,success,False,2026-08-19T13:21:44.122863+09:00
Shift Checker,50.0,10.0,success,False,2026-08-27T23:51:10.379112+09:00
Shift Checklist,90.0,5.0,success,False,2026-08-19T21:07:11.433627+09:00
Shift Circular,,,failed,False,2026-08-21T01:03:33.238339+09:00
Shift Cockpit,,,failed,False,2026-08-17T23:14:48.085579+09:00
Shift Code,74000.0,0.0,success,True,2026-08-19T21:51:45.660208+09:00
Shift Codex,,,failed,False,2026-08-18T22:09:56.131275+09:00
Shift Companion,,,failed,False,2026-08-17T23:09:57.644305+09:00
Shift Comparison,10.0,1.0,success,False,2026-08-28T01:02:13.095205+09:00
Shift Compass,20.0,8.0,success,False,2026-08-17T20:44:22.162347+09:00
Shift Compendium,,,failed,False,2026-08-18T22:09:49.300650+09:00
Shift Confirmation,40.0,0.0,success,False,2026-08-21T00:58:32.149871+09:00
Shift Console,390.0,10.0,success,False,2026-08-17T20:43:05.974432+09:00
Shift Contribution,,,failed,False,2026-08-23T16:12:46.857371+09:00
Shift Converter,170.0,1.0,success,False,2026-08-27T23:31:29.961537+09:00
Shift Copayment,,,failed,False,2026-08-23T16:38:09.315163+09:00
Shift Core,30.0,0.0,success,False,2026-08-17T21:35:54.911296+09:00
Shift Cost,390.0,5.0,success,False,2026-08-21T02:06:47.400251+09:00
Shift Count,320.0,3.0,success,False,2026-08-27T22:47:28.680273+09:00
Shift Counter,320.0,3.0,success,False,2026-08-18T23:58:19.517114+09:00
Shift Dashboard,90.0,3.0,success,False,2026-08-17T23:07:59.739195+09:00
Shift Deal,30.0,4.0,success,False,2026-08-21T01:51:00.424955+09:00
Shift Debt,,,failed,False,2026-08-21T02:21:14.623269+09:00
Shift Deck,20.0,1.0,success,False,2026-08-17T21:32:47.122898+09:00
Shift Depot,,,failed,False,2026-08-18T23:58:01.279851+09:00
Shift Desk,20.0,100.0,success,False,2026-08-17T20:48:45.753465+09:00
Shift Detail,170.0,1.0,success,False,2026-08-23T03:16:47.860821+09:00
Shift Detector,10.0,0.0,success,False,2026-08-27T23:51:12.915875+09:00
Shift Diagram,140.0,0.0,success,False,2026-08-27T22:09:38.149454+09:00
Shift Dial,590.0,1.0,success,False,2026-08-17T20:41:22.469867+09:00
Shift Digest,,,failed,False,2026-08-19T20:38:12.818207+09:00
Shift Directory,,,failed,False,2026-08-18T23:57:31.846586+09:00
Shift Discount,10.0,10.0,success,False,2026-08-23T16:12:41.676987+09:00
Shift Dock,,,failed,False,2026-08-17T20:38:04.703276+09:00
Shift Dossier,,,failed,False,2026-08-21T00:58:36.711570+09:00
Shift Draft,30.0,1.0,success,False,2026-08-19T20:38:30.453873+09:00
Shift Due,,,failed,False,2026-08-23T15:51:18.067623+09:00
Shift Duty,880.0,0.0,success,False,2026-08-21T02:37:37.997164+09:00
Shift Engine,90.0,7.0,success,False,2026-08-17T23:11:32.053287+09:00
Shift Entry,,,failed,False,2026-08-21T00:58:49.473587+09:00
Shift Estimate,10.0,,success,False,2026-08-19T21:07:53.338438+09:00
Shift Estimator,,,failed,False,2026-08-27T23:51:07.494975+09:00
Shift Excerpt,,,failed,False,2026-08-21T00:58:44.836971+09:00
Shift Extension,1300.0,99.0,success,False,2026-08-23T16:38:11.972867+09:00
Shift Fare,,,failed,False,2026-08-21T02:07:02.181648+09:00
Shift Fee,140.0,0.0,success,False,2026-08-21T01:50:32.476329+09:00
Shift Feed,,,failed,False,2026-08-19T20:38:22.141016+09:00
Shift Field,10.0,6.0,success,False,2026-08-23T13:06:02.918045+09:00
Shift File,70.0,0.0,success,False,2026-08-19T20:37:45.715949+09:00
Shift Finder,110.0,35.0,success,False,2026-08-18T23:57:49.004373+09:00
Shift Fine,,,failed,False,2026-08-23T02:53:25.456581+09:00
Shift Flag,30.0,0.0,success,False,2026-08-21T00:30:55.600635+09:00
Shift Flow,210.0,15.0,success,False,2026-08-17T21:33:19.243075+09:00
Shift Forge,20.0,0.0,success,False,2026-08-17T20:42:40.071307+09:00
Shift Form,320.0,0.0,success,False,2026-08-19T13:33:08.765794+09:00
Shift Format,320.0,0.0,success,False,2026-08-23T13:06:05.538611+09:00
Shift Frame,70.0,6.0,success,False,2026-08-17T21:38:05.775829+09:00
Shift Fund,50.0,11.0,success,False,2026-08-21T02:21:16.859864+09:00
Shift Gate,320.0,5.0,success,False,2026-08-17T20:32:08.584337+09:00
Shift Generator,170.0,34.0,success,False,2026-08-27T23:31:33.268301+09:00
Shift Grade,,,failed,False,2026-08-21T00:30:39.454023+09:00
Shift Graph,720.0,0.0,success,False,2026-08-27T22:09:28.492809+09:00
Shift Grid,30.0,9.0,success,False,2026-08-17T20:35:40.356029+09:00
Shift Guarantee,10.0,0.0,success,False,2026-08-28T01:02:19.302633+09:00
Shift Guard,260.0,30.0,success,False,2026-08-17T21:36:28.444275+09:00
Shift Guardian,,,failed,False,2026-08-28T00:21:24.701670+09:00
Shift Guidebook,,,failed,False,2026-08-18T22:09:15.023895+09:00
Shift Helpdesk,,,failed,False,2026-08-27T22:44:05.542192+09:00
Shift Helper,260.0,41.0,success,False,2026-08-28T00:21:30.022858+09:00
Shift History,30.0,0.0,success,False,2026-08-19T20:37:37.988161+09:00
Shift Hotline,,,failed,False,2026-08-19T21:08:11.674763+09:00
Shift Hub,210.0,1.0,success,False,2026-08-17T21:32:11.115049+09:00
Shift Identifier,,,failed,False,2026-08-23T13:05:53.628688+09:00
Shift Index,30.0,0.0,success,False,2026-08-19T21:07:23.410704+09:00
Shift Insight,140.0,1.0,success,False,2026-08-17T23:07:56.377169+09:00
Shift Installment,,,failed,False,2026-08-23T16:12:43.953628+09:00
Shift Item,,,failed,False,2026-08-21T01:50:37.837516+09:00
Shift Journal,480.0,3.0,success,False,2026-08-18T22:08:59.053528+09:00
Shift Keeper,40.0,0.0,success,False,2026-08-17T21:38:37.304138+09:00
Shift Lab,18100.0,2.0,success,False,2026-08-17T21:30:27.922058+09:00
Shift Label,140.0,0.0,success,False,2026-08-27T22:09:28.492809+09:00
Shift Layout,90.0,0.0,success,False,2026-08-27T22:28:46.749186+09:00
Shift Ledger,,,failed,False,2026-08-17T21:34:53.019649+09:00
Shift Lens,880.0,82.0,success,False,2026-08-17T21:39:34.435552+09:00
Shift Level,140.0,9.0,success,False,2026-08-19T20:37:52.054454+09:00
Shift Link,8100.0,12.0,success,False,2026-08-23T03:16:36.835162+09:00
Shift List,170.0,1.0,success,False,2026-08-19T21:51:58.682281+09:00
Shift Loan,390.0,32.0,success,False,2026-08-21T02:07:11.746620+09:00
Shift Locator,,,failed,False,2026-08-18T23:57:39.317157+09:00
Shift Lock,14800.0,1.0,success,False,2026-08-18T07:52:46.019796+09:00
Shift Log,880.0,5.0,success,False,2026-08-19T13:32:58.947587+09:00
Shift Loop,10.0,4.0,success,False,2026-08-17T20:36:38.149505+09:00
Shift Manager,5400.0,2.0,success,False,2026-08-17T21:37:32.627735+09:00
Shift Manual,3600.0,11.0,success,False,2026-08-27T22:09:32.047106+09:00
Shift Map,140.0,0.0,success,False,2026-08-17T21:41:34.183941+09:00
Shift Margin,,,failed,False,2026-08-23T02:53:22.590239+09:00
Shift Markup,,,failed,False,2026-08-23T16:38:09.315163+09:00
Shift Memo,,,failed,False,2026-08-21T00:30:44.450501+09:00
Shift Message,50.0,0.0,success,False,2026-08-27T23:09:53.622041+09:00
Shift Meter,50.0,2.0,success,False,2026-08-17T20:40:41.186342+09:00
Shift Metrics,50.0,1.0,success,False,2026-08-17T23:08:11.112323+09:00
Shift Monitor,40.0,5.0,success,False,2026-08-17T23:06:12.301553+09:00
Shift Navigator,,,failed,False,2026-08-17T23:09:40.999221+09:00
Shift Nexus,,,failed,False,2026-08-18T07:43:38.150133+09:00
Shift Node,,,failed,False,2026-08-17T20:33:18.087238+09:00
Shift Note,27100.0,9.0,success,False,2026-08-19T13:22:13.329978+09:00
Shift Notification,30.0,2.0,success,False,2026-08-27T22:47:20.471641+09:00
Shift Number,720.0,1.0,success,False,2026-08-23T03:16:29.353172+09:00
Shift Office,170.0,11.0,success,False,2026-08-18T23:58:11.366687+09:00
Shift Ops,70.0,1.0,success,False,2026-08-17T23:04:17.256447+09:00
Shift Order,170.0,1.0,success,False,2026-08-19T21:51:13.518825+09:00
Shift Organizer,5400.0,3.0,success,False,2026-08-17T23:13:11.418966+09:00
Shift Overage,,,failed,False,2026-08-27T21:46:39.546965+09:00
Shift Panel,90.0,6.0,success,False,2026-08-17T20:42:12.704128+09:00
Shift Pass,50.0,2.0,success,False,2026-08-21T00:29:55.538883+09:00
Shift Path,10.0,0.0,success,False,2026-08-17T20:32:46.505342+09:00
Shift Penalty,70.0,1.0,success,False,2026-08-23T16:38:05.799118+09:00
Shift Petition,,,failed,False,2026-08-21T00:58:27.692575+09:00
Shift Pilot,40.0,7.0,success,False,2026-08-17T21:31:00.206645+09:00
Shift Plan,2900.0,29.0,success,False,2026-08-21T01:50:46.788824+09:00
Shift Planner,2900.0,29.0,success,False,2026-08-17T23:06:06.115551+09:00
Shift Playbook,,,failed,False,2026-08-18T22:08:52.301038+09:00
Shift Point,480.0,1.0,success,False,2026-08-17T20:31:35.680631+09:00
Shift Portal,140.0,6.0,success,False,2026-08-17T20:44:01.266186+09:00
Shift Preview,10.0,0.0,success,False,2026-08-28T01:02:13.095205+09:00
Shift Profile,210.0,0.0,success,False,2026-08-19T13:23:14.484254+09:00
Shift Profit,,,failed,False,2026-08-23T02:53:14.872547+09:00
Shift Proposal,,,failed,False,2026-08-28T01:02:16.682385+09:00
Shift Pulse,,,failed,False,2026-08-17T20:34:42.726088+09:00
Shift Queue,50.0,8.0,success,False,2026-08-19T21:07:42.156894+09:00
Shift Quota,,,failed,False,2026-08-21T00:30:51.297861+09:00
Shift Radar,20.0,5.0,success,False,2026-08-17T20:47:28.313560+09:00
Shift Rail,170.0,0.0,success,False,2026-08-17T20:37:05.313557+09:00
Shift Rate,110.0,0.0,success,False,2026-08-19T20:37:59.201045+09:00
Shift Recap,30.0,0.0,success,False,2026-08-21T00:59:26.114490+09:00
Shift Receipt,20.0,0.0,success,False,2026-08-19T21:51:30.988224+09:00
Shift Recorder,10.0,76.0,success,False,2026-08-27T23:31:37.799226+09:00
Shift Register,14800.0,5.0,success,False,2026-08-17T23:04:01.438390+09:00
Shift Registry,14800.0,5.0,success,False,2026-08-18T22:09:23.803071+09:00
Shift Relay,50.0,0.0,success,False,2026-08-17T20:46:14.149623+09:00
Shift Reminder,20.0,3.0,success,False,2026-08-19T21:07:00.753456+09:00
Shift Report,1300.0,2.0,success,False,2026-08-19T13:32:52.541757+09:00
Shift Roadmap,,,failed,False,2026-08-18T22:10:04.357387+09:00
Shift Roster,2400.0,6.0,success,False,2026-08-19T00:37:30.886042+09:00
Shift Route,,,failed,False,2026-08-17T20:38:58.199942+09:00
Shift Rule,90.0,0.0,success,False,2026-08-23T03:16:39.334057+09:00
Shift Sale,110.0,3.0,success,False,2026-08-21T02:21:27.143708+09:00
Shift Sample,,,failed,False,2026-08-19T21:52:45.174751+09:00
Shift Scale,90.0,0.0,success,False,2026-08-17T20:39:51.023967+09:00
Shift Scheduler,5400.0,9.0,success,False,2026-08-17T23:06:26.824049+09:00
Shift Scope,,,failed,False,2026-08-17T20:37:34.472176+09:00
Shift Score,20.0,0.0,success,False,2026-08-19T13:21:58.772541+09:00
Shift Sentry,,,failed,False,2026-08-17T21:40:59.899740+09:00
Shift Sheet,110.0,5.0,success,False,2026-08-19T13:21:04.898366+09:00
Shift Signal,390.0,0.0,success,False,2026-08-17T20:39:21.363517+09:00
Shift Signature,,,failed,False,2026-08-23T13:27:09.032773+09:00
Shift Slip,140.0,1.0,success,False,2026-08-19T21:52:35.745180+09:00
Shift Slot,,,failed,False,2026-08-19T21:53:00.908408+09:00
Shift Snapshot,,,failed,False,2026-08-18T22:09:07.653451+09:00
Shift Stake,,,failed,False,2026-08-23T02:53:19.802959+09:00
Shift Statement,,,failed,False,2026-08-21T00:30:25.028648+09:00
Shift Station,110.0,5.0,success,False,2026-08-17T20:48:09.439521+09:00
Shift Status,140.0,0.0,success,False,2026-08-19T20:37:14.893241+09:00
Shift Stipend,,,failed,False,2026-08-23T13:46:21.678760+09:00
Shift Streak,,,failed,False,2026-08-28T00:45:52.715901+09:00
Shift Stub,,,failed,False,2026-08-21T00:30:19.986675+09:00
Shift Studio,1600.0,1.0,success,False,2026-08-17T21:31:35.848823+09:00
Shift Suite,70.0,2.0,success,False,2026-08-17T23:04:33.261831+09:00
Shift Sum,,,failed,False,2026-08-21T02:21:11.057858+09:00
Shift Summary,320.0,1.0,success,False,2026-08-19T21:06:39.226294+09:00
Shift Sync,3600.0,2.0,success,False,2026-08-17T21:34:20.474166+09:00
Shift Tab,5400.0,0.0,success,True,2026-08-21T00:24:39.947545+09:00
Shift Table,390.0,3.0,success,False,2026-08-19T21:52:10.666614+09:00
Shift Tag,30.0,0.0,success,False,2026-08-19T13:22:59.111226+09:00
Shift Tally,,,failed,False,2026-08-21T00:30:32.235715+09:00
Shift Tariff,,,failed,False,2026-08-21T02:37:53.787359+09:00
Shift Tax,1000.0,1.0,success,False,2026-08-21T02:07:07.042559+09:00
Shift Ticket,70.0,2.0,success,False,2026-08-19T21:07:33.171957+09:00
Shift Tier,,,failed,False,2026-08-28T00:45:52.715901+09:00
Shift Timeline,110.0,0.0,success,False,2026-08-19T21:06:49.674751+09:00
Shift Timer,1600.0,1.0,success,False,2026-08-28T00:21:19.709791+09:00
Shift Token,70.0,1.0,success,False,2026-08-23T13:27:05.347974+09:00
Shift Toll,,,failed,False,2026-08-21T02:37:45.273746+09:00
Shift Toolbox,,,failed,False,2026-08-28T00:21:27.462723+09:00
Shift Toolkit,50.0,0.0,success,False,2026-08-18T22:08:43.049836+09:00
Shift Total,20.0,4.0,success,False,2026-08-27T23:09:53.622041+09:00
Shift Tracker,880.0,11.0,success,False,2026-08-17T21:35:20.515813+09:00
Shift Trail,10.0,0.0,success,False,2026-08-17T20:36:08.746361+09:00
Shift Trend,210.0,0.0,success,False,2026-08-28T01:02:10.416954+09:00
Shift Trial,210.0,0.0,success,False,2026-08-27T21:15:18.698295+09:00
Shift Unit,50.0,0.0,success,False,2026-08-21T01:50:51.985309+09:00
Shift Update,90.0,0.0,success,False,2026-08-19T20:38:05.655570+09:00
Shift Value,110.0,0.0,success,False,2026-08-23T02:53:17.402090+09:00
Shift Vault,320.0,1.0,success,False,2026-08-17T20:45:26.162726+09:00
Shift Version,,,failed,False,2026-08-23T03:16:31.986562+09:00
Shift View,90.0,1.0,success,False,2026-08-19T20:37:25.311012+09:00
Shift Voucher,10.0,0.0,success,False,2026-08-21T00:30:03.627747+09:00
Shift Wallet,40.0,0.0,success,False,2026-08-27T22:47:24.172994+09:00
Shift Watch,50.0,25.0,success,False,2026-08-17T20:38:26.412397+09:00
Shift Wave,1600.0,8.0,success,False,2026-08-17T20:33:48.971139+09:00
Shift Widget,10.0,0.0,success,False,2026-08-27T23:09:56.910517+09:00
Shift Window,880.0,0.0,success,False,2026-08-19T12:26:06.734544+09:00
Shift Workbench,10.0,7.0,success,False,2026-08-18T22:08:34.595424+09:00
Shift Worksheet,,,failed,False,2026-08-27T22:09:32.047106+09:00
Shift Workshop,50.0,2.0,success,False,2026-08-28T00:21:22.221803+09:00
Shift Zone,140.0,8.0,success,False,2026-08-17T20:44:46.784780+09:00
Shim Advance,,,failed,False,2026-08-23T16:17:15.012584+09:00
Shim Advisory,,,failed,False,2026-08-21T01:08:06.645069+09:00
Shim Alert,,,failed,False,2026-08-19T21:18:11.999906+09:00
Shim Allowance,,,failed,False,2026-08-21T02:38:06.910707+09:00
Shim Analyzer,,,failed,False,2026-08-27T23:56:35.462889+09:00
Shim Arrears,,,failed,False,2026-08-23T16:17:12.971292+09:00
Shim Assistant,,,failed,False,2026-08-19T21:12:53.220290+09:00
Shim Atlas,,,failed,False,2026-08-19T21:12:09.668415+09:00
Shim Attribute,,,failed,False,2026-08-23T13:07:29.372228+09:00
Shim Badge,,,failed,False,2026-08-21T00:33:01.322590+09:00
Shim Bay,,,failed,False,2026-08-19T21:16:39.026055+09:00
Shim Beacon,,,failed,False,2026-08-19T21:05:28.660617+09:00
Shim Bill,,,failed,False,2026-08-19T21:48:11.031110+09:00
Shim Bin,10.0,0.0,success,False,2026-08-19T21:18:36.412771+09:00
Shim Board,110.0,79.0,success,False,2026-08-19T21:08:29.245582+09:00
Shim Book,10.0,2.0,success,False,2026-08-19T21:49:16.162945+09:00
Shim Booth,,,failed,False,2026-08-19T21:16:06.341907+09:00
Shim Brief,,,failed,False,2026-08-21T01:07:56.327187+09:00
Shim Bulletin,,,failed,False,2026-08-21T01:07:54.087465+09:00
Shim Calendar,,,failed,False,2026-08-19T21:14:44.485943+09:00
Shim Card,210.0,8.0,success,False,2026-08-19T21:29:12.327035+09:00
Shim Cascade,,,failed,False,2026-08-19T21:05:54.912887+09:00
Shim Cash,,,failed,False,2026-08-21T02:30:59.342931+09:00
Shim Cashback,,,failed,False,2026-08-27T21:14:04.974327+09:00
Shim Category,,,failed,False,2026-08-23T13:07:26.060181+09:00
Shim Center,,,failed,False,2026-08-19T21:09:42.547953+09:00
Shim Charge,,,failed,False,2026-08-21T02:37:55.962761+09:00
Shim Chart,20.0,0.0,success,False,2026-08-19T21:18:24.331096+09:00
Shim Check,,,failed,False,2026-08-19T21:29:28.610068+09:00
Shim Checker,,,failed,False,2026-08-27T23:56:30.078148+09:00
Shim Circular,,,failed,False,2026-08-21T01:08:00.929637+09:00
Shim Code,70.0,0.0,success,False,2026-08-19T21:48:37.941943+09:00
Shim Companion,,,failed,False,2026-08-19T21:13:40.486879+09:00
Shim Comparison,,,failed,False,2026-08-28T01:07:44.108969+09:00
Shim Compass,,,failed,False,2026-08-19T21:05:15.949286+09:00
Shim Confirmation,,,failed,False,2026-08-21T01:08:12.622841+09:00
Shim Console,,,failed,False,2026-08-19T21:10:20.581807+09:00
Shim Contribution,,,failed,False,2026-08-23T16:17:12.971292+09:00
Shim Copayment,,,failed,False,2026-08-23T16:37:11.760359+09:00
Shim Cost,,,failed,False,2026-08-21T02:13:43.743607+09:00
Shim Count,,,failed,False,2026-08-27T22:47:28.680273+09:00
Shim Counter,,,failed,False,2026-08-19T21:15:44.600624+09:00
Shim Coupon,,,failed,False,2026-08-27T21:14:04.974327+09:00
Shim Deal,,,failed,False,2026-08-21T01:57:17.630744+09:00
Shim Debt,,,failed,False,2026-08-21T02:30:51.336298+09:00
Shim Deck,,,failed,False,2026-08-19T21:08:42.108199+09:00
Shim Desk,,,failed,False,2026-08-19T21:04:24.508436+09:00
Shim Detail,20.0,0.0,success,False,2026-08-23T03:18:52.097037+09:00
Shim Diagram,,,failed,False,2026-08-27T22:08:21.698192+09:00
Shim Directory,,,failed,False,2026-08-19T21:14:58.322778+09:00
Shim Discount,,,failed,False,2026-08-23T16:17:10.658953+09:00
Shim Dossier,,,failed,False,2026-08-21T01:08:18.401082+09:00
Shim Draft,,,failed,False,2026-08-19T21:31:05.316836+09:00
Shim Duty,,,failed,False,2026-08-21T02:38:00.530165+09:00
Shim Engine,390.0,43.0,success,False,2026-08-19T21:12:43.604286+09:00
Shim Entry,,,failed,False,2026-08-21T01:08:31.890939+09:00
Shim Estimate,,,failed,False,2026-08-19T21:31:54.531543+09:00
Shim Excerpt,,,failed,False,2026-08-21T01:08:27.933703+09:00
Shim Fare,,,failed,False,2026-08-21T02:13:51.922112+09:00
Shim Fee,,,failed,False,2026-08-21T01:56:59.891240+09:00
Shim Feed,,,failed,False,2026-08-19T21:30:56.024739+09:00
Shim File,50.0,0.0,success,False,2026-08-19T21:30:26.736781+09:00
Shim Fine,,,failed,False,2026-08-23T02:54:13.248458+09:00
Shim Flag,,,failed,False,2026-08-21T00:33:39.786796+09:00
Shim Flow,10.0,0.0,success,False,2026-08-19T21:03:59.838072+09:00
Shim Forge,,,failed,False,2026-08-19T21:05:41.663242+09:00
Shim Form,30.0,0.0,success,False,2026-08-19T21:29:07.329786+09:00
Shim Format,,,failed,False,2026-08-23T13:07:32.830763+09:00
Shim Fund,10.0,0.0,success,False,2026-08-21T02:30:57.020640+09:00
Shim Gate,,,failed,False,2026-08-19T21:11:48.091080+09:00
Shim Giveaway,,,failed,False,2026-08-27T21:14:11.708321+09:00
Shim Grade,,,failed,False,2026-08-21T00:33:20.736767+09:00
Shim Grid,,,failed,False,2026-08-19T21:06:57.837919+09:00
Shim Guarantee,,,failed,False,2026-08-28T01:07:55.638643+09:00
Shim Harbor,,,failed,False,2026-08-19T21:17:27.324738+09:00
Shim Helper,,,failed,False,2026-08-28T00:26:01.082990+09:00
Shim History,,,failed,False,2026-08-19T21:30:18.297847+09:00
Shim Hotline,,,failed,False,2026-08-19T21:03:32.051785+09:00
Shim Hub,,,failed,False,2026-08-19T21:04:11.577084+09:00
Shim Identifier,,,failed,False,2026-08-23T13:07:26.060181+09:00
Shim Incentive,,,failed,False,2026-08-27T21:14:11.708321+09:00
Shim Index,,,failed,False,2026-08-19T21:31:35.907614+09:00
Shim Installment,,,failed,False,2026-08-23T16:17:10.658953+09:00
Shim Item,,,failed,False,2026-08-21T01:57:03.804845+09:00
Shim Journal,,,failed,False,2026-08-19T21:14:23.234492+09:00
Shim Keeper,,,failed,False,2026-08-19T21:12:22.393942+09:00
Shim Kiosk,,,failed,False,2026-08-19T21:16:16.247165+09:00
Shim Kit,1900.0,100.0,success,False,2026-08-27T22:47:24.172994+09:00
Shim Lab,30.0,0.0,success,False,2026-08-19T21:09:04.357233+09:00
Shim Label,10.0,,success,False,2026-08-27T22:08:10.673360+09:00
Shim Ledger,,,failed,False,2026-08-19T21:08:19.397533+09:00
Shim Level,50.0,74.0,success,False,2026-08-19T21:30:33.343002+09:00
Shim Line,20.0,10.0,success,False,2026-08-19T21:19:25.343582+09:00
Shim Link,,,failed,False,2026-08-23T03:18:44.540602+09:00
Shim List,,,failed,False,2026-08-19T21:48:50.657736+09:00
Shim Loan,,,failed,False,2026-08-21T02:13:59.319117+09:00
Shim Lobby,,,failed,False,2026-08-19T21:19:01.988330+09:00
Shim Locator,,,failed,False,2026-08-19T21:15:11.193054+09:00
Shim Locker,,,failed,False,2026-08-19T21:15:54.238919+09:00
Shim Log,10.0,0.0,success,False,2026-08-19T21:20:12.462826+09:00
Shim Loop,,,failed,False,2026-08-19T21:06:46.189471+09:00
Shim Manager,,,failed,False,2026-08-19T21:12:33.528106+09:00
Shim Manual,,,failed,False,2026-08-27T22:08:16.098998+09:00
Shim Margin,,,failed,False,2026-08-23T02:54:11.154631+09:00
Shim Markup,,,failed,False,2026-08-23T16:37:08.695688+09:00
Shim Memo,,,failed,False,2026-08-21T00:33:28.430853+09:00
Shim Monitor,,,failed,False,2026-08-19T21:13:29.995507+09:00
Shim Nexus,,,failed,False,2026-08-19T21:11:59.918866+09:00
Shim Note,,,failed,False,2026-08-19T21:29:42.361641+09:00
Shim Notification,,,failed,False,2026-08-27T22:47:20.471641+09:00
Shim Number,,,failed,False,2026-08-23T03:18:36.305827+09:00
Shim Office,,,failed,False,2026-08-19T21:15:33.096576+09:00
Shim Ops,,,failed,False,2026-08-19T21:14:03.656959+09:00
Shim Order,,,failed,False,2026-08-19T21:47:55.928943+09:00
Shim Overdue,,,failed,False,2026-08-27T21:46:15.571619+09:00
Shim Panel,,,failed,False,2026-08-19T21:10:31.479524+09:00
Shim Passport,,,failed,False,2026-08-19T21:18:48.274039+09:00
Shim Path,,,failed,False,2026-08-19T21:07:19.840236+09:00
Shim Petition,,,failed,False,2026-08-21T01:08:07.982267+09:00
Shim Plan,10.0,0.0,success,False,2026-08-21T01:57:10.227780+09:00
Shim Planner,,,failed,False,2026-08-19T21:13:04.964598+09:00
Shim Playbook,,,failed,False,2026-08-19T21:14:12.923572+09:00
Shim Plaza,,,failed,False,2026-08-19T21:17:17.082757+09:00
Shim Portal,,,failed,False,2026-08-19T21:10:07.849360+09:00
Shim Preview,,,failed,False,2026-08-28T01:07:47.366767+09:00
Shim Profile,,,failed,False,2026-08-19T21:29:57.691182+09:00
Shim Profit,,,failed,False,2026-08-23T02:53:58.718739+09:00
Shim Proposal,,,failed,False,2026-08-28T01:07:52.961175+09:00
Shim Quota,,,failed,False,2026-08-21T00:33:34.783519+09:00
Shim Radar,,,failed,False,2026-08-19T21:04:38.364310+09:00
Shim Rate,,,failed,False,2026-08-19T21:30:40.784781+09:00
Shim Recap,,,failed,False,2026-08-21T01:08:23.538465+09:00
Shim Receipt,,,failed,False,2026-08-19T21:48:22.940977+09:00
Shim Redemption,,,failed,False,2026-08-23T16:37:14.050450+09:00
Shim Register,,,failed,False,2026-08-19T21:13:52.940752+09:00
Shim Registry,,,failed,False,2026-08-19T21:14:34.800336+09:00
Shim Relay,,,failed,False,2026-08-19T21:04:51.175636+09:00
Shim Reminder,,,failed,False,2026-08-19T21:31:27.001536+09:00
Shim Report,,,failed,False,2026-08-19T21:20:00.703413+09:00
Shim Ring,590.0,53.0,success,False,2026-08-19T21:11:37.631930+09:00
Shim Roll,110.0,50.0,success,False,2026-08-19T21:19:49.170898+09:00
Shim Rule,,,failed,False,2026-08-23T03:18:48.364198+09:00
Shim Sale,,,failed,False,2026-08-21T02:31:01.801994+09:00
Shim Sample,,,failed,False,2026-08-19T21:49:37.354385+09:00
Shim Scale,20.0,0.0,success,False,2026-08-19T21:10:39.923410+09:00
Shim Scanner,,,failed,False,2026-08-27T23:56:32.424799+09:00
Shim Schematic,,,failed,False,2026-08-27T22:28:46.749186+09:00
Shim Score,880.0,0.0,success,False,2026-08-19T21:29:36.124531+09:00
Shim Sheet,260.0,100.0,success,False,2026-08-19T21:29:21.643935+09:00
Shim Shelf,,,failed,False,2026-08-19T21:17:47.761016+09:00
Shim Slip,,,failed,False,2026-08-19T21:49:26.172736+09:00
Shim Slot,,,failed,False,2026-08-19T21:49:47.542279+09:00
Shim Stake,,,failed,False,2026-08-23T02:54:06.073801+09:00
Shim Statement,,,failed,False,2026-08-21T00:33:10.095062+09:00
Shim Station,,,failed,False,2026-08-19T21:09:18.934477+09:00
Shim Status,,,failed,False,2026-08-19T21:30:05.370784+09:00
Shim Stub,,,failed,False,2026-08-21T00:33:05.849456+09:00
Shim Studio,30.0,0.0,success,False,2026-08-19T21:08:52.385641+09:00
Shim Sum,,,failed,False,2026-08-21T02:30:47.137745+09:00
Shim Summary,,,failed,False,2026-08-19T21:31:11.020553+09:00
Shim Tab,,,failed,False,2026-08-21T00:33:48.597432+09:00
Shim Table,320.0,100.0,success,False,2026-08-19T21:49:03.135784+09:00
Shim Tag,,,failed,False,2026-08-19T21:29:51.150185+09:00
Shim Tally,,,failed,False,2026-08-21T00:33:14.863078+09:00
Shim Tariff,,,failed,False,2026-08-21T02:38:09.773029+09:00
Shim Tax,,,failed,False,2026-08-21T02:13:55.363048+09:00
Shim Terminal,,,failed,False,2026-08-19T21:09:29.663933+09:00
Shim Ticker,,,failed,False,2026-08-19T21:19:11.883317+09:00
Shim Ticket,,,failed,False,2026-08-19T21:31:45.728679+09:00
Shim Timeline,,,failed,False,2026-08-19T21:31:19.157381+09:00
Shim Toll,,,failed,False,2026-08-21T02:38:04.709344+09:00
Shim Toolbox,,,failed,False,2026-08-28T00:25:56.872854+09:00
Shim Tracker,,,failed,False,2026-08-19T21:03:47.017770+09:00
Shim Trail,,,failed,False,2026-08-19T21:11:14.866023+09:00
Shim Trend,,,failed,False,2026-08-28T01:07:41.597003+09:00
Shim Trial,,,failed,False,2026-08-27T21:14:09.355453+09:00
Shim Unit,,,failed,False,2026-08-21T01:57:06.498210+09:00
Shim Update,,,failed,False,2026-08-19T21:30:47.462824+09:00
Shim Value,,,failed,False,2026-08-23T02:54:03.941195+09:00
Shim Vault,,,failed,False,2026-08-19T21:05:03.787854+09:00
Shim Version,,,failed,False,2026-08-23T03:18:41.681571+09:00
Shim View,,,failed,False,2026-08-19T21:30:12.319072+09:00
Shim Wave,,,failed,False,2026-08-19T21:07:08.840903+09:00
Shim Window,1900.0,88.0,success,False,2026-08-19T21:19:37.758100+09:00
Shim Worksheet,,,failed,False,2026-08-27T22:08:21.698192+09:00
Shim Workshop,,,failed,False,2026-08-28T00:25:53.963495+09:00
Shim Yard,,,failed,False,2026-08-19T21:16:27.560091+09:00
Shim Zone,,,failed,False,2026-08-19T21:09:55.427058+09:00
Shipment Advance,,,failed,False,2026-08-23T16:15:54.401659+09:00
Shipment Advisory,20.0,3.0,success,False,2026-08-21T01:05:06.601547+09:00
Shipment Allowance,,,failed,False,2026-08-21T02:42:51.701755+09:00
Shipment Almanac,,,failed,False,2026-08-18T22:07:55.686998+09:00
Shipment Analyzer,10.0,15.0,success,False,2026-08-27T23:57:47.525165+09:00
Shipment Anchor,,,failed,False,2026-08-17T20:43:55.064759+09:00
Shipment Announcement,,,failed,False,2026-08-27T23:35:50.995626+09:00
Shipment Arrears,,,failed,False,2026-08-23T16:15:50.711564+09:00
Shipment Asset,,,failed,False,2026-08-23T13:47:56.055627+09:00
Shipment Assistant,480.0,3.0,success,False,2026-08-17T23:10:09.982693+09:00
Shipment Atlas,,,failed,False,2026-08-17T20:34:35.742752+09:00
Shipment Attribute,,,failed,False,2026-08-23T13:08:24.927067+09:00
Shipment Badge,,,failed,False,2026-08-21T00:32:24.105621+09:00
Shipment Balance,,,failed,False,2026-08-23T13:47:51.726767+09:00
Shipment Base,10.0,0.0,success,False,2026-08-18T07:52:41.803734+09:00
Shipment Beacon,,,failed,False,2026-08-17T20:48:00.384731+09:00
Shipment Bill,18100.0,0.0,success,True,2026-08-19T21:57:14.341308+09:00
Shipment Blueprint,,,failed,False,2026-08-18T22:07:47.344279+09:00
Shipment Board,1000.0,5.0,success,False,2026-08-17T21:38:29.386806+09:00
Shipment Book,2400.0,30.0,success,False,2026-08-19T21:58:11.207870+09:00
Shipment Bridge,,,failed,False,2026-08-17T20:44:38.858684+09:00
Shipment Brief,,,failed,False,2026-08-21T01:05:18.575555+09:00
Shipment Bulletin,,,failed,False,2026-08-21T01:04:41.877436+09:00
Shipment Calculator,880.0,13.0,success,False,2026-08-27T23:35:57.257837+09:00
Shipment Calendar,390.0,20.0,success,False,2026-08-18T23:58:38.723569+09:00
Shipment Card,1000.0,14.0,success,False,2026-08-19T13:29:58.473439+09:00
Shipment Cascade,,,failed,False,2026-08-17T20:45:45.792269+09:00
Shipment Cash,,,failed,False,2026-08-21T02:27:38.390107+09:00
Shipment Cashback,,,failed,False,2026-08-27T21:17:56.289470+09:00
Shipment Catalog,,,failed,False,2026-08-19T21:15:00.223476+09:00
Shipment Category,170.0,1.0,success,False,2026-08-23T13:08:21.567126+09:00
Shipment Center,6600.0,13.0,success,False,2026-08-17T21:31:59.895065+09:00
Shipment Chain,880.0,20.0,success,False,2026-08-17T20:39:17.196343+09:00
Shipment Charge,3600.0,7.0,success,False,2026-08-21T02:42:44.475010+09:00
Shipment Check,480.0,7.0,success,False,2026-08-19T13:30:35.292295+09:00
Shipment Checker,480.0,7.0,success,False,2026-08-27T23:57:42.673163+09:00
Shipment Checklist,110.0,7.0,success,False,2026-08-19T21:14:05.700076+09:00
Shipment Circular,,,failed,False,2026-08-21T01:04:52.081586+09:00
Shipment Cockpit,,,failed,False,2026-08-17T23:26:50.492047+09:00
Shipment Code,1900.0,3.0,success,False,2026-08-19T21:57:37.806809+09:00
Shipment Codex,,,failed,False,2026-08-18T22:08:11.096453+09:00
Shipment Companion,,,failed,False,2026-08-17T23:08:08.981233+09:00
Shipment Comparison,590.0,49.0,success,False,2026-08-28T01:07:52.961175+09:00
Shipment Compass,,,failed,False,2026-08-17T21:30:18.085086+09:00
Shipment Compendium,,,failed,False,2026-08-18T22:08:02.449968+09:00
Shipment Confirmation,480.0,1.0,success,False,2026-08-21T01:05:25.449789+09:00
Shipment Console,,,failed,False,2026-08-17T20:47:19.659128+09:00
Shipment Core,,,failed,False,2026-08-18T07:52:53.130004+09:00
Shipment Cost,12100.0,15.0,success,False,2026-08-21T02:12:01.712721+09:00
Shipment Count,320.0,4.0,success,False,2026-08-27T22:49:51.876514+09:00
Shipment Counter,,,failed,False,2026-08-18T23:59:30.074918+09:00
Shipment Coupon,,,failed,False,2026-08-27T21:17:53.742550+09:00
Shipment Dashboard,590.0,8.0,success,False,2026-08-17T23:13:24.499414+09:00
Shipment Deal,,,failed,False,2026-08-21T01:56:51.063242+09:00
Shipment Debt,,,failed,False,2026-08-21T02:27:29.296336+09:00
Shipment Deck,,,failed,False,2026-08-17T21:37:24.355362+09:00
Shipment Depot,2400.0,11.0,success,False,2026-08-18T23:59:11.751475+09:00
Shipment Desk,,,failed,False,2026-08-17T21:34:39.149688+09:00
Shipment Detail,1900.0,4.0,success,False,2026-08-23T03:21:42.958973+09:00
Shipment Detector,,,failed,False,2026-08-27T23:57:45.055012+09:00
Shipment Diagram,,,failed,False,2026-08-27T22:13:31.267961+09:00
Shipment Dial,,,failed,False,2026-08-17T20:45:16.547101+09:00
Shipment Digest,,,failed,False,2026-08-19T20:44:00.282785+09:00
Shipment Directory,,,failed,False,2026-08-18T23:58:46.816942+09:00
Shipment Discount,,,failed,False,2026-08-23T16:15:43.832612+09:00
Shipment Dock,8100.0,3.0,success,False,2026-08-17T20:41:47.517366+09:00
Shipment Dossier,,,failed,False,2026-08-21T01:05:28.222738+09:00
Shipment Downpayment,,,failed,False,2026-08-27T21:49:06.270483+09:00
Shipment Draft,,,failed,False,2026-08-19T20:44:16.708983+09:00
Shipment Due,,,failed,False,2026-08-23T15:52:28.857053+09:00
Shipment Duty,,,failed,False,2026-08-21T02:42:47.286881+09:00
Shipment Engine,,,failed,False,2026-08-17T23:25:51.814430+09:00
Shipment Entry,,,failed,False,2026-08-21T01:07:59.313235+09:00
Shipment Estimate,4400.0,39.0,success,False,2026-08-19T21:14:46.806152+09:00
Shipment Estimator,10.0,,success,False,2026-08-27T23:57:37.780075+09:00
Shipment Excerpt,,,failed,False,2026-08-21T01:05:40.713486+09:00
Shipment Extension,,,failed,False,2026-08-23T16:39:41.135046+09:00
Shipment Fare,,,failed,False,2026-08-21T02:12:10.627447+09:00
Shipment Fee,6600.0,4.0,success,False,2026-08-21T01:56:34.859851+09:00
Shipment Feed,,,failed,False,2026-08-19T20:44:10.013145+09:00
Shipment Field,,,failed,False,2026-08-23T13:08:27.240954+09:00
Shipment File,170.0,0.0,success,False,2026-08-19T20:43:36.722310+09:00
Shipment Finder,260.0,12.0,success,False,2026-08-18T23:59:02.629298+09:00
Shipment Fine,,,failed,False,2026-08-23T02:56:59.964563+09:00
Shipment Flag,,,failed,False,2026-08-21T00:33:01.322590+09:00
Shipment Flow,90.0,6.0,success,False,2026-08-17T21:37:57.485180+09:00
Shipment Forge,,,failed,False,2026-08-17T20:46:42.242736+09:00
Shipment Form,1000.0,7.0,success,False,2026-08-19T13:29:49.322759+09:00
Shipment Format,1000.0,7.0,success,False,2026-08-23T13:08:30.246419+09:00
Shipment Frame,,,failed,False,2026-08-17T20:32:00.957216+09:00
Shipment Fund,,,failed,False,2026-08-21T02:27:33.001702+09:00
Shipment Gate,,,failed,False,2026-08-17T20:36:28.708934+09:00
Shipment Generator,1600.0,1.0,success,False,2026-08-27T23:35:57.257837+09:00
Shipment Giveaway,,,failed,False,2026-08-27T21:18:01.606713+09:00
Shipment Grade,,,failed,False,2026-08-21T00:32:47.883810+09:00
Shipment Graph,,,failed,False,2026-08-27T22:13:20.966698+09:00
Shipment Grid,,,failed,False,2026-08-17T20:39:43.687132+09:00
Shipment Guarantee,,,failed,False,2026-08-28T01:07:59.537409+09:00
Shipment Guard,10.0,0.0,success,False,2026-08-18T07:52:15.038723+09:00
Shipment Guardian,,,failed,False,2026-08-28T00:26:37.162050+09:00
Shipment Guidebook,,,failed,False,2026-08-18T22:07:30.618042+09:00
Shipment Helpdesk,,,failed,False,2026-08-27T22:49:51.876514+09:00
Shipment Helper,,,failed,False,2026-08-28T00:26:39.760657+09:00
Shipment History,880.0,1.0,success,False,2026-08-19T20:43:28.887944+09:00
Shipment Hotline,,,failed,False,2026-08-19T21:15:13.442141+09:00
Shipment Hub,720.0,13.0,success,False,2026-08-17T21:36:47.272145+09:00
Shipment Identifier,,,failed,False,2026-08-23T13:08:19.388505+09:00
Shipment Incentive,,,failed,False,2026-08-27T21:17:59.409089+09:00
Shipment Index,320.0,6.0,success,False,2026-08-19T21:14:14.890297+09:00
Shipment Insight,,,failed,False,2026-08-17T23:26:36.000104+09:00
Shipment Installment,,,failed,False,2026-08-23T16:15:47.536999+09:00
Shipment Item,1300.0,28.0,success,False,2026-08-21T01:56:41.739952+09:00
Shipment Journal,,,failed,False,2026-08-18T22:07:14.456265+09:00
Shipment Keeper,,,failed,False,2026-08-17T20:32:38.453320+09:00
Shipment Lab,,,failed,False,2026-08-17T21:35:14.152571+09:00
Shipment Label,33100.0,100.0,success,False,2026-08-27T22:13:20.966698+09:00
Shipment Ledger,,,failed,False,2026-08-17T21:40:47.686331+09:00
Shipment Lens,,,failed,False,2026-08-17T20:33:10.817795+09:00
Shipment Level,90.0,18.0,success,False,2026-08-19T20:43:41.671766+09:00
Shipment Levy,,,failed,False,2026-08-23T13:47:58.149011+09:00
Shipment Link,40500.0,1.0,success,False,2026-08-23T03:21:36.606838+09:00
Shipment List,2400.0,2.0,success,False,2026-08-19T21:57:51.707228+09:00
Shipment Loan,10.0,6.0,success,False,2026-08-21T02:12:19.408855+09:00
Shipment Locator,1600.0,7.0,success,False,2026-08-18T23:58:54.171473+09:00
Shipment Lock,880.0,4.0,success,False,2026-08-17T20:35:03.370957+09:00
Shipment Log,2400.0,21.0,success,False,2026-08-19T13:29:35.607135+09:00
Shipment Loop,,,failed,False,2026-08-17T20:40:33.502804+09:00
Shipment Manager,3600.0,5.0,success,False,2026-08-18T07:43:35.299259+09:00
Shipment Manual,,,failed,False,2026-08-27T22:13:24.343596+09:00
Shipment Map,14800.0,2.0,success,False,2026-08-17T20:34:11.615000+09:00
Shipment Margin,,,failed,False,2026-08-23T02:56:53.736848+09:00
Shipment Markup,,,failed,False,2026-08-23T16:39:38.014835+09:00
Shipment Memo,,,failed,False,2026-08-21T00:32:52.523477+09:00
Shipment Message,,,failed,False,2026-08-27T23:15:10.643747+09:00
Shipment Meter,,,failed,False,2026-08-17T20:44:17.126543+09:00
Shipment Metrics,,,failed,False,2026-08-17T23:06:24.757707+09:00
Shipment Monitor,1000.0,15.0,success,False,2026-08-17T23:11:46.496961+09:00
Shipment Navigator,,,failed,False,2026-08-17T23:27:06.990402+09:00
Shipment Nexus,,,failed,False,2026-08-17T20:35:32.317442+09:00
Shipment Node,,,failed,False,2026-08-17T20:37:26.547523+09:00
Shipment Note,1000.0,2.0,success,False,2026-08-19T13:30:50.408917+09:00
Shipment Notification,390.0,2.0,success,False,2026-08-27T22:49:42.275363+09:00
Shipment Number,3600.0,4.0,success,False,2026-08-23T03:21:22.362914+09:00
Shipment Office,50.0,4.0,success,False,2026-08-18T23:59:20.806892+09:00
Shipment Ops,,,failed,False,2026-08-17T23:15:02.433018+09:00
Shipment Order,2400.0,10.0,success,False,2026-08-19T21:57:05.603826+09:00
Shipment Organizer,,,failed,False,2026-08-17T23:26:22.390418+09:00
Shipment Overage,,,failed,False,2026-08-27T21:49:04.119579+09:00
Shipment Overdraft,,,failed,False,2026-08-23T15:52:28.857053+09:00
Shipment Overdue,30.0,0.0,success,False,2026-08-27T21:48:59.482652+09:00
Shipment Panel,,,failed,False,2026-08-17T20:46:04.855118+09:00
Shipment Pass,,,failed,False,2026-08-21T00:32:11.459467+09:00
Shipment Path,,,failed,False,2026-08-17T20:37:00.325562+09:00
Shipment Payoff,,,failed,False,2026-08-27T21:49:01.717649+09:00
Shipment Penalty,,,failed,False,2026-08-23T16:39:38.014835+09:00
Shipment Petition,,,failed,False,2026-08-21T01:05:20.057524+09:00
Shipment Pilot,,,failed,False,2026-08-17T21:35:46.466784+09:00
Shipment Plan,880.0,5.0,success,False,2026-08-21T01:56:48.479807+09:00
Shipment Planner,880.0,5.0,success,False,2026-08-17T23:26:08.164356+09:00
Shipment Playbook,,,failed,False,2026-08-18T22:07:05.348378+09:00
Shipment Point,6600.0,5.0,success,False,2026-08-17T20:36:02.767132+09:00
Shipment Portal,1600.0,4.0,success,False,2026-08-17T20:48:34.410191+09:00
Shipment Preview,,,failed,False,2026-08-28T01:07:55.638643+09:00
Shipment Profile,320.0,2.0,success,False,2026-08-19T13:31:05.950766+09:00
Shipment Profit,,,failed,False,2026-08-23T02:56:41.108127+09:00
Shipment Proposal,,,failed,False,2026-08-28T01:07:59.537409+09:00
Shipment Pulse,,,failed,False,2026-08-17T20:38:46.053243+09:00
Shipment Queue,,,failed,False,2026-08-19T21:14:36.641890+09:00
Shipment Quota,,,failed,False,2026-08-21T00:32:57.061306+09:00
Shipment Radar,90500.0,5.0,success,False,2026-08-17T21:33:37.652467+09:00
Shipment Rail,,,failed,False,2026-08-17T20:40:53.994191+09:00
Shipment Rate,3600.0,33.0,success,False,2026-08-19T20:43:48.362624+09:00
Shipment Recap,,,failed,False,2026-08-21T01:05:32.279989+09:00
Shipment Receipt,1000.0,9.0,success,False,2026-08-19T21:57:27.705045+09:00
Shipment Recorder,,,failed,False,2026-08-27T23:35:57.257837+09:00
Shipment Register,,,failed,False,2026-08-17T23:27:21.585941+09:00
Shipment Registry,,,failed,False,2026-08-18T22:07:40.431986+09:00
Shipment Relay,,,failed,False,2026-08-17T21:32:36.544768+09:00
Shipment Reminder,,,failed,False,2026-08-19T21:13:54.945157+09:00
Shipment Report,590.0,2.0,success,False,2026-08-19T13:29:19.231161+09:00
Shipment Repository,,,failed,False,2026-08-27T23:15:15.489365+09:00
Shipment Roadmap,,,failed,False,2026-08-18T22:08:19.564377+09:00
Shipment Roster,,,failed,False,2026-08-19T00:37:26.885782+09:00
Shipment Route,3600.0,3.0,success,False,2026-08-17T20:42:29.560038+09:00
Shipment Rule,,,failed,False,2026-08-23T03:21:40.496452+09:00
Shipment Sale,,,failed,False,2026-08-21T02:27:43.385895+09:00
Shipment Sample,590.0,3.0,success,False,2026-08-19T21:58:30.244900+09:00
Shipment Scale,3600.0,100.0,success,False,2026-08-17T20:43:26.313536+09:00
Shipment Scanner,1300.0,11.0,success,False,2026-08-27T23:57:42.673163+09:00
Shipment Scheduler,,,failed,False,2026-08-17T23:04:29.933530+09:00
Shipment Schematic,,,failed,False,2026-08-27T22:29:10.054268+09:00
Shipment Scope,,,failed,False,2026-08-17T20:41:17.748242+09:00
Shipment Score,,,failed,False,2026-08-19T13:30:42.478470+09:00
Shipment Sentry,,,failed,False,2026-08-17T20:33:42.611240+09:00
Shipment Serial,,,failed,False,2026-08-23T13:27:56.242264+09:00
Shipment Sheet,260.0,18.0,success,False,2026-08-19T13:30:10.449633+09:00
Shipment Shortfall,,,failed,False,2026-08-27T21:49:08.437850+09:00
Shipment Signal,,,failed,False,2026-08-17T20:42:54.961047+09:00
Shipment Signature,,,failed,False,2026-08-23T13:27:56.242264+09:00
Shipment Slip,590.0,50.0,success,False,2026-08-19T21:58:19.577733+09:00
Shipment Slot,,,failed,False,2026-08-19T21:58:36.842594+09:00
Shipment Snapshot,,,failed,False,2026-08-18T22:07:24.351116+09:00
Shipment Stage,70.0,0.0,success,False,2026-08-28T00:48:18.570201+09:00
Shipment Stake,,,failed,False,2026-08-23T02:56:50.179026+09:00
Shipment Statement,,,failed,False,2026-08-21T00:32:38.054061+09:00
Shipment Station,1900.0,93.0,success,False,2026-08-17T21:34:12.134068+09:00
Shipment Status,1600.0,3.0,success,False,2026-08-19T20:43:16.240040+09:00
Shipment Streak,,,failed,False,2026-08-28T00:48:18.570201+09:00
Shipment Stub,,,failed,False,2026-08-21T00:32:28.890378+09:00
Shipment Studio,,,failed,False,2026-08-17T21:36:20.278504+09:00
Shipment Subsidy,,,failed,False,2026-08-23T15:52:31.168291+09:00
Shipment Suite,,,failed,False,2026-08-17T23:15:18.258563+09:00
Shipment Sum,,,failed,False,2026-08-21T02:27:26.146379+09:00
Shipment Summary,110.0,5.0,success,False,2026-08-19T21:13:29.995507+09:00
Shipment Surtax,,,failed,False,2026-08-23T15:52:33.187171+09:00
Shipment Sync,,,failed,False,2026-08-17T21:39:19.495692+09:00
Shipment Tab,,,failed,False,2026-08-21T00:33:05.849456+09:00
Shipment Table,880.0,91.0,success,False,2026-08-19T21:57:59.626776+09:00
Shipment Tag,1300.0,100.0,success,False,2026-08-19T13:30:57.828554+09:00
Shipment Tally,,,failed,False,2026-08-21T00:32:43.028189+09:00
Shipment Tariff,,,failed,False,2026-08-21T02:42:57.314001+09:00
Shipment Tax,880.0,1.0,success,False,2026-08-21T02:12:15.174959+09:00
Shipment Terminal,,,failed,False,2026-08-17T23:12:24.724350+09:00
Shipment Ticket,,,failed,False,2026-08-19T21:14:25.391974+09:00
Shipment Tier,,,failed,False,2026-08-28T00:48:21.370495+09:00
Shipment Timeline,140.0,2.0,success,False,2026-08-19T21:13:44.257474+09:00
Shipment Timer,,,failed,False,2026-08-28T00:26:34.139001+09:00
Shipment Toll,,,failed,False,2026-08-21T02:42:49.671896+09:00
Shipment Toolbox,,,failed,False,2026-08-28T00:26:39.760657+09:00
Shipment Toolkit,,,failed,False,2026-08-18T22:06:59.160335+09:00
Shipment Total,10.0,0.0,success,False,2026-08-27T23:15:13.027326+09:00
Shipment Tracker,450000.0,3.0,success,False,2026-08-17T21:41:25.564008+09:00
Shipment Trail,,,failed,False,2026-08-17T20:40:10.157299+09:00
Shipment Trend,,,failed,False,2026-08-28T01:07:47.366767+09:00
Shipment Trial,,,failed,False,2026-08-27T21:17:56.289470+09:00
Shipment Unit,210.0,11.0,success,False,2026-08-21T01:56:46.597919+09:00
Shipment Update,720.0,3.0,success,False,2026-08-19T20:43:53.666341+09:00
Shipment Value,480.0,2.0,success,False,2026-08-23T02:56:43.732981+09:00
Shipment Vault,,,failed,False,2026-08-17T21:31:28.023870+09:00
Shipment Version,,,failed,False,2026-08-23T03:21:32.618577+09:00
Shipment View,,,failed,False,2026-08-19T20:43:22.271749+09:00
Shipment Voucher,,,failed,False,2026-08-21T00:32:18.028421+09:00
Shipment Watch,,,failed,False,2026-08-17T20:42:08.223187+09:00
Shipment Wave,,,failed,False,2026-08-17T20:37:58.727524+09:00
Shipment Widget,,,failed,False,2026-08-27T23:15:13.027326+09:00
Shipment Workbench,,,failed,False,2026-08-18T22:06:49.548592+09:00
Shipment Worksheet,,,failed,False,2026-08-27T22:13:27.898794+09:00
Shipment Zone,,,failed,False,2026-08-17T21:30:50.388708+09:00
Shoot Advance,,,failed,False,2026-08-23T16:16:06.207689+09:00
Shoot Advisory,,,failed,False,2026-08-21T01:05:53.776527+09:00
Shoot Allowance,,,failed,False,2026-08-21T02:43:16.744782+09:00
Shoot Analyzer,,,failed,False,2026-08-27T23:58:00.506831+09:00
Shoot Announcement,,,failed,False,2026-08-27T23:36:04.672816+09:00
Shoot Arrears,,,failed,False,2026-08-23T16:16:03.366904+09:00
Shoot Asset,,,failed,False,2026-08-23T13:48:00.316866+09:00
Shoot Assistant,90.0,5.0,success,False,2026-08-19T12:22:54.076804+09:00
Shoot Atlas,,,failed,False,2026-08-19T12:27:49.196174+09:00
Shoot Attribute,,,failed,False,2026-08-23T13:08:42.186526+09:00
Shoot Badge,,,failed,False,2026-08-21T00:33:01.322590+09:00
Shoot Base,1000.0,1.0,success,False,2026-08-19T12:26:50.558135+09:00
Shoot Beacon,,,failed,False,2026-08-19T12:26:15.531413+09:00
Shoot Bill,20.0,0.0,success,False,2026-08-19T21:58:27.685601+09:00
Shoot Board,6600.0,54.0,success,False,2026-08-19T12:26:57.441352+09:00
Shoot Book,880.0,8.0,success,False,2026-08-19T21:59:12.539055+09:00
Shoot Bridge,,,failed,False,2026-08-19T12:26:26.109725+09:00
Shoot Brief,40.0,0.0,success,False,2026-08-21T01:05:40.713486+09:00
Shoot Bulletin,,,failed,False,2026-08-21T01:05:30.928954+09:00
Shoot Calculator,,,failed,False,2026-08-27T23:36:04.672816+09:00
Shoot Calendar,170.0,0.0,success,False,2026-08-19T12:23:48.028309+09:00
Shoot Card,590.0,10.0,success,False,2026-08-19T13:30:57.828554+09:00
Shoot Cascade,,,failed,False,2026-08-19T12:26:22.946559+09:00
Shoot Cash,70.0,5.0,success,False,2026-08-21T02:28:03.624635+09:00
Shoot Cashback,,,failed,False,2026-08-27T21:18:10.943632+09:00
Shoot Catalog,,,failed,False,2026-08-19T21:16:19.911294+09:00
Shoot Category,,,failed,False,2026-08-23T13:08:40.061584+09:00
Shoot Center,6600.0,2.0,success,False,2026-08-19T12:27:13.663496+09:00
Shoot Chain,10.0,0.0,success,False,2026-08-19T12:27:39.796113+09:00
Shoot Charge,,,failed,False,2026-08-21T02:43:04.921789+09:00
Shoot Check,,,failed,False,2026-08-19T13:31:09.832283+09:00
Shoot Checker,,,failed,False,2026-08-27T23:57:55.384671+09:00
Shoot Checklist,10.0,0.0,success,False,2026-08-19T21:15:25.328836+09:00
Shoot Circular,,,failed,False,2026-08-21T01:05:38.366293+09:00
Shoot Code,20.0,0.0,success,False,2026-08-19T21:58:45.118789+09:00
Shoot Companion,,,failed,False,2026-08-19T12:23:14.200437+09:00
Shoot Compass,,,failed,False,2026-08-19T12:26:15.531413+09:00
Shoot Confirmation,,,failed,False,2026-08-21T01:06:03.967646+09:00
Shoot Console,,,failed,False,2026-08-19T12:27:27.714904+09:00
Shoot Core,,,failed,False,2026-08-19T12:26:55.574795+09:00
Shoot Cost,90.0,2.0,success,False,2026-08-21T02:12:27.062318+09:00
Shoot Count,70.0,0.0,success,False,2026-08-27T22:50:00.330096+09:00
Shoot Counter,70.0,0.0,success,False,2026-08-19T12:24:09.089995+09:00
Shoot Coupon,,,failed,False,2026-08-27T21:18:05.577940+09:00
Shoot Deal,,,failed,False,2026-08-21T01:57:17.630744+09:00
Shoot Debt,,,failed,False,2026-08-21T02:27:57.187073+09:00
Shoot Deck,260.0,3.0,success,False,2026-08-19T12:27:02.281369+09:00
Shoot Desk,20.0,2.0,success,False,2026-08-19T12:26:02.355075+09:00
Shoot Detail,,,failed,False,2026-08-23T03:22:11.470893+09:00
Shoot Detector,,,failed,False,2026-08-27T23:57:57.910775+09:00
Shoot Diagram,260.0,0.0,success,False,2026-08-27T22:13:48.271988+09:00
Shoot Digest,,,failed,False,2026-08-19T20:44:50.684915+09:00
Shoot Directory,,,failed,False,2026-08-19T12:23:48.028309+09:00
Shoot Discount,10.0,0.0,success,False,2026-08-23T16:15:57.304809+09:00
Shoot Dossier,,,failed,False,2026-08-21T01:06:07.369655+09:00
Shoot Downpayment,,,failed,False,2026-08-27T21:49:22.679951+09:00
Shoot Draft,,,failed,False,2026-08-19T20:45:06.240403+09:00
Shoot Due,,,failed,False,2026-08-23T15:52:35.720858+09:00
Shoot Duty,10.0,0.0,success,False,2026-08-21T02:43:07.410836+09:00
Shoot Engine,,,failed,False,2026-08-19T12:22:47.160144+09:00
Shoot Entry,,,failed,False,2026-08-21T01:06:19.538829+09:00
Shoot Estimate,,,failed,False,2026-08-19T21:16:08.184183+09:00
Shoot Estimator,,,failed,False,2026-08-27T23:57:50.336082+09:00
Shoot Excerpt,,,failed,False,2026-08-21T01:06:16.364943+09:00
Shoot Extension,20.0,0.0,success,False,2026-08-23T16:39:47.689837+09:00
Shoot Fare,,,failed,False,2026-08-21T02:12:35.738319+09:00
Shoot Fee,,,failed,False,2026-08-21T01:57:02.115497+09:00
Shoot Feed,,,failed,False,2026-08-19T20:44:56.793146+09:00
Shoot Field,30.0,1.0,success,False,2026-08-23T13:08:44.526296+09:00
Shoot File,30.0,0.0,success,False,2026-08-19T20:44:16.708983+09:00
Shoot Finder,10.0,0.0,success,False,2026-08-19T12:24:05.330216+09:00
Shoot Fine,,,failed,False,2026-08-23T02:57:15.173266+09:00
Shoot Flag,,,failed,False,2026-08-21T00:33:43.074758+09:00
Shoot Flow,20.0,0.0,success,False,2026-08-19T12:25:57.716794+09:00
Shoot Forge,,,failed,False,2026-08-19T12:26:17.646351+09:00
Shoot Form,320.0,0.0,success,False,2026-08-19T13:30:50.408917+09:00
Shoot Format,,,failed,False,2026-08-23T13:08:48.797339+09:00
Shoot Frame,70.0,32.0,success,False,2026-08-19T12:26:50.558135+09:00
Shoot Fund,10.0,0.0,success,False,2026-08-21T02:28:00.693334+09:00
Shoot Gate,,,failed,False,2026-08-19T12:27:46.282540+09:00
Shoot Generator,10.0,0.0,success,False,2026-08-27T23:36:10.117910+09:00
Shoot Giveaway,,,failed,False,2026-08-27T21:18:16.007823+09:00
Shoot Grade,,,failed,False,2026-08-21T00:33:20.736767+09:00
Shoot Graph,,,failed,False,2026-08-27T22:13:36.218618+09:00
Shoot Grid,,,failed,False,2026-08-19T12:26:37.096559+09:00
Shoot Helper,,,failed,False,2026-08-28T00:26:50.285916+09:00
Shoot History,30.0,0.0,success,False,2026-08-19T20:44:10.013145+09:00
Shoot Hotline,,,failed,False,2026-08-19T21:16:30.496623+09:00
Shoot Hub,20.0,0.0,success,False,2026-08-19T12:25:57.716794+09:00
Shoot Identifier,,,failed,False,2026-08-23T13:08:36.933873+09:00
Shoot Incentive,,,failed,False,2026-08-27T21:18:16.007823+09:00
Shoot Index,,,failed,False,2026-08-19T21:15:37.050210+09:00
Shoot Installment,,,failed,False,2026-08-23T16:16:00.073730+09:00
Shoot Item,,,failed,False,2026-08-21T01:57:03.804845+09:00
Shoot Journal,,,failed,False,2026-08-19T12:23:40.274403+09:00
Shoot Keeper,,,failed,False,2026-08-19T12:27:54.241154+09:00
Shoot Kit,260.0,72.0,success,False,2026-08-27T22:49:57.314209+09:00
Shoot Lab,390.0,1.0,success,False,2026-08-19T12:27:05.323167+09:00
Shoot Ledger,,,failed,False,2026-08-19T12:26:55.574795+09:00
Shoot Level,10.0,0.0,success,False,2026-08-19T20:44:26.671038+09:00
Shoot Link,20.0,32.0,success,False,2026-08-23T03:22:03.644415+09:00
Shoot List,22200.0,1.0,success,False,2026-08-19T21:58:56.766000+09:00
Shoot Loan,,,failed,False,2026-08-21T02:12:39.261551+09:00
Shoot Locator,,,failed,False,2026-08-19T12:23:56.615526+09:00
Shoot Log,110.0,0.0,success,False,2026-08-19T13:30:42.478470+09:00
Shoot Loop,20.0,0.0,success,False,2026-08-19T12:26:33.810025+09:00
Shoot Manager,110.0,0.0,success,False,2026-08-19T12:22:47.160144+09:00
Shoot Manual,140.0,1.0,success,False,2026-08-27T22:13:43.125947+09:00
Shoot Map,140.0,0.0,success,False,2026-08-19T12:26:47.247206+09:00
Shoot Markup,,,failed,False,2026-08-23T16:39:45.505448+09:00
Shoot Memo,,,failed,False,2026-08-21T00:33:32.477901+09:00
Shoot Message,170.0,0.0,success,False,2026-08-27T23:15:25.030230+09:00
Shoot Monitor,10.0,0.0,success,False,2026-08-19T12:23:14.200437+09:00
Shoot Nexus,,,failed,False,2026-08-19T12:27:49.196174+09:00
Shoot Note,10.0,0.0,success,False,2026-08-19T13:31:44.608385+09:00
Shoot Notification,,,failed,False,2026-08-27T22:49:57.314209+09:00
Shoot Number,70.0,0.0,success,False,2026-08-23T03:21:56.707046+09:00
Shoot Office,,,failed,False,2026-08-19T12:24:05.330216+09:00
Shoot Ops,40.0,2.0,success,False,2026-08-19T12:23:26.790500+09:00
Shoot Order,,,failed,False,2026-08-19T21:58:19.577733+09:00
Shoot Overage,,,failed,False,2026-08-27T21:49:20.358831+09:00
Shoot Overdraft,,,failed,False,2026-08-23T15:52:35.720858+09:00
Shoot Overdue,,,failed,False,2026-08-27T21:49:15.770523+09:00
Shoot Panel,,,failed,False,2026-08-19T12:27:27.714904+09:00
Shoot Pass,20.0,0.0,success,False,2026-08-21T00:32:52.523477+09:00
Shoot Path,,,failed,False,2026-08-19T12:26:44.704983+09:00
Shoot Payoff,,,failed,False,2026-08-27T21:49:18.001663+09:00
Shoot Penalty,1000.0,0.0,success,True,2026-08-23T16:39:43.377708+09:00
Shoot Petition,,,failed,False,2026-08-21T01:05:51.926035+09:00
Shoot Plan,210.0,1.0,success,False,2026-08-21T01:57:13.280090+09:00
Shoot Planner,30.0,2.0,success,False,2026-08-19T12:22:54.076804+09:00
Shoot Playbook,,,failed,False,2026-08-19T12:23:36.492658+09:00
Shoot Point,480.0,0.0,success,False,2026-08-19T12:26:44.704983+09:00
Shoot Portal,,,failed,False,2026-08-19T12:27:23.710394+09:00
Shoot Preview,10.0,0.0,success,False,2026-08-28T01:08:04.607830+09:00
Shoot Profile,,,failed,False,2026-08-19T13:32:02.705004+09:00
Shoot Profit,,,failed,False,2026-08-23T02:57:06.282457+09:00
Shoot Proposal,,,failed,False,2026-08-28T01:08:07.317285+09:00
Shoot Queue,10.0,0.0,success,False,2026-08-19T21:15:56.084621+09:00
Shoot Quota,,,failed,False,2026-08-21T00:33:37.107629+09:00
Shoot Radar,,,failed,False,2026-08-19T12:26:02.355075+09:00
Shoot Rail,,,failed,False,2026-08-19T12:27:36.694411+09:00
Shoot Rate,90.0,0.0,success,False,2026-08-19T20:44:32.627645+09:00
Shoot Recap,10.0,0.0,success,False,2026-08-21T01:06:12.457382+09:00
Shoot Receipt,,,failed,False,2026-08-19T21:58:36.842594+09:00
Shoot Register,,,failed,False,2026-08-19T12:23:26.790500+09:00
Shoot Registry,,,failed,False,2026-08-19T12:23:40.274403+09:00
Shoot Relay,10.0,0.0,success,False,2026-08-19T12:26:06.734544+09:00
Shoot Reminder,,,failed,False,2026-08-19T21:15:11.193054+09:00
Shoot Report,50.0,0.0,success,False,2026-08-19T13:30:35.292295+09:00
Shoot Repository,,,failed,False,2026-08-27T23:15:30.690091+09:00
Shoot Result,,,failed,False,2026-08-28T00:48:23.790188+09:00
Shoot Roster,10.0,0.0,success,False,2026-08-19T12:25:21.965141+09:00
Shoot Route,40.0,0.0,success,False,2026-08-19T12:27:31.967553+09:00
Shoot Rule,,,failed,False,2026-08-23T03:22:09.250404+09:00
Shoot Sale,,,failed,False,2026-08-21T02:28:12.321639+09:00
Shoot Sample,20.0,0.0,success,False,2026-08-19T21:59:35.883958+09:00
Shoot Scale,,,failed,False,2026-08-19T12:27:31.967553+09:00
Shoot Scheduler,,,failed,False,2026-08-19T12:23:01.868954+09:00
Shoot Schematic,,,failed,False,2026-08-27T22:29:16.006701+09:00
Shoot Scope,260.0,98.0,success,False,2026-08-19T12:26:33.810025+09:00
Shoot Score,1900.0,0.0,success,True,2026-08-19T13:31:38.491721+09:00
Shoot Sheet,90.0,24.0,success,False,2026-08-19T13:31:05.950766+09:00
Shoot Shortfall,,,failed,False,2026-08-27T21:49:24.879038+09:00
Shoot Signal,10.0,0.0,success,False,2026-08-19T12:26:26.109725+09:00
Shoot Slip,,,failed,False,2026-08-19T21:59:26.927876+09:00
Shoot Slot,30.0,1.0,success,False,2026-08-19T21:59:46.400279+09:00
Shoot Stage,110.0,0.0,success,False,2026-08-28T00:48:23.790188+09:00
Shoot Stake,,,failed,False,2026-08-23T02:57:13.068042+09:00
Shoot Statement,,,failed,False,2026-08-21T00:33:10.095062+09:00
Shoot Station,110.0,1.0,success,False,2026-08-19T12:27:08.334680+09:00
Shoot Status,20.0,0.0,success,False,2026-08-19T20:43:53.666341+09:00
Shoot Stub,,,failed,False,2026-08-21T00:33:05.849456+09:00
Shoot Studio,1900.0,6.0,success,False,2026-08-19T12:27:05.323167+09:00
Shoot Subsidy,,,failed,False,2026-08-23T15:52:37.821939+09:00
Shoot Sum,10.0,0.0,success,False,2026-08-21T02:27:53.442278+09:00
Shoot Summary,,,failed,False,2026-08-19T21:14:46.806152+09:00
Shoot Tab,90.0,89.0,success,False,2026-08-21T00:33:48.597432+09:00
Shoot Table,4400.0,90.0,success,False,2026-08-19T21:59:04.972402+09:00
Shoot Tag,140.0,0.0,success,False,2026-08-19T13:31:50.431005+09:00
Shoot Tally,,,failed,False,2026-08-21T00:33:14.863078+09:00
Shoot Tariff,,,failed,False,2026-08-21T02:43:19.046773+09:00
Shoot Tax,,,failed,False,2026-08-21T02:12:39.261551+09:00
Shoot Ticket,,,failed,False,2026-08-19T21:15:46.366866+09:00
Shoot Tier,,,failed,False,2026-08-28T00:48:27.212910+09:00
Shoot Timeline,,,failed,False,2026-08-19T21:15:00.223476+09:00
Shoot Timer,9900.0,100.0,success,False,2026-08-28T00:26:42.212784+09:00
Shoot Toll,,,failed,False,2026-08-21T02:43:10.515094+09:00
Shoot Toolbox,,,failed,False,2026-08-28T00:26:47.602211+09:00
Shoot Total,,,failed,False,2026-08-27T23:15:25.030230+09:00
Shoot Tracker,90.0,1.0,success,False,2026-08-19T12:25:55.231488+09:00
Shoot Trail,,,failed,False,2026-08-19T12:27:39.796113+09:00
Shoot Trend,10.0,0.0,success,False,2026-08-28T01:08:02.108620+09:00
Shoot Trial,,,failed,False,2026-08-27T21:18:13.822548+09:00
Shoot Unit,,,failed,False,2026-08-21T01:57:08.672731+09:00
Shoot Update,1600.0,0.0,success,True,2026-08-19T20:44:44.192245+09:00
Shoot Vault,,,failed,False,2026-08-19T12:26:11.426688+09:00
Shoot Version,,,failed,False,2026-08-23T03:22:01.031781+09:00
Shoot View,10.0,0.0,success,False,2026-08-19T20:44:00.282785+09:00
Shoot Voucher,,,failed,False,2026-08-21T00:32:57.061306+09:00
Shoot Watch,480.0,27.0,success,False,2026-08-19T12:26:30.202611+09:00
Shoot Wave,10.0,0.0,success,False,2026-08-19T12:26:41.238307+09:00
Shoot Widget,,,failed,False,2026-08-27T23:15:28.257448+09:00
Shoot Worksheet,,,failed,False,2026-08-27T22:13:48.271988+09:00
Shoot Zone,50.0,1.0,success,False,2026-08-19T12:27:18.963883+09:00
Showing Advance,,,failed,False,2026-08-23T16:13:52.514202+09:00
Showing Alert,,,failed,False,2026-08-21T01:41:08.747647+09:00
Showing Allowance,,,failed,False,2026-08-21T02:42:54.824749+09:00
Showing Analyzer,,,failed,False,2026-08-27T23:59:20.883273+09:00
Showing Announcement,,,failed,False,2026-08-27T23:36:36.607319+09:00
Showing Arrears,,,failed,False,2026-08-23T16:13:47.418622+09:00
Showing Atlas,,,failed,False,2026-08-21T01:38:57.072218+09:00
Showing Attribute,,,failed,False,2026-08-23T13:10:10.835682+09:00
Showing Badge,260.0,2.0,success,False,2026-08-21T01:44:11.369887+09:00
Showing Base,,,failed,False,2026-08-21T01:37:28.905967+09:00
Showing Beacon,10.0,2.0,success,False,2026-08-21T01:35:43.520163+09:00
Showing Bill,,,failed,False,2026-08-21T01:43:23.087757+09:00
Showing Bin,,,failed,False,2026-08-21T01:41:16.296353+09:00
Showing Board,1300.0,37.0,success,False,2026-08-21T01:37:37.070410+09:00
Showing Bridge,,,failed,False,2026-08-21T01:36:42.310879+09:00
Showing Brief,,,failed,False,2026-08-21T01:35:40.970939+09:00
Showing Bulletin,,,failed,False,2026-08-21T01:44:38.139446+09:00
Showing Card,3600.0,8.0,success,False,2026-08-21T01:41:52.008026+09:00
Showing Cascade,,,failed,False,2026-08-21T01:36:36.837653+09:00
Showing Cash,170.0,15.0,success,False,2026-08-21T02:26:26.896086+09:00
Showing Cashback,,,failed,False,2026-08-27T21:16:53.377302+09:00
Showing Category,,,failed,False,2026-08-23T13:10:08.705068+09:00
Showing Center,14800.0,13.0,success,False,2026-08-21T01:38:06.302240+09:00
Showing Chain,,,failed,False,2026-08-21T01:38:42.867462+09:00
Showing Charge,,,failed,False,2026-08-21T02:42:47.286881+09:00
Showing Chart,,,failed,False,2026-08-21T01:41:12.264242+09:00
Showing Check,,,failed,False,2026-08-21T01:42:00.180241+09:00
Showing Checker,,,failed,False,2026-08-27T23:59:12.622196+09:00
Showing Circular,,,failed,False,2026-08-21T01:35:43.520163+09:00
Showing Code,,,failed,False,2026-08-21T01:43:34.239530+09:00
Showing Comparison,390.0,0.0,success,False,2026-08-28T01:02:07.599938+09:00
Showing Confirmation,,,failed,False,2026-08-21T01:35:43.520163+09:00
Showing Console,,,failed,False,2026-08-21T01:38:18.535087+09:00
Showing Contribution,,,failed,False,2026-08-23T16:13:45.288195+09:00
Showing Converter,,,failed,False,2026-08-27T23:36:36.607319+09:00
Showing Core,,,failed,False,2026-08-21T01:37:30.941685+09:00
Showing Cost,,,failed,False,2026-08-21T02:09:47.667221+09:00
Showing Count,,,failed,False,2026-08-27T22:49:54.897946+09:00
Showing Counter,,,failed,False,2026-08-21T01:40:19.724237+09:00
Showing Coupon,,,failed,False,2026-08-27T21:16:53.377302+09:00
Showing Deal,210.0,22.0,success,False,2026-08-21T01:52:45.246437+09:00
Showing Debt,,,failed,False,2026-08-21T02:26:21.259847+09:00
Showing Deck,,,failed,False,2026-08-21T01:37:41.835664+09:00
Showing Desk,110.0,50.0,success,False,2026-08-21T01:35:43.520163+09:00
Showing Detail,,,failed,False,2026-08-23T03:23:40.065475+09:00
Showing Detector,,,failed,False,2026-08-27T23:59:17.563745+09:00
Showing Diagram,20.0,0.0,success,False,2026-08-27T22:11:56.077657+09:00
Showing Directory,,,failed,False,2026-08-21T01:40:01.747780+09:00
Showing Discount,,,failed,False,2026-08-23T16:13:37.104049+09:00
Showing Downpayment,,,failed,False,2026-08-27T21:47:58.388035+09:00
Showing Draft,,,failed,False,2026-08-21T01:42:51.256978+09:00
Showing Duty,,,failed,False,2026-08-21T02:42:49.671896+09:00
Showing Engine,,,failed,False,2026-08-21T01:39:12.504942+09:00
Showing Entry,,,failed,False,2026-08-21T01:35:43.520163+09:00
Showing Estimate,,,failed,False,2026-08-21T01:43:12.278953+09:00
Showing Estimator,,,failed,False,2026-08-27T23:59:12.622196+09:00
Showing Extension,,,failed,False,2026-08-23T16:38:50.541482+09:00
Showing Fare,,,failed,False,2026-08-21T02:09:52.288046+09:00
Showing Fee,,,failed,False,2026-08-21T01:52:23.674188+09:00
Showing Feed,,,failed,False,2026-08-21T01:42:46.013630+09:00
Showing File,,,failed,False,2026-08-21T01:42:32.456630+09:00
Showing Finder,,,failed,False,2026-08-21T01:40:09.996962+09:00
Showing Fine,,,failed,False,2026-08-23T02:57:36.512424+09:00
Showing Flow,,,failed,False,2026-08-21T01:35:43.520163+09:00
Showing Forge,,,failed,False,2026-08-21T01:35:43.520163+09:00
Showing Form,1600.0,58.0,success,False,2026-08-21T01:41:48.955996+09:00
Showing Format,,,failed,False,2026-08-23T13:10:14.601516+09:00
Showing Frame,,,failed,False,2026-08-21T01:37:24.140763+09:00
Showing Fund,,,failed,False,2026-08-21T02:26:24.473700+09:00
Showing Gate,,,failed,False,2026-08-21T01:38:50.640665+09:00
Showing Generator,,,failed,False,2026-08-27T23:36:36.607319+09:00
Showing Giveaway,,,failed,False,2026-08-27T21:17:00.727259+09:00
Showing Graph,,,failed,False,2026-08-27T22:11:39.650369+09:00
Showing Grid,,,failed,False,2026-08-21T01:37:02.343165+09:00
Showing Guarantee,,,failed,False,2026-08-28T01:02:13.095205+09:00
Showing Helper,,,failed,False,2026-08-28T00:27:43.001225+09:00
Showing History,1600.0,0.0,success,True,2026-08-21T01:42:27.221916+09:00
Showing Hub,,,failed,False,2026-08-21T01:35:43.520163+09:00
Showing Identifier,,,failed,False,2026-08-23T13:10:06.026404+09:00
Showing Incentive,,,failed,False,2026-08-27T21:16:57.719069+09:00
Showing Index,,,failed,False,2026-08-21T01:43:03.421356+09:00
Showing Installment,,,failed,False,2026-08-23T16:13:42.146359+09:00
Showing Item,,,failed,False,2026-08-21T01:52:30.422416+09:00
Showing Journal,70.0,1.0,success,False,2026-08-21T01:39:49.686792+09:00
Showing Keeper,,,failed,False,2026-08-21T01:39:01.261860+09:00
Showing Lab,,,failed,False,2026-08-21T01:37:48.907066+09:00
Showing Label,,,failed,False,2026-08-27T22:11:47.365503+09:00
Showing Layout,,,failed,False,2026-08-27T22:29:00.404173+09:00
Showing Ledger,,,failed,False,2026-08-21T01:37:32.925946+09:00
Showing Level,,,failed,False,2026-08-21T01:42:34.994206+09:00
Showing Link,,,failed,False,2026-08-23T03:23:34.197835+09:00
Showing List,2400.0,0.0,success,True,2026-08-21T01:43:39.038620+09:00
Showing Loan,,,failed,False,2026-08-21T02:10:00.502849+09:00
Showing Locator,,,failed,False,2026-08-21T01:40:07.956384+09:00
Showing Locker,,,failed,False,2026-08-21T01:40:23.040836+09:00
Showing Log,,,failed,False,2026-08-21T01:41:44.452509+09:00
Showing Loop,,,failed,False,2026-08-21T01:36:59.790111+09:00
Showing Manual,,,failed,False,2026-08-27T22:11:47.365503+09:00
Showing Map,33100.0,1.0,success,False,2026-08-21T01:37:19.276865+09:00
Showing Markup,,,failed,False,2026-08-23T16:38:47.783567+09:00
Showing Memo,,,failed,False,2026-08-21T01:44:25.853714+09:00
Showing Message,880.0,9.0,success,False,2026-08-27T23:15:36.970228+09:00
Showing Monitor,70.0,28.0,success,False,2026-08-21T01:39:30.579891+09:00
Showing Nexus,,,failed,False,2026-08-21T01:38:54.698036+09:00
Showing Note,,,failed,False,2026-08-21T01:42:05.228292+09:00
Showing Notification,,,failed,False,2026-08-27T22:49:44.992225+09:00
Showing Number,1000.0,1.0,success,False,2026-08-23T03:23:29.114948+09:00
Showing Office,,,failed,False,2026-08-21T01:40:15.311910+09:00
Showing Ops,,,failed,False,2026-08-21T01:39:42.723562+09:00
Showing Order,,,failed,False,2026-08-21T01:43:18.678031+09:00
Showing Overage,,,failed,False,2026-08-27T21:47:58.388035+09:00
Showing Overdue,,,failed,False,2026-08-27T21:47:53.828940+09:00
Showing Panel,,,failed,False,2026-08-21T01:38:24.012895+09:00
Showing Pass,12100.0,1.0,success,False,2026-08-21T01:44:01.894856+09:00
Showing Path,,,failed,False,2026-08-21T01:37:11.320785+09:00
Showing Payoff,,,failed,False,2026-08-27T21:47:56.115586+09:00
Showing Penalty,,,failed,False,2026-08-23T16:38:44.785975+09:00
Showing Petition,,,failed,False,2026-08-21T01:35:43.520163+09:00
Showing Plan,,,failed,False,2026-08-21T01:52:37.407034+09:00
Showing Planner,,,failed,False,2026-08-21T01:39:21.617747+09:00
Showing Playbook,,,failed,False,2026-08-21T01:39:47.385700+09:00
Showing Point,,,failed,False,2026-08-21T01:37:16.023011+09:00
Showing Portal,,,failed,False,2026-08-21T01:38:16.172375+09:00
Showing Preview,,,failed,False,2026-08-28T01:02:10.416954+09:00
Showing Profile,,,failed,False,2026-08-21T01:42:13.880844+09:00
Showing Profit,,,failed,False,2026-08-23T02:57:27.142882+09:00
Showing Proposal,,,failed,False,2026-08-28T01:02:13.095205+09:00
Showing Quota,,,failed,False,2026-08-21T01:44:28.935205+09:00
Showing Radar,,,failed,False,2026-08-21T01:35:43.520163+09:00
Showing Rate,,,failed,False,2026-08-21T01:42:40.721389+09:00
Showing Receipt,,,failed,False,2026-08-21T01:43:27.778790+09:00
Showing Recorder,,,failed,False,2026-08-27T23:36:40.825682+09:00
Showing Register,90.0,1.0,success,False,2026-08-21T01:39:38.707543+09:00
Showing Relay,,,failed,False,2026-08-21T01:35:43.520163+09:00
Showing Reminder,,,failed,False,2026-08-21T01:43:00.390217+09:00
Showing Report,390.0,0.0,success,False,2026-08-21T01:41:42.095051+09:00
Showing Repository,,,failed,False,2026-08-27T23:15:43.697016+09:00
Showing Result,2400.0,0.0,success,True,2026-08-28T00:45:40.942680+09:00
Showing Ring,1000.0,4.0,success,False,2026-08-21T01:38:48.053655+09:00
Showing Roster,,,failed,False,2026-08-21T01:41:00.703725+09:00
Showing Route,720.0,0.0,success,False,2026-08-21T01:38:34.046103+09:00
Showing Rule,,,failed,False,2026-08-23T03:23:37.132752+09:00
Showing Sale,,,failed,False,2026-08-21T02:26:32.701256+09:00
Showing Sample,590.0,0.0,success,False,2026-08-21T01:43:52.896076+09:00
Showing Scale,1000.0,0.0,success,True,2026-08-21T01:38:26.164281+09:00
Showing Scanner,,,failed,False,2026-08-27T23:59:17.563745+09:00
Showing Score,,,failed,False,2026-08-21T01:42:02.866390+09:00
Showing Sheet,,,failed,False,2026-08-21T01:41:54.360418+09:00
Showing Shortfall,,,failed,False,2026-08-27T21:48:00.691172+09:00
Showing Signal,,,failed,False,2026-08-21T01:36:47.067872+09:00
Showing Signature,,,failed,False,2026-08-23T13:26:40.982312+09:00
Showing Slip,2400.0,0.0,success,True,2026-08-21T01:43:47.346655+09:00
Showing Slot,,,failed,False,2026-08-21T01:43:56.070004+09:00
Showing Stage,,,failed,False,2026-08-28T00:45:40.942680+09:00
Showing Stake,,,failed,False,2026-08-23T02:57:32.152196+09:00
Showing Stamp,,,failed,False,2026-08-23T13:26:40.982312+09:00
Showing Statement,,,failed,False,2026-08-21T01:44:20.732547+09:00
Showing Station,,,failed,False,2026-08-21T01:37:55.040790+09:00
Showing Status,320.0,0.0,success,False,2026-08-21T01:42:17.039674+09:00
Showing Stub,,,failed,False,2026-08-21T01:44:16.668560+09:00
Showing Studio,,,failed,False,2026-08-21T01:37:44.630220+09:00
Showing Sum,,,failed,False,2026-08-21T02:26:18.130699+09:00
Showing Summary,,,failed,False,2026-08-21T01:42:53.677401+09:00
Showing Tab,,,failed,False,2026-08-21T01:44:33.537295+09:00
Showing Table,2900.0,4.0,success,False,2026-08-21T01:43:45.085248+09:00
Showing Tag,,,failed,False,2026-08-21T01:42:07.777661+09:00
Showing Tariff,,,failed,False,2026-08-21T02:42:57.314001+09:00
Showing Tax,,,failed,False,2026-08-21T02:09:56.008511+09:00
Showing Terminal,,,failed,False,2026-08-21T01:37:57.190809+09:00
Showing Ticket,,,failed,False,2026-08-21T01:43:07.474360+09:00
Showing Timeline,,,failed,False,2026-08-21T01:42:55.803836+09:00
Showing Timer,,,failed,False,2026-08-28T00:27:40.381664+09:00
Showing Toll,,,failed,False,2026-08-21T02:42:51.701755+09:00
Showing Toolbox,,,failed,False,2026-08-28T00:27:43.001225+09:00
Showing Total,,,failed,False,2026-08-27T23:15:36.970228+09:00
Showing Tracker,,,failed,False,2026-08-21T01:35:43.520163+09:00
Showing Trend,,,failed,False,2026-08-28T01:02:07.599938+09:00
Showing Trial,,,failed,False,2026-08-27T21:16:57.719069+09:00
Showing Unit,590.0,14.0,success,False,2026-08-21T01:52:34.182425+09:00
Showing Update,,,failed,False,2026-08-21T01:42:43.370438+09:00
Showing Value,260.0,0.0,success,False,2026-08-23T02:57:30.156609+09:00
Showing Vault,30.0,0.0,success,False,2026-08-21T01:35:43.520163+09:00
Showing Version,10.0,,success,False,2026-08-23T03:23:31.641874+09:00
Showing View,,,failed,False,2026-08-21T01:42:22.878879+09:00
Showing Voucher,,,failed,False,2026-08-21T01:44:07.789434+09:00
Showing Watch,880.0,13.0,success,False,2026-08-21T01:36:50.253581+09:00
Showing Wave,,,failed,False,2026-08-21T01:37:07.808277+09:00
Showing Widget,,,failed,False,2026-08-27T23:15:41.145408+09:00
Showing Worksheet,,,failed,False,2026-08-27T22:11:50.573955+09:00
Showing Zone,22200.0,11.0,success,False,2026-08-21T01:38:08.891636+09:00
Shuttle Advance,,,failed,False,2026-08-23T16:12:46.857371+09:00
Shuttle Allowance,,,failed,False,2026-08-21T02:43:21.598191+09:00
Shuttle Almanac,,,failed,False,2026-08-18T22:10:32.480742+09:00
Shuttle Analyzer,,,failed,False,2026-08-27T23:57:19.436881+09:00
Shuttle Anchor,,,failed,False,2026-08-17T21:40:01.418165+09:00
Shuttle Announcement,10.0,0.0,success,False,2026-08-27T23:35:13.146180+09:00
Shuttle Arrears,,,failed,False,2026-08-23T16:12:43.953628+09:00
Shuttle Asset,,,failed,False,2026-08-23T13:45:46.037867+09:00
Shuttle Assistant,,,failed,False,2026-08-17T23:10:43.579186+09:00
Shuttle Atlas,,,failed,False,2026-08-17T20:46:29.220439+09:00
Shuttle Badge,,,failed,False,2026-08-21T00:25:52.909138+09:00
Shuttle Base,50.0,9.0,success,False,2026-08-17T20:43:18.551816+09:00
Shuttle Bay,590.0,6.0,success,False,2026-08-19T00:38:18.682483+09:00
Shuttle Beacon,110.0,2.0,success,False,2026-08-17T20:33:01.756540+09:00
Shuttle Bill,,,failed,False,2026-08-19T22:01:59.739197+09:00
Shuttle Blueprint,40.0,0.0,success,False,2026-08-18T22:10:25.741480+09:00
Shuttle Board,1300.0,67.0,success,False,2026-08-17T20:40:51.053535+09:00
Shuttle Book,1000.0,38.0,success,False,2026-08-19T22:02:52.701278+09:00
Shuttle Bridge,30.0,0.0,success,False,2026-08-17T21:41:49.444267+09:00
Shuttle Brief,10.0,,success,False,2026-08-21T01:00:54.642749+09:00
Shuttle Bulletin,,,failed,False,2026-08-21T01:00:52.686966+09:00
Shuttle Calculator,,,failed,False,2026-08-27T23:35:16.240815+09:00
Shuttle Calendar,10.0,0.0,success,False,2026-08-19T00:04:35.680723+09:00
Shuttle Card,140.0,0.0,success,False,2026-08-19T13:38:58.073256+09:00
Shuttle Cascade,,,failed,False,2026-08-18T07:52:10.902319+09:00
Shuttle Cash,,,failed,False,2026-08-21T02:27:19.706336+09:00
Shuttle Cashback,,,failed,False,2026-08-27T21:15:40.330625+09:00
Shuttle Catalog,,,failed,False,2026-08-19T21:16:33.965835+09:00
Shuttle Category,,,failed,False,2026-08-23T13:10:03.956535+09:00
Shuttle Center,30.0,9.0,success,False,2026-08-17T20:35:22.813816+09:00
Shuttle Chain,,,failed,False,2026-08-17T21:33:30.231055+09:00
Shuttle Charge,40.0,2.0,success,False,2026-08-21T02:43:14.426169+09:00
Shuttle Check,,,failed,False,2026-08-19T13:39:34.156572+09:00
Shuttle Checker,,,failed,False,2026-08-27T23:57:12.985174+09:00
Shuttle Checklist,,,failed,False,2026-08-19T21:15:38.736251+09:00
Shuttle Circular,,,failed,False,2026-08-21T01:00:58.878918+09:00
Shuttle Cockpit,170.0,0.0,success,False,2026-08-17T23:24:56.223636+09:00
Shuttle Code,9900.0,0.0,success,True,2026-08-19T22:02:22.489790+09:00
Shuttle Codex,,,failed,False,2026-08-18T22:10:48.955418+09:00
Shuttle Companion,,,failed,False,2026-08-17T23:08:46.290392+09:00
Shuttle Comparison,10.0,86.0,success,False,2026-08-28T01:08:04.607830+09:00
Shuttle Compass,,,failed,False,2026-08-17T20:34:03.344800+09:00
Shuttle Compendium,,,failed,False,2026-08-18T22:10:41.322709+09:00
Shuttle Confirmation,,,failed,False,2026-08-21T01:01:09.555377+09:00
Shuttle Console,10.0,0.0,success,False,2026-08-17T20:32:26.534581+09:00
Shuttle Contribution,,,failed,False,2026-08-23T16:12:41.676987+09:00
Shuttle Core,30.0,8.0,success,False,2026-08-17T20:42:22.378966+09:00
Shuttle Cost,260.0,7.0,success,False,2026-08-21T02:10:55.409815+09:00
Shuttle Count,10.0,0.0,success,False,2026-08-27T22:48:44.890397+09:00
Shuttle Counter,,,failed,False,2026-08-19T00:05:13.902876+09:00
Shuttle Coupon,210.0,7.0,success,False,2026-08-27T21:15:40.330625+09:00
Shuttle Dashboard,30.0,1.0,success,False,2026-08-17T23:14:01.287138+09:00
Shuttle Deal,110.0,18.0,success,False,2026-08-21T01:54:37.378039+09:00
Shuttle Debt,,,failed,False,2026-08-21T02:27:08.024014+09:00
Shuttle Deck,20.0,18.0,success,False,2026-08-17T20:40:05.754832+09:00
Shuttle Depot,,,failed,False,2026-08-19T00:04:59.396392+09:00
Shuttle Desk,10.0,0.0,success,False,2026-08-17T20:37:51.221015+09:00
Shuttle Detail,,,failed,False,2026-08-23T03:23:40.065475+09:00
Shuttle Diagram,90.0,0.0,success,False,2026-08-27T22:10:23.604541+09:00
Shuttle Dial,20.0,24.0,success,False,2026-08-18T07:52:49.362329+09:00
Shuttle Digest,,,failed,False,2026-08-19T20:41:22.304179+09:00
Shuttle Directory,,,failed,False,2026-08-19T00:04:39.958803+09:00
Shuttle Discount,50.0,15.0,success,False,2026-08-23T16:12:37.758659+09:00
Shuttle Dock,90.0,0.0,success,False,2026-08-17T21:36:40.900045+09:00
Shuttle Dossier,,,failed,False,2026-08-21T01:01:13.751057+09:00
Shuttle Downpayment,,,failed,False,2026-08-27T21:46:52.310844+09:00
Shuttle Draft,,,failed,False,2026-08-19T20:41:40.323358+09:00
Shuttle Due,,,failed,False,2026-08-23T15:50:57.538266+09:00
Shuttle Duty,10.0,0.0,success,False,2026-08-21T02:43:16.744782+09:00
Shuttle Endowment,,,failed,False,2026-08-23T15:51:01.656182+09:00
Shuttle Engine,590.0,0.0,success,False,2026-08-17T23:23:36.709980+09:00
Shuttle Entry,10.0,0.0,success,False,2026-08-21T01:01:22.274781+09:00
Shuttle Estimate,10.0,43.0,success,False,2026-08-19T21:16:21.953049+09:00
Shuttle Estimator,,,failed,False,2026-08-27T23:57:12.985174+09:00
Shuttle Extension,10.0,0.0,success,False,2026-08-23T16:38:16.847667+09:00
Shuttle Fare,90.0,14.0,success,False,2026-08-21T02:11:01.471090+09:00
Shuttle Fee,70.0,1.0,success,False,2026-08-21T01:54:19.939449+09:00
Shuttle Feed,,,failed,False,2026-08-19T20:41:33.167361+09:00
Shuttle File,,,failed,False,2026-08-19T20:40:42.900088+09:00
Shuttle Finder,320.0,21.0,success,False,2026-08-19T00:04:54.234777+09:00
Shuttle Fine,,,failed,False,2026-08-23T02:57:43.117346+09:00
Shuttle Flag,10.0,0.0,success,False,2026-08-21T00:26:30.376720+09:00
Shuttle Flow,210.0,0.0,success,False,2026-08-17T20:40:29.235539+09:00
Shuttle Forge,,,failed,False,2026-08-17T20:31:55.017364+09:00
Shuttle Form,20.0,0.0,success,False,2026-08-19T13:38:33.395376+09:00
Shuttle Frame,20.0,1.0,success,False,2026-08-17T20:44:11.907751+09:00
Shuttle Fund,20.0,11.0,success,False,2026-08-21T02:27:13.658425+09:00
Shuttle Gate,390.0,2.0,success,False,2026-08-17T21:30:10.122952+09:00
Shuttle Generator,,,failed,False,2026-08-27T23:35:20.435817+09:00
Shuttle Giveaway,,,failed,False,2026-08-27T21:15:49.145755+09:00
Shuttle Grade,,,failed,False,2026-08-21T00:26:15.934316+09:00
Shuttle Graph,,,failed,False,2026-08-27T22:10:01.202227+09:00
Shuttle Grid,,,failed,False,2026-08-17T21:34:03.414909+09:00
Shuttle Guarantee,,,failed,False,2026-08-28T01:08:09.929341+09:00
Shuttle Guard,50.0,52.0,success,False,2026-08-17T20:42:50.595044+09:00
Shuttle Guidebook,,,failed,False,2026-08-18T22:10:08.621452+09:00
Shuttle Helpdesk,,,failed,False,2026-08-27T22:48:44.890397+09:00
Shuttle Helper,,,failed,False,2026-08-28T00:26:29.201404+09:00
Shuttle History,20.0,0.0,success,False,2026-08-19T20:40:37.869711+09:00
Shuttle Hotline,10.0,0.0,success,False,2026-08-19T21:16:46.731573+09:00
Shuttle Hub,140.0,0.0,success,False,2026-08-17T20:39:36.069990+09:00
Shuttle Identifier,,,failed,False,2026-08-23T13:10:03.956535+09:00
Shuttle Incentive,,,failed,False,2026-08-27T21:15:44.469109+09:00
Shuttle Index,,,failed,False,2026-08-19T21:15:49.735937+09:00
Shuttle Insight,,,failed,False,2026-08-17T23:24:36.078713+09:00
Shuttle Installment,,,failed,False,2026-08-23T16:12:37.758659+09:00
Shuttle Item,,,failed,False,2026-08-21T01:54:24.486907+09:00
Shuttle Journal,,,failed,False,2026-08-18T22:09:54.168922+09:00
Shuttle Keeper,,,failed,False,2026-08-17T20:44:33.462366+09:00
Shuttle Lab,70.0,82.0,success,False,2026-08-17T20:38:14.865229+09:00
Shuttle Label,20.0,0.0,success,False,2026-08-27T22:10:10.749365+09:00
Shuttle Ledger,,,failed,False,2026-08-17T20:41:41.231730+09:00
Shuttle Lens,,,failed,False,2026-08-17T20:45:14.001779+09:00
Shuttle Level,,,failed,False,2026-08-19T20:40:53.028403+09:00
Shuttle Link,320.0,7.0,success,False,2026-08-23T03:23:37.132752+09:00
Shuttle List,50.0,1.0,success,False,2026-08-19T22:02:31.549197+09:00
Shuttle Loan,30.0,24.0,success,False,2026-08-21T02:11:07.536158+09:00
Shuttle Locator,170.0,1.0,success,False,2026-08-19T00:04:47.180412+09:00
Shuttle Lock,480.0,14.0,success,False,2026-08-17T20:47:09.255931+09:00
Shuttle Log,40.0,0.0,success,False,2026-08-19T13:38:21.044998+09:00
Shuttle Loop,260.0,0.0,success,False,2026-08-17T21:35:08.893531+09:00
Shuttle Manager,10.0,2.0,success,False,2026-08-17T20:43:48.259554+09:00
Shuttle Manual,20.0,2.0,success,False,2026-08-27T22:10:16.912585+09:00
Shuttle Map,170.0,0.0,success,False,2026-08-17T20:45:58.318950+09:00
Shuttle Margin,,,failed,False,2026-08-23T02:57:40.926366+09:00
Shuttle Marker,210.0,96.0,success,False,2026-08-23T13:26:25.215433+09:00
Shuttle Markup,,,failed,False,2026-08-23T16:38:11.972867+09:00
Shuttle Memo,,,failed,False,2026-08-21T00:26:18.251155+09:00
Shuttle Message,,,failed,False,2026-08-27T23:14:08.485077+09:00
Shuttle Meter,,,failed,False,2026-08-17T21:41:19.053416+09:00
Shuttle Metrics,,,failed,False,2026-08-17T23:06:59.361333+09:00
Shuttle Monitor,40.0,84.0,success,False,2026-08-17T23:12:18.901964+09:00
Shuttle Navigator,20.0,0.0,success,False,2026-08-17T23:25:26.285868+09:00
Shuttle Nexus,,,failed,False,2026-08-17T20:47:50.375793+09:00
Shuttle Node,,,failed,False,2026-08-17T21:31:19.415531+09:00
Shuttle Note,260.0,23.0,success,False,2026-08-19T13:39:57.462867+09:00
Shuttle Notification,,,failed,False,2026-08-27T22:48:37.138670+09:00
Shuttle Number,70.0,6.0,success,False,2026-08-23T03:23:31.641874+09:00
Shuttle Office,320.0,4.0,success,False,2026-08-19T00:05:07.956398+09:00
Shuttle Ops,,,failed,False,2026-08-17T23:15:30.972429+09:00
Shuttle Order,30.0,6.0,success,False,2026-08-19T22:01:51.400634+09:00
Shuttle Organizer,,,failed,False,2026-08-17T23:24:12.955458+09:00
Shuttle Overage,,,failed,False,2026-08-27T21:46:49.880048+09:00
Shuttle Overdue,,,failed,False,2026-08-27T21:46:47.630562+09:00
Shuttle Panel,10.0,41.0,success,False,2026-08-18T07:52:40.105947+09:00
Shuttle Pass,880.0,3.0,success,False,2026-08-21T00:25:38.806657+09:00
Shuttle Path,40.0,0.0,success,False,2026-08-17T21:30:45.538595+09:00
Shuttle Payoff,,,failed,False,2026-08-27T21:46:49.880048+09:00
Shuttle Penalty,,,failed,False,2026-08-23T16:38:11.972867+09:00
Shuttle Petition,,,failed,False,2026-08-21T01:01:07.549578+09:00
Shuttle Pilot,70.0,0.0,success,False,2026-08-17T20:38:40.859557+09:00
Shuttle Plan,50.0,0.0,success,False,2026-08-21T01:54:32.681048+09:00
Shuttle Planner,,,failed,False,2026-08-17T23:23:55.589084+09:00
Shuttle Playbook,,,failed,False,2026-08-18T22:09:44.783040+09:00
Shuttle Point,880.0,1.0,success,False,2026-08-17T20:48:29.594833+09:00
Shuttle Portal,110.0,0.0,success,False,2026-08-17T20:33:36.115262+09:00
Shuttle Preview,,,failed,False,2026-08-28T01:08:07.317285+09:00
Shuttle Profile,10.0,0.0,success,False,2026-08-19T13:40:23.135378+09:00
Shuttle Profit,,,failed,False,2026-08-23T02:57:36.512424+09:00
Shuttle Proposal,,,failed,False,2026-08-28T01:08:07.317285+09:00
Shuttle Pulse,,,failed,False,2026-08-17T21:33:05.832312+09:00
Shuttle Queue,,,failed,False,2026-08-19T21:16:09.798326+09:00
Shuttle Quota,,,failed,False,2026-08-21T00:26:25.580219+09:00
Shuttle Radar,260.0,4.0,success,False,2026-08-17T20:36:52.122948+09:00
Shuttle Rail,110.0,7.0,success,False,2026-08-17T21:35:41.309233+09:00
Shuttle Rate,70.0,13.0,success,False,2026-08-19T20:41:06.982103+09:00
Shuttle Recap,,,failed,False,2026-08-21T01:01:15.556861+09:00
Shuttle Receipt,20.0,1.0,success,False,2026-08-19T22:02:12.630536+09:00
Shuttle Recorder,,,failed,False,2026-08-27T23:35:20.435817+09:00
Shuttle Redemption,,,failed,False,2026-08-23T16:38:14.137829+09:00
Shuttle Register,,,failed,False,2026-08-17T23:25:50.019139+09:00
Shuttle Registry,,,failed,False,2026-08-18T22:10:16.418477+09:00
Shuttle Relay,720.0,0.0,success,False,2026-08-17T20:35:52.510868+09:00
Shuttle Reminder,,,failed,False,2026-08-19T21:15:27.386619+09:00
Shuttle Report,,,failed,False,2026-08-19T13:38:06.946096+09:00
Shuttle Repository,,,failed,False,2026-08-27T23:14:15.197354+09:00
Shuttle Roadmap,,,failed,False,2026-08-18T22:10:58.146959+09:00
Shuttle Roster,,,failed,False,2026-08-19T00:38:34.534111+09:00
Shuttle Route,320.0,1.0,success,False,2026-08-17T21:37:49.733247+09:00
Shuttle Rule,,,failed,False,2026-08-23T03:23:37.132752+09:00
Shuttle Sale,210.0,96.0,success,False,2026-08-21T02:27:23.796384+09:00
Shuttle Scale,,,failed,False,2026-08-17T21:39:13.221117+09:00
Shuttle Scheduler,,,failed,False,2026-08-17T23:05:09.501218+09:00
Shuttle Scope,30.0,0.0,success,False,2026-08-17T21:36:12.498401+09:00
Shuttle Score,40.0,5.0,success,False,2026-08-19T13:39:43.638809+09:00
Shuttle Sentry,,,failed,False,2026-08-17T20:45:35.834234+09:00
Shuttle Sheet,20.0,0.0,success,False,2026-08-19T13:39:18.013288+09:00
Shuttle Shortfall,,,failed,False,2026-08-27T21:46:54.698818+09:00
Shuttle Signal,,,failed,False,2026-08-17T21:38:24.477715+09:00
Shuttle Signature,,,failed,False,2026-08-23T13:26:22.288872+09:00
Shuttle Slip,,,failed,False,2026-08-19T22:03:03.584652+09:00
Shuttle Slot,,,failed,False,2026-08-19T22:03:20.182030+09:00
Shuttle Snapshot,,,failed,False,2026-08-18T22:10:02.231985+09:00
Shuttle Stake,,,failed,False,2026-08-23T02:57:40.926366+09:00
Shuttle Stamp,,,failed,False,2026-08-23T13:26:27.447056+09:00
Shuttle Statement,,,failed,False,2026-08-21T00:26:05.533599+09:00
Shuttle Station,1300.0,1.0,success,False,2026-08-17T20:37:19.032635+09:00
Shuttle Status,40.0,7.0,success,False,2026-08-19T20:40:20.062336+09:00
Shuttle Stub,,,failed,False,2026-08-21T00:26:00.566845+09:00
Shuttle Studio,40.0,1.0,success,False,2026-08-17T20:39:12.627798+09:00
Shuttle Subsidy,,,failed,False,2026-08-23T15:50:59.628265+09:00
Shuttle Suite,,,failed,False,2026-08-17T22:50:34.703098+09:00
Shuttle Sum,,,failed,False,2026-08-21T02:27:05.386441+09:00
Shuttle Summary,,,failed,False,2026-08-19T21:15:04.533430+09:00
Shuttle Surtax,,,failed,False,2026-08-23T15:51:03.649898+09:00
Shuttle Sync,10.0,7.0,success,False,2026-08-17T20:41:13.511022+09:00
Shuttle Table,1600.0,0.0,success,True,2026-08-19T22:02:44.580219+09:00
Shuttle Tag,,,failed,False,2026-08-19T13:40:14.970348+09:00
Shuttle Tally,,,failed,False,2026-08-21T00:26:10.737162+09:00
Shuttle Tariff,,,failed,False,2026-08-21T02:43:25.318568+09:00
Shuttle Tax,,,failed,False,2026-08-21T02:11:04.805408+09:00
Shuttle Ticket,1000.0,4.0,success,False,2026-08-19T21:16:00.282567+09:00
Shuttle Tier,,,failed,False,2026-08-28T00:48:21.370495+09:00
Shuttle Timeline,10.0,0.0,success,False,2026-08-19T21:15:17.337039+09:00
Shuttle Timer,,,failed,False,2026-08-28T00:26:22.903465+09:00
Shuttle Token,10.0,0.0,success,False,2026-08-23T13:26:19.905298+09:00
Shuttle Toll,,,failed,False,2026-08-21T02:43:19.046773+09:00
Shuttle Toolbox,,,failed,False,2026-08-28T00:26:29.201404+09:00
Shuttle Toolkit,,,failed,False,2026-08-18T22:09:37.820706+09:00
Shuttle Total,,,failed,False,2026-08-27T23:14:12.324093+09:00
Shuttle Tracker,1300.0,1.0,success,False,2026-08-17T20:42:02.791525+09:00
Shuttle Trail,,,failed,False,2026-08-17T21:34:34.023181+09:00
Shuttle Trend,,,failed,False,2026-08-28T01:08:04.607830+09:00
Shuttle Trial,,,failed,False,2026-08-27T21:15:44.469109+09:00
Shuttle Unit,10.0,0.0,success,False,2026-08-21T01:54:29.413822+09:00
Shuttle Update,50.0,4.0,success,False,2026-08-19T20:41:13.496418+09:00
Shuttle Value,10.0,27.0,success,False,2026-08-23T02:57:38.722026+09:00
Shuttle Vault,,,failed,False,2026-08-17T20:34:55.202462+09:00
Shuttle Version,,,failed,False,2026-08-23T03:23:34.197835+09:00
Shuttle View,10.0,0.0,success,False,2026-08-19T20:40:28.949050+09:00
Shuttle Voucher,10.0,2.0,success,False,2026-08-21T00:25:45.592013+09:00
Shuttle Watch,50.0,7.0,success,False,2026-08-17T21:37:10.762781+09:00
Shuttle Wave,,,failed,False,2026-08-17T21:31:54.606698+09:00
Shuttle Widget,10.0,0.0,success,False,2026-08-27T23:14:12.324093+09:00
Shuttle Workbench,10.0,,success,False,2026-08-18T22:09:30.106481+09:00
Shuttle Worksheet,,,failed,False,2026-08-27T22:10:19.864578+09:00
Shuttle Zone,880.0,2.0,success,False,2026-08-17T20:34:31.529799+09:00
Sidewalk Advance,,,failed,False,2026-08-23T16:15:31.472081+09:00
Sidewalk Advisory,,,failed,False,2026-08-21T01:05:28.222738+09:00
Sidewalk Alert,,,failed,False,2026-08-19T21:57:59.626776+09:00
Sidewalk Allowance,,,failed,False,2026-08-21T02:43:35.121601+09:00
Sidewalk Analyzer,,,failed,False,2026-08-27T23:53:42.609151+09:00
Sidewalk Arrears,,,failed,False,2026-08-23T16:15:27.627511+09:00
Sidewalk Asset,,,failed,False,2026-08-23T13:46:55.595088+09:00
Sidewalk Assistant,,,failed,False,2026-08-19T21:52:45.174751+09:00
Sidewalk Atlas,,,failed,False,2026-08-19T21:51:58.682281+09:00
Sidewalk Badge,,,failed,False,2026-08-21T00:29:27.962730+09:00
Sidewalk Base,20.0,39.0,success,False,2026-08-19T21:47:34.110436+09:00
Sidewalk Bay,,,failed,False,2026-08-19T21:56:20.786748+09:00
Sidewalk Beacon,,,failed,False,2026-08-19T22:06:44.272499+09:00
Sidewalk Bill,,,failed,False,2026-08-19T22:03:44.565114+09:00
Sidewalk Bin,,,failed,False,2026-08-19T21:58:19.577733+09:00
Sidewalk Board,170.0,100.0,success,False,2026-08-19T21:48:14.659198+09:00
Sidewalk Book,260.0,17.0,success,False,2026-08-19T22:04:38.551336+09:00
Sidewalk Booth,,,failed,False,2026-08-19T21:55:47.244669+09:00
Sidewalk Bridge,390.0,11.0,success,False,2026-08-19T22:07:18.055706+09:00
Sidewalk Brief,,,failed,False,2026-08-21T01:05:09.510273+09:00
Sidewalk Bulletin,,,failed,False,2026-08-21T01:05:06.601547+09:00
Sidewalk Calendar,,,failed,False,2026-08-19T21:54:39.483113+09:00
Sidewalk Card,,,failed,False,2026-08-19T21:59:55.438905+09:00
Sidewalk Cascade,,,failed,False,2026-08-19T22:07:06.557200+09:00
Sidewalk Cash,,,failed,False,2026-08-21T02:26:47.668193+09:00
Sidewalk Center,10.0,0.0,success,False,2026-08-19T21:49:30.160580+09:00
Sidewalk Chain,,,failed,False,2026-08-19T21:51:10.797801+09:00
Sidewalk Charge,,,failed,False,2026-08-21T02:43:25.318568+09:00
Sidewalk Chart,20.0,20.0,success,False,2026-08-19T21:58:08.143234+09:00
Sidewalk Check,,,failed,False,2026-08-19T22:00:16.178777+09:00
Sidewalk Checker,,,failed,False,2026-08-27T23:53:36.797572+09:00
Sidewalk Circular,,,failed,False,2026-08-21T01:05:23.608566+09:00
Sidewalk Code,20.0,0.0,success,False,2026-08-19T22:04:07.178529+09:00
Sidewalk Companion,,,failed,False,2026-08-19T21:53:34.201182+09:00
Sidewalk Comparison,,,failed,False,2026-08-28T01:05:14.146226+09:00
Sidewalk Compass,,,failed,False,2026-08-19T22:06:35.304978+09:00
Sidewalk Confirmation,,,failed,False,2026-08-21T01:05:40.713486+09:00
Sidewalk Console,,,failed,False,2026-08-19T21:50:02.656663+09:00
Sidewalk Contribution,,,failed,False,2026-08-23T16:15:25.443589+09:00
Sidewalk Core,,,failed,False,2026-08-19T21:47:46.224144+09:00
Sidewalk Cost,140.0,22.0,success,False,2026-08-21T02:09:56.008511+09:00
Sidewalk Count,,,failed,False,2026-08-27T22:44:35.371350+09:00
Sidewalk Deal,,,failed,False,2026-08-21T01:52:34.182425+09:00
Sidewalk Debt,,,failed,False,2026-08-21T02:26:41.708739+09:00
Sidewalk Deck,20.0,74.0,success,False,2026-08-19T21:48:27.069382+09:00
Sidewalk Desk,,,failed,False,2026-08-19T22:05:51.290848+09:00
Sidewalk Detail,210.0,0.0,success,False,2026-08-23T03:24:46.219726+09:00
Sidewalk Detector,,,failed,False,2026-08-27T23:53:39.725939+09:00
Sidewalk Diagram,30.0,0.0,success,False,2026-08-27T22:14:35.571737+09:00
Sidewalk Directory,,,failed,False,2026-08-19T21:54:48.895899+09:00
Sidewalk Discount,,,failed,False,2026-08-23T16:15:22.615283+09:00
Sidewalk Dossier,,,failed,False,2026-08-21T01:05:38.366293+09:00
Sidewalk Downpayment,,,failed,False,2026-08-27T21:49:57.609346+09:00
Sidewalk Draft,,,failed,False,2026-08-19T22:02:29.042116+09:00
Sidewalk Due,,,failed,False,2026-08-23T15:51:57.634783+09:00
Sidewalk Duty,,,failed,False,2026-08-21T02:43:28.304823+09:00
Sidewalk Engine,,,failed,False,2026-08-19T21:52:31.796696+09:00
Sidewalk Entry,,,failed,False,2026-08-21T01:06:03.967646+09:00
Sidewalk Estimate,10.0,60.0,success,False,2026-08-19T22:03:26.204468+09:00
Sidewalk Estimator,,,failed,False,2026-08-27T23:53:34.112900+09:00
Sidewalk Excerpt,,,failed,False,2026-08-21T01:05:51.926035+09:00
Sidewalk Fare,,,failed,False,2026-08-21T02:10:00.502849+09:00
Sidewalk Fee,10.0,0.0,success,False,2026-08-21T01:52:17.382086+09:00
Sidewalk Feed,,,failed,False,2026-08-19T22:02:16.192857+09:00
Sidewalk File,,,failed,False,2026-08-19T22:01:35.806950+09:00
Sidewalk Finder,10.0,0.0,success,False,2026-08-19T21:55:09.455728+09:00
Sidewalk Fine,,,failed,False,2026-08-23T02:58:01.593171+09:00
Sidewalk Flag,260.0,73.0,success,False,2026-08-21T00:30:17.662990+09:00
Sidewalk Flow,,,failed,False,2026-08-19T22:05:35.780904+09:00
Sidewalk Forge,,,failed,False,2026-08-19T22:06:53.339068+09:00
Sidewalk Form,260.0,60.0,success,False,2026-08-19T21:59:42.241525+09:00
Sidewalk Format,,,failed,False,2026-08-23T13:05:36.623967+09:00
Sidewalk Frame,210.0,99.0,success,False,2026-08-19T21:47:16.114306+09:00
Sidewalk Fund,,,failed,False,2026-08-21T02:26:43.792522+09:00
Sidewalk Gate,90.0,100.0,success,False,2026-08-19T21:51:30.988224+09:00
Sidewalk Grade,,,failed,False,2026-08-21T00:29:55.538883+09:00
Sidewalk Grid,30.0,100.0,success,False,2026-08-19T21:46:17.017433+09:00
Sidewalk Guarantee,,,failed,False,2026-08-28T01:05:20.139067+09:00
Sidewalk Guardian,10.0,0.0,success,False,2026-08-28T00:23:53.902588+09:00
Sidewalk Helpdesk,,,failed,False,2026-08-27T22:44:39.489901+09:00
Sidewalk Helper,,,failed,False,2026-08-28T00:23:58.859062+09:00
Sidewalk History,70.0,0.0,success,False,2026-08-19T22:01:23.897474+09:00
Sidewalk Hub,10.0,60.0,success,False,2026-08-19T22:05:43.764657+09:00
Sidewalk Identifier,,,failed,False,2026-08-23T13:05:30.348326+09:00
Sidewalk Inbox,,,failed,False,2026-08-19T21:57:47.268344+09:00
Sidewalk Index,,,failed,False,2026-08-19T22:03:08.515859+09:00
Sidewalk Installment,,,failed,False,2026-08-23T16:15:25.443589+09:00
Sidewalk Item,,,failed,False,2026-08-21T01:52:20.481419+09:00
Sidewalk Journal,,,failed,False,2026-08-19T21:54:19.584048+09:00
Sidewalk Keeper,,,failed,False,2026-08-19T21:52:07.578129+09:00
Sidewalk Kiosk,10.0,20.0,success,False,2026-08-19T21:55:57.867275+09:00
Sidewalk Kit,10.0,30.0,success,False,2026-08-27T22:44:27.817073+09:00
Sidewalk Lab,110.0,0.0,success,False,2026-08-19T21:48:55.925505+09:00
Sidewalk Layout,20.0,0.0,success,False,2026-08-27T22:29:33.709708+09:00
Sidewalk Ledger,,,failed,False,2026-08-19T21:48:00.610703+09:00
Sidewalk Level,720.0,43.0,success,False,2026-08-19T22:01:48.957551+09:00
Sidewalk Levy,,,failed,False,2026-08-23T13:46:55.595088+09:00
Sidewalk Line,140.0,2.0,success,False,2026-08-19T21:58:54.005326+09:00
Sidewalk Link,,,failed,False,2026-08-23T03:24:40.640287+09:00
Sidewalk List,,,failed,False,2026-08-19T22:04:17.404214+09:00
Sidewalk Loan,,,failed,False,2026-08-21T02:10:09.458176+09:00
Sidewalk Locator,,,failed,False,2026-08-19T21:55:00.630940+09:00
Sidewalk Locker,,,failed,False,2026-08-19T21:55:36.980585+09:00
Sidewalk Log,,,failed,False,2026-08-19T21:59:32.934011+09:00
Sidewalk Loop,,,failed,False,2026-08-19T21:46:03.788347+09:00
Sidewalk Manager,,,failed,False,2026-08-19T21:52:16.498900+09:00
Sidewalk Manual,,,failed,False,2026-08-27T22:14:28.911513+09:00
Sidewalk Map,170.0,0.0,success,False,2026-08-19T21:47:01.107836+09:00
Sidewalk Margin,,,failed,False,2026-08-23T02:57:59.639367+09:00
Sidewalk Markup,,,failed,False,2026-08-23T16:39:41.135046+09:00
Sidewalk Memo,,,failed,False,2026-08-21T00:30:03.627747+09:00
Sidewalk Monitor,,,failed,False,2026-08-19T21:53:24.173556+09:00
Sidewalk Note,,,failed,False,2026-08-19T22:00:37.818778+09:00
Sidewalk Notification,,,failed,False,2026-08-27T22:44:24.073756+09:00
Sidewalk Number,,,failed,False,2026-08-23T03:24:33.433692+09:00
Sidewalk Office,,,failed,False,2026-08-19T21:55:18.484182+09:00
Sidewalk Ops,,,failed,False,2026-08-19T21:53:57.995655+09:00
Sidewalk Order,,,failed,False,2026-08-19T22:03:36.532480+09:00
Sidewalk Outpost,,,failed,False,2026-08-19T21:56:44.387128+09:00
Sidewalk Overage,,,failed,False,2026-08-27T21:49:55.360701+09:00
Sidewalk Overdue,,,failed,False,2026-08-27T21:49:50.641192+09:00
Sidewalk Panel,590.0,3.0,success,False,2026-08-19T21:50:15.861548+09:00
Sidewalk Pass,,,failed,False,2026-08-21T00:29:13.109702+09:00
Sidewalk Payoff,,,failed,False,2026-08-27T21:49:53.079168+09:00
Sidewalk Penalty,,,failed,False,2026-08-23T16:39:38.014835+09:00
Sidewalk Petition,,,failed,False,2026-08-21T01:05:30.928954+09:00
Sidewalk Plan,50.0,0.0,success,False,2026-08-21T01:52:30.422416+09:00
Sidewalk Playbook,,,failed,False,2026-08-19T21:54:06.004532+09:00
Sidewalk Point,,,failed,False,2026-08-19T21:46:50.004607+09:00
Sidewalk Portal,,,failed,False,2026-08-19T21:49:51.324073+09:00
Sidewalk Post,90.0,73.0,success,False,2026-08-19T21:56:32.690388+09:00
Sidewalk Preview,,,failed,False,2026-08-28T01:05:17.423675+09:00
Sidewalk Profile,10.0,0.0,success,False,2026-08-19T22:00:55.317910+09:00
Sidewalk Profit,10.0,0.0,success,False,2026-08-23T02:57:57.265224+09:00
Sidewalk Proposal,10.0,,success,False,2026-08-28T01:05:17.423675+09:00
Sidewalk Quota,,,failed,False,2026-08-21T00:30:08.282339+09:00
Sidewalk Radar,,,failed,False,2026-08-19T22:06:04.414832+09:00
Sidewalk Rail,480.0,100.0,success,False,2026-08-19T21:50:49.199189+09:00
Sidewalk Rate,,,failed,False,2026-08-19T22:01:57.019761+09:00
Sidewalk Recap,,,failed,False,2026-08-21T01:05:46.512536+09:00
Sidewalk Receipt,,,failed,False,2026-08-19T22:03:56.439657+09:00
Sidewalk Register,,,failed,False,2026-08-19T21:53:43.821939+09:00
Sidewalk Registry,,,failed,False,2026-08-19T21:54:30.567883+09:00
Sidewalk Relay,,,failed,False,2026-08-19T22:06:12.556669+09:00
Sidewalk Reminder,,,failed,False,2026-08-19T22:02:59.053365+09:00
Sidewalk Report,,,failed,False,2026-08-19T21:59:23.737982+09:00
Sidewalk Result,,,failed,False,2026-08-28T00:47:16.982525+09:00
Sidewalk Roll,10.0,100.0,success,False,2026-08-19T21:59:12.539055+09:00
Sidewalk Roster,,,failed,False,2026-08-19T21:57:37.806809+09:00
Sidewalk Route,,,failed,False,2026-08-19T21:50:37.216187+09:00
Sidewalk Rule,5400.0,0.0,success,True,2026-08-23T03:24:42.957554+09:00
Sidewalk Sale,880.0,1.0,success,False,2026-08-21T02:26:53.610271+09:00
Sidewalk Sample,,,failed,False,2026-08-19T22:05:01.387918+09:00
Sidewalk Scale,,,failed,False,2026-08-19T21:50:26.967968+09:00
Sidewalk Scanner,,,failed,False,2026-08-27T23:53:36.797572+09:00
Sidewalk Scheduler,,,failed,False,2026-08-19T21:53:06.381329+09:00
Sidewalk Scope,,,failed,False,2026-08-19T22:07:58.722610+09:00
Sidewalk Score,,,failed,False,2026-08-19T22:00:26.290780+09:00
Sidewalk Sheet,,,failed,False,2026-08-19T22:00:04.199605+09:00
Sidewalk Shortfall,,,failed,False,2026-08-27T21:50:00.180912+09:00
Sidewalk Signal,,,failed,False,2026-08-19T22:07:25.606827+09:00
Sidewalk Slip,,,failed,False,2026-08-19T22:04:49.676934+09:00
Sidewalk Slot,,,failed,False,2026-08-19T22:05:13.355108+09:00
Sidewalk Statement,,,failed,False,2026-08-21T00:29:43.441391+09:00
Sidewalk Station,,,failed,False,2026-08-19T21:49:05.079544+09:00
Sidewalk Status,,,failed,False,2026-08-19T22:01:05.588899+09:00
Sidewalk Stub,,,failed,False,2026-08-21T00:29:32.816021+09:00
Sidewalk Studio,30.0,0.0,success,False,2026-08-19T21:48:40.966338+09:00
Sidewalk Subsidy,,,failed,False,2026-08-23T15:52:02.827883+09:00
Sidewalk Sum,,,failed,False,2026-08-21T02:26:39.495067+09:00
Sidewalk Summary,10.0,0.0,success,False,2026-08-19T22:02:37.152847+09:00
Sidewalk Surtax,,,failed,False,2026-08-23T15:52:04.916947+09:00
Sidewalk Tab,20.0,0.0,success,False,2026-08-21T00:30:25.028648+09:00
Sidewalk Table,50.0,47.0,success,False,2026-08-19T22:04:26.155627+09:00
Sidewalk Tag,,,failed,False,2026-08-19T22:00:47.598420+09:00
Sidewalk Tally,,,failed,False,2026-08-21T00:29:47.975164+09:00
Sidewalk Tariff,,,failed,False,2026-08-21T02:43:37.252901+09:00
Sidewalk Tax,10.0,0.0,success,False,2026-08-21T02:10:04.981055+09:00
Sidewalk Terminal,,,failed,False,2026-08-19T21:49:18.898188+09:00
Sidewalk Ticker,,,failed,False,2026-08-19T21:58:45.118789+09:00
Sidewalk Ticket,,,failed,False,2026-08-19T22:03:17.563220+09:00
Sidewalk Timeline,,,failed,False,2026-08-19T22:02:47.197172+09:00
Sidewalk Toll,,,failed,False,2026-08-21T02:43:30.904154+09:00
Sidewalk Toolbox,,,failed,False,2026-08-28T00:23:56.463149+09:00
Sidewalk Tracker,,,failed,False,2026-08-19T22:05:22.514727+09:00
Sidewalk Trail,170.0,1.0,success,False,2026-08-19T21:51:01.436792+09:00
Sidewalk Trend,10.0,,success,False,2026-08-28T01:05:11.238913+09:00
Sidewalk Trial,,,failed,False,2026-08-27T21:18:52.051068+09:00
Sidewalk Unit,,,failed,False,2026-08-21T01:52:23.674188+09:00
Sidewalk Update,,,failed,False,2026-08-19T22:02:05.634117+09:00
Sidewalk Value,,,failed,False,2026-08-23T02:57:57.265224+09:00
Sidewalk Vault,210.0,0.0,success,False,2026-08-19T22:06:22.029176+09:00
Sidewalk Version,,,failed,False,2026-08-23T03:24:36.035969+09:00
Sidewalk View,110.0,0.0,success,False,2026-08-19T22:01:14.357219+09:00
Sidewalk Voucher,,,failed,False,2026-08-21T00:29:18.901587+09:00
Sidewalk Watch,,,failed,False,2026-08-19T22:07:41.945033+09:00
Sidewalk Wave,10.0,,success,False,2026-08-19T21:46:29.828345+09:00
Sidewalk Window,,,failed,False,2026-08-19T21:59:01.960523+09:00
Sidewalk Worksheet,,,failed,False,2026-08-27T22:14:32.870267+09:00
Sidewalk Workshop,,,failed,False,2026-08-28T00:23:53.902588+09:00
Sidewalk Yard,,,failed,False,2026-08-19T21:56:11.493537+09:00
Sidewalk Zone,,,failed,False,2026-08-19T21:49:39.376770+09:00
Signage Advance,,,failed,False,2026-08-23T16:13:06.452746+09:00
Signage Advisory,,,failed,False,2026-08-21T01:01:55.292277+09:00
Signage Alert,,,failed,False,2026-08-21T00:45:59.951643+09:00
Signage Allowance,,,failed,False,2026-08-21T02:39:36.901337+09:00
Signage Analyzer,,,failed,False,2026-08-27T23:50:52.077690+09:00
Signage Arrears,,,failed,False,2026-08-23T16:13:03.003819+09:00
Signage Asset,,,failed,False,2026-08-23T13:45:29.589427+09:00
Signage Assistant,140.0,8.0,success,False,2026-08-21T00:44:23.943990+09:00
Signage Atlas,,,failed,False,2026-08-21T00:44:07.435932+09:00
Signage Attribute,,,failed,False,2026-08-23T13:09:03.594529+09:00
Signage Badge,,,failed,False,2026-08-21T00:48:54.666046+09:00
Signage Base,110.0,80.0,success,False,2026-08-21T00:50:45.127530+09:00
Signage Beacon,,,failed,False,2026-08-21T00:49:52.271441+09:00
Signage Bill,,,failed,False,2026-08-21T00:48:09.704229+09:00
Signage Bin,,,failed,False,2026-08-21T00:46:06.764298+09:00
Signage Board,135000.0,37.0,success,False,2026-08-21T00:50:58.385493+09:00
Signage Bridge,,,failed,False,2026-08-21T00:50:02.185546+09:00
Signage Brief,,,failed,False,2026-08-21T00:59:36.315785+09:00
Signage Bulletin,,,failed,False,2026-08-21T00:59:32.095317+09:00
Signage Cabinet,,,failed,False,2026-08-27T23:15:49.054288+09:00
Signage Calendar,,,failed,False,2026-08-21T00:45:06.062419+09:00
Signage Card,30.0,48.0,success,False,2026-08-21T00:46:39.668460+09:00
Signage Cascade,,,failed,False,2026-08-21T00:49:59.942955+09:00
Signage Cash,,,failed,False,2026-08-21T02:22:16.250751+09:00
Signage Cashback,,,failed,False,2026-08-27T21:16:26.164499+09:00
Signage Category,,,failed,False,2026-08-23T13:08:58.766460+09:00
Signage Center,,,failed,False,2026-08-21T00:51:22.640360+09:00
Signage Chain,260.0,99.0,success,False,2026-08-21T00:43:49.917491+09:00
Signage Charge,,,failed,False,2026-08-21T02:39:23.092445+09:00
Signage Chart,480.0,8.0,success,False,2026-08-21T00:46:03.316699+09:00
Signage Check,,,failed,False,2026-08-21T00:46:47.041557+09:00
Signage Checker,,,failed,False,2026-08-27T23:50:40.068524+09:00
Signage Circular,,,failed,False,2026-08-21T01:01:52.955831+09:00
Signage Code,880.0,2.0,success,False,2026-08-21T00:48:18.650216+09:00
Signage Companion,,,failed,False,2026-08-21T00:44:38.874906+09:00
Signage Confirmation,,,failed,False,2026-08-21T00:59:52.495839+09:00
Signage Console,,,failed,False,2026-08-21T00:51:35.796791+09:00
Signage Contribution,,,failed,False,2026-08-23T16:12:59.279314+09:00
Signage Core,,,failed,False,2026-08-21T00:50:48.093288+09:00
Signage Cost,480.0,59.0,success,False,2026-08-21T02:14:40.877635+09:00
Signage Count,,,failed,False,2026-08-27T22:49:54.897946+09:00
Signage Counter,1000.0,36.0,success,False,2026-08-21T00:45:22.913101+09:00
Signage Coupon,,,failed,False,2026-08-27T21:16:23.936714+09:00
Signage Deal,,,failed,False,2026-08-21T01:58:06.326002+09:00
Signage Debt,,,failed,False,2026-08-21T02:22:07.753021+09:00
Signage Deck,,,failed,False,2026-08-21T00:51:04.799989+09:00
Signage Desk,2900.0,100.0,success,False,2026-08-21T00:49:29.914475+09:00
Signage Detail,390.0,2.0,success,False,2026-08-23T03:20:56.810289+09:00
Signage Diagram,,,failed,False,2026-08-27T22:11:22.688416+09:00
Signage Directory,1300.0,92.0,success,False,2026-08-21T00:45:08.644829+09:00
Signage Discount,,,failed,False,2026-08-23T16:12:51.127665+09:00
Signage Dossier,,,failed,False,2026-08-21T00:59:54.516148+09:00
Signage Downpayment,,,failed,False,2026-08-27T21:47:39.871299+09:00
Signage Draft,,,failed,False,2026-08-21T00:47:36.977895+09:00
Signage Due,,,failed,False,2026-08-23T15:50:51.928952+09:00
Signage Duty,,,failed,False,2026-08-21T02:39:30.658601+09:00
Signage Engine,,,failed,False,2026-08-21T00:44:21.197874+09:00
Signage Entry,,,failed,False,2026-08-21T01:00:07.021185+09:00
Signage Estimate,,,failed,False,2026-08-21T00:48:00.969173+09:00
Signage Estimator,50.0,9.0,success,False,2026-08-27T23:59:35.243773+09:00
Signage Excerpt,,,failed,False,2026-08-21T01:02:07.931527+09:00
Signage Fare,,,failed,False,2026-08-21T02:14:50.093035+09:00
Signage Fee,720.0,0.0,success,False,2026-08-21T01:57:52.664433+09:00
Signage Feed,,,failed,False,2026-08-21T00:47:34.415597+09:00
Signage Field,,,failed,False,2026-08-23T13:09:05.713550+09:00
Signage File,,,failed,False,2026-08-21T00:47:19.116810+09:00
Signage Fine,,,failed,False,2026-08-23T02:55:17.140000+09:00
Signage Flow,,,failed,False,2026-08-21T00:49:24.098446+09:00
Signage Forge,,,failed,False,2026-08-21T00:49:54.532841+09:00
Signage Form,1600.0,30.0,success,False,2026-08-21T00:46:37.254114+09:00
Signage Format,40.0,2.0,success,False,2026-08-23T13:09:07.907049+09:00
Signage Frame,1900.0,100.0,success,False,2026-08-21T00:50:41.630976+09:00
Signage Fund,,,failed,False,2026-08-21T02:22:10.235863+09:00
Signage Gate,210.0,18.0,success,False,2026-08-21T00:43:59.576313+09:00
Signage Generator,5400.0,16.0,success,False,2026-08-27T23:36:50.925534+09:00
Signage Giveaway,,,failed,False,2026-08-27T21:16:33.171675+09:00
Signage Graph,,,failed,False,2026-08-27T22:11:07.504968+09:00
Signage Grid,210.0,4.0,success,False,2026-08-21T00:50:21.320378+09:00
Signage Helper,,,failed,False,2026-08-28T00:21:27.462723+09:00
Signage History,140.0,0.0,success,False,2026-08-21T00:47:13.306684+09:00
Signage Hub,210.0,11.0,success,False,2026-08-21T00:49:27.660795+09:00
Signage Identifier,,,failed,False,2026-08-23T13:08:56.247878+09:00
Signage Inbox,,,failed,False,2026-08-21T00:45:57.527663+09:00
Signage Incentive,,,failed,False,2026-08-27T21:16:28.518091+09:00
Signage Index,,,failed,False,2026-08-21T00:47:51.655449+09:00
Signage Installment,,,failed,False,2026-08-23T16:12:54.608017+09:00
Signage Item,,,failed,False,2026-08-21T01:57:54.921820+09:00
Signage Journal,,,failed,False,2026-08-21T00:44:58.799520+09:00
Signage Keeper,,,failed,False,2026-08-21T00:44:13.071089+09:00
Signage Kit,1900.0,32.0,success,False,2026-08-27T22:49:51.876514+09:00
Signage Lab,1300.0,12.0,success,False,2026-08-21T00:51:10.614458+09:00
Signage Label,1000.0,39.0,success,False,2026-08-27T22:11:11.911250+09:00
Signage Layout,210.0,22.0,success,False,2026-08-27T22:29:00.404173+09:00
Signage Ledger,,,failed,False,2026-08-21T00:50:54.055448+09:00
Signage Level,,,failed,False,2026-08-21T00:47:23.165444+09:00
Signage Levy,,,failed,False,2026-08-23T13:45:29.589427+09:00
Signage Line,10.0,24.0,success,False,2026-08-21T00:46:21.529361+09:00
Signage Link,10.0,38.0,success,False,2026-08-23T03:20:50.654201+09:00
Signage List,320.0,3.0,success,False,2026-08-21T00:48:22.062191+09:00
Signage Loan,,,failed,False,2026-08-21T02:15:06.129671+09:00
Signage Lobby,880.0,35.0,success,False,2026-08-21T00:46:12.825751+09:00
Signage Locator,,,failed,False,2026-08-21T00:45:10.747399+09:00
Signage Locker,,,failed,False,2026-08-21T00:45:26.531767+09:00
Signage Log,,,failed,False,2026-08-21T00:46:35.033553+09:00
Signage Loop,,,failed,False,2026-08-21T00:50:17.936305+09:00
Signage Manager,1000.0,5.0,success,False,2026-08-21T00:44:15.465135+09:00
Signage Manual,480.0,2.0,success,False,2026-08-27T22:11:14.702550+09:00
Signage Map,320.0,1.0,success,False,2026-08-21T00:50:35.331865+09:00
Signage Markup,,,failed,False,2026-08-23T16:38:24.543370+09:00
Signage Memo,,,failed,False,2026-08-21T00:49:07.202034+09:00
Signage Message,,,failed,False,2026-08-27T23:15:43.697016+09:00
Signage Monitor,1900.0,100.0,success,False,2026-08-21T00:44:36.517071+09:00
Signage Nexus,,,failed,False,2026-08-21T00:44:03.384423+09:00
Signage Note,,,failed,False,2026-08-21T00:46:54.280562+09:00
Signage Notification,,,failed,False,2026-08-27T22:49:44.992225+09:00
Signage Number,2900.0,17.0,success,False,2026-08-23T03:20:39.175053+09:00
Signage Office,480.0,95.0,success,False,2026-08-21T00:45:19.199440+09:00
Signage Ops,,,failed,False,2026-08-21T00:44:48.876991+09:00
Signage Order,18100.0,14.0,success,False,2026-08-21T00:48:07.260312+09:00
Signage Overage,,,failed,False,2026-08-27T21:47:37.465636+09:00
Signage Overdue,,,failed,False,2026-08-27T21:47:35.080437+09:00
Signage Panel,1000.0,79.0,success,False,2026-08-21T00:51:40.152987+09:00
Signage Pass,,,failed,False,2026-08-21T00:48:44.199856+09:00
Signage Passport,,,failed,False,2026-08-21T00:46:10.718962+09:00
Signage Path,,,failed,False,2026-08-21T00:50:29.679005+09:00
Signage Payoff,,,failed,False,2026-08-27T21:47:37.465636+09:00
Signage Penalty,,,failed,False,2026-08-23T16:38:24.543370+09:00
Signage Petition,,,failed,False,2026-08-21T00:59:48.261603+09:00
Signage Plan,390.0,7.0,success,False,2026-08-21T01:58:02.709797+09:00
Signage Planner,,,failed,False,2026-08-21T00:44:27.350497+09:00
Signage Playbook,,,failed,False,2026-08-21T00:44:54.956989+09:00
Signage Point,480.0,2.0,success,False,2026-08-21T00:50:33.252784+09:00
Signage Portal,880.0,4.0,success,False,2026-08-21T00:51:31.068549+09:00
Signage Profile,50.0,16.0,success,False,2026-08-21T00:47:05.432306+09:00
Signage Profit,,,failed,False,2026-08-23T02:55:04.865137+09:00
Signage Proposal,170.0,2.0,success,False,2026-08-28T01:03:01.405243+09:00
Signage Quota,,,failed,False,2026-08-21T00:49:09.924663+09:00
Signage Radar,,,failed,False,2026-08-21T00:49:37.584742+09:00
Signage Rail,,,failed,False,2026-08-21T00:43:39.738116+09:00
Signage Rate,,,failed,False,2026-08-21T00:47:26.672100+09:00
Signage Recap,,,failed,False,2026-08-21T01:02:05.845061+09:00
Signage Receipt,,,failed,False,2026-08-21T00:48:12.190063+09:00
Signage Register,,,failed,False,2026-08-21T00:44:45.180563+09:00
Signage Registry,,,failed,False,2026-08-21T00:45:01.205149+09:00
Signage Relay,,,failed,False,2026-08-21T00:49:41.369493+09:00
Signage Reminder,10.0,17.0,success,False,2026-08-21T00:47:49.290523+09:00
Signage Report,,,failed,False,2026-08-21T00:46:31.440534+09:00
Signage Ring,480.0,81.0,success,False,2026-08-21T00:43:54.085720+09:00
Signage Roll,,,failed,False,2026-08-21T00:46:26.587388+09:00
Signage Roster,,,failed,False,2026-08-21T00:45:54.993375+09:00
Signage Route,,,failed,False,2026-08-21T00:43:36.715710+09:00
Signage Rule,,,failed,False,2026-08-23T03:20:52.959248+09:00
Signage Sale,6600.0,99.0,success,False,2026-08-21T02:22:21.674947+09:00
Signage Sample,1600.0,59.0,success,False,2026-08-21T00:48:33.175763+09:00
Signage Scale,,,failed,False,2026-08-21T00:51:42.581125+09:00
Signage Scanner,,,failed,False,2026-08-27T23:50:42.966915+09:00
Signage Scheduler,,,failed,False,2026-08-21T00:44:32.272154+09:00
Signage Scope,10.0,5.0,success,False,2026-08-21T00:50:13.056816+09:00
Signage Score,,,failed,False,2026-08-21T00:46:52.072318+09:00
Signage Sheet,14800.0,46.0,success,False,2026-08-21T00:46:42.116087+09:00
Signage Shortfall,,,failed,False,2026-08-27T21:47:42.128898+09:00
Signage Signal,,,failed,False,2026-08-21T00:50:04.499348+09:00
Signage Slip,,,failed,False,2026-08-21T00:48:30.052376+09:00
Signage Slot,880.0,0.0,success,False,2026-08-21T00:48:40.223162+09:00
Signage Stake,,,failed,False,2026-08-23T02:55:10.666436+09:00
Signage Statement,,,failed,False,2026-08-21T00:49:04.500727+09:00
Signage Station,2400.0,15.0,success,False,2026-08-21T00:51:16.185060+09:00
Signage Status,,,failed,False,2026-08-21T00:47:07.675748+09:00
Signage Stub,,,failed,False,2026-08-21T00:48:57.806090+09:00
Signage Studio,2900.0,7.0,success,False,2026-08-21T00:51:07.998109+09:00
Signage Subsidy,,,failed,False,2026-08-23T15:50:54.236884+09:00
Signage Sum,,,failed,False,2026-08-21T02:21:59.749711+09:00
Signage Summary,,,failed,False,2026-08-21T00:47:41.484784+09:00
Signage Tab,,,failed,False,2026-08-21T00:49:15.446712+09:00
Signage Table,2400.0,15.0,success,False,2026-08-21T00:48:24.716353+09:00
Signage Tag,1000.0,14.0,success,False,2026-08-21T00:46:56.943275+09:00
Signage Tariff,,,failed,False,2026-08-21T02:39:44.265069+09:00
Signage Tax,30.0,0.0,success,False,2026-08-21T02:14:55.250493+09:00
Signage Terminal,,,failed,False,2026-08-21T00:51:18.988117+09:00
Signage Ticker,10.0,7.0,success,False,2026-08-21T00:46:19.116405+09:00
Signage Ticket,,,failed,False,2026-08-21T00:47:57.951273+09:00
Signage Timeline,,,failed,False,2026-08-21T00:47:46.608049+09:00
Signage Timer,8100.0,9.0,success,False,2026-08-28T00:21:17.081309+09:00
Signage Toll,,,failed,False,2026-08-21T02:39:34.519072+09:00
Signage Toolbox,,,failed,False,2026-08-28T00:21:24.701670+09:00
Signage Total,,,failed,False,2026-08-27T23:15:43.697016+09:00
Signage Tracker,10.0,23.0,success,False,2026-08-21T00:49:18.470865+09:00
Signage Trail,,,failed,False,2026-08-21T00:43:44.047110+09:00
Signage Trial,,,failed,False,2026-08-27T21:16:26.164499+09:00
Signage Unit,,,failed,False,2026-08-21T01:58:00.854013+09:00
Signage Update,140.0,1.0,success,False,2026-08-21T00:47:32.281403+09:00
Signage Value,,,failed,False,2026-08-23T02:55:08.559599+09:00
Signage Vault,,,failed,False,2026-08-21T00:49:44.632195+09:00
Signage Version,,,failed,False,2026-08-23T03:20:46.771409+09:00
Signage View,,,failed,False,2026-08-21T00:47:10.612469+09:00
Signage Voucher,,,failed,False,2026-08-21T00:48:48.333943+09:00
Signage Watch,,,failed,False,2026-08-21T00:50:09.781883+09:00
Signage Wave,90.0,2.0,success,False,2026-08-21T00:50:24.003386+09:00
Signage Widget,,,failed,False,2026-08-27T23:15:46.670229+09:00
Signage Window,480.0,16.0,success,False,2026-08-21T00:46:23.702871+09:00
Signage Worksheet,30.0,0.0,success,False,2026-08-27T22:11:14.702550+09:00
Signage Workshop,170.0,42.0,success,False,2026-08-28T00:21:19.709791+09:00
Signage Zone,50.0,1.0,success,False,2026-08-21T00:51:27.534494+09:00
Silo Advance,,,failed,False,2026-08-23T16:11:08.956491+09:00
Silo Advisory,10.0,0.0,success,False,2026-08-21T01:08:34.212023+09:00
Silo Allowance,,,failed,False,2026-08-21T02:40:07.402959+09:00
Silo Almanac,,,failed,False,2026-08-18T22:04:07.158721+09:00
Silo Analyzer,,,failed,False,2026-08-27T23:55:11.655418+09:00
Silo Anchor,,,failed,False,2026-08-17T21:41:22.072079+09:00
Silo Arrears,,,failed,False,2026-08-23T16:11:06.629164+09:00
Silo Asset,,,failed,False,2026-08-23T13:48:13.167118+09:00
Silo Assistant,,,failed,False,2026-08-17T23:28:01.386512+09:00
Silo Atlas,10.0,0.0,success,False,2026-08-17T20:47:13.736905+09:00
Silo Attribute,,,failed,False,2026-08-23T13:08:12.908274+09:00
Silo Badge,10.0,6.0,success,False,2026-08-21T00:34:11.970110+09:00
Silo Balance,,,failed,False,2026-08-23T13:48:10.648745+09:00
Silo Base,140.0,1.0,success,False,2026-08-17T20:43:51.758171+09:00
Silo Beacon,,,failed,False,2026-08-17T20:33:40.236931+09:00
Silo Bill,,,failed,False,2026-08-19T21:52:48.982891+09:00
Silo Blueprint,140.0,0.0,success,False,2026-08-18T22:03:58.790181+09:00
Silo Board,10.0,0.0,success,False,2026-08-17T20:41:15.125085+09:00
Silo Book,22200.0,41.0,success,False,2026-08-19T21:53:54.593034+09:00
Silo Bridge,110.0,1.0,success,False,2026-08-18T07:52:51.639177+09:00
Silo Brief,,,failed,False,2026-08-21T01:08:25.718288+09:00
Silo Bulletin,,,failed,False,2026-08-21T01:08:20.285219+09:00
Silo Calculator,90.0,0.0,success,False,2026-08-27T23:34:03.746516+09:00
Silo Calendar,50.0,11.0,success,False,2026-08-18T23:58:35.248777+09:00
Silo Card,10.0,0.0,success,False,2026-08-19T13:28:52.256085+09:00
Silo Cascade,,,failed,False,2026-08-18T07:52:41.803734+09:00
Silo Cash,,,failed,False,2026-08-21T02:23:42.049826+09:00
Silo Cashback,,,failed,False,2026-08-27T21:13:49.979348+09:00
Silo Catalog,10.0,0.0,success,False,2026-08-19T21:06:42.695560+09:00
Silo Category,10.0,0.0,success,False,2026-08-23T13:08:09.181921+09:00
Silo Center,320.0,5.0,success,False,2026-08-17T20:35:59.491401+09:00
Silo Chain,170.0,11.0,success,False,2026-08-17T21:34:05.861065+09:00
Silo Charge,,,failed,False,2026-08-21T02:39:54.831624+09:00
Silo Check,10.0,0.0,success,False,2026-08-19T13:29:19.231161+09:00
Silo Checker,,,failed,False,2026-08-27T23:54:58.395846+09:00
Silo Checklist,,,failed,False,2026-08-19T21:05:49.435162+09:00
Silo Circular,,,failed,False,2026-08-21T01:08:29.808950+09:00
Silo Cockpit,,,failed,False,2026-08-17T23:13:22.671425+09:00
Silo Code,110.0,0.0,success,False,2026-08-19T21:53:16.228732+09:00
Silo Codex,,,failed,False,2026-08-18T22:04:29.881802+09:00
Silo Companion,10.0,0.0,success,False,2026-08-17T23:29:31.685360+09:00
Silo Comparison,,,failed,False,2026-08-28T01:05:58.030505+09:00
Silo Compass,,,failed,False,2026-08-17T20:34:33.124318+09:00
Silo Compendium,,,failed,False,2026-08-18T22:04:21.198301+09:00
Silo Confirmation,,,failed,False,2026-08-21T01:08:42.694211+09:00
Silo Console,,,failed,False,2026-08-17T20:33:08.305690+09:00
Silo Contribution,,,failed,False,2026-08-23T16:17:15.012584+09:00
Silo Copayment,,,failed,False,2026-08-23T16:37:08.695688+09:00
Silo Core,,,failed,False,2026-08-17T20:42:52.966707+09:00
Silo Cost,390.0,6.0,success,False,2026-08-21T02:07:16.373051+09:00
Silo Count,,,failed,False,2026-08-27T22:46:48.643972+09:00
Silo Counter,,,failed,False,2026-08-18T23:59:27.223478+09:00
Silo Coupon,10.0,7.0,success,False,2026-08-27T21:13:49.979348+09:00
Silo Dashboard,,,failed,False,2026-08-17T23:29:09.953642+09:00
Silo Deal,50.0,12.0,success,False,2026-08-21T01:50:11.823899+09:00
Silo Debt,,,failed,False,2026-08-21T02:23:31.419607+09:00
Silo Deck,10.0,0.0,success,False,2026-08-17T20:40:31.600880+09:00
Silo Depot,10.0,0.0,success,False,2026-08-18T23:59:08.925896+09:00
Silo Desk,,,failed,False,2026-08-17T20:38:16.946588+09:00
Silo Detail,,,failed,False,2026-08-23T03:20:22.973389+09:00
Silo Detector,,,failed,False,2026-08-27T23:55:06.367292+09:00
Silo Diagram,590.0,0.0,success,False,2026-08-27T22:08:00.127291+09:00
Silo Dial,,,failed,False,2026-08-18T07:43:42.936129+09:00
Silo Digest,,,failed,False,2026-08-19T20:47:43.737608+09:00
Silo Directory,,,failed,False,2026-08-18T23:58:42.867449+09:00
Silo Discount,10.0,1.0,success,False,2026-08-23T16:17:12.971292+09:00
Silo Dock,,,failed,False,2026-08-17T21:37:17.917122+09:00
Silo Dossier,,,failed,False,2026-08-21T01:08:47.143646+09:00
Silo Duty,,,failed,False,2026-08-21T02:40:01.670619+09:00
Silo Engine,,,failed,False,2026-08-17T23:10:06.483021+09:00
Silo Entry,,,failed,False,2026-08-21T01:09:01.082637+09:00
Silo Estimate,,,failed,False,2026-08-19T21:06:35.637376+09:00
Silo Estimator,,,failed,False,2026-08-27T23:54:58.395846+09:00
Silo Excerpt,,,failed,False,2026-08-21T01:08:57.015500+09:00
Silo Fare,,,failed,False,2026-08-21T02:07:24.034599+09:00
Silo Fee,,,failed,False,2026-08-21T02:00:00.574550+09:00
Silo Feed,1300.0,93.0,success,False,2026-08-19T20:47:48.078194+09:00
Silo Field,210.0,1.0,success,False,2026-08-23T13:08:15.174863+09:00
Silo File,10.0,0.0,success,False,2026-08-19T20:47:17.630061+09:00
Silo Finder,,,failed,False,2026-08-18T23:58:59.776089+09:00
Silo Fine,,,failed,False,2026-08-23T02:55:17.140000+09:00
Silo Flag,30.0,0.0,success,False,2026-08-21T00:34:44.893530+09:00
Silo Flow,20.0,5.0,success,False,2026-08-17T20:40:52.069695+09:00
Silo Forge,,,failed,False,2026-08-17T20:32:32.905502+09:00
Silo Form,30.0,0.0,success,False,2026-08-19T13:28:43.746659+09:00
Silo Format,,,failed,False,2026-08-23T13:08:17.193422+09:00
Silo Frame,70.0,4.0,success,False,2026-08-17T20:44:36.649130+09:00
Silo Fund,,,failed,False,2026-08-21T02:23:33.552099+09:00
Silo Gate,70.0,0.0,success,False,2026-08-17T21:30:47.592348+09:00
Silo Giveaway,10.0,,success,False,2026-08-27T21:13:56.719259+09:00
Silo Grade,,,failed,False,2026-08-21T00:34:30.806569+09:00
Silo Graph,,,failed,False,2026-08-27T22:07:54.366638+09:00
Silo Grid,10.0,0.0,success,False,2026-08-17T21:34:37.066296+09:00
Silo Guarantee,,,failed,False,2026-08-28T01:06:07.510525+09:00
Silo Guard,50.0,4.0,success,False,2026-08-17T20:43:22.316757+09:00
Silo Guardian,10.0,1.0,success,False,2026-08-28T00:24:53.833495+09:00
Silo Guidebook,,,failed,False,2026-08-18T22:03:28.331445+09:00
Silo Helpdesk,,,failed,False,2026-08-27T22:46:50.983424+09:00
Silo Helper,,,failed,False,2026-08-28T00:24:56.382213+09:00
Silo History,50.0,0.0,success,False,2026-08-19T20:47:15.115131+09:00
Silo Hotline,,,failed,False,2026-08-19T21:06:52.977513+09:00
Silo Hub,30.0,0.0,success,False,2026-08-17T20:40:06.808560+09:00
Silo Identifier,,,failed,False,2026-08-23T13:08:07.144549+09:00
Silo Incentive,,,failed,False,2026-08-27T21:13:54.337464+09:00
Silo Index,10.0,0.0,success,False,2026-08-19T21:06:02.010882+09:00
Silo Insight,,,failed,False,2026-08-17T23:06:22.536636+09:00
Silo Installment,,,failed,False,2026-08-23T16:17:12.971292+09:00
Silo Interest,,,failed,False,2026-08-23T13:48:10.648745+09:00
Silo Item,30.0,0.0,success,False,2026-08-21T02:00:02.001462+09:00
Silo Journal,,,failed,False,2026-08-18T22:03:03.090691+09:00
Silo Keeper,,,failed,False,2026-08-17T20:45:15.345040+09:00
Silo Kit,110.0,24.0,success,False,2026-08-27T22:46:42.853394+09:00
Silo Lab,110.0,0.0,success,False,2026-08-17T20:38:43.149907+09:00
Silo Label,10.0,0.0,success,False,2026-08-27T22:07:54.366638+09:00
Silo Ledger,,,failed,False,2026-08-17T20:42:04.175878+09:00
Silo Lens,,,failed,False,2026-08-17T20:45:40.214755+09:00
Silo Level,170.0,5.0,success,False,2026-08-19T20:47:25.892128+09:00
Silo Levy,,,failed,False,2026-08-23T13:48:15.214978+09:00
Silo Link,10.0,0.0,success,False,2026-08-23T03:20:15.434284+09:00
Silo List,10.0,0.0,success,False,2026-08-19T21:53:27.023606+09:00
Silo Loan,,,failed,False,2026-08-21T02:07:34.217644+09:00
Silo Locator,210.0,0.0,success,False,2026-08-18T23:58:52.034754+09:00
Silo Lock,,,failed,False,2026-08-17T20:47:58.336807+09:00
Silo Log,,,failed,False,2026-08-19T13:28:33.821561+09:00
Silo Loop,,,failed,False,2026-08-17T21:35:44.584576+09:00
Silo Manager,390.0,2.0,success,False,2026-08-17T20:44:15.738532+09:00
Silo Manual,10.0,1.0,success,False,2026-08-27T22:07:57.599246+09:00
Silo Map,590.0,0.0,success,False,2026-08-17T20:46:31.116711+09:00
Silo Memo,,,failed,False,2026-08-21T00:34:35.312701+09:00
Silo Meter,10.0,8.0,success,False,2026-08-17T21:41:53.145173+09:00
Silo Metrics,,,failed,False,2026-08-17T23:28:54.506937+09:00
Silo Monitor,50.0,11.0,success,False,2026-08-17T23:28:34.893276+09:00
Silo Navigator,,,failed,False,2026-08-17T23:08:06.421601+09:00
Silo Nexus,,,failed,False,2026-08-17T20:48:31.729678+09:00
Silo Node,,,failed,False,2026-08-17T21:31:56.784481+09:00
Silo Note,30.0,0.0,success,False,2026-08-19T13:29:49.322759+09:00
Silo Notification,,,failed,False,2026-08-27T22:46:40.495541+09:00
Silo Number,30.0,2.0,success,False,2026-08-23T03:20:07.416918+09:00
Silo Office,110.0,1.0,success,False,2026-08-18T23:59:17.064429+09:00
Silo Ops,,,failed,False,2026-08-17T23:29:46.030396+09:00
Silo Order,20.0,1.0,success,False,2026-08-19T21:52:37.480660+09:00
Silo Organizer,,,failed,False,2026-08-17T23:11:44.690517+09:00
Silo Overage,,,failed,False,2026-08-27T21:46:10.871215+09:00
Silo Overdue,,,failed,False,2026-08-27T21:46:10.871215+09:00
Silo Panel,,,failed,False,2026-08-17T20:31:58.373055+09:00
Silo Pass,10.0,0.0,success,False,2026-08-21T00:34:01.894402+09:00
Silo Path,20.0,4.0,success,False,2026-08-17T21:31:23.168898+09:00
Silo Petition,,,failed,False,2026-08-21T01:08:38.226777+09:00
Silo Pilot,50.0,1.0,success,False,2026-08-17T20:39:13.606540+09:00
Silo Plan,210.0,1.0,success,False,2026-08-21T01:49:57.762710+09:00
Silo Planner,,,failed,False,2026-08-17T23:04:27.580981+09:00
Silo Playbook,,,failed,False,2026-08-18T22:02:52.692456+09:00
Silo Point,1900.0,10.0,success,False,2026-08-17T21:30:15.996537+09:00
Silo Portal,20.0,2.0,success,False,2026-08-17T20:34:08.377719+09:00
Silo Preview,70.0,7.0,success,False,2026-08-28T01:06:00.663079+09:00
Silo Profile,,,failed,False,2026-08-19T13:30:10.449633+09:00
Silo Profit,,,failed,False,2026-08-23T02:55:04.865137+09:00
Silo Proposal,,,failed,False,2026-08-28T01:06:05.018602+09:00
Silo Pulse,,,failed,False,2026-08-17T21:33:36.085901+09:00
Silo Queue,,,failed,False,2026-08-19T21:06:23.756396+09:00
Silo Quota,,,failed,False,2026-08-21T00:34:40.769437+09:00
Silo Radar,,,failed,False,2026-08-17T20:37:24.505740+09:00
Silo Rail,,,failed,False,2026-08-17T21:36:17.240271+09:00
Silo Rate,20.0,1.0,success,False,2026-08-19T20:47:30.914414+09:00
Silo Recap,1000.0,1.0,success,False,2026-08-21T01:08:51.801540+09:00
Silo Receipt,,,failed,False,2026-08-19T21:53:02.852702+09:00
Silo Recorder,,,failed,False,2026-08-27T23:34:10.423222+09:00
Silo Redemption,,,failed,False,2026-08-23T16:37:11.760359+09:00
Silo Register,,,failed,False,2026-08-17T23:14:59.429645+09:00
Silo Registry,,,failed,False,2026-08-18T22:03:46.428497+09:00
Silo Relay,,,failed,False,2026-08-17T20:36:22.753454+09:00
Silo Reminder,,,failed,False,2026-08-19T21:05:35.157530+09:00
Silo Report,,,failed,False,2026-08-19T13:28:22.445633+09:00
Silo Result,,,failed,False,2026-08-28T00:47:41.403976+09:00
Silo Roadmap,,,failed,False,2026-08-18T22:04:40.579410+09:00
Silo Roster,,,failed,False,2026-08-19T00:37:13.789014+09:00
Silo Route,40.0,0.0,success,False,2026-08-17T21:38:26.629916+09:00
Silo Rule,30.0,1.0,success,False,2026-08-23T03:20:18.367542+09:00
Silo Sale,1600.0,32.0,success,False,2026-08-21T02:23:45.182895+09:00
Silo Sample,,,failed,False,2026-08-19T21:54:13.234763+09:00
Silo Scale,70.0,41.0,success,False,2026-08-17T21:40:41.309160+09:00
Silo Scanner,,,failed,False,2026-08-27T23:55:03.182011+09:00
Silo Scheduler,,,failed,False,2026-08-17T23:28:13.719643+09:00
Silo Schematic,40.0,0.0,success,False,2026-08-27T22:28:42.749169+09:00
Silo Scope,10.0,0.0,success,False,2026-08-17T21:36:43.981322+09:00
Silo Score,20.0,0.0,success,False,2026-08-19T13:29:31.691093+09:00
Silo Sentry,,,failed,False,2026-08-17T20:46:03.469899+09:00
Silo Sheet,70.0,61.0,success,False,2026-08-19T13:29:02.484553+09:00
Silo Shortfall,,,failed,False,2026-08-27T21:46:13.321425+09:00
Silo Signal,,,failed,False,2026-08-17T21:39:15.761980+09:00
Silo Slip,,,failed,False,2026-08-19T21:54:03.410939+09:00
Silo Slot,,,failed,False,2026-08-19T21:54:25.677858+09:00
Silo Snapshot,,,failed,False,2026-08-18T22:03:14.728477+09:00
Silo Stake,10.0,0.0,success,False,2026-08-23T02:55:10.666436+09:00
Silo Statement,,,failed,False,2026-08-21T00:34:21.181247+09:00
Silo Station,320.0,0.0,success,False,2026-08-17T20:37:57.626492+09:00
Silo Status,,,failed,False,2026-08-19T20:47:03.354167+09:00
Silo Stipend,,,failed,False,2026-08-23T13:48:15.214978+09:00
Silo Stub,,,failed,False,2026-08-21T00:34:16.638003+09:00
Silo Studio,880.0,2.0,success,False,2026-08-17T20:39:37.454360+09:00
Silo Subsidy,,,failed,False,2026-08-23T15:53:03.221395+09:00
Silo Suite,590.0,15.0,success,False,2026-08-17T23:27:47.140187+09:00
Silo Sum,,,failed,False,2026-08-21T02:23:27.282211+09:00
Silo Summary,390.0,2.0,success,False,2026-08-19T21:05:10.807996+09:00
Silo Sync,10.0,0.0,success,False,2026-08-17T20:41:42.376478+09:00
Silo Tab,110.0,0.0,success,False,2026-08-21T00:34:49.507039+09:00
Silo Table,50.0,14.0,success,False,2026-08-19T21:53:40.177257+09:00
Silo Tag,10.0,0.0,success,False,2026-08-19T13:29:58.473439+09:00
Silo Tally,,,failed,False,2026-08-21T00:34:25.670499+09:00
Silo Tariff,,,failed,False,2026-08-21T02:40:11.455485+09:00
Silo Tax,20.0,0.0,success,False,2026-08-21T02:07:29.886940+09:00
Silo Ticket,260.0,48.0,success,False,2026-08-19T21:06:13.197757+09:00
Silo Timeline,170.0,1.0,success,False,2026-08-19T21:05:24.897505+09:00
Silo Toll,,,failed,False,2026-08-21T02:40:04.485559+09:00
Silo Toolbox,10.0,0.0,success,False,2026-08-28T00:24:53.833495+09:00
Silo Toolkit,,,failed,False,2026-08-18T22:02:42.227147+09:00
Silo Tracker,,,failed,False,2026-08-17T20:42:24.319818+09:00
Silo Trail,210.0,0.0,success,False,2026-08-17T21:35:11.471835+09:00
Silo Trend,,,failed,False,2026-08-28T01:05:55.431564+09:00
Silo Trial,,,failed,False,2026-08-27T21:13:54.337464+09:00
Silo Unit,30.0,2.0,success,False,2026-08-21T02:00:06.443014+09:00
Silo Update,30.0,7.0,success,False,2026-08-19T20:47:36.057637+09:00
Silo Value,,,failed,False,2026-08-23T02:55:08.559599+09:00
Silo Vault,50.0,0.0,success,False,2026-08-17T20:35:28.436030+09:00
Silo Version,,,failed,False,2026-08-23T03:20:11.001534+09:00
Silo View,50.0,2.0,success,False,2026-08-19T20:47:08.500238+09:00
Silo Voucher,,,failed,False,2026-08-21T00:34:07.252682+09:00
Silo Watch,480.0,10.0,success,False,2026-08-17T21:37:55.576177+09:00
Silo Wave,,,failed,False,2026-08-17T21:32:33.876836+09:00
Silo Workbench,,,failed,False,2026-08-18T22:02:30.753417+09:00
Silo Worksheet,,,failed,False,2026-08-27T22:07:57.599246+09:00
Silo Workshop,10.0,0.0,success,False,2026-08-28T00:24:51.336275+09:00
Silo Zone,,,failed,False,2026-08-17T20:34:58.202084+09:00
Simultaneous Advisory,,,failed,False,2026-08-21T01:08:25.718288+09:00
Simultaneous Alert,,,failed,False,2026-08-19T21:18:48.274039+09:00
Simultaneous Allowance,,,failed,False,2026-08-21T02:38:37.938007+09:00
Simultaneous Assistant,,,failed,False,2026-08-19T21:13:29.995507+09:00
Simultaneous Atlas,,,failed,False,2026-08-19T21:12:43.604286+09:00
Simultaneous Attribute,,,failed,False,2026-08-23T13:07:46.002648+09:00
Simultaneous Badge,,,failed,False,2026-08-21T00:33:28.430853+09:00
Simultaneous Base,,,failed,False,2026-08-19T21:08:29.245582+09:00
Simultaneous Bay,,,failed,False,2026-08-19T21:17:17.082757+09:00
Simultaneous Bill,10.0,,success,False,2026-08-19T21:49:14.059786+09:00
Simultaneous Bin,,,failed,False,2026-08-19T21:19:11.883317+09:00
Simultaneous Board,,,failed,False,2026-08-19T21:09:04.357233+09:00
Simultaneous Book,210.0,8.0,success,False,2026-08-19T21:50:13.072831+09:00
Simultaneous Booth,,,failed,False,2026-08-19T21:16:39.026055+09:00
Simultaneous Brief,,,failed,False,2026-08-21T01:08:18.401082+09:00
Simultaneous Bulletin,,,failed,False,2026-08-21T01:08:12.622841+09:00
Simultaneous Calendar,,,failed,False,2026-08-19T21:15:22.705045+09:00
Simultaneous Card,,,failed,False,2026-08-19T21:29:36.124531+09:00
Simultaneous Cash,,,failed,False,2026-08-21T02:21:16.859864+09:00
Simultaneous Cashback,,,failed,False,2026-08-27T21:14:25.842421+09:00
Simultaneous Catalog,,,failed,False,2026-08-19T21:03:59.838072+09:00
Simultaneous Category,,,failed,False,2026-08-23T13:07:46.002648+09:00
Simultaneous Charge,,,failed,False,2026-08-21T02:38:25.978724+09:00
Simultaneous Chart,,,failed,False,2026-08-19T21:19:01.988330+09:00
Simultaneous Check,20.0,0.0,success,False,2026-08-19T21:29:49.422411+09:00
Simultaneous Circular,,,failed,False,2026-08-21T01:08:20.285219+09:00
Simultaneous Code,,,failed,False,2026-08-19T21:49:37.354385+09:00
Simultaneous Companion,,,failed,False,2026-08-19T21:14:12.923572+09:00
Simultaneous Comparison,,,failed,False,2026-08-28T01:08:04.607830+09:00
Simultaneous Compass,,,failed,False,2026-08-19T21:05:54.912887+09:00
Simultaneous Confirmation,,,failed,False,2026-08-21T01:08:34.212023+09:00
Simultaneous Console,,,failed,False,2026-08-19T21:10:51.939321+09:00
Simultaneous Core,,,failed,False,2026-08-19T21:08:42.108199+09:00
Simultaneous Cost,,,failed,False,2026-08-21T02:14:13.791830+09:00
Simultaneous Counter,,,failed,False,2026-08-19T21:16:16.247165+09:00
Simultaneous Coupon,,,failed,False,2026-08-27T21:14:19.073158+09:00
Simultaneous Deal,,,failed,False,2026-08-21T01:57:52.664433+09:00
Simultaneous Debt,,,failed,False,2026-08-21T02:21:06.391588+09:00
Simultaneous Deck,,,failed,False,2026-08-19T21:09:18.934477+09:00
Simultaneous Desk,,,failed,False,2026-08-19T21:05:03.787854+09:00
Simultaneous Detail,,,failed,False,2026-08-23T03:19:24.648506+09:00
Simultaneous Directory,,,failed,False,2026-08-19T21:15:33.096576+09:00
Simultaneous Discount,,,failed,False,2026-08-23T16:11:11.053977+09:00
Simultaneous Dossier,,,failed,False,2026-08-21T01:08:38.226777+09:00
Simultaneous Draft,,,failed,False,2026-08-19T21:31:25.099741+09:00
Simultaneous Duty,,,failed,False,2026-08-21T02:38:33.089549+09:00
Simultaneous Engine,,,failed,False,2026-08-19T21:13:19.288024+09:00
Simultaneous Entry,,,failed,False,2026-08-21T01:08:54.756215+09:00
Simultaneous Estimate,,,failed,False,2026-08-19T21:03:47.017770+09:00
Simultaneous Excerpt,,,failed,False,2026-08-21T01:08:47.143646+09:00
Simultaneous Fare,,,failed,False,2026-08-21T02:14:19.948102+09:00
Simultaneous Fee,,,failed,False,2026-08-21T01:57:38.284860+09:00
Simultaneous Feed,,,failed,False,2026-08-19T21:31:19.157381+09:00
Simultaneous File,,,failed,False,2026-08-19T21:30:47.462824+09:00
Simultaneous Finder,,,failed,False,2026-08-19T21:15:54.238919+09:00
Simultaneous Fine,,,failed,False,2026-08-23T02:54:31.488130+09:00
Simultaneous Flag,,,failed,False,2026-08-21T00:34:09.449100+09:00
Simultaneous Flow,,,failed,False,2026-08-19T21:04:38.364310+09:00
Simultaneous Form,,,failed,False,2026-08-19T21:29:28.610068+09:00
Simultaneous Format,,,failed,False,2026-08-23T13:07:51.086484+09:00
Simultaneous Frame,,,failed,False,2026-08-19T21:08:19.397533+09:00
Simultaneous Fund,,,failed,False,2026-08-21T02:21:11.057858+09:00
Simultaneous Giveaway,,,failed,False,2026-08-27T21:14:33.237385+09:00
Simultaneous Grade,,,failed,False,2026-08-21T00:33:53.387508+09:00
Simultaneous Grid,,,failed,False,2026-08-19T21:07:29.278050+09:00
Simultaneous Helper,,,failed,False,2026-08-28T00:26:14.926541+09:00
Simultaneous History,,,failed,False,2026-08-19T21:30:40.784781+09:00
Simultaneous Hotline,,,failed,False,2026-08-19T21:04:11.577084+09:00
Simultaneous Hub,,,failed,False,2026-08-19T21:04:51.175636+09:00
Simultaneous Identifier,,,failed,False,2026-08-23T13:07:43.906174+09:00
Simultaneous Inbox,,,failed,False,2026-08-19T21:18:36.412771+09:00
Simultaneous Incentive,,,failed,False,2026-08-27T21:14:30.241053+09:00
Simultaneous Index,,,failed,False,2026-08-19T21:32:01.105099+09:00
Simultaneous Installment,,,failed,False,2026-08-23T16:11:13.672713+09:00
Simultaneous Item,10.0,0.0,success,False,2026-08-21T01:57:40.883576+09:00
Simultaneous Journal,,,failed,False,2026-08-19T21:14:58.322778+09:00
Simultaneous Keeper,,,failed,False,2026-08-19T21:12:53.220290+09:00
Simultaneous Kiosk,,,failed,False,2026-08-19T21:16:50.838174+09:00
Simultaneous Lab,,,failed,False,2026-08-19T21:09:42.547953+09:00
Simultaneous Ledger,,,failed,False,2026-08-19T21:08:52.385641+09:00
Simultaneous Level,,,failed,False,2026-08-19T21:30:56.024739+09:00
Simultaneous Line,,,failed,False,2026-08-19T21:20:00.703413+09:00
Simultaneous Link,,,failed,False,2026-08-23T03:19:19.103854+09:00
Simultaneous List,,,failed,False,2026-08-19T21:49:47.542279+09:00
Simultaneous Loan,20.0,6.0,success,False,2026-08-21T02:14:24.666160+09:00
Simultaneous Lobby,,,failed,False,2026-08-19T21:19:37.758100+09:00
Simultaneous Locator,,,failed,False,2026-08-19T21:15:44.600624+09:00
Simultaneous Locker,,,failed,False,2026-08-19T21:16:27.560091+09:00
Simultaneous Log,,,failed,False,2026-08-19T21:29:21.643935+09:00
Simultaneous Loop,,,failed,False,2026-08-19T21:07:19.840236+09:00
Simultaneous Manager,,,failed,False,2026-08-19T21:13:04.964598+09:00
Simultaneous Manual,,,failed,False,2026-08-27T22:08:41.770881+09:00
Simultaneous Monitor,,,failed,False,2026-08-19T21:14:03.656959+09:00
Simultaneous Nexus,,,failed,False,2026-08-19T21:12:33.528106+09:00
Simultaneous Note,,,failed,False,2026-08-19T21:30:05.370784+09:00
Simultaneous Number,,,failed,False,2026-08-23T03:19:12.816359+09:00
Simultaneous Office,,,failed,False,2026-08-19T21:16:04.396422+09:00
Simultaneous Ops,,,failed,False,2026-08-19T21:14:34.800336+09:00
Simultaneous Order,,,failed,False,2026-08-19T21:49:03.135784+09:00
Simultaneous Panel,,,failed,False,2026-08-19T21:11:04.489546+09:00
Simultaneous Passport,,,failed,False,2026-08-19T21:19:25.343582+09:00
Simultaneous Petition,,,failed,False,2026-08-21T01:08:29.808950+09:00
Simultaneous Plan,,,failed,False,2026-08-21T01:57:44.659244+09:00
Simultaneous Planner,,,failed,False,2026-08-19T21:13:40.486879+09:00
Simultaneous Playbook,,,failed,False,2026-08-19T21:14:44.485943+09:00
Simultaneous Portal,,,failed,False,2026-08-19T21:10:39.923410+09:00
Simultaneous Post,,,failed,False,2026-08-19T21:17:27.324738+09:00
Simultaneous Profile,,,failed,False,2026-08-19T21:30:18.297847+09:00
Simultaneous Profit,,,failed,False,2026-08-23T02:54:23.224881+09:00
Simultaneous Queue,,,failed,False,2026-08-19T21:03:32.051785+09:00
Simultaneous Quota,,,failed,False,2026-08-21T00:34:04.071728+09:00
Simultaneous Radar,,,failed,False,2026-08-19T21:05:15.949286+09:00
Simultaneous Rate,,,failed,False,2026-08-19T21:31:05.316836+09:00
Simultaneous Recap,,,failed,False,2026-08-21T01:08:42.694211+09:00
Simultaneous Receipt,,,failed,False,2026-08-19T21:49:26.172736+09:00
Simultaneous Register,,,failed,False,2026-08-19T21:14:23.234492+09:00
Simultaneous Relay,,,failed,False,2026-08-19T21:05:28.660617+09:00
Simultaneous Reminder,,,failed,False,2026-08-19T21:31:52.488938+09:00
Simultaneous Report,,,failed,False,2026-08-19T21:29:12.327035+09:00
Simultaneous Repository,,,failed,False,2026-08-27T23:13:25.257331+09:00
Simultaneous Roll,,,failed,False,2026-08-19T21:29:07.329786+09:00
Simultaneous Roster,,,failed,False,2026-08-19T21:18:24.331096+09:00
Simultaneous Rule,,,failed,False,2026-08-23T03:19:21.354912+09:00
Simultaneous Sale,,,failed,False,2026-08-21T02:21:19.910090+09:00
Simultaneous Sample,,,failed,False,2026-08-19T21:50:35.139639+09:00
Simultaneous Scheduler,,,failed,False,2026-08-19T21:13:52.940752+09:00
Simultaneous Scope,,,failed,False,2026-08-19T21:07:08.840903+09:00
Simultaneous Score,,,failed,False,2026-08-19T21:29:57.691182+09:00
Simultaneous Sheet,,,failed,False,2026-08-19T21:29:42.361641+09:00
Simultaneous Signal,,,failed,False,2026-08-19T21:06:46.189471+09:00
Simultaneous Slip,,,failed,False,2026-08-19T21:50:23.410812+09:00
Simultaneous Slot,,,failed,False,2026-08-19T21:50:46.269760+09:00
Simultaneous Stake,,,failed,False,2026-08-23T02:54:28.936816+09:00
Simultaneous Statement,,,failed,False,2026-08-21T00:33:39.786796+09:00
Simultaneous Station,,,failed,False,2026-08-19T21:09:55.427058+09:00
Simultaneous Status,,,failed,False,2026-08-19T21:30:26.736781+09:00
Simultaneous Stub,,,failed,False,2026-08-21T00:33:34.783519+09:00
Simultaneous Studio,,,failed,False,2026-08-19T21:09:29.663933+09:00
Simultaneous Sum,,,failed,False,2026-08-21T02:21:02.332570+09:00
Simultaneous Summary,,,failed,False,2026-08-19T21:31:33.933839+09:00
Simultaneous Tab,,,failed,False,2026-08-21T00:34:14.211470+09:00
Simultaneous Table,,,failed,False,2026-08-19T21:50:00.809390+09:00
Simultaneous Tag,,,failed,False,2026-08-19T21:30:12.319072+09:00
Simultaneous Tally,,,failed,False,2026-08-21T00:33:46.093002+09:00
Simultaneous Tariff,,,failed,False,2026-08-21T02:38:41.018051+09:00
Simultaneous Tax,,,failed,False,2026-08-21T02:14:24.666160+09:00
Simultaneous Ticker,,,failed,False,2026-08-19T21:19:49.170898+09:00
Simultaneous Ticket,10.0,0.0,success,False,2026-08-19T21:32:08.265719+09:00
Simultaneous Timeline,,,failed,False,2026-08-19T21:31:43.962049+09:00
Simultaneous Timer,,,failed,False,2026-08-28T00:26:09.270269+09:00
Simultaneous Toll,,,failed,False,2026-08-21T02:38:35.767249+09:00
Simultaneous Toolbox,,,failed,False,2026-08-28T00:26:14.926541+09:00
Simultaneous Total,,,failed,False,2026-08-27T23:13:18.509120+09:00
Simultaneous Tracker,,,failed,False,2026-08-19T21:04:24.508436+09:00
Simultaneous Trend,,,failed,False,2026-08-28T01:08:02.108620+09:00
Simultaneous Trial,,,failed,False,2026-08-27T21:14:25.842421+09:00
Simultaneous Unit,,,failed,False,2026-08-21T01:57:45.438381+09:00
Simultaneous Update,10.0,0.0,success,False,2026-08-19T21:31:11.020553+09:00
Simultaneous Vault,,,failed,False,2026-08-19T21:05:39.916573+09:00
Simultaneous Version,,,failed,False,2026-08-23T03:19:15.336839+09:00
Simultaneous View,,,failed,False,2026-08-19T21:30:33.343002+09:00
Simultaneous Watch,,,failed,False,2026-08-19T21:06:57.837919+09:00
Simultaneous Widget,,,failed,False,2026-08-27T23:13:21.065060+09:00
Simultaneous Window,,,failed,False,2026-08-19T21:20:12.462826+09:00
Simultaneous Worksheet,30.0,0.0,success,False,2026-08-27T22:08:46.567667+09:00
Simultaneous Workshop,,,failed,False,2026-08-28T00:26:09.270269+09:00
Simultaneous Zone,,,failed,False,2026-08-19T21:10:31.479524+09:00
Skimmer Advance,,,failed,False,2026-08-23T16:16:55.140069+09:00
Skimmer Advisory,,,failed,False,2026-08-21T01:04:15.866621+09:00
Skimmer Alert,10.0,21.0,success,False,2026-08-19T21:32:58.231654+09:00
Skimmer Allowance,,,failed,False,2026-08-21T02:43:21.598191+09:00
Skimmer Analyzer,,,failed,False,2026-08-27T23:51:29.405566+09:00
Skimmer Arrears,,,failed,False,2026-08-23T16:16:55.140069+09:00
Skimmer Asset,,,failed,False,2026-08-23T13:48:19.972957+09:00
Skimmer Assistant,,,failed,False,2026-08-19T21:18:38.634661+09:00
Skimmer Atlas,,,failed,False,2026-08-19T21:17:57.500423+09:00
Skimmer Badge,,,failed,False,2026-08-21T00:30:55.600635+09:00
Skimmer Base,10.0,36.0,success,False,2026-08-19T21:13:57.456241+09:00
Skimmer Bill,,,failed,False,2026-08-19T21:52:45.174751+09:00
Skimmer Bin,,,failed,False,2026-08-19T21:33:01.101175+09:00
Skimmer Board,90500.0,100.0,success,False,2026-08-19T21:14:27.953850+09:00
Skimmer Book,,,failed,False,2026-08-19T21:53:47.413598+09:00
Skimmer Bridge,,,failed,False,2026-08-19T21:11:50.782037+09:00
Skimmer Brief,,,failed,False,2026-08-21T01:04:02.292645+09:00
Skimmer Bulletin,,,failed,False,2026-08-21T01:03:59.232813+09:00
Skimmer Calendar,,,failed,False,2026-08-19T21:31:45.728679+09:00
Skimmer Card,9900.0,10.0,success,False,2026-08-19T21:04:42.466598+09:00
Skimmer Cascade,,,failed,False,2026-08-19T21:11:39.725993+09:00
Skimmer Cash,10.0,100.0,success,False,2026-08-21T02:27:53.442278+09:00
Skimmer Cashback,,,failed,False,2026-08-27T21:19:50.770385+09:00
Skimmer Catalog,,,failed,False,2026-08-19T21:09:22.382807+09:00
Skimmer Center,,,failed,False,2026-08-19T21:15:37.050210+09:00
Skimmer Chain,,,failed,False,2026-08-19T21:17:21.944279+09:00
Skimmer Charge,,,failed,False,2026-08-21T02:43:14.426169+09:00
Skimmer Chart,,,failed,False,2026-08-19T21:32:58.231654+09:00
Skimmer Check,,,failed,False,2026-08-19T21:05:05.946905+09:00
Skimmer Checker,50.0,14.0,success,False,2026-08-27T23:51:24.335890+09:00
Skimmer Checklist,,,failed,False,2026-08-19T21:08:21.181421+09:00
Skimmer Circular,,,failed,False,2026-08-21T01:04:08.971472+09:00
Skimmer Code,,,failed,False,2026-08-19T21:53:13.442826+09:00
Skimmer Companion,,,failed,False,2026-08-19T21:19:27.756536+09:00
Skimmer Confirmation,,,failed,False,2026-08-21T01:04:24.715250+09:00
Skimmer Contribution,,,failed,False,2026-08-23T16:16:51.381360+09:00
Skimmer Core,,,failed,False,2026-08-19T21:14:07.516927+09:00
Skimmer Cost,30.0,12.0,success,False,2026-08-21T02:11:57.284997+09:00
Skimmer Count,,,failed,False,2026-08-27T22:44:19.444390+09:00
Skimmer Coupon,,,failed,False,2026-08-27T21:19:50.770385+09:00
Skimmer Deal,,,failed,False,2026-08-21T01:56:34.859851+09:00
Skimmer Debt,,,failed,False,2026-08-21T02:27:47.388523+09:00
Skimmer Deck,,,failed,False,2026-08-19T21:14:39.007898+09:00
Skimmer Desk,,,failed,False,2026-08-19T21:10:23.160245+09:00
Skimmer Detail,40.0,33.0,success,False,2026-08-23T03:22:48.132111+09:00
Skimmer Diagram,70.0,1.0,success,False,2026-08-27T22:15:49.874448+09:00
Skimmer Digest,,,failed,False,2026-08-19T21:07:21.562422+09:00
Skimmer Discount,,,failed,False,2026-08-23T16:16:48.615272+09:00
Skimmer Dossier,,,failed,False,2026-08-21T01:04:32.859141+09:00
Skimmer Downpayment,,,failed,False,2026-08-27T21:50:51.730845+09:00
Skimmer Draft,,,failed,False,2026-08-19T21:07:42.156894+09:00
Skimmer Duty,,,failed,False,2026-08-21T02:43:16.744782+09:00
Skimmer Engine,,,failed,False,2026-08-19T21:18:28.771702+09:00
Skimmer Entry,,,failed,False,2026-08-21T01:04:56.218179+09:00
Skimmer Estimate,,,failed,False,2026-08-19T21:09:08.250321+09:00
Skimmer Estimator,,,failed,False,2026-08-27T23:51:21.141566+09:00
Skimmer Excerpt,,,failed,False,2026-08-21T01:04:41.877436+09:00
Skimmer Fare,,,failed,False,2026-08-21T02:12:06.796728+09:00
Skimmer Fee,,,failed,False,2026-08-21T01:56:12.510800+09:00
Skimmer Feed,,,failed,False,2026-08-19T21:07:31.125995+09:00
Skimmer File,,,failed,False,2026-08-19T21:06:39.226294+09:00
Skimmer Fine,210.0,73.0,success,False,2026-08-23T02:57:30.156609+09:00
Skimmer Flag,,,failed,False,2026-08-21T00:31:41.208752+09:00
Skimmer Flow,90.0,12.0,success,False,2026-08-19T21:10:02.424096+09:00
Skimmer Form,,,failed,False,2026-08-19T21:04:29.917389+09:00
Skimmer Frame,110.0,50.0,success,False,2026-08-19T21:13:46.122895+09:00
Skimmer Fund,,,failed,False,2026-08-21T02:27:51.067603+09:00
Skimmer Gate,30.0,100.0,success,False,2026-08-19T21:17:38.869284+09:00
Skimmer Giveaway,,,failed,False,2026-08-27T21:19:58.870068+09:00
Skimmer Grade,,,failed,False,2026-08-21T00:31:19.573899+09:00
Skimmer Grid,,,failed,False,2026-08-19T21:12:45.437785+09:00
Skimmer Helpdesk,,,failed,False,2026-08-27T22:44:24.073756+09:00
Skimmer Helper,10.0,100.0,success,False,2026-08-28T00:21:45.963780+09:00
Skimmer History,,,failed,False,2026-08-19T21:06:31.890613+09:00
Skimmer Hotline,,,failed,False,2026-08-19T21:09:34.510109+09:00
Skimmer Hub,,,failed,False,2026-08-19T21:10:13.375829+09:00
Skimmer Identifier,,,failed,False,2026-08-23T13:09:14.949045+09:00
Skimmer Inbox,,,failed,False,2026-08-19T21:32:55.348476+09:00
Skimmer Incentive,,,failed,False,2026-08-27T21:19:56.366947+09:00
Skimmer Index,10.0,100.0,success,False,2026-08-19T21:08:33.836263+09:00
Skimmer Installment,,,failed,False,2026-08-23T16:16:51.381360+09:00
Skimmer Item,,,failed,False,2026-08-21T01:56:16.843249+09:00
Skimmer Journal,,,failed,False,2026-08-19T21:31:27.001536+09:00
Skimmer Keeper,,,failed,False,2026-08-19T21:18:07.179482+09:00
Skimmer Kiosk,,,failed,False,2026-08-19T21:32:32.734528+09:00
Skimmer Kit,90.0,100.0,success,False,2026-08-27T22:44:16.144123+09:00
Skimmer Lab,,,failed,False,2026-08-19T21:15:02.782218+09:00
Skimmer Label,,,failed,False,2026-08-27T22:15:41.431097+09:00
Skimmer Ledger,,,failed,False,2026-08-19T21:14:17.350894+09:00
Skimmer Level,20.0,20.0,success,False,2026-08-19T21:06:49.674751+09:00
Skimmer Line,70.0,20.0,success,False,2026-08-19T21:03:18.431019+09:00
Skimmer Link,,,failed,False,2026-08-23T03:22:42.501986+09:00
Skimmer List,,,failed,False,2026-08-19T21:53:24.173556+09:00
Skimmer Loan,,,failed,False,2026-08-21T02:12:15.174959+09:00
Skimmer Locator,10.0,0.0,success,False,2026-08-19T21:32:01.105099+09:00
Skimmer Locker,,,failed,False,2026-08-19T21:32:28.691012+09:00
Skimmer Log,,,failed,False,2026-08-19T21:04:15.563221+09:00
Skimmer Loop,,,failed,False,2026-08-19T21:12:35.619378+09:00
Skimmer Manager,,,failed,False,2026-08-19T21:18:17.728493+09:00
Skimmer Manual,50.0,38.0,success,False,2026-08-27T22:15:41.431097+09:00
Skimmer Map,10.0,0.0,success,False,2026-08-19T21:13:34.097161+09:00
Skimmer Markup,,,failed,False,2026-08-23T16:40:16.940020+09:00
Skimmer Memo,,,failed,False,2026-08-21T00:31:26.827984+09:00
Skimmer Message,,,failed,False,2026-08-27T23:10:02.620929+09:00
Skimmer Monitor,,,failed,False,2026-08-19T21:19:17.312411+09:00
Skimmer Nexus,,,failed,False,2026-08-19T21:17:49.852730+09:00
Skimmer Note,,,failed,False,2026-08-19T21:05:30.373866+09:00
Skimmer Notification,,,failed,False,2026-08-27T22:44:11.984469+09:00
Skimmer Number,,,failed,False,2026-08-23T03:22:34.004366+09:00
Skimmer Ops,,,failed,False,2026-08-19T21:19:50.890463+09:00
Skimmer Order,,,failed,False,2026-08-19T21:52:31.796696+09:00
Skimmer Overage,,,failed,False,2026-08-27T21:50:49.400709+09:00
Skimmer Overdue,,,failed,False,2026-08-27T21:50:44.551751+09:00
Skimmer Panel,,,failed,False,2026-08-19T21:16:19.911294+09:00
Skimmer Pass,10.0,0.0,success,False,2026-08-21T00:30:44.450501+09:00
Skimmer Path,,,failed,False,2026-08-19T21:13:11.253613+09:00
Skimmer Payoff,,,failed,False,2026-08-27T21:50:46.767806+09:00
Skimmer Petition,,,failed,False,2026-08-21T01:04:20.278964+09:00
Skimmer Plan,110.0,25.0,success,False,2026-08-21T01:56:25.732902+09:00
Skimmer Planner,,,failed,False,2026-08-19T21:18:51.088595+09:00
Skimmer Playbook,,,failed,False,2026-08-19T21:20:03.565098+09:00
Skimmer Point,,,failed,False,2026-08-19T21:13:21.149067+09:00
Skimmer Portal,,,failed,False,2026-08-19T21:15:58.285929+09:00
Skimmer Profile,,,failed,False,2026-08-19T21:05:57.473217+09:00
Skimmer Profit,,,failed,False,2026-08-23T02:57:17.363671+09:00
Skimmer Queue,,,failed,False,2026-08-19T21:08:56.210906+09:00
Skimmer Quota,,,failed,False,2026-08-21T00:31:34.132172+09:00
Skimmer Radar,,,failed,False,2026-08-19T21:10:33.360879+09:00
Skimmer Rail,,,failed,False,2026-08-19T21:16:57.743794+09:00
Skimmer Rate,,,failed,False,2026-08-19T21:07:00.753456+09:00
Skimmer Recap,,,failed,False,2026-08-21T01:04:44.330584+09:00
Skimmer Receipt,,,failed,False,2026-08-19T21:52:57.085670+09:00
Skimmer Recorder,,,failed,False,2026-08-27T23:31:53.599891+09:00
Skimmer Register,10.0,5.0,success,False,2026-08-19T21:19:39.587475+09:00
Skimmer Registry,,,failed,False,2026-08-19T21:31:35.907614+09:00
Skimmer Relay,,,failed,False,2026-08-19T21:10:44.368255+09:00
Skimmer Reminder,,,failed,False,2026-08-19T21:08:11.674763+09:00
Skimmer Report,,,failed,False,2026-08-19T21:04:04.689181+09:00
Skimmer Ring,90.0,94.0,success,False,2026-08-19T21:17:31.409694+09:00
Skimmer Roll,,,failed,False,2026-08-19T21:03:49.756847+09:00
Skimmer Roster,,,failed,False,2026-08-19T21:32:55.348476+09:00
Skimmer Route,,,failed,False,2026-08-19T21:16:45.147013+09:00
Skimmer Rule,,,failed,False,2026-08-23T03:22:45.099275+09:00
Skimmer Sale,320.0,28.0,success,False,2026-08-21T02:27:57.187073+09:00
Skimmer Sample,,,failed,False,2026-08-19T21:54:10.446339+09:00
Skimmer Scale,,,failed,False,2026-08-19T21:16:32.174515+09:00
Skimmer Scheduler,,,failed,False,2026-08-19T21:19:06.268561+09:00
Skimmer Schematic,,,failed,False,2026-08-27T22:29:33.709708+09:00
Skimmer Scope,,,failed,False,2026-08-19T21:12:26.316955+09:00
Skimmer Score,,,failed,False,2026-08-19T21:05:18.754911+09:00
Skimmer Serial,,,failed,False,2026-08-23T13:28:07.800496+09:00
Skimmer Sheet,,,failed,False,2026-08-19T21:04:56.454622+09:00
Skimmer Shortfall,,,failed,False,2026-08-27T21:50:54.080102+09:00
Skimmer Signal,,,failed,False,2026-08-19T21:12:04.004296+09:00
Skimmer Sketch,20.0,0.0,success,False,2026-08-27T22:28:37.219396+09:00
Skimmer Slip,,,failed,False,2026-08-19T21:54:00.654442+09:00
Skimmer Slot,,,failed,False,2026-08-19T21:54:22.632140+09:00
Skimmer Stake,,,failed,False,2026-08-23T02:57:24.970560+09:00
Skimmer Statement,,,failed,False,2026-08-21T00:31:07.825329+09:00
Skimmer Station,,,failed,False,2026-08-19T21:15:13.442141+09:00
Skimmer Status,,,failed,False,2026-08-19T21:06:08.303688+09:00
Skimmer Stub,,,failed,False,2026-08-21T00:31:03.590955+09:00
Skimmer Sum,,,failed,False,2026-08-21T02:27:43.385895+09:00
Skimmer Summary,,,failed,False,2026-08-19T21:07:51.410434+09:00
Skimmer Tab,,,failed,False,2026-08-21T00:31:47.591094+09:00
Skimmer Table,,,failed,False,2026-08-19T21:53:37.602067+09:00
Skimmer Tag,,,failed,False,2026-08-19T21:05:44.553245+09:00
Skimmer Tally,,,failed,False,2026-08-21T00:31:14.600161+09:00
Skimmer Tariff,,,failed,False,2026-08-21T02:43:25.318568+09:00
Skimmer Tax,,,failed,False,2026-08-21T02:12:10.627447+09:00
Skimmer Terminal,40.0,0.0,success,False,2026-08-19T21:15:25.328836+09:00
Skimmer Ticket,,,failed,False,2026-08-19T21:08:43.971729+09:00
Skimmer Timeline,,,failed,False,2026-08-19T21:08:00.939328+09:00
Skimmer Toll,,,failed,False,2026-08-21T02:43:19.046773+09:00
Skimmer Toolbox,,,failed,False,2026-08-28T00:21:43.222424+09:00
Skimmer Tracker,10.0,0.0,success,False,2026-08-19T21:09:46.410901+09:00
Skimmer Trail,,,failed,False,2026-08-19T21:17:11.439811+09:00
Skimmer Trial,,,failed,False,2026-08-27T21:19:54.141367+09:00
Skimmer Unit,20.0,69.0,success,False,2026-08-21T01:56:21.292165+09:00
Skimmer Update,,,failed,False,2026-08-19T21:07:11.433627+09:00
Skimmer Value,,,failed,False,2026-08-23T02:57:19.456946+09:00
Skimmer Vault,,,failed,False,2026-08-19T21:10:58.611553+09:00
Skimmer Version,,,failed,False,2026-08-23T03:22:39.014022+09:00
Skimmer View,,,failed,False,2026-08-19T21:06:20.590100+09:00
Skimmer Voucher,,,failed,False,2026-08-21T00:30:49.324092+09:00
Skimmer Watch,,,failed,False,2026-08-19T21:12:15.731161+09:00
Skimmer Wave,70.0,56.0,success,False,2026-08-19T21:12:57.141262+09:00
Skimmer Widget,,,failed,False,2026-08-27T23:10:09.258839+09:00
Skimmer Window,,,failed,False,2026-08-19T21:03:33.928340+09:00
Skimmer Workshop,,,failed,False,2026-08-28T00:21:38.214311+09:00
Skimmer Zone,,,failed,False,2026-08-19T21:15:48.074960+09:00
Smoke Alert,1000.0,6.0,success,False,2026-08-21T00:06:52.239933+09:00
Smoke Allowance,,,failed,False,2026-08-21T02:41:38.667611+09:00
Smoke Announcement,,,failed,False,2026-08-27T23:31:37.799226+09:00
Smoke Assistant,,,failed,False,2026-08-19T23:13:53.160538+09:00
Smoke Atlas,70.0,1.0,success,False,2026-08-21T00:11:58.658369+09:00
Smoke Badge,320.0,0.0,success,False,2026-08-21T00:25:54.977191+09:00
Smoke Base,2900.0,1.0,success,False,2026-08-21T00:10:39.439345+09:00
Smoke Bay,880.0,1.0,success,False,2026-08-21T00:06:26.162440+09:00
Smoke Beacon,90.0,17.0,success,False,2026-08-21T00:09:56.547234+09:00
Smoke Bill,140.0,0.0,success,False,2026-08-21T00:08:50.298724+09:00
Smoke Board,480.0,47.0,success,False,2026-08-21T00:10:48.719546+09:00
Smoke Book,1300.0,24.0,success,False,2026-08-21T00:09:09.007645+09:00
Smoke Booth,590.0,8.0,success,False,2026-08-21T00:06:15.045348+09:00
Smoke Bridge,30.0,0.0,success,False,2026-08-21T00:10:06.230079+09:00
Smoke Brief,,,failed,False,2026-08-21T01:01:30.993537+09:00
Smoke Bulletin,,,failed,False,2026-08-21T01:01:28.263811+09:00
Smoke Calendar,40.0,1.0,success,False,2026-08-21T00:05:53.181576+09:00
Smoke Card,320.0,22.0,success,False,2026-08-21T00:07:23.788027+09:00
Smoke Cascade,30.0,43.0,success,False,2026-08-21T00:10:04.105660+09:00
Smoke Cash,480.0,0.0,success,False,2026-08-21T02:24:36.091430+09:00
Smoke Cashback,,,failed,False,2026-08-27T21:17:31.626510+09:00
Smoke Category,,,failed,False,2026-08-23T13:09:58.883939+09:00
Smoke Center,5400.0,1.0,success,False,2026-08-21T00:11:09.626115+09:00
Smoke Chain,27100.0,0.0,success,True,2026-08-21T00:11:41.126262+09:00
Smoke Charge,390.0,11.0,success,False,2026-08-21T02:41:28.147668+09:00
Smoke Chart,390.0,14.0,success,False,2026-08-21T00:06:55.425363+09:00
Smoke Check,3600.0,45.0,success,False,2026-08-21T00:07:30.087170+09:00
Smoke Checker,110.0,51.0,success,False,2026-08-27T23:51:54.683905+09:00
Smoke Code,170.0,0.0,success,False,2026-08-21T00:08:56.538180+09:00
Smoke Companion,,,failed,False,2026-08-21T00:05:32.052210+09:00
Smoke Comparison,,,failed,False,2026-08-28T01:04:04.391433+09:00
Smoke Confirmation,,,failed,False,2026-08-21T01:01:47.037702+09:00
Smoke Console,10.0,0.0,success,False,2026-08-21T00:11:18.069642+09:00
Smoke Contribution,,,failed,False,2026-08-23T16:14:15.763731+09:00
Smoke Core,,,failed,False,2026-08-21T00:10:41.968767+09:00
Smoke Cost,390.0,41.0,success,False,2026-08-21T02:07:24.034599+09:00
Smoke Counter,110.0,1.0,success,False,2026-08-21T00:06:08.424463+09:00
Smoke Coupon,,,failed,False,2026-08-27T21:17:29.346524+09:00
Smoke Deal,,,failed,False,2026-08-21T01:59:55.077631+09:00
Smoke Debt,,,failed,False,2026-08-21T02:24:27.084847+09:00
Smoke Deck,320.0,14.0,success,False,2026-08-21T00:10:51.522547+09:00
Smoke Desk,40.0,10.0,success,False,2026-08-21T00:09:36.388404+09:00
Smoke Detail,20.0,25.0,success,False,2026-08-23T03:22:56.392022+09:00
Smoke Diagram,480.0,0.0,success,False,2026-08-27T22:13:09.872881+09:00
Smoke Directory,,,failed,False,2026-08-21T00:05:56.272120+09:00
Smoke Discount,720.0,5.0,success,False,2026-08-23T16:14:08.408734+09:00
Smoke Dossier,,,failed,False,2026-08-21T01:01:54.342698+09:00
Smoke Downpayment,,,failed,False,2026-08-27T21:48:46.666341+09:00
Smoke Draft,30.0,3.0,success,False,2026-08-21T00:08:22.856324+09:00
Smoke Due,,,failed,False,2026-08-23T15:51:22.397294+09:00
Smoke Duty,,,failed,False,2026-08-21T02:41:32.223715+09:00
Smoke Engine,1900.0,5.0,success,False,2026-08-19T22:41:53.355833+09:00
Smoke Entry,880.0,0.0,success,False,2026-08-21T01:02:09.128989+09:00
Smoke Estimate,,,failed,False,2026-08-21T00:08:45.670716+09:00
Smoke Estimator,,,failed,False,2026-08-27T23:51:51.958622+09:00
Smoke Excerpt,,,failed,False,2026-08-21T01:02:57.004719+09:00
Smoke Fare,,,failed,False,2026-08-21T02:07:37.270032+09:00
Smoke Fee,110.0,0.0,success,False,2026-08-21T01:59:42.509744+09:00
Smoke Feed,20.0,33.0,success,False,2026-08-21T00:08:19.938205+09:00
Smoke File,20.0,0.0,success,False,2026-08-21T00:08:03.129328+09:00
Smoke Fine,590.0,3.0,success,False,2026-08-23T02:56:53.736848+09:00
Smoke Flag,210.0,2.0,success,False,2026-08-21T00:26:30.376720+09:00
Smoke Flow,260.0,3.0,success,False,2026-08-21T00:09:26.936437+09:00
Smoke Forge,,,failed,False,2026-08-21T00:09:59.655575+09:00
Smoke Form,90.0,0.0,success,False,2026-08-21T00:07:16.411531+09:00
Smoke Frame,210.0,3.0,success,False,2026-08-21T00:10:37.172281+09:00
Smoke Fund,,,failed,False,2026-08-21T02:24:30.364633+09:00
Smoke Gate,10.0,2.0,success,False,2026-08-21T00:11:47.014910+09:00
Smoke Giveaway,,,failed,False,2026-08-27T21:17:37.644775+09:00
Smoke Grade,,,failed,False,2026-08-21T00:26:15.934316+09:00
Smoke Graph,720.0,1.0,success,False,2026-08-27T22:12:55.481525+09:00
Smoke Grid,10.0,0.0,success,False,2026-08-21T00:10:17.224400+09:00
Smoke Guardian,20.0,0.0,success,False,2026-08-28T00:22:31.262546+09:00
Smoke Harbor,170.0,1.0,success,False,2026-08-21T00:06:35.659041+09:00
Smoke Helpdesk,,,failed,False,2026-08-27T22:51:00.093213+09:00
Smoke Helper,10.0,0.0,success,False,2026-08-28T00:22:36.820060+09:00
Smoke History,1300.0,0.0,success,True,2026-08-21T00:07:59.311862+09:00
Smoke Hub,,,failed,False,2026-08-21T00:09:33.821521+09:00
Smoke Identifier,,,failed,False,2026-08-23T13:09:55.014275+09:00
Smoke Inbox,,,failed,False,2026-08-21T00:06:48.646021+09:00
Smoke Incentive,,,failed,False,2026-08-27T21:17:34.468079+09:00
Smoke Index,3600.0,0.0,success,True,2026-08-21T00:08:35.535549+09:00
Smoke Installment,,,failed,False,2026-08-23T16:14:11.722628+09:00
Smoke Item,590.0,6.0,success,False,2026-08-21T01:59:47.241476+09:00
Smoke Journal,110.0,2.0,success,False,2026-08-21T00:05:45.974525+09:00
Smoke Keeper,30.0,13.0,success,False,2026-08-21T00:12:01.439565+09:00
Smoke Kit,,,failed,False,2026-08-27T22:50:57.800091+09:00
Smoke Lab,2900.0,2.0,success,False,2026-08-21T00:10:58.171885+09:00
Smoke Label,30.0,0.0,success,False,2026-08-27T22:13:01.149795+09:00
Smoke Layout,20.0,48.0,success,False,2026-08-27T22:29:20.594574+09:00
Smoke Ledger,,,failed,False,2026-08-21T00:10:46.000113+09:00
Smoke Level,480.0,0.0,success,False,2026-08-21T00:08:06.282154+09:00
Smoke Line,1300.0,1.0,success,False,2026-08-21T00:07:05.249232+09:00
Smoke Link,480.0,93.0,success,False,2026-08-23T03:22:48.132111+09:00
Smoke List,90.0,0.0,success,False,2026-08-21T00:09:00.299581+09:00
Smoke Loan,,,failed,False,2026-08-21T02:07:46.443072+09:00
Smoke Lobby,260.0,0.0,success,False,2026-08-21T00:06:59.654665+09:00
Smoke Locator,,,failed,False,2026-08-21T00:05:58.957091+09:00
Smoke Locker,390.0,10.0,success,False,2026-08-21T00:06:10.990572+09:00
Smoke Log,590.0,90.0,success,False,2026-08-21T00:07:16.411531+09:00
Smoke Loop,720.0,3.0,success,False,2026-08-21T00:10:14.810334+09:00
Smoke Manager,,,failed,False,2026-08-21T00:12:04.000178+09:00
Smoke Manual,10.0,0.0,success,False,2026-08-27T22:13:01.149795+09:00
Smoke Map,60500.0,0.0,success,True,2026-08-21T00:10:34.597077+09:00
Smoke Margin,,,failed,False,2026-08-23T02:56:45.800075+09:00
Smoke Memo,,,failed,False,2026-08-21T00:26:21.311990+09:00
Smoke Message,50.0,0.0,success,False,2026-08-27T23:16:41.409509+09:00
Smoke Monitor,140.0,34.0,success,False,2026-08-21T00:05:29.824761+09:00
Smoke Nexus,,,failed,False,2026-08-21T00:11:51.224044+09:00
Smoke Note,1000.0,2.0,success,False,2026-08-21T00:07:38.957051+09:00
Smoke Notification,10.0,0.0,success,False,2026-08-27T22:50:57.800091+09:00
Smoke Number,210.0,0.0,success,False,2026-08-23T03:22:42.501986+09:00
Smoke Office,90.0,0.0,success,False,2026-08-21T00:06:05.500178+09:00
Smoke Ops,1600.0,5.0,success,False,2026-08-21T00:05:39.660885+09:00
Smoke Order,260.0,1.0,success,False,2026-08-21T00:08:47.899784+09:00
Smoke Outpost,,,failed,False,2026-08-21T00:06:31.070365+09:00
Smoke Overage,,,failed,False,2026-08-27T21:48:42.861590+09:00
Smoke Overdue,,,failed,False,2026-08-27T21:48:38.041939+09:00
Smoke Panel,90.0,46.0,success,False,2026-08-21T00:11:21.339663+09:00
Smoke Pass,70.0,0.0,success,False,2026-08-21T00:25:40.973918+09:00
Smoke Passport,,,failed,False,2026-08-21T00:06:57.541230+09:00
Smoke Path,260.0,0.0,success,False,2026-08-21T00:10:23.316441+09:00
Smoke Payoff,,,failed,False,2026-08-27T21:48:40.249889+09:00
Smoke Penalty,,,failed,False,2026-08-23T16:39:00.201041+09:00
Smoke Petition,20.0,,success,False,2026-08-21T01:01:44.513558+09:00
Smoke Plan,70.0,12.0,success,False,2026-08-21T01:59:53.471915+09:00
Smoke Planner,,,failed,False,2026-08-21T00:05:21.567045+09:00
Smoke Playbook,,,failed,False,2026-08-21T00:05:42.702163+09:00
Smoke Plaza,,,failed,False,2026-08-21T00:06:33.457247+09:00
Smoke Point,8100.0,1.0,success,False,2026-08-21T00:10:27.698876+09:00
Smoke Portal,50.0,0.0,success,False,2026-08-21T00:11:15.329507+09:00
Smoke Post,720.0,51.0,success,False,2026-08-21T00:06:28.229778+09:00
Smoke Profile,320.0,37.0,success,False,2026-08-21T00:07:44.849905+09:00
Smoke Profit,170.0,0.0,success,False,2026-08-23T02:56:38.023044+09:00
Smoke Proposal,,,failed,False,2026-08-28T01:04:09.060597+09:00
Smoke Radar,3600.0,0.0,success,True,2026-08-21T00:09:38.850867+09:00
Smoke Rail,,,failed,False,2026-08-21T00:11:33.849438+09:00
Smoke Rate,480.0,0.0,success,False,2026-08-21T00:08:09.199254+09:00
Smoke Recap,210.0,0.0,success,False,2026-08-21T01:02:00.042656+09:00
Smoke Receipt,,,failed,False,2026-08-21T00:08:53.382830+09:00
Smoke Recorder,,,failed,False,2026-08-27T23:31:50.398588+09:00
Smoke Register,,,failed,False,2026-08-21T00:05:36.511484+09:00
Smoke Relay,30.0,84.0,success,False,2026-08-21T00:09:42.716549+09:00
Smoke Reminder,10.0,43.0,success,False,2026-08-21T00:08:32.112101+09:00
Smoke Report,390.0,0.0,success,False,2026-08-21T00:07:13.344965+09:00
Smoke Result,50.0,3.0,success,False,2026-08-28T00:46:39.262631+09:00
Smoke Ring,14800.0,2.0,success,False,2026-08-21T00:11:44.764762+09:00
Smoke Roll,,,failed,False,2026-08-21T00:07:10.102459+09:00
Smoke Roster,,,failed,False,2026-08-21T00:06:45.845117+09:00
Smoke Route,110.0,0.0,success,False,2026-08-21T00:11:31.112963+09:00
Smoke Rule,,,failed,False,2026-08-23T03:22:53.557175+09:00
Smoke Sale,1600.0,100.0,success,False,2026-08-21T02:24:39.206528+09:00
Smoke Sample,30.0,3.0,success,False,2026-08-21T00:09:15.337380+09:00
Smoke Scale,260.0,1.0,success,False,2026-08-21T00:11:27.452285+09:00
Smoke Scope,10.0,0.0,success,False,2026-08-21T00:10:12.835483+09:00
Smoke Score,10.0,0.0,success,False,2026-08-21T00:07:33.633888+09:00
Smoke Serial,590.0,0.0,success,False,2026-08-23T13:26:30.213560+09:00
Smoke Sheet,210.0,1.0,success,False,2026-08-21T00:07:26.703840+09:00
Smoke Shelf,320.0,1.0,success,False,2026-08-21T00:06:41.845552+09:00
Smoke Shortfall,,,failed,False,2026-08-27T21:48:49.180539+09:00
Smoke Signal,60500.0,1.0,success,False,2026-08-21T00:10:08.386733+09:00
Smoke Signature,30.0,0.0,success,False,2026-08-23T13:26:35.864064+09:00
Smoke Slip,,,failed,False,2026-08-21T00:09:11.987938+09:00
Smoke Slot,,,failed,False,2026-08-21T00:09:19.692750+09:00
Smoke Stake,170.0,3.0,success,False,2026-08-23T02:56:43.732981+09:00
Smoke Stamp,10.0,0.0,success,False,2026-08-23T13:26:38.136224+09:00
Smoke Statement,,,failed,False,2026-08-21T00:26:05.533599+09:00
Smoke Station,8100.0,0.0,success,True,2026-08-21T00:11:04.008018+09:00
Smoke Status,480.0,0.0,success,False,2026-08-21T00:07:51.744677+09:00
Smoke Studio,2400.0,1.0,success,False,2026-08-21T00:10:55.494824+09:00
Smoke Subsidy,,,failed,False,2026-08-23T15:51:26.748439+09:00
Smoke Sum,2400.0,4.0,success,False,2026-08-21T02:24:23.153426+09:00
Smoke Summary,10.0,0.0,success,False,2026-08-21T00:08:26.557259+09:00
Smoke Surtax,,,failed,False,2026-08-23T15:51:28.689965+09:00
Smoke Table,1300.0,40.0,success,False,2026-08-21T00:09:06.463923+09:00
Smoke Tag,320.0,0.0,success,False,2026-08-21T00:07:41.757493+09:00
Smoke Tally,,,failed,False,2026-08-21T00:26:10.737162+09:00
Smoke Tariff,40.0,0.0,success,False,2026-08-21T02:41:45.973513+09:00
Smoke Tax,9900.0,0.0,success,True,2026-08-21T02:07:41.553019+09:00
Smoke Terminal,390.0,0.0,success,False,2026-08-21T00:11:07.276592+09:00
Smoke Ticker,,,failed,False,2026-08-21T00:07:02.641295+09:00
Smoke Ticket,140.0,1.0,success,False,2026-08-21T00:08:43.301972+09:00
Smoke Tier,,,failed,False,2026-08-28T00:46:44.536375+09:00
Smoke Timeline,260.0,6.0,success,False,2026-08-21T00:08:29.674648+09:00
Smoke Timer,9900.0,1.0,success,False,2026-08-28T00:22:26.191039+09:00
Smoke Token,1600.0,0.0,success,True,2026-08-23T13:26:32.402839+09:00
Smoke Toll,,,failed,False,2026-08-21T02:41:35.267281+09:00
Smoke Toolbox,,,failed,False,2026-08-28T00:22:34.191902+09:00
Smoke Total,,,failed,False,2026-08-27T23:16:41.409509+09:00
Smoke Tower,1000.0,40.0,success,False,2026-08-21T00:06:39.076451+09:00
Smoke Tracker,1600.0,0.0,success,True,2026-08-21T00:09:23.484193+09:00
Smoke Trail,1600.0,4.0,success,False,2026-08-21T00:11:37.455869+09:00
Smoke Trend,110.0,2.0,success,False,2026-08-28T01:04:00.519509+09:00
Smoke Trial,50.0,4.0,success,False,2026-08-27T21:17:31.626510+09:00
Smoke Unit,260.0,6.0,success,False,2026-08-21T01:59:50.051478+09:00
Smoke Update,170.0,0.0,success,False,2026-08-21T00:08:12.228304+09:00
Smoke Value,,,failed,False,2026-08-23T02:56:41.108127+09:00
Smoke Vault,1900.0,74.0,success,False,2026-08-21T00:09:46.713564+09:00
Smoke Version,,,failed,False,2026-08-23T03:22:45.099275+09:00
Smoke View,50.0,0.0,success,False,2026-08-21T00:07:55.712848+09:00
Smoke Voucher,,,failed,False,2026-08-21T00:25:47.755507+09:00
Smoke Watch,480.0,13.0,success,False,2026-08-21T00:10:10.668873+09:00
Smoke Wave,2900.0,1.0,success,False,2026-08-21T00:10:20.448306+09:00
Smoke Widget,,,failed,False,2026-08-27T23:16:45.468022+09:00
Smoke Window,1600.0,2.0,success,False,2026-08-21T00:07:07.636475+09:00
Smoke Worksheet,,,failed,False,2026-08-27T22:13:04.123105+09:00
Smoke Yard,590.0,1.0,success,False,2026-08-21T00:06:22.845965+09:00
Smoke Zone,33100.0,1.0,success,False,2026-08-21T00:11:12.755377+09:00
Snow Advance,,,failed,False,2026-08-23T16:12:24.179825+09:00
Snow Advisory,450000.0,0.0,success,True,2026-08-21T00:58:34.367334+09:00
Snow Allowance,,,failed,False,2026-08-21T02:38:51.441238+09:00
Snow Almanac,20.0,,success,False,2026-08-18T23:52:12.135262+09:00
Snow Analyzer,,,failed,False,2026-08-27T23:54:15.015364+09:00
Snow Anchor,1000.0,53.0,success,False,2026-08-17T23:13:22.671425+09:00
Snow Arrears,,,failed,False,2026-08-23T16:12:20.898327+09:00
Snow Assistant,,,failed,False,2026-08-17T23:14:01.287138+09:00
Snow Atlas,480.0,19.0,success,False,2026-08-17T23:05:11.266926+09:00
Snow Attribute,,,failed,False,2026-08-23T13:07:32.830763+09:00
Snow Badge,30.0,0.0,success,False,2026-08-21T00:32:15.885792+09:00
Snow Base,2400.0,9.0,success,False,2026-08-17T23:13:04.753315+09:00
Snow Beacon,260.0,45.0,success,False,2026-08-17T23:11:46.496961+09:00
Snow Bill,110.0,0.0,success,False,2026-08-19T21:48:48.534569+09:00
Snow Blueprint,30.0,0.0,success,False,2026-08-18T23:52:12.135262+09:00
Snow Board,673000.0,75.0,success,False,2026-08-17T23:31:27.985495+09:00
Snow Book,2400.0,51.0,success,False,2026-08-19T21:49:45.321625+09:00
Snow Bridge,1900.0,2.0,success,False,2026-08-17T23:28:54.506937+09:00
Snow Brief,,,failed,False,2026-08-21T00:58:25.474774+09:00
Snow Bulletin,30.0,0.0,success,False,2026-08-21T01:06:53.303863+09:00
Snow Calculator,6600.0,0.0,success,True,2026-08-27T23:33:37.262266+09:00
Snow Calendar,320.0,0.0,success,False,2026-08-19T00:04:30.591993+09:00
Snow Card,2400.0,25.0,success,False,2026-08-19T13:24:25.669672+09:00
Snow Cascade,590.0,1.0,success,False,2026-08-17T23:06:22.536636+09:00
Snow Cash,70.0,10.0,success,False,2026-08-21T02:21:59.749711+09:00
Snow Cashback,,,failed,False,2026-08-26T22:29:25.643786+09:00
Snow Catalog,50.0,1.0,success,False,2026-08-19T21:07:29.278050+09:00
Snow Category,10.0,0.0,success,False,2026-08-23T13:07:29.372228+09:00
Snow Center,2400.0,16.0,success,False,2026-08-17T23:32:18.106895+09:00
Snow Chain,40500.0,84.0,success,False,2026-08-17T23:33:40.972373+09:00
Snow Charge,40.0,0.0,success,False,2026-08-21T02:38:43.386978+09:00
Snow Check,590.0,2.0,success,False,2026-08-19T13:24:58.997710+09:00
Snow Checker,590.0,2.0,success,False,2026-08-27T23:54:10.053801+09:00
Snow Checklist,70.0,3.0,success,False,2026-08-19T21:06:37.485931+09:00
Snow Circular,,,failed,False,2026-08-21T00:59:23.990159+09:00
Snow Cockpit,,,failed,False,2026-08-17T23:26:20.273293+09:00
Snow Code,390.0,1.0,success,False,2026-08-19T21:49:14.059786+09:00
Snow Codex,,,failed,False,2026-08-18T23:52:12.135262+09:00
Snow Companion,70.0,5.0,success,False,2026-08-17T23:12:02.312580+09:00
Snow Comparison,50.0,0.0,success,False,2026-08-28T01:05:14.146226+09:00
Snow Compass,70.0,0.0,success,False,2026-08-17T23:28:17.323230+09:00
Snow Compendium,,,failed,False,2026-08-18T23:52:12.135262+09:00
Snow Confirmation,,,failed,False,2026-08-21T00:58:42.850183+09:00
Snow Console,,,failed,False,2026-08-17T23:05:34.845009+09:00
Snow Contribution,,,failed,False,2026-08-23T16:12:20.898327+09:00
Snow Core,260.0,0.0,success,False,2026-08-17T23:31:10.385394+09:00
Snow Cost,50.0,1.0,success,False,2026-08-21T02:06:57.377866+09:00
Snow Counter,210.0,0.0,success,False,2026-08-19T00:05:07.956398+09:00
Snow Coupon,110.0,14.0,success,False,2026-08-26T22:29:12.332951+09:00
Snow Dashboard,170.0,7.0,success,False,2026-08-17T23:04:48.646277+09:00
Snow Deal,590.0,33.0,success,False,2026-08-21T01:59:06.761411+09:00
Snow Debt,,,failed,False,2026-08-21T02:21:48.463008+09:00
Snow Deck,880.0,13.0,success,False,2026-08-17T23:14:41.375835+09:00
Snow Depot,110.0,1.0,success,False,2026-08-19T00:04:54.234777+09:00
Snow Desk,260.0,14.0,success,False,2026-08-17T23:27:48.723968+09:00
Snow Detail,110.0,0.0,success,False,2026-08-23T03:19:15.336839+09:00
Snow Detector,170.0,7.0,success,False,2026-08-27T23:54:15.015364+09:00
Snow Dial,10.0,45.0,success,False,2026-08-17T23:12:41.358995+09:00
Snow Digest,,,failed,False,2026-08-19T20:38:26.547735+09:00
Snow Directory,,,failed,False,2026-08-19T00:04:35.680723+09:00
Snow Discount,110.0,95.0,success,False,2026-08-23T16:12:18.349007+09:00
Snow Dock,20.0,0.0,success,False,2026-08-17T23:14:22.352504+09:00
Snow Dossier,,,failed,False,2026-08-21T00:58:47.378244+09:00
Snow Draft,50.0,0.0,success,False,2026-08-19T20:38:46.605593+09:00
Snow Due,140.0,22.0,success,False,2026-08-23T15:50:33.287746+09:00
Snow Duty,30.0,0.0,success,False,2026-08-21T02:38:45.456500+09:00
Snow Endowment,,,failed,False,2026-08-23T15:50:40.596656+09:00
Snow Engine,590.0,0.0,success,False,2026-08-17T23:24:58.944526+09:00
Snow Entry,20.0,7.0,success,False,2026-08-21T00:59:01.913298+09:00
Snow Estimate,480.0,0.0,success,False,2026-08-19T21:07:19.840236+09:00
Snow Estimator,10.0,,success,False,2026-08-27T23:54:10.053801+09:00
Snow Excerpt,,,failed,False,2026-08-21T00:58:57.845239+09:00
Snow Extension,70.0,0.0,success,False,2026-08-23T16:38:05.799118+09:00
Snow Fare,,,failed,False,2026-08-21T02:07:11.746620+09:00
Snow Fee,20.0,3.0,success,False,2026-08-21T01:58:50.893233+09:00
Snow Feed,50.0,0.0,success,False,2026-08-19T20:38:36.542684+09:00
Snow File,90.0,0.0,success,False,2026-08-19T20:37:57.270685+09:00
Snow Finder,210.0,9.0,success,False,2026-08-19T00:04:47.180412+09:00
Snow Fine,390.0,1.0,success,False,2026-08-23T02:54:31.488130+09:00
Snow Flag,480.0,16.0,success,False,2026-08-21T00:32:54.976982+09:00
Snow Flow,1600.0,86.0,success,False,2026-08-17T23:08:28.176792+09:00
Snow Forge,50.0,1.0,success,False,2026-08-17T23:28:37.439215+09:00
Snow Form,720.0,61.0,success,False,2026-08-19T13:24:17.578330+09:00
Snow Format,10.0,0.0,success,False,2026-08-23T13:07:37.097248+09:00
Snow Frame,480.0,15.0,success,False,2026-08-17T23:30:45.182553+09:00
Snow Fund,880.0,1.0,success,False,2026-08-21T02:21:55.234205+09:00
Snow Gate,1600.0,2.0,success,False,2026-08-17T23:10:45.795183+09:00
Snow Giveaway,,,failed,False,2026-08-27T21:12:51.148194+09:00
Snow Grade,,,failed,False,2026-08-21T00:32:40.998784+09:00
Snow Graph,720.0,6.0,success,False,2026-08-27T22:06:46.717056+09:00
Snow Grid,90.0,0.0,success,False,2026-08-17T23:29:46.030396+09:00
Snow Guarantee,70.0,4.0,success,False,2026-08-28T01:05:22.748209+09:00
Snow Guard,5400.0,100.0,success,False,2026-08-17T23:27:03.515384+09:00
Snow Guardian,110.0,0.0,success,False,2026-08-28T00:24:12.580711+09:00
Snow Guidebook,,,failed,False,2026-08-18T23:52:12.135262+09:00
Snow Helpdesk,30.0,27.0,success,False,2026-08-27T22:45:55.749339+09:00
Snow Helper,90.0,10.0,success,False,2026-08-28T00:24:14.921300+09:00
Snow History,480.0,0.0,success,False,2026-08-19T20:37:49.991412+09:00
Snow Hotline,10.0,0.0,success,False,2026-08-19T21:07:38.685875+09:00
Snow Hub,260.0,0.0,success,False,2026-08-17T23:27:34.340862+09:00
Snow Identifier,,,failed,False,2026-08-23T13:07:26.060181+09:00
Snow Incentive,,,failed,False,2026-08-27T21:12:51.148194+09:00
Snow Index,70.0,0.0,success,False,2026-08-19T21:06:46.189471+09:00
Snow Insight,,,failed,False,2026-08-17T23:26:06.305227+09:00
Snow Installment,,,failed,False,2026-08-23T16:12:18.349007+09:00
Snow Item,170.0,60.0,success,False,2026-08-21T01:58:55.002196+09:00
Snow Journal,70.0,0.0,success,False,2026-08-18T23:52:12.135262+09:00
Snow Keeper,50.0,0.0,success,False,2026-08-17T23:12:20.668668+09:00
Snow Kit,2900.0,6.0,success,False,2026-08-27T22:45:43.680386+09:00
Snow Lab,2900.0,30.0,success,False,2026-08-17T23:09:32.191803+09:00
Snow Label,30.0,0.0,success,False,2026-08-27T22:06:51.467328+09:00
Snow Ledger,,,failed,False,2026-08-17T23:07:47.336176+09:00
Snow Lens,110.0,43.0,success,False,2026-08-17T23:05:59.212452+09:00
Snow Level,2900.0,0.0,success,True,2026-08-19T20:38:03.591827+09:00
Snow Levy,,,failed,False,2026-08-23T13:45:20.654502+09:00
Snow Link,260.0,0.0,success,False,2026-08-23T03:19:08.908804+09:00
Snow List,50.0,0.0,success,False,2026-08-19T21:49:23.695269+09:00
Snow Loan,30.0,21.0,success,False,2026-08-21T02:07:20.173569+09:00
Snow Locator,480.0,2.0,success,False,2026-08-19T00:04:42.603293+09:00
Snow Lock,50.0,0.0,success,False,2026-08-17T23:11:27.104300+09:00
Snow Log,170.0,1.0,success,False,2026-08-19T13:24:07.507599+09:00
Snow Loop,170.0,0.0,success,False,2026-08-17T23:14:59.429645+09:00
Snow Manager,20.0,0.0,success,False,2026-08-17T23:24:40.372556+09:00
Snow Manual,260.0,98.0,success,False,2026-08-27T22:06:55.016444+09:00
Snow Map,27100.0,0.0,success,True,2026-08-17T23:30:30.158673+09:00
Snow Markup,,,failed,False,2026-08-23T16:38:01.127600+09:00
Snow Memo,,,failed,False,2026-08-21T00:32:45.504063+09:00
Snow Message,110.0,0.0,success,False,2026-08-27T23:11:21.967752+09:00
Snow Meter,260.0,13.0,success,False,2026-08-17T23:33:00.502135+09:00
Snow Metrics,40.0,0.0,success,False,2026-08-17T23:10:28.342550+09:00
Snow Monitor,90.0,0.0,success,False,2026-08-17T23:15:32.901211+09:00
Snow Navigator,,,failed,False,2026-08-17T23:26:34.514876+09:00
Snow Nexus,,,failed,False,2026-08-17T23:23:57.574570+09:00
Snow Node,10.0,0.0,success,False,2026-08-17T23:23:41.484558+09:00
Snow Note,70.0,0.0,success,False,2026-08-19T13:25:14.797860+09:00
Snow Notification,30.0,0.0,success,False,2026-08-27T22:45:43.680386+09:00
Snow Number,140.0,0.0,success,False,2026-08-23T03:19:01.069685+09:00
Snow Office,70.0,2.0,success,False,2026-08-19T00:05:01.988375+09:00
Snow Ops,140.0,0.0,success,False,2026-08-17T23:06:43.544679+09:00
Snow Order,170.0,4.0,success,False,2026-08-19T21:48:34.329578+09:00
Snow Organizer,,,failed,False,2026-08-17T23:25:51.814430+09:00
Snow Overdraft,,,failed,False,2026-08-23T15:50:35.558538+09:00
Snow Overdue,,,failed,False,2026-08-27T21:45:56.763524+09:00
Snow Panel,90.0,12.0,success,False,2026-08-17T23:32:47.059992+09:00
Snow Pass,2900.0,6.0,success,False,2026-08-21T00:32:03.646563+09:00
Snow Path,720.0,0.0,success,False,2026-08-17T23:04:12.037031+09:00
Snow Penalty,,,failed,False,2026-08-23T16:38:01.127600+09:00
Snow Petition,,,failed,False,2026-08-21T00:58:38.777262+09:00
Snow Pilot,390.0,0.0,success,False,2026-08-17T23:15:18.258563+09:00
Snow Plan,210.0,4.0,success,False,2026-08-21T01:59:01.512881+09:00
Snow Planner,210.0,4.0,success,False,2026-08-17T23:25:33.384672+09:00
Snow Playbook,,,failed,False,2026-08-18T23:52:12.135262+09:00
Snow Point,2400.0,0.0,success,True,2026-08-17T23:30:16.319777+09:00
Snow Portal,390.0,0.0,success,False,2026-08-17T23:32:34.743858+09:00
Snow Preview,10.0,0.0,success,False,2026-08-28T01:05:17.423675+09:00
Snow Profile,170.0,0.0,success,False,2026-08-19T13:25:55.543115+09:00
Snow Profit,10.0,2.0,success,False,2026-08-23T02:54:26.725947+09:00
Snow Proposal,260.0,0.0,success,False,2026-08-28T01:05:20.139067+09:00
Snow Pulse,210.0,4.0,success,False,2026-08-17T23:09:52.206266+09:00
Snow Queue,20.0,2.0,success,False,2026-08-19T21:07:06.926428+09:00
Snow Quota,,,failed,False,2026-08-21T00:32:50.317142+09:00
Snow Radar,18100.0,0.0,success,True,2026-08-17T23:10:08.054607+09:00
Snow Rail,1000.0,69.0,success,False,2026-08-17T23:33:25.716051+09:00
Snow Rate,260.0,3.0,success,False,2026-08-19T20:38:10.418620+09:00
Snow Recap,10.0,0.0,success,False,2026-08-21T01:00:06.148655+09:00
Snow Receipt,,,failed,False,2026-08-19T21:49:01.029648+09:00
Snow Recorder,10.0,,success,False,2026-08-27T23:33:41.786723+09:00
Snow Register,320.0,1.0,success,False,2026-08-17T23:26:50.492047+09:00
Snow Registry,,,failed,False,2026-08-18T23:52:12.135262+09:00
Snow Relay,,,failed,False,2026-08-17T23:28:04.378663+09:00
Snow Reminder,,,failed,False,2026-08-19T21:06:27.741536+09:00
Snow Report,60500.0,1.0,success,False,2026-08-19T13:23:44.398972+09:00
Snow Roadmap,,,failed,False,2026-08-18T23:52:12.135262+09:00
Snow Roster,10.0,0.0,success,False,2026-08-19T00:38:52.130938+09:00
Snow Route,1000.0,0.0,success,True,2026-08-17T23:33:11.202195+09:00
Snow Rule,720.0,0.0,success,False,2026-08-23T03:19:12.816359+09:00
Snow Sale,480.0,99.0,success,False,2026-08-21T02:22:03.460496+09:00
Snow Sample,90.0,0.0,success,False,2026-08-19T21:50:09.573666+09:00
Snow Scale,170.0,0.0,success,False,2026-08-17T23:07:30.676472+09:00
Snow Scanner,260.0,0.0,success,False,2026-08-27T23:54:12.617602+09:00
Snow Scheduler,,,failed,False,2026-08-17T23:08:49.702335+09:00
Snow Scope,170.0,1.0,success,False,2026-08-17T23:29:31.685360+09:00
Snow Score,30.0,0.0,success,False,2026-08-19T13:25:04.340704+09:00
Snow Sentry,,,failed,False,2026-08-17T23:24:15.710246+09:00
Snow Sheet,720.0,34.0,success,False,2026-08-19T13:24:49.306222+09:00
Snow Signal,110.0,0.0,success,False,2026-08-17T23:29:09.953642+09:00
Snow Slip,720.0,1.0,success,False,2026-08-19T21:49:58.938963+09:00
Snow Slot,110.0,3.0,success,False,2026-08-19T21:50:21.596797+09:00
Snow Snapshot,10.0,,success,False,2026-08-18T23:52:12.135262+09:00
Snow Stake,2900.0,99.0,success,False,2026-08-23T02:54:28.936816+09:00
Snow Statement,70.0,0.0,success,False,2026-08-21T00:32:28.890378+09:00
Snow Station,3600.0,2.0,success,False,2026-08-17T23:32:02.596672+09:00
Snow Status,320.0,1.0,success,False,2026-08-19T20:37:34.944185+09:00
Snow Streak,10.0,0.0,success,False,2026-08-28T00:47:20.872913+09:00
Snow Stub,,,failed,False,2026-08-21T00:32:20.380964+09:00
Snow Studio,260.0,1.0,success,False,2026-08-17T23:31:42.326204+09:00
Snow Subsidy,,,failed,False,2026-08-23T15:50:38.471158+09:00
Snow Suite,22200.0,100.0,success,False,2026-08-17T23:07:02.817989+09:00
Snow Sum,10.0,0.0,success,False,2026-08-21T02:21:44.938268+09:00
Snow Summary,50.0,0.0,success,False,2026-08-19T21:06:04.880535+09:00
Snow Surtax,,,failed,False,2026-08-23T15:50:42.648286+09:00
Snow Sync,170.0,0.0,success,False,2026-08-17T23:27:19.198277+09:00
Snow Tab,6600.0,1.0,success,False,2026-08-21T00:33:01.322590+09:00
Snow Table,320.0,4.0,success,False,2026-08-19T21:49:35.357194+09:00
Snow Tag,140.0,0.0,success,False,2026-08-19T13:25:47.267780+09:00
Snow Tally,10.0,0.0,success,False,2026-08-21T00:32:34.737926+09:00
Snow Tariff,,,failed,False,2026-08-21T02:38:54.796216+09:00
Snow Tax,50.0,0.0,success,False,2026-08-21T02:07:16.373051+09:00
Snow Ticket,1600.0,11.0,success,False,2026-08-19T21:06:56.055921+09:00
Snow Tier,40.0,4.0,success,False,2026-08-28T00:47:24.969957+09:00
Snow Timeline,320.0,0.0,success,False,2026-08-19T21:06:15.149170+09:00
Snow Toll,10.0,0.0,success,False,2026-08-21T02:38:47.806400+09:00
Snow Toolbox,,,failed,False,2026-08-28T00:24:14.921300+09:00
Snow Toolkit,,,failed,False,2026-08-18T22:12:19.566532+09:00
Snow Total,40500.0,7.0,success,False,2026-08-27T23:11:25.184143+09:00
Snow Tracker,14800.0,6.0,success,False,2026-08-17T23:13:43.600383+09:00
Snow Trail,27100.0,1.0,success,False,2026-08-17T23:09:09.172246+09:00
Snow Trend,480.0,1.0,success,False,2026-08-28T01:05:14.146226+09:00
Snow Trial,90.0,0.0,success,False,2026-08-27T21:12:46.088803+09:00
Snow Unit,30.0,0.0,success,False,2026-08-21T01:58:57.371926+09:00
Snow Update,2400.0,0.0,success,True,2026-08-19T20:38:18.738836+09:00
Snow Vault,20.0,0.0,success,False,2026-08-17T23:04:27.580981+09:00
Snow Version,90.0,0.0,success,False,2026-08-23T03:19:05.834960+09:00
Snow View,5400.0,1.0,success,False,2026-08-19T20:37:42.979136+09:00
Snow Voucher,10.0,57.0,success,False,2026-08-21T00:32:08.971513+09:00
Snow Watch,6600.0,1.0,success,False,2026-08-17T23:08:06.421601+09:00
Snow Wave,720.0,0.0,success,False,2026-08-17T23:30:03.516281+09:00
Snow Widget,390.0,0.0,success,False,2026-08-27T23:11:28.090319+09:00
Snow Workbench,,,failed,False,2026-08-18T22:12:13.672404+09:00
Snow Worksheet,140.0,0.0,success,False,2026-08-27T22:06:58.606007+09:00
Snow Workshop,20.0,1.0,success,False,2026-08-28T00:24:10.123784+09:00
Snow Zone,9900.0,8.0,success,False,2026-08-17T23:11:08.683373+09:00
Soil Advisory,10.0,7.0,success,False,2026-08-21T00:58:54.317507+09:00
Soil Allowance,,,failed,False,2026-08-21T02:39:27.182357+09:00
Soil Almanac,,,failed,False,2026-08-18T22:05:33.744970+09:00
Soil Analyzer,320.0,100.0,success,False,2026-08-27T23:58:08.716476+09:00
Soil Anchor,880.0,97.0,success,False,2026-08-17T20:43:09.097865+09:00
Soil Asset,,,failed,False,2026-08-23T13:47:13.508679+09:00
Soil Assistant,,,failed,False,2026-08-17T23:32:11.092346+09:00
Soil Atlas,170.0,1.0,success,False,2026-08-17T20:33:51.962760+09:00
Soil Attribute,,,failed,False,2026-08-23T13:07:04.865387+09:00
Soil Badge,,,failed,False,2026-08-21T00:36:26.230021+09:00
Soil Balance,110.0,5.0,success,False,2026-08-23T13:47:13.508679+09:00
Soil Base,260.0,56.0,success,False,2026-08-18T07:52:19.092235+09:00
Soil Beacon,,,failed,False,2026-08-17T20:46:56.962156+09:00
Soil Bill,,,failed,False,2026-08-19T22:02:50.225246+09:00
Soil Blueprint,,,failed,False,2026-08-18T22:05:23.943754+09:00
Soil Board,110.0,36.0,success,False,2026-08-17T21:37:36.095439+09:00
Soil Book,880.0,100.0,success,False,2026-08-19T22:03:39.900427+09:00
Soil Bridge,30.0,0.0,success,False,2026-08-17T20:44:04.848400+09:00
Soil Brief,,,failed,False,2026-08-21T00:58:44.836971+09:00
Soil Bulletin,,,failed,False,2026-08-21T00:58:40.847726+09:00
Soil Calculator,33100.0,5.0,success,False,2026-08-27T23:36:04.672816+09:00
Soil Calendar,10.0,0.0,success,False,2026-08-18T23:59:30.074918+09:00
Soil Card,40500.0,0.0,success,True,2026-08-19T13:28:19.124767+09:00
Soil Cascade,,,failed,False,2026-08-17T20:44:54.516764+09:00
Soil Cash,,,failed,False,2026-08-21T02:23:37.293511+09:00
Soil Cashback,,,failed,False,2026-08-27T21:17:29.346524+09:00
Soil Catalog,,,failed,False,2026-08-19T21:19:17.312411+09:00
Soil Category,9900.0,1.0,success,False,2026-08-23T13:07:02.783000+09:00
Soil Center,50.0,5.0,success,False,2026-08-17T21:31:05.600589+09:00
Soil Chain,10.0,0.0,success,False,2026-08-17T20:38:32.473394+09:00
Soil Charge,110.0,4.0,success,False,2026-08-21T02:39:12.661070+09:00
Soil Check,33100.0,92.0,success,False,2026-08-19T13:28:41.334086+09:00
Soil Checker,33100.0,92.0,success,False,2026-08-27T23:58:03.075368+09:00
Soil Checklist,,,failed,False,2026-08-19T21:18:17.728493+09:00
Soil Circular,,,failed,False,2026-08-21T01:00:06.148655+09:00
Soil Cockpit,,,failed,False,2026-08-17T23:07:18.335398+09:00
Soil Code,110.0,0.0,success,False,2026-08-19T22:03:11.253996+09:00
Soil Codex,,,failed,False,2026-08-18T22:05:50.321080+09:00
Soil Companion,,,failed,False,2026-08-17T23:33:17.146702+09:00
Soil Comparison,50.0,0.0,success,False,2026-08-28T01:08:23.846955+09:00
Soil Compass,40.0,1.0,success,False,2026-08-17T20:48:15.314618+09:00
Soil Compendium,,,failed,False,2026-08-18T22:05:42.226060+09:00
Soil Confirmation,,,failed,False,2026-08-21T00:59:03.951352+09:00
Soil Console,,,failed,False,2026-08-17T20:46:20.020027+09:00
Soil Converter,30.0,42.0,success,False,2026-08-27T23:36:10.117910+09:00
Soil Core,1300.0,10.0,success,False,2026-08-17T21:41:04.521769+09:00
Soil Cost,480.0,77.0,success,False,2026-08-21T02:08:03.839367+09:00
Soil Counter,,,failed,False,2026-08-19T00:00:28.920086+09:00
Soil Coupon,10.0,39.0,success,False,2026-08-27T21:17:26.157906+09:00
Soil Dashboard,20.0,0.0,success,False,2026-08-17T23:33:04.806706+09:00
Soil Deal,480.0,100.0,success,False,2026-08-21T01:51:47.599222+09:00
Soil Debt,,,failed,False,2026-08-21T02:23:31.419607+09:00
Soil Deck,,,failed,False,2026-08-17T21:36:30.682605+09:00
Soil Depot,260.0,17.0,success,False,2026-08-19T00:00:12.518097+09:00
Soil Desk,,,failed,False,2026-08-17T21:33:48.082783+09:00
Soil Detail,20.0,0.0,success,False,2026-08-23T03:18:56.291245+09:00
Soil Detector,480.0,100.0,success,False,2026-08-27T23:58:05.711455+09:00
Soil Diagram,1900.0,0.0,success,True,2026-08-27T22:12:55.481525+09:00
Soil Dial,,,failed,False,2026-08-17T20:44:24.451216+09:00
Soil Digest,50.0,7.0,success,False,2026-08-19T20:45:04.260812+09:00
Soil Directory,,,failed,False,2026-08-18T23:59:40.785220+09:00
Soil Discount,50.0,100.0,success,False,2026-08-23T16:14:56.824333+09:00
Soil Dock,,,failed,False,2026-08-17T20:41:06.345123+09:00
Soil Dossier,,,failed,False,2026-08-21T00:59:08.363801+09:00
Soil Downpayment,,,failed,False,2026-08-27T21:48:35.689301+09:00
Soil Draft,,,failed,False,2026-08-19T20:45:18.016255+09:00
Soil Duty,,,failed,False,2026-08-21T02:39:16.897271+09:00
Soil Engine,10.0,0.0,success,False,2026-08-17T23:03:41.404316+09:00
Soil Entry,,,failed,False,2026-08-21T00:59:28.178022+09:00
Soil Estimate,,,failed,False,2026-08-19T21:19:06.268561+09:00
Soil Estimator,140.0,6.0,success,False,2026-08-27T23:58:00.506831+09:00
Soil Excerpt,,,failed,False,2026-08-21T00:59:17.321844+09:00
Soil Extension,20.0,18.0,success,False,2026-08-23T16:39:21.186657+09:00
Soil Fare,,,failed,False,2026-08-21T02:08:11.666475+09:00
Soil Fee,140.0,0.0,success,False,2026-08-21T01:51:32.906314+09:00
Soil Feed,170.0,99.0,success,False,2026-08-19T20:45:10.019254+09:00
Soil File,40.0,0.0,success,False,2026-08-19T20:44:29.865338+09:00
Soil Finder,30.0,0.0,success,False,2026-08-19T00:00:01.654497+09:00
Soil Flag,,,failed,False,2026-08-21T00:24:43.469777+09:00
Soil Flow,170.0,3.0,success,False,2026-08-17T21:36:57.018160+09:00
Soil Forge,,,failed,False,2026-08-17T20:45:51.407426+09:00
Soil Form,590.0,1.0,success,False,2026-08-19T13:28:08.778125+09:00
Soil Format,590.0,1.0,success,False,2026-08-23T13:07:07.950459+09:00
Soil Frame,30.0,3.0,success,False,2026-08-18T07:52:06.675931+09:00
Soil Fund,,,failed,False,2026-08-21T02:23:33.552099+09:00
Soil Gate,10.0,0.0,success,False,2026-08-17T20:35:45.912195+09:00
Soil Giveaway,20.0,0.0,success,False,2026-08-27T21:17:37.644775+09:00
Soil Grade,,,failed,False,2026-08-21T00:36:42.590036+09:00
Soil Graph,110.0,0.0,success,False,2026-08-27T22:12:46.306034+09:00
Soil Grid,390.0,8.0,success,False,2026-08-17T20:38:59.956902+09:00
Soil Guard,1000.0,74.0,success,False,2026-08-17T21:41:36.452024+09:00
Soil Guardian,70.0,1.0,success,False,2026-08-28T00:26:57.692425+09:00
Soil Guidebook,,,failed,False,2026-08-18T22:05:06.428384+09:00
Soil Helper,,,failed,False,2026-08-28T00:26:57.692425+09:00
Soil History,210.0,0.0,success,False,2026-08-19T20:44:19.706681+09:00
Soil Hotline,,,failed,False,2026-08-19T21:19:30.531478+09:00
Soil Hub,70.0,0.0,success,False,2026-08-17T21:35:58.459168+09:00
Soil Identifier,260.0,4.0,success,False,2026-08-23T13:07:02.783000+09:00
Soil Incentive,,,failed,False,2026-08-27T21:17:34.468079+09:00
Soil Index,720.0,0.0,success,False,2026-08-19T21:18:28.771702+09:00
Soil Insight,,,failed,False,2026-08-17T23:12:30.403803+09:00
Soil Installment,,,failed,False,2026-08-23T16:14:56.824333+09:00
Soil Item,70.0,7.0,success,False,2026-08-21T01:51:35.759053+09:00
Soil Journal,320.0,3.0,success,False,2026-08-18T22:04:44.992531+09:00
Soil Keeper,50.0,10.0,success,False,2026-08-17T20:31:38.107939+09:00
Soil Kit,480.0,88.0,success,False,2026-08-27T22:49:42.275363+09:00
Soil Lab,1600.0,5.0,success,False,2026-08-17T21:34:24.214520+09:00
Soil Label,110.0,5.0,success,False,2026-08-27T22:12:46.306034+09:00
Soil Ledger,,,failed,False,2026-08-17T21:38:46.123803+09:00
Soil Lens,30.0,0.0,success,False,2026-08-17T20:32:12.868338+09:00
Soil Level,6600.0,100.0,success,False,2026-08-19T20:44:35.831978+09:00
Soil Levy,,,failed,False,2026-08-23T13:47:15.992604+09:00
Soil Link,50.0,0.0,success,False,2026-08-23T03:18:48.364198+09:00
Soil List,70.0,0.0,success,False,2026-08-19T22:03:20.182030+09:00
Soil Loan,,,failed,False,2026-08-21T02:08:19.202315+09:00
Soil Locator,,,failed,False,2026-08-18T23:59:51.056306+09:00
Soil Lock,50.0,38.0,success,False,2026-08-17T20:34:19.305897+09:00
Soil Log,170.0,9.0,success,False,2026-08-19T13:28:00.720814+09:00
Soil Loop,,,failed,False,2026-08-17T20:39:54.147287+09:00
Soil Manager,1900.0,1.0,success,False,2026-08-18T07:52:46.019796+09:00
Soil Manual,40.0,6.0,success,False,2026-08-27T22:12:52.289733+09:00
Soil Map,6600.0,1.0,success,False,2026-08-17T20:33:23.313632+09:00
Soil Margin,,,failed,False,2026-08-23T02:54:35.289098+09:00
Soil Marker,50.0,100.0,success,False,2026-08-23T13:27:46.545552+09:00
Soil Markup,,,failed,False,2026-08-23T16:39:16.961219+09:00
Soil Memo,,,failed,False,2026-08-21T00:36:48.316365+09:00
Soil Message,10.0,0.0,success,False,2026-08-27T23:15:13.027326+09:00
Soil Meter,1600.0,100.0,success,False,2026-08-17T20:43:36.337910+09:00
Soil Metrics,20.0,0.0,success,False,2026-08-17T23:32:54.129749+09:00
Soil Monitor,480.0,83.0,success,False,2026-08-17T23:32:40.699548+09:00
Soil Navigator,20.0,2.0,success,False,2026-08-17T23:14:10.961193+09:00
Soil Nexus,,,failed,False,2026-08-17T20:34:43.926118+09:00
Soil Node,,,failed,False,2026-08-17T20:36:40.845127+09:00
Soil Note,720.0,0.0,success,False,2026-08-19T13:28:58.111204+09:00
Soil Notification,,,failed,False,2026-08-27T22:49:39.100911+09:00
Soil Number,40.0,6.0,success,False,2026-08-23T03:18:41.681571+09:00
Soil Office,110.0,0.0,success,False,2026-08-19T00:00:18.530849+09:00
Soil Ops,,,failed,False,2026-08-17T23:33:31.331574+09:00
Soil Order,1900.0,11.0,success,False,2026-08-19T22:02:41.688719+09:00
Soil Organizer,,,failed,False,2026-08-17T23:05:24.872109+09:00
Soil Overage,,,failed,False,2026-08-27T21:48:33.250783+09:00
Soil Overdue,,,failed,False,2026-08-27T21:48:28.268054+09:00
Soil Panel,30.0,0.0,success,False,2026-08-17T20:45:28.437462+09:00
Soil Pass,,,failed,False,2026-08-21T00:36:18.143483+09:00
Soil Path,110.0,4.0,success,False,2026-08-17T20:36:12.301778+09:00
Soil Payoff,,,failed,False,2026-08-27T21:48:30.689545+09:00
Soil Petition,,,failed,False,2026-08-21T00:58:59.914106+09:00
Soil Pilot,,,failed,False,2026-08-17T21:34:55.256705+09:00
Soil Plan,30.0,1.0,success,False,2026-08-21T01:51:40.699894+09:00
Soil Planner,20.0,9.0,success,False,2026-08-17T23:10:55.434729+09:00
Soil Playbook,,,failed,False,2026-08-18T22:04:34.092675+09:00
Soil Point,320.0,2.0,success,False,2026-08-17T20:35:12.658616+09:00
Soil Portal,90.0,4.0,success,False,2026-08-17T20:47:33.914967+09:00
Soil Preview,,,failed,False,2026-08-28T01:08:26.427990+09:00
Soil Profile,74000.0,0.0,success,True,2026-08-19T13:29:29.454455+09:00
Soil Profit,20.0,0.0,success,False,2026-08-23T02:54:28.936816+09:00
Soil Proposal,,,failed,False,2026-08-28T01:08:26.427990+09:00
Soil Pulse,40.0,11.0,success,False,2026-08-17T20:38:06.157627+09:00
Soil Queue,,,failed,False,2026-08-19T21:18:51.088595+09:00
Soil Quota,,,failed,False,2026-08-21T00:36:53.427787+09:00
Soil Radar,10.0,38.0,success,False,2026-08-17T21:32:53.372558+09:00
Soil Rail,,,failed,False,2026-08-17T20:40:20.065990+09:00
Soil Rate,140.0,1.0,success,False,2026-08-19T20:44:44.192245+09:00
Soil Recap,,,failed,False,2026-08-21T01:00:11.022856+09:00
Soil Receipt,,,failed,False,2026-08-19T22:02:59.053365+09:00
Soil Recorder,,,failed,False,2026-08-27T23:36:10.117910+09:00
Soil Register,40.0,9.0,success,False,2026-08-17T23:08:58.203851+09:00
Soil Registry,10.0,0.0,success,False,2026-08-18T22:05:15.577232+09:00
Soil Relay,,,failed,False,2026-08-17T21:31:41.054400+09:00
Soil Reminder,,,failed,False,2026-08-19T21:18:07.179482+09:00
Soil Report,1000.0,12.0,success,False,2026-08-19T13:27:53.720083+09:00
Soil Repository,,,failed,False,2026-08-27T23:15:25.030230+09:00
Soil Result,40.0,0.0,success,False,2026-08-28T00:48:34.201373+09:00
Soil Roadmap,,,failed,False,2026-08-18T22:05:59.558657+09:00
Soil Roster,,,failed,False,2026-08-19T00:38:32.004718+09:00
Soil Route,,,failed,False,2026-08-17T20:41:55.751231+09:00
Soil Rule,,,failed,False,2026-08-23T03:18:52.097037+09:00
Soil Sale,9900.0,100.0,success,False,2026-08-21T02:23:42.049826+09:00
Soil Sample,6600.0,46.0,success,False,2026-08-19T22:03:59.574342+09:00
Soil Scale,40.0,5.0,success,False,2026-08-17T20:42:41.908187+09:00
Soil Scanner,390.0,55.0,success,False,2026-08-27T23:58:05.711455+09:00
Soil Scheduler,,,failed,False,2026-08-17T23:32:27.078253+09:00
Soil Schematic,,,failed,False,2026-08-27T22:29:07.164636+09:00
Soil Scope,30.0,16.0,success,False,2026-08-17T20:40:44.017242+09:00
Soil Score,,,failed,False,2026-08-19T13:28:50.400701+09:00
Soil Sentry,,,failed,False,2026-08-17T20:32:47.475978+09:00
Soil Sheet,90.0,35.0,success,False,2026-08-19T13:28:31.111585+09:00
Soil Shortfall,,,failed,False,2026-08-27T21:48:38.041939+09:00
Soil Signal,,,failed,False,2026-08-17T20:42:13.997557+09:00
Soil Slip,90.0,0.0,success,False,2026-08-19T22:03:49.697196+09:00
Soil Snapshot,,,failed,False,2026-08-18T22:04:53.198463+09:00
Soil Statement,10.0,0.0,success,False,2026-08-21T00:36:35.821010+09:00
Soil Station,140.0,3.0,success,False,2026-08-17T21:33:22.663564+09:00
Soil Status,20.0,0.0,success,False,2026-08-19T20:44:03.742658+09:00
Soil Stub,,,failed,False,2026-08-21T00:36:30.694005+09:00
Soil Studio,1000.0,10.0,success,False,2026-08-17T21:35:24.685319+09:00
Soil Subsidy,,,failed,False,2026-08-23T15:52:07.033808+09:00
Soil Suite,,,failed,False,2026-08-17T23:31:50.854430+09:00
Soil Sum,,,failed,False,2026-08-21T02:23:27.282211+09:00
Soil Summary,50.0,0.0,success,False,2026-08-19T21:17:49.852730+09:00
Soil Sync,,,failed,False,2026-08-17T21:38:08.965654+09:00
Soil Tab,320.0,33.0,success,False,2026-08-21T00:24:49.316489+09:00
Soil Table,320.0,4.0,success,False,2026-08-19T22:03:30.282761+09:00
Soil Tag,,,failed,False,2026-08-19T13:29:07.755274+09:00
Soil Tally,,,failed,False,2026-08-21T00:36:40.261906+09:00
Soil Tariff,,,failed,False,2026-08-21T02:39:30.658601+09:00
Soil Tax,40.0,4.0,success,False,2026-08-21T02:08:15.230542+09:00
Soil Ticket,40.0,11.0,success,False,2026-08-19T21:18:38.634661+09:00
Soil Tier,20.0,0.0,success,False,2026-08-28T00:48:41.501339+09:00
Soil Timeline,10.0,0.0,success,False,2026-08-19T21:17:57.500423+09:00
Soil Timer,210.0,84.0,success,False,2026-08-28T00:26:55.262283+09:00
Soil Toll,,,failed,False,2026-08-21T02:39:23.092445+09:00
Soil Toolbox,,,failed,False,2026-08-28T00:26:57.692425+09:00
Soil Toolkit,,,failed,False,2026-08-18T22:04:25.779407+09:00
Soil Tracker,90.0,8.0,success,False,2026-08-17T21:39:37.908878+09:00
Soil Trail,70.0,2.0,success,False,2026-08-17T20:39:25.387216+09:00
Soil Trend,,,failed,False,2026-08-28T01:08:23.846955+09:00
Soil Trial,,,failed,False,2026-08-27T21:17:31.626510+09:00
Soil Unit,50.0,0.0,success,False,2026-08-21T02:05:57.421169+09:00
Soil Update,,,failed,False,2026-08-19T20:44:53.798353+09:00
Soil Vault,,,failed,False,2026-08-17T21:30:33.048254+09:00
Soil Version,10.0,0.0,success,False,2026-08-23T03:18:44.540602+09:00
Soil View,480.0,3.0,success,False,2026-08-19T20:44:10.013145+09:00
Soil Voucher,,,failed,False,2026-08-21T00:36:23.638187+09:00
Soil Watch,90.0,75.0,success,False,2026-08-17T20:41:27.066117+09:00
Soil Wave,10.0,0.0,success,False,2026-08-17T20:37:11.919122+09:00
Soil Widget,,,failed,False,2026-08-27T23:15:15.489365+09:00
Soil Workbench,,,failed,False,2026-08-18T22:04:12.568895+09:00
Soil Worksheet,390.0,0.0,success,False,2026-08-27T22:12:55.481525+09:00
Soil Zone,260.0,0.0,success,False,2026-08-17T21:30:00.229933+09:00
Solvency Advance,,,failed,False,2026-08-23T16:13:52.514202+09:00
Solvency Advisory,,,failed,False,2026-08-21T01:01:01.220689+09:00
Solvency Alert,,,failed,False,2026-08-21T00:47:05.432306+09:00
Solvency Allowance,,,failed,False,2026-08-21T02:40:49.577434+09:00
Solvency Analyzer,,,failed,False,2026-08-27T23:51:35.408395+09:00
Solvency Announcement,,,failed,False,2026-08-27T23:37:16.371136+09:00
Solvency Arrears,,,failed,False,2026-08-23T16:13:47.418622+09:00
Solvency Asset,,,failed,False,2026-08-23T13:45:48.186439+09:00
Solvency Assistant,,,failed,False,2026-08-21T00:45:35.455027+09:00
Solvency Atlas,,,failed,False,2026-08-21T00:45:19.199440+09:00
Solvency Attribute,,,failed,False,2026-08-23T13:09:32.906091+09:00
Solvency Badge,,,failed,False,2026-08-21T00:50:07.130228+09:00
Solvency Base,,,failed,False,2026-08-21T00:43:49.917491+09:00
Solvency Bay,,,failed,False,2026-08-21T00:46:31.440534+09:00
Solvency Beacon,,,failed,False,2026-08-21T00:51:04.799989+09:00
Solvency Bill,20.0,0.0,success,False,2026-08-21T00:49:29.914475+09:00
Solvency Board,,,failed,False,2026-08-21T00:44:07.435932+09:00
Solvency Booth,,,failed,False,2026-08-21T00:46:23.702871+09:00
Solvency Bridge,,,failed,False,2026-08-21T00:51:16.185060+09:00
Solvency Brief,,,failed,False,2026-08-21T01:00:52.686966+09:00
Solvency Bulletin,,,failed,False,2026-08-21T01:00:48.316316+09:00
Solvency Calculator,10.0,0.0,success,False,2026-08-27T23:37:19.077435+09:00
Solvency Calendar,,,failed,False,2026-08-21T00:45:59.951643+09:00
Solvency Card,,,failed,False,2026-08-21T00:47:51.655449+09:00
Solvency Cascade,,,failed,False,2026-08-21T00:51:13.532405+09:00
Solvency Cash,,,failed,False,2026-08-21T02:23:45.182895+09:00
Solvency Category,,,failed,False,2026-08-23T13:09:30.268446+09:00
Solvency Center,,,failed,False,2026-08-21T00:44:30.138587+09:00
Solvency Chain,,,failed,False,2026-08-21T00:45:06.062419+09:00
Solvency Charge,,,failed,False,2026-08-21T02:40:41.069615+09:00
Solvency Chart,,,failed,False,2026-08-21T00:47:07.675748+09:00
Solvency Check,70.0,2.0,success,False,2026-08-21T00:47:57.951273+09:00
Solvency Checker,,,failed,False,2026-08-27T23:51:26.937833+09:00
Solvency Circular,,,failed,False,2026-08-21T01:02:52.646086+09:00
Solvency Code,,,failed,False,2026-08-21T00:49:37.584742+09:00
Solvency Companion,,,failed,False,2026-08-21T00:45:45.302081+09:00
Solvency Comparison,,,failed,False,2026-08-28T01:03:40.758183+09:00
Solvency Compass,,,failed,False,2026-08-21T00:51:01.092563+09:00
Solvency Confirmation,,,failed,False,2026-08-21T01:01:07.549578+09:00
Solvency Console,,,failed,False,2026-08-21T00:44:42.710868+09:00
Solvency Contribution,,,failed,False,2026-08-23T16:13:45.288195+09:00
Solvency Core,,,failed,False,2026-08-21T00:43:57.229807+09:00
Solvency Cost,,,failed,False,2026-08-21T02:06:32.230213+09:00
Solvency Counter,,,failed,False,2026-08-21T00:46:15.039620+09:00
Solvency Deal,,,failed,False,2026-08-21T01:59:21.644967+09:00
Solvency Debt,,,failed,False,2026-08-21T02:23:37.293511+09:00
Solvency Deck,,,failed,False,2026-08-21T00:44:10.518978+09:00
Solvency Desk,,,failed,False,2026-08-21T00:50:41.630976+09:00
Solvency Detail,,,failed,False,2026-08-23T03:22:14.563475+09:00
Solvency Detector,,,failed,False,2026-08-27T23:51:32.749499+09:00
Solvency Directory,,,failed,False,2026-08-21T00:45:59.951643+09:00
Solvency Discount,,,failed,False,2026-08-23T16:13:39.752452+09:00
Solvency Dossier,,,failed,False,2026-08-21T01:01:11.672775+09:00
Solvency Downpayment,,,failed,False,2026-08-27T21:48:18.349819+09:00
Solvency Draft,,,failed,False,2026-08-21T00:48:54.666046+09:00
Solvency Duty,,,failed,False,2026-08-21T02:40:43.977421+09:00
Solvency Engine,,,failed,False,2026-08-21T00:45:33.278488+09:00
Solvency Entry,,,failed,False,2026-08-21T01:01:22.274781+09:00
Solvency Estimate,,,failed,False,2026-08-21T00:49:20.798290+09:00
Solvency Estimator,,,failed,False,2026-08-27T23:51:26.937833+09:00
Solvency Fare,,,failed,False,2026-08-21T02:06:40.735071+09:00
Solvency Fee,10.0,0.0,success,False,2026-08-21T01:59:08.747160+09:00
Solvency Feed,,,failed,False,2026-08-21T00:48:51.829218+09:00
Solvency Field,,,failed,False,2026-08-23T13:09:35.316031+09:00
Solvency File,,,failed,False,2026-08-21T00:48:33.175763+09:00
Solvency Finder,,,failed,False,2026-08-21T00:46:06.764298+09:00
Solvency Fine,,,failed,False,2026-08-23T02:56:17.565255+09:00
Solvency Flow,,,failed,False,2026-08-21T00:50:35.331865+09:00
Solvency Forge,,,failed,False,2026-08-21T00:51:10.614458+09:00
Solvency Form,40.0,0.0,success,False,2026-08-21T00:47:46.608049+09:00
Solvency Format,10.0,0.0,success,False,2026-08-23T13:09:37.494287+09:00
Solvency Frame,,,failed,False,2026-08-21T00:43:46.604021+09:00
Solvency Fund,,,failed,False,2026-08-21T02:23:42.049826+09:00
Solvency Gate,,,failed,False,2026-08-21T00:45:13.293562+09:00
Solvency Generator,,,failed,False,2026-08-27T23:31:16.874593+09:00
Solvency Graph,,,failed,False,2026-08-27T22:12:17.686005+09:00
Solvency Grid,,,failed,False,2026-08-21T00:51:35.796791+09:00
Solvency Guarantee,10.0,1.0,success,False,2026-08-28T01:03:45.781044+09:00
Solvency Guardian,,,failed,False,2026-08-28T00:22:04.244333+09:00
Solvency Helpdesk,,,failed,False,2026-08-27T22:50:35.805109+09:00
Solvency Helper,,,failed,False,2026-08-28T00:22:11.514597+09:00
Solvency History,,,failed,False,2026-08-21T00:48:26.954363+09:00
Solvency Hub,,,failed,False,2026-08-21T00:50:38.979933+09:00
Solvency Identifier,,,failed,False,2026-08-23T13:09:27.676904+09:00
Solvency Inbox,,,failed,False,2026-08-21T00:47:01.645682+09:00
Solvency Index,10.0,3.0,success,False,2026-08-21T00:49:12.731444+09:00
Solvency Installment,,,failed,False,2026-08-23T16:13:42.146359+09:00
Solvency Item,,,failed,False,2026-08-21T01:59:11.823228+09:00
Solvency Journal,10.0,,success,False,2026-08-21T00:45:54.993375+09:00
Solvency Keeper,,,failed,False,2026-08-21T00:45:26.531767+09:00
Solvency Lab,,,failed,False,2026-08-21T00:44:18.522946+09:00
Solvency Ledger,,,failed,False,2026-08-21T00:43:59.576313+09:00
Solvency Level,10.0,0.0,success,False,2026-08-21T00:48:36.635325+09:00
Solvency Levy,,,failed,False,2026-08-23T13:45:55.611142+09:00
Solvency Line,,,failed,False,2026-08-21T00:47:29.450326+09:00
Solvency Link,,,failed,False,2026-08-23T03:22:09.250404+09:00
Solvency List,,,failed,False,2026-08-21T00:49:44.632195+09:00
Solvency Loan,,,failed,False,2026-08-21T02:06:47.400251+09:00
Solvency Lobby,,,failed,False,2026-08-21T00:47:19.116810+09:00
Solvency Locator,,,failed,False,2026-08-21T00:46:03.316699+09:00
Solvency Locker,,,failed,False,2026-08-21T00:46:19.116405+09:00
Solvency Log,,,failed,False,2026-08-21T00:47:44.020698+09:00
Solvency Loop,,,failed,False,2026-08-21T00:51:33.449317+09:00
Solvency Manager,,,failed,False,2026-08-21T00:45:30.035458+09:00
Solvency Manual,,,failed,False,2026-08-27T22:12:29.300608+09:00
Solvency Map,,,failed,False,2026-08-21T00:43:44.047110+09:00
Solvency Margin,390.0,0.0,success,False,2026-08-23T02:56:14.910502+09:00
Solvency Markup,,,failed,False,2026-08-23T16:38:50.541482+09:00
Solvency Memo,,,failed,False,2026-08-21T00:50:17.936305+09:00
Solvency Monitor,,,failed,False,2026-08-21T00:45:41.384268+09:00
Solvency Nexus,,,failed,False,2026-08-21T00:45:16.204972+09:00
Solvency Note,,,failed,False,2026-08-21T00:48:07.260312+09:00
Solvency Notification,,,failed,False,2026-08-27T22:50:28.774616+09:00
Solvency Number,,,failed,False,2026-08-23T03:22:01.031781+09:00
Solvency Office,,,failed,False,2026-08-21T00:46:12.825751+09:00
Solvency Ops,,,failed,False,2026-08-21T00:45:50.178398+09:00
Solvency Order,,,failed,False,2026-08-21T00:49:24.098446+09:00
Solvency Outline,,,failed,False,2026-08-27T22:29:13.251110+09:00
Solvency Outpost,,,failed,False,2026-08-21T00:46:39.668460+09:00
Solvency Overage,,,failed,False,2026-08-27T21:48:16.120561+09:00
Solvency Overdue,,,failed,False,2026-08-27T21:48:13.959890+09:00
Solvency Panel,,,failed,False,2026-08-21T00:44:45.180563+09:00
Solvency Pass,,,failed,False,2026-08-21T00:49:59.942955+09:00
Solvency Passport,,,failed,False,2026-08-21T00:47:16.635421+09:00
Solvency Path,,,failed,False,2026-08-21T00:43:34.117910+09:00
Solvency Payoff,,,failed,False,2026-08-27T21:48:13.959890+09:00
Solvency Penalty,,,failed,False,2026-08-23T16:38:47.783567+09:00
Solvency Petition,,,failed,False,2026-08-21T01:01:05.241118+09:00
Solvency Plan,10.0,0.0,success,False,2026-08-21T01:59:17.804525+09:00
Solvency Planner,,,failed,False,2026-08-21T00:45:39.218297+09:00
Solvency Playbook,,,failed,False,2026-08-21T00:45:52.774285+09:00
Solvency Plaza,,,failed,False,2026-08-21T00:46:42.116087+09:00
Solvency Point,,,failed,False,2026-08-21T00:43:36.715710+09:00
Solvency Portal,,,failed,False,2026-08-21T00:44:38.874906+09:00
Solvency Post,,,failed,False,2026-08-21T00:46:35.033553+09:00
Solvency Preview,,,failed,False,2026-08-28T01:03:43.206787+09:00
Solvency Profile,,,failed,False,2026-08-21T00:48:15.897610+09:00
Solvency Profit,,,failed,False,2026-08-23T02:56:03.136754+09:00
Solvency Proposal,,,failed,False,2026-08-28T01:03:43.206787+09:00
Solvency Quota,,,failed,False,2026-08-21T00:50:21.320378+09:00
Solvency Radar,,,failed,False,2026-08-21T00:50:48.093288+09:00
Solvency Rail,,,failed,False,2026-08-21T00:45:01.205149+09:00
Solvency Rank,,,failed,False,2026-08-28T00:46:30.511685+09:00
Solvency Rate,50.0,1.0,success,False,2026-08-21T00:48:40.223162+09:00
Solvency Recap,,,failed,False,2026-08-21T01:01:13.751057+09:00
Solvency Receipt,,,failed,False,2026-08-21T00:49:35.190382+09:00
Solvency Recorder,,,failed,False,2026-08-27T23:31:21.274329+09:00
Solvency Register,10.0,57.0,success,False,2026-08-21T00:45:47.976857+09:00
Solvency Relay,,,failed,False,2026-08-21T00:50:50.084554+09:00
Solvency Reminder,,,failed,False,2026-08-21T00:49:09.924663+09:00
Solvency Report,140.0,4.0,success,False,2026-08-21T00:47:41.484784+09:00
Solvency Repository,,,failed,False,2026-08-27T23:16:30.238245+09:00
Solvency Result,,,failed,False,2026-08-28T00:46:24.719309+09:00
Solvency Ring,,,failed,False,2026-08-21T00:45:10.747399+09:00
Solvency Roll,,,failed,False,2026-08-21T00:47:34.415597+09:00
Solvency Roster,,,failed,False,2026-08-21T00:46:56.943275+09:00
Solvency Route,,,failed,False,2026-08-21T00:44:54.956989+09:00
Solvency Rule,,,failed,False,2026-08-23T03:22:11.470893+09:00
Solvency Sale,,,failed,False,2026-08-21T02:23:48.995246+09:00
Solvency Sample,,,failed,False,2026-08-21T00:49:54.532841+09:00
Solvency Scale,,,failed,False,2026-08-21T00:44:52.376787+09:00
Solvency Scope,,,failed,False,2026-08-21T00:51:27.534494+09:00
Solvency Score,20.0,14.0,success,False,2026-08-21T00:48:04.911148+09:00
Solvency Sheet,,,failed,False,2026-08-21T00:47:54.639607+09:00
Solvency Shortfall,,,failed,False,2026-08-27T21:48:20.717175+09:00
Solvency Signal,,,failed,False,2026-08-21T00:51:22.640360+09:00
Solvency Slip,,,failed,False,2026-08-21T00:49:49.714688+09:00
Solvency Slot,,,failed,False,2026-08-21T00:49:56.955669+09:00
Solvency Stake,,,failed,False,2026-08-23T02:56:08.739557+09:00
Solvency Statement,480.0,0.0,success,False,2026-08-21T00:50:15.253919+09:00
Solvency Station,,,failed,False,2026-08-21T00:44:21.197874+09:00
Solvency Status,30.0,0.0,success,False,2026-08-21T00:48:18.650216+09:00
Solvency Streak,,,failed,False,2026-08-28T00:46:27.391148+09:00
Solvency Stub,,,failed,False,2026-08-21T00:50:09.781883+09:00
Solvency Studio,,,failed,False,2026-08-21T00:44:13.071089+09:00
Solvency Sum,,,failed,False,2026-08-21T02:23:33.552099+09:00
Solvency Summary,,,failed,False,2026-08-21T00:49:01.997073+09:00
Solvency Tab,,,failed,False,2026-08-21T00:50:26.220127+09:00
Solvency Table,,,failed,False,2026-08-21T00:49:47.730802+09:00
Solvency Tag,,,failed,False,2026-08-21T00:48:12.190063+09:00
Solvency Tariff,,,failed,False,2026-08-21T02:41:02.522533+09:00
Solvency Tax,10.0,0.0,success,False,2026-08-21T02:06:44.237427+09:00
Solvency Terminal,,,failed,False,2026-08-21T00:44:27.350497+09:00
Solvency Ticker,,,failed,False,2026-08-21T00:47:26.672100+09:00
Solvency Ticket,,,failed,False,2026-08-21T00:49:15.446712+09:00
Solvency Tier,,,failed,False,2026-08-28T00:46:27.391148+09:00
Solvency Timeline,,,failed,False,2026-08-21T00:49:04.500727+09:00
Solvency Toll,,,failed,False,2026-08-21T02:40:47.085181+09:00
Solvency Toolbox,,,failed,False,2026-08-28T00:22:09.034750+09:00
Solvency Total,,,failed,False,2026-08-27T23:16:21.897779+09:00
Solvency Tower,,,failed,False,2026-08-21T00:46:47.041557+09:00
Solvency Tracker,,,failed,False,2026-08-21T00:50:29.679005+09:00
Solvency Trail,,,failed,False,2026-08-21T00:45:03.734783+09:00
Solvency Trend,,,failed,False,2026-08-28T01:03:37.882161+09:00
Solvency Trial,,,failed,False,2026-08-27T21:17:10.879829+09:00
Solvency Unit,,,failed,False,2026-08-21T01:59:13.927606+09:00
Solvency Update,,,failed,False,2026-08-21T00:48:48.333943+09:00
Solvency Value,10.0,0.0,success,False,2026-08-23T02:56:06.421775+09:00
Solvency Vault,10.0,,success,False,2026-08-21T00:50:54.055448+09:00
Solvency Version,,,failed,False,2026-08-23T03:22:03.644415+09:00
Solvency View,,,failed,False,2026-08-21T00:48:24.716353+09:00
Solvency Voucher,,,failed,False,2026-08-21T00:50:04.499348+09:00
Solvency Watch,,,failed,False,2026-08-21T00:51:25.324564+09:00
Solvency Wave,,,failed,False,2026-08-21T00:51:42.581125+09:00
Solvency Widget,,,failed,False,2026-08-27T23:16:21.897779+09:00
Solvency Window,,,failed,False,2026-08-21T00:47:32.281403+09:00
Solvency Worksheet,10.0,0.0,success,False,2026-08-27T22:12:29.300608+09:00
Solvency Workshop,,,failed,False,2026-08-28T00:22:04.244333+09:00
Solvency Yard,,,failed,False,2026-08-21T00:46:29.176332+09:00
Solvency Zone,,,failed,False,2026-08-21T00:44:32.272154+09:00
Sourcing Advance,,,failed,False,2026-08-23T16:16:29.053349+09:00
Sourcing Allowance,,,failed,False,2026-08-21T02:42:06.283895+09:00
Sourcing Almanac,,,failed,False,2026-08-18T22:10:12.310168+09:00
Sourcing Analyzer,,,failed,False,2026-08-27T23:59:30.142774+09:00
Sourcing Anchor,,,failed,False,2026-08-17T21:38:40.825363+09:00
Sourcing Arrears,,,failed,False,2026-08-23T16:16:29.053349+09:00
Sourcing Assistant,390.0,1.0,success,False,2026-08-17T23:04:36.399044+09:00
Sourcing Atlas,,,failed,False,2026-08-17T20:45:51.407426+09:00
Sourcing Attribute,,,failed,False,2026-08-23T13:08:19.388505+09:00
Sourcing Badge,,,failed,False,2026-08-21T00:28:13.699286+09:00
Sourcing Base,,,failed,False,2026-08-17T20:42:41.908187+09:00
Sourcing Beacon,,,failed,False,2026-08-17T20:32:10.469810+09:00
Sourcing Bill,,,failed,False,2026-08-19T21:48:04.651670+09:00
Sourcing Blueprint,,,failed,False,2026-08-18T22:10:06.625362+09:00
Sourcing Board,70.0,4.0,success,False,2026-08-17T20:40:19.019495+09:00
Sourcing Book,30.0,34.0,success,False,2026-08-19T21:49:09.518107+09:00
Sourcing Bridge,,,failed,False,2026-08-17T21:40:59.899740+09:00
Sourcing Brief,,,failed,False,2026-08-21T01:01:28.263811+09:00
Sourcing Bulletin,,,failed,False,2026-08-21T01:01:25.263035+09:00
Sourcing Calendar,20.0,0.0,success,False,2026-08-19T00:04:01.106556+09:00
Sourcing Card,,,failed,False,2026-08-19T13:35:12.097075+09:00
Sourcing Cascade,,,failed,False,2026-08-18T07:52:37.222006+09:00
Sourcing Cash,,,failed,False,2026-08-21T02:26:26.896086+09:00
Sourcing Cashback,,,failed,False,2026-08-27T21:19:05.213789+09:00
Sourcing Catalog,,,failed,False,2026-08-19T21:04:56.454622+09:00
Sourcing Category,90.0,7.0,success,False,2026-08-23T13:08:17.193422+09:00
Sourcing Center,30.0,3.0,success,False,2026-08-17T20:34:42.726088+09:00
Sourcing Chain,10.0,43.0,success,False,2026-08-17T21:32:50.995270+09:00
Sourcing Charge,,,failed,False,2026-08-21T02:41:51.779430+09:00
Sourcing Check,,,failed,False,2026-08-19T13:35:27.432298+09:00
Sourcing Checker,,,failed,False,2026-08-27T23:59:23.650703+09:00
Sourcing Checklist,20.0,2.0,success,False,2026-08-19T21:03:51.507952+09:00
Sourcing Cockpit,10.0,29.0,success,False,2026-08-17T23:27:13.113305+09:00
Sourcing Code,40.0,2.0,success,False,2026-08-19T21:48:31.545228+09:00
Sourcing Codex,,,failed,False,2026-08-18T22:10:27.962314+09:00
Sourcing Companion,,,failed,False,2026-08-17T23:15:07.247244+09:00
Sourcing Comparison,,,failed,False,2026-08-28T01:01:42.257433+09:00
Sourcing Compass,,,failed,False,2026-08-17T20:33:21.754611+09:00
Sourcing Compendium,,,failed,False,2026-08-18T22:10:20.360888+09:00
Sourcing Confirmation,,,failed,False,2026-08-21T01:01:44.513558+09:00
Sourcing Console,,,failed,False,2026-08-17T20:31:36.969919+09:00
Sourcing Contribution,,,failed,False,2026-08-23T16:16:26.754683+09:00
Sourcing Converter,,,failed,False,2026-08-27T23:37:06.230002+09:00
Sourcing Core,,,failed,False,2026-08-17T20:41:54.470071+09:00
Sourcing Cost,90.0,2.0,success,False,2026-08-21T02:10:41.178409+09:00
Sourcing Count,,,failed,False,2026-08-27T22:51:13.312396+09:00
Sourcing Counter,,,failed,False,2026-08-19T00:04:44.561310+09:00
Sourcing Coupon,,,failed,False,2026-08-27T21:19:05.213789+09:00
Sourcing Dashboard,40.0,16.0,success,False,2026-08-17T23:08:13.716761+09:00
Sourcing Deal,,,failed,False,2026-08-21T01:54:53.118600+09:00
Sourcing Debt,,,failed,False,2026-08-21T02:26:18.130699+09:00
Sourcing Deck,,,failed,False,2026-08-17T20:39:23.919432+09:00
Sourcing Depot,,,failed,False,2026-08-19T00:04:33.745752+09:00
Sourcing Desk,10.0,0.0,success,False,2026-08-17T20:37:08.027448+09:00
Sourcing Detail,,,failed,False,2026-08-23T03:21:14.808090+09:00
Sourcing Detector,,,failed,False,2026-08-27T23:59:26.259431+09:00
Sourcing Diagram,10.0,0.0,success,False,2026-08-27T22:14:38.233626+09:00
Sourcing Dial,,,failed,False,2026-08-17T21:41:36.452024+09:00
Sourcing Digest,,,failed,False,2026-08-19T20:48:48.411735+09:00
Sourcing Directory,260.0,4.0,success,False,2026-08-19T00:04:11.501446+09:00
Sourcing Discount,,,failed,False,2026-08-23T16:16:21.487176+09:00
Sourcing Dock,,,failed,False,2026-08-17T21:35:58.459168+09:00
Sourcing Dossier,,,failed,False,2026-08-21T01:01:49.387114+09:00
Sourcing Downpayment,,,failed,False,2026-08-27T21:50:00.180912+09:00
Sourcing Draft,,,failed,False,2026-08-19T20:49:01.783681+09:00
Sourcing Due,,,failed,False,2026-08-23T15:52:40.502270+09:00
Sourcing Duty,,,failed,False,2026-08-21T02:41:59.910977+09:00
Sourcing Engine,20.0,26.0,success,False,2026-08-17T23:26:10.639676+09:00
Sourcing Entry,,,failed,False,2026-08-21T01:02:06.881859+09:00
Sourcing Estimate,,,failed,False,2026-08-19T21:04:42.466598+09:00
Sourcing Estimator,,,failed,False,2026-08-27T23:59:23.650703+09:00
Sourcing Excerpt,,,failed,False,2026-08-21T01:02:54.788235+09:00
Sourcing Fare,,,failed,False,2026-08-21T02:10:49.609792+09:00
Sourcing Fee,110.0,1.0,success,False,2026-08-21T01:54:36.208936+09:00
Sourcing Feed,,,failed,False,2026-08-19T20:48:55.006137+09:00
Sourcing Field,,,failed,False,2026-08-23T13:08:21.567126+09:00
Sourcing File,2900.0,0.0,success,True,2026-08-19T20:48:26.152213+09:00
Sourcing Finder,,,failed,False,2026-08-19T00:04:28.645558+09:00
Sourcing Fine,,,failed,False,2026-08-23T02:56:21.131414+09:00
Sourcing Flag,,,failed,False,2026-08-21T00:29:02.215162+09:00
Sourcing Flow,,,failed,False,2026-08-17T20:39:52.233588+09:00
Sourcing Forge,,,failed,False,2026-08-18T07:52:27.935751+09:00
Sourcing Form,30.0,0.0,success,False,2026-08-19T13:34:28.843739+09:00
Sourcing Format,1000.0,3.0,success,False,2026-08-23T13:08:24.927067+09:00
Sourcing Frame,,,failed,False,2026-08-17T20:43:34.295212+09:00
Sourcing Fund,,,failed,False,2026-08-21T02:26:24.473700+09:00
Sourcing Gate,90.0,1.0,success,False,2026-08-17T20:48:13.207047+09:00
Sourcing Generator,3600.0,11.0,success,False,2026-08-27T23:37:06.230002+09:00
Sourcing Giveaway,,,failed,False,2026-08-27T21:19:11.248734+09:00
Sourcing Grade,,,failed,False,2026-08-21T00:28:42.115555+09:00
Sourcing Graph,,,failed,False,2026-08-27T22:14:23.666536+09:00
Sourcing Grid,40.0,14.0,success,False,2026-08-17T21:33:20.961288+09:00
Sourcing Guarantee,,,failed,False,2026-08-28T01:01:48.581211+09:00
Sourcing Guard,,,failed,False,2026-08-17T20:42:13.997557+09:00
Sourcing Guidebook,,,failed,False,2026-08-18T22:09:49.300650+09:00
Sourcing Helpdesk,,,failed,False,2026-08-27T22:51:13.312396+09:00
Sourcing Helper,,,failed,False,2026-08-28T00:20:56.154840+09:00
Sourcing History,170.0,0.0,success,False,2026-08-19T20:48:20.425473+09:00
Sourcing Hotline,,,failed,False,2026-08-19T21:05:07.680797+09:00
Sourcing Hub,480.0,4.0,success,False,2026-08-17T20:38:59.956902+09:00
Sourcing Identifier,,,failed,False,2026-08-23T13:08:15.174863+09:00
Sourcing Incentive,,,failed,False,2026-08-27T21:19:11.248734+09:00
Sourcing Index,,,failed,False,2026-08-19T21:04:04.689181+09:00
Sourcing Insight,90.0,5.0,success,False,2026-08-17T23:26:55.594772+09:00
Sourcing Installment,,,failed,False,2026-08-23T16:16:24.189782+09:00
Sourcing Item,,,failed,False,2026-08-21T01:54:42.335376+09:00
Sourcing Journal,1300.0,0.0,success,True,2026-08-18T22:09:34.112352+09:00
Sourcing Keeper,,,failed,False,2026-08-17T20:44:04.848400+09:00
Sourcing Kit,20.0,0.0,success,False,2026-08-27T22:51:07.925641+09:00
Sourcing Lab,1600.0,11.0,success,False,2026-08-17T20:37:38.706086+09:00
Sourcing Label,,,failed,False,2026-08-27T22:14:28.911513+09:00
Sourcing Ledger,,,failed,False,2026-08-17T20:41:03.029394+09:00
Sourcing Lens,10.0,4.0,success,False,2026-08-17T20:44:23.108645+09:00
Sourcing Level,,,failed,False,2026-08-19T20:48:32.959283+09:00
Sourcing Link,30.0,7.0,success,False,2026-08-23T03:21:07.842946+09:00
Sourcing List,2900.0,0.0,success,True,2026-08-19T21:48:44.866696+09:00
Sourcing Loan,,,failed,False,2026-08-21T02:10:55.409815+09:00
Sourcing Locator,,,failed,False,2026-08-19T00:04:20.197700+09:00
Sourcing Lock,,,failed,False,2026-08-17T20:46:16.531586+09:00
Sourcing Log,,,failed,False,2026-08-19T13:34:20.014616+09:00
Sourcing Loop,,,failed,False,2026-08-17T21:34:24.214520+09:00
Sourcing Manager,2400.0,4.0,success,False,2026-08-17T20:43:08.098438+09:00
Sourcing Manual,10.0,5.0,success,False,2026-08-27T22:14:32.870267+09:00
Sourcing Map,1600.0,79.0,success,False,2026-08-17T20:45:26.162726+09:00
Sourcing Margin,,,failed,False,2026-08-23T02:56:17.565255+09:00
Sourcing Markup,,,failed,False,2026-08-23T16:40:00.457844+09:00
Sourcing Memo,,,failed,False,2026-08-21T00:28:46.684495+09:00
Sourcing Message,,,failed,False,2026-08-27T23:16:30.238245+09:00
Sourcing Meter,,,failed,False,2026-08-17T21:39:34.435552+09:00
Sourcing Metrics,90.0,20.0,success,False,2026-08-17T23:13:32.470918+09:00
Sourcing Monitor,,,failed,False,2026-08-17T23:06:29.811396+09:00
Sourcing Navigator,,,failed,False,2026-08-17T23:27:23.938977+09:00
Sourcing Nexus,,,failed,False,2026-08-17T20:46:53.844827+09:00
Sourcing Node,,,failed,False,2026-08-17T21:30:30.781560+09:00
Sourcing Note,,,failed,False,2026-08-19T13:36:00.987511+09:00
Sourcing Notification,,,failed,False,2026-08-27T22:51:05.430430+09:00
Sourcing Number,,,failed,False,2026-08-23T03:20:56.810289+09:00
Sourcing Office,70.0,2.0,success,False,2026-08-19T00:04:39.958803+09:00
Sourcing Ops,,,failed,False,2026-08-17T23:10:00.779750+09:00
Sourcing Order,,,failed,False,2026-08-19T21:47:46.224144+09:00
Sourcing Organizer,,,failed,False,2026-08-17T23:26:38.652949+09:00
Sourcing Overage,,,failed,False,2026-08-27T21:49:57.609346+09:00
Sourcing Overdue,,,failed,False,2026-08-27T21:49:53.079168+09:00
Sourcing Panel,,,failed,False,2026-08-18T07:53:01.701423+09:00
Sourcing Pass,,,failed,False,2026-08-21T00:27:55.902205+09:00
Sourcing Path,,,failed,False,2026-08-17T20:49:39.030080+09:00
Sourcing Payoff,,,failed,False,2026-08-27T21:49:55.360701+09:00
Sourcing Penalty,,,failed,False,2026-08-23T16:39:58.056757+09:00
Sourcing Petition,,,failed,False,2026-08-21T01:01:41.528292+09:00
Sourcing Pilot,,,failed,False,2026-08-17T20:38:06.157627+09:00
Sourcing Plan,210.0,5.0,success,False,2026-08-21T01:54:48.965214+09:00
Sourcing Planner,210.0,5.0,success,False,2026-08-17T23:26:24.551704+09:00
Sourcing Playbook,260.0,7.0,success,False,2026-08-18T22:09:25.652147+09:00
Sourcing Point,10.0,2.0,success,False,2026-08-17T20:47:33.914967+09:00
Sourcing Portal,320.0,8.0,success,False,2026-08-17T20:32:47.475978+09:00
Sourcing Preview,,,failed,False,2026-08-28T01:01:45.010115+09:00
Sourcing Profile,30.0,4.0,success,False,2026-08-19T13:36:52.870932+09:00
Sourcing Profit,,,failed,False,2026-08-23T02:56:08.739557+09:00
Sourcing Proposal,,,failed,False,2026-08-28T01:01:45.010115+09:00
Sourcing Pulse,,,failed,False,2026-08-17T21:32:15.070878+09:00
Sourcing Queue,,,failed,False,2026-08-19T21:04:29.917389+09:00
Sourcing Quota,,,failed,False,2026-08-21T00:28:56.685784+09:00
Sourcing Radar,,,failed,False,2026-08-17T20:36:11.237181+09:00
Sourcing Rail,,,failed,False,2026-08-17T21:34:53.019649+09:00
Sourcing Rank,,,failed,False,2026-08-28T00:45:40.942680+09:00
Sourcing Rate,,,failed,False,2026-08-19T20:48:37.662202+09:00
Sourcing Recap,,,failed,False,2026-08-21T01:01:56.777468+09:00
Sourcing Receipt,,,failed,False,2026-08-19T21:48:17.560358+09:00
Sourcing Register,,,failed,False,2026-08-17T23:27:41.420797+09:00
Sourcing Registry,,,failed,False,2026-08-18T22:09:58.381010+09:00
Sourcing Relay,,,failed,False,2026-08-17T20:35:12.658616+09:00
Sourcing Reminder,,,failed,False,2026-08-19T21:03:33.928340+09:00
Sourcing Report,480.0,2.0,success,False,2026-08-19T13:34:11.345054+09:00
Sourcing Repository,,,failed,False,2026-08-27T23:16:37.182537+09:00
Sourcing Result,,,failed,False,2026-08-28T00:45:35.673593+09:00
Sourcing Roadmap,10.0,24.0,success,False,2026-08-18T22:10:36.115087+09:00
Sourcing Roster,,,failed,False,2026-08-19T00:37:20.289190+09:00
Sourcing Route,,,failed,False,2026-08-17T21:36:57.018160+09:00
Sourcing Rule,70.0,0.0,success,False,2026-08-23T03:21:12.022197+09:00
Sourcing Sale,,,failed,False,2026-08-21T02:26:29.042609+09:00
Sourcing Sample,,,failed,False,2026-08-19T21:49:32.440919+09:00
Sourcing Scale,,,failed,False,2026-08-17T21:38:08.965654+09:00
Sourcing Scanner,,,failed,False,2026-08-27T23:59:26.259431+09:00
Sourcing Scheduler,,,failed,False,2026-08-17T23:11:53.398319+09:00
Sourcing Scope,,,failed,False,2026-08-17T21:35:22.295985+09:00
Sourcing Score,,,failed,False,2026-08-19T13:35:47.282228+09:00
Sourcing Sentry,,,failed,False,2026-08-17T20:44:51.445524+09:00
Sourcing Sheet,50.0,1.0,success,False,2026-08-19T13:35:21.181056+09:00
Sourcing Shortfall,,,failed,False,2026-08-27T21:50:02.290136+09:00
Sourcing Signal,,,failed,False,2026-08-17T21:37:32.627735+09:00
Sourcing Slip,,,failed,False,2026-08-19T21:49:21.504748+09:00
Sourcing Slot,,,failed,False,2026-08-19T21:49:41.666387+09:00
Sourcing Snapshot,,,failed,False,2026-08-18T22:09:39.839296+09:00
Sourcing Stage,20.0,2.0,success,False,2026-08-28T00:45:35.673593+09:00
Sourcing Stake,,,failed,False,2026-08-23T02:56:14.910502+09:00
Sourcing Statement,70.0,0.0,success,False,2026-08-21T00:28:26.135871+09:00
Sourcing Station,,,failed,False,2026-08-17T20:36:39.507807+09:00
Sourcing Status,,,failed,False,2026-08-19T20:48:06.706582+09:00
Sourcing Stub,,,failed,False,2026-08-21T00:28:17.964653+09:00
Sourcing Studio,30.0,10.0,success,False,2026-08-17T20:38:31.317013+09:00
Sourcing Subsidy,,,failed,False,2026-08-23T15:52:42.470276+09:00
Sourcing Suite,,,failed,False,2026-08-17T23:10:15.371250+09:00
Sourcing Sum,,,failed,False,2026-08-21T02:26:14.215239+09:00
Sourcing Summary,,,failed,False,2026-08-19T21:33:04.196015+09:00
Sourcing Sync,,,failed,False,2026-08-17T20:40:42.163784+09:00
Sourcing Tab,,,failed,False,2026-08-21T00:29:10.279905+09:00
Sourcing Table,720.0,3.0,success,False,2026-08-19T21:48:58.615287+09:00
Sourcing Tag,,,failed,False,2026-08-19T13:36:47.380431+09:00
Sourcing Tally,,,failed,False,2026-08-21T00:28:32.365756+09:00
Sourcing Tariff,,,failed,False,2026-08-21T02:42:09.091272+09:00
Sourcing Tax,,,failed,False,2026-08-21T02:10:51.896971+09:00
Sourcing Ticket,,,failed,False,2026-08-19T21:04:15.563221+09:00
Sourcing Timeline,10.0,0.0,success,False,2026-08-19T21:03:18.431019+09:00
Sourcing Toll,,,failed,False,2026-08-21T02:42:02.551252+09:00
Sourcing Toolbox,10.0,16.0,success,False,2026-08-28T00:27:43.001225+09:00
Sourcing Toolkit,,,failed,False,2026-08-18T22:09:17.362565+09:00
Sourcing Total,,,failed,False,2026-08-27T23:16:30.238245+09:00
Sourcing Tracker,70.0,24.0,success,False,2026-08-17T20:41:24.809383+09:00
Sourcing Trail,,,failed,False,2026-08-17T21:33:48.082783+09:00
Sourcing Trend,10.0,37.0,success,False,2026-08-28T01:01:39.377915+09:00
Sourcing Trial,,,failed,False,2026-08-27T21:19:08.961232+09:00
Sourcing Unit,10.0,0.0,success,False,2026-08-21T01:54:45.555150+09:00
Sourcing Update,,,failed,False,2026-08-19T20:48:43.191337+09:00
Sourcing Value,170.0,0.0,success,False,2026-08-23T02:56:12.259379+09:00
Sourcing Vault,30.0,7.0,success,False,2026-08-17T20:34:18.335664+09:00
Sourcing Version,,,failed,False,2026-08-23T03:21:00.660532+09:00
Sourcing View,,,failed,False,2026-08-19T20:48:12.973996+09:00
Sourcing Voucher,,,failed,False,2026-08-21T00:28:03.957628+09:00
Sourcing Watch,,,failed,False,2026-08-17T21:36:28.444275+09:00
Sourcing Wave,,,failed,False,2026-08-17T21:31:02.177338+09:00
Sourcing Widget,,,failed,False,2026-08-27T23:16:34.240680+09:00
Sourcing Workbench,10.0,21.0,success,False,2026-08-18T22:09:09.487365+09:00
Sourcing Worksheet,,,failed,False,2026-08-27T22:14:35.571737+09:00
Sourcing Workshop,,,failed,False,2026-08-28T00:27:43.001225+09:00
Sourcing Zone,,,failed,False,2026-08-17T20:33:51.962760+09:00
Sponsor Advance,,,failed,False,2026-08-23T16:11:31.628533+09:00
Sponsor Advisory,,,failed,False,2026-08-21T01:06:42.544203+09:00
Sponsor Allowance,,,failed,False,2026-08-21T02:44:37.347457+09:00
Sponsor Almanac,,,failed,False,2026-08-18T22:04:12.568895+09:00
Sponsor Analyzer,,,failed,False,2026-08-27T23:52:37.462117+09:00
Sponsor Anchor,,,failed,False,2026-08-17T20:31:35.680631+09:00
Sponsor Announcement,140.0,2.0,success,False,2026-08-27T23:33:00.078931+09:00
Sponsor Arrears,,,failed,False,2026-08-23T16:11:27.999005+09:00
Sponsor Asset,,,failed,False,2026-08-23T13:45:20.654502+09:00
Sponsor Assistant,,,failed,False,2026-08-17T23:31:48.177682+09:00
Sponsor Atlas,70.0,0.0,success,False,2026-08-17T21:31:00.206645+09:00
Sponsor Badge,90.0,42.0,success,False,2026-08-21T00:33:25.139045+09:00
Sponsor Balance,,,failed,False,2026-08-23T13:48:40.375741+09:00
Sponsor Base,40.0,1.0,success,False,2026-08-17T20:45:50.172264+09:00
Sponsor Beacon,,,failed,False,2026-08-17T20:35:40.356029+09:00
Sponsor Bill,260.0,0.0,success,False,2026-08-19T21:57:19.204093+09:00
Sponsor Blueprint,,,failed,False,2026-08-18T22:04:00.845205+09:00
Sponsor Board,720.0,90.0,success,False,2026-08-17T20:43:05.974432+09:00
Sponsor Book,390.0,16.0,success,False,2026-08-19T21:58:11.207870+09:00
Sponsor Bridge,10.0,0.0,success,False,2026-08-17T20:32:44.310093+09:00
Sponsor Brief,210.0,0.0,success,False,2026-08-21T01:06:30.195338+09:00
Sponsor Bulletin,,,failed,False,2026-08-21T01:06:23.582625+09:00
Sponsor Calendar,50.0,62.0,success,False,2026-08-19T00:01:24.646371+09:00
Sponsor Card,320.0,23.0,success,False,2026-08-19T13:25:50.130591+09:00
Sponsor Cascade,,,failed,False,2026-08-17T20:33:48.971139+09:00
Sponsor Cash,10.0,2.0,success,False,2026-08-21T02:29:27.497336+09:00
Sponsor Cashback,,,failed,False,2026-08-27T21:13:32.051431+09:00
Sponsor Catalog,,,failed,False,2026-08-19T21:14:07.516927+09:00
Sponsor Category,70.0,0.0,success,False,2026-08-23T13:10:03.956535+09:00
Sponsor Center,10.0,0.0,success,False,2026-08-17T20:38:04.703276+09:00
Sponsor Chain,,,failed,False,2026-08-17T21:36:26.445152+09:00
Sponsor Charge,,,failed,False,2026-08-21T02:44:22.791251+09:00
Sponsor Check,590.0,1.0,success,False,2026-08-19T13:26:10.178451+09:00
Sponsor Checker,170.0,1.0,success,False,2026-08-27T23:52:30.197940+09:00
Sponsor Checklist,90.0,3.0,success,False,2026-08-19T21:13:11.253613+09:00
Sponsor Circular,20.0,0.0,success,False,2026-08-21T01:06:33.871335+09:00
Sponsor Cockpit,,,failed,False,2026-08-17T23:12:27.386442+09:00
Sponsor Code,590.0,1.0,success,False,2026-08-19T21:57:41.163401+09:00
Sponsor Codex,,,failed,False,2026-08-18T22:04:34.092675+09:00
Sponsor Companion,,,failed,False,2026-08-17T23:33:04.806706+09:00
Sponsor Comparison,,,failed,False,2026-08-28T01:03:16.681055+09:00
Sponsor Compass,,,failed,False,2026-08-17T20:36:38.149505+09:00
Sponsor Compendium,,,failed,False,2026-08-18T22:04:23.726026+09:00
Sponsor Confirmation,2400.0,0.0,success,True,2026-08-21T01:06:51.131996+09:00
Sponsor Console,,,failed,False,2026-08-17T20:35:08.080059+09:00
Sponsor Contribution,20.0,3.0,success,False,2026-08-23T16:11:24.096021+09:00
Sponsor Copayment,,,failed,False,2026-08-23T16:37:18.649152+09:00
Sponsor Core,,,failed,False,2026-08-17T20:44:46.784780+09:00
Sponsor Cost,260.0,2.0,success,False,2026-08-21T02:13:34.693364+09:00
Sponsor Count,,,failed,False,2026-08-27T22:45:37.997038+09:00
Sponsor Counter,10.0,0.0,success,False,2026-08-19T00:02:09.626106+09:00
Sponsor Coupon,,,failed,False,2026-08-27T21:13:32.051431+09:00
Sponsor Dashboard,20.0,14.0,success,False,2026-08-17T23:32:52.026751+09:00
Sponsor Deal,320.0,1.0,success,False,2026-08-21T01:58:06.326002+09:00
Sponsor Debt,,,failed,False,2026-08-21T02:29:19.301672+09:00
Sponsor Deck,260.0,10.0,success,False,2026-08-17T20:42:12.704128+09:00
Sponsor Depot,,,failed,False,2026-08-19T00:01:53.326080+09:00
Sponsor Desk,,,failed,False,2026-08-17T20:40:17.203996+09:00
Sponsor Detail,10.0,2.0,success,False,2026-08-23T03:24:09.830834+09:00
Sponsor Detector,,,failed,False,2026-08-27T23:52:35.044281+09:00
Sponsor Dial,,,failed,False,2026-08-17T20:33:18.087238+09:00
Sponsor Digest,,,failed,False,2026-08-19T20:42:29.664942+09:00
Sponsor Directory,20.0,16.0,success,False,2026-08-19T00:01:32.528747+09:00
Sponsor Discount,,,failed,False,2026-08-23T16:11:21.537507+09:00
Sponsor Dock,,,failed,False,2026-08-17T21:40:59.899740+09:00
Sponsor Dossier,170.0,4.0,success,False,2026-08-21T01:06:56.173532+09:00
Sponsor Draft,,,failed,False,2026-08-19T20:42:43.732696+09:00
Sponsor Due,,,failed,False,2026-08-23T15:50:16.987712+09:00
Sponsor Duty,,,failed,False,2026-08-21T02:44:28.484946+09:00
Sponsor Engine,,,failed,False,2026-08-17T23:09:18.796206+09:00
Sponsor Entry,,,failed,False,2026-08-21T01:07:09.616987+09:00
Sponsor Estimate,,,failed,False,2026-08-19T21:13:57.456241+09:00
Sponsor Estimator,,,failed,False,2026-08-27T23:52:26.282518+09:00
Sponsor Excerpt,,,failed,False,2026-08-21T01:07:05.419425+09:00
Sponsor Extension,30.0,1.0,success,False,2026-08-23T16:37:24.399501+09:00
Sponsor Fare,,,failed,False,2026-08-21T02:13:43.743607+09:00
Sponsor Fee,170.0,0.0,success,False,2026-08-21T01:57:52.664433+09:00
Sponsor Feed,,,failed,False,2026-08-19T20:42:37.692999+09:00
Sponsor File,70.0,1.0,success,False,2026-08-19T20:42:03.452660+09:00
Sponsor Finder,210.0,15.0,success,False,2026-08-19T00:01:46.968095+09:00
Sponsor Fine,,,failed,False,2026-08-23T02:58:18.393651+09:00
Sponsor Flag,140.0,100.0,success,False,2026-08-21T00:34:07.252682+09:00
Sponsor Flow,,,failed,False,2026-08-17T20:42:36.789908+09:00
Sponsor Forge,,,failed,False,2026-08-17T20:34:40.569545+09:00
Sponsor Form,2900.0,26.0,success,False,2026-08-19T13:25:22.323430+09:00
Sponsor Frame,20.0,83.0,success,False,2026-08-17T20:46:51.703605+09:00
Sponsor Fund,50.0,8.0,success,False,2026-08-21T02:29:22.487025+09:00
Sponsor Gate,,,failed,False,2026-08-17T21:33:19.243075+09:00
Sponsor Giveaway,170.0,5.0,success,False,2026-08-27T21:13:46.392108+09:00
Sponsor Grade,,,failed,False,2026-08-21T00:33:48.597432+09:00
Sponsor Graph,,,failed,False,2026-08-27T22:07:30.403670+09:00
Sponsor Grid,50.0,0.0,success,False,2026-08-17T21:36:54.710856+09:00
Sponsor Guarantee,20.0,2.0,success,False,2026-08-28T01:03:25.191639+09:00
Sponsor Guard,10.0,2.0,success,False,2026-08-17T20:45:24.269018+09:00
Sponsor Guardian,,,failed,False,2026-08-28T00:22:39.734824+09:00
Sponsor Guidebook,,,failed,False,2026-08-18T22:03:30.222566+09:00
Sponsor Helpdesk,,,failed,False,2026-08-27T22:45:40.412271+09:00
Sponsor Helper,20.0,6.0,success,False,2026-08-28T00:22:49.083106+09:00
Sponsor History,,,failed,False,2026-08-19T20:41:54.948325+09:00
Sponsor Hotline,,,failed,False,2026-08-19T21:14:17.350894+09:00
Sponsor Hub,70.0,3.0,success,False,2026-08-17T20:41:53.253624+09:00
Sponsor Identifier,,,failed,False,2026-08-23T13:10:01.579263+09:00
Sponsor Incentive,,,failed,False,2026-08-27T21:13:46.392108+09:00
Sponsor Index,20.0,2.0,success,False,2026-08-19T21:13:21.149067+09:00
Sponsor Insight,390.0,5.0,success,False,2026-08-17T23:05:21.665981+09:00
Sponsor Installment,,,failed,False,2026-08-23T16:11:21.537507+09:00
Sponsor Interest,,,failed,False,2026-08-23T13:45:20.654502+09:00
Sponsor Item,,,failed,False,2026-08-21T01:57:54.921820+09:00
Sponsor Journal,,,failed,False,2026-08-18T22:03:07.731550+09:00
Sponsor Keeper,,,failed,False,2026-08-17T20:47:28.313560+09:00
Sponsor Kit,110.0,1.0,success,False,2026-08-27T22:45:28.853044+09:00
Sponsor Lab,10.0,5.0,success,False,2026-08-17T20:40:41.186342+09:00
Sponsor Label,20.0,0.0,success,False,2026-08-27T22:07:37.591593+09:00
Sponsor Ledger,,,failed,False,2026-08-17T20:44:01.266186+09:00
Sponsor Lens,140.0,1.0,success,False,2026-08-17T20:48:09.439521+09:00
Sponsor Level,1000.0,1.0,success,False,2026-08-19T20:42:12.538195+09:00
Sponsor Levy,,,failed,False,2026-08-23T13:45:20.654502+09:00
Sponsor Link,880.0,17.0,success,False,2026-08-23T03:24:01.511685+09:00
Sponsor List,1600.0,0.0,success,True,2026-08-19T21:57:51.707228+09:00
Sponsor Loan,110.0,16.0,success,False,2026-08-21T02:13:51.922112+09:00
Sponsor Locator,,,failed,False,2026-08-19T00:01:37.572111+09:00
Sponsor Lock,20.0,0.0,success,False,2026-08-17T21:31:35.848823+09:00
Sponsor Log,,,failed,False,2026-08-19T13:25:08.614186+09:00
Sponsor Loop,40.0,7.0,success,False,2026-08-17T21:38:05.775829+09:00
Sponsor Manager,480.0,9.0,success,False,2026-08-17T20:46:14.149623+09:00
Sponsor Manual,,,failed,False,2026-08-27T22:07:41.421571+09:00
Sponsor Map,40.0,0.0,success,False,2026-08-17T21:30:27.922058+09:00
Sponsor Margin,,,failed,False,2026-08-23T02:58:14.811642+09:00
Sponsor Marker,,,failed,False,2026-08-23T13:28:22.129962+09:00
Sponsor Markup,,,failed,False,2026-08-23T16:37:16.360877+09:00
Sponsor Memo,,,failed,False,2026-08-21T00:33:55.661658+09:00
Sponsor Message,320.0,9.0,success,False,2026-08-27T23:10:50.264630+09:00
Sponsor Meter,10.0,0.0,success,False,2026-08-17T20:32:08.584337+09:00
Sponsor Metrics,,,failed,False,2026-08-17T23:32:40.699548+09:00
Sponsor Monitor,,,failed,False,2026-08-17T23:32:25.255075+09:00
Sponsor Navigator,10.0,0.0,success,False,2026-08-17T23:07:13.674847+09:00
Sponsor Nexus,,,failed,False,2026-08-17T21:32:11.115049+09:00
Sponsor Node,,,failed,False,2026-08-17T21:34:20.474166+09:00
Sponsor Note,260.0,1.0,success,False,2026-08-19T13:26:44.223162+09:00
Sponsor Notification,,,failed,False,2026-08-27T22:45:28.853044+09:00
Sponsor Number,210.0,0.0,success,False,2026-08-23T03:23:54.422715+09:00
Sponsor Office,,,failed,False,2026-08-19T00:02:04.506577+09:00
Sponsor Ops,,,failed,False,2026-08-17T23:33:15.463532+09:00
Sponsor Order,,,failed,False,2026-08-19T21:57:08.159846+09:00
Sponsor Organizer,,,failed,False,2026-08-17T23:10:55.434729+09:00
Sponsor Overdraft,,,failed,False,2026-08-23T15:50:19.459391+09:00
Sponsor Overdue,,,failed,False,2026-08-27T21:46:06.267558+09:00
Sponsor Panel,40.0,2.0,success,False,2026-08-17T20:34:17.127214+09:00
Sponsor Pass,40.0,0.0,success,False,2026-08-21T00:33:12.400590+09:00
Sponsor Path,,,failed,False,2026-08-17T21:33:45.075228+09:00
Sponsor Penalty,,,failed,False,2026-08-23T16:37:16.360877+09:00
Sponsor Petition,10.0,9.0,success,False,2026-08-21T01:06:45.397337+09:00
Sponsor Pilot,110.0,35.0,success,False,2026-08-17T20:41:01.819842+09:00
Sponsor Plan,30.0,2.0,success,False,2026-08-21T01:58:02.709797+09:00
Sponsor Planner,,,failed,False,2026-08-17T23:03:39.400104+09:00
Sponsor Playbook,,,failed,False,2026-08-18T22:02:56.704517+09:00
Sponsor Point,20.0,1.0,success,False,2026-08-17T21:32:47.122898+09:00
Sponsor Portal,1600.0,1.0,success,False,2026-08-17T20:36:08.746361+09:00
Sponsor Preview,,,failed,False,2026-08-28T01:03:16.681055+09:00
Sponsor Profile,40.0,1.0,success,False,2026-08-19T13:27:15.417105+09:00
Sponsor Profit,,,failed,False,2026-08-23T02:58:03.774409+09:00
Sponsor Proposal,8100.0,1.0,success,False,2026-08-28T01:03:21.195109+09:00
Sponsor Pulse,70.0,3.0,success,False,2026-08-17T21:35:54.911296+09:00
Sponsor Queue,,,failed,False,2026-08-19T21:13:46.122895+09:00
Sponsor Quota,,,failed,False,2026-08-21T00:34:01.894402+09:00
Sponsor Radar,90.0,12.0,success,False,2026-08-17T20:39:21.363517+09:00
Sponsor Rail,,,failed,False,2026-08-17T21:38:37.304138+09:00
Sponsor Rank,,,failed,False,2026-08-28T00:46:33.624903+09:00
Sponsor Rate,20.0,0.0,success,False,2026-08-19T20:42:17.170868+09:00
Sponsor Recap,,,failed,False,2026-08-21T01:07:00.683520+09:00
Sponsor Receipt,210.0,17.0,success,False,2026-08-19T21:57:27.705045+09:00
Sponsor Recorder,,,failed,False,2026-08-27T23:33:05.663722+09:00
Sponsor Redemption,,,failed,False,2026-08-23T16:37:21.516331+09:00
Sponsor Register,590.0,2.0,success,False,2026-08-17T23:14:10.961193+09:00
Sponsor Registry,,,failed,False,2026-08-18T22:03:51.381490+09:00
Sponsor Relay,,,failed,False,2026-08-17T20:38:26.412397+09:00
Sponsor Reminder,,,failed,False,2026-08-19T21:12:55.345811+09:00
Sponsor Report,90.0,5.0,success,False,2026-08-19T13:25:01.891377+09:00
Sponsor Repository,,,failed,False,2026-08-27T23:11:04.616430+09:00
Sponsor Roadmap,30.0,5.0,success,False,2026-08-18T22:04:42.771017+09:00
Sponsor Roster,,,failed,False,2026-08-19T00:38:38.551550+09:00
Sponsor Route,,,failed,False,2026-08-18T07:52:35.571361+09:00
Sponsor Rule,,,failed,False,2026-08-23T03:24:05.243173+09:00
Sponsor Sale,90.0,6.0,success,False,2026-08-21T02:29:31.555266+09:00
Sponsor Sample,40.0,2.0,success,False,2026-08-19T21:58:30.244900+09:00
Sponsor Scale,,,failed,False,2026-08-18T07:52:27.935751+09:00
Sponsor Scanner,,,failed,False,2026-08-27T23:52:32.506891+09:00
Sponsor Scheduler,,,failed,False,2026-08-17T23:32:11.092346+09:00
Sponsor Scope,10.0,0.0,success,False,2026-08-17T21:39:28.354494+09:00
Sponsor Score,,,failed,False,2026-08-19T13:26:18.300818+09:00
Sponsor Sentry,,,failed,False,2026-08-17T20:48:44.119140+09:00
Sponsor Sheet,390.0,30.0,success,False,2026-08-19T13:25:58.679936+09:00
Sponsor Signal,,,failed,False,2026-08-18T07:43:49.584727+09:00
Sponsor Signature,30.0,0.0,success,False,2026-08-23T13:28:22.129962+09:00
Sponsor Slip,,,failed,False,2026-08-19T21:58:22.475915+09:00
Sponsor Slot,110.0,0.0,success,False,2026-08-19T21:58:39.226398+09:00
Sponsor Snapshot,,,failed,False,2026-08-18T22:03:16.704658+09:00
Sponsor Stage,70.0,1.0,success,False,2026-08-28T00:46:27.391148+09:00
Sponsor Stake,50.0,0.0,success,False,2026-08-23T02:58:08.701487+09:00
Sponsor Statement,50.0,2.0,success,False,2026-08-21T00:33:37.107629+09:00
Sponsor Station,,,failed,False,2026-08-17T20:39:51.023967+09:00
Sponsor Status,90.0,3.0,success,False,2026-08-19T20:41:40.323358+09:00
Sponsor Stipend,,,failed,False,2026-08-23T13:45:24.772737+09:00
Sponsor Streak,,,failed,False,2026-08-28T00:46:30.511685+09:00
Sponsor Stub,,,failed,False,2026-08-21T00:33:32.477901+09:00
Sponsor Studio,170.0,1.0,success,False,2026-08-17T20:41:22.469867+09:00
Sponsor Suite,,,failed,False,2026-08-17T23:31:30.005121+09:00
Sponsor Sum,,,failed,False,2026-08-21T02:29:14.750230+09:00
Sponsor Summary,,,failed,False,2026-08-19T21:12:35.619378+09:00
Sponsor Sync,,,failed,False,2026-08-17T20:43:32.566232+09:00
Sponsor Tab,,,failed,False,2026-08-21T00:34:11.970110+09:00
Sponsor Table,210.0,5.0,success,False,2026-08-19T21:57:59.626776+09:00
Sponsor Tag,1300.0,1.0,success,False,2026-08-19T13:27:04.208602+09:00
Sponsor Tally,,,failed,False,2026-08-21T00:33:43.074758+09:00
Sponsor Tariff,,,failed,False,2026-08-21T02:44:40.179717+09:00
Sponsor Tax,,,failed,False,2026-08-21T02:13:47.898953+09:00
Sponsor Ticket,170.0,1.0,success,False,2026-08-19T21:13:31.913325+09:00
Sponsor Tier,880.0,1.0,success,False,2026-08-28T00:46:30.511685+09:00
Sponsor Timeline,,,failed,False,2026-08-19T21:12:45.437785+09:00
Sponsor Timer,,,failed,False,2026-08-28T00:22:34.191902+09:00
Sponsor Toll,,,failed,False,2026-08-21T02:44:32.833058+09:00
Sponsor Toolbox,,,failed,False,2026-08-28T00:22:42.376773+09:00
Sponsor Toolkit,20.0,1.0,success,False,2026-08-18T22:02:46.582498+09:00
Sponsor Total,10.0,2.0,success,False,2026-08-27T23:10:55.756193+09:00
Sponsor Tracker,90.0,13.0,success,False,2026-08-17T20:44:22.162347+09:00
Sponsor Trail,90.0,2.0,success,False,2026-08-17T21:37:30.311680+09:00
Sponsor Trend,,,failed,False,2026-08-28T01:03:14.001062+09:00
Sponsor Trial,10.0,0.0,success,False,2026-08-27T21:13:37.797342+09:00
Sponsor Unit,320.0,9.0,success,False,2026-08-21T01:58:00.854013+09:00
Sponsor Update,30.0,4.0,success,False,2026-08-19T20:42:25.910879+09:00
Sponsor Value,90.0,8.0,success,False,2026-08-23T02:58:06.031542+09:00
Sponsor Vault,,,failed,False,2026-08-17T20:37:34.472176+09:00
Sponsor Version,,,failed,False,2026-08-23T03:23:58.190781+09:00
Sponsor View,10.0,0.0,success,False,2026-08-19T20:41:48.388385+09:00
Sponsor Voucher,20.0,0.0,success,False,2026-08-21T00:33:17.387160+09:00
Sponsor Wallet,10.0,0.0,success,False,2026-08-27T22:45:32.227130+09:00
Sponsor Watch,70.0,5.0,success,False,2026-08-17T21:41:34.183941+09:00
Sponsor Wave,,,failed,False,2026-08-17T21:34:53.019649+09:00
Sponsor Widget,10.0,,success,False,2026-08-27T23:11:01.656662+09:00
Sponsor Workbench,,,failed,False,2026-08-18T22:02:35.560643+09:00
Sponsor Worksheet,,,failed,False,2026-08-27T22:07:41.421571+09:00
Sponsor Workshop,30.0,0.0,success,False,2026-08-28T00:22:36.820060+09:00
Sponsor Zone,,,failed,False,2026-08-17T20:37:05.313557+09:00
Sprinkler Advance,,,failed,False,2026-08-23T16:13:42.146359+09:00
Sprinkler Advisory,,,failed,False,2026-08-21T01:02:27.136036+09:00
Sprinkler Alert,,,failed,False,2026-08-21T00:46:54.280562+09:00
Sprinkler Allowance,,,failed,False,2026-08-21T02:40:41.069615+09:00
Sprinkler Analyzer,,,failed,False,2026-08-27T23:51:26.937833+09:00
Sprinkler Arrears,,,failed,False,2026-08-23T16:13:39.752452+09:00
Sprinkler Asset,,,failed,False,2026-08-23T13:45:48.186439+09:00
Sprinkler Assistant,,,failed,False,2026-08-21T00:45:26.531767+09:00
Sprinkler Atlas,,,failed,False,2026-08-21T00:45:10.747399+09:00
Sprinkler Attribute,,,failed,False,2026-08-23T13:09:27.676904+09:00
Sprinkler Badge,,,failed,False,2026-08-21T00:49:56.955669+09:00
Sprinkler Base,390.0,100.0,success,False,2026-08-21T00:43:36.715710+09:00
Sprinkler Bay,,,failed,False,2026-08-21T00:46:23.702871+09:00
Sprinkler Beacon,,,failed,False,2026-08-21T00:50:50.084554+09:00
Sprinkler Bill,,,failed,False,2026-08-21T00:49:15.446712+09:00
Sprinkler Board,10.0,83.0,success,False,2026-08-21T00:43:54.085720+09:00
Sprinkler Booth,,,failed,False,2026-08-21T00:46:12.825751+09:00
Sprinkler Bridge,,,failed,False,2026-08-21T00:51:04.799989+09:00
Sprinkler Brief,,,failed,False,2026-08-21T01:00:40.730981+09:00
Sprinkler Bulletin,,,failed,False,2026-08-21T01:00:38.610881+09:00
Sprinkler Cabinet,140.0,35.0,success,False,2026-08-27T23:16:21.897779+09:00
Sprinkler Calculator,210.0,3.0,success,False,2026-08-27T23:37:16.371136+09:00
Sprinkler Calendar,,,failed,False,2026-08-21T00:45:52.774285+09:00
Sprinkler Card,,,failed,False,2026-08-21T00:47:41.484784+09:00
Sprinkler Cascade,,,failed,False,2026-08-21T00:51:01.092563+09:00
Sprinkler Cash,,,failed,False,2026-08-21T02:23:33.552099+09:00
Sprinkler Cashback,,,failed,False,2026-08-27T21:17:03.008156+09:00
Sprinkler Category,30.0,4.0,success,False,2026-08-23T13:09:22.371145+09:00
Sprinkler Center,30.0,34.0,success,False,2026-08-21T00:44:18.522946+09:00
Sprinkler Chain,40.0,100.0,success,False,2026-08-21T00:44:54.956989+09:00
Sprinkler Charge,,,failed,False,2026-08-21T02:40:27.519765+09:00
Sprinkler Chart,70.0,2.0,success,False,2026-08-21T00:46:56.943275+09:00
Sprinkler Check,30.0,64.0,success,False,2026-08-21T00:47:46.608049+09:00
Sprinkler Checker,,,failed,False,2026-08-27T23:51:21.141566+09:00
Sprinkler Circular,210.0,100.0,success,False,2026-08-21T01:02:25.178710+09:00
Sprinkler Code,140.0,2.0,success,False,2026-08-21T00:49:24.098446+09:00
Sprinkler Companion,,,failed,False,2026-08-21T00:45:39.218297+09:00
Sprinkler Comparison,10.0,51.0,success,False,2026-08-28T01:03:33.167279+09:00
Sprinkler Confirmation,,,failed,False,2026-08-21T01:00:54.642749+09:00
Sprinkler Console,,,failed,False,2026-08-21T00:44:30.138587+09:00
Sprinkler Contribution,,,failed,False,2026-08-23T16:13:37.104049+09:00
Sprinkler Core,,,failed,False,2026-08-21T00:43:44.047110+09:00
Sprinkler Cost,320.0,76.0,success,False,2026-08-21T02:06:11.713342+09:00
Sprinkler Count,,,failed,False,2026-08-27T22:50:28.774616+09:00
Sprinkler Counter,,,failed,False,2026-08-21T00:46:03.316699+09:00
Sprinkler Coupon,,,failed,False,2026-08-27T21:17:00.727259+09:00
Sprinkler Deal,20.0,100.0,success,False,2026-08-21T01:59:11.823228+09:00
Sprinkler Debt,,,failed,False,2026-08-21T02:23:24.043193+09:00
Sprinkler Deck,,,failed,False,2026-08-21T00:43:57.229807+09:00
Sprinkler Desk,,,failed,False,2026-08-21T00:50:29.679005+09:00
Sprinkler Detail,90.0,0.0,success,False,2026-08-23T03:22:03.644415+09:00
Sprinkler Diagram,390.0,0.0,success,False,2026-08-27T22:12:21.251456+09:00
Sprinkler Directory,,,failed,False,2026-08-21T00:45:54.993375+09:00
Sprinkler Discount,70.0,100.0,success,False,2026-08-23T16:13:30.945408+09:00
Sprinkler Dossier,,,failed,False,2026-08-21T01:01:01.220689+09:00
Sprinkler Downpayment,,,failed,False,2026-08-27T21:48:13.959890+09:00
Sprinkler Draft,,,failed,False,2026-08-21T00:48:40.223162+09:00
Sprinkler Due,,,failed,False,2026-08-23T15:51:15.880461+09:00
Sprinkler Duty,,,failed,False,2026-08-21T02:40:30.595557+09:00
Sprinkler Engine,,,failed,False,2026-08-21T00:45:22.913101+09:00
Sprinkler Entry,,,failed,False,2026-08-21T01:01:11.672775+09:00
Sprinkler Estimate,20.0,60.0,success,False,2026-08-21T00:49:09.924663+09:00
Sprinkler Estimator,10.0,23.0,success,False,2026-08-27T23:51:18.068433+09:00
Sprinkler Fare,,,failed,False,2026-08-21T02:06:22.333595+09:00
Sprinkler Fee,,,failed,False,2026-08-21T01:58:56.625492+09:00
Sprinkler Feed,,,failed,False,2026-08-21T00:48:36.635325+09:00
Sprinkler Field,480.0,100.0,success,False,2026-08-23T13:09:30.268446+09:00
Sprinkler File,,,failed,False,2026-08-21T00:48:18.650216+09:00
Sprinkler Fine,,,failed,False,2026-08-23T02:56:06.421775+09:00
Sprinkler Flow,40.0,3.0,success,False,2026-08-21T00:50:24.003386+09:00
Sprinkler Forge,,,failed,False,2026-08-21T00:50:58.385493+09:00
Sprinkler Form,20.0,0.0,success,False,2026-08-21T00:47:36.977895+09:00
Sprinkler Format,,,failed,False,2026-08-23T13:09:32.906091+09:00
Sprinkler Frame,30.0,32.0,success,False,2026-08-21T00:43:34.117910+09:00
Sprinkler Fund,,,failed,False,2026-08-21T02:23:27.282211+09:00
Sprinkler Gate,10.0,2.0,success,False,2026-08-21T00:45:03.734783+09:00
Sprinkler Giveaway,,,failed,False,2026-08-27T21:17:10.879829+09:00
Sprinkler Graph,,,failed,False,2026-08-27T22:12:11.460290+09:00
Sprinkler Grid,30.0,10.0,success,False,2026-08-21T00:51:25.324564+09:00
Sprinkler Guarantee,,,failed,False,2026-08-28T01:03:40.758183+09:00
Sprinkler Guardian,,,failed,False,2026-08-28T00:21:58.401743+09:00
Sprinkler Helpdesk,,,failed,False,2026-08-27T22:50:28.774616+09:00
Sprinkler Helper,,,failed,False,2026-08-28T00:22:04.244333+09:00
Sprinkler History,50.0,0.0,success,False,2026-08-21T00:48:15.897610+09:00
Sprinkler Hub,20.0,87.0,success,False,2026-08-21T00:50:26.220127+09:00
Sprinkler Identifier,,,failed,False,2026-08-23T13:09:19.095608+09:00
Sprinkler Inbox,,,failed,False,2026-08-21T00:46:47.041557+09:00
Sprinkler Incentive,,,failed,False,2026-08-27T21:17:07.956821+09:00
Sprinkler Index,,,failed,False,2026-08-21T00:49:01.997073+09:00
Sprinkler Installment,,,failed,False,2026-08-23T16:13:34.147754+09:00
Sprinkler Item,40.0,100.0,success,False,2026-08-21T01:58:58.757504+09:00
Sprinkler Journal,30.0,2.0,success,False,2026-08-21T00:45:47.976857+09:00
Sprinkler Keeper,,,failed,False,2026-08-21T00:45:13.293562+09:00
Sprinkler Kit,590.0,100.0,success,False,2026-08-27T22:50:21.429751+09:00
Sprinkler Lab,,,failed,False,2026-08-21T00:44:07.435932+09:00
Sprinkler Label,,,failed,False,2026-08-27T22:12:15.272381+09:00
Sprinkler Ledger,,,failed,False,2026-08-21T00:43:46.604021+09:00
Sprinkler Level,30.0,6.0,success,False,2026-08-21T00:48:24.716353+09:00
Sprinkler Line,1000.0,87.0,success,False,2026-08-21T00:47:16.635421+09:00
Sprinkler Link,90.0,4.0,success,False,2026-08-23T03:21:56.707046+09:00
Sprinkler List,,,failed,False,2026-08-21T00:49:29.914475+09:00
Sprinkler Loan,,,failed,False,2026-08-21T02:06:36.583403+09:00
Sprinkler Lobby,,,failed,False,2026-08-21T00:47:07.675748+09:00
Sprinkler Locator,140.0,100.0,success,False,2026-08-21T00:45:57.527663+09:00
Sprinkler Locker,,,failed,False,2026-08-21T00:46:10.718962+09:00
Sprinkler Log,,,failed,False,2026-08-21T00:47:32.281403+09:00
Sprinkler Loop,20.0,11.0,success,False,2026-08-21T00:51:22.640360+09:00
Sprinkler Manager,,,failed,False,2026-08-21T00:45:16.204972+09:00
Sprinkler Manual,480.0,100.0,success,False,2026-08-27T22:12:15.272381+09:00
Sprinkler Map,70.0,14.0,success,False,2026-08-21T00:51:42.581125+09:00
Sprinkler Margin,,,failed,False,2026-08-23T02:56:03.136754+09:00
Sprinkler Markup,,,failed,False,2026-08-23T16:38:47.783567+09:00
Sprinkler Memo,,,failed,False,2026-08-21T00:50:07.130228+09:00
Sprinkler Message,10.0,0.0,success,False,2026-08-27T23:16:11.688627+09:00
Sprinkler Monitor,50.0,37.0,success,False,2026-08-21T00:45:35.455027+09:00
Sprinkler Nexus,,,failed,False,2026-08-21T00:45:06.062419+09:00
Sprinkler Note,,,failed,False,2026-08-21T00:47:54.639607+09:00
Sprinkler Notification,,,failed,False,2026-08-27T22:50:21.429751+09:00
Sprinkler Number,,,failed,False,2026-08-23T03:21:47.880193+09:00
Sprinkler Office,90.0,15.0,success,False,2026-08-21T00:46:03.316699+09:00
Sprinkler Ops,,,failed,False,2026-08-21T00:45:41.384268+09:00
Sprinkler Order,,,failed,False,2026-08-21T00:49:12.731444+09:00
Sprinkler Outpost,,,failed,False,2026-08-21T00:46:29.176332+09:00
Sprinkler Overage,,,failed,False,2026-08-27T21:48:11.561191+09:00
Sprinkler Overdue,,,failed,False,2026-08-27T21:48:07.167837+09:00
Sprinkler Panel,140.0,92.0,success,False,2026-08-21T00:44:32.272154+09:00
Sprinkler Pass,,,failed,False,2026-08-21T00:49:49.714688+09:00
Sprinkler Passport,,,failed,False,2026-08-21T00:47:05.432306+09:00
Sprinkler Path,,,failed,False,2026-08-21T00:51:33.449317+09:00
Sprinkler Payoff,,,failed,False,2026-08-27T21:48:09.369962+09:00
Sprinkler Penalty,,,failed,False,2026-08-23T16:38:44.785975+09:00
Sprinkler Petition,10.0,,success,False,2026-08-21T01:00:52.686966+09:00
Sprinkler Plan,480.0,15.0,success,False,2026-08-21T01:59:08.747160+09:00
Sprinkler Planner,480.0,15.0,success,False,2026-08-21T00:45:30.035458+09:00
Sprinkler Playbook,,,failed,False,2026-08-21T00:45:45.302081+09:00
Sprinkler Plaza,,,failed,False,2026-08-21T00:46:31.440534+09:00
Sprinkler Point,140.0,2.0,success,False,2026-08-21T00:51:35.796791+09:00
Sprinkler Portal,,,failed,False,2026-08-21T00:44:27.350497+09:00
Sprinkler Post,140.0,100.0,success,False,2026-08-21T00:46:26.587388+09:00
Sprinkler Profile,,,failed,False,2026-08-21T00:48:04.911148+09:00
Sprinkler Profit,,,failed,False,2026-08-23T02:55:55.232894+09:00
Sprinkler Proposal,,,failed,False,2026-08-28T01:03:40.758183+09:00
Sprinkler Quota,,,failed,False,2026-08-21T00:50:13.056816+09:00
Sprinkler Radar,,,failed,False,2026-08-21T00:50:35.331865+09:00
Sprinkler Rail,,,failed,False,2026-08-21T00:44:48.876991+09:00
Sprinkler Rate,110.0,90.0,success,False,2026-08-21T00:48:26.954363+09:00
Sprinkler Recap,,,failed,False,2026-08-21T01:01:05.241118+09:00
Sprinkler Receipt,,,failed,False,2026-08-21T00:49:20.798290+09:00
Sprinkler Recorder,,,failed,False,2026-08-27T23:37:19.077435+09:00
Sprinkler Register,,,failed,False,2026-08-21T00:45:41.384268+09:00
Sprinkler Relay,40.0,92.0,success,False,2026-08-21T00:50:38.979933+09:00
Sprinkler Reminder,,,failed,False,2026-08-21T00:48:54.666046+09:00
Sprinkler Report,40.0,16.0,success,False,2026-08-21T00:47:29.450326+09:00
Sprinkler Result,,,failed,False,2026-08-28T00:46:19.889028+09:00
Sprinkler Ring,320.0,84.0,success,False,2026-08-21T00:45:01.205149+09:00
Sprinkler Roll,,,failed,False,2026-08-21T00:47:26.672100+09:00
Sprinkler Roster,10.0,14.0,success,False,2026-08-21T00:46:44.759034+09:00
Sprinkler Route,,,failed,False,2026-08-21T00:44:42.710868+09:00
Sprinkler Rule,,,failed,False,2026-08-23T03:22:01.031781+09:00
Sprinkler Sale,720.0,100.0,success,False,2026-08-21T02:23:37.293511+09:00
Sprinkler Sample,,,failed,False,2026-08-21T00:49:44.632195+09:00
Sprinkler Scale,,,failed,False,2026-08-21T00:44:38.874906+09:00
Sprinkler Schematic,90.0,0.0,success,False,2026-08-27T22:29:10.054268+09:00
Sprinkler Scope,,,failed,False,2026-08-21T00:51:16.185060+09:00
Sprinkler Score,,,failed,False,2026-08-21T00:47:51.655449+09:00
Sprinkler Sheet,,,failed,False,2026-08-21T00:47:44.020698+09:00
Sprinkler Shortfall,,,failed,False,2026-08-27T21:48:16.120561+09:00
Sprinkler Signal,,,failed,False,2026-08-21T00:51:10.614458+09:00
Sprinkler Slip,,,failed,False,2026-08-21T00:49:37.584742+09:00
Sprinkler Slot,,,failed,False,2026-08-21T00:49:47.730802+09:00
Sprinkler Stake,590.0,100.0,success,False,2026-08-23T02:56:00.191983+09:00
Sprinkler Stamp,,,failed,False,2026-08-23T13:26:15.190614+09:00
Sprinkler Statement,,,failed,False,2026-08-21T00:50:04.499348+09:00
Sprinkler Station,140.0,98.0,success,False,2026-08-21T00:44:10.518978+09:00
Sprinkler Status,10.0,6.0,success,False,2026-08-21T00:48:07.260312+09:00
Sprinkler Stub,,,failed,False,2026-08-21T00:49:59.942955+09:00
Sprinkler Studio,,,failed,False,2026-08-21T00:43:59.576313+09:00
Sprinkler Subsidy,110.0,0.0,success,False,2026-08-23T15:51:18.067623+09:00
Sprinkler Sum,,,failed,False,2026-08-21T02:23:20.274615+09:00
Sprinkler Summary,,,failed,False,2026-08-21T00:48:48.333943+09:00
Sprinkler Tab,,,failed,False,2026-08-21T00:50:15.253919+09:00
Sprinkler Table,30.0,5.0,success,False,2026-08-21T00:49:35.190382+09:00
Sprinkler Tag,40.0,87.0,success,False,2026-08-21T00:48:00.969173+09:00
Sprinkler Tariff,,,failed,False,2026-08-21T02:40:43.977421+09:00
Sprinkler Tax,,,failed,False,2026-08-21T02:06:32.230213+09:00
Sprinkler Terminal,,,failed,False,2026-08-21T00:44:15.465135+09:00
Sprinkler Ticker,,,failed,False,2026-08-21T00:47:13.306684+09:00
Sprinkler Ticket,,,failed,False,2026-08-21T00:49:04.500727+09:00
Sprinkler Tier,10.0,45.0,success,False,2026-08-28T00:46:24.719309+09:00
Sprinkler Timeline,,,failed,False,2026-08-21T00:48:51.829218+09:00
Sprinkler Timer,8100.0,100.0,success,False,2026-08-28T00:21:55.786008+09:00
Sprinkler Toll,,,failed,False,2026-08-21T02:40:38.159052+09:00
Sprinkler Toolbox,,,failed,False,2026-08-28T00:22:01.777271+09:00
Sprinkler Total,,,failed,False,2026-08-27T23:16:13.930951+09:00
Sprinkler Tower,320.0,100.0,success,False,2026-08-21T00:46:39.668460+09:00
Sprinkler Tracker,,,failed,False,2026-08-21T00:50:17.936305+09:00
Sprinkler Trail,,,failed,False,2026-08-21T00:44:52.376787+09:00
Sprinkler Trial,,,failed,False,2026-08-27T21:17:07.956821+09:00
Sprinkler Unit,70.0,90.0,success,False,2026-08-21T01:59:06.761411+09:00
Sprinkler Update,,,failed,False,2026-08-21T00:48:33.175763+09:00
Sprinkler Value,12100.0,100.0,success,False,2026-08-23T02:55:57.484668+09:00
Sprinkler Vault,30.0,84.0,success,False,2026-08-21T00:50:41.630976+09:00
Sprinkler Version,,,failed,False,2026-08-23T03:21:54.482997+09:00
Sprinkler View,,,failed,False,2026-08-21T00:48:12.190063+09:00
Sprinkler Voucher,,,failed,False,2026-08-21T00:49:54.532841+09:00
Sprinkler Watch,20.0,21.0,success,False,2026-08-21T00:51:13.532405+09:00
Sprinkler Wave,10.0,89.0,success,False,2026-08-21T00:51:31.068549+09:00
Sprinkler Widget,,,failed,False,2026-08-27T23:16:13.930951+09:00
Sprinkler Window,,,failed,False,2026-08-21T00:47:19.116810+09:00
Sprinkler Worksheet,,,failed,False,2026-08-27T22:12:17.686005+09:00
Sprinkler Workshop,,,failed,False,2026-08-28T00:21:58.401743+09:00
Sprinkler Yard,22200.0,100.0,success,False,2026-08-21T00:46:19.116405+09:00
Sprinkler Zone,260.0,58.0,success,False,2026-08-21T00:44:21.197874+09:00
Staffing Advance,170.0,12.0,success,False,2026-08-23T16:12:08.472275+09:00
Staffing Advisory,,,failed,False,2026-08-21T01:01:51.697457+09:00
Staffing Allowance,,,failed,False,2026-08-21T02:38:45.456500+09:00
Staffing Almanac,,,failed,False,2026-08-18T22:07:38.070107+09:00
Staffing Analyzer,,,failed,False,2026-08-27T23:51:10.379112+09:00
Staffing Anchor,,,failed,False,2026-08-17T20:47:09.255931+09:00
Staffing Arrears,,,failed,False,2026-08-23T16:12:08.472275+09:00
Staffing Assistant,1600.0,1.0,success,False,2026-08-17T23:07:43.866571+09:00
Staffing Atlas,1000.0,4.0,success,False,2026-08-17T20:37:51.221015+09:00
Staffing Badge,,,failed,False,2026-08-21T00:29:30.583044+09:00
Staffing Balance,90.0,4.0,success,False,2026-08-23T13:46:32.970542+09:00
Staffing Base,,,failed,False,2026-08-17T20:34:29.454165+09:00
Staffing Beacon,10.0,,success,False,2026-08-17T21:33:04.357190+09:00
Staffing Bill,,,failed,False,2026-08-19T21:54:53.460475+09:00
Staffing Blueprint,,,failed,False,2026-08-18T22:07:30.618042+09:00
Staffing Board,880.0,51.0,success,False,2026-08-18T07:51:58.234946+09:00
Staffing Book,1000.0,4.0,success,False,2026-08-19T21:46:45.064278+09:00
Staffing Bridge,,,failed,False,2026-08-17T20:48:26.612997+09:00
Staffing Brief,,,failed,False,2026-08-21T00:59:17.321844+09:00
Staffing Bulletin,,,failed,False,2026-08-21T00:59:12.932532+09:00
Staffing Calculator,260.0,6.0,success,False,2026-08-27T23:34:49.517197+09:00
Staffing Calendar,720.0,26.0,success,False,2026-08-18T23:59:44.805528+09:00
Staffing Card,,,failed,False,2026-08-19T13:25:14.797860+09:00
Staffing Cascade,,,failed,False,2026-08-17T21:30:43.453478+09:00
Staffing Cash,,,failed,False,2026-08-21T02:22:13.751196+09:00
Staffing Catalog,,,failed,False,2026-08-19T21:09:36.551386+09:00
Staffing Center,720.0,18.0,success,False,2026-08-17T21:35:38.144027+09:00
Staffing Chain,,,failed,False,2026-08-17T20:42:01.579820+09:00
Staffing Charge,,,failed,False,2026-08-21T02:38:35.767249+09:00
Staffing Check,320.0,7.0,success,False,2026-08-19T13:25:53.621438+09:00
Staffing Checker,,,failed,False,2026-08-27T23:51:04.044510+09:00
Staffing Checklist,10.0,10.0,success,False,2026-08-19T21:08:35.799168+09:00
Staffing Circular,70.0,0.0,success,False,2026-08-21T00:59:30.115655+09:00
Staffing Cockpit,,,failed,False,2026-08-17T23:09:02.276027+09:00
Staffing Code,,,failed,False,2026-08-19T21:46:11.490049+09:00
Staffing Codex,,,failed,False,2026-08-18T22:07:53.653114+09:00
Staffing Companion,,,failed,False,2026-08-17T23:05:34.845009+09:00
Staffing Comparison,,,failed,False,2026-08-28T01:02:28.948807+09:00
Staffing Compass,,,failed,False,2026-08-17T21:34:03.414909+09:00
Staffing Compendium,,,failed,False,2026-08-18T22:07:47.344279+09:00
Staffing Confirmation,,,failed,False,2026-08-21T00:59:43.831495+09:00
Staffing Console,,,failed,False,2026-08-17T21:32:28.090728+09:00
Staffing Contribution,,,failed,False,2026-08-23T16:12:05.670450+09:00
Staffing Core,140.0,7.0,success,False,2026-08-17T20:33:33.696511+09:00
Staffing Cost,720.0,3.0,success,False,2026-08-21T02:06:01.492109+09:00
Staffing Count,,,failed,False,2026-08-27T22:47:56.654242+09:00
Staffing Counter,,,failed,False,2026-08-19T00:00:38.616891+09:00
Staffing Dashboard,70.0,24.0,success,False,2026-08-17T23:11:05.439479+09:00
Staffing Deal,,,failed,False,2026-08-21T02:05:57.421169+09:00
Staffing Debt,10.0,0.0,success,False,2026-08-21T02:22:03.460496+09:00
Staffing Deck,,,failed,False,2026-08-18T07:51:58.234946+09:00
Staffing Depot,320.0,5.0,success,False,2026-08-19T00:00:22.759146+09:00
Staffing Desk,480.0,74.0,success,False,2026-08-17T21:38:24.477715+09:00
Staffing Detail,,,failed,False,2026-08-23T03:15:28.674871+09:00
Staffing Detector,,,failed,False,2026-08-27T23:51:07.494975+09:00
Staffing Diagram,140.0,5.0,success,False,2026-08-27T22:09:25.119437+09:00
Staffing Dial,,,failed,False,2026-08-17T21:30:10.122952+09:00
Staffing Digest,10.0,0.0,success,False,2026-08-19T20:38:10.418620+09:00
Staffing Directory,18100.0,0.0,success,True,2026-08-18T23:59:53.624295+09:00
Staffing Discount,,,failed,False,2026-08-23T16:12:01.471109+09:00
Staffing Dock,,,failed,False,2026-08-17T20:44:33.462366+09:00
Staffing Dossier,,,failed,False,2026-08-21T00:59:48.261603+09:00
Staffing Draft,,,failed,False,2026-08-19T20:37:31.186118+09:00
Staffing Duty,20.0,0.0,success,False,2026-08-21T02:38:37.938007+09:00
Staffing Endowment,,,failed,False,2026-08-23T15:50:30.977463+09:00
Staffing Engine,170.0,17.0,success,False,2026-08-17T23:05:30.117127+09:00
Staffing Entry,,,failed,False,2026-08-21T00:59:58.992040+09:00
Staffing Estimate,,,failed,False,2026-08-19T21:09:24.314607+09:00
Staffing Estimator,10.0,0.0,success,False,2026-08-27T23:51:00.030552+09:00
Staffing Excerpt,,,failed,False,2026-08-21T01:02:03.687665+09:00
Staffing Extension,10.0,0.0,success,False,2026-08-23T16:37:49.888860+09:00
Staffing Fare,,,failed,False,2026-08-21T02:06:17.677670+09:00
Staffing Fee,50.0,4.0,success,False,2026-08-21T01:52:27.177299+09:00
Staffing Feed,,,failed,False,2026-08-19T20:37:22.627194+09:00
Staffing Field,,,failed,False,2026-08-23T13:05:39.073326+09:00
Staffing File,320.0,62.0,success,False,2026-08-19T20:37:40.051699+09:00
Staffing Finder,,,failed,False,2026-08-19T00:00:12.518097+09:00
Staffing Fine,,,failed,False,2026-08-23T02:52:23.717366+09:00
Staffing Flag,,,failed,False,2026-08-21T00:30:22.823388+09:00
Staffing Flow,,,failed,False,2026-08-18T07:43:31.933030+09:00
Staffing Forge,40.0,4.0,success,False,2026-08-17T21:31:52.108049+09:00
Staffing Form,260.0,5.0,success,False,2026-08-19T13:25:04.340704+09:00
Staffing Format,,,failed,False,2026-08-23T13:05:41.403029+09:00
Staffing Frame,,,failed,False,2026-08-17T20:35:22.813816+09:00
Staffing Fund,10.0,0.0,success,False,2026-08-21T02:22:10.235863+09:00
Staffing Gate,,,failed,False,2026-08-17T20:39:33.830984+09:00
Staffing Generator,,,failed,False,2026-08-27T23:31:14.136748+09:00
Staffing Grade,,,failed,False,2026-08-21T00:29:58.685573+09:00
Staffing Graph,,,failed,False,2026-08-27T22:09:18.738684+09:00
Staffing Grid,210.0,3.0,success,False,2026-08-17T20:42:21.345142+09:00
Staffing Guarantee,,,failed,False,2026-08-28T01:02:34.403760+09:00
Staffing Guard,,,failed,False,2026-08-17T20:34:03.344800+09:00
Staffing Guardian,,,failed,False,2026-08-28T00:21:24.701670+09:00
Staffing Guidebook,,,failed,False,2026-08-18T22:07:12.146632+09:00
Staffing Helpdesk,,,failed,False,2026-08-27T22:47:59.631121+09:00
Staffing Helper,,,failed,False,2026-08-28T00:21:30.022858+09:00
Staffing History,,,failed,False,2026-08-19T20:37:31.186118+09:00
Staffing Hotline,,,failed,False,2026-08-19T21:09:48.311531+09:00
Staffing Hub,12100.0,2.0,success,False,2026-08-17T21:41:47.180143+09:00
Staffing Identifier,,,failed,False,2026-08-23T13:05:36.623967+09:00
Staffing Index,40.0,7.0,success,False,2026-08-19T21:08:46.825044+09:00
Staffing Insight,40.0,1.0,success,False,2026-08-17T23:04:25.350258+09:00
Staffing Installment,,,failed,False,2026-08-23T16:12:01.471109+09:00
Staffing Interest,,,failed,False,2026-08-23T13:46:32.970542+09:00
Staffing Item,,,failed,False,2026-08-21T02:05:57.421169+09:00
Staffing Journal,50.0,2.0,success,False,2026-08-18T22:06:56.515623+09:00
Staffing Keeper,,,failed,False,2026-08-17T20:35:52.510868+09:00
Staffing Lab,1000.0,1.0,success,False,2026-08-17T21:39:13.221117+09:00
Staffing Ledger,,,failed,False,2026-08-17T20:32:26.534581+09:00
Staffing Lens,,,failed,False,2026-08-17T20:36:20.228244+09:00
Staffing Level,1000.0,23.0,success,False,2026-08-19T20:37:47.819235+09:00
Staffing Levy,,,failed,False,2026-08-23T13:45:20.654502+09:00
Staffing Link,74000.0,0.0,success,True,2026-08-23T03:15:22.651664+09:00
Staffing List,2900.0,1.0,success,False,2026-08-19T21:46:20.188818+09:00
Staffing Loan,720.0,5.0,success,False,2026-08-21T02:06:27.364500+09:00
Staffing Locator,,,failed,False,2026-08-19T00:00:01.654497+09:00
Staffing Lock,,,failed,False,2026-08-17T20:38:13.537846+09:00
Staffing Log,550000.0,0.0,success,True,2026-08-19T13:24:56.019665+09:00
Staffing Loop,,,failed,False,2026-08-17T20:43:18.551816+09:00
Staffing Manager,1600.0,2.0,success,False,2026-08-17T20:34:53.035348+09:00
Staffing Manual,210.0,9.0,success,False,2026-08-27T22:09:22.436426+09:00
Staffing Map,140.0,6.0,success,False,2026-08-17T20:37:19.032635+09:00
Staffing Margin,,,failed,False,2026-08-23T02:54:17.672874+09:00
Staffing Markup,,,failed,False,2026-08-23T16:37:47.617319+09:00
Staffing Memo,210.0,2.0,success,False,2026-08-21T00:30:05.948049+09:00
Staffing Message,,,failed,False,2026-08-27T23:13:18.509120+09:00
Staffing Meter,,,failed,False,2026-08-17T20:47:50.375793+09:00
Staffing Metrics,110.0,13.0,success,False,2026-08-17T23:03:51.188489+09:00
Staffing Monitor,,,failed,False,2026-08-17T23:09:27.800960+09:00
Staffing Navigator,,,failed,False,2026-08-17T22:50:34.703098+09:00
Staffing Nexus,,,failed,False,2026-08-17T20:38:40.859557+09:00
Staffing Node,,,failed,False,2026-08-17T20:40:29.235539+09:00
Staffing Note,,,failed,False,2026-08-19T13:26:13.744102+09:00
Staffing Notification,40.0,2.0,success,False,2026-08-27T22:47:53.351609+09:00
Staffing Number,590.0,0.0,success,False,2026-08-23T03:15:10.473494+09:00
Staffing Office,2900.0,1.0,success,False,2026-08-19T00:00:31.381271+09:00
Staffing Ops,,,failed,False,2026-08-17T23:12:38.430162+09:00
Staffing Order,,,failed,False,2026-08-19T21:54:42.461641+09:00
Staffing Organizer,,,failed,False,2026-08-17T23:07:23.914294+09:00
Staffing Overage,,,failed,False,2026-08-27T21:46:39.546965+09:00
Staffing Panel,,,failed,False,2026-08-17T21:31:17.550614+09:00
Staffing Pass,,,failed,False,2026-08-21T00:29:15.711468+09:00
Staffing Path,,,failed,False,2026-08-17T20:40:05.754832+09:00
Staffing Penalty,,,failed,False,2026-08-23T16:37:45.266937+09:00
Staffing Petition,,,failed,False,2026-08-21T00:59:38.385269+09:00
Staffing Pilot,,,failed,False,2026-08-17T21:40:01.418165+09:00
Staffing Plan,2400.0,19.0,success,False,2026-08-21T01:52:41.314698+09:00
Staffing Planner,2400.0,19.0,success,False,2026-08-17T23:12:34.850967+09:00
Staffing Playbook,,,failed,False,2026-08-18T22:06:47.457116+09:00
Staffing Point,8100.0,22.0,success,False,2026-08-17T20:39:11.470645+09:00
Staffing Portal,110000.0,0.0,success,True,2026-08-17T21:33:30.231055+09:00
Staffing Preview,,,failed,False,2026-08-28T01:02:31.716235+09:00
Staffing Profile,30.0,3.0,success,False,2026-08-19T13:27:02.036577+09:00
Staffing Profit,,,failed,False,2026-08-23T02:54:11.154631+09:00
Staffing Proposal,110.0,4.0,success,False,2026-08-28T01:02:31.716235+09:00
Staffing Pulse,,,failed,False,2026-08-17T20:41:38.152103+09:00
Staffing Queue,,,failed,False,2026-08-19T21:09:10.178555+09:00
Staffing Quota,,,failed,False,2026-08-21T00:30:14.861916+09:00
Staffing Radar,,,failed,False,2026-08-17T21:37:10.762781+09:00
Staffing Rail,,,failed,False,2026-08-17T20:43:46.830313+09:00
Staffing Rate,260.0,1.0,success,False,2026-08-19T20:37:54.785730+09:00
Staffing Recap,,,failed,False,2026-08-21T01:01:57.606553+09:00
Staffing Receipt,,,failed,False,2026-08-19T21:45:58.620929+09:00
Staffing Recorder,,,failed,False,2026-08-27T23:31:16.874593+09:00
Staffing Register,,,failed,False,2026-08-17T23:10:43.579186+09:00
Staffing Registry,10.0,46.0,success,False,2026-08-18T22:07:21.490302+09:00
Staffing Relay,,,failed,False,2026-08-17T21:36:12.498401+09:00
Staffing Reminder,,,failed,False,2026-08-19T21:08:23.714003+09:00
Staffing Report,590.0,1.0,success,False,2026-08-19T13:24:49.306222+09:00
Staffing Repository,,,failed,False,2026-08-27T23:13:25.257331+09:00
Staffing Result,,,failed,False,2026-08-28T00:45:55.588446+09:00
Staffing Roadmap,10.0,0.0,success,False,2026-08-18T22:08:02.449968+09:00
Staffing Roster,2900.0,15.0,success,False,2026-08-19T00:37:10.693574+09:00
Staffing Route,10.0,0.0,success,False,2026-08-17T20:45:35.834234+09:00
Staffing Rule,,,failed,False,2026-08-23T03:15:24.852114+09:00
Staffing Sale,,,failed,False,2026-08-21T02:22:16.250751+09:00
Staffing Sample,,,failed,False,2026-08-19T21:47:08.663103+09:00
Staffing Scale,,,failed,False,2026-08-17T20:46:27.690682+09:00
Staffing Scheduler,135000.0,5.0,success,False,2026-08-17T23:14:41.375835+09:00
Staffing Scope,10.0,0.0,success,False,2026-08-17T20:44:11.907751+09:00
Staffing Score,,,failed,False,2026-08-19T13:26:07.690748+09:00
Staffing Sentry,,,failed,False,2026-08-17T20:36:52.122948+09:00
Staffing Sheet,210.0,8.0,success,False,2026-08-19T13:25:47.267780+09:00
Staffing Shortfall,,,failed,False,2026-08-27T21:46:39.546965+09:00
Staffing Signal,,,failed,False,2026-08-17T20:45:58.318950+09:00
Staffing Slip,,,failed,False,2026-08-19T21:46:58.234898+09:00
Staffing Slot,,,failed,False,2026-08-19T21:47:24.408619+09:00
Staffing Snapshot,,,failed,False,2026-08-18T22:07:05.348378+09:00
Staffing Stage,,,failed,False,2026-08-28T00:45:52.715901+09:00
Staffing Stake,,,failed,False,2026-08-23T02:54:15.524012+09:00
Staffing Statement,,,failed,False,2026-08-21T00:29:45.511428+09:00
Staffing Station,1900.0,8.0,success,False,2026-08-17T21:37:46.877382+09:00
Staffing Status,90.0,0.0,success,False,2026-08-19T20:44:23.661281+09:00
Staffing Stipend,,,failed,False,2026-08-23T13:45:24.772737+09:00
Staffing Stub,,,failed,False,2026-08-21T00:29:39.530878+09:00
Staffing Studio,30.0,0.0,success,False,2026-08-17T21:41:16.664514+09:00
Staffing Subsidy,,,failed,False,2026-08-23T15:50:28.386707+09:00
Staffing Suite,90.0,3.0,success,False,2026-08-17T23:13:01.440927+09:00
Staffing Sum,,,failed,False,2026-08-21T02:21:59.749711+09:00
Staffing Summary,50.0,0.0,success,False,2026-08-19T21:08:03.467133+09:00
Staffing Surtax,,,failed,False,2026-08-23T15:50:33.287746+09:00
Staffing Sync,,,failed,False,2026-08-17T20:31:52.293572+09:00
Staffing Tab,,,failed,False,2026-08-21T00:30:27.321926+09:00
Staffing Table,480.0,70.0,success,False,2026-08-19T21:46:33.632095+09:00
Staffing Tag,,,failed,False,2026-08-19T13:26:40.628357+09:00
Staffing Tally,,,failed,False,2026-08-21T00:29:53.018137+09:00
Staffing Tariff,,,failed,False,2026-08-21T02:38:47.806400+09:00
Staffing Tax,,,failed,False,2026-08-21T02:06:22.333595+09:00
Staffing Ticket,,,failed,False,2026-08-19T21:08:58.951614+09:00
Staffing Timeline,20.0,20.0,success,False,2026-08-19T21:08:13.592372+09:00
Staffing Timer,,,failed,False,2026-08-28T00:21:22.221803+09:00
Staffing Toll,,,failed,False,2026-08-21T02:38:41.018051+09:00
Staffing Toolbox,,,failed,False,2026-08-28T00:21:27.462723+09:00
Staffing Toolkit,,,failed,False,2026-08-18T22:06:39.446315+09:00
Staffing Total,50.0,10.0,success,False,2026-08-27T23:13:18.509120+09:00
Staffing Tracker,1600.0,12.0,success,False,2026-08-17T20:33:01.756540+09:00
Staffing Trail,,,failed,False,2026-08-17T20:42:50.595044+09:00
Staffing Trend,,,failed,False,2026-08-28T01:02:28.948807+09:00
Staffing Trial,,,failed,False,2026-08-27T21:15:06.762141+09:00
Staffing Unit,90.0,0.0,success,False,2026-08-21T01:52:37.407034+09:00
Staffing Update,720.0,0.0,success,False,2026-08-19T20:38:03.591827+09:00
Staffing Value,10.0,,success,False,2026-08-23T02:54:13.248458+09:00
Staffing Vault,10.0,,success,False,2026-08-17T21:35:08.893531+09:00
Staffing Version,,,failed,False,2026-08-23T03:15:19.125629+09:00
Staffing View,,,failed,False,2026-08-19T20:37:22.627194+09:00
Staffing Voucher,,,failed,False,2026-08-21T00:29:24.926650+09:00
Staffing Watch,,,failed,False,2026-08-17T20:45:12.889782+09:00
Staffing Wave,,,failed,False,2026-08-17T20:40:51.053535+09:00
Staffing Widget,,,failed,False,2026-08-27T23:13:21.065060+09:00
Staffing Workbench,,,failed,False,2026-08-18T22:06:29.857370+09:00
Staffing Worksheet,10.0,13.0,success,False,2026-08-27T22:09:22.436426+09:00
Staffing Workshop,,,failed,False,2026-08-28T00:21:22.221803+09:00
Staffing Zone,40500.0,4.0,success,False,2026-08-17T21:34:34.023181+09:00
Staging Advance,,,failed,False,2026-08-23T16:16:13.507688+09:00
Staging Alert,,,failed,False,2026-08-21T01:42:00.180241+09:00
Staging Allowance,,,failed,False,2026-08-21T02:44:37.347457+09:00
Staging Analyzer,,,failed,False,2026-08-27T23:54:35.399736+09:00
Staging Arrears,,,failed,False,2026-08-23T16:16:09.972976+09:00
Staging Asset,,,failed,False,2026-08-23T13:47:15.992604+09:00
Staging Assistant,390.0,4.0,success,False,2026-08-21T01:40:17.321567+09:00
Staging Atlas,,,failed,False,2026-08-21T01:40:01.747780+09:00
Staging Badge,,,failed,False,2026-08-21T01:36:25.253973+09:00
Staging Balance,,,failed,False,2026-08-23T13:47:13.508679+09:00
Staging Base,50.0,0.0,success,False,2026-08-21T01:38:31.485069+09:00
Staging Beacon,,,failed,False,2026-08-21T01:37:28.905967+09:00
Staging Bill,,,failed,False,2026-08-21T01:44:31.242398+09:00
Staging Board,590.0,100.0,success,False,2026-08-21T01:38:42.867462+09:00
Staging Bridge,10.0,0.0,success,False,2026-08-21T01:37:39.215530+09:00
Staging Brief,,,failed,False,2026-08-21T01:36:25.253973+09:00
Staging Bulletin,,,failed,False,2026-08-21T01:36:25.253973+09:00
Staging Calculator,20.0,1.0,success,False,2026-08-27T23:33:41.786723+09:00
Staging Card,,,failed,False,2026-08-21T01:42:48.869153+09:00
Staging Cascade,,,failed,False,2026-08-21T01:37:34.913486+09:00
Staging Cash,,,failed,False,2026-08-21T02:28:15.974883+09:00
Staging Cashback,,,failed,False,2026-08-27T21:19:40.666664+09:00
Staging Center,20.0,0.0,success,False,2026-08-21T01:39:04.572787+09:00
Staging Chain,,,failed,False,2026-08-21T01:39:45.118535+09:00
Staging Charge,,,failed,False,2026-08-21T02:44:22.791251+09:00
Staging Chart,110.0,0.0,success,False,2026-08-21T01:42:05.228292+09:00
Staging Check,,,failed,False,2026-08-21T01:42:55.803836+09:00
Staging Checker,,,failed,False,2026-08-27T23:54:30.615711+09:00
Staging Code,40.0,0.0,success,False,2026-08-21T01:44:38.139446+09:00
Staging Comparison,,,failed,False,2026-08-28T01:05:58.030505+09:00
Staging Confirmation,,,failed,False,2026-08-21T01:36:44.739122+09:00
Staging Console,10.0,22.0,success,False,2026-08-21T01:39:18.143916+09:00
Staging Core,,,failed,False,2026-08-21T01:38:35.952865+09:00
Staging Cost,1300.0,27.0,success,False,2026-08-21T02:11:07.536158+09:00
Staging Count,,,failed,False,2026-08-27T22:45:40.412271+09:00
Staging Counter,,,failed,False,2026-08-21T01:41:12.264242+09:00
Staging Coupon,,,failed,False,2026-08-27T21:19:36.835808+09:00
Staging Deal,,,failed,False,2026-08-21T01:54:20.819048+09:00
Staging Debt,,,failed,False,2026-08-21T02:28:03.624635+09:00
Staging Deck,1900.0,100.0,success,False,2026-08-21T01:38:45.431477+09:00
Staging Desk,20.0,100.0,success,False,2026-08-21T01:37:11.320785+09:00
Staging Detail,,,failed,False,2026-08-23T03:15:59.188624+09:00
Staging Detector,,,failed,False,2026-08-27T23:54:32.984482+09:00
Staging Diagram,1000.0,0.0,success,True,2026-08-27T22:15:33.141509+09:00
Staging Directory,40.0,0.0,success,False,2026-08-21T01:40:58.554709+09:00
Staging Discount,,,failed,False,2026-08-23T16:16:06.207689+09:00
Staging Downpayment,,,failed,False,2026-08-27T21:50:44.551751+09:00
Staging Draft,,,failed,False,2026-08-21T01:43:56.070004+09:00
Staging Due,,,failed,False,2026-08-23T15:52:22.475978+09:00
Staging Duty,,,failed,False,2026-08-21T02:44:28.484946+09:00
Staging Engine,10.0,0.0,success,False,2026-08-21T01:40:15.311910+09:00
Staging Entry,,,failed,False,2026-08-21T01:36:52.456000+09:00
Staging Estimate,,,failed,False,2026-08-21T01:44:23.485240+09:00
Staging Estimator,,,failed,False,2026-08-27T23:54:30.615711+09:00
Staging Extension,,,failed,False,2026-08-23T16:40:05.179166+09:00
Staging Fare,,,failed,False,2026-08-21T02:11:15.261095+09:00
Staging Fee,320.0,36.0,success,False,2026-08-21T01:54:04.879612+09:00
Staging Feed,,,failed,False,2026-08-21T01:43:50.237250+09:00
Staging File,260.0,0.0,success,False,2026-08-21T01:43:31.469604+09:00
Staging Fine,,,failed,False,2026-08-23T02:58:55.572787+09:00
Staging Flow,,,failed,False,2026-08-21T01:36:59.790111+09:00
Staging Forge,,,failed,False,2026-08-21T01:37:32.925946+09:00
Staging Form,10.0,0.0,success,False,2026-08-21T01:42:43.370438+09:00
Staging Frame,50.0,88.0,success,False,2026-08-21T01:38:26.164281+09:00
Staging Fund,,,failed,False,2026-08-21T02:28:08.522679+09:00
Staging Gate,10.0,1.0,success,False,2026-08-21T01:39:52.762519+09:00
Staging Generator,,,failed,False,2026-08-27T23:33:44.180907+09:00
Staging Giveaway,,,failed,False,2026-08-27T21:19:43.592379+09:00
Staging Grid,10.0,0.0,success,False,2026-08-21T01:38:01.641770+09:00
Staging Guarantee,,,failed,False,2026-08-28T01:06:05.018602+09:00
Staging Guardian,,,failed,False,2026-08-28T00:24:32.431629+09:00
Staging Helpdesk,,,failed,False,2026-08-27T22:45:40.412271+09:00
Staging Helper,,,failed,False,2026-08-28T00:24:39.235749+09:00
Staging History,30.0,0.0,success,False,2026-08-21T01:43:25.178324+09:00
Staging Hub,40.0,2.0,success,False,2026-08-21T01:37:05.417257+09:00
Staging Incentive,,,failed,False,2026-08-27T21:19:43.592379+09:00
Staging Index,10.0,0.0,success,False,2026-08-21T01:44:14.161023+09:00
Staging Installment,,,failed,False,2026-08-23T16:16:06.207689+09:00
Staging Interest,,,failed,False,2026-08-23T13:47:13.508679+09:00
Staging Item,,,failed,False,2026-08-21T01:54:08.146374+09:00
Staging Journal,,,failed,False,2026-08-21T01:40:48.434359+09:00
Staging Keeper,,,failed,False,2026-08-21T01:40:03.980146+09:00
Staging Kit,20.0,29.0,success,False,2026-08-27T22:45:32.227130+09:00
Staging Lab,30.0,4.0,success,False,2026-08-21T01:38:52.841882+09:00
Staging Layout,1300.0,2.0,success,False,2026-08-27T22:28:37.219396+09:00
Staging Ledger,,,failed,False,2026-08-21T01:38:38.622768+09:00
Staging Level,,,failed,False,2026-08-21T01:43:39.038620+09:00
Staging Levy,,,failed,False,2026-08-23T13:47:15.992604+09:00
Staging Link,170.0,2.0,success,False,2026-08-23T03:15:49.113628+09:00
Staging List,10.0,1.0,success,False,2026-08-21T01:36:25.253973+09:00
Staging Loan,,,failed,False,2026-08-21T02:11:23.948204+09:00
Staging Lobby,,,failed,False,2026-08-21T01:42:17.039674+09:00
Staging Locator,,,failed,False,2026-08-21T01:41:00.703725+09:00
Staging Locker,,,failed,False,2026-08-21T01:41:14.289680+09:00
Staging Log,,,failed,False,2026-08-21T01:42:40.721389+09:00
Staging Loop,,,failed,False,2026-08-21T01:37:57.190809+09:00
Staging Manual,30.0,25.0,success,False,2026-08-27T22:15:29.214068+09:00
Staging Map,,,failed,False,2026-08-21T01:38:21.127852+09:00
Staging Markup,,,failed,False,2026-08-23T16:40:02.738352+09:00
Staging Memo,,,failed,False,2026-08-21T01:36:25.253973+09:00
Staging Monitor,,,failed,False,2026-08-21T01:40:31.088878+09:00
Staging Nexus,,,failed,False,2026-08-21T01:39:55.005229+09:00
Staging Note,,,failed,False,2026-08-21T01:43:00.390217+09:00
Staging Notification,,,failed,False,2026-08-27T22:45:28.853044+09:00
Staging Number,,,failed,False,2026-08-23T03:15:41.007114+09:00
Staging Office,210.0,90.0,success,False,2026-08-21T01:41:08.747647+09:00
Staging Ops,,,failed,False,2026-08-21T01:40:39.778843+09:00
Staging Order,40.0,1.0,success,False,2026-08-21T01:44:28.935205+09:00
Staging Overage,,,failed,False,2026-08-27T21:50:42.355855+09:00
Staging Overdue,,,failed,False,2026-08-27T21:50:39.210391+09:00
Staging Panel,40.0,93.0,success,False,2026-08-21T01:39:25.000691+09:00
Staging Pass,,,failed,False,2026-08-21T01:36:25.253973+09:00
Staging Path,,,failed,False,2026-08-21T01:38:12.819970+09:00
Staging Payoff,,,failed,False,2026-08-27T21:50:39.210391+09:00
Staging Penalty,,,failed,False,2026-08-23T16:40:00.457844+09:00
Staging Petition,,,failed,False,2026-08-21T01:36:39.432784+09:00
Staging Plan,2400.0,2.0,success,False,2026-08-21T01:54:16.257744+09:00
Staging Planner,,,failed,False,2026-08-21T01:40:23.040836+09:00
Staging Playbook,,,failed,False,2026-08-21T01:40:42.553901+09:00
Staging Point,210.0,1.0,success,False,2026-08-21T01:38:18.535087+09:00
Staging Portal,70.0,0.0,success,False,2026-08-21T01:39:14.951697+09:00
Staging Preview,,,failed,False,2026-08-28T01:05:58.030505+09:00
Staging Profile,,,failed,False,2026-08-21T01:43:12.278953+09:00
Staging Profit,,,failed,False,2026-08-23T02:58:45.466254+09:00
Staging Proposal,10.0,78.0,success,False,2026-08-28T01:06:00.663079+09:00
Staging Quota,,,failed,False,2026-08-21T01:36:25.253973+09:00
Staging Radar,,,failed,False,2026-08-21T01:37:13.589246+09:00
Staging Rate,320.0,36.0,success,False,2026-08-21T01:43:42.058918+09:00
Staging Recap,,,failed,False,2026-08-21T01:36:50.253581+09:00
Staging Receipt,,,failed,False,2026-08-21T01:44:35.810594+09:00
Staging Register,,,failed,False,2026-08-21T01:40:35.434951+09:00
Staging Relay,,,failed,False,2026-08-21T01:37:19.276865+09:00
Staging Reminder,,,failed,False,2026-08-21T01:44:07.789434+09:00
Staging Report,260.0,0.0,success,False,2026-08-21T01:42:37.393096+09:00
Staging Repository,10.0,4.0,success,False,2026-08-27T23:11:31.507435+09:00
Staging Result,,,failed,False,2026-08-28T00:47:32.809688+09:00
Staging Ring,20.0,0.0,success,False,2026-08-21T01:39:49.686792+09:00
Staging Roster,,,failed,False,2026-08-21T01:41:54.360418+09:00
Staging Route,,,failed,False,2026-08-21T01:39:32.953570+09:00
Staging Rule,,,failed,False,2026-08-23T03:15:55.657138+09:00
Staging Sale,50.0,32.0,success,False,2026-08-21T02:28:18.996082+09:00
Staging Sample,,,failed,False,2026-08-21T01:36:25.253973+09:00
Staging Scale,,,failed,False,2026-08-21T01:39:27.131441+09:00
Staging Scanner,,,failed,False,2026-08-27T23:54:32.984482+09:00
Staging Score,,,failed,False,2026-08-21T01:42:58.216620+09:00
Staging Sheet,10.0,0.0,success,False,2026-08-21T01:42:51.256978+09:00
Staging Shortfall,,,failed,False,2026-08-27T21:50:44.551751+09:00
Staging Signal,,,failed,False,2026-08-21T01:37:44.630220+09:00
Staging Slip,,,failed,False,2026-08-21T01:36:25.253973+09:00
Staging Slot,30.0,0.0,success,False,2026-08-21T01:36:25.253973+09:00
Staging Stake,,,failed,False,2026-08-23T02:58:49.315026+09:00
Staging Statement,,,failed,False,2026-08-21T01:36:25.253973+09:00
Staging Station,30.0,0.0,success,False,2026-08-21T01:38:54.698036+09:00
Staging Status,,,failed,False,2026-08-21T01:43:14.953756+09:00
Staging Stub,,,failed,False,2026-08-21T01:36:25.253973+09:00
Staging Studio,390.0,5.0,success,False,2026-08-21T01:38:50.640665+09:00
Staging Sum,,,failed,False,2026-08-21T02:28:00.693334+09:00
Staging Summary,,,failed,False,2026-08-21T01:43:59.593158+09:00
Staging Tab,,,failed,False,2026-08-21T01:36:25.253973+09:00
Staging Table,1600.0,42.0,success,False,2026-08-21T01:36:25.253973+09:00
Staging Tag,,,failed,False,2026-08-21T01:43:07.474360+09:00
Staging Tariff,,,failed,False,2026-08-21T02:44:40.179717+09:00
Staging Tax,,,failed,False,2026-08-21T02:11:18.638927+09:00
Staging Terminal,,,failed,False,2026-08-21T01:38:59.099455+09:00
Staging Ticket,,,failed,False,2026-08-21T01:44:16.668560+09:00
Staging Tier,,,failed,False,2026-08-28T00:47:36.206546+09:00
Staging Timeline,,,failed,False,2026-08-21T01:44:05.223042+09:00
Staging Timer,6600.0,8.0,success,False,2026-08-28T00:24:29.963051+09:00
Staging Toll,,,failed,False,2026-08-21T02:44:32.833058+09:00
Staging Toolbox,,,failed,False,2026-08-28T00:24:36.830973+09:00
Staging Tracker,,,failed,False,2026-08-21T01:36:57.667235+09:00
Staging Trend,,,failed,False,2026-08-28T01:05:55.431564+09:00
Staging Trial,,,failed,False,2026-08-27T21:19:40.666664+09:00
Staging Unit,210.0,37.0,success,False,2026-08-21T01:54:12.034921+09:00
Staging Update,,,failed,False,2026-08-21T01:43:47.346655+09:00
Staging Value,,,failed,False,2026-08-23T02:58:45.466254+09:00
Staging Vault,,,failed,False,2026-08-21T01:37:21.821672+09:00
Staging Version,90.0,0.0,success,False,2026-08-23T03:15:44.979812+09:00
Staging View,10.0,0.0,success,False,2026-08-21T01:43:18.678031+09:00
Staging Voucher,,,failed,False,2026-08-21T01:36:25.253973+09:00
Staging Watch,,,failed,False,2026-08-21T01:37:46.611348+09:00
Staging Wave,,,failed,False,2026-08-21T01:38:08.891636+09:00
Staging Widget,,,failed,False,2026-08-27T23:11:25.184143+09:00
Staging Worksheet,,,failed,False,2026-08-27T22:15:29.214068+09:00
Staging Workshop,,,failed,False,2026-08-28T00:24:29.963051+09:00
Staging Zone,70.0,0.0,success,False,2026-08-21T01:39:07.193029+09:00
Stairs Advance,,,failed,False,2026-08-23T16:12:08.472275+09:00
Stairs Advisory,,,failed,False,2026-08-21T01:09:32.208799+09:00
Stairs Allowance,,,failed,False,2026-08-21T02:39:59.313025+09:00
Stairs Arrears,,,failed,False,2026-08-23T16:12:05.670450+09:00
Stairs Assistant,,,failed,False,2026-08-19T00:37:08.393662+09:00
Stairs Atlas,,,failed,False,2026-08-19T00:37:02.474717+09:00
Stairs Attribute,,,failed,False,2026-08-23T13:08:40.061584+09:00
Stairs Badge,,,failed,False,2026-08-21T00:34:44.893530+09:00
Stairs Base,110.0,83.0,success,False,2026-08-19T00:38:38.551550+09:00
Stairs Beacon,,,failed,False,2026-08-19T00:38:08.562035+09:00
Stairs Bill,,,failed,False,2026-08-19T21:52:04.287712+09:00
Stairs Board,1300.0,100.0,success,False,2026-08-19T00:38:45.524694+09:00
Stairs Book,880.0,27.0,success,False,2026-08-19T21:53:02.852702+09:00
Stairs Bridge,170.0,6.0,success,False,2026-08-19T00:38:15.765840+09:00
Stairs Brief,,,failed,False,2026-08-21T01:09:25.502385+09:00
Stairs Bulletin,,,failed,False,2026-08-21T01:09:20.076507+09:00
Stairs Calculator,60500.0,2.0,success,False,2026-08-27T23:35:24.571352+09:00
Stairs Calendar,,,failed,False,2026-08-19T00:37:25.342982+09:00
Stairs Card,30.0,0.0,success,False,2026-08-19T13:33:46.951331+09:00
Stairs Cascade,,,failed,False,2026-08-19T00:38:13.320545+09:00
Stairs Cash,,,failed,False,2026-08-21T02:23:00.928674+09:00
Stairs Catalog,10.0,,success,False,2026-08-19T21:06:37.485931+09:00
Stairs Category,10.0,0.0,success,False,2026-08-23T13:08:36.933873+09:00
Stairs Center,20.0,4.0,success,False,2026-08-19T00:38:56.335177+09:00
Stairs Chain,,,failed,False,2026-08-19T00:36:50.417664+09:00
Stairs Charge,,,failed,False,2026-08-21T02:39:46.933675+09:00
Stairs Check,,,failed,False,2026-08-19T13:33:57.418081+09:00
Stairs Checker,,,failed,False,2026-08-27T23:57:33.676197+09:00
Stairs Checklist,,,failed,False,2026-08-19T21:05:39.916573+09:00
Stairs Circular,6600.0,61.0,success,False,2026-08-21T01:09:26.967706+09:00
Stairs Code,1600.0,1.0,success,False,2026-08-19T21:52:28.912563+09:00
Stairs Companion,,,failed,False,2026-08-19T00:37:17.107740+09:00
Stairs Compass,,,failed,False,2026-08-19T00:38:05.344215+09:00
Stairs Confirmation,,,failed,False,2026-08-21T01:09:42.916632+09:00
Stairs Console,,,failed,False,2026-08-19T00:36:36.073889+09:00
Stairs Contribution,,,failed,False,2026-08-23T16:12:05.670450+09:00
Stairs Core,110.0,2.0,success,False,2026-08-19T00:38:40.592975+09:00
Stairs Cost,210.0,92.0,success,False,2026-08-21T02:06:07.596179+09:00
Stairs Count,390.0,0.0,success,False,2026-08-27T22:48:37.138670+09:00
Stairs Counter,390.0,0.0,success,False,2026-08-19T00:37:32.560227+09:00
Stairs Deal,,,failed,False,2026-08-21T01:59:21.644967+09:00
Stairs Debt,,,failed,False,2026-08-21T02:22:54.942838+09:00
Stairs Deck,12100.0,98.0,success,False,2026-08-19T00:38:45.524694+09:00
Stairs Desk,110.0,85.0,success,False,2026-08-19T00:37:55.750406+09:00
Stairs Detail,6600.0,2.0,success,False,2026-08-23T03:20:46.771409+09:00
Stairs Diagram,1900.0,1.0,success,False,2026-08-27T22:09:41.685906+09:00
Stairs Digest,,,failed,False,2026-08-19T20:38:18.738836+09:00
Stairs Directory,,,failed,False,2026-08-19T00:37:26.885782+09:00
Stairs Discount,,,failed,False,2026-08-23T16:11:58.973572+09:00
Stairs Dossier,,,failed,False,2026-08-21T01:09:44.260038+09:00
Stairs Draft,,,failed,False,2026-08-19T20:38:36.542684+09:00
Stairs Due,,,failed,False,2026-08-23T15:50:21.646134+09:00
Stairs Duty,,,failed,False,2026-08-21T02:39:49.190275+09:00
Stairs Engine,,,failed,False,2026-08-19T00:37:06.709542+09:00
Stairs Entry,590.0,31.0,success,False,2026-08-21T00:58:34.367334+09:00
Stairs Estimate,210.0,3.0,success,False,2026-08-19T21:06:27.741536+09:00
Stairs Estimator,,,failed,False,2026-08-27T23:57:33.676197+09:00
Stairs Excerpt,,,failed,False,2026-08-21T00:58:30.042414+09:00
Stairs Fare,,,failed,False,2026-08-21T02:06:17.677670+09:00
Stairs Fee,,,failed,False,2026-08-21T01:59:06.761411+09:00
Stairs Feed,,,failed,False,2026-08-19T20:38:26.547735+09:00
Stairs Field,,,failed,False,2026-08-23T13:08:42.186526+09:00
Stairs File,,,failed,False,2026-08-19T20:37:49.991412+09:00
Stairs Finder,,,failed,False,2026-08-19T00:37:30.886042+09:00
Stairs Fine,,,failed,False,2026-08-23T02:55:21.397263+09:00
Stairs Flow,,,failed,False,2026-08-19T00:37:53.742610+09:00
Stairs Forge,,,failed,False,2026-08-19T00:38:10.697868+09:00
Stairs Form,170.0,34.0,success,False,2026-08-19T13:33:39.488989+09:00
Stairs Format,,,failed,False,2026-08-23T13:08:44.526296+09:00
Stairs Frame,1300.0,93.0,success,False,2026-08-19T00:38:36.857956+09:00
Stairs Fund,,,failed,False,2026-08-21T02:22:58.653942+09:00
Stairs Gate,33100.0,100.0,success,False,2026-08-19T00:36:57.137576+09:00
Stairs Grid,,,failed,False,2026-08-19T00:38:27.005898+09:00
Stairs Helper,260.0,99.0,success,False,2026-08-28T00:26:47.602211+09:00
Stairs History,260.0,1.0,success,False,2026-08-19T20:37:42.979136+09:00
Stairs Hotline,,,failed,False,2026-08-19T21:06:46.189471+09:00
Stairs Hub,,,failed,False,2026-08-19T00:37:53.742610+09:00
Stairs Identifier,,,failed,False,2026-08-23T13:08:34.053815+09:00
Stairs Index,,,failed,False,2026-08-19T21:05:52.966416+09:00
Stairs Installment,,,failed,False,2026-08-23T16:12:01.471109+09:00
Stairs Item,,,failed,False,2026-08-21T01:59:11.823228+09:00
Stairs Journal,20.0,0.0,success,False,2026-08-19T00:37:23.570326+09:00
Stairs Keeper,,,failed,False,2026-08-19T00:37:04.451901+09:00
Stairs Lab,140.0,17.0,success,False,2026-08-19T00:38:50.428870+09:00
Stairs Ledger,,,failed,False,2026-08-19T00:38:43.028128+09:00
Stairs Level,210.0,100.0,success,False,2026-08-19T20:37:57.270685+09:00
Stairs Link,,,failed,False,2026-08-23T03:20:35.213515+09:00
Stairs List,,,failed,False,2026-08-19T21:52:40.688622+09:00
Stairs Loan,10.0,0.0,success,False,2026-08-21T02:06:32.230213+09:00
Stairs Log,,,failed,False,2026-08-19T13:33:22.206561+09:00
Stairs Loop,50.0,0.0,success,False,2026-08-19T00:38:24.169663+09:00
Stairs Manager,,,failed,False,2026-08-19T00:37:06.709542+09:00
Stairs Margin,,,failed,False,2026-08-23T02:55:17.140000+09:00
Stairs Markup,,,failed,False,2026-08-23T16:37:49.888860+09:00
Stairs Memo,,,failed,False,2026-08-21T00:35:03.505181+09:00
Stairs Message,20.0,0.0,success,False,2026-08-27T23:14:08.485077+09:00
Stairs Monitor,,,failed,False,2026-08-19T00:37:15.495159+09:00
Stairs Nexus,,,failed,False,2026-08-19T00:37:00.689265+09:00
Stairs Note,,,failed,False,2026-08-19T13:34:15.397109+09:00
Stairs Number,170.0,2.0,success,False,2026-08-23T03:20:27.097448+09:00
Stairs Office,590.0,17.0,success,False,2026-08-19T00:37:32.560227+09:00
Stairs Ops,,,failed,False,2026-08-19T00:37:20.289190+09:00
Stairs Overage,,,failed,False,2026-08-27T21:46:42.401025+09:00
Stairs Pass,,,failed,False,2026-08-21T00:34:35.312701+09:00
Stairs Path,90.0,0.0,success,False,2026-08-19T00:38:32.004718+09:00
Stairs Penalty,,,failed,False,2026-08-23T16:37:47.617319+09:00
Stairs Petition,,,failed,False,2026-08-21T01:09:34.280846+09:00
Stairs Plan,4400.0,12.0,success,False,2026-08-21T01:59:17.074164+09:00
Stairs Planner,4400.0,12.0,success,False,2026-08-19T00:37:10.693574+09:00
Stairs Playbook,,,failed,False,2026-08-19T00:37:21.857423+09:00
Stairs Point,,,failed,False,2026-08-19T00:38:34.534111+09:00
Stairs Portal,,,failed,False,2026-08-19T00:39:01.577403+09:00
Stairs Profile,390.0,100.0,success,False,2026-08-19T13:35:09.228952+09:00
Stairs Profit,,,failed,False,2026-08-23T02:55:08.559599+09:00
Stairs Queue,,,failed,False,2026-08-19T21:06:15.149170+09:00
Stairs Radar,,,failed,False,2026-08-19T00:37:59.032888+09:00
Stairs Rail,165000.0,100.0,success,False,2026-08-19T00:36:46.213084+09:00
Stairs Rate,50.0,2.0,success,False,2026-08-19T20:38:03.591827+09:00
Stairs Recap,,,failed,False,2026-08-21T00:59:23.990159+09:00
Stairs Receipt,,,failed,False,2026-08-19T21:52:13.387437+09:00
Stairs Redemption,,,failed,False,2026-08-23T16:37:52.353259+09:00
Stairs Register,,,failed,False,2026-08-19T00:37:20.289190+09:00
Stairs Relay,,,failed,False,2026-08-19T00:38:01.073734+09:00
Stairs Reminder,,,failed,False,2026-08-19T21:05:26.715187+09:00
Stairs Report,30.0,0.0,success,False,2026-08-19T13:33:05.427843+09:00
Stairs Ring,,,failed,False,2026-08-19T00:36:52.729176+09:00
Stairs Roster,,,failed,False,2026-08-19T00:37:46.702224+09:00
Stairs Route,,,failed,False,2026-08-19T00:36:42.974778+09:00
Stairs Rule,260.0,1.0,success,False,2026-08-23T03:20:39.175053+09:00
Stairs Sale,1000.0,100.0,success,False,2026-08-21T02:23:08.764436+09:00
Stairs Scale,90.0,21.0,success,False,2026-08-19T00:36:40.628841+09:00
Stairs Scope,,,failed,False,2026-08-19T00:38:22.287042+09:00
Stairs Score,,,failed,False,2026-08-19T13:34:06.788909+09:00
Stairs Sheet,70.0,65.0,success,False,2026-08-19T13:33:51.668880+09:00
Stairs Signal,,,failed,False,2026-08-19T00:38:15.765840+09:00
Stairs Slip,170.0,98.0,success,False,2026-08-19T21:53:20.741685+09:00
Stairs Stake,,,failed,False,2026-08-23T02:55:13.896073+09:00
Stairs Statement,,,failed,False,2026-08-21T00:34:53.693924+09:00
Stairs Station,40.0,0.0,success,False,2026-08-19T00:38:52.130938+09:00
Stairs Status,,,failed,False,2026-08-19T20:37:22.627194+09:00
Stairs Stub,,,failed,False,2026-08-21T00:34:51.514854+09:00
Stairs Studio,110.0,14.0,success,False,2026-08-19T00:38:48.376369+09:00
Stairs Sum,,,failed,False,2026-08-21T02:22:48.105050+09:00
Stairs Summary,,,failed,False,2026-08-19T21:05:02.074506+09:00
Stairs Table,480.0,90.0,success,False,2026-08-19T21:52:53.016557+09:00
Stairs Tag,,,failed,False,2026-08-19T13:34:25.531210+09:00
Stairs Tariff,,,failed,False,2026-08-21T02:40:01.670619+09:00
Stairs Tax,,,failed,False,2026-08-21T02:06:22.333595+09:00
Stairs Terminal,,,failed,False,2026-08-19T00:38:54.065235+09:00
Stairs Ticket,,,failed,False,2026-08-19T21:06:04.880535+09:00
Stairs Timeline,50.0,0.0,success,False,2026-08-19T21:05:14.341737+09:00
Stairs Toll,,,failed,False,2026-08-21T02:39:52.714819+09:00
Stairs Toolbox,,,failed,False,2026-08-28T00:26:44.575613+09:00
Stairs Total,,,failed,False,2026-08-27T23:14:12.324093+09:00
Stairs Tracker,140.0,44.0,success,False,2026-08-19T00:37:50.207260+09:00
Stairs Trail,1000.0,0.0,success,True,2026-08-19T00:36:48.669353+09:00
Stairs Trial,,,failed,False,2026-08-27T21:15:18.698295+09:00
Stairs Unit,260.0,73.0,success,False,2026-08-21T02:05:57.421169+09:00
Stairs Update,170.0,96.0,success,False,2026-08-19T20:38:10.418620+09:00
Stairs Value,,,failed,False,2026-08-23T02:55:10.666436+09:00
Stairs Vault,,,failed,False,2026-08-19T00:38:02.838044+09:00
Stairs Version,,,failed,False,2026-08-23T03:20:32.320134+09:00
Stairs View,140.0,9.0,success,False,2026-08-19T20:37:34.944185+09:00
Stairs Voucher,,,failed,False,2026-08-21T00:34:40.769437+09:00
Stairs Wave,,,failed,False,2026-08-19T00:38:30.061657+09:00
Stairs Worksheet,50.0,0.0,success,False,2026-08-27T22:09:41.685906+09:00
Stairs Zone,,,failed,False,2026-08-19T00:39:00.049194+09:00
Statute Advisory,,,failed,False,2026-08-21T01:09:20.076507+09:00
Statute Allowance,,,failed,False,2026-08-21T02:40:47.085181+09:00
Statute Almanac,,,failed,False,2026-08-18T22:05:45.987777+09:00
Statute Analyzer,,,failed,False,2026-08-27T23:55:40.198338+09:00
Statute Anchor,,,failed,False,2026-08-17T20:47:53.457764+09:00
Statute Assistant,,,failed,False,2026-08-17T23:29:29.429883+09:00
Statute Atlas,,,failed,False,2026-08-17T20:38:16.946588+09:00
Statute Attribute,,,failed,False,2026-08-23T13:08:40.061584+09:00
Statute Base,10.0,59.0,success,False,2026-08-17T20:34:58.202084+09:00
Statute Beacon,,,failed,False,2026-08-17T21:33:32.175377+09:00
Statute Blueprint,,,failed,False,2026-08-18T22:05:38.221943+09:00
Statute Board,,,failed,False,2026-08-17T20:31:58.373055+09:00
Statute Book,880.0,9.0,success,False,2026-08-19T21:55:31.155886+09:00
Statute Bridge,,,failed,False,2026-08-17T21:30:13.279777+09:00
Statute Brief,,,failed,False,2026-08-21T01:09:08.778546+09:00
Statute Bulletin,,,failed,False,2026-08-21T01:09:06.679370+09:00
Statute Cabinet,,,failed,False,2026-08-27T23:12:34.540185+09:00
Statute Calculator,,,failed,False,2026-08-27T23:34:17.021271+09:00
Statute Calendar,,,failed,False,2026-08-19T00:00:05.096380+09:00
Statute Card,,,failed,False,2026-08-19T13:30:54.229704+09:00
Statute Cascade,,,failed,False,2026-08-17T21:31:23.168898+09:00
Statute Cash,,,failed,False,2026-08-21T02:24:27.084847+09:00
Statute Catalog,,,failed,False,2026-08-19T21:08:25.447867+09:00
Statute Category,,,failed,False,2026-08-23T13:08:36.933873+09:00
Statute Center,,,failed,False,2026-08-17T21:36:17.240271+09:00
Statute Chain,,,failed,False,2026-08-17T20:42:22.378966+09:00
Statute Charge,,,failed,False,2026-08-21T02:40:33.895660+09:00
Statute Check,,,failed,False,2026-08-19T13:31:09.832283+09:00
Statute Checker,,,failed,False,2026-08-27T23:55:30.843972+09:00
Statute Checklist,,,failed,False,2026-08-19T21:07:34.937888+09:00
Statute Circular,,,failed,False,2026-08-21T01:09:15.818493+09:00
Statute Cockpit,,,failed,False,2026-08-17T23:11:23.614440+09:00
Statute Code,260.0,0.0,success,False,2026-08-19T21:55:03.832007+09:00
Statute Codex,,,failed,False,2026-08-18T22:06:03.591349+09:00
Statute Companion,,,failed,False,2026-08-17T23:30:45.182553+09:00
Statute Comparison,,,failed,False,2026-08-28T01:06:23.726095+09:00
Statute Compass,,,failed,False,2026-08-17T21:34:37.066296+09:00
Statute Compendium,,,failed,False,2026-08-18T22:05:53.928204+09:00
Statute Confirmation,,,failed,False,2026-08-21T01:09:26.967706+09:00
Statute Console,,,failed,False,2026-08-17T21:33:05.832312+09:00
Statute Core,,,failed,False,2026-08-17T20:34:07.278551+09:00
Statute Cost,,,failed,False,2026-08-21T02:08:03.839367+09:00
Statute Count,,,failed,False,2026-08-27T22:47:08.510624+09:00
Statute Counter,,,failed,False,2026-08-19T00:00:56.933054+09:00
Statute Dashboard,,,failed,False,2026-08-17T23:30:30.158673+09:00
Statute Deal,,,failed,False,2026-08-21T01:51:15.763734+09:00
Statute Debt,90.0,2.0,success,False,2026-08-21T02:24:14.838617+09:00
Statute Deck,,,failed,False,2026-08-18T07:43:42.936129+09:00
Statute Depot,,,failed,False,2026-08-19T00:00:40.903706+09:00
Statute Desk,,,failed,False,2026-08-17T21:39:15.761980+09:00
Statute Detail,,,failed,False,2026-08-23T03:21:04.390216+09:00
Statute Detector,,,failed,False,2026-08-27T23:55:33.587403+09:00
Statute Diagram,,,failed,False,2026-08-27T22:08:28.855798+09:00
Statute Dial,,,failed,False,2026-08-17T21:30:45.538595+09:00
Statute Digest,,,failed,False,2026-08-19T20:48:46.011592+09:00
Statute Directory,,,failed,False,2026-08-19T00:00:12.518097+09:00
Statute Dock,,,failed,False,2026-08-17T20:45:14.001779+09:00
Statute Dossier,,,failed,False,2026-08-21T01:09:29.468190+09:00
Statute Draft,,,failed,False,2026-08-19T20:48:55.006137+09:00
Statute Duty,,,failed,False,2026-08-21T02:40:38.159052+09:00
Statute Engine,,,failed,False,2026-08-17T23:08:06.421601+09:00
Statute Entry,,,failed,False,2026-08-21T01:09:44.260038+09:00
Statute Estimator,,,failed,False,2026-08-27T23:55:28.059641+09:00
Statute Excerpt,,,failed,False,2026-08-21T01:09:36.550865+09:00
Statute Extension,,,failed,False,2026-08-23T16:37:28.808486+09:00
Statute Fare,,,failed,False,2026-08-21T02:08:11.666475+09:00
Statute Fee,,,failed,False,2026-08-21T01:50:51.985309+09:00
Statute Feed,,,failed,False,2026-08-19T20:48:51.281701+09:00
Statute Field,,,failed,False,2026-08-23T13:08:42.186526+09:00
Statute File,,,failed,False,2026-08-19T20:48:23.205403+09:00
Statute Finder,90.0,1.0,success,False,2026-08-19T00:00:31.381271+09:00
Statute Fine,,,failed,False,2026-08-23T02:55:50.022047+09:00
Statute Flow,,,failed,False,2026-08-18T07:52:40.105947+09:00
Statute Forge,,,failed,False,2026-08-17T21:32:33.876836+09:00
Statute Form,,,failed,False,2026-08-19T13:30:48.441659+09:00
Statute Format,70.0,0.0,success,False,2026-08-23T13:08:44.526296+09:00
Statute Frame,,,failed,False,2026-08-17T20:35:55.625501+09:00
Statute Fund,,,failed,False,2026-08-21T02:24:19.138497+09:00
Statute Gate,,,failed,False,2026-08-17T20:40:06.808560+09:00
Statute Grid,,,failed,False,2026-08-17T20:42:51.727520+09:00
Statute Guarantee,,,failed,False,2026-08-28T01:06:41.346901+09:00
Statute Guard,,,failed,False,2026-08-17T20:34:33.124318+09:00
Statute Guardian,,,failed,False,2026-08-28T00:25:13.091211+09:00
Statute Guidebook,,,failed,False,2026-08-18T22:05:19.741515+09:00
Statute Helpdesk,,,failed,False,2026-08-27T22:47:10.971037+09:00
Statute Helper,,,failed,False,2026-08-28T00:25:15.482285+09:00
Statute History,,,failed,False,2026-08-19T20:48:17.948513+09:00
Statute Hotline,,,failed,False,2026-08-19T21:08:35.799168+09:00
Statute Hub,,,failed,False,2026-08-18T07:52:51.639177+09:00
Statute Identifier,,,failed,False,2026-08-23T13:08:34.053815+09:00
Statute Index,,,failed,False,2026-08-19T21:07:45.336017+09:00
Statute Insight,,,failed,False,2026-08-17T23:04:09.987003+09:00
Statute Interest,,,failed,False,2026-08-23T13:48:23.745553+09:00
Statute Item,,,failed,False,2026-08-21T01:50:57.666770+09:00
Statute Journal,,,failed,False,2026-08-18T22:05:00.347281+09:00
Statute Keeper,,,failed,False,2026-08-17T20:36:21.712002+09:00
Statute Lab,,,failed,False,2026-08-17T21:40:37.066671+09:00
Statute Label,,,failed,False,2026-08-27T22:08:21.698192+09:00
Statute Ledger,,,failed,False,2026-08-17T20:33:05.160713+09:00
Statute Lens,,,failed,False,2026-08-17T20:36:55.192509+09:00
Statute Level,,,failed,False,2026-08-19T20:48:28.899410+09:00
Statute Levy,,,failed,False,2026-08-23T13:48:23.745553+09:00
Statute Link,,,failed,False,2026-08-23T03:20:52.959248+09:00
Statute List,,,failed,False,2026-08-19T21:55:14.913375+09:00
Statute Loan,,,failed,False,2026-08-21T02:08:19.202315+09:00
Statute Locator,,,failed,False,2026-08-19T00:00:22.759146+09:00
Statute Lock,,,failed,False,2026-08-17T20:38:41.975413+09:00
Statute Log,,,failed,False,2026-08-19T13:30:39.417389+09:00
Statute Loop,,,failed,False,2026-08-17T20:43:51.758171+09:00
Statute Manager,,,failed,False,2026-08-17T20:35:25.429619+09:00
Statute Manual,,,failed,False,2026-08-27T22:08:24.051026+09:00
Statute Map,,,failed,False,2026-08-17T20:37:55.339961+09:00
Statute Margin,,,failed,False,2026-08-23T02:55:47.607915+09:00
Statute Memo,,,failed,False,2026-08-21T00:35:09.628137+09:00
Statute Message,,,failed,False,2026-08-27T23:12:29.033332+09:00
Statute Meter,,,failed,False,2026-08-17T20:48:31.729678+09:00
Statute Metrics,40.0,0.0,success,False,2026-08-17T23:30:16.319777+09:00
Statute Monitor,,,failed,False,2026-08-17T23:30:03.516281+09:00
Statute Navigator,,,failed,False,2026-08-17T23:05:59.212452+09:00
Statute Nexus,,,failed,False,2026-08-17T20:39:13.606540+09:00
Statute Node,,,failed,False,2026-08-17T20:40:52.069695+09:00
Statute Note,,,failed,False,2026-08-19T13:31:41.202916+09:00
Statute Notification,,,failed,False,2026-08-27T22:47:02.636160+09:00
Statute Number,320.0,0.0,success,False,2026-08-23T03:20:46.771409+09:00
Statute Office,,,failed,False,2026-08-19T00:00:48.226412+09:00
Statute Ops,,,failed,False,2026-08-17T23:31:10.385394+09:00
Statute Organizer,,,failed,False,2026-08-17T23:09:50.041087+09:00
Statute Overdue,,,failed,False,2026-08-27T21:46:18.010185+09:00
Statute Panel,,,failed,False,2026-08-17T21:31:56.784481+09:00
Statute Pass,,,failed,False,2026-08-21T00:34:49.507039+09:00
Statute Path,,,failed,False,2026-08-17T20:40:31.600880+09:00
Statute Penalty,,,failed,False,2026-08-23T16:37:24.399501+09:00
Statute Petition,,,failed,False,2026-08-21T01:09:22.527514+09:00
Statute Pilot,,,failed,False,2026-08-17T21:41:19.053416+09:00
Statute Plan,,,failed,False,2026-08-21T01:51:06.981175+09:00
Statute Planner,,,failed,False,2026-08-17T23:14:59.429645+09:00
Statute Playbook,,,failed,False,2026-08-18T22:04:49.273954+09:00
Statute Point,,,failed,False,2026-08-17T20:39:37.454360+09:00
Statute Portal,,,failed,False,2026-08-17T21:34:05.861065+09:00
Statute Preview,,,failed,False,2026-08-28T01:06:26.504545+09:00
Statute Profile,,,failed,False,2026-08-19T13:31:59.823844+09:00
Statute Profit,,,failed,False,2026-08-23T02:55:35.353388+09:00
Statute Proposal,,,failed,False,2026-08-28T01:06:29.246910+09:00
Statute Pulse,,,failed,False,2026-08-17T20:42:04.175878+09:00
Statute Queue,,,failed,False,2026-08-19T21:08:05.171033+09:00
Statute Radar,,,failed,False,2026-08-17T21:37:49.733247+09:00
Statute Rail,,,failed,False,2026-08-17T20:44:14.789024+09:00
Statute Recap,,,failed,False,2026-08-21T01:09:34.280846+09:00
Statute Register,,,failed,False,2026-08-17T23:13:01.440927+09:00
Statute Registry,,,failed,False,2026-08-18T22:05:27.658262+09:00
Statute Relay,,,failed,False,2026-08-17T21:36:43.981322+09:00
Statute Reminder,,,failed,False,2026-08-19T21:07:25.102552+09:00
Statute Report,,,failed,False,2026-08-19T13:30:30.638587+09:00
Statute Repository,,,failed,False,2026-08-27T23:12:37.040829+09:00
Statute Roadmap,,,failed,False,2026-08-18T22:06:12.435541+09:00
Statute Roster,,,failed,False,2026-08-19T00:37:28.610789+09:00
Statute Route,,,failed,False,2026-08-17T20:46:01.536512+09:00
Statute Rule,260.0,0.0,success,False,2026-08-23T03:21:00.660532+09:00
Statute Sale,,,failed,False,2026-08-21T02:24:30.364633+09:00
Statute Sample,10.0,0.0,success,False,2026-08-19T21:55:51.993679+09:00
Statute Scale,,,failed,False,2026-08-17T20:47:13.736905+09:00
Statute Scanner,,,failed,False,2026-08-27T23:55:30.843972+09:00
Statute Scheduler,,,failed,False,2026-08-17T23:29:43.400125+09:00
Statute Scope,,,failed,False,2026-08-17T20:44:36.649130+09:00
Statute Score,,,failed,False,2026-08-19T13:31:24.471816+09:00
Statute Sentry,,,failed,False,2026-08-17T20:37:21.758511+09:00
Statute Sheet,,,failed,False,2026-08-19T13:31:03.415990+09:00
Statute Signal,,,failed,False,2026-08-17T20:46:31.116711+09:00
Statute Slip,,,failed,False,2026-08-19T21:55:44.120814+09:00
Statute Slot,,,failed,False,2026-08-19T21:56:05.092972+09:00
Statute Snapshot,,,failed,False,2026-08-18T22:05:10.153828+09:00
Statute Stage,,,failed,False,2026-08-28T00:47:48.349607+09:00
Statute Stake,,,failed,False,2026-08-23T02:55:43.726129+09:00
Statute Statement,,,failed,False,2026-08-21T00:35:01.453915+09:00
Statute Station,,,failed,False,2026-08-17T21:38:26.629916+09:00
Statute Status,10.0,0.0,success,False,2026-08-19T20:48:02.759483+09:00
Statute Studio,,,failed,False,2026-08-17T21:41:53.145173+09:00
Statute Subsidy,,,failed,False,2026-08-23T15:53:08.210333+09:00
Statute Suite,,,failed,False,2026-08-17T23:29:09.953642+09:00
Statute Sum,,,failed,False,2026-08-21T02:24:12.217966+09:00
Statute Summary,,,failed,False,2026-08-19T21:07:04.594270+09:00
Statute Surtax,,,failed,False,2026-08-23T15:53:10.362751+09:00
Statute Sync,,,failed,False,2026-08-17T20:32:30.733040+09:00
Statute Table,,,failed,False,2026-08-19T21:55:20.954175+09:00
Statute Tag,,,failed,False,2026-08-19T13:31:50.431005+09:00
Statute Tariff,,,failed,False,2026-08-21T02:40:49.577434+09:00
Statute Tax,,,failed,False,2026-08-21T02:08:15.230542+09:00
Statute Ticket,,,failed,False,2026-08-19T21:07:55.214041+09:00
Statute Timeline,,,failed,False,2026-08-19T21:07:16.203533+09:00
Statute Timer,,,failed,False,2026-08-28T00:25:07.962787+09:00
Statute Toll,,,failed,False,2026-08-21T02:40:43.977421+09:00
Statute Toolbox,,,failed,False,2026-08-28T00:25:13.091211+09:00
Statute Toolkit,,,failed,False,2026-08-18T22:04:38.583463+09:00
Statute Total,,,failed,False,2026-08-27T23:12:32.092351+09:00
Statute Tracker,,,failed,False,2026-08-17T20:33:40.236931+09:00
Statute Trail,,,failed,False,2026-08-17T20:43:22.316757+09:00
Statute Trend,,,failed,False,2026-08-28T01:06:23.726095+09:00
Statute Trial,,,failed,False,2026-08-27T21:14:16.452058+09:00
Statute Unit,70.0,0.0,success,False,2026-08-21T01:51:00.424955+09:00
Statute Update,,,failed,False,2026-08-19T20:48:40.120494+09:00
Statute Value,,,failed,False,2026-08-23T02:55:38.114180+09:00
Statute Vault,,,failed,False,2026-08-17T21:35:41.309233+09:00
Statute Version,,,failed,False,2026-08-23T03:20:50.654201+09:00
Statute View,,,failed,False,2026-08-19T20:48:09.734804+09:00
Statute Voucher,,,failed,False,2026-08-21T00:34:53.693924+09:00
Statute Watch,,,failed,False,2026-08-17T20:45:40.214755+09:00
Statute Wave,,,failed,False,2026-08-17T20:41:15.125085+09:00
Statute Widget,,,failed,False,2026-08-27T23:12:34.540185+09:00
Statute Workbench,,,failed,False,2026-08-18T22:04:29.881802+09:00
Statute Worksheet,,,failed,False,2026-08-27T22:08:26.678137+09:00
Statute Workshop,,,failed,False,2026-08-28T00:25:10.586444+09:00
Statute Zone,,,failed,False,2026-08-17T21:35:11.471835+09:00
Sterilization Advance,,,failed,False,2026-08-23T16:14:08.408734+09:00
Sterilization Advisory,,,failed,False,2026-08-21T01:04:00.035751+09:00
Sterilization Allowance,10.0,0.0,success,False,2026-08-21T02:45:01.493449+09:00
Sterilization Almanac,,,failed,False,2026-08-18T23:52:12.135262+09:00
Sterilization Analyzer,,,failed,False,2026-08-27T23:58:23.732862+09:00
Sterilization Anchor,,,failed,False,2026-08-17T23:31:05.763784+09:00
Sterilization Arrears,,,failed,False,2026-08-23T16:14:05.017306+09:00
Sterilization Asset,,,failed,False,2026-08-23T13:46:32.970542+09:00
Sterilization Assistant,390.0,9.0,success,False,2026-08-17T23:27:17.370245+09:00
Sterilization Atlas,,,failed,False,2026-08-17T23:26:31.743192+09:00
Sterilization Badge,,,failed,False,2026-08-21T00:29:15.711468+09:00
Sterilization Balance,,,failed,False,2026-08-23T13:46:27.908972+09:00
Sterilization Base,,,failed,False,2026-08-17T23:32:58.780092+09:00
Sterilization Beacon,,,failed,False,2026-08-17T23:30:28.172183+09:00
Sterilization Bill,10.0,0.0,success,False,2026-08-19T22:07:21.096531+09:00
Sterilization Blueprint,,,failed,False,2026-08-18T23:52:12.135262+09:00
Sterilization Board,,,failed,False,2026-08-17T23:14:19.543456+09:00
Sterilization Book,50.0,14.0,success,False,2026-08-19T21:46:23.560668+09:00
Sterilization Bridge,,,failed,False,2026-08-17T23:13:01.440927+09:00
Sterilization Brief,,,failed,False,2026-08-21T01:03:51.285961+09:00
Sterilization Bulletin,,,failed,False,2026-08-21T01:03:45.407835+09:00
Sterilization Cabinet,480.0,87.0,success,False,2026-08-27T23:15:10.643747+09:00
Sterilization Calculator,,,failed,False,2026-08-27T23:36:04.672816+09:00
Sterilization Calendar,,,failed,False,2026-08-18T23:59:24.120788+09:00
Sterilization Card,90.0,4.0,success,False,2026-08-19T13:24:56.019665+09:00
Sterilization Cascade,,,failed,False,2026-08-17T23:30:43.619577+09:00
Sterilization Cash,,,failed,False,2026-08-21T02:29:11.262958+09:00
Sterilization Cashback,,,failed,False,2026-08-27T21:16:49.739310+09:00
Sterilization Center,90.0,47.0,success,False,2026-08-17T23:10:43.579186+09:00
Sterilization Chain,,,failed,False,2026-08-17T23:15:30.972429+09:00
Sterilization Charge,,,failed,False,2026-08-21T02:44:49.670355+09:00
Sterilization Check,,,failed,False,2026-08-19T13:25:14.797860+09:00
Sterilization Checker,,,failed,False,2026-08-27T23:58:14.186756+09:00
Sterilization Circular,,,failed,False,2026-08-21T01:03:56.741736+09:00
Sterilization Cockpit,,,failed,False,2026-08-17T23:04:25.350258+09:00
Sterilization Code,20.0,0.0,success,False,2026-08-19T22:07:52.466558+09:00
Sterilization Codex,,,failed,False,2026-08-18T23:52:12.135262+09:00
Sterilization Companion,,,failed,False,2026-08-17T23:28:34.893276+09:00
Sterilization Comparison,,,failed,False,2026-08-28T01:08:42.554310+09:00
Sterilization Compass,,,failed,False,2026-08-17T23:11:23.614440+09:00
Sterilization Compendium,,,failed,False,2026-08-18T23:52:12.135262+09:00
Sterilization Confirmation,,,failed,False,2026-08-21T01:04:11.301899+09:00
Sterilization Console,,,failed,False,2026-08-17T23:24:12.955458+09:00
Sterilization Contribution,,,failed,False,2026-08-23T16:14:01.846183+09:00
Sterilization Copayment,,,failed,False,2026-08-23T16:38:53.252652+09:00
Sterilization Core,,,failed,False,2026-08-17T23:07:23.914294+09:00
Sterilization Cost,,,failed,False,2026-08-21T02:12:39.261551+09:00
Sterilization Count,,,failed,False,2026-08-27T22:49:32.762391+09:00
Sterilization Counter,,,failed,False,2026-08-19T00:00:22.759146+09:00
Sterilization Coupon,,,failed,False,2026-08-27T21:16:49.739310+09:00
Sterilization Dashboard,,,failed,False,2026-08-17T23:28:11.546877+09:00
Sterilization Deal,,,failed,False,2026-08-21T01:56:46.597919+09:00
Sterilization Debt,,,failed,False,2026-08-21T02:29:01.889757+09:00
Sterilization Deck,,,failed,False,2026-08-17T23:33:20.357749+09:00
Sterilization Depot,,,failed,False,2026-08-19T00:00:05.096380+09:00
Sterilization Desk,,,failed,False,2026-08-17T23:09:50.041087+09:00
Sterilization Detail,,,failed,False,2026-08-23T03:15:22.651664+09:00
Sterilization Detector,,,failed,False,2026-08-27T23:58:18.988715+09:00
Sterilization Diagram,880.0,0.0,success,False,2026-08-27T22:11:47.365503+09:00
Sterilization Dial,,,failed,False,2026-08-17T23:24:32.888927+09:00
Sterilization Digest,,,failed,False,2026-08-19T20:45:06.240403+09:00
Sterilization Directory,,,failed,False,2026-08-18T23:59:34.906916+09:00
Sterilization Discount,,,failed,False,2026-08-23T16:13:58.601282+09:00
Sterilization Dock,,,failed,False,2026-08-17T23:25:26.285868+09:00
Sterilization Dossier,,,failed,False,2026-08-21T01:04:15.866621+09:00
Sterilization Downpayment,,,failed,False,2026-08-27T21:47:56.115586+09:00
Sterilization Draft,,,failed,False,2026-08-19T20:45:18.016255+09:00
Sterilization Due,,,failed,False,2026-08-23T15:51:31.238085+09:00
Sterilization Duty,10.0,0.0,success,False,2026-08-21T02:44:54.822530+09:00
Sterilization Engine,,,failed,False,2026-08-17T23:13:41.173741+09:00
Sterilization Entry,,,failed,False,2026-08-21T01:04:32.859141+09:00
Sterilization Estimate,,,failed,False,2026-08-19T21:31:07.393138+09:00
Sterilization Estimator,,,failed,False,2026-08-27T23:58:08.716476+09:00
Sterilization Excerpt,,,failed,False,2026-08-21T01:04:28.874460+09:00
Sterilization Fare,,,failed,False,2026-08-21T02:12:49.636286+09:00
Sterilization Fee,20.0,5.0,success,False,2026-08-21T01:56:25.732902+09:00
Sterilization Feed,,,failed,False,2026-08-19T20:45:12.440392+09:00
Sterilization File,,,failed,False,2026-08-19T20:44:29.865338+09:00
Sterilization Finder,,,failed,False,2026-08-18T23:59:53.624295+09:00
Sterilization Fine,,,failed,False,2026-08-23T02:58:53.611200+09:00
Sterilization Flag,,,failed,False,2026-08-21T00:30:05.948049+09:00
Sterilization Flow,,,failed,False,2026-08-17T23:29:29.429883+09:00
Sterilization Forge,,,failed,False,2026-08-17T23:05:57.160852+09:00
Sterilization Form,210.0,0.0,success,False,2026-08-19T13:24:49.306222+09:00
Sterilization Format,,,failed,False,2026-08-23T13:05:36.623967+09:00
Sterilization Frame,,,failed,False,2026-08-17T23:12:38.430162+09:00
Sterilization Fund,,,failed,False,2026-08-21T02:29:07.517005+09:00
Sterilization Gate,50.0,0.0,success,False,2026-08-17T23:26:18.163850+09:00
Sterilization Giveaway,,,failed,False,2026-08-27T21:16:57.719069+09:00
Sterilization Grade,,,failed,False,2026-08-21T00:29:45.511428+09:00
Sterilization Graph,40.0,0.0,success,False,2026-08-27T22:11:36.968554+09:00
Sterilization Grid,,,failed,False,2026-08-17T23:09:27.800960+09:00
Sterilization Guarantee,,,failed,False,2026-08-28T01:08:47.729422+09:00
Sterilization Guard,,,failed,False,2026-08-17T23:13:20.544847+09:00
Sterilization Guardian,,,failed,False,2026-08-28T00:27:03.530965+09:00
Sterilization Guidebook,,,failed,False,2026-08-18T23:52:12.135262+09:00
Sterilization Helper,10.0,,success,False,2026-08-28T00:27:06.057605+09:00
Sterilization History,110.0,0.0,success,False,2026-08-19T20:44:23.661281+09:00
Sterilization Hub,10.0,0.0,success,False,2026-08-17T23:14:57.452489+09:00
Sterilization Identifier,,,failed,False,2026-08-23T13:05:32.456522+09:00
Sterilization Incentive,,,failed,False,2026-08-27T21:16:57.719069+09:00
Sterilization Index,,,failed,False,2026-08-19T21:30:49.393699+09:00
Sterilization Insight,,,failed,False,2026-08-17T23:10:04.608173+09:00
Sterilization Installment,,,failed,False,2026-08-23T16:13:58.601282+09:00
Sterilization Interest,,,failed,False,2026-08-23T13:46:30.859150+09:00
Sterilization Item,,,failed,False,2026-08-21T01:56:34.859851+09:00
Sterilization Journal,30.0,0.0,success,False,2026-08-18T23:52:12.135262+09:00
Sterilization Keeper,,,failed,False,2026-08-17T23:26:46.063928+09:00
Sterilization Kit,170.0,66.0,success,False,2026-08-27T22:49:29.573658+09:00
Sterilization Lab,480.0,30.0,success,False,2026-08-17T23:33:38.106132+09:00
Sterilization Label,170.0,24.0,success,False,2026-08-27T22:11:36.968554+09:00
Sterilization Ledger,,,failed,False,2026-08-17T23:33:09.699963+09:00
Sterilization Lens,,,failed,False,2026-08-17T23:32:45.524936+09:00
Sterilization Level,,,failed,False,2026-08-19T20:44:35.831978+09:00
Sterilization Levy,,,failed,False,2026-08-23T13:46:35.892255+09:00
Sterilization Link,,,failed,False,2026-08-23T03:15:14.062371+09:00
Sterilization List,,,failed,False,2026-08-19T21:45:58.620929+09:00
Sterilization Loan,,,failed,False,2026-08-21T02:12:54.787375+09:00
Sterilization Locator,,,failed,False,2026-08-18T23:59:44.805528+09:00
Sterilization Lock,,,failed,False,2026-08-17T23:32:31.687734+09:00
Sterilization Log,110.0,19.0,success,False,2026-08-19T13:24:25.669672+09:00
Sterilization Loop,20.0,2.0,success,False,2026-08-17T23:31:38.790135+09:00
Sterilization Manager,,,failed,False,2026-08-17T23:06:37.704524+09:00
Sterilization Manual,,,failed,False,2026-08-27T22:11:39.650369+09:00
Sterilization Map,,,failed,False,2026-08-17T23:05:32.537259+09:00
Sterilization Margin,,,failed,False,2026-08-23T02:58:49.315026+09:00
Sterilization Markup,,,failed,False,2026-08-23T16:38:50.541482+09:00
Sterilization Memo,,,failed,False,2026-08-21T00:29:53.018137+09:00
Sterilization Message,,,failed,False,2026-08-27T23:15:04.402308+09:00
Sterilization Meter,,,failed,False,2026-08-17T23:06:59.361333+09:00
Sterilization Metrics,,,failed,False,2026-08-17T23:27:58.060156+09:00
Sterilization Monitor,30.0,7.0,success,False,2026-08-17T23:27:47.140187+09:00
Sterilization Navigator,,,failed,False,2026-08-17T23:11:40.322748+09:00
Sterilization Nexus,,,failed,False,2026-08-17T23:04:46.904606+09:00
Sterilization Node,,,failed,False,2026-08-17T23:10:24.973922+09:00
Sterilization Note,10.0,0.0,success,False,2026-08-19T13:25:55.543115+09:00
Sterilization Notification,,,failed,False,2026-08-27T22:49:26.070118+09:00
Sterilization Number,,,failed,False,2026-08-23T03:15:03.447052+09:00
Sterilization Office,10.0,14.0,success,False,2026-08-19T00:00:12.518097+09:00
Sterilization Ops,,,failed,False,2026-08-17T23:28:52.290735+09:00
Sterilization Order,,,failed,False,2026-08-19T22:07:10.998735+09:00
Sterilization Organizer,,,failed,False,2026-08-17T23:15:12.775041+09:00
Sterilization Overage,,,failed,False,2026-08-27T21:47:53.828940+09:00
Sterilization Overdue,,,failed,False,2026-08-27T21:47:50.200871+09:00
Sterilization Panel,,,failed,False,2026-08-17T23:12:18.901964+09:00
Sterilization Pass,10.0,,success,False,2026-08-21T00:29:05.314041+09:00
Sterilization Path,,,failed,False,2026-08-17T23:32:18.106895+09:00
Sterilization Payoff,,,failed,False,2026-08-27T21:47:50.200871+09:00
Sterilization Penalty,,,failed,False,2026-08-23T16:38:50.541482+09:00
Sterilization Petition,,,failed,False,2026-08-21T01:04:04.572867+09:00
Sterilization Pilot,,,failed,False,2026-08-17T23:29:43.400125+09:00
Sterilization Plan,,,failed,False,2026-08-21T01:56:42.470423+09:00
Sterilization Planner,,,failed,False,2026-08-17T23:08:23.954708+09:00
Sterilization Playbook,,,failed,False,2026-08-18T23:52:12.135262+09:00
Sterilization Point,10.0,2.0,success,False,2026-08-17T23:11:03.494377+09:00
Sterilization Portal,,,failed,False,2026-08-17T23:05:09.501218+09:00
Sterilization Profile,,,failed,False,2026-08-19T13:26:15.412219+09:00
Sterilization Profit,,,failed,False,2026-08-23T02:58:43.358109+09:00
Sterilization Pulse,,,failed,False,2026-08-17T23:31:54.862824+09:00
Sterilization Quota,,,failed,False,2026-08-21T00:29:58.685573+09:00
Sterilization Radar,,,failed,False,2026-08-17T23:30:01.630713+09:00
Sterilization Rail,,,failed,False,2026-08-17T23:08:44.294677+09:00
Sterilization Rate,30.0,0.0,success,False,2026-08-19T20:44:48.132741+09:00
Sterilization Recap,,,failed,False,2026-08-21T01:04:22.356565+09:00
Sterilization Receipt,,,failed,False,2026-08-19T22:07:32.899948+09:00
Sterilization Recorder,,,failed,False,2026-08-27T23:36:10.117910+09:00
Sterilization Register,50.0,10.0,success,False,2026-08-17T23:06:20.939022+09:00
Sterilization Registry,,,failed,False,2026-08-18T23:52:12.135262+09:00
Sterilization Relay,,,failed,False,2026-08-17T23:04:07.422993+09:00
Sterilization Reminder,,,failed,False,2026-08-19T21:30:42.715680+09:00
Sterilization Report,40.0,0.0,success,False,2026-08-19T13:24:14.979285+09:00
Sterilization Repository,,,failed,False,2026-08-27T23:15:13.027326+09:00
Sterilization Result,,,failed,False,2026-08-28T00:48:45.489712+09:00
Sterilization Roadmap,,,failed,False,2026-08-18T23:52:12.135262+09:00
Sterilization Route,,,failed,False,2026-08-17T23:13:59.220189+09:00
Sterilization Rule,,,failed,False,2026-08-23T03:15:19.125629+09:00
Sterilization Sale,,,failed,False,2026-08-21T02:29:14.750230+09:00
Sterilization Sample,,,failed,False,2026-08-19T21:46:45.064278+09:00
Sterilization Scale,,,failed,False,2026-08-17T23:24:56.223636+09:00
Sterilization Scanner,,,failed,False,2026-08-27T23:58:18.988715+09:00
Sterilization Scheduler,,,failed,False,2026-08-17T23:27:32.625137+09:00
Sterilization Schematic,,,failed,False,2026-08-27T22:28:56.801982+09:00
Sterilization Scope,,,failed,False,2026-08-17T23:14:41.375835+09:00
Sterilization Score,,,failed,False,2026-08-19T13:25:47.267780+09:00
Sterilization Sentry,,,failed,False,2026-08-17T23:11:59.928630+09:00
Sterilization Serial,,,failed,False,2026-08-23T13:27:05.347974+09:00
Sterilization Sheet,50.0,88.0,success,False,2026-08-19T13:25:04.340704+09:00
Sterilization Shortfall,,,failed,False,2026-08-27T21:47:58.388035+09:00
Sterilization Signal,,,failed,False,2026-08-17T23:07:43.866571+09:00
Sterilization Signature,,,failed,False,2026-08-23T13:27:05.347974+09:00
Sterilization Slip,,,failed,False,2026-08-19T21:46:33.632095+09:00
Sterilization Slot,,,failed,False,2026-08-19T21:46:58.234898+09:00
Sterilization Snapshot,,,failed,False,2026-08-18T23:52:12.135262+09:00
Sterilization Stage,,,failed,False,2026-08-28T00:48:45.489712+09:00
Sterilization Stake,,,failed,False,2026-08-23T02:58:45.466254+09:00
Sterilization Stamp,,,failed,False,2026-08-23T13:27:09.032773+09:00
Sterilization Statement,,,failed,False,2026-08-21T00:29:30.583044+09:00
Sterilization Station,90.0,26.0,success,False,2026-08-17T22:50:34.703098+09:00
Sterilization Status,10.0,0.0,success,False,2026-08-19T20:44:05.928260+09:00
Sterilization Streak,,,failed,False,2026-08-28T00:48:49.804197+09:00
Sterilization Stub,,,failed,False,2026-08-21T00:29:24.926650+09:00
Sterilization Studio,,,failed,False,2026-08-17T23:09:02.276027+09:00
Sterilization Subsidy,,,failed,False,2026-08-23T15:51:36.784233+09:00
Sterilization Suite,,,failed,False,2026-08-17T23:27:03.515384+09:00
Sterilization Sum,,,failed,False,2026-08-21T02:28:57.894422+09:00
Sterilization Summary,30.0,0.0,success,False,2026-08-19T21:30:28.519556+09:00
Sterilization Sync,,,failed,False,2026-08-17T23:08:04.686791+09:00
Sterilization Tab,,,failed,False,2026-08-21T00:30:14.861916+09:00
Sterilization Table,50.0,5.0,success,False,2026-08-19T21:46:11.490049+09:00
Sterilization Tag,,,failed,False,2026-08-19T13:26:07.690748+09:00
Sterilization Tally,,,failed,False,2026-08-21T00:29:39.530878+09:00
Sterilization Tariff,,,failed,False,2026-08-21T02:45:04.527835+09:00
Sterilization Tax,,,failed,False,2026-08-21T02:12:49.636286+09:00
Sterilization Ticket,,,failed,False,2026-08-19T21:30:59.491804+09:00
Sterilization Timeline,,,failed,False,2026-08-19T21:30:35.144264+09:00
Sterilization Timer,,,failed,False,2026-08-28T00:27:00.787784+09:00
Sterilization Toll,,,failed,False,2026-08-21T02:44:59.003058+09:00
Sterilization Toolbox,,,failed,False,2026-08-28T00:27:06.057605+09:00
Sterilization Toolkit,,,failed,False,2026-08-18T23:52:14.676112+09:00
Sterilization Total,,,failed,False,2026-08-27T23:15:07.984003+09:00
Sterilization Tracker,,,failed,False,2026-08-17T23:29:07.663083+09:00
Sterilization Trail,,,failed,False,2026-08-17T23:25:50.019139+09:00
Sterilization Trend,,,failed,False,2026-08-28T01:08:42.554310+09:00
Sterilization Trial,,,failed,False,2026-08-27T21:16:53.377302+09:00
Sterilization Unit,390.0,73.0,success,False,2026-08-21T01:56:38.086153+09:00
Sterilization Update,,,failed,False,2026-08-19T20:44:53.798353+09:00
Sterilization Value,20.0,0.0,success,False,2026-08-23T02:58:43.358109+09:00
Sterilization Vault,,,failed,False,2026-08-17T23:30:14.406427+09:00
Sterilization Version,,,failed,False,2026-08-23T03:15:06.713636+09:00
Sterilization View,,,failed,False,2026-08-19T20:44:12.620754+09:00
Sterilization Voucher,,,failed,False,2026-08-21T00:29:10.279905+09:00
Sterilization Watch,,,failed,False,2026-08-17T23:31:23.198788+09:00
Sterilization Wave,,,failed,False,2026-08-17T23:03:48.755656+09:00
Sterilization Widget,,,failed,False,2026-08-27T23:15:10.643747+09:00
Sterilization Workbench,,,failed,False,2026-08-18T23:52:14.676112+09:00
Sterilization Worksheet,,,failed,False,2026-08-27T22:11:47.365503+09:00
Sterilization Zone,40.0,0.0,success,False,2026-08-17T23:23:55.589084+09:00
Stewardship Advance,,,failed,False,2026-08-23T16:12:35.033809+09:00
Stewardship Advisory,,,failed,False,2026-08-21T01:02:25.178710+09:00
Stewardship Allowance,,,failed,False,2026-08-21T02:43:07.410836+09:00
Stewardship Almanac,,,failed,False,2026-08-18T22:09:54.168922+09:00
Stewardship Analyzer,,,failed,False,2026-08-27T23:57:10.397260+09:00
Stewardship Anchor,,,failed,False,2026-08-17T20:34:03.344800+09:00
Stewardship Asset,,,failed,False,2026-08-23T13:45:39.021067+09:00
Stewardship Assistant,10.0,0.0,success,False,2026-08-17T23:33:22.514665+09:00
Stewardship Atlas,,,failed,False,2026-08-17T21:33:32.175377+09:00
Stewardship Attribute,,,failed,False,2026-08-23T13:09:58.883939+09:00
Stewardship Badge,,,failed,False,2026-08-21T00:25:18.497443+09:00
Stewardship Base,,,failed,False,2026-08-17T20:48:29.594833+09:00
Stewardship Beacon,,,failed,False,2026-08-17T20:37:51.221015+09:00
Stewardship Bill,,,failed,False,2026-08-19T22:01:08.341225+09:00
Stewardship Blueprint,,,failed,False,2026-08-18T22:09:47.268840+09:00
Stewardship Board,10.0,3.0,success,False,2026-08-17T20:45:14.001779+09:00
Stewardship Book,140.0,100.0,success,False,2026-08-19T22:01:59.739197+09:00
Stewardship Bridge,,,failed,False,2026-08-17T20:34:55.202462+09:00
Stewardship Brief,,,failed,False,2026-08-21T01:00:36.022676+09:00
Stewardship Bulletin,,,failed,False,2026-08-21T01:00:33.906602+09:00
Stewardship Calendar,20.0,3.0,success,False,2026-08-19T00:03:57.643433+09:00
Stewardship Card,20.0,3.0,success,False,2026-08-19T13:37:44.092675+09:00
Stewardship Cascade,,,failed,False,2026-08-17T20:35:55.625501+09:00
Stewardship Cash,,,failed,False,2026-08-21T02:26:56.391999+09:00
Stewardship Catalog,,,failed,False,2026-08-19T21:15:38.736251+09:00
Stewardship Category,,,failed,False,2026-08-23T13:09:58.883939+09:00
Stewardship Center,70.0,0.0,success,False,2026-08-17T20:40:05.754832+09:00
Stewardship Chain,,,failed,False,2026-08-17T21:39:13.221117+09:00
Stewardship Charge,,,failed,False,2026-08-21T02:42:57.314001+09:00
Stewardship Check,,,failed,False,2026-08-19T13:38:06.946096+09:00
Stewardship Checker,,,failed,False,2026-08-27T23:57:04.136942+09:00
Stewardship Checklist,,,failed,False,2026-08-19T21:14:40.806707+09:00
Stewardship Circular,,,failed,False,2026-08-21T01:02:20.703041+09:00
Stewardship Cockpit,,,failed,False,2026-08-17T23:05:09.501218+09:00
Stewardship Code,590.0,0.0,success,False,2026-08-19T22:01:31.900197+09:00
Stewardship Codex,,,failed,False,2026-08-18T22:10:10.353821+09:00
Stewardship Companion,,,failed,False,2026-08-17T23:24:36.078713+09:00
Stewardship Comparison,,,failed,False,2026-08-28T01:07:59.537409+09:00
Stewardship Compass,,,failed,False,2026-08-17T20:38:41.975413+09:00
Stewardship Compendium,,,failed,False,2026-08-18T22:10:02.231985+09:00
Stewardship Confirmation,,,failed,False,2026-08-21T01:00:52.686966+09:00
Stewardship Console,,,failed,False,2026-08-17T20:37:21.758511+09:00
Stewardship Contribution,,,failed,False,2026-08-23T16:12:32.773263+09:00
Stewardship Core,,,failed,False,2026-08-17T20:47:09.255931+09:00
Stewardship Cost,70.0,0.0,success,False,2026-08-21T02:10:36.488938+09:00
Stewardship Counter,,,failed,False,2026-08-19T00:04:39.958803+09:00
Stewardship Dashboard,,,failed,False,2026-08-17T23:24:12.955458+09:00
Stewardship Deal,,,failed,False,2026-08-21T01:54:15.077260+09:00
Stewardship Debt,,,failed,False,2026-08-21T02:26:47.668193+09:00
Stewardship Deck,,,failed,False,2026-08-17T20:44:14.789024+09:00
Stewardship Depot,,,failed,False,2026-08-19T00:04:30.591993+09:00
Stewardship Desk,,,failed,False,2026-08-17T20:42:02.791525+09:00
Stewardship Detail,,,failed,False,2026-08-23T03:23:29.114948+09:00
Stewardship Dial,,,failed,False,2026-08-17T20:35:22.813816+09:00
Stewardship Digest,,,failed,False,2026-08-19T20:40:37.869711+09:00
Stewardship Directory,,,failed,False,2026-08-19T00:04:03.544716+09:00
Stewardship Dock,,,failed,False,2026-08-18T07:52:40.105947+09:00
Stewardship Dossier,,,failed,False,2026-08-21T01:00:54.642749+09:00
Stewardship Draft,,,failed,False,2026-08-19T20:40:53.028403+09:00
Stewardship Due,,,failed,False,2026-08-23T15:50:51.928952+09:00
Stewardship Duty,,,failed,False,2026-08-21T02:42:59.558136+09:00
Stewardship Endowment,,,failed,False,2026-08-23T15:50:54.236884+09:00
Stewardship Engine,,,failed,False,2026-08-17T23:14:19.543456+09:00
Stewardship Entry,,,failed,False,2026-08-21T01:01:07.549578+09:00
Stewardship Estimate,,,failed,False,2026-08-19T21:15:27.386619+09:00
Stewardship Fare,,,failed,False,2026-08-21T02:10:45.957047+09:00
Stewardship Fee,110.0,1.0,success,False,2026-08-21T01:53:55.864574+09:00
Stewardship Feed,,,failed,False,2026-08-19T20:40:42.900088+09:00
Stewardship File,,,failed,False,2026-08-19T20:40:02.454787+09:00
Stewardship Finder,,,failed,False,2026-08-19T00:04:20.197700+09:00
Stewardship Fine,,,failed,False,2026-08-23T02:57:34.451765+09:00
Stewardship Flag,,,failed,False,2026-08-21T00:26:05.533599+09:00
Stewardship Flow,,,failed,False,2026-08-17T20:44:33.462366+09:00
Stewardship Forge,,,failed,False,2026-08-17T20:36:55.192509+09:00
Stewardship Form,10.0,0.0,success,False,2026-08-19T13:37:36.286521+09:00
Stewardship Frame,,,failed,False,2026-08-17T21:30:45.538595+09:00
Stewardship Fund,320.0,4.0,success,False,2026-08-21T02:26:53.610271+09:00
Stewardship Gate,,,failed,False,2026-08-17T21:35:41.309233+09:00
Stewardship Grade,,,failed,False,2026-08-21T00:25:45.592013+09:00
Stewardship Grid,,,failed,False,2026-08-17T21:40:37.066671+09:00
Stewardship Guard,,,failed,False,2026-08-17T20:47:53.457764+09:00
Stewardship Guardian,,,failed,False,2026-08-28T00:26:17.382290+09:00
Stewardship Guidebook,,,failed,False,2026-08-18T22:09:30.106481+09:00
Stewardship Helpdesk,,,failed,False,2026-08-27T22:48:34.491281+09:00
Stewardship Helper,,,failed,False,2026-08-28T00:26:20.204001+09:00
Stewardship History,,,failed,False,2026-08-19T20:39:55.789733+09:00
Stewardship Hotline,,,failed,False,2026-08-19T21:15:49.735937+09:00
Stewardship Hub,,,failed,False,2026-08-17T20:43:48.259554+09:00
Stewardship Identifier,,,failed,False,2026-08-23T13:09:55.014275+09:00
Stewardship Index,10.0,0.0,success,False,2026-08-19T21:14:51.947092+09:00
Stewardship Insight,,,failed,False,2026-08-17T23:10:43.579186+09:00
Stewardship Item,,,failed,False,2026-08-21T01:54:02.992561+09:00
Stewardship Journal,,,failed,False,2026-08-18T22:09:13.055997+09:00
Stewardship Keeper,,,failed,False,2026-08-17T21:31:19.415531+09:00
Stewardship Kit,,,failed,False,2026-08-27T22:48:31.695595+09:00
Stewardship Lab,,,failed,False,2026-08-17T20:42:22.378966+09:00
Stewardship Ledger,,,failed,False,2026-08-17T20:46:01.536512+09:00
Stewardship Lens,,,failed,False,2026-08-17T21:31:54.606698+09:00
Stewardship Level,,,failed,False,2026-08-19T20:40:13.253783+09:00
Stewardship Link,,,failed,False,2026-08-23T03:23:22.521378+09:00
Stewardship List,,,failed,False,2026-08-19T22:01:42.804571+09:00
Stewardship Loan,,,failed,False,2026-08-21T02:10:51.896971+09:00
Stewardship Locator,,,failed,False,2026-08-19T00:04:14.172620+09:00
Stewardship Lock,,,failed,False,2026-08-17T21:34:05.861065+09:00
Stewardship Log,,,failed,False,2026-08-19T13:37:14.131003+09:00
Stewardship Loop,,,failed,False,2026-08-17T21:41:49.444267+09:00
Stewardship Manager,90.0,1.0,success,False,2026-08-17T21:30:13.279777+09:00
Stewardship Manual,10.0,0.0,success,False,2026-08-27T22:09:58.164830+09:00
Stewardship Map,10.0,0.0,success,False,2026-08-17T21:33:05.832312+09:00
Stewardship Memo,,,failed,False,2026-08-21T00:25:52.909138+09:00
Stewardship Message,50.0,2.0,success,False,2026-08-27T23:13:58.602342+09:00
Stewardship Meter,,,failed,False,2026-08-17T20:34:31.529799+09:00
Stewardship Metrics,,,failed,False,2026-08-17T23:23:55.589084+09:00
Stewardship Monitor,,,failed,False,2026-08-17T23:23:39.258674+09:00
Stewardship Navigator,30.0,0.0,success,False,2026-08-17T23:12:18.901964+09:00
Stewardship Nexus,,,failed,False,2026-08-17T21:34:34.023181+09:00
Stewardship Node,,,failed,False,2026-08-17T21:36:40.900045+09:00
Stewardship Note,,,failed,False,2026-08-19T13:38:33.395376+09:00
Stewardship Notification,,,failed,False,2026-08-27T22:48:25.660209+09:00
Stewardship Number,,,failed,False,2026-08-23T03:23:15.682212+09:00
Stewardship Office,70.0,0.0,success,False,2026-08-19T00:04:35.680723+09:00
Stewardship Ops,,,failed,False,2026-08-17T23:24:56.223636+09:00
Stewardship Order,,,failed,False,2026-08-19T22:00:58.577087+09:00
Stewardship Organizer,,,failed,False,2026-08-17T22:50:36.545244+09:00
Stewardship Panel,,,failed,False,2026-08-17T20:36:21.712002+09:00
Stewardship Pass,,,failed,False,2026-08-21T00:25:04.867976+09:00
Stewardship Path,,,failed,False,2026-08-17T21:36:12.498401+09:00
Stewardship Penalty,,,failed,False,2026-08-23T16:38:05.799118+09:00
Stewardship Petition,,,failed,False,2026-08-21T01:00:48.316316+09:00
Stewardship Pilot,,,failed,False,2026-08-17T20:42:51.727520+09:00
Stewardship Plan,170.0,6.0,success,False,2026-08-21T02:05:57.421169+09:00
Stewardship Planner,,,failed,False,2026-08-17T23:09:05.527725+09:00
Stewardship Playbook,,,failed,False,2026-08-18T22:09:05.854990+09:00
Stewardship Point,,,failed,False,2026-08-17T21:35:08.893531+09:00
Stewardship Portal,20.0,2.0,success,False,2026-08-17T20:38:14.865229+09:00
Stewardship Profile,,,failed,False,2026-08-19T13:39:18.013288+09:00
Stewardship Profit,,,failed,False,2026-08-23T02:57:27.142882+09:00
Stewardship Proposal,,,failed,False,2026-08-28T01:08:02.108620+09:00
Stewardship Pulse,,,failed,False,2026-08-17T21:38:24.477715+09:00
Stewardship Queue,,,failed,False,2026-08-19T21:15:17.337039+09:00
Stewardship Quota,,,failed,False,2026-08-21T00:26:00.566845+09:00
Stewardship Radar,,,failed,False,2026-08-17T20:41:13.511022+09:00
Stewardship Rail,,,failed,False,2026-08-18T07:52:49.362329+09:00
Stewardship Rate,,,failed,False,2026-08-19T20:40:22.983274+09:00
Stewardship Recap,,,failed,False,2026-08-21T01:00:58.878918+09:00
Stewardship Receipt,,,failed,False,2026-08-19T22:01:17.483163+09:00
Stewardship Recorder,,,failed,False,2026-08-27T23:35:13.146180+09:00
Stewardship Register,,,failed,False,2026-08-17T23:07:02.817989+09:00
Stewardship Registry,,,failed,False,2026-08-18T22:09:37.820706+09:00
Stewardship Relay,,,failed,False,2026-08-17T20:40:29.235539+09:00
Stewardship Reminder,,,failed,False,2026-08-19T21:14:29.704334+09:00
Stewardship Report,390.0,5.0,success,False,2026-08-19T13:36:57.023796+09:00
Stewardship Repository,,,failed,False,2026-08-27T23:14:03.822687+09:00
Stewardship Result,,,failed,False,2026-08-28T00:48:15.950901+09:00
Stewardship Roadmap,,,failed,False,2026-08-18T22:10:16.418477+09:00
Stewardship Roster,,,failed,False,2026-08-19T00:38:24.169663+09:00
Stewardship Route,,,failed,False,2026-08-17T20:32:30.733040+09:00
Stewardship Rule,,,failed,False,2026-08-23T03:23:25.330676+09:00
Stewardship Sale,10.0,,success,False,2026-08-21T02:27:02.067893+09:00
Stewardship Sample,10.0,0.0,success,False,2026-08-19T22:02:22.489790+09:00
Stewardship Scale,,,failed,False,2026-08-17T20:33:36.115262+09:00
Stewardship Scheduler,,,failed,False,2026-08-17T23:33:38.106132+09:00
Stewardship Scope,,,failed,False,2026-08-18T07:52:10.902319+09:00
Stewardship Score,,,failed,False,2026-08-19T13:38:21.044998+09:00
Stewardship Sentry,,,failed,False,2026-08-17T21:32:31.405261+09:00
Stewardship Sheet,,,failed,False,2026-08-19T13:37:50.110679+09:00
Stewardship Signal,,,failed,False,2026-08-17T20:33:05.160713+09:00
Stewardship Slip,,,failed,False,2026-08-19T22:02:12.630536+09:00
Stewardship Slot,,,failed,False,2026-08-19T22:02:31.549197+09:00
Stewardship Snapshot,,,failed,False,2026-08-18T22:09:21.781956+09:00
Stewardship Stake,,,failed,False,2026-08-23T02:57:32.152196+09:00
Stewardship Statement,40.0,0.0,success,False,2026-08-21T00:25:32.620138+09:00
Stewardship Station,,,failed,False,2026-08-17T20:41:41.231730+09:00
Stewardship Status,,,failed,False,2026-08-19T20:39:37.927726+09:00
Stewardship Stipend,,,failed,False,2026-08-23T13:45:43.063828+09:00
Stewardship Stub,,,failed,False,2026-08-21T00:25:24.031302+09:00
Stewardship Studio,,,failed,False,2026-08-17T20:43:18.551816+09:00
Stewardship Subsidy,,,failed,False,2026-08-23T15:50:54.236884+09:00
Stewardship Suite,,,failed,False,2026-08-17T23:33:09.699963+09:00
Stewardship Sum,,,failed,False,2026-08-21T02:26:43.792522+09:00
Stewardship Summary,,,failed,False,2026-08-19T21:14:07.516927+09:00
Stewardship Sync,,,failed,False,2026-08-17T20:45:35.834234+09:00
Stewardship Table,,,failed,False,2026-08-19T22:01:51.400634+09:00
Stewardship Tag,,,failed,False,2026-08-19T13:38:58.073256+09:00
Stewardship Tally,,,failed,False,2026-08-21T00:25:38.806657+09:00
Stewardship Tariff,,,failed,False,2026-08-21T02:43:10.515094+09:00
Stewardship Tax,10.0,0.0,success,False,2026-08-21T02:10:49.609792+09:00
Stewardship Ticket,,,failed,False,2026-08-19T21:15:04.533430+09:00
Stewardship Timeline,,,failed,False,2026-08-19T21:14:19.651241+09:00
Stewardship Toll,,,failed,False,2026-08-21T02:43:04.921789+09:00
Stewardship Toolbox,,,failed,False,2026-08-28T00:26:20.204001+09:00
Stewardship Toolkit,10.0,0.0,success,False,2026-08-18T22:08:57.073323+09:00
Stewardship Total,,,failed,False,2026-08-27T23:13:58.602342+09:00
Stewardship Tracker,,,failed,False,2026-08-17T20:46:29.220439+09:00
Stewardship Trail,50.0,1.0,success,False,2026-08-17T21:41:19.053416+09:00
Stewardship Trend,,,failed,False,2026-08-28T01:07:59.537409+09:00
Stewardship Trial,,,failed,False,2026-08-27T21:15:34.818716+09:00
Stewardship Unit,,,failed,False,2026-08-21T01:54:04.879612+09:00
Stewardship Update,,,failed,False,2026-08-19T20:40:28.949050+09:00
Stewardship Value,70.0,0.0,success,False,2026-08-23T02:57:30.156609+09:00
Stewardship Vault,,,failed,False,2026-08-17T20:39:36.069990+09:00
Stewardship Version,,,failed,False,2026-08-23T03:23:19.130954+09:00
Stewardship View,10.0,0.0,success,False,2026-08-19T20:39:47.752844+09:00
Stewardship Voucher,,,failed,False,2026-08-21T00:25:10.675439+09:00
Stewardship Watch,,,failed,False,2026-08-17T20:31:55.017364+09:00
Stewardship Wave,,,failed,False,2026-08-17T21:37:10.762781+09:00
Stewardship Widget,,,failed,False,2026-08-27T23:14:01.250377+09:00
Stewardship Workbench,,,failed,False,2026-08-18T22:08:48.035720+09:00
Stewardship Worksheet,20.0,1.0,success,False,2026-08-27T22:10:01.202227+09:00
Stewardship Workshop,10.0,0.0,success,False,2026-08-28T00:26:17.382290+09:00
Stewardship Zone,,,failed,False,2026-08-17T20:39:12.627798+09:00
Storage Advance,,,failed,False,2026-08-23T16:13:55.875301+09:00
Storage Advisory,,,failed,False,2026-08-21T01:05:02.312819+09:00
Storage Allowance,,,failed,False,2026-08-21T02:37:31.175739+09:00
Storage Analyzer,1300.0,2.0,success,False,2026-08-27T23:53:34.112900+09:00
Storage Arrears,,,failed,False,2026-08-23T16:13:52.514202+09:00
Storage Asset,110.0,11.0,success,False,2026-08-23T13:46:40.614274+09:00
Storage Assistant,40.0,3.0,success,False,2026-08-19T00:36:38.202359+09:00
Storage Atlas,20.0,21.0,success,False,2026-08-19T00:38:54.065235+09:00
Storage Attribute,,,failed,False,2026-08-23T13:05:23.446570+09:00
Storage Badge,,,failed,False,2026-08-21T00:28:59.306676+09:00
Storage Balance,10.0,1.0,success,False,2026-08-23T13:46:35.892255+09:00
Storage Base,1300.0,100.0,success,False,2026-08-19T00:38:08.562035+09:00
Storage Beacon,10.0,78.0,success,False,2026-08-19T00:37:44.150276+09:00
Storage Bill,140.0,18.0,success,False,2026-08-19T21:57:19.204093+09:00
Storage Bin,90500.0,100.0,success,False,2026-08-19T12:26:41.238307+09:00
Storage Board,320.0,99.0,success,False,2026-08-19T00:38:15.765840+09:00
Storage Book,2900.0,100.0,success,False,2026-08-19T21:58:14.220154+09:00
Storage Bridge,40.0,12.0,success,False,2026-08-19T00:37:46.702224+09:00
Storage Brief,,,failed,False,2026-08-21T01:04:45.668721+09:00
Storage Bulletin,,,failed,False,2026-08-21T01:05:11.632109+09:00
Storage Calculator,2400.0,6.0,success,False,2026-08-27T23:33:05.663722+09:00
Storage Calendar,170.0,1.0,success,False,2026-08-19T00:37:02.474717+09:00
Storage Card,1600.0,65.0,success,False,2026-08-19T13:41:59.783078+09:00
Storage Cascade,20.0,14.0,success,False,2026-08-19T00:37:44.150276+09:00
Storage Cash,480.0,100.0,success,False,2026-08-21T02:21:06.391588+09:00
Storage Cashback,,,failed,False,2026-08-27T21:16:19.259868+09:00
Storage Catalog,90.0,46.0,success,False,2026-08-19T21:13:11.253613+09:00
Storage Category,70.0,14.0,success,False,2026-08-23T13:05:23.446570+09:00
Storage Center,5400.0,51.0,success,False,2026-08-19T00:38:30.061657+09:00
Storage Chain,90.0,25.0,success,False,2026-08-19T00:38:48.376369+09:00
Storage Charge,720.0,12.0,success,False,2026-08-21T02:37:15.297674+09:00
Storage Check,1600.0,6.0,success,False,2026-08-19T13:42:19.343176+09:00
Storage Checker,1600.0,6.0,success,False,2026-08-27T23:53:26.856284+09:00
Storage Checklist,20.0,1.0,success,False,2026-08-19T21:12:15.731161+09:00
Storage Circular,,,failed,False,2026-08-21T01:05:18.575555+09:00
Storage Code,260.0,0.0,success,False,2026-08-19T21:57:41.163401+09:00
Storage Companion,,,failed,False,2026-08-19T00:36:46.213084+09:00
Storage Comparison,260.0,38.0,success,False,2026-08-28T01:05:06.027579+09:00
Storage Compass,30.0,49.0,success,False,2026-08-19T00:37:42.157517+09:00
Storage Confirmation,,,failed,False,2026-08-21T01:05:20.057524+09:00
Storage Console,3600.0,100.0,success,False,2026-08-19T00:38:36.857956+09:00
Storage Contribution,,,failed,False,2026-08-23T16:13:47.418622+09:00
Storage Core,40.0,2.0,success,False,2026-08-19T00:38:10.697868+09:00
Storage Cost,12100.0,65.0,success,False,2026-08-21T02:09:39.165114+09:00
Storage Count,260.0,98.0,success,False,2026-08-27T22:44:24.073756+09:00
Storage Counter,260.0,98.0,success,False,2026-08-19T00:37:13.789014+09:00
Storage Coupon,140.0,74.0,success,False,2026-08-27T21:16:16.799513+09:00
Storage Deal,720.0,71.0,success,False,2026-08-21T01:52:17.382086+09:00
Storage Debt,,,failed,False,2026-08-21T02:20:57.219379+09:00
Storage Deck,1900.0,100.0,success,False,2026-08-19T00:38:18.682483+09:00
Storage Desk,2900.0,100.0,success,False,2026-08-19T00:37:37.516387+09:00
Storage Detail,90.0,1.0,success,False,2026-08-23T03:16:44.260724+09:00
Storage Detector,20.0,1.0,success,False,2026-08-27T23:53:29.478686+09:00
Storage Diagram,140.0,0.0,success,False,2026-08-27T22:11:05.293773+09:00
Storage Digest,,,failed,False,2026-08-19T20:40:49.478840+09:00
Storage Directory,30.0,3.0,success,False,2026-08-19T00:37:04.451901+09:00
Storage Discount,1300.0,55.0,success,False,2026-08-23T16:13:42.146359+09:00
Storage Dossier,,,failed,False,2026-08-21T01:05:23.608566+09:00
Storage Downpayment,,,failed,False,2026-08-27T21:47:27.442070+09:00
Storage Draft,,,failed,False,2026-08-19T20:41:13.496418+09:00
Storage Due,,,failed,False,2026-08-23T15:51:31.238085+09:00
Storage Duty,,,failed,False,2026-08-21T02:37:19.204094+09:00
Storage Engine,320.0,2.0,success,False,2026-08-19T00:36:36.073889+09:00
Storage Entry,8100.0,100.0,success,False,2026-08-21T01:05:40.713486+09:00
Storage Estimate,40.0,32.0,success,False,2026-08-19T21:12:57.141262+09:00
Storage Estimator,40.0,52.0,success,False,2026-08-27T23:53:23.914629+09:00
Storage Excerpt,,,failed,False,2026-08-21T01:05:30.928954+09:00
Storage Extension,170.0,13.0,success,False,2026-08-23T16:38:44.785975+09:00
Storage Fare,,,failed,False,2026-08-21T02:09:47.667221+09:00
Storage Fee,1600.0,35.0,success,False,2026-08-21T01:51:57.784692+09:00
Storage Feed,20.0,38.0,success,False,2026-08-19T20:41:03.972806+09:00
Storage File,14800.0,95.0,success,False,2026-08-19T20:40:20.062336+09:00
Storage Finder,720.0,54.0,success,False,2026-08-19T00:37:08.393662+09:00
Storage Fine,,,failed,False,2026-08-23T02:53:14.872547+09:00
Storage Flag,10.0,43.0,success,False,2026-08-21T00:29:47.975164+09:00
Storage Flow,10.0,1.0,success,False,2026-08-19T00:37:34.373704+09:00
Storage Forge,20.0,5.0,success,False,2026-08-19T00:37:44.150276+09:00
Storage Form,70.0,0.0,success,False,2026-08-19T13:41:47.769675+09:00
Storage Format,260.0,1.0,success,False,2026-08-23T13:05:30.348326+09:00
Storage Frame,720.0,100.0,success,False,2026-08-19T00:38:05.344215+09:00
Storage Fund,50.0,37.0,success,False,2026-08-21T02:21:00.139536+09:00
Storage Gate,260.0,33.0,success,False,2026-08-19T00:38:52.130938+09:00
Storage Giveaway,10.0,14.0,success,False,2026-08-27T21:16:26.164499+09:00
Storage Grade,,,failed,False,2026-08-21T00:29:27.962730+09:00
Storage Graph,70.0,6.0,success,False,2026-08-27T22:10:53.228398+09:00
Storage Grid,1000.0,41.0,success,False,2026-08-19T00:37:55.750406+09:00
Storage Guarantee,10.0,0.0,success,False,2026-08-28T01:05:11.238913+09:00
Storage Guardian,260.0,8.0,success,False,2026-08-28T00:23:37.982808+09:00
Storage Helpdesk,,,failed,False,2026-08-27T22:44:27.817073+09:00
Storage Helper,170.0,27.0,success,False,2026-08-28T00:23:49.555058+09:00
Storage History,170.0,0.0,success,False,2026-08-19T20:40:08.745376+09:00
Storage Hotline,,,failed,False,2026-08-19T21:13:23.011051+09:00
Storage Hub,4400.0,27.0,success,False,2026-08-19T00:37:34.373704+09:00
Storage Identifier,110.0,3.0,success,False,2026-08-23T13:05:20.503897+09:00
Storage Incentive,,,failed,False,2026-08-27T21:16:23.936714+09:00
Storage Index,50.0,0.0,success,False,2026-08-19T21:12:26.316955+09:00
Storage Installment,,,failed,False,2026-08-23T16:13:45.288195+09:00
Storage Item,720.0,97.0,success,False,2026-08-21T01:52:03.394231+09:00
Storage Journal,20.0,1.0,success,False,2026-08-19T00:36:57.137576+09:00
Storage Keeper,170.0,67.0,success,False,2026-08-19T00:38:56.335177+09:00
Storage Kit,480.0,92.0,success,False,2026-08-27T22:44:16.144123+09:00
Storage Lab,210.0,68.0,success,False,2026-08-19T00:38:24.169663+09:00
Storage Label,880.0,100.0,success,False,2026-08-27T22:10:56.558080+09:00
Storage Layout,170.0,7.0,success,False,2026-08-27T22:28:53.992967+09:00
Storage Ledger,40.0,89.0,success,False,2026-08-19T00:38:13.320545+09:00
Storage Level,260.0,1.0,success,False,2026-08-19T20:40:26.363458+09:00
Storage Levy,,,failed,False,2026-08-23T13:46:43.137504+09:00
Storage Link,1300.0,12.0,success,False,2026-08-23T03:16:31.986562+09:00
Storage List,110.0,4.0,success,False,2026-08-19T21:57:51.707228+09:00
Storage Loan,10.0,31.0,success,False,2026-08-21T02:09:56.008511+09:00
Storage Log,170.0,13.0,success,False,2026-08-19T13:41:39.168311+09:00
Storage Loop,20.0,17.0,success,False,2026-08-19T00:37:53.742610+09:00
Storage Manager,3600.0,8.0,success,False,2026-08-19T00:39:00.049194+09:00
Storage Manual,20.0,0.0,success,False,2026-08-27T22:10:59.501612+09:00
Storage Margin,,,failed,False,2026-08-23T02:53:11.692862+09:00
Storage Markup,,,failed,False,2026-08-23T16:38:42.507764+09:00
Storage Memo,,,failed,False,2026-08-21T00:29:32.816021+09:00
Storage Message,20.0,0.0,success,False,2026-08-27T23:10:28.498213+09:00
Storage Monitor,590.0,47.0,success,False,2026-08-19T00:36:42.974778+09:00
Storage Nexus,,,failed,False,2026-08-19T00:38:54.065235+09:00
Storage Note,110.0,19.0,success,False,2026-08-19T13:20:54.330811+09:00
Storage Notification,50.0,0.0,success,False,2026-08-27T22:44:11.984469+09:00
Storage Number,390.0,9.0,success,False,2026-08-23T03:16:26.068243+09:00
Storage Office,880.0,100.0,success,False,2026-08-19T00:37:10.693574+09:00
Storage Ops,10.0,5.0,success,False,2026-08-19T00:36:50.417664+09:00
Storage Order,70.0,13.0,success,False,2026-08-19T21:57:08.159846+09:00
Storage Overage,,,failed,False,2026-08-27T21:47:24.586892+09:00
Storage Overdraft,,,failed,False,2026-08-23T15:51:33.860172+09:00
Storage Overdue,20.0,1.0,success,False,2026-08-27T21:47:17.528863+09:00
Storage Pass,,,failed,False,2026-08-21T00:28:44.167575+09:00
Storage Path,170.0,0.0,success,False,2026-08-19T00:38:01.073734+09:00
Storage Payoff,,,failed,False,2026-08-27T21:47:19.918276+09:00
Storage Penalty,,,failed,False,2026-08-23T16:38:38.724720+09:00
Storage Petition,,,failed,False,2026-08-21T01:05:06.601547+09:00
Storage Plan,720.0,22.0,success,False,2026-08-21T01:52:08.240457+09:00
Storage Planner,720.0,22.0,success,False,2026-08-19T00:36:40.628841+09:00
Storage Playbook,,,failed,False,2026-08-19T00:36:52.729176+09:00
Storage Point,260.0,10.0,success,False,2026-08-19T00:38:01.073734+09:00
Storage Portal,210.0,4.0,success,False,2026-08-19T00:38:34.534111+09:00
Storage Preview,,,failed,False,2026-08-28T01:05:08.626878+09:00
Storage Profile,40.0,0.0,success,False,2026-08-19T13:21:44.122863+09:00
Storage Profit,,,failed,False,2026-08-23T02:53:02.917433+09:00
Storage Proposal,10.0,0.0,success,False,2026-08-28T01:05:08.626878+09:00
Storage Queue,260.0,0.0,success,False,2026-08-19T21:12:47.142527+09:00
Storage Quota,110.0,3.0,success,False,2026-08-21T00:29:43.441391+09:00
Storage Radar,,,failed,False,2026-08-19T00:37:39.570439+09:00
Storage Rail,260.0,100.0,success,False,2026-08-19T00:38:43.028128+09:00
Storage Rate,22200.0,70.0,success,False,2026-08-19T20:40:35.383963+09:00
Storage Recap,,,failed,False,2026-08-21T01:05:28.222738+09:00
Storage Receipt,90.0,64.0,success,False,2026-08-19T21:57:27.705045+09:00
Storage Recorder,,,failed,False,2026-08-27T23:33:13.459329+09:00
Storage Redemption,,,failed,False,2026-08-23T16:38:44.785975+09:00
Storage Register,110.0,0.0,success,False,2026-08-19T00:36:48.669353+09:00
Storage Relay,,,failed,False,2026-08-19T00:37:39.570439+09:00
Storage Reminder,,,failed,False,2026-08-19T21:12:04.004296+09:00
Storage Report,90.0,0.0,success,False,2026-08-19T13:41:12.937543+09:00
Storage Ring,320.0,2.0,success,False,2026-08-19T00:38:50.428870+09:00
Storage Roster,,,failed,False,2026-08-19T00:37:30.886042+09:00
Storage Route,40.0,4.0,success,False,2026-08-19T00:38:40.592975+09:00
Storage Rule,110.0,1.0,success,False,2026-08-23T03:16:36.835162+09:00
Storage Sale,2900.0,89.0,success,False,2026-08-21T02:21:11.057858+09:00
Storage Sample,30.0,11.0,success,False,2026-08-19T21:58:30.244900+09:00
Storage Scale,260.0,14.0,success,False,2026-08-19T00:38:40.592975+09:00
Storage Scanner,260.0,1.0,success,False,2026-08-27T23:53:26.856284+09:00
Storage Scope,50.0,20.0,success,False,2026-08-19T00:37:53.742610+09:00
Storage Score,,,failed,False,2026-08-19T13:42:33.755752+09:00
Storage Serial,10.0,2.0,success,False,2026-08-23T13:27:09.032773+09:00
Storage Sheet,1900.0,100.0,success,False,2026-08-19T13:42:11.114118+09:00
Storage Shortfall,,,failed,False,2026-08-27T21:47:29.918815+09:00
Storage Signal,,,failed,False,2026-08-19T00:37:46.702224+09:00
Storage Slip,,,failed,False,2026-08-19T21:58:22.475915+09:00
Storage Slot,170.0,37.0,success,False,2026-08-19T21:58:39.226398+09:00
Storage Stake,,,failed,False,2026-08-23T02:53:08.936462+09:00
Storage Statement,40.0,3.0,success,False,2026-08-21T00:29:13.109702+09:00
Storage Station,1300.0,27.0,success,False,2026-08-19T00:38:27.005898+09:00
Storage Status,90.0,0.0,success,False,2026-08-19T20:39:52.613613+09:00
Storage Stub,,,failed,False,2026-08-21T00:29:07.557420+09:00
Storage Studio,320.0,48.0,success,False,2026-08-19T00:38:22.287042+09:00
Storage Subsidy,,,failed,False,2026-08-23T15:51:36.784233+09:00
Storage Sum,,,failed,False,2026-08-21T02:20:53.673511+09:00
Storage Summary,10.0,0.0,success,False,2026-08-19T21:11:39.725993+09:00
Storage Surtax,,,failed,False,2026-08-23T15:51:39.388284+09:00
Storage Tab,1000.0,58.0,success,False,2026-08-21T00:29:55.538883+09:00
Storage Table,8100.0,100.0,success,False,2026-08-19T21:58:02.735072+09:00
Storage Tag,140.0,86.0,success,False,2026-08-19T13:21:11.802983+09:00
Storage Tally,20.0,5.0,success,False,2026-08-21T00:29:21.936028+09:00
Storage Tariff,10.0,6.0,success,False,2026-08-21T02:37:35.054521+09:00
Storage Tax,20.0,0.0,success,False,2026-08-21T02:09:52.288046+09:00
Storage Terminal,390.0,1.0,success,False,2026-08-19T00:38:27.005898+09:00
Storage Ticket,,,failed,False,2026-08-19T21:12:37.502456+09:00
Storage Tier,1900.0,73.0,success,False,2026-08-28T00:47:13.320687+09:00
Storage Timeline,30.0,0.0,success,False,2026-08-19T21:11:50.782037+09:00
Storage Timer,,,failed,False,2026-08-28T00:23:35.070799+09:00
Storage Toll,,,failed,False,2026-08-21T02:37:27.000959+09:00
Storage Toolbox,8100.0,100.0,success,False,2026-08-28T00:23:47.118724+09:00
Storage Total,,,failed,False,2026-08-27T23:10:31.050648+09:00
Storage Tracker,320.0,80.0,success,False,2026-08-19T00:37:32.560227+09:00
Storage Trail,2900.0,100.0,success,False,2026-08-19T00:38:45.524694+09:00
Storage Trend,20.0,3.0,success,False,2026-08-28T01:05:03.424573+09:00
Storage Trial,20.0,43.0,success,False,2026-08-27T21:16:21.669078+09:00
Storage Unit,450000.0,67.0,success,False,2026-08-21T01:52:06.168283+09:00
Storage Update,320.0,17.0,success,False,2026-08-19T20:40:42.900088+09:00
Storage Value,880.0,51.0,success,False,2026-08-23T02:53:06.849591+09:00
Storage Vault,2400.0,35.0,success,False,2026-08-19T00:37:42.157517+09:00
Storage Version,20.0,2.0,success,False,2026-08-23T03:16:29.353172+09:00
Storage View,210.0,4.0,success,False,2026-08-19T20:39:59.254826+09:00
Storage Voucher,,,failed,False,2026-08-21T00:28:53.322616+09:00
Storage Wave,10.0,0.0,success,False,2026-08-19T00:37:59.032888+09:00
Storage Widget,590.0,0.0,success,False,2026-08-27T23:10:31.050648+09:00
Storage Worksheet,,,failed,False,2026-08-27T22:11:01.897181+09:00
Storage Zone,2400.0,28.0,success,False,2026-08-19T00:38:32.004718+09:00
Storefront Advance,,,failed,False,2026-08-23T16:11:40.333627+09:00
Storefront Advisory,,,failed,False,2026-08-21T01:01:49.387114+09:00
Storefront Allowance,,,failed,False,2026-08-21T02:43:10.515094+09:00
Storefront Almanac,,,failed,False,2026-08-18T22:05:33.744970+09:00
Storefront Analyzer,,,failed,False,2026-08-27T23:54:27.974840+09:00
Storefront Anchor,,,failed,False,2026-08-17T20:35:18.626237+09:00
Storefront Arrears,,,failed,False,2026-08-23T16:11:37.487376+09:00
Storefront Asset,,,failed,False,2026-08-23T13:48:38.413472+09:00
Storefront Assistant,,,failed,False,2026-08-17T23:31:19.808791+09:00
Storefront Atlas,,,failed,False,2026-08-17T21:35:00.218033+09:00
Storefront Attribute,,,failed,False,2026-08-23T13:09:30.268446+09:00
Storefront Badge,,,failed,False,2026-08-21T00:27:51.416222+09:00
Storefront Balance,,,failed,False,2026-08-23T13:48:35.211056+09:00
Storefront Base,,,failed,False,2026-08-17T21:31:11.680234+09:00
Storefront Beacon,,,failed,False,2026-08-17T20:39:05.666395+09:00
Storefront Bill,,,failed,False,2026-08-19T22:07:10.998735+09:00
Storefront Blueprint,170.0,11.0,success,False,2026-08-18T22:05:25.774321+09:00
Storefront Board,1900.0,5.0,success,False,2026-08-17T20:46:23.888336+09:00
Storefront Book,450000.0,12.0,success,False,2026-08-19T21:46:07.673702+09:00
Storefront Bridge,,,failed,False,2026-08-17T20:36:14.881787+09:00
Storefront Brief,,,failed,False,2026-08-21T01:01:41.528292+09:00
Storefront Bulletin,,,failed,False,2026-08-21T01:01:35.076961+09:00
Storefront Calendar,,,failed,False,2026-08-19T00:05:11.440472+09:00
Storefront Card,,,failed,False,2026-08-19T13:29:00.478751+09:00
Storefront Cascade,,,failed,False,2026-08-17T20:37:15.920679+09:00
Storefront Cash,,,failed,False,2026-08-21T02:27:23.796384+09:00
Storefront Cashback,,,failed,False,2026-08-27T21:14:09.355453+09:00
Storefront Category,,,failed,False,2026-08-23T13:09:27.676904+09:00
Storefront Center,,,failed,False,2026-08-17T20:41:08.316613+09:00
Storefront Chain,,,failed,False,2026-08-17T21:41:42.015478+09:00
Storefront Charge,,,failed,False,2026-08-21T02:42:59.558136+09:00
Storefront Check,,,failed,False,2026-08-19T13:29:29.454455+09:00
Storefront Checker,,,failed,False,2026-08-27T23:54:23.137775+09:00
Storefront Cockpit,,,failed,False,2026-08-17T23:11:00.543955+09:00
Storefront Code,1600.0,0.0,success,True,2026-08-19T22:07:28.246340+09:00
Storefront Codex,,,failed,False,2026-08-18T22:05:52.087342+09:00
Storefront Companion,,,failed,False,2026-08-17T23:32:45.524936+09:00
Storefront Comparison,,,failed,False,2026-08-28T01:05:00.784184+09:00
Storefront Compass,,,failed,False,2026-08-17T20:39:59.910293+09:00
Storefront Compendium,,,failed,False,2026-08-18T22:05:44.090365+09:00
Storefront Confirmation,,,failed,False,2026-08-21T01:02:54.788235+09:00
Storefront Console,,,failed,False,2026-08-17T20:38:35.163236+09:00
Storefront Contribution,,,failed,False,2026-08-23T16:11:37.487376+09:00
Storefront Core,,,failed,False,2026-08-17T21:30:02.792774+09:00
Storefront Cost,90.0,0.0,success,False,2026-08-21T02:11:11.149564+09:00
Storefront Count,,,failed,False,2026-08-27T22:46:40.495541+09:00
Storefront Counter,30.0,100.0,success,False,2026-08-18T23:57:15.984121+09:00
Storefront Coupon,,,failed,False,2026-08-27T21:14:09.355453+09:00
Storefront Dashboard,,,failed,False,2026-08-17T23:32:28.634296+09:00
Storefront Deal,,,failed,False,2026-08-21T01:55:30.531800+09:00
Storefront Debt,,,failed,False,2026-08-21T02:27:13.658425+09:00
Storefront Deck,,,failed,False,2026-08-17T20:45:32.525368+09:00
Storefront Depot,,,failed,False,2026-08-19T00:05:31.654702+09:00
Storefront Desk,880.0,100.0,success,False,2026-08-17T20:43:14.638625+09:00
Storefront Detail,590.0,4.0,success,False,2026-08-23T03:23:07.645674+09:00
Storefront Detector,,,failed,False,2026-08-27T23:54:25.594721+09:00
Storefront Diagram,,,failed,False,2026-08-27T22:08:21.698192+09:00
Storefront Dial,,,failed,False,2026-08-17T20:36:47.157974+09:00
Storefront Digest,,,failed,False,2026-08-19T20:46:16.448832+09:00
Storefront Directory,,,failed,False,2026-08-19T00:05:16.956026+09:00
Storefront Discount,,,failed,False,2026-08-23T16:11:31.628533+09:00
Storefront Dock,,,failed,False,2026-08-17T20:32:55.422953+09:00
Storefront Dossier,,,failed,False,2026-08-21T01:02:09.128989+09:00
Storefront Downpayment,,,failed,False,2026-08-27T21:46:18.010185+09:00
Storefront Draft,,,failed,False,2026-08-19T20:46:27.543041+09:00
Storefront Due,,,failed,False,2026-08-23T15:50:16.987712+09:00
Storefront Duty,,,failed,False,2026-08-21T02:43:04.921789+09:00
Storefront Engine,,,failed,False,2026-08-17T23:07:39.486562+09:00
Storefront Entry,20.0,20.0,success,False,2026-08-21T01:02:18.161248+09:00
Storefront Estimate,,,failed,False,2026-08-19T21:32:17.835679+09:00
Storefront Estimator,,,failed,False,2026-08-27T23:54:15.015364+09:00
Storefront Excerpt,,,failed,False,2026-08-21T01:03:02.120644+09:00
Storefront Fare,,,failed,False,2026-08-21T02:11:18.638927+09:00
Storefront Fee,,,failed,False,2026-08-21T01:55:03.003035+09:00
Storefront Feed,,,failed,False,2026-08-19T20:46:21.996527+09:00
Storefront Field,,,failed,False,2026-08-23T13:09:32.906091+09:00
Storefront File,,,failed,False,2026-08-19T20:46:00.045081+09:00
Storefront Finder,,,failed,False,2026-08-19T00:05:27.512092+09:00
Storefront Fine,,,failed,False,2026-08-23T02:57:30.156609+09:00
Storefront Flag,,,failed,False,2026-08-21T00:28:42.115555+09:00
Storefront Flow,,,failed,False,2026-08-17T20:45:54.147634+09:00
Storefront Forge,,,failed,False,2026-08-17T20:38:08.924079+09:00
Storefront Form,,,failed,False,2026-08-19T13:28:50.400701+09:00
Storefront Format,,,failed,False,2026-08-23T13:09:35.316031+09:00
Storefront Frame,1000.0,25.0,success,False,2026-08-17T21:32:23.259221+09:00
Storefront Fund,,,failed,False,2026-08-21T02:27:17.411779+09:00
Storefront Gate,590.0,37.0,success,False,2026-08-17T21:37:02.739524+09:00
Storefront Generator,210.0,31.0,success,False,2026-08-27T23:33:49.410538+09:00
Storefront Giveaway,,,failed,False,2026-08-27T21:14:16.452058+09:00
Storefront Grade,,,failed,False,2026-08-21T00:28:20.735517+09:00
Storefront Graph,,,failed,False,2026-08-27T22:08:06.352004+09:00
Storefront Grid,70.0,36.0,success,False,2026-08-18T07:43:51.559731+09:00
Storefront Guarantee,,,failed,False,2026-08-28T01:05:06.027579+09:00
Storefront Guard,,,failed,False,2026-08-17T21:30:38.829852+09:00
Storefront Guardian,,,failed,False,2026-08-28T00:24:12.580711+09:00
Storefront Guidebook,,,failed,False,2026-08-18T22:05:08.323728+09:00
Storefront Helpdesk,,,failed,False,2026-08-27T22:46:42.853394+09:00
Storefront Helper,,,failed,False,2026-08-28T00:24:17.222604+09:00
Storefront History,,,failed,False,2026-08-19T20:45:50.851524+09:00
Storefront Hub,,,failed,False,2026-08-17T20:44:58.380838+09:00
Storefront Identifier,,,failed,False,2026-08-23T13:09:25.406302+09:00
Storefront Incentive,,,failed,False,2026-08-27T21:14:11.708321+09:00
Storefront Index,,,failed,False,2026-08-19T21:32:01.105099+09:00
Storefront Insight,,,failed,False,2026-08-17T23:03:45.434649+09:00
Storefront Installment,,,failed,False,2026-08-23T16:11:34.314985+09:00
Storefront Item,1000.0,5.0,success,False,2026-08-21T01:55:09.652280+09:00
Storefront Journal,,,failed,False,2026-08-18T22:04:47.341629+09:00
Storefront Keeper,,,failed,False,2026-08-17T21:33:00.443260+09:00
Storefront Kit,,,failed,False,2026-08-27T22:46:32.374827+09:00
Storefront Lab,50.0,1.0,success,False,2026-08-17T20:43:42.299051+09:00
Storefront Label,,,failed,False,2026-08-27T22:08:10.673360+09:00
Storefront Layout,3600.0,2.0,success,False,2026-08-27T22:28:42.749169+09:00
Storefront Ledger,,,failed,False,2026-08-17T20:47:39.394205+09:00
Storefront Lens,,,failed,False,2026-08-17T21:33:24.629057+09:00
Storefront Level,,,failed,False,2026-08-19T20:46:04.507912+09:00
Storefront Levy,,,failed,False,2026-08-23T13:48:38.413472+09:00
Storefront Link,40.0,16.0,success,False,2026-08-23T03:23:00.689817+09:00
Storefront List,,,failed,False,2026-08-19T22:07:52.466558+09:00
Storefront Loan,2400.0,27.0,success,False,2026-08-21T02:11:27.429616+09:00
Storefront Locator,,,failed,False,2026-08-19T00:05:21.948366+09:00
Storefront Lock,720.0,99.0,success,False,2026-08-17T21:35:33.419897+09:00
Storefront Log,,,failed,False,2026-08-19T13:28:41.334086+09:00
Storefront Loop,,,failed,False,2026-08-18T07:43:41.366664+09:00
Storefront Manager,10.0,4.0,success,False,2026-08-17T21:31:46.266854+09:00
Storefront Manual,,,failed,False,2026-08-27T22:08:16.098998+09:00
Storefront Map,,,failed,False,2026-08-17T21:34:28.165323+09:00
Storefront Markup,,,failed,False,2026-08-23T16:37:28.808486+09:00
Storefront Memo,,,failed,False,2026-08-21T00:28:26.135871+09:00
Storefront Meter,,,failed,False,2026-08-17T20:35:48.969093+09:00
Storefront Metrics,,,failed,False,2026-08-17T23:32:15.494443+09:00
Storefront Monitor,1300.0,58.0,success,False,2026-08-17T23:31:53.116535+09:00
Storefront Navigator,,,failed,False,2026-08-17T23:05:30.117127+09:00
Storefront Nexus,,,failed,False,2026-08-17T21:36:05.315924+09:00
Storefront Node,,,failed,False,2026-08-17T21:38:13.718334+09:00
Storefront Note,,,failed,False,2026-08-19T13:29:56.430090+09:00
Storefront Notification,,,failed,False,2026-08-27T22:46:32.374827+09:00
Storefront Number,,,failed,False,2026-08-23T03:22:48.132111+09:00
Storefront Office,12100.0,40.0,success,False,2026-08-18T23:57:00.632523+09:00
Storefront Ops,,,failed,False,2026-08-17T23:32:55.929904+09:00
Storefront Order,,,failed,False,2026-08-19T22:06:56.710970+09:00
Storefront Organizer,,,failed,False,2026-08-17T23:09:26.162855+09:00
Storefront Overdue,,,failed,False,2026-08-27T21:46:15.571619+09:00
Storefront Panel,480.0,19.0,success,False,2026-08-17T20:37:45.876313+09:00
Storefront Pass,,,failed,False,2026-08-21T00:27:34.970005+09:00
Storefront Path,,,failed,False,2026-08-17T21:37:42.380657+09:00
Storefront Payoff,,,failed,False,2026-08-27T21:46:15.571619+09:00
Storefront Penalty,,,failed,False,2026-08-23T16:37:26.596455+09:00
Storefront Petition,,,failed,False,2026-08-21T01:01:56.777468+09:00
Storefront Pilot,,,failed,False,2026-08-17T20:44:07.827451+09:00
Storefront Plan,,,failed,False,2026-08-21T01:55:28.445824+09:00
Storefront Planner,,,failed,False,2026-08-17T23:14:35.084674+09:00
Storefront Playbook,,,failed,False,2026-08-18T22:04:36.606049+09:00
Storefront Point,1600.0,25.0,success,False,2026-08-17T21:36:34.713232+09:00
Storefront Portal,8100.0,0.0,success,True,2026-08-17T20:39:31.272188+09:00
Storefront Preview,30.0,5.0,success,False,2026-08-28T01:05:03.424573+09:00
Storefront Profile,,,failed,False,2026-08-19T13:30:13.142544+09:00
Storefront Profit,,,failed,False,2026-08-23T02:57:17.363671+09:00
Storefront Proposal,,,failed,False,2026-08-28T01:05:06.027579+09:00
Storefront Pulse,,,failed,False,2026-08-17T21:41:12.952922+09:00
Storefront Quota,,,failed,False,2026-08-21T00:28:35.603528+09:00
Storefront Radar,,,failed,False,2026-08-17T20:42:16.988485+09:00
Storefront Rail,,,failed,False,2026-08-17T20:31:44.848533+09:00
Storefront Rate,,,failed,False,2026-08-19T20:46:06.697629+09:00
Storefront Recap,,,failed,False,2026-08-21T01:02:11.159896+09:00
Storefront Receipt,,,failed,False,2026-08-19T22:07:21.096531+09:00
Storefront Redemption,,,failed,False,2026-08-23T16:37:28.808486+09:00
Storefront Register,,,failed,False,2026-08-17T23:12:34.850967+09:00
Storefront Registry,390.0,20.0,success,False,2026-08-18T22:05:15.577232+09:00
Storefront Relay,,,failed,False,2026-08-17T20:41:33.336783+09:00
Storefront Reminder,,,failed,False,2026-08-19T21:31:54.531543+09:00
Storefront Report,,,failed,False,2026-08-19T13:28:31.111585+09:00
Storefront Roadmap,,,failed,False,2026-08-18T22:05:59.558657+09:00
Storefront Roster,,,failed,False,2026-08-19T00:38:02.838044+09:00
Storefront Route,,,failed,False,2026-08-17T20:33:59.012811+09:00
Storefront Rule,,,failed,False,2026-08-23T03:23:04.042146+09:00
Storefront Sale,5400.0,79.0,success,False,2026-08-21T02:27:26.146379+09:00
Storefront Sample,10.0,0.0,success,False,2026-08-19T21:46:33.632095+09:00
Storefront Scale,,,failed,False,2026-08-17T20:34:46.285590+09:00
Storefront Scanner,,,failed,False,2026-08-27T23:54:23.137775+09:00
Storefront Scheduler,210.0,1.0,success,False,2026-08-17T23:31:35.615532+09:00
Storefront Scope,,,failed,False,2026-08-17T20:32:17.131006+09:00
Storefront Score,,,failed,False,2026-08-19T13:29:46.780078+09:00
Storefront Sentry,,,failed,False,2026-08-17T21:33:56.834131+09:00
Storefront Sheet,,,failed,False,2026-08-19T13:29:15.231319+09:00
Storefront Signal,,,failed,False,2026-08-17T20:34:22.385109+09:00
Storefront Slip,,,failed,False,2026-08-19T21:46:20.188818+09:00
Storefront Slot,,,failed,False,2026-08-19T21:46:45.064278+09:00
Storefront Snapshot,,,failed,False,2026-08-18T22:04:56.544925+09:00
Storefront Stake,,,failed,False,2026-08-23T02:57:24.970560+09:00
Storefront Statement,,,failed,False,2026-08-21T00:28:03.957628+09:00
Storefront Station,,,failed,False,2026-08-17T20:42:46.441273+09:00
Storefront Status,,,failed,False,2026-08-19T20:45:37.673361+09:00
Storefront Stub,,,failed,False,2026-08-21T00:27:57.987466+09:00
Storefront Studio,720.0,4.0,success,False,2026-08-17T20:44:27.303320+09:00
Storefront Subsidy,,,failed,False,2026-08-23T15:50:19.459391+09:00
Storefront Suite,70.0,19.0,success,False,2026-08-17T23:30:56.654699+09:00
Storefront Sum,,,failed,False,2026-08-21T02:27:08.024014+09:00
Storefront Summary,,,failed,False,2026-08-19T21:31:38.211604+09:00
Storefront Surtax,,,failed,False,2026-08-23T15:50:21.646134+09:00
Storefront Sync,,,failed,False,2026-08-17T20:47:00.954455+09:00
Storefront Tab,,,failed,False,2026-08-21T00:28:49.114338+09:00
Storefront Table,,,failed,False,2026-08-19T21:45:58.620929+09:00
Storefront Tag,,,failed,False,2026-08-19T13:30:05.934954+09:00
Storefront Tally,,,failed,False,2026-08-21T00:28:13.699286+09:00
Storefront Tariff,,,failed,False,2026-08-21T02:43:14.426169+09:00
Storefront Tax,,,failed,False,2026-08-21T02:11:23.948204+09:00
Storefront Ticket,,,failed,False,2026-08-19T21:32:10.645735+09:00
Storefront Tier,,,failed,False,2026-08-28T00:47:20.872913+09:00
Storefront Timeline,,,failed,False,2026-08-19T21:31:47.611554+09:00
Storefront Toll,,,failed,False,2026-08-21T02:43:07.410836+09:00
Storefront Toolbox,,,failed,False,2026-08-28T00:24:14.921300+09:00
Storefront Toolkit,,,failed,False,2026-08-18T22:04:25.779407+09:00
Storefront Total,,,failed,False,2026-08-27T23:11:52.510647+09:00
Storefront Tracker,10.0,,success,False,2026-08-17T20:48:21.583177+09:00
Storefront Trail,,,failed,False,2026-08-18T07:52:27.935751+09:00
Storefront Trend,,,failed,False,2026-08-28T01:04:57.702842+09:00
Storefront Trial,,,failed,False,2026-08-27T21:14:11.708321+09:00
Storefront Unit,,,failed,False,2026-08-21T01:55:13.516814+09:00
Storefront Update,,,failed,False,2026-08-19T20:46:13.766068+09:00
Storefront Value,,,failed,False,2026-08-23T02:57:21.827227+09:00
Storefront Vault,,,failed,False,2026-08-17T20:40:46.604989+09:00
Storefront Version,10.0,0.0,success,False,2026-08-23T03:22:53.557175+09:00
Storefront View,880.0,1.0,success,False,2026-08-19T20:45:45.249853+09:00
Storefront Voucher,,,failed,False,2026-08-21T00:27:42.259289+09:00
Storefront Wallet,,,failed,False,2026-08-27T22:46:36.036918+09:00
Storefront Watch,,,failed,False,2026-08-17T20:33:27.108642+09:00
Storefront Wave,,,failed,False,2026-08-17T21:39:02.253193+09:00
Storefront Widget,10.0,0.0,success,False,2026-08-27T23:11:52.510647+09:00
Storefront Workbench,,,failed,False,2026-08-18T22:04:15.026557+09:00
Storefront Worksheet,,,failed,False,2026-08-27T22:08:16.098998+09:00
Storefront Workshop,,,failed,False,2026-08-28T00:24:12.580711+09:00
Storefront Zone,,,failed,False,2026-08-17T20:40:24.654920+09:00
Strike Alert,720.0,34.0,success,False,2026-08-19T21:07:27.526395+09:00
Strike Allowance,,,failed,False,2026-08-21T02:43:57.292345+09:00
Strike Analyzer,,,failed,False,2026-08-27T23:51:07.494975+09:00
Strike Assistant,,,failed,False,2026-08-19T21:31:17.357360+09:00
Strike Atlas,20.0,6.0,success,False,2026-08-19T21:30:45.595196+09:00
Strike Attribute,,,failed,False,2026-08-23T13:05:20.503897+09:00
Strike Badge,,,failed,False,2026-08-21T00:26:00.566845+09:00
Strike Base,40.0,0.0,success,False,2026-08-19T21:18:42.622010+09:00
Strike Beacon,,,failed,False,2026-08-19T21:16:11.566322+09:00
Strike Bill,10.0,0.0,success,False,2026-08-19T22:00:23.357458+09:00
Strike Board,320.0,8.0,success,False,2026-08-19T21:19:21.338240+09:00
Strike Book,720.0,33.0,success,False,2026-08-19T22:01:11.142813+09:00
Strike Bridge,20.0,0.0,success,False,2026-08-19T21:16:48.614230+09:00
Strike Brief,10.0,0.0,success,False,2026-08-21T01:01:20.027256+09:00
Strike Bulletin,,,failed,False,2026-08-21T01:01:17.697392+09:00
Strike Cabinet,,,failed,False,2026-08-27T23:16:13.930951+09:00
Strike Calendar,110.0,0.0,success,False,2026-08-19T21:03:41.880915+09:00
Strike Card,320.0,10.0,success,False,2026-08-19T21:09:40.471721+09:00
Strike Cascade,,,failed,False,2026-08-19T21:16:36.317434+09:00
Strike Cash,480.0,26.0,success,False,2026-08-21T02:27:38.390107+09:00
Strike Cashback,,,failed,False,2026-08-27T21:17:31.626510+09:00
Strike Catalog,,,failed,False,2026-08-19T21:14:21.531663+09:00
Strike Category,,,failed,False,2026-08-23T13:05:17.487653+09:00
Strike Center,210.0,3.0,success,False,2026-08-19T21:29:10.316262+09:00
Strike Chain,50.0,0.0,success,False,2026-08-19T21:30:16.349132+09:00
Strike Charge,10.0,0.0,success,False,2026-08-21T02:43:47.739499+09:00
Strike Chart,140.0,2.0,success,False,2026-08-19T21:07:36.739108+09:00
Strike Check,1300.0,0.0,success,True,2026-08-19T21:10:07.849360+09:00
Strike Checker,10.0,0.0,success,False,2026-08-27T23:51:00.030552+09:00
Strike Checklist,,,failed,False,2026-08-19T21:13:25.403661+09:00
Strike Code,1600.0,0.0,success,True,2026-08-19T22:00:43.745625+09:00
Strike Companion,,,failed,False,2026-08-19T21:31:50.558670+09:00
Strike Compass,,,failed,False,2026-08-19T21:16:02.434865+09:00
Strike Confirmation,,,failed,False,2026-08-21T01:01:32.949178+09:00
Strike Console,,,failed,False,2026-08-19T21:29:34.148902+09:00
Strike Core,40.0,0.0,success,False,2026-08-19T21:19:00.035786+09:00
Strike Cost,40.0,1.0,success,False,2026-08-21T02:10:58.400903+09:00
Strike Count,390.0,3.0,success,False,2026-08-27T22:50:35.805109+09:00
Strike Counter,390.0,3.0,success,False,2026-08-19T21:04:49.568415+09:00
Strike Coupon,40.0,8.0,success,False,2026-08-27T21:17:29.346524+09:00
Strike Deal,880.0,1.0,success,False,2026-08-21T01:54:25.472983+09:00
Strike Debt,210.0,3.0,success,False,2026-08-21T02:27:33.001702+09:00
Strike Deck,40.0,20.0,success,False,2026-08-19T21:19:35.712806+09:00
Strike Desk,,,failed,False,2026-08-19T21:15:20.790094+09:00
Strike Detail,90.0,1.0,success,False,2026-08-23T03:24:42.957554+09:00
Strike Detector,30.0,20.0,success,False,2026-08-27T23:51:04.044510+09:00
Strike Diagram,30.0,0.0,success,False,2026-08-27T22:13:09.872881+09:00
Strike Digest,,,failed,False,2026-08-19T21:12:20.631006+09:00
Strike Directory,,,failed,False,2026-08-19T21:03:58.078741+09:00
Strike Discount,50.0,0.0,success,False,2026-08-23T16:14:33.783950+09:00
Strike Dossier,,,failed,False,2026-08-21T01:01:39.197827+09:00
Strike Downpayment,,,failed,False,2026-08-27T21:48:42.861590+09:00
Strike Draft,,,failed,False,2026-08-19T21:12:39.256118+09:00
Strike Duty,20.0,0.0,success,False,2026-08-21T02:43:50.740440+09:00
Strike Engine,70.0,0.0,success,False,2026-08-19T21:31:09.123245+09:00
Strike Entry,,,failed,False,2026-08-21T01:01:54.342698+09:00
Strike Estimate,,,failed,False,2026-08-19T21:14:11.257032+09:00
Strike Estimator,,,failed,False,2026-08-27T23:50:54.897553+09:00
Strike Excerpt,,,failed,False,2026-08-21T01:01:47.037702+09:00
Strike Fare,,,failed,False,2026-08-21T02:11:04.805408+09:00
Strike Fee,210.0,1.0,success,False,2026-08-21T01:54:08.146374+09:00
Strike Feed,,,failed,False,2026-08-19T21:12:30.069108+09:00
Strike File,90.0,0.0,success,False,2026-08-19T21:11:31.992305+09:00
Strike Finder,170.0,5.0,success,False,2026-08-19T21:04:22.708628+09:00
Strike Fine,,,failed,False,2026-08-23T02:58:11.410981+09:00
Strike Flag,90.0,2.0,success,False,2026-08-21T00:26:36.041366+09:00
Strike Flow,40.0,0.0,success,False,2026-08-19T21:14:53.889746+09:00
Strike Forge,20.0,0.0,success,False,2026-08-19T21:16:25.825046+09:00
Strike Form,390.0,0.0,success,False,2026-08-19T21:09:25.998389+09:00
Strike Format,10.0,0.0,success,False,2026-08-23T13:05:25.615596+09:00
Strike Frame,50.0,0.0,success,False,2026-08-19T21:18:32.816387+09:00
Strike Fund,390.0,0.0,success,False,2026-08-21T02:27:35.877276+09:00
Strike Gate,40.0,11.0,success,False,2026-08-19T21:30:31.013934+09:00
Strike Giveaway,,,failed,False,2026-08-27T21:17:37.644775+09:00
Strike Grade,,,failed,False,2026-08-21T00:26:21.311990+09:00
Strike Helpdesk,,,failed,False,2026-08-27T22:50:39.556744+09:00
Strike Helper,,,failed,False,2026-08-28T00:21:32.683664+09:00
Strike History,320.0,0.0,success,False,2026-08-19T21:11:23.723554+09:00
Strike Hotline,10.0,0.0,success,False,2026-08-19T21:14:31.473745+09:00
Strike Hub,170.0,1.0,success,False,2026-08-19T21:15:06.542256+09:00
Strike Identifier,,,failed,False,2026-08-23T13:05:17.487653+09:00
Strike Inbox,,,failed,False,2026-08-19T21:07:18.151537+09:00
Strike Incentive,,,failed,False,2026-08-27T21:17:37.644775+09:00
Strike Index,30.0,0.0,success,False,2026-08-19T21:13:38.700903+09:00
Strike Installment,,,failed,False,2026-08-23T16:14:37.846068+09:00
Strike Item,,,failed,False,2026-08-21T02:05:57.421169+09:00
Strike Journal,,,failed,False,2026-08-19T21:32:21.399233+09:00
Strike Keeper,30.0,70.0,success,False,2026-08-19T21:30:54.257177+09:00
Strike Kit,320.0,19.0,success,False,2026-08-27T22:50:33.048353+09:00
Strike Lab,210.0,1.0,success,False,2026-08-19T21:19:58.668783+09:00
Strike Label,40.0,0.0,success,False,2026-08-27T22:12:55.481525+09:00
Strike Ledger,,,failed,False,2026-08-19T21:19:09.949699+09:00
Strike Level,40.0,1.0,success,False,2026-08-19T21:11:44.619551+09:00
Strike Line,1300.0,4.0,success,False,2026-08-19T21:08:27.297609+09:00
Strike Link,260.0,0.0,success,False,2026-08-23T03:24:40.640287+09:00
Strike List,110.0,0.0,success,False,2026-08-19T22:00:52.695969+09:00
Strike Loan,170.0,9.0,success,False,2026-08-21T02:11:11.149564+09:00
Strike Locker,10.0,33.0,success,False,2026-08-19T21:05:02.074506+09:00
Strike Log,,,failed,False,2026-08-19T21:09:13.421479+09:00
Strike Loop,,,failed,False,2026-08-19T21:17:35.138769+09:00
Strike Manager,40.0,0.0,success,False,2026-08-19T21:31:01.684338+09:00
Strike Manual,20.0,0.0,success,False,2026-08-27T22:13:01.149795+09:00
Strike Map,6600.0,0.0,success,True,2026-08-19T21:18:22.582804+09:00
Strike Margin,,,failed,False,2026-08-23T02:58:08.701487+09:00
Strike Memo,,,failed,False,2026-08-21T00:26:25.580219+09:00
Strike Message,30.0,1.0,success,False,2026-08-27T23:16:11.688627+09:00
Strike Monitor,50.0,31.0,success,False,2026-08-19T21:31:40.381854+09:00
Strike Nexus,110.0,0.0,success,False,2026-08-19T21:30:36.862882+09:00
Strike Note,390.0,55.0,success,False,2026-08-19T21:10:29.402308+09:00
Strike Notification,20.0,0.0,success,False,2026-08-27T22:50:28.774616+09:00
Strike Number,170.0,0.0,success,False,2026-08-23T03:24:33.433692+09:00
Strike Office,40.0,0.0,success,False,2026-08-19T21:04:36.711918+09:00
Strike Ops,18100.0,1.0,success,False,2026-08-19T21:32:06.209951+09:00
Strike Order,90.0,0.0,success,False,2026-08-19T22:00:12.371601+09:00
Strike Overage,,,failed,False,2026-08-27T21:48:40.249889+09:00
Strike Overdue,,,failed,False,2026-08-27T21:48:35.689301+09:00
Strike Panel,20.0,0.0,success,False,2026-08-19T21:29:40.498335+09:00
Strike Pass,170.0,3.0,success,False,2026-08-21T00:25:45.592013+09:00
Strike Path,30.0,0.0,success,False,2026-08-19T21:18:01.862049+09:00
Strike Payoff,,,failed,False,2026-08-27T21:48:38.041939+09:00
Strike Petition,10.0,0.0,success,False,2026-08-21T01:01:30.993537+09:00
Strike Plan,110.0,0.0,success,False,2026-08-21T01:54:20.819048+09:00
Strike Playbook,,,failed,False,2026-08-19T21:32:13.666054+09:00
Strike Point,1300.0,0.0,success,True,2026-08-19T21:18:11.999906+09:00
Strike Portal,40.0,0.0,success,False,2026-08-19T21:29:26.779055+09:00
Strike Profile,10.0,0.0,success,False,2026-08-19T21:10:50.221080+09:00
Strike Profit,10.0,19.0,success,False,2026-08-23T02:58:01.593171+09:00
Strike Queue,,,failed,False,2026-08-19T21:14:01.404689+09:00
Strike Radar,40500.0,0.0,success,True,2026-08-19T21:15:31.407245+09:00
Strike Rail,6600.0,1.0,success,False,2026-08-19T21:30:03.373519+09:00
Strike Rate,5400.0,0.0,success,True,2026-08-19T21:11:58.211530+09:00
Strike Receipt,,,failed,False,2026-08-19T22:00:33.480377+09:00
Strike Register,10.0,0.0,success,False,2026-08-19T21:31:59.320296+09:00
Strike Registry,,,failed,False,2026-08-19T21:03:27.831086+09:00
Strike Relay,10.0,17.0,success,False,2026-08-19T21:15:42.753829+09:00
Strike Reminder,,,failed,False,2026-08-19T21:13:15.643031+09:00
Strike Report,110.0,0.0,success,False,2026-08-19T21:09:00.850536+09:00
Strike Ring,70.0,1.0,success,False,2026-08-19T21:30:22.896569+09:00
Strike Roll,20.0,0.0,success,False,2026-08-19T21:08:50.261483+09:00
Strike Roster,,,failed,False,2026-08-19T21:07:04.594270+09:00
Strike Route,20.0,0.0,success,False,2026-08-19T21:29:53.324584+09:00
Strike Rule,210.0,0.0,success,False,2026-08-23T03:24:42.957554+09:00
Strike Sale,50.0,1.0,success,False,2026-08-21T02:27:43.385895+09:00
Strike Sample,,,failed,False,2026-08-19T22:01:31.900197+09:00
Strike Scale,390.0,0.0,success,False,2026-08-19T21:29:47.496953+09:00
Strike Scanner,20.0,8.0,success,False,2026-08-27T23:51:00.030552+09:00
Strike Scheduler,,,failed,False,2026-08-19T21:31:31.502788+09:00
Strike Schematic,,,failed,False,2026-08-27T22:29:13.251110+09:00
Strike Scope,20.0,0.0,success,False,2026-08-19T21:17:25.572760+09:00
Strike Serial,8100.0,3.0,success,False,2026-08-23T13:27:02.624073+09:00
Strike Sheet,40.0,0.0,success,False,2026-08-19T21:09:50.193216+09:00
Strike Shortfall,,,failed,False,2026-08-27T21:48:46.666341+09:00
Strike Signal,30.0,0.0,success,False,2026-08-19T21:17:02.639874+09:00
Strike Slip,1900.0,0.0,success,True,2026-08-19T22:01:20.262131+09:00
Strike Slot,90.0,21.0,success,False,2026-08-19T22:01:42.804571+09:00
Strike Stake,,,failed,False,2026-08-23T02:58:06.031542+09:00
Strike Statement,,,failed,False,2026-08-21T00:26:10.737162+09:00
Strike Station,,,failed,False,2026-08-19T21:20:10.804990+09:00
Strike Status,90.0,0.0,success,False,2026-08-19T21:11:02.607888+09:00
Strike Studio,2900.0,5.0,success,False,2026-08-19T21:19:47.057352+09:00
Strike Sum,10.0,0.0,success,False,2026-08-21T02:27:29.296336+09:00
Strike Summary,10.0,0.0,success,False,2026-08-19T21:12:51.464479+09:00
Strike Table,20.0,9.0,success,False,2026-08-19T22:01:01.799694+09:00
Strike Tag,210.0,0.0,success,False,2026-08-19T21:10:38.305423+09:00
Strike Tally,,,failed,False,2026-08-21T00:26:15.934316+09:00
Strike Tariff,,,failed,False,2026-08-21T02:43:59.643244+09:00
Strike Tax,1600.0,1.0,success,False,2026-08-21T02:11:07.536158+09:00
Strike Terminal,10.0,0.0,success,False,2026-08-19T21:29:00.879622+09:00
Strike Ticker,20.0,1.0,success,False,2026-08-19T21:08:15.358718+09:00
Strike Ticket,,,failed,False,2026-08-19T21:13:50.204351+09:00
Strike Timeline,30.0,0.0,success,False,2026-08-19T21:13:02.504471+09:00
Strike Toll,10.0,0.0,success,False,2026-08-21T02:43:53.941468+09:00
Strike Toolbox,10.0,88.0,success,False,2026-08-28T00:21:30.022858+09:00
Strike Total,10.0,0.0,success,False,2026-08-27T23:16:11.688627+09:00
Strike Tracker,210.0,0.0,success,False,2026-08-19T21:14:42.578262+09:00
Strike Trail,10.0,0.0,success,False,2026-08-19T21:30:10.428031+09:00
Strike Trial,50.0,0.0,success,False,2026-08-27T21:17:34.468079+09:00
Strike Unit,170.0,0.0,success,False,2026-08-21T01:54:15.077260+09:00
Strike Update,2400.0,0.0,success,True,2026-08-19T21:12:07.891173+09:00
Strike Value,70.0,0.0,success,False,2026-08-23T02:58:03.774409+09:00
Strike Vault,20.0,2.0,success,False,2026-08-19T21:15:52.181697+09:00
Strike Version,,,failed,False,2026-08-23T03:24:36.035969+09:00
Strike View,90.0,6.0,success,False,2026-08-19T21:11:12.970448+09:00
Strike Voucher,30.0,3.0,success,False,2026-08-21T00:25:52.909138+09:00
Strike Watch,390.0,18.0,success,False,2026-08-19T21:17:15.430061+09:00
Strike Widget,,,failed,False,2026-08-27T23:16:13.930951+09:00
Strike Window,20.0,0.0,success,False,2026-08-19T21:08:37.744349+09:00
Strike Worksheet,,,failed,False,2026-08-27T22:13:04.123105+09:00
Strike Workshop,,,failed,False,2026-08-28T00:21:24.701670+09:00
Strike Zone,40500.0,4.0,success,False,2026-08-19T21:29:19.590151+09:00
Stylist Advance,,,failed,False,2026-08-23T16:14:40.533655+09:00
Stylist Allowance,,,failed,False,2026-08-21T02:40:43.977421+09:00
Stylist Analyzer,,,failed,False,2026-08-27T23:56:35.462889+09:00
Stylist Anchor,,,failed,False,2026-08-17T23:13:46.002975+09:00
Stylist Announcement,,,failed,False,2026-08-27T23:35:04.726489+09:00
Stylist Assistant,1000.0,4.0,success,False,2026-08-17T23:14:25.326532+09:00
Stylist Atlas,,,failed,False,2026-08-17T23:05:41.457486+09:00
Stylist Badge,,,failed,False,2026-08-21T00:28:39.996166+09:00
Stylist Balance,,,failed,False,2026-08-23T13:47:11.410642+09:00
Stylist Base,,,failed,False,2026-08-17T23:13:28.338167+09:00
Stylist Beacon,,,failed,False,2026-08-17T23:12:08.094400+09:00
Stylist Bill,,,failed,False,2026-08-19T21:51:01.436792+09:00
Stylist Blueprint,,,failed,False,2026-08-18T23:52:14.676112+09:00
Stylist Board,20.0,13.0,success,False,2026-08-17T23:27:21.585941+09:00
Stylist Book,90.0,39.0,success,False,2026-08-19T21:51:58.682281+09:00
Stylist Bridge,,,failed,False,2026-08-17T23:24:44.637673+09:00
Stylist Brief,,,failed,False,2026-08-21T01:01:22.274781+09:00
Stylist Bulletin,,,failed,False,2026-08-21T01:01:17.697392+09:00
Stylist Calendar,20.0,33.0,success,False,2026-08-19T00:02:56.248931+09:00
Stylist Card,20.0,4.0,success,False,2026-08-19T13:22:04.691766+09:00
Stylist Cascade,,,failed,False,2026-08-17T23:06:45.787789+09:00
Stylist Cash,,,failed,False,2026-08-21T02:25:31.969034+09:00
Stylist Cashback,,,failed,False,2026-08-27T21:16:49.739310+09:00
Stylist Catalog,,,failed,False,2026-08-19T21:08:31.191170+09:00
Stylist Category,,,failed,False,2026-08-23T13:07:17.768470+09:00
Stylist Center,,,failed,False,2026-08-17T23:28:04.378663+09:00
Stylist Chain,,,failed,False,2026-08-17T23:29:49.351305+09:00
Stylist Charge,,,failed,False,2026-08-21T02:40:33.895660+09:00
Stylist Check,10.0,35.0,success,False,2026-08-19T13:23:05.373596+09:00
Stylist Checker,,,failed,False,2026-08-27T23:56:32.424799+09:00
Stylist Checklist,10.0,0.0,success,False,2026-08-19T21:07:40.402937+09:00
Stylist Cockpit,,,failed,False,2026-08-17T23:32:21.137516+09:00
Stylist Code,,,failed,False,2026-08-19T21:51:20.233471+09:00
Stylist Codex,,,failed,False,2026-08-18T22:02:44.404885+09:00
Stylist Companion,,,failed,False,2026-08-17T23:12:27.386442+09:00
Stylist Comparison,,,failed,False,2026-08-28T01:06:26.504545+09:00
Stylist Compass,,,failed,False,2026-08-17T23:24:01.156266+09:00
Stylist Compendium,,,failed,False,2026-08-18T22:02:35.560643+09:00
Stylist Confirmation,,,failed,False,2026-08-21T01:01:35.076961+09:00
Stylist Console,,,failed,False,2026-08-17T23:06:04.469497+09:00
Stylist Core,10.0,0.0,success,False,2026-08-17T23:27:09.313673+09:00
Stylist Cost,110.0,15.0,success,False,2026-08-21T02:10:04.981055+09:00
Stylist Count,,,failed,False,2026-08-27T22:48:56.292769+09:00
Stylist Counter,,,failed,False,2026-08-19T00:03:38.462918+09:00
Stylist Coupon,,,failed,False,2026-08-27T21:16:45.829850+09:00
Stylist Dashboard,,,failed,False,2026-08-17T23:05:17.262710+09:00
Stylist Deal,,,failed,False,2026-08-21T01:54:32.681048+09:00
Stylist Debt,,,failed,False,2026-08-21T02:25:24.803683+09:00
Stylist Deck,,,failed,False,2026-08-17T23:15:02.433018+09:00
Stylist Depot,,,failed,False,2026-08-19T00:03:23.645450+09:00
Stylist Desk,10.0,100.0,success,False,2026-08-17T23:23:24.651550+09:00
Stylist Detail,,,failed,False,2026-08-23T03:19:30.157366+09:00
Stylist Dial,,,failed,False,2026-08-17T23:13:09.056664+09:00
Stylist Digest,,,failed,False,2026-08-19T20:39:41.503731+09:00
Stylist Directory,10.0,0.0,success,False,2026-08-19T00:03:01.180289+09:00
Stylist Discount,10.0,,success,False,2026-08-23T16:14:37.846068+09:00
Stylist Dock,,,failed,False,2026-08-17T23:14:44.117441+09:00
Stylist Dossier,,,failed,False,2026-08-21T01:01:41.528292+09:00
Stylist Downpayment,,,failed,False,2026-08-27T21:47:50.200871+09:00
Stylist Draft,,,failed,False,2026-08-19T20:39:59.254826+09:00
Stylist Due,,,failed,False,2026-08-23T15:51:53.307481+09:00
Stylist Duty,,,failed,False,2026-08-21T02:40:38.159052+09:00
Stylist Engine,,,failed,False,2026-08-17T23:31:12.330432+09:00
Stylist Entry,,,failed,False,2026-08-21T01:01:56.777468+09:00
Stylist Estimate,,,failed,False,2026-08-19T21:08:21.181421+09:00
Stylist Estimator,,,failed,False,2026-08-27T23:56:30.078148+09:00
Stylist Excerpt,,,failed,False,2026-08-21T01:01:49.387114+09:00
Stylist Fare,,,failed,False,2026-08-21T02:10:13.973101+09:00
Stylist Fee,30.0,2.0,success,False,2026-08-21T01:54:12.034921+09:00
Stylist Feed,,,failed,False,2026-08-19T20:39:50.711958+09:00
Stylist File,,,failed,False,2026-08-19T20:39:07.135209+09:00
Stylist Finder,40.0,20.0,success,False,2026-08-19T00:03:16.369023+09:00
Stylist Fine,,,failed,False,2026-08-23T02:55:10.666436+09:00
Stylist Flag,10.0,,success,False,2026-08-21T00:29:27.962730+09:00
Stylist Flow,,,failed,False,2026-08-17T23:08:52.279570+09:00
Stylist Forge,,,failed,False,2026-08-17T23:24:23.365405+09:00
Stylist Form,20.0,0.0,success,False,2026-08-19T13:21:55.310171+09:00
Stylist Frame,20.0,4.0,success,False,2026-08-17T23:26:52.800903+09:00
Stylist Fund,,,failed,False,2026-08-21T02:25:28.596275+09:00
Stylist Gate,,,failed,False,2026-08-17T23:11:11.238352+09:00
Stylist Giveaway,,,failed,False,2026-08-27T21:16:53.377302+09:00
Stylist Grade,,,failed,False,2026-08-21T00:29:07.557420+09:00
Stylist Grid,,,failed,False,2026-08-17T23:25:53.472363+09:00
Stylist Guarantee,,,failed,False,2026-08-28T01:06:41.346901+09:00
Stylist Guard,,,failed,False,2026-08-17T23:33:03.029797+09:00
Stylist Guardian,10.0,,success,False,2026-08-28T00:25:44.811086+09:00
Stylist Guidebook,,,failed,False,2026-08-18T23:52:14.676112+09:00
Stylist Helpdesk,,,failed,False,2026-08-27T22:48:58.866644+09:00
Stylist Helper,,,failed,False,2026-08-28T00:25:48.742639+09:00
Stylist History,,,failed,False,2026-08-19T20:38:59.819787+09:00
Stylist Hotline,,,failed,False,2026-08-19T21:08:43.971729+09:00
Stylist Hub,10.0,0.0,success,False,2026-08-17T23:33:28.426699+09:00
Stylist Identifier,,,failed,False,2026-08-23T13:07:14.038929+09:00
Stylist Incentive,,,failed,False,2026-08-27T21:16:53.377302+09:00
Stylist Index,,,failed,False,2026-08-19T21:07:51.410434+09:00
Stylist Insight,,,failed,False,2026-08-17T23:32:05.926406+09:00
Stylist Installment,,,failed,False,2026-08-23T16:14:37.846068+09:00
Stylist Item,,,failed,False,2026-08-21T01:54:16.257744+09:00
Stylist Journal,10.0,50.0,success,False,2026-08-18T23:52:14.676112+09:00
Stylist Keeper,,,failed,False,2026-08-17T23:12:45.983083+09:00
Stylist Kit,320.0,46.0,success,False,2026-08-27T22:48:53.744553+09:00
Stylist Lab,10.0,0.0,success,False,2026-08-17T23:09:54.812310+09:00
Stylist Ledger,,,failed,False,2026-08-17T23:08:11.112323+09:00
Stylist Lens,,,failed,False,2026-08-17T23:06:26.824049+09:00
Stylist Level,,,failed,False,2026-08-19T20:39:18.061361+09:00
Stylist Link,,,failed,False,2026-08-23T03:19:26.945614+09:00
Stylist List,20.0,0.0,success,False,2026-08-19T21:51:30.988224+09:00
Stylist Loan,,,failed,False,2026-08-21T02:10:21.556989+09:00
Stylist Locator,10.0,16.0,success,False,2026-08-19T00:03:09.712807+09:00
Stylist Lock,10.0,14.0,success,False,2026-08-17T23:11:50.330995+09:00
Stylist Log,,,failed,False,2026-08-19T13:21:40.944519+09:00
Stylist Loop,,,failed,False,2026-08-17T23:15:22.052615+09:00
Stylist Manager,20.0,6.0,success,False,2026-08-17T23:30:49.193189+09:00
Stylist Manual,,,failed,False,2026-08-27T22:11:31.963952+09:00
Stylist Map,10.0,0.0,success,False,2026-08-17T23:26:36.000104+09:00
Stylist Margin,,,failed,False,2026-08-23T02:55:04.865137+09:00
Stylist Markup,,,failed,False,2026-08-23T16:38:57.916604+09:00
Stylist Memo,,,failed,False,2026-08-21T00:29:15.711468+09:00
Stylist Message,,,failed,False,2026-08-27T23:14:08.485077+09:00
Stylist Meter,,,failed,False,2026-08-17T23:28:58.984040+09:00
Stylist Metrics,,,failed,False,2026-08-17T23:10:52.063537+09:00
Stylist Monitor,,,failed,False,2026-08-17T23:03:37.118721+09:00
Stylist Navigator,,,failed,False,2026-08-17T23:32:37.778770+09:00
Stylist Nexus,,,failed,False,2026-08-17T23:30:19.900529+09:00
Stylist Node,,,failed,False,2026-08-17T23:30:05.459796+09:00
Stylist Note,10.0,0.0,success,False,2026-08-19T13:23:28.561494+09:00
Stylist Notification,,,failed,False,2026-08-27T22:48:53.744553+09:00
Stylist Number,30.0,2.0,success,False,2026-08-23T03:19:21.354912+09:00
Stylist Office,20.0,4.0,success,False,2026-08-19T00:03:29.017691+09:00
Stylist Ops,,,failed,False,2026-08-17T23:07:11.054257+09:00
Stylist Order,,,failed,False,2026-08-19T21:50:52.634082+09:00
Stylist Organizer,10.0,99.0,success,False,2026-08-17T23:31:45.267981+09:00
Stylist Overage,,,failed,False,2026-08-27T21:47:47.331734+09:00
Stylist Overdue,,,failed,False,2026-08-27T21:47:42.128898+09:00
Stylist Panel,10.0,0.0,success,False,2026-08-17T23:28:41.981102+09:00
Stylist Pass,,,failed,False,2026-08-21T00:28:23.086581+09:00
Stylist Path,,,failed,False,2026-08-17T23:04:33.261831+09:00
Stylist Payoff,,,failed,False,2026-08-27T21:47:44.451127+09:00
Stylist Penalty,,,failed,False,2026-08-23T16:38:57.916604+09:00
Stylist Petition,,,failed,False,2026-08-21T01:01:32.949178+09:00
Stylist Pilot,,,failed,False,2026-08-17T22:46:53.613180+09:00
Stylist Plan,,,failed,False,2026-08-21T01:54:29.413822+09:00
Stylist Planner,10.0,100.0,success,False,2026-08-17T23:31:30.005121+09:00
Stylist Playbook,,,failed,False,2026-08-18T23:52:14.676112+09:00
Stylist Point,20.0,1.0,success,False,2026-08-17T23:26:22.390418+09:00
Stylist Portal,,,failed,False,2026-08-17T23:28:19.331420+09:00
Stylist Preview,,,failed,False,2026-08-28T01:06:29.246910+09:00
Stylist Profile,70.0,1.0,success,False,2026-08-19T13:24:10.018965+09:00
Stylist Profit,,,failed,False,2026-08-23T02:54:57.045583+09:00
Stylist Proposal,,,failed,False,2026-08-28T01:06:29.246910+09:00
Stylist Pulse,,,failed,False,2026-08-17T23:10:09.982693+09:00
Stylist Queue,,,failed,False,2026-08-19T21:08:11.674763+09:00
Stylist Quota,,,failed,False,2026-08-21T00:29:21.936028+09:00
Stylist Radar,,,failed,False,2026-08-17T23:10:33.409769+09:00
Stylist Rail,,,failed,False,2026-08-17T23:29:34.686853+09:00
Stylist Rate,,,failed,False,2026-08-19T20:39:26.869721+09:00
Stylist Receipt,,,failed,False,2026-08-19T21:51:10.797801+09:00
Stylist Register,,,failed,False,2026-08-17T23:32:49.252049+09:00
Stylist Registry,,,failed,False,2026-08-18T23:52:14.676112+09:00
Stylist Relay,,,failed,False,2026-08-17T23:23:43.975283+09:00
Stylist Reminder,,,failed,False,2026-08-19T21:07:31.125995+09:00
Stylist Report,,,failed,False,2026-08-19T13:20:58.742668+09:00
Stylist Repository,,,failed,False,2026-08-27T23:14:15.197354+09:00
Stylist Roadmap,,,failed,False,2026-08-18T22:02:54.576094+09:00
Stylist Roster,,,failed,False,2026-08-19T00:38:45.524694+09:00
Stylist Route,,,failed,False,2026-08-17T23:29:14.907859+09:00
Stylist Rule,,,failed,False,2026-08-23T03:19:26.945614+09:00
Stylist Sale,140.0,3.0,success,False,2026-08-21T02:25:39.755040+09:00
Stylist Sample,,,failed,False,2026-08-19T21:52:20.652566+09:00
Stylist Scale,,,failed,False,2026-08-17T23:07:51.294970+09:00
Stylist Scheduler,,,failed,False,2026-08-17T23:09:15.899406+09:00
Stylist Scope,,,failed,False,2026-08-17T23:25:36.258312+09:00
Stylist Score,,,failed,False,2026-08-19T13:23:19.735168+09:00
Stylist Sentry,,,failed,False,2026-08-17T23:30:36.598618+09:00
Stylist Sheet,,,failed,False,2026-08-19T13:22:55.768758+09:00
Stylist Shortfall,,,failed,False,2026-08-27T21:47:50.200871+09:00
Stylist Signal,,,failed,False,2026-08-17T23:25:00.626086+09:00
Stylist Slip,,,failed,False,2026-08-19T21:52:07.578129+09:00
Stylist Slot,,,failed,False,2026-08-19T21:52:31.796696+09:00
Stylist Snapshot,,,failed,False,2026-08-18T23:52:14.676112+09:00
Stylist Stake,,,failed,False,2026-08-23T02:55:02.071314+09:00
Stylist Statement,,,failed,False,2026-08-21T00:28:53.322616+09:00
Stylist Station,2400.0,91.0,success,False,2026-08-17T23:27:50.871251+09:00
Stylist Status,10.0,0.0,success,False,2026-08-19T20:38:36.542684+09:00
Stylist Stub,,,failed,False,2026-08-21T00:28:46.684495+09:00
Stylist Studio,18100.0,2.0,success,False,2026-08-17T23:27:38.183762+09:00
Stylist Subsidy,,,failed,False,2026-08-23T15:51:55.644106+09:00
Stylist Suite,10.0,29.0,success,False,2026-08-17T23:07:32.474026+09:00
Stylist Sum,,,failed,False,2026-08-21T02:25:19.750628+09:00
Stylist Summary,,,failed,False,2026-08-19T21:07:11.433627+09:00
Stylist Surtax,,,failed,False,2026-08-23T15:51:59.728812+09:00
Stylist Sync,,,failed,False,2026-08-17T23:33:13.848442+09:00
Stylist Tab,,,failed,False,2026-08-21T00:29:35.718141+09:00
Stylist Table,30.0,87.0,success,False,2026-08-19T21:51:45.660208+09:00
Stylist Tag,,,failed,False,2026-08-19T13:23:46.954730+09:00
Stylist Tally,,,failed,False,2026-08-21T00:29:02.215162+09:00
Stylist Tariff,,,failed,False,2026-08-21T02:40:47.085181+09:00
Stylist Tax,10.0,19.0,success,False,2026-08-21T02:10:17.497387+09:00
Stylist Ticket,,,failed,False,2026-08-19T21:08:00.939328+09:00
Stylist Timeline,,,failed,False,2026-08-19T21:07:21.562422+09:00
Stylist Timer,,,failed,False,2026-08-28T00:25:42.430031+09:00
Stylist Toll,,,failed,False,2026-08-21T02:40:41.069615+09:00
Stylist Toolbox,10.0,83.0,success,False,2026-08-28T00:25:44.811086+09:00
Stylist Toolkit,,,failed,False,2026-08-18T23:52:14.676112+09:00
Stylist Total,,,failed,False,2026-08-27T23:14:08.485077+09:00
Stylist Tracker,10.0,,success,False,2026-08-17T23:14:07.437972+09:00
Stylist Trail,,,failed,False,2026-08-17T23:09:34.502992+09:00
Stylist Trend,,,failed,False,2026-08-28T01:06:23.726095+09:00
Stylist Trial,,,failed,False,2026-08-27T21:16:49.739310+09:00
Stylist Unit,,,failed,False,2026-08-21T01:54:20.819048+09:00
Stylist Update,,,failed,False,2026-08-19T20:39:35.461909+09:00
Stylist Value,,,failed,False,2026-08-23T02:54:59.727215+09:00
Stylist Vault,,,failed,False,2026-08-17T23:04:52.831664+09:00
Stylist Version,,,failed,False,2026-08-23T03:19:24.648506+09:00
Stylist View,,,failed,False,2026-08-19T20:38:50.239529+09:00
Stylist Voucher,,,failed,False,2026-08-21T00:28:32.365756+09:00
Stylist Watch,110.0,100.0,success,False,2026-08-17T23:08:30.361207+09:00
Stylist Wave,,,failed,False,2026-08-17T23:26:08.164356+09:00
Stylist Widget,,,failed,False,2026-08-27T23:14:12.324093+09:00
Stylist Workbench,,,failed,False,2026-08-18T23:52:14.676112+09:00
Stylist Worksheet,,,failed,False,2026-08-27T22:11:31.963952+09:00
Stylist Workshop,40.0,12.0,success,False,2026-08-28T00:25:42.430031+09:00
Stylist Zone,,,failed,False,2026-08-17T23:11:28.950122+09:00
Subcontractor Advance,,,failed,False,2026-08-23T16:12:05.670450+09:00
Subcontractor Advisory,,,failed,False,2026-08-21T01:07:54.087465+09:00
Subcontractor Allowance,,,failed,False,2026-08-21T02:45:31.753294+09:00
Subcontractor Almanac,,,failed,False,2026-08-18T22:06:52.142585+09:00
Subcontractor Analyzer,,,failed,False,2026-08-27T23:53:29.478686+09:00
Subcontractor Anchor,,,failed,False,2026-08-17T20:43:01.991108+09:00
Subcontractor Arrears,,,failed,False,2026-08-23T16:12:01.471109+09:00
Subcontractor Assistant,,,failed,False,2026-08-17T23:10:33.409769+09:00
Subcontractor Atlas,,,failed,False,2026-08-17T20:33:47.539654+09:00
Subcontractor Attribute,,,failed,False,2026-08-23T13:04:54.297618+09:00
Subcontractor Badge,,,failed,False,2026-08-21T00:34:51.514854+09:00
Subcontractor Balance,,,failed,False,2026-08-23T13:45:39.021067+09:00
Subcontractor Base,,,failed,False,2026-08-18T07:52:33.463903+09:00
Subcontractor Beacon,,,failed,False,2026-08-17T20:46:51.703605+09:00
Subcontractor Bill,30.0,5.0,success,False,2026-08-19T22:00:08.446877+09:00
Subcontractor Blueprint,,,failed,False,2026-08-18T22:06:43.515975+09:00
Subcontractor Board,,,failed,False,2026-08-17T21:37:30.311680+09:00
Subcontractor Book,,,failed,False,2026-08-19T22:00:58.577087+09:00
Subcontractor Bridge,,,failed,False,2026-08-17T20:43:58.581518+09:00
Subcontractor Brief,,,failed,False,2026-08-21T01:07:47.643040+09:00
Subcontractor Bulletin,,,failed,False,2026-08-21T01:07:45.419245+09:00
Subcontractor Cabinet,,,failed,False,2026-08-27T23:11:39.748613+09:00
Subcontractor Calendar,,,failed,False,2026-08-19T00:03:31.307926+09:00
Subcontractor Card,10.0,24.0,success,False,2026-08-19T13:29:07.755274+09:00
Subcontractor Cascade,,,failed,False,2026-08-17T20:44:45.631544+09:00
Subcontractor Cash,,,failed,False,2026-08-21T02:30:33.788820+09:00
Subcontractor Cashback,,,failed,False,2026-08-27T21:14:19.073158+09:00
Subcontractor Catalog,,,failed,False,2026-08-19T21:17:21.944279+09:00
Subcontractor Category,,,failed,False,2026-08-23T13:04:50.850524+09:00
Subcontractor Center,,,failed,False,2026-08-17T21:30:57.458125+09:00
Subcontractor Chain,,,failed,False,2026-08-17T20:38:24.877008+09:00
Subcontractor Charge,,,failed,False,2026-08-21T02:45:23.002534+09:00
Subcontractor Check,,,failed,False,2026-08-19T13:29:35.607135+09:00
Subcontractor Checker,,,failed,False,2026-08-27T23:53:23.914629+09:00
Subcontractor Checklist,30.0,14.0,success,False,2026-08-19T21:16:19.911294+09:00
Subcontractor Circular,,,failed,False,2026-08-21T01:07:51.915989+09:00
Subcontractor Cockpit,,,failed,False,2026-08-17T23:24:49.201687+09:00
Subcontractor Code,,,failed,False,2026-08-19T22:00:29.201659+09:00
Subcontractor Codex,,,failed,False,2026-08-18T22:07:07.445674+09:00
Subcontractor Companion,,,failed,False,2026-08-17T23:08:34.451093+09:00
Subcontractor Comparison,,,failed,False,2026-08-28T01:03:55.063070+09:00
Subcontractor Compass,,,failed,False,2026-08-17T20:48:06.680156+09:00
Subcontractor Compendium,,,failed,False,2026-08-18T22:07:01.170489+09:00
Subcontractor Confirmation,,,failed,False,2026-08-21T01:08:04.647718+09:00
Subcontractor Console,,,failed,False,2026-08-17T20:46:12.433556+09:00
Subcontractor Contribution,,,failed,False,2026-08-23T16:11:58.973572+09:00
Subcontractor Core,,,failed,False,2026-08-17T21:40:51.783967+09:00
Subcontractor Cost,170.0,2.0,success,False,2026-08-21T02:14:27.987170+09:00
Subcontractor Count,,,failed,False,2026-08-27T22:46:27.298392+09:00
Subcontractor Counter,,,failed,False,2026-08-19T00:04:18.277485+09:00
Subcontractor Coupon,,,failed,False,2026-08-27T21:14:16.452058+09:00
Subcontractor Dashboard,,,failed,False,2026-08-17T23:13:49.973223+09:00
Subcontractor Deal,,,failed,False,2026-08-21T01:59:13.927606+09:00
Subcontractor Debt,10.0,,success,False,2026-08-21T02:30:27.978125+09:00
Subcontractor Deck,,,failed,False,2026-08-17T21:36:26.445152+09:00
Subcontractor Depot,,,failed,False,2026-08-19T00:04:01.106556+09:00
Subcontractor Desk,,,failed,False,2026-08-17T21:33:42.291802+09:00
Subcontractor Detail,,,failed,False,2026-08-23T03:14:59.429482+09:00
Subcontractor Detector,,,failed,False,2026-08-27T23:53:29.478686+09:00
Subcontractor Diagram,,,failed,False,2026-08-27T22:08:28.855798+09:00
Subcontractor Dial,,,failed,False,2026-08-17T20:44:21.106446+09:00
Subcontractor Digest,,,failed,False,2026-08-19T20:44:35.831978+09:00
Subcontractor Directory,20.0,42.0,success,False,2026-08-19T00:03:38.462918+09:00
Subcontractor Discount,,,failed,False,2026-08-23T16:11:56.492802+09:00
Subcontractor Dock,,,failed,False,2026-08-17T20:41:00.568700+09:00
Subcontractor Dossier,,,failed,False,2026-08-21T01:08:06.645069+09:00
Subcontractor Downpayment,,,failed,False,2026-08-27T21:46:21.323370+09:00
Subcontractor Draft,,,failed,False,2026-08-19T20:44:50.684915+09:00
Subcontractor Due,,,failed,False,2026-08-23T15:50:40.596656+09:00
Subcontractor Duty,,,failed,False,2026-08-21T02:45:25.368857+09:00
Subcontractor Engine,,,failed,False,2026-08-17T23:23:26.681151+09:00
Subcontractor Entry,,,failed,False,2026-08-21T01:08:20.285219+09:00
Subcontractor Estimate,,,failed,False,2026-08-19T21:17:11.439811+09:00
Subcontractor Estimator,10.0,10.0,success,False,2026-08-27T23:53:21.557901+09:00
Subcontractor Excerpt,,,failed,False,2026-08-21T01:08:15.676788+09:00
Subcontractor Extension,,,failed,False,2026-08-23T16:37:40.797403+09:00
Subcontractor Fare,,,failed,False,2026-08-21T02:14:36.179977+09:00
Subcontractor Fee,90.0,0.0,success,False,2026-08-21T01:59:00.317369+09:00
Subcontractor Feed,,,failed,False,2026-08-19T20:44:44.192245+09:00
Subcontractor Field,,,failed,False,2026-08-23T13:05:00.300804+09:00
Subcontractor File,,,failed,False,2026-08-19T20:44:03.742658+09:00
Subcontractor Finder,20.0,67.0,success,False,2026-08-19T00:03:53.943426+09:00
Subcontractor Fine,,,failed,False,2026-08-23T02:52:26.045301+09:00
Subcontractor Flag,,,failed,False,2026-08-21T00:35:11.745138+09:00
Subcontractor Flow,,,failed,False,2026-08-17T21:36:52.396982+09:00
Subcontractor Forge,,,failed,False,2026-08-17T20:45:48.787557+09:00
Subcontractor Form,260.0,33.0,success,False,2026-08-19T13:28:58.111204+09:00
Subcontractor Format,,,failed,False,2026-08-23T13:05:04.506045+09:00
Subcontractor Frame,,,failed,False,2026-08-18T07:52:25.028656+09:00
Subcontractor Fund,,,failed,False,2026-08-21T02:30:30.378357+09:00
Subcontractor Gate,,,failed,False,2026-08-17T20:35:38.392873+09:00
Subcontractor Giveaway,,,failed,False,2026-08-27T21:14:25.842421+09:00
Subcontractor Grade,,,failed,False,2026-08-21T00:35:03.505181+09:00
Subcontractor Graph,,,failed,False,2026-08-27T22:08:21.698192+09:00
Subcontractor Grid,,,failed,False,2026-08-17T20:38:53.767345+09:00
Subcontractor Guarantee,,,failed,False,2026-08-28T01:04:04.391433+09:00
Subcontractor Guard,,,failed,False,2026-08-17T21:41:31.698252+09:00
Subcontractor Guardian,,,failed,False,2026-08-28T00:23:21.269207+09:00
Subcontractor Guidebook,,,failed,False,2026-08-18T22:06:25.984558+09:00
Subcontractor Helpdesk,,,failed,False,2026-08-27T22:46:27.298392+09:00
Subcontractor Helper,,,failed,False,2026-08-28T00:23:24.069179+09:00
Subcontractor History,,,failed,False,2026-08-19T20:43:57.147560+09:00
Subcontractor Hotline,,,failed,False,2026-08-19T21:17:31.409694+09:00
Subcontractor Hub,880.0,19.0,success,False,2026-08-17T21:35:52.306880+09:00
Subcontractor Identifier,,,failed,False,2026-08-23T13:04:48.308189+09:00
Subcontractor Incentive,,,failed,False,2026-08-27T21:14:25.842421+09:00
Subcontractor Index,,,failed,False,2026-08-19T21:16:30.496623+09:00
Subcontractor Insight,,,failed,False,2026-08-17T23:24:23.365405+09:00
Subcontractor Installment,,,failed,False,2026-08-23T16:11:56.492802+09:00
Subcontractor Item,,,failed,False,2026-08-21T01:59:06.761411+09:00
Subcontractor Journal,,,failed,False,2026-08-18T22:06:05.649081+09:00
Subcontractor Keeper,,,failed,False,2026-08-17T20:31:33.560642+09:00
Subcontractor Kit,,,failed,False,2026-08-27T22:46:20.664142+09:00
Subcontractor Lab,,,failed,False,2026-08-17T21:34:17.965302+09:00
Subcontractor Label,,,failed,False,2026-08-27T22:08:21.698192+09:00
Subcontractor Ledger,10.0,4.0,success,False,2026-08-17T21:38:35.218560+09:00
Subcontractor Lens,,,failed,False,2026-08-17T20:32:07.300250+09:00
Subcontractor Level,,,failed,False,2026-08-19T20:44:10.013145+09:00
Subcontractor Levy,,,failed,False,2026-08-23T13:45:43.063828+09:00
Subcontractor Link,,,failed,False,2026-08-23T03:14:51.168783+09:00
Subcontractor List,170.0,8.0,success,False,2026-08-19T22:00:41.038270+09:00
Subcontractor Loan,,,failed,False,2026-08-21T02:14:45.406179+09:00
Subcontractor Locator,,,failed,False,2026-08-19T00:03:43.919454+09:00
Subcontractor Lock,,,failed,False,2026-08-17T20:34:16.019094+09:00
Subcontractor Log,10.0,11.0,success,False,2026-08-19T13:28:46.213071+09:00
Subcontractor Loop,,,failed,False,2026-08-17T20:39:49.091027+09:00
Subcontractor Manager,140.0,4.0,success,False,2026-08-18T07:53:01.701423+09:00
Subcontractor Manual,,,failed,False,2026-08-27T22:08:24.051026+09:00
Subcontractor Map,,,failed,False,2026-08-17T20:33:16.020559+09:00
Subcontractor Margin,,,failed,False,2026-08-23T02:52:23.717366+09:00
Subcontractor Markup,30.0,4.0,success,False,2026-08-23T16:37:37.262949+09:00
Subcontractor Memo,,,failed,False,2026-08-21T00:35:07.163921+09:00
Subcontractor Meter,,,failed,False,2026-08-17T20:43:30.530213+09:00
Subcontractor Metrics,,,failed,False,2026-08-17T23:06:48.111245+09:00
Subcontractor Monitor,,,failed,False,2026-08-17T23:12:08.094400+09:00
Subcontractor Navigator,,,failed,False,2026-08-17T23:25:05.910381+09:00
Subcontractor Nexus,,,failed,False,2026-08-17T20:34:38.143389+09:00
Subcontractor Node,,,failed,False,2026-08-17T20:36:35.862750+09:00
Subcontractor Note,,,failed,False,2026-08-19T13:30:02.018673+09:00
Subcontractor Notification,,,failed,False,2026-08-27T22:46:12.811571+09:00
Subcontractor Number,10.0,5.0,success,False,2026-08-23T03:14:42.643964+09:00
Subcontractor Office,,,failed,False,2026-08-19T00:04:11.501446+09:00
Subcontractor Ops,,,failed,False,2026-08-17T23:15:25.442488+09:00
Subcontractor Order,30.0,0.0,success,False,2026-08-19T21:59:55.438905+09:00
Subcontractor Organizer,,,failed,False,2026-08-17T23:24:03.266981+09:00
Subcontractor Overage,,,failed,False,2026-08-27T21:46:21.323370+09:00
Subcontractor Overdraft,,,failed,False,2026-08-23T15:50:42.648286+09:00
Subcontractor Overdue,,,failed,False,2026-08-27T21:46:18.010185+09:00
Subcontractor Panel,,,failed,False,2026-08-17T20:45:24.269018+09:00
Subcontractor Pass,,,failed,False,2026-08-21T00:34:42.810397+09:00
Subcontractor Path,,,failed,False,2026-08-17T20:36:06.570384+09:00
Subcontractor Payoff,,,failed,False,2026-08-27T21:46:18.010185+09:00
Subcontractor Penalty,,,failed,False,2026-08-23T16:37:37.262949+09:00
Subcontractor Petition,,,failed,False,2026-08-21T01:07:58.607843+09:00
Subcontractor Pilot,,,failed,False,2026-08-17T21:34:50.586670+09:00
Subcontractor Plan,10.0,0.0,success,False,2026-08-21T01:59:11.823228+09:00
Subcontractor Planner,,,failed,False,2026-08-17T23:23:43.975283+09:00
Subcontractor Playbook,,,failed,False,2026-08-18T22:05:57.658157+09:00
Subcontractor Point,,,failed,False,2026-08-17T20:35:08.080059+09:00
Subcontractor Portal,110.0,23.0,success,False,2026-08-17T20:47:25.656493+09:00
Subcontractor Post,,,failed,False,2026-08-19T00:23:43.046041+09:00
Subcontractor Profile,10.0,29.0,success,False,2026-08-19T13:30:35.292295+09:00
Subcontractor Profit,,,failed,False,2026-08-23T02:58:49.315026+09:00
Subcontractor Proposal,20.0,24.0,success,False,2026-08-28T01:04:00.519509+09:00
Subcontractor Pulse,,,failed,False,2026-08-17T20:38:03.705761+09:00
Subcontractor Queue,,,failed,False,2026-08-19T21:16:57.743794+09:00
Subcontractor Radar,,,failed,False,2026-08-17T21:32:45.123730+09:00
Subcontractor Rail,,,failed,False,2026-08-17T20:40:15.034726+09:00
Subcontractor Rank,,,failed,False,2026-08-28T00:47:00.263771+09:00
Subcontractor Rate,40.0,3.0,success,False,2026-08-19T20:44:19.706681+09:00
Subcontractor Recap,,,failed,False,2026-08-21T01:08:10.104042+09:00
Subcontractor Receipt,10.0,31.0,success,False,2026-08-19T22:00:20.280558+09:00
Subcontractor Recorder,,,failed,False,2026-08-27T23:33:31.795696+09:00
Subcontractor Register,880.0,12.0,success,False,2026-08-17T23:25:39.196440+09:00
Subcontractor Registry,,,failed,False,2026-08-18T22:06:35.395449+09:00
Subcontractor Relay,,,failed,False,2026-08-17T21:31:33.014186+09:00
Subcontractor Reminder,,,failed,False,2026-08-19T21:16:08.184183+09:00
Subcontractor Report,40.0,7.0,success,False,2026-08-19T13:28:36.830433+09:00
Subcontractor Repository,,,failed,False,2026-08-27T23:11:42.330738+09:00
Subcontractor Roadmap,,,failed,False,2026-08-18T22:07:16.682645+09:00
Subcontractor Roster,,,failed,False,2026-08-19T00:36:48.669353+09:00
Subcontractor Route,,,failed,False,2026-08-17T20:41:50.983322+09:00
Subcontractor Rule,,,failed,False,2026-08-23T03:14:55.080924+09:00
Subcontractor Sale,,,failed,False,2026-08-21T02:30:37.873895+09:00
Subcontractor Sample,,,failed,False,2026-08-19T22:01:17.483163+09:00
Subcontractor Scale,,,failed,False,2026-08-17T20:42:36.789908+09:00
Subcontractor Scanner,,,failed,False,2026-08-27T23:53:26.856284+09:00
Subcontractor Scheduler,10.0,31.0,success,False,2026-08-17T23:04:56.078956+09:00
Subcontractor Scope,,,failed,False,2026-08-17T20:40:36.395454+09:00
Subcontractor Score,,,failed,False,2026-08-19T13:29:52.884526+09:00
Subcontractor Sentry,,,failed,False,2026-08-17T20:32:44.310093+09:00
Subcontractor Sheet,,,failed,False,2026-08-19T13:29:22.570342+09:00
Subcontractor Shortfall,,,failed,False,2026-08-27T21:46:26.203739+09:00
Subcontractor Signal,,,failed,False,2026-08-17T20:42:11.427186+09:00
Subcontractor Signature,,,failed,False,2026-08-23T13:26:35.864064+09:00
Subcontractor Slip,,,failed,False,2026-08-19T22:01:08.341225+09:00
Subcontractor Slot,,,failed,False,2026-08-19T22:01:27.807092+09:00
Subcontractor Snapshot,,,failed,False,2026-08-18T22:06:14.738388+09:00
Subcontractor Stage,,,failed,False,2026-08-28T00:46:47.850580+09:00
Subcontractor Stake,,,failed,False,2026-08-23T02:58:53.611200+09:00
Subcontractor Stamp,,,failed,False,2026-08-23T13:26:38.136224+09:00
Subcontractor Statement,720.0,11.0,success,False,2026-08-21T00:34:59.250399+09:00
Subcontractor Station,,,failed,False,2026-08-17T21:33:17.550972+09:00
Subcontractor Status,10.0,0.0,success,False,2026-08-19T20:43:41.671766+09:00
Subcontractor Stub,,,failed,False,2026-08-21T00:34:57.023815+09:00
Subcontractor Studio,,,failed,False,2026-08-17T21:35:20.515813+09:00
Subcontractor Subsidy,,,failed,False,2026-08-23T15:50:44.796371+09:00
Subcontractor Suite,,,failed,False,2026-08-17T22:46:57.477508+09:00
Subcontractor Sum,,,failed,False,2026-08-21T02:30:24.474717+09:00
Subcontractor Summary,,,failed,False,2026-08-19T21:15:46.366866+09:00
Subcontractor Surtax,,,failed,False,2026-08-23T15:50:46.818166+09:00
Subcontractor Sync,,,failed,False,2026-08-17T21:38:03.717082+09:00
Subcontractor Tab,,,failed,False,2026-08-21T00:35:13.915986+09:00
Subcontractor Table,,,failed,False,2026-08-19T22:00:47.598420+09:00
Subcontractor Tag,,,failed,False,2026-08-19T13:30:13.142544+09:00
Subcontractor Tariff,,,failed,False,2026-08-21T02:45:36.117852+09:00
Subcontractor Tax,210.0,16.0,success,False,2026-08-21T02:14:40.877635+09:00
Subcontractor Ticket,,,failed,False,2026-08-19T21:16:45.147013+09:00
Subcontractor Tier,,,failed,False,2026-08-28T00:46:54.511345+09:00
Subcontractor Timeline,,,failed,False,2026-08-19T21:15:58.285929+09:00
Subcontractor Timer,,,failed,False,2026-08-28T00:23:14.492376+09:00
Subcontractor Token,,,failed,False,2026-08-23T13:26:32.402839+09:00
Subcontractor Toll,,,failed,False,2026-08-21T02:45:28.044980+09:00
Subcontractor Toolbox,,,failed,False,2026-08-28T00:23:21.269207+09:00
Subcontractor Toolkit,,,failed,False,2026-08-18T22:05:47.884963+09:00
Subcontractor Total,,,failed,False,2026-08-27T23:11:34.108403+09:00
Subcontractor Tracker,,,failed,False,2026-08-17T21:39:28.354494+09:00
Subcontractor Trail,,,failed,False,2026-08-17T20:39:20.129592+09:00
Subcontractor Trend,,,failed,False,2026-08-28T01:03:51.516264+09:00
Subcontractor Trial,,,failed,False,2026-08-27T21:14:19.073158+09:00
Subcontractor Unit,,,failed,False,2026-08-21T01:59:08.747160+09:00
Subcontractor Update,,,failed,False,2026-08-19T20:44:26.671038+09:00
Subcontractor Value,,,failed,False,2026-08-23T02:58:49.315026+09:00
Subcontractor Vault,,,failed,False,2026-08-17T21:30:24.502544+09:00
Subcontractor View,,,failed,False,2026-08-19T20:43:52.054689+09:00
Subcontractor Voucher,,,failed,False,2026-08-21T00:34:47.254019+09:00
Subcontractor Wallet,,,failed,False,2026-08-27T22:46:23.139331+09:00
Subcontractor Watch,,,failed,False,2026-08-17T20:41:20.787117+09:00
Subcontractor Wave,,,failed,False,2026-08-17T20:37:03.531282+09:00
Subcontractor Widget,,,failed,False,2026-08-27T23:11:34.108403+09:00
Subcontractor Workbench,,,failed,False,2026-08-18T22:05:40.235062+09:00
Subcontractor Worksheet,,,failed,False,2026-08-27T22:08:26.678137+09:00
Subcontractor Workshop,,,failed,False,2026-08-28T00:23:17.850587+09:00
Subcontractor Zone,,,failed,False,2026-08-17T20:48:44.119140+09:00
Subrogation Advisory,,,failed,False,2026-08-21T01:02:59.724963+09:00
Subrogation Allowance,,,failed,False,2026-08-21T02:43:19.046773+09:00
Subrogation Almanac,,,failed,False,2026-08-18T22:05:59.558657+09:00
Subrogation Analyzer,,,failed,False,2026-08-27T23:54:32.984482+09:00
Subrogation Anchor,,,failed,False,2026-08-17T20:32:17.131006+09:00
Subrogation Asset,,,failed,False,2026-08-23T13:48:40.375741+09:00
Subrogation Assistant,10.0,0.0,success,False,2026-08-17T23:09:23.779987+09:00
Subrogation Atlas,,,failed,False,2026-08-17T21:31:46.266854+09:00
Subrogation Attribute,,,failed,False,2026-08-23T13:09:35.316031+09:00
Subrogation Badge,,,failed,False,2026-08-21T00:28:13.699286+09:00
Subrogation Balance,,,failed,False,2026-08-23T13:48:38.413472+09:00
Subrogation Base,,,failed,False,2026-08-17T20:46:23.888336+09:00
Subrogation Beacon,,,failed,False,2026-08-17T20:36:14.881787+09:00
Subrogation Bill,,,failed,False,2026-08-19T22:07:52.466558+09:00
Subrogation Blueprint,,,failed,False,2026-08-18T22:05:52.087342+09:00
Subrogation Board,,,failed,False,2026-08-17T20:43:38.857738+09:00
Subrogation Book,,,failed,False,2026-08-19T21:46:45.064278+09:00
Subrogation Bridge,,,failed,False,2026-08-17T20:33:27.108642+09:00
Subrogation Brief,,,failed,False,2026-08-21T01:01:56.777468+09:00
Subrogation Bulletin,,,failed,False,2026-08-21T01:01:49.387114+09:00
Subrogation Cabinet,,,failed,False,2026-08-27T23:12:05.738890+09:00
Subrogation Calculator,,,failed,False,2026-08-27T23:33:49.410538+09:00
Subrogation Calendar,,,failed,False,2026-08-19T00:05:27.512092+09:00
Subrogation Card,,,failed,False,2026-08-19T13:29:43.800182+09:00
Subrogation Cascade,,,failed,False,2026-08-17T20:34:22.385109+09:00
Subrogation Cash,,,failed,False,2026-08-21T02:27:33.001702+09:00
Subrogation Category,,,failed,False,2026-08-23T13:09:32.906091+09:00
Subrogation Center,,,failed,False,2026-08-17T20:38:35.163236+09:00
Subrogation Chain,,,failed,False,2026-08-17T21:37:02.739524+09:00
Subrogation Charge,,,failed,False,2026-08-21T02:43:10.515094+09:00
Subrogation Check,,,failed,False,2026-08-19T13:30:05.934954+09:00
Subrogation Checker,,,failed,False,2026-08-27T23:54:27.974840+09:00
Subrogation Circular,,,failed,False,2026-08-21T01:02:54.788235+09:00
Subrogation Cockpit,,,failed,False,2026-08-17T23:32:42.825846+09:00
Subrogation Code,,,failed,False,2026-08-19T21:46:07.673702+09:00
Subrogation Codex,,,failed,False,2026-08-18T22:06:18.385841+09:00
Subrogation Companion,,,failed,False,2026-08-17T23:07:22.346415+09:00
Subrogation Comparison,,,failed,False,2026-08-28T01:05:06.027579+09:00
Subrogation Compass,,,failed,False,2026-08-17T20:37:15.920679+09:00
Subrogation Compendium,,,failed,False,2026-08-18T22:06:09.670880+09:00
Subrogation Confirmation,,,failed,False,2026-08-21T01:02:13.283707+09:00
Subrogation Console,,,failed,False,2026-08-17T20:35:48.969093+09:00
Subrogation Core,,,failed,False,2026-08-17T20:45:32.525368+09:00
Subrogation Cost,,,failed,False,2026-08-21T02:11:23.948204+09:00
Subrogation Count,,,failed,False,2026-08-27T22:46:48.643972+09:00
Subrogation Counter,,,failed,False,2026-08-18T23:57:42.935137+09:00
Subrogation Dashboard,,,failed,False,2026-08-17T23:12:34.850967+09:00
Subrogation Deal,,,failed,False,2026-08-21T01:55:44.868962+09:00
Subrogation Debt,30.0,1.0,success,False,2026-08-21T02:27:26.146379+09:00
Subrogation Deck,,,failed,False,2026-08-17T20:42:46.441273+09:00
Subrogation Depot,,,failed,False,2026-08-18T23:57:26.188855+09:00
Subrogation Desk,,,failed,False,2026-08-17T20:40:46.604989+09:00
Subrogation Detail,,,failed,False,2026-08-23T03:23:15.682212+09:00
Subrogation Detector,,,failed,False,2026-08-27T23:54:30.615711+09:00
Subrogation Diagram,10.0,0.0,success,False,2026-08-27T22:08:28.855798+09:00
Subrogation Dial,,,failed,False,2026-08-17T20:33:56.397010+09:00
Subrogation Digest,,,failed,False,2026-08-19T20:46:33.393422+09:00
Subrogation Directory,,,failed,False,2026-08-19T00:05:31.654702+09:00
Subrogation Dock,,,failed,False,2026-08-17T21:41:42.015478+09:00
Subrogation Dossier,,,failed,False,2026-08-21T01:02:18.161248+09:00
Subrogation Draft,,,failed,False,2026-08-19T20:46:44.181940+09:00
Subrogation Due,,,failed,False,2026-08-23T15:50:19.459391+09:00
Subrogation Duty,,,failed,False,2026-08-21T02:43:14.426169+09:00
Subrogation Engine,,,failed,False,2026-08-17T23:31:35.615532+09:00
Subrogation Entry,,,failed,False,2026-08-21T01:03:16.580684+09:00
Subrogation Estimate,,,failed,False,2026-08-19T21:32:30.611292+09:00
Subrogation Estimator,,,failed,False,2026-08-27T23:54:25.594721+09:00
Subrogation Excerpt,,,failed,False,2026-08-21T01:03:12.514083+09:00
Subrogation Fare,,,failed,False,2026-08-21T02:11:30.479876+09:00
Subrogation Fee,,,failed,False,2026-08-21T01:55:28.445824+09:00
Subrogation Feed,,,failed,False,2026-08-19T20:46:39.045000+09:00
Subrogation Field,,,failed,False,2026-08-23T13:09:37.494287+09:00
Subrogation File,,,failed,False,2026-08-19T20:46:10.724712+09:00
Subrogation Finder,,,failed,False,2026-08-18T23:57:13.406878+09:00
Subrogation Fine,,,failed,False,2026-08-23T02:57:34.451765+09:00
Subrogation Flag,,,failed,False,2026-08-21T00:29:05.314041+09:00
Subrogation Flow,,,failed,False,2026-08-17T20:43:14.638625+09:00
Subrogation Forge,,,failed,False,2026-08-17T20:35:16.626138+09:00
Subrogation Form,260.0,1.0,success,False,2026-08-19T13:29:29.454455+09:00
Subrogation Format,,,failed,False,2026-08-23T13:09:39.563884+09:00
Subrogation Frame,,,failed,False,2026-08-17T20:47:39.394205+09:00
Subrogation Fund,,,failed,False,2026-08-21T02:27:29.296336+09:00
Subrogation Gate,,,failed,False,2026-08-17T21:33:56.834131+09:00
Subrogation Generator,,,failed,False,2026-08-27T23:33:53.153275+09:00
Subrogation Grade,,,failed,False,2026-08-21T00:28:42.115555+09:00
Subrogation Graph,,,failed,False,2026-08-27T22:08:16.098998+09:00
Subrogation Grid,,,failed,False,2026-08-17T21:37:42.380657+09:00
Subrogation Guarantee,10.0,0.0,success,False,2026-08-28T01:05:14.146226+09:00
Subrogation Guard,,,failed,False,2026-08-17T20:45:54.147634+09:00
Subrogation Guardian,,,failed,False,2026-08-28T00:24:17.222604+09:00
Subrogation Guidebook,,,failed,False,2026-08-18T22:05:33.744970+09:00
Subrogation Helpdesk,,,failed,False,2026-08-27T22:46:48.643972+09:00
Subrogation Helper,,,failed,False,2026-08-28T00:24:22.351196+09:00
Subrogation History,,,failed,False,2026-08-19T20:46:06.697629+09:00
Subrogation Hub,,,failed,False,2026-08-17T20:42:16.988485+09:00
Subrogation Identifier,,,failed,False,2026-08-23T13:09:32.906091+09:00
Subrogation Index,,,failed,False,2026-08-19T21:32:26.609245+09:00
Subrogation Insight,,,failed,False,2026-08-17T23:32:28.634296+09:00
Subrogation Interest,90.0,3.0,success,False,2026-08-23T13:48:40.375741+09:00
Subrogation Item,,,failed,False,2026-08-21T01:55:30.531800+09:00
Subrogation Journal,,,failed,False,2026-08-18T22:05:15.577232+09:00
Subrogation Keeper,,,failed,False,2026-08-17T20:48:18.389398+09:00
Subrogation Kit,,,failed,False,2026-08-27T22:46:40.495541+09:00
Subrogation Lab,,,failed,False,2026-08-17T20:41:08.316613+09:00
Subrogation Ledger,,,failed,False,2026-08-17T20:44:27.303320+09:00
Subrogation Lens,,,failed,False,2026-08-17T21:30:02.792774+09:00
Subrogation Level,,,failed,False,2026-08-19T20:46:16.448832+09:00
Subrogation Link,,,failed,False,2026-08-23T03:23:07.645674+09:00
Subrogation List,,,failed,False,2026-08-19T21:46:20.188818+09:00
Subrogation Loan,30.0,0.0,success,False,2026-08-21T02:11:38.732794+09:00
Subrogation Locator,,,failed,False,2026-08-18T23:57:00.632523+09:00
Subrogation Lock,,,failed,False,2026-08-17T21:32:23.259221+09:00
Subrogation Log,,,failed,False,2026-08-19T13:29:15.231319+09:00
Subrogation Loop,,,failed,False,2026-08-17T21:39:02.253193+09:00
Subrogation Manager,20.0,15.0,success,False,2026-08-17T20:47:00.954455+09:00
Subrogation Manual,,,failed,False,2026-08-27T22:08:24.051026+09:00
Subrogation Map,,,failed,False,2026-08-17T21:31:08.679950+09:00
Subrogation Memo,,,failed,False,2026-08-21T00:28:49.114338+09:00
Subrogation Message,,,failed,False,2026-08-27T23:11:58.068235+09:00
Subrogation Meter,,,failed,False,2026-08-17T20:32:53.240136+09:00
Subrogation Metrics,,,failed,False,2026-08-17T23:05:30.117127+09:00
Subrogation Monitor,,,failed,False,2026-08-17T23:11:00.543955+09:00
Subrogation Navigator,,,failed,False,2026-08-17T23:32:55.929904+09:00
Subrogation Nexus,,,failed,False,2026-08-17T21:32:57.336519+09:00
Subrogation Node,,,failed,False,2026-08-17T21:35:00.218033+09:00
Subrogation Note,,,failed,False,2026-08-19T13:30:39.417389+09:00
Subrogation Notification,,,failed,False,2026-08-27T22:46:40.495541+09:00
Subrogation Number,,,failed,False,2026-08-23T03:23:00.689817+09:00
Subrogation Office,,,failed,False,2026-08-18T23:57:35.193051+09:00
Subrogation Ops,,,failed,False,2026-08-17T23:14:16.588426+09:00
Subrogation Order,,,failed,False,2026-08-19T22:07:28.246340+09:00
Subrogation Organizer,,,failed,False,2026-08-17T23:32:15.494443+09:00
Subrogation Overdue,,,failed,False,2026-08-27T21:46:18.010185+09:00
Subrogation Panel,,,failed,False,2026-08-17T20:34:46.285590+09:00
Subrogation Pass,,,failed,False,2026-08-21T00:27:55.902205+09:00
Subrogation Path,,,failed,False,2026-08-17T21:34:28.165323+09:00
Subrogation Payoff,,,failed,False,2026-08-27T21:46:18.010185+09:00
Subrogation Petition,,,failed,False,2026-08-21T01:02:11.159896+09:00
Subrogation Pilot,,,failed,False,2026-08-17T20:41:30.101842+09:00
Subrogation Plan,,,failed,False,2026-08-21T01:55:42.683026+09:00
Subrogation Planner,,,failed,False,2026-08-17T23:31:53.116535+09:00
Subrogation Playbook,,,failed,False,2026-08-18T22:05:08.323728+09:00
Subrogation Point,,,failed,False,2026-08-17T21:33:24.629057+09:00
Subrogation Portal,,,failed,False,2026-08-17T20:36:47.157974+09:00
Subrogation Preview,,,failed,False,2026-08-28T01:05:08.626878+09:00
Subrogation Profile,,,failed,False,2026-08-19T13:30:54.229704+09:00
Subrogation Profit,,,failed,False,2026-08-23T02:57:27.142882+09:00
Subrogation Proposal,,,failed,False,2026-08-28T01:05:11.238913+09:00
Subrogation Pulse,,,failed,False,2026-08-17T21:36:34.713232+09:00
Subrogation Quota,,,failed,False,2026-08-21T00:28:56.685784+09:00
Subrogation Radar,,,failed,False,2026-08-17T20:39:59.910293+09:00
Subrogation Rail,,,failed,False,2026-08-17T21:39:40.995935+09:00
Subrogation Rate,,,failed,False,2026-08-19T20:46:21.996527+09:00
Subrogation Recap,,,failed,False,2026-08-21T01:03:06.374945+09:00
Subrogation Receipt,70.0,1.0,success,False,2026-08-19T21:45:53.420711+09:00
Subrogation Recorder,,,failed,False,2026-08-27T23:33:53.153275+09:00
Subrogation Register,,,failed,False,2026-08-17T23:33:06.954832+09:00
Subrogation Registry,,,failed,False,2026-08-18T22:05:44.090365+09:00
Subrogation Relay,,,failed,False,2026-08-17T20:39:05.666395+09:00
Subrogation Reminder,,,failed,False,2026-08-19T21:32:17.835679+09:00
Subrogation Report,20.0,22.0,success,False,2026-08-19T13:28:58.111204+09:00
Subrogation Repository,,,failed,False,2026-08-27T23:12:08.197632+09:00
Subrogation Result,,,failed,False,2026-08-28T00:47:20.872913+09:00
Subrogation Roadmap,,,failed,False,2026-08-18T22:06:27.903433+09:00
Subrogation Route,,,failed,False,2026-08-18T07:52:27.935751+09:00
Subrogation Rule,,,failed,False,2026-08-23T03:23:11.854221+09:00
Subrogation Sale,,,failed,False,2026-08-21T02:27:35.877276+09:00
Subrogation Sample,,,failed,False,2026-08-19T21:47:08.663103+09:00
Subrogation Scale,,,failed,False,2026-08-17T20:31:44.848533+09:00
Subrogation Scanner,,,failed,False,2026-08-27T23:54:27.974840+09:00
Subrogation Scheduler,,,failed,False,2026-08-17T23:03:43.392480+09:00
Subrogation Scope,,,failed,False,2026-08-17T21:41:12.952922+09:00
Subrogation Score,,,failed,False,2026-08-19T13:30:13.142544+09:00
Subrogation Sentry,,,failed,False,2026-08-17T21:30:37.005083+09:00
Subrogation Sheet,,,failed,False,2026-08-19T13:29:56.430090+09:00
Subrogation Signal,,,failed,False,2026-08-18T07:43:41.366664+09:00
Subrogation Signature,,,failed,False,2026-08-23T13:28:19.840300+09:00
Subrogation Slip,,,failed,False,2026-08-19T21:46:54.129984+09:00
Subrogation Slot,,,failed,False,2026-08-19T21:47:24.408619+09:00
Subrogation Snapshot,,,failed,False,2026-08-18T22:05:25.774321+09:00
Subrogation Stage,,,failed,False,2026-08-28T00:47:20.872913+09:00
Subrogation Stake,,,failed,False,2026-08-23T02:57:32.152196+09:00
Subrogation Statement,10.0,0.0,success,False,2026-08-21T00:28:26.135871+09:00
Subrogation Station,,,failed,False,2026-08-17T20:40:24.654920+09:00
Subrogation Status,,,failed,False,2026-08-19T20:45:56.516624+09:00
Subrogation Stub,,,failed,False,2026-08-21T00:28:20.735517+09:00
Subrogation Studio,,,failed,False,2026-08-17T20:41:57.166662+09:00
Subrogation Suite,,,failed,False,2026-08-17T23:14:35.084674+09:00
Subrogation Sum,,,failed,False,2026-08-21T02:27:23.796384+09:00
Subrogation Summary,,,failed,False,2026-08-19T21:32:01.105099+09:00
Subrogation Sync,,,failed,False,2026-08-17T20:44:07.827451+09:00
Subrogation Tab,,,failed,False,2026-08-21T00:29:10.279905+09:00
Subrogation Table,,,failed,False,2026-08-19T21:46:33.632095+09:00
Subrogation Tag,,,failed,False,2026-08-19T13:30:48.441659+09:00
Subrogation Tally,,,failed,False,2026-08-21T00:28:35.603528+09:00
Subrogation Tariff,,,failed,False,2026-08-21T02:43:21.598191+09:00
Subrogation Tax,,,failed,False,2026-08-21T02:11:34.732367+09:00
Subrogation Ticket,,,failed,False,2026-08-19T21:32:28.691012+09:00
Subrogation Timeline,,,failed,False,2026-08-19T21:32:10.645735+09:00
Subrogation Toll,,,failed,False,2026-08-21T02:43:16.744782+09:00
Subrogation Toolbox,,,failed,False,2026-08-28T00:24:19.907536+09:00
Subrogation Toolkit,,,failed,False,2026-08-18T22:04:56.544925+09:00
Subrogation Total,,,failed,False,2026-08-27T23:12:02.088858+09:00
Subrogation Tracker,,,failed,False,2026-08-17T20:44:58.380838+09:00
Subrogation Trail,,,failed,False,2026-08-17T21:38:13.718334+09:00
Subrogation Trend,,,failed,False,2026-08-28T01:05:03.424573+09:00
Subrogation Trial,,,failed,False,2026-08-27T21:14:16.452058+09:00
Subrogation Unit,20.0,4.0,success,False,2026-08-21T01:55:33.628108+09:00
Subrogation Update,,,failed,False,2026-08-19T20:46:27.543041+09:00
Subrogation Value,,,failed,False,2026-08-23T02:57:30.156609+09:00
Subrogation Vault,,,failed,False,2026-08-17T20:38:08.924079+09:00
Subrogation Version,,,failed,False,2026-08-23T03:23:04.042146+09:00
Subrogation View,,,failed,False,2026-08-19T20:46:02.034696+09:00
Subrogation Voucher,,,failed,False,2026-08-21T00:28:03.957628+09:00
Subrogation Watch,,,failed,False,2026-08-18T07:43:51.559731+09:00
Subrogation Wave,,,failed,False,2026-08-17T21:35:30.145341+09:00
Subrogation Widget,,,failed,False,2026-08-27T23:12:02.088858+09:00
Subrogation Workbench,,,failed,False,2026-08-18T22:04:44.992531+09:00
Subrogation Worksheet,,,failed,False,2026-08-27T22:08:26.678137+09:00
Subrogation Workshop,,,failed,False,2026-08-28T00:24:17.222604+09:00
Subrogation Zone,,,failed,False,2026-08-17T20:37:45.876313+09:00
Subscriber Advance,,,failed,False,2026-08-23T16:15:22.615283+09:00
Subscriber Advisory,,,failed,False,2026-08-21T01:03:43.052088+09:00
Subscriber Allowance,,,failed,False,2026-08-21T02:42:09.091272+09:00
Subscriber Almanac,,,failed,False,2026-08-18T22:05:55.715721+09:00
Subscriber Analyzer,,,failed,False,2026-08-27T23:57:19.436881+09:00
Subscriber Anchor,,,failed,False,2026-08-17T20:34:09.472739+09:00
Subscriber Arrears,,,failed,False,2026-08-23T16:15:22.615283+09:00
Subscriber Asset,,,failed,False,2026-08-23T13:47:38.660404+09:00
Subscriber Assistant,,,failed,False,2026-08-17T23:10:31.513884+09:00
Subscriber Atlas,,,failed,False,2026-08-17T20:47:19.659128+09:00
Subscriber Attribute,,,failed,False,2026-08-23T13:07:53.746009+09:00
Subscriber Badge,480.0,13.0,success,False,2026-08-21T00:30:55.600635+09:00
Subscriber Balance,,,failed,False,2026-08-23T13:47:35.441000+09:00
Subscriber Base,50.0,0.0,success,False,2026-08-17T20:43:56.267353+09:00
Subscriber Beacon,,,failed,False,2026-08-17T20:33:43.675774+09:00
Subscriber Bill,720.0,23.0,success,False,2026-08-19T21:54:48.895899+09:00
Subscriber Blueprint,,,failed,False,2026-08-18T22:05:47.884963+09:00
Subscriber Board,70.0,1.0,success,False,2026-08-17T20:41:17.748242+09:00
Subscriber Book,,,failed,False,2026-08-19T21:55:41.048712+09:00
Subscriber Bridge,,,failed,False,2026-08-18T07:52:15.038723+09:00
Subscriber Brief,,,failed,False,2026-08-21T01:03:33.238339+09:00
Subscriber Bulletin,,,failed,False,2026-08-21T01:03:27.651766+09:00
Subscriber Calendar,,,failed,False,2026-08-19T00:02:39.195734+09:00
Subscriber Card,70.0,0.0,success,False,2026-08-19T13:27:27.071698+09:00
Subscriber Cascade,,,failed,False,2026-08-18T07:52:03.741881+09:00
Subscriber Cash,,,failed,False,2026-08-21T02:26:41.708739+09:00
Subscriber Cashback,,,failed,False,2026-08-27T21:17:26.157906+09:00
Subscriber Catalog,10.0,0.0,success,False,2026-08-19T21:12:26.316955+09:00
Subscriber Category,,,failed,False,2026-08-23T13:07:51.086484+09:00
Subscriber Center,10.0,20.0,success,False,2026-08-17T20:36:02.767132+09:00
Subscriber Chain,,,failed,False,2026-08-17T21:34:12.134068+09:00
Subscriber Charge,,,failed,False,2026-08-21T02:41:56.534428+09:00
Subscriber Check,1000.0,3.0,success,False,2026-08-19T13:27:53.720083+09:00
Subscriber Checker,1000.0,3.0,success,False,2026-08-27T23:57:12.985174+09:00
Subscriber Checklist,,,failed,False,2026-08-19T21:11:27.369189+09:00
Subscriber Circular,,,failed,False,2026-08-21T01:03:38.520377+09:00
Subscriber Cockpit,,,failed,False,2026-08-17T23:24:44.637673+09:00
Subscriber Code,260.0,1.0,success,False,2026-08-19T21:55:12.102159+09:00
Subscriber Codex,,,failed,False,2026-08-18T22:06:14.738388+09:00
Subscriber Companion,,,failed,False,2026-08-17T23:08:30.361207+09:00
Subscriber Comparison,110.0,0.0,success,False,2026-08-28T01:07:22.099845+09:00
Subscriber Compass,,,failed,False,2026-08-17T20:34:36.732015+09:00
Subscriber Compendium,,,failed,False,2026-08-18T22:06:03.591349+09:00
Subscriber Confirmation,,,failed,False,2026-08-21T01:03:53.377990+09:00
Subscriber Console,,,failed,False,2026-08-17T20:33:10.817795+09:00
Subscriber Contribution,,,failed,False,2026-08-23T16:15:20.225326+09:00
Subscriber Converter,,,failed,False,2026-08-27T23:35:28.835803+09:00
Subscriber Core,,,failed,False,2026-08-17T20:42:59.992193+09:00
Subscriber Cost,,,failed,False,2026-08-21T02:11:15.261095+09:00
Subscriber Count,33100.0,0.0,success,True,2026-08-27T22:49:26.070118+09:00
Subscriber Counter,18100.0,0.0,success,True,2026-08-18T23:57:22.753165+09:00
Subscriber Coupon,,,failed,False,2026-08-27T21:17:23.968001+09:00
Subscriber Dashboard,170.0,24.0,success,False,2026-08-17T23:05:39.217461+09:00
Subscriber Deal,,,failed,False,2026-08-21T01:55:59.445411+09:00
Subscriber Debt,,,failed,False,2026-08-21T02:26:39.495067+09:00
Subscriber Deck,,,failed,False,2026-08-17T20:40:33.502804+09:00
Subscriber Desk,,,failed,False,2026-08-17T20:38:21.061174+09:00
Subscriber Detail,10.0,0.0,success,False,2026-08-23T03:20:46.771409+09:00
Subscriber Dial,10.0,0.0,success,False,2026-08-18T07:51:58.234946+09:00
Subscriber Digest,,,failed,False,2026-08-19T20:42:21.972075+09:00
Subscriber Directory,10.0,29.0,success,False,2026-08-19T00:02:45.246378+09:00
Subscriber Discount,50.0,6.0,success,False,2026-08-23T16:15:12.953510+09:00
Subscriber Dock,,,failed,False,2026-08-18T07:52:01.229242+09:00
Subscriber Dossier,,,failed,False,2026-08-21T01:03:59.232813+09:00
Subscriber Downpayment,,,failed,False,2026-08-27T21:48:30.689545+09:00
Subscriber Draft,,,failed,False,2026-08-19T20:42:34.910732+09:00
Subscriber Due,,,failed,False,2026-08-23T15:52:18.208311+09:00
Subscriber Duty,,,failed,False,2026-08-21T02:42:02.551252+09:00
Subscriber Engine,,,failed,False,2026-08-17T23:23:24.651550+09:00
Subscriber Entry,,,failed,False,2026-08-21T01:04:13.537026+09:00
Subscriber Estimate,,,failed,False,2026-08-19T21:12:12.315865+09:00
Subscriber Estimator,,,failed,False,2026-08-27T23:57:12.985174+09:00
Subscriber Excerpt,,,failed,False,2026-08-21T01:04:08.971472+09:00
Subscriber Extension,,,failed,False,2026-08-23T16:39:28.081272+09:00
Subscriber Fare,,,failed,False,2026-08-21T02:11:23.948204+09:00
Subscriber Fee,10.0,0.0,success,False,2026-08-21T01:55:41.069694+09:00
Subscriber Feed,10.0,0.0,success,False,2026-08-19T20:42:29.664942+09:00
Subscriber File,,,failed,False,2026-08-19T20:41:54.948325+09:00
Subscriber Finder,10.0,14.0,success,False,2026-08-19T00:03:01.180289+09:00
Subscriber Fine,,,failed,False,2026-08-23T02:56:12.259379+09:00
Subscriber Flag,,,failed,False,2026-08-21T00:31:38.357083+09:00
Subscriber Flow,,,failed,False,2026-08-17T20:40:55.263419+09:00
Subscriber Forge,,,failed,False,2026-08-17T20:32:39.820797+09:00
Subscriber Form,720.0,9.0,success,False,2026-08-19T13:27:15.417105+09:00
Subscriber Format,,,failed,False,2026-08-23T13:07:55.793530+09:00
Subscriber Frame,,,failed,False,2026-08-17T20:44:38.858684+09:00
Subscriber Fund,,,failed,False,2026-08-21T02:26:39.495067+09:00
Subscriber Gate,,,failed,False,2026-08-17T21:30:53.341117+09:00
Subscriber Giveaway,50.0,3.0,success,False,2026-08-27T21:17:34.468079+09:00
Subscriber Grade,,,failed,False,2026-08-21T00:31:19.573899+09:00
Subscriber Graph,90.0,2.0,success,False,2026-08-27T22:12:40.822062+09:00
Subscriber Grid,,,failed,False,2026-08-17T21:34:42.632014+09:00
Subscriber Guarantee,,,failed,False,2026-08-28T01:07:27.619930+09:00
Subscriber Guard,,,failed,False,2026-08-17T20:43:26.313536+09:00
Subscriber Guardian,,,failed,False,2026-08-28T00:26:17.382290+09:00
Subscriber Guidebook,,,failed,False,2026-08-18T22:05:30.177500+09:00
Subscriber Helpdesk,,,failed,False,2026-08-27T22:49:29.573658+09:00
Subscriber Helper,,,failed,False,2026-08-28T00:26:20.204001+09:00
Subscriber History,110.0,2.0,success,False,2026-08-19T20:41:48.388385+09:00
Subscriber Hotline,,,failed,False,2026-08-19T21:12:35.619378+09:00
Subscriber Hub,390.0,3.0,success,False,2026-08-17T20:40:10.157299+09:00
Subscriber Identifier,50.0,0.0,success,False,2026-08-23T13:07:48.964667+09:00
Subscriber Incentive,,,failed,False,2026-08-27T21:17:31.626510+09:00
Subscriber Index,,,failed,False,2026-08-19T21:11:39.725993+09:00
Subscriber Insight,,,failed,False,2026-08-17T23:24:19.906640+09:00
Subscriber Installment,,,failed,False,2026-08-23T16:15:17.461758+09:00
Subscriber Interest,,,failed,False,2026-08-23T13:47:38.660404+09:00
Subscriber Item,,,failed,False,2026-08-21T01:55:51.234317+09:00
Subscriber Journal,,,failed,False,2026-08-18T22:05:11.798475+09:00
Subscriber Keeper,,,failed,False,2026-08-17T20:45:18.923986+09:00
Subscriber Lab,0.0,,success,False,2026-08-17T20:38:48.292759+09:00
Subscriber Label,,,failed,False,2026-08-27T22:12:43.537947+09:00
Subscriber Layout,,,failed,False,2026-08-27T22:29:00.404173+09:00
Subscriber Ledger,10.0,0.0,success,False,2026-08-17T20:42:08.223187+09:00
Subscriber Lens,,,failed,False,2026-08-17T20:45:45.792269+09:00
Subscriber Level,,,failed,False,2026-08-19T20:42:03.452660+09:00
Subscriber Levy,0.0,,success,False,2026-08-23T13:47:38.660404+09:00
Subscriber Link,1300.0,2.0,success,False,2026-08-23T03:20:39.175053+09:00
Subscriber List,480.0,12.0,success,False,2026-08-19T21:55:20.954175+09:00
Subscriber Loan,,,failed,False,2026-08-21T02:11:30.479876+09:00
Subscriber Locator,,,failed,False,2026-08-19T00:02:56.248931+09:00
Subscriber Lock,10.0,0.0,success,False,2026-08-17T20:48:02.919436+09:00
Subscriber Log,10.0,0.0,success,False,2026-08-19T13:27:04.208602+09:00
Subscriber Loop,50.0,0.0,success,False,2026-08-18T01:28:07.797651+09:00
Subscriber Manager,30.0,41.0,success,False,2026-08-17T20:44:20.013961+09:00
Subscriber Map,,,failed,False,2026-08-17T20:46:46.837602+09:00
Subscriber Margin,,,failed,False,2026-08-23T02:56:08.739557+09:00
Subscriber Markup,,,failed,False,2026-08-23T16:39:23.209795+09:00
Subscriber Memo,,,failed,False,2026-08-21T00:31:26.827984+09:00
Subscriber Message,20.0,0.0,success,False,2026-08-27T23:14:46.468120+09:00
Subscriber Meter,20.0,0.0,success,False,2026-08-18T07:51:58.234946+09:00
Subscriber Metrics,,,failed,False,2026-08-17T23:06:45.787789+09:00
Subscriber Monitor,40.0,43.0,success,False,2026-08-17T23:03:53.626473+09:00
Subscriber Navigator,,,failed,False,2026-08-17T23:25:00.626086+09:00
Subscriber Nexus,,,failed,False,2026-08-17T20:48:37.567206+09:00
Subscriber Node,10.0,0.0,success,False,2026-08-17T21:32:03.436124+09:00
Subscriber Note,10.0,0.0,success,False,2026-08-19T13:28:08.778125+09:00
Subscriber Notification,20.0,3.0,success,False,2026-08-27T22:49:17.563475+09:00
Subscriber Number,590.0,0.0,success,False,2026-08-23T03:20:27.097448+09:00
Subscriber Office,,,failed,False,2026-08-18T23:57:07.963291+09:00
Subscriber Ops,,,failed,False,2026-08-17T23:07:30.676472+09:00
Subscriber Order,,,failed,False,2026-08-19T21:54:39.483113+09:00
Subscriber Organizer,,,failed,False,2026-08-17T23:24:01.156266+09:00
Subscriber Overage,,,failed,False,2026-08-27T21:48:28.268054+09:00
Subscriber Overdraft,,,failed,False,2026-08-23T15:52:18.208311+09:00
Subscriber Overdue,,,failed,False,2026-08-27T21:48:23.216174+09:00
Subscriber Panel,590.0,10.0,success,False,2026-08-17T20:32:02.325008+09:00
Subscriber Pass,,,failed,False,2026-08-21T00:30:44.450501+09:00
Subscriber Path,,,failed,False,2026-08-17T21:31:30.369012+09:00
Subscriber Payoff,,,failed,False,2026-08-27T21:48:25.630641+09:00
Subscriber Penalty,,,failed,False,2026-08-23T16:39:21.186657+09:00
Subscriber Petition,,,failed,False,2026-08-21T01:03:48.837789+09:00
Subscriber Pilot,,,failed,False,2026-08-17T20:39:17.196343+09:00
Subscriber Plan,90.0,13.0,success,False,2026-08-21T01:55:57.374575+09:00
Subscriber Planner,,,failed,False,2026-08-17T23:23:41.484558+09:00
Subscriber Playbook,,,failed,False,2026-08-18T22:05:00.347281+09:00
Subscriber Point,,,failed,False,2026-08-17T21:30:22.425092+09:00
Subscriber Portal,90.0,1.0,success,False,2026-08-17T20:34:11.615000+09:00
Subscriber Preview,,,failed,False,2026-08-28T01:07:24.727084+09:00
Subscriber Profile,20.0,0.0,success,False,2026-08-19T13:28:26.877196+09:00
Subscriber Profit,,,failed,False,2026-08-23T02:55:57.484668+09:00
Subscriber Proposal,,,failed,False,2026-08-28T01:07:24.727084+09:00
Subscriber Pulse,,,failed,False,2026-08-17T21:33:37.652467+09:00
Subscriber Queue,,,failed,False,2026-08-19T21:12:02.105513+09:00
Subscriber Quota,,,failed,False,2026-08-21T00:31:34.132172+09:00
Subscriber Radar,,,failed,False,2026-08-17T20:37:28.424048+09:00
Subscriber Rail,,,failed,False,2026-08-18T07:52:15.038723+09:00
Subscriber Rate,210.0,0.0,success,False,2026-08-19T20:42:09.827682+09:00
Subscriber Recap,,,failed,False,2026-08-21T01:04:02.292645+09:00
Subscriber Receipt,,,failed,False,2026-08-19T21:55:00.630940+09:00
Subscriber Redemption,,,failed,False,2026-08-23T16:39:25.527330+09:00
Subscriber Register,,,failed,False,2026-08-17T23:25:36.258312+09:00
Subscriber Registry,,,failed,False,2026-08-18T22:05:38.221943+09:00
Subscriber Relay,,,failed,False,2026-08-17T20:36:28.708934+09:00
Subscriber Reminder,,,failed,False,2026-08-19T21:11:17.911454+09:00
Subscriber Report,10.0,0.0,success,False,2026-08-19T13:26:44.223162+09:00
Subscriber Repository,,,failed,False,2026-08-27T23:14:52.026245+09:00
Subscriber Roadmap,,,failed,False,2026-08-18T22:06:23.871734+09:00
Subscriber Roster,,,failed,False,2026-08-19T00:37:04.451901+09:00
Subscriber Route,,,failed,False,2026-08-17T20:32:36.001496+09:00
Subscriber Rule,,,failed,False,2026-08-23T03:20:42.703424+09:00
Subscriber Sale,20.0,10.0,success,False,2026-08-21T02:26:43.792522+09:00
Subscriber Sample,,,failed,False,2026-08-19T21:55:57.867275+09:00
Subscriber Scale,,,failed,False,2026-08-17T20:33:42.611240+09:00
Subscriber Scheduler,,,failed,False,2026-08-17T23:04:50.362686+09:00
Subscriber Scope,,,failed,False,2026-08-18T07:52:20.987077+09:00
Subscriber Score,,,failed,False,2026-08-19T13:28:00.720814+09:00
Subscriber Sentry,,,failed,False,2026-08-17T20:46:07.350212+09:00
Subscriber Sheet,170.0,0.0,success,False,2026-08-19T13:27:42.741110+09:00
Subscriber Shortfall,,,failed,False,2026-08-27T21:48:33.250783+09:00
Subscriber Signal,,,failed,False,2026-08-17T20:33:09.747000+09:00
Subscriber Slip,,,failed,False,2026-08-19T21:55:49.933305+09:00
Subscriber Slot,,,failed,False,2026-08-19T21:56:11.493537+09:00
Subscriber Snapshot,,,failed,False,2026-08-18T22:05:19.741515+09:00
Subscriber Stake,,,failed,False,2026-08-23T02:56:06.421775+09:00
Subscriber Statement,,,failed,False,2026-08-21T00:31:07.825329+09:00
Subscriber Station,20.0,0.0,success,False,2026-08-17T20:37:59.877456+09:00
Subscriber Status,30.0,0.0,success,False,2026-08-19T20:41:36.001931+09:00
Subscriber Streak,,,failed,False,2026-08-28T00:48:08.257780+09:00
Subscriber Stub,,,failed,False,2026-08-21T00:31:01.051294+09:00
Subscriber Studio,40.0,11.0,success,False,2026-08-17T20:39:43.687132+09:00
Subscriber Suite,,,failed,False,2026-08-17T22:46:53.613180+09:00
Subscriber Sum,,,failed,False,2026-08-21T02:26:36.939016+09:00
Subscriber Summary,,,failed,False,2026-08-19T21:10:55.875332+09:00
Subscriber Surtax,,,failed,False,2026-08-23T15:52:20.216125+09:00
Subscriber Sync,10.0,0.0,success,False,2026-08-17T20:41:47.517366+09:00
Subscriber Tab,,,failed,False,2026-08-21T00:31:47.591094+09:00
Subscriber Table,,,failed,False,2026-08-19T21:55:28.451912+09:00
Subscriber Tag,,,failed,False,2026-08-19T13:28:15.783876+09:00
Subscriber Tally,,,failed,False,2026-08-21T00:31:12.375379+09:00
Subscriber Tariff,,,failed,False,2026-08-21T02:42:11.511377+09:00
Subscriber Tax,,,failed,False,2026-08-21T02:11:27.429616+09:00
Subscriber Ticket,,,failed,False,2026-08-19T21:11:50.782037+09:00
Subscriber Tier,,,failed,False,2026-08-28T00:48:11.249121+09:00
Subscriber Timeline,20.0,0.0,success,False,2026-08-19T21:11:07.162763+09:00
Subscriber Toll,,,failed,False,2026-08-21T02:42:06.283895+09:00
Subscriber Toolbox,,,failed,False,2026-08-28T00:26:17.382290+09:00
Subscriber Toolkit,,,failed,False,2026-08-18T22:04:51.222507+09:00
Subscriber Total,,,failed,False,2026-08-27T23:14:49.427940+09:00
Subscriber Tracker,720.0,5.0,success,False,2026-08-17T20:42:32.290659+09:00
Subscriber Trail,10.0,0.0,success,False,2026-08-17T21:35:16.200596+09:00
Subscriber Trend,70.0,4.0,success,False,2026-08-28T01:07:19.474773+09:00
Subscriber Trial,880.0,18.0,success,False,2026-08-27T21:17:29.346524+09:00
Subscriber Unit,20.0,0.0,success,False,2026-08-21T01:55:54.849778+09:00
Subscriber Update,40.0,4.0,success,False,2026-08-19T20:42:17.170868+09:00
Subscriber Value,70.0,1.0,success,False,2026-08-23T02:56:00.191983+09:00
Subscriber Vault,,,failed,False,2026-08-17T20:35:35.063549+09:00
Subscriber Version,,,failed,False,2026-08-23T03:20:35.213515+09:00
Subscriber View,210.0,6.0,success,False,2026-08-19T20:41:40.323358+09:00
Subscriber Voucher,,,failed,False,2026-08-21T00:30:49.324092+09:00
Subscriber Wallet,,,failed,False,2026-08-27T22:49:26.070118+09:00
Subscriber Watch,70.0,0.0,success,False,2026-08-17T20:32:00.957216+09:00
Subscriber Wave,,,failed,False,2026-08-17T21:32:40.946824+09:00
Subscriber Widget,110.0,3.0,success,False,2026-08-27T23:14:49.427940+09:00
Subscriber Workbench,,,failed,False,2026-08-18T22:04:40.579410+09:00
Subscriber Zone,70.0,0.0,success,False,2026-08-17T20:35:04.556306+09:00
Substation Advance,,,failed,False,2026-08-23T16:13:10.832744+09:00
Substation Advisory,,,failed,False,2026-08-21T01:06:33.871335+09:00
Substation Allowance,,,failed,False,2026-08-21T02:45:31.753294+09:00
Substation Almanac,,,failed,False,2026-08-18T22:11:01.803326+09:00
Substation Analyzer,,,failed,False,2026-08-27T23:56:30.078148+09:00
Substation Anchor,,,failed,False,2026-08-17T20:41:57.166662+09:00
Substation Arrears,,,failed,False,2026-08-23T16:13:08.662730+09:00
Substation Asset,,,failed,False,2026-08-23T13:46:16.255562+09:00
Substation Assistant,20.0,0.0,success,False,2026-08-17T23:04:39.264131+09:00
Substation Atlas,,,failed,False,2026-08-17T20:32:14.147491+09:00
Substation Badge,,,failed,False,2026-08-21T00:32:50.317142+09:00
Substation Base,,,failed,False,2026-08-17T21:39:40.995935+09:00
Substation Beacon,,,failed,False,2026-08-17T20:45:30.439940+09:00
Substation Bill,,,failed,False,2026-08-19T21:54:13.234763+09:00
Substation Blueprint,50.0,0.0,success,False,2026-08-18T22:10:56.062577+09:00
Substation Board,30.0,0.0,success,False,2026-08-17T21:36:00.741055+09:00
Substation Book,50.0,83.0,success,False,2026-08-19T21:55:03.832007+09:00
Substation Bridge,,,failed,False,2026-08-17T20:42:43.172174+09:00
Substation Brief,,,failed,False,2026-08-21T01:06:23.582625+09:00
Substation Bulletin,,,failed,False,2026-08-21T01:06:19.538829+09:00
Substation Cabinet,20.0,5.0,success,False,2026-08-27T23:13:41.688189+09:00
Substation Calendar,30.0,2.0,success,False,2026-08-19T00:02:12.644181+09:00
Substation Card,10.0,0.0,success,False,2026-08-19T13:37:50.110679+09:00
Substation Cascade,,,failed,False,2026-08-17T20:43:38.857738+09:00
Substation Cash,,,failed,False,2026-08-21T02:30:12.359355+09:00
Substation Catalog,,,failed,False,2026-08-19T21:09:48.311531+09:00
Substation Center,,,failed,False,2026-08-17T20:48:18.389398+09:00
Substation Chain,,,failed,False,2026-08-17T20:37:14.189830+09:00
Substation Charge,,,failed,False,2026-08-21T02:45:19.238792+09:00
Substation Check,,,failed,False,2026-08-19T13:38:17.915581+09:00
Substation Checker,,,failed,False,2026-08-27T23:56:25.215119+09:00
Substation Checklist,20.0,2.0,success,False,2026-08-19T21:08:46.825044+09:00
Substation Circular,,,failed,False,2026-08-21T01:06:30.195338+09:00
Substation Cockpit,,,failed,False,2026-08-17T23:27:14.779355+09:00
Substation Code,20.0,0.0,success,False,2026-08-19T21:54:34.064665+09:00
Substation Codex,,,failed,False,2026-08-18T22:11:19.240583+09:00
Substation Companion,,,failed,False,2026-08-17T23:15:10.071233+09:00
Substation Comparison,,,failed,False,2026-08-28T01:06:48.738756+09:00
Substation Compass,,,failed,False,2026-08-17T20:46:22.420312+09:00
Substation Compendium,,,failed,False,2026-08-18T22:11:09.923371+09:00
Substation Confirmation,,,failed,False,2026-08-21T01:06:46.678178+09:00
Substation Console,,,failed,False,2026-08-17T20:44:58.380838+09:00
Substation Contribution,,,failed,False,2026-08-23T16:13:06.452746+09:00
Substation Core,,,failed,False,2026-08-17T21:38:10.743063+09:00
Substation Cost,70.0,3.0,success,False,2026-08-21T02:13:55.363048+09:00
Substation Count,,,failed,False,2026-08-27T22:48:20.741854+09:00
Substation Counter,,,failed,False,2026-08-19T00:02:58.410814+09:00
Substation Dashboard,390.0,0.0,success,False,2026-08-17T23:08:17.909902+09:00
Substation Deal,,,failed,False,2026-08-21T01:58:16.207160+09:00
Substation Debt,,,failed,False,2026-08-21T02:30:05.549953+09:00
Substation Deck,,,failed,False,2026-08-17T21:34:57.125142+09:00
Substation Depot,,,failed,False,2026-08-19T00:02:41.985677+09:00
Substation Desk,,,failed,False,2026-08-17T21:32:20.148818+09:00
Substation Detail,,,failed,False,2026-08-23T03:15:28.674871+09:00
Substation Detector,,,failed,False,2026-08-27T23:56:27.794878+09:00
Substation Diagram,1300.0,0.0,success,True,2026-08-27T22:10:19.864578+09:00
Substation Dial,,,failed,False,2026-08-17T20:43:12.470155+09:00
Substation Digest,,,failed,False,2026-08-19T20:38:24.406986+09:00
Substation Directory,,,failed,False,2026-08-19T00:02:18.071698+09:00
Substation Discount,,,failed,False,2026-08-23T16:12:59.279314+09:00
Substation Dock,,,failed,False,2026-08-17T20:39:57.613991+09:00
Substation Dossier,,,failed,False,2026-08-21T01:06:51.131996+09:00
Substation Downpayment,,,failed,False,2026-08-27T21:46:49.880048+09:00
Substation Draft,,,failed,False,2026-08-19T20:38:42.409315+09:00
Substation Due,,,failed,False,2026-08-23T15:51:18.067623+09:00
Substation Duty,,,failed,False,2026-08-21T02:45:23.002534+09:00
Substation Engine,,,failed,False,2026-08-17T23:26:13.004123+09:00
Substation Entry,10.0,6.0,success,False,2026-08-21T01:07:07.368570+09:00
Substation Estimate,,,failed,False,2026-08-19T21:09:34.510109+09:00
Substation Estimator,20.0,5.0,success,False,2026-08-27T23:56:22.652242+09:00
Substation Excerpt,,,failed,False,2026-08-21T01:07:00.683520+09:00
Substation Extension,,,failed,False,2026-08-23T16:38:22.069097+09:00
Substation Fare,,,failed,False,2026-08-21T02:14:02.511057+09:00
Substation Fee,,,failed,False,2026-08-21T01:58:00.854013+09:00
Substation Feed,,,failed,False,2026-08-19T20:38:33.715363+09:00
Substation File,,,failed,False,2026-08-19T20:37:52.054454+09:00
Substation Finder,10.0,0.0,success,False,2026-08-19T00:02:34.221000+09:00
Substation Fine,,,failed,False,2026-08-23T02:52:30.798474+09:00
Substation Flag,,,failed,False,2026-08-21T00:33:25.139045+09:00
Substation Flow,,,failed,False,2026-08-17T21:35:30.145341+09:00
Substation Forge,,,failed,False,2026-08-17T20:44:25.446111+09:00
Substation Form,,,failed,False,2026-08-19T13:37:39.358157+09:00
Substation Format,,,failed,False,2026-08-23T13:05:32.456522+09:00
Substation Frame,,,failed,False,2026-08-17T21:41:39.306179+09:00
Substation Fund,,,failed,False,2026-08-21T02:30:08.779542+09:00
Substation Gate,40.0,2.0,success,False,2026-08-17T20:34:20.444490+09:00
Substation Grade,,,failed,False,2026-08-21T00:33:08.035106+09:00
Substation Grid,880.0,1.0,success,False,2026-08-17T20:37:44.009684+09:00
Substation Guarantee,,,failed,False,2026-08-28T01:06:58.788190+09:00
Substation Guard,,,failed,False,2026-08-17T21:39:02.253193+09:00
Substation Guardian,,,failed,False,2026-08-28T00:25:42.430031+09:00
Substation Guidebook,,,failed,False,2026-08-18T22:10:36.115087+09:00
Substation Helpdesk,,,failed,False,2026-08-27T22:48:20.741854+09:00
Substation Helper,,,failed,False,2026-08-28T00:25:44.811086+09:00
Substation History,,,failed,False,2026-08-19T20:37:45.715949+09:00
Substation Hotline,,,failed,False,2026-08-19T21:10:02.424096+09:00
Substation Hub,,,failed,False,2026-08-17T21:34:26.372304+09:00
Substation Identifier,,,failed,False,2026-08-23T13:05:25.615596+09:00
Substation Index,,,failed,False,2026-08-19T21:08:56.210906+09:00
Substation Insight,,,failed,False,2026-08-17T23:26:58.468073+09:00
Substation Installment,,,failed,False,2026-08-23T16:13:03.003819+09:00
Substation Item,,,failed,False,2026-08-21T01:58:05.254245+09:00
Substation Journal,,,failed,False,2026-08-18T22:10:20.360888+09:00
Substation Keeper,,,failed,False,2026-08-18T07:43:51.559731+09:00
Substation Lab,,,failed,False,2026-08-17T21:32:57.336519+09:00
Substation Label,,,failed,False,2026-08-27T22:10:01.202227+09:00
Substation Ledger,,,failed,False,2026-08-17T21:36:59.022364+09:00
Substation Lens,,,failed,False,2026-08-18T07:52:46.019796+09:00
Substation Level,,,failed,False,2026-08-19T20:37:59.201045+09:00
Substation Link,,,failed,False,2026-08-23T03:15:22.651664+09:00
Substation List,30.0,0.0,success,False,2026-08-19T21:54:42.461641+09:00
Substation Loan,,,failed,False,2026-08-21T02:14:10.459291+09:00
Substation Locator,,,failed,False,2026-08-19T00:02:27.896414+09:00
Substation Lock,,,failed,False,2026-08-17T20:32:53.240136+09:00
Substation Log,,,failed,False,2026-08-19T13:37:32.755916+09:00
Substation Loop,,,failed,False,2026-08-17T20:38:33.752321+09:00
Substation Manager,20.0,1.0,success,False,2026-08-17T21:41:07.674308+09:00
Substation Manual,10.0,0.0,success,False,2026-08-27T22:10:10.749365+09:00
Substation Map,390.0,0.0,success,False,2026-08-17T20:31:41.996994+09:00
Substation Marker,,,failed,False,2026-08-23T13:27:00.453108+09:00
Substation Markup,,,failed,False,2026-08-23T16:38:16.847667+09:00
Substation Memo,,,failed,False,2026-08-21T00:33:12.400590+09:00
Substation Message,,,failed,False,2026-08-27T23:13:31.938909+09:00
Substation Meter,20.0,25.0,success,False,2026-08-17T20:42:16.988485+09:00
Substation Metrics,,,failed,False,2026-08-17T23:13:34.703463+09:00
Substation Monitor,,,failed,False,2026-08-17T23:06:32.975995+09:00
Substation Navigator,,,failed,False,2026-08-17T23:27:26.699527+09:00
Substation Nexus,,,failed,False,2026-08-17T20:33:24.231963+09:00
Substation Node,,,failed,False,2026-08-17T20:35:16.626138+09:00
Substation Note,,,failed,False,2026-08-19T13:38:55.423036+09:00
Substation Notification,,,failed,False,2026-08-27T22:48:13.756184+09:00
Substation Number,170.0,0.0,success,False,2026-08-23T03:15:10.473494+09:00
Substation Office,30.0,0.0,success,False,2026-08-19T00:02:48.631996+09:00
Substation Ops,,,failed,False,2026-08-17T23:10:02.526148+09:00
Substation Order,,,failed,False,2026-08-19T21:54:00.654442+09:00
Substation Organizer,,,failed,False,2026-08-17T23:26:41.280182+09:00
Substation Overage,,,failed,False,2026-08-27T21:46:47.630562+09:00
Substation Panel,140.0,2.0,success,False,2026-08-17T20:44:06.631034+09:00
Substation Path,,,failed,False,2026-08-17T20:34:44.892914+09:00
Substation Payoff,,,failed,False,2026-08-27T21:46:47.630562+09:00
Substation Penalty,,,failed,False,2026-08-23T16:38:16.847667+09:00
Substation Petition,,,failed,False,2026-08-21T01:06:44.007854+09:00
Substation Pilot,,,failed,False,2026-08-17T21:33:24.629057+09:00
Substation Plan,90.0,4.0,success,False,2026-08-21T01:58:12.628800+09:00
Substation Planner,,,failed,False,2026-08-17T23:26:27.360355+09:00
Substation Playbook,,,failed,False,2026-08-18T22:10:14.241136+09:00
Substation Point,,,failed,False,2026-08-17T20:33:56.397010+09:00
Substation Portal,,,failed,False,2026-08-17T20:45:54.147634+09:00
Substation Preview,,,failed,False,2026-08-28T01:06:51.354656+09:00
Substation Profile,,,failed,False,2026-08-19T13:39:26.336599+09:00
Substation Profit,,,failed,False,2026-08-23T02:52:23.717366+09:00
Substation Proposal,,,failed,False,2026-08-28T01:06:54.096928+09:00
Substation Pulse,,,failed,False,2026-08-17T20:36:43.272468+09:00
Substation Queue,,,failed,False,2026-08-19T21:09:24.314607+09:00
Substation Quota,,,failed,False,2026-08-21T00:33:17.387160+09:00
Substation Radar,,,failed,False,2026-08-17T21:31:08.679950+09:00
Substation Rail,,,failed,False,2026-08-17T20:39:05.666395+09:00
Substation Rate,,,failed,False,2026-08-19T20:38:07.942341+09:00
Substation Recap,,,failed,False,2026-08-21T01:06:56.173532+09:00
Substation Receipt,,,failed,False,2026-08-19T21:54:22.632140+09:00
Substation Recorder,,,failed,False,2026-08-27T23:34:57.472203+09:00
Substation Register,,,failed,False,2026-08-17T23:27:42.956477+09:00
Substation Registry,,,failed,False,2026-08-18T22:10:45.324652+09:00
Substation Relay,390.0,2.0,success,False,2026-08-17T21:30:02.792774+09:00
Substation Reminder,,,failed,False,2026-08-19T21:08:33.836263+09:00
Substation Report,20.0,1.0,success,False,2026-08-19T13:37:07.437416+09:00
Substation Repository,,,failed,False,2026-08-27T23:13:44.050852+09:00
Substation Roadmap,,,failed,False,2026-08-18T22:11:30.674698+09:00
Substation Roster,,,failed,False,2026-08-19T00:37:08.393662+09:00
Substation Route,,,failed,False,2026-08-17T20:40:45.689604+09:00
Substation Rule,,,failed,False,2026-08-23T03:15:24.852114+09:00
Substation Sale,,,failed,False,2026-08-21T02:30:16.403499+09:00
Substation Scale,,,failed,False,2026-08-17T20:41:30.101842+09:00
Substation Scanner,,,failed,False,2026-08-27T23:56:27.794878+09:00
Substation Scheduler,,,failed,False,2026-08-17T23:11:56.017978+09:00
Substation Schematic,90.0,1.0,success,False,2026-08-27T22:28:51.186281+09:00
Substation Scope,,,failed,False,2026-08-17T20:39:28.862436+09:00
Substation Score,,,failed,False,2026-08-19T13:38:33.395376+09:00
Substation Sentry,,,failed,False,2026-08-18T07:43:38.150133+09:00
Substation Sheet,,,failed,False,2026-08-19T13:37:57.164882+09:00
Substation Shortfall,,,failed,False,2026-08-27T21:46:52.310844+09:00
Substation Signal,,,failed,False,2026-08-17T20:41:07.425187+09:00
Substation Slip,,,failed,False,2026-08-19T21:55:14.913375+09:00
Substation Slot,,,failed,False,2026-08-19T21:55:31.155886+09:00
Substation Snapshot,,,failed,False,2026-08-18T22:10:30.545293+09:00
Substation Statement,,,failed,False,2026-08-21T00:32:59.208813+09:00
Substation Station,20.0,1.0,success,False,2026-08-17T21:31:44.399230+09:00
Substation Status,,,failed,False,2026-08-19T20:37:28.019595+09:00
Substation Stub,,,failed,False,2026-08-21T00:32:54.976982+09:00
Substation Studio,40.0,2.0,success,False,2026-08-17T21:33:56.834131+09:00
Substation Subsidy,,,failed,False,2026-08-23T15:51:18.067623+09:00
Substation Suite,,,failed,False,2026-08-17T23:10:20.263689+09:00
Substation Sum,20.0,0.0,success,False,2026-08-21T02:29:56.209810+09:00
Substation Summary,,,failed,False,2026-08-19T21:08:13.592372+09:00
Substation Sync,,,failed,False,2026-08-17T21:36:32.684484+09:00
Substation Tab,,,failed,False,2026-08-21T00:33:32.477901+09:00
Substation Table,90.0,0.0,success,False,2026-08-19T21:54:53.460475+09:00
Substation Tag,,,failed,False,2026-08-19T13:39:03.234764+09:00
Substation Tally,,,failed,False,2026-08-21T00:33:03.712506+09:00
Substation Tariff,,,failed,False,2026-08-21T02:45:36.117852+09:00
Substation Tax,,,failed,False,2026-08-21T02:14:07.166822+09:00
Substation Ticket,30.0,9.0,success,False,2026-08-19T21:09:10.178555+09:00
Substation Timeline,,,failed,False,2026-08-19T21:08:23.714003+09:00
Substation Toll,,,failed,False,2026-08-21T02:45:25.368857+09:00
Substation Toolbox,10.0,,success,False,2026-08-28T00:25:42.430031+09:00
Substation Toolkit,,,failed,False,2026-08-18T22:10:06.625362+09:00
Substation Total,,,failed,False,2026-08-27T23:13:34.759239+09:00
Substation Tracker,,,failed,False,2026-08-17T21:37:39.097196+09:00
Substation Trail,,,failed,False,2026-08-17T20:38:08.924079+09:00
Substation Trend,,,failed,False,2026-08-28T01:06:43.929748+09:00
Substation Trial,,,failed,False,2026-08-27T21:15:44.469109+09:00
Substation Unit,590.0,1.0,success,False,2026-08-21T01:58:06.326002+09:00
Substation Update,,,failed,False,2026-08-19T20:38:14.851338+09:00
Substation Value,,,failed,False,2026-08-23T02:52:26.045301+09:00
Substation Vault,,,failed,False,2026-08-17T20:47:39.394205+09:00
Substation Version,,,failed,False,2026-08-23T03:15:14.062371+09:00
Substation View,,,failed,False,2026-08-19T20:37:37.988161+09:00
Substation Watch,10.0,0.0,success,False,2026-08-17T20:40:21.350341+09:00
Substation Wave,,,failed,False,2026-08-17T20:35:47.352548+09:00
Substation Widget,,,failed,False,2026-08-27T23:13:34.759239+09:00
Substation Workbench,,,failed,False,2026-08-18T22:09:58.381010+09:00
Substation Worksheet,,,failed,False,2026-08-27T22:10:16.912585+09:00
Substation Workshop,10.0,0.0,success,False,2026-08-28T00:25:39.840423+09:00
Substation Zone,,,failed,False,2026-08-17T20:46:59.199715+09:00
Subtitling Advance,,,failed,False,2026-08-23T16:15:31.472081+09:00
Subtitling Advisory,,,failed,False,2026-08-21T01:03:25.375031+09:00
Subtitling Alert,,,failed,False,2026-08-19T21:10:18.944671+09:00
Subtitling Allowance,,,failed,False,2026-08-21T02:45:16.049005+09:00
Subtitling Analyzer,,,failed,False,2026-08-27T23:52:02.296949+09:00
Subtitling Announcement,,,failed,False,2026-08-27T23:31:53.599891+09:00
Subtitling Arrears,,,failed,False,2026-08-23T16:15:27.627511+09:00
Subtitling Asset,,,failed,False,2026-08-23T13:47:07.330354+09:00
Subtitling Assistant,10.0,0.0,success,False,2026-08-19T21:04:47.167430+09:00
Subtitling Atlas,,,failed,False,2026-08-19T21:03:55.204280+09:00
Subtitling Badge,,,failed,False,2026-08-21T00:27:45.495734+09:00
Subtitling Balance,,,failed,False,2026-08-23T13:47:05.237339+09:00
Subtitling Base,,,failed,False,2026-08-19T21:29:53.324584+09:00
Subtitling Bay,,,failed,False,2026-08-19T21:08:27.297609+09:00
Subtitling Beacon,,,failed,False,2026-08-19T21:18:56.938365+09:00
Subtitling Bill,,,failed,False,2026-08-19T22:03:11.253996+09:00
Subtitling Bin,,,failed,False,2026-08-19T21:10:38.305423+09:00
Subtitling Board,,,failed,False,2026-08-19T21:30:16.349132+09:00
Subtitling Book,,,failed,False,2026-08-19T22:03:59.574342+09:00
Subtitling Booth,,,failed,False,2026-08-19T21:07:57.029357+09:00
Subtitling Bridge,,,failed,False,2026-08-19T21:19:32.635751+09:00
Subtitling Brief,,,failed,False,2026-08-21T01:03:18.814008+09:00
Subtitling Bulletin,,,failed,False,2026-08-21T01:03:12.514083+09:00
Subtitling Calculator,,,failed,False,2026-08-27T23:31:53.599891+09:00
Subtitling Calendar,,,failed,False,2026-08-19T21:06:44.412093+09:00
Subtitling Card,,,failed,False,2026-08-19T21:12:30.069108+09:00
Subtitling Cascade,,,failed,False,2026-08-19T21:19:21.338240+09:00
Subtitling Cash,,,failed,False,2026-08-21T02:29:11.262958+09:00
Subtitling Cashback,,,failed,False,2026-08-27T21:18:29.046782+09:00
Subtitling Catalog,,,failed,False,2026-08-19T21:17:15.430061+09:00
Subtitling Center,,,failed,False,2026-08-19T21:31:01.684338+09:00
Subtitling Chain,,,failed,False,2026-08-19T21:32:13.666054+09:00
Subtitling Charge,,,failed,False,2026-08-21T02:45:04.527835+09:00
Subtitling Check,,,failed,False,2026-08-19T21:12:48.974552+09:00
Subtitling Checker,,,failed,False,2026-08-27T23:51:54.683905+09:00
Subtitling Checklist,,,failed,False,2026-08-19T21:16:11.566322+09:00
Subtitling Circular,,,failed,False,2026-08-21T01:03:23.160959+09:00
Subtitling Code,,,failed,False,2026-08-19T22:03:30.282761+09:00
Subtitling Companion,,,failed,False,2026-08-19T21:05:37.228592+09:00
Subtitling Comparison,,,failed,False,2026-08-28T01:03:43.206787+09:00
Subtitling Compass,,,failed,False,2026-08-19T21:18:42.622010+09:00
Subtitling Confirmation,,,failed,False,2026-08-21T01:03:36.375895+09:00
Subtitling Converter,,,failed,False,2026-08-27T23:31:58.292490+09:00
Subtitling Core,,,failed,False,2026-08-19T21:29:59.646453+09:00
Subtitling Cost,10.0,71.0,success,False,2026-08-21T02:12:23.232619+09:00
Subtitling Count,,,failed,False,2026-08-27T22:51:36.322343+09:00
Subtitling Counter,,,failed,False,2026-08-19T21:07:36.739108+09:00
Subtitling Coupon,,,failed,False,2026-08-27T21:18:29.046782+09:00
Subtitling Deal,,,failed,False,2026-08-21T01:56:06.760187+09:00
Subtitling Debt,,,failed,False,2026-08-21T02:29:01.889757+09:00
Subtitling Deck,,,failed,False,2026-08-19T21:30:22.896569+09:00
Subtitling Desk,,,failed,False,2026-08-19T21:18:01.862049+09:00
Subtitling Detail,,,failed,False,2026-08-23T03:16:15.944869+09:00
Subtitling Detector,,,failed,False,2026-08-27T23:51:57.345982+09:00
Subtitling Digest,,,failed,False,2026-08-19T21:15:06.542256+09:00
Subtitling Directory,,,failed,False,2026-08-19T21:06:52.977513+09:00
Subtitling Discount,,,failed,False,2026-08-23T16:15:22.615283+09:00
Subtitling Dossier,,,failed,False,2026-08-21T01:03:40.572054+09:00
Subtitling Downpayment,,,failed,False,2026-08-27T21:49:38.109800+09:00
Subtitling Draft,,,failed,False,2026-08-19T21:15:29.461766+09:00
Subtitling Due,,,failed,False,2026-08-23T15:52:04.916947+09:00
Subtitling Duty,,,failed,False,2026-08-21T02:45:09.656384+09:00
Subtitling Engine,,,failed,False,2026-08-19T21:04:33.210036+09:00
Subtitling Entry,,,failed,False,2026-08-21T01:03:56.741736+09:00
Subtitling Estimate,,,failed,False,2026-08-19T21:17:02.639874+09:00
Subtitling Estimator,,,failed,False,2026-08-27T23:51:54.683905+09:00
Subtitling Excerpt,,,failed,False,2026-08-21T01:03:51.285961+09:00
Subtitling Extension,,,failed,False,2026-08-23T16:39:41.135046+09:00
Subtitling Fare,,,failed,False,2026-08-21T02:12:27.062318+09:00
Subtitling Fee,,,failed,False,2026-08-21T01:55:57.374575+09:00
Subtitling Feed,,,failed,False,2026-08-19T21:15:19.107238+09:00
Subtitling File,10.0,0.0,success,False,2026-08-19T21:14:19.651241+09:00
Subtitling Finder,,,failed,False,2026-08-19T21:07:18.151537+09:00
Subtitling Fine,,,failed,False,2026-08-23T02:52:37.533661+09:00
Subtitling Flag,,,failed,False,2026-08-21T00:28:39.996166+09:00
Subtitling Flow,,,failed,False,2026-08-19T21:17:45.288805+09:00
Subtitling Forge,,,failed,False,2026-08-19T21:19:09.949699+09:00
Subtitling Form,,,failed,False,2026-08-19T21:12:20.631006+09:00
Subtitling Format,2400.0,1.0,success,False,2026-08-23T13:06:17.940469+09:00
Subtitling Frame,,,failed,False,2026-08-19T21:29:47.496953+09:00
Subtitling Fund,,,failed,False,2026-08-21T02:29:07.517005+09:00
Subtitling Gate,,,failed,False,2026-08-19T21:03:27.831086+09:00
Subtitling Generator,,,failed,False,2026-08-27T23:32:01.853038+09:00
Subtitling Giveaway,,,failed,False,2026-08-27T21:18:45.597821+09:00
Subtitling Grade,,,failed,False,2026-08-21T00:28:15.750952+09:00
Subtitling Grid,,,failed,False,2026-08-19T21:29:10.316262+09:00
Subtitling Guarantee,,,failed,False,2026-08-28T01:03:48.385418+09:00
Subtitling Guardian,,,failed,False,2026-08-28T00:22:26.191039+09:00
Subtitling Helpdesk,,,failed,False,2026-08-27T22:51:39.171829+09:00
Subtitling Helper,,,failed,False,2026-08-28T00:22:31.262546+09:00
Subtitling History,,,failed,False,2026-08-19T21:14:09.280828+09:00
Subtitling Hotline,,,failed,False,2026-08-19T21:17:25.572760+09:00
Subtitling Hub,,,failed,False,2026-08-19T21:17:53.819858+09:00
Subtitling Identifier,,,failed,False,2026-08-23T13:06:13.755843+09:00
Subtitling Inbox,,,failed,False,2026-08-19T21:10:05.581791+09:00
Subtitling Incentive,,,failed,False,2026-08-27T21:18:35.629474+09:00
Subtitling Index,,,failed,False,2026-08-19T21:16:23.704707+09:00
Subtitling Installment,,,failed,False,2026-08-23T16:15:25.443589+09:00
Subtitling Item,,,failed,False,2026-08-21T01:55:59.445411+09:00
Subtitling Journal,,,failed,False,2026-08-19T21:06:25.471396+09:00
Subtitling Keeper,,,failed,False,2026-08-19T21:04:08.048540+09:00
Subtitling Kiosk,,,failed,False,2026-08-19T21:08:07.894185+09:00
Subtitling Kit,,,failed,False,2026-08-27T22:51:33.320373+09:00
Subtitling Lab,,,failed,False,2026-08-19T21:30:36.862882+09:00
Subtitling Label,,,failed,False,2026-08-27T22:14:08.565651+09:00
Subtitling Ledger,,,failed,False,2026-08-19T21:30:07.251599+09:00
Subtitling Level,,,failed,False,2026-08-19T21:14:29.704334+09:00
Subtitling Levy,,,failed,False,2026-08-23T13:47:09.314181+09:00
Subtitling Line,,,failed,False,2026-08-19T21:11:21.991848+09:00
Subtitling Link,,,failed,False,2026-08-23T03:16:04.926690+09:00
Subtitling List,,,failed,False,2026-08-19T22:03:39.900427+09:00
Subtitling Loan,,,failed,False,2026-08-21T02:12:35.738319+09:00
Subtitling Locator,,,failed,False,2026-08-19T21:07:04.594270+09:00
Subtitling Log,,,failed,False,2026-08-19T21:12:05.902513+09:00
Subtitling Loop,,,failed,False,2026-08-19T21:29:00.879622+09:00
Subtitling Manager,,,failed,False,2026-08-19T21:04:19.743151+09:00
Subtitling Manual,,,failed,False,2026-08-27T22:14:08.565651+09:00
Subtitling Map,,,failed,False,2026-08-19T21:29:40.498335+09:00
Subtitling Margin,,,failed,False,2026-08-23T02:52:35.436753+09:00
Subtitling Marker,,,failed,False,2026-08-23T13:27:28.386352+09:00
Subtitling Markup,,,failed,False,2026-08-23T16:39:38.014835+09:00
Subtitling Memo,,,failed,False,2026-08-21T00:28:23.086581+09:00
Subtitling Monitor,,,failed,False,2026-08-19T21:05:24.897505+09:00
Subtitling Nexus,,,failed,False,2026-08-19T21:03:41.880915+09:00
Subtitling Note,,,failed,False,2026-08-19T21:13:15.643031+09:00
Subtitling Notification,,,failed,False,2026-08-27T22:51:29.683445+09:00
Subtitling Number,,,failed,False,2026-08-23T03:15:55.657138+09:00
Subtitling Ops,,,failed,False,2026-08-19T21:06:02.010882+09:00
Subtitling Order,,,failed,False,2026-08-19T22:03:03.584652+09:00
Subtitling Outpost,,,failed,False,2026-08-19T21:08:48.624997+09:00
Subtitling Overage,,,failed,False,2026-08-27T21:49:38.109800+09:00
Subtitling Overdue,,,failed,False,2026-08-27T21:49:33.781529+09:00
Subtitling Panel,,,failed,False,2026-08-19T21:31:31.502788+09:00
Subtitling Pass,,,failed,False,2026-08-21T00:27:30.325740+09:00
Subtitling Path,,,failed,False,2026-08-19T21:29:24.641827+09:00
Subtitling Payoff,,,failed,False,2026-08-27T21:49:35.975851+09:00
Subtitling Penalty,,,failed,False,2026-08-23T16:39:35.759045+09:00
Subtitling Petition,,,failed,False,2026-08-21T01:03:30.050919+09:00
Subtitling Plan,,,failed,False,2026-08-21T01:56:03.758206+09:00
Subtitling Planner,,,failed,False,2026-08-19T21:04:59.839669+09:00
Subtitling Playbook,,,failed,False,2026-08-19T21:06:13.197757+09:00
Subtitling Plaza,,,failed,False,2026-08-19T21:09:00.850536+09:00
Subtitling Point,,,failed,False,2026-08-19T21:29:30.457441+09:00
Subtitling Portal,,,failed,False,2026-08-19T21:31:14.747264+09:00
Subtitling Post,,,failed,False,2026-08-19T21:08:37.744349+09:00
Subtitling Preview,,,failed,False,2026-08-28T01:03:43.206787+09:00
Subtitling Profile,,,failed,False,2026-08-19T21:13:36.060170+09:00
Subtitling Profit,,,failed,False,2026-08-23T02:52:28.484811+09:00
Subtitling Proposal,,,failed,False,2026-08-28T01:03:45.781044+09:00
Subtitling Queue,,,failed,False,2026-08-19T21:16:48.614230+09:00
Subtitling Quota,,,failed,False,2026-08-21T00:28:30.302130+09:00
Subtitling Rail,,,failed,False,2026-08-19T21:31:56.342454+09:00
Subtitling Rate,20.0,2.0,success,False,2026-08-19T21:14:42.578262+09:00
Subtitling Recap,,,failed,False,2026-08-21T01:03:45.407835+09:00
Subtitling Receipt,,,failed,False,2026-08-19T22:03:20.182030+09:00
Subtitling Register,,,failed,False,2026-08-19T21:05:49.435162+09:00
Subtitling Registry,,,failed,False,2026-08-19T21:06:35.637376+09:00
Subtitling Relay,,,failed,False,2026-08-19T21:18:22.582804+09:00
Subtitling Reminder,,,failed,False,2026-08-19T21:16:02.434865+09:00
Subtitling Report,,,failed,False,2026-08-19T21:11:55.349483+09:00
Subtitling Repository,,,failed,False,2026-08-27T23:09:59.459850+09:00
Subtitling Result,,,failed,False,2026-08-28T00:46:33.624903+09:00
Subtitling Ring,,,failed,False,2026-08-19T21:32:21.399233+09:00
Subtitling Roster,,,failed,False,2026-08-19T21:09:50.193216+09:00
Subtitling Route,,,failed,False,2026-08-19T21:31:50.558670+09:00
Subtitling Rule,,,failed,False,2026-08-23T03:16:13.014331+09:00
Subtitling Sale,,,failed,False,2026-08-21T02:29:14.750230+09:00
Subtitling Sample,,,failed,False,2026-08-19T22:04:20.465966+09:00
Subtitling Scale,,,failed,False,2026-08-19T21:31:40.381854+09:00
Subtitling Scheduler,,,failed,False,2026-08-19T21:05:12.493876+09:00
Subtitling Scope,,,failed,False,2026-08-19T21:20:07.240027+09:00
Subtitling Score,,,failed,False,2026-08-19T21:12:59.685218+09:00
Subtitling Sheet,,,failed,False,2026-08-19T21:12:39.256118+09:00
Subtitling Shortfall,,,failed,False,2026-08-27T21:49:42.725472+09:00
Subtitling Signal,,,failed,False,2026-08-19T21:19:47.057352+09:00
Subtitling Slip,,,failed,False,2026-08-19T22:04:10.383393+09:00
Subtitling Slot,,,failed,False,2026-08-19T22:04:30.317454+09:00
Subtitling Stage,,,failed,False,2026-08-28T00:46:30.511685+09:00
Subtitling Statement,,,failed,False,2026-08-21T00:27:57.987466+09:00
Subtitling Station,,,failed,False,2026-08-19T21:30:45.595196+09:00
Subtitling Status,,,failed,False,2026-08-19T21:13:48.359259+09:00
Subtitling Stub,,,failed,False,2026-08-21T00:27:53.671746+09:00
Subtitling Studio,260.0,7.0,success,False,2026-08-19T21:30:31.013934+09:00
Subtitling Subsidy,,,failed,False,2026-08-23T15:52:07.033808+09:00
Subtitling Sum,,,failed,False,2026-08-21T02:29:01.889757+09:00
Subtitling Summary,,,failed,False,2026-08-19T21:15:40.357740+09:00
Subtitling Tab,,,failed,False,2026-08-21T00:28:44.167575+09:00
Subtitling Table,,,failed,False,2026-08-19T22:03:49.697196+09:00
Subtitling Tag,,,failed,False,2026-08-19T21:13:25.403661+09:00
Subtitling Tally,,,failed,False,2026-08-21T00:28:09.542795+09:00
Subtitling Tariff,,,failed,False,2026-08-21T02:45:19.238792+09:00
Subtitling Tax,,,failed,False,2026-08-21T02:12:31.205964+09:00
Subtitling Terminal,,,failed,False,2026-08-19T21:30:51.810974+09:00
Subtitling Ticker,,,failed,False,2026-08-19T21:11:11.315009+09:00
Subtitling Ticket,,,failed,False,2026-08-19T21:16:33.965835+09:00
Subtitling Tier,,,failed,False,2026-08-28T00:46:33.624903+09:00
Subtitling Timeline,,,failed,False,2026-08-19T21:15:49.735937+09:00
Subtitling Timer,,,failed,False,2026-08-28T00:22:23.551401+09:00
Subtitling Toll,,,failed,False,2026-08-21T02:45:13.542612+09:00
Subtitling Toolbox,,,failed,False,2026-08-28T00:22:28.798439+09:00
Subtitling Total,,,failed,False,2026-08-27T23:09:53.622041+09:00
Subtitling Tracker,,,failed,False,2026-08-19T21:17:35.138769+09:00
Subtitling Trail,,,failed,False,2026-08-19T21:32:06.209951+09:00
Subtitling Trend,,,failed,False,2026-08-28T01:03:40.758183+09:00
Subtitling Trial,,,failed,False,2026-08-27T21:18:35.629474+09:00
Subtitling Unit,,,failed,False,2026-08-21T01:56:01.200736+09:00
Subtitling Update,,,failed,False,2026-08-19T21:14:51.947092+09:00
Subtitling Value,,,failed,False,2026-08-23T02:52:30.798474+09:00
Subtitling Vault,,,failed,False,2026-08-19T21:18:32.816387+09:00
Subtitling Version,,,failed,False,2026-08-23T03:15:59.188624+09:00
Subtitling View,,,failed,False,2026-08-19T21:13:59.350184+09:00
Subtitling Voucher,,,failed,False,2026-08-21T00:27:37.591897+09:00
Subtitling Watch,,,failed,False,2026-08-19T21:19:58.668783+09:00
Subtitling Wave,,,failed,False,2026-08-19T21:29:16.026683+09:00
Subtitling Widget,,,failed,False,2026-08-27T23:09:56.910517+09:00
Subtitling Window,,,failed,False,2026-08-19T21:11:31.992305+09:00
Subtitling Worksheet,,,failed,False,2026-08-27T22:14:14.143197+09:00
Subtitling Workshop,3600.0,4.0,success,False,2026-08-28T00:22:26.191039+09:00
Subtitling Yard,,,failed,False,2026-08-19T21:08:15.358718+09:00
Subtitling Zone,,,failed,False,2026-08-19T21:31:09.123245+09:00
Superintendent Advance,,,failed,False,2026-08-23T16:13:55.875301+09:00
Superintendent Alert,,,failed,False,2026-08-21T00:47:07.675748+09:00
Superintendent Allowance,,,failed,False,2026-08-21T02:41:02.522533+09:00
Superintendent Analyzer,,,failed,False,2026-08-27T23:51:35.408395+09:00
Superintendent Arrears,,,failed,False,2026-08-23T16:13:52.514202+09:00
Superintendent Assistant,8100.0,1.0,success,False,2026-08-21T00:45:39.218297+09:00
Superintendent Atlas,,,failed,False,2026-08-21T00:45:26.531767+09:00
Superintendent Attribute,,,failed,False,2026-08-23T13:09:35.316031+09:00
Superintendent Badge,40.0,4.0,success,False,2026-08-21T00:50:09.781883+09:00
Superintendent Base,,,failed,False,2026-08-21T00:43:57.229807+09:00
Superintendent Bay,,,failed,False,2026-08-21T00:46:35.033553+09:00
Superintendent Beacon,,,failed,False,2026-08-21T00:51:07.998109+09:00
Superintendent Bill,,,failed,False,2026-08-21T00:49:35.190382+09:00
Superintendent Board,,,failed,False,2026-08-21T00:44:10.518978+09:00
Superintendent Booth,,,failed,False,2026-08-21T00:46:26.587388+09:00
Superintendent Bridge,10.0,0.0,success,False,2026-08-21T00:51:22.640360+09:00
Superintendent Brief,,,failed,False,2026-08-21T01:00:54.642749+09:00
Superintendent Bulletin,,,failed,False,2026-08-21T01:00:52.686966+09:00
Superintendent Calendar,,,failed,False,2026-08-21T00:45:59.951643+09:00
Superintendent Card,,,failed,False,2026-08-21T00:47:54.639607+09:00
Superintendent Cascade,,,failed,False,2026-08-21T00:51:16.185060+09:00
Superintendent Cash,,,failed,False,2026-08-21T02:23:48.995246+09:00
Superintendent Category,,,failed,False,2026-08-23T13:09:32.906091+09:00
Superintendent Center,,,failed,False,2026-08-21T00:44:32.272154+09:00
Superintendent Chain,,,failed,False,2026-08-21T00:45:10.747399+09:00
Superintendent Charge,,,failed,False,2026-08-21T02:40:43.977421+09:00
Superintendent Chart,10.0,6.0,success,False,2026-08-21T00:47:13.306684+09:00
Superintendent Check,,,failed,False,2026-08-21T00:48:04.911148+09:00
Superintendent Checker,,,failed,False,2026-08-27T23:51:29.405566+09:00
Superintendent Circular,,,failed,False,2026-08-21T01:01:01.220689+09:00
Superintendent Code,,,failed,False,2026-08-21T00:49:44.632195+09:00
Superintendent Companion,,,failed,False,2026-08-21T00:45:47.976857+09:00
Superintendent Comparison,,,failed,False,2026-08-28T01:03:43.206787+09:00
Superintendent Confirmation,,,failed,False,2026-08-21T01:01:11.672775+09:00
Superintendent Console,,,failed,False,2026-08-21T00:44:45.180563+09:00
Superintendent Contribution,,,failed,False,2026-08-23T16:13:47.418622+09:00
Superintendent Core,,,failed,False,2026-08-21T00:43:59.576313+09:00
Superintendent Cost,,,failed,False,2026-08-21T02:06:36.583403+09:00
Superintendent Count,,,failed,False,2026-08-27T22:50:35.805109+09:00
Superintendent Counter,,,failed,False,2026-08-21T00:46:19.116405+09:00
Superintendent Deal,,,failed,False,2026-08-21T01:59:23.833736+09:00
Superintendent Debt,,,failed,False,2026-08-21T02:23:42.049826+09:00
Superintendent Deck,,,failed,False,2026-08-21T00:44:13.071089+09:00
Superintendent Desk,,,failed,False,2026-08-21T00:50:48.093288+09:00
Superintendent Detail,,,failed,False,2026-08-23T03:22:18.461537+09:00
Superintendent Directory,10.0,0.0,success,False,2026-08-21T00:46:03.316699+09:00
Superintendent Discount,,,failed,False,2026-08-23T16:13:42.146359+09:00
Superintendent Dossier,,,failed,False,2026-08-21T01:01:13.751057+09:00
Superintendent Downpayment,,,failed,False,2026-08-27T21:48:20.717175+09:00
Superintendent Draft,,,failed,False,2026-08-21T00:49:01.997073+09:00
Superintendent Due,,,failed,False,2026-08-23T15:51:18.067623+09:00
Superintendent Duty,320.0,1.0,success,False,2026-08-21T02:40:47.085181+09:00
Superintendent Engine,,,failed,False,2026-08-21T00:45:35.455027+09:00
Superintendent Entry,,,failed,False,2026-08-21T01:01:25.263035+09:00
Superintendent Estimate,,,failed,False,2026-08-21T00:49:24.098446+09:00
Superintendent Fare,,,failed,False,2026-08-21T02:06:44.237427+09:00
Superintendent Fee,30.0,0.0,success,False,2026-08-21T01:59:11.823228+09:00
Superintendent Feed,,,failed,False,2026-08-21T00:48:54.666046+09:00
Superintendent Field,,,failed,False,2026-08-23T13:09:37.494287+09:00
Superintendent File,,,failed,False,2026-08-21T00:48:36.635325+09:00
Superintendent Fine,,,failed,False,2026-08-23T02:56:21.131414+09:00
Superintendent Flow,,,failed,False,2026-08-21T00:50:38.979933+09:00
Superintendent Forge,,,failed,False,2026-08-21T00:51:13.532405+09:00
Superintendent Form,10.0,0.0,success,False,2026-08-21T00:47:51.655449+09:00
Superintendent Format,,,failed,False,2026-08-23T13:09:39.563884+09:00
Superintendent Frame,,,failed,False,2026-08-21T00:43:49.917491+09:00
Superintendent Fund,,,failed,False,2026-08-21T02:23:45.182895+09:00
Superintendent Gate,,,failed,False,2026-08-21T00:45:16.204972+09:00
Superintendent Grid,,,failed,False,2026-08-21T00:51:42.581125+09:00
Superintendent Helpdesk,,,failed,False,2026-08-27T22:50:39.556744+09:00
Superintendent Helper,,,failed,False,2026-08-28T00:22:15.974518+09:00
Superintendent History,,,failed,False,2026-08-21T00:48:30.052376+09:00
Superintendent Hub,,,failed,False,2026-08-21T00:50:41.630976+09:00
Superintendent Identifier,,,failed,False,2026-08-23T13:09:30.268446+09:00
Superintendent Inbox,,,failed,False,2026-08-21T00:47:05.432306+09:00
Superintendent Index,,,failed,False,2026-08-21T00:49:15.446712+09:00
Superintendent Installment,,,failed,False,2026-08-23T16:13:45.288195+09:00
Superintendent Item,,,failed,False,2026-08-21T01:59:10.014934+09:00
Superintendent Journal,,,failed,False,2026-08-21T00:45:57.527663+09:00
Superintendent Keeper,,,failed,False,2026-08-21T00:45:30.035458+09:00
Superintendent Kit,,,failed,False,2026-08-27T22:50:33.048353+09:00
Superintendent Lab,30.0,0.0,success,False,2026-08-21T00:44:21.197874+09:00
Superintendent Ledger,,,failed,False,2026-08-21T00:44:07.435932+09:00
Superintendent Level,30.0,0.0,success,False,2026-08-21T00:48:40.223162+09:00
Superintendent Line,,,failed,False,2026-08-21T00:47:32.281403+09:00
Superintendent Link,,,failed,False,2026-08-23T03:22:11.470893+09:00
Superintendent List,140.0,0.0,success,False,2026-08-21T00:49:47.730802+09:00
Superintendent Loan,,,failed,False,2026-08-21T02:06:57.377866+09:00
Superintendent Lobby,,,failed,False,2026-08-21T00:47:26.672100+09:00
Superintendent Locator,,,failed,False,2026-08-21T00:46:06.764298+09:00
Superintendent Locker,,,failed,False,2026-08-21T00:46:23.702871+09:00
Superintendent Log,,,failed,False,2026-08-21T00:47:46.608049+09:00
Superintendent Loop,,,failed,False,2026-08-21T00:51:35.796791+09:00
Superintendent Manager,50.0,0.0,success,False,2026-08-21T00:45:33.278488+09:00
Superintendent Manual,10.0,10.0,success,False,2026-08-27T22:12:29.300608+09:00
Superintendent Map,,,failed,False,2026-08-21T00:43:46.604021+09:00
Superintendent Margin,,,failed,False,2026-08-23T02:56:17.565255+09:00
Superintendent Memo,,,failed,False,2026-08-21T00:50:21.320378+09:00
Superintendent Message,30.0,0.0,success,False,2026-08-27T23:16:21.897779+09:00
Superintendent Monitor,,,failed,False,2026-08-21T00:45:45.302081+09:00
Superintendent Nexus,,,failed,False,2026-08-21T00:45:19.199440+09:00
Superintendent Note,,,failed,False,2026-08-21T00:48:12.190063+09:00
Superintendent Notification,10.0,0.0,success,False,2026-08-27T22:50:28.774616+09:00
Superintendent Number,30.0,0.0,success,False,2026-08-23T03:22:03.644415+09:00
Superintendent Office,1600.0,0.0,success,True,2026-08-21T00:46:15.039620+09:00
Superintendent Ops,,,failed,False,2026-08-21T00:45:52.774285+09:00
Superintendent Order,,,failed,False,2026-08-21T00:49:29.914475+09:00
Superintendent Outpost,,,failed,False,2026-08-21T00:46:42.116087+09:00
Superintendent Overage,,,failed,False,2026-08-27T21:48:18.349819+09:00
Superintendent Overdue,,,failed,False,2026-08-27T21:48:13.959890+09:00
Superintendent Panel,,,failed,False,2026-08-21T00:44:52.376787+09:00
Superintendent Pass,,,failed,False,2026-08-21T00:50:04.499348+09:00
Superintendent Passport,,,failed,False,2026-08-21T00:47:19.116810+09:00
Superintendent Path,,,failed,False,2026-08-21T00:43:36.715710+09:00
Superintendent Payoff,,,failed,False,2026-08-27T21:48:16.120561+09:00
Superintendent Penalty,,,failed,False,2026-08-23T16:38:50.541482+09:00
Superintendent Petition,,,failed,False,2026-08-21T01:01:07.549578+09:00
Superintendent Plan,,,failed,False,2026-08-21T01:59:21.644967+09:00
Superintendent Planner,,,failed,False,2026-08-21T00:45:41.384268+09:00
Superintendent Playbook,,,failed,False,2026-08-21T00:45:54.993375+09:00
Superintendent Plaza,,,failed,False,2026-08-21T00:46:44.759034+09:00
Superintendent Point,,,failed,False,2026-08-21T00:43:44.047110+09:00
Superintendent Portal,,,failed,False,2026-08-21T00:44:42.710868+09:00
Superintendent Post,110.0,0.0,success,False,2026-08-21T00:46:39.668460+09:00
Superintendent Profile,,,failed,False,2026-08-21T00:48:18.650216+09:00
Superintendent Profit,,,failed,False,2026-08-23T02:56:06.421775+09:00
Superintendent Proposal,,,failed,False,2026-08-28T01:03:45.781044+09:00
Superintendent Quota,,,failed,False,2026-08-21T00:50:26.220127+09:00
Superintendent Radar,,,failed,False,2026-08-21T00:50:50.084554+09:00
Superintendent Rail,,,failed,False,2026-08-21T00:45:03.734783+09:00
Superintendent Rate,,,failed,False,2026-08-21T00:48:48.333943+09:00
Superintendent Recap,,,failed,False,2026-08-21T01:01:17.697392+09:00
Superintendent Receipt,,,failed,False,2026-08-21T00:49:37.584742+09:00
Superintendent Recorder,,,failed,False,2026-08-27T23:31:21.274329+09:00
Superintendent Register,,,failed,False,2026-08-21T00:45:50.178398+09:00
Superintendent Relay,,,failed,False,2026-08-21T00:50:54.055448+09:00
Superintendent Reminder,,,failed,False,2026-08-21T00:49:12.731444+09:00
Superintendent Report,20.0,0.0,success,False,2026-08-21T00:47:44.020698+09:00
Superintendent Ring,,,failed,False,2026-08-21T00:45:13.293562+09:00
Superintendent Roll,,,failed,False,2026-08-21T00:47:41.484784+09:00
Superintendent Roster,,,failed,False,2026-08-21T00:47:01.645682+09:00
Superintendent Route,,,failed,False,2026-08-21T00:45:01.205149+09:00
Superintendent Rule,,,failed,False,2026-08-23T03:22:14.563475+09:00
Superintendent Sale,,,failed,False,2026-08-21T02:23:51.443965+09:00
Superintendent Sample,,,failed,False,2026-08-21T00:49:56.955669+09:00
Superintendent Scale,20.0,0.0,success,False,2026-08-21T00:44:54.956989+09:00
Superintendent Scope,,,failed,False,2026-08-21T00:51:33.449317+09:00
Superintendent Score,,,failed,False,2026-08-21T00:48:07.260312+09:00
Superintendent Sheet,,,failed,False,2026-08-21T00:47:57.951273+09:00
Superintendent Shortfall,,,failed,False,2026-08-27T21:48:23.216174+09:00
Superintendent Signal,,,failed,False,2026-08-21T00:51:25.324564+09:00
Superintendent Signature,40.0,0.0,success,False,2026-08-23T13:26:15.190614+09:00
Superintendent Slip,,,failed,False,2026-08-21T00:49:54.532841+09:00
Superintendent Slot,,,failed,False,2026-08-21T00:49:59.942955+09:00
Superintendent Stake,,,failed,False,2026-08-23T02:56:14.910502+09:00
Superintendent Statement,10.0,0.0,success,False,2026-08-21T00:50:17.936305+09:00
Superintendent Station,,,failed,False,2026-08-21T00:44:27.350497+09:00
Superintendent Status,,,failed,False,2026-08-21T00:48:24.716353+09:00
Superintendent Stipend,,,failed,False,2026-08-23T13:45:55.611142+09:00
Superintendent Stub,,,failed,False,2026-08-21T00:50:15.253919+09:00
Superintendent Studio,,,failed,False,2026-08-21T00:44:18.522946+09:00
Superintendent Sum,,,failed,False,2026-08-21T02:23:37.293511+09:00
Superintendent Summary,,,failed,False,2026-08-21T00:49:04.500727+09:00
Superintendent Tab,,,failed,False,2026-08-21T00:50:29.679005+09:00
Superintendent Table,,,failed,False,2026-08-21T00:49:49.714688+09:00
Superintendent Tag,,,failed,False,2026-08-21T00:48:15.897610+09:00
Superintendent Tariff,,,failed,False,2026-08-21T02:41:05.925111+09:00
Superintendent Tax,,,failed,False,2026-08-21T02:06:47.400251+09:00
Superintendent Terminal,,,failed,False,2026-08-21T00:44:30.138587+09:00
Superintendent Ticker,,,failed,False,2026-08-21T00:47:29.450326+09:00
Superintendent Ticket,,,failed,False,2026-08-21T00:49:20.798290+09:00
Superintendent Tier,,,failed,False,2026-08-28T00:46:30.511685+09:00
Superintendent Timeline,,,failed,False,2026-08-21T00:49:09.924663+09:00
Superintendent Toll,,,failed,False,2026-08-21T02:40:49.577434+09:00
Superintendent Toolbox,,,failed,False,2026-08-28T00:22:11.514597+09:00
Superintendent Total,,,failed,False,2026-08-27T23:16:21.897779+09:00
Superintendent Tower,,,failed,False,2026-08-21T00:46:52.072318+09:00
Superintendent Tracker,,,failed,False,2026-08-21T00:50:35.331865+09:00
Superintendent Trail,,,failed,False,2026-08-21T00:45:06.062419+09:00
Superintendent Trial,,,failed,False,2026-08-27T21:17:14.401522+09:00
Superintendent Unit,,,failed,False,2026-08-21T01:59:17.804525+09:00
Superintendent Update,10.0,0.0,success,False,2026-08-21T00:48:51.829218+09:00
Superintendent Value,,,failed,False,2026-08-23T02:56:08.739557+09:00
Superintendent Vault,,,failed,False,2026-08-21T00:51:01.092563+09:00
Superintendent Version,,,failed,False,2026-08-23T03:22:09.250404+09:00
Superintendent View,,,failed,False,2026-08-21T00:48:26.954363+09:00
Superintendent Voucher,,,failed,False,2026-08-21T00:50:07.130228+09:00
Superintendent Wallet,,,failed,False,2026-08-27T22:50:35.805109+09:00
Superintendent Watch,,,failed,False,2026-08-21T00:51:27.534494+09:00
Superintendent Wave,,,failed,False,2026-08-21T00:43:34.117910+09:00
Superintendent Widget,,,failed,False,2026-08-27T23:16:26.018143+09:00
Superintendent Window,,,failed,False,2026-08-21T00:47:34.415597+09:00
Superintendent Worksheet,,,failed,False,2026-08-27T22:12:34.170808+09:00
Superintendent Workshop,,,failed,False,2026-08-28T00:22:04.244333+09:00
Superintendent Yard,,,failed,False,2026-08-21T00:46:31.440534+09:00
Superintendent Zone,,,failed,False,2026-08-21T00:44:38.874906+09:00
Supplier Advance,20.0,2.0,success,False,2026-08-23T16:13:08.662730+09:00
Supplier Advisory,,,failed,False,2026-08-21T00:58:44.836971+09:00
Supplier Allowance,,,failed,False,2026-08-21T02:36:44.892736+09:00
Supplier Almanac,,,failed,False,2026-08-18T22:04:29.881802+09:00
Supplier Analyzer,,,failed,False,2026-08-27T23:54:52.993731+09:00
Supplier Anchor,40.0,54.0,success,False,2026-08-17T20:33:33.696511+09:00
Supplier Arrears,,,failed,False,2026-08-23T16:13:06.452746+09:00
Supplier Asset,,,failed,False,2026-08-23T13:46:24.718234+09:00
Supplier Assistant,320.0,1.0,success,False,2026-08-17T23:14:53.160605+09:00
Supplier Atlas,,,failed,False,2026-08-17T21:33:04.357190+09:00
Supplier Attribute,,,failed,False,2026-08-23T13:06:13.755843+09:00
Supplier Badge,,,failed,False,2026-08-21T00:31:09.970083+09:00
Supplier Balance,30.0,0.0,success,False,2026-08-23T13:46:21.678760+09:00
Supplier Base,480.0,2.0,success,False,2026-08-17T20:47:50.375793+09:00
Supplier Beacon,,,failed,False,2026-08-17T20:37:18.091212+09:00
Supplier Bill,110.0,2.0,success,False,2026-08-19T21:49:01.029648+09:00
Supplier Blueprint,,,failed,False,2026-08-18T22:04:18.397619+09:00
Supplier Board,30.0,2.0,success,False,2026-08-17T20:44:32.138425+09:00
Supplier Book,210.0,45.0,success,False,2026-08-19T21:49:58.938963+09:00
Supplier Bridge,,,failed,False,2026-08-17T20:34:29.454165+09:00
Supplier Brief,20.0,3.0,success,False,2026-08-21T00:58:36.711570+09:00
Supplier Bulletin,,,failed,False,2026-08-21T00:58:32.149871+09:00
Supplier Calendar,20.0,47.0,success,False,2026-08-18T23:58:11.366687+09:00
Supplier Card,320.0,2.0,success,False,2026-08-19T13:28:33.821561+09:00
Supplier Cascade,10.0,0.0,success,False,2026-08-17T20:35:20.751202+09:00
Supplier Cash,,,failed,False,2026-08-21T02:22:32.305318+09:00
Supplier Cashback,,,failed,False,2026-08-27T21:15:25.200797+09:00
Supplier Catalog,140.0,17.0,success,False,2026-08-19T21:03:38.962662+09:00
Supplier Category,170.0,3.0,success,False,2026-08-23T13:06:10.168774+09:00
Supplier Center,110.0,6.0,success,False,2026-08-17T20:39:33.830984+09:00
Supplier Chain,201000.0,10.0,success,False,2026-08-18T07:43:47.974817+09:00
Supplier Charge,20.0,1.0,success,False,2026-08-21T02:38:13.377279+09:00
Supplier Check,90.0,7.0,success,False,2026-08-19T13:28:52.256085+09:00
Supplier Checker,,,failed,False,2026-08-27T23:54:45.435156+09:00
Supplier Circular,,,failed,False,2026-08-21T01:00:03.837469+09:00
Supplier Cockpit,,,failed,False,2026-08-17T23:04:15.040980+09:00
Supplier Code,1300.0,1.0,success,False,2026-08-19T21:49:21.504748+09:00
Supplier Codex,,,failed,False,2026-08-18T22:04:49.273954+09:00
Supplier Companion,,,failed,False,2026-08-17T23:12:59.903146+09:00
Supplier Comparison,90.0,25.0,success,False,2026-08-28T01:05:00.784184+09:00
Supplier Compass,,,failed,False,2026-08-17T20:38:13.537846+09:00
Supplier Compendium,,,failed,False,2026-08-18T22:04:38.583463+09:00
Supplier Confirmation,50.0,4.0,success,False,2026-08-21T00:58:54.317507+09:00
Supplier Console,,,failed,False,2026-08-17T20:36:51.044622+09:00
Supplier Contribution,10.0,0.0,success,False,2026-08-23T16:13:03.003819+09:00
Supplier Core,,,failed,False,2026-08-17T20:46:27.690682+09:00
Supplier Cost,90.0,3.0,success,False,2026-08-21T02:07:16.373051+09:00
Supplier Count,,,failed,False,2026-08-27T22:47:34.273654+09:00
Supplier Counter,,,failed,False,2026-08-18T23:59:02.629298+09:00
Supplier Coupon,260.0,15.0,success,False,2026-08-27T21:15:25.200797+09:00
Supplier Dashboard,210.0,16.0,success,False,2026-08-17T23:05:57.160852+09:00
Supplier Deal,,,failed,False,2026-08-21T01:51:26.021065+09:00
Supplier Debt,10.0,0.0,success,False,2026-08-21T02:22:21.674947+09:00
Supplier Deck,,,failed,False,2026-08-17T20:43:46.830313+09:00
Supplier Depot,50.0,7.0,success,False,2026-08-18T23:58:46.816942+09:00
Supplier Desk,,,failed,False,2026-08-17T20:41:38.152103+09:00
Supplier Detail,20.0,12.0,success,False,2026-08-23T03:16:29.353172+09:00
Supplier Detector,,,failed,False,2026-08-27T23:54:48.967937+09:00
Supplier Diagram,,,failed,False,2026-08-27T22:09:48.398152+09:00
Supplier Dial,,,failed,False,2026-08-17T20:34:53.035348+09:00
Supplier Digest,,,failed,False,2026-08-19T20:46:47.302188+09:00
Supplier Directory,320.0,24.0,success,False,2026-08-18T23:58:19.517114+09:00
Supplier Discount,170.0,14.0,success,False,2026-08-23T16:12:54.608017+09:00
Supplier Dock,,,failed,False,2026-08-18T07:43:35.299259+09:00
Supplier Dossier,10.0,0.0,success,False,2026-08-21T00:58:59.914106+09:00
Supplier Draft,,,failed,False,2026-08-19T20:46:58.036522+09:00
Supplier Due,,,failed,False,2026-08-23T15:51:20.195828+09:00
Supplier Duty,,,failed,False,2026-08-21T02:36:33.361411+09:00
Supplier Engine,10.0,5.0,success,False,2026-08-17T23:13:28.338167+09:00
Supplier Entry,10.0,32.0,success,False,2026-08-21T00:59:12.932532+09:00
Supplier Estimate,,,failed,False,2026-08-19T21:03:23.930623+09:00
Supplier Estimator,,,failed,False,2026-08-27T23:54:40.654466+09:00
Supplier Excerpt,,,failed,False,2026-08-21T00:59:08.363801+09:00
Supplier Extension,,,failed,False,2026-08-23T16:38:16.847667+09:00
Supplier Fare,,,failed,False,2026-08-21T02:07:29.886940+09:00
Supplier Fee,10.0,0.0,success,False,2026-08-21T01:50:54.648591+09:00
Supplier Feed,,,failed,False,2026-08-19T20:46:51.690221+09:00
Supplier File,30.0,5.0,success,False,2026-08-19T20:46:24.803660+09:00
Supplier Finder,140.0,50.0,success,False,2026-08-18T23:58:38.723569+09:00
Supplier Fine,,,failed,False,2026-08-23T02:52:56.566002+09:00
Supplier Flag,,,failed,False,2026-08-21T00:25:07.096192+09:00
Supplier Flow,10.0,22.0,success,False,2026-08-17T20:44:10.950266+09:00
Supplier Forge,,,failed,False,2026-08-17T20:36:18.497930+09:00
Supplier Form,390.0,5.0,success,False,2026-08-19T13:28:19.124767+09:00
Supplier Frame,20.0,89.0,success,False,2026-08-17T21:30:10.122952+09:00
Supplier Fund,,,failed,False,2026-08-21T02:22:24.634972+09:00
Supplier Gate,,,failed,False,2026-08-17T21:35:06.399475+09:00
Supplier Giveaway,,,failed,False,2026-08-27T21:15:31.900187+09:00
Supplier Grade,,,failed,False,2026-08-21T00:24:49.316489+09:00
Supplier Graph,,,failed,False,2026-08-27T22:09:38.149454+09:00
Supplier Grid,,,failed,False,2026-08-18T07:43:23.332018+09:00
Supplier Guarantee,30.0,1.0,success,False,2026-08-28T01:01:36.692864+09:00
Supplier Guard,,,failed,False,2026-08-17T20:47:07.356899+09:00
Supplier Guardian,,,failed,False,2026-08-28T00:24:27.565309+09:00
Supplier Guidebook,,,failed,False,2026-08-18T22:03:55.697842+09:00
Supplier Helpdesk,,,failed,False,2026-08-27T22:47:42.136854+09:00
Supplier Helper,10.0,0.0,success,False,2026-08-28T00:24:29.963051+09:00
Supplier History,,,failed,False,2026-08-19T20:46:20.200545+09:00
Supplier Hotline,,,failed,False,2026-08-19T21:03:53.179213+09:00
Supplier Hub,18100.0,1.0,success,False,2026-08-17T20:43:16.751377+09:00
Supplier Identifier,30.0,0.0,success,False,2026-08-23T13:06:07.907385+09:00
Supplier Incentive,,,failed,False,2026-08-27T21:15:29.439407+09:00
Supplier Index,20.0,3.0,success,False,2026-08-19T21:32:38.095873+09:00
Supplier Insight,40.0,18.0,success,False,2026-08-17T23:09:54.812310+09:00
Supplier Installment,,,failed,False,2026-08-23T16:12:59.279314+09:00
Supplier Interest,20.0,10.0,success,False,2026-08-23T13:46:21.678760+09:00
Supplier Item,40.0,8.0,success,False,2026-08-21T01:51:12.065747+09:00
Supplier Journal,10.0,0.0,success,False,2026-08-18T22:03:23.896977+09:00
Supplier Keeper,,,failed,False,2026-08-17T21:30:43.453478+09:00
Supplier Kit,,,failed,False,2026-08-27T22:47:31.900265+09:00
Supplier Lab,30.0,32.0,success,False,2026-08-17T20:42:01.579820+09:00
Supplier Label,320.0,21.0,success,False,2026-08-27T22:09:41.685906+09:00
Supplier Ledger,170.0,10.0,success,False,2026-08-17T20:45:34.633599+09:00
Supplier Lens,10.0,26.0,success,False,2026-08-17T21:31:17.550614+09:00
Supplier Level,40.0,7.0,success,False,2026-08-19T20:46:27.543041+09:00
Supplier Levy,,,failed,False,2026-08-23T13:46:27.908972+09:00
Supplier Link,720.0,6.0,success,False,2026-08-23T03:16:23.757716+09:00
Supplier List,2400.0,3.0,success,False,2026-08-19T21:49:35.357194+09:00
Supplier Loan,40.0,29.0,success,False,2026-08-21T02:07:37.270032+09:00
Supplier Locator,10.0,57.0,success,False,2026-08-18T23:58:29.314698+09:00
Supplier Lock,,,failed,False,2026-08-17T21:33:30.231055+09:00
Supplier Log,20.0,2.0,success,False,2026-08-19T13:28:10.656877+09:00
Supplier Loop,,,failed,False,2026-08-17T20:32:03.329355+09:00
Supplier Manager,480.0,6.0,success,False,2026-08-17T20:48:26.612997+09:00
Supplier Manual,140.0,2.0,success,False,2026-08-27T22:09:41.685906+09:00
Supplier Map,170.0,20.0,success,False,2026-08-17T21:32:28.090728+09:00
Supplier Margin,20.0,0.0,success,False,2026-08-23T02:52:56.566002+09:00
Supplier Markup,10.0,0.0,success,False,2026-08-23T16:38:14.137829+09:00
Supplier Memo,,,failed,False,2026-08-21T00:24:54.126348+09:00
Supplier Message,,,failed,False,2026-08-27T23:12:37.040829+09:00
Supplier Meter,,,failed,False,2026-08-17T20:34:02.071546+09:00
Supplier Metrics,170.0,21.0,success,False,2026-08-17T23:11:21.548397+09:00
Supplier Monitor,110.0,28.0,success,False,2026-08-17T23:04:07.422993+09:00
Supplier Navigator,,,failed,False,2026-08-17T23:11:28.950122+09:00
Supplier Nexus,,,failed,False,2026-08-17T21:34:01.777052+09:00
Supplier Node,,,failed,False,2026-08-17T21:36:10.133574+09:00
Supplier Note,20.0,1.0,success,False,2026-08-19T13:29:15.231319+09:00
Supplier Notification,20.0,4.0,success,False,2026-08-27T22:47:31.900265+09:00
Supplier Number,590.0,1.0,success,False,2026-08-23T03:16:13.014331+09:00
Supplier Office,368000.0,80.0,success,False,2026-08-18T23:58:54.171473+09:00
Supplier Ops,,,failed,False,2026-08-17T23:07:43.866571+09:00
Supplier Order,1000.0,5.0,success,False,2026-08-19T21:48:48.534569+09:00
Supplier Organizer,210.0,100.0,success,False,2026-08-17T23:15:05.132671+09:00
Supplier Overdue,,,failed,False,2026-08-27T21:46:42.401025+09:00
Supplier Panel,2400.0,2.0,success,False,2026-08-17T20:35:51.368204+09:00
Supplier Pass,,,failed,False,2026-08-21T00:30:57.917323+09:00
Supplier Path,,,failed,False,2026-08-17T21:35:38.144027+09:00
Supplier Payoff,,,failed,False,2026-08-27T21:46:42.401025+09:00
Supplier Penalty,,,failed,False,2026-08-23T16:38:11.972867+09:00
Supplier Petition,,,failed,False,2026-08-21T00:58:49.473587+09:00
Supplier Pilot,,,failed,False,2026-08-17T20:42:21.345142+09:00
Supplier Plan,20.0,7.0,success,False,2026-08-21T01:51:22.429358+09:00
Supplier Planner,5400.0,5.0,success,False,2026-08-17T23:08:11.112323+09:00
Supplier Playbook,,,failed,False,2026-08-18T22:03:11.971226+09:00
Supplier Point,10.0,0.0,success,False,2026-08-17T21:34:31.783933+09:00
Supplier Portal,14800.0,8.0,success,False,2026-08-17T20:37:49.257868+09:00
Supplier Preview,,,failed,False,2026-08-28T01:01:32.188675+09:00
Supplier Profile,170.0,4.0,success,False,2026-08-19T13:29:46.780078+09:00
Supplier Profit,,,failed,False,2026-08-23T02:52:49.123666+09:00
Supplier Proposal,30.0,1.0,success,False,2026-08-28T01:01:36.692864+09:00
Supplier Pulse,,,failed,False,2026-08-18T07:43:25.661274+09:00
Supplier Quota,,,failed,False,2026-08-21T00:25:02.156940+09:00
Supplier Radar,,,failed,False,2026-08-17T20:40:49.686418+09:00
Supplier Rail,,,failed,False,2026-08-17T20:32:41.344957+09:00
Supplier Rank,,,failed,False,2026-08-28T00:47:24.969957+09:00
Supplier Rate,170.0,6.0,success,False,2026-08-19T20:46:33.393422+09:00
Supplier Recap,,,failed,False,2026-08-21T01:00:08.450743+09:00
Supplier Receipt,50.0,35.0,success,False,2026-08-19T21:49:11.434209+09:00
Supplier Register,90.0,9.0,success,False,2026-08-17T23:06:04.469497+09:00
Supplier Registry,1900.0,10.0,success,False,2026-08-18T22:04:07.158721+09:00
Supplier Relay,,,failed,False,2026-08-17T20:40:03.112671+09:00
Supplier Reminder,,,failed,False,2026-08-19T21:32:36.347329+09:00
Supplier Report,90.0,1.0,success,False,2026-08-19T13:28:03.494645+09:00
Supplier Repository,,,failed,False,2026-08-27T23:12:44.367905+09:00
Supplier Roadmap,10.0,3.0,success,False,2026-08-18T22:04:58.367673+09:00
Supplier Roster,40.0,18.0,success,False,2026-08-19T00:37:34.373704+09:00
Supplier Route,,,failed,False,2026-08-17T20:31:52.293572+09:00
Supplier Rule,,,failed,False,2026-08-23T03:16:26.068243+09:00
Supplier Sale,70.0,14.0,success,False,2026-08-21T02:22:35.993251+09:00
Supplier Sample,10.0,0.0,success,False,2026-08-19T21:50:21.596797+09:00
Supplier Scale,,,failed,False,2026-08-17T20:32:58.642411+09:00
Supplier Scanner,,,failed,False,2026-08-27T23:54:45.435156+09:00
Supplier Scheduler,,,failed,False,2026-08-17T23:09:46.743330+09:00
Supplier Scope,40.0,0.0,success,False,2026-08-18T07:52:37.222006+09:00
Supplier Score,50.0,15.0,success,False,2026-08-19T13:29:00.478751+09:00
Supplier Sentry,,,failed,False,2026-08-17T21:31:52.108049+09:00
Supplier Sheet,90.0,5.0,success,False,2026-08-19T13:28:43.746659+09:00
Supplier Shortfall,,,failed,False,2026-08-27T21:46:44.901733+09:00
Supplier Signal,,,failed,False,2026-08-17T20:32:23.142780+09:00
Supplier Signature,50.0,3.0,success,False,2026-08-23T13:27:11.117738+09:00
Supplier Slip,,,failed,False,2026-08-19T21:50:09.573666+09:00
Supplier Slot,,,failed,False,2026-08-19T21:50:33.278837+09:00
Supplier Snapshot,,,failed,False,2026-08-18T22:03:44.456415+09:00
Supplier Stake,,,failed,False,2026-08-23T02:52:54.203392+09:00
Supplier Statement,2400.0,5.0,success,False,2026-08-21T00:31:19.573899+09:00
Supplier Station,10.0,0.0,success,False,2026-08-17T20:41:11.362619+09:00
Supplier Status,40.0,2.0,success,False,2026-08-19T20:46:08.912085+09:00
Supplier Stub,,,failed,False,2026-08-21T00:31:14.600161+09:00
Supplier Studio,90.0,0.0,success,False,2026-08-17T20:42:49.578916+09:00
Supplier Subsidy,,,failed,False,2026-08-23T15:51:20.195828+09:00
Supplier Suite,,,failed,False,2026-08-17T23:08:02.086738+09:00
Supplier Sum,,,failed,False,2026-08-21T02:22:16.250751+09:00
Supplier Summary,10.0,2.0,success,False,2026-08-19T21:32:32.734528+09:00
Supplier Sync,10.0,21.0,success,False,2026-08-17T20:45:12.889782+09:00
Supplier Tab,,,failed,False,2026-08-21T00:25:15.691482+09:00
Supplier Table,70.0,32.0,success,False,2026-08-19T21:49:45.321625+09:00
Supplier Tag,10.0,22.0,success,False,2026-08-19T13:29:31.691093+09:00
Supplier Tally,,,failed,False,2026-08-21T00:24:39.947545+09:00
Supplier Tariff,,,failed,False,2026-08-21T02:36:47.930212+09:00
Supplier Tax,20.0,1.0,success,False,2026-08-21T02:07:34.217644+09:00
Supplier Ticket,,,failed,False,2026-08-19T21:32:39.944567+09:00
Supplier Tier,50.0,0.0,success,False,2026-08-28T00:47:24.969957+09:00
Supplier Timeline,,,failed,False,2026-08-19T21:32:34.534523+09:00
Supplier Toll,,,failed,False,2026-08-21T02:36:37.228119+09:00
Supplier Toolbox,10.0,26.0,success,False,2026-08-28T00:24:27.565309+09:00
Supplier Toolkit,50.0,7.0,success,False,2026-08-18T22:03:00.985111+09:00
Supplier Total,,,failed,False,2026-08-27T23:12:37.040829+09:00
Supplier Tracker,70.0,17.0,success,False,2026-08-17T20:45:58.318950+09:00
Supplier Trail,,,failed,False,2026-08-17T20:31:29.603433+09:00
Supplier Trend,,,failed,False,2026-08-28T01:04:57.702842+09:00
Supplier Trial,,,failed,False,2026-08-27T21:15:29.439407+09:00
Supplier Unit,,,failed,False,2026-08-21T01:51:15.763734+09:00
Supplier Update,20.0,0.0,success,False,2026-08-19T20:46:39.045000+09:00
Supplier Value,10.0,0.0,success,False,2026-08-23T02:52:51.254134+09:00
Supplier Vault,20.0,1.0,success,False,2026-08-17T20:39:11.470645+09:00
Supplier Version,,,failed,False,2026-08-23T03:16:19.788711+09:00
Supplier View,30.0,1.0,success,False,2026-08-19T20:46:13.766068+09:00
Supplier Voucher,20.0,44.0,success,False,2026-08-21T00:31:03.590955+09:00
Supplier Wallet,,,failed,False,2026-08-27T22:47:34.273654+09:00
Supplier Watch,140.0,56.0,success,False,2026-08-18T07:52:37.222006+09:00
Supplier Wave,,,failed,False,2026-08-17T21:36:38.708092+09:00
Supplier Widget,,,failed,False,2026-08-27T23:12:39.391295+09:00
Supplier Workbench,,,failed,False,2026-08-18T22:02:50.623197+09:00
Supplier Worksheet,,,failed,False,2026-08-27T22:09:48.398152+09:00
Supplier Workshop,20.0,2.0,success,False,2026-08-28T00:24:22.351196+09:00
Supplier Zone,20.0,2.0,success,False,2026-08-17T20:38:37.912313+09:00
Supply Advance,,,failed,False,2026-08-23T16:16:06.207689+09:00
Supply Advisory,,,failed,False,2026-08-21T01:00:56.888807+09:00
Supply Allowance,20.0,0.0,success,False,2026-08-21T02:41:21.123178+09:00
Supply Almanac,,,failed,False,2026-08-18T22:08:45.047635+09:00
Supply Analyzer,,,failed,False,2026-08-27T23:59:12.622196+09:00
Supply Anchor,,,failed,False,2026-08-17T23:28:22.691550+09:00
Supply Arrears,,,failed,False,2026-08-23T16:16:06.207689+09:00
Supply Asset,,,failed,False,2026-08-23T13:47:51.726767+09:00
Supply Assistant,320.0,1.0,success,False,2026-08-17T23:24:26.895595+09:00
Supply Atlas,,,failed,False,2026-08-17T23:23:29.892589+09:00
Supply Attribute,,,failed,False,2026-08-23T13:07:53.746009+09:00
Supply Balance,20.0,0.0,success,False,2026-08-23T13:47:49.087746+09:00
Supply Base,480.0,2.0,success,False,2026-08-17T23:30:24.350682+09:00
Supply Beacon,20.0,0.0,success,False,2026-08-17T23:27:53.024871+09:00
Supply Bill,170.0,0.0,success,False,2026-08-19T22:07:41.945033+09:00
Supply Bin,260.0,98.0,success,False,2026-08-19T12:25:21.965141+09:00
Supply Blueprint,,,failed,False,2026-08-18T22:08:36.440640+09:00
Supply Board,320.0,9.0,success,False,2026-08-17T23:12:55.157000+09:00
Supply Book,140.0,2.0,success,False,2026-08-19T21:46:42.037661+09:00
Supply Bridge,480.0,96.0,success,False,2026-08-17T23:11:35.407010+09:00
Supply Brief,,,failed,False,2026-08-21T01:00:50.612821+09:00
Supply Bulletin,450000.0,3.0,success,False,2026-08-21T01:00:44.838906+09:00
Supply Cabinet,720.0,100.0,success,False,2026-08-27T23:16:11.688627+09:00
Supply Calculator,210.0,1.0,success,False,2026-08-27T23:36:40.825682+09:00
Supply Calendar,210.0,49.0,success,False,2026-08-19T00:02:39.195734+09:00
Supply Card,320.0,2.0,success,False,2026-08-19T13:32:52.541757+09:00
Supply Cascade,,,failed,False,2026-08-17T23:28:07.981645+09:00
Supply Cash,260.0,66.0,success,False,2026-08-21T02:25:47.031494+09:00
Supply Cashback,,,failed,False,2026-08-27T21:18:35.629474+09:00
Supply Category,30.0,0.0,success,False,2026-08-23T13:07:53.746009+09:00
Supply Center,1600.0,5.0,success,False,2026-08-17T23:09:22.045461+09:00
Supply Chain,201000.0,10.0,success,False,2026-08-17T23:14:10.961193+09:00
Supply Charge,390.0,13.0,success,False,2026-08-21T02:41:10.290966+09:00
Supply Check,170.0,3.0,success,False,2026-08-19T13:33:08.765794+09:00
Supply Checker,170.0,3.0,success,False,2026-08-27T23:59:07.749698+09:00
Supply Circular,,,failed,False,2026-08-21T01:02:29.218317+09:00
Supply Cockpit,,,failed,False,2026-08-17T23:15:25.442488+09:00
Supply Code,320.0,0.0,success,False,2026-08-19T21:46:07.673702+09:00
Supply Codex,,,failed,False,2026-08-18T22:09:01.069434+09:00
Supply Companion,,,failed,False,2026-08-17T23:26:13.004123+09:00
Supply Comparison,,,failed,False,2026-08-28T01:09:03.847299+09:00
Supply Compass,260.0,1.0,success,False,2026-08-17T23:10:00.779750+09:00
Supply Compendium,,,failed,False,2026-08-18T22:08:52.301038+09:00
Supply Confirmation,,,failed,False,2026-08-21T01:01:05.241118+09:00
Supply Console,10.0,0.0,success,False,2026-08-17T23:32:11.092346+09:00
Supply Core,1000.0,0.0,success,True,2026-08-17T23:05:47.972316+09:00
Supply Cost,390.0,3.0,success,False,2026-08-21T02:10:00.502849+09:00
Supply Count,,,failed,False,2026-08-27T22:50:47.949618+09:00
Supply Counter,20.0,2.0,success,False,2026-08-19T00:03:25.935082+09:00
Supply Coupon,260.0,15.0,success,False,2026-08-27T21:18:35.629474+09:00
Supply Dashboard,320.0,6.0,success,False,2026-08-17T23:25:59.230175+09:00
Supply Deal,40.0,21.0,success,False,2026-08-21T01:54:04.879612+09:00
Supply Debt,,,failed,False,2026-08-21T02:25:39.755040+09:00
Supply Deck,,,failed,False,2026-08-17T23:30:54.077179+09:00
Supply Depot,4400.0,51.0,success,False,2026-08-19T00:03:09.712807+09:00
Supply Desk,880.0,4.0,success,False,2026-08-17T23:08:13.716761+09:00
Supply Detail,9900.0,90.0,success,False,2026-08-23T03:20:32.320134+09:00
Supply Detector,,,failed,False,2026-08-27T23:59:12.622196+09:00
Supply Dial,,,failed,False,2026-08-17T23:32:27.078253+09:00
Supply Digest,,,failed,False,2026-08-19T20:47:39.914949+09:00
Supply Directory,320.0,24.0,success,False,2026-08-19T00:02:48.631996+09:00
Supply Discount,110.0,30.0,success,False,2026-08-23T16:15:57.304809+09:00
Supply Dock,20.0,5.0,success,False,2026-08-17T23:32:52.026751+09:00
Supply Dossier,,,failed,False,2026-08-21T01:01:09.555377+09:00
Supply Downpayment,,,failed,False,2026-08-27T21:49:38.109800+09:00
Supply Draft,,,failed,False,2026-08-19T20:47:51.523685+09:00
Supply Due,,,failed,False,2026-08-23T15:52:31.168291+09:00
Supply Duty,,,failed,False,2026-08-21T02:41:14.911892+09:00
Supply Engine,390.0,18.0,success,False,2026-08-17T23:12:11.666158+09:00
Supply Entry,,,failed,False,2026-08-21T01:01:20.027256+09:00
Supply Estimate,20.0,0.0,success,False,2026-08-19T21:32:55.348476+09:00
Supply Estimator,,,failed,False,2026-08-27T23:59:02.052548+09:00
Supply Extension,140.0,76.0,success,False,2026-08-23T16:39:50.503833+09:00
Supply Fare,,,failed,False,2026-08-21T02:10:04.981055+09:00
Supply Fee,320.0,0.0,success,False,2026-08-21T01:53:38.487807+09:00
Supply Feed,720.0,4.0,success,False,2026-08-19T20:47:43.737608+09:00
Supply File,10.0,10.0,success,False,2026-08-19T20:47:15.115131+09:00
Supply Finder,140.0,10.0,success,False,2026-08-19T00:03:04.417889+09:00
Supply Fine,,,failed,False,2026-08-23T02:55:47.607915+09:00
Supply Flag,,,failed,False,2026-08-21T00:27:42.259289+09:00
Supply Flow,140.0,5.0,success,False,2026-08-17T23:26:55.594772+09:00
Supply Forge,,,failed,False,2026-08-17T23:04:19.754704+09:00
Supply Form,260.0,1.0,success,False,2026-08-19T13:32:45.255500+09:00
Supply Format,,,failed,False,2026-08-23T13:07:59.189669+09:00
Supply Frame,1600.0,13.0,success,False,2026-08-17T23:11:16.019102+09:00
Supply Fund,20.0,0.0,success,False,2026-08-21T02:25:44.046093+09:00
Supply Gate,50.0,27.0,success,False,2026-08-17T23:33:31.331574+09:00
Supply Generator,1600.0,41.0,success,False,2026-08-27T23:36:44.866320+09:00
Supply Giveaway,20.0,2.0,success,False,2026-08-27T21:18:48.752837+09:00
Supply Grade,,,failed,False,2026-08-21T00:27:19.385133+09:00
Supply Graph,2900.0,1.0,success,False,2026-08-27T22:14:08.565651+09:00
Supply Grid,260.0,2.0,success,False,2026-08-17T23:07:56.377169+09:00
Supply Guarantee,30.0,1.0,success,False,2026-08-28T01:09:06.544338+09:00
Supply Guard,50.0,4.0,success,False,2026-08-17T23:11:53.398319+09:00
Supply Guardian,,,failed,False,2026-08-28T00:27:35.071119+09:00
Supply Guidebook,,,failed,False,2026-08-18T22:08:19.564377+09:00
Supply Helpdesk,,,failed,False,2026-08-27T22:50:55.041515+09:00
Supply Helper,20.0,2.0,success,False,2026-08-28T00:27:35.071119+09:00
Supply History,20.0,0.0,success,False,2026-08-19T20:47:10.772818+09:00
Supply Hub,1300.0,5.0,success,False,2026-08-17T23:13:32.470918+09:00
Supply Identifier,,,failed,False,2026-08-23T13:07:51.086484+09:00
Supply Incentive,,,failed,False,2026-08-27T21:18:45.597821+09:00
Supply Index,20.0,1.0,success,False,2026-08-19T21:32:49.180215+09:00
Supply Insight,10.0,2.0,success,False,2026-08-17T23:08:38.142070+09:00
Supply Installment,,,failed,False,2026-08-23T16:16:00.073730+09:00
Supply Item,170.0,9.0,success,False,2026-08-21T01:53:49.077325+09:00
Supply Journal,8100.0,100.0,success,False,2026-08-18T22:08:04.928972+09:00
Supply Keeper,,,failed,False,2026-08-17T23:23:45.943375+09:00
Supply Kiosk,,,failed,False,2026-08-19T00:23:44.917101+09:00
Supply Kit,880.0,14.0,success,False,2026-08-27T22:50:43.878395+09:00
Supply Lab,1000.0,77.0,success,False,2026-08-17T23:31:17.212800+09:00
Supply Label,110.0,99.0,success,False,2026-08-27T22:14:08.565651+09:00
Supply Ledger,170.0,10.0,success,False,2026-08-17T23:30:39.559752+09:00
Supply Lens,260.0,32.0,success,False,2026-08-17T23:30:11.118322+09:00
Supply Level,170.0,13.0,success,False,2026-08-19T20:47:22.248072+09:00
Supply Levy,,,failed,False,2026-08-23T13:47:56.055627+09:00
Supply Link,720.0,6.0,success,False,2026-08-23T03:20:22.973389+09:00
Supply List,5400.0,3.0,success,False,2026-08-19T21:46:20.188818+09:00
Supply Loan,30.0,20.0,success,False,2026-08-21T02:10:13.973101+09:00
Supply Locator,140.0,22.0,success,False,2026-08-19T00:02:56.248931+09:00
Supply Lock,20.0,58.0,success,False,2026-08-17T23:29:55.087176+09:00
Supply Log,210.0,9.0,success,False,2026-08-19T13:32:40.491815+09:00
Supply Loop,10.0,1.0,success,False,2026-08-17T23:29:03.554808+09:00
Supply Manager,1900.0,8.0,success,False,2026-08-17T23:04:59.397693+09:00
Supply Manual,260.0,0.0,success,False,2026-08-27T22:14:08.565651+09:00
Supply Map,90.0,5.0,success,False,2026-08-17T23:04:01.438390+09:00
Supply Margin,10.0,0.0,success,False,2026-08-23T02:55:43.726129+09:00
Supply Markup,,,failed,False,2026-08-23T16:39:47.689837+09:00
Supply Memo,10.0,0.0,success,False,2026-08-21T00:27:27.558535+09:00
Supply Message,10.0,0.0,success,False,2026-08-27T23:16:04.692896+09:00
Supply Meter,70.0,13.0,success,False,2026-08-17T23:05:24.872109+09:00
Supply Metrics,70.0,3.0,success,False,2026-08-17T23:25:43.129443+09:00
Supply Monitor,110.0,4.0,success,False,2026-08-17T23:25:05.910381+09:00
Supply Navigator,,,failed,False,2026-08-17T23:10:18.497736+09:00
Supply Nexus,170.0,4.0,success,False,2026-08-17T22:48:03.176041+09:00
Supply Node,40.0,0.0,success,False,2026-08-17T23:08:54.682716+09:00
Supply Note,6600.0,1.0,success,False,2026-08-19T13:33:40.733972+09:00
Supply Notification,,,failed,False,2026-08-27T22:50:39.556744+09:00
Supply Number,260.0,0.0,success,False,2026-08-23T03:20:15.434284+09:00
Supply Office,368000.0,80.0,success,False,2026-08-19T00:03:16.369023+09:00
Supply Ops,3600.0,13.0,success,False,2026-08-17T23:26:27.360355+09:00
Supply Order,1000.0,5.0,success,False,2026-08-19T22:07:28.246340+09:00
Supply Organizer,210.0,100.0,success,False,2026-08-17T23:13:49.973223+09:00
Supply Overage,,,failed,False,2026-08-27T21:49:38.109800+09:00
Supply Overdraft,,,failed,False,2026-08-23T15:52:31.168291+09:00
Supply Overdue,,,failed,False,2026-08-27T21:49:33.781529+09:00
Supply Panel,170.0,6.0,success,False,2026-08-17T23:10:55.434729+09:00
Supply Path,20.0,6.0,success,False,2026-08-17T23:29:38.825411+09:00
Supply Payoff,,,failed,False,2026-08-27T21:49:35.975851+09:00
Supply Penalty,,,failed,False,2026-08-23T16:39:47.689837+09:00
Supply Petition,,,failed,False,2026-08-21T01:01:01.220689+09:00
Supply Pilot,1600.0,77.0,success,False,2026-08-17T23:27:13.113305+09:00
Supply Plan,1900.0,8.0,success,False,2026-08-21T01:54:02.992561+09:00
Supply Planner,1900.0,8.0,success,False,2026-08-17T23:06:52.573020+09:00
Supply Playbook,,,failed,False,2026-08-18T22:07:58.079048+09:00
Supply Point,1600.0,6.0,success,False,2026-08-17T23:09:40.999221+09:00
Supply Portal,1000.0,2.0,success,False,2026-08-17T23:03:39.400104+09:00
Supply Profile,20.0,0.0,success,False,2026-08-19T13:33:54.731377+09:00
Supply Profit,10.0,1.0,success,False,2026-08-23T02:55:35.353388+09:00
Supply Proposal,40.0,68.0,success,False,2026-08-28T01:09:03.847299+09:00
Supply Pulse,110.0,0.0,success,False,2026-08-17T23:29:20.352796+09:00
Supply Quota,10.0,0.0,success,False,2026-08-21T00:27:34.970005+09:00
Supply Radar,30.0,0.0,success,False,2026-08-17T23:27:26.699527+09:00
Supply Rail,90.0,13.0,success,False,2026-08-17T23:07:13.674847+09:00
Supply Rank,,,failed,False,2026-08-28T00:49:09.988603+09:00
Supply Rate,170.0,6.0,success,False,2026-08-19T20:47:28.016879+09:00
Supply Recap,,,failed,False,2026-08-21T01:01:11.672775+09:00
Supply Receipt,40.0,24.0,success,False,2026-08-19T21:45:53.420711+09:00
Supply Recorder,,,failed,False,2026-08-27T23:36:44.866320+09:00
Supply Register,1300.0,84.0,success,False,2026-08-17T23:04:39.264131+09:00
Supply Registry,,,failed,False,2026-08-18T22:08:28.742242+09:00
Supply Relay,20.0,20.0,success,False,2026-08-17T23:15:07.247244+09:00
Supply Reminder,,,failed,False,2026-08-19T21:32:47.158972+09:00
Supply Report,50.0,0.0,success,False,2026-08-19T13:32:25.938189+09:00
Supply Roadmap,,,failed,False,2026-08-18T22:09:09.487365+09:00
Supply Roster,,,failed,False,2026-08-19T00:36:57.137576+09:00
Supply Route,260.0,0.0,success,False,2026-08-17T23:12:30.403803+09:00
Supply Rule,110.0,0.0,success,False,2026-08-23T03:20:27.097448+09:00
Supply Sale,210.0,22.0,success,False,2026-08-21T02:25:50.623607+09:00
Supply Sample,10.0,0.0,success,False,2026-08-19T21:47:05.219311+09:00
Supply Scale,,,failed,False,2026-08-17T23:32:40.699548+09:00
Supply Scanner,20.0,6.0,success,False,2026-08-27T23:59:07.749698+09:00
Supply Scheduler,,,failed,False,2026-08-17T23:24:49.201687+09:00
Supply Scope,880.0,1.0,success,False,2026-08-17T23:13:13.553145+09:00
Supply Score,,,failed,False,2026-08-19T13:33:37.732630+09:00
Supply Sentry,,,failed,False,2026-08-17T23:10:35.067749+09:00
Supply Sheet,90.0,14.0,success,False,2026-08-19T13:33:02.578163+09:00
Supply Shortfall,20.0,0.0,success,False,2026-08-27T21:49:42.725472+09:00
Supply Signal,90.0,0.0,success,False,2026-08-17T23:06:09.735984+09:00
Supply Signature,,,failed,False,2026-08-23T13:27:54.146441+09:00
Supply Slip,20.0,0.0,success,False,2026-08-19T21:46:54.129984+09:00
Supply Slot,10.0,0.0,success,False,2026-08-19T21:47:24.408619+09:00
Supply Snapshot,,,failed,False,2026-08-18T22:08:12.988621+09:00
Supply Stage,,,failed,False,2026-08-28T00:49:05.838031+09:00
Supply Stake,,,failed,False,2026-08-23T02:55:41.389421+09:00
Supply Statement,2400.0,5.0,success,False,2026-08-21T00:27:00.975108+09:00
Supply Station,260.0,7.0,success,False,2026-08-17T23:14:27.748058+09:00
Supply Status,140.0,0.0,success,False,2026-08-19T20:47:00.737978+09:00
Supply Streak,,,failed,False,2026-08-28T00:49:05.838031+09:00
Supply Studio,260.0,11.0,success,False,2026-08-17T23:07:36.976637+09:00
Supply Subsidy,10.0,0.0,success,False,2026-08-23T15:52:33.187171+09:00
Supply Suite,,,failed,False,2026-08-17T23:24:07.376365+09:00
Supply Sum,,,failed,False,2026-08-21T02:25:31.969034+09:00
Supply Summary,10.0,0.0,success,False,2026-08-19T21:32:42.554846+09:00
Supply Surtax,,,failed,False,2026-08-23T15:52:35.720858+09:00
Supply Sync,140.0,0.0,success,False,2026-08-17T23:06:29.811396+09:00
Supply Tab,10.0,0.0,success,False,2026-08-21T00:27:51.416222+09:00
Supply Table,260.0,27.0,success,False,2026-08-19T21:46:29.828345+09:00
Supply Tag,,,failed,False,2026-08-19T13:33:49.819535+09:00
Supply Tally,,,failed,False,2026-08-21T00:27:09.364121+09:00
Supply Tariff,10.0,0.0,success,False,2026-08-21T02:41:28.147668+09:00
Supply Tax,70.0,0.0,success,False,2026-08-21T02:10:09.458176+09:00
Supply Ticket,20.0,0.0,success,False,2026-08-19T21:32:52.200900+09:00
Supply Tier,,,failed,False,2026-08-28T00:49:09.988603+09:00
Supply Timeline,,,failed,False,2026-08-19T21:32:44.531306+09:00
Supply Timer,,,failed,False,2026-08-28T00:27:31.291174+09:00
Supply Toll,,,failed,False,2026-08-21T02:41:18.531749+09:00
Supply Toolbox,90.0,59.0,success,False,2026-08-28T00:27:35.071119+09:00
Supply Toolkit,,,failed,False,2026-08-18T22:07:49.432223+09:00
Supply Total,10.0,0.0,success,False,2026-08-27T23:16:07.710810+09:00
Supply Tracker,260.0,15.0,success,False,2026-08-17T23:26:38.652949+09:00
Supply Trail,30.0,1.0,success,False,2026-08-17T23:33:04.806706+09:00
Supply Trend,20.0,7.0,success,False,2026-08-28T01:09:01.288346+09:00
Supply Trial,,,failed,False,2026-08-27T21:18:45.597821+09:00
Supply Unit,260.0,5.0,success,False,2026-08-21T01:53:55.864574+09:00
Supply Update,30.0,1.0,success,False,2026-08-19T20:47:33.785997+09:00
Supply Value,720.0,3.0,success,False,2026-08-23T02:55:38.114180+09:00
Supply Vault,320.0,1.0,success,False,2026-08-17T23:27:41.420797+09:00
Supply Version,,,failed,False,2026-08-23T03:20:18.367542+09:00
Supply View,30.0,1.0,success,False,2026-08-19T20:47:06.290958+09:00
Supply Watch,590.0,80.0,success,False,2026-08-17T23:28:46.712952+09:00
Supply Wave,40.0,0.0,success,False,2026-08-17T23:14:48.085579+09:00
Supply Widget,,,failed,False,2026-08-27T23:16:07.710810+09:00
Supply Workbench,,,failed,False,2026-08-18T22:07:42.473360+09:00
Supply Worksheet,110.0,0.0,success,False,2026-08-27T22:14:14.143197+09:00
Supply Zone,1600.0,1.0,success,False,2026-08-17T23:31:48.177682+09:00
Surcharge Advisory,,,failed,False,2026-08-21T01:03:51.285961+09:00
Surcharge Alert,,,failed,False,2026-08-21T00:07:41.757493+09:00
Surcharge Allowance,,,failed,False,2026-08-21T02:42:47.286881+09:00
Surcharge Analyzer,,,failed,False,2026-08-27T23:52:57.703687+09:00
Surcharge Announcement,,,failed,False,2026-08-27T23:32:40.029337+09:00
Surcharge Arrears,,,failed,False,2026-08-23T16:14:53.191797+09:00
Surcharge Assistant,,,failed,False,2026-08-21T00:06:10.990572+09:00
Surcharge Atlas,,,failed,False,2026-08-21T00:05:58.957091+09:00
Surcharge Attribute,,,failed,False,2026-08-23T13:04:50.850524+09:00
Surcharge Badge,,,failed,False,2026-08-21T00:27:37.591897+09:00
Surcharge Balance,10.0,0.0,success,False,2026-08-23T13:46:35.892255+09:00
Surcharge Base,,,failed,False,2026-08-21T00:11:33.849438+09:00
Surcharge Bay,,,failed,False,2026-08-21T00:07:07.636475+09:00
Surcharge Beacon,,,failed,False,2026-08-21T00:10:46.000113+09:00
Surcharge Bill,20.0,0.0,success,False,2026-08-21T00:09:56.547234+09:00
Surcharge Bin,,,failed,False,2026-08-21T00:07:47.780593+09:00
Surcharge Board,,,failed,False,2026-08-21T00:11:47.014910+09:00
Surcharge Book,,,failed,False,2026-08-21T00:10:08.386733+09:00
Surcharge Booth,,,failed,False,2026-08-21T00:06:59.654665+09:00
Surcharge Bridge,,,failed,False,2026-08-21T00:10:58.171885+09:00
Surcharge Brief,,,failed,False,2026-08-21T01:03:40.572054+09:00
Surcharge Bulletin,,,failed,False,2026-08-21T01:03:36.375895+09:00
Surcharge Calculator,590.0,0.0,success,False,2026-08-27T23:32:40.029337+09:00
Surcharge Calendar,,,failed,False,2026-08-21T00:06:41.845552+09:00
Surcharge Card,20.0,1.0,success,False,2026-08-21T00:08:26.557259+09:00
Surcharge Cascade,,,failed,False,2026-08-21T00:10:55.494824+09:00
Surcharge Cash,,,failed,False,2026-08-21T02:25:59.297290+09:00
Surcharge Center,,,failed,False,2026-08-19T22:41:53.355833+09:00
Surcharge Chain,,,failed,False,2026-08-21T00:05:45.974525+09:00
Surcharge Chart,10.0,0.0,success,False,2026-08-21T00:07:44.849905+09:00
Surcharge Check,10.0,0.0,success,False,2026-08-21T00:08:35.535549+09:00
Surcharge Checker,,,failed,False,2026-08-27T23:52:49.352062+09:00
Surcharge Circular,,,failed,False,2026-08-21T01:03:45.407835+09:00
Surcharge Code,,,failed,False,2026-08-21T00:10:01.982446+09:00
Surcharge Companion,,,failed,False,2026-08-21T00:06:26.162440+09:00
Surcharge Comparison,,,failed,False,2026-08-28T01:04:42.727086+09:00
Surcharge Confirmation,,,failed,False,2026-08-21T01:04:00.035751+09:00
Surcharge Console,,,failed,False,2026-08-21T00:05:26.838977+09:00
Surcharge Copayment,,,failed,False,2026-08-23T16:39:25.527330+09:00
Surcharge Core,,,failed,False,2026-08-21T00:11:37.455869+09:00
Surcharge Cost,30.0,0.0,success,False,2026-08-21T02:08:52.269018+09:00
Surcharge Count,,,failed,False,2026-08-27T22:51:44.321364+09:00
Surcharge Counter,,,failed,False,2026-08-21T00:06:57.541230+09:00
Surcharge Deal,,,failed,False,2026-08-21T01:51:29.207159+09:00
Surcharge Debt,10.0,0.0,success,False,2026-08-21T02:25:50.623607+09:00
Surcharge Deck,,,failed,False,2026-08-21T00:11:51.224044+09:00
Surcharge Desk,,,failed,False,2026-08-21T00:10:31.102119+09:00
Surcharge Detail,,,failed,False,2026-08-23T03:23:54.422715+09:00
Surcharge Detector,,,failed,False,2026-08-27T23:52:57.703687+09:00
Surcharge Directory,,,failed,False,2026-08-21T00:06:45.845117+09:00
Surcharge Dossier,,,failed,False,2026-08-21T01:04:08.971472+09:00
Surcharge Downpayment,,,failed,False,2026-08-27T21:49:31.660766+09:00
Surcharge Draft,,,failed,False,2026-08-21T00:09:23.484193+09:00
Surcharge Due,,,failed,False,2026-08-23T15:51:44.971205+09:00
Surcharge Duty,40.0,0.0,success,False,2026-08-21T02:42:41.863985+09:00
Surcharge Engine,,,failed,False,2026-08-21T00:06:08.424463+09:00
Surcharge Entry,,,failed,False,2026-08-21T01:04:24.715250+09:00
Surcharge Estimate,,,failed,False,2026-08-21T00:09:42.716549+09:00
Surcharge Estimator,,,failed,False,2026-08-27T23:52:45.278124+09:00
Surcharge Excerpt,,,failed,False,2026-08-21T01:04:18.102523+09:00
Surcharge Extension,,,failed,False,2026-08-23T16:39:28.081272+09:00
Surcharge Fare,,,failed,False,2026-08-21T02:09:00.837465+09:00
Surcharge Fee,1000.0,1.0,success,False,2026-08-21T01:51:06.981175+09:00
Surcharge Feed,,,failed,False,2026-08-21T00:09:15.337380+09:00
Surcharge Field,,,failed,False,2026-08-23T13:04:54.297618+09:00
Surcharge File,,,failed,False,2026-08-21T00:09:02.871951+09:00
Surcharge Fine,,,failed,False,2026-08-23T02:57:36.512424+09:00
Surcharge Flag,,,failed,False,2026-08-21T00:28:32.365756+09:00
Surcharge Flow,,,failed,False,2026-08-21T00:10:23.316441+09:00
Surcharge Forge,,,failed,False,2026-08-21T00:10:51.522547+09:00
Surcharge Form,30.0,1.0,success,False,2026-08-21T00:08:22.856324+09:00
Surcharge Format,,,failed,False,2026-08-23T13:04:57.008398+09:00
Surcharge Frame,,,failed,False,2026-08-21T00:11:31.112963+09:00
Surcharge Fund,,,failed,False,2026-08-21T02:25:53.601509+09:00
Surcharge Gate,,,failed,False,2026-08-21T00:05:53.181576+09:00
Surcharge Generator,,,failed,False,2026-08-27T23:32:42.762901+09:00
Surcharge Grade,,,failed,False,2026-08-21T00:28:11.670318+09:00
Surcharge Graph,,,failed,False,2026-08-27T22:13:48.271988+09:00
Surcharge Grid,,,failed,False,2026-08-21T00:11:12.755377+09:00
Surcharge Guarantee,,,failed,False,2026-08-28T01:04:49.164769+09:00
Surcharge Guardian,,,failed,False,2026-08-28T00:23:17.850587+09:00
Surcharge Harbor,,,failed,False,2026-08-21T00:07:19.615144+09:00
Surcharge Helpdesk,,,failed,False,2026-08-27T22:51:44.321364+09:00
Surcharge Helper,,,failed,False,2026-08-28T00:23:21.269207+09:00
Surcharge History,,,failed,False,2026-08-21T00:09:00.299581+09:00
Surcharge Hub,,,failed,False,2026-08-21T00:10:27.698876+09:00
Surcharge Identifier,,,failed,False,2026-08-23T13:04:48.308189+09:00
Surcharge Inbox,,,failed,False,2026-08-21T00:07:33.633888+09:00
Surcharge Index,,,failed,False,2026-08-21T00:09:36.388404+09:00
Surcharge Installment,,,failed,False,2026-08-23T16:14:49.657074+09:00
Surcharge Interest,10.0,0.0,success,False,2026-08-23T13:46:35.892255+09:00
Surcharge Item,,,failed,False,2026-08-21T01:51:15.763734+09:00
Surcharge Journal,,,failed,False,2026-08-21T00:06:35.659041+09:00
Surcharge Keeper,,,failed,False,2026-08-21T00:06:02.924923+09:00
Surcharge Lab,,,failed,False,2026-08-21T00:11:58.658369+09:00
Surcharge Label,,,failed,False,2026-08-27T22:13:53.849783+09:00
Surcharge Ledger,,,failed,False,2026-08-21T00:11:41.126262+09:00
Surcharge Level,10.0,0.0,success,False,2026-08-21T00:09:06.463923+09:00
Surcharge Levy,90.0,24.0,success,False,2026-08-23T13:46:40.614274+09:00
Surcharge Line,,,failed,False,2026-08-21T00:08:03.129328+09:00
Surcharge Link,,,failed,False,2026-08-23T03:23:46.825883+09:00
Surcharge List,10.0,0.0,success,False,2026-08-21T00:10:04.105660+09:00
Surcharge Loan,,,failed,False,2026-08-21T02:09:08.901398+09:00
Surcharge Lobby,,,failed,False,2026-08-21T00:07:55.712848+09:00
Surcharge Locator,,,failed,False,2026-08-21T00:06:48.646021+09:00
Surcharge Locker,,,failed,False,2026-08-21T00:06:59.654665+09:00
Surcharge Log,,,failed,False,2026-08-21T00:08:19.938205+09:00
Surcharge Loop,,,failed,False,2026-08-21T00:11:09.626115+09:00
Surcharge Manager,,,failed,False,2026-08-21T00:06:05.500178+09:00
Surcharge Manual,,,failed,False,2026-08-27T22:13:56.258937+09:00
Surcharge Map,,,failed,False,2026-08-21T00:11:27.452285+09:00
Surcharge Margin,,,failed,False,2026-08-23T02:57:36.512424+09:00
Surcharge Marker,,,failed,False,2026-08-23T13:27:02.624073+09:00
Surcharge Markup,,,failed,False,2026-08-23T16:39:23.209795+09:00
Surcharge Memo,,,failed,False,2026-08-21T00:28:17.964653+09:00
Surcharge Message,,,failed,False,2026-08-27T23:10:05.739440+09:00
Surcharge Monitor,,,failed,False,2026-08-21T00:06:22.845965+09:00
Surcharge Nexus,,,failed,False,2026-08-21T00:05:56.272120+09:00
Surcharge Note,,,failed,False,2026-08-21T00:08:43.301972+09:00
Surcharge Notification,10.0,0.0,success,False,2026-08-27T22:51:39.171829+09:00
Surcharge Number,30.0,0.0,success,False,2026-08-23T03:23:43.125766+09:00
Surcharge Office,10.0,,success,False,2026-08-21T00:06:55.425363+09:00
Surcharge Ops,,,failed,False,2026-08-21T00:06:31.070365+09:00
Surcharge Order,10.0,0.0,success,False,2026-08-21T00:09:53.180945+09:00
Surcharge Outpost,,,failed,False,2026-08-21T00:07:13.344965+09:00
Surcharge Overage,,,failed,False,2026-08-27T21:49:29.301041+09:00
Surcharge Overdue,,,failed,False,2026-08-27T21:49:24.879038+09:00
Surcharge Panel,,,failed,False,2026-08-21T00:05:29.824761+09:00
Surcharge Pass,,,failed,False,2026-08-21T00:27:24.500136+09:00
Surcharge Passport,,,failed,False,2026-08-21T00:07:51.744677+09:00
Surcharge Path,,,failed,False,2026-08-21T00:11:21.339663+09:00
Surcharge Payoff,,,failed,False,2026-08-27T21:49:27.090308+09:00
Surcharge Penalty,40.0,0.0,success,False,2026-08-23T16:39:21.186657+09:00
Surcharge Petition,,,failed,False,2026-08-21T01:03:56.741736+09:00
Surcharge Plan,,,failed,False,2026-08-21T01:51:26.021065+09:00
Surcharge Planner,,,failed,False,2026-08-21T00:06:15.045348+09:00
Surcharge Playbook,,,failed,False,2026-08-21T00:06:33.457247+09:00
Surcharge Plaza,,,failed,False,2026-08-21T00:07:16.411531+09:00
Surcharge Point,,,failed,False,2026-08-21T00:11:23.626216+09:00
Surcharge Portal,,,failed,False,2026-08-21T00:05:23.895920+09:00
Surcharge Post,,,failed,False,2026-08-21T00:07:10.102459+09:00
Surcharge Preview,,,failed,False,2026-08-28T01:04:46.455885+09:00
Surcharge Profile,,,failed,False,2026-08-21T00:08:47.899784+09:00
Surcharge Profit,,,failed,False,2026-08-23T02:57:30.156609+09:00
Surcharge Proposal,,,failed,False,2026-08-28T01:04:49.164769+09:00
Surcharge Quota,,,failed,False,2026-08-21T00:28:23.086581+09:00
Surcharge Radar,,,failed,False,2026-08-21T00:10:34.597077+09:00
Surcharge Rail,,,failed,False,2026-08-21T00:05:39.660885+09:00
Surcharge Rate,1600.0,0.0,success,True,2026-08-21T00:09:09.007645+09:00
Surcharge Recap,,,failed,False,2026-08-21T01:04:13.537026+09:00
Surcharge Receipt,50.0,0.0,success,False,2026-08-21T00:09:59.655575+09:00
Surcharge Recorder,,,failed,False,2026-08-27T23:32:47.063702+09:00
Surcharge Register,,,failed,False,2026-08-21T00:06:28.229778+09:00
Surcharge Relay,,,failed,False,2026-08-21T00:10:37.172281+09:00
Surcharge Reminder,,,failed,False,2026-08-21T00:09:33.821521+09:00
Surcharge Report,,,failed,False,2026-08-21T00:08:16.662845+09:00
Surcharge Ring,,,failed,False,2026-08-21T00:05:49.318712+09:00
Surcharge Roll,,,failed,False,2026-08-21T00:08:12.228304+09:00
Surcharge Roster,,,failed,False,2026-08-21T00:07:30.087170+09:00
Surcharge Route,,,failed,False,2026-08-21T00:05:36.511484+09:00
Surcharge Rule,10.0,0.0,success,False,2026-08-23T03:23:49.316132+09:00
Surcharge Sale,,,failed,False,2026-08-21T02:26:02.985234+09:00
Surcharge Sample,,,failed,False,2026-08-21T00:10:12.835483+09:00
Surcharge Scale,,,failed,False,2026-08-21T00:05:32.052210+09:00
Surcharge Scanner,,,failed,False,2026-08-27T23:52:54.402675+09:00
Surcharge Scope,,,failed,False,2026-08-21T00:11:07.276592+09:00
Surcharge Score,,,failed,False,2026-08-21T00:08:39.923175+09:00
Surcharge Sheet,,,failed,False,2026-08-21T00:08:29.674648+09:00
Surcharge Shelf,,,failed,False,2026-08-21T00:07:26.703840+09:00
Surcharge Shortfall,,,failed,False,2026-08-27T21:49:31.660766+09:00
Surcharge Signal,,,failed,False,2026-08-21T00:11:01.156571+09:00
Surcharge Slip,,,failed,False,2026-08-21T00:10:10.668873+09:00
Surcharge Slot,,,failed,False,2026-08-21T00:10:14.810334+09:00
Surcharge Stake,,,failed,False,2026-08-23T02:57:34.451765+09:00
Surcharge Statement,,,failed,False,2026-08-21T00:27:53.671746+09:00
Surcharge Station,,,failed,False,2026-08-21T00:12:01.439565+09:00
Surcharge Status,10.0,,success,False,2026-08-21T00:08:50.298724+09:00
Surcharge Stub,,,failed,False,2026-08-21T00:27:45.495734+09:00
Surcharge Studio,,,failed,False,2026-08-21T00:11:53.848385+09:00
Surcharge Sum,,,failed,False,2026-08-21T02:25:47.031494+09:00
Surcharge Summary,,,failed,False,2026-08-21T00:09:26.936437+09:00
Surcharge Tab,,,failed,False,2026-08-21T00:28:39.996166+09:00
Surcharge Table,40.0,0.0,success,False,2026-08-21T00:10:06.230079+09:00
Surcharge Tag,,,failed,False,2026-08-21T00:08:45.670716+09:00
Surcharge Tally,,,failed,False,2026-08-21T00:28:00.116915+09:00
Surcharge Tariff,20.0,3.0,success,False,2026-08-21T02:42:49.671896+09:00
Surcharge Tax,1000.0,0.0,success,True,2026-08-21T02:09:05.168889+09:00
Surcharge Terminal,,,failed,False,2026-08-19T22:41:50.846543+09:00
Surcharge Ticker,,,failed,False,2026-08-21T00:07:59.311862+09:00
Surcharge Ticket,90.0,0.0,success,False,2026-08-21T00:09:38.850867+09:00
Surcharge Tier,,,failed,False,2026-08-28T00:47:05.716612+09:00
Surcharge Timeline,,,failed,False,2026-08-21T00:09:30.468859+09:00
Surcharge Timer,,,failed,False,2026-08-28T00:23:11.653599+09:00
Surcharge Toll,,,failed,False,2026-08-21T02:42:44.475010+09:00
Surcharge Toolbox,,,failed,False,2026-08-28T00:23:17.850587+09:00
Surcharge Total,,,failed,False,2026-08-27T23:10:09.258839+09:00
Surcharge Tower,,,failed,False,2026-08-21T00:07:23.788027+09:00
Surcharge Tracker,,,failed,False,2026-08-21T00:10:20.448306+09:00
Surcharge Trail,,,failed,False,2026-08-21T00:05:42.702163+09:00
Surcharge Trend,,,failed,False,2026-08-28T01:04:40.087199+09:00
Surcharge Trial,,,failed,False,2026-08-27T21:18:13.822548+09:00
Surcharge Unit,,,failed,False,2026-08-21T02:05:57.421169+09:00
Surcharge Update,,,failed,False,2026-08-21T00:09:11.987938+09:00
Surcharge Value,10.0,0.0,success,False,2026-08-23T02:57:32.152196+09:00
Surcharge Vault,,,failed,False,2026-08-21T00:10:39.439345+09:00
Surcharge Version,,,failed,False,2026-08-23T03:23:43.125766+09:00
Surcharge View,,,failed,False,2026-08-21T00:08:56.538180+09:00
Surcharge Voucher,,,failed,False,2026-08-21T00:27:32.429911+09:00
Surcharge Watch,,,failed,False,2026-08-21T00:11:04.008018+09:00
Surcharge Wave,,,failed,False,2026-08-21T00:11:15.329507+09:00
Surcharge Widget,,,failed,False,2026-08-27T23:10:12.340839+09:00
Surcharge Window,,,failed,False,2026-08-21T00:08:09.199254+09:00
Surcharge Worksheet,,,failed,False,2026-08-27T22:13:56.258937+09:00
Surcharge Yard,,,failed,False,2026-08-21T00:07:05.249232+09:00
Surcharge Zone,,,failed,False,2026-08-21T00:05:21.567045+09:00
Survey Advance,,,failed,False,2026-08-23T16:11:37.487376+09:00
Survey Advisory,,,failed,False,2026-08-21T01:16:00.251742+09:00
Survey Alert,30.0,0.0,success,False,2026-08-21T01:22:59.410874+09:00
Survey Allowance,,,failed,False,2026-08-21T02:38:57.143403+09:00
Survey Analyzer,20.0,54.0,success,False,2026-08-27T23:57:10.397260+09:00
Survey Arrears,,,failed,False,2026-08-23T16:11:34.314985+09:00
Survey Assistant,1900.0,2.0,success,False,2026-08-21T01:20:36.811619+09:00
Survey Atlas,20.0,0.0,success,False,2026-08-21T01:20:11.987698+09:00
Survey Attribute,,,failed,False,2026-08-23T13:07:59.189669+09:00
Survey Badge,,,failed,False,2026-08-21T01:26:44.593664+09:00
Survey Base,720.0,5.0,success,False,2026-08-21T01:18:21.129763+09:00
Survey Beacon,590.0,0.0,success,False,2026-08-21T01:17:10.053741+09:00
Survey Bill,,,failed,False,2026-08-21T01:25:58.145790+09:00
Survey Bin,10.0,0.0,success,False,2026-08-21T01:23:12.871826+09:00
Survey Board,260.0,9.0,success,False,2026-08-21T01:18:37.282523+09:00
Survey Booth,70.0,0.0,success,False,2026-08-21T01:21:58.894123+09:00
Survey Bridge,260.0,1.0,success,False,2026-08-21T01:17:27.975074+09:00
Survey Brief,390.0,2.0,success,False,2026-08-21T01:15:49.368632+09:00
Survey Bulletin,10.0,0.0,success,False,2026-08-21T01:15:45.998953+09:00
Survey Cabinet,,,failed,False,2026-08-27T23:13:41.688189+09:00
Survey Calculator,880.0,5.0,success,False,2026-08-27T23:35:04.726489+09:00
Survey Calendar,170.0,37.0,success,False,2026-08-21T01:23:14.366280+09:00
Survey Card,210.0,7.0,success,False,2026-08-21T01:23:57.328019+09:00
Survey Cascade,,,failed,False,2026-08-21T01:17:21.753159+09:00
Survey Cash,40500.0,65.0,success,False,2026-08-21T02:21:44.938268+09:00
Survey Cashback,10.0,78.0,success,False,2026-08-27T21:14:38.915931+09:00
Survey Category,90.0,1.0,success,False,2026-08-23T13:07:55.793530+09:00
Survey Center,110.0,9.0,success,False,2026-08-21T01:19:09.689487+09:00
Survey Chain,5400.0,11.0,success,False,2026-08-21T01:19:52.973842+09:00
Survey Charge,260.0,4.0,success,False,2026-08-21T02:38:47.806400+09:00
Survey Chart,880.0,2.0,success,False,2026-08-21T01:23:05.026470+09:00
Survey Check,260.0,4.0,success,False,2026-08-21T01:24:04.926797+09:00
Survey Checker,260.0,4.0,success,False,2026-08-27T23:56:59.391700+09:00
Survey Circular,,,failed,False,2026-08-21T01:15:55.134469+09:00
Survey Code,880.0,1.0,success,False,2026-08-21T01:26:08.809687+09:00
Survey Companion,10.0,0.0,success,False,2026-08-21T01:23:14.366280+09:00
Survey Comparison,110.0,73.0,success,False,2026-08-28T01:02:01.499945+09:00
Survey Compass,6600.0,29.0,success,False,2026-08-21T01:17:06.015996+09:00
Survey Confirmation,10.0,0.0,success,False,2026-08-21T01:16:13.958396+09:00
Survey Console,10.0,0.0,success,False,2026-08-21T01:19:25.139986+09:00
Survey Contribution,,,failed,False,2026-08-23T16:11:31.628533+09:00
Survey Converter,10.0,21.0,success,False,2026-08-27T23:35:04.726489+09:00
Survey Core,170.0,4.0,success,False,2026-08-21T01:18:24.600947+09:00
Survey Cost,18100.0,16.0,success,False,2026-08-21T02:09:31.680775+09:00
Survey Count,70.0,21.0,success,False,2026-08-27T22:48:03.762773+09:00
Survey Counter,70.0,21.0,success,False,2026-08-21T01:21:51.595086+09:00
Survey Coupon,50.0,18.0,success,False,2026-08-27T21:14:38.915931+09:00
Survey Deal,,,failed,False,2026-08-21T01:52:23.674188+09:00
Survey Debt,,,failed,False,2026-08-21T02:21:38.988991+09:00
Survey Deck,20.0,27.0,success,False,2026-08-21T01:18:41.534623+09:00
Survey Desk,70.0,6.0,success,False,2026-08-21T01:16:44.690020+09:00
Survey Detail,260.0,1.0,success,False,2026-08-23T03:19:44.954715+09:00
Survey Diagram,480.0,0.0,success,False,2026-08-27T22:09:13.645963+09:00
Survey Directory,30.0,32.0,success,False,2026-08-21T01:23:14.366280+09:00
Survey Discount,50.0,22.0,success,False,2026-08-23T16:11:27.999005+09:00
Survey Draft,1600.0,2.0,success,False,2026-08-21T01:25:04.622255+09:00
Survey Due,,,failed,False,2026-08-23T15:51:18.067623+09:00
Survey Duty,320.0,0.0,success,False,2026-08-21T02:38:51.441238+09:00
Survey Engine,210.0,13.0,success,False,2026-08-21T01:20:30.866856+09:00
Survey Entry,70.0,7.0,success,False,2026-08-21T01:16:22.039842+09:00
Survey Estimate,40.0,26.0,success,False,2026-08-21T01:25:38.275036+09:00
Survey Estimator,,,failed,False,2026-08-27T23:56:59.391700+09:00
Survey Extension,50.0,13.0,success,False,2026-08-23T16:37:37.262949+09:00
Survey Fare,,,failed,False,2026-08-21T02:09:39.165114+09:00
Survey Fee,880.0,11.0,success,False,2026-08-21T01:52:06.168283+09:00
Survey Feed,30.0,19.0,success,False,2026-08-21T01:25:07.930638+09:00
Survey Field,170.0,1.0,success,False,2026-08-23T13:08:02.630104+09:00
Survey File,320.0,2.0,success,False,2026-08-21T01:24:52.705656+09:00
Survey Flow,170.0,17.0,success,False,2026-08-21T01:16:36.813672+09:00
Survey Forge,,,failed,False,2026-08-21T01:17:18.123686+09:00
Survey Form,9900.0,20.0,success,False,2026-08-21T01:23:50.887102+09:00
Survey Format,9900.0,20.0,success,False,2026-08-23T13:08:05.055975+09:00
Survey Frame,8100.0,2.0,success,False,2026-08-21T01:18:13.948377+09:00
Survey Fund,30.0,1.0,success,False,2026-08-21T02:21:41.084768+09:00
Survey Gate,40.0,0.0,success,False,2026-08-21T01:21:07.466451+09:00
Survey Giveaway,30.0,30.0,success,False,2026-08-27T21:14:49.306471+09:00
Survey Graph,880.0,2.0,success,False,2026-08-27T22:09:01.274163+09:00
Survey Grid,110.0,0.0,success,False,2026-08-21T01:17:52.131047+09:00
Survey Guarantee,,,failed,False,2026-08-28T01:02:07.599938+09:00
Survey Harbor,1600.0,21.0,success,False,2026-08-21T01:23:35.707284+09:00
Survey Helpdesk,10.0,33.0,success,False,2026-08-27T22:48:03.762773+09:00
Survey Helper,880.0,2.0,success,False,2026-08-28T00:26:26.682078+09:00
Survey History,480.0,1.0,success,False,2026-08-21T01:24:49.055361+09:00
Survey Hub,1000.0,24.0,success,False,2026-08-21T01:16:40.172400+09:00
Survey Identifier,,,failed,False,2026-08-23T13:07:55.793530+09:00
Survey Inbox,260.0,30.0,success,False,2026-08-21T01:22:57.277421+09:00
Survey Incentive,590.0,3.0,success,False,2026-08-27T21:14:49.306471+09:00
Survey Index,30.0,0.0,success,False,2026-08-21T01:25:29.935757+09:00
Survey Installment,,,failed,False,2026-08-23T16:11:31.628533+09:00
Survey Item,320.0,1.0,success,False,2026-08-21T01:52:08.240457+09:00
Survey Journal,90.0,2.0,success,False,2026-08-21T01:21:17.954324+09:00
Survey Keeper,,,failed,False,2026-08-21T01:20:20.986675+09:00
Survey Lab,1000.0,4.0,success,False,2026-08-21T01:18:54.031046+09:00
Survey Label,,,failed,False,2026-08-27T22:09:05.119901+09:00
Survey Ledger,,,failed,False,2026-08-21T01:18:33.036529+09:00
Survey Level,5400.0,48.0,success,False,2026-08-21T01:24:51.973946+09:00
Survey Line,1000.0,7.0,success,False,2026-08-21T01:23:35.707284+09:00
Survey Link,1900.0,20.0,success,False,2026-08-23T03:19:37.789366+09:00
Survey List,390.0,4.0,success,False,2026-08-21T01:26:12.180385+09:00
Survey Loan,10.0,7.0,success,False,2026-08-21T02:09:47.667221+09:00
Survey Lobby,,,failed,False,2026-08-21T01:23:35.707284+09:00
Survey Locator,260.0,22.0,success,False,2026-08-21T01:21:39.012967+09:00
Survey Locker,10.0,0.0,success,False,2026-08-21T01:21:53.775872+09:00
Survey Log,30.0,0.0,success,False,2026-08-21T01:23:52.904904+09:00
Survey Loop,90.0,12.0,success,False,2026-08-21T01:17:46.814722+09:00
Survey Manager,590.0,8.0,success,False,2026-08-21T01:21:07.466451+09:00
Survey Manual,260.0,3.0,success,False,2026-08-27T22:09:07.960139+09:00
Survey Map,4400.0,8.0,success,False,2026-08-21T01:18:10.686176+09:00
Survey Markup,,,failed,False,2026-08-23T16:37:31.309501+09:00
Survey Memo,10.0,3.0,success,False,2026-08-21T01:15:30.378271+09:00
Survey Message,40.0,4.0,success,False,2026-08-27T23:13:31.938909+09:00
Survey Monitor,110.0,3.0,success,False,2026-08-21T01:20:48.632862+09:00
Survey Nexus,,,failed,False,2026-08-21T01:20:05.793508+09:00
Survey Note,1000.0,0.0,success,True,2026-08-21T01:24:22.725454+09:00
Survey Notification,30.0,0.0,success,False,2026-08-27T22:47:56.654242+09:00
Survey Number,18100.0,1.0,success,False,2026-08-23T03:19:30.157366+09:00
Survey Office,1900.0,5.0,success,False,2026-08-21T01:21:46.110216+09:00
Survey Ops,390.0,5.0,success,False,2026-08-21T01:21:06.488842+09:00
Survey Order,40.0,14.0,success,False,2026-08-21T01:25:43.368101+09:00
Survey Outpost,14800.0,17.0,success,False,2026-08-21T01:22:29.239348+09:00
Survey Overdue,,,failed,False,2026-08-27T21:46:30.971214+09:00
Survey Panel,1900.0,21.0,success,False,2026-08-21T01:19:29.603335+09:00
Survey Pass,30.0,5.0,success,False,2026-08-21T01:26:31.620928+09:00
Survey Passport,10.0,0.0,success,False,2026-08-21T01:23:35.707284+09:00
Survey Path,10.0,0.0,success,False,2026-08-21T01:17:59.788687+09:00
Survey Penalty,,,failed,False,2026-08-23T16:37:31.309501+09:00
Survey Petition,,,failed,False,2026-08-21T01:16:06.736603+09:00
Survey Plan,4400.0,3.0,success,False,2026-08-21T01:52:20.481419+09:00
Survey Planner,4400.0,3.0,success,False,2026-08-21T01:20:39.645097+09:00
Survey Playbook,,,failed,False,2026-08-21T01:23:14.366280+09:00
Survey Plaza,,,failed,False,2026-08-21T01:22:31.268942+09:00
Survey Point,1300.0,3.0,success,False,2026-08-21T01:18:06.021081+09:00
Survey Portal,1300.0,2.0,success,False,2026-08-21T01:19:18.289018+09:00
Survey Post,260.0,6.0,success,False,2026-08-21T01:22:23.798217+09:00
Survey Preview,50.0,7.0,success,False,2026-08-28T01:02:04.540661+09:00
Survey Profile,70.0,1.0,success,False,2026-08-21T01:35:21.006069+09:00
Survey Proposal,90.0,1.0,success,False,2026-08-28T01:02:04.540661+09:00
Survey Quota,30.0,3.0,success,False,2026-08-21T01:15:35.859983+09:00
Survey Radar,10.0,8.0,success,False,2026-08-21T01:16:49.260472+09:00
Survey Rail,,,failed,False,2026-08-21T01:19:45.031880+09:00
Survey Rate,140.0,2.0,success,False,2026-08-21T01:25:01.384940+09:00
Survey Recap,,,failed,False,2026-08-21T01:16:18.467523+09:00
Survey Receipt,2900.0,0.0,success,True,2026-08-21T01:26:01.379135+09:00
Survey Recorder,10.0,12.0,success,False,2026-08-27T23:35:07.655977+09:00
Survey Register,320.0,4.0,success,False,2026-08-21T01:21:00.134067+09:00
Survey Registry,,,failed,False,2026-08-21T01:21:22.199165+09:00
Survey Relay,,,failed,False,2026-08-21T01:16:53.151150+09:00
Survey Reminder,110.0,3.0,success,False,2026-08-21T01:25:40.979194+09:00
Survey Report,5400.0,6.0,success,False,2026-08-21T01:23:47.982205+09:00
Survey Repository,10.0,14.0,success,False,2026-08-27T23:13:41.688189+09:00
Survey Result,2400.0,4.0,success,False,2026-08-28T00:45:35.673593+09:00
Survey Ring,,,failed,False,2026-08-21T01:19:57.563871+09:00
Survey Roll,,,failed,False,2026-08-21T01:23:45.473669+09:00
Survey Roster,,,failed,False,2026-08-21T01:22:49.559882+09:00
Survey Route,880.0,1.0,success,False,2026-08-21T01:19:38.159463+09:00
Survey Rule,,,failed,False,2026-08-23T03:19:40.807348+09:00
Survey Sale,,,failed,False,2026-08-21T02:21:52.863298+09:00
Survey Sample,1000.0,8.0,success,False,2026-08-21T01:26:22.503532+09:00
Survey Scale,1900.0,11.0,success,False,2026-08-21T01:19:32.138069+09:00
Survey Scope,390.0,76.0,success,False,2026-08-21T01:35:21.006069+09:00
Survey Score,260.0,5.0,success,False,2026-08-21T01:24:17.387114+09:00
Survey Serial,10.0,0.0,success,False,2026-08-23T13:26:30.213560+09:00
Survey Sheet,590.0,5.0,success,False,2026-08-21T01:24:08.790137+09:00
Survey Shelf,,,failed,False,2026-08-21T01:22:46.544366+09:00
Survey Signal,110.0,3.0,success,False,2026-08-21T01:17:33.437690+09:00
Survey Signature,30.0,9.0,success,False,2026-08-23T13:26:35.864064+09:00
Survey Sketch,2400.0,0.0,success,True,2026-08-27T22:28:51.186281+09:00
Survey Slip,70.0,2.0,success,False,2026-08-21T01:26:19.673494+09:00
Survey Slot,10.0,0.0,success,False,2026-08-21T01:26:29.214274+09:00
Survey Stake,2400.0,39.0,success,False,2026-08-23T02:54:38.259905+09:00
Survey Statement,880.0,0.0,success,False,2026-08-21T01:15:26.988997+09:00
Survey Station,590.0,11.0,success,False,2026-08-21T01:19:00.586921+09:00
Survey Status,4400.0,0.0,success,True,2026-08-21T01:24:35.885777+09:00
Survey Stipend,,,failed,False,2026-08-23T13:46:02.473862+09:00
Survey Stub,,,failed,False,2026-08-21T01:15:16.012738+09:00
Survey Studio,1000.0,0.0,success,True,2026-08-21T01:18:44.582130+09:00
Survey Sum,,,failed,False,2026-08-21T02:21:33.857873+09:00
Survey Summary,140.0,1.0,success,False,2026-08-21T01:25:14.873207+09:00
Survey Tab,90.0,76.0,success,False,2026-08-21T01:15:40.132892+09:00
Survey Table,390.0,3.0,success,False,2026-08-21T01:26:13.869304+09:00
Survey Tag,50.0,35.0,success,False,2026-08-21T01:24:25.353806+09:00
Survey Tariff,,,failed,False,2026-08-21T02:38:59.400124+09:00
Survey Tax,110.0,6.0,success,False,2026-08-21T02:09:44.145059+09:00
Survey Terminal,70.0,3.0,success,False,2026-08-21T01:19:03.432303+09:00
Survey Ticker,10.0,,success,False,2026-08-21T01:23:35.707284+09:00
Survey Ticket,50.0,8.0,success,False,2026-08-21T01:25:49.214024+09:00
Survey Timeline,50.0,1.0,success,False,2026-08-21T01:25:37.604117+09:00
Survey Token,40.0,5.0,success,False,2026-08-23T13:26:32.402839+09:00
Survey Toll,,,failed,False,2026-08-21T02:38:54.796216+09:00
Survey Toolbox,10.0,14.0,success,False,2026-08-28T00:26:22.903465+09:00
Survey Total,10.0,0.0,success,False,2026-08-27T23:13:31.938909+09:00
Survey Tower,140.0,0.0,success,False,2026-08-21T01:22:41.888615+09:00
Survey Tracker,590.0,1.0,success,False,2026-08-21T01:16:28.829039+09:00
Survey Trail,,,failed,False,2026-08-21T01:19:47.370775+09:00
Survey Trend,20.0,0.0,success,False,2026-08-28T01:02:01.499945+09:00
Survey Trial,10.0,0.0,success,False,2026-08-27T21:14:45.418872+09:00
Survey Unit,170.0,4.0,success,False,2026-08-21T01:52:17.382086+09:00
Survey Update,90.0,6.0,success,False,2026-08-21T01:25:03.878404+09:00
Survey Value,12100.0,1.0,success,False,2026-08-23T02:54:35.289098+09:00
Survey Vault,70.0,0.0,success,False,2026-08-21T01:16:58.879155+09:00
Survey Version,,,failed,False,2026-08-23T03:19:32.678416+09:00
Survey View,70.0,1.0,success,False,2026-08-21T01:24:44.835275+09:00
Survey Voucher,390.0,34.0,success,False,2026-08-21T01:26:37.625507+09:00
Survey Watch,30.0,20.0,success,False,2026-08-21T01:17:38.451621+09:00
Survey Wave,40.0,2.0,success,False,2026-08-21T01:17:54.187315+09:00
Survey Widget,70.0,9.0,success,False,2026-08-27T23:13:34.759239+09:00
Survey Window,260.0,6.0,success,False,2026-08-21T01:23:35.707284+09:00
Survey Worksheet,70.0,2.0,success,False,2026-08-27T22:09:07.960139+09:00
Survey Workshop,70.0,10.0,success,False,2026-08-28T00:26:20.204001+09:00
Survey Zone,110.0,3.0,success,False,2026-08-21T01:19:12.546892+09:00
Suspension Alert,10.0,0.0,success,False,2026-08-21T01:42:43.370438+09:00
Suspension Allowance,140.0,0.0,success,False,2026-08-21T02:45:13.542612+09:00
Suspension Analyzer,70.0,1.0,success,False,2026-08-27T23:55:06.367292+09:00
Suspension Announcement,50.0,0.0,success,False,2026-08-27T23:33:53.153275+09:00
Suspension Atlas,10.0,100.0,success,False,2026-08-21T01:40:42.553901+09:00
Suspension Attribute,,,failed,False,2026-08-23T13:06:36.915804+09:00
Suspension Badge,,,failed,False,2026-08-21T01:36:44.739122+09:00
Suspension Base,210.0,11.0,success,False,2026-08-21T01:39:14.951697+09:00
Suspension Beacon,,,failed,False,2026-08-21T01:38:18.535087+09:00
Suspension Bill,140.0,0.0,success,False,2026-08-21T01:36:20.203830+09:00
Suspension Board,140.0,1.0,success,False,2026-08-21T01:39:27.131441+09:00
Suspension Bridge,165000.0,2.0,success,False,2026-08-21T01:38:31.485069+09:00
Suspension Brief,,,failed,False,2026-08-21T01:37:13.589246+09:00
Suspension Bulletin,,,failed,False,2026-08-21T01:37:11.320785+09:00
Suspension Cabinet,210.0,94.0,success,False,2026-08-27T23:11:50.094156+09:00
Suspension Calculator,590.0,1.0,success,False,2026-08-27T23:33:58.782801+09:00
Suspension Calendar,40.0,0.0,success,False,2026-08-21T01:41:33.473055+09:00
Suspension Card,260.0,0.0,success,False,2026-08-21T01:43:34.239530+09:00
Suspension Cascade,90.0,100.0,success,False,2026-08-21T01:38:26.164281+09:00
Suspension Cash,,,failed,False,2026-08-21T02:28:50.660826+09:00
Suspension Category,,,failed,False,2026-08-23T13:06:31.775349+09:00
Suspension Center,880.0,2.0,success,False,2026-08-21T01:39:52.762519+09:00
Suspension Chain,320.0,41.0,success,False,2026-08-21T01:40:31.088878+09:00
Suspension Charge,20.0,0.0,success,False,2026-08-21T02:45:04.527835+09:00
Suspension Chart,40.0,0.0,success,False,2026-08-21T01:42:48.869153+09:00
Suspension Check,2400.0,31.0,success,False,2026-08-21T01:43:47.346655+09:00
Suspension Checker,2400.0,31.0,success,False,2026-08-27T23:54:58.395846+09:00
Suspension Code,110.0,0.0,success,False,2026-08-21T01:36:23.043653+09:00
Suspension Comparison,50.0,1.0,success,False,2026-08-28T01:06:26.504545+09:00
Suspension Compass,50.0,19.0,success,False,2026-08-21T01:38:12.819970+09:00
Suspension Confirmation,10.0,0.0,success,False,2026-08-21T01:37:28.905967+09:00
Suspension Console,,,failed,False,2026-08-21T01:40:03.980146+09:00
Suspension Core,90.0,24.0,success,False,2026-08-21T01:39:18.143916+09:00
Suspension Cost,390.0,6.0,success,False,2026-08-21T02:11:43.167775+09:00
Suspension Count,,,failed,False,2026-08-27T22:46:08.024081+09:00
Suspension Counter,,,failed,False,2026-08-21T01:41:52.008026+09:00
Suspension Deal,,,failed,False,2026-08-21T01:55:12.213842+09:00
Suspension Debt,,,failed,False,2026-08-21T02:28:46.160203+09:00
Suspension Deck,110.0,58.0,success,False,2026-08-21T01:39:32.953570+09:00
Suspension Desk,140.0,100.0,success,False,2026-08-21T01:37:51.952894+09:00
Suspension Detail,70.0,0.0,success,False,2026-08-23T03:16:44.260724+09:00
Suspension Detector,,,failed,False,2026-08-27T23:55:06.367292+09:00
Suspension Directory,,,failed,False,2026-08-21T01:41:35.548332+09:00
Suspension Draft,,,failed,False,2026-08-21T01:36:20.203830+09:00
Suspension Due,,,failed,False,2026-08-23T15:52:31.168291+09:00
Suspension Duty,,,failed,False,2026-08-21T02:45:09.656384+09:00
Suspension Engine,20.0,2.0,success,False,2026-08-21T01:40:53.074721+09:00
Suspension Entry,,,failed,False,2026-08-21T01:37:34.913486+09:00
Suspension Estimate,,,failed,False,2026-08-21T01:36:20.203830+09:00
Suspension Estimator,,,failed,False,2026-08-27T23:54:55.608336+09:00
Suspension Fare,,,failed,False,2026-08-21T02:11:50.760630+09:00
Suspension Fee,90.0,13.0,success,False,2026-08-21T01:54:53.118600+09:00
Suspension Feed,,,failed,False,2026-08-21T01:44:38.139446+09:00
Suspension Field,30.0,0.0,success,False,2026-08-23T13:06:38.895978+09:00
Suspension File,4400.0,100.0,success,False,2026-08-21T01:44:23.485240+09:00
Suspension Fine,170.0,100.0,success,False,2026-08-23T02:52:46.674301+09:00
Suspension Flow,40.0,64.0,success,False,2026-08-21T01:37:41.835664+09:00
Suspension Forge,,,failed,False,2026-08-21T01:38:21.127852+09:00
Suspension Form,390.0,0.0,success,False,2026-08-21T01:43:31.469604+09:00
Suspension Format,390.0,0.0,success,False,2026-08-23T13:06:41.923671+09:00
Suspension Frame,1000.0,23.0,success,False,2026-08-21T01:39:07.193029+09:00
Suspension Fund,,,failed,False,2026-08-21T02:28:50.660826+09:00
Suspension Gate,70.0,78.0,success,False,2026-08-21T01:40:35.434951+09:00
Suspension Generator,10.0,0.0,success,False,2026-08-27T23:33:58.782801+09:00
Suspension Graph,,,failed,False,2026-08-27T22:15:55.055044+09:00
Suspension Grid,140.0,56.0,success,False,2026-08-21T01:38:48.053655+09:00
Suspension Guarantee,,,failed,False,2026-08-28T01:06:41.346901+09:00
Suspension Guardian,,,failed,False,2026-08-28T00:24:56.382213+09:00
Suspension Helpdesk,,,failed,False,2026-08-27T22:46:12.811571+09:00
Suspension Helper,90.0,100.0,success,False,2026-08-28T00:25:01.797092+09:00
Suspension History,70.0,0.0,success,False,2026-08-21T01:44:16.668560+09:00
Suspension Hub,170.0,31.0,success,False,2026-08-21T01:37:46.611348+09:00
Suspension Identifier,,,failed,False,2026-08-23T13:06:31.775349+09:00
Suspension Index,,,failed,False,2026-08-21T01:36:20.203830+09:00
Suspension Item,50.0,4.0,success,False,2026-08-21T01:54:58.367500+09:00
Suspension Journal,10.0,0.0,success,False,2026-08-21T01:41:25.621539+09:00
Suspension Keeper,,,failed,False,2026-08-21T01:40:48.434359+09:00
Suspension Lab,1000.0,13.0,success,False,2026-08-21T01:39:42.723562+09:00
Suspension Label,140.0,33.0,success,False,2026-08-27T22:06:37.910338+09:00
Suspension Ledger,,,failed,False,2026-08-21T01:39:25.000691+09:00
Suspension Level,70.0,6.0,success,False,2026-08-21T01:44:28.935205+09:00
Suspension Link,1300.0,43.0,success,False,2026-08-23T03:16:36.835162+09:00
Suspension List,140.0,0.0,success,False,2026-08-21T01:36:23.043653+09:00
Suspension Loan,,,failed,False,2026-08-21T02:11:57.284997+09:00
Suspension Locator,,,failed,False,2026-08-21T01:41:42.095051+09:00
Suspension Locker,,,failed,False,2026-08-21T01:41:54.360418+09:00
Suspension Log,,,failed,False,2026-08-21T01:43:25.178324+09:00
Suspension Loop,90.0,49.0,success,False,2026-08-21T01:38:45.431477+09:00
Suspension Manual,70.0,2.0,success,False,2026-08-27T22:06:42.047958+09:00
Suspension Map,30.0,21.0,success,False,2026-08-21T01:39:04.572787+09:00
Suspension Memo,260.0,0.0,success,False,2026-08-21T01:36:57.667235+09:00
Suspension Message,30.0,0.0,success,False,2026-08-27T23:11:44.740129+09:00
Suspension Monitor,,,failed,False,2026-08-21T01:41:08.747647+09:00
Suspension Nexus,10.0,0.0,success,False,2026-08-21T01:40:39.778843+09:00
Suspension Note,260.0,12.0,success,False,2026-08-21T01:43:56.070004+09:00
Suspension Notification,40.0,0.0,success,False,2026-08-27T22:46:02.765409+09:00
Suspension Number,70.0,1.0,success,False,2026-08-23T03:16:26.068243+09:00
Suspension Office,30.0,0.0,success,False,2026-08-21T01:41:46.462785+09:00
Suspension Ops,,,failed,False,2026-08-21T01:41:18.223212+09:00
Suspension Order,720.0,0.0,success,False,2026-08-21T01:36:20.203830+09:00
Suspension Outpost,10.0,0.0,success,False,2026-08-21T01:42:17.039674+09:00
Suspension Overdue,,,failed,False,2026-08-27T21:50:58.340520+09:00
Suspension Panel,90.0,47.0,success,False,2026-08-21T01:40:09.996962+09:00
Suspension Pass,10.0,0.0,success,False,2026-08-21T01:36:23.043653+09:00
Suspension Path,,,failed,False,2026-08-21T01:38:54.698036+09:00
Suspension Petition,70.0,0.0,success,False,2026-08-21T01:37:26.126762+09:00
Suspension Plan,40.0,17.0,success,False,2026-08-21T01:55:06.085634+09:00
Suspension Planner,,,failed,False,2026-08-21T01:41:00.703725+09:00
Suspension Playbook,,,failed,False,2026-08-21T01:41:20.184116+09:00
Suspension Point,1900.0,0.0,success,True,2026-08-21T01:38:59.099455+09:00
Suspension Portal,,,failed,False,2026-08-21T01:40:01.747780+09:00
Suspension Preview,,,failed,False,2026-08-28T01:06:26.504545+09:00
Suspension Profile,50.0,16.0,success,False,2026-08-21T01:44:05.223042+09:00
Suspension Profit,,,failed,False,2026-08-23T02:52:35.436753+09:00
Suspension Proposal,,,failed,False,2026-08-28T01:06:29.246910+09:00
Suspension Quota,,,failed,False,2026-08-21T01:36:59.790111+09:00
Suspension Radar,,,failed,False,2026-08-21T01:37:57.190809+09:00
Suspension Rate,110.0,0.0,success,False,2026-08-21T01:44:31.242398+09:00
Suspension Receipt,,,failed,False,2026-08-21T01:36:23.043653+09:00
Suspension Recorder,,,failed,False,2026-08-27T23:34:03.746516+09:00
Suspension Register,20.0,0.0,success,False,2026-08-21T01:41:14.289680+09:00
Suspension Relay,10.0,43.0,success,False,2026-08-21T01:38:01.641770+09:00
Suspension Reminder,,,failed,False,2026-08-21T01:36:20.203830+09:00
Suspension Report,50.0,0.0,success,False,2026-08-21T01:43:18.678031+09:00
Suspension Repository,,,failed,False,2026-08-27T23:11:52.510647+09:00
Suspension Result,,,failed,False,2026-08-28T00:47:48.349607+09:00
Suspension Ring,720.0,44.0,success,False,2026-08-21T01:40:33.133691+09:00
Suspension Roster,,,failed,False,2026-08-21T01:42:37.393096+09:00
Suspension Route,40.0,11.0,success,False,2026-08-21T01:40:17.321567+09:00
Suspension Rule,320.0,2.0,success,False,2026-08-23T03:16:39.334057+09:00
Suspension Sale,90.0,89.0,success,False,2026-08-21T02:28:54.304303+09:00
Suspension Sample,70.0,0.0,success,False,2026-08-21T01:36:23.043653+09:00
Suspension Scale,140.0,88.0,success,False,2026-08-21T01:40:12.068388+09:00
Suspension Scanner,,,failed,False,2026-08-27T23:55:03.182011+09:00
Suspension Score,10.0,0.0,success,False,2026-08-21T01:43:50.237250+09:00
Suspension Sheet,50.0,0.0,success,False,2026-08-21T01:43:42.058918+09:00
Suspension Slip,390.0,0.0,success,False,2026-08-21T01:36:23.043653+09:00
Suspension Slot,10.0,67.0,success,False,2026-08-21T01:36:23.043653+09:00
Suspension Stage,,,failed,False,2026-08-28T00:47:45.290833+09:00
Suspension Stake,,,failed,False,2026-08-23T02:52:39.945062+09:00
Suspension Statement,,,failed,False,2026-08-21T01:36:52.456000+09:00
Suspension Station,10.0,0.0,success,False,2026-08-21T01:39:45.118535+09:00
Suspension Status,90.0,0.0,success,False,2026-08-21T01:44:07.789434+09:00
Suspension Stub,,,failed,False,2026-08-21T01:36:50.253581+09:00
Suspension Studio,720.0,22.0,success,False,2026-08-21T01:39:35.935414+09:00
Suspension Sum,,,failed,False,2026-08-21T02:28:40.448172+09:00
Suspension Summary,,,failed,False,2026-08-21T01:36:20.203830+09:00
Suspension Tab,110.0,28.0,success,False,2026-08-21T01:37:05.417257+09:00
Suspension Table,880.0,99.0,success,False,2026-08-21T01:36:23.043653+09:00
Suspension Tag,,,failed,False,2026-08-21T01:43:59.593158+09:00
Suspension Tariff,10.0,,success,False,2026-08-21T02:45:16.049005+09:00
Suspension Tax,,,failed,False,2026-08-21T02:11:55.079933+09:00
Suspension Terminal,,,failed,False,2026-08-21T01:39:47.385700+09:00
Suspension Ticket,,,failed,False,2026-08-21T01:36:20.203830+09:00
Suspension Timeline,10.0,0.0,success,False,2026-08-21T01:36:20.203830+09:00
Suspension Timer,,,failed,False,2026-08-28T00:24:53.833495+09:00
Suspension Toll,,,failed,False,2026-08-21T02:45:09.656384+09:00
Suspension Toolbox,,,failed,False,2026-08-28T00:24:58.982196+09:00
Suspension Total,170.0,4.0,success,False,2026-08-27T23:11:47.149537+09:00
Suspension Tracker,30.0,3.0,success,False,2026-08-21T01:37:39.215530+09:00
Suspension Trend,,,failed,False,2026-08-28T01:06:23.726095+09:00
Suspension Trial,30.0,0.0,success,False,2026-08-27T21:20:01.117686+09:00
Suspension Unit,210.0,81.0,success,False,2026-08-21T01:55:03.003035+09:00
Suspension Update,20.0,0.0,success,False,2026-08-21T01:44:35.810594+09:00
Suspension Value,10.0,0.0,success,False,2026-08-23T02:52:37.533661+09:00
Suspension Vault,,,failed,False,2026-08-21T01:38:08.891636+09:00
Suspension Version,,,failed,False,2026-08-23T03:16:31.986562+09:00
Suspension View,10.0,0.0,success,False,2026-08-21T01:44:14.161023+09:00
Suspension Voucher,,,failed,False,2026-08-21T01:36:39.432784+09:00
Suspension Wave,50.0,100.0,success,False,2026-08-21T01:38:52.841882+09:00
Suspension Widget,,,failed,False,2026-08-27T23:11:47.149537+09:00
Suspension Worksheet,50.0,0.0,success,False,2026-08-27T22:06:46.717056+09:00
Suspension Workshop,140.0,25.0,success,False,2026-08-28T00:24:53.833495+09:00
Suspension Zone,590.0,54.0,success,False,2026-08-21T01:39:55.005229+09:00
Syllabus Allowance,,,failed,False,2026-08-21T02:43:04.921789+09:00
Syllabus Almanac,,,failed,False,2026-08-18T22:05:15.577232+09:00
Syllabus Analyzer,10.0,,success,False,2026-08-27T23:54:25.594721+09:00
Syllabus Anchor,,,failed,False,2026-08-17T20:37:15.920679+09:00
Syllabus Assistant,170.0,0.0,success,False,2026-08-17T23:30:56.654699+09:00
Syllabus Atlas,,,failed,False,2026-08-17T21:37:02.739524+09:00
Syllabus Attribute,,,failed,False,2026-08-23T13:09:25.406302+09:00
Syllabus Badge,,,failed,False,2026-08-21T00:27:34.970005+09:00
Syllabus Base,,,failed,False,2026-08-17T21:33:24.629057+09:00
Syllabus Beacon,,,failed,False,2026-08-17T20:40:46.604989+09:00
Syllabus Bill,,,failed,False,2026-08-19T22:06:47.930339+09:00
Syllabus Blueprint,20.0,0.0,success,False,2026-08-18T22:05:08.323728+09:00
Syllabus Board,20.0,0.0,success,False,2026-08-17T21:30:05.905035+09:00
Syllabus Book,1000.0,10.0,success,False,2026-08-19T22:07:52.466558+09:00
Syllabus Bridge,,,failed,False,2026-08-17T20:38:11.520193+09:00
Syllabus Brief,,,failed,False,2026-08-21T01:01:32.949178+09:00
Syllabus Bulletin,,,failed,False,2026-08-21T01:01:30.993537+09:00
Syllabus Cabinet,,,failed,False,2026-08-27T23:11:52.510647+09:00
Syllabus Calendar,210.0,3.0,success,False,2026-08-19T00:04:59.396392+09:00
Syllabus Card,30.0,0.0,success,False,2026-08-19T13:28:41.334086+09:00
Syllabus Cascade,,,failed,False,2026-08-17T20:39:06.787331+09:00
Syllabus Cash,,,failed,False,2026-08-21T02:27:13.658425+09:00
Syllabus Category,,,failed,False,2026-08-23T13:09:22.371145+09:00
Syllabus Center,50.0,1.0,success,False,2026-08-17T20:42:46.441273+09:00
Syllabus Chain,,,failed,False,2026-08-17T20:31:44.848533+09:00
Syllabus Charge,,,failed,False,2026-08-21T02:42:54.824749+09:00
Syllabus Check,70.0,0.0,success,False,2026-08-19T13:29:00.478751+09:00
Syllabus Checker,70.0,0.0,success,False,2026-08-27T23:54:12.617602+09:00
Syllabus Cockpit,,,failed,False,2026-08-17T23:03:45.434649+09:00
Syllabus Code,40.0,0.0,success,False,2026-08-19T22:07:10.998735+09:00
Syllabus Codex,,,failed,False,2026-08-18T22:05:33.744970+09:00
Syllabus Companion,,,failed,False,2026-08-17T23:32:28.634296+09:00
Syllabus Comparison,20.0,0.0,success,False,2026-08-28T01:04:54.734993+09:00
Syllabus Compass,,,failed,False,2026-08-17T20:41:33.336783+09:00
Syllabus Compendium,10.0,0.0,success,False,2026-08-18T22:05:25.774321+09:00
Syllabus Confirmation,,,failed,False,2026-08-21T01:01:49.387114+09:00
Syllabus Console,,,failed,False,2026-08-17T20:40:24.654920+09:00
Syllabus Converter,10.0,0.0,success,False,2026-08-27T23:33:44.180907+09:00
Syllabus Core,,,failed,False,2026-08-17T21:32:23.259221+09:00
Syllabus Cost,,,failed,False,2026-08-21T02:11:04.805408+09:00
Syllabus Count,10.0,0.0,success,False,2026-08-27T22:46:32.374827+09:00
Syllabus Counter,40500.0,0.0,success,True,2026-08-19T00:05:31.654702+09:00
Syllabus Dashboard,,,failed,False,2026-08-17T23:32:15.494443+09:00
Syllabus Deal,,,failed,False,2026-08-21T01:55:13.516814+09:00
Syllabus Debt,,,failed,False,2026-08-21T02:27:02.067893+09:00
Syllabus Deck,,,failed,False,2026-08-17T20:47:39.394205+09:00
Syllabus Depot,,,failed,False,2026-08-19T00:05:21.948366+09:00
Syllabus Desk,,,failed,False,2026-08-17T20:45:09.617976+09:00
Syllabus Detail,,,failed,False,2026-08-23T03:23:00.689817+09:00
Syllabus Detector,,,failed,False,2026-08-27T23:54:23.137775+09:00
Syllabus Dial,,,failed,False,2026-08-17T20:38:35.163236+09:00
Syllabus Digest,,,failed,False,2026-08-19T20:46:08.912085+09:00
Syllabus Directory,,,failed,False,2026-08-19T00:05:06.053297+09:00
Syllabus Dock,,,failed,False,2026-08-17T20:34:46.285590+09:00
Syllabus Dossier,,,failed,False,2026-08-21T01:01:56.777468+09:00
Syllabus Draft,,,failed,False,2026-08-19T20:46:20.200545+09:00
Syllabus Due,,,failed,False,2026-08-23T15:50:14.677980+09:00
Syllabus Duty,,,failed,False,2026-08-21T02:42:57.314001+09:00
Syllabus Engine,,,failed,False,2026-08-17T23:12:58.115072+09:00
Syllabus Entry,,,failed,False,2026-08-21T01:02:11.159896+09:00
Syllabus Estimate,,,failed,False,2026-08-19T21:32:03.032645+09:00
Syllabus Estimator,,,failed,False,2026-08-27T23:54:12.617602+09:00
Syllabus Excerpt,,,failed,False,2026-08-21T01:02:59.724963+09:00
Syllabus Extension,,,failed,False,2026-08-23T16:37:28.808486+09:00
Syllabus Fare,,,failed,False,2026-08-21T02:11:11.149564+09:00
Syllabus Fee,,,failed,False,2026-08-21T01:54:53.118600+09:00
Syllabus Feed,,,failed,False,2026-08-19T20:46:13.766068+09:00
Syllabus Field,,,failed,False,2026-08-23T13:09:27.676904+09:00
Syllabus File,30.0,0.0,success,False,2026-08-19T20:45:45.249853+09:00
Syllabus Finder,110.0,0.0,success,False,2026-08-19T00:05:16.956026+09:00
Syllabus Fine,,,failed,False,2026-08-23T02:57:24.970560+09:00
Syllabus Flag,,,failed,False,2026-08-21T00:28:26.135871+09:00
Syllabus Flow,,,failed,False,2026-08-17T20:48:21.583177+09:00
Syllabus Forge,,,failed,False,2026-08-17T20:39:59.910293+09:00
Syllabus Form,590.0,1.0,success,False,2026-08-19T13:28:31.111585+09:00
Syllabus Format,590.0,1.0,success,False,2026-08-23T13:09:30.268446+09:00
Syllabus Frame,,,failed,False,2026-08-17T21:34:28.165323+09:00
Syllabus Fund,90.0,29.0,success,False,2026-08-21T02:27:08.024014+09:00
Syllabus Gate,40500.0,3.0,success,False,2026-08-17T21:39:44.948189+09:00
Syllabus Generator,210.0,15.0,success,False,2026-08-27T23:33:49.410538+09:00
Syllabus Grade,,,failed,False,2026-08-21T00:28:03.957628+09:00
Syllabus Grid,10.0,0.0,success,False,2026-08-17T20:32:17.131006+09:00
Syllabus Guarantee,,,failed,False,2026-08-28T01:05:03.424573+09:00
Syllabus Guard,,,failed,False,2026-08-17T21:33:00.443260+09:00
Syllabus Guardian,,,failed,False,2026-08-28T00:24:10.123784+09:00
Syllabus Guidebook,,,failed,False,2026-08-18T22:04:47.341629+09:00
Syllabus Helpdesk,,,failed,False,2026-08-27T22:46:36.036918+09:00
Syllabus Helper,10.0,50.0,success,False,2026-08-28T00:24:12.580711+09:00
Syllabus History,3600.0,0.0,success,True,2026-08-19T20:45:37.673361+09:00
Syllabus Hub,,,failed,False,2026-08-17T20:47:00.954455+09:00
Syllabus Identifier,,,failed,False,2026-08-23T13:09:19.095608+09:00
Syllabus Index,30.0,0.0,success,False,2026-08-19T21:31:47.611554+09:00
Syllabus Insight,,,failed,False,2026-08-17T23:09:26.162855+09:00
Syllabus Item,,,failed,False,2026-08-21T02:05:57.421169+09:00
Syllabus Journal,20.0,0.0,success,False,2026-08-18T22:04:27.693577+09:00
Syllabus Keeper,,,failed,False,2026-08-17T21:35:00.218033+09:00
Syllabus Kit,590.0,0.0,success,False,2026-08-27T22:46:29.671446+09:00
Syllabus Lab,10.0,0.0,success,False,2026-08-17T20:45:32.525368+09:00
Syllabus Label,,,failed,False,2026-08-27T22:08:02.909734+09:00
Syllabus Ledger,,,failed,False,2026-08-17T21:31:11.680234+09:00
Syllabus Lens,,,failed,False,2026-08-17T21:35:33.419897+09:00
Syllabus Level,30.0,0.0,success,False,2026-08-19T20:45:53.854460+09:00
Syllabus Link,50.0,0.0,success,False,2026-08-23T03:22:48.132111+09:00
Syllabus List,90.0,0.0,success,False,2026-08-19T22:07:21.096531+09:00
Syllabus Loan,,,failed,False,2026-08-21T02:11:18.638927+09:00
Syllabus Locator,,,failed,False,2026-08-19T00:05:11.440472+09:00
Syllabus Lock,,,failed,False,2026-08-17T21:37:42.380657+09:00
Syllabus Log,,,failed,False,2026-08-19T13:28:19.124767+09:00
Syllabus Loop,,,failed,False,2026-08-17T20:33:27.108642+09:00
Syllabus Manager,20.0,1.0,success,False,2026-08-17T21:33:56.834131+09:00
Syllabus Manual,,,failed,False,2026-08-27T22:08:06.352004+09:00
Syllabus Map,210.0,0.0,success,False,2026-08-17T21:36:34.713232+09:00
Syllabus Margin,,,failed,False,2026-08-23T02:57:21.827227+09:00
Syllabus Markup,,,failed,False,2026-08-23T16:37:26.596455+09:00
Syllabus Memo,,,failed,False,2026-08-21T00:28:13.699286+09:00
Syllabus Meter,,,failed,False,2026-08-17T20:37:45.876313+09:00
Syllabus Metrics,,,failed,False,2026-08-17T23:31:53.116535+09:00
Syllabus Monitor,,,failed,False,2026-08-17T23:31:35.615532+09:00
Syllabus Navigator,,,failed,False,2026-08-17T23:11:00.543955+09:00
Syllabus Nexus,,,failed,False,2026-08-17T21:38:13.718334+09:00
Syllabus Node,,,failed,False,2026-08-17T21:41:42.015478+09:00
Syllabus Note,10.0,0.0,success,False,2026-08-19T13:29:29.454455+09:00
Syllabus Notification,,,failed,False,2026-08-27T22:46:27.298392+09:00
Syllabus Number,20.0,0.0,success,False,2026-08-23T03:22:42.501986+09:00
Syllabus Office,,,failed,False,2026-08-19T00:05:27.512092+09:00
Syllabus Ops,,,failed,False,2026-08-17T23:32:45.524936+09:00
Syllabus Order,10.0,0.0,success,False,2026-08-19T22:06:38.426353+09:00
Syllabus Organizer,260.0,5.0,success,False,2026-08-17T23:14:35.084674+09:00
Syllabus Overdue,,,failed,False,2026-08-27T21:46:13.321425+09:00
Syllabus Panel,,,failed,False,2026-08-17T20:39:31.272188+09:00
Syllabus Pass,10.0,0.0,success,False,2026-08-21T00:27:19.385133+09:00
Syllabus Path,,,failed,False,2026-08-17T21:41:12.952922+09:00
Syllabus Penalty,,,failed,False,2026-08-23T16:37:26.596455+09:00
Syllabus Petition,,,failed,False,2026-08-21T01:01:44.513558+09:00
Syllabus Pilot,260.0,7.0,success,False,2026-08-17T20:45:54.147634+09:00
Syllabus Plan,260.0,9.0,success,False,2026-08-21T01:55:09.652280+09:00
Syllabus Planner,260.0,9.0,success,False,2026-08-17T23:07:39.486562+09:00
Syllabus Playbook,,,failed,False,2026-08-18T22:04:15.026557+09:00
Syllabus Point,10.0,0.0,success,False,2026-08-17T21:39:02.253193+09:00
Syllabus Portal,10.0,0.0,success,False,2026-08-17T20:41:08.316613+09:00
Syllabus Preview,,,failed,False,2026-08-28T01:04:57.702842+09:00
Syllabus Profile,,,failed,False,2026-08-19T13:29:56.430090+09:00
Syllabus Profit,,,failed,False,2026-08-23T02:57:15.173266+09:00
Syllabus Proposal,,,failed,False,2026-08-28T01:05:00.784184+09:00
Syllabus Pulse,,,failed,False,2026-08-18T07:43:41.366664+09:00
Syllabus Quota,,,failed,False,2026-08-21T00:28:20.735517+09:00
Syllabus Radar,,,failed,False,2026-08-17T20:44:07.827451+09:00
Syllabus Rail,,,failed,False,2026-08-17T20:33:59.012811+09:00
Syllabus Rate,10.0,0.0,success,False,2026-08-19T20:46:00.045081+09:00
Syllabus Recap,,,failed,False,2026-08-21T01:02:57.004719+09:00
Syllabus Receipt,,,failed,False,2026-08-19T22:06:56.710970+09:00
Syllabus Register,30.0,0.0,success,False,2026-08-17T23:05:30.117127+09:00
Syllabus Registry,10.0,0.0,success,False,2026-08-18T22:04:56.544925+09:00
Syllabus Relay,,,failed,False,2026-08-17T20:43:14.638625+09:00
Syllabus Reminder,,,failed,False,2026-08-19T21:31:38.211604+09:00
Syllabus Report,30.0,0.0,success,False,2026-08-19T13:28:10.656877+09:00
Syllabus Repository,90.0,0.0,success,False,2026-08-27T23:11:52.510647+09:00
Syllabus Roadmap,,,failed,False,2026-08-18T22:05:44.090365+09:00
Syllabus Roster,,,failed,False,2026-08-19T00:38:01.073734+09:00
Syllabus Route,,,failed,False,2026-08-17T20:35:48.969093+09:00
Syllabus Rule,,,failed,False,2026-08-23T03:22:56.392022+09:00
Syllabus Sale,,,failed,False,2026-08-21T02:27:17.411779+09:00
Syllabus Sample,1000.0,0.0,success,True,2026-08-19T21:46:11.490049+09:00
Syllabus Scale,,,failed,False,2026-08-17T20:36:47.157974+09:00
Syllabus Scanner,10.0,6.0,success,False,2026-08-27T23:54:15.015364+09:00
Syllabus Scheduler,,,failed,False,2026-08-17T23:31:21.435106+09:00
Syllabus Scope,,,failed,False,2026-08-17T20:34:22.385109+09:00
Syllabus Score,,,failed,False,2026-08-19T13:29:15.231319+09:00
Syllabus Sentry,,,failed,False,2026-08-17T21:36:05.315924+09:00
Syllabus Sheet,70.0,0.0,success,False,2026-08-19T13:28:50.400701+09:00
Syllabus Signal,,,failed,False,2026-08-17T20:36:14.881787+09:00
Syllabus Signature,50.0,0.0,success,False,2026-08-23T13:28:17.743262+09:00
Syllabus Slip,,,failed,False,2026-08-19T21:45:58.620929+09:00
Syllabus Slot,,,failed,False,2026-08-19T21:46:20.188818+09:00
Syllabus Snapshot,,,failed,False,2026-08-18T22:04:36.606049+09:00
Syllabus Stake,,,failed,False,2026-08-23T02:57:17.363671+09:00
Syllabus Stamp,,,failed,False,2026-08-23T13:28:17.743262+09:00
Syllabus Statement,40.0,0.0,success,False,2026-08-21T00:27:51.416222+09:00
Syllabus Station,20.0,5.0,success,False,2026-08-17T20:44:27.303320+09:00
Syllabus Status,20.0,0.0,success,False,2026-08-19T20:45:25.764339+09:00
Syllabus Stub,,,failed,False,2026-08-21T00:27:42.259289+09:00
Syllabus Studio,110.0,1.0,success,False,2026-08-17T20:46:23.888336+09:00
Syllabus Suite,,,failed,False,2026-08-17T23:30:41.257118+09:00
Syllabus Sum,,,failed,False,2026-08-21T02:26:59.463760+09:00
Syllabus Summary,30.0,0.0,success,False,2026-08-19T21:31:21.634231+09:00
Syllabus Sync,70.0,0.0,success,False,2026-08-17T21:30:38.829852+09:00
Syllabus Tab,,,failed,False,2026-08-21T00:28:35.603528+09:00
Syllabus Table,320.0,0.0,success,False,2026-08-19T22:07:28.246340+09:00
Syllabus Tag,,,failed,False,2026-08-19T13:29:46.780078+09:00
Syllabus Tally,,,failed,False,2026-08-21T00:27:57.987466+09:00
Syllabus Tariff,,,failed,False,2026-08-21T02:43:07.410836+09:00
Syllabus Tax,,,failed,False,2026-08-21T02:11:15.261095+09:00
Syllabus Ticket,,,failed,False,2026-08-19T21:31:54.531543+09:00
Syllabus Timeline,,,failed,False,2026-08-19T21:31:29.606643+09:00
Syllabus Toll,,,failed,False,2026-08-21T02:42:59.558136+09:00
Syllabus Toolbox,,,failed,False,2026-08-28T00:24:12.580711+09:00
Syllabus Toolkit,,,failed,False,2026-08-18T22:04:05.188286+09:00
Syllabus Tracker,590.0,2.0,success,False,2026-08-17T21:31:46.266854+09:00
Syllabus Trail,,,failed,False,2026-08-17T20:32:55.422953+09:00
Syllabus Trend,10.0,,success,False,2026-08-28T01:04:51.979139+09:00
Syllabus Trial,,,failed,False,2026-08-27T21:14:09.355453+09:00
Syllabus Unit,590.0,0.0,success,False,2026-08-21T01:55:03.003035+09:00
Syllabus Update,50.0,0.0,success,False,2026-08-19T20:46:04.507912+09:00
Syllabus Vault,,,failed,False,2026-08-17T20:42:18.152107+09:00
Syllabus Version,,,failed,False,2026-08-23T03:22:45.099275+09:00
Syllabus View,,,failed,False,2026-08-19T20:45:32.308725+09:00
Syllabus Voucher,,,failed,False,2026-08-21T00:27:27.558535+09:00
Syllabus Watch,,,failed,False,2026-08-17T20:35:18.626237+09:00
Syllabus Wave,,,failed,False,2026-08-18T07:43:51.559731+09:00
Syllabus Widget,,,failed,False,2026-08-27T23:11:50.094156+09:00
Syllabus Workbench,,,failed,False,2026-08-18T22:03:53.517132+09:00
Syllabus Worksheet,70.0,7.0,success,False,2026-08-27T22:08:10.673360+09:00
Syllabus Workshop,50.0,0.0,success,False,2026-08-28T00:24:07.652921+09:00
Syllabus Zone,,,failed,False,2026-08-17T20:41:58.937145+09:00
Syndication Advance,,,failed,False,2026-08-23T16:11:44.096297+09:00
Syndication Advisory,,,failed,False,2026-08-21T01:07:15.275377+09:00
Syndication Allowance,,,failed,False,2026-08-21T02:45:04.527835+09:00
Syndication Almanac,,,failed,False,2026-08-18T22:05:21.769406+09:00
Syndication Analyzer,,,failed,False,2026-08-27T23:53:00.851680+09:00
Syndication Anchor,,,failed,False,2026-08-17T21:34:50.586670+09:00
Syndication Arrears,,,failed,False,2026-08-23T16:11:40.333627+09:00
Syndication Asset,,,failed,False,2026-08-23T13:45:29.589427+09:00
Syndication Assistant,,,failed,False,2026-08-17T23:12:27.386442+09:00
Syndication Atlas,,,failed,False,2026-08-17T20:42:36.789908+09:00
Syndication Attribute,,,failed,False,2026-08-23T13:10:14.601516+09:00
Syndication Badge,,,failed,False,2026-08-21T00:34:04.071728+09:00
Syndication Base,,,failed,False,2026-08-17T20:39:51.023967+09:00
Syndication Beacon,,,failed,False,2026-08-17T21:39:28.354494+09:00
Syndication Bill,,,failed,False,2026-08-19T21:58:30.244900+09:00
Syndication Blueprint,,,failed,False,2026-08-18T22:05:13.758359+09:00
Syndication Board,,,failed,False,2026-08-17T20:37:05.313557+09:00
Syndication Book,10.0,32.0,success,False,2026-08-19T21:59:15.845213+09:00
Syndication Bridge,,,failed,False,2026-08-17T21:35:54.911296+09:00
Syndication Brief,,,failed,False,2026-08-21T01:07:05.419425+09:00
Syndication Bulletin,,,failed,False,2026-08-21T01:07:00.683520+09:00
Syndication Calendar,,,failed,False,2026-08-19T00:02:18.071698+09:00
Syndication Card,,,failed,False,2026-08-19T13:27:27.071698+09:00
Syndication Cascade,,,failed,False,2026-08-17T21:36:54.710856+09:00
Syndication Cash,,,failed,False,2026-08-21T02:29:53.730886+09:00
Syndication Catalog,,,failed,False,2026-08-19T21:15:25.328836+09:00
Syndication Category,,,failed,False,2026-08-23T13:10:10.835682+09:00
Syndication Center,,,failed,False,2026-08-18T07:52:25.028656+09:00
Syndication Chain,,,failed,False,2026-08-17T20:47:25.656493+09:00
Syndication Charge,,,failed,False,2026-08-21T02:44:49.670355+09:00
Syndication Check,10.0,0.0,success,False,2026-08-19T13:27:53.720083+09:00
Syndication Checker,,,failed,False,2026-08-27T23:52:49.352062+09:00
Syndication Checklist,,,failed,False,2026-08-19T21:14:25.391974+09:00
Syndication Circular,,,failed,False,2026-08-21T01:07:09.616987+09:00
Syndication Cockpit,,,failed,False,2026-08-17T23:33:28.426699+09:00
Syndication Code,,,failed,False,2026-08-19T21:58:48.612097+09:00
Syndication Codex,,,failed,False,2026-08-18T22:05:40.235062+09:00
Syndication Companion,,,failed,False,2026-08-17T23:10:35.067749+09:00
Syndication Comparison,,,failed,False,2026-08-28T01:03:33.167279+09:00
Syndication Compass,,,failed,False,2026-08-17T21:41:31.698252+09:00
Syndication Compendium,,,failed,False,2026-08-18T22:05:32.001911+09:00
Syndication Confirmation,,,failed,False,2026-08-21T01:07:24.154176+09:00
Syndication Console,,,failed,False,2026-08-17T21:38:37.304138+09:00
Syndication Converter,,,failed,False,2026-08-27T23:33:18.763574+09:00
Syndication Core,,,failed,False,2026-08-17T20:38:53.767345+09:00
Syndication Cost,70.0,0.0,success,False,2026-08-21T02:13:59.319117+09:00
Syndication Count,,,failed,False,2026-08-27T22:45:58.509654+09:00
Syndication Counter,,,failed,False,2026-08-19T00:03:04.417889+09:00
Syndication Dashboard,10.0,,success,False,2026-08-17T22:48:03.176041+09:00
Syndication Deal,320.0,7.0,success,False,2026-08-21T01:58:38.358988+09:00
Syndication Debt,260.0,1.0,success,False,2026-08-21T02:29:47.040271+09:00
Syndication Deck,,,failed,False,2026-08-17T20:36:08.746361+09:00
Syndication Depot,,,failed,False,2026-08-19T00:02:48.631996+09:00
Syndication Desk,30.0,1.0,success,False,2026-08-17T20:33:47.539654+09:00
Syndication Detail,,,failed,False,2026-08-23T03:24:33.433692+09:00
Syndication Detector,,,failed,False,2026-08-27T23:52:57.703687+09:00
Syndication Dial,,,failed,False,2026-08-17T21:36:26.445152+09:00
Syndication Digest,,,failed,False,2026-08-19T20:43:22.271749+09:00
Syndication Directory,,,failed,False,2026-08-19T00:02:24.547164+09:00
Syndication Discount,,,failed,False,2026-08-23T16:11:37.487376+09:00
Syndication Dock,,,failed,False,2026-08-17T21:32:11.115049+09:00
Syndication Dossier,,,failed,False,2026-08-21T01:07:29.159320+09:00
Syndication Draft,,,failed,False,2026-08-19T20:43:39.981777+09:00
Syndication Due,,,failed,False,2026-08-23T15:50:23.768923+09:00
Syndication Duty,,,failed,False,2026-08-21T02:44:59.003058+09:00
Syndication Engine,,,failed,False,2026-08-17T23:32:37.778770+09:00
Syndication Entry,,,failed,False,2026-08-21T01:07:41.387893+09:00
Syndication Estimate,,,failed,False,2026-08-19T21:15:13.442141+09:00
Syndication Estimator,,,failed,False,2026-08-27T23:52:45.278124+09:00
Syndication Excerpt,,,failed,False,2026-08-21T01:07:35.741700+09:00
Syndication Extension,,,failed,False,2026-08-23T16:37:31.309501+09:00
Syndication Fare,,,failed,False,2026-08-21T02:14:07.166822+09:00
Syndication Fee,170.0,1.0,success,False,2026-08-21T01:58:22.092915+09:00
Syndication Feed,140.0,2.0,success,False,2026-08-19T20:43:28.887944+09:00
Syndication File,,,failed,False,2026-08-19T20:42:48.667396+09:00
Syndication Finder,,,failed,False,2026-08-19T00:02:39.195734+09:00
Syndication Fine,,,failed,False,2026-08-23T02:58:33.536123+09:00
Syndication Flag,,,failed,False,2026-08-21T00:34:38.752919+09:00
Syndication Flow,,,failed,False,2026-08-17T20:36:38.149505+09:00
Syndication Forge,,,failed,False,2026-08-17T21:38:05.775829+09:00
Syndication Form,,,failed,False,2026-08-19T13:27:15.417105+09:00
Syndication Frame,,,failed,False,2026-08-17T20:40:41.186342+09:00
Syndication Fund,70.0,10.0,success,False,2026-08-21T02:29:49.445628+09:00
Syndication Gate,,,failed,False,2026-08-17T20:44:22.162347+09:00
Syndication Grade,,,failed,False,2026-08-21T00:34:23.360801+09:00
Syndication Graph,,,failed,False,2026-08-27T22:07:54.366638+09:00
Syndication Grid,,,failed,False,2026-08-17T20:48:09.439521+09:00
Syndication Guard,,,failed,False,2026-08-17T20:39:21.363517+09:00
Syndication Guardian,,,failed,False,2026-08-28T00:23:00.112605+09:00
Syndication Guidebook,,,failed,False,2026-08-18T22:04:53.198463+09:00
Syndication Helpdesk,,,failed,False,2026-08-27T22:45:58.509654+09:00
Syndication Helper,,,failed,False,2026-08-28T00:23:02.722044+09:00
Syndication History,,,failed,False,2026-08-19T20:42:43.732696+09:00
Syndication Hotline,,,failed,False,2026-08-19T21:15:37.050210+09:00
Syndication Hub,,,failed,False,2026-08-17T20:35:38.392873+09:00
Syndication Identifier,,,failed,False,2026-08-23T13:10:08.705068+09:00
Syndication Index,,,failed,False,2026-08-19T21:14:36.641890+09:00
Syndication Insight,,,failed,False,2026-08-17T23:33:15.463532+09:00
Syndication Installment,,,failed,False,2026-08-23T16:11:40.333627+09:00
Syndication Interest,,,failed,False,2026-08-23T13:45:27.370408+09:00
Syndication Item,,,failed,False,2026-08-21T01:58:27.155216+09:00
Syndication Journal,,,failed,False,2026-08-18T22:04:32.030179+09:00
Syndication Keeper,,,failed,False,2026-08-17T20:41:01.819842+09:00
Syndication Kit,,,failed,False,2026-08-27T22:45:51.425899+09:00
Syndication Lab,,,failed,False,2026-08-17T20:34:17.127214+09:00
Syndication Label,,,failed,False,2026-08-27T22:07:57.599246+09:00
Syndication Ledger,,,failed,False,2026-08-17T20:38:03.705761+09:00
Syndication Lens,,,failed,False,2026-08-17T20:41:22.469867+09:00
Syndication Level,,,failed,False,2026-08-19T20:43:01.232728+09:00
Syndication Levy,,,failed,False,2026-08-23T13:45:33.532917+09:00
Syndication Link,10.0,22.0,success,False,2026-08-23T03:24:30.095281+09:00
Syndication List,,,failed,False,2026-08-19T21:58:56.766000+09:00
Syndication Loan,6600.0,3.0,success,False,2026-08-21T02:14:13.791830+09:00
Syndication Locator,,,failed,False,2026-08-19T00:02:34.221000+09:00
Syndication Lock,,,failed,False,2026-08-17T20:43:05.974432+09:00
Syndication Log,,,failed,False,2026-08-19T13:27:04.208602+09:00
Syndication Loop,,,failed,False,2026-08-17T21:30:27.922058+09:00
Syndication Manager,70.0,3.0,success,False,2026-08-17T20:40:17.203996+09:00
Syndication Manual,,,failed,False,2026-08-27T22:07:57.599246+09:00
Syndication Map,,,failed,False,2026-08-17T20:42:11.427186+09:00
Syndication Memo,,,failed,False,2026-08-21T00:34:27.900194+09:00
Syndication Meter,,,failed,False,2026-08-17T21:35:20.515813+09:00
Syndication Metrics,,,failed,False,2026-08-17T23:08:54.682716+09:00
Syndication Monitor,,,failed,False,2026-08-17T23:14:07.437972+09:00
Syndication Navigator,,,failed,False,2026-08-17T23:23:26.681151+09:00
Syndication Nexus,,,failed,False,2026-08-17T20:43:32.566232+09:00
Syndication Node,,,failed,False,2026-08-17T20:45:24.269018+09:00
Syndication Note,,,failed,False,2026-08-19T13:28:08.778125+09:00
Syndication Notification,,,failed,False,2026-08-27T22:45:51.425899+09:00
Syndication Number,,,failed,False,2026-08-23T03:24:21.370472+09:00
Syndication Office,,,failed,False,2026-08-19T00:02:56.248931+09:00
Syndication Ops,,,failed,False,2026-08-17T23:04:56.078956+09:00
Syndication Order,,,failed,False,2026-08-19T21:58:19.577733+09:00
Syndication Organizer,,,failed,False,2026-08-17T23:33:03.029797+09:00
Syndication Overdue,,,failed,False,2026-08-27T21:46:10.871215+09:00
Syndication Panel,,,failed,False,2026-08-17T21:37:30.311680+09:00
Syndication Pass,,,failed,False,2026-08-21T00:33:53.387508+09:00
Syndication Path,,,failed,False,2026-08-17T20:44:46.784780+09:00
Syndication Penalty,,,failed,False,2026-08-23T16:37:26.596455+09:00
Syndication Petition,,,failed,False,2026-08-21T01:07:19.627545+09:00
Syndication Pilot,,,failed,False,2026-08-17T20:34:40.569545+09:00
Syndication Plan,,,failed,False,2026-08-21T01:58:35.810953+09:00
Syndication Planner,,,failed,False,2026-08-17T23:32:52.026751+09:00
Syndication Playbook,,,failed,False,2026-08-18T22:04:23.726026+09:00
Syndication Point,,,failed,False,2026-08-17T20:43:58.581518+09:00
Syndication Portal,,,failed,False,2026-08-17T21:40:51.783967+09:00
Syndication Preview,,,failed,False,2026-08-28T01:03:37.882161+09:00
Syndication Profile,,,failed,False,2026-08-19T13:28:26.877196+09:00
Syndication Profit,,,failed,False,2026-08-23T02:58:24.249422+09:00
Syndication Proposal,,,failed,False,2026-08-28T01:03:40.758183+09:00
Syndication Pulse,,,failed,False,2026-08-17T20:46:51.703605+09:00
Syndication Queue,,,failed,False,2026-08-19T21:15:02.782218+09:00
Syndication Quota,,,failed,False,2026-08-21T00:34:32.979761+09:00
Syndication Radar,,,failed,False,2026-08-17T20:32:44.310093+09:00
Syndication Rail,,,failed,False,2026-08-17T21:31:00.206645+09:00
Syndication Rate,,,failed,False,2026-08-19T20:43:08.672141+09:00
Syndication Recap,,,failed,False,2026-08-21T01:07:33.646226+09:00
Syndication Receipt,,,failed,False,2026-08-19T21:58:36.842594+09:00
Syndication Register,,,failed,False,2026-08-17T23:23:45.943375+09:00
Syndication Registry,,,failed,False,2026-08-18T22:05:02.516248+09:00
Syndication Relay,,,failed,False,2026-08-17T20:31:33.560642+09:00
Syndication Reminder,,,failed,False,2026-08-19T21:14:14.890297+09:00
Syndication Report,,,failed,False,2026-08-19T13:26:44.223162+09:00
Syndication Repository,,,failed,False,2026-08-27T23:11:19.629691+09:00
Syndication Roadmap,,,failed,False,2026-08-18T22:05:50.321080+09:00
Syndication Roster,,,failed,False,2026-08-19T00:38:52.130938+09:00
Syndication Route,,,failed,False,2026-08-17T21:33:19.243075+09:00
Syndication Rule,,,failed,False,2026-08-23T03:24:30.095281+09:00
Syndication Sale,,,failed,False,2026-08-21T02:29:56.209810+09:00
Syndication Sample,,,failed,False,2026-08-19T21:59:35.883958+09:00
Syndication Scale,,,failed,False,2026-08-17T21:34:17.965302+09:00
Syndication Scanner,,,failed,False,2026-08-27T23:52:54.402675+09:00
Syndication Scheduler,,,failed,False,2026-08-17T23:07:11.054257+09:00
Syndication Scope,,,failed,False,2026-08-17T21:31:35.848823+09:00
Syndication Score,,,failed,False,2026-08-19T13:28:00.720814+09:00
Syndication Sentry,,,failed,False,2026-08-17T20:41:50.983322+09:00
Syndication Sheet,,,failed,False,2026-08-19T13:27:42.741110+09:00
Syndication Signal,,,failed,False,2026-08-17T21:33:45.075228+09:00
Syndication Signature,,,failed,False,2026-08-23T13:26:15.190614+09:00
Syndication Slip,,,failed,False,2026-08-19T21:59:26.927876+09:00
Syndication Slot,,,failed,False,2026-08-19T21:59:46.400279+09:00
Syndication Snapshot,,,failed,False,2026-08-18T22:04:42.771017+09:00
Syndication Stage,,,failed,False,2026-08-28T00:46:36.452526+09:00
Syndication Stake,,,failed,False,2026-08-23T02:58:29.711332+09:00
Syndication Statement,,,failed,False,2026-08-21T00:34:16.638003+09:00
Syndication Station,,,failed,False,2026-08-17T20:33:18.087238+09:00
Syndication Status,,,failed,False,2026-08-19T20:42:29.664942+09:00
Syndication Stub,,,failed,False,2026-08-21T00:34:09.449100+09:00
Syndication Studio,,,failed,False,2026-08-17T20:35:08.080059+09:00
Syndication Suite,,,failed,False,2026-08-17T23:05:21.665981+09:00
Syndication Sum,,,failed,False,2026-08-21T02:29:43.973308+09:00
Syndication Summary,,,failed,False,2026-08-19T21:13:54.945157+09:00
Syndication Surtax,,,failed,False,2026-08-23T15:50:28.386707+09:00
Syndication Sync,,,failed,False,2026-08-17T20:37:32.011303+09:00
Syndication Tab,,,failed,False,2026-08-21T00:34:42.810397+09:00
Syndication Table,,,failed,False,2026-08-19T21:59:04.972402+09:00
Syndication Tag,,,failed,False,2026-08-19T13:28:15.783876+09:00
Syndication Tally,,,failed,False,2026-08-21T00:34:18.922168+09:00
Syndication Tariff,,,failed,False,2026-08-21T02:45:04.527835+09:00
Syndication Tax,,,failed,False,2026-08-21T02:14:10.459291+09:00
Syndication Ticket,,,failed,False,2026-08-19T21:14:46.806152+09:00
Syndication Tier,,,failed,False,2026-08-28T00:46:39.262631+09:00
Syndication Timeline,,,failed,False,2026-08-19T21:14:05.700076+09:00
Syndication Timer,,,failed,False,2026-08-28T00:22:54.713063+09:00
Syndication Token,,,failed,False,2026-08-23T13:26:15.190614+09:00
Syndication Toll,,,failed,False,2026-08-21T02:45:01.493449+09:00
Syndication Toolbox,,,failed,False,2026-08-28T00:23:00.112605+09:00
Syndication Toolkit,,,failed,False,2026-08-18T22:04:08.939820+09:00
Syndication Total,,,failed,False,2026-08-27T23:11:14.046678+09:00
Syndication Tracker,10.0,17.0,success,False,2026-08-17T20:38:26.412397+09:00
Syndication Trail,,,failed,False,2026-08-17T20:48:44.119140+09:00
Syndication Trend,,,failed,False,2026-08-28T01:03:33.167279+09:00
Syndication Trial,,,failed,False,2026-08-27T21:13:56.719259+09:00
Syndication Unit,10.0,0.0,success,False,2026-08-21T01:58:31.192900+09:00
Syndication Update,,,failed,False,2026-08-19T20:43:16.240040+09:00
Syndication Value,10.0,0.0,success,False,2026-08-23T02:58:27.713523+09:00
Syndication Vault,,,failed,False,2026-08-18T07:43:49.584727+09:00
Syndication Version,,,failed,False,2026-08-23T03:24:25.190204+09:00
Syndication View,,,failed,False,2026-08-19T20:42:34.910732+09:00
Syndication Voucher,,,failed,False,2026-08-21T00:33:58.463562+09:00
Syndication Watch,,,failed,False,2026-08-17T21:32:47.122898+09:00
Syndication Wave,,,failed,False,2026-08-17T20:45:48.787557+09:00
Syndication Widget,10.0,,success,False,2026-08-27T23:11:17.164347+09:00
Syndication Workbench,,,failed,False,2026-08-18T22:04:00.845205+09:00
Syndication Worksheet,,,failed,False,2026-08-27T22:08:00.127291+09:00
Syndication Zone,,,failed,False,2026-08-18T07:52:35.571361+09:00
Syntax Advisory,,,failed,False,2026-08-21T00:58:52.318728+09:00
Syntax Alert,,,failed,False,2026-08-19T21:30:47.462824+09:00
Syntax Allowance,,,failed,False,2026-08-21T02:40:49.577434+09:00
Syntax Analyzer,1300.0,1.0,success,False,2026-08-27T23:58:05.711455+09:00
Syntax Assistant,,,failed,False,2026-08-19T21:17:37.116648+09:00
Syntax Atlas,20.0,9.0,success,False,2026-08-19T21:16:50.838174+09:00
Syntax Attribute,40.0,0.0,success,False,2026-08-23T13:09:14.949045+09:00
Syntax Base,,,failed,False,2026-08-19T21:12:41.804289+09:00
Syntax Bay,,,failed,False,2026-08-19T21:29:42.361641+09:00
Syntax Bin,,,failed,False,2026-08-19T21:31:03.580111+09:00
Syntax Board,70.0,0.0,success,False,2026-08-19T21:13:17.515413+09:00
Syntax Book,320.0,65.0,success,False,2026-08-19T21:54:56.953854+09:00
Syntax Booth,,,failed,False,2026-08-19T21:29:21.643935+09:00
Syntax Bridge,,,failed,False,2026-08-19T21:10:39.923410+09:00
Syntax Brief,,,failed,False,2026-08-21T00:58:42.850183+09:00
Syntax Bulletin,,,failed,False,2026-08-21T00:58:38.777262+09:00
Syntax Calendar,,,failed,False,2026-08-19T21:19:23.397844+09:00
Syntax Card,,,failed,False,2026-08-19T21:32:23.492274+09:00
Syntax Cash,,,failed,False,2026-08-21T02:24:08.080909+09:00
Syntax Cashback,,,failed,False,2026-08-27T21:15:40.330625+09:00
Syntax Catalog,,,failed,False,2026-08-19T21:08:09.987838+09:00
Syntax Category,10.0,0.0,success,False,2026-08-23T13:09:12.775055+09:00
Syntax Center,,,failed,False,2026-08-19T21:14:23.234492+09:00
Syntax Chain,,,failed,False,2026-08-19T21:16:04.396422+09:00
Syntax Charge,,,failed,False,2026-08-21T02:40:41.069615+09:00
Syntax Chart,880.0,0.0,success,False,2026-08-19T21:30:56.024739+09:00
Syntax Check,1300.0,6.0,success,False,2026-08-19T21:03:45.298500+09:00
Syntax Checker,1300.0,6.0,success,False,2026-08-27T23:58:00.506831+09:00
Syntax Checklist,,,failed,False,2026-08-19T21:07:19.840236+09:00
Syntax Circular,,,failed,False,2026-08-21T01:00:03.837469+09:00
Syntax Code,5400.0,1.0,success,False,2026-08-19T21:54:25.677858+09:00
Syntax Companion,,,failed,False,2026-08-19T21:18:11.999906+09:00
Syntax Comparison,50.0,0.0,success,False,2026-08-28T01:08:52.515259+09:00
Syntax Compass,,,failed,False,2026-08-19T21:09:52.138956+09:00
Syntax Confirmation,,,failed,False,2026-08-21T00:59:01.913298+09:00
Syntax Console,,,failed,False,2026-08-19T21:14:58.322778+09:00
Syntax Converter,20.0,0.0,success,False,2026-08-27T23:35:50.995626+09:00
Syntax Core,10.0,0.0,success,False,2026-08-19T21:12:51.464479+09:00
Syntax Cost,20.0,10.0,success,False,2026-08-21T02:07:20.173569+09:00
Syntax Counter,,,failed,False,2026-08-19T21:29:05.227189+09:00
Syntax Coupon,,,failed,False,2026-08-27T21:15:37.893274+09:00
Syntax Deal,,,failed,False,2026-08-21T02:00:06.443014+09:00
Syntax Debt,10.0,0.0,success,False,2026-08-21T02:23:55.522760+09:00
Syntax Deck,,,failed,False,2026-08-19T21:13:28.219579+09:00
Syntax Desk,,,failed,False,2026-08-19T21:09:02.600791+09:00
Syntax Detail,,,failed,False,2026-08-23T03:21:42.958973+09:00
Syntax Detector,10.0,11.0,success,False,2026-08-27T23:58:03.075368+09:00
Syntax Diagram,880.0,0.0,success,False,2026-08-27T22:10:23.604541+09:00
Syntax Digest,,,failed,False,2026-08-19T21:06:15.149170+09:00
Syntax Directory,,,failed,False,2026-08-19T21:19:35.712806+09:00
Syntax Dossier,,,failed,False,2026-08-21T00:59:06.391670+09:00
Syntax Downpayment,,,failed,False,2026-08-27T21:46:54.698818+09:00
Syntax Draft,,,failed,False,2026-08-19T21:06:37.485931+09:00
Syntax Duty,,,failed,False,2026-08-21T02:40:43.977421+09:00
Syntax Engine,10.0,0.0,success,False,2026-08-19T21:17:27.324738+09:00
Syntax Entry,,,failed,False,2026-08-21T00:59:19.513950+09:00
Syntax Estimate,,,failed,False,2026-08-19T21:07:58.848698+09:00
Syntax Estimator,,,failed,False,2026-08-27T23:58:00.506831+09:00
Syntax Excerpt,,,failed,False,2026-08-21T00:59:15.258286+09:00
Syntax Fare,,,failed,False,2026-08-21T02:07:29.886940+09:00
Syntax Fee,,,failed,False,2026-08-21T01:59:53.471915+09:00
Syntax Feed,,,failed,False,2026-08-19T21:06:27.741536+09:00
Syntax File,110.0,0.0,success,False,2026-08-19T21:05:26.715187+09:00
Syntax Fine,,,failed,False,2026-08-23T02:56:03.136754+09:00
Syntax Flag,,,failed,False,2026-08-21T00:35:34.561312+09:00
Syntax Flow,90.0,0.0,success,False,2026-08-19T21:08:40.437861+09:00
Syntax Form,70.0,0.0,success,False,2026-08-19T21:32:15.548375+09:00
Syntax Frame,,,failed,False,2026-08-19T21:12:31.857265+09:00
Syntax Fund,,,failed,False,2026-08-21T02:23:59.841123+09:00
Syntax Gate,,,failed,False,2026-08-19T21:16:25.825046+09:00
Syntax Giveaway,,,failed,False,2026-08-27T21:15:44.469109+09:00
Syntax Graph,70.0,0.0,success,False,2026-08-27T22:10:10.749365+09:00
Syntax Grid,,,failed,False,2026-08-19T21:11:34.990271+09:00
Syntax Guardian,,,failed,False,2026-08-28T00:27:00.787784+09:00
Syntax Harbor,,,failed,False,2026-08-19T21:30:10.428031+09:00
Syntax Helper,30.0,3.0,success,False,2026-08-28T00:27:03.530965+09:00
Syntax History,,,failed,False,2026-08-19T21:05:14.341737+09:00
Syntax Hotline,,,failed,False,2026-08-19T21:08:17.191236+09:00
Syntax Hub,210.0,0.0,success,False,2026-08-19T21:08:52.385641+09:00
Syntax Identifier,20.0,2.0,success,False,2026-08-23T13:09:10.087594+09:00
Syntax Inbox,,,failed,False,2026-08-19T21:30:39.077841+09:00
Syntax Incentive,,,failed,False,2026-08-27T21:15:44.469109+09:00
Syntax Index,50.0,1.0,success,False,2026-08-19T21:07:29.278050+09:00
Syntax Item,,,failed,False,2026-08-21T01:59:55.077631+09:00
Syntax Journal,110.0,0.0,success,False,2026-08-19T21:19:01.988330+09:00
Syntax Keeper,,,failed,False,2026-08-19T21:17:05.944580+09:00
Syntax Kiosk,,,failed,False,2026-08-19T21:29:26.779055+09:00
Syntax Lab,170.0,0.0,success,False,2026-08-19T21:13:52.940752+09:00
Syntax Label,10.0,9.0,success,False,2026-08-27T22:10:10.749365+09:00
Syntax Ledger,,,failed,False,2026-08-19T21:13:04.964598+09:00
Syntax Level,10.0,0.0,success,False,2026-08-19T21:05:39.916573+09:00
Syntax Line,40.0,1.0,success,False,2026-08-19T21:31:33.933839+09:00
Syntax Link,170.0,1.0,success,False,2026-08-23T03:21:32.618577+09:00
Syntax List,320.0,0.0,success,False,2026-08-19T21:54:37.434657+09:00
Syntax Loan,,,failed,False,2026-08-21T02:07:41.553019+09:00
Syntax Lobby,,,failed,False,2026-08-19T21:31:17.357360+09:00
Syntax Locator,,,failed,False,2026-08-19T21:19:49.170898+09:00
Syntax Locker,,,failed,False,2026-08-19T21:29:12.327035+09:00
Syntax Log,,,failed,False,2026-08-19T21:32:06.209951+09:00
Syntax Loop,1000.0,0.0,success,True,2026-08-19T21:11:23.723554+09:00
Syntax Manager,,,failed,False,2026-08-19T21:17:17.082757+09:00
Syntax Manual,10.0,0.0,success,False,2026-08-27T22:10:16.912585+09:00
Syntax Map,30.0,1.0,success,False,2026-08-19T21:12:22.393942+09:00
Syntax Margin,,,failed,False,2026-08-23T02:56:00.191983+09:00
Syntax Memo,,,failed,False,2026-08-21T00:35:29.281212+09:00
Syntax Monitor,10.0,0.0,success,False,2026-08-19T21:18:01.862049+09:00
Syntax Nexus,,,failed,False,2026-08-19T21:16:39.026055+09:00
Syntax Note,,,failed,False,2026-08-19T21:04:11.577084+09:00
Syntax Office,30.0,0.0,success,False,2026-08-19T21:20:12.462826+09:00
Syntax Ops,,,failed,False,2026-08-19T21:18:34.619237+09:00
Syntax Outpost,,,failed,False,2026-08-19T21:29:55.661249+09:00
Syntax Overage,,,failed,False,2026-08-27T21:46:52.310844+09:00
Syntax Overdue,,,failed,False,2026-08-27T21:46:47.630562+09:00
Syntax Panel,,,failed,False,2026-08-19T21:15:09.209545+09:00
Syntax Passport,,,failed,False,2026-08-19T21:31:11.020553+09:00
Syntax Path,10.0,0.0,success,False,2026-08-19T21:11:58.211530+09:00
Syntax Payoff,,,failed,False,2026-08-27T21:46:49.880048+09:00
Syntax Penalty,,,failed,False,2026-08-23T16:38:03.608262+09:00
Syntax Petition,,,failed,False,2026-08-21T00:58:57.845239+09:00
Syntax Plan,,,failed,False,2026-08-21T01:59:59.476692+09:00
Syntax Planner,,,failed,False,2026-08-19T21:17:47.761016+09:00
Syntax Playbook,,,failed,False,2026-08-19T21:18:46.381283+09:00
Syntax Plaza,,,failed,False,2026-08-19T21:30:03.373519+09:00
Syntax Point,,,failed,False,2026-08-19T21:12:09.668415+09:00
Syntax Portal,,,failed,False,2026-08-19T21:14:44.485943+09:00
Syntax Post,,,failed,False,2026-08-19T21:29:49.422411+09:00
Syntax Profile,,,failed,False,2026-08-19T21:04:36.711918+09:00
Syntax Profit,,,failed,False,2026-08-23T02:55:53.099561+09:00
Syntax Queue,,,failed,False,2026-08-19T21:07:49.558493+09:00
Syntax Radar,,,failed,False,2026-08-19T21:09:15.467375+09:00
Syntax Rail,,,failed,False,2026-08-19T21:15:42.753829+09:00
Syntax Rate,20.0,9.0,success,False,2026-08-19T21:05:52.966416+09:00
Syntax Recap,,,failed,False,2026-08-21T01:00:11.022856+09:00
Syntax Register,,,failed,False,2026-08-19T21:18:24.331096+09:00
Syntax Registry,,,failed,False,2026-08-19T21:19:11.883317+09:00
Syntax Relay,,,failed,False,2026-08-19T21:09:27.813218+09:00
Syntax Reminder,,,failed,False,2026-08-19T21:07:06.926428+09:00
Syntax Report,10.0,0.0,success,False,2026-08-19T21:31:59.320296+09:00
Syntax Repository,,,failed,False,2026-08-27T23:14:44.010079+09:00
Syntax Ring,,,failed,False,2026-08-19T21:16:14.581068+09:00
Syntax Roll,,,failed,False,2026-08-19T21:31:52.488938+09:00
Syntax Roster,,,failed,False,2026-08-19T21:30:33.343002+09:00
Syntax Route,,,failed,False,2026-08-19T21:15:31.407245+09:00
Syntax Rule,720.0,0.0,success,False,2026-08-23T03:21:40.496452+09:00
Syntax Sale,,,failed,False,2026-08-21T02:24:12.217966+09:00
Syntax Sample,40.0,0.0,success,False,2026-08-19T21:55:14.913375+09:00
Syntax Scale,,,failed,False,2026-08-19T21:15:20.790094+09:00
Syntax Scanner,,,failed,False,2026-08-27T23:58:03.075368+09:00
Syntax Schematic,,,failed,False,2026-08-27T22:28:53.992967+09:00
Syntax Scope,30.0,0.0,success,False,2026-08-19T21:11:14.866023+09:00
Syntax Score,9900.0,0.0,success,True,2026-08-19T21:03:58.078741+09:00
Syntax Sheet,40.0,0.0,success,False,2026-08-19T21:03:30.036000+09:00
Syntax Shelf,,,failed,False,2026-08-19T21:30:24.987558+09:00
Syntax Shortfall,,,failed,False,2026-08-27T21:46:54.698818+09:00
Syntax Signal,,,failed,False,2026-08-19T21:10:51.939321+09:00
Syntax Slip,,,failed,False,2026-08-19T21:55:06.588963+09:00
Syntax Stake,,,failed,False,2026-08-23T02:55:57.484668+09:00
Syntax Statement,90.0,0.0,success,False,2026-08-21T00:35:19.738516+09:00
Syntax Station,30.0,0.0,success,False,2026-08-19T21:14:03.656959+09:00
Syntax Status,,,failed,False,2026-08-19T21:04:49.568415+09:00
Syntax Studio,110.0,1.0,success,False,2026-08-19T21:13:40.486879+09:00
Syntax Sum,10.0,0.0,success,False,2026-08-21T02:23:51.443965+09:00
Syntax Summary,30.0,0.0,success,False,2026-08-19T21:06:46.189471+09:00
Syntax Tab,260.0,2.0,success,False,2026-08-21T00:35:39.216644+09:00
Syntax Table,170.0,0.0,success,False,2026-08-19T21:54:45.586270+09:00
Syntax Tag,10.0,0.0,success,False,2026-08-19T21:04:24.508436+09:00
Syntax Tariff,,,failed,False,2026-08-21T02:40:59.157491+09:00
Syntax Tax,90.0,8.0,success,False,2026-08-21T02:07:34.217644+09:00
Syntax Terminal,,,failed,False,2026-08-19T21:14:12.923572+09:00
Syntax Ticker,,,failed,False,2026-08-19T21:31:25.099741+09:00
Syntax Ticket,,,failed,False,2026-08-19T21:07:38.685875+09:00
Syntax Timeline,,,failed,False,2026-08-19T21:06:56.055921+09:00
Syntax Toll,,,failed,False,2026-08-21T02:40:47.085181+09:00
Syntax Toolbox,,,failed,False,2026-08-28T00:27:00.787784+09:00
Syntax Tower,,,failed,False,2026-08-19T21:30:18.297847+09:00
Syntax Tracker,,,failed,False,2026-08-19T21:08:29.245582+09:00
Syntax Trail,10.0,0.0,success,False,2026-08-19T21:15:54.238919+09:00
Syntax Trial,390.0,0.0,success,False,2026-08-27T21:15:40.330625+09:00
Syntax Unit,10.0,0.0,success,False,2026-08-21T02:00:00.574550+09:00
Syntax Update,20.0,0.0,success,False,2026-08-19T21:06:04.880535+09:00
Syntax Value,10.0,0.0,success,False,2026-08-23T02:55:55.232894+09:00
Syntax Vault,110.0,0.0,success,False,2026-08-19T21:09:42.547953+09:00
Syntax View,40.0,0.0,success,False,2026-08-19T21:05:02.074506+09:00
Syntax Watch,10.0,0.0,success,False,2026-08-19T21:11:04.489546+09:00
Syntax Wave,,,failed,False,2026-08-19T21:11:46.371328+09:00
Syntax Widget,,,failed,False,2026-08-27T23:14:41.720422+09:00
Syntax Window,10.0,0.0,success,False,2026-08-19T21:31:43.962049+09:00
Syntax Worksheet,110.0,0.0,success,False,2026-08-27T22:10:19.864578+09:00
Syntax Yard,,,failed,False,2026-08-19T21:29:34.148902+09:00
Syntax Zone,,,failed,False,2026-08-19T21:14:34.800336+09:00
Tailings Advisory,,,failed,False,2026-08-21T01:06:25.514755+09:00
Tailings Allowance,,,failed,False,2026-08-21T02:38:25.978724+09:00
Tailings Almanac,,,failed,False,2026-08-18T22:12:13.672404+09:00
Tailings Analyzer,,,failed,False,2026-08-27T23:53:59.228828+09:00
Tailings Anchor,,,failed,False,2026-08-17T23:10:08.054607+09:00
Tailings Asset,,,failed,False,2026-08-23T13:47:51.726767+09:00
Tailings Assistant,,,failed,False,2026-08-17T23:10:49.091693+09:00
Tailings Atlas,,,failed,False,2026-08-17T23:14:22.352504+09:00
Tailings Balance,,,failed,False,2026-08-23T13:47:46.605419+09:00
Tailings Base,,,failed,False,2026-08-17T23:09:52.206266+09:00
Tailings Beacon,,,failed,False,2026-08-17T23:08:28.176792+09:00
Tailings Blueprint,,,failed,False,2026-08-18T22:12:06.505434+09:00
Tailings Board,,,failed,False,2026-08-17T23:30:16.319777+09:00
Tailings Book,,,failed,False,2026-08-19T21:48:07.459723+09:00
Tailings Bridge,,,failed,False,2026-08-17T23:27:48.723968+09:00
Tailings Brief,,,failed,False,2026-08-21T01:06:17.673460+09:00
Tailings Bulletin,,,failed,False,2026-08-21T01:06:13.819084+09:00
Tailings Calculator,,,failed,False,2026-08-27T23:33:29.170312+09:00
Tailings Calendar,,,failed,False,2026-08-19T00:03:25.935082+09:00
Tailings Card,,,failed,False,2026-08-19T13:22:01.413587+09:00
Tailings Cascade,,,failed,False,2026-08-17T23:15:18.258563+09:00
Tailings Cash,,,failed,False,2026-08-21T02:21:23.135425+09:00
Tailings Category,,,failed,False,2026-08-23T13:07:17.768470+09:00
Tailings Center,20.0,2.0,success,False,2026-08-17T23:31:10.385394+09:00
Tailings Chain,,,failed,False,2026-08-17T23:32:47.059992+09:00
Tailings Charge,,,failed,False,2026-08-21T02:38:16.396053+09:00
Tailings Check,,,failed,False,2026-08-19T13:23:05.373596+09:00
Tailings Checker,,,failed,False,2026-08-27T23:53:48.068906+09:00
Tailings Circular,,,failed,False,2026-08-21T01:06:21.603341+09:00
Tailings Cockpit,,,failed,False,2026-08-17T23:24:58.944526+09:00
Tailings Code,,,failed,False,2026-08-19T21:47:26.468483+09:00
Tailings Codex,,,failed,False,2026-08-18T23:52:14.676112+09:00
Tailings Companion,,,failed,False,2026-08-17T23:08:49.702335+09:00
Tailings Comparison,,,failed,False,2026-08-28T01:04:57.702842+09:00
Tailings Compass,,,failed,False,2026-08-17T23:27:19.198277+09:00
Tailings Compendium,,,failed,False,2026-08-18T22:12:19.566532+09:00
Tailings Confirmation,,,failed,False,2026-08-21T01:06:36.051415+09:00
Tailings Console,,,failed,False,2026-08-17T23:14:44.117441+09:00
Tailings Core,,,failed,False,2026-08-17T23:30:03.516281+09:00
Tailings Cost,,,failed,False,2026-08-21T02:14:36.179977+09:00
Tailings Counter,,,failed,False,2026-08-19T00:04:14.172620+09:00
Tailings Dashboard,,,failed,False,2026-08-17T23:14:05.238044+09:00
Tailings Deal,,,failed,False,2026-08-21T01:58:38.358988+09:00
Tailings Debt,,,failed,False,2026-08-21T02:21:14.623269+09:00
Tailings Deck,,,failed,False,2026-08-17T23:11:27.104300+09:00
Tailings Depot,,,failed,False,2026-08-19T00:03:57.643433+09:00
Tailings Desk,,,failed,False,2026-08-17T23:26:50.492047+09:00
Tailings Detail,,,failed,False,2026-08-23T03:18:44.540602+09:00
Tailings Detector,,,failed,False,2026-08-27T23:53:59.228828+09:00
Tailings Diagram,,,failed,False,2026-08-27T22:15:55.055044+09:00
Tailings Dial,,,failed,False,2026-08-17T23:09:32.191803+09:00
Tailings Digest,,,failed,False,2026-08-19T20:44:48.132741+09:00
Tailings Directory,,,failed,False,2026-08-19T00:03:34.698010+09:00
Tailings Dock,,,failed,False,2026-08-17T23:11:08.683373+09:00
Tailings Dossier,,,failed,False,2026-08-21T01:06:44.007854+09:00
Tailings Downpayment,,,failed,False,2026-08-27T21:50:56.215822+09:00
Tailings Draft,,,failed,False,2026-08-19T20:45:06.240403+09:00
Tailings Duty,,,failed,False,2026-08-21T02:38:19.881796+09:00
Tailings Engine,,,failed,False,2026-08-17T23:23:41.484558+09:00
Tailings Entry,,,failed,False,2026-08-21T01:06:58.606298+09:00
Tailings Estimate,,,failed,False,2026-08-19T21:30:51.810974+09:00
Tailings Estimator,,,failed,False,2026-08-27T23:53:42.609151+09:00
Tailings Excerpt,,,failed,False,2026-08-21T01:06:53.303863+09:00
Tailings Fare,,,failed,False,2026-08-21T02:14:45.406179+09:00
Tailings Fee,,,failed,False,2026-08-21T01:58:19.228464+09:00
Tailings Feed,,,failed,False,2026-08-19T20:44:56.793146+09:00
Tailings File,,,failed,False,2026-08-19T20:44:16.708983+09:00
Tailings Finder,,,failed,False,2026-08-19T00:03:50.601023+09:00
Tailings Fine,,,failed,False,2026-08-23T02:54:17.672874+09:00
Tailings Flag,,,failed,False,2026-08-21T00:32:11.459467+09:00
Tailings Flow,,,failed,False,2026-08-17T23:04:50.362686+09:00
Tailings Forge,,,failed,False,2026-08-17T23:27:34.340862+09:00
Tailings Form,,,failed,False,2026-08-19T13:21:52.267675+09:00
Tailings Frame,,,failed,False,2026-08-17T23:29:46.030396+09:00
Tailings Fund,,,failed,False,2026-08-21T02:21:19.910090+09:00
Tailings Gate,,,failed,False,2026-08-17T23:07:30.676472+09:00
Tailings Grade,,,failed,False,2026-08-21T00:31:49.661501+09:00
Tailings Graph,,,failed,False,2026-08-27T22:15:41.431097+09:00
Tailings Grid,,,failed,False,2026-08-17T23:28:37.439215+09:00
Tailings Guarantee,,,failed,False,2026-08-28T01:05:06.027579+09:00
Tailings Guard,,,failed,False,2026-08-17T23:26:06.305227+09:00
Tailings Guardian,,,failed,False,2026-08-28T00:23:56.463149+09:00
Tailings Guidebook,,,failed,False,2026-08-18T22:11:47.554399+09:00
Tailings Helpdesk,,,failed,False,2026-08-27T22:45:32.227130+09:00
Tailings Helper,,,failed,False,2026-08-28T00:24:01.160084+09:00
Tailings History,,,failed,False,2026-08-19T20:44:05.928260+09:00
Tailings Hub,,,failed,False,2026-08-17T23:26:34.514876+09:00
Tailings Identifier,,,failed,False,2026-08-23T13:07:14.038929+09:00
Tailings Index,,,failed,False,2026-08-19T21:30:36.862882+09:00
Tailings Insight,,,failed,False,2026-08-17T23:24:40.372556+09:00
Tailings Item,,,failed,False,2026-08-21T01:58:27.155216+09:00
Tailings Journal,,,failed,False,2026-08-18T22:11:32.522772+09:00
Tailings Keeper,,,failed,False,2026-08-17T23:09:09.172246+09:00
Tailings Kit,,,failed,False,2026-08-27T22:45:23.426349+09:00
Tailings Lab,,,failed,False,2026-08-17T23:06:02.733299+09:00
Tailings Ledger,,,failed,False,2026-08-17T23:04:12.037031+09:00
Tailings Lens,,,failed,False,2026-08-17T23:15:02.433018+09:00
Tailings Level,,,failed,False,2026-08-19T20:44:23.661281+09:00
Tailings Levy,,,failed,False,2026-08-23T13:47:51.726767+09:00
Tailings Link,,,failed,False,2026-08-23T03:18:36.305827+09:00
Tailings List,,,failed,False,2026-08-19T21:47:40.553023+09:00
Tailings Loan,,,failed,False,2026-08-21T02:14:55.250493+09:00
Tailings Locator,,,failed,False,2026-08-19T00:03:41.244683+09:00
Tailings Lock,,,failed,False,2026-08-17T23:08:08.981233+09:00
Tailings Log,,,failed,False,2026-08-19T13:21:15.307510+09:00
Tailings Loop,,,failed,False,2026-08-17T23:11:46.496961+09:00
Tailings Manager,,,failed,False,2026-08-17T23:33:40.972373+09:00
Tailings Manual,,,failed,False,2026-08-27T22:15:49.874448+09:00
Tailings Map,,,failed,False,2026-08-17T23:29:31.685360+09:00
Tailings Margin,,,failed,False,2026-08-23T02:54:13.248458+09:00
Tailings Memo,,,failed,False,2026-08-21T00:31:57.081328+09:00
Tailings Meter,,,failed,False,2026-08-17T23:32:02.596672+09:00
Tailings Metrics,,,failed,False,2026-08-17T23:07:07.612411+09:00
Tailings Monitor,,,failed,False,2026-08-17T23:12:24.724350+09:00
Tailings Navigator,,,failed,False,2026-08-17T23:25:33.384672+09:00
Tailings Nexus,,,failed,False,2026-08-17T23:33:11.202195+09:00
Tailings Node,,,failed,False,2026-08-17T23:33:00.502135+09:00
Tailings Note,,,failed,False,2026-08-19T13:23:25.617100+09:00
Tailings Notification,,,failed,False,2026-08-27T22:45:15.401077+09:00
Tailings Number,,,failed,False,2026-08-23T03:18:29.464352+09:00
Tailings Office,,,failed,False,2026-08-19T00:04:07.444762+09:00
Tailings Ops,,,failed,False,2026-08-17T23:15:32.901211+09:00
Tailings Organizer,,,failed,False,2026-08-17T23:24:15.710246+09:00
Tailings Overage,,,failed,False,2026-08-27T21:50:54.080102+09:00
Tailings Overdue,,,failed,False,2026-08-27T21:50:49.400709+09:00
Tailings Panel,,,failed,False,2026-08-17T23:31:42.326204+09:00
Tailings Path,,,failed,False,2026-08-17T23:13:24.499414+09:00
Tailings Payoff,,,failed,False,2026-08-27T21:50:51.730845+09:00
Tailings Petition,,,failed,False,2026-08-21T01:06:31.516088+09:00
Tailings Pilot,,,failed,False,2026-08-17T23:12:05.919804+09:00
Tailings Plan,,,failed,False,2026-08-21T01:58:35.810953+09:00
Tailings Planner,,,failed,False,2026-08-17T23:23:57.574570+09:00
Tailings Playbook,,,failed,False,2026-08-18T22:11:21.547380+09:00
Tailings Point,,,failed,False,2026-08-17T23:29:14.907859+09:00
Tailings Portal,,,failed,False,2026-08-17T23:31:27.985495+09:00
Tailings Preview,,,failed,False,2026-08-28T01:05:00.784184+09:00
Tailings Profile,,,failed,False,2026-08-19T13:24:07.507599+09:00
Tailings Profit,,,failed,False,2026-08-23T02:54:06.073801+09:00
Tailings Proposal,,,failed,False,2026-08-28T01:05:03.424573+09:00
Tailings Pulse,,,failed,False,2026-08-17T23:06:22.536636+09:00
Tailings Quota,,,failed,False,2026-08-21T00:32:03.646563+09:00
Tailings Radar,,,failed,False,2026-08-17T23:06:43.544679+09:00
Tailings Rail,,,failed,False,2026-08-17T23:32:34.743858+09:00
Tailings Rate,,,failed,False,2026-08-19T20:44:32.627645+09:00
Tailings Recap,,,failed,False,2026-08-21T01:06:48.856434+09:00
Tailings Receipt,,,failed,False,2026-08-19T21:47:13.005766+09:00
Tailings Recorder,,,failed,False,2026-08-27T23:33:31.795696+09:00
Tailings Register,,,failed,False,2026-08-17T23:25:51.814430+09:00
Tailings Registry,,,failed,False,2026-08-18T22:11:56.316205+09:00
Tailings Relay,,,failed,False,2026-08-17T23:27:06.990402+09:00
Tailings Reminder,,,failed,False,2026-08-19T21:30:28.519556+09:00
Tailings Report,,,failed,False,2026-08-19T13:20:57.045829+09:00
Tailings Repository,,,failed,False,2026-08-27T23:11:17.164347+09:00
Tailings Result,,,failed,False,2026-08-28T00:47:13.320687+09:00
Tailings Roadmap,,,failed,False,2026-08-18T23:52:14.676112+09:00
Tailings Roster,,,failed,False,2026-08-19T00:38:36.857956+09:00
Tailings Route,,,failed,False,2026-08-17T23:32:21.137516+09:00
Tailings Rule,,,failed,False,2026-08-23T03:18:41.681571+09:00
Tailings Sale,,,failed,False,2026-08-21T02:21:27.143708+09:00
Tailings Sample,,,failed,False,2026-08-19T21:48:34.329578+09:00
Tailings Scale,,,failed,False,2026-08-17T23:03:53.626473+09:00
Tailings Scanner,,,failed,False,2026-08-27T23:53:51.631383+09:00
Tailings Scheduler,,,failed,False,2026-08-17T23:05:14.518937+09:00
Tailings Schematic,,,failed,False,2026-08-27T22:28:37.219396+09:00
Tailings Scope,,,failed,False,2026-08-17T23:28:17.323230+09:00
Tailings Score,,,failed,False,2026-08-19T13:23:16.958274+09:00
Tailings Sentry,,,failed,False,2026-08-17T23:33:25.716051+09:00
Tailings Sheet,,,failed,False,2026-08-19T13:22:52.997590+09:00
Tailings Shortfall,,,failed,False,2026-08-27T21:50:58.340520+09:00
Tailings Signal,,,failed,False,2026-08-17T23:28:04.378663+09:00
Tailings Slip,,,failed,False,2026-08-19T21:48:19.671606+09:00
Tailings Slot,,,failed,False,2026-08-19T21:48:50.657736+09:00
Tailings Snapshot,,,failed,False,2026-08-18T22:11:39.333366+09:00
Tailings Stage,,,failed,False,2026-08-28T00:47:13.320687+09:00
Tailings Stake,,,failed,False,2026-08-23T02:54:11.154631+09:00
Tailings Statement,,,failed,False,2026-08-21T00:31:36.211701+09:00
Tailings Station,,,failed,False,2026-08-17T23:30:45.182553+09:00
Tailings Status,,,failed,False,2026-08-19T20:43:53.666341+09:00
Tailings Stub,,,failed,False,2026-08-21T00:31:30.142352+09:00
Tailings Studio,,,failed,False,2026-08-17T23:30:33.375533+09:00
Tailings Suite,,,failed,False,2026-08-17T22:51:27.768654+09:00
Tailings Sum,,,failed,False,2026-08-21T02:21:11.057858+09:00
Tailings Summary,,,failed,False,2026-08-19T21:30:14.177717+09:00
Tailings Sync,,,failed,False,2026-08-17T23:26:20.273293+09:00
Tailings Table,,,failed,False,2026-08-19T21:47:52.868004+09:00
Tailings Tag,,,failed,False,2026-08-19T13:23:44.398972+09:00
Tailings Tally,,,failed,False,2026-08-21T00:31:43.518986+09:00
Tailings Tariff,,,failed,False,2026-08-21T02:38:28.246618+09:00
Tailings Tax,,,failed,False,2026-08-21T02:14:50.093035+09:00
Tailings Ticket,,,failed,False,2026-08-19T21:30:42.715680+09:00
Tailings Timeline,,,failed,False,2026-08-19T21:30:22.896569+09:00
Tailings Timer,,,failed,False,2026-08-28T00:23:49.555058+09:00
Tailings Toll,,,failed,False,2026-08-21T02:38:23.344262+09:00
Tailings Toolbox,,,failed,False,2026-08-28T00:23:58.859062+09:00
Tailings Toolkit,,,failed,False,2026-08-18T22:11:11.945944+09:00
Tailings Total,,,failed,False,2026-08-27T23:11:08.284499+09:00
Tailings Tracker,,,failed,False,2026-08-17T23:10:31.513884+09:00
Tailings Trail,,,failed,False,2026-08-17T23:05:39.217461+09:00
Tailings Trend,,,failed,False,2026-08-28T01:04:54.734993+09:00
Tailings Trial,,,failed,False,2026-08-27T21:19:56.366947+09:00
Tailings Unit,,,failed,False,2026-08-21T01:58:31.192900+09:00
Tailings Update,,,failed,False,2026-08-19T20:44:39.695908+09:00
Tailings Value,,,failed,False,2026-08-23T02:54:08.933520+09:00
Tailings Vault,,,failed,False,2026-08-17T23:13:43.600383+09:00
Tailings Version,,,failed,False,2026-08-23T03:18:33.193002+09:00
Tailings View,,,failed,False,2026-08-19T20:44:00.282785+09:00
Tailings Watch,,,failed,False,2026-08-17T23:04:29.933530+09:00
Tailings Wave,,,failed,False,2026-08-17T23:28:54.506937+09:00
Tailings Widget,,,failed,False,2026-08-27T23:11:14.046678+09:00
Tailings Workbench,,,failed,False,2026-08-18T22:11:05.779319+09:00
Tailings Worksheet,,,failed,False,2026-08-27T22:15:52.757907+09:00
Tailings Workshop,,,failed,False,2026-08-28T00:23:53.902588+09:00
Tailings Zone,,,failed,False,2026-08-17T23:07:47.336176+09:00
Technician Advance,,,failed,False,2026-08-23T16:11:34.314985+09:00
Technician Advisory,,,failed,False,2026-08-21T01:01:49.387114+09:00
Technician Allowance,,,failed,False,2026-08-21T02:41:02.522533+09:00
Technician Almanac,,,failed,False,2026-08-18T22:03:16.704658+09:00
Technician Analyzer,,,failed,False,2026-08-27T23:55:53.687521+09:00
Technician Anchor,,,failed,False,2026-08-17T23:25:53.472363+09:00
Technician Arrears,,,failed,False,2026-08-23T16:11:31.628533+09:00
Technician Asset,,,failed,False,2026-08-23T13:47:15.992604+09:00
Technician Assistant,590.0,1.0,success,False,2026-08-17T23:32:05.926406+09:00
Technician Atlas,,,failed,False,2026-08-17T23:31:12.330432+09:00
Technician Badge,140.0,3.0,success,False,2026-08-21T00:29:13.109702+09:00
Technician Balance,,,failed,False,2026-08-23T13:47:13.508679+09:00
Technician Base,,,failed,False,2026-08-17T23:27:38.183762+09:00
Technician Beacon,,,failed,False,2026-08-17T23:25:00.626086+09:00
Technician Bill,,,failed,False,2026-08-19T21:51:58.682281+09:00
Technician Blueprint,,,failed,False,2026-08-18T22:03:05.761687+09:00
Technician Board,20.0,0.0,success,False,2026-08-17T23:04:15.040980+09:00
Technician Book,90.0,87.0,success,False,2026-08-19T21:52:57.085670+09:00
Technician Bridge,,,failed,False,2026-08-17T23:15:22.052615+09:00
Technician Brief,,,failed,False,2026-08-21T01:01:39.197827+09:00
Technician Bulletin,,,failed,False,2026-08-21T01:01:35.076961+09:00
Technician Calendar,10.0,24.0,success,False,2026-08-19T00:03:29.017691+09:00
Technician Card,50.0,0.0,success,False,2026-08-19T13:23:46.954730+09:00
Technician Cascade,,,failed,False,2026-08-17T23:25:36.258312+09:00
Technician Cash,,,failed,False,2026-08-21T02:24:39.206528+09:00
Technician Catalog,,,failed,False,2026-08-19T21:08:58.951614+09:00
Technician Category,30.0,0.0,success,False,2026-08-23T13:07:23.083484+09:00
Technician Center,10.0,0.0,success,False,2026-08-17T23:13:04.753315+09:00
Technician Chain,,,failed,False,2026-08-17T23:05:41.457486+09:00
Technician Charge,320.0,48.0,success,False,2026-08-21T02:40:47.085181+09:00
Technician Check,,,failed,False,2026-08-19T13:24:22.197081+09:00
Technician Checker,,,failed,False,2026-08-27T23:55:40.198338+09:00
Technician Checklist,140.0,0.0,success,False,2026-08-19T21:08:05.171033+09:00
Technician Cockpit,,,failed,False,2026-08-17T23:07:11.054257+09:00
Technician Code,390.0,0.0,success,False,2026-08-19T21:52:20.652566+09:00
Technician Codex,,,failed,False,2026-08-18T22:03:49.519359+09:00
Technician Companion,,,failed,False,2026-08-17T23:33:13.848442+09:00
Technician Comparison,,,failed,False,2026-08-28T01:06:41.346901+09:00
Technician Compass,,,failed,False,2026-08-17T23:13:46.002975+09:00
Technician Compendium,,,failed,False,2026-08-18T22:03:28.331445+09:00
Technician Confirmation,,,failed,False,2026-08-21T01:02:00.042656+09:00
Technician Console,110.0,2.0,success,False,2026-08-17T23:29:14.907859+09:00
Technician Contribution,10.0,,success,False,2026-08-23T16:11:27.999005+09:00
Technician Core,,,failed,False,2026-08-17T23:09:54.812310+09:00
Technician Cost,40.0,0.0,success,False,2026-08-21T02:08:15.230542+09:00
Technician Count,,,failed,False,2026-08-27T22:47:20.471641+09:00
Technician Counter,,,failed,False,2026-08-19T00:04:18.277485+09:00
Technician Dashboard,140.0,5.0,success,False,2026-08-17T23:33:03.029797+09:00
Technician Deal,,,failed,False,2026-08-21T01:51:29.207159+09:00
Technician Debt,,,failed,False,2026-08-21T02:24:30.364633+09:00
Technician Deck,,,failed,False,2026-08-17T23:28:04.378663+09:00
Technician Depot,,,failed,False,2026-08-19T00:04:01.106556+09:00
Technician Desk,590.0,36.0,success,False,2026-08-17T23:12:05.919804+09:00
Technician Detail,,,failed,False,2026-08-23T03:19:49.312069+09:00
Technician Detector,,,failed,False,2026-08-27T23:55:48.344302+09:00
Technician Diagram,,,failed,False,2026-08-27T22:08:36.718327+09:00
Technician Dial,,,failed,False,2026-08-17T23:29:34.686853+09:00
Technician Digest,,,failed,False,2026-08-19T20:40:26.363458+09:00
Technician Directory,,,failed,False,2026-08-19T00:03:38.462918+09:00
Technician Discount,,,failed,False,2026-08-23T16:11:24.096021+09:00
Technician Dock,,,failed,False,2026-08-17T23:30:05.459796+09:00
Technician Dossier,,,failed,False,2026-08-21T01:02:06.881859+09:00
Technician Draft,,,failed,False,2026-08-19T20:40:40.887904+09:00
Technician Due,,,failed,False,2026-08-23T15:51:59.728812+09:00
Technician Duty,480.0,2.0,success,False,2026-08-21T02:40:49.577434+09:00
Technician Engine,,,failed,False,2026-08-17T23:03:37.118721+09:00
Technician Entry,,,failed,False,2026-08-21T00:58:34.367334+09:00
Technician Estimate,,,failed,False,2026-08-19T21:08:48.624997+09:00
Technician Estimator,,,failed,False,2026-08-27T23:55:33.587403+09:00
Technician Excerpt,,,failed,False,2026-08-21T00:58:30.042414+09:00
Technician Extension,,,failed,False,2026-08-23T16:37:31.309501+09:00
Technician Fare,,,failed,False,2026-08-21T02:08:23.223151+09:00
Technician Fee,210.0,0.0,success,False,2026-08-21T01:51:06.981175+09:00
Technician Feed,,,failed,False,2026-08-19T20:40:32.306082+09:00
Technician File,,,failed,False,2026-08-19T20:39:50.711958+09:00
Technician Finder,,,failed,False,2026-08-19T00:03:53.943426+09:00
Technician Fine,,,failed,False,2026-08-23T02:55:28.144750+09:00
Technician Flag,,,failed,False,2026-08-21T00:30:03.627747+09:00
Technician Flow,,,failed,False,2026-08-17T23:23:43.975283+09:00
Technician Forge,,,failed,False,2026-08-17T23:08:30.361207+09:00
Technician Form,110.0,0.0,success,False,2026-08-19T13:23:28.561494+09:00
Technician Format,,,failed,False,2026-08-23T13:07:29.372228+09:00
Technician Frame,,,failed,False,2026-08-17T23:15:02.433018+09:00
Technician Fund,,,failed,False,2026-08-21T02:24:33.883948+09:00
Technician Gate,,,failed,False,2026-08-17T23:30:49.193189+09:00
Technician Grade,,,failed,False,2026-08-21T00:29:43.441391+09:00
Technician Graph,,,failed,False,2026-08-27T22:08:26.678137+09:00
Technician Grid,,,failed,False,2026-08-17T23:11:50.330995+09:00
Technician Guarantee,,,failed,False,2026-08-28T01:06:48.738756+09:00
Technician Guard,,,failed,False,2026-08-17T23:03:34.150622+09:00
Technician Guardian,,,failed,False,2026-08-28T00:25:19.923690+09:00
Technician Guidebook,,,failed,False,2026-08-18T22:02:44.404885+09:00
Technician Helpdesk,,,failed,False,2026-08-27T22:47:20.471641+09:00
Technician Helper,1300.0,4.0,success,False,2026-08-28T00:25:23.676090+09:00
Technician History,,,failed,False,2026-08-19T20:39:41.503731+09:00
Technician Hotline,,,failed,False,2026-08-19T21:09:13.421479+09:00
Technician Hub,22200.0,1.0,success,False,2026-08-17T23:04:52.831664+09:00
Technician Identifier,,,failed,False,2026-08-23T13:07:20.154329+09:00
Technician Index,,,failed,False,2026-08-19T21:08:15.358718+09:00
Technician Insight,,,failed,False,2026-08-17T23:12:24.724350+09:00
Technician Installment,,,failed,False,2026-08-23T16:11:27.999005+09:00
Technician Interest,,,failed,False,2026-08-23T13:47:15.992604+09:00
Technician Item,,,failed,False,2026-08-21T01:51:12.065747+09:00
Technician Journal,,,failed,False,2026-08-18T21:06:03.853095+09:00
Technician Keeper,,,failed,False,2026-08-17T23:31:30.005121+09:00
Technician Kit,40.0,68.0,success,False,2026-08-27T22:47:08.510624+09:00
Technician Lab,74000.0,3.0,success,False,2026-08-17T23:28:17.323230+09:00
Technician Label,,,failed,False,2026-08-27T22:08:28.855798+09:00
Technician Ledger,,,failed,False,2026-08-17T23:27:50.871251+09:00
Technician Lens,,,failed,False,2026-08-17T23:27:21.585941+09:00
Technician Level,320.0,1.0,success,False,2026-08-19T20:39:55.789733+09:00
Technician Levy,,,failed,False,2026-08-23T13:47:18.876098+09:00
Technician Link,10.0,0.0,success,False,2026-08-23T03:19:40.807348+09:00
Technician List,70.0,1.0,success,False,2026-08-19T21:52:31.796696+09:00
Technician Loan,,,failed,False,2026-08-21T02:08:37.852191+09:00
Technician Locator,,,failed,False,2026-08-19T00:03:43.919454+09:00
Technician Lock,880.0,16.0,success,False,2026-08-17T23:27:06.990402+09:00
Technician Log,,,failed,False,2026-08-19T13:23:19.735168+09:00
Technician Loop,,,failed,False,2026-08-17T23:26:22.390418+09:00
Technician Manager,5400.0,2.0,success,False,2026-08-17T23:09:15.899406+09:00
Technician Manual,2400.0,1.0,success,False,2026-08-27T22:08:33.849782+09:00
Technician Map,,,failed,False,2026-08-17T23:08:11.112323+09:00
Technician Margin,,,failed,False,2026-08-23T02:55:24.224280+09:00
Technician Markup,,,failed,False,2026-08-23T16:37:28.808486+09:00
Technician Memo,,,failed,False,2026-08-21T00:29:50.648703+09:00
Technician Message,,,failed,False,2026-08-27T23:12:34.540185+09:00
Technician Meter,,,failed,False,2026-08-17T23:09:34.502992+09:00
Technician Metrics,,,failed,False,2026-08-17T23:32:49.252049+09:00
Technician Monitor,,,failed,False,2026-08-17T23:32:37.778770+09:00
Technician Navigator,,,failed,False,2026-08-17T23:14:05.238044+09:00
Technician Nexus,,,failed,False,2026-08-17T23:07:32.474026+09:00
Technician Node,,,failed,False,2026-08-17T23:12:45.983083+09:00
Technician Note,,,failed,False,2026-08-19T13:24:52.365790+09:00
Technician Notification,480.0,0.0,success,False,2026-08-27T22:47:08.510624+09:00
Technician Number,260.0,2.0,success,False,2026-08-23T03:19:32.678416+09:00
Technician Office,590.0,1.0,success,False,2026-08-19T00:04:11.501446+09:00
Technician Ops,,,failed,False,2026-08-17T23:33:28.426699+09:00
Technician Order,,,failed,False,2026-08-19T21:51:42.287097+09:00
Technician Organizer,,,failed,False,2026-08-17T23:05:17.262710+09:00
Technician Overage,,,failed,False,2026-08-27T21:46:26.203739+09:00
Technician Overdue,,,failed,False,2026-08-27T21:46:21.323370+09:00
Technician Panel,10.0,0.0,success,False,2026-08-17T23:14:44.117441+09:00
Technician Pass,,,failed,False,2026-08-21T00:28:59.306676+09:00
Technician Path,,,failed,False,2026-08-17T23:26:52.800903+09:00
Technician Penalty,,,failed,False,2026-08-23T16:37:26.596455+09:00
Technician Petition,,,failed,False,2026-08-21T01:01:56.777468+09:00
Technician Pilot,,,failed,False,2026-08-17T23:24:01.156266+09:00
Technician Plan,,,failed,False,2026-08-21T01:51:22.429358+09:00
Technician Planner,390.0,2.0,success,False,2026-08-17T23:10:52.063537+09:00
Technician Playbook,,,failed,False,2026-08-18T23:52:14.676112+09:00
Technician Point,5400.0,3.0,success,False,2026-08-17T23:13:28.338167+09:00
Technician Portal,720.0,1.0,success,False,2026-08-17T23:07:51.294970+09:00
Technician Preview,,,failed,False,2026-08-28T01:06:41.346901+09:00
Technician Profile,50.0,0.0,success,False,2026-08-19T13:25:08.614186+09:00
Technician Profit,,,failed,False,2026-08-23T02:55:10.666436+09:00
Technician Proposal,,,failed,False,2026-08-28T01:06:43.929748+09:00
Technician Pulse,,,failed,False,2026-08-17T23:26:36.000104+09:00
Technician Queue,,,failed,False,2026-08-19T21:08:35.799168+09:00
Technician Quota,,,failed,False,2026-08-21T00:29:55.538883+09:00
Technician Radar,,,failed,False,2026-08-17T23:24:23.365405+09:00
Technician Rail,10.0,0.0,success,False,2026-08-17T23:11:11.238352+09:00
Technician Rate,10.0,0.0,success,False,2026-08-19T20:40:06.734480+09:00
Technician Recap,,,failed,False,2026-08-21T00:59:23.990159+09:00
Technician Receipt,,,failed,False,2026-08-19T21:52:07.578129+09:00
Technician Register,260.0,0.0,success,False,2026-08-17T23:08:52.279570+09:00
Technician Registry,,,failed,False,2026-08-18T22:02:54.576094+09:00
Technician Relay,,,failed,False,2026-08-17T23:06:45.787789+09:00
Technician Reminder,,,failed,False,2026-08-19T21:07:55.214041+09:00
Technician Report,70.0,5.0,success,False,2026-08-19T13:23:05.373596+09:00
Technician Repository,,,failed,False,2026-08-27T23:12:44.367905+09:00
Technician Roadmap,,,failed,False,2026-08-18T22:03:58.790181+09:00
Technician Roster,,,failed,False,2026-08-19T00:38:54.065235+09:00
Technician Route,,,failed,False,2026-08-17T23:03:55.937111+09:00
Technician Rule,,,failed,False,2026-08-23T03:19:44.954715+09:00
Technician Sale,,,failed,False,2026-08-21T02:24:43.440499+09:00
Technician Scale,,,failed,False,2026-08-17T23:29:49.351305+09:00
Technician Scanner,,,failed,False,2026-08-27T23:55:42.824458+09:00
Technician Scheduler,170.0,5.0,success,False,2026-08-17T23:32:21.137516+09:00
Technician Scope,,,failed,False,2026-08-17T23:04:33.261831+09:00
Technician Score,10.0,0.0,success,False,2026-08-19T13:24:29.465553+09:00
Technician Sentry,,,failed,False,2026-08-17T23:14:25.326532+09:00
Technician Sheet,,,failed,False,2026-08-19T13:24:10.018965+09:00
Technician Shortfall,,,failed,False,2026-08-27T21:46:26.203739+09:00
Technician Signal,480.0,3.0,success,False,2026-08-17T23:10:09.982693+09:00
Technician Signature,90.0,0.0,success,False,2026-08-23T13:27:46.545552+09:00
Technician Slip,,,failed,False,2026-08-19T21:53:13.442826+09:00
Technician Slot,,,failed,False,2026-08-19T21:53:37.602067+09:00
Technician Snapshot,,,failed,False,2026-08-18T22:02:33.707465+09:00
Technician Stake,,,failed,False,2026-08-23T02:55:17.140000+09:00
Technician Statement,,,failed,False,2026-08-21T00:29:27.962730+09:00
Technician Station,,,failed,False,2026-08-17T23:06:02.733299+09:00
Technician Status,10.0,0.0,success,False,2026-08-19T20:39:26.869721+09:00
Technician Stipend,,,failed,False,2026-08-23T13:47:18.876098+09:00
Technician Stub,,,failed,False,2026-08-21T00:29:21.936028+09:00
Technician Studio,2900.0,3.0,success,False,2026-08-17T23:11:28.950122+09:00
Technician Subsidy,,,failed,False,2026-08-23T15:52:04.916947+09:00
Technician Suite,,,failed,False,2026-08-17T23:31:45.267981+09:00
Technician Sum,,,failed,False,2026-08-21T02:24:23.153426+09:00
Technician Summary,,,failed,False,2026-08-19T21:07:34.937888+09:00
Technician Sync,,,failed,False,2026-08-17T23:10:33.409769+09:00
Technician Tab,,,failed,False,2026-08-21T00:30:11.509086+09:00
Technician Table,1900.0,75.0,success,False,2026-08-19T21:52:45.174751+09:00
Technician Tag,,,failed,False,2026-08-19T13:24:58.997710+09:00
Technician Tally,,,failed,False,2026-08-21T00:29:35.718141+09:00
Technician Tariff,,,failed,False,2026-08-21T02:41:05.925111+09:00
Technician Tax,,,failed,False,2026-08-21T02:08:27.719210+09:00
Technician Ticket,,,failed,False,2026-08-19T21:08:25.447867+09:00
Technician Timeline,,,failed,False,2026-08-19T21:07:45.336017+09:00
Technician Timer,,,failed,False,2026-08-28T00:25:13.091211+09:00
Technician Toll,,,failed,False,2026-08-21T02:40:59.157491+09:00
Technician Toolbox,170.0,71.0,success,False,2026-08-28T00:25:19.923690+09:00
Technician Toolkit,260.0,39.0,success,False,2026-08-18T23:52:14.676112+09:00
Technician Total,,,failed,False,2026-08-27T23:12:37.040829+09:00
Technician Tracker,110.0,3.0,success,False,2026-08-17T23:23:24.651550+09:00
Technician Trail,,,failed,False,2026-08-17T23:30:19.900529+09:00
Technician Trend,,,failed,False,2026-08-28T01:06:29.246910+09:00
Technician Trial,,,failed,False,2026-08-27T21:14:19.073158+09:00
Technician Unit,,,failed,False,2026-08-21T02:05:57.421169+09:00
Technician Update,10.0,0.0,success,False,2026-08-19T20:40:17.061535+09:00
Technician Value,,,failed,False,2026-08-23T02:55:13.896073+09:00
Technician Vault,,,failed,False,2026-08-17T23:24:44.637673+09:00
Technician Version,,,failed,False,2026-08-23T03:19:37.789366+09:00
Technician View,,,failed,False,2026-08-19T20:39:32.642664+09:00
Technician Voucher,,,failed,False,2026-08-21T00:29:07.557420+09:00
Technician Watch,1000.0,47.0,success,False,2026-08-17T23:26:08.164356+09:00
Technician Wave,,,failed,False,2026-08-17T23:06:26.824049+09:00
Technician Widget,,,failed,False,2026-08-27T23:12:39.391295+09:00
Technician Workbench,90.0,100.0,success,False,2026-08-18T23:52:14.676112+09:00
Technician Worksheet,10.0,0.0,success,False,2026-08-27T22:08:36.718327+09:00
Technician Workshop,480.0,2.0,success,False,2026-08-28T00:25:15.482285+09:00
Technician Zone,20.0,0.0,success,False,2026-08-17T23:28:58.984040+09:00
Tenant Advance,,,failed,False,2026-08-23T16:15:06.058154+09:00
Tenant Advisory,140.0,7.0,success,False,2026-08-21T01:04:18.102523+09:00
Tenant Allowance,320.0,1.0,success,False,2026-08-21T02:42:49.671896+09:00
Tenant Almanac,,,failed,False,2026-08-18T22:07:47.344279+09:00
Tenant Analyzer,,,failed,False,2026-08-27T23:53:21.557901+09:00
Tenant Anchor,20.0,0.0,success,False,2026-08-17T20:44:38.858684+09:00
Tenant Announcement,10.0,0.0,success,False,2026-08-27T23:32:49.894310+09:00
Tenant Arrears,110.0,6.0,success,False,2026-08-23T16:15:06.058154+09:00
Tenant Asset,,,failed,False,2026-08-23T13:46:45.487661+09:00
Tenant Assistant,390.0,2.0,success,False,2026-08-17T23:25:53.472363+09:00
Tenant Atlas,,,failed,False,2026-08-17T20:35:32.317442+09:00
Tenant Attribute,,,failed,False,2026-08-23T13:05:09.962757+09:00
Tenant Badge,,,failed,False,2026-08-21T00:28:15.750952+09:00
Tenant Balance,,,failed,False,2026-08-23T13:46:43.137504+09:00
Tenant Base,590.0,32.0,success,False,2026-08-17T20:32:00.957216+09:00
Tenant Beacon,,,failed,False,2026-08-17T21:30:18.085086+09:00
Tenant Bill,170.0,3.0,success,False,2026-08-19T21:57:05.603826+09:00
Tenant Blueprint,,,failed,False,2026-08-18T22:07:40.431986+09:00
Tenant Board,1300.0,7.0,success,False,2026-08-17T21:40:47.686331+09:00
Tenant Book,1000.0,31.0,success,False,2026-08-19T21:57:59.626776+09:00
Tenant Bridge,,,failed,False,2026-08-17T20:45:45.792269+09:00
Tenant Brief,,,failed,False,2026-08-21T01:04:04.572867+09:00
Tenant Bulletin,,,failed,False,2026-08-21T01:04:00.035751+09:00
Tenant Calculator,10.0,7.0,success,False,2026-08-27T23:32:49.894310+09:00
Tenant Calendar,,,failed,False,2026-08-18T23:58:29.314698+09:00
Tenant Card,70.0,0.0,success,False,2026-08-19T13:29:49.322759+09:00
Tenant Cascade,,,failed,False,2026-08-17T20:46:42.242736+09:00
Tenant Cash,,,failed,False,2026-08-21T02:26:18.130699+09:00
Tenant Cashback,10.0,,success,False,2026-08-27T21:17:53.742550+09:00
Tenant Catalog,,,failed,False,2026-08-19T21:14:46.806152+09:00
Tenant Category,10.0,0.0,success,False,2026-08-23T13:05:07.059909+09:00
Tenant Center,70.0,9.0,success,False,2026-08-17T21:33:10.630129+09:00
Tenant Chain,10.0,0.0,success,False,2026-08-17T20:40:10.157299+09:00
Tenant Charge,50.0,2.0,success,False,2026-08-21T02:42:41.863985+09:00
Tenant Check,1300.0,37.0,success,False,2026-08-19T13:30:10.449633+09:00
Tenant Checker,1300.0,37.0,success,False,2026-08-27T23:53:07.557701+09:00
Tenant Checklist,590.0,32.0,success,False,2026-08-19T21:13:54.945157+09:00
Tenant Circular,,,failed,False,2026-08-21T01:04:13.537026+09:00
Tenant Cockpit,,,failed,False,2026-08-17T23:06:24.757707+09:00
Tenant Code,140.0,0.0,success,False,2026-08-19T21:57:27.705045+09:00
Tenant Codex,,,failed,False,2026-08-18T22:08:02.449968+09:00
Tenant Companion,,,failed,False,2026-08-17T23:27:06.990402+09:00
Tenant Comparison,,,failed,False,2026-08-28T01:04:51.979139+09:00
Tenant Compass,,,failed,False,2026-08-17T21:31:28.023870+09:00
Tenant Compendium,,,failed,False,2026-08-18T22:07:55.686998+09:00
Tenant Confirmation,,,failed,False,2026-08-21T01:04:35.050629+09:00
Tenant Console,30.0,1.0,success,False,2026-08-17T20:48:34.410191+09:00
Tenant Contribution,10.0,0.0,success,False,2026-08-23T16:15:01.314751+09:00
Tenant Core,10.0,0.0,success,False,2026-08-18T07:52:41.803734+09:00
Tenant Cost,40.0,3.0,success,False,2026-08-21T02:09:12.482274+09:00
Tenant Count,,,failed,False,2026-08-27T22:44:05.542192+09:00
Tenant Counter,,,failed,False,2026-08-18T23:59:20.806892+09:00
Tenant Coupon,,,failed,False,2026-08-27T21:17:51.217476+09:00
Tenant Dashboard,70.0,23.0,success,False,2026-08-17T23:26:52.800903+09:00
Tenant Deal,,,failed,False,2026-08-21T01:51:52.747806+09:00
Tenant Debt,10.0,3.0,success,False,2026-08-21T02:26:10.275506+09:00
Tenant Deck,,,failed,False,2026-08-17T21:38:29.386806+09:00
Tenant Depot,,,failed,False,2026-08-18T23:59:02.629298+09:00
Tenant Desk,,,failed,False,2026-08-17T21:35:46.466784+09:00
Tenant Detail,,,failed,False,2026-08-23T03:21:40.496452+09:00
Tenant Detector,,,failed,False,2026-08-27T23:53:16.393422+09:00
Tenant Dial,,,failed,False,2026-08-17T20:46:04.855118+09:00
Tenant Digest,,,failed,False,2026-08-19T20:43:53.666341+09:00
Tenant Directory,320.0,1.0,success,False,2026-08-18T23:58:38.723569+09:00
Tenant Discount,,,failed,False,2026-08-23T16:14:56.824333+09:00
Tenant Dock,,,failed,False,2026-08-17T20:42:29.560038+09:00
Tenant Dossier,,,failed,False,2026-08-21T01:05:11.632109+09:00
Tenant Downpayment,,,failed,False,2026-08-27T21:49:04.119579+09:00
Tenant Draft,,,failed,False,2026-08-19T20:44:10.013145+09:00
Tenant Due,,,failed,False,2026-08-23T15:51:49.176648+09:00
Tenant Duty,,,failed,False,2026-08-21T02:42:44.475010+09:00
Tenant Engine,,,failed,False,2026-08-17T23:15:18.258563+09:00
Tenant Entry,,,failed,False,2026-08-21T01:04:52.081586+09:00
Tenant Estimate,,,failed,False,2026-08-19T21:14:36.641890+09:00
Tenant Estimator,,,failed,False,2026-08-27T23:53:00.851680+09:00
Tenant Excerpt,,,failed,False,2026-08-21T01:05:18.575555+09:00
Tenant Fare,,,failed,False,2026-08-21T02:09:21.519694+09:00
Tenant Fee,50.0,3.0,success,False,2026-08-21T01:51:32.906314+09:00
Tenant Feed,,,failed,False,2026-08-19T20:44:00.282785+09:00
Tenant Field,,,failed,False,2026-08-23T13:05:12.905502+09:00
Tenant File,140.0,22.0,success,False,2026-08-19T20:43:28.887944+09:00
Tenant Finder,390.0,55.0,success,False,2026-08-18T23:58:54.171473+09:00
Tenant Fine,,,failed,False,2026-08-23T02:56:53.736848+09:00
Tenant Flag,10.0,0.0,success,False,2026-08-21T00:29:07.557420+09:00
Tenant Flow,,,failed,False,2026-08-17T21:39:19.495692+09:00
Tenant Forge,,,failed,False,2026-08-17T20:48:00.384731+09:00
Tenant Form,1000.0,15.0,success,False,2026-08-19T13:29:35.607135+09:00
Tenant Format,,,failed,False,2026-08-23T13:05:15.223495+09:00
Tenant Frame,,,failed,False,2026-08-17T20:33:10.817795+09:00
Tenant Fund,,,failed,False,2026-08-21T02:26:14.215239+09:00
Tenant Gate,,,failed,False,2026-08-17T20:37:26.547523+09:00
Tenant Giveaway,,,failed,False,2026-08-27T21:17:59.409089+09:00
Tenant Grade,,,failed,False,2026-08-21T00:28:44.167575+09:00
Tenant Graph,,,failed,False,2026-08-27T22:13:16.015424+09:00
Tenant Grid,,,failed,False,2026-08-17T20:40:33.502804+09:00
Tenant Guarantee,30.0,14.0,success,False,2026-08-28T01:05:00.784184+09:00
Tenant Guard,20.0,0.0,success,False,2026-08-18T07:52:01.229242+09:00
Tenant Guardian,20.0,3.0,success,False,2026-08-28T00:23:26.429201+09:00
Tenant Guidebook,,,failed,False,2026-08-18T22:07:24.351116+09:00
Tenant Helpdesk,,,failed,False,2026-08-27T22:44:08.062899+09:00
Tenant Helper,,,failed,False,2026-08-28T00:23:32.387348+09:00
Tenant History,140.0,12.0,success,False,2026-08-19T20:43:22.271749+09:00
Tenant Hotline,170.0,19.0,success,False,2026-08-19T21:15:02.782218+09:00
Tenant Hub,260.0,13.0,success,False,2026-08-17T21:37:57.485180+09:00
Tenant Identifier,2900.0,1.0,success,False,2026-08-23T13:05:00.300804+09:00
Tenant Incentive,70.0,0.0,success,False,2026-08-27T21:17:56.289470+09:00
Tenant Index,10.0,0.0,success,False,2026-08-19T21:14:05.700076+09:00
Tenant Insight,,,failed,False,2026-08-17T23:11:46.496961+09:00
Tenant Installment,,,failed,False,2026-08-23T16:15:01.314751+09:00
Tenant Interest,20.0,0.0,success,False,2026-08-23T13:46:43.137504+09:00
Tenant Item,,,failed,False,2026-08-21T01:51:27.074379+09:00
Tenant Journal,,,failed,False,2026-08-18T22:07:05.348378+09:00
Tenant Keeper,10.0,24.0,success,False,2026-08-17T20:33:42.611240+09:00
Tenant Lab,40.0,13.0,success,False,2026-08-17T21:36:22.095100+09:00
Tenant Layout,10.0,0.0,success,False,2026-08-27T22:29:10.054268+09:00
Tenant Ledger,4400.0,7.0,success,False,2026-08-18T07:52:53.130004+09:00
Tenant Lens,,,failed,False,2026-08-17T20:34:11.615000+09:00
Tenant Level,70.0,0.0,success,False,2026-08-19T20:43:36.722310+09:00
Tenant Levy,,,failed,False,2026-08-23T13:46:45.487661+09:00
Tenant Link,590.0,4.0,success,False,2026-08-23T03:21:32.618577+09:00
Tenant List,210.0,4.0,success,False,2026-08-19T21:57:37.806809+09:00
Tenant Loan,90.0,40.0,success,False,2026-08-21T02:09:31.680775+09:00
Tenant Locator,30.0,13.0,success,False,2026-08-18T23:58:46.816942+09:00
Tenant Lock,40.0,85.0,success,False,2026-08-17T20:36:02.767132+09:00
Tenant Log,,,failed,False,2026-08-19T13:29:19.231161+09:00
Tenant Loop,10.0,20.0,success,False,2026-08-17T20:41:17.748242+09:00
Tenant Manager,320.0,20.0,success,False,2026-08-17T20:32:38.453320+09:00
Tenant Manual,70.0,2.0,success,False,2026-08-27T22:13:20.966698+09:00
Tenant Map,260.0,0.0,success,False,2026-08-17T20:35:03.370957+09:00
Tenant Margin,,,failed,False,2026-08-23T02:56:50.179026+09:00
Tenant Memo,20.0,0.0,success,False,2026-08-21T00:28:53.322616+09:00
Tenant Message,,,failed,False,2026-08-27T23:10:17.409830+09:00
Tenant Meter,90.0,89.0,success,False,2026-08-17T20:45:16.547101+09:00
Tenant Metrics,,,failed,False,2026-08-17T23:26:36.000104+09:00
Tenant Monitor,,,failed,False,2026-08-17T23:26:22.390418+09:00
Tenant Navigator,10.0,0.0,success,False,2026-08-17T23:13:24.499414+09:00
Tenant Nexus,,,failed,False,2026-08-17T20:36:28.708934+09:00
Tenant Node,,,failed,False,2026-08-17T20:38:21.061174+09:00
Tenant Note,,,failed,False,2026-08-19T13:30:42.478470+09:00
Tenant Notification,20.0,4.0,success,False,2026-08-27T22:49:42.275363+09:00
Tenant Number,260.0,0.0,success,False,2026-08-23T03:21:22.362914+09:00
Tenant Office,320.0,3.0,success,False,2026-08-18T23:59:11.751475+09:00
Tenant Ops,,,failed,False,2026-08-17T23:27:21.585941+09:00
Tenant Order,90.0,0.0,success,False,2026-08-19T21:56:56.242658+09:00
Tenant Organizer,30.0,7.0,success,False,2026-08-17T23:04:29.933530+09:00
Tenant Overage,,,failed,False,2026-08-27T21:49:01.717649+09:00
Tenant Overdraft,,,failed,False,2026-08-23T15:51:49.176648+09:00
Tenant Overdue,,,failed,False,2026-08-27T21:48:57.191063+09:00
Tenant Panel,140.0,4.0,success,False,2026-08-17T20:47:19.659128+09:00
Tenant Pass,50.0,0.0,success,False,2026-08-21T00:28:00.116915+09:00
Tenant Path,,,failed,False,2026-08-17T20:37:58.727524+09:00
Tenant Payoff,,,failed,False,2026-08-27T21:48:59.482652+09:00
Tenant Penalty,,,failed,False,2026-08-23T16:39:28.081272+09:00
Tenant Petition,20.0,0.0,success,False,2026-08-21T01:04:22.356565+09:00
Tenant Pilot,,,failed,False,2026-08-17T21:36:47.272145+09:00
Tenant Plan,50.0,5.0,success,False,2026-08-21T01:51:43.156382+09:00
Tenant Planner,,,failed,False,2026-08-17T23:10:09.982693+09:00
Tenant Playbook,,,failed,False,2026-08-18T22:06:59.160335+09:00
Tenant Point,,,failed,False,2026-08-17T20:37:00.325562+09:00
Tenant Portal,14800.0,6.0,success,False,2026-08-17T21:30:50.388708+09:00
Tenant Preview,10.0,0.0,success,False,2026-08-28T01:04:54.734993+09:00
Tenant Profile,320.0,4.0,success,False,2026-08-19T13:30:57.828554+09:00
Tenant Profit,,,failed,False,2026-08-23T02:56:38.023044+09:00
Tenant Proposal,10.0,0.0,success,False,2026-08-28T01:04:57.702842+09:00
Tenant Pulse,,,failed,False,2026-08-17T20:39:43.687132+09:00
Tenant Queue,,,failed,False,2026-08-19T21:14:25.391974+09:00
Tenant Quota,,,failed,False,2026-08-21T00:28:59.306676+09:00
Tenant Radar,,,failed,False,2026-08-17T21:34:42.632014+09:00
Tenant Rail,,,failed,False,2026-08-17T20:41:47.517366+09:00
Tenant Rate,70.0,3.0,success,False,2026-08-19T20:43:41.671766+09:00
Tenant Recap,10.0,0.0,success,False,2026-08-21T01:04:41.877436+09:00
Tenant Receipt,260.0,45.0,success,False,2026-08-19T21:57:14.341308+09:00
Tenant Recorder,,,failed,False,2026-08-27T23:33:00.078931+09:00
Tenant Register,8100.0,0.0,success,True,2026-08-17T23:08:08.981233+09:00
Tenant Registry,30.0,20.0,success,False,2026-08-18T22:07:30.618042+09:00
Tenant Relay,,,failed,False,2026-08-17T21:33:37.652467+09:00
Tenant Reminder,,,failed,False,2026-08-19T21:13:44.257474+09:00
Tenant Report,720.0,37.0,success,False,2026-08-19T13:29:02.484553+09:00
Tenant Repository,,,failed,False,2026-08-27T23:10:24.868971+09:00
Tenant Roadmap,,,failed,False,2026-08-18T22:08:11.096453+09:00
Tenant Roster,40.0,4.0,success,False,2026-08-19T00:37:26.885782+09:00
Tenant Route,,,failed,False,2026-08-17T20:43:26.313536+09:00
Tenant Rule,720.0,9.0,success,False,2026-08-23T03:21:36.606838+09:00
Tenant Sale,,,failed,False,2026-08-21T02:26:21.259847+09:00
Tenant Sample,,,failed,False,2026-08-19T21:58:19.577733+09:00
Tenant Scale,,,failed,False,2026-08-17T20:44:17.126543+09:00
Tenant Scanner,,,failed,False,2026-08-27T23:53:12.173263+09:00
Tenant Scheduler,,,failed,False,2026-08-17T23:26:08.164356+09:00
Tenant Scope,30.0,1.0,success,False,2026-08-17T20:42:08.223187+09:00
Tenant Score,90.0,26.0,success,False,2026-08-19T13:30:35.292295+09:00
Tenant Sentry,,,failed,False,2026-08-17T20:34:35.742752+09:00
Tenant Sheet,10.0,25.0,success,False,2026-08-19T13:29:58.473439+09:00
Tenant Shortfall,,,failed,False,2026-08-27T21:49:06.270483+09:00
Tenant Signal,,,failed,False,2026-08-17T20:43:55.064759+09:00
Tenant Signature,480.0,0.0,success,False,2026-08-23T13:27:05.347974+09:00
Tenant Slip,,,failed,False,2026-08-19T21:58:11.207870+09:00
Tenant Slot,,,failed,False,2026-08-19T21:58:30.244900+09:00
Tenant Snapshot,,,failed,False,2026-08-18T22:07:14.456265+09:00
Tenant Stage,,,failed,False,2026-08-28T00:47:05.716612+09:00
Tenant Stake,,,failed,False,2026-08-23T02:56:43.732981+09:00
Tenant Statement,140.0,2.0,success,False,2026-08-21T00:28:30.302130+09:00
Tenant Station,30.0,0.0,success,False,2026-08-17T21:35:14.152571+09:00
Tenant Status,110.0,0.0,success,False,2026-08-19T20:43:08.672141+09:00
Tenant Stipend,,,failed,False,2026-08-23T13:46:47.656789+09:00
Tenant Stub,,,failed,False,2026-08-21T00:28:23.086581+09:00
Tenant Studio,20.0,29.0,success,False,2026-08-17T21:37:24.355362+09:00
Tenant Subsidy,10.0,0.0,success,False,2026-08-23T15:51:49.176648+09:00
Tenant Suite,20.0,22.0,success,False,2026-08-17T23:25:33.384672+09:00
Tenant Sum,,,failed,False,2026-08-21T02:26:06.975454+09:00
Tenant Summary,30.0,2.0,success,False,2026-08-19T21:13:19.288024+09:00
Tenant Surtax,,,failed,False,2026-08-23T15:51:51.217465+09:00
Tenant Sync,40.0,4.0,success,False,2026-08-17T21:41:25.564008+09:00
Tenant Tab,,,failed,False,2026-08-21T00:29:13.109702+09:00
Tenant Table,30.0,0.0,success,False,2026-08-19T21:57:51.707228+09:00
Tenant Tag,,,failed,False,2026-08-19T13:30:50.408917+09:00
Tenant Tally,,,failed,False,2026-08-21T00:28:39.996166+09:00
Tenant Tariff,,,failed,False,2026-08-21T02:42:51.701755+09:00
Tenant Tax,170.0,0.0,success,False,2026-08-21T02:09:26.864571+09:00
Tenant Ticket,,,failed,False,2026-08-19T21:14:14.890297+09:00
Tenant Tier,,,failed,False,2026-08-28T00:47:08.445911+09:00
Tenant Timeline,40.0,0.0,success,False,2026-08-19T21:13:31.913325+09:00
Tenant Timer,,,failed,False,2026-08-28T00:23:24.069179+09:00
Tenant Token,20.0,0.0,success,False,2026-08-23T13:27:02.624073+09:00
Tenant Toll,,,failed,False,2026-08-21T02:42:47.286881+09:00
Tenant Toolbox,,,failed,False,2026-08-28T00:23:28.806149+09:00
Tenant Toolkit,40.0,5.0,success,False,2026-08-18T22:06:49.548592+09:00
Tenant Total,,,failed,False,2026-08-27T23:10:17.409830+09:00
Tenant Tracker,590.0,32.0,success,False,2026-08-18T07:52:15.038723+09:00
Tenant Trail,,,failed,False,2026-08-17T20:40:53.994191+09:00
Tenant Trend,,,failed,False,2026-08-28T01:04:51.979139+09:00
Tenant Trial,,,failed,False,2026-08-27T21:17:56.289470+09:00
Tenant Unit,90.0,1.0,success,False,2026-08-21T01:51:40.699894+09:00
Tenant Update,10.0,0.0,success,False,2026-08-19T20:43:48.362624+09:00
Tenant Value,,,failed,False,2026-08-23T02:56:41.108127+09:00
Tenant Vault,,,failed,False,2026-08-17T21:32:36.544768+09:00
Tenant Version,,,failed,False,2026-08-23T03:21:28.061139+09:00
Tenant View,20.0,8.0,success,False,2026-08-19T20:43:16.240040+09:00
Tenant Voucher,50.0,4.0,success,False,2026-08-21T00:28:11.670318+09:00
Tenant Wallet,,,failed,False,2026-08-27T22:49:44.992225+09:00
Tenant Watch,30.0,0.0,success,False,2026-08-17T20:42:54.961047+09:00
Tenant Wave,,,failed,False,2026-08-17T20:38:46.053243+09:00
Tenant Widget,,,failed,False,2026-08-27T23:10:19.958354+09:00
Tenant Workbench,,,failed,False,2026-08-18T22:06:41.570881+09:00
Tenant Worksheet,,,failed,False,2026-08-27T22:13:24.343596+09:00
Tenant Workshop,,,failed,False,2026-08-28T00:23:24.069179+09:00
Tenant Zone,10.0,0.0,success,False,2026-08-17T21:31:59.895065+09:00
Terminal Advance,,,failed,False,2026-08-23T16:16:13.507688+09:00
Terminal Advisory,,,failed,False,2026-08-21T01:08:59.079967+09:00
Terminal Allowance,50.0,0.0,success,False,2026-08-21T02:39:23.092445+09:00
Terminal Almanac,,,failed,False,2026-08-18T22:09:52.210960+09:00
Terminal Analyzer,,,failed,False,2026-08-27T23:51:35.408395+09:00
Terminal Anchor,10.0,1.0,success,False,2026-08-17T20:42:00.146835+09:00
Terminal Announcement,10.0,0.0,success,False,2026-08-27T23:31:37.799226+09:00
Terminal Arrears,,,failed,False,2026-08-23T16:16:13.507688+09:00
Terminal Asset,,,failed,False,2026-08-23T13:47:44.552149+09:00
Terminal Assistant,50.0,3.0,success,False,2026-08-17T23:23:52.832374+09:00
Terminal Atlas,10.0,11.0,success,False,2026-08-17T20:32:21.226449+09:00
Terminal Base,320.0,8.0,success,False,2026-08-17T21:39:57.727763+09:00
Terminal Beacon,,,failed,False,2026-08-17T20:45:33.619281+09:00
Terminal Bill,20.0,0.0,success,False,2026-08-19T21:56:59.723896+09:00
Terminal Board,1600.0,62.0,success,False,2026-08-17T21:36:10.133574+09:00
Terminal Book,480.0,5.0,success,False,2026-08-19T21:57:53.749303+09:00
Terminal Bridge,720.0,23.0,success,False,2026-08-17T20:42:49.578916+09:00
Terminal Brief,,,failed,False,2026-08-21T01:08:49.317162+09:00
Terminal Bulletin,,,failed,False,2026-08-21T01:08:45.073430+09:00
Terminal Calendar,170.0,5.0,success,False,2026-08-18T23:57:56.092399+09:00
Terminal Card,3600.0,73.0,success,False,2026-08-19T13:36:47.380431+09:00
Terminal Cascade,10.0,0.0,success,False,2026-08-17T20:43:44.073906+09:00
Terminal Cash,140.0,3.0,success,False,2026-08-21T02:23:11.717671+09:00
Terminal Cashback,10.0,22.0,success,False,2026-08-27T21:19:08.961232+09:00
Terminal Category,20.0,0.0,success,False,2026-08-23T13:07:23.083484+09:00
Terminal Center,210.0,3.0,success,False,2026-08-17T20:48:23.905428+09:00
Terminal Chain,10.0,0.0,success,False,2026-08-17T20:37:16.947301+09:00
Terminal Charge,320.0,0.0,success,False,2026-08-21T02:39:09.375307+09:00
Terminal Check,720.0,6.0,success,False,2026-08-19T13:37:14.131003+09:00
Terminal Checker,720.0,6.0,success,False,2026-08-27T23:51:29.405566+09:00
Terminal Circular,210.0,69.0,success,False,2026-08-21T01:08:57.015500+09:00
Terminal Cockpit,,,failed,False,2026-08-17T23:13:59.220189+09:00
Terminal Code,3600.0,4.0,success,False,2026-08-19T21:57:19.204093+09:00
Terminal Codex,70.0,8.0,success,False,2026-08-18T22:10:08.621452+09:00
Terminal Companion,,,failed,False,2026-08-17T23:25:47.175267+09:00
Terminal Comparison,30.0,0.0,success,False,2026-08-28T01:02:54.819638+09:00
Terminal Compass,20.0,42.0,success,False,2026-08-17T20:46:26.563596+09:00
Terminal Compendium,,,failed,False,2026-08-18T22:10:00.373367+09:00
Terminal Confirmation,,,failed,False,2026-08-21T01:09:08.778546+09:00
Terminal Console,480.0,0.0,success,False,2026-08-17T20:45:10.862003+09:00
Terminal Core,50.0,0.0,success,False,2026-08-17T21:38:18.723173+09:00
Terminal Cost,170.0,4.0,success,False,2026-08-21T02:07:07.042559+09:00
Terminal Count,210.0,6.0,success,False,2026-08-27T22:51:42.060485+09:00
Terminal Counter,210.0,6.0,success,False,2026-08-18T23:58:52.034754+09:00
Terminal Coupon,,,failed,False,2026-08-27T21:19:08.961232+09:00
Terminal Dashboard,260.0,1.0,success,False,2026-08-17T23:25:24.044948+09:00
Terminal Deal,,,failed,False,2026-08-21T01:50:28.240015+09:00
Terminal Debt,,,failed,False,2026-08-21T02:23:00.928674+09:00
Terminal Deck,880.0,0.0,success,False,2026-08-17T21:35:02.943607+09:00
Terminal Depot,210.0,34.0,success,False,2026-08-18T23:58:32.218218+09:00
Terminal Desk,30.0,53.0,success,False,2026-08-17T21:32:25.465592+09:00
Terminal Detail,,,failed,False,2026-08-23T03:19:19.103854+09:00
Terminal Detector,,,failed,False,2026-08-27T23:51:32.749499+09:00
Terminal Diagram,210.0,0.0,success,False,2026-08-27T22:14:41.092865+09:00
Terminal Dial,,,failed,False,2026-08-17T20:43:15.863986+09:00
Terminal Digest,,,failed,False,2026-08-19T20:38:53.768635+09:00
Terminal Directory,210.0,0.0,success,False,2026-08-18T23:58:04.745440+09:00
Terminal Discount,20.0,3.0,success,False,2026-08-23T16:16:06.207689+09:00
Terminal Dock,170.0,1.0,success,False,2026-08-17T20:40:01.743309+09:00
Terminal Dossier,,,failed,False,2026-08-21T01:09:15.818493+09:00
Terminal Downpayment,,,failed,False,2026-08-27T21:50:04.473862+09:00
Terminal Draft,,,failed,False,2026-08-19T20:39:14.214038+09:00
Terminal Due,20.0,0.0,success,False,2026-08-23T15:52:31.168291+09:00
Terminal Duty,10.0,0.0,success,False,2026-08-21T02:39:12.661070+09:00
Terminal Engine,20.0,3.0,success,False,2026-08-17T23:10:40.836813+09:00
Terminal Entry,170.0,0.0,success,False,2026-08-21T01:09:26.967706+09:00
Terminal Estimator,,,failed,False,2026-08-27T23:51:26.937833+09:00
Terminal Excerpt,,,failed,False,2026-08-21T01:09:22.527514+09:00
Terminal Extension,590.0,13.0,success,False,2026-08-23T16:39:58.056757+09:00
Terminal Fare,,,failed,False,2026-08-21T02:07:20.173569+09:00
Terminal Fee,1000.0,2.0,success,False,2026-08-21T01:49:57.762710+09:00
Terminal Field,390.0,3.0,success,False,2026-08-23T13:07:26.060181+09:00
Terminal File,170.0,0.0,success,False,2026-08-19T20:38:14.851338+09:00
Terminal Finder,210.0,1.0,success,False,2026-08-18T23:58:23.364762+09:00
Terminal Fine,20.0,0.0,success,False,2026-08-23T02:54:41.831535+09:00
Terminal Flow,140.0,0.0,success,False,2026-08-17T21:35:36.118436+09:00
Terminal Forge,,,failed,False,2026-08-17T20:44:29.668652+09:00
Terminal Form,50.0,0.0,success,False,2026-08-19T13:36:10.470400+09:00
Terminal Format,20.0,0.0,success,False,2026-08-23T13:07:29.372228+09:00
Terminal Frame,50.0,4.0,success,False,2026-08-17T21:41:44.845375+09:00
Terminal Fund,,,failed,False,2026-08-21T02:23:05.228659+09:00
Terminal Gate,880.0,0.0,success,False,2026-08-17T20:34:25.476328+09:00
Terminal Giveaway,,,failed,False,2026-08-27T21:19:13.437251+09:00
Terminal Graph,390.0,0.0,success,False,2026-08-27T22:14:32.870267+09:00
Terminal Grid,20.0,0.0,success,False,2026-08-17T23:06:14.261884+09:00
Terminal Guard,590.0,86.0,success,False,2026-08-17T21:39:09.779186+09:00
Terminal Guardian,10.0,1.0,success,False,2026-08-28T00:21:55.786008+09:00
Terminal Guidebook,,,failed,False,2026-08-18T22:09:27.931619+09:00
Terminal Helpdesk,,,failed,False,2026-08-27T22:51:42.060485+09:00
Terminal Helper,110.0,2.0,success,False,2026-08-28T00:21:58.401743+09:00
Terminal History,590.0,0.0,success,False,2026-08-19T20:38:07.942341+09:00
Terminal Hotline,,,failed,False,2026-08-19T21:12:04.004296+09:00
Terminal Hub,880.0,12.0,success,False,2026-08-17T21:34:29.947705+09:00
Terminal Identifier,1900.0,2.0,success,False,2026-08-23T13:07:20.154329+09:00
Terminal Incentive,,,failed,False,2026-08-27T21:19:13.437251+09:00
Terminal Index,20.0,25.0,success,False,2026-08-19T21:11:09.453565+09:00
Terminal Insight,,,failed,False,2026-08-17T23:06:57.045511+09:00
Terminal Installment,,,failed,False,2026-08-23T16:16:09.972976+09:00
Terminal Item,30.0,2.0,success,False,2026-08-21T01:50:02.348824+09:00
Terminal Journal,10.0,0.0,success,False,2026-08-18T22:09:11.269372+09:00
Terminal Keeper,50.0,0.0,success,False,2026-08-18T07:53:06.257546+09:00
Terminal Lab,110.0,0.0,success,False,2026-08-17T21:33:02.340741+09:00
Terminal Layout,260.0,0.0,success,False,2026-08-27T22:29:30.000621+09:00
Terminal Lens,,,failed,False,2026-08-18T07:52:30.485728+09:00
Terminal Level,140.0,0.0,success,False,2026-08-19T20:38:24.406986+09:00
Terminal Levy,,,failed,False,2026-08-23T13:47:44.552149+09:00
Terminal Link,880.0,28.0,success,False,2026-08-23T03:19:15.336839+09:00
Terminal List,246000.0,1.0,success,False,2026-08-19T21:57:31.477256+09:00
Terminal Loan,10.0,7.0,success,False,2026-08-21T02:07:29.886940+09:00
Terminal Locator,390.0,0.0,success,False,2026-08-18T23:58:15.272323+09:00
Terminal Lock,590.0,10.0,success,False,2026-08-17T20:32:57.689274+09:00
Terminal Log,1900.0,48.0,success,False,2026-08-19T13:35:47.282228+09:00
Terminal Loop,140.0,7.0,success,False,2026-08-17T20:38:37.912313+09:00
Terminal Manager,880.0,1.0,success,False,2026-08-17T21:41:14.862117+09:00
Terminal Manual,70.0,4.0,success,False,2026-08-27T22:14:38.233626+09:00
Terminal Map,3600.0,0.0,success,True,2026-08-17T20:31:49.556843+09:00
Terminal Margin,,,failed,False,2026-08-23T02:54:38.259905+09:00
Terminal Markup,,,failed,False,2026-08-23T16:39:55.880493+09:00
Terminal Memo,,,failed,False,2026-08-21T00:35:13.915986+09:00
Terminal Message,70.0,0.0,success,False,2026-08-27T23:17:00.312671+09:00
Terminal Meter,40.0,37.0,success,False,2026-08-17T23:03:45.434649+09:00
Terminal Metrics,,,failed,False,2026-08-17T23:24:54.415182+09:00
Terminal Monitor,480.0,5.0,success,False,2026-08-17T23:24:32.888927+09:00
Terminal Navigator,,,failed,False,2026-08-17T23:08:44.294677+09:00
Terminal Nexus,320.0,1.0,success,False,2026-08-17T20:33:31.328442+09:00
Terminal Node,590.0,0.0,success,False,2026-08-17T20:35:19.683482+09:00
Terminal Note,110.0,1.0,success,False,2026-08-19T13:37:44.092675+09:00
Terminal Notification,40.0,0.0,success,False,2026-08-27T22:51:36.322343+09:00
Terminal Number,1300.0,5.0,success,False,2026-08-23T03:19:08.908804+09:00
Terminal Office,110.0,3.0,success,False,2026-08-18T23:58:42.867449+09:00
Terminal Ops,70.0,0.0,success,False,2026-08-17T23:26:04.596222+09:00
Terminal Organizer,10.0,33.0,success,False,2026-08-17T23:12:17.050075+09:00
Terminal Overage,,,failed,False,2026-08-27T21:50:02.290136+09:00
Terminal Overdue,,,failed,False,2026-08-27T21:49:57.609346+09:00
Terminal Panel,480.0,77.0,success,False,2026-08-17T20:44:10.950266+09:00
Terminal Pass,70.0,1.0,success,False,2026-08-21T00:34:57.023815+09:00
Terminal Path,260.0,4.0,success,False,2026-08-17T20:34:51.045190+09:00
Terminal Payoff,10.0,0.0,success,False,2026-08-27T21:50:00.180912+09:00
Terminal Penalty,,,failed,False,2026-08-23T16:39:53.377709+09:00
Terminal Petition,,,failed,False,2026-08-21T01:09:04.636561+09:00
Terminal Pilot,,,failed,False,2026-08-17T21:33:28.260657+09:00
Terminal Plan,170.0,0.0,success,False,2026-08-21T01:50:23.005803+09:00
Terminal Planner,50.0,7.0,success,False,2026-08-17T23:05:06.987834+09:00
Terminal Playbook,,,failed,False,2026-08-18T22:09:05.854990+09:00
Terminal Point,4400.0,23.0,success,False,2026-08-17T20:34:01.116253+09:00
Terminal Portal,170.0,0.0,success,False,2026-08-17T20:45:56.929111+09:00
Terminal Preview,110.0,1.0,success,False,2026-08-28T01:02:54.819638+09:00
Terminal Profile,170.0,0.0,success,False,2026-08-19T13:38:06.946096+09:00
Terminal Pulse,30.0,28.0,success,False,2026-08-17T20:36:51.044622+09:00
Terminal Radar,590.0,0.0,success,False,2026-08-17T21:31:15.457583+09:00
Terminal Rail,260.0,90.0,success,False,2026-08-17T20:39:09.333217+09:00
Terminal Rate,9900.0,0.0,success,True,2026-08-19T20:38:33.715363+09:00
Terminal Recap,10.0,0.0,success,False,2026-08-21T01:09:20.076507+09:00
Terminal Receipt,140.0,36.0,success,False,2026-08-19T21:57:08.159846+09:00
Terminal Recorder,260.0,0.0,success,False,2026-08-27T23:31:50.398588+09:00
Terminal Register,20.0,10.0,success,False,2026-08-17T23:15:30.972429+09:00
Terminal Registry,,,failed,False,2026-08-18T22:09:35.906732+09:00
Terminal Relay,1600.0,79.0,success,False,2026-08-17T21:30:08.257838+09:00
Terminal Reminder,,,failed,False,2026-08-19T21:10:44.368255+09:00
Terminal Report,1000.0,0.0,success,True,2026-08-19T13:35:34.985408+09:00
Terminal Roadmap,,,failed,False,2026-08-18T22:10:16.418477+09:00
Terminal Rule,10.0,0.0,success,False,2026-08-23T03:19:19.103854+09:00
Terminal Sale,50.0,7.0,success,False,2026-08-21T02:23:15.671365+09:00
Terminal Sample,,,failed,False,2026-08-19T21:58:14.220154+09:00
Terminal Scale,30.0,23.0,success,False,2026-08-17T20:41:35.724700+09:00
Terminal Scheduler,,,failed,False,2026-08-17T23:24:10.330342+09:00
Terminal Scope,74000.0,100.0,success,False,2026-08-17T20:39:32.550443+09:00
Terminal Score,10.0,0.0,success,False,2026-08-19T13:37:32.755916+09:00
Terminal Sentry,,,failed,False,2026-08-18T07:52:56.677266+09:00
Terminal Sheet,30.0,2.0,success,False,2026-08-19T13:36:57.023796+09:00
Terminal Shortfall,,,failed,False,2026-08-27T21:50:06.831063+09:00
Terminal Signal,260.0,6.0,success,False,2026-08-17T20:41:09.985510+09:00
Terminal Slip,70.0,15.0,success,False,2026-08-19T21:58:02.735072+09:00
Terminal Slot,720.0,7.0,success,False,2026-08-19T21:58:24.385772+09:00
Terminal Snapshot,,,failed,False,2026-08-18T22:09:19.506375+09:00
Terminal Statement,40.0,0.0,success,False,2026-08-21T00:35:07.163921+09:00
Terminal Station,2400.0,3.0,success,False,2026-08-17T21:31:49.761986+09:00
Terminal Status,140.0,0.0,success,False,2026-08-19T20:37:54.785730+09:00
Terminal Stub,,,failed,False,2026-08-21T00:35:03.505181+09:00
Terminal Studio,2400.0,2.0,success,False,2026-08-17T21:34:01.777052+09:00
Terminal Subsidy,,,failed,False,2026-08-23T15:52:33.187171+09:00
Terminal Suite,320.0,7.0,success,False,2026-08-17T23:23:36.709980+09:00
Terminal Sum,20.0,52.0,success,False,2026-08-21T02:22:54.942838+09:00
Terminal Summary,40.0,0.0,success,False,2026-08-19T21:10:24.800768+09:00
Terminal Surtax,,,failed,False,2026-08-23T15:52:33.187171+09:00
Terminal Sync,10.0,0.0,success,False,2026-08-17T21:36:36.847955+09:00
Terminal Table,210.0,0.0,success,False,2026-08-19T21:57:41.163401+09:00
Terminal Tag,170.0,38.0,success,False,2026-08-19T13:37:50.110679+09:00
Terminal Tariff,20.0,0.0,success,False,2026-08-21T02:39:27.182357+09:00
Terminal Tax,390.0,6.0,success,False,2026-08-21T02:07:24.034599+09:00
Terminal Timer,320.0,28.0,success,False,2026-08-28T00:21:49.130858+09:00
Terminal Toll,,,failed,False,2026-08-21T02:39:16.897271+09:00
Terminal Toolbox,10.0,0.0,success,False,2026-08-28T00:21:55.786008+09:00
Terminal Toolkit,,,failed,False,2026-08-18T22:08:57.073323+09:00
Terminal Tracker,390.0,4.0,success,False,2026-08-17T21:37:44.992622+09:00
Terminal Trail,,,failed,False,2026-08-17T20:38:12.491374+09:00
Terminal Trend,20.0,0.0,success,False,2026-08-28T01:02:51.015649+09:00
Terminal Trial,10.0,1.0,success,False,2026-08-27T21:19:11.248734+09:00
Terminal Unit,590.0,2.0,success,False,2026-08-21T01:50:44.435250+09:00
Terminal Update,1900.0,1.0,success,False,2026-08-19T20:38:42.409315+09:00
Terminal Value,9900.0,0.0,success,True,2026-08-23T02:54:35.289098+09:00
Terminal Vault,110.0,51.0,success,False,2026-08-17T20:47:47.373505+09:00
Terminal Version,40.0,0.0,success,False,2026-08-23T03:19:12.816359+09:00
Terminal View,210.0,0.0,success,False,2026-08-19T20:38:01.262466+09:00
Terminal Watch,5400.0,2.0,success,False,2026-08-17T20:40:26.535789+09:00
Terminal Wave,110.0,1.0,success,False,2026-08-17T20:35:50.076535+09:00
Terminal Widget,50.0,1.0,success,False,2026-08-27T23:09:53.622041+09:00
Terminal Workbench,,,failed,False,2026-08-18T22:08:48.035720+09:00
Terminal Worksheet,,,failed,False,2026-08-27T22:14:41.092865+09:00
Terminal Workshop,,,failed,False,2026-08-28T00:21:51.591333+09:00
Terminal Zone,90.0,0.0,success,False,2026-08-17T20:47:04.642239+09:00
Termination Advisory,,,failed,False,2026-08-21T01:20:45.332631+09:00
Termination Alert,,,failed,False,2026-08-21T01:16:10.496497+09:00
Termination Allowance,20.0,0.0,success,False,2026-08-21T02:45:41.299406+09:00
Termination Analyzer,,,failed,False,2026-08-27T23:55:33.587403+09:00
Termination Announcement,20.0,0.0,success,False,2026-08-27T23:34:06.441052+09:00
Termination Assistant,,,failed,False,2026-08-21T01:25:18.594939+09:00
Termination Atlas,,,failed,False,2026-08-21T01:24:52.705656+09:00
Termination Badge,,,failed,False,2026-08-21T01:20:01.120246+09:00
Termination Balance,,,failed,False,2026-08-23T13:47:40.781383+09:00
Termination Base,,,failed,False,2026-08-21T01:23:03.958708+09:00
Termination Bay,,,failed,False,2026-08-21T01:15:25.336646+09:00
Termination Beacon,,,failed,False,2026-08-21T01:21:53.775872+09:00
Termination Bill,20.0,0.0,success,False,2026-08-21T01:19:09.689487+09:00
Termination Bin,,,failed,False,2026-08-21T01:16:21.248035+09:00
Termination Board,1600.0,62.0,success,False,2026-08-21T01:23:58.157406+09:00
Termination Booth,,,failed,False,2026-08-21T01:26:35.509450+09:00
Termination Bridge,,,failed,False,2026-08-21T01:22:07.036293+09:00
Termination Brief,,,failed,False,2026-08-21T01:20:36.811619+09:00
Termination Bulletin,,,failed,False,2026-08-21T01:20:34.277114+09:00
Termination Cabinet,210.0,24.0,success,False,2026-08-27T23:12:08.197632+09:00
Termination Calculator,90.0,3.0,success,False,2026-08-27T23:34:10.423222+09:00
Termination Calendar,,,failed,False,2026-08-21T01:26:04.709927+09:00
Termination Card,70.0,0.0,success,False,2026-08-21T01:17:14.231029+09:00
Termination Cascade,,,failed,False,2026-08-21T01:22:01.103254+09:00
Termination Cash,,,failed,False,2026-08-21T02:29:22.487025+09:00
Termination Center,10.0,20.0,success,False,2026-08-21T01:23:58.157406+09:00
Termination Chain,,,failed,False,2026-08-21T01:24:33.847860+09:00
Termination Charge,50.0,0.0,success,False,2026-08-21T02:45:31.753294+09:00
Termination Chart,10.0,0.0,success,False,2026-08-21T01:16:15.267590+09:00
Termination Check,40.0,9.0,success,False,2026-08-21T01:17:24.597618+09:00
Termination Checker,10.0,0.0,success,False,2026-08-27T23:55:24.915525+09:00
Termination Circular,,,failed,False,2026-08-21T01:20:42.577799+09:00
Termination Code,140.0,0.0,success,False,2026-08-21T01:19:23.070915+09:00
Termination Companion,,,failed,False,2026-08-21T01:25:28.581838+09:00
Termination Comparison,,,failed,False,2026-08-28T01:06:54.096928+09:00
Termination Compass,,,failed,False,2026-08-21T01:21:49.678224+09:00
Termination Confirmation,10.0,0.0,success,False,2026-08-21T01:20:57.396338+09:00
Termination Console,,,failed,False,2026-08-21T01:24:06.274325+09:00
Termination Core,10.0,,success,False,2026-08-21T01:23:56.409607+09:00
Termination Cost,720.0,0.0,success,False,2026-08-21T02:12:19.408855+09:00
Termination Count,,,failed,False,2026-08-27T22:46:32.374827+09:00
Termination Counter,,,failed,False,2026-08-21T01:26:25.836028+09:00
Termination Deal,,,failed,False,2026-08-21T01:55:54.849778+09:00
Termination Debt,,,failed,False,2026-08-21T02:29:19.301672+09:00
Termination Deck,,,failed,False,2026-08-21T01:23:58.157406+09:00
Termination Desk,,,failed,False,2026-08-21T01:21:31.170741+09:00
Termination Detail,90.0,0.0,success,False,2026-08-23T03:17:25.053866+09:00
Termination Detector,,,failed,False,2026-08-27T23:55:30.843972+09:00
Termination Directory,,,failed,False,2026-08-21T01:26:08.809687+09:00
Termination Draft,10.0,0.0,success,False,2026-08-21T01:18:29.664706+09:00
Termination Due,,,failed,False,2026-08-23T15:52:40.502270+09:00
Termination Duty,,,failed,False,2026-08-21T02:45:36.117852+09:00
Termination Engine,,,failed,False,2026-08-21T01:25:18.594939+09:00
Termination Entry,,,failed,False,2026-08-21T01:21:10.960024+09:00
Termination Estimate,,,failed,False,2026-08-21T01:19:00.586921+09:00
Termination Estimator,,,failed,False,2026-08-27T23:55:21.576264+09:00
Termination Extension,,,failed,False,2026-08-23T16:40:16.940020+09:00
Termination Fare,,,failed,False,2026-08-21T02:12:23.232619+09:00
Termination Fee,720.0,0.0,success,False,2026-08-21T01:55:42.683026+09:00
Termination Feed,,,failed,False,2026-08-21T01:18:23.588658+09:00
Termination File,,,failed,False,2026-08-21T01:17:59.788687+09:00
Termination Fine,,,failed,False,2026-08-23T02:53:08.936462+09:00
Termination Flow,,,failed,False,2026-08-21T01:21:21.287654+09:00
Termination Forge,,,failed,False,2026-08-21T01:21:56.845957+09:00
Termination Form,1300.0,27.0,success,False,2026-08-21T01:17:06.015996+09:00
Termination Frame,,,failed,False,2026-08-21T01:22:59.410874+09:00
Termination Fund,,,failed,False,2026-08-21T02:29:19.301672+09:00
Termination Gate,,,failed,False,2026-08-21T01:24:47.056451+09:00
Termination Generator,,,failed,False,2026-08-27T23:34:10.423222+09:00
Termination Graph,,,failed,False,2026-08-27T22:07:05.837486+09:00
Termination Grid,,,failed,False,2026-08-21T01:22:33.143231+09:00
Termination Guarantee,,,failed,False,2026-08-28T01:07:05.829192+09:00
Termination Guardian,,,failed,False,2026-08-28T00:25:13.091211+09:00
Termination Helpdesk,,,failed,False,2026-08-27T22:46:36.036918+09:00
Termination Helper,,,failed,False,2026-08-28T00:25:19.923690+09:00
Termination History,,,failed,False,2026-08-21T01:17:57.482592+09:00
Termination Hub,,,failed,False,2026-08-21T01:21:27.496774+09:00
Termination Identifier,,,failed,False,2026-08-23T13:06:54.038616+09:00
Termination Inbox,,,failed,False,2026-08-21T01:16:03.338785+09:00
Termination Index,,,failed,False,2026-08-21T01:18:50.592866+09:00
Termination Installment,,,failed,False,2026-08-23T16:16:41.227574+09:00
Termination Item,,,failed,False,2026-08-21T01:55:44.868962+09:00
Termination Journal,,,failed,False,2026-08-21T01:25:46.762620+09:00
Termination Keeper,,,failed,False,2026-08-21T01:25:18.594939+09:00
Termination Lab,,,failed,False,2026-08-21T01:23:58.157406+09:00
Termination Label,,,failed,False,2026-08-27T22:07:09.283408+09:00
Termination Ledger,,,failed,False,2026-08-21T01:23:56.409607+09:00
Termination Level,20.0,0.0,success,False,2026-08-21T01:18:06.634708+09:00
Termination Line,2400.0,0.0,success,True,2026-08-21T01:16:42.417120+09:00
Termination Link,,,failed,False,2026-08-23T03:17:17.631472+09:00
Termination List,480.0,1.0,success,False,2026-08-21T01:19:27.364478+09:00
Termination Loan,,,failed,False,2026-08-21T02:12:31.205964+09:00
Termination Lobby,,,failed,False,2026-08-21T01:16:32.710448+09:00
Termination Locator,,,failed,False,2026-08-21T01:26:13.869304+09:00
Termination Locker,,,failed,False,2026-08-21T01:26:31.620928+09:00
Termination Log,30.0,0.0,success,False,2026-08-21T01:23:07.832051+09:00
Termination Loop,50.0,0.0,success,False,2026-08-21T01:22:29.239348+09:00
Termination Manager,10.0,0.0,success,False,2026-08-21T01:25:18.594939+09:00
Termination Manual,,,failed,False,2026-08-27T22:07:14.755817+09:00
Termination Map,,,failed,False,2026-08-21T01:22:55.105207+09:00
Termination Margin,,,failed,False,2026-08-23T02:53:06.849591+09:00
Termination Memo,110.0,1.0,success,False,2026-08-21T01:20:18.165253+09:00
Termination Message,30.0,0.0,success,False,2026-08-27T23:12:05.738890+09:00
Termination Monitor,,,failed,False,2026-08-21T01:25:39.259226+09:00
Termination Nexus,,,failed,False,2026-08-21T01:24:42.650897+09:00
Termination Note,50.0,2.0,success,False,2026-08-21T01:17:36.062470+09:00
Termination Notification,30.0,0.0,success,False,2026-08-27T22:46:27.298392+09:00
Termination Number,1000.0,0.0,success,True,2026-08-23T03:17:09.077548+09:00
Termination Office,,,failed,False,2026-08-21T01:26:19.673494+09:00
Termination Ops,,,failed,False,2026-08-21T01:25:49.214024+09:00
Termination Order,170.0,0.0,success,False,2026-08-21T01:19:07.466825+09:00
Termination Outpost,,,failed,False,2026-08-21T01:15:29.707504+09:00
Termination Overdraft,,,failed,False,2026-08-23T15:52:40.502270+09:00
Termination Overdue,,,failed,False,2026-08-27T21:46:01.626926+09:00
Termination Panel,590.0,4.0,success,False,2026-08-21T01:24:13.003010+09:00
Termination Pass,10.0,,success,False,2026-08-21T01:19:49.395013+09:00
Termination Passport,,,failed,False,2026-08-21T01:16:26.293455+09:00
Termination Path,,,failed,False,2026-08-21T01:22:43.322610+09:00
Termination Payoff,,,failed,False,2026-08-27T21:46:01.626926+09:00
Termination Penalty,30.0,0.0,success,False,2026-08-23T16:40:13.658560+09:00
Termination Petition,20.0,0.0,success,False,2026-08-21T01:20:51.576504+09:00
Termination Plan,140.0,1.0,success,False,2026-08-21T01:55:51.234317+09:00
Termination Planner,,,failed,False,2026-08-21T01:25:18.594939+09:00
Termination Playbook,,,failed,False,2026-08-21T01:25:53.521014+09:00
Termination Plaza,,,failed,False,2026-08-21T01:15:36.930840+09:00
Termination Point,4400.0,23.0,success,False,2026-08-21T01:22:48.599352+09:00
Termination Portal,,,failed,False,2026-08-21T01:23:58.157406+09:00
Termination Preview,,,failed,False,2026-08-28T01:06:58.788190+09:00
Termination Profile,30.0,13.0,success,False,2026-08-21T01:17:43.825232+09:00
Termination Profit,,,failed,False,2026-08-23T02:52:59.926815+09:00
Termination Proposal,10.0,0.0,success,False,2026-08-28T01:07:01.226912+09:00
Termination Quota,,,failed,False,2026-08-21T01:20:20.986675+09:00
Termination Radar,,,failed,False,2026-08-21T01:21:34.003833+09:00
Termination Rail,,,failed,False,2026-08-21T01:24:25.353806+09:00
Termination Rate,70.0,0.0,success,False,2026-08-21T01:18:13.948377+09:00
Termination Recap,,,failed,False,2026-08-21T01:21:04.299416+09:00
Termination Receipt,,,failed,False,2026-08-21T01:19:16.110446+09:00
Termination Register,,,failed,False,2026-08-21T01:25:45.514354+09:00
Termination Relay,,,failed,False,2026-08-21T01:21:39.994879+09:00
Termination Reminder,,,failed,False,2026-08-21T01:18:44.582130+09:00
Termination Report,110.0,0.0,success,False,2026-08-21T01:16:56.595304+09:00
Termination Repository,,,failed,False,2026-08-27T23:12:13.072454+09:00
Termination Result,,,failed,False,2026-08-28T00:47:53.734178+09:00
Termination Ring,,,failed,False,2026-08-21T01:24:35.885777+09:00
Termination Roll,,,failed,False,2026-08-21T01:16:50.383045+09:00
Termination Roster,,,failed,False,2026-08-21T01:15:57.558147+09:00
Termination Route,,,failed,False,2026-08-21T01:24:20.816528+09:00
Termination Rule,140.0,2.0,success,False,2026-08-23T03:17:21.558443+09:00
Termination Sale,,,failed,False,2026-08-21T02:29:31.555266+09:00
Termination Sample,4400.0,44.0,success,False,2026-08-21T01:19:38.759789+09:00
Termination Scale,,,failed,False,2026-08-21T01:24:09.474644+09:00
Termination Scanner,,,failed,False,2026-08-27T23:55:28.059641+09:00
Termination Scope,,,failed,False,2026-08-21T01:22:27.198742+09:00
Termination Score,,,failed,False,2026-08-21T01:17:30.839165+09:00
Termination Sheet,30.0,0.0,success,False,2026-08-21T01:17:22.537676+09:00
Termination Shelf,,,failed,False,2026-08-21T01:15:52.243294+09:00
Termination Signal,110.0,0.0,success,False,2026-08-21T01:22:09.935224+09:00
Termination Signature,,,failed,False,2026-08-23T13:27:46.545552+09:00
Termination Slip,50.0,18.0,success,False,2026-08-21T01:19:35.649490+09:00
Termination Slot,,,failed,False,2026-08-21T01:21:05.247176+09:00
Termination Stage,90.0,0.0,success,False,2026-08-28T00:47:53.734178+09:00
Termination Statement,210.0,3.0,success,False,2026-08-21T01:20:09.112300+09:00
Termination Station,2400.0,3.0,success,False,2026-08-21T01:23:58.157406+09:00
Termination Status,50.0,0.0,success,False,2026-08-21T01:17:49.809423+09:00
Termination Stub,,,failed,False,2026-08-21T01:20:03.244208+09:00
Termination Studio,,,failed,False,2026-08-21T01:23:58.157406+09:00
Termination Sum,,,failed,False,2026-08-21T02:29:11.262958+09:00
Termination Summary,30.0,2.0,success,False,2026-08-21T01:18:34.503460+09:00
Termination Tab,140.0,13.0,success,False,2026-08-21T01:20:28.588615+09:00
Termination Table,30.0,0.0,success,False,2026-08-21T01:19:29.603335+09:00
Termination Tag,,,failed,False,2026-08-21T01:17:41.245351+09:00
Termination Tariff,,,failed,False,2026-08-21T02:45:44.220380+09:00
Termination Tax,70.0,0.0,success,False,2026-08-21T02:12:27.062318+09:00
Termination Terminal,,,failed,False,2026-08-21T01:23:58.157406+09:00
Termination Ticker,,,failed,False,2026-08-21T01:16:36.813672+09:00
Termination Ticket,,,failed,False,2026-08-21T01:18:56.365360+09:00
Termination Timeline,,,failed,False,2026-08-21T01:18:40.477010+09:00
Termination Timer,,,failed,False,2026-08-28T00:25:10.586444+09:00
Termination Toll,,,failed,False,2026-08-21T02:45:38.713397+09:00
Termination Toolbox,,,failed,False,2026-08-28T00:25:15.482285+09:00
Termination Total,,,failed,False,2026-08-27T23:12:05.738890+09:00
Termination Tower,,,failed,False,2026-08-21T01:15:46.981049+09:00
Termination Tracker,30.0,7.0,success,False,2026-08-21T01:21:16.120431+09:00
Termination Trail,,,failed,False,2026-08-21T01:24:27.996006+09:00
Termination Trend,10.0,0.0,success,False,2026-08-28T01:06:51.354656+09:00
Termination Trial,10.0,4.0,success,False,2026-08-27T21:12:59.208111+09:00
Termination Unit,590.0,2.0,success,False,2026-08-21T01:55:46.721069+09:00
Termination Update,10.0,3.0,success,False,2026-08-21T01:18:16.729979+09:00
Termination Value,9900.0,0.0,success,True,2026-08-23T02:52:59.926815+09:00
Termination Vault,,,failed,False,2026-08-21T01:21:42.147576+09:00
Termination Version,,,failed,False,2026-08-23T03:17:13.101010+09:00
Termination View,10.0,,success,False,2026-08-21T01:17:52.131047+09:00
Termination Voucher,50.0,0.0,success,False,2026-08-21T01:19:54.964370+09:00
Termination Watch,,,failed,False,2026-08-21T01:22:20.767459+09:00
Termination Wave,,,failed,False,2026-08-21T01:22:35.639513+09:00
Termination Widget,,,failed,False,2026-08-27T23:12:08.197632+09:00
Termination Worksheet,260.0,0.0,success,False,2026-08-27T22:07:17.176446+09:00
Termination Workshop,,,failed,False,2026-08-28T00:25:13.091211+09:00
Termination Zone,20.0,0.0,success,False,2026-08-21T01:23:58.157406+09:00
Terminology Advisory,,,failed,False,2026-08-21T01:07:58.607843+09:00
Terminology Allowance,,,failed,False,2026-08-21T02:37:35.054521+09:00
Terminology Almanac,,,failed,False,2026-08-18T23:52:14.676112+09:00
Terminology Analyzer,,,failed,False,2026-08-27T23:57:10.397260+09:00
Terminology Anchor,,,failed,False,2026-08-18T22:03:09.558659+09:00
Terminology Asset,,,failed,False,2026-08-23T13:46:43.137504+09:00
Terminology Assistant,,,failed,False,2026-08-18T22:10:06.625362+09:00
Terminology Atlas,,,failed,False,2026-08-18T22:09:19.506375+09:00
Terminology Attribute,,,failed,False,2026-08-23T13:06:13.755843+09:00
Terminology Badge,,,failed,False,2026-08-21T00:34:30.806569+09:00
Terminology Base,320.0,3.0,success,False,2026-08-18T22:05:42.226060+09:00
Terminology Beacon,,,failed,False,2026-08-18T22:02:28.338577+09:00
Terminology Bill,,,failed,False,2026-08-19T21:57:27.705045+09:00
Terminology Blueprint,,,failed,False,2026-08-18T23:52:14.676112+09:00
Terminology Board,,,failed,False,2026-08-18T22:06:07.690995+09:00
Terminology Book,140.0,70.0,success,False,2026-08-19T21:58:22.475915+09:00
Terminology Bridge,,,failed,False,2026-08-18T22:02:59.013018+09:00
Terminology Brief,,,failed,False,2026-08-21T01:07:51.915989+09:00
Terminology Bulletin,,,failed,False,2026-08-21T01:07:47.643040+09:00
Terminology Calendar,,,failed,False,2026-08-19T00:03:53.943426+09:00
Terminology Card,,,failed,False,2026-08-19T13:42:11.114118+09:00
Terminology Cascade,,,failed,False,2026-08-18T22:02:48.638128+09:00
Terminology Cash,,,failed,False,2026-08-21T02:21:11.057858+09:00
Terminology Cashback,,,failed,False,2026-08-27T21:16:21.669078+09:00
Terminology Catalog,,,failed,False,2026-08-19T21:13:23.011051+09:00
Terminology Category,,,failed,False,2026-08-23T13:06:10.168774+09:00
Terminology Center,10.0,0.0,success,False,2026-08-18T22:07:01.170489+09:00
Terminology Chain,,,failed,False,2026-08-18T22:08:36.440640+09:00
Terminology Charge,,,failed,False,2026-08-21T02:37:19.204094+09:00
Terminology Check,,,failed,False,2026-08-19T13:42:33.755752+09:00
Terminology Checker,,,failed,False,2026-08-27T23:56:59.391700+09:00
Terminology Checklist,,,failed,False,2026-08-19T21:12:26.316955+09:00
Terminology Circular,,,failed,False,2026-08-21T01:07:56.327187+09:00
Terminology Cockpit,,,failed,False,2026-08-18T22:11:01.803326+09:00
Terminology Code,,,failed,False,2026-08-19T21:57:51.707228+09:00
Terminology Codex,,,failed,False,2026-08-18T23:52:14.676112+09:00
Terminology Companion,,,failed,False,2026-08-18T22:11:27.427914+09:00
Terminology Comparison,,,failed,False,2026-08-28T01:07:32.974301+09:00
Terminology Compass,,,failed,False,2026-08-18T23:52:14.676112+09:00
Terminology Compendium,,,failed,False,2026-08-18T23:52:14.676112+09:00
Terminology Confirmation,,,failed,False,2026-08-21T01:08:07.982267+09:00
Terminology Console,,,failed,False,2026-08-18T22:07:26.351718+09:00
Terminology Contribution,,,failed,False,2026-08-23T16:13:52.514202+09:00
Terminology Converter,,,failed,False,2026-08-27T23:35:16.240815+09:00
Terminology Core,,,failed,False,2026-08-18T22:05:50.321080+09:00
Terminology Cost,,,failed,False,2026-08-21T02:15:10.297403+09:00
Terminology Count,,,failed,False,2026-08-27T22:48:56.292769+09:00
Terminology Counter,,,failed,False,2026-08-19T00:04:39.958803+09:00
Terminology Coupon,,,failed,False,2026-08-27T21:16:19.259868+09:00
Terminology Dashboard,,,failed,False,2026-08-18T22:11:09.923371+09:00
Terminology Deal,,,failed,False,2026-08-21T02:05:57.421169+09:00
Terminology Debt,,,failed,False,2026-08-21T02:21:00.139536+09:00
Terminology Deck,,,failed,False,2026-08-18T22:06:16.619003+09:00
Terminology Depot,,,failed,False,2026-08-19T00:04:28.645558+09:00
Terminology Desk,,,failed,False,2026-08-18T23:52:16.958932+09:00
Terminology Detail,,,failed,False,2026-08-23T03:16:47.860821+09:00
Terminology Detector,,,failed,False,2026-08-27T23:57:04.136942+09:00
Terminology Diagram,40.0,0.0,success,False,2026-08-27T22:11:05.293773+09:00
Terminology Dial,,,failed,False,2026-08-18T22:07:42.473360+09:00
Terminology Digest,,,failed,False,2026-08-19T20:41:03.972806+09:00
Terminology Directory,,,failed,False,2026-08-19T00:04:03.544716+09:00
Terminology Discount,,,failed,False,2026-08-23T16:13:45.288195+09:00
Terminology Dock,,,failed,False,2026-08-18T22:08:12.988621+09:00
Terminology Dossier,,,failed,False,2026-08-21T01:08:10.104042+09:00
Terminology Downpayment,,,failed,False,2026-08-27T21:47:29.918815+09:00
Terminology Draft,,,failed,False,2026-08-19T20:41:20.028487+09:00
Terminology Due,,,failed,False,2026-08-23T15:51:33.860172+09:00
Terminology Duty,,,failed,False,2026-08-21T02:37:27.000959+09:00
Terminology Engine,,,failed,False,2026-08-18T22:09:58.381010+09:00
Terminology Entry,,,failed,False,2026-08-21T01:08:25.718288+09:00
Terminology Estimate,,,failed,False,2026-08-19T21:13:11.253613+09:00
Terminology Excerpt,,,failed,False,2026-08-21T01:08:20.285219+09:00
Terminology Fare,,,failed,False,2026-08-21T02:15:19.980644+09:00
Terminology Fee,,,failed,False,2026-08-21T01:59:17.074164+09:00
Terminology Feed,,,failed,False,2026-08-19T20:41:13.496418+09:00
Terminology File,,,failed,False,2026-08-19T20:40:26.363458+09:00
Terminology Finder,50.0,0.0,success,False,2026-08-19T00:04:20.197700+09:00
Terminology Flag,,,failed,False,2026-08-21T00:34:59.250399+09:00
Terminology Flow,,,failed,False,2026-08-18T23:52:16.958932+09:00
Terminology Forge,,,failed,False,2026-08-18T22:02:38.118746+09:00
Terminology Form,,,failed,False,2026-08-19T13:41:59.783078+09:00
Terminology Format,,,failed,False,2026-08-23T13:06:17.940469+09:00
Terminology Frame,,,failed,False,2026-08-18T22:05:33.744970+09:00
Terminology Fund,,,failed,False,2026-08-21T02:21:02.332570+09:00
Terminology Gate,,,failed,False,2026-08-18T22:09:03.479922+09:00
Terminology Generator,,,failed,False,2026-08-27T23:35:16.240815+09:00
Terminology Giveaway,,,failed,False,2026-08-27T21:16:26.164499+09:00
Terminology Grade,,,failed,False,2026-08-21T00:34:47.254019+09:00
Terminology Graph,10.0,0.0,success,False,2026-08-27T22:10:56.558080+09:00
Terminology Grid,,,failed,False,2026-08-18T22:04:15.026557+09:00
Terminology Guarantee,,,failed,False,2026-08-28T01:07:38.587205+09:00
Terminology Guard,,,failed,False,2026-08-18T23:52:16.958932+09:00
Terminology Guidebook,,,failed,False,2026-08-18T23:52:16.958932+09:00
Terminology Helper,,,failed,False,2026-08-28T00:26:14.926541+09:00
Terminology History,210.0,0.0,success,False,2026-08-19T20:40:20.062336+09:00
Terminology Hotline,,,failed,False,2026-08-19T21:13:34.097161+09:00
Terminology Hub,,,failed,False,2026-08-18T23:52:16.958932+09:00
Terminology Identifier,,,failed,False,2026-08-23T13:06:07.907385+09:00
Terminology Incentive,,,failed,False,2026-08-27T21:16:26.164499+09:00
Terminology Index,10.0,0.0,success,False,2026-08-19T21:12:37.502456+09:00
Terminology Insight,,,failed,False,2026-08-18T22:10:45.324652+09:00
Terminology Installment,,,failed,False,2026-08-23T16:13:47.418622+09:00
Terminology Item,,,failed,False,2026-08-21T01:59:20.402285+09:00
Terminology Journal,170.0,0.0,success,False,2026-08-18T22:12:17.661018+09:00
Terminology Keeper,,,failed,False,2026-08-18T22:09:34.112352+09:00
Terminology Kit,,,failed,False,2026-08-27T22:48:56.292769+09:00
Terminology Lab,,,failed,False,2026-08-18T22:06:37.464016+09:00
Terminology Label,,,failed,False,2026-08-27T22:10:59.501612+09:00
Terminology Ledger,,,failed,False,2026-08-18T22:05:59.558657+09:00
Terminology Lens,,,failed,False,2026-08-18T22:05:23.943754+09:00
Terminology Level,,,failed,False,2026-08-19T20:40:35.383963+09:00
Terminology Link,,,failed,False,2026-08-23T03:16:36.835162+09:00
Terminology List,170.0,1.0,success,False,2026-08-19T21:58:02.735072+09:00
Terminology Loan,,,failed,False,2026-08-21T02:15:23.867854+09:00
Terminology Locator,,,failed,False,2026-08-19T00:04:11.501446+09:00
Terminology Lock,,,failed,False,2026-08-18T22:05:06.428384+09:00
Terminology Log,,,failed,False,2026-08-19T13:41:47.769675+09:00
Terminology Loop,,,failed,False,2026-08-18T22:04:03.001846+09:00
Terminology Manager,20.0,7.0,success,False,2026-08-18T22:09:42.242317+09:00
Terminology Manual,,,failed,False,2026-08-27T22:11:01.897181+09:00
Terminology Map,,,failed,False,2026-08-18T22:05:15.577232+09:00
Terminology Markup,,,failed,False,2026-08-23T16:38:42.507764+09:00
Terminology Memo,,,failed,False,2026-08-21T00:34:53.693924+09:00
Terminology Meter,,,failed,False,2026-08-18T22:07:51.533580+09:00
Terminology Metrics,,,failed,False,2026-08-18T22:10:53.801114+09:00
Terminology Monitor,,,failed,False,2026-08-18T22:10:36.115087+09:00
Terminology Navigator,,,failed,False,2026-08-18T22:11:16.114719+09:00
Terminology Nexus,,,failed,False,2026-08-18T22:09:11.269372+09:00
Terminology Node,,,failed,False,2026-08-18T22:08:54.791738+09:00
Terminology Note,,,failed,False,2026-08-19T13:21:11.802983+09:00
Terminology Notification,,,failed,False,2026-08-27T22:48:53.744553+09:00
Terminology Number,,,failed,False,2026-08-23T03:16:29.353172+09:00
Terminology Office,,,failed,False,2026-08-19T00:04:35.680723+09:00
Terminology Ops,,,failed,False,2026-08-18T22:11:43.174107+09:00
Terminology Order,,,failed,False,2026-08-19T21:57:19.204093+09:00
Terminology Organizer,,,failed,False,2026-08-18T22:10:30.545293+09:00
Terminology Overage,,,failed,False,2026-08-27T21:47:27.442070+09:00
Terminology Overdue,,,failed,False,2026-08-27T21:47:19.918276+09:00
Terminology Panel,,,failed,False,2026-08-18T22:07:36.107745+09:00
Terminology Pass,,,failed,False,2026-08-21T00:34:21.181247+09:00
Terminology Path,,,failed,False,2026-08-18T22:04:44.992531+09:00
Terminology Payoff,,,failed,False,2026-08-27T21:47:24.586892+09:00
Terminology Penalty,,,failed,False,2026-08-23T16:38:42.507764+09:00
Terminology Petition,,,failed,False,2026-08-21T01:08:04.647718+09:00
Terminology Pilot,,,failed,False,2026-08-18T23:52:16.958932+09:00
Terminology Plan,,,failed,False,2026-08-21T01:59:26.364386+09:00
Terminology Planner,,,failed,False,2026-08-18T22:10:14.241136+09:00
Terminology Playbook,,,failed,False,2026-08-18T22:12:10.821921+09:00
Terminology Point,,,failed,False,2026-08-18T22:04:56.544925+09:00
Terminology Portal,,,failed,False,2026-08-18T22:07:18.676319+09:00
Terminology Preview,,,failed,False,2026-08-28T01:07:32.974301+09:00
Terminology Profile,,,failed,False,2026-08-19T13:21:58.772541+09:00
Terminology Profit,,,failed,False,2026-08-23T02:53:06.849591+09:00
Terminology Proposal,,,failed,False,2026-08-28T01:07:35.564975+09:00
Terminology Pulse,,,failed,False,2026-08-18T22:04:25.779407+09:00
Terminology Queue,,,failed,False,2026-08-19T21:12:57.141262+09:00
Terminology Radar,,,failed,False,2026-08-18T23:52:16.958932+09:00
Terminology Rail,,,failed,False,2026-08-18T22:08:21.500006+09:00
Terminology Rate,,,failed,False,2026-08-19T20:40:42.900088+09:00
Terminology Recap,,,failed,False,2026-08-21T01:08:15.676788+09:00
Terminology Receipt,,,failed,False,2026-08-19T21:57:41.163401+09:00
Terminology Recorder,,,failed,False,2026-08-27T23:35:20.435817+09:00
Terminology Register,,,failed,False,2026-08-18T22:11:37.206712+09:00
Terminology Registry,,,failed,False,2026-08-18T23:52:16.958932+09:00
Terminology Relay,,,failed,False,2026-08-18T23:52:16.958932+09:00
Terminology Reminder,,,failed,False,2026-08-19T21:12:15.731161+09:00
Terminology Report,,,failed,False,2026-08-19T13:41:39.168311+09:00
Terminology Repository,,,failed,False,2026-08-27T23:14:21.600576+09:00
Terminology Ring,,,failed,False,2026-08-18T22:08:45.047635+09:00
Terminology Roadmap,,,failed,False,2026-08-18T23:52:16.958932+09:00
Terminology Roster,,,failed,False,2026-08-19T00:37:32.560227+09:00
Terminology Route,,,failed,False,2026-08-18T22:08:07.311207+09:00
Terminology Rule,,,failed,False,2026-08-23T03:16:44.260724+09:00
Terminology Sale,,,failed,False,2026-08-21T02:21:14.623269+09:00
Terminology Sample,,,failed,False,2026-08-19T21:58:39.226398+09:00
Terminology Scale,,,failed,False,2026-08-18T22:07:58.079048+09:00
Terminology Scanner,,,failed,False,2026-08-27T23:57:04.136942+09:00
Terminology Scheduler,,,failed,False,2026-08-18T22:10:20.360888+09:00
Terminology Scope,,,failed,False,2026-08-18T22:03:53.517132+09:00
Terminology Score,,,failed,False,2026-08-19T13:20:54.330811+09:00
Terminology Sentry,,,failed,False,2026-08-18T22:09:25.652147+09:00
Terminology Sheet,2900.0,1.0,success,False,2026-08-19T13:42:19.343176+09:00
Terminology Shortfall,,,failed,False,2026-08-27T21:47:32.265892+09:00
Terminology Signal,,,failed,False,2026-08-18T22:03:21.744324+09:00
Terminology Slip,,,failed,False,2026-08-19T21:58:30.244900+09:00
Terminology Slot,,,failed,False,2026-08-19T21:58:48.612097+09:00
Terminology Snapshot,,,failed,False,2026-08-18T22:12:23.623332+09:00
Terminology Stake,,,failed,False,2026-08-23T02:53:11.692862+09:00
Terminology Statement,,,failed,False,2026-08-21T00:34:38.752919+09:00
Terminology Station,,,failed,False,2026-08-18T22:06:45.698700+09:00
Terminology Status,,,failed,False,2026-08-19T20:39:59.254826+09:00
Terminology Stub,,,failed,False,2026-08-21T00:34:32.979761+09:00
Terminology Studio,,,failed,False,2026-08-18T22:06:27.903433+09:00
Terminology Suite,,,failed,False,2026-08-18T22:09:49.300650+09:00
Terminology Sum,,,failed,False,2026-08-21T02:20:57.219379+09:00
Terminology Summary,,,failed,False,2026-08-19T21:11:50.782037+09:00
Terminology Sync,,,failed,False,2026-08-18T23:52:16.958932+09:00
Terminology Table,110.0,0.0,success,False,2026-08-19T21:58:11.207870+09:00
Terminology Tag,,,failed,False,2026-08-19T13:21:44.122863+09:00
Terminology Tally,,,failed,False,2026-08-21T00:34:42.810397+09:00
Terminology Tariff,,,failed,False,2026-08-21T02:37:42.077569+09:00
Terminology Tax,,,failed,False,2026-08-21T02:15:23.867854+09:00
Terminology Terminal,210.0,0.0,success,False,2026-08-18T22:06:52.142585+09:00
Terminology Ticket,,,failed,False,2026-08-19T21:12:47.142527+09:00
Terminology Timeline,,,failed,False,2026-08-19T21:12:04.004296+09:00
Terminology Toll,,,failed,False,2026-08-21T02:37:31.175739+09:00
Terminology Toolbox,,,failed,False,2026-08-28T00:26:14.926541+09:00
Terminology Toolkit,,,failed,False,2026-08-18T22:12:02.089704+09:00
Terminology Total,,,failed,False,2026-08-27T23:14:19.159911+09:00
Terminology Tracker,,,failed,False,2026-08-18T23:52:16.958932+09:00
Terminology Trail,,,failed,False,2026-08-18T22:08:28.742242+09:00
Terminology Trend,,,failed,False,2026-08-28T01:07:30.106939+09:00
Terminology Trial,,,failed,False,2026-08-27T21:16:23.936714+09:00
Terminology Unit,,,failed,False,2026-08-21T01:59:21.644967+09:00
Terminology Update,,,failed,False,2026-08-19T20:40:49.478840+09:00
Terminology Value,,,failed,False,2026-08-23T02:53:08.936462+09:00
Terminology Vault,,,failed,False,2026-08-18T23:52:16.958932+09:00
Terminology Version,,,failed,False,2026-08-23T03:16:31.986562+09:00
Terminology View,,,failed,False,2026-08-19T20:40:08.745376+09:00
Terminology Voucher,,,failed,False,2026-08-21T00:34:25.670499+09:00
Terminology Watch,,,failed,False,2026-08-18T22:03:32.090956+09:00
Terminology Wave,,,failed,False,2026-08-18T22:04:36.606049+09:00
Terminology Widget,,,failed,False,2026-08-27T23:14:19.159911+09:00
Terminology Workbench,,,failed,False,2026-08-18T22:11:53.253087+09:00
Terminology Worksheet,20.0,0.0,success,False,2026-08-27T22:11:05.293773+09:00
Terminology Workshop,,,failed,False,2026-08-28T00:26:12.300765+09:00
Terminology Zone,,,failed,False,2026-08-18T22:07:09.458547+09:00
Termite Advance,,,failed,False,2026-08-23T16:12:08.472275+09:00
Termite Advisory,,,failed,False,2026-08-21T00:59:21.503880+09:00
Termite Alert,10.0,0.0,success,False,2026-08-19T12:23:14.200437+09:00
Termite Allowance,,,failed,False,2026-08-21T02:42:11.511377+09:00
Termite Almanac,,,failed,False,2026-08-18T22:07:30.618042+09:00
Termite Analyzer,,,failed,False,2026-08-27T23:56:32.424799+09:00
Termite Anchor,,,failed,False,2026-08-17T23:24:36.078713+09:00
Termite Arrears,,,failed,False,2026-08-23T16:12:05.670450+09:00
Termite Assistant,,,failed,False,2026-08-17T23:31:05.763784+09:00
Termite Atlas,,,failed,False,2026-08-17T23:30:14.406427+09:00
Termite Badge,,,failed,False,2026-08-21T00:36:02.867452+09:00
Termite Base,20.0,35.0,success,False,2026-08-17T23:26:46.063928+09:00
Termite Beacon,,,failed,False,2026-08-17T23:23:55.589084+09:00
Termite Bill,,,failed,False,2026-08-19T21:58:14.220154+09:00
Termite Blueprint,,,failed,False,2026-08-18T22:07:21.490302+09:00
Termite Board,30.0,24.0,success,False,2026-08-17T23:13:41.173741+09:00
Termite Book,1600.0,2.0,success,False,2026-08-19T21:58:59.534733+09:00
Termite Bridge,30.0,4.0,success,False,2026-08-17T23:12:20.668668+09:00
Termite Brief,,,failed,False,2026-08-21T00:59:12.932532+09:00
Termite Bulletin,,,failed,False,2026-08-21T00:59:08.363801+09:00
Termite Cabinet,,,failed,False,2026-08-27T23:13:21.065060+09:00
Termite Calculator,,,failed,False,2026-08-27T23:34:49.517197+09:00
Termite Calendar,,,failed,False,2026-08-19T00:01:43.287513+09:00
Termite Card,,,failed,False,2026-08-19T13:33:13.480936+09:00
Termite Cascade,,,failed,False,2026-08-17T23:24:15.710246+09:00
Termite Cash,,,failed,False,2026-08-21T02:25:53.601509+09:00
Termite Cashback,,,failed,False,2026-08-27T21:15:01.645543+09:00
Termite Catalog,,,failed,False,2026-08-19T21:12:17.710681+09:00
Termite Center,,,failed,False,2026-08-17T23:10:06.483021+09:00
Termite Chain,,,failed,False,2026-08-17T23:14:57.452489+09:00
Termite Charge,10.0,21.0,success,False,2026-08-21T02:41:59.910977+09:00
Termite Check,210.0,49.0,success,False,2026-08-19T13:33:44.098374+09:00
Termite Checker,,,failed,False,2026-08-27T23:56:27.794878+09:00
Termite Checklist,,,failed,False,2026-08-19T21:11:19.546080+09:00
Termite Circular,,,failed,False,2026-08-21T00:59:28.178022+09:00
Termite Cockpit,,,failed,False,2026-08-17T23:03:51.188489+09:00
Termite Code,,,failed,False,2026-08-19T21:58:32.626205+09:00
Termite Codex,,,failed,False,2026-08-18T22:07:47.344279+09:00
Termite Companion,,,failed,False,2026-08-17T23:32:31.687734+09:00
Termite Comparison,,,failed,False,2026-08-28T01:07:19.474773+09:00
Termite Compass,,,failed,False,2026-08-17T23:10:45.795183+09:00
Termite Compendium,,,failed,False,2026-08-18T22:07:38.070107+09:00
Termite Confirmation,,,failed,False,2026-08-21T00:59:38.385269+09:00
Termite Console,20.0,2.0,success,False,2026-08-17T23:28:13.719643+09:00
Termite Contribution,,,failed,False,2026-08-23T16:12:01.471109+09:00
Termite Core,,,failed,False,2026-08-17T23:06:41.076830+09:00
Termite Cost,390.0,79.0,success,False,2026-08-21T02:09:31.680775+09:00
Termite Count,,,failed,False,2026-08-27T22:47:56.654242+09:00
Termite Counter,,,failed,False,2026-08-19T00:02:30.122335+09:00
Termite Coupon,10.0,71.0,success,False,2026-08-27T21:14:58.792070+09:00
Termite Dashboard,,,failed,False,2026-08-17T23:32:18.106895+09:00
Termite Deal,,,failed,False,2026-08-21T01:52:41.314698+09:00
Termite Debt,,,failed,False,2026-08-21T02:25:47.031494+09:00
Termite Deck,480.0,3.0,success,False,2026-08-17T23:27:17.370245+09:00
Termite Depot,90.0,40.0,success,False,2026-08-19T00:02:15.189621+09:00
Termite Desk,,,failed,False,2026-08-17T23:09:05.527725+09:00
Termite Detail,,,failed,False,2026-08-23T03:22:26.114633+09:00
Termite Diagram,1300.0,0.0,success,True,2026-08-27T22:09:22.436426+09:00
Termite Dial,,,failed,False,2026-08-17T23:28:34.893276+09:00
Termite Digest,,,failed,False,2026-08-19T20:38:03.591827+09:00
Termite Directory,,,failed,False,2026-08-19T00:01:49.817235+09:00
Termite Discount,,,failed,False,2026-08-23T16:11:58.973572+09:00
Termite Dock,,,failed,False,2026-08-17T23:29:07.663083+09:00
Termite Dossier,,,failed,False,2026-08-21T00:59:43.831495+09:00
Termite Draft,,,failed,False,2026-08-19T20:38:18.738836+09:00
Termite Due,,,failed,False,2026-08-23T15:50:26.316180+09:00
Termite Duty,,,failed,False,2026-08-21T02:42:02.551252+09:00
Termite Endowment,,,failed,False,2026-08-23T15:50:28.386707+09:00
Termite Engine,,,failed,False,2026-08-17T23:13:01.440927+09:00
Termite Entry,,,failed,False,2026-08-21T00:59:54.516148+09:00
Termite Estimate,40.0,75.0,success,False,2026-08-19T21:12:05.902513+09:00
Termite Estimator,,,failed,False,2026-08-27T23:56:27.794878+09:00
Termite Excerpt,,,failed,False,2026-08-21T01:01:57.606553+09:00
Termite Fare,,,failed,False,2026-08-21T02:09:39.165114+09:00
Termite Fee,,,failed,False,2026-08-21T01:52:23.674188+09:00
Termite Feed,,,failed,False,2026-08-19T20:38:10.418620+09:00
Termite File,,,failed,False,2026-08-19T20:37:31.186118+09:00
Termite Finder,40.0,23.0,success,False,2026-08-19T00:02:06.599822+09:00
Termite Fine,,,failed,False,2026-08-23T02:56:50.179026+09:00
Termite Flag,,,failed,False,2026-08-21T00:36:33.618056+09:00
Termite Flow,,,failed,False,2026-08-17T23:33:11.202195+09:00
Termite Forge,,,failed,False,2026-08-17T23:05:11.266926+09:00
Termite Form,50.0,8.0,success,False,2026-08-19T13:33:02.578163+09:00
Termite Format,,,failed,False,2026-08-23T13:09:19.095608+09:00
Termite Frame,,,failed,False,2026-08-17T23:12:02.312580+09:00
Termite Fund,,,failed,False,2026-08-21T02:25:50.623607+09:00
Termite Gate,,,failed,False,2026-08-17T23:30:01.630713+09:00
Termite Giveaway,,,failed,False,2026-08-27T21:15:09.099124+09:00
Termite Grade,,,failed,False,2026-08-21T00:36:21.244854+09:00
Termite Graph,50.0,0.0,success,False,2026-08-27T22:09:16.229025+09:00
Termite Grid,,,failed,False,2026-08-17T23:08:46.290392+09:00
Termite Guarantee,590.0,31.0,success,False,2026-08-28T01:07:27.619930+09:00
Termite Guard,170.0,77.0,success,False,2026-08-17T23:12:38.430162+09:00
Termite Guardian,,,failed,False,2026-08-28T00:25:51.267385+09:00
Termite Guidebook,,,failed,False,2026-08-18T22:07:05.348378+09:00
Termite Helpdesk,,,failed,False,2026-08-27T22:47:56.654242+09:00
Termite Helper,,,failed,False,2026-08-28T00:25:53.963495+09:00
Termite History,40.0,0.0,success,False,2026-08-19T20:37:22.627194+09:00
Termite Hotline,,,failed,False,2026-08-19T21:12:28.088394+09:00
Termite Hub,,,failed,False,2026-08-17T23:14:19.543456+09:00
Termite Identifier,1300.0,9.0,success,False,2026-08-23T13:09:17.043261+09:00
Termite Incentive,,,failed,False,2026-08-27T21:15:06.762141+09:00
Termite Index,,,failed,False,2026-08-19T21:11:29.135916+09:00
Termite Insight,,,failed,False,2026-08-17T23:09:27.800960+09:00
Termite Installment,,,failed,False,2026-08-23T16:12:01.471109+09:00
Termite Item,,,failed,False,2026-08-21T01:52:27.177299+09:00
Termite Journal,,,failed,False,2026-08-18T22:06:47.457116+09:00
Termite Keeper,,,failed,False,2026-08-17T23:30:30.158673+09:00
Termite Kit,70.0,100.0,success,False,2026-08-27T22:47:53.351609+09:00
Termite Lab,110.0,4.0,success,False,2026-08-17T23:27:32.625137+09:00
Termite Label,,,failed,False,2026-08-27T22:09:18.738684+09:00
Termite Ledger,,,failed,False,2026-08-17T23:27:03.515384+09:00
Termite Lens,,,failed,False,2026-08-17T23:26:31.743192+09:00
Termite Level,,,failed,False,2026-08-19T20:37:40.051699+09:00
Termite Levy,,,failed,False,2026-08-23T13:45:20.654502+09:00
Termite Link,,,failed,False,2026-08-23T03:22:18.461537+09:00
Termite List,,,failed,False,2026-08-19T21:58:39.226398+09:00
Termite Loan,10.0,48.0,success,False,2026-08-21T02:09:47.667221+09:00
Termite Locator,,,failed,False,2026-08-19T00:01:57.884072+09:00
Termite Lock,,,failed,False,2026-08-17T23:26:20.273293+09:00
Termite Log,140.0,0.0,success,False,2026-08-19T13:32:55.447680+09:00
Termite Loop,,,failed,False,2026-08-17T23:25:26.285868+09:00
Termite Manager,,,failed,False,2026-08-17T23:05:59.212452+09:00
Termite Manual,,,failed,False,2026-08-27T22:09:18.738684+09:00
Termite Map,210.0,1.0,success,False,2026-08-17T23:04:48.646277+09:00
Termite Margin,,,failed,False,2026-08-23T02:56:45.800075+09:00
Termite Markup,,,failed,False,2026-08-23T16:37:45.266937+09:00
Termite Memo,,,failed,False,2026-08-21T00:36:23.638187+09:00
Termite Message,,,failed,False,2026-08-27T23:13:16.008786+09:00
Termite Meter,10.0,100.0,success,False,2026-08-17T23:06:20.939022+09:00
Termite Metrics,,,failed,False,2026-08-17T23:31:54.862824+09:00
Termite Monitor,210.0,84.0,success,False,2026-08-17T23:31:42.326204+09:00
Termite Navigator,,,failed,False,2026-08-17T23:11:05.439479+09:00
Termite Nexus,,,failed,False,2026-08-17T23:04:09.987003+09:00
Termite Node,,,failed,False,2026-08-17T23:09:50.041087+09:00
Termite Note,,,failed,False,2026-08-19T13:33:57.418081+09:00
Termite Notification,,,failed,False,2026-08-27T22:47:50.980247+09:00
Termite Number,,,failed,False,2026-08-23T03:22:09.250404+09:00
Termite Office,,,failed,False,2026-08-19T00:02:21.603583+09:00
Termite Ops,,,failed,False,2026-08-17T23:32:47.059992+09:00
Termite Order,880.0,1.0,success,False,2026-08-19T21:58:02.735072+09:00
Termite Organizer,,,failed,False,2026-08-17T23:14:41.375835+09:00
Termite Panel,,,failed,False,2026-08-17T23:11:44.690517+09:00
Termite Pass,,,failed,False,2026-08-21T00:35:52.521460+09:00
Termite Path,110.0,3.0,success,False,2026-08-17T23:26:04.596222+09:00
Termite Petition,,,failed,False,2026-08-21T00:59:34.151010+09:00
Termite Pilot,,,failed,False,2026-08-17T23:33:22.514665+09:00
Termite Plan,40.0,68.0,success,False,2026-08-21T01:52:37.407034+09:00
Termite Planner,,,failed,False,2026-08-17T23:07:43.866571+09:00
Termite Playbook,,,failed,False,2026-08-18T22:06:39.446315+09:00
Termite Point,,,failed,False,2026-08-17T23:10:28.342550+09:00
Termite Portal,,,failed,False,2026-08-17T23:04:25.350258+09:00
Termite Preview,,,failed,False,2026-08-28T01:07:22.099845+09:00
Termite Profile,,,failed,False,2026-08-19T13:34:15.397109+09:00
Termite Profit,,,failed,False,2026-08-23T02:56:35.195472+09:00
Termite Proposal,,,failed,False,2026-08-28T01:07:24.727084+09:00
Termite Pulse,,,failed,False,2026-08-17T23:25:50.019139+09:00
Termite Queue,,,failed,False,2026-08-19T21:11:53.117390+09:00
Termite Quota,,,failed,False,2026-08-21T00:36:28.428699+09:00
Termite Radar,40.0,14.0,success,False,2026-08-17T23:33:40.972373+09:00
Termite Rail,,,failed,False,2026-08-17T23:08:04.686791+09:00
Termite Rate,,,failed,False,2026-08-19T20:37:47.819235+09:00
Termite Recap,,,failed,False,2026-08-21T00:59:48.261603+09:00
Termite Receipt,,,failed,False,2026-08-19T21:58:24.385772+09:00
Termite Recorder,,,failed,False,2026-08-27T23:34:49.517197+09:00
Termite Register,10.0,14.0,success,False,2026-08-17T23:05:34.845009+09:00
Termite Registry,,,failed,False,2026-08-18T22:07:12.146632+09:00
Termite Relay,,,failed,False,2026-08-17T22:50:36.545244+09:00
Termite Reminder,,,failed,False,2026-08-19T21:11:11.315009+09:00
Termite Report,260.0,52.0,success,False,2026-08-19T13:32:47.690424+09:00
Termite Repository,,,failed,False,2026-08-27T23:13:25.257331+09:00
Termite Result,,,failed,False,2026-08-28T00:48:05.704808+09:00
Termite Roadmap,,,failed,False,2026-08-18T22:07:53.653114+09:00
Termite Roster,,,failed,False,2026-08-19T00:37:46.702224+09:00
Termite Route,,,failed,False,2026-08-17T23:13:20.544847+09:00
Termite Rule,,,failed,False,2026-08-23T03:22:22.094995+09:00
Termite Sale,,,failed,False,2026-08-21T02:25:59.297290+09:00
Termite Sample,,,failed,False,2026-08-19T21:59:15.845213+09:00
Termite Scale,20.0,0.0,success,False,2026-08-17T23:28:52.290735+09:00
Termite Scheduler,,,failed,False,2026-08-17T23:31:23.198788+09:00
Termite Scope,,,failed,False,2026-08-17T23:14:01.287138+09:00
Termite Score,,,failed,False,2026-08-19T13:33:51.668880+09:00
Termite Sentry,,,failed,False,2026-08-17T23:11:23.614440+09:00
Termite Sheet,70.0,24.0,success,False,2026-08-19T13:33:39.488989+09:00
Termite Signal,,,failed,False,2026-08-17T23:07:02.817989+09:00
Termite Signature,,,failed,False,2026-08-23T13:28:17.743262+09:00
Termite Slip,,,failed,False,2026-08-19T21:59:07.775168+09:00
Termite Slot,,,failed,False,2026-08-19T21:59:30.293970+09:00
Termite Snapshot,,,failed,False,2026-08-18T22:06:56.515623+09:00
Termite Stage,,,failed,False,2026-08-28T00:48:05.704808+09:00
Termite Stake,880.0,100.0,success,False,2026-08-23T02:56:43.732981+09:00
Termite Stamp,,,failed,False,2026-08-23T13:28:17.743262+09:00
Termite Statement,,,failed,False,2026-08-21T00:36:14.044141+09:00
Termite Station,720.0,100.0,success,False,2026-08-17T23:15:16.385703+09:00
Termite Status,,,failed,False,2026-08-19T20:49:32.682801+09:00
Termite Stub,,,failed,False,2026-08-21T00:36:08.674469+09:00
Termite Studio,,,failed,False,2026-08-17T23:08:25.865498+09:00
Termite Suite,,,failed,False,2026-08-17T23:30:45.182553+09:00
Termite Sum,,,failed,False,2026-08-21T02:25:44.046093+09:00
Termite Summary,,,failed,False,2026-08-19T21:10:46.722805+09:00
Termite Surtax,,,failed,False,2026-08-23T15:50:30.977463+09:00
Termite Sync,,,failed,False,2026-08-17T23:07:26.971457+09:00
Termite Tab,,,failed,False,2026-08-21T00:36:37.815514+09:00
Termite Table,,,failed,False,2026-08-19T21:58:51.076600+09:00
Termite Tag,,,failed,False,2026-08-19T13:34:03.969558+09:00
Termite Tally,,,failed,False,2026-08-21T00:36:16.111706+09:00
Termite Tariff,,,failed,False,2026-08-21T02:42:14.230561+09:00
Termite Tax,,,failed,False,2026-08-21T02:09:44.145059+09:00
Termite Ticket,,,failed,False,2026-08-19T21:11:41.705907+09:00
Termite Timeline,,,failed,False,2026-08-19T21:11:00.361566+09:00
Termite Timer,,,failed,False,2026-08-28T00:25:48.742639+09:00
Termite Toll,,,failed,False,2026-08-21T02:42:06.283895+09:00
Termite Toolbox,10.0,0.0,success,False,2026-08-28T00:25:51.267385+09:00
Termite Toolkit,10.0,100.0,success,False,2026-08-18T22:06:29.857370+09:00
Termite Total,,,failed,False,2026-08-27T23:13:18.509120+09:00
Termite Tracker,70.0,49.0,success,False,2026-08-17T23:32:58.780092+09:00
Termite Trail,1300.0,9.0,success,False,2026-08-17T23:29:29.429883+09:00
Termite Trend,,,failed,False,2026-08-28T01:07:19.474773+09:00
Termite Trial,,,failed,False,2026-08-27T21:15:06.762141+09:00
Termite Unit,,,failed,False,2026-08-21T02:05:57.421169+09:00
Termite Update,,,failed,False,2026-08-19T20:37:54.785730+09:00
Termite Value,,,failed,False,2026-08-23T02:56:38.023044+09:00
Termite Vault,,,failed,False,2026-08-17T23:23:39.258674+09:00
Termite Version,,,failed,False,2026-08-23T03:22:11.470893+09:00
Termite View,,,failed,False,2026-08-19T20:49:38.357241+09:00
Termite Voucher,,,failed,False,2026-08-21T00:35:57.334663+09:00
Termite Watch,10.0,20.0,success,False,2026-08-17T23:24:56.223636+09:00
Termite Wave,,,failed,False,2026-08-17T23:15:30.972429+09:00
Termite Widget,,,failed,False,2026-08-27T23:13:18.509120+09:00
Termite Workbench,,,failed,False,2026-08-18T22:06:20.125556+09:00
Termite Worksheet,,,failed,False,2026-08-27T22:09:22.436426+09:00
Termite Workshop,,,failed,False,2026-08-28T00:25:48.742639+09:00
Termite Zone,390.0,10.0,success,False,2026-08-17T23:28:01.386512+09:00
Testimony Advance,,,failed,False,2026-08-23T16:12:54.608017+09:00
Testimony Advisory,,,failed,False,2026-08-21T01:01:51.697457+09:00
Testimony Alert,,,failed,False,2026-08-21T00:45:52.774285+09:00
Testimony Allowance,,,failed,False,2026-08-21T02:39:23.092445+09:00
Testimony Analyzer,,,failed,False,2026-08-27T23:50:40.068524+09:00
Testimony Assistant,,,failed,False,2026-08-21T00:44:13.071089+09:00
Testimony Atlas,,,failed,False,2026-08-21T00:43:54.085720+09:00
Testimony Attribute,,,failed,False,2026-08-23T13:08:53.842629+09:00
Testimony Badge,,,failed,False,2026-08-21T00:48:40.223162+09:00
Testimony Base,,,failed,False,2026-08-21T00:50:33.252784+09:00
Testimony Beacon,,,failed,False,2026-08-21T00:49:41.369493+09:00
Testimony Bill,,,failed,False,2026-08-21T00:47:57.951273+09:00
Testimony Bin,,,failed,False,2026-08-21T00:45:57.527663+09:00
Testimony Board,10.0,0.0,success,False,2026-08-21T00:50:45.127530+09:00
Testimony Bridge,,,failed,False,2026-08-21T00:49:52.271441+09:00
Testimony Brief,,,failed,False,2026-08-21T00:59:15.258286+09:00
Testimony Bulletin,,,failed,False,2026-08-21T00:59:10.591896+09:00
Testimony Calendar,,,failed,False,2026-08-21T00:44:54.956989+09:00
Testimony Card,170.0,5.0,success,False,2026-08-21T00:46:31.440534+09:00
Testimony Cascade,,,failed,False,2026-08-21T00:49:49.714688+09:00
Testimony Cash,,,failed,False,2026-08-21T02:22:03.460496+09:00
Testimony Category,,,failed,False,2026-08-23T13:08:51.704947+09:00
Testimony Center,,,failed,False,2026-08-21T00:51:10.614458+09:00
Testimony Chain,,,failed,False,2026-08-21T00:43:36.715710+09:00
Testimony Charge,,,failed,False,2026-08-21T02:39:12.661070+09:00
Testimony Chart,,,failed,False,2026-08-21T00:45:54.993375+09:00
Testimony Check,,,failed,False,2026-08-21T00:46:37.254114+09:00
Testimony Checker,,,failed,False,2026-08-27T23:59:30.142774+09:00
Testimony Circular,,,failed,False,2026-08-21T00:59:28.178022+09:00
Testimony Code,,,failed,False,2026-08-21T00:48:07.260312+09:00
Testimony Comparison,,,failed,False,2026-08-28T01:02:54.819638+09:00
Testimony Confirmation,,,failed,False,2026-08-21T00:59:38.385269+09:00
Testimony Console,,,failed,False,2026-08-21T00:51:25.324564+09:00
Testimony Converter,,,failed,False,2026-08-27T23:36:44.866320+09:00
Testimony Core,,,failed,False,2026-08-21T00:50:35.331865+09:00
Testimony Cost,,,failed,False,2026-08-21T02:14:27.987170+09:00
Testimony Count,40.0,0.0,success,False,2026-08-27T22:49:44.992225+09:00
Testimony Counter,,,failed,False,2026-08-21T00:45:13.293562+09:00
Testimony Deal,,,failed,False,2026-08-21T01:57:54.921820+09:00
Testimony Debt,,,failed,False,2026-08-21T02:21:52.863298+09:00
Testimony Deck,,,failed,False,2026-08-21T00:50:50.084554+09:00
Testimony Desk,,,failed,False,2026-08-21T00:49:18.470865+09:00
Testimony Detail,,,failed,False,2026-08-23T03:20:46.771409+09:00
Testimony Detector,,,failed,False,2026-08-27T23:59:35.243773+09:00
Testimony Directory,10.0,,success,False,2026-08-21T00:44:58.799520+09:00
Testimony Dossier,,,failed,False,2026-08-21T00:59:43.831495+09:00
Testimony Downpayment,,,failed,False,2026-08-27T21:47:35.080437+09:00
Testimony Draft,10.0,0.0,success,False,2026-08-21T00:47:26.672100+09:00
Testimony Due,,,failed,False,2026-08-23T15:50:49.697674+09:00
Testimony Duty,,,failed,False,2026-08-21T02:39:16.897271+09:00
Testimony Engine,,,failed,False,2026-08-21T00:44:10.518978+09:00
Testimony Entry,,,failed,False,2026-08-21T00:59:56.543467+09:00
Testimony Estimate,,,failed,False,2026-08-21T00:47:49.290523+09:00
Testimony Excerpt,,,failed,False,2026-08-21T01:02:50.394287+09:00
Testimony Fare,,,failed,False,2026-08-21T02:14:36.179977+09:00
Testimony Fee,,,failed,False,2026-08-21T01:57:40.883576+09:00
Testimony Feed,,,failed,False,2026-08-21T00:47:23.165444+09:00
Testimony Field,,,failed,False,2026-08-23T13:08:56.247878+09:00
Testimony File,,,failed,False,2026-08-21T00:47:07.675748+09:00
Testimony Finder,,,failed,False,2026-08-21T00:45:06.062419+09:00
Testimony Fine,,,failed,False,2026-08-23T02:55:08.559599+09:00
Testimony Flow,,,failed,False,2026-08-21T00:49:09.924663+09:00
Testimony Forge,,,failed,False,2026-08-21T00:49:44.632195+09:00
Testimony Form,170.0,0.0,success,False,2026-08-21T00:46:29.176332+09:00
Testimony Format,170.0,0.0,success,False,2026-08-23T13:09:00.936814+09:00
Testimony Frame,,,failed,False,2026-08-21T00:50:29.679005+09:00
Testimony Fund,,,failed,False,2026-08-21T02:21:55.234205+09:00
Testimony Gate,,,failed,False,2026-08-21T00:43:46.604021+09:00
Testimony Grid,,,failed,False,2026-08-21T00:50:09.781883+09:00
Testimony Guardian,20.0,0.0,success,False,2026-08-28T00:21:17.081309+09:00
Testimony Helper,,,failed,False,2026-08-28T00:21:19.709791+09:00
Testimony History,,,failed,False,2026-08-21T00:47:05.432306+09:00
Testimony Hub,140.0,1.0,success,False,2026-08-21T00:49:15.446712+09:00
Testimony Identifier,,,failed,False,2026-08-23T13:08:46.542285+09:00
Testimony Inbox,,,failed,False,2026-08-21T00:45:50.178398+09:00
Testimony Index,,,failed,False,2026-08-21T00:47:44.020698+09:00
Testimony Item,,,failed,False,2026-08-21T01:57:45.438381+09:00
Testimony Journal,30.0,100.0,success,False,2026-08-21T00:44:45.180563+09:00
Testimony Keeper,,,failed,False,2026-08-21T00:43:59.576313+09:00
Testimony Lab,,,failed,False,2026-08-21T00:50:58.385493+09:00
Testimony Label,,,failed,False,2026-08-27T22:11:05.293773+09:00
Testimony Ledger,,,failed,False,2026-08-21T00:50:41.630976+09:00
Testimony Level,,,failed,False,2026-08-21T00:47:10.612469+09:00
Testimony Line,,,failed,False,2026-08-21T00:46:10.718962+09:00
Testimony Link,,,failed,False,2026-08-23T03:20:35.213515+09:00
Testimony List,20.0,0.0,success,False,2026-08-21T00:48:09.704229+09:00
Testimony Loan,,,failed,False,2026-08-21T02:14:45.406179+09:00
Testimony Lobby,,,failed,False,2026-08-21T00:46:03.316699+09:00
Testimony Locator,,,failed,False,2026-08-21T00:45:01.205149+09:00
Testimony Locker,,,failed,False,2026-08-21T00:45:16.204972+09:00
Testimony Log,,,failed,False,2026-08-21T00:46:23.702871+09:00
Testimony Loop,10.0,0.0,success,False,2026-08-21T00:50:07.130228+09:00
Testimony Manager,,,failed,False,2026-08-21T00:44:03.384423+09:00
Testimony Manual,,,failed,False,2026-08-27T22:11:07.504968+09:00
Testimony Map,,,failed,False,2026-08-21T00:50:24.003386+09:00
Testimony Margin,,,failed,False,2026-08-23T02:55:04.865137+09:00
Testimony Memo,,,failed,False,2026-08-21T00:48:54.666046+09:00
Testimony Message,50.0,0.0,success,False,2026-08-27T23:15:36.970228+09:00
Testimony Monitor,,,failed,False,2026-08-21T00:44:23.943990+09:00
Testimony Nexus,,,failed,False,2026-08-21T00:43:49.917491+09:00
Testimony Note,,,failed,False,2026-08-21T00:46:44.759034+09:00
Testimony Notification,,,failed,False,2026-08-27T22:49:42.275363+09:00
Testimony Number,,,failed,False,2026-08-23T03:20:27.097448+09:00
Testimony Office,,,failed,False,2026-08-21T00:45:08.644829+09:00
Testimony Ops,,,failed,False,2026-08-21T00:44:36.517071+09:00
Testimony Order,,,failed,False,2026-08-21T00:47:54.639607+09:00
Testimony Outline,90.0,2.0,success,False,2026-08-27T22:29:00.404173+09:00
Testimony Overage,,,failed,False,2026-08-27T21:47:32.265892+09:00
Testimony Overdue,,,failed,False,2026-08-27T21:47:29.918815+09:00
Testimony Panel,,,failed,False,2026-08-21T00:51:27.534494+09:00
Testimony Pass,,,failed,False,2026-08-21T00:48:30.052376+09:00
Testimony Passport,,,failed,False,2026-08-21T00:45:59.951643+09:00
Testimony Path,,,failed,False,2026-08-21T00:50:17.936305+09:00
Testimony Payoff,,,failed,False,2026-08-27T21:47:32.265892+09:00
Testimony Penalty,,,failed,False,2026-08-23T16:38:19.079152+09:00
Testimony Petition,,,failed,False,2026-08-21T00:59:36.315785+09:00
Testimony Plan,,,failed,False,2026-08-21T01:57:52.664433+09:00
Testimony Planner,,,failed,False,2026-08-21T00:44:15.465135+09:00
Testimony Playbook,,,failed,False,2026-08-21T00:44:42.710868+09:00
Testimony Point,,,failed,False,2026-08-21T00:50:21.320378+09:00
Testimony Portal,,,failed,False,2026-08-21T00:51:18.988117+09:00
Testimony Preview,,,failed,False,2026-08-28T01:02:54.819638+09:00
Testimony Profile,,,failed,False,2026-08-21T00:46:52.072318+09:00
Testimony Profit,,,failed,False,2026-08-23T02:54:57.045583+09:00
Testimony Quota,,,failed,False,2026-08-21T00:48:57.806090+09:00
Testimony Radar,,,failed,False,2026-08-21T00:49:24.098446+09:00
Testimony Rail,,,failed,False,2026-08-21T00:51:40.152987+09:00
Testimony Rate,,,failed,False,2026-08-21T00:47:13.306684+09:00
Testimony Recap,,,failed,False,2026-08-21T00:59:48.261603+09:00
Testimony Receipt,,,failed,False,2026-08-21T00:48:00.969173+09:00
Testimony Recorder,10.0,0.0,success,False,2026-08-27T23:36:44.866320+09:00
Testimony Register,,,failed,False,2026-08-21T00:44:32.272154+09:00
Testimony Registry,,,failed,False,2026-08-21T00:44:48.876991+09:00
Testimony Relay,,,failed,False,2026-08-21T00:49:27.660795+09:00
Testimony Reminder,,,failed,False,2026-08-21T00:47:36.977895+09:00
Testimony Report,10.0,0.0,success,False,2026-08-21T00:46:21.529361+09:00
Testimony Repository,,,failed,False,2026-08-27T23:15:46.670229+09:00
Testimony Ring,,,failed,False,2026-08-21T00:43:39.738116+09:00
Testimony Roll,,,failed,False,2026-08-21T00:46:19.116405+09:00
Testimony Roster,,,failed,False,2026-08-21T00:45:47.976857+09:00
Testimony Route,,,failed,False,2026-08-21T00:51:35.796791+09:00
Testimony Rule,,,failed,False,2026-08-23T03:20:42.703424+09:00
Testimony Sale,,,failed,False,2026-08-21T02:22:07.753021+09:00
Testimony Sample,2400.0,0.0,success,True,2026-08-21T00:48:22.062191+09:00
Testimony Scale,,,failed,False,2026-08-21T00:51:31.068549+09:00
Testimony Scanner,,,failed,False,2026-08-27T23:59:32.969820+09:00
Testimony Scheduler,,,failed,False,2026-08-21T00:44:21.197874+09:00
Testimony Scope,,,failed,False,2026-08-21T00:50:02.185546+09:00
Testimony Score,,,failed,False,2026-08-21T00:46:39.668460+09:00
Testimony Sheet,,,failed,False,2026-08-21T00:46:35.033553+09:00
Testimony Shortfall,,,failed,False,2026-08-27T21:47:37.465636+09:00
Testimony Signal,,,failed,False,2026-08-21T00:49:54.532841+09:00
Testimony Signature,,,failed,False,2026-08-23T13:28:15.741943+09:00
Testimony Slip,,,failed,False,2026-08-21T00:48:18.650216+09:00
Testimony Slot,,,failed,False,2026-08-21T00:48:26.954363+09:00
Testimony Stage,,,failed,False,2026-08-28T00:45:55.588446+09:00
Testimony Stake,,,failed,False,2026-08-23T02:55:02.071314+09:00
Testimony Statement,110.0,0.0,success,False,2026-08-21T00:48:48.333943+09:00
Testimony Station,,,failed,False,2026-08-21T00:51:04.799989+09:00
Testimony Status,,,failed,False,2026-08-21T00:46:54.280562+09:00
Testimony Stipend,,,failed,False,2026-08-23T13:45:27.370408+09:00
Testimony Stub,,,failed,False,2026-08-21T00:48:44.199856+09:00
Testimony Studio,,,failed,False,2026-08-21T00:50:54.055448+09:00
Testimony Sum,,,failed,False,2026-08-21T02:21:44.938268+09:00
Testimony Summary,,,failed,False,2026-08-21T00:47:32.281403+09:00
Testimony Tab,,,failed,False,2026-08-21T00:49:04.500727+09:00
Testimony Table,,,failed,False,2026-08-21T00:48:12.190063+09:00
Testimony Tag,,,failed,False,2026-08-21T00:46:47.041557+09:00
Testimony Tariff,,,failed,False,2026-08-21T02:39:30.658601+09:00
Testimony Tax,,,failed,False,2026-08-21T02:14:40.877635+09:00
Testimony Terminal,,,failed,False,2026-08-21T00:51:07.998109+09:00
Testimony Ticker,,,failed,False,2026-08-21T00:46:06.764298+09:00
Testimony Ticket,,,failed,False,2026-08-21T00:47:46.608049+09:00
Testimony Timeline,,,failed,False,2026-08-21T00:47:34.415597+09:00
Testimony Toll,,,failed,False,2026-08-21T02:39:20.009212+09:00
Testimony Toolbox,,,failed,False,2026-08-28T00:21:19.709791+09:00
Testimony Total,,,failed,False,2026-08-27T23:15:41.145408+09:00
Testimony Tracker,,,failed,False,2026-08-21T00:49:07.202034+09:00
Testimony Trail,,,failed,False,2026-08-21T00:51:44.900545+09:00
Testimony Trial,110.0,0.0,success,False,2026-08-27T21:16:21.669078+09:00
Testimony Unit,,,failed,False,2026-08-21T01:57:50.113408+09:00
Testimony Update,,,failed,False,2026-08-21T00:47:19.116810+09:00
Testimony Value,,,failed,False,2026-08-23T02:54:59.727215+09:00
Testimony Vault,,,failed,False,2026-08-21T00:49:29.914475+09:00
Testimony Version,,,failed,False,2026-08-23T03:20:32.320134+09:00
Testimony View,,,failed,False,2026-08-21T00:46:56.943275+09:00
Testimony Voucher,,,failed,False,2026-08-21T00:48:33.175763+09:00
Testimony Watch,,,failed,False,2026-08-21T00:49:59.942955+09:00
Testimony Wave,,,failed,False,2026-08-21T00:50:13.056816+09:00
Testimony Widget,,,failed,False,2026-08-27T23:15:41.145408+09:00
Testimony Window,,,failed,False,2026-08-21T00:46:15.039620+09:00
Testimony Worksheet,30.0,0.0,success,False,2026-08-27T22:11:11.911250+09:00
Testimony Workshop,,,failed,False,2026-08-28T00:21:14.040617+09:00
Testimony Zone,,,failed,False,2026-08-21T00:51:16.185060+09:00
Thermocouple Advisory,,,failed,False,2026-08-21T01:06:25.514755+09:00
Thermocouple Alert,,,failed,False,2026-08-19T21:16:06.341907+09:00
Thermocouple Allowance,,,failed,False,2026-08-21T02:44:46.644995+09:00
Thermocouple Analyzer,,,failed,False,2026-08-27T23:54:45.435156+09:00
Thermocouple Asset,,,failed,False,2026-08-23T13:47:18.876098+09:00
Thermocouple Assistant,,,failed,False,2026-08-19T21:10:42.484655+09:00
Thermocouple Atlas,,,failed,False,2026-08-19T21:09:55.427058+09:00
Thermocouple Badge,,,failed,False,2026-08-21T00:30:49.324092+09:00
Thermocouple Base,,,failed,False,2026-08-19T21:05:54.912887+09:00
Thermocouple Beacon,,,failed,False,2026-08-19T21:31:27.001536+09:00
Thermocouple Bill,,,failed,False,2026-08-19T22:05:51.290848+09:00
Thermocouple Bin,,,failed,False,2026-08-19T21:16:30.496623+09:00
Thermocouple Board,40.0,96.0,success,False,2026-08-19T21:06:30.155036+09:00
Thermocouple Book,10.0,0.0,success,False,2026-08-19T22:06:44.272499+09:00
Thermocouple Bridge,10.0,86.0,success,False,2026-08-19T21:03:32.051785+09:00
Thermocouple Brief,,,failed,False,2026-08-21T01:06:17.673460+09:00
Thermocouple Bulletin,,,failed,False,2026-08-21T01:06:13.819084+09:00
Thermocouple Calculator,390.0,2.0,success,False,2026-08-27T23:33:44.180907+09:00
Thermocouple Calendar,,,failed,False,2026-08-19T21:12:33.528106+09:00
Thermocouple Card,20.0,79.0,success,False,2026-08-19T21:18:14.475118+09:00
Thermocouple Cascade,,,failed,False,2026-08-19T21:31:45.728679+09:00
Thermocouple Cash,,,failed,False,2026-08-21T02:28:25.181498+09:00
Thermocouple Cashback,,,failed,False,2026-08-27T21:19:43.592379+09:00
Thermocouple Center,,,failed,False,2026-08-19T21:07:31.125995+09:00
Thermocouple Chain,,,failed,False,2026-08-19T21:09:04.357233+09:00
Thermocouple Charge,,,failed,False,2026-08-21T02:44:32.833058+09:00
Thermocouple Chart,590.0,3.0,success,False,2026-08-19T21:16:16.247165+09:00
Thermocouple Check,70.0,43.0,success,False,2026-08-19T21:18:36.412771+09:00
Thermocouple Circular,,,failed,False,2026-08-21T01:06:21.603341+09:00
Thermocouple Code,20.0,3.0,success,False,2026-08-19T22:06:09.459067+09:00
Thermocouple Companion,,,failed,False,2026-08-19T21:11:25.521014+09:00
Thermocouple Comparison,10.0,18.0,success,False,2026-08-28T01:06:05.018602+09:00
Thermocouple Compass,,,failed,False,2026-08-19T21:31:19.157381+09:00
Thermocouple Confirmation,,,failed,False,2026-08-21T01:06:42.544203+09:00
Thermocouple Console,,,failed,False,2026-08-19T21:08:00.939328+09:00
Thermocouple Converter,210.0,20.0,success,False,2026-08-27T23:33:49.410538+09:00
Thermocouple Core,,,failed,False,2026-08-19T21:06:06.633142+09:00
Thermocouple Cost,210.0,58.0,success,False,2026-08-21T02:11:18.638927+09:00
Thermocouple Count,,,failed,False,2026-08-27T22:45:43.680386+09:00
Thermocouple Counter,,,failed,False,2026-08-19T21:13:29.995507+09:00
Thermocouple Coupon,,,failed,False,2026-08-27T21:19:43.592379+09:00
Thermocouple Deal,,,failed,False,2026-08-21T01:54:36.208936+09:00
Thermocouple Debt,,,failed,False,2026-08-21T02:28:18.996082+09:00
Thermocouple Deck,,,failed,False,2026-08-19T21:06:39.226294+09:00
Thermocouple Desk,,,failed,False,2026-08-19T21:30:49.393699+09:00
Thermocouple Detail,,,failed,False,2026-08-23T03:16:13.014331+09:00
Thermocouple Detector,210.0,21.0,success,False,2026-08-27T23:54:45.435156+09:00
Thermocouple Diagram,4400.0,0.0,success,True,2026-08-27T22:15:49.874448+09:00
Thermocouple Directory,,,failed,False,2026-08-19T21:12:43.604286+09:00
Thermocouple Dossier,,,failed,False,2026-08-21T01:06:45.397337+09:00
Thermocouple Downpayment,,,failed,False,2026-08-27T21:50:49.400709+09:00
Thermocouple Draft,,,failed,False,2026-08-19T21:29:38.081788+09:00
Thermocouple Due,,,failed,False,2026-08-23T15:52:22.475978+09:00
Thermocouple Duty,,,failed,False,2026-08-21T02:44:37.347457+09:00
Thermocouple Engine,30.0,52.0,success,False,2026-08-19T21:10:31.479524+09:00
Thermocouple Entry,,,failed,False,2026-08-21T01:07:00.683520+09:00
Thermocouple Estimate,,,failed,False,2026-08-19T21:30:20.208348+09:00
Thermocouple Estimator,,,failed,False,2026-08-27T23:54:32.984482+09:00
Thermocouple Excerpt,,,failed,False,2026-08-21T01:06:53.303863+09:00
Thermocouple Fare,,,failed,False,2026-08-21T02:11:27.429616+09:00
Thermocouple Fee,,,failed,False,2026-08-21T01:54:16.257744+09:00
Thermocouple Feed,,,failed,False,2026-08-19T21:29:30.457441+09:00
Thermocouple File,,,failed,False,2026-08-19T21:29:00.879622+09:00
Thermocouple Flag,,,failed,False,2026-08-21T00:31:34.132172+09:00
Thermocouple Flow,,,failed,False,2026-08-19T21:30:35.144264+09:00
Thermocouple Form,,,failed,False,2026-08-19T21:18:03.656517+09:00
Thermocouple Format,,,failed,False,2026-08-23T13:06:20.755041+09:00
Thermocouple Frame,,,failed,False,2026-08-19T21:05:41.663242+09:00
Thermocouple Fund,,,failed,False,2026-08-21T02:28:22.675348+09:00
Thermocouple Gate,,,failed,False,2026-08-19T21:09:32.906956+09:00
Thermocouple Giveaway,,,failed,False,2026-08-27T21:19:50.770385+09:00
Thermocouple Grade,,,failed,False,2026-08-21T00:31:12.375379+09:00
Thermocouple Grid,50.0,11.0,success,False,2026-08-19T21:04:40.695118+09:00
Thermocouple Guarantee,,,failed,False,2026-08-28T01:06:10.302074+09:00
Thermocouple Guardian,,,failed,False,2026-08-28T00:24:39.235749+09:00
Thermocouple Harbor,,,failed,False,2026-08-19T21:15:11.193054+09:00
Thermocouple Helpdesk,,,failed,False,2026-08-27T22:45:51.425899+09:00
Thermocouple Helper,,,failed,False,2026-08-28T00:24:44.523713+09:00
Thermocouple History,20.0,0.0,success,False,2026-08-19T21:20:03.565098+09:00
Thermocouple Hub,10.0,69.0,success,False,2026-08-19T21:30:40.784781+09:00
Thermocouple Inbox,,,failed,False,2026-08-19T21:15:56.084621+09:00
Thermocouple Incentive,,,failed,False,2026-08-27T21:19:46.309866+09:00
Thermocouple Index,,,failed,False,2026-08-19T21:30:05.370784+09:00
Thermocouple Item,,,failed,False,2026-08-21T01:54:20.819048+09:00
Thermocouple Journal,10.0,,success,False,2026-08-19T21:12:12.315865+09:00
Thermocouple Keeper,,,failed,False,2026-08-19T21:10:11.430001+09:00
Thermocouple Kit,140.0,99.0,success,False,2026-08-27T22:45:40.412271+09:00
Thermocouple Label,,,failed,False,2026-08-27T22:15:33.141509+09:00
Thermocouple Ledger,,,failed,False,2026-08-19T21:06:16.769807+09:00
Thermocouple Level,,,failed,False,2026-08-19T21:29:07.329786+09:00
Thermocouple Line,10.0,3.0,success,False,2026-08-19T21:17:18.865865+09:00
Thermocouple Link,,,failed,False,2026-08-23T03:16:04.926690+09:00
Thermocouple List,,,failed,False,2026-08-19T22:06:22.029176+09:00
Thermocouple Loan,,,failed,False,2026-08-21T02:11:30.479876+09:00
Thermocouple Locator,,,failed,False,2026-08-19T21:12:55.345811+09:00
Thermocouple Log,,,failed,False,2026-08-19T21:17:55.830991+09:00
Thermocouple Loop,,,failed,False,2026-08-19T21:04:27.192873+09:00
Thermocouple Manager,,,failed,False,2026-08-19T21:10:20.581807+09:00
Thermocouple Manual,20.0,0.0,success,False,2026-08-27T22:15:33.141509+09:00
Thermocouple Map,,,failed,False,2026-08-19T21:05:30.373866+09:00
Thermocouple Margin,,,failed,False,2026-08-23T02:52:26.045301+09:00
Thermocouple Markup,,,failed,False,2026-08-23T16:40:02.738352+09:00
Thermocouple Memo,,,failed,False,2026-08-21T00:31:17.519824+09:00
Thermocouple Monitor,40.0,91.0,success,False,2026-08-19T21:11:14.866023+09:00
Thermocouple Nexus,,,failed,False,2026-08-19T21:09:44.414904+09:00
Thermocouple Note,,,failed,False,2026-08-19T21:19:03.809657+09:00
Thermocouple Notification,,,failed,False,2026-08-27T22:45:37.997038+09:00
Thermocouple Number,10.0,100.0,success,False,2026-08-23T03:15:51.596433+09:00
Thermocouple Ops,,,failed,False,2026-08-19T21:11:48.091080+09:00
Thermocouple Order,,,failed,False,2026-08-19T22:05:40.444282+09:00
Thermocouple Overage,,,failed,False,2026-08-27T21:50:46.767806+09:00
Thermocouple Overdue,,,failed,False,2026-08-27T21:50:42.355855+09:00
Thermocouple Panel,50.0,73.0,success,False,2026-08-19T21:08:11.674763+09:00
Thermocouple Pass,,,failed,False,2026-08-21T00:30:34.487987+09:00
Thermocouple Passport,,,failed,False,2026-08-19T21:16:41.047984+09:00
Thermocouple Path,,,failed,False,2026-08-19T21:05:05.946905+09:00
Thermocouple Payoff,,,failed,False,2026-08-27T21:50:44.551751+09:00
Thermocouple Petition,,,failed,False,2026-08-21T01:06:31.516088+09:00
Thermocouple Plan,,,failed,False,2026-08-21T01:54:32.681048+09:00
Thermocouple Planner,,,failed,False,2026-08-19T21:10:55.875332+09:00
Thermocouple Playbook,,,failed,False,2026-08-19T21:11:59.918866+09:00
Thermocouple Plaza,,,failed,False,2026-08-19T21:15:00.223476+09:00
Thermocouple Point,,,failed,False,2026-08-19T21:05:15.949286+09:00
Thermocouple Portal,,,failed,False,2026-08-19T21:07:51.410434+09:00
Thermocouple Preview,,,failed,False,2026-08-28T01:06:07.510525+09:00
Thermocouple Profile,,,failed,False,2026-08-19T21:19:25.343582+09:00
Thermocouple Profit,,,failed,False,2026-08-23T02:58:53.611200+09:00
Thermocouple Proposal,,,failed,False,2026-08-28T01:06:10.302074+09:00
Thermocouple Quota,,,failed,False,2026-08-21T00:31:22.902026+09:00
Thermocouple Radar,,,failed,False,2026-08-19T21:30:59.491804+09:00
Thermocouple Rail,,,failed,False,2026-08-19T21:08:42.108199+09:00
Thermocouple Rate,20.0,8.0,success,False,2026-08-19T21:29:16.026683+09:00
Thermocouple Recap,,,failed,False,2026-08-21T01:06:48.856434+09:00
Thermocouple Receipt,,,failed,False,2026-08-19T22:06:01.682265+09:00
Thermocouple Recorder,30.0,100.0,success,False,2026-08-27T23:33:49.410538+09:00
Thermocouple Register,,,failed,False,2026-08-19T21:11:37.631930+09:00
Thermocouple Registry,,,failed,False,2026-08-19T21:12:24.209579+09:00
Thermocouple Relay,50.0,74.0,success,False,2026-08-19T21:31:05.316836+09:00
Thermocouple Reminder,,,failed,False,2026-08-19T21:29:57.691182+09:00
Thermocouple Report,10.0,14.0,success,False,2026-08-19T21:17:47.761016+09:00
Thermocouple Result,,,failed,False,2026-08-28T00:47:36.206546+09:00
Thermocouple Ring,70.0,81.0,success,False,2026-08-19T21:09:18.934477+09:00
Thermocouple Roster,,,failed,False,2026-08-19T21:15:44.600624+09:00
Thermocouple Route,,,failed,False,2026-08-19T21:08:31.191170+09:00
Thermocouple Rule,,,failed,False,2026-08-23T03:16:07.985751+09:00
Thermocouple Sale,30.0,50.0,success,False,2026-08-21T02:28:28.588606+09:00
Thermocouple Sample,,,failed,False,2026-08-19T22:07:01.913828+09:00
Thermocouple Scale,10.0,0.0,success,False,2026-08-19T21:08:21.181421+09:00
Thermocouple Scanner,10.0,88.0,success,False,2026-08-27T23:54:40.654466+09:00
Thermocouple Scheduler,,,failed,False,2026-08-19T21:11:07.162763+09:00
Thermocouple Schematic,110.0,0.0,success,False,2026-08-27T22:28:37.219396+09:00
Thermocouple Scope,,,failed,False,2026-08-19T21:04:13.651960+09:00
Thermocouple Score,,,failed,False,2026-08-19T21:18:48.274039+09:00
Thermocouple Serial,,,failed,False,2026-08-23T13:27:34.278860+09:00
Thermocouple Sheet,40.0,8.0,success,False,2026-08-19T21:18:26.718972+09:00
Thermocouple Shelf,,,failed,False,2026-08-19T21:15:33.096576+09:00
Thermocouple Shortfall,,,failed,False,2026-08-27T21:50:51.730845+09:00
Thermocouple Signal,40.0,25.0,success,False,2026-08-19T21:03:49.756847+09:00
Thermocouple Slip,,,failed,False,2026-08-19T22:06:53.339068+09:00
Thermocouple Slot,,,failed,False,2026-08-19T22:07:18.055706+09:00
Thermocouple Statement,,,failed,False,2026-08-21T00:31:01.051294+09:00
Thermocouple Station,,,failed,False,2026-08-19T21:07:08.840903+09:00
Thermocouple Status,,,failed,False,2026-08-19T21:19:39.587475+09:00
Thermocouple Stub,,,failed,False,2026-08-21T00:30:53.488074+09:00
Thermocouple Sum,,,failed,False,2026-08-21T02:28:12.321639+09:00
Thermocouple Summary,,,failed,False,2026-08-19T21:29:44.160374+09:00
Thermocouple Table,390.0,4.0,success,False,2026-08-19T22:06:32.723316+09:00
Thermocouple Tag,,,failed,False,2026-08-19T21:19:14.051362+09:00
Thermocouple Tally,,,failed,False,2026-08-21T00:31:05.602481+09:00
Thermocouple Tariff,,,failed,False,2026-08-21T02:44:49.670355+09:00
Thermocouple Tax,,,failed,False,2026-08-21T02:11:27.429616+09:00
Thermocouple Terminal,140.0,85.0,success,False,2026-08-19T21:07:21.562422+09:00
Thermocouple Ticker,,,failed,False,2026-08-19T21:17:08.649893+09:00
Thermocouple Ticket,,,failed,False,2026-08-19T21:30:14.177717+09:00
Thermocouple Timeline,,,failed,False,2026-08-19T21:29:51.150185+09:00
Thermocouple Toll,,,failed,False,2026-08-21T02:44:44.036553+09:00
Thermocouple Toolbox,,,failed,False,2026-08-28T00:24:41.812871+09:00
Thermocouple Total,,,failed,False,2026-08-27T23:11:31.507435+09:00
Thermocouple Tower,,,failed,False,2026-08-19T21:15:22.705045+09:00
Thermocouple Tracker,,,failed,False,2026-08-19T21:30:26.736781+09:00
Thermocouple Trail,,,failed,False,2026-08-19T21:08:54.298412+09:00
Thermocouple Trend,,,failed,False,2026-08-28T01:06:00.663079+09:00
Thermocouple Trial,,,failed,False,2026-08-27T21:19:46.309866+09:00
Thermocouple Unit,70.0,37.0,success,False,2026-08-21T01:54:25.472983+09:00
Thermocouple Update,,,failed,False,2026-08-19T21:29:24.641827+09:00
Thermocouple Value,,,failed,False,2026-08-23T02:58:55.572787+09:00
Thermocouple Vault,,,failed,False,2026-08-19T21:31:12.885816+09:00
Thermocouple Version,,,failed,False,2026-08-23T03:15:55.657138+09:00
Thermocouple View,,,failed,False,2026-08-19T21:19:50.890463+09:00
Thermocouple Voucher,,,failed,False,2026-08-21T00:30:41.620130+09:00
Thermocouple Watch,10.0,38.0,success,False,2026-08-19T21:04:01.717737+09:00
Thermocouple Wave,,,failed,False,2026-08-19T21:04:53.638566+09:00
Thermocouple Widget,,,failed,False,2026-08-27T23:11:31.507435+09:00
Thermocouple Window,,,failed,False,2026-08-19T21:17:29.124164+09:00
Thermocouple Workshop,,,failed,False,2026-08-28T00:24:39.235749+09:00
Thermocouple Zone,,,failed,False,2026-08-19T21:07:40.402937+09:00
Thermostat Advance,,,failed,False,2026-08-23T16:14:21.823505+09:00
Thermostat Advisory,,,failed,False,2026-08-21T01:01:47.037702+09:00
Thermostat Allowance,,,failed,False,2026-08-21T02:41:49.318667+09:00
Thermostat Almanac,,,failed,False,2026-08-18T22:08:40.228889+09:00
Thermostat Analyzer,,,failed,False,2026-08-27T23:52:05.723363+09:00
Thermostat Anchor,,,failed,False,2026-08-18T22:11:13.751205+09:00
Thermostat Arrears,,,failed,False,2026-08-23T16:14:18.981651+09:00
Thermostat Asset,,,failed,False,2026-08-23T13:46:16.255562+09:00
Thermostat Assistant,10.0,,success,False,2026-08-18T22:05:45.987777+09:00
Thermostat Atlas,,,failed,False,2026-08-18T22:04:49.273954+09:00
Thermostat Attribute,,,failed,False,2026-08-23T13:08:53.842629+09:00
Thermostat Base,70.0,89.0,success,False,2026-08-18T23:52:16.958932+09:00
Thermostat Beacon,,,failed,False,2026-08-18T22:10:41.322709+09:00
Thermostat Bill,10.0,0.0,success,False,2026-08-19T21:59:04.972402+09:00
Thermostat Blueprint,,,failed,False,2026-08-18T22:08:34.595424+09:00
Thermostat Board,90.0,86.0,success,False,2026-08-18T23:52:16.958932+09:00
Thermostat Book,10.0,0.0,success,False,2026-08-19T21:59:55.438905+09:00
Thermostat Bridge,10.0,40.0,success,False,2026-08-18T22:11:05.779319+09:00
Thermostat Brief,,,failed,False,2026-08-21T01:01:39.197827+09:00
Thermostat Bulletin,,,failed,False,2026-08-21T01:01:35.076961+09:00
Thermostat Calculator,10.0,6.0,success,False,2026-08-27T23:31:46.551451+09:00
Thermostat Calendar,,,failed,False,2026-08-18T23:59:30.074918+09:00
Thermostat Card,70.0,0.0,success,False,2026-08-19T13:31:44.608385+09:00
Thermostat Cascade,,,failed,False,2026-08-18T22:10:58.146959+09:00
Thermostat Cash,,,failed,False,2026-08-21T02:24:48.796566+09:00
Thermostat Cashback,,,failed,False,2026-08-27T21:17:34.468079+09:00
Thermostat Catalog,40.0,12.0,success,False,2026-08-19T21:17:08.649893+09:00
Thermostat Category,,,failed,False,2026-08-23T13:08:51.704947+09:00
Thermostat Center,40.0,71.0,success,False,2026-08-18T23:52:16.958932+09:00
Thermostat Chain,,,failed,False,2026-08-18T22:03:58.790181+09:00
Thermostat Charge,,,failed,False,2026-08-21T02:41:35.267281+09:00
Thermostat Check,260.0,14.0,success,False,2026-08-19T13:32:02.705004+09:00
Thermostat Checker,260.0,14.0,success,False,2026-08-27T23:51:57.345982+09:00
Thermostat Checklist,10.0,,success,False,2026-08-19T21:16:06.341907+09:00
Thermostat Cockpit,,,failed,False,2026-08-18T22:06:47.457116+09:00
Thermostat Code,320.0,0.0,success,False,2026-08-19T21:59:23.737982+09:00
Thermostat Codex,,,failed,False,2026-08-18T22:08:59.053528+09:00
Thermostat Companion,,,failed,False,2026-08-18T22:07:14.456265+09:00
Thermostat Comparison,50.0,97.0,success,False,2026-08-28T01:04:09.060597+09:00
Thermostat Compass,,,failed,False,2026-08-18T22:10:34.249457+09:00
Thermostat Compendium,,,failed,False,2026-08-18T22:08:50.050771+09:00
Thermostat Confirmation,,,failed,False,2026-08-21T01:02:00.042656+09:00
Thermostat Console,,,failed,False,2026-08-18T23:52:16.958932+09:00
Thermostat Converter,90.0,78.0,success,False,2026-08-27T23:31:50.398588+09:00
Thermostat Core,,,failed,False,2026-08-18T23:52:16.958932+09:00
Thermostat Cost,720.0,62.0,success,False,2026-08-21T02:07:37.270032+09:00
Thermostat Count,,,failed,False,2026-08-27T22:50:07.511114+09:00
Thermostat Counter,110.0,4.0,success,False,2026-08-19T00:00:25.348270+09:00
Thermostat Coupon,10.0,31.0,success,False,2026-08-27T21:17:31.626510+09:00
Thermostat Dashboard,30.0,3.0,success,False,2026-08-18T22:06:56.515623+09:00
Thermostat Deal,140.0,100.0,success,False,2026-08-21T01:57:34.337774+09:00
Thermostat Debt,,,failed,False,2026-08-21T02:24:36.091430+09:00
Thermostat Deck,,,failed,False,2026-08-18T23:52:16.958932+09:00
Thermostat Depot,,,failed,False,2026-08-19T00:00:08.120656+09:00
Thermostat Desk,,,failed,False,2026-08-18T22:10:02.231985+09:00
Thermostat Detail,,,failed,False,2026-08-23T03:22:26.114633+09:00
Thermostat Diagram,1000.0,0.0,success,True,2026-08-27T22:13:13.048056+09:00
Thermostat Dial,1600.0,100.0,success,False,2026-08-18T22:02:33.707465+09:00
Thermostat Digest,,,failed,False,2026-08-19T20:45:21.816276+09:00
Thermostat Directory,,,failed,False,2026-08-18T23:59:36.900086+09:00
Thermostat Discount,30.0,100.0,success,False,2026-08-23T16:14:15.763731+09:00
Thermostat Dock,,,failed,False,2026-08-18T22:03:14.728477+09:00
Thermostat Dossier,,,failed,False,2026-08-21T01:02:06.881859+09:00
Thermostat Downpayment,,,failed,False,2026-08-27T21:48:52.496958+09:00
Thermostat Draft,,,failed,False,2026-08-19T20:45:35.048925+09:00
Thermostat Due,,,failed,False,2026-08-23T15:51:26.748439+09:00
Thermostat Duty,,,failed,False,2026-08-21T02:41:38.667611+09:00
Thermostat Engine,2400.0,47.0,success,False,2026-08-18T22:05:38.221943+09:00
Thermostat Entry,,,failed,False,2026-08-21T01:02:15.382494+09:00
Thermostat Estimate,,,failed,False,2026-08-19T21:16:53.658254+09:00
Thermostat Estimator,,,failed,False,2026-08-27T23:51:54.683905+09:00
Thermostat Excerpt,,,failed,False,2026-08-21T01:03:02.120644+09:00
Thermostat Fare,,,failed,False,2026-08-21T02:07:46.443072+09:00
Thermostat Fee,,,failed,False,2026-08-21T01:57:17.630744+09:00
Thermostat Feed,,,failed,False,2026-08-19T20:45:29.456295+09:00
Thermostat Field,,,failed,False,2026-08-23T13:08:56.247878+09:00
Thermostat File,,,failed,False,2026-08-19T20:44:50.684915+09:00
Thermostat Finder,390.0,98.0,success,False,2026-08-18T23:59:57.747609+09:00
Thermostat Fine,,,failed,False,2026-08-23T02:57:01.992920+09:00
Thermostat Flag,,,failed,False,2026-08-21T00:26:36.041366+09:00
Thermostat Flow,20.0,35.0,success,False,2026-08-18T22:09:37.820706+09:00
Thermostat Forge,,,failed,False,2026-08-18T22:10:51.704890+09:00
Thermostat Form,,,failed,False,2026-08-19T13:31:38.491721+09:00
Thermostat Format,10.0,100.0,success,False,2026-08-23T13:09:00.936814+09:00
Thermostat Frame,210.0,96.0,success,False,2026-08-18T23:52:16.958932+09:00
Thermostat Fund,10.0,14.0,success,False,2026-08-21T02:24:39.206528+09:00
Thermostat Gate,,,failed,False,2026-08-18T22:04:29.881802+09:00
Thermostat Giveaway,,,failed,False,2026-08-27T21:17:40.328757+09:00
Thermostat Grade,,,failed,False,2026-08-21T00:26:21.311990+09:00
Thermostat Graph,30.0,0.0,success,False,2026-08-27T22:13:01.149795+09:00
Thermostat Grid,,,failed,False,2026-08-18T22:11:59.574853+09:00
Thermostat Guarantee,,,failed,False,2026-08-28T01:04:14.556573+09:00
Thermostat Guard,720.0,100.0,success,False,2026-08-18T22:09:15.023895+09:00
Thermostat Guardian,,,failed,False,2026-08-28T00:22:36.820060+09:00
Thermostat Guidebook,,,failed,False,2026-08-18T22:08:17.707470+09:00
Thermostat Helpdesk,,,failed,False,2026-08-27T22:50:09.773795+09:00
Thermostat Helper,30.0,67.0,success,False,2026-08-28T00:22:42.376773+09:00
Thermostat History,30.0,2.0,success,False,2026-08-19T20:44:39.695908+09:00
Thermostat Hotline,,,failed,False,2026-08-19T21:17:18.865865+09:00
Thermostat Hub,90.0,100.0,success,False,2026-08-18T22:09:47.268840+09:00
Thermostat Identifier,,,failed,False,2026-08-23T13:08:46.542285+09:00
Thermostat Incentive,,,failed,False,2026-08-27T21:17:37.644775+09:00
Thermostat Index,,,failed,False,2026-08-19T21:16:19.911294+09:00
Thermostat Insight,,,failed,False,2026-08-18T22:06:29.857370+09:00
Thermostat Installment,,,failed,False,2026-08-23T16:14:15.763731+09:00
Thermostat Item,,,failed,False,2026-08-21T01:57:21.062358+09:00
Thermostat Journal,,,failed,False,2026-08-18T22:08:02.449968+09:00
Thermostat Keeper,,,failed,False,2026-08-18T22:05:11.798475+09:00
Thermostat Kit,390.0,51.0,success,False,2026-08-27T22:50:03.051342+09:00
Thermostat Lab,110.0,32.0,success,False,2026-08-18T23:52:20.082334+09:00
Thermostat Label,40.0,10.0,success,False,2026-08-27T22:13:04.123105+09:00
Thermostat Ledger,,,failed,False,2026-08-18T23:52:20.082334+09:00
Thermostat Lens,,,failed,False,2026-08-18T23:52:20.082334+09:00
Thermostat Level,30.0,2.0,success,False,2026-08-19T20:44:56.793146+09:00
Thermostat Link,10.0,25.0,success,False,2026-08-23T03:22:18.461537+09:00
Thermostat List,,,failed,False,2026-08-19T21:59:35.883958+09:00
Thermostat Loan,,,failed,False,2026-08-21T02:07:53.857202+09:00
Thermostat Locator,,,failed,False,2026-08-18T23:59:47.446594+09:00
Thermostat Lock,2400.0,100.0,success,False,2026-08-18T23:52:20.082334+09:00
Thermostat Log,,,failed,False,2026-08-19T13:31:09.832283+09:00
Thermostat Loop,,,failed,False,2026-08-18T22:11:47.554399+09:00
Thermostat Manager,,,failed,False,2026-08-18T22:05:19.741515+09:00
Thermostat Manual,5400.0,99.0,success,False,2026-08-27T22:13:09.872881+09:00
Thermostat Map,110.0,12.0,success,False,2026-08-18T23:52:20.082334+09:00
Thermostat Margin,,,failed,False,2026-08-23T02:56:59.964563+09:00
Thermostat Markup,,,failed,False,2026-08-23T16:39:03.767500+09:00
Thermostat Memo,,,failed,False,2026-08-21T00:26:25.580219+09:00
Thermostat Message,,,failed,False,2026-08-27T23:15:30.690091+09:00
Thermostat Meter,140.0,94.0,success,False,2026-08-18T22:02:44.404885+09:00
Thermostat Metrics,,,failed,False,2026-08-18T22:06:39.446315+09:00
Thermostat Monitor,70.0,96.0,success,False,2026-08-18T22:06:20.125556+09:00
Thermostat Navigator,,,failed,False,2026-08-18T22:07:05.348378+09:00
Thermostat Nexus,,,failed,False,2026-08-18T22:04:40.579410+09:00
Thermostat Node,,,failed,False,2026-08-18T22:04:21.198301+09:00
Thermostat Note,1300.0,0.0,success,True,2026-08-19T13:32:18.631834+09:00
Thermostat Notification,,,failed,False,2026-08-27T22:50:03.051342+09:00
Thermostat Number,50.0,11.0,success,False,2026-08-23T03:22:11.470893+09:00
Thermostat Office,210.0,76.0,success,False,2026-08-19T00:00:18.530849+09:00
Thermostat Ops,,,failed,False,2026-08-18T22:07:30.618042+09:00
Thermostat Order,,,failed,False,2026-08-19T21:58:54.005326+09:00
Thermostat Organizer,,,failed,False,2026-08-18T22:06:12.435541+09:00
Thermostat Overage,,,failed,False,2026-08-27T21:48:49.180539+09:00
Thermostat Overdue,,,failed,False,2026-08-27T21:48:42.861590+09:00
Thermostat Panel,260.0,100.0,success,False,2026-08-18T21:06:03.853095+09:00
Thermostat Pass,,,failed,False,2026-08-21T00:25:47.755507+09:00
Thermostat Path,,,failed,False,2026-08-18T22:12:21.706710+09:00
Thermostat Payoff,,,failed,False,2026-08-27T21:48:46.666341+09:00
Thermostat Petition,,,failed,False,2026-08-21T01:01:54.342698+09:00
Thermostat Pilot,20.0,32.0,success,False,2026-08-18T22:09:56.131275+09:00
Thermostat Plan,,,failed,False,2026-08-21T01:57:30.255883+09:00
Thermostat Planner,,,failed,False,2026-08-18T22:05:53.928204+09:00
Thermostat Playbook,,,failed,False,2026-08-18T22:07:53.653114+09:00
Thermostat Point,20.0,4.0,success,False,2026-08-18T23:52:20.082334+09:00
Thermostat Portal,,,failed,False,2026-08-18T23:52:20.082334+09:00
Thermostat Preview,,,failed,False,2026-08-28T01:04:11.555424+09:00
Thermostat Profile,,,failed,False,2026-08-19T13:32:37.235735+09:00
Thermostat Profit,,,failed,False,2026-08-23T02:56:43.732981+09:00
Thermostat Proposal,,,failed,False,2026-08-28T01:04:11.555424+09:00
Thermostat Pulse,210.0,100.0,success,False,2026-08-18T22:12:06.505434+09:00
Thermostat Queue,,,failed,False,2026-08-19T21:16:41.047984+09:00
Thermostat Radar,,,failed,False,2026-08-18T22:10:10.353821+09:00
Thermostat Rail,,,failed,False,2026-08-18T22:03:28.331445+09:00
Thermostat Rate,30.0,4.0,success,False,2026-08-19T20:45:06.240403+09:00
Thermostat Recap,,,failed,False,2026-08-21T01:02:09.128989+09:00
Thermostat Receipt,,,failed,False,2026-08-19T21:59:12.539055+09:00
Thermostat Recorder,,,failed,False,2026-08-27T23:31:53.599891+09:00
Thermostat Register,20.0,27.0,success,False,2026-08-18T22:07:21.490302+09:00
Thermostat Registry,,,failed,False,2026-08-18T22:08:25.868252+09:00
Thermostat Relay,720.0,87.0,success,False,2026-08-18T22:10:16.418477+09:00
Thermostat Reminder,,,failed,False,2026-08-19T21:15:56.084621+09:00
Thermostat Rendering,,,failed,False,2026-08-27T22:29:20.594574+09:00
Thermostat Report,,,failed,False,2026-08-19T13:31:03.415990+09:00
Thermostat Ring,3600.0,100.0,success,False,2026-08-18T22:04:07.158721+09:00
Thermostat Roadmap,,,failed,False,2026-08-18T22:09:07.653451+09:00
Thermostat Roster,,,failed,False,2026-08-19T00:37:37.516387+09:00
Thermostat Route,,,failed,False,2026-08-18T22:03:03.090691+09:00
Thermostat Rule,,,failed,False,2026-08-23T03:22:22.094995+09:00
Thermostat Sale,880.0,100.0,success,False,2026-08-21T02:24:52.539486+09:00
Thermostat Sample,,,failed,False,2026-08-19T22:00:16.178777+09:00
Thermostat Scale,10.0,0.0,success,False,2026-08-18T22:02:54.576094+09:00
Thermostat Scheduler,,,failed,False,2026-08-18T22:06:03.591349+09:00
Thermostat Schematic,260.0,0.0,success,False,2026-08-27T22:29:16.006701+09:00
Thermostat Scope,,,failed,False,2026-08-18T22:11:41.345427+09:00
Thermostat Score,,,failed,False,2026-08-19T13:32:07.571238+09:00
Thermostat Sentry,,,failed,False,2026-08-18T22:05:00.347281+09:00
Thermostat Sheet,30.0,7.0,success,False,2026-08-19T13:31:50.431005+09:00
Thermostat Shortfall,,,failed,False,2026-08-27T21:48:54.950777+09:00
Thermostat Signal,40.0,9.0,success,False,2026-08-18T22:11:21.547380+09:00
Thermostat Slip,,,failed,False,2026-08-19T22:00:04.199605+09:00
Thermostat Slot,,,failed,False,2026-08-19T22:00:26.290780+09:00
Thermostat Snapshot,,,failed,False,2026-08-18T22:08:11.096453+09:00
Thermostat Stake,,,failed,False,2026-08-23T02:56:53.736848+09:00
Thermostat Statement,,,failed,False,2026-08-21T00:26:10.737162+09:00
Thermostat Station,,,failed,False,2026-08-18T23:52:20.082334+09:00
Thermostat Status,10.0,0.0,success,False,2026-08-19T20:44:23.661281+09:00
Thermostat Studio,,,failed,False,2026-08-18T23:52:20.082334+09:00
Thermostat Subsidy,,,failed,False,2026-08-23T15:51:28.689965+09:00
Thermostat Suite,,,failed,False,2026-08-18T22:05:27.658262+09:00
Thermostat Sum,,,failed,False,2026-08-21T02:24:30.364633+09:00
Thermostat Summary,,,failed,False,2026-08-19T21:15:37.050210+09:00
Thermostat Surtax,,,failed,False,2026-08-23T15:51:33.860172+09:00
Thermostat Sync,,,failed,False,2026-08-18T22:09:32.067298+09:00
Thermostat Table,,,failed,False,2026-08-19T21:59:46.400279+09:00
Thermostat Tag,,,failed,False,2026-08-19T13:32:25.938189+09:00
Thermostat Tally,,,failed,False,2026-08-21T00:26:15.934316+09:00
Thermostat Tariff,,,failed,False,2026-08-21T02:41:51.779430+09:00
Thermostat Tax,,,failed,False,2026-08-21T02:07:48.773154+09:00
Thermostat Terminal,260.0,2.0,success,False,2026-08-18T23:52:20.082334+09:00
Thermostat Ticket,,,failed,False,2026-08-19T21:16:30.496623+09:00
Thermostat Tier,,,failed,False,2026-08-28T00:46:44.536375+09:00
Thermostat Timeline,,,failed,False,2026-08-19T21:15:46.366866+09:00
Thermostat Timer,880.0,100.0,success,False,2026-08-28T00:22:31.262546+09:00
Thermostat Toll,,,failed,False,2026-08-21T02:41:45.973513+09:00
Thermostat Toolbox,,,failed,False,2026-08-28T00:22:39.734824+09:00
Thermostat Toolkit,,,failed,False,2026-08-18T22:07:47.344279+09:00
Thermostat Total,,,failed,False,2026-08-27T23:15:33.369822+09:00
Thermostat Tracker,20.0,66.0,success,False,2026-08-18T22:09:23.803071+09:00
Thermostat Trail,,,failed,False,2026-08-18T22:03:46.428497+09:00
Thermostat Trial,,,failed,False,2026-08-27T21:17:37.644775+09:00
Thermostat Unit,110.0,72.0,success,False,2026-08-21T01:57:25.896991+09:00
Thermostat Update,10.0,16.0,success,False,2026-08-19T20:45:14.737555+09:00
Thermostat Value,40.0,13.0,success,False,2026-08-23T02:56:45.800075+09:00
Thermostat Vault,,,failed,False,2026-08-18T22:10:25.741480+09:00
Thermostat Version,,,failed,False,2026-08-23T03:22:14.563475+09:00
Thermostat View,,,failed,False,2026-08-19T20:44:32.627645+09:00
Thermostat Voucher,,,failed,False,2026-08-21T00:25:54.977191+09:00
Thermostat Watch,10.0,38.0,success,False,2026-08-18T22:11:32.522772+09:00
Thermostat Wave,,,failed,False,2026-08-18T22:12:13.672404+09:00
Thermostat Widget,2400.0,0.0,success,True,2026-08-27T23:15:33.369822+09:00
Thermostat Workbench,,,failed,False,2026-08-18T22:07:38.070107+09:00
Thermostat Worksheet,,,failed,False,2026-08-27T22:13:13.048056+09:00
Thermostat Zone,260.0,100.0,success,False,2026-08-18T23:52:20.082334+09:00
Thesis Advance,,,failed,False,2026-08-23T16:12:15.158683+09:00
Thesis Alert,10.0,,success,False,2026-08-21T01:38:24.012895+09:00
Thesis Allowance,20.0,0.0,success,False,2026-08-21T02:40:14.671503+09:00
Thesis Analyzer,20.0,47.0,success,False,2026-08-27T23:57:50.336082+09:00
Thesis Atlas,,,failed,False,2026-08-21T01:35:54.957910+09:00
Thesis Attribute,,,failed,False,2026-08-23T13:08:53.842629+09:00
Thesis Badge,,,failed,False,2026-08-21T01:41:20.184116+09:00
Thesis Base,110.0,0.0,success,False,2026-08-21T01:43:45.085248+09:00
Thesis Beacon,,,failed,False,2026-08-21T01:42:43.370438+09:00
Thesis Bill,,,failed,False,2026-08-21T01:40:45.060160+09:00
Thesis Board,90.0,0.0,success,False,2026-08-21T01:43:59.593158+09:00
Thesis Bridge,,,failed,False,2026-08-21T01:42:53.677401+09:00
Thesis Brief,10.0,0.0,success,False,2026-08-21T01:41:46.462785+09:00
Thesis Bulletin,,,failed,False,2026-08-21T01:41:42.095051+09:00
Thesis Cabinet,,,failed,False,2026-08-27T23:14:27.057874+09:00
Thesis Calendar,30.0,3.0,success,False,2026-08-21T01:37:05.417257+09:00
Thesis Card,50.0,14.0,success,False,2026-08-21T01:39:12.504942+09:00
Thesis Cascade,,,failed,False,2026-08-21T01:42:51.256978+09:00
Thesis Cash,,,failed,False,2026-08-21T02:23:27.282211+09:00
Thesis Category,,,failed,False,2026-08-23T13:08:48.797339+09:00
Thesis Center,110.0,4.0,success,False,2026-08-21T01:44:25.853714+09:00
Thesis Chain,,,failed,False,2026-08-21T01:35:54.957910+09:00
Thesis Charge,,,failed,False,2026-08-21T02:40:04.485559+09:00
Thesis Chart,30.0,1.0,success,False,2026-08-21T01:38:26.164281+09:00
Thesis Check,1300.0,32.0,success,False,2026-08-21T01:39:21.617747+09:00
Thesis Checker,1300.0,32.0,success,False,2026-08-27T23:57:45.055012+09:00
Thesis Code,50.0,3.0,success,False,2026-08-21T01:40:53.074721+09:00
Thesis Companion,,,failed,False,2026-08-21T01:36:39.432784+09:00
Thesis Comparison,110.0,0.0,success,False,2026-08-28T01:08:35.196750+09:00
Thesis Confirmation,,,failed,False,2026-08-21T01:42:00.180241+09:00
Thesis Console,,,failed,False,2026-08-21T01:44:38.139446+09:00
Thesis Core,,,failed,False,2026-08-21T01:43:50.237250+09:00
Thesis Cost,30.0,22.0,success,False,2026-08-21T02:06:36.583403+09:00
Thesis Count,,,failed,False,2026-08-27T22:48:44.890397+09:00
Thesis Counter,,,failed,False,2026-08-21T01:37:24.140763+09:00
Thesis Deal,,,failed,False,2026-08-21T01:59:37.170622+09:00
Thesis Debt,,,failed,False,2026-08-21T02:23:20.274615+09:00
Thesis Deck,,,failed,False,2026-08-21T01:44:01.894856+09:00
Thesis Desk,,,failed,False,2026-08-21T01:42:22.878879+09:00
Thesis Detail,,,failed,False,2026-08-23T03:21:04.390216+09:00
Thesis Detector,20.0,44.0,success,False,2026-08-27T23:57:47.525165+09:00
Thesis Directory,20.0,0.0,success,False,2026-08-21T01:37:07.808277+09:00
Thesis Discount,10.0,8.0,success,False,2026-08-23T16:12:08.472275+09:00
Thesis Draft,390.0,5.0,success,False,2026-08-21T01:40:17.321567+09:00
Thesis Due,10.0,0.0,success,False,2026-08-23T15:50:26.316180+09:00
Thesis Duty,,,failed,False,2026-08-21T02:40:07.402959+09:00
Thesis Endowment,,,failed,False,2026-08-23T15:50:30.977463+09:00
Thesis Engine,10.0,43.0,success,False,2026-08-21T01:35:57.190155+09:00
Thesis Entry,,,failed,False,2026-08-21T01:42:05.228292+09:00
Thesis Estimate,,,failed,False,2026-08-21T01:40:37.729948+09:00
Thesis Estimator,,,failed,False,2026-08-27T23:57:42.673163+09:00
Thesis Extension,40.0,0.0,success,False,2026-08-23T16:37:59.116023+09:00
Thesis Fare,,,failed,False,2026-08-21T02:06:44.237427+09:00
Thesis Fee,50.0,1.0,success,False,2026-08-21T01:59:23.001944+09:00
Thesis Feed,,,failed,False,2026-08-21T01:40:12.068388+09:00
Thesis Field,,,failed,False,2026-08-23T13:08:56.247878+09:00
Thesis File,320.0,1.0,success,False,2026-08-21T01:39:55.005229+09:00
Thesis Fine,,,failed,False,2026-08-23T02:55:38.114180+09:00
Thesis Flow,40.0,3.0,success,False,2026-08-21T01:42:13.880844+09:00
Thesis Forge,,,failed,False,2026-08-21T01:42:46.013630+09:00
Thesis Form,5400.0,2.0,success,False,2026-08-21T01:39:07.193029+09:00
Thesis Format,5400.0,2.0,success,False,2026-08-23T13:08:58.766460+09:00
Thesis Frame,110.0,0.0,success,False,2026-08-21T01:43:42.058918+09:00
Thesis Fund,70.0,1.0,success,False,2026-08-21T02:23:24.043193+09:00
Thesis Gate,10.0,0.0,success,False,2026-08-21T01:35:54.957910+09:00
Thesis Grid,10.0,0.0,success,False,2026-08-21T01:43:14.953756+09:00
Thesis Helpdesk,,,failed,False,2026-08-27T22:48:47.363219+09:00
Thesis History,320.0,0.0,success,False,2026-08-21T01:39:49.686792+09:00
Thesis Hub,90.0,4.0,success,False,2026-08-21T01:42:20.086183+09:00
Thesis Identifier,10.0,50.0,success,False,2026-08-23T13:08:46.542285+09:00
Thesis Index,110.0,0.0,success,False,2026-08-21T01:40:31.088878+09:00
Thesis Installment,,,failed,False,2026-08-23T16:12:10.819899+09:00
Thesis Item,,,failed,False,2026-08-21T01:59:26.364386+09:00
Thesis Journal,480.0,64.0,success,False,2026-08-21T01:36:55.107278+09:00
Thesis Keeper,,,failed,False,2026-08-21T01:35:54.957910+09:00
Thesis Kit,20.0,34.0,success,False,2026-08-27T22:48:41.593169+09:00
Thesis Lab,170.0,3.0,success,False,2026-08-21T01:44:11.369887+09:00
Thesis Ledger,,,failed,False,2026-08-21T01:43:52.896076+09:00
Thesis Level,10.0,0.0,success,False,2026-08-21T01:39:59.295312+09:00
Thesis Link,30.0,2.0,success,False,2026-08-23T03:20:56.810289+09:00
Thesis List,480.0,0.0,success,False,2026-08-21T01:40:55.486600+09:00
Thesis Loan,,,failed,False,2026-08-21T02:06:52.442398+09:00
Thesis Locator,,,failed,False,2026-08-21T01:37:13.589246+09:00
Thesis Locker,,,failed,False,2026-08-21T01:37:28.905967+09:00
Thesis Log,,,failed,False,2026-08-21T01:39:01.261860+09:00
Thesis Loop,10.0,0.0,success,False,2026-08-21T01:43:07.474360+09:00
Thesis Map,140.0,8.0,success,False,2026-08-21T01:43:34.239530+09:00
Thesis Marker,,,failed,False,2026-08-23T13:28:13.588297+09:00
Thesis Markup,,,failed,False,2026-08-23T16:37:56.709879+09:00
Thesis Memo,,,failed,False,2026-08-21T01:41:33.473055+09:00
Thesis Message,10.0,0.0,success,False,2026-08-27T23:14:19.159911+09:00
Thesis Monitor,,,failed,False,2026-08-21T01:35:57.190155+09:00
Thesis Nexus,,,failed,False,2026-08-21T01:35:54.957910+09:00
Thesis Note,90.0,0.0,success,False,2026-08-21T01:39:30.579891+09:00
Thesis Notification,,,failed,False,2026-08-27T22:48:41.593169+09:00
Thesis Number,50.0,0.0,success,False,2026-08-23T03:20:46.771409+09:00
Thesis Office,140.0,99.0,success,False,2026-08-21T01:37:21.821672+09:00
Thesis Ops,,,failed,False,2026-08-21T01:36:47.067872+09:00
Thesis Order,210.0,8.0,success,False,2026-08-21T01:40:39.778843+09:00
Thesis Overdue,,,failed,False,2026-08-27T21:46:42.401025+09:00
Thesis Panel,320.0,0.0,success,False,2026-08-21T01:35:54.957910+09:00
Thesis Pass,,,failed,False,2026-08-21T01:41:14.289680+09:00
Thesis Path,,,failed,False,2026-08-21T01:43:25.178324+09:00
Thesis Penalty,,,failed,False,2026-08-23T16:37:54.537855+09:00
Thesis Petition,,,failed,False,2026-08-21T01:41:56.935291+09:00
Thesis Plan,390.0,57.0,success,False,2026-08-21T01:59:29.977509+09:00
Thesis Planner,390.0,57.0,success,False,2026-08-21T01:35:57.190155+09:00
Thesis Playbook,,,failed,False,2026-08-21T01:36:52.456000+09:00
Thesis Point,210.0,2.0,success,False,2026-08-21T01:43:27.778790+09:00
Thesis Portal,260.0,0.0,success,False,2026-08-21T01:44:33.537295+09:00
Thesis Post,,,failed,False,2026-08-21T01:37:46.611348+09:00
Thesis Preview,20.0,0.0,success,False,2026-08-28T01:08:39.859150+09:00
Thesis Profile,20.0,0.0,success,False,2026-08-21T01:39:38.707543+09:00
Thesis Profit,,,failed,False,2026-08-23T02:55:24.224280+09:00
Thesis Proposal,2400.0,3.0,success,False,2026-08-28T01:08:39.859150+09:00
Thesis Quota,,,failed,False,2026-08-21T01:41:35.548332+09:00
Thesis Radar,,,failed,False,2026-08-21T01:42:29.387533+09:00
Thesis Rail,,,failed,False,2026-08-21T01:35:54.957910+09:00
Thesis Rate,,,failed,False,2026-08-21T01:40:03.980146+09:00
Thesis Receipt,,,failed,False,2026-08-21T01:40:48.434359+09:00
Thesis Redemption,,,failed,False,2026-08-23T16:37:59.116023+09:00
Thesis Register,,,failed,False,2026-08-21T01:36:42.310879+09:00
Thesis Relay,,,failed,False,2026-08-21T01:42:32.456630+09:00
Thesis Reminder,,,failed,False,2026-08-21T01:40:28.771256+09:00
Thesis Report,720.0,2.0,success,False,2026-08-21T01:38:57.072218+09:00
Thesis Repository,880.0,2.0,success,False,2026-08-27T23:14:27.057874+09:00
Thesis Result,320.0,0.0,success,False,2026-08-28T00:48:41.501339+09:00
Thesis Ring,10.0,2.0,success,False,2026-08-21T01:35:54.957910+09:00
Thesis Roster,,,failed,False,2026-08-21T01:38:16.172375+09:00
Thesis Route,,,failed,False,2026-08-21T01:35:54.957910+09:00
Thesis Rule,,,failed,False,2026-08-23T03:21:00.660532+09:00
Thesis Sale,10.0,10.0,success,False,2026-08-21T02:23:31.419607+09:00
Thesis Sample,1900.0,2.0,success,False,2026-08-21T01:41:06.507181+09:00
Thesis Scale,480.0,0.0,success,False,2026-08-21T01:35:54.957910+09:00
Thesis Scanner,,,failed,False,2026-08-27T23:57:45.055012+09:00
Thesis Score,10.0,2.0,success,False,2026-08-21T01:39:27.131441+09:00
Thesis Sheet,90.0,0.0,success,False,2026-08-21T01:39:18.143916+09:00
Thesis Signal,,,failed,False,2026-08-21T01:42:58.216620+09:00
Thesis Signature,,,failed,False,2026-08-23T13:28:13.588297+09:00
Thesis Slip,,,failed,False,2026-08-21T01:41:02.771886+09:00
Thesis Slot,,,failed,False,2026-08-21T01:41:08.747647+09:00
Thesis Stage,30.0,1.0,success,False,2026-08-28T00:48:41.501339+09:00
Thesis Stake,,,failed,False,2026-08-23T02:55:31.768897+09:00
Thesis Stamp,,,failed,False,2026-08-23T13:28:13.588297+09:00
Thesis Statement,135000.0,0.0,success,True,2026-08-21T01:41:25.621539+09:00
Thesis Station,,,failed,False,2026-08-21T01:44:16.668560+09:00
Thesis Status,170.0,0.0,success,False,2026-08-21T01:39:45.118535+09:00
Thesis Stipend,,,failed,False,2026-08-23T13:48:40.375741+09:00
Thesis Stub,,,failed,False,2026-08-21T01:41:22.153477+09:00
Thesis Studio,70.0,0.0,success,False,2026-08-21T01:44:07.789434+09:00
Thesis Subsidy,,,failed,False,2026-08-23T15:50:28.386707+09:00
Thesis Sum,,,failed,False,2026-08-21T02:23:11.717671+09:00
Thesis Summary,320.0,1.0,success,False,2026-08-21T01:40:19.724237+09:00
Thesis Surtax,,,failed,False,2026-08-23T15:50:30.977463+09:00
Thesis Tab,,,failed,False,2026-08-21T01:41:39.026443+09:00
Thesis Table,260.0,0.0,success,False,2026-08-21T01:40:58.554709+09:00
Thesis Tag,,,failed,False,2026-08-21T01:39:35.935414+09:00
Thesis Tariff,,,failed,False,2026-08-21T02:40:21.955150+09:00
Thesis Tax,,,failed,False,2026-08-21T02:06:47.400251+09:00
Thesis Terminal,,,failed,False,2026-08-21T01:44:20.732547+09:00
Thesis Ticket,,,failed,False,2026-08-21T01:40:35.434951+09:00
Thesis Timeline,170.0,2.0,success,False,2026-08-21T01:40:26.570038+09:00
Thesis Toll,,,failed,False,2026-08-21T02:40:11.455485+09:00
Thesis Total,,,failed,False,2026-08-27T23:14:19.159911+09:00
Thesis Tracker,880.0,0.0,success,False,2026-08-21T01:42:11.023754+09:00
Thesis Trail,10.0,0.0,success,False,2026-08-21T01:35:54.957910+09:00
Thesis Trial,10.0,29.0,success,False,2026-08-27T21:15:29.439407+09:00
Thesis Unit,,,failed,False,2026-08-21T02:05:57.421169+09:00
Thesis Update,20.0,1.0,success,False,2026-08-21T01:40:07.956384+09:00
Thesis Value,,,failed,False,2026-08-23T02:55:28.144750+09:00
Thesis Vault,20.0,0.0,success,False,2026-08-21T01:42:34.994206+09:00
Thesis Version,,,failed,False,2026-08-23T03:20:52.959248+09:00
Thesis View,,,failed,False,2026-08-21T01:39:47.385700+09:00
Thesis Voucher,,,failed,False,2026-08-21T01:41:16.296353+09:00
Thesis Wave,,,failed,False,2026-08-21T01:43:18.678031+09:00
Thesis Widget,,,failed,False,2026-08-27T23:14:21.600576+09:00
Thesis Zone,,,failed,False,2026-08-21T01:44:31.242398+09:00
Threat Advisory,170.0,29.0,success,False,2026-08-21T01:01:49.387114+09:00
Threat Alert,210.0,1.0,success,False,2026-08-19T12:25:57.716794+09:00
Threat Allowance,,,failed,False,2026-08-21T02:42:16.992307+09:00
Threat Almanac,,,failed,False,2026-08-18T22:10:36.115087+09:00
Threat Analyzer,40.0,32.0,success,False,2026-08-27T23:50:40.068524+09:00
Threat Anchor,,,failed,False,2026-08-17T21:35:22.295985+09:00
Threat Announcement,,,failed,False,2026-08-27T23:37:06.230002+09:00
Threat Assistant,,,failed,False,2026-08-17T23:26:38.652949+09:00
Threat Atlas,30.0,23.0,success,False,2026-08-17T20:43:08.098438+09:00
Threat Attribute,,,failed,False,2026-08-23T13:08:27.240954+09:00
Threat Badge,10.0,0.0,success,False,2026-08-21T00:28:32.365756+09:00
Threat Base,,,failed,False,2026-08-17T20:40:19.019495+09:00
Threat Beacon,,,failed,False,2026-08-17T21:40:59.899740+09:00
Threat Bill,,,failed,False,2026-08-19T21:48:44.866696+09:00
Threat Blueprint,,,failed,False,2026-08-18T22:10:27.962314+09:00
Threat Board,50.0,26.0,success,False,2026-08-17T20:37:38.706086+09:00
Threat Book,1300.0,21.0,success,False,2026-08-19T21:49:41.666387+09:00
Threat Bridge,,,failed,False,2026-08-17T21:36:28.444275+09:00
Threat Brief,70.0,30.0,success,False,2026-08-21T01:01:41.528292+09:00
Threat Bulletin,20.0,17.0,success,False,2026-08-21T01:01:35.076961+09:00
Threat Calculator,10.0,43.0,success,False,2026-08-27T23:37:06.230002+09:00
Threat Calendar,,,failed,False,2026-08-19T00:04:28.645558+09:00
Threat Card,20.0,0.0,success,False,2026-08-19T13:35:44.896452+09:00
Threat Cascade,,,failed,False,2026-08-17T21:37:32.627735+09:00
Threat Cash,,,failed,False,2026-08-21T02:26:36.939016+09:00
Threat Catalog,70.0,43.0,success,False,2026-08-19T21:05:32.048024+09:00
Threat Category,170.0,8.0,success,False,2026-08-23T13:08:24.927067+09:00
Threat Center,40.0,18.0,success,False,2026-08-17T20:31:36.969919+09:00
Threat Chain,10.0,14.0,success,False,2026-08-17T20:48:13.207047+09:00
Threat Charge,140.0,4.0,success,False,2026-08-21T02:42:06.283895+09:00
Threat Check,390.0,9.0,success,False,2026-08-19T13:36:47.380431+09:00
Threat Checker,390.0,9.0,success,False,2026-08-27T23:59:30.142774+09:00
Threat Checklist,10.0,0.0,success,False,2026-08-19T21:04:29.917389+09:00
Threat Cockpit,,,failed,False,2026-08-17T23:15:07.247244+09:00
Threat Code,20.0,3.0,success,False,2026-08-19T21:49:09.518107+09:00
Threat Codex,,,failed,False,2026-08-18T22:10:53.801114+09:00
Threat Companion,,,failed,False,2026-08-17T23:27:53.024871+09:00
Threat Comparison,,,failed,False,2026-08-28T01:01:48.581211+09:00
Threat Compass,10.0,24.0,success,False,2026-08-18T07:52:35.571361+09:00
Threat Compendium,,,failed,False,2026-08-18T22:10:43.266214+09:00
Threat Confirmation,,,failed,False,2026-08-21T01:02:54.788235+09:00
Threat Console,,,failed,False,2026-08-17T21:39:34.435552+09:00
Threat Core,,,failed,False,2026-08-17T20:39:23.919432+09:00
Threat Cost,,,failed,False,2026-08-21T02:10:51.896971+09:00
Threat Count,6600.0,35.0,success,False,2026-08-27T22:51:25.477545+09:00
Threat Counter,,,failed,False,2026-08-19T00:05:06.053297+09:00
Threat Dashboard,30.0,33.0,success,False,2026-08-17T23:27:41.420797+09:00
Threat Deal,,,failed,False,2026-08-21T01:55:08.355431+09:00
Threat Debt,,,failed,False,2026-08-21T02:26:29.042609+09:00
Threat Deck,10.0,4.0,success,False,2026-08-17T20:36:39.507807+09:00
Threat Depot,,,failed,False,2026-08-19T00:04:50.750995+09:00
Threat Desk,,,failed,False,2026-08-17T20:34:18.335664+09:00
Threat Detail,,,failed,False,2026-08-23T03:21:28.061139+09:00
Threat Detector,260.0,28.0,success,False,2026-08-27T23:59:32.969820+09:00
Threat Diagram,50.0,5.0,success,False,2026-08-27T22:14:45.094035+09:00
Threat Dial,,,failed,False,2026-08-17T21:36:57.018160+09:00
Threat Digest,,,failed,False,2026-08-19T20:49:04.250848+09:00
Threat Directory,,,failed,False,2026-08-19T00:04:33.745752+09:00
Threat Dock,,,failed,False,2026-08-17T21:32:50.995270+09:00
Threat Dossier,,,failed,False,2026-08-21T01:02:06.881859+09:00
Threat Downpayment,,,failed,False,2026-08-27T21:50:06.831063+09:00
Threat Draft,,,failed,False,2026-08-19T20:49:16.530394+09:00
Threat Duty,,,failed,False,2026-08-21T02:42:09.091272+09:00
Threat Engine,,,failed,False,2026-08-17T23:11:53.398319+09:00
Threat Entry,,,failed,False,2026-08-21T01:02:18.161248+09:00
Threat Estimate,10.0,0.0,success,False,2026-08-19T21:05:18.754911+09:00
Threat Estimator,,,failed,False,2026-08-27T23:59:26.259431+09:00
Threat Excerpt,,,failed,False,2026-08-21T01:03:02.120644+09:00
Threat Fare,,,failed,False,2026-08-21T02:10:58.400903+09:00
Threat Fee,,,failed,False,2026-08-21T01:54:48.965214+09:00
Threat Feed,590.0,34.0,success,False,2026-08-19T20:49:09.969574+09:00
Threat Field,,,failed,False,2026-08-23T13:08:30.246419+09:00
Threat File,90.0,3.0,success,False,2026-08-19T20:48:43.191337+09:00
Threat Finder,20.0,36.0,success,False,2026-08-19T00:04:44.561310+09:00
Threat Fine,,,failed,False,2026-08-23T02:56:29.364559+09:00
Threat Flag,,,failed,False,2026-08-21T00:29:21.936028+09:00
Threat Flow,10.0,8.0,success,False,2026-08-17T20:37:08.027448+09:00
Threat Forge,10.0,25.0,success,False,2026-08-17T21:38:40.825363+09:00
Threat Form,,,failed,False,2026-08-19T13:35:27.432298+09:00
Threat Format,,,failed,False,2026-08-23T13:08:34.053815+09:00
Threat Frame,,,failed,False,2026-08-17T20:41:03.029394+09:00
Threat Fund,,,failed,False,2026-08-21T02:26:32.701256+09:00
Threat Gate,,,failed,False,2026-08-17T20:44:51.445524+09:00
Threat Grade,,,failed,False,2026-08-21T00:29:02.215162+09:00
Threat Graph,140.0,14.0,success,False,2026-08-27T22:14:35.571737+09:00
Threat Grid,390.0,6.0,success,False,2026-08-17T20:49:39.030080+09:00
Threat Guarantee,,,failed,False,2026-08-28T01:01:55.633503+09:00
Threat Guard,20.0,19.0,success,False,2026-08-17T20:39:52.233588+09:00
Threat Guardian,10.0,1.0,success,False,2026-08-28T00:20:56.154840+09:00
Threat Guidebook,,,failed,False,2026-08-18T22:10:12.310168+09:00
Threat Helpdesk,,,failed,False,2026-08-27T22:51:25.477545+09:00
Threat Helper,,,failed,False,2026-08-28T00:21:02.971988+09:00
Threat History,170.0,0.0,success,False,2026-08-19T20:48:37.662202+09:00
Threat Hotline,,,failed,False,2026-08-19T21:05:44.553245+09:00
Threat Hub,20.0,19.0,success,False,2026-08-17T20:36:11.237181+09:00
Threat Identifier,,,failed,False,2026-08-23T13:08:21.567126+09:00
Threat Index,50.0,24.0,success,False,2026-08-19T21:04:42.466598+09:00
Threat Insight,110.0,24.0,success,False,2026-08-17T23:08:13.716761+09:00
Threat Item,,,failed,False,2026-08-21T01:54:53.118600+09:00
Threat Journal,10.0,48.0,success,False,2026-08-18T22:09:58.381010+09:00
Threat Keeper,,,failed,False,2026-08-17T20:41:24.809383+09:00
Threat Lab,70.0,19.0,success,False,2026-08-17T20:34:42.726088+09:00
Threat Label,,,failed,False,2026-08-27T22:14:38.233626+09:00
Threat Ledger,,,failed,False,2026-08-17T20:38:31.317013+09:00
Threat Lens,40.0,16.0,success,False,2026-08-17T20:41:54.470071+09:00
Threat Level,14800.0,0.0,success,True,2026-08-19T20:48:48.411735+09:00
Threat Link,,,failed,False,2026-08-23T03:21:18.514525+09:00
Threat List,170.0,5.0,success,False,2026-08-19T21:49:18.898188+09:00
Threat Loan,,,failed,False,2026-08-21T02:11:01.471090+09:00
Threat Locator,10.0,,success,False,2026-08-19T00:04:39.958803+09:00
Threat Lock,90.0,51.0,success,False,2026-08-17T20:43:34.295212+09:00
Threat Log,40.0,8.0,success,False,2026-08-19T13:35:21.181056+09:00
Threat Loop,,,failed,False,2026-08-17T21:31:02.177338+09:00
Threat Manager,70.0,18.0,success,False,2026-08-17T20:40:42.163784+09:00
Threat Manual,,,failed,False,2026-08-27T22:14:38.233626+09:00
Threat Map,6600.0,21.0,success,False,2026-08-17T20:42:40.071307+09:00
Threat Margin,,,failed,False,2026-08-23T02:56:26.483203+09:00
Threat Memo,,,failed,False,2026-08-21T00:29:07.557420+09:00
Threat Message,2900.0,0.0,success,True,2026-08-27T23:16:34.240680+09:00
Threat Meter,260.0,0.0,success,False,2026-08-17T21:35:58.459168+09:00
Threat Metrics,3600.0,17.0,success,False,2026-08-17T23:27:23.938977+09:00
Threat Monitor,390.0,26.0,success,False,2026-08-17T23:27:13.113305+09:00
Threat Navigator,,,failed,False,2026-08-17T23:10:00.779750+09:00
Threat Nexus,,,failed,False,2026-08-17T20:44:01.266186+09:00
Threat Node,,,failed,False,2026-08-17T20:45:51.407426+09:00
Threat Note,18100.0,0.0,success,True,2026-08-19T13:37:07.437416+09:00
Threat Notification,50.0,2.0,success,False,2026-08-27T22:51:13.312396+09:00
Threat Number,,,failed,False,2026-08-23T03:21:12.022197+09:00
Threat Office,,,failed,False,2026-08-19T00:04:59.396392+09:00
Threat Ops,,,failed,False,2026-08-17T23:28:07.981645+09:00
Threat Order,10.0,0.0,success,False,2026-08-19T21:48:31.545228+09:00
Threat Organizer,,,failed,False,2026-08-17T23:13:32.470918+09:00
Threat Overage,,,failed,False,2026-08-27T21:50:04.473862+09:00
Threat Overdue,,,failed,False,2026-08-27T21:50:00.180912+09:00
Threat Panel,,,failed,False,2026-08-17T21:38:08.965654+09:00
Threat Pass,,,failed,False,2026-08-21T00:28:17.964653+09:00
Threat Path,,,failed,False,2026-08-17T20:45:26.162726+09:00
Threat Payoff,,,failed,False,2026-08-27T21:50:02.290136+09:00
Threat Petition,,,failed,False,2026-08-21T01:01:56.777468+09:00
Threat Pilot,,,failed,False,2026-08-17T20:35:12.658616+09:00
Threat Plan,,,failed,False,2026-08-21T01:55:03.003035+09:00
Threat Planner,,,failed,False,2026-08-17T23:06:29.811396+09:00
Threat Playbook,10.0,43.0,success,False,2026-08-18T22:09:49.300650+09:00
Threat Point,70.0,3.0,success,False,2026-08-17T20:44:23.108645+09:00
Threat Portal,10.0,23.0,success,False,2026-08-17T21:41:34.183941+09:00
Threat Preview,,,failed,False,2026-08-28T01:01:51.337076+09:00
Threat Price,,,failed,False,2026-08-21T02:10:55.409815+09:00
Threat Profile,140.0,14.0,success,False,2026-08-19T13:37:39.358157+09:00
Threat Profit,,,failed,False,2026-08-23T02:56:17.565255+09:00
Threat Pulse,30.0,16.0,success,False,2026-08-17T20:47:33.914967+09:00
Threat Queue,,,failed,False,2026-08-19T21:05:07.680797+09:00
Threat Quota,,,failed,False,2026-08-21T00:29:15.711468+09:00
Threat Radar,110.0,18.0,success,False,2026-08-17T20:33:21.754611+09:00
Threat Rail,,,failed,False,2026-08-17T21:31:39.058447+09:00
Threat Rank,,,failed,False,2026-08-28T00:45:40.942680+09:00
Threat Rate,10.0,1.0,success,False,2026-08-19T20:48:55.006137+09:00
Threat Recap,,,failed,False,2026-08-21T01:02:11.159896+09:00
Threat Receipt,,,failed,False,2026-08-19T21:48:58.615287+09:00
Threat Recorder,,,failed,False,2026-08-27T23:37:11.995923+09:00
Threat Register,20.0,4.0,success,False,2026-08-17T23:04:19.754704+09:00
Threat Registry,,,failed,False,2026-08-18T22:10:20.360888+09:00
Threat Relay,,,failed,False,2026-08-17T20:32:10.469810+09:00
Threat Reminder,,,failed,False,2026-08-19T21:04:15.563221+09:00
Threat Report,480.0,46.0,success,False,2026-08-19T13:35:12.097075+09:00
Threat Repository,,,failed,False,2026-08-27T23:16:41.409509+09:00
Threat Roadmap,,,failed,False,2026-08-18T22:11:01.803326+09:00
Threat Route,,,failed,False,2026-08-17T21:33:48.082783+09:00
Threat Rule,10.0,,success,False,2026-08-23T03:21:22.362914+09:00
Threat Sale,,,failed,False,2026-08-21T02:26:39.495067+09:00
Threat Sample,,,failed,False,2026-08-19T21:50:06.175762+09:00
Threat Scale,70.0,0.0,success,False,2026-08-17T21:34:53.019649+09:00
Threat Scanner,480.0,39.0,success,False,2026-08-27T23:59:30.142774+09:00
Threat Scheduler,,,failed,False,2026-08-17T23:26:55.594772+09:00
Threat Scope,20.0,5.0,success,False,2026-08-17T21:32:15.070878+09:00
Threat Score,170.0,11.0,success,False,2026-08-19T13:36:52.870932+09:00
Threat Sentry,10.0,,success,False,2026-08-17T20:42:13.997557+09:00
Threat Sheet,,,failed,False,2026-08-19T13:36:00.987511+09:00
Threat Shortfall,,,failed,False,2026-08-27T21:50:10.340173+09:00
Threat Signal,1300.0,0.0,success,True,2026-08-17T21:34:24.214520+09:00
Threat Slip,,,failed,False,2026-08-19T21:49:55.952193+09:00
Threat Slot,,,failed,False,2026-08-19T21:50:19.457736+09:00
Threat Snapshot,,,failed,False,2026-08-18T22:10:04.357387+09:00
Threat Stage,,,failed,False,2026-08-28T00:45:35.673593+09:00
Threat Stake,,,failed,False,2026-08-23T02:56:24.253545+09:00
Threat Statement,20.0,0.0,success,False,2026-08-21T00:28:46.684495+09:00
Threat Station,,,failed,False,2026-08-17T20:33:51.962760+09:00
Threat Status,90.0,0.0,success,False,2026-08-19T20:48:26.152213+09:00
Threat Stub,,,failed,False,2026-08-21T00:28:42.115555+09:00
Threat Studio,,,failed,False,2026-08-17T20:35:44.075031+09:00
Threat Suite,,,failed,False,2026-08-17T23:26:24.551704+09:00
Threat Sum,,,failed,False,2026-08-21T02:26:26.896086+09:00
Threat Summary,10.0,50.0,success,False,2026-08-19T21:03:49.756847+09:00
Threat Sync,,,failed,False,2026-08-17T20:38:06.157627+09:00
Threat Tab,,,failed,False,2026-08-21T00:29:30.583044+09:00
Threat Table,30.0,1.0,success,False,2026-08-19T21:49:32.440919+09:00
Threat Tag,10.0,0.0,success,False,2026-08-19T13:37:32.755916+09:00
Threat Tally,,,failed,False,2026-08-21T00:28:56.685784+09:00
Threat Tariff,,,failed,False,2026-08-21T02:42:20.398693+09:00
Threat Tax,,,failed,False,2026-08-21T02:11:01.471090+09:00
Threat Ticket,,,failed,False,2026-08-19T21:04:56.454622+09:00
Threat Tier,,,failed,False,2026-08-28T00:45:40.942680+09:00
Threat Timeline,,,failed,False,2026-08-19T21:04:04.689181+09:00
Threat Toll,,,failed,False,2026-08-21T02:42:14.230561+09:00
Threat Toolbox,,,failed,False,2026-08-28T00:20:59.096636+09:00
Threat Toolkit,,,failed,False,2026-08-18T22:09:39.839296+09:00
Threat Total,,,failed,False,2026-08-27T23:16:37.182537+09:00
Threat Tracker,90.0,36.0,success,False,2026-08-17T20:38:59.956902+09:00
Threat Trail,,,failed,False,2026-08-17T21:30:30.781560+09:00
Threat Trend,,,failed,False,2026-08-28T01:01:45.010115+09:00
Threat Trial,,,failed,False,2026-08-27T21:19:13.437251+09:00
Threat Unit,,,failed,False,2026-08-21T02:05:57.421169+09:00
Threat Update,,,failed,False,2026-08-19T20:48:59.251157+09:00
Threat Value,30.0,5.0,success,False,2026-08-23T02:56:21.131414+09:00
Threat Vault,480.0,15.0,success,False,2026-08-18T07:52:27.935751+09:00
Threat Version,,,failed,False,2026-08-23T03:21:14.808090+09:00
Threat View,70.0,30.0,success,False,2026-08-19T20:48:32.959283+09:00
Threat Voucher,,,failed,False,2026-08-21T00:28:26.135871+09:00
Threat Watch,70.0,24.0,success,False,2026-08-17T21:33:20.961288+09:00
Threat Wave,10.0,0.0,success,False,2026-08-17T20:46:16.531586+09:00
Threat Widget,,,failed,False,2026-08-27T23:16:37.182537+09:00
Threat Workbench,,,failed,False,2026-08-18T22:09:34.112352+09:00
Threat Worksheet,,,failed,False,2026-08-27T22:14:41.092865+09:00
Threat Workshop,,,failed,False,2026-08-28T00:20:56.154840+09:00
Threat Zone,260.0,22.0,success,False,2026-08-18T07:53:01.701423+09:00
Throughput Advisory,,,failed,False,2026-08-21T01:08:38.226777+09:00
Throughput Allowance,,,failed,False,2026-08-21T02:40:11.455485+09:00
Throughput Almanac,,,failed,False,2026-08-18T22:04:21.198301+09:00
Throughput Analyzer,10.0,25.0,success,False,2026-08-27T23:55:14.253857+09:00
Throughput Anchor,,,failed,False,2026-08-17T21:39:15.761980+09:00
Throughput Assistant,,,failed,False,2026-08-17T23:04:27.580981+09:00
Throughput Atlas,,,failed,False,2026-08-17T20:46:03.469899+09:00
Throughput Attribute,,,failed,False,2026-08-23T13:08:15.174863+09:00
Throughput Badge,,,failed,False,2026-08-21T00:34:16.638003+09:00
Throughput Balance,,,failed,False,2026-08-23T13:48:10.648745+09:00
Throughput Base,,,failed,False,2026-08-17T20:42:52.966707+09:00
Throughput Beacon,,,failed,False,2026-08-17T20:32:32.905502+09:00
Throughput Blueprint,,,failed,False,2026-08-18T22:04:07.158721+09:00
Throughput Board,,,failed,False,2026-08-17T20:40:31.600880+09:00
Throughput Book,20.0,17.0,success,False,2026-08-19T21:54:03.410939+09:00
Throughput Bridge,,,failed,False,2026-08-17T21:41:22.072079+09:00
Throughput Brief,,,failed,False,2026-08-21T01:08:29.808950+09:00
Throughput Bulletin,,,failed,False,2026-08-21T01:08:25.718288+09:00
Throughput Calculator,720.0,1.0,success,False,2026-08-27T23:34:06.441052+09:00
Throughput Calendar,,,failed,False,2026-08-18T23:58:42.867449+09:00
Throughput Card,,,failed,False,2026-08-19T13:29:00.478751+09:00
Throughput Cascade,,,failed,False,2026-08-18T07:52:51.639177+09:00
Throughput Cash,,,failed,False,2026-08-21T02:23:45.182895+09:00
Throughput Catalog,,,failed,False,2026-08-19T21:06:52.977513+09:00
Throughput Category,,,failed,False,2026-08-23T13:08:12.908274+09:00
Throughput Center,,,failed,False,2026-08-17T20:34:58.202084+09:00
Throughput Chain,,,failed,False,2026-08-17T21:33:08.992358+09:00
Throughput Charge,10.0,0.0,success,False,2026-08-21T02:39:59.313025+09:00
Throughput Chart,260.0,1.0,success,False,2026-08-19T12:27:08.334680+09:00
Throughput Check,590.0,6.0,success,False,2026-08-19T13:29:31.691093+09:00
Throughput Checker,,,failed,False,2026-08-27T23:55:03.182011+09:00
Throughput Checklist,,,failed,False,2026-08-19T21:06:02.010882+09:00
Throughput Circular,,,failed,False,2026-08-21T01:08:34.212023+09:00
Throughput Cockpit,,,failed,False,2026-08-17T23:29:09.953642+09:00
Throughput Code,,,failed,False,2026-08-19T21:53:27.023606+09:00
Throughput Codex,,,failed,False,2026-08-18T22:04:40.579410+09:00
Throughput Companion,,,failed,False,2026-08-17T23:14:59.429645+09:00
Throughput Comparison,10.0,2.0,success,False,2026-08-28T01:06:00.663079+09:00
Throughput Compass,,,failed,False,2026-08-17T20:33:40.236931+09:00
Throughput Compendium,,,failed,False,2026-08-18T22:04:29.881802+09:00
Throughput Confirmation,,,failed,False,2026-08-21T01:08:47.143646+09:00
Throughput Console,,,failed,False,2026-08-17T20:31:58.373055+09:00
Throughput Contribution,70.0,0.0,success,False,2026-08-23T16:11:06.629164+09:00
Throughput Copayment,,,failed,False,2026-08-23T16:37:11.760359+09:00
Throughput Core,,,failed,False,2026-08-17T20:42:04.175878+09:00
Throughput Cost,30.0,0.0,success,False,2026-08-21T02:07:20.173569+09:00
Throughput Counter,,,failed,False,2026-08-18T23:59:36.900086+09:00
Throughput Dashboard,20.0,16.0,success,False,2026-08-17T23:08:06.421601+09:00
Throughput Deal,,,failed,False,2026-08-21T01:50:16.047866+09:00
Throughput Debt,,,failed,False,2026-08-21T02:23:33.552099+09:00
Throughput Deck,,,failed,False,2026-08-17T20:39:37.454360+09:00
Throughput Depot,,,failed,False,2026-08-18T23:59:17.064429+09:00
Throughput Desk,,,failed,False,2026-08-17T20:37:24.505740+09:00
Throughput Detail,,,failed,False,2026-08-23T03:20:27.097448+09:00
Throughput Detector,,,failed,False,2026-08-27T23:55:11.655418+09:00
Throughput Diagram,50.0,0.0,success,False,2026-08-27T22:08:02.909734+09:00
Throughput Dial,,,failed,False,2026-08-17T21:41:53.145173+09:00
Throughput Digest,,,failed,False,2026-08-19T20:47:48.078194+09:00
Throughput Directory,,,failed,False,2026-08-18T23:58:52.034754+09:00
Throughput Discount,,,failed,False,2026-08-23T16:17:12.971292+09:00
Throughput Dock,,,failed,False,2026-08-17T21:36:17.240271+09:00
Throughput Dossier,,,failed,False,2026-08-21T01:08:51.801540+09:00
Throughput Due,,,failed,False,2026-08-23T15:53:03.221395+09:00
Throughput Duty,,,failed,False,2026-08-21T02:40:04.485559+09:00
Throughput Engine,,,failed,False,2026-08-17T23:28:01.386512+09:00
Throughput Entry,,,failed,False,2026-08-21T01:09:06.679370+09:00
Throughput Estimate,,,failed,False,2026-08-19T21:06:42.695560+09:00
Throughput Estimator,,,failed,False,2026-08-27T23:54:58.395846+09:00
Throughput Excerpt,,,failed,False,2026-08-21T01:09:01.082637+09:00
Throughput Fare,,,failed,False,2026-08-21T02:07:29.886940+09:00
Throughput Fee,70.0,0.0,success,False,2026-08-21T02:00:02.001462+09:00
Throughput Feed,,,failed,False,2026-08-19T20:47:55.040652+09:00
Throughput Field,,,failed,False,2026-08-23T13:08:17.193422+09:00
Throughput File,,,failed,False,2026-08-19T20:47:25.892128+09:00
Throughput Finder,,,failed,False,2026-08-18T23:59:08.925896+09:00
Throughput Fine,,,failed,False,2026-08-23T02:55:21.397263+09:00
Throughput Flag,,,failed,False,2026-08-21T00:34:49.507039+09:00
Throughput Flow,,,failed,False,2026-08-17T20:40:06.808560+09:00
Throughput Forge,,,failed,False,2026-08-18T07:52:41.803734+09:00
Throughput Form,,,failed,False,2026-08-19T13:28:52.256085+09:00
Throughput Format,,,failed,False,2026-08-23T13:08:19.388505+09:00
Throughput Frame,,,failed,False,2026-08-17T20:43:51.758171+09:00
Throughput Fund,,,failed,False,2026-08-21T02:23:42.049826+09:00
Throughput Gate,,,failed,False,2026-08-17T20:48:31.729678+09:00
Throughput Grade,,,failed,False,2026-08-21T00:34:35.312701+09:00
Throughput Graph,70.0,0.0,success,False,2026-08-27T22:07:54.366638+09:00
Throughput Grid,,,failed,False,2026-08-17T21:33:36.085901+09:00
Throughput Guarantee,,,failed,False,2026-08-28T01:06:07.510525+09:00
Throughput Guard,,,failed,False,2026-08-17T20:42:24.319818+09:00
Throughput Guardian,,,failed,False,2026-08-28T00:24:53.833495+09:00
Throughput Guidebook,,,failed,False,2026-08-18T22:03:46.428497+09:00
Throughput Helpdesk,,,failed,False,2026-08-27T22:46:50.983424+09:00
Throughput Helper,,,failed,False,2026-08-28T00:24:58.982196+09:00
Throughput History,,,failed,False,2026-08-19T20:47:17.630061+09:00
Throughput Hotline,,,failed,False,2026-08-19T21:07:04.594270+09:00
Throughput Hub,,,failed,False,2026-08-17T20:39:13.606540+09:00
Throughput Identifier,,,failed,False,2026-08-23T13:08:09.181921+09:00
Throughput Index,,,failed,False,2026-08-19T21:06:13.197757+09:00
Throughput Insight,,,failed,False,2026-08-17T23:28:54.506937+09:00
Throughput Installment,,,failed,False,2026-08-23T16:17:15.012584+09:00
Throughput Item,,,failed,False,2026-08-21T02:00:06.443014+09:00
Throughput Journal,,,failed,False,2026-08-18T22:03:14.728477+09:00
Throughput Keeper,,,failed,False,2026-08-17T20:44:15.738532+09:00
Throughput Lab,,,failed,False,2026-08-17T20:37:55.339961+09:00
Throughput Ledger,,,failed,False,2026-08-17T20:41:15.125085+09:00
Throughput Lens,,,failed,False,2026-08-17T20:44:36.649130+09:00
Throughput Level,10.0,0.0,success,False,2026-08-19T20:47:30.914414+09:00
Throughput Link,,,failed,False,2026-08-23T03:20:18.367542+09:00
Throughput List,,,failed,False,2026-08-19T21:53:40.177257+09:00
Throughput Loan,,,failed,False,2026-08-21T02:07:37.270032+09:00
Throughput Locator,,,failed,False,2026-08-18T23:58:59.776089+09:00
Throughput Lock,,,failed,False,2026-08-17T20:46:31.116711+09:00
Throughput Log,,,failed,False,2026-08-19T13:28:43.746659+09:00
Throughput Loop,,,failed,False,2026-08-17T21:34:37.066296+09:00
Throughput Manager,40.0,0.0,success,False,2026-08-17T20:43:22.316757+09:00
Throughput Map,,,failed,False,2026-08-17T20:45:40.214755+09:00
Throughput Margin,90.0,0.0,success,False,2026-08-23T02:55:17.140000+09:00
Throughput Markup,,,failed,False,2026-08-23T16:37:08.695688+09:00
Throughput Memo,,,failed,False,2026-08-21T00:34:40.769437+09:00
Throughput Meter,10.0,7.0,success,False,2026-08-17T21:40:41.309160+09:00
Throughput Metrics,170.0,2.0,success,False,2026-08-17T23:13:22.671425+09:00
Throughput Monitor,40.0,24.0,success,False,2026-08-17T23:06:22.536636+09:00
Throughput Navigator,,,failed,False,2026-08-17T23:29:31.685360+09:00
Throughput Nexus,,,failed,False,2026-08-17T20:47:13.736905+09:00
Throughput Node,,,failed,False,2026-08-17T21:30:47.592348+09:00
Throughput Note,,,failed,False,2026-08-19T13:29:58.473439+09:00
Throughput Notification,,,failed,False,2026-08-27T22:46:42.853394+09:00
Throughput Number,,,failed,False,2026-08-23T03:20:11.001534+09:00
Throughput Office,,,failed,False,2026-08-18T23:59:27.223478+09:00
Throughput Ops,,,failed,False,2026-08-17T23:09:52.206266+09:00
Throughput Organizer,,,failed,False,2026-08-17T23:28:34.893276+09:00
Throughput Overage,,,failed,False,2026-08-27T21:46:10.871215+09:00
Throughput Overdue,,,failed,False,2026-08-27T21:46:10.871215+09:00
Throughput Panel,,,failed,False,2026-08-18T07:43:42.936129+09:00
Throughput Pass,,,failed,False,2026-08-21T00:34:07.252682+09:00
Throughput Path,,,failed,False,2026-08-17T21:30:15.996537+09:00
Throughput Penalty,,,failed,False,2026-08-23T16:37:06.410620+09:00
Throughput Petition,,,failed,False,2026-08-21T01:08:42.694211+09:00
Throughput Pilot,,,failed,False,2026-08-17T20:38:16.946588+09:00
Throughput Plan,,,failed,False,2026-08-21T01:50:11.823899+09:00
Throughput Planner,,,failed,False,2026-08-17T23:28:13.719643+09:00
Throughput Playbook,,,failed,False,2026-08-18T22:03:03.090691+09:00
Throughput Point,,,failed,False,2026-08-17T20:47:58.336807+09:00
Throughput Portal,,,failed,False,2026-08-17T20:33:08.305690+09:00
Throughput Preview,,,failed,False,2026-08-28T01:06:05.018602+09:00
Throughput Profile,,,failed,False,2026-08-19T13:30:30.638587+09:00
Throughput Profit,,,failed,False,2026-08-23T02:55:08.559599+09:00
Throughput Proposal,,,failed,False,2026-08-28T01:06:07.510525+09:00
Throughput Pulse,,,failed,False,2026-08-17T21:32:33.876836+09:00
Throughput Queue,,,failed,False,2026-08-19T21:06:33.819352+09:00
Throughput Quota,,,failed,False,2026-08-21T00:34:44.893530+09:00
Throughput Radar,,,failed,False,2026-08-17T20:36:22.753454+09:00
Throughput Rail,,,failed,False,2026-08-17T21:35:11.471835+09:00
Throughput Rank,,,failed,False,2026-08-28T00:47:45.290833+09:00
Throughput Rate,720.0,0.0,success,False,2026-08-19T20:47:36.057637+09:00
Throughput Recap,,,failed,False,2026-08-21T01:08:57.015500+09:00
Throughput Recorder,0.0,,success,False,2026-08-27T23:34:10.423222+09:00
Throughput Redemption,,,failed,False,2026-08-23T16:37:14.050450+09:00
Throughput Register,,,failed,False,2026-08-17T23:29:46.030396+09:00
Throughput Registry,,,failed,False,2026-08-18T22:03:58.790181+09:00
Throughput Relay,,,failed,False,2026-08-17T20:35:25.429619+09:00
Throughput Reminder,,,failed,False,2026-08-19T21:05:47.568804+09:00
Throughput Report,40.0,1.0,success,False,2026-08-19T13:28:33.821561+09:00
Throughput Repository,,,failed,False,2026-08-27T23:12:15.769681+09:00
Throughput Result,,,failed,False,2026-08-28T00:47:41.403976+09:00
Throughput Roadmap,,,failed,False,2026-08-18T22:04:49.273954+09:00
Throughput Route,,,failed,False,2026-08-17T21:37:17.917122+09:00
Throughput Rule,,,failed,False,2026-08-23T03:20:22.973389+09:00
Throughput Sale,,,failed,False,2026-08-21T02:23:48.995246+09:00
Throughput Sample,,,failed,False,2026-08-19T21:54:25.677858+09:00
Throughput Scale,,,failed,False,2026-08-17T21:38:26.629916+09:00
Throughput Scanner,,,failed,False,2026-08-27T23:55:06.367292+09:00
Throughput Scheduler,,,failed,False,2026-08-17T23:11:44.690517+09:00
Throughput Scope,,,failed,False,2026-08-17T21:35:44.584576+09:00
Throughput Score,,,failed,False,2026-08-19T13:29:46.780078+09:00
Throughput Sentry,,,failed,False,2026-08-17T20:45:15.345040+09:00
Throughput Sheet,,,failed,False,2026-08-19T13:29:19.231161+09:00
Throughput Shortfall,,,failed,False,2026-08-27T21:46:13.321425+09:00
Throughput Signal,,,failed,False,2026-08-17T21:37:55.576177+09:00
Throughput Signature,,,failed,False,2026-08-23T13:27:59.739210+09:00
Throughput Slip,,,failed,False,2026-08-19T21:54:13.234763+09:00
Throughput Slot,,,failed,False,2026-08-19T21:54:37.434657+09:00
Throughput Snapshot,,,failed,False,2026-08-18T22:03:28.331445+09:00
Throughput Stake,,,failed,False,2026-08-23T02:55:13.896073+09:00
Throughput Statement,,,failed,False,2026-08-21T00:34:25.670499+09:00
Throughput Station,,,failed,False,2026-08-17T20:36:56.303275+09:00
Throughput Status,,,failed,False,2026-08-19T20:47:08.500238+09:00
Throughput Streak,,,failed,False,2026-08-28T00:47:41.403976+09:00
Throughput Stub,,,failed,False,2026-08-21T00:34:21.181247+09:00
Throughput Studio,,,failed,False,2026-08-17T20:38:43.149907+09:00
Throughput Suite,,,failed,False,2026-08-17T23:10:06.483021+09:00
Throughput Sum,,,failed,False,2026-08-21T02:23:31.419607+09:00
Throughput Summary,,,failed,False,2026-08-19T21:05:24.897505+09:00
Throughput Sync,,,failed,False,2026-08-17T20:40:52.069695+09:00
Throughput Table,,,failed,False,2026-08-19T21:53:54.593034+09:00
Throughput Tag,,,failed,False,2026-08-19T13:30:05.934954+09:00
Throughput Tally,,,failed,False,2026-08-21T00:34:30.806569+09:00
Throughput Tariff,,,failed,False,2026-08-21T02:40:14.671503+09:00
Throughput Tax,,,failed,False,2026-08-21T02:07:34.217644+09:00
Throughput Ticket,,,failed,False,2026-08-19T21:06:23.756396+09:00
Throughput Timeline,,,failed,False,2026-08-19T21:05:35.157530+09:00
Throughput Toll,,,failed,False,2026-08-21T02:40:07.402959+09:00
Throughput Toolbox,,,failed,False,2026-08-28T00:24:56.382213+09:00
Throughput Toolkit,,,failed,False,2026-08-18T22:02:52.692456+09:00
Throughput Total,,,failed,False,2026-08-27T23:12:13.072454+09:00
Throughput Tracker,,,failed,False,2026-08-17T20:41:42.376478+09:00
Throughput Trail,,,failed,False,2026-08-17T21:34:05.861065+09:00
Throughput Trend,,,failed,False,2026-08-28T01:05:58.030505+09:00
Throughput Trial,,,failed,False,2026-08-27T21:13:54.337464+09:00
Throughput Unit,320.0,0.0,success,False,2026-08-21T01:49:57.762710+09:00
Throughput Update,,,failed,False,2026-08-19T20:47:39.914949+09:00
Throughput Value,20.0,0.0,success,False,2026-08-23T02:55:10.666436+09:00
Throughput Vault,,,failed,False,2026-08-17T20:34:33.124318+09:00
Throughput Version,,,failed,False,2026-08-23T03:20:15.434284+09:00
Throughput View,,,failed,False,2026-08-19T20:47:10.772818+09:00
Throughput Voucher,,,failed,False,2026-08-21T00:34:11.970110+09:00
Throughput Watch,,,failed,False,2026-08-17T21:36:43.981322+09:00
Throughput Wave,,,failed,False,2026-08-17T21:31:23.168898+09:00
Throughput Widget,,,failed,False,2026-08-27T23:12:13.072454+09:00
Throughput Workbench,,,failed,False,2026-08-18T22:02:42.227147+09:00
Throughput Workshop,,,failed,False,2026-08-28T00:24:53.833495+09:00
Throughput Zone,,,failed,False,2026-08-17T20:34:08.377719+09:00
Ticket Advance,1900.0,12.0,success,False,2026-08-23T16:12:54.608017+09:00
Ticket Allowance,70.0,0.0,success,False,2026-08-21T02:40:49.577434+09:00
Ticket Almanac,,,failed,False,2026-08-18T22:02:44.404885+09:00
Ticket Analyzer,20.0,10.0,success,False,2026-08-27T23:56:20.084184+09:00
Ticket Anchor,,,failed,False,2026-08-17T20:36:59.320935+09:00
Ticket Arrears,,,failed,False,2026-08-23T16:12:51.127665+09:00
Ticket Assistant,480.0,6.0,success,False,2026-08-17T23:08:38.142070+09:00
Ticket Atlas,720.0,10.0,success,False,2026-08-17T20:38:08.924079+09:00
Ticket Attribute,,,failed,False,2026-08-23T13:05:15.223495+09:00
Ticket Base,90.0,3.0,success,False,2026-08-17T20:34:46.285590+09:00
Ticket Beacon,,,failed,False,2026-08-17T20:40:32.567080+09:00
Ticket Bill,170.0,31.0,success,False,2026-08-19T21:51:20.233471+09:00
Ticket Blueprint,,,failed,False,2026-08-18T22:02:33.707465+09:00
Ticket Board,40500.0,0.0,success,True,2026-08-17T20:31:41.996994+09:00
Ticket Book,301000.0,36.0,success,False,2026-08-19T21:52:20.652566+09:00
Ticket Bridge,50.0,0.0,success,False,2026-08-17T20:37:58.727524+09:00
Ticket Brief,,,failed,False,2026-08-21T01:01:28.263811+09:00
Ticket Bulletin,10.0,,success,False,2026-08-21T01:01:25.263035+09:00
Ticket Calendar,260.0,1.0,success,False,2026-08-19T00:01:28.091265+09:00
Ticket Card,2400.0,18.0,success,False,2026-08-19T13:23:05.373596+09:00
Ticket Cascade,,,failed,False,2026-08-17T20:38:46.053243+09:00
Ticket Cash,720.0,4.0,success,False,2026-08-21T02:25:39.755040+09:00
Ticket Cashback,90.0,18.0,success,False,2026-08-27T21:15:31.900187+09:00
Ticket Catalog,,,failed,False,2026-08-19T21:08:33.836263+09:00
Ticket Category,210.0,1.0,success,False,2026-08-23T13:05:12.905502+09:00
Ticket Center,22200.0,14.0,success,False,2026-08-17T20:42:29.560038+09:00
Ticket Chain,50.0,0.0,success,False,2026-08-18T07:43:23.332018+09:00
Ticket Charge,720.0,6.0,success,False,2026-08-21T02:40:41.069615+09:00
Ticket Check,27100.0,4.0,success,False,2026-08-19T13:23:28.561494+09:00
Ticket Checker,27100.0,4.0,success,False,2026-08-27T23:56:11.954519+09:00
Ticket Checklist,20.0,9.0,success,False,2026-08-19T21:07:42.156894+09:00
Ticket Cockpit,,,failed,False,2026-08-17T23:03:53.626473+09:00
Ticket Code,1000.0,1.0,success,False,2026-08-19T21:51:42.287097+09:00
Ticket Codex,,,failed,False,2026-08-18T22:03:05.761687+09:00
Ticket Companion,10.0,0.0,success,False,2026-08-17T23:06:32.975995+09:00
Ticket Comparison,210.0,37.0,success,False,2026-08-28T01:06:26.504545+09:00
Ticket Compass,90.0,3.0,success,False,2026-08-17T20:41:16.510977+09:00
Ticket Compendium,,,failed,False,2026-08-18T22:02:54.576094+09:00
Ticket Confirmation,1220000.0,4.0,success,False,2026-08-21T01:01:44.513558+09:00
Ticket Console,30.0,7.0,success,False,2026-08-17T20:40:08.225876+09:00
Ticket Contribution,,,failed,False,2026-08-23T16:12:46.857371+09:00
Ticket Converter,30.0,0.0,success,False,2026-08-27T23:34:44.753648+09:00
Ticket Core,170.0,6.0,success,False,2026-08-17T20:33:56.397010+09:00
Ticket Cost,3600.0,0.0,success,True,2026-08-21T02:10:13.973101+09:00
Ticket Count,27100.0,1.0,success,False,2026-08-27T22:48:06.633980+09:00
Ticket Counter,27100.0,1.0,success,False,2026-08-19T00:02:12.644181+09:00
Ticket Coupon,1900.0,39.0,success,False,2026-08-27T21:15:29.439407+09:00
Ticket Dashboard,1300.0,10.0,success,False,2026-08-17T23:11:56.017978+09:00
Ticket Deal,1000.0,24.0,success,False,2026-08-21T01:54:40.308388+09:00
Ticket Debt,10.0,3.0,success,False,2026-08-21T02:25:31.969034+09:00
Ticket Deck,20.0,0.0,success,False,2026-08-18T07:43:35.299259+09:00
Ticket Depot,50.0,3.0,success,False,2026-08-19T00:01:57.884072+09:00
Ticket Desk,390.0,21.0,success,False,2026-08-17T20:44:38.858684+09:00
Ticket Detail,1300.0,1.0,success,False,2026-08-23T03:15:03.447052+09:00
Ticket Detector,,,failed,False,2026-08-27T23:56:16.956086+09:00
Ticket Dial,,,failed,False,2026-08-17T20:38:21.061174+09:00
Ticket Digest,,,failed,False,2026-08-19T20:37:37.988161+09:00
Ticket Directory,10.0,19.0,success,False,2026-08-19T00:01:32.528747+09:00
Ticket Discount,5400.0,28.0,success,False,2026-08-23T16:12:41.676987+09:00
Ticket Dock,,,failed,False,2026-08-17T20:34:35.742752+09:00
Ticket Dossier,,,failed,False,2026-08-21T01:01:49.387114+09:00
Ticket Draft,40.0,0.0,success,False,2026-08-19T20:37:54.785730+09:00
Ticket Due,40.0,3.0,success,False,2026-08-23T15:51:09.680113+09:00
Ticket Duty,20.0,0.0,success,False,2026-08-21T02:40:43.977421+09:00
Ticket Engine,90.0,6.0,success,False,2026-08-17T23:13:04.753315+09:00
Ticket Entry,4400.0,5.0,success,False,2026-08-21T01:02:06.881859+09:00
Ticket Estimate,30.0,10.0,success,False,2026-08-19T21:08:23.714003+09:00
Ticket Estimator,10.0,21.0,success,False,2026-08-27T23:56:05.344982+09:00
Ticket Excerpt,,,failed,False,2026-08-21T01:02:54.788235+09:00
Ticket Extension,210.0,4.0,success,False,2026-08-23T16:38:14.137829+09:00
Ticket Fare,4400.0,28.0,success,False,2026-08-21T02:10:21.556989+09:00
Ticket Fee,1600.0,1.0,success,False,2026-08-21T01:54:20.819048+09:00
Ticket Feed,1600.0,1.0,success,False,2026-08-19T20:37:47.819235+09:00
Ticket File,140.0,1.0,success,False,2026-08-19T20:39:26.869721+09:00
Ticket Finder,2400.0,30.0,success,False,2026-08-19T00:01:46.968095+09:00
Ticket Fine,1900.0,8.0,success,False,2026-08-23T02:55:13.896073+09:00
Ticket Flag,40.0,2.0,success,False,2026-08-21T00:29:43.441391+09:00
Ticket Flow,320.0,16.0,success,False,2026-08-18T07:43:23.332018+09:00
Ticket Forge,30.0,4.0,success,False,2026-08-17T20:39:41.640400+09:00
Ticket Form,2400.0,13.0,success,False,2026-08-19T13:22:55.768758+09:00
Ticket Format,2400.0,13.0,success,False,2026-08-23T13:05:20.503897+09:00
Ticket Frame,1000.0,85.0,success,False,2026-08-17T20:35:47.352548+09:00
Ticket Fund,10.0,0.0,success,False,2026-08-21T02:25:35.476201+09:00
Ticket Gate,1600.0,2.0,success,False,2026-08-17T20:39:57.613991+09:00
Ticket Generator,2400.0,24.0,success,False,2026-08-27T23:34:44.753648+09:00
Ticket Giveaway,1000.0,8.0,success,False,2026-08-27T21:15:37.893274+09:00
Ticket Grade,,,failed,False,2026-08-21T00:29:21.936028+09:00
Ticket Graph,,,failed,False,2026-08-27T22:09:51.279815+09:00
Ticket Grid,20.0,2.0,success,False,2026-08-17T20:32:00.957216+09:00
Ticket Guarantee,320.0,34.0,success,False,2026-08-28T01:06:41.346901+09:00
Ticket Guard,90.0,1.0,success,False,2026-08-17T20:34:20.444490+09:00
Ticket Guardian,90.0,43.0,success,False,2026-08-28T00:25:29.232687+09:00
Ticket Guidebook,,,failed,False,2026-08-18T22:09:52.210960+09:00
Ticket Helper,1600.0,21.0,success,False,2026-08-28T00:25:31.999960+09:00
Ticket History,210.0,8.0,success,False,2026-08-19T20:39:18.061361+09:00
Ticket Hotline,49500.0,5.0,success,False,2026-08-19T21:08:46.825044+09:00
Ticket Hub,3600.0,50.0,success,False,2026-08-18T07:43:23.332018+09:00
Ticket Identifier,2900.0,11.0,success,False,2026-08-23T13:05:09.962757+09:00
Ticket Inbox,,,failed,False,2026-08-19T12:25:38.632283+09:00
Ticket Incentive,10.0,3.0,success,False,2026-08-27T21:15:34.818716+09:00
Ticket Index,10.0,0.0,success,False,2026-08-19T21:07:53.338438+09:00
Ticket Insight,,,failed,False,2026-08-17T23:09:32.191803+09:00
Ticket Installment,20.0,68.0,success,False,2026-08-23T16:12:43.953628+09:00
Ticket Item,110.0,0.0,success,False,2026-08-21T01:54:25.472983+09:00
Ticket Journal,70.0,38.0,success,False,2026-08-18T22:09:34.112352+09:00
Ticket Keeper,70.0,5.0,success,False,2026-08-17T20:36:13.174234+09:00
Ticket Lab,390.0,6.0,success,False,2026-08-17T20:45:16.547101+09:00
Ticket Label,90.0,87.0,success,False,2026-08-27T22:09:51.279815+09:00
Ticket Ledger,30.0,0.0,success,False,2026-08-17T20:32:53.240136+09:00
Ticket Lens,140.0,4.0,success,False,2026-08-17T20:36:43.272468+09:00
Ticket Level,880.0,31.0,success,False,2026-08-19T20:39:32.642664+09:00
Ticket Levy,30.0,0.0,success,False,2026-08-23T13:46:02.473862+09:00
Ticket Line,110000.0,10.0,success,False,2026-08-19T12:22:47.160144+09:00
Ticket Link,3600.0,2.0,success,False,2026-08-23T03:14:55.080924+09:00
Ticket List,320.0,2.0,success,False,2026-08-19T21:51:58.682281+09:00
Ticket Loan,140.0,24.0,success,False,2026-08-21T02:10:31.589901+09:00
Ticket Locator,320.0,5.0,success,False,2026-08-19T00:01:40.731758+09:00
Ticket Lock,210.0,2.0,success,False,2026-08-17T20:38:33.752321+09:00
Ticket Log,33100.0,21.0,success,False,2026-08-19T13:22:04.691766+09:00
Ticket Loop,480.0,3.0,success,False,2026-08-17T20:33:09.747000+09:00
Ticket Manager,4400.0,11.0,success,False,2026-08-17T20:35:16.626138+09:00
Ticket Map,170.0,3.0,success,False,2026-08-17T20:37:44.009684+09:00
Ticket Marker,210.0,6.0,success,False,2026-08-23T13:26:55.054155+09:00
Ticket Memo,,,failed,False,2026-08-21T00:29:27.962730+09:00
Ticket Message,1900.0,0.0,success,True,2026-08-27T23:13:18.509120+09:00
Ticket Meter,90.0,0.0,success,False,2026-08-17T20:37:26.547523+09:00
Ticket Metrics,110.0,7.0,success,False,2026-08-17T23:04:40.930662+09:00
Ticket Monitor,140.0,18.0,success,False,2026-08-17T23:10:20.263689+09:00
Ticket Navigator,10.0,13.0,success,False,2026-08-17T23:11:08.683373+09:00
Ticket Nexus,260.0,3.0,success,False,2026-08-17T20:39:05.666395+09:00
Ticket Node,,,failed,False,2026-08-17T20:40:45.689604+09:00
Ticket Note,1900.0,0.0,success,True,2026-08-19T13:24:10.018965+09:00
Ticket Notification,40.0,1.0,success,False,2026-08-27T22:47:59.631121+09:00
Ticket Number,6600.0,2.0,success,False,2026-08-23T03:14:46.268297+09:00
Ticket Office,49500.0,4.0,success,False,2026-08-19T00:02:04.506577+09:00
Ticket Ops,140.0,1.0,success,False,2026-08-17T23:13:34.703463+09:00
Ticket Organizer,110.0,93.0,success,False,2026-08-17T23:14:44.117441+09:00
Ticket Overdraft,,,failed,False,2026-08-23T15:51:09.680113+09:00
Ticket Overdue,10.0,0.0,success,False,2026-08-27T21:46:44.901733+09:00
Ticket Panel,140.0,3.0,success,False,2026-08-17T20:39:15.324728+09:00
Ticket Pass,8100.0,7.0,success,False,2026-08-21T00:28:39.996166+09:00
Ticket Path,10.0,0.0,success,False,2026-08-17T20:40:21.350341+09:00
Ticket Penalty,260.0,2.0,success,False,2026-08-23T16:38:09.315163+09:00
Ticket Petition,,,failed,False,2026-08-21T01:01:39.197827+09:00
Ticket Pilot,260.0,28.0,success,False,2026-08-17T20:45:42.370254+09:00
Ticket Plan,590.0,10.0,success,False,2026-08-21T01:54:36.208936+09:00
Ticket Planner,590.0,10.0,success,False,2026-08-17T23:07:47.336176+09:00
Ticket Playbook,,,failed,False,2026-08-18T22:09:25.652147+09:00
Ticket Point,3600.0,2.0,success,False,2026-08-17T20:39:28.862436+09:00
Ticket Portal,3600.0,13.0,success,False,2026-08-17T20:40:53.994191+09:00
Ticket Preview,50.0,2.0,success,False,2026-08-28T01:06:29.246910+09:00
Ticket Profile,10.0,0.0,success,False,2026-08-19T13:24:29.465553+09:00
Ticket Profit,10.0,2.0,success,False,2026-08-23T02:55:02.071314+09:00
Ticket Proposal,,,failed,False,2026-08-28T01:06:41.346901+09:00
Ticket Pulse,480.0,7.0,success,False,2026-08-18T07:43:57.402622+09:00
Ticket Quota,170.0,0.0,success,False,2026-08-21T00:29:35.718141+09:00
Ticket Radar,480.0,8.0,success,False,2026-08-17T20:43:55.064759+09:00
Ticket Rail,1000000.0,39.0,success,False,2026-08-17T20:33:42.611240+09:00
Ticket Rate,6600.0,32.0,success,False,2026-08-19T20:37:18.555970+09:00
Ticket Recap,,,failed,False,2026-08-21T01:01:56.777468+09:00
Ticket Receipt,880.0,11.0,success,False,2026-08-19T21:51:30.988224+09:00
Ticket Redemption,590.0,6.0,success,False,2026-08-23T16:38:14.137829+09:00
Ticket Register,320.0,4.0,success,False,2026-08-17T23:05:39.217461+09:00
Ticket Registry,,,failed,False,2026-08-18T21:06:03.853095+09:00
Ticket Relay,320.0,3.0,success,False,2026-08-17T20:42:54.961047+09:00
Ticket Reminder,70.0,2.0,success,False,2026-08-19T21:07:33.171957+09:00
Ticket Report,390.0,1.0,success,False,2026-08-19T13:21:52.267675+09:00
Ticket Repository,,,failed,False,2026-08-27T23:13:28.057978+09:00
Ticket Result,40500.0,0.0,success,True,2026-08-28T00:47:53.734178+09:00
Ticket Roadmap,,,failed,False,2026-08-18T22:03:16.704658+09:00
Ticket Roster,10.0,0.0,success,False,2026-08-19T00:36:52.729176+09:00
Ticket Route,170.0,9.0,success,False,2026-08-17T20:35:32.317442+09:00
Ticket Rule,210.0,0.0,success,False,2026-08-23T03:14:59.429482+09:00
Ticket Sale,9900.0,32.0,success,False,2026-08-21T02:25:44.046093+09:00
Ticket Sample,1000.0,37.0,success,False,2026-08-19T21:52:45.174751+09:00
Ticket Scale,880.0,28.0,success,False,2026-08-17T20:36:26.800121+09:00
Ticket Scanner,8100.0,18.0,success,False,2026-08-27T23:56:11.954519+09:00
Ticket Scheduler,,,failed,False,2026-08-17T23:03:37.118721+09:00
Ticket Scope,20.0,9.0,success,False,2026-08-17T20:34:09.472739+09:00
Ticket Score,210.0,5.0,success,False,2026-08-19T13:23:46.954730+09:00
Ticket Sentry,,,failed,False,2026-08-17T20:37:14.189830+09:00
Ticket Sheet,320.0,91.0,success,False,2026-08-19T13:23:19.735168+09:00
Ticket Signal,,,failed,False,2026-08-17T20:36:00.761105+09:00
Ticket Signature,30.0,3.0,success,False,2026-08-23T13:26:52.809343+09:00
Ticket Slip,260.0,7.0,success,False,2026-08-19T21:52:31.796696+09:00
Ticket Slot,880.0,0.0,success,False,2026-08-19T21:52:57.085670+09:00
Ticket Snapshot,50.0,0.0,success,False,2026-08-18T22:09:42.242317+09:00
Ticket Stage,480.0,25.0,success,False,2026-08-28T00:47:53.734178+09:00
Ticket Stake,20.0,4.0,success,False,2026-08-23T02:55:08.559599+09:00
Ticket Stamp,480.0,36.0,success,False,2026-08-23T13:26:55.054155+09:00
Ticket Statement,,,failed,False,2026-08-21T00:29:07.557420+09:00
Ticket Station,9900.0,28.0,success,False,2026-08-17T20:44:17.126543+09:00
Ticket Status,14800.0,2.0,success,False,2026-08-19T20:38:57.092601+09:00
Ticket Stub,9900.0,41.0,success,False,2026-08-21T00:29:02.215162+09:00
Ticket Studio,480.0,5.0,success,False,2026-08-17T20:46:04.855118+09:00
Ticket Subsidy,10.0,0.0,success,False,2026-08-23T15:51:11.788135+09:00
Ticket Suite,40.0,6.0,success,False,2026-08-17T23:13:53.612284+09:00
Ticket Sum,10.0,6.0,success,False,2026-08-21T02:25:28.596275+09:00
Ticket Summary,210.0,0.0,success,False,2026-08-19T21:07:13.159437+09:00
Ticket Sync,10.0,4.0,success,False,2026-08-17T20:32:14.147491+09:00
Ticket Tab,210.0,5.0,success,False,2026-08-21T00:29:50.648703+09:00
Ticket Table,170.0,1.0,success,False,2026-08-19T21:52:07.578129+09:00
Ticket Tag,1600.0,13.0,success,False,2026-08-19T13:24:22.197081+09:00
Ticket Tally,50.0,4.0,success,False,2026-08-21T00:29:13.109702+09:00
Ticket Tariff,10.0,0.0,success,False,2026-08-21T02:41:02.522533+09:00
Ticket Tax,260.0,0.0,success,False,2026-08-21T02:10:26.523271+09:00
Ticket Ticker,170.0,3.0,success,False,2026-08-19T12:22:47.160144+09:00
Ticket Timeline,70.0,13.0,success,False,2026-08-19T21:07:23.410704+09:00
Ticket Timer,1300.0,10.0,success,False,2026-08-28T00:25:26.159240+09:00
Ticket Token,210.0,32.0,success,False,2026-08-23T13:26:49.261296+09:00
Ticket Toll,2900.0,13.0,success,False,2026-08-21T02:40:47.085181+09:00
Ticket Toolbox,,,failed,False,2026-08-28T00:25:31.999960+09:00
Ticket Toolkit,,,failed,False,2026-08-18T22:09:19.506375+09:00
Ticket Total,1300.0,0.0,success,True,2026-08-27T23:13:21.065060+09:00
Ticket Tracker,2400.0,6.0,success,False,2026-08-17T20:33:24.231963+09:00
Ticket Trail,320.0,1.0,success,False,2026-08-17T20:32:38.453320+09:00
Ticket Trend,140.0,12.0,success,False,2026-08-28T01:06:23.726095+09:00
Ticket Trial,20.0,2.0,success,False,2026-08-27T21:15:34.818716+09:00
Ticket Unit,10.0,0.0,success,False,2026-08-21T01:54:32.681048+09:00
Ticket Update,390.0,0.0,success,False,2026-08-19T20:37:28.019595+09:00
Ticket Value,210.0,3.0,success,False,2026-08-23T02:55:04.865137+09:00
Ticket Vault,480.0,11.0,success,False,2026-08-17T20:42:06.946542+09:00
Ticket View,1000.0,7.0,success,False,2026-08-19T20:39:07.135209+09:00
Ticket Voucher,2900.0,39.0,success,False,2026-08-21T00:28:46.684495+09:00
Ticket Watch,170.0,27.0,success,False,2026-08-17T20:35:03.370957+09:00
Ticket Wave,880.0,20.0,success,False,2026-08-18T01:28:09.694093+09:00
Ticket Widget,40.0,11.0,success,False,2026-08-27T23:13:25.257331+09:00
Ticket Workbench,,,failed,False,2026-08-18T22:09:11.269372+09:00
Ticket Zone,5400.0,1.0,success,False,2026-08-17T20:41:46.079279+09:00
Ticketing Advance,,,failed,False,2026-08-23T16:12:37.758659+09:00
Ticketing Advisory,,,failed,False,2026-08-21T01:05:43.113119+09:00
Ticketing Allowance,,,failed,False,2026-08-21T02:44:59.003058+09:00
Ticketing Almanac,,,failed,False,2026-08-18T22:09:34.112352+09:00
Ticketing Analyzer,,,failed,False,2026-08-27T23:56:02.652689+09:00
Ticketing Anchor,,,failed,False,2026-08-17T21:34:28.165323+09:00
Ticketing Arrears,,,failed,False,2026-08-23T16:12:35.033809+09:00
Ticketing Assistant,480.0,6.0,success,False,2026-08-17T23:24:30.748337+09:00
Ticketing Atlas,,,failed,False,2026-08-17T20:42:16.988485+09:00
Ticketing Attribute,,,failed,False,2026-08-23T13:05:00.300804+09:00
Ticketing Badge,,,failed,False,2026-08-21T00:31:41.208752+09:00
Ticketing Balance,,,failed,False,2026-08-23T13:45:48.186439+09:00
Ticketing Base,,,failed,False,2026-08-17T20:39:28.862436+09:00
Ticketing Beacon,,,failed,False,2026-08-17T21:39:02.253193+09:00
Ticketing Bill,,,failed,False,2026-08-19T21:52:01.647797+09:00
Ticketing Blueprint,,,failed,False,2026-08-18T22:09:27.931619+09:00
Ticketing Board,,,failed,False,2026-08-17T20:36:43.272468+09:00
Ticketing Book,301000.0,36.0,success,False,2026-08-19T21:53:00.908408+09:00
Ticketing Bridge,,,failed,False,2026-08-17T21:35:30.145341+09:00
Ticketing Brief,,,failed,False,2026-08-21T01:05:29.532542+09:00
Ticketing Bulletin,,,failed,False,2026-08-21T01:05:25.449789+09:00
Ticketing Calculator,,,failed,False,2026-08-27T23:34:39.372847+09:00
Ticketing Calendar,,,failed,False,2026-08-19T00:00:44.927785+09:00
Ticketing Card,,,failed,False,2026-08-19T13:34:28.843739+09:00
Ticketing Cascade,,,failed,False,2026-08-17T21:36:32.684484+09:00
Ticketing Cash,,,failed,False,2026-08-21T02:29:27.497336+09:00
Ticketing Cashback,,,failed,False,2026-08-27T21:15:22.797193+09:00
Ticketing Catalog,,,failed,False,2026-08-19T21:07:42.156894+09:00
Ticketing Category,,,failed,False,2026-08-23T13:04:57.008398+09:00
Ticketing Center,22200.0,14.0,success,False,2026-08-18T07:52:49.362329+09:00
Ticketing Chain,,,failed,False,2026-08-17T20:47:00.954455+09:00
Ticketing Charge,720.0,6.0,success,False,2026-08-21T02:44:44.036553+09:00
Ticketing Check,,,failed,False,2026-08-19T13:35:21.181056+09:00
Ticketing Checker,,,failed,False,2026-08-27T23:55:53.687521+09:00
Ticketing Checklist,,,failed,False,2026-08-19T21:06:49.674751+09:00
Ticketing Circular,,,failed,False,2026-08-21T01:05:32.279989+09:00
Ticketing Cockpit,,,failed,False,2026-08-17T23:15:27.187478+09:00
Ticketing Code,260.0,1.0,success,False,2026-08-19T21:52:20.652566+09:00
Ticketing Codex,,,failed,False,2026-08-18T22:09:52.210960+09:00
Ticketing Companion,,,failed,False,2026-08-17T23:26:16.391059+09:00
Ticketing Comparison,,,failed,False,2026-08-28T01:06:18.481825+09:00
Ticketing Compass,,,failed,False,2026-08-17T21:41:07.674308+09:00
Ticketing Compendium,,,failed,False,2026-08-18T22:09:42.242317+09:00
Ticketing Confirmation,,,failed,False,2026-08-21T01:05:53.776527+09:00
Ticketing Console,,,failed,False,2026-08-17T21:38:13.718334+09:00
Ticketing Contribution,,,failed,False,2026-08-23T16:12:35.033809+09:00
Ticketing Core,,,failed,False,2026-08-17T20:38:35.163236+09:00
Ticketing Cost,,,failed,False,2026-08-21T02:13:15.591815+09:00
Ticketing Count,,,failed,False,2026-08-27T22:47:56.654242+09:00
Ticketing Counter,27100.0,1.0,success,False,2026-08-19T00:01:32.528747+09:00
Ticketing Coupon,,,failed,False,2026-08-27T21:15:22.797193+09:00
Ticketing Dashboard,1300.0,10.0,success,False,2026-08-17T23:25:59.230175+09:00
Ticketing Deal,,,failed,False,2026-08-21T01:57:38.284860+09:00
Ticketing Debt,,,failed,False,2026-08-21T02:29:19.301672+09:00
Ticketing Deck,,,failed,False,2026-08-17T20:35:47.352548+09:00
Ticketing Depot,,,failed,False,2026-08-19T00:01:18.833283+09:00
Ticketing Desk,390.0,21.0,success,False,2026-08-17T20:33:27.108642+09:00
Ticketing Detail,,,failed,False,2026-08-23T03:14:42.643964+09:00
Ticketing Detector,,,failed,False,2026-08-27T23:56:02.652689+09:00
Ticketing Diagram,,,failed,False,2026-08-27T22:09:48.398152+09:00
Ticketing Dial,,,failed,False,2026-08-17T21:36:05.315924+09:00
Ticketing Digest,,,failed,False,2026-08-19T20:49:25.973595+09:00
Ticketing Directory,,,failed,False,2026-08-19T00:00:54.845309+09:00
Ticketing Discount,,,failed,False,2026-08-23T16:12:32.773263+09:00
Ticketing Dock,,,failed,False,2026-08-17T21:31:44.399230+09:00
Ticketing Dossier,,,failed,False,2026-08-21T01:06:02.674001+09:00
Ticketing Draft,,,failed,False,2026-08-19T20:49:38.357241+09:00
Ticketing Due,,,failed,False,2026-08-23T15:50:59.628265+09:00
Ticketing Duty,,,failed,False,2026-08-21T02:44:46.644995+09:00
Ticketing Endowment,,,failed,False,2026-08-23T15:51:05.565275+09:00
Ticketing Engine,20.0,26.0,success,False,2026-08-17T23:12:14.829118+09:00
Ticketing Entry,,,failed,False,2026-08-21T01:06:12.457382+09:00
Ticketing Estimate,,,failed,False,2026-08-19T21:07:33.171957+09:00
Ticketing Estimator,,,failed,False,2026-08-27T23:55:48.344302+09:00
Ticketing Excerpt,,,failed,False,2026-08-21T01:06:09.386639+09:00
Ticketing Fare,,,failed,False,2026-08-21T02:13:25.435180+09:00
Ticketing Fee,1600.0,1.0,success,False,2026-08-21T01:57:17.630744+09:00
Ticketing Feed,,,failed,False,2026-08-19T20:49:32.682801+09:00
Ticketing Field,,,failed,False,2026-08-23T13:05:04.506045+09:00
Ticketing File,,,failed,False,2026-08-19T20:49:06.260858+09:00
Ticketing Finder,,,failed,False,2026-08-19T00:01:10.174789+09:00
Ticketing Fine,,,failed,False,2026-08-23T02:58:39.272586+09:00
Ticketing Flag,,,failed,False,2026-08-21T00:32:26.715092+09:00
Ticketing Flow,320.0,16.0,success,False,2026-08-17T20:36:13.174234+09:00
Ticketing Forge,,,failed,False,2026-08-17T21:37:39.097196+09:00
Ticketing Form,2400.0,13.0,success,False,2026-08-19T13:34:22.181534+09:00
Ticketing Format,10.0,0.0,success,False,2026-08-23T13:05:07.059909+09:00
Ticketing Frame,,,failed,False,2026-08-17T20:40:21.350341+09:00
Ticketing Fund,,,failed,False,2026-08-21T02:29:22.487025+09:00
Ticketing Gate,1600.0,2.0,success,False,2026-08-17T20:44:07.827451+09:00
Ticketing Generator,,,failed,False,2026-08-27T23:34:39.372847+09:00
Ticketing Giveaway,,,failed,False,2026-08-27T21:15:29.439407+09:00
Ticketing Grade,,,failed,False,2026-08-21T00:32:08.971513+09:00
Ticketing Graph,,,failed,False,2026-08-27T22:09:38.149454+09:00
Ticketing Grid,,,failed,False,2026-08-17T20:47:39.394205+09:00
Ticketing Guarantee,,,failed,False,2026-08-28T01:06:23.726095+09:00
Ticketing Guard,,,failed,False,2026-08-17T20:39:05.666395+09:00
Ticketing Guardian,,,failed,False,2026-08-28T00:25:19.923690+09:00
Ticketing Guidebook,,,failed,False,2026-08-18T22:09:11.269372+09:00
Ticketing Helpdesk,1900.0,38.0,success,False,2026-08-27T22:47:59.631121+09:00
Ticketing Helper,,,failed,False,2026-08-28T00:25:26.159240+09:00
Ticketing History,,,failed,False,2026-08-19T20:49:01.783681+09:00
Ticketing Hotline,49500.0,5.0,success,False,2026-08-19T21:07:53.338438+09:00
Ticketing Hub,720.0,21.0,success,False,2026-08-17T20:35:16.626138+09:00
Ticketing Identifier,,,failed,False,2026-08-23T13:04:50.850524+09:00
Ticketing Incentive,,,failed,False,2026-08-27T21:15:25.200797+09:00
Ticketing Index,,,failed,False,2026-08-19T21:07:02.698289+09:00
Ticketing Insight,,,failed,False,2026-08-17T23:08:38.142070+09:00
Ticketing Installment,,,failed,False,2026-08-23T16:12:32.773263+09:00
Ticketing Item,,,failed,False,2026-08-21T01:57:21.062358+09:00
Ticketing Journal,,,failed,False,2026-08-18T22:08:54.791738+09:00
Ticketing Keeper,,,failed,False,2026-08-17T20:40:45.689604+09:00
Ticketing Lab,,,failed,False,2026-08-17T20:33:56.397010+09:00
Ticketing Ledger,,,failed,False,2026-08-17T20:37:44.009684+09:00
Ticketing Lens,,,failed,False,2026-08-17T20:41:07.425187+09:00
Ticketing Level,,,failed,False,2026-08-19T20:49:09.969574+09:00
Ticketing Levy,,,failed,False,2026-08-23T13:45:55.611142+09:00
Ticketing Link,3600.0,2.0,success,False,2026-08-23T03:24:46.219726+09:00
Ticketing List,,,failed,False,2026-08-19T21:52:35.745180+09:00
Ticketing Loan,,,failed,False,2026-08-21T02:13:28.177261+09:00
Ticketing Locator,,,failed,False,2026-08-19T00:01:01.996823+09:00
Ticketing Lock,,,failed,False,2026-08-17T20:42:46.441273+09:00
Ticketing Log,,,failed,False,2026-08-19T13:34:11.345054+09:00
Ticketing Loop,,,failed,False,2026-08-17T21:30:02.792774+09:00
Ticketing Manager,4400.0,11.0,success,False,2026-08-17T20:39:57.613991+09:00
Ticketing Map,,,failed,False,2026-08-17T20:41:57.166662+09:00
Ticketing Marker,,,failed,False,2026-08-23T13:26:43.446955+09:00
Ticketing Markup,,,failed,False,2026-08-23T16:38:05.799118+09:00
Ticketing Memo,,,failed,False,2026-08-21T00:32:13.850788+09:00
Ticketing Message,,,failed,False,2026-08-27T23:13:06.155067+09:00
Ticketing Meter,,,failed,False,2026-08-17T21:34:57.125142+09:00
Ticketing Metrics,,,failed,False,2026-08-17T23:25:43.129443+09:00
Ticketing Monitor,,,failed,False,2026-08-17T23:25:18.715654+09:00
Ticketing Navigator,,,failed,False,2026-08-17T23:10:20.263689+09:00
Ticketing Nexus,,,failed,False,2026-08-17T20:43:12.470155+09:00
Ticketing Node,,,failed,False,2026-08-17T20:44:58.380838+09:00
Ticketing Note,,,failed,False,2026-08-19T13:35:47.282228+09:00
Ticketing Notification,,,failed,False,2026-08-27T22:47:50.980247+09:00
Ticketing Number,6600.0,2.0,success,False,2026-08-23T03:24:40.640287+09:00
Ticketing Office,49500.0,4.0,success,False,2026-08-19T00:01:28.091265+09:00
Ticketing Ops,,,failed,False,2026-08-17T23:26:30.057004+09:00
Ticketing Order,,,failed,False,2026-08-19T21:51:45.660208+09:00
Ticketing Organizer,,,failed,False,2026-08-17T23:13:53.612284+09:00
Ticketing Overage,,,failed,False,2026-08-27T21:46:42.401025+09:00
Ticketing Overdraft,,,failed,False,2026-08-23T15:51:01.656182+09:00
Ticketing Panel,,,failed,False,2026-08-17T21:37:02.739524+09:00
Ticketing Pass,,,failed,False,2026-08-21T00:31:26.827984+09:00
Ticketing Path,,,failed,False,2026-08-17T20:44:25.446111+09:00
Ticketing Penalty,,,failed,False,2026-08-23T16:38:03.608262+09:00
Ticketing Petition,,,failed,False,2026-08-21T01:07:59.313235+09:00
Ticketing Pilot,,,failed,False,2026-08-17T20:34:20.444490+09:00
Ticketing Plan,590.0,1.0,success,False,2026-08-21T01:57:30.255883+09:00
Ticketing Planner,,,failed,False,2026-08-17T23:06:54.696813+09:00
Ticketing Playbook,,,failed,False,2026-08-18T22:08:45.047635+09:00
Ticketing Point,3600.0,2.0,success,False,2026-08-17T20:43:38.857738+09:00
Ticketing Portal,3600.0,13.0,success,False,2026-08-17T21:39:40.995935+09:00
Ticketing Preview,,,failed,False,2026-08-28T01:06:18.481825+09:00
Ticketing Profile,,,failed,False,2026-08-19T13:36:47.380431+09:00
Ticketing Profit,,,failed,False,2026-08-23T02:58:29.711332+09:00
Ticketing Proposal,,,failed,False,2026-08-28T01:06:21.038746+09:00
Ticketing Pulse,,,failed,False,2026-08-17T20:46:22.420312+09:00
Ticketing Queue,2900.0,2.0,success,False,2026-08-19T21:07:23.410704+09:00
Ticketing Quota,,,failed,False,2026-08-21T00:32:20.380964+09:00
Ticketing Radar,,,failed,False,2026-08-17T20:32:14.147491+09:00
Ticketing Rail,,,failed,False,2026-08-17T21:30:37.005083+09:00
Ticketing Rate,,,failed,False,2026-08-19T20:49:16.530394+09:00
Ticketing Recap,,,failed,False,2026-08-21T01:06:05.335895+09:00
Ticketing Receipt,,,failed,False,2026-08-19T21:52:10.666614+09:00
Ticketing Redemption,,,failed,False,2026-08-23T16:38:09.315163+09:00
Ticketing Register,,,failed,False,2026-08-17T23:04:40.930662+09:00
Ticketing Registry,,,failed,False,2026-08-18T22:09:19.506375+09:00
Ticketing Relay,,,failed,False,2026-08-18T07:52:08.139884+09:00
Ticketing Reminder,,,failed,False,2026-08-19T21:06:41.039569+09:00
Ticketing Report,390.0,1.0,success,False,2026-08-19T13:34:03.969558+09:00
Ticketing Repository,,,failed,False,2026-08-27T23:13:18.509120+09:00
Ticketing Roadmap,,,failed,False,2026-08-18T22:10:00.373367+09:00
Ticketing Roster,,,failed,False,2026-08-19T00:36:42.974778+09:00
Ticketing Route,,,failed,False,2026-08-17T21:32:57.336519+09:00
Ticketing Rule,,,failed,False,2026-08-23T03:14:39.191196+09:00
Ticketing Sale,,,failed,False,2026-08-21T02:29:31.555266+09:00
Ticketing Scale,,,failed,False,2026-08-17T21:33:56.834131+09:00
Ticketing Scanner,,,failed,False,2026-08-27T23:56:00.047193+09:00
Ticketing Scheduler,,,failed,False,2026-08-17T23:24:52.278887+09:00
Ticketing Scope,,,failed,False,2026-08-17T21:31:08.679950+09:00
Ticketing Score,,,failed,False,2026-08-19T13:35:27.432298+09:00
Ticketing Sentry,,,failed,False,2026-08-17T20:41:30.101842+09:00
Ticketing Sheet,,,failed,False,2026-08-19T13:35:15.943675+09:00
Ticketing Signal,,,failed,False,2026-08-17T21:33:24.629057+09:00
Ticketing Slip,,,failed,False,2026-08-19T21:53:13.442826+09:00
Ticketing Slot,,,failed,False,2026-08-19T21:53:37.602067+09:00
Ticketing Snapshot,,,failed,False,2026-08-18T22:09:03.479922+09:00
Ticketing Stage,,,failed,False,2026-08-28T00:47:48.349607+09:00
Ticketing Stake,,,failed,False,2026-08-23T02:58:33.536123+09:00
Ticketing Stamp,,,failed,False,2026-08-23T13:26:46.141852+09:00
Ticketing Statement,,,failed,False,2026-08-21T00:31:54.895534+09:00
Ticketing Station,50.0,5.0,success,False,2026-08-17T20:32:53.240136+09:00
Ticketing Status,90.0,6.0,success,False,2026-08-19T20:48:48.411735+09:00
Ticketing Stub,,,failed,False,2026-08-21T00:31:47.591094+09:00
Ticketing Studio,,,failed,False,2026-08-17T20:34:46.285590+09:00
Ticketing Subsidy,,,failed,False,2026-08-23T15:51:03.649898+09:00
Ticketing Suite,,,failed,False,2026-08-17T23:24:07.376365+09:00
Ticketing Sum,,,failed,False,2026-08-21T02:29:14.750230+09:00
Ticketing Summary,,,failed,False,2026-08-19T21:06:20.590100+09:00
Ticketing Surtax,,,failed,False,2026-08-23T15:51:07.589062+09:00
Ticketing Sync,,,failed,False,2026-08-17T20:37:14.189830+09:00
Ticketing Tab,,,failed,False,2026-08-21T00:32:31.934653+09:00
Ticketing Table,,,failed,False,2026-08-19T21:52:48.982891+09:00
Ticketing Tag,,,failed,False,2026-08-19T13:36:10.470400+09:00
Ticketing Tally,,,failed,False,2026-08-21T00:32:00.759395+09:00
Ticketing Tariff,,,failed,False,2026-08-21T02:45:01.493449+09:00
Ticketing Tax,,,failed,False,2026-08-21T02:13:28.177261+09:00
Ticketing Tier,,,failed,False,2026-08-28T00:47:53.734178+09:00
Ticketing Timeline,30.0,0.0,success,False,2026-08-19T21:06:31.890613+09:00
Ticketing Timer,,,failed,False,2026-08-28T00:25:15.482285+09:00
Ticketing Toll,,,failed,False,2026-08-21T02:44:54.822530+09:00
Ticketing Toolbox,,,failed,False,2026-08-28T00:25:23.676090+09:00
Ticketing Toolkit,,,failed,False,2026-08-18T22:08:36.440640+09:00
Ticketing Total,,,failed,False,2026-08-27T23:13:09.078623+09:00
Ticketing Tracker,2400.0,6.0,success,False,2026-08-17T20:38:08.924079+09:00
Ticketing Trail,,,failed,False,2026-08-17T20:48:18.389398+09:00
Ticketing Trend,,,failed,False,2026-08-28T01:06:10.302074+09:00
Ticketing Trial,,,failed,False,2026-08-27T21:15:25.200797+09:00
Ticketing Unit,,,failed,False,2026-08-21T01:57:25.896991+09:00
Ticketing Update,390.0,0.0,success,False,2026-08-19T20:49:19.848949+09:00
Ticketing Value,,,failed,False,2026-08-23T02:58:33.536123+09:00
Ticketing Vault,,,failed,False,2026-08-18T07:52:19.092235+09:00
Ticketing Version,,,failed,False,2026-08-23T03:24:42.957554+09:00
Ticketing View,,,failed,False,2026-08-19T20:48:55.006137+09:00
Ticketing Voucher,,,failed,False,2026-08-21T00:31:34.132172+09:00
Ticketing Watch,,,failed,False,2026-08-17T21:32:20.148818+09:00
Ticketing Wave,,,failed,False,2026-08-17T20:45:30.439940+09:00
Ticketing Widget,40.0,11.0,success,False,2026-08-27T23:13:13.331600+09:00
Ticketing Workbench,,,failed,False,2026-08-18T22:08:30.649181+09:00
Ticketing Workshop,,,failed,False,2026-08-28T00:25:15.482285+09:00
Ticketing Zone,,,failed,False,2026-08-17T21:41:42.015478+09:00
Tile Advance,,,failed,False,2026-08-23T16:14:33.783950+09:00
Tile Alert,30.0,78.0,success,False,2026-08-19T21:06:25.471396+09:00
Tile Allowance,20.0,5.0,success,False,2026-08-21T02:43:40.530663+09:00
Tile Analyzer,20.0,2.0,success,False,2026-08-27T23:50:46.062882+09:00
Tile Arrears,,,failed,False,2026-08-23T16:14:21.823505+09:00
Tile Assistant,480.0,0.0,success,False,2026-08-19T21:30:31.013934+09:00
Tile Atlas,40.0,28.0,success,False,2026-08-19T21:30:03.373519+09:00
Tile Attribute,,,failed,False,2026-08-23T13:05:04.506045+09:00
Tile Badge,10.0,0.0,success,False,2026-08-21T00:25:18.497443+09:00
Tile Base,1900.0,71.0,success,False,2026-08-19T21:17:45.288805+09:00
Tile Bay,50.0,100.0,success,False,2026-08-19T21:04:36.711918+09:00
Tile Beacon,110.0,19.0,success,False,2026-08-19T21:15:09.209545+09:00
Tile Bill,,,failed,False,2026-08-19T21:59:19.992699+09:00
Tile Board,5400.0,100.0,success,False,2026-08-19T21:18:11.999906+09:00
Tile Book,320.0,76.0,success,False,2026-08-19T22:00:12.371601+09:00
Tile Booth,,,failed,False,2026-08-19T21:03:58.078741+09:00
Tile Bridge,170.0,56.0,success,False,2026-08-19T21:15:42.753829+09:00
Tile Brief,,,failed,False,2026-08-21T01:00:58.878918+09:00
Tile Bulletin,,,failed,False,2026-08-21T01:00:54.642749+09:00
Tile Cabinet,590.0,100.0,success,False,2026-08-27T23:16:04.692896+09:00
Tile Calculator,40500.0,5.0,success,False,2026-08-27T23:36:50.925534+09:00
Tile Calendar,260.0,44.0,success,False,2026-08-19T21:31:50.558670+09:00
Tile Card,1900.0,93.0,success,False,2026-08-19T21:08:27.297609+09:00
Tile Cascade,10.0,14.0,success,False,2026-08-19T21:15:31.407245+09:00
Tile Cash,210.0,5.0,success,False,2026-08-21T02:27:19.706336+09:00
Tile Cashback,,,failed,False,2026-08-27T21:17:21.350185+09:00
Tile Catalog,1600.0,33.0,success,False,2026-08-19T21:13:15.643031+09:00
Tile Category,210.0,4.0,success,False,2026-08-23T13:05:00.300804+09:00
Tile Center,8100.0,21.0,success,False,2026-08-19T21:19:23.397844+09:00
Tile Chain,70.0,18.0,success,False,2026-08-19T21:29:34.148902+09:00
Tile Charge,110.0,13.0,success,False,2026-08-21T02:43:30.904154+09:00
Tile Chart,260.0,4.0,success,False,2026-08-19T21:06:35.637376+09:00
Tile Check,480.0,49.0,success,False,2026-08-19T21:08:50.261483+09:00
Tile Checker,480.0,49.0,success,False,2026-08-27T23:50:40.068524+09:00
Tile Checklist,50.0,0.0,success,False,2026-08-19T21:12:20.631006+09:00
Tile Circular,,,failed,False,2026-08-21T01:01:03.307399+09:00
Tile Code,720.0,2.0,success,False,2026-08-19T21:59:39.418384+09:00
Tile Companion,,,failed,False,2026-08-19T21:31:03.580111+09:00
Tile Compass,40.0,100.0,success,False,2026-08-19T21:14:53.889746+09:00
Tile Confirmation,,,failed,False,2026-08-21T01:01:13.751057+09:00
Tile Console,110.0,100.0,success,False,2026-08-19T21:19:58.668783+09:00
Tile Cost,4400.0,81.0,success,False,2026-08-21T02:10:41.178409+09:00
Tile Count,9900.0,93.0,success,False,2026-08-27T22:50:21.429751+09:00
Tile Counter,9900.0,93.0,success,False,2026-08-19T21:03:27.831086+09:00
Tile Coupon,40.0,2.0,success,False,2026-08-27T21:17:18.938086+09:00
Tile Deal,880.0,84.0,success,False,2026-08-21T01:54:02.992561+09:00
Tile Debt,,,failed,False,2026-08-21T02:27:08.024014+09:00
Tile Deck,27100.0,100.0,success,False,2026-08-19T21:18:22.582804+09:00
Tile Desk,480.0,100.0,success,False,2026-08-19T21:14:11.257032+09:00
Tile Detail,260.0,12.0,success,False,2026-08-23T03:24:25.190204+09:00
Tile Diagram,140.0,0.0,success,False,2026-08-27T22:12:46.306034+09:00
Tile Digest,,,failed,False,2026-08-19T21:11:12.970448+09:00
Tile Discount,5400.0,100.0,success,False,2026-08-23T16:14:15.763731+09:00
Tile Dossier,,,failed,False,2026-08-21T01:01:17.697392+09:00
Tile Downpayment,,,failed,False,2026-08-27T21:48:30.689545+09:00
Tile Draft,,,failed,False,2026-08-19T21:11:31.992305+09:00
Tile Duty,,,failed,False,2026-08-21T02:43:35.121601+09:00
Tile Engine,30.0,0.0,success,False,2026-08-19T21:30:24.987558+09:00
Tile Entry,2900.0,100.0,success,False,2026-08-21T01:01:28.263811+09:00
Tile Estimate,260.0,11.0,success,False,2026-08-19T21:13:02.504471+09:00
Tile Estimator,40500.0,5.0,success,False,2026-08-27T23:59:32.969820+09:00
Tile Fare,10.0,29.0,success,False,2026-08-21T02:10:45.957047+09:00
Tile Fee,10.0,29.0,success,False,2026-08-21T01:53:31.985132+09:00
Tile Feed,,,failed,False,2026-08-19T21:11:23.723554+09:00
Tile Field,1900.0,32.0,success,False,2026-08-23T13:05:09.962757+09:00
Tile File,1300.0,100.0,success,False,2026-08-19T21:10:29.402308+09:00
Tile Fine,,,failed,False,2026-08-23T02:57:59.639367+09:00
Tile Flag,50.0,100.0,success,False,2026-08-21T00:26:05.533599+09:00
Tile Flow,70.0,3.0,success,False,2026-08-19T21:13:50.204351+09:00
Tile Forge,90.0,33.0,success,False,2026-08-19T21:15:20.790094+09:00
Tile Form,390.0,38.0,success,False,2026-08-19T21:08:17.191236+09:00
Tile Format,390.0,38.0,success,False,2026-08-23T13:05:12.905502+09:00
Tile Frame,4400.0,93.0,success,False,2026-08-19T21:17:35.138769+09:00
Tile Fund,,,failed,False,2026-08-21T02:27:17.411779+09:00
Tile Gate,140.0,3.0,success,False,2026-08-19T21:29:47.496953+09:00
Tile Giveaway,10.0,3.0,success,False,2026-08-27T21:17:26.157906+09:00
Tile Grade,,,failed,False,2026-08-21T00:25:47.755507+09:00
Tile Grid,480.0,25.0,success,False,2026-08-19T21:16:36.317434+09:00
Tile Guarantee,110.0,3.0,success,False,2026-08-28T01:02:37.016845+09:00
Tile Helpdesk,,,failed,False,2026-08-27T22:50:26.115784+09:00
Tile Helper,110.0,20.0,success,False,2026-08-28T00:21:19.709791+09:00
Tile History,320.0,62.0,success,False,2026-08-19T21:10:18.944671+09:00
Tile Hotline,,,failed,False,2026-08-19T21:13:28.219579+09:00
Tile Hub,1600.0,13.0,success,False,2026-08-19T21:14:01.404689+09:00
Tile Identifier,170.0,5.0,success,False,2026-08-23T13:04:57.008398+09:00
Tile Incentive,,,failed,False,2026-08-27T21:17:23.968001+09:00
Tile Index,140.0,10.0,success,False,2026-08-19T21:12:30.069108+09:00
Tile Installment,2400.0,19.0,success,False,2026-08-23T16:14:18.981651+09:00
Tile Item,90.0,50.0,success,False,2026-08-21T01:53:38.487807+09:00
Tile Journal,,,failed,False,2026-08-19T21:31:31.502788+09:00
Tile Keeper,,,failed,False,2026-08-19T21:30:10.428031+09:00
Tile Kiosk,140.0,4.0,success,False,2026-08-19T21:04:09.833583+09:00
Tile Kit,590.0,100.0,success,False,2026-08-27T22:50:16.948494+09:00
Tile Lab,720.0,31.0,success,False,2026-08-19T21:18:46.381283+09:00
Tile Label,9900.0,0.0,success,True,2026-08-27T22:12:43.537947+09:00
Tile Layout,2900.0,70.0,success,False,2026-08-27T22:29:13.251110+09:00
Tile Ledger,110.0,38.0,success,False,2026-08-19T21:18:01.862049+09:00
Tile Level,6600.0,100.0,success,False,2026-08-19T21:10:38.305423+09:00
Tile Line,1000.0,20.0,success,False,2026-08-19T21:07:27.526395+09:00
Tile Link,1600.0,6.0,success,False,2026-08-23T03:24:18.387553+09:00
Tile List,170.0,43.0,success,False,2026-08-19T21:59:52.671651+09:00
Tile Loan,90.0,53.0,success,False,2026-08-21T02:10:51.896971+09:00
Tile Locator,880.0,97.0,success,False,2026-08-19T21:32:06.209951+09:00
Tile Locker,170.0,95.0,success,False,2026-08-19T21:03:45.298500+09:00
Tile Log,20.0,29.0,success,False,2026-08-19T21:08:07.894185+09:00
Tile Loop,,,failed,False,2026-08-19T21:16:25.825046+09:00
Tile Manager,720.0,0.0,success,False,2026-08-19T21:30:16.349132+09:00
Tile Manual,70.0,44.0,success,False,2026-08-27T22:12:43.537947+09:00
Tile Map,8100.0,0.0,success,True,2026-08-19T21:17:25.572760+09:00
Tile Margin,20.0,0.0,success,False,2026-08-23T02:57:57.265224+09:00
Tile Markup,,,failed,False,2026-08-23T16:39:00.201041+09:00
Tile Memo,,,failed,False,2026-08-21T00:25:52.909138+09:00
Tile Message,,,failed,False,2026-08-27T23:16:01.473407+09:00
Tile Monitor,20.0,0.0,success,False,2026-08-19T21:30:54.257177+09:00
Tile Nexus,140.0,2.0,success,False,2026-08-19T21:29:55.661249+09:00
Tile Note,40.0,8.0,success,False,2026-08-19T21:09:13.421479+09:00
Tile Notification,140.0,0.0,success,False,2026-08-27T22:50:09.773795+09:00
Tile Number,390.0,98.0,success,False,2026-08-23T03:24:09.830834+09:00
Tile Office,1300.0,75.0,success,False,2026-08-19T21:32:21.399233+09:00
Tile Ops,,,failed,False,2026-08-19T21:31:17.357360+09:00
Tile Order,110.0,100.0,success,False,2026-08-19T21:59:07.775168+09:00
Tile Overage,40.0,5.0,success,False,2026-08-27T21:48:28.268054+09:00
Tile Overdue,,,failed,False,2026-08-27T21:48:23.216174+09:00
Tile Panel,2900.0,100.0,success,False,2026-08-19T21:20:10.804990+09:00
Tile Pass,,,failed,False,2026-08-21T00:25:04.867976+09:00
Tile Path,1600.0,95.0,success,False,2026-08-19T21:17:02.639874+09:00
Tile Payoff,,,failed,False,2026-08-27T21:48:25.630641+09:00
Tile Petition,,,failed,False,2026-08-21T01:01:11.672775+09:00
Tile Plan,390.0,12.0,success,False,2026-08-21T01:53:51.077986+09:00
Tile Planner,590.0,14.0,success,False,2026-08-19T21:30:39.077841+09:00
Tile Playbook,,,failed,False,2026-08-19T21:31:23.417988+09:00
Tile Point,1300.0,32.0,success,False,2026-08-19T21:17:15.430061+09:00
Tile Portal,,,failed,False,2026-08-19T21:19:47.057352+09:00
Tile Profile,1000.0,100.0,success,False,2026-08-19T21:09:40.471721+09:00
Tile Profit,,,failed,False,2026-08-23T02:57:53.053705+09:00
Tile Proposal,10.0,0.0,success,False,2026-08-28T01:02:37.016845+09:00
Tile Queue,,,failed,False,2026-08-19T21:12:51.464479+09:00
Tile Quota,,,failed,False,2026-08-21T00:26:00.566845+09:00
Tile Radar,,,failed,False,2026-08-19T21:14:21.531663+09:00
Tile Rail,170.0,96.0,success,False,2026-08-19T21:29:19.590151+09:00
Tile Rate,6600.0,35.0,success,False,2026-08-19T21:10:50.221080+09:00
Tile Receipt,,,failed,False,2026-08-19T21:59:30.293970+09:00
Tile Registry,,,failed,False,2026-08-19T21:31:40.381854+09:00
Tile Relay,20.0,3.0,success,False,2026-08-19T21:14:31.473745+09:00
Tile Reminder,10.0,89.0,success,False,2026-08-19T21:12:07.891173+09:00
Tile Report,40.0,1.0,success,False,2026-08-19T21:07:57.029357+09:00
Tile Ring,260.0,5.0,success,False,2026-08-19T21:29:40.498335+09:00
Tile Route,50.0,12.0,success,False,2026-08-19T21:29:10.316262+09:00
Tile Rule,50.0,2.0,success,False,2026-08-23T03:24:21.370472+09:00
Tile Sale,18100.0,100.0,success,False,2026-08-21T02:27:23.796384+09:00
Tile Sample,4400.0,100.0,success,False,2026-08-19T22:00:33.480377+09:00
Tile Scale,1000.0,4.0,success,False,2026-08-19T21:29:05.227189+09:00
Tile Scanner,140.0,2.0,success,False,2026-08-27T23:50:42.966915+09:00
Tile Scheduler,,,failed,False,2026-08-19T21:30:45.595196+09:00
Tile Scope,20.0,14.0,success,False,2026-08-19T21:16:11.566322+09:00
Tile Score,590.0,100.0,success,False,2026-08-19T21:09:00.850536+09:00
Tile Shelf,1600.0,100.0,success,False,2026-08-19T21:05:49.435162+09:00
Tile Shortfall,,,failed,False,2026-08-27T21:48:33.250783+09:00
Tile Signal,,,failed,False,2026-08-19T21:15:52.181697+09:00
Tile Slip,1000.0,68.0,success,False,2026-08-19T22:00:23.357458+09:00
Tile Slot,20.0,0.0,success,False,2026-08-19T22:00:43.745625+09:00
Tile Statement,,,failed,False,2026-08-21T00:25:32.620138+09:00
Tile Station,320.0,77.0,success,False,2026-08-19T21:19:00.035786+09:00
Tile Status,20.0,0.0,success,False,2026-08-19T21:09:50.193216+09:00
Tile Stub,,,failed,False,2026-08-21T00:25:26.988508+09:00
Tile Studio,5400.0,11.0,success,False,2026-08-19T21:18:32.816387+09:00
Tile Sum,,,failed,False,2026-08-21T02:27:05.386441+09:00
Tile Summary,,,failed,False,2026-08-19T21:11:44.619551+09:00
Tile Table,6600.0,100.0,success,False,2026-08-19T22:00:01.898557+09:00
Tile Tag,4400.0,100.0,success,False,2026-08-19T21:09:27.813218+09:00
Tile Tally,10.0,1.0,success,False,2026-08-21T00:25:40.973918+09:00
Tile Tariff,,,failed,False,2026-08-21T02:43:44.053859+09:00
Tile Tax,50.0,0.0,success,False,2026-08-21T02:10:49.609792+09:00
Tile Terminal,70.0,8.0,success,False,2026-08-19T21:19:09.949699+09:00
Tile Ticker,20.0,19.0,success,False,2026-08-19T21:07:18.151537+09:00
Tile Ticket,,,failed,False,2026-08-19T21:12:41.804289+09:00
Tile Timeline,,,failed,False,2026-08-19T21:11:58.211530+09:00
Tile Toll,,,failed,False,2026-08-21T02:43:37.252901+09:00
Tile Toolbox,,,failed,False,2026-08-28T00:21:17.081309+09:00
Tile Total,,,failed,False,2026-08-27T23:16:01.473407+09:00
Tile Tracker,74000.0,100.0,success,False,2026-08-19T21:13:38.700903+09:00
Tile Trail,110.0,90.0,success,False,2026-08-19T21:29:26.779055+09:00
Tile Trial,110.0,97.0,success,False,2026-08-27T21:17:21.350185+09:00
Tile Unit,260.0,13.0,success,False,2026-08-21T01:53:46.295961+09:00
Tile Update,20.0,4.0,success,False,2026-08-19T21:11:02.607888+09:00
Tile Value,30.0,8.0,success,False,2026-08-23T02:57:55.201782+09:00
Tile Vault,210.0,0.0,success,False,2026-08-19T21:14:42.578262+09:00
Tile Version,,,failed,False,2026-08-23T03:24:13.637906+09:00
Tile View,880.0,2.0,success,False,2026-08-19T21:10:07.849360+09:00
Tile Voucher,,,failed,False,2026-08-21T00:25:13.031282+09:00
Tile Watch,110.0,50.0,success,False,2026-08-19T21:16:02.434865+09:00
Tile Wave,1300.0,100.0,success,False,2026-08-19T21:16:48.614230+09:00
Tile Widget,50.0,0.0,success,False,2026-08-27T23:16:04.692896+09:00
Tile Worksheet,,,failed,False,2026-08-27T22:12:46.306034+09:00
Tile Workshop,1600.0,24.0,success,False,2026-08-28T00:21:14.040617+09:00
Tile Yard,1300.0,17.0,success,False,2026-08-19T21:04:22.708628+09:00
Tile Zone,2400.0,32.0,success,False,2026-08-19T21:19:35.712806+09:00
Timeline Advisory,,,failed,False,2026-08-21T01:08:36.289589+09:00
Timeline Alert,,,failed,False,2026-08-19T13:28:26.877196+09:00
Timeline Allowance,,,failed,False,2026-08-21T02:36:58.611410+09:00
Timeline Analyzer,,,failed,False,2026-08-27T23:54:04.696724+09:00
Timeline Assistant,,,failed,False,2026-08-19T13:21:04.898366+09:00
Timeline Attribute,,,failed,False,2026-08-23T13:05:25.615596+09:00
Timeline Beacon,,,failed,False,2026-08-19T13:33:08.765794+09:00
Timeline Bill,,,failed,False,2026-08-19T22:01:48.957551+09:00
Timeline Board,260.0,13.0,success,False,2026-08-19T13:37:25.441438+09:00
Timeline Book,1600.0,39.0,success,False,2026-08-19T22:02:41.688719+09:00
Timeline Bridge,,,failed,False,2026-08-19T13:33:46.951331+09:00
Timeline Brief,,,failed,False,2026-08-21T01:08:27.933703+09:00
Timeline Bulletin,,,failed,False,2026-08-21T01:08:23.538465+09:00
Timeline Calculator,590.0,0.0,success,False,2026-08-27T23:33:41.786723+09:00
Timeline Calendar,720.0,27.0,success,False,2026-08-19T13:24:22.197081+09:00
Timeline Card,210.0,10.0,success,False,2026-08-19T13:30:50.408917+09:00
Timeline Cascade,,,failed,False,2026-08-19T13:33:40.733972+09:00
Timeline Cash,,,failed,False,2026-08-21T02:20:57.219379+09:00
Timeline Category,,,failed,False,2026-08-23T13:05:23.446570+09:00
Timeline Center,,,failed,False,2026-08-19T13:38:55.423036+09:00
Timeline Chain,,,failed,False,2026-08-19T13:41:12.937543+09:00
Timeline Charge,,,failed,False,2026-08-21T02:36:44.892736+09:00
Timeline Check,50.0,0.0,success,False,2026-08-19T13:31:05.950766+09:00
Timeline Checker,,,failed,False,2026-08-27T23:53:51.631383+09:00
Timeline Checklist,140.0,2.0,success,False,2026-08-19T21:18:03.656517+09:00
Timeline Circular,320.0,1.0,success,False,2026-08-21T01:08:31.890939+09:00
Timeline Code,70.0,1.0,success,False,2026-08-19T22:02:09.365210+09:00
Timeline Companion,,,failed,False,2026-08-19T13:22:55.768758+09:00
Timeline Comparison,210.0,1.0,success,False,2026-08-28T01:04:14.556573+09:00
Timeline Compass,,,failed,False,2026-08-19T13:32:58.947587+09:00
Timeline Confirmation,,,failed,False,2026-08-21T01:08:45.073430+09:00
Timeline Console,,,failed,False,2026-08-19T13:39:37.773489+09:00
Timeline Core,,,failed,False,2026-08-19T13:36:52.870932+09:00
Timeline Cost,,,failed,False,2026-08-21T02:15:19.980644+09:00
Timeline Counter,40500.0,2.0,success,False,2026-08-19T13:25:22.323430+09:00
Timeline Deal,,,failed,False,2026-08-21T01:59:47.241476+09:00
Timeline Debt,10.0,8.0,success,False,2026-08-21T02:31:01.801994+09:00
Timeline Desk,,,failed,False,2026-08-19T13:32:25.938189+09:00
Timeline Detail,,,failed,False,2026-08-23T03:15:38.644159+09:00
Timeline Detector,,,failed,False,2026-08-27T23:54:02.041371+09:00
Timeline Diagram,3600.0,8.0,success,False,2026-08-27T22:09:05.119901+09:00
Timeline Digest,,,failed,False,2026-08-19T20:45:45.249853+09:00
Timeline Directory,,,failed,False,2026-08-19T13:24:45.773598+09:00
Timeline Dossier,,,failed,False,2026-08-21T01:08:49.317162+09:00
Timeline Draft,50.0,13.0,success,False,2026-08-19T20:45:56.516624+09:00
Timeline Due,,,failed,False,2026-08-23T15:50:51.928952+09:00
Timeline Duty,,,failed,False,2026-08-21T02:36:50.213443+09:00
Timeline Engine,,,failed,False,2026-08-19T13:20:50.883072+09:00
Timeline Entry,30.0,0.0,success,False,2026-08-21T01:09:04.636561+09:00
Timeline Estimator,,,failed,False,2026-08-27T23:53:48.068906+09:00
Timeline Excerpt,,,failed,False,2026-08-21T01:08:59.079967+09:00
Timeline Extension,140.0,4.0,success,False,2026-08-23T16:37:52.353259+09:00
Timeline Fare,,,failed,False,2026-08-21T02:15:23.867854+09:00
Timeline Fee,,,failed,False,2026-08-21T01:59:29.977509+09:00
Timeline Feed,90.0,0.0,success,False,2026-08-19T20:45:50.851524+09:00
Timeline File,20.0,2.0,success,False,2026-08-19T20:45:14.737555+09:00
Timeline Fine,,,failed,False,2026-08-23T02:52:46.674301+09:00
Timeline Flag,110.0,0.0,success,False,2026-08-21T00:35:39.216644+09:00
Timeline Flow,90.0,3.0,success,False,2026-08-19T13:32:09.131651+09:00
Timeline Forge,,,failed,False,2026-08-19T13:33:37.732630+09:00
Timeline Form,2400.0,7.0,success,False,2026-08-19T13:30:45.657035+09:00
Timeline Format,2400.0,7.0,success,False,2026-08-23T13:05:30.348326+09:00
Timeline Frame,49500.0,3.0,success,False,2026-08-19T13:36:00.987511+09:00
Timeline Fund,,,failed,False,2026-08-21T02:20:53.673511+09:00
Timeline Gate,,,failed,False,2026-08-19T13:41:47.769675+09:00
Timeline Generator,3600.0,37.0,success,False,2026-08-27T23:33:44.180907+09:00
Timeline Graph,9900.0,7.0,success,False,2026-08-27T22:08:49.995304+09:00
Timeline Grid,110.0,5.0,success,False,2026-08-19T13:34:28.843739+09:00
Timeline Guarantee,,,failed,False,2026-08-28T01:04:22.068071+09:00
Timeline Guardian,,,failed,False,2026-08-28T00:23:47.118724+09:00
Timeline Helpdesk,,,failed,False,2026-08-27T22:46:50.983424+09:00
Timeline Helper,30.0,13.0,success,False,2026-08-28T00:23:49.555058+09:00
Timeline History,14800.0,0.0,success,True,2026-08-19T20:45:10.019254+09:00
Timeline Hotline,,,failed,False,2026-08-19T21:19:17.312411+09:00
Timeline Hub,10.0,0.0,success,False,2026-08-19T13:32:19.751583+09:00
Timeline Identifier,,,failed,False,2026-08-23T13:05:20.503897+09:00
Timeline Inbox,10.0,0.0,success,False,2026-08-19T13:28:15.783876+09:00
Timeline Index,40.0,0.0,success,False,2026-08-19T21:18:14.475118+09:00
Timeline Item,20.0,0.0,success,False,2026-08-21T01:59:37.170622+09:00
Timeline Journal,210.0,43.0,success,False,2026-08-19T13:23:46.954730+09:00
Timeline Kit,,,failed,False,2026-08-27T22:46:42.853394+09:00
Timeline Lab,40.0,14.0,success,False,2026-08-19T13:37:57.164882+09:00
Timeline Label,40.0,1.0,success,False,2026-08-27T22:08:54.322972+09:00
Timeline Layout,1300.0,4.0,success,False,2026-08-27T22:28:42.749169+09:00
Timeline Ledger,,,failed,False,2026-08-19T13:37:07.437416+09:00
Timeline Level,,,failed,False,2026-08-19T20:45:21.816276+09:00
Timeline Line,1600.0,1.0,success,False,2026-08-19T13:29:35.607135+09:00
Timeline Link,320.0,0.0,success,False,2026-08-23T03:15:32.798139+09:00
Timeline List,170.0,0.0,success,False,2026-08-19T22:02:19.043714+09:00
Timeline Loan,,,failed,False,2026-08-21T02:15:31.230859+09:00
Timeline Log,320.0,1.0,success,False,2026-08-19T13:30:35.292295+09:00
Timeline Loop,110.0,2.0,success,False,2026-08-19T13:34:20.014616+09:00
Timeline Manager,1000.0,6.0,success,False,2026-08-19T13:42:30.376897+09:00
Timeline Manual,70.0,0.0,success,False,2026-08-27T22:08:54.322972+09:00
Timeline Map,2900.0,6.0,success,False,2026-08-19T13:35:44.896452+09:00
Timeline Marker,260.0,5.0,success,False,2026-08-23T13:26:52.809343+09:00
Timeline Markup,,,failed,False,2026-08-23T16:37:49.888860+09:00
Timeline Memo,10.0,0.0,success,False,2026-08-21T00:35:31.431507+09:00
Timeline Monitor,50.0,54.0,success,False,2026-08-19T13:22:09.591180+09:00
Timeline Nexus,10.0,0.0,success,False,2026-08-19T13:41:55.083304+09:00
Timeline Note,320.0,2.0,success,False,2026-08-19T13:31:38.491721+09:00
Timeline Notification,320.0,0.0,success,False,2026-08-27T22:46:40.495541+09:00
Timeline Number,210.0,0.0,success,False,2026-08-23T03:15:22.651664+09:00
Timeline Office,210.0,23.0,success,False,2026-08-19T13:25:08.614186+09:00
Timeline Ops,,,failed,False,2026-08-19T13:23:19.735168+09:00
Timeline Overdue,,,failed,False,2026-08-27T21:46:28.400647+09:00
Timeline Panel,170.0,0.0,success,False,2026-08-19T13:39:51.910868+09:00
Timeline Path,90.0,1.0,success,False,2026-08-19T13:35:21.181056+09:00
Timeline Penalty,,,failed,False,2026-08-23T16:37:47.617319+09:00
Timeline Petition,,,failed,False,2026-08-21T01:08:40.341221+09:00
Timeline Plan,1600.0,26.0,success,False,2026-08-21T01:59:43.959754+09:00
Timeline Planner,1600.0,26.0,success,False,2026-08-19T13:21:40.944519+09:00
Timeline Point,50.0,0.0,success,False,2026-08-19T13:35:27.432298+09:00
Timeline Portal,30.0,1.0,success,False,2026-08-19T13:39:22.411617+09:00
Timeline Preview,30.0,1.0,success,False,2026-08-28T01:04:19.597729+09:00
Timeline Profit,,,failed,False,2026-08-23T02:52:35.436753+09:00
Timeline Proposal,320.0,3.0,success,False,2026-08-28T01:04:19.597729+09:00
Timeline Quota,,,failed,False,2026-08-21T00:35:34.561312+09:00
Timeline Radar,,,failed,False,2026-08-19T13:32:40.491815+09:00
Timeline Rail,20.0,20.0,success,False,2026-08-19T13:40:38.246974+09:00
Timeline Recap,20.0,0.0,success,False,2026-08-21T01:08:54.756215+09:00
Timeline Receipt,,,failed,False,2026-08-19T22:01:57.019761+09:00
Timeline Redemption,,,failed,False,2026-08-23T16:37:52.353259+09:00
Timeline Register,10.0,0.0,success,False,2026-08-19T13:23:10.003028+09:00
Timeline Registry,,,failed,False,2026-08-19T13:24:10.018965+09:00
Timeline Relay,,,failed,False,2026-08-19T13:32:45.255500+09:00
Timeline Reminder,70.0,1.0,success,False,2026-08-19T21:17:55.830991+09:00
Timeline Report,390.0,4.0,success,False,2026-08-19T13:30:10.449633+09:00
Timeline Repository,,,failed,False,2026-08-27T23:12:02.088858+09:00
Timeline Roll,,,failed,False,2026-08-19T13:29:58.473439+09:00
Timeline Route,,,failed,False,2026-08-19T13:40:19.370480+09:00
Timeline Rule,,,failed,False,2026-08-23T03:15:35.333103+09:00
Timeline Sale,,,failed,False,2026-08-21T02:21:00.139536+09:00
Timeline Scanner,,,failed,False,2026-08-27T23:53:59.228828+09:00
Timeline Scheduler,590.0,10.0,success,False,2026-08-19T13:21:55.310171+09:00
Timeline Scope,40.0,0.0,success,False,2026-08-19T13:34:11.345054+09:00
Timeline Score,10.0,0.0,success,False,2026-08-19T13:31:17.650623+09:00
Timeline Sheet,390.0,11.0,success,False,2026-08-19T13:31:00.342217+09:00
Timeline Signal,20.0,0.0,success,False,2026-08-19T13:33:54.731377+09:00
Timeline Signature,,,failed,False,2026-08-23T13:26:49.261296+09:00
Timeline Slip,50.0,2.0,success,False,2026-08-19T22:02:50.225246+09:00
Timeline Slot,,,failed,False,2026-08-19T22:03:08.515859+09:00
Timeline Stake,,,failed,False,2026-08-23T02:52:39.945062+09:00
Timeline Stamp,40500.0,9.0,success,False,2026-08-23T13:26:52.809343+09:00
Timeline Statement,,,failed,False,2026-08-21T00:35:23.760596+09:00
Timeline Station,,,failed,False,2026-08-19T13:38:13.390546+09:00
Timeline Status,50.0,1.0,success,False,2026-08-19T20:44:50.684915+09:00
Timeline Studio,720.0,1.0,success,False,2026-08-19T13:37:46.745101+09:00
Timeline Sum,,,failed,False,2026-08-21T02:31:01.801994+09:00
Timeline Summary,170.0,0.0,success,False,2026-08-19T21:17:38.869284+09:00
Timeline Tab,70.0,1.0,success,False,2026-08-21T00:35:46.572141+09:00
Timeline Table,823000.0,42.0,success,False,2026-08-19T22:02:29.042116+09:00
Timeline Tariff,10.0,0.0,success,False,2026-08-21T02:37:01.944995+09:00
Timeline Tax,,,failed,False,2026-08-21T02:15:26.957875+09:00
Timeline Ticker,10.0,0.0,success,False,2026-08-19T13:29:22.570342+09:00
Timeline Timer,480.0,9.0,success,False,2026-08-28T00:23:35.070799+09:00
Timeline Token,,,failed,False,2026-08-23T13:26:46.141852+09:00
Timeline Toll,,,failed,False,2026-08-21T02:36:53.900229+09:00
Timeline Toolbox,,,failed,False,2026-08-28T00:23:47.118724+09:00
Timeline Tracker,390.0,20.0,success,False,2026-08-19T13:32:02.705004+09:00
Timeline Trail,,,failed,False,2026-08-19T13:40:53.899440+09:00
Timeline Trial,10.0,5.0,success,False,2026-08-27T21:14:45.418872+09:00
Timeline Unit,30.0,0.0,success,False,2026-08-21T01:59:39.898712+09:00
Timeline Update,320.0,0.0,success,False,2026-08-19T20:45:37.673361+09:00
Timeline Value,,,failed,False,2026-08-23T02:52:37.533661+09:00
Timeline Version,30.0,0.0,success,False,2026-08-23T03:15:28.674871+09:00
Timeline View,1900.0,6.0,success,False,2026-08-19T20:44:56.793146+09:00
Timeline Watch,1000.0,13.0,success,False,2026-08-19T13:34:00.979457+09:00
Timeline Wave,70.0,0.0,success,False,2026-08-19T13:35:12.097075+09:00
Timeline Widget,260.0,5.0,success,False,2026-08-27T23:11:52.510647+09:00
Timeline Window,50.0,0.0,success,False,2026-08-19T13:29:52.884526+09:00
Timeline Worksheet,720.0,3.0,success,False,2026-08-27T22:09:01.274163+09:00
Timeline Workshop,40.0,0.0,success,False,2026-08-28T00:23:37.982808+09:00
Timeline Zone,823000.0,18.0,success,False,2026-08-19T13:39:01.193066+09:00
Timesheet Advisory,,,failed,False,2026-08-21T01:04:41.877436+09:00
Timesheet Allowance,,,failed,False,2026-08-21T02:42:44.475010+09:00
Timesheet Almanac,,,failed,False,2026-08-18T22:07:30.618042+09:00
Timesheet Analyzer,,,failed,False,2026-08-27T23:57:42.673163+09:00
Timesheet Anchor,,,failed,False,2026-08-17T20:46:42.242736+09:00
Timesheet Arrears,,,failed,False,2026-08-23T16:15:43.832612+09:00
Timesheet Assistant,,,failed,False,2026-08-17T23:25:36.258312+09:00
Timesheet Atlas,,,failed,False,2026-08-17T20:37:28.424048+09:00
Timesheet Attribute,,,failed,False,2026-08-23T13:08:17.193422+09:00
Timesheet Badge,,,failed,False,2026-08-21T00:32:06.767489+09:00
Timesheet Balance,,,failed,False,2026-08-23T13:47:46.605419+09:00
Timesheet Base,,,failed,False,2026-08-17T20:34:11.615000+09:00
Timesheet Beacon,,,failed,False,2026-08-17T21:32:36.544768+09:00
Timesheet Bill,,,failed,False,2026-08-19T21:56:48.069412+09:00
Timesheet Blueprint,,,failed,False,2026-08-18T22:07:24.351116+09:00
Timesheet Board,,,failed,False,2026-08-18T07:52:41.803734+09:00
Timesheet Book,480.0,100.0,success,False,2026-08-19T21:57:37.806809+09:00
Timesheet Bridge,,,failed,False,2026-08-17T20:48:00.384731+09:00
Timesheet Brief,,,failed,False,2026-08-21T01:04:35.050629+09:00
Timesheet Bulletin,,,failed,False,2026-08-21T01:04:24.715250+09:00
Timesheet Cabinet,,,failed,False,2026-08-27T23:15:10.643747+09:00
Timesheet Calculator,110000.0,4.0,success,False,2026-08-27T23:35:50.995626+09:00
Timesheet Calendar,140.0,57.0,success,False,2026-08-18T23:58:07.902911+09:00
Timesheet Card,480.0,100.0,success,False,2026-08-19T13:29:19.231161+09:00
Timesheet Cascade,,,failed,False,2026-08-17T21:30:18.085086+09:00
Timesheet Cash,,,failed,False,2026-08-21T02:27:26.146379+09:00
Timesheet Catalog,,,failed,False,2026-08-19T21:14:25.391974+09:00
Timesheet Category,,,failed,False,2026-08-23T13:08:15.174863+09:00
Timesheet Center,,,failed,False,2026-08-17T21:35:14.152571+09:00
Timesheet Chain,,,failed,False,2026-08-17T20:41:47.517366+09:00
Timesheet Charge,,,failed,False,2026-08-21T02:42:36.894313+09:00
Timesheet Check,40.0,22.0,success,False,2026-08-19T13:29:49.322759+09:00
Timesheet Checker,40.0,22.0,success,False,2026-08-27T23:57:33.676197+09:00
Timesheet Checklist,10.0,100.0,success,False,2026-08-19T21:13:31.913325+09:00
Timesheet Circular,,,failed,False,2026-08-21T01:05:11.632109+09:00
Timesheet Cockpit,,,failed,False,2026-08-17T23:11:46.496961+09:00
Timesheet Code,70.0,5.0,success,False,2026-08-19T21:57:05.603826+09:00
Timesheet Codex,,,failed,False,2026-08-18T22:07:47.344279+09:00
Timesheet Companion,,,failed,False,2026-08-17T23:26:52.800903+09:00
Timesheet Comparison,10.0,,success,False,2026-08-28T01:07:44.108969+09:00
Timesheet Compass,,,failed,False,2026-08-17T21:33:37.652467+09:00
Timesheet Compendium,,,failed,False,2026-08-18T22:07:40.431986+09:00
Timesheet Confirmation,,,failed,False,2026-08-21T01:04:52.081586+09:00
Timesheet Console,,,failed,False,2026-08-17T21:31:59.895065+09:00
Timesheet Converter,1000.0,1.0,success,False,2026-08-27T23:35:50.995626+09:00
Timesheet Core,,,failed,False,2026-08-17T20:33:10.817795+09:00
Timesheet Cost,10.0,86.0,success,False,2026-08-21T02:11:50.760630+09:00
Timesheet Count,,,failed,False,2026-08-27T22:49:42.275363+09:00
Timesheet Counter,30.0,30.0,success,False,2026-08-18T23:59:02.629298+09:00
Timesheet Dashboard,90.0,25.0,success,False,2026-08-17T23:26:36.000104+09:00
Timesheet Deal,,,failed,False,2026-08-21T01:56:41.739952+09:00
Timesheet Debt,,,failed,False,2026-08-21T02:27:19.706336+09:00
Timesheet Deck,,,failed,False,2026-08-18T07:52:53.130004+09:00
Timesheet Depot,,,failed,False,2026-08-18T23:58:46.816942+09:00
Timesheet Desk,,,failed,False,2026-08-17T21:37:57.485180+09:00
Timesheet Detail,,,failed,False,2026-08-23T03:21:32.618577+09:00
Timesheet Detector,,,failed,False,2026-08-27T23:57:37.780075+09:00
Timesheet Dial,,,failed,False,2026-08-17T20:48:34.410191+09:00
Timesheet Digest,,,failed,False,2026-08-19T20:43:41.671766+09:00
Timesheet Directory,,,failed,False,2026-08-18T23:58:19.517114+09:00
Timesheet Dock,,,failed,False,2026-08-17T20:44:17.126543+09:00
Timesheet Dossier,,,failed,False,2026-08-21T01:05:08.043022+09:00
Timesheet Downpayment,,,failed,False,2026-08-27T21:48:59.482652+09:00
Timesheet Draft,,,failed,False,2026-08-19T20:43:53.666341+09:00
Timesheet Due,720.0,0.0,success,False,2026-08-23T15:52:24.692181+09:00
Timesheet Duty,,,failed,False,2026-08-21T02:42:39.559962+09:00
Timesheet Engine,,,failed,False,2026-08-17T23:08:28.176792+09:00
Timesheet Entry,260.0,9.0,success,False,2026-08-21T01:05:28.222738+09:00
Timesheet Estimate,,,failed,False,2026-08-19T21:14:14.890297+09:00
Timesheet Excerpt,,,failed,False,2026-08-21T01:05:25.449789+09:00
Timesheet Extension,,,failed,False,2026-08-23T16:39:38.014835+09:00
Timesheet Fare,,,failed,False,2026-08-21T02:11:57.284997+09:00
Timesheet Fee,,,failed,False,2026-08-21T01:56:21.292165+09:00
Timesheet Feed,,,failed,False,2026-08-19T20:43:48.362624+09:00
Timesheet Field,,,failed,False,2026-08-23T13:08:19.388505+09:00
Timesheet File,,,failed,False,2026-08-19T20:43:16.240040+09:00
Timesheet Finder,,,failed,False,2026-08-18T23:58:38.723569+09:00
Timesheet Fine,,,failed,False,2026-08-23T02:56:43.732981+09:00
Timesheet Flag,,,failed,False,2026-08-21T00:32:47.883810+09:00
Timesheet Flow,,,failed,False,2026-08-18T07:52:15.038723+09:00
Timesheet Forge,,,failed,False,2026-08-17T21:31:28.023870+09:00
Timesheet Form,590.0,66.0,success,False,2026-08-19T13:29:02.484553+09:00
Timesheet Format,590.0,66.0,success,False,2026-08-23T13:08:21.567126+09:00
Timesheet Frame,,,failed,False,2026-08-17T20:35:03.370957+09:00
Timesheet Fund,,,failed,False,2026-08-21T02:27:23.796384+09:00
Timesheet Gate,,,failed,False,2026-08-17T20:39:17.196343+09:00
Timesheet Generator,140.0,30.0,success,False,2026-08-27T23:35:50.995626+09:00
Timesheet Grade,,,failed,False,2026-08-21T00:32:31.934653+09:00
Timesheet Graph,30.0,6.0,success,False,2026-08-27T22:13:13.048056+09:00
Timesheet Grid,10.0,7.0,success,False,2026-08-17T20:42:08.223187+09:00
Timesheet Guarantee,,,failed,False,2026-08-28T01:07:52.961175+09:00
Timesheet Guard,,,failed,False,2026-08-17T20:33:42.611240+09:00
Timesheet Guidebook,,,failed,False,2026-08-18T22:07:05.348378+09:00
Timesheet Helpdesk,,,failed,False,2026-08-27T22:49:44.992225+09:00
Timesheet Helper,20.0,46.0,success,False,2026-08-28T00:26:37.162050+09:00
Timesheet History,20.0,5.0,success,False,2026-08-19T20:43:08.672141+09:00
Timesheet Hotline,,,failed,False,2026-08-19T21:14:36.641890+09:00
Timesheet Hub,,,failed,False,2026-08-17T21:41:25.564008+09:00
Timesheet Identifier,,,failed,False,2026-08-23T13:08:12.908274+09:00
Timesheet Index,,,failed,False,2026-08-19T21:13:44.257474+09:00
Timesheet Insight,,,failed,False,2026-08-17T23:04:29.933530+09:00
Timesheet Installment,,,failed,False,2026-08-23T16:15:40.537214+09:00
Timesheet Item,,,failed,False,2026-08-21T01:56:23.932930+09:00
Timesheet Journal,,,failed,False,2026-08-18T22:06:49.548592+09:00
Timesheet Keeper,20.0,53.0,success,False,2026-08-17T20:35:32.317442+09:00
Timesheet Lab,,,failed,False,2026-08-17T21:38:29.386806+09:00
Timesheet Label,,,failed,False,2026-08-27T22:13:13.048056+09:00
Timesheet Layout,9900.0,76.0,success,False,2026-08-27T22:29:10.054268+09:00
Timesheet Ledger,,,failed,False,2026-08-17T20:32:00.957216+09:00
Timesheet Lens,,,failed,False,2026-08-17T20:36:02.767132+09:00
Timesheet Levy,,,failed,False,2026-08-23T13:47:51.726767+09:00
Timesheet Link,20.0,12.0,success,False,2026-08-23T03:21:22.362914+09:00
Timesheet List,10.0,12.0,success,False,2026-08-19T21:57:14.341308+09:00
Timesheet Loan,,,failed,False,2026-08-21T02:12:06.796728+09:00
Timesheet Locator,,,failed,False,2026-08-18T23:58:29.314698+09:00
Timesheet Lock,,,failed,False,2026-08-17T20:37:58.727524+09:00
Timesheet Log,90.0,77.0,success,False,2026-08-19T13:28:55.054153+09:00
Timesheet Loop,,,failed,False,2026-08-17T20:42:54.961047+09:00
Timesheet Manager,390.0,39.0,success,False,2026-08-17T20:34:35.742752+09:00
Timesheet Manual,140.0,20.0,success,False,2026-08-27T22:13:16.015424+09:00
Timesheet Map,,,failed,False,2026-08-17T20:37:00.325562+09:00
Timesheet Margin,,,failed,False,2026-08-23T02:56:41.108127+09:00
Timesheet Memo,10.0,0.0,success,False,2026-08-21T00:32:38.054061+09:00
Timesheet Message,,,failed,False,2026-08-27T23:15:04.402308+09:00
Timesheet Meter,,,failed,False,2026-08-17T20:47:19.659128+09:00
Timesheet Metrics,,,failed,False,2026-08-17T23:26:22.390418+09:00
Timesheet Monitor,,,failed,False,2026-08-17T23:26:08.164356+09:00
Timesheet Navigator,,,failed,False,2026-08-17T23:06:24.757707+09:00
Timesheet Nexus,,,failed,False,2026-08-17T20:38:21.061174+09:00
Timesheet Node,,,failed,False,2026-08-17T20:40:10.157299+09:00
Timesheet Note,,,failed,False,2026-08-19T13:30:10.449633+09:00
Timesheet Notification,,,failed,False,2026-08-27T22:49:39.100911+09:00
Timesheet Number,,,failed,False,2026-08-23T03:21:14.808090+09:00
Timesheet Office,50.0,28.0,success,False,2026-08-18T23:58:54.171473+09:00
Timesheet Ops,,,failed,False,2026-08-17T23:27:06.990402+09:00
Timesheet Order,,,failed,False,2026-08-19T21:56:32.690388+09:00
Timesheet Organizer,10.0,88.0,success,False,2026-08-17T23:10:09.982693+09:00
Timesheet Overage,,,failed,False,2026-08-27T21:48:57.191063+09:00
Timesheet Overdraft,,,failed,False,2026-08-23T15:52:26.691302+09:00
Timesheet Overdue,,,failed,False,2026-08-27T21:48:52.496958+09:00
Timesheet Panel,,,failed,False,2026-08-17T21:30:50.388708+09:00
Timesheet Pass,,,failed,False,2026-08-21T00:31:52.807063+09:00
Timesheet Path,,,failed,False,2026-08-17T20:39:43.687132+09:00
Timesheet Payoff,,,failed,False,2026-08-27T21:48:54.950777+09:00
Timesheet Penalty,,,failed,False,2026-08-23T16:39:33.315090+09:00
Timesheet Petition,,,failed,False,2026-08-21T01:05:18.575555+09:00
Timesheet Pilot,,,failed,False,2026-08-17T21:39:22.624237+09:00
Timesheet Plan,,,failed,False,2026-08-21T01:56:38.086153+09:00
Timesheet Planner,20.0,73.0,success,False,2026-08-17T23:15:18.258563+09:00
Timesheet Playbook,,,failed,False,2026-08-18T22:06:41.570881+09:00
Timesheet Point,,,failed,False,2026-08-17T20:38:46.053243+09:00
Timesheet Portal,2400.0,27.0,success,False,2026-08-17T21:33:10.630129+09:00
Timesheet Preview,,,failed,False,2026-08-28T01:07:47.366767+09:00
Timesheet Profile,,,failed,False,2026-08-19T13:30:45.657035+09:00
Timesheet Profit,,,failed,False,2026-08-23T02:56:32.879910+09:00
Timesheet Proposal,,,failed,False,2026-08-28T01:07:47.366767+09:00
Timesheet Pulse,,,failed,False,2026-08-17T20:41:17.748242+09:00
Timesheet Queue,,,failed,False,2026-08-19T21:14:05.700076+09:00
Timesheet Quota,,,failed,False,2026-08-21T00:32:43.028189+09:00
Timesheet Radar,,,failed,False,2026-08-17T21:36:47.272145+09:00
Timesheet Rail,,,failed,False,2026-08-17T20:43:26.313536+09:00
Timesheet Rate,,,failed,False,2026-08-19T20:43:28.887944+09:00
Timesheet Recap,,,failed,False,2026-08-21T01:05:20.057524+09:00
Timesheet Receipt,,,failed,False,2026-08-19T21:56:56.242658+09:00
Timesheet Register,20.0,14.0,success,False,2026-08-17T23:13:24.499414+09:00
Timesheet Registry,,,failed,False,2026-08-18T22:07:14.456265+09:00
Timesheet Relay,,,failed,False,2026-08-17T21:35:46.466784+09:00
Timesheet Reminder,2900.0,0.0,success,True,2026-08-19T21:13:19.288024+09:00
Timesheet Report,170.0,13.0,success,False,2026-08-19T13:28:46.213071+09:00
Timesheet Repository,,,failed,False,2026-08-27T23:15:13.027326+09:00
Timesheet Roadmap,,,failed,False,2026-08-18T22:07:55.686998+09:00
Timesheet Roster,10.0,24.0,success,False,2026-08-19T00:37:23.570326+09:00
Timesheet Route,,,failed,False,2026-08-17T20:45:16.547101+09:00
Timesheet Rule,,,failed,False,2026-08-23T03:21:28.061139+09:00
Timesheet Sale,,,failed,False,2026-08-21T02:27:29.296336+09:00
Timesheet Sample,1900.0,96.0,success,False,2026-08-19T21:57:59.626776+09:00
Timesheet Scale,,,failed,False,2026-08-17T20:46:04.855118+09:00
Timesheet Scanner,,,failed,False,2026-08-27T23:57:37.780075+09:00
Timesheet Scheduler,,,failed,False,2026-08-17T23:25:53.472363+09:00
Timesheet Scope,,,failed,False,2026-08-17T20:43:56.267353+09:00
Timesheet Score,,,failed,False,2026-08-19T13:29:58.473439+09:00
Timesheet Sentry,,,failed,False,2026-08-17T20:36:28.708934+09:00
Timesheet Sheet,,,failed,False,2026-08-19T13:29:35.607135+09:00
Timesheet Shortfall,,,failed,False,2026-08-27T21:49:01.717649+09:00
Timesheet Signal,,,failed,False,2026-08-17T20:45:45.792269+09:00
Timesheet Signature,10.0,10.0,success,False,2026-08-23T13:27:56.242264+09:00
Timesheet Slip,,,failed,False,2026-08-19T21:57:51.707228+09:00
Timesheet Slot,,,failed,False,2026-08-19T21:58:11.207870+09:00
Timesheet Snapshot,,,failed,False,2026-08-18T22:06:59.160335+09:00
Timesheet Stake,,,failed,False,2026-08-23T02:56:38.023044+09:00
Timesheet Stamp,,,failed,False,2026-08-23T13:27:56.242264+09:00
Timesheet Statement,,,failed,False,2026-08-21T00:32:18.028421+09:00
Timesheet Station,,,failed,False,2026-08-17T21:37:24.355362+09:00
Timesheet Status,10.0,14.0,success,False,2026-08-19T20:42:48.667396+09:00
Timesheet Stipend,,,failed,False,2026-08-23T13:47:56.055627+09:00
Timesheet Stub,,,failed,False,2026-08-21T00:32:11.459467+09:00
Timesheet Studio,10.0,,success,False,2026-08-17T21:40:47.686331+09:00
Timesheet Suite,10.0,,success,False,2026-08-17T23:24:58.944526+09:00
Timesheet Sum,,,failed,False,2026-08-21T02:27:17.411779+09:00
Timesheet Summary,40.0,3.0,success,False,2026-08-19T21:12:55.345811+09:00
Timesheet Sync,,,failed,False,2026-08-18T07:52:01.229242+09:00
Timesheet Tab,,,failed,False,2026-08-21T00:32:52.523477+09:00
Timesheet Table,40.0,49.0,success,False,2026-08-19T21:57:27.705045+09:00
Timesheet Tag,,,failed,False,2026-08-19T13:30:35.292295+09:00
Timesheet Tally,,,failed,False,2026-08-21T00:32:24.105621+09:00
Timesheet Tariff,,,failed,False,2026-08-21T02:42:47.286881+09:00
Timesheet Tax,,,failed,False,2026-08-21T02:12:01.712721+09:00
Timesheet Ticket,,,failed,False,2026-08-19T21:13:54.945157+09:00
Timesheet Timeline,,,failed,False,2026-08-19T21:13:07.301000+09:00
Timesheet Timer,170.0,12.0,success,False,2026-08-28T00:26:29.201404+09:00
Timesheet Toll,,,failed,False,2026-08-21T02:42:41.863985+09:00
Timesheet Toolbox,,,failed,False,2026-08-28T00:26:34.139001+09:00
Timesheet Toolkit,,,failed,False,2026-08-18T22:06:31.917725+09:00
Timesheet Total,10.0,0.0,success,False,2026-08-27T23:15:07.984003+09:00
Timesheet Tracker,880.0,59.0,success,False,2026-08-17T20:32:38.453320+09:00
Timesheet Trail,,,failed,False,2026-08-17T20:42:29.560038+09:00
Timesheet Trend,,,failed,False,2026-08-28T01:07:41.597003+09:00
Timesheet Trial,,,failed,False,2026-08-27T21:17:51.217476+09:00
Timesheet Unit,,,failed,False,2026-08-21T01:56:30.460489+09:00
Timesheet Update,50.0,2.0,success,False,2026-08-19T20:43:36.722310+09:00
Timesheet Value,,,failed,False,2026-08-23T02:56:35.195472+09:00
Timesheet Vault,,,failed,False,2026-08-17T21:34:42.632014+09:00
Timesheet Version,,,failed,False,2026-08-23T03:21:18.514525+09:00
Timesheet View,20.0,12.0,success,False,2026-08-19T20:42:59.296448+09:00
Timesheet Voucher,,,failed,False,2026-08-21T00:31:57.081328+09:00
Timesheet Watch,,,failed,False,2026-08-17T20:44:38.858684+09:00
Timesheet Wave,,,failed,False,2026-08-17T20:40:33.502804+09:00
Timesheet Widget,10.0,45.0,success,False,2026-08-27T23:15:07.984003+09:00
Timesheet Workbench,,,failed,False,2026-08-18T22:06:20.125556+09:00
Timesheet Zone,,,failed,False,2026-08-17T21:34:12.134068+09:00
Title Advance,40.0,42.0,success,False,2026-08-23T16:14:56.824333+09:00
Title Advisory,,,failed,False,2026-08-21T01:06:19.538829+09:00
Title Allowance,10.0,0.0,success,False,2026-08-21T02:37:11.292116+09:00
Title Almanac,,,failed,False,2026-08-18T22:05:35.647018+09:00
Title Analyzer,720.0,5.0,success,False,2026-08-27T23:59:17.563745+09:00
Title Anchor,10.0,1.0,success,False,2026-08-17T21:36:38.708092+09:00
Title Asset,,,failed,False,2026-08-23T13:47:02.952399+09:00
Title Assistant,110.0,1.0,success,False,2026-08-17T23:30:28.172183+09:00
Title Atlas,10.0,0.0,success,False,2026-08-17T20:44:10.950266+09:00
Title Attribute,390.0,0.0,success,False,2026-08-23T13:06:20.755041+09:00
Title Badge,140.0,33.0,success,False,2026-08-21T00:31:54.895534+09:00
Title Balance,,,failed,False,2026-08-23T13:46:59.316345+09:00
Title Base,70.0,1.0,success,False,2026-08-17T20:41:11.362619+09:00
Title Beacon,,,failed,False,2026-08-18T07:53:06.257546+09:00
Title Bill,30.0,0.0,success,False,2026-08-19T21:50:21.596797+09:00
Title Blueprint,,,failed,False,2026-08-18T22:05:27.658262+09:00
Title Board,390.0,1.0,success,False,2026-08-17T20:38:37.912313+09:00
Title Book,18100.0,11.0,success,False,2026-08-19T21:51:13.518825+09:00
Title Bridge,50.0,0.0,success,False,2026-08-17T21:37:46.877382+09:00
Title Brief,40.0,0.0,success,False,2026-08-21T01:06:12.457382+09:00
Title Bulletin,,,failed,False,2026-08-21T01:06:09.386639+09:00
Title Calculator,480.0,1.0,success,False,2026-08-27T23:36:40.825682+09:00
Title Calendar,10.0,0.0,success,False,2026-08-19T00:02:41.985677+09:00
Title Card,14800.0,1.0,success,False,2026-08-19T13:29:56.430090+09:00
Title Cascade,,,failed,False,2026-08-17T21:39:09.779186+09:00
Title Cash,880.0,10.0,success,False,2026-08-21T02:30:47.137745+09:00
Title Cashback,10.0,0.0,success,False,2026-08-27T21:17:37.644775+09:00
Title Catalog,70.0,0.0,success,False,2026-08-19T21:05:10.807996+09:00
Title Center,390.0,1.0,success,False,2026-08-17T20:32:58.642411+09:00
Title Chain,1900.0,1.0,success,False,2026-08-17T21:30:41.512165+09:00
Title Charge,170.0,0.0,success,False,2026-08-21T02:37:01.944995+09:00
Title Check,5400.0,23.0,success,False,2026-08-19T13:30:30.638587+09:00
Title Checker,5400.0,23.0,success,False,2026-08-27T23:59:07.749698+09:00
Title Checklist,,,failed,False,2026-08-19T21:04:06.353252+09:00
Title Circular,,,failed,False,2026-08-21T01:06:16.364943+09:00
Title Cockpit,30.0,61.0,success,False,2026-08-17T23:14:36.904616+09:00
Title Code,390.0,0.0,success,False,2026-08-19T21:50:44.390054+09:00
Title Codex,,,failed,False,2026-08-18T22:05:53.928204+09:00
Title Companion,,,failed,False,2026-08-17T23:31:54.862824+09:00
Title Comparison,10.0,0.0,success,False,2026-08-28T01:01:45.010115+09:00
Title Compass,,,failed,False,2026-08-18T07:52:56.677266+09:00
Title Compendium,,,failed,False,2026-08-18T22:05:44.090365+09:00
Title Confirmation,20.0,23.0,success,False,2026-08-21T01:06:31.516088+09:00
Title Console,10.0,0.0,success,False,2026-08-17T21:41:47.180143+09:00
Title Copayment,,,failed,False,2026-08-23T16:39:16.961219+09:00
Title Core,590.0,2.0,success,False,2026-08-17T20:40:27.760312+09:00
Title Cost,260.0,1.0,success,False,2026-08-21T02:14:10.459291+09:00
Title Count,1900.0,0.0,success,True,2026-08-27T22:50:16.948494+09:00
Title Counter,1900.0,0.0,success,True,2026-08-19T00:03:25.935082+09:00
Title Coupon,50.0,8.0,success,False,2026-08-27T21:17:37.644775+09:00
Title Dashboard,20.0,0.0,success,False,2026-08-17T23:31:38.790135+09:00
Title Deal,30.0,1.0,success,False,2026-08-21T01:58:19.228464+09:00
Title Debt,10.0,0.0,success,False,2026-08-21T02:30:37.873895+09:00
Title Deck,70.0,98.0,success,False,2026-08-17T20:37:49.257868+09:00
Title Depot,90.0,11.0,success,False,2026-08-19T00:03:12.143780+09:00
Title Desk,10.0,45.0,success,False,2026-08-17T20:35:20.751202+09:00
Title Detail,,,failed,False,2026-08-23T03:17:02.268689+09:00
Title Detector,20.0,0.0,success,False,2026-08-27T23:59:12.622196+09:00
Title Diagram,50.0,5.0,success,False,2026-08-27T22:13:13.048056+09:00
Title Dial,,,failed,False,2026-08-17T21:38:18.723173+09:00
Title Digest,,,failed,False,2026-08-19T20:47:25.892128+09:00
Title Directory,10.0,0.0,success,False,2026-08-19T00:02:51.849711+09:00
Title Discount,40.0,17.0,success,False,2026-08-23T16:14:49.657074+09:00
Title Dock,,,failed,False,2026-08-17T21:34:01.777052+09:00
Title Dossier,,,failed,False,2026-08-21T01:06:36.051415+09:00
Title Downpayment,,,failed,False,2026-08-27T21:48:49.180539+09:00
Title Draft,,,failed,False,2026-08-19T20:47:33.785997+09:00
Title Due,,,failed,False,2026-08-23T15:51:51.217465+09:00
Title Duty,,,failed,False,2026-08-21T02:37:05.084488+09:00
Title Engine,10.0,0.0,success,False,2026-08-17T23:11:21.548397+09:00
Title Entry,1600.0,0.0,success,True,2026-08-21T01:06:53.303863+09:00
Title Estimate,20.0,4.0,success,False,2026-08-19T21:04:58.271286+09:00
Title Estimator,480.0,1.0,success,False,2026-08-27T23:59:07.749698+09:00
Title Excerpt,,,failed,False,2026-08-21T01:06:46.678178+09:00
Title Extension,30.0,0.0,success,False,2026-08-23T16:39:21.186657+09:00
Title Fare,,,failed,False,2026-08-21T02:14:16.325639+09:00
Title Fee,1000.0,0.0,success,True,2026-08-21T01:58:00.854013+09:00
Title Feed,,,failed,False,2026-08-19T20:47:30.914414+09:00
Title File,40.0,0.0,success,False,2026-08-19T20:47:03.354167+09:00
Title Finder,320.0,23.0,success,False,2026-08-19T00:03:04.417889+09:00
Title Fine,,,failed,False,2026-08-23T02:53:17.402090+09:00
Title Flag,90.0,2.0,success,False,2026-08-21T00:32:40.998784+09:00
Title Flow,50.0,0.0,success,False,2026-08-17T20:38:12.491374+09:00
Title Forge,10.0,0.0,success,False,2026-08-17T21:41:16.664514+09:00
Title Form,1000.0,8.0,success,False,2026-08-19T13:29:46.780078+09:00
Title Format,1000.0,8.0,success,False,2026-08-23T13:06:24.369926+09:00
Title Frame,1300.0,1.0,success,False,2026-08-17T20:42:00.146835+09:00
Title Fund,,,failed,False,2026-08-21T02:30:41.751111+09:00
Title Gate,10.0,0.0,success,False,2026-08-17T20:45:56.929111+09:00
Title Giveaway,,,failed,False,2026-08-27T21:17:47.451913+09:00
Title Grade,,,failed,False,2026-08-21T00:32:20.380964+09:00
Title Grid,40.0,0.0,success,False,2026-08-17T21:31:17.550614+09:00
Title Guarantee,880.0,3.0,success,False,2026-08-28T01:01:51.337076+09:00
Title Guard,30.0,12.0,success,False,2026-08-17T20:40:49.686418+09:00
Title Guardian,170.0,3.0,success,False,2026-08-28T00:27:37.736040+09:00
Title Guidebook,,,failed,False,2026-08-18T22:05:10.153828+09:00
Title Helpdesk,,,failed,False,2026-08-27T22:50:21.429751+09:00
Title Helper,50.0,28.0,success,False,2026-08-28T00:27:40.381664+09:00
Title History,320.0,13.0,success,False,2026-08-19T20:46:58.036522+09:00
Title Hotline,,,failed,False,2026-08-19T21:05:22.464454+09:00
Title Hub,30.0,0.0,success,False,2026-08-17T20:37:18.091212+09:00
Title Incentive,,,failed,False,2026-08-27T21:17:40.328757+09:00
Title Index,110.0,0.0,success,False,2026-08-19T21:04:17.654082+09:00
Title Insight,,,failed,False,2026-08-17T23:07:43.866571+09:00
Title Installment,,,failed,False,2026-08-23T16:14:49.657074+09:00
Title Interest,40.0,0.0,success,False,2026-08-23T13:46:59.316345+09:00
Title Item,10.0,0.0,success,False,2026-08-21T01:58:05.254245+09:00
Title Journal,1000.0,1.0,success,False,2026-08-18T22:04:47.341629+09:00
Title Keeper,,,failed,False,2026-08-17T20:42:19.428112+09:00
Title Lab,110.0,0.0,success,False,2026-08-17T20:35:51.368204+09:00
Title Ledger,,,failed,False,2026-08-17T20:39:33.830984+09:00
Title Lens,,,failed,False,2026-08-17T20:42:49.578916+09:00
Title Level,140.0,2.0,success,False,2026-08-19T20:47:08.500238+09:00
Title Levy,,,failed,False,2026-08-23T13:47:02.952399+09:00
Title Link,1000.0,1.0,success,False,2026-08-23T03:16:51.782987+09:00
Title List,1600.0,0.0,success,True,2026-08-19T21:50:54.613076+09:00
Title Loan,74000.0,59.0,success,False,2026-08-21T02:14:19.948102+09:00
Title Locator,210.0,6.0,success,False,2026-08-19T00:02:58.410814+09:00
Title Lock,4400.0,60.0,success,False,2026-08-17T20:44:32.138425+09:00
Title Log,50.0,0.0,success,False,2026-08-19T13:29:29.454455+09:00
Title Loop,30.0,7.0,success,False,2026-08-17T21:32:28.090728+09:00
Title Manager,1000.0,0.0,success,True,2026-08-17T20:41:35.724700+09:00
Title Manual,140.0,0.0,success,False,2026-08-27T22:13:04.123105+09:00
Title Map,1000.0,1.0,success,False,2026-08-17T20:43:46.830313+09:00
Title Margin,10.0,0.0,success,False,2026-08-23T02:53:14.872547+09:00
Title Memo,,,failed,False,2026-08-21T00:32:26.715092+09:00
Title Message,70.0,0.0,success,False,2026-08-27T23:15:49.054288+09:00
Title Meter,,,failed,False,2026-08-17T21:37:08.932405+09:00
Title Metrics,,,failed,False,2026-08-17T23:31:21.435106+09:00
Title Monitor,70.0,36.0,success,False,2026-08-17T23:31:05.763784+09:00
Title Navigator,,,failed,False,2026-08-17T23:09:27.800960+09:00
Title Nexus,50.0,0.0,success,False,2026-08-17T20:45:10.862003+09:00
Title Node,,,failed,False,2026-08-17T20:47:07.356899+09:00
Title Note,170.0,0.0,success,False,2026-08-19T13:30:48.441659+09:00
Title Notification,20.0,0.0,success,False,2026-08-27T22:50:07.511114+09:00
Title Number,2400.0,20.0,success,False,2026-08-23T03:16:44.260724+09:00
Title Office,8100.0,5.0,success,False,2026-08-19T00:03:21.455005+09:00
Title Ops,,,failed,False,2026-08-17T23:32:18.106895+09:00
Title Order,390.0,5.0,success,False,2026-08-19T21:50:09.573666+09:00
Title Organizer,10.0,0.0,success,False,2026-08-17T23:12:59.903146+09:00
Title Outline,170.0,0.0,success,False,2026-08-27T22:29:13.251110+09:00
Title Overage,,,failed,False,2026-08-27T21:48:46.666341+09:00
Title Overdraft,,,failed,False,2026-08-23T15:51:53.307481+09:00
Title Overdue,,,failed,False,2026-08-27T21:48:40.249889+09:00
Title Panel,140.0,0.0,success,False,2026-08-17T21:39:57.727763+09:00
Title Pass,20.0,0.0,success,False,2026-08-21T00:31:41.208752+09:00
Title Path,10.0,0.0,success,False,2026-08-17T20:46:27.690682+09:00
Title Payoff,,,failed,False,2026-08-27T21:48:42.861590+09:00
Title Penalty,,,failed,False,2026-08-23T16:39:14.026032+09:00
Title Petition,,,failed,False,2026-08-21T01:06:25.514755+09:00
Title Pilot,50.0,1.0,success,False,2026-08-17T20:36:18.497930+09:00
Title Plan,1600.0,32.0,success,False,2026-08-21T01:58:12.628800+09:00
Title Planner,1600.0,32.0,success,False,2026-08-17T23:05:57.160852+09:00
Title Playbook,,,failed,False,2026-08-18T22:04:38.583463+09:00
Title Point,2900.0,1.0,success,False,2026-08-17T20:45:34.633599+09:00
Title Portal,40.0,0.0,success,False,2026-08-18T07:52:08.139884+09:00
Title Preview,50.0,0.0,success,False,2026-08-28T01:01:48.581211+09:00
Title Profile,390.0,4.0,success,False,2026-08-19T13:31:03.415990+09:00
Title Profit,,,failed,False,2026-08-23T02:53:02.917433+09:00
Title Proposal,1300.0,0.0,success,True,2026-08-28T01:01:48.581211+09:00
Title Pulse,10.0,0.0,success,False,2026-08-17T21:30:08.257838+09:00
Title Queue,,,failed,False,2026-08-19T21:04:44.071622+09:00
Title Quota,,,failed,False,2026-08-21T00:32:34.737926+09:00
Title Radar,,,failed,False,2026-08-17T20:34:25.476328+09:00
Title Rail,,,failed,False,2026-08-17T21:33:02.340741+09:00
Title Rate,140.0,5.0,success,False,2026-08-19T20:47:10.772818+09:00
Title Recap,,,failed,False,2026-08-21T01:06:44.007854+09:00
Title Receipt,170.0,0.0,success,False,2026-08-19T21:50:33.278837+09:00
Title Recorder,320.0,27.0,success,False,2026-08-27T23:36:40.825682+09:00
Title Redemption,10.0,0.0,success,False,2026-08-23T16:39:18.952764+09:00
Title Register,8100.0,13.0,success,False,2026-08-17T23:03:48.755656+09:00
Title Registry,8100.0,13.0,success,False,2026-08-18T22:05:17.781482+09:00
Title Relay,,,failed,False,2026-08-17T20:33:31.328442+09:00
Title Reminder,,,failed,False,2026-08-19T21:03:53.179213+09:00
Title Report,1600.0,29.0,success,False,2026-08-19T13:29:15.231319+09:00
Title Repository,,,failed,False,2026-08-27T23:15:55.855078+09:00
Title Result,10.0,0.0,success,False,2026-08-28T00:49:13.140044+09:00
Title Roadmap,,,failed,False,2026-08-18T22:06:01.196080+09:00
Title Roster,,,failed,False,2026-08-19T00:37:44.150276+09:00
Title Route,,,failed,False,2026-08-17T21:35:06.399475+09:00
Title Rule,210.0,0.0,success,False,2026-08-23T03:16:59.377666+09:00
Title Sale,390.0,1.0,success,False,2026-08-21T02:30:51.336298+09:00
Title Sample,480.0,0.0,success,False,2026-08-19T21:51:34.255432+09:00
Title Scale,20.0,0.0,success,False,2026-08-17T21:36:10.133574+09:00
Title Scanner,20.0,9.0,success,False,2026-08-27T23:59:12.622196+09:00
Title Scheduler,10.0,0.0,success,False,2026-08-17T23:30:43.619577+09:00
Title Scope,10.0,0.0,success,False,2026-08-17T21:33:28.260657+09:00
Title Score,70.0,0.0,success,False,2026-08-19T13:30:39.417389+09:00
Title Sentry,,,failed,False,2026-08-17T20:43:16.751377+09:00
Title Sheet,480.0,2.0,success,False,2026-08-19T13:30:05.934954+09:00
Title Shortfall,,,failed,False,2026-08-27T21:48:52.496958+09:00
Title Signal,,,failed,False,2026-08-17T21:35:36.118436+09:00
Title Signature,320.0,0.0,success,False,2026-08-23T13:27:28.386352+09:00
Title Slip,20.0,0.0,success,False,2026-08-19T21:51:25.452105+09:00
Title Slot,30.0,0.0,success,False,2026-08-19T21:51:50.352396+09:00
Title Snapshot,10.0,48.0,success,False,2026-08-18T22:04:58.367673+09:00
Title Stage,,,failed,False,2026-08-28T00:49:13.140044+09:00
Title Stake,,,failed,False,2026-08-23T02:53:08.936462+09:00
Title Stamp,260.0,13.0,success,False,2026-08-23T13:27:31.185352+09:00
Title Statement,590.0,0.0,success,False,2026-08-21T00:32:08.971513+09:00
Title Station,110.0,1.0,success,False,2026-08-17T20:34:53.035348+09:00
Title Status,2400.0,3.0,success,False,2026-08-19T20:46:44.181940+09:00
Title Stub,,,failed,False,2026-08-21T00:32:03.646563+09:00
Title Studio,90.0,1.0,success,False,2026-08-17T20:36:51.044622+09:00
Title Subsidy,,,failed,False,2026-08-23T15:51:55.644106+09:00
Title Suite,10.0,0.0,success,False,2026-08-17T23:30:14.406427+09:00
Title Sum,,,failed,False,2026-08-21T02:30:33.788820+09:00
Title Summary,390.0,3.0,success,False,2026-08-19T21:03:21.176777+09:00
Title Surtax,,,failed,False,2026-08-23T15:51:57.634783+09:00
Title Sync,20.0,1.0,success,False,2026-08-17T20:39:09.333217+09:00
Title Tab,590.0,0.0,success,False,2026-08-21T00:32:45.504063+09:00
Title Table,880.0,0.0,success,False,2026-08-19T21:51:05.479286+09:00
Title Tag,4400.0,3.0,success,False,2026-08-19T13:30:54.229704+09:00
Title Tally,10.0,,success,False,2026-08-21T00:32:15.885792+09:00
Title Tariff,,,failed,False,2026-08-21T02:37:19.204094+09:00
Title Tax,320.0,3.0,success,False,2026-08-21T02:14:19.948102+09:00
Title Ticket,,,failed,False,2026-08-19T21:04:31.572257+09:00
Title Timeline,10.0,0.0,success,False,2026-08-19T21:03:38.962662+09:00
Title Token,,,failed,False,2026-08-23T13:27:28.386352+09:00
Title Toll,,,failed,False,2026-08-21T02:37:07.617432+09:00
Title Toolbox,720.0,1.0,success,False,2026-08-28T00:27:37.736040+09:00
Title Toolkit,10.0,14.0,success,False,2026-08-18T22:04:27.693577+09:00
Title Total,,,failed,False,2026-08-27T23:15:53.344715+09:00
Title Tracker,4400.0,2.0,success,False,2026-08-17T20:40:03.112671+09:00
Title Trail,,,failed,False,2026-08-17T21:31:52.108049+09:00
Title Trend,70.0,0.0,success,False,2026-08-28T01:01:42.257433+09:00
Title Trial,,,failed,False,2026-08-27T21:17:40.328757+09:00
Title Unit,590.0,8.0,success,False,2026-08-21T01:58:09.087030+09:00
Title Update,320.0,0.0,success,False,2026-08-19T20:47:17.630061+09:00
Title Value,50.0,0.0,success,False,2026-08-23T02:53:06.849591+09:00
Title Vault,10.0,2.0,success,False,2026-08-17T20:32:23.142780+09:00
Title Version,50.0,0.0,success,False,2026-08-23T03:16:47.860821+09:00
Title View,110.0,4.0,success,False,2026-08-19T20:46:49.166137+09:00
Title Voucher,,,failed,False,2026-08-21T00:31:49.661501+09:00
Title Wallet,,,failed,False,2026-08-27T22:50:09.773795+09:00
Title Watch,480.0,87.0,success,False,2026-08-17T21:34:31.783933+09:00
Title Wave,22200.0,2.0,success,False,2026-08-17T20:47:47.373505+09:00
Title Widget,40.0,2.0,success,False,2026-08-27T23:15:53.344715+09:00
Title Workbench,,,failed,False,2026-08-18T22:04:18.397619+09:00
Title Worksheet,40.0,1.0,success,False,2026-08-27T22:13:09.872881+09:00
Title Zone,40.0,0.0,success,False,2026-08-17T20:31:49.556843+09:00
Toast Alert,1300.0,0.0,success,True,2026-08-19T13:39:57.462867+09:00
Toast Assistant,,,failed,False,2026-08-19T13:32:55.447680+09:00
Toast Beacon,,,failed,False,2026-08-19T13:25:14.797860+09:00
Toast Board,140.0,52.0,success,False,2026-08-19T13:28:55.054153+09:00
Toast Bridge,,,failed,False,2026-08-19T13:26:07.690748+09:00
Toast Calendar,90.0,7.0,success,False,2026-08-19T13:35:09.228952+09:00
Toast Cascade,,,failed,False,2026-08-19T13:25:55.543115+09:00
Toast Center,40.0,10.0,success,False,2026-08-19T13:30:10.449633+09:00
Toast Chain,20.0,0.0,success,False,2026-08-19T13:31:50.431005+09:00
Toast Check,140.0,31.0,success,False,2026-08-19T13:21:52.267675+09:00
Toast Companion,10.0,0.0,success,False,2026-08-19T13:33:44.098374+09:00
Toast Compass,,,failed,False,2026-08-19T13:25:04.340704+09:00
Toast Console,30.0,2.0,success,False,2026-08-19T13:30:48.441659+09:00
Toast Core,,,failed,False,2026-08-19T13:28:33.821561+09:00
Toast Counter,10.0,12.0,success,False,2026-08-19T13:36:10.470400+09:00
Toast Desk,,,failed,False,2026-08-19T13:24:17.578330+09:00
Toast Detail,,,failed,False,2026-08-23T03:18:21.895981+09:00
Toast Digest,,,failed,False,2026-08-19T20:44:23.661281+09:00
Toast Directory,,,failed,False,2026-08-19T13:35:15.943675+09:00
Toast Draft,,,failed,False,2026-08-19T20:44:39.695908+09:00
Toast Engine,,,failed,False,2026-08-19T13:32:49.484496+09:00
Toast Estimate,,,failed,False,2026-08-19T21:30:07.251599+09:00
Toast Feed,10.0,14.0,success,False,2026-08-19T20:44:32.627645+09:00
Toast Flow,,,failed,False,2026-08-19T13:23:44.398972+09:00
Toast Forge,,,failed,False,2026-08-19T13:25:47.267780+09:00
Toast Form,390.0,99.0,success,False,2026-08-19T13:42:33.755752+09:00
Toast Frame,30.0,6.0,success,False,2026-08-19T13:28:12.912105+09:00
Toast Gate,10.0,0.0,success,False,2026-08-19T13:32:07.571238+09:00
Toast Grid,390.0,1.0,success,False,2026-08-19T13:27:22.269137+09:00
Toast Hub,720.0,8.0,success,False,2026-08-19T13:24:07.507599+09:00
Toast Inbox,,,failed,False,2026-08-19T13:39:43.638809+09:00
Toast Index,30.0,0.0,success,False,2026-08-19T21:29:53.324584+09:00
Toast Journal,30.0,3.0,success,False,2026-08-19T13:34:15.397109+09:00
Toast Lab,390.0,8.0,success,False,2026-08-19T13:29:31.691093+09:00
Toast Ledger,,,failed,False,2026-08-19T13:28:43.746659+09:00
Toast Line,140.0,1.0,success,False,2026-08-19T13:41:39.168311+09:00
Toast Link,10.0,22.0,success,False,2026-08-23T03:18:14.803596+09:00
Toast Log,90.0,6.0,success,False,2026-08-19T13:42:25.449993+09:00
Toast Loop,,,failed,False,2026-08-19T13:27:09.579518+09:00
Toast Manager,320.0,21.0,success,False,2026-08-19T13:32:42.417252+09:00
Toast Map,70.0,2.0,success,False,2026-08-19T13:28:06.398636+09:00
Toast Monitor,70.0,94.0,success,False,2026-08-19T13:33:39.488989+09:00
Toast Nexus,,,failed,False,2026-08-19T13:32:18.631834+09:00
Toast Note,,,failed,False,2026-08-19T13:22:52.997590+09:00
Toast Number,720.0,9.0,success,False,2026-08-23T03:18:07.042470+09:00
Toast Office,4400.0,2.0,success,False,2026-08-19T13:35:50.277889+09:00
Toast Ops,,,failed,False,2026-08-19T13:33:57.418081+09:00
Toast Order,1900.0,28.0,success,False,2026-08-19T22:07:32.899948+09:00
Toast Panel,,,failed,False,2026-08-19T13:30:57.828554+09:00
Toast Path,,,failed,False,2026-08-19T13:27:50.683202+09:00
Toast Planner,,,failed,False,2026-08-19T13:33:05.427843+09:00
Toast Point,4400.0,1.0,success,False,2026-08-19T13:27:59.144364+09:00
Toast Portal,390.0,2.0,success,False,2026-08-19T13:30:42.478470+09:00
Toast Radar,,,failed,False,2026-08-19T13:24:29.465553+09:00
Toast Rail,10.0,4.0,success,False,2026-08-19T13:31:24.471816+09:00
Toast Register,260.0,88.0,success,False,2026-08-19T13:33:51.668880+09:00
Toast Registry,,,failed,False,2026-08-19T13:34:22.181534+09:00
Toast Relay,,,failed,False,2026-08-19T13:24:52.365790+09:00
Toast Reminder,,,failed,False,2026-08-19T21:29:44.160374+09:00
Toast Report,170.0,14.0,success,False,2026-08-19T13:42:14.783829+09:00
Toast Roll,880.0,5.0,success,False,2026-08-19T13:42:03.157163+09:00
Toast Route,,,failed,False,2026-08-19T13:31:09.832283+09:00
Toast Rule,10.0,0.0,success,False,2026-08-23T03:18:18.334398+09:00
Toast Sample,20.0,8.0,success,False,2026-08-19T21:47:13.005766+09:00
Toast Scheduler,,,failed,False,2026-08-19T13:33:13.480936+09:00
Toast Scope,,,failed,False,2026-08-19T13:27:02.036577+09:00
Toast Score,260.0,0.0,success,False,2026-08-19T13:22:04.691766+09:00
Toast Sheet,170.0,100.0,success,False,2026-08-19T13:21:15.307510+09:00
Toast Signal,,,failed,False,2026-08-19T13:26:15.412219+09:00
Toast Slot,,,failed,False,2026-08-19T21:47:26.468483+09:00
Toast Station,880.0,38.0,success,False,2026-08-19T13:29:49.322759+09:00
Toast Studio,2900.0,85.0,success,False,2026-08-19T13:29:19.231161+09:00
Toast Summary,90.0,12.0,success,False,2026-08-19T21:29:30.457441+09:00
Toast Ticker,320.0,0.0,success,False,2026-08-19T13:41:17.239436+09:00
Toast Ticket,110.0,14.0,success,False,2026-08-19T21:29:59.646453+09:00
Toast Timeline,90.0,0.0,success,False,2026-08-19T21:29:38.081788+09:00
Toast Tracker,,,failed,False,2026-08-19T13:23:25.617100+09:00
Toast Trail,10.0,0.0,success,False,2026-08-19T13:31:44.608385+09:00
Toast Trial,90.0,3.0,success,False,2026-08-27T21:19:43.592379+09:00
Toast Update,110.0,4.0,success,False,2026-08-19T20:44:16.708983+09:00
Toast Version,,,failed,False,2026-08-23T03:18:09.441113+09:00
Toast Watch,210.0,20.0,success,False,2026-08-19T13:26:40.628357+09:00
Toast Wave,110.0,89.0,success,False,2026-08-19T13:27:40.228305+09:00
Toast Window,720.0,17.0,success,False,2026-08-19T13:41:50.563536+09:00
Toast Zone,,,failed,False,2026-08-19T13:30:30.638587+09:00
Trade Advance,320.0,6.0,success,False,2026-08-23T16:16:26.754683+09:00
Trade Allowance,1900.0,2.0,success,False,2026-08-21T02:41:59.910977+09:00
Trade Almanac,,,failed,False,2026-08-18T22:09:58.381010+09:00
Trade Analyzer,165000.0,4.0,success,False,2026-08-27T23:59:26.259431+09:00
Trade Anchor,30.0,0.0,success,False,2026-08-18T07:52:37.222006+09:00
Trade Arrears,,,failed,False,2026-08-23T16:16:24.189782+09:00
Trade Assistant,6600.0,19.0,success,False,2026-08-17T23:10:18.497736+09:00
Trade Atlas,5400.0,39.0,success,False,2026-08-17T20:48:13.207047+09:00
Trade Attribute,,,failed,False,2026-08-23T13:08:15.174863+09:00
Trade Badge,1000.0,0.0,success,True,2026-08-21T00:27:55.902205+09:00
Trade Balance,4400.0,1.0,success,False,2026-08-23T13:47:58.149011+09:00
Trade Base,1900.0,11.0,success,False,2026-08-17T20:44:23.108645+09:00
Trade Beacon,90.0,3.0,success,False,2026-08-17T20:34:18.335664+09:00
Trade Bill,2900.0,1.0,success,False,2026-08-19T21:47:34.110436+09:00
Trade Blueprint,480.0,37.0,success,False,2026-08-18T22:09:49.300650+09:00
Trade Board,6600.0,3.0,success,False,2026-08-17T20:41:54.470071+09:00
Trade Book,14800.0,89.0,success,False,2026-08-19T21:48:44.866696+09:00
Trade Bridge,5400.0,1.0,success,False,2026-08-18T07:52:27.935751+09:00
Trade Brief,50.0,3.0,success,False,2026-08-21T01:01:22.274781+09:00
Trade Bulletin,40.0,3.0,success,False,2026-08-21T01:01:20.027256+09:00
Trade Calculator,110000.0,2.0,success,False,2026-08-27T23:36:57.640483+09:00
Trade Calendar,5400.0,9.0,success,False,2026-08-19T00:03:46.728628+09:00
Trade Card,110000.0,56.0,success,False,2026-08-19T13:34:20.014616+09:00
Trade Cascade,,,failed,False,2026-08-17T20:32:10.469810+09:00
Trade Cash,1900.0,7.0,success,False,2026-08-21T02:26:21.259847+09:00
Trade Cashback,70.0,29.0,success,False,2026-08-27T21:19:01.624624+09:00
Trade Catalog,390.0,5.0,success,False,2026-08-19T21:04:29.917389+09:00
Trade Category,480.0,2.0,success,False,2026-08-23T13:08:12.908274+09:00
Trade Center,33100.0,11.0,success,False,2026-08-17T20:36:39.507807+09:00
Trade Chain,260.0,2.0,success,False,2026-08-17T21:34:55.256705+09:00
Trade Charge,390.0,8.0,success,False,2026-08-21T02:41:45.973513+09:00
Trade Check,74000.0,60.0,success,False,2026-08-19T13:35:12.097075+09:00
Trade Checker,74000.0,60.0,success,False,2026-08-27T23:59:20.883273+09:00
Trade Checklist,1600.0,14.0,success,False,2026-08-19T21:03:18.431019+09:00
Trade Cockpit,260.0,7.0,success,False,2026-08-17T23:26:55.594772+09:00
Trade Code,4400.0,4.0,success,False,2026-08-19T21:48:04.651670+09:00
Trade Codex,,,failed,False,2026-08-18T22:10:12.310168+09:00
Trade Companion,50.0,8.0,success,False,2026-08-17T23:08:13.716761+09:00
Trade Comparison,170.0,26.0,success,False,2026-08-28T01:01:39.377915+09:00
Trade Compass,320.0,5.0,success,False,2026-08-17T20:35:12.658616+09:00
Trade Compendium,,,failed,False,2026-08-18T22:10:06.625362+09:00
Trade Confirmation,880.0,1.0,success,False,2026-08-21T01:01:35.076961+09:00
Trade Console,320.0,21.0,success,False,2026-08-17T20:33:51.962760+09:00
Trade Contribution,10.0,2.0,success,False,2026-08-23T16:16:24.189782+09:00
Trade Core,320.0,5.0,success,False,2026-08-17T20:43:34.295212+09:00
Trade Cost,720.0,3.0,success,False,2026-08-21T02:10:31.589901+09:00
Trade Count,1000.0,17.0,success,False,2026-08-27T22:51:07.925641+09:00
Trade Counter,1000.0,17.0,success,False,2026-08-19T00:04:33.745752+09:00
Trade Coupon,210.0,1.0,success,False,2026-08-27T21:19:01.624624+09:00
Trade Dashboard,2900.0,16.0,success,False,2026-08-17T23:13:32.470918+09:00
Trade Deal,14800.0,1.0,success,False,2026-08-21T01:54:45.555150+09:00
Trade Debt,260.0,1.0,success,False,2026-08-21T02:26:10.275506+09:00
Trade Deck,210.0,29.0,success,False,2026-08-17T20:41:03.029394+09:00
Trade Depot,110000.0,98.0,success,False,2026-08-19T00:04:20.197700+09:00
Trade Desk,33100.0,14.0,success,False,2026-08-17T20:38:59.956902+09:00
Trade Detail,590.0,3.0,success,False,2026-08-23T03:21:07.842946+09:00
Trade Detector,70.0,4.0,success,False,2026-08-27T23:59:23.650703+09:00
Trade Dial,,,failed,False,2026-08-17T20:31:36.969919+09:00
Trade Digest,10.0,0.0,success,False,2026-08-19T20:48:37.662202+09:00
Trade Directory,480.0,17.0,success,False,2026-08-19T00:03:53.943426+09:00
Trade Discount,6600.0,29.0,success,False,2026-08-23T16:16:17.008573+09:00
Trade Dock,70.0,2.0,success,False,2026-08-17T21:38:08.965654+09:00
Trade Dossier,,,failed,False,2026-08-21T01:01:41.528292+09:00
Trade Downpayment,,,failed,False,2026-08-27T21:49:55.360701+09:00
Trade Draft,70.0,3.0,success,False,2026-08-19T20:48:48.411735+09:00
Trade Due,,,failed,False,2026-08-23T15:52:40.502270+09:00
Trade Duty,70.0,0.0,success,False,2026-08-21T02:41:49.318667+09:00
Trade Engine,320.0,9.0,success,False,2026-08-17T23:25:55.806145+09:00
Trade Entry,390.0,9.0,success,False,2026-08-21T01:01:56.777468+09:00
Trade Estimate,1300.0,51.0,success,False,2026-08-19T21:04:15.563221+09:00
Trade Estimator,1300.0,51.0,success,False,2026-08-27T23:59:20.883273+09:00
Trade Excerpt,,,failed,False,2026-08-21T01:01:49.387114+09:00
Trade Extension,170.0,5.0,success,False,2026-08-23T16:40:00.457844+09:00
Trade Fare,40500.0,4.0,success,False,2026-08-21T02:10:41.178409+09:00
Trade Fee,1000.0,7.0,success,False,2026-08-21T01:54:29.413822+09:00
Trade Feed,70.0,15.0,success,False,2026-08-19T20:48:43.191337+09:00
Trade Field,320.0,12.0,success,False,2026-08-23T13:08:17.193422+09:00
Trade File,210.0,7.0,success,False,2026-08-19T20:48:12.973996+09:00
Trade Finder,74000.0,3.0,success,False,2026-08-19T00:04:11.501446+09:00
Trade Fine,70.0,3.0,success,False,2026-08-23T02:56:14.910502+09:00
Trade Flag,1600.0,27.0,success,False,2026-08-21T00:28:46.684495+09:00
Trade Flow,3600.0,2.0,success,False,2026-08-17T20:41:24.809383+09:00
Trade Forge,70.0,1.0,success,False,2026-08-17T20:33:21.754611+09:00
Trade Form,720.0,3.0,success,False,2026-08-19T13:34:11.345054+09:00
Trade Format,90.0,4.0,success,False,2026-08-23T13:08:19.388505+09:00
Trade Frame,1900.0,26.0,success,False,2026-08-17T20:45:26.162726+09:00
Trade Fund,4400.0,24.0,success,False,2026-08-21T02:26:14.215239+09:00
Trade Gate,110000.0,7.0,success,False,2026-08-17T21:31:39.058447+09:00
Trade Giveaway,70.0,17.0,success,False,2026-08-27T21:19:08.961232+09:00
Trade Grade,,,failed,False,2026-08-21T00:28:26.135871+09:00
Trade Graph,2400.0,11.0,success,False,2026-08-27T22:14:21.289312+09:00
Trade Grid,2900.0,13.0,success,False,2026-08-17T21:35:22.295985+09:00
Trade Guarantee,90.0,5.0,success,False,2026-08-28T01:01:45.010115+09:00
Trade Guard,390.0,2.0,success,False,2026-08-17T20:44:04.848400+09:00
Trade Guardian,260.0,5.0,success,False,2026-08-28T00:27:43.001225+09:00
Trade Guidebook,,,failed,False,2026-08-18T22:09:34.112352+09:00
Trade Helpdesk,170.0,4.0,success,False,2026-08-27T22:51:07.925641+09:00
Trade Helper,1600.0,8.0,success,False,2026-08-28T00:27:43.001225+09:00
Trade History,1900.0,2.0,success,False,2026-08-19T20:48:06.706582+09:00
Trade Hotline,20.0,1.0,success,False,2026-08-19T21:04:42.466598+09:00
Trade Hub,9900.0,9.0,success,False,2026-08-17T20:40:42.163784+09:00
Trade Identifier,,,failed,False,2026-08-23T13:08:09.181921+09:00
Trade Incentive,110.0,2.0,success,False,2026-08-27T21:19:05.213789+09:00
Trade Index,1900.0,20.0,success,False,2026-08-19T21:03:36.529171+09:00
Trade Insight,720.0,6.0,success,False,2026-08-17T23:26:38.652949+09:00
Trade Installment,,,failed,False,2026-08-23T16:16:21.487176+09:00
Trade Item,1000.0,5.0,success,False,2026-08-21T01:54:32.681048+09:00
Trade Journal,27100.0,54.0,success,False,2026-08-18T22:09:17.362565+09:00
Trade Keeper,50.0,4.0,success,False,2026-08-17T20:45:51.407426+09:00
Trade Kit,590.0,20.0,success,False,2026-08-27T22:51:05.430430+09:00
Trade Lab,1900.0,5.0,success,False,2026-08-17T20:39:23.919432+09:00
Trade Ledger,480.0,8.0,success,False,2026-08-17T20:42:41.908187+09:00
Trade Lens,2400.0,14.0,success,False,2026-08-17T20:46:16.531586+09:00
Trade Level,390.0,7.0,success,False,2026-08-19T20:48:20.425473+09:00
Trade Link,9900.0,28.0,success,False,2026-08-23T03:20:56.810289+09:00
Trade List,1900.0,5.0,success,False,2026-08-19T21:48:17.560358+09:00
Trade Loan,1300.0,26.0,success,False,2026-08-21T02:10:49.609792+09:00
Trade Locator,170.0,3.0,success,False,2026-08-19T00:04:01.106556+09:00
Trade Lock,1900.0,9.0,success,False,2026-08-17T20:49:39.030080+09:00
Trade Log,4400.0,18.0,success,False,2026-08-19T13:34:00.979457+09:00
Trade Loop,170.0,7.0,success,False,2026-08-17T21:36:28.444275+09:00
Trade Manager,1300.0,8.0,success,False,2026-08-17T20:44:51.445524+09:00
Trade Manual,720.0,28.0,success,False,2026-08-27T22:14:23.666536+09:00
Trade Map,90500.0,9.0,success,False,2026-08-17T20:47:33.914967+09:00
Trade Margin,9900.0,18.0,success,False,2026-08-23T02:56:12.259379+09:00
Trade Markup,40.0,4.0,success,False,2026-08-23T16:39:58.056757+09:00
Trade Memo,110.0,7.0,success,False,2026-08-21T00:28:35.603528+09:00
Trade Message,70.0,2.0,success,False,2026-08-27T23:16:26.018143+09:00
Trade Meter,110.0,13.0,success,False,2026-08-18T07:53:03.495247+09:00
Trade Metrics,170.0,6.0,success,False,2026-08-17T23:06:29.811396+09:00
Trade Monitor,2900.0,95.0,success,False,2026-08-17T23:11:53.398319+09:00
Trade Navigator,590.0,20.0,success,False,2026-08-17T23:27:13.113305+09:00
Trade Nexus,2900.0,12.0,success,False,2026-08-17T21:30:30.781560+09:00
Trade Node,390.0,6.0,success,False,2026-08-17T21:32:50.995270+09:00
Trade Note,2400.0,15.0,success,False,2026-08-19T13:35:27.432298+09:00
Trade Notification,70.0,11.0,success,False,2026-08-27T22:51:00.093213+09:00
Trade Number,720.0,5.0,success,False,2026-08-23T03:20:50.654201+09:00
Trade Office,1600.0,1.0,success,False,2026-08-19T00:04:28.645558+09:00
Trade Ops,1000.0,4.0,success,False,2026-08-17T23:15:07.247244+09:00
Trade Order,480.0,8.0,success,False,2026-08-19T21:47:20.280191+09:00
Trade Organizer,880.0,1.0,success,False,2026-08-17T23:26:27.360355+09:00
Trade Overage,,,failed,False,2026-08-27T21:49:53.079168+09:00
Trade Overdraft,,,failed,False,2026-08-23T15:52:40.502270+09:00
Trade Overdue,,,failed,False,2026-08-27T21:49:50.641192+09:00
Trade Panel,1000.0,25.0,success,False,2026-08-17T20:32:47.475978+09:00
Trade Pass,2400.0,3.0,success,False,2026-08-21T00:27:39.908231+09:00
Trade Path,1600.0,9.0,success,False,2026-08-17T21:32:15.070878+09:00
Trade Payoff,110.0,24.0,success,False,2026-08-27T21:49:50.641192+09:00
Trade Penalty,10.0,0.0,success,False,2026-08-23T16:39:55.880493+09:00
Trade Petition,,,failed,False,2026-08-21T01:01:32.949178+09:00
Trade Pilot,1600.0,28.0,success,False,2026-08-17T20:39:52.233588+09:00
Trade Plan,880.0,15.0,success,False,2026-08-21T01:54:42.335376+09:00
Trade Planner,90.0,13.0,success,False,2026-08-17T23:26:13.004123+09:00
Trade Playbook,320.0,80.0,success,False,2026-08-18T22:09:09.487365+09:00
Trade Point,18100.0,43.0,success,False,2026-08-17T21:31:02.177338+09:00
Trade Portal,18100.0,1.0,success,False,2026-08-17T20:34:43.926118+09:00
Trade Preview,70.0,9.0,success,False,2026-08-28T01:01:39.377915+09:00
Trade Profile,590.0,5.0,success,False,2026-08-19T13:36:00.987511+09:00
Trade Profit,3600.0,13.0,success,False,2026-08-23T02:56:03.136754+09:00
Trade Proposal,590.0,0.0,success,False,2026-08-28T01:01:42.257433+09:00
Trade Pulse,1300.0,16.0,success,False,2026-08-17T21:34:24.214520+09:00
Trade Queue,,,failed,False,2026-08-19T21:04:04.689181+09:00
Trade Quota,3600.0,0.0,success,True,2026-08-21T00:28:42.115555+09:00
Trade Radar,320.0,10.0,success,False,2026-08-17T20:38:06.157627+09:00
Trade Rail,,,failed,False,2026-08-17T21:36:57.018160+09:00
Trade Rate,1000.0,9.0,success,False,2026-08-19T20:48:26.152213+09:00
Trade Receipt,110.0,1.0,success,False,2026-08-19T21:47:46.224144+09:00
Trade Redemption,,,failed,False,2026-08-23T16:40:00.457844+09:00
Trade Register,3600.0,7.0,success,False,2026-08-17T23:27:23.938977+09:00
Trade Registry,3600.0,7.0,success,False,2026-08-18T22:09:42.242317+09:00
Trade Relay,10.0,1.0,success,False,2026-08-17T20:37:08.027448+09:00
Trade Reminder,,,failed,False,2026-08-19T21:33:04.196015+09:00
Trade Report,1300.0,4.0,success,False,2026-08-19T13:33:54.731377+09:00
Trade Repository,390.0,3.0,success,False,2026-08-27T23:16:34.240680+09:00
Trade Result,210.0,4.0,success,False,2026-08-28T00:49:13.140044+09:00
Trade Roadmap,10.0,10.0,success,False,2026-08-18T22:10:20.360888+09:00
Trade Route,18100.0,3.0,success,False,2026-08-17T21:39:34.435552+09:00
Trade Rule,2400.0,9.0,success,False,2026-08-23T03:21:04.390216+09:00
Trade Sale,1600.0,10.0,success,False,2026-08-21T02:26:24.473700+09:00
Trade Sample,170.0,17.0,success,False,2026-08-19T21:49:09.518107+09:00
Trade Scale,1300.0,51.0,success,False,2026-08-17T21:41:36.452024+09:00
Trade Scanner,1300.0,33.0,success,False,2026-08-27T23:59:23.650703+09:00
Trade Scheduler,,,failed,False,2026-08-17T23:04:36.399044+09:00
Trade Scope,70.0,9.0,success,False,2026-08-17T21:37:36.095439+09:00
Trade Score,320.0,11.0,success,False,2026-08-19T13:35:21.181056+09:00
Trade Sentry,10.0,14.0,success,False,2026-08-17T20:46:56.962156+09:00
Trade Serial,,,failed,False,2026-08-23T13:27:56.242264+09:00
Trade Sheet,590.0,13.0,success,False,2026-08-19T13:34:28.843739+09:00
Trade Shortfall,,,failed,False,2026-08-27T21:49:57.609346+09:00
Trade Signal,2900.0,26.0,success,False,2026-08-17T21:41:04.521769+09:00
Trade Slip,90.0,0.0,success,False,2026-08-19T21:48:58.615287+09:00
Trade Slot,90.0,3.0,success,False,2026-08-19T21:49:21.504748+09:00
Trade Snapshot,50.0,2.0,success,False,2026-08-18T22:09:25.652147+09:00
Trade Stage,110.0,8.0,success,False,2026-08-28T00:49:13.140044+09:00
Trade Stake,,,failed,False,2026-08-23T02:56:08.739557+09:00
Trade Statement,390.0,1.0,success,False,2026-08-21T00:28:13.699286+09:00
Trade Station,60500.0,30.0,success,False,2026-08-17T20:38:31.317013+09:00
Trade Status,590.0,4.0,success,False,2026-08-19T20:47:51.523685+09:00
Trade Stub,,,failed,False,2026-08-21T00:28:03.957628+09:00
Trade Studio,1300.0,6.0,success,False,2026-08-17T20:40:19.019495+09:00
Trade Subsidy,140.0,0.0,success,False,2026-08-23T15:52:40.502270+09:00
Trade Suite,110.0,11.0,success,False,2026-08-17T23:15:25.442488+09:00
Trade Sum,20.0,2.0,success,False,2026-08-21T02:26:06.975454+09:00
Trade Summary,1000.0,3.0,success,False,2026-08-19T21:33:01.101175+09:00
Trade Surtax,,,failed,False,2026-08-23T15:52:42.470276+09:00
Trade Sync,8100.0,18.0,success,False,2026-08-17T20:42:13.997557+09:00
Trade Tab,1000.0,40.0,success,False,2026-08-21T00:28:56.685784+09:00
Trade Table,1900.0,83.0,success,False,2026-08-19T21:48:31.545228+09:00
Trade Tag,1600.0,7.0,success,False,2026-08-19T13:35:47.282228+09:00
Trade Tally,30.0,6.0,success,False,2026-08-21T00:28:17.964653+09:00
Trade Tariff,5400.0,0.0,success,True,2026-08-21T02:42:02.551252+09:00
Trade Tax,4400.0,17.0,success,False,2026-08-21T02:10:45.957047+09:00
Trade Ticket,1900.0,8.0,success,False,2026-08-19T21:03:51.507952+09:00
Trade Timeline,70.0,1.0,success,False,2026-08-19T21:33:04.196015+09:00
Trade Timer,4400.0,5.0,success,False,2026-08-28T00:27:40.381664+09:00
Trade Toll,,,failed,False,2026-08-21T02:41:51.779430+09:00
Trade Toolbox,90.0,62.0,success,False,2026-08-28T00:27:43.001225+09:00
Trade Toolkit,,,failed,False,2026-08-18T22:09:01.069434+09:00
Trade Total,,,failed,False,2026-08-27T23:16:26.018143+09:00
Trade Tracker,9900.0,7.0,success,False,2026-08-17T20:43:08.098438+09:00
Trade Trail,90.0,11.0,success,False,2026-08-17T21:35:58.459168+09:00
Trade Trend,2400.0,20.0,success,False,2026-08-28T01:01:36.692864+09:00
Trade Trial,480.0,38.0,success,False,2026-08-27T21:19:05.213789+09:00
Trade Unit,320.0,11.0,success,False,2026-08-21T01:54:37.378039+09:00
Trade Update,720.0,3.0,success,False,2026-08-19T20:48:32.959283+09:00
Trade Value,135000.0,1.0,success,False,2026-08-23T02:56:06.421775+09:00
Trade Vault,590.0,11.0,success,False,2026-08-17T20:36:11.237181+09:00
Trade Version,10.0,12.0,success,False,2026-08-23T03:20:52.959248+09:00
Trade View,20400000.0,5.0,success,False,2026-08-19T20:47:58.897100+09:00
Trade Voucher,140.0,3.0,success,False,2026-08-21T00:27:48.036654+09:00
Trade Wallet,720.0,27.0,success,False,2026-08-27T22:51:05.430430+09:00
Trade Watch,3600.0,25.0,success,False,2026-08-17T21:38:40.825363+09:00
Trade Wave,1300.0,10.0,success,False,2026-08-17T21:33:20.961288+09:00
Trade Widget,170.0,18.0,success,False,2026-08-27T23:16:30.238245+09:00
Trade Workbench,,,failed,False,2026-08-18T22:08:52.301038+09:00
Trade Worksheet,50.0,61.0,success,False,2026-08-27T22:14:28.911513+09:00
Trade Zone,60500.0,9.0,success,False,2026-08-17T20:35:44.075031+09:00
Trainer Advance,720.0,89.0,success,False,2026-08-23T16:12:59.279314+09:00
Trainer Advisory,,,failed,False,2026-08-21T00:58:32.149871+09:00
Trainer Allowance,,,failed,False,2026-08-21T02:38:16.396053+09:00
Trainer Almanac,,,failed,False,2026-08-18T22:09:56.131275+09:00
Trainer Analyzer,,,failed,False,2026-08-27T23:54:45.435156+09:00
Trainer Anchor,,,failed,False,2026-08-17T23:05:44.417197+09:00
Trainer Arrears,,,failed,False,2026-08-23T16:12:54.608017+09:00
Trainer Assistant,480.0,1.0,success,False,2026-08-17T23:06:26.824049+09:00
Trainer Atlas,,,failed,False,2026-08-17T23:10:15.371250+09:00
Trainer Attribute,,,failed,False,2026-08-23T13:06:05.538611+09:00
Trainer Badge,90.0,27.0,success,False,2026-08-21T00:36:30.694005+09:00
Trainer Balance,9900.0,100.0,success,False,2026-08-23T13:46:21.678760+09:00
Trainer Base,90.0,3.0,success,False,2026-08-17T23:05:17.262710+09:00
Trainer Beacon,,,failed,False,2026-08-17T23:03:58.711434+09:00
Trainer Bill,320.0,6.0,success,False,2026-08-19T22:04:49.676934+09:00
Trainer Blueprint,,,failed,False,2026-08-18T22:09:47.268840+09:00
Trainer Board,480.0,21.0,success,False,2026-08-17T23:32:49.252049+09:00
Trainer Book,880.0,14.0,success,False,2026-08-19T22:05:43.764657+09:00
Trainer Bridge,,,failed,False,2026-08-17T23:30:21.472957+09:00
Trainer Brief,,,failed,False,2026-08-21T00:58:22.319025+09:00
Trainer Bulletin,,,failed,False,2026-08-21T01:09:42.916632+09:00
Trainer Calendar,30.0,6.0,success,False,2026-08-18T23:57:39.317157+09:00
Trainer Card,4400.0,40.0,success,False,2026-08-19T13:33:46.951331+09:00
Trainer Cascade,,,failed,False,2026-08-17T23:11:13.383500+09:00
Trainer Cash,,,failed,False,2026-08-21T02:22:16.250751+09:00
Trainer Cashback,,,failed,False,2026-08-27T21:15:18.698295+09:00
Trainer Category,,,failed,False,2026-08-23T13:06:02.918045+09:00
Trainer Center,480.0,1.0,success,False,2026-08-17T23:33:28.426699+09:00
Trainer Chain,,,failed,False,2026-08-17T23:25:00.626086+09:00
Trainer Charge,,,failed,False,2026-08-21T02:38:04.709344+09:00
Trainer Check,10.0,1.0,success,False,2026-08-19T13:34:00.979457+09:00
Trainer Checker,20.0,21.0,success,False,2026-08-27T23:54:35.399736+09:00
Trainer Circular,,,failed,False,2026-08-21T00:59:23.990159+09:00
Trainer Cockpit,,,failed,False,2026-08-17T23:27:38.183762+09:00
Trainer Code,320.0,0.0,success,False,2026-08-19T22:05:17.062474+09:00
Trainer Codex,,,failed,False,2026-08-18T22:10:12.310168+09:00
Trainer Companion,,,failed,False,2026-08-17T23:04:15.040980+09:00
Trainer Comparison,70.0,67.0,success,False,2026-08-28T01:04:51.979139+09:00
Trainer Compass,,,failed,False,2026-08-17T23:29:51.250400+09:00
Trainer Compendium,,,failed,False,2026-08-18T22:10:04.357387+09:00
Trainer Confirmation,,,failed,False,2026-08-21T00:58:40.847726+09:00
Trainer Console,,,failed,False,2026-08-17T23:10:33.409769+09:00
Trainer Contribution,,,failed,False,2026-08-23T16:12:51.127665+09:00
Trainer Copayment,,,failed,False,2026-08-23T16:38:11.972867+09:00
Trainer Core,1600.0,100.0,success,False,2026-08-17T23:32:37.778770+09:00
Trainer Cost,5400.0,17.0,success,False,2026-08-21T02:07:02.181648+09:00
Trainer Count,,,failed,False,2026-08-27T22:47:31.900265+09:00
Trainer Counter,10.0,0.0,success,False,2026-08-18T23:58:38.723569+09:00
Trainer Coupon,10.0,0.0,success,False,2026-08-27T21:15:18.698295+09:00
Trainer Dashboard,140.0,1.0,success,False,2026-08-17T23:09:54.812310+09:00
Trainer Deal,,,failed,False,2026-08-21T01:51:12.065747+09:00
Trainer Debt,,,failed,False,2026-08-21T02:22:07.753021+09:00
Trainer Deck,70.0,74.0,success,False,2026-08-17T23:07:11.054257+09:00
Trainer Depot,,,failed,False,2026-08-18T23:58:19.517114+09:00
Trainer Desk,170.0,100.0,success,False,2026-08-17T23:29:16.727834+09:00
Trainer Detail,,,failed,False,2026-08-23T03:16:59.377666+09:00
Trainer Detector,,,failed,False,2026-08-27T23:54:40.654466+09:00
Trainer Dial,,,failed,False,2026-08-17T23:04:52.831664+09:00
Trainer Digest,,,failed,False,2026-08-19T20:47:22.248072+09:00
Trainer Directory,70.0,1.0,success,False,2026-08-18T23:57:49.004373+09:00
Trainer Discount,880.0,100.0,success,False,2026-08-23T16:12:46.857371+09:00
Trainer Dock,,,failed,False,2026-08-17T23:06:45.787789+09:00
Trainer Dossier,,,failed,False,2026-08-21T00:58:44.836971+09:00
Trainer Downpayment,,,failed,False,2026-08-27T21:46:42.401025+09:00
Trainer Due,,,failed,False,2026-08-23T15:51:18.067623+09:00
Trainer Duty,,,failed,False,2026-08-21T02:38:06.910707+09:00
Trainer Engine,50.0,1.0,success,False,2026-08-17T23:26:36.000104+09:00
Trainer Entry,,,failed,False,2026-08-21T00:58:59.914106+09:00
Trainer Estimate,,,failed,False,2026-08-19T21:32:39.944567+09:00
Trainer Estimator,,,failed,False,2026-08-27T23:54:32.984482+09:00
Trainer Excerpt,,,failed,False,2026-08-21T00:58:54.317507+09:00
Trainer Fare,,,failed,False,2026-08-21T02:07:11.746620+09:00
Trainer Fee,110.0,3.0,success,False,2026-08-21T01:50:51.985309+09:00
Trainer Feed,,,failed,False,2026-08-19T20:47:28.016879+09:00
Trainer Field,,,failed,False,2026-08-23T13:06:07.907385+09:00
Trainer File,70.0,25.0,success,False,2026-08-19T20:47:00.737978+09:00
Trainer Finder,90.0,68.0,success,False,2026-08-18T23:58:11.366687+09:00
Trainer Fine,,,failed,False,2026-08-23T02:53:34.328450+09:00
Trainer Flag,,,failed,False,2026-08-21T00:24:49.316489+09:00
Trainer Flow,90.0,100.0,success,False,2026-08-17T23:13:09.056664+09:00
Trainer Forge,,,failed,False,2026-08-17T23:30:08.040310+09:00
Trainer Form,1600.0,1.0,success,False,2026-08-19T13:33:40.733972+09:00
Trainer Format,,,failed,False,2026-08-23T13:06:10.168774+09:00
Trainer Frame,20.0,11.0,success,False,2026-08-17T23:32:25.255075+09:00
Trainer Fund,,,failed,False,2026-08-21T02:22:10.235863+09:00
Trainer Gate,30.0,0.0,success,False,2026-08-17T23:15:22.052615+09:00
Trainer Giveaway,10.0,,success,False,2026-08-27T21:15:25.200797+09:00
Trainer Grade,,,failed,False,2026-08-21T00:36:48.316365+09:00
Trainer Graph,,,failed,False,2026-08-27T22:09:32.047106+09:00
Trainer Grid,10.0,1.0,success,False,2026-08-17T23:31:17.212800+09:00
Trainer Guarantee,,,failed,False,2026-08-28T01:05:00.784184+09:00
Trainer Guard,40.0,97.0,success,False,2026-08-17T23:28:19.331420+09:00
Trainer Guardian,,,failed,False,2026-08-28T00:24:19.907536+09:00
Trainer Guidebook,,,failed,False,2026-08-18T22:09:32.067298+09:00
Trainer Helpdesk,,,failed,False,2026-08-27T22:47:31.900265+09:00
Trainer Helper,50.0,10.0,success,False,2026-08-28T00:24:27.565309+09:00
Trainer History,40.0,3.0,success,False,2026-08-19T20:46:54.929939+09:00
Trainer Hub,1000.0,28.0,success,False,2026-08-17T23:29:01.871676+09:00
Trainer Identifier,30.0,19.0,success,False,2026-08-23T13:06:00.621707+09:00
Trainer Incentive,,,failed,False,2026-08-27T21:15:25.200797+09:00
Trainer Index,50.0,0.0,success,False,2026-08-19T21:32:36.347329+09:00
Trainer Insight,,,failed,False,2026-08-17T23:27:21.585941+09:00
Trainer Installment,,,failed,False,2026-08-23T16:12:51.127665+09:00
Trainer Item,10.0,42.0,success,False,2026-08-21T01:50:46.788824+09:00
Trainer Journal,10.0,59.0,success,False,2026-08-18T22:09:15.023895+09:00
Trainer Keeper,,,failed,False,2026-08-17T23:04:33.261831+09:00
Trainer Kit,1300.0,13.0,success,False,2026-08-27T22:47:28.680273+09:00
Trainer Lab,140.0,12.0,success,False,2026-08-17T23:14:07.437972+09:00
Trainer Ledger,,,failed,False,2026-08-17T23:12:27.386442+09:00
Trainer Lens,30.0,0.0,success,False,2026-08-17T23:10:52.063537+09:00
Trainer Level,6600.0,90.0,success,False,2026-08-19T20:47:06.290958+09:00
Trainer Link,880.0,2.0,success,False,2026-08-23T03:16:44.260724+09:00
Trainer List,110.0,1.0,success,False,2026-08-19T22:05:25.560581+09:00
Trainer Loan,,,failed,False,2026-08-21T02:07:24.034599+09:00
Trainer Locator,210.0,1.0,success,False,2026-08-18T23:58:01.279851+09:00
Trainer Lock,40.0,21.0,success,False,2026-08-17T23:03:37.118721+09:00
Trainer Log,20.0,6.0,success,False,2026-08-19T13:33:22.206561+09:00
Trainer Loop,,,failed,False,2026-08-17T23:07:35.240679+09:00
Trainer Manager,720.0,5.0,success,False,2026-08-17T23:26:24.551704+09:00
Trainer Manual,1900.0,36.0,success,False,2026-08-27T22:09:38.149454+09:00
Trainer Map,260.0,28.0,success,False,2026-08-17T23:32:05.926406+09:00
Trainer Markup,,,failed,False,2026-08-23T16:38:09.315163+09:00
Trainer Memo,20.0,0.0,success,False,2026-08-21T00:36:50.529911+09:00
Trainer Message,,,failed,False,2026-08-27T23:12:32.092351+09:00
Trainer Meter,,,failed,False,2026-08-17T23:24:01.156266+09:00
Trainer Metrics,140.0,25.0,success,False,2026-08-17T23:15:05.132671+09:00
Trainer Monitor,,,failed,False,2026-08-17T23:08:11.112323+09:00
Trainer Navigator,,,failed,False,2026-08-17T23:27:50.871251+09:00
Trainer Nexus,70.0,53.0,success,False,2026-08-17T23:25:55.806145+09:00
Trainer Node,,,failed,False,2026-08-17T23:25:39.196440+09:00
Trainer Note,,,failed,False,2026-08-19T13:34:20.014616+09:00
Trainer Notification,,,failed,False,2026-08-27T22:47:24.172994+09:00
Trainer Number,40.0,0.0,success,False,2026-08-23T03:16:36.835162+09:00
Trainer Office,590.0,100.0,success,False,2026-08-18T23:58:29.314698+09:00
Trainer Ops,10.0,1.0,success,False,2026-08-17T23:11:28.950122+09:00
Trainer Order,,,failed,False,2026-08-19T22:04:38.551336+09:00
Trainer Organizer,,,failed,False,2026-08-17T23:27:09.313673+09:00
Trainer Overage,,,failed,False,2026-08-27T21:46:42.401025+09:00
Trainer Panel,,,failed,False,2026-08-17T23:23:43.975283+09:00
Trainer Pass,50.0,1.0,success,False,2026-08-21T00:36:21.244854+09:00
Trainer Path,40.0,0.0,success,False,2026-08-17T23:09:18.796206+09:00
Trainer Payoff,,,failed,False,2026-08-27T21:46:42.401025+09:00
Trainer Penalty,,,failed,False,2026-08-23T16:38:09.315163+09:00
Trainer Petition,,,failed,False,2026-08-21T00:58:36.711570+09:00
Trainer Pilot,30.0,5.0,success,False,2026-08-17T23:07:52.950180+09:00
Trainer Plan,590.0,7.0,success,False,2026-08-21T01:50:59.585302+09:00
Trainer Planner,590.0,7.0,success,False,2026-08-17T23:26:52.800903+09:00
Trainer Playbook,,,failed,False,2026-08-18T22:09:07.653451+09:00
Trainer Point,10.0,0.0,success,False,2026-08-17T23:31:48.177682+09:00
Trainer Portal,590.0,3.0,success,False,2026-08-17T23:23:26.681151+09:00
Trainer Preview,,,failed,False,2026-08-28T01:04:54.734993+09:00
Trainer Profile,720.0,0.0,success,False,2026-08-19T13:35:12.097075+09:00
Trainer Profit,,,failed,False,2026-08-23T02:53:22.590239+09:00
Trainer Proposal,10.0,,success,False,2026-08-28T01:04:57.702842+09:00
Trainer Pulse,260.0,88.0,success,False,2026-08-17T23:14:27.748058+09:00
Trainer Quota,,,failed,False,2026-08-21T00:24:39.947545+09:00
Trainer Radar,70.0,0.0,success,False,2026-08-17T23:14:46.249386+09:00
Trainer Rail,,,failed,False,2026-08-17T23:24:44.637673+09:00
Trainer Rank,10.0,0.0,success,False,2026-08-28T00:47:20.872913+09:00
Trainer Rate,,,failed,False,2026-08-19T20:47:08.500238+09:00
Trainer Recap,,,failed,False,2026-08-21T01:00:06.148655+09:00
Trainer Receipt,,,failed,False,2026-08-19T22:05:01.387918+09:00
Trainer Redemption,,,failed,False,2026-08-23T16:38:11.972867+09:00
Trainer Register,70.0,3.0,success,False,2026-08-17T23:28:06.508675+09:00
Trainer Registry,,,failed,False,2026-08-18T22:09:39.839296+09:00
Trainer Relay,,,failed,False,2026-08-17T23:29:34.686853+09:00
Trainer Reminder,,,failed,False,2026-08-19T21:32:32.734528+09:00
Trainer Report,10.0,0.0,success,False,2026-08-19T13:33:08.765794+09:00
Trainer Repository,,,failed,False,2026-08-27T23:12:37.040829+09:00
Trainer Roadmap,,,failed,False,2026-08-18T22:10:18.505365+09:00
Trainer Roster,,,failed,False,2026-08-19T00:37:32.560227+09:00
Trainer Route,,,failed,False,2026-08-17T23:24:23.365405+09:00
Trainer Rule,,,failed,False,2026-08-23T03:16:51.782987+09:00
Trainer Sale,18100.0,100.0,success,False,2026-08-21T02:22:21.674947+09:00
Trainer Sample,,,failed,False,2026-08-19T22:06:04.414832+09:00
Trainer Scale,30.0,2.0,success,False,2026-08-17T23:12:08.094400+09:00
Trainer Scanner,,,failed,False,2026-08-27T23:54:35.399736+09:00
Trainer Scheduler,10.0,36.0,success,False,2026-08-17T23:13:28.338167+09:00
Trainer Scope,,,failed,False,2026-08-17T23:30:52.147668+09:00
Trainer Score,,,failed,False,2026-08-19T13:34:06.788909+09:00
Trainer Sentry,,,failed,False,2026-08-17T23:26:10.639676+09:00
Trainer Sheet,10.0,0.0,success,False,2026-08-19T13:33:54.731377+09:00
Trainer Signal,10.0,5.0,success,False,2026-08-17T23:30:36.598618+09:00
Trainer Signature,70.0,4.0,success,False,2026-08-23T13:27:09.032773+09:00
Trainer Slip,12100.0,100.0,success,False,2026-08-19T22:05:54.572880+09:00
Trainer Slot,110.0,1.0,success,False,2026-08-19T22:06:12.556669+09:00
Trainer Snapshot,,,failed,False,2026-08-18T22:09:23.803071+09:00
Trainer Stake,,,failed,False,2026-08-23T02:53:27.977389+09:00
Trainer Statement,,,failed,False,2026-08-21T00:36:37.815514+09:00
Trainer Station,50.0,44.0,success,False,2026-08-17T23:33:13.848442+09:00
Trainer Status,20.0,0.0,success,False,2026-08-19T20:46:42.465530+09:00
Trainer Stipend,,,failed,False,2026-08-23T13:46:21.678760+09:00
Trainer Streak,,,failed,False,2026-08-28T00:47:20.872913+09:00
Trainer Stub,,,failed,False,2026-08-21T00:36:35.821010+09:00
Trainer Studio,590.0,33.0,success,False,2026-08-17T23:33:03.029797+09:00
Trainer Subsidy,,,failed,False,2026-08-23T15:51:20.195828+09:00
Trainer Suite,10.0,8.0,success,False,2026-08-17T23:11:50.330995+09:00
Trainer Sum,,,failed,False,2026-08-21T02:22:03.460496+09:00
Trainer Summary,,,failed,False,2026-08-19T21:32:26.609245+09:00
Trainer Sync,,,failed,False,2026-08-17T23:28:41.981102+09:00
Trainer Tab,,,failed,False,2026-08-21T00:24:54.126348+09:00
Trainer Table,260.0,99.0,success,False,2026-08-19T22:05:35.780904+09:00
Trainer Tag,210.0,100.0,success,False,2026-08-19T13:34:25.531210+09:00
Trainer Tally,,,failed,False,2026-08-21T00:36:42.590036+09:00
Trainer Tariff,,,failed,False,2026-08-21T02:38:19.881796+09:00
Trainer Tax,,,failed,False,2026-08-21T02:07:16.373051+09:00
Trainer Ticket,720.0,4.0,success,False,2026-08-19T21:32:38.095873+09:00
Trainer Tier,,,failed,False,2026-08-28T00:47:20.872913+09:00
Trainer Timeline,,,failed,False,2026-08-19T21:32:30.611292+09:00
Trainer Timer,140.0,1.0,success,False,2026-08-28T00:24:17.222604+09:00
Trainer Token,,,failed,False,2026-08-23T13:27:09.032773+09:00
Trainer Toll,,,failed,False,2026-08-21T02:38:09.773029+09:00
Trainer Toolbox,170.0,34.0,success,False,2026-08-28T00:24:22.351196+09:00
Trainer Toolkit,2400.0,100.0,success,False,2026-08-18T22:08:59.053528+09:00
Trainer Total,390.0,100.0,success,False,2026-08-27T23:12:32.092351+09:00
Trainer Tracker,110.0,12.0,success,False,2026-08-17T23:06:04.469497+09:00
Trainer Trail,,,failed,False,2026-08-17T23:13:46.002975+09:00
Trainer Trend,2400.0,100.0,success,False,2026-08-28T01:04:51.979139+09:00
Trainer Trial,10.0,0.0,success,False,2026-08-27T21:15:22.797193+09:00
Trainer Unit,20.0,7.0,success,False,2026-08-21T01:51:00.424955+09:00
Trainer Update,20.0,1.0,success,False,2026-08-19T20:47:15.115131+09:00
Trainer Value,,,failed,False,2026-08-23T02:53:25.456581+09:00
Trainer Vault,110.0,66.0,success,False,2026-08-17T23:09:36.803243+09:00
Trainer Version,1600.0,8.0,success,False,2026-08-23T03:16:39.334057+09:00
Trainer View,20.0,13.0,success,False,2026-08-19T20:46:47.302188+09:00
Trainer Voucher,10.0,90.0,success,False,2026-08-21T00:36:26.230021+09:00
Trainer Watch,70.0,48.0,success,False,2026-08-17T23:12:51.339052+09:00
Trainer Wave,10.0,50.0,success,False,2026-08-17T23:31:30.005121+09:00
Trainer Widget,,,failed,False,2026-08-27T23:12:34.540185+09:00
Trainer Workbench,,,failed,False,2026-08-18T22:08:52.301038+09:00
Trainer Worksheet,,,failed,False,2026-08-27T22:09:38.149454+09:00
Trainer Workshop,40.0,21.0,success,False,2026-08-28T00:24:19.907536+09:00
Trainer Zone,260.0,1.0,success,False,2026-08-17T23:03:34.150622+09:00
Training Advance,70.0,4.0,success,False,2026-08-23T16:15:47.536999+09:00
Training Advisory,70.0,1.0,success,False,2026-08-21T01:18:44.582130+09:00
Training Alert,1000.0,1.0,success,False,2026-08-21T01:25:45.514354+09:00
Training Allowance,720.0,22.0,success,False,2026-08-21T02:43:53.941468+09:00
Training Analyzer,,,failed,False,2026-08-27T23:54:07.466946+09:00
Training Announcement,140.0,1.0,success,False,2026-08-27T23:33:24.139257+09:00
Training Arrears,,,failed,False,2026-08-23T16:15:43.832612+09:00
Training Asset,30.0,1.0,success,False,2026-08-23T13:47:05.237339+09:00
Training Assistant,1000.0,6.0,success,False,2026-08-21T01:24:10.673777+09:00
Training Atlas,9900.0,1.0,success,False,2026-08-21T01:22:55.105207+09:00
Training Attribute,,,failed,False,2026-08-23T13:05:45.716846+09:00
Training Badge,390.0,34.0,success,False,2026-08-21T01:17:57.482592+09:00
Training Balance,5400.0,75.0,success,False,2026-08-23T13:47:02.952399+09:00
Training Base,720.0,9.0,success,False,2026-08-21T01:21:04.299416+09:00
Training Bay,50.0,0.0,success,False,2026-08-21T01:35:21.006069+09:00
Training Beacon,720.0,1.0,success,False,2026-08-21T01:19:51.249504+09:00
Training Bill,90.0,0.0,success,False,2026-08-21T01:23:07.832051+09:00
Training Bin,,,failed,False,2026-08-21T01:25:53.521014+09:00
Training Board,880.0,76.0,success,False,2026-08-21T01:21:22.199165+09:00
Training Booth,70.0,33.0,success,False,2026-08-21T01:24:44.835275+09:00
Training Bridge,9900.0,2.0,success,False,2026-08-21T01:20:03.244208+09:00
Training Brief,260.0,85.0,success,False,2026-08-21T01:18:36.012476+09:00
Training Bulletin,50.0,0.0,success,False,2026-08-21T01:18:31.327971+09:00
Training Calendar,4400.0,5.0,success,False,2026-08-21T01:35:21.006069+09:00
Training Card,720.0,4.0,success,False,2026-08-21T01:26:35.509450+09:00
Training Cascade,590.0,4.0,success,False,2026-08-21T01:20:01.120246+09:00
Training Cash,90.0,6.0,success,False,2026-08-21T02:27:19.706336+09:00
Training Cashback,,,failed,False,2026-08-27T21:19:11.248734+09:00
Training Category,140.0,4.0,success,False,2026-08-23T13:05:43.515456+09:00
Training Center,49500.0,8.0,success,False,2026-08-21T01:21:49.678224+09:00
Training Chain,210.0,63.0,success,False,2026-08-21T01:22:33.143231+09:00
Training Charge,70.0,0.0,success,False,2026-08-21T02:43:47.739499+09:00
Training Chart,1900.0,2.0,success,False,2026-08-21T01:25:38.275036+09:00
Training Check,260.0,2.0,success,False,2026-08-21T01:26:47.452980+09:00
Training Checker,20.0,0.0,success,False,2026-08-27T23:54:02.041371+09:00
Training Circular,260.0,47.0,success,False,2026-08-21T01:18:40.477010+09:00
Training Code,390.0,13.0,success,False,2026-08-21T01:17:22.537676+09:00
Training Comparison,10.0,0.0,success,False,2026-08-28T01:05:28.825650+09:00
Training Compass,1900.0,5.0,success,False,2026-08-21T01:21:07.466451+09:00
Training Confirmation,1300.0,10.0,success,False,2026-08-21T01:18:56.365360+09:00
Training Console,,,failed,False,2026-08-21T01:22:01.103254+09:00
Training Contribution,10.0,0.0,success,False,2026-08-23T16:15:40.537214+09:00
Training Copayment,,,failed,False,2026-08-23T16:39:47.689837+09:00
Training Core,590.0,5.0,success,False,2026-08-21T01:21:10.960024+09:00
Training Cost,880.0,2.0,success,False,2026-08-21T02:10:21.556989+09:00
Training Count,10.0,0.0,success,False,2026-08-27T22:44:52.843533+09:00
Training Counter,50.0,0.0,success,False,2026-08-21T01:35:21.006069+09:00
Training Coupon,70.0,45.0,success,False,2026-08-27T21:19:08.961232+09:00
Training Deal,30.0,16.0,success,False,2026-08-21T01:53:12.594886+09:00
Training Debt,90.0,4.0,success,False,2026-08-21T02:27:08.024014+09:00
Training Deck,480.0,3.0,success,False,2026-08-21T01:21:27.496774+09:00
Training Desk,8100.0,10.0,success,False,2026-08-21T01:19:27.364478+09:00
Training Detail,320.0,2.0,success,False,2026-08-23T03:15:03.447052+09:00
Training Detector,,,failed,False,2026-08-27T23:54:04.696724+09:00
Training Diagram,110.0,0.0,success,False,2026-08-27T22:14:55.683786+09:00
Training Directory,50.0,10.0,success,False,2026-08-21T01:24:13.003010+09:00
Training Discount,20.0,1.0,success,False,2026-08-23T16:15:37.311219+09:00
Training Downpayment,,,failed,False,2026-08-27T21:50:13.120936+09:00
Training Draft,40.0,0.0,success,False,2026-08-21T01:16:26.293455+09:00
Training Due,70.0,0.0,success,False,2026-08-23T15:52:07.033808+09:00
Training Duty,40.0,0.0,success,False,2026-08-21T02:43:50.740440+09:00
Training Endowment,,,failed,False,2026-08-23T15:52:10.396341+09:00
Training Engine,40.0,11.0,success,False,2026-08-21T01:24:10.673777+09:00
Training Entry,390.0,0.0,success,False,2026-08-21T01:19:07.466825+09:00
Training Estimate,,,failed,False,2026-08-21T01:16:56.595304+09:00
Training Estimator,10.0,17.0,success,False,2026-08-27T23:53:59.228828+09:00
Training Extension,50.0,0.0,success,False,2026-08-23T16:39:50.503833+09:00
Training Fare,,,failed,False,2026-08-21T02:10:26.523271+09:00
Training Fee,480.0,1.0,success,False,2026-08-21T01:52:50.056270+09:00
Training Feed,590.0,2.0,success,False,2026-08-21T01:16:22.039842+09:00
Training Field,1900.0,1.0,success,False,2026-08-23T13:05:48.567186+09:00
Training File,590.0,5.0,success,False,2026-08-21T01:15:58.855612+09:00
Training Fine,,,failed,False,2026-08-23T02:58:22.138968+09:00
Training Flow,140.0,1.0,success,False,2026-08-21T01:19:18.289018+09:00
Training Forge,,,failed,False,2026-08-21T01:19:54.964370+09:00
Training Form,1600.0,4.0,success,False,2026-08-21T01:26:31.620928+09:00
Training Format,1600.0,4.0,success,False,2026-08-23T13:05:51.104957+09:00
Training Frame,40.0,86.0,success,False,2026-08-21T01:20:58.036999+09:00
Training Fund,390.0,3.0,success,False,2026-08-21T02:27:17.411779+09:00
Training Gate,390.0,3.0,success,False,2026-08-21T01:22:46.544366+09:00
Training Generator,260.0,20.0,success,False,2026-08-27T23:33:29.170312+09:00
Training Giveaway,,,failed,False,2026-08-27T21:19:20.192831+09:00
Training Graph,140.0,4.0,success,False,2026-08-27T22:14:41.092865+09:00
Training Grid,6600.0,7.0,success,False,2026-08-21T01:20:34.277114+09:00
Training Guarantee,10.0,1.0,success,False,2026-08-28T01:05:34.038010+09:00
Training Guardian,,,failed,False,2026-08-28T00:24:10.123784+09:00
Training Helpdesk,20.0,13.0,success,False,2026-08-27T22:44:57.466905+09:00
Training Helper,260.0,3.0,success,False,2026-08-28T00:24:12.580711+09:00
Training History,140.0,0.0,success,False,2026-08-21T01:15:52.922484+09:00
Training Hub,12100.0,3.0,success,False,2026-08-21T01:19:23.070915+09:00
Training Identifier,,,failed,False,2026-08-23T13:05:41.403029+09:00
Training Inbox,10.0,0.0,success,False,2026-08-21T01:25:28.581838+09:00
Training Incentive,110.0,0.0,success,False,2026-08-27T21:19:13.437251+09:00
Training Index,90.0,0.0,success,False,2026-08-21T01:16:47.227660+09:00
Training Installment,,,failed,False,2026-08-23T16:15:40.537214+09:00
Training Item,320.0,22.0,success,False,2026-08-21T01:52:54.387860+09:00
Training Journal,720.0,77.0,success,False,2026-08-21T01:24:10.673777+09:00
Training Keeper,40.0,74.0,success,False,2026-08-21T01:22:59.410874+09:00
Training Kit,3600.0,87.0,success,False,2026-08-27T22:44:50.273695+09:00
Training Lab,6600.0,25.0,success,False,2026-08-21T01:21:34.003833+09:00
Training Label,110.0,0.0,success,False,2026-08-27T22:14:45.094035+09:00
Training Ledger,,,failed,False,2026-08-21T01:21:16.120431+09:00
Training Level,720.0,18.0,success,False,2026-08-21T01:16:05.290341+09:00
Training Levy,210.0,4.0,success,False,2026-08-23T13:47:05.237339+09:00
Training Line,720.0,37.0,success,False,2026-08-21T01:26:12.180385+09:00
Training Link,1600.0,21.0,success,False,2026-08-23T03:14:55.080924+09:00
Training List,590.0,5.0,success,False,2026-08-21T01:17:27.975074+09:00
Training Loan,110.0,37.0,success,False,2026-08-21T02:10:36.488938+09:00
Training Lobby,90.0,9.0,success,False,2026-08-21T01:26:01.379135+09:00
Training Locator,,,failed,False,2026-08-21T01:24:17.387114+09:00
Training Locker,70.0,23.0,success,False,2026-08-21T01:24:33.847860+09:00
Training Log,1600.0,27.0,success,False,2026-08-21T01:26:25.836028+09:00
Training Loop,140.0,37.0,success,False,2026-08-21T01:20:28.588615+09:00
Training Manager,8100.0,4.0,success,False,2026-08-21T01:24:10.673777+09:00
Training Manual,3600.0,5.0,success,False,2026-08-27T22:14:45.094035+09:00
Training Map,60500.0,1.0,success,False,2026-08-21T01:20:51.576504+09:00
Training Marker,210.0,100.0,success,False,2026-08-23T13:27:11.117738+09:00
Training Markup,,,failed,False,2026-08-23T16:39:45.505448+09:00
Training Memo,210.0,0.0,success,False,2026-08-21T01:18:13.948377+09:00
Training Message,70.0,2.0,success,False,2026-08-27T23:10:50.264630+09:00
Training Monitor,210.0,26.0,success,False,2026-08-21T01:24:10.673777+09:00
Training Nexus,1000.0,3.0,success,False,2026-08-21T01:22:49.559882+09:00
Training Note,390.0,10.0,success,False,2026-08-21T01:15:30.378271+09:00
Training Notification,110.0,0.0,success,False,2026-08-27T22:44:46.439478+09:00
Training Number,170.0,0.0,success,False,2026-08-23T03:14:46.268297+09:00
Training Office,260.0,8.0,success,False,2026-08-21T01:24:25.353806+09:00
Training Ops,1000.0,9.0,success,False,2026-08-21T01:24:10.673777+09:00
Training Order,170.0,0.0,success,False,2026-08-21T01:17:02.274965+09:00
Training Outline,590.0,1.0,success,False,2026-08-27T22:29:33.709708+09:00
Training Outpost,,,failed,False,2026-08-21T01:25:03.878404+09:00
Training Overage,,,failed,False,2026-08-27T21:50:10.340173+09:00
Training Overdraft,,,failed,False,2026-08-23T15:52:10.396341+09:00
Training Overdue,,,failed,False,2026-08-27T21:50:06.831063+09:00
Training Panel,90.0,3.0,success,False,2026-08-21T01:22:07.036293+09:00
Training Pass,170.0,4.0,success,False,2026-08-21T01:17:49.809423+09:00
Training Passport,260.0,2.0,success,False,2026-08-21T01:25:46.762620+09:00
Training Path,320.0,1.0,success,False,2026-08-21T01:20:42.577799+09:00
Training Payoff,,,failed,False,2026-08-27T21:50:06.831063+09:00
Training Penalty,70.0,0.0,success,False,2026-08-23T16:39:45.505448+09:00
Training Petition,,,failed,False,2026-08-21T01:18:50.592866+09:00
Training Plan,9900.0,10.0,success,False,2026-08-21T01:53:07.082720+09:00
Training Planner,9900.0,10.0,success,False,2026-08-21T01:24:10.673777+09:00
Training Playbook,90.0,13.0,success,False,2026-08-21T01:24:10.673777+09:00
Training Plaza,10.0,0.0,success,False,2026-08-21T01:25:05.827415+09:00
Training Point,2400.0,2.0,success,False,2026-08-21T01:20:48.632862+09:00
Training Portal,12100.0,6.0,success,False,2026-08-21T01:21:58.318065+09:00
Training Post,480.0,21.0,success,False,2026-08-21T01:24:59.173649+09:00
Training Preview,70.0,0.0,success,False,2026-08-28T01:05:31.519640+09:00
Training Profile,320.0,0.0,success,False,2026-08-21T01:15:38.767814+09:00
Training Profit,,,failed,False,2026-08-23T02:58:08.701487+09:00
Training Proposal,480.0,3.0,success,False,2026-08-28T01:05:31.519640+09:00
Training Quota,,,failed,False,2026-08-21T01:18:19.084511+09:00
Training Radar,40500.0,0.0,success,True,2026-08-21T01:19:32.138069+09:00
Training Rail,720.0,3.0,success,False,2026-08-21T01:22:27.198742+09:00
Training Rate,590.0,4.0,success,False,2026-08-21T01:16:10.496497+09:00
Training Recap,90.0,1.0,success,False,2026-08-21T01:19:03.432303+09:00
Training Receipt,140.0,4.0,success,False,2026-08-21T01:17:14.231029+09:00
Training Recorder,10.0,46.0,success,False,2026-08-27T23:33:29.170312+09:00
Training Register,1000.0,7.0,success,False,2026-08-21T01:24:10.673777+09:00
Training Relay,,,failed,False,2026-08-21T01:19:35.649490+09:00
Training Reminder,260.0,0.0,success,False,2026-08-21T01:16:42.417120+09:00
Training Report,1000.0,1.0,success,False,2026-08-21T01:26:22.503532+09:00
Training Repository,30.0,7.0,success,False,2026-08-27T23:11:01.656662+09:00
Training Result,140.0,0.0,success,False,2026-08-28T00:47:24.969957+09:00
Training Ring,1000.0,99.0,success,False,2026-08-21T01:22:38.712146+09:00
Training Roll,40.0,100.0,success,False,2026-08-21T01:26:17.676069+09:00
Training Roster,320.0,4.0,success,False,2026-08-21T01:25:39.259226+09:00
Training Route,50.0,0.0,success,False,2026-08-21T01:22:20.767459+09:00
Training Rule,260.0,0.0,success,False,2026-08-23T03:14:59.429482+09:00
Training Sale,12100.0,33.0,success,False,2026-08-21T02:27:23.796384+09:00
Training Sample,170.0,4.0,success,False,2026-08-21T01:17:41.245351+09:00
Training Scale,320.0,13.0,success,False,2026-08-21T01:22:16.671736+09:00
Training Scanner,,,failed,False,2026-08-27T23:54:02.041371+09:00
Training Scope,260.0,0.0,success,False,2026-08-21T01:20:23.926123+09:00
Training Score,70.0,0.0,success,False,2026-08-21T01:15:25.336646+09:00
Training Sheet,720.0,54.0,success,False,2026-08-21T01:26:44.593664+09:00
Training Shortfall,,,failed,False,2026-08-27T21:50:15.580858+09:00
Training Signal,40.0,0.0,success,False,2026-08-21T01:20:09.112300+09:00
Training Slip,20.0,42.0,success,False,2026-08-21T01:17:36.062470+09:00
Training Slot,390.0,8.0,success,False,2026-08-21T01:17:43.825232+09:00
Training Stage,170.0,1.0,success,False,2026-08-28T00:47:20.872913+09:00
Training Stake,,,failed,False,2026-08-23T02:58:14.811642+09:00
Training Stamp,30.0,31.0,success,False,2026-08-23T13:27:13.232233+09:00
Training Statement,20.0,0.0,success,False,2026-08-21T01:18:06.634708+09:00
Training Station,3600.0,62.0,success,False,2026-08-21T01:21:39.994879+09:00
Training Status,550000.0,1.0,success,False,2026-08-21T01:15:44.374236+09:00
Training Stipend,140.0,0.0,success,False,2026-08-23T13:47:07.330354+09:00
Training Streak,10.0,0.0,success,False,2026-08-28T00:47:24.969957+09:00
Training Stub,,,failed,False,2026-08-21T01:18:04.111706+09:00
Training Studio,1000.0,5.0,success,False,2026-08-21T01:21:31.170741+09:00
Training Subsidy,170.0,5.0,success,False,2026-08-23T15:52:10.396341+09:00
Training Sum,,,failed,False,2026-08-21T02:27:05.386441+09:00
Training Summary,210.0,1.0,success,False,2026-08-21T01:16:32.710448+09:00
Training Tab,170.0,38.0,success,False,2026-08-21T01:18:23.588658+09:00
Training Table,2900.0,100.0,success,False,2026-08-21T01:17:30.839165+09:00
Training Tag,110.0,8.0,success,False,2026-08-21T01:15:34.329365+09:00
Training Tariff,,,failed,False,2026-08-21T02:43:57.292345+09:00
Training Tax,210.0,2.0,success,False,2026-08-21T02:10:31.589901+09:00
Training Terminal,50.0,9.0,success,False,2026-08-21T01:21:46.110216+09:00
Training Ticker,,,failed,False,2026-08-21T01:26:04.709927+09:00
Training Ticket,1000000.0,39.0,success,False,2026-08-21T01:16:53.151150+09:00
Training Tier,,,failed,False,2026-08-28T00:47:24.969957+09:00
Training Timeline,210.0,1.0,success,False,2026-08-21T01:16:40.172400+09:00
Training Timer,480.0,57.0,success,False,2026-08-28T00:24:03.733784+09:00
Training Toll,,,failed,False,2026-08-21T02:43:53.941468+09:00
Training Toolbox,210.0,12.0,success,False,2026-08-28T00:24:10.123784+09:00
Training Total,10.0,100.0,success,False,2026-08-27T23:10:50.264630+09:00
Training Tower,480.0,99.0,success,False,2026-08-21T01:25:14.873207+09:00
Training Tracker,2400.0,22.0,success,False,2026-08-21T01:19:12.546892+09:00
Training Trail,70.0,9.0,success,False,2026-08-21T01:22:31.268942+09:00
Training Trend,90.0,8.0,success,False,2026-08-28T01:05:26.346049+09:00
Training Trial,320.0,0.0,success,False,2026-08-27T21:19:13.437251+09:00
Training Unit,880.0,5.0,success,False,2026-08-21T01:52:58.378871+09:00
Training Update,170.0,3.0,success,False,2026-08-21T01:16:15.267590+09:00
Training Value,260.0,3.0,success,False,2026-08-23T02:58:11.410981+09:00
Training Vault,260.0,1.0,success,False,2026-08-21T01:19:38.759789+09:00
Training Version,10.0,0.0,success,False,2026-08-23T03:14:51.168783+09:00
Training View,20400000.0,5.0,success,False,2026-08-21T01:15:49.368632+09:00
Training Voucher,140.0,3.0,success,False,2026-08-21T01:17:54.187315+09:00
Training Watch,880.0,100.0,success,False,2026-08-21T01:20:18.165253+09:00
Training Wave,90.0,0.0,success,False,2026-08-21T01:21:07.466451+09:00
Training Widget,30.0,1.0,success,False,2026-08-27T23:10:55.756193+09:00
Training Window,590.0,10.0,success,False,2026-08-21T01:26:13.869304+09:00
Training Worksheet,40.0,3.0,success,False,2026-08-27T22:14:48.502479+09:00
Training Workshop,2900.0,6.0,success,False,2026-08-28T00:24:07.652921+09:00
Training Yard,590.0,2.0,success,False,2026-08-21T01:35:21.006069+09:00
Training Zone,8100.0,3.0,success,False,2026-08-21T01:21:53.775872+09:00
Transcript Advisory,,,failed,False,2026-08-21T01:07:11.720033+09:00
Transcript Allowance,,,failed,False,2026-08-21T02:38:00.530165+09:00
Transcript Almanac,,,failed,False,2026-08-18T22:06:18.385841+09:00
Transcript Analyzer,50.0,26.0,success,False,2026-08-27T23:53:23.914629+09:00
Transcript Anchor,,,failed,False,2026-08-17T20:45:48.787557+09:00
Transcript Assistant,480.0,15.0,success,False,2026-08-17T23:33:28.426699+09:00
Transcript Atlas,,,failed,False,2026-08-17T20:36:35.862750+09:00
Transcript Badge,,,failed,False,2026-08-21T00:32:54.976982+09:00
Transcript Base,,,failed,False,2026-08-17T20:33:16.020559+09:00
Transcript Beacon,,,failed,False,2026-08-17T21:31:35.848823+09:00
Transcript Bill,10.0,,success,False,2026-08-19T21:52:10.666614+09:00
Transcript Blueprint,,,failed,False,2026-08-18T22:06:09.670880+09:00
Transcript Board,,,failed,False,2026-08-18T07:52:33.463903+09:00
Transcript Book,3600.0,32.0,success,False,2026-08-19T21:53:16.228732+09:00
Transcript Bridge,,,failed,False,2026-08-17T20:46:51.703605+09:00
Transcript Brief,,,failed,False,2026-08-21T01:07:02.843245+09:00
Transcript Bulletin,210.0,0.0,success,False,2026-08-21T01:06:56.173532+09:00
Transcript Cabinet,,,failed,False,2026-08-27T23:11:31.507435+09:00
Transcript Calendar,10.0,0.0,success,False,2026-08-19T00:03:09.712807+09:00
Transcript Card,50.0,0.0,success,False,2026-08-19T13:28:36.830433+09:00
Transcript Cascade,,,failed,False,2026-08-17T20:48:06.680156+09:00
Transcript Cash,,,failed,False,2026-08-21T02:21:11.057858+09:00
Transcript Catalog,,,failed,False,2026-08-19T21:07:02.698289+09:00
Transcript Center,70.0,1.0,success,False,2026-08-17T21:34:17.965302+09:00
Transcript Chain,,,failed,False,2026-08-17T20:41:00.568700+09:00
Transcript Charge,,,failed,False,2026-08-21T02:37:45.273746+09:00
Transcript Check,90.0,6.0,success,False,2026-08-19T13:28:58.111204+09:00
Transcript Checker,90.0,6.0,success,False,2026-08-27T23:53:16.393422+09:00
Transcript Checklist,,,failed,False,2026-08-19T21:06:11.173737+09:00
Transcript Circular,,,failed,False,2026-08-21T01:07:07.368570+09:00
Transcript Cockpit,,,failed,False,2026-08-17T23:12:08.094400+09:00
Transcript Code,480.0,1.0,success,False,2026-08-19T21:52:35.745180+09:00
Transcript Codex,10.0,2.0,success,False,2026-08-18T22:06:39.446315+09:00
Transcript Companion,,,failed,False,2026-08-17T23:24:49.201687+09:00
Transcript Comparison,,,failed,False,2026-08-28T01:02:01.499945+09:00
Transcript Compass,,,failed,False,2026-08-17T21:32:47.122898+09:00
Transcript Compendium,,,failed,False,2026-08-18T22:06:29.857370+09:00
Transcript Confirmation,,,failed,False,2026-08-21T01:07:21.862187+09:00
Transcript Console,,,failed,False,2026-08-17T21:31:00.206645+09:00
Transcript Converter,590.0,48.0,success,False,2026-08-27T23:33:29.170312+09:00
Transcript Core,,,failed,False,2026-08-17T20:32:07.300250+09:00
Transcript Cost,720.0,8.0,success,False,2026-08-21T02:14:19.948102+09:00
Transcript Count,,,failed,False,2026-08-27T22:46:20.664142+09:00
Transcript Counter,,,failed,False,2026-08-19T00:03:53.943426+09:00
Transcript Dashboard,,,failed,False,2026-08-17T23:24:23.365405+09:00
Transcript Deal,,,failed,False,2026-08-21T01:58:57.371926+09:00
Transcript Debt,,,failed,False,2026-08-21T02:21:00.139536+09:00
Transcript Deck,,,failed,False,2026-08-17T21:40:51.783967+09:00
Transcript Depot,,,failed,False,2026-08-19T00:03:38.462918+09:00
Transcript Desk,,,failed,False,2026-08-17T21:36:52.396982+09:00
Transcript Detail,,,failed,False,2026-08-23T03:14:46.268297+09:00
Transcript Detector,,,failed,False,2026-08-27T23:53:21.557901+09:00
Transcript Dial,,,failed,False,2026-08-17T20:47:25.656493+09:00
Transcript Digest,,,failed,False,2026-08-19T20:44:10.013145+09:00
Transcript Directory,,,failed,False,2026-08-19T00:03:16.369023+09:00
Transcript Discount,,,failed,False,2026-08-23T16:11:46.377478+09:00
Transcript Dock,,,failed,False,2026-08-17T20:43:30.530213+09:00
Transcript Dossier,,,failed,False,2026-08-21T01:07:26.518810+09:00
Transcript Draft,,,failed,False,2026-08-19T20:44:26.671038+09:00
Transcript Due,,,failed,False,2026-08-23T15:50:33.287746+09:00
Transcript Duty,,,failed,False,2026-08-21T02:37:48.956315+09:00
Transcript Endowment,,,failed,False,2026-08-23T15:50:40.596656+09:00
Transcript Engine,,,failed,False,2026-08-17T23:08:52.279570+09:00
Transcript Entry,20.0,0.0,success,False,2026-08-21T01:07:39.342209+09:00
Transcript Estimate,,,failed,False,2026-08-19T21:06:51.339410+09:00
Transcript Excerpt,40.0,6.0,success,False,2026-08-21T01:07:33.646226+09:00
Transcript Extension,590.0,29.0,success,False,2026-08-23T16:37:37.262949+09:00
Transcript Fare,,,failed,False,2026-08-21T02:14:27.987170+09:00
Transcript Fee,720.0,8.0,success,False,2026-08-21T01:58:41.656184+09:00
Transcript Feed,,,failed,False,2026-08-19T20:44:19.706681+09:00
Transcript File,880.0,19.0,success,False,2026-08-19T20:43:44.541784+09:00
Transcript Finder,320.0,5.0,success,False,2026-08-19T00:03:31.307926+09:00
Transcript Fine,,,failed,False,2026-08-23T02:53:42.896171+09:00
Transcript Flag,,,failed,False,2026-08-21T00:33:34.783519+09:00
Transcript Flow,10.0,29.0,success,False,2026-08-17T21:41:31.698252+09:00
Transcript Forge,,,failed,False,2026-08-17T21:30:24.502544+09:00
Transcript Form,1600.0,2.0,success,False,2026-08-19T13:28:26.877196+09:00
Transcript Format,1600.0,2.0,success,False,2026-08-23T13:04:50.850524+09:00
Transcript Frame,,,failed,False,2026-08-17T20:34:16.019094+09:00
Transcript Fund,,,failed,False,2026-08-21T02:21:06.391588+09:00
Transcript Gate,,,failed,False,2026-08-17T20:38:24.877008+09:00
Transcript Generator,33100.0,36.0,success,False,2026-08-27T23:33:29.170312+09:00
Transcript Grade,,,failed,False,2026-08-21T00:33:12.400590+09:00
Transcript Graph,,,failed,False,2026-08-27T22:08:06.352004+09:00
Transcript Grid,,,failed,False,2026-08-17T20:41:20.787117+09:00
Transcript Guarantee,,,failed,False,2026-08-28T01:02:07.599938+09:00
Transcript Guard,,,failed,False,2026-08-17T20:32:44.310093+09:00
Transcript Guardian,,,failed,False,2026-08-28T00:20:56.154840+09:00
Transcript Guidebook,,,failed,False,2026-08-18T22:05:52.087342+09:00
Transcript Harbor,,,failed,False,2026-08-19T00:23:43.046041+09:00
Transcript Helpdesk,,,failed,False,2026-08-27T22:46:20.664142+09:00
Transcript Helper,,,failed,False,2026-08-28T00:21:02.971988+09:00
Transcript History,70.0,1.0,success,False,2026-08-19T20:43:36.722310+09:00
Transcript Hotline,10.0,0.0,success,False,2026-08-19T21:07:16.203533+09:00
Transcript Hub,50.0,14.0,success,False,2026-08-17T21:39:28.354494+09:00
Transcript Identifier,,,failed,False,2026-08-23T13:04:45.223955+09:00
Transcript Index,,,failed,False,2026-08-19T21:06:23.756396+09:00
Transcript Insight,,,failed,False,2026-08-17T23:04:56.078956+09:00
Transcript Item,10.0,0.0,success,False,2026-08-21T01:58:44.645317+09:00
Transcript Journal,170.0,1.0,success,False,2026-08-18T22:05:35.647018+09:00
Transcript Keeper,,,failed,False,2026-08-17T20:34:40.569545+09:00
Transcript Kit,30.0,26.0,success,False,2026-08-27T22:46:08.024081+09:00
Transcript Lab,,,failed,False,2026-08-17T21:37:30.311680+09:00
Transcript Label,390.0,0.0,success,False,2026-08-27T22:08:10.673360+09:00
Transcript Ledger,3600.0,0.0,success,True,2026-08-18T07:52:25.028656+09:00
Transcript Lens,,,failed,False,2026-08-17T20:35:08.080059+09:00
Transcript Link,260.0,11.0,success,False,2026-08-23T03:14:39.191196+09:00
Transcript List,70.0,0.0,success,False,2026-08-19T21:52:48.982891+09:00
Transcript Loan,,,failed,False,2026-08-21T02:14:32.398981+09:00
Transcript Locator,,,failed,False,2026-08-19T00:03:23.645450+09:00
Transcript Lock,,,failed,False,2026-08-17T20:37:03.531282+09:00
Transcript Log,20.0,1.0,success,False,2026-08-19T13:28:15.783876+09:00
Transcript Loop,,,failed,False,2026-08-17T20:42:11.427186+09:00
Transcript Manager,30.0,2.0,success,False,2026-08-17T20:33:47.539654+09:00
Transcript Manual,,,failed,False,2026-08-27T22:08:16.098998+09:00
Transcript Map,40.0,3.0,success,False,2026-08-17T20:36:06.570384+09:00
Transcript Marker,,,failed,False,2026-08-23T13:26:32.402839+09:00
Transcript Memo,20.0,33.0,success,False,2026-08-21T00:33:17.387160+09:00
Transcript Message,20.0,27.0,success,False,2026-08-27T23:11:25.184143+09:00
Transcript Meter,,,failed,False,2026-08-17T20:46:12.433556+09:00
Transcript Metrics,,,failed,False,2026-08-17T23:24:03.266981+09:00
Transcript Monitor,,,failed,False,2026-08-17T23:23:45.943375+09:00
Transcript Navigator,,,failed,False,2026-08-17T23:06:48.111245+09:00
Transcript Nexus,,,failed,False,2026-08-17T20:37:32.011303+09:00
Transcript Node,,,failed,False,2026-08-17T20:39:20.129592+09:00
Transcript Note,140.0,35.0,success,False,2026-08-19T13:29:22.570342+09:00
Transcript Notification,,,failed,False,2026-08-27T22:46:08.024081+09:00
Transcript Number,210.0,0.0,success,False,2026-08-23T03:17:28.989211+09:00
Transcript Office,110.0,1.0,success,False,2026-08-19T00:03:46.728628+09:00
Transcript Ops,,,failed,False,2026-08-17T23:25:05.910381+09:00
Transcript Order,6600.0,7.0,success,False,2026-08-19T21:52:01.647797+09:00
Transcript Organizer,10.0,86.0,success,False,2026-08-17T23:10:33.409769+09:00
Transcript Overdraft,,,failed,False,2026-08-23T15:50:35.558538+09:00
Transcript Overdue,,,failed,False,2026-08-27T21:46:15.571619+09:00
Transcript Panel,,,failed,False,2026-08-17T20:48:44.119140+09:00
Transcript Path,,,failed,False,2026-08-17T20:38:53.767345+09:00
Transcript Penalty,,,failed,False,2026-08-23T16:37:34.255373+09:00
Transcript Petition,,,failed,False,2026-08-21T01:07:17.420617+09:00
Transcript Pilot,,,failed,False,2026-08-17T21:38:03.717082+09:00
Transcript Plan,,,failed,False,2026-08-21T01:58:55.002196+09:00
Transcript Planner,,,failed,False,2026-08-17T22:46:57.477508+09:00
Transcript Playbook,,,failed,False,2026-08-18T22:05:25.774321+09:00
Transcript Point,70.0,3.0,success,False,2026-08-17T20:38:03.705761+09:00
Transcript Portal,720.0,0.0,success,False,2026-08-17T21:32:11.115049+09:00
Transcript Preview,,,failed,False,2026-08-28T01:02:04.540661+09:00
Transcript Profile,90.0,0.0,success,False,2026-08-19T13:29:52.884526+09:00
Transcript Profit,,,failed,False,2026-08-23T02:53:34.328450+09:00
Transcript Pulse,,,failed,False,2026-08-17T20:40:36.395454+09:00
Transcript Queue,,,failed,False,2026-08-19T21:06:42.695560+09:00
Transcript Quota,,,failed,False,2026-08-21T00:33:25.139045+09:00
Transcript Radar,,,failed,False,2026-08-17T21:35:52.306880+09:00
Transcript Rail,,,failed,False,2026-08-17T20:42:36.789908+09:00
Transcript Recap,,,failed,False,2026-08-21T01:07:31.229292+09:00
Transcript Receipt,30.0,0.0,success,False,2026-08-19T21:52:24.100892+09:00
Transcript Register,,,failed,False,2026-08-17T23:13:49.973223+09:00
Transcript Registry,,,failed,False,2026-08-18T22:06:01.196080+09:00
Transcript Relay,,,failed,False,2026-08-17T21:34:50.586670+09:00
Transcript Reminder,,,failed,False,2026-08-19T21:06:00.178861+09:00
Transcript Report,70.0,2.0,success,False,2026-08-19T13:28:08.778125+09:00
Transcript Repository,10.0,0.0,success,False,2026-08-27T23:11:34.108403+09:00
Transcript Roadmap,,,failed,False,2026-08-18T22:06:47.457116+09:00
Transcript Roster,,,failed,False,2026-08-19T00:36:40.628841+09:00
Transcript Route,,,failed,False,2026-08-17T20:44:22.162347+09:00
Transcript Rule,,,failed,False,2026-08-23T03:14:42.643964+09:00
Transcript Sale,,,failed,False,2026-08-21T02:21:14.623269+09:00
Transcript Sample,1300.0,15.0,success,False,2026-08-19T21:53:40.177257+09:00
Transcript Scale,,,failed,False,2026-08-17T20:45:24.269018+09:00
Transcript Scanner,,,failed,False,2026-08-27T23:53:21.557901+09:00
Transcript Scheduler,,,failed,False,2026-08-17T23:23:26.681151+09:00
Transcript Scope,,,failed,False,2026-08-17T20:43:05.974432+09:00
Transcript Score,30.0,0.0,success,False,2026-08-19T13:29:07.755274+09:00
Transcript Sentry,,,failed,False,2026-08-17T20:35:38.392873+09:00
Transcript Serial,,,failed,False,2026-08-23T13:26:22.288872+09:00
Transcript Sheet,40.0,0.0,success,False,2026-08-19T13:28:50.400701+09:00
Transcript Signal,10.0,0.0,success,False,2026-08-17T20:44:45.631544+09:00
Transcript Signature,40.0,0.0,success,False,2026-08-23T13:26:30.213560+09:00
Transcript Slip,10.0,0.0,success,False,2026-08-19T21:53:27.023606+09:00
Transcript Slot,,,failed,False,2026-08-19T21:53:52.421179+09:00
Transcript Snapshot,,,failed,False,2026-08-18T22:05:44.090365+09:00
Transcript Stage,,,failed,False,2026-08-28T00:45:40.942680+09:00
Transcript Stake,,,failed,False,2026-08-23T02:53:36.421361+09:00
Transcript Stamp,70.0,20.0,success,False,2026-08-23T13:26:35.864064+09:00
Transcript Statement,,,failed,False,2026-08-21T00:33:03.712506+09:00
Transcript Station,,,failed,False,2026-08-17T21:36:26.445152+09:00
Transcript Status,50.0,0.0,success,False,2026-08-19T20:43:22.271749+09:00
Transcript Stub,,,failed,False,2026-08-21T00:32:59.208813+09:00
Transcript Studio,30.0,19.0,success,False,2026-08-17T21:38:37.304138+09:00
Transcript Subsidy,,,failed,False,2026-08-23T15:50:38.471158+09:00
Transcript Suite,,,failed,False,2026-08-17T23:33:15.463532+09:00
Transcript Sum,,,failed,False,2026-08-21T02:20:57.219379+09:00
Transcript Summary,720.0,23.0,success,False,2026-08-19T21:05:32.048024+09:00
Transcript Surtax,,,failed,False,2026-08-23T15:50:42.648286+09:00
Transcript Sync,10.0,5.0,success,False,2026-08-18T07:43:49.584727+09:00
Transcript Tab,10.0,6.0,success,False,2026-08-21T00:33:39.786796+09:00
Transcript Table,170.0,0.0,success,False,2026-08-19T21:53:00.908408+09:00
Transcript Tag,,,failed,False,2026-08-19T13:29:43.800182+09:00
Transcript Tally,,,failed,False,2026-08-21T00:33:08.035106+09:00
Transcript Tariff,,,failed,False,2026-08-21T02:38:04.709344+09:00
Transcript Tax,74000.0,1.0,success,False,2026-08-21T02:14:27.987170+09:00
Transcript Ticket,,,failed,False,2026-08-19T21:06:33.819352+09:00
Transcript Timeline,,,failed,False,2026-08-19T21:05:47.568804+09:00
Transcript Timer,,,failed,False,2026-08-28T00:23:08.180984+09:00
Transcript Token,,,failed,False,2026-08-23T13:26:27.447056+09:00
Transcript Toll,,,failed,False,2026-08-21T02:37:53.787359+09:00
Transcript Toolbox,,,failed,False,2026-08-28T00:20:59.096636+09:00
Transcript Toolkit,,,failed,False,2026-08-18T22:05:17.781482+09:00
Transcript Total,,,failed,False,2026-08-27T23:11:25.184143+09:00
Transcript Tracker,210.0,2.0,success,False,2026-08-17T20:31:33.560642+09:00
Transcript Trail,,,failed,False,2026-08-17T20:41:50.983322+09:00
Transcript Trend,,,failed,False,2026-08-28T01:02:01.499945+09:00
Transcript Trial,1300.0,2.0,success,False,2026-08-27T21:14:16.452058+09:00
Transcript Unit,70.0,0.0,success,False,2026-08-21T01:58:46.875681+09:00
Transcript Update,110.0,0.0,success,False,2026-08-19T20:44:03.742658+09:00
Transcript Value,,,failed,False,2026-08-23T02:53:36.421361+09:00
Transcript Vault,,,failed,False,2026-08-17T21:33:42.291802+09:00
Transcript Version,,,failed,False,2026-08-23T03:17:31.358374+09:00
Transcript View,590.0,0.0,success,False,2026-08-19T20:43:28.887944+09:00
Transcript Wallet,,,failed,False,2026-08-27T22:46:12.811571+09:00
Transcript Watch,,,failed,False,2026-08-17T20:43:58.581518+09:00
Transcript Wave,,,failed,False,2026-08-17T20:39:49.091027+09:00
Transcript Widget,,,failed,False,2026-08-27T23:11:28.090319+09:00
Transcript Workbench,,,failed,False,2026-08-18T22:05:08.323728+09:00
Transcript Worksheet,,,failed,False,2026-08-27T22:08:21.698192+09:00
Transcript Workshop,,,failed,False,2026-08-28T00:20:56.154840+09:00
Transcript Zone,20.0,5.0,success,False,2026-08-17T21:33:17.550972+09:00
Transfer Advisory,,,failed,False,2026-08-21T01:22:29.239348+09:00
Transfer Alert,390.0,0.0,success,False,2026-08-21T01:17:52.131047+09:00
Transfer Allowance,320.0,0.0,success,False,2026-08-21T02:38:13.377279+09:00
Transfer Analyzer,,,failed,False,2026-08-27T23:54:04.696724+09:00
Transfer Assistant,40.0,5.0,success,False,2026-08-21T01:15:25.336646+09:00
Transfer Atlas,320.0,11.0,success,False,2026-08-21T01:26:29.214274+09:00
Transfer Attribute,90.0,2.0,success,False,2026-08-23T13:05:43.515456+09:00
Transfer Badge,,,failed,False,2026-08-21T01:21:42.147576+09:00
Transfer Balance,22200.0,52.0,success,False,2026-08-23T13:46:59.316345+09:00
Transfer Base,70.0,2.0,success,False,2026-08-21T01:25:06.636344+09:00
Transfer Bay,90.0,1.0,success,False,2026-08-21T01:17:06.015996+09:00
Transfer Beacon,,,failed,False,2026-08-21T01:23:38.443967+09:00
Transfer Bill,1000.0,4.0,success,False,2026-08-21T01:20:51.576504+09:00
Transfer Bin,90.0,27.0,success,False,2026-08-21T01:17:59.788687+09:00
Transfer Board,6600.0,100.0,success,False,2026-08-21T01:25:06.636344+09:00
Transfer Booth,,,failed,False,2026-08-21T01:16:50.383045+09:00
Transfer Bridge,1600.0,2.0,success,False,2026-08-21T01:35:21.006069+09:00
Transfer Brief,,,failed,False,2026-08-21T01:22:20.767459+09:00
Transfer Bulletin,,,failed,False,2026-08-21T01:22:09.935224+09:00
Transfer Calculator,1000.0,2.0,success,False,2026-08-27T23:33:24.139257+09:00
Transfer Card,1600.0,39.0,success,False,2026-08-21T01:18:54.031046+09:00
Transfer Cascade,,,failed,False,2026-08-21T01:23:45.473669+09:00
Transfer Cash,720.0,11.0,success,False,2026-08-21T02:27:17.411779+09:00
Transfer Category,20.0,0.0,success,False,2026-08-23T13:05:41.403029+09:00
Transfer Center,12100.0,0.0,success,True,2026-08-21T01:25:39.259226+09:00
Transfer Chain,480.0,10.0,success,False,2026-08-21T01:26:13.869304+09:00
Transfer Charge,1300.0,0.0,success,True,2026-08-21T02:38:04.709344+09:00
Transfer Chart,70.0,0.0,success,False,2026-08-21T01:17:57.482592+09:00
Transfer Check,880.0,0.0,success,False,2026-08-21T01:19:07.466825+09:00
Transfer Checker,880.0,0.0,success,False,2026-08-27T23:53:59.228828+09:00
Transfer Circular,40.0,0.0,success,False,2026-08-21T01:22:23.798217+09:00
Transfer Code,1900.0,0.0,success,True,2026-08-21T01:21:03.266778+09:00
Transfer Companion,390.0,17.0,success,False,2026-08-21T01:15:40.132892+09:00
Transfer Comparison,170.0,71.0,success,False,2026-08-28T01:05:26.346049+09:00
Transfer Compass,,,failed,False,2026-08-21T01:23:30.836605+09:00
Transfer Confirmation,720.0,0.0,success,False,2026-08-21T01:22:35.639513+09:00
Transfer Console,10.0,0.0,success,False,2026-08-21T01:25:49.214024+09:00
Transfer Copayment,,,failed,False,2026-08-23T16:37:16.360877+09:00
Transfer Core,70.0,0.0,success,False,2026-08-21T01:25:06.636344+09:00
Transfer Cost,1300.0,2.0,success,False,2026-08-21T02:10:17.497387+09:00
Transfer Count,170.0,0.0,success,False,2026-08-27T22:44:50.273695+09:00
Transfer Counter,170.0,0.0,success,False,2026-08-21T01:16:42.417120+09:00
Transfer Deal,720.0,1.0,success,False,2026-08-21T01:53:07.082720+09:00
Transfer Debt,320.0,45.0,success,False,2026-08-21T02:27:05.386441+09:00
Transfer Deck,70.0,1.0,success,False,2026-08-21T01:25:06.636344+09:00
Transfer Desk,880.0,1.0,success,False,2026-08-21T01:23:09.410692+09:00
Transfer Detail,1900.0,0.0,success,True,2026-08-23T03:14:59.429482+09:00
Transfer Detector,,,failed,False,2026-08-27T23:54:02.041371+09:00
Transfer Diagram,260.0,0.0,success,False,2026-08-27T22:08:26.678137+09:00
Transfer Directory,20.0,1.0,success,False,2026-08-21T01:16:18.467523+09:00
Transfer Discount,40.0,16.0,success,False,2026-08-23T16:15:33.574414+09:00
Transfer Draft,90.0,2.0,success,False,2026-08-21T01:20:09.112300+09:00
Transfer Due,,,failed,False,2026-08-23T15:52:07.033808+09:00
Transfer Duty,2400.0,2.0,success,False,2026-08-21T02:38:06.910707+09:00
Transfer Engine,90.0,0.0,success,False,2026-08-21T01:26:47.452980+09:00
Transfer Entry,390.0,0.0,success,False,2026-08-21T01:22:48.599352+09:00
Transfer Estimate,10.0,0.0,success,False,2026-08-21T01:20:39.645097+09:00
Transfer Estimator,,,failed,False,2026-08-27T23:53:51.631383+09:00
Transfer Extension,20.0,0.0,success,False,2026-08-23T16:37:18.649152+09:00
Transfer Fare,90.0,0.0,success,False,2026-08-21T02:10:26.523271+09:00
Transfer Fee,18100.0,0.0,success,True,2026-08-21T01:52:45.246437+09:00
Transfer Feed,18100.0,0.0,success,True,2026-08-21T01:20:03.244208+09:00
Transfer Field,30.0,0.0,success,False,2026-08-23T13:05:45.716846+09:00
Transfer File,27100.0,23.0,success,False,2026-08-21T01:19:45.031880+09:00
Transfer Fine,720.0,0.0,success,False,2026-08-23T02:54:17.672874+09:00
Transfer Flow,2900.0,72.0,success,False,2026-08-21T01:22:58.534719+09:00
Transfer Forge,,,failed,False,2026-08-21T01:23:43.267024+09:00
Transfer Form,3600.0,0.0,success,True,2026-08-21T01:18:50.592866+09:00
Transfer Format,70.0,0.0,success,False,2026-08-23T13:05:48.567186+09:00
Transfer Frame,70.0,9.0,success,False,2026-08-21T01:25:06.636344+09:00
Transfer Fund,8100.0,7.0,success,False,2026-08-21T02:27:13.658425+09:00
Transfer Gate,170.0,0.0,success,False,2026-08-21T01:26:19.673494+09:00
Transfer Graph,20.0,0.0,success,False,2026-08-27T22:08:16.098998+09:00
Transfer Grid,110.0,0.0,success,False,2026-08-21T01:25:06.636344+09:00
Transfer Guarantee,50.0,0.0,success,False,2026-08-28T01:05:31.519640+09:00
Transfer Guardian,110.0,0.0,success,False,2026-08-28T00:24:07.652921+09:00
Transfer Harbor,,,failed,False,2026-08-21T01:35:21.006069+09:00
Transfer Helpdesk,10.0,2.0,success,False,2026-08-27T22:44:52.843533+09:00
Transfer Helper,260.0,46.0,success,False,2026-08-28T00:24:10.123784+09:00
Transfer History,590.0,0.0,success,False,2026-08-21T01:19:38.759789+09:00
Transfer Hub,2900.0,2.0,success,False,2026-08-21T01:23:01.482269+09:00
Transfer Identifier,,,failed,False,2026-08-23T13:05:39.073326+09:00
Transfer Inbox,10.0,6.0,success,False,2026-08-21T01:17:46.814722+09:00
Transfer Index,40.0,2.0,success,False,2026-08-21T01:20:30.866856+09:00
Transfer Installment,,,failed,False,2026-08-23T16:15:37.311219+09:00
Transfer Item,170.0,1.0,success,False,2026-08-21T01:52:50.056270+09:00
Transfer Journal,590.0,0.0,success,False,2026-08-21T01:16:03.338785+09:00
Transfer Keeper,210.0,0.0,success,False,2026-08-21T01:26:35.509450+09:00
Transfer Kit,720.0,36.0,success,False,2026-08-27T22:44:46.439478+09:00
Transfer Lab,590.0,1.0,success,False,2026-08-21T01:25:09.973684+09:00
Transfer Label,590.0,82.0,success,False,2026-08-27T22:08:16.098998+09:00
Transfer Ledger,40.0,8.0,success,False,2026-08-21T01:25:06.636344+09:00
Transfer Level,110.0,17.0,success,False,2026-08-21T01:19:49.395013+09:00
Transfer Levy,30.0,0.0,success,False,2026-08-23T13:47:05.237339+09:00
Transfer Line,1300.0,4.0,success,False,2026-08-21T01:18:21.687046+09:00
Transfer Link,2400.0,22.0,success,False,2026-08-23T03:14:51.168783+09:00
Transfer List,2400.0,0.0,success,True,2026-08-21T01:21:10.960024+09:00
Transfer Loan,1600.0,38.0,success,False,2026-08-21T02:10:31.589901+09:00
Transfer Lobby,,,failed,False,2026-08-21T01:18:13.374383+09:00
Transfer Locator,20.0,4.0,success,False,2026-08-21T01:16:26.293455+09:00
Transfer Locker,10.0,0.0,success,False,2026-08-21T01:23:07.832051+09:00
Transfer Log,210.0,1.0,success,False,2026-08-21T01:18:42.442648+09:00
Transfer Loop,110.0,64.0,success,False,2026-08-21T01:25:06.636344+09:00
Transfer Manager,260.0,1.0,success,False,2026-08-21T01:26:37.625507+09:00
Transfer Manual,14800.0,0.0,success,True,2026-08-27T22:08:21.698192+09:00
Transfer Map,140.0,0.0,success,False,2026-08-21T01:25:06.636344+09:00
Transfer Margin,30.0,1.0,success,False,2026-08-23T02:54:15.524012+09:00
Transfer Markup,,,failed,False,2026-08-23T16:37:14.050450+09:00
Transfer Memo,170.0,0.0,success,False,2026-08-21T01:21:56.845957+09:00
Transfer Message,720.0,3.0,success,False,2026-08-27T23:10:47.155079+09:00
Transfer Monitor,140.0,0.0,success,False,2026-08-21T01:15:36.930840+09:00
Transfer Nexus,210.0,1.0,success,False,2026-08-21T01:26:25.836028+09:00
Transfer Note,590.0,3.0,success,False,2026-08-21T01:19:16.110446+09:00
Transfer Notification,260.0,0.0,success,False,2026-08-27T22:44:43.447057+09:00
Transfer Number,1900.0,15.0,success,False,2026-08-23T03:14:39.191196+09:00
Transfer Office,480.0,1.0,success,False,2026-08-21T01:16:36.813672+09:00
Transfer Ops,,,failed,False,2026-08-21T01:15:52.922484+09:00
Transfer Order,1900.0,0.0,success,True,2026-08-21T01:20:45.332631+09:00
Transfer Outpost,,,failed,False,2026-08-21T01:17:17.039045+09:00
Transfer Overdue,,,failed,False,2026-08-27T21:46:15.571619+09:00
Transfer Panel,320.0,71.0,success,False,2026-08-21T01:25:53.521014+09:00
Transfer Pass,260.0,0.0,success,False,2026-08-21T01:21:34.003833+09:00
Transfer Passport,50.0,0.0,success,False,2026-08-21T01:18:06.634708+09:00
Transfer Path,140.0,8.0,success,False,2026-08-21T01:25:06.636344+09:00
Transfer Payoff,,,failed,False,2026-08-27T21:46:18.010185+09:00
Transfer Penalty,50.0,0.0,success,False,2026-08-23T16:37:11.760359+09:00
Transfer Petition,320.0,0.0,success,False,2026-08-21T01:22:33.143231+09:00
Transfer Plan,720.0,5.0,success,False,2026-08-21T01:52:58.378871+09:00
Transfer Planner,720.0,5.0,success,False,2026-08-21T01:15:26.988997+09:00
Transfer Playbook,30.0,1.0,success,False,2026-08-21T01:15:55.134469+09:00
Transfer Plaza,2900.0,1.0,success,False,2026-08-21T01:35:21.006069+09:00
Transfer Point,1900.0,9.0,success,False,2026-08-21T01:25:06.636344+09:00
Transfer Portal,201000.0,0.0,success,True,2026-08-21T01:25:45.514354+09:00
Transfer Post,880.0,0.0,success,False,2026-08-21T01:35:21.006069+09:00
Transfer Preview,10.0,0.0,success,False,2026-08-28T01:05:28.825650+09:00
Transfer Profile,260.0,0.0,success,False,2026-08-21T01:19:25.139986+09:00
Transfer Profit,50.0,1.0,success,False,2026-08-23T02:54:06.073801+09:00
Transfer Proposal,20.0,0.0,success,False,2026-08-28T01:05:31.519640+09:00
Transfer Quota,170.0,0.0,success,False,2026-08-21T01:22:01.103254+09:00
Transfer Radar,110.0,0.0,success,False,2026-08-21T01:23:12.871826+09:00
Transfer Rail,90.0,19.0,success,False,2026-08-21T01:26:02.106014+09:00
Transfer Rate,1000.0,12.0,success,False,2026-08-21T01:19:54.083744+09:00
Transfer Recap,10.0,0.0,success,False,2026-08-21T01:22:43.322610+09:00
Transfer Receipt,1000.0,4.0,success,False,2026-08-21T01:20:57.396338+09:00
Transfer Recorder,,,failed,False,2026-08-27T23:33:29.170312+09:00
Transfer Redemption,10.0,0.0,success,False,2026-08-23T16:37:16.360877+09:00
Transfer Register,2400.0,2.0,success,False,2026-08-21T01:15:46.981049+09:00
Transfer Relay,90.0,86.0,success,False,2026-08-21T01:35:21.006069+09:00
Transfer Reminder,,,failed,False,2026-08-21T01:20:28.588615+09:00
Transfer Report,320.0,0.0,success,False,2026-08-21T01:18:39.603435+09:00
Transfer Repository,40.0,0.0,success,False,2026-08-27T23:10:55.756193+09:00
Transfer Result,140.0,0.0,success,False,2026-08-28T00:47:20.872913+09:00
Transfer Ring,50.0,0.0,success,False,2026-08-21T01:26:17.676069+09:00
Transfer Roll,90.0,51.0,success,False,2026-08-21T01:18:34.503460+09:00
Transfer Roster,,,failed,False,2026-08-21T01:35:23.712765+09:00
Transfer Route,40.0,0.0,success,False,2026-08-21T01:26:01.379135+09:00
Transfer Rule,320.0,0.0,success,False,2026-08-23T03:14:55.080924+09:00
Transfer Sale,70.0,0.0,success,False,2026-08-21T02:27:19.706336+09:00
Transfer Sample,20.0,0.0,success,False,2026-08-21T01:21:25.005948+09:00
Transfer Scale,40.0,15.0,success,False,2026-08-21T01:25:43.368101+09:00
Transfer Scanner,70.0,2.0,success,False,2026-08-27T23:54:02.041371+09:00
Transfer Scope,10.0,0.0,success,False,2026-08-21T01:25:06.636344+09:00
Transfer Score,140.0,0.0,success,False,2026-08-21T01:19:09.689487+09:00
Transfer Sheet,3600.0,90.0,success,False,2026-08-21T01:19:00.586921+09:00
Transfer Shelf,,,failed,False,2026-08-21T01:17:38.451621+09:00
Transfer Signal,70.0,0.0,success,False,2026-08-21T01:23:54.627834+09:00
Transfer Slip,880.0,0.0,success,False,2026-08-21T01:21:21.287654+09:00
Transfer Slot,90.0,1.0,success,False,2026-08-21T01:21:31.170741+09:00
Transfer Stage,70.0,0.0,success,False,2026-08-28T00:47:20.872913+09:00
Transfer Stake,,,failed,False,2026-08-23T02:54:13.248458+09:00
Transfer Stamp,260.0,8.0,success,False,2026-08-23T13:27:11.117738+09:00
Transfer Statement,110.0,0.0,success,False,2026-08-21T01:21:51.595086+09:00
Transfer Station,60500.0,5.0,success,False,2026-08-21T01:25:06.636344+09:00
Transfer Status,1300.0,0.0,success,True,2026-08-21T01:19:29.603335+09:00
Transfer Stub,,,failed,False,2026-08-21T01:21:49.678224+09:00
Transfer Studio,110.0,1.0,success,False,2026-08-21T01:25:06.636344+09:00
Transfer Subsidy,,,failed,False,2026-08-23T15:52:10.396341+09:00
Transfer Sum,70.0,0.0,success,False,2026-08-21T02:27:02.067893+09:00
Transfer Summary,210.0,0.0,success,False,2026-08-21T01:20:10.961863+09:00
Transfer Tab,140.0,0.0,success,False,2026-08-21T01:22:03.238360+09:00
Transfer Table,1000.0,24.0,success,False,2026-08-21T01:21:13.489274+09:00
Transfer Tag,880.0,5.0,success,False,2026-08-21T01:19:23.070915+09:00
Transfer Tariff,,,failed,False,2026-08-21T02:38:16.396053+09:00
Transfer Tax,4400.0,0.0,success,True,2026-08-21T02:10:26.523271+09:00
Transfer Terminal,1300.0,2.0,success,False,2026-08-21T01:25:11.979955+09:00
Transfer Ticker,1900.0,0.0,success,True,2026-08-21T01:18:16.729979+09:00
Transfer Ticket,5400.0,4.0,success,False,2026-08-21T01:20:36.811619+09:00
Transfer Timeline,70.0,0.0,success,False,2026-08-21T01:20:20.986675+09:00
Transfer Timer,,,failed,False,2026-08-28T00:24:01.160084+09:00
Transfer Toll,140.0,1.0,success,False,2026-08-21T02:38:09.773029+09:00
Transfer Toolbox,30.0,0.0,success,False,2026-08-28T00:24:10.123784+09:00
Transfer Total,10.0,2.0,success,False,2026-08-27T23:10:50.264630+09:00
Transfer Tower,210.0,0.0,success,False,2026-08-21T01:17:36.062470+09:00
Transfer Tracker,1000.0,1.0,success,False,2026-08-21T01:22:55.105207+09:00
Transfer Trail,140.0,3.0,success,False,2026-08-21T01:26:07.605523+09:00
Transfer Trend,,,failed,False,2026-08-28T01:05:22.748209+09:00
Transfer Trial,110.0,0.0,success,False,2026-08-27T21:14:11.708321+09:00
Transfer Unit,480.0,5.0,success,False,2026-08-21T01:52:54.387860+09:00
Transfer Update,6600.0,0.0,success,True,2026-08-21T01:19:57.563871+09:00
Transfer Value,590.0,0.0,success,False,2026-08-23T02:54:08.933520+09:00
Transfer Vault,30.0,1.0,success,False,2026-08-21T01:23:27.807599+09:00
Transfer View,590.0,25.0,success,False,2026-08-21T01:19:35.649490+09:00
Transfer Voucher,880.0,0.0,success,False,2026-08-21T01:21:39.994879+09:00
Transfer Watch,390.0,1.0,success,False,2026-08-21T01:23:53.804797+09:00
Transfer Wave,110000.0,0.0,success,True,2026-08-21T01:25:06.636344+09:00
Transfer Widget,,,failed,False,2026-08-27T23:10:50.264630+09:00
Transfer Window,33100.0,7.0,success,False,2026-08-21T01:18:26.670234+09:00
Transfer Worksheet,,,failed,False,2026-08-27T22:08:24.051026+09:00
Transfer Workshop,70.0,1.0,success,False,2026-08-28T00:24:03.733784+09:00
Transfer Yard,50.0,3.0,success,False,2026-08-21T01:16:58.879155+09:00
Transfer Zone,4400.0,7.0,success,False,2026-08-21T01:25:40.979194+09:00
Transponder Advisory,,,failed,False,2026-08-21T01:07:02.843245+09:00
Transponder Alert,,,failed,False,2026-08-19T21:16:41.047984+09:00
Transponder Allowance,,,failed,False,2026-08-21T02:45:28.044980+09:00
Transponder Analyzer,,,failed,False,2026-08-27T23:55:24.915525+09:00
Transponder Asset,,,failed,False,2026-08-23T13:47:38.660404+09:00
Transponder Assistant,,,failed,False,2026-08-19T21:11:14.866023+09:00
Transponder Attribute,,,failed,False,2026-08-23T13:06:49.264367+09:00
Transponder Badge,10.0,33.0,success,False,2026-08-21T00:31:30.142352+09:00
Transponder Base,,,failed,False,2026-08-19T21:06:30.155036+09:00
Transponder Bay,,,failed,False,2026-08-19T21:15:00.223476+09:00
Transponder Beacon,70.0,12.0,success,False,2026-08-19T21:03:32.051785+09:00
Transponder Bill,,,failed,False,2026-08-19T22:07:01.913828+09:00
Transponder Bin,,,failed,False,2026-08-19T21:17:08.649893+09:00
Transponder Board,,,failed,False,2026-08-19T21:06:57.837919+09:00
Transponder Book,10.0,16.0,success,False,2026-08-19T21:46:03.788347+09:00
Transponder Booth,,,failed,False,2026-08-19T21:14:25.391974+09:00
Transponder Bridge,,,failed,False,2026-08-19T21:04:13.651960+09:00
Transponder Brief,,,failed,False,2026-08-21T01:06:53.303863+09:00
Transponder Bulletin,,,failed,False,2026-08-21T01:06:48.856434+09:00
Transponder Calendar,,,failed,False,2026-08-19T21:13:07.301000+09:00
Transponder Card,320.0,3.0,success,False,2026-08-19T21:18:48.274039+09:00
Transponder Cascade,,,failed,False,2026-08-19T21:04:01.717737+09:00
Transponder Cash,,,failed,False,2026-08-21T02:29:11.262958+09:00
Transponder Cashback,,,failed,False,2026-08-26T22:29:25.643786+09:00
Transponder Category,,,failed,False,2026-08-23T13:06:47.092391+09:00
Transponder Center,,,failed,False,2026-08-19T21:08:00.939328+09:00
Transponder Chain,,,failed,False,2026-08-19T21:09:44.414904+09:00
Transponder Charge,,,failed,False,2026-08-21T02:45:19.238792+09:00
Transponder Chart,,,failed,False,2026-08-19T21:16:53.658254+09:00
Transponder Check,50.0,1.0,success,False,2026-08-19T21:19:14.051362+09:00
Transponder Checker,,,failed,False,2026-08-27T23:55:14.253857+09:00
Transponder Circular,,,failed,False,2026-08-21T01:06:58.606298+09:00
Transponder Code,1900.0,2.0,success,False,2026-08-19T22:07:25.606827+09:00
Transponder Companion,,,failed,False,2026-08-19T21:11:59.918866+09:00
Transponder Comparison,,,failed,False,2026-08-28T01:06:43.929748+09:00
Transponder Compass,,,failed,False,2026-08-19T21:31:45.728679+09:00
Transponder Confirmation,,,failed,False,2026-08-21T01:07:15.275377+09:00
Transponder Console,,,failed,False,2026-08-19T21:08:31.191170+09:00
Transponder Converter,,,failed,False,2026-08-27T23:34:06.441052+09:00
Transponder Core,,,failed,False,2026-08-19T21:06:39.226294+09:00
Transponder Cost,110.0,1.0,success,False,2026-08-21T02:12:01.712721+09:00
Transponder Count,,,failed,False,2026-08-27T22:46:23.139331+09:00
Transponder Counter,,,failed,False,2026-08-19T21:14:05.700076+09:00
Transponder Coupon,,,failed,False,2026-08-26T22:29:12.332951+09:00
Transponder Deal,,,failed,False,2026-08-21T01:55:44.868962+09:00
Transponder Debt,,,failed,False,2026-08-21T02:29:01.889757+09:00
Transponder Deck,,,failed,False,2026-08-19T21:07:08.840903+09:00
Transponder Desk,,,failed,False,2026-08-19T21:31:12.885816+09:00
Transponder Detail,,,failed,False,2026-08-23T03:17:09.077548+09:00
Transponder Diagram,40.0,0.0,success,False,2026-08-27T22:07:05.837486+09:00
Transponder Directory,,,failed,False,2026-08-19T21:13:19.288024+09:00
Transponder Discount,,,failed,False,2026-08-23T16:16:35.923082+09:00
Transponder Dossier,,,failed,False,2026-08-21T01:07:19.627545+09:00
Transponder Draft,,,failed,False,2026-08-19T21:29:57.691182+09:00
Transponder Due,,,failed,False,2026-08-23T15:52:35.720858+09:00
Transponder Duty,,,failed,False,2026-08-21T02:45:23.002534+09:00
Transponder Engine,,,failed,False,2026-08-19T21:11:04.489546+09:00
Transponder Entry,,,failed,False,2026-08-21T01:07:31.229292+09:00
Transponder Estimate,,,failed,False,2026-08-19T21:30:40.784781+09:00
Transponder Estimator,,,failed,False,2026-08-27T23:55:11.655418+09:00
Transponder Excerpt,,,failed,False,2026-08-21T01:07:29.159320+09:00
Transponder Fare,,,failed,False,2026-08-21T02:12:10.627447+09:00
Transponder Fee,70.0,0.0,success,False,2026-08-21T01:55:13.516814+09:00
Transponder Feed,,,failed,False,2026-08-19T21:29:51.150185+09:00
Transponder Field,,,failed,False,2026-08-23T13:06:51.579478+09:00
Transponder File,10.0,0.0,success,False,2026-08-19T21:29:24.641827+09:00
Transponder Flag,,,failed,False,2026-08-21T00:32:15.885792+09:00
Transponder Flow,,,failed,False,2026-08-19T21:30:59.491804+09:00
Transponder Forge,,,failed,False,2026-08-19T21:03:47.017770+09:00
Transponder Form,,,failed,False,2026-08-19T21:18:36.412771+09:00
Transponder Format,,,failed,False,2026-08-23T13:06:54.038616+09:00
Transponder Frame,,,failed,False,2026-08-19T21:06:16.769807+09:00
Transponder Fund,,,failed,False,2026-08-21T02:29:07.517005+09:00
Transponder Gate,,,failed,False,2026-08-19T21:10:11.430001+09:00
Transponder Generator,10.0,0.0,success,False,2026-08-27T23:34:06.441052+09:00
Transponder Giveaway,,,failed,False,2026-08-27T21:12:56.642443+09:00
Transponder Grade,,,failed,False,2026-08-21T00:31:57.081328+09:00
Transponder Grid,,,failed,False,2026-08-19T21:05:15.949286+09:00
Transponder Guarantee,,,failed,False,2026-08-28T01:06:51.354656+09:00
Transponder Guardian,,,failed,False,2026-08-28T00:25:07.962787+09:00
Transponder Harbor,,,failed,False,2026-08-19T21:15:44.600624+09:00
Transponder Helpdesk,,,failed,False,2026-08-27T22:46:27.298392+09:00
Transponder Helper,,,failed,False,2026-08-28T00:25:10.586444+09:00
Transponder History,10.0,0.0,success,False,2026-08-19T21:29:16.026683+09:00
Transponder Hub,,,failed,False,2026-08-19T21:31:05.316836+09:00
Transponder Identifier,,,failed,False,2026-08-23T13:06:44.617990+09:00
Transponder Inbox,,,failed,False,2026-08-19T21:16:27.560091+09:00
Transponder Incentive,,,failed,False,2026-08-27T21:12:51.148194+09:00
Transponder Index,10.0,0.0,success,False,2026-08-19T21:30:26.736781+09:00
Transponder Installment,,,failed,False,2026-08-23T16:16:35.923082+09:00
Transponder Item,,,failed,False,2026-08-21T01:55:28.445824+09:00
Transponder Journal,,,failed,False,2026-08-19T21:12:43.604286+09:00
Transponder Keeper,,,failed,False,2026-08-19T21:10:42.484655+09:00
Transponder Kiosk,,,failed,False,2026-08-19T21:14:36.641890+09:00
Transponder Kit,30.0,100.0,success,False,2026-08-27T22:46:20.664142+09:00
Transponder Lab,,,failed,False,2026-08-19T21:07:31.125995+09:00
Transponder Label,10.0,0.0,success,False,2026-08-27T22:06:55.016444+09:00
Transponder Ledger,,,failed,False,2026-08-19T21:06:47.923280+09:00
Transponder Level,,,failed,False,2026-08-19T21:29:28.610068+09:00
Transponder Line,,,failed,False,2026-08-19T21:17:47.761016+09:00
Transponder Link,,,failed,False,2026-08-23T03:16:59.377666+09:00
Transponder List,590.0,0.0,success,False,2026-08-19T22:07:37.028999+09:00
Transponder Loan,,,failed,False,2026-08-21T02:12:19.408855+09:00
Transponder Locator,90.0,4.0,success,False,2026-08-19T21:13:29.995507+09:00
Transponder Locker,,,failed,False,2026-08-19T21:14:14.890297+09:00
Transponder Log,,,failed,False,2026-08-19T21:18:26.718972+09:00
Transponder Loop,10.0,31.0,success,False,2026-08-19T21:05:05.946905+09:00
Transponder Manager,,,failed,False,2026-08-19T21:10:55.875332+09:00
Transponder Manual,20.0,0.0,success,False,2026-08-27T22:06:58.606007+09:00
Transponder Map,20.0,0.0,success,False,2026-08-19T21:06:06.633142+09:00
Transponder Margin,,,failed,False,2026-08-23T02:52:56.566002+09:00
Transponder Markup,,,failed,False,2026-08-23T16:40:13.658560+09:00
Transponder Memo,,,failed,False,2026-08-21T00:32:06.767489+09:00
Transponder Monitor,,,failed,False,2026-08-19T21:11:48.091080+09:00
Transponder Note,,,failed,False,2026-08-19T21:19:37.758100+09:00
Transponder Notification,,,failed,False,2026-08-27T22:46:12.811571+09:00
Transponder Number,390.0,0.0,success,False,2026-08-23T03:16:47.860821+09:00
Transponder Ops,,,failed,False,2026-08-19T21:12:24.209579+09:00
Transponder Order,10.0,0.0,success,False,2026-08-19T22:06:53.339068+09:00
Transponder Overdue,,,failed,False,2026-08-27T21:45:56.763524+09:00
Transponder Panel,40.0,0.0,success,False,2026-08-19T21:08:42.108199+09:00
Transponder Pass,10.0,10.0,success,False,2026-08-21T00:31:17.519824+09:00
Transponder Passport,,,failed,False,2026-08-19T21:17:18.865865+09:00
Transponder Path,,,failed,False,2026-08-19T21:05:41.663242+09:00
Transponder Petition,,,failed,False,2026-08-21T01:07:07.368570+09:00
Transponder Plan,,,failed,False,2026-08-21T01:55:33.628108+09:00
Transponder Planner,,,failed,False,2026-08-19T21:11:25.521014+09:00
Transponder Playbook,,,failed,False,2026-08-19T21:12:33.528106+09:00
Transponder Plaza,,,failed,False,2026-08-19T21:15:33.096576+09:00
Transponder Point,,,failed,False,2026-08-19T21:05:54.912887+09:00
Transponder Portal,,,failed,False,2026-08-19T21:08:19.397533+09:00
Transponder Post,,,failed,False,2026-08-19T21:15:11.193054+09:00
Transponder Preview,,,failed,False,2026-08-28T01:06:48.738756+09:00
Transponder Profile,,,failed,False,2026-08-19T21:20:03.565098+09:00
Transponder Profit,,,failed,False,2026-08-23T02:52:49.123666+09:00
Transponder Proposal,,,failed,False,2026-08-28T01:06:51.354656+09:00
Transponder Quota,,,failed,False,2026-08-21T00:32:11.459467+09:00
Transponder Radar,720.0,7.0,success,False,2026-08-19T21:31:19.157381+09:00
Transponder Rail,,,failed,False,2026-08-19T21:09:18.934477+09:00
Transponder Rate,,,failed,False,2026-08-19T21:29:36.124531+09:00
Transponder Recap,,,failed,False,2026-08-21T01:07:24.154176+09:00
Transponder Receipt,,,failed,False,2026-08-19T22:07:15.173390+09:00
Transponder Recorder,,,failed,False,2026-08-27T23:34:06.441052+09:00
Transponder Register,,,failed,False,2026-08-19T21:12:12.315865+09:00
Transponder Registry,,,failed,False,2026-08-19T21:12:53.220290+09:00
Transponder Relay,10.0,0.0,success,False,2026-08-19T21:31:27.001536+09:00
Transponder Reminder,,,failed,False,2026-08-19T21:30:20.208348+09:00
Transponder Report,,,failed,False,2026-08-19T21:18:14.475118+09:00
Transponder Ring,90.0,12.0,success,False,2026-08-19T21:09:55.427058+09:00
Transponder Roster,,,failed,False,2026-08-19T21:16:16.247165+09:00
Transponder Route,,,failed,False,2026-08-19T21:09:04.357233+09:00
Transponder Rule,,,failed,False,2026-08-23T03:17:04.760167+09:00
Transponder Sale,140.0,99.0,success,False,2026-08-21T02:29:14.750230+09:00
Transponder Sample,,,failed,False,2026-08-19T21:46:26.862344+09:00
Transponder Scale,,,failed,False,2026-08-19T21:08:54.298412+09:00
Transponder Scheduler,,,failed,False,2026-08-19T21:11:37.631930+09:00
Transponder Schematic,10.0,0.0,success,False,2026-08-27T22:28:39.838514+09:00
Transponder Scope,,,failed,False,2026-08-19T21:04:53.638566+09:00
Transponder Score,,,failed,False,2026-08-19T21:19:25.343582+09:00
Transponder Sheet,,,failed,False,2026-08-19T21:19:03.809657+09:00
Transponder Shelf,,,failed,False,2026-08-19T21:16:06.341907+09:00
Transponder Signal,70.0,2.0,success,False,2026-08-19T21:04:27.192873+09:00
Transponder Slip,,,failed,False,2026-08-19T21:46:13.716197+09:00
Transponder Slot,10.0,38.0,success,False,2026-08-19T21:46:37.963751+09:00
Transponder Statement,,,failed,False,2026-08-21T00:31:43.518986+09:00
Transponder Station,,,failed,False,2026-08-19T21:07:40.402937+09:00
Transponder Status,10.0,0.0,success,False,2026-08-19T21:20:12.462826+09:00
Transponder Stub,,,failed,False,2026-08-21T00:31:38.357083+09:00
Transponder Sum,,,failed,False,2026-08-21T02:28:57.894422+09:00
Transponder Summary,,,failed,False,2026-08-19T21:30:05.370784+09:00
Transponder Table,,,failed,False,2026-08-19T22:07:56.620143+09:00
Transponder Tag,170.0,67.0,success,False,2026-08-19T21:19:50.890463+09:00
Transponder Tally,,,failed,False,2026-08-21T00:31:52.807063+09:00
Transponder Tariff,,,failed,False,2026-08-21T02:45:31.753294+09:00
Transponder Tax,,,failed,False,2026-08-21T02:12:15.174959+09:00
Transponder Terminal,,,failed,False,2026-08-19T21:07:51.410434+09:00
Transponder Ticket,,,failed,False,2026-08-19T21:30:35.144264+09:00
Transponder Timeline,,,failed,False,2026-08-19T21:30:12.319072+09:00
Transponder Toll,1900.0,8.0,success,False,2026-08-21T02:45:25.368857+09:00
Transponder Toolbox,,,failed,False,2026-08-28T00:25:07.962787+09:00
Transponder Total,,,failed,False,2026-08-27T23:11:58.068235+09:00
Transponder Tower,,,failed,False,2026-08-19T21:15:56.084621+09:00
Transponder Tracker,140.0,39.0,success,False,2026-08-19T21:30:49.393699+09:00
Transponder Trail,,,failed,False,2026-08-19T21:09:29.663933+09:00
Transponder Trend,,,failed,False,2026-08-28T01:06:41.346901+09:00
Transponder Trial,,,failed,False,2026-08-27T21:12:46.088803+09:00
Transponder Unit,40.0,0.0,success,False,2026-08-21T01:55:30.531800+09:00
Transponder Update,10.0,0.0,success,False,2026-08-19T21:29:44.160374+09:00
Transponder Value,,,failed,False,2026-08-23T02:52:51.254134+09:00
Transponder Vault,,,failed,False,2026-08-19T21:31:35.907614+09:00
Transponder Version,,,failed,False,2026-08-23T03:16:51.782987+09:00
Transponder View,,,failed,False,2026-08-19T21:29:07.329786+09:00
Transponder Watch,10.0,33.0,success,False,2026-08-19T21:04:40.695118+09:00
Transponder Wave,,,failed,False,2026-08-19T21:05:28.660617+09:00
Transponder Widget,,,failed,False,2026-08-27T23:11:58.068235+09:00
Transponder Worksheet,,,failed,False,2026-08-27T22:07:05.837486+09:00
Transponder Workshop,,,failed,False,2026-08-28T00:25:05.172390+09:00
Transponder Zone,,,failed,False,2026-08-19T21:08:09.987838+09:00
Treatment Advance,,,failed,False,2026-08-23T16:12:51.127665+09:00
Treatment Allowance,10.0,,success,False,2026-08-21T02:38:04.709344+09:00
Treatment Almanac,,,failed,False,2026-08-18T22:09:32.067298+09:00
Treatment Analyzer,,,failed,False,2026-08-27T23:54:35.399736+09:00
Treatment Anchor,,,failed,False,2026-08-17T23:29:20.352796+09:00
Treatment Announcement,,,failed,False,2026-08-27T23:33:58.782801+09:00
Treatment Arrears,,,failed,False,2026-08-23T16:12:46.857371+09:00
Treatment Assistant,20.0,2.0,success,False,2026-08-17T23:25:39.196440+09:00
Treatment Atlas,260.0,36.0,success,False,2026-08-17T23:24:26.895595+09:00
Treatment Attribute,,,failed,False,2026-08-23T13:05:58.112221+09:00
Treatment Badge,,,failed,False,2026-08-21T00:27:34.970005+09:00
Treatment Balance,,,failed,False,2026-08-23T13:46:16.255562+09:00
Treatment Base,170.0,1.0,success,False,2026-08-17T23:31:17.212800+09:00
Treatment Beacon,,,failed,False,2026-08-17T23:28:46.712952+09:00
Treatment Bill,170.0,0.0,success,False,2026-08-19T21:46:54.129984+09:00
Treatment Blueprint,,,failed,False,2026-08-18T22:09:23.803071+09:00
Treatment Board,480.0,84.0,success,False,2026-08-17T23:05:17.262710+09:00
Treatment Book,210.0,32.0,success,False,2026-08-19T21:48:04.651670+09:00
Treatment Bridge,,,failed,False,2026-08-17T23:03:58.711434+09:00
Treatment Brief,,,failed,False,2026-08-21T01:01:11.672775+09:00
Treatment Bulletin,,,failed,False,2026-08-21T01:01:09.555377+09:00
Treatment Cabinet,70.0,91.0,success,False,2026-08-27T23:12:32.092351+09:00
Treatment Calculator,20.0,0.0,success,False,2026-08-27T23:34:03.746516+09:00
Treatment Calendar,70.0,2.0,success,False,2026-08-18T23:57:07.963291+09:00
Treatment Card,260.0,11.0,success,False,2026-08-19T13:33:08.765794+09:00
Treatment Cascade,30.0,1.0,success,False,2026-08-17T23:29:03.554808+09:00
Treatment Cash,,,failed,False,2026-08-21T02:22:03.460496+09:00
Treatment Cashback,,,failed,False,2026-08-27T21:15:16.328313+09:00
Treatment Catalog,,,failed,False,2026-08-19T21:03:51.507952+09:00
Treatment Category,20.0,0.0,success,False,2026-08-23T13:05:53.628688+09:00
Treatment Center,6600.0,12.0,success,False,2026-08-17T23:05:21.665981+09:00
Treatment Chain,10.0,0.0,success,False,2026-08-17T23:06:48.111245+09:00
Treatment Charge,110.0,0.0,success,False,2026-08-21T02:37:53.787359+09:00
Treatment Check,10.0,1.0,success,False,2026-08-19T13:33:40.733972+09:00
Treatment Checker,,,failed,False,2026-08-27T23:54:30.615711+09:00
Treatment Cockpit,,,failed,False,2026-08-17T23:08:11.112323+09:00
Treatment Code,260.0,2.0,success,False,2026-08-19T21:47:20.280191+09:00
Treatment Codex,,,failed,False,2026-08-18T22:09:49.300650+09:00
Treatment Companion,,,failed,False,2026-08-17T23:26:55.594772+09:00
Treatment Comparison,20.0,0.0,success,False,2026-08-28T01:01:32.188675+09:00
Treatment Compass,,,failed,False,2026-08-17T23:06:09.735984+09:00
Treatment Compendium,,,failed,False,2026-08-18T22:09:39.839296+09:00
Treatment Confirmation,,,failed,False,2026-08-21T00:58:27.692575+09:00
Treatment Console,,,failed,False,2026-08-17T23:32:52.026751+09:00
Treatment Contribution,,,failed,False,2026-08-23T16:12:43.953628+09:00
Treatment Core,,,failed,False,2026-08-17T23:10:52.063537+09:00
Treatment Cost,720.0,0.0,success,False,2026-08-21T02:06:44.237427+09:00
Treatment Count,,,failed,False,2026-08-27T22:47:24.172994+09:00
Treatment Counter,40.0,1.0,success,False,2026-08-18T23:58:11.366687+09:00
Treatment Coupon,,,failed,False,2026-08-27T21:15:13.256077+09:00
Treatment Dashboard,,,failed,False,2026-08-17T23:26:38.652949+09:00
Treatment Deal,50.0,19.0,success,False,2026-08-21T01:50:46.788824+09:00
Treatment Debt,,,failed,False,2026-08-21T02:21:52.863298+09:00
Treatment Deck,1900.0,100.0,success,False,2026-08-17T23:31:48.177682+09:00
Treatment Depot,,,failed,False,2026-08-18T23:57:53.791592+09:00
Treatment Desk,,,failed,False,2026-08-17T23:04:19.754704+09:00
Treatment Detail,110.0,0.0,success,False,2026-08-23T03:16:39.334057+09:00
Treatment Detector,,,failed,False,2026-08-27T23:54:32.984482+09:00
Treatment Diagram,40.0,0.0,success,False,2026-08-27T22:09:32.047106+09:00
Treatment Dial,,,failed,False,2026-08-17T23:23:26.681151+09:00
Treatment Digest,,,failed,False,2026-08-19T20:47:06.290958+09:00
Treatment Directory,10.0,29.0,success,False,2026-08-18T23:57:22.753165+09:00
Treatment Discount,,,failed,False,2026-08-23T16:12:37.758659+09:00
Treatment Dock,,,failed,False,2026-08-17T23:24:03.266981+09:00
Treatment Dossier,,,failed,False,2026-08-21T00:58:32.149871+09:00
Treatment Draft,,,failed,False,2026-08-19T20:47:15.115131+09:00
Treatment Due,,,failed,False,2026-08-23T15:51:15.880461+09:00
Treatment Duty,,,failed,False,2026-08-21T02:37:55.962761+09:00
Treatment Engine,2400.0,100.0,success,False,2026-08-17T23:04:33.261831+09:00
Treatment Entry,,,failed,False,2026-08-21T00:58:44.836971+09:00
Treatment Estimate,20.0,3.0,success,False,2026-08-19T21:03:36.529171+09:00
Treatment Estimator,,,failed,False,2026-08-27T23:54:27.974840+09:00
Treatment Excerpt,,,failed,False,2026-08-21T00:58:40.847726+09:00
Treatment Extension,,,failed,False,2026-08-23T16:38:09.315163+09:00
Treatment Fare,,,failed,False,2026-08-21T02:06:57.377866+09:00
Treatment Fee,90.0,0.0,success,False,2026-08-21T01:50:28.240015+09:00
Treatment Feed,,,failed,False,2026-08-19T20:47:10.772818+09:00
Treatment Field,70.0,2.0,success,False,2026-08-23T13:06:00.621707+09:00
Treatment File,30.0,3.0,success,False,2026-08-19T20:46:42.465530+09:00
Treatment Finder,170.0,48.0,success,False,2026-08-18T23:57:39.317157+09:00
Treatment Fine,,,failed,False,2026-08-23T02:53:25.456581+09:00
Treatment Flag,,,failed,False,2026-08-21T00:28:26.135871+09:00
Treatment Flow,30.0,0.0,success,False,2026-08-17T23:27:41.420797+09:00
Treatment Forge,,,failed,False,2026-08-17T23:09:36.803243+09:00
Treatment Form,210.0,2.0,success,False,2026-08-19T13:32:58.947587+09:00
Treatment Format,210.0,2.0,success,False,2026-08-23T13:06:02.918045+09:00
Treatment Frame,40.0,73.0,success,False,2026-08-17T23:03:37.118721+09:00
Treatment Fund,40.0,15.0,success,False,2026-08-21T02:21:55.234205+09:00
Treatment Gate,,,failed,False,2026-08-17T23:24:07.376365+09:00
Treatment Generator,10.0,10.0,success,False,2026-08-27T23:34:03.746516+09:00
Treatment Giveaway,,,failed,False,2026-08-27T21:15:22.797193+09:00
Treatment Grade,,,failed,False,2026-08-21T00:28:03.957628+09:00
Treatment Graph,,,failed,False,2026-08-27T22:09:25.119437+09:00
Treatment Grid,,,failed,False,2026-08-17T23:04:01.438390+09:00
Treatment Guarantee,10.0,0.0,success,False,2026-08-28T01:01:39.377915+09:00
Treatment Guard,,,failed,False,2026-08-17T23:04:17.256447+09:00
Treatment Guardian,30.0,48.0,success,False,2026-08-28T00:24:14.921300+09:00
Treatment Guidebook,,,failed,False,2026-08-18T22:09:09.487365+09:00
Treatment Helpdesk,,,failed,False,2026-08-27T22:47:28.680273+09:00
Treatment Helper,,,failed,False,2026-08-28T00:24:19.907536+09:00
Treatment History,140.0,0.0,success,False,2026-08-19T20:46:36.801455+09:00
Treatment Hotline,10.0,86.0,success,False,2026-08-19T21:04:04.689181+09:00
Treatment Hub,260.0,3.0,success,False,2026-08-17T23:06:06.115551+09:00
Treatment Identifier,,,failed,False,2026-08-23T13:05:51.104957+09:00
Treatment Incentive,,,failed,False,2026-08-27T21:15:18.698295+09:00
Treatment Index,10.0,0.0,success,False,2026-08-19T21:32:28.691012+09:00
Treatment Insight,70.0,17.0,success,False,2026-08-17T23:04:36.399044+09:00
Treatment Installment,,,failed,False,2026-08-23T16:12:41.676987+09:00
Treatment Item,,,failed,False,2026-08-21T01:50:32.476329+09:00
Treatment Journal,10.0,1.0,success,False,2026-08-18T22:08:52.301038+09:00
Treatment Keeper,,,failed,False,2026-08-17T23:24:49.201687+09:00
Treatment Kit,110.0,35.0,success,False,2026-08-27T22:47:20.471641+09:00
Treatment Lab,260.0,7.0,success,False,2026-08-17T23:32:11.092346+09:00
Treatment Label,,,failed,False,2026-08-27T22:09:28.492809+09:00
Treatment Ledger,,,failed,False,2026-08-17T23:31:33.228756+09:00
Treatment Lens,,,failed,False,2026-08-17T23:30:52.147668+09:00
Treatment Level,170.0,2.0,success,False,2026-08-19T20:46:47.302188+09:00
Treatment Link,40.0,0.0,success,False,2026-08-23T03:16:31.986562+09:00
Treatment List,140.0,1.0,success,False,2026-08-19T21:47:38.670449+09:00
Treatment Loan,40.0,46.0,success,False,2026-08-21T02:07:07.042559+09:00
Treatment Locator,170.0,48.0,success,False,2026-08-18T23:57:31.846586+09:00
Treatment Lock,,,failed,False,2026-08-17T23:30:39.559752+09:00
Treatment Log,170.0,77.0,success,False,2026-08-19T13:32:52.541757+09:00
Treatment Loop,,,failed,False,2026-08-17T23:29:55.087176+09:00
Treatment Manager,50.0,2.0,success,False,2026-08-17T23:10:15.371250+09:00
Treatment Manual,50.0,0.0,success,False,2026-08-27T22:09:28.492809+09:00
Treatment Map,480.0,0.0,success,False,2026-08-17T23:09:18.796206+09:00
Treatment Margin,,,failed,False,2026-08-23T02:53:22.590239+09:00
Treatment Markup,,,failed,False,2026-08-23T16:38:05.799118+09:00
Treatment Memo,,,failed,False,2026-08-21T00:28:13.699286+09:00
Treatment Message,70.0,0.0,success,False,2026-08-27T23:12:25.065400+09:00
Treatment Meter,,,failed,False,2026-08-17T23:10:33.409769+09:00
Treatment Metrics,,,failed,False,2026-08-17T23:26:27.360355+09:00
Treatment Monitor,,,failed,False,2026-08-17T23:26:13.004123+09:00
Treatment Navigator,30.0,6.0,success,False,2026-08-17T23:06:29.811396+09:00
Treatment Nexus,,,failed,False,2026-08-17T23:08:30.361207+09:00
Treatment Node,,,failed,False,2026-08-17T23:04:59.397693+09:00
Treatment Note,170.0,9.0,success,False,2026-08-19T13:33:54.731377+09:00
Treatment Notification,,,failed,False,2026-08-27T22:47:10.971037+09:00
Treatment Number,50.0,0.0,success,False,2026-08-23T03:16:23.757716+09:00
Treatment Office,,,failed,False,2026-08-18T23:58:01.279851+09:00
Treatment Ops,,,failed,False,2026-08-17T23:27:13.113305+09:00
Treatment Order,210.0,0.0,success,False,2026-08-19T21:46:42.037661+09:00
Treatment Organizer,210.0,17.0,success,False,2026-08-17T23:06:26.824049+09:00
Treatment Overdue,,,failed,False,2026-08-27T21:46:39.546965+09:00
Treatment Panel,,,failed,False,2026-08-17T22:46:57.477508+09:00
Treatment Pass,,,failed,False,2026-08-21T00:27:19.385133+09:00
Treatment Path,260.0,13.0,success,False,2026-08-17T23:30:24.350682+09:00
Treatment Penalty,,,failed,False,2026-08-23T16:38:05.799118+09:00
Treatment Petition,,,failed,False,2026-08-21T00:58:22.319025+09:00
Treatment Pilot,,,failed,False,2026-08-17T23:27:53.024871+09:00
Treatment Plan,5400.0,3.0,success,False,2026-08-21T01:50:51.985309+09:00
Treatment Planner,320.0,96.0,success,False,2026-08-17T23:11:50.330995+09:00
Treatment Playbook,,,failed,False,2026-08-18T22:08:43.049836+09:00
Treatment Point,10.0,1.0,success,False,2026-08-17T23:05:47.972316+09:00
Treatment Portal,,,failed,False,2026-08-17T23:08:52.279570+09:00
Treatment Preview,,,failed,False,2026-08-28T01:01:32.188675+09:00
Treatment Profile,,,failed,False,2026-08-19T13:34:11.345054+09:00
Treatment Profit,,,failed,False,2026-08-23T02:53:14.872547+09:00
Treatment Proposal,70.0,0.0,success,False,2026-08-28T01:01:36.692864+09:00
Treatment Pulse,,,failed,False,2026-08-17T23:30:11.118322+09:00
Treatment Queue,,,failed,False,2026-08-19T21:03:18.431019+09:00
Treatment Quota,,,failed,False,2026-08-21T00:28:17.964653+09:00
Treatment Radar,,,failed,False,2026-08-17T23:28:07.981645+09:00
Treatment Rail,,,failed,False,2026-08-17T23:03:34.150622+09:00
Treatment Rate,70.0,0.0,success,False,2026-08-19T20:46:54.929939+09:00
Treatment Recap,,,failed,False,2026-08-21T00:59:26.114490+09:00
Treatment Receipt,20.0,12.0,success,False,2026-08-19T21:47:05.219311+09:00
Treatment Recorder,,,failed,False,2026-08-27T23:34:06.441052+09:00
Treatment Register,40.0,1.0,success,False,2026-08-17T23:09:57.644305+09:00
Treatment Registry,,,failed,False,2026-08-18T22:09:15.023895+09:00
Treatment Relay,,,failed,False,2026-08-17T23:07:52.950180+09:00
Treatment Reminder,10.0,0.0,success,False,2026-08-19T21:32:23.492274+09:00
Treatment Report,70.0,0.0,success,False,2026-08-19T13:32:45.255500+09:00
Treatment Repository,,,failed,False,2026-08-27T23:12:34.540185+09:00
Treatment Result,70.0,0.0,success,False,2026-08-28T00:47:16.982525+09:00
Treatment Roadmap,,,failed,False,2026-08-18T22:09:56.131275+09:00
Treatment Roster,,,failed,False,2026-08-19T00:37:10.693574+09:00
Treatment Route,,,failed,False,2026-08-17T23:04:52.831664+09:00
Treatment Rule,,,failed,False,2026-08-23T03:16:36.835162+09:00
Treatment Sale,,,failed,False,2026-08-21T02:22:07.753021+09:00
Treatment Sample,110.0,0.0,success,False,2026-08-19T21:48:31.545228+09:00
Treatment Scale,,,failed,False,2026-08-17T23:23:43.975283+09:00
Treatment Scanner,,,failed,False,2026-08-27T23:54:30.615711+09:00
Treatment Scheduler,,,failed,False,2026-08-17T23:25:59.230175+09:00
Treatment Scope,,,failed,False,2026-08-17T23:05:44.417197+09:00
Treatment Score,,,failed,False,2026-08-19T13:33:46.951331+09:00
Treatment Sentry,,,failed,False,2026-08-17T23:06:52.573020+09:00
Treatment Sheet,390.0,4.0,success,False,2026-08-19T13:33:22.206561+09:00
Treatment Signal,,,failed,False,2026-08-17T23:11:13.383500+09:00
Treatment Signature,,,failed,False,2026-08-23T13:27:05.347974+09:00
Treatment Slip,20.0,0.0,success,False,2026-08-19T21:48:17.560358+09:00
Treatment Slot,,,failed,False,2026-08-19T21:48:44.866696+09:00
Treatment Snapshot,,,failed,False,2026-08-18T22:09:01.069434+09:00
Treatment Stage,140.0,2.0,success,False,2026-08-28T00:47:13.320687+09:00
Treatment Stake,,,failed,False,2026-08-23T02:53:19.802959+09:00
Treatment Stamp,,,failed,False,2026-08-23T13:27:09.032773+09:00
Treatment Statement,10.0,0.0,success,False,2026-08-21T00:27:48.036654+09:00
Treatment Station,390.0,6.0,success,False,2026-08-17T23:07:11.054257+09:00
Treatment Status,50.0,0.0,success,False,2026-08-19T20:46:27.543041+09:00
Treatment Stub,,,failed,False,2026-08-21T00:27:42.259289+09:00
Treatment Studio,1300.0,79.0,success,False,2026-08-17T23:03:39.400104+09:00
Treatment Suite,110.0,7.0,success,False,2026-08-17T23:25:05.910381+09:00
Treatment Sum,,,failed,False,2026-08-21T02:21:48.463008+09:00
Treatment Summary,260.0,1.0,success,False,2026-08-19T21:32:08.265719+09:00
Treatment Sync,,,failed,False,2026-08-17T23:11:32.053287+09:00
Treatment Tab,30.0,0.0,success,False,2026-08-21T00:28:35.603528+09:00
Treatment Table,3600.0,100.0,success,False,2026-08-19T21:47:49.967174+09:00
Treatment Tag,,,failed,False,2026-08-19T13:34:00.979457+09:00
Treatment Tally,,,failed,False,2026-08-21T00:27:55.902205+09:00
Treatment Tariff,,,failed,False,2026-08-21T02:38:06.910707+09:00
Treatment Tax,,,failed,False,2026-08-21T02:07:02.181648+09:00
Treatment Ticket,,,failed,False,2026-08-19T21:32:30.611292+09:00
Treatment Tier,,,failed,False,2026-08-28T00:47:16.982525+09:00
Treatment Timeline,320.0,1.0,success,False,2026-08-19T21:32:15.548375+09:00
Treatment Timer,,,failed,False,2026-08-28T00:24:12.580711+09:00
Treatment Toll,,,failed,False,2026-08-21T02:38:00.530165+09:00
Treatment Toolbox,,,failed,False,2026-08-28T00:24:17.222604+09:00
Treatment Toolkit,,,failed,False,2026-08-18T22:08:34.595424+09:00
Treatment Total,,,failed,False,2026-08-27T23:12:25.065400+09:00
Treatment Tracker,50.0,3.0,success,False,2026-08-17T23:27:23.938977+09:00
Treatment Trail,,,failed,False,2026-08-17T23:23:29.892589+09:00
Treatment Trend,,,failed,False,2026-08-28T01:04:46.455885+09:00
Treatment Trial,210.0,4.0,success,False,2026-08-27T21:15:16.328313+09:00
Treatment Unit,110.0,5.0,success,False,2026-08-21T01:50:49.145007+09:00
Treatment Update,20.0,0.0,success,False,2026-08-19T20:47:00.737978+09:00
Treatment Value,720.0,0.0,success,False,2026-08-23T02:53:17.402090+09:00
Treatment Vault,,,failed,False,2026-08-17T23:28:22.691550+09:00
Treatment Version,,,failed,False,2026-08-23T03:16:29.353172+09:00
Treatment View,,,failed,False,2026-08-19T20:46:30.162701+09:00
Treatment Voucher,90.0,85.0,success,False,2026-08-21T00:27:27.558535+09:00
Treatment Watch,,,failed,False,2026-08-17T23:29:37.041815+09:00
Treatment Wave,,,failed,False,2026-08-17T23:07:35.240679+09:00
Treatment Widget,,,failed,False,2026-08-27T23:12:29.033332+09:00
Treatment Workbench,,,failed,False,2026-08-18T22:08:25.868252+09:00
Treatment Worksheet,,,failed,False,2026-08-27T22:09:32.047106+09:00
Treatment Workshop,,,failed,False,2026-08-28T00:24:14.921300+09:00
Treatment Zone,170.0,1.0,success,False,2026-08-17T23:32:40.699548+09:00
Triage Advance,,,failed,False,2026-08-23T16:16:29.053349+09:00
Triage Advisory,,,failed,False,2026-08-21T01:05:43.113119+09:00
Triage Allowance,,,failed,False,2026-08-21T02:37:55.962761+09:00
Triage Analyzer,20.0,0.0,success,False,2026-08-27T23:53:29.478686+09:00
Triage Arrears,,,failed,False,2026-08-23T16:16:26.754683+09:00
Triage Assistant,90.0,1.0,success,False,2026-08-19T00:02:06.599822+09:00
Triage Atlas,,,failed,False,2026-08-19T00:01:35.413805+09:00
Triage Attribute,,,failed,False,2026-08-23T13:07:02.783000+09:00
Triage Badge,,,failed,False,2026-08-21T00:30:29.735189+09:00
Triage Base,,,failed,False,2026-08-18T23:58:25.855676+09:00
Triage Beacon,,,failed,False,2026-08-19T00:05:07.956398+09:00
Triage Bill,,,failed,False,2026-08-19T22:07:10.998735+09:00
Triage Board,140.0,3.0,success,False,2026-08-18T23:58:52.034754+09:00
Triage Book,140.0,34.0,success,False,2026-08-19T21:46:11.490049+09:00
Triage Bridge,,,failed,False,2026-08-19T00:05:23.888896+09:00
Triage Brief,,,failed,False,2026-08-21T01:05:29.532542+09:00
Triage Bulletin,,,failed,False,2026-08-21T01:05:26.897512+09:00
Triage Calculator,30.0,0.0,success,False,2026-08-27T23:33:13.459329+09:00
Triage Calendar,,,failed,False,2026-08-19T00:03:21.455005+09:00
Triage Card,3600.0,72.0,success,False,2026-08-19T13:42:33.755752+09:00
Triage Cascade,,,failed,False,2026-08-19T00:05:18.968119+09:00
Triage Cash,,,failed,False,2026-08-21T02:31:01.801994+09:00
Triage Category,2400.0,0.0,success,True,2026-08-23T13:07:00.691919+09:00
Triage Center,390.0,2.0,success,False,2026-08-18T23:59:44.805528+09:00
Triage Chain,,,failed,False,2026-08-19T00:01:04.506360+09:00
Triage Charge,10.0,0.0,success,False,2026-08-21T02:37:42.077569+09:00
Triage Check,30.0,2.0,success,False,2026-08-19T13:21:15.307510+09:00
Triage Checker,30.0,2.0,success,False,2026-08-27T23:53:23.914629+09:00
Triage Circular,,,failed,False,2026-08-21T01:05:39.127217+09:00
Triage Code,720.0,0.0,success,False,2026-08-19T22:07:32.899948+09:00
Triage Companion,,,failed,False,2026-08-19T00:02:36.291033+09:00
Triage Comparison,,,failed,False,2026-08-28T01:04:40.087199+09:00
Triage Compass,,,failed,False,2026-08-19T00:05:01.988375+09:00
Triage Confirmation,,,failed,False,2026-08-21T01:05:55.165491+09:00
Triage Console,,,failed,False,2026-08-19T00:00:16.279363+09:00
Triage Contribution,,,failed,False,2026-08-23T16:16:26.754683+09:00
Triage Copayment,,,failed,False,2026-08-23T16:40:05.179166+09:00
Triage Core,10.0,0.0,success,False,2026-08-18T23:58:35.248777+09:00
Triage Cost,,,failed,False,2026-08-21T02:14:07.166822+09:00
Triage Count,,,failed,False,2026-08-27T22:44:57.466905+09:00
Triage Counter,70.0,0.0,success,False,2026-08-19T00:04:07.444762+09:00
Triage Deal,,,failed,False,2026-08-21T01:57:57.210014+09:00
Triage Debt,,,failed,False,2026-08-21T02:30:57.020640+09:00
Triage Deck,,,failed,False,2026-08-18T23:58:59.776089+09:00
Triage Depot,,,failed,False,2026-08-19T00:03:50.601023+09:00
Triage Desk,210.0,0.0,success,False,2026-08-19T00:04:35.680723+09:00
Triage Detail,,,failed,False,2026-08-23T03:18:09.441113+09:00
Triage Detector,,,failed,False,2026-08-27T23:53:26.856284+09:00
Triage Diagram,140.0,0.0,success,False,2026-08-27T22:15:29.214068+09:00
Triage Digest,,,failed,False,2026-08-19T20:44:05.928260+09:00
Triage Directory,,,failed,False,2026-08-19T00:03:29.017691+09:00
Triage Discount,,,failed,False,2026-08-23T16:16:21.487176+09:00
Triage Dossier,,,failed,False,2026-08-21T01:06:02.674001+09:00
Triage Downpayment,,,failed,False,2026-08-27T21:50:39.210391+09:00
Triage Draft,,,failed,False,2026-08-19T20:44:23.661281+09:00
Triage Due,,,failed,False,2026-08-23T15:52:31.168291+09:00
Triage Duty,30.0,0.0,success,False,2026-08-21T02:37:45.273746+09:00
Triage Engine,30.0,7.0,success,False,2026-08-19T00:02:00.292816+09:00
Triage Entry,,,failed,False,2026-08-21T01:06:13.819084+09:00
Triage Estimate,,,failed,False,2026-08-19T21:29:47.496953+09:00
Triage Estimator,,,failed,False,2026-08-27T23:53:21.557901+09:00
Triage Excerpt,,,failed,False,2026-08-21T01:06:10.948985+09:00
Triage Fare,,,failed,False,2026-08-21T02:14:13.791830+09:00
Triage Fee,20.0,0.0,success,False,2026-08-21T01:57:45.438381+09:00
Triage Feed,,,failed,False,2026-08-19T20:44:16.708983+09:00
Triage File,10.0,15.0,success,False,2026-08-19T20:43:41.671766+09:00
Triage Finder,,,failed,False,2026-08-19T00:03:41.244683+09:00
Triage Fine,,,failed,False,2026-08-23T02:53:52.134740+09:00
Triage Flag,50.0,31.0,success,False,2026-08-21T00:31:12.375379+09:00
Triage Flow,50.0,0.0,success,False,2026-08-19T00:04:23.577898+09:00
Triage Forge,,,failed,False,2026-08-19T00:05:13.902876+09:00
Triage Form,1000.0,4.0,success,False,2026-08-19T13:42:25.449993+09:00
Triage Format,10.0,0.0,success,False,2026-08-23T13:07:04.865387+09:00
Triage Frame,,,failed,False,2026-08-18T23:58:17.460804+09:00
Triage Fund,,,failed,False,2026-08-21T02:30:59.342931+09:00
Triage Gate,,,failed,False,2026-08-19T00:01:21.334255+09:00
Triage Grade,,,failed,False,2026-08-21T00:30:53.488074+09:00
Triage Graph,,,failed,False,2026-08-27T22:15:19.748218+09:00
Triage Grid,,,failed,False,2026-08-18T23:57:28.259874+09:00
Triage Guarantee,,,failed,False,2026-08-28T01:04:46.455885+09:00
Triage Guardian,,,failed,False,2026-08-28T00:23:28.806149+09:00
Triage Helpdesk,50.0,17.0,success,False,2026-08-27T22:45:00.824166+09:00
Triage Helper,,,failed,False,2026-08-28T00:23:35.070799+09:00
Triage History,140.0,0.0,success,False,2026-08-19T20:43:33.378176+09:00
Triage Hub,20.0,1.0,success,False,2026-08-19T00:04:30.591993+09:00
Triage Identifier,,,failed,False,2026-08-23T13:06:58.194774+09:00
Triage Index,10.0,0.0,success,False,2026-08-19T21:29:30.457441+09:00
Triage Installment,,,failed,False,2026-08-23T16:16:24.189782+09:00
Triage Item,,,failed,False,2026-08-21T01:57:44.659244+09:00
Triage Journal,10.0,0.0,success,False,2026-08-19T00:03:06.405993+09:00
Triage Keeper,,,failed,False,2026-08-19T00:01:43.287513+09:00
Triage Kit,320.0,81.0,success,False,2026-08-27T22:44:52.843533+09:00
Triage Lab,,,failed,False,2026-08-18T23:59:17.064429+09:00
Triage Label,110.0,4.0,success,False,2026-08-27T22:15:19.748218+09:00
Triage Ledger,,,failed,False,2026-08-18T23:58:42.867449+09:00
Triage Level,1900.0,0.0,success,True,2026-08-19T20:43:48.362624+09:00
Triage Link,40.0,4.0,success,False,2026-08-23T03:18:03.824260+09:00
Triage List,210.0,0.0,success,False,2026-08-19T22:07:52.466558+09:00
Triage Loan,,,failed,False,2026-08-21T02:14:19.948102+09:00
Triage Locator,,,failed,False,2026-08-19T00:03:34.698010+09:00
Triage Log,20.0,1.0,success,False,2026-08-19T13:42:14.783829+09:00
Triage Loop,,,failed,False,2026-08-18T23:57:18.728861+09:00
Triage Manager,40.0,0.0,success,False,2026-08-19T00:01:49.817235+09:00
Triage Manual,90.0,0.0,success,False,2026-08-27T22:15:25.153546+09:00
Triage Map,40.0,0.0,success,False,2026-08-18T23:58:07.902911+09:00
Triage Margin,,,failed,False,2026-08-23T02:53:49.996059+09:00
Triage Memo,,,failed,False,2026-08-21T00:30:57.917323+09:00
Triage Message,,,failed,False,2026-08-27T23:10:42.851763+09:00
Triage Monitor,10.0,8.0,success,False,2026-08-19T00:02:30.122335+09:00
Triage Nexus,,,failed,False,2026-08-19T00:01:30.427864+09:00
Triage Note,210.0,0.0,success,False,2026-08-19T13:22:04.691766+09:00
Triage Notification,,,failed,False,2026-08-27T22:44:50.273695+09:00
Triage Number,320.0,1.0,success,False,2026-08-23T03:17:56.844473+09:00
Triage Office,20.0,1.0,success,False,2026-08-19T00:03:57.643433+09:00
Triage Ops,50.0,1.0,success,False,2026-08-19T00:02:51.849711+09:00
Triage Order,70.0,0.0,success,False,2026-08-19T22:06:59.596356+09:00
Triage Overage,,,failed,False,2026-08-27T21:50:39.210391+09:00
Triage Overdue,,,failed,False,2026-08-27T21:50:34.815891+09:00
Triage Panel,50.0,0.0,success,False,2026-08-19T00:00:22.759146+09:00
Triage Pass,,,failed,False,2026-08-21T00:30:14.861916+09:00
Triage Path,,,failed,False,2026-08-18T23:57:46.664132+09:00
Triage Payoff,,,failed,False,2026-08-27T21:50:37.116413+09:00
Triage Petition,,,failed,False,2026-08-21T01:05:46.512536+09:00
Triage Plan,110.0,0.0,success,False,2026-08-21T01:57:54.921820+09:00
Triage Planner,,,failed,False,2026-08-19T00:02:15.189621+09:00
Triage Playbook,,,failed,False,2026-08-19T00:02:58.410814+09:00
Triage Point,50.0,0.0,success,False,2026-08-18T23:57:58.396596+09:00
Triage Portal,10.0,2.0,success,False,2026-08-19T00:00:05.096380+09:00
Triage Preview,,,failed,False,2026-08-28T01:04:42.727086+09:00
Triage Profile,,,failed,False,2026-08-19T13:23:05.373596+09:00
Triage Profit,,,failed,False,2026-08-23T02:53:39.940635+09:00
Triage Proposal,,,failed,False,2026-08-28T01:04:46.455885+09:00
Triage Quota,,,failed,False,2026-08-21T00:31:05.602481+09:00
Triage Radar,,,failed,False,2026-08-19T00:04:42.603293+09:00
Triage Rail,,,failed,False,2026-08-19T00:00:48.226412+09:00
Triage Rate,,,failed,False,2026-08-19T20:43:53.666341+09:00
Triage Recap,,,failed,False,2026-08-21T01:06:05.335895+09:00
Triage Receipt,,,failed,False,2026-08-19T22:07:21.096531+09:00
Triage Recorder,,,failed,False,2026-08-27T23:33:18.763574+09:00
Triage Register,110.0,0.0,success,False,2026-08-19T00:02:45.246378+09:00
Triage Registry,,,failed,False,2026-08-19T00:03:12.143780+09:00
Triage Relay,,,failed,False,2026-08-19T00:04:47.180412+09:00
Triage Reminder,,,failed,False,2026-08-19T21:20:07.240027+09:00
Triage Report,110.0,0.0,success,False,2026-08-19T13:42:03.157163+09:00
Triage Repository,,,failed,False,2026-08-27T23:10:55.756193+09:00
Triage Result,,,failed,False,2026-08-28T00:47:05.716612+09:00
Triage Ring,,,failed,False,2026-08-19T00:01:12.720919+09:00
Triage Roster,,,failed,False,2026-08-19T00:38:32.004718+09:00
Triage Route,,,failed,False,2026-08-19T00:00:40.903706+09:00
Triage Rule,140.0,0.0,success,False,2026-08-23T03:18:07.042470+09:00
Triage Sale,,,failed,False,2026-08-21T02:31:03.884559+09:00
Triage Sample,30.0,0.0,success,False,2026-08-19T21:46:35.740872+09:00
Triage Scale,320.0,0.0,success,False,2026-08-19T00:00:31.381271+09:00
Triage Scanner,140.0,27.0,success,False,2026-08-27T23:53:26.856284+09:00
Triage Scheduler,,,failed,False,2026-08-19T00:02:21.603583+09:00
Triage Scope,,,failed,False,2026-08-18T23:57:02.622913+09:00
Triage Score,480.0,0.0,success,False,2026-08-19T13:21:52.267675+09:00
Triage Sheet,110.0,0.0,success,False,2026-08-19T13:20:57.045829+09:00
Triage Shortfall,,,failed,False,2026-08-27T21:50:42.355855+09:00
Triage Signal,10.0,0.0,success,False,2026-08-19T00:05:29.382308+09:00
Triage Slip,,,failed,False,2026-08-19T21:46:23.560668+09:00
Triage Slot,,,failed,False,2026-08-19T21:46:45.064278+09:00
Triage Stage,140.0,0.0,success,False,2026-08-28T00:47:03.149821+09:00
Triage Stake,,,failed,False,2026-08-23T02:53:45.297778+09:00
Triage Statement,,,failed,False,2026-08-21T00:30:41.620130+09:00
Triage Station,170.0,0.0,success,False,2026-08-18T23:59:27.223478+09:00
Triage Status,110.0,0.0,success,False,2026-08-19T20:43:19.095275+09:00
Triage Stub,,,failed,False,2026-08-21T00:30:34.487987+09:00
Triage Studio,,,failed,False,2026-08-18T23:59:08.925896+09:00
Triage Subsidy,,,failed,False,2026-08-23T15:52:33.187171+09:00
Triage Sum,,,failed,False,2026-08-21T02:30:51.336298+09:00
Triage Summary,30.0,0.0,success,False,2026-08-19T21:19:44.972350+09:00
Triage Tab,70.0,0.0,success,False,2026-08-21T00:31:17.519824+09:00
Triage Table,170.0,7.0,success,False,2026-08-19T21:45:58.620929+09:00
Triage Tag,3600.0,72.0,success,False,2026-08-19T13:22:52.997590+09:00
Triage Tally,,,failed,False,2026-08-21T00:30:46.553076+09:00
Triage Tariff,,,failed,False,2026-08-21T02:38:00.530165+09:00
Triage Tax,10.0,14.0,success,False,2026-08-21T02:14:16.325639+09:00
Triage Terminal,,,failed,False,2026-08-18T23:59:36.900086+09:00
Triage Ticket,480.0,7.0,success,False,2026-08-19T21:29:38.081788+09:00
Triage Tier,,,failed,False,2026-08-28T00:47:05.716612+09:00
Triage Timeline,,,failed,False,2026-08-19T21:19:54.949155+09:00
Triage Timer,,,failed,False,2026-08-28T00:23:26.429201+09:00
Triage Toll,,,failed,False,2026-08-21T02:37:48.956315+09:00
Triage Toolbox,,,failed,False,2026-08-28T00:23:32.387348+09:00
Triage Total,,,failed,False,2026-08-27T23:10:47.155079+09:00
Triage Tracker,20.0,0.0,success,False,2026-08-19T00:04:14.172620+09:00
Triage Trail,,,failed,False,2026-08-19T00:00:56.933054+09:00
Triage Trend,,,failed,False,2026-08-28T01:04:37.386068+09:00
Triage Trial,,,failed,False,2026-08-27T21:19:40.666664+09:00
Triage Unit,390.0,0.0,success,False,2026-08-21T01:57:50.113408+09:00
Triage Update,10.0,0.0,success,False,2026-08-19T20:44:00.282785+09:00
Triage Value,,,failed,False,2026-08-23T02:53:42.896171+09:00
Triage Vault,,,failed,False,2026-08-19T00:04:56.559247+09:00
Triage Version,,,failed,False,2026-08-23T03:18:00.174345+09:00
Triage View,10.0,0.0,success,False,2026-08-19T20:43:26.923996+09:00
Triage Voucher,,,failed,False,2026-08-21T00:30:22.823388+09:00
Triage Watch,10.0,6.0,success,False,2026-08-19T00:05:31.654702+09:00
Triage Wave,,,failed,False,2026-08-18T23:57:37.423450+09:00
Triage Widget,,,failed,False,2026-08-27T23:10:50.264630+09:00
Triage Worksheet,20.0,0.0,success,False,2026-08-27T22:15:25.153546+09:00
Triage Workshop,20.0,0.0,success,False,2026-08-28T00:23:28.806149+09:00
Triage Zone,170.0,0.0,success,False,2026-08-18T23:59:53.624295+09:00
Truck Advance,10.0,13.0,success,False,2026-08-23T16:12:24.179825+09:00
Truck Advisory,,,failed,False,2026-08-21T01:08:45.073430+09:00
Truck Allowance,110.0,3.0,success,False,2026-08-21T02:37:07.617432+09:00
Truck Analyzer,,,failed,False,2026-08-27T23:54:07.466946+09:00
Truck Arrears,,,failed,False,2026-08-23T16:12:24.179825+09:00
Truck Asset,10.0,1.0,success,False,2026-08-23T13:45:55.611142+09:00
Truck Assistant,1600.0,31.0,success,False,2026-08-19T00:38:36.857956+09:00
Truck Atlas,720.0,89.0,success,False,2026-08-19T00:38:27.005898+09:00
Truck Balance,110.0,41.0,success,False,2026-08-23T13:45:55.611142+09:00
Truck Base,260.0,16.0,success,False,2026-08-19T00:37:44.150276+09:00
Truck Bay,1300.0,4.0,success,False,2026-08-19T00:36:50.417664+09:00
Truck Beacon,480.0,99.0,success,False,2026-08-19T00:37:23.570326+09:00
Truck Bill,320.0,3.0,success,False,2026-08-19T22:02:09.365210+09:00
Truck Board,3600.0,5.0,success,False,2026-08-19T00:37:46.702224+09:00
Truck Book,5400.0,35.0,success,False,2026-08-19T22:02:59.053365+09:00
Truck Bridge,140.0,0.0,success,False,2026-08-19T00:37:28.610789+09:00
Truck Brief,,,failed,False,2026-08-21T01:08:36.289589+09:00
Truck Bulletin,,,failed,False,2026-08-21T01:08:31.890939+09:00
Truck Calculator,390.0,16.0,success,False,2026-08-27T23:33:41.786723+09:00
Truck Calendar,210.0,48.0,success,False,2026-08-19T00:38:54.065235+09:00
Truck Card,320.0,18.0,success,False,2026-08-19T13:31:05.950766+09:00
Truck Cascade,,,failed,False,2026-08-19T00:37:26.885782+09:00
Truck Cash,22200.0,12.0,success,False,2026-08-21T02:21:02.332570+09:00
Truck Cashback,,,failed,False,2026-08-27T21:14:49.306471+09:00
Truck Catalog,210.0,7.0,success,False,2026-08-19T21:19:27.756536+09:00
Truck Category,320.0,3.0,success,False,2026-08-23T13:05:30.348326+09:00
Truck Center,14800.0,15.0,success,False,2026-08-19T00:37:59.032888+09:00
Truck Chain,480.0,95.0,success,False,2026-08-19T00:38:18.682483+09:00
Truck Charge,390.0,7.0,success,False,2026-08-21T02:36:53.900229+09:00
Truck Check,590.0,23.0,success,False,2026-08-19T13:31:38.491721+09:00
Truck Checker,590.0,23.0,success,False,2026-08-27T23:54:02.041371+09:00
Truck Checklist,260.0,49.0,success,False,2026-08-19T21:18:28.771702+09:00
Truck Circular,,,failed,False,2026-08-21T01:08:40.341221+09:00
Truck Code,320.0,1.0,success,False,2026-08-19T22:02:29.042116+09:00
Truck Companion,,,failed,False,2026-08-19T00:38:43.028128+09:00
Truck Comparison,880.0,43.0,success,False,2026-08-28T01:04:19.597729+09:00
Truck Compass,390.0,47.0,success,False,2026-08-19T00:37:23.570326+09:00
Truck Confirmation,,,failed,False,2026-08-21T01:08:54.756215+09:00
Truck Console,880.0,93.0,success,False,2026-08-19T00:38:02.838044+09:00
Truck Core,480.0,62.0,success,False,2026-08-19T00:37:44.150276+09:00
Truck Cost,1900.0,41.0,success,False,2026-08-21T02:15:23.867854+09:00
Truck Count,70.0,4.0,success,False,2026-08-27T22:46:50.983424+09:00
Truck Counter,390.0,1.0,success,False,2026-08-19T00:36:38.202359+09:00
Truck Coupon,20.0,21.0,success,False,2026-08-27T21:14:45.418872+09:00
Truck Deal,2900.0,86.0,success,False,2026-08-21T01:59:53.471915+09:00
Truck Debt,,,failed,False,2026-08-21T02:20:57.219379+09:00
Truck Deck,1600.0,81.0,success,False,2026-08-19T00:37:46.702224+09:00
Truck Desk,320.0,100.0,success,False,2026-08-19T00:37:15.495159+09:00
Truck Detail,720.0,24.0,success,False,2026-08-23T03:15:44.979812+09:00
Truck Detector,110.0,1.0,success,False,2026-08-27T23:54:07.466946+09:00
Truck Diagram,720.0,1.0,success,False,2026-08-27T22:09:13.645963+09:00
Truck Digest,10.0,,success,False,2026-08-19T20:45:56.516624+09:00
Truck Directory,30.0,35.0,success,False,2026-08-19T00:38:56.335177+09:00
Truck Discount,140.0,100.0,success,False,2026-08-23T16:12:18.349007+09:00
Truck Dossier,,,failed,False,2026-08-21T01:08:59.079967+09:00
Truck Downpayment,,,failed,False,2026-08-27T21:46:34.931324+09:00
Truck Draft,40.0,0.0,success,False,2026-08-19T20:46:06.697629+09:00
Truck Due,10.0,49.0,success,False,2026-08-23T15:50:54.236884+09:00
Truck Duty,40.0,49.0,success,False,2026-08-21T02:36:58.611410+09:00
Truck Engine,4400.0,21.0,success,False,2026-08-19T00:38:34.534111+09:00
Truck Entry,70.0,0.0,success,False,2026-08-21T01:09:12.434019+09:00
Truck Estimate,70.0,47.0,success,False,2026-08-19T21:19:17.312411+09:00
Truck Estimator,10.0,24.0,success,False,2026-08-27T23:53:59.228828+09:00
Truck Excerpt,,,failed,False,2026-08-21T01:09:08.778546+09:00
Truck Fare,880.0,3.0,success,False,2026-08-21T02:15:31.230859+09:00
Truck Fee,260.0,2.0,success,False,2026-08-21T01:59:39.898712+09:00
Truck Feed,90.0,17.0,success,False,2026-08-19T20:46:02.034696+09:00
Truck File,170.0,2.0,success,False,2026-08-19T20:45:29.456295+09:00
Truck Finder,1900.0,63.0,success,False,2026-08-19T00:23:43.046041+09:00
Truck Fine,40.0,2.0,success,False,2026-08-23T02:52:51.254134+09:00
Truck Flag,1900.0,98.0,success,False,2026-08-21T00:35:52.521460+09:00
Truck Flow,140.0,8.0,success,False,2026-08-19T00:37:13.789014+09:00
Truck Forge,10.0,3.0,success,False,2026-08-19T00:37:25.342982+09:00
Truck Form,720.0,5.0,success,False,2026-08-19T13:31:00.342217+09:00
Truck Format,720.0,5.0,success,False,2026-08-23T13:05:32.456522+09:00
Truck Frame,1900.0,4.0,success,False,2026-08-19T00:37:42.157517+09:00
Truck Fund,30.0,2.0,success,False,2026-08-21T02:21:00.139536+09:00
Truck Gate,2400.0,3.0,success,False,2026-08-19T00:38:22.287042+09:00
Truck Giveaway,1900.0,40.0,success,False,2026-08-27T21:14:56.322045+09:00
Truck Grade,,,failed,False,2026-08-21T00:35:34.561312+09:00
Truck Grid,70.0,100.0,success,False,2026-08-19T00:37:34.373704+09:00
Truck Guarantee,,,failed,False,2026-08-28T01:04:25.098394+09:00
Truck Guardian,,,failed,False,2026-08-28T00:23:49.555058+09:00
Truck Helpdesk,,,failed,False,2026-08-27T22:46:56.250105+09:00
Truck Helper,590.0,10.0,success,False,2026-08-28T00:23:56.463149+09:00
Truck History,260.0,8.0,success,False,2026-08-19T20:45:21.816276+09:00
Truck Hotline,,,failed,False,2026-08-19T21:19:39.587475+09:00
Truck Hub,1900.0,15.0,success,False,2026-08-19T00:37:13.789014+09:00
Truck Identifier,1300.0,20.0,success,False,2026-08-23T13:05:25.615596+09:00
Truck Incentive,260.0,91.0,success,False,2026-08-27T21:14:54.146372+09:00
Truck Index,70.0,1.0,success,False,2026-08-19T21:18:38.634661+09:00
Truck Installment,20.0,36.0,success,False,2026-08-23T16:12:18.349007+09:00
Truck Interest,,,failed,False,2026-08-23T13:45:55.611142+09:00
Truck Item,90.0,18.0,success,False,2026-08-21T01:59:42.509744+09:00
Truck Journal,30.0,10.0,success,False,2026-08-19T00:38:52.130938+09:00
Truck Keeper,50.0,3.0,success,False,2026-08-19T00:38:30.061657+09:00
Truck Kit,880.0,12.0,success,False,2026-08-27T22:46:48.643972+09:00
Truck Lab,390.0,5.0,success,False,2026-08-19T00:37:50.207260+09:00
Truck Label,110.0,71.0,success,False,2026-08-27T22:09:01.274163+09:00
Truck Layout,140.0,0.0,success,False,2026-08-27T22:28:46.749186+09:00
Truck Ledger,,,failed,False,2026-08-19T00:37:44.150276+09:00
Truck Levy,,,failed,False,2026-08-23T13:45:59.921070+09:00
Truck Link,320.0,5.0,success,False,2026-08-23T03:15:38.644159+09:00
Truck List,590.0,30.0,success,False,2026-08-19T22:02:41.688719+09:00
Truck Loan,2900.0,34.0,success,False,2026-08-21T02:15:35.751133+09:00
Truck Locator,2400.0,28.0,success,False,2026-08-19T00:39:00.049194+09:00
Truck Log,880.0,26.0,success,False,2026-08-19T13:30:50.408917+09:00
Truck Loop,50.0,21.0,success,False,2026-08-19T00:37:32.560227+09:00
Truck Manager,4400.0,2.0,success,False,2026-08-19T00:38:32.004718+09:00
Truck Manual,390.0,22.0,success,False,2026-08-27T22:09:05.119901+09:00
Truck Marker,70.0,24.0,success,False,2026-08-23T13:26:55.054155+09:00
Truck Markup,,,failed,False,2026-08-23T16:37:52.353259+09:00
Truck Memo,,,failed,False,2026-08-21T00:35:39.216644+09:00
Truck Monitor,260.0,86.0,success,False,2026-08-19T00:38:40.592975+09:00
Truck Nexus,,,failed,False,2026-08-19T00:38:24.169663+09:00
Truck Note,140.0,2.0,success,False,2026-08-19T13:31:52.943506+09:00
Truck Notification,10.0,0.0,success,False,2026-08-27T22:46:48.643972+09:00
Truck Number,2900.0,4.0,success,False,2026-08-23T03:15:32.798139+09:00
Truck Office,1900.0,29.0,success,False,2026-08-19T00:36:36.073889+09:00
Truck Ops,110.0,2.0,success,False,2026-08-19T00:38:48.376369+09:00
Truck Order,390.0,14.0,success,False,2026-08-19T22:01:57.019761+09:00
Truck Overage,,,failed,False,2026-08-27T21:46:34.931324+09:00
Truck Path,880.0,43.0,success,False,2026-08-19T00:37:37.516387+09:00
Truck Payoff,,,failed,False,2026-08-27T21:46:30.971214+09:00
Truck Penalty,,,failed,False,2026-08-23T16:37:49.888860+09:00
Truck Petition,30.0,,success,False,2026-08-21T01:08:49.317162+09:00
Truck Plan,260.0,15.0,success,False,2026-08-21T01:59:50.051478+09:00
Truck Planner,260.0,15.0,success,False,2026-08-19T00:38:38.551550+09:00
Truck Playbook,,,failed,False,2026-08-19T00:38:50.428870+09:00
Truck Point,5400.0,13.0,success,False,2026-08-19T00:37:39.570439+09:00
Truck Portal,4400.0,2.0,success,False,2026-08-19T00:38:01.073734+09:00
Truck Preview,,,failed,False,2026-08-28T01:04:22.068071+09:00
Truck Profile,140.0,1.0,success,False,2026-08-19T13:32:09.131651+09:00
Truck Profit,30.0,3.0,success,False,2026-08-23T02:52:39.945062+09:00
Truck Proposal,20.0,0.0,success,False,2026-08-28T01:04:22.068071+09:00
Truck Queue,480.0,1.0,success,False,2026-08-19T21:19:03.809657+09:00
Truck Quota,,,failed,False,2026-08-21T00:35:46.572141+09:00
Truck Radar,320.0,14.0,success,False,2026-08-19T00:37:17.107740+09:00
Truck Rail,880.0,96.0,success,False,2026-08-19T00:38:13.320545+09:00
Truck Rank,170.0,17.0,success,False,2026-08-28T00:47:05.716612+09:00
Truck Rate,1000.0,12.0,success,False,2026-08-19T20:45:45.249853+09:00
Truck Recap,,,failed,False,2026-08-21T01:09:04.636561+09:00
Truck Receipt,110.0,37.0,success,False,2026-08-19T22:02:19.043714+09:00
Truck Redemption,,,failed,False,2026-08-23T16:37:54.537855+09:00
Truck Register,70.0,4.0,success,False,2026-08-19T00:38:45.524694+09:00
Truck Relay,170.0,92.0,success,False,2026-08-19T00:37:20.289190+09:00
Truck Reminder,,,failed,False,2026-08-19T21:18:14.475118+09:00
Truck Report,260.0,11.0,success,False,2026-08-19T13:30:45.657035+09:00
Truck Repository,,,failed,False,2026-08-27T23:12:05.738890+09:00
Truck Ring,170.0,10.0,success,False,2026-08-19T00:38:22.287042+09:00
Truck Roster,,,failed,False,2026-08-19T00:37:08.393662+09:00
Truck Route,3600.0,19.0,success,False,2026-08-19T00:38:10.697868+09:00
Truck Rule,170.0,0.0,success,False,2026-08-23T03:15:41.007114+09:00
Truck Sale,40500.0,42.0,success,False,2026-08-21T02:21:11.057858+09:00
Truck Scale,12100.0,33.0,success,False,2026-08-19T00:38:08.562035+09:00
Truck Scanner,1000.0,100.0,success,False,2026-08-27T23:54:04.696724+09:00
Truck Scope,,,failed,False,2026-08-19T00:37:32.560227+09:00
Truck Score,10.0,0.0,success,False,2026-08-19T13:31:44.608385+09:00
Truck Sheet,320.0,100.0,success,False,2026-08-19T13:31:17.650623+09:00
Truck Signal,3600.0,87.0,success,False,2026-08-19T00:37:28.610789+09:00
Truck Signature,10.0,0.0,success,False,2026-08-23T13:26:52.809343+09:00
Truck Slip,90.0,0.0,success,False,2026-08-19T22:03:08.515859+09:00
Truck Slot,70.0,15.0,success,False,2026-08-19T22:03:26.204468+09:00
Truck Stake,2400.0,53.0,success,False,2026-08-23T02:52:46.674301+09:00
Truck Stamp,90.0,60.0,success,False,2026-08-23T13:26:55.054155+09:00
Truck Statement,,,failed,False,2026-08-21T00:35:29.281212+09:00
Truck Station,1900.0,6.0,success,False,2026-08-19T00:37:53.742610+09:00
Truck Status,2900.0,0.0,success,True,2026-08-19T20:45:10.019254+09:00
Truck Studio,50.0,1.0,success,False,2026-08-19T00:37:50.207260+09:00
Truck Subsidy,30.0,2.0,success,False,2026-08-23T15:50:57.538266+09:00
Truck Sum,20.0,7.0,success,False,2026-08-21T02:20:53.673511+09:00
Truck Summary,,,failed,False,2026-08-19T21:17:55.830991+09:00
Truck Surtax,,,failed,False,2026-08-23T15:50:57.538266+09:00
Truck Tab,210.0,48.0,success,False,2026-08-21T00:35:57.334663+09:00
Truck Table,320.0,70.0,success,False,2026-08-19T22:02:50.225246+09:00
Truck Tag,480.0,75.0,success,False,2026-08-19T13:32:02.705004+09:00
Truck Tally,10.0,6.0,success,False,2026-08-21T00:35:31.431507+09:00
Truck Tariff,720.0,0.0,success,False,2026-08-21T02:37:11.292116+09:00
Truck Tax,480.0,15.0,success,False,2026-08-21T02:15:31.230859+09:00
Truck Terminal,4400.0,2.0,success,False,2026-08-19T00:37:55.750406+09:00
Truck Ticket,390.0,13.0,success,False,2026-08-19T21:18:51.088595+09:00
Truck Tier,90.0,29.0,success,False,2026-08-28T00:47:05.716612+09:00
Truck Timeline,10.0,0.0,success,False,2026-08-19T21:18:03.656517+09:00
Truck Timer,40.0,0.0,success,False,2026-08-28T00:23:47.118724+09:00
Truck Toll,390.0,13.0,success,False,2026-08-21T02:37:01.944995+09:00
Truck Toolbox,5400.0,100.0,success,False,2026-08-28T00:23:53.902588+09:00
Truck Total,90.0,3.0,success,False,2026-08-27T23:11:58.068235+09:00
Truck Tracker,4400.0,36.0,success,False,2026-08-19T00:37:10.693574+09:00
Truck Trail,1000.0,3.0,success,False,2026-08-19T00:38:15.765840+09:00
Truck Trial,2900.0,0.0,success,True,2026-08-27T21:14:54.146372+09:00
Truck Unit,390.0,10.0,success,False,2026-08-21T01:59:47.241476+09:00
Truck Update,170.0,4.0,success,False,2026-08-19T20:45:50.851524+09:00
Truck Value,4400.0,64.0,success,False,2026-08-23T02:52:43.639669+09:00
Truck Vault,3600.0,80.0,success,False,2026-08-19T00:37:21.857423+09:00
Truck Version,40.0,13.0,success,False,2026-08-23T03:15:35.333103+09:00
Truck View,260.0,1.0,success,False,2026-08-19T20:45:14.737555+09:00
Truck Voucher,20.0,4.0,success,False,2026-08-21T00:35:19.738516+09:00
Truck Wave,170.0,3.0,success,False,2026-08-19T00:37:37.516387+09:00
Truck Widget,,,failed,False,2026-08-27T23:12:02.088858+09:00
Truck Worksheet,50.0,1.0,success,False,2026-08-27T22:09:07.960139+09:00
Truck Workshop,1900.0,6.0,success,False,2026-08-28T00:23:47.118724+09:00
Truck Zone,27100.0,5.0,success,False,2026-08-19T00:37:59.032888+09:00
Tuition Advance,,,failed,False,2026-08-23T16:16:43.466007+09:00
Tuition Advisory,,,failed,False,2026-08-21T01:03:20.927802+09:00
Tuition Allowance,20.0,0.0,success,False,2026-08-21T02:42:47.286881+09:00
Tuition Almanac,,,failed,False,2026-08-18T22:12:02.089704+09:00
Tuition Analyzer,,,failed,False,2026-08-27T23:51:07.494975+09:00
Tuition Anchor,,,failed,False,2026-08-17T20:43:32.566232+09:00
Tuition Announcement,110.0,0.0,success,False,2026-08-27T23:31:14.136748+09:00
Tuition Arrears,,,failed,False,2026-08-23T16:16:41.227574+09:00
Tuition Asset,,,failed,False,2026-08-23T13:48:08.634446+09:00
Tuition Assistant,70.0,10.0,success,False,2026-08-17T23:27:53.024871+09:00
Tuition Atlas,,,failed,False,2026-08-17T20:34:17.127214+09:00
Tuition Attribute,,,failed,False,2026-08-23T13:08:53.842629+09:00
Tuition Badge,,,failed,False,2026-08-21T00:29:43.441391+09:00
Tuition Balance,70.0,1.0,success,False,2026-08-23T13:48:06.578216+09:00
Tuition Base,210.0,3.0,success,False,2026-08-18T07:53:01.701423+09:00
Tuition Beacon,,,failed,False,2026-08-17T20:47:28.313560+09:00
Tuition Bill,480.0,1.0,success,False,2026-08-19T21:50:41.490993+09:00
Tuition Blueprint,,,failed,False,2026-08-18T22:11:49.715981+09:00
Tuition Board,1600.0,1.0,success,False,2026-08-17T21:38:05.775829+09:00
Tuition Book,880.0,0.0,success,False,2026-08-19T21:51:34.255432+09:00
Tuition Bridge,,,failed,False,2026-08-17T20:44:23.108645+09:00
Tuition Brief,,,failed,False,2026-08-21T01:03:12.514083+09:00
Tuition Bulletin,,,failed,False,2026-08-21T01:03:06.374945+09:00
Tuition Calculator,1900.0,7.0,success,False,2026-08-27T23:31:16.874593+09:00
Tuition Calendar,30.0,0.0,success,False,2026-08-19T00:05:27.512092+09:00
Tuition Card,170.0,1.0,success,False,2026-08-19T13:38:30.096101+09:00
Tuition Cascade,,,failed,False,2026-08-17T20:45:26.162726+09:00
Tuition Cash,,,failed,False,2026-08-21T02:27:13.658425+09:00
Tuition Cashback,,,failed,False,2026-08-27T21:19:33.782503+09:00
Tuition Catalog,,,failed,False,2026-08-19T21:07:23.410704+09:00
Tuition Category,10.0,0.0,success,False,2026-08-23T13:08:51.704947+09:00
Tuition Center,9900.0,3.0,success,False,2026-08-17T21:31:39.058447+09:00
Tuition Chain,,,failed,False,2026-08-17T20:38:58.199942+09:00
Tuition Charge,1000.0,1.0,success,False,2026-08-21T02:42:39.559962+09:00
Tuition Check,70.0,0.0,success,False,2026-08-19T13:39:03.234764+09:00
Tuition Checker,20.0,23.0,success,False,2026-08-27T23:51:00.030552+09:00
Tuition Checklist,,,failed,False,2026-08-19T21:06:31.890613+09:00
Tuition Circular,,,failed,False,2026-08-21T01:03:16.580684+09:00
Tuition Cockpit,,,failed,False,2026-08-17T23:13:11.418966+09:00
Tuition Code,30.0,0.0,success,False,2026-08-19T21:51:01.436792+09:00
Tuition Codex,,,failed,False,2026-08-18T22:12:17.661018+09:00
Tuition Companion,,,failed,False,2026-08-17T23:29:20.352796+09:00
Tuition Comparison,320.0,1.0,success,False,2026-08-28T01:02:04.540661+09:00
Tuition Compass,,,failed,False,2026-08-17T20:49:39.030080+09:00
Tuition Compendium,,,failed,False,2026-08-18T22:12:08.779533+09:00
Tuition Confirmation,,,failed,False,2026-08-21T01:03:30.050919+09:00
Tuition Console,,,failed,False,2026-08-17T20:46:53.844827+09:00
Tuition Contribution,,,failed,False,2026-08-23T16:16:41.227574+09:00
Tuition Converter,,,failed,False,2026-08-27T23:31:21.274329+09:00
Tuition Core,,,failed,False,2026-08-17T21:41:34.183941+09:00
Tuition Cost,4400.0,0.0,success,True,2026-08-21T02:11:23.948204+09:00
Tuition Counter,,,failed,False,2026-08-18T23:57:42.935137+09:00
Tuition Coupon,,,failed,False,2026-08-27T21:19:31.239406+09:00
Tuition Dashboard,,,failed,False,2026-08-17T23:29:03.554808+09:00
Tuition Deal,,,failed,False,2026-08-21T01:55:54.849778+09:00
Tuition Debt,70.0,1.0,success,False,2026-08-21T02:27:02.067893+09:00
Tuition Deck,,,failed,False,2026-08-17T21:36:54.710856+09:00
Tuition Depot,,,failed,False,2026-08-18T23:57:22.753165+09:00
Tuition Desk,70.0,30.0,success,False,2026-08-17T21:34:20.474166+09:00
Tuition Detail,,,failed,False,2026-08-23T03:22:09.250404+09:00
Tuition Detector,,,failed,False,2026-08-27T23:51:04.044510+09:00
Tuition Dial,,,failed,False,2026-08-17T20:44:46.784780+09:00
Tuition Digest,,,failed,False,2026-08-19T20:37:45.715949+09:00
Tuition Directory,10.0,34.0,success,False,2026-08-19T00:05:31.654702+09:00
Tuition Discount,210.0,2.0,success,False,2026-08-23T16:16:38.945846+09:00
Tuition Dock,,,failed,False,2026-08-17T20:41:22.469867+09:00
Tuition Dossier,,,failed,False,2026-08-21T01:03:36.375895+09:00
Tuition Downpayment,,,failed,False,2026-08-27T21:50:32.673191+09:00
Tuition Draft,,,failed,False,2026-08-19T20:37:59.201045+09:00
Tuition Due,140.0,1.0,success,False,2026-08-23T15:52:46.857399+09:00
Tuition Duty,,,failed,False,2026-08-21T02:42:41.863985+09:00
Tuition Endowment,,,failed,False,2026-08-23T15:52:50.933121+09:00
Tuition Engine,,,failed,False,2026-08-17T23:09:57.644305+09:00
Tuition Entry,,,failed,False,2026-08-21T01:03:48.837789+09:00
Tuition Estimate,70.0,1.0,success,False,2026-08-19T21:07:11.433627+09:00
Tuition Estimator,590.0,4.0,success,False,2026-08-27T23:50:54.897553+09:00
Tuition Excerpt,,,failed,False,2026-08-21T01:03:43.052088+09:00
Tuition Extension,10.0,0.0,success,False,2026-08-23T16:40:11.516867+09:00
Tuition Fare,,,failed,False,2026-08-21T02:11:30.479876+09:00
Tuition Fee,40500.0,0.0,success,True,2026-08-21T01:55:44.868962+09:00
Tuition Feed,40500.0,0.0,success,True,2026-08-19T20:37:52.054454+09:00
Tuition Field,,,failed,False,2026-08-23T13:08:58.766460+09:00
Tuition File,10.0,0.0,success,False,2026-08-19T20:49:35.865635+09:00
Tuition Finder,390.0,4.0,success,False,2026-08-18T23:57:13.406878+09:00
Tuition Fine,,,failed,False,2026-08-23T02:57:04.274468+09:00
Tuition Flag,,,failed,False,2026-08-21T00:30:32.235715+09:00
Tuition Flow,,,failed,False,2026-08-17T21:37:32.627735+09:00
Tuition Forge,,,failed,False,2026-08-17T20:46:16.531586+09:00
Tuition Form,260.0,0.0,success,False,2026-08-19T13:38:17.915581+09:00
Tuition Format,90.0,0.0,success,False,2026-08-23T13:09:00.936814+09:00
Tuition Frame,10.0,1.0,success,False,2026-08-17T20:31:35.680631+09:00
Tuition Fund,140.0,11.0,success,False,2026-08-21T02:27:08.024014+09:00
Tuition Gate,10.0,0.0,success,False,2026-08-17T20:36:08.746361+09:00
Tuition Generator,,,failed,False,2026-08-27T23:31:24.795366+09:00
Tuition Giveaway,40.0,19.0,success,False,2026-08-27T21:19:40.666664+09:00
Tuition Grade,,,failed,False,2026-08-21T00:30:11.509086+09:00
Tuition Graph,10.0,0.0,success,False,2026-08-27T22:15:03.740456+09:00
Tuition Grid,,,failed,False,2026-08-17T20:39:21.363517+09:00
Tuition Guarantee,90.0,8.0,success,False,2026-08-28T01:02:10.416954+09:00
Tuition Guard,30.0,21.0,success,False,2026-08-18T07:52:35.571361+09:00
Tuition Guardian,30.0,14.0,success,False,2026-08-28T00:21:17.081309+09:00
Tuition Guidebook,,,failed,False,2026-08-18T22:11:34.911588+09:00
Tuition Helpdesk,,,failed,False,2026-08-27T22:51:44.321364+09:00
Tuition Helper,20.0,2.0,success,False,2026-08-28T00:21:22.221803+09:00
Tuition History,20.0,7.0,success,False,2026-08-19T20:49:28.954845+09:00
Tuition Hotline,,,failed,False,2026-08-19T21:07:33.171957+09:00
Tuition Hub,1300.0,5.0,success,False,2026-08-17T21:36:28.444275+09:00
Tuition Identifier,,,failed,False,2026-08-23T13:08:48.797339+09:00
Tuition Incentive,,,failed,False,2026-08-27T21:19:36.835808+09:00
Tuition Index,,,failed,False,2026-08-19T21:06:41.039569+09:00
Tuition Insight,,,failed,False,2026-08-17T23:06:06.115551+09:00
Tuition Installment,20.0,1.0,success,False,2026-08-23T16:16:41.227574+09:00
Tuition Item,,,failed,False,2026-08-21T01:55:46.721069+09:00
Tuition Journal,,,failed,False,2026-08-18T22:11:16.114719+09:00
Tuition Keeper,,,failed,False,2026-08-17T20:32:08.584337+09:00
Tuition Lab,40.0,19.0,success,False,2026-08-17T21:34:53.019649+09:00
Tuition Label,,,failed,False,2026-08-27T22:15:06.045574+09:00
Tuition Ledger,,,failed,False,2026-08-17T21:39:34.435552+09:00
Tuition Lens,,,failed,False,2026-08-17T20:32:46.505342+09:00
Tuition Level,10.0,0.0,success,False,2026-08-19T20:37:14.893241+09:00
Tuition Levy,,,failed,False,2026-08-23T13:48:08.634446+09:00
Tuition Link,20.0,6.0,success,False,2026-08-23T03:22:01.031781+09:00
Tuition List,30.0,4.0,success,False,2026-08-19T21:51:13.518825+09:00
Tuition Loan,720.0,42.0,success,False,2026-08-21T02:11:38.732794+09:00
Tuition Lock,20.0,13.0,success,False,2026-08-17T20:34:42.726088+09:00
Tuition Log,10.0,2.0,success,False,2026-08-19T13:37:57.164882+09:00
Tuition Loop,,,failed,False,2026-08-17T20:40:17.203996+09:00
Tuition Manager,50.0,16.0,success,False,2026-08-18T07:52:06.675931+09:00
Tuition Manual,,,failed,False,2026-08-27T22:15:12.426690+09:00
Tuition Map,20.0,0.0,success,False,2026-08-17T20:33:48.971139+09:00
Tuition Margin,,,failed,False,2026-08-23T02:57:01.992920+09:00
Tuition Markup,,,failed,False,2026-08-23T16:40:11.516867+09:00
Tuition Memo,,,failed,False,2026-08-21T00:30:19.986675+09:00
Tuition Message,2900.0,0.0,success,True,2026-08-27T23:16:53.480733+09:00
Tuition Meter,,,failed,False,2026-08-17T20:44:01.266186+09:00
Tuition Metrics,,,failed,False,2026-08-17T23:28:43.740452+09:00
Tuition Monitor,10.0,0.0,success,False,2026-08-17T23:28:22.691550+09:00
Tuition Navigator,,,failed,False,2026-08-17T23:07:56.377169+09:00
Tuition Nexus,,,failed,False,2026-08-17T20:35:09.040915+09:00
Tuition Node,,,failed,False,2026-08-17T20:37:05.313557+09:00
Tuition Note,14800.0,0.0,success,True,2026-08-19T13:39:37.773489+09:00
Tuition Notification,,,failed,False,2026-08-27T22:51:39.171829+09:00
Tuition Number,70.0,5.0,success,False,2026-08-23T03:21:54.482997+09:00
Tuition Office,70.0,1.0,success,False,2026-08-18T23:57:31.846586+09:00
Tuition Ops,,,failed,False,2026-08-17T23:29:37.041815+09:00
Tuition Order,,,failed,False,2026-08-19T21:50:30.697464+09:00
Tuition Organizer,,,failed,False,2026-08-17T23:11:32.053287+09:00
Tuition Overage,,,failed,False,2026-08-27T21:50:29.028381+09:00
Tuition Overdraft,,,failed,False,2026-08-23T15:52:48.928193+09:00
Tuition Overdue,,,failed,False,2026-08-27T21:50:22.560575+09:00
Tuition Panel,,,failed,False,2026-08-17T20:45:50.172264+09:00
Tuition Pass,10.0,0.0,success,False,2026-08-21T00:29:30.583044+09:00
Tuition Path,,,failed,False,2026-08-17T20:36:39.507807+09:00
Tuition Payoff,10.0,25.0,success,False,2026-08-27T21:50:26.760837+09:00
Tuition Penalty,,,failed,False,2026-08-23T16:40:11.516867+09:00
Tuition Petition,10.0,0.0,success,False,2026-08-21T01:03:25.375031+09:00
Tuition Pilot,140.0,3.0,success,False,2026-08-17T21:35:22.295985+09:00
Tuition Plan,90.0,6.0,success,False,2026-08-21T01:55:51.234317+09:00
Tuition Planner,90.0,6.0,success,False,2026-08-17T23:04:17.256447+09:00
Tuition Playbook,,,failed,False,2026-08-18T22:11:07.698009+09:00
Tuition Point,2900.0,2.0,success,False,2026-08-17T20:35:40.356029+09:00
Tuition Portal,90.0,14.0,success,False,2026-08-17T20:48:13.207047+09:00
Tuition Preview,,,failed,False,2026-08-28T01:02:07.599938+09:00
Tuition Profile,40.0,0.0,success,False,2026-08-19T13:40:05.769727+09:00
Tuition Profit,,,failed,False,2026-08-23T02:56:50.179026+09:00
Tuition Proposal,,,failed,False,2026-08-28T01:02:07.599938+09:00
Tuition Pulse,,,failed,False,2026-08-17T20:38:31.317013+09:00
Tuition Queue,,,failed,False,2026-08-19T21:07:00.753456+09:00
Tuition Quota,,,failed,False,2026-08-21T00:30:25.028648+09:00
Tuition Radar,,,failed,False,2026-08-17T21:33:19.243075+09:00
Tuition Rail,,,failed,False,2026-08-17T20:40:42.163784+09:00
Tuition Rate,1000.0,1.0,success,False,2026-08-19T20:37:28.019595+09:00
Tuition Recap,,,failed,False,2026-08-21T01:03:38.520377+09:00
Tuition Receipt,2400.0,3.0,success,False,2026-08-19T21:50:52.634082+09:00
Tuition Recorder,,,failed,False,2026-08-27T23:31:24.795366+09:00
Tuition Redemption,,,failed,False,2026-08-23T16:40:11.516867+09:00
Tuition Register,320.0,2.0,success,False,2026-08-17T23:14:48.085579+09:00
Tuition Registry,,,failed,False,2026-08-18T22:11:43.174107+09:00
Tuition Relay,,,failed,False,2026-08-17T21:32:15.070878+09:00
Tuition Reminder,40.0,0.0,success,False,2026-08-19T21:06:20.590100+09:00
Tuition Report,20.0,0.0,success,False,2026-08-19T13:37:46.745101+09:00
Tuition Repository,,,failed,False,2026-08-27T23:09:53.622041+09:00
Tuition Roadmap,,,failed,False,2026-08-18T22:12:23.623332+09:00
Tuition Roster,,,failed,False,2026-08-19T00:37:37.516387+09:00
Tuition Route,,,failed,False,2026-08-17T20:42:12.704128+09:00
Tuition Rule,10.0,0.0,success,False,2026-08-23T03:22:06.290002+09:00
Tuition Sale,10.0,54.0,success,False,2026-08-21T02:27:17.411779+09:00
Tuition Scale,,,failed,False,2026-08-17T20:43:08.098438+09:00
Tuition Scheduler,,,failed,False,2026-08-17T23:28:07.981645+09:00
Tuition Scope,,,failed,False,2026-08-17T20:41:03.029394+09:00
Tuition Score,,,failed,False,2026-08-19T13:39:22.411617+09:00
Tuition Sentry,,,failed,False,2026-08-17T20:33:21.754611+09:00
Tuition Sheet,10.0,0.0,success,False,2026-08-19T13:38:55.423036+09:00
Tuition Shortfall,,,failed,False,2026-08-27T21:50:34.815891+09:00
Tuition Signal,,,failed,False,2026-08-17T20:42:40.071307+09:00
Tuition Signature,,,failed,False,2026-08-23T13:28:03.127667+09:00
Tuition Slip,140.0,0.0,success,False,2026-08-19T21:51:45.660208+09:00
Tuition Slot,,,failed,False,2026-08-19T21:52:10.666614+09:00
Tuition Snapshot,,,failed,False,2026-08-18T22:11:27.427914+09:00
Tuition Stake,,,failed,False,2026-08-23T02:56:59.964563+09:00
Tuition Stamp,,,failed,False,2026-08-23T13:28:03.127667+09:00
Tuition Statement,480.0,1.0,success,False,2026-08-21T00:29:58.685573+09:00
Tuition Station,40.0,1.0,success,False,2026-08-17T21:33:45.075228+09:00
Tuition Status,90.0,0.0,success,False,2026-08-19T20:49:19.848949+09:00
Tuition Stipend,20.0,0.0,success,False,2026-08-23T13:48:10.648745+09:00
Tuition Stub,,,failed,False,2026-08-21T00:29:50.648703+09:00
Tuition Studio,30.0,7.0,success,False,2026-08-17T21:35:54.911296+09:00
Tuition Subsidy,110.0,3.0,success,False,2026-08-23T15:52:48.928193+09:00
Tuition Suite,,,failed,False,2026-08-17T23:27:41.420797+09:00
Tuition Sum,,,failed,False,2026-08-21T02:26:59.463760+09:00
Tuition Summary,,,failed,False,2026-08-19T21:05:57.473217+09:00
Tuition Surtax,,,failed,False,2026-08-23T15:52:50.933121+09:00
Tuition Sync,,,failed,False,2026-08-17T21:38:40.825363+09:00
Tuition Tab,50.0,0.0,success,False,2026-08-21T00:30:39.454023+09:00
Tuition Table,480.0,48.0,success,False,2026-08-19T21:51:23.149370+09:00
Tuition Tag,10.0,0.0,success,False,2026-08-19T13:39:51.910868+09:00
Tuition Tally,,,failed,False,2026-08-21T00:30:03.627747+09:00
Tuition Tariff,,,failed,False,2026-08-21T02:42:51.701755+09:00
Tuition Tax,210.0,1.0,success,False,2026-08-21T02:11:34.732367+09:00
Tuition Ticket,,,failed,False,2026-08-19T21:06:49.674751+09:00
Tuition Tier,,,failed,False,2026-08-28T00:45:49.582364+09:00
Tuition Timeline,,,failed,False,2026-08-19T21:06:08.303688+09:00
Tuition Timer,,,failed,False,2026-08-28T00:21:11.601666+09:00
Tuition Toll,,,failed,False,2026-08-21T02:42:44.475010+09:00
Tuition Toolbox,,,failed,False,2026-08-28T00:21:19.709791+09:00
Tuition Toolkit,,,failed,False,2026-08-18T22:10:59.912583+09:00
Tuition Total,,,failed,False,2026-08-27T23:16:56.229281+09:00
Tuition Tracker,3600.0,1.0,success,False,2026-08-17T21:40:59.899740+09:00
Tuition Trail,,,failed,False,2026-08-17T20:39:51.023967+09:00
Tuition Trend,70.0,0.0,success,False,2026-08-28T01:02:04.540661+09:00
Tuition Trial,,,failed,False,2026-08-27T21:19:33.782503+09:00
Tuition Unit,,,failed,False,2026-08-21T01:55:41.069694+09:00
Tuition Update,,,failed,False,2026-08-19T20:37:37.988161+09:00
Tuition Value,,,failed,False,2026-08-23T02:56:53.736848+09:00
Tuition Vault,,,failed,False,2026-08-17T21:31:00.206645+09:00
Tuition Version,,,failed,False,2026-08-23T03:21:56.707046+09:00
Tuition View,,,failed,False,2026-08-19T20:49:25.973595+09:00
Tuition Voucher,50.0,2.0,success,False,2026-08-21T00:29:35.718141+09:00
Tuition Wallet,,,failed,False,2026-08-27T22:51:42.060485+09:00
Tuition Watch,50.0,0.0,success,False,2026-08-17T20:41:53.253624+09:00
Tuition Wave,10.0,0.0,success,False,2026-08-17T20:37:34.472176+09:00
Tuition Widget,,,failed,False,2026-08-27T23:17:00.312671+09:00
Tuition Workbench,,,failed,False,2026-08-18T22:10:53.801114+09:00
Tuition Worksheet,20.0,0.0,success,False,2026-08-27T22:15:17.446247+09:00
Tuition Workshop,,,failed,False,2026-08-28T00:21:14.040617+09:00
Tuition Zone,260.0,6.0,success,False,2026-08-17T21:30:27.922058+09:00
Turbidity Advisory,,,failed,False,2026-08-21T01:05:46.512536+09:00
Turbidity Alert,,,failed,False,2026-08-19T21:14:29.704334+09:00
Turbidity Allowance,,,failed,False,2026-08-21T02:38:00.530165+09:00
Turbidity Analyzer,480.0,46.0,success,False,2026-08-27T23:53:34.112900+09:00
Turbidity Assistant,,,failed,False,2026-08-19T21:08:58.951614+09:00
Turbidity Atlas,,,failed,False,2026-08-19T21:08:15.358718+09:00
Turbidity Attribute,,,failed,False,2026-08-23T13:07:02.783000+09:00
Turbidity Badge,,,failed,False,2026-08-21T00:30:34.487987+09:00
Turbidity Base,,,failed,False,2026-08-19T21:04:08.048540+09:00
Turbidity Bay,,,failed,False,2026-08-19T21:12:48.974552+09:00
Turbidity Beacon,,,failed,False,2026-08-19T21:31:01.684338+09:00
Turbidity Bill,,,failed,False,2026-08-19T22:07:21.096531+09:00
Turbidity Bin,,,failed,False,2026-08-19T21:14:51.947092+09:00
Turbidity Board,,,failed,False,2026-08-19T21:04:47.167430+09:00
Turbidity Book,,,failed,False,2026-08-19T21:46:23.560668+09:00
Turbidity Booth,,,failed,False,2026-08-19T21:12:17.710681+09:00
Turbidity Brief,,,failed,False,2026-08-21T01:05:39.127217+09:00
Turbidity Bulletin,,,failed,False,2026-08-21T01:05:29.532542+09:00
Turbidity Calculator,10.0,0.0,success,False,2026-08-27T23:33:18.763574+09:00
Turbidity Calendar,,,failed,False,2026-08-19T21:11:00.361566+09:00
Turbidity Card,170.0,0.0,success,False,2026-08-19T21:16:46.731573+09:00
Turbidity Cash,,,failed,False,2026-08-21T02:31:03.884559+09:00
Turbidity Category,,,failed,False,2026-08-23T13:07:02.783000+09:00
Turbidity Chain,,,failed,False,2026-08-19T21:07:36.739108+09:00
Turbidity Charge,,,failed,False,2026-08-21T02:37:45.273746+09:00
Turbidity Chart,210.0,0.0,success,False,2026-08-19T21:14:40.806707+09:00
Turbidity Check,20.0,39.0,success,False,2026-08-19T21:17:13.210771+09:00
Turbidity Checker,,,failed,False,2026-08-27T23:53:23.914629+09:00
Turbidity Circular,,,failed,False,2026-08-21T01:05:43.113119+09:00
Turbidity Code,,,failed,False,2026-08-19T22:07:52.466558+09:00
Turbidity Companion,,,failed,False,2026-08-19T21:09:50.193216+09:00
Turbidity Comparison,10.0,0.0,success,False,2026-08-28T01:04:42.727086+09:00
Turbidity Compass,,,failed,False,2026-08-19T21:30:51.810974+09:00
Turbidity Confirmation,,,failed,False,2026-08-21T01:06:02.674001+09:00
Turbidity Console,,,failed,False,2026-08-19T21:06:35.637376+09:00
Turbidity Converter,,,failed,False,2026-08-27T23:33:18.763574+09:00
Turbidity Core,,,failed,False,2026-08-19T21:04:19.743151+09:00
Turbidity Cost,,,failed,False,2026-08-21T02:14:10.459291+09:00
Turbidity Counter,,,failed,False,2026-08-19T21:11:55.349483+09:00
Turbidity Deal,,,failed,False,2026-08-21T01:58:02.709797+09:00
Turbidity Debt,,,failed,False,2026-08-21T02:30:59.342931+09:00
Turbidity Deck,,,failed,False,2026-08-19T21:04:59.839669+09:00
Turbidity Desk,,,failed,False,2026-08-19T21:30:22.896569+09:00
Turbidity Detail,,,failed,False,2026-08-23T03:18:14.803596+09:00
Turbidity Detector,20.0,52.0,success,False,2026-08-27T23:53:29.478686+09:00
Turbidity Diagram,210.0,0.0,success,False,2026-08-27T22:15:29.214068+09:00
Turbidity Digest,,,failed,False,2026-08-19T21:19:19.264899+09:00
Turbidity Directory,,,failed,False,2026-08-19T21:11:11.315009+09:00
Turbidity Dossier,,,failed,False,2026-08-21T01:06:05.335895+09:00
Turbidity Downpayment,,,failed,False,2026-08-27T21:50:42.355855+09:00
Turbidity Draft,,,failed,False,2026-08-19T21:19:44.972350+09:00
Turbidity Duty,,,failed,False,2026-08-21T02:37:48.956315+09:00
Turbidity Engine,,,failed,False,2026-08-19T21:08:48.624997+09:00
Turbidity Entry,,,failed,False,2026-08-21T01:06:17.673460+09:00
Turbidity Estimate,,,failed,False,2026-08-19T21:29:53.324584+09:00
Turbidity Estimator,,,failed,False,2026-08-27T23:53:23.914629+09:00
Turbidity Excerpt,,,failed,False,2026-08-21T01:06:13.819084+09:00
Turbidity Fare,,,failed,False,2026-08-21T02:14:16.325639+09:00
Turbidity Fee,,,failed,False,2026-08-21T01:57:44.659244+09:00
Turbidity Feed,,,failed,False,2026-08-19T21:19:32.635751+09:00
Turbidity File,,,failed,False,2026-08-19T21:18:30.637363+09:00
Turbidity Finder,,,failed,False,2026-08-19T21:11:31.992305+09:00
Turbidity Fine,,,failed,False,2026-08-23T02:53:54.584586+09:00
Turbidity Flag,,,failed,False,2026-08-21T00:31:17.519824+09:00
Turbidity Flow,2400.0,0.0,success,True,2026-08-19T21:30:07.251599+09:00
Turbidity Form,,,failed,False,2026-08-19T21:16:33.965835+09:00
Turbidity Format,,,failed,False,2026-08-23T13:07:07.950459+09:00
Turbidity Frame,,,failed,False,2026-08-19T21:03:55.204280+09:00
Turbidity Fund,,,failed,False,2026-08-21T02:31:01.801994+09:00
Turbidity Gate,,,failed,False,2026-08-19T21:07:57.029357+09:00
Turbidity Grade,,,failed,False,2026-08-21T00:30:57.917323+09:00
Turbidity Graph,50.0,0.0,success,False,2026-08-27T22:15:19.748218+09:00
Turbidity Grid,,,failed,False,2026-08-19T21:32:03.032645+09:00
Turbidity Guarantee,,,failed,False,2026-08-28T01:04:49.164769+09:00
Turbidity Guardian,,,failed,False,2026-08-28T00:23:32.387348+09:00
Turbidity Helpdesk,,,failed,False,2026-08-27T22:45:05.269508+09:00
Turbidity Helper,,,failed,False,2026-08-28T00:23:37.982808+09:00
Turbidity History,,,failed,False,2026-08-19T21:18:19.882315+09:00
Turbidity Hub,,,failed,False,2026-08-19T21:30:14.177717+09:00
Turbidity Identifier,,,failed,False,2026-08-23T13:07:00.691919+09:00
Turbidity Inbox,,,failed,False,2026-08-19T21:14:19.651241+09:00
Turbidity Index,50.0,0.0,success,False,2026-08-19T21:29:38.081788+09:00
Turbidity Item,,,failed,False,2026-08-21T01:57:50.113408+09:00
Turbidity Journal,10.0,0.0,success,False,2026-08-19T21:10:38.305423+09:00
Turbidity Keeper,,,failed,False,2026-08-19T21:08:25.447867+09:00
Turbidity Kiosk,,,failed,False,2026-08-19T21:12:30.069108+09:00
Turbidity Kit,30.0,91.0,success,False,2026-08-27T22:44:57.466905+09:00
Turbidity Lab,10.0,5.0,success,False,2026-08-19T21:05:24.897505+09:00
Turbidity Ledger,,,failed,False,2026-08-19T21:04:33.210036+09:00
Turbidity Level,320.0,0.0,success,False,2026-08-19T21:18:40.810817+09:00
Turbidity Line,,,failed,False,2026-08-19T21:15:40.357740+09:00
Turbidity Link,,,failed,False,2026-08-23T03:18:07.042470+09:00
Turbidity List,,,failed,False,2026-08-19T21:45:58.620929+09:00
Turbidity Loan,,,failed,False,2026-08-21T02:14:19.948102+09:00
Turbidity Locator,,,failed,False,2026-08-19T21:11:21.991848+09:00
Turbidity Locker,,,failed,False,2026-08-19T21:12:05.902513+09:00
Turbidity Log,,,failed,False,2026-08-19T21:16:23.704707+09:00
Turbidity Loop,,,failed,False,2026-08-19T21:31:56.342454+09:00
Turbidity Manager,,,failed,False,2026-08-19T21:08:37.744349+09:00
Turbidity Manual,,,failed,False,2026-08-27T22:15:25.153546+09:00
Turbidity Map,,,failed,False,2026-08-19T21:03:41.880915+09:00
Turbidity Margin,,,failed,False,2026-08-23T02:53:52.134740+09:00
Turbidity Memo,,,failed,False,2026-08-21T00:31:05.602481+09:00
Turbidity Message,,,failed,False,2026-08-27T23:10:47.155079+09:00
Turbidity Monitor,170.0,98.0,success,False,2026-08-19T21:09:36.551386+09:00
Turbidity Nexus,,,failed,False,2026-08-19T21:08:05.171033+09:00
Turbidity Note,,,failed,False,2026-08-19T21:17:33.160544+09:00
Turbidity Notification,,,failed,False,2026-08-27T22:44:52.843533+09:00
Turbidity Number,,,failed,False,2026-08-23T03:18:00.174345+09:00
Turbidity Order,,,failed,False,2026-08-19T22:07:10.998735+09:00
Turbidity Outpost,,,failed,False,2026-08-19T21:13:15.643031+09:00
Turbidity Overage,,,failed,False,2026-08-27T21:50:39.210391+09:00
Turbidity Overdue,,,failed,False,2026-08-27T21:50:37.116413+09:00
Turbidity Panel,,,failed,False,2026-08-19T21:06:44.412093+09:00
Turbidity Pass,,,failed,False,2026-08-21T00:30:22.823388+09:00
Turbidity Passport,,,failed,False,2026-08-19T21:15:06.542256+09:00
Turbidity Path,,,failed,False,2026-08-19T21:32:21.399233+09:00
Turbidity Payoff,,,failed,False,2026-08-27T21:50:37.116413+09:00
Turbidity Penalty,,,failed,False,2026-08-23T16:40:05.179166+09:00
Turbidity Petition,,,failed,False,2026-08-21T01:05:55.165491+09:00
Turbidity Plan,,,failed,False,2026-08-21T01:57:57.210014+09:00
Turbidity Planner,,,failed,False,2026-08-19T21:09:13.421479+09:00
Turbidity Playbook,,,failed,False,2026-08-19T21:10:27.505284+09:00
Turbidity Point,20.0,0.0,success,False,2026-08-19T21:03:27.831086+09:00
Turbidity Portal,,,failed,False,2026-08-19T21:06:25.471396+09:00
Turbidity Preview,,,failed,False,2026-08-28T01:04:46.455885+09:00
Turbidity Profile,,,failed,False,2026-08-19T21:17:51.663250+09:00
Turbidity Profit,,,failed,False,2026-08-23T02:53:42.896171+09:00
Turbidity Proposal,,,failed,False,2026-08-28T01:04:46.455885+09:00
Turbidity Quota,,,failed,False,2026-08-21T00:31:12.375379+09:00
Turbidity Radar,,,failed,False,2026-08-19T21:30:28.519556+09:00
Turbidity Rate,,,failed,False,2026-08-19T21:18:56.938365+09:00
Turbidity Recap,,,failed,False,2026-08-21T01:06:10.948985+09:00
Turbidity Receipt,,,failed,False,2026-08-19T22:07:32.899948+09:00
Turbidity Recorder,,,failed,False,2026-08-27T23:33:18.763574+09:00
Turbidity Register,,,failed,False,2026-08-19T21:10:05.581791+09:00
Turbidity Registry,,,failed,False,2026-08-19T21:10:50.221080+09:00
Turbidity Relay,,,failed,False,2026-08-19T21:30:36.862882+09:00
Turbidity Reminder,,,failed,False,2026-08-19T21:29:30.457441+09:00
Turbidity Report,10.0,1.0,success,False,2026-08-19T21:16:11.566322+09:00
Turbidity Result,,,failed,False,2026-08-28T00:47:05.716612+09:00
Turbidity Ring,,,failed,False,2026-08-19T21:07:47.829296+09:00
Turbidity Roll,,,failed,False,2026-08-19T21:16:00.282567+09:00
Turbidity Roster,,,failed,False,2026-08-19T21:14:09.280828+09:00
Turbidity Rule,,,failed,False,2026-08-23T03:18:09.441113+09:00
Turbidity Sale,,,failed,False,2026-08-21T02:20:53.673511+09:00
Turbidity Sample,,,failed,False,2026-08-19T21:46:45.064278+09:00
Turbidity Scale,320.0,5.0,success,False,2026-08-19T21:06:52.977513+09:00
Turbidity Scanner,,,failed,False,2026-08-27T23:53:26.856284+09:00
Turbidity Scheduler,,,failed,False,2026-08-19T21:09:25.998389+09:00
Turbidity Scope,,,failed,False,2026-08-19T21:31:50.558670+09:00
Turbidity Score,,,failed,False,2026-08-19T21:17:23.744501+09:00
Turbidity Sheet,,,failed,False,2026-08-19T21:16:59.496910+09:00
Turbidity Shortfall,,,failed,False,2026-08-27T21:50:42.355855+09:00
Turbidity Signal,,,failed,False,2026-08-19T21:31:31.502788+09:00
Turbidity Slip,,,failed,False,2026-08-19T21:46:35.740872+09:00
Turbidity Slot,,,failed,False,2026-08-19T21:46:58.234898+09:00
Turbidity Stake,,,failed,False,2026-08-23T02:53:47.851129+09:00
Turbidity Statement,,,failed,False,2026-08-21T00:30:46.553076+09:00
Turbidity Station,10.0,,success,False,2026-08-19T21:05:37.228592+09:00
Turbidity Status,,,failed,False,2026-08-19T21:17:59.528469+09:00
Turbidity Stub,,,failed,False,2026-08-21T00:30:41.620130+09:00
Turbidity Sum,,,failed,False,2026-08-21T02:30:57.020640+09:00
Turbidity Summary,,,failed,False,2026-08-19T21:19:54.949155+09:00
Turbidity Table,20.0,1.0,success,False,2026-08-19T21:46:11.490049+09:00
Turbidity Tag,,,failed,False,2026-08-19T21:17:45.288805+09:00
Turbidity Tally,,,failed,False,2026-08-21T00:30:53.488074+09:00
Turbidity Tariff,,,failed,False,2026-08-21T02:38:04.709344+09:00
Turbidity Tax,,,failed,False,2026-08-21T02:14:19.948102+09:00
Turbidity Terminal,,,failed,False,2026-08-19T21:05:49.435162+09:00
Turbidity Ticker,,,failed,False,2026-08-19T21:15:29.461766+09:00
Turbidity Ticket,,,failed,False,2026-08-19T21:29:44.160374+09:00
Turbidity Timeline,,,failed,False,2026-08-19T21:20:07.240027+09:00
Turbidity Timer,,,failed,False,2026-08-28T00:23:28.806149+09:00
Turbidity Toll,,,failed,False,2026-08-21T02:37:55.962761+09:00
Turbidity Toolbox,,,failed,False,2026-08-28T00:23:35.070799+09:00
Turbidity Tracker,,,failed,False,2026-08-19T21:29:59.646453+09:00
Turbidity Trend,,,failed,False,2026-08-28T01:04:40.087199+09:00
Turbidity Trial,,,failed,False,2026-08-27T21:19:40.666664+09:00
Turbidity Unit,2900.0,2.0,success,False,2026-08-21T01:57:54.921820+09:00
Turbidity Update,,,failed,False,2026-08-19T21:19:08.211207+09:00
Turbidity Value,70.0,1.0,success,False,2026-08-23T02:53:45.297778+09:00
Turbidity Vault,,,failed,False,2026-08-19T21:30:42.715680+09:00
Turbidity Version,,,failed,False,2026-08-23T03:18:03.824260+09:00
Turbidity View,,,failed,False,2026-08-19T21:18:08.963564+09:00
Turbidity Voucher,,,failed,False,2026-08-21T00:30:27.321926+09:00
Turbidity Watch,,,failed,False,2026-08-19T21:31:40.381854+09:00
Turbidity Wave,,,failed,False,2026-08-19T21:32:10.645735+09:00
Turbidity Widget,,,failed,False,2026-08-27T23:10:50.264630+09:00
Turbidity Window,,,failed,False,2026-08-19T21:15:49.735937+09:00
Turbidity Worksheet,,,failed,False,2026-08-27T22:15:29.214068+09:00
Turbidity Workshop,,,failed,False,2026-08-28T00:23:28.806149+09:00
Turnaround Advance,,,failed,False,2026-08-23T16:16:57.987177+09:00
Turnaround Advisory,50.0,14.0,success,False,2026-08-21T01:02:07.931527+09:00
Turnaround Allowance,,,failed,False,2026-08-21T02:41:38.667611+09:00
Turnaround Almanac,,,failed,False,2026-08-18T23:52:20.082334+09:00
Turnaround Analyzer,,,failed,False,2026-08-27T23:51:43.048579+09:00
Turnaround Anchor,,,failed,False,2026-08-17T23:14:36.904616+09:00
Turnaround Announcement,,,failed,False,2026-08-27T23:31:58.292490+09:00
Turnaround Arrears,,,failed,False,2026-08-23T16:16:57.987177+09:00
Turnaround Asset,40.0,0.0,success,False,2026-08-23T13:48:10.648745+09:00
Turnaround Assistant,,,failed,False,2026-08-17T23:15:12.775041+09:00
Turnaround Atlas,,,failed,False,2026-08-17T23:06:35.609380+09:00
Turnaround Attribute,,,failed,False,2026-08-23T13:08:36.933873+09:00
Turnaround Badge,,,failed,False,2026-08-21T00:24:57.111152+09:00
Turnaround Balance,,,failed,False,2026-08-23T13:48:08.634446+09:00
Turnaround Base,50.0,0.0,success,False,2026-08-17T23:14:16.588426+09:00
Turnaround Beacon,,,failed,False,2026-08-17T23:12:59.903146+09:00
Turnaround Bill,,,failed,False,2026-08-19T21:53:47.413598+09:00
Turnaround Blueprint,,,failed,False,2026-08-18T23:52:20.082334+09:00
Turnaround Board,10.0,1.0,success,False,2026-08-17T23:33:34.870792+09:00
Turnaround Book,140.0,16.0,success,False,2026-08-19T21:54:42.461641+09:00
Turnaround Bridge,,,failed,False,2026-08-17T23:31:21.435106+09:00
Turnaround Brief,10.0,19.0,success,False,2026-08-21T00:59:56.543467+09:00
Turnaround Bulletin,,,failed,False,2026-08-21T00:59:54.516148+09:00
Turnaround Calculator,,,failed,False,2026-08-27T23:31:58.292490+09:00
Turnaround Calendar,,,failed,False,2026-08-18T23:58:29.314698+09:00
Turnaround Card,,,failed,False,2026-08-19T13:23:14.484254+09:00
Turnaround Cascade,,,failed,False,2026-08-17T23:07:41.199314+09:00
Turnaround Cash,,,failed,False,2026-08-21T02:25:44.046093+09:00
Turnaround Cashback,,,failed,False,2026-08-27T21:12:46.088803+09:00
Turnaround Catalog,,,failed,False,2026-08-19T21:10:23.160245+09:00
Turnaround Category,,,failed,False,2026-08-23T13:08:34.053815+09:00
Turnaround Center,50.0,0.0,success,False,2026-08-17T23:24:10.330342+09:00
Turnaround Chain,10.0,0.0,success,False,2026-08-17T23:26:16.391059+09:00
Turnaround Charge,,,failed,False,2026-08-21T02:41:28.147668+09:00
Turnaround Check,,,failed,False,2026-08-19T13:23:40.624873+09:00
Turnaround Checker,,,failed,False,2026-08-27T23:51:35.408395+09:00
Turnaround Checklist,,,failed,False,2026-08-19T21:09:22.382807+09:00
Turnaround Circular,,,failed,False,2026-08-21T01:02:05.845061+09:00
Turnaround Cockpit,,,failed,False,2026-08-17T23:28:30.057187+09:00
Turnaround Code,,,failed,False,2026-08-19T21:54:10.446339+09:00
Turnaround Codex,,,failed,False,2026-08-18T23:52:20.082334+09:00
Turnaround Companion,30.0,1.0,success,False,2026-08-17T23:13:17.884356+09:00
Turnaround Comparison,,,failed,False,2026-08-28T01:02:34.403760+09:00
Turnaround Compass,,,failed,False,2026-08-17T23:30:43.619577+09:00
Turnaround Compendium,,,failed,False,2026-08-18T23:52:20.082334+09:00
Turnaround Confirmation,,,failed,False,2026-08-21T01:00:16.070819+09:00
Turnaround Console,,,failed,False,2026-08-17T23:06:57.045511+09:00
Turnaround Contribution,,,failed,False,2026-08-23T16:16:55.140069+09:00
Turnaround Core,,,failed,False,2026-08-17T23:33:20.357749+09:00
Turnaround Cost,20.0,0.0,success,False,2026-08-21T02:09:35.775353+09:00
Turnaround Count,,,failed,False,2026-08-27T22:44:35.371350+09:00
Turnaround Counter,,,failed,False,2026-08-18T23:59:20.806892+09:00
Turnaround Coupon,,,failed,False,2026-08-26T22:29:25.643786+09:00
Turnaround Dashboard,,,failed,False,2026-08-17T23:06:14.261884+09:00
Turnaround Deal,,,failed,False,2026-08-21T01:53:13.904514+09:00
Turnaround Debt,,,failed,False,2026-08-21T02:25:35.476201+09:00
Turnaround Deck,,,failed,False,2026-08-17T22:49:21.662634+09:00
Turnaround Depot,,,failed,False,2026-08-18T23:59:06.121375+09:00
Turnaround Desk,,,failed,False,2026-08-17T23:30:12.792820+09:00
Turnaround Detail,,,failed,False,2026-08-23T03:21:18.514525+09:00
Turnaround Detector,,,failed,False,2026-08-27T23:51:38.023281+09:00
Turnaround Diagram,,,failed,False,2026-08-27T22:06:42.047958+09:00
Turnaround Dial,,,failed,False,2026-08-17T23:13:55.425659+09:00
Turnaround Digest,,,failed,False,2026-08-19T20:39:50.711958+09:00
Turnaround Directory,,,failed,False,2026-08-18T23:58:38.723569+09:00
Turnaround Discount,,,failed,False,2026-08-23T16:16:51.381360+09:00
Turnaround Dock,,,failed,False,2026-08-17T23:15:28.966007+09:00
Turnaround Dossier,,,failed,False,2026-08-21T01:00:20.571072+09:00
Turnaround Draft,,,failed,False,2026-08-19T20:40:08.745376+09:00
Turnaround Due,,,failed,False,2026-08-23T15:52:52.908788+09:00
Turnaround Duty,,,failed,False,2026-08-21T02:41:32.223715+09:00
Turnaround Engine,,,failed,False,2026-08-17T23:27:29.516151+09:00
Turnaround Entry,,,failed,False,2026-08-21T01:00:33.906602+09:00
Turnaround Estimate,,,failed,False,2026-08-19T21:10:13.375829+09:00
Turnaround Estimator,,,failed,False,2026-08-27T23:51:32.749499+09:00
Turnaround Excerpt,,,failed,False,2026-08-21T01:02:16.623580+09:00
Turnaround Extension,,,failed,False,2026-08-23T16:40:21.439904+09:00
Turnaround Fare,,,failed,False,2026-08-21T02:09:47.667221+09:00
Turnaround Fee,,,failed,False,2026-08-21T01:52:53.581920+09:00
Turnaround Feed,,,failed,False,2026-08-19T20:39:59.254826+09:00
Turnaround Field,,,failed,False,2026-08-23T13:08:40.061584+09:00
Turnaround File,,,failed,False,2026-08-19T20:39:18.061361+09:00
Turnaround Finder,,,failed,False,2026-08-18T23:58:57.268328+09:00
Turnaround Fine,,,failed,False,2026-08-23T02:56:12.259379+09:00
Turnaround Flag,,,failed,False,2026-08-21T00:25:45.592013+09:00
Turnaround Flow,,,failed,False,2026-08-17T23:09:46.743330+09:00
Turnaround Forge,,,failed,False,2026-08-17T23:30:56.654699+09:00
Turnaround Form,,,failed,False,2026-08-19T13:22:59.111226+09:00
Turnaround Format,,,failed,False,2026-08-23T13:08:42.186526+09:00
Turnaround Frame,,,failed,False,2026-08-17T23:33:09.699963+09:00
Turnaround Fund,50.0,3.0,success,False,2026-08-21T02:25:39.755040+09:00
Turnaround Gate,,,failed,False,2026-08-17T23:11:57.762151+09:00
Turnaround Generator,,,failed,False,2026-08-27T23:32:06.818889+09:00
Turnaround Giveaway,,,failed,False,2026-08-26T22:29:25.643786+09:00
Turnaround Grade,,,failed,False,2026-08-21T00:25:24.031302+09:00
Turnaround Graph,,,failed,False,2026-08-27T22:06:51.467328+09:00
Turnaround Grid,,,failed,False,2026-08-17T23:32:15.494443+09:00
Turnaround Guarantee,,,failed,False,2026-08-28T01:02:37.016845+09:00
Turnaround Guard,,,failed,False,2026-08-17T23:29:25.330773+09:00
Turnaround Guardian,,,failed,False,2026-08-28T00:21:51.591333+09:00
Turnaround Guidebook,,,failed,False,2026-08-18T23:52:20.082334+09:00
Turnaround Helpdesk,,,failed,False,2026-08-27T22:44:39.489901+09:00
Turnaround Helper,,,failed,False,2026-08-28T00:21:58.401743+09:00
Turnaround History,,,failed,False,2026-08-19T20:39:09.333161+09:00
Turnaround Hotline,,,failed,False,2026-08-19T21:10:33.360879+09:00
Turnaround Hub,,,failed,False,2026-08-17T23:29:58.873666+09:00
Turnaround Identifier,,,failed,False,2026-08-23T13:08:30.246419+09:00
Turnaround Incentive,,,failed,False,2026-08-26T22:29:12.332951+09:00
Turnaround Index,,,failed,False,2026-08-19T21:09:32.906956+09:00
Turnaround Insight,,,failed,False,2026-08-17T23:28:11.546877+09:00
Turnaround Installment,,,failed,False,2026-08-23T16:16:55.140069+09:00
Turnaround Interest,,,failed,False,2026-08-23T13:48:10.648745+09:00
Turnaround Item,,,failed,False,2026-08-21T01:52:58.378871+09:00
Turnaround Journal,10.0,0.0,success,False,2026-08-18T23:52:20.082334+09:00
Turnaround Keeper,,,failed,False,2026-08-17T23:13:36.575210+09:00
Turnaround Lab,,,failed,False,2026-08-17T23:10:40.836813+09:00
Turnaround Label,,,failed,False,2026-08-27T22:06:55.016444+09:00
Turnaround Ledger,,,failed,False,2026-08-17T23:09:02.276027+09:00
Turnaround Lens,,,failed,False,2026-08-17T23:07:22.346415+09:00
Turnaround Level,,,failed,False,2026-08-19T20:39:26.869721+09:00
Turnaround Levy,,,failed,False,2026-08-23T13:48:13.167118+09:00
Turnaround Link,,,failed,False,2026-08-23T03:21:12.022197+09:00
Turnaround List,,,failed,False,2026-08-19T21:54:22.632140+09:00
Turnaround Loan,,,failed,False,2026-08-21T02:09:52.288046+09:00
Turnaround Locator,,,failed,False,2026-08-18T23:58:49.693970+09:00
Turnaround Lock,,,failed,False,2026-08-17T23:12:34.850967+09:00
Turnaround Log,,,failed,False,2026-08-19T13:22:13.329978+09:00
Turnaround Loop,10.0,0.0,success,False,2026-08-17T23:03:45.434649+09:00
Turnaround Manager,1600.0,16.0,success,False,2026-08-17T23:27:17.370245+09:00
Turnaround Manual,,,failed,False,2026-08-27T22:06:37.910338+09:00
Turnaround Map,,,failed,False,2026-08-17T23:32:55.929904+09:00
Turnaround Margin,,,failed,False,2026-08-23T02:56:08.739557+09:00
Turnaround Markup,,,failed,False,2026-08-23T16:40:19.270826+09:00
Turnaround Memo,,,failed,False,2026-08-21T00:25:29.281502+09:00
Turnaround Message,,,failed,False,2026-08-27T23:10:14.890839+09:00
Turnaround Meter,,,failed,False,2026-08-17T23:25:24.044948+09:00
Turnaround Metrics,,,failed,False,2026-08-17T23:11:38.355115+09:00
Turnaround Monitor,10.0,,success,False,2026-08-17T23:04:23.573644+09:00
Turnaround Navigator,,,failed,False,2026-08-17T23:28:48.980231+09:00
Turnaround Nexus,,,failed,False,2026-08-17T23:26:43.020316+09:00
Turnaround Node,,,failed,False,2026-08-17T23:26:30.057004+09:00
Turnaround Note,,,failed,False,2026-08-19T13:21:04.898366+09:00
Turnaround Notification,,,failed,False,2026-08-27T22:44:27.817073+09:00
Turnaround Number,,,failed,False,2026-08-23T03:21:04.390216+09:00
Turnaround Office,,,failed,False,2026-08-18T23:59:14.499030+09:00
Turnaround Ops,,,failed,False,2026-08-17T23:08:02.086738+09:00
Turnaround Order,,,failed,False,2026-08-19T21:53:37.602067+09:00
Turnaround Organizer,,,failed,False,2026-08-17T23:27:58.060156+09:00
Turnaround Overage,,,failed,False,2026-08-27T21:45:54.192033+09:00
Turnaround Overdue,,,failed,False,2026-08-27T21:45:56.763524+09:00
Turnaround Panel,,,failed,False,2026-08-17T23:24:54.415182+09:00
Turnaround Pass,,,failed,False,2026-08-21T00:24:43.469777+09:00
Turnaround Path,,,failed,False,2026-08-17T23:05:30.117127+09:00
Turnaround Penalty,,,failed,False,2026-08-23T16:40:19.270826+09:00
Turnaround Petition,,,failed,False,2026-08-21T01:00:09.157430+09:00
Turnaround Pilot,,,failed,False,2026-08-17T23:04:05.706993+09:00
Turnaround Plan,390.0,3.0,success,False,2026-08-21T01:53:10.453555+09:00
Turnaround Planner,90.0,3.0,success,False,2026-08-17T23:27:45.087946+09:00
Turnaround Playbook,,,failed,False,2026-08-18T23:52:20.082334+09:00
Turnaround Point,90.0,0.0,success,False,2026-08-17T23:32:45.524936+09:00
Turnaround Portal,,,failed,False,2026-08-17T23:24:30.748337+09:00
Turnaround Preview,,,failed,False,2026-08-28T01:02:34.403760+09:00
Turnaround Profile,,,failed,False,2026-08-19T13:21:58.772541+09:00
Turnaround Profit,,,failed,False,2026-08-23T02:56:00.191983+09:00
Turnaround Proposal,,,failed,False,2026-08-28T01:02:37.016845+09:00
Turnaround Pulse,,,failed,False,2026-08-17T23:11:03.494377+09:00
Turnaround Queue,,,failed,False,2026-08-19T21:09:59.006110+09:00
Turnaround Quota,,,failed,False,2026-08-21T00:25:38.806657+09:00
Turnaround Radar,,,failed,False,2026-08-17T23:11:21.548397+09:00
Turnaround Rail,,,failed,False,2026-08-17T23:26:02.617332+09:00
Turnaround Rate,320.0,0.0,success,False,2026-08-19T20:39:35.461909+09:00
Turnaround Recap,,,failed,False,2026-08-21T01:00:25.578415+09:00
Turnaround Receipt,,,failed,False,2026-08-19T21:54:00.654442+09:00
Turnaround Recorder,,,failed,False,2026-08-27T23:32:06.818889+09:00
Turnaround Register,,,failed,False,2026-08-17T23:29:05.712614+09:00
Turnaround Registry,,,failed,False,2026-08-18T23:52:20.082334+09:00
Turnaround Relay,,,failed,False,2026-08-17T23:30:28.172183+09:00
Turnaround Reminder,,,failed,False,2026-08-19T21:09:08.250321+09:00
Turnaround Report,20.0,0.0,success,False,2026-08-19T13:21:58.772541+09:00
Turnaround Roadmap,,,failed,False,2026-08-18T23:52:20.082334+09:00
Turnaround Route,,,failed,False,2026-08-17T23:25:47.175267+09:00
Turnaround Rule,,,failed,False,2026-08-23T03:21:14.808090+09:00
Turnaround Sale,,,failed,False,2026-08-21T02:25:47.031494+09:00
Turnaround Scale,,,failed,False,2026-08-17T23:08:40.393362+09:00
Turnaround Scheduler,70.0,4.0,success,False,2026-08-17T23:10:04.608173+09:00
Turnaround Scope,,,failed,False,2026-08-17T23:31:53.116535+09:00
Turnaround Score,,,failed,False,2026-08-19T13:20:50.883072+09:00
Turnaround Sentry,,,failed,False,2026-08-17T23:27:00.420532+09:00
Turnaround Sheet,880.0,0.0,success,False,2026-08-19T13:23:22.980764+09:00
Turnaround Signal,,,failed,False,2026-08-17T23:31:38.790135+09:00
Turnaround Signature,,,failed,False,2026-08-23T13:28:03.127667+09:00
Turnaround Slot,,,failed,False,2026-08-19T21:55:12.102159+09:00
Turnaround Snapshot,,,failed,False,2026-08-18T23:52:22.331385+09:00
Turnaround Stake,,,failed,False,2026-08-23T02:56:06.421775+09:00
Turnaround Statement,,,failed,False,2026-08-21T00:25:10.675439+09:00
Turnaround Station,,,failed,False,2026-08-17T23:23:52.832374+09:00
Turnaround Status,,,failed,False,2026-08-19T20:38:50.239529+09:00
Turnaround Stipend,,,failed,False,2026-08-23T13:48:15.214978+09:00
Turnaround Streak,,,failed,False,2026-08-28T00:46:02.758073+09:00
Turnaround Stub,,,failed,False,2026-08-21T00:25:02.156940+09:00
Turnaround Studio,,,failed,False,2026-08-17T23:23:32.991705+09:00
Turnaround Suite,,,failed,False,2026-08-17T23:08:20.793662+09:00
Turnaround Sum,,,failed,False,2026-08-21T02:25:28.596275+09:00
Turnaround Summary,,,failed,False,2026-08-19T21:08:43.971729+09:00
Turnaround Surtax,,,failed,False,2026-08-23T15:52:57.176155+09:00
Turnaround Sync,,,failed,False,2026-08-17T23:29:41.239949+09:00
Turnaround Tab,40.0,0.0,success,False,2026-08-21T00:25:52.909138+09:00
Turnaround Table,260.0,27.0,success,False,2026-08-19T21:54:34.064665+09:00
Turnaround Tag,,,failed,False,2026-08-19T13:21:44.122863+09:00
Turnaround Tally,,,failed,False,2026-08-21T00:25:15.691482+09:00
Turnaround Tariff,,,failed,False,2026-08-21T02:41:45.973513+09:00
Turnaround Tax,,,failed,False,2026-08-21T02:09:47.667221+09:00
Turnaround Ticket,20.0,0.0,success,False,2026-08-19T21:09:46.410901+09:00
Turnaround Tier,,,failed,False,2026-08-28T00:46:06.331363+09:00
Turnaround Timeline,20.0,0.0,success,False,2026-08-19T21:08:54.298412+09:00
Turnaround Timer,,,failed,False,2026-08-28T00:21:49.130858+09:00
Turnaround Toll,,,failed,False,2026-08-21T02:41:35.267281+09:00
Turnaround Toolbox,,,failed,False,2026-08-28T00:21:55.786008+09:00
Turnaround Toolkit,,,failed,False,2026-08-18T23:52:22.331385+09:00
Turnaround Total,,,failed,False,2026-08-27T23:10:14.890839+09:00
Turnaround Tracker,,,failed,False,2026-08-17T23:14:53.160605+09:00
Turnaround Trail,,,failed,False,2026-08-17T23:10:22.607509+09:00
Turnaround Trend,,,failed,False,2026-08-28T01:02:31.716235+09:00
Turnaround Trial,,,failed,False,2026-08-27T21:12:51.148194+09:00
Turnaround Unit,,,failed,False,2026-08-21T01:53:02.269948+09:00
Turnaround Update,,,failed,False,2026-08-19T20:39:43.818952+09:00
Turnaround Value,,,failed,False,2026-08-23T02:56:03.136754+09:00
Turnaround Vault,,,failed,False,2026-08-17T23:05:55.492568+09:00
Turnaround Version,,,failed,False,2026-08-23T03:21:07.842946+09:00
Turnaround View,10.0,0.0,success,False,2026-08-19T20:38:59.819787+09:00
Turnaround Voucher,10.0,0.0,success,False,2026-08-21T00:24:49.316489+09:00
Turnaround Watch,,,failed,False,2026-08-17T23:09:26.162855+09:00
Turnaround Wave,,,failed,False,2026-08-17T23:32:28.634296+09:00
Turnaround Widget,,,failed,False,2026-08-27T23:10:17.409830+09:00
Turnaround Workbench,,,failed,False,2026-08-18T22:12:21.706710+09:00
Turnaround Worksheet,,,failed,False,2026-08-27T22:06:37.910338+09:00
Turnaround Workshop,,,failed,False,2026-08-28T00:21:49.130858+09:00
Turnaround Zone,,,failed,False,2026-08-17T23:12:17.050075+09:00
Turnover Advance,,,failed,False,2026-08-23T16:12:05.670450+09:00
Turnover Advisory,,,failed,False,2026-08-21T00:59:12.932532+09:00
Turnover Allowance,,,failed,False,2026-08-21T02:42:02.551252+09:00
Turnover Almanac,,,failed,False,2026-08-18T22:07:12.146632+09:00
Turnover Analyzer,,,failed,False,2026-08-27T23:56:30.078148+09:00
Turnover Anchor,,,failed,False,2026-08-17T23:24:15.710246+09:00
Turnover Arrears,,,failed,False,2026-08-23T16:12:01.471109+09:00
Turnover Assistant,20.0,8.0,success,False,2026-08-17T23:30:45.182553+09:00
Turnover Atlas,,,failed,False,2026-08-17T23:30:01.630713+09:00
Turnover Balance,20.0,7.0,success,False,2026-08-23T13:45:59.921070+09:00
Turnover Base,10.0,0.0,success,False,2026-08-17T23:26:34.514876+09:00
Turnover Beacon,,,failed,False,2026-08-17T23:23:39.258674+09:00
Turnover Bill,,,failed,False,2026-08-19T21:57:53.749303+09:00
Turnover Blueprint,,,failed,False,2026-08-18T22:07:05.348378+09:00
Turnover Board,10.0,14.0,success,False,2026-08-17T23:06:41.076830+09:00
Turnover Book,30.0,0.0,success,False,2026-08-19T21:58:39.226398+09:00
Turnover Bridge,210.0,0.0,success,False,2026-08-17T23:05:11.266926+09:00
Turnover Brief,,,failed,False,2026-08-21T00:59:03.951352+09:00
Turnover Bulletin,,,failed,False,2026-08-21T00:58:59.914106+09:00
Turnover Calculator,4400.0,10.0,success,False,2026-08-27T23:34:44.753648+09:00
Turnover Calendar,,,failed,False,2026-08-19T00:01:28.091265+09:00
Turnover Card,,,failed,False,2026-08-19T13:32:55.447680+09:00
Turnover Cascade,,,failed,False,2026-08-17T23:23:55.589084+09:00
Turnover Cash,210.0,0.0,success,False,2026-08-21T02:25:47.031494+09:00
Turnover Cashback,,,failed,False,2026-08-27T21:14:58.792070+09:00
Turnover Catalog,,,failed,False,2026-08-19T21:11:55.349483+09:00
Turnover Center,20.0,0.0,success,False,2026-08-17T23:15:16.385703+09:00
Turnover Chain,1600.0,100.0,success,False,2026-08-17T23:08:04.686791+09:00
Turnover Charge,,,failed,False,2026-08-21T02:41:49.318667+09:00
Turnover Check,110.0,1.0,success,False,2026-08-19T13:33:13.480936+09:00
Turnover Checker,,,failed,False,2026-08-27T23:56:25.215119+09:00
Turnover Checklist,110.0,1.0,success,False,2026-08-19T21:11:00.361566+09:00
Turnover Circular,,,failed,False,2026-08-21T01:00:11.022856+09:00
Turnover Cockpit,,,failed,False,2026-08-17T23:09:27.800960+09:00
Turnover Code,,,failed,False,2026-08-19T21:58:14.220154+09:00
Turnover Codex,,,failed,False,2026-08-18T22:07:30.618042+09:00
Turnover Companion,,,failed,False,2026-08-17T23:32:18.106895+09:00
Turnover Comparison,,,failed,False,2026-08-28T01:07:16.006245+09:00
Turnover Compass,,,failed,False,2026-08-17T22:51:27.768654+09:00
Turnover Compendium,,,failed,False,2026-08-18T22:07:21.490302+09:00
Turnover Confirmation,,,failed,False,2026-08-21T00:59:30.115655+09:00
Turnover Console,,,failed,False,2026-08-17T23:28:01.386512+09:00
Turnover Contribution,,,failed,False,2026-08-23T16:11:58.973572+09:00
Turnover Core,,,failed,False,2026-08-17T23:12:02.312580+09:00
Turnover Cost,880.0,13.0,success,False,2026-08-21T02:09:16.825512+09:00
Turnover Count,,,failed,False,2026-08-27T22:47:53.351609+09:00
Turnover Counter,,,failed,False,2026-08-19T00:02:15.189621+09:00
Turnover Coupon,,,failed,False,2026-08-27T21:14:56.322045+09:00
Turnover Dashboard,170.0,17.0,success,False,2026-08-17T23:31:54.862824+09:00
Turnover Deal,,,failed,False,2026-08-21T01:52:34.182425+09:00
Turnover Debt,,,failed,False,2026-08-21T02:25:39.755040+09:00
Turnover Deck,,,failed,False,2026-08-17T23:27:03.515384+09:00
Turnover Depot,,,failed,False,2026-08-19T00:02:00.292816+09:00
Turnover Desk,,,failed,False,2026-08-17T23:14:22.352504+09:00
Turnover Detail,,,failed,False,2026-08-23T03:22:18.461537+09:00
Turnover Detector,,,failed,False,2026-08-27T23:56:27.794878+09:00
Turnover Dial,,,failed,False,2026-08-17T23:28:13.719643+09:00
Turnover Digest,,,failed,False,2026-08-19T20:37:49.991412+09:00
Turnover Directory,,,failed,False,2026-08-19T00:01:35.413805+09:00
Turnover Discount,90.0,0.0,success,False,2026-08-23T16:11:52.886405+09:00
Turnover Dock,,,failed,False,2026-08-17T23:28:52.290735+09:00
Turnover Dossier,,,failed,False,2026-08-21T00:59:34.151010+09:00
Turnover Draft,,,failed,False,2026-08-19T20:38:03.591827+09:00
Turnover Due,,,failed,False,2026-08-23T15:50:23.768923+09:00
Turnover Duty,,,failed,False,2026-08-21T02:41:56.534428+09:00
Turnover Engine,,,failed,False,2026-08-17T23:05:59.212452+09:00
Turnover Entry,,,failed,False,2026-08-21T00:59:48.261603+09:00
Turnover Estimate,,,failed,False,2026-08-19T21:11:41.705907+09:00
Turnover Estimator,,,failed,False,2026-08-27T23:56:22.652242+09:00
Turnover Excerpt,,,failed,False,2026-08-21T01:01:55.292277+09:00
Turnover Extension,,,failed,False,2026-08-23T16:37:47.617319+09:00
Turnover Fare,,,failed,False,2026-08-21T02:09:31.680775+09:00
Turnover Fee,70.0,0.0,success,False,2026-08-21T01:52:12.646112+09:00
Turnover Feed,,,failed,False,2026-08-19T20:37:57.270685+09:00
Turnover File,90.0,1.0,success,False,2026-08-19T20:42:06.894940+09:00
Turnover Finder,20.0,0.0,success,False,2026-08-19T00:01:49.817235+09:00
Turnover Fine,,,failed,False,2026-08-23T02:56:43.732981+09:00
Turnover Flag,140.0,0.0,success,False,2026-08-21T00:27:45.495734+09:00
Turnover Flow,,,failed,False,2026-08-17T23:32:58.780092+09:00
Turnover Forge,,,failed,False,2026-08-17T23:10:45.795183+09:00
Turnover Form,140.0,3.0,success,False,2026-08-19T13:32:47.690424+09:00
Turnover Frame,,,failed,False,2026-08-17T23:04:48.646277+09:00
Turnover Fund,50.0,0.0,success,False,2026-08-21T02:25:44.046093+09:00
Turnover Gate,,,failed,False,2026-08-17T23:29:43.400125+09:00
Turnover Generator,,,failed,False,2026-08-27T23:34:49.517197+09:00
Turnover Giveaway,,,failed,False,2026-08-27T21:15:06.762141+09:00
Turnover Grade,,,failed,False,2026-08-21T00:27:22.208885+09:00
Turnover Graph,50.0,0.0,success,False,2026-08-27T22:09:13.645963+09:00
Turnover Grid,,,failed,False,2026-08-17T23:14:01.287138+09:00
Turnover Guarantee,,,failed,False,2026-08-28T01:07:22.099845+09:00
Turnover Guard,,,failed,False,2026-08-17T23:05:34.845009+09:00
Turnover Guidebook,,,failed,False,2026-08-18T22:06:47.457116+09:00
Turnover Helpdesk,,,failed,False,2026-08-27T22:47:53.351609+09:00
Turnover Helper,,,failed,False,2026-08-28T00:25:51.267385+09:00
Turnover History,10.0,5.0,success,False,2026-08-19T20:41:59.995024+09:00
Turnover Hotline,,,failed,False,2026-08-19T21:12:05.902513+09:00
Turnover Hub,,,failed,False,2026-08-17T23:07:26.971457+09:00
Turnover Identifier,,,failed,False,2026-08-23T13:04:45.223955+09:00
Turnover Incentive,,,failed,False,2026-08-27T21:15:01.645543+09:00
Turnover Index,50.0,1.0,success,False,2026-08-19T21:11:11.315009+09:00
Turnover Insight,,,failed,False,2026-08-17T23:14:41.375835+09:00
Turnover Installment,,,failed,False,2026-08-23T16:11:56.492802+09:00
Turnover Item,,,failed,False,2026-08-21T01:52:16.580435+09:00
Turnover Journal,,,failed,False,2026-08-18T22:06:29.857370+09:00
Turnover Keeper,,,failed,False,2026-08-17T23:30:16.319777+09:00
Turnover Kit,90.0,13.0,success,False,2026-08-27T22:47:50.980247+09:00
Turnover Lab,,,failed,False,2026-08-17T23:27:19.198277+09:00
Turnover Ledger,,,failed,False,2026-08-17T23:26:46.063928+09:00
Turnover Lens,,,failed,False,2026-08-17T23:26:20.273293+09:00
Turnover Level,14800.0,1.0,success,False,2026-08-19T20:37:22.627194+09:00
Turnover Levy,,,failed,False,2026-08-23T13:46:02.473862+09:00
Turnover Link,10.0,4.0,success,False,2026-08-23T03:22:09.250404+09:00
Turnover List,90.0,0.0,success,False,2026-08-19T21:58:24.385772+09:00
Turnover Loan,70.0,9.0,success,False,2026-08-21T02:09:39.165114+09:00
Turnover Locator,,,failed,False,2026-08-19T00:01:43.287513+09:00
Turnover Lock,,,failed,False,2026-08-17T23:26:06.305227+09:00
Turnover Log,20.0,2.0,success,False,2026-08-19T13:32:42.417252+09:00
Turnover Loop,,,failed,False,2026-08-17T23:24:56.223636+09:00
Turnover Manager,40.0,1.0,success,False,2026-08-17T23:11:23.614440+09:00
Turnover Map,,,failed,False,2026-08-17T23:10:28.342550+09:00
Turnover Marker,,,failed,False,2026-08-23T13:26:43.446955+09:00
Turnover Markup,,,failed,False,2026-08-23T16:37:45.266937+09:00
Turnover Memo,,,failed,False,2026-08-21T00:27:30.325740+09:00
Turnover Message,1000.0,0.0,success,True,2026-08-27T23:13:09.078623+09:00
Turnover Meter,,,failed,False,2026-08-17T23:11:44.690517+09:00
Turnover Metrics,70.0,11.0,success,False,2026-08-17T23:31:42.326204+09:00
Turnover Monitor,,,failed,False,2026-08-17T23:31:23.198788+09:00
Turnover Navigator,,,failed,False,2026-08-17T23:03:51.188489+09:00
Turnover Nexus,,,failed,False,2026-08-17T23:09:50.041087+09:00
Turnover Node,,,failed,False,2026-08-17T23:14:57.452489+09:00
Turnover Note,170.0,0.0,success,False,2026-08-19T13:33:44.098374+09:00
Turnover Notification,,,failed,False,2026-08-27T22:47:46.388657+09:00
Turnover Number,2400.0,0.0,success,True,2026-08-23T03:22:03.644415+09:00
Turnover Office,20.0,0.0,success,False,2026-08-19T00:02:06.599822+09:00
Turnover Ops,,,failed,False,2026-08-17T23:32:31.687734+09:00
Turnover Order,90.0,0.0,success,False,2026-08-19T21:57:44.656511+09:00
Turnover Organizer,,,failed,False,2026-08-17T23:07:43.866571+09:00
Turnover Panel,,,failed,False,2026-08-17T23:04:25.350258+09:00
Turnover Path,,,failed,False,2026-08-17T23:25:50.019139+09:00
Turnover Penalty,,,failed,False,2026-08-23T16:37:42.888726+09:00
Turnover Petition,,,failed,False,2026-08-21T00:59:19.513950+09:00
Turnover Pilot,,,failed,False,2026-08-17T23:33:11.202195+09:00
Turnover Plan,30.0,1.0,success,False,2026-08-21T01:52:27.177299+09:00
Turnover Planner,,,failed,False,2026-08-17T23:13:01.440927+09:00
Turnover Playbook,,,failed,False,2026-08-18T22:06:20.125556+09:00
Turnover Point,30.0,0.0,success,False,2026-08-17T23:15:32.901211+09:00
Turnover Portal,,,failed,False,2026-08-17T23:10:06.483021+09:00
Turnover Preview,,,failed,False,2026-08-28T01:07:19.474773+09:00
Turnover Profile,,,failed,False,2026-08-19T13:33:57.418081+09:00
Turnover Profit,260.0,1.0,success,False,2026-08-23T02:56:29.364559+09:00
Turnover Proposal,,,failed,False,2026-08-28T01:07:19.474773+09:00
Turnover Pulse,10.0,0.0,success,False,2026-08-17T23:25:26.285868+09:00
Turnover Queue,,,failed,False,2026-08-19T21:11:29.135916+09:00
Turnover Quota,,,failed,False,2026-08-21T00:27:37.591897+09:00
Turnover Radar,,,failed,False,2026-08-17T23:33:22.514665+09:00
Turnover Rail,,,failed,False,2026-08-17T23:13:20.544847+09:00
Turnover Rate,14800.0,1.0,success,False,2026-08-19T20:37:31.186118+09:00
Turnover Recap,,,failed,False,2026-08-21T00:59:38.385269+09:00
Turnover Receipt,10.0,0.0,success,False,2026-08-19T21:58:05.672882+09:00
Turnover Register,,,failed,False,2026-08-17T23:11:05.439479+09:00
Turnover Registry,,,failed,False,2026-08-18T22:06:56.515623+09:00
Turnover Relay,,,failed,False,2026-08-17T23:09:09.172246+09:00
Turnover Reminder,,,failed,False,2026-08-19T21:10:46.722805+09:00
Turnover Report,480.0,4.0,success,False,2026-08-19T13:32:31.593655+09:00
Turnover Repository,,,failed,False,2026-08-27T23:13:21.065060+09:00
Turnover Roadmap,,,failed,False,2026-08-18T22:07:38.070107+09:00
Turnover Route,,,failed,False,2026-08-17T23:06:20.939022+09:00
Turnover Rule,10.0,0.0,success,False,2026-08-23T03:22:14.563475+09:00
Turnover Sale,1600.0,0.0,success,True,2026-08-21T02:25:50.623607+09:00
Turnover Scale,10.0,0.0,success,False,2026-08-17T23:28:34.893276+09:00
Turnover Scanner,,,failed,False,2026-08-27T23:56:27.794878+09:00
Turnover Scheduler,,,failed,False,2026-08-17T23:31:05.763784+09:00
Turnover Scope,,,failed,False,2026-08-17T23:07:02.817989+09:00
Turnover Score,,,failed,False,2026-08-19T13:33:39.488989+09:00
Turnover Sentry,,,failed,False,2026-08-17T23:04:09.987003+09:00
Turnover Sheet,70.0,0.0,success,False,2026-08-19T13:33:05.427843+09:00
Turnover Signal,,,failed,False,2026-08-17T23:12:20.668668+09:00
Turnover Signature,,,failed,False,2026-08-23T13:26:40.982312+09:00
Turnover Slip,10.0,0.0,success,False,2026-08-19T21:58:51.076600+09:00
Turnover Slot,480.0,0.0,success,False,2026-08-19T21:59:07.775168+09:00
Turnover Snapshot,,,failed,False,2026-08-18T22:06:39.446315+09:00
Turnover Stage,,,failed,False,2026-08-28T00:48:02.582128+09:00
Turnover Stake,,,failed,False,2026-08-23T02:56:35.195472+09:00
Turnover Stamp,,,failed,False,2026-08-23T13:26:43.446955+09:00
Turnover Statement,50.0,1.0,success,False,2026-08-21T00:27:03.794080+09:00
Turnover Station,,,failed,False,2026-08-17T23:08:25.865498+09:00
Turnover Status,,,failed,False,2026-08-19T20:41:43.197527+09:00
Turnover Stub,,,failed,False,2026-08-21T00:26:53.623558+09:00
Turnover Studio,,,failed,False,2026-08-17T23:13:41.173741+09:00
Turnover Suite,,,failed,False,2026-08-17T23:30:30.158673+09:00
Turnover Sum,,,failed,False,2026-08-21T02:25:35.476201+09:00
Turnover Summary,,,failed,False,2026-08-19T21:10:24.800768+09:00
Turnover Surtax,,,failed,False,2026-08-23T15:50:28.386707+09:00
Turnover Sync,,,failed,False,2026-08-17T23:12:41.358995+09:00
Turnover Tab,70.0,0.0,success,False,2026-08-21T00:27:51.416222+09:00
Turnover Table,40.0,1.0,success,False,2026-08-19T21:58:32.626205+09:00
Turnover Tag,,,failed,False,2026-08-19T13:33:51.668880+09:00
Turnover Tally,,,failed,False,2026-08-21T00:27:12.597515+09:00
Turnover Tariff,,,failed,False,2026-08-21T02:42:09.091272+09:00
Turnover Tax,4400.0,1.0,success,False,2026-08-21T02:09:35.775353+09:00
Turnover Ticket,480.0,11.0,success,False,2026-08-19T21:11:21.991848+09:00
Turnover Timeline,,,failed,False,2026-08-19T21:10:34.981799+09:00
Turnover Timer,,,failed,False,2026-08-28T00:25:42.430031+09:00
Turnover Toll,,,failed,False,2026-08-21T02:41:59.910977+09:00
Turnover Toolbox,,,failed,False,2026-08-28T00:25:48.742639+09:00
Turnover Toolkit,,,failed,False,2026-08-18T22:06:09.670880+09:00
Turnover Total,20.0,0.0,success,False,2026-08-27T23:13:13.331600+09:00
Turnover Tracker,20.0,11.0,success,False,2026-08-17T23:32:47.059992+09:00
Turnover Trail,,,failed,False,2026-08-17T23:29:09.953642+09:00
Turnover Trend,50.0,16.0,success,False,2026-08-28T01:07:13.467074+09:00
Turnover Trial,,,failed,False,2026-08-27T21:14:58.792070+09:00
Turnover Unit,140.0,1.0,success,False,2026-08-21T01:52:23.674188+09:00
Turnover Update,,,failed,False,2026-08-19T20:37:40.051699+09:00
Turnover Value,70.0,0.0,success,False,2026-08-23T02:56:32.879910+09:00
Turnover Vault,,,failed,False,2026-08-17T23:33:40.972373+09:00
Turnover Version,,,failed,False,2026-08-23T03:22:06.290002+09:00
Turnover View,,,failed,False,2026-08-19T20:41:51.151726+09:00
Turnover Watch,10.0,0.0,success,False,2026-08-17T23:24:36.078713+09:00
Turnover Wave,,,failed,False,2026-08-17T23:08:46.290392+09:00
Turnover Widget,,,failed,False,2026-08-27T23:13:16.008786+09:00
Turnover Workbench,,,failed,False,2026-08-18T22:06:01.196080+09:00
Turnover Worksheet,,,failed,False,2026-08-27T22:09:18.738684+09:00
Turnover Workshop,,,failed,False,2026-08-28T00:25:44.811086+09:00
Turnover Zone,,,failed,False,2026-08-17T23:27:47.140187+09:00
Tutoring Advance,,,failed,False,2026-08-23T16:16:24.189782+09:00
Tutoring Alert,,,failed,False,2026-08-21T01:42:17.039674+09:00
Tutoring Allowance,,,failed,False,2026-08-21T02:44:49.670355+09:00
Tutoring Analyzer,,,failed,False,2026-08-27T23:54:48.967937+09:00
Tutoring Arrears,,,failed,False,2026-08-23T16:16:21.487176+09:00
Tutoring Asset,,,failed,False,2026-08-23T13:47:23.462533+09:00
Tutoring Atlas,,,failed,False,2026-08-21T01:40:17.321567+09:00
Tutoring Badge,,,failed,False,2026-08-21T01:36:23.043653+09:00
Tutoring Balance,,,failed,False,2026-08-23T13:47:18.876098+09:00
Tutoring Base,,,failed,False,2026-08-21T01:38:45.431477+09:00
Tutoring Beacon,,,failed,False,2026-08-21T01:37:41.835664+09:00
Tutoring Bill,10.0,0.0,success,False,2026-08-21T01:36:23.043653+09:00
Tutoring Bin,,,failed,False,2026-08-21T01:42:27.221916+09:00
Tutoring Board,170.0,13.0,success,False,2026-08-21T01:38:54.698036+09:00
Tutoring Bridge,,,failed,False,2026-08-21T01:37:57.190809+09:00
Tutoring Brief,,,failed,False,2026-08-21T01:36:44.739122+09:00
Tutoring Bulletin,,,failed,False,2026-08-21T01:36:39.432784+09:00
Tutoring Cabinet,,,failed,False,2026-08-27T23:11:39.748613+09:00
Tutoring Calculator,20.0,1.0,success,False,2026-08-27T23:33:49.410538+09:00
Tutoring Card,1900.0,4.0,success,False,2026-08-21T01:43:00.390217+09:00
Tutoring Cascade,,,failed,False,2026-08-21T01:37:51.952894+09:00
Tutoring Cash,,,failed,False,2026-08-21T02:28:28.588606+09:00
Tutoring Cashback,,,failed,False,2026-08-27T21:19:46.309866+09:00
Tutoring Center,9900.0,13.0,success,False,2026-08-21T01:39:25.000691+09:00
Tutoring Chain,,,failed,False,2026-08-21T01:40:01.747780+09:00
Tutoring Charge,2900.0,14.0,success,False,2026-08-21T02:44:37.347457+09:00
Tutoring Chart,,,failed,False,2026-08-21T01:42:20.086183+09:00
Tutoring Check,,,failed,False,2026-08-21T01:43:12.278953+09:00
Tutoring Checker,,,failed,False,2026-08-27T23:54:40.654466+09:00
Tutoring Code,,,failed,False,2026-08-21T01:36:23.043653+09:00
Tutoring Comparison,,,failed,False,2026-08-28T01:06:07.510525+09:00
Tutoring Compass,,,failed,False,2026-08-21T01:37:39.215530+09:00
Tutoring Confirmation,,,failed,False,2026-08-21T01:36:59.790111+09:00
Tutoring Console,,,failed,False,2026-08-21T01:39:35.935414+09:00
Tutoring Contribution,,,failed,False,2026-08-23T16:16:21.487176+09:00
Tutoring Core,,,failed,False,2026-08-21T01:38:50.640665+09:00
Tutoring Cost,2900.0,14.0,success,False,2026-08-21T02:11:23.948204+09:00
Tutoring Count,,,failed,False,2026-08-27T22:45:51.425899+09:00
Tutoring Counter,,,failed,False,2026-08-21T01:41:25.621539+09:00
Tutoring Coupon,10.0,,success,False,2026-08-27T21:19:43.592379+09:00
Tutoring Deal,,,failed,False,2026-08-21T01:54:40.308388+09:00
Tutoring Debt,,,failed,False,2026-08-21T02:28:22.675348+09:00
Tutoring Deck,,,failed,False,2026-08-21T01:38:59.099455+09:00
Tutoring Desk,50.0,58.0,success,False,2026-08-21T01:37:26.126762+09:00
Tutoring Detail,,,failed,False,2026-08-23T03:16:15.944869+09:00
Tutoring Detector,,,failed,False,2026-08-27T23:54:45.435156+09:00
Tutoring Directory,10.0,45.0,success,False,2026-08-21T01:41:12.264242+09:00
Tutoring Discount,,,failed,False,2026-08-23T16:16:13.507688+09:00
Tutoring Downpayment,,,failed,False,2026-08-27T21:50:51.730845+09:00
Tutoring Draft,,,failed,False,2026-08-21T01:44:14.161023+09:00
Tutoring Due,,,failed,False,2026-08-23T15:52:24.692181+09:00
Tutoring Duty,,,failed,False,2026-08-21T02:44:44.036553+09:00
Tutoring Endowment,,,failed,False,2026-08-23T15:52:24.692181+09:00
Tutoring Engine,,,failed,False,2026-08-21T01:40:31.088878+09:00
Tutoring Entry,,,failed,False,2026-08-21T01:37:11.320785+09:00
Tutoring Estimate,,,failed,False,2026-08-21T01:44:38.139446+09:00
Tutoring Estimator,,,failed,False,2026-08-27T23:54:35.399736+09:00
Tutoring Extension,,,failed,False,2026-08-23T16:40:09.543730+09:00
Tutoring Fare,,,failed,False,2026-08-21T02:11:27.429616+09:00
Tutoring Fee,2900.0,14.0,success,False,2026-08-21T01:54:20.819048+09:00
Tutoring Feed,,,failed,False,2026-08-21T01:44:07.789434+09:00
Tutoring Field,,,failed,False,2026-08-23T13:06:20.755041+09:00
Tutoring File,,,failed,False,2026-08-21T01:43:50.237250+09:00
Tutoring Fine,,,failed,False,2026-08-23T02:52:30.798474+09:00
Tutoring Flow,,,failed,False,2026-08-21T01:37:19.276865+09:00
Tutoring Forge,,,failed,False,2026-08-21T01:37:46.611348+09:00
Tutoring Form,70.0,13.0,success,False,2026-08-21T01:42:58.216620+09:00
Tutoring Format,,,failed,False,2026-08-23T13:06:24.369926+09:00
Tutoring Frame,,,failed,False,2026-08-21T01:38:42.867462+09:00
Tutoring Fund,20.0,5.0,success,False,2026-08-21T02:28:25.181498+09:00
Tutoring Gate,,,failed,False,2026-08-21T01:40:09.996962+09:00
Tutoring Giveaway,,,failed,False,2026-08-27T21:19:50.770385+09:00
Tutoring Graph,,,failed,False,2026-08-27T22:15:33.141509+09:00
Tutoring Grid,,,failed,False,2026-08-21T01:38:21.127852+09:00
Tutoring Guarantee,,,failed,False,2026-08-28T01:06:18.481825+09:00
Tutoring Guardian,,,failed,False,2026-08-28T00:24:41.812871+09:00
Tutoring Helpdesk,,,failed,False,2026-08-27T22:45:55.749339+09:00
Tutoring Helper,,,failed,False,2026-08-28T00:24:47.033463+09:00
Tutoring History,880.0,40.0,success,False,2026-08-21T01:43:47.346655+09:00
Tutoring Hub,1900.0,7.0,success,False,2026-08-21T01:37:21.821672+09:00
Tutoring Incentive,,,failed,False,2026-08-27T21:19:50.770385+09:00
Tutoring Index,,,failed,False,2026-08-21T01:44:31.242398+09:00
Tutoring Installment,,,failed,False,2026-08-23T16:16:17.008573+09:00
Tutoring Interest,,,failed,False,2026-08-23T13:47:18.876098+09:00
Tutoring Item,,,failed,False,2026-08-21T01:54:25.472983+09:00
Tutoring Journal,10.0,0.0,success,False,2026-08-21T01:41:00.703725+09:00
Tutoring Keeper,,,failed,False,2026-08-21T01:40:23.040836+09:00
Tutoring Kit,,,failed,False,2026-08-27T22:45:43.680386+09:00
Tutoring Lab,320.0,6.0,success,False,2026-08-21T01:39:07.193029+09:00
Tutoring Label,,,failed,False,2026-08-27T22:15:33.141509+09:00
Tutoring Ledger,,,failed,False,2026-08-21T01:38:52.841882+09:00
Tutoring Level,,,failed,False,2026-08-21T01:43:56.070004+09:00
Tutoring Levy,,,failed,False,2026-08-23T13:47:23.462533+09:00
Tutoring Link,260.0,13.0,success,False,2026-08-23T03:16:07.985751+09:00
Tutoring List,320.0,7.0,success,False,2026-08-21T01:36:23.043653+09:00
Tutoring Loan,,,failed,False,2026-08-21T02:11:34.732367+09:00
Tutoring Locator,,,failed,False,2026-08-21T01:41:14.289680+09:00
Tutoring Locker,,,failed,False,2026-08-21T01:41:30.332578+09:00
Tutoring Log,170.0,4.0,success,False,2026-08-21T01:42:55.803836+09:00
Tutoring Loop,,,failed,False,2026-08-21T01:38:18.535087+09:00
Tutoring Manual,10.0,0.0,success,False,2026-08-27T22:15:41.431097+09:00
Tutoring Map,,,failed,False,2026-08-21T01:38:38.622768+09:00
Tutoring Margin,,,failed,False,2026-08-23T02:52:28.484811+09:00
Tutoring Marker,,,failed,False,2026-08-23T13:27:40.734961+09:00
Tutoring Markup,,,failed,False,2026-08-23T16:40:05.179166+09:00
Tutoring Memo,,,failed,False,2026-08-21T01:36:25.253973+09:00
Tutoring Message,,,failed,False,2026-08-27T23:11:31.507435+09:00
Tutoring Monitor,,,failed,False,2026-08-21T01:40:42.553901+09:00
Tutoring Nexus,,,failed,False,2026-08-21T01:40:12.068388+09:00
Tutoring Note,,,failed,False,2026-08-21T01:43:18.678031+09:00
Tutoring Notification,,,failed,False,2026-08-27T22:45:40.412271+09:00
Tutoring Number,,,failed,False,2026-08-23T03:15:55.657138+09:00
Tutoring Office,70.0,2.0,success,False,2026-08-21T01:41:20.184116+09:00
Tutoring Ops,,,failed,False,2026-08-21T01:40:53.074721+09:00
Tutoring Order,,,failed,False,2026-08-21T01:36:23.043653+09:00
Tutoring Overage,,,failed,False,2026-08-27T21:50:49.400709+09:00
Tutoring Overdue,,,failed,False,2026-08-27T21:50:44.551751+09:00
Tutoring Panel,,,failed,False,2026-08-21T01:39:42.723562+09:00
Tutoring Pass,50.0,9.0,success,False,2026-08-21T01:36:23.043653+09:00
Tutoring Path,,,failed,False,2026-08-21T01:38:31.485069+09:00
Tutoring Payoff,,,failed,False,2026-08-27T21:50:46.767806+09:00
Tutoring Penalty,,,failed,False,2026-08-23T16:40:02.738352+09:00
Tutoring Petition,,,failed,False,2026-08-21T01:36:57.667235+09:00
Tutoring Plan,170.0,61.0,success,False,2026-08-21T01:54:36.208936+09:00
Tutoring Planner,170.0,61.0,success,False,2026-08-21T01:40:35.434951+09:00
Tutoring Playbook,,,failed,False,2026-08-21T01:40:58.554709+09:00
Tutoring Point,390.0,7.0,success,False,2026-08-21T01:38:35.952865+09:00
Tutoring Portal,2900.0,1.0,success,False,2026-08-21T01:39:32.953570+09:00
Tutoring Preview,,,failed,False,2026-08-28T01:06:10.302074+09:00
Tutoring Profile,390.0,11.0,success,False,2026-08-21T01:43:31.469604+09:00
Tutoring Profit,,,failed,False,2026-08-23T02:58:55.572787+09:00
Tutoring Proposal,10.0,0.0,success,False,2026-08-28T01:06:10.302074+09:00
Tutoring Quota,,,failed,False,2026-08-21T01:36:25.253973+09:00
Tutoring Radar,,,failed,False,2026-08-21T01:37:28.905967+09:00
Tutoring Rate,2900.0,14.0,success,False,2026-08-21T01:43:59.593158+09:00
Tutoring Receipt,50.0,22.0,success,False,2026-08-21T01:36:23.043653+09:00
Tutoring Recorder,,,failed,False,2026-08-27T23:33:49.410538+09:00
Tutoring Redemption,,,failed,False,2026-08-23T16:40:05.179166+09:00
Tutoring Register,,,failed,False,2026-08-21T01:40:50.890695+09:00
Tutoring Relay,,,failed,False,2026-08-21T01:37:32.925946+09:00
Tutoring Reminder,,,failed,False,2026-08-21T01:44:28.935205+09:00
Tutoring Report,140.0,0.0,success,False,2026-08-21T01:42:51.256978+09:00
Tutoring Repository,,,failed,False,2026-08-27T23:11:42.330738+09:00
Tutoring Result,,,failed,False,2026-08-28T00:47:41.403976+09:00
Tutoring Ring,,,failed,False,2026-08-21T01:40:03.980146+09:00
Tutoring Roster,,,failed,False,2026-08-21T01:42:07.777661+09:00
Tutoring Route,,,failed,False,2026-08-21T01:39:49.686792+09:00
Tutoring Rule,,,failed,False,2026-08-23T03:16:13.014331+09:00
Tutoring Sale,,,failed,False,2026-08-21T02:28:33.010940+09:00
Tutoring Sample,,,failed,False,2026-08-21T01:36:23.043653+09:00
Tutoring Scale,,,failed,False,2026-08-21T01:39:45.118535+09:00
Tutoring Scanner,,,failed,False,2026-08-27T23:54:45.435156+09:00
Tutoring Score,90.0,6.0,success,False,2026-08-21T01:43:14.953756+09:00
Tutoring Sheet,20.0,5.0,success,False,2026-08-21T01:43:07.474360+09:00
Tutoring Shortfall,,,failed,False,2026-08-27T21:50:54.080102+09:00
Tutoring Signal,,,failed,False,2026-08-21T01:38:01.641770+09:00
Tutoring Signature,,,failed,False,2026-08-23T13:27:36.728702+09:00
Tutoring Slip,,,failed,False,2026-08-21T01:36:23.043653+09:00
Tutoring Slot,,,failed,False,2026-08-21T01:36:23.043653+09:00
Tutoring Statement,10.0,0.0,success,False,2026-08-21T01:36:25.253973+09:00
Tutoring Station,,,failed,False,2026-08-21T01:39:14.951697+09:00
Tutoring Status,,,failed,False,2026-08-21T01:43:34.239530+09:00
Tutoring Stipend,,,failed,False,2026-08-23T13:47:27.498118+09:00
Tutoring Streak,,,failed,False,2026-08-28T00:47:41.403976+09:00
Tutoring Stub,,,failed,False,2026-08-21T01:36:25.253973+09:00
Tutoring Studio,,,failed,False,2026-08-21T01:39:04.572787+09:00
Tutoring Subsidy,,,failed,False,2026-08-23T15:52:24.692181+09:00
Tutoring Sum,,,failed,False,2026-08-21T02:28:18.996082+09:00
Tutoring Summary,,,failed,False,2026-08-21T01:44:16.668560+09:00
Tutoring Surtax,,,failed,False,2026-08-23T15:52:26.691302+09:00
Tutoring Tab,,,failed,False,2026-08-21T01:36:25.253973+09:00
Tutoring Table,90.0,70.0,success,False,2026-08-21T01:36:23.043653+09:00
Tutoring Tag,,,failed,False,2026-08-21T01:43:25.178324+09:00
Tutoring Tariff,,,failed,False,2026-08-21T02:44:54.822530+09:00
Tutoring Tax,110.0,11.0,success,False,2026-08-21T02:11:30.479876+09:00
Tutoring Terminal,,,failed,False,2026-08-21T01:39:18.143916+09:00
Tutoring Ticket,20.0,14.0,success,False,2026-08-21T01:44:35.810594+09:00
Tutoring Tier,,,failed,False,2026-08-28T00:47:41.403976+09:00
Tutoring Timeline,,,failed,False,2026-08-21T01:44:23.485240+09:00
Tutoring Timer,,,failed,False,2026-08-28T00:24:39.235749+09:00
Tutoring Toll,,,failed,False,2026-08-21T02:44:46.644995+09:00
Tutoring Toolbox,,,failed,False,2026-08-28T00:24:44.523713+09:00
Tutoring Total,,,failed,False,2026-08-27T23:11:31.507435+09:00
Tutoring Tracker,90.0,6.0,success,False,2026-08-21T01:37:13.589246+09:00
Tutoring Trend,,,failed,False,2026-08-28T01:06:05.018602+09:00
Tutoring Trial,,,failed,False,2026-08-27T21:19:46.309866+09:00
Tutoring Unit,10.0,,success,False,2026-08-21T01:54:29.413822+09:00
Tutoring Update,,,failed,False,2026-08-21T01:44:05.223042+09:00
Tutoring Value,,,failed,False,2026-08-23T02:52:23.717366+09:00
Tutoring Vault,,,failed,False,2026-08-21T01:37:34.913486+09:00
Tutoring Version,,,failed,False,2026-08-23T03:16:04.926690+09:00
Tutoring View,,,failed,False,2026-08-21T01:43:42.058918+09:00
Tutoring Voucher,,,failed,False,2026-08-21T01:36:23.043653+09:00
Tutoring Wave,,,failed,False,2026-08-21T01:38:26.164281+09:00
Tutoring Widget,,,failed,False,2026-08-27T23:11:34.108403+09:00
Tutoring Worksheet,90.0,15.0,success,False,2026-08-27T22:15:49.874448+09:00
Tutoring Workshop,40.0,7.0,success,False,2026-08-28T00:24:39.235749+09:00
Tutoring Zone,1600.0,10.0,success,False,2026-08-21T01:39:27.131441+09:00
Umbrella Advance,,,failed,False,2026-08-23T16:15:09.158473+09:00
Umbrella Advisory,,,failed,False,2026-08-21T01:04:22.356565+09:00
Umbrella Alert,20.0,0.0,success,False,2026-08-21T00:08:03.129328+09:00
Umbrella Allowance,,,failed,False,2026-08-21T02:43:04.921789+09:00
Umbrella Analyzer,,,failed,False,2026-08-27T23:53:21.557901+09:00
Umbrella Announcement,,,failed,False,2026-08-27T23:32:49.894310+09:00
Umbrella Arrears,,,failed,False,2026-08-23T16:15:06.058154+09:00
Umbrella Asset,,,failed,False,2026-08-23T13:46:45.487661+09:00
Umbrella Assistant,,,failed,False,2026-08-21T00:06:31.070365+09:00
Umbrella Atlas,,,failed,False,2026-08-21T00:06:19.535864+09:00
Umbrella Attribute,,,failed,False,2026-08-23T13:05:12.905502+09:00
Umbrella Badge,90.0,50.0,success,False,2026-08-21T00:28:23.086581+09:00
Umbrella Base,22200.0,100.0,success,False,2026-08-21T00:11:58.658369+09:00
Umbrella Bay,30.0,79.0,success,False,2026-08-21T00:07:26.703840+09:00
Umbrella Beacon,,,failed,False,2026-08-21T00:11:07.276592+09:00
Umbrella Bill,30.0,0.0,success,False,2026-08-21T00:10:10.668873+09:00
Umbrella Bin,590.0,100.0,success,False,2026-08-21T00:08:12.228304+09:00
Umbrella Board,70.0,1.0,success,False,2026-08-19T22:41:53.355833+09:00
Umbrella Book,480.0,26.0,success,False,2026-08-21T00:10:27.698876+09:00
Umbrella Booth,40.0,85.0,success,False,2026-08-21T00:07:16.411531+09:00
Umbrella Bridge,70.0,0.0,success,False,2026-08-21T00:11:15.329507+09:00
Umbrella Brief,,,failed,False,2026-08-21T01:04:13.537026+09:00
Umbrella Bulletin,,,failed,False,2026-08-21T01:04:04.572867+09:00
Umbrella Calculator,880.0,22.0,success,False,2026-08-27T23:32:54.562632+09:00
Umbrella Card,170.0,33.0,success,False,2026-08-21T00:08:47.899784+09:00
Umbrella Cascade,,,failed,False,2026-08-21T00:11:12.755377+09:00
Umbrella Cash,20.0,0.0,success,False,2026-08-21T02:26:21.259847+09:00
Umbrella Cashback,,,failed,False,2026-08-27T21:18:29.046782+09:00
Umbrella Category,140.0,0.0,success,False,2026-08-23T13:05:09.962757+09:00
Umbrella Center,170.0,2.0,success,False,2026-08-21T00:05:36.511484+09:00
Umbrella Chain,40.0,30.0,success,False,2026-08-21T00:06:05.500178+09:00
Umbrella Charge,50.0,13.0,success,False,2026-08-21T02:42:54.824749+09:00
Umbrella Chart,590.0,0.0,success,False,2026-08-21T00:08:06.282154+09:00
Umbrella Check,70.0,67.0,success,False,2026-08-21T00:08:53.382830+09:00
Umbrella Checker,70.0,67.0,success,False,2026-08-27T23:53:12.173263+09:00
Umbrella Circular,,,failed,False,2026-08-21T01:04:18.102523+09:00
Umbrella Code,210.0,14.0,success,False,2026-08-21T00:10:14.810334+09:00
Umbrella Companion,,,failed,False,2026-08-21T00:06:41.845552+09:00
Umbrella Comparison,50.0,10.0,success,False,2026-08-28T01:04:54.734993+09:00
Umbrella Confirmation,,,failed,False,2026-08-21T01:05:11.632109+09:00
Umbrella Console,20.0,4.0,success,False,2026-08-21T00:05:45.974525+09:00
Umbrella Contribution,,,failed,False,2026-08-23T16:15:06.058154+09:00
Umbrella Core,260.0,86.0,success,False,2026-08-21T00:12:01.439565+09:00
Umbrella Cost,1300.0,80.0,success,False,2026-08-21T02:09:16.825512+09:00
Umbrella Count,,,failed,False,2026-08-27T22:44:08.062899+09:00
Umbrella Counter,,,failed,False,2026-08-21T00:07:10.102459+09:00
Umbrella Coupon,40.0,0.0,success,False,2026-08-27T21:18:26.738212+09:00
Umbrella Deal,170.0,98.0,success,False,2026-08-21T01:51:54.787871+09:00
Umbrella Debt,10.0,0.0,success,False,2026-08-21T02:26:14.215239+09:00
Umbrella Deck,6600.0,100.0,success,False,2026-08-19T23:13:53.160538+09:00
Umbrella Desk,480.0,57.0,success,False,2026-08-21T00:10:48.719546+09:00
Umbrella Detail,90.0,12.0,success,False,2026-08-23T03:24:18.387553+09:00
Umbrella Detector,,,failed,False,2026-08-27T23:53:21.557901+09:00
Umbrella Diagram,720.0,0.0,success,False,2026-08-27T22:14:14.143197+09:00
Umbrella Directory,,,failed,False,2026-08-21T00:06:59.654665+09:00
Umbrella Discount,30.0,100.0,success,False,2026-08-23T16:15:01.314751+09:00
Umbrella Dossier,,,failed,False,2026-08-21T01:04:45.668721+09:00
Umbrella Downpayment,,,failed,False,2026-08-27T21:49:42.725472+09:00
Umbrella Draft,,,failed,False,2026-08-21T00:09:42.716549+09:00
Umbrella Due,,,failed,False,2026-08-23T15:51:49.176648+09:00
Umbrella Duty,10.0,0.0,success,False,2026-08-21T02:42:57.314001+09:00
Umbrella Engine,30.0,0.0,success,False,2026-08-21T00:06:28.229778+09:00
Umbrella Entry,50.0,0.0,success,False,2026-08-21T01:05:06.601547+09:00
Umbrella Estimate,,,failed,False,2026-08-21T00:10:06.230079+09:00
Umbrella Estimator,,,failed,False,2026-08-27T23:53:07.557701+09:00
Umbrella Excerpt,,,failed,False,2026-08-21T01:04:52.081586+09:00
Umbrella Extension,210.0,58.0,success,False,2026-08-23T16:39:33.315090+09:00
Umbrella Fare,,,failed,False,2026-08-21T02:09:26.864571+09:00
Umbrella Fee,50.0,13.0,success,False,2026-08-21T01:51:27.074379+09:00
Umbrella Feed,,,failed,False,2026-08-21T00:09:38.850867+09:00
Umbrella File,40.0,0.0,success,False,2026-08-21T00:09:26.936437+09:00
Umbrella Fine,,,failed,False,2026-08-23T02:57:47.800883+09:00
Umbrella Flag,210.0,85.0,success,False,2026-08-21T00:29:13.109702+09:00
Umbrella Flow,,,failed,False,2026-08-21T00:10:41.968767+09:00
Umbrella Forge,30.0,0.0,success,False,2026-08-21T00:11:09.626115+09:00
Umbrella Form,90.0,0.0,success,False,2026-08-21T00:08:45.670716+09:00
Umbrella Format,90.0,0.0,success,False,2026-08-23T13:05:17.487653+09:00
Umbrella Frame,880.0,87.0,success,False,2026-08-21T00:11:53.848385+09:00
Umbrella Fund,1000.0,4.0,success,False,2026-08-21T02:26:18.130699+09:00
Umbrella Gate,70.0,0.0,success,False,2026-08-21T00:06:10.990572+09:00
Umbrella Giveaway,170.0,89.0,success,False,2026-08-27T21:18:45.597821+09:00
Umbrella Grade,,,failed,False,2026-08-21T00:28:53.322616+09:00
Umbrella Graph,50.0,0.0,success,False,2026-08-27T22:14:08.565651+09:00
Umbrella Grid,30.0,81.0,success,False,2026-08-21T00:11:33.849438+09:00
Umbrella Guarantee,10.0,14.0,success,False,2026-08-28T01:05:03.424573+09:00
Umbrella Guardian,10.0,50.0,success,False,2026-08-28T00:23:28.806149+09:00
Umbrella Harbor,,,failed,False,2026-08-21T00:07:44.849905+09:00
Umbrella Helpdesk,,,failed,False,2026-08-27T22:44:11.984469+09:00
Umbrella Helper,,,failed,False,2026-08-28T00:23:32.387348+09:00
Umbrella History,720.0,0.0,success,False,2026-08-21T00:09:19.692750+09:00
Umbrella Hub,170.0,14.0,success,False,2026-08-21T00:10:46.000113+09:00
Umbrella Identifier,,,failed,False,2026-08-23T13:05:07.059909+09:00
Umbrella Inbox,,,failed,False,2026-08-21T00:07:59.311862+09:00
Umbrella Incentive,,,failed,False,2026-08-27T21:18:35.629474+09:00
Umbrella Index,10.0,4.0,success,False,2026-08-21T00:10:01.982446+09:00
Umbrella Installment,,,failed,False,2026-08-23T16:15:01.314751+09:00
Umbrella Interest,,,failed,False,2026-08-23T13:46:45.487661+09:00
Umbrella Item,20.0,1.0,success,False,2026-08-21T01:51:40.699894+09:00
Umbrella Journal,90.0,0.0,success,False,2026-08-21T00:06:55.425363+09:00
Umbrella Keeper,70.0,99.0,success,False,2026-08-21T00:06:22.845965+09:00
Umbrella Kiosk,110.0,89.0,success,False,2026-08-21T00:07:19.615144+09:00
Umbrella Lab,14800.0,60.0,success,False,2026-08-21T00:05:26.838977+09:00
Umbrella Label,140.0,8.0,success,False,2026-08-27T22:14:08.565651+09:00
Umbrella Ledger,,,failed,False,2026-08-19T22:41:50.846543+09:00
Umbrella Level,,,failed,False,2026-08-21T00:09:30.468859+09:00
Umbrella Levy,,,failed,False,2026-08-23T13:46:47.656789+09:00
Umbrella Line,140.0,4.0,success,False,2026-08-21T00:08:26.557259+09:00
Umbrella Link,40.0,2.0,success,False,2026-08-23T03:24:09.830834+09:00
Umbrella List,70.0,0.0,success,False,2026-08-21T00:10:17.224400+09:00
Umbrella Loan,320.0,9.0,success,False,2026-08-21T02:09:35.775353+09:00
Umbrella Lobby,,,failed,False,2026-08-21T00:08:19.938205+09:00
Umbrella Locator,,,failed,False,2026-08-21T00:07:02.641295+09:00
Umbrella Locker,70.0,15.0,success,False,2026-08-21T00:07:13.344965+09:00
Umbrella Log,40.0,1.0,success,False,2026-08-21T00:08:43.301972+09:00
Umbrella Loop,20.0,17.0,success,False,2026-08-21T00:11:31.112963+09:00
Umbrella Manager,20.0,0.0,success,False,2026-08-21T00:06:26.162440+09:00
Umbrella Manual,480.0,99.0,success,False,2026-08-27T22:14:14.143197+09:00
Umbrella Map,90.0,74.0,success,False,2026-08-21T00:11:51.224044+09:00
Umbrella Margin,10.0,13.0,success,False,2026-08-23T02:57:45.364347+09:00
Umbrella Markup,,,failed,False,2026-08-23T16:39:30.994856+09:00
Umbrella Memo,,,failed,False,2026-08-21T00:28:59.306676+09:00
Umbrella Message,70.0,1.0,success,False,2026-08-27T23:10:17.409830+09:00
Umbrella Monitor,50.0,12.0,success,False,2026-08-21T00:06:39.076451+09:00
Umbrella Nexus,,,failed,False,2026-08-21T00:06:15.045348+09:00
Umbrella Note,40.0,0.0,success,False,2026-08-21T00:09:02.871951+09:00
Umbrella Notification,10.0,0.0,success,False,2026-08-27T22:51:48.588261+09:00
Umbrella Number,110.0,1.0,success,False,2026-08-23T03:24:01.511685+09:00
Umbrella Office,210.0,94.0,success,False,2026-08-21T00:07:07.636475+09:00
Umbrella Ops,10.0,0.0,success,False,2026-08-21T00:06:48.646021+09:00
Umbrella Order,140.0,100.0,success,False,2026-08-21T00:10:08.386733+09:00
Umbrella Outpost,,,failed,False,2026-08-21T00:07:33.633888+09:00
Umbrella Overage,,,failed,False,2026-08-27T21:49:38.109800+09:00
Umbrella Overdue,,,failed,False,2026-08-27T21:49:35.975851+09:00
Umbrella Panel,210.0,27.0,success,False,2026-08-21T00:05:49.318712+09:00
Umbrella Pass,50.0,0.0,success,False,2026-08-21T00:28:09.542795+09:00
Umbrella Passport,10.0,6.0,success,False,2026-08-21T00:08:16.662845+09:00
Umbrella Path,70.0,6.0,success,False,2026-08-21T00:11:41.126262+09:00
Umbrella Payoff,,,failed,False,2026-08-27T21:49:35.975851+09:00
Umbrella Penalty,,,failed,False,2026-08-23T16:39:30.994856+09:00
Umbrella Petition,,,failed,False,2026-08-21T01:04:35.050629+09:00
Umbrella Plan,170.0,4.0,success,False,2026-08-21T01:51:52.747806+09:00
Umbrella Planner,,,failed,False,2026-08-21T00:06:33.457247+09:00
Umbrella Playbook,,,failed,False,2026-08-21T00:06:52.239933+09:00
Umbrella Plaza,110.0,16.0,success,False,2026-08-21T00:07:38.957051+09:00
Umbrella Point,210.0,5.0,success,False,2026-08-21T00:11:44.764762+09:00
Umbrella Portal,140.0,19.0,success,False,2026-08-21T00:05:42.702163+09:00
Umbrella Post,170.0,100.0,success,False,2026-08-21T00:07:30.087170+09:00
Umbrella Preview,,,failed,False,2026-08-28T01:04:57.702842+09:00
Umbrella Profile,40.0,1.0,success,False,2026-08-21T00:09:09.007645+09:00
Umbrella Profit,,,failed,False,2026-08-23T02:57:40.926366+09:00
Umbrella Proposal,20.0,0.0,success,False,2026-08-28T01:05:00.784184+09:00
Umbrella Quota,,,failed,False,2026-08-21T00:29:07.557420+09:00
Umbrella Radar,,,failed,False,2026-08-21T00:10:55.494824+09:00
Umbrella Rail,,,failed,False,2026-08-21T00:05:58.957091+09:00
Umbrella Rate,390.0,74.0,success,False,2026-08-21T00:09:33.821521+09:00
Umbrella Recap,10.0,,success,False,2026-08-21T01:05:18.575555+09:00
Umbrella Receipt,,,failed,False,2026-08-21T00:10:12.835483+09:00
Umbrella Register,,,failed,False,2026-08-21T00:06:45.845117+09:00
Umbrella Relay,,,failed,False,2026-08-21T00:10:58.171885+09:00
Umbrella Reminder,20.0,0.0,success,False,2026-08-21T00:09:59.655575+09:00
Umbrella Report,30.0,5.0,success,False,2026-08-21T00:08:39.923175+09:00
Umbrella Ring,1300.0,63.0,success,False,2026-08-21T00:06:08.424463+09:00
Umbrella Roll,,,failed,False,2026-08-21T00:08:32.112101+09:00
Umbrella Roster,,,failed,False,2026-08-21T00:07:55.712848+09:00
Umbrella Route,,,failed,False,2026-08-21T00:05:56.272120+09:00
Umbrella Rule,110.0,0.0,success,False,2026-08-23T03:24:13.637906+09:00
Umbrella Sale,5400.0,100.0,success,False,2026-08-21T02:26:24.473700+09:00
Umbrella Sample,40.0,24.0,success,False,2026-08-21T00:10:34.597077+09:00
Umbrella Scale,10.0,0.0,success,False,2026-08-21T00:05:53.181576+09:00
Umbrella Scanner,,,failed,False,2026-08-27T23:53:16.393422+09:00
Umbrella Scope,,,failed,False,2026-08-21T00:11:27.452285+09:00
Umbrella Score,10.0,0.0,success,False,2026-08-21T00:09:00.299581+09:00
Umbrella Sheet,170.0,100.0,success,False,2026-08-21T00:08:50.298724+09:00
Umbrella Shelf,70.0,96.0,success,False,2026-08-21T00:07:51.744677+09:00
Umbrella Shortfall,,,failed,False,2026-08-27T21:49:42.725472+09:00
Umbrella Signal,10.0,0.0,success,False,2026-08-21T00:11:18.069642+09:00
Umbrella Signature,50.0,78.0,success,False,2026-08-23T13:27:05.347974+09:00
Umbrella Slip,90.0,3.0,success,False,2026-08-21T00:10:31.102119+09:00
Umbrella Slot,20.0,0.0,success,False,2026-08-21T00:10:37.172281+09:00
Umbrella Stake,210.0,100.0,success,False,2026-08-23T02:57:45.364347+09:00
Umbrella Statement,260.0,33.0,success,False,2026-08-21T00:28:39.996166+09:00
Umbrella Station,210.0,37.0,success,False,2026-08-21T00:05:29.824761+09:00
Umbrella Status,3600.0,0.0,success,True,2026-08-21T00:09:11.987938+09:00
Umbrella Stub,,,failed,False,2026-08-21T00:28:30.302130+09:00
Umbrella Studio,880.0,5.0,success,False,2026-08-21T00:05:23.895920+09:00
Umbrella Sum,,,failed,False,2026-08-21T02:26:10.275506+09:00
Umbrella Summary,20.0,0.0,success,False,2026-08-21T00:09:46.713564+09:00
Umbrella Surtax,,,failed,False,2026-08-23T15:51:51.217465+09:00
Umbrella Tab,110.0,2.0,success,False,2026-08-21T00:29:21.936028+09:00
Umbrella Table,3600.0,100.0,success,False,2026-08-21T00:10:20.448306+09:00
Umbrella Tag,140.0,12.0,success,False,2026-08-21T00:09:06.463923+09:00
Umbrella Tally,,,failed,False,2026-08-21T00:28:44.167575+09:00
Umbrella Tariff,,,failed,False,2026-08-21T02:43:07.410836+09:00
Umbrella Tax,170.0,14.0,success,False,2026-08-21T02:09:31.680775+09:00
Umbrella Terminal,,,failed,False,2026-08-21T00:05:32.052210+09:00
Umbrella Ticker,,,failed,False,2026-08-21T00:08:22.856324+09:00
Umbrella Ticket,30.0,0.0,success,False,2026-08-21T00:10:04.105660+09:00
Umbrella Tier,,,failed,False,2026-08-28T00:47:08.445911+09:00
Umbrella Timeline,20.0,0.0,success,False,2026-08-21T00:09:53.180945+09:00
Umbrella Timer,,,failed,False,2026-08-28T00:23:24.069179+09:00
Umbrella Toll,10.0,,success,False,2026-08-21T02:42:59.558136+09:00
Umbrella Toolbox,,,failed,False,2026-08-28T00:23:32.387348+09:00
Umbrella Total,,,failed,False,2026-08-27T23:10:19.958354+09:00
Umbrella Tower,210.0,2.0,success,False,2026-08-21T00:07:47.780593+09:00
Umbrella Tracker,110.0,79.0,success,False,2026-08-21T00:10:39.439345+09:00
Umbrella Trail,10.0,0.0,success,False,2026-08-21T00:06:02.924923+09:00
Umbrella Trend,110.0,57.0,success,False,2026-08-28T01:04:51.979139+09:00
Umbrella Trial,390.0,2.0,success,False,2026-08-27T21:18:29.046782+09:00
Umbrella Unit,50.0,3.0,success,False,2026-08-21T01:51:43.156382+09:00
Umbrella Update,10.0,0.0,success,False,2026-08-21T00:09:36.388404+09:00
Umbrella Value,,,failed,False,2026-08-23T02:57:43.117346+09:00
Umbrella Vault,30.0,0.0,success,False,2026-08-21T00:11:01.156571+09:00
Umbrella Version,30.0,21.0,success,False,2026-08-23T03:24:05.243173+09:00
Umbrella View,40.0,0.0,success,False,2026-08-21T00:09:15.337380+09:00
Umbrella Voucher,,,failed,False,2026-08-21T00:28:15.750952+09:00
Umbrella Watch,170.0,51.0,success,False,2026-08-21T00:11:23.626216+09:00
Umbrella Wave,,,failed,False,2026-08-21T00:11:37.455869+09:00
Umbrella Widget,,,failed,False,2026-08-27T23:10:19.958354+09:00
Umbrella Window,50.0,25.0,success,False,2026-08-21T00:08:29.674648+09:00
Umbrella Worksheet,170.0,0.0,success,False,2026-08-27T22:14:14.143197+09:00
Umbrella Yard,90.0,100.0,success,False,2026-08-21T00:07:23.788027+09:00
Umbrella Zone,30.0,0.0,success,False,2026-08-21T00:05:39.660885+09:00
Underwriter Advance,,,failed,False,2026-08-23T16:14:15.763731+09:00
Underwriter Alert,,,failed,False,2026-08-21T00:47:44.020698+09:00
Underwriter Allowance,,,failed,False,2026-08-21T02:41:35.267281+09:00
Underwriter Analyzer,,,failed,False,2026-08-27T23:51:57.345982+09:00
Underwriter Announcement,,,failed,False,2026-08-27T23:31:37.799226+09:00
Underwriter Asset,,,failed,False,2026-08-23T13:46:12.042463+09:00
Underwriter Assistant,2900.0,4.0,success,False,2026-08-21T00:45:57.527663+09:00
Underwriter Atlas,,,failed,False,2026-08-21T00:45:50.178398+09:00
Underwriter Attribute,,,failed,False,2026-08-23T13:09:58.883939+09:00
Underwriter Badge,,,failed,False,2026-08-21T00:50:45.127530+09:00
Underwriter Balance,,,failed,False,2026-08-23T13:46:02.473862+09:00
Underwriter Base,,,failed,False,2026-08-21T00:44:32.272154+09:00
Underwriter Bay,,,failed,False,2026-08-21T00:47:07.675748+09:00
Underwriter Beacon,,,failed,False,2026-08-21T00:43:34.117910+09:00
Underwriter Bill,,,failed,False,2026-08-21T00:50:07.130228+09:00
Underwriter Board,,,failed,False,2026-08-21T00:44:45.180563+09:00
Underwriter Booth,,,failed,False,2026-08-21T00:46:54.280562+09:00
Underwriter Bridge,,,failed,False,2026-08-21T00:43:46.604021+09:00
Underwriter Brief,,,failed,False,2026-08-21T01:01:28.263811+09:00
Underwriter Bulletin,,,failed,False,2026-08-21T01:01:25.263035+09:00
Underwriter Calendar,,,failed,False,2026-08-21T00:46:31.440534+09:00
Underwriter Card,,,failed,False,2026-08-21T00:48:30.052376+09:00
Underwriter Cascade,,,failed,False,2026-08-21T00:43:39.738116+09:00
Underwriter Cash,,,failed,False,2026-08-21T02:24:33.883948+09:00
Underwriter Category,,,failed,False,2026-08-23T13:09:55.014275+09:00
Underwriter Center,,,failed,False,2026-08-21T00:45:08.644829+09:00
Underwriter Chain,,,failed,False,2026-08-21T00:45:39.218297+09:00
Underwriter Charge,,,failed,False,2026-08-21T02:41:24.321159+09:00
Underwriter Chart,,,failed,False,2026-08-21T00:47:46.608049+09:00
Underwriter Check,10.0,1.0,success,False,2026-08-21T00:48:40.223162+09:00
Underwriter Checker,,,failed,False,2026-08-27T23:51:51.958622+09:00
Underwriter Code,,,failed,False,2026-08-21T00:50:15.253919+09:00
Underwriter Companion,,,failed,False,2026-08-21T00:46:10.718962+09:00
Underwriter Comparison,,,failed,False,2026-08-28T01:04:00.519509+09:00
Underwriter Compass,,,failed,False,2026-08-21T00:51:40.152987+09:00
Underwriter Confirmation,,,failed,False,2026-08-21T01:01:44.513558+09:00
Underwriter Console,,,failed,False,2026-08-21T00:45:19.199440+09:00
Underwriter Core,,,failed,False,2026-08-21T00:44:36.517071+09:00
Underwriter Cost,,,failed,False,2026-08-21T02:07:20.173569+09:00
Underwriter Count,,,failed,False,2026-08-27T22:51:00.093213+09:00
Underwriter Counter,,,failed,False,2026-08-21T00:46:47.041557+09:00
Underwriter Deal,,,failed,False,2026-08-21T01:59:53.471915+09:00
Underwriter Debt,,,failed,False,2026-08-21T02:24:23.153426+09:00
Underwriter Deck,,,failed,False,2026-08-21T00:44:52.376787+09:00
Underwriter Desk,,,failed,False,2026-08-21T00:51:25.324564+09:00
Underwriter Detail,,,failed,False,2026-08-23T03:22:53.557175+09:00
Underwriter Directory,,,failed,False,2026-08-21T00:46:35.033553+09:00
Underwriter Discount,70.0,0.0,success,False,2026-08-23T16:14:05.017306+09:00
Underwriter Dossier,,,failed,False,2026-08-21T01:01:47.037702+09:00
Underwriter Downpayment,,,failed,False,2026-08-27T21:48:42.861590+09:00
Underwriter Draft,,,failed,False,2026-08-21T00:49:37.584742+09:00
Underwriter Duty,,,failed,False,2026-08-21T02:41:28.147668+09:00
Underwriter Endowment,,,failed,False,2026-08-23T15:51:26.748439+09:00
Underwriter Engine,,,failed,False,2026-08-21T00:45:54.993375+09:00
Underwriter Entry,10.0,23.0,success,False,2026-08-21T01:02:06.881859+09:00
Underwriter Estimate,,,failed,False,2026-08-21T00:49:59.942955+09:00
Underwriter Excerpt,,,failed,False,2026-08-21T01:02:54.788235+09:00
Underwriter Fare,,,failed,False,2026-08-21T02:07:34.217644+09:00
Underwriter Fee,590.0,0.0,success,False,2026-08-21T01:59:39.898712+09:00
Underwriter Feed,,,failed,False,2026-08-21T00:49:35.190382+09:00
Underwriter File,,,failed,False,2026-08-21T00:49:15.446712+09:00
Underwriter Fine,,,failed,False,2026-08-23T02:56:45.800075+09:00
Underwriter Flow,,,failed,False,2026-08-21T00:51:16.185060+09:00
Underwriter Forge,,,failed,False,2026-08-21T00:43:36.715710+09:00
Underwriter Form,,,failed,False,2026-08-21T00:48:26.954363+09:00
Underwriter Frame,,,failed,False,2026-08-21T00:44:30.138587+09:00
Underwriter Fund,,,failed,False,2026-08-21T02:24:27.084847+09:00
Underwriter Gate,,,failed,False,2026-08-21T00:45:45.302081+09:00
Underwriter Graph,,,failed,False,2026-08-27T22:12:52.289733+09:00
Underwriter Grid,,,failed,False,2026-08-21T00:44:10.518978+09:00
Underwriter Guarantee,,,failed,False,2026-08-28T01:04:09.060597+09:00
Underwriter Guardian,,,failed,False,2026-08-28T00:22:28.798439+09:00
Underwriter Harbor,,,failed,False,2026-08-21T00:47:23.165444+09:00
Underwriter Helpdesk,,,failed,False,2026-08-27T22:51:00.093213+09:00
Underwriter Helper,,,failed,False,2026-08-28T00:22:34.191902+09:00
Underwriter History,,,failed,False,2026-08-21T00:49:12.731444+09:00
Underwriter Hub,,,failed,False,2026-08-21T00:51:18.988117+09:00
Underwriter Identifier,,,failed,False,2026-08-23T13:09:53.012547+09:00
Underwriter Inbox,,,failed,False,2026-08-21T00:47:36.977895+09:00
Underwriter Index,,,failed,False,2026-08-21T00:49:52.271441+09:00
Underwriter Installment,,,failed,False,2026-08-23T16:14:08.408734+09:00
Underwriter Interest,,,failed,False,2026-08-23T13:46:02.473862+09:00
Underwriter Item,,,failed,False,2026-08-21T01:59:42.509744+09:00
Underwriter Journal,,,failed,False,2026-08-21T00:46:26.587388+09:00
Underwriter Keeper,,,failed,False,2026-08-21T00:45:50.178398+09:00
Underwriter Kit,,,failed,False,2026-08-27T22:50:57.800091+09:00
Underwriter Lab,6600.0,10.0,success,False,2026-08-21T00:44:58.799520+09:00
Underwriter Ledger,,,failed,False,2026-08-21T00:44:42.710868+09:00
Underwriter Level,,,failed,False,2026-08-21T00:49:18.470865+09:00
Underwriter Levy,,,failed,False,2026-08-23T13:46:12.042463+09:00
Underwriter Line,,,failed,False,2026-08-21T00:48:07.260312+09:00
Underwriter Link,,,failed,False,2026-08-23T03:22:45.099275+09:00
Underwriter List,,,failed,False,2026-08-21T00:50:17.936305+09:00
Underwriter Loan,4400.0,9.0,success,False,2026-08-21T02:07:41.553019+09:00
Underwriter Lobby,,,failed,False,2026-08-21T00:47:57.951273+09:00
Underwriter Locator,,,failed,False,2026-08-21T00:46:37.254114+09:00
Underwriter Locker,,,failed,False,2026-08-21T00:46:52.072318+09:00
Underwriter Log,,,failed,False,2026-08-21T00:48:22.062191+09:00
Underwriter Loop,,,failed,False,2026-08-21T00:44:03.384423+09:00
Underwriter Manager,390.0,1.0,success,False,2026-08-21T00:45:52.774285+09:00
Underwriter Manual,,,failed,False,2026-08-27T22:13:01.149795+09:00
Underwriter Map,,,failed,False,2026-08-21T00:44:23.943990+09:00
Underwriter Margin,,,failed,False,2026-08-23T02:56:43.732981+09:00
Underwriter Markup,,,failed,False,2026-08-23T16:39:00.201041+09:00
Underwriter Memo,,,failed,False,2026-08-21T00:51:01.092563+09:00
Underwriter Message,,,failed,False,2026-08-27T23:16:37.182537+09:00
Underwriter Monitor,,,failed,False,2026-08-21T00:46:06.764298+09:00
Underwriter Nexus,,,failed,False,2026-08-21T00:45:47.976857+09:00
Underwriter Note,,,failed,False,2026-08-21T00:48:51.829218+09:00
Underwriter Notification,,,failed,False,2026-08-27T22:50:55.041515+09:00
Underwriter Number,,,failed,False,2026-08-23T03:22:34.004366+09:00
Underwriter Office,,,failed,False,2026-08-21T00:46:44.759034+09:00
Underwriter Ops,,,failed,False,2026-08-21T00:46:19.116405+09:00
Underwriter Order,,,failed,False,2026-08-21T00:50:02.185546+09:00
Underwriter Outpost,,,failed,False,2026-08-21T00:47:16.635421+09:00
Underwriter Overage,,,failed,False,2026-08-27T21:48:40.249889+09:00
Underwriter Overdraft,,,failed,False,2026-08-23T15:51:22.397294+09:00
Underwriter Overdue,,,failed,False,2026-08-27T21:48:35.689301+09:00
Underwriter Panel,,,failed,False,2026-08-21T00:45:22.913101+09:00
Underwriter Pass,,,failed,False,2026-08-21T00:50:38.979933+09:00
Underwriter Passport,,,failed,False,2026-08-21T00:47:54.639607+09:00
Underwriter Path,,,failed,False,2026-08-21T00:44:18.522946+09:00
Underwriter Payoff,,,failed,False,2026-08-27T21:48:38.041939+09:00
Underwriter Petition,,,failed,False,2026-08-21T01:01:39.197827+09:00
Underwriter Plan,,,failed,False,2026-08-21T01:59:50.051478+09:00
Underwriter Planner,,,failed,False,2026-08-21T00:45:59.951643+09:00
Underwriter Playbook,,,failed,False,2026-08-21T00:46:21.529361+09:00
Underwriter Plaza,,,failed,False,2026-08-21T00:47:19.116810+09:00
Underwriter Point,,,failed,False,2026-08-21T00:44:21.197874+09:00
Underwriter Portal,,,failed,False,2026-08-21T00:45:16.204972+09:00
Underwriter Post,,,failed,False,2026-08-21T00:47:10.612469+09:00
Underwriter Profile,10.0,2.0,success,False,2026-08-21T00:48:57.806090+09:00
Underwriter Profit,,,failed,False,2026-08-23T02:56:35.195472+09:00
Underwriter Quota,,,failed,False,2026-08-21T00:51:04.799989+09:00
Underwriter Radar,,,failed,False,2026-08-21T00:51:27.534494+09:00
Underwriter Rail,,,failed,False,2026-08-21T00:45:33.278488+09:00
Underwriter Rank,,,failed,False,2026-08-28T00:46:44.536375+09:00
Underwriter Rate,,,failed,False,2026-08-21T00:49:24.098446+09:00
Underwriter Recap,,,failed,False,2026-08-21T01:01:56.777468+09:00
Underwriter Receipt,,,failed,False,2026-08-21T00:50:09.781883+09:00
Underwriter Recorder,,,failed,False,2026-08-27T23:31:50.398588+09:00
Underwriter Register,,,failed,False,2026-08-21T00:46:15.039620+09:00
Underwriter Relay,,,failed,False,2026-08-21T00:51:33.449317+09:00
Underwriter Reminder,,,failed,False,2026-08-21T00:49:49.714688+09:00
Underwriter Report,50.0,4.0,success,False,2026-08-21T00:48:18.650216+09:00
Underwriter Ring,,,failed,False,2026-08-21T00:45:41.384268+09:00
Underwriter Roll,,,failed,False,2026-08-21T00:48:15.897610+09:00
Underwriter Roster,,,failed,False,2026-08-21T00:47:34.415597+09:00
Underwriter Route,,,failed,False,2026-08-21T00:45:30.035458+09:00
Underwriter Rule,,,failed,False,2026-08-23T03:22:48.132111+09:00
Underwriter Sale,,,failed,False,2026-08-21T02:24:36.091430+09:00
Underwriter Sample,,,failed,False,2026-08-21T00:50:29.679005+09:00
Underwriter Scale,,,failed,False,2026-08-21T00:45:26.531767+09:00
Underwriter Scope,,,failed,False,2026-08-21T00:43:59.576313+09:00
Underwriter Score,,,failed,False,2026-08-21T00:48:44.199856+09:00
Underwriter Sheet,,,failed,False,2026-08-21T00:48:36.635325+09:00
Underwriter Shortfall,,,failed,False,2026-08-27T21:48:46.666341+09:00
Underwriter Signal,,,failed,False,2026-08-21T00:43:49.917491+09:00
Underwriter Signature,,,failed,False,2026-08-23T13:26:32.402839+09:00
Underwriter Slip,,,failed,False,2026-08-21T00:50:26.220127+09:00
Underwriter Slot,,,failed,False,2026-08-21T00:50:33.252784+09:00
Underwriter Stake,,,failed,False,2026-08-23T02:56:41.108127+09:00
Underwriter Stamp,,,failed,False,2026-08-23T13:26:38.136224+09:00
Underwriter Statement,,,failed,False,2026-08-21T00:50:54.055448+09:00
Underwriter Station,,,failed,False,2026-08-21T00:45:03.734783+09:00
Underwriter Status,,,failed,False,2026-08-21T00:49:04.500727+09:00
Underwriter Stub,,,failed,False,2026-08-21T00:50:50.084554+09:00
Underwriter Studio,,,failed,False,2026-08-21T00:44:54.956989+09:00
Underwriter Subsidy,,,failed,False,2026-08-23T15:51:24.556081+09:00
Underwriter Sum,,,failed,False,2026-08-21T02:24:14.838617+09:00
Underwriter Summary,,,failed,False,2026-08-21T00:49:41.369493+09:00
Underwriter Surtax,,,failed,False,2026-08-23T15:51:26.748439+09:00
Underwriter Tab,,,failed,False,2026-08-21T00:51:07.998109+09:00
Underwriter Table,,,failed,False,2026-08-21T00:50:21.320378+09:00
Underwriter Tag,,,failed,False,2026-08-21T00:48:54.666046+09:00
Underwriter Tariff,,,failed,False,2026-08-21T02:41:38.667611+09:00
Underwriter Tax,,,failed,False,2026-08-21T02:07:37.270032+09:00
Underwriter Terminal,,,failed,False,2026-08-21T00:45:06.062419+09:00
Underwriter Ticker,,,failed,False,2026-08-21T00:48:04.911148+09:00
Underwriter Ticket,,,failed,False,2026-08-21T00:49:56.955669+09:00
Underwriter Tier,,,failed,False,2026-08-28T00:46:39.262631+09:00
Underwriter Timeline,,,failed,False,2026-08-21T00:49:47.730802+09:00
Underwriter Timer,,,failed,False,2026-08-28T00:22:26.191039+09:00
Underwriter Token,,,failed,False,2026-08-23T13:26:30.213560+09:00
Underwriter Toll,,,failed,False,2026-08-21T02:41:32.223715+09:00
Underwriter Toolbox,,,failed,False,2026-08-28T00:22:31.262546+09:00
Underwriter Total,,,failed,False,2026-08-27T23:16:41.409509+09:00
Underwriter Tracker,10.0,0.0,success,False,2026-08-21T00:51:13.532405+09:00
Underwriter Trail,,,failed,False,2026-08-21T00:45:35.455027+09:00
Underwriter Trial,,,failed,False,2026-08-27T21:17:31.626510+09:00
Underwriter Unit,,,failed,False,2026-08-21T01:59:47.241476+09:00
Underwriter Update,,,failed,False,2026-08-21T00:49:27.660795+09:00
Underwriter Value,,,failed,False,2026-08-23T02:56:38.023044+09:00
Underwriter Vault,,,failed,False,2026-08-21T00:51:35.796791+09:00
Underwriter Version,,,failed,False,2026-08-23T03:22:42.501986+09:00
Underwriter View,,,failed,False,2026-08-21T00:49:07.202034+09:00
Underwriter Voucher,,,failed,False,2026-08-21T00:50:41.630976+09:00
Underwriter Watch,,,failed,False,2026-08-21T00:43:57.229807+09:00
Underwriter Wave,,,failed,False,2026-08-21T00:44:13.071089+09:00
Underwriter Widget,,,failed,False,2026-08-27T23:16:41.409509+09:00
Underwriter Window,,,failed,False,2026-08-21T00:48:09.704229+09:00
Underwriter Worksheet,,,failed,False,2026-08-27T22:13:01.149795+09:00
Underwriter Yard,,,failed,False,2026-08-21T00:47:05.432306+09:00
Underwriter Zone,,,failed,False,2026-08-21T00:45:13.293562+09:00
Underwriting Advance,,,failed,False,2026-08-23T16:13:58.601282+09:00
Underwriting Advisory,,,failed,False,2026-08-21T01:02:14.395969+09:00
Underwriting Allowance,,,failed,False,2026-08-21T02:39:34.519072+09:00
Underwriting Almanac,,,failed,False,2026-08-18T23:52:22.331385+09:00
Underwriting Analyzer,,,failed,False,2026-08-27T23:56:00.047193+09:00
Underwriting Anchor,,,failed,False,2026-08-17T20:43:29.254301+09:00
Underwriting Arrears,,,failed,False,2026-08-23T16:13:58.601282+09:00
Underwriting Assistant,2900.0,4.0,success,False,2026-08-17T23:03:55.937111+09:00
Underwriting Atlas,,,failed,False,2026-08-17T20:34:15.100698+09:00
Underwriting Attribute,,,failed,False,2026-08-23T13:06:51.579478+09:00
Underwriting Balance,,,failed,False,2026-08-23T13:46:50.376234+09:00
Underwriting Base,,,failed,False,2026-08-18T07:43:44.841764+09:00
Underwriting Beacon,,,failed,False,2026-08-17T20:47:23.581270+09:00
Underwriting Bill,,,failed,False,2026-08-19T21:47:20.280191+09:00
Underwriting Blueprint,,,failed,False,2026-08-18T23:52:22.331385+09:00
Underwriting Board,,,failed,False,2026-08-17T21:38:00.601683+09:00
Underwriting Book,50.0,59.0,success,False,2026-08-19T21:48:27.069382+09:00
Underwriting Bridge,,,failed,False,2026-08-17T20:44:20.013961+09:00
Underwriting Brief,,,failed,False,2026-08-21T01:00:13.557875+09:00
Underwriting Bulletin,,,failed,False,2026-08-21T01:00:07.021185+09:00
Underwriting Cabinet,,,failed,False,2026-08-27T23:13:31.938909+09:00
Underwriting Calculator,50.0,21.0,success,False,2026-08-27T23:34:39.372847+09:00
Underwriting Calendar,,,failed,False,2026-08-19T00:01:14.805570+09:00
Underwriting Card,,,failed,False,2026-08-19T13:39:51.910868+09:00
Underwriting Cascade,,,failed,False,2026-08-17T20:45:18.923986+09:00
Underwriting Cash,,,failed,False,2026-08-21T02:24:08.080909+09:00
Underwriting Catalog,,,failed,False,2026-08-19T21:05:18.754911+09:00
Underwriting Category,,,failed,False,2026-08-23T13:06:49.264367+09:00
Underwriting Center,20.0,1.0,success,False,2026-08-17T21:31:30.369012+09:00
Underwriting Chain,,,failed,False,2026-08-17T20:38:51.261946+09:00
Underwriting Charge,,,failed,False,2026-08-21T02:39:20.009212+09:00
Underwriting Check,20.0,0.0,success,False,2026-08-19T13:40:19.370480+09:00
Underwriting Checker,,,failed,False,2026-08-27T23:55:42.824458+09:00
Underwriting Checklist,70.0,1.0,success,False,2026-08-19T21:04:13.651960+09:00
Underwriting Circular,,,failed,False,2026-08-21T01:00:18.302882+09:00
Underwriting Cockpit,,,failed,False,2026-08-17T23:30:52.147668+09:00
Underwriting Code,,,failed,False,2026-08-19T21:47:46.224144+09:00
Underwriting Codex,,,failed,False,2026-08-18T23:52:22.331385+09:00
Underwriting Companion,,,failed,False,2026-08-17T23:14:27.748058+09:00
Underwriting Comparison,,,failed,False,2026-08-28T01:05:44.373460+09:00
Underwriting Compass,,,failed,False,2026-08-17T20:48:37.567206+09:00
Underwriting Compendium,,,failed,False,2026-08-18T23:52:22.331385+09:00
Underwriting Confirmation,,,failed,False,2026-08-21T01:00:31.922622+09:00
Underwriting Console,,,failed,False,2026-08-17T20:46:46.837602+09:00
Underwriting Contribution,,,failed,False,2026-08-23T16:13:55.875301+09:00
Underwriting Copayment,,,failed,False,2026-08-23T16:38:38.724720+09:00
Underwriting Core,,,failed,False,2026-08-17T21:41:28.759770+09:00
Underwriting Cost,90.0,0.0,success,False,2026-08-21T02:08:52.269018+09:00
Underwriting Count,,,failed,False,2026-08-27T22:48:20.741854+09:00
Underwriting Counter,,,failed,False,2026-08-19T00:02:04.506577+09:00
Underwriting Dashboard,40.0,16.0,success,False,2026-08-17T23:07:32.474026+09:00
Underwriting Deal,110.0,1.0,success,False,2026-08-21T01:53:02.269948+09:00
Underwriting Debt,140.0,1.0,success,False,2026-08-21T02:23:59.841123+09:00
Underwriting Deck,,,failed,False,2026-08-17T21:36:50.527973+09:00
Underwriting Depot,,,failed,False,2026-08-19T00:01:46.968095+09:00
Underwriting Desk,20.0,1.0,success,False,2026-08-17T21:34:15.444697+09:00
Underwriting Detail,,,failed,False,2026-08-23T03:18:33.193002+09:00
Underwriting Detector,,,failed,False,2026-08-27T23:55:53.687521+09:00
Underwriting Diagram,,,failed,False,2026-08-27T22:10:43.212581+09:00
Underwriting Dial,,,failed,False,2026-08-17T20:44:43.054193+09:00
Underwriting Digest,,,failed,False,2026-08-19T20:37:14.893241+09:00
Underwriting Directory,,,failed,False,2026-08-19T00:01:24.646371+09:00
Underwriting Discount,70.0,0.0,success,False,2026-08-23T16:13:47.418622+09:00
Underwriting Dock,,,failed,False,2026-08-17T20:41:19.373388+09:00
Underwriting Dossier,,,failed,False,2026-08-21T01:00:36.022676+09:00
Underwriting Downpayment,,,failed,False,2026-08-27T21:47:10.651342+09:00
Underwriting Draft,,,failed,False,2026-08-19T20:37:37.988161+09:00
Underwriting Due,,,failed,False,2026-08-23T15:51:42.166674+09:00
Underwriting Duty,,,failed,False,2026-08-21T02:39:27.182357+09:00
Underwriting Engine,50.0,29.0,success,False,2026-08-17T23:29:49.351305+09:00
Underwriting Entry,,,failed,False,2026-08-21T01:00:44.838906+09:00
Underwriting Estimate,,,failed,False,2026-08-19T21:05:05.946905+09:00
Underwriting Estimator,,,failed,False,2026-08-27T23:55:40.198338+09:00
Underwriting Excerpt,,,failed,False,2026-08-21T01:02:23.111892+09:00
Underwriting Extension,,,failed,False,2026-08-23T16:38:42.507764+09:00
Underwriting Fare,,,failed,False,2026-08-21T02:09:00.837465+09:00
Underwriting Fee,590.0,0.0,success,False,2026-08-21T01:52:40.677259+09:00
Underwriting Feed,,,failed,False,2026-08-19T20:37:25.311012+09:00
Underwriting Field,,,failed,False,2026-08-23T13:06:54.038616+09:00
Underwriting File,20.0,0.0,success,False,2026-08-19T20:49:19.848949+09:00
Underwriting Finder,,,failed,False,2026-08-19T00:01:37.572111+09:00
Underwriting Fine,,,failed,False,2026-08-23T02:54:35.289098+09:00
Underwriting Flag,,,failed,False,2026-08-21T00:27:19.385133+09:00
Underwriting Flow,,,failed,False,2026-08-17T21:37:26.190503+09:00
Underwriting Forge,,,failed,False,2026-08-17T20:46:07.350212+09:00
Underwriting Form,50.0,0.0,success,False,2026-08-19T13:39:37.773489+09:00
Underwriting Frame,,,failed,False,2026-08-18T07:43:38.150133+09:00
Underwriting Fund,,,failed,False,2026-08-21T02:24:04.256033+09:00
Underwriting Gate,,,failed,False,2026-08-17T20:36:04.789698+09:00
Underwriting Generator,,,failed,False,2026-08-27T23:34:44.753648+09:00
Underwriting Grade,,,failed,False,2026-08-21T00:26:49.726902+09:00
Underwriting Graph,,,failed,False,2026-08-27T22:10:35.314261+09:00
Underwriting Grid,,,failed,False,2026-08-17T20:39:18.247368+09:00
Underwriting Guarantee,10.0,0.0,success,False,2026-08-28T01:05:50.050566+09:00
Underwriting Guard,,,failed,False,2026-08-18T07:52:53.130004+09:00
Underwriting Guardian,,,failed,False,2026-08-28T00:25:07.962787+09:00
Underwriting Guidebook,,,failed,False,2026-08-18T23:52:22.331385+09:00
Underwriting Helpdesk,,,failed,False,2026-08-27T22:48:25.660209+09:00
Underwriting Helper,,,failed,False,2026-08-28T00:25:13.091211+09:00
Underwriting History,20.0,0.0,success,False,2026-08-19T20:49:12.755513+09:00
Underwriting Hotline,,,failed,False,2026-08-19T21:05:30.373866+09:00
Underwriting Hub,40.0,9.0,success,False,2026-08-17T21:36:24.237197+09:00
Underwriting Identifier,,,failed,False,2026-08-23T13:06:47.092391+09:00
Underwriting Index,,,failed,False,2026-08-19T21:04:27.192873+09:00
Underwriting Insight,,,failed,False,2026-08-17T23:30:36.598618+09:00
Underwriting Installment,,,failed,False,2026-08-23T16:13:52.514202+09:00
Underwriting Interest,,,failed,False,2026-08-23T13:46:52.749544+09:00
Underwriting Item,,,failed,False,2026-08-21T01:52:45.246437+09:00
Underwriting Journal,,,failed,False,2026-08-18T23:52:22.331385+09:00
Underwriting Keeper,,,failed,False,2026-08-17T20:32:02.325008+09:00
Underwriting Lab,20.0,3.0,success,False,2026-08-17T21:34:46.886716+09:00
Underwriting Label,,,failed,False,2026-08-27T22:10:35.314261+09:00
Underwriting Ledger,,,failed,False,2026-08-17T21:39:25.145394+09:00
Underwriting Lens,,,failed,False,2026-08-17T20:32:39.820797+09:00
Underwriting Level,,,failed,False,2026-08-19T20:49:23.220357+09:00
Underwriting Link,,,failed,False,2026-08-23T03:18:25.372913+09:00
Underwriting List,,,failed,False,2026-08-19T21:48:00.610703+09:00
Underwriting Loan,4400.0,9.0,success,False,2026-08-21T02:09:08.901398+09:00
Underwriting Locator,,,failed,False,2026-08-19T00:01:30.427864+09:00
Underwriting Lock,,,failed,False,2026-08-17T20:34:36.732015+09:00
Underwriting Log,,,failed,False,2026-08-19T13:39:22.411617+09:00
Underwriting Loop,,,failed,False,2026-08-17T20:40:13.744558+09:00
Underwriting Manager,390.0,1.0,success,False,2026-08-18T07:52:25.028656+09:00
Underwriting Manual,110.0,3.0,success,False,2026-08-27T22:10:39.067015+09:00
Underwriting Map,,,failed,False,2026-08-17T20:33:46.243100+09:00
Underwriting Memo,30.0,0.0,success,False,2026-08-21T00:27:00.975108+09:00
Underwriting Message,,,failed,False,2026-08-27T23:13:25.257331+09:00
Underwriting Meter,,,failed,False,2026-08-17T20:43:57.612589+09:00
Underwriting Metrics,10.0,11.0,success,False,2026-08-17T23:12:45.983083+09:00
Underwriting Monitor,,,failed,False,2026-08-17T23:05:41.457486+09:00
Underwriting Navigator,,,failed,False,2026-08-17T23:31:12.330432+09:00
Underwriting Nexus,,,failed,False,2026-08-17T20:35:04.556306+09:00
Underwriting Node,,,failed,False,2026-08-17T20:37:01.636634+09:00
Underwriting Note,,,failed,False,2026-08-19T13:40:53.899440+09:00
Underwriting Notification,,,failed,False,2026-08-27T22:48:13.756184+09:00
Underwriting Number,,,failed,False,2026-08-23T03:18:18.334398+09:00
Underwriting Office,20.0,10.0,success,False,2026-08-19T00:01:53.326080+09:00
Underwriting Ops,,,failed,False,2026-08-17T23:09:18.796206+09:00
Underwriting Order,10.0,0.0,success,False,2026-08-19T21:47:05.219311+09:00
Underwriting Organizer,,,failed,False,2026-08-17T23:30:21.472957+09:00
Underwriting Overage,,,failed,False,2026-08-27T21:47:10.651342+09:00
Underwriting Overdue,,,failed,False,2026-08-27T21:47:05.962227+09:00
Underwriting Panel,,,failed,False,2026-08-17T20:45:46.874737+09:00
Underwriting Pass,,,failed,False,2026-08-21T00:26:21.311990+09:00
Underwriting Path,,,failed,False,2026-08-17T20:36:31.502472+09:00
Underwriting Payoff,,,failed,False,2026-08-27T21:47:08.253611+09:00
Underwriting Penalty,,,failed,False,2026-08-23T16:38:36.406605+09:00
Underwriting Petition,,,failed,False,2026-08-21T01:00:27.646290+09:00
Underwriting Pilot,,,failed,False,2026-08-17T21:35:16.200596+09:00
Underwriting Plan,,,failed,False,2026-08-21T01:52:57.109358+09:00
Underwriting Planner,,,failed,False,2026-08-17T23:30:05.459796+09:00
Underwriting Playbook,,,failed,False,2026-08-18T22:12:21.706710+09:00
Underwriting Point,,,failed,False,2026-08-17T20:35:36.002153+09:00
Underwriting Portal,10.0,3.0,success,False,2026-08-17T20:48:02.919436+09:00
Underwriting Preview,,,failed,False,2026-08-28T01:05:46.959097+09:00
Underwriting Profile,10.0,2.0,success,False,2026-08-19T13:41:26.637679+09:00
Underwriting Profit,260.0,0.0,success,False,2026-08-23T02:54:26.725947+09:00
Underwriting Proposal,10.0,0.0,success,False,2026-08-28T01:05:46.959097+09:00
Underwriting Pulse,,,failed,False,2026-08-17T20:38:23.394205+09:00
Underwriting Queue,10.0,2.0,success,False,2026-08-19T21:04:53.638566+09:00
Underwriting Quota,,,failed,False,2026-08-21T00:27:09.364121+09:00
Underwriting Radar,,,failed,False,2026-08-17T21:33:13.463030+09:00
Underwriting Rail,,,failed,False,2026-08-17T20:40:34.523017+09:00
Underwriting Rate,10.0,0.0,success,False,2026-08-19T20:49:28.954845+09:00
Underwriting Recap,,,failed,False,2026-08-21T01:02:20.703041+09:00
Underwriting Receipt,,,failed,False,2026-08-19T21:47:34.110436+09:00
Underwriting Register,,,failed,False,2026-08-17T23:31:30.005121+09:00
Underwriting Registry,,,failed,False,2026-08-18T23:52:22.331385+09:00
Underwriting Relay,,,failed,False,2026-08-17T21:32:03.436124+09:00
Underwriting Reminder,,,failed,False,2026-08-19T21:04:01.717737+09:00
Underwriting Report,50.0,4.0,success,False,2026-08-19T13:39:01.193066+09:00
Underwriting Repository,,,failed,False,2026-08-27T23:13:34.759239+09:00
Underwriting Result,260.0,0.0,success,False,2026-08-28T00:47:41.403976+09:00
Underwriting Roadmap,,,failed,False,2026-08-18T23:52:22.331385+09:00
Underwriting Route,,,failed,False,2026-08-17T20:42:10.144192+09:00
Underwriting Rule,50.0,1.0,success,False,2026-08-23T03:18:29.464352+09:00
Underwriting Sale,,,failed,False,2026-08-21T02:24:12.217966+09:00
Underwriting Sample,,,failed,False,2026-08-19T21:48:58.615287+09:00
Underwriting Scale,,,failed,False,2026-08-17T20:42:59.992193+09:00
Underwriting Scanner,,,failed,False,2026-08-27T23:55:48.344302+09:00
Underwriting Scheduler,,,failed,False,2026-08-17T23:11:11.238352+09:00
Underwriting Scope,,,failed,False,2026-08-17T20:40:55.263419+09:00
Underwriting Score,10.0,0.0,success,False,2026-08-19T13:40:38.246974+09:00
Underwriting Sentry,,,failed,False,2026-08-17T20:33:15.121215+09:00
Underwriting Sheet,,,failed,False,2026-08-19T13:40:01.237122+09:00
Underwriting Shortfall,,,failed,False,2026-08-27T21:47:13.030634+09:00
Underwriting Signal,,,failed,False,2026-08-17T20:42:32.290659+09:00
Underwriting Signature,,,failed,False,2026-08-23T13:27:31.185352+09:00
Underwriting Slip,,,failed,False,2026-08-19T21:48:44.866696+09:00
Underwriting Slot,,,failed,False,2026-08-19T21:49:09.518107+09:00
Underwriting Snapshot,,,failed,False,2026-08-18T23:52:22.331385+09:00
Underwriting Stage,70.0,1.0,success,False,2026-08-28T00:47:41.403976+09:00
Underwriting Stake,,,failed,False,2026-08-23T02:54:28.936816+09:00
Underwriting Stamp,,,failed,False,2026-08-23T13:27:31.185352+09:00
Underwriting Statement,,,failed,False,2026-08-21T00:26:41.627536+09:00
Underwriting Station,,,failed,False,2026-08-17T21:33:40.096792+09:00
Underwriting Status,10.0,0.0,success,False,2026-08-19T20:49:04.250848+09:00
Underwriting Studio,,,failed,False,2026-08-17T21:35:49.618076+09:00
Underwriting Suite,,,failed,False,2026-08-17T23:09:34.502992+09:00
Underwriting Sum,10.0,0.0,success,False,2026-08-21T02:23:51.443965+09:00
Underwriting Summary,,,failed,False,2026-08-19T21:03:33.928340+09:00
Underwriting Sync,,,failed,False,2026-08-17T21:38:32.905021+09:00
Underwriting Tab,,,failed,False,2026-08-21T00:27:27.558535+09:00
Underwriting Table,,,failed,False,2026-08-19T21:48:14.659198+09:00
Underwriting Tag,,,failed,False,2026-08-19T13:41:12.937543+09:00
Underwriting Tally,,,failed,False,2026-08-21T00:26:46.014545+09:00
Underwriting Tariff,,,failed,False,2026-08-21T02:39:41.486000+09:00
Underwriting Tax,10.0,0.0,success,False,2026-08-21T02:09:05.168889+09:00
Underwriting Ticket,,,failed,False,2026-08-19T21:04:40.695118+09:00
Underwriting Tier,,,failed,False,2026-08-28T00:47:41.403976+09:00
Underwriting Timeline,30.0,2.0,success,False,2026-08-19T21:03:49.756847+09:00
Underwriting Timer,,,failed,False,2026-08-28T00:25:05.172390+09:00
Underwriting Toll,,,failed,False,2026-08-21T02:39:30.658601+09:00
Underwriting Toolbox,,,failed,False,2026-08-28T00:25:10.586444+09:00
Underwriting Toolkit,,,failed,False,2026-08-18T22:12:15.534077+09:00
Underwriting Total,,,failed,False,2026-08-27T23:13:28.057978+09:00
Underwriting Tracker,,,failed,False,2026-08-17T21:40:49.556938+09:00
Underwriting Trail,,,failed,False,2026-08-17T20:39:46.897200+09:00
Underwriting Trend,,,failed,False,2026-08-28T01:05:40.494261+09:00
Underwriting Trial,,,failed,False,2026-08-27T21:16:07.337495+09:00
Underwriting Unit,70.0,2.0,success,False,2026-08-21T01:52:50.056270+09:00
Underwriting Update,,,failed,False,2026-08-19T20:49:35.865635+09:00
Underwriting Vault,,,failed,False,2026-08-17T21:30:53.341117+09:00
Underwriting Version,,,failed,False,2026-08-23T03:18:21.895981+09:00
Underwriting View,,,failed,False,2026-08-19T20:49:06.260858+09:00
Underwriting Watch,,,failed,False,2026-08-17T20:41:48.704350+09:00
Underwriting Wave,,,failed,False,2026-08-17T20:37:29.909330+09:00
Underwriting Widget,,,failed,False,2026-08-27T23:13:28.057978+09:00
Underwriting Workbench,320.0,38.0,success,False,2026-08-18T22:12:06.505434+09:00
Underwriting Worksheet,10.0,2.0,success,False,2026-08-27T22:10:39.067015+09:00
Underwriting Workshop,,,failed,False,2026-08-28T00:25:07.962787+09:00
Underwriting Zone,,,failed,False,2026-08-17T21:30:22.425092+09:00
Union Advance,320.0,1.0,success,False,2026-08-23T16:16:26.754683+09:00
Union Advisory,,,failed,False,2026-08-21T01:19:51.249504+09:00
Union Alert,10.0,0.0,success,False,2026-08-21T01:26:44.593664+09:00
Union Allowance,,,failed,False,2026-08-21T02:44:54.822530+09:00
Union Analyzer,,,failed,False,2026-08-27T23:54:52.993731+09:00
Union Announcement,10.0,0.0,success,False,2026-08-27T23:33:44.180907+09:00
Union Arrears,20.0,0.0,success,False,2026-08-23T16:16:24.189782+09:00
Union Asset,40.0,2.0,success,False,2026-08-23T13:47:23.462533+09:00
Union Assistant,390.0,9.0,success,False,2026-08-21T01:25:20.517112+09:00
Union Atlas,4400.0,100.0,success,False,2026-08-21T01:24:06.863305+09:00
Union Attribute,,,failed,False,2026-08-23T13:06:20.755041+09:00
Union Badge,140.0,18.0,success,False,2026-08-21T01:19:07.466825+09:00
Union Balance,110.0,24.0,success,False,2026-08-23T13:47:18.876098+09:00
Union Base,320.0,3.0,success,False,2026-08-21T01:22:07.036293+09:00
Union Beacon,,,failed,False,2026-08-21T01:20:58.036999+09:00
Union Bill,140.0,0.0,success,False,2026-08-21T01:18:13.948377+09:00
Union Bin,40.0,6.0,success,False,2026-08-21T01:15:25.336646+09:00
Union Board,720.0,65.0,success,False,2026-08-21T01:22:27.198742+09:00
Union Booth,170.0,8.0,success,False,2026-08-21T01:25:38.275036+09:00
Union Bridge,8100.0,1.0,success,False,2026-08-21T01:21:16.120431+09:00
Union Brief,10.0,0.0,success,False,2026-08-21T01:19:38.759789+09:00
Union Bulletin,4400.0,0.0,success,True,2026-08-21T01:19:35.649490+09:00
Union Cabinet,1900.0,1.0,success,False,2026-08-27T23:11:42.330738+09:00
Union Card,2900.0,4.0,success,False,2026-08-21T01:16:15.267590+09:00
Union Cascade,,,failed,False,2026-08-21T01:21:10.960024+09:00
Union Cash,390.0,2.0,success,False,2026-08-21T02:28:33.010940+09:00
Union Center,2900.0,0.0,success,True,2026-08-21T01:22:55.105207+09:00
Union Chain,260.0,3.0,success,False,2026-08-21T01:23:59.922943+09:00
Union Charge,110.0,1.0,success,False,2026-08-21T02:44:40.179717+09:00
Union Chart,70.0,0.0,success,False,2026-08-21T01:26:47.452980+09:00
Union Check,480.0,7.0,success,False,2026-08-21T01:16:26.293455+09:00
Union Checker,480.0,7.0,success,False,2026-08-27T23:54:40.654466+09:00
Union Circular,40.0,0.0,success,False,2026-08-21T01:21:07.466451+09:00
Union Code,1600.0,2.0,success,False,2026-08-21T01:18:23.588658+09:00
Union Companion,,,failed,False,2026-08-21T01:24:44.835275+09:00
Union Comparison,20.0,0.0,success,False,2026-08-28T01:06:10.302074+09:00
Union Compass,10.0,4.0,success,False,2026-08-21T01:20:51.576504+09:00
Union Confirmation,,,failed,False,2026-08-21T01:20:01.120246+09:00
Union Console,140.0,0.0,success,False,2026-08-21T01:23:59.922943+09:00
Union Contribution,30.0,0.0,success,False,2026-08-23T16:16:21.487176+09:00
Union Copayment,,,failed,False,2026-08-23T16:40:05.179166+09:00
Union Core,40.0,7.0,success,False,2026-08-21T01:22:09.935224+09:00
Union Cost,210.0,2.0,success,False,2026-08-21T02:11:23.948204+09:00
Union Count,27100.0,0.0,success,True,2026-08-27T22:45:55.749339+09:00
Union Counter,,,failed,False,2026-08-21T01:25:28.581838+09:00
Union Deal,480.0,14.0,success,False,2026-08-21T01:54:45.555150+09:00
Union Debt,30.0,44.0,success,False,2026-08-21T02:28:25.181498+09:00
Union Deck,5400.0,100.0,success,False,2026-08-21T01:22:31.268942+09:00
Union Desk,30.0,55.0,success,False,2026-08-21T01:20:34.277114+09:00
Union Detail,170.0,3.0,success,False,2026-08-23T03:16:19.788711+09:00
Union Detector,,,failed,False,2026-08-27T23:54:48.967937+09:00
Union Directory,90.0,0.0,success,False,2026-08-21T01:25:25.610946+09:00
Union Discount,1000.0,15.0,success,False,2026-08-23T16:16:17.008573+09:00
Union Downpayment,,,failed,False,2026-08-27T21:50:54.080102+09:00
Union Draft,260.0,1.0,success,False,2026-08-21T01:17:36.062470+09:00
Union Due,2900.0,0.0,success,True,2026-08-23T15:52:24.692181+09:00
Union Duty,50.0,0.0,success,False,2026-08-21T02:44:46.644995+09:00
Union Endowment,20.0,0.0,success,False,2026-08-23T15:52:26.691302+09:00
Union Engine,40.0,0.0,success,False,2026-08-21T01:25:20.517112+09:00
Union Entry,,,failed,False,2026-08-21T01:20:09.112300+09:00
Union Estimate,,,failed,False,2026-08-21T01:18:04.111706+09:00
Union Estimator,,,failed,False,2026-08-27T23:54:40.654466+09:00
Union Extension,20.0,37.0,success,False,2026-08-23T16:40:09.543730+09:00
Union Fare,1600.0,2.0,success,False,2026-08-21T02:11:30.479876+09:00
Union Fee,1000.0,2.0,success,False,2026-08-21T01:54:25.472983+09:00
Union Feed,480.0,1.0,success,False,2026-08-21T01:17:30.839165+09:00
Union File,20.0,1.0,success,False,2026-08-21T01:17:06.015996+09:00
Union Fine,30.0,0.0,success,False,2026-08-23T02:52:30.798474+09:00
Union Flow,390.0,100.0,success,False,2026-08-21T01:20:23.926123+09:00
Union Forge,260.0,8.0,success,False,2026-08-21T01:21:04.299416+09:00
Union Form,720.0,1.0,success,False,2026-08-21T01:16:10.496497+09:00
Union Format,,,failed,False,2026-08-23T13:06:27.049949+09:00
Union Frame,10.0,30.0,success,False,2026-08-21T01:22:01.103254+09:00
Union Fund,480.0,5.0,success,False,2026-08-21T02:28:28.588606+09:00
Union Gate,110.0,2.0,success,False,2026-08-21T01:23:59.922943+09:00
Union Graph,390.0,0.0,success,False,2026-08-27T22:15:33.141509+09:00
Union Grid,480.0,0.0,success,False,2026-08-21T01:21:39.994879+09:00
Union Guarantee,,,failed,False,2026-08-28T01:06:21.038746+09:00
Union Guardian,10.0,37.0,success,False,2026-08-28T00:24:44.523713+09:00
Union Helpdesk,40.0,1.0,success,False,2026-08-27T22:45:58.509654+09:00
Union Helper,320.0,6.0,success,False,2026-08-28T00:24:47.033463+09:00
Union History,1600.0,2.0,success,False,2026-08-21T01:17:02.274965+09:00
Union Hub,590.0,0.0,success,False,2026-08-21T01:20:28.588615+09:00
Union Inbox,,,failed,False,2026-08-21T01:26:35.509450+09:00
Union Index,20.0,0.0,success,False,2026-08-21T01:35:23.712765+09:00
Union Installment,,,failed,False,2026-08-23T16:16:17.008573+09:00
Union Interest,20.0,0.0,success,False,2026-08-23T13:47:23.462533+09:00
Union Item,,,failed,False,2026-08-21T01:54:29.413822+09:00
Union Journal,880.0,0.0,success,False,2026-08-21T01:25:25.610946+09:00
Union Keeper,90.0,0.0,success,False,2026-08-21T01:25:20.517112+09:00
Union Kit,170.0,49.0,success,False,2026-08-27T22:45:43.680386+09:00
Union Lab,1600.0,3.0,success,False,2026-08-21T01:22:35.639513+09:00
Union Label,1000.0,4.0,success,False,2026-08-27T22:15:41.431097+09:00
Union Ledger,10.0,0.0,success,False,2026-08-21T01:22:20.767459+09:00
Union Level,1300.0,0.0,success,True,2026-08-21T01:17:14.231029+09:00
Union Levy,10.0,0.0,success,False,2026-08-23T13:47:27.498118+09:00
Union Line,2400.0,11.0,success,False,2026-08-21T01:15:44.374236+09:00
Union Link,480.0,1.0,success,False,2026-08-23T03:16:13.014331+09:00
Union List,5400.0,0.0,success,True,2026-08-21T01:18:29.664706+09:00
Union Loan,720.0,47.0,success,False,2026-08-21T02:11:38.732794+09:00
Union Lobby,30.0,0.0,success,False,2026-08-21T01:15:31.943617+09:00
Union Locator,30.0,1.0,success,False,2026-08-21T01:25:25.610946+09:00
Union Locker,50.0,44.0,success,False,2026-08-21T01:25:45.514354+09:00
Union Log,6600.0,0.0,success,True,2026-08-21T01:16:05.290341+09:00
Union Loop,50.0,3.0,success,False,2026-08-21T01:21:34.003833+09:00
Union Manager,390.0,4.0,success,False,2026-08-21T01:25:20.517112+09:00
Union Manual,10.0,0.0,success,False,2026-08-27T22:15:49.874448+09:00
Union Map,1300.0,1.0,success,False,2026-08-21T01:21:56.845957+09:00
Union Memo,10.0,0.0,success,False,2026-08-21T01:19:23.070915+09:00
Union Monitor,50.0,4.0,success,False,2026-08-21T01:25:25.610946+09:00
Union Nexus,1300.0,0.0,success,True,2026-08-21T01:24:06.863305+09:00
Union Note,50.0,11.0,success,False,2026-08-21T01:16:40.172400+09:00
Union Notification,10.0,0.0,success,False,2026-08-27T22:45:43.680386+09:00
Union Number,1900.0,2.0,success,False,2026-08-23T03:16:04.926690+09:00
Union Office,5400.0,1.0,success,False,2026-08-21T01:25:39.259226+09:00
Union Ops,50.0,2.0,success,False,2026-08-21T01:25:25.610946+09:00
Union Order,70.0,5.0,success,False,2026-08-21T01:18:06.634708+09:00
Union Overage,,,failed,False,2026-08-27T21:50:51.730845+09:00
Union Overdue,,,failed,False,2026-08-27T21:50:46.767806+09:00
Union Panel,30.0,2.0,success,False,2026-08-21T01:23:59.922943+09:00
Union Pass,720.0,0.0,success,False,2026-08-21T01:18:56.365360+09:00
Union Passport,90.0,1.0,success,False,2026-08-21T01:15:30.378271+09:00
Union Path,140.0,0.0,success,False,2026-08-21T01:21:49.678224+09:00
Union Payoff,,,failed,False,2026-08-27T21:50:49.400709+09:00
Union Penalty,10.0,0.0,success,False,2026-08-23T16:40:05.179166+09:00
Union Petition,70.0,2.0,success,False,2026-08-21T01:19:54.964370+09:00
Union Plan,140.0,1.0,success,False,2026-08-21T01:54:40.308388+09:00
Union Planner,,,failed,False,2026-08-21T01:25:25.610946+09:00
Union Playbook,,,failed,False,2026-08-21T01:25:25.610946+09:00
Union Plaza,8100.0,8.0,success,False,2026-08-21T01:26:11.047777+09:00
Union Point,5400.0,3.0,success,False,2026-08-21T01:21:53.775872+09:00
Union Portal,2400.0,1.0,success,False,2026-08-21T01:23:03.958708+09:00
Union Post,4400.0,2.0,success,False,2026-08-21T01:26:02.106014+09:00
Union Preview,10.0,,success,False,2026-08-28T01:06:10.302074+09:00
Union Profile,590.0,9.0,success,False,2026-08-21T01:16:47.227660+09:00
Union Proposal,10.0,0.0,success,False,2026-08-28T01:06:18.481825+09:00
Union Quota,,,failed,False,2026-08-21T01:19:27.364478+09:00
Union Radar,90.0,3.0,success,False,2026-08-21T01:20:36.811619+09:00
Union Rail,880.0,1.0,success,False,2026-08-21T01:23:59.922943+09:00
Union Rate,390.0,0.0,success,False,2026-08-21T01:17:22.537676+09:00
Union Recap,,,failed,False,2026-08-21T01:20:03.244208+09:00
Union Receipt,20.0,0.0,success,False,2026-08-21T01:18:16.729979+09:00
Union Register,720.0,2.0,success,False,2026-08-21T01:25:25.610946+09:00
Union Relay,10.0,0.0,success,False,2026-08-21T01:20:42.577799+09:00
Union Reminder,,,failed,False,2026-08-21T01:17:49.809423+09:00
Union Report,110.0,1.0,success,False,2026-08-21T01:15:58.855612+09:00
Union Repository,,,failed,False,2026-08-27T23:11:42.330738+09:00
Union Ring,590.0,10.0,success,False,2026-08-21T01:23:59.922943+09:00
Union Roll,50.0,0.0,success,False,2026-08-21T01:15:52.922484+09:00
Union Roster,390.0,1.0,success,False,2026-08-21T01:26:31.620928+09:00
Union Route,40.0,0.0,success,False,2026-08-21T01:23:59.922943+09:00
Union Rule,480.0,1.0,success,False,2026-08-23T03:16:15.944869+09:00
Union Sale,480.0,17.0,success,False,2026-08-21T02:28:33.010940+09:00
Union Sample,6600.0,0.0,success,True,2026-08-21T01:18:44.582130+09:00
Union Scale,480.0,43.0,success,False,2026-08-21T01:23:59.922943+09:00
Union Scanner,320.0,3.0,success,False,2026-08-27T23:54:45.435156+09:00
Union Scope,10.0,0.0,success,False,2026-08-21T01:21:31.170741+09:00
Union Score,2400.0,0.0,success,True,2026-08-21T01:16:32.710448+09:00
Union Sheet,20.0,0.0,success,False,2026-08-21T01:16:21.248035+09:00
Union Shortfall,,,failed,False,2026-08-27T21:50:56.215822+09:00
Union Signal,20.0,0.0,success,False,2026-08-21T01:21:21.287654+09:00
Union Signature,,,failed,False,2026-08-23T13:27:40.734961+09:00
Union Slip,90.0,71.0,success,False,2026-08-21T01:18:40.477010+09:00
Union Slot,140.0,1.0,success,False,2026-08-21T01:18:50.592866+09:00
Union Stake,,,failed,False,2026-08-23T02:52:28.484811+09:00
Union Statement,170.0,0.0,success,False,2026-08-21T01:19:18.289018+09:00
Union Station,1830000.0,4.0,success,False,2026-08-21T01:22:46.544366+09:00
Union Status,260.0,0.0,success,False,2026-08-21T01:16:53.151150+09:00
Union Stipend,,,failed,False,2026-08-23T13:47:31.255092+09:00
Union Stub,,,failed,False,2026-08-21T01:19:12.546892+09:00
Union Studio,3600.0,4.0,success,False,2026-08-21T01:22:33.143231+09:00
Union Subsidy,20.0,0.0,success,False,2026-08-23T15:52:24.692181+09:00
Union Sum,90.0,0.0,success,False,2026-08-21T02:28:22.675348+09:00
Union Summary,,,failed,False,2026-08-21T01:17:41.245351+09:00
Union Surtax,,,failed,False,2026-08-23T15:52:28.857053+09:00
Union Tab,590.0,5.0,success,False,2026-08-21T01:19:32.138069+09:00
Union Table,1000.0,0.0,success,True,2026-08-21T01:18:34.503460+09:00
Union Tag,2900.0,0.0,success,True,2026-08-21T01:16:42.417120+09:00
Union Tariff,30.0,0.0,success,False,2026-08-21T02:44:59.003058+09:00
Union Tax,1900.0,2.0,success,False,2026-08-21T02:11:34.732367+09:00
Union Terminal,6600.0,12.0,success,False,2026-08-21T01:22:49.559882+09:00
Union Ticker,90.0,0.0,success,False,2026-08-21T01:15:38.767814+09:00
Union Ticket,6600.0,17.0,success,False,2026-08-21T01:17:57.482592+09:00
Union Timeline,50.0,0.0,success,False,2026-08-21T01:17:43.825232+09:00
Union Toll,,,failed,False,2026-08-21T02:44:49.670355+09:00
Union Toolbox,590.0,44.0,success,False,2026-08-28T00:24:47.033463+09:00
Union Total,90.0,0.0,success,False,2026-08-27T23:11:34.108403+09:00
Union Tower,18100.0,4.0,success,False,2026-08-21T01:26:18.948182+09:00
Union Tracker,590.0,3.0,success,False,2026-08-21T01:20:18.165253+09:00
Union Trail,170.0,3.0,success,False,2026-08-21T01:23:59.922943+09:00
Union Trend,720.0,2.0,success,False,2026-08-28T01:06:07.510525+09:00
Union Trial,20.0,0.0,success,False,2026-08-27T21:19:50.770385+09:00
Union Unit,40.0,7.0,success,False,2026-08-21T01:54:36.208936+09:00
Union Update,40.0,1.0,success,False,2026-08-21T01:17:27.975074+09:00
Union Value,140.0,0.0,success,False,2026-08-23T02:52:26.045301+09:00
Union Vault,590.0,6.0,success,False,2026-08-21T01:20:45.332631+09:00
Union Version,20.0,0.0,success,False,2026-08-23T03:16:07.985751+09:00
Union View,480.0,8.0,success,False,2026-08-21T01:16:56.595304+09:00
Union Voucher,720.0,0.0,success,False,2026-08-21T01:19:00.586921+09:00
Union Wallet,210.0,52.0,success,False,2026-08-27T22:45:51.425899+09:00
Union Watch,880.0,57.0,success,False,2026-08-21T01:21:27.496774+09:00
Union Wave,30.0,0.0,success,False,2026-08-21T01:21:42.147576+09:00
Union Widget,,,failed,False,2026-08-27T23:11:39.748613+09:00
Union Window,70.0,13.0,success,False,2026-08-21T01:15:46.981049+09:00
Union Worksheet,,,failed,False,2026-08-27T22:15:49.874448+09:00
Union Workshop,140.0,0.0,success,False,2026-08-28T00:24:41.812871+09:00
Union Yard,1300.0,3.0,success,False,2026-08-21T01:25:46.762620+09:00
Union Zone,20.0,0.0,success,False,2026-08-21T01:22:59.410874+09:00
Unpacking Advance,,,failed,False,2026-08-23T16:15:43.832612+09:00
Unpacking Advisory,,,failed,False,2026-08-21T01:00:13.557875+09:00
Unpacking Allowance,,,failed,False,2026-08-21T02:40:33.895660+09:00
Unpacking Analyzer,,,failed,False,2026-08-27T23:58:48.183628+09:00
Unpacking Arrears,,,failed,False,2026-08-23T16:15:43.832612+09:00
Unpacking Assistant,,,failed,False,2026-08-19T00:38:01.073734+09:00
Unpacking Atlas,,,failed,False,2026-08-19T00:37:53.742610+09:00
Unpacking Attribute,,,failed,False,2026-08-23T13:07:37.097248+09:00
Unpacking Badge,10.0,0.0,success,False,2026-08-21T00:25:50.747055+09:00
Unpacking Base,,,failed,False,2026-08-19T00:37:21.857423+09:00
Unpacking Beacon,,,failed,False,2026-08-19T00:36:50.417664+09:00
Unpacking Bill,,,failed,False,2026-08-19T22:05:46.180547+09:00
Unpacking Board,,,failed,False,2026-08-19T00:37:25.342982+09:00
Unpacking Book,50.0,2.0,success,False,2026-08-19T22:06:35.304978+09:00
Unpacking Bridge,,,failed,False,2026-08-19T00:37:00.689265+09:00
Unpacking Brief,,,failed,False,2026-08-21T01:00:04.597458+09:00
Unpacking Bulletin,,,failed,False,2026-08-21T00:59:58.992040+09:00
Unpacking Calculator,,,failed,False,2026-08-27T23:36:33.321869+09:00
Unpacking Calendar,,,failed,False,2026-08-19T00:38:24.169663+09:00
Unpacking Card,,,failed,False,2026-08-19T13:31:08.046594+09:00
Unpacking Cascade,,,failed,False,2026-08-19T00:36:57.137576+09:00
Unpacking Cash,,,failed,False,2026-08-21T02:25:01.097647+09:00
Unpacking Cashback,,,failed,False,2026-08-27T21:18:01.606713+09:00
Unpacking Category,,,failed,False,2026-08-23T13:07:32.830763+09:00
Unpacking Center,,,failed,False,2026-08-19T00:37:32.560227+09:00
Unpacking Chain,,,failed,False,2026-08-19T00:37:44.150276+09:00
Unpacking Charge,,,failed,False,2026-08-21T02:40:21.955150+09:00
Unpacking Check,70.0,0.0,success,False,2026-08-19T13:31:38.491721+09:00
Unpacking Checker,,,failed,False,2026-08-27T23:58:43.283075+09:00
Unpacking Circular,,,failed,False,2026-08-21T01:02:10.080773+09:00
Unpacking Code,20.0,3.0,success,False,2026-08-19T22:06:04.414832+09:00
Unpacking Companion,,,failed,False,2026-08-19T00:38:08.562035+09:00
Unpacking Compass,,,failed,False,2026-08-19T00:36:48.669353+09:00
Unpacking Confirmation,,,failed,False,2026-08-21T01:00:22.728561+09:00
Unpacking Console,,,failed,False,2026-08-19T00:37:37.516387+09:00
Unpacking Core,,,failed,False,2026-08-19T00:37:23.570326+09:00
Unpacking Cost,20.0,1.0,success,False,2026-08-21T02:09:12.482274+09:00
Unpacking Count,,,failed,False,2026-08-27T22:50:21.429751+09:00
Unpacking Counter,,,failed,False,2026-08-19T00:38:34.534111+09:00
Unpacking Coupon,,,failed,False,2026-08-27T21:18:01.606713+09:00
Unpacking Deal,,,failed,False,2026-08-21T01:53:07.082720+09:00
Unpacking Debt,,,failed,False,2026-08-21T02:24:48.796566+09:00
Unpacking Deck,,,failed,False,2026-08-19T00:37:26.885782+09:00
Unpacking Desk,10.0,0.0,success,False,2026-08-19T00:36:40.628841+09:00
Unpacking Detail,,,failed,False,2026-08-23T03:19:49.312069+09:00
Unpacking Detector,,,failed,False,2026-08-27T23:58:48.183628+09:00
Unpacking Diagram,10.0,0.0,success,False,2026-08-27T22:13:43.125947+09:00
Unpacking Digest,,,failed,False,2026-08-19T20:46:39.045000+09:00
Unpacking Directory,,,failed,False,2026-08-19T00:38:24.169663+09:00
Unpacking Discount,10.0,,success,False,2026-08-23T16:15:37.311219+09:00
Unpacking Dossier,,,failed,False,2026-08-21T01:00:27.646290+09:00
Unpacking Downpayment,,,failed,False,2026-08-27T21:49:18.001663+09:00
Unpacking Draft,,,failed,False,2026-08-19T20:46:49.166137+09:00
Unpacking Duty,,,failed,False,2026-08-21T02:40:25.117501+09:00
Unpacking Engine,10.0,0.0,success,False,2026-08-19T00:37:59.032888+09:00
Unpacking Entry,,,failed,False,2026-08-21T01:00:40.730981+09:00
Unpacking Estimate,,,failed,False,2026-08-19T21:32:28.691012+09:00
Unpacking Estimator,,,failed,False,2026-08-27T23:58:38.877794+09:00
Unpacking Excerpt,,,failed,False,2026-08-21T01:02:18.693445+09:00
Unpacking Extension,,,failed,False,2026-08-23T16:39:41.135046+09:00
Unpacking Fare,,,failed,False,2026-08-21T02:09:21.519694+09:00
Unpacking Fee,,,failed,False,2026-08-21T01:52:45.246437+09:00
Unpacking Feed,,,failed,False,2026-08-19T20:46:44.181940+09:00
Unpacking File,260.0,6.0,success,False,2026-08-19T20:46:16.448832+09:00
Unpacking Finder,,,failed,False,2026-08-19T00:38:30.061657+09:00
Unpacking Fine,,,failed,False,2026-08-23T02:55:13.896073+09:00
Unpacking Flag,,,failed,False,2026-08-21T00:26:28.007677+09:00
Unpacking Flow,,,failed,False,2026-08-19T00:36:36.073889+09:00
Unpacking Forge,,,failed,False,2026-08-19T00:36:52.729176+09:00
Unpacking Form,,,failed,False,2026-08-19T13:31:00.342217+09:00
Unpacking Format,,,failed,False,2026-08-23T13:07:39.256451+09:00
Unpacking Frame,,,failed,False,2026-08-19T00:37:20.289190+09:00
Unpacking Fund,,,failed,False,2026-08-21T02:24:52.539486+09:00
Unpacking Gate,,,failed,False,2026-08-19T00:37:46.702224+09:00
Unpacking Generator,,,failed,False,2026-08-27T23:36:33.321869+09:00
Unpacking Giveaway,,,failed,False,2026-08-27T21:18:13.822548+09:00
Unpacking Grade,,,failed,False,2026-08-21T00:26:13.350270+09:00
Unpacking Graph,,,failed,False,2026-08-27T22:13:33.756180+09:00
Unpacking Grid,,,failed,False,2026-08-19T00:37:10.693574+09:00
Unpacking Guarantee,,,failed,False,2026-08-28T01:08:52.515259+09:00
Unpacking Helpdesk,,,failed,False,2026-08-27T22:50:26.115784+09:00
Unpacking Helper,,,failed,False,2026-08-28T00:27:17.609628+09:00
Unpacking History,,,failed,False,2026-08-19T20:46:10.724712+09:00
Unpacking Hub,,,failed,False,2026-08-19T00:36:38.202359+09:00
Unpacking Identifier,,,failed,False,2026-08-23T13:07:29.372228+09:00
Unpacking Incentive,,,failed,False,2026-08-27T21:18:10.943632+09:00
Unpacking Index,,,failed,False,2026-08-19T21:32:15.548375+09:00
Unpacking Installment,,,failed,False,2026-08-23T16:15:37.311219+09:00
Unpacking Item,,,failed,False,2026-08-21T01:52:50.056270+09:00
Unpacking Journal,10.0,0.0,success,False,2026-08-19T00:38:18.682483+09:00
Unpacking Keeper,,,failed,False,2026-08-19T00:37:53.742610+09:00
Unpacking Kit,,,failed,False,2026-08-27T22:50:16.948494+09:00
Unpacking Lab,,,failed,False,2026-08-19T00:37:28.610789+09:00
Unpacking Ledger,,,failed,False,2026-08-19T00:37:23.570326+09:00
Unpacking Level,30.0,0.0,success,False,2026-08-19T20:46:21.996527+09:00
Unpacking Link,,,failed,False,2026-08-23T03:19:40.807348+09:00
Unpacking List,90.0,0.0,success,False,2026-08-19T22:06:15.067471+09:00
Unpacking Loan,,,failed,False,2026-08-21T02:09:31.680775+09:00
Unpacking Log,,,failed,False,2026-08-19T13:30:54.229704+09:00
Unpacking Loop,,,failed,False,2026-08-19T00:37:08.393662+09:00
Unpacking Manager,,,failed,False,2026-08-19T00:37:55.750406+09:00
Unpacking Manual,,,failed,False,2026-08-27T22:13:36.218618+09:00
Unpacking Markup,,,failed,False,2026-08-23T16:39:38.014835+09:00
Unpacking Memo,,,failed,False,2026-08-21T00:26:18.251155+09:00
Unpacking Message,,,failed,False,2026-08-27T23:15:46.670229+09:00
Unpacking Monitor,,,failed,False,2026-08-19T00:38:05.344215+09:00
Unpacking Nexus,,,failed,False,2026-08-19T00:37:50.207260+09:00
Unpacking Note,,,failed,False,2026-08-19T13:31:52.943506+09:00
Unpacking Notification,,,failed,False,2026-08-27T22:50:09.773795+09:00
Unpacking Number,,,failed,False,2026-08-23T03:19:32.678416+09:00
Unpacking Office,,,failed,False,2026-08-19T00:38:32.004718+09:00
Unpacking Ops,,,failed,False,2026-08-19T00:38:13.320545+09:00
Unpacking Order,10.0,2.0,success,False,2026-08-19T22:05:35.780904+09:00
Unpacking Outline,,,failed,False,2026-08-27T22:29:20.594574+09:00
Unpacking Overage,,,failed,False,2026-08-27T21:49:15.770523+09:00
Unpacking Overdue,,,failed,False,2026-08-27T21:49:11.230615+09:00
Unpacking Pass,,,failed,False,2026-08-21T00:25:35.006393+09:00
Unpacking Path,,,failed,False,2026-08-19T00:37:15.495159+09:00
Unpacking Payoff,,,failed,False,2026-08-27T21:49:13.443578+09:00
Unpacking Penalty,,,failed,False,2026-08-23T16:39:35.759045+09:00
Unpacking Petition,,,failed,False,2026-08-21T01:00:18.302882+09:00
Unpacking Plan,,,failed,False,2026-08-21T01:53:02.269948+09:00
Unpacking Planner,,,failed,False,2026-08-19T00:38:01.073734+09:00
Unpacking Playbook,10.0,,success,False,2026-08-19T00:38:15.765840+09:00
Unpacking Point,,,failed,False,2026-08-19T00:37:15.495159+09:00
Unpacking Portal,,,failed,False,2026-08-19T00:37:37.516387+09:00
Unpacking Profile,,,failed,False,2026-08-19T13:32:09.131651+09:00
Unpacking Profit,,,failed,False,2026-08-23T02:54:59.727215+09:00
Unpacking Proposal,,,failed,False,2026-08-28T01:08:47.729422+09:00
Unpacking Radar,,,failed,False,2026-08-19T00:36:40.628841+09:00
Unpacking Rail,,,failed,False,2026-08-19T00:37:44.150276+09:00
Unpacking Rate,,,failed,False,2026-08-19T20:46:27.543041+09:00
Unpacking Recap,,,failed,False,2026-08-21T01:00:31.922622+09:00
Unpacking Receipt,,,failed,False,2026-08-19T22:05:54.572880+09:00
Unpacking Register,,,failed,False,2026-08-19T00:38:10.697868+09:00
Unpacking Relay,,,failed,False,2026-08-19T00:36:42.974778+09:00
Unpacking Reminder,,,failed,False,2026-08-19T21:32:08.265719+09:00
Unpacking Report,,,failed,False,2026-08-19T13:30:45.657035+09:00
Unpacking Ring,,,failed,False,2026-08-19T00:37:46.702224+09:00
Unpacking Roster,,,failed,False,2026-08-19T00:38:56.335177+09:00
Unpacking Route,,,failed,False,2026-08-19T00:37:42.157517+09:00
Unpacking Rule,,,failed,False,2026-08-23T03:19:44.954715+09:00
Unpacking Sale,30.0,3.0,success,False,2026-08-21T02:25:03.924004+09:00
Unpacking Scale,10.0,0.0,success,False,2026-08-19T00:37:42.157517+09:00
Unpacking Scanner,,,failed,False,2026-08-27T23:58:45.722079+09:00
Unpacking Scope,,,failed,False,2026-08-19T00:37:06.709542+09:00
Unpacking Score,,,failed,False,2026-08-19T13:31:47.223941+09:00
Unpacking Sheet,,,failed,False,2026-08-19T13:31:17.650623+09:00
Unpacking Shortfall,,,failed,False,2026-08-27T21:49:20.358831+09:00
Unpacking Signal,,,failed,False,2026-08-19T00:37:02.474717+09:00
Unpacking Slip,,,failed,False,2026-08-19T22:06:47.930339+09:00
Unpacking Slot,,,failed,False,2026-08-19T22:07:10.998735+09:00
Unpacking Stage,,,failed,False,2026-08-28T00:48:49.804197+09:00
Unpacking Stake,,,failed,False,2026-08-23T02:55:08.559599+09:00
Unpacking Statement,,,failed,False,2026-08-21T00:26:02.753353+09:00
Unpacking Station,,,failed,False,2026-08-19T00:37:30.886042+09:00
Unpacking Status,,,failed,False,2026-08-19T20:46:02.034696+09:00
Unpacking Stub,,,failed,False,2026-08-21T00:25:57.789837+09:00
Unpacking Studio,10.0,0.0,success,False,2026-08-19T00:37:28.610789+09:00
Unpacking Sum,,,failed,False,2026-08-21T02:24:43.440499+09:00
Unpacking Summary,,,failed,False,2026-08-19T21:31:54.531543+09:00
Unpacking Table,,,failed,False,2026-08-19T22:06:26.107612+09:00
Unpacking Tag,,,failed,False,2026-08-19T13:32:04.589089+09:00
Unpacking Tally,,,failed,False,2026-08-21T00:26:07.923229+09:00
Unpacking Tariff,,,failed,False,2026-08-21T02:40:38.159052+09:00
Unpacking Tax,,,failed,False,2026-08-21T02:09:26.864571+09:00
Unpacking Terminal,,,failed,False,2026-08-19T00:37:32.560227+09:00
Unpacking Ticket,,,failed,False,2026-08-19T21:32:26.609245+09:00
Unpacking Tier,,,failed,False,2026-08-28T00:48:52.338706+09:00
Unpacking Timeline,,,failed,False,2026-08-19T21:32:01.105099+09:00
Unpacking Timer,,,failed,False,2026-08-28T00:27:12.240224+09:00
Unpacking Toll,,,failed,False,2026-08-21T02:40:30.595557+09:00
Unpacking Toolbox,,,failed,False,2026-08-28T00:27:17.609628+09:00
Unpacking Total,,,failed,False,2026-08-27T23:15:46.670229+09:00
Unpacking Tracker,,,failed,False,2026-08-19T00:39:00.049194+09:00
Unpacking Trail,,,failed,False,2026-08-19T00:37:44.150276+09:00
Unpacking Trial,,,failed,False,2026-08-27T21:18:05.577940+09:00
Unpacking Unit,,,failed,False,2026-08-21T01:52:57.109358+09:00
Unpacking Update,70.0,0.0,success,False,2026-08-19T20:46:33.393422+09:00
Unpacking Value,,,failed,False,2026-08-23T02:55:02.071314+09:00
Unpacking Vault,,,failed,False,2026-08-19T00:36:46.213084+09:00
Unpacking Version,10.0,,success,False,2026-08-23T03:19:37.789366+09:00
Unpacking View,,,failed,False,2026-08-19T20:46:06.697629+09:00
Unpacking Voucher,,,failed,False,2026-08-21T00:25:43.310750+09:00
Unpacking Wave,,,failed,False,2026-08-19T00:37:13.789014+09:00
Unpacking Widget,,,failed,False,2026-08-27T23:15:49.054288+09:00
Unpacking Worksheet,,,failed,False,2026-08-27T22:13:39.158515+09:00
Unpacking Zone,,,failed,False,2026-08-19T00:37:34.373704+09:00
Uptime Advisory,,,failed,False,2026-08-21T00:59:06.391670+09:00
Uptime Allowance,,,failed,False,2026-08-21T02:38:41.018051+09:00
Uptime Almanac,,,failed,False,2026-08-18T22:10:59.912583+09:00
Uptime Analyzer,,,failed,False,2026-08-27T23:55:06.367292+09:00
Uptime Anchor,,,failed,False,2026-08-18T07:52:44.350821+09:00
Uptime Announcement,,,failed,False,2026-08-27T23:34:17.021271+09:00
Uptime Assistant,,,failed,False,2026-08-17T23:09:54.812310+09:00
Uptime Atlas,,,failed,False,2026-08-17T21:30:24.502544+09:00
Uptime Badge,,,failed,False,2026-08-21T00:24:54.126348+09:00
Uptime Balance,,,failed,False,2026-08-23T13:46:30.859150+09:00
Uptime Base,,,failed,False,2026-08-17T20:45:22.370262+09:00
Uptime Beacon,,,failed,False,2026-08-17T20:35:06.364440+09:00
Uptime Bill,,,failed,False,2026-08-19T22:06:12.556669+09:00
Uptime Blueprint,,,failed,False,2026-08-18T22:10:51.704890+09:00
Uptime Board,,,failed,False,2026-08-17T20:42:34.302604+09:00
Uptime Book,260.0,51.0,success,False,2026-08-19T22:07:06.557200+09:00
Uptime Bridge,,,failed,False,2026-08-17T20:32:03.329355+09:00
Uptime Brief,,,failed,False,2026-08-21T00:58:57.845239+09:00
Uptime Bulletin,,,failed,False,2026-08-21T00:58:52.318728+09:00
Uptime Calculator,1900.0,4.0,success,False,2026-08-27T23:34:17.021271+09:00
Uptime Calendar,,,failed,False,2026-08-18T23:58:54.171473+09:00
Uptime Card,40.0,0.0,success,False,2026-08-19T13:35:27.432298+09:00
Uptime Cascade,,,failed,False,2026-08-17T20:33:16.020559+09:00
Uptime Cash,,,failed,False,2026-08-21T02:22:54.942838+09:00
Uptime Center,70.0,13.0,success,False,2026-08-17T20:37:29.909330+09:00
Uptime Chain,,,failed,False,2026-08-17T21:35:52.306880+09:00
Uptime Charge,,,failed,False,2026-08-21T02:38:33.089549+09:00
Uptime Check,880.0,27.0,success,False,2026-08-19T13:36:00.987511+09:00
Uptime Circular,,,failed,False,2026-08-21T01:00:08.450743+09:00
Uptime Cockpit,,,failed,False,2026-08-17T23:28:41.981102+09:00
Uptime Code,90.0,1.0,success,False,2026-08-19T22:06:35.304978+09:00
Uptime Codex,10.0,4.0,success,False,2026-08-18T22:11:13.751205+09:00
Uptime Companion,,,failed,False,2026-08-17T23:07:52.950180+09:00
Uptime Comparison,,,failed,False,2026-08-28T01:05:11.238913+09:00
Uptime Compass,,,failed,False,2026-08-17T20:36:06.570384+09:00
Uptime Compendium,,,failed,False,2026-08-18T22:11:07.698009+09:00
Uptime Confirmation,,,failed,False,2026-08-21T00:59:15.258286+09:00
Uptime Console,,,failed,False,2026-08-17T20:34:38.143389+09:00
Uptime Core,,,failed,False,2026-08-17T20:44:21.106446+09:00
Uptime Cost,40.0,14.0,success,False,2026-08-21T02:07:41.553019+09:00
Uptime Counter,30.0,4.0,success,False,2026-08-18T23:59:51.056306+09:00
Uptime Dashboard,140.0,30.0,success,False,2026-08-17T23:13:09.056664+09:00
Uptime Deal,,,failed,False,2026-08-21T01:51:47.599222+09:00
Uptime Debt,,,failed,False,2026-08-21T02:22:45.760304+09:00
Uptime Deck,,,failed,False,2026-08-17T20:41:50.983322+09:00
Uptime Depot,,,failed,False,2026-08-18T23:59:30.074918+09:00
Uptime Desk,,,failed,False,2026-08-17T20:39:49.091027+09:00
Uptime Detail,,,failed,False,2026-08-23T03:17:31.358374+09:00
Uptime Detector,90.0,39.0,success,False,2026-08-27T23:55:03.182011+09:00
Uptime Dial,,,failed,False,2026-08-17T20:32:41.344957+09:00
Uptime Digest,,,failed,False,2026-08-19T20:48:09.734804+09:00
Uptime Directory,,,failed,False,2026-08-18T23:59:02.629298+09:00
Uptime Discount,,,failed,False,2026-08-23T16:13:10.832744+09:00
Uptime Dock,,,failed,False,2026-08-17T21:39:25.145394+09:00
Uptime Dossier,,,failed,False,2026-08-21T00:59:28.178022+09:00
Uptime Duty,,,failed,False,2026-08-21T02:38:35.767249+09:00
Uptime Engine,,,failed,False,2026-08-17T23:27:38.183762+09:00
Uptime Entry,,,failed,False,2026-08-21T00:59:40.549783+09:00
Uptime Estimate,,,failed,False,2026-08-19T21:32:58.231654+09:00
Uptime Estimator,,,failed,False,2026-08-27T23:54:55.608336+09:00
Uptime Excerpt,,,failed,False,2026-08-21T01:01:52.955831+09:00
Uptime Extension,,,failed,False,2026-08-23T16:38:22.069097+09:00
Uptime Fare,,,failed,False,2026-08-21T02:07:48.773154+09:00
Uptime Fee,,,failed,False,2026-08-21T01:51:29.207159+09:00
Uptime Feed,,,failed,False,2026-08-19T20:48:20.425473+09:00
Uptime File,,,failed,False,2026-08-19T20:47:43.737608+09:00
Uptime Finder,,,failed,False,2026-08-18T23:59:20.806892+09:00
Uptime Fine,,,failed,False,2026-08-23T02:53:54.584586+09:00
Uptime Flag,,,failed,False,2026-08-21T00:25:43.310750+09:00
Uptime Flow,,,failed,False,2026-08-17T20:42:10.144192+09:00
Uptime Forge,,,failed,False,2026-08-17T20:34:16.019094+09:00
Uptime Form,,,failed,False,2026-08-19T13:35:17.832639+09:00
Uptime Frame,,,failed,False,2026-08-17T20:46:12.433556+09:00
Uptime Fund,,,failed,False,2026-08-21T02:22:51.042353+09:00
Uptime Gate,,,failed,False,2026-08-17T21:32:45.123730+09:00
Uptime Grade,,,failed,False,2026-08-21T00:25:21.406032+09:00
Uptime Graph,390.0,2.0,success,False,2026-08-27T22:09:51.279815+09:00
Uptime Grid,,,failed,False,2026-08-17T21:36:24.237197+09:00
Uptime Guarantee,210.0,2.0,success,False,2026-08-28T01:05:17.423675+09:00
Uptime Guard,,,failed,False,2026-08-17T20:44:45.631544+09:00
Uptime Guardian,,,failed,False,2026-08-28T00:24:36.830973+09:00
Uptime Guidebook,,,failed,False,2026-08-18T22:10:34.249457+09:00
Uptime Helpdesk,,,failed,False,2026-08-27T22:47:50.980247+09:00
Uptime Helper,,,failed,False,2026-08-28T00:24:41.812871+09:00
Uptime History,30.0,6.0,success,False,2026-08-19T20:47:36.057637+09:00
Uptime Hub,,,failed,False,2026-08-17T20:41:20.787117+09:00
Uptime Index,,,failed,False,2026-08-19T21:32:55.348476+09:00
Uptime Insight,,,failed,False,2026-08-17T23:28:19.331420+09:00
Uptime Installment,,,failed,False,2026-08-23T16:13:10.832744+09:00
Uptime Item,,,failed,False,2026-08-21T01:51:35.759053+09:00
Uptime Journal,,,failed,False,2026-08-18T22:10:18.505365+09:00
Uptime Keeper,,,failed,False,2026-08-17T20:46:49.856300+09:00
Uptime Lab,390.0,2.0,success,False,2026-08-17T20:40:15.034726+09:00
Uptime Ledger,,,failed,False,2026-08-17T20:43:30.530213+09:00
Uptime Lens,,,failed,False,2026-08-17T20:47:25.656493+09:00
Uptime Level,,,failed,False,2026-08-19T20:47:51.523685+09:00
Uptime Link,,,failed,False,2026-08-23T03:17:21.558443+09:00
Uptime List,10.0,3.0,success,False,2026-08-19T22:06:44.272499+09:00
Uptime Loan,,,failed,False,2026-08-21T02:07:58.916446+09:00
Uptime Locator,20.0,27.0,success,False,2026-08-18T23:59:11.751475+09:00
Uptime Lock,,,failed,False,2026-08-17T21:30:57.458125+09:00
Uptime Log,20.0,59.0,success,False,2026-08-19T13:35:12.097075+09:00
Uptime Loop,,,failed,False,2026-08-17T21:37:26.190503+09:00
Uptime Manager,20.0,25.0,success,False,2026-08-17T20:45:46.874737+09:00
Uptime Map,,,failed,False,2026-08-17T20:48:40.258747+09:00
Uptime Margin,,,failed,False,2026-08-23T02:53:52.134740+09:00
Uptime Memo,,,failed,False,2026-08-21T00:25:26.988508+09:00
Uptime Message,,,failed,False,2026-08-27T23:12:46.818245+09:00
Uptime Meter,10.0,34.0,success,False,2026-08-17T20:31:29.603433+09:00
Uptime Metrics,90.0,21.0,success,False,2026-08-17T23:06:04.469497+09:00
Uptime Monitor,4400.0,52.0,success,False,2026-08-17T23:11:28.950122+09:00
Uptime Navigator,,,failed,False,2026-08-17T23:28:58.984040+09:00
Uptime Nexus,,,failed,False,2026-08-17T21:31:33.014186+09:00
Uptime Node,,,failed,False,2026-08-17T21:33:42.291802+09:00
Uptime Note,,,failed,False,2026-08-19T13:36:52.870932+09:00
Uptime Notification,10.0,45.0,success,False,2026-08-27T22:47:42.136854+09:00
Uptime Number,,,failed,False,2026-08-23T03:17:13.101010+09:00
Uptime Office,,,failed,False,2026-08-18T23:59:40.785220+09:00
Uptime Ops,40.0,12.0,success,False,2026-08-17T23:14:46.249386+09:00
Uptime Order,,,failed,False,2026-08-19T22:06:04.414832+09:00
Uptime Organizer,,,failed,False,2026-08-17T23:28:06.508675+09:00
Uptime Panel,,,failed,False,2026-08-17T20:33:46.243100+09:00
Uptime Pass,,,failed,False,2026-08-21T00:24:39.947545+09:00
Uptime Path,,,failed,False,2026-08-17T21:33:17.550972+09:00
Uptime Penalty,,,failed,False,2026-08-23T16:38:16.847667+09:00
Uptime Petition,,,failed,False,2026-08-21T00:59:10.591896+09:00
Uptime Pilot,,,failed,False,2026-08-17T20:40:36.395454+09:00
Uptime Plan,,,failed,False,2026-08-21T01:51:40.699894+09:00
Uptime Planner,,,failed,False,2026-08-17T23:27:50.871251+09:00
Uptime Playbook,,,failed,False,2026-08-18T22:10:10.353821+09:00
Uptime Point,,,failed,False,2026-08-17T21:32:05.797514+09:00
Uptime Portal,,,failed,False,2026-08-17T20:35:36.002153+09:00
Uptime Preview,,,failed,False,2026-08-28T01:05:11.238913+09:00
Uptime Profile,,,failed,False,2026-08-19T13:37:25.441438+09:00
Uptime Profit,,,failed,False,2026-08-23T02:53:45.297778+09:00
Uptime Proposal,,,failed,False,2026-08-28T01:05:14.146226+09:00
Uptime Pulse,,,failed,False,2026-08-17T21:35:18.423759+09:00
Uptime Quota,,,failed,False,2026-08-21T00:25:35.006393+09:00
Uptime Radar,10.0,65.0,success,False,2026-08-17T20:38:51.261946+09:00
Uptime Rail,,,failed,False,2026-08-17T21:38:03.717082+09:00
Uptime Rate,30.0,3.0,success,False,2026-08-19T20:47:58.897100+09:00
Uptime Recap,,,failed,False,2026-08-21T00:59:32.095317+09:00
Uptime Receipt,,,failed,False,2026-08-19T22:06:26.107612+09:00
Uptime Recorder,,,failed,False,2026-08-27T23:34:22.055868+09:00
Uptime Register,,,failed,False,2026-08-17T23:29:16.727834+09:00
Uptime Registry,,,failed,False,2026-08-18T22:10:43.266214+09:00
Uptime Relay,,,failed,False,2026-08-17T20:38:02.236902+09:00
Uptime Reminder,,,failed,False,2026-08-19T21:32:52.200900+09:00
Uptime Report,140.0,32.0,success,False,2026-08-19T13:34:25.531210+09:00
Uptime Repository,,,failed,False,2026-08-27T23:12:56.649660+09:00
Uptime Result,,,failed,False,2026-08-28T00:47:24.969957+09:00
Uptime Roadmap,,,failed,False,2026-08-18T22:11:24.179554+09:00
Uptime Route,,,failed,False,2026-08-17T21:41:31.698252+09:00
Uptime Rule,,,failed,False,2026-08-23T03:17:25.053866+09:00
Uptime Sale,10.0,,success,False,2026-08-21T02:23:00.928674+09:00
Uptime Sample,,,failed,False,2026-08-19T22:07:28.246340+09:00
Uptime Scale,,,failed,False,2026-08-18T07:43:47.974817+09:00
Uptime Scanner,10.0,64.0,success,False,2026-08-27T23:54:58.395846+09:00
Uptime Scheduler,,,failed,False,2026-08-17T23:04:15.040980+09:00
Uptime Scope,,,failed,False,2026-08-17T21:38:35.218560+09:00
Uptime Score,,,failed,False,2026-08-19T13:36:19.763333+09:00
Uptime Sentry,,,failed,False,2026-08-17T20:48:06.680156+09:00
Uptime Sheet,,,failed,False,2026-08-19T13:35:44.896452+09:00
Uptime Shortfall,,,failed,False,2026-08-27T21:46:44.901733+09:00
Uptime Signal,,,failed,False,2026-08-18T07:52:55.085793+09:00
Uptime Slip,,,failed,False,2026-08-19T22:07:21.096531+09:00
Uptime Snapshot,,,failed,False,2026-08-18T22:10:25.741480+09:00
Uptime Stake,,,failed,False,2026-08-23T02:53:49.996059+09:00
Uptime Statement,,,failed,False,2026-08-21T00:25:07.096192+09:00
Uptime Station,,,failed,False,2026-08-17T20:39:20.129592+09:00
Uptime Status,480.0,8.0,success,False,2026-08-19T20:47:28.016879+09:00
Uptime Streak,10.0,,success,False,2026-08-28T00:47:27.580109+09:00
Uptime Stub,,,failed,False,2026-08-21T00:24:59.301324+09:00
Uptime Studio,20.0,0.0,success,False,2026-08-17T20:41:00.568700+09:00
Uptime Suite,,,failed,False,2026-08-17T23:15:02.433018+09:00
Uptime Sum,,,failed,False,2026-08-21T02:22:40.576459+09:00
Uptime Summary,,,failed,False,2026-08-19T21:32:47.158972+09:00
Uptime Surtax,,,failed,False,2026-08-23T15:51:24.556081+09:00
Uptime Sync,,,failed,False,2026-08-17T20:43:01.991108+09:00
Uptime Tab,10.0,,success,False,2026-08-21T00:25:50.747055+09:00
Uptime Table,170.0,0.0,success,False,2026-08-19T22:06:56.710970+09:00
Uptime Tag,,,failed,False,2026-08-19T13:37:07.437416+09:00
Uptime Tally,,,failed,False,2026-08-21T00:25:13.031282+09:00
Uptime Tariff,,,failed,False,2026-08-21T02:38:43.386978+09:00
Uptime Tax,,,failed,False,2026-08-21T02:07:53.857202+09:00
Uptime Ticket,,,failed,False,2026-08-19T21:32:55.348476+09:00
Uptime Tier,170.0,8.0,success,False,2026-08-28T00:47:27.580109+09:00
Uptime Timeline,,,failed,False,2026-08-19T21:32:49.180215+09:00
Uptime Timer,70.0,3.0,success,False,2026-08-28T00:24:32.431629+09:00
Uptime Toll,,,failed,False,2026-08-21T02:38:37.938007+09:00
Uptime Toolbox,,,failed,False,2026-08-28T00:24:39.235749+09:00
Uptime Toolkit,,,failed,False,2026-08-18T22:10:04.357387+09:00
Uptime Total,,,failed,False,2026-08-27T23:12:50.672441+09:00
Uptime Tracker,170.0,52.0,success,False,2026-08-17T20:43:57.612589+09:00
Uptime Trail,,,failed,False,2026-08-17T21:36:52.396982+09:00
Uptime Trend,,,failed,False,2026-08-28T01:05:08.626878+09:00
Uptime Trial,,,failed,False,2026-08-27T21:15:34.818716+09:00
Uptime Unit,,,failed,False,2026-08-21T02:05:57.421169+09:00
Uptime Update,,,failed,False,2026-08-19T20:48:06.706582+09:00
Uptime Value,,,failed,False,2026-08-23T02:53:47.851129+09:00
Uptime Vault,,,failed,False,2026-08-17T20:37:03.531282+09:00
Uptime Version,,,failed,False,2026-08-23T03:17:17.631472+09:00
Uptime View,,,failed,False,2026-08-19T20:47:33.785997+09:00
Uptime Voucher,,,failed,False,2026-08-21T00:24:46.055669+09:00
Uptime Watch,20.0,16.0,success,False,2026-08-17T21:40:51.783967+09:00
Uptime Wave,,,failed,False,2026-08-17T21:34:17.965302+09:00
Uptime Widget,10.0,22.0,success,False,2026-08-27T23:12:54.177935+09:00
Uptime Workbench,,,failed,False,2026-08-18T22:09:56.131275+09:00
Uptime Workshop,,,failed,False,2026-08-28T00:24:32.431629+09:00
Uptime Zone,,,failed,False,2026-08-17T20:36:35.862750+09:00
Utility Advance,10.0,0.0,success,False,2026-08-23T16:12:18.349007+09:00
Utility Advisory,,,failed,False,2026-08-21T01:08:31.890939+09:00
Utility Alert,,,failed,False,2026-08-19T20:42:21.972075+09:00
Utility Allowance,1000.0,0.0,success,True,2026-08-21T02:36:53.900229+09:00
Utility Analyzer,,,failed,False,2026-08-27T23:54:02.041371+09:00
Utility Announcement,,,failed,False,2026-08-27T23:33:41.786723+09:00
Utility Arrears,90.0,3.0,success,False,2026-08-23T16:12:18.349007+09:00
Utility Assistant,14800.0,34.0,success,False,2026-08-19T20:38:22.141016+09:00
Utility Attribute,,,failed,False,2026-08-23T13:05:23.446570+09:00
Utility Balance,40.0,2.0,success,False,2026-08-23T13:45:48.186439+09:00
Utility Beacon,,,failed,False,2026-08-19T20:46:36.801455+09:00
Utility Bill,90500.0,5.0,success,False,2026-08-19T22:01:39.954435+09:00
Utility Board,880.0,31.0,success,False,2026-08-19T20:48:20.425473+09:00
Utility Book,90.0,8.0,success,False,2026-08-19T22:02:29.042116+09:00
Utility Bridge,140.0,6.0,success,False,2026-08-19T20:46:54.929939+09:00
Utility Brief,10.0,14.0,success,False,2026-08-21T01:08:23.538465+09:00
Utility Bulletin,,,failed,False,2026-08-21T01:08:18.401082+09:00
Utility Calculator,390.0,8.0,success,False,2026-08-27T23:33:41.786723+09:00
Utility Calendar,20.0,0.0,success,False,2026-08-19T20:39:50.711958+09:00
Utility Cascade,,,failed,False,2026-08-19T20:46:49.166137+09:00
Utility Cash,,,failed,False,2026-08-21T02:20:53.673511+09:00
Utility Cashback,90.0,39.0,success,False,2026-08-27T21:14:38.915931+09:00
Utility Catalog,40.0,2.0,success,False,2026-08-19T21:18:51.088595+09:00
Utility Category,140.0,0.0,success,False,2026-08-23T13:05:20.503897+09:00
Utility Center,390.0,2.0,success,False,2026-08-19T20:48:51.281701+09:00
Utility Charge,1000.0,2.0,success,False,2026-08-21T02:36:41.492996+09:00
Utility Chart,90.0,0.0,success,False,2026-08-19T20:42:29.664942+09:00
Utility Checker,880.0,11.0,success,False,2026-08-27T23:53:48.068906+09:00
Utility Checklist,50.0,1.0,success,False,2026-08-19T21:17:55.830991+09:00
Utility Circular,,,failed,False,2026-08-21T01:08:27.933703+09:00
Utility Code,170.0,1.0,success,False,2026-08-19T22:01:57.019761+09:00
Utility Comparison,3600.0,75.0,success,False,2026-08-28T01:04:14.556573+09:00
Utility Confirmation,30.0,0.0,success,False,2026-08-21T01:08:40.341221+09:00
Utility Console,10.0,75.0,success,False,2026-08-19T20:49:09.969574+09:00
Utility Contribution,,,failed,False,2026-08-23T16:12:18.349007+09:00
Utility Cost,2400.0,1.0,success,False,2026-08-21T02:15:15.095648+09:00
Utility Coupon,,,failed,False,2026-08-27T21:14:36.415267+09:00
Utility Deal,260.0,31.0,success,False,2026-08-21T01:59:43.959754+09:00
Utility Debt,90.0,8.0,success,False,2026-08-21T02:31:01.801994+09:00
Utility Desk,170.0,100.0,success,False,2026-08-19T20:46:10.724712+09:00
Utility Detail,10.0,0.0,success,False,2026-08-23T03:15:35.333103+09:00
Utility Diagram,210.0,0.0,success,False,2026-08-27T22:09:01.274163+09:00
Utility Digest,,,failed,False,2026-08-19T20:45:37.673361+09:00
Utility Directory,210.0,0.0,success,False,2026-08-19T20:39:59.254826+09:00
Utility Discount,590.0,24.0,success,False,2026-08-23T16:12:15.158683+09:00
Utility Dossier,,,failed,False,2026-08-21T01:08:45.073430+09:00
Utility Draft,,,failed,False,2026-08-19T20:45:50.851524+09:00
Utility Due,,,failed,False,2026-08-23T15:50:51.928952+09:00
Utility Duty,,,failed,False,2026-08-21T02:36:44.892736+09:00
Utility Entry,,,failed,False,2026-08-21T01:08:59.079967+09:00
Utility Estimate,140.0,7.0,success,False,2026-08-19T21:18:38.634661+09:00
Utility Estimator,390.0,9.0,success,False,2026-08-27T23:53:42.609151+09:00
Utility Excerpt,,,failed,False,2026-08-21T01:08:54.756215+09:00
Utility Fare,,,failed,False,2026-08-21T02:15:23.867854+09:00
Utility Fee,720.0,0.0,success,False,2026-08-21T01:59:29.977509+09:00
Utility Feed,70.0,0.0,success,False,2026-08-19T20:45:45.249853+09:00
Utility File,320.0,2.0,success,False,2026-08-19T20:45:10.019254+09:00
Utility Fine,,,failed,False,2026-08-23T02:52:43.639669+09:00
Utility Flag,590.0,100.0,success,False,2026-08-21T00:35:34.561312+09:00
Utility Flow,10.0,2.0,success,False,2026-08-19T20:46:02.034696+09:00
Utility Format,50.0,0.0,success,False,2026-08-23T13:05:30.348326+09:00
Utility Fund,260.0,21.0,success,False,2026-08-21T02:31:03.884559+09:00
Utility Giveaway,,,failed,False,2026-08-27T21:14:49.306471+09:00
Utility Graph,590.0,0.0,success,False,2026-08-27T22:08:46.567667+09:00
Utility Grid,880.0,0.0,success,False,2026-08-19T20:47:22.248072+09:00
Utility Guardian,,,failed,False,2026-08-28T00:23:37.982808+09:00
Utility Helpdesk,,,failed,False,2026-08-27T22:46:48.643972+09:00
Utility Helper,5400.0,39.0,success,False,2026-08-28T00:23:47.118724+09:00
Utility History,20.0,0.0,success,False,2026-08-19T20:44:56.793146+09:00
Utility Hotline,,,failed,False,2026-08-19T21:19:03.809657+09:00
Utility Hub,720.0,0.0,success,False,2026-08-19T20:46:06.697629+09:00
Utility Identifier,,,failed,False,2026-08-23T13:05:17.487653+09:00
Utility Inbox,,,failed,False,2026-08-19T20:42:17.170868+09:00
Utility Incentive,40.0,3.0,success,False,2026-08-27T21:14:45.418872+09:00
Utility Index,720.0,3.0,success,False,2026-08-19T21:18:03.656517+09:00
Utility Installment,,,failed,False,2026-08-23T16:12:15.158683+09:00
Utility Interest,10.0,0.0,success,False,2026-08-23T13:45:48.186439+09:00
Utility Item,590.0,11.0,success,False,2026-08-21T01:59:29.977509+09:00
Utility Journal,30.0,22.0,success,False,2026-08-19T20:39:35.461909+09:00
Utility Keeper,,,failed,False,2026-08-19T20:37:59.201045+09:00
Utility Kiosk,30.0,50.0,success,False,2026-08-19T20:41:00.818648+09:00
Utility Label,170.0,21.0,success,False,2026-08-27T22:08:49.995304+09:00
Utility Ledger,10.0,0.0,success,False,2026-08-19T20:48:12.973996+09:00
Utility Level,90.0,39.0,success,False,2026-08-19T20:45:14.737555+09:00
Utility Levy,10.0,8.0,success,False,2026-08-23T13:45:55.611142+09:00
Utility Link,210.0,2.0,success,False,2026-08-23T03:15:28.674871+09:00
Utility List,720.0,1.0,success,False,2026-08-19T22:02:09.365210+09:00
Utility Loan,140.0,62.0,success,False,2026-08-21T02:15:26.957875+09:00
Utility Locator,8100.0,96.0,success,False,2026-08-19T20:40:06.734480+09:00
Utility Log,20.0,0.0,success,False,2026-08-19T20:43:36.722310+09:00
Utility Loop,90.0,1.0,success,False,2026-08-19T20:47:15.115131+09:00
Utility Manager,880.0,2.0,success,False,2026-08-19T20:38:05.655570+09:00
Utility Manual,30.0,0.0,success,False,2026-08-27T22:08:54.322972+09:00
Utility Map,2400.0,9.0,success,False,2026-08-19T20:47:43.737608+09:00
Utility Margin,27100.0,0.0,success,True,2026-08-23T02:52:39.945062+09:00
Utility Marker,390.0,100.0,success,False,2026-08-23T13:26:49.261296+09:00
Utility Markup,,,failed,False,2026-08-23T16:37:47.617319+09:00
Utility Memo,,,failed,False,2026-08-21T00:35:29.281212+09:00
Utility Monitor,170.0,11.0,success,False,2026-08-19T20:38:50.239529+09:00
Utility Note,,,failed,False,2026-08-19T20:44:16.708983+09:00
Utility Notification,10.0,6.0,success,False,2026-08-27T22:46:40.495541+09:00
Utility Number,480.0,5.0,success,False,2026-08-23T03:15:19.125629+09:00
Utility Ops,,,failed,False,2026-08-19T20:39:18.061361+09:00
Utility Order,,,failed,False,2026-08-19T22:01:27.807092+09:00
Utility Overage,,,failed,False,2026-08-27T21:46:30.971214+09:00
Utility Overdraft,,,failed,False,2026-08-23T15:50:51.928952+09:00
Utility Overdue,,,failed,False,2026-08-27T21:46:28.400647+09:00
Utility Panel,1000.0,75.0,success,False,2026-08-19T20:49:12.755513+09:00
Utility Path,20.0,1.0,success,False,2026-08-19T20:47:33.785997+09:00
Utility Penalty,,,failed,False,2026-08-23T16:37:47.617319+09:00
Utility Petition,,,failed,False,2026-08-21T01:08:36.289589+09:00
Utility Plan,590.0,9.0,success,False,2026-08-21T01:59:39.898712+09:00
Utility Planner,590.0,9.0,success,False,2026-08-19T20:38:30.453873+09:00
Utility Playbook,,,failed,False,2026-08-19T20:39:26.869721+09:00
Utility Portal,6600.0,0.0,success,True,2026-08-19T20:49:04.250848+09:00
Utility Preview,,,failed,False,2026-08-28T01:04:14.556573+09:00
Utility Profile,50.0,0.0,success,False,2026-08-19T20:44:32.627645+09:00
Utility Profit,880.0,6.0,success,False,2026-08-23T02:52:33.355566+09:00
Utility Proposal,,,failed,False,2026-08-28T01:04:19.597729+09:00
Utility Queue,,,failed,False,2026-08-19T21:18:28.771702+09:00
Utility Quota,,,failed,False,2026-08-21T00:35:31.431507+09:00
Utility Rate,590.0,16.0,success,False,2026-08-19T20:45:21.816276+09:00
Utility Recap,,,failed,False,2026-08-21T01:08:49.317162+09:00
Utility Receipt,90.0,4.0,success,False,2026-08-19T22:01:48.957551+09:00
Utility Recorder,,,failed,False,2026-08-27T23:33:44.180907+09:00
Utility Redemption,,,failed,False,2026-08-23T16:37:49.888860+09:00
Utility Register,70.0,7.0,success,False,2026-08-19T20:39:07.135209+09:00
Utility Registry,70.0,7.0,success,False,2026-08-19T20:39:41.503731+09:00
Utility Reminder,,,failed,False,2026-08-19T21:17:49.852730+09:00
Utility Report,880.0,1.0,success,False,2026-08-19T20:43:28.887944+09:00
Utility Repository,,,failed,False,2026-08-27T23:11:58.068235+09:00
Utility Roster,,,failed,False,2026-08-19T20:42:09.827682+09:00
Utility Route,,,failed,False,2026-08-19T20:49:25.973595+09:00
Utility Rule,40.0,0.0,success,False,2026-08-23T03:15:32.798139+09:00
Utility Sale,110.0,2.0,success,False,2026-08-21T02:20:57.219379+09:00
Utility Scanner,590.0,20.0,success,False,2026-08-27T23:53:51.631383+09:00
Utility Scheduler,320.0,0.0,success,False,2026-08-19T20:38:39.383467+09:00
Utility Schematic,,,failed,False,2026-08-27T22:28:42.749169+09:00
Utility Score,140.0,0.0,success,False,2026-08-19T20:44:10.013145+09:00
Utility Shortfall,,,failed,False,2026-08-27T21:46:30.971214+09:00
Utility Signal,,,failed,False,2026-08-19T20:47:00.737978+09:00
Utility Signature,,,failed,False,2026-08-23T13:26:46.141852+09:00
Utility Slip,,,failed,False,2026-08-19T22:02:41.688719+09:00
Utility Slot,20.0,0.0,success,False,2026-08-19T22:02:59.053365+09:00
Utility Stake,,,failed,False,2026-08-23T02:52:37.533661+09:00
Utility Stamp,10.0,56.0,success,False,2026-08-23T13:26:52.809343+09:00
Utility Statement,260.0,0.0,success,False,2026-08-21T00:35:19.738516+09:00
Utility Station,390.0,5.0,success,False,2026-08-19T20:48:43.191337+09:00
Utility Status,50.0,0.0,success,False,2026-08-19T20:44:44.192245+09:00
Utility Stipend,10.0,1.0,success,False,2026-08-23T13:45:55.611142+09:00
Utility Stub,30.0,0.0,success,False,2026-08-21T00:35:16.287713+09:00
Utility Subsidy,50.0,2.0,success,False,2026-08-23T15:50:54.236884+09:00
Utility Sum,,,failed,False,2026-08-21T02:30:59.342931+09:00
Utility Summary,20.0,0.0,success,False,2026-08-19T21:17:29.124164+09:00
Utility Surtax,,,failed,False,2026-08-23T15:50:54.236884+09:00
Utility Tab,210.0,1.0,success,False,2026-08-21T00:35:39.216644+09:00
Utility Table,1900.0,100.0,success,False,2026-08-19T22:02:19.043714+09:00
Utility Tag,50.0,67.0,success,False,2026-08-19T20:44:26.671038+09:00
Utility Tariff,170.0,20.0,success,False,2026-08-21T02:36:58.611410+09:00
Utility Tax,260.0,0.0,success,False,2026-08-21T02:15:23.867854+09:00
Utility Terminal,50.0,3.0,success,False,2026-08-19T20:48:46.011592+09:00
Utility Ticker,,,failed,False,2026-08-19T20:43:01.232728+09:00
Utility Ticket,20.0,3.0,success,False,2026-08-19T21:18:14.475118+09:00
Utility Tier,,,failed,False,2026-08-28T00:47:03.149821+09:00
Utility Timeline,,,failed,False,2026-08-19T21:17:38.869284+09:00
Utility Timer,10.0,47.0,success,False,2026-08-28T00:23:35.070799+09:00
Utility Token,1300.0,2.0,success,False,2026-08-23T13:26:46.141852+09:00
Utility Toll,10.0,0.0,success,False,2026-08-21T02:36:50.213443+09:00
Utility Toolbox,40.0,96.0,success,False,2026-08-28T00:23:47.118724+09:00
Utility Tower,1300.0,4.0,success,False,2026-08-19T20:41:54.948325+09:00
Utility Tracker,720.0,41.0,success,False,2026-08-19T20:45:56.516624+09:00
Utility Trail,90500.0,100.0,success,False,2026-08-19T20:49:35.865635+09:00
Utility Trend,110.0,19.0,success,False,2026-08-28T01:04:11.555424+09:00
Utility Trial,10.0,0.0,success,False,2026-08-27T21:14:38.915931+09:00
Utility Unit,720.0,100.0,success,False,2026-08-21T01:59:37.170622+09:00
Utility Update,110.0,0.0,success,False,2026-08-19T20:45:32.308725+09:00
Utility Value,720.0,0.0,success,False,2026-08-23T02:52:35.436753+09:00
Utility Version,10.0,0.0,success,False,2026-08-23T03:15:24.852114+09:00
Utility View,70.0,3.0,success,False,2026-08-19T20:44:50.684915+09:00
Utility Wallet,880.0,59.0,success,False,2026-08-27T22:46:42.853394+09:00
Utility Watch,480.0,100.0,success,False,2026-08-19T20:47:06.290958+09:00
Utility Widget,20.0,1.0,success,False,2026-08-27T23:11:52.510647+09:00
Utility Worksheet,,,failed,False,2026-08-27T22:08:54.322972+09:00
Utility Yard,110.0,2.0,success,False,2026-08-19T20:41:10.828189+09:00
Utility Zone,90.0,0.0,success,False,2026-08-19T20:48:59.251157+09:00
Vacancy Advance,,,failed,False,2026-08-23T16:15:22.615283+09:00
Vacancy Advisory,,,failed,False,2026-08-21T01:03:10.607434+09:00
Vacancy Alert,210.0,2.0,success,False,2026-08-19T20:38:10.418620+09:00
Vacancy Allowance,140.0,0.0,success,False,2026-08-21T02:45:04.527835+09:00
Vacancy Analyzer,,,failed,False,2026-08-27T23:51:54.683905+09:00
Vacancy Announcement,4400.0,3.0,success,False,2026-08-27T23:31:46.551451+09:00
Vacancy Arrears,,,failed,False,2026-08-23T16:15:20.225326+09:00
Vacancy Assistant,30.0,2.0,success,False,2026-08-19T20:47:30.914414+09:00
Vacancy Attribute,,,failed,False,2026-08-23T13:06:10.168774+09:00
Vacancy Badge,,,failed,False,2026-08-21T00:27:12.597515+09:00
Vacancy Bill,,,failed,False,2026-08-19T22:02:34.302682+09:00
Vacancy Board,140.0,1.0,success,False,2026-08-19T20:45:18.016255+09:00
Vacancy Book,320.0,10.0,success,False,2026-08-19T22:03:23.353107+09:00
Vacancy Bridge,40.0,1.0,success,False,2026-08-19T20:43:36.722310+09:00
Vacancy Brief,,,failed,False,2026-08-21T01:02:15.382494+09:00
Vacancy Bulletin,260.0,1.0,success,False,2026-08-21T01:02:11.159896+09:00
Vacancy Calculator,30.0,0.0,success,False,2026-08-27T23:31:46.551451+09:00
Vacancy Calendar,40.0,0.0,success,False,2026-08-19T20:48:35.358478+09:00
Vacancy Card,40.0,0.0,success,False,2026-08-19T20:39:55.789733+09:00
Vacancy Cash,,,failed,False,2026-08-21T02:28:57.894422+09:00
Vacancy Catalog,,,failed,False,2026-08-19T21:16:23.704707+09:00
Vacancy Category,,,failed,False,2026-08-23T13:06:05.538611+09:00
Vacancy Center,20.0,7.0,success,False,2026-08-19T20:46:00.045081+09:00
Vacancy Charge,90.0,0.0,success,False,2026-08-21T02:44:54.822530+09:00
Vacancy Chart,33100.0,0.0,success,True,2026-08-19T20:38:18.738836+09:00
Vacancy Check,50.0,0.0,success,False,2026-08-19T20:40:13.253783+09:00
Vacancy Checker,,,failed,False,2026-08-27T23:51:48.203996+09:00
Vacancy Checklist,10.0,0.0,success,False,2026-08-19T21:15:29.461766+09:00
Vacancy Circular,1900.0,0.0,success,True,2026-08-21T01:03:04.478545+09:00
Vacancy Code,90.0,6.0,success,False,2026-08-19T22:02:52.701278+09:00
Vacancy Companion,20.0,3.0,success,False,2026-08-19T20:47:55.040652+09:00
Vacancy Comparison,,,failed,False,2026-08-28T01:03:33.167279+09:00
Vacancy Confirmation,,,failed,False,2026-08-21T01:03:18.814008+09:00
Vacancy Contribution,,,failed,False,2026-08-23T16:15:17.461758+09:00
Vacancy Cost,140.0,1.0,success,False,2026-08-21T02:12:10.627447+09:00
Vacancy Count,,,failed,False,2026-08-27T22:51:29.683445+09:00
Vacancy Counter,,,failed,False,2026-08-19T20:49:01.783681+09:00
Vacancy Deal,10.0,25.0,success,False,2026-08-21T01:55:57.374575+09:00
Vacancy Debt,,,failed,False,2026-08-21T02:28:50.660826+09:00
Vacancy Desk,90.0,2.0,success,False,2026-08-19T20:42:34.910732+09:00
Vacancy Detail,260.0,1.0,success,False,2026-08-23T03:15:55.657138+09:00
Vacancy Digest,,,failed,False,2026-08-19T20:41:54.948325+09:00
Vacancy Directory,,,failed,False,2026-08-19T20:48:40.120494+09:00
Vacancy Discount,20.0,37.0,success,False,2026-08-23T16:15:12.953510+09:00
Vacancy Dossier,,,failed,False,2026-08-21T01:03:23.160959+09:00
Vacancy Downpayment,,,failed,False,2026-08-27T21:49:33.781529+09:00
Vacancy Draft,,,failed,False,2026-08-19T20:42:09.827682+09:00
Vacancy Due,,,failed,False,2026-08-23T15:51:59.728812+09:00
Vacancy Duty,,,failed,False,2026-08-21T02:44:59.003058+09:00
Vacancy Engine,,,failed,False,2026-08-19T20:47:25.892128+09:00
Vacancy Entry,10.0,8.0,success,False,2026-08-21T01:03:36.375895+09:00
Vacancy Estimate,,,failed,False,2026-08-19T21:16:11.566322+09:00
Vacancy Estimator,10.0,,success,False,2026-08-27T23:51:43.048579+09:00
Vacancy Excerpt,,,failed,False,2026-08-21T01:03:30.050919+09:00
Vacancy Fare,,,failed,False,2026-08-21T02:12:15.174959+09:00
Vacancy Fee,140.0,0.0,success,False,2026-08-21T01:55:46.721069+09:00
Vacancy Feed,,,failed,False,2026-08-19T20:41:59.995024+09:00
Vacancy Field,40.0,1.0,success,False,2026-08-23T13:06:10.168774+09:00
Vacancy File,,,failed,False,2026-08-19T20:41:25.975881+09:00
Vacancy Finder,20.0,10.0,success,False,2026-08-19T20:48:51.281701+09:00
Vacancy Fine,,,failed,False,2026-08-23T02:52:28.484811+09:00
Vacancy Flag,10.0,84.0,success,False,2026-08-21T00:28:09.542795+09:00
Vacancy Flow,110.0,3.0,success,False,2026-08-19T20:42:21.972075+09:00
Vacancy Form,22200.0,0.0,success,True,2026-08-19T20:39:47.752844+09:00
Vacancy Format,22200.0,0.0,success,True,2026-08-23T13:06:13.755843+09:00
Vacancy Fund,,,failed,False,2026-08-21T02:28:54.304303+09:00
Vacancy Gate,,,failed,False,2026-08-19T20:46:58.036522+09:00
Vacancy Generator,,,failed,False,2026-08-27T23:31:50.398588+09:00
Vacancy Grade,,,failed,False,2026-08-21T00:27:45.495734+09:00
Vacancy Graph,,,failed,False,2026-08-27T22:13:53.849783+09:00
Vacancy Grid,20.0,0.0,success,False,2026-08-19T20:44:05.928260+09:00
Vacancy Guarantee,,,failed,False,2026-08-28T01:03:40.758183+09:00
Vacancy Guardian,20.0,5.0,success,False,2026-08-28T00:22:18.393624+09:00
Vacancy Helpdesk,590.0,8.0,success,False,2026-08-27T22:51:33.320373+09:00
Vacancy Helper,30.0,3.0,success,False,2026-08-28T00:22:23.551401+09:00
Vacancy History,,,failed,False,2026-08-19T20:41:16.586784+09:00
Vacancy Hotline,10.0,,success,False,2026-08-19T21:16:36.317434+09:00
Vacancy Hub,390.0,11.0,success,False,2026-08-19T20:42:27.783446+09:00
Vacancy Identifier,,,failed,False,2026-08-23T13:06:02.918045+09:00
Vacancy Inbox,,,failed,False,2026-08-19T20:38:03.591827+09:00
Vacancy Index,10.0,3.0,success,False,2026-08-19T21:15:40.357740+09:00
Vacancy Installment,,,failed,False,2026-08-23T16:15:12.953510+09:00
Vacancy Item,,,failed,False,2026-08-21T01:55:39.411266+09:00
Vacancy Journal,,,failed,False,2026-08-19T20:48:23.205403+09:00
Vacancy Keeper,,,failed,False,2026-08-19T20:47:15.115131+09:00
Vacancy Kit,,,failed,False,2026-08-27T22:51:25.477545+09:00
Vacancy Label,,,failed,False,2026-08-27T22:13:56.258937+09:00
Vacancy Ledger,,,failed,False,2026-08-19T20:45:12.440392+09:00
Vacancy Level,70.0,1.0,success,False,2026-08-19T20:41:33.167361+09:00
Vacancy Levy,,,failed,False,2026-08-23T13:47:05.237339+09:00
Vacancy Link,110.0,7.0,success,False,2026-08-23T03:15:49.113628+09:00
Vacancy List,880.0,1.0,success,False,2026-08-19T22:03:03.584652+09:00
Vacancy Loan,,,failed,False,2026-08-21T02:12:23.232619+09:00
Vacancy Log,,,failed,False,2026-08-19T20:39:41.503731+09:00
Vacancy Manager,210.0,3.0,success,False,2026-08-19T20:47:22.248072+09:00
Vacancy Map,140.0,5.0,success,False,2026-08-19T20:44:39.695908+09:00
Vacancy Margin,,,failed,False,2026-08-23T02:52:28.484811+09:00
Vacancy Marker,,,failed,False,2026-08-23T13:27:22.703282+09:00
Vacancy Memo,,,failed,False,2026-08-21T00:27:53.671746+09:00
Vacancy Message,70.0,0.0,success,False,2026-08-27T23:16:56.229281+09:00
Vacancy Monitor,,,failed,False,2026-08-19T20:47:48.078194+09:00
Vacancy Notification,260.0,0.0,success,False,2026-08-27T22:51:22.989955+09:00
Vacancy Number,140.0,0.0,success,False,2026-08-23T03:15:41.007114+09:00
Vacancy Office,720.0,4.0,success,False,2026-08-19T20:48:55.006137+09:00
Vacancy Ops,,,failed,False,2026-08-19T20:48:09.734804+09:00
Vacancy Order,,,failed,False,2026-08-19T22:02:22.489790+09:00
Vacancy Overage,,,failed,False,2026-08-27T21:49:31.660766+09:00
Vacancy Overdue,,,failed,False,2026-08-27T21:49:27.090308+09:00
Vacancy Panel,,,failed,False,2026-08-19T20:46:20.200545+09:00
Vacancy Pass,40.0,2.0,success,False,2026-08-21T00:26:53.623558+09:00
Vacancy Payoff,,,failed,False,2026-08-27T21:49:29.301041+09:00
Vacancy Penalty,,,failed,False,2026-08-23T16:39:30.994856+09:00
Vacancy Petition,,,failed,False,2026-08-21T01:03:15.171952+09:00
Vacancy Plan,,,failed,False,2026-08-21T01:55:54.849778+09:00
Vacancy Planner,170.0,4.0,success,False,2026-08-19T20:47:36.057637+09:00
Vacancy Playbook,,,failed,False,2026-08-19T20:48:17.948513+09:00
Vacancy Portal,390.0,8.0,success,False,2026-08-19T20:46:08.912085+09:00
Vacancy Post,2900.0,2.0,success,False,2026-08-19T20:49:32.682801+09:00
Vacancy Preview,10.0,,success,False,2026-08-28T01:03:37.882161+09:00
Vacancy Profile,10.0,10.0,success,False,2026-08-19T20:40:46.834660+09:00
Vacancy Profit,,,failed,False,2026-08-23T02:58:53.611200+09:00
Vacancy Proposal,,,failed,False,2026-08-28T01:03:37.882161+09:00
Vacancy Queue,,,failed,False,2026-08-19T21:16:02.434865+09:00
Vacancy Quota,,,failed,False,2026-08-21T00:28:00.116915+09:00
Vacancy Radar,10.0,0.0,success,False,2026-08-19T20:42:39.884460+09:00
Vacancy Rank,,,failed,False,2026-08-28T00:46:30.511685+09:00
Vacancy Rate,2400.0,0.0,success,True,2026-08-19T20:41:40.323358+09:00
Vacancy Recap,10.0,0.0,success,False,2026-08-21T01:03:27.651766+09:00
Vacancy Receipt,,,failed,False,2026-08-19T22:02:44.580219+09:00
Vacancy Recorder,,,failed,False,2026-08-27T23:31:53.599891+09:00
Vacancy Register,20.0,0.0,success,False,2026-08-19T20:48:02.759483+09:00
Vacancy Relay,,,failed,False,2026-08-19T20:42:46.732728+09:00
Vacancy Reminder,,,failed,False,2026-08-19T21:15:19.107238+09:00
Vacancy Report,390.0,1.0,success,False,2026-08-19T20:39:32.642664+09:00
Vacancy Repository,,,failed,False,2026-08-27T23:09:53.622041+09:00
Vacancy Roster,40.0,1.0,success,False,2026-08-19T20:37:57.270685+09:00
Vacancy Route,,,failed,False,2026-08-19T20:46:30.162701+09:00
Vacancy Rule,,,failed,False,2026-08-23T03:15:51.596433+09:00
Vacancy Sale,70.0,11.0,success,False,2026-08-21T02:29:01.889757+09:00
Vacancy Scheduler,,,failed,False,2026-08-19T20:47:43.737608+09:00
Vacancy Score,,,failed,False,2026-08-19T20:40:22.983274+09:00
Vacancy Sheet,110.0,0.0,success,False,2026-08-19T20:40:06.734480+09:00
Vacancy Shortfall,,,failed,False,2026-08-27T21:49:35.975851+09:00
Vacancy Signature,,,failed,False,2026-08-23T13:27:20.193084+09:00
Vacancy Slip,,,failed,False,2026-08-19T22:03:30.282761+09:00
Vacancy Slot,,,failed,False,2026-08-19T22:03:49.697196+09:00
Vacancy Stage,10.0,7.0,success,False,2026-08-28T00:46:24.719309+09:00
Vacancy Stake,,,failed,False,2026-08-23T02:52:26.045301+09:00
Vacancy Stamp,,,failed,False,2026-08-23T13:27:22.703282+09:00
Vacancy Statement,30.0,0.0,success,False,2026-08-21T00:27:30.325740+09:00
Vacancy Status,390.0,0.0,success,False,2026-08-19T20:40:53.028403+09:00
Vacancy Streak,,,failed,False,2026-08-28T00:46:27.391148+09:00
Vacancy Stub,,,failed,False,2026-08-21T00:27:22.208885+09:00
Vacancy Subsidy,,,failed,False,2026-08-23T15:52:02.827883+09:00
Vacancy Sum,,,failed,False,2026-08-21T02:28:46.160203+09:00
Vacancy Summary,10.0,0.0,success,False,2026-08-19T21:14:53.889746+09:00
Vacancy Surtax,,,failed,False,2026-08-23T15:52:04.916947+09:00
Vacancy Tab,10.0,0.0,success,False,2026-08-21T00:28:15.750952+09:00
Vacancy Table,90.0,0.0,success,False,2026-08-19T22:03:11.253996+09:00
Vacancy Tally,,,failed,False,2026-08-21T00:27:37.591897+09:00
Vacancy Tariff,,,failed,False,2026-08-21T02:45:04.527835+09:00
Vacancy Tax,1300.0,0.0,success,True,2026-08-21T02:12:19.408855+09:00
Vacancy Ticker,,,failed,False,2026-08-19T20:38:57.092601+09:00
Vacancy Ticket,10.0,10.0,success,False,2026-08-19T21:15:52.181697+09:00
Vacancy Tier,,,failed,False,2026-08-28T00:46:30.511685+09:00
Vacancy Timeline,40.0,0.0,success,False,2026-08-19T21:15:06.542256+09:00
Vacancy Timer,,,failed,False,2026-08-28T00:22:15.974518+09:00
Vacancy Token,,,failed,False,2026-08-23T13:27:16.161149+09:00
Vacancy Toll,110.0,9.0,success,False,2026-08-21T02:45:01.493449+09:00
Vacancy Toolbox,,,failed,False,2026-08-28T00:22:21.008845+09:00
Vacancy Total,480.0,0.0,success,False,2026-08-27T23:16:56.229281+09:00
Vacancy Tracker,90.0,8.0,success,False,2026-08-19T20:42:14.870990+09:00
Vacancy Trail,,,failed,False,2026-08-19T20:46:42.465530+09:00
Vacancy Trend,40.0,0.0,success,False,2026-08-28T01:03:30.600111+09:00
Vacancy Trial,,,failed,False,2026-08-27T21:18:26.738212+09:00
Vacancy Unit,,,failed,False,2026-08-21T01:55:51.234317+09:00
Vacancy Update,1600.0,0.0,success,True,2026-08-19T20:41:45.467674+09:00
Vacancy Value,10.0,,success,False,2026-08-23T02:52:23.717366+09:00
Vacancy Vault,,,failed,False,2026-08-19T20:42:59.296448+09:00
Vacancy Version,,,failed,False,2026-08-23T03:15:44.979812+09:00
Vacancy View,260.0,1.0,success,False,2026-08-19T20:41:06.982103+09:00
Vacancy Voucher,,,failed,False,2026-08-21T00:27:03.794080+09:00
Vacancy Watch,110.0,1.0,success,False,2026-08-19T20:43:48.362624+09:00
Vacancy Wave,50.0,0.0,success,False,2026-08-19T20:44:16.708983+09:00
Vacancy Widget,,,failed,False,2026-08-27T23:17:00.312671+09:00
Vacancy Worksheet,,,failed,False,2026-08-27T22:14:02.180893+09:00
Vacancy Workshop,,,failed,False,2026-08-28T00:22:15.974518+09:00
Vaccination Advance,,,failed,False,2026-08-23T16:14:56.824333+09:00
Vaccination Advisory,20.0,4.0,success,False,2026-08-21T01:03:02.120644+09:00
Vaccination Allowance,10.0,0.0,success,False,2026-08-21T02:41:32.223715+09:00
Vaccination Almanac,,,failed,False,2026-08-18T22:04:21.198301+09:00
Vaccination Analyzer,,,failed,False,2026-08-27T23:56:56.552521+09:00
Vaccination Anchor,,,failed,False,2026-08-17T23:11:50.330995+09:00
Vaccination Announcement,110.0,0.0,success,False,2026-08-27T23:35:13.146180+09:00
Vaccination Arrears,,,failed,False,2026-08-23T16:14:56.824333+09:00
Vaccination Asset,,,failed,False,2026-08-23T13:47:27.498118+09:00
Vaccination Assistant,40.0,3.0,success,False,2026-08-17T23:12:24.724350+09:00
Vaccination Atlas,,,failed,False,2026-08-17T23:03:34.150622+09:00
Vaccination Attribute,,,failed,False,2026-08-23T13:07:37.097248+09:00
Vaccination Badge,50.0,0.0,success,False,2026-08-21T00:29:50.648703+09:00
Vaccination Balance,,,failed,False,2026-08-23T13:47:18.876098+09:00
Vaccination Base,,,failed,False,2026-08-17T23:11:27.104300+09:00
Vaccination Beacon,,,failed,False,2026-08-17T23:10:09.982693+09:00
Vaccination Bill,70.0,0.0,success,False,2026-08-19T21:52:57.085670+09:00
Vaccination Blueprint,,,failed,False,2026-08-18T22:04:08.939820+09:00
Vaccination Board,70.0,1.0,success,False,2026-08-17T23:28:41.981102+09:00
Vaccination Book,2400.0,55.0,success,False,2026-08-19T21:53:57.995655+09:00
Vaccination Bridge,,,failed,False,2026-08-17T23:26:22.390418+09:00
Vaccination Brief,,,failed,False,2026-08-21T01:02:06.881859+09:00
Vaccination Bulletin,10.0,0.0,success,False,2026-08-21T01:02:00.042656+09:00
Vaccination Cabinet,,,failed,False,2026-08-27T23:14:37.141829+09:00
Vaccination Calculator,480.0,2.0,success,False,2026-08-27T23:35:16.240815+09:00
Vaccination Calendar,880.0,1.0,success,False,2026-08-19T00:04:07.444762+09:00
Vaccination Card,18100.0,0.0,success,True,2026-08-19T13:24:58.997710+09:00
Vaccination Cascade,10.0,,success,False,2026-08-17T23:04:33.261831+09:00
Vaccination Cash,10.0,,success,False,2026-08-21T02:26:10.275506+09:00
Vaccination Cashback,10.0,,success,False,2026-08-27T21:17:07.956821+09:00
Vaccination Catalog,,,failed,False,2026-08-19T21:10:33.360879+09:00
Vaccination Category,70.0,1.0,success,False,2026-08-23T13:07:32.830763+09:00
Vaccination Center,4400.0,9.0,success,False,2026-08-17T23:29:34.686853+09:00
Vaccination Chain,,,failed,False,2026-08-17T23:31:12.330432+09:00
Vaccination Charge,210.0,6.0,success,False,2026-08-21T02:41:18.531749+09:00
Vaccination Chart,9900.0,1.0,success,False,2026-08-19T12:23:01.868954+09:00
Vaccination Check,390.0,2.0,success,False,2026-08-19T13:25:22.323430+09:00
Vaccination Checker,390.0,2.0,success,False,2026-08-27T23:56:50.543102+09:00
Vaccination Checklist,110.0,1.0,success,False,2026-08-19T21:09:32.906956+09:00
Vaccination Circular,10.0,0.0,success,False,2026-08-21T01:02:59.724963+09:00
Vaccination Cockpit,,,failed,False,2026-08-17T23:33:25.716051+09:00
Vaccination Code,480.0,1.0,success,False,2026-08-19T21:53:24.173556+09:00
Vaccination Codex,,,failed,False,2026-08-18T22:04:40.579410+09:00
Vaccination Companion,,,failed,False,2026-08-17T23:10:31.513884+09:00
Vaccination Comparison,20.0,0.0,success,False,2026-08-28T01:06:58.788190+09:00
Vaccination Compass,,,failed,False,2026-08-17T23:25:53.472363+09:00
Vaccination Compendium,,,failed,False,2026-08-18T22:04:32.030179+09:00
Vaccination Confirmation,880.0,0.0,success,False,2026-08-21T01:03:06.374945+09:00
Vaccination Console,,,failed,False,2026-08-17T23:03:55.937111+09:00
Vaccination Copayment,,,failed,False,2026-08-23T16:39:10.446274+09:00
Vaccination Core,,,failed,False,2026-08-17T23:28:17.323230+09:00
Vaccination Cost,880.0,11.0,success,False,2026-08-21T02:10:45.957047+09:00
Vaccination Count,30.0,2.0,success,False,2026-08-27T22:49:12.101032+09:00
Vaccination Counter,30.0,2.0,success,False,2026-08-19T00:04:50.750995+09:00
Vaccination Coupon,110.0,65.0,success,False,2026-08-27T21:17:07.956821+09:00
Vaccination Dashboard,70.0,0.0,success,False,2026-08-17T22:46:53.613180+09:00
Vaccination Deal,20.0,5.0,success,False,2026-08-21T01:55:16.985544+09:00
Vaccination Debt,,,failed,False,2026-08-21T02:26:02.985234+09:00
Vaccination Deck,,,failed,False,2026-08-17T23:13:04.753315+09:00
Vaccination Depot,,,failed,False,2026-08-19T00:04:38.069566+09:00
Vaccination Desk,10.0,0.0,success,False,2026-08-17T23:25:00.626086+09:00
Vaccination Detail,20.0,4.0,success,False,2026-08-23T03:20:07.416918+09:00
Vaccination Detector,,,failed,False,2026-08-27T23:56:56.552521+09:00
Vaccination Diagram,1300.0,0.0,success,True,2026-08-27T22:12:17.686005+09:00
Vaccination Dial,,,failed,False,2026-08-17T23:11:11.238352+09:00
Vaccination Digest,,,failed,False,2026-08-19T20:41:10.828189+09:00
Vaccination Directory,10.0,0.0,success,False,2026-08-19T00:04:18.277485+09:00
Vaccination Discount,40.0,48.0,success,False,2026-08-23T16:14:49.657074+09:00
Vaccination Dock,,,failed,False,2026-08-17T23:12:45.983083+09:00
Vaccination Dossier,,,failed,False,2026-08-21T01:03:12.514083+09:00
Vaccination Downpayment,,,failed,False,2026-08-27T21:48:09.369962+09:00
Vaccination Draft,,,failed,False,2026-08-19T20:41:25.975881+09:00
Vaccination Due,50.0,1.0,success,False,2026-08-23T15:52:07.033808+09:00
Vaccination Duty,10.0,0.0,success,False,2026-08-21T02:41:21.123178+09:00
Vaccination Engine,,,failed,False,2026-08-17T23:32:37.778770+09:00
Vaccination Entry,10.0,0.0,success,False,2026-08-21T01:03:25.375031+09:00
Vaccination Estimate,10.0,0.0,success,False,2026-08-19T21:10:23.160245+09:00
Vaccination Estimator,10.0,0.0,success,False,2026-08-27T23:56:47.564941+09:00
Vaccination Excerpt,,,failed,False,2026-08-21T01:03:20.927802+09:00
Vaccination Extension,10.0,0.0,success,False,2026-08-23T16:39:14.026032+09:00
Vaccination Fare,,,failed,False,2026-08-21T02:10:51.896971+09:00
Vaccination Fee,50.0,1.0,success,False,2026-08-21T01:54:58.367500+09:00
Vaccination Feed,,,failed,False,2026-08-19T20:41:20.028487+09:00
Vaccination File,110.0,0.0,success,False,2026-08-19T20:40:32.306082+09:00
Vaccination Finder,480.0,34.0,success,False,2026-08-19T00:04:33.745752+09:00
Vaccination Fine,10.0,0.0,success,False,2026-08-23T02:55:41.389421+09:00
Vaccination Flag,10.0,50.0,success,False,2026-08-21T00:30:37.167399+09:00
Vaccination Flow,10.0,0.0,success,False,2026-08-17T23:06:45.787789+09:00
Vaccination Forge,,,failed,False,2026-08-17T23:26:08.164356+09:00
Vaccination Form,480.0,2.0,success,False,2026-08-19T13:24:52.365790+09:00
Vaccination Format,480.0,2.0,success,False,2026-08-23T13:07:39.256451+09:00
Vaccination Frame,50.0,1.0,success,False,2026-08-17T23:28:04.378663+09:00
Vaccination Fund,140.0,5.0,success,False,2026-08-21T02:26:06.975454+09:00
Vaccination Gate,,,failed,False,2026-08-17T23:09:15.899406+09:00
Vaccination Giveaway,10.0,0.0,success,False,2026-08-27T21:17:14.401522+09:00
Vaccination Grade,,,failed,False,2026-08-21T00:30:17.662990+09:00
Vaccination Graph,590.0,0.0,success,False,2026-08-27T22:11:56.077657+09:00
Vaccination Grid,,,failed,False,2026-08-17T23:27:06.990402+09:00
Vaccination Guarantee,,,failed,False,2026-08-28T01:07:08.336538+09:00
Vaccination Guard,,,failed,False,2026-08-17T23:24:01.156266+09:00
Vaccination Guardian,10.0,11.0,success,False,2026-08-28T00:26:01.082990+09:00
Vaccination Guidebook,,,failed,False,2026-08-18T22:03:49.519359+09:00
Vaccination Helpdesk,10.0,,success,False,2026-08-27T22:49:12.101032+09:00
Vaccination Helper,140.0,0.0,success,False,2026-08-28T00:26:03.782064+09:00
Vaccination History,3600.0,1.0,success,False,2026-08-19T20:40:22.983274+09:00
Vaccination Hotline,70.0,5.0,success,False,2026-08-19T21:10:42.484655+09:00
Vaccination Hub,590.0,3.0,success,False,2026-08-17T23:24:44.637673+09:00
Vaccination Identifier,,,failed,False,2026-08-23T13:07:29.372228+09:00
Vaccination Incentive,70.0,0.0,success,False,2026-08-27T21:17:10.879829+09:00
Vaccination Index,20.0,1.0,success,False,2026-08-19T21:09:44.414904+09:00
Vaccination Insight,,,failed,False,2026-08-17T23:33:13.848442+09:00
Vaccination Installment,,,failed,False,2026-08-23T16:14:53.191797+09:00
Vaccination Interest,10.0,0.0,success,False,2026-08-23T13:47:23.462533+09:00
Vaccination Item,,,failed,False,2026-08-21T01:55:03.003035+09:00
Vaccination Journal,2900.0,3.0,success,False,2026-08-18T22:03:16.704658+09:00
Vaccination Keeper,,,failed,False,2026-08-17T23:10:49.091693+09:00
Vaccination Lab,,,failed,False,2026-08-17T23:07:51.294970+09:00
Vaccination Label,260.0,0.0,success,False,2026-08-27T22:12:02.778487+09:00
Vaccination Ledger,,,failed,False,2026-08-17T23:06:02.733299+09:00
Vaccination Lens,10.0,,success,False,2026-08-17T23:04:15.040980+09:00
Vaccination Level,20.0,0.0,success,False,2026-08-19T20:40:40.887904+09:00
Vaccination Levy,,,failed,False,2026-08-23T13:47:27.498118+09:00
Vaccination Link,40.0,1.0,success,False,2026-08-23T03:20:00.686198+09:00
Vaccination List,165000.0,1.0,success,False,2026-08-19T21:53:34.201182+09:00
Vaccination Loan,,,failed,False,2026-08-21T02:10:58.400903+09:00
Vaccination Locator,390.0,35.0,success,False,2026-08-19T00:04:28.645558+09:00
Vaccination Lock,,,failed,False,2026-08-17T23:09:54.812310+09:00
Vaccination Log,90.0,6.0,success,False,2026-08-19T13:24:29.465553+09:00
Vaccination Loop,,,failed,False,2026-08-17T23:13:24.499414+09:00
Vaccination Manager,30.0,3.0,success,False,2026-08-17T23:32:21.137516+09:00
Vaccination Manual,,,failed,False,2026-08-27T22:12:11.460290+09:00
Vaccination Map,210.0,1.0,success,False,2026-08-17T23:27:48.723968+09:00
Vaccination Markup,,,failed,False,2026-08-23T16:39:10.446274+09:00
Vaccination Memo,10.0,0.0,success,False,2026-08-21T00:30:25.028648+09:00
Vaccination Message,590.0,0.0,success,False,2026-08-27T23:14:27.057874+09:00
Vaccination Meter,10.0,0.0,success,False,2026-08-17T23:30:19.900529+09:00
Vaccination Metrics,10.0,0.0,success,False,2026-08-17T23:08:52.279570+09:00
Vaccination Monitor,140.0,0.0,success,False,2026-08-17T23:14:05.238044+09:00
Vaccination Navigator,10.0,,success,False,2026-08-17T23:23:24.651550+09:00
Vaccination Nexus,,,failed,False,2026-08-17T23:31:45.267981+09:00
Vaccination Node,,,failed,False,2026-08-17T23:31:30.005121+09:00
Vaccination Note,590.0,0.0,success,False,2026-08-19T13:25:58.679936+09:00
Vaccination Notification,10.0,0.0,success,False,2026-08-27T22:49:02.475082+09:00
Vaccination Number,110.0,1.0,success,False,2026-08-23T03:19:53.710314+09:00
Vaccination Office,50.0,8.0,success,False,2026-08-19T00:04:44.561310+09:00
Vaccination Ops,,,failed,False,2026-08-17T23:04:52.831664+09:00
Vaccination Order,1000.0,1.0,success,False,2026-08-19T21:52:45.174751+09:00
Vaccination Organizer,,,failed,False,2026-08-17T23:33:00.502135+09:00
Vaccination Outline,70.0,0.0,success,False,2026-08-27T22:28:56.801982+09:00
Vaccination Overage,,,failed,False,2026-08-27T21:48:07.167837+09:00
Vaccination Overdue,,,failed,False,2026-08-27T21:48:04.359972+09:00
Vaccination Panel,320.0,3.0,success,False,2026-08-17T23:30:05.459796+09:00
Vaccination Pass,260.0,1.0,success,False,2026-08-21T00:29:35.718141+09:00
Vaccination Passport,1000.0,0.0,success,True,2026-08-19T12:23:14.200437+09:00
Vaccination Path,,,failed,False,2026-08-17T23:15:02.433018+09:00
Vaccination Payoff,,,failed,False,2026-08-27T21:48:04.359972+09:00
Vaccination Penalty,10.0,0.0,success,False,2026-08-23T16:39:07.006923+09:00
Vaccination Petition,10.0,0.0,success,False,2026-08-21T01:02:15.382494+09:00
Vaccination Pilot,,,failed,False,2026-08-17T23:13:46.002975+09:00
Vaccination Plan,210.0,4.0,success,False,2026-08-21T01:55:12.213842+09:00
Vaccination Planner,210.0,4.0,success,False,2026-08-17T23:32:49.252049+09:00
Vaccination Playbook,10.0,0.0,success,False,2026-08-18T22:03:05.761687+09:00
Vaccination Point,590.0,4.0,success,False,2026-08-17T23:27:38.183762+09:00
Vaccination Portal,880.0,1.0,success,False,2026-08-17T23:29:49.351305+09:00
Vaccination Preview,,,failed,False,2026-08-28T01:07:01.226912+09:00
Vaccination Profile,20.0,1.0,success,False,2026-08-19T13:26:18.300818+09:00
Vaccination Profit,30.0,0.0,success,False,2026-08-23T02:55:28.144750+09:00
Vaccination Proposal,10.0,0.0,success,False,2026-08-28T01:07:05.829192+09:00
Vaccination Pulse,,,failed,False,2026-08-17T23:08:08.981233+09:00
Vaccination Queue,30.0,4.0,success,False,2026-08-19T21:10:11.430001+09:00
Vaccination Quota,10.0,0.0,success,False,2026-08-21T00:30:32.235715+09:00
Vaccination Radar,10.0,4.0,success,False,2026-08-17T23:08:30.361207+09:00
Vaccination Rail,,,failed,False,2026-08-17T23:30:49.193189+09:00
Vaccination Rate,590.0,0.0,success,False,2026-08-19T20:40:46.834660+09:00
Vaccination Recap,,,failed,False,2026-08-21T01:03:16.580684+09:00
Vaccination Receipt,390.0,0.0,success,False,2026-08-19T21:53:13.442826+09:00
Vaccination Recorder,,,failed,False,2026-08-27T23:35:20.435817+09:00
Vaccination Redemption,,,failed,False,2026-08-23T16:39:10.446274+09:00
Vaccination Register,8100.0,2.0,success,False,2026-08-17T23:23:43.975283+09:00
Vaccination Registry,8100.0,2.0,success,False,2026-08-18T22:03:58.790181+09:00
Vaccination Relay,,,failed,False,2026-08-17T23:25:36.258312+09:00
Vaccination Reminder,140.0,0.0,success,False,2026-08-19T21:09:22.382807+09:00
Vaccination Report,590.0,0.0,success,False,2026-08-19T13:24:17.578330+09:00
Vaccination Repository,,,failed,False,2026-08-27T23:14:37.141829+09:00
Vaccination Result,50.0,0.0,success,False,2026-08-28T00:48:05.704808+09:00
Vaccination Roadmap,10.0,,success,False,2026-08-18T22:04:51.222507+09:00
Vaccination Roster,10.0,0.0,success,False,2026-08-19T00:36:38.202359+09:00
Vaccination Route,390.0,0.0,success,False,2026-08-17T23:30:33.375533+09:00
Vaccination Rule,70.0,0.0,success,False,2026-08-23T03:20:04.246790+09:00
Vaccination Sale,30.0,1.0,success,False,2026-08-21T02:26:14.215239+09:00
Vaccination Sample,20.0,0.0,success,False,2026-08-19T21:54:19.584048+09:00
Vaccination Scale,10.0,0.0,success,False,2026-08-17T23:05:41.457486+09:00
Vaccination Scanner,90.0,14.0,success,False,2026-08-27T23:56:53.046222+09:00
Vaccination Scheduler,110000.0,2.0,success,False,2026-08-17T23:07:07.612411+09:00
Vaccination Scope,,,failed,False,2026-08-17T23:26:52.800903+09:00
Vaccination Score,10.0,0.0,success,False,2026-08-19T13:25:50.130591+09:00
Vaccination Sentry,,,failed,False,2026-08-17T23:32:05.926406+09:00
Vaccination Serial,10.0,0.0,success,False,2026-08-23T13:27:48.876436+09:00
Vaccination Sheet,170.0,1.0,success,False,2026-08-19T13:25:08.614186+09:00
Vaccination Shortfall,,,failed,False,2026-08-27T21:48:11.561191+09:00
Vaccination Signal,,,failed,False,2026-08-17T23:26:36.000104+09:00
Vaccination Signature,10.0,,success,False,2026-08-23T13:27:48.876436+09:00
Vaccination Slip,40.0,0.0,success,False,2026-08-19T21:54:10.446339+09:00
Vaccination Slot,10.0,0.0,success,False,2026-08-19T21:54:34.064665+09:00
Vaccination Snapshot,,,failed,False,2026-08-18T22:03:28.331445+09:00
Vaccination Stage,50.0,0.0,success,False,2026-08-28T00:48:02.582128+09:00
Vaccination Stake,,,failed,False,2026-08-23T02:55:35.353388+09:00
Vaccination Statement,50.0,0.0,success,False,2026-08-21T00:30:03.627747+09:00
Vaccination Station,880.0,30.0,success,False,2026-08-17T23:29:14.907859+09:00
Vaccination Status,880.0,0.0,success,False,2026-08-19T20:40:06.734480+09:00
Vaccination Stipend,10.0,,success,False,2026-08-23T13:47:31.255092+09:00
Vaccination Stub,10.0,0.0,success,False,2026-08-21T00:29:55.538883+09:00
Vaccination Studio,,,failed,False,2026-08-17T23:28:58.984040+09:00
Vaccination Subsidy,40.0,1.0,success,False,2026-08-23T15:52:10.396341+09:00
Vaccination Suite,,,failed,False,2026-08-17T23:05:14.518937+09:00
Vaccination Sum,,,failed,False,2026-08-21T02:25:59.297290+09:00
Vaccination Summary,70.0,0.0,success,False,2026-08-19T21:08:54.298412+09:00
Vaccination Sync,,,failed,False,2026-08-17T23:24:19.906640+09:00
Vaccination Tab,590.0,0.0,success,False,2026-08-21T00:30:44.450501+09:00
Vaccination Table,1000.0,0.0,success,True,2026-08-19T21:53:47.413598+09:00
Vaccination Tag,140.0,0.0,success,False,2026-08-19T13:26:10.178451+09:00
Vaccination Tally,10.0,,success,False,2026-08-21T00:30:11.509086+09:00
Vaccination Tariff,,,failed,False,2026-08-21T02:41:35.267281+09:00
Vaccination Tax,20.0,0.0,success,False,2026-08-21T02:10:55.409815+09:00
Vaccination Ticket,320.0,9.0,success,False,2026-08-19T21:09:59.006110+09:00
Vaccination Timeline,720.0,2.0,success,False,2026-08-19T21:09:08.250321+09:00
Vaccination Timer,,,failed,False,2026-08-28T00:25:56.872854+09:00
Vaccination Toll,10.0,0.0,success,False,2026-08-21T02:41:24.321159+09:00
Vaccination Toolbox,,,failed,False,2026-08-28T00:26:03.782064+09:00
Vaccination Toolkit,20.0,1.0,success,False,2026-08-18T22:02:54.576094+09:00
Vaccination Total,10.0,8.0,success,False,2026-08-27T23:14:33.058842+09:00
Vaccination Tracker,320.0,0.0,success,False,2026-08-17T23:12:05.919804+09:00
Vaccination Trail,,,failed,False,2026-08-17T23:07:32.474026+09:00
Vaccination Trend,40.0,0.0,success,False,2026-08-28T01:06:54.096928+09:00
Vaccination Trial,390.0,9.0,success,False,2026-08-27T21:17:10.879829+09:00
Vaccination Unit,70.0,1.0,success,False,2026-08-21T01:55:08.355431+09:00
Vaccination Update,720.0,1.0,success,False,2026-08-19T20:41:00.818648+09:00
Vaccination Value,,,failed,False,2026-08-23T02:55:31.768897+09:00
Vaccination Vault,,,failed,False,2026-08-17T23:15:22.052615+09:00
Vaccination Version,,,failed,False,2026-08-23T03:19:56.707699+09:00
Vaccination View,,,failed,False,2026-08-19T20:40:17.061535+09:00
Vaccination Voucher,90.0,2.0,success,False,2026-08-21T00:29:43.441391+09:00
Vaccination Wallet,10.0,0.0,success,False,2026-08-27T22:49:08.559687+09:00
Vaccination Watch,10.0,0.0,success,False,2026-08-17T23:06:24.757707+09:00
Vaccination Wave,,,failed,False,2026-08-17T23:27:21.585941+09:00
Vaccination Widget,,,failed,False,2026-08-27T23:14:33.058842+09:00
Vaccination Workbench,,,failed,False,2026-08-18T22:02:44.404885+09:00
Vaccination Worksheet,90.0,0.0,success,False,2026-08-27T22:12:15.272381+09:00
Vaccination Workshop,10.0,0.0,success,False,2026-08-28T00:26:01.082990+09:00
Vaccination Zone,90.0,3.0,success,False,2026-08-17T23:09:34.502992+09:00
Vacuum Advisory,,,failed,False,2026-08-21T01:06:46.678178+09:00
Vacuum Alert,,,failed,False,2026-08-19T21:30:35.144264+09:00
Vacuum Allowance,,,failed,False,2026-08-21T02:37:37.997164+09:00
Vacuum Analyzer,1000.0,1.0,success,False,2026-08-27T23:59:20.883273+09:00
Vacuum Asset,,,failed,False,2026-08-23T13:47:07.330354+09:00
Vacuum Assistant,140.0,0.0,success,False,2026-08-19T21:15:27.386619+09:00
Vacuum Atlas,,,failed,False,2026-08-19T21:14:40.806707+09:00
Vacuum Attribute,,,failed,False,2026-08-23T13:06:31.775349+09:00
Vacuum Badge,,,failed,False,2026-08-21T00:32:26.715092+09:00
Vacuum Balance,30.0,81.0,success,False,2026-08-23T13:47:05.237339+09:00
Vacuum Base,170.0,16.0,success,False,2026-08-19T21:10:34.981799+09:00
Vacuum Bay,90.0,4.0,success,False,2026-08-19T21:19:06.268561+09:00
Vacuum Beacon,,,failed,False,2026-08-19T21:07:55.214041+09:00
Vacuum Bill,10.0,4.0,success,False,2026-08-19T21:51:13.518825+09:00
Vacuum Bin,320.0,70.0,success,False,2026-08-19T21:30:49.393699+09:00
Vacuum Board,210.0,23.0,success,False,2026-08-19T21:11:11.315009+09:00
Vacuum Book,110.0,6.0,success,False,2026-08-19T21:52:13.387437+09:00
Vacuum Booth,10.0,12.0,success,False,2026-08-19T21:18:30.637363+09:00
Vacuum Bridge,30.0,0.0,success,False,2026-08-19T21:08:25.447867+09:00
Vacuum Brief,,,failed,False,2026-08-21T01:06:36.051415+09:00
Vacuum Bulletin,,,failed,False,2026-08-21T01:06:31.516088+09:00
Vacuum Cabinet,590.0,100.0,success,False,2026-08-27T23:16:04.692896+09:00
Vacuum Calendar,20.0,0.0,success,False,2026-08-19T21:17:23.744501+09:00
Vacuum Card,260.0,1.0,success,False,2026-08-19T21:32:10.645735+09:00
Vacuum Cash,,,failed,False,2026-08-21T02:31:03.884559+09:00
Vacuum Cashback,,,failed,False,2026-08-27T21:17:47.451913+09:00
Vacuum Catalog,140.0,28.0,success,False,2026-08-19T21:06:11.173737+09:00
Vacuum Category,20.0,3.0,success,False,2026-08-23T13:06:29.194377+09:00
Vacuum Center,1600.0,23.0,success,False,2026-08-19T21:12:17.710681+09:00
Vacuum Chain,,,failed,False,2026-08-19T21:13:57.456241+09:00
Vacuum Charge,90.0,53.0,success,False,2026-08-21T02:37:22.596537+09:00
Vacuum Chart,170.0,0.0,success,False,2026-08-19T21:30:42.715680+09:00
Vacuum Check,590.0,13.0,success,False,2026-08-19T21:32:26.609245+09:00
Vacuum Checker,590.0,13.0,success,False,2026-08-27T23:59:20.883273+09:00
Vacuum Checklist,,,failed,False,2026-08-19T21:05:10.807996+09:00
Vacuum Circular,,,failed,False,2026-08-21T01:06:44.007854+09:00
Vacuum Code,40.0,14.0,success,False,2026-08-19T21:51:34.255432+09:00
Vacuum Companion,,,failed,False,2026-08-19T21:16:09.798326+09:00
Vacuum Compass,,,failed,False,2026-08-19T21:07:45.336017+09:00
Vacuum Confirmation,,,failed,False,2026-08-21T01:06:58.606298+09:00
Vacuum Console,,,failed,False,2026-08-19T21:12:47.142527+09:00
Vacuum Cost,390.0,85.0,success,False,2026-08-21T02:14:24.666160+09:00
Vacuum Count,,,failed,False,2026-08-27T22:50:28.774616+09:00
Vacuum Counter,70.0,9.0,success,False,2026-08-19T21:18:07.179482+09:00
Vacuum Coupon,70.0,68.0,success,False,2026-08-27T21:17:47.451913+09:00
Vacuum Deal,1900.0,100.0,success,False,2026-08-21T01:58:38.358988+09:00
Vacuum Debt,,,failed,False,2026-08-21T02:30:59.342931+09:00
Vacuum Deck,10.0,6.0,success,False,2026-08-19T21:11:19.546080+09:00
Vacuum Desk,3600.0,100.0,success,False,2026-08-19T21:07:02.698289+09:00
Vacuum Detail,,,failed,False,2026-08-23T03:17:25.053866+09:00
Vacuum Detector,110.0,42.0,success,False,2026-08-27T23:59:20.883273+09:00
Vacuum Diagram,1000.0,5.0,success,False,2026-08-27T22:13:27.898794+09:00
Vacuum Digest,,,failed,False,2026-08-19T21:03:53.179213+09:00
Vacuum Directory,,,failed,False,2026-08-19T21:17:33.160544+09:00
Vacuum Discount,170.0,100.0,success,False,2026-08-23T16:14:56.824333+09:00
Vacuum Dossier,,,failed,False,2026-08-21T01:07:02.843245+09:00
Vacuum Downpayment,,,failed,False,2026-08-27T21:49:01.717649+09:00
Vacuum Draft,,,failed,False,2026-08-19T21:04:17.654082+09:00
Vacuum Due,,,failed,False,2026-08-23T15:51:59.728812+09:00
Vacuum Duty,,,failed,False,2026-08-21T02:37:27.000959+09:00
Vacuum Engine,1000.0,4.0,success,False,2026-08-19T21:15:17.337039+09:00
Vacuum Entry,,,failed,False,2026-08-21T01:07:17.420617+09:00
Vacuum Estimate,,,failed,False,2026-08-19T21:06:02.010882+09:00
Vacuum Estimator,,,failed,False,2026-08-27T23:59:17.563745+09:00
Vacuum Excerpt,,,failed,False,2026-08-21T01:07:11.720033+09:00
Vacuum Fare,,,failed,False,2026-08-21T02:14:32.398981+09:00
Vacuum Fee,,,failed,False,2026-08-21T01:58:23.267631+09:00
Vacuum Feed,260.0,50.0,success,False,2026-08-19T21:04:06.353252+09:00
Vacuum File,,,failed,False,2026-08-19T21:32:44.531306+09:00
Vacuum Finder,30.0,12.0,success,False,2026-08-19T21:17:51.663250+09:00
Vacuum Fine,,,failed,False,2026-08-23T02:53:30.954147+09:00
Vacuum Flag,30.0,2.0,success,False,2026-08-21T00:33:03.712506+09:00
Vacuum Flow,260.0,55.0,success,False,2026-08-19T21:06:42.695560+09:00
Vacuum Form,18100.0,84.0,success,False,2026-08-19T21:32:03.032645+09:00
Vacuum Format,,,failed,False,2026-08-23T13:06:36.915804+09:00
Vacuum Fund,,,failed,False,2026-08-21T02:31:01.801994+09:00
Vacuum Gate,70.0,51.0,success,False,2026-08-19T21:14:19.651241+09:00
Vacuum Giveaway,20.0,3.0,success,False,2026-08-27T21:17:53.742550+09:00
Vacuum Grade,,,failed,False,2026-08-21T00:32:50.317142+09:00
Vacuum Graph,50.0,2.0,success,False,2026-08-27T22:13:13.048056+09:00
Vacuum Grid,,,failed,False,2026-08-19T21:09:24.314607+09:00
Vacuum Guarantee,,,failed,False,2026-08-28T01:02:01.499945+09:00
Vacuum Harbor,,,failed,False,2026-08-19T21:19:52.858825+09:00
Vacuum Helpdesk,,,failed,False,2026-08-27T22:50:33.048353+09:00
Vacuum Helper,,,failed,False,2026-08-28T00:27:43.001225+09:00
Vacuum History,170.0,0.0,success,False,2026-08-19T21:32:42.554846+09:00
Vacuum Hotline,,,failed,False,2026-08-19T21:06:23.756396+09:00
Vacuum Hub,140.0,65.0,success,False,2026-08-19T21:06:51.339410+09:00
Vacuum Identifier,,,failed,False,2026-08-23T13:06:27.049949+09:00
Vacuum Inbox,,,failed,False,2026-08-19T21:30:28.519556+09:00
Vacuum Incentive,,,failed,False,2026-08-27T21:17:53.742550+09:00
Vacuum Index,20.0,0.0,success,False,2026-08-19T21:05:22.464454+09:00
Vacuum Installment,,,failed,False,2026-08-23T16:15:01.314751+09:00
Vacuum Item,,,failed,False,2026-08-21T01:58:27.155216+09:00
Vacuum Journal,1300.0,0.0,success,True,2026-08-19T21:16:59.496910+09:00
Vacuum Keeper,,,failed,False,2026-08-19T21:14:49.838669+09:00
Vacuum Kiosk,,,failed,False,2026-08-19T21:18:40.810817+09:00
Vacuum Kit,590.0,100.0,success,False,2026-08-27T22:50:26.115784+09:00
Vacuum Lab,480.0,27.0,success,False,2026-08-19T21:11:41.705907+09:00
Vacuum Label,90.0,8.0,success,False,2026-08-27T22:13:16.015424+09:00
Vacuum Ledger,,,failed,False,2026-08-19T21:11:00.361566+09:00
Vacuum Level,480.0,1.0,success,False,2026-08-19T21:32:49.180215+09:00
Vacuum Levy,,,failed,False,2026-08-23T13:47:09.314181+09:00
Vacuum Line,4400.0,91.0,success,False,2026-08-19T21:31:21.634231+09:00
Vacuum Link,70.0,100.0,success,False,2026-08-23T03:17:13.101010+09:00
Vacuum List,720.0,3.0,success,False,2026-08-19T21:51:50.352396+09:00
Vacuum Loan,,,failed,False,2026-08-21T02:14:36.179977+09:00
Vacuum Lobby,,,failed,False,2026-08-19T21:31:07.393138+09:00
Vacuum Log,110.0,1.0,success,False,2026-08-19T21:31:54.531543+09:00
Vacuum Loop,40.0,64.0,success,False,2026-08-19T21:09:10.178555+09:00
Vacuum Manager,,,failed,False,2026-08-19T21:15:04.533430+09:00
Vacuum Manual,480.0,61.0,success,False,2026-08-27T22:13:20.966698+09:00
Vacuum Map,260.0,76.0,success,False,2026-08-19T21:10:16.662476+09:00
Vacuum Margin,,,failed,False,2026-08-23T02:53:27.977389+09:00
Vacuum Markup,,,failed,False,2026-08-23T16:39:23.209795+09:00
Vacuum Memo,,,failed,False,2026-08-21T00:32:54.976982+09:00
Vacuum Message,,,failed,False,2026-08-27T23:15:58.535794+09:00
Vacuum Monitor,70.0,25.0,success,False,2026-08-19T21:16:00.282567+09:00
Vacuum Nexus,,,failed,False,2026-08-19T21:14:29.704334+09:00
Vacuum Note,,,failed,False,2026-08-19T21:32:32.734528+09:00
Vacuum Notification,,,failed,False,2026-08-27T22:50:21.429751+09:00
Vacuum Number,320.0,0.0,success,False,2026-08-23T03:17:04.760167+09:00
Vacuum Ops,,,failed,False,2026-08-19T21:16:32.174515+09:00
Vacuum Order,10.0,99.0,success,False,2026-08-19T21:51:05.479286+09:00
Vacuum Overage,,,failed,False,2026-08-27T21:48:59.482652+09:00
Vacuum Overdue,,,failed,False,2026-08-27T21:48:54.950777+09:00
Vacuum Pass,110.0,0.0,success,False,2026-08-21T00:32:13.850788+09:00
Vacuum Passport,,,failed,False,2026-08-19T21:30:59.491804+09:00
Vacuum Path,,,failed,False,2026-08-19T21:09:48.311531+09:00
Vacuum Payoff,,,failed,False,2026-08-27T21:48:57.191063+09:00
Vacuum Penalty,,,failed,False,2026-08-23T16:39:21.186657+09:00
Vacuum Petition,,,failed,False,2026-08-21T01:06:51.131996+09:00
Vacuum Plan,20.0,0.0,success,False,2026-08-21T01:58:35.810953+09:00
Vacuum Planner,,,failed,False,2026-08-19T21:15:38.736251+09:00
Vacuum Playbook,,,failed,False,2026-08-19T21:16:46.731573+09:00
Vacuum Plaza,,,failed,False,2026-08-19T21:19:43.238592+09:00
Vacuum Portal,,,failed,False,2026-08-19T21:12:37.502456+09:00
Vacuum Post,40.0,0.0,success,False,2026-08-19T21:19:19.264899+09:00
Vacuum Profile,,,failed,False,2026-08-19T21:32:36.347329+09:00
Vacuum Profit,,,failed,False,2026-08-23T02:53:17.402090+09:00
Vacuum Proposal,,,failed,False,2026-08-28T01:01:58.415917+09:00
Vacuum Queue,,,failed,False,2026-08-19T21:05:47.568804+09:00
Vacuum Quota,,,failed,False,2026-08-21T00:32:59.208813+09:00
Vacuum Radar,,,failed,False,2026-08-19T21:07:16.203533+09:00
Vacuum Rail,70.0,5.0,success,False,2026-08-19T21:13:34.097161+09:00
Vacuum Rate,590.0,9.0,success,False,2026-08-19T21:03:21.176777+09:00
Vacuum Recap,,,failed,False,2026-08-21T01:07:07.368570+09:00
Vacuum Receipt,,,failed,False,2026-08-19T21:51:25.452105+09:00
Vacuum Register,,,failed,False,2026-08-19T21:16:21.953049+09:00
Vacuum Registry,,,failed,False,2026-08-19T21:17:13.210771+09:00
Vacuum Relay,390.0,88.0,success,False,2026-08-19T21:07:25.102552+09:00
Vacuum Reminder,,,failed,False,2026-08-19T21:04:58.271286+09:00
Vacuum Report,70.0,49.0,success,False,2026-08-19T21:31:47.611554+09:00
Vacuum Ring,480.0,19.0,success,False,2026-08-19T21:14:07.516927+09:00
Vacuum Roll,1000.0,99.0,success,False,2026-08-19T21:31:38.211604+09:00
Vacuum Roster,,,failed,False,2026-08-19T21:30:20.208348+09:00
Vacuum Route,,,failed,False,2026-08-19T21:13:23.011051+09:00
Vacuum Rule,,,failed,False,2026-08-23T03:17:21.558443+09:00
Vacuum Sale,8100.0,100.0,success,False,2026-08-21T02:20:53.673511+09:00
Vacuum Sample,110.0,18.0,success,False,2026-08-19T21:52:37.480660+09:00
Vacuum Scale,110.0,21.0,success,False,2026-08-19T21:13:13.092758+09:00
Vacuum Scanner,40.0,2.0,success,False,2026-08-27T23:59:20.883273+09:00
Vacuum Schematic,90.0,0.0,success,False,2026-08-27T22:29:16.006701+09:00
Vacuum Scope,,,failed,False,2026-08-19T21:08:58.951614+09:00
Vacuum Score,,,failed,False,2026-08-19T21:32:28.691012+09:00
Vacuum Serial,10.0,0.0,success,False,2026-08-23T13:27:31.185352+09:00
Vacuum Sheet,880.0,52.0,success,False,2026-08-19T21:32:17.835679+09:00
Vacuum Shelf,170.0,100.0,success,False,2026-08-19T21:30:14.177717+09:00
Vacuum Shortfall,,,failed,False,2026-08-27T21:49:04.119579+09:00
Vacuum Signal,,,failed,False,2026-08-19T21:08:35.799168+09:00
Vacuum Slip,,,failed,False,2026-08-19T21:52:24.100892+09:00
Vacuum Slot,10.0,0.0,success,False,2026-08-19T21:52:48.982891+09:00
Vacuum Stage,70.0,33.0,success,False,2026-08-28T00:45:35.673593+09:00
Vacuum Stake,,,failed,False,2026-08-23T02:53:22.590239+09:00
Vacuum Statement,,,failed,False,2026-08-21T00:32:40.998784+09:00
Vacuum Station,390.0,59.0,success,False,2026-08-19T21:11:53.117390+09:00
Vacuum Status,170.0,100.0,success,False,2026-08-19T21:32:38.095873+09:00
Vacuum Stub,,,failed,False,2026-08-21T00:32:34.737926+09:00
Vacuum Subsidy,,,failed,False,2026-08-23T15:52:02.827883+09:00
Vacuum Sum,,,failed,False,2026-08-21T02:30:57.020640+09:00
Vacuum Summary,,,failed,False,2026-08-19T21:04:31.572257+09:00
Vacuum Tab,320.0,62.0,success,False,2026-08-21T00:33:10.095062+09:00
Vacuum Table,2400.0,54.0,success,False,2026-08-19T21:52:01.647797+09:00
Vacuum Tag,,,failed,False,2026-08-19T21:32:34.534523+09:00
Vacuum Tally,,,failed,False,2026-08-21T00:32:45.504063+09:00
Vacuum Tariff,,,failed,False,2026-08-21T02:37:42.077569+09:00
Vacuum Tax,,,failed,False,2026-08-21T02:14:36.179977+09:00
Vacuum Terminal,,,failed,False,2026-08-19T21:12:05.902513+09:00
Vacuum Ticker,,,failed,False,2026-08-19T21:31:14.747264+09:00
Vacuum Ticket,,,failed,False,2026-08-19T21:05:35.157530+09:00
Vacuum Timeline,50.0,0.0,success,False,2026-08-19T21:04:44.071622+09:00
Vacuum Timer,210.0,5.0,success,False,2026-08-28T00:27:40.381664+09:00
Vacuum Toll,,,failed,False,2026-08-21T02:37:31.175739+09:00
Vacuum Toolbox,90.0,100.0,success,False,2026-08-28T00:27:43.001225+09:00
Vacuum Total,40.0,96.0,success,False,2026-08-27T23:15:58.535794+09:00
Vacuum Tower,260.0,35.0,success,False,2026-08-19T21:20:05.379169+09:00
Vacuum Tracker,,,failed,False,2026-08-19T21:06:33.819352+09:00
Vacuum Trail,,,failed,False,2026-08-19T21:13:48.359259+09:00
Vacuum Trial,10.0,38.0,success,False,2026-08-27T21:17:51.217476+09:00
Vacuum Unit,2900.0,19.0,success,False,2026-08-21T01:58:32.976972+09:00
Vacuum Update,,,failed,False,2026-08-19T21:03:36.529171+09:00
Vacuum Value,390.0,84.0,success,False,2026-08-23T02:53:19.802959+09:00
Vacuum Vault,10.0,100.0,success,False,2026-08-19T21:07:34.937888+09:00
Vacuum Version,30.0,30.0,success,False,2026-08-23T03:17:09.077548+09:00
Vacuum View,,,failed,False,2026-08-19T21:32:39.944567+09:00
Vacuum Voucher,,,failed,False,2026-08-21T00:32:20.380964+09:00
Vacuum Watch,210.0,11.0,success,False,2026-08-19T21:08:46.825044+09:00
Vacuum Widget,,,failed,False,2026-08-27T23:16:01.473407+09:00
Vacuum Window,320.0,46.0,success,False,2026-08-19T21:31:29.606643+09:00
Vacuum Worksheet,,,failed,False,2026-08-27T22:13:24.343596+09:00
Vacuum Yard,5400.0,100.0,success,False,2026-08-19T21:18:53.314989+09:00
Vacuum Zone,140.0,5.0,success,False,2026-08-19T21:12:28.088394+09:00
Valet Advance,,,failed,False,2026-08-23T16:16:09.972976+09:00
Valet Advisory,,,failed,False,2026-08-21T01:04:45.668721+09:00
Valet Allowance,,,failed,False,2026-08-21T02:37:15.297674+09:00
Valet Analyzer,,,failed,False,2026-08-27T23:53:00.851680+09:00
Valet Announcement,,,failed,False,2026-08-27T23:32:49.894310+09:00
Valet Assistant,30.0,1.0,success,False,2026-08-19T00:00:56.933054+09:00
Valet Atlas,10.0,,success,False,2026-08-19T00:00:25.348270+09:00
Valet Attribute,,,failed,False,2026-08-23T13:06:54.038616+09:00
Valet Badge,,,failed,False,2026-08-21T00:29:24.926650+09:00
Valet Balance,,,failed,False,2026-08-23T13:47:27.498118+09:00
Valet Base,,,failed,False,2026-08-19T00:05:33.402476+09:00
Valet Beacon,,,failed,False,2026-08-19T00:04:07.444762+09:00
Valet Bill,,,failed,False,2026-08-19T22:05:38.259870+09:00
Valet Board,30.0,97.0,success,False,2026-08-18T23:57:28.259874+09:00
Valet Book,50.0,9.0,success,False,2026-08-19T22:06:28.711407+09:00
Valet Bridge,70.0,1.0,success,False,2026-08-19T00:04:33.745752+09:00
Valet Brief,,,failed,False,2026-08-21T01:04:28.874460+09:00
Valet Bulletin,,,failed,False,2026-08-21T01:04:22.356565+09:00
Valet Calculator,10.0,0.0,success,False,2026-08-27T23:32:54.562632+09:00
Valet Calendar,,,failed,False,2026-08-19T00:02:15.189621+09:00
Valet Card,320.0,4.0,success,False,2026-08-19T13:40:29.386715+09:00
Valet Cascade,,,failed,False,2026-08-19T00:04:23.577898+09:00
Valet Cash,,,failed,False,2026-08-21T02:30:27.978125+09:00
Valet Cashback,,,failed,False,2026-08-27T21:19:20.192831+09:00
Valet Catalog,,,failed,False,2026-08-19T21:19:32.635751+09:00
Valet Category,,,failed,False,2026-08-23T13:06:51.579478+09:00
Valet Center,20.0,4.0,success,False,2026-08-18T23:58:29.314698+09:00
Valet Chain,,,failed,False,2026-08-18T23:59:47.446594+09:00
Valet Charge,50.0,16.0,success,False,2026-08-21T02:37:01.944995+09:00
Valet Check,20.0,0.0,success,False,2026-08-19T13:41:02.359276+09:00
Valet Checker,,,failed,False,2026-08-27T23:52:49.352062+09:00
Valet Checklist,10.0,21.0,success,False,2026-08-19T21:18:30.637363+09:00
Valet Circular,,,failed,False,2026-08-21T01:04:32.859141+09:00
Valet Code,10.0,0.0,success,False,2026-08-19T22:05:58.265751+09:00
Valet Companion,,,failed,False,2026-08-19T00:01:30.427864+09:00
Valet Comparison,,,failed,False,2026-08-28T01:04:19.597729+09:00
Valet Compass,,,failed,False,2026-08-19T00:04:01.106556+09:00
Valet Confirmation,,,failed,False,2026-08-21T01:05:02.312819+09:00
Valet Console,,,failed,False,2026-08-18T23:58:54.171473+09:00
Valet Core,,,failed,False,2026-08-18T23:57:07.963291+09:00
Valet Cost,110.0,4.0,success,False,2026-08-21T02:13:39.971656+09:00
Valet Count,,,failed,False,2026-08-27T22:44:35.371350+09:00
Valet Counter,140.0,60.0,success,False,2026-08-19T00:03:01.180289+09:00
Valet Coupon,10.0,2.0,success,False,2026-08-27T21:19:20.192831+09:00
Valet Deal,,,failed,False,2026-08-21T01:57:25.896991+09:00
Valet Debt,,,failed,False,2026-08-21T02:30:21.260254+09:00
Valet Deck,,,failed,False,2026-08-18T23:57:39.317157+09:00
Valet Depot,10.0,37.0,success,False,2026-08-19T00:02:45.246378+09:00
Valet Desk,590.0,67.0,success,False,2026-08-19T00:03:29.017691+09:00
Valet Detail,480.0,13.0,success,False,2026-08-23T03:17:34.613762+09:00
Valet Detector,,,failed,False,2026-08-27T23:52:57.703687+09:00
Valet Diagram,10.0,0.0,success,False,2026-08-27T22:15:03.740456+09:00
Valet Digest,,,failed,False,2026-08-19T20:43:04.288794+09:00
Valet Directory,,,failed,False,2026-08-19T00:02:24.547164+09:00
Valet Discount,,,failed,False,2026-08-23T16:16:00.073730+09:00
Valet Dossier,,,failed,False,2026-08-21T01:05:06.601547+09:00
Valet Downpayment,,,failed,False,2026-08-27T21:50:20.259806+09:00
Valet Draft,,,failed,False,2026-08-19T20:43:19.095275+09:00
Valet Due,,,failed,False,2026-08-23T15:52:22.475978+09:00
Valet Duty,,,failed,False,2026-08-21T02:37:05.084488+09:00
Valet Engine,,,failed,False,2026-08-19T00:00:51.306672+09:00
Valet Entry,,,failed,False,2026-08-21T01:05:26.897512+09:00
Valet Estimate,,,failed,False,2026-08-19T21:19:21.338240+09:00
Valet Estimator,,,failed,False,2026-08-27T23:52:49.352062+09:00
Valet Excerpt,,,failed,False,2026-08-21T01:05:23.608566+09:00
Valet Fare,,,failed,False,2026-08-21T02:13:43.743607+09:00
Valet Fee,90.0,1.0,success,False,2026-08-21T01:57:06.498210+09:00
Valet Feed,,,failed,False,2026-08-19T20:43:13.193243+09:00
Valet Field,,,failed,False,2026-08-23T13:06:56.024749+09:00
Valet File,,,failed,False,2026-08-19T20:42:32.517249+09:00
Valet Finder,10.0,0.0,success,False,2026-08-19T00:02:36.291033+09:00
Valet Fine,,,failed,False,2026-08-23T02:53:27.977389+09:00
Valet Flag,,,failed,False,2026-08-21T00:30:17.662990+09:00
Valet Flow,,,failed,False,2026-08-19T00:03:16.369023+09:00
Valet Forge,,,failed,False,2026-08-19T00:04:18.277485+09:00
Valet Form,,,failed,False,2026-08-19T13:40:14.970348+09:00
Valet Frame,,,failed,False,2026-08-19T00:05:29.382308+09:00
Valet Fund,,,failed,False,2026-08-21T02:30:24.474717+09:00
Valet Gate,10.0,2.0,success,False,2026-08-19T00:00:05.096380+09:00
Valet Giveaway,,,failed,False,2026-08-27T21:19:28.438229+09:00
Valet Grade,,,failed,False,2026-08-21T00:29:53.018137+09:00
Valet Grid,,,failed,False,2026-08-19T00:05:01.988375+09:00
Valet Guarantee,,,failed,False,2026-08-28T01:04:25.098394+09:00
Valet Guardian,,,failed,False,2026-08-28T00:23:11.653599+09:00
Valet Helpdesk,,,failed,False,2026-08-27T22:44:35.371350+09:00
Valet Helper,,,failed,False,2026-08-28T00:23:17.850587+09:00
Valet History,,,failed,False,2026-08-19T20:42:27.783446+09:00
Valet Hotline,,,failed,False,2026-08-19T21:19:44.972350+09:00
Valet Hub,10.0,0.0,success,False,2026-08-19T00:03:23.645450+09:00
Valet Identifier,,,failed,False,2026-08-23T13:06:47.092391+09:00
Valet Incentive,,,failed,False,2026-08-27T21:19:26.078520+09:00
Valet Index,,,failed,False,2026-08-19T21:18:42.622010+09:00
Valet Installment,,,failed,False,2026-08-23T16:16:03.366904+09:00
Valet Interest,,,failed,False,2026-08-23T13:47:27.498118+09:00
Valet Item,,,failed,False,2026-08-21T01:57:08.672731+09:00
Valet Journal,10.0,0.0,success,False,2026-08-19T00:02:00.292816+09:00
Valet Keeper,,,failed,False,2026-08-19T00:00:31.381271+09:00
Valet Kit,260.0,100.0,success,False,2026-08-27T22:44:27.817073+09:00
Valet Lab,,,failed,False,2026-08-18T23:57:58.396596+09:00
Valet Label,,,failed,False,2026-08-27T22:14:48.502479+09:00
Valet Ledger,,,failed,False,2026-08-18T23:57:18.728861+09:00
Valet Level,,,failed,False,2026-08-19T20:42:39.884460+09:00
Valet Link,50.0,0.0,success,False,2026-08-23T03:17:28.989211+09:00
Valet List,20.0,0.0,success,False,2026-08-19T22:06:07.056181+09:00
Valet Loan,,,failed,False,2026-08-21T02:13:51.922112+09:00
Valet Locator,,,failed,False,2026-08-19T00:02:30.122335+09:00
Valet Log,20.0,0.0,success,False,2026-08-19T13:39:57.462867+09:00
Valet Loop,,,failed,False,2026-08-19T00:04:56.559247+09:00
Valet Manager,590.0,2.0,success,False,2026-08-19T00:00:40.903706+09:00
Valet Manual,10.0,0.0,success,False,2026-08-27T22:14:55.683786+09:00
Valet Map,,,failed,False,2026-08-19T00:05:23.888896+09:00
Valet Margin,,,failed,False,2026-08-23T02:53:25.456581+09:00
Valet Markup,,,failed,False,2026-08-23T16:39:55.880493+09:00
Valet Memo,,,failed,False,2026-08-21T00:30:01.129618+09:00
Valet Message,,,failed,False,2026-08-27T23:10:28.498213+09:00
Valet Monitor,,,failed,False,2026-08-19T00:01:24.646371+09:00
Valet Nexus,,,failed,False,2026-08-19T00:00:16.279363+09:00
Valet Note,,,failed,False,2026-08-19T13:41:43.922175+09:00
Valet Notification,,,failed,False,2026-08-27T22:44:24.073756+09:00
Valet Number,30.0,22.0,success,False,2026-08-23T03:17:21.558443+09:00
Valet Office,30.0,8.0,success,False,2026-08-19T00:02:56.248931+09:00
Valet Ops,,,failed,False,2026-08-19T00:01:43.287513+09:00
Valet Order,,,failed,False,2026-08-19T22:05:28.406409+09:00
Valet Overage,,,failed,False,2026-08-27T21:50:17.905826+09:00
Valet Overdue,,,failed,False,2026-08-27T21:50:13.120936+09:00
Valet Panel,,,failed,False,2026-08-18T23:59:02.629298+09:00
Valet Pass,30.0,1.0,success,False,2026-08-21T00:29:10.279905+09:00
Valet Path,,,failed,False,2026-08-19T00:05:13.902876+09:00
Valet Payoff,,,failed,False,2026-08-27T21:50:15.580858+09:00
Valet Penalty,,,failed,False,2026-08-23T16:39:55.880493+09:00
Valet Petition,,,failed,False,2026-08-21T01:04:53.420072+09:00
Valet Plan,,,failed,False,2026-08-21T01:57:21.062358+09:00
Valet Planner,,,failed,False,2026-08-19T00:01:04.506360+09:00
Valet Playbook,,,failed,False,2026-08-19T00:01:53.326080+09:00
Valet Point,110.0,1.0,success,False,2026-08-19T00:05:18.968119+09:00
Valet Portal,,,failed,False,2026-08-18T23:58:46.816942+09:00
Valet Profile,,,failed,False,2026-08-19T13:42:03.157163+09:00
Valet Profit,,,failed,False,2026-08-23T02:53:17.402090+09:00
Valet Proposal,10.0,,success,False,2026-08-28T01:04:25.098394+09:00
Valet Queue,,,failed,False,2026-08-19T21:19:08.211207+09:00
Valet Quota,,,failed,False,2026-08-21T00:30:08.282339+09:00
Valet Radar,,,failed,False,2026-08-19T00:03:34.698010+09:00
Valet Rail,30.0,100.0,success,False,2026-08-18T23:59:27.223478+09:00
Valet Rate,10.0,0.0,success,False,2026-08-19T20:42:46.732728+09:00
Valet Recap,,,failed,False,2026-08-21T01:05:09.510273+09:00
Valet Receipt,30.0,0.0,success,False,2026-08-19T22:05:46.180547+09:00
Valet Recorder,,,failed,False,2026-08-27T23:33:00.078931+09:00
Valet Register,,,failed,False,2026-08-19T00:01:37.572111+09:00
Valet Registry,,,failed,False,2026-08-19T00:02:09.626106+09:00
Valet Relay,,,failed,False,2026-08-19T00:03:43.919454+09:00
Valet Reminder,,,failed,False,2026-08-19T21:18:19.882315+09:00
Valet Report,,,failed,False,2026-08-19T13:39:43.638809+09:00
Valet Ring,20.0,9.0,success,False,2026-08-18T23:59:57.747609+09:00
Valet Roster,,,failed,False,2026-08-19T00:38:10.697868+09:00
Valet Route,,,failed,False,2026-08-18T23:59:17.064429+09:00
Valet Rule,,,failed,False,2026-08-23T03:17:31.358374+09:00
Valet Sale,10.0,0.0,success,False,2026-08-21T02:30:33.788820+09:00
Valet Scale,,,failed,False,2026-08-18T23:59:11.751475+09:00
Valet Scanner,,,failed,False,2026-08-27T23:52:54.402675+09:00
Valet Scheduler,,,failed,False,2026-08-19T00:01:14.805570+09:00
Valet Scope,,,failed,False,2026-08-19T00:04:50.750995+09:00
Valet Score,,,failed,False,2026-08-19T13:41:17.239436+09:00
Valet Sheet,10.0,74.0,success,False,2026-08-19T13:40:47.127510+09:00
Valet Shortfall,,,failed,False,2026-08-27T21:50:22.560575+09:00
Valet Signal,,,failed,False,2026-08-19T00:04:38.069566+09:00
Valet Slip,10.0,10.0,success,False,2026-08-19T22:06:38.426353+09:00
Valet Slot,,,failed,False,2026-08-19T22:06:59.596356+09:00
Valet Stake,,,failed,False,2026-08-23T02:53:22.590239+09:00
Valet Statement,,,failed,False,2026-08-21T00:29:39.530878+09:00
Valet Station,140.0,33.0,success,False,2026-08-18T23:58:07.902911+09:00
Valet Status,880.0,0.0,success,False,2026-08-19T20:42:14.870990+09:00
Valet Stub,30.0,6.0,success,False,2026-08-21T00:29:32.816021+09:00
Valet Studio,210.0,55.0,success,False,2026-08-18T23:57:49.004373+09:00
Valet Sum,,,failed,False,2026-08-21T02:30:16.403499+09:00
Valet Summary,,,failed,False,2026-08-19T21:17:59.528469+09:00
Valet Surtax,,,failed,False,2026-08-23T15:52:24.692181+09:00
Valet Tab,,,failed,False,2026-08-21T00:30:22.823388+09:00
Valet Table,260.0,93.0,success,False,2026-08-19T22:06:15.067471+09:00
Valet Tag,320.0,64.0,success,False,2026-08-19T13:41:50.563536+09:00
Valet Tally,,,failed,False,2026-08-21T00:29:47.975164+09:00
Valet Tariff,,,failed,False,2026-08-21T02:37:19.204094+09:00
Valet Tax,20.0,0.0,success,False,2026-08-21T02:13:47.898953+09:00
Valet Terminal,,,failed,False,2026-08-18T23:58:19.517114+09:00
Valet Ticket,720.0,83.0,success,False,2026-08-19T21:18:56.938365+09:00
Valet Tier,,,failed,False,2026-08-28T00:47:00.263771+09:00
Valet Timeline,,,failed,False,2026-08-19T21:18:08.963564+09:00
Valet Timer,,,failed,False,2026-08-28T00:23:08.180984+09:00
Valet Toll,,,failed,False,2026-08-21T02:37:07.617432+09:00
Valet Toolbox,,,failed,False,2026-08-28T00:23:14.492376+09:00
Valet Total,,,failed,False,2026-08-27T23:10:28.498213+09:00
Valet Tracker,20.0,1.0,success,False,2026-08-19T00:03:06.405993+09:00
Valet Trail,,,failed,False,2026-08-18T23:59:36.900086+09:00
Valet Trend,70.0,1.0,success,False,2026-08-28T01:04:19.597729+09:00
Valet Trial,,,failed,False,2026-08-27T21:19:26.078520+09:00
Valet Unit,40.0,40.0,success,False,2026-08-21T01:57:15.651579+09:00
Valet Update,10.0,0.0,success,False,2026-08-19T20:42:59.296448+09:00
Valet Value,,,failed,False,2026-08-23T02:53:19.802959+09:00
Valet Vault,140.0,6.0,success,False,2026-08-19T00:03:50.601023+09:00
Valet Version,10.0,0.0,success,False,2026-08-23T03:17:25.053866+09:00
Valet View,,,failed,False,2026-08-19T20:42:19.980728+09:00
Valet Voucher,50.0,3.0,success,False,2026-08-21T00:29:18.901587+09:00
Valet Watch,210.0,100.0,success,False,2026-08-19T00:04:42.603293+09:00
Valet Wave,,,failed,False,2026-08-19T00:05:07.956398+09:00
Valet Widget,,,failed,False,2026-08-27T23:10:31.050648+09:00
Valet Worksheet,,,failed,False,2026-08-27T22:14:59.305692+09:00
Valet Workshop,,,failed,False,2026-08-28T00:23:11.653599+09:00
Valet Zone,30.0,6.0,success,False,2026-08-18T23:58:38.723569+09:00
Valuation Advance,,,failed,False,2026-08-23T16:16:38.945846+09:00
Valuation Alert,,,failed,False,2026-08-21T01:42:55.803836+09:00
Valuation Allowance,1000.0,0.0,success,True,2026-08-21T02:45:23.002534+09:00
Valuation Analyzer,,,failed,False,2026-08-27T23:55:17.807220+09:00
Valuation Arrears,,,failed,False,2026-08-23T16:16:35.923082+09:00
Valuation Asset,3600.0,3.0,success,False,2026-08-23T13:47:38.660404+09:00
Valuation Atlas,,,failed,False,2026-08-21T01:40:53.074721+09:00
Valuation Attribute,,,failed,False,2026-08-23T13:06:44.617990+09:00
Valuation Badge,,,failed,False,2026-08-21T01:36:57.667235+09:00
Valuation Base,1300.0,1.0,success,False,2026-08-21T01:39:27.131441+09:00
Valuation Beacon,,,failed,False,2026-08-21T01:38:31.485069+09:00
Valuation Bill,40.0,0.0,success,False,2026-08-21T01:36:20.203830+09:00
Valuation Board,260.0,8.0,success,False,2026-08-21T01:39:42.723562+09:00
Valuation Bridge,3600.0,6.0,success,False,2026-08-21T01:38:40.726969+09:00
Valuation Brief,,,failed,False,2026-08-21T01:37:26.126762+09:00
Valuation Bulletin,,,failed,False,2026-08-21T01:37:21.821672+09:00
Valuation Cabinet,,,failed,False,2026-08-27T23:11:58.068235+09:00
Valuation Calculator,9900.0,5.0,success,False,2026-08-27T23:34:03.746516+09:00
Valuation Card,,,failed,False,2026-08-21T01:43:50.237250+09:00
Valuation Cascade,,,failed,False,2026-08-21T01:38:38.622768+09:00
Valuation Cash,,,failed,False,2026-08-21T02:29:01.889757+09:00
Valuation Cashback,,,failed,False,2026-08-27T21:20:04.514316+09:00
Valuation Category,20.0,0.0,success,False,2026-08-23T13:06:41.923671+09:00
Valuation Center,8100.0,8.0,success,False,2026-08-21T01:40:03.980146+09:00
Valuation Chain,,,failed,False,2026-08-21T01:40:39.778843+09:00
Valuation Charge,260.0,1.0,success,False,2026-08-21T02:45:13.542612+09:00
Valuation Chart,3600.0,8.0,success,False,2026-08-21T01:42:58.216620+09:00
Valuation Check,4400.0,18.0,success,False,2026-08-21T01:43:59.593158+09:00
Valuation Checker,4400.0,18.0,success,False,2026-08-27T23:55:06.367292+09:00
Valuation Code,880.0,6.0,success,False,2026-08-21T01:36:20.203830+09:00
Valuation Companion,,,failed,False,2026-08-21T01:41:20.184116+09:00
Valuation Comparison,260.0,0.0,success,False,2026-08-28T01:06:41.346901+09:00
Valuation Confirmation,,,failed,False,2026-08-21T01:37:39.215530+09:00
Valuation Console,,,failed,False,2026-08-21T01:40:17.321567+09:00
Valuation Core,,,failed,False,2026-08-21T01:39:32.953570+09:00
Valuation Cost,210.0,15.0,success,False,2026-08-21T02:11:55.079933+09:00
Valuation Count,,,failed,False,2026-08-27T22:46:20.664142+09:00
Valuation Counter,,,failed,False,2026-08-21T01:42:00.180241+09:00
Valuation Coupon,,,failed,False,2026-08-27T21:20:01.117686+09:00
Valuation Deal,,,failed,False,2026-08-21T01:55:30.531800+09:00
Valuation Debt,140.0,0.0,success,False,2026-08-21T02:28:54.304303+09:00
Valuation Deck,30.0,20.0,success,False,2026-08-21T01:39:45.118535+09:00
Valuation Desk,,,failed,False,2026-08-21T01:38:06.302240+09:00
Valuation Detail,,,failed,False,2026-08-23T03:17:02.268689+09:00
Valuation Detector,,,failed,False,2026-08-27T23:55:14.253857+09:00
Valuation Directory,,,failed,False,2026-08-21T01:41:46.462785+09:00
Valuation Discount,40.0,1.0,success,False,2026-08-23T16:16:31.573856+09:00
Valuation Draft,,,failed,False,2026-08-21T01:36:16.678245+09:00
Valuation Due,,,failed,False,2026-08-23T15:52:33.187171+09:00
Valuation Duty,20.0,0.0,success,False,2026-08-21T02:45:16.049005+09:00
Valuation Endowment,,,failed,False,2026-08-23T15:52:35.720858+09:00
Valuation Engine,170.0,6.0,success,False,2026-08-21T01:41:02.771886+09:00
Valuation Entry,,,failed,False,2026-08-21T01:37:46.611348+09:00
Valuation Estimate,210.0,4.0,success,False,2026-08-21T01:36:20.203830+09:00
Valuation Estimator,10.0,86.0,success,False,2026-08-27T23:55:03.182011+09:00
Valuation Extension,10.0,17.0,success,False,2026-08-23T16:40:13.658560+09:00
Valuation Fare,,,failed,False,2026-08-21T02:12:01.712721+09:00
Valuation Fee,590.0,5.0,success,False,2026-08-21T01:55:06.085634+09:00
Valuation Feed,,,failed,False,2026-08-21T01:36:16.678245+09:00
Valuation Field,70.0,0.0,success,False,2026-08-23T13:06:47.092391+09:00
Valuation File,,,failed,False,2026-08-21T01:44:35.810594+09:00
Valuation Flow,720.0,2.0,success,False,2026-08-21T01:37:55.040790+09:00
Valuation Forge,,,failed,False,2026-08-21T01:38:35.952865+09:00
Valuation Form,720.0,0.0,success,False,2026-08-21T01:43:47.346655+09:00
Valuation Format,720.0,0.0,success,False,2026-08-23T13:06:49.264367+09:00
Valuation Frame,,,failed,False,2026-08-21T01:39:25.000691+09:00
Valuation Fund,,,failed,False,2026-08-21T02:28:57.894422+09:00
Valuation Gate,,,failed,False,2026-08-21T01:40:45.060160+09:00
Valuation Generator,,,failed,False,2026-08-27T23:34:03.746516+09:00
Valuation Giveaway,,,failed,False,2026-08-27T21:12:46.088803+09:00
Valuation Graph,260.0,0.0,success,False,2026-08-27T22:06:46.717056+09:00
Valuation Grid,,,failed,False,2026-08-21T01:38:59.099455+09:00
Valuation Guarantee,,,failed,False,2026-08-28T01:06:48.738756+09:00
Valuation Guardian,,,failed,False,2026-08-28T00:25:01.797092+09:00
Valuation Helpdesk,,,failed,False,2026-08-27T22:46:23.139331+09:00
Valuation Helper,,,failed,False,2026-08-28T00:25:07.962787+09:00
Valuation History,70.0,1.0,success,False,2026-08-21T01:44:31.242398+09:00
Valuation Hub,90.0,5.0,success,False,2026-08-21T01:38:01.641770+09:00
Valuation Identifier,,,failed,False,2026-08-23T13:06:38.895978+09:00
Valuation Incentive,,,failed,False,2026-08-26T22:29:25.643786+09:00
Valuation Index,1000.0,7.0,success,False,2026-08-21T01:36:20.203830+09:00
Valuation Installment,,,failed,False,2026-08-23T16:16:31.573856+09:00
Valuation Interest,,,failed,False,2026-08-23T13:47:35.441000+09:00
Valuation Item,,,failed,False,2026-08-21T01:55:09.652280+09:00
Valuation Journal,10.0,3.0,success,False,2026-08-21T01:41:35.548332+09:00
Valuation Keeper,,,failed,False,2026-08-21T01:40:58.554709+09:00
Valuation Kit,170.0,13.0,success,False,2026-08-27T22:46:12.811571+09:00
Valuation Lab,20.0,6.0,success,False,2026-08-21T01:39:52.762519+09:00
Valuation Label,,,failed,False,2026-08-27T22:06:51.467328+09:00
Valuation Ledger,,,failed,False,2026-08-21T01:39:35.935414+09:00
Valuation Level,70.0,2.0,success,False,2026-08-21T01:44:38.139446+09:00
Valuation Link,40.0,15.0,success,False,2026-08-23T03:16:47.860821+09:00
Valuation List,140.0,2.0,success,False,2026-08-21T01:36:20.203830+09:00
Valuation Loan,140.0,15.0,success,False,2026-08-21T02:12:10.627447+09:00
Valuation Locator,,,failed,False,2026-08-21T01:41:48.955996+09:00
Valuation Locker,,,failed,False,2026-08-21T01:42:05.228292+09:00
Valuation Log,,,failed,False,2026-08-21T01:43:42.058918+09:00
Valuation Loop,,,failed,False,2026-08-21T01:38:54.698036+09:00
Valuation Manual,110.0,0.0,success,False,2026-08-27T22:06:51.467328+09:00
Valuation Map,1900.0,0.0,success,True,2026-08-21T01:39:18.143916+09:00
Valuation Margin,30.0,0.0,success,False,2026-08-23T02:52:51.254134+09:00
Valuation Markup,,,failed,False,2026-08-23T16:40:11.516867+09:00
Valuation Memo,40.0,5.0,success,False,2026-08-21T01:37:11.320785+09:00
Valuation Message,,,failed,False,2026-08-27T23:11:50.094156+09:00
Valuation Monitor,,,failed,False,2026-08-21T01:41:18.223212+09:00
Valuation Nexus,50.0,11.0,success,False,2026-08-21T01:40:50.890695+09:00
Valuation Note,,,failed,False,2026-08-21T01:44:07.789434+09:00
Valuation Notification,,,failed,False,2026-08-27T22:46:08.024081+09:00
Valuation Number,1900.0,9.0,success,False,2026-08-23T03:16:39.334057+09:00
Valuation Office,3600.0,2.0,success,False,2026-08-21T01:41:56.935291+09:00
Valuation Ops,,,failed,False,2026-08-21T01:41:30.332578+09:00
Valuation Order,50.0,2.0,success,False,2026-08-21T01:36:20.203830+09:00
Valuation Overdue,,,failed,False,2026-08-27T21:45:56.763524+09:00
Valuation Panel,20.0,4.0,success,False,2026-08-21T01:40:23.040836+09:00
Valuation Pass,,,failed,False,2026-08-21T01:36:47.067872+09:00
Valuation Path,,,failed,False,2026-08-21T01:39:07.193029+09:00
Valuation Petition,,,failed,False,2026-08-21T01:37:34.913486+09:00
Valuation Plan,20.0,1.0,success,False,2026-08-21T01:55:28.445824+09:00
Valuation Planner,,,failed,False,2026-08-21T01:41:12.264242+09:00
Valuation Playbook,,,failed,False,2026-08-21T01:41:33.473055+09:00
Valuation Point,1900.0,1.0,success,False,2026-08-21T01:39:14.951697+09:00
Valuation Portal,1900.0,1.0,success,False,2026-08-21T01:40:12.068388+09:00
Valuation Preview,,,failed,False,2026-08-28T01:06:43.929748+09:00
Valuation Profile,10.0,5.0,success,False,2026-08-21T01:44:16.668560+09:00
Valuation Profit,90.0,4.0,success,False,2026-08-23T02:52:43.639669+09:00
Valuation Proposal,20.0,2.0,success,False,2026-08-28T01:06:43.929748+09:00
Valuation Quota,,,failed,False,2026-08-21T01:37:13.589246+09:00
Valuation Radar,,,failed,False,2026-08-21T01:38:12.819970+09:00
Valuation Rate,880.0,3.0,success,False,2026-08-21T01:36:16.678245+09:00
Valuation Receipt,,,failed,False,2026-08-21T01:36:20.203830+09:00
Valuation Register,70.0,8.0,success,False,2026-08-21T01:41:25.621539+09:00
Valuation Relay,,,failed,False,2026-08-21T01:38:18.535087+09:00
Valuation Reminder,,,failed,False,2026-08-21T01:36:20.203830+09:00
Valuation Report,3600.0,13.0,success,False,2026-08-21T01:43:34.239530+09:00
Valuation Repository,10.0,0.0,success,False,2026-08-27T23:11:58.068235+09:00
Valuation Result,10.0,6.0,success,False,2026-08-28T00:47:48.349607+09:00
Valuation Ring,590.0,16.0,success,False,2026-08-21T01:40:42.553901+09:00
Valuation Roll,1300.0,1.0,success,False,2026-08-21T01:43:31.469604+09:00
Valuation Roster,,,failed,False,2026-08-21T01:42:48.869153+09:00
Valuation Route,,,failed,False,2026-08-21T01:40:31.088878+09:00
Valuation Rule,140.0,0.0,success,False,2026-08-23T03:16:51.782987+09:00
Valuation Sale,,,failed,False,2026-08-21T02:29:07.517005+09:00
Valuation Sample,22200.0,1.0,success,False,2026-08-21T01:36:39.432784+09:00
Valuation Scale,,,failed,False,2026-08-21T01:40:26.570038+09:00
Valuation Scanner,,,failed,False,2026-08-27T23:55:11.655418+09:00
Valuation Scheduler,,,failed,False,2026-08-21T01:41:14.289680+09:00
Valuation Score,260.0,1.0,success,False,2026-08-21T01:44:05.223042+09:00
Valuation Sheet,90.0,6.0,success,False,2026-08-21T01:43:56.070004+09:00
Valuation Shortfall,10.0,14.0,success,False,2026-08-27T21:45:59.200970+09:00
Valuation Slip,50.0,0.0,success,False,2026-08-21T01:36:20.203830+09:00
Valuation Slot,,,failed,False,2026-08-21T01:36:44.739122+09:00
Valuation Stage,,,failed,False,2026-08-28T00:47:48.349607+09:00
Valuation Stake,,,failed,False,2026-08-23T02:52:49.123666+09:00
Valuation Statement,2400.0,1.0,success,False,2026-08-21T01:37:05.417257+09:00
Valuation Station,260.0,4.0,success,False,2026-08-21T01:39:55.005229+09:00
Valuation Status,90.0,1.0,success,False,2026-08-21T01:44:23.485240+09:00
Valuation Stub,,,failed,False,2026-08-21T01:36:59.790111+09:00
Valuation Studio,,,failed,False,2026-08-21T01:39:47.385700+09:00
Valuation Subsidy,,,failed,False,2026-08-23T15:52:35.720858+09:00
Valuation Sum,,,failed,False,2026-08-21T02:28:50.660826+09:00
Valuation Summary,140.0,1.0,success,False,2026-08-21T01:36:16.678245+09:00
Valuation Surtax,,,failed,False,2026-08-23T15:52:37.821939+09:00
Valuation Tab,,,failed,False,2026-08-21T01:37:19.276865+09:00
Valuation Table,320.0,0.0,success,False,2026-08-21T01:36:20.203830+09:00
Valuation Tag,,,failed,False,2026-08-21T01:44:14.161023+09:00
Valuation Tariff,,,failed,False,2026-08-21T02:45:25.368857+09:00
Valuation Tax,1300.0,1.0,success,False,2026-08-21T02:12:06.796728+09:00
Valuation Terminal,,,failed,False,2026-08-21T01:40:01.747780+09:00
Valuation Ticket,,,failed,False,2026-08-21T01:36:20.203830+09:00
Valuation Timeline,,,failed,False,2026-08-21T01:36:16.678245+09:00
Valuation Toll,,,failed,False,2026-08-21T02:45:19.238792+09:00
Valuation Toolbox,,,failed,False,2026-08-28T00:25:05.172390+09:00
Valuation Total,,,failed,False,2026-08-27T23:11:50.094156+09:00
Valuation Tracker,90.0,12.0,success,False,2026-08-21T01:37:51.952894+09:00
Valuation Trend,,,failed,False,2026-08-28T01:06:29.246910+09:00
Valuation Trial,,,failed,False,2026-08-26T22:29:12.332951+09:00
Valuation Unit,140.0,0.0,success,False,2026-08-21T01:55:16.985544+09:00
Valuation Update,20.0,5.0,success,False,2026-08-21T01:36:16.678245+09:00
Valuation Value,30.0,7.0,success,False,2026-08-23T02:52:46.674301+09:00
Valuation Vault,,,failed,False,2026-08-21T01:38:21.127852+09:00
Valuation Version,,,failed,False,2026-08-23T03:16:44.260724+09:00
Valuation View,10.0,0.0,success,False,2026-08-21T01:44:25.853714+09:00
Valuation Voucher,,,failed,False,2026-08-21T01:36:52.456000+09:00
Valuation Wave,,,failed,False,2026-08-21T01:39:04.572787+09:00
Valuation Widget,,,failed,False,2026-08-27T23:11:52.510647+09:00
Valuation Window,,,failed,False,2026-08-21T01:43:25.178324+09:00
Valuation Worksheet,2900.0,7.0,success,False,2026-08-27T22:06:55.016444+09:00
Valuation Workshop,70.0,50.0,success,False,2026-08-28T00:24:58.982196+09:00
Valuation Yard,,,failed,False,2026-08-21T01:42:17.039674+09:00
Valuation Zone,30.0,2.0,success,False,2026-08-21T01:40:09.996962+09:00
Variant Advisory,10.0,0.0,success,False,2026-08-21T01:04:35.050629+09:00
Variant Allowance,,,failed,False,2026-08-21T02:42:39.559962+09:00
Variant Almanac,,,failed,False,2026-08-18T22:07:14.456265+09:00
Variant Analyzer,10.0,21.0,success,False,2026-08-27T23:57:37.780075+09:00
Variant Anchor,,,failed,False,2026-08-17T21:30:18.085086+09:00
Variant Asset,,,failed,False,2026-08-23T13:47:49.087746+09:00
Variant Assistant,,,failed,False,2026-08-17T23:24:58.944526+09:00
Variant Atlas,,,failed,False,2026-08-17T20:39:17.196343+09:00
Variant Attribute,,,failed,False,2026-08-23T13:08:12.908274+09:00
Variant Badge,,,failed,False,2026-08-21T00:31:52.807063+09:00
Variant Balance,,,failed,False,2026-08-23T13:47:44.552149+09:00
Variant Base,,,failed,False,2026-08-17T20:36:02.767132+09:00
Variant Beacon,,,failed,False,2026-08-17T21:34:42.632014+09:00
Variant Bill,,,failed,False,2026-08-19T21:56:20.786748+09:00
Variant Blueprint,,,failed,False,2026-08-18T22:07:07.445674+09:00
Variant Board,,,failed,False,2026-08-17T20:33:10.817795+09:00
Variant Book,1600.0,15.0,success,False,2026-08-19T21:57:14.341308+09:00
Variant Bridge,,,failed,False,2026-08-17T21:31:28.023870+09:00
Variant Brief,,,failed,False,2026-08-21T01:04:18.102523+09:00
Variant Bulletin,,,failed,False,2026-08-21T01:04:13.537026+09:00
Variant Cabinet,,,failed,False,2026-08-27T23:15:07.984003+09:00
Variant Calendar,,,failed,False,2026-08-18T23:57:49.004373+09:00
Variant Card,30.0,0.0,success,False,2026-08-19T13:28:55.054153+09:00
Variant Cascade,,,failed,False,2026-08-17T21:32:36.544768+09:00
Variant Cash,,,failed,False,2026-08-21T02:27:19.706336+09:00
Variant Catalog,,,failed,False,2026-08-19T21:14:05.700076+09:00
Variant Category,,,failed,False,2026-08-23T13:08:09.181921+09:00
Variant Center,,,failed,False,2026-08-17T21:37:24.355362+09:00
Variant Chain,,,failed,False,2026-08-17T20:43:26.313536+09:00
Variant Charge,,,failed,False,2026-08-21T02:42:27.655082+09:00
Variant Check,90.0,0.0,success,False,2026-08-19T13:29:22.570342+09:00
Variant Checker,10.0,0.0,success,False,2026-08-27T23:57:31.093402+09:00
Variant Checklist,,,failed,False,2026-08-19T21:13:07.301000+09:00
Variant Circular,,,failed,False,2026-08-21T01:04:24.715250+09:00
Variant Cockpit,,,failed,False,2026-08-17T23:04:29.933530+09:00
Variant Code,140.0,0.0,success,False,2026-08-19T21:56:48.069412+09:00
Variant Codex,,,failed,False,2026-08-18T22:07:30.618042+09:00
Variant Companion,,,failed,False,2026-08-17T23:26:36.000104+09:00
Variant Comparison,20.0,0.0,success,False,2026-08-28T01:07:38.587205+09:00
Variant Compass,,,failed,False,2026-08-17T21:35:46.466784+09:00
Variant Compendium,,,failed,False,2026-08-18T22:07:24.351116+09:00
Variant Confirmation,,,failed,False,2026-08-21T01:04:41.877436+09:00
Variant Console,,,failed,False,2026-08-17T21:34:12.134068+09:00
Variant Core,,,failed,False,2026-08-17T20:35:03.370957+09:00
Variant Cost,50.0,0.0,success,False,2026-08-21T02:11:43.167775+09:00
Variant Count,10.0,0.0,success,False,2026-08-27T22:49:39.100911+09:00
Variant Counter,,,failed,False,2026-08-18T23:58:46.816942+09:00
Variant Dashboard,10.0,0.0,success,False,2026-08-17T23:26:22.390418+09:00
Variant Deal,,,failed,False,2026-08-21T01:56:30.460489+09:00
Variant Debt,,,failed,False,2026-08-21T02:27:13.658425+09:00
Variant Deck,,,failed,False,2026-08-17T20:32:00.957216+09:00
Variant Depot,,,failed,False,2026-08-18T23:58:29.314698+09:00
Variant Desk,10.0,98.0,success,False,2026-08-17T21:41:25.564008+09:00
Variant Detail,,,failed,False,2026-08-23T03:21:22.362914+09:00
Variant Detector,,,failed,False,2026-08-27T23:57:33.676197+09:00
Variant Diagram,,,failed,False,2026-08-27T22:13:16.015424+09:00
Variant Dial,,,failed,False,2026-08-17T21:31:59.895065+09:00
Variant Digest,,,failed,False,2026-08-19T20:43:28.887944+09:00
Variant Directory,,,failed,False,2026-08-18T23:57:58.396596+09:00
Variant Discount,,,failed,False,2026-08-23T16:15:33.574414+09:00
Variant Dock,,,failed,False,2026-08-17T20:46:04.855118+09:00
Variant Dossier,,,failed,False,2026-08-21T01:05:18.575555+09:00
Variant Downpayment,,,failed,False,2026-08-27T21:48:54.950777+09:00
Variant Draft,,,failed,False,2026-08-19T20:43:41.671766+09:00
Variant Duty,,,failed,False,2026-08-21T02:42:30.088898+09:00
Variant Engine,,,failed,False,2026-08-17T23:13:43.600383+09:00
Variant Entry,,,failed,False,2026-08-21T01:05:20.057524+09:00
Variant Estimate,,,failed,False,2026-08-19T21:13:54.945157+09:00
Variant Estimator,,,failed,False,2026-08-27T23:57:31.093402+09:00
Variant Excerpt,,,failed,False,2026-08-21T01:05:08.043022+09:00
Variant Fare,,,failed,False,2026-08-21T02:11:50.760630+09:00
Variant Fee,,,failed,False,2026-08-21T01:56:12.510800+09:00
Variant Feed,,,failed,False,2026-08-19T20:43:36.722310+09:00
Variant Field,,,failed,False,2026-08-23T13:08:15.174863+09:00
Variant File,,,failed,False,2026-08-19T20:42:59.296448+09:00
Variant Finder,,,failed,False,2026-08-18T23:58:19.517114+09:00
Variant Fine,,,failed,False,2026-08-23T02:56:38.023044+09:00
Variant Flag,20.0,0.0,success,False,2026-08-21T00:32:38.054061+09:00
Variant Flow,,,failed,False,2026-08-17T20:32:38.453320+09:00
Variant Forge,,,failed,False,2026-08-17T21:33:37.652467+09:00
Variant Form,70.0,1.0,success,False,2026-08-19T13:28:46.213071+09:00
Variant Format,,,failed,False,2026-08-23T13:08:17.193422+09:00
Variant Frame,,,failed,False,2026-08-17T20:37:00.325562+09:00
Variant Fund,590.0,1.0,success,False,2026-08-21T02:27:17.411779+09:00
Variant Gate,320.0,0.0,success,False,2026-08-17T20:40:53.994191+09:00
Variant Generator,40.0,0.0,success,False,2026-08-27T23:35:50.995626+09:00
Variant Grade,,,failed,False,2026-08-21T00:32:18.028421+09:00
Variant Graph,320.0,0.0,success,False,2026-08-27T22:13:04.123105+09:00
Variant Grid,,,failed,False,2026-08-17T20:43:56.267353+09:00
Variant Guarantee,,,failed,False,2026-08-28T01:07:47.366767+09:00
Variant Guard,,,failed,False,2026-08-17T20:35:35.063549+09:00
Variant Guidebook,,,failed,False,2026-08-18T22:06:49.548592+09:00
Variant Helper,,,failed,False,2026-08-28T00:26:31.699789+09:00
Variant History,,,failed,False,2026-08-19T20:42:48.667396+09:00
Variant Hotline,,,failed,False,2026-08-19T21:14:14.890297+09:00
Variant Hub,,,failed,False,2026-08-18T07:52:03.741881+09:00
Variant Identifier,,,failed,False,2026-08-23T13:08:07.144549+09:00
Variant Index,20.0,0.0,success,False,2026-08-19T21:13:19.288024+09:00
Variant Insight,,,failed,False,2026-08-17T23:10:09.982693+09:00
Variant Installment,,,failed,False,2026-08-23T16:15:33.574414+09:00
Variant Interest,,,failed,False,2026-08-23T13:47:46.605419+09:00
Variant Item,,,failed,False,2026-08-21T01:56:16.843249+09:00
Variant Journal,,,failed,False,2026-08-18T22:06:31.917725+09:00
Variant Keeper,,,failed,False,2026-08-17T20:37:28.424048+09:00
Variant Lab,10.0,1.0,success,False,2026-08-18T07:52:53.130004+09:00
Variant Label,10.0,0.0,success,False,2026-08-27T22:13:09.872881+09:00
Variant Layout,,,failed,False,2026-08-27T22:29:10.054268+09:00
Variant Ledger,,,failed,False,2026-08-17T20:34:11.615000+09:00
Variant Lens,,,failed,False,2026-08-17T20:37:59.877456+09:00
Variant Level,,,failed,False,2026-08-19T20:43:08.672141+09:00
Variant Levy,,,failed,False,2026-08-23T13:47:49.087746+09:00
Variant Link,,,failed,False,2026-08-23T03:21:14.808090+09:00
Variant List,40.0,0.0,success,False,2026-08-19T21:56:56.242658+09:00
Variant Loan,,,failed,False,2026-08-21T02:11:57.284997+09:00
Variant Locator,,,failed,False,2026-08-18T23:58:11.366687+09:00
Variant Lock,,,failed,False,2026-08-17T20:39:43.687132+09:00
Variant Log,,,failed,False,2026-08-19T13:28:36.830433+09:00
Variant Loop,,,failed,False,2026-08-17T20:44:38.858684+09:00
Variant Manager,50.0,0.0,success,False,2026-08-17T20:36:28.708934+09:00
Variant Map,10.0,0.0,success,False,2026-08-17T20:38:48.292759+09:00
Variant Markup,,,failed,False,2026-08-23T16:39:33.315090+09:00
Variant Memo,,,failed,False,2026-08-21T00:32:24.105621+09:00
Variant Message,,,failed,False,2026-08-27T23:15:00.482378+09:00
Variant Meter,,,failed,False,2026-08-17T21:30:50.388708+09:00
Variant Metrics,,,failed,False,2026-08-17T23:26:08.164356+09:00
Variant Monitor,,,failed,False,2026-08-17T23:25:53.472363+09:00
Variant Navigator,,,failed,False,2026-08-17T23:11:46.496961+09:00
Variant Nexus,,,failed,False,2026-08-17T20:40:10.157299+09:00
Variant Node,,,failed,False,2026-08-17T20:41:47.517366+09:00
Variant Note,,,failed,False,2026-08-19T13:29:49.322759+09:00
Variant Notification,,,failed,False,2026-08-27T22:49:35.364614+09:00
Variant Number,50.0,0.0,success,False,2026-08-23T03:21:04.390216+09:00
Variant Office,50.0,2.0,success,False,2026-08-18T23:58:38.723569+09:00
Variant Ops,,,failed,False,2026-08-17T23:26:52.800903+09:00
Variant Order,3600.0,0.0,success,True,2026-08-19T21:56:11.493537+09:00
Variant Organizer,,,failed,False,2026-08-17T23:15:18.258563+09:00
Variant Overage,,,failed,False,2026-08-27T21:48:52.496958+09:00
Variant Overdue,,,failed,False,2026-08-27T21:48:46.666341+09:00
Variant Panel,70.0,2.0,success,False,2026-08-17T21:33:10.630129+09:00
Variant Pass,,,failed,False,2026-08-21T00:31:38.357083+09:00
Variant Path,10.0,2.0,success,False,2026-08-17T20:41:17.748242+09:00
Variant Payoff,,,failed,False,2026-08-27T21:48:49.180539+09:00
Variant Petition,,,failed,False,2026-08-21T01:05:11.632109+09:00
Variant Pilot,,,failed,False,2026-08-18T07:52:15.038723+09:00
Variant Plan,,,failed,False,2026-08-21T01:56:25.732902+09:00
Variant Planner,,,failed,False,2026-08-17T23:08:28.176792+09:00
Variant Playbook,,,failed,False,2026-08-18T22:06:20.125556+09:00
Variant Point,,,failed,False,2026-08-17T20:40:33.502804+09:00
Variant Portal,,,failed,False,2026-08-17T21:35:14.152571+09:00
Variant Preview,,,failed,False,2026-08-28T01:07:41.597003+09:00
Variant Profile,50.0,24.0,success,False,2026-08-19T13:30:10.449633+09:00
Variant Profit,,,failed,False,2026-08-23T02:56:26.483203+09:00
Variant Proposal,,,failed,False,2026-08-28T01:07:44.108969+09:00
Variant Pulse,,,failed,False,2026-08-17T20:42:54.961047+09:00
Variant Queue,,,failed,False,2026-08-19T21:13:44.257474+09:00
Variant Quota,,,failed,False,2026-08-21T00:32:31.934653+09:00
Variant Radar,20.0,0.0,success,False,2026-08-17T21:39:22.624237+09:00
Variant Rail,,,failed,False,2026-08-17T20:45:16.547101+09:00
Variant Rate,,,failed,False,2026-08-19T20:43:16.240040+09:00
Variant Recap,,,failed,False,2026-08-21T01:04:52.081586+09:00
Variant Receipt,,,failed,False,2026-08-19T21:56:32.690388+09:00
Variant Register,,,failed,False,2026-08-17T23:06:24.757707+09:00
Variant Registry,,,failed,False,2026-08-18T22:06:59.160335+09:00
Variant Relay,,,failed,False,2026-08-17T21:37:57.485180+09:00
Variant Reminder,,,failed,False,2026-08-19T21:12:55.345811+09:00
Variant Report,20.0,0.0,success,False,2026-08-19T13:28:22.445633+09:00
Variant Repository,,,failed,False,2026-08-27T23:15:07.984003+09:00
Variant Roadmap,,,failed,False,2026-08-18T22:07:40.431986+09:00
Variant Roster,,,failed,False,2026-08-19T00:37:21.857423+09:00
Variant Route,,,failed,False,2026-08-17T20:47:19.659128+09:00
Variant Rule,,,failed,False,2026-08-23T03:21:18.514525+09:00
Variant Sale,,,failed,False,2026-08-21T02:27:23.796384+09:00
Variant Sample,,,failed,False,2026-08-19T21:57:37.806809+09:00
Variant Scale,,,failed,False,2026-08-17T20:48:34.410191+09:00
Variant Scanner,,,failed,False,2026-08-27T23:57:33.676197+09:00
Variant Scheduler,,,failed,False,2026-08-17T23:25:36.258312+09:00
Variant Scope,,,failed,False,2026-08-17T20:45:45.792269+09:00
Variant Score,,,failed,False,2026-08-19T13:29:35.607135+09:00
Variant Sentry,10.0,,success,False,2026-08-17T20:38:21.061174+09:00
Variant Serial,,,failed,False,2026-08-23T13:27:54.146441+09:00
Variant Sheet,,,failed,False,2026-08-19T13:29:02.484553+09:00
Variant Shortfall,,,failed,False,2026-08-27T21:48:57.191063+09:00
Variant Signal,,,failed,False,2026-08-17T20:48:00.384731+09:00
Variant Slip,,,failed,False,2026-08-19T21:57:27.705045+09:00
Variant Slot,,,failed,False,2026-08-19T21:57:51.707228+09:00
Variant Snapshot,,,failed,False,2026-08-18T22:06:41.570881+09:00
Variant Stake,,,failed,False,2026-08-23T02:56:32.879910+09:00
Variant Statement,,,failed,False,2026-08-21T00:32:06.767489+09:00
Variant Station,,,failed,False,2026-08-17T21:40:47.686331+09:00
Variant Status,10.0,0.0,success,False,2026-08-19T20:42:34.910732+09:00
Variant Stub,,,failed,False,2026-08-21T00:31:57.081328+09:00
Variant Studio,70.0,0.0,success,False,2026-08-18T07:52:41.803734+09:00
Variant Suite,,,failed,False,2026-08-17T23:24:40.372556+09:00
Variant Sum,,,failed,False,2026-08-21T02:27:05.386441+09:00
Variant Summary,30.0,0.0,success,False,2026-08-19T21:12:33.528106+09:00
Variant Sync,,,failed,False,2026-08-17T20:33:42.611240+09:00
Variant Tab,,,failed,False,2026-08-21T00:32:43.028189+09:00
Variant Table,1000.0,1.0,success,False,2026-08-19T21:57:05.603826+09:00
Variant Tag,20.0,1.0,success,False,2026-08-19T13:29:58.473439+09:00
Variant Tally,,,failed,False,2026-08-21T00:32:11.459467+09:00
Variant Tariff,,,failed,False,2026-08-21T02:42:41.863985+09:00
Variant Tax,,,failed,False,2026-08-21T02:11:55.079933+09:00
Variant Ticket,,,failed,False,2026-08-19T21:13:31.913325+09:00
Variant Tier,,,failed,False,2026-08-28T00:48:15.950901+09:00
Variant Timeline,10.0,0.0,success,False,2026-08-19T21:12:45.437785+09:00
Variant Toll,,,failed,False,2026-08-21T02:42:36.894313+09:00
Variant Toolbox,,,failed,False,2026-08-28T00:26:31.699789+09:00
Variant Toolkit,,,failed,False,2026-08-18T22:06:12.435541+09:00
Variant Total,,,failed,False,2026-08-27T23:15:00.482378+09:00
Variant Tracker,50.0,2.0,success,False,2026-08-17T20:34:35.742752+09:00
Variant Trail,,,failed,False,2026-08-17T20:44:17.126543+09:00
Variant Trend,20.0,0.0,success,False,2026-08-28T01:07:38.587205+09:00
Variant Trial,,,failed,False,2026-08-27T21:17:47.451913+09:00
Variant Unit,,,failed,False,2026-08-21T01:56:21.292165+09:00
Variant Update,10.0,0.0,success,False,2026-08-19T20:43:22.271749+09:00
Variant Value,30.0,0.0,success,False,2026-08-23T02:56:29.364559+09:00
Variant Vault,480.0,1.0,success,False,2026-08-17T21:36:47.272145+09:00
Variant Version,20.0,0.0,success,False,2026-08-23T03:21:12.022197+09:00
Variant View,50.0,2.0,success,False,2026-08-19T20:42:39.884460+09:00
Variant Voucher,,,failed,False,2026-08-21T00:31:43.518986+09:00
Variant Watch,20.0,15.0,success,False,2026-08-17T20:46:42.242736+09:00
Variant Wave,,,failed,False,2026-08-17T20:42:08.223187+09:00
Variant Widget,,,failed,False,2026-08-27T23:15:04.402308+09:00
Variant Workbench,,,failed,False,2026-08-18T22:06:03.591349+09:00
Variant Worksheet,,,failed,False,2026-08-27T22:13:13.048056+09:00
Variant Zone,,,failed,False,2026-08-17T21:36:22.095100+09:00
Vendor Advance,40.0,2.0,success,False,2026-08-23T16:11:58.973572+09:00
Vendor Advisory,30.0,4.0,success,False,2026-08-21T00:59:12.932532+09:00
Vendor Allowance,70.0,2.0,success,False,2026-08-21T02:38:25.978724+09:00
Vendor Almanac,,,failed,False,2026-08-18T22:06:07.690995+09:00
Vendor Analyzer,,,failed,False,2026-08-27T23:50:54.897553+09:00
Vendor Anchor,,,failed,False,2026-08-17T20:39:54.147287+09:00
Vendor Arrears,,,failed,False,2026-08-23T16:11:56.492802+09:00
Vendor Assistant,170.0,3.0,success,False,2026-08-17T23:31:54.862824+09:00
Vendor Atlas,,,failed,False,2026-08-17T21:41:36.452024+09:00
Vendor Badge,260.0,70.0,success,False,2026-08-21T00:29:02.215162+09:00
Vendor Balance,50.0,0.0,success,False,2026-08-23T13:45:24.772737+09:00
Vendor Base,50.0,0.0,success,False,2026-08-17T21:36:30.682605+09:00
Vendor Beacon,,,failed,False,2026-08-17T20:43:09.097865+09:00
Vendor Bill,590.0,3.0,success,False,2026-08-19T21:47:08.663103+09:00
Vendor Blueprint,,,failed,False,2026-08-18T22:05:59.558657+09:00
Vendor Board,50.0,18.0,success,False,2026-08-17T21:33:20.961288+09:00
Vendor Book,480.0,4.0,success,False,2026-08-19T21:48:17.560358+09:00
Vendor Bridge,50.0,1.0,success,False,2026-08-17T20:40:44.017242+09:00
Vendor Brief,,,failed,False,2026-08-21T00:59:03.951352+09:00
Vendor Bulletin,,,failed,False,2026-08-21T00:58:59.914106+09:00
Vendor Cabinet,,,failed,False,2026-08-27T23:12:19.702811+09:00
Vendor Calendar,20.0,31.0,success,False,2026-08-19T00:00:08.120656+09:00
Vendor Card,720.0,15.0,success,False,2026-08-19T13:28:58.111204+09:00
Vendor Cascade,,,failed,False,2026-08-17T20:41:24.809383+09:00
Vendor Cash,,,failed,False,2026-08-21T02:21:44.938268+09:00
Vendor Cashback,,,failed,False,2026-08-27T21:14:30.241053+09:00
Vendor Catalog,1000.0,1.0,success,False,2026-08-19T21:08:23.714003+09:00
Vendor Center,40500.0,0.0,success,True,2026-08-17T20:45:28.437462+09:00
Vendor Chain,50.0,60.0,success,False,2026-08-17T20:34:43.926118+09:00
Vendor Charge,70.0,0.0,success,False,2026-08-21T02:38:16.396053+09:00
Vendor Check,590.0,25.0,success,False,2026-08-19T13:29:29.454455+09:00
Vendor Checker,,,failed,False,2026-08-27T23:50:42.966915+09:00
Vendor Checklist,140.0,33.0,success,False,2026-08-19T21:07:34.937888+09:00
Vendor Circular,,,failed,False,2026-08-21T01:00:11.022856+09:00
Vendor Cockpit,,,failed,False,2026-08-17T23:08:58.203851+09:00
Vendor Code,2900.0,0.0,success,True,2026-08-19T21:47:38.670449+09:00
Vendor Codex,,,failed,False,2026-08-18T22:06:25.984558+09:00
Vendor Companion,,,failed,False,2026-08-17T23:23:29.892589+09:00
Vendor Comparison,210.0,1.0,success,False,2026-08-28T01:02:16.682385+09:00
Vendor Compass,,,failed,False,2026-08-17T20:44:04.848400+09:00
Vendor Compendium,,,failed,False,2026-08-18T22:06:16.619003+09:00
Vendor Confirmation,70.0,0.0,success,False,2026-08-21T00:59:28.178022+09:00
Vendor Console,,,failed,False,2026-08-17T20:42:41.908187+09:00
Vendor Contribution,,,failed,False,2026-08-23T16:11:52.886405+09:00
Vendor Core,20.0,9.0,success,False,2026-08-17T21:35:24.685319+09:00
Vendor Cost,140.0,0.0,success,False,2026-08-21T02:08:19.202315+09:00
Vendor Count,,,failed,False,2026-08-27T22:47:02.636160+09:00
Vendor Counter,,,failed,False,2026-08-19T00:01:01.996823+09:00
Vendor Coupon,140.0,8.0,success,False,2026-08-27T21:14:30.241053+09:00
Vendor Dashboard,480.0,6.0,success,False,2026-08-17T23:32:55.929904+09:00
Vendor Deal,,,failed,False,2026-08-21T01:52:03.394231+09:00
Vendor Debt,10.0,6.0,success,False,2026-08-21T02:21:33.857873+09:00
Vendor Deck,30.0,0.0,success,False,2026-08-17T21:32:17.170130+09:00
Vendor Depot,30.0,5.0,success,False,2026-08-19T00:00:44.927785+09:00
Vendor Desk,40.0,6.0,success,False,2026-08-17T20:48:15.314618+09:00
Vendor Detail,720.0,0.0,success,False,2026-08-23T03:18:14.803596+09:00
Vendor Diagram,30.0,0.0,success,False,2026-08-27T22:08:49.995304+09:00
Vendor Dial,,,failed,False,2026-08-17T20:41:06.345123+09:00
Vendor Digest,,,failed,False,2026-08-19T20:45:32.308725+09:00
Vendor Directory,590.0,3.0,success,False,2026-08-19T00:00:18.530849+09:00
Vendor Discount,90.0,3.0,success,False,2026-08-23T16:11:46.377478+09:00
Vendor Dock,,,failed,False,2026-08-17T20:37:38.706086+09:00
Vendor Dossier,,,failed,False,2026-08-21T00:59:32.095317+09:00
Vendor Downpayment,,,failed,False,2026-08-27T21:46:28.400647+09:00
Vendor Draft,,,failed,False,2026-08-19T20:45:45.249853+09:00
Vendor Due,,,failed,False,2026-08-23T15:50:26.316180+09:00
Vendor Duty,10.0,0.0,success,False,2026-08-21T02:38:19.881796+09:00
Vendor Endowment,,,failed,False,2026-08-23T15:50:30.977463+09:00
Vendor Engine,40.0,1.0,success,False,2026-08-17T23:05:24.872109+09:00
Vendor Entry,40.0,0.0,success,False,2026-08-21T00:59:46.357323+09:00
Vendor Estimate,10.0,8.0,success,False,2026-08-19T21:08:13.592372+09:00
Vendor Excerpt,,,failed,False,2026-08-21T01:01:52.955831+09:00
Vendor Extension,70.0,0.0,success,False,2026-08-23T16:37:42.888726+09:00
Vendor Fare,,,failed,False,2026-08-21T02:08:27.719210+09:00
Vendor Fee,260.0,0.0,success,False,2026-08-21T01:51:47.599222+09:00
Vendor Feed,,,failed,False,2026-08-19T20:45:37.673361+09:00
Vendor File,170.0,3.0,success,False,2026-08-19T20:45:04.260812+09:00
Vendor Finder,720.0,2.0,success,False,2026-08-19T00:00:38.616891+09:00
Vendor Fine,,,failed,False,2026-08-23T02:54:06.073801+09:00
Vendor Flag,70.0,100.0,success,False,2026-08-21T00:25:10.675439+09:00
Vendor Flow,70.0,5.0,success,False,2026-08-17T21:32:53.372558+09:00
Vendor Forge,,,failed,False,2026-08-17T20:42:13.997557+09:00
Vendor Form,1900.0,6.0,success,False,2026-08-19T13:28:50.400701+09:00
Vendor Frame,,,failed,False,2026-08-17T21:37:36.095439+09:00
Vendor Fund,90.0,14.0,success,False,2026-08-21T02:21:41.084768+09:00
Vendor Gate,110.0,10.0,success,False,2026-08-17T20:31:36.969919+09:00
Vendor Giveaway,,,failed,False,2026-08-27T21:14:36.415267+09:00
Vendor Grade,,,failed,False,2026-08-21T00:24:49.316489+09:00
Vendor Graph,,,failed,False,2026-08-27T22:08:36.718327+09:00
Vendor Grid,20.0,79.0,success,False,2026-08-17T20:35:12.658616+09:00
Vendor Guarantee,10.0,1.0,success,False,2026-08-28T01:02:23.926913+09:00
Vendor Guard,,,failed,False,2026-08-17T21:35:58.459168+09:00
Vendor Guardian,,,failed,False,2026-08-28T00:21:11.601666+09:00
Vendor Guidebook,,,failed,False,2026-08-18T22:05:42.226060+09:00
Vendor Helpdesk,90.0,2.0,success,False,2026-08-27T22:47:06.029080+09:00
Vendor Helper,,,failed,False,2026-08-28T00:21:17.081309+09:00
Vendor History,10.0,0.0,success,False,2026-08-19T20:44:53.798353+09:00
Vendor Hotline,40.0,0.0,success,False,2026-08-19T21:08:35.799168+09:00
Vendor Hub,4400.0,4.0,success,False,2026-08-17T21:31:41.054400+09:00
Vendor Identifier,2900.0,1.0,success,False,2026-08-23T13:06:56.024749+09:00
Vendor Incentive,20.0,5.0,success,False,2026-08-27T21:14:36.415267+09:00
Vendor Index,,,failed,False,2026-08-19T21:07:45.336017+09:00
Vendor Insight,70.0,22.0,success,False,2026-08-17T23:05:32.537259+09:00
Vendor Installment,,,failed,False,2026-08-23T16:11:49.502531+09:00
Vendor Interest,,,failed,False,2026-08-23T13:45:24.772737+09:00
Vendor Item,140.0,33.0,success,False,2026-08-21T01:51:52.747806+09:00
Vendor Journal,10.0,0.0,success,False,2026-08-18T22:05:23.943754+09:00
Vendor Keeper,,,failed,False,2026-08-17T21:38:08.965654+09:00
Vendor Kit,50.0,38.0,success,False,2026-08-27T22:46:59.897454+09:00
Vendor Lab,30.0,14.0,success,False,2026-08-17T20:49:41.074252+09:00
Vendor Label,140.0,73.0,success,False,2026-08-27T22:08:41.770881+09:00
Vendor Ledger,210.0,5.0,success,False,2026-08-17T21:34:24.214520+09:00
Vendor Lens,,,failed,False,2026-08-17T21:38:40.825363+09:00
Vendor Level,10.0,0.0,success,False,2026-08-19T20:45:10.019254+09:00
Vendor Levy,,,failed,False,2026-08-23T13:45:27.370408+09:00
Vendor Link,4400.0,5.0,success,False,2026-08-23T03:18:07.042470+09:00
Vendor List,6600.0,3.0,success,False,2026-08-19T21:47:49.967174+09:00
Vendor Loan,1900.0,12.0,success,False,2026-08-21T02:08:37.852191+09:00
Vendor Locator,1000.0,16.0,success,False,2026-08-19T00:00:28.920086+09:00
Vendor Lock,9900.0,2.0,success,False,2026-08-18T07:51:58.234946+09:00
Vendor Log,140.0,1.0,success,False,2026-08-19T13:28:41.334086+09:00
Vendor Loop,390.0,30.0,success,False,2026-08-17T20:36:12.301778+09:00
Vendor Manager,12100.0,17.0,success,False,2026-08-17T21:36:57.018160+09:00
Vendor Manual,90.0,1.0,success,False,2026-08-27T22:08:46.567667+09:00
Vendor Map,480.0,0.0,success,False,2026-08-17T21:41:04.521769+09:00
Vendor Margin,20.0,0.0,success,False,2026-08-23T02:54:03.941195+09:00
Vendor Markup,,,failed,False,2026-08-23T16:37:37.262949+09:00
Vendor Memo,,,failed,False,2026-08-21T00:24:57.111152+09:00
Vendor Meter,,,failed,False,2026-08-17T20:40:20.065990+09:00
Vendor Metrics,50.0,8.0,success,False,2026-08-17T23:32:45.524936+09:00
Vendor Monitor,,,failed,False,2026-08-17T23:32:31.687734+09:00
Vendor Navigator,,,failed,False,2026-08-17T22:48:05.376281+09:00
Vendor Nexus,170.0,2.0,success,False,2026-08-18T07:52:37.222006+09:00
Vendor Node,,,failed,False,2026-08-17T20:32:47.475978+09:00
Vendor Note,210.0,2.0,success,False,2026-08-19T13:29:52.884526+09:00
Vendor Notification,20.0,0.0,success,False,2026-08-27T22:46:56.250105+09:00
Vendor Number,1900.0,1.0,success,False,2026-08-23T03:18:00.174345+09:00
Vendor Office,140.0,8.0,success,False,2026-08-19T00:00:54.845309+09:00
Vendor Ops,210.0,4.0,success,False,2026-08-17T23:23:48.557902+09:00
Vendor Order,90.0,1.0,success,False,2026-08-19T21:46:54.129984+09:00
Vendor Organizer,10.0,21.0,success,False,2026-08-17T23:07:18.335398+09:00
Vendor Overage,,,failed,False,2026-08-27T21:46:28.400647+09:00
Vendor Overdraft,,,failed,False,2026-08-23T15:50:26.316180+09:00
Vendor Overdue,,,failed,False,2026-08-27T21:46:26.203739+09:00
Vendor Panel,9900.0,9.0,success,False,2026-08-17T20:41:54.470071+09:00
Vendor Pass,720.0,6.0,success,False,2026-08-21T00:28:46.684495+09:00
Vendor Path,10.0,0.0,success,False,2026-08-17T20:32:10.469810+09:00
Vendor Payoff,,,failed,False,2026-08-27T21:46:28.400647+09:00
Vendor Penalty,,,failed,False,2026-08-23T16:37:37.262949+09:00
Vendor Petition,,,failed,False,2026-08-21T00:59:17.321844+09:00
Vendor Pilot,,,failed,False,2026-08-17T21:30:33.048254+09:00
Vendor Plan,40.0,22.0,success,False,2026-08-21T01:51:56.272630+09:00
Vendor Planner,40.0,22.0,success,False,2026-08-17T23:03:48.755656+09:00
Vendor Playbook,10.0,24.0,success,False,2026-08-18T22:05:13.758359+09:00
Vendor Point,40.0,5.0,success,False,2026-08-18T07:43:59.355214+09:00
Vendor Portal,27100.0,6.0,success,False,2026-08-17T20:43:36.337910+09:00
Vendor Preview,,,failed,False,2026-08-28T01:02:19.302633+09:00
Vendor Profile,260.0,4.0,success,False,2026-08-19T13:30:13.142544+09:00
Vendor Profit,,,failed,False,2026-08-23T02:53:54.584586+09:00
Vendor Proposal,140.0,1.0,success,False,2026-08-28T01:02:19.302633+09:00
Vendor Pulse,30.0,5.0,success,False,2026-08-17T20:34:19.305897+09:00
Vendor Queue,,,failed,False,2026-08-19T21:08:03.467133+09:00
Vendor Quota,,,failed,False,2026-08-21T00:25:02.156940+09:00
Vendor Radar,,,failed,False,2026-08-17T20:46:56.962156+09:00
Vendor Rail,,,failed,False,2026-08-17T20:36:40.845127+09:00
Vendor Rank,,,failed,False,2026-08-28T00:45:52.715901+09:00
Vendor Rate,70.0,0.0,success,False,2026-08-19T20:45:14.737555+09:00
Vendor Recap,,,failed,False,2026-08-21T00:59:36.315785+09:00
Vendor Receipt,90.0,17.0,success,False,2026-08-19T21:47:24.408619+09:00
Vendor Register,8100.0,4.0,success,False,2026-08-17T23:10:38.410164+09:00
Vendor Registry,8100.0,4.0,success,False,2026-08-18T22:05:50.321080+09:00
Vendor Relay,,,failed,False,2026-08-17T20:45:51.407426+09:00
Vendor Reminder,,,failed,False,2026-08-19T21:07:23.410704+09:00
Vendor Report,260.0,4.0,success,False,2026-08-19T13:28:26.877196+09:00
Vendor Repository,10.0,19.0,success,False,2026-08-27T23:12:19.702811+09:00
Vendor Roadmap,10.0,2.0,success,False,2026-08-18T22:06:35.395449+09:00
Vendor Roster,20.0,15.0,success,False,2026-08-19T00:38:08.562035+09:00
Vendor Route,,,failed,False,2026-08-17T20:38:32.473394+09:00
Vendor Rule,,,failed,False,2026-08-23T03:18:09.441113+09:00
Vendor Sale,320.0,4.0,success,False,2026-08-21T02:21:48.463008+09:00
Vendor Sample,30.0,3.0,success,False,2026-08-19T21:48:48.534569+09:00
Vendor Scale,,,failed,False,2026-08-17T20:39:23.919432+09:00
Vendor Scheduler,70.0,3.0,success,False,2026-08-17T23:32:15.494443+09:00
Vendor Scope,90.0,1.0,success,False,2026-08-17T20:37:11.919122+09:00
Vendor Score,50.0,14.0,success,False,2026-08-19T13:29:43.800182+09:00
Vendor Sentry,,,failed,False,2026-08-17T21:39:37.908878+09:00
Vendor Sheet,170.0,7.0,success,False,2026-08-19T13:29:07.755274+09:00
Vendor Shortfall,,,failed,False,2026-08-27T21:46:30.971214+09:00
Vendor Signal,,,failed,False,2026-08-17T20:38:59.956902+09:00
Vendor Slip,,,failed,False,2026-08-19T21:48:31.545228+09:00
Vendor Slot,20.0,0.0,success,False,2026-08-19T21:49:01.029648+09:00
Vendor Snapshot,,,failed,False,2026-08-18T22:05:32.001911+09:00
Vendor Stake,,,failed,False,2026-08-23T02:53:58.718739+09:00
Vendor Statement,590.0,3.0,success,False,2026-08-21T00:29:15.711468+09:00
Vendor Station,110.0,1.0,success,False,2026-08-17T20:47:33.914967+09:00
Vendor Status,320.0,0.0,success,False,2026-08-19T20:44:35.831978+09:00
Vendor Stub,,,failed,False,2026-08-21T00:29:10.279905+09:00
Vendor Studio,30.0,0.0,success,False,2026-08-17T21:31:05.600589+09:00
Vendor Subsidy,,,failed,False,2026-08-23T15:50:28.386707+09:00
Vendor Suite,2900.0,3.0,success,False,2026-08-17T23:31:38.790135+09:00
Vendor Sum,,,failed,False,2026-08-21T02:21:30.317993+09:00
Vendor Summary,40.0,3.0,success,False,2026-08-19T21:07:02.698289+09:00
Vendor Surtax,,,failed,False,2026-08-23T15:50:33.287746+09:00
Vendor Sync,0.0,,success,False,2026-08-17T21:33:48.082783+09:00
Vendor Tab,20.0,0.0,success,False,2026-08-21T00:25:15.691482+09:00
Vendor Table,1000.0,100.0,success,False,2026-08-19T21:48:04.651670+09:00
Vendor Tag,210.0,54.0,success,False,2026-08-19T13:30:02.018673+09:00
Vendor Tally,,,failed,False,2026-08-21T00:24:39.947545+09:00
Vendor Tariff,,,failed,False,2026-08-21T02:38:28.246618+09:00
Vendor Tax,90.0,11.0,success,False,2026-08-21T02:08:33.058112+09:00
Vendor Ticket,140.0,7.0,success,False,2026-08-19T21:07:55.214041+09:00
Vendor Tier,40.0,15.0,success,False,2026-08-28T00:45:52.715901+09:00
Vendor Timeline,,,failed,False,2026-08-19T21:07:13.159437+09:00
Vendor Timer,,,failed,False,2026-08-28T00:21:09.151755+09:00
Vendor Toll,,,failed,False,2026-08-21T02:38:23.344262+09:00
Vendor Toolbox,,,failed,False,2026-08-28T00:21:14.040617+09:00
Vendor Toolkit,,,failed,False,2026-08-18T22:05:06.428384+09:00
Vendor Total,,,failed,False,2026-08-27T23:12:13.072454+09:00
Vendor Tracker,210.0,26.0,success,False,2026-08-17T21:34:55.256705+09:00
Vendor Trail,,,failed,False,2026-08-17T20:35:44.075031+09:00
Vendor Trend,,,failed,False,2026-08-28T01:02:16.682385+09:00
Vendor Trial,,,failed,False,2026-08-27T21:14:33.237385+09:00
Vendor Unit,50.0,29.0,success,False,2026-08-21T01:51:54.787871+09:00
Vendor Update,50.0,0.0,success,False,2026-08-19T20:45:25.764339+09:00
Vendor Value,20.0,1.0,success,False,2026-08-23T02:53:56.783780+09:00
Vendor Vault,2400.0,9.0,success,False,2026-08-17T20:44:51.445524+09:00
Vendor Version,,,failed,False,2026-08-23T03:18:03.824260+09:00
Vendor View,170.0,1.0,success,False,2026-08-19T20:44:44.192245+09:00
Vendor Voucher,50.0,23.0,success,False,2026-08-21T00:28:56.685784+09:00
Vendor Wallet,170.0,12.0,success,False,2026-08-27T22:47:02.636160+09:00
Vendor Watch,880.0,97.0,success,False,2026-08-17T20:38:06.157627+09:00
Vendor Wave,,,failed,False,2026-08-17T20:33:23.313632+09:00
Vendor Widget,,,failed,False,2026-08-27T23:12:15.769681+09:00
Vendor Workbench,,,failed,False,2026-08-18T22:04:53.198463+09:00
Vendor Worksheet,,,failed,False,2026-08-27T22:08:46.567667+09:00
Vendor Workshop,30.0,1.0,success,False,2026-08-28T00:21:11.601666+09:00
Vendor Zone,2400.0,3.0,success,False,2026-08-17T20:44:24.451216+09:00
Vent Advance,,,failed,False,2026-08-23T16:13:30.945408+09:00
Vent Advisory,,,failed,False,2026-08-21T01:02:59.724963+09:00
Vent Allowance,,,failed,False,2026-08-21T02:44:11.415890+09:00
Vent Almanac,,,failed,False,2026-08-18T22:12:13.672404+09:00
Vent Analyzer,,,failed,False,2026-08-27T23:57:55.384671+09:00
Vent Anchor,,,failed,False,2026-08-18T23:52:22.331385+09:00
Vent Arrears,,,failed,False,2026-08-23T16:13:26.521734+09:00
Vent Assistant,,,failed,False,2026-08-18T22:09:21.781956+09:00
Vent Atlas,,,failed,False,2026-08-18T22:08:32.701996+09:00
Vent Attribute,,,failed,False,2026-08-23T13:05:00.300804+09:00
Vent Badge,,,failed,False,2026-08-21T00:27:37.591897+09:00
Vent Balance,,,failed,False,2026-08-23T13:46:12.042463+09:00
Vent Base,30.0,13.0,success,False,2026-08-18T22:04:49.273954+09:00
Vent Beacon,,,failed,False,2026-08-18T23:52:22.331385+09:00
Vent Bill,,,failed,False,2026-08-19T22:04:53.715623+09:00
Vent Blueprint,,,failed,False,2026-08-18T22:12:04.159201+09:00
Vent Board,1000.0,12.0,success,False,2026-08-18T22:05:17.781482+09:00
Vent Book,720.0,51.0,success,False,2026-08-19T22:05:46.180547+09:00
Vent Bridge,,,failed,False,2026-08-18T23:52:22.331385+09:00
Vent Brief,,,failed,False,2026-08-21T01:02:57.004719+09:00
Vent Bulletin,,,failed,False,2026-08-21T01:01:56.777468+09:00
Vent Calculator,1000.0,40.0,success,False,2026-08-27T23:35:43.099138+09:00
Vent Calendar,10.0,33.0,success,False,2026-08-18T23:57:15.984121+09:00
Vent Card,90.0,10.0,success,False,2026-08-19T13:42:33.755752+09:00
Vent Cascade,,,failed,False,2026-08-18T23:52:22.331385+09:00
Vent Cash,10.0,14.0,success,False,2026-08-21T02:28:22.675348+09:00
Vent Cashback,,,failed,False,2026-08-27T21:16:16.799513+09:00
Vent Catalog,,,failed,False,2026-08-19T21:19:43.238592+09:00
Vent Category,,,failed,False,2026-08-23T13:04:57.008398+09:00
Vent Center,320.0,85.0,success,False,2026-08-18T22:06:09.670880+09:00
Vent Chain,,,failed,False,2026-08-18T22:07:53.653114+09:00
Vent Charge,,,failed,False,2026-08-21T02:44:02.769477+09:00
Vent Check,170.0,37.0,success,False,2026-08-19T13:21:15.307510+09:00
Vent Checker,,,failed,False,2026-08-27T23:57:47.525165+09:00
Vent Checklist,,,failed,False,2026-08-19T21:18:40.810817+09:00
Vent Circular,,,failed,False,2026-08-21T01:02:59.724963+09:00
Vent Cockpit,,,failed,False,2026-08-18T22:10:16.418477+09:00
Vent Code,110.0,0.0,success,False,2026-08-19T22:05:19.679261+09:00
Vent Codex,10.0,,success,False,2026-08-18T23:52:22.331385+09:00
Vent Companion,,,failed,False,2026-08-18T22:10:38.085042+09:00
Vent Comparison,,,failed,False,2026-08-28T01:08:26.427990+09:00
Vent Compass,,,failed,False,2026-08-18T23:52:22.331385+09:00
Vent Compendium,,,failed,False,2026-08-18T22:12:19.566532+09:00
Vent Confirmation,,,failed,False,2026-08-21T01:02:18.161248+09:00
Vent Console,,,failed,False,2026-08-18T22:06:39.446315+09:00
Vent Core,110.0,10.0,success,False,2026-08-18T22:04:58.367673+09:00
Vent Cost,720.0,35.0,success,False,2026-08-21T02:11:50.760630+09:00
Vent Count,,,failed,False,2026-08-27T22:49:08.559687+09:00
Vent Counter,,,failed,False,2026-08-18T23:58:17.460804+09:00
Vent Coupon,10.0,,success,False,2026-08-27T21:16:16.799513+09:00
Vent Dashboard,10.0,9.0,success,False,2026-08-18T22:10:22.903886+09:00
Vent Deal,,,failed,False,2026-08-21T01:55:54.849778+09:00
Vent Debt,,,failed,False,2026-08-21T02:28:15.974883+09:00
Vent Deck,10.0,0.0,success,False,2026-08-18T22:05:27.658262+09:00
Vent Depot,110.0,100.0,success,False,2026-08-18T23:57:56.092399+09:00
Vent Desk,,,failed,False,2026-08-18T23:52:22.331385+09:00
Vent Detail,170.0,1.0,success,False,2026-08-23T03:24:40.640287+09:00
Vent Detector,,,failed,False,2026-08-27T23:57:50.336082+09:00
Vent Diagram,1900.0,0.0,success,True,2026-08-27T22:11:05.293773+09:00
Vent Dial,10.0,0.0,success,False,2026-08-18T22:06:56.515623+09:00
Vent Digest,,,failed,False,2026-08-19T20:43:19.095275+09:00
Vent Directory,,,failed,False,2026-08-18T23:57:26.188855+09:00
Vent Discount,10.0,100.0,success,False,2026-08-23T16:13:20.971458+09:00
Vent Dock,30.0,25.0,success,False,2026-08-18T22:07:28.261653+09:00
Vent Dossier,,,failed,False,2026-08-21T01:03:06.374945+09:00
Vent Downpayment,,,failed,False,2026-08-27T21:47:27.442070+09:00
Vent Draft,20.0,0.0,success,False,2026-08-19T20:43:33.378176+09:00
Vent Duty,,,failed,False,2026-08-21T02:44:04.894763+09:00
Vent Engine,30.0,24.0,success,False,2026-08-18T22:09:13.055997+09:00
Vent Entry,,,failed,False,2026-08-21T01:03:20.927802+09:00
Vent Estimate,,,failed,False,2026-08-19T21:19:30.531478+09:00
Vent Estimator,,,failed,False,2026-08-27T23:57:45.055012+09:00
Vent Excerpt,,,failed,False,2026-08-21T01:03:16.580684+09:00
Vent Extension,260.0,92.0,success,False,2026-08-23T16:38:36.406605+09:00
Vent Fare,,,failed,False,2026-08-21T02:11:57.284997+09:00
Vent Fee,10.0,0.0,success,False,2026-08-21T01:55:44.868962+09:00
Vent Feed,,,failed,False,2026-08-19T20:43:26.923996+09:00
Vent Field,20.0,0.0,success,False,2026-08-23T13:05:04.506045+09:00
Vent File,,,failed,False,2026-08-19T20:42:46.732728+09:00
Vent Finder,30.0,1.0,success,False,2026-08-18T23:57:46.664132+09:00
Vent Fine,,,failed,False,2026-08-23T02:58:18.393651+09:00
Vent Flag,,,failed,False,2026-08-21T00:28:30.302130+09:00
Vent Flow,590.0,65.0,success,False,2026-08-18T23:52:22.331385+09:00
Vent Forge,,,failed,False,2026-08-18T23:52:22.331385+09:00
Vent Form,,,failed,False,2026-08-19T13:42:25.449993+09:00
Vent Format,,,failed,False,2026-08-23T13:05:09.962757+09:00
Vent Frame,390.0,66.0,success,False,2026-08-18T22:04:38.583463+09:00
Vent Fund,,,failed,False,2026-08-21T02:28:18.996082+09:00
Vent Gate,70.0,30.0,success,False,2026-08-18T22:08:17.707470+09:00
Vent Giveaway,,,failed,False,2026-08-27T21:16:23.936714+09:00
Vent Grade,,,failed,False,2026-08-21T00:28:09.542795+09:00
Vent Graph,,,failed,False,2026-08-27T22:10:53.228398+09:00
Vent Grid,590.0,99.0,success,False,2026-08-18T22:03:03.090691+09:00
Vent Guarantee,,,failed,False,2026-08-28T01:08:32.525331+09:00
Vent Guard,880.0,93.0,success,False,2026-08-18T23:52:24.399990+09:00
Vent Guidebook,,,failed,False,2026-08-18T22:11:45.045166+09:00
Vent Helper,40.0,19.0,success,False,2026-08-28T00:26:52.853264+09:00
Vent History,,,failed,False,2026-08-19T20:42:37.692999+09:00
Vent Hotline,140.0,57.0,success,False,2026-08-19T21:19:52.858825+09:00
Vent Hub,110.0,61.0,success,False,2026-08-18T23:52:24.399990+09:00
Vent Identifier,,,failed,False,2026-08-23T13:04:50.850524+09:00
Vent Incentive,,,failed,False,2026-08-27T21:16:21.669078+09:00
Vent Index,320.0,1.0,success,False,2026-08-19T21:18:53.314989+09:00
Vent Insight,,,failed,False,2026-08-18T22:10:00.373367+09:00
Vent Installment,,,failed,False,2026-08-23T16:13:24.161828+09:00
Vent Item,,,failed,False,2026-08-21T01:55:46.721069+09:00
Vent Journal,210.0,37.0,success,False,2026-08-18T22:11:30.674698+09:00
Vent Keeper,,,failed,False,2026-08-18T22:08:48.035720+09:00
Vent Kit,1000.0,100.0,success,False,2026-08-27T22:49:08.559687+09:00
Vent Lab,110.0,16.0,success,False,2026-08-18T22:05:44.090365+09:00
Vent Label,,,failed,False,2026-08-27T22:10:56.558080+09:00
Vent Ledger,,,failed,False,2026-08-18T22:05:10.153828+09:00
Vent Lens,10.0,0.0,success,False,2026-08-18T22:04:29.881802+09:00
Vent Level,,,failed,False,2026-08-19T20:42:55.526386+09:00
Vent Link,50.0,0.0,success,False,2026-08-23T03:24:33.433692+09:00
Vent List,20.0,39.0,success,False,2026-08-19T22:05:28.406409+09:00
Vent Loan,,,failed,False,2026-08-21T02:12:06.796728+09:00
Vent Locator,,,failed,False,2026-08-18T23:57:37.423450+09:00
Vent Lock,390.0,100.0,success,False,2026-08-18T22:04:07.158721+09:00
Vent Log,10.0,0.0,success,False,2026-08-19T13:42:11.114118+09:00
Vent Loop,210.0,39.0,success,False,2026-08-18T22:02:52.692456+09:00
Vent Manager,10.0,0.0,success,False,2026-08-18T22:08:57.073323+09:00
Vent Manual,,,failed,False,2026-08-27T22:10:59.501612+09:00
Vent Map,390.0,68.0,success,False,2026-08-18T22:04:18.397619+09:00
Vent Markup,,,failed,False,2026-08-23T16:38:33.746405+09:00
Vent Memo,,,failed,False,2026-08-21T00:28:15.750952+09:00
Vent Message,50.0,0.0,success,False,2026-08-27T23:14:44.010079+09:00
Vent Meter,90.0,69.0,success,False,2026-08-18T22:07:03.148226+09:00
Vent Metrics,,,failed,False,2026-08-18T22:10:08.621452+09:00
Vent Monitor,1000.0,34.0,success,False,2026-08-18T22:09:54.168922+09:00
Vent Navigator,,,failed,False,2026-08-18T22:10:32.480742+09:00
Vent Nexus,,,failed,False,2026-08-18T22:08:23.655372+09:00
Vent Node,,,failed,False,2026-08-18T22:08:09.141836+09:00
Vent Note,320.0,0.0,success,False,2026-08-19T13:22:01.413587+09:00
Vent Number,70.0,24.0,success,False,2026-08-23T03:24:25.190204+09:00
Vent Office,390.0,99.0,success,False,2026-08-18T23:58:04.745440+09:00
Vent Ops,,,failed,False,2026-08-18T22:10:58.146959+09:00
Vent Order,,,failed,False,2026-08-19T22:04:42.218437+09:00
Vent Organizer,10.0,0.0,success,False,2026-08-18T22:09:44.783040+09:00
Vent Overage,,,failed,False,2026-08-27T21:47:24.586892+09:00
Vent Overdue,,,failed,False,2026-08-27T21:47:19.918276+09:00
Vent Panel,1600.0,100.0,success,False,2026-08-18T22:06:47.457116+09:00
Vent Pass,10.0,0.0,success,False,2026-08-21T00:27:22.208885+09:00
Vent Path,,,failed,False,2026-08-18T22:03:46.428497+09:00
Vent Payoff,,,failed,False,2026-08-27T21:47:19.918276+09:00
Vent Penalty,,,failed,False,2026-08-23T16:38:31.502720+09:00
Vent Petition,,,failed,False,2026-08-21T01:02:13.283707+09:00
Vent Pilot,,,failed,False,2026-08-18T23:52:24.399990+09:00
Vent Plan,480.0,1.0,success,False,2026-08-21T01:55:51.234317+09:00
Vent Planner,170.0,23.0,success,False,2026-08-18T22:09:30.106481+09:00
Vent Playbook,,,failed,False,2026-08-18T22:11:21.547380+09:00
Vent Point,260.0,9.0,success,False,2026-08-18T22:03:55.697842+09:00
Vent Portal,,,failed,False,2026-08-18T22:06:29.857370+09:00
Vent Profile,390.0,100.0,success,False,2026-08-19T13:23:03.025983+09:00
Vent Profit,,,failed,False,2026-08-23T02:58:06.031542+09:00
Vent Proposal,,,failed,False,2026-08-28T01:08:29.646959+09:00
Vent Pulse,,,failed,False,2026-08-18T22:03:14.728477+09:00
Vent Queue,,,failed,False,2026-08-19T21:19:19.264899+09:00
Vent Quota,,,failed,False,2026-08-21T00:28:20.735517+09:00
Vent Radar,170.0,7.0,success,False,2026-08-18T23:52:24.399990+09:00
Vent Rail,,,failed,False,2026-08-18T22:07:38.070107+09:00
Vent Rate,1900.0,3.0,success,False,2026-08-19T20:43:04.288794+09:00
Vent Recap,,,failed,False,2026-08-21T01:03:12.514083+09:00
Vent Receipt,,,failed,False,2026-08-19T22:05:04.840486+09:00
Vent Recorder,10.0,40.0,success,False,2026-08-27T23:35:43.099138+09:00
Vent Register,3600.0,100.0,success,False,2026-08-18T22:10:48.955418+09:00
Vent Registry,,,failed,False,2026-08-18T22:11:56.316205+09:00
Vent Relay,,,failed,False,2026-08-18T23:52:24.399990+09:00
Vent Reminder,,,failed,False,2026-08-19T21:18:30.637363+09:00
Vent Report,,,failed,False,2026-08-19T13:42:03.157163+09:00
Vent Repository,,,failed,False,2026-08-27T23:14:49.427940+09:00
Vent Result,,,failed,False,2026-08-28T00:48:34.201373+09:00
Vent Ring,90.0,16.0,success,False,2026-08-18T22:08:00.506560+09:00
Vent Roadmap,,,failed,False,2026-08-18T23:52:24.399990+09:00
Vent Roster,,,failed,False,2026-08-19T00:39:00.049194+09:00
Vent Route,20.0,3.0,success,False,2026-08-18T22:07:21.490302+09:00
Vent Rule,,,failed,False,2026-08-23T03:24:36.035969+09:00
Vent Sale,720.0,100.0,success,False,2026-08-21T02:28:25.181498+09:00
Vent Sample,,,failed,False,2026-08-19T22:06:07.056181+09:00
Vent Scale,,,failed,False,2026-08-18T22:07:12.146632+09:00
Vent Scanner,,,failed,False,2026-08-27T23:57:47.525165+09:00
Vent Scheduler,,,failed,False,2026-08-18T22:09:35.906732+09:00
Vent Schematic,,,failed,False,2026-08-27T22:28:56.801982+09:00
Vent Scope,,,failed,False,2026-08-18T22:02:42.227147+09:00
Vent Score,,,failed,False,2026-08-19T13:21:49.505722+09:00
Vent Sentry,10.0,0.0,success,False,2026-08-18T22:08:40.228889+09:00
Vent Sheet,480.0,22.0,success,False,2026-08-19T13:20:57.045829+09:00
Vent Shortfall,,,failed,False,2026-08-27T21:47:29.918815+09:00
Vent Signal,,,failed,False,2026-08-18T23:52:24.399990+09:00
Vent Slip,,,failed,False,2026-08-19T22:05:54.572880+09:00
Vent Slot,590.0,19.0,success,False,2026-08-19T22:06:15.067471+09:00
Vent Snapshot,,,failed,False,2026-08-18T22:11:39.333366+09:00
Vent Stake,10.0,10.0,success,False,2026-08-23T02:58:11.410981+09:00
Vent Statement,,,failed,False,2026-08-21T00:27:51.416222+09:00
Vent Station,70.0,96.0,success,False,2026-08-18T22:05:53.928204+09:00
Vent Status,10.0,0.0,success,False,2026-08-19T20:42:25.910879+09:00
Vent Stub,,,failed,False,2026-08-21T00:27:42.259289+09:00
Vent Studio,70.0,100.0,success,False,2026-08-18T22:05:35.647018+09:00
Vent Suite,40.0,1.0,success,False,2026-08-18T22:09:05.854990+09:00
Vent Sum,,,failed,False,2026-08-21T02:28:12.321639+09:00
Vent Summary,,,failed,False,2026-08-19T21:18:08.963564+09:00
Vent Sync,,,failed,False,2026-08-18T23:52:24.399990+09:00
Vent Tab,590.0,42.0,success,False,2026-08-21T00:28:35.603528+09:00
Vent Table,110.0,82.0,success,False,2026-08-19T22:05:38.259870+09:00
Vent Tag,,,failed,False,2026-08-19T13:22:52.997590+09:00
Vent Tally,,,failed,False,2026-08-21T00:27:57.987466+09:00
Vent Tariff,,,failed,False,2026-08-21T02:44:13.647823+09:00
Vent Tax,,,failed,False,2026-08-21T02:12:01.712721+09:00
Vent Terminal,320.0,79.0,success,False,2026-08-18T22:06:01.196080+09:00
Vent Ticket,,,failed,False,2026-08-19T21:19:08.211207+09:00
Vent Timeline,,,failed,False,2026-08-19T21:18:19.882315+09:00
Vent Toll,,,failed,False,2026-08-21T02:44:07.576254+09:00
Vent Toolbox,,,failed,False,2026-08-28T00:26:50.285916+09:00
Vent Toolkit,,,failed,False,2026-08-18T22:11:11.945944+09:00
Vent Total,,,failed,False,2026-08-27T23:14:44.010079+09:00
Vent Tracker,320.0,23.0,success,False,2026-08-18T23:52:24.399990+09:00
Vent Trail,,,failed,False,2026-08-18T22:07:45.209206+09:00
Vent Trial,30.0,9.0,success,False,2026-08-27T21:16:19.259868+09:00
Vent Unit,1300.0,77.0,success,False,2026-08-21T01:55:41.069694+09:00
Vent Update,10.0,38.0,success,False,2026-08-19T20:43:13.193243+09:00
Vent Value,480.0,29.0,success,False,2026-08-23T02:58:08.701487+09:00
Vent Vault,90.0,0.0,success,False,2026-08-18T23:52:24.399990+09:00
Vent Version,,,failed,False,2026-08-23T03:24:30.095281+09:00
Vent View,10.0,0.0,success,False,2026-08-19T20:42:32.517249+09:00
Vent Voucher,,,failed,False,2026-08-21T00:27:30.325740+09:00
Vent Watch,10.0,17.0,success,False,2026-08-18T22:02:30.753417+09:00
Vent Wave,10.0,0.0,success,False,2026-08-18T22:03:23.896977+09:00
Vent Widget,10.0,,success,False,2026-08-27T23:14:46.468120+09:00
Vent Workbench,,,failed,False,2026-08-18T22:11:03.707718+09:00
Vent Worksheet,,,failed,False,2026-08-27T22:11:01.897181+09:00
Vent Workshop,,,failed,False,2026-08-28T00:26:47.602211+09:00
Vent Zone,70.0,7.0,success,False,2026-08-18T22:06:20.125556+09:00
Ventilation Advance,,,failed,False,2026-08-23T16:11:06.629164+09:00
Ventilation Advisory,,,failed,False,2026-08-21T01:08:07.982267+09:00
Ventilation Alert,,,failed,False,2026-08-19T21:18:24.331096+09:00
Ventilation Allowance,,,failed,False,2026-08-21T02:38:09.773029+09:00
Ventilation Analyzer,,,failed,False,2026-08-27T23:56:35.462889+09:00
Ventilation Arrears,,,failed,False,2026-08-23T16:17:15.012584+09:00
Ventilation Assistant,,,failed,False,2026-08-19T21:13:04.964598+09:00
Ventilation Atlas,,,failed,False,2026-08-19T21:12:22.393942+09:00
Ventilation Attribute,,,failed,False,2026-08-23T13:07:32.830763+09:00
Ventilation Badge,,,failed,False,2026-08-21T00:33:05.849456+09:00
Ventilation Balance,20.0,35.0,success,False,2026-08-23T13:48:00.316866+09:00
Ventilation Base,480.0,72.0,success,False,2026-08-19T21:08:09.987838+09:00
Ventilation Bay,,,failed,False,2026-08-19T21:16:50.838174+09:00
Ventilation Beacon,,,failed,False,2026-08-19T21:05:39.916573+09:00
Ventilation Bill,,,failed,False,2026-08-19T21:48:22.940977+09:00
Ventilation Bin,,,failed,False,2026-08-19T21:18:48.274039+09:00
Ventilation Board,1000.0,12.0,success,False,2026-08-19T21:08:42.108199+09:00
Ventilation Book,720.0,51.0,success,False,2026-08-19T21:49:26.172736+09:00
Ventilation Booth,40.0,58.0,success,False,2026-08-19T21:16:16.247165+09:00
Ventilation Brief,,,failed,False,2026-08-21T01:08:00.929637+09:00
Ventilation Bulletin,,,failed,False,2026-08-21T01:07:56.327187+09:00
Ventilation Cabinet,590.0,100.0,success,False,2026-08-27T23:13:03.121922+09:00
Ventilation Calculator,1000.0,40.0,success,False,2026-08-27T23:34:44.753648+09:00
Ventilation Calendar,,,failed,False,2026-08-19T21:14:58.322778+09:00
Ventilation Card,10.0,0.0,success,False,2026-08-19T21:29:21.643935+09:00
Ventilation Cash,,,failed,False,2026-08-21T02:31:01.801994+09:00
Ventilation Cashback,,,failed,False,2026-08-27T21:14:09.355453+09:00
Ventilation Catalog,,,failed,False,2026-08-19T21:03:32.051785+09:00
Ventilation Category,,,failed,False,2026-08-23T13:07:29.372228+09:00
Ventilation Center,320.0,85.0,success,False,2026-08-19T21:09:55.427058+09:00
Ventilation Chain,,,failed,False,2026-08-19T21:11:37.631930+09:00
Ventilation Charge,210.0,12.0,success,False,2026-08-21T02:38:00.530165+09:00
Ventilation Chart,140.0,0.0,success,False,2026-08-19T21:18:36.412771+09:00
Ventilation Check,170.0,37.0,success,False,2026-08-19T21:29:36.124531+09:00
Ventilation Checker,,,failed,False,2026-08-27T23:56:32.424799+09:00
Ventilation Circular,,,failed,False,2026-08-21T01:08:04.647718+09:00
Ventilation Code,110.0,0.0,success,False,2026-08-19T21:48:50.657736+09:00
Ventilation Companion,,,failed,False,2026-08-19T21:13:52.940752+09:00
Ventilation Comparison,,,failed,False,2026-08-28T01:07:47.366767+09:00
Ventilation Compass,,,failed,False,2026-08-19T21:05:28.660617+09:00
Ventilation Confirmation,,,failed,False,2026-08-21T01:08:18.401082+09:00
Ventilation Console,,,failed,False,2026-08-19T21:10:31.479524+09:00
Ventilation Contribution,,,failed,False,2026-08-23T16:17:12.971292+09:00
Ventilation Copayment,,,failed,False,2026-08-23T16:37:14.050450+09:00
Ventilation Core,,,failed,False,2026-08-19T21:08:19.397533+09:00
Ventilation Cost,720.0,35.0,success,False,2026-08-21T02:13:47.898953+09:00
Ventilation Count,,,failed,False,2026-08-27T22:47:31.900265+09:00
Ventilation Counter,10.0,0.0,success,False,2026-08-19T21:15:54.238919+09:00
Ventilation Coupon,,,failed,False,2026-08-27T21:14:04.974327+09:00
Ventilation Deal,,,failed,False,2026-08-21T01:57:21.062358+09:00
Ventilation Debt,,,failed,False,2026-08-21T02:30:57.020640+09:00
Ventilation Deck,,,failed,False,2026-08-19T21:08:52.385641+09:00
Ventilation Desk,,,failed,False,2026-08-19T21:04:38.364310+09:00
Ventilation Detail,170.0,1.0,success,False,2026-08-23T03:18:56.291245+09:00
Ventilation Detector,,,failed,False,2026-08-27T23:56:35.462889+09:00
Ventilation Diagram,1300.0,0.0,success,True,2026-08-27T22:08:24.051026+09:00
Ventilation Directory,,,failed,False,2026-08-19T21:15:11.193054+09:00
Ventilation Discount,,,failed,False,2026-08-23T16:17:10.658953+09:00
Ventilation Dossier,,,failed,False,2026-08-21T01:08:23.538465+09:00
Ventilation Downpayment,,,failed,False,2026-08-27T21:46:18.010185+09:00
Ventilation Draft,20.0,0.0,success,False,2026-08-19T21:31:11.020553+09:00
Ventilation Due,,,failed,False,2026-08-23T15:52:54.963093+09:00
Ventilation Duty,,,failed,False,2026-08-21T02:38:04.709344+09:00
Ventilation Engine,30.0,24.0,success,False,2026-08-19T21:12:53.220290+09:00
Ventilation Entry,,,failed,False,2026-08-21T01:08:34.212023+09:00
Ventilation Estimate,,,failed,False,2026-08-19T21:32:01.105099+09:00
Ventilation Estimator,10.0,21.0,success,False,2026-08-27T23:56:30.078148+09:00
Ventilation Excerpt,,,failed,False,2026-08-21T01:08:29.808950+09:00
Ventilation Fare,,,failed,False,2026-08-21T02:13:55.363048+09:00
Ventilation Fee,,,failed,False,2026-08-21T01:57:03.804845+09:00
Ventilation Feed,,,failed,False,2026-08-19T21:31:05.316836+09:00
Ventilation File,,,failed,False,2026-08-19T21:30:33.343002+09:00
Ventilation Fine,,,failed,False,2026-08-23T02:54:15.524012+09:00
Ventilation Flag,,,failed,False,2026-08-21T00:33:48.597432+09:00
Ventilation Flow,590.0,65.0,success,False,2026-08-19T21:04:11.577084+09:00
Ventilation Forge,10.0,100.0,success,False,2026-08-19T21:05:54.912887+09:00
Ventilation Form,20.0,55.0,success,False,2026-08-19T21:29:12.327035+09:00
Ventilation Format,,,failed,False,2026-08-23T13:07:37.097248+09:00
Ventilation Frame,390.0,66.0,success,False,2026-08-19T21:07:58.848698+09:00
Ventilation Fund,10.0,0.0,success,False,2026-08-21T02:30:59.342931+09:00
Ventilation Gate,110.0,26.0,success,False,2026-08-19T21:11:59.918866+09:00
Ventilation Giveaway,,,failed,False,2026-08-27T21:14:16.452058+09:00
Ventilation Grade,,,failed,False,2026-08-21T00:33:28.430853+09:00
Ventilation Graph,880.0,3.0,success,False,2026-08-27T22:08:10.673360+09:00
Ventilation Grid,590.0,99.0,success,False,2026-08-19T21:07:08.840903+09:00
Ventilation Guarantee,,,failed,False,2026-08-28T01:07:55.638643+09:00
Ventilation Guardian,,,failed,False,2026-08-28T00:25:56.872854+09:00
Ventilation Helpdesk,,,failed,False,2026-08-27T22:47:31.900265+09:00
Ventilation Helper,,,failed,False,2026-08-28T00:26:03.782064+09:00
Ventilation History,110.0,0.0,success,False,2026-08-19T21:30:26.736781+09:00
Ventilation Hotline,,,failed,False,2026-08-19T21:03:47.017770+09:00
Ventilation Hub,110.0,61.0,success,False,2026-08-19T21:04:24.508436+09:00
Ventilation Identifier,,,failed,False,2026-08-23T13:07:26.060181+09:00
Ventilation Incentive,,,failed,False,2026-08-27T21:14:11.708321+09:00
Ventilation Index,320.0,1.0,success,False,2026-08-19T21:31:45.728679+09:00
Ventilation Installment,,,failed,False,2026-08-23T16:17:12.971292+09:00
Ventilation Item,,,failed,False,2026-08-21T01:57:06.498210+09:00
Ventilation Journal,210.0,37.0,success,False,2026-08-19T21:14:34.800336+09:00
Ventilation Keeper,,,failed,False,2026-08-19T21:12:33.528106+09:00
Ventilation Kiosk,,,failed,False,2026-08-19T21:16:27.560091+09:00
Ventilation Kit,1000.0,100.0,success,False,2026-08-27T22:47:28.680273+09:00
Ventilation Lab,110.0,16.0,success,False,2026-08-19T21:09:18.934477+09:00
Ventilation Label,,,failed,False,2026-08-27T22:08:16.098998+09:00
Ventilation Ledger,,,failed,False,2026-08-19T21:08:29.245582+09:00
Ventilation Level,70.0,15.0,success,False,2026-08-19T21:30:40.784781+09:00
Ventilation Line,880.0,27.0,success,False,2026-08-19T21:19:37.758100+09:00
Ventilation Link,,,failed,False,2026-08-23T03:18:48.364198+09:00
Ventilation List,,,failed,False,2026-08-19T21:49:03.135784+09:00
Ventilation Loan,,,failed,False,2026-08-21T02:14:02.511057+09:00
Ventilation Lobby,,,failed,False,2026-08-19T21:19:11.883317+09:00
Ventilation Locator,,,failed,False,2026-08-19T21:15:22.705045+09:00
Ventilation Locker,,,failed,False,2026-08-19T21:16:04.396422+09:00
Ventilation Log,,,failed,False,2026-08-19T21:29:07.329786+09:00
Ventilation Loop,,,failed,False,2026-08-19T21:06:57.837919+09:00
Ventilation Manager,,,failed,False,2026-08-19T21:12:43.604286+09:00
Ventilation Manual,210.0,100.0,success,False,2026-08-27T22:08:21.698192+09:00
Ventilation Map,390.0,68.0,success,False,2026-08-19T21:07:49.558493+09:00
Ventilation Margin,,,failed,False,2026-08-23T02:54:13.248458+09:00
Ventilation Markup,,,failed,False,2026-08-23T16:37:11.760359+09:00
Ventilation Memo,,,failed,False,2026-08-21T00:33:34.783519+09:00
Ventilation Message,,,failed,False,2026-08-27T23:12:56.649660+09:00
Ventilation Monitor,1000.0,34.0,success,False,2026-08-19T21:13:40.486879+09:00
Ventilation Nexus,,,failed,False,2026-08-19T21:12:09.668415+09:00
Ventilation Note,,,failed,False,2026-08-19T21:29:51.150185+09:00
Ventilation Notification,,,failed,False,2026-08-27T22:47:24.172994+09:00
Ventilation Number,,,failed,False,2026-08-23T03:18:41.681571+09:00
Ventilation Office,390.0,99.0,success,False,2026-08-19T21:15:44.600624+09:00
Ventilation Ops,,,failed,False,2026-08-19T21:14:12.923572+09:00
Ventilation Order,,,failed,False,2026-08-19T21:48:11.031110+09:00
Ventilation Outpost,,,failed,False,2026-08-19T21:17:17.082757+09:00
Ventilation Overdue,,,failed,False,2026-08-27T21:46:15.571619+09:00
Ventilation Panel,1600.0,100.0,success,False,2026-08-19T21:10:39.923410+09:00
Ventilation Passport,,,failed,False,2026-08-19T21:19:01.988330+09:00
Ventilation Path,,,failed,False,2026-08-19T21:07:29.278050+09:00
Ventilation Payoff,,,failed,False,2026-08-27T21:46:15.571619+09:00
Ventilation Penalty,,,failed,False,2026-08-23T16:37:08.695688+09:00
Ventilation Petition,,,failed,False,2026-08-21T01:08:12.622841+09:00
Ventilation Plan,480.0,1.0,success,False,2026-08-21T01:57:17.630744+09:00
Ventilation Planner,,,failed,False,2026-08-19T21:13:19.288024+09:00
Ventilation Playbook,,,failed,False,2026-08-19T21:14:23.234492+09:00
Ventilation Plaza,,,failed,False,2026-08-19T21:17:27.324738+09:00
Ventilation Point,260.0,9.0,success,False,2026-08-19T21:07:38.685875+09:00
Ventilation Portal,,,failed,False,2026-08-19T21:10:20.581807+09:00
Ventilation Post,,,failed,False,2026-08-19T21:17:05.944580+09:00
Ventilation Preview,,,failed,False,2026-08-28T01:07:52.961175+09:00
Ventilation Profile,390.0,100.0,success,False,2026-08-19T21:30:05.370784+09:00
Ventilation Profit,,,failed,False,2026-08-23T02:54:03.941195+09:00
Ventilation Proposal,,,failed,False,2026-08-28T01:07:55.638643+09:00
Ventilation Quota,,,failed,False,2026-08-21T00:33:39.786796+09:00
Ventilation Radar,,,failed,False,2026-08-19T21:04:51.175636+09:00
Ventilation Rate,1900.0,3.0,success,False,2026-08-19T21:30:47.462824+09:00
Ventilation Recap,,,failed,False,2026-08-21T01:08:27.933703+09:00
Ventilation Receipt,,,failed,False,2026-08-19T21:48:37.941943+09:00
Ventilation Recorder,,,failed,False,2026-08-27T23:34:49.517197+09:00
Ventilation Redemption,,,failed,False,2026-08-23T16:37:16.360877+09:00
Ventilation Register,3600.0,100.0,success,False,2026-08-19T21:14:03.656959+09:00
Ventilation Registry,,,failed,False,2026-08-19T21:14:44.485943+09:00
Ventilation Relay,,,failed,False,2026-08-19T21:05:03.787854+09:00
Ventilation Reminder,,,failed,False,2026-08-19T21:31:33.933839+09:00
Ventilation Report,40.0,10.0,success,False,2026-08-19T21:20:12.462826+09:00
Ventilation Repository,,,failed,False,2026-08-27T23:13:06.155067+09:00
Ventilation Result,,,failed,False,2026-08-28T00:48:08.257780+09:00
Ventilation Ring,90.0,100.0,success,False,2026-08-19T21:11:48.091080+09:00
Ventilation Roll,,,failed,False,2026-08-19T21:20:00.703413+09:00
Ventilation Rule,,,failed,False,2026-08-23T03:18:52.097037+09:00
Ventilation Sale,720.0,100.0,success,False,2026-08-21T02:31:01.801994+09:00
Ventilation Sample,,,failed,False,2026-08-19T21:49:47.542279+09:00
Ventilation Scanner,,,failed,False,2026-08-27T23:56:32.424799+09:00
Ventilation Scheduler,,,failed,False,2026-08-19T21:13:29.995507+09:00
Ventilation Schematic,110.0,0.0,success,False,2026-08-27T22:28:46.749186+09:00
Ventilation Scope,,,failed,False,2026-08-19T21:06:46.189471+09:00
Ventilation Score,,,failed,False,2026-08-19T21:29:42.361641+09:00
Ventilation Sheet,480.0,22.0,success,False,2026-08-19T21:29:28.610068+09:00
Ventilation Shortfall,,,failed,False,2026-08-27T21:46:21.323370+09:00
Ventilation Signal,,,failed,False,2026-08-19T21:06:30.155036+09:00
Ventilation Slip,,,failed,False,2026-08-19T21:49:37.354385+09:00
Ventilation Slot,590.0,19.0,success,False,2026-08-19T21:50:00.809390+09:00
Ventilation Stage,,,failed,False,2026-08-28T00:48:08.257780+09:00
Ventilation Stake,,,failed,False,2026-08-23T02:54:11.154631+09:00
Ventilation Statement,,,failed,False,2026-08-21T00:33:14.863078+09:00
Ventilation Station,70.0,96.0,success,False,2026-08-19T21:09:29.663933+09:00
Ventilation Status,70.0,7.0,success,False,2026-08-19T21:30:12.319072+09:00
Ventilation Stub,,,failed,False,2026-08-21T00:33:10.095062+09:00
Ventilation Studio,70.0,100.0,success,False,2026-08-19T21:09:04.357233+09:00
Ventilation Subsidy,,,failed,False,2026-08-23T15:52:57.176155+09:00
Ventilation Sum,,,failed,False,2026-08-21T02:30:51.336298+09:00
Ventilation Summary,,,failed,False,2026-08-19T21:31:19.157381+09:00
Ventilation Surtax,,,failed,False,2026-08-23T15:52:57.176155+09:00
Ventilation Tab,,,failed,False,2026-08-21T00:33:53.387508+09:00
Ventilation Table,110.0,82.0,success,False,2026-08-19T21:49:16.162945+09:00
Ventilation Tag,110.0,100.0,success,False,2026-08-19T21:29:57.691182+09:00
Ventilation Tally,,,failed,False,2026-08-21T00:33:20.736767+09:00
Ventilation Tariff,,,failed,False,2026-08-21T02:38:13.377279+09:00
Ventilation Tax,,,failed,False,2026-08-21T02:13:59.319117+09:00
Ventilation Terminal,320.0,79.0,success,False,2026-08-19T21:09:42.547953+09:00
Ventilation Ticker,,,failed,False,2026-08-19T21:19:25.343582+09:00
Ventilation Ticket,,,failed,False,2026-08-19T21:31:54.531543+09:00
Ventilation Timeline,,,failed,False,2026-08-19T21:31:25.099741+09:00
Ventilation Timer,480.0,100.0,success,False,2026-08-28T00:25:53.963495+09:00
Ventilation Toll,,,failed,False,2026-08-21T02:38:06.910707+09:00
Ventilation Toolbox,,,failed,False,2026-08-28T00:26:01.082990+09:00
Ventilation Total,,,failed,False,2026-08-27T23:13:00.467969+09:00
Ventilation Tower,880.0,100.0,success,False,2026-08-19T21:17:47.761016+09:00
Ventilation Tracker,,,failed,False,2026-08-19T21:03:59.838072+09:00
Ventilation Trail,,,failed,False,2026-08-19T21:11:25.521014+09:00
Ventilation Trend,,,failed,False,2026-08-28T01:07:44.108969+09:00
Ventilation Trial,,,failed,False,2026-08-27T21:14:11.708321+09:00
Ventilation Unit,1300.0,77.0,success,False,2026-08-21T02:05:57.421169+09:00
Ventilation Update,,,failed,False,2026-08-19T21:30:56.024739+09:00
Ventilation Value,,,failed,False,2026-08-23T02:54:06.073801+09:00
Ventilation Vault,,,failed,False,2026-08-19T21:05:15.949286+09:00
Ventilation Version,,,failed,False,2026-08-23T03:18:44.540602+09:00
Ventilation View,,,failed,False,2026-08-19T21:30:18.297847+09:00
Ventilation Voucher,0.0,,success,False,2026-08-21T00:33:01.322590+09:00
Ventilation Watch,,,failed,False,2026-08-19T21:06:37.485931+09:00
Ventilation Wave,,,failed,False,2026-08-19T21:07:19.840236+09:00
Ventilation Widget,,,failed,False,2026-08-27T23:13:00.467969+09:00
Ventilation Window,8100.0,23.0,success,False,2026-08-19T21:19:49.170898+09:00
Ventilation Worksheet,30.0,0.0,success,False,2026-08-27T22:08:21.698192+09:00
Ventilation Workshop,390.0,98.0,success,False,2026-08-28T00:25:56.872854+09:00
Ventilation Yard,,,failed,False,2026-08-19T21:16:39.026055+09:00
Ventilation Zone,70.0,7.0,success,False,2026-08-19T21:10:07.849360+09:00
Venue Advance,,,failed,False,2026-08-23T16:13:14.533515+09:00
Venue Advisory,,,failed,False,2026-08-21T00:58:52.318728+09:00
Venue Allowance,,,failed,False,2026-08-21T02:38:33.089549+09:00
Venue Almanac,,,failed,False,2026-08-18T22:10:34.249457+09:00
Venue Analyzer,,,failed,False,2026-08-27T23:52:32.506891+09:00
Venue Anchor,,,failed,False,2026-08-17T20:34:16.019094+09:00
Venue Announcement,50.0,0.0,success,False,2026-08-27T23:32:40.029337+09:00
Venue Arrears,,,failed,False,2026-08-23T16:13:10.832744+09:00
Venue Asset,,,failed,False,2026-08-23T13:46:27.908972+09:00
Venue Assistant,140.0,0.0,success,False,2026-08-17T23:27:21.585941+09:00
Venue Atlas,,,failed,False,2026-08-17T21:33:42.291802+09:00
Venue Badge,,,failed,False,2026-08-21T00:36:16.111706+09:00
Venue Balance,,,failed,False,2026-08-23T13:46:24.718234+09:00
Venue Base,260.0,10.0,success,False,2026-08-17T20:48:40.258747+09:00
Venue Beacon,,,failed,False,2026-08-17T20:38:02.236902+09:00
Venue Bill,,,failed,False,2026-08-19T22:00:29.201659+09:00
Venue Blueprint,,,failed,False,2026-08-18T22:10:27.962314+09:00
Venue Board,70.0,0.0,success,False,2026-08-17T20:45:22.370262+09:00
Venue Book,1900.0,37.0,success,False,2026-08-19T22:01:17.483163+09:00
Venue Bridge,,,failed,False,2026-08-17T20:35:06.364440+09:00
Venue Brief,,,failed,False,2026-08-21T00:58:44.836971+09:00
Venue Bulletin,,,failed,False,2026-08-21T00:58:40.847726+09:00
Venue Calculator,30.0,2.0,success,False,2026-08-27T23:32:42.762901+09:00
Venue Calendar,30.0,3.0,success,False,2026-08-18T23:58:29.314698+09:00
Venue Cascade,,,failed,False,2026-08-17T20:36:06.570384+09:00
Venue Cash,,,failed,False,2026-08-21T02:22:40.576459+09:00
Venue Cashback,,,failed,False,2026-08-27T21:15:29.439407+09:00
Venue Catalog,90.0,2.0,success,False,2026-08-19T21:15:48.074960+09:00
Venue Center,140.0,10.0,success,False,2026-08-17T20:40:15.034726+09:00
Venue Chain,50.0,59.0,success,False,2026-08-17T21:39:25.145394+09:00
Venue Charge,90.0,1.0,success,False,2026-08-21T02:38:23.344262+09:00
Venue Checker,2900.0,0.0,success,True,2026-08-27T23:52:22.402919+09:00
Venue Checklist,50.0,53.0,success,False,2026-08-19T21:14:49.838669+09:00
Venue Circular,,,failed,False,2026-08-21T01:00:06.148655+09:00
Venue Cockpit,,,failed,False,2026-08-17T23:11:28.950122+09:00
Venue Code,110.0,0.0,success,False,2026-08-19T22:00:50.592987+09:00
Venue Codex,,,failed,False,2026-08-18T22:10:51.704890+09:00
Venue Companion,,,failed,False,2026-08-17T23:28:41.981102+09:00
Venue Comparison,170.0,7.0,success,False,2026-08-28T01:03:40.758183+09:00
Venue Compass,10.0,0.0,success,False,2026-08-17T20:38:51.261946+09:00
Venue Compendium,,,failed,False,2026-08-18T22:10:43.266214+09:00
Venue Confirmation,10.0,0.0,success,False,2026-08-21T00:59:01.913298+09:00
Venue Console,50.0,35.0,success,False,2026-08-17T20:37:32.011303+09:00
Venue Contribution,,,failed,False,2026-08-23T16:13:08.662730+09:00
Venue Core,10.0,3.0,success,False,2026-08-17T20:47:25.656493+09:00
Venue Cost,590.0,10.0,success,False,2026-08-21T02:07:29.886940+09:00
Venue Count,,,failed,False,2026-08-27T22:44:46.439478+09:00
Venue Counter,,,failed,False,2026-08-18T23:59:20.806892+09:00
Venue Coupon,40.0,6.0,success,False,2026-08-27T21:15:29.439407+09:00
Venue Dashboard,320.0,0.0,success,False,2026-08-17T23:28:19.331420+09:00
Venue Deal,,,failed,False,2026-08-21T01:51:35.759053+09:00
Venue Debt,,,failed,False,2026-08-21T02:22:32.305318+09:00
Venue Deck,30.0,7.0,success,False,2026-08-17T20:44:21.106446+09:00
Venue Depot,,,failed,False,2026-08-18T23:59:02.629298+09:00
Venue Desk,,,failed,False,2026-08-17T20:42:11.427186+09:00
Venue Detail,480.0,3.0,success,False,2026-08-23T03:17:17.631472+09:00
Venue Detector,,,failed,False,2026-08-27T23:52:30.197940+09:00
Venue Diagram,40.0,5.0,success,False,2026-08-27T22:09:51.279815+09:00
Venue Dial,,,failed,False,2026-08-17T20:35:38.392873+09:00
Venue Digest,,,failed,False,2026-08-19T20:41:43.197527+09:00
Venue Directory,1600.0,7.0,success,False,2026-08-18T23:58:38.723569+09:00
Venue Discount,110.0,7.0,success,False,2026-08-23T16:13:03.003819+09:00
Venue Dock,10.0,0.0,success,False,2026-08-17T20:31:29.603433+09:00
Venue Dossier,,,failed,False,2026-08-21T00:59:08.363801+09:00
Venue Downpayment,,,failed,False,2026-08-27T21:46:44.901733+09:00
Venue Draft,,,failed,False,2026-08-19T20:41:57.553937+09:00
Venue Due,,,failed,False,2026-08-23T15:51:20.195828+09:00
Venue Duty,,,failed,False,2026-08-21T02:38:25.978724+09:00
Venue Engine,1000.0,2.0,success,False,2026-08-17T23:08:11.112323+09:00
Venue Entry,20.0,1.0,success,False,2026-08-21T00:59:28.178022+09:00
Venue Estimate,,,failed,False,2026-08-19T21:15:38.736251+09:00
Venue Estimator,,,failed,False,2026-08-27T23:52:16.469073+09:00
Venue Excerpt,,,failed,False,2026-08-21T00:59:17.321844+09:00
Venue Fare,,,failed,False,2026-08-21T02:07:37.270032+09:00
Venue Fee,260.0,0.0,success,False,2026-08-21T01:51:15.763734+09:00
Venue Feed,70.0,0.0,success,False,2026-08-19T20:41:51.151726+09:00
Venue File,,,failed,False,2026-08-19T20:41:13.496418+09:00
Venue Finder,1900.0,46.0,success,False,2026-08-18T23:58:54.171473+09:00
Venue Fine,,,failed,False,2026-08-23T02:53:47.851129+09:00
Venue Flag,,,failed,False,2026-08-21T00:25:21.406032+09:00
Venue Flow,110.0,9.0,success,False,2026-08-17T20:44:45.631544+09:00
Venue Forge,,,failed,False,2026-08-17T20:37:03.531282+09:00
Venue Frame,20.0,0.0,success,False,2026-08-17T21:30:57.458125+09:00
Venue Fund,,,failed,False,2026-08-21T02:22:35.993251+09:00
Venue Gate,10.0,0.0,success,False,2026-08-17T21:35:52.306880+09:00
Venue Generator,10.0,7.0,success,False,2026-08-27T23:32:47.063702+09:00
Venue Giveaway,,,failed,False,2026-08-27T21:15:34.818716+09:00
Venue Grade,,,failed,False,2026-08-21T00:25:02.156940+09:00
Venue Grid,,,failed,False,2026-08-17T21:40:51.783967+09:00
Venue Guarantee,,,failed,False,2026-08-28T01:03:45.781044+09:00
Venue Guard,30.0,6.0,success,False,2026-08-17T20:48:06.680156+09:00
Venue Guardian,,,failed,False,2026-08-28T00:22:42.376773+09:00
Venue Guidebook,,,failed,False,2026-08-18T22:10:10.353821+09:00
Venue Helpdesk,,,failed,False,2026-08-27T22:44:50.273695+09:00
Venue Helper,10.0,0.0,success,False,2026-08-28T00:22:52.095414+09:00
Venue History,3600.0,2.0,success,False,2026-08-19T20:41:03.972806+09:00
Venue Hotline,,,failed,False,2026-08-19T21:16:00.282567+09:00
Venue Hub,260.0,16.0,success,False,2026-08-17T20:43:57.612589+09:00
Venue Identifier,,,failed,False,2026-08-23T13:06:13.755843+09:00
Venue Incentive,,,failed,False,2026-08-27T21:15:31.900187+09:00
Venue Index,,,failed,False,2026-08-19T21:15:04.533430+09:00
Venue Insight,10.0,,success,False,2026-08-17T23:04:15.040980+09:00
Venue Installment,20.0,20.0,success,False,2026-08-23T16:13:06.452746+09:00
Venue Interest,,,failed,False,2026-08-23T13:46:27.908972+09:00
Venue Item,,,failed,False,2026-08-21T01:51:22.429358+09:00
Venue Journal,,,failed,False,2026-08-18T22:09:56.131275+09:00
Venue Keeper,,,failed,False,2026-08-17T21:31:33.014186+09:00
Venue Kiosk,10.0,86.0,success,False,2026-08-19T00:37:26.885782+09:00
Venue Kit,20.0,6.0,success,False,2026-08-27T22:44:43.447057+09:00
Venue Lab,70.0,1.0,success,False,2026-08-17T20:42:34.302604+09:00
Venue Layout,880.0,3.0,success,False,2026-08-27T22:28:37.219396+09:00
Venue Ledger,,,failed,False,2026-08-17T20:46:12.433556+09:00
Venue Lens,260.0,0.0,success,False,2026-08-17T21:32:05.797514+09:00
Venue Level,,,failed,False,2026-08-19T20:41:22.304179+09:00
Venue Levy,110.0,0.0,success,False,2026-08-23T13:46:30.859150+09:00
Venue Link,210.0,27.0,success,False,2026-08-23T03:17:09.077548+09:00
Venue List,210.0,11.0,success,False,2026-08-19T22:00:58.577087+09:00
Venue Loan,110.0,55.0,success,False,2026-08-21T02:07:46.443072+09:00
Venue Locator,1300.0,9.0,success,False,2026-08-18T23:58:46.816942+09:00
Venue Lock,,,failed,False,2026-08-17T21:34:17.965302+09:00
Venue Loop,,,failed,False,2026-08-18T07:52:55.085793+09:00
Venue Manager,3600.0,10.0,success,False,2026-08-17T21:30:24.502544+09:00
Venue Manual,140.0,5.0,success,False,2026-08-27T22:09:48.398152+09:00
Venue Map,880.0,1.0,success,False,2026-08-17T21:33:17.550972+09:00
Venue Margin,,,failed,False,2026-08-23T02:53:45.297778+09:00
Venue Markup,,,failed,False,2026-08-23T16:38:16.847667+09:00
Venue Memo,,,failed,False,2026-08-21T00:25:07.096192+09:00
Venue Message,,,failed,False,2026-08-27T23:10:28.498213+09:00
Venue Meter,50.0,0.0,success,False,2026-08-17T20:34:38.143389+09:00
Venue Metrics,,,failed,False,2026-08-17T23:28:06.508675+09:00
Venue Monitor,10.0,0.0,success,False,2026-08-17T23:27:50.871251+09:00
Venue Navigator,,,failed,False,2026-08-17T23:06:04.469497+09:00
Venue Nexus,,,failed,False,2026-08-17T21:34:50.586670+09:00
Venue Node,,,failed,False,2026-08-17T21:36:52.396982+09:00
Venue Notification,,,failed,False,2026-08-27T22:44:39.489901+09:00
Venue Number,50.0,10.0,success,False,2026-08-23T03:17:02.268689+09:00
Venue Office,70.0,7.0,success,False,2026-08-18T23:59:11.751475+09:00
Venue Ops,1600.0,0.0,success,True,2026-08-17T23:29:01.871676+09:00
Venue Order,10.0,0.0,success,False,2026-08-19T22:00:20.280558+09:00
Venue Organizer,40.0,31.0,success,False,2026-08-17T23:09:54.812310+09:00
Venue Panel,,,failed,False,2026-08-17T20:36:35.862750+09:00
Venue Pass,30.0,0.0,success,False,2026-08-21T00:36:05.920603+09:00
Venue Path,,,failed,False,2026-08-17T21:36:24.237197+09:00
Venue Penalty,,,failed,False,2026-08-23T16:38:14.137829+09:00
Venue Petition,,,failed,False,2026-08-21T00:58:57.845239+09:00
Venue Pilot,320.0,14.0,success,False,2026-08-17T20:43:01.991108+09:00
Venue Plan,390.0,11.0,success,False,2026-08-21T01:51:32.906314+09:00
Venue Planner,390.0,11.0,success,False,2026-08-17T23:15:05.132671+09:00
Venue Playbook,,,failed,False,2026-08-18T22:09:47.268840+09:00
Venue Point,20.0,1.0,success,False,2026-08-17T21:35:18.423759+09:00
Venue Portal,110.0,4.0,success,False,2026-08-17T20:38:24.877008+09:00
Venue Preview,10.0,1.0,success,False,2026-08-28T01:03:40.758183+09:00
Venue Profile,210.0,3.0,success,False,2026-08-19T13:20:57.045829+09:00
Venue Profit,,,failed,False,2026-08-23T02:53:36.421361+09:00
Venue Proposal,720.0,7.0,success,False,2026-08-28T01:03:43.206787+09:00
Venue Pulse,10.0,1.0,success,False,2026-08-17T21:38:35.218560+09:00
Venue Queue,,,failed,False,2026-08-19T21:15:27.386619+09:00
Venue Quota,,,failed,False,2026-08-21T00:25:15.691482+09:00
Venue Radar,,,failed,False,2026-08-17T20:41:20.787117+09:00
Venue Rail,,,failed,False,2026-08-18T07:43:47.974817+09:00
Venue Rate,390.0,8.0,success,False,2026-08-19T20:41:30.953351+09:00
Venue Recap,,,failed,False,2026-08-21T01:00:11.022856+09:00
Venue Receipt,,,failed,False,2026-08-19T22:00:41.038270+09:00
Venue Recorder,,,failed,False,2026-08-27T23:32:49.894310+09:00
Venue Redemption,,,failed,False,2026-08-23T16:38:16.847667+09:00
Venue Register,,,failed,False,2026-08-17T23:13:09.056664+09:00
Venue Registry,,,failed,False,2026-08-18T22:10:18.505365+09:00
Venue Relay,,,failed,False,2026-08-17T20:40:36.395454+09:00
Venue Reminder,,,failed,False,2026-08-19T21:14:39.007898+09:00
Venue Report,320.0,20.0,success,False,2026-08-19T13:34:00.979457+09:00
Venue Repository,,,failed,False,2026-08-27T23:10:37.523000+09:00
Venue Roadmap,,,failed,False,2026-08-18T22:10:59.912583+09:00
Venue Roster,,,failed,False,2026-08-19T00:37:39.570439+09:00
Venue Route,,,failed,False,2026-08-17T20:32:41.344957+09:00
Venue Rule,140.0,0.0,success,False,2026-08-23T03:17:13.101010+09:00
Venue Sale,320.0,13.0,success,False,2026-08-21T02:22:48.105050+09:00
Venue Sample,,,failed,False,2026-08-19T22:01:42.804571+09:00
Venue Scale,30.0,4.0,success,False,2026-08-17T20:33:46.243100+09:00
Venue Scanner,1600.0,37.0,success,False,2026-08-27T23:52:26.282518+09:00
Venue Scheduler,,,failed,False,2026-08-17T23:27:38.183762+09:00
Venue Scope,,,failed,False,2026-08-18T07:52:46.019796+09:00
Venue Sentry,,,failed,False,2026-08-17T21:32:45.123730+09:00
Venue Signal,,,failed,False,2026-08-17T20:33:16.020559+09:00
Venue Signature,,,failed,False,2026-08-23T13:27:11.117738+09:00
Venue Slip,,,failed,False,2026-08-19T22:01:27.807092+09:00
Venue Slot,,,failed,False,2026-08-19T22:01:51.400634+09:00
Venue Snapshot,,,failed,False,2026-08-18T22:10:04.357387+09:00
Venue Stake,,,failed,False,2026-08-23T02:53:42.896171+09:00
Venue Statement,,,failed,False,2026-08-21T00:24:46.055669+09:00
Venue Station,480.0,3.0,success,False,2026-08-17T20:41:50.983322+09:00
Venue Status,10.0,0.0,success,False,2026-08-19T20:40:42.900088+09:00
Venue Stub,,,failed,False,2026-08-21T00:24:39.947545+09:00
Venue Studio,1300.0,10.0,success,False,2026-08-17T20:43:30.530213+09:00
Venue Subsidy,,,failed,False,2026-08-23T15:51:20.195828+09:00
Venue Suite,480.0,4.0,success,False,2026-08-17T23:27:09.313673+09:00
Venue Sum,20.0,1.0,success,False,2026-08-21T02:22:24.634972+09:00
Venue Summary,,,failed,False,2026-08-19T21:14:17.350894+09:00
Venue Sync,,,failed,False,2026-08-17T20:45:48.787557+09:00
Venue Tab,210.0,3.0,success,False,2026-08-21T00:25:29.281502+09:00
Venue Table,70.0,100.0,success,False,2026-08-19T22:01:08.341225+09:00
Venue Tally,,,failed,False,2026-08-21T00:24:54.126348+09:00
Venue Tariff,,,failed,False,2026-08-21T02:38:35.767249+09:00
Venue Tax,40.0,2.0,success,False,2026-08-21T02:07:41.553019+09:00
Venue Ticket,590.0,30.0,success,False,2026-08-19T21:15:17.337039+09:00
Venue Tier,,,failed,False,2026-08-28T00:46:36.452526+09:00
Venue Timeline,,,failed,False,2026-08-19T21:14:27.953850+09:00
Venue Timer,,,failed,False,2026-08-28T00:22:36.820060+09:00
Venue Toll,,,failed,False,2026-08-21T02:38:28.246618+09:00
Venue Toolbox,40.0,3.0,success,False,2026-08-28T00:22:49.083106+09:00
Venue Toolkit,,,failed,False,2026-08-18T22:09:39.839296+09:00
Venue Total,,,failed,False,2026-08-27T23:10:31.050648+09:00
Venue Tracker,30.0,62.0,success,False,2026-08-17T20:46:49.856300+09:00
Venue Trail,,,failed,False,2026-08-17T21:41:31.698252+09:00
Venue Trend,20.0,0.0,success,False,2026-08-28T01:03:37.882161+09:00
Venue Trial,,,failed,False,2026-08-27T21:15:31.900187+09:00
Venue Unit,,,failed,False,2026-08-21T01:51:26.021065+09:00
Venue Update,70.0,0.0,success,False,2026-08-19T20:41:37.796650+09:00
Venue Value,10.0,4.0,success,False,2026-08-23T02:53:39.940635+09:00
Venue Vault,70.0,2.0,success,False,2026-08-17T20:39:49.091027+09:00
Venue Version,,,failed,False,2026-08-23T03:17:04.760167+09:00
Venue View,110.0,3.0,success,False,2026-08-19T20:40:53.028403+09:00
Venue Voucher,20.0,5.0,success,False,2026-08-21T00:36:11.342304+09:00
Venue Watch,90.0,92.0,success,False,2026-08-17T20:32:03.329355+09:00
Venue Wave,,,failed,False,2026-08-17T21:37:26.190503+09:00
Venue Widget,,,failed,False,2026-08-27T23:10:34.837044+09:00
Venue Workbench,,,failed,False,2026-08-18T22:09:32.067298+09:00
Venue Worksheet,,,failed,False,2026-08-27T22:09:51.279815+09:00
Venue Zone,30.0,1.0,success,False,2026-08-17T20:39:20.129592+09:00
Verification Advisory,,,failed,False,2026-08-21T01:03:02.120644+09:00
Verification Alert,20.0,18.0,success,False,2026-08-21T00:07:02.641295+09:00
Verification Allowance,,,failed,False,2026-08-21T02:42:09.091272+09:00
Verification Analyzer,,,failed,False,2026-08-27T23:52:22.402919+09:00
Verification Announcement,,,failed,False,2026-08-27T23:31:58.292490+09:00
Verification Assistant,20.0,0.0,success,False,2026-08-21T00:05:36.511484+09:00
Verification Atlas,,,failed,False,2026-08-21T00:05:21.567045+09:00
Verification Badge,18100.0,0.0,success,True,2026-08-21T00:26:21.311990+09:00
Verification Base,,,failed,False,2026-08-21T00:10:55.494824+09:00
Verification Bay,,,failed,False,2026-08-21T00:06:39.076451+09:00
Verification Beacon,,,failed,False,2026-08-21T00:10:10.668873+09:00
Verification Bill,,,failed,False,2026-08-21T00:09:09.007645+09:00
Verification Board,50.0,0.0,success,False,2026-08-21T00:11:07.276592+09:00
Verification Book,30.0,0.0,success,False,2026-08-21T00:09:26.936437+09:00
Verification Booth,,,failed,False,2026-08-21T00:06:31.070365+09:00
Verification Bridge,,,failed,False,2026-08-21T00:10:17.224400+09:00
Verification Brief,,,failed,False,2026-08-21T01:02:06.881859+09:00
Verification Bulletin,,,failed,False,2026-08-21T01:02:00.042656+09:00
Verification Calendar,,,failed,False,2026-08-21T00:06:08.424463+09:00
Verification Card,2400.0,1.0,success,False,2026-08-21T00:07:41.757493+09:00
Verification Cascade,,,failed,False,2026-08-21T00:10:14.810334+09:00
Verification Cash,,,failed,False,2026-08-21T02:25:09.393326+09:00
Verification Category,,,failed,False,2026-08-23T13:10:06.026404+09:00
Verification Center,210.0,0.0,success,False,2026-08-21T00:11:23.626216+09:00
Verification Chain,,,failed,False,2026-08-21T00:12:01.439565+09:00
Verification Charge,70.0,0.0,success,False,2026-08-21T02:41:56.534428+09:00
Verification Chart,,,failed,False,2026-08-21T00:07:05.249232+09:00
Verification Check,5400.0,5.0,success,False,2026-08-21T00:07:47.780593+09:00
Verification Checker,5400.0,5.0,success,False,2026-08-27T23:52:10.807826+09:00
Verification Circular,,,failed,False,2026-08-21T01:02:59.724963+09:00
Verification Code,49500.0,3.0,success,False,2026-08-21T00:09:15.337380+09:00
Verification Comparison,,,failed,False,2026-08-28T01:04:14.556573+09:00
Verification Confirmation,590.0,0.0,success,False,2026-08-21T01:02:18.161248+09:00
Verification Console,,,failed,False,2026-08-21T00:11:37.455869+09:00
Verification Core,,,failed,False,2026-08-21T00:10:58.171885+09:00
Verification Cost,110.0,2.0,success,False,2026-08-21T02:07:58.916446+09:00
Verification Count,,,failed,False,2026-08-27T22:51:22.989955+09:00
Verification Counter,,,failed,False,2026-08-21T00:06:22.845965+09:00
Verification Deal,,,failed,False,2026-08-21T01:50:16.047866+09:00
Verification Debt,140.0,7.0,success,False,2026-08-21T02:25:01.097647+09:00
Verification Deck,,,failed,False,2026-08-21T00:11:09.626115+09:00
Verification Desk,,,failed,False,2026-08-21T00:09:56.547234+09:00
Verification Detail,,,failed,False,2026-08-23T03:23:22.521378+09:00
Verification Detector,,,failed,False,2026-08-27T23:52:16.469073+09:00
Verification Diagram,20.0,0.0,success,False,2026-08-27T22:13:27.898794+09:00
Verification Directory,,,failed,False,2026-08-21T00:06:10.990572+09:00
Verification Dossier,30.0,2.0,success,False,2026-08-21T01:03:10.607434+09:00
Verification Downpayment,,,failed,False,2026-08-27T21:49:04.119579+09:00
Verification Draft,20.0,0.0,success,False,2026-08-21T00:08:39.923175+09:00
Verification Due,10.0,5.0,success,False,2026-08-23T15:51:36.784233+09:00
Verification Duty,,,failed,False,2026-08-21T02:41:59.910977+09:00
Verification Engine,10.0,2.0,success,False,2026-08-21T00:05:32.052210+09:00
Verification Entry,,,failed,False,2026-08-21T01:03:23.160959+09:00
Verification Estimate,,,failed,False,2026-08-21T00:09:00.299581+09:00
Verification Estimator,,,failed,False,2026-08-27T23:52:08.286767+09:00
Verification Excerpt,,,failed,False,2026-08-21T01:03:18.814008+09:00
Verification Extension,20.0,1.0,success,False,2026-08-23T16:39:10.446274+09:00
Verification Fare,,,failed,False,2026-08-21T02:08:07.470140+09:00
Verification Fee,260.0,0.0,success,False,2026-08-21T02:00:06.443014+09:00
Verification Feed,,,failed,False,2026-08-21T00:08:35.535549+09:00
Verification Field,50.0,0.0,success,False,2026-08-23T13:10:08.705068+09:00
Verification File,880.0,0.0,success,False,2026-08-21T00:08:22.856324+09:00
Verification Fine,,,failed,False,2026-08-23T02:57:13.068042+09:00
Verification Flag,,,failed,False,2026-08-21T00:26:55.838634+09:00
Verification Flow,50.0,1.0,success,False,2026-08-21T00:09:46.713564+09:00
Verification Forge,,,failed,False,2026-08-21T00:10:12.835483+09:00
Verification Form,1300.0,1.0,success,False,2026-08-21T00:07:38.957051+09:00
Verification Format,1300.0,1.0,success,False,2026-08-23T13:10:10.835682+09:00
Verification Frame,,,failed,False,2026-08-21T00:10:51.522547+09:00
Verification Fund,,,failed,False,2026-08-21T02:25:03.924004+09:00
Verification Gate,20.0,5.0,success,False,2026-08-19T22:41:50.846543+09:00
Verification Generator,20.0,3.0,success,False,2026-08-27T23:32:01.853038+09:00
Verification Grade,,,failed,False,2026-08-21T00:26:41.627536+09:00
Verification Graph,,,failed,False,2026-08-27T22:13:16.015424+09:00
Verification Grid,,,failed,False,2026-08-21T00:10:34.597077+09:00
Verification Guarantee,,,failed,False,2026-08-28T01:04:22.068071+09:00
Verification Guardian,,,failed,False,2026-08-28T00:22:52.095414+09:00
Verification Helpdesk,,,failed,False,2026-08-27T22:51:22.989955+09:00
Verification Helper,,,failed,False,2026-08-28T00:22:57.445324+09:00
Verification History,30.0,0.0,success,False,2026-08-21T00:08:16.662845+09:00
Verification Hub,140.0,6.0,success,False,2026-08-21T00:09:53.180945+09:00
Verification Identifier,,,failed,False,2026-08-23T13:10:06.026404+09:00
Verification Inbox,10.0,0.0,success,False,2026-08-21T00:06:59.654665+09:00
Verification Index,40.0,0.0,success,False,2026-08-21T00:08:53.382830+09:00
Verification Item,50.0,0.0,success,False,2026-08-21T02:00:08.168331+09:00
Verification Journal,,,failed,False,2026-08-21T00:06:02.924923+09:00
Verification Keeper,,,failed,False,2026-08-21T00:05:23.895920+09:00
Verification Kit,20.0,0.0,success,False,2026-08-27T22:51:07.925641+09:00
Verification Lab,,,failed,False,2026-08-21T00:11:15.329507+09:00
Verification Label,320.0,22.0,success,False,2026-08-27T22:13:16.015424+09:00
Verification Ledger,,,failed,False,2026-08-21T00:11:01.156571+09:00
Verification Level,70.0,1.0,success,False,2026-08-21T00:08:26.557259+09:00
Verification Line,50.0,3.0,success,False,2026-08-21T00:07:16.411531+09:00
Verification Link,6600.0,5.0,success,False,2026-08-23T03:23:15.682212+09:00
Verification List,90.0,0.0,success,False,2026-08-21T00:09:19.692750+09:00
Verification Loan,210.0,35.0,success,False,2026-08-21T02:08:15.230542+09:00
Verification Lobby,,,failed,False,2026-08-21T00:07:13.344965+09:00
Verification Locator,,,failed,False,2026-08-21T00:06:15.045348+09:00
Verification Locker,,,failed,False,2026-08-21T00:06:28.229778+09:00
Verification Log,390.0,0.0,success,False,2026-08-21T00:07:33.633888+09:00
Verification Loop,70.0,0.0,success,False,2026-08-21T00:10:31.102119+09:00
Verification Manager,390.0,1.0,success,False,2026-08-21T00:05:26.838977+09:00
Verification Manual,30.0,1.0,success,False,2026-08-27T22:13:20.966698+09:00
Verification Map,,,failed,False,2026-08-21T00:10:48.719546+09:00
Verification Marker,,,failed,False,2026-08-23T13:26:46.141852+09:00
Verification Memo,,,failed,False,2026-08-21T00:26:43.816315+09:00
Verification Message,390.0,0.0,success,False,2026-08-27T23:16:56.229281+09:00
Verification Monitor,,,failed,False,2026-08-21T00:05:45.974525+09:00
Verification Note,70.0,0.0,success,False,2026-08-21T00:07:59.311862+09:00
Verification Notification,30.0,0.0,success,False,2026-08-27T22:51:07.925641+09:00
Verification Number,12100.0,18.0,success,False,2026-08-23T03:23:07.645674+09:00
Verification Office,140.0,1.0,success,False,2026-08-21T00:06:19.535864+09:00
Verification Ops,,,failed,False,2026-08-21T00:05:56.272120+09:00
Verification Order,70.0,0.0,success,False,2026-08-21T00:09:02.871951+09:00
Verification Outpost,,,failed,False,2026-08-21T00:06:45.845117+09:00
Verification Overage,,,failed,False,2026-08-27T21:48:59.482652+09:00
Verification Overdue,,,failed,False,2026-08-27T21:48:54.950777+09:00
Verification Panel,20.0,7.0,success,False,2026-08-21T00:11:41.126262+09:00
Verification Pass,2900.0,1.0,success,False,2026-08-21T00:26:10.737162+09:00
Verification Passport,8100.0,2.0,success,False,2026-08-21T00:07:10.102459+09:00
Verification Path,,,failed,False,2026-08-21T00:10:41.968767+09:00
Verification Payoff,,,failed,False,2026-08-27T21:48:57.191063+09:00
Verification Petition,10.0,0.0,success,False,2026-08-21T01:02:15.382494+09:00
Verification Plan,210.0,1.0,success,False,2026-08-21T01:50:11.823899+09:00
Verification Planner,,,failed,False,2026-08-21T00:05:39.660885+09:00
Verification Playbook,,,failed,False,2026-08-21T00:05:58.957091+09:00
Verification Plaza,,,failed,False,2026-08-21T00:06:48.646021+09:00
Verification Point,70.0,2.0,success,False,2026-08-21T00:10:46.000113+09:00
Verification Portal,1000.0,1.0,success,False,2026-08-21T00:11:33.849438+09:00
Verification Post,140.0,0.0,success,False,2026-08-21T00:06:41.845552+09:00
Verification Preview,,,failed,False,2026-08-28T01:04:19.597729+09:00
Verification Profile,1000.0,1.0,success,False,2026-08-21T00:08:06.282154+09:00
Verification Profit,,,failed,False,2026-08-23T02:57:04.274468+09:00
Verification Proposal,,,failed,False,2026-08-28T01:04:22.068071+09:00
Verification Quota,,,failed,False,2026-08-21T00:26:49.726902+09:00
Verification Radar,20.0,0.0,success,False,2026-08-21T00:09:59.655575+09:00
Verification Rail,,,failed,False,2026-08-21T00:11:51.224044+09:00
Verification Rate,10.0,0.0,success,False,2026-08-21T00:08:29.674648+09:00
Verification Recap,,,failed,False,2026-08-21T01:03:15.171952+09:00
Verification Receipt,2400.0,1.0,success,False,2026-08-21T00:09:11.987938+09:00
Verification Recorder,,,failed,False,2026-08-27T23:32:06.818889+09:00
Verification Register,390.0,2.0,success,False,2026-08-21T00:05:53.181576+09:00
Verification Relay,,,failed,False,2026-08-21T00:10:01.982446+09:00
Verification Reminder,70.0,0.0,success,False,2026-08-21T00:08:50.298724+09:00
Verification Report,480.0,0.0,success,False,2026-08-21T00:07:30.087170+09:00
Verification Repository,,,failed,False,2026-08-27T23:09:53.622041+09:00
Verification Result,880.0,0.0,success,False,2026-08-28T00:46:47.850580+09:00
Verification Ring,10.0,0.0,success,False,2026-08-21T00:12:04.000178+09:00
Verification Roll,70.0,0.0,success,False,2026-08-21T00:07:26.703840+09:00
Verification Roster,,,failed,False,2026-08-21T00:06:57.541230+09:00
Verification Route,,,failed,False,2026-08-21T00:11:47.014910+09:00
Verification Rule,30.0,2.0,success,False,2026-08-23T03:23:19.130954+09:00
Verification Sale,,,failed,False,2026-08-21T02:25:13.538662+09:00
Verification Sample,210.0,0.0,success,False,2026-08-21T00:09:36.388404+09:00
Verification Scale,20.0,6.0,success,False,2026-08-21T00:11:44.764762+09:00
Verification Scanner,90.0,25.0,success,False,2026-08-27T23:52:13.665480+09:00
Verification Scope,,,failed,False,2026-08-21T00:10:27.698876+09:00
Verification Score,110.0,7.0,success,False,2026-08-21T00:07:55.712848+09:00
Verification Sheet,90.0,0.0,success,False,2026-08-21T00:07:44.849905+09:00
Verification Shortfall,,,failed,False,2026-08-27T21:49:06.270483+09:00
Verification Signal,,,failed,False,2026-08-21T00:10:20.448306+09:00
Verification Signature,2400.0,5.0,success,False,2026-08-23T13:26:43.446955+09:00
Verification Slip,720.0,4.0,success,False,2026-08-21T00:09:30.468859+09:00
Verification Slot,,,failed,False,2026-08-21T00:09:38.850867+09:00
Verification Stage,90.0,0.0,success,False,2026-08-28T00:46:47.850580+09:00
Verification Stake,10.0,0.0,success,False,2026-08-23T02:57:10.108047+09:00
Verification Stamp,1300.0,30.0,success,False,2026-08-23T13:26:46.141852+09:00
Verification Statement,480.0,1.0,success,False,2026-08-21T00:26:30.376720+09:00
Verification Station,20.0,1.0,success,False,2026-08-21T00:11:18.069642+09:00
Verification Status,880.0,0.0,success,False,2026-08-21T00:08:09.199254+09:00
Verification Studio,,,failed,False,2026-08-21T00:11:12.755377+09:00
Verification Sum,,,failed,False,2026-08-21T02:24:56.488655+09:00
Verification Summary,30.0,0.0,success,False,2026-08-21T00:08:43.301972+09:00
Verification Tab,210.0,0.0,success,False,2026-08-21T00:27:06.966469+09:00
Verification Table,40.0,0.0,success,False,2026-08-21T00:09:23.484193+09:00
Verification Tag,480.0,1.0,success,False,2026-08-21T00:08:03.129328+09:00
Verification Tally,,,failed,False,2026-08-21T00:26:36.041366+09:00
Verification Tariff,,,failed,False,2026-08-21T02:42:11.511377+09:00
Verification Tax,4400.0,0.0,success,True,2026-08-21T02:08:11.666475+09:00
Verification Terminal,,,failed,False,2026-08-21T00:11:21.339663+09:00
Verification Ticker,,,failed,False,2026-08-21T00:07:13.344965+09:00
Verification Ticket,49500.0,0.0,success,True,2026-08-21T00:08:56.538180+09:00
Verification Timeline,,,failed,False,2026-08-21T00:08:47.899784+09:00
Verification Timer,,,failed,False,2026-08-28T00:22:42.376773+09:00
Verification Toll,,,failed,False,2026-08-21T02:42:06.283895+09:00
Verification Toolbox,,,failed,False,2026-08-28T00:22:54.713063+09:00
Verification Total,,,failed,False,2026-08-27T23:16:56.229281+09:00
Verification Tower,,,failed,False,2026-08-21T00:06:52.239933+09:00
Verification Tracker,320.0,1.0,success,False,2026-08-21T00:09:42.716549+09:00
Verification Trail,,,failed,False,2026-08-21T00:11:53.848385+09:00
Verification Trend,90.0,2.0,success,False,2026-08-28T01:04:14.556573+09:00
Verification Trial,,,failed,False,2026-08-27T21:17:47.451913+09:00
Verification Unit,50.0,1.0,success,False,2026-08-21T01:50:02.348824+09:00
Verification Update,140.0,0.0,success,False,2026-08-21T00:08:32.112101+09:00
Verification Value,110.0,0.0,success,False,2026-08-23T02:57:06.282457+09:00
Verification Vault,260.0,2.0,success,False,2026-08-21T00:10:06.230079+09:00
Verification Version,,,failed,False,2026-08-23T03:23:11.854221+09:00
Verification View,,,failed,False,2026-08-21T00:08:12.228304+09:00
Verification Wallet,110.0,9.0,success,False,2026-08-27T22:51:13.312396+09:00
Verification Watch,,,failed,False,2026-08-21T00:10:23.316441+09:00
Verification Wave,,,failed,False,2026-08-21T00:10:39.439345+09:00
Verification Widget,,,failed,False,2026-08-27T23:17:00.312671+09:00
Verification Window,50.0,0.0,success,False,2026-08-21T00:07:19.615144+09:00
Verification Worksheet,50.0,1.0,success,False,2026-08-27T22:13:24.343596+09:00
Verification Yard,,,failed,False,2026-08-21T00:06:35.659041+09:00
Verification Zone,30.0,0.0,success,False,2026-08-21T00:11:27.452285+09:00
Vessel Advance,480.0,0.0,success,False,2026-08-23T16:16:21.487176+09:00
Vessel Advisory,10.0,24.0,success,False,2026-08-21T01:06:23.582625+09:00
Vessel Allowance,20.0,0.0,success,False,2026-08-21T02:43:37.252901+09:00
Vessel Almanac,,,failed,False,2026-08-18T22:09:07.653451+09:00
Vessel Analyzer,,,failed,False,2026-08-27T23:58:14.186756+09:00
Vessel Anchor,170.0,2.0,success,False,2026-08-17T23:05:41.457486+09:00
Vessel Announcement,10.0,,success,False,2026-08-27T23:36:17.600549+09:00
Vessel Arrears,,,failed,False,2026-08-23T16:16:21.487176+09:00
Vessel Asset,,,failed,False,2026-08-23T13:48:04.421871+09:00
Vessel Assistant,,,failed,False,2026-08-17T23:06:24.757707+09:00
Vessel Atlas,170.0,0.0,success,False,2026-08-17T23:10:08.054607+09:00
Vessel Attribute,,,failed,False,2026-08-23T13:09:03.594529+09:00
Vessel Badge,,,failed,False,2026-08-21T00:33:39.786796+09:00
Vessel Base,50.0,0.0,success,False,2026-08-17T23:05:14.518937+09:00
Vessel Beacon,,,failed,False,2026-08-17T23:03:55.937111+09:00
Vessel Bill,,,failed,False,2026-08-19T21:59:35.883958+09:00
Vessel Blueprint,40.0,0.0,success,False,2026-08-18T22:08:59.053528+09:00
Vessel Board,70.0,3.0,success,False,2026-08-17T23:32:49.252049+09:00
Vessel Book,110.0,6.0,success,False,2026-08-19T22:00:26.290780+09:00
Vessel Bridge,880.0,0.0,success,False,2026-08-17T23:30:19.900529+09:00
Vessel Brief,,,failed,False,2026-08-21T01:06:13.819084+09:00
Vessel Bulletin,,,failed,False,2026-08-21T01:06:10.948985+09:00
Vessel Calendar,90.0,1.0,success,False,2026-08-18T23:59:57.747609+09:00
Vessel Card,20.0,0.0,success,False,2026-08-19T13:32:07.571238+09:00
Vessel Cascade,30.0,42.0,success,False,2026-08-17T23:11:08.683373+09:00
Vessel Cash,,,failed,False,2026-08-21T02:28:33.010940+09:00
Vessel Cashback,,,failed,False,2026-08-27T21:18:29.046782+09:00
Vessel Catalog,50.0,6.0,success,False,2026-08-19T21:17:38.869284+09:00
Vessel Category,50.0,1.0,success,False,2026-08-23T13:09:00.936814+09:00
Vessel Center,10.0,3.0,success,False,2026-08-17T23:33:25.716051+09:00
Vessel Chain,40.0,0.0,success,False,2026-08-17T23:24:58.944526+09:00
Vessel Charge,110.0,10.0,success,False,2026-08-21T02:43:28.304823+09:00
Vessel Check,880.0,7.0,success,False,2026-08-19T13:32:25.938189+09:00
Vessel Checker,880.0,7.0,success,False,2026-08-27T23:58:05.711455+09:00
Vessel Checklist,10.0,0.0,success,False,2026-08-19T21:16:41.047984+09:00
Vessel Circular,,,failed,False,2026-08-21T01:06:19.538829+09:00
Vessel Cockpit,,,failed,False,2026-08-17T23:27:34.340862+09:00
Vessel Code,170.0,0.0,success,False,2026-08-19T21:59:55.438905+09:00
Vessel Codex,,,failed,False,2026-08-18T22:09:23.803071+09:00
Vessel Companion,,,failed,False,2026-08-17T23:04:12.037031+09:00
Vessel Comparison,20.0,0.0,success,False,2026-08-28T01:08:15.051453+09:00
Vessel Compass,3600.0,1.0,success,False,2026-08-17T23:29:49.351305+09:00
Vessel Compendium,,,failed,False,2026-08-18T22:09:15.023895+09:00
Vessel Confirmation,10.0,0.0,success,False,2026-08-21T01:06:33.871335+09:00
Vessel Console,10.0,0.0,success,False,2026-08-17T23:10:31.513884+09:00
Vessel Contribution,,,failed,False,2026-08-23T16:16:17.008573+09:00
Vessel Core,720.0,4.0,success,False,2026-08-17T23:32:34.743858+09:00
Vessel Cost,110.0,5.0,success,False,2026-08-21T02:12:54.787375+09:00
Vessel Count,,,failed,False,2026-08-27T22:50:16.948494+09:00
Vessel Counter,30.0,92.0,success,False,2026-08-19T00:00:51.306672+09:00
Vessel Coupon,260.0,82.0,success,False,2026-08-27T21:18:29.046782+09:00
Vessel Dashboard,40.0,9.0,success,False,2026-08-17T23:09:52.206266+09:00
Vessel Deal,10.0,50.0,success,False,2026-08-21T02:05:57.421169+09:00
Vessel Debt,,,failed,False,2026-08-21T02:28:25.181498+09:00
Vessel Deck,170.0,0.0,success,False,2026-08-17T23:07:07.612411+09:00
Vessel Depot,10.0,0.0,success,False,2026-08-19T00:00:34.964613+09:00
Vessel Desk,20.0,95.0,success,False,2026-08-17T23:29:14.907859+09:00
Vessel Detail,480.0,4.0,success,False,2026-08-23T03:22:39.014022+09:00
Vessel Detector,20.0,11.0,success,False,2026-08-27T23:58:08.716476+09:00
Vessel Diagram,480.0,0.0,success,False,2026-08-27T22:14:08.565651+09:00
Vessel Dial,,,failed,False,2026-08-17T23:04:50.362686+09:00
Vessel Digest,,,failed,False,2026-08-19T20:45:45.249853+09:00
Vessel Directory,10.0,0.0,success,False,2026-08-19T00:00:08.120656+09:00
Vessel Discount,50.0,88.0,success,False,2026-08-23T16:16:13.507688+09:00
Vessel Dock,320.0,0.0,success,False,2026-08-17T23:06:43.544679+09:00
Vessel Dossier,,,failed,False,2026-08-21T01:06:42.544203+09:00
Vessel Downpayment,,,failed,False,2026-08-27T21:49:35.975851+09:00
Vessel Draft,720.0,0.0,success,False,2026-08-19T20:45:56.516624+09:00
Vessel Due,40500.0,7.0,success,False,2026-08-23T15:52:40.502270+09:00
Vessel Duty,,,failed,False,2026-08-21T02:43:30.904154+09:00
Vessel Engine,170.0,4.0,success,False,2026-08-17T23:26:34.514876+09:00
Vessel Entry,110.0,8.0,success,False,2026-08-21T01:06:56.173532+09:00
Vessel Estimate,,,failed,False,2026-08-19T21:17:29.124164+09:00
Vessel Estimator,,,failed,False,2026-08-27T23:58:03.075368+09:00
Vessel Excerpt,,,failed,False,2026-08-21T01:06:48.856434+09:00
Vessel Fare,10.0,0.0,success,False,2026-08-21T02:12:59.494269+09:00
Vessel Fee,30.0,1.0,success,False,2026-08-21T01:57:30.255883+09:00
Vessel Feed,,,failed,False,2026-08-19T20:45:50.851524+09:00
Vessel Field,,,failed,False,2026-08-23T13:09:05.713550+09:00
Vessel File,,,failed,False,2026-08-19T20:45:12.440392+09:00
Vessel Finder,450000.0,1.0,success,False,2026-08-19T00:00:25.348270+09:00
Vessel Fine,,,failed,False,2026-08-23T02:57:30.156609+09:00
Vessel Flag,590.0,4.0,success,False,2026-08-21T00:34:18.922168+09:00
Vessel Flow,50.0,3.0,success,False,2026-08-17T23:13:04.753315+09:00
Vessel Forge,210.0,0.0,success,False,2026-08-17T23:30:05.459796+09:00
Vessel Form,110.0,0.0,success,False,2026-08-19T13:31:59.823844+09:00
Vessel Format,,,failed,False,2026-08-23T13:09:07.907049+09:00
Vessel Frame,20.0,4.0,success,False,2026-08-17T23:32:21.137516+09:00
Vessel Fund,,,failed,False,2026-08-21T02:28:28.588606+09:00
Vessel Gate,30.0,7.0,success,False,2026-08-17T23:15:18.258563+09:00
Vessel Giveaway,,,failed,False,2026-08-27T21:18:45.597821+09:00
Vessel Grade,,,failed,False,2026-08-21T00:34:04.071728+09:00
Vessel Graph,,,failed,False,2026-08-27T22:13:56.258937+09:00
Vessel Grid,,,failed,False,2026-08-17T23:31:12.330432+09:00
Vessel Guard,70.0,5.0,success,False,2026-08-17T23:28:17.323230+09:00
Vessel Guardian,20.0,0.0,success,False,2026-08-28T00:26:55.262283+09:00
Vessel Guidebook,,,failed,False,2026-08-18T22:08:40.228889+09:00
Vessel Helpdesk,,,failed,False,2026-08-27T22:50:21.429751+09:00
Vessel Helper,,,failed,False,2026-08-28T00:26:57.692425+09:00
Vessel History,210.0,2.0,success,False,2026-08-19T20:45:06.240403+09:00
Vessel Hotline,,,failed,False,2026-08-19T21:17:47.761016+09:00
Vessel Hub,,,failed,False,2026-08-17T23:28:58.984040+09:00
Vessel Identifier,590.0,2.0,success,False,2026-08-23T13:08:56.247878+09:00
Vessel Incentive,,,failed,False,2026-08-27T21:18:45.597821+09:00
Vessel Index,140.0,0.0,success,False,2026-08-19T21:16:53.658254+09:00
Vessel Insight,70.0,27.0,success,False,2026-08-17T23:27:21.585941+09:00
Vessel Installment,,,failed,False,2026-08-23T16:16:13.507688+09:00
Vessel Interest,,,failed,False,2026-08-23T13:48:00.316866+09:00
Vessel Item,70.0,3.0,success,False,2026-08-21T01:57:34.337774+09:00
Vessel Journal,20.0,39.0,success,False,2026-08-18T22:08:25.868252+09:00
Vessel Keeper,30.0,82.0,success,False,2026-08-17T23:04:29.933530+09:00
Vessel Kit,50.0,89.0,success,False,2026-08-27T22:50:09.773795+09:00
Vessel Lab,110.0,19.0,success,False,2026-08-17T23:14:05.238044+09:00
Vessel Layout,40.0,2.0,success,False,2026-08-27T22:29:20.594574+09:00
Vessel Ledger,,,failed,False,2026-08-17T23:12:24.724350+09:00
Vessel Lens,,,failed,False,2026-08-17T23:10:49.091693+09:00
Vessel Level,10.0,0.0,success,False,2026-08-19T20:45:21.816276+09:00
Vessel Levy,,,failed,False,2026-08-23T13:48:04.421871+09:00
Vessel Link,210.0,17.0,success,False,2026-08-23T03:22:30.618913+09:00
Vessel List,480.0,1.0,success,False,2026-08-19T22:00:04.199605+09:00
Vessel Loan,20.0,17.0,success,False,2026-08-21T02:13:09.073610+09:00
Vessel Locator,1300.0,5.0,success,False,2026-08-19T00:00:16.279363+09:00
Vessel Lock,30.0,0.0,success,False,2026-08-17T22:51:32.586910+09:00
Vessel Log,40.0,4.0,success,False,2026-08-19T13:31:50.431005+09:00
Vessel Loop,5400.0,11.0,success,False,2026-08-17T23:07:32.474026+09:00
Vessel Manager,320.0,3.0,success,False,2026-08-17T23:26:20.273293+09:00
Vessel Manual,10.0,0.0,success,False,2026-08-27T22:14:02.180893+09:00
Vessel Map,1600.0,3.0,success,False,2026-08-17T23:32:05.926406+09:00
Vessel Markup,,,failed,False,2026-08-23T16:39:53.377709+09:00
Vessel Memo,,,failed,False,2026-08-21T00:34:09.449100+09:00
Vessel Message,10.0,0.0,success,False,2026-08-27T23:15:36.970228+09:00
Vessel Meter,,,failed,False,2026-08-17T23:23:57.574570+09:00
Vessel Metrics,,,failed,False,2026-08-17T23:15:02.433018+09:00
Vessel Monitor,260.0,36.0,success,False,2026-08-17T23:08:08.981233+09:00
Vessel Navigator,260.0,3.0,success,False,2026-08-17T23:27:48.723968+09:00
Vessel Nexus,,,failed,False,2026-08-17T23:25:51.814430+09:00
Vessel Node,,,failed,False,2026-08-17T23:25:33.384672+09:00
Vessel Note,,,failed,False,2026-08-19T13:32:45.255500+09:00
Vessel Notification,,,failed,False,2026-08-27T22:50:07.511114+09:00
Vessel Number,590.0,16.0,success,False,2026-08-23T03:22:22.094995+09:00
Vessel Office,10.0,0.0,success,False,2026-08-19T00:00:40.903706+09:00
Vessel Ops,1300.0,2.0,success,False,2026-08-17T23:11:27.104300+09:00
Vessel Order,30.0,10.0,success,False,2026-08-19T21:59:23.737982+09:00
Vessel Organizer,320.0,100.0,success,False,2026-08-17T23:27:06.990402+09:00
Vessel Overage,,,failed,False,2026-08-27T21:49:33.781529+09:00
Vessel Overdue,,,failed,False,2026-08-27T21:49:31.660766+09:00
Vessel Panel,,,failed,False,2026-08-17T23:23:41.484558+09:00
Vessel Pass,,,failed,False,2026-08-21T00:33:28.430853+09:00
Vessel Path,,,failed,False,2026-08-17T23:09:15.899406+09:00
Vessel Payoff,,,failed,False,2026-08-27T21:49:31.660766+09:00
Vessel Penalty,,,failed,False,2026-08-23T16:39:50.503833+09:00
Vessel Petition,,,failed,False,2026-08-21T01:06:30.195338+09:00
Vessel Pilot,2400.0,1.0,success,False,2026-08-17T23:07:51.294970+09:00
Vessel Plan,590.0,3.0,success,False,2026-08-21T01:57:40.883576+09:00
Vessel Planner,590.0,3.0,success,False,2026-08-17T23:26:50.492047+09:00
Vessel Playbook,,,failed,False,2026-08-18T22:08:17.707470+09:00
Vessel Point,10.0,2.0,success,False,2026-08-17T23:31:45.267981+09:00
Vessel Portal,20.0,2.0,success,False,2026-08-17T23:23:24.651550+09:00
Vessel Profile,50.0,2.0,success,False,2026-08-19T13:32:58.947587+09:00
Vessel Profit,,,failed,False,2026-08-23T02:57:19.456946+09:00
Vessel Proposal,,,failed,False,2026-08-28T01:08:17.879931+09:00
Vessel Pulse,,,failed,False,2026-08-17T23:14:25.326532+09:00
Vessel Queue,,,failed,False,2026-08-19T21:17:18.865865+09:00
Vessel Quota,,,failed,False,2026-08-21T00:34:14.211470+09:00
Vessel Radar,4400.0,6.0,success,False,2026-08-17T23:14:44.117441+09:00
Vessel Rail,10.0,0.0,success,False,2026-08-17T23:24:40.372556+09:00
Vessel Rate,40.0,6.0,success,False,2026-08-19T20:45:29.456295+09:00
Vessel Recap,,,failed,False,2026-08-21T01:06:45.397337+09:00
Vessel Receipt,,,failed,False,2026-08-19T21:59:46.400279+09:00
Vessel Recorder,,,failed,False,2026-08-27T23:36:23.122509+09:00
Vessel Register,1000.0,6.0,success,False,2026-08-17T23:28:04.378663+09:00
Vessel Registry,1000.0,6.0,success,False,2026-08-18T22:08:50.050771+09:00
Vessel Relay,,,failed,False,2026-08-17T23:29:31.685360+09:00
Vessel Reminder,,,failed,False,2026-08-19T21:16:30.496623+09:00
Vessel Report,170.0,6.0,success,False,2026-08-19T13:31:44.608385+09:00
Vessel Roadmap,,,failed,False,2026-08-18T22:09:32.067298+09:00
Vessel Roster,,,failed,False,2026-08-19T00:37:42.157517+09:00
Vessel Route,390.0,11.0,success,False,2026-08-17T23:24:19.906640+09:00
Vessel Rule,,,failed,False,2026-08-23T03:22:34.004366+09:00
Vessel Sale,1000.0,37.0,success,False,2026-08-21T02:28:36.980709+09:00
Vessel Sample,,,failed,False,2026-08-19T22:00:47.598420+09:00
Vessel Scale,20.0,1.0,success,False,2026-08-17T23:12:05.919804+09:00
Vessel Scanner,140.0,10.0,success,False,2026-08-27T23:58:05.711455+09:00
Vessel Scheduler,9900.0,2.0,success,False,2026-08-17T23:13:24.499414+09:00
Vessel Schematic,,,failed,False,2026-08-27T22:29:20.594574+09:00
Vessel Scope,,,failed,False,2026-08-17T23:30:49.193189+09:00
Vessel Score,,,failed,False,2026-08-19T13:32:37.235735+09:00
Vessel Sentry,,,failed,False,2026-08-17T23:26:06.305227+09:00
Vessel Sheet,20.0,0.0,success,False,2026-08-19T13:32:18.631834+09:00
Vessel Shortfall,,,failed,False,2026-08-27T21:49:35.975851+09:00
Vessel Signal,10.0,1.0,success,False,2026-08-17T23:30:33.375533+09:00
Vessel Signature,20.0,100.0,success,False,2026-08-23T13:28:03.127667+09:00
Vessel Slip,20.0,0.0,success,False,2026-08-19T22:00:37.818778+09:00
Vessel Slot,10.0,0.0,success,False,2026-08-19T22:00:55.317910+09:00
Vessel Snapshot,,,failed,False,2026-08-18T22:08:32.701996+09:00
Vessel Stake,,,failed,False,2026-08-23T02:57:27.142882+09:00
Vessel Statement,,,failed,False,2026-08-21T00:33:53.387508+09:00
Vessel Station,,,failed,False,2026-08-17T23:33:13.848442+09:00
Vessel Status,1300.0,5.0,success,False,2026-08-19T20:44:50.684915+09:00
Vessel Stub,,,failed,False,2026-08-21T00:33:48.597432+09:00
Vessel Studio,2400.0,3.0,success,False,2026-08-17T23:33:00.502135+09:00
Vessel Subsidy,,,failed,False,2026-08-23T15:52:42.470276+09:00
Vessel Suite,,,failed,False,2026-08-17T23:11:46.496961+09:00
Vessel Sum,,,failed,False,2026-08-21T02:28:22.675348+09:00
Vessel Summary,,,failed,False,2026-08-19T21:16:06.341907+09:00
Vessel Surtax,,,failed,False,2026-08-23T15:52:42.470276+09:00
Vessel Sync,,,failed,False,2026-08-17T23:28:37.439215+09:00
Vessel Tab,320.0,1.0,success,False,2026-08-21T00:34:23.360801+09:00
Vessel Table,30.0,6.0,success,False,2026-08-19T22:00:16.178777+09:00
Vessel Tag,20.0,4.0,success,False,2026-08-19T13:32:49.484496+09:00
Vessel Tally,,,failed,False,2026-08-21T00:33:58.463562+09:00
Vessel Tariff,10.0,5.0,success,False,2026-08-21T02:43:40.530663+09:00
Vessel Tax,20.0,0.0,success,False,2026-08-21T02:13:04.369688+09:00
Vessel Terminal,50.0,0.0,success,False,2026-08-17T23:08:49.702335+09:00
Vessel Ticket,1900.0,100.0,success,False,2026-08-19T21:17:08.649893+09:00
Vessel Tier,,,failed,False,2026-08-28T00:48:30.764034+09:00
Vessel Timeline,40.0,0.0,success,False,2026-08-19T21:16:16.247165+09:00
Vessel Timer,,,failed,False,2026-08-28T00:26:52.853264+09:00
Vessel Toll,,,failed,False,2026-08-21T02:43:35.121601+09:00
Vessel Toolbox,10.0,86.0,success,False,2026-08-28T00:26:55.262283+09:00
Vessel Toolkit,,,failed,False,2026-08-18T22:08:11.096453+09:00
Vessel Total,,,failed,False,2026-08-27T23:15:36.970228+09:00
Vessel Tracker,201000.0,3.0,success,False,2026-08-17T23:06:02.733299+09:00
Vessel Trail,,,failed,False,2026-08-17T23:13:43.600383+09:00
Vessel Trend,,,failed,False,2026-08-28T01:08:09.929341+09:00
Vessel Trial,20.0,1.0,success,False,2026-08-27T21:18:35.629474+09:00
Vessel Unit,30.0,0.0,success,False,2026-08-21T01:57:38.284860+09:00
Vessel Update,880.0,1.0,success,False,2026-08-19T20:45:35.048925+09:00
Vessel Value,1900.0,6.0,success,False,2026-08-23T02:57:21.827227+09:00
Vessel Vault,30.0,0.0,success,False,2026-08-17T23:09:34.502992+09:00
Vessel Version,,,failed,False,2026-08-23T03:22:26.114633+09:00
Vessel View,1900.0,99.0,success,False,2026-08-19T20:44:56.793146+09:00
Vessel Watch,6600.0,1.0,success,False,2026-08-17T23:12:45.983083+09:00
Vessel Wave,30.0,0.0,success,False,2026-08-17T23:31:27.985495+09:00
Vessel Widget,,,failed,False,2026-08-27T23:15:41.145408+09:00
Vessel Workbench,,,failed,False,2026-08-18T22:08:02.449968+09:00
Vessel Worksheet,,,failed,False,2026-08-27T22:14:08.565651+09:00
Vessel Zone,10.0,0.0,success,False,2026-08-17T23:03:34.150622+09:00
Vesting Advance,,,failed,False,2026-08-23T16:11:56.492802+09:00
Vesting Advisory,,,failed,False,2026-08-21T01:24:55.892081+09:00
Vesting Alert,,,failed,False,2026-08-21T01:19:29.603335+09:00
Vesting Allowance,,,failed,False,2026-08-21T02:39:34.519072+09:00
Vesting Analyzer,,,failed,False,2026-08-27T23:57:31.093402+09:00
Vesting Arrears,,,failed,False,2026-08-23T16:11:52.886405+09:00
Vesting Asset,30.0,0.0,success,False,2026-08-23T13:48:27.768488+09:00
Vesting Assistant,,,failed,False,2026-08-21T01:16:58.879155+09:00
Vesting Atlas,,,failed,False,2026-08-21T01:23:07.832051+09:00
Vesting Attribute,,,failed,False,2026-08-23T13:08:24.927067+09:00
Vesting Badge,,,failed,False,2026-08-21T01:35:23.712765+09:00
Vesting Balance,1600.0,0.0,success,True,2026-08-23T13:48:23.745553+09:00
Vesting Base,,,failed,False,2026-08-21T01:26:17.676069+09:00
Vesting Bay,,,failed,False,2026-08-21T01:18:42.442648+09:00
Vesting Beacon,,,failed,False,2026-08-21T01:25:05.827415+09:00
Vesting Bill,,,failed,False,2026-08-21T01:22:29.239348+09:00
Vesting Bin,,,failed,False,2026-08-21T01:19:38.759789+09:00
Vesting Board,,,failed,False,2026-08-21T01:26:29.214274+09:00
Vesting Booth,,,failed,False,2026-08-21T01:18:26.670234+09:00
Vesting Bridge,,,failed,False,2026-08-21T01:25:11.979955+09:00
Vesting Brief,,,failed,False,2026-08-21T01:23:52.904904+09:00
Vesting Bulletin,,,failed,False,2026-08-21T01:35:23.712765+09:00
Vesting Cabinet,,,failed,False,2026-08-27T23:14:01.250377+09:00
Vesting Calculator,50.0,1.0,success,False,2026-08-27T23:35:16.240815+09:00
Vesting Calendar,10.0,0.0,success,False,2026-08-21T01:35:23.712765+09:00
Vesting Card,880.0,17.0,success,False,2026-08-21T01:20:30.866856+09:00
Vesting Cascade,,,failed,False,2026-08-21T01:24:55.892081+09:00
Vesting Cash,10.0,0.0,success,False,2026-08-21T02:22:32.305318+09:00
Vesting Category,,,failed,False,2026-08-23T13:08:21.567126+09:00
Vesting Center,,,failed,False,2026-08-21T01:15:31.943617+09:00
Vesting Chain,,,failed,False,2026-08-21T01:16:18.467523+09:00
Vesting Charge,,,failed,False,2026-08-21T02:39:20.009212+09:00
Vesting Chart,10.0,0.0,success,False,2026-08-21T01:19:35.649490+09:00
Vesting Check,,,failed,False,2026-08-21T01:20:39.645097+09:00
Vesting Checker,,,failed,False,2026-08-27T23:57:22.809432+09:00
Vesting Circular,,,failed,False,2026-08-21T01:23:50.887102+09:00
Vesting Code,,,failed,False,2026-08-21T01:22:36.440068+09:00
Vesting Companion,,,failed,False,2026-08-21T01:35:23.712765+09:00
Vesting Comparison,,,failed,False,2026-08-28T01:08:26.427990+09:00
Vesting Compass,,,failed,False,2026-08-21T01:25:01.384940+09:00
Vesting Confirmation,,,failed,False,2026-08-21T01:24:55.892081+09:00
Vesting Console,,,failed,False,2026-08-21T01:15:46.981049+09:00
Vesting Contribution,,,failed,False,2026-08-23T16:11:49.502531+09:00
Vesting Core,,,failed,False,2026-08-21T01:26:19.673494+09:00
Vesting Cost,,,failed,False,2026-08-21T02:15:23.867854+09:00
Vesting Counter,,,failed,False,2026-08-21T01:18:16.729979+09:00
Vesting Deal,,,failed,False,2026-08-21T01:58:58.757504+09:00
Vesting Debt,,,failed,False,2026-08-21T02:22:24.634972+09:00
Vesting Deck,,,failed,False,2026-08-21T01:26:35.509450+09:00
Vesting Desk,,,failed,False,2026-08-21T01:24:55.892081+09:00
Vesting Detail,,,failed,False,2026-08-23T03:20:18.367542+09:00
Vesting Diagram,,,failed,False,2026-08-27T22:09:28.492809+09:00
Vesting Directory,,,failed,False,2026-08-21T01:17:57.482592+09:00
Vesting Draft,,,failed,False,2026-08-21T01:21:46.110216+09:00
Vesting Due,,,failed,False,2026-08-23T15:50:14.677980+09:00
Vesting Duty,,,failed,False,2026-08-21T02:39:23.092445+09:00
Vesting Engine,,,failed,False,2026-08-21T01:16:55.800452+09:00
Vesting Entry,,,failed,False,2026-08-21T01:24:55.892081+09:00
Vesting Estimate,,,failed,False,2026-08-21T01:22:20.767459+09:00
Vesting Estimator,,,failed,False,2026-08-27T23:57:19.436881+09:00
Vesting Extension,,,failed,False,2026-08-23T16:37:47.617319+09:00
Vesting Fare,,,failed,False,2026-08-21T02:15:26.957875+09:00
Vesting Fee,,,failed,False,2026-08-21T01:58:43.901709+09:00
Vesting Feed,,,failed,False,2026-08-21T01:21:42.147576+09:00
Vesting Field,,,failed,False,2026-08-23T13:08:27.240954+09:00
Vesting File,,,failed,False,2026-08-21T01:21:24.061904+09:00
Vesting Fine,,,failed,False,2026-08-23T02:55:02.071314+09:00
Vesting Flow,,,failed,False,2026-08-21T01:24:55.892081+09:00
Vesting Forge,,,failed,False,2026-08-21T01:25:07.930638+09:00
Vesting Form,90.0,0.0,success,False,2026-08-21T01:20:23.926123+09:00
Vesting Format,,,failed,False,2026-08-23T13:08:27.240954+09:00
Vesting Frame,10.0,60.0,success,False,2026-08-21T01:26:12.180385+09:00
Vesting Fund,,,failed,False,2026-08-21T02:22:28.218601+09:00
Vesting Gate,,,failed,False,2026-08-21T01:16:28.829039+09:00
Vesting Graph,,,failed,False,2026-08-27T22:09:22.436426+09:00
Vesting Grid,,,failed,False,2026-08-21T01:25:40.338227+09:00
Vesting Guardian,,,failed,False,2026-08-28T00:26:37.162050+09:00
Vesting Harbor,,,failed,False,2026-08-21T01:21:05.247176+09:00
Vesting Helpdesk,,,failed,False,2026-08-27T22:48:25.660209+09:00
Vesting Helper,,,failed,False,2026-08-28T00:26:39.760657+09:00
Vesting History,,,failed,False,2026-08-21T01:21:19.183876+09:00
Vesting Hub,,,failed,False,2026-08-21T01:24:55.892081+09:00
Vesting Identifier,,,failed,False,2026-08-23T13:08:17.193422+09:00
Vesting Inbox,,,failed,False,2026-08-21T01:19:25.139986+09:00
Vesting Index,,,failed,False,2026-08-21T01:22:03.238360+09:00
Vesting Interest,70.0,0.0,success,False,2026-08-23T13:48:27.768488+09:00
Vesting Item,,,failed,False,2026-08-21T01:58:46.875681+09:00
Vesting Journal,,,failed,False,2026-08-21T01:17:43.825232+09:00
Vesting Keeper,,,failed,False,2026-08-21T01:16:44.690020+09:00
Vesting Kiosk,,,failed,False,2026-08-21T01:23:11.451788+09:00
Vesting Lab,10.0,26.0,success,False,2026-08-21T01:26:47.452980+09:00
Vesting Ledger,,,failed,False,2026-08-21T01:26:22.503532+09:00
Vesting Level,,,failed,False,2026-08-21T01:21:31.170741+09:00
Vesting Line,,,failed,False,2026-08-21T01:19:57.563871+09:00
Vesting Link,,,failed,False,2026-08-23T03:20:11.001534+09:00
Vesting List,,,failed,False,2026-08-21T01:22:41.888615+09:00
Vesting Loan,,,failed,False,2026-08-21T02:15:35.751133+09:00
Vesting Lobby,,,failed,False,2026-08-21T01:19:49.395013+09:00
Vesting Locator,,,failed,False,2026-08-21T01:17:59.788687+09:00
Vesting Locker,,,failed,False,2026-08-21T01:18:21.687046+09:00
Vesting Log,,,failed,False,2026-08-21T01:20:20.986675+09:00
Vesting Loop,70.0,20.0,success,False,2026-08-21T01:25:49.214024+09:00
Vesting Manager,10.0,0.0,success,False,2026-08-21T01:16:50.383045+09:00
Vesting Manual,,,failed,False,2026-08-27T22:09:25.119437+09:00
Vesting Map,,,failed,False,2026-08-21T01:26:08.809687+09:00
Vesting Margin,,,failed,False,2026-08-23T02:54:59.727215+09:00
Vesting Memo,,,failed,False,2026-08-21T01:23:38.443967+09:00
Vesting Message,,,failed,False,2026-08-27T23:13:56.060397+09:00
Vesting Monitor,,,failed,False,2026-08-21T01:17:18.123686+09:00
Vesting Nexus,,,failed,False,2026-08-21T01:16:36.813672+09:00
Vesting Note,,,failed,False,2026-08-21T01:20:48.632862+09:00
Vesting Notification,,,failed,False,2026-08-27T22:48:17.330576+09:00
Vesting Number,,,failed,False,2026-08-23T03:20:04.246790+09:00
Vesting Office,,,failed,False,2026-08-21T01:18:13.374383+09:00
Vesting Ops,,,failed,False,2026-08-21T01:17:33.437690+09:00
Vesting Order,1300.0,4.0,success,False,2026-08-21T01:22:23.798217+09:00
Vesting Outpost,,,failed,False,2026-08-21T01:18:54.031046+09:00
Vesting Panel,,,failed,False,2026-08-21T01:15:52.922484+09:00
Vesting Pass,,,failed,False,2026-08-21T01:23:46.927027+09:00
Vesting Passport,,,failed,False,2026-08-21T01:19:45.031880+09:00
Vesting Path,,,failed,False,2026-08-21T01:25:58.145790+09:00
Vesting Penalty,,,failed,False,2026-08-23T16:37:42.888726+09:00
Vesting Petition,,,failed,False,2026-08-21T01:24:55.892081+09:00
Vesting Plan,90.0,5.0,success,False,2026-08-21T01:58:55.002196+09:00
Vesting Planner,,,failed,False,2026-08-21T01:17:06.015996+09:00
Vesting Playbook,,,failed,False,2026-08-21T01:17:38.451621+09:00
Vesting Plaza,,,failed,False,2026-08-21T01:19:00.586921+09:00
Vesting Point,,,failed,False,2026-08-21T01:26:04.709927+09:00
Vesting Portal,10.0,14.0,success,False,2026-08-21T01:15:43.149064+09:00
Vesting Post,,,failed,False,2026-08-21T01:23:11.451788+09:00
Vesting Preview,,,failed,False,2026-08-28T01:08:26.427990+09:00
Vesting Profile,,,failed,False,2026-08-21T01:21:03.266778+09:00
Vesting Profit,,,failed,False,2026-08-23T02:54:52.135987+09:00
Vesting Quota,,,failed,False,2026-08-21T01:23:35.044251+09:00
Vesting Radar,,,failed,False,2026-08-21T01:24:55.892081+09:00
Vesting Rail,,,failed,False,2026-08-21T01:16:08.180396+09:00
Vesting Rate,10.0,0.0,success,False,2026-08-21T01:21:34.003833+09:00
Vesting Recap,,,failed,False,2026-08-21T01:24:55.892081+09:00
Vesting Receipt,,,failed,False,2026-08-21T01:22:33.143231+09:00
Vesting Recorder,,,failed,False,2026-08-27T23:35:20.435817+09:00
Vesting Redemption,,,failed,False,2026-08-23T16:37:45.266937+09:00
Vesting Register,,,failed,False,2026-08-21T01:17:30.839165+09:00
Vesting Relay,,,failed,False,2026-08-21T01:24:55.892081+09:00
Vesting Reminder,,,failed,False,2026-08-21T01:21:58.894123+09:00
Vesting Report,10.0,0.0,success,False,2026-08-21T01:20:11.987698+09:00
Vesting Repository,,,failed,False,2026-08-27T23:14:03.822687+09:00
Vesting Ring,,,failed,False,2026-08-21T01:16:25.156844+09:00
Vesting Roll,,,failed,False,2026-08-21T01:20:08.075194+09:00
Vesting Roster,,,failed,False,2026-08-21T01:21:05.247176+09:00
Vesting Route,,,failed,False,2026-08-21T01:16:03.338785+09:00
Vesting Rule,90.0,0.0,success,False,2026-08-23T03:20:15.434284+09:00
Vesting Sale,,,failed,False,2026-08-21T02:22:40.576459+09:00
Vesting Sample,,,failed,False,2026-08-21T01:22:57.277421+09:00
Vesting Scale,30.0,0.0,success,False,2026-08-21T01:15:55.134469+09:00
Vesting Scope,,,failed,False,2026-08-21T01:25:31.138326+09:00
Vesting Score,,,failed,False,2026-08-21T01:20:45.332631+09:00
Vesting Sheet,,,failed,False,2026-08-21T01:20:36.811619+09:00
Vesting Shelf,,,failed,False,2026-08-21T01:21:05.247176+09:00
Vesting Signal,,,failed,False,2026-08-21T01:25:39.259226+09:00
Vesting Signature,,,failed,False,2026-08-23T13:28:05.717329+09:00
Vesting Slip,,,failed,False,2026-08-21T01:22:53.742962+09:00
Vesting Slot,,,failed,False,2026-08-21T01:23:01.482269+09:00
Vesting Stage,10.0,0.0,success,False,2026-08-28T00:48:27.212910+09:00
Vesting Stake,,,failed,False,2026-08-23T02:54:55.052160+09:00
Vesting Stamp,,,failed,False,2026-08-23T13:28:07.800496+09:00
Vesting Statement,,,failed,False,2026-08-21T01:23:30.836605+09:00
Vesting Station,,,failed,False,2026-08-21T01:15:16.012738+09:00
Vesting Status,50.0,0.0,success,False,2026-08-21T01:21:06.488842+09:00
Vesting Stub,,,failed,False,2026-08-21T01:23:24.077688+09:00
Vesting Studio,,,failed,False,2026-08-21T01:26:39.674761+09:00
Vesting Sum,,,failed,False,2026-08-21T02:22:21.674947+09:00
Vesting Summary,,,failed,False,2026-08-21T01:21:51.595086+09:00
Vesting Tab,,,failed,False,2026-08-21T01:23:45.473669+09:00
Vesting Table,30.0,0.0,success,False,2026-08-21T01:22:48.599352+09:00
Vesting Tag,,,failed,False,2026-08-21T01:20:57.396338+09:00
Vesting Tariff,,,failed,False,2026-08-21T02:39:36.901337+09:00
Vesting Tax,30.0,2.0,success,False,2026-08-21T02:15:31.230859+09:00
Vesting Terminal,,,failed,False,2026-08-21T01:15:26.988997+09:00
Vesting Ticker,,,failed,False,2026-08-21T01:19:54.083744+09:00
Vesting Ticket,,,failed,False,2026-08-21T01:22:09.935224+09:00
Vesting Tier,,,failed,False,2026-08-28T00:48:30.764034+09:00
Vesting Timeline,10.0,0.0,success,False,2026-08-21T01:21:56.845957+09:00
Vesting Timer,,,failed,False,2026-08-28T00:26:34.139001+09:00
Vesting Toll,,,failed,False,2026-08-21T02:39:27.182357+09:00
Vesting Toolbox,,,failed,False,2026-08-28T00:26:37.162050+09:00
Vesting Total,,,failed,False,2026-08-27T23:13:58.602342+09:00
Vesting Tower,,,failed,False,2026-08-21T01:21:05.247176+09:00
Vesting Tracker,,,failed,False,2026-08-21T01:24:55.892081+09:00
Vesting Trail,,,failed,False,2026-08-21T01:16:13.958396+09:00
Vesting Trial,,,failed,False,2026-08-27T21:15:09.099124+09:00
Vesting Unit,,,failed,False,2026-08-21T01:58:50.893233+09:00
Vesting Update,,,failed,False,2026-08-21T01:21:39.012967+09:00
Vesting Value,,,failed,False,2026-08-23T02:54:55.052160+09:00
Vesting Vault,,,failed,False,2026-08-21T01:24:59.173649+09:00
Vesting Version,,,failed,False,2026-08-23T03:20:07.416918+09:00
Vesting View,,,failed,False,2026-08-21T01:21:13.489274+09:00
Vesting Voucher,,,failed,False,2026-08-21T01:23:46.927027+09:00
Vesting Wallet,170.0,81.0,success,False,2026-08-27T22:48:20.741854+09:00
Vesting Watch,,,failed,False,2026-08-21T01:25:40.979194+09:00
Vesting Wave,,,failed,False,2026-08-21T01:25:43.368101+09:00
Vesting Widget,,,failed,False,2026-08-27T23:14:01.250377+09:00
Vesting Window,,,failed,False,2026-08-21T01:20:03.244208+09:00
Vesting Worksheet,20.0,0.0,success,False,2026-08-27T22:09:28.492809+09:00
Vesting Yard,,,failed,False,2026-08-21T01:18:37.282523+09:00
Vesting Zone,,,failed,False,2026-08-21T01:15:36.930840+09:00
Violation Advisory,,,failed,False,2026-08-21T01:05:40.713486+09:00
Violation Alert,10.0,0.0,success,False,2026-08-19T20:41:25.975881+09:00
Violation Allowance,,,failed,False,2026-08-21T02:43:10.515094+09:00
Violation Analyzer,,,failed,False,2026-08-27T23:57:57.910775+09:00
Violation Announcement,,,failed,False,2026-08-27T23:36:01.279667+09:00
Violation Arrears,,,failed,False,2026-08-23T16:16:00.073730+09:00
Violation Assistant,,,failed,False,2026-08-19T20:37:14.893241+09:00
Violation Atlas,,,failed,False,2026-08-19T20:49:19.848949+09:00
Violation Attribute,,,failed,False,2026-08-23T13:08:36.933873+09:00
Violation Badge,,,failed,False,2026-08-21T00:32:52.523477+09:00
Violation Balance,,,failed,False,2026-08-23T13:47:58.149011+09:00
Violation Bill,,,failed,False,2026-08-19T21:58:11.207870+09:00
Violation Board,,,failed,False,2026-08-19T20:47:28.016879+09:00
Violation Book,50.0,21.0,success,False,2026-08-19T21:58:56.766000+09:00
Violation Brief,,,failed,False,2026-08-21T01:05:28.222738+09:00
Violation Bulletin,,,failed,False,2026-08-21T01:05:23.608566+09:00
Violation Cabinet,,,failed,False,2026-08-27T23:15:28.257448+09:00
Violation Calculator,20.0,7.0,success,False,2026-08-27T23:36:01.279667+09:00
Violation Calendar,,,failed,False,2026-08-19T20:38:36.542684+09:00
Violation Card,30.0,0.0,success,False,2026-08-19T20:42:48.667396+09:00
Violation Cash,,,failed,False,2026-08-21T02:27:57.187073+09:00
Violation Catalog,,,failed,False,2026-08-19T21:15:56.084621+09:00
Violation Category,10.0,0.0,success,False,2026-08-23T13:08:34.053815+09:00
Violation Center,10.0,1.0,success,False,2026-08-19T20:48:02.759483+09:00
Violation Chain,,,failed,False,2026-08-19T20:48:59.251157+09:00
Violation Charge,30.0,2.0,success,False,2026-08-21T02:42:57.314001+09:00
Violation Check,2400.0,1.0,success,False,2026-08-19T20:43:08.672141+09:00
Violation Checker,2400.0,1.0,success,False,2026-08-27T23:57:50.336082+09:00
Violation Checklist,,,failed,False,2026-08-19T21:15:00.223476+09:00
Violation Circular,,,failed,False,2026-08-21T01:05:32.279989+09:00
Violation Code,390.0,0.0,success,False,2026-08-19T21:58:27.685601+09:00
Violation Comparison,,,failed,False,2026-08-28T01:08:02.108620+09:00
Violation Confirmation,,,failed,False,2026-08-21T01:05:53.776527+09:00
Violation Console,,,failed,False,2026-08-19T20:48:26.152213+09:00
Violation Cost,,,failed,False,2026-08-21T02:12:23.232619+09:00
Violation Count,,,failed,False,2026-08-27T22:49:57.314209+09:00
Violation Counter,,,failed,False,2026-08-19T20:39:24.748166+09:00
Violation Deal,,,failed,False,2026-08-21T01:57:08.672731+09:00
Violation Debt,,,failed,False,2026-08-21T02:27:51.067603+09:00
Violation Desk,,,failed,False,2026-08-19T20:45:21.816276+09:00
Violation Detail,110.0,2.0,success,False,2026-08-23T03:22:06.290002+09:00
Violation Detector,,,failed,False,2026-08-27T23:57:55.384671+09:00
Violation Digest,,,failed,False,2026-08-19T20:44:32.627645+09:00
Violation Directory,,,failed,False,2026-08-19T20:38:46.605593+09:00
Violation Discount,,,failed,False,2026-08-23T16:15:54.401659+09:00
Violation Dossier,,,failed,False,2026-08-21T01:05:51.926035+09:00
Violation Downpayment,,,failed,False,2026-08-27T21:49:18.001663+09:00
Violation Draft,,,failed,False,2026-08-19T20:44:50.684915+09:00
Violation Due,,,failed,False,2026-08-23T15:52:33.187171+09:00
Violation Duty,,,failed,False,2026-08-21T02:43:04.921789+09:00
Violation Engine,,,failed,False,2026-08-19T20:49:35.865635+09:00
Violation Entry,,,failed,False,2026-08-21T01:06:12.457382+09:00
Violation Estimate,,,failed,False,2026-08-19T21:15:46.366866+09:00
Violation Estimator,,,failed,False,2026-08-27T23:57:47.525165+09:00
Violation Excerpt,,,failed,False,2026-08-21T01:06:07.369655+09:00
Violation Extension,,,failed,False,2026-08-23T16:39:45.505448+09:00
Violation Fare,,,failed,False,2026-08-21T02:12:27.062318+09:00
Violation Fee,140.0,1.0,success,False,2026-08-21T01:56:53.826149+09:00
Violation Feed,,,failed,False,2026-08-19T20:44:44.192245+09:00
Violation Field,,,failed,False,2026-08-23T13:08:40.061584+09:00
Violation File,,,failed,False,2026-08-19T20:44:00.282785+09:00
Violation Fine,210.0,1.0,success,False,2026-08-23T02:57:13.068042+09:00
Violation Flag,,,failed,False,2026-08-21T00:33:32.477901+09:00
Violation Flow,,,failed,False,2026-08-19T20:45:06.240403+09:00
Violation Form,70.0,0.0,success,False,2026-08-19T20:42:39.884460+09:00
Violation Format,,,failed,False,2026-08-23T13:08:42.186526+09:00
Violation Fund,,,failed,False,2026-08-21T02:27:53.442278+09:00
Violation Generator,,,failed,False,2026-08-27T23:36:04.672816+09:00
Violation Grade,,,failed,False,2026-08-21T00:33:10.095062+09:00
Violation Graph,,,failed,False,2026-08-27T22:13:33.756180+09:00
Violation Grid,,,failed,False,2026-08-19T20:46:36.801455+09:00
Violation Guardian,,,failed,False,2026-08-28T00:26:42.212784+09:00
Violation Helpdesk,,,failed,False,2026-08-27T22:50:00.330096+09:00
Violation Helper,,,failed,False,2026-08-28T00:26:44.575613+09:00
Violation History,30.0,0.0,success,False,2026-08-19T20:43:53.666341+09:00
Violation Hotline,,,failed,False,2026-08-19T21:16:08.184183+09:00
Violation Hub,10.0,0.0,success,False,2026-08-19T20:45:14.737555+09:00
Violation Identifier,,,failed,False,2026-08-23T13:08:30.246419+09:00
Violation Inbox,,,failed,False,2026-08-19T20:41:16.586784+09:00
Violation Index,,,failed,False,2026-08-19T21:15:13.442141+09:00
Violation Installment,,,failed,False,2026-08-23T16:15:57.304809+09:00
Violation Interest,,,failed,False,2026-08-23T13:47:58.149011+09:00
Violation Item,,,failed,False,2026-08-21T01:56:56.625625+09:00
Violation Journal,,,failed,False,2026-08-19T20:38:22.141016+09:00
Violation Keeper,,,failed,False,2026-08-19T20:49:23.220357+09:00
Violation Label,,,failed,False,2026-08-27T22:13:33.756180+09:00
Violation Ledger,,,failed,False,2026-08-19T20:47:22.248072+09:00
Violation Level,,,failed,False,2026-08-19T20:44:10.013145+09:00
Violation Levy,,,failed,False,2026-08-23T13:48:00.316866+09:00
Violation Line,,,failed,False,2026-08-19T20:42:09.827682+09:00
Violation Link,,,failed,False,2026-08-23T03:21:56.707046+09:00
Violation List,70.0,1.0,success,False,2026-08-19T21:58:36.842594+09:00
Violation Loan,,,failed,False,2026-08-21T02:12:35.738319+09:00
Violation Locator,,,failed,False,2026-08-19T20:38:57.092601+09:00
Violation Log,10.0,0.0,success,False,2026-08-19T20:42:34.910732+09:00
Violation Manager,,,failed,False,2026-08-19T20:49:28.954845+09:00
Violation Manual,,,failed,False,2026-08-27T22:13:36.218618+09:00
Violation Map,,,failed,False,2026-08-19T20:47:00.737978+09:00
Violation Margin,,,failed,False,2026-08-23T02:57:10.108047+09:00
Violation Memo,20.0,0.0,success,False,2026-08-21T00:33:17.387160+09:00
Violation Message,,,failed,False,2026-08-27T23:15:18.585578+09:00
Violation Monitor,,,failed,False,2026-08-19T20:37:42.979136+09:00
Violation Notification,10.0,0.0,success,False,2026-08-27T22:49:54.897946+09:00
Violation Number,320.0,1.0,success,False,2026-08-23T03:21:52.337489+09:00
Violation Ops,,,failed,False,2026-08-19T20:38:03.591827+09:00
Violation Order,70.0,1.0,success,False,2026-08-19T21:57:59.626776+09:00
Violation Outline,,,failed,False,2026-08-27T22:29:16.006701+09:00
Violation Overage,,,failed,False,2026-08-27T21:49:15.770523+09:00
Violation Overdue,,,failed,False,2026-08-27T21:49:11.230615+09:00
Violation Panel,,,failed,False,2026-08-19T20:48:32.959283+09:00
Violation Payoff,,,failed,False,2026-08-27T21:49:13.443578+09:00
Violation Penalty,320.0,0.0,success,False,2026-08-23T16:39:41.135046+09:00
Violation Petition,70.0,0.0,success,False,2026-08-21T01:05:38.366293+09:00
Violation Plan,,,failed,False,2026-08-21T01:57:03.804845+09:00
Violation Playbook,,,failed,False,2026-08-19T20:38:10.418620+09:00
Violation Point,70.0,1.0,success,False,2026-08-19T20:46:51.690221+09:00
Violation Portal,10.0,1.0,success,False,2026-08-19T20:48:17.948513+09:00
Violation Profile,,,failed,False,2026-08-19T20:43:36.722310+09:00
Violation Profit,,,failed,False,2026-08-23T02:57:01.992920+09:00
Violation Queue,,,failed,False,2026-08-19T21:15:37.050210+09:00
Violation Quota,,,failed,False,2026-08-21T00:33:25.139045+09:00
Violation Radar,,,failed,False,2026-08-19T20:45:29.456295+09:00
Violation Rank,,,failed,False,2026-08-28T00:48:23.790188+09:00
Violation Rate,20.0,0.0,success,False,2026-08-19T20:44:16.708983+09:00
Violation Recap,,,failed,False,2026-08-21T01:06:03.967646+09:00
Violation Receipt,10.0,0.0,success,False,2026-08-19T21:58:19.577733+09:00
Violation Recorder,,,failed,False,2026-08-27T23:36:10.117910+09:00
Violation Register,,,failed,False,2026-08-19T20:37:57.270685+09:00
Violation Registry,,,failed,False,2026-08-19T20:38:26.547735+09:00
Violation Reminder,,,failed,False,2026-08-19T21:14:46.806152+09:00
Violation Report,880.0,0.0,success,False,2026-08-19T20:42:27.783446+09:00
Violation Repository,,,failed,False,2026-08-27T23:15:28.257448+09:00
Violation Result,,,failed,False,2026-08-28T00:48:21.370495+09:00
Violation Roster,,,failed,False,2026-08-19T20:41:06.982103+09:00
Violation Rule,,,failed,False,2026-08-23T03:22:01.031781+09:00
Violation Sale,,,failed,False,2026-08-21T02:28:00.693334+09:00
Violation Sample,,,failed,False,2026-08-19T21:59:12.539055+09:00
Violation Scale,,,failed,False,2026-08-19T20:48:35.358478+09:00
Violation Scanner,,,failed,False,2026-08-27T23:57:55.384671+09:00
Violation Score,10.0,0.0,success,False,2026-08-19T20:43:16.240040+09:00
Violation Sheet,,,failed,False,2026-08-19T20:42:59.296448+09:00
Violation Shortfall,,,failed,False,2026-08-27T21:49:20.358831+09:00
Violation Slip,70.0,0.0,success,False,2026-08-19T21:59:04.972402+09:00
Violation Slot,,,failed,False,2026-08-19T21:59:26.927876+09:00
Violation Stage,,,failed,False,2026-08-28T00:48:21.370495+09:00
Violation Stake,,,failed,False,2026-08-23T02:57:06.282457+09:00
Violation Statement,,,failed,False,2026-08-21T00:33:01.322590+09:00
Violation Station,10.0,0.0,success,False,2026-08-19T20:47:51.523685+09:00
Violation Status,90.0,0.0,success,False,2026-08-19T20:43:41.671766+09:00
Violation Stub,,,failed,False,2026-08-21T00:32:57.061306+09:00
Violation Sum,,,failed,False,2026-08-21T02:27:43.385895+09:00
Violation Summary,10.0,0.0,success,False,2026-08-19T21:14:25.391974+09:00
Violation Surtax,,,failed,False,2026-08-23T15:52:37.821939+09:00
Violation Tab,,,failed,False,2026-08-21T00:33:37.107629+09:00
Violation Table,,,failed,False,2026-08-19T21:58:45.118789+09:00
Violation Tally,,,failed,False,2026-08-21T00:33:05.849456+09:00
Violation Tariff,,,failed,False,2026-08-21T02:43:14.426169+09:00
Violation Tax,,,failed,False,2026-08-21T02:12:31.205964+09:00
Violation Ticker,,,failed,False,2026-08-19T20:41:59.995024+09:00
Violation Ticket,,,failed,False,2026-08-19T21:15:25.328836+09:00
Violation Tier,,,failed,False,2026-08-28T00:48:23.790188+09:00
Violation Timeline,,,failed,False,2026-08-19T21:14:36.641890+09:00
Violation Timer,,,failed,False,2026-08-28T00:26:42.212784+09:00
Violation Toll,50.0,2.0,success,False,2026-08-21T02:43:04.921789+09:00
Violation Toolbox,,,failed,False,2026-08-28T00:26:44.575613+09:00
Violation Total,,,failed,False,2026-08-27T23:15:18.585578+09:00
Violation Tracker,1300.0,0.0,success,True,2026-08-19T20:44:56.793146+09:00
Violation Trail,,,failed,False,2026-08-19T20:48:51.281701+09:00
Violation Trend,,,failed,False,2026-08-28T01:07:59.537409+09:00
Violation Trial,,,failed,False,2026-08-27T21:18:10.943632+09:00
Violation Unit,10.0,0.0,success,False,2026-08-21T01:57:02.115497+09:00
Violation Update,,,failed,False,2026-08-19T20:44:26.671038+09:00
Violation Value,,,failed,False,2026-08-23T02:57:04.274468+09:00
Violation Version,,,failed,False,2026-08-23T03:21:54.482997+09:00
Violation View,,,failed,False,2026-08-19T20:43:48.362624+09:00
Violation Voucher,,,failed,False,2026-08-21T00:32:47.883810+09:00
Violation Watch,20.0,0.0,success,False,2026-08-19T20:46:21.996527+09:00
Violation Widget,,,failed,False,2026-08-27T23:15:25.030230+09:00
Violation Window,,,failed,False,2026-08-19T20:42:14.870990+09:00
Violation Worksheet,,,failed,False,2026-08-27T22:13:39.158515+09:00
Vitals Advance,,,failed,False,2026-08-23T16:12:29.296473+09:00
Vitals Advisory,,,failed,False,2026-08-21T01:04:56.218179+09:00
Vitals Alert,,,failed,False,2026-08-19T12:24:48.425289+09:00
Vitals Allowance,,,failed,False,2026-08-21T02:44:28.484946+09:00
Vitals Almanac,,,failed,False,2026-08-18T22:08:38.388583+09:00
Vitals Analyzer,,,failed,False,2026-08-27T23:55:40.198338+09:00
Vitals Anchor,,,failed,False,2026-08-17T23:15:10.071233+09:00
Vitals Arrears,,,failed,False,2026-08-23T16:12:26.242265+09:00
Vitals Assistant,,,failed,False,2026-08-17T22:49:19.411310+09:00
Vitals Atlas,,,failed,False,2026-08-17T23:07:18.335398+09:00
Vitals Badge,,,failed,False,2026-08-21T00:30:55.600635+09:00
Vitals Base,,,failed,False,2026-08-17T23:14:51.389027+09:00
Vitals Beacon,10.0,0.0,success,False,2026-08-17T23:13:34.703463+09:00
Vitals Bill,,,failed,False,2026-08-19T21:50:41.490993+09:00
Vitals Blueprint,50.0,4.0,success,False,2026-08-18T22:08:30.649181+09:00
Vitals Board,10.0,7.0,success,False,2026-08-17T23:29:55.087176+09:00
Vitals Book,20.0,9.0,success,False,2026-08-19T21:51:34.255432+09:00
Vitals Bridge,40.0,10.0,success,False,2026-08-17T23:27:29.516151+09:00
Vitals Brief,,,failed,False,2026-08-21T01:04:44.330584+09:00
Vitals Bulletin,,,failed,False,2026-08-21T01:04:32.859141+09:00
Vitals Cabinet,,,failed,False,2026-08-27T23:12:56.649660+09:00
Vitals Calendar,,,failed,False,2026-08-18T23:59:40.785220+09:00
Vitals Card,50.0,5.0,success,False,2026-08-19T13:33:37.732630+09:00
Vitals Cascade,,,failed,False,2026-08-17T23:08:20.793662+09:00
Vitals Cash,10.0,0.0,success,False,2026-08-21T02:28:57.894422+09:00
Vitals Catalog,,,failed,False,2026-08-19T21:06:31.890613+09:00
Vitals Center,,,failed,False,2026-08-17T23:30:41.257118+09:00
Vitals Chain,,,failed,False,2026-08-17T23:32:28.634296+09:00
Vitals Charge,,,failed,False,2026-08-21T02:44:16.067023+09:00
Vitals Chart,2400.0,9.0,success,False,2026-08-19T12:24:48.425289+09:00
Vitals Check,1300.0,31.0,success,False,2026-08-19T13:33:49.819535+09:00
Vitals Checker,320.0,9.0,success,False,2026-08-27T23:55:30.843972+09:00
Vitals Checklist,50.0,43.0,success,False,2026-08-19T21:05:32.048024+09:00
Vitals Circular,,,failed,False,2026-08-21T01:04:53.420072+09:00
Vitals Cockpit,,,failed,False,2026-08-17T23:24:30.748337+09:00
Vitals Code,,,failed,False,2026-08-19T21:51:05.479286+09:00
Vitals Codex,,,failed,False,2026-08-18T22:08:54.791738+09:00
Vitals Companion,,,failed,False,2026-08-17T23:13:55.425659+09:00
Vitals Comparison,,,failed,False,2026-08-28T01:05:55.431564+09:00
Vitals Compass,,,failed,False,2026-08-17T23:26:58.468073+09:00
Vitals Compendium,,,failed,False,2026-08-18T22:08:45.047635+09:00
Vitals Confirmation,,,failed,False,2026-08-21T01:05:08.043022+09:00
Vitals Console,,,failed,False,2026-08-17T23:07:39.486562+09:00
Vitals Converter,,,failed,False,2026-08-27T23:34:29.939711+09:00
Vitals Copayment,,,failed,False,2026-08-23T16:37:59.116023+09:00
Vitals Core,,,failed,False,2026-08-17T23:29:38.825411+09:00
Vitals Cost,,,failed,False,2026-08-21T02:12:43.354957+09:00
Vitals Counter,,,failed,False,2026-08-19T00:00:38.616891+09:00
Vitals Dashboard,,,failed,False,2026-08-17T23:06:54.696813+09:00
Vitals Deal,10.0,0.0,success,False,2026-08-21T01:57:05.042237+09:00
Vitals Debt,,,failed,False,2026-08-21T02:28:54.304303+09:00
Vitals Deck,,,failed,False,2026-08-17T23:04:03.069082+09:00
Vitals Depot,,,failed,False,2026-08-19T00:00:18.530849+09:00
Vitals Desk,,,failed,False,2026-08-17T23:26:30.057004+09:00
Vitals Detail,,,failed,False,2026-08-23T03:24:33.433692+09:00
Vitals Detector,,,failed,False,2026-08-27T23:55:33.587403+09:00
Vitals Dial,,,failed,False,2026-08-17T23:14:35.084674+09:00
Vitals Digest,,,failed,False,2026-08-19T20:48:48.411735+09:00
Vitals Directory,,,failed,False,2026-08-18T23:59:51.056306+09:00
Vitals Discount,,,failed,False,2026-08-23T16:12:20.898327+09:00
Vitals Dock,,,failed,False,2026-08-17T23:03:43.392480+09:00
Vitals Dossier,,,failed,False,2026-08-21T01:05:22.302548+09:00
Vitals Due,,,failed,False,2026-08-23T15:50:51.928952+09:00
Vitals Duty,,,failed,False,2026-08-21T02:44:18.914187+09:00
Vitals Engine,,,failed,False,2026-08-17T23:33:34.870792+09:00
Vitals Entry,,,failed,False,2026-08-21T01:05:39.127217+09:00
Vitals Estimate,,,failed,False,2026-08-19T21:06:20.590100+09:00
Vitals Estimator,,,failed,False,2026-08-27T23:55:28.059641+09:00
Vitals Excerpt,,,failed,False,2026-08-21T01:05:29.532542+09:00
Vitals Fare,,,failed,False,2026-08-21T02:12:54.787375+09:00
Vitals Fee,,,failed,False,2026-08-21T01:56:51.063242+09:00
Vitals Feed,,,failed,False,2026-08-19T20:48:55.006137+09:00
Vitals File,,,failed,False,2026-08-19T20:48:26.152213+09:00
Vitals Finder,,,failed,False,2026-08-19T00:00:12.518097+09:00
Vitals Fine,,,failed,False,2026-08-23T02:58:24.249422+09:00
Vitals Flag,,,failed,False,2026-08-21T00:31:41.208752+09:00
Vitals Flow,,,failed,False,2026-08-17T23:10:20.263689+09:00
Vitals Forge,,,failed,False,2026-08-17T23:27:14.779355+09:00
Vitals Form,720.0,25.0,success,False,2026-08-19T13:33:13.480936+09:00
Vitals Frame,,,failed,False,2026-08-17T23:29:23.485940+09:00
Vitals Fund,,,failed,False,2026-08-21T02:28:54.304303+09:00
Vitals Gate,,,failed,False,2026-08-17T23:12:33.022666+09:00
Vitals Grade,,,failed,False,2026-08-21T00:31:19.573899+09:00
Vitals Graph,40.0,0.0,success,False,2026-08-27T22:09:22.436426+09:00
Vitals Grid,,,failed,False,2026-08-17T23:28:10.025737+09:00
Vitals Guarantee,,,failed,False,2026-08-28T01:06:05.018602+09:00
Vitals Guard,,,failed,False,2026-08-17T23:25:43.129443+09:00
Vitals Guardian,,,failed,False,2026-08-28T00:25:05.172390+09:00
Vitals Guidebook,,,failed,False,2026-08-18T22:08:15.553962+09:00
Vitals Helpdesk,,,failed,False,2026-08-27T22:47:46.388657+09:00
Vitals Helper,,,failed,False,2026-08-28T00:25:10.586444+09:00
Vitals History,,,failed,False,2026-08-19T20:48:20.425473+09:00
Vitals Hotline,,,failed,False,2026-08-19T21:06:41.039569+09:00
Vitals Hub,10.0,0.0,success,False,2026-08-17T23:26:16.391059+09:00
Vitals Identifier,,,failed,False,2026-08-23T13:04:45.223955+09:00
Vitals Index,,,failed,False,2026-08-19T21:05:44.553245+09:00
Vitals Insight,,,failed,False,2026-08-17T23:24:10.330342+09:00
Vitals Installment,,,failed,False,2026-08-23T16:12:24.179825+09:00
Vitals Item,,,failed,False,2026-08-21T01:56:55.992066+09:00
Vitals Journal,,,failed,False,2026-08-18T22:07:58.079048+09:00
Vitals Keeper,,,failed,False,2026-08-17T23:14:14.412117+09:00
Vitals Kit,110.0,90.0,success,False,2026-08-27T22:47:34.273654+09:00
Vitals Lab,40.0,10.0,success,False,2026-08-17T23:11:19.275980+09:00
Vitals Label,,,failed,False,2026-08-27T22:09:25.119437+09:00
Vitals Ledger,,,failed,False,2026-08-17T23:09:43.652539+09:00
Vitals Lens,,,failed,False,2026-08-17T23:07:59.739195+09:00
Vitals Level,,,failed,False,2026-08-19T20:48:32.959283+09:00
Vitals Link,10.0,22.0,success,False,2026-08-23T03:24:25.190204+09:00
Vitals List,480.0,9.0,success,False,2026-08-19T21:51:13.518825+09:00
Vitals Loan,,,failed,False,2026-08-21T02:13:04.369688+09:00
Vitals Locator,,,failed,False,2026-08-19T00:00:01.654497+09:00
Vitals Lock,,,failed,False,2026-08-17T23:13:13.553145+09:00
Vitals Log,70.0,100.0,success,False,2026-08-19T13:33:02.578163+09:00
Vitals Loop,10.0,0.0,success,False,2026-08-17T23:04:21.710025+09:00
Vitals Manager,,,failed,False,2026-08-17T23:33:17.146702+09:00
Vitals Map,40.0,0.0,success,False,2026-08-17T23:29:05.712614+09:00
Vitals Markup,,,failed,False,2026-08-23T16:37:56.709879+09:00
Vitals Memo,,,failed,False,2026-08-21T00:31:26.827984+09:00
Vitals Message,,,failed,False,2026-08-27T23:12:50.672441+09:00
Vitals Meter,,,failed,False,2026-08-17T23:31:35.615532+09:00
Vitals Metrics,,,failed,False,2026-08-17T23:12:14.829118+09:00
Vitals Monitor,1600.0,100.0,success,False,2026-08-17T23:05:03.232524+09:00
Vitals Navigator,,,failed,False,2026-08-17T23:24:52.278887+09:00
Vitals Nexus,,,failed,False,2026-08-17T23:32:54.129749+09:00
Vitals Node,,,failed,False,2026-08-17T23:32:42.825846+09:00
Vitals Note,,,failed,False,2026-08-19T13:34:03.969558+09:00
Vitals Notification,,,failed,False,2026-08-27T22:47:34.273654+09:00
Vitals Number,,,failed,False,2026-08-23T03:24:18.387553+09:00
Vitals Office,110.0,6.0,success,False,2026-08-19T00:00:28.920086+09:00
Vitals Ops,,,failed,False,2026-08-17T23:08:40.393362+09:00
Vitals Order,480.0,2.0,success,False,2026-08-19T21:50:30.697464+09:00
Vitals Organizer,,,failed,False,2026-08-17T23:23:48.557902+09:00
Vitals Overdue,,,failed,False,2026-08-27T21:46:39.546965+09:00
Vitals Panel,,,failed,False,2026-08-17T23:31:19.808791+09:00
Vitals Pass,,,failed,False,2026-08-21T00:30:44.450501+09:00
Vitals Path,,,failed,False,2026-08-17T23:06:12.301553+09:00
Vitals Penalty,,,failed,False,2026-08-23T16:37:56.709879+09:00
Vitals Petition,,,failed,False,2026-08-21T01:05:05.236354+09:00
Vitals Pilot,,,failed,False,2026-08-17T23:04:40.930662+09:00
Vitals Plan,,,failed,False,2026-08-21T01:57:02.115497+09:00
Vitals Planner,,,failed,False,2026-08-17T23:23:32.991705+09:00
Vitals Playbook,,,failed,False,2026-08-18T22:07:51.533580+09:00
Vitals Point,,,failed,False,2026-08-17T23:28:48.980231+09:00
Vitals Portal,,,failed,False,2026-08-17T23:30:54.077179+09:00
Vitals Preview,,,failed,False,2026-08-28T01:05:58.030505+09:00
Vitals Profile,,,failed,False,2026-08-19T13:34:22.181534+09:00
Vitals Profit,,,failed,False,2026-08-23T02:58:11.410981+09:00
Vitals Proposal,,,failed,False,2026-08-28T01:06:00.663079+09:00
Vitals Pulse,390.0,6.0,success,False,2026-08-17T23:11:38.355115+09:00
Vitals Queue,,,failed,False,2026-08-19T21:06:08.303688+09:00
Vitals Radar,,,failed,False,2026-08-17T23:11:57.762151+09:00
Vitals Rail,,,failed,False,2026-08-17T23:32:14.007104+09:00
Vitals Rate,,,failed,False,2026-08-19T20:48:37.662202+09:00
Vitals Recap,,,failed,False,2026-08-21T01:05:25.449789+09:00
Vitals Receipt,,,failed,False,2026-08-19T21:50:52.634082+09:00
Vitals Recorder,,,failed,False,2026-08-27T23:34:29.939711+09:00
Vitals Redemption,,,failed,False,2026-08-23T16:38:01.127600+09:00
Vitals Register,,,failed,False,2026-08-17T23:25:18.715654+09:00
Vitals Registry,,,failed,False,2026-08-18T22:08:21.500006+09:00
Vitals Relay,,,failed,False,2026-08-17T23:26:43.020316+09:00
Vitals Reminder,,,failed,False,2026-08-19T21:05:22.464454+09:00
Vitals Report,50.0,0.0,success,False,2026-08-19T13:32:52.541757+09:00
Vitals Repository,,,failed,False,2026-08-27T23:13:00.467969+09:00
Vitals Result,,,failed,False,2026-08-28T00:47:41.403976+09:00
Vitals Roadmap,,,failed,False,2026-08-18T22:09:03.479922+09:00
Vitals Roster,,,failed,False,2026-08-19T00:38:54.065235+09:00
Vitals Route,,,failed,False,2026-08-17T23:31:53.116535+09:00
Vitals Rule,,,failed,False,2026-08-23T03:24:30.095281+09:00
Vitals Sale,,,failed,False,2026-08-21T02:29:01.889757+09:00
Vitals Sample,,,failed,False,2026-08-19T21:52:01.647797+09:00
Vitals Scale,,,failed,False,2026-08-17T23:09:23.779987+09:00
Vitals Scanner,10.0,24.0,success,False,2026-08-27T23:55:30.843972+09:00
Vitals Scheduler,,,failed,False,2026-08-17T23:10:38.410164+09:00
Vitals Scope,,,failed,False,2026-08-17T23:27:56.034352+09:00
Vitals Score,10.0,9.0,success,False,2026-08-19T13:33:54.731377+09:00
Vitals Sentry,,,failed,False,2026-08-17T23:33:06.954832+09:00
Vitals Serial,,,failed,False,2026-08-23T13:26:30.213560+09:00
Vitals Sheet,590.0,50.0,success,False,2026-08-19T13:33:44.098374+09:00
Vitals Signal,,,failed,False,2026-08-17T23:27:45.087946+09:00
Vitals Signature,,,failed,False,2026-08-23T13:26:35.864064+09:00
Vitals Slip,,,failed,False,2026-08-19T21:51:45.660208+09:00
Vitals Slot,,,failed,False,2026-08-19T21:52:10.666614+09:00
Vitals Snapshot,,,failed,False,2026-08-18T22:08:07.311207+09:00
Vitals Stake,,,failed,False,2026-08-23T02:58:18.393651+09:00
Vitals Stamp,20.0,81.0,success,False,2026-08-23T13:26:38.136224+09:00
Vitals Statement,,,failed,False,2026-08-21T00:31:09.970083+09:00
Vitals Station,70.0,100.0,success,False,2026-08-17T23:30:26.611269+09:00
Vitals Status,10.0,0.0,success,False,2026-08-19T20:48:06.706582+09:00
Vitals Streak,,,failed,False,2026-08-28T00:47:45.290833+09:00
Vitals Stub,,,failed,False,2026-08-21T00:31:03.590955+09:00
Vitals Studio,,,failed,False,2026-08-17T23:30:11.118322+09:00
Vitals Suite,,,failed,False,2026-08-17T23:09:00.584407+09:00
Vitals Sum,,,failed,False,2026-08-21T02:28:50.660826+09:00
Vitals Summary,,,failed,False,2026-08-19T21:04:56.454622+09:00
Vitals Sync,,,failed,False,2026-08-17T23:26:02.617332+09:00
Vitals Table,30.0,0.0,success,False,2026-08-19T21:51:23.149370+09:00
Vitals Tag,,,failed,False,2026-08-19T13:34:11.345054+09:00
Vitals Tally,,,failed,False,2026-08-21T00:31:14.600161+09:00
Vitals Tariff,,,failed,False,2026-08-21T02:44:32.833058+09:00
Vitals Tax,,,failed,False,2026-08-21T02:12:59.494269+09:00
Vitals Ticket,,,failed,False,2026-08-19T21:06:00.178861+09:00
Vitals Timeline,,,failed,False,2026-08-19T21:05:07.680797+09:00
Vitals Timer,,,failed,False,2026-08-28T00:25:01.797092+09:00
Vitals Token,,,failed,False,2026-08-23T13:26:32.402839+09:00
Vitals Toll,,,failed,False,2026-08-21T02:44:22.791251+09:00
Vitals Toolbox,,,failed,False,2026-08-28T00:25:07.962787+09:00
Vitals Toolkit,,,failed,False,2026-08-18T22:07:42.473360+09:00
Vitals Total,,,failed,False,2026-08-27T23:12:54.177935+09:00
Vitals Tracker,90.0,74.0,success,False,2026-08-17T23:15:27.187478+09:00
Vitals Trail,,,failed,False,2026-08-17T23:11:00.543955+09:00
Vitals Trend,,,failed,False,2026-08-28T01:05:55.431564+09:00
Vitals Trial,,,failed,False,2026-08-27T21:15:13.256077+09:00
Vitals Unit,,,failed,False,2026-08-21T02:05:57.421169+09:00
Vitals Update,,,failed,False,2026-08-19T20:48:43.191337+09:00
Vitals Value,170.0,0.0,success,False,2026-08-23T02:58:14.811642+09:00
Vitals Vault,6600.0,100.0,success,False,2026-08-17T23:06:35.609380+09:00
Vitals Version,,,failed,False,2026-08-23T03:24:21.370472+09:00
Vitals View,,,failed,False,2026-08-19T20:48:12.973996+09:00
Vitals Voucher,,,failed,False,2026-08-21T00:30:51.297861+09:00
Vitals Wallet,,,failed,False,2026-08-27T22:47:42.136854+09:00
Vitals Watch,70.0,100.0,success,False,2026-08-17T23:10:02.526148+09:00
Vitals Wave,,,failed,False,2026-08-17T23:28:25.880563+09:00
Vitals Widget,,,failed,False,2026-08-27T23:12:56.649660+09:00
Vitals Workbench,,,failed,False,2026-08-18T22:07:36.107745+09:00
Vitals Worksheet,140.0,13.0,success,False,2026-08-27T22:09:28.492809+09:00
Vitals Workshop,,,failed,False,2026-08-28T00:25:01.797092+09:00
Vitals Zone,,,failed,False,2026-08-17T23:12:58.115072+09:00
Vocabulary Advisory,,,failed,False,2026-08-21T01:01:52.955831+09:00
Vocabulary Alert,20.0,0.0,success,False,2026-08-19T21:31:52.488938+09:00
Vocabulary Allowance,,,failed,False,2026-08-21T02:41:49.318667+09:00
Vocabulary Analyzer,10.0,0.0,success,False,2026-08-27T23:58:34.382467+09:00
Vocabulary Assistant,,,failed,False,2026-08-19T21:19:00.035786+09:00
Vocabulary Atlas,,,failed,False,2026-08-19T21:18:11.999906+09:00
Vocabulary Attribute,,,failed,False,2026-08-23T13:09:32.906091+09:00
Vocabulary Badge,,,failed,False,2026-08-21T00:35:43.096296+09:00
Vocabulary Base,210.0,4.0,success,False,2026-08-19T21:14:12.923572+09:00
Vocabulary Bay,,,failed,False,2026-08-19T21:30:39.077841+09:00
Vocabulary Bin,,,failed,False,2026-08-19T21:32:06.209951+09:00
Vocabulary Board,90.0,26.0,success,False,2026-08-19T21:14:44.485943+09:00
Vocabulary Book,12100.0,89.0,success,False,2026-08-19T21:56:27.780319+09:00
Vocabulary Booth,,,failed,False,2026-08-19T21:30:18.297847+09:00
Vocabulary Bridge,260.0,0.0,success,False,2026-08-19T21:12:09.668415+09:00
Vocabulary Brief,,,failed,False,2026-08-21T00:59:30.115655+09:00
Vocabulary Bulletin,,,failed,False,2026-08-21T00:59:19.513950+09:00
Vocabulary Calendar,140.0,51.0,success,False,2026-08-19T21:29:26.779055+09:00
Vocabulary Card,1600.0,70.0,success,False,2026-08-19T21:05:02.074506+09:00
Vocabulary Cascade,,,failed,False,2026-08-19T21:11:58.211530+09:00
Vocabulary Cash,,,failed,False,2026-08-21T02:25:06.190150+09:00
Vocabulary Cashback,,,failed,False,2026-08-27T21:16:07.337495+09:00
Vocabulary Catalog,,,failed,False,2026-08-19T21:09:42.547953+09:00
Vocabulary Category,390.0,2.0,success,False,2026-08-23T13:09:30.268446+09:00
Vocabulary Center,40.0,0.0,success,False,2026-08-19T21:15:54.238919+09:00
Vocabulary Chain,40.0,0.0,success,False,2026-08-19T21:17:37.116648+09:00
Vocabulary Charge,,,failed,False,2026-08-21T02:41:35.267281+09:00
Vocabulary Chart,1300.0,8.0,success,False,2026-08-19T21:31:59.320296+09:00
Vocabulary Check,1000.0,14.0,success,False,2026-08-19T21:05:26.715187+09:00
Vocabulary Checker,1000.0,14.0,success,False,2026-08-27T23:58:26.225716+09:00
Vocabulary Checklist,50.0,0.0,success,False,2026-08-19T21:08:40.437861+09:00
Vocabulary Circular,,,failed,False,2026-08-21T01:01:51.697457+09:00
Vocabulary Code,50.0,1.0,success,False,2026-08-19T21:55:54.779139+09:00
Vocabulary Companion,10.0,0.0,success,False,2026-08-19T21:19:47.057352+09:00
Vocabulary Comparison,140.0,1.0,success,False,2026-08-28T01:09:06.544338+09:00
Vocabulary Confirmation,,,failed,False,2026-08-21T00:59:48.261603+09:00
Vocabulary Core,,,failed,False,2026-08-19T21:14:23.234492+09:00
Vocabulary Cost,,,failed,False,2026-08-21T02:08:19.202315+09:00
Vocabulary Counter,50.0,12.0,success,False,2026-08-19T21:30:03.373519+09:00
Vocabulary Coupon,,,failed,False,2026-08-27T21:16:00.984636+09:00
Vocabulary Deal,,,failed,False,2026-08-21T01:51:15.763734+09:00
Vocabulary Debt,,,failed,False,2026-08-21T02:25:01.097647+09:00
Vocabulary Deck,,,failed,False,2026-08-19T21:14:58.322778+09:00
Vocabulary Desk,,,failed,False,2026-08-19T21:10:39.923410+09:00
Vocabulary Detail,,,failed,False,2026-08-23T03:22:34.004366+09:00
Vocabulary Detector,,,failed,False,2026-08-27T23:58:34.382467+09:00
Vocabulary Digest,10.0,0.0,success,False,2026-08-19T21:07:38.685875+09:00
Vocabulary Directory,,,failed,False,2026-08-19T21:29:34.148902+09:00
Vocabulary Dossier,,,failed,False,2026-08-21T00:59:52.495839+09:00
Vocabulary Downpayment,,,failed,False,2026-08-27T21:47:17.528863+09:00
Vocabulary Draft,,,failed,False,2026-08-19T21:07:57.029357+09:00
Vocabulary Duty,,,failed,False,2026-08-21T02:41:38.667611+09:00
Vocabulary Endowment,,,failed,False,2026-08-23T15:50:59.628265+09:00
Vocabulary Engine,,,failed,False,2026-08-19T21:18:46.381283+09:00
Vocabulary Entry,10.0,2.0,success,False,2026-08-21T01:00:01.570868+09:00
Vocabulary Estimate,140.0,15.0,success,False,2026-08-19T21:09:27.813218+09:00
Vocabulary Estimator,140.0,15.0,success,False,2026-08-27T23:58:26.225716+09:00
Vocabulary Excerpt,,,failed,False,2026-08-21T01:02:05.845061+09:00
Vocabulary Extension,140.0,5.0,success,False,2026-08-23T16:38:24.543370+09:00
Vocabulary Fare,,,failed,False,2026-08-21T02:08:27.719210+09:00
Vocabulary Fee,,,failed,False,2026-08-21T01:50:46.788824+09:00
Vocabulary Feed,,,failed,False,2026-08-19T21:07:49.558493+09:00
Vocabulary Field,40.0,0.0,success,False,2026-08-23T13:09:35.316031+09:00
Vocabulary File,260.0,17.0,success,False,2026-08-19T21:06:56.055921+09:00
Vocabulary Finder,90.0,3.0,success,False,2026-08-19T21:29:49.422411+09:00
Vocabulary Flag,,,failed,False,2026-08-21T00:36:18.143483+09:00
Vocabulary Flow,320.0,2.0,success,False,2026-08-19T21:10:20.581807+09:00
Vocabulary Forge,,,failed,False,2026-08-19T21:11:46.371328+09:00
Vocabulary Form,390.0,0.0,success,False,2026-08-19T21:04:49.568415+09:00
Vocabulary Format,70.0,2.0,success,False,2026-08-23T13:09:37.494287+09:00
Vocabulary Frame,320.0,0.0,success,False,2026-08-19T21:14:03.656959+09:00
Vocabulary Fund,,,failed,False,2026-08-21T02:25:03.924004+09:00
Vocabulary Gate,,,failed,False,2026-08-19T21:17:53.819858+09:00
Vocabulary Giveaway,,,failed,False,2026-08-27T21:16:10.166929+09:00
Vocabulary Grade,,,failed,False,2026-08-21T00:36:02.867452+09:00
Vocabulary Grid,50.0,0.0,success,False,2026-08-19T21:13:04.964598+09:00
Vocabulary Guarantee,,,failed,False,2026-08-28T01:01:36.692864+09:00
Vocabulary Harbor,,,failed,False,2026-08-19T21:31:11.020553+09:00
Vocabulary History,720.0,1.0,success,False,2026-08-19T21:06:44.412093+09:00
Vocabulary Hotline,,,failed,False,2026-08-19T21:09:52.138956+09:00
Vocabulary Hub,40.0,1.0,success,False,2026-08-19T21:10:29.402308+09:00
Vocabulary Identifier,,,failed,False,2026-08-23T13:09:27.676904+09:00
Vocabulary Inbox,,,failed,False,2026-08-19T21:31:43.962049+09:00
Vocabulary Incentive,,,failed,False,2026-08-27T21:16:10.166929+09:00
Vocabulary Index,50.0,0.0,success,False,2026-08-19T21:08:50.261483+09:00
Vocabulary Item,390.0,4.0,success,False,2026-08-21T01:50:57.666770+09:00
Vocabulary Journal,5400.0,16.0,success,False,2026-08-19T21:29:12.327035+09:00
Vocabulary Keeper,,,failed,False,2026-08-19T21:18:24.331096+09:00
Vocabulary Kiosk,,,failed,False,2026-08-19T21:30:24.987558+09:00
Vocabulary Lab,260.0,2.0,success,False,2026-08-19T21:15:20.790094+09:00
Vocabulary Ledger,,,failed,False,2026-08-19T21:14:34.800336+09:00
Vocabulary Level,590.0,3.0,success,False,2026-08-19T21:07:06.926428+09:00
Vocabulary Line,,,failed,False,2026-08-19T21:03:45.298500+09:00
Vocabulary Link,50.0,5.0,success,False,2026-08-23T03:22:26.114633+09:00
Vocabulary List,5400.0,4.0,success,False,2026-08-19T21:56:05.092972+09:00
Vocabulary Loan,,,failed,False,2026-08-21T02:08:41.527197+09:00
Vocabulary Lobby,,,failed,False,2026-08-19T21:32:23.492274+09:00
Vocabulary Locator,,,failed,False,2026-08-19T21:29:42.361641+09:00
Vocabulary Locker,,,failed,False,2026-08-19T21:30:10.428031+09:00
Vocabulary Log,390.0,6.0,success,False,2026-08-19T21:04:36.711918+09:00
Vocabulary Loop,,,failed,False,2026-08-19T21:12:51.464479+09:00
Vocabulary Manager,10.0,20.0,success,False,2026-08-19T21:18:34.619237+09:00
Vocabulary Map,1300.0,2.0,success,False,2026-08-19T21:13:52.940752+09:00
Vocabulary Memo,,,failed,False,2026-08-21T00:36:08.674469+09:00
Vocabulary Monitor,,,failed,False,2026-08-19T21:19:35.712806+09:00
Vocabulary Nexus,,,failed,False,2026-08-19T21:18:01.862049+09:00
Vocabulary Note,1900.0,3.0,success,False,2026-08-19T21:05:52.966416+09:00
Vocabulary Office,720.0,4.0,success,False,2026-08-19T21:29:55.661249+09:00
Vocabulary Ops,,,failed,False,2026-08-19T21:20:10.804990+09:00
Vocabulary Outpost,,,failed,False,2026-08-19T21:30:54.257177+09:00
Vocabulary Overage,,,failed,False,2026-08-27T21:47:15.270708+09:00
Vocabulary Overdue,,,failed,False,2026-08-27T21:47:13.030634+09:00
Vocabulary Panel,,,failed,False,2026-08-19T21:16:36.317434+09:00
Vocabulary Passport,50.0,4.0,success,False,2026-08-19T21:32:13.666054+09:00
Vocabulary Path,,,failed,False,2026-08-19T21:13:28.219579+09:00
Vocabulary Payoff,,,failed,False,2026-08-27T21:47:13.030634+09:00
Vocabulary Petition,,,failed,False,2026-08-21T00:59:43.831495+09:00
Vocabulary Plan,30.0,13.0,success,False,2026-08-21T01:51:06.981175+09:00
Vocabulary Planner,30.0,13.0,success,False,2026-08-19T21:19:11.883317+09:00
Vocabulary Playbook,30.0,86.0,success,False,2026-08-19T21:29:05.227189+09:00
Vocabulary Plaza,,,failed,False,2026-08-19T21:31:03.580111+09:00
Vocabulary Point,90.0,1.0,success,False,2026-08-19T21:13:40.486879+09:00
Vocabulary Portal,,,failed,False,2026-08-19T21:16:14.581068+09:00
Vocabulary Post,,,failed,False,2026-08-19T21:30:47.462824+09:00
Vocabulary Preview,170.0,0.0,success,False,2026-08-28T01:01:32.188675+09:00
Vocabulary Profile,210.0,2.0,success,False,2026-08-19T21:06:15.149170+09:00
Vocabulary Profit,10.0,,success,False,2026-08-23T02:56:32.879910+09:00
Vocabulary Proposal,,,failed,False,2026-08-28T01:01:36.692864+09:00
Vocabulary Queue,,,failed,False,2026-08-19T21:09:15.467375+09:00
Vocabulary Quota,,,failed,False,2026-08-21T00:36:14.044141+09:00
Vocabulary Radar,,,failed,False,2026-08-19T21:10:51.939321+09:00
Vocabulary Rail,,,failed,False,2026-08-19T21:17:17.082757+09:00
Vocabulary Rate,30.0,0.0,success,False,2026-08-19T21:07:18.151537+09:00
Vocabulary Recap,20.0,0.0,success,False,2026-08-21T01:02:03.687665+09:00
Vocabulary Receipt,,,failed,False,2026-08-19T21:55:44.120814+09:00
Vocabulary Register,50.0,2.0,success,False,2026-08-19T21:19:58.668783+09:00
Vocabulary Registry,,,failed,False,2026-08-19T21:29:19.590151+09:00
Vocabulary Relay,210.0,0.0,success,False,2026-08-19T21:11:04.489546+09:00
Vocabulary Reminder,20.0,14.0,success,False,2026-08-19T21:08:27.297609+09:00
Vocabulary Report,70.0,0.0,success,False,2026-08-19T21:04:22.708628+09:00
Vocabulary Roll,10.0,0.0,success,False,2026-08-19T21:04:09.833583+09:00
Vocabulary Roster,,,failed,False,2026-08-19T21:31:33.933839+09:00
Vocabulary Route,,,failed,False,2026-08-19T21:17:05.944580+09:00
Vocabulary Rule,,,failed,False,2026-08-23T03:22:30.618913+09:00
Vocabulary Sale,,,failed,False,2026-08-21T02:25:13.538662+09:00
Vocabulary Sample,3600.0,7.0,success,False,2026-08-19T21:56:53.361235+09:00
Vocabulary Scale,70.0,1.0,success,False,2026-08-19T21:16:50.838174+09:00
Vocabulary Scanner,10.0,29.0,success,False,2026-08-27T23:58:28.934840+09:00
Vocabulary Scheduler,,,failed,False,2026-08-19T21:19:23.397844+09:00
Vocabulary Scope,,,failed,False,2026-08-19T21:12:41.804289+09:00
Vocabulary Score,20.0,13.0,success,False,2026-08-19T21:05:39.916573+09:00
Vocabulary Sheet,6600.0,13.0,success,False,2026-08-19T21:05:14.341737+09:00
Vocabulary Shelf,,,failed,False,2026-08-19T21:31:25.099741+09:00
Vocabulary Shortfall,,,failed,False,2026-08-27T21:47:19.918276+09:00
Vocabulary Signal,,,failed,False,2026-08-19T21:12:22.393942+09:00
Vocabulary Signature,,,failed,False,2026-08-23T13:28:22.129962+09:00
Vocabulary Slip,,,failed,False,2026-08-19T21:56:40.008866+09:00
Vocabulary Slot,,,failed,False,2026-08-19T21:57:01.942587+09:00
Vocabulary Stake,,,failed,False,2026-08-23T02:56:38.023044+09:00
Vocabulary Statement,,,failed,False,2026-08-21T00:35:54.809657+09:00
Vocabulary Station,50.0,22.0,success,False,2026-08-19T21:15:31.407245+09:00
Vocabulary Status,10.0,0.0,success,False,2026-08-19T21:06:27.741536+09:00
Vocabulary Streak,,,failed,False,2026-08-28T00:49:05.838031+09:00
Vocabulary Stub,,,failed,False,2026-08-21T00:35:49.197244+09:00
Vocabulary Studio,10.0,2.0,success,False,2026-08-19T21:15:09.209545+09:00
Vocabulary Sum,,,failed,False,2026-08-21T02:24:56.488655+09:00
Vocabulary Summary,90.0,0.0,success,False,2026-08-19T21:08:07.894185+09:00
Vocabulary Surtax,,,failed,False,2026-08-23T15:51:01.656182+09:00
Vocabulary Tab,,,failed,False,2026-08-21T00:36:21.244854+09:00
Vocabulary Table,590.0,1.0,success,False,2026-08-19T21:56:18.827565+09:00
Vocabulary Tag,10.0,6.0,success,False,2026-08-19T21:06:04.880535+09:00
Vocabulary Tally,,,failed,False,2026-08-21T00:36:00.602558+09:00
Vocabulary Tariff,,,failed,False,2026-08-21T02:41:51.779430+09:00
Vocabulary Tax,,,failed,False,2026-08-21T02:08:37.852191+09:00
Vocabulary Terminal,,,failed,False,2026-08-19T21:15:42.753829+09:00
Vocabulary Ticker,,,failed,False,2026-08-19T21:03:30.036000+09:00
Vocabulary Ticket,,,failed,False,2026-08-19T21:09:02.600791+09:00
Vocabulary Tier,1600.0,1.0,success,False,2026-08-28T00:49:05.838031+09:00
Vocabulary Timeline,40.0,0.0,success,False,2026-08-19T21:08:17.191236+09:00
Vocabulary Toll,,,failed,False,2026-08-21T02:41:45.973513+09:00
Vocabulary Tower,,,failed,False,2026-08-19T21:31:17.357360+09:00
Vocabulary Tracker,390.0,3.0,success,False,2026-08-19T21:10:07.849360+09:00
Vocabulary Trail,,,failed,False,2026-08-19T21:17:27.324738+09:00
Vocabulary Trial,10.0,0.0,success,False,2026-08-27T21:16:07.337495+09:00
Vocabulary Unit,320.0,0.0,success,False,2026-08-21T02:06:01.492109+09:00
Vocabulary Update,10.0,0.0,success,False,2026-08-19T21:07:27.526395+09:00
Vocabulary Value,,,failed,False,2026-08-23T02:56:35.195472+09:00
Vocabulary Vault,320.0,10.0,success,False,2026-08-19T21:11:12.970448+09:00
Vocabulary Version,,,failed,False,2026-08-23T03:22:22.094995+09:00
Vocabulary View,,,failed,False,2026-08-19T21:06:37.485931+09:00
Vocabulary Voucher,,,failed,False,2026-08-21T00:35:36.889482+09:00
Vocabulary Watch,20.0,0.0,success,False,2026-08-19T21:12:31.857265+09:00
Vocabulary Wave,,,failed,False,2026-08-19T21:13:17.515413+09:00
Vocabulary Window,110.0,0.0,success,False,2026-08-19T21:03:58.078741+09:00
Vocabulary Yard,,,failed,False,2026-08-19T21:30:31.013934+09:00
Vocabulary Zone,50.0,4.0,success,False,2026-08-19T21:16:04.396422+09:00
Volunteer Advance,,,failed,False,2026-08-23T16:13:34.147754+09:00
Volunteer Advisory,,,failed,False,2026-08-21T01:01:55.292277+09:00
Volunteer Allowance,50.0,0.0,success,False,2026-08-21T02:38:59.400124+09:00
Volunteer Almanac,,,failed,False,2026-08-18T22:11:59.574853+09:00
Volunteer Analyzer,,,failed,False,2026-08-27T23:55:28.059641+09:00
Volunteer Anchor,,,failed,False,2026-08-17T21:34:15.444697+09:00
Volunteer Announcement,20.0,0.0,success,False,2026-08-27T23:34:29.939711+09:00
Volunteer Arrears,,,failed,False,2026-08-23T16:13:30.945408+09:00
Volunteer Asset,,,failed,False,2026-08-23T13:46:43.137504+09:00
Volunteer Assistant,170.0,1.0,success,False,2026-08-17T23:28:41.981102+09:00
Volunteer Atlas,10.0,0.0,success,False,2026-08-17T20:42:10.144192+09:00
Volunteer Attribute,,,failed,False,2026-08-23T13:06:29.194377+09:00
Volunteer Badge,1600.0,100.0,success,False,2026-08-21T00:25:40.973918+09:00
Volunteer Balance,,,failed,False,2026-08-23T13:46:40.614274+09:00
Volunteer Base,590.0,8.0,success,False,2026-08-17T20:39:18.247368+09:00
Volunteer Beacon,,,failed,False,2026-08-17T21:38:35.218560+09:00
Volunteer Blueprint,,,failed,False,2026-08-18T22:11:49.715981+09:00
Volunteer Board,210.0,3.0,success,False,2026-08-17T20:36:31.502472+09:00
Volunteer Book,210.0,23.0,success,False,2026-08-19T21:46:29.828345+09:00
Volunteer Bridge,50.0,3.0,success,False,2026-08-17T21:35:18.423759+09:00
Volunteer Brief,,,failed,False,2026-08-21T00:59:36.315785+09:00
Volunteer Bulletin,,,failed,False,2026-08-21T00:59:32.095317+09:00
Volunteer Calculator,20.0,2.0,success,False,2026-08-27T23:34:29.939711+09:00
Volunteer Calendar,110.0,1.0,success,False,2026-08-18T23:59:57.747609+09:00
Volunteer Card,1600.0,5.0,success,False,2026-08-19T13:37:36.286521+09:00
Volunteer Cascade,,,failed,False,2026-08-17T21:36:24.237197+09:00
Volunteer Cash,10.0,0.0,success,False,2026-08-21T02:23:31.419607+09:00
Volunteer Cashback,,,failed,False,2026-08-27T21:15:44.469109+09:00
Volunteer Catalog,10.0,0.0,success,False,2026-08-19T21:03:18.431019+09:00
Volunteer Category,50.0,3.0,success,False,2026-08-23T13:06:27.049949+09:00
Volunteer Center,2900.0,2.0,success,False,2026-08-18T07:43:47.974817+09:00
Volunteer Chain,,,failed,False,2026-08-17T20:46:49.856300+09:00
Volunteer Charge,,,failed,False,2026-08-21T02:38:51.441238+09:00
Volunteer Check,110.0,9.0,success,False,2026-08-19T13:37:53.958127+09:00
Volunteer Checker,,,failed,False,2026-08-27T23:55:17.807220+09:00
Volunteer Circular,,,failed,False,2026-08-21T01:01:52.955831+09:00
Volunteer Cockpit,,,failed,False,2026-08-17T23:09:36.803243+09:00
Volunteer Code,90.0,2.0,success,False,2026-08-19T21:45:53.420711+09:00
Volunteer Codex,,,failed,False,2026-08-18T22:12:15.534077+09:00
Volunteer Companion,70.0,8.0,success,False,2026-08-17T23:30:08.040310+09:00
Volunteer Comparison,,,failed,False,2026-08-28T01:05:26.346049+09:00
Volunteer Compass,40.0,2.0,success,False,2026-08-17T21:40:49.556938+09:00
Volunteer Compendium,,,failed,False,2026-08-18T22:12:08.779533+09:00
Volunteer Confirmation,10.0,3.0,success,False,2026-08-21T00:59:52.495839+09:00
Volunteer Console,,,failed,False,2026-08-17T21:38:00.601683+09:00
Volunteer Contribution,50.0,0.0,success,False,2026-08-23T16:13:30.945408+09:00
Volunteer Core,70.0,2.0,success,False,2026-08-17T20:38:24.877008+09:00
Volunteer Cost,20.0,0.0,success,False,2026-08-21T02:08:15.230542+09:00
Volunteer Count,,,failed,False,2026-08-27T22:48:03.762773+09:00
Volunteer Counter,,,failed,False,2026-08-19T00:00:51.306672+09:00
Volunteer Coupon,,,failed,False,2026-08-27T21:15:44.469109+09:00
Volunteer Dashboard,170.0,14.0,success,False,2026-08-17T23:29:49.351305+09:00
Volunteer Deal,10.0,43.0,success,False,2026-08-21T01:52:17.382086+09:00
Volunteer Debt,,,failed,False,2026-08-21T02:23:20.274615+09:00
Volunteer Deck,,,failed,False,2026-08-17T20:35:36.002153+09:00
Volunteer Depot,,,failed,False,2026-08-19T00:00:34.964613+09:00
Volunteer Desk,70.0,0.0,success,False,2026-08-17T20:33:15.121215+09:00
Volunteer Detail,10.0,0.0,success,False,2026-08-23T03:17:56.844473+09:00
Volunteer Detector,,,failed,False,2026-08-27T23:55:24.915525+09:00
Volunteer Diagram,,,failed,False,2026-08-27T22:10:23.604541+09:00
Volunteer Dial,,,failed,False,2026-08-17T21:35:49.618076+09:00
Volunteer Digest,,,failed,False,2026-08-19T20:48:51.281701+09:00
Volunteer Directory,70.0,1.0,success,False,2026-08-19T00:00:08.120656+09:00
Volunteer Discount,140.0,1.0,success,False,2026-08-23T16:13:24.161828+09:00
Volunteer Dock,,,failed,False,2026-08-17T21:31:33.014186+09:00
Volunteer Dossier,,,failed,False,2026-08-21T00:59:56.543467+09:00
Volunteer Downpayment,,,failed,False,2026-08-27T21:46:54.698818+09:00
Volunteer Draft,10.0,0.0,success,False,2026-08-19T20:49:04.250848+09:00
Volunteer Due,,,failed,False,2026-08-23T15:51:26.748439+09:00
Volunteer Duty,320.0,0.0,success,False,2026-08-21T02:38:54.796216+09:00
Volunteer Endowment,,,failed,False,2026-08-23T15:51:33.860172+09:00
Volunteer Engine,,,failed,False,2026-08-17T23:06:04.469497+09:00
Volunteer Entry,,,failed,False,2026-08-21T01:00:09.157430+09:00
Volunteer Estimate,,,failed,False,2026-08-19T21:33:06.191339+09:00
Volunteer Estimator,,,failed,False,2026-08-27T23:55:14.253857+09:00
Volunteer Excerpt,,,failed,False,2026-08-21T01:02:07.931527+09:00
Volunteer Extension,,,failed,False,2026-08-23T16:38:31.502720+09:00
Volunteer Fare,,,failed,False,2026-08-21T02:08:23.223151+09:00
Volunteer Fee,30.0,0.0,success,False,2026-08-21T01:51:50.568304+09:00
Volunteer Feed,,,failed,False,2026-08-19T20:48:59.251157+09:00
Volunteer File,,,failed,False,2026-08-19T20:48:32.959283+09:00
Volunteer Finder,140.0,11.0,success,False,2026-08-19T00:00:25.348270+09:00
Volunteer Fine,,,failed,False,2026-08-23T02:54:15.524012+09:00
Volunteer Flag,40.0,33.0,success,False,2026-08-21T00:26:23.518919+09:00
Volunteer Flow,,,failed,False,2026-08-17T20:36:04.789698+09:00
Volunteer Forge,,,failed,False,2026-08-17T21:37:26.190503+09:00
Volunteer Form,1600.0,5.0,success,False,2026-08-19T13:37:25.441438+09:00
Volunteer Format,,,failed,False,2026-08-23T13:06:33.832553+09:00
Volunteer Frame,,,failed,False,2026-08-17T20:40:13.744558+09:00
Volunteer Fund,210.0,3.0,success,False,2026-08-21T02:23:24.043193+09:00
Volunteer Gate,,,failed,False,2026-08-17T20:43:57.612589+09:00
Volunteer Giveaway,,,failed,False,2026-08-27T21:15:51.614768+09:00
Volunteer Grade,,,failed,False,2026-08-21T00:26:07.923229+09:00
Volunteer Graph,,,failed,False,2026-08-27T22:10:10.749365+09:00
Volunteer Grid,,,failed,False,2026-08-17T20:47:23.581270+09:00
Volunteer Guarantee,,,failed,False,2026-08-28T01:05:31.519640+09:00
Volunteer Guard,20.0,1.0,success,False,2026-08-17T20:38:51.261946+09:00
Volunteer Guardian,40.0,3.0,success,False,2026-08-28T00:24:51.336275+09:00
Volunteer Guidebook,10.0,2.0,success,False,2026-08-18T22:11:32.522772+09:00
Volunteer Helpdesk,,,failed,False,2026-08-27T22:48:03.762773+09:00
Volunteer Helper,70.0,3.0,success,False,2026-08-28T00:24:56.382213+09:00
Volunteer History,320.0,0.0,success,False,2026-08-19T20:48:26.152213+09:00
Volunteer Hotline,210.0,6.0,success,False,2026-08-19T21:03:33.928340+09:00
Volunteer Hub,4400.0,3.0,success,False,2026-08-17T20:35:06.364440+09:00
Volunteer Identifier,,,failed,False,2026-08-23T13:06:24.369926+09:00
Volunteer Incentive,70.0,2.0,success,False,2026-08-27T21:15:49.145755+09:00
Volunteer Index,10.0,0.0,success,False,2026-08-19T21:33:04.196015+09:00
Volunteer Insight,,,failed,False,2026-08-17T23:14:46.249386+09:00
Volunteer Interest,110.0,1.0,success,False,2026-08-23T13:46:43.137504+09:00
Volunteer Item,,,failed,False,2026-08-21T01:52:03.394231+09:00
Volunteer Journal,30.0,1.0,success,False,2026-08-18T22:11:13.751205+09:00
Volunteer Keeper,,,failed,False,2026-08-17T20:40:34.523017+09:00
Volunteer Kit,70.0,5.0,success,False,2026-08-27T22:47:59.631121+09:00
Volunteer Lab,480.0,3.0,success,False,2026-08-17T20:33:46.243100+09:00
Volunteer Label,40.0,2.0,success,False,2026-08-27T22:10:16.912585+09:00
Volunteer Ledger,,,failed,False,2026-08-17T20:37:29.909330+09:00
Volunteer Lens,,,failed,False,2026-08-17T20:41:00.568700+09:00
Volunteer Level,,,failed,False,2026-08-19T20:48:37.662202+09:00
Volunteer Link,140.0,4.0,success,False,2026-08-23T03:17:50.653872+09:00
Volunteer List,480.0,1.0,success,False,2026-08-19T21:46:03.788347+09:00
Volunteer Loan,20.0,1.0,success,False,2026-08-21T02:08:33.058112+09:00
Volunteer Locator,70.0,10.0,success,False,2026-08-19T00:00:18.530849+09:00
Volunteer Lock,,,failed,False,2026-08-17T20:42:34.302604+09:00
Volunteer Log,390.0,10.0,success,False,2026-08-19T13:37:00.513744+09:00
Volunteer Loop,390.0,0.0,success,False,2026-08-17T20:48:40.258747+09:00
Volunteer Manager,1600.0,12.0,success,False,2026-08-17T20:39:46.897200+09:00
Volunteer Manual,50.0,0.0,success,False,2026-08-27T22:10:16.912585+09:00
Volunteer Map,50.0,1.0,success,False,2026-08-17T20:41:48.704350+09:00
Volunteer Margin,,,failed,False,2026-08-23T02:54:13.248458+09:00
Volunteer Marker,,,failed,False,2026-08-23T13:27:16.161149+09:00
Volunteer Memo,10.0,0.0,success,False,2026-08-21T00:26:13.350270+09:00
Volunteer Message,40.0,20.0,success,False,2026-08-27T23:13:03.121922+09:00
Volunteer Meter,,,failed,False,2026-08-17T21:34:46.886716+09:00
Volunteer Metrics,10.0,0.0,success,False,2026-08-17T23:29:34.686853+09:00
Volunteer Monitor,20.0,0.0,success,False,2026-08-17T23:29:16.727834+09:00
Volunteer Navigator,10.0,17.0,success,False,2026-08-17T23:03:58.711434+09:00
Volunteer Nexus,30.0,0.0,success,False,2026-08-17T20:43:01.991108+09:00
Volunteer Node,,,failed,False,2026-08-17T20:44:43.054193+09:00
Volunteer Note,,,failed,False,2026-08-19T13:38:30.096101+09:00
Volunteer Notification,20.0,0.0,success,False,2026-08-27T22:47:56.654242+09:00
Volunteer Number,50.0,1.0,success,False,2026-08-23T03:17:44.508741+09:00
Volunteer Office,320.0,6.0,success,False,2026-08-19T00:00:44.927785+09:00
Volunteer Ops,165000.0,8.0,success,False,2026-08-17T23:30:21.472957+09:00
Volunteer Order,,,failed,False,2026-08-19T22:07:18.055706+09:00
Volunteer Organizer,90.0,19.0,success,False,2026-08-17T23:07:51.294970+09:00
Volunteer Overage,,,failed,False,2026-08-27T21:46:52.310844+09:00
Volunteer Overdraft,,,failed,False,2026-08-23T15:51:28.689965+09:00
Volunteer Overdue,,,failed,False,2026-08-27T21:46:47.630562+09:00
Volunteer Panel,10.0,0.0,success,False,2026-08-17T21:36:52.396982+09:00
Volunteer Pass,110.0,0.0,success,False,2026-08-21T00:25:26.988508+09:00
Volunteer Path,40.0,1.0,success,False,2026-08-17T20:44:21.106446+09:00
Volunteer Payoff,,,failed,False,2026-08-27T21:46:49.880048+09:00
Volunteer Penalty,,,failed,False,2026-08-23T16:38:24.543370+09:00
Volunteer Petition,,,failed,False,2026-08-21T00:59:48.261603+09:00
Volunteer Pilot,140.0,4.0,success,False,2026-08-17T20:34:15.100698+09:00
Volunteer Plan,70.0,3.0,success,False,2026-08-21T01:52:08.240457+09:00
Volunteer Planner,70.0,3.0,success,False,2026-08-17T23:13:09.056664+09:00
Volunteer Playbook,30.0,4.0,success,False,2026-08-18T22:11:05.779319+09:00
Volunteer Point,1600.0,3.0,success,False,2026-08-17T20:43:29.254301+09:00
Volunteer Portal,2400.0,3.0,success,False,2026-08-17T21:39:25.145394+09:00
Volunteer Preview,,,failed,False,2026-08-28T01:05:26.346049+09:00
Volunteer Profile,110.0,0.0,success,False,2026-08-19T13:39:01.193066+09:00
Volunteer Profit,,,failed,False,2026-08-23T02:54:06.073801+09:00
Volunteer Proposal,10.0,0.0,success,False,2026-08-28T01:05:28.825650+09:00
Volunteer Pulse,,,failed,False,2026-08-17T20:46:12.433556+09:00
Volunteer Quota,,,failed,False,2026-08-21T00:26:18.251155+09:00
Volunteer Radar,,,failed,False,2026-08-17T20:32:03.329355+09:00
Volunteer Rail,,,failed,False,2026-08-17T21:30:24.502544+09:00
Volunteer Rate,90.0,3.0,success,False,2026-08-19T20:48:40.120494+09:00
Volunteer Recap,,,failed,False,2026-08-21T01:02:05.845061+09:00
Volunteer Receipt,,,failed,False,2026-08-19T22:07:41.945033+09:00
Volunteer Recorder,,,failed,False,2026-08-27T23:34:34.248381+09:00
Volunteer Redemption,,,failed,False,2026-08-23T16:38:29.056767+09:00
Volunteer Register,880.0,6.0,success,False,2026-08-17T23:11:13.383500+09:00
Volunteer Registry,880.0,6.0,success,False,2026-08-18T22:11:41.345427+09:00
Volunteer Relay,,,failed,False,2026-08-18T07:52:44.350821+09:00
Volunteer Reminder,10.0,4.0,success,False,2026-08-19T21:33:04.196015+09:00
Volunteer Report,70.0,1.0,success,False,2026-08-19T13:36:52.870932+09:00
Volunteer Repository,,,failed,False,2026-08-27T23:13:16.008786+09:00
Volunteer Roadmap,,,failed,False,2026-08-18T22:12:21.706710+09:00
Volunteer Roster,140.0,7.0,success,False,2026-08-19T00:37:55.750406+09:00
Volunteer Route,,,failed,False,2026-08-17T21:32:45.123730+09:00
Volunteer Rule,,,failed,False,2026-08-23T03:17:54.192615+09:00
Volunteer Sale,90.0,8.0,success,False,2026-08-21T02:23:33.552099+09:00
Volunteer Sample,1300.0,0.0,success,True,2026-08-19T21:46:50.004607+09:00
Volunteer Scale,,,failed,False,2026-08-17T21:33:40.096792+09:00
Volunteer Scanner,,,failed,False,2026-08-27T23:55:21.576264+09:00
Volunteer Scheduler,480.0,16.0,success,False,2026-08-17T23:28:58.984040+09:00
Volunteer Scope,110.0,12.0,success,False,2026-08-17T21:30:57.458125+09:00
Volunteer Score,320.0,6.0,success,False,2026-08-19T13:38:13.390546+09:00
Volunteer Sentry,,,failed,False,2026-08-17T20:41:19.373388+09:00
Volunteer Sheet,720.0,8.0,success,False,2026-08-19T13:37:46.745101+09:00
Volunteer Shortfall,,,failed,False,2026-08-27T21:46:57.331452+09:00
Volunteer Signal,,,failed,False,2026-08-17T21:33:13.463030+09:00
Volunteer Signature,,,failed,False,2026-08-23T13:27:13.232233+09:00
Volunteer Slip,20.0,0.0,success,False,2026-08-19T21:46:42.037661+09:00
Volunteer Slot,,,failed,False,2026-08-19T21:47:05.219311+09:00
Volunteer Snapshot,,,failed,False,2026-08-18T22:11:24.179554+09:00
Volunteer Stake,,,failed,False,2026-08-23T02:54:11.154631+09:00
Volunteer Stamp,10.0,7.0,success,False,2026-08-23T13:27:20.193084+09:00
Volunteer Statement,40.0,0.0,success,False,2026-08-21T00:25:54.977191+09:00
Volunteer Station,20.0,0.0,success,False,2026-08-17T20:32:41.344957+09:00
Volunteer Status,40.0,0.0,success,False,2026-08-19T20:48:09.734804+09:00
Volunteer Stipend,260.0,1.0,success,False,2026-08-23T13:46:45.487661+09:00
Volunteer Streak,,,failed,False,2026-08-28T00:47:32.809688+09:00
Volunteer Stub,,,failed,False,2026-08-21T00:25:47.755507+09:00
Volunteer Studio,40.0,10.0,success,False,2026-08-17T20:34:38.143389+09:00
Volunteer Subsidy,10.0,0.0,success,False,2026-08-23T15:51:31.238085+09:00
Volunteer Suite,,,failed,False,2026-08-17T23:28:19.331420+09:00
Volunteer Sum,,,failed,False,2026-08-21T02:23:15.671365+09:00
Volunteer Summary,10.0,0.0,success,False,2026-08-19T21:33:01.101175+09:00
Volunteer Sync,,,failed,False,2026-08-17T20:37:01.636634+09:00
Volunteer Table,30.0,0.0,success,False,2026-08-19T21:46:17.017433+09:00
Volunteer Tag,260.0,91.0,success,False,2026-08-19T13:38:51.605801+09:00
Volunteer Tally,,,failed,False,2026-08-21T00:26:02.753353+09:00
Volunteer Tariff,,,failed,False,2026-08-21T02:39:01.824838+09:00
Volunteer Tax,390.0,2.0,success,False,2026-08-21T02:08:27.719210+09:00
Volunteer Ticket,70.0,41.0,success,False,2026-08-19T21:33:06.191339+09:00
Volunteer Tier,,,failed,False,2026-08-28T00:47:32.809688+09:00
Volunteer Timeline,,,failed,False,2026-08-19T21:33:01.101175+09:00
Volunteer Timer,,,failed,False,2026-08-28T00:24:47.033463+09:00
Volunteer Token,,,failed,False,2026-08-23T13:27:11.117738+09:00
Volunteer Toll,,,failed,False,2026-08-21T02:38:57.143403+09:00
Volunteer Toolbox,10.0,0.0,success,False,2026-08-28T00:24:53.833495+09:00
Volunteer Toolkit,170.0,7.0,success,False,2026-08-18T22:10:59.912583+09:00
Volunteer Total,,,failed,False,2026-08-27T23:13:06.155067+09:00
Volunteer Tracker,480.0,38.0,success,False,2026-08-17T20:38:02.236902+09:00
Volunteer Trail,1300.0,2.0,success,False,2026-08-17T20:48:06.680156+09:00
Volunteer Trend,,,failed,False,2026-08-28T01:05:22.748209+09:00
Volunteer Trial,,,failed,False,2026-08-27T21:15:49.145755+09:00
Volunteer Unit,20.0,6.0,success,False,2026-08-21T01:52:06.168283+09:00
Volunteer Update,40.0,0.0,success,False,2026-08-19T20:48:46.011592+09:00
Volunteer Value,210.0,3.0,success,False,2026-08-23T02:54:08.933520+09:00
Volunteer Vault,,,failed,False,2026-08-18T07:52:55.085793+09:00
Volunteer Version,,,failed,False,2026-08-23T03:17:46.671515+09:00
Volunteer View,,,failed,False,2026-08-19T20:48:20.425473+09:00
Volunteer Voucher,20.0,0.0,success,False,2026-08-21T00:25:35.006393+09:00
Volunteer Watch,40.0,5.0,success,False,2026-08-17T21:32:05.797514+09:00
Volunteer Wave,,,failed,False,2026-08-17T20:45:22.370262+09:00
Volunteer Widget,,,failed,False,2026-08-27T23:13:09.078623+09:00
Volunteer Workbench,,,failed,False,2026-08-18T22:10:51.704890+09:00
Volunteer Worksheet,110.0,1.0,success,False,2026-08-27T22:10:19.864578+09:00
Volunteer Workshop,70.0,2.0,success,False,2026-08-28T00:24:51.336275+09:00
Volunteer Zone,30.0,0.0,success,False,2026-08-17T21:41:28.759770+09:00
Vow Advisory,,,failed,False,2026-08-21T01:02:07.931527+09:00
Vow Alert,,,failed,False,2026-08-19T13:32:49.484496+09:00
Vow Allowance,,,failed,False,2026-08-21T02:42:25.352468+09:00
Vow Analyzer,,,failed,False,2026-08-27T23:58:58.371988+09:00
Vow Assistant,,,failed,False,2026-08-19T13:27:50.683202+09:00
Vow Atlas,,,failed,False,2026-08-19T13:27:02.036577+09:00
Vow Attribute,,,failed,False,2026-08-23T13:09:58.883939+09:00
Vow Badge,,,failed,False,2026-08-21T00:36:14.044141+09:00
Vow Base,,,failed,False,2026-08-19T13:42:37.156031+09:00
Vow Beacon,,,failed,False,2026-08-19T13:39:18.013288+09:00
Vow Bill,,,failed,False,2026-08-19T21:56:40.008866+09:00
Vow Board,,,failed,False,2026-08-19T13:21:52.267675+09:00
Vow Book,9900.0,100.0,success,False,2026-08-19T21:57:34.491231+09:00
Vow Bridge,10.0,0.0,success,False,2026-08-19T13:40:01.237122+09:00
Vow Brief,,,failed,False,2026-08-21T00:59:54.516148+09:00
Vow Bulletin,,,failed,False,2026-08-21T00:59:50.492128+09:00
Vow Calendar,,,failed,False,2026-08-19T13:29:31.691093+09:00
Vow Cascade,,,failed,False,2026-08-19T13:39:49.486851+09:00
Vow Cash,,,failed,False,2026-08-21T02:25:50.623607+09:00
Vow Catalog,,,failed,False,2026-08-19T21:10:39.923410+09:00
Vow Category,,,failed,False,2026-08-23T13:09:55.014275+09:00
Vow Center,,,failed,False,2026-08-19T13:23:44.398972+09:00
Vow Chain,10.0,3.0,success,False,2026-08-19T13:25:55.543115+09:00
Vow Charge,,,failed,False,2026-08-21T02:42:14.230561+09:00
Vow Chart,30.0,1.0,success,False,2026-08-19T13:32:55.447680+09:00
Vow Check,,,failed,False,2026-08-19T13:35:44.896452+09:00
Vow Checker,,,failed,False,2026-08-27T23:58:52.704840+09:00
Vow Checklist,,,failed,False,2026-08-19T21:09:40.471721+09:00
Vow Circular,,,failed,False,2026-08-21T01:02:05.845061+09:00
Vow Companion,,,failed,False,2026-08-19T13:28:22.445633+09:00
Vow Compass,,,failed,False,2026-08-19T13:38:58.073256+09:00
Vow Confirmation,,,failed,False,2026-08-21T01:00:11.561504+09:00
Vow Console,,,failed,False,2026-08-19T13:24:29.465553+09:00
Vow Core,,,failed,False,2026-08-19T13:20:58.742668+09:00
Vow Cost,,,failed,False,2026-08-21T02:09:05.168889+09:00
Vow Counter,110.0,0.0,success,False,2026-08-19T13:30:42.478470+09:00
Vow Deal,90.0,2.0,success,False,2026-08-21T01:51:57.784692+09:00
Vow Debt,,,failed,False,2026-08-21T02:25:44.046093+09:00
Vow Deck,,,failed,False,2026-08-19T13:22:04.691766+09:00
Vow Desk,,,failed,False,2026-08-19T13:37:53.958127+09:00
Vow Detail,,,failed,False,2026-08-23T03:23:11.854221+09:00
Vow Diagram,,,failed,False,2026-08-27T22:11:22.688416+09:00
Vow Digest,,,failed,False,2026-08-19T20:39:50.711958+09:00
Vow Directory,,,failed,False,2026-08-19T13:29:49.322759+09:00
Vow Dossier,,,failed,False,2026-08-21T01:00:18.302882+09:00
Vow Downpayment,,,failed,False,2026-08-27T21:47:39.871299+09:00
Vow Draft,10.0,0.0,success,False,2026-08-19T20:40:06.734480+09:00
Vow Due,,,failed,False,2026-08-23T15:51:15.880461+09:00
Vow Duty,,,failed,False,2026-08-21T02:42:16.992307+09:00
Vow Engine,,,failed,False,2026-08-19T13:27:40.228305+09:00
Vow Entry,,,failed,False,2026-08-21T01:00:29.585982+09:00
Vow Estimate,,,failed,False,2026-08-19T21:10:29.402308+09:00
Vow Excerpt,,,failed,False,2026-08-21T01:02:14.395969+09:00
Vow Fare,,,failed,False,2026-08-21T02:09:12.482274+09:00
Vow Fee,,,failed,False,2026-08-21T01:51:40.699894+09:00
Vow Field,,,failed,False,2026-08-23T13:10:01.579263+09:00
Vow File,,,failed,False,2026-08-19T20:39:14.214038+09:00
Vow Fine,,,failed,False,2026-08-23T02:57:15.173266+09:00
Vow Flag,,,failed,False,2026-08-21T00:36:42.590036+09:00
Vow Flow,,,failed,False,2026-08-19T13:37:36.286521+09:00
Vow Forge,,,failed,False,2026-08-19T13:39:34.156572+09:00
Vow Form,170.0,5.0,success,False,2026-08-19T13:35:09.228952+09:00
Vow Frame,1000.0,100.0,success,False,2026-08-19T13:42:30.376897+09:00
Vow Fund,,,failed,False,2026-08-21T02:25:47.031494+09:00
Vow Gate,,,failed,False,2026-08-19T13:26:15.412219+09:00
Vow Generator,320.0,32.0,success,False,2026-08-27T23:36:29.882311+09:00
Vow Grade,,,failed,False,2026-08-21T00:36:30.694005+09:00
Vow Graph,,,failed,False,2026-08-27T22:11:07.504968+09:00
Vow Grid,,,failed,False,2026-08-19T13:41:26.637679+09:00
Vow Helpdesk,,,failed,False,2026-08-27T22:49:35.364614+09:00
Vow Helper,390.0,54.0,success,False,2026-08-28T00:27:35.071119+09:00
Vow History,,,failed,False,2026-08-19T20:39:07.135209+09:00
Vow Hotline,,,failed,False,2026-08-19T21:10:51.939321+09:00
Vow Hub,,,failed,False,2026-08-19T13:37:44.092675+09:00
Vow Identifier,,,failed,False,2026-08-23T13:09:53.012547+09:00
Vow Inbox,,,failed,False,2026-08-19T13:32:42.417252+09:00
Vow Index,,,failed,False,2026-08-19T21:09:52.138956+09:00
Vow Item,,,failed,False,2026-08-21T01:51:43.156382+09:00
Vow Journal,50.0,100.0,success,False,2026-08-19T13:29:02.484553+09:00
Vow Keeper,20.0,3.0,success,False,2026-08-19T13:27:09.579518+09:00
Vow Kit,,,failed,False,2026-08-27T22:49:32.762391+09:00
Vow Lab,,,failed,False,2026-08-19T13:23:05.373596+09:00
Vow Label,10.0,0.0,success,False,2026-08-27T22:11:11.911250+09:00
Vow Ledger,,,failed,False,2026-08-19T13:21:40.944519+09:00
Vow Level,,,failed,False,2026-08-19T20:39:24.748166+09:00
Vow Line,,,failed,False,2026-08-19T13:33:51.668880+09:00
Vow Link,,,failed,False,2026-08-23T03:23:04.042146+09:00
Vow List,,,failed,False,2026-08-19T21:57:11.207151+09:00
Vow Loan,,,failed,False,2026-08-21T02:09:21.519694+09:00
Vow Log,,,failed,False,2026-08-19T13:34:25.531210+09:00
Vow Loop,,,failed,False,2026-08-19T13:41:02.359276+09:00
Vow Manager,,,failed,False,2026-08-19T13:27:22.269137+09:00
Vow Manual,,,failed,False,2026-08-27T22:11:14.702550+09:00
Vow Map,170.0,0.0,success,False,2026-08-19T13:42:14.783829+09:00
Vow Marker,,,failed,False,2026-08-23T13:26:22.288872+09:00
Vow Memo,,,failed,False,2026-08-21T00:36:33.618056+09:00
Vow Monitor,,,failed,False,2026-08-19T13:28:12.912105+09:00
Vow Nexus,,,failed,False,2026-08-19T13:26:40.628357+09:00
Vow Note,,,failed,False,2026-08-19T13:36:19.763333+09:00
Vow Notification,,,failed,False,2026-08-27T22:49:32.762391+09:00
Vow Number,10.0,0.0,success,False,2026-08-23T03:22:56.392022+09:00
Vow Office,10.0,2.0,success,False,2026-08-19T13:30:30.638587+09:00
Vow Ops,,,failed,False,2026-08-19T13:28:46.213071+09:00
Vow Order,20.0,2.0,success,False,2026-08-19T21:56:27.780319+09:00
Vow Outline,720.0,10.0,success,False,2026-08-27T22:28:56.801982+09:00
Vow Overage,,,failed,False,2026-08-27T21:47:37.465636+09:00
Vow Overdue,,,failed,False,2026-08-27T21:47:35.080437+09:00
Vow Panel,,,failed,False,2026-08-19T13:24:52.365790+09:00
Vow Pass,,,failed,False,2026-08-21T00:36:02.867452+09:00
Vow Passport,,,failed,False,2026-08-19T13:33:22.206561+09:00
Vow Path,,,failed,False,2026-08-19T13:41:55.083304+09:00
Vow Payoff,,,failed,False,2026-08-27T21:47:35.080437+09:00
Vow Petition,,,failed,False,2026-08-21T01:00:07.021185+09:00
Vow Plan,,,failed,False,2026-08-21T01:51:54.787871+09:00
Vow Planner,,,failed,False,2026-08-19T13:27:59.144364+09:00
Vow Playbook,,,failed,False,2026-08-19T13:28:55.054153+09:00
Vow Point,,,failed,False,2026-08-19T13:42:03.157163+09:00
Vow Portal,1000.0,1.0,success,False,2026-08-19T13:24:17.578330+09:00
Vow Preview,10.0,,success,False,2026-08-28T01:01:55.633503+09:00
Vow Profit,,,failed,False,2026-08-23T02:57:06.282457+09:00
Vow Queue,,,failed,False,2026-08-19T21:10:20.581807+09:00
Vow Quota,,,failed,False,2026-08-21T00:36:37.815514+09:00
Vow Radar,,,failed,False,2026-08-19T13:38:13.390546+09:00
Vow Rail,,,failed,False,2026-08-19T13:25:22.323430+09:00
Vow Recap,,,failed,False,2026-08-21T01:00:22.728561+09:00
Vow Recorder,,,failed,False,2026-08-27T23:36:29.882311+09:00
Vow Register,,,failed,False,2026-08-19T13:28:36.830433+09:00
Vow Registry,,,failed,False,2026-08-19T13:29:19.231161+09:00
Vow Relay,,,failed,False,2026-08-19T13:38:30.096101+09:00
Vow Reminder,,,failed,False,2026-08-19T21:09:27.813218+09:00
Vow Report,,,failed,False,2026-08-19T13:34:15.397109+09:00
Vow Repository,,,failed,False,2026-08-27T23:15:25.030230+09:00
Vow Roll,,,failed,False,2026-08-19T13:34:06.788909+09:00
Vow Route,,,failed,False,2026-08-19T13:25:08.614186+09:00
Vow Rule,,,failed,False,2026-08-23T03:23:07.645674+09:00
Vow Sale,,,failed,False,2026-08-21T02:25:53.601509+09:00
Vow Sample,22200.0,28.0,success,False,2026-08-19T21:57:56.725251+09:00
Vow Scanner,,,failed,False,2026-08-27T23:58:52.704840+09:00
Vow Scheduler,,,failed,False,2026-08-19T13:28:06.398636+09:00
Vow Scope,,,failed,False,2026-08-19T13:40:53.899440+09:00
Vow Score,,,failed,False,2026-08-19T13:35:50.277889+09:00
Vow Sheet,,,failed,False,2026-08-19T13:35:23.963790+09:00
Vow Shortfall,,,failed,False,2026-08-27T21:47:42.128898+09:00
Vow Signal,,,failed,False,2026-08-19T13:40:14.970348+09:00
Vow Signature,,,failed,False,2026-08-23T13:26:19.905298+09:00
Vow Slot,,,failed,False,2026-08-19T21:58:05.672882+09:00
Vow Stake,,,failed,False,2026-08-23T02:57:10.108047+09:00
Vow Stamp,,,failed,False,2026-08-23T13:26:25.215433+09:00
Vow Statement,,,failed,False,2026-08-21T00:36:21.244854+09:00
Vow Station,,,failed,False,2026-08-19T13:23:16.958274+09:00
Vow Status,,,failed,False,2026-08-19T20:38:46.605593+09:00
Vow Stub,,,failed,False,2026-08-21T00:36:16.111706+09:00
Vow Studio,1000.0,26.0,success,False,2026-08-19T13:22:55.768758+09:00
Vow Sum,,,failed,False,2026-08-21T02:25:39.755040+09:00
Vow Summary,,,failed,False,2026-08-19T21:09:02.600791+09:00
Vow Tab,,,failed,False,2026-08-21T00:36:48.316365+09:00
Vow Tally,,,failed,False,2026-08-21T00:36:26.230021+09:00
Vow Tariff,,,failed,False,2026-08-21T02:42:27.655082+09:00
Vow Tax,,,failed,False,2026-08-21T02:09:16.825512+09:00
Vow Ticker,30.0,7.0,success,False,2026-08-19T13:33:44.098374+09:00
Vow Ticket,,,failed,False,2026-08-19T21:10:07.849360+09:00
Vow Timeline,,,failed,False,2026-08-19T21:09:15.467375+09:00
Vow Toll,,,failed,False,2026-08-21T02:42:20.398693+09:00
Vow Toolbox,,,failed,False,2026-08-28T00:27:35.071119+09:00
Vow Tracker,,,failed,False,2026-08-19T13:37:14.131003+09:00
Vow Trail,,,failed,False,2026-08-19T13:25:50.130591+09:00
Vow Trial,,,failed,False,2026-08-27T21:16:28.518091+09:00
Vow Unit,,,failed,False,2026-08-21T01:51:47.599222+09:00
Vow Vault,10.0,2.0,success,False,2026-08-19T13:38:51.605801+09:00
Vow Version,10.0,,success,False,2026-08-23T03:23:00.689817+09:00
Vow View,,,failed,False,2026-08-19T20:38:57.092601+09:00
Vow Voucher,10.0,7.0,success,False,2026-08-21T00:36:08.674469+09:00
Vow Watch,,,failed,False,2026-08-19T13:40:29.386715+09:00
Vow Wave,,,failed,False,2026-08-19T13:41:43.922175+09:00
Vow Widget,,,failed,False,2026-08-27T23:15:18.585578+09:00
Vow Window,,,failed,False,2026-08-19T13:33:57.418081+09:00
Vow Worksheet,,,failed,False,2026-08-27T22:11:14.702550+09:00
Vow Workshop,,,failed,False,2026-08-28T00:27:31.291174+09:00
Vow Zone,,,failed,False,2026-08-19T13:24:07.507599+09:00
Voyage Advance,20.0,6.0,success,False,2026-08-23T16:16:51.381360+09:00
Voyage Advisory,140.0,0.0,success,False,2026-08-21T01:01:57.606553+09:00
Voyage Allowance,10.0,0.0,success,False,2026-08-21T02:41:24.321159+09:00
Voyage Almanac,10.0,,success,False,2026-08-18T23:52:24.399990+09:00
Voyage Analyzer,,,failed,False,2026-08-27T23:52:57.703687+09:00
Voyage Anchor,,,failed,False,2026-08-17T23:12:59.903146+09:00
Voyage Announcement,,,failed,False,2026-08-27T23:33:00.078931+09:00
Voyage Arrears,,,failed,False,2026-08-23T16:16:51.381360+09:00
Voyage Asset,,,failed,False,2026-08-23T13:48:06.578216+09:00
Voyage Assistant,,,failed,False,2026-08-17T23:13:36.575210+09:00
Voyage Atlas,6600.0,8.0,success,False,2026-08-17T23:04:42.962346+09:00
Voyage Attribute,,,failed,False,2026-08-23T13:08:24.927067+09:00
Voyage Badge,,,failed,False,2026-08-21T00:36:48.316365+09:00
Voyage Base,20.0,19.0,success,False,2026-08-17T23:12:34.850967+09:00
Voyage Beacon,,,failed,False,2026-08-17T23:11:21.548397+09:00
Voyage Bill,,,failed,False,2026-08-19T22:01:51.400634+09:00
Voyage Blueprint,,,failed,False,2026-08-18T23:52:24.399990+09:00
Voyage Board,,,failed,False,2026-08-17T23:33:09.699963+09:00
Voyage Book,590.0,32.0,success,False,2026-08-19T22:02:41.688719+09:00
Voyage Bridge,90.0,8.0,success,False,2026-08-17T23:30:43.619577+09:00
Voyage Brief,,,failed,False,2026-08-21T00:59:40.549783+09:00
Voyage Bulletin,,,failed,False,2026-08-21T00:59:36.315785+09:00
Voyage Calculator,260.0,0.0,success,False,2026-08-27T23:33:00.078931+09:00
Voyage Calendar,,,failed,False,2026-08-19T00:01:28.091265+09:00
Voyage Card,320.0,29.0,success,False,2026-08-19T13:21:49.505722+09:00
Voyage Cascade,,,failed,False,2026-08-17T23:05:55.492568+09:00
Voyage Cash,,,failed,False,2026-08-21T02:25:24.803683+09:00
Voyage Cashback,10.0,,success,False,2026-08-27T21:20:04.514316+09:00
Voyage Catalog,,,failed,False,2026-08-19T21:17:23.744501+09:00
Voyage Category,,,failed,False,2026-08-23T13:08:21.567126+09:00
Voyage Center,20.0,0.0,success,False,2026-08-17T23:23:36.709980+09:00
Voyage Chain,10.0,37.0,success,False,2026-08-17T23:25:47.175267+09:00
Voyage Charge,,,failed,False,2026-08-21T02:41:10.290966+09:00
Voyage Check,40.0,1.0,success,False,2026-08-19T13:22:13.329978+09:00
Voyage Checker,,,failed,False,2026-08-27T23:52:45.278124+09:00
Voyage Checklist,1000.0,15.0,success,False,2026-08-19T21:16:21.953049+09:00
Voyage Circular,,,failed,False,2026-08-21T01:01:55.292277+09:00
Voyage Cockpit,,,failed,False,2026-08-17T23:27:58.060156+09:00
Voyage Code,210.0,1.0,success,False,2026-08-19T22:02:09.365210+09:00
Voyage Codex,,,failed,False,2026-08-18T23:52:24.399990+09:00
Voyage Companion,20.0,4.0,success,False,2026-08-17T23:11:40.322748+09:00
Voyage Comparison,,,failed,False,2026-08-28T01:03:55.063070+09:00
Voyage Compass,50.0,5.0,success,False,2026-08-17T23:30:12.792820+09:00
Voyage Compendium,,,failed,False,2026-08-18T23:52:24.399990+09:00
Voyage Confirmation,,,failed,False,2026-08-21T00:59:56.543467+09:00
Voyage Console,10.0,42.0,success,False,2026-08-17T23:05:06.987834+09:00
Voyage Contribution,,,failed,False,2026-08-23T16:16:48.615272+09:00
Voyage Core,70.0,5.0,success,False,2026-08-17T23:32:55.929904+09:00
Voyage Cost,110.0,5.0,success,False,2026-08-21T02:09:16.825512+09:00
Voyage Count,,,failed,False,2026-08-27T22:45:10.355251+09:00
Voyage Counter,,,failed,False,2026-08-19T00:02:12.644181+09:00
Voyage Coupon,10.0,22.0,success,False,2026-08-27T21:20:01.117686+09:00
Voyage Dashboard,10.0,0.0,success,False,2026-08-17T23:04:23.573644+09:00
Voyage Deal,50.0,69.0,success,False,2026-08-21T01:52:53.581920+09:00
Voyage Debt,,,failed,False,2026-08-21T02:25:13.538662+09:00
Voyage Deck,880.0,49.0,success,False,2026-08-17T23:14:16.588426+09:00
Voyage Depot,,,failed,False,2026-08-19T00:01:57.884072+09:00
Voyage Desk,40.0,100.0,success,False,2026-08-17T23:29:41.239949+09:00
Voyage Detail,70.0,0.0,success,False,2026-08-23T03:21:04.390216+09:00
Voyage Detector,,,failed,False,2026-08-27T23:52:54.402675+09:00
Voyage Diagram,,,failed,False,2026-08-27T22:06:51.467328+09:00
Voyage Dial,,,failed,False,2026-08-17T23:12:17.050075+09:00
Voyage Digest,,,failed,False,2026-08-19T20:42:37.692999+09:00
Voyage Directory,,,failed,False,2026-08-19T00:01:32.528747+09:00
Voyage Discount,1900.0,69.0,success,False,2026-08-23T16:16:43.466007+09:00
Voyage Dock,,,failed,False,2026-08-17T23:13:55.425659+09:00
Voyage Dossier,,,failed,False,2026-08-21T01:00:01.570868+09:00
Voyage Draft,,,failed,False,2026-08-19T20:42:55.526386+09:00
Voyage Due,,,failed,False,2026-08-23T15:52:50.933121+09:00
Voyage Duty,,,failed,False,2026-08-21T02:41:14.911892+09:00
Voyage Endowment,,,failed,False,2026-08-23T15:52:52.908788+09:00
Voyage Engine,,,failed,False,2026-08-17T23:27:00.420532+09:00
Voyage Entry,,,failed,False,2026-08-21T01:00:16.070819+09:00
Voyage Estimate,30.0,0.0,success,False,2026-08-19T21:17:11.439811+09:00
Voyage Estimator,30.0,13.0,success,False,2026-08-27T23:52:42.913738+09:00
Voyage Excerpt,,,failed,False,2026-08-21T01:02:12.129826+09:00
Voyage Extension,10.0,10.0,success,False,2026-08-23T16:40:19.270826+09:00
Voyage Fare,30.0,16.0,success,False,2026-08-21T02:09:31.680775+09:00
Voyage Fee,,,failed,False,2026-08-21T02:06:01.492109+09:00
Voyage Feed,,,failed,False,2026-08-19T20:42:46.732728+09:00
Voyage Field,,,failed,False,2026-08-23T13:08:27.240954+09:00
Voyage File,10.0,0.0,success,False,2026-08-19T20:42:12.538195+09:00
Voyage Finder,2400.0,1.0,success,False,2026-08-19T00:01:49.817235+09:00
Voyage Fine,,,failed,False,2026-08-23T02:56:00.191983+09:00
Voyage Flag,,,failed,False,2026-08-21T00:25:18.497443+09:00
Voyage Flow,10.0,3.0,success,False,2026-08-17T23:08:02.086738+09:00
Voyage Forge,20.0,0.0,success,False,2026-08-17T23:30:28.172183+09:00
Voyage Form,10.0,0.0,success,False,2026-08-19T13:21:11.802983+09:00
Voyage Format,10.0,0.0,success,False,2026-08-23T13:08:30.246419+09:00
Voyage Frame,260.0,99.0,success,False,2026-08-17T23:32:45.524936+09:00
Voyage Fund,10.0,5.0,success,False,2026-08-21T02:25:19.750628+09:00
Voyage Gate,,,failed,False,2026-08-17T23:10:22.607509+09:00
Voyage Giveaway,,,failed,False,2026-08-26T22:29:34.366294+09:00
Voyage Grade,,,failed,False,2026-08-21T00:24:57.111152+09:00
Voyage Graph,,,failed,False,2026-08-27T22:06:37.910338+09:00
Voyage Grid,,,failed,False,2026-08-17T23:31:38.790135+09:00
Voyage Guard,10.0,0.0,success,False,2026-08-17T23:28:48.980231+09:00
Voyage Guardian,,,failed,False,2026-08-28T00:23:02.722044+09:00
Voyage Guidebook,,,failed,False,2026-08-18T23:52:24.399990+09:00
Voyage Helpdesk,,,failed,False,2026-08-27T22:45:10.355251+09:00
Voyage Helper,,,failed,False,2026-08-28T00:23:08.180984+09:00
Voyage History,30.0,0.0,success,False,2026-08-19T20:42:06.894940+09:00
Voyage Hotline,20.0,3.0,success,False,2026-08-19T21:17:33.160544+09:00
Voyage Hub,320.0,2.0,success,False,2026-08-17T23:29:25.330773+09:00
Voyage Identifier,,,failed,False,2026-08-23T13:08:19.388505+09:00
Voyage Incentive,260.0,33.0,success,False,2026-08-26T22:29:25.643786+09:00
Voyage Index,20.0,45.0,success,False,2026-08-19T21:16:32.174515+09:00
Voyage Insight,10.0,0.0,success,False,2026-08-17T23:27:45.087946+09:00
Voyage Installment,,,failed,False,2026-08-23T16:16:48.615272+09:00
Voyage Item,,,failed,False,2026-08-21T01:52:37.407034+09:00
Voyage Journal,590.0,100.0,success,False,2026-08-18T23:52:24.399990+09:00
Voyage Keeper,,,failed,False,2026-08-17T23:11:57.762151+09:00
Voyage Lab,,,failed,False,2026-08-17T23:09:02.276027+09:00
Voyage Label,10.0,0.0,success,False,2026-08-27T22:06:42.047958+09:00
Voyage Ledger,,,failed,False,2026-08-17T23:07:22.346415+09:00
Voyage Lens,20.0,89.0,success,False,2026-08-17T23:05:30.117127+09:00
Voyage Level,170.0,100.0,success,False,2026-08-19T20:42:19.980728+09:00
Voyage Levy,,,failed,False,2026-08-23T13:48:08.634446+09:00
Voyage Link,50.0,95.0,success,False,2026-08-23T03:20:52.959248+09:00
Voyage List,,,failed,False,2026-08-19T22:02:22.489790+09:00
Voyage Loan,,,failed,False,2026-08-21T02:09:39.165114+09:00
Voyage Locator,,,failed,False,2026-08-19T00:01:40.731758+09:00
Voyage Lock,10.0,0.0,success,False,2026-08-17T23:11:03.494377+09:00
Voyage Log,90.0,0.0,success,False,2026-08-19T13:20:54.330811+09:00
Voyage Loop,,,failed,False,2026-08-17T23:14:36.904616+09:00
Voyage Manager,50.0,2.0,success,False,2026-08-17T23:26:43.020316+09:00
Voyage Manual,40.0,6.0,success,False,2026-08-27T22:06:42.047958+09:00
Voyage Map,880.0,7.0,success,False,2026-08-17T23:32:31.687734+09:00
Voyage Margin,,,failed,False,2026-08-23T02:55:57.484668+09:00
Voyage Marker,10.0,0.0,success,False,2026-08-23T13:27:59.739210+09:00
Voyage Markup,,,failed,False,2026-08-23T16:40:16.940020+09:00
Voyage Memo,210.0,0.0,success,False,2026-08-21T00:25:04.867976+09:00
Voyage Message,1000.0,4.0,success,False,2026-08-27T23:10:42.851763+09:00
Voyage Meter,,,failed,False,2026-08-17T23:24:30.748337+09:00
Voyage Metrics,,,failed,False,2026-08-17T23:10:04.608173+09:00
Voyage Monitor,10.0,0.0,success,False,2026-08-17T23:15:12.775041+09:00
Voyage Navigator,260.0,53.0,success,False,2026-08-17T23:28:11.546877+09:00
Voyage Nexus,210.0,3.0,success,False,2026-08-17T23:26:16.391059+09:00
Voyage Node,,,failed,False,2026-08-17T23:26:02.617332+09:00
Voyage Note,,,failed,False,2026-08-19T13:23:14.484254+09:00
Voyage Notification,,,failed,False,2026-08-27T22:45:00.824166+09:00
Voyage Number,880.0,0.0,success,False,2026-08-23T03:20:46.771409+09:00
Voyage Office,40.0,3.0,success,False,2026-08-19T00:02:06.599822+09:00
Voyage Ops,,,failed,False,2026-08-17T23:06:14.261884+09:00
Voyage Order,40.0,1.0,success,False,2026-08-19T22:01:39.954435+09:00
Voyage Organizer,20.0,34.0,success,False,2026-08-17T23:27:29.516151+09:00
Voyage Overdraft,,,failed,False,2026-08-23T15:52:50.933121+09:00
Voyage Overdue,,,failed,False,2026-08-27T21:45:54.192033+09:00
Voyage Panel,,,failed,False,2026-08-17T23:24:10.330342+09:00
Voyage Pass,110.0,2.0,success,False,2026-08-21T00:36:40.261906+09:00
Voyage Path,110.0,2.0,success,False,2026-08-17T23:03:45.434649+09:00
Voyage Penalty,,,failed,False,2026-08-23T16:40:16.940020+09:00
Voyage Petition,,,failed,False,2026-08-21T00:59:54.516148+09:00
Voyage Pilot,30.0,73.0,success,False,2026-08-17T23:14:53.160605+09:00
Voyage Plan,1300.0,5.0,success,False,2026-08-21T02:06:01.492109+09:00
Voyage Planner,1300.0,5.0,success,False,2026-08-17T23:27:17.370245+09:00
Voyage Playbook,,,failed,False,2026-08-18T22:12:17.661018+09:00
Voyage Point,4400.0,3.0,success,False,2026-08-17T23:32:15.494443+09:00
Voyage Portal,320.0,1.0,success,False,2026-08-17T23:23:52.832374+09:00
Voyage Preview,40.0,32.0,success,False,2026-08-28T01:03:55.063070+09:00
Voyage Profile,10.0,0.0,success,False,2026-08-19T13:23:40.624873+09:00
Voyage Profit,,,failed,False,2026-08-23T02:55:50.022047+09:00
Voyage Proposal,,,failed,False,2026-08-28T01:04:00.519509+09:00
Voyage Pulse,,,failed,False,2026-08-17T23:09:26.162855+09:00
Voyage Queue,,,failed,False,2026-08-19T21:16:59.496910+09:00
Voyage Quota,,,failed,False,2026-08-21T00:25:10.675439+09:00
Voyage Radar,260.0,2.0,success,False,2026-08-17T23:09:46.743330+09:00
Voyage Rail,10.0,0.0,success,False,2026-08-17T23:25:24.044948+09:00
Voyage Rate,20.0,14.0,success,False,2026-08-19T20:42:25.910879+09:00
Voyage Recap,,,failed,False,2026-08-21T01:02:10.080773+09:00
Voyage Receipt,,,failed,False,2026-08-19T22:01:59.739197+09:00
Voyage Recorder,1000.0,4.0,success,False,2026-08-27T23:33:13.459329+09:00
Voyage Register,,,failed,False,2026-08-17T23:28:30.057187+09:00
Voyage Registry,,,failed,False,2026-08-18T23:52:24.399990+09:00
Voyage Relay,,,failed,False,2026-08-17T23:29:58.873666+09:00
Voyage Reminder,,,failed,False,2026-08-19T21:16:09.798326+09:00
Voyage Report,140.0,0.0,success,False,2026-08-19T13:42:33.755752+09:00
Voyage Repository,,,failed,False,2026-08-27T23:10:55.756193+09:00
Voyage Roadmap,,,failed,False,2026-08-18T23:52:24.399990+09:00
Voyage Roster,,,failed,False,2026-08-19T00:37:15.495159+09:00
Voyage Route,210.0,10.0,success,False,2026-08-17T23:24:54.415182+09:00
Voyage Rule,,,failed,False,2026-08-23T03:20:56.810289+09:00
Voyage Sale,40.0,70.0,success,False,2026-08-21T02:25:31.969034+09:00
Voyage Scale,,,failed,False,2026-08-17T23:06:57.045511+09:00
Voyage Scanner,110.0,85.0,success,False,2026-08-27T23:52:49.352062+09:00
Voyage Scheduler,,,failed,False,2026-08-17T23:08:20.793662+09:00
Voyage Scope,10.0,0.0,success,False,2026-08-17T23:31:21.435106+09:00
Voyage Score,,,failed,False,2026-08-19T13:23:03.025983+09:00
Voyage Sentry,10.0,,success,False,2026-08-17T23:26:30.057004+09:00
Voyage Sheet,,,failed,False,2026-08-19T13:21:58.772541+09:00
Voyage Signal,,,failed,False,2026-08-17T23:30:56.654699+09:00
Voyage Signature,320.0,17.0,success,False,2026-08-23T13:27:59.739210+09:00
Voyage Slip,,,failed,False,2026-08-19T22:02:52.701278+09:00
Voyage Slot,,,failed,False,2026-08-19T22:03:11.253996+09:00
Voyage Snapshot,,,failed,False,2026-08-18T23:52:24.399990+09:00
Voyage Stage,30.0,1.0,success,False,2026-08-28T00:46:44.536375+09:00
Voyage Stake,,,failed,False,2026-08-23T02:55:55.232894+09:00
Voyage Statement,,,failed,False,2026-08-21T00:24:43.469777+09:00
Voyage Station,50.0,7.0,success,False,2026-08-17T23:33:34.870792+09:00
Voyage Status,90.0,61.0,success,False,2026-08-19T20:41:51.151726+09:00
Voyage Stipend,,,failed,False,2026-08-23T13:48:08.634446+09:00
Voyage Stub,,,failed,False,2026-08-21T00:36:53.427787+09:00
Voyage Studio,720.0,11.0,success,False,2026-08-17T23:33:20.357749+09:00
Voyage Subsidy,,,failed,False,2026-08-23T15:52:52.908788+09:00
Voyage Suite,10.0,20.0,success,False,2026-08-17T23:06:35.609380+09:00
Voyage Sum,,,failed,False,2026-08-21T02:25:09.393326+09:00
Voyage Summary,20.0,0.0,success,False,2026-08-19T21:15:48.074960+09:00
Voyage Surtax,,,failed,False,2026-08-23T15:52:52.908788+09:00
Voyage Sync,10.0,7.0,success,False,2026-08-17T23:29:05.712614+09:00
Voyage Tab,320.0,13.0,success,False,2026-08-21T00:25:24.031302+09:00
Voyage Table,20.0,77.0,success,False,2026-08-19T22:02:31.549197+09:00
Voyage Tag,10.0,39.0,success,False,2026-08-19T13:23:22.980764+09:00
Voyage Tally,,,failed,False,2026-08-21T00:24:51.764822+09:00
Voyage Tariff,,,failed,False,2026-08-21T02:41:28.147668+09:00
Voyage Tax,,,failed,False,2026-08-21T02:09:35.775353+09:00
Voyage Terminal,10.0,0.0,success,False,2026-08-17T22:49:21.662634+09:00
Voyage Ticket,260.0,41.0,success,False,2026-08-19T21:16:45.147013+09:00
Voyage Tier,,,failed,False,2026-08-28T00:46:47.850580+09:00
Voyage Timeline,,,failed,False,2026-08-19T21:15:58.285929+09:00
Voyage Timer,,,failed,False,2026-08-28T00:23:00.112605+09:00
Voyage Toll,,,failed,False,2026-08-21T02:41:21.123178+09:00
Voyage Toolbox,,,failed,False,2026-08-28T00:23:05.201958+09:00
Voyage Toolkit,,,failed,False,2026-08-18T22:12:10.821921+09:00
Voyage Total,10.0,0.0,success,False,2026-08-27T23:10:47.155079+09:00
Voyage Tracker,1600.0,6.0,success,False,2026-08-17T23:13:17.884356+09:00
Voyage Trail,50.0,25.0,success,False,2026-08-17T23:08:40.393362+09:00
Voyage Trend,390.0,6.0,success,False,2026-08-28T01:03:51.516264+09:00
Voyage Trial,390.0,1.0,success,False,2026-08-26T22:29:12.332951+09:00
Voyage Unit,,,failed,False,2026-08-21T01:52:41.314698+09:00
Voyage Update,10.0,0.0,success,False,2026-08-19T20:42:32.517249+09:00
Voyage Value,,,failed,False,2026-08-23T02:55:53.099561+09:00
Voyage Vault,210.0,12.0,success,False,2026-08-17T23:04:05.706993+09:00
Voyage Version,10.0,0.0,success,False,2026-08-23T03:20:50.654201+09:00
Voyage View,,,failed,False,2026-08-19T20:41:57.553937+09:00
Voyage Voucher,10.0,0.0,success,False,2026-08-21T00:36:44.968976+09:00
Voyage Watch,1000.0,99.0,success,False,2026-08-17T23:07:41.199314+09:00
Voyage Wave,40.0,0.0,success,False,2026-08-17T23:31:54.862824+09:00
Voyage Widget,,,failed,False,2026-08-27T23:10:47.155079+09:00
Voyage Workbench,,,failed,False,2026-08-18T22:12:04.159201+09:00
Voyage Worksheet,,,failed,False,2026-08-27T22:06:46.717056+09:00
Voyage Zone,10.0,2.0,success,False,2026-08-17T23:10:40.836813+09:00
Vulnerability Advisory,40.0,33.0,success,False,2026-08-21T01:03:27.651766+09:00
Vulnerability Alert,90.0,23.0,success,False,2026-08-19T12:23:40.274403+09:00
Vulnerability Allowance,,,failed,False,2026-08-21T02:41:56.534428+09:00
Vulnerability Almanac,,,failed,False,2026-08-18T22:05:30.177500+09:00
Vulnerability Analyzer,20.0,20.0,success,False,2026-08-27T23:57:12.985174+09:00
Vulnerability Anchor,,,failed,False,2026-08-17T20:32:39.820797+09:00
Vulnerability Announcement,,,failed,False,2026-08-27T23:35:24.571352+09:00
Vulnerability Asset,,,failed,False,2026-08-23T13:47:35.441000+09:00
Vulnerability Assistant,,,failed,False,2026-08-17T23:33:25.716051+09:00
Vulnerability Atlas,20.0,0.0,success,False,2026-08-17T21:32:03.436124+09:00
Vulnerability Attribute,,,failed,False,2026-08-23T13:07:48.964667+09:00
Vulnerability Badge,,,failed,False,2026-08-21T00:30:37.167399+09:00
Vulnerability Base,,,failed,False,2026-08-17T20:46:46.837602+09:00
Vulnerability Beacon,,,failed,False,2026-08-17T20:36:28.708934+09:00
Vulnerability Blueprint,,,failed,False,2026-08-18T22:05:21.769406+09:00
Vulnerability Board,,,failed,False,2026-08-17T20:43:56.267353+09:00
Vulnerability Book,390.0,83.0,success,False,2026-08-19T21:55:12.102159+09:00
Vulnerability Bridge,170.0,0.0,success,False,2026-08-17T20:33:43.675774+09:00
Vulnerability Brief,,,failed,False,2026-08-21T01:03:18.814008+09:00
Vulnerability Bulletin,10.0,31.0,success,False,2026-08-21T01:03:15.171952+09:00
Vulnerability Calculator,30.0,33.0,success,False,2026-08-27T23:35:24.571352+09:00
Vulnerability Calendar,,,failed,False,2026-08-19T00:04:56.559247+09:00
Vulnerability Card,,,failed,False,2026-08-19T13:26:44.223162+09:00
Vulnerability Cascade,,,failed,False,2026-08-17T20:34:36.732015+09:00
Vulnerability Cash,,,failed,False,2026-08-21T02:26:36.939016+09:00
Vulnerability Cashback,,,failed,False,2026-08-27T21:17:21.350185+09:00
Vulnerability Catalog,20.0,13.0,success,False,2026-08-19T21:11:50.782037+09:00
Vulnerability Category,170.0,3.0,success,False,2026-08-23T13:07:46.002648+09:00
Vulnerability Center,10.0,20.0,success,False,2026-08-17T20:38:48.292759+09:00
Vulnerability Chain,20.0,4.0,success,False,2026-08-17T21:37:24.355362+09:00
Vulnerability Charge,,,failed,False,2026-08-21T02:41:45.973513+09:00
Vulnerability Check,1000.0,49.0,success,False,2026-08-19T13:27:15.417105+09:00
Vulnerability Checker,1000.0,49.0,success,False,2026-08-27T23:57:10.397260+09:00
Vulnerability Checklist,30.0,15.0,success,False,2026-08-19T21:10:55.875332+09:00
Vulnerability Circular,,,failed,False,2026-08-21T01:03:23.160959+09:00
Vulnerability Cockpit,,,failed,False,2026-08-17T23:12:05.919804+09:00
Vulnerability Code,480.0,14.0,success,False,2026-08-19T21:54:39.483113+09:00
Vulnerability Codex,,,failed,False,2026-08-18T22:05:47.884963+09:00
Vulnerability Companion,,,failed,False,2026-08-17T23:24:44.637673+09:00
Vulnerability Comparison,,,failed,False,2026-08-28T01:07:16.006245+09:00
Vulnerability Compass,,,failed,False,2026-08-17T20:37:28.424048+09:00
Vulnerability Compendium,,,failed,False,2026-08-18T22:05:38.221943+09:00
Vulnerability Confirmation,,,failed,False,2026-08-21T01:03:38.520377+09:00
Vulnerability Console,,,failed,False,2026-08-17T20:36:02.767132+09:00
Vulnerability Core,,,failed,False,2026-08-17T20:45:45.792269+09:00
Vulnerability Cost,,,failed,False,2026-08-21T02:11:04.805408+09:00
Vulnerability Count,,,failed,False,2026-08-27T22:49:17.563475+09:00
Vulnerability Counter,,,failed,False,2026-08-19T00:05:29.382308+09:00
Vulnerability Coupon,,,failed,False,2026-08-27T21:17:18.938086+09:00
Vulnerability Dashboard,170.0,32.0,success,False,2026-08-17T23:24:19.906640+09:00
Vulnerability Deal,,,failed,False,2026-08-21T01:55:51.234317+09:00
Vulnerability Debt,,,failed,False,2026-08-21T02:26:29.042609+09:00
Vulnerability Deck,,,failed,False,2026-08-17T20:42:59.992193+09:00
Vulnerability Depot,,,failed,False,2026-08-19T00:05:21.948366+09:00
Vulnerability Desk,,,failed,False,2026-08-17T20:40:55.263419+09:00
Vulnerability Detail,,,failed,False,2026-08-23T03:20:35.213515+09:00
Vulnerability Detector,320.0,33.0,success,False,2026-08-27T23:57:12.985174+09:00
Vulnerability Diagram,50.0,1.0,success,False,2026-08-27T22:12:43.537947+09:00
Vulnerability Dial,,,failed,False,2026-08-17T20:34:11.615000+09:00
Vulnerability Digest,,,failed,False,2026-08-19T20:42:03.452660+09:00
Vulnerability Directory,,,failed,False,2026-08-19T00:05:06.053297+09:00
Vulnerability Dock,,,failed,False,2026-08-18T07:52:53.130004+09:00
Vulnerability Dossier,,,failed,False,2026-08-21T01:03:43.052088+09:00
Vulnerability Downpayment,,,failed,False,2026-08-27T21:48:25.630641+09:00
Vulnerability Draft,,,failed,False,2026-08-19T20:42:17.170868+09:00
Vulnerability Due,,,failed,False,2026-08-23T15:52:15.458518+09:00
Vulnerability Duty,,,failed,False,2026-08-21T02:41:49.318667+09:00
Vulnerability Engine,,,failed,False,2026-08-17T23:08:49.702335+09:00
Vulnerability Entry,,,failed,False,2026-08-21T01:03:59.232813+09:00
Vulnerability Estimate,,,failed,False,2026-08-19T21:11:39.725993+09:00
Vulnerability Estimator,,,failed,False,2026-08-27T23:57:04.136942+09:00
Vulnerability Excerpt,,,failed,False,2026-08-21T01:03:53.377990+09:00
Vulnerability Extension,,,failed,False,2026-08-23T16:39:23.209795+09:00
Vulnerability Fare,,,failed,False,2026-08-21T02:11:11.149564+09:00
Vulnerability Fee,,,failed,False,2026-08-21T01:55:42.683026+09:00
Vulnerability Feed,90.0,26.0,success,False,2026-08-19T20:42:09.827682+09:00
Vulnerability File,,,failed,False,2026-08-19T20:41:36.001931+09:00
Vulnerability Finder,70.0,64.0,success,False,2026-08-19T00:05:16.956026+09:00
Vulnerability Fine,,,failed,False,2026-08-23T02:56:03.136754+09:00
Vulnerability Flag,,,failed,False,2026-08-21T00:31:19.573899+09:00
Vulnerability Flow,10.0,0.0,success,False,2026-08-17T20:43:29.254301+09:00
Vulnerability Forge,,,failed,False,2026-08-17T20:35:35.063549+09:00
Vulnerability Form,30.0,0.0,success,False,2026-08-19T13:26:18.300818+09:00
Vulnerability Format,,,failed,False,2026-08-23T13:07:51.086484+09:00
Vulnerability Frame,,,failed,False,2026-08-17T20:48:02.919436+09:00
Vulnerability Fund,,,failed,False,2026-08-21T02:26:32.701256+09:00
Vulnerability Gate,,,failed,False,2026-08-17T21:34:12.134068+09:00
Vulnerability Giveaway,,,failed,False,2026-08-27T21:17:26.157906+09:00
Vulnerability Grade,,,failed,False,2026-08-21T00:31:01.051294+09:00
Vulnerability Graph,20.0,15.0,success,False,2026-08-27T22:12:29.300608+09:00
Vulnerability Grid,,,failed,False,2026-08-17T21:38:00.601683+09:00
Vulnerability Guarantee,,,failed,False,2026-08-28T01:07:22.099845+09:00
Vulnerability Guard,,,failed,False,2026-08-17T20:46:07.350212+09:00
Vulnerability Guardian,,,failed,False,2026-08-28T00:26:12.300765+09:00
Vulnerability Guidebook,,,failed,False,2026-08-18T22:05:00.347281+09:00
Vulnerability Helpdesk,,,failed,False,2026-08-27T22:49:17.563475+09:00
Vulnerability Helper,,,failed,False,2026-08-28T00:26:14.926541+09:00
Vulnerability History,,,failed,False,2026-08-19T20:41:25.975881+09:00
Vulnerability Hotline,,,failed,False,2026-08-19T21:12:02.105513+09:00
Vulnerability Hub,140.0,23.0,success,False,2026-08-17T20:42:32.290659+09:00
Vulnerability Identifier,320.0,22.0,success,False,2026-08-23T13:07:43.906174+09:00
Vulnerability Incentive,,,failed,False,2026-08-27T21:17:23.968001+09:00
Vulnerability Index,390.0,0.0,success,False,2026-08-19T21:11:07.162763+09:00
Vulnerability Insight,10.0,22.0,success,False,2026-08-17T23:04:52.831664+09:00
Vulnerability Item,,,failed,False,2026-08-21T01:55:44.868962+09:00
Vulnerability Journal,10.0,33.0,success,False,2026-08-18T22:04:40.579410+09:00
Vulnerability Keeper,,,failed,False,2026-08-17T20:48:37.567206+09:00
Vulnerability Kiosk,,,failed,False,2026-08-19T00:23:43.046041+09:00
Vulnerability Lab,210.0,9.0,success,False,2026-08-17T20:41:17.748242+09:00
Vulnerability Label,,,failed,False,2026-08-27T22:12:34.170808+09:00
Vulnerability Ledger,,,failed,False,2026-08-17T20:44:38.858684+09:00
Vulnerability Lens,,,failed,False,2026-08-17T21:30:22.425092+09:00
Vulnerability Level,170.0,6.0,success,False,2026-08-19T20:41:40.323358+09:00
Vulnerability Link,,,failed,False,2026-08-23T03:20:22.973389+09:00
Vulnerability List,320.0,9.0,success,False,2026-08-19T21:54:53.460475+09:00
Vulnerability Loan,,,failed,False,2026-08-21T02:11:18.638927+09:00
Vulnerability Locator,20.0,1.0,success,False,2026-08-19T00:05:11.440472+09:00
Vulnerability Lock,,,failed,False,2026-08-17T21:32:40.946824+09:00
Vulnerability Log,10.0,30.0,success,False,2026-08-19T13:26:10.178451+09:00
Vulnerability Loop,90.0,0.0,success,False,2026-08-17T21:39:22.624237+09:00
Vulnerability Manager,8100.0,36.0,success,False,2026-08-17T20:47:19.659128+09:00
Vulnerability Manual,,,failed,False,2026-08-27T22:12:34.170808+09:00
Vulnerability Map,480.0,3.0,success,False,2026-08-17T21:31:30.369012+09:00
Vulnerability Margin,,,failed,False,2026-08-23T02:55:57.484668+09:00
Vulnerability Markup,,,failed,False,2026-08-23T16:39:18.952764+09:00
Vulnerability Memo,,,failed,False,2026-08-21T00:31:07.825329+09:00
Vulnerability Message,,,failed,False,2026-08-27T23:14:41.720422+09:00
Vulnerability Meter,,,failed,False,2026-08-17T20:33:10.817795+09:00
Vulnerability Metrics,40.0,28.0,success,False,2026-08-17T23:24:01.156266+09:00
Vulnerability Monitor,170.0,28.0,success,False,2026-08-17T23:23:41.484558+09:00
Vulnerability Navigator,,,failed,False,2026-08-17T23:06:45.787789+09:00
Vulnerability Nexus,,,failed,False,2026-08-17T21:33:10.630129+09:00
Vulnerability Node,,,failed,False,2026-08-17T21:35:16.200596+09:00
Vulnerability Note,,,failed,False,2026-08-19T13:27:42.741110+09:00
Vulnerability Notification,20.0,22.0,success,False,2026-08-27T22:49:15.165017+09:00
Vulnerability Number,20.0,8.0,success,False,2026-08-23T03:20:18.367542+09:00
Vulnerability Office,,,failed,False,2026-08-19T00:05:23.888896+09:00
Vulnerability Ops,10.0,32.0,success,False,2026-08-17T23:25:00.626086+09:00
Vulnerability Organizer,,,failed,False,2026-08-17T23:10:31.513884+09:00
Vulnerability Overage,,,failed,False,2026-08-27T21:48:20.717175+09:00
Vulnerability Overdue,,,failed,False,2026-08-27T21:48:16.120561+09:00
Vulnerability Panel,,,failed,False,2026-08-17T20:35:04.556306+09:00
Vulnerability Pass,,,failed,False,2026-08-21T00:30:25.028648+09:00
Vulnerability Path,,,failed,False,2026-08-17T21:34:42.632014+09:00
Vulnerability Payoff,,,failed,False,2026-08-27T21:48:18.349819+09:00
Vulnerability Penalty,,,failed,False,2026-08-23T16:39:16.961219+09:00
Vulnerability Petition,,,failed,False,2026-08-21T01:03:33.238339+09:00
Vulnerability Pilot,,,failed,False,2026-08-17T20:41:47.517366+09:00
Vulnerability Plan,10.0,25.0,success,False,2026-08-21T01:55:41.069694+09:00
Vulnerability Planner,,,failed,False,2026-08-17T22:46:53.613180+09:00
Vulnerability Playbook,,,failed,False,2026-08-18T22:04:32.030179+09:00
Vulnerability Point,,,failed,False,2026-08-17T21:33:40.096792+09:00
Vulnerability Portal,,,failed,False,2026-08-17T20:37:00.325562+09:00
Vulnerability Preview,,,failed,False,2026-08-28T01:07:16.006245+09:00
Vulnerability Profile,30.0,4.0,success,False,2026-08-19T13:28:00.720814+09:00
Vulnerability Profit,,,failed,False,2026-08-23T02:55:50.022047+09:00
Vulnerability Proposal,,,failed,False,2026-08-28T01:07:19.474773+09:00
Vulnerability Pulse,,,failed,False,2026-08-17T21:36:50.527973+09:00
Vulnerability Queue,,,failed,False,2026-08-19T21:11:27.369189+09:00
Vulnerability Quota,,,failed,False,2026-08-21T00:31:12.375379+09:00
Vulnerability Radar,,,failed,False,2026-08-17T20:40:10.157299+09:00
Vulnerability Rail,,,failed,False,2026-08-17T21:40:47.686331+09:00
Vulnerability Rate,10.0,0.0,success,False,2026-08-19T20:41:48.388385+09:00
Vulnerability Recap,,,failed,False,2026-08-21T01:03:48.837789+09:00
Vulnerability Recorder,,,failed,False,2026-08-27T23:35:28.835803+09:00
Vulnerability Register,70.0,0.0,success,False,2026-08-17T23:13:46.002975+09:00
Vulnerability Registry,,,failed,False,2026-08-18T22:05:11.798475+09:00
Vulnerability Relay,,,failed,False,2026-08-17T20:39:17.196343+09:00
Vulnerability Reminder,,,failed,False,2026-08-19T21:10:42.484655+09:00
Vulnerability Report,880.0,25.0,success,False,2026-08-19T13:25:58.679936+09:00
Vulnerability Repository,10.0,22.0,success,False,2026-08-27T23:14:49.427940+09:00
Vulnerability Result,,,failed,False,2026-08-28T00:48:08.257780+09:00
Vulnerability Roadmap,,,failed,False,2026-08-18T22:05:55.715721+09:00
Vulnerability Route,,,failed,False,2026-08-18T07:52:44.350821+09:00
Vulnerability Rule,,,failed,False,2026-08-23T03:20:27.097448+09:00
Vulnerability Sale,,,failed,False,2026-08-21T02:26:39.495067+09:00
Vulnerability Sample,,,failed,False,2026-08-19T21:55:28.451912+09:00
Vulnerability Scale,70.0,0.0,success,False,2026-08-17T20:32:02.325008+09:00
Vulnerability Scanner,12100.0,33.0,success,False,2026-08-27T23:57:10.397260+09:00
Vulnerability Scheduler,,,failed,False,2026-08-17T23:23:24.651550+09:00
Vulnerability Schematic,,,failed,False,2026-08-27T22:29:00.404173+09:00
Vulnerability Scope,10.0,25.0,success,False,2026-08-17T21:41:25.564008+09:00
Vulnerability Score,210.0,24.0,success,False,2026-08-19T13:27:27.071698+09:00
Vulnerability Sentry,,,failed,False,2026-08-17T21:30:53.341117+09:00
Vulnerability Sheet,,,failed,False,2026-08-19T13:27:04.208602+09:00
Vulnerability Shortfall,,,failed,False,2026-08-27T21:48:25.630641+09:00
Vulnerability Signal,,,failed,False,2026-08-18T07:52:03.741881+09:00
Vulnerability Slot,,,failed,False,2026-08-19T21:55:41.048712+09:00
Vulnerability Snapshot,,,failed,False,2026-08-18T22:04:51.222507+09:00
Vulnerability Stake,,,failed,False,2026-08-23T02:55:55.232894+09:00
Vulnerability Statement,10.0,3.0,success,False,2026-08-21T00:30:49.324092+09:00
Vulnerability Station,,,failed,False,2026-08-17T20:40:34.523017+09:00
Vulnerability Status,110.0,3.0,success,False,2026-08-19T20:41:06.982103+09:00
Vulnerability Stub,,,failed,False,2026-08-21T00:30:44.450501+09:00
Vulnerability Studio,,,failed,False,2026-08-17T20:42:08.223187+09:00
Vulnerability Suite,,,failed,False,2026-08-17T23:33:13.848442+09:00
Vulnerability Sum,,,failed,False,2026-08-21T02:26:26.896086+09:00
Vulnerability Summary,20.0,3.0,success,False,2026-08-19T21:10:20.581807+09:00
Vulnerability Sync,,,failed,False,2026-08-17T20:44:20.013961+09:00
Vulnerability Table,20.0,4.0,success,False,2026-08-19T21:55:00.630940+09:00
Vulnerability Tag,,,failed,False,2026-08-19T13:27:53.720083+09:00
Vulnerability Tally,,,failed,False,2026-08-21T00:30:55.600635+09:00
Vulnerability Tariff,,,failed,False,2026-08-21T02:42:02.551252+09:00
Vulnerability Tax,,,failed,False,2026-08-21T02:11:15.261095+09:00
Vulnerability Ticket,,,failed,False,2026-08-19T21:11:17.911454+09:00
Vulnerability Tier,,,failed,False,2026-08-28T00:48:08.257780+09:00
Vulnerability Timeline,,,failed,False,2026-08-19T21:10:31.479524+09:00
Vulnerability Toll,,,failed,False,2026-08-21T02:41:51.779430+09:00
Vulnerability Toolbox,,,failed,False,2026-08-28T00:26:14.926541+09:00
Vulnerability Toolkit,20.0,50.0,success,False,2026-08-18T22:04:21.198301+09:00
Vulnerability Total,,,failed,False,2026-08-27T23:14:44.010079+09:00
Vulnerability Tracker,70.0,59.0,success,False,2026-08-17T20:45:18.923986+09:00
Vulnerability Trail,,,failed,False,2026-08-17T21:38:32.905021+09:00
Vulnerability Trend,,,failed,False,2026-08-28T01:07:13.467074+09:00
Vulnerability Trial,,,failed,False,2026-08-27T21:17:23.968001+09:00
Vulnerability Unit,,,failed,False,2026-08-21T01:55:46.721069+09:00
Vulnerability Update,30.0,27.0,success,False,2026-08-19T20:41:54.948325+09:00
Vulnerability Value,20.0,0.0,success,False,2026-08-23T02:55:53.099561+09:00
Vulnerability Vault,,,failed,False,2026-08-17T20:38:23.394205+09:00
Vulnerability Version,,,failed,False,2026-08-23T03:20:22.973389+09:00
Vulnerability View,,,failed,False,2026-08-19T20:41:16.586784+09:00
Vulnerability Voucher,,,failed,False,2026-08-21T00:30:32.235715+09:00
Vulnerability Watch,10.0,30.0,success,False,2026-08-18T07:52:17.361320+09:00
Vulnerability Wave,,,failed,False,2026-08-17T21:35:49.618076+09:00
Vulnerability Widget,,,failed,False,2026-08-27T23:14:46.468120+09:00
Vulnerability Workbench,,,failed,False,2026-08-18T22:04:08.939820+09:00
Vulnerability Worksheet,70.0,0.0,success,False,2026-08-27T22:12:40.822062+09:00
Vulnerability Workshop,10.0,4.0,success,False,2026-08-28T00:26:12.300765+09:00
Vulnerability Zone,50.0,0.0,success,False,2026-08-17T20:37:59.877456+09:00
Wage Advance,5400.0,64.0,success,False,2026-08-23T16:15:12.953510+09:00
Wage Advisory,,,failed,False,2026-08-21T01:18:56.365360+09:00
Wage Alert,10.0,,success,False,2026-08-21T01:25:53.521014+09:00
Wage Allowance,70.0,1.0,success,False,2026-08-21T02:44:49.670355+09:00
Wage Analyzer,,,failed,False,2026-08-27T23:51:43.048579+09:00
Wage Announcement,20.0,0.0,success,False,2026-08-27T23:31:33.268301+09:00
Wage Arrears,320.0,0.0,success,False,2026-08-23T16:15:09.158473+09:00
Wage Assistant,10.0,0.0,success,False,2026-08-21T01:23:27.807599+09:00
Wage Atlas,,,failed,False,2026-08-21T01:23:05.026470+09:00
Wage Attribute,,,failed,False,2026-08-23T13:05:58.112221+09:00
Wage Badge,,,failed,False,2026-08-21T01:18:10.686176+09:00
Wage Balance,10.0,17.0,success,False,2026-08-23T13:46:55.595088+09:00
Wage Base,170.0,0.0,success,False,2026-08-21T01:21:17.954324+09:00
Wage Bay,,,failed,False,2026-08-21T01:25:03.878404+09:00
Wage Beacon,,,failed,False,2026-08-21T01:20:01.120246+09:00
Wage Bill,590.0,0.0,success,False,2026-08-21T01:17:22.537676+09:00
Wage Bin,,,failed,False,2026-08-21T01:26:01.379135+09:00
Wage Board,720.0,7.0,success,False,2026-08-21T01:23:14.366280+09:00
Wage Booth,,,failed,False,2026-08-21T01:24:45.500076+09:00
Wage Bridge,20.0,0.0,success,False,2026-08-21T01:20:18.165253+09:00
Wage Brief,,,failed,False,2026-08-21T01:18:44.582130+09:00
Wage Bulletin,,,failed,False,2026-08-21T01:18:40.477010+09:00
Wage Calculator,60500.0,2.0,success,False,2026-08-27T23:31:37.799226+09:00
Wage Calendar,30.0,4.0,success,False,2026-08-21T01:24:21.527118+09:00
Wage Card,260.0,14.0,success,False,2026-08-21T01:15:16.012738+09:00
Wage Cascade,,,failed,False,2026-08-21T01:20:11.987698+09:00
Wage Cash,,,failed,False,2026-08-21T02:28:46.160203+09:00
Wage Category,70.0,0.0,success,False,2026-08-23T13:05:55.726817+09:00
Wage Center,30.0,0.0,success,False,2026-08-21T01:21:58.894123+09:00
Wage Chain,,,failed,False,2026-08-21T01:22:46.544366+09:00
Wage Charge,,,failed,False,2026-08-21T02:44:37.347457+09:00
Wage Chart,210.0,0.0,success,False,2026-08-21T01:25:58.145790+09:00
Wage Check,590.0,5.0,success,False,2026-08-21T01:15:30.378271+09:00
Wage Checker,590.0,5.0,success,False,2026-08-27T23:51:35.408395+09:00
Wage Circular,30.0,0.0,success,False,2026-08-21T01:18:54.031046+09:00
Wage Code,1900.0,1.0,success,False,2026-08-21T01:17:33.437690+09:00
Wage Companion,,,failed,False,2026-08-21T01:23:47.982205+09:00
Wage Comparison,390.0,7.0,success,False,2026-08-28T01:03:25.191639+09:00
Wage Compass,,,failed,False,2026-08-21T01:19:57.563871+09:00
Wage Confirmation,,,failed,False,2026-08-21T01:19:07.466825+09:00
Wage Console,,,failed,False,2026-08-21T01:22:16.671736+09:00
Wage Contribution,,,failed,False,2026-08-23T16:15:06.058154+09:00
Wage Converter,260.0,3.0,success,False,2026-08-27T23:31:37.799226+09:00
Wage Core,,,failed,False,2026-08-21T01:21:22.199165+09:00
Wage Cost,210.0,2.0,success,False,2026-08-21T02:11:55.079933+09:00
Wage Counter,50.0,5.0,success,False,2026-08-21T01:24:44.835275+09:00
Wage Deal,10.0,0.0,success,False,2026-08-21T01:55:46.721069+09:00
Wage Debt,10.0,2.0,success,False,2026-08-21T02:28:36.980709+09:00
Wage Deck,,,failed,False,2026-08-21T01:21:36.121318+09:00
Wage Desk,,,failed,False,2026-08-21T01:19:38.159463+09:00
Wage Detail,,,failed,False,2026-08-23T03:15:41.007114+09:00
Wage Detector,10.0,,success,False,2026-08-27T23:51:43.048579+09:00
Wage Directory,,,failed,False,2026-08-21T01:24:21.527118+09:00
Wage Downpayment,,,failed,False,2026-08-27T21:49:27.090308+09:00
Wage Draft,,,failed,False,2026-08-21T01:16:40.172400+09:00
Wage Due,,,failed,False,2026-08-23T15:51:53.307481+09:00
Wage Duty,,,failed,False,2026-08-21T02:44:40.179717+09:00
Wage Engine,,,failed,False,2026-08-21T01:23:24.077688+09:00
Wage Entry,,,failed,False,2026-08-21T01:19:18.289018+09:00
Wage Estimate,70.0,3.0,success,False,2026-08-21T01:17:10.053741+09:00
Wage Estimator,170.0,3.0,success,False,2026-08-27T23:51:32.749499+09:00
Wage Fare,,,failed,False,2026-08-21T02:12:01.712721+09:00
Wage Fee,20.0,0.0,success,False,2026-08-21T01:55:30.531800+09:00
Wage Feed,,,failed,False,2026-08-21T01:16:32.710448+09:00
Wage Field,,,failed,False,2026-08-23T13:06:00.621707+09:00
Wage File,70.0,15.0,success,False,2026-08-21T01:16:11.158685+09:00
Wage Fine,,,failed,False,2026-08-23T02:58:53.611200+09:00
Wage Flow,10.0,1.0,success,False,2026-08-21T01:19:27.364478+09:00
Wage Forge,,,failed,False,2026-08-21T01:20:05.793508+09:00
Wage Form,480.0,8.0,success,False,2026-08-21T01:26:44.593664+09:00
Wage Format,480.0,8.0,success,False,2026-08-23T13:06:05.538611+09:00
Wage Frame,,,failed,False,2026-08-21T01:21:10.960024+09:00
Wage Fund,170.0,2.0,success,False,2026-08-21T02:28:40.448172+09:00
Wage Gate,,,failed,False,2026-08-21T01:22:56.412529+09:00
Wage Generator,20.0,0.0,success,False,2026-08-27T23:31:41.970749+09:00
Wage Graph,140.0,0.0,success,False,2026-08-27T22:13:39.158515+09:00
Wage Grid,210.0,0.0,success,False,2026-08-21T01:20:42.577799+09:00
Wage Guarantee,40.0,0.0,success,False,2026-08-28T01:03:30.600111+09:00
Wage Guardian,,,failed,False,2026-08-28T00:22:09.034750+09:00
Wage Harbor,10.0,0.0,success,False,2026-08-21T01:25:37.604117+09:00
Wage Helpdesk,,,failed,False,2026-08-27T22:51:22.989955+09:00
Wage Helper,,,failed,False,2026-08-28T00:22:15.974518+09:00
Wage History,70.0,0.0,success,False,2026-08-21T01:16:06.736603+09:00
Wage Hub,140.0,7.0,success,False,2026-08-21T01:19:32.138069+09:00
Wage Identifier,,,failed,False,2026-08-23T13:05:53.628688+09:00
Wage Inbox,,,failed,False,2026-08-21T01:25:38.275036+09:00
Wage Index,590.0,0.0,success,False,2026-08-21T01:16:58.879155+09:00
Wage Installment,,,failed,False,2026-08-23T16:15:06.058154+09:00
Wage Interest,,,failed,False,2026-08-23T13:46:55.595088+09:00
Wage Item,,,failed,False,2026-08-21T01:55:33.628108+09:00
Wage Journal,210.0,2.0,success,False,2026-08-21T01:24:21.527118+09:00
Wage Keeper,10.0,14.0,success,False,2026-08-21T01:23:20.077725+09:00
Wage Lab,,,failed,False,2026-08-21T01:21:46.110216+09:00
Wage Ledger,50.0,2.0,success,False,2026-08-21T01:21:27.496774+09:00
Wage Level,1900.0,0.0,success,True,2026-08-21T01:16:17.029557+09:00
Wage Levy,210.0,11.0,success,False,2026-08-23T13:46:59.316345+09:00
Wage Line,260.0,16.0,success,False,2026-08-21T01:26:17.676069+09:00
Wage Link,170.0,1.0,success,False,2026-08-23T03:15:32.798139+09:00
Wage List,1900.0,0.0,success,True,2026-08-21T01:17:37.307762+09:00
Wage Loan,260.0,64.0,success,False,2026-08-21T02:12:10.627447+09:00
Wage Lobby,,,failed,False,2026-08-21T01:26:12.180385+09:00
Wage Locator,,,failed,False,2026-08-21T01:24:25.353806+09:00
Wage Locker,,,failed,False,2026-08-21T01:24:49.055361+09:00
Wage Log,,,failed,False,2026-08-21T01:35:23.712765+09:00
Wage Loop,,,failed,False,2026-08-21T01:20:39.645097+09:00
Wage Manager,20.0,5.0,success,False,2026-08-21T01:23:20.077725+09:00
Wage Manual,,,failed,False,2026-08-27T22:13:48.271988+09:00
Wage Map,170.0,0.0,success,False,2026-08-21T01:21:04.299416+09:00
Wage Margin,,,failed,False,2026-08-23T02:58:53.611200+09:00
Wage Markup,10.0,0.0,success,False,2026-08-23T16:39:28.081272+09:00
Wage Memo,,,failed,False,2026-08-21T01:18:24.600947+09:00
Wage Monitor,,,failed,False,2026-08-21T01:23:43.267024+09:00
Wage Nexus,,,failed,False,2026-08-21T01:22:59.410874+09:00
Wage Note,,,failed,False,2026-08-21T01:15:40.132892+09:00
Wage Notification,50.0,0.0,success,False,2026-08-27T22:51:07.925641+09:00
Wage Number,20.0,0.0,success,False,2026-08-23T03:15:24.852114+09:00
Wage Office,20.0,4.0,success,False,2026-08-21T01:24:33.847860+09:00
Wage Ops,,,failed,False,2026-08-21T01:23:54.627834+09:00
Wage Order,720.0,0.0,success,False,2026-08-21T01:17:17.039045+09:00
Wage Outpost,,,failed,False,2026-08-21T01:25:09.973684+09:00
Wage Overage,,,failed,False,2026-08-27T21:49:24.879038+09:00
Wage Overdraft,,,failed,False,2026-08-23T15:51:55.644106+09:00
Wage Overdue,,,failed,False,2026-08-27T21:49:18.001663+09:00
Wage Panel,,,failed,False,2026-08-21T01:22:23.798217+09:00
Wage Pass,,,failed,False,2026-08-21T01:23:11.451788+09:00
Wage Passport,,,failed,False,2026-08-21T01:26:04.709927+09:00
Wage Path,10.0,19.0,success,False,2026-08-21T01:20:51.576504+09:00
Wage Payoff,,,failed,False,2026-08-27T21:49:22.679951+09:00
Wage Penalty,70.0,7.0,success,False,2026-08-23T16:39:28.081272+09:00
Wage Petition,,,failed,False,2026-08-21T01:19:03.432303+09:00
Wage Plan,40.0,3.0,success,False,2026-08-21T01:55:44.868962+09:00
Wage Planner,,,failed,False,2026-08-21T01:23:33.921690+09:00
Wage Playbook,,,failed,False,2026-08-21T01:24:21.527118+09:00
Wage Plaza,,,failed,False,2026-08-21T01:25:14.873207+09:00
Wage Point,40500.0,31.0,success,False,2026-08-21T01:21:00.134067+09:00
Wage Portal,50.0,21.0,success,False,2026-08-21T01:22:07.036293+09:00
Wage Post,,,failed,False,2026-08-21T01:25:07.930638+09:00
Wage Preview,,,failed,False,2026-08-28T01:03:27.794966+09:00
Wage Profile,10.0,0.0,success,False,2026-08-21T01:15:49.368632+09:00
Wage Profit,,,failed,False,2026-08-23T02:58:43.358109+09:00
Wage Proposal,20.0,1.0,success,False,2026-08-28T01:03:30.600111+09:00
Wage Quota,,,failed,False,2026-08-21T01:18:31.327971+09:00
Wage Radar,,,failed,False,2026-08-21T01:19:41.393995+09:00
Wage Rail,,,failed,False,2026-08-21T01:22:36.440068+09:00
Wage Rank,10.0,0.0,success,False,2026-08-28T00:46:24.719309+09:00
Wage Rate,2900.0,1.0,success,False,2026-08-21T01:16:22.039842+09:00
Wage Recap,,,failed,False,2026-08-21T01:19:12.546892+09:00
Wage Receipt,110.0,8.0,success,False,2026-08-21T01:17:27.975074+09:00
Wage Recorder,,,failed,False,2026-08-27T23:31:46.551451+09:00
Wage Register,1000.0,8.0,success,False,2026-08-21T01:23:52.904904+09:00
Wage Registry,,,failed,False,2026-08-21T01:24:21.527118+09:00
Wage Relay,,,failed,False,2026-08-21T01:21:07.466451+09:00
Wage Reminder,,,failed,False,2026-08-21T01:16:53.151150+09:00
Wage Report,590.0,3.0,success,False,2026-08-21T01:26:31.620928+09:00
Wage Repository,,,failed,False,2026-08-27T23:16:56.229281+09:00
Wage Ring,,,failed,False,2026-08-21T01:22:51.659146+09:00
Wage Roll,260.0,14.0,success,False,2026-08-21T01:26:25.836028+09:00
Wage Roster,,,failed,False,2026-08-21T01:25:45.514354+09:00
Wage Route,,,failed,False,2026-08-21T01:22:31.268942+09:00
Wage Rule,90.0,1.0,success,False,2026-08-23T03:15:38.644159+09:00
Wage Sale,,,failed,False,2026-08-21T02:28:46.160203+09:00
Wage Sample,,,failed,False,2026-08-21T01:17:49.809423+09:00
Wage Scale,480.0,3.0,success,False,2026-08-21T01:22:27.198742+09:00
Wage Scope,,,failed,False,2026-08-21T01:20:34.277114+09:00
Wage Score,,,failed,False,2026-08-21T01:15:35.859983+09:00
Wage Sheet,590.0,2.0,success,False,2026-08-21T01:15:25.336646+09:00
Wage Shelf,,,failed,False,2026-08-21T01:25:29.935757+09:00
Wage Shortfall,,,failed,False,2026-08-27T21:49:29.301041+09:00
Wage Signal,,,failed,False,2026-08-21T01:20:23.926123+09:00
Wage Slip,1900.0,9.0,success,False,2026-08-21T01:17:46.814722+09:00
Wage Slot,,,failed,False,2026-08-21T01:17:54.187315+09:00
Wage Stake,,,failed,False,2026-08-23T02:58:49.315026+09:00
Wage Stamp,,,failed,False,2026-08-23T13:27:13.232233+09:00
Wage Statement,720.0,3.0,success,False,2026-08-21T01:18:19.084511+09:00
Wage Station,,,failed,False,2026-08-21T01:21:49.678224+09:00
Wage Status,,,failed,False,2026-08-21T01:15:54.545452+09:00
Wage Stub,70.0,26.0,success,False,2026-08-21T01:18:13.948377+09:00
Wage Studio,,,failed,False,2026-08-21T01:21:39.994879+09:00
Wage Subsidy,1300.0,4.0,success,False,2026-08-23T15:51:55.644106+09:00
Wage Sum,,,failed,False,2026-08-21T02:28:33.010940+09:00
Wage Summary,40.0,1.0,success,False,2026-08-21T01:16:44.690020+09:00
Wage Surtax,,,failed,False,2026-08-23T15:51:59.728812+09:00
Wage Tab,,,failed,False,2026-08-21T01:18:36.012476+09:00
Wage Table,1300.0,1.0,success,False,2026-08-21T01:17:41.245351+09:00
Wage Tag,,,failed,False,2026-08-21T01:15:44.374236+09:00
Wage Tariff,,,failed,False,2026-08-21T02:44:54.822530+09:00
Wage Tax,1300.0,4.0,success,False,2026-08-21T02:12:06.796728+09:00
Wage Terminal,,,failed,False,2026-08-21T01:21:53.775872+09:00
Wage Ticker,,,failed,False,2026-08-21T01:26:13.869304+09:00
Wage Ticket,,,failed,False,2026-08-21T01:17:02.274965+09:00
Wage Tier,170.0,4.0,success,False,2026-08-28T00:46:19.889028+09:00
Wage Timeline,,,failed,False,2026-08-21T01:16:47.227660+09:00
Wage Timer,140.0,0.0,success,False,2026-08-28T00:22:04.244333+09:00
Wage Toll,,,failed,False,2026-08-21T02:44:46.644995+09:00
Wage Toolbox,,,failed,False,2026-08-28T00:22:11.514597+09:00
Wage Total,,,failed,False,2026-08-27T23:16:51.144125+09:00
Wage Tower,,,failed,False,2026-08-21T01:25:24.809059+09:00
Wage Tracker,140.0,3.0,success,False,2026-08-21T01:19:25.139986+09:00
Wage Trail,,,failed,False,2026-08-21T01:22:38.712146+09:00
Wage Trend,30.0,3.0,success,False,2026-08-28T01:03:21.195109+09:00
Wage Trial,,,failed,False,2026-08-27T21:18:10.943632+09:00
Wage Unit,10.0,0.0,success,False,2026-08-21T01:55:42.683026+09:00
Wage Update,40.0,0.0,success,False,2026-08-21T01:16:28.829039+09:00
Wage Value,10.0,0.0,success,False,2026-08-23T02:58:45.466254+09:00
Wage Vault,,,failed,False,2026-08-21T01:19:52.973842+09:00
Wage Version,,,failed,False,2026-08-23T03:15:28.674871+09:00
Wage View,10.0,0.0,success,False,2026-08-21T01:15:58.855612+09:00
Wage Voucher,,,failed,False,2026-08-21T01:18:04.111706+09:00
Wage Wallet,20.0,0.0,success,False,2026-08-27T22:51:13.312396+09:00
Wage Watch,40.0,7.0,success,False,2026-08-21T01:20:30.866856+09:00
Wage Wave,10.0,9.0,success,False,2026-08-21T01:20:48.632862+09:00
Wage Widget,,,failed,False,2026-08-27T23:16:53.480733+09:00
Wage Window,,,failed,False,2026-08-21T01:26:22.503532+09:00
Wage Worksheet,50.0,0.0,success,False,2026-08-27T22:13:53.849783+09:00
Wage Workshop,,,failed,False,2026-08-28T00:22:04.244333+09:00
Wage Yard,,,failed,False,2026-08-21T01:24:59.173649+09:00
Wage Zone,,,failed,False,2026-08-21T01:22:01.103254+09:00
Waitlist Advisory,,,failed,False,2026-08-21T01:04:15.866621+09:00
Waitlist Allowance,,,failed,False,2026-08-21T02:44:11.415890+09:00
Waitlist Almanac,,,failed,False,2026-08-18T22:07:51.533580+09:00
Waitlist Analyzer,,,failed,False,2026-08-27T23:55:21.576264+09:00
Waitlist Anchor,,,failed,False,2026-08-17T23:06:35.609380+09:00
Waitlist Assistant,,,failed,False,2026-08-17T23:07:22.346415+09:00
Waitlist Atlas,,,failed,False,2026-08-17T23:11:00.543955+09:00
Waitlist Attribute,,,failed,False,2026-08-23T13:10:10.835682+09:00
Waitlist Badge,,,failed,False,2026-08-21T00:30:19.986675+09:00
Waitlist Base,,,failed,False,2026-08-17T23:06:12.301553+09:00
Waitlist Beacon,,,failed,False,2026-08-17T23:04:40.930662+09:00
Waitlist Bill,,,failed,False,2026-08-19T21:49:32.440919+09:00
Waitlist Blueprint,,,failed,False,2026-08-18T22:07:42.473360+09:00
Waitlist Board,,,failed,False,2026-08-17T23:29:05.712614+09:00
Waitlist Book,,,failed,False,2026-08-19T21:50:30.697464+09:00
Waitlist Bridge,,,failed,False,2026-08-17T23:26:43.020316+09:00
Waitlist Brief,,,failed,False,2026-08-21T01:04:02.292645+09:00
Waitlist Bulletin,,,failed,False,2026-08-21T01:03:59.232813+09:00
Waitlist Calculator,,,failed,False,2026-08-27T23:34:17.021271+09:00
Waitlist Calendar,,,failed,False,2026-08-18T23:58:49.693970+09:00
Waitlist Card,,,failed,False,2026-08-19T13:32:31.593655+09:00
Waitlist Cascade,,,failed,False,2026-08-17T23:11:57.762151+09:00
Waitlist Cash,,,failed,False,2026-08-21T02:28:40.448172+09:00
Waitlist Cashback,,,failed,False,2026-08-27T21:14:58.792070+09:00
Waitlist Catalog,,,failed,False,2026-08-19T21:05:22.464454+09:00
Waitlist Category,,,failed,False,2026-08-23T13:10:08.705068+09:00
Waitlist Center,,,failed,False,2026-08-17T23:29:55.087176+09:00
Waitlist Chain,,,failed,False,2026-08-17T23:31:35.615532+09:00
Waitlist Charge,,,failed,False,2026-08-21T02:44:02.769477+09:00
Waitlist Check,12100.0,1.0,success,False,2026-08-19T13:32:47.690424+09:00
Waitlist Checker,,,failed,False,2026-08-27T23:55:14.253857+09:00
Waitlist Checklist,20.0,0.0,success,False,2026-08-19T21:04:15.563221+09:00
Waitlist Circular,,,failed,False,2026-08-21T01:04:11.301899+09:00
Waitlist Cockpit,,,failed,False,2026-08-17T23:23:32.991705+09:00
Waitlist Code,,,failed,False,2026-08-19T21:49:55.952193+09:00
Waitlist Codex,,,failed,False,2026-08-18T22:08:07.311207+09:00
Waitlist Companion,,,failed,False,2026-08-17T23:05:03.232524+09:00
Waitlist Comparison,,,failed,False,2026-08-28T01:05:44.373460+09:00
Waitlist Compass,,,failed,False,2026-08-17T23:26:16.391059+09:00
Waitlist Compendium,,,failed,False,2026-08-18T22:07:58.079048+09:00
Waitlist Confirmation,1900.0,4.0,success,False,2026-08-21T01:04:28.874460+09:00
Waitlist Console,,,failed,False,2026-08-17T23:11:19.275980+09:00
Waitlist Core,,,failed,False,2026-08-17T23:28:48.980231+09:00
Waitlist Cost,,,failed,False,2026-08-21T02:12:27.062318+09:00
Waitlist Count,,,failed,False,2026-08-27T22:47:28.680273+09:00
Waitlist Counter,,,failed,False,2026-08-18T23:59:44.805528+09:00
Waitlist Coupon,,,failed,False,2026-08-27T21:14:56.322045+09:00
Waitlist Dashboard,,,failed,False,2026-08-17T23:10:40.836813+09:00
Waitlist Deal,,,failed,False,2026-08-21T01:56:46.597919+09:00
Waitlist Debt,,,failed,False,2026-08-21T02:28:33.010940+09:00
Waitlist Deck,,,failed,False,2026-08-17T23:07:59.739195+09:00
Waitlist Depot,,,failed,False,2026-08-18T23:59:24.120788+09:00
Waitlist Desk,,,failed,False,2026-08-17T23:25:47.175267+09:00
Waitlist Detail,,,failed,False,2026-08-23T03:24:09.830834+09:00
Waitlist Detector,,,failed,False,2026-08-27T23:55:17.807220+09:00
Waitlist Dial,,,failed,False,2026-08-17T23:05:51.247207+09:00
Waitlist Digest,,,failed,False,2026-08-19T20:48:12.973996+09:00
Waitlist Directory,,,failed,False,2026-08-18T23:58:57.268328+09:00
Waitlist Discount,,,failed,False,2026-08-23T16:12:10.819899+09:00
Waitlist Dock,,,failed,False,2026-08-17T23:07:39.486562+09:00
Waitlist Dossier,,,failed,False,2026-08-21T01:04:32.859141+09:00
Waitlist Draft,,,failed,False,2026-08-19T20:48:26.152213+09:00
Waitlist Duty,,,failed,False,2026-08-21T02:44:04.894763+09:00
Waitlist Engine,,,failed,False,2026-08-17T23:32:55.929904+09:00
Waitlist Entry,,,failed,False,2026-08-21T01:04:56.218179+09:00
Waitlist Estimate,,,failed,False,2026-08-19T21:05:07.680797+09:00
Waitlist Estimator,,,failed,False,2026-08-27T23:55:11.655418+09:00
Waitlist Excerpt,,,failed,False,2026-08-21T01:04:53.420072+09:00
Waitlist Extension,,,failed,False,2026-08-23T16:37:54.537855+09:00
Waitlist Fare,,,failed,False,2026-08-21T02:12:31.205964+09:00
Waitlist Fee,,,failed,False,2026-08-21T01:56:25.732902+09:00
Waitlist Feed,,,failed,False,2026-08-19T20:48:20.425473+09:00
Waitlist File,,,failed,False,2026-08-19T20:47:48.078194+09:00
Waitlist Finder,,,failed,False,2026-08-18T23:59:14.499030+09:00
Waitlist Fine,,,failed,False,2026-08-23T02:58:03.774409+09:00
Waitlist Flag,,,failed,False,2026-08-21T00:31:03.590955+09:00
Waitlist Flow,,,failed,False,2026-08-17T23:13:55.425659+09:00
Waitlist Forge,,,failed,False,2026-08-17T23:26:30.057004+09:00
Waitlist Form,170.0,25.0,success,False,2026-08-19T13:32:19.751583+09:00
Waitlist Format,,,failed,False,2026-08-23T13:10:14.601516+09:00
Waitlist Frame,,,failed,False,2026-08-17T23:28:30.057187+09:00
Waitlist Fund,,,failed,False,2026-08-21T02:28:36.980709+09:00
Waitlist Gate,,,failed,False,2026-08-17T23:03:43.392480+09:00
Waitlist Giveaway,,,failed,False,2026-08-27T21:15:06.762141+09:00
Waitlist Grade,,,failed,False,2026-08-21T00:30:44.450501+09:00
Waitlist Graph,,,failed,False,2026-08-27T22:09:13.645963+09:00
Waitlist Grid,,,failed,False,2026-08-17T23:27:29.516151+09:00
Waitlist Guarantee,,,failed,False,2026-08-28T01:05:50.050566+09:00
Waitlist Guard,,,failed,False,2026-08-17T23:24:30.748337+09:00
Waitlist Guardian,,,failed,False,2026-08-28T00:24:53.833495+09:00
Waitlist Guidebook,,,failed,False,2026-08-18T22:07:26.351718+09:00
Waitlist Helper,,,failed,False,2026-08-28T00:24:58.982196+09:00
Waitlist History,,,failed,False,2026-08-19T20:47:39.914949+09:00
Waitlist Hotline,,,failed,False,2026-08-19T21:05:32.048024+09:00
Waitlist Hub,,,failed,False,2026-08-17T23:25:18.715654+09:00
Waitlist Identifier,,,failed,False,2026-08-23T13:10:06.026404+09:00
Waitlist Incentive,,,failed,False,2026-08-27T21:15:06.762141+09:00
Waitlist Index,,,failed,False,2026-08-19T21:04:31.572257+09:00
Waitlist Insight,,,failed,False,2026-08-17T23:33:34.870792+09:00
Waitlist Item,,,failed,False,2026-08-21T01:56:34.859851+09:00
Waitlist Journal,,,failed,False,2026-08-18T22:07:09.458547+09:00
Waitlist Keeper,,,failed,False,2026-08-17T23:05:27.218902+09:00
Waitlist Lab,,,failed,False,2026-08-17T23:14:51.389027+09:00
Waitlist Ledger,,,failed,False,2026-08-17T23:13:17.884356+09:00
Waitlist Lens,,,failed,False,2026-08-17T23:11:38.355115+09:00
Waitlist Level,,,failed,False,2026-08-19T20:47:51.523685+09:00
Waitlist Link,30.0,13.0,success,False,2026-08-23T03:24:01.511685+09:00
Waitlist List,,,failed,False,2026-08-19T21:50:06.175762+09:00
Waitlist Loan,,,failed,False,2026-08-21T02:12:39.261551+09:00
Waitlist Locator,,,failed,False,2026-08-18T23:59:06.121375+09:00
Waitlist Lock,,,failed,False,2026-08-17T23:04:21.710025+09:00
Waitlist Log,,,failed,False,2026-08-19T13:32:09.131651+09:00
Waitlist Loop,,,failed,False,2026-08-17T23:08:20.793662+09:00
Waitlist Manager,110.0,15.0,success,False,2026-08-17T23:32:42.825846+09:00
Waitlist Map,,,failed,False,2026-08-17T23:28:10.025737+09:00
Waitlist Margin,,,failed,False,2026-08-23T02:58:03.774409+09:00
Waitlist Marker,,,failed,False,2026-08-23T13:26:22.288872+09:00
Waitlist Markup,,,failed,False,2026-08-23T16:37:49.888860+09:00
Waitlist Memo,,,failed,False,2026-08-21T00:30:51.297861+09:00
Waitlist Message,,,failed,False,2026-08-27T23:12:37.040829+09:00
Waitlist Meter,,,failed,False,2026-08-17T23:30:41.257118+09:00
Waitlist Metrics,,,failed,False,2026-08-17T22:49:19.411310+09:00
Waitlist Monitor,,,failed,False,2026-08-17T23:09:00.584407+09:00
Waitlist Navigator,,,failed,False,2026-08-17T23:23:48.557902+09:00
Waitlist Nexus,,,failed,False,2026-08-17T23:32:14.007104+09:00
Waitlist Node,,,failed,False,2026-08-17T23:31:53.116535+09:00
Waitlist Note,,,failed,False,2026-08-19T13:33:02.578163+09:00
Waitlist Notification,880.0,0.0,success,False,2026-08-27T22:47:24.172994+09:00
Waitlist Number,30.0,0.0,success,False,2026-08-23T03:23:54.422715+09:00
Waitlist Office,,,failed,False,2026-08-18T23:59:34.906916+09:00
Waitlist Ops,,,failed,False,2026-08-17T23:12:14.829118+09:00
Waitlist Order,,,failed,False,2026-08-19T21:49:21.504748+09:00
Waitlist Organizer,,,failed,False,2026-08-17T23:33:20.357749+09:00
Waitlist Panel,,,failed,False,2026-08-17T23:30:26.611269+09:00
Waitlist Pass,,,failed,False,2026-08-21T00:30:05.948049+09:00
Waitlist Path,,,failed,False,2026-08-17T23:10:02.526148+09:00
Waitlist Penalty,,,failed,False,2026-08-23T16:37:49.888860+09:00
Waitlist Petition,,,failed,False,2026-08-21T01:04:20.278964+09:00
Waitlist Pilot,,,failed,False,2026-08-17T23:08:40.393362+09:00
Waitlist Plan,,,failed,False,2026-08-21T01:56:42.470423+09:00
Waitlist Planner,,,failed,False,2026-08-17T23:33:06.954832+09:00
Waitlist Playbook,,,failed,False,2026-08-18T22:07:01.170489+09:00
Waitlist Point,,,failed,False,2026-08-17T23:27:56.034352+09:00
Waitlist Portal,210.0,1.0,success,False,2026-08-17T23:30:12.792820+09:00
Waitlist Preview,,,failed,False,2026-08-28T01:05:46.959097+09:00
Waitlist Profile,,,failed,False,2026-08-19T13:33:37.732630+09:00
Waitlist Profit,,,failed,False,2026-08-23T02:57:57.265224+09:00
Waitlist Proposal,,,failed,False,2026-08-28T01:05:50.050566+09:00
Waitlist Pulse,,,failed,False,2026-08-17T23:15:10.071233+09:00
Waitlist Queue,20.0,34.0,success,False,2026-08-19T21:04:56.454622+09:00
Waitlist Quota,,,failed,False,2026-08-21T00:30:57.917323+09:00
Waitlist Radar,,,failed,False,2026-08-17T23:15:28.966007+09:00
Waitlist Rail,,,failed,False,2026-08-17T23:31:19.808791+09:00
Waitlist Rank,,,failed,False,2026-08-28T00:47:41.403976+09:00
Waitlist Rate,10.0,0.0,success,False,2026-08-19T20:47:58.897100+09:00
Waitlist Recap,,,failed,False,2026-08-21T01:04:44.330584+09:00
Waitlist Receipt,,,failed,False,2026-08-19T21:49:41.666387+09:00
Waitlist Redemption,,,failed,False,2026-08-23T16:37:54.537855+09:00
Waitlist Register,,,failed,False,2026-08-17T23:24:10.330342+09:00
Waitlist Registry,,,failed,False,2026-08-18T22:07:36.107745+09:00
Waitlist Relay,,,failed,False,2026-08-17T23:26:02.617332+09:00
Waitlist Reminder,,,failed,False,2026-08-19T21:04:04.689181+09:00
Waitlist Report,,,failed,False,2026-08-19T13:32:04.589089+09:00
Waitlist Repository,,,failed,False,2026-08-27T23:12:46.818245+09:00
Waitlist Roadmap,,,failed,False,2026-08-18T22:08:15.553962+09:00
Waitlist Roster,,,failed,False,2026-08-19T00:38:40.592975+09:00
Waitlist Route,,,failed,False,2026-08-17T23:30:56.654699+09:00
Waitlist Rule,,,failed,False,2026-08-23T03:24:05.243173+09:00
Waitlist Sale,,,failed,False,2026-08-21T02:28:40.448172+09:00
Waitlist Scale,,,failed,False,2026-08-17T23:12:58.115072+09:00
Waitlist Scanner,,,failed,False,2026-08-27T23:55:14.253857+09:00
Waitlist Scheduler,,,failed,False,2026-08-17T23:14:14.412117+09:00
Waitlist Scope,,,failed,False,2026-08-17T23:27:14.779355+09:00
Waitlist Score,,,failed,False,2026-08-19T13:32:52.541757+09:00
Waitlist Sentry,,,failed,False,2026-08-17T23:32:28.634296+09:00
Waitlist Sheet,,,failed,False,2026-08-19T13:32:40.491815+09:00
Waitlist Signal,,,failed,False,2026-08-17T23:27:00.420532+09:00
Waitlist Slip,,,failed,False,2026-08-19T21:50:44.390054+09:00
Waitlist Slot,,,failed,False,2026-08-19T21:51:05.479286+09:00
Waitlist Snapshot,,,failed,False,2026-08-18T22:07:18.676319+09:00
Waitlist Stamp,,,failed,False,2026-08-23T13:26:25.215433+09:00
Waitlist Statement,10.0,,success,False,2026-08-21T00:30:32.235715+09:00
Waitlist Station,,,failed,False,2026-08-17T23:29:38.825411+09:00
Waitlist Status,2900.0,4.0,success,False,2026-08-19T20:47:28.016879+09:00
Waitlist Stub,,,failed,False,2026-08-21T00:30:27.321926+09:00
Waitlist Studio,140.0,0.0,success,False,2026-08-17T23:29:23.485940+09:00
Waitlist Suite,,,failed,False,2026-08-17T23:12:33.022666+09:00
Waitlist Sum,,,failed,False,2026-08-21T02:28:28.588606+09:00
Waitlist Summary,,,failed,False,2026-08-19T21:03:36.529171+09:00
Waitlist Sync,,,failed,False,2026-08-17T23:24:52.278887+09:00
Waitlist Tab,,,failed,False,2026-08-21T00:31:09.970083+09:00
Waitlist Table,,,failed,False,2026-08-19T21:50:19.457736+09:00
Waitlist Tag,,,failed,False,2026-08-19T13:33:13.480936+09:00
Waitlist Tally,,,failed,False,2026-08-21T00:30:39.454023+09:00
Waitlist Tariff,,,failed,False,2026-08-21T02:44:13.647823+09:00
Waitlist Tax,,,failed,False,2026-08-21T02:12:35.738319+09:00
Waitlist Ticker,,,failed,False,2026-08-19T12:24:44.570895+09:00
Waitlist Ticket,880.0,1.0,success,False,2026-08-19T21:04:42.466598+09:00
Waitlist Timeline,,,failed,False,2026-08-19T21:03:51.507952+09:00
Waitlist Timer,,,failed,False,2026-08-28T00:24:51.336275+09:00
Waitlist Token,,,failed,False,2026-08-23T13:26:17.496993+09:00
Waitlist Toll,,,failed,False,2026-08-21T02:44:07.576254+09:00
Waitlist Toolbox,,,failed,False,2026-08-28T00:24:56.382213+09:00
Waitlist Toolkit,,,failed,False,2026-08-18T22:06:54.214613+09:00
Waitlist Total,,,failed,False,2026-08-27T23:12:37.040829+09:00
Waitlist Tracker,70.0,13.0,success,False,2026-08-17T23:06:54.696813+09:00
Waitlist Trail,,,failed,False,2026-08-17T23:14:35.084674+09:00
Waitlist Trend,20.0,4.0,success,False,2026-08-28T01:05:40.494261+09:00
Waitlist Trial,,,failed,False,2026-08-27T21:15:01.645543+09:00
Waitlist Unit,,,failed,False,2026-08-21T01:56:38.086153+09:00
Waitlist Update,20.0,0.0,success,False,2026-08-19T20:48:06.706582+09:00
Waitlist Value,,,failed,False,2026-08-23T02:57:59.639367+09:00
Waitlist Vault,,,failed,False,2026-08-17T23:10:22.607509+09:00
Waitlist Version,,,failed,False,2026-08-23T03:23:58.190781+09:00
Waitlist View,,,failed,False,2026-08-19T20:47:33.785997+09:00
Waitlist Voucher,,,failed,False,2026-08-21T00:30:11.509086+09:00
Waitlist Watch,30.0,1.0,success,False,2026-08-17T23:13:34.703463+09:00
Waitlist Wave,,,failed,False,2026-08-17T23:27:45.087946+09:00
Waitlist Widget,,,failed,False,2026-08-27T23:12:39.391295+09:00
Waitlist Workbench,,,failed,False,2026-08-18T22:06:45.698700+09:00
Waitlist Worksheet,,,failed,False,2026-08-27T22:09:18.738684+09:00
Waitlist Workshop,,,failed,False,2026-08-28T00:24:53.833495+09:00
Waitlist Zone,,,failed,False,2026-08-17T23:04:03.069082+09:00
Waiver Advisory,,,failed,False,2026-08-21T00:58:44.836971+09:00
Waiver Allowance,,,failed,False,2026-08-21T02:38:33.089549+09:00
Waiver Almanac,,,failed,False,2026-08-18T21:11:26.018001+09:00
Waiver Analyzer,20.0,,success,False,2026-08-27T23:52:16.469073+09:00
Waiver Anchor,,,failed,False,2026-08-17T21:37:05.127331+09:00
Waiver Announcement,,,failed,False,2026-08-27T23:32:20.228429+09:00
Waiver Assistant,50.0,0.0,success,False,2026-08-17T23:09:40.999221+09:00
Waiver Atlas,,,failed,False,2026-08-17T20:44:29.668652+09:00
Waiver Balance,,,failed,False,2026-08-23T13:46:24.718234+09:00
Waiver Base,,,failed,False,2026-08-17T20:41:33.336783+09:00
Waiver Beacon,,,failed,False,2026-08-18T07:52:30.485728+09:00
Waiver Bill,30.0,0.0,success,False,2026-08-19T21:59:39.418384+09:00
Waiver Blueprint,,,failed,False,2026-08-18T22:11:56.316205+09:00
Waiver Board,70.0,4.0,success,False,2026-08-17T20:39:06.787331+09:00
Waiver Book,,,failed,False,2026-08-19T22:00:29.201659+09:00
Waiver Bridge,,,failed,False,2026-08-17T21:38:15.647846+09:00
Waiver Brief,,,failed,False,2026-08-21T00:58:36.711570+09:00
Waiver Bulletin,,,failed,False,2026-08-21T00:58:32.149871+09:00
Waiver Cabinet,,,failed,False,2026-08-27T23:10:02.620929+09:00
Waiver Calendar,,,failed,False,2026-08-19T00:00:22.759146+09:00
Waiver Card,50.0,1.0,success,False,2026-08-19T13:24:45.773598+09:00
Waiver Cascade,,,failed,False,2026-08-17T21:39:44.948189+09:00
Waiver Cash,,,failed,False,2026-08-21T02:22:16.250751+09:00
Waiver Cashback,,,failed,False,2026-08-27T21:16:57.719069+09:00
Waiver Catalog,,,failed,False,2026-08-19T21:14:49.838669+09:00
Waiver Category,10.0,0.0,success,False,2026-08-23T13:06:33.832553+09:00
Waiver Center,,,failed,False,2026-08-17T20:33:30.325030+09:00
Waiver Chain,,,failed,False,2026-08-17T21:31:11.680234+09:00
Waiver Charge,880.0,0.0,success,False,2026-08-21T02:38:23.344262+09:00
Waiver Check,50.0,0.0,success,False,2026-08-19T13:25:01.891377+09:00
Waiver Checker,,,failed,False,2026-08-27T23:52:05.723363+09:00
Waiver Checklist,20.0,0.0,success,False,2026-08-19T21:13:57.456241+09:00
Waiver Circular,,,failed,False,2026-08-21T01:00:03.837469+09:00
Waiver Cockpit,,,failed,False,2026-08-17T23:08:23.954708+09:00
Waiver Code,390.0,0.0,success,False,2026-08-19T21:59:58.757000+09:00
Waiver Codex,,,failed,False,2026-08-18T22:02:48.638128+09:00
Waiver Companion,,,failed,False,2026-08-17T23:07:36.976637+09:00
Waiver Comparison,,,failed,False,2026-08-28T01:03:27.794966+09:00
Waiver Compass,,,failed,False,2026-08-17T20:31:46.547401+09:00
Waiver Compendium,,,failed,False,2026-08-18T22:02:38.118746+09:00
Waiver Confirmation,10.0,0.0,success,False,2026-08-21T00:58:54.317507+09:00
Waiver Console,,,failed,False,2026-08-18T07:51:58.234946+09:00
Waiver Copayment,,,failed,False,2026-08-23T16:38:57.916604+09:00
Waiver Core,,,failed,False,2026-08-17T20:40:48.754907+09:00
Waiver Cost,390.0,0.0,success,False,2026-08-21T02:06:36.583403+09:00
Waiver Count,,,failed,False,2026-08-27T22:44:35.371350+09:00
Waiver Counter,,,failed,False,2026-08-18T23:57:53.791592+09:00
Waiver Coupon,10.0,0.0,success,False,2026-08-27T21:16:53.377302+09:00
Waiver Dashboard,,,failed,False,2026-08-17T23:12:55.157000+09:00
Waiver Deal,,,failed,False,2026-08-21T01:50:16.047866+09:00
Waiver Debt,140.0,1.0,success,False,2026-08-21T02:22:07.753021+09:00
Waiver Deck,,,failed,False,2026-08-17T20:38:11.520193+09:00
Waiver Depot,,,failed,False,2026-08-18T23:57:35.193051+09:00
Waiver Desk,,,failed,False,2026-08-17T20:35:50.076535+09:00
Waiver Detail,10.0,,success,False,2026-08-23T03:17:50.653872+09:00
Waiver Detector,,,failed,False,2026-08-27T23:52:13.665480+09:00
Waiver Diagram,,,failed,False,2026-08-27T22:11:56.077657+09:00
Waiver Dial,,,failed,False,2026-08-17T21:39:05.774100+09:00
Waiver Digest,,,failed,False,2026-08-19T20:41:13.496418+09:00
Waiver Directory,,,failed,False,2026-08-18T23:57:00.632523+09:00
Waiver Dock,,,failed,False,2026-08-17T21:34:29.947705+09:00
Waiver Dossier,,,failed,False,2026-08-21T00:58:59.914106+09:00
Waiver Downpayment,,,failed,False,2026-08-27T21:47:58.388035+09:00
Waiver Draft,20.0,10.0,success,False,2026-08-19T20:41:33.167361+09:00
Waiver Due,,,failed,False,2026-08-23T15:51:42.166674+09:00
Waiver Duty,,,failed,False,2026-08-21T02:38:25.978724+09:00
Waiver Engine,,,failed,False,2026-08-17T23:04:42.962346+09:00
Waiver Entry,,,failed,False,2026-08-21T00:59:12.932532+09:00
Waiver Estimate,,,failed,False,2026-08-19T21:14:39.007898+09:00
Waiver Excerpt,,,failed,False,2026-08-21T00:59:08.363801+09:00
Waiver Extension,50.0,0.0,success,False,2026-08-23T16:39:00.201041+09:00
Waiver Fare,,,failed,False,2026-08-21T02:06:47.400251+09:00
Waiver Fee,14800.0,0.0,success,True,2026-08-21T01:50:32.476329+09:00
Waiver Feed,,,failed,False,2026-08-19T20:41:22.304179+09:00
Waiver File,170.0,34.0,success,False,2026-08-19T20:40:35.383963+09:00
Waiver Finder,,,failed,False,2026-08-18T23:57:22.753165+09:00
Waiver Fine,,,failed,False,2026-08-23T02:53:58.718739+09:00
Waiver Flag,10.0,0.0,success,False,2026-08-21T00:27:48.036654+09:00
Waiver Flow,,,failed,False,2026-08-17T20:38:36.286112+09:00
Waiver Forge,,,failed,False,2026-08-17T21:41:44.845375+09:00
Waiver Form,3600.0,14.0,success,False,2026-08-19T13:24:22.197081+09:00
Waiver Frame,,,failed,False,2026-08-17T20:42:18.152107+09:00
Waiver Fund,,,failed,False,2026-08-21T02:22:13.751196+09:00
Waiver Gate,10.0,,success,False,2026-08-17T20:46:23.888336+09:00
Waiver Generator,20.0,73.0,success,False,2026-08-27T23:32:33.346775+09:00
Waiver Giveaway,,,failed,False,2026-08-27T21:17:03.008156+09:00
Waiver Grade,,,failed,False,2026-08-21T00:27:24.500136+09:00
Waiver Graph,,,failed,False,2026-08-27T22:11:39.650369+09:00
Waiver Grid,,,failed,False,2026-08-17T21:31:46.266854+09:00
Waiver Guard,,,failed,False,2026-08-17T20:41:08.316613+09:00
Waiver Guardian,,,failed,False,2026-08-28T00:22:31.262546+09:00
Waiver Guidebook,,,failed,False,2026-08-18T22:11:39.333366+09:00
Waiver Helpdesk,,,failed,False,2026-08-27T22:44:35.371350+09:00
Waiver Helper,,,failed,False,2026-08-28T00:22:36.820060+09:00
Waiver History,,,failed,False,2026-08-19T20:40:28.949050+09:00
Waiver Hotline,,,failed,False,2026-08-19T21:15:04.533430+09:00
Waiver Hub,,,failed,False,2026-08-17T20:37:47.401646+09:00
Waiver Identifier,,,failed,False,2026-08-23T13:06:31.775349+09:00
Waiver Incentive,,,failed,False,2026-08-27T21:17:00.727259+09:00
Waiver Index,,,failed,False,2026-08-19T21:14:07.516927+09:00
Waiver Insight,,,failed,False,2026-08-17T23:13:36.575210+09:00
Waiver Interest,50.0,0.0,success,False,2026-08-23T13:46:24.718234+09:00
Waiver Item,,,failed,False,2026-08-21T01:50:49.145007+09:00
Waiver Journal,10.0,1.0,success,False,2026-08-18T22:11:19.240583+09:00
Waiver Keeper,,,failed,False,2026-08-17T20:42:47.401639+09:00
Waiver Kit,,,failed,False,2026-08-27T22:44:27.817073+09:00
Waiver Lab,,,failed,False,2026-08-17T20:36:17.521162+09:00
Waiver Label,,,failed,False,2026-08-27T22:11:39.650369+09:00
Waiver Ledger,,,failed,False,2026-08-17T20:39:59.910293+09:00
Waiver Lens,,,failed,False,2026-08-17T20:43:15.863986+09:00
Waiver Level,,,failed,False,2026-08-19T20:40:42.900088+09:00
Waiver Levy,1900.0,0.0,success,True,2026-08-23T13:46:30.859150+09:00
Waiver Link,70.0,20.0,success,False,2026-08-23T03:17:44.508741+09:00
Waiver List,170.0,0.0,success,False,2026-08-19T22:00:08.446877+09:00
Waiver Loan,70.0,3.0,success,False,2026-08-21T02:06:57.377866+09:00
Waiver Locator,,,failed,False,2026-08-18T23:57:13.406878+09:00
Waiver Lock,,,failed,False,2026-08-17T20:45:09.617976+09:00
Waiver Log,10.0,18.0,success,False,2026-08-19T13:24:14.979285+09:00
Waiver Loop,,,failed,False,2026-08-17T21:33:00.443260+09:00
Waiver Manager,,,failed,False,2026-08-17T20:41:58.937145+09:00
Waiver Manual,50.0,0.0,success,False,2026-08-27T22:11:47.365503+09:00
Waiver Map,,,failed,False,2026-08-17T20:44:09.032273+09:00
Waiver Margin,,,failed,False,2026-08-23T02:53:56.783780+09:00
Waiver Marker,,,failed,False,2026-08-23T13:26:55.054155+09:00
Waiver Memo,,,failed,False,2026-08-21T00:27:32.429911+09:00
Waiver Message,,,failed,False,2026-08-27T23:09:56.910517+09:00
Waiver Meter,,,failed,False,2026-08-17T21:37:44.992622+09:00
Waiver Metrics,,,failed,False,2026-08-17T23:05:47.972316+09:00
Waiver Monitor,,,failed,False,2026-08-17T23:11:16.019102+09:00
Waiver Navigator,,,failed,False,2026-08-17T23:15:12.775041+09:00
Waiver Nexus,,,failed,False,2026-08-17T20:45:33.619281+09:00
Waiver Node,,,failed,False,2026-08-17T20:47:45.474295+09:00
Waiver Note,10.0,0.0,success,False,2026-08-19T13:25:31.059454+09:00
Waiver Notification,,,failed,False,2026-08-27T22:44:24.073756+09:00
Waiver Number,40.0,1.0,success,False,2026-08-23T03:17:34.613762+09:00
Waiver Office,10.0,0.0,success,False,2026-08-18T23:57:42.935137+09:00
Waiver Ops,,,failed,False,2026-08-17T23:14:31.375028+09:00
Waiver Order,210.0,0.0,success,False,2026-08-19T21:59:26.927876+09:00
Waiver Organizer,,,failed,False,2026-08-17T23:06:37.704524+09:00
Waiver Overage,,,failed,False,2026-08-27T21:47:56.115586+09:00
Waiver Overdue,,,failed,False,2026-08-27T21:47:53.828940+09:00
Waiver Panel,,,failed,False,2026-08-17T21:41:12.952922+09:00
Waiver Path,,,failed,False,2026-08-17T20:47:04.642239+09:00
Waiver Payoff,,,failed,False,2026-08-27T21:47:56.115586+09:00
Waiver Penalty,880.0,2.0,success,False,2026-08-23T16:38:55.641714+09:00
Waiver Petition,110.0,0.0,success,False,2026-08-21T00:58:49.473587+09:00
Waiver Pilot,,,failed,False,2026-08-17T20:36:48.387810+09:00
Waiver Plan,20.0,6.0,success,False,2026-08-21T01:50:02.348824+09:00
Waiver Planner,10.0,,success,False,2026-08-17T23:11:57.762151+09:00
Waiver Playbook,,,failed,False,2026-08-18T22:11:11.945944+09:00
Waiver Point,,,failed,False,2026-08-17T20:45:55.190861+09:00
Waiver Portal,30.0,4.0,success,False,2026-08-18T07:43:59.355214+09:00
Waiver Preview,,,failed,False,2026-08-28T01:03:30.600111+09:00
Waiver Profile,,,failed,False,2026-08-19T13:26:03.914310+09:00
Waiver Profit,,,failed,False,2026-08-23T02:53:47.851129+09:00
Waiver Proposal,10.0,0.0,success,False,2026-08-28T01:03:33.167279+09:00
Waiver Pulse,,,failed,False,2026-08-17T21:30:38.829852+09:00
Waiver Queue,,,failed,False,2026-08-19T21:14:27.953850+09:00
Waiver Quota,,,failed,False,2026-08-21T00:27:39.908231+09:00
Waiver Radar,,,failed,False,2026-08-17T20:34:48.922886+09:00
Waiver Rail,,,failed,False,2026-08-17T21:33:26.536272+09:00
Waiver Rate,,,failed,False,2026-08-19T20:40:53.028403+09:00
Waiver Recap,,,failed,False,2026-08-21T01:00:08.450743+09:00
Waiver Receipt,110.0,0.0,success,False,2026-08-19T21:59:50.117537+09:00
Waiver Recorder,,,failed,False,2026-08-27T23:32:33.346775+09:00
Waiver Register,,,failed,False,2026-08-17T23:10:04.608173+09:00
Waiver Registry,,,failed,False,2026-08-18T22:11:45.045166+09:00
Waiver Relay,,,failed,False,2026-08-17T20:33:59.012811+09:00
Waiver Reminder,,,failed,False,2026-08-19T21:13:46.122895+09:00
Waiver Report,40.0,0.0,success,False,2026-08-19T13:23:50.629735+09:00
Waiver Repository,,,failed,False,2026-08-27T23:10:02.620929+09:00
Waiver Roadmap,,,failed,False,2026-08-18T22:02:59.013018+09:00
Waiver Roster,,,failed,False,2026-08-19T00:36:57.137576+09:00
Waiver Route,,,failed,False,2026-08-17T21:35:33.419897+09:00
Waiver Rule,70.0,0.0,success,False,2026-08-23T03:17:46.671515+09:00
Waiver Sale,,,failed,False,2026-08-21T02:22:21.674947+09:00
Waiver Sample,1900.0,4.0,success,False,2026-08-19T22:00:50.592987+09:00
Waiver Scale,,,failed,False,2026-08-17T21:36:34.713232+09:00
Waiver Scanner,,,failed,False,2026-08-27T23:52:08.286767+09:00
Waiver Scheduler,,,failed,False,2026-08-17T23:04:03.069082+09:00
Waiver Scope,,,failed,False,2026-08-17T21:33:59.802696+09:00
Waiver Score,,,failed,False,2026-08-19T13:25:11.972380+09:00
Waiver Sentry,,,failed,False,2026-08-17T20:43:42.299051+09:00
Waiver Sheet,30.0,6.0,success,False,2026-08-19T13:24:56.019665+09:00
Waiver Shortfall,,,failed,False,2026-08-27T21:48:00.691172+09:00
Waiver Signal,,,failed,False,2026-08-17T21:36:07.544663+09:00
Waiver Signature,480.0,6.0,success,False,2026-08-23T13:26:55.054155+09:00
Waiver Slip,90.0,0.0,success,False,2026-08-19T22:00:41.038270+09:00
Waiver Slot,,,failed,False,2026-08-19T22:00:58.577087+09:00
Waiver Snapshot,,,failed,False,2026-08-18T22:11:30.674698+09:00
Waiver Stage,,,failed,False,2026-08-28T00:46:27.391148+09:00
Waiver Stake,,,failed,False,2026-08-23T02:53:52.134740+09:00
Waiver Stamp,,,failed,False,2026-08-23T13:26:57.143655+09:00
Waiver Statement,30.0,0.0,success,False,2026-08-21T00:27:06.966469+09:00
Waiver Station,50.0,1.0,success,False,2026-08-17T20:35:18.626237+09:00
Waiver Status,590.0,0.0,success,False,2026-08-19T20:40:08.745376+09:00
Waiver Stub,,,failed,False,2026-08-21T00:26:55.838634+09:00
Waiver Studio,,,failed,False,2026-08-17T20:37:16.947301+09:00
Waiver Suite,,,failed,False,2026-08-17T23:14:51.389027+09:00
Waiver Sum,,,failed,False,2026-08-21T02:22:03.460496+09:00
Waiver Summary,,,failed,False,2026-08-19T21:13:23.011051+09:00
Waiver Sync,,,failed,False,2026-08-17T20:39:31.272188+09:00
Waiver Tab,,,failed,False,2026-08-21T00:27:53.671746+09:00
Waiver Table,,,failed,False,2026-08-19T22:00:20.280558+09:00
Waiver Tag,,,failed,False,2026-08-19T13:25:53.621438+09:00
Waiver Tally,,,failed,False,2026-08-21T00:27:15.534212+09:00
Waiver Tariff,,,failed,False,2026-08-21T02:38:35.767249+09:00
Waiver Tax,720.0,2.0,success,False,2026-08-21T02:06:52.442398+09:00
Waiver Ticket,30.0,5.0,success,False,2026-08-19T21:14:17.350894+09:00
Waiver Timeline,10.0,0.0,success,False,2026-08-19T21:13:34.097161+09:00
Waiver Timer,,,failed,False,2026-08-28T00:22:26.191039+09:00
Waiver Token,,,failed,False,2026-08-23T13:26:52.809343+09:00
Waiver Toll,,,failed,False,2026-08-21T02:38:28.246618+09:00
Waiver Toolbox,,,failed,False,2026-08-28T00:22:34.191902+09:00
Waiver Toolkit,,,failed,False,2026-08-18T22:11:03.707718+09:00
Waiver Tracker,1300.0,0.0,success,True,2026-08-17T20:40:24.654920+09:00
Waiver Trail,,,failed,False,2026-08-17T21:32:23.259221+09:00
Waiver Trend,,,failed,False,2026-08-28T01:03:25.191639+09:00
Waiver Trial,140.0,0.0,success,False,2026-08-27T21:16:57.719069+09:00
Waiver Unit,,,failed,False,2026-08-21T01:49:57.762710+09:00
Waiver Update,,,failed,False,2026-08-19T20:41:03.972806+09:00
Waiver Value,,,failed,False,2026-08-23T02:53:49.996059+09:00
Waiver Vault,,,failed,False,2026-08-17T20:32:55.422953+09:00
Waiver Version,,,failed,False,2026-08-23T03:17:39.480043+09:00
Waiver View,,,failed,False,2026-08-19T20:40:20.062336+09:00
Waiver Watch,30.0,0.0,success,False,2026-08-17T21:35:02.943607+09:00
Waiver Wave,,,failed,False,2026-08-17T20:48:21.583177+09:00
Waiver Widget,,,failed,False,2026-08-27T23:09:59.459850+09:00
Waiver Workbench,,,failed,False,2026-08-18T22:10:56.062577+09:00
Waiver Worksheet,,,failed,False,2026-08-27T22:11:50.573955+09:00
Waiver Workshop,,,failed,False,2026-08-28T00:22:28.798439+09:00
Waiver Zone,,,failed,False,2026-08-17T20:32:21.226449+09:00
Walkthrough Alert,,,failed,False,2026-08-21T01:40:23.040836+09:00
Walkthrough Allowance,,,failed,False,2026-08-21T02:42:14.230561+09:00
Walkthrough Analyzer,,,failed,False,2026-08-27T23:58:52.704840+09:00
Walkthrough Atlas,,,failed,False,2026-08-21T01:38:06.302240+09:00
Walkthrough Attribute,,,failed,False,2026-08-23T13:09:46.403136+09:00
Walkthrough Badge,,,failed,False,2026-08-21T01:43:07.474360+09:00
Walkthrough Base,,,failed,False,2026-08-21T01:35:48.314682+09:00
Walkthrough Beacon,,,failed,False,2026-08-21T01:35:45.780431+09:00
Walkthrough Bill,,,failed,False,2026-08-21T01:42:32.456630+09:00
Walkthrough Board,,,failed,False,2026-08-21T01:36:47.067872+09:00
Walkthrough Bridge,,,failed,False,2026-08-21T01:35:45.780431+09:00
Walkthrough Brief,,,failed,False,2026-08-21T01:43:45.085248+09:00
Walkthrough Bulletin,,,failed,False,2026-08-21T01:43:39.038620+09:00
Walkthrough Calendar,,,failed,False,2026-08-21T01:39:01.261860+09:00
Walkthrough Card,,,failed,False,2026-08-21T01:41:06.507181+09:00
Walkthrough Cascade,,,failed,False,2026-08-21T01:35:45.780431+09:00
Walkthrough Cash,,,failed,False,2026-08-21T02:25:39.755040+09:00
Walkthrough Cashback,,,failed,False,2026-08-27T21:16:21.669078+09:00
Walkthrough Category,,,failed,False,2026-08-23T13:09:44.174186+09:00
Walkthrough Center,,,failed,False,2026-08-21T01:37:11.320785+09:00
Walkthrough Chain,,,failed,False,2026-08-21T01:37:44.630220+09:00
Walkthrough Charge,,,failed,False,2026-08-21T02:42:02.551252+09:00
Walkthrough Chart,,,failed,False,2026-08-21T01:40:28.771256+09:00
Walkthrough Check,,,failed,False,2026-08-21T01:41:12.264242+09:00
Walkthrough Checker,,,failed,False,2026-08-27T23:58:45.722079+09:00
Walkthrough Code,390.0,2.0,success,False,2026-08-21T01:42:40.721389+09:00
Walkthrough Comparison,,,failed,False,2026-08-28T01:01:45.010115+09:00
Walkthrough Confirmation,,,failed,False,2026-08-21T01:44:01.894856+09:00
Walkthrough Console,,,failed,False,2026-08-21T01:37:24.140763+09:00
Walkthrough Contribution,,,failed,False,2026-08-23T16:13:14.533515+09:00
Walkthrough Core,,,failed,False,2026-08-21T01:36:36.837653+09:00
Walkthrough Cost,,,failed,False,2026-08-21T02:08:52.269018+09:00
Walkthrough Count,,,failed,False,2026-08-27T22:49:32.762391+09:00
Walkthrough Counter,,,failed,False,2026-08-21T01:39:27.131441+09:00
Walkthrough Coupon,,,failed,False,2026-08-27T21:16:19.259868+09:00
Walkthrough Deal,,,failed,False,2026-08-21T01:51:43.156382+09:00
Walkthrough Debt,,,failed,False,2026-08-21T02:25:31.969034+09:00
Walkthrough Deck,,,failed,False,2026-08-21T01:36:50.253581+09:00
Walkthrough Desk,,,failed,False,2026-08-21T01:44:28.935205+09:00
Walkthrough Detail,,,failed,False,2026-08-23T03:23:00.689817+09:00
Walkthrough Detector,40.0,50.0,success,False,2026-08-27T23:58:52.704840+09:00
Walkthrough Diagram,,,failed,False,2026-08-27T22:11:11.911250+09:00
Walkthrough Directory,,,failed,False,2026-08-21T01:39:04.572787+09:00
Walkthrough Discount,,,failed,False,2026-08-23T16:13:08.662730+09:00
Walkthrough Downpayment,,,failed,False,2026-08-27T21:47:35.080437+09:00
Walkthrough Draft,,,failed,False,2026-08-21T01:42:00.180241+09:00
Walkthrough Due,,,failed,False,2026-08-23T15:51:07.589062+09:00
Walkthrough Duty,,,failed,False,2026-08-21T02:42:09.091272+09:00
Walkthrough Endowment,,,failed,False,2026-08-23T15:51:15.880461+09:00
Walkthrough Engine,,,failed,False,2026-08-21T01:38:18.535087+09:00
Walkthrough Entry,,,failed,False,2026-08-21T01:44:11.369887+09:00
Walkthrough Estimate,,,failed,False,2026-08-21T01:42:22.878879+09:00
Walkthrough Estimator,,,failed,False,2026-08-27T23:58:43.283075+09:00
Walkthrough Extension,,,failed,False,2026-08-23T16:38:33.746405+09:00
Walkthrough Fare,,,failed,False,2026-08-21T02:09:00.837465+09:00
Walkthrough Fee,,,failed,False,2026-08-21T01:51:29.207159+09:00
Walkthrough Feed,,,failed,False,2026-08-21T01:41:54.360418+09:00
Walkthrough Field,,,failed,False,2026-08-23T13:09:53.012547+09:00
Walkthrough File,,,failed,False,2026-08-21T01:41:42.095051+09:00
Walkthrough Fine,,,failed,False,2026-08-23T02:57:10.108047+09:00
Walkthrough Flow,20.0,1.0,success,False,2026-08-21T01:44:20.732547+09:00
Walkthrough Forge,,,failed,False,2026-08-21T01:35:45.780431+09:00
Walkthrough Form,90.0,2.0,success,False,2026-08-21T01:41:02.771886+09:00
Walkthrough Format,,,failed,False,2026-08-23T13:09:55.014275+09:00
Walkthrough Frame,,,failed,False,2026-08-21T01:35:48.314682+09:00
Walkthrough Fund,,,failed,False,2026-08-21T02:25:35.476201+09:00
Walkthrough Gate,260.0,31.0,success,False,2026-08-21T01:37:55.040790+09:00
Walkthrough Generator,,,failed,False,2026-08-27T23:36:25.651250+09:00
Walkthrough Giveaway,,,failed,False,2026-08-27T21:16:26.164499+09:00
Walkthrough Graph,,,failed,False,2026-08-27T22:11:01.897181+09:00
Walkthrough Grid,,,failed,False,2026-08-21T01:35:45.780431+09:00
Walkthrough Guarantee,,,failed,False,2026-08-28T01:01:51.337076+09:00
Walkthrough Helper,,,failed,False,2026-08-28T00:27:31.291174+09:00
Walkthrough History,,,failed,False,2026-08-21T01:41:39.026443+09:00
Walkthrough Hub,,,failed,False,2026-08-21T01:44:25.853714+09:00
Walkthrough Identifier,,,failed,False,2026-08-23T13:09:42.107006+09:00
Walkthrough Incentive,,,failed,False,2026-08-27T21:16:26.164499+09:00
Walkthrough Index,,,failed,False,2026-08-21T01:42:13.880844+09:00
Walkthrough Installment,,,failed,False,2026-08-23T16:13:10.832744+09:00
Walkthrough Item,,,failed,False,2026-08-21T01:51:32.906314+09:00
Walkthrough Journal,,,failed,False,2026-08-21T01:38:54.698036+09:00
Walkthrough Keeper,10.0,0.0,success,False,2026-08-21T01:38:08.891636+09:00
Walkthrough Lab,,,failed,False,2026-08-21T01:36:59.790111+09:00
Walkthrough Label,,,failed,False,2026-08-27T22:11:05.293773+09:00
Walkthrough Ledger,,,failed,False,2026-08-21T01:36:42.310879+09:00
Walkthrough Level,90.0,0.0,success,False,2026-08-21T01:41:44.452509+09:00
Walkthrough Link,,,failed,False,2026-08-23T03:22:53.557175+09:00
Walkthrough List,10.0,0.0,success,False,2026-08-21T01:42:43.370438+09:00
Walkthrough Loan,,,failed,False,2026-08-21T02:09:08.901398+09:00
Walkthrough Locator,,,failed,False,2026-08-21T01:39:12.504942+09:00
Walkthrough Locker,,,failed,False,2026-08-21T01:39:30.579891+09:00
Walkthrough Log,,,failed,False,2026-08-21T01:40:58.554709+09:00
Walkthrough Loop,,,failed,False,2026-08-21T01:35:45.780431+09:00
Walkthrough Manual,,,failed,False,2026-08-27T22:11:07.504968+09:00
Walkthrough Map,40.0,0.0,success,False,2026-08-21T01:35:48.314682+09:00
Walkthrough Margin,,,failed,False,2026-08-23T02:57:06.282457+09:00
Walkthrough Markup,,,failed,False,2026-08-23T16:38:29.056767+09:00
Walkthrough Memo,,,failed,False,2026-08-21T01:43:23.087757+09:00
Walkthrough Message,,,failed,False,2026-08-27T23:15:10.643747+09:00
Walkthrough Monitor,,,failed,False,2026-08-21T01:38:35.952865+09:00
Walkthrough Nexus,,,failed,False,2026-08-21T01:37:57.190809+09:00
Walkthrough Note,,,failed,False,2026-08-21T01:41:18.223212+09:00
Walkthrough Notification,,,failed,False,2026-08-27T22:49:26.070118+09:00
Walkthrough Number,,,failed,False,2026-08-23T03:22:42.501986+09:00
Walkthrough Office,10.0,0.0,success,False,2026-08-21T01:39:21.617747+09:00
Walkthrough Ops,,,failed,False,2026-08-21T01:38:48.053655+09:00
Walkthrough Order,,,failed,False,2026-08-21T01:42:27.221916+09:00
Walkthrough Overage,,,failed,False,2026-08-27T21:47:32.265892+09:00
Walkthrough Overdraft,,,failed,False,2026-08-23T15:51:09.680113+09:00
Walkthrough Overdue,,,failed,False,2026-08-27T21:47:27.442070+09:00
Walkthrough Panel,,,failed,False,2026-08-21T01:37:28.905967+09:00
Walkthrough Pass,,,failed,False,2026-08-21T01:43:00.390217+09:00
Walkthrough Path,,,failed,False,2026-08-21T01:35:45.780431+09:00
Walkthrough Payoff,,,failed,False,2026-08-27T21:47:29.918815+09:00
Walkthrough Penalty,,,failed,False,2026-08-23T16:38:26.896926+09:00
Walkthrough Petition,,,failed,False,2026-08-21T01:43:56.070004+09:00
Walkthrough Plan,,,failed,False,2026-08-21T01:51:40.699894+09:00
Walkthrough Planner,,,failed,False,2026-08-21T01:38:26.164281+09:00
Walkthrough Playbook,,,failed,False,2026-08-21T01:38:50.640665+09:00
Walkthrough Point,,,failed,False,2026-08-21T01:35:48.314682+09:00
Walkthrough Portal,1000.0,0.0,success,True,2026-08-21T01:37:19.276865+09:00
Walkthrough Preview,,,failed,False,2026-08-28T01:01:48.581211+09:00
Walkthrough Profile,,,failed,False,2026-08-21T01:41:25.621539+09:00
Walkthrough Profit,,,failed,False,2026-08-23T02:56:53.736848+09:00
Walkthrough Proposal,,,failed,False,2026-08-28T01:01:48.581211+09:00
Walkthrough Quota,,,failed,False,2026-08-21T01:43:27.778790+09:00
Walkthrough Radar,,,failed,False,2026-08-21T01:44:33.537295+09:00
Walkthrough Rate,,,failed,False,2026-08-21T01:41:48.955996+09:00
Walkthrough Receipt,,,failed,False,2026-08-21T01:42:34.994206+09:00
Walkthrough Recorder,,,failed,False,2026-08-27T23:36:25.651250+09:00
Walkthrough Register,,,failed,False,2026-08-21T01:38:42.867462+09:00
Walkthrough Registry,,,failed,False,2026-08-21T01:38:57.072218+09:00
Walkthrough Relay,,,failed,False,2026-08-21T01:44:38.139446+09:00
Walkthrough Reminder,,,failed,False,2026-08-21T01:42:07.777661+09:00
Walkthrough Report,30.0,0.0,success,False,2026-08-21T01:40:55.486600+09:00
Walkthrough Repository,,,failed,False,2026-08-27T23:15:18.585578+09:00
Walkthrough Result,,,failed,False,2026-08-28T00:49:13.140044+09:00
Walkthrough Ring,,,failed,False,2026-08-21T01:37:48.907066+09:00
Walkthrough Roster,,,failed,False,2026-08-21T01:40:15.311910+09:00
Walkthrough Route,,,failed,False,2026-08-21T01:37:34.913486+09:00
Walkthrough Rule,,,failed,False,2026-08-23T03:22:56.392022+09:00
Walkthrough Sale,,,failed,False,2026-08-21T02:25:44.046093+09:00
Walkthrough Sample,10.0,0.0,success,False,2026-08-21T01:42:53.677401+09:00
Walkthrough Scale,,,failed,False,2026-08-21T01:37:30.941685+09:00
Walkthrough Scanner,50.0,36.0,success,False,2026-08-27T23:58:48.183628+09:00
Walkthrough Score,,,failed,False,2026-08-21T01:41:16.296353+09:00
Walkthrough Sheet,,,failed,False,2026-08-21T01:41:08.747647+09:00
Walkthrough Shelf,,,failed,False,2026-08-21T01:40:09.996962+09:00
Walkthrough Shortfall,,,failed,False,2026-08-27T21:47:37.465636+09:00
Walkthrough Signal,,,failed,False,2026-08-21T01:35:45.780431+09:00
Walkthrough Signature,,,failed,False,2026-08-23T13:26:17.496993+09:00
Walkthrough Slip,,,failed,False,2026-08-21T01:42:51.256978+09:00
Walkthrough Slot,,,failed,False,2026-08-21T01:42:55.803836+09:00
Walkthrough Stage,,,failed,False,2026-08-28T00:49:09.988603+09:00
Walkthrough Stake,,,failed,False,2026-08-23T02:57:04.274468+09:00
Walkthrough Statement,,,failed,False,2026-08-21T01:43:18.678031+09:00
Walkthrough Station,,,failed,False,2026-08-21T01:37:02.343165+09:00
Walkthrough Status,,,failed,False,2026-08-21T01:41:30.332578+09:00
Walkthrough Stub,,,failed,False,2026-08-21T01:43:12.278953+09:00
Walkthrough Studio,,,failed,False,2026-08-21T01:36:55.107278+09:00
Walkthrough Subsidy,,,failed,False,2026-08-23T15:51:11.788135+09:00
Walkthrough Sum,,,failed,False,2026-08-21T02:25:28.596275+09:00
Walkthrough Summary,,,failed,False,2026-08-21T01:42:02.866390+09:00
Walkthrough Tab,,,failed,False,2026-08-21T01:43:34.239530+09:00
Walkthrough Table,10.0,0.0,success,False,2026-08-21T01:42:46.013630+09:00
Walkthrough Tag,,,failed,False,2026-08-21T01:41:22.153477+09:00
Walkthrough Tariff,,,failed,False,2026-08-21T02:42:16.992307+09:00
Walkthrough Tax,,,failed,False,2026-08-21T02:09:05.168889+09:00
Walkthrough Terminal,,,failed,False,2026-08-21T01:37:07.808277+09:00
Walkthrough Ticket,,,failed,False,2026-08-21T01:42:20.086183+09:00
Walkthrough Timeline,,,failed,False,2026-08-21T01:42:05.228292+09:00
Walkthrough Timer,,,failed,False,2026-08-28T00:27:23.571229+09:00
Walkthrough Toll,,,failed,False,2026-08-21T02:42:11.511377+09:00
Walkthrough Toolbox,,,failed,False,2026-08-28T00:27:27.697084+09:00
Walkthrough Total,,,failed,False,2026-08-27T23:15:13.027326+09:00
Walkthrough Tracker,,,failed,False,2026-08-21T01:44:16.668560+09:00
Walkthrough Trend,,,failed,False,2026-08-28T01:01:42.257433+09:00
Walkthrough Trial,,,failed,False,2026-08-27T21:16:23.936714+09:00
Walkthrough Unit,,,failed,False,2026-08-21T02:06:01.492109+09:00
Walkthrough Update,10.0,0.0,success,False,2026-08-21T01:41:52.008026+09:00
Walkthrough Value,,,failed,False,2026-08-23T02:57:01.992920+09:00
Walkthrough Vault,,,failed,False,2026-08-21T01:35:45.780431+09:00
Walkthrough Version,,,failed,False,2026-08-23T03:22:48.132111+09:00
Walkthrough View,,,failed,False,2026-08-21T01:41:33.473055+09:00
Walkthrough Voucher,,,failed,False,2026-08-21T01:43:03.421356+09:00
Walkthrough Watch,,,failed,False,2026-08-21T01:35:45.780431+09:00
Walkthrough Wave,,,failed,False,2026-08-21T01:35:45.780431+09:00
Walkthrough Widget,,,failed,False,2026-08-27T23:15:15.489365+09:00
Walkthrough Worksheet,,,failed,False,2026-08-27T22:11:07.504968+09:00
Walkthrough Zone,,,failed,False,2026-08-21T01:37:16.023011+09:00
Wardrobe Advisory,,,failed,False,2026-08-21T01:08:51.801540+09:00
Wardrobe Allowance,70.0,0.0,success,False,2026-08-21T02:39:04.967500+09:00
Wardrobe Analyzer,,,failed,False,2026-08-27T23:57:16.212473+09:00
Wardrobe Asset,,,failed,False,2026-08-23T13:48:19.972957+09:00
Wardrobe Assistant,880.0,1.0,success,False,2026-08-19T12:26:50.558135+09:00
Wardrobe Atlas,10.0,,success,False,2026-08-19T12:26:41.238307+09:00
Wardrobe Attribute,,,failed,False,2026-08-23T13:08:07.144549+09:00
Wardrobe Badge,,,failed,False,2026-08-21T00:34:04.071728+09:00
Wardrobe Base,140.0,100.0,success,False,2026-08-19T12:25:43.100247+09:00
Wardrobe Beacon,,,failed,False,2026-08-19T12:24:44.570895+09:00
Wardrobe Bill,,,failed,False,2026-08-19T21:50:23.410812+09:00
Wardrobe Board,720.0,100.0,success,False,2026-08-19T12:25:50.876922+09:00
Wardrobe Book,170.0,25.0,success,False,2026-08-19T21:51:20.233471+09:00
Wardrobe Bridge,210.0,98.0,success,False,2026-08-19T12:24:52.766988+09:00
Wardrobe Brief,20.0,1.0,success,False,2026-08-21T01:08:42.694211+09:00
Wardrobe Bulletin,,,failed,False,2026-08-21T01:08:38.226777+09:00
Wardrobe Cabinet,22200.0,100.0,success,False,2026-08-27T23:13:50.940196+09:00
Wardrobe Calendar,30.0,32.0,success,False,2026-08-19T12:27:18.963883+09:00
Wardrobe Card,170.0,0.0,success,False,2026-08-19T13:32:58.947587+09:00
Wardrobe Cascade,,,failed,False,2026-08-19T12:24:52.766988+09:00
Wardrobe Cash,,,failed,False,2026-08-21T02:21:59.749711+09:00
Wardrobe Catalog,260.0,62.0,success,False,2026-08-19T21:05:03.787854+09:00
Wardrobe Category,50.0,12.0,success,False,2026-08-23T13:08:05.055975+09:00
Wardrobe Center,10.0,90.0,success,False,2026-08-19T12:26:06.734544+09:00
Wardrobe Chain,140.0,28.0,success,False,2026-08-19T12:26:33.810025+09:00
Wardrobe Charge,,,failed,False,2026-08-21T02:38:57.143403+09:00
Wardrobe Check,40.0,1.0,success,False,2026-08-19T13:33:22.206561+09:00
Wardrobe Checker,,,failed,False,2026-08-27T23:57:10.397260+09:00
Wardrobe Checklist,140.0,5.0,success,False,2026-08-19T21:03:59.838072+09:00
Wardrobe Circular,,,failed,False,2026-08-21T01:08:47.143646+09:00
Wardrobe Code,70.0,18.0,success,False,2026-08-19T21:50:46.269760+09:00
Wardrobe Companion,,,failed,False,2026-08-19T12:27:02.281369+09:00
Wardrobe Comparison,,,failed,False,2026-08-28T01:08:17.879931+09:00
Wardrobe Compass,,,failed,False,2026-08-19T12:24:44.570895+09:00
Wardrobe Confirmation,,,failed,False,2026-08-21T01:09:01.082637+09:00
Wardrobe Console,30.0,100.0,success,False,2026-08-19T12:26:15.531413+09:00
Wardrobe Core,10.0,0.0,success,False,2026-08-19T12:25:46.286307+09:00
Wardrobe Cost,1000.0,100.0,success,False,2026-08-21T02:14:50.093035+09:00
Wardrobe Count,,,failed,False,2026-08-27T22:48:06.633980+09:00
Wardrobe Counter,20.0,32.0,success,False,2026-08-19T12:27:31.967553+09:00
Wardrobe Deal,590.0,100.0,success,False,2026-08-21T01:58:35.810953+09:00
Wardrobe Debt,,,failed,False,2026-08-21T02:21:52.863298+09:00
Wardrobe Deck,20.0,10.0,success,False,2026-08-19T12:25:55.231488+09:00
Wardrobe Desk,3600.0,100.0,success,False,2026-08-19T12:24:09.089995+09:00
Wardrobe Detail,590.0,14.0,success,False,2026-08-23T03:19:56.707699+09:00
Wardrobe Digest,,,failed,False,2026-08-19T20:37:42.979136+09:00
Wardrobe Directory,,,failed,False,2026-08-19T12:27:23.710394+09:00
Wardrobe Discount,260.0,99.0,success,False,2026-08-23T16:11:34.314985+09:00
Wardrobe Dossier,,,failed,False,2026-08-21T01:09:06.679370+09:00
Wardrobe Draft,,,failed,False,2026-08-19T20:37:57.270685+09:00
Wardrobe Due,,,failed,False,2026-08-23T15:53:08.210333+09:00
Wardrobe Duty,,,failed,False,2026-08-21T02:38:59.400124+09:00
Wardrobe Engine,,,failed,False,2026-08-19T12:26:47.247206+09:00
Wardrobe Entry,880.0,100.0,success,False,2026-08-21T01:09:20.076507+09:00
Wardrobe Estimate,30.0,18.0,success,False,2026-08-19T21:04:51.175636+09:00
Wardrobe Estimator,,,failed,False,2026-08-27T23:57:04.136942+09:00
Wardrobe Excerpt,,,failed,False,2026-08-21T01:09:17.934023+09:00
Wardrobe Fare,,,failed,False,2026-08-21T02:15:06.129671+09:00
Wardrobe Fee,,,failed,False,2026-08-21T01:58:16.207160+09:00
Wardrobe Feed,,,failed,False,2026-08-19T20:37:49.991412+09:00
Wardrobe Field,,,failed,False,2026-08-23T13:08:09.181921+09:00
Wardrobe File,,,failed,False,2026-08-19T20:49:35.865635+09:00
Wardrobe Finder,20.0,40.0,success,False,2026-08-19T12:27:27.714904+09:00
Wardrobe Fine,10.0,,success,False,2026-08-23T02:54:45.895962+09:00
Wardrobe Flag,,,failed,False,2026-08-21T00:34:38.752919+09:00
Wardrobe Flow,,,failed,False,2026-08-19T12:24:05.330216+09:00
Wardrobe Forge,10.0,0.0,success,False,2026-08-19T12:24:48.425289+09:00
Wardrobe Form,,,failed,False,2026-08-19T13:32:49.484496+09:00
Wardrobe Format,,,failed,False,2026-08-23T13:08:12.908274+09:00
Wardrobe Frame,1600.0,100.0,success,False,2026-08-19T12:25:43.100247+09:00
Wardrobe Fund,,,failed,False,2026-08-21T02:21:55.234205+09:00
Wardrobe Gate,50.0,23.0,success,False,2026-08-19T12:26:37.096559+09:00
Wardrobe Grade,,,failed,False,2026-08-21T00:34:23.360801+09:00
Wardrobe Grid,,,failed,False,2026-08-19T12:25:21.965141+09:00
Wardrobe Helper,140.0,44.0,success,False,2026-08-28T00:26:29.201404+09:00
Wardrobe History,170.0,1.0,success,False,2026-08-19T20:49:28.954845+09:00
Wardrobe Hotline,90.0,0.0,success,False,2026-08-19T21:05:14.341737+09:00
Wardrobe Hub,30.0,49.0,success,False,2026-08-19T12:24:05.330216+09:00
Wardrobe Identifier,,,failed,False,2026-08-23T13:08:02.630104+09:00
Wardrobe Index,,,failed,False,2026-08-19T21:04:11.577084+09:00
Wardrobe Item,140.0,41.0,success,False,2026-08-21T01:58:19.228464+09:00
Wardrobe Journal,30.0,9.0,success,False,2026-08-19T12:27:13.663496+09:00
Wardrobe Keeper,50.0,69.0,success,False,2026-08-19T12:26:44.704983+09:00
Wardrobe Kit,720.0,100.0,success,False,2026-08-27T22:48:03.762773+09:00
Wardrobe Lab,10.0,10.0,success,False,2026-08-19T12:25:57.716794+09:00
Wardrobe Label,140.0,93.0,success,False,2026-08-27T22:09:13.645963+09:00
Wardrobe Ledger,,,failed,False,2026-08-19T12:25:50.876922+09:00
Wardrobe Line,30.0,100.0,success,False,2026-08-19T12:23:40.274403+09:00
Wardrobe Link,,,failed,False,2026-08-23T03:19:49.312069+09:00
Wardrobe List,70.0,11.0,success,False,2026-08-19T21:50:57.841127+09:00
Wardrobe Loan,,,failed,False,2026-08-21T02:15:10.297403+09:00
Wardrobe Locator,,,failed,False,2026-08-19T12:27:23.710394+09:00
Wardrobe Log,,,failed,False,2026-08-19T13:32:42.417252+09:00
Wardrobe Loop,10.0,29.0,success,False,2026-08-19T12:25:21.965141+09:00
Wardrobe Manager,320.0,56.0,success,False,2026-08-19T12:26:47.247206+09:00
Wardrobe Map,40.0,6.0,success,False,2026-08-19T12:25:38.632283+09:00
Wardrobe Margin,,,failed,False,2026-08-23T02:54:43.780312+09:00
Wardrobe Monitor,,,failed,False,2026-08-19T12:26:57.441352+09:00
Wardrobe Nexus,,,failed,False,2026-08-19T12:26:41.238307+09:00
Wardrobe Note,,,failed,False,2026-08-19T13:33:46.951331+09:00
Wardrobe Number,140.0,1.0,success,False,2026-08-23T03:19:40.807348+09:00
Wardrobe Office,1600.0,100.0,success,False,2026-08-19T12:27:31.967553+09:00
Wardrobe Ops,,,failed,False,2026-08-19T12:27:05.323167+09:00
Wardrobe Order,70.0,100.0,success,False,2026-08-19T21:50:13.072831+09:00
Wardrobe Overdraft,,,failed,False,2026-08-23T15:53:10.362751+09:00
Wardrobe Panel,1000.0,100.0,success,False,2026-08-19T12:26:17.646351+09:00
Wardrobe Pass,10.0,43.0,success,False,2026-08-21T00:33:50.963808+09:00
Wardrobe Path,,,failed,False,2026-08-19T12:25:34.182508+09:00
Wardrobe Petition,,,failed,False,2026-08-21T01:08:57.015500+09:00
Wardrobe Plan,2900.0,61.0,success,False,2026-08-21T01:58:34.274743+09:00
Wardrobe Planner,2900.0,61.0,success,False,2026-08-19T12:26:55.574795+09:00
Wardrobe Playbook,,,failed,False,2026-08-19T12:27:08.334680+09:00
Wardrobe Point,,,failed,False,2026-08-19T12:25:34.182508+09:00
Wardrobe Portal,30.0,33.0,success,False,2026-08-19T12:26:11.426688+09:00
Wardrobe Preview,,,failed,False,2026-08-28T01:08:17.879931+09:00
Wardrobe Profile,260.0,16.0,success,False,2026-08-19T13:34:00.979457+09:00
Wardrobe Proposal,,,failed,False,2026-08-28T01:08:20.327245+09:00
Wardrobe Queue,,,failed,False,2026-08-19T21:04:38.364310+09:00
Wardrobe Quota,,,failed,False,2026-08-21T00:34:32.979761+09:00
Wardrobe Radar,,,failed,False,2026-08-19T12:24:32.971008+09:00
Wardrobe Rail,12100.0,100.0,success,False,2026-08-19T12:26:26.109725+09:00
Wardrobe Rate,210.0,96.0,success,False,2026-08-19T20:37:25.311012+09:00
Wardrobe Recap,,,failed,False,2026-08-21T01:09:12.434019+09:00
Wardrobe Receipt,,,failed,False,2026-08-19T21:50:35.139639+09:00
Wardrobe Register,,,failed,False,2026-08-19T12:27:02.281369+09:00
Wardrobe Registry,,,failed,False,2026-08-19T12:27:13.663496+09:00
Wardrobe Relay,,,failed,False,2026-08-19T12:24:32.971008+09:00
Wardrobe Reminder,,,failed,False,2026-08-19T21:03:47.017770+09:00
Wardrobe Report,,,failed,False,2026-08-19T13:32:37.235735+09:00
Wardrobe Repository,,,failed,False,2026-08-27T23:13:53.622178+09:00
Wardrobe Roster,,,failed,False,2026-08-19T12:22:54.076804+09:00
Wardrobe Route,,,failed,False,2026-08-19T12:26:22.946559+09:00
Wardrobe Rule,110.0,7.0,success,False,2026-08-23T03:19:53.710314+09:00
Wardrobe Sale,8100.0,100.0,success,False,2026-08-21T02:22:07.753021+09:00
Wardrobe Sample,210.0,99.0,success,False,2026-08-19T21:51:42.287097+09:00
Wardrobe Scale,,,failed,False,2026-08-19T12:26:22.946559+09:00
Wardrobe Scheduler,,,failed,False,2026-08-19T12:26:55.574795+09:00
Wardrobe Scope,,,failed,False,2026-08-19T12:25:02.021725+09:00
Wardrobe Score,,,failed,False,2026-08-19T13:33:39.488989+09:00
Wardrobe Sheet,880.0,95.0,success,False,2026-08-19T13:33:05.427843+09:00
Wardrobe Signal,,,failed,False,2026-08-19T12:24:58.043642+09:00
Wardrobe Signature,,,failed,False,2026-08-23T13:27:59.739210+09:00
Wardrobe Slip,320.0,20.0,success,False,2026-08-19T21:51:28.846204+09:00
Wardrobe Slot,,,failed,False,2026-08-19T21:51:54.755817+09:00
Wardrobe Station,,,failed,False,2026-08-19T12:26:02.355075+09:00
Wardrobe Status,10.0,50.0,success,False,2026-08-19T20:49:16.530394+09:00
Wardrobe Stipend,,,failed,False,2026-08-23T13:48:23.745553+09:00
Wardrobe Stub,,,failed,False,2026-08-21T00:34:09.449100+09:00
Wardrobe Studio,590.0,98.0,success,False,2026-08-19T12:25:55.231488+09:00
Wardrobe Subsidy,,,failed,False,2026-08-23T15:53:10.362751+09:00
Wardrobe Sum,,,failed,False,2026-08-21T02:21:44.938268+09:00
Wardrobe Summary,,,failed,False,2026-08-19T21:32:15.548375+09:00
Wardrobe Surtax,,,failed,False,2026-08-23T15:53:12.516993+09:00
Wardrobe Tab,,,failed,False,2026-08-21T00:34:42.810397+09:00
Wardrobe Table,1000.0,100.0,success,False,2026-08-19T21:51:07.578329+09:00
Wardrobe Tag,880.0,32.0,success,False,2026-08-19T13:33:51.668880+09:00
Wardrobe Tally,,,failed,False,2026-08-21T00:34:18.922168+09:00
Wardrobe Tariff,,,failed,False,2026-08-21T02:39:07.071635+09:00
Wardrobe Tax,,,failed,False,2026-08-21T02:15:06.129671+09:00
Wardrobe Ticket,,,failed,False,2026-08-19T21:04:24.508436+09:00
Wardrobe Timeline,,,failed,False,2026-08-19T21:03:32.051785+09:00
Wardrobe Toll,,,failed,False,2026-08-21T02:39:01.824838+09:00
Wardrobe Toolbox,210.0,1.0,success,False,2026-08-28T00:26:29.201404+09:00
Wardrobe Total,,,failed,False,2026-08-27T23:13:41.688189+09:00
Wardrobe Tracker,720.0,100.0,success,False,2026-08-19T12:23:56.615526+09:00
Wardrobe Trail,,,failed,False,2026-08-19T12:26:30.202611+09:00
Wardrobe Trend,110.0,62.0,success,False,2026-08-28T01:08:17.879931+09:00
Wardrobe Trial,,,failed,False,2026-08-27T21:14:54.146372+09:00
Wardrobe Unit,1000.0,100.0,success,False,2026-08-21T01:58:23.267631+09:00
Wardrobe Update,110.0,22.0,success,False,2026-08-19T20:37:34.944185+09:00
Wardrobe Vault,20.0,53.0,success,False,2026-08-19T12:24:37.833597+09:00
Wardrobe Version,,,failed,False,2026-08-23T03:19:44.954715+09:00
Wardrobe View,10.0,10.0,success,False,2026-08-19T20:49:23.220357+09:00
Wardrobe Voucher,,,failed,False,2026-08-21T00:33:58.463562+09:00
Wardrobe Watch,260.0,100.0,success,False,2026-08-19T12:25:02.021725+09:00
Wardrobe Wave,10.0,100.0,success,False,2026-08-19T12:25:27.149314+09:00
Wardrobe Widget,,,failed,False,2026-08-27T23:13:44.050852+09:00
Wardrobe Worksheet,70.0,0.0,success,False,2026-08-27T22:09:16.229025+09:00
Wardrobe Workshop,40.0,1.0,success,False,2026-08-28T00:26:26.682078+09:00
Wardrobe Zone,10.0,83.0,success,False,2026-08-19T12:26:11.426688+09:00
Warehouse Advance,,,failed,False,2026-08-23T16:15:57.304809+09:00
Warehouse Advisory,,,failed,False,2026-08-21T01:03:53.377990+09:00
Warehouse Allowance,10.0,0.0,success,False,2026-08-21T02:36:44.892736+09:00
Warehouse Almanac,,,failed,False,2026-08-18T23:52:24.399990+09:00
Warehouse Analyzer,,,failed,False,2026-08-27T23:51:21.141566+09:00
Warehouse Anchor,10.0,0.0,success,False,2026-08-17T20:37:34.472176+09:00
Warehouse Announcement,10.0,0.0,success,False,2026-08-27T23:31:33.268301+09:00
Warehouse Arrears,,,failed,False,2026-08-23T16:15:54.401659+09:00
Warehouse Asset,260.0,1.0,success,False,2026-08-23T13:47:15.992604+09:00
Warehouse Assistant,8100.0,4.0,success,False,2026-08-17T23:13:11.418966+09:00
Warehouse Atlas,10.0,0.0,success,False,2026-08-17T21:37:32.627735+09:00
Warehouse Attribute,,,failed,False,2026-08-23T13:06:33.832553+09:00
Warehouse Badge,,,failed,False,2026-08-21T00:28:44.167575+09:00
Warehouse Balance,20.0,1.0,success,False,2026-08-23T13:47:13.508679+09:00
Warehouse Base,140.0,11.0,success,False,2026-08-17T21:33:45.075228+09:00
Warehouse Beacon,30.0,14.0,success,False,2026-08-17T20:41:01.819842+09:00
Warehouse Bill,140.0,6.0,success,False,2026-08-19T21:51:58.682281+09:00
Warehouse Blueprint,590.0,8.0,success,False,2026-08-18T23:52:26.670134+09:00
Warehouse Board,110.0,19.0,success,False,2026-08-17T21:30:27.922058+09:00
Warehouse Book,880.0,86.0,success,False,2026-08-19T21:53:00.908408+09:00
Warehouse Bridge,30.0,0.0,success,False,2026-08-17T20:38:26.412397+09:00
Warehouse Brief,,,failed,False,2026-08-21T01:03:43.052088+09:00
Warehouse Bulletin,,,failed,False,2026-08-21T01:03:38.520377+09:00
Warehouse Calculator,260.0,91.0,success,False,2026-08-27T23:31:37.799226+09:00
Warehouse Calendar,140.0,78.0,success,False,2026-08-18T23:57:53.791592+09:00
Warehouse Card,320.0,11.0,success,False,2026-08-19T13:39:49.486851+09:00
Warehouse Cascade,,,failed,False,2026-08-17T20:39:21.363517+09:00
Warehouse Cash,10.0,5.0,success,False,2026-08-21T02:27:38.390107+09:00
Warehouse Cashback,10.0,18.0,success,False,2026-08-27T21:19:05.213789+09:00
Warehouse Catalog,170.0,13.0,success,False,2026-08-19T21:08:33.836263+09:00
Warehouse Category,50.0,5.0,success,False,2026-08-23T13:06:31.775349+09:00
Warehouse Center,880.0,57.0,success,False,2026-08-17T20:43:05.974432+09:00
Warehouse Chain,110.0,13.0,success,False,2026-08-17T20:32:08.584337+09:00
Warehouse Charge,260.0,4.0,success,False,2026-08-21T02:42:59.558136+09:00
Warehouse Check,90.0,5.0,success,False,2026-08-19T13:40:14.970348+09:00
Warehouse Checker,1300.0,1.0,success,False,2026-08-27T23:51:15.530091+09:00
Warehouse Checklist,170.0,11.0,success,False,2026-08-19T21:07:42.156894+09:00
Warehouse Circular,,,failed,False,2026-08-21T01:03:48.837789+09:00
Warehouse Cockpit,30.0,8.0,success,False,2026-08-17T23:29:51.250400+09:00
Warehouse Code,320.0,1.0,success,False,2026-08-19T21:52:20.652566+09:00
Warehouse Codex,,,failed,False,2026-08-18T23:52:26.670134+09:00
Warehouse Companion,,,failed,False,2026-08-17T23:11:13.383500+09:00
Warehouse Comparison,10.0,0.0,success,False,2026-08-28T01:02:19.302633+09:00
Warehouse Compass,,,failed,False,2026-08-17T20:41:53.253624+09:00
Warehouse Compendium,,,failed,False,2026-08-18T23:52:26.670134+09:00
Warehouse Confirmation,,,failed,False,2026-08-21T01:04:02.292645+09:00
Warehouse Console,210.0,0.0,success,False,2026-08-17T20:40:41.186342+09:00
Warehouse Core,,,failed,False,2026-08-17T21:32:47.122898+09:00
Warehouse Cost,1000.0,24.0,success,False,2026-08-21T02:11:46.716437+09:00
Warehouse Count,40.0,11.0,success,False,2026-08-27T22:44:08.062899+09:00
Warehouse Counter,70.0,65.0,success,False,2026-08-18T23:58:49.693970+09:00
Warehouse Coupon,720.0,3.0,success,False,2026-08-27T21:19:01.624624+09:00
Warehouse Dashboard,480.0,21.0,success,False,2026-08-17T23:04:01.438390+09:00
Warehouse Deal,5400.0,12.0,success,False,2026-08-21T01:56:12.510800+09:00
Warehouse Debt,40.0,0.0,success,False,2026-08-21T02:27:33.001702+09:00
Warehouse Deck,90.0,33.0,success,False,2026-08-17T20:48:09.439521+09:00
Warehouse Depot,720.0,28.0,success,False,2026-08-18T23:58:29.314698+09:00
Warehouse Desk,1300.0,100.0,success,False,2026-08-17T20:45:24.269018+09:00
Warehouse Detail,140.0,6.0,success,False,2026-08-23T03:17:04.760167+09:00
Warehouse Detector,,,failed,False,2026-08-27T23:51:21.141566+09:00
Warehouse Diagram,260.0,3.0,success,False,2026-08-27T22:14:41.092865+09:00
Warehouse Dial,,,failed,False,2026-08-17T20:38:58.199942+09:00
Warehouse Digest,,,failed,False,2026-08-19T20:38:39.383467+09:00
Warehouse Directory,40.0,21.0,success,False,2026-08-18T23:58:01.279851+09:00
Warehouse Discount,480.0,9.0,success,False,2026-08-23T16:15:47.536999+09:00
Warehouse Dock,1000.0,32.0,success,False,2026-08-17T20:35:09.040915+09:00
Warehouse Dossier,,,failed,False,2026-08-21T01:04:08.971472+09:00
Warehouse Downpayment,,,failed,False,2026-08-27T21:50:04.473862+09:00
Warehouse Draft,,,failed,False,2026-08-19T20:38:59.819787+09:00
Warehouse Due,,,failed,False,2026-08-23T15:52:18.208311+09:00
Warehouse Duty,8100.0,2.0,success,False,2026-08-21T02:36:33.361411+09:00
Warehouse Engine,,,failed,False,2026-08-17T23:28:43.740452+09:00
Warehouse Entry,110.0,2.0,success,False,2026-08-21T01:04:24.715250+09:00
Warehouse Estimate,20.0,14.0,success,False,2026-08-19T21:08:21.181421+09:00
Warehouse Estimator,,,failed,False,2026-08-27T23:51:12.915875+09:00
Warehouse Excerpt,,,failed,False,2026-08-21T01:04:20.278964+09:00
Warehouse Extension,14800.0,3.0,success,False,2026-08-23T16:39:50.503833+09:00
Warehouse Fare,,,failed,False,2026-08-21T02:11:50.760630+09:00
Warehouse Fee,170.0,4.0,success,False,2026-08-21T01:56:01.200736+09:00
Warehouse Feed,40.0,1.0,success,False,2026-08-19T20:38:50.239529+09:00
Warehouse Field,110.0,1.0,success,False,2026-08-23T13:06:36.915804+09:00
Warehouse File,10.0,43.0,success,False,2026-08-19T20:38:05.655570+09:00
Warehouse Finder,320.0,33.0,success,False,2026-08-18T23:58:19.517114+09:00
Warehouse Fine,,,failed,False,2026-08-23T02:53:08.936462+09:00
Warehouse Flag,40.0,77.0,success,False,2026-08-21T00:29:32.816021+09:00
Warehouse Flow,260.0,9.0,success,False,2026-08-17T20:48:45.753465+09:00
Warehouse Forge,,,failed,False,2026-08-17T20:40:17.203996+09:00
Warehouse Form,110.0,4.0,success,False,2026-08-19T13:39:34.156572+09:00
Warehouse Format,110.0,4.0,success,False,2026-08-23T13:06:38.895978+09:00
Warehouse Frame,720.0,90.0,success,False,2026-08-17T21:34:53.019649+09:00
Warehouse Fund,170.0,51.0,success,False,2026-08-21T02:27:35.877276+09:00
Warehouse Gate,1900.0,61.0,success,False,2026-08-17T21:40:59.899740+09:00
Warehouse Generator,70.0,100.0,success,False,2026-08-27T23:31:41.970749+09:00
Warehouse Giveaway,10.0,5.0,success,False,2026-08-27T21:19:11.248734+09:00
Warehouse Grade,,,failed,False,2026-08-21T00:29:13.109702+09:00
Warehouse Graph,,,failed,False,2026-08-27T22:14:32.870267+09:00
Warehouse Grid,20.0,8.0,success,False,2026-08-17T20:32:46.505342+09:00
Warehouse Guarantee,10.0,0.0,success,False,2026-08-28T01:02:23.926913+09:00
Warehouse Guard,70.0,51.0,success,False,2026-08-17T21:33:19.243075+09:00
Warehouse Guardian,720.0,3.0,success,False,2026-08-28T00:21:32.683664+09:00
Warehouse Guidebook,,,failed,False,2026-08-18T23:52:26.670134+09:00
Warehouse Helpdesk,40.0,2.0,success,False,2026-08-27T22:44:11.984469+09:00
Warehouse Helper,3600.0,1.0,success,False,2026-08-28T00:21:35.352628+09:00
Warehouse History,110.0,0.0,success,False,2026-08-19T20:37:59.201045+09:00
Warehouse Hotline,50.0,7.0,success,False,2026-08-19T21:08:43.971729+09:00
Warehouse Hub,720.0,3.0,success,False,2026-08-17T20:47:28.313560+09:00
Warehouse Identifier,,,failed,False,2026-08-23T13:06:29.194377+09:00
Warehouse Incentive,,,failed,False,2026-08-27T21:19:08.961232+09:00
Warehouse Index,20.0,12.0,success,False,2026-08-19T21:07:53.338438+09:00
Warehouse Insight,170.0,37.0,success,False,2026-08-17T23:29:37.041815+09:00
Warehouse Installment,,,failed,False,2026-08-23T16:15:50.711564+09:00
Warehouse Interest,,,failed,False,2026-08-23T13:47:15.992604+09:00
Warehouse Item,260.0,33.0,success,False,2026-08-21T01:55:53.001580+09:00
Warehouse Journal,110.0,87.0,success,False,2026-08-18T22:12:15.534077+09:00
Warehouse Keeper,1300.0,1.0,success,False,2026-08-17T21:35:20.515813+09:00
Warehouse Kit,260.0,77.0,success,False,2026-08-27T22:44:05.542192+09:00
Warehouse Lab,590.0,27.0,success,False,2026-08-17T20:45:50.172264+09:00
Warehouse Label,320.0,93.0,success,False,2026-08-27T22:14:32.870267+09:00
Warehouse Layout,3600.0,7.0,success,False,2026-08-27T22:29:30.000621+09:00
Warehouse Ledger,20.0,0.0,success,False,2026-08-17T21:31:35.848823+09:00
Warehouse Lens,170.0,29.0,success,False,2026-08-17T21:35:54.911296+09:00
Warehouse Level,50.0,2.0,success,False,2026-08-19T20:38:12.818207+09:00
Warehouse Levy,,,failed,False,2026-08-23T13:47:18.876098+09:00
Warehouse Link,140.0,8.0,success,False,2026-08-23T03:16:59.377666+09:00
Warehouse List,170.0,26.0,success,False,2026-08-19T21:52:35.745180+09:00
Warehouse Loan,1000.0,10.0,success,False,2026-08-21T02:11:57.284997+09:00
Warehouse Locator,1300.0,10.0,success,False,2026-08-18T23:58:11.366687+09:00
Warehouse Lock,140.0,100.0,success,False,2026-08-17T21:38:05.775829+09:00
Warehouse Log,1000.0,1.0,success,False,2026-08-19T13:39:18.013288+09:00
Warehouse Loop,30.0,0.0,success,False,2026-08-17T20:33:48.971139+09:00
Warehouse Manager,9900.0,6.0,success,False,2026-08-17T21:34:20.474166+09:00
Warehouse Manual,110.0,7.0,success,False,2026-08-27T22:14:35.571737+09:00
Warehouse Map,880.0,6.0,success,False,2026-08-17T21:36:54.710856+09:00
Warehouse Marker,9900.0,5.0,success,False,2026-08-23T13:27:43.093757+09:00
Warehouse Markup,,,failed,False,2026-08-23T16:39:47.689837+09:00
Warehouse Memo,,,failed,False,2026-08-21T00:29:18.901587+09:00
Warehouse Message,,,failed,False,2026-08-27T23:09:56.910517+09:00
Warehouse Meter,,,failed,False,2026-08-17T20:38:04.703276+09:00
Warehouse Metrics,140.0,15.0,success,False,2026-08-17T23:09:40.999221+09:00
Warehouse Monitor,320.0,73.0,success,False,2026-08-17T23:14:48.085579+09:00
Warehouse Navigator,,,failed,False,2026-08-17T23:30:11.118322+09:00
Warehouse Nexus,,,failed,False,2026-08-17T21:38:37.304138+09:00
Warehouse Node,,,failed,False,2026-08-18T07:52:17.361320+09:00
Warehouse Note,10.0,11.0,success,False,2026-08-19T13:40:47.127510+09:00
Warehouse Notification,10.0,6.0,success,False,2026-08-27T22:44:05.542192+09:00
Warehouse Number,390.0,5.0,success,False,2026-08-23T03:16:47.860821+09:00
Warehouse Office,1900.0,46.0,success,False,2026-08-18T23:58:41.085151+09:00
Warehouse Ops,2900.0,9.0,success,False,2026-08-17T23:05:47.972316+09:00
Warehouse Order,210.0,11.0,success,False,2026-08-19T21:51:45.660208+09:00
Warehouse Organizer,140.0,99.0,success,False,2026-08-17T23:29:20.352796+09:00
Warehouse Overage,,,failed,False,2026-08-27T21:50:02.290136+09:00
Warehouse Overdraft,,,failed,False,2026-08-23T15:52:18.208311+09:00
Warehouse Overdue,,,failed,False,2026-08-27T21:49:55.360701+09:00
Warehouse Panel,110.0,18.0,success,False,2026-08-17T20:39:51.023967+09:00
Warehouse Pass,,,failed,False,2026-08-21T00:28:30.302130+09:00
Warehouse Path,30.0,7.0,success,False,2026-08-17T21:41:34.183941+09:00
Warehouse Payoff,,,failed,False,2026-08-27T21:50:00.180912+09:00
Warehouse Penalty,,,failed,False,2026-08-23T16:39:47.689837+09:00
Warehouse Petition,10.0,0.0,success,False,2026-08-21T01:03:59.232813+09:00
Warehouse Pilot,720.0,5.0,success,False,2026-08-17T20:46:14.149623+09:00
Warehouse Plan,1300.0,15.0,success,False,2026-08-21T01:56:10.239205+09:00
Warehouse Planner,590.0,54.0,success,False,2026-08-17T23:29:01.871676+09:00
Warehouse Playbook,,,failed,False,2026-08-18T22:12:08.779533+09:00
Warehouse Point,720.0,1.0,success,False,2026-08-17T21:39:34.435552+09:00
Warehouse Portal,2900.0,11.0,success,False,2026-08-17T20:41:22.469867+09:00
Warehouse Preview,,,failed,False,2026-08-28T01:02:19.302633+09:00
Warehouse Profile,70.0,0.0,success,False,2026-08-19T13:41:26.637679+09:00
Warehouse Profit,20.0,0.0,success,False,2026-08-23T02:52:56.566002+09:00
Warehouse Proposal,30.0,6.0,success,False,2026-08-28T01:02:23.926913+09:00
Warehouse Pulse,,,failed,False,2026-08-17T20:31:35.680631+09:00
Warehouse Queue,10.0,0.0,success,False,2026-08-19T21:08:11.674763+09:00
Warehouse Quota,,,failed,False,2026-08-21T00:29:27.962730+09:00
Warehouse Radar,,,failed,False,2026-08-17T20:44:22.162347+09:00
Warehouse Rail,140.0,91.0,success,False,2026-08-17T20:34:17.127214+09:00
Warehouse Rate,70.0,12.0,success,False,2026-08-19T20:38:22.141016+09:00
Warehouse Recap,,,failed,False,2026-08-21T01:04:15.866621+09:00
Warehouse Receipt,1000.0,1.0,success,False,2026-08-19T21:52:10.666614+09:00
Warehouse Recorder,,,failed,False,2026-08-27T23:31:46.551451+09:00
Warehouse Register,110.0,3.0,success,False,2026-08-17T23:30:24.350682+09:00
Warehouse Registry,,,failed,False,2026-08-18T23:52:26.670134+09:00
Warehouse Relay,,,failed,False,2026-08-17T20:43:32.566232+09:00
Warehouse Reminder,,,failed,False,2026-08-19T21:07:33.171957+09:00
Warehouse Report,170.0,11.0,success,False,2026-08-19T13:38:58.073256+09:00
Warehouse Roadmap,,,failed,False,2026-08-18T23:52:26.670134+09:00
Warehouse Roster,,,failed,False,2026-08-19T00:37:46.702224+09:00
Warehouse Route,50.0,12.0,success,False,2026-08-17T20:36:08.746361+09:00
Warehouse Rule,140.0,22.0,success,False,2026-08-23T03:17:02.268689+09:00
Warehouse Sale,22200.0,27.0,success,False,2026-08-21T02:27:43.385895+09:00
Warehouse Sample,50.0,2.0,success,False,2026-08-19T21:53:27.023606+09:00
Warehouse Scale,1000.0,100.0,success,False,2026-08-17T20:37:05.313557+09:00
Warehouse Scanner,1600.0,100.0,success,False,2026-08-27T23:51:18.068433+09:00
Warehouse Scheduler,210.0,6.0,success,False,2026-08-17T23:07:56.377169+09:00
Warehouse Scope,10.0,0.0,success,False,2026-08-17T20:34:42.726088+09:00
Warehouse Score,,,failed,False,2026-08-19T13:40:29.386715+09:00
Warehouse Sentry,,,failed,False,2026-08-17T21:36:28.444275+09:00
Warehouse Serial,20.0,0.0,success,False,2026-08-23T13:27:36.728702+09:00
Warehouse Sheet,720.0,99.0,success,False,2026-08-19T13:39:57.462867+09:00
Warehouse Shortfall,,,failed,False,2026-08-27T21:50:04.473862+09:00
Warehouse Signal,,,failed,False,2026-08-17T20:36:38.149505+09:00
Warehouse Signature,,,failed,False,2026-08-23T13:27:40.734961+09:00
Warehouse Slip,20.0,1.0,success,False,2026-08-19T21:53:13.442826+09:00
Warehouse Slot,30.0,0.0,success,False,2026-08-19T21:53:37.602067+09:00
Warehouse Snapshot,,,failed,False,2026-08-18T22:12:23.623332+09:00
Warehouse Stake,,,failed,False,2026-08-23T02:53:02.917433+09:00
Warehouse Stamp,140.0,100.0,success,False,2026-08-23T13:27:43.093757+09:00
Warehouse Statement,,,failed,False,2026-08-21T00:28:59.306676+09:00
Warehouse Station,135000.0,10.0,success,False,2026-08-17T20:44:46.784780+09:00
Warehouse Status,90.0,0.0,success,False,2026-08-19T20:37:45.715949+09:00
Warehouse Stub,,,failed,False,2026-08-21T00:28:49.114338+09:00
Warehouse Studio,2900.0,3.0,success,False,2026-08-17T20:46:53.844827+09:00
Warehouse Subsidy,210.0,2.0,success,False,2026-08-23T15:52:20.216125+09:00
Warehouse Suite,90.0,13.0,success,False,2026-08-17T23:06:06.115551+09:00
Warehouse Sum,,,failed,False,2026-08-21T02:27:29.296336+09:00
Warehouse Summary,30.0,0.0,success,False,2026-08-19T21:07:11.433627+09:00
Warehouse Sync,,,failed,False,2026-08-17T21:31:00.206645+09:00
Warehouse Tab,40.0,2.0,success,False,2026-08-21T00:29:39.530878+09:00
Warehouse Table,880.0,100.0,success,False,2026-08-19T21:52:45.174751+09:00
Warehouse Tag,110.0,85.0,success,False,2026-08-19T13:41:02.359276+09:00
Warehouse Tally,30.0,11.0,success,False,2026-08-21T00:29:05.314041+09:00
Warehouse Tariff,10.0,0.0,success,False,2026-08-21T02:36:47.930212+09:00
Warehouse Tax,210.0,4.0,success,False,2026-08-21T02:11:55.079933+09:00
Warehouse Terminal,50.0,4.0,success,False,2026-08-17T23:15:25.442488+09:00
Warehouse Ticket,320.0,5.0,success,False,2026-08-19T21:08:00.939328+09:00
Warehouse Timeline,,,failed,False,2026-08-19T21:07:21.562422+09:00
Warehouse Timer,20.0,96.0,success,False,2026-08-28T00:21:27.462723+09:00
Warehouse Token,,,failed,False,2026-08-23T13:27:40.734961+09:00
Warehouse Toll,720.0,2.0,success,False,2026-08-21T02:36:41.492996+09:00
Warehouse Toolbox,140.0,99.0,success,False,2026-08-28T00:21:35.352628+09:00
Warehouse Toolkit,20.0,100.0,success,False,2026-08-18T22:12:02.089704+09:00
Warehouse Total,1900.0,14.0,success,False,2026-08-27T23:09:59.459850+09:00
Warehouse Tracker,390.0,24.0,success,False,2026-08-17T21:32:11.115049+09:00
Warehouse Trail,,,failed,False,2026-08-17T20:33:18.087238+09:00
Warehouse Trend,,,failed,False,2026-08-28T01:02:16.682385+09:00
Warehouse Trial,,,failed,False,2026-08-27T21:19:08.961232+09:00
Warehouse Unit,390.0,36.0,success,False,2026-08-21T01:56:03.758206+09:00
Warehouse Update,20.0,3.0,success,False,2026-08-19T20:38:30.453873+09:00
Warehouse Value,480.0,6.0,success,False,2026-08-23T02:52:59.926815+09:00
Warehouse Vault,,,failed,False,2026-08-17T20:42:40.071307+09:00
Warehouse Version,,,failed,False,2026-08-23T03:16:51.782987+09:00
Warehouse View,40.0,3.0,success,False,2026-08-19T20:37:52.054454+09:00
Warehouse Voucher,170.0,10.0,success,False,2026-08-21T00:28:35.603528+09:00
Warehouse Watch,6600.0,100.0,success,False,2026-08-17T20:35:40.356029+09:00
Warehouse Wave,30.0,8.0,success,False,2026-08-18T07:53:01.701423+09:00
Warehouse Widget,,,failed,False,2026-08-27T23:09:59.459850+09:00
Warehouse Workbench,170.0,100.0,success,False,2026-08-18T22:11:49.715981+09:00
Warehouse Worksheet,,,failed,False,2026-08-27T22:14:38.233626+09:00
Warehouse Workshop,260.0,2.0,success,False,2026-08-28T00:21:30.022858+09:00
Warehouse Zone,140.0,6.0,success,False,2026-08-17T20:42:12.704128+09:00
Warranty Advance,10.0,0.0,success,False,2026-08-23T16:12:43.953628+09:00
Warranty Alert,10.0,3.0,success,False,2026-08-19T12:23:56.615526+09:00
Warranty Allowance,10.0,0.0,success,False,2026-08-21T02:38:37.938007+09:00
Warranty Almanac,,,failed,False,2026-08-18T22:08:00.506560+09:00
Warranty Analyzer,,,failed,False,2026-08-27T23:50:52.077690+09:00
Warranty Anchor,,,failed,False,2026-08-17T20:39:43.687132+09:00
Warranty Arrears,,,failed,False,2026-08-23T16:12:41.676987+09:00
Warranty Asset,,,failed,False,2026-08-23T13:45:48.186439+09:00
Warranty Assistant,40.0,10.0,success,False,2026-08-17T23:05:09.501218+09:00
Warranty Atlas,,,failed,False,2026-08-17T20:40:45.689604+09:00
Warranty Attribute,,,failed,False,2026-08-23T13:05:07.059909+09:00
Warranty Badge,210.0,0.0,success,False,2026-08-21T00:25:26.988508+09:00
Warranty Balance,,,failed,False,2026-08-23T13:45:46.037867+09:00
Warranty Base,10.0,0.0,success,False,2026-08-17T20:37:44.009684+09:00
Warranty Beacon,,,failed,False,2026-08-18T07:43:42.936129+09:00
Warranty Bill,110.0,0.0,success,False,2026-08-19T21:52:20.652566+09:00
Warranty Blueprint,,,failed,False,2026-08-18T22:07:51.533580+09:00
Warranty Board,10.0,0.0,success,False,2026-08-17T20:34:46.285590+09:00
Warranty Book,480.0,2.0,success,False,2026-08-19T21:53:27.023606+09:00
Warranty Bridge,,,failed,False,2026-08-17T20:40:33.502804+09:00
Warranty Brief,,,failed,False,2026-08-21T01:01:03.307399+09:00
Warranty Bulletin,10.0,0.0,success,False,2026-08-21T01:00:58.878918+09:00
Warranty Cabinet,,,failed,False,2026-08-27T23:13:18.509120+09:00
Warranty Calculator,480.0,1.0,success,False,2026-08-27T23:34:39.372847+09:00
Warranty Calendar,,,failed,False,2026-08-19T00:01:01.996823+09:00
Warranty Card,9900.0,1.0,success,False,2026-08-19T13:33:13.480936+09:00
Warranty Cascade,,,failed,False,2026-08-17T20:41:17.748242+09:00
Warranty Cash,,,failed,False,2026-08-21T02:22:03.460496+09:00
Warranty Cashback,,,failed,False,2026-08-27T21:15:25.200797+09:00
Warranty Catalog,,,failed,False,2026-08-19T21:08:03.467133+09:00
Warranty Category,,,failed,False,2026-08-23T13:05:04.506045+09:00
Warranty Center,1900.0,2.0,success,False,2026-08-17T20:33:36.115262+09:00
Warranty Chain,50.0,92.0,success,False,2026-08-17T20:34:35.742752+09:00
Warranty Charge,320.0,9.0,success,False,2026-08-21T02:38:28.246618+09:00
Warranty Check,40500.0,7.0,success,False,2026-08-19T13:33:44.098374+09:00
Warranty Checker,40500.0,7.0,success,False,2026-08-27T23:50:42.966915+09:00
Warranty Checklist,10.0,0.0,success,False,2026-08-19T21:07:13.159437+09:00
Warranty Cockpit,,,failed,False,2026-08-17T23:10:20.263689+09:00
Warranty Code,170.0,0.0,success,False,2026-08-19T21:52:45.174751+09:00
Warranty Codex,,,failed,False,2026-08-18T22:08:15.553962+09:00
Warranty Companion,,,failed,False,2026-08-17T23:03:53.626473+09:00
Warranty Comparison,480.0,5.0,success,False,2026-08-28T01:02:23.926913+09:00
Warranty Compass,,,failed,False,2026-08-17T20:31:55.017364+09:00
Warranty Compendium,,,failed,False,2026-08-18T22:08:09.141836+09:00
Warranty Confirmation,20.0,0.0,success,False,2026-08-21T01:01:15.556861+09:00
Warranty Console,,,failed,False,2026-08-18T07:43:57.402622+09:00
Warranty Contribution,,,failed,False,2026-08-23T16:12:37.758659+09:00
Warranty Copayment,,,failed,False,2026-08-23T16:38:09.315163+09:00
Warranty Core,,,failed,False,2026-08-17T20:36:43.272468+09:00
Warranty Cost,320.0,9.0,success,False,2026-08-21T02:10:41.178409+09:00
Warranty Count,,,failed,False,2026-08-27T22:47:59.631121+09:00
Warranty Counter,,,failed,False,2026-08-19T00:01:49.817235+09:00
Warranty Coupon,30.0,3.0,success,False,2026-08-27T21:15:25.200797+09:00
Warranty Dashboard,40.0,5.0,success,False,2026-08-17T23:08:46.290392+09:00
Warranty Deal,,,failed,False,2026-08-21T01:54:04.879612+09:00
Warranty Debt,,,failed,False,2026-08-21T02:21:52.863298+09:00
Warranty Deck,,,failed,False,2026-08-17T20:33:56.397010+09:00
Warranty Depot,40.0,0.0,success,False,2026-08-19T00:01:32.528747+09:00
Warranty Desk,,,failed,False,2026-08-18T07:43:31.933030+09:00
Warranty Detail,260.0,0.0,success,False,2026-08-23T03:14:51.168783+09:00
Warranty Detector,,,failed,False,2026-08-27T23:50:46.062882+09:00
Warranty Dial,,,failed,False,2026-08-17T20:40:53.994191+09:00
Warranty Digest,,,failed,False,2026-08-19T20:40:46.834660+09:00
Warranty Directory,,,failed,False,2026-08-19T00:01:10.174789+09:00
Warranty Discount,50.0,17.0,success,False,2026-08-23T16:12:35.033809+09:00
Warranty Dock,,,failed,False,2026-08-17T20:37:26.547523+09:00
Warranty Dossier,,,failed,False,2026-08-21T01:01:20.027256+09:00
Warranty Draft,10.0,0.0,success,False,2026-08-19T20:37:28.019595+09:00
Warranty Due,,,failed,False,2026-08-23T15:50:59.628265+09:00
Warranty Duty,,,failed,False,2026-08-21T02:38:33.089549+09:00
Warranty Endowment,,,failed,False,2026-08-23T15:51:05.565275+09:00
Warranty Engine,590.0,29.0,success,False,2026-08-17T23:06:54.696813+09:00
Warranty Entry,10.0,0.0,success,False,2026-08-21T01:01:30.993537+09:00
Warranty Estimate,,,failed,False,2026-08-19T21:07:53.338438+09:00
Warranty Estimator,,,failed,False,2026-08-27T23:50:40.068524+09:00
Warranty Extension,22200.0,30.0,success,False,2026-08-23T16:38:11.972867+09:00
Warranty Fare,,,failed,False,2026-08-21T02:06:01.492109+09:00
Warranty Fee,110.0,2.0,success,False,2026-08-21T01:53:38.487807+09:00
Warranty Feed,,,failed,False,2026-08-19T20:37:18.555970+09:00
Warranty Field,,,failed,False,2026-08-23T13:05:09.962757+09:00
Warranty File,40.0,5.0,success,False,2026-08-19T20:40:13.253783+09:00
Warranty Finder,480.0,48.0,success,False,2026-08-19T00:01:28.091265+09:00
Warranty Fine,,,failed,False,2026-08-23T02:54:15.524012+09:00
Warranty Flag,,,failed,False,2026-08-21T00:26:10.737162+09:00
Warranty Flow,,,failed,False,2026-08-17T20:34:20.444490+09:00
Warranty Forge,,,failed,False,2026-08-17T20:42:06.946542+09:00
Warranty Form,390.0,3.0,success,False,2026-08-19T13:33:02.578163+09:00
Warranty Format,390.0,3.0,success,False,2026-08-23T13:05:15.223495+09:00
Warranty Frame,,,failed,False,2026-08-17T20:38:33.752321+09:00
Warranty Fund,10.0,0.0,success,False,2026-08-21T02:21:59.749711+09:00
Warranty Gate,20.0,0.0,success,False,2026-08-18T07:43:23.332018+09:00
Warranty Generator,70.0,18.0,success,False,2026-08-27T23:34:39.372847+09:00
Warranty Giveaway,,,failed,False,2026-08-27T21:15:31.900187+09:00
Warranty Grade,,,failed,False,2026-08-21T00:25:52.909138+09:00
Warranty Graph,,,failed,False,2026-08-27T22:09:41.685906+09:00
Warranty Grid,,,failed,False,2026-08-17T20:35:03.370957+09:00
Warranty Guard,110.0,23.0,success,False,2026-08-17T20:37:14.189830+09:00
Warranty Guardian,,,failed,False,2026-08-28T00:21:17.081309+09:00
Warranty Guidebook,,,failed,False,2026-08-18T22:07:36.107745+09:00
Warranty Helpdesk,10.0,0.0,success,False,2026-08-27T22:48:03.762773+09:00
Warranty Helper,210.0,0.0,success,False,2026-08-28T00:21:22.221803+09:00
Warranty History,10.0,0.0,success,False,2026-08-19T20:40:06.734480+09:00
Warranty Hotline,,,failed,False,2026-08-19T21:08:13.592372+09:00
Warranty Hub,210.0,14.0,success,False,2026-08-17T20:33:27.108642+09:00
Warranty Identifier,,,failed,False,2026-08-23T13:05:00.300804+09:00
Warranty Incentive,,,failed,False,2026-08-27T21:15:31.900187+09:00
Warranty Index,10.0,0.0,success,False,2026-08-19T21:07:23.410704+09:00
Warranty Insight,,,failed,False,2026-08-17T23:07:23.914294+09:00
Warranty Installment,,,failed,False,2026-08-23T16:12:35.033809+09:00
Warranty Item,90.0,0.0,success,False,2026-08-21T01:53:46.295961+09:00
Warranty Journal,,,failed,False,2026-08-18T22:07:18.676319+09:00
Warranty Keeper,90.0,0.0,success,False,2026-08-17T20:39:05.666395+09:00
Warranty Lab,,,failed,False,2026-08-17T20:31:41.996994+09:00
Warranty Label,320.0,79.0,success,False,2026-08-27T22:09:41.685906+09:00
Warranty Ledger,,,failed,False,2026-08-17T20:35:47.352548+09:00
Warranty Lens,,,failed,False,2026-08-17T20:39:28.862436+09:00
Warranty Level,10.0,8.0,success,False,2026-08-19T20:40:22.983274+09:00
Warranty Link,30.0,1.0,success,False,2026-08-23T03:14:42.643964+09:00
Warranty List,90.0,4.0,success,False,2026-08-19T21:53:00.908408+09:00
Warranty Loan,50.0,4.0,success,False,2026-08-21T02:06:17.677670+09:00
Warranty Locator,,,failed,False,2026-08-19T00:01:18.833283+09:00
Warranty Lock,,,failed,False,2026-08-18T01:28:09.694093+09:00
Warranty Log,20.0,9.0,success,False,2026-08-19T13:32:55.447680+09:00
Warranty Loop,,,failed,False,2026-08-17T20:36:00.761105+09:00
Warranty Manager,390.0,3.0,success,False,2026-08-17T20:38:08.924079+09:00
Warranty Manual,110.0,0.0,success,False,2026-08-27T22:09:48.398152+09:00
Warranty Map,,,failed,False,2026-08-17T20:40:21.350341+09:00
Warranty Margin,,,failed,False,2026-08-23T02:54:13.248458+09:00
Warranty Marker,,,failed,False,2026-08-23T13:26:30.213560+09:00
Warranty Markup,,,failed,False,2026-08-23T16:38:09.315163+09:00
Warranty Memo,,,failed,False,2026-08-21T00:26:00.566845+09:00
Warranty Message,10.0,0.0,success,False,2026-08-27T23:13:13.331600+09:00
Warranty Meter,,,failed,False,2026-08-17T20:40:10.157299+09:00
Warranty Metrics,10.0,19.0,success,False,2026-08-17T23:14:01.287138+09:00
Warranty Monitor,,,failed,False,2026-08-17T23:06:59.361333+09:00
Warranty Navigator,20.0,6.0,success,False,2026-08-17T23:04:40.930662+09:00
Warranty Nexus,30.0,2.0,success,False,2026-08-18T07:43:25.661274+09:00
Warranty Node,,,failed,False,2026-08-17T20:32:38.453320+09:00
Warranty Note,40.0,0.0,success,False,2026-08-19T13:33:57.418081+09:00
Warranty Notification,10.0,0.0,success,False,2026-08-27T22:47:56.654242+09:00
Warranty Number,880.0,1.0,success,False,2026-08-23T03:18:14.803596+09:00
Warranty Office,210.0,0.0,success,False,2026-08-19T00:01:40.731758+09:00
Warranty Ops,,,failed,False,2026-08-17T23:10:24.973922+09:00
Warranty Order,40.0,0.0,success,False,2026-08-19T21:52:10.666614+09:00
Warranty Organizer,10.0,50.0,success,False,2026-08-17T23:08:38.142070+09:00
Warranty Overdraft,,,failed,False,2026-08-23T15:51:01.656182+09:00
Warranty Panel,,,failed,False,2026-08-17T20:41:46.079279+09:00
Warranty Pass,,,failed,False,2026-08-21T00:25:13.031282+09:00
Warranty Path,,,failed,False,2026-08-17T20:32:00.957216+09:00
Warranty Penalty,,,failed,False,2026-08-23T16:38:05.799118+09:00
Warranty Petition,,,failed,False,2026-08-21T01:01:13.751057+09:00
Warranty Pilot,90.0,26.0,success,False,2026-08-17T20:32:14.147491+09:00
Warranty Plan,390.0,61.0,success,False,2026-08-21T01:54:02.992561+09:00
Warranty Planner,,,failed,False,2026-08-17T23:05:30.117127+09:00
Warranty Playbook,10.0,0.0,success,False,2026-08-18T22:07:12.146632+09:00
Warranty Point,,,failed,False,2026-08-18T07:51:58.234946+09:00
Warranty Portal,880.0,1.0,success,False,2026-08-18T07:43:54.848234+09:00
Warranty Preview,,,failed,False,2026-08-28T01:02:28.948807+09:00
Warranty Profile,,,failed,False,2026-08-19T13:34:15.397109+09:00
Warranty Profit,,,failed,False,2026-08-23T02:54:06.073801+09:00
Warranty Proposal,,,failed,False,2026-08-28T01:02:28.948807+09:00
Warranty Pulse,,,failed,False,2026-08-17T20:34:09.472739+09:00
Warranty Queue,10.0,0.0,success,False,2026-08-19T21:07:42.156894+09:00
Warranty Quota,,,failed,False,2026-08-21T00:26:05.533599+09:00
Warranty Radar,,,failed,False,2026-08-18T07:43:33.708043+09:00
Warranty Rail,,,failed,False,2026-08-17T20:36:26.800121+09:00
Warranty Rate,40.0,6.0,success,False,2026-08-19T20:40:32.306082+09:00
Warranty Receipt,210.0,3.0,success,False,2026-08-19T21:52:35.745180+09:00
Warranty Recorder,,,failed,False,2026-08-27T23:34:44.753648+09:00
Warranty Redemption,10.0,0.0,success,False,2026-08-23T16:38:11.972867+09:00
Warranty Register,5400.0,2.0,success,False,2026-08-17T22:50:34.703098+09:00
Warranty Registry,,,failed,False,2026-08-18T22:07:45.209206+09:00
Warranty Relay,,,failed,False,2026-08-17T20:34:03.344800+09:00
Warranty Reminder,10.0,2.0,success,False,2026-08-19T21:07:02.698289+09:00
Warranty Report,320.0,0.0,success,False,2026-08-19T13:32:47.690424+09:00
Warranty Repository,,,failed,False,2026-08-27T23:13:21.065060+09:00
Warranty Roadmap,,,failed,False,2026-08-18T22:08:23.655372+09:00
Warranty Roster,,,failed,False,2026-08-19T00:36:46.213084+09:00
Warranty Route,,,failed,False,2026-08-17T20:38:21.061174+09:00
Warranty Rule,,,failed,False,2026-08-23T03:14:46.268297+09:00
Warranty Sale,90.0,9.0,success,False,2026-08-21T02:22:10.235863+09:00
Warranty Sample,110.0,2.0,success,False,2026-08-19T21:53:52.421179+09:00
Warranty Scale,,,failed,False,2026-08-17T20:39:15.324728+09:00
Warranty Scanner,210.0,1.0,success,False,2026-08-27T23:50:46.062882+09:00
Warranty Scheduler,,,failed,False,2026-08-17T23:12:18.901964+09:00
Warranty Scope,70.0,0.0,success,False,2026-08-17T20:36:59.320935+09:00
Warranty Score,,,failed,False,2026-08-19T13:33:49.819535+09:00
Warranty Sentry,,,failed,False,2026-08-17T20:39:57.613991+09:00
Warranty Serial,10.0,0.0,success,False,2026-08-23T13:26:22.288872+09:00
Warranty Sheet,50.0,0.0,success,False,2026-08-19T13:33:37.732630+09:00
Warranty Signal,,,failed,False,2026-08-17T20:38:46.053243+09:00
Warranty Signature,,,failed,False,2026-08-23T13:26:27.447056+09:00
Warranty Slip,90.0,0.0,success,False,2026-08-19T21:53:37.602067+09:00
Warranty Slot,,,failed,False,2026-08-19T21:54:00.654442+09:00
Warranty Snapshot,,,failed,False,2026-08-18T22:07:28.261653+09:00
Warranty Stake,,,failed,False,2026-08-23T02:54:11.154631+09:00
Warranty Stamp,210.0,56.0,success,False,2026-08-23T13:26:32.402839+09:00
Warranty Statement,260.0,0.0,success,False,2026-08-21T00:25:40.973918+09:00
Warranty Station,,,failed,False,2026-08-18T07:43:35.299259+09:00
Warranty Status,1000.0,2.0,success,False,2026-08-19T20:39:47.752844+09:00
Warranty Stub,,,failed,False,2026-08-21T00:25:32.620138+09:00
Warranty Studio,,,failed,False,2026-08-17T20:32:53.240136+09:00
Warranty Subsidy,,,failed,False,2026-08-23T15:51:03.649898+09:00
Warranty Suite,,,failed,False,2026-08-17T23:10:43.579186+09:00
Warranty Sum,,,failed,False,2026-08-21T02:21:48.463008+09:00
Warranty Summary,90.0,0.0,success,False,2026-08-19T21:06:41.039569+09:00
Warranty Surtax,,,failed,False,2026-08-23T15:51:07.589062+09:00
Warranty Sync,,,failed,False,2026-08-17T20:35:16.626138+09:00
Warranty Table,10.0,0.0,success,False,2026-08-19T21:53:13.442826+09:00
Warranty Tag,390.0,59.0,success,False,2026-08-19T13:34:03.969558+09:00
Warranty Tally,,,failed,False,2026-08-21T00:25:47.755507+09:00
Warranty Tariff,,,failed,False,2026-08-21T02:38:43.386978+09:00
Warranty Tax,,,failed,False,2026-08-21T02:06:11.713342+09:00
Warranty Ticket,40.0,2.0,success,False,2026-08-19T21:07:33.171957+09:00
Warranty Tier,,,failed,False,2026-08-28T00:45:55.588446+09:00
Warranty Timeline,,,failed,False,2026-08-19T21:06:49.674751+09:00
Warranty Timer,,,failed,False,2026-08-28T00:21:14.040617+09:00
Warranty Token,,,failed,False,2026-08-23T13:26:25.215433+09:00
Warranty Toll,,,failed,False,2026-08-21T02:38:35.767249+09:00
Warranty Toolbox,,,failed,False,2026-08-28T00:21:19.709791+09:00
Warranty Toolkit,,,failed,False,2026-08-18T22:07:03.148226+09:00
Warranty Total,,,failed,False,2026-08-27T23:13:16.008786+09:00
Warranty Tracker,590.0,9.0,success,False,2026-08-17T20:36:13.174234+09:00
Warranty Trail,,,failed,False,2026-08-17T20:35:32.317442+09:00
Warranty Trend,,,failed,False,2026-08-28T01:02:23.926913+09:00
Warranty Trial,,,failed,False,2026-08-27T21:15:29.439407+09:00
Warranty Unit,10.0,0.0,success,False,2026-08-21T01:53:51.077986+09:00
Warranty Update,110.0,0.0,success,False,2026-08-19T20:40:37.869711+09:00
Warranty Value,50.0,0.0,success,False,2026-08-23T02:54:08.933520+09:00
Warranty Vault,40.0,3.0,success,False,2026-08-17T20:33:01.756540+09:00
Warranty Version,,,failed,False,2026-08-23T03:14:39.191196+09:00
Warranty View,,,failed,False,2026-08-19T20:39:55.789733+09:00
Warranty Voucher,,,failed,False,2026-08-21T00:25:18.497443+09:00
Warranty Wallet,30.0,19.0,success,False,2026-08-27T22:47:59.631121+09:00
Warranty Watch,1300.0,3.0,success,False,2026-08-17T20:37:58.727524+09:00
Warranty Wave,,,failed,False,2026-08-17T20:33:09.747000+09:00
Warranty Widget,,,failed,False,2026-08-27T23:13:18.509120+09:00
Warranty Window,590.0,17.0,success,False,2026-08-19T12:24:37.833597+09:00
Warranty Workbench,,,failed,False,2026-08-18T22:06:54.214613+09:00
Warranty Workshop,,,failed,False,2026-08-28T00:21:14.040617+09:00
Warranty Zone,110.0,5.0,success,False,2026-08-17T20:32:26.534581+09:00
Waste Advance,,,failed,False,2026-08-23T16:12:35.033809+09:00
Waste Advisory,,,failed,False,2026-08-21T01:05:29.532542+09:00
Waste Allowance,170.0,0.0,success,False,2026-08-21T02:44:46.644995+09:00
Waste Almanac,,,failed,False,2026-08-18T22:09:19.506375+09:00
Waste Analyzer,,,failed,False,2026-08-27T23:56:00.047193+09:00
Waste Anchor,,,failed,False,2026-08-17T21:36:32.684484+09:00
Waste Arrears,,,failed,False,2026-08-23T16:12:32.773263+09:00
Waste Assistant,50.0,4.0,success,False,2026-08-17T23:24:07.376365+09:00
Waste Atlas,390.0,15.0,success,False,2026-08-17T20:44:07.827451+09:00
Waste Attribute,,,failed,False,2026-08-23T13:04:50.850524+09:00
Waste Base,720.0,1.0,success,False,2026-08-17T20:41:07.425187+09:00
Waste Beacon,,,failed,False,2026-08-18T07:52:20.987077+09:00
Waste Bill,260.0,1.0,success,False,2026-08-19T21:51:34.255432+09:00
Waste Bin,27100.0,100.0,success,False,2026-08-19T12:25:21.965141+09:00
Waste Blueprint,10.0,0.0,success,False,2026-08-18T22:09:11.269372+09:00
Waste Board,480.0,6.0,success,False,2026-08-17T20:38:35.163236+09:00
Waste Book,1000.0,32.0,success,False,2026-08-19T21:52:35.745180+09:00
Waste Bridge,,,failed,False,2026-08-17T21:37:42.380657+09:00
Waste Brief,,,failed,False,2026-08-21T01:05:22.302548+09:00
Waste Bulletin,,,failed,False,2026-08-21T01:05:08.043022+09:00
Waste Cabinet,320.0,100.0,success,False,2026-08-27T23:13:09.078623+09:00
Waste Calculator,210.0,2.0,success,False,2026-08-27T23:34:34.248381+09:00
Waste Calendar,720.0,0.0,success,False,2026-08-19T00:00:28.920086+09:00
Waste Card,390.0,3.0,success,False,2026-08-19T13:34:11.345054+09:00
Waste Cascade,,,failed,False,2026-08-17T21:39:02.253193+09:00
Waste Cash,10.0,0.0,success,False,2026-08-21T02:29:19.301672+09:00
Waste Cashback,,,failed,False,2026-08-27T21:15:18.698295+09:00
Waste Catalog,,,failed,False,2026-08-19T21:07:23.410704+09:00
Waste Category,480.0,4.0,success,False,2026-08-23T13:04:48.308189+09:00
Waste Center,2400.0,8.0,success,False,2026-08-17T20:32:53.240136+09:00
Waste Chain,1000.0,98.0,success,False,2026-08-17T21:30:37.005083+09:00
Waste Charge,70.0,1.0,success,False,2026-08-21T02:44:37.347457+09:00
Waste Check,210.0,0.0,success,False,2026-08-19T13:34:28.843739+09:00
Waste Checker,,,failed,False,2026-08-27T23:55:42.824458+09:00
Waste Checklist,10.0,0.0,success,False,2026-08-19T21:06:31.890613+09:00
Waste Circular,,,failed,False,2026-08-21T01:05:25.449789+09:00
Waste Cockpit,,,failed,False,2026-08-17T23:08:40.393362+09:00
Waste Code,720.0,1.0,success,False,2026-08-19T21:52:01.647797+09:00
Waste Codex,,,failed,False,2026-08-18T22:09:34.112352+09:00
Waste Companion,,,failed,False,2026-08-17T23:25:59.230175+09:00
Waste Comparison,10.0,5.0,success,False,2026-08-28T01:06:07.510525+09:00
Waste Compass,,,failed,False,2026-08-18T07:52:08.139884+09:00
Waste Compendium,,,failed,False,2026-08-18T22:09:27.931619+09:00
Waste Confirmation,,,failed,False,2026-08-21T01:05:43.113119+09:00
Waste Console,,,failed,False,2026-08-17T21:41:42.015478+09:00
Waste Core,,,failed,False,2026-08-17T20:40:21.350341+09:00
Waste Cost,210.0,6.0,success,False,2026-08-21T02:13:04.369688+09:00
Waste Counter,50.0,0.0,success,False,2026-08-19T00:01:18.833283+09:00
Waste Coupon,,,failed,False,2026-08-27T21:15:16.328313+09:00
Waste Dashboard,70.0,6.0,success,False,2026-08-17T23:25:43.129443+09:00
Waste Deal,,,failed,False,2026-08-21T01:57:25.896991+09:00
Waste Debt,,,failed,False,2026-08-21T02:29:11.262958+09:00
Waste Deck,10.0,3.0,success,False,2026-08-17T20:37:44.009684+09:00
Waste Depot,1600.0,4.0,success,False,2026-08-19T00:01:01.996823+09:00
Waste Desk,,,failed,False,2026-08-17T20:35:16.626138+09:00
Waste Detail,,,failed,False,2026-08-23T03:24:46.219726+09:00
Waste Detector,70.0,4.0,success,False,2026-08-27T23:55:53.687521+09:00
Waste Dial,,,failed,False,2026-08-17T21:38:13.718334+09:00
Waste Digest,140.0,1.0,success,False,2026-08-19T20:49:16.530394+09:00
Waste Directory,70.0,1.0,success,False,2026-08-19T00:00:38.616891+09:00
Waste Discount,,,failed,False,2026-08-23T16:12:29.296473+09:00
Waste Dock,,,failed,False,2026-08-17T21:33:56.834131+09:00
Waste Dossier,,,failed,False,2026-08-21T01:07:59.313235+09:00
Waste Draft,,,failed,False,2026-08-19T20:49:25.973595+09:00
Waste Due,,,failed,False,2026-08-23T15:50:57.538266+09:00
Waste Duty,,,failed,False,2026-08-21T02:44:40.179717+09:00
Waste Endowment,,,failed,False,2026-08-23T15:51:01.656182+09:00
Waste Engine,10.0,4.0,success,False,2026-08-17T23:05:03.232524+09:00
Waste Entry,,,failed,False,2026-08-21T01:06:05.335895+09:00
Waste Estimate,,,failed,False,2026-08-19T21:07:13.159437+09:00
Waste Estimator,,,failed,False,2026-08-27T23:55:42.824458+09:00
Waste Excerpt,,,failed,False,2026-08-21T01:06:02.674001+09:00
Waste Extension,110.0,99.0,success,False,2026-08-23T16:38:05.799118+09:00
Waste Fare,,,failed,False,2026-08-21T02:13:15.591815+09:00
Waste Fee,90.0,2.0,success,False,2026-08-21T01:57:08.672731+09:00
Waste Feed,40.0,0.0,success,False,2026-08-19T20:49:19.848949+09:00
Waste Field,210.0,12.0,success,False,2026-08-23T13:04:57.008398+09:00
Waste File,20.0,0.0,success,False,2026-08-19T20:48:55.006137+09:00
Waste Finder,,,failed,False,2026-08-19T00:00:54.845309+09:00
Waste Fine,,,failed,False,2026-08-23T02:58:33.536123+09:00
Waste Flag,10.0,0.0,success,False,2026-08-21T00:32:13.850788+09:00
Waste Flow,390.0,6.0,success,False,2026-08-17T20:38:08.924079+09:00
Waste Forge,10.0,14.0,success,False,2026-08-17T21:41:12.952922+09:00
Waste Form,210.0,0.0,success,False,2026-08-19T13:34:03.969558+09:00
Waste Format,,,failed,False,2026-08-23T13:05:00.300804+09:00
Waste Frame,,,failed,False,2026-08-17T20:41:57.166662+09:00
Waste Fund,20.0,1.0,success,False,2026-08-21T02:29:14.750230+09:00
Waste Gate,27100.0,53.0,success,False,2026-08-17T20:45:54.147634+09:00
Waste Giveaway,,,failed,False,2026-08-27T21:15:25.200797+09:00
Waste Grade,,,failed,False,2026-08-21T00:31:54.895534+09:00
Waste Graph,50.0,0.0,success,False,2026-08-27T22:09:32.047106+09:00
Waste Grid,50.0,93.0,success,False,2026-08-17T21:31:08.679950+09:00
Waste Guarantee,,,failed,False,2026-08-28T01:06:18.481825+09:00
Waste Guard,30.0,1.0,success,False,2026-08-17T20:40:45.689604+09:00
Waste Guardian,,,failed,False,2026-08-28T00:25:15.482285+09:00
Waste Guidebook,,,failed,False,2026-08-18T22:08:54.791738+09:00
Waste Helpdesk,10.0,,success,False,2026-08-27T22:47:56.654242+09:00
Waste Helper,30.0,18.0,success,False,2026-08-28T00:25:19.923690+09:00
Waste History,10.0,0.0,success,False,2026-08-19T20:48:48.411735+09:00
Waste Hotline,20.0,14.0,success,False,2026-08-19T21:07:33.171957+09:00
Waste Hub,140.0,3.0,success,False,2026-08-17T20:37:14.189830+09:00
Waste Identifier,,,failed,False,2026-08-23T13:04:48.308189+09:00
Waste Incentive,,,failed,False,2026-08-27T21:15:22.797193+09:00
Waste Index,20.0,0.0,success,False,2026-08-19T21:06:41.039569+09:00
Waste Insight,10.0,1.0,success,False,2026-08-17T23:13:53.612284+09:00
Waste Installment,,,failed,False,2026-08-23T16:12:29.296473+09:00
Waste Item,390.0,1.0,success,False,2026-08-21T01:57:13.280090+09:00
Waste Journal,210.0,1.0,success,False,2026-08-18T22:08:36.440640+09:00
Waste Keeper,10.0,0.0,success,False,2026-08-17T20:42:16.988485+09:00
Waste Lab,480.0,1.0,success,False,2026-08-17T20:35:47.352548+09:00
Waste Label,390.0,100.0,success,False,2026-08-27T22:09:32.047106+09:00
Waste Ledger,,,failed,False,2026-08-17T20:39:28.862436+09:00
Waste Lens,20.0,1.0,success,False,2026-08-17T20:42:46.441273+09:00
Waste Level,70.0,0.0,success,False,2026-08-19T20:49:01.783681+09:00
Waste Levy,140.0,0.0,success,False,2026-08-23T13:45:55.611142+09:00
Waste Link,1000.0,3.0,success,False,2026-08-23T03:24:40.640287+09:00
Waste List,390.0,1.0,success,False,2026-08-19T21:52:10.666614+09:00
Waste Loan,,,failed,False,2026-08-21T02:13:25.435180+09:00
Waste Locator,,,failed,False,2026-08-19T00:00:44.927785+09:00
Waste Lock,40.0,5.0,success,False,2026-08-17T20:44:25.446111+09:00
Waste Log,590.0,2.0,success,False,2026-08-19T13:33:54.731377+09:00
Waste Loop,30.0,0.0,success,False,2026-08-17T21:32:20.148818+09:00
Waste Manager,1300.0,49.0,success,False,2026-08-17T20:41:30.101842+09:00
Waste Manual,40.0,0.0,success,False,2026-08-27T22:09:38.149454+09:00
Waste Map,880.0,1.0,success,False,2026-08-17T20:43:38.857738+09:00
Waste Markup,,,failed,False,2026-08-23T16:38:03.608262+09:00
Waste Memo,,,failed,False,2026-08-21T00:32:00.759395+09:00
Waste Message,20.0,0.0,success,False,2026-08-27T23:13:03.121922+09:00
Waste Meter,30.0,11.0,success,False,2026-08-17T21:37:02.739524+09:00
Waste Metrics,90.0,4.0,success,False,2026-08-17T23:25:18.715654+09:00
Waste Monitor,90.0,1.0,success,False,2026-08-17T23:24:52.278887+09:00
Waste Navigator,20.0,5.0,success,False,2026-08-17T23:15:27.187478+09:00
Waste Nexus,,,failed,False,2026-08-17T20:44:58.380838+09:00
Waste Node,,,failed,False,2026-08-17T20:47:00.954455+09:00
Waste Note,90.0,28.0,success,False,2026-08-19T13:35:21.181056+09:00
Waste Notification,,,failed,False,2026-08-27T22:47:46.388657+09:00
Waste Number,70.0,6.0,success,False,2026-08-23T03:24:33.433692+09:00
Waste Office,170.0,20.0,success,False,2026-08-19T00:01:10.174789+09:00
Waste Ops,,,failed,False,2026-08-17T23:26:16.391059+09:00
Waste Order,10.0,11.0,success,False,2026-08-19T21:51:23.149370+09:00
Waste Organizer,210.0,100.0,success,False,2026-08-17T23:06:54.696813+09:00
Waste Panel,,,failed,False,2026-08-17T21:39:40.995935+09:00
Waste Path,1300.0,0.0,success,True,2026-08-17T20:46:22.420312+09:00
Waste Penalty,,,failed,False,2026-08-23T16:38:01.127600+09:00
Waste Petition,10.0,,success,False,2026-08-21T01:05:32.279989+09:00
Waste Pilot,70.0,4.0,success,False,2026-08-17T20:36:13.174234+09:00
Waste Plan,1000.0,10.0,success,False,2026-08-21T01:57:21.062358+09:00
Waste Planner,10.0,0.0,success,False,2026-08-17T23:12:14.829118+09:00
Waste Playbook,,,failed,False,2026-08-18T22:08:30.649181+09:00
Waste Point,480.0,1.0,success,False,2026-08-17T20:45:32.525368+09:00
Waste Portal,70.0,8.0,success,False,2026-08-18T07:52:49.362329+09:00
Waste Preview,,,failed,False,2026-08-28T01:06:10.302074+09:00
Waste Price,170.0,9.0,success,False,2026-08-21T02:13:09.073610+09:00
Waste Profile,170.0,1.0,success,False,2026-08-19T13:35:47.282228+09:00
Waste Profit,,,failed,False,2026-08-23T02:58:24.249422+09:00
Waste Proposal,10.0,0.0,success,False,2026-08-28T01:06:18.481825+09:00
Waste Pulse,,,failed,False,2026-08-17T21:30:02.792774+09:00
Waste Queue,,,failed,False,2026-08-19T21:07:02.698289+09:00
Waste Quota,,,failed,False,2026-08-21T00:32:08.971513+09:00
Waste Radar,,,failed,False,2026-08-17T20:34:22.385109+09:00
Waste Rail,,,failed,False,2026-08-17T21:32:57.336519+09:00
Waste Rate,170.0,3.0,success,False,2026-08-19T20:49:06.260858+09:00
Waste Recap,,,failed,False,2026-08-21T01:05:55.165491+09:00
Waste Receipt,140.0,0.0,success,False,2026-08-19T21:51:45.660208+09:00
Waste Recorder,,,failed,False,2026-08-27T23:34:39.372847+09:00
Waste Redemption,,,failed,False,2026-08-23T16:38:05.799118+09:00
Waste Register,170.0,9.0,success,False,2026-08-17T23:10:20.263689+09:00
Waste Registry,,,failed,False,2026-08-18T22:09:03.479922+09:00
Waste Relay,,,failed,False,2026-08-17T20:33:27.108642+09:00
Waste Reminder,,,failed,False,2026-08-19T21:06:20.590100+09:00
Waste Report,320.0,1.0,success,False,2026-08-19T13:33:49.819535+09:00
Waste Repository,30.0,1.0,success,False,2026-08-27T23:13:13.331600+09:00
Waste Roadmap,10.0,0.0,success,False,2026-08-18T22:09:42.242317+09:00
Waste Roster,,,failed,False,2026-08-19T00:36:38.202359+09:00
Waste Route,30.0,10.0,success,False,2026-08-17T21:35:00.218033+09:00
Waste Rule,,,failed,False,2026-08-23T03:24:42.957554+09:00
Waste Sale,50.0,5.0,success,False,2026-08-21T02:29:22.487025+09:00
Waste Sample,70.0,0.0,success,False,2026-08-19T21:53:00.908408+09:00
Waste Scale,70.0,99.0,success,False,2026-08-17T21:36:05.315924+09:00
Waste Scanner,40.0,8.0,success,False,2026-08-27T23:55:48.344302+09:00
Waste Scheduler,,,failed,False,2026-08-17T23:24:30.748337+09:00
Waste Scope,,,failed,False,2026-08-17T21:33:24.629057+09:00
Waste Score,,,failed,False,2026-08-19T13:35:15.943675+09:00
Waste Sentry,,,failed,False,2026-08-17T20:43:12.470155+09:00
Waste Sheet,320.0,6.0,success,False,2026-08-19T13:34:22.181534+09:00
Waste Signal,,,failed,False,2026-08-17T21:35:30.145341+09:00
Waste Signature,,,failed,False,2026-08-23T13:26:40.982312+09:00
Waste Slip,10.0,14.0,success,False,2026-08-19T21:52:48.982891+09:00
Waste Slot,40.0,2.0,success,False,2026-08-19T21:53:13.442826+09:00
Waste Snapshot,,,failed,False,2026-08-18T22:08:45.047635+09:00
Waste Stake,,,failed,False,2026-08-23T02:58:29.711332+09:00
Waste Stamp,,,failed,False,2026-08-23T13:26:43.446955+09:00
Waste Statement,,,failed,False,2026-08-21T00:31:41.208752+09:00
Waste Station,2900.0,25.0,success,False,2026-08-17T20:34:46.285590+09:00
Waste Status,20.0,0.0,success,False,2026-08-19T20:48:37.662202+09:00
Waste Streak,,,failed,False,2026-08-28T00:47:48.349607+09:00
Waste Stub,,,failed,False,2026-08-21T00:31:36.211701+09:00
Waste Studio,140.0,4.0,success,False,2026-08-17T20:36:47.157974+09:00
Waste Subsidy,,,failed,False,2026-08-23T15:50:59.628265+09:00
Waste Suite,,,failed,False,2026-08-17T23:23:48.557902+09:00
Waste Sum,,,failed,False,2026-08-21T02:29:07.517005+09:00
Waste Summary,10.0,0.0,success,False,2026-08-19T21:06:00.178861+09:00
Waste Surtax,,,failed,False,2026-08-23T15:51:03.649898+09:00
Waste Sync,10.0,5.0,success,False,2026-08-17T20:39:05.666395+09:00
Waste Table,70.0,10.0,success,False,2026-08-19T21:52:24.100892+09:00
Waste Tag,210.0,8.0,success,False,2026-08-19T13:35:27.432298+09:00
Waste Tally,10.0,21.0,success,False,2026-08-21T00:31:49.661501+09:00
Waste Tariff,,,failed,False,2026-08-21T02:44:54.822530+09:00
Waste Tax,170.0,0.0,success,False,2026-08-21T02:13:20.223987+09:00
Waste Ticket,260.0,2.0,success,False,2026-08-19T21:06:49.674751+09:00
Waste Timeline,10.0,0.0,success,False,2026-08-19T21:06:08.303688+09:00
Waste Timer,33100.0,0.0,success,True,2026-08-28T00:25:10.586444+09:00
Waste Toll,,,failed,False,2026-08-21T02:44:44.036553+09:00
Waste Toolbox,,,failed,False,2026-08-28T00:25:19.923690+09:00
Waste Toolkit,,,failed,False,2026-08-18T22:08:21.500006+09:00
Waste Total,,,failed,False,2026-08-27T23:13:06.155067+09:00
Waste Tracker,390.0,2.0,success,False,2026-08-17T20:39:57.613991+09:00
Waste Trail,,,failed,False,2026-08-17T21:31:44.399230+09:00
Waste Trend,90.0,3.0,success,False,2026-08-28T01:06:05.018602+09:00
Waste Trial,,,failed,False,2026-08-27T21:15:22.797193+09:00
Waste Unit,50.0,91.0,success,False,2026-08-21T01:57:17.630744+09:00
Waste Update,,,failed,False,2026-08-19T20:49:09.969574+09:00
Waste Value,30.0,0.0,success,False,2026-08-23T02:58:27.713523+09:00
Waste Vault,20.0,0.0,success,False,2026-08-17T20:32:14.147491+09:00
Waste Version,10.0,0.0,success,False,2026-08-23T03:24:36.035969+09:00
Waste View,10.0,0.0,success,False,2026-08-19T20:48:43.191337+09:00
Waste Voucher,210.0,1.0,success,False,2026-08-21T00:31:19.573899+09:00
Waste Watch,1300.0,8.0,success,False,2026-08-17T21:34:28.165323+09:00
Waste Wave,110.0,4.0,success,False,2026-08-17T20:47:39.394205+09:00
Waste Widget,,,failed,False,2026-08-27T23:13:06.155067+09:00
Waste Workbench,,,failed,False,2026-08-18T22:08:12.988621+09:00
Waste Worksheet,90.0,0.0,success,False,2026-08-27T22:09:38.149454+09:00
Waste Workshop,50.0,31.0,success,False,2026-08-28T00:25:13.091211+09:00
Waste Yard,6600.0,13.0,success,False,2026-08-19T00:38:48.376369+09:00
Waste Zone,110.0,2.0,success,False,2026-08-17T20:31:41.996994+09:00
Watermark Advance,,,failed,False,2026-08-23T16:17:00.383036+09:00
Watermark Advisory,10.0,0.0,success,False,2026-08-21T01:04:35.050629+09:00
Watermark Allowance,,,failed,False,2026-08-21T02:43:30.904154+09:00
Watermark Analyzer,,,failed,False,2026-08-27T23:51:38.023281+09:00
Watermark Arrears,,,failed,False,2026-08-23T16:16:57.987177+09:00
Watermark Asset,10.0,0.0,success,False,2026-08-23T13:48:23.745553+09:00
Watermark Assistant,,,failed,False,2026-08-19T12:25:38.632283+09:00
Watermark Atlas,,,failed,False,2026-08-19T12:25:21.965141+09:00
Watermark Badge,,,failed,False,2026-08-21T00:31:12.375379+09:00
Watermark Base,90.0,0.0,success,False,2026-08-19T12:23:26.790500+09:00
Watermark Beacon,,,failed,False,2026-08-19T12:27:39.796113+09:00
Watermark Bill,40.0,0.0,success,False,2026-08-19T21:53:24.173556+09:00
Watermark Board,,,failed,False,2026-08-19T12:23:40.274403+09:00
Watermark Book,170.0,16.0,success,False,2026-08-19T21:54:22.632140+09:00
Watermark Bridge,10.0,0.0,success,False,2026-08-19T12:27:49.196174+09:00
Watermark Brief,,,failed,False,2026-08-21T01:04:20.278964+09:00
Watermark Bulletin,,,failed,False,2026-08-21T01:04:13.537026+09:00
Watermark Calendar,50.0,1.0,success,False,2026-08-19T12:26:02.355075+09:00
Watermark Card,260.0,1.0,success,False,2026-08-19T13:41:47.769675+09:00
Watermark Cascade,10.0,0.0,success,False,2026-08-19T12:27:46.282540+09:00
Watermark Cash,,,failed,False,2026-08-21T02:28:08.522679+09:00
Watermark Cashback,,,failed,False,2026-08-27T21:19:58.870068+09:00
Watermark Catalog,30.0,0.0,success,False,2026-08-19T21:09:59.006110+09:00
Watermark Center,50.0,3.0,success,False,2026-08-19T12:24:05.330216+09:00
Watermark Chain,,,failed,False,2026-08-19T12:24:52.766988+09:00
Watermark Charge,,,failed,False,2026-08-21T02:43:21.598191+09:00
Watermark Check,2900.0,1.0,success,False,2026-08-19T13:42:06.803998+09:00
Watermark Checker,2900.0,1.0,success,False,2026-08-27T23:51:29.405566+09:00
Watermark Checklist,,,failed,False,2026-08-19T21:08:56.210906+09:00
Watermark Circular,,,failed,False,2026-08-21T01:04:24.715250+09:00
Watermark Code,70.0,1.0,success,False,2026-08-19T21:53:47.413598+09:00
Watermark Companion,,,failed,False,2026-08-19T12:25:46.286307+09:00
Watermark Compass,,,failed,False,2026-08-19T12:27:36.694411+09:00
Watermark Confirmation,,,failed,False,2026-08-21T01:04:41.877436+09:00
Watermark Console,,,failed,False,2026-08-19T12:24:32.971008+09:00
Watermark Contribution,,,failed,False,2026-08-23T16:16:57.987177+09:00
Watermark Core,,,failed,False,2026-08-19T12:23:36.492658+09:00
Watermark Cost,20.0,1.0,success,False,2026-08-21T02:12:10.627447+09:00
Watermark Count,,,failed,False,2026-08-27T22:44:33.124302+09:00
Watermark Counter,,,failed,False,2026-08-19T12:26:15.531413+09:00
Watermark Coupon,,,failed,False,2026-08-27T21:19:56.366947+09:00
Watermark Deal,,,failed,False,2026-08-21T01:56:46.597919+09:00
Watermark Debt,,,failed,False,2026-08-21T02:27:57.187073+09:00
Watermark Deck,,,failed,False,2026-08-19T12:23:48.028309+09:00
Watermark Desk,,,failed,False,2026-08-19T12:27:27.714904+09:00
Watermark Detail,,,failed,False,2026-08-23T03:23:00.689817+09:00
Watermark Detector,880.0,27.0,success,False,2026-08-27T23:51:35.408395+09:00
Watermark Digest,,,failed,False,2026-08-19T20:39:35.461909+09:00
Watermark Directory,,,failed,False,2026-08-19T12:26:06.734544+09:00
Watermark Discount,,,failed,False,2026-08-23T16:16:55.140069+09:00
Watermark Dossier,,,failed,False,2026-08-21T01:04:56.218179+09:00
Watermark Downpayment,,,failed,False,2026-08-27T21:50:56.215822+09:00
Watermark Draft,3600.0,1.0,success,False,2026-08-19T20:39:52.613613+09:00
Watermark Due,,,failed,False,2026-08-23T15:52:59.645505+09:00
Watermark Duty,,,failed,False,2026-08-21T02:43:25.318568+09:00
Watermark Engine,,,failed,False,2026-08-19T12:25:34.182508+09:00
Watermark Entry,,,failed,False,2026-08-21T01:05:22.302548+09:00
Watermark Estimate,,,failed,False,2026-08-19T21:09:46.410901+09:00
Watermark Estimator,,,failed,False,2026-08-27T23:51:29.405566+09:00
Watermark Excerpt,,,failed,False,2026-08-21T01:05:08.043022+09:00
Watermark Fare,,,failed,False,2026-08-21T02:12:19.408855+09:00
Watermark Fee,10.0,1.0,success,False,2026-08-21T01:56:25.732902+09:00
Watermark Feed,,,failed,False,2026-08-19T20:39:43.818952+09:00
Watermark File,210.0,12.0,success,False,2026-08-19T20:38:59.819787+09:00
Watermark Finder,70.0,2.0,success,False,2026-08-19T12:26:11.426688+09:00
Watermark Fine,,,failed,False,2026-08-23T02:57:34.451765+09:00
Watermark Flag,70.0,0.0,success,False,2026-08-21T00:32:00.759395+09:00
Watermark Flow,10.0,0.0,success,False,2026-08-19T12:27:18.963883+09:00
Watermark Forge,,,failed,False,2026-08-19T12:27:39.796113+09:00
Watermark Form,140.0,0.0,success,False,2026-08-19T13:41:26.637679+09:00
Watermark Frame,90.0,0.0,success,False,2026-08-19T12:23:14.200437+09:00
Watermark Fund,20.0,0.0,success,False,2026-08-21T02:28:00.693334+09:00
Watermark Gate,,,failed,False,2026-08-19T12:25:02.021725+09:00
Watermark Generator,2900.0,8.0,success,False,2026-08-27T23:31:58.292490+09:00
Watermark Giveaway,10.0,,success,False,2026-08-27T21:20:04.514316+09:00
Watermark Grade,,,failed,False,2026-08-21T00:31:38.357083+09:00
Watermark Grid,170.0,0.0,success,False,2026-08-19T12:22:47.160144+09:00
Watermark Guardian,,,failed,False,2026-08-28T00:21:49.130858+09:00
Watermark Helpdesk,,,failed,False,2026-08-27T22:44:33.124302+09:00
Watermark Helper,,,failed,False,2026-08-28T00:21:51.591333+09:00
Watermark History,140.0,0.0,success,False,2026-08-19T20:38:50.239529+09:00
Watermark Hotline,,,failed,False,2026-08-19T21:10:13.375829+09:00
Watermark Hub,,,failed,False,2026-08-19T12:27:23.710394+09:00
Watermark Identifier,320.0,0.0,success,False,2026-08-23T13:09:17.043261+09:00
Watermark Incentive,,,failed,False,2026-08-27T21:20:01.117686+09:00
Watermark Index,,,failed,False,2026-08-19T21:09:08.250321+09:00
Watermark Installment,,,failed,False,2026-08-23T16:16:55.140069+09:00
Watermark Item,,,failed,False,2026-08-21T01:56:30.460489+09:00
Watermark Journal,10.0,0.0,success,False,2026-08-19T12:25:57.716794+09:00
Watermark Keeper,,,failed,False,2026-08-19T12:25:27.149314+09:00
Watermark Kit,,,failed,False,2026-08-27T22:44:24.073756+09:00
Watermark Lab,,,failed,False,2026-08-19T12:23:56.615526+09:00
Watermark Ledger,,,failed,False,2026-08-19T12:23:36.492658+09:00
Watermark Level,20.0,0.0,success,False,2026-08-19T20:39:09.333161+09:00
Watermark Link,50.0,5.0,success,False,2026-08-23T03:22:53.557175+09:00
Watermark List,,,failed,False,2026-08-19T21:54:00.654442+09:00
Watermark Loan,320.0,17.0,success,False,2026-08-21T02:12:27.062318+09:00
Watermark Locator,,,failed,False,2026-08-19T12:26:06.734544+09:00
Watermark Log,,,failed,False,2026-08-19T13:41:12.937543+09:00
Watermark Loop,,,failed,False,2026-08-19T12:22:47.160144+09:00
Watermark Manager,480.0,14.0,success,False,2026-08-19T12:25:27.149314+09:00
Watermark Manual,,,failed,False,2026-08-27T22:15:52.757907+09:00
Watermark Map,70.0,4.0,success,False,2026-08-19T12:23:14.200437+09:00
Watermark Memo,,,failed,False,2026-08-21T00:31:47.591094+09:00
Watermark Monitor,20.0,45.0,success,False,2026-08-19T12:25:43.100247+09:00
Watermark Nexus,,,failed,False,2026-08-19T12:25:02.021725+09:00
Watermark Note,,,failed,False,2026-08-19T13:42:30.376897+09:00
Watermark Notification,,,failed,False,2026-08-27T22:44:19.444390+09:00
Watermark Number,30.0,0.0,success,False,2026-08-23T03:22:45.099275+09:00
Watermark Office,260.0,0.0,success,False,2026-08-19T12:26:15.531413+09:00
Watermark Ops,,,failed,False,2026-08-19T12:25:50.876922+09:00
Watermark Order,,,failed,False,2026-08-19T21:53:13.442826+09:00
Watermark Overage,,,failed,False,2026-08-27T21:50:56.215822+09:00
Watermark Overdue,,,failed,False,2026-08-27T21:50:51.730845+09:00
Watermark Panel,10.0,0.0,success,False,2026-08-19T12:24:37.833597+09:00
Watermark Pass,,,failed,False,2026-08-21T00:31:03.590955+09:00
Watermark Path,,,failed,False,2026-08-19T12:23:01.868954+09:00
Watermark Payoff,,,failed,False,2026-08-27T21:50:54.080102+09:00
Watermark Penalty,,,failed,False,2026-08-23T16:40:19.270826+09:00
Watermark Petition,,,failed,False,2026-08-21T01:04:44.330584+09:00
Watermark Plan,,,failed,False,2026-08-21T01:56:42.470423+09:00
Watermark Planner,,,failed,False,2026-08-19T12:25:38.632283+09:00
Watermark Playbook,,,failed,False,2026-08-19T12:25:55.231488+09:00
Watermark Point,480.0,6.0,success,False,2026-08-19T12:23:01.868954+09:00
Watermark Portal,210.0,0.0,success,False,2026-08-19T12:24:32.971008+09:00
Watermark Profile,,,failed,False,2026-08-19T13:21:04.898366+09:00
Watermark Profit,,,failed,False,2026-08-23T02:57:27.142882+09:00
Watermark Queue,,,failed,False,2026-08-19T21:09:34.510109+09:00
Watermark Quota,,,failed,False,2026-08-21T00:31:54.895534+09:00
Watermark Radar,,,failed,False,2026-08-19T12:27:27.714904+09:00
Watermark Rail,,,failed,False,2026-08-19T12:24:48.425289+09:00
Watermark Rate,,,failed,False,2026-08-19T20:39:18.061361+09:00
Watermark Recap,,,failed,False,2026-08-21T01:04:52.081586+09:00
Watermark Receipt,,,failed,False,2026-08-19T21:53:37.602067+09:00
Watermark Register,50.0,1.0,success,False,2026-08-19T12:25:50.876922+09:00
Watermark Registry,,,failed,False,2026-08-19T12:25:57.716794+09:00
Watermark Relay,,,failed,False,2026-08-19T12:27:31.967553+09:00
Watermark Reminder,10.0,0.0,success,False,2026-08-19T21:08:43.971729+09:00
Watermark Report,30.0,0.0,success,False,2026-08-19T13:40:53.899440+09:00
Watermark Roster,,,failed,False,2026-08-19T12:26:47.247206+09:00
Watermark Route,,,failed,False,2026-08-19T12:24:48.425289+09:00
Watermark Rule,30.0,1.0,success,False,2026-08-23T03:22:56.392022+09:00
Watermark Sale,20.0,1.0,success,False,2026-08-21T02:28:12.321639+09:00
Watermark Sample,1900.0,0.0,success,True,2026-08-19T21:54:42.461641+09:00
Watermark Scale,,,failed,False,2026-08-19T12:24:44.570895+09:00
Watermark Scanner,110.0,2.0,success,False,2026-08-27T23:51:32.749499+09:00
Watermark Scheduler,,,failed,False,2026-08-19T12:25:43.100247+09:00
Watermark Scope,,,failed,False,2026-08-19T12:27:54.241154+09:00
Watermark Score,,,failed,False,2026-08-19T13:42:19.343176+09:00
Watermark Sheet,50.0,0.0,success,False,2026-08-19T13:41:59.783078+09:00
Watermark Signal,,,failed,False,2026-08-19T12:27:49.196174+09:00
Watermark Signature,320.0,6.0,success,False,2026-08-23T13:28:13.588297+09:00
Watermark Stake,,,failed,False,2026-08-23T02:57:32.152196+09:00
Watermark Stamp,1000.0,6.0,success,False,2026-08-23T13:28:13.588297+09:00
Watermark Statement,,,failed,False,2026-08-21T00:31:26.827984+09:00
Watermark Station,,,failed,False,2026-08-19T12:23:56.615526+09:00
Watermark Status,10.0,0.0,success,False,2026-08-19T20:38:30.453873+09:00
Watermark Studio,90.0,6.0,success,False,2026-08-19T12:23:48.028309+09:00
Watermark Sum,,,failed,False,2026-08-21T02:27:53.442278+09:00
Watermark Summary,,,failed,False,2026-08-19T21:08:21.181421+09:00
Watermark Table,210.0,3.0,success,False,2026-08-19T21:54:10.446339+09:00
Watermark Tag,10.0,0.0,success,False,2026-08-19T13:20:54.330811+09:00
Watermark Tally,,,failed,False,2026-08-21T00:31:34.132172+09:00
Watermark Tariff,,,failed,False,2026-08-21T02:43:35.121601+09:00
Watermark Tax,10.0,0.0,success,False,2026-08-21T02:12:23.232619+09:00
Watermark Ticket,,,failed,False,2026-08-19T21:09:22.382807+09:00
Watermark Timeline,,,failed,False,2026-08-19T21:08:33.836263+09:00
Watermark Toll,,,failed,False,2026-08-21T02:43:28.304823+09:00
Watermark Toolbox,,,failed,False,2026-08-28T00:21:51.591333+09:00
Watermark Tracker,10.0,3.0,success,False,2026-08-19T12:27:18.963883+09:00
Watermark Trail,,,failed,False,2026-08-19T12:24:52.766988+09:00
Watermark Trial,,,failed,False,2026-08-27T21:19:58.870068+09:00
Watermark Unit,,,failed,False,2026-08-21T01:56:38.086153+09:00
Watermark Update,,,failed,False,2026-08-19T20:39:26.869721+09:00
Watermark Value,,,failed,False,2026-08-23T02:57:30.156609+09:00
Watermark Vault,,,failed,False,2026-08-19T12:27:36.694411+09:00
Watermark Version,140.0,0.0,success,False,2026-08-23T03:22:48.132111+09:00
Watermark View,,,failed,False,2026-08-19T20:38:39.383467+09:00
Watermark Voucher,,,failed,False,2026-08-21T00:31:07.825329+09:00
Watermark Watch,10.0,0.0,success,False,2026-08-19T12:27:54.241154+09:00
Watermark Wave,,,failed,False,2026-08-19T12:22:54.076804+09:00
Watermark Widget,,,failed,False,2026-08-27T23:10:14.890839+09:00
Watermark Worksheet,,,failed,False,2026-08-27T22:15:52.757907+09:00
Watermark Workshop,,,failed,False,2026-08-28T00:21:45.963780+09:00
Watermark Zone,,,failed,False,2026-08-19T12:24:09.089995+09:00
Wellness Advance,50.0,21.0,success,False,2026-08-23T16:15:57.304809+09:00
Wellness Advisory,10.0,14.0,success,False,2026-08-21T01:07:17.420617+09:00
Wellness Allowance,260.0,6.0,success,False,2026-08-21T02:38:54.796216+09:00
Wellness Almanac,20.0,54.0,success,False,2026-08-18T22:08:38.388583+09:00
Wellness Analyzer,110.0,37.0,success,False,2026-08-27T23:51:15.530091+09:00
Wellness Anchor,,,failed,False,2026-08-17T23:06:37.704524+09:00
Wellness Announcement,,,failed,False,2026-08-27T23:31:14.136748+09:00
Wellness Arrears,,,failed,False,2026-08-23T16:15:54.401659+09:00
Wellness Assistant,320.0,5.0,success,False,2026-08-17T23:07:23.914294+09:00
Wellness Atlas,590.0,1.0,success,False,2026-08-17T23:11:03.494377+09:00
Wellness Attribute,,,failed,False,2026-08-23T13:07:10.531607+09:00
Wellness Badge,,,failed,False,2026-08-21T00:32:28.890378+09:00
Wellness Balance,5400.0,8.0,success,False,2026-08-23T13:47:31.255092+09:00
Wellness Base,480.0,2.0,success,False,2026-08-17T23:06:14.261884+09:00
Wellness Beacon,,,failed,False,2026-08-17T23:04:46.904606+09:00
Wellness Bill,30.0,1.0,success,False,2026-08-19T21:49:14.059786+09:00
Wellness Blueprint,1000.0,6.0,success,False,2026-08-18T22:08:32.701996+09:00
Wellness Board,140.0,17.0,success,False,2026-08-17T23:29:07.663083+09:00
Wellness Book,5400.0,93.0,success,False,2026-08-19T21:50:09.573666+09:00
Wellness Bridge,90.0,1.0,success,False,2026-08-17T23:26:46.063928+09:00
Wellness Brief,320.0,100.0,success,False,2026-08-21T01:07:07.368570+09:00
Wellness Bulletin,10.0,0.0,success,False,2026-08-21T01:07:02.843245+09:00
Wellness Calculator,30.0,2.0,success,False,2026-08-27T23:31:16.874593+09:00
Wellness Calendar,880.0,8.0,success,False,2026-08-19T00:04:42.603293+09:00
Wellness Card,2900.0,78.0,success,False,2026-08-19T13:24:58.997710+09:00
Wellness Cascade,1600.0,71.0,success,False,2026-08-17T23:11:59.928630+09:00
Wellness Cash,,,failed,False,2026-08-21T02:22:10.235863+09:00
Wellness Cashback,,,failed,False,2026-08-27T21:12:46.088803+09:00
Wellness Catalog,50.0,26.0,success,False,2026-08-19T21:10:16.662476+09:00
Wellness Category,390.0,1.0,success,False,2026-08-23T13:07:07.950459+09:00
Wellness Center,165000.0,11.0,success,False,2026-08-17T23:29:58.873666+09:00
Wellness Chain,20.0,4.0,success,False,2026-08-17T23:23:39.258674+09:00
Wellness Charge,70.0,0.0,success,False,2026-08-21T02:38:43.386978+09:00
Wellness Check,14800.0,1.0,success,False,2026-08-19T13:25:14.797860+09:00
Wellness Checker,14800.0,1.0,success,False,2026-08-27T23:51:10.379112+09:00
Wellness Checklist,140.0,58.0,success,False,2026-08-19T21:09:10.178555+09:00
Wellness Circular,,,failed,False,2026-08-21T01:07:11.720033+09:00
Wellness Cockpit,,,failed,False,2026-08-17T23:23:36.709980+09:00
Wellness Code,2400.0,3.0,success,False,2026-08-19T21:49:35.357194+09:00
Wellness Codex,,,failed,False,2026-08-18T22:08:57.073323+09:00
Wellness Companion,70.0,1.0,success,False,2026-08-17T23:05:09.501218+09:00
Wellness Comparison,10.0,0.0,success,False,2026-08-28T01:02:34.403760+09:00
Wellness Compass,170.0,0.0,success,False,2026-08-17T23:26:18.163850+09:00
Wellness Compendium,,,failed,False,2026-08-18T22:08:48.035720+09:00
Wellness Confirmation,,,failed,False,2026-08-21T01:07:26.518810+09:00
Wellness Console,,,failed,False,2026-08-17T23:11:21.548397+09:00
Wellness Contribution,10.0,1.0,success,False,2026-08-23T16:15:54.401659+09:00
Wellness Copayment,,,failed,False,2026-08-23T16:39:47.689837+09:00
Wellness Core,8100.0,100.0,success,False,2026-08-17T23:28:48.980231+09:00
Wellness Cost,10.0,4.0,success,False,2026-08-21T02:06:22.333595+09:00
Wellness Counter,720.0,3.0,success,False,2026-08-18T23:57:26.188855+09:00
Wellness Coupon,210.0,47.0,success,False,2026-08-26T22:29:34.366294+09:00
Wellness Dashboard,90.0,3.0,success,False,2026-08-17T23:10:43.579186+09:00
Wellness Deal,1300.0,100.0,success,False,2026-08-21T01:59:10.014934+09:00
Wellness Debt,,,failed,False,2026-08-21T02:21:59.749711+09:00
Wellness Deck,70.0,7.0,success,False,2026-08-17T23:08:02.086738+09:00
Wellness Depot,50.0,1.0,success,False,2026-08-18T23:57:00.632523+09:00
Wellness Desk,30.0,18.0,success,False,2026-08-17T23:25:50.019139+09:00
Wellness Detail,,,failed,False,2026-08-23T03:18:48.364198+09:00
Wellness Detector,,,failed,False,2026-08-27T23:51:15.530091+09:00
Wellness Dial,,,failed,False,2026-08-17T23:05:55.492568+09:00
Wellness Digest,40.0,8.0,success,False,2026-08-19T20:37:40.051699+09:00
Wellness Directory,90.0,4.0,success,False,2026-08-19T00:04:47.180412+09:00
Wellness Discount,170.0,23.0,success,False,2026-08-23T16:15:47.536999+09:00
Wellness Dock,,,failed,False,2026-08-17T23:07:41.199314+09:00
Wellness Dossier,,,failed,False,2026-08-21T01:07:31.229292+09:00
Wellness Draft,,,failed,False,2026-08-19T20:37:54.785730+09:00
Wellness Due,,,failed,False,2026-08-23T15:52:22.475978+09:00
Wellness Duty,,,failed,False,2026-08-21T02:38:45.456500+09:00
Wellness Engine,,,failed,False,2026-08-17T23:25:33.384672+09:00
Wellness Entry,,,failed,False,2026-08-21T01:07:43.373010+09:00
Wellness Estimate,,,failed,False,2026-08-19T21:10:05.581791+09:00
Wellness Estimator,,,failed,False,2026-08-27T23:51:07.494975+09:00
Wellness Excerpt,,,failed,False,2026-08-21T01:07:39.342209+09:00
Wellness Extension,40.0,18.0,success,False,2026-08-23T16:39:50.503833+09:00
Wellness Fare,,,failed,False,2026-08-21T02:06:32.230213+09:00
Wellness Fee,170.0,4.0,success,False,2026-08-21T01:58:57.371926+09:00
Wellness Feed,10.0,11.0,success,False,2026-08-19T20:37:47.819235+09:00
Wellness File,,,failed,False,2026-08-19T20:45:35.048925+09:00
Wellness Finder,30.0,13.0,success,False,2026-08-19T00:05:01.988375+09:00
Wellness Fine,,,failed,False,2026-08-23T02:54:28.936816+09:00
Wellness Flag,10.0,0.0,success,False,2026-08-21T00:33:05.849456+09:00
Wellness Flow,170.0,4.0,success,False,2026-08-17T23:13:59.220189+09:00
Wellness Forge,10.0,2.0,success,False,2026-08-17T23:26:31.743192+09:00
Wellness Form,140.0,1.0,success,False,2026-08-19T13:24:49.306222+09:00
Wellness Frame,10.0,0.0,success,False,2026-08-17T23:28:30.057187+09:00
Wellness Fund,720.0,1.0,success,False,2026-08-21T02:22:03.460496+09:00
Wellness Gate,170.0,1.0,success,False,2026-08-17T23:03:45.434649+09:00
Wellness Generator,,,failed,False,2026-08-27T23:31:21.274329+09:00
Wellness Giveaway,110.0,100.0,success,False,2026-08-27T21:12:59.208111+09:00
Wellness Grade,,,failed,False,2026-08-21T00:32:50.317142+09:00
Wellness Graph,260.0,18.0,success,False,2026-08-27T22:06:55.016444+09:00
Wellness Grid,,,failed,False,2026-08-17T23:27:32.625137+09:00
Wellness Guarantee,,,failed,False,2026-08-28T01:02:37.016845+09:00
Wellness Guard,20.0,50.0,success,False,2026-08-17T23:24:32.888927+09:00
Wellness Guardian,20.0,0.0,success,False,2026-08-28T00:21:32.683664+09:00
Wellness Guidebook,,,failed,False,2026-08-18T22:08:15.553962+09:00
Wellness Helpdesk,,,failed,False,2026-08-27T22:46:02.765409+09:00
Wellness Helper,,,failed,False,2026-08-28T00:21:38.214311+09:00
Wellness History,90.0,0.0,success,False,2026-08-19T20:45:29.456295+09:00
Wellness Hotline,40.0,47.0,success,False,2026-08-19T21:10:24.800768+09:00
Wellness Hub,12100.0,13.0,success,False,2026-08-17T23:25:24.044948+09:00
Wellness Identifier,,,failed,False,2026-08-23T13:07:07.950459+09:00
Wellness Incentive,720.0,17.0,success,False,2026-08-27T21:12:56.642443+09:00
Wellness Index,110.0,0.0,success,False,2026-08-19T21:09:24.314607+09:00
Wellness Insight,390.0,3.0,success,False,2026-08-17T23:26:20.273293+09:00
Wellness Installment,,,failed,False,2026-08-23T16:15:50.711564+09:00
Wellness Item,590.0,100.0,success,False,2026-08-21T01:59:01.512881+09:00
Wellness Journal,6600.0,100.0,success,False,2026-08-18T22:08:00.506560+09:00
Wellness Keeper,70.0,87.0,success,False,2026-08-17T23:05:30.117127+09:00
Wellness Kit,4400.0,100.0,success,False,2026-08-27T22:45:55.749339+09:00
Wellness Lab,6600.0,25.0,success,False,2026-08-17T23:03:51.188489+09:00
Wellness Label,,,failed,False,2026-08-27T22:06:58.606007+09:00
Wellness Ledger,10.0,0.0,success,False,2026-08-17T23:13:17.884356+09:00
Wellness Lens,10.0,7.0,success,False,2026-08-17T23:11:40.322748+09:00
Wellness Level,90.0,1.0,success,False,2026-08-19T20:45:40.802029+09:00
Wellness Link,70.0,4.0,success,False,2026-08-23T03:18:41.681571+09:00
Wellness List,50.0,1.0,success,False,2026-08-19T21:49:45.321625+09:00
Wellness Loan,10.0,56.0,success,False,2026-08-21T02:06:44.237427+09:00
Wellness Locator,,,failed,False,2026-08-19T00:04:54.234777+09:00
Wellness Lock,,,failed,False,2026-08-17T23:04:23.573644+09:00
Wellness Log,70.0,53.0,success,False,2026-08-19T13:24:25.669672+09:00
Wellness Loop,90.0,1.0,success,False,2026-08-17T23:08:23.954708+09:00
Wellness Manager,480.0,6.0,success,False,2026-08-17T23:24:58.944526+09:00
Wellness Manual,10.0,0.0,success,False,2026-08-27T22:06:58.606007+09:00
Wellness Map,260.0,3.0,success,False,2026-08-17T23:28:11.546877+09:00
Wellness Marker,,,failed,False,2026-08-23T13:27:48.876436+09:00
Wellness Markup,,,failed,False,2026-08-23T16:39:45.505448+09:00
Wellness Memo,,,failed,False,2026-08-21T00:32:54.976982+09:00
Wellness Message,260.0,9.0,success,False,2026-08-27T23:11:28.090319+09:00
Wellness Meter,40.0,6.0,success,False,2026-08-17T23:30:43.619577+09:00
Wellness Metrics,30.0,1.0,success,False,2026-08-17T22:50:34.703098+09:00
Wellness Monitor,110.0,54.0,success,False,2026-08-17T23:09:02.276027+09:00
Wellness Navigator,90.0,2.0,success,False,2026-08-17T23:23:52.832374+09:00
Wellness Nexus,50.0,4.0,success,False,2026-08-17T23:24:15.710246+09:00
Wellness Node,590.0,2.0,success,False,2026-08-17T23:23:57.574570+09:00
Wellness Note,90.0,5.0,success,False,2026-08-19T13:25:55.543115+09:00
Wellness Notification,,,failed,False,2026-08-27T22:45:51.425899+09:00
Wellness Number,50.0,10.0,success,False,2026-08-23T03:18:33.193002+09:00
Wellness Office,480.0,8.0,success,False,2026-08-18T23:57:15.984121+09:00
Wellness Ops,,,failed,False,2026-08-17T23:12:18.901964+09:00
Wellness Order,20.0,66.0,success,False,2026-08-19T21:49:01.029648+09:00
Wellness Organizer,,,failed,False,2026-08-17T23:26:06.305227+09:00
Wellness Overdue,,,failed,False,2026-08-27T21:45:56.763524+09:00
Wellness Panel,170.0,46.0,success,False,2026-08-17T23:30:28.172183+09:00
Wellness Pass,2400.0,41.0,success,False,2026-08-21T00:32:15.885792+09:00
Wellness Path,590.0,2.0,success,False,2026-08-17T23:10:04.608173+09:00
Wellness Penalty,,,failed,False,2026-08-23T16:39:45.505448+09:00
Wellness Petition,,,failed,False,2026-08-21T01:07:21.862187+09:00
Wellness Pilot,10.0,0.0,success,False,2026-08-17T23:08:44.294677+09:00
Wellness Plan,4400.0,52.0,success,False,2026-08-21T01:59:11.823228+09:00
Wellness Planner,4400.0,52.0,success,False,2026-08-17T23:25:51.814430+09:00
Wellness Playbook,,,failed,False,2026-08-18T22:07:51.533580+09:00
Wellness Point,3600.0,75.0,success,False,2026-08-17T23:27:58.060156+09:00
Wellness Portal,1300.0,2.0,success,False,2026-08-17T23:30:12.792820+09:00
Wellness Preview,10.0,,success,False,2026-08-28T01:02:34.403760+09:00
Wellness Profile,140.0,8.0,success,False,2026-08-19T13:26:15.412219+09:00
Wellness Profit,,,failed,False,2026-08-23T02:54:17.672874+09:00
Wellness Proposal,20.0,9.0,success,False,2026-08-28T01:02:37.016845+09:00
Wellness Pulse,320.0,17.0,success,False,2026-08-17T23:04:12.037031+09:00
Wellness Queue,,,failed,False,2026-08-19T21:09:48.311531+09:00
Wellness Quota,,,failed,False,2026-08-21T00:33:01.322590+09:00
Wellness Radar,50.0,5.0,success,False,2026-08-17T23:04:27.580981+09:00
Wellness Rail,,,failed,False,2026-08-17T23:31:21.435106+09:00
Wellness Rate,,,failed,False,2026-08-19T20:37:18.555970+09:00
Wellness Recap,,,failed,False,2026-08-21T01:07:33.646226+09:00
Wellness Receipt,10.0,0.0,success,False,2026-08-19T21:49:23.695269+09:00
Wellness Recorder,,,failed,False,2026-08-27T23:31:24.795366+09:00
Wellness Redemption,,,failed,False,2026-08-23T16:39:47.689837+09:00
Wellness Register,50.0,2.0,success,False,2026-08-17T23:24:12.955458+09:00
Wellness Registry,,,failed,False,2026-08-18T22:08:23.655372+09:00
Wellness Relay,,,failed,False,2026-08-17T23:26:04.596222+09:00
Wellness Reminder,70.0,19.0,success,False,2026-08-19T21:08:58.951614+09:00
Wellness Report,170.0,3.0,success,False,2026-08-19T13:24:17.578330+09:00
Wellness Repository,,,failed,False,2026-08-27T23:11:39.748613+09:00
Wellness Roadmap,20.0,0.0,success,False,2026-08-18T22:09:05.854990+09:00
Wellness Route,30.0,5.0,success,False,2026-08-17T23:30:56.654699+09:00
Wellness Rule,,,failed,False,2026-08-23T03:18:44.540602+09:00
Wellness Sale,140.0,58.0,success,False,2026-08-21T02:22:13.751196+09:00
Wellness Sample,,,failed,False,2026-08-19T21:50:33.278837+09:00
Wellness Scale,320.0,61.0,success,False,2026-08-17T23:12:59.903146+09:00
Wellness Scheduler,70.0,1.0,success,False,2026-08-17T23:14:16.588426+09:00
Wellness Scope,10.0,0.0,success,False,2026-08-17T23:27:17.370245+09:00
Wellness Score,170.0,2.0,success,False,2026-08-19T13:25:47.267780+09:00
Wellness Sentry,,,failed,False,2026-08-17T23:24:36.078713+09:00
Wellness Sheet,70.0,66.0,success,False,2026-08-19T13:25:04.340704+09:00
Wellness Shortfall,,,failed,False,2026-08-27T21:46:01.626926+09:00
Wellness Signal,,,failed,False,2026-08-17T23:27:00.420532+09:00
Wellness Slip,,,failed,False,2026-08-19T21:50:21.596797+09:00
Wellness Slot,10.0,0.0,success,False,2026-08-19T21:50:46.269760+09:00
Wellness Snapshot,,,failed,False,2026-08-18T22:08:09.141836+09:00
Wellness Stake,,,failed,False,2026-08-23T02:54:23.224881+09:00
Wellness Statement,40.0,13.0,success,False,2026-08-21T00:32:40.998784+09:00
Wellness Station,720.0,2.0,success,False,2026-08-17T23:29:41.239949+09:00
Wellness Status,30.0,0.0,success,False,2026-08-19T20:45:12.440392+09:00
Wellness Stipend,320.0,11.0,success,False,2026-08-23T13:47:35.441000+09:00
Wellness Streak,,,failed,False,2026-08-28T00:45:59.297593+09:00
Wellness Stub,,,failed,False,2026-08-21T00:32:34.737926+09:00
Wellness Studio,8100.0,10.0,success,False,2026-08-17T23:29:25.330773+09:00
Wellness Subsidy,50.0,4.0,success,False,2026-08-23T15:52:22.475978+09:00
Wellness Suite,4400.0,52.0,success,False,2026-08-17T23:12:34.850967+09:00
Wellness Sum,,,failed,False,2026-08-21T02:21:55.234205+09:00
Wellness Summary,10.0,0.0,success,False,2026-08-19T21:08:35.799168+09:00
Wellness Sync,10.0,0.0,success,False,2026-08-17T23:24:54.415182+09:00
Wellness Tab,720.0,92.0,success,False,2026-08-21T00:33:10.095062+09:00
Wellness Table,50.0,19.0,success,False,2026-08-19T21:49:58.938963+09:00
Wellness Tag,1300.0,99.0,success,False,2026-08-19T13:26:07.690748+09:00
Wellness Tally,,,failed,False,2026-08-21T00:32:45.504063+09:00
Wellness Tariff,,,failed,False,2026-08-21T02:38:57.143403+09:00
Wellness Tax,20.0,0.0,success,False,2026-08-21T02:06:36.583403+09:00
Wellness Ticket,50.0,53.0,success,False,2026-08-19T21:09:36.551386+09:00
Wellness Tier,,,failed,False,2026-08-28T00:45:59.297593+09:00
Wellness Timeline,10.0,0.0,success,False,2026-08-19T21:08:46.825044+09:00
Wellness Timer,,,failed,False,2026-08-28T00:21:27.462723+09:00
Wellness Toll,,,failed,False,2026-08-21T02:38:47.806400+09:00
Wellness Toolbox,210.0,2.0,success,False,2026-08-28T00:21:35.352628+09:00
Wellness Toolkit,90.0,10.0,success,False,2026-08-18T22:07:45.209206+09:00
Wellness Total,30.0,19.0,success,False,2026-08-27T23:11:31.507435+09:00
Wellness Tracker,1000.0,76.0,success,False,2026-08-17T23:06:59.361333+09:00
Wellness Trail,70.0,1.0,success,False,2026-08-17T22:51:27.768654+09:00
Wellness Trend,2900.0,5.0,success,False,2026-08-28T01:02:31.716235+09:00
Wellness Trial,,,failed,False,2026-08-27T21:12:51.148194+09:00
Wellness Unit,110.0,29.0,success,False,2026-08-21T01:59:06.761411+09:00
Wellness Update,40.0,4.0,success,False,2026-08-19T20:37:31.186118+09:00
Wellness Value,30.0,1.0,success,False,2026-08-23T02:54:19.843201+09:00
Wellness Vault,480.0,1.0,success,False,2026-08-17T23:10:24.973922+09:00
Wellness Version,,,failed,False,2026-08-23T03:18:36.305827+09:00
Wellness View,,,failed,False,2026-08-19T20:45:18.016255+09:00
Wellness Voucher,720.0,100.0,success,False,2026-08-21T00:32:20.380964+09:00
Wellness Wallet,170.0,1.0,success,False,2026-08-27T22:45:55.749339+09:00
Wellness Watch,720.0,49.0,success,False,2026-08-17T23:13:36.575210+09:00
Wellness Wave,3600.0,2.0,success,False,2026-08-17T23:27:45.087946+09:00
Wellness Widget,,,failed,False,2026-08-27T23:11:31.507435+09:00
Wellness Workbench,,,failed,False,2026-08-18T22:07:36.107745+09:00
Wellness Worksheet,260.0,45.0,success,False,2026-08-27T22:07:05.837486+09:00
Wellness Workshop,1000.0,6.0,success,False,2026-08-28T00:21:30.022858+09:00
Wellness Zone,2900.0,4.0,success,False,2026-08-17T23:04:07.422993+09:00
Winterization Advance,,,failed,False,2026-08-23T16:13:20.971458+09:00
Winterization Advisory,,,failed,False,2026-08-21T01:02:03.687665+09:00
Winterization Alert,,,failed,False,2026-08-19T21:32:13.666054+09:00
Winterization Allowance,,,failed,False,2026-08-21T02:42:16.992307+09:00
Winterization Analyzer,,,failed,False,2026-08-27T23:58:55.210944+09:00
Winterization Announcement,,,failed,False,2026-08-27T23:36:23.122509+09:00
Winterization Arrears,,,failed,False,2026-08-23T16:13:18.611192+09:00
Winterization Assistant,,,failed,False,2026-08-19T21:19:35.712806+09:00
Winterization Atlas,,,failed,False,2026-08-19T21:18:46.381283+09:00
Winterization Attribute,,,failed,False,2026-08-23T13:09:53.012547+09:00
Winterization Badge,,,failed,False,2026-08-21T00:36:02.867452+09:00
Winterization Base,,,failed,False,2026-08-19T21:14:42.578262+09:00
Winterization Bay,,,failed,False,2026-08-19T21:31:03.580111+09:00
Winterization Beacon,,,failed,False,2026-08-19T21:12:07.891173+09:00
Winterization Bill,,,failed,False,2026-08-19T21:56:18.827565+09:00
Winterization Bin,,,failed,False,2026-08-19T21:03:30.036000+09:00
Winterization Board,,,failed,False,2026-08-19T21:15:20.790094+09:00
Winterization Book,,,failed,False,2026-08-19T21:57:11.207151+09:00
Winterization Booth,,,failed,False,2026-08-19T21:30:39.077841+09:00
Winterization Bridge,,,failed,False,2026-08-19T21:12:41.804289+09:00
Winterization Brief,,,failed,False,2026-08-21T00:59:48.261603+09:00
Winterization Bulletin,,,failed,False,2026-08-21T00:59:43.831495+09:00
Winterization Calculator,,,failed,False,2026-08-27T23:36:23.122509+09:00
Winterization Calendar,,,failed,False,2026-08-19T21:29:49.422411+09:00
Winterization Card,,,failed,False,2026-08-19T21:05:37.228592+09:00
Winterization Cascade,,,failed,False,2026-08-19T21:12:31.857265+09:00
Winterization Cash,,,failed,False,2026-08-21T02:25:44.046093+09:00
Winterization Cashback,,,failed,False,2026-08-27T21:16:23.936714+09:00
Winterization Catalog,,,failed,False,2026-08-19T21:10:20.581807+09:00
Winterization Category,,,failed,False,2026-08-23T13:09:46.403136+09:00
Winterization Center,,,failed,False,2026-08-19T21:16:25.825046+09:00
Winterization Charge,,,failed,False,2026-08-21T02:42:09.091272+09:00
Winterization Chart,,,failed,False,2026-08-19T21:32:21.399233+09:00
Winterization Check,,,failed,False,2026-08-19T21:06:04.880535+09:00
Winterization Checker,,,failed,False,2026-08-27T23:58:48.183628+09:00
Winterization Checklist,210.0,1.0,success,False,2026-08-19T21:09:15.467375+09:00
Winterization Circular,,,failed,False,2026-08-21T01:02:50.394287+09:00
Winterization Code,,,failed,False,2026-08-19T21:56:40.008866+09:00
Winterization Companion,,,failed,False,2026-08-19T21:29:05.227189+09:00
Winterization Comparison,,,failed,False,2026-08-28T01:01:48.581211+09:00
Winterization Compass,,,failed,False,2026-08-19T21:11:58.211530+09:00
Winterization Confirmation,,,failed,False,2026-08-21T01:00:01.570868+09:00
Winterization Console,,,failed,False,2026-08-19T21:17:05.944580+09:00
Winterization Contribution,,,failed,False,2026-08-23T16:13:18.611192+09:00
Winterization Core,,,failed,False,2026-08-19T21:14:53.889746+09:00
Winterization Cost,50.0,1.0,success,False,2026-08-21T02:08:56.102085+09:00
Winterization Count,,,failed,False,2026-08-27T22:49:32.762391+09:00
Winterization Counter,,,failed,False,2026-08-19T21:30:24.987558+09:00
Winterization Coupon,,,failed,False,2026-08-27T21:16:21.669078+09:00
Winterization Deal,,,failed,False,2026-08-21T01:51:47.599222+09:00
Winterization Debt,,,failed,False,2026-08-21T02:25:35.476201+09:00
Winterization Deck,,,failed,False,2026-08-19T21:15:31.407245+09:00
Winterization Desk,,,failed,False,2026-08-19T21:11:12.970448+09:00
Winterization Detail,,,failed,False,2026-08-23T03:23:04.042146+09:00
Winterization Detector,,,failed,False,2026-08-27T23:58:52.704840+09:00
Winterization Diagram,,,failed,False,2026-08-27T22:11:14.702550+09:00
Winterization Digest,,,failed,False,2026-08-19T21:08:07.894185+09:00
Winterization Directory,,,failed,False,2026-08-19T21:29:55.661249+09:00
Winterization Discount,,,failed,False,2026-08-23T16:13:10.832744+09:00
Winterization Dossier,,,failed,False,2026-08-21T01:00:07.021185+09:00
Winterization Downpayment,,,failed,False,2026-08-27T21:47:37.465636+09:00
Winterization Draft,,,failed,False,2026-08-19T21:08:27.297609+09:00
Winterization Due,,,failed,False,2026-08-23T15:51:09.680113+09:00
Winterization Duty,,,failed,False,2026-08-21T02:42:11.511377+09:00
Winterization Engine,,,failed,False,2026-08-19T21:19:23.397844+09:00
Winterization Entry,,,failed,False,2026-08-21T01:00:22.728561+09:00
Winterization Estimate,,,failed,False,2026-08-19T21:10:07.849360+09:00
Winterization Estimator,,,failed,False,2026-08-27T23:58:45.722079+09:00
Winterization Excerpt,,,failed,False,2026-08-21T01:02:12.129826+09:00
Winterization Extension,,,failed,False,2026-08-23T16:38:33.746405+09:00
Winterization Fare,,,failed,False,2026-08-21T02:09:05.168889+09:00
Winterization Fee,170.0,3.0,success,False,2026-08-21T01:51:32.906314+09:00
Winterization Feed,,,failed,False,2026-08-19T21:08:17.191236+09:00
Winterization Field,,,failed,False,2026-08-23T13:09:55.014275+09:00
Winterization File,,,failed,False,2026-08-19T21:07:27.526395+09:00
Winterization Finder,,,failed,False,2026-08-19T21:30:10.428031+09:00
Winterization Fine,,,failed,False,2026-08-23T02:57:10.108047+09:00
Winterization Flag,,,failed,False,2026-08-21T00:36:35.821010+09:00
Winterization Flow,,,failed,False,2026-08-19T21:10:51.939321+09:00
Winterization Forge,,,failed,False,2026-08-19T21:12:22.393942+09:00
Winterization Form,10.0,,success,False,2026-08-19T21:05:26.715187+09:00
Winterization Format,,,failed,False,2026-08-23T13:09:58.883939+09:00
Winterization Frame,,,failed,False,2026-08-19T21:14:31.473745+09:00
Winterization Fund,,,failed,False,2026-08-21T02:25:39.755040+09:00
Winterization Gate,,,failed,False,2026-08-19T21:18:22.582804+09:00
Winterization Giveaway,,,failed,False,2026-08-27T21:16:28.518091+09:00
Winterization Grade,,,failed,False,2026-08-21T00:36:21.244854+09:00
Winterization Graph,,,failed,False,2026-08-27T22:11:05.293773+09:00
Winterization Grid,,,failed,False,2026-08-19T21:13:38.700903+09:00
Winterization Guarantee,,,failed,False,2026-08-28T01:01:55.633503+09:00
Winterization Guardian,,,failed,False,2026-08-28T00:27:27.697084+09:00
Winterization Harbor,,,failed,False,2026-08-19T21:31:33.933839+09:00
Winterization Helper,,,failed,False,2026-08-28T00:27:35.071119+09:00
Winterization History,,,failed,False,2026-08-19T21:07:18.151537+09:00
Winterization Hotline,,,failed,False,2026-08-19T21:10:29.402308+09:00
Winterization Hub,,,failed,False,2026-08-19T21:11:04.489546+09:00
Winterization Identifier,,,failed,False,2026-08-23T13:09:44.174186+09:00
Winterization Inbox,,,failed,False,2026-08-19T21:32:06.209951+09:00
Winterization Incentive,,,failed,False,2026-08-27T21:16:26.164499+09:00
Winterization Index,,,failed,False,2026-08-19T21:09:27.813218+09:00
Winterization Installment,,,failed,False,2026-08-23T16:13:14.533515+09:00
Winterization Item,,,failed,False,2026-08-21T01:51:35.759053+09:00
Winterization Journal,,,failed,False,2026-08-19T21:29:34.148902+09:00
Winterization Keeper,,,failed,False,2026-08-19T21:19:00.035786+09:00
Winterization Kiosk,,,failed,False,2026-08-19T21:30:45.595196+09:00
Winterization Kit,880.0,44.0,success,False,2026-08-27T22:49:29.573658+09:00
Winterization Lab,,,failed,False,2026-08-19T21:15:52.181697+09:00
Winterization Label,,,failed,False,2026-08-27T22:11:07.504968+09:00
Winterization Ledger,,,failed,False,2026-08-19T21:15:09.209545+09:00
Winterization Level,,,failed,False,2026-08-19T21:07:36.739108+09:00
Winterization Line,,,failed,False,2026-08-19T21:04:22.708628+09:00
Winterization Link,,,failed,False,2026-08-23T03:22:56.392022+09:00
Winterization List,,,failed,False,2026-08-19T21:56:53.361235+09:00
Winterization Loan,,,failed,False,2026-08-21T02:09:12.482274+09:00
Winterization Lobby,,,failed,False,2026-08-19T21:03:58.078741+09:00
Winterization Locker,,,failed,False,2026-08-19T21:30:31.013934+09:00
Winterization Log,,,failed,False,2026-08-19T21:05:12.493876+09:00
Winterization Loop,,,failed,False,2026-08-19T21:13:28.219579+09:00
Winterization Manager,,,failed,False,2026-08-19T21:19:11.883317+09:00
Winterization Manual,,,failed,False,2026-08-27T22:11:07.504968+09:00
Winterization Map,,,failed,False,2026-08-19T21:14:21.531663+09:00
Winterization Margin,,,failed,False,2026-08-23T02:57:06.282457+09:00
Winterization Markup,,,failed,False,2026-08-23T16:38:29.056767+09:00
Winterization Memo,,,failed,False,2026-08-21T00:36:26.230021+09:00
Winterization Message,,,failed,False,2026-08-27T23:15:13.027326+09:00
Winterization Monitor,,,failed,False,2026-08-19T21:20:10.804990+09:00
Winterization Nexus,,,failed,False,2026-08-19T21:18:34.619237+09:00
Winterization Note,,,failed,False,2026-08-19T21:06:27.741536+09:00
Winterization Notification,,,failed,False,2026-08-27T22:49:29.573658+09:00
Winterization Number,,,failed,False,2026-08-23T03:22:48.132111+09:00
Winterization Office,,,failed,False,2026-08-19T21:30:16.349132+09:00
Winterization Ops,,,failed,False,2026-08-19T21:29:19.590151+09:00
Winterization Order,,,failed,False,2026-08-19T21:56:05.092972+09:00
Winterization Outpost,,,failed,False,2026-08-19T21:31:17.357360+09:00
Winterization Overage,,,failed,False,2026-08-27T21:47:35.080437+09:00
Winterization Overdraft,,,failed,False,2026-08-23T15:51:11.788135+09:00
Winterization Overdue,,,failed,False,2026-08-27T21:47:29.918815+09:00
Winterization Panel,,,failed,False,2026-08-19T21:17:15.430061+09:00
Winterization Pass,,,failed,False,2026-08-21T00:35:54.809657+09:00
Winterization Passport,,,failed,False,2026-08-19T21:03:45.298500+09:00
Winterization Path,,,failed,False,2026-08-19T21:14:01.404689+09:00
Winterization Payoff,,,failed,False,2026-08-27T21:47:32.265892+09:00
Winterization Penalty,,,failed,False,2026-08-23T16:38:29.056767+09:00
Winterization Petition,,,failed,False,2026-08-21T00:59:58.992040+09:00
Winterization Plan,10.0,0.0,success,False,2026-08-21T01:51:43.156382+09:00
Winterization Playbook,,,failed,False,2026-08-19T21:29:26.779055+09:00
Winterization Plaza,,,failed,False,2026-08-19T21:31:25.099741+09:00
Winterization Point,,,failed,False,2026-08-19T21:14:11.257032+09:00
Winterization Portal,,,failed,False,2026-08-19T21:16:50.838174+09:00
Winterization Post,,,failed,False,2026-08-19T21:31:09.123245+09:00
Winterization Preview,,,failed,False,2026-08-28T01:01:48.581211+09:00
Winterization Profile,,,failed,False,2026-08-19T21:06:44.412093+09:00
Winterization Profit,,,failed,False,2026-08-23T02:56:59.964563+09:00
Winterization Proposal,,,failed,False,2026-08-28T01:01:51.337076+09:00
Winterization Queue,,,failed,False,2026-08-19T21:09:52.138956+09:00
Winterization Quota,,,failed,False,2026-08-21T00:36:30.694005+09:00
Winterization Radar,,,failed,False,2026-08-19T21:11:23.723554+09:00
Winterization Rate,,,failed,False,2026-08-19T21:07:47.829296+09:00
Winterization Recap,,,failed,False,2026-08-21T01:00:11.561504+09:00
Winterization Receipt,,,failed,False,2026-08-19T21:56:27.780319+09:00
Winterization Recorder,,,failed,False,2026-08-27T23:36:25.651250+09:00
Winterization Registry,,,failed,False,2026-08-19T21:29:40.498335+09:00
Winterization Relay,,,failed,False,2026-08-19T21:11:34.990271+09:00
Winterization Reminder,,,failed,False,2026-08-19T21:09:02.600791+09:00
Winterization Report,,,failed,False,2026-08-19T21:05:02.074506+09:00
Winterization Repository,,,failed,False,2026-08-27T23:15:18.585578+09:00
Winterization Result,,,failed,False,2026-08-28T00:49:13.140044+09:00
Winterization Roll,,,failed,False,2026-08-19T21:04:49.568415+09:00
Winterization Roster,,,failed,False,2026-08-19T21:31:59.320296+09:00
Winterization Route,,,failed,False,2026-08-19T21:17:37.116648+09:00
Winterization Rule,,,failed,False,2026-08-23T03:23:00.689817+09:00
Winterization Sale,,,failed,False,2026-08-21T02:25:47.031494+09:00
Winterization Sample,,,failed,False,2026-08-19T21:57:34.491231+09:00
Winterization Scale,,,failed,False,2026-08-19T21:17:27.324738+09:00
Winterization Scheduler,,,failed,False,2026-08-19T21:19:58.668783+09:00
Winterization Scope,,,failed,False,2026-08-19T21:13:17.515413+09:00
Winterization Score,,,failed,False,2026-08-19T21:06:15.149170+09:00
Winterization Sheet,,,failed,False,2026-08-19T21:05:52.966416+09:00
Winterization Shelf,,,failed,False,2026-08-19T21:31:52.488938+09:00
Winterization Shortfall,,,failed,False,2026-08-27T21:47:37.465636+09:00
Winterization Signal,,,failed,False,2026-08-19T21:12:51.464479+09:00
Winterization Signature,,,failed,False,2026-08-23T13:26:17.496993+09:00
Winterization Slip,,,failed,False,2026-08-19T21:57:24.591826+09:00
Winterization Slot,,,failed,False,2026-08-19T21:57:47.268344+09:00
Winterization Stage,,,failed,False,2026-08-28T00:49:13.140044+09:00
Winterization Stake,,,failed,False,2026-08-23T02:57:06.282457+09:00
Winterization Stamp,,,failed,False,2026-08-23T13:26:19.905298+09:00
Winterization Statement,,,failed,False,2026-08-21T00:36:14.044141+09:00
Winterization Station,,,failed,False,2026-08-19T21:16:04.396422+09:00
Winterization Status,,,failed,False,2026-08-19T21:06:56.055921+09:00
Winterization Stub,,,failed,False,2026-08-21T00:36:08.674469+09:00
Winterization Studio,,,failed,False,2026-08-19T21:15:42.753829+09:00
Winterization Subsidy,,,failed,False,2026-08-23T15:51:15.880461+09:00
Winterization Sum,,,failed,False,2026-08-21T02:25:31.969034+09:00
Winterization Summary,,,failed,False,2026-08-19T21:08:40.437861+09:00
Winterization Tab,,,failed,False,2026-08-21T00:36:37.815514+09:00
Winterization Table,,,failed,False,2026-08-19T21:57:01.942587+09:00
Winterization Tag,,,failed,False,2026-08-19T21:06:35.637376+09:00
Winterization Tally,,,failed,False,2026-08-21T00:36:16.111706+09:00
Winterization Tariff,,,failed,False,2026-08-21T02:42:20.398693+09:00
Winterization Tax,,,failed,False,2026-08-21T02:09:08.901398+09:00
Winterization Terminal,,,failed,False,2026-08-19T21:16:14.581068+09:00
Winterization Ticker,,,failed,False,2026-08-19T21:04:09.833583+09:00
Winterization Ticket,,,failed,False,2026-08-19T21:09:40.471721+09:00
Winterization Tier,,,failed,False,2026-08-28T00:49:13.140044+09:00
Winterization Timeline,,,failed,False,2026-08-19T21:08:50.261483+09:00
Winterization Timer,,,failed,False,2026-08-28T00:27:23.571229+09:00
Winterization Toll,,,failed,False,2026-08-21T02:42:14.230561+09:00
Winterization Toolbox,,,failed,False,2026-08-28T00:27:31.291174+09:00
Winterization Total,,,failed,False,2026-08-27T23:15:15.489365+09:00
Winterization Tower,,,failed,False,2026-08-19T21:31:43.962049+09:00
Winterization Tracker,,,failed,False,2026-08-19T21:10:39.923410+09:00
Winterization Trail,,,failed,False,2026-08-19T21:17:53.819858+09:00
Winterization Trend,,,failed,False,2026-08-28T01:01:45.010115+09:00
Winterization Trial,,,failed,False,2026-08-27T21:16:26.164499+09:00
Winterization Unit,10.0,0.0,success,False,2026-08-21T01:51:40.699894+09:00
Winterization Update,,,failed,False,2026-08-19T21:07:57.029357+09:00
Winterization Value,,,failed,False,2026-08-23T02:57:04.274468+09:00
Winterization Vault,,,failed,False,2026-08-19T21:11:46.371328+09:00
Winterization Version,,,failed,False,2026-08-23T03:22:53.557175+09:00
Winterization View,,,failed,False,2026-08-19T21:07:06.926428+09:00
Winterization Voucher,,,failed,False,2026-08-21T00:35:57.334663+09:00
Winterization Watch,,,failed,False,2026-08-19T21:13:02.504471+09:00
Winterization Wave,,,failed,False,2026-08-19T21:13:50.204351+09:00
Winterization Widget,,,failed,False,2026-08-27T23:15:15.489365+09:00
Winterization Window,,,failed,False,2026-08-19T21:04:36.711918+09:00
Winterization Worksheet,,,failed,False,2026-08-27T22:11:11.911250+09:00
Winterization Yard,,,failed,False,2026-08-19T21:30:54.257177+09:00
Winterization Zone,,,failed,False,2026-08-19T21:16:36.317434+09:00
Withdrawal Alert,10.0,1.0,success,False,2026-08-21T01:40:50.890695+09:00
Withdrawal Allowance,10.0,0.0,success,False,2026-08-21T02:43:37.252901+09:00
Withdrawal Analyzer,,,failed,False,2026-08-27T23:53:48.068906+09:00
Withdrawal Arrears,,,failed,False,2026-08-23T16:15:31.472081+09:00
Withdrawal Atlas,,,failed,False,2026-08-21T01:38:38.622768+09:00
Withdrawal Badge,,,failed,False,2026-08-21T01:43:47.346655+09:00
Withdrawal Balance,4400.0,3.0,success,False,2026-08-23T13:46:52.749544+09:00
Withdrawal Base,10.0,0.0,success,False,2026-08-21T01:37:05.417257+09:00
Withdrawal Beacon,,,failed,False,2026-08-21T01:36:34.077352+09:00
Withdrawal Bill,50.0,1.0,success,False,2026-08-21T01:42:58.216620+09:00
Withdrawal Board,,,failed,False,2026-08-21T01:37:19.276865+09:00
Withdrawal Bridge,,,failed,False,2026-08-21T01:36:36.837653+09:00
Withdrawal Brief,,,failed,False,2026-08-21T01:44:20.732547+09:00
Withdrawal Bulletin,,,failed,False,2026-08-21T01:44:14.161023+09:00
Withdrawal Card,170.0,2.0,success,False,2026-08-21T01:41:33.473055+09:00
Withdrawal Cascade,,,failed,False,2026-08-21T01:36:36.837653+09:00
Withdrawal Cash,6600.0,2.0,success,False,2026-08-21T02:26:53.610271+09:00
Withdrawal Center,170.0,13.0,success,False,2026-08-21T01:37:39.215530+09:00
Withdrawal Chain,,,failed,False,2026-08-21T01:38:21.127852+09:00
Withdrawal Charge,8100.0,0.0,success,True,2026-08-21T02:43:28.304823+09:00
Withdrawal Chart,50.0,0.0,success,False,2026-08-21T01:40:53.074721+09:00
Withdrawal Check,1000.0,0.0,success,True,2026-08-21T01:41:42.095051+09:00
Withdrawal Checker,,,failed,False,2026-08-27T23:53:36.797572+09:00
Withdrawal Code,480.0,0.0,success,False,2026-08-21T01:43:07.474360+09:00
Withdrawal Companion,,,failed,False,2026-08-21T01:39:12.504942+09:00
Withdrawal Comparison,,,failed,False,2026-08-28T01:05:17.423675+09:00
Withdrawal Confirmation,170.0,0.0,success,False,2026-08-21T01:44:35.810594+09:00
Withdrawal Console,,,failed,False,2026-08-21T01:37:51.952894+09:00
Withdrawal Core,10.0,0.0,success,False,2026-08-21T01:37:11.320785+09:00
Withdrawal Cost,70.0,0.0,success,False,2026-08-21T02:10:00.502849+09:00
Withdrawal Count,10.0,0.0,success,False,2026-08-27T22:44:39.489901+09:00
Withdrawal Counter,,,failed,False,2026-08-21T01:39:59.295312+09:00
Withdrawal Deal,10.0,0.0,success,False,2026-08-21T01:52:40.677259+09:00
Withdrawal Debt,,,failed,False,2026-08-21T02:26:43.792522+09:00
Withdrawal Deck,,,failed,False,2026-08-21T01:37:24.140763+09:00
Withdrawal Desk,,,failed,False,2026-08-21T01:36:34.077352+09:00
Withdrawal Detail,,,failed,False,2026-08-23T03:24:46.219726+09:00
Withdrawal Detector,,,failed,False,2026-08-27T23:53:42.609151+09:00
Withdrawal Directory,,,failed,False,2026-08-21T01:39:42.723562+09:00
Withdrawal Downpayment,,,failed,False,2026-08-27T21:50:00.180912+09:00
Withdrawal Draft,10.0,0.0,success,False,2026-08-21T01:42:29.387533+09:00
Withdrawal Due,,,failed,False,2026-08-23T15:51:59.728812+09:00
Withdrawal Duty,,,failed,False,2026-08-21T02:43:30.904154+09:00
Withdrawal Engine,,,failed,False,2026-08-21T01:38:50.640665+09:00
Withdrawal Entry,110.0,0.0,success,False,2026-08-21T01:36:34.077352+09:00
Withdrawal Estimate,,,failed,False,2026-08-21T01:42:53.677401+09:00
Withdrawal Estimator,,,failed,False,2026-08-27T23:53:34.112900+09:00
Withdrawal Extension,,,failed,False,2026-08-23T16:39:43.377708+09:00
Withdrawal Fare,,,failed,False,2026-08-21T02:10:04.981055+09:00
Withdrawal Fee,2400.0,1.0,success,False,2026-08-21T01:52:20.481419+09:00
Withdrawal Feed,,,failed,False,2026-08-21T01:42:27.221916+09:00
Withdrawal File,20.0,0.0,success,False,2026-08-21T01:42:07.777661+09:00
Withdrawal Fine,,,failed,False,2026-08-23T02:58:03.774409+09:00
Withdrawal Flow,,,failed,False,2026-08-21T01:36:34.077352+09:00
Withdrawal Forge,,,failed,False,2026-08-21T01:36:36.837653+09:00
Withdrawal Form,4400.0,0.0,success,True,2026-08-21T01:41:30.332578+09:00
Withdrawal Format,,,failed,False,2026-08-23T13:05:36.623967+09:00
Withdrawal Frame,,,failed,False,2026-08-21T01:37:02.343165+09:00
Withdrawal Fund,1300.0,4.0,success,False,2026-08-21T02:26:47.668193+09:00
Withdrawal Gate,,,failed,False,2026-08-21T01:38:31.485069+09:00
Withdrawal Graph,,,failed,False,2026-08-27T22:14:23.666536+09:00
Withdrawal Grid,,,failed,False,2026-08-21T01:36:42.310879+09:00
Withdrawal Guarantee,,,failed,False,2026-08-28T01:05:22.748209+09:00
Withdrawal Guardian,,,failed,False,2026-08-28T00:23:56.463149+09:00
Withdrawal Helpdesk,,,failed,False,2026-08-27T22:44:39.489901+09:00
Withdrawal Helper,,,failed,False,2026-08-28T00:24:01.160084+09:00
Withdrawal History,1000.0,0.0,success,True,2026-08-21T01:42:05.228292+09:00
Withdrawal Hub,,,failed,False,2026-08-21T01:36:34.077352+09:00
Withdrawal Identifier,,,failed,False,2026-08-23T13:05:30.348326+09:00
Withdrawal Index,,,failed,False,2026-08-21T01:42:46.013630+09:00
Withdrawal Interest,,,failed,False,2026-08-23T13:46:55.595088+09:00
Withdrawal Item,20.0,0.0,success,False,2026-08-21T01:52:23.674188+09:00
Withdrawal Journal,10.0,1.0,success,False,2026-08-21T01:39:30.579891+09:00
Withdrawal Keeper,,,failed,False,2026-08-21T01:38:42.867462+09:00
Withdrawal Lab,,,failed,False,2026-08-21T01:37:30.941685+09:00
Withdrawal Label,,,failed,False,2026-08-27T22:14:28.911513+09:00
Withdrawal Ledger,10.0,2.0,success,False,2026-08-21T01:37:16.023011+09:00
Withdrawal Level,,,failed,False,2026-08-21T01:42:11.023754+09:00
Withdrawal Levy,,,failed,False,2026-08-23T13:46:55.595088+09:00
Withdrawal Link,140.0,3.0,success,False,2026-08-23T03:24:42.957554+09:00
Withdrawal List,110.0,0.0,success,False,2026-08-21T01:43:12.278953+09:00
Withdrawal Loan,260.0,20.0,success,False,2026-08-21T02:10:13.973101+09:00
Withdrawal Locator,,,failed,False,2026-08-21T01:39:45.118535+09:00
Withdrawal Locker,,,failed,False,2026-08-21T01:40:01.747780+09:00
Withdrawal Log,10.0,0.0,success,False,2026-08-21T01:41:25.621539+09:00
Withdrawal Loop,,,failed,False,2026-08-21T01:36:36.837653+09:00
Withdrawal Manual,,,failed,False,2026-08-27T22:14:32.870267+09:00
Withdrawal Map,,,failed,False,2026-08-21T01:36:57.667235+09:00
Withdrawal Margin,,,failed,False,2026-08-23T02:58:01.593171+09:00
Withdrawal Memo,30.0,0.0,success,False,2026-08-21T01:44:01.894856+09:00
Withdrawal Message,14800.0,0.0,success,True,2026-08-27T23:10:37.523000+09:00
Withdrawal Monitor,,,failed,False,2026-08-21T01:39:04.572787+09:00
Withdrawal Nexus,,,failed,False,2026-08-21T01:38:35.952865+09:00
Withdrawal Note,20.0,0.0,success,False,2026-08-21T01:41:46.462785+09:00
Withdrawal Notification,90.0,0.0,success,False,2026-08-27T22:44:27.817073+09:00
Withdrawal Number,170.0,0.0,success,False,2026-08-23T03:24:36.035969+09:00
Withdrawal Office,,,failed,False,2026-08-21T01:39:52.762519+09:00
Withdrawal Ops,,,failed,False,2026-08-21T01:39:21.617747+09:00
Withdrawal Order,210.0,0.0,success,False,2026-08-21T01:42:55.803836+09:00
Withdrawal Overage,,,failed,False,2026-08-27T21:49:57.609346+09:00
Withdrawal Overdraft,90.0,5.0,success,False,2026-08-23T15:52:02.827883+09:00
Withdrawal Overdue,,,failed,False,2026-08-27T21:49:53.079168+09:00
Withdrawal Panel,,,failed,False,2026-08-21T01:37:57.190809+09:00
Withdrawal Pass,40.0,0.0,success,False,2026-08-21T01:43:39.038620+09:00
Withdrawal Path,,,failed,False,2026-08-21T01:36:50.253581+09:00
Withdrawal Payoff,,,failed,False,2026-08-27T21:49:55.360701+09:00
Withdrawal Penalty,70.0,0.0,success,False,2026-08-23T16:39:41.135046+09:00
Withdrawal Petition,170.0,0.0,success,False,2026-08-21T01:44:33.537295+09:00
Withdrawal Plan,90.0,16.0,success,False,2026-08-21T01:52:34.182425+09:00
Withdrawal Planner,,,failed,False,2026-08-21T01:38:57.072218+09:00
Withdrawal Playbook,,,failed,False,2026-08-21T01:39:25.000691+09:00
Withdrawal Point,40.0,0.0,success,False,2026-08-21T01:36:55.107278+09:00
Withdrawal Portal,20.0,0.0,success,False,2026-08-21T01:37:48.907066+09:00
Withdrawal Preview,,,failed,False,2026-08-28T01:05:17.423675+09:00
Withdrawal Profile,,,failed,False,2026-08-21T01:41:54.360418+09:00
Withdrawal Proposal,,,failed,False,2026-08-28T01:05:20.139067+09:00
Withdrawal Quota,10.0,0.0,success,False,2026-08-21T01:44:05.223042+09:00
Withdrawal Radar,,,failed,False,2026-08-21T01:36:34.077352+09:00
Withdrawal Rate,390.0,1.0,success,False,2026-08-21T01:42:17.039674+09:00
Withdrawal Receipt,320.0,0.0,success,False,2026-08-21T01:43:03.421356+09:00
Withdrawal Recorder,,,failed,False,2026-08-27T23:33:24.139257+09:00
Withdrawal Register,170.0,1.0,success,False,2026-08-21T01:39:14.951697+09:00
Withdrawal Relay,,,failed,False,2026-08-21T01:36:34.077352+09:00
Withdrawal Reminder,10.0,0.0,success,False,2026-08-21T01:42:43.370438+09:00
Withdrawal Report,50.0,0.0,success,False,2026-08-21T01:41:20.184116+09:00
Withdrawal Repository,,,failed,False,2026-08-27T23:10:47.155079+09:00
Withdrawal Result,40.0,0.0,success,False,2026-08-28T00:47:16.982525+09:00
Withdrawal Ring,,,failed,False,2026-08-21T01:38:26.164281+09:00
Withdrawal Roster,,,failed,False,2026-08-21T01:40:42.553901+09:00
Withdrawal Route,,,failed,False,2026-08-21T01:38:08.891636+09:00
Withdrawal Rule,210.0,0.0,success,False,2026-08-23T03:24:46.219726+09:00
Withdrawal Sale,,,failed,False,2026-08-21T02:26:59.463760+09:00
Withdrawal Sample,,,failed,False,2026-08-21T01:43:27.778790+09:00
Withdrawal Scale,170.0,3.0,success,False,2026-08-21T01:38:01.641770+09:00
Withdrawal Scanner,,,failed,False,2026-08-27T23:53:39.725939+09:00
Withdrawal Scheduler,,,failed,False,2026-08-21T01:38:59.099455+09:00
Withdrawal Score,110.0,0.0,success,False,2026-08-21T01:41:44.452509+09:00
Withdrawal Sheet,40.0,0.0,success,False,2026-08-21T01:41:35.548332+09:00
Withdrawal Shortfall,,,failed,False,2026-08-27T21:50:02.290136+09:00
Withdrawal Signal,,,failed,False,2026-08-21T01:36:36.837653+09:00
Withdrawal Slip,6600.0,0.0,success,True,2026-08-21T01:43:23.087757+09:00
Withdrawal Slot,,,failed,False,2026-08-21T01:43:31.469604+09:00
Withdrawal Stage,320.0,3.0,success,False,2026-08-28T00:47:16.982525+09:00
Withdrawal Statement,320.0,0.0,success,False,2026-08-21T01:43:56.070004+09:00
Withdrawal Station,,,failed,False,2026-08-21T01:37:32.925946+09:00
Withdrawal Status,170.0,0.0,success,False,2026-08-21T01:41:56.935291+09:00
Withdrawal Stub,,,failed,False,2026-08-21T01:43:52.896076+09:00
Withdrawal Studio,,,failed,False,2026-08-21T01:37:26.126762+09:00
Withdrawal Sum,,,failed,False,2026-08-21T02:26:41.708739+09:00
Withdrawal Summary,10.0,1.0,success,False,2026-08-21T01:42:34.994206+09:00
Withdrawal Tab,,,failed,False,2026-08-21T01:44:11.369887+09:00
Withdrawal Table,30.0,1.0,success,False,2026-08-21T01:43:14.953756+09:00
Withdrawal Tag,,,failed,False,2026-08-21T01:41:52.008026+09:00
Withdrawal Tariff,10.0,0.0,success,False,2026-08-21T02:43:40.530663+09:00
Withdrawal Tax,320.0,1.0,success,False,2026-08-21T02:10:09.458176+09:00
Withdrawal Terminal,,,failed,False,2026-08-21T01:37:37.070410+09:00
Withdrawal Ticket,90.0,0.0,success,False,2026-08-21T01:42:48.869153+09:00
Withdrawal Timeline,390.0,4.0,success,False,2026-08-21T01:42:37.393096+09:00
Withdrawal Timer,,,failed,False,2026-08-28T00:23:53.902588+09:00
Withdrawal Toll,,,failed,False,2026-08-21T02:43:35.121601+09:00
Withdrawal Toolbox,,,failed,False,2026-08-28T00:23:58.859062+09:00
Withdrawal Total,,,failed,False,2026-08-27T23:10:40.131699+09:00
Withdrawal Tracker,40.0,3.0,success,False,2026-08-21T01:36:34.077352+09:00
Withdrawal Trend,,,failed,False,2026-08-28T01:05:14.146226+09:00
Withdrawal Trial,10.0,0.0,success,False,2026-08-27T21:19:01.624624+09:00
Withdrawal Unit,20.0,14.0,success,False,2026-08-21T01:52:30.422416+09:00
Withdrawal Update,20.0,0.0,success,False,2026-08-21T01:42:22.878879+09:00
Withdrawal Value,10.0,0.0,success,False,2026-08-23T02:57:59.639367+09:00
Withdrawal Vault,,,failed,False,2026-08-21T01:36:34.077352+09:00
Withdrawal Version,,,failed,False,2026-08-23T03:24:40.640287+09:00
Withdrawal View,,,failed,False,2026-08-21T01:42:02.866390+09:00
Withdrawal Voucher,110.0,0.0,success,False,2026-08-21T01:43:42.058918+09:00
Withdrawal Watch,,,failed,False,2026-08-21T01:36:36.837653+09:00
Withdrawal Wave,,,failed,False,2026-08-21T01:36:44.739122+09:00
Withdrawal Widget,,,failed,False,2026-08-27T23:10:40.131699+09:00
Withdrawal Window,20.0,0.0,success,False,2026-08-21T01:41:16.296353+09:00
Withdrawal Worksheet,,,failed,False,2026-08-27T22:14:35.571737+09:00
Withdrawal Workshop,,,failed,False,2026-08-28T00:23:53.902588+09:00
Withdrawal Yard,,,failed,False,2026-08-21T01:40:15.311910+09:00
Withdrawal Zone,,,failed,False,2026-08-21T01:37:44.630220+09:00
Withholding Advance,,,failed,False,2026-08-23T16:13:45.288195+09:00
Withholding Advisory,,,failed,False,2026-08-21T01:16:06.736603+09:00
Withholding Alert,,,failed,False,2026-08-21T01:23:05.026470+09:00
Withholding Allowance,2900.0,1.0,success,False,2026-08-21T02:42:49.671896+09:00
Withholding Analyzer,,,failed,False,2026-08-27T23:59:17.563745+09:00
Withholding Arrears,,,failed,False,2026-08-23T16:13:42.146359+09:00
Withholding Assistant,,,failed,False,2026-08-21T01:20:39.645097+09:00
Withholding Atlas,,,failed,False,2026-08-21T01:20:20.986675+09:00
Withholding Badge,,,failed,False,2026-08-21T01:15:16.012738+09:00
Withholding Balance,,,failed,False,2026-08-23T13:45:59.921070+09:00
Withholding Base,,,failed,False,2026-08-21T01:18:24.600947+09:00
Withholding Bay,,,failed,False,2026-08-21T01:22:23.798217+09:00
Withholding Beacon,,,failed,False,2026-08-21T01:17:17.039045+09:00
Withholding Bill,,,failed,False,2026-08-21T01:26:01.379135+09:00
Withholding Bin,,,failed,False,2026-08-21T01:23:16.966517+09:00
Withholding Board,,,failed,False,2026-08-21T01:18:41.534623+09:00
Withholding Booth,,,failed,False,2026-08-21T01:22:03.238360+09:00
Withholding Bridge,,,failed,False,2026-08-21T01:17:33.437690+09:00
Withholding Brief,,,failed,False,2026-08-21T01:15:55.134469+09:00
Withholding Bulletin,,,failed,False,2026-08-21T01:15:49.368632+09:00
Withholding Calculator,4400.0,3.0,success,False,2026-08-27T23:36:33.321869+09:00
Withholding Calendar,,,failed,False,2026-08-21T01:23:14.366280+09:00
Withholding Card,10.0,0.0,success,False,2026-08-21T01:24:08.790137+09:00
Withholding Cascade,,,failed,False,2026-08-21T01:17:27.975074+09:00
Withholding Cash,,,failed,False,2026-08-21T02:26:21.259847+09:00
Withholding Category,10.0,0.0,success,False,2026-08-23T13:10:06.026404+09:00
Withholding Center,,,failed,False,2026-08-21T01:19:12.546892+09:00
Withholding Chain,,,failed,False,2026-08-21T01:19:57.563871+09:00
Withholding Charge,,,failed,False,2026-08-21T02:42:39.559962+09:00
Withholding Chart,40.0,0.0,success,False,2026-08-21T01:23:12.871826+09:00
Withholding Check,10.0,0.0,success,False,2026-08-21T01:24:17.387114+09:00
Withholding Checker,,,failed,False,2026-08-27T23:59:07.749698+09:00
Withholding Circular,,,failed,False,2026-08-21T01:16:00.251742+09:00
Withholding Code,170.0,0.0,success,False,2026-08-21T01:26:12.180385+09:00
Withholding Companion,,,failed,False,2026-08-21T01:21:00.134067+09:00
Withholding Comparison,,,failed,False,2026-08-28T01:02:04.540661+09:00
Withholding Compass,,,failed,False,2026-08-21T01:17:10.053741+09:00
Withholding Confirmation,,,failed,False,2026-08-21T01:16:17.029557+09:00
Withholding Console,,,failed,False,2026-08-21T01:19:29.603335+09:00
Withholding Contribution,,,failed,False,2026-08-23T16:13:39.752452+09:00
Withholding Core,,,failed,False,2026-08-21T01:18:33.036529+09:00
Withholding Cost,10.0,0.0,success,False,2026-08-21T02:09:39.165114+09:00
Withholding Counter,,,failed,False,2026-08-21T01:21:53.775872+09:00
Withholding Deal,,,failed,False,2026-08-21T01:52:34.182425+09:00
Withholding Debt,,,failed,False,2026-08-21T02:26:14.215239+09:00
Withholding Deck,,,failed,False,2026-08-21T01:18:44.582130+09:00
Withholding Desk,,,failed,False,2026-08-21T01:16:49.260472+09:00
Withholding Detail,,,failed,False,2026-08-23T03:23:34.197835+09:00
Withholding Detector,,,failed,False,2026-08-27T23:59:17.563745+09:00
Withholding Diagram,,,failed,False,2026-08-27T22:11:50.573955+09:00
Withholding Directory,,,failed,False,2026-08-21T01:21:39.012967+09:00
Withholding Discount,,,failed,False,2026-08-23T16:13:34.147754+09:00
Withholding Downpayment,,,failed,False,2026-08-27T21:47:56.115586+09:00
Withholding Draft,,,failed,False,2026-08-21T01:25:14.873207+09:00
Withholding Due,,,failed,False,2026-08-23T15:51:20.195828+09:00
Withholding Duty,,,failed,False,2026-08-21T02:42:44.475010+09:00
Withholding Engine,,,failed,False,2026-08-21T01:20:34.277114+09:00
Withholding Entry,,,failed,False,2026-08-21T01:16:28.829039+09:00
Withholding Estimate,4400.0,3.0,success,False,2026-08-21T01:25:53.521014+09:00
Withholding Estimator,4400.0,3.0,success,False,2026-08-27T23:59:07.749698+09:00
Withholding Fare,,,failed,False,2026-08-21T02:09:47.667221+09:00
Withholding Fee,40.0,0.0,success,False,2026-08-21T01:52:17.382086+09:00
Withholding Feed,,,failed,False,2026-08-21T01:25:04.622255+09:00
Withholding Field,,,failed,False,2026-08-23T13:10:08.705068+09:00
Withholding File,,,failed,False,2026-08-21T01:24:51.973946+09:00
Withholding Fine,,,failed,False,2026-08-23T02:57:32.152196+09:00
Withholding Flow,,,failed,False,2026-08-21T01:16:40.172400+09:00
Withholding Forge,,,failed,False,2026-08-21T01:17:21.753159+09:00
Withholding Form,4400.0,2.0,success,False,2026-08-21T01:23:57.328019+09:00
Withholding Format,,,failed,False,2026-08-23T13:10:10.835682+09:00
Withholding Frame,,,failed,False,2026-08-21T01:18:21.129763+09:00
Withholding Fund,,,failed,False,2026-08-21T02:26:18.130699+09:00
Withholding Gate,,,failed,False,2026-08-21T01:20:05.793508+09:00
Withholding Generator,,,failed,False,2026-08-27T23:36:36.607319+09:00
Withholding Graph,,,failed,False,2026-08-27T22:11:36.968554+09:00
Withholding Grid,,,failed,False,2026-08-21T01:17:54.187315+09:00
Withholding Guarantee,,,failed,False,2026-08-28T01:02:10.416954+09:00
Withholding Guardian,,,failed,False,2026-08-28T00:27:40.381664+09:00
Withholding Helpdesk,,,failed,False,2026-08-27T22:49:51.876514+09:00
Withholding Helper,,,failed,False,2026-08-28T00:27:43.001225+09:00
Withholding History,,,failed,False,2026-08-21T01:24:52.705656+09:00
Withholding Hub,,,failed,False,2026-08-21T01:16:44.690020+09:00
Withholding Identifier,,,failed,False,2026-08-23T13:10:06.026404+09:00
Withholding Inbox,,,failed,False,2026-08-21T01:22:59.410874+09:00
Withholding Index,,,failed,False,2026-08-21T01:25:49.214024+09:00
Withholding Installment,,,failed,False,2026-08-23T16:13:37.104049+09:00
Withholding Interest,880.0,0.0,success,False,2026-08-23T13:46:02.473862+09:00
Withholding Item,,,failed,False,2026-08-21T01:52:20.481419+09:00
Withholding Journal,,,failed,False,2026-08-21T01:21:24.061904+09:00
Withholding Keeper,,,failed,False,2026-08-21T01:20:23.926123+09:00
Withholding Lab,,,failed,False,2026-08-21T01:18:56.365360+09:00
Withholding Label,,,failed,False,2026-08-27T22:11:36.968554+09:00
Withholding Ledger,,,failed,False,2026-08-21T01:18:37.282523+09:00
Withholding Level,,,failed,False,2026-08-21T01:25:01.384940+09:00
Withholding Levy,,,failed,False,2026-08-23T13:46:02.473862+09:00
Withholding Line,,,failed,False,2026-08-21T01:23:35.707284+09:00
Withholding Link,,,failed,False,2026-08-23T03:23:29.114948+09:00
Withholding List,,,failed,False,2026-08-21T01:26:13.869304+09:00
Withholding Loan,,,failed,False,2026-08-21T02:09:56.008511+09:00
Withholding Lobby,,,failed,False,2026-08-21T01:23:30.836605+09:00
Withholding Locator,,,failed,False,2026-08-21T01:21:42.147576+09:00
Withholding Locker,,,failed,False,2026-08-21T01:21:58.894123+09:00
Withholding Log,,,failed,False,2026-08-21T01:23:50.887102+09:00
Withholding Loop,,,failed,False,2026-08-21T01:17:52.131047+09:00
Withholding Manager,,,failed,False,2026-08-21T01:20:30.866856+09:00
Withholding Manual,,,failed,False,2026-08-27T22:11:39.650369+09:00
Withholding Map,,,failed,False,2026-08-21T01:18:13.948377+09:00
Withholding Markup,,,failed,False,2026-08-23T16:38:44.785975+09:00
Withholding Memo,,,failed,False,2026-08-21T01:15:35.859983+09:00
Withholding Message,,,failed,False,2026-08-27T23:15:30.690091+09:00
Withholding Monitor,,,failed,False,2026-08-21T01:20:54.963946+09:00
Withholding Nexus,,,failed,False,2026-08-21T01:20:11.987698+09:00
Withholding Note,,,failed,False,2026-08-21T01:24:25.353806+09:00
Withholding Notification,,,failed,False,2026-08-27T22:49:42.275363+09:00
Withholding Number,5400.0,0.0,success,True,2026-08-23T03:23:22.521378+09:00
Withholding Office,,,failed,False,2026-08-21T01:21:51.595086+09:00
Withholding Ops,,,failed,False,2026-08-21T01:23:14.366280+09:00
Withholding Order,90.0,1.0,success,False,2026-08-21T01:25:58.145790+09:00
Withholding Outline,,,failed,False,2026-08-27T22:29:00.404173+09:00
Withholding Outpost,,,failed,False,2026-08-21T01:22:31.268942+09:00
Withholding Overage,,,failed,False,2026-08-27T21:47:53.828940+09:00
Withholding Overdue,,,failed,False,2026-08-27T21:47:50.200871+09:00
Withholding Panel,,,failed,False,2026-08-21T01:19:32.138069+09:00
Withholding Pass,,,failed,False,2026-08-21T01:26:37.625507+09:00
Withholding Passport,40.0,0.0,success,False,2026-08-21T01:23:24.077688+09:00
Withholding Path,,,failed,False,2026-08-21T01:18:06.021081+09:00
Withholding Payoff,,,failed,False,2026-08-27T21:47:53.828940+09:00
Withholding Penalty,320.0,0.0,success,False,2026-08-23T16:38:42.507764+09:00
Withholding Petition,,,failed,False,2026-08-21T01:16:11.158685+09:00
Withholding Plan,,,failed,False,2026-08-21T01:52:30.422416+09:00
Withholding Planner,,,failed,False,2026-08-21T01:20:45.332631+09:00
Withholding Playbook,,,failed,False,2026-08-21T01:21:17.954324+09:00
Withholding Plaza,,,failed,False,2026-08-21T01:22:36.440068+09:00
Withholding Point,,,failed,False,2026-08-21T01:18:10.686176+09:00
Withholding Portal,20.0,0.0,success,False,2026-08-21T01:19:25.139986+09:00
Withholding Post,10.0,0.0,success,False,2026-08-21T01:22:29.239348+09:00
Withholding Preview,,,failed,False,2026-08-28T01:02:07.599938+09:00
Withholding Profile,,,failed,False,2026-08-21T01:24:35.885777+09:00
Withholding Profit,,,failed,False,2026-08-23T02:57:21.827227+09:00
Withholding Quota,,,failed,False,2026-08-21T01:15:40.132892+09:00
Withholding Radar,,,failed,False,2026-08-21T01:16:53.151150+09:00
Withholding Rail,,,failed,False,2026-08-21T01:19:47.370775+09:00
Withholding Rate,2900.0,0.0,success,True,2026-08-21T01:25:03.878404+09:00
Withholding Recap,,,failed,False,2026-08-21T01:16:22.039842+09:00
Withholding Receipt,20.0,0.0,success,False,2026-08-21T01:26:08.809687+09:00
Withholding Recorder,,,failed,False,2026-08-27T23:36:36.607319+09:00
Withholding Register,,,failed,False,2026-08-21T01:21:06.488842+09:00
Withholding Registry,,,failed,False,2026-08-21T01:23:14.366280+09:00
Withholding Relay,,,failed,False,2026-08-21T01:16:58.879155+09:00
Withholding Reminder,,,failed,False,2026-08-21T01:25:29.935757+09:00
Withholding Report,,,failed,False,2026-08-21T01:23:52.904904+09:00
Withholding Repository,,,failed,False,2026-08-27T23:15:41.145408+09:00
Withholding Result,,,failed,False,2026-08-28T00:45:40.942680+09:00
Withholding Ring,,,failed,False,2026-08-21T01:21:07.466451+09:00
Withholding Roll,,,failed,False,2026-08-21T01:23:47.982205+09:00
Withholding Roster,,,failed,False,2026-08-21T01:22:56.412529+09:00
Withholding Route,,,failed,False,2026-08-21T01:19:45.031880+09:00
Withholding Rule,,,failed,False,2026-08-23T03:23:31.641874+09:00
Withholding Sale,,,failed,False,2026-08-21T02:26:24.473700+09:00
Withholding Sample,,,failed,False,2026-08-21T01:26:28.233094+09:00
Withholding Scale,,,failed,False,2026-08-21T01:19:38.159463+09:00
Withholding Scanner,,,failed,False,2026-08-27T23:59:12.622196+09:00
Withholding Scope,,,failed,False,2026-08-21T01:17:46.814722+09:00
Withholding Score,,,failed,False,2026-08-21T01:24:22.725454+09:00
Withholding Serial,,,failed,False,2026-08-23T13:26:35.864064+09:00
Withholding Sheet,,,failed,False,2026-08-21T01:24:13.003010+09:00
Withholding Shelf,,,failed,False,2026-08-21T01:22:51.659146+09:00
Withholding Shortfall,,,failed,False,2026-08-27T21:47:58.388035+09:00
Withholding Signal,,,failed,False,2026-08-21T01:17:38.451621+09:00
Withholding Signature,,,failed,False,2026-08-23T13:26:38.136224+09:00
Withholding Slip,210.0,0.0,success,False,2026-08-21T01:26:22.503532+09:00
Withholding Slot,,,failed,False,2026-08-21T01:26:31.620928+09:00
Withholding Stake,,,failed,False,2026-08-23T02:57:27.142882+09:00
Withholding Stamp,,,failed,False,2026-08-23T13:26:40.982312+09:00
Withholding Statement,320.0,0.0,success,False,2026-08-21T01:15:30.378271+09:00
Withholding Station,,,failed,False,2026-08-21T01:19:03.432303+09:00
Withholding Status,140.0,0.0,success,False,2026-08-21T01:24:44.835275+09:00
Withholding Stub,,,failed,False,2026-08-21T01:15:26.988997+09:00
Withholding Studio,,,failed,False,2026-08-21T01:18:54.031046+09:00
Withholding Sum,,,failed,False,2026-08-21T02:26:10.275506+09:00
Withholding Summary,,,failed,False,2026-08-21T01:25:37.604117+09:00
Withholding Surtax,,,failed,False,2026-08-23T15:51:20.195828+09:00
Withholding Tab,,,failed,False,2026-08-21T01:15:45.998953+09:00
Withholding Table,2900.0,0.0,success,True,2026-08-21T01:26:19.673494+09:00
Withholding Tag,,,failed,False,2026-08-21T01:35:23.712765+09:00
Withholding Tariff,,,failed,False,2026-08-21T02:42:51.701755+09:00
Withholding Tax,74000.0,1.0,success,False,2026-08-21T02:09:52.288046+09:00
Withholding Terminal,,,failed,False,2026-08-21T01:19:09.689487+09:00
Withholding Ticker,,,failed,False,2026-08-21T01:23:33.921690+09:00
Withholding Ticket,,,failed,False,2026-08-21T01:25:38.275036+09:00
Withholding Tier,,,failed,False,2026-08-28T00:45:40.942680+09:00
Withholding Timeline,,,failed,False,2026-08-21T01:25:40.979194+09:00
Withholding Toll,,,failed,False,2026-08-21T02:42:47.286881+09:00
Withholding Toolbox,,,failed,False,2026-08-28T00:27:40.381664+09:00
Withholding Total,,,failed,False,2026-08-27T23:15:33.369822+09:00
Withholding Tower,,,failed,False,2026-08-21T01:22:46.544366+09:00
Withholding Tracker,,,failed,False,2026-08-21T01:23:07.832051+09:00
Withholding Trail,,,failed,False,2026-08-21T01:19:52.973842+09:00
Withholding Trend,,,failed,False,2026-08-28T01:02:04.540661+09:00
Withholding Trial,,,failed,False,2026-08-27T21:16:53.377302+09:00
Withholding Unit,,,failed,False,2026-08-21T01:52:23.674188+09:00
Withholding Update,,,failed,False,2026-08-21T01:25:07.930638+09:00
Withholding Value,,,failed,False,2026-08-23T02:57:24.970560+09:00
Withholding Vault,,,failed,False,2026-08-21T01:17:06.015996+09:00
Withholding Version,,,failed,False,2026-08-23T03:23:25.330676+09:00
Withholding View,,,failed,False,2026-08-21T01:24:49.055361+09:00
Withholding Voucher,10.0,,success,False,2026-08-21T01:26:44.593664+09:00
Withholding Watch,,,failed,False,2026-08-21T01:17:41.245351+09:00
Withholding Wave,,,failed,False,2026-08-21T01:17:59.788687+09:00
Withholding Widget,,,failed,False,2026-08-27T23:15:36.970228+09:00
Withholding Window,,,failed,False,2026-08-21T01:23:45.473669+09:00
Withholding Worksheet,110.0,3.0,success,False,2026-08-27T22:11:47.365503+09:00
Withholding Zone,,,failed,False,2026-08-21T01:19:18.289018+09:00
Xray Advance,1900.0,0.0,success,True,2026-08-23T16:16:51.381360+09:00
Xray Advisory,,,failed,False,2026-08-21T01:07:31.229292+09:00
Xray Allowance,,,failed,False,2026-08-21T02:39:04.967500+09:00
Xray Almanac,,,failed,False,2026-08-18T23:52:26.670134+09:00
Xray Anchor,,,failed,False,2026-08-17T23:29:46.030396+09:00
Xray Arrears,,,failed,False,2026-08-23T16:16:48.615272+09:00
Xray Assistant,880.0,1.0,success,False,2026-08-17T23:26:06.305227+09:00
Xray Atlas,70.0,1.0,success,False,2026-08-17T23:24:58.944526+09:00
Xray Attribute,,,failed,False,2026-08-23T13:07:41.329341+09:00
Xray Badge,590.0,35.0,success,False,2026-08-21T00:32:45.504063+09:00
Xray Base,10.0,0.0,success,False,2026-08-17T23:31:42.326204+09:00
Xray Beacon,,,failed,False,2026-08-17T23:29:09.953642+09:00
Xray Bill,170.0,0.0,success,False,2026-08-19T21:49:45.321625+09:00
Xray Blueprint,,,failed,False,2026-08-18T23:52:26.670134+09:00
Xray Board,1000.0,19.0,success,False,2026-08-17T23:03:51.188489+09:00
Xray Book,1600.0,17.0,success,False,2026-08-19T21:50:44.390054+09:00
Xray Bridge,20.0,0.0,success,False,2026-08-17T23:14:59.429645+09:00
Xray Brief,,,failed,False,2026-08-21T01:07:21.862187+09:00
Xray Bulletin,,,failed,False,2026-08-21T01:07:17.420617+09:00
Xray Cabinet,260.0,14.0,success,False,2026-08-27T23:11:42.330738+09:00
Xray Calendar,50.0,0.0,success,False,2026-08-19T00:05:01.988375+09:00
Xray Card,390.0,2.0,success,False,2026-08-19T13:25:47.267780+09:00
Xray Cascade,,,failed,False,2026-08-17T23:29:31.685360+09:00
Xray Cash,40.0,0.0,success,False,2026-08-21T02:22:24.634972+09:00
Xray Cashback,,,failed,False,2026-08-27T21:12:59.208111+09:00
Xray Catalog,10.0,7.0,success,False,2026-08-19T21:03:23.930623+09:00
Xray Category,,,failed,False,2026-08-23T13:07:39.256451+09:00
Xray Center,1900.0,9.0,success,False,2026-08-17T23:12:41.358995+09:00
Xray Chain,30.0,3.0,success,False,2026-08-17T23:05:11.266926+09:00
Xray Charge,1600.0,3.0,success,False,2026-08-21T02:38:57.143403+09:00
Xray Check,880.0,3.0,success,False,2026-08-19T13:26:07.690748+09:00
Xray Checker,880.0,3.0,success,False,2026-08-27T23:54:25.594721+09:00
Xray Circular,,,failed,False,2026-08-21T01:07:26.518810+09:00
Xray Cockpit,,,failed,False,2026-08-17T23:06:43.544679+09:00
Xray Code,320.0,0.0,success,False,2026-08-19T21:50:09.573666+09:00
Xray Codex,,,failed,False,2026-08-18T23:52:26.670134+09:00
Xray Companion,,,failed,False,2026-08-17T23:27:19.198277+09:00
Xray Comparison,,,failed,False,2026-08-28T01:05:26.346049+09:00
Xray Compass,,,failed,False,2026-08-17T23:13:22.671425+09:00
Xray Compendium,,,failed,False,2026-08-18T23:52:26.670134+09:00
Xray Confirmation,,,failed,False,2026-08-21T01:07:39.342209+09:00
Xray Console,260.0,1.0,success,False,2026-08-17T23:33:11.202195+09:00
Xray Converter,40.0,0.0,success,False,2026-08-27T23:33:44.180907+09:00
Xray Copayment,,,failed,False,2026-08-23T16:40:19.270826+09:00
Xray Core,12100.0,0.0,success,True,2026-08-17T23:09:32.191803+09:00
Xray Cost,18100.0,2.0,success,False,2026-08-21T02:15:31.230859+09:00
Xray Count,,,failed,False,2026-08-27T22:46:05.352618+09:00
Xray Counter,110.0,15.0,success,False,2026-08-19T00:05:31.654702+09:00
Xray Coupon,,,failed,False,2026-08-27T21:12:56.642443+09:00
Xray Dashboard,110.0,4.0,success,False,2026-08-17T23:27:03.515384+09:00
Xray Deal,70.0,6.0,success,False,2026-08-21T01:59:23.001944+09:00
Xray Debt,,,failed,False,2026-08-21T02:22:13.751196+09:00
Xray Deck,110.0,2.0,success,False,2026-08-17T23:32:18.106895+09:00
Xray Depot,,,failed,False,2026-08-19T00:05:23.888896+09:00
Xray Desk,,,failed,False,2026-08-17T23:11:44.690517+09:00
Xray Detail,,,failed,False,2026-08-23T03:19:26.945614+09:00
Xray Diagram,1900.0,0.0,success,True,2026-08-27T22:07:17.176446+09:00
Xray Dial,,,failed,False,2026-08-17T23:33:25.716051+09:00
Xray Digest,,,failed,False,2026-08-19T20:46:13.766068+09:00
Xray Directory,,,failed,False,2026-08-19T00:05:07.956398+09:00
Xray Discount,,,failed,False,2026-08-23T16:16:43.466007+09:00
Xray Dock,,,failed,False,2026-08-17T23:23:39.258674+09:00
Xray Dossier,,,failed,False,2026-08-21T01:07:43.373010+09:00
Xray Draft,,,failed,False,2026-08-19T20:46:24.803660+09:00
Xray Due,,,failed,False,2026-08-23T15:52:46.857399+09:00
Xray Duty,,,failed,False,2026-08-21T02:38:59.400124+09:00
Xray Engine,1000.0,0.0,success,True,2026-08-17T23:15:32.901211+09:00
Xray Entry,,,failed,False,2026-08-21T01:07:54.087465+09:00
Xray Estimate,,,failed,False,2026-08-19T21:32:30.611292+09:00
Xray Estimator,,,failed,False,2026-08-27T23:54:23.137775+09:00
Xray Excerpt,,,failed,False,2026-08-21T01:07:49.697646+09:00
Xray Fare,,,failed,False,2026-08-21T02:15:35.751133+09:00
Xray Fee,880.0,2.0,success,False,2026-08-21T01:59:08.747160+09:00
Xray Feed,,,failed,False,2026-08-19T20:46:20.200545+09:00
Xray File,260.0,0.0,success,False,2026-08-19T20:45:53.854460+09:00
Xray Finder,40.0,2.0,success,False,2026-08-19T00:05:18.968119+09:00
Xray Flag,170.0,9.0,success,False,2026-08-21T00:33:20.736767+09:00
Xray Flow,40.0,0.0,success,False,2026-08-17T23:28:04.378663+09:00
Xray Forge,720.0,0.0,success,False,2026-08-17T23:08:06.421601+09:00
Xray Form,210.0,0.0,success,False,2026-08-19T13:25:14.797860+09:00
Xray Format,210.0,0.0,success,False,2026-08-23T13:07:46.002648+09:00
Xray Frame,390.0,0.0,success,False,2026-08-17T23:14:41.375835+09:00
Xray Fund,,,failed,False,2026-08-21T02:22:16.250751+09:00
Xray Gate,50.0,6.0,success,False,2026-08-17T23:24:36.078713+09:00
Xray Giveaway,,,failed,False,2026-08-27T21:13:04.814179+09:00
Xray Grade,,,failed,False,2026-08-21T00:33:05.849456+09:00
Xray Grid,2400.0,2.0,success,False,2026-08-17T23:11:27.104300+09:00
Xray Guarantee,,,failed,False,2026-08-28T01:05:31.519640+09:00
Xray Guard,30.0,17.0,success,False,2026-08-17T23:15:16.385703+09:00
Xray Guardian,,,failed,False,2026-08-28T00:24:19.907536+09:00
Xray Guidebook,,,failed,False,2026-08-18T23:52:26.670134+09:00
Xray Helpdesk,,,failed,False,2026-08-27T22:46:08.024081+09:00
Xray Helper,,,failed,False,2026-08-28T00:24:22.351196+09:00
Xray History,1900.0,0.0,success,True,2026-08-19T20:45:48.837053+09:00
Xray Hotline,,,failed,False,2026-08-19T21:03:41.880915+09:00
Xray Hub,70.0,1.0,success,False,2026-08-17T23:04:27.580981+09:00
Xray Identifier,,,failed,False,2026-08-23T13:07:39.256451+09:00
Xray Incentive,,,failed,False,2026-08-27T21:13:01.722363+09:00
Xray Index,,,failed,False,2026-08-19T21:32:17.835679+09:00
Xray Insight,,,failed,False,2026-08-17T23:12:02.312580+09:00
Xray Installment,,,failed,False,2026-08-23T16:16:43.466007+09:00
Xray Item,,,failed,False,2026-08-21T01:59:10.014934+09:00
Xray Journal,40.0,1.0,success,False,2026-08-18T23:52:26.670134+09:00
Xray Keeper,,,failed,False,2026-08-17T23:25:33.384672+09:00
Xray Kit,70.0,47.0,success,False,2026-08-27T22:46:02.765409+09:00
Xray Lab,9900.0,3.0,success,False,2026-08-17T23:32:34.743858+09:00
Xray Label,260.0,3.0,success,False,2026-08-27T22:07:09.283408+09:00
Xray Ledger,,,failed,False,2026-08-17T23:32:02.596672+09:00
Xray Lens,480.0,3.0,success,False,2026-08-17T23:31:23.198788+09:00
Xray Level,,,failed,False,2026-08-19T20:46:00.045081+09:00
Xray Link,90.0,3.0,success,False,2026-08-23T03:19:21.354912+09:00
Xray List,170.0,0.0,success,False,2026-08-19T21:50:21.596797+09:00
Xray Loan,,,failed,False,2026-08-21T02:06:11.713342+09:00
Xray Locator,,,failed,False,2026-08-19T00:05:13.902876+09:00
Xray Lock,30.0,0.0,success,False,2026-08-17T23:31:10.385394+09:00
Xray Log,320.0,4.0,success,False,2026-08-19T13:25:04.340704+09:00
Xray Loop,,,failed,False,2026-08-17T23:30:16.319777+09:00
Xray Manager,10.0,3.0,success,False,2026-08-17T23:08:46.290392+09:00
Xray Manual,210.0,0.0,success,False,2026-08-27T22:07:14.755817+09:00
Xray Map,210.0,0.0,success,False,2026-08-17T23:07:47.336176+09:00
Xray Marker,5400.0,100.0,success,False,2026-08-23T13:27:54.146441+09:00
Xray Markup,,,failed,False,2026-08-23T16:40:19.270826+09:00
Xray Memo,,,failed,False,2026-08-21T00:33:10.095062+09:00
Xray Message,,,failed,False,2026-08-27T23:11:34.108403+09:00
Xray Meter,110.0,46.0,success,False,2026-08-17T23:09:09.172246+09:00
Xray Metrics,30.0,0.0,success,False,2026-08-17T23:26:50.492047+09:00
Xray Monitor,1000.0,1.0,success,False,2026-08-17T23:26:34.514876+09:00
Xray Navigator,,,failed,False,2026-08-17T23:13:43.600383+09:00
Xray Nexus,,,failed,False,2026-08-17T23:07:02.817989+09:00
Xray Node,20.0,0.0,success,False,2026-08-17T23:12:20.668668+09:00
Xray Note,,,failed,False,2026-08-19T13:26:40.628357+09:00
Xray Notification,,,failed,False,2026-08-27T22:45:58.509654+09:00
Xray Number,90.0,2.0,success,False,2026-08-23T03:19:19.103854+09:00
Xray Office,110.0,20.0,success,False,2026-08-19T00:05:29.382308+09:00
Xray Ops,,,failed,False,2026-08-17T23:27:34.340862+09:00
Xray Order,90.0,7.0,success,False,2026-08-19T21:49:35.357194+09:00
Xray Organizer,,,failed,False,2026-08-17T23:04:48.646277+09:00
Xray Overdraft,,,failed,False,2026-08-23T15:52:46.857399+09:00
Xray Overdue,,,failed,False,2026-08-27T21:45:59.200970+09:00
Xray Panel,720.0,8.0,success,False,2026-08-17T23:14:22.352504+09:00
Xray Path,10.0,0.0,success,False,2026-08-17T23:30:45.182553+09:00
Xray Payoff,,,failed,False,2026-08-27T21:46:01.626926+09:00
Xray Petition,,,failed,False,2026-08-21T01:07:33.646226+09:00
Xray Pilot,,,failed,False,2026-08-17T23:28:17.323230+09:00
Xray Plan,20.0,0.0,success,False,2026-08-21T01:59:20.402285+09:00
Xray Planner,,,failed,False,2026-08-17T23:10:28.342550+09:00
Xray Playbook,,,failed,False,2026-08-18T23:52:26.670134+09:00
Xray Point,,,failed,False,2026-08-17T23:13:01.440927+09:00
Xray Portal,140.0,0.0,success,False,2026-08-17T23:07:30.676472+09:00
Xray Preview,,,failed,False,2026-08-28T01:05:28.825650+09:00
Xray Profile,50.0,0.0,success,False,2026-08-19T13:27:09.579518+09:00
Xray Proposal,,,failed,False,2026-08-28T01:05:31.519640+09:00
Xray Pulse,,,failed,False,2026-08-17T23:30:30.158673+09:00
Xray Quota,,,failed,False,2026-08-21T00:33:14.863078+09:00
Xray Radar,50.0,8.0,success,False,2026-08-17T23:28:37.439215+09:00
Xray Rail,,,failed,False,2026-08-17T23:10:45.795183+09:00
Xray Rate,720.0,2.0,success,False,2026-08-19T20:46:04.507912+09:00
Xray Recap,10.0,0.0,success,False,2026-08-21T01:07:45.419245+09:00
Xray Receipt,720.0,0.0,success,False,2026-08-19T21:49:58.938963+09:00
Xray Recorder,,,failed,False,2026-08-27T23:33:44.180907+09:00
Xray Register,,,failed,False,2026-08-17T23:08:25.865498+09:00
Xray Registry,20.0,0.0,success,False,2026-08-18T23:52:26.670134+09:00
Xray Relay,10.0,0.0,success,False,2026-08-17T23:06:22.536636+09:00
Xray Reminder,,,failed,False,2026-08-19T21:32:10.645735+09:00
Xray Report,4400.0,1.0,success,False,2026-08-19T13:24:58.997710+09:00
Xray Repository,20.0,9.0,success,False,2026-08-27T23:11:44.740129+09:00
Xray Result,4400.0,0.0,success,True,2026-08-28T00:47:24.969957+09:00
Xray Roadmap,,,failed,False,2026-08-18T23:52:26.670134+09:00
Xray Roster,,,failed,False,2026-08-19T00:36:36.073889+09:00
Xray Route,10.0,0.0,success,False,2026-08-17T23:03:34.150622+09:00
Xray Rule,,,failed,False,2026-08-23T03:19:24.648506+09:00
Xray Sale,90.0,18.0,success,False,2026-08-21T02:22:28.218601+09:00
Xray Sample,390.0,0.0,success,False,2026-08-19T21:51:07.578329+09:00
Xray Scale,590.0,0.0,success,False,2026-08-17T23:33:40.972373+09:00
Xray Scheduler,,,failed,False,2026-08-17T23:26:20.273293+09:00
Xray Scope,140.0,0.0,success,False,2026-08-17T23:04:09.987003+09:00
Xray Score,,,failed,False,2026-08-19T13:26:15.412219+09:00
Xray Sentry,,,failed,False,2026-08-17T23:14:01.287138+09:00
Xray Sheet,6600.0,2.0,success,False,2026-08-19T13:25:55.543115+09:00
Xray Signal,,,failed,False,2026-08-17T23:09:52.206266+09:00
Xray Slip,,,failed,False,2026-08-19T21:50:54.613076+09:00
Xray Slot,,,failed,False,2026-08-19T21:51:16.066048+09:00
Xray Snapshot,,,failed,False,2026-08-18T23:52:26.670134+09:00
Xray Statement,,,failed,False,2026-08-21T00:32:54.976982+09:00
Xray Station,,,failed,False,2026-08-17T23:05:34.845009+09:00
Xray Status,140.0,0.0,success,False,2026-08-19T20:45:35.048925+09:00
Xray Stub,,,failed,False,2026-08-21T00:32:50.317142+09:00
Xray Studio,170.0,2.0,success,False,2026-08-17T23:11:05.439479+09:00
Xray Subsidy,,,failed,False,2026-08-23T15:52:48.928193+09:00
Xray Suite,40.0,1.0,success,False,2026-08-17T23:25:51.814430+09:00
Xray Sum,,,failed,False,2026-08-21T02:22:10.235863+09:00
Xray Summary,,,failed,False,2026-08-19T21:31:56.342454+09:00
Xray Sync,,,failed,False,2026-08-17T23:10:08.054607+09:00
Xray Tab,480.0,8.0,success,False,2026-08-21T00:33:28.430853+09:00
Xray Table,1300.0,43.0,success,False,2026-08-19T21:50:33.278837+09:00
Xray Tag,320.0,6.0,success,False,2026-08-19T13:27:02.036577+09:00
Xray Tally,,,failed,False,2026-08-21T00:32:59.208813+09:00
Xray Tariff,,,failed,False,2026-08-21T02:39:07.071635+09:00
Xray Tax,,,failed,False,2026-08-21T02:06:07.596179+09:00
Xray Ticket,,,failed,False,2026-08-19T21:32:26.609245+09:00
Xray Timeline,140.0,0.0,success,False,2026-08-19T21:32:03.032645+09:00
Xray Timer,50.0,0.0,success,False,2026-08-28T00:24:17.222604+09:00
Xray Toll,,,failed,False,2026-08-21T02:39:01.824838+09:00
Xray Toolbox,,,failed,False,2026-08-28T00:24:22.351196+09:00
Xray Toolkit,,,failed,False,2026-08-18T23:52:26.670134+09:00
Xray Total,,,failed,False,2026-08-27T23:11:39.748613+09:00
Xray Tracker,,,failed,False,2026-08-17T23:27:48.723968+09:00
Xray Trail,,,failed,False,2026-08-17T23:23:57.574570+09:00
Xray Trend,,,failed,False,2026-08-28T01:05:22.748209+09:00
Xray Trial,10.0,29.0,success,False,2026-08-27T21:12:59.208111+09:00
Xray Unit,320.0,32.0,success,False,2026-08-21T01:59:17.074164+09:00
Xray Update,90.0,3.0,success,False,2026-08-19T20:46:08.912085+09:00
Xray Vault,,,failed,False,2026-08-17T23:28:54.506937+09:00
Xray Version,320.0,0.0,success,False,2026-08-23T03:19:19.103854+09:00
Xray View,3600.0,28.0,success,False,2026-08-19T20:45:40.802029+09:00
Xray Voucher,,,failed,False,2026-08-21T00:32:40.998784+09:00
Xray Wallet,70.0,4.0,success,False,2026-08-27T22:46:05.352618+09:00
Xray Watch,90.0,2.0,success,False,2026-08-17T23:30:03.516281+09:00
Xray Wave,5400.0,0.0,success,True,2026-08-17T23:05:59.212452+09:00
Xray Widget,,,failed,False,2026-08-27T23:11:42.330738+09:00
Xray Workbench,,,failed,False,2026-08-18T23:52:26.670134+09:00
Xray Workshop,,,failed,False,2026-08-28T00:24:17.222604+09:00
Xray Zone,,,failed,False,2026-08-17T23:33:00.502135+09:00
Yield Advance,,,failed,False,2026-08-23T16:11:52.886405+09:00
Yield Allowance,,,failed,False,2026-08-21T02:39:52.714819+09:00
Yield Almanac,,,failed,False,2026-08-18T22:06:05.649081+09:00
Yield Analyzer,,,failed,False,2026-08-27T23:51:54.683905+09:00
Yield Anchor,,,failed,False,2026-08-17T20:35:50.076535+09:00
Yield Announcement,,,failed,False,2026-08-27T23:31:53.599891+09:00
Yield Assistant,,,failed,False,2026-08-17T23:12:45.983083+09:00
Yield Atlas,,,failed,False,2026-08-17T20:38:24.877008+09:00
Yield Badge,,,failed,False,2026-08-21T00:28:11.670318+09:00
Yield Balance,,,failed,False,2026-08-23T13:45:36.815787+09:00
Yield Base,30.0,0.0,success,False,2026-08-17T20:35:08.080059+09:00
Yield Beacon,,,failed,False,2026-08-17T20:39:32.550443+09:00
Yield Bill,,,failed,False,2026-08-19T21:50:15.861548+09:00
Yield Blueprint,,,failed,False,2026-08-18T22:05:57.658157+09:00
Yield Board,10.0,0.0,success,False,2026-08-17T20:32:07.300250+09:00
Yield Book,880.0,5.0,success,False,2026-08-19T21:51:13.518825+09:00
Yield Bridge,90.0,0.0,success,False,2026-08-17T20:36:48.387810+09:00
Yield Brief,,,failed,False,2026-08-21T01:01:09.555377+09:00
Yield Bulletin,,,failed,False,2026-08-21T01:01:05.241118+09:00
Yield Calculator,8100.0,5.0,success,False,2026-08-27T23:31:58.292490+09:00
Yield Calendar,,,failed,False,2026-08-18T23:58:57.268328+09:00
Yield Card,20.0,0.0,success,False,2026-08-19T13:20:50.883072+09:00
Yield Cascade,,,failed,False,2026-08-17T20:37:47.401646+09:00
Yield Cash,,,failed,False,2026-08-21T02:23:45.182895+09:00
Yield Cashback,,,failed,False,2026-08-27T21:14:09.355453+09:00
Yield Catalog,,,failed,False,2026-08-19T21:07:51.410434+09:00
Yield Center,30.0,4.0,success,False,2026-08-17T20:41:35.724700+09:00
Yield Chain,10.0,0.0,success,False,2026-08-18T07:52:23.466246+09:00
Yield Charge,,,failed,False,2026-08-21T02:39:41.486000+09:00
Yield Chart,210.0,2.0,success,False,2026-08-19T12:23:40.274403+09:00
Yield Check,30.0,0.0,success,False,2026-08-19T13:21:40.944519+09:00
Yield Checker,,,failed,False,2026-08-27T23:51:48.203996+09:00
Yield Checklist,,,failed,False,2026-08-19T21:06:57.837919+09:00
Yield Cockpit,,,failed,False,2026-08-17T23:04:56.078956+09:00
Yield Code,10.0,2.0,success,False,2026-08-19T21:50:41.490993+09:00
Yield Codex,,,failed,False,2026-08-18T22:06:25.984558+09:00
Yield Companion,,,failed,False,2026-08-17T23:10:52.063537+09:00
Yield Comparison,140.0,1.0,success,False,2026-08-28T01:03:06.788782+09:00
Yield Compass,,,failed,False,2026-08-17T20:40:26.535789+09:00
Yield Compendium,,,failed,False,2026-08-18T22:06:14.738388+09:00
Yield Confirmation,,,failed,False,2026-08-21T01:01:22.274781+09:00
Yield Console,,,failed,False,2026-08-17T20:39:09.333217+09:00
Yield Converter,10.0,0.0,success,False,2026-08-27T23:32:01.853038+09:00
Yield Core,,,failed,False,2026-08-17T20:34:16.019094+09:00
Yield Cost,2400.0,1.0,success,False,2026-08-21T02:07:41.553019+09:00
Yield Count,10.0,0.0,success,False,2026-08-27T22:44:08.062899+09:00
Yield Counter,,,failed,False,2026-08-18T23:59:53.624295+09:00
Yield Coupon,260.0,2.0,success,False,2026-08-27T21:14:09.355453+09:00
Yield Dashboard,40.0,2.0,success,False,2026-08-17T23:03:37.118721+09:00
Yield Deal,,,failed,False,2026-08-21T01:51:12.065747+09:00
Yield Debt,10.0,0.0,success,False,2026-08-21T02:23:33.552099+09:00
Yield Deck,,,failed,False,2026-08-18T07:51:58.234946+09:00
Yield Depot,,,failed,False,2026-08-18T23:59:34.906916+09:00
Yield Desk,,,failed,False,2026-08-17T20:43:44.073906+09:00
Yield Detail,,,failed,False,2026-08-23T03:14:39.191196+09:00
Yield Detector,,,failed,False,2026-08-27T23:51:51.958622+09:00
Yield Dial,,,failed,False,2026-08-17T20:37:16.947301+09:00
Yield Digest,,,failed,False,2026-08-19T20:39:07.135209+09:00
Yield Directory,,,failed,False,2026-08-18T23:59:06.121375+09:00
Yield Dock,,,failed,False,2026-08-17T20:33:30.325030+09:00
Yield Dossier,,,failed,False,2026-08-21T01:01:25.263035+09:00
Yield Draft,,,failed,False,2026-08-19T20:39:26.869721+09:00
Yield Due,,,failed,False,2026-08-23T15:50:30.977463+09:00
Yield Duty,,,failed,False,2026-08-21T02:39:44.265069+09:00
Yield Endowment,,,failed,False,2026-08-23T15:50:35.558538+09:00
Yield Engine,30.0,1.0,success,False,2026-08-17T23:14:07.437972+09:00
Yield Entry,,,failed,False,2026-08-21T00:58:34.367334+09:00
Yield Estimate,210.0,1.0,success,False,2026-08-19T21:07:40.402937+09:00
Yield Estimator,20.0,39.0,success,False,2026-08-27T23:51:43.048579+09:00
Yield Excerpt,,,failed,False,2026-08-21T00:58:30.042414+09:00
Yield Fare,10.0,0.0,success,False,2026-08-21T02:07:48.773154+09:00
Yield Fee,,,failed,False,2026-08-21T01:50:51.985309+09:00
Yield Feed,,,failed,False,2026-08-19T20:39:18.061361+09:00
Yield File,,,failed,False,2026-08-19T20:38:30.453873+09:00
Yield Finder,140.0,18.0,success,False,2026-08-18T23:59:24.120788+09:00
Yield Fine,,,failed,False,2026-08-23T02:54:52.135987+09:00
Yield Flag,10.0,0.0,success,False,2026-08-21T00:29:02.215162+09:00
Yield Flow,20.0,0.0,success,False,2026-08-17T20:31:33.560642+09:00
Yield Forge,10.0,0.0,success,False,2026-08-17T20:38:36.286112+09:00
Yield Form,30.0,0.0,success,False,2026-08-19T13:28:08.778125+09:00
Yield Frame,,,failed,False,2026-08-17T20:36:06.570384+09:00
Yield Fund,260.0,27.0,success,False,2026-08-21T02:23:37.293511+09:00
Yield Gate,,,failed,False,2026-08-17T20:40:15.034726+09:00
Yield Generator,70.0,1.0,success,False,2026-08-27T23:32:01.853038+09:00
Yield Giveaway,,,failed,False,2026-08-27T21:14:16.452058+09:00
Yield Grade,,,failed,False,2026-08-21T00:28:39.996166+09:00
Yield Graph,140.0,1.0,success,False,2026-08-27T22:08:02.909734+09:00
Yield Grid,,,failed,False,2026-08-18T07:43:35.299259+09:00
Yield Guarantee,20.0,0.0,success,False,2026-08-28T01:03:11.397241+09:00
Yield Guard,10.0,0.0,success,False,2026-08-17T20:34:40.569545+09:00
Yield Guardian,,,failed,False,2026-08-28T00:22:11.514597+09:00
Yield Guidebook,,,failed,False,2026-08-18T22:05:40.235062+09:00
Yield Helpdesk,,,failed,False,2026-08-27T22:44:08.062899+09:00
Yield Helper,,,failed,False,2026-08-28T00:22:15.974518+09:00
Yield History,30.0,0.0,success,False,2026-08-19T20:38:22.141016+09:00
Yield Hotline,,,failed,False,2026-08-19T21:08:00.939328+09:00
Yield Hub,140.0,0.0,success,False,2026-08-18T07:43:49.584727+09:00
Yield Identifier,,,failed,False,2026-08-23T13:04:45.223955+09:00
Yield Incentive,,,failed,False,2026-08-27T21:14:11.708321+09:00
Yield Index,90.0,2.0,success,False,2026-08-19T21:07:11.433627+09:00
Yield Insight,30.0,2.0,success,False,2026-08-17T23:10:33.409769+09:00
Yield Interest,320.0,4.0,success,False,2026-08-23T13:45:36.815787+09:00
Yield Item,,,failed,False,2026-08-21T01:50:57.666770+09:00
Yield Journal,,,failed,False,2026-08-18T22:05:21.769406+09:00
Yield Keeper,,,failed,False,2026-08-17T20:36:35.862750+09:00
Yield Lab,720.0,4.0,success,False,2026-08-17T20:44:09.032273+09:00
Yield Label,10.0,1.0,success,False,2026-08-27T22:08:06.352004+09:00
Yield Ledger,,,failed,False,2026-08-17T20:33:18.087238+09:00
Yield Lens,,,failed,False,2026-08-17T20:37:03.531282+09:00
Yield Level,20.0,0.0,success,False,2026-08-19T20:38:39.383467+09:00
Yield Link,30.0,2.0,success,False,2026-08-23T03:19:15.336839+09:00
Yield List,10.0,0.0,success,False,2026-08-19T21:50:52.634082+09:00
Yield Loan,210.0,8.0,success,False,2026-08-21T02:08:03.839367+09:00
Yield Locator,,,failed,False,2026-08-18T23:59:14.499030+09:00
Yield Lock,40.0,88.0,success,False,2026-08-17T20:38:53.767345+09:00
Yield Log,,,failed,False,2026-08-19T13:28:00.720814+09:00
Yield Loop,10.0,0.0,success,False,2026-08-17T20:31:46.547401+09:00
Yield Manager,480.0,4.0,success,False,2026-08-17T20:35:38.392873+09:00
Yield Manual,,,failed,False,2026-08-27T22:08:06.352004+09:00
Yield Map,390.0,3.0,success,False,2026-08-17T20:38:03.705761+09:00
Yield Marker,,,failed,False,2026-08-23T13:26:27.447056+09:00
Yield Markup,,,failed,False,2026-08-23T16:37:34.255373+09:00
Yield Memo,,,failed,False,2026-08-21T00:28:46.684495+09:00
Yield Meter,,,failed,False,2026-08-17T20:36:17.521162+09:00
Yield Metrics,20.0,0.0,success,False,2026-08-17T23:09:15.899406+09:00
Yield Monitor,480.0,5.0,success,False,2026-08-17T23:14:25.326532+09:00
Yield Navigator,,,failed,False,2026-08-17T23:12:08.094400+09:00
Yield Nexus,10.0,0.0,success,False,2026-08-17T20:39:20.129592+09:00
Yield Node,480.0,3.0,success,False,2026-08-17T20:41:01.819842+09:00
Yield Note,70.0,6.0,success,False,2026-08-19T13:22:09.591180+09:00
Yield Notification,,,failed,False,2026-08-27T22:46:02.765409+09:00
Yield Number,30.0,0.0,success,False,2026-08-23T03:19:08.908804+09:00
Yield Office,,,failed,False,2026-08-18T23:59:44.805528+09:00
Yield Ops,,,failed,False,2026-08-17T23:05:17.262710+09:00
Yield Order,,,failed,False,2026-08-19T21:50:02.656663+09:00
Yield Organizer,,,failed,False,2026-08-17T22:48:03.176041+09:00
Yield Overage,,,failed,False,2026-08-27T21:46:15.571619+09:00
Yield Overdraft,,,failed,False,2026-08-23T15:50:33.287746+09:00
Yield Overdue,,,failed,False,2026-08-27T21:46:13.321425+09:00
Yield Panel,10.0,0.0,success,False,2026-08-17T20:38:12.491374+09:00
Yield Pass,10.0,0.0,success,False,2026-08-21T00:27:55.902205+09:00
Yield Path,,,failed,False,2026-08-17T20:40:36.395454+09:00
Yield Penalty,20.0,0.0,success,False,2026-08-23T16:37:31.309501+09:00
Yield Petition,,,failed,False,2026-08-21T01:01:17.697392+09:00
Yield Pilot,20.0,1.0,success,False,2026-08-17T20:44:29.668652+09:00
Yield Plan,10.0,6.0,success,False,2026-08-21T01:51:06.981175+09:00
Yield Planner,,,failed,False,2026-08-17T23:08:54.682716+09:00
Yield Playbook,,,failed,False,2026-08-18T22:05:13.758359+09:00
Yield Point,27100.0,0.0,success,True,2026-08-17T20:39:49.091027+09:00
Yield Portal,40.0,9.0,success,False,2026-08-17T20:40:01.743309+09:00
Yield Preview,,,failed,False,2026-08-28T01:03:06.788782+09:00
Yield Profile,,,failed,False,2026-08-19T13:23:10.003028+09:00
Yield Profit,110.0,0.0,success,False,2026-08-23T02:54:45.895962+09:00
Yield Proposal,,,failed,False,2026-08-28T01:03:11.397241+09:00
Yield Pulse,10.0,0.0,success,False,2026-08-17T20:42:11.427186+09:00
Yield Queue,,,failed,False,2026-08-19T21:07:31.125995+09:00
Yield Quota,,,failed,False,2026-08-21T00:28:53.322616+09:00
Yield Radar,,,failed,False,2026-08-17T20:42:47.401639+09:00
Yield Rail,,,failed,False,2026-08-17T20:32:21.226449+09:00
Yield Rank,,,failed,False,2026-08-28T00:46:16.444390+09:00
Yield Rate,2400.0,1.0,success,False,2026-08-19T20:38:50.239529+09:00
Yield Recap,,,failed,False,2026-08-21T00:59:23.990159+09:00
Yield Receipt,,,failed,False,2026-08-19T21:50:26.967968+09:00
Yield Recorder,,,failed,False,2026-08-27T23:32:06.818889+09:00
Yield Register,,,failed,False,2026-08-17T23:06:48.111245+09:00
Yield Registry,,,failed,False,2026-08-18T22:05:47.884963+09:00
Yield Relay,,,failed,False,2026-08-17T20:42:00.146835+09:00
Yield Reminder,,,failed,False,2026-08-19T21:06:47.923280+09:00
Yield Report,320.0,1.0,success,False,2026-08-19T13:27:53.720083+09:00
Yield Roadmap,,,failed,False,2026-08-18T22:06:35.395449+09:00
Yield Route,,,failed,False,2026-08-17T20:34:23.568448+09:00
Yield Rule,70.0,0.0,success,False,2026-08-23T03:19:19.103854+09:00
Yield Sale,,,failed,False,2026-08-21T02:23:48.995246+09:00
Yield Sample,,,failed,False,2026-08-19T21:51:30.988224+09:00
Yield Scale,,,failed,False,2026-08-17T20:35:19.683482+09:00
Yield Scheduler,,,failed,False,2026-08-17T23:07:32.474026+09:00
Yield Scope,,,failed,False,2026-08-17T20:32:57.689274+09:00
Yield Score,,,failed,False,2026-08-19T13:21:55.310171+09:00
Yield Sentry,,,failed,False,2026-08-17T20:37:32.011303+09:00
Yield Sheet,20.0,0.0,success,False,2026-08-19T13:20:58.742668+09:00
Yield Shortfall,,,failed,False,2026-08-27T21:46:18.010185+09:00
Yield Signal,74000.0,22.0,success,False,2026-08-17T20:34:51.045190+09:00
Yield Signature,,,failed,False,2026-08-23T13:26:22.288872+09:00
Yield Slip,,,failed,False,2026-08-19T21:51:23.149370+09:00
Yield Slot,10.0,0.0,success,False,2026-08-19T21:51:45.660208+09:00
Yield Snapshot,,,failed,False,2026-08-18T22:05:32.001911+09:00
Yield Stage,,,failed,False,2026-08-28T00:46:12.619703+09:00
Yield Stake,,,failed,False,2026-08-23T02:54:50.074152+09:00
Yield Stamp,,,failed,False,2026-08-23T13:26:30.213560+09:00
Yield Statement,40.0,0.0,success,False,2026-08-21T00:28:23.086581+09:00
Yield Station,10.0,0.0,success,False,2026-08-17T20:43:15.863986+09:00
Yield Status,,,failed,False,2026-08-19T20:38:03.591827+09:00
Yield Streak,,,failed,False,2026-08-28T00:46:12.619703+09:00
Yield Stub,,,failed,False,2026-08-21T00:28:17.964653+09:00
Yield Studio,720.0,39.0,success,False,2026-08-18T07:51:58.234946+09:00
Yield Subsidy,,,failed,False,2026-08-23T15:50:35.558538+09:00
Yield Suite,,,failed,False,2026-08-17T23:05:41.457486+09:00
Yield Sum,,,failed,False,2026-08-21T02:23:31.419607+09:00
Yield Summary,,,failed,False,2026-08-19T21:06:30.155036+09:00
Yield Surtax,,,failed,False,2026-08-23T15:50:38.471158+09:00
Yield Sync,,,failed,False,2026-08-17T20:32:44.310093+09:00
Yield Tab,,,failed,False,2026-08-21T00:29:07.557420+09:00
Yield Table,110.0,0.0,success,False,2026-08-19T21:51:01.436792+09:00
Yield Tag,,,failed,False,2026-08-19T13:22:55.768758+09:00
Yield Tally,,,failed,False,2026-08-21T00:28:32.365756+09:00
Yield Tariff,,,failed,False,2026-08-21T02:39:54.831624+09:00
Yield Tax,30.0,1.0,success,False,2026-08-21T02:07:58.916446+09:00
Yield Ticket,,,failed,False,2026-08-19T21:07:21.562422+09:00
Yield Tier,,,failed,False,2026-08-28T00:46:16.444390+09:00
Yield Timeline,,,failed,False,2026-08-19T21:06:39.226294+09:00
Yield Token,70.0,3.0,success,False,2026-08-23T13:26:19.905298+09:00
Yield Toll,,,failed,False,2026-08-21T02:39:49.190275+09:00
Yield Toolbox,,,failed,False,2026-08-28T00:22:11.514597+09:00
Yield Toolkit,,,failed,False,2026-08-18T22:05:02.516248+09:00
Yield Total,320.0,1.0,success,False,2026-08-27T23:10:05.739440+09:00
Yield Tracker,90.0,4.0,success,False,2026-08-17T20:33:47.539654+09:00
Yield Trail,,,failed,False,2026-08-18T07:52:23.466246+09:00
Yield Trend,30.0,3.0,success,False,2026-08-28T01:03:04.018813+09:00
Yield Trial,20.0,0.0,success,False,2026-08-27T21:14:11.708321+09:00
Yield Unit,90.0,0.0,success,False,2026-08-21T01:51:00.424955+09:00
Yield Update,,,failed,False,2026-08-19T20:38:59.819787+09:00
Yield Value,390.0,0.0,success,False,2026-08-23T02:54:48.016404+09:00
Yield Vault,30.0,4.0,success,False,2026-08-17T20:41:09.985510+09:00
Yield Version,,,failed,False,2026-08-23T03:19:12.816359+09:00
Yield View,,,failed,False,2026-08-19T20:38:12.818207+09:00
Yield Voucher,,,failed,False,2026-08-21T00:28:00.116915+09:00
Yield Watch,20.0,0.0,success,False,2026-08-17T20:34:01.116253+09:00
Yield Wave,,,failed,False,2026-08-17T20:41:20.787117+09:00
Yield Widget,,,failed,False,2026-08-27T23:10:05.739440+09:00
Yield Workbench,,,failed,False,2026-08-18T22:04:51.222507+09:00
Yield Worksheet,210.0,0.0,success,False,2026-08-27T22:08:10.673360+09:00
Yield Workshop,,,failed,False,2026-08-28T00:22:09.034750+09:00
Yield Zone,50.0,0.0,success,False,2026-08-17T20:40:48.754907+09:00
Zoning Advisory,,,failed,False,2026-08-21T01:02:14.395969+09:00
Zoning Allowance,,,failed,False,2026-08-21T02:42:41.863985+09:00
Zoning Almanac,,,failed,False,2026-08-18T22:05:40.235062+09:00
Zoning Analyzer,,,failed,False,2026-08-27T23:53:07.557701+09:00
Zoning Anchor,,,failed,False,2026-08-17T21:32:47.122898+09:00
Zoning Announcement,,,failed,False,2026-08-27T23:33:18.763574+09:00
Zoning Assistant,,,failed,False,2026-08-17T23:07:11.054257+09:00
Zoning Atlas,260.0,2.0,success,False,2026-08-17T20:41:01.819842+09:00
Zoning Balance,,,failed,False,2026-08-23T13:45:29.589427+09:00
Zoning Base,,,failed,False,2026-08-17T20:38:03.705761+09:00
Zoning Beacon,,,failed,False,2026-08-17T21:36:54.710856+09:00
Zoning Bill,,,failed,False,2026-08-19T21:57:34.491231+09:00
Zoning Blueprint,,,failed,False,2026-08-18T22:05:32.001911+09:00
Zoning Board,590.0,0.0,success,False,2026-08-17T20:35:08.080059+09:00
Zoning Book,30.0,52.0,success,False,2026-08-19T21:58:24.385772+09:00
Zoning Bridge,,,failed,False,2026-08-17T21:33:42.291802+09:00
Zoning Brief,,,failed,False,2026-08-21T01:00:16.070819+09:00
Zoning Bulletin,,,failed,False,2026-08-21T01:00:11.561504+09:00
Zoning Cabinet,,,failed,False,2026-08-27T23:11:19.629691+09:00
Zoning Calculator,10.0,0.0,success,False,2026-08-27T23:33:18.763574+09:00
Zoning Calendar,10.0,0.0,success,False,2026-08-19T00:02:34.221000+09:00
Zoning Card,,,failed,False,2026-08-19T13:27:53.720083+09:00
Zoning Cascade,,,failed,False,2026-08-17T21:34:50.586670+09:00
Zoning Cash,,,failed,False,2026-08-21T02:26:10.275506+09:00
Zoning Catalog,,,failed,False,2026-08-19T21:11:34.990271+09:00
Zoning Category,90.0,0.0,success,False,2026-08-23T13:10:03.956535+09:00
Zoning Center,,,failed,False,2026-08-18T07:52:37.222006+09:00
Zoning Chain,,,failed,False,2026-08-17T20:45:24.269018+09:00
Zoning Charge,,,failed,False,2026-08-21T02:42:30.088898+09:00
Zoning Check,880.0,3.0,success,False,2026-08-19T13:28:08.778125+09:00
Zoning Checker,,,failed,False,2026-08-27T23:52:57.703687+09:00
Zoning Checklist,10.0,0.0,success,False,2026-08-19T21:10:39.923410+09:00
Zoning Circular,,,failed,False,2026-08-21T01:02:12.129826+09:00
Zoning Cockpit,,,failed,False,2026-08-17T23:15:30.972429+09:00
Zoning Code,590.0,0.0,success,False,2026-08-19T21:57:56.725251+09:00
Zoning Codex,,,failed,False,2026-08-18T22:05:57.658157+09:00
Zoning Companion,,,failed,False,2026-08-17T23:04:56.078956+09:00
Zoning Comparison,,,failed,False,2026-08-28T01:02:01.499945+09:00
Zoning Compass,,,failed,False,2026-08-17T21:38:03.717082+09:00
Zoning Compendium,,,failed,False,2026-08-18T22:05:50.321080+09:00
Zoning Confirmation,,,failed,False,2026-08-21T01:00:33.906602+09:00
Zoning Console,,,failed,False,2026-08-17T21:36:26.445152+09:00
Zoning Core,,,failed,False,2026-08-17T20:37:05.313557+09:00
Zoning Cost,10.0,6.0,success,False,2026-08-21T02:09:26.864571+09:00
Zoning Counter,30.0,1.0,success,False,2026-08-18T23:57:02.622913+09:00
Zoning Dashboard,,,failed,False,2026-08-17T23:10:35.067749+09:00
Zoning Deal,,,failed,False,2026-08-21T01:52:20.481419+09:00
Zoning Debt,,,failed,False,2026-08-21T02:26:02.985234+09:00
Zoning Deck,,,failed,False,2026-08-17T20:34:17.127214+09:00
Zoning Depot,,,failed,False,2026-08-19T00:03:04.417889+09:00
Zoning Desk,,,failed,False,2026-08-17T20:31:33.560642+09:00
Zoning Detail,,,failed,False,2026-08-23T03:23:25.330676+09:00
Zoning Detector,,,failed,False,2026-08-27T23:53:00.851680+09:00
Zoning Diagram,2400.0,0.0,success,True,2026-08-27T22:08:06.352004+09:00
Zoning Dial,,,failed,False,2026-08-17T21:34:17.965302+09:00
Zoning Digest,,,failed,False,2026-08-19T20:41:59.995024+09:00
Zoning Directory,,,failed,False,2026-08-19T00:02:39.195734+09:00
Zoning Dock,,,failed,False,2026-08-17T20:48:44.119140+09:00
Zoning Dossier,,,failed,False,2026-08-21T01:00:38.610881+09:00
Zoning Draft,,,failed,False,2026-08-19T20:42:14.870990+09:00
Zoning Due,,,failed,False,2026-08-23T15:50:26.316180+09:00
Zoning Duty,,,failed,False,2026-08-21T02:42:34.441538+09:00
Zoning Endowment,,,failed,False,2026-08-23T15:50:30.977463+09:00
Zoning Engine,,,failed,False,2026-08-17T23:12:18.901964+09:00
Zoning Entry,,,failed,False,2026-08-21T01:00:48.316316+09:00
Zoning Estimate,,,failed,False,2026-08-19T21:11:23.723554+09:00
Zoning Excerpt,,,failed,False,2026-08-21T01:02:25.178710+09:00
Zoning Extension,,,failed,False,2026-08-23T16:37:34.255373+09:00
Zoning Fare,,,failed,False,2026-08-21T02:09:35.775353+09:00
Zoning Fee,70.0,0.0,success,False,2026-08-21T01:51:56.272630+09:00
Zoning Feed,,,failed,False,2026-08-19T20:42:06.894940+09:00
Zoning File,,,failed,False,2026-08-19T20:41:33.167361+09:00
Zoning Finder,,,failed,False,2026-08-19T00:02:56.248931+09:00
Zoning Fine,,,failed,False,2026-08-23T02:57:24.970560+09:00
Zoning Flag,,,failed,False,2026-08-21T00:24:54.126348+09:00
Zoning Flow,,,failed,False,2026-08-17T20:34:40.569545+09:00
Zoning Forge,,,failed,False,2026-08-17T21:35:52.306880+09:00
Zoning Form,40.0,0.0,success,False,2026-08-19T13:27:42.741110+09:00
Zoning Frame,,,failed,False,2026-08-17T20:38:53.767345+09:00
Zoning Fund,,,failed,False,2026-08-21T02:26:06.975454+09:00
Zoning Gate,,,failed,False,2026-08-17T20:42:36.789908+09:00
Zoning Grade,,,failed,False,2026-08-21T00:26:39.162393+09:00
Zoning Grid,,,failed,False,2026-08-17T20:45:48.787557+09:00
Zoning Guarantee,,,failed,False,2026-08-28T01:02:04.540661+09:00
Zoning Guard,,,failed,False,2026-08-17T20:37:32.011303+09:00
Zoning Guardian,,,failed,False,2026-08-28T00:23:02.722044+09:00
Zoning Guidebook,,,failed,False,2026-08-18T22:05:13.758359+09:00
Zoning Helpdesk,,,failed,False,2026-08-27T22:46:05.352618+09:00
Zoning Helper,,,failed,False,2026-08-28T00:23:08.180984+09:00
Zoning History,90.0,0.0,success,False,2026-08-19T20:41:22.304179+09:00
Zoning Hotline,,,failed,False,2026-08-19T21:11:46.371328+09:00
Zoning Hub,20.0,0.0,success,False,2026-08-17T20:33:47.539654+09:00
Zoning Identifier,,,failed,False,2026-08-23T13:10:01.579263+09:00
Zoning Index,,,failed,False,2026-08-19T21:10:50.221080+09:00
Zoning Insight,,,failed,False,2026-08-17T23:08:46.290392+09:00
Zoning Interest,,,failed,False,2026-08-23T13:45:33.532917+09:00
Zoning Item,,,failed,False,2026-08-21T01:52:06.168283+09:00
Zoning Journal,,,failed,False,2026-08-18T22:04:53.198463+09:00
Zoning Keeper,,,failed,False,2026-08-17T20:39:20.129592+09:00
Zoning Kit,140.0,18.0,success,False,2026-08-27T22:45:58.509654+09:00
Zoning Lab,,,failed,False,2026-08-17T20:32:07.300250+09:00
Zoning Label,,,failed,False,2026-08-27T22:08:00.127291+09:00
Zoning Ledger,,,failed,False,2026-08-17T20:36:06.570384+09:00
Zoning Lens,,,failed,False,2026-08-17T20:39:51.023967+09:00
Zoning Level,,,failed,False,2026-08-19T20:41:37.796650+09:00
Zoning Levy,,,failed,False,2026-08-23T13:45:36.815787+09:00
Zoning Link,,,failed,False,2026-08-23T03:23:19.130954+09:00
Zoning List,260.0,0.0,success,False,2026-08-19T21:58:05.672882+09:00
Zoning Loan,,,failed,False,2026-08-21T02:09:44.145059+09:00
Zoning Locator,,,failed,False,2026-08-19T00:02:48.631996+09:00
Zoning Lock,,,failed,False,2026-08-17T20:41:22.469867+09:00
Zoning Log,,,failed,False,2026-08-19T13:27:27.071698+09:00
Zoning Loop,,,failed,False,2026-08-17T20:46:51.703605+09:00
Zoning Manager,10.0,0.0,success,False,2026-08-17T20:38:26.412397+09:00
Zoning Manual,20.0,0.0,success,False,2026-08-27T22:08:00.127291+09:00
Zoning Map,9900.0,1.0,success,False,2026-08-17T20:40:41.186342+09:00
Zoning Margin,,,failed,False,2026-08-23T02:57:21.827227+09:00
Zoning Memo,,,failed,False,2026-08-21T00:26:43.816315+09:00
Zoning Message,,,failed,False,2026-08-27T23:11:17.164347+09:00
Zoning Meter,,,failed,False,2026-08-17T21:33:17.550972+09:00
Zoning Metrics,,,failed,False,2026-08-17T22:48:03.176041+09:00
Zoning Monitor,,,failed,False,2026-08-17T23:08:54.682716+09:00
Zoning Navigator,,,failed,False,2026-08-17T23:10:24.973922+09:00
Zoning Nexus,,,failed,False,2026-08-17T20:41:50.983322+09:00
Zoning Node,,,failed,False,2026-08-17T20:43:32.566232+09:00
Zoning Note,,,failed,False,2026-08-19T13:28:26.877196+09:00
Zoning Notification,,,failed,False,2026-08-27T22:45:55.749339+09:00
Zoning Number,30.0,3.0,success,False,2026-08-23T03:23:15.682212+09:00
Zoning Office,4400.0,5.0,success,False,2026-08-19T00:03:09.712807+09:00
Zoning Ops,,,failed,False,2026-08-17T23:12:11.666158+09:00
Zoning Order,,,failed,False,2026-08-19T21:57:22.115019+09:00
Zoning Organizer,,,failed,False,2026-08-17T23:13:59.220189+09:00
Zoning Overdue,,,failed,False,2026-08-27T21:46:10.871215+09:00
Zoning Panel,390.0,64.0,success,False,2026-08-17T21:35:20.515813+09:00
Zoning Path,,,failed,False,2026-08-17T20:43:05.974432+09:00
Zoning Penalty,,,failed,False,2026-08-23T16:37:28.808486+09:00
Zoning Petition,10.0,0.0,success,False,2026-08-21T01:00:29.585982+09:00
Zoning Pilot,,,failed,False,2026-08-17T20:32:44.310093+09:00
Zoning Plan,2900.0,1.0,success,False,2026-08-21T01:52:17.382086+09:00
Zoning Planner,20.0,19.0,success,False,2026-08-17T23:06:59.361333+09:00
Zoning Playbook,,,failed,False,2026-08-18T22:04:42.771017+09:00
Zoning Point,20.0,0.0,success,False,2026-08-17T20:42:11.427186+09:00
Zoning Portal,90.0,1.0,success,False,2026-08-17T21:37:30.311680+09:00
Zoning Preview,,,failed,False,2026-08-28T01:02:01.499945+09:00
Zoning Profile,10.0,0.0,success,False,2026-08-19T13:28:50.400701+09:00
Zoning Profit,,,failed,False,2026-08-23T02:57:15.173266+09:00
Zoning Proposal,10.0,0.0,success,False,2026-08-28T01:02:04.540661+09:00
Zoning Pulse,,,failed,False,2026-08-17T20:44:45.631544+09:00
Zoning Queue,,,failed,False,2026-08-19T21:11:12.970448+09:00
Zoning Quota,,,failed,False,2026-08-21T00:24:46.055669+09:00
Zoning Radar,,,failed,False,2026-08-18T07:43:49.584727+09:00
Zoning Rail,,,failed,False,2026-08-17T20:47:25.656493+09:00
Zoning Rate,,,failed,False,2026-08-19T20:41:45.467674+09:00
Zoning Recap,,,failed,False,2026-08-21T01:02:23.111892+09:00
Zoning Receipt,,,failed,False,2026-08-19T21:57:44.656511+09:00
Zoning Recorder,,,failed,False,2026-08-27T23:33:24.139257+09:00
Zoning Register,,,failed,False,2026-08-17T23:04:46.904606+09:00
Zoning Registry,,,failed,False,2026-08-18T22:05:21.769406+09:00
Zoning Relay,,,failed,False,2026-08-18T07:43:57.402622+09:00
Zoning Reminder,,,failed,False,2026-08-19T21:10:29.402308+09:00
Zoning Rendering,,,failed,False,2026-08-27T22:28:42.749169+09:00
Zoning Report,260.0,9.0,success,False,2026-08-19T13:27:15.417105+09:00
Zoning Repository,,,failed,False,2026-08-27T23:11:21.967752+09:00
Zoning Roadmap,,,failed,False,2026-08-18T22:06:05.649081+09:00
Zoning Route,,,failed,False,2026-08-17T21:31:00.206645+09:00
Zoning Rule,,,failed,False,2026-08-23T03:23:22.521378+09:00
Zoning Sale,,,failed,False,2026-08-21T02:26:14.215239+09:00
Zoning Sample,,,failed,False,2026-08-19T21:58:41.732793+09:00
Zoning Scale,,,failed,False,2026-08-17T21:32:11.115049+09:00
Zoning Scanner,,,failed,False,2026-08-27T23:53:00.851680+09:00
Zoning Scheduler,,,failed,False,2026-08-17T23:14:07.437972+09:00
Zoning Scope,,,failed,False,2026-08-17T20:48:09.439521+09:00
Zoning Score,,,failed,False,2026-08-19T13:28:15.783876+09:00
Zoning Sentry,,,failed,False,2026-08-17T20:40:17.203996+09:00
Zoning Sheet,70.0,0.0,success,False,2026-08-19T13:28:00.720814+09:00
Zoning Signal,,,failed,False,2026-08-17T21:31:35.848823+09:00
Zoning Slip,,,failed,False,2026-08-19T21:58:34.362639+09:00
Zoning Slot,,,failed,False,2026-08-19T21:58:51.076600+09:00
Zoning Snapshot,,,failed,False,2026-08-18T22:05:02.516248+09:00
Zoning Stake,,,failed,False,2026-08-23T02:57:19.456946+09:00
Zoning Stamp,,,failed,False,2026-08-23T13:26:19.905298+09:00
Zoning Statement,,,failed,False,2026-08-21T00:26:28.007677+09:00
Zoning Station,,,failed,False,2026-08-18T07:52:25.028656+09:00
Zoning Status,30.0,0.0,success,False,2026-08-19T20:41:03.972806+09:00
Zoning Studio,,,failed,False,2026-08-17T20:33:18.087238+09:00
Zoning Suite,,,failed,False,2026-08-17T23:12:27.386442+09:00
Zoning Sum,,,failed,False,2026-08-21T02:25:59.297290+09:00
Zoning Summary,50.0,0.0,success,False,2026-08-19T21:10:07.849360+09:00
Zoning Surtax,,,failed,False,2026-08-23T15:50:33.287746+09:00
Zoning Sync,,,failed,False,2026-08-17T20:35:38.392873+09:00
Zoning Tab,,,failed,False,2026-08-21T00:24:59.301324+09:00
Zoning Table,70.0,0.0,success,False,2026-08-19T21:58:17.004802+09:00
Zoning Tag,,,failed,False,2026-08-19T13:28:41.334086+09:00
Zoning Tally,,,failed,False,2026-08-21T00:26:33.622421+09:00
Zoning Tariff,,,failed,False,2026-08-21T02:42:44.475010+09:00
Zoning Tax,50.0,1.0,success,False,2026-08-21T02:09:39.165114+09:00
Zoning Ticket,,,failed,False,2026-08-19T21:11:02.607888+09:00
Zoning Timeline,,,failed,False,2026-08-19T21:10:18.944671+09:00
Zoning Timer,,,failed,False,2026-08-28T00:23:00.112605+09:00
Zoning Toll,,,failed,False,2026-08-21T02:42:36.894313+09:00
Zoning Toolbox,,,failed,False,2026-08-28T00:23:05.201958+09:00
Zoning Toolkit,50.0,0.0,success,False,2026-08-18T22:04:32.030179+09:00
Zoning Tracker,,,failed,False,2026-08-17T20:36:38.149505+09:00
Zoning Trail,,,failed,False,2026-08-17T20:46:14.149623+09:00
Zoning Trend,,,failed,False,2026-08-28T01:01:58.415917+09:00
Zoning Trial,,,failed,False,2026-08-27T21:14:04.974327+09:00
Zoning Unit,50.0,26.0,success,False,2026-08-21T01:52:08.240457+09:00
Zoning Update,,,failed,False,2026-08-19T20:41:51.151726+09:00
Zoning Vault,,,failed,False,2026-08-17T21:39:28.354494+09:00
Zoning Version,,,failed,False,2026-08-23T03:23:19.130954+09:00
Zoning View,,,failed,False,2026-08-19T20:41:13.496418+09:00
Zoning Watch,,,failed,False,2026-08-17T21:30:27.922058+09:00
Zoning Wave,,,failed,False,2026-08-17T20:43:58.581518+09:00
Zoning Widget,,,failed,False,2026-08-27T23:11:19.629691+09:00
Zoning Workbench,,,failed,False,2026-08-18T22:04:23.726026+09:00
Zoning Worksheet,,,failed,False,2026-08-27T22:08:02.909734+09:00
Zoning Workshop,,,failed,False,2026-08-28T00:23:00.112605+09:00
Zoning Zone,,,failed,False,2026-08-17T21:38:37.304138+09:00
